0.000000000000000000e+00,8.502432948813973823e-01,9.381280064528483287e-01,3.515882075417249564e-02,6.382712056733519379e-01,9.385443265256327994e-01,9.285021943248097376e-01,4.033100234711424203e-01,9.185947195085386596e-01,4.741348194316563069e-01,6.027562800315864333e-01,7.367941582229415864e-01,7.695013678200453011e-01,6.853938050523534775e-01,6.108273424959713704e-01,8.787120945175563858e-01,3.422292447593557885e-01,8.011991273488640042e-01,8.624387669831796721e-01,6.342018259869737218e-01,9.299505381429874484e-01,2.380951599344392766e-01,8.299653194907725684e-01,6.262392812322451485e-01,9.914584696418042853e-01,7.361133976736351503e-01,8.680303313945400001e-01,6.377859351458561310e-01,5.595453112608750335e-01,3.783492402719329517e-01,3.133420775028399885e-01,5.966772678220790826e-01,8.777563077964858351e-01,9.161925117991114309e-01,9.817197362518250703e-01,6.139748398842685972e-01,6.405684501144014442e-01,6.669894893353941479e-01,8.453951543799707036e-01,9.585203741944974265e-01,2.551516861557313609e-01,6.195300962083747365e-01,8.537911553058554759e-01,8.237637880833170723e-01,6.024341379014188647e-01,8.314236005288869746e-01,9.145686661444865084e-01,4.927740698667058550e-01,8.788314658207380115e-01,9.460145549052246805e-01,6.255243617942080059e-01,6.184940340722828722e-01,9.262572502144401643e-01,3.191141918821011059e-01,7.830475959513067963e-01,4.021270026964204880e-01,8.671536088697398004e-01,9.857807855112824535e-01,7.636523643093608982e-01,6.365803277420578610e-01,1.417160969223378308e-01,8.449038394791421602e-01,7.000136721648164695e-01,8.468395948260067918e-01,9.212482798653152116e-01,5.718506620525861672e-01,8.430239881527155088e-01,5.538261709659034748e-01,9.740044441494114524e-01,9.971858614145626687e-01,6.674570437516599286e-01,7.196367470531419563e-01,6.053484046995749601e-01,4.454055773968026988e-01,8.442478502227495074e-01,9.703710102697271633e-01,7.364514969250499643e-01,7.977108139242206075e-01,6.956793446581694962e-01,3.574595812033339870e-01,4.790892174449353780e-01,7.842068726403668144e-01,6.344960996709583245e-01,3.999216262702164348e-01,8.434926201000614299e-01
8.502432948813973823e-01,0.000000000000000000e+00,6.336095295788778392e-01,6.084171384888071854e-01,5.815914245658418968e-01,1.768287412349310861e-01,5.763379786366802371e-01,3.806901620304249390e-01,4.825020391550218779e-01,4.843600207853962503e-01,8.352783353458387294e-01,5.622158062061992645e-01,2.671063796421643266e-01,4.908648629815881570e-01,8.923552685222284619e-01,8.033635959086079525e-01,7.988009243782394631e-01,7.842347877719728633e-01,9.886167954648321654e-01,9.454951837368815726e-01,7.721430513094145187e-01,9.428134447220489767e-01,8.307072300071455251e-01,7.902499142722708703e-01,8.252405847436768971e-01,4.400666752639236234e-01,9.301781553226902144e-01,8.790583244145606656e-01,2.185756093926679300e-01,6.276841152495289400e-01,6.065177434810883339e-01,6.918477057919988349e-01,5.814174818243101894e-01,9.349695286671283467e-01,4.273316824289429827e-01,4.907332707828221396e-01,2.566683648243168747e-01,6.422777323028179275e-01,6.997897160651233017e-01,9.730791820584585583e-01,6.959947464138510620e-01,3.255234992063569255e-01,8.306574231939737318e-01,7.220627951178477666e-01,9.731094037177785427e-01,7.325166306126859039e-01,6.012558529638936111e-01,9.519303050775197450e-01,6.917042223496656650e-01,5.298959367070562587e-01,7.743440716727747475e-01,7.361878998994728640e-01,8.354921978168264873e-01,5.308821009972087834e-01,7.510111876542457932e-01,8.030770785467566952e-01,8.661280555512501644e-01,4.419642814307480072e-01,7.679451346330159467e-01,2.046876712292884648e-02,9.938631171029117528e-01,8.125515586990632588e-01,9.653652263584857618e-01,6.132827836340584149e-01,9.043288389298013152e-01,2.422193928348417014e-01,7.734835849426907606e-01,8.978571215551713891e-01,7.321184091008070549e-02,7.481583053283037410e-01,6.095157082095744583e-01,8.317931240642516544e-01,4.295597521505844507e-01,5.896762194227439524e-01,8.779516921089201009e-01,6.225248246568788613e-01,6.549952894931890812e-01,7.901043689464439801e-01,-4.060437756767576456e-02,6.026577928415828289e-01,8.957012207625945077e-01,8.766580640121294232e-01,9.324490755677452558e-01,7.111475020241173617e-01,2.684077848030680946e-01
9.381280064528483287e-01,6.336095295788778392e-01,0.000000000000000000e+00,7.083056165016712313e-01,8.834337885989493877e-01,8.243479943060227910e-01,6.489636634560014272e-01,7.836830385671750276e-01,6.467512761930447329e-01,5.346142633600857730e-01,7.838529768073416726e-01,9.297143861784622487e-01,6.972873307197602344e-01,3.938716643391181327e-01,9.030298994045212746e-01,8.098156306455401854e-01,9.174696962300068481e-01,2.103970386193984576e-01,9.673909402266013258e-01,6.081883197263200369e-01,8.956894403972647245e-01,5.236288992529866126e-01,7.200614680106118826e-01,6.295997733589741019e-01,7.382053347367372176e-01,7.785167532004945157e-01,9.736258522955805184e-01,9.791755425372694610e-01,4.456145617789718516e-01,6.144071524185027444e-01,6.715774785749466513e-01,8.253572680282267315e-01,8.094958075969111988e-01,7.664415363110318458e-01,9.713681029562440949e-01,4.388169739702286742e-01,3.196491228829347886e-01,6.449811494607902151e-01,8.073156138550220406e-01,7.433739043547733516e-01,6.443201177826263226e-01,8.538947695495221479e-01,8.727385041862133486e-01,8.626033010608977758e-01,9.731525581807309866e-01,8.518984022094360231e-01,7.615972866858875534e-01,9.746877234259849754e-01,3.675709740709903750e-01,8.647685138799878768e-01,9.901505347809009816e-01,1.997841283050780792e-01,9.466703408485216409e-01,9.083088494032057758e-01,7.954371239090616275e-01,7.473021845136849084e-01,7.323422894265940730e-01,6.053640572180450929e-01,8.155449124029133801e-01,4.978546305338368283e-01,4.152930110915229456e-01,2.588070513328571964e-01,5.528104191829418257e-01,6.134111707699106963e-01,9.056823592315016436e-01,9.897458398978510319e-01,7.269629282229504996e-01,9.921220116252745802e-01,9.416172089325399730e-01,4.402178126196478747e-01,9.980988812606722549e-01,8.682694353428141998e-01,6.720804483428917120e-01,3.631083468654010549e-01,9.792749852977822300e-01,8.483797340852394786e-01,7.206957488594535333e-01,8.418698498454141310e-01,4.136654045653092027e-01,2.509068581674322451e-01,7.747359979105725714e-01,9.615370670139026243e-01,5.098172113019588947e-01,8.615587020660380180e-01,5.608061530771402126e-01
3.515882075417249564e-02,6.084171384888071854e-01,7.083056165016712313e-01,0.000000000000000000e+00,8.359410787880392490e-01,6.774005602190739106e-01,3.935463034344840461e-01,6.100158011166025851e-01,9.604219022113684723e-01,5.415034278435546522e-01,6.418216555166644799e-01,7.898048048732468907e-01,7.831542492000984623e-01,5.934161553064278838e-01,4.441060180484614484e-01,8.850664085855557417e-01,4.456641591808283565e-01,4.015210476416294361e-01,9.468972139964841883e-01,6.994171748484925288e-01,1.094435791129868829e-01,6.373415456190706374e-01,7.617079081021489451e-01,5.284008953578955836e-01,7.826243922771853878e-01,6.181346102017506450e-01,6.419813163239587728e-02,6.410003577134858188e-02,5.926044469270438375e-01,5.972055270185485654e-01,5.828995224252779828e-01,4.575260049169327936e-01,6.437535378170082812e-01,8.980352496785063421e-01,8.608090945291444473e-01,6.468487009889780648e-01,6.533663968425716673e-02,2.733065553551144444e-01,9.292064205119200393e-01,5.148992726461965042e-01,7.403143504250992990e-01,9.901640697585365469e-01,3.548101909015897171e-01,6.973900851229114517e-01,9.007039375821161986e-01,6.931678553846807311e-01,9.004484509819407068e-01,6.889283051993826401e-01,6.788595702567294943e-01,9.033215394898383988e-01,7.208081675743656103e-01,8.498882976404412704e-01,9.758406503884309302e-01,7.915249839359569384e-01,4.874757870598320775e-01,8.315557889190309249e-01,7.023603210242213013e-01,7.623373656631521333e-01,4.559927682244482305e-01,7.625759743852613681e-01,4.990369589398484518e-01,6.811632979290755951e-01,9.893194746580979970e-01,5.011502339167185349e-01,9.584853666686727891e-01,9.010323030358550200e-01,9.232677991958166963e-01,7.090558368627677410e-01,7.977815609803360353e-01,8.874877653903193719e-01,4.384973324660690897e-01,8.057772493015809001e-01,7.993038664910585567e-01,5.951963636914956446e-01,5.861481417498355384e-01,6.048501214571957441e-01,4.827900925392676901e-01,4.041950991150908834e-01,2.953808960380944204e-01,7.195057756810362415e-01,5.321112432034587059e-01,9.787064539639701577e-01,5.859562987978381710e-01,1.815487857639480618e-01,7.560691120363697282e-01
6.382712056733519379e-01,5.815914245658418968e-01,8.834337885989493877e-01,8.359410787880392490e-01,0.000000000000000000e+00,6.108138719958279284e-01,9.434990686165339868e-01,6.458030203434680372e-01,6.674092766777552921e-01,6.981715308338509729e-01,6.837085972874038520e-01,7.325015948781006259e-01,4.588459101471647483e-01,9.218203492357018858e-01,4.405539302590957829e-02,-8.145639032417484326e-02,7.284169524263715001e-01,4.824451762673171995e-01,8.653642228308089379e-01,4.132405954525908420e-01,6.392304399069101972e-01,9.553219205955167936e-01,9.036069202086377539e-01,8.578487912992136533e-01,7.841266141178405702e-01,8.089886748411647677e-01,4.855948334789143561e-01,4.309969548048143140e-01,7.813246250500958112e-01,2.853240414549867432e-01,8.596407324196245203e-02,3.107062628934428306e-01,9.318211461675107721e-01,4.225054407051443417e-01,4.779725104668443580e-01,3.776763052490723638e-01,7.000043819989182348e-01,5.331447858947936380e-01,4.323428272558204055e-01,9.993981925681445500e-01,3.068399317305910146e-02,6.664292140916830975e-01,3.273345480004370422e-01,8.706479054529419059e-01,5.005158527767250565e-01,5.030297396490758244e-01,7.119420666659759256e-01,9.296779835867985398e-01,6.716323127345845689e-01,6.342352605334109494e-01,1.534261118116014289e-01,6.343065737718460717e-01,6.679943098636930143e-01,7.515583769317721874e-01,9.168237601551159077e-01,7.800327362120845764e-01,9.844382183876400072e-01,7.156381024390432444e-01,9.041768180054357007e-01,4.787364921205275459e-01,3.445346176953320572e-01,6.203537632243434352e-01,8.516339912657096001e-01,7.254681024163356362e-01,7.502574715833076890e-01,9.186053688218122071e-01,4.190312659926938299e-02,7.666598149902528192e-01,4.400602543236717956e-01,8.752092697052232806e-01,9.359015717861128847e-01,5.651712752475779311e-01,3.503299256649399784e-01,4.629067422495721784e-01,9.115281602633202862e-01,6.650671049817080682e-01,8.456057974373617503e-01,6.211957035111420611e-01,4.313163366883293048e-01,5.202073772228887893e-01,4.064997230446383836e-01,6.619308075021773652e-01,8.605716742271384279e-01,3.154582691614134515e-01,6.167353424134730533e-01
9.385443265256327994e-01,1.768287412349310861e-01,8.243479943060227910e-01,6.774005602190739106e-01,6.108138719958279284e-01,0.000000000000000000e+00,7.348103292449448265e-01,4.555576534372429709e-01,4.589686579617134332e-01,8.323830528654544425e-01,8.618167442510523690e-01,9.686999785546988040e-01,7.312072117619634604e-01,6.947120164814661880e-01,7.823665545122335807e-01,4.791052222880336497e-01,4.052173735314419656e-02,7.338060751649785329e-01,6.675807112083171901e-01,5.235475250092852528e-01,5.847726959490653353e-01,4.418429533917438978e-01,9.302162151838302417e-01,4.719495359372974375e-01,7.947892271690462085e-01,7.492020181249484656e-01,8.783541463828681284e-01,9.628332914263284525e-01,8.033124266178058859e-01,3.013870651323394823e-01,7.872422993030470106e-01,7.583772008683549171e-01,9.122890718861931258e-01,8.329811900564170202e-01,8.678539670698922626e-01,2.070388785965754652e-01,2.848767927578713666e-01,3.568957060179988039e-01,2.283955652976631945e-01,7.329152709790580644e-01,6.807124256215228986e-01,7.448863712483027033e-01,8.695615597436844313e-01,9.393981215280731156e-01,6.956627344397091628e-01,9.979231988858983105e-01,2.847117203557618659e-01,6.466787551651307364e-01,7.391828505545896544e-01,4.147196249742390872e-01,-9.154636843635119425e-02,7.059137420119121487e-01,9.377496235701374694e-01,9.441847901125783871e-01,7.084070097941902455e-01,3.818250430361803116e-01,6.711163338692752722e-01,7.622280647685703014e-01,9.434511937875635912e-01,4.070276862760239256e-01,6.424490769572024362e-01,6.617098137170656091e-01,7.580284098141587545e-01,7.376218810553061278e-01,4.332590983766971826e-01,7.544420475104014479e-01,8.495501345515251712e-01,7.859728533278130813e-01,2.032950703382824797e-01,6.515640938288874695e-01,3.260199679727042721e-01,7.442876649505594244e-01,6.581731545810101114e-01,5.870935191430926015e-01,9.062240369730282241e-01,4.195652443947448657e-02,3.290715658069716110e-01,4.283855673233223360e-01,6.516342859758667005e-01,9.871710162369369546e-02,4.708647238080015951e-01,7.432666030039518645e-01,6.053290602095473538e-01,2.882337957027250042e-01,4.095711166079027410e-01
9.285021943248097376e-01,5.763379786366802371e-01,6.489636634560014272e-01,3.935463034344840461e-01,9.434990686165339868e-01,7.348103292449448265e-01,0.000000000000000000e+00,4.068339305993365351e-01,7.101282078360661165e-01,9.268752089133376337e-01,5.881534352503301477e-01,3.687996632178057732e-01,6.958994815738892559e-01,5.905305731447216822e-01,-5.692675014701609193e-03,5.843136950180733979e-01,7.970142492815748270e-01,3.576307756216365319e-01,4.015841277953090538e-01,7.676578814052790189e-01,6.786632710193996054e-01,7.756221812770717206e-01,5.167262090865427648e-01,7.390327941272171186e-01,6.534147006627060161e-01,6.195622371684724738e-01,6.595243878102623469e-01,6.260660698235186450e-01,4.063251161913894460e-01,7.260524958625740322e-01,5.060911329331685589e-03,6.584618086331526232e-01,5.172095486710244217e-01,7.401194635453846038e-01,5.831430427813735218e-01,6.097108590595502475e-01,3.939761634961850278e-01,1.998415951660775236e-01,7.757640562567944542e-01,6.243380445626635078e-01,2.405030819464260561e-01,1.679149301826443619e-02,9.256460237428189020e-01,2.050986005707375326e-01,5.451817841605951509e-01,6.382400540419775892e-01,5.811034952798151965e-01,3.380029374114486285e-02,6.242069909612623091e-01,6.777541202194994341e-01,4.710968985098977768e-01,3.794524801342347153e-01,6.382460891095892430e-01,6.506704974038206579e-01,8.904568255545834976e-01,2.441789921957428777e-01,7.077547456758714883e-01,2.791913662187163192e-01,7.578031999539303065e-01,5.342079584455550201e-01,7.432116677255033999e-01,9.568984780306518667e-01,2.180078586429787246e-01,7.609919199391511624e-01,6.261773131602120790e-01,2.302969408236208576e-02,4.840345296994866819e-01,8.888348455433023876e-01,5.327404983188366305e-01,5.268397143468261934e-01,6.375877882427594123e-01,7.763355618120325596e-01,5.385574897646494552e-01,2.141203883827396126e-01,9.630402914072856424e-01,1.353793830136748588e-01,7.838299996543895976e-01,5.188369815622196901e-01,6.046896028027743952e-01,2.725008764952037144e-01,1.279394489891852449e-01,7.894438798738370178e-01,5.812172127280113010e-01,7.227080568635858571e-01,5.117751327202733069e-01
4.033100234711424203e-01,3.806901620304249390e-01,7.836830385671750276e-01,6.100158011166025851e-01,6.458030203434680372e-01,4.555576534372429709e-01,4.068339305993365351e-01,0.000000000000000000e+00,2.195067558888417203e-01,4.085261792275616810e-01,4.213278148994836214e-01,7.092248672031966628e-01,8.509443041891793236e-01,6.114377695393353740e-01,7.108046438185599003e-01,6.478343297146518243e-01,8.047408841363460352e-01,6.309390970414776589e-01,3.332952045865421598e-01,7.789487896040127035e-01,8.017608531302875541e-01,6.216426262771943545e-01,7.937344796595061647e-01,9.516716960945597048e-01,3.219167726223340353e-01,5.044881078786617179e-01,7.706270759982125629e-01,4.983264888972140372e-01,4.528969214248166897e-01,3.402193655319417642e-01,-1.370734079062022048e-02,3.441388984476041468e-01,5.162821381866309345e-01,9.791770760651168359e-01,5.255530064669443613e-01,1.794116236671299824e-01,5.512481149272158154e-01,4.982037797896428644e-01,5.901555583361690616e-01,4.370839300212632783e-01,1.288696019599326892e-01,8.274417068334588565e-01,8.868702661369751716e-01,4.316487582432005921e-01,6.554237768447342960e-01,5.812685063005608166e-01,4.022448544926901515e-01,4.955293407878033629e-01,7.358930997296723175e-01,7.450134064523219468e-01,2.224176606591712624e-01,6.257372064649564525e-01,4.846493843610712449e-01,5.020094612240137977e-01,7.239215382471346771e-01,6.854897846730813038e-01,4.020308115977687669e-01,9.444110253170738822e-01,4.589248037506292177e-01,1.437493657556361826e-01,9.980304600845640861e-02,8.679221321971916092e-01,4.793044383795651009e-01,5.393412961213522178e-02,9.460298857170778009e-01,8.774962351853011766e-01,4.633816933410200289e-01,6.224016787722181920e-01,7.151052858473503360e-01,7.610108141196187947e-01,3.862450962603809768e-02,5.099210966098077780e-01,4.026982078620851557e-01,4.163607290777385228e-02,6.347689465344160675e-01,4.773083175099897546e-01,5.882115467079472859e-01,2.403291390508708048e-01,4.537282754903130821e-01,3.873801206585760770e-01,7.724277255373936946e-01,8.554388629247440257e-01,7.565837223938277623e-01,7.778401584481900999e-01,3.810419512163700784e-01
9.185947195085386596e-01,4.825020391550218779e-01,6.467512761930447329e-01,9.604219022113684723e-01,6.674092766777552921e-01,4.589686579617134332e-01,7.101282078360661165e-01,2.195067558888417203e-01,0.000000000000000000e+00,5.948654813942596542e-01,4.240315531888759204e-01,8.235195548433942303e-01,6.191336932521163128e-01,6.487176265599933211e-01,9.945942161110901125e-01,2.018192918959461901e-01,8.041060331420925023e-01,5.035170920933276228e-01,7.532423911359179547e-01,7.477960540942359957e-01,9.134124702973923648e-01,6.886334534210148961e-01,4.197531716968696536e-01,8.216963822059262235e-01,4.890694758479061655e-01,1.627701341036577043e-01,7.529133851435643177e-01,8.686158099528765719e-01,3.046597812251373716e-01,3.538418690738165395e-01,6.427337757144553354e-01,4.125524555724153775e-01,4.275332981705700641e-01,5.810016306389147456e-01,7.938177491675961761e-01,4.748249360962983889e-01,7.160494651662450971e-02,8.604555372162366877e-01,8.562463559185852224e-01,9.284630257320626301e-01,4.350717521341779803e-01,5.745129720400584672e-01,8.742301402268058963e-01,6.066021205173269815e-01,8.327735776083391439e-01,6.085607379249181603e-01,1.185355861719748910e-01,4.787127485262871462e-01,8.284107733658474526e-01,3.179546503870760432e-01,7.269494874826061270e-01,6.238932858745851462e-01,6.713985775441438930e-01,2.972607350962926942e-01,6.431789679687981431e-01,5.963996642918969471e-01,6.815903223775542363e-01,7.150257594233884184e-01,4.631906802933846157e-01,5.022302761627920331e-01,5.303963767451784772e-01,4.890540082801074773e-01,1.657013021600229896e-01,3.681067675707755393e-01,6.348718413219888168e-01,5.453806431193696236e-01,7.903316419352219846e-01,8.807343168539136791e-01,2.313825961707667578e-02,7.568650432864140187e-01,4.052812183278990399e-01,4.155916877535520415e-01,5.996846472937913397e-01,2.774649281043470306e-01,4.981442418619182466e-01,6.540887958364175470e-01,6.024965099784920231e-01,5.763192765085256575e-01,1.274922671928923334e-01,2.347732596648079706e-01,6.675946202844765809e-01,9.735371912307652087e-01,9.781071432862646908e-01,6.917940783364050494e-01,9.707596556850736080e-01
4.741348194316563069e-01,4.843600207853962503e-01,5.346142633600857730e-01,5.415034278435546522e-01,6.981715308338509729e-01,8.323830528654544425e-01,9.268752089133376337e-01,4.085261792275616810e-01,5.948654813942596542e-01,0.000000000000000000e+00,7.900055465078801298e-01,2.910062222924339470e-01,8.949719927869506098e-01,7.989492029316989097e-01,5.494650999534373970e-01,4.157304978359351866e-01,9.017300654223457945e-01,6.028418867737564968e-01,9.473109621620531273e-01,3.491439798028077995e-02,6.943265683646813180e-01,6.650783306429300934e-01,7.436810344688263852e-01,3.532853945584379929e-01,3.210537464391642337e-01,6.859137671805224379e-01,7.689548824672765015e-01,2.107783029083745360e-02,5.207278011803213591e-01,6.894598761562708011e-01,2.361201252508854931e-01,7.073921379222879446e-01,4.134039805926956745e-01,9.681148982651031076e-01,6.110618496794335552e-01,6.120116815453504611e-01,3.169753686712873941e-01,6.809338594252433152e-01,7.809467593003432961e-01,6.567929299525681053e-01,4.541687790749189269e-01,4.391297556966516913e-01,8.579941432419153635e-01,8.675838374898701133e-01,8.444005611471725459e-01,8.926811328765507092e-01,7.126324657371269078e-01,8.479832341603303902e-01,4.032195448498376855e-01,4.578070806521346015e-01,8.038056139798838151e-01,6.746624158402785287e-01,6.945488627528477732e-01,8.526262921763771985e-01,7.836905200719483933e-01,9.662404352155888887e-01,8.794315120539932806e-01,6.813680556044560133e-01,5.552404499766209200e-01,5.934245268530813355e-01,7.940681717005926288e-01,5.837231839026586488e-01,7.207480645301531652e-01,6.694749055382089864e-01,8.397773130155289367e-01,5.920099920384561676e-01,9.408438218045532819e-01,4.866163037795052659e-01,5.817966468265395319e-01,6.173552764795174896e-01,3.024658285734511676e-01,7.002018420911679808e-01,5.252971388250233797e-01,4.011653332176703945e-01,7.742503069025162832e-01,7.041468678157998262e-01,9.399954627469022661e-01,4.241959998846877578e-01,6.592176169541825725e-01,5.573952125927679191e-01,9.177995922908165349e-01,8.498025489427352142e-01,2.240921061777959855e-01,7.438631575058310963e-01,5.588040690598752303e-01
6.027562800315864333e-01,8.352783353458387294e-01,7.838529768073416726e-01,6.418216555166644799e-01,6.837085972874038520e-01,8.618167442510523690e-01,5.881534352503301477e-01,4.213278148994836214e-01,4.240315531888759204e-01,7.900055465078801298e-01,0.000000000000000000e+00,7.969371019896756003e-01,4.608629593930907986e-01,7.354674712799531555e-01,5.627204308816492473e-01,6.192371431553115313e-01,9.307293971407486488e-01,7.695301741749700497e-01,6.329945268913187428e-01,7.523902341551236272e-01,6.376414112770593112e-01,7.577238846305048847e-01,7.536069101614712995e-01,6.753417052908496920e-01,5.757494732037369278e-01,7.858200423805276058e-01,6.170671249285338833e-01,7.619174028947528488e-01,3.812977032850080050e-01,-1.570840569666574205e-01,3.109747232759122459e-01,4.102088949564585141e-01,9.286756732454302110e-01,7.331357493213621623e-01,6.820369287768947020e-01,3.278719442288797747e-01,1.761773694605051066e-02,9.559196441846894432e-01,8.012134251656306549e-01,9.939338346484343223e-01,7.406597491607027628e-01,7.465330644475908217e-01,7.003116209625342981e-01,8.549289047634212046e-01,8.305134379748584372e-01,7.363397008944543298e-01,5.425184160339205919e-01,7.551195188861493657e-01,5.547019040173528648e-01,5.612970558944414823e-02,8.738281992406246035e-01,5.704188987311840098e-01,8.017886719925159111e-01,9.160560431498367961e-01,8.572609993887733149e-01,9.328263001297196766e-01,3.457131242005551663e-01,6.809460296542051427e-01,7.910427596342091139e-01,2.541007744835377391e-01,3.657610614934220239e-01,-3.568873771332922717e-01,4.981907917337955460e-01,7.450926907725663462e-01,4.552742151827679495e-01,7.011614867494228021e-01,7.722175978496162996e-01,6.671195680160030284e-01,4.535825800190748658e-01,8.034955418197252675e-01,8.870176268291649624e-01,6.428106091630659824e-01,3.445500573290907198e-01,8.695944353816239536e-01,7.781763926196038073e-01,6.778653417834002992e-01,9.256428725623015996e-01,9.258614416365750222e-01,4.616597859158497186e-01,3.641624681506515637e-01,9.246536309678171639e-01,6.449585197956002602e-01,6.845888125614001396e-01,5.844360390859334453e-01,7.339205820810019709e-01
7.367941582229415864e-01,5.622158062061992645e-01,9.297143861784622487e-01,7.898048048732468907e-01,7.325015948781006259e-01,9.686999785546988040e-01,3.687996632178057732e-01,7.092248672031966628e-01,8.235195548433942303e-01,2.910062222924339470e-01,7.969371019896756003e-01,0.000000000000000000e+00,8.847772133982725329e-01,2.106243435447869849e-01,3.809096870782092692e-01,6.676887492463972062e-01,5.375559991687179906e-01,-1.631816090170512268e-01,6.108235082151454165e-01,8.619131774315780259e-01,7.355759657874409996e-01,7.212643036263327589e-01,8.614015098314199426e-01,7.607226709776918616e-01,5.837347438513198483e-01,6.418202827244052777e-01,9.391719769171902321e-01,7.995610282314977724e-01,1.816564987356589500e-01,7.690628222705013783e-01,6.015043596148375582e-02,2.715692747910228855e-01,8.817583506297842488e-01,8.132011831582106609e-01,6.579616242607913001e-01,3.321636747327807448e-01,4.150750334264836638e-01,4.946600704994826847e-01,9.244105725941367258e-01,5.790632386450458857e-02,3.917871803460161173e-01,4.480408294664380286e-01,8.033881939368950897e-01,9.814452072074948408e-01,9.747819984051881992e-01,7.269799821762550351e-01,6.961626169282347787e-01,9.118927118494292161e-01,6.224651878414897421e-01,8.498404834091325410e-01,7.727716237797994658e-01,6.928667663806407084e-01,8.766464688961227436e-01,3.755551683052718026e-01,3.889681932840120537e-01,7.901006155412124699e-01,9.318783573224809214e-01,7.288471890425387567e-01,6.948360213325377455e-01,6.623061295386578617e-01,7.084811751897492904e-01,6.109614206178896056e-01,8.660805785088891984e-01,9.919061482234435845e-01,8.516751161682989402e-01,4.417818191462071775e-01,8.016458449654773055e-01,9.086138904431487751e-01,-7.287390057522183384e-02,9.218204260017544005e-01,8.752879491822694868e-01,5.085746207916744810e-01,3.209871644201862939e-02,5.803096385923817158e-01,5.817379426779498708e-01,8.423101911539548903e-01,7.958510685990743960e-01,3.715619244630112838e-01,2.461357683492111648e-01,-7.074433604304267154e-02,3.928035639946207969e-01,6.048397263545554070e-01,7.063693026596369329e-01,9.838232540862126840e-02,6.756945218155492316e-01
7.695013678200453011e-01,2.671063796421643266e-01,6.972873307197602344e-01,7.831542492000984623e-01,4.588459101471647483e-01,7.312072117619634604e-01,6.958994815738892559e-01,8.509443041891793236e-01,6.191336932521163128e-01,8.949719927869506098e-01,4.608629593930907986e-01,8.847772133982725329e-01,0.000000000000000000e+00,6.204063201010786566e-01,8.727647411999599480e-01,7.205329722548731164e-01,9.610422278262933382e-01,8.317419367678835496e-01,9.846014105158087393e-01,5.748189514669035383e-01,8.381944190850920684e-01,2.837404233408488685e-01,9.248180301615349652e-01,9.762298197559429180e-01,6.854394228251300403e-01,8.106474310346346579e-01,6.924538583284761684e-01,9.006052777068919157e-01,7.762206181902011615e-01,2.782221318158639711e-01,6.730253425039132154e-01,8.666833040935459920e-01,6.561290803000091598e-01,2.529198422214588016e-01,7.836315238675407580e-01,9.387014034062323153e-01,7.598511955139575225e-01,4.786644914819345176e-01,7.221026280094973160e-01,7.190990870920273004e-01,7.826404730360499995e-01,8.981022890022566374e-01,6.672343416485442269e-01,8.433517916020606409e-01,9.107346020201868564e-01,4.533083475488037251e-01,7.649080281925542124e-01,-4.619919178440873297e-03,4.625110884557582236e-01,7.555626318074469827e-01,8.350846856027539511e-01,9.018846879417439233e-01,9.010772489073092251e-01,7.741923437049521572e-01,8.847911540892553495e-01,4.560124145688779218e-01,8.294824259054915938e-01,8.188037366022338226e-01,3.620294103605450342e-01,6.550868381532937157e-01,5.342948886111843487e-01,4.963611024298338337e-01,6.292506912726966162e-01,8.811932290313506666e-01,8.719215471242107718e-01,2.080691900363296210e-01,7.715201245479479386e-01,9.751608150142176967e-01,1.236915575322692223e-01,7.787231689758353781e-01,3.704152365675473790e-01,8.846743369493077491e-01,5.769031161386926065e-01,5.367868480068100911e-01,8.018384213023254103e-01,6.124331343736848510e-01,9.799577766691127678e-01,5.209005472643288837e-01,6.269606248132963966e-01,-1.512607442553577375e-01,8.194874013130261092e-01,8.024285294661084311e-01,7.226965018738096269e-01,8.624791277718711902e-01,8.986634660575139044e-01
6.853938050523534775e-01,4.908648629815881570e-01,3.938716643391181327e-01,5.934161553064278838e-01,9.218203492357018858e-01,6.947120164814661880e-01,5.905305731447216822e-01,6.114377695393353740e-01,6.487176265599933211e-01,7.989492029316989097e-01,7.354674712799531555e-01,2.106243435447869849e-01,6.204063201010786566e-01,0.000000000000000000e+00,9.999024221551591207e-01,7.243047874671599828e-01,8.298561039979341913e-01,8.817018203230609918e-01,6.781785944841471903e-01,6.483311685744921338e-01,7.760207354228344512e-01,7.138945918970727167e-01,4.187968249591645375e-01,6.352100405737955979e-01,9.056623114070141423e-01,8.656605785942841358e-01,4.749411410368819531e-01,6.597962496041142044e-01,2.227250387631645734e-01,9.650608482039875202e-01,7.209227357608838371e-02,8.075875367825940954e-01,9.763592883696643465e-01,5.856863243405183717e-01,7.708855826638771891e-01,7.396212715321447417e-01,5.756537772462426705e-01,1.598120458544682876e-01,4.483545744271175137e-01,9.241232284220260995e-01,6.564901487940274505e-01,6.513866241311354610e-01,8.372799610732382103e-01,7.535265607023264867e-01,9.500603473144419997e-01,7.611265172385514033e-01,6.655683263359913893e-01,2.110426493321468644e-01,2.069142942792423778e-01,7.438000718086970053e-01,8.604850083181985188e-01,7.260892040990545304e-01,4.677693044252453358e-01,3.083635455074621445e-01,8.742546767012182585e-01,5.493484020481147478e-01,6.529953734729923021e-01,5.828439489785188776e-01,3.822239318611961312e-01,2.911590539743447170e-01,2.878383843189982194e-01,4.486277116655419395e-01,5.882731060892155694e-01,6.160164070610510967e-01,3.401282798100453419e-01,8.909406243016889659e-01,8.461438349190346653e-01,8.583280060812320533e-01,7.233632705799956097e-01,8.542433946993122085e-01,3.154128503729343169e-01,7.592056783520964025e-01,7.815283685139399195e-01,2.117035874394038175e-01,9.416452937367670861e-01,9.800427232301467395e-01,5.259177559591601270e-01,5.783708500797474228e-01,5.789813684855982245e-01,6.054839621737765354e-01,9.344385337577387762e-01,8.794284785298605023e-01,7.010991449380965523e-01,7.128649610729463904e-01,4.457136287078748982e-01
6.108273424959713704e-01,8.923552685222284619e-01,9.030298994045212746e-01,4.441060180484614484e-01,4.405539302590957829e-02,7.823665545122335807e-01,-5.692675014701609193e-03,7.108046438185599003e-01,9.945942161110901125e-01,5.494650999534373970e-01,5.627204308816492473e-01,3.809096870782092692e-01,8.727647411999599480e-01,9.999024221551591207e-01,0.000000000000000000e+00,6.455285243767174830e-01,6.230089208225255692e-01,7.841315716651726664e-01,7.355057370838197217e-01,8.689744741779364956e-01,9.433150886832886162e-01,4.288021463093570906e-01,6.982499290549100124e-01,7.068319575033671365e-01,2.187089230631310832e-01,7.817253036730037463e-01,2.955876816452955302e-01,7.169890173107396070e-02,8.865892703831420585e-01,7.430655607916965000e-01,5.235685563071053039e-01,6.241911552843084632e-01,4.289383474977053190e-01,2.992456389599852384e-01,9.584621015095377006e-01,6.573428379650656517e-01,6.180352772126627148e-01,7.446860294737295272e-01,9.283506981391169699e-01,4.767902115761439297e-01,7.433384407502251490e-01,7.689076961132088606e-01,7.005033148639432106e-02,4.409235972620114685e-01,8.044404714422234148e-01,6.076341419077707640e-01,6.241514548900397585e-01,7.786413419182878215e-01,6.009861512844803105e-02,5.572375362197869997e-01,6.138249026471018777e-01,6.004199192495180970e-01,6.646649118178042936e-01,7.870505359232016218e-01,9.103936167282219438e-01,7.846342769386138727e-01,1.571724501092255366e-01,5.323466791211506344e-01,2.307837131804594821e-01,2.244541436251168420e-01,5.223671035268584451e-01,7.911305243822903677e-01,5.886302133365418632e-01,6.470950297905876392e-01,5.251824301399971029e-01,2.729247595565702511e-01,5.963609597767987047e-01,9.369957185533188682e-01,8.994442697625993910e-01,3.664046331226827879e-01,7.289588042300912951e-01,5.437429298843392544e-01,7.249915000152087341e-01,4.605816682474084614e-03,4.785719300572600088e-01,9.525306811056644118e-01,7.086921845826753552e-01,8.000656619805308623e-01,6.015161759412162024e-01,1.789882738801905626e-01,9.279151886287098083e-01,9.452732070023984745e-01,6.247284690403429597e-01,3.452402347724039533e-01,7.799011664316589654e-01
8.787120945175563858e-01,8.033635959086079525e-01,8.098156306455401854e-01,8.850664085855557417e-01,-8.145639032417484326e-02,4.791052222880336497e-01,5.843136950180733979e-01,6.478343297146518243e-01,2.018192918959461901e-01,4.157304978359351866e-01,6.192371431553115313e-01,6.676887492463972062e-01,7.205329722548731164e-01,7.243047874671599828e-01,6.455285243767174830e-01,0.000000000000000000e+00,8.092159208357599942e-01,6.418669617511817416e-01,9.567974083811801034e-01,9.693427255325564040e-01,8.254921850939971328e-01,6.356918660989195891e-01,6.060253711223752004e-01,6.929140202984539476e-01,5.396853060884650999e-01,9.049095770335695565e-01,9.146008629320689920e-01,8.833809376063016527e-01,5.106630996694125901e-01,6.829827985866975260e-01,3.168768471783627722e-02,2.419242941516725476e-01,2.366819472319522943e-01,6.447373637225009002e-01,4.618396091927196023e-01,5.203892477465223987e-01,7.746993182118866450e-01,7.385830303949032505e-01,6.510377069219792645e-01,7.391286932532168397e-01,3.481328915854414729e-01,5.582614326055655996e-01,9.713046325922911617e-01,3.500497192020767812e-01,5.992901261244090172e-01,9.976160231876272100e-01,8.047602784061560488e-01,8.849315317283968918e-01,6.038410038480297448e-01,9.566004207544275273e-01,6.651242802996516490e-01,8.062123567344794406e-01,6.047515171849185966e-01,7.065397310328150882e-01,3.848724052492254466e-01,7.299677253558687351e-01,7.259485931319770158e-01,8.958485343929775135e-01,9.627261506095613486e-01,4.636012837783870522e-01,5.664827155013961724e-01,9.304861029064172007e-01,6.048633631713536962e-01,1.072413665242742398e-01,7.666989693161914143e-01,8.076147715487858036e-02,9.056939527618286245e-01,7.988164209417969452e-01,5.795379576207498884e-01,7.772093681580911628e-01,8.439238985572172780e-01,7.160471103701480100e-01,7.785006424158438243e-01,5.759095721709815985e-01,6.847893500279596257e-02,8.773783370646357493e-01,7.431865429323732952e-01,7.219619069503573072e-02,6.288787403153331956e-01,3.903508679664174918e-01,5.191854114428620104e-01,7.673309709610938167e-01,6.568489700082563720e-01,6.462740177841117539e-01,7.336889644935912225e-01
3.422292447593557885e-01,7.988009243782394631e-01,9.174696962300068481e-01,4.456641591808283565e-01,7.284169524263715001e-01,4.052173735314419656e-02,7.970142492815748270e-01,8.047408841363460352e-01,8.041060331420925023e-01,9.017300654223457945e-01,9.307293971407486488e-01,5.375559991687179906e-01,9.610422278262933382e-01,8.298561039979341913e-01,6.230089208225255692e-01,8.092159208357599942e-01,0.000000000000000000e+00,3.287161592106648822e-01,8.734202528368757434e-01,9.565347717980707820e-01,6.668705718789414982e-01,8.747044556542744598e-01,7.580844432606033134e-01,6.951608947241398884e-01,7.965448187277397452e-01,6.413223693373262257e-01,8.638816028857591034e-01,8.103577966273505240e-01,5.049934224382855996e-01,3.791494439132463423e-01,5.712622148759289864e-01,9.983907101557973895e-01,4.530544466749493182e-01,8.207631454996267006e-01,8.080503958285422117e-01,4.816932868006715274e-01,7.305427259096137771e-01,6.826432042915963061e-01,9.109161745479322780e-01,6.532245586363297774e-01,2.081425073529610814e-01,6.285489994191078011e-01,5.203517062516320735e-01,9.589716903736812403e-01,8.433432745931680463e-01,-1.215616066348096380e-03,1.998672996375789879e-01,8.240768072311730474e-01,7.817476440268685822e-01,9.587902143694779777e-01,7.216904837556108454e-01,-1.469248217852907323e-01,9.902674228071013385e-01,8.930082503065969179e-01,9.323151139865974990e-01,9.627272441753427223e-01,9.693212036870244575e-01,9.021996731192650776e-01,9.341231519302237718e-01,6.056289600592612565e-01,6.862416733013779746e-01,4.602665941443032094e-01,7.756446363892381957e-01,4.279528879028561827e-01,9.487718264800557577e-01,7.351616635547283396e-01,5.620831056709870710e-01,2.856045699251871794e-01,4.281081590378069679e-01,2.739744048073189386e-01,7.580846501138484017e-01,3.470233571590767285e-01,8.471018989724296011e-01,5.065683510747472917e-01,8.858383464202143065e-01,9.506221123062048584e-01,8.804435886506282172e-01,8.464854859051339497e-01,3.943360835716779311e-01,5.037410330561374883e-01,8.315823697081754506e-01,8.773593487736427443e-01,6.215141574729927676e-01,6.018523511532631876e-01,8.816743676627181170e-01
8.011991273488640042e-01,7.842347877719728633e-01,2.103970386193984576e-01,4.015210476416294361e-01,4.824451762673171995e-01,7.338060751649785329e-01,3.576307756216365319e-01,6.309390970414776589e-01,5.035170920933276228e-01,6.028418867737564968e-01,7.695301741749700497e-01,-1.631816090170512268e-01,8.317419367678835496e-01,8.817018203230609918e-01,7.841315716651726664e-01,6.418669617511817416e-01,3.287161592106648822e-01,0.000000000000000000e+00,3.035391202997119175e-01,9.934939333206245227e-01,9.236628963082895716e-01,7.404503970955566006e-01,7.544005326932774480e-01,6.622186191091039564e-01,5.223705533648418387e-01,6.719737293322302074e-01,7.283927708094223297e-01,7.044185226926398258e-01,6.638635668212132801e-01,5.948655837381950917e-01,4.853109014306125069e-01,9.894660916138793283e-01,6.879958096288192326e-01,7.458803367330547607e-01,7.065669567171046772e-01,5.207913596077037299e-01,2.354341239383988538e-01,5.732028560709003795e-01,7.765625276749510419e-03,9.952319694259931238e-01,7.220100749965191467e-01,8.097981390894812836e-01,7.159194299142823681e-01,2.988234830940659226e-01,8.960925856734415218e-01,9.102764189210887924e-01,6.336764879776582982e-01,6.487563355868689596e-01,6.203985526808571960e-01,7.083670937055835948e-01,6.506406017349938287e-01,6.861223627811094961e-01,9.172978147453479947e-01,4.694344528595553734e-01,7.637182093206287270e-01,9.007793180613952178e-01,7.233112657966334069e-01,9.881916618068351532e-01,8.437789676730869104e-01,5.010376279794593879e-01,7.407553821256625259e-02,9.828813952686299427e-01,7.465045421363731837e-01,9.958970893209169173e-01,9.248244855397197428e-01,8.756352825665619788e-01,7.876490726451853552e-01,7.073469090327539899e-01,6.987192657564545994e-01,8.848119521185627834e-01,9.573112250117520317e-01,5.669210834817258737e-01,2.654154620585800206e-01,7.172247799571369598e-01,8.709984807615593905e-01,5.478925680247296315e-01,8.046338382256401633e-02,2.650767748668789725e-01,7.787208907775644562e-01,3.471486321326662516e-02,6.133219601811378263e-01,9.732877866237416020e-01,3.578532643714724681e-01,8.913737335770752779e-01,7.062837755786754990e-01
