0.000000000000000000e+00,9.943016642289475016e-01,8.480747752983098797e-01,9.192828249279467734e-01,9.210377148729738117e-01,2.345243721131858305e-01,9.688530788207887490e-01,7.897363916955074670e-01,9.809390949996875664e-01,7.192382024535783902e-01,6.342380115351724523e-01,3.077792146282700703e-01,7.666719136349720021e-01,8.189820137778542897e-01,8.912475561899950716e-01,7.116736686811218071e-01,4.095934864288818811e-01,5.813651975312903453e-01,9.833874090539198587e-01,8.179595639749821512e-01,6.547352208571143306e-01,9.211851810317470690e-01,8.992277790605276433e-01,9.415633817672107719e-01,6.251006553064062388e-01,6.601914503046065752e-01,7.437304464127330039e-01,8.403972357481901412e-01,5.820753965512299732e-01,5.164603833941343591e-01,5.427983142385666149e-01,8.096688405440625180e-01,8.733010177580546873e-01,5.461855124330183830e-01,8.501087295819368395e-01,4.993856809651269213e-01,4.987453786387106014e-01,9.612565991930086540e-01,8.557284925697647981e-01,6.829661920511298501e-01,2.716871462598038356e-01,-1.519667978023745980e-01,7.316457026647757989e-01,7.050312169693699893e-01,9.551930324443720366e-01,8.308241755347177682e-01,2.659102839133236085e-01,8.727780821778683418e-01,8.467135229233326843e-01,6.279248465800133516e-01,8.738801620274634363e-01,9.838281629096679026e-01,9.395026748017274443e-01,8.508565809191533935e-01,9.729517222095441786e-01,7.158844638785726300e-01,7.383545797405693945e-01,6.023627765244724541e-01,9.828434197034010555e-01,3.915788100307090458e-01,4.722280432681527085e-01,8.698967314180143795e-01,7.711612188813070645e-01,8.751283943146863642e-01,9.895680280760360548e-01,8.749851803902711778e-01,3.688484107144373025e-01,6.560245103472068795e-01,5.724107370153680430e-01,7.600569619546276856e-01,8.699555433474248645e-01,8.213954018899414233e-01,8.701771872484171944e-01,3.046903978025689574e-01,9.523717838906788913e-01,2.710400210841384383e-01,9.550488359914822700e-01,8.815607133371397008e-01,4.409286102233154758e-01,3.411249198786242554e-01,7.251459615402835457e-01,9.282407368121837754e-01,6.853488317431422061e-01,5.465071158080209157e-01,3.301764766388913808e-01
9.943016642289475016e-01,0.000000000000000000e+00,6.093899564099140020e-01,4.863056911949148464e-01,5.271163415822014420e-01,6.454810979752378941e-01,4.158782905055637968e-01,4.421508041984498205e-01,7.773404729367937582e-01,1.451450099831577412e-01,9.632119743324502048e-01,6.351011972954292428e-01,9.703635793960647682e-01,2.012267317146543832e-01,7.323033488411898606e-01,8.944966307630035640e-01,7.646353256683029453e-01,8.925915814997881226e-01,6.049035228396010266e-01,6.728022600380385576e-01,6.644886234829910920e-01,9.763656953645275527e-01,8.903169364734522251e-01,4.539941202113244589e-01,8.294577928692490332e-01,9.087622647592166203e-01,6.800536315513836527e-01,7.713584524322674163e-01,7.086105082095146557e-01,9.197777770901083283e-01,5.233853546661206835e-01,5.837843582995322356e-01,1.736708721499901631e-01,6.381041773488888014e-01,2.981669089289550878e-01,4.673361669239020078e-01,5.725283993260515958e-01,4.535353578370420191e-01,9.611272492148417168e-01,9.876520756033793091e-01,5.855814656301558951e-01,6.483825461370363863e-01,8.063579254607748936e-01,8.094297984743784591e-01,9.975151540473325973e-01,7.077141649954368230e-01,4.199379058016107225e-01,7.456232280334408324e-01,4.688307763321817312e-01,6.828715012762560654e-01,8.680189069534391955e-01,8.234005526013121745e-01,7.119868504999377068e-01,7.218402370187598782e-01,3.831016664256577942e-01,6.637463530590796967e-01,6.196248553632346390e-01,7.782838035486225881e-01,5.068290071670276120e-01,5.335787427342192357e-01,2.948484757278008739e-01,4.301334576146503830e-01,6.174423590035605924e-01,9.586865356714381337e-01,6.801363684859904613e-01,3.703114589781943966e-01,8.712531622832782041e-01,2.320966404751260981e-01,4.383467571745430225e-01,6.847574831989844402e-01,9.710278745430913627e-01,5.452897127190965421e-01,2.280559191603431790e-01,3.328492826820571571e-01,7.470244158799741463e-01,8.416238112507989921e-01,8.154781239737466381e-01,5.681808736279045924e-01,4.540305421669915131e-01,1.328053099193070019e-01,9.059419274602491523e-01,7.810401206190288326e-01,7.656166393777670276e-01,6.768566441682887236e-01,8.570040375541373434e-01
8.480747752983098797e-01,6.093899564099140020e-01,0.000000000000000000e+00,9.537422606708385597e-01,6.772258450051231726e-01,4.184228057439859372e-01,9.750898995184880125e-01,8.879153227757636824e-01,6.612475758924288849e-01,9.251991116349987943e-01,8.588253046447291705e-01,7.360552392160223389e-01,6.228485989325127647e-01,8.741809915202269909e-01,5.301625125191191668e-01,8.849381428203494382e-01,8.582395408806601234e-01,3.416019536643490895e-01,8.725215837596347335e-01,9.921445207997613425e-01,8.856525585734994488e-01,8.081901303265281999e-01,4.192477059991949750e-01,6.413897235181227341e-01,9.540447040000191725e-01,5.511827515868003013e-01,4.535927441816157701e-01,6.572037350295081293e-01,8.752320188129782963e-01,7.940186394099570943e-01,4.091445812937616333e-01,4.091630156811089103e-01,9.992571478799960882e-01,8.014536435272985315e-01,7.992123720667761999e-01,7.941369794482081579e-01,4.080646440845931977e-01,6.095920368260161482e-01,5.507789321642349023e-01,4.435687306081446679e-01,3.213489976120308400e-01,9.722190073814835909e-01,9.460028585640792853e-01,4.574468063264805484e-01,8.352281828071567160e-01,8.241358011234036773e-01,9.045269191853717583e-01,9.173045437706858207e-01,7.711764673468141096e-01,8.990291617666379409e-01,4.603541501293469396e-01,9.604218326101419123e-01,8.436559899065859680e-01,4.105888158248793829e-01,5.653102926081553514e-01,9.202859932607341253e-01,9.124903733182820886e-01,8.537236029700852047e-01,7.320175910285084964e-01,5.143428656400486076e-01,7.615654979756671938e-01,8.779149852785593788e-01,7.787727809320614814e-01,8.106376102540541195e-01,5.371900960644192535e-01,9.574154976643485249e-01,8.735305052766952905e-01,9.071321023501568437e-01,8.694192794993773621e-01,7.627514381444627789e-01,8.156698590997916165e-01,8.795550528629018094e-01,5.496699275701906195e-01,2.339316416828388090e-01,6.261568534454849955e-01,7.241578251043916392e-01,8.670450650522835145e-01,7.645002961029485622e-01,8.103734567578174675e-02,3.177595778118952330e-01,9.729255785253447808e-01,9.517039602079049310e-01,8.335520082976658474e-01,7.256807050664527692e-01,8.350768158286552278e-01
9.192828249279467734e-01,4.863056911949148464e-01,9.537422606708385597e-01,0.000000000000000000e+00,8.922511526246034164e-01,6.320096059162626512e-01,8.166813510583376123e-01,4.379821734295224478e-01,9.544722324391001766e-01,7.258887638672693043e-01,7.312979775661498927e-01,8.526033897998804845e-01,7.731454986447459099e-01,9.977716156554489180e-01,6.956643915960192270e-01,9.435004056571313358e-01,7.808491191307643797e-01,2.870150134538413944e-01,3.011877362715538742e-01,9.948463539945587852e-01,8.820076089107209416e-01,5.513501341416923163e-01,6.920559349366418589e-01,6.454878818277421937e-01,2.013652312950426626e-01,7.080359323124265636e-01,8.278396576586345423e-01,8.893154120296140608e-01,-1.820442982367635465e-01,7.094947086315301910e-01,5.412121660999419381e-01,9.762257750381484467e-01,8.348772353466665797e-01,8.228734858531400187e-01,7.042699092499333791e-01,9.306117079537405967e-01,5.190071012732758726e-01,8.211493780111386309e-01,8.183204264365251390e-01,8.855742781725450818e-01,-6.454004776528179943e-02,7.105164848096238162e-01,3.634937763200166705e-01,9.192853284909277556e-02,7.158010147106149690e-01,7.006473724775874601e-01,7.245848828381712403e-01,6.664509993994292003e-01,9.578203437588286295e-01,8.316512823248058961e-01,6.073907928451102167e-01,7.472112103907745384e-01,4.613900769304153382e-01,9.191428045777089162e-01,9.069931687068886195e-01,8.711933179554047779e-01,8.447154107240641974e-01,7.670294656569847103e-01,8.695079305904948042e-01,6.851992305791211324e-01,5.780004583186691969e-01,2.627955264772902089e-01,8.689132288835322848e-01,8.432961628062978221e-01,6.743347187392233488e-01,9.837498497619711069e-01,9.034996389045818477e-01,9.862511802438036490e-01,7.807607260287547923e-01,4.090245928785851137e-01,7.763705801234423998e-01,6.571466193373121101e-01,1.770398111832375276e-01,2.026537335666997175e-01,7.299760052884194383e-01,7.854042494618427295e-01,7.540688624472620116e-01,7.078840503987858801e-01,2.954386471754195664e-01,4.422711292687845352e-01,3.031371161873213094e-01,5.809059346788050249e-01,8.070733145429667132e-01,7.603505153359656210e-02,8.874829916650692763e-01
9.210377148729738117e-01,5.271163415822014420e-01,6.772258450051231726e-01,8.922511526246034164e-01,0.000000000000000000e+00,9.837289334910765959e-01,6.672366869841654946e-01,4.878722216639863607e-01,4.218556248723383528e-01,8.081727670500034044e-01,8.045903055651483227e-01,5.337901362731950483e-01,7.906991098887010683e-01,-1.470330563155047843e-01,9.163052224051598804e-01,4.921658027985904571e-01,6.994685617668713329e-01,6.528971814995977452e-01,6.791453701646606167e-02,8.679213306535475958e-01,5.009585677783749968e-01,9.635518190642600178e-01,7.915341529514950958e-01,9.212741688160122067e-01,7.715080720777340861e-01,9.429665575293976199e-01,6.868956884623484971e-01,9.342463683338867453e-01,7.530413188603025665e-01,5.914195212245658695e-01,2.927141938167848179e-01,3.456733416562670080e-01,8.544512594342540401e-01,7.248334010713896047e-01,6.254972304912153058e-01,4.311224434541704453e-01,7.961242649829092244e-01,6.121998948537309415e-01,7.350654352446848172e-01,8.032504176988897182e-01,7.124788557083545637e-01,6.574069215692456281e-01,6.511563197434989680e-01,8.878040878548837389e-01,5.942585345090865001e-01,4.206726832099965119e-01,4.588489049069263137e-01,7.231360808529319062e-01,4.523817943317481882e-01,6.079383508322312446e-01,7.681864138118057461e-01,7.932509691528240037e-01,6.911374693662986068e-01,4.693095472526017109e-01,8.375463037252568466e-01,4.142326836575105364e-01,9.049935783486806606e-01,7.338950452369163990e-01,7.222677918154758459e-01,1.367658216970893681e-01,1.725408698723636114e-01,1.305576545242567166e-01,7.681922313006998015e-01,8.481495851010745213e-01,6.703896917065991223e-01,6.406525358421100158e-01,9.983117776712832070e-01,9.329533677953548709e-01,3.548077703204960409e-01,9.933807360421236243e-01,9.464973725485006373e-01,3.671593660001433168e-01,7.562496368464820540e-01,2.736289245787933977e-01,2.782907565805291528e-01,8.298475776120547431e-01,3.227860994398202843e-01,6.808860134831713762e-02,7.694235730508962590e-01,1.202833807254743981e-02,2.446314231026710251e-01,6.433207168975149104e-01,5.341555447564850789e-01,7.531434737228317466e-01,6.055031868702211995e-01
2.345243721131858305e-01,6.454810979752378941e-01,4.184228057439859372e-01,6.320096059162626512e-01,9.837289334910765959e-01,0.000000000000000000e+00,4.010083668697865811e-01,5.628247550895493223e-01,7.325106126876195223e-01,6.444656367892305227e-01,7.948124386047787926e-01,6.154710817146739066e-01,5.273010735155616580e-01,5.610690907126866245e-01,6.624777145920969224e-01,7.147554030020030202e-01,9.671455094669700880e-01,5.310921348064940872e-01,7.779799152047019994e-01,7.538632169258012716e-01,6.036024748103949733e-01,4.908995013828789111e-01,3.130322822264099414e-01,5.576449101307139333e-01,5.025990991383368911e-01,7.583370252949955814e-01,6.349563853096196198e-01,5.542807956945721148e-01,9.331240732492713796e-01,5.383515294625736969e-01,3.173304765304267305e-01,4.114761132456379311e-01,7.779027445058470658e-01,5.271905329835118170e-01,8.946164421925346666e-01,7.675602521941808920e-01,7.756884063585005595e-01,4.450548202590022262e-01,3.209476427761620565e-01,8.641782512891094115e-01,7.493979005305155816e-01,4.361795331051562252e-01,8.752181250268258328e-01,8.397470919973001324e-01,2.791622874819488787e-01,6.151832772985125208e-01,8.393260973150944437e-01,3.180158059552550820e-01,6.175637941035014844e-01,6.259219069562105969e-03,7.389341642616802375e-01,6.147359967095670230e-01,8.375470512783108612e-01,6.846218038288085506e-01,8.491417675378823970e-01,5.432565921501643080e-01,8.239459801000262873e-01,8.029338879256748829e-01,4.901408102598420746e-01,1.889396403632392918e-02,6.943936970820007160e-01,4.490732081169095946e-01,5.524281882364265872e-01,6.466329853745528267e-01,9.931750194541132393e-01,6.397242608140072395e-01,4.717009740619107494e-01,7.665734127022005850e-01,2.355723461506347705e-01,8.622877575399920946e-01,4.582565079992266255e-01,7.804743728000894665e-01,4.211236122003884641e-01,8.963392216755086128e-01,9.876941120147468833e-01,7.413723846941107087e-01,8.657853222075807542e-01,4.403713274412206502e-01,5.133780851564497816e-01,5.719802920996188700e-01,8.468606643670315570e-01,9.039769832720579990e-01,7.340244299929906679e-01,2.835772409480418199e-01,4.584555541442976723e-01
9.688530788207887490e-01,4.158782905055637968e-01,9.750898995184880125e-01,8.166813510583376123e-01,6.672366869841654946e-01,4.010083668697865811e-01,0.000000000000000000e+00,3.100587945588320626e-01,7.414391957344360629e-01,4.229188657835890597e-01,3.814866251568287403e-01,6.550877628707663103e-02,3.501021849354982729e-01,7.840464213694948725e-01,2.887358053861204255e-01,6.234548868807948674e-01,7.624929060242154888e-01,5.227202705230510338e-01,6.143213639362369305e-01,8.932730300418492142e-01,8.402225310842094119e-01,5.521217515125318442e-01,3.669778307860610544e-01,5.347262097445831808e-01,5.637496986590145864e-01,7.093963246381651544e-01,7.884072662969590084e-01,5.825506143344293397e-01,7.431553329783788797e-01,6.743179835314991877e-01,4.119433351420213052e-01,5.427715159904081821e-01,9.982437460951816277e-01,6.353430081611010083e-01,6.643917996071021514e-01,6.271744129277613267e-01,4.485826556844695889e-01,1.916233688329511131e-01,8.742918866433386782e-01,3.075849041940326711e-01,6.340684510591736434e-01,2.228588086710834582e-01,9.225459176537020856e-01,6.714783392416092678e-01,5.216642712500194623e-01,5.724742829405078393e-01,6.101428120418307399e-01,7.038125776194193994e-01,6.701831467026916345e-01,8.778619479936098369e-01,5.014322107901030279e-01,7.359749457836688435e-01,7.168013615418737938e-01,7.916067520953510295e-01,8.324469943870715927e-01,3.932699590003178036e-01,2.360078684987778064e-01,4.299097498649567251e-01,9.075960872333991292e-01,5.426175511431252652e-01,4.903089436211395258e-01,6.753524750665698129e-01,1.550882288653460117e-01,6.167608509062519895e-01,6.158560008741505998e-01,6.093857465984172661e-01,4.979032507964437082e-01,2.395972818979114904e-01,4.143289598754978931e-01,5.106451769376887384e-01,5.158676074405952328e-01,6.558227925923003632e-01,2.207391215906677751e-01,5.505619805419339485e-01,5.433424690283736869e-01,6.854247860079717425e-01,4.924376439131174510e-01,4.911051759539365458e-01,5.535664614470109379e-01,1.253226531341473937e-01,3.369078142465682379e-01,8.747607506275489886e-01,6.630098522770457858e-01,4.783294804861234484e-01,6.428892468952581707e-01
7.897363916955074670e-01,4.421508041984498205e-01,8.879153227757636824e-01,4.379821734295224478e-01,4.878722216639863607e-01,5.628247550895493223e-01,3.100587945588320626e-01,0.000000000000000000e+00,8.036131527224523730e-01,4.035650176945953516e-01,6.022623774702257071e-01,6.461813763289343537e-01,7.059862900875434333e-01,8.811117239842076732e-01,5.292703712042058362e-01,6.355027853409708216e-01,9.024712461718187306e-01,6.870970799234017434e-01,8.645708298967245131e-01,7.104769627103569851e-01,8.103294237716721637e-01,4.186612459415728349e-01,7.420626730425695650e-01,8.847304100591045772e-01,9.230475531108409681e-01,7.686028185788897904e-01,7.419329253765516441e-01,4.231510521620087673e-01,7.430831470175818243e-01,4.778368520296848998e-01,5.272407887951606753e-01,4.203026415791624171e-01,6.007535262276730847e-01,7.440628541976210819e-01,4.729480427999827596e-01,1.676761857301856118e-01,6.357285978572650986e-01,2.721496625419031479e-01,9.994313533713605757e-01,2.524058944382975844e-01,5.201890292641672131e-01,9.051575970687311123e-01,9.433025359388431674e-01,5.650744259834992178e-01,6.554640087451727437e-01,5.588975270783965721e-01,7.354298136995394142e-01,9.567399673796738169e-01,4.639972800494492344e-01,4.541553428257174008e-01,7.220575118564303008e-01,-1.653563471327482437e-01,5.630358320580770570e-01,6.784432030720553009e-01,7.619109227311409160e-01,6.447486872895393795e-01,9.553978622006471522e-01,6.067963975604894200e-01,6.177151997060008615e-01,2.183969732006885711e-01,2.039107504941449767e-01,8.781106289263564957e-01,8.195553593682758375e-01,7.865085945643763843e-01,2.161837625447914357e-01,5.387907232377727729e-01,5.033886062094677927e-01,4.097918973357341788e-01,8.048347014523582477e-01,6.277742807732535901e-01,5.508578892747431066e-01,3.375124040425565575e-01,3.531510911902393524e-01,3.692486894547208909e-01,9.188595406744853866e-01,1.683617576024959150e-01,6.388698657186163699e-01,4.095922042803427088e-01,2.860339962471526443e-01,7.658617906449699531e-01,9.617493571348023629e-01,4.400444824503076391e-01,6.505806816938947135e-01,5.985457347333864586e-01,7.131269970628086874e-01
9.809390949996875664e-01,7.773404729367937582e-01,6.612475758924288849e-01,9.544722324391001766e-01,4.218556248723383528e-01,7.325106126876195223e-01,7.414391957344360629e-01,8.036131527224523730e-01,0.000000000000000000e+00,7.610800191002480286e-01,6.662916698035519225e-01,8.373775825301721376e-01,9.700820664824998385e-01,4.611072159961576711e-01,7.100880139861110996e-01,8.972899254200116248e-01,8.927365801887948704e-01,7.177183969378513329e-01,9.032313360011514636e-01,4.517538839661491834e-01,8.829489053967730650e-01,4.196232564960834521e-01,6.957617419200888831e-01,7.548299121699321157e-01,3.833264749139237426e-01,7.919679083695680966e-01,6.281427689795622271e-01,5.885418174228038701e-01,-1.740418056388267076e-01,5.264519779108960407e-01,3.227621982052656935e-01,6.663448494818231815e-02,6.532417522192255355e-01,5.693982552461027691e-01,9.145763409764223750e-01,1.986305770130310233e-02,4.491274500723372309e-01,6.432022922420355115e-01,9.757034979135822406e-01,1.698317184626498833e-01,4.005665332866935047e-01,2.224408951377986332e-01,8.677116297874172268e-01,9.666528303069551464e-01,7.924903156706248897e-01,3.818126994620346659e-01,8.423128166409487028e-01,7.195473078800433964e-01,6.567328061077783996e-01,9.593249835079885601e-01,6.838688862536678181e-01,3.500169268624184205e-01,7.120574515108303304e-01,4.560680851573815642e-01,5.111825478724750793e-01,1.198127558736682419e-01,2.584499083942927711e-01,6.163237926113788179e-01,9.918007817400569248e-01,-1.745633504213688070e-01,4.737662434825013480e-01,2.961807586393273573e-01,7.002216360853283916e-01,8.197191758836066544e-01,8.165479247901379356e-01,5.180994149531255033e-01,6.007941653574805363e-01,9.672205042355948024e-01,3.904538716804716869e-01,5.687672849511221651e-01,9.436648684151749400e-01,5.176923555425630985e-01,3.257260520960020278e-01,3.676136957367832914e-02,2.141626435091730229e-01,6.530009882168389401e-01,7.460567182353773363e-01,6.769404840299650949e-01,8.149973230564998283e-02,2.375109653666987453e-01,7.468430252604618680e-01,8.084376956438640294e-01,7.157282383566417883e-01,7.393056410385184796e-01,9.620611500024472962e-01
7.192382024535783902e-01,1.451450099831577412e-01,9.251991116349987943e-01,7.258887638672693043e-01,8.081727670500034044e-01,6.444656367892305227e-01,4.229188657835890597e-01,4.035650176945953516e-01,7.610800191002480286e-01,0.000000000000000000e+00,8.909732648394740329e-01,6.164316898009316592e-01,-3.440884479614012004e-01,9.608507815781737182e-01,6.560956688915580148e-01,6.240479891427085368e-01,6.719799437623017457e-01,8.374817632165241221e-01,6.145352034025161059e-01,7.216821238791741866e-01,6.249907095052081862e-01,3.143734739725611016e-01,9.442442395301384739e-01,7.711980528717703454e-01,4.023252469745558502e-01,5.718006087011943128e-01,-2.263926043978918556e-01,5.282024308857232731e-01,3.191265978700364228e-03,3.523948422240017475e-01,3.442703270034526419e-02,4.946855162963328389e-01,9.582733936683602849e-01,8.473253915580730711e-01,4.888365618764320963e-01,3.273082243964169358e-01,-8.005202811228850912e-02,6.721513608442137855e-01,3.356060075711517765e-01,7.614928453750409165e-01,4.191813427665258551e-01,8.204005992716757456e-01,6.266775547009103553e-01,7.168313231863582269e-01,9.117389132742348412e-01,9.024224851278540571e-01,7.047706037562286863e-01,5.206489327104891762e-01,6.036403289275679152e-01,5.259190934982644894e-01,6.096187687115823817e-01,9.069533351706762225e-01,6.247813137732940447e-01,8.260729736482416152e-01,8.280728007820460368e-01,6.750226943857300377e-01,7.798533516831238632e-01,9.087912651124728791e-01,6.212300410415475538e-01,4.679099696240821005e-01,4.015648851964602750e-01,9.359137864186830580e-01,7.701194094262535650e-01,7.804519899826003471e-01,6.857011336439918781e-01,8.910470736010158710e-01,8.182374815825725900e-01,9.632329905742679221e-01,5.487523813065110501e-01,2.538567393201901501e-01,6.031020420474934030e-01,6.726355508540854400e-01,7.621398373662369163e-01,5.303088002910752996e-01,7.138650191006138401e-01,5.227081083486651014e-01,6.122417242637280266e-01,3.953129062779952019e-01,4.254236992813426044e-01,2.936823364968596528e-01,6.594015793439443884e-01,6.765069446863591907e-01,8.049764030473455234e-01,4.526900901381710196e-01,5.795726199694069269e-02
6.342380115351724523e-01,9.632119743324502048e-01,8.588253046447291705e-01,7.312979775661498927e-01,8.045903055651483227e-01,7.948124386047787926e-01,3.814866251568287403e-01,6.022623774702257071e-01,6.662916698035519225e-01,8.909732648394740329e-01,0.000000000000000000e+00,6.687417020763140041e-01,9.918249918841877122e-01,6.570866867068551054e-01,7.165323366671343397e-01,9.304644512911494081e-01,6.108492107428781237e-01,8.334355826339362450e-01,8.648931527931438268e-01,9.392791958180278789e-01,6.858386327942253002e-01,7.246982828049954861e-01,8.575500365338726283e-01,5.153114809657333151e-01,4.429794859506785420e-01,4.340123399479967059e-01,5.414616175005078080e-01,7.664707648515005634e-01,4.270753777719209499e-01,3.795008149008566867e-01,4.274114459437408087e-01,5.570789444306267768e-01,6.703387682250132595e-01,6.151556830418070110e-01,9.967470560213629316e-01,3.615433957811279297e-01,2.767251308507024943e-01,7.437961606179835927e-01,5.907582998297223886e-01,7.231300256413883965e-01,4.084145088220871855e-01,6.446562977975203168e-01,8.976970101966895710e-01,7.468758243966802102e-01,9.799972828650278522e-01,7.379104834336072116e-01,9.154208998763091465e-01,6.120923071613176836e-01,9.536986321636511388e-01,6.293498162394640660e-01,7.057609958844984765e-01,9.296505945061297460e-01,8.143210105478050354e-01,1.752677423644795063e-01,6.098403849209519390e-01,5.964046732680274854e-01,4.038203651287444740e-01,4.299419206659121917e-01,7.271988842641923245e-01,6.906113566960266903e-01,4.344177168406957446e-01,4.352694897939451968e-01,5.194983540800124366e-01,6.096574058382470129e-01,3.361759989256504211e-01,4.102773532381341903e-01,8.635341216431564604e-01,6.196433738036865035e-01,7.861839605891154381e-01,9.369583783915904629e-01,9.196873209285508777e-01,7.389877458994351667e-01,4.723999263274342719e-01,9.000883763451877906e-01,3.587406545304981931e-01,9.724217957492662379e-01,9.183682545359527216e-01,9.090828868841021038e-01,3.174768323142682647e-01,-1.373745106905472912e-01,6.597135955822615305e-02,6.341532283263543457e-01,7.785691647739733101e-01,8.908647409903005521e-01,5.583397975190397267e-01
3.077792146282700703e-01,6.351011972954292428e-01,7.360552392160223389e-01,8.526033897998804845e-01,5.337901362731950483e-01,6.154710817146739066e-01,6.550877628707663103e-02,6.461813763289343537e-01,8.373775825301721376e-01,6.164316898009316592e-01,6.687417020763140041e-01,0.000000000000000000e+00,2.912621731812471415e-01,9.760421981980968997e-01,5.820857264982048918e-01,-2.247186107040534397e-01,6.934007805250458345e-01,6.643750699947150729e-01,9.229125173577499286e-01,9.757217489736591531e-01,5.892579887240643188e-01,6.410959406435118302e-01,9.681014468858478716e-01,4.766546614139181015e-01,2.502977555191511772e-01,9.731817803273573597e-01,6.088270813988938546e-01,9.877401721960521463e-01,5.169689275554749663e-01,5.165188327662341150e-01,3.977916967050678654e-01,7.276716240787708401e-01,6.237178691321154655e-01,8.731953036252231293e-01,3.787472680689075721e-01,5.166914839736121978e-01,2.401187881884085384e-01,7.867502930486972024e-02,6.237988130287294153e-01,8.584584523183231841e-01,2.478537188102569178e-01,8.876409939906377833e-01,6.196681962082236650e-01,9.792002895176008526e-01,8.135033983708915839e-01,9.218273189586715377e-01,7.256837367811506123e-01,8.074494377071557150e-01,5.768076442400786874e-01,9.929988583984079575e-01,6.256800770348155405e-01,9.994682414378148749e-01,6.564463354203939893e-01,9.303930229773951233e-01,6.824757881174393637e-01,6.962455384926490298e-01,4.703027533565796725e-01,7.279446130553948180e-01,9.744030038819945228e-01,7.613266761928706439e-01,6.901748195591121959e-01,6.656543648754249531e-01,9.507535087732141843e-01,9.520997560572184160e-01,9.753298171751567658e-01,9.283677705894197718e-01,9.098589460508335058e-01,8.191944192420058668e-01,4.024257449584909274e-01,7.142926108449113576e-01,7.466580104600049062e-01,8.955898904530871230e-01,3.634361105663374003e-01,4.344306081637580030e-01,3.788160043993054060e-01,7.905027887545504894e-01,8.111774833382126015e-01,7.099597196963490786e-01,5.195814302249219807e-01,7.567485917538070428e-01,5.802209077776295798e-01,8.931525510568977255e-01,8.063608821377412639e-01,7.720090946402020649e-01,4.337570495821445049e-01
7.666719136349720021e-01,9.703635793960647682e-01,6.228485989325127647e-01,7.731454986447459099e-01,7.906991098887010683e-01,5.273010735155616580e-01,3.501021849354982729e-01,7.059862900875434333e-01,9.700820664824998385e-01,-3.440884479614012004e-01,9.918249918841877122e-01,2.912621731812471415e-01,0.000000000000000000e+00,7.439237472494305559e-01,6.101100012173914511e-01,4.342751201093136837e-01,5.996311438361174861e-01,8.923847242939769719e-01,7.963188223557560175e-01,8.348820253381662448e-01,8.171812872066597233e-01,7.719353967941487982e-01,3.411814421834266087e-01,7.355798336786372182e-01,6.300957240467723874e-01,9.881246004360362267e-01,7.635877283685147399e-01,8.877204242019118841e-01,5.608712313381087888e-01,7.355352140093039948e-01,1.489628735906942392e-01,3.898442207504985157e-01,8.354102597205368408e-01,8.386889004768930400e-01,6.169997953998437312e-01,5.156622991902647390e-01,4.323223806590280605e-01,6.011132360710624845e-01,9.028093204343227152e-01,9.962469696155902277e-01,7.801260698646306224e-01,8.618953991834021888e-01,9.386960434076405679e-01,9.763396987213421863e-01,4.628051870767881937e-01,7.903045719328062324e-01,5.408593195488256011e-01,9.411604052131488096e-01,8.622510062844708223e-01,8.317054684642589679e-01,8.785034434231279166e-01,9.194108758648642521e-01,6.726514879055502938e-01,9.896374652586800158e-01,6.777243752894188678e-01,5.759609082533183599e-01,6.950970996203538199e-01,7.466301453902011165e-01,9.690671972093716224e-01,3.437046745765757194e-01,5.185232470591635279e-01,9.553975403059644655e-01,5.801676980924140858e-01,7.922895784802089780e-01,8.332994784392123711e-01,7.157636787440098125e-01,8.148678204676955694e-01,8.982406785892698142e-01,5.265171614842006909e-01,4.259740920386276275e-01,6.280588738003601845e-01,5.300987821541913725e-01,2.500228496443332449e-01,7.506361415543258975e-01,6.425112090468678705e-01,9.520958596415396435e-01,5.258322365751438854e-01,7.011386661943858067e-01,5.122109039721395307e-01,4.517934835768862567e-01,6.922942152493625212e-01,9.534256805991367933e-01,7.004175729784745119e-01,5.131805501345857445e-01,5.830017861648669752e-01
8.189820137778542897e-01,2.012267317146543832e-01,8.741809915202269909e-01,9.977716156554489180e-01,-1.470330563155047843e-01,5.610690907126866245e-01,7.840464213694948725e-01,8.811117239842076732e-01,4.611072159961576711e-01,9.608507815781737182e-01,6.570866867068551054e-01,9.760421981980968997e-01,7.439237472494305559e-01,0.000000000000000000e+00,4.459348504422896431e-01,2.740763259229129223e-01,8.322155083658915320e-01,3.858497116934836990e-01,9.924587316952279137e-01,9.649210389142165445e-01,8.357910298853823416e-01,6.577558764645003997e-01,7.692237275261610829e-01,9.771778630965244350e-01,4.356429180088332020e-01,6.394182670006303137e-01,7.562683104393720379e-01,6.079936077303671471e-01,4.716933486058536018e-01,1.786205210012433708e-01,4.236490616892438221e-01,2.886757047864138559e-01,8.005664234816396718e-02,3.215746415034667072e-01,7.868603163246090659e-01,4.313636691449824756e-01,2.416500522818251784e-01,3.627654334139249759e-01,7.381807026342513955e-01,9.923420001888748621e-01,4.140047108067130277e-01,8.378282911844970871e-01,7.105480753469748390e-01,9.168539435565465912e-01,9.677669695941875094e-01,4.668545944394941194e-01,5.320162001196167001e-01,9.317312952264032999e-01,6.662826059329330919e-01,9.799221191684704957e-01,9.468580668644795972e-01,9.492387277641975984e-01,8.297103091156207144e-01,5.501804122900876282e-01,4.061975224355948155e-01,8.482756917753710990e-01,9.136151797744486158e-01,4.900982233855538106e-01,4.139633019621635213e-01,4.522323296378008561e-01,3.000475829264797611e-01,7.585028264117026353e-01,7.252920478753288602e-01,9.130854823105069018e-01,9.593731805542603519e-01,5.736586037408254457e-01,6.869486962243143147e-01,9.911445111270602570e-01,4.105975411289753962e-01,7.856463845818556502e-01,9.344888939395457061e-01,-1.020641385840128090e-01,7.406853703971985059e-01,3.176587944398790997e-01,4.178700952634071264e-01,8.358433012101327275e-01,9.605884493692087300e-01,5.601043997654634454e-01,1.803501628270863799e-01,2.084628603067705810e-01,4.010316163031811820e-01,2.494868797539429583e-01,9.926773056336354317e-01,3.587034997295851513e-01,4.737185744287182865e-01
8.912475561899950716e-01,7.323033488411898606e-01,5.301625125191191668e-01,6.956643915960192270e-01,9.163052224051598804e-01,6.624777145920969224e-01,2.887358053861204255e-01,5.292703712042058362e-01,7.100880139861110996e-01,6.560956688915580148e-01,7.165323366671343397e-01,5.820857264982048918e-01,6.101100012173914511e-01,4.459348504422896431e-01,0.000000000000000000e+00,7.342513003762289880e-01,8.843598085634685191e-01,2.074654850656950100e-01,4.012433880284478338e-01,2.345861363613084560e-01,9.646551047739887474e-01,6.896232769284683650e-01,7.808024535740317740e-01,7.540221711415182604e-01,9.300838458145208598e-01,7.865446185057816120e-01,7.651606985686214557e-01,5.111800807610004105e-01,4.091526524153399347e-01,3.903682048955690043e-01,3.700870153291617726e-01,8.639401448984338483e-01,7.997185263175301539e-01,2.213526720275831305e-01,2.966242235841743957e-01,7.757698547896672014e-01,-9.472649461687909778e-02,4.324912266640436598e-01,9.166286926066185003e-01,7.410162966678053298e-01,2.906355101206026803e-01,4.364560672351885939e-01,9.078034172207071206e-01,6.432472783800957661e-01,9.375374537105642947e-01,7.579072838534920420e-01,4.353433000334688829e-01,6.426319211984889979e-01,7.412192196138682743e-01,5.747048326140820063e-01,9.172508733961345362e-01,2.129581444361560993e-01,6.680560710921783496e-01,3.419093049938748408e-01,7.624197419234255424e-01,8.955310777301277447e-01,7.599641382796170630e-01,9.644162426161247970e-01,8.825459823645004365e-01,3.225125059473240574e-01,6.123794489901560612e-01,2.973419797199649550e-01,9.840907486590508846e-01,3.476941495177831021e-01,8.130879173311089669e-01,4.532526008749477309e-01,5.339835937635215579e-01,9.198360481788052656e-01,5.832558733980001131e-01,7.650646715318396573e-01,6.589995322873277717e-01,9.328245679795514889e-01,5.901302263862999720e-01,6.067327897782737178e-01,5.311346500783652447e-01,4.916381995695126017e-01,7.450813707648656914e-01,4.029344983451791373e-01,6.949639050022744513e-01,4.063539142112411184e-01,2.644210070973508353e-01,6.049893973160300753e-01,9.456839353249875124e-01,3.897092904327151830e-01,6.224854839088501679e-01
7.116736686811218071e-01,8.944966307630035640e-01,8.849381428203494382e-01,9.435004056571313358e-01,4.921658027985904571e-01,7.147554030020030202e-01,6.234548868807948674e-01,6.355027853409708216e-01,8.972899254200116248e-01,6.240479891427085368e-01,9.304644512911494081e-01,-2.247186107040534397e-01,4.342751201093136837e-01,2.740763259229129223e-01,7.342513003762289880e-01,0.000000000000000000e+00,7.691361476550515608e-01,6.503525057710395352e-01,5.381060188715468540e-01,6.915259018585565576e-01,7.420577727338011353e-01,7.372947092275207170e-01,6.237273218371791605e-01,7.481430004466207428e-01,3.009887250227508138e-01,-3.603024227524598277e-02,7.062645441224834064e-01,7.074082914141600620e-01,2.146899061598689928e-01,7.704788853861778142e-01,7.175014345109319291e-02,6.696111799163939615e-01,6.160377670603387479e-01,5.497308859164727890e-01,4.620871442980054589e-01,4.304718971958050311e-01,1.486097017623085603e-01,6.655788325590062948e-01,9.046886730580865343e-01,7.308064973032653011e-01,2.779851797127061430e-01,3.506402670876006544e-01,9.156510456488827776e-01,9.547139909974827754e-01,7.112529686715538535e-01,5.927185105057483083e-01,9.162498167016389639e-01,7.991574976087183479e-01,4.107996820147060135e-01,8.574324432849862454e-01,7.042085102286091969e-01,9.395407465501743882e-01,8.277526419346722397e-01,7.286360101463087435e-01,7.401620215240112266e-01,7.458589093293528371e-01,6.666716253582560814e-01,8.467075969172768168e-01,7.424829753785759934e-01,4.259549655461060125e-01,2.251221295213165219e-01,7.082467291012798372e-01,7.130445530495134188e-01,8.970884821845471757e-01,9.723884512139173708e-01,6.299362132786522350e-01,6.959752221932665739e-01,3.863746809482776490e-01,3.589547401515493785e-01,3.117009516638697408e-01,9.531973381256992894e-01,4.163776732991569252e-01,5.602486902528091006e-01,4.943599941541723108e-01,6.271467124145123639e-01,6.762171370184295593e-01,7.877496878170013872e-01,8.466309472689037552e-01,4.932491259027965147e-01,4.616730994851223069e-01,5.655312997235268924e-01,8.786639613298194984e-01,7.838907847356674230e-01,7.012291088075223167e-01,4.776417508327100436e-01
4.095934864288818811e-01,7.646353256683029453e-01,8.582395408806601234e-01,7.808491191307643797e-01,6.994685617668713329e-01,9.671455094669700880e-01,7.624929060242154888e-01,9.024712461718187306e-01,8.927365801887948704e-01,6.719799437623017457e-01,6.108492107428781237e-01,6.934007805250458345e-01,5.996311438361174861e-01,8.322155083658915320e-01,8.843598085634685191e-01,7.691361476550515608e-01,0.000000000000000000e+00,7.978262160850516649e-01,9.861391877110152748e-01,8.099420824563735577e-01,7.802944451731794739e-01,7.411338904055084775e-01,9.542613211571079335e-01,6.452323425293443604e-01,8.674625517404922492e-01,4.511719084499086763e-01,9.627846319637667349e-01,9.886851109998227027e-01,1.902735961409700582e-01,2.988832664094592251e-01,4.547173359193406456e-02,8.074534295125206373e-01,4.018949805826196320e-01,9.151746945304672920e-01,7.185024914186544098e-01,3.724497985461515670e-01,8.722702363846564222e-02,9.190654246553964235e-01,9.191628389522974452e-01,4.908208032766028794e-01,5.901615681369833943e-01,6.028007769604355470e-01,9.959004991784471406e-01,8.999078738702865898e-01,9.738818929018612236e-01,5.063733551561379054e-01,8.719449366849527649e-01,6.386904487889060178e-01,6.096013676775540596e-02,8.216049057974106340e-01,5.706850032524245497e-01,7.697265986503709634e-01,8.025080286241446093e-01,9.519636700518415706e-01,7.378925699535375804e-01,9.726478285246092925e-01,2.094841779988917962e-01,7.836020743502970509e-01,6.927264390018388340e-01,-1.160243547652344831e-01,7.702231851584083744e-01,6.253988423545385755e-01,6.472315464830644682e-01,9.175557341951251500e-01,4.876225709366998062e-01,9.798642679848087456e-01,9.221182097827144153e-01,8.574169098392533384e-01,8.971380352362732236e-01,7.738029577535777692e-01,5.577960683543395914e-01,6.009822649322845711e-01,2.775613371887966085e-01,7.309029383482992248e-01,8.921014358685024348e-01,9.491718641270380230e-01,8.577160890625135092e-01,9.580849881711254179e-01,7.526792751539759241e-01,7.410782980452258473e-01,9.075243748933849997e-01,6.588985286437827327e-01,7.515979541340505055e-01,1.623376908677144348e-01,8.340150743683066858e-01
5.813651975312903453e-01,8.925915814997881226e-01,3.416019536643490895e-01,2.870150134538413944e-01,6.528971814995977452e-01,5.310921348064940872e-01,5.227202705230510338e-01,6.870970799234017434e-01,7.177183969378513329e-01,8.374817632165241221e-01,8.334355826339362450e-01,6.643750699947150729e-01,8.923847242939769719e-01,3.858497116934836990e-01,2.074654850656950100e-01,6.503525057710395352e-01,7.978262160850516649e-01,0.000000000000000000e+00,7.990566901364648533e-01,8.181960863886000856e-01,9.260857047041788359e-01,2.984255008397750375e-01,4.963582510885141685e-01,8.010964439733824216e-01,9.681718197925972547e-01,4.102101150100623261e-01,8.714677983829732799e-01,9.518815148922532554e-01,7.262695371971126246e-01,6.560213434684378786e-01,4.537395591244766102e-01,5.734751531799301416e-01,7.132134887699403958e-01,4.017270488944301166e-01,6.173355872640298170e-01,7.168348336143999244e-01,6.582387787798502643e-01,3.427325151803152781e-01,9.109650344610523698e-01,7.126239532674213395e-01,3.329665226406601786e-01,7.617664630643381507e-01,8.991143731366325609e-01,7.861243780174946849e-01,9.250293587131142026e-01,7.950740452981832629e-01,9.582540297942074847e-01,7.974117923652637163e-01,6.162709769878798038e-01,5.311612559051351878e-01,2.917356671764085863e-01,8.351696263555605793e-01,9.820363976909487480e-01,9.447185777287741004e-01,5.086191658341566724e-01,8.286005756430492308e-01,7.562505054488614098e-01,8.260109914705742185e-01,9.054088740258672274e-01,6.943621087403557546e-01,2.001992316294389784e-01,7.938416926914972915e-01,5.375330368739715814e-01,9.158123128914298361e-01,8.630281745679165839e-01,3.150513359519477863e-01,9.939352382831611044e-01,9.165153047914583739e-01,1.051651635025851184e-01,4.355187994432464516e-01,4.132910849649800156e-01,6.221205156172026074e-01,3.605868638704385898e-01,7.849586777317333341e-01,9.629666366801574728e-01,7.659695803759560828e-01,9.591203823822453955e-01,6.993873996333961340e-01,3.325173225303711400e-01,3.170846414511322431e-01,6.329886128955685143e-01,4.805756636245738234e-01,6.369884209932497043e-01,4.379198420576945749e-01,6.778812301576756516e-01
