0.000000000000000000e+00,-2.329059180770864934e-03,8.867716520249518952e-01,6.834355991165008692e-01,9.700578880929170422e-01,8.873216428249725007e-01,9.823115655738527963e-01,9.654750553373958599e-01,5.237985936713350776e-01,6.811386406465608223e-01,4.319082486668712750e-01,9.963329138722865075e-01,9.458221825112308467e-01,8.880044918312999247e-01,9.519855145108775396e-01,9.029501075195273119e-01,4.954955226114037270e-01,6.065787421590077555e-01,7.757749260467666774e-01,9.799313065170678350e-01,5.175697296195032049e-01,7.971924664131376792e-01,8.310763327565805492e-01,9.265732495507896793e-01,6.469166377208909191e-01,8.624726048080427754e-01,6.844461376078925241e-01,7.468781599631124646e-01,6.874092527335993186e-01,4.871038927193770962e-01,5.152579889334094609e-01,9.308833728191290291e-01,8.917831010759451615e-01,9.397850303827185448e-01,9.799714446369947041e-01,6.650284376379125284e-01,6.017160598098811874e-01,9.063038818448635459e-01,9.119070689120121198e-01,8.644569602747543824e-01,2.746852550571221574e-01,7.687466911006752834e-01,9.010068909947636095e-01,7.169441422487511373e-01,9.965528677013233416e-01,8.638127162450053298e-01,2.863456471344103527e-01,8.989161674670016478e-01,9.819464028512112641e-01,6.679873094564156011e-01,9.709466380911622174e-01,5.723886076045808791e-01,6.869324979692932320e-01,8.233096173926643946e-01,6.159792295420921659e-01,5.612200428081951520e-01,9.379690400474688383e-01,9.917912474450317761e-01,6.872352684683921131e-01,4.506164725843112007e-01,5.279848747051510971e-01,8.495162664262380092e-01,4.928441708619996087e-01,5.697145756229042846e-01,7.296259080127780461e-01,9.516228294248343378e-01,9.126790643120774593e-01,8.952916157721766410e-01,9.122316846730841311e-01,6.943308129605719747e-01,8.995136779073005240e-01,8.149966239647508104e-01,2.849327564283909986e-01,2.538551131820505624e-01,9.035354956056931286e-01,8.472666187615720546e-01,4.780374928946274915e-01,6.468526512227064096e-01,-7.781187016881319085e-02,7.957135580005906261e-01,9.590289948043239088e-01,8.208039978879163590e-01,8.062602772128685258e-01,6.841454637021899821e-01,3.971415954831054029e-01
-2.329059180770864934e-03,0.000000000000000000e+00,9.419191471022775319e-01,7.593360749346264038e-01,7.632940399991885450e-01,2.980729012961123026e-01,9.033077092095750382e-01,9.407465749646295450e-01,6.208366033499623793e-01,9.350852592401148744e-01,7.609407363101551303e-01,6.935096741319778380e-01,4.999652729251993222e-01,8.219319295303433304e-01,2.774044203602887282e-01,9.395655315393018903e-01,4.665500700035605797e-01,7.296671319411045520e-01,6.955471786403116807e-01,6.993952150259051814e-01,9.657990051593696723e-01,5.319556897428006081e-01,4.557272145498271754e-01,9.137004024350670051e-01,2.427578379263075903e-01,7.885258709503246699e-01,8.012341490906264019e-01,7.373254914341453858e-01,4.975111600403717693e-01,2.689836719682911492e-01,9.561761426138515318e-03,4.668262177320484652e-01,8.643737155631827651e-01,9.432699998436798738e-01,7.367633409339936490e-01,2.021158660338643609e-01,3.651324121453512483e-01,3.227312107634731642e-01,7.489289912986175635e-01,7.710043233296319798e-01,4.734869958993475070e-01,7.585088127050949591e-01,7.022036325108674815e-01,9.236186138464017592e-01,4.251412883391930686e-01,9.042738529396560088e-01,6.545479429838935159e-01,8.504696107686653406e-01,7.650197230817569194e-01,5.842001904999323258e-01,7.980956607068081521e-01,7.960456731715763734e-01,9.188121872716467076e-01,8.508971244320485683e-01,2.753531616475330956e-01,6.274287025211175983e-01,6.753172793665657148e-01,5.492156134245146371e-01,4.137328517197162991e-01,5.229078966346476509e-01,5.792296170911103159e-01,4.735147282739717300e-01,7.083138956559578148e-01,6.951091799420534567e-01,7.947462693134113021e-01,6.659462377435052538e-01,8.324645635174878766e-01,8.396058439042001220e-01,7.814058974929904977e-01,7.136178413078994032e-01,6.101482807829545774e-01,6.971426707068472117e-01,4.044563758758434879e-01,6.106504592560544342e-01,7.000557833475469227e-01,5.890729810208521489e-01,6.636776287747263581e-01,7.348246081634119964e-01,4.375822627235300688e-01,2.869591182995738232e-01,6.910623861029167037e-01,7.350839351093446661e-01,4.944177254871741090e-01,4.028288598998865933e-01,8.347078275938186742e-01
8.867716520249518952e-01,9.419191471022775319e-01,0.000000000000000000e+00,6.253060924908943052e-01,8.560290875191898241e-01,7.602937942683739569e-01,4.334804540118223359e-01,8.628495644202416326e-01,9.516148915422336652e-01,9.644503660038500348e-01,2.572793426561554297e-01,6.752415270434818095e-02,8.070109560239011603e-01,9.496906786435995729e-01,6.244024942704343717e-01,9.391548613103175569e-01,7.291561382840405781e-01,5.021259437499080436e-01,8.543211966721806494e-01,6.113085976877395966e-01,9.990457554923546368e-01,9.377952068760198046e-01,8.879335525864886502e-01,8.390523016874879003e-01,9.838185224116615668e-01,6.274950265938893379e-01,4.387294299655838392e-01,9.957539833356543468e-01,2.283693146806068663e-01,7.409172985597609618e-01,2.268985988803386422e-01,5.457705918630136877e-01,6.249053691172176128e-01,4.920252804414358971e-01,8.974602579637926958e-01,7.498551061506688598e-01,5.061520991425718652e-01,8.903800414074866110e-01,9.005793502055129407e-01,4.713744811074583874e-01,8.124249600568780316e-01,8.098011933151142427e-01,8.089115908914100705e-01,7.521988664796357416e-01,8.041022389541184756e-01,8.387013939804208729e-01,8.700603888487443704e-01,6.412707512709664437e-01,9.864025043181323671e-01,7.801204361060618542e-01,7.744594360604534211e-01,9.428830093956290792e-01,8.966464417448933855e-01,8.505779106629381969e-01,8.857847657151254328e-01,8.659238920803907780e-01,6.660744345964514368e-01,4.885052142694251143e-01,6.437130501316803421e-01,6.123103021271631974e-01,4.913450421258523937e-01,9.141078072406555455e-01,6.101462634882183211e-01,8.982132265366196133e-01,7.341643905111849833e-01,9.744065565118009697e-01,9.095335191236988415e-01,8.943225863950080567e-01,9.982598194358239807e-01,9.323354069411462497e-01,7.648668682917756367e-01,9.064787405359866490e-01,4.144009203010877163e-01,5.448199808967959523e-01,3.247278273946105909e-01,8.496661733970979347e-01,7.666173349811236104e-01,9.933289045195494715e-01,5.101102902080953960e-01,7.694699888608349525e-01,4.241750922335499885e-01,8.914212581006941694e-01,9.788621603658677062e-01,6.330601153733581565e-01,9.859584665104564882e-01
6.834355991165008692e-01,7.593360749346264038e-01,6.253060924908943052e-01,0.000000000000000000e+00,6.455881108002967661e-01,8.451272171074003525e-01,5.337169331279103535e-01,5.532799772613403722e-01,7.902179256872512436e-01,8.011759653802730252e-01,7.787137173181831740e-01,9.974539832174235121e-01,4.578734345939756700e-01,2.791531734037498019e-02,6.018389064174045622e-01,8.433570455980060609e-01,6.977821878823641244e-01,9.459515440208342563e-01,8.351054763127074843e-01,5.416424599252639416e-01,5.094564713234825959e-01,4.657789006025695455e-01,6.973530471361930605e-01,9.310746676786983977e-01,2.359932222973940841e-01,6.767022541388996171e-01,8.609474919465611720e-01,5.417358528327743672e-01,3.964125554478489244e-01,4.723582659352848490e-01,4.731106870995694935e-01,7.824798717732609488e-01,4.257564696181204145e-01,4.690677605839507214e-01,7.445341334887980445e-01,7.422552940727462634e-01,2.351784706786393953e-01,6.622281227328308262e-01,7.898651077111000784e-01,8.542249213007448994e-01,2.773401265102911628e-01,9.292334273576227099e-01,7.756905895319512467e-01,5.600256284157907327e-01,9.079467593664662939e-01,8.590341894961359692e-01,6.068516551826313998e-01,9.629903620651697471e-01,6.287930936817367478e-01,8.327185663354111922e-01,9.067913309828601331e-01,9.812056513387088508e-01,5.731087090928679295e-01,7.119573737740252373e-01,5.395034501300897123e-01,6.513649790897128034e-01,9.004619618692233374e-01,7.549451341433489615e-01,8.134922753646949278e-01,2.213813441632299095e-01,2.924649837864854995e-01,9.201018290367959374e-01,7.456314014745810681e-01,9.634806903579090642e-01,8.833976474634708254e-01,4.152289772946007873e-01,3.105108460532224890e-01,9.858634621351898275e-01,4.191663133588219292e-01,8.768245073111033960e-01,8.313345298082935875e-01,9.086094963816505610e-01,3.862605385343821363e-01,3.285120826722649490e-01,4.665243739727039651e-01,5.607876297756342505e-03,4.127916265234152782e-01,6.059556417300779874e-01,-1.280344622734505555e-01,5.025051042021666525e-01,6.459389447232093406e-01,4.260180515709582338e-01,6.037068578504057870e-01,1.024586640588187880e-01,5.806764251331237858e-01
9.700578880929170422e-01,7.632940399991885450e-01,8.560290875191898241e-01,6.455881108002967661e-01,0.000000000000000000e+00,5.568303048523075560e-01,5.396348602713231246e-01,8.218258011356800452e-01,6.212397116126333607e-01,9.757574514245207498e-01,6.601347416220975095e-01,5.628076740435263847e-01,7.947659012021014435e-01,2.852051386079896278e-01,6.773226715068474402e-01,7.423230289956812555e-01,9.817105793724530960e-01,5.752290747316706199e-01,8.133003708526193032e-01,7.127701239717071369e-01,5.591148250908188899e-01,4.541869184749512955e-01,8.058077796131172255e-01,7.480589228075672503e-01,7.849534157375844812e-01,6.304040670027198923e-01,3.282962927152970334e-01,8.259741992765581298e-01,6.398535852970731463e-01,3.328465864078242187e-01,2.283795853788704311e-01,7.503367174517949767e-01,5.095256472115564650e-01,9.938134167077791181e-01,2.586140550896168233e-01,3.668838611852265341e-01,1.539391224694639793e-01,4.835948858447826071e-01,8.961128896739244398e-01,3.467689732396111307e-02,5.110152565078993625e-01,9.802025862881494911e-01,4.004698462405797965e-01,6.906456678310954889e-01,6.819737718720051411e-01,8.759316961434944204e-01,3.860851781515973746e-01,9.943632141412090952e-01,7.003855775475660295e-01,6.685232651205463839e-01,7.749298205723552657e-01,8.366559752102646907e-01,7.424523013553889772e-01,9.979792166777770035e-01,4.620999381490713542e-01,7.236525541469327472e-01,9.062887551049761958e-01,8.931476199640128177e-01,7.774273523728970625e-01,4.918254216504533982e-01,4.599944162943773174e-01,6.150329188729727337e-01,7.185041194501490258e-01,7.089986344017524811e-01,8.594691642590960301e-01,3.637239865827924801e-01,7.280914771793565166e-01,7.708468725749942907e-01,5.887314978858166903e-01,9.464396431070678517e-01,6.781355391895134144e-01,5.409449266719839056e-01,3.165229576590063987e-01,7.853920644572722765e-01,5.877837151774734092e-01,9.732539498165715397e-01,7.821665550024539115e-01,5.687024273316451106e-01,6.425820211430233186e-01,2.227855717541285807e-01,4.438336313461955229e-01,5.136090046819447030e-01,6.589471817712353463e-01,7.678173815866083940e-01,7.929261286140504295e-01
8.873216428249725007e-01,2.980729012961123026e-01,7.602937942683739569e-01,8.451272171074003525e-01,5.568303048523075560e-01,0.000000000000000000e+00,5.602904537342986435e-01,7.866944263636260759e-01,6.589041301328372180e-01,4.890671754227853274e-01,8.405256911503375949e-01,4.109689687666714386e-01,4.403404455793611394e-01,6.206018313686969545e-01,7.717624702035545958e-01,6.953807576869510676e-01,9.447056206104373910e-01,1.257762099940011036e-01,5.199516155240971882e-01,8.036504378244493374e-01,4.033537471854362622e-01,7.944299644446690678e-01,8.837412768479923075e-01,4.193481925659299503e-02,5.665084368141886095e-01,7.239495573076700774e-01,5.823573792954387374e-01,7.004707838822781252e-01,8.717225620688121013e-02,4.430786006876107908e-01,7.156452107984300204e-01,9.389261431697432103e-01,8.220524356041551961e-01,9.157528122668119330e-01,5.667131485909753241e-01,5.118419795384869797e-01,4.005229844946345819e-01,4.308046583357560411e-01,9.328820266801298722e-01,6.834765649600839099e-01,6.181688729562464513e-01,8.868911255707097041e-01,9.524611834188879689e-01,9.711789888340494059e-01,9.623046282082554637e-01,7.728331692669960784e-01,5.312695804233962260e-01,6.943534029627835835e-01,7.538841978773276331e-01,7.212017670379862189e-01,2.307003871616204183e-01,6.114375432217308282e-01,9.460079838445979439e-01,9.884088402514747962e-01,9.207115376791662475e-01,8.484271794421326396e-01,8.640560922728341975e-01,7.274324657226082236e-01,7.418982085160551465e-01,4.268607974410331685e-01,5.038893090868566960e-01,5.066386859163813927e-01,7.821801484588568609e-01,7.629944448013187275e-01,8.831509647034623267e-01,6.203087985114422720e-01,9.090250837869363609e-01,9.506085035125589888e-01,4.542094678825012721e-01,4.453908406877708503e-01,4.265897650712816569e-01,9.505139438600861135e-02,5.857885914393972104e-01,2.494463039594126130e-01,6.584736321074173837e-01,5.549369561809633922e-01,7.088827554190051394e-01,8.295084242266358432e-01,7.281450270708788031e-01,5.433794447860395005e-01,5.787686395109803428e-01,6.773529763333802078e-01,6.706684939301578163e-01,8.211275036148915074e-01,3.353557771431270318e-01
9.823115655738527963e-01,9.033077092095750382e-01,4.334804540118223359e-01,5.337169331279103535e-01,5.396348602713231246e-01,5.602904537342986435e-01,0.000000000000000000e+00,4.928419742037644102e-01,7.318149563137813507e-01,3.513156647479287464e-01,7.252563897487893652e-01,7.238986452727098619e-01,4.136934206637881140e-01,3.695020320342031761e-01,2.854489512443744714e-01,5.562157731085874968e-01,9.429074601342293249e-01,4.529693346194163528e-01,5.556575579656322095e-01,9.066825657140689110e-01,9.605844619575468757e-01,3.519051047235682850e-01,4.979515698394139100e-01,8.991066318970456495e-01,6.689662399150899663e-01,2.698532631314569663e-01,7.914297279770607929e-01,5.192493668787399042e-01,1.617707084921494731e-01,4.821752800107026449e-01,7.973682605670731061e-01,3.192655851641252873e-01,8.241620748701825594e-01,1.342453968894695149e-01,7.745615123759885812e-01,5.190042015196330016e-01,4.615788028994334269e-01,9.743590358036502419e-02,6.383133090692014733e-01,6.915901155100568909e-01,6.761959115531961106e-02,6.351030938125195036e-01,2.310037527526020151e-01,5.546605508459043765e-01,6.079856008724687788e-01,5.055282262027905871e-01,7.711406516595787908e-01,3.893510099667719659e-01,5.059333384850549509e-01,4.103558639017721443e-01,7.738053834029552380e-01,-5.663974846280409037e-02,7.573743761881350789e-01,4.894338908205799754e-01,5.194337171355468685e-01,4.296021101486675042e-01,3.219146644534518625e-02,9.612365187954761137e-01,3.399117998982018607e-01,5.092914541287709707e-01,5.523736204870968169e-01,6.255207492681433834e-01,8.729402284965677161e-01,8.618172819769986948e-01,3.018543135006677702e-01,1.734044071702292855e-01,5.900141664141355102e-01,7.583496777069063111e-01,1.805940014316245457e-01,-1.347363850153329712e-01,4.586295166336167295e-01,5.602761679455693367e-01,3.780913722413030698e-01,2.957186919961312180e-02,2.422261615915137778e-01,7.109539304234854251e-01,7.169489238961196387e-01,4.496450426733429317e-01,9.882703424379601920e-01,5.476925320256683660e-01,7.195531115355959795e-01,8.239208183487327641e-01,5.432526316360821728e-01,2.960625175200948256e-02,6.090177144891389949e-01
9.654750553373958599e-01,9.407465749646295450e-01,8.628495644202416326e-01,5.532799772613403722e-01,8.218258011356800452e-01,7.866944263636260759e-01,4.928419742037644102e-01,0.000000000000000000e+00,6.687166294717115100e-01,5.378571157398021052e-01,4.772799240240289120e-01,3.852685635285375554e-01,9.314094774760282025e-01,8.245052391573137740e-01,2.645583680950266414e-01,7.190484289302520038e-01,8.400881960612838206e-01,6.673624635781469916e-01,2.484072912860644800e-01,6.135979145176158056e-01,8.952152887857794950e-01,7.714052288091239884e-01,7.744092759645063717e-01,9.294497481161058117e-01,5.468700725868100854e-01,8.483601383025634046e-01,4.776058860920177063e-01,2.240188224572594866e-01,7.946004693207873171e-01,6.945285207862368360e-01,4.632570729203367987e-01,4.628047881929974738e-01,6.210272622599964931e-01,6.906507764112392866e-01,6.155327679319136935e-01,1.423464539259700198e-03,2.049637936138389571e-01,6.259327749309013811e-01,8.473218745698783971e-01,-1.059615695954344572e-01,3.063409749753582267e-01,3.053952868258660858e-01,7.711904295050705516e-01,8.660958156799440921e-01,8.602436520642957607e-01,5.442365692460188198e-01,8.322363624708593033e-01,6.887265078122030149e-01,5.007185384019453567e-01,5.079794286654011337e-01,5.358633623017079461e-01,7.346071099899487145e-01,8.859167274313991536e-01,5.144736749239404716e-01,9.239204738498651981e-01,9.023192570058536921e-01,7.493855301535600200e-01,4.606696293497117844e-01,6.490018054359444344e-01,5.876254721478892940e-01,6.123678825634071288e-01,5.067475123428082373e-01,4.165567740308582789e-01,8.692330172495777996e-01,9.022718399375924125e-01,5.378635426134482644e-01,7.634611825803655494e-01,8.576650280056374864e-01,9.587839166312248640e-01,6.894521735552006092e-01,6.111281912881912914e-01,5.806745630727926377e-01,5.383912862844983938e-01,8.842278424224296884e-01,7.941259004024292523e-01,6.667381246704009445e-01,5.744901270878020050e-01,7.911119771547878710e-01,4.563991368669705895e-01,2.871209521666036601e-01,6.029403221995194295e-01,7.057360536615310265e-01,3.062209170796318380e-01,-1.278647101303873324e-01,7.136512965515465767e-01
5.237985936713350776e-01,6.208366033499623793e-01,9.516148915422336652e-01,7.902179256872512436e-01,6.212397116126333607e-01,6.589041301328372180e-01,7.318149563137813507e-01,6.687166294717115100e-01,0.000000000000000000e+00,5.914066810754921022e-01,5.640975264183525351e-01,9.442069767203477015e-01,7.348341836334907340e-01,6.057731629218395808e-01,6.098343451865180231e-01,7.453171527250614936e-01,8.917601249134213814e-01,6.698889853594919286e-01,6.781702186797683440e-01,5.910889349688175365e-01,5.443389838498549071e-01,2.264592431019404606e-01,7.322888469574924120e-01,7.269225330599892176e-01,3.942512718062335386e-01,4.108759215646644036e-01,6.710258718379071841e-01,4.092765940354561316e-01,1.905721905257012905e-01,1.692506318673576704e-01,4.207403123005352685e-01,7.262226732805121543e-01,6.480461041337195471e-01,7.694839540795397337e-01,3.595908305891901691e-01,5.751252031453186753e-01,5.075199824799443427e-01,3.575105398851853855e-01,1.198985767025636529e-01,8.818766140525654551e-01,6.066829003856909486e-01,9.102697471721495903e-01,7.877663073591761878e-01,2.883362648715561138e-01,6.910102376254220191e-01,8.245612636682774221e-01,8.611987509150336173e-01,8.987871880078709408e-01,6.670200059192274988e-01,4.119118287350518326e-01,4.474461325262595324e-01,7.611881809705929314e-01,8.549241952005439682e-01,5.231571682948495949e-01,3.142735050508501660e-01,3.356838444363813845e-01,5.757655075223029328e-01,5.135933095781279878e-01,6.978151287350542464e-01,2.802628467344365770e-01,5.188821868935779014e-01,8.452559318229586616e-01,4.678119022480887734e-01,8.772619561873797878e-01,9.543780768039301643e-01,9.839214674468164112e-01,7.167510527019843591e-01,8.095335404985851691e-01,5.308341918842715002e-01,7.960737197739591320e-01,9.361398399520464153e-01,5.790596993094618838e-01,7.997862678229999966e-01,2.799260396349886881e-01,1.711129759451010257e-01,4.803011152763596026e-01,9.793817442260053241e-01,4.938316766348873621e-01,4.837514606954598784e-01,6.739059389509254316e-01,7.386269284689115366e-01,8.032049957476730118e-01,8.702075161742240939e-01,4.658499784738157068e-01,7.407557260000950938e-01
6.811386406465608223e-01,9.350852592401148744e-01,9.644503660038500348e-01,8.011759653802730252e-01,9.757574514245207498e-01,4.890671754227853274e-01,3.513156647479287464e-01,5.378571157398021052e-01,5.914066810754921022e-01,0.000000000000000000e+00,9.798875749771912558e-01,2.628380585340563957e-01,8.773135620815112334e-01,8.449443706907454610e-01,9.579562231005466222e-01,-1.904779989826513309e-02,4.796430807943511399e-01,7.878919404718451869e-01,1.011357742996672332e-01,6.120938019614148295e-01,8.620107963336747225e-01,8.395608124503651792e-01,9.080922705494917091e-01,8.726052340229024651e-01,7.768195936837205551e-01,8.664948012803966870e-01,9.050105355867807955e-01,2.479792879141096973e-01,4.258192661586340244e-01,7.804907677175426661e-01,2.756976432881522721e-01,7.191969943496085982e-01,5.332245525685461729e-01,7.111160116336006087e-01,4.851688503951216425e-01,2.214494029975824507e-01,9.970278229216766874e-02,7.290196032773653689e-01,9.678547299237056922e-01,8.674120166722568692e-01,3.202362525507084778e-01,6.881035673958468823e-01,2.665177376380116758e-01,9.362163345210274823e-01,9.190437483459221735e-01,6.903786980761285053e-01,7.272205259434286750e-01,6.266932477985017735e-01,8.664821439563967775e-01,6.010270153944905491e-01,3.950826393345139298e-01,8.712158630051813901e-01,4.158399983636096864e-01,3.933981145738598695e-01,6.567934179757004554e-01,7.147473869072260566e-01,3.638708160227575039e-01,8.504598912561567303e-01,6.737046592961298819e-01,2.804067722033889987e-01,4.366122329600896634e-01,9.401142186795998779e-01,4.523784673099612297e-01,4.413609771306951091e-01,6.866676037049749270e-01,5.600279707538872165e-01,7.146075830496428916e-01,7.834763943732385716e-01,9.725525421147743765e-01,9.052993996249169006e-01,6.174673081059081081e-01,7.314222615222434332e-01,3.107918870598807004e-01,3.268108899687353075e-01,5.766462360740384208e-01,8.170121288882780108e-01,6.284653283638002019e-01,3.343623665929073008e-01,7.343487430864683585e-01,5.078662793635235762e-01,5.739097120145459918e-01,8.634100071445542923e-01,9.830489875603255490e-01,2.234902558753908974e-01,1.492518947445433709e-02
4.319082486668712750e-01,7.609407363101551303e-01,2.572793426561554297e-01,7.787137173181831740e-01,6.601347416220975095e-01,8.405256911503375949e-01,7.252563897487893652e-01,4.772799240240289120e-01,5.640975264183525351e-01,9.798875749771912558e-01,0.000000000000000000e+00,7.300388843103626790e-01,8.022937797561140449e-01,7.812397407754951839e-01,6.331385041125142665e-01,5.015423889274563951e-01,2.790119947795962063e-01,9.161833784934342306e-01,8.564455330236508956e-01,9.532908579907151125e-01,9.620598327831892949e-01,7.440979067559736482e-01,1.383590895259364240e-01,8.790979433694182665e-01,7.064686766864880507e-01,6.073319369952482338e-01,7.765518643942961319e-01,9.460867827276434605e-01,2.890631866321696775e-01,4.021228867155284825e-01,2.768629519655455562e-01,4.996585157707507663e-01,7.861298288855234073e-01,9.679334012751013017e-01,8.178908983541179900e-01,6.707725601980225605e-01,2.027932655998889722e-01,2.880619005808159883e-01,6.489695034393428985e-01,8.973349630397586818e-01,9.584123477143644543e-01,8.942886280300740287e-01,7.135967107910786700e-01,6.507496401080180570e-01,9.391976909445645116e-01,8.828548525967033767e-01,2.937231856981513123e-01,9.201384386687841976e-01,8.418887815491480353e-01,8.276793051391385658e-01,6.588865200298046343e-01,6.346286084117489512e-01,7.174217577243916510e-01,8.923357633053711213e-01,6.648986612798262197e-01,7.951441066422327841e-01,6.857582574135913100e-01,6.884870766910043960e-01,8.204635490702418821e-01,5.378598569263958185e-01,5.495988250946857168e-01,4.800311264223851293e-02,8.428221522673509103e-01,2.544809830724914512e-03,6.776497637851065514e-01,9.603283258337251826e-01,7.184852337894892527e-01,5.155052102514491308e-01,2.499283440212820562e-01,6.117926707508614115e-01,7.265034691156009306e-01,6.938284797371911949e-01,7.295386215871876301e-01,5.450192689888636588e-01,4.498260381866568403e-01,4.200868378223141519e-01,6.114401310403132506e-01,4.092789647771570838e-01,7.367604907646024825e-01,7.864526338813456752e-01,7.167927675017877753e-01,9.194756672692022681e-01,4.602302290962084763e-01,3.312785780658611401e-01,7.954540500842942619e-01
9.963329138722865075e-01,6.935096741319778380e-01,6.752415270434818095e-02,9.974539832174235121e-01,5.628076740435263847e-01,4.109689687666714386e-01,7.238986452727098619e-01,3.852685635285375554e-01,9.442069767203477015e-01,2.628380585340563957e-01,7.300388843103626790e-01,0.000000000000000000e+00,6.197787685426592308e-01,9.551328959891132175e-01,9.774674030708745409e-01,5.083729807666804712e-01,7.675259271243107806e-01,7.262982300778149103e-01,6.858153052437681030e-01,4.840139701872542277e-01,8.283213357864331883e-01,8.204292455511315030e-01,3.972862876004513710e-01,9.224298356732093529e-01,6.257817005313079939e-01,8.653253103141492764e-01,7.450888221275101531e-01,9.191543190556000775e-01,6.970213539775980127e-01,3.040723328709550310e-01,2.320403225511214473e-01,7.108682502808661985e-01,6.418125970348883547e-01,6.311925834037789285e-01,2.308262718387537604e-01,6.209515696206359125e-01,3.794941259111973553e-01,7.786391185097567558e-01,3.275726114557116486e-01,8.178100373116360400e-01,4.388649012084405721e-01,8.064456817455614157e-01,9.933351622522199609e-01,4.641144010245414342e-01,4.690791907599927146e-01,9.574947678995604505e-01,9.234640625175187800e-01,9.891059114619302761e-01,6.646418694332162369e-01,4.380850182778215363e-01,2.640080526516790371e-01,6.291807779537829104e-01,7.576579878598854734e-01,7.498187867119930905e-01,9.507033387698586857e-01,7.145191580862157998e-01,5.550530479044707421e-01,8.023931559503284516e-01,9.737580094920551543e-01,3.619127595459104008e-01,2.853252999500072162e-01,4.839537019501896631e-02,4.523530738656130756e-01,6.440620503532170638e-01,2.547249981705804744e-01,7.288010505879494172e-01,8.104575844676930041e-01,8.373488244521698487e-01,1.459704383133633432e-01,6.193144884386185822e-01,6.692879827074049714e-01,5.028387980402052593e-01,4.073200910490349935e-01,4.433509824122286447e-01,4.844356597435853229e-01,7.988316609339751739e-01,8.528959905095133687e-01,9.395569929537884724e-01,5.317264217320474273e-01,2.959370767621828380e-01,7.208416980870583357e-01,9.553651385559851494e-01,8.933944885615447973e-01,2.351383380918094235e-01,7.014436114249024135e-01
9.458221825112308467e-01,4.999652729251993222e-01,8.070109560239011603e-01,4.578734345939756700e-01,7.947659012021014435e-01,4.403404455793611394e-01,4.136934206637881140e-01,9.314094774760282025e-01,7.348341836334907340e-01,8.773135620815112334e-01,8.022937797561140449e-01,6.197787685426592308e-01,0.000000000000000000e+00,8.702618448039515231e-01,4.209601123094062203e-01,8.990685267974776185e-01,8.875367302966024052e-01,8.594590831188606561e-01,8.805197981245075356e-01,9.118815547422105539e-01,9.426277470814514725e-01,8.714531602736131921e-01,6.107663607020332730e-01,9.061697035676280487e-01,6.568556244298262570e-01,8.042082290956322765e-01,8.321814312504995925e-01,4.285122867818283443e-01,5.233158724404423090e-01,4.998873699854142760e-01,5.558658451091231800e-01,7.656539722737739639e-01,9.800482413786211211e-01,8.666391214026605283e-01,8.172958986606888576e-01,4.932999050509295769e-01,5.629430066049152526e-01,6.906459885498462681e-01,9.328708882023595272e-01,6.659835953377332141e-01,6.291396268621900489e-01,8.142339019298687752e-01,8.563726339443045177e-01,6.190352649164562182e-01,7.024523778327942392e-01,4.458083043915498922e-01,7.213904386865721552e-01,8.143869197565836160e-01,7.392525242878256186e-01,9.473691748457669926e-01,3.164216953930069076e-01,7.457858262560015383e-01,7.177500214756512564e-01,9.994674626258850392e-01,6.694977094504763748e-01,7.990690286978613388e-01,9.879923279556659388e-01,9.179350393416993992e-01,6.937872191490851437e-01,2.342939003349875926e-01,4.888930202650581536e-01,3.288031905861389936e-01,7.365889132005217776e-01,6.497046342880332670e-01,6.153739801999352776e-01,8.199710769196894011e-01,9.457260520446069130e-01,7.577801572541917885e-01,4.318439226611224813e-01,4.634213605976881811e-01,9.361259709279701191e-01,8.836607806399121579e-01,4.357603410968472479e-01,5.352996996057645118e-01,5.660743862684201044e-01,9.716977673659593639e-01,2.132183746520325551e-01,8.695494958889564696e-01,3.680474217066165288e-01,5.713527549035346542e-01,9.747650657201070157e-01,8.010236771058878436e-01,7.406575396004986267e-01,7.586657098723765813e-01,6.081314576534075922e-01
8.880044918312999247e-01,8.219319295303433304e-01,9.496906786435995729e-01,2.791531734037498019e-02,2.852051386079896278e-01,6.206018313686969545e-01,3.695020320342031761e-01,8.245052391573137740e-01,6.057731629218395808e-01,8.449443706907454610e-01,7.812397407754951839e-01,9.551328959891132175e-01,8.702618448039515231e-01,0.000000000000000000e+00,7.974957067060082228e-01,2.770912576600424448e-01,7.587095216377119922e-01,3.251697424584282237e-01,5.832190018770003759e-01,9.279850470345918367e-01,7.819611665881355256e-01,3.419701325494178129e-02,6.651382882164031951e-01,8.508519672617674834e-01,5.138102447018468855e-01,8.939275779891910911e-01,8.292993346884736106e-01,6.729577229582394127e-01,7.701321217019926335e-01,2.970086788762700269e-01,7.779288219990500020e-01,4.599663456913262172e-01,7.564913399068237121e-01,7.761561968364072417e-01,1.664970700145654015e-01,2.541749342444812876e-01,4.223980371869857642e-01,7.783166521588975595e-01,6.311993590702928980e-01,8.771198417023223781e-01,5.270295991428735061e-01,5.456463187868930698e-01,7.594753290571194526e-01,9.245558971730957198e-01,9.388897406933628398e-01,7.240675222375502207e-01,8.015783783533290130e-01,9.805441623565147591e-01,4.584420663513457117e-01,5.258214560819176597e-01,7.481169420272233417e-01,9.838269849357109686e-01,9.483387910229446049e-01,7.781541764126547189e-01,1.118517239422294265e-02,5.087654487774833090e-01,1.540589486619093340e-01,8.421412189914407875e-01,4.282211343959643757e-01,6.089563790585519332e-01,4.482219039533693050e-01,9.144054814445621293e-01,4.481839197718079926e-01,9.776363816405099216e-01,2.666486133669398462e-01,3.199276440423001744e-01,7.803963248230971761e-01,4.704717261811124374e-01,4.145553626567832772e-01,9.896623127755314053e-01,8.598442267964409025e-01,3.813990622052163548e-01,2.739504933510975015e-01,7.735500970414302402e-02,5.996462035782383904e-01,6.350418544586504677e-01,7.501283573277163219e-01,6.019463654042961354e-01,1.604160309781408611e-01,2.603144150358269737e-01,8.523128088752519593e-01,6.499693222050375585e-01,-1.333999080777498181e-03,6.519305593990726289e-01,6.308471475299658460e-01
9.519855145108775396e-01,2.774044203602887282e-01,6.244024942704343717e-01,6.018389064174045622e-01,6.773226715068474402e-01,7.717624702035545958e-01,2.854489512443744714e-01,2.645583680950266414e-01,6.098343451865180231e-01,9.579562231005466222e-01,6.331385041125142665e-01,9.774674030708745409e-01,4.209601123094062203e-01,7.974957067060082228e-01,0.000000000000000000e+00,4.756823415019152401e-01,8.360641046706004387e-01,6.869836330685297199e-01,9.698270009255161028e-01,6.459217394192925399e-01,9.350292481255358945e-01,7.641116072849587493e-01,6.752617263252571611e-01,8.018760198698778874e-01,9.403013211089569223e-01,2.173172410767268414e-01,8.427223997496042784e-01,7.423087367470300180e-01,4.515702876632246010e-01,4.052414379191495719e-01,4.506775963424008991e-01,2.726615860000978775e-01,2.480182830301420061e-01,5.586577816568460975e-01,4.299756832789592975e-01,2.057266108950498995e-01,4.156069568241413381e-01,3.124177407342271784e-01,8.641494444840628342e-01,8.208674949409123789e-01,8.937632137738190652e-01,2.162123631862020445e-01,9.853175670361498106e-01,7.375054930831236311e-01,8.471025136494694241e-01,9.672543618087262596e-01,5.746868995259089008e-01,7.405868514736847485e-01,6.662789016999608460e-01,6.469106102242230261e-01,7.209896681762920645e-01,9.890520289170572354e-01,8.420678314108517304e-01,6.822410017721123321e-01,5.912812594026499724e-01,4.125432929516882341e-01,8.167621693150391993e-01,7.200440853274427955e-01,5.246884959766551226e-01,7.554762242878376721e-01,5.660670097688694780e-01,3.017913786371997364e-01,4.103277763504975528e-01,6.896478456922374711e-01,7.874004207401291699e-01,8.044958853147488043e-01,8.276276659616017550e-01,7.181400545055842688e-01,5.070625307454358355e-01,6.383891090676587776e-01,7.511110289955109653e-01,9.286537110573613862e-01,1.841473123473495732e-01,5.238180124912766161e-02,9.539206947757387089e-01,7.253801515185253068e-01,8.398488268326734785e-01,9.008293192572499608e-01,4.077975682228562326e-01,2.118615892578852300e-01,7.262263574488201368e-01,6.089870768879711571e-01,8.319646279226102781e-01,4.679476452631226580e-01,8.253061359716625800e-01
9.029501075195273119e-01,9.395655315393018903e-01,9.391548613103175569e-01,8.433570455980060609e-01,7.423230289956812555e-01,6.953807576869510676e-01,5.562157731085874968e-01,7.190484289302520038e-01,7.453171527250614936e-01,-1.904779989826513309e-02,5.015423889274563951e-01,5.083729807666804712e-01,8.990685267974776185e-01,2.770912576600424448e-01,4.756823415019152401e-01,0.000000000000000000e+00,1.113614528641619916e-01,3.459861843186512464e-01,7.907082959855512572e-01,9.525204781908319651e-01,6.697622746988012299e-01,9.681964710358481607e-01,5.034501098215661274e-01,4.079509642032530525e-01,8.136913582685995072e-01,2.811455164240012627e-01,6.359930153615422910e-01,9.274137462130356280e-01,6.806940857910653842e-01,3.424557905042892036e-01,5.010859889691507973e-01,6.321513840582441146e-01,9.530308698347309537e-01,6.159411593721091371e-01,6.610875465247796345e-01,6.105861389444520171e-01,1.096623648995043443e-01,2.878324120364346150e-01,7.677234863210313787e-01,8.397379837824449078e-01,5.653631173429667367e-01,7.959881970165463283e-01,9.164620418103236466e-01,6.713742179899291340e-01,7.365869265766085139e-01,9.958188282460075369e-01,9.173334772072836429e-01,6.722194123267245525e-01,5.590272971474827823e-01,4.436311749110615765e-01,7.379857161589228332e-01,8.586779177318957235e-01,8.747603673924543299e-01,9.217964949772214922e-01,8.844940964432482788e-01,8.809150283012663341e-01,6.705747517050688611e-01,6.088891696319747027e-01,6.284190811354499751e-01,5.137127957084494101e-01,4.981958601251489371e-01,5.586829402804235345e-01,5.529421862117431807e-01,6.625195483934022134e-01,8.852124951695268251e-01,5.691616516931690128e-01,8.070854066577856090e-01,9.537805553683199600e-01,6.332818140595941614e-01,6.871691118204820148e-01,5.298958384535995547e-01,7.677192233489965600e-01,6.939464893784657029e-01,5.275623623077695390e-01,5.221357957502538172e-01,9.387856043571681797e-01,9.977141218355645158e-01,5.582185759786438828e-01,6.349080978982963863e-01,1.159277621753430632e-01,6.996866700121818772e-01,9.192254188865403020e-01,8.323839564339462482e-01,3.776223798886842176e-02,6.094213056241239990e-01
4.954955226114037270e-01,4.665500700035605797e-01,7.291561382840405781e-01,6.977821878823641244e-01,9.817105793724530960e-01,9.447056206104373910e-01,9.429074601342293249e-01,8.400881960612838206e-01,8.917601249134213814e-01,4.796430807943511399e-01,2.790119947795962063e-01,7.675259271243107806e-01,8.875367302966024052e-01,7.587095216377119922e-01,8.360641046706004387e-01,1.113614528641619916e-01,0.000000000000000000e+00,7.400829677982778687e-01,9.191950803399451253e-01,9.637390750344503321e-01,7.201130368314312413e-01,6.128300735036398272e-01,8.538490098821400753e-01,9.709262213506841821e-01,6.821922434911887878e-01,8.882316834015618889e-01,6.306377956541588947e-01,7.096653241539361279e-01,9.411972149561749212e-01,3.534644313792410508e-01,2.741365173398061517e-01,5.704050092175491082e-01,6.596873236237217331e-01,5.192077489726250050e-01,9.567742016649540826e-01,4.046029344322232824e-01,5.806617974885922573e-01,8.874497028469765514e-01,7.850943438919626427e-01,8.825343985666582736e-01,4.771166031365735583e-01,6.304857795607187176e-01,8.595540577488620659e-01,6.394007305348078374e-01,6.155717613538834732e-01,7.486163380761020614e-01,9.590927406037585978e-01,4.357435354985589870e-01,6.227437046804247256e-01,6.374502646977309173e-01,8.246444937825788690e-01,7.023656141689869070e-01,5.979398417596527571e-01,9.669716972181118253e-01,6.012669293384832470e-01,2.513830502932972166e-01,5.626038653154152858e-01,9.180700831296106923e-01,7.747959843290366244e-01,6.749298389978009016e-01,3.906286162647514271e-01,7.029590112184148643e-01,9.195671921082043676e-01,7.635536263284330438e-01,2.204286019943601793e-01,8.340246340346297860e-01,6.091627479262028411e-01,8.455918759485818725e-01,6.081756500761719142e-01,9.537413754492579665e-01,7.458259421516824084e-01,8.110791901316202201e-01,4.438240291069378562e-01,7.823597504304452555e-01,6.848095613017236571e-01,1.169399140505118090e-01,8.152315265617819939e-01,7.956579935260315040e-01,4.278830632456483429e-01,5.464942479212722692e-02,9.738717132594860715e-01,5.271918656189871211e-01,7.868271656656625757e-01,3.599545036024810463e-01,9.029594158726274022e-01
6.065787421590077555e-01,7.296671319411045520e-01,5.021259437499080436e-01,9.459515440208342563e-01,5.752290747316706199e-01,1.257762099940011036e-01,4.529693346194163528e-01,6.673624635781469916e-01,6.698889853594919286e-01,7.878919404718451869e-01,9.161833784934342306e-01,7.262982300778149103e-01,8.594590831188606561e-01,3.251697424584282237e-01,6.869836330685297199e-01,3.459861843186512464e-01,7.400829677982778687e-01,0.000000000000000000e+00,6.371492147862561906e-01,8.088857204488841823e-01,9.656876714560731489e-01,1.311585140588091281e-01,5.661395256278074495e-01,6.781390483809354164e-01,1.866853256856055576e-01,7.192292945252483083e-01,8.333048070493682680e-01,4.984111862106669344e-01,4.770411756385306568e-01,5.362041696528180301e-01,9.884847469458693525e-02,4.214782003892955653e-01,3.306917712719049662e-01,5.898212777978378840e-01,6.579237313641771445e-01,6.133294364020659417e-01,2.076650423983753546e-01,7.142375761557107072e-01,4.042945613265025440e-01,5.776210498304324981e-01,7.051431746287943891e-01,9.159355881297914781e-02,6.833723347390302516e-01,8.255812769664930828e-01,8.962263668521526228e-01,6.574430634185283173e-01,2.976507256325518214e-02,5.884509310503892587e-01,7.996262360935200153e-01,8.108534278780709093e-01,8.602542035371495421e-01,8.591748311732918530e-01,5.973070488212581797e-01,8.894752273124757469e-01,3.420801209190726944e-01,8.432783868766489110e-01,9.113943928933476712e-01,6.559448237069309684e-01,9.961360591369252671e-01,7.079155979878899441e-01,3.284662277386822260e-01,7.364583573459840826e-01,8.732991822090010459e-01,9.878944639534416039e-01,8.730198579488723798e-01,5.001550406166680451e-01,7.230118026882571547e-01,6.957996721271543228e-01,7.965721661264426601e-01,8.516801835954620481e-01,6.646272756452620278e-01,3.726130968398894128e-01,3.229941134363439881e-01,4.926166357680218377e-01,9.841016492956444761e-01,7.295575701103426125e-01,9.096148633642323622e-01,6.699793241742686423e-01,6.032031481007253948e-01,4.909506559252392321e-01,4.372366878588556660e-01,7.342770546159336220e-01,5.381220868248982603e-01,5.066395357335243821e-01,8.637578725145256264e-01
