0.000000000000000000e+00,6.848496851766837645e-01,6.144219789547258337e-01,8.466706375649717398e-01,9.324156943725031566e-01,5.483595691867960698e-01,6.384267437460191541e-01,7.449112070637622374e-01,9.043270301640382591e-01,2.721230022740226961e-01,8.005575418843982050e-01,5.760161780316135349e-01,6.335137749068706636e-01,6.513234578527260510e-01,8.257062962019580121e-01,8.469278845955539037e-01,6.257268581404745733e-01,8.985523351638189382e-01,6.607497737584639985e-01,8.947421767562523387e-01,8.071220965570991002e-01,8.692026884039617540e-01,6.739079507842654637e-01,7.255539175383936001e-01,7.938385561574723415e-01,9.512525265002005348e-01,8.239736454622125228e-01,6.629739480525280726e-01,8.510718014899422146e-01,5.687878045783079095e-01,2.060010970774450167e-01,8.027499135790687745e-01,4.225054338644654295e-01,6.143914294056680436e-01,8.023195906805724587e-01,9.312441153487081014e-01,2.705638914087128422e-01,9.117129615703152279e-01,6.173645473847555465e-01,9.556883867597649740e-01,2.836214896670501417e-01,9.935465437621899820e-01,-1.267512032617063578e-01,3.459731205105375240e-01,6.482396969910281248e-01,8.694894936382202566e-01,7.550417439265835196e-01,8.702291566188418148e-01,1.671797585988516743e-01,8.024260850439287607e-01,5.172151990296325330e-01,8.355475089091259910e-01,6.711925053222737025e-01,9.823543891688737428e-01,9.692290029276506846e-01,8.649214870195134353e-01,9.094785646610193952e-01,8.959159303930298579e-01,8.785473951630627942e-01,3.879393073495304156e-01,7.573031328125847672e-01,9.600651727514940559e-01,6.211707835367757946e-01,8.711226386621816475e-01,8.484076255632106989e-01,8.244520759392878206e-01,8.284626035254845089e-01,7.854035000252463927e-01,5.095908803510040830e-01,8.040399019421189397e-01,8.532680264642489298e-01,9.105231851551961464e-01,7.029164494285853326e-01,1.911149372340772146e-01,9.839195307629514664e-01,4.569763144096159468e-01,6.354125202168010578e-01,8.314013242376938617e-01,6.562989185514823687e-01,-4.592201872834697496e-02,9.128396208277548274e-01,3.887464983337997060e-01,4.558714045535660619e-01,4.642944567738654382e-01,8.597720379504607546e-01
6.848496851766837645e-01,0.000000000000000000e+00,6.369646040496684813e-01,5.416369202511978065e-01,9.444465975005700287e-01,9.152622546077041621e-01,6.883346951355341359e-01,6.382801909394294482e-01,9.720344618711304063e-01,7.996299237160638951e-01,4.546626016168958118e-01,8.640982548749420733e-01,7.405629826708075569e-01,7.460621940359399851e-01,6.305240334576204253e-01,4.858826193264707549e-01,5.121523473716087516e-01,6.465478363205885426e-01,9.571769942443565382e-01,8.254942194961825130e-01,6.864193390765571667e-01,7.936436169089670090e-01,6.059788123621168143e-01,7.028643385551349709e-01,6.163374599672378773e-01,6.727915569003821705e-01,8.871977474151216958e-01,7.334817343271919921e-01,3.545983593040921145e-01,3.189475748197092564e-01,1.171859035949203709e-01,5.017642519832713477e-01,2.145873677630106835e-01,6.570974603504774469e-01,6.266088043204787184e-01,9.569665739350584621e-01,4.967983660094007492e-01,7.728013177309487336e-01,5.649442083545821447e-01,9.407979854557775301e-01,3.786113898805980593e-01,4.730566526921884951e-01,8.606772611865611822e-01,2.501665193816022259e-01,5.980823546293795312e-01,4.371094434251028282e-01,6.077292328944807753e-01,2.163203295700146800e-01,4.887212901489376149e-01,7.851949574512080421e-01,6.682818861206711869e-01,7.230526271491241053e-01,9.494582432345636258e-01,6.415036502772409888e-01,8.281482766284985475e-01,8.358366503836938133e-01,5.904579925549975350e-01,7.801618075135252628e-01,6.172376294286771037e-01,3.758221152053398129e-02,8.672129487075248555e-01,-1.374408904539026199e-01,7.520614859691316934e-01,7.330599159069403070e-01,8.779813619812474323e-01,3.875476988867048583e-02,7.102934691043029103e-01,7.179938241970632573e-01,4.471587750414238172e-01,4.353220210316433580e-01,9.202298144120372170e-01,5.251518475209845382e-01,7.454869051128854007e-01,5.714101420189682257e-01,7.897675747865592344e-01,6.375948122248675798e-01,8.412730033796935736e-01,5.150151064961905334e-01,4.806988714156916198e-01,5.520468043262877211e-01,2.397990001841877605e-01,9.956397002820820408e-01,7.263582208902650272e-01,1.151603104048145171e-01,7.258127326488432729e-01
6.144219789547258337e-01,6.369646040496684813e-01,0.000000000000000000e+00,4.038399066031987950e-01,9.146703122822109622e-01,2.866101997536225632e-01,9.955497343085076833e-01,8.028417559055308628e-01,8.012890284749468739e-01,8.334406574017019231e-01,8.702465458586704505e-01,8.441995764501212252e-01,8.115457551349560816e-01,6.953434396935567197e-01,8.087457525922037149e-01,6.145263586292404323e-01,7.064429763519414207e-01,8.327241220134006250e-01,9.651567084850305456e-01,9.349438456904330952e-01,8.895236319750324805e-01,4.954335554054344337e-01,8.839702443741991322e-01,8.081782336814468115e-01,8.547786603526207339e-01,9.586308557075096104e-01,9.650265748227295770e-01,9.050132963533047414e-01,5.237616499946962101e-01,1.089100623227626796e-01,6.786709017652025056e-01,9.586203253876218744e-01,9.690105756046584196e-01,6.581659579692473727e-01,8.965059478361981915e-01,4.529491528780885679e-01,4.958410143933366654e-01,7.739715062590094563e-01,8.110435350536923105e-01,7.705393424480710962e-01,8.023386719819431967e-01,9.636563035724545756e-01,8.732679520224310155e-01,9.660615765771274344e-01,7.311902419079999715e-01,4.488165770517073550e-01,6.541475074151454905e-01,8.640696731699752942e-01,8.360164779004493063e-01,8.991124540838570933e-01,9.259565418644624124e-01,9.627385287309819795e-01,9.767877488567369149e-01,7.749340465266580935e-01,7.974429888409908518e-01,4.775827714346711494e-01,8.322583642426758521e-01,6.306662730990929555e-01,9.678302498880413385e-01,7.063038685201410150e-02,4.502176972267388222e-01,8.915884250853314263e-01,8.205830045928486083e-01,9.014357011205961223e-01,2.221787238893091765e-01,6.368878832060833606e-01,6.548029081259727491e-01,7.003636002644595404e-01,8.012519009525790326e-01,8.811497344057430681e-01,7.047829644597948251e-01,6.234484834534724795e-01,5.946485051089920315e-01,9.813461201302555725e-01,4.060532431979667622e-01,7.964287262536076106e-01,9.692689462916487253e-01,9.210301266981572033e-01,4.402877416237794828e-01,5.869537032440010904e-01,8.756117699528633835e-01,7.446649769882357495e-01,9.438030867978856042e-01,8.935301156413258949e-01,6.403527628600149679e-01
8.466706375649717398e-01,5.416369202511978065e-01,4.038399066031987950e-01,0.000000000000000000e+00,7.105884008959477693e-01,9.017813827929979098e-01,5.104841386443212947e-01,8.046105525098472544e-01,7.905117986064487123e-01,4.282599100035928141e-01,7.169540435590410210e-01,6.307163333415168882e-01,9.602287133031897071e-01,8.780951207309168893e-01,9.724188254211844074e-01,7.074921839092386255e-01,7.127129748087616123e-01,7.287807213294035247e-01,2.331907986453310155e-01,8.200139863993664013e-01,9.072125997159665722e-01,7.234647848349742283e-01,7.697201574574749072e-01,8.944679737586952450e-01,7.311845643977575859e-01,7.356680599873381965e-01,8.469090024031490360e-01,7.971178155120726139e-01,7.973142868670342054e-01,4.530404870110896209e-01,2.963177435729061893e-01,6.802849738856047157e-01,9.163251582595516309e-01,6.115399830265828562e-01,7.496357986150548047e-01,5.729533783541788106e-01,1.594371859771442079e-01,7.035359225603011746e-01,8.928225481163785116e-01,5.276533653641589661e-01,2.292611895686290646e-01,8.788252966677232436e-01,7.226113697921809909e-01,4.909664687395114968e-01,8.968386164388029158e-01,9.551386709639871908e-01,4.704794197072697526e-01,5.869689076373358905e-01,2.401777975611186500e-01,9.496188964165671598e-01,6.575814924590703825e-01,5.043294618388042272e-01,9.051422519271268285e-01,9.536644777665619355e-01,5.792727491652067684e-01,7.520051305269521702e-01,9.308367872303187074e-01,9.517171537997732855e-01,7.281538671000112872e-01,6.095515264836472991e-01,4.852496247812559949e-01,8.866546502894420145e-01,5.635569031419946917e-01,9.054973635854660641e-01,6.814294125106241662e-01,9.534205314132889741e-01,6.034203416628499683e-01,9.977430952135812880e-01,9.726907760895526778e-01,9.842442716717109130e-01,6.561620834275436742e-01,8.703330691976528533e-01,4.108763179578729940e-01,6.571854915982900947e-01,5.831018001128240869e-01,8.638971742162022682e-01,7.912176348449702079e-01,5.727367268616049278e-01,2.247978912472053115e-01,3.435935565761339960e-01,3.730590805894735962e-02,4.090531926984565803e-01,6.350434933936646154e-01,4.469027060522737238e-01,9.947670094064158253e-01
9.324156943725031566e-01,9.444465975005700287e-01,9.146703122822109622e-01,7.105884008959477693e-01,0.000000000000000000e+00,8.055614001542670266e-01,3.994706205678873467e-01,7.488277954584734442e-01,7.689891189609427968e-01,6.912246916206827851e-01,8.539268234270619429e-01,9.735403981871620926e-01,9.064160975472643766e-01,2.472156507458342090e-01,8.698004838200903421e-01,5.691558348400553857e-01,9.699421255455922264e-01,9.547005792233155264e-01,7.328074203471707238e-01,6.049311679142329590e-01,6.481919274633399786e-01,8.688861939840176740e-01,4.464144487793820226e-01,9.289557119462996670e-01,7.778915279419946760e-01,5.160789771159902672e-01,9.981975772503890454e-01,6.689688233188397781e-01,4.704178177391106774e-01,5.703661081674809008e-01,6.740771755459893377e-01,6.250552897438769184e-01,8.254445189485765111e-01,6.540270097072311550e-01,6.218360649393456230e-01,3.668649048624404996e-01,1.157769699317787865e-02,7.839743616269114757e-01,7.435548828813528521e-01,8.081257117240446819e-01,-1.928063438636046512e-01,8.619894917521377931e-01,3.824989945072809761e-01,9.618908033025385107e-01,8.546510450597950559e-01,6.396971910818707308e-01,9.328258887760287887e-01,6.190525849557886318e-01,2.520321719971793106e-01,5.236757626735346616e-01,6.705598760746309672e-01,6.477948279013571176e-01,6.090929558329474247e-01,2.601622435033699721e-01,6.360039758967874768e-01,9.294133605590995106e-01,5.441473544108721416e-01,6.936335004045597330e-01,3.644137030082588158e-01,5.815879164665384016e-01,2.306952663907029244e-01,2.879460629305133912e-01,5.728809548321186496e-01,9.068909123074826439e-01,8.993743058628205223e-01,9.951842471888727726e-01,1.951767808865373655e-01,8.873613550309317199e-01,6.225442063019995809e-01,9.383278230990095281e-01,4.340640304655701831e-01,4.491156802620659971e-01,4.185558329238776853e-02,4.314800571482832470e-01,9.775846882960670392e-01,9.746937655860626881e-01,8.942816086621910854e-01,2.315956399160241652e-01,3.120789454299798260e-01,4.093597284950166726e-01,8.182389858874979938e-01,6.804714883206619547e-01,7.300503771483782822e-01,8.573821600979179003e-01,9.192672784158550936e-01
5.483595691867960698e-01,9.152622546077041621e-01,2.866101997536225632e-01,9.017813827929979098e-01,8.055614001542670266e-01,0.000000000000000000e+00,5.319775837915816652e-01,5.955190761954400891e-01,3.795552546497067969e-01,6.462053302180909009e-01,6.406060195922972378e-01,6.744034348928942268e-01,9.922370804065656635e-01,5.878725733204432924e-01,4.823002559318833593e-01,6.776855811321771395e-01,8.382361837716555408e-01,4.253234504871904464e-01,9.981807526838193390e-01,7.818561231101595066e-01,7.778028739372846445e-01,8.713139562756667678e-01,4.572565816547025652e-01,5.072276856303441495e-01,6.402963943582852258e-01,7.908486146593654009e-01,7.838546511218948964e-01,6.993083979633646363e-01,5.177062266058699569e-01,7.705828131662542102e-01,7.495165129625207534e-01,8.547002123896056958e-01,7.727635681211439955e-01,5.217077556593675558e-01,6.200174184770995689e-01,7.513210762355273520e-01,5.805068955229109040e-01,7.645507073016870603e-01,8.883177952526563059e-01,4.879893117107755862e-01,2.904943779962910755e-01,5.886561893435839909e-01,9.842878138955676315e-01,3.527634740100985544e-01,9.831040578067891111e-01,6.257062674734421570e-01,7.283525765473831681e-01,9.924928528445782216e-01,8.476747043586990715e-01,9.374210957759656626e-01,6.797261912553083096e-01,5.672401194379295131e-01,5.368748057942015484e-01,7.441956759552035283e-01,9.740928658397445261e-01,8.529778434383612495e-01,7.373369671931518932e-01,9.289320597220666054e-01,6.650992391539241044e-01,2.014644748942179542e-01,8.778843055817852070e-01,7.158730963618439302e-01,9.796569255727759495e-01,6.836144010444146213e-01,7.991147561390202769e-01,7.412207664896821591e-01,9.448307139242375641e-01,8.531826695357888068e-01,4.221418620653044074e-01,9.467097543100233548e-01,9.854759786136593203e-01,7.993300290371558869e-01,6.589675652745879963e-01,4.051624846065976504e-01,3.166910634977586625e-01,5.476563827365954484e-01,7.574480638524729859e-01,2.724805765169825977e-01,6.567020079211368655e-01,2.682277352843192020e-01,4.051167265578310417e-01,7.801212458236790326e-01,6.496857626569019217e-01,7.877369386416941399e-01,6.944753946298084513e-01
6.384267437460191541e-01,6.883346951355341359e-01,9.955497343085076833e-01,5.104841386443212947e-01,3.994706205678873467e-01,5.319775837915816652e-01,0.000000000000000000e+00,7.787041037237851793e-01,2.390918089538546787e-01,6.523050694774250591e-01,6.501241065220406679e-01,9.893469165715305103e-01,2.825256137995495465e-01,6.440744566376724878e-01,6.072831956789130903e-01,6.201175932106383071e-01,8.735174480720160339e-01,5.155905742037841799e-01,4.104197738491287550e-01,9.450315840164453807e-01,9.931532537227623081e-01,6.482033924686072535e-01,4.594274887754851711e-01,9.941179194546754250e-01,7.378392334429624277e-01,4.046057411451049468e-01,2.413648984892706739e-01,7.067935643399849699e-01,3.107958693622430157e-01,6.759491377656831057e-01,7.813824687703273264e-02,7.275070020448404229e-01,6.525325593975850325e-01,7.784101589870278115e-01,4.148702501663220632e-01,5.711194123284506485e-01,5.618474740909021881e-01,1.578182269157840656e-01,7.412704056762204896e-01,5.834995443254321623e-01,4.891690394750766724e-01,6.178957992858729459e-02,9.916829855377479186e-01,6.560793664287412064e-01,8.669077111667842228e-01,5.042549848980127924e-01,5.578694796790762966e-01,8.219766484463519873e-01,7.099834277342289557e-01,5.396154871411636966e-01,7.045121385520475288e-01,1.655137759242175655e-01,6.385510740400153207e-01,3.807530566172351305e-01,9.954405779562582879e-01,7.399236565217688355e-01,5.161838918665720977e-01,5.915424180567208090e-01,8.227280468625117749e-01,4.225291222232715471e-01,4.372744775723195754e-01,7.646709624917515935e-01,7.844644233987744242e-01,7.911655006550866176e-01,7.342220539146782077e-01,2.150634496845132693e-01,4.376391534235115066e-01,9.001839391932242584e-01,4.093633403941500104e-01,5.928390408896274666e-01,5.815825947048074429e-01,7.795062090518261044e-01,5.230037074562663424e-01,5.072097278542017085e-01,5.434329512990402344e-01,5.314675443139638134e-01,3.689849619326183716e-01,6.909160547741284297e-01,2.409467862208345135e-01,1.137149505336418481e-01,2.642274384039078328e-03,9.005044225812510739e-01,4.124237119459210343e-01,2.286597698788078448e-01,6.264930490369112759e-01
7.449112070637622374e-01,6.382801909394294482e-01,8.028417559055308628e-01,8.046105525098472544e-01,7.488277954584734442e-01,5.955190761954400891e-01,7.787041037237851793e-01,0.000000000000000000e+00,5.766579722688836007e-01,4.096095082911578866e-01,4.677557221253887398e-01,3.221406690778077508e-01,8.282613514358256879e-01,7.326464849098662802e-01,6.250177597660468987e-01,3.216079691129327678e-01,8.415342360754526352e-01,2.348216132663240030e-01,8.587004916584483061e-01,8.384204510610074879e-01,4.451131889570015820e-01,6.697738049684159867e-01,7.605179789149121294e-01,8.844517092609320841e-01,4.585372360357495847e-01,5.192138010512352686e-01,2.230482225783252948e-01,5.094533121763434869e-01,5.224823614756493040e-01,7.349686292187268544e-01,7.331462790105597316e-01,-1.053740385503556670e-01,6.021472991271531461e-01,4.058071921383354930e-01,5.507352990587985886e-01,7.026004895161267472e-01,2.335824210883076235e-01,-9.302910305467387841e-02,6.599236171239202253e-01,7.933952994744741805e-01,6.082294905129264073e-01,8.783242688943351251e-01,8.318837732049030320e-01,9.430935180818111885e-01,8.192497272121880281e-01,7.406599898926017334e-01,7.721846455888364824e-01,7.488950959293705356e-01,3.752577774218619489e-01,7.577272905769608657e-01,5.514326435398653192e-01,6.562858882544242434e-01,6.442308416834239271e-01,4.195993086180537790e-01,3.650996130748644930e-01,8.856390438196359849e-01,7.107495543824522422e-01,7.692843472303357855e-01,4.950149264236555768e-01,6.995022739893499431e-01,6.506129139157068586e-01,5.201902906532450688e-01,4.624725915397600584e-01,6.338428006470354648e-01,5.499340235473302307e-01,8.558997949725355436e-01,8.094029479256912296e-01,6.565551548288917072e-01,5.729990360126986371e-01,6.106264128752473264e-01,8.789648226023853983e-01,4.953881655364625325e-01,7.278972682720326048e-01,3.302722821782078100e-01,9.470883876039563054e-01,6.979191149987082898e-01,7.274077094764360707e-01,6.339775187351565089e-01,5.977428938421827098e-01,3.801198806055042234e-02,4.293814262917919899e-01,5.626215295368413027e-01,5.647106758941116134e-01,7.595438775690606104e-01,5.818842347730772691e-01
9.043270301640382591e-01,9.720344618711304063e-01,8.012890284749468739e-01,7.905117986064487123e-01,7.689891189609427968e-01,3.795552546497067969e-01,2.390918089538546787e-01,5.766579722688836007e-01,0.000000000000000000e+00,6.717854401938196940e-01,8.748504278788886701e-01,3.936808828282721828e-01,8.577256111830598995e-01,8.495678154162994433e-01,5.603102450405295087e-01,4.756979392220316294e-01,8.083309643761156238e-01,5.589664947152536145e-01,8.163509374240238703e-01,9.489288972825299373e-01,8.498189783651891593e-01,6.886440081948921321e-01,2.047387250907899484e-02,7.212314585510155585e-01,6.300744883070852342e-01,8.079952210775082078e-01,6.492034508843920193e-01,7.537606173112552099e-01,1.725296881201279220e-01,2.795092338874631266e-01,5.903785331450068785e-01,5.956007992986596111e-01,5.513443062377625381e-01,8.694294292987860828e-01,7.851033118834708224e-01,6.303035104606009575e-01,7.455586952193261618e-01,7.227690939785980095e-01,6.959739498249366552e-01,9.382778197805454745e-01,5.744404097486324190e-01,7.166493779205017622e-01,8.648146832169781861e-01,9.979178905811185718e-01,6.257718233907167971e-01,6.606186515471902387e-01,8.667950598419328356e-01,6.490608361727401299e-01,6.811089906991989462e-01,8.872569810992115835e-01,2.827851025322210554e-01,6.003701895741586636e-01,5.955888057243441391e-01,1.833664028919900213e-01,8.435530137882598645e-01,3.845437849904230765e-01,4.550978633715812016e-01,9.289113909875053032e-01,9.324163971848323795e-01,4.224515644511360746e-01,2.945293587585552930e-01,6.372129633691684392e-01,6.488023993228818620e-01,6.727781989524616035e-01,9.902370144712906441e-01,7.016260724768348389e-01,6.007101319846368526e-01,6.363547354842029602e-01,4.470141749296424605e-01,9.728974568794277467e-01,8.950647117685833765e-01,9.750236679254785654e-01,5.118089411345529971e-01,5.962365752304077393e-01,4.175056109318709407e-01,9.365313196429438936e-01,9.152828253688123361e-01,8.097577031683523829e-01,4.096036631934640848e-01,2.128536495968710307e-01,7.714276721756704314e-01,8.157588610123776007e-01,5.972182776565286844e-01,9.827142571491656042e-01,7.626533784027198504e-01
2.721230022740226961e-01,7.996299237160638951e-01,8.334406574017019231e-01,4.282599100035928141e-01,6.912246916206827851e-01,6.462053302180909009e-01,6.523050694774250591e-01,4.096095082911578866e-01,6.717854401938196940e-01,0.000000000000000000e+00,7.566185008786688870e-01,6.923628777169320569e-01,8.789379900291576231e-01,9.667196684573046150e-01,7.038726938643676823e-01,9.491903227185531922e-01,7.894354066949086368e-01,7.335465398182805519e-01,7.311727417022622078e-01,8.438201636874258504e-01,7.753126468181698039e-01,2.522526297029801801e-01,6.110520963946121098e-01,8.728919318072372313e-01,7.787285683784145318e-01,8.351329254011390368e-01,6.401738313826700333e-01,9.388562624311818094e-01,4.582216158619637492e-01,3.083665662617356418e-01,3.115206642523883351e-01,7.100402706858208735e-01,8.552232174884999427e-01,5.103135669210974168e-01,6.380344289600343721e-01,6.077566349987202354e-01,4.798686224753900276e-01,2.635290044645273166e-01,6.974014368953487253e-01,9.598999098436243882e-01,6.408049268605183757e-01,7.908922725412719235e-01,6.465558202152874578e-01,9.281630060789505254e-01,7.127943408351298249e-01,7.742177871975519654e-02,6.602760095682619346e-01,6.333453308359925371e-01,4.521458472966483622e-01,4.205876073645031799e-01,1.149240203197273713e-01,3.697886212537904171e-01,6.074237427912809739e-01,5.819184029301066596e-01,7.725556380011847635e-01,9.897241089624219113e-01,6.901644033222762431e-01,8.620090841873622178e-01,7.455528349506550523e-01,4.409139273149721427e-01,5.886227804679238229e-01,6.464185757235938468e-01,4.109932800570838540e-01,7.286231220072111325e-01,7.719423201815048818e-01,5.208956863458936715e-01,8.300729219055695829e-01,3.696872255137447771e-01,4.614982252660987938e-01,9.766204195682992584e-01,9.083802174913467864e-01,9.653954949922984863e-01,1.759926699627571700e-01,3.274667295596332961e-01,4.461538071320726995e-01,8.033328524791235603e-01,5.805318605252105524e-01,9.555490374852024793e-01,2.472768219933322853e-01,1.043474268903149121e-01,3.288039605677522959e-01,9.860373841763778735e-01,6.310165524439256268e-01,5.010134229679688023e-01,8.933645961523634105e-01
8.005575418843982050e-01,4.546626016168958118e-01,8.702465458586704505e-01,7.169540435590410210e-01,8.539268234270619429e-01,6.406060195922972378e-01,6.501241065220406679e-01,4.677557221253887398e-01,8.748504278788886701e-01,7.566185008786688870e-01,0.000000000000000000e+00,5.526902447419210773e-01,9.750099978707413850e-01,5.850933822158163045e-01,4.677518077184164014e-01,-6.297283974701101128e-02,9.718447705368582490e-01,8.548599920496114946e-01,6.758446476487347532e-01,6.344523660558377687e-01,9.734180254641974228e-01,9.191508435862726367e-01,6.704522780320989472e-01,7.287957542030305547e-01,3.936120082193649283e-01,8.343263819216258925e-01,9.326151228940036120e-01,7.984043446883515305e-01,5.999587805321499046e-01,-3.957002869232489339e-01,1.051417815926200955e-01,2.783150458643225966e-01,4.855575039115318514e-01,7.357144032804393552e-01,3.935985844572399417e-01,9.822444070677001093e-01,2.425175039312869596e-01,4.438509403060430514e-01,3.830163312526294050e-01,5.430616579978613245e-01,7.998750213323643221e-01,7.863177610951610497e-02,8.003905089486844648e-01,9.383395482472076665e-01,5.021690120930146772e-01,9.688003342136791707e-01,8.985096556328591166e-01,9.775308832750968513e-01,5.140336405035087486e-01,6.315480262551649293e-01,8.796141780081752071e-01,5.803341742205097020e-01,5.975122609336420698e-01,1.066618886428354618e-01,5.670695058752617257e-01,9.595250094416573061e-01,2.604915299945952389e-01,6.288868822610402809e-01,9.214344683323563157e-01,3.613445963309677156e-01,3.004317158050781034e-01,5.570300912113733682e-01,5.136151084179079174e-01,4.872181448290498484e-01,6.818240477526631427e-01,7.023741356584876083e-01,8.563810455142741862e-01,6.562778051901881904e-01,6.008521661798750246e-01,5.092669733201419247e-01,9.807574279924488048e-01,6.778708171819052275e-01,5.805419408302642248e-01,3.254345804486539206e-01,7.168563620015254712e-01,6.983077795666160492e-01,6.805065307738449309e-01,8.471178241012218280e-01,2.758762006514343113e-01,6.282116493321862061e-01,9.630548273872272524e-01,8.878578240857066817e-01,6.711673034779436220e-01,7.683082572579287284e-01,9.210506412724257519e-01
5.760161780316135349e-01,8.640982548749420733e-01,8.441995764501212252e-01,6.307163333415168882e-01,9.735403981871620926e-01,6.744034348928942268e-01,9.893469165715305103e-01,3.221406690778077508e-01,3.936808828282721828e-01,6.923628777169320569e-01,5.526902447419210773e-01,0.000000000000000000e+00,7.401611136168920746e-01,6.877916814572827553e-01,6.854663257035130686e-01,9.982842653305890046e-01,6.355750598349313440e-01,8.010656018246461452e-01,6.380337105433855349e-01,8.840177147944867642e-01,8.132324347123600639e-01,6.980804490939850337e-01,9.810704557914975421e-01,9.439305394237302860e-01,6.333866162389336640e-01,7.584104234178417059e-01,6.992668869554808930e-01,5.187291558537748815e-01,6.035196478546314136e-01,5.872029109997575214e-01,9.664255254963771691e-02,4.090775707397975580e-01,8.020542333581379690e-01,4.843289367891003283e-01,7.121105131255230924e-01,4.049364071872705306e-01,7.036437477877620361e-02,6.896898099943838956e-01,9.674966817086489979e-01,9.639299365499391925e-01,5.677529861508199271e-01,4.002859550648293907e-01,9.579704941513591532e-01,7.126489759714390582e-01,3.993809952189935064e-01,6.406932609512362431e-01,9.510418070810546798e-01,6.528192441208596764e-01,5.733943275885270419e-01,6.733865737214971281e-01,6.259799598339523818e-01,5.100257762978566145e-01,8.215749966659735559e-01,5.697553721092060153e-01,9.518011582936576342e-01,9.890527125649966056e-01,6.529042101741694415e-01,9.806339440856268741e-01,8.868586009993815189e-01,7.761258218559333733e-01,5.621312688128577983e-01,7.425382202611447990e-01,7.576584627399935989e-01,9.695642091157523623e-01,8.508367191050865141e-01,2.232504770159218221e-01,5.303652699245801072e-01,9.284976056273130940e-01,8.412944992942305023e-01,5.456962497900464948e-01,5.499617763029037709e-01,7.291476865391499640e-01,5.441678895532794380e-01,4.380944670189454437e-01,9.161009413880316643e-01,7.881793957682230456e-01,7.932206823072673885e-01,6.820886014481694071e-01,6.776980102892374291e-02,2.123686786489069334e-01,5.563458171767229343e-01,9.761089411991290543e-01,2.649969883711458807e-01,5.273705142232691934e-01,9.176063893113184378e-01
6.335137749068706636e-01,7.405629826708075569e-01,8.115457551349560816e-01,9.602287133031897071e-01,9.064160975472643766e-01,9.922370804065656635e-01,2.825256137995495465e-01,8.282613514358256879e-01,8.577256111830598995e-01,8.789379900291576231e-01,9.750099978707413850e-01,7.401611136168920746e-01,0.000000000000000000e+00,8.864154451349289809e-01,8.275059565378769522e-01,6.682713888452139761e-01,6.786243934839206737e-01,4.327893108759451879e-01,9.684667082375398861e-01,5.075753275220348248e-01,8.554198106578322358e-01,2.492902097256001759e-01,6.241272492787437454e-01,6.046412774340768070e-01,4.559071247956891781e-01,8.158965440078985720e-01,6.351555566249045270e-01,6.581121814851258467e-01,4.918906374414839799e-01,5.032651073679042519e-02,5.273167964925150608e-01,5.821392771094411334e-01,9.170144232186795419e-01,9.695054061218517649e-01,6.356239656066954291e-01,5.445083155546439624e-01,3.606144024468597165e-01,9.808503923006239855e-01,7.961959318659450613e-01,3.692720472724051461e-01,4.475499541871090781e-01,1.644930735869599148e-01,9.499008056092201890e-01,7.031787130618555315e-01,9.376890015455312533e-01,2.478461456335602775e-01,8.378011049357030338e-01,3.419166315614512452e-01,6.162653393191219742e-01,7.195542715617047058e-01,9.665350262535009618e-01,8.426094044892488144e-01,6.366186552405507237e-01,5.823224956330316227e-01,5.651325896208465593e-01,9.770741462505343478e-01,8.879723737398853567e-01,8.371716489229857894e-01,9.154227042711317042e-01,6.659622656562330656e-01,3.622650262804433252e-01,4.305932981636111379e-01,4.651115240929914463e-01,9.521480993341786547e-01,9.361229642373372073e-01,6.139782965988358487e-01,7.082145614825328117e-01,9.369460039107355698e-01,2.291018093440139736e-01,7.767552137412198077e-01,6.631825596396975220e-01,8.196662631211373284e-01,5.470873134055077580e-01,9.088903766126757988e-01,6.618432579515824976e-01,8.210591680395141756e-01,9.766990318235290180e-01,9.416495352079922165e-01,2.149619897902793897e-01,2.329179426713870460e-01,2.143290890143326466e-01,6.334231330320769793e-01,5.823561157243071218e-01,5.811517364736361602e-01,2.550630520558014314e-01
6.513234578527260510e-01,7.460621940359399851e-01,6.953434396935567197e-01,8.780951207309168893e-01,2.472156507458342090e-01,5.878725733204432924e-01,6.440744566376724878e-01,7.326464849098662802e-01,8.495678154162994433e-01,9.667196684573046150e-01,5.850933822158163045e-01,6.877916814572827553e-01,8.864154451349289809e-01,0.000000000000000000e+00,6.344501495216228193e-01,5.621981475922538385e-01,7.090242701820712590e-01,7.593218468751662398e-01,6.211834619824233572e-01,6.460931684895006022e-01,9.918453730123097944e-01,6.919849579755441571e-01,9.693094792924794589e-01,8.951051422329309171e-01,6.475425095362883354e-01,7.979498401004920805e-01,3.370381629578299010e-01,6.375772525733729434e-01,-1.642277323832220803e-01,1.605870455099694394e-01,3.877713212206556626e-01,4.568474145639788708e-01,9.040986155936182600e-01,8.804691590866307038e-01,6.843117686044329906e-01,1.717788390496359230e-01,4.781296365621724997e-01,5.195831602232621194e-01,6.847428882222632573e-01,6.218792702317129661e-01,9.599650500184043755e-01,6.927485864788073266e-01,8.556155649011623066e-01,6.254276779965665112e-01,9.008400892987818986e-01,9.272254035101428205e-01,9.910544736191455595e-01,7.138492827593458934e-01,9.491649547495192296e-01,7.014631988014704556e-01,8.375678892865108249e-01,8.867131879058860466e-01,5.441205250188178022e-01,7.647286830582982198e-01,2.835042644555339497e-01,8.248352606546288657e-01,5.966427982112294526e-01,3.548771687251419671e-01,9.245698786719679374e-01,4.857007529927057088e-01,5.949571295470161836e-01,6.298778741974551121e-01,-9.124161797250619765e-02,7.420476528130033333e-01,6.009458713929857199e-01,7.026563772901400773e-01,5.812893403753863764e-01,6.685764536167894123e-01,5.664337783225230627e-01,8.043898702294830505e-01,7.953587271078835785e-01,9.143896063591363532e-01,2.826648644894773632e-01,4.972459957381921147e-01,6.748259136245753353e-01,6.656318007459458563e-01,9.590877062489724381e-01,2.312390382713710724e-01,4.745847396677226882e-01,7.666194402740239555e-01,6.649840062110932148e-01,9.199240948695061038e-01,5.083024850760796687e-01,4.881424098060006544e-01,9.116969167340078783e-01
8.257062962019580121e-01,6.305240334576204253e-01,8.087457525922037149e-01,9.724188254211844074e-01,8.698004838200903421e-01,4.823002559318833593e-01,6.072831956789130903e-01,6.250177597660468987e-01,5.603102450405295087e-01,7.038726938643676823e-01,4.677518077184164014e-01,6.854663257035130686e-01,8.275059565378769522e-01,6.344501495216228193e-01,0.000000000000000000e+00,8.024859776590177463e-01,7.536268458856876240e-01,1.509083248004761679e-01,6.449515480272555168e-01,9.721157718880933940e-01,4.725897280639216880e-01,6.029017919456752805e-01,7.553844761896333360e-01,5.519024864409943776e-01,7.538220415488146031e-01,6.738710926461396467e-01,5.979313340627768758e-01,5.837709837972336890e-01,7.182831891081491449e-01,5.688273126719305406e-01,7.413014035357718967e-01,8.610372226754582359e-01,3.766961931513292949e-01,3.264070914571238768e-01,8.092398158863722823e-01,6.619506111931030556e-01,2.117144523856095140e-01,6.130840233541228201e-01,9.199899891024496679e-01,8.188070721156885945e-01,-1.636551496385919569e-01,3.224924682051195091e-01,9.089004525422428316e-01,-1.624093598308488096e-01,9.441847682960599064e-01,9.242540570365956887e-01,9.337652041040533923e-01,5.717462444814742639e-01,9.503879785280329173e-01,9.189903342251446450e-01,6.566033462438456425e-01,7.809886060556389120e-01,6.822694650230604063e-01,-5.705400601188401200e-02,6.778793181013583746e-01,6.652868951738619696e-01,6.178718454546279215e-01,2.887301083160702664e-01,8.267066471491880675e-01,5.676415511258122715e-01,5.337963362024995551e-01,7.454718902982059303e-01,6.770985355058548594e-01,5.924781964905808662e-01,8.022279725770935510e-01,4.903256948011644467e-01,7.903760082193009850e-01,8.133895963736753609e-01,3.415659400605979279e-01,2.496641762745361592e-01,4.687085055954682278e-01,3.007732591528090582e-01,1.231092898416163983e-03,6.344935712286287055e-01,5.022142143075423171e-01,7.548906226372682771e-02,9.723063799335152080e-01,7.276729149037469702e-01,2.608226461232341364e-01,2.899881517171518652e-01,4.770140260207936800e-01,4.640045253430458150e-01,4.214150281673810228e-01,6.758945292799599658e-01,7.569258645696614884e-01
8.469278845955539037e-01,4.858826193264707549e-01,6.145263586292404323e-01,7.074921839092386255e-01,5.691558348400553857e-01,6.776855811321771395e-01,6.201175932106383071e-01,3.216079691129327678e-01,4.756979392220316294e-01,9.491903227185531922e-01,-6.297283974701101128e-02,9.982842653305890046e-01,6.682713888452139761e-01,5.621981475922538385e-01,8.024859776590177463e-01,0.000000000000000000e+00,9.046035620648718023e-01,3.846856310192008771e-02,6.245730539706165763e-01,8.869067316513451482e-01,7.922350102324027254e-01,7.314952153182885386e-01,5.090052513572890236e-01,6.876603293611939227e-01,7.769088078734281977e-01,6.479478925148312030e-01,8.234372049541449634e-01,6.604735994350409145e-01,5.097845781280668787e-01,5.587296172587247201e-01,-2.790957153152814896e-02,7.351975920228646100e-01,8.099705969443110609e-01,8.301146990107670653e-01,7.270809413717385095e-01,3.643054113534294203e-01,4.059875716811168767e-01,8.285404191926121209e-01,6.095747895064294042e-01,6.437266529759653189e-01,6.752379656184351875e-01,6.344595566473097970e-01,7.559468275140382998e-01,8.061851124040965155e-01,8.674716717232249241e-01,8.829474645014178114e-01,8.601110482744234176e-01,8.695316635269650929e-01,2.386891826106247450e-01,6.201298149654027592e-01,6.318758206351882123e-01,7.256180276184711619e-01,8.251384660244448499e-01,7.786455934895939457e-01,9.948331262189442636e-01,8.721869895706585440e-01,6.772872033912651357e-01,9.946969284367208619e-01,9.113228181278782980e-01,6.237399982906685070e-01,2.281217583608217137e-01,9.288410779443069254e-01,9.518038579815428779e-01,9.150326418849177301e-01,9.546999698569751391e-01,5.418515205550773484e-01,7.336818631486681230e-01,8.528356532240317645e-01,5.573746541488997508e-01,8.702522658408411438e-01,8.444104745508697052e-01,5.170384260847007418e-01,6.957790282265156057e-01,6.594065877053415514e-01,6.550729326953820264e-01,9.764860875315883870e-01,7.440253771757761037e-01,6.611436342769161367e-01,3.888382710944400245e-01,-1.973130366713200523e-01,6.789356470575816926e-01,5.943090228959277965e-01,6.648511062972263241e-01,4.900956737938345076e-01,9.406728090859493019e-01
6.257268581404745733e-01,5.121523473716087516e-01,7.064429763519414207e-01,7.127129748087616123e-01,9.699421255455922264e-01,8.382361837716555408e-01,8.735174480720160339e-01,8.415342360754526352e-01,8.083309643761156238e-01,7.894354066949086368e-01,9.718447705368582490e-01,6.355750598349313440e-01,6.786243934839206737e-01,7.090242701820712590e-01,7.536268458856876240e-01,9.046035620648718023e-01,0.000000000000000000e+00,5.781209180693707150e-01,8.471921937447215445e-01,8.740628332880651108e-01,5.798957943882466770e-01,9.411518955172678558e-01,7.101165115085140700e-01,5.696424922225370446e-01,6.902427797887883409e-01,1.203624757762765951e-01,7.304231658110572623e-01,6.282048061277663020e-01,9.239510396031240802e-01,3.106773439210837595e-01,-1.297643435289513314e-01,9.669326874946148065e-01,9.876653595278244158e-01,9.376963119139518632e-01,7.860381052508702560e-01,2.780656205161265992e-01,3.449921600559284762e-01,3.736287140315871502e-01,6.531916981247128939e-01,5.666985283895602521e-01,-1.090632892481158134e-02,5.605265781920675261e-01,6.466740639725349071e-01,8.540072798051167036e-01,7.191275133629752014e-01,9.037419158159629706e-01,7.441842364644479790e-01,6.363629361253577699e-01,7.593646757494048050e-01,9.363308400473292492e-01,9.244466845272611977e-01,6.282272002967175251e-01,7.099583495165556757e-01,7.921653988309194094e-01,6.990798478435432672e-01,2.114818448406051432e-01,7.521462967435056379e-01,5.274391094207091513e-01,7.558680318710634394e-01,6.994469236852087768e-01,6.798165507331407342e-01,9.154898921810188384e-01,9.620201649993306292e-01,4.509582371804229939e-01,9.008903646163058943e-01,5.319425522766633163e-01,9.236724538582090638e-01,7.306551558595358875e-01,1.705884129958492312e-01,5.701498432730660593e-01,7.363855763751411265e-01,7.960024762650534935e-01,5.697542012239826814e-01,7.806647371181527628e-01,9.899004968847706643e-01,9.757519296094139261e-01,9.946488207664007097e-01,7.832102632304570600e-01,5.789066664152313635e-01,5.608475652975805081e-01,7.472847933801499698e-01,4.009194275980461075e-01,7.671612306734160169e-01,4.697118026339284769e-01,9.922291478143434595e-01
8.985523351638189382e-01,6.465478363205885426e-01,8.327241220134006250e-01,7.287807213294035247e-01,9.547005792233155264e-01,4.253234504871904464e-01,5.155905742037841799e-01,2.348216132663240030e-01,5.589664947152536145e-01,7.335465398182805519e-01,8.548599920496114946e-01,8.010656018246461452e-01,4.327893108759451879e-01,7.593218468751662398e-01,1.509083248004761679e-01,3.846856310192008771e-02,5.781209180693707150e-01,0.000000000000000000e+00,7.597663077530256714e-01,6.516089713144718187e-01,9.673780374839898721e-01,4.845746515472798555e-01,4.601255444812979434e-01,1.611010366830699925e-01,4.666376589879364101e-01,6.845463631694159723e-01,8.963265813486847033e-01,5.320794730675123541e-01,1.502563005872139812e-01,7.211957142924523279e-01,3.484505649084125301e-01,9.637000750403172944e-01,8.279548055834767828e-01,6.615280810628136887e-01,7.724358743556036799e-04,5.846708419025595793e-01,2.199597856946359786e-01,4.625132798271655021e-01,8.677462871992734916e-01,7.848515907351516496e-01,2.695346313387474435e-01,5.957018344259306097e-01,8.200048408903313213e-01,7.838873708056735001e-01,4.043659286883062309e-01,9.831620118268293851e-01,6.160209816649641068e-01,7.249691961873503399e-01,7.795282693846244948e-01,6.622796158293213775e-01,7.590727596043704839e-01,4.361978158421180307e-01,6.271312357414760008e-01,4.447742740522950267e-01,5.189287404910066792e-01,3.696429651612435086e-01,5.121577839027081636e-01,9.024052185530793135e-01,1.921638890492423091e-01,4.174210909487101606e-01,4.090162543735190726e-01,6.865007532109285160e-01,1.311820601117336949e-01,2.787483532426753841e-01,9.578397186571203648e-01,8.604981485229935556e-01,6.289529814398951979e-01,7.044519012689621773e-01,6.506951764870246846e-01,9.811726804508523747e-01,7.913876428615245207e-01,9.566035198422495611e-01,1.930589655912710589e-01,3.332379759031008082e-02,5.865695618728417049e-01,9.620236980014990058e-01,8.347954152278078688e-01,5.237476749659204511e-01,5.732117034314182513e-01,4.928087537397184414e-01,8.388247321711235216e-01,7.088901160579238470e-01,5.980756686633935670e-01,4.656705236072011256e-01,5.769932268770464612e-01
