0.000000000000000000e+00,9.238453902959150588e-01,7.677573140608728863e-01,6.974422834137131710e-01,8.117244085921246910e-01,4.450075637632406322e-01,8.672493937794731877e-01,8.500484457591576115e-01,3.589989762436285314e-01,8.686077436694229492e-01,9.580582634150025534e-01,8.763287443424490064e-01,7.937523122374425810e-01,9.921743834809202411e-01,3.771160775389048592e-01,6.794740006803605681e-01,9.195949305407680185e-01,8.633406548600550678e-01,8.611713516524981404e-01,9.254384771057302395e-01,4.468046909832831814e-01,7.340823392967625871e-01,5.915890043948680566e-01,7.240819472050330496e-01,8.342760761594105734e-01,8.561072585372029309e-01,6.423646839437238132e-01,1.003886048579518721e-02,7.788796943767141157e-01,7.414294358490334247e-01,3.708162539291580684e-01,7.593287756010347334e-01,7.408881093263043338e-01,6.467835928417161595e-01,8.541605775510412446e-01,9.648940317177144566e-02,2.128391618305937594e-01,6.408725558017323021e-01,8.346047212985783226e-01,9.462416808038369709e-01,3.690384324150581818e-01,9.170379882710971708e-01,7.148517178876315770e-01,9.792232061561092493e-01,6.573600410814399719e-01,9.300257756640548656e-01,8.216678221851517749e-01,9.577524499484867393e-01,9.924297119888695340e-01,6.141050083075999533e-01,7.210699248667131744e-01,6.275845269683957284e-01,7.959071882748542937e-01,6.144632149956965605e-01,9.262140734274040277e-01,9.655624879855863041e-01,5.669298256594594854e-01,6.877751007722013865e-01,6.704992014535001710e-01,2.090729212389008662e-01,7.532166273955721580e-01,7.491957100336539277e-01,8.506782595024044991e-01,6.492544326991047665e-01,8.031208136518728224e-01,7.864230094884174793e-01,6.635741973246369607e-01,8.710715039853147434e-01,8.071737208959979260e-01,7.517388920795871066e-01,9.333252995430140198e-01,7.945314120312090278e-01,5.034596464453726661e-01,4.985298024639998604e-01,9.631594790537942874e-01,6.816442962997368848e-01,7.774373458314737251e-01,6.170605814236375108e-01,3.989018765051930981e-01,4.602401057982578036e-01,9.275420356019539181e-01,9.484576063403020729e-01,2.892420228862784271e-01,6.096786828240785550e-01,3.507382224587841657e-01
9.238453902959150588e-01,0.000000000000000000e+00,8.023999023106515027e-01,9.652439785686085516e-01,4.003001227820048302e-01,8.301653278163101390e-01,5.181171748113923003e-01,4.131181945182416659e-01,6.325646613879070124e-01,7.279662457173068368e-01,9.357308961911797729e-01,6.298135649616858345e-01,9.689342981468787031e-01,9.748049072231335099e-01,6.012386918181542583e-01,8.100758189498789008e-01,8.999591457518270055e-01,6.386129218137724939e-01,8.428458399008019741e-01,9.089196444755759385e-01,2.818478450205944008e-01,6.876727710707877250e-01,5.722801763023233068e-01,7.283149546869404078e-01,4.096458469440097949e-01,9.078583940009291586e-01,8.135342040933412067e-01,7.411850509152587696e-01,7.396152518213080507e-01,2.446132078102848662e-01,1.657949165412576642e-01,5.839223451975573687e-01,8.023695616859222168e-01,7.242300517642004110e-01,5.048025290941297039e-01,4.703903192568632541e-01,7.855192941765256620e-01,4.611837204076868479e-01,9.136039901045146516e-01,7.929539747087899215e-01,5.092072743332199947e-01,5.494358062027361322e-01,8.975579397769496426e-01,7.733232275491175312e-01,9.494213653577373568e-01,9.501365071387802841e-01,6.967384824650051378e-01,6.883088764981826202e-01,4.839263080410990403e-01,6.937347813398522245e-01,6.536450994407578818e-01,8.787901320199458244e-01,7.468920610600927601e-01,9.241975020817967401e-01,9.736506269130762448e-01,9.733939396089221763e-01,7.946425593182457892e-01,7.647094028679500832e-01,6.628469732925998947e-01,6.392633002689090960e-01,2.373757063219288366e-01,7.631789498638911207e-01,5.176102577142319694e-01,6.081740098259016403e-01,5.307506438654103764e-01,9.194905650221175675e-01,4.823850039766017783e-01,9.237076201664421449e-01,4.496708252047831866e-01,8.812796051893526661e-01,2.763059983669534647e-01,2.844451580892030651e-01,4.092965427506156106e-01,5.380882957273932510e-01,7.710224802660248233e-01,8.599103196232782409e-01,6.336959842069874727e-01,2.282411936573198186e-01,4.935246980154832652e-01,6.560912711270440179e-01,6.093642998547076362e-01,9.877819083398565736e-01,7.793475918051628870e-01,4.082576318809073568e-01,9.019232766470898222e-01
7.677573140608728863e-01,8.023999023106515027e-01,0.000000000000000000e+00,9.070389738516336786e-01,7.343721813597099413e-01,7.540963794833360767e-01,8.992630407200044029e-01,7.798395693459806433e-01,9.547060865852029510e-01,8.625578211331342837e-01,6.077264424963524370e-01,8.134349246806448219e-01,8.830604834669921743e-01,5.052807199771068847e-01,8.530224743414316357e-01,6.740333285494447546e-01,6.496498822661342931e-01,8.003271507705409515e-01,9.970297568895409857e-01,8.474315628776556419e-01,7.281367266032974239e-01,6.964000167465869140e-01,9.036657676409556306e-01,8.189187643390805071e-01,8.776059938435556429e-01,4.786897393726134986e-01,4.237608171762602960e-01,7.222156184560386549e-01,5.162407438978495744e-01,1.864985631367825913e-01,3.399551090342852744e-01,3.971942757637832999e-01,5.399305531068978592e-01,7.327314105751691065e-01,7.954324501934759706e-01,1.328779674073596317e-01,3.874203680965799257e-01,9.267421416628146558e-01,9.935704750996596779e-01,6.310206080836296971e-01,4.225068684480902670e-01,5.026865535738826996e-01,6.378472733592823740e-01,7.225920381886429267e-01,7.264079059984184239e-01,6.541862062166177161e-01,7.898113868558919171e-01,5.294041401285479731e-01,5.628766661379888125e-01,6.777394253645557809e-01,6.879533164285901448e-01,8.333251027542390998e-01,6.196602461012122864e-01,8.536210792821357085e-01,4.090671728234513971e-01,9.095135030159935408e-01,7.026049047703287753e-01,8.397918549286474965e-01,4.160763120035612106e-01,3.714042654909665009e-01,4.576209803611818727e-01,7.407807788178243369e-01,4.888048249673054846e-01,2.075406948770218973e-01,8.932994443609548751e-01,6.668095618997363916e-01,9.229986096084408231e-01,9.236181839435456675e-01,8.130663051252489115e-01,6.688947925548243134e-01,8.675415069458795037e-01,8.620378704533221415e-01,5.088560723121148266e-01,2.365405647020797919e-01,6.243531653021648919e-01,8.975090462646837519e-01,4.613752766063444755e-01,9.060561925154754226e-01,6.165354331293471102e-01,-9.867099549825524007e-02,9.215274370717287944e-01,9.664866086797894162e-01,8.028069540599552800e-01,5.924885894912979012e-01,7.614035280255173621e-01
6.974422834137131710e-01,9.652439785686085516e-01,9.070389738516336786e-01,0.000000000000000000e+00,8.578585284996136373e-01,8.241713115154564173e-01,6.536507174589927249e-01,4.471471019979939565e-01,2.402981814436662145e-01,6.522012745532844713e-01,8.199462149042900938e-01,6.573041806502526452e-01,6.652250196484050804e-01,5.275894813030217456e-01,9.523319547400412866e-01,6.483119636404732766e-01,2.250608275991128251e-03,6.929853260999064846e-01,6.931175191065196417e-01,9.543013609039160405e-01,6.528232120792913928e-01,7.810040308804734321e-01,7.077162547890267774e-01,7.599952360109143434e-01,7.047529545941417783e-01,7.651122812815909224e-01,4.630427647647203937e-01,2.687677355280473357e-01,-6.255999060832792558e-02,6.615474772625296040e-01,4.397387513390155767e-01,6.311977294408017691e-01,7.703962771266573695e-01,8.596444528599825885e-01,8.495897937896293994e-01,3.146644828192526333e-01,8.705576127912376116e-02,6.352380127691331646e-01,4.594113786494098961e-01,8.959865234234944964e-01,4.518215519726472007e-02,8.678096057736637281e-01,8.748875396630749757e-01,7.642771176074442119e-01,4.195419620652890424e-01,4.085968364851421675e-01,8.186579924573841316e-01,8.271038202724155797e-01,7.053500423302053735e-01,8.737847156518072644e-01,9.003246953985507561e-01,6.618684005001129744e-01,7.258374616249452238e-01,6.281021331114726713e-01,7.867783628762070602e-01,9.518417915737402701e-01,6.768742943357364261e-01,7.606328078652797586e-01,8.623946523653098772e-01,7.173085976550840348e-01,4.830555070094146863e-01,6.988385663540316317e-01,7.645656333669033078e-01,8.662962044221257374e-01,8.212137766030062069e-01,5.027795494175220092e-01,6.132019352887616570e-01,7.427558359522382636e-01,7.454667745432862480e-01,4.183710995935703281e-01,7.705776421443401025e-01,9.465166481890117112e-01,7.784226190344222251e-01,2.576216882006180375e-01,3.711896618984651397e-01,5.098635072520341094e-01,9.828101671027567043e-01,4.967191033994589611e-01,5.390848235604254191e-01,3.174348291841725955e-01,3.237834692622260091e-01,6.948355833280942528e-01,6.285158300519150254e-01,7.945564006424868375e-02,5.923972990421313423e-01
8.117244085921246910e-01,4.003001227820048302e-01,7.343721813597099413e-01,8.578585284996136373e-01,0.000000000000000000e+00,1.696578937349354499e-01,2.121039975030271918e-01,7.286818028990572627e-01,4.020987213619684614e-02,7.278101474131695170e-01,5.404546019520641842e-01,8.759998511218181072e-01,9.133872326350221948e-01,5.317462487941188032e-01,9.443431796887535867e-01,7.550845263267487173e-01,9.968940636943384170e-01,4.791894097579763590e-01,6.795191071218497081e-01,7.259828380580741758e-01,9.062381993152762716e-01,2.213705503288669330e-01,6.407829634216353210e-01,6.068258024838550924e-01,9.546360169543830487e-01,3.738543751426778305e-01,7.582663600550034744e-01,8.603664440789705603e-01,4.384349965429524820e-01,2.841645992048908997e-01,7.464954604708765595e-01,3.981557771524682487e-01,4.944492985722163669e-01,7.016821497140078856e-01,6.138309142415541153e-01,4.735526638841465741e-01,5.262152298261305594e-01,9.235172176824912871e-01,8.768833021903937874e-01,3.874953825274857211e-01,7.704908343280251204e-01,8.610308974908116308e-01,5.304441729107044479e-01,5.170640255719287648e-01,9.144305989334972073e-01,8.495972145153288801e-01,6.108472698094037368e-01,4.828482486557897913e-01,4.412427635880584176e-01,7.252683332874845235e-01,5.433690214375541672e-01,4.105511401249284931e-01,8.785962364384328760e-01,8.406693662943451884e-01,9.702429033738804165e-01,4.291362689781992312e-01,7.414201792415968661e-01,9.932072887209622003e-01,7.008443701164340789e-01,8.515460081807628701e-01,4.308841917438178126e-01,4.745310347848685772e-01,5.006661248117293406e-01,7.912503805274190283e-01,8.478693146332522135e-01,6.707911407364248735e-01,8.713325240369652613e-01,3.025849653828786567e-01,6.192501281483794306e-01,9.194516322988931512e-01,9.276416936057062523e-01,8.009437809923142249e-01,5.994979287245071342e-01,3.560453112274094001e-01,8.416413233570755326e-01,8.382110720198292508e-01,8.091331614919813342e-01,4.081699778227675379e-01,7.322097864744226969e-01,5.868861232915655313e-01,3.343795202252379806e-01,7.561775746930129438e-01,9.471789494502742546e-01,6.908203006714529470e-01,3.370856065209370533e-01
4.450075637632406322e-01,8.301653278163101390e-01,7.540963794833360767e-01,8.241713115154564173e-01,1.696578937349354499e-01,0.000000000000000000e+00,7.896221699292365059e-01,2.253658176533805402e-01,2.933872599748055254e-02,2.137725844693754429e-01,9.465809078783333774e-01,6.974432533027111747e-01,8.412191220032150252e-01,9.808699581691606717e-01,6.941834104242781134e-01,-2.438030324445761288e-02,5.716014520458532200e-01,7.977156333471899785e-01,4.528507068813565906e-01,4.935562151167293132e-01,7.944578394065742177e-01,6.480239812163884894e-01,6.886177454512180107e-01,7.568988062470005662e-01,7.284923340624462895e-01,8.591286750173745546e-01,7.459611958988503488e-01,7.959387853102792842e-01,5.640691052084237933e-01,3.368794383075653931e-01,5.898456751185550129e-01,7.672698162684145062e-01,5.485350935786401649e-01,7.124612148318528737e-01,7.584459753496215484e-01,3.663540392506332843e-02,1.237308890286157453e-02,9.414056474782755979e-01,9.030783163638193001e-01,6.722325748434406778e-01,2.859363024515726992e-01,5.692847539032866999e-01,7.495790832308500962e-01,4.114008137948080845e-01,8.944685955337206007e-01,7.357456731421589957e-01,7.213579647038874665e-01,9.979866385352085256e-01,7.362341805980900933e-01,6.119639145535503699e-01,3.445657872778773445e-01,7.101093388322647915e-01,9.551960281467919422e-01,6.313579239616661232e-01,9.647148592460762506e-01,9.080541591879658370e-01,7.299231336489603317e-01,8.095055746354234971e-01,7.578285367533214023e-01,4.922676573850411907e-01,5.817030847601208920e-01,7.616406943214935055e-01,7.418988086068007970e-01,9.058387642077941893e-01,7.362426833674204918e-01,4.520017737937103153e-01,8.368817870331172193e-01,8.524065716009342486e-01,5.954277668266287904e-01,7.684221464142290126e-01,8.969047900233714232e-01,8.510207786702027599e-01,7.017540281688229298e-01,6.467194692529163458e-01,6.911433423641363261e-01,6.287776070208777046e-01,7.394943751688204392e-01,6.362077507870255166e-01,3.321701420020619633e-01,4.000255879681152010e-02,6.159385474294838403e-01,6.551590774929891836e-01,2.823709769101389599e-01,2.855879422273869261e-01,4.381595221433242648e-01
8.672493937794731877e-01,5.181171748113923003e-01,8.992630407200044029e-01,6.536507174589927249e-01,2.121039975030271918e-01,7.896221699292365059e-01,0.000000000000000000e+00,4.616649141499038489e-01,3.542127731612877417e-01,6.138085261031374085e-01,5.683663536333155575e-01,3.508976533204061221e-01,2.809408750909753172e-01,7.704725007510186963e-01,2.528938232939803021e-01,7.392989310692062999e-01,3.092665923237266634e-01,1.971691805986323098e-01,4.285973857644912455e-01,8.557394169329933797e-01,9.527953031175093734e-01,-1.576794235937296895e-01,7.800792732574060029e-01,8.071757836110214912e-01,6.841264599792469259e-01,4.887401231885063480e-01,1.098196419332639062e-01,5.552512369687241378e-01,2.960668545341300084e-01,-1.028039709386977946e-01,5.999827360024228007e-01,4.985584270516998373e-01,6.337824403825180752e-01,3.739140932250405447e-01,8.929354691047718395e-01,7.062405169161134477e-01,6.965302644841719903e-01,3.868254708043414869e-01,9.620894023674702034e-01,5.709543839167586787e-01,5.444433276306246405e-01,2.090450963507222149e-01,8.966442503387663798e-01,7.472636483708312571e-01,4.433059926043957377e-01,4.965456496864915636e-01,4.483513894818507706e-01,5.118300407930840290e-01,3.177183601441666561e-01,7.203955440666420795e-01,5.682011182043940067e-01,6.071629517769974171e-01,7.877887083403609658e-01,6.389439076622560609e-01,9.378416584835398417e-01,4.800589912796595082e-01,4.122980525886597580e-01,2.028084420420958600e-01,8.675468643235422217e-01,6.125076515992456949e-01,6.467679223505005126e-01,6.445861806920533121e-01,4.373516350129191266e-01,5.695480618339135992e-01,8.505733834672857263e-01,3.153304708368526721e-01,6.548427350882782827e-01,5.719240304067430003e-01,7.261650164954972508e-01,7.775881989090961399e-01,6.707800603725596611e-01,4.238491053060331470e-01,4.255448294676248411e-01,2.035457269868079511e-02,3.098719726654400874e-01,7.330403788746026050e-01,4.590674858028583882e-01,7.687573473302388161e-01,6.364807087378330230e-01,1.161713785203782462e-01,5.196077715482252390e-01,8.881525992895094035e-01,7.837215178552188188e-01,6.048497747307012284e-01,8.280949772401938747e-01
8.500484457591576115e-01,4.131181945182416659e-01,7.798395693459806433e-01,4.471471019979939565e-01,7.286818028990572627e-01,2.253658176533805402e-01,4.616649141499038489e-01,0.000000000000000000e+00,2.168589598776121952e-01,5.620914840059851869e-01,8.205047616700664737e-01,9.759430830702738868e-01,6.795733807926703784e-01,8.934724049290841963e-01,6.670992475886243778e-01,4.491106628153578306e-01,4.708786443929410814e-01,6.082182569393300708e-01,1.273488474341986226e-02,4.523116033501219935e-01,5.739904000962453567e-01,-1.247951675125830578e-01,7.773259877875121626e-01,4.467104627225294000e-01,4.798337558019182270e-01,6.575584026057436082e-01,6.080115390722117263e-01,7.789060442435657983e-01,7.417151365270913121e-01,6.300006088364953349e-01,5.056143824269880849e-01,9.030599047200476015e-01,3.250147987268027228e-01,4.291626274497545857e-01,8.347009307499017039e-01,3.692972741774076528e-01,3.965460492625482170e-01,3.417272402040438806e-01,6.968638077214041049e-01,6.481004315154291762e-01,4.021683519932310880e-01,7.386921065215894533e-01,8.252796574153574705e-01,6.961769832230330080e-01,9.960941697572820441e-01,7.735561064381174523e-01,5.333871572392323568e-01,3.817435938853596111e-01,5.959658774757451427e-01,4.405114499521982641e-01,-4.723611608686573149e-02,6.874545492130050839e-01,5.586508865374298916e-01,1.127804303750664650e-01,7.538655377982147465e-01,5.801421088977819496e-01,7.361441034216981150e-01,6.205364477405742596e-01,8.235370612931692813e-01,4.837779816713493330e-01,5.430115956123728882e-01,5.840024288225494908e-01,8.609628991728928149e-01,6.371127472308784068e-01,9.447587153970901097e-01,4.110975584941188310e-01,7.499365358741494347e-01,6.716348172556283469e-01,2.018045923445431489e-01,5.842799474197225562e-01,9.769756343391899911e-01,2.001904821970108272e-01,5.884972369561297656e-01,7.116690738118256476e-01,6.994269393690798475e-01,4.369785299581721016e-01,2.613894562311043779e-01,7.743785309444322085e-01,5.519368788986980245e-01,3.136024003533723903e-01,9.511591199898636884e-01,7.758981926102536120e-01,8.616588550331629737e-01,6.942523705931049616e-01,5.086630429817557975e-01
3.589989762436285314e-01,6.325646613879070124e-01,9.547060865852029510e-01,2.402981814436662145e-01,4.020987213619684614e-02,2.933872599748055254e-02,3.542127731612877417e-01,2.168589598776121952e-01,0.000000000000000000e+00,8.315658830764154352e-01,8.096323943932822731e-01,4.735775772749552526e-01,6.920372425061216415e-01,8.919812493095307104e-01,4.016203049189331353e-01,6.215820047429124751e-01,5.715542459451020130e-02,3.118146988348274862e-01,6.468115521846102833e-01,8.392297026017518924e-01,8.280659194199492257e-01,6.432018153081217049e-01,1.292182323367349339e-01,7.349575097467633267e-01,4.170391992939945780e-01,9.108141331052926892e-01,9.368308764821767776e-01,4.695019181923536511e-01,6.809138465124753292e-01,4.609010086159032182e-01,4.438759400578975445e-01,4.557951796988778392e-01,5.481764243775765211e-01,6.716254834255214190e-01,5.028000500762436209e-01,5.669845489862501697e-01,3.202300760883438624e-01,6.187526229595438076e-01,8.687468333238977936e-01,6.156345433777208331e-01,-1.610831391600732743e-01,5.920124485672093595e-01,8.541169343722805340e-01,8.377675633247719800e-01,8.286165514922145814e-01,6.977293338250597499e-01,2.711067790238426145e-01,6.017525361877611445e-01,7.894846381961189152e-01,7.167145022884102712e-01,8.786284100524984764e-01,6.947401399464419036e-01,6.375526347593440946e-01,1.643389276407044297e-01,6.950271780476222627e-01,9.762221575710643418e-01,5.936025774164103153e-01,5.647812230923497934e-01,9.608223644380775585e-01,4.975812207228450523e-01,4.895757593951408637e-01,8.259310568012315779e-01,5.310109220622343251e-01,8.145753725310089788e-01,8.947400992237974915e-01,3.512304110490175324e-01,6.406887271937844464e-01,9.343987917498937090e-01,6.787969266367134269e-01,4.584376229371235900e-01,8.781032048331831596e-01,4.905652872217243776e-01,4.079719682164353323e-01,4.361920424563930365e-01,8.503719671654215162e-01,8.827214633946313116e-01,8.841263765091709192e-01,7.244181310256262440e-01,5.204263469966684541e-01,1.873151288310284310e-02,5.587345559197165468e-01,9.115676660790709152e-01,8.673820619260417253e-01,3.933235424371065436e-01,2.671369540031500733e-01
8.686077436694229492e-01,7.279662457173068368e-01,8.625578211331342837e-01,6.522012745532844713e-01,7.278101474131695170e-01,2.137725844693754429e-01,6.138085261031374085e-01,5.620914840059851869e-01,8.315658830764154352e-01,0.000000000000000000e+00,8.023063687515648024e-01,9.187544408628162129e-01,7.695275256772583505e-01,5.404317804404443759e-01,6.184973973642688971e-01,1.918979077396660293e-01,9.425709290851227440e-01,4.251052343273212242e-01,9.480242222598616042e-01,7.450900825943747030e-01,6.466223227656343608e-01,5.801879732434370718e-01,7.650347671565771446e-01,7.160014309400613008e-01,2.948287053710744177e-01,4.441314498856441251e-01,5.119426605405699160e-01,8.903843015583204901e-01,1.410392350505284831e-01,2.547261116845604412e-01,5.652459551293997908e-01,7.272488592983251676e-01,8.227606304755830102e-01,7.755980300290366003e-01,2.425430079714203935e-01,6.089413646503097910e-01,4.509089942503418658e-01,6.865652767409786694e-01,8.984939056072325236e-01,7.080880647429753649e-01,9.502407655995177560e-01,9.152725803773495983e-01,8.285773056998261277e-01,5.779183109520107386e-01,6.867982660920776139e-01,9.307686985281149461e-01,9.116965287197971168e-01,3.498806661152381037e-01,5.893721973724594942e-01,6.386725551083001218e-01,9.363673159531888945e-01,8.709076745309574097e-01,9.685313600964857716e-01,7.647816145219310524e-01,7.385410669257318483e-01,7.626011228713923673e-01,6.471287051243458377e-01,2.549548882418066764e-01,7.905480229856842733e-01,6.973100122765665265e-01,5.590222225650809396e-01,9.121635830707061077e-01,9.117805402041543328e-01,7.476986350711780638e-01,7.938378430870789426e-01,1.286233964517773457e-02,7.630892196230578683e-01,5.468283921005185899e-01,3.519794518261776251e-01,7.448001216033118821e-01,9.709378275756485044e-01,7.334067139867543883e-01,1.419021098252742086e-01,6.379699268938183732e-01,5.379138994664661722e-01,8.446753858350175559e-01,8.204634736430985731e-01,3.170835330647252537e-01,2.615349474444605971e-01,4.587563736440231632e-01,2.440202632552730122e-01,8.817273425568099565e-01,6.396467600104909224e-01,2.322743762210795482e-01,4.289891300868368118e-01
9.580582634150025534e-01,9.357308961911797729e-01,6.077264424963524370e-01,8.199462149042900938e-01,5.404546019520641842e-01,9.465809078783333774e-01,5.683663536333155575e-01,8.205047616700664737e-01,8.096323943932822731e-01,8.023063687515648024e-01,0.000000000000000000e+00,5.914881213594451737e-01,2.182991860720872035e-01,8.091342105536672991e-01,7.711257212161675145e-01,8.056535009371110778e-01,9.166901959974335101e-01,7.594637902901945070e-01,7.990948676145810392e-01,9.174094379326137583e-01,8.470617931464979877e-01,7.076859299177806761e-01,8.927341791383760494e-01,9.547424605883053639e-01,7.301154939596263826e-01,7.414637848629590522e-01,7.501217807005405858e-01,7.971893833284513509e-01,7.542530172204517935e-01,4.314705513631853506e-01,7.280704767351242612e-01,9.154588004258623624e-01,5.937745905019937709e-01,6.218244285960368156e-01,7.665483392015386421e-01,5.615842710932341664e-01,5.525118254508045723e-01,7.323866549536136583e-01,9.327807799648162312e-01,8.707276046012919490e-01,-1.332148740031443568e-01,7.311978693868309565e-01,7.772677569137402820e-01,7.317555898798538960e-01,7.738057706591086049e-01,7.299673700559224931e-01,5.131813075301595584e-01,4.880278264443036473e-01,9.156498627593975259e-01,5.493176872648891651e-01,6.275805361361124213e-01,8.998470017825275225e-01,7.189481026581292511e-01,7.384897168029072034e-01,8.699802057188732451e-01,7.041803457242458153e-01,5.094307196468754739e-01,9.443602241706124945e-01,5.638700952053380400e-01,5.464653523094706866e-01,4.220907110908016513e-01,5.313369634727452828e-01,3.824614323663677595e-01,7.971688308780314758e-01,8.283351703669726840e-01,9.581524277166126868e-01,9.396043498545293415e-01,8.489355745975052381e-01,9.043957504643727052e-01,4.739234621008268089e-01,9.142571073170884244e-01,7.186753041097178052e-01,5.951260033451687415e-01,3.266679214623730010e-01,6.636558858771722802e-01,8.940975360651608472e-01,8.588347439467646227e-01,7.323107344386892148e-01,6.724433975953426623e-01,1.285912738005795253e-01,9.007066076041235769e-01,7.529123719936235970e-01,8.692932974881595332e-01,7.340839639587460885e-01,5.693134471422164333e-01
8.763287443424490064e-01,6.298135649616858345e-01,8.134349246806448219e-01,6.573041806502526452e-01,8.759998511218181072e-01,6.974432533027111747e-01,3.508976533204061221e-01,9.759430830702738868e-01,4.735775772749552526e-01,9.187544408628162129e-01,5.914881213594451737e-01,0.000000000000000000e+00,7.427677614175981491e-01,8.706945304535030905e-01,4.949989536951648339e-01,6.970087468778827233e-01,7.226567924109096319e-01,6.337109549739420311e-01,4.764516161937327188e-01,8.717674541039497349e-01,9.052038933985251390e-01,6.774108862163358280e-01,8.489324432077832716e-01,9.518199265633173756e-01,5.601285317724874480e-01,4.172177379124283325e-01,6.626969217818796665e-01,7.653293132365788232e-01,7.116233718716264978e-01,7.127505736090916644e-01,7.817932133137227568e-01,5.783803850337767560e-01,-1.153657858089759958e-01,7.829943240957555339e-01,7.641171986393803239e-01,5.709645140555343890e-01,1.608141495939287569e-01,7.273811727877370625e-01,9.535451931442924245e-01,9.606355338559128265e-01,8.748678252706132419e-01,6.893832344085104591e-01,9.679479037180267476e-01,8.893690947477199682e-01,5.209518414539889841e-01,7.629113682326902346e-01,5.311315161477196956e-01,8.894673299611445261e-01,6.288277046514930690e-01,2.870948015376826867e-01,8.590415513973679307e-01,6.799035360444233289e-01,4.098188464229384209e-01,7.917806839302604649e-02,8.576292301871029089e-01,5.671858121288267385e-02,1.373767553401102626e-01,6.664659995716974983e-01,9.022066739380811828e-01,6.271281161509465463e-01,4.241148746689622495e-01,3.524754673774417313e-01,7.083768273501219737e-01,7.785795000712140146e-01,4.816574148215906903e-01,4.919379028808830712e-01,9.925275380901850131e-01,8.784184712645575210e-01,7.129504480843245062e-01,6.357262319979082310e-01,9.175165166085627044e-01,3.328003595992196084e-01,1.794521503682146024e-01,1.542644465418097355e-01,5.140992925803383740e-01,6.520265489248565638e-01,2.745138497334642658e-01,9.836377560613931426e-01,7.414370823915591435e-01,4.616947628051805697e-01,3.678676221010365177e-01,6.867004816256623290e-01,9.715374959286926515e-01,5.652908067705353368e-01,6.506141225224113533e-01
7.937523122374425810e-01,9.689342981468787031e-01,8.830604834669921743e-01,6.652250196484050804e-01,9.133872326350221948e-01,8.412191220032150252e-01,2.809408750909753172e-01,6.795733807926703784e-01,6.920372425061216415e-01,7.695275256772583505e-01,2.182991860720872035e-01,7.427677614175981491e-01,0.000000000000000000e+00,7.153033050530245296e-01,8.896381298821832706e-01,6.524079764367847201e-01,5.918671665394035220e-01,3.613929069427858076e-01,8.537850026412315829e-01,2.017765557114741537e-01,9.688989369081019154e-01,7.550821527336272210e-01,6.583186155011253593e-01,7.756926626971690775e-01,-2.297988949154405880e-02,8.470445610007796278e-01,9.520062230933223901e-01,7.591582080235632635e-01,7.608152824480283183e-01,3.322719737760910785e-01,3.147354734734398862e-01,7.373807880668286074e-01,6.869950506482066510e-01,8.188693799306695498e-01,6.950559179994025838e-01,7.246875869322441099e-01,3.192572515443269365e-01,4.197314653897512571e-01,5.119035946820603700e-01,8.486945069926036256e-01,6.119561375832598404e-01,4.343178183961998173e-01,9.402580001830197487e-01,8.140915092438358869e-01,7.408034611941337610e-01,6.555489168719359494e-01,5.918427620640657194e-01,4.233351361687537895e-01,8.829705737380545427e-01,5.946655390342777681e-01,8.138452969213324506e-01,7.218831778037653191e-01,6.874427973649049894e-01,5.016816029324485671e-01,4.072998079334840260e-01,6.569165099487861426e-01,7.019005509175828550e-01,7.580137363529237948e-01,8.104382178382858459e-01,5.228476335117124840e-01,7.993861873883011393e-01,4.983969432847218384e-01,8.661126077949075075e-01,5.564279281904583874e-01,9.143884810031258636e-01,6.373908862869563929e-01,1.471665521100060658e-01,9.565108335447951582e-01,2.521464569217304538e-02,6.223738747365906709e-01,3.287204406706283888e-01,6.627486467554311034e-01,6.241709023093818809e-01,2.002388550050525629e-01,4.129936200432818838e-01,6.695332018724245993e-01,8.393983848501973544e-01,8.514147680846679833e-01,6.360474620764371423e-01,2.456487415882552539e-01,7.181498672708728215e-01,6.507337982491598893e-01,6.763125963505900451e-01,7.499507840720587293e-01,6.540476974857334369e-01
9.921743834809202411e-01,9.748049072231335099e-01,5.052807199771068847e-01,5.275894813030217456e-01,5.317462487941188032e-01,9.808699581691606717e-01,7.704725007510186963e-01,8.934724049290841963e-01,8.919812493095307104e-01,5.404317804404443759e-01,8.091342105536672991e-01,8.706945304535030905e-01,7.153033050530245296e-01,0.000000000000000000e+00,6.576516305759168013e-01,8.600723082759755833e-01,9.858122808067038001e-01,9.088624104000112558e-01,7.139254808273093333e-01,8.372851894708681630e-01,1.718815884399760296e-01,5.613518546938113252e-01,9.577369634909561613e-01,8.076883515530351998e-01,7.689628885836923278e-01,4.486655356197034594e-01,6.742441522944644383e-01,7.548855379573488067e-02,5.039459960624851353e-01,2.591170914742819686e-01,3.876739390980822320e-01,3.183443116725606092e-01,7.878978350317236146e-01,8.663766034571703800e-01,5.518566389301770014e-01,3.186468120132116555e-01,4.550453131451195343e-01,7.278960965658652638e-02,8.126983664304152644e-01,7.617093677336548296e-01,8.222677185409352774e-01,5.583467472264809217e-01,9.880651613245672316e-01,5.794389327504243514e-01,9.930072434209653576e-01,2.703568695476741279e-01,8.858788260443355433e-01,4.051964178478814071e-01,8.373874749643063220e-01,9.087006067741124626e-01,2.469227337041448311e-01,9.080222835098817891e-01,5.685049725920798824e-01,4.526751831057878039e-01,3.453460676357379966e-01,7.867664834001385499e-01,7.895518328472603820e-01,4.126759334632452703e-01,6.378471167223933591e-01,7.957249932654489877e-01,3.065490019225376450e-01,5.691623862858907756e-01,9.152702046570098116e-01,5.526586212495577799e-01,9.010884057220224230e-01,9.889862664999410358e-01,9.719668719345460062e-01,8.023625318497533687e-01,6.727069875354164674e-01,8.988829762949028801e-01,3.074473962714716069e-01,6.618606365396253466e-01,1.989055620956758641e-01,4.893281747870909526e-01,7.881576914333688899e-01,7.005222003501919703e-01,3.757593893457232825e-01,6.102756883257001719e-02,7.361319833599367923e-01,6.175471188889204432e-01,6.821011457867471872e-01,5.756197102475149041e-01,1.998131194140237432e-01,4.741765182265351986e-02,6.196749426154202212e-01
3.771160775389048592e-01,6.012386918181542583e-01,8.530224743414316357e-01,9.523319547400412866e-01,9.443431796887535867e-01,6.941834104242781134e-01,2.528938232939803021e-01,6.670992475886243778e-01,4.016203049189331353e-01,6.184973973642688971e-01,7.711257212161675145e-01,4.949989536951648339e-01,8.896381298821832706e-01,6.576516305759168013e-01,0.000000000000000000e+00,2.995741895941487209e-01,5.102487089744477400e-01,7.389116439349535659e-01,7.436323241701554565e-01,8.213355993612976302e-01,5.764803601896205665e-01,4.012021928004697036e-01,6.236473650901283028e-01,4.122994119005898295e-01,4.916420690636336688e-01,5.178594151954333258e-01,8.736811802106924096e-01,8.826747639397592993e-01,6.694305215661324748e-01,3.345659255536115317e-01,2.648723578802760770e-01,5.066507876253102394e-01,5.722705791933380137e-01,6.634434412389409452e-01,8.376058047745071899e-01,2.595695754760097285e-01,4.034476576412031612e-01,6.754254925585345681e-01,9.911496768552914283e-01,6.785548508086671760e-01,4.168424187699119599e-01,7.207737649542034220e-01,8.494501687381156296e-01,7.827424520838968114e-01,8.912357409769056105e-01,8.451893132791536978e-01,7.062187032212088322e-01,5.245040461965981837e-01,7.471554481734428155e-01,7.801529864091898414e-01,8.711060720631769172e-01,8.804493845479518521e-01,9.441505287062739171e-01,6.557018615734518940e-01,2.398438724495839669e-01,7.701919984826095522e-01,8.143907943483864598e-01,7.847653241727379214e-01,8.641692375669560722e-01,7.442679636815894284e-01,5.501379752697944658e-01,8.908900081582885599e-01,1.301014448786790845e-01,7.472335469322308743e-01,7.600247620722727637e-01,7.455766043257817666e-01,6.175094360556866446e-01,4.168169994394340661e-01,4.155727619703301623e-01,5.295070615834975847e-01,8.828308572904447482e-01,1.865841410698639291e-01,4.090302180509022834e-01,3.586394205761810339e-01,5.690151974194099793e-01,5.670268008976309115e-01,4.052486849992900653e-01,4.324255959299367347e-01,5.158122398900405470e-01,-4.313049099321658586e-02,8.750608441564007300e-01,6.776987186758756110e-01,3.454659051179233553e-01,7.322414566463539831e-01,7.720892698674262089e-01
6.794740006803605681e-01,8.100758189498789008e-01,6.740333285494447546e-01,6.483119636404732766e-01,7.550845263267487173e-01,-2.438030324445761288e-02,7.392989310692062999e-01,4.491106628153578306e-01,6.215820047429124751e-01,1.918979077396660293e-01,8.056535009371110778e-01,6.970087468778827233e-01,6.524079764367847201e-01,8.600723082759755833e-01,2.995741895941487209e-01,0.000000000000000000e+00,6.934800199346033978e-01,4.781768790495640742e-01,9.461795379571752429e-01,9.301621718952142182e-01,9.397996851758589898e-01,6.956266050011217228e-01,5.781283595403117204e-01,6.637956479349557126e-01,9.450763919763990328e-01,6.999300251734484890e-01,6.907495655742964535e-01,1.704970804154856412e-01,1.811283384573502131e-01,2.214896807854815075e-01,5.268134740049844611e-01,7.796316249736896520e-01,6.923499818385068227e-01,6.259849994344390822e-01,6.535345635381355489e-01,3.992434072758888064e-01,4.870479007603334409e-01,4.700538276329254139e-01,4.993222502981040090e-01,8.476941720717883211e-01,4.417813283118341983e-01,2.414860986276443078e-01,9.566735847855137864e-01,2.523754551311476746e-01,7.499487576956307411e-01,6.951705996237679264e-01,7.061363061316088263e-01,8.677252691418213537e-01,4.653667291927581773e-01,3.744305198587686290e-01,3.441593523298914770e-01,7.970498397881918828e-01,2.595984752675414287e-01,4.072979106833032881e-01,6.276307551253772488e-01,5.579366728543261322e-01,4.118798661262870198e-01,7.422911185310985260e-01,3.354145767004955703e-01,3.249756910935386323e-01,8.554987682897132739e-01,7.328669744681510778e-01,2.218268703435758993e-01,6.481026268115084310e-01,7.700837811336547212e-01,7.210037233860024930e-01,6.107592271360353653e-01,9.485657474799951139e-01,1.952575742503535883e-01,9.208998657908158414e-01,8.034512571503245049e-01,3.827063834305556300e-01,4.470411509855570786e-01,1.481790422257128481e-01,4.259726639768349754e-01,8.309202872641102688e-01,9.299933600533120126e-01,3.023897753627499130e-01,4.775109395508309595e-01,7.385759501578317843e-02,9.665991144467225293e-01,8.807959625632615364e-01,9.694726504048626348e-01,6.617637985070117246e-01,8.330979011319825656e-01
9.195949305407680185e-01,8.999591457518270055e-01,6.496498822661342931e-01,2.250608275991128251e-03,9.968940636943384170e-01,5.716014520458532200e-01,3.092665923237266634e-01,4.708786443929410814e-01,5.715542459451020130e-02,9.425709290851227440e-01,9.166901959974335101e-01,7.226567924109096319e-01,5.918671665394035220e-01,9.858122808067038001e-01,5.102487089744477400e-01,6.934800199346033978e-01,0.000000000000000000e+00,9.671078681934403010e-01,8.186414549638918459e-01,9.418906983001196220e-01,4.849825221649754492e-01,8.831880762971381360e-01,7.712611147194424754e-01,9.982133546528421109e-01,5.620992816066073816e-01,9.044933049739234399e-01,6.022025036792684194e-01,7.823524263659307199e-01,5.199584099704646079e-01,6.147561410807010907e-01,6.362931131801589091e-01,4.445596931904972071e-01,8.649993210220374706e-01,9.846645763394204498e-02,9.325999825782076424e-01,2.004955153631774734e-01,5.306762455305282788e-01,4.021277159020965053e-01,9.788843098563869694e-01,9.208263168927091069e-01,1.691081963935481269e-01,8.955038573273711444e-01,6.907164514519914533e-01,8.916471933102835257e-01,9.952595637528462991e-01,8.099150050654913002e-01,8.405077854793907566e-01,6.360849458850372784e-01,4.283211203711365100e-01,7.795162550707045446e-01,4.146954937239337169e-01,6.371358838494576293e-01,6.728130067536925996e-01,5.317586740876882878e-01,8.374208146857925472e-01,3.769923768623456573e-01,7.759170198464998558e-01,8.754859280856969184e-01,9.843582173613364406e-01,4.416906389448863601e-01,4.970901990254488617e-02,7.369287820702488112e-01,8.194780980398104209e-01,7.729078593160967348e-01,7.024927890524721441e-01,6.425149883479475132e-01,5.037496946464279368e-01,5.213948913914053795e-01,6.491128823382147361e-01,6.065109132938302228e-01,9.131907082368900808e-01,7.669921674594479821e-01,2.362724751622708452e-01,7.293052721384619685e-01,9.914780657881339110e-01,8.712847113814934374e-01,8.837728324664244628e-01,8.460964795646386261e-01,8.779393551058366219e-02,6.778246477118573532e-01,6.082608253550746413e-01,8.289490348306651768e-01,6.626637778440325199e-01,4.576758105059374193e-01,7.554462034010411831e-01
8.633406548600550678e-01,6.386129218137724939e-01,8.003271507705409515e-01,6.929853260999064846e-01,4.791894097579763590e-01,7.977156333471899785e-01,1.971691805986323098e-01,6.082182569393300708e-01,3.118146988348274862e-01,4.251052343273212242e-01,7.594637902901945070e-01,6.337109549739420311e-01,3.613929069427858076e-01,9.088624104000112558e-01,7.389116439349535659e-01,4.781768790495640742e-01,9.671078681934403010e-01,0.000000000000000000e+00,7.360095925145379026e-01,8.590916403190080874e-01,7.011091126781696659e-01,7.014961422330266982e-01,6.551681052830911067e-01,9.939508725721156734e-01,3.073550169949689770e-01,8.046869798046770716e-01,8.008998653643355503e-01,8.740531432431735137e-01,4.867582179629240668e-01,7.228558204730989312e-01,2.039303731552659094e-01,6.608940078894687264e-01,9.160237432734268381e-01,8.265624090117846823e-01,4.797438337693993304e-01,6.268772038687203674e-01,3.345262907780166550e-01,7.805620219180403607e-01,7.416844961494939437e-01,6.867379714501318233e-01,5.035458565308508216e-01,5.161447090171287222e-01,6.039594684505191768e-01,6.954465049167702917e-01,9.180311712956116255e-01,8.237242671861730869e-01,7.989007942241947990e-01,7.963789316701245236e-01,6.396168337892423894e-01,7.201279930754673764e-01,4.748580060637177525e-01,5.985315278220233459e-01,7.197685275887264478e-01,5.936195734040988770e-01,9.190196259856544536e-01,8.717068739446678372e-01,3.412841205391353716e-01,7.939634446174512750e-01,8.938618354838047120e-01,6.189826363519794761e-01,4.975204693570676184e-01,9.055418250435498528e-01,4.582455651967190513e-01,5.816319490047615615e-01,3.493178949603962247e-01,6.146046093959587342e-01,8.237732926073657591e-01,6.988299695759596641e-01,7.265910410808703590e-01,5.226978253948438846e-01,8.412264396262790767e-01,3.108093118522632370e-01,7.582661087225424090e-01,5.796392059742599967e-01,2.606012861561713967e-01,4.231082167975417918e-01,8.374016968815009010e-01,9.183767762263187473e-01,4.346232216614503430e-01,4.036436127761189874e-01,5.813809750847744873e-01,6.541439229006009715e-01,8.143873332112496755e-01,4.007646154183802656e-01,5.494363028949895700e-01
