0.000000000000000000e+00,7.581724994154759312e-01,8.984723405347585512e-01,4.029191118872464950e-01,9.118571720211791076e-01,8.076677947969641558e-01,9.440274678291346033e-01,4.607009363771491506e-01,7.234979829662836481e-01,6.450297227140998624e-01,6.081004802448155555e-01,8.604370957765274941e-01,9.740639098853939304e-01,5.092464651896246863e-01,7.950350146020631614e-01,5.695568267347073110e-01,9.132570585889911996e-01,7.118718170392831501e-01,9.734985370758502121e-01,7.749749445514678703e-01,8.860271883381595215e-01,5.032956456646420218e-01,8.269970466998033398e-01,8.974172683419158192e-01,7.587333182652004071e-01,6.029169923357945438e-01,7.336722366420002084e-01,9.637636786772135755e-01,6.283092766850113531e-01,5.951934455342327013e-01,2.915599313958322503e-01,9.719208072636419393e-01,7.753476806109341757e-01,9.501427959891091124e-01,8.118066476304280910e-01,5.846897786087636995e-01,8.764832001657779648e-02,7.319613191421556753e-01,9.158115069870306213e-01,8.090319995661547914e-01,5.573573277070802412e-01,1.162165062221076905e-01,6.721499944398121595e-01,6.618387063789333835e-01,7.944133134558888365e-01,6.318744178086822538e-01,8.494930175779561443e-01,9.118581238191770799e-01,3.958346098071860997e-01,7.364783102133991566e-01,9.821416382464333017e-01,3.945764978530522105e-02,7.211080935844463857e-01,9.343284238033223721e-01,7.549844736897795006e-01,9.857845726857495938e-01,7.682623057138049383e-01,8.535691422020967867e-01,8.649280226174198560e-01,4.573443397768228724e-01,6.838211733187858909e-01,8.214380735649731147e-01,8.661639638263517460e-01,9.271276912434279760e-01,9.896560158859613043e-01,8.869262676097964260e-01,8.934285730180051566e-01,6.536675781083289838e-01,8.859104995753760425e-01,9.497099265599278084e-01,5.109099957213439902e-01,5.214078777925061914e-01,4.560482578370967932e-01,7.417106078643452838e-01,8.069529542888487228e-01,4.619511654190432415e-01,7.964330694654309095e-01,9.440798889928553317e-01,7.345090848875178713e-01,4.732203091980183851e-01,4.408204445434425467e-01,8.497425133447964463e-01,7.725954131487522414e-01,3.967430816620425293e-01,4.795912174248056492e-01
7.581724994154759312e-01,0.000000000000000000e+00,8.918761659211575932e-01,7.835726229654115249e-01,9.939167025888546725e-01,8.974356767681971325e-01,2.218609628462176464e-01,7.814318019303222451e-01,5.076662696891763860e-01,9.899441945697891043e-01,7.863889516726444429e-01,6.690987812194751916e-01,8.960639420345333228e-01,7.789248219354011349e-02,3.352085418670782690e-01,7.871472314918828150e-01,2.886205811062921289e-01,9.689646562370405336e-01,8.024128595145252341e-01,9.580581796473053302e-01,7.112714748821886701e-01,5.840899993090717945e-01,9.297636082919938927e-01,7.326596220876008259e-01,6.926631736730515937e-03,6.295877655124690886e-01,8.336292150157499359e-01,5.647992993552370944e-01,2.302852878548242443e-01,3.777289099367062836e-02,3.527042822330863081e-01,2.282316313105869077e-01,7.463385320781974475e-01,4.551097780543146287e-01,5.404353413163389686e-01,5.343388663332584443e-01,4.082273862733384329e-01,3.861876764673184415e-01,6.008705327139051144e-01,6.105016532565611387e-01,4.608984959818916982e-01,7.950844105376873028e-01,7.147184912033378579e-01,4.238084384946887995e-01,8.974786461774963975e-01,6.422164920251323128e-01,5.247843605892937857e-01,9.646948953040934693e-01,5.658467222771410565e-01,6.479380565456279717e-01,6.667556703330186352e-01,7.171340367293070894e-01,8.603007769662491810e-01,2.451057586585712600e-01,6.753740677901491907e-01,9.148342901991006748e-01,6.142414588328333203e-01,6.511693835201090019e-01,6.423183622010958382e-01,5.125308664772206813e-01,5.617407640749427777e-01,7.431802946412093824e-01,9.883079360137525526e-01,3.456821815668018605e-01,6.683722473872877323e-01,8.674479652208391123e-01,7.167281115250642154e-01,1.542985854510503518e-01,2.471796360498965672e-01,9.901301224313393545e-01,2.809708552598059184e-01,7.832263800750888239e-01,5.991604042892129112e-01,5.923470495606111275e-01,6.617442042966298343e-01,8.298805749836466461e-01,6.799213122437890444e-01,7.759011707821885651e-01,2.856334369778578131e-01,1.707742979050319576e-02,7.992052269690936850e-01,5.571293273057865703e-01,5.637777868949354065e-01,1.267084106987059200e-01,2.486501612670925232e-01
8.984723405347585512e-01,8.918761659211575932e-01,0.000000000000000000e+00,6.941685051263553063e-01,2.601859805061532693e-01,5.811980767371940360e-01,8.166767029024609714e-01,9.839294820895196914e-01,7.353928496016213234e-01,7.496464228194780199e-01,8.305734112733486052e-01,8.438155561673976734e-01,7.979655738246396179e-01,9.446690176061178779e-01,9.992725804601330086e-01,7.417991598634587902e-01,6.962285644809108609e-01,6.721777770222955306e-01,7.262415433826040490e-01,8.319682696929728838e-01,8.948094607914753862e-01,5.075338038697148058e-01,8.158078010769064248e-01,6.509587682694719657e-01,9.040534623754153953e-01,7.137823696802610973e-01,8.744065503229961900e-01,7.317922174214317454e-01,5.448720224344145713e-01,6.736805377355500335e-01,1.523625247741296207e-01,9.189764094589825127e-01,6.606669432114201657e-01,8.863116543954207005e-01,6.363357614939766371e-01,9.552120719273838878e-01,7.759478885539217163e-01,9.795410687790504500e-01,9.167003585853729097e-01,9.514920523836848387e-01,6.114331277503362028e-01,6.272073478693040993e-01,9.086554589568737184e-01,9.517898842673424564e-01,9.554584671167054566e-01,5.851813866661983443e-01,4.181511806370616924e-01,5.968173471739772751e-01,4.931555603156991263e-01,7.027678653539785047e-01,3.150472584204632720e-01,8.284451088786748407e-01,8.255999438275867242e-01,8.451735103033520824e-01,8.806174390285437248e-01,9.873459523609998678e-01,8.245519009615513983e-01,7.171204327746721896e-01,5.281033453124777122e-01,7.286342231347657794e-01,6.498567351496200573e-01,8.661026104959168581e-01,6.765235758676584332e-01,5.854170460408197885e-01,6.781074702255026621e-01,7.409167310547364327e-01,4.274887663228117418e-01,9.702568577990549059e-01,5.212576889183808682e-01,6.425835128665657869e-01,6.919369973579877486e-01,9.942014355039878737e-01,7.585543350518078043e-01,4.494403116480213400e-01,7.734898165990942154e-01,3.070216564008245164e-01,9.388197903995670890e-01,9.765831356593311918e-01,6.769866879664576675e-01,3.787460769880356404e-01,5.372237771001399098e-01,5.041848590647667328e-01,4.596527621065716884e-01,9.148653429603089693e-01,8.933072447373237024e-01
4.029191118872464950e-01,7.835726229654115249e-01,6.941685051263553063e-01,0.000000000000000000e+00,5.088671499897136075e-01,7.647268351621290261e-01,6.279076562229436442e-01,5.375571109668378922e-01,3.243679341475278477e-01,7.673036810206483871e-01,7.527694859358924351e-01,6.275561500886316368e-01,6.160861811077184003e-01,8.768263182230988662e-01,6.785375722565138989e-01,9.506454392398469011e-01,6.386812152285215038e-01,8.897112806401603624e-01,7.896306416221667845e-01,8.219863087596291917e-01,8.375637738370803609e-01,2.484637184539725541e-01,9.488385423395409024e-01,8.344706248671894810e-01,6.074538789212816647e-01,7.201491974019842424e-01,6.030116476960982741e-01,6.690158651752345920e-01,6.052118322735566824e-01,2.533636187151817043e-01,5.468453404084155922e-01,5.270451647144156482e-01,8.336153450869571158e-01,6.977226891464278768e-01,9.593388541305887252e-01,4.809965129109942117e-01,4.654082998784603853e-01,5.128522868044717020e-01,8.734563510347547188e-01,8.198675935088244326e-01,7.733911268161262065e-01,9.496184336473881826e-01,3.195897064943411525e-01,7.613496561398368501e-01,3.468914607481403678e-01,8.573223026915882672e-01,9.958273990060182435e-01,9.444822922135978072e-01,9.758301695578435186e-01,8.360018048623368836e-01,6.591290023649607477e-01,7.638829065851145961e-01,9.829403643047923689e-01,5.211725391813356589e-01,8.149805896536997940e-01,7.350100735135729479e-01,6.623015680201914668e-01,5.801606915243017193e-01,8.995782413338435646e-01,7.639561384966357949e-01,5.489171378577792915e-01,2.521136062083007556e-01,6.632656946918606966e-01,8.046988151758101004e-01,7.488804708420154777e-01,9.895548698712018920e-01,8.628291031443530157e-01,7.631057552767929186e-01,4.963066000879621797e-01,3.010098324537562320e-01,8.520229453389094321e-01,7.387479733317260377e-01,6.259981386253723468e-01,5.376923963979367560e-01,6.049663275542985774e-01,4.183802862146039914e-01,9.563311496339872431e-01,8.125044892674867514e-01,3.044092164355550745e-01,1.729601821254239669e-01,5.590505995566940056e-01,9.038959607753532799e-01,4.169849610753347813e-01,5.403596162874504394e-01,6.059331616599340498e-01
9.118571720211791076e-01,9.939167025888546725e-01,2.601859805061532693e-01,5.088671499897136075e-01,0.000000000000000000e+00,8.662778697528572547e-01,7.623250898645219653e-01,9.030363514389704305e-01,5.886902477850703974e-01,6.449053850428890788e-01,9.142978109886431559e-01,8.765262920910685818e-01,9.788830183029443299e-01,7.612354644308798601e-01,3.415320521044691304e-01,9.651373457845267012e-01,8.291701958418374874e-01,4.442758857212613655e-01,6.205040382289900291e-01,2.682256340166008779e-01,9.929602143769691303e-01,4.387404819170264703e-01,5.453057270511973975e-01,6.541976260126070031e-01,2.648875858611591805e-01,5.132133554631601591e-01,-1.692394318292523292e-01,4.120486065217192628e-01,7.906848868719067447e-01,4.843618073118302059e-01,4.283052817623775876e-01,1.671512864822480571e-01,7.509161751426272069e-01,7.263734564647766900e-01,7.823477818124826566e-01,6.146166846789503646e-01,3.955473017569156591e-01,3.400794632260412675e-01,6.983548776420958060e-01,8.499957164265210530e-01,5.255168380913499693e-01,9.407478533184102654e-01,8.033066707636392634e-01,5.249536908699289350e-01,2.397186535427023313e-01,7.536728985112206569e-01,8.579374502015454373e-01,7.153738973488915631e-01,8.049177739215590544e-01,9.831839692609773973e-01,4.295338663209142260e-01,9.880685653731523521e-01,9.744197977796559274e-01,8.174601213710916969e-01,6.043160811430521306e-01,8.253435228372042465e-01,4.610165157096400845e-01,6.000446285947429459e-01,8.386135923656179436e-01,6.895399361824406936e-01,8.672096688939195941e-01,6.466194478230266052e-01,5.517663043313727478e-01,9.212427986901079446e-01,8.360527950959734111e-01,8.515260303824747634e-01,2.793704347155142598e-01,9.298131079229275953e-01,2.927945560130226221e-01,5.114530277085546084e-01,4.571111467006442886e-01,8.379299533965707258e-01,5.841339502513275272e-01,2.107634876679688185e-01,7.789599987408636350e-01,7.487801680872028243e-01,2.260183810687046990e-01,9.375340667782405824e-01,6.553289455579940359e-01,4.652622626651756743e-01,6.536471598590567478e-01,9.481591004476571660e-01,4.718222551510431462e-01,7.760867161116690172e-01,8.135808015666985415e-01
8.076677947969641558e-01,8.974356767681971325e-01,5.811980767371940360e-01,7.647268351621290261e-01,8.662778697528572547e-01,0.000000000000000000e+00,5.246397903243384953e-01,4.654339445886236382e-01,5.523530778831220456e-01,9.470503166106558623e-01,6.768743995505410727e-01,6.378880398892058379e-01,4.359810925735613241e-01,7.079014365316840252e-01,6.308117953932277366e-01,3.214107364514698362e-01,7.711110152013727070e-01,9.718155207701584253e-01,5.378957657228236044e-01,3.995648305149075430e-01,8.697654942879825546e-01,5.589246704069883442e-01,4.603635696050695780e-01,9.305671837712286010e-01,6.916208677451837206e-01,7.338176588905976905e-01,6.724970809778673120e-01,6.347007132685803521e-01,3.815291986797759716e-01,4.630038663501319096e-01,7.077285393568099048e-01,4.579903290890393053e-01,2.993770452047101460e-01,8.787805001459225718e-01,3.339792419140442115e-01,4.884393441991815576e-01,6.199626425691544540e-01,2.539376339397708127e-01,9.735162592749971866e-01,6.734126383560581353e-01,5.467997950716838584e-01,7.997504942041488984e-01,6.373634378778459952e-01,4.951493493821410574e-01,8.074840784400122429e-01,9.271030683486251034e-01,8.121419073252982290e-01,8.418175184507428188e-01,5.110802399793615836e-01,5.704243579144567811e-01,1.556546491164918222e-01,8.478758738417723206e-01,7.702811610177111579e-01,6.441981969825818499e-01,7.293766379597870220e-01,3.202307464118893665e-01,7.970116756100527056e-01,6.667092684770935529e-01,9.883320214367741219e-01,8.025704071832452380e-01,3.627189160551952396e-01,6.738574739515048595e-01,7.392217840461676737e-01,8.670654844771229497e-01,7.047521967519323471e-01,5.459225287672239135e-01,9.011452086552002028e-01,9.928436786947083537e-01,3.067492279219702356e-01,7.805281688874333712e-01,6.376037029883248330e-02,8.394300268930150466e-01,7.878580442850853238e-01,1.223294699039647188e-01,6.471502877583507063e-01,8.484015913632605432e-01,9.482480697535671244e-01,6.457281342743994568e-01,6.039314936333662898e-01,5.103796001087795853e-01,6.325017538381761950e-01,9.890895924033950015e-01,9.589535726552050887e-01,6.607570687469217496e-01,6.821884768017689726e-01
9.440274678291346033e-01,2.218609628462176464e-01,8.166767029024609714e-01,6.279076562229436442e-01,7.623250898645219653e-01,5.246397903243384953e-01,0.000000000000000000e+00,5.667145071185171190e-01,5.163471779102736248e-01,3.942991855757997932e-01,2.506526303996979843e-01,3.789485763603527291e-01,7.648531840286303396e-01,2.803099341084973051e-01,2.801142997200470885e-01,6.176076115774838948e-01,6.355851888354189239e-01,4.799492673400639897e-01,2.850840620597115405e-01,9.154192922607039540e-01,8.316556999029067754e-01,7.266561693955676526e-01,6.906803757564922153e-01,9.906055229144643537e-01,2.594068772692016411e-01,2.379381284727605239e-01,6.759739483681785899e-01,6.439653810322537586e-01,7.141968792287090029e-01,6.597630423650886478e-01,3.560967236449428253e-01,6.235519217775705725e-01,3.989604889403183252e-01,4.213058900314874400e-01,2.552415991128716977e-01,5.488374197539399590e-01,7.724972692218778914e-01,6.485797438833824646e-01,9.121619361755202160e-01,7.172987147064873170e-01,6.573488161819072140e-01,7.039675262515603382e-01,9.496956527309571294e-01,6.334752889552911492e-01,9.613118523694802464e-01,7.364034238350383177e-01,4.852192698799345782e-01,5.108197887040559770e-01,3.550685423478186498e-01,6.091987839722713405e-01,5.592405876505093243e-01,4.728460699708633141e-01,2.609594151611940305e-01,7.700101850699551109e-01,7.604764492812086107e-01,4.664995845797423324e-01,9.123510588642095298e-01,7.862641740152649383e-01,4.293085373319063258e-01,4.897081227617013921e-01,7.794925119490901944e-01,6.384341848708143807e-01,5.596188473832259813e-01,8.954808660061001069e-01,8.937407481686823196e-01,2.564883398772793699e-01,8.807786941543188641e-01,8.817830230376065836e-01,9.737224866460076900e-01,4.049995790458142397e-01,6.371620918400791034e-01,4.139531220849121951e-01,5.081543965394346163e-01,2.950847351780993555e-01,5.016117555812941164e-01,7.576469105524845649e-01,7.254889426439750100e-01,2.458749341446792580e-01,4.269674436031023479e-01,8.454896397132023456e-01,4.398707436735563858e-01,6.883885440033761238e-01,4.664548852125205425e-01,4.388810762812809796e-01,5.161142467333708073e-01
4.607009363771491506e-01,7.814318019303222451e-01,9.839294820895196914e-01,5.375571109668378922e-01,9.030363514389704305e-01,4.654339445886236382e-01,5.667145071185171190e-01,0.000000000000000000e+00,5.008018117793104906e-01,6.039204198177329230e-01,8.302623995864861772e-01,9.643027180772792972e-01,8.939952347073669703e-01,4.791364724011005216e-01,9.279103262842730571e-01,4.679840019689053277e-01,9.794080114050150998e-01,6.100994071676586472e-01,3.975334596376004503e-01,9.456834735095921429e-01,8.205755539973380586e-01,7.502234840981244490e-01,7.408769974470221786e-01,3.442231897486922737e-02,6.491251373770641209e-01,8.639707995585418354e-01,6.066003659476527643e-01,2.720204383667631509e-01,3.664353368042014281e-01,5.455420439602165494e-01,3.138397728803227205e-01,6.457573060409163013e-01,6.426618932017891250e-01,6.246234760323512436e-01,7.228872047625056751e-02,4.109676075334270928e-01,7.465027987227166317e-01,7.712242167432259432e-01,9.929442915020045834e-01,7.582023835979221360e-01,2.847650250405450167e-01,8.821144728865033535e-01,6.501277526116344685e-01,4.494785978491226408e-01,5.507504214074947502e-01,5.719476613344020022e-01,6.215960195798532206e-01,7.894752714257927684e-01,7.162438863730767880e-01,6.151460836430693302e-01,7.288092388736862048e-01,7.623868894387776374e-01,6.135474892954040360e-01,6.916473320141653947e-01,5.383296758324002118e-01,8.285290500638483602e-01,7.546421412794257488e-01,6.429454785744010969e-01,6.019347730036007649e-01,5.400387881846197002e-01,4.904836977644416174e-01,8.020893684800314283e-01,4.884046200957541939e-01,8.949496636892598778e-01,7.567159545181104674e-01,9.448953165271268828e-01,4.918224451588717461e-01,8.308489263500248301e-01,4.084021745978584361e-01,4.922400978247494230e-01,7.380893032938280474e-01,9.030995408846287376e-01,6.263148998124504763e-01,7.197200683172341185e-01,4.364205784465073901e-01,5.763542649145531049e-01,3.435640816786390550e-01,7.569256318303890785e-01,6.407302114626625134e-01,6.346589909148330211e-01,9.277998851966076099e-01,8.803059427315571561e-01,8.401662547787582813e-01,5.616853882103448603e-01,6.783755451701118933e-01
7.234979829662836481e-01,5.076662696891763860e-01,7.353928496016213234e-01,3.243679341475278477e-01,5.886902477850703974e-01,5.523530778831220456e-01,5.163471779102736248e-01,5.008018117793104906e-01,0.000000000000000000e+00,6.686318159011532813e-01,6.543437181725522134e-01,6.184024031544753663e-01,9.375696804274641361e-01,5.437104451391437943e-01,5.016665966173852187e-01,9.897403512265670056e-01,6.190522325576967022e-01,6.711799898178737456e-01,4.867046965862789620e-01,8.562300493772946330e-01,9.009633000398966640e-01,6.382536464086121519e-01,4.411052515444479072e-01,7.564751895960007966e-01,4.129279507503420821e-02,8.201313002868287905e-01,8.657050861169349742e-01,9.659323052293783407e-01,3.067431030542125958e-01,5.603739502068683098e-01,-1.197326457360562146e-01,7.449009788580532865e-01,6.981614768692269157e-01,6.380404894917116598e-01,9.117523181585303060e-01,6.936284924983888711e-01,-2.025060557228117175e-02,5.487485980581444656e-01,7.118790165585440199e-01,6.040884414437873717e-01,5.803978846864021879e-01,8.856163992530097229e-01,8.817114553516482989e-01,3.537161860839700411e-01,6.477489429029998913e-01,3.233954789532829110e-01,9.731818287340761042e-01,6.040672364653124626e-01,6.865905196945922828e-01,4.071944564628303675e-01,6.167923780924865484e-01,6.169873958647820178e-01,8.116707601187501675e-01,9.162427287579805180e-01,5.526206318508151139e-01,6.908488558177561245e-01,9.479971583874441388e-01,8.028353429531922547e-01,3.278143839779392721e-01,4.753950503266842209e-01,5.292480226949983768e-01,7.030116190359244621e-01,4.725265621541304695e-01,3.461696974143743111e-01,8.315386857899349504e-01,2.981462358538732871e-01,3.075418533172500912e-01,6.942302785367866491e-01,2.120797334973707760e-01,8.448887903827740908e-01,5.772340520783516560e-01,7.793195730211400774e-01,5.880392588618341687e-01,2.268912999791878327e-01,4.652685825956957566e-01,7.466372769036344614e-01,4.616695347520033965e-01,7.423208503386107271e-01,5.222025297491071916e-01,6.760144905962296447e-01,4.505794186842314031e-01,9.990206237195921046e-01,9.200516783177863367e-01,5.228936310210327010e-01,4.472923271837419557e-01
6.450297227140998624e-01,9.899441945697891043e-01,7.496464228194780199e-01,7.673036810206483871e-01,6.449053850428890788e-01,9.470503166106558623e-01,3.942991855757997932e-01,6.039204198177329230e-01,6.686318159011532813e-01,0.000000000000000000e+00,7.276793139075837802e-01,5.612631757698893775e-01,9.357223056584912380e-01,9.341211383760452680e-01,6.980002255472165240e-01,6.356222684673811241e-01,7.365997271294655313e-01,9.771493882909956241e-01,9.619359608537974005e-01,9.808825257805671161e-01,9.970729028022453644e-01,4.042740535594977480e-01,2.718450694174815441e-01,6.505431448649481307e-01,1.240875262966772558e-01,6.281892966281326096e-01,7.555396238748226523e-01,8.069190205134256777e-01,5.310091513573549360e-01,5.100291218249227709e-01,5.919183444977667019e-01,8.626329973192081724e-01,6.138195920279471141e-01,7.429601217388315249e-01,8.334338387753696953e-01,2.456385837554095619e-01,3.498793045442247229e-01,2.153865064639262639e-01,6.874281052512707380e-01,4.670455642145217579e-01,1.841878789576574249e-01,5.543810005216602832e-01,4.512651645653379395e-01,6.448808533144633204e-01,7.665437332958295880e-01,3.129197929169391101e-01,9.682760987786267481e-01,2.197206125529493348e-01,6.411270430293095623e-01,8.453095026473628204e-01,7.262190445550886775e-01,2.207812420927119379e-01,7.288719389205311483e-01,7.763354027688680326e-01,9.581650534061261215e-01,5.031883976454588625e-01,4.406144388500558007e-01,9.683514406510669303e-01,7.570906656248637123e-01,7.000411524789733608e-01,2.870664463528460608e-01,1.494187724724632405e-01,9.370896763318273814e-01,3.463226643141705807e-01,8.332575332072121865e-01,8.326162244477000041e-01,9.860948707761384435e-01,8.536706143825131266e-01,5.393739610110146465e-01,8.192263581376409975e-01,4.836997970751165665e-01,7.643484100836729356e-01,9.226042403185179541e-01,1.654225254519000599e-01,2.006013154017072808e-01,6.760823073439996556e-01,8.121245101794869470e-01,7.919409579478016159e-01,3.156961375699802730e-01,4.155379422695659186e-01,6.618934841291641558e-01,9.851068521510719656e-01,8.153213239429141224e-01,2.388165584519656715e-01,9.425331754233651216e-01
6.081004802448155555e-01,7.863889516726444429e-01,8.305734112733486052e-01,7.527694859358924351e-01,9.142978109886431559e-01,6.768743995505410727e-01,2.506526303996979843e-01,8.302623995864861772e-01,6.543437181725522134e-01,7.276793139075837802e-01,0.000000000000000000e+00,9.601572889116644083e-01,6.651319367859189757e-01,9.773511909520716801e-01,9.960353401231606396e-01,2.575043859989640804e-01,7.552844410721193391e-01,5.299465613835369071e-01,8.956681869261311491e-01,8.068225708198981661e-01,8.801727549899234226e-01,9.291515658988611648e-01,3.727372301158132784e-01,5.036050482767369108e-01,9.342412552162512318e-01,2.552150007324964776e-01,8.115704909350918150e-01,8.672068230135993039e-01,6.250275394479444246e-01,5.715555493409609777e-01,4.847583383373287869e-01,1.453933761333093544e-01,4.781578355137913738e-01,7.625939527660269279e-01,5.256631202849041395e-01,5.926277923172220685e-01,5.880473178014684610e-01,9.607760300944794274e-01,6.766718070691735143e-01,9.287300224694899908e-01,1.620196261854471020e-01,3.111965992781651202e-01,5.992625398720408114e-01,6.576647354122758804e-01,-3.968080932270118266e-02,7.252812544982126797e-01,6.596614133482439080e-01,8.637132046135951313e-01,7.151020956360832903e-01,5.985352311361651356e-01,7.287694478185549052e-01,6.194095957542153918e-01,9.494675888762187377e-01,7.807318426156449886e-01,1.083614646791242198e-02,9.118918056071378953e-01,8.900933700358709677e-02,4.217470773180411192e-01,6.351815285772045572e-01,7.739188876388767291e-01,3.486442492473769139e-01,5.046987567766012539e-01,9.462583126804618994e-01,9.773151913261436396e-01,9.555882668605938379e-01,7.459960518890018655e-01,9.978646615661901365e-01,9.301555254228648373e-01,8.468639752179055735e-01,7.475301016447248870e-01,3.429017442612433131e-01,5.670187326702117447e-01,4.108276477782253910e-01,7.808024905690793549e-01,8.545915154166010552e-01,8.239477899741962652e-01,6.979114901913824331e-01,8.844451209355501664e-01,4.719081281024087859e-01,4.136930764581602249e-01,5.824968747531518165e-01,5.239777818510292784e-01,7.683477348460200362e-01,3.034192577843868310e-01,6.083904673173232691e-01
8.604370957765274941e-01,6.690987812194751916e-01,8.438155561673976734e-01,6.275561500886316368e-01,8.765262920910685818e-01,6.378880398892058379e-01,3.789485763603527291e-01,9.643027180772792972e-01,6.184024031544753663e-01,5.612631757698893775e-01,9.601572889116644083e-01,0.000000000000000000e+00,7.285171010421545024e-01,8.141561661440018804e-01,6.372170664596902290e-01,6.632604435849662750e-01,8.581150355252935569e-01,7.776736162086934911e-02,9.257007226930711319e-01,7.949636979569949524e-01,6.470003739520318042e-01,5.901106648630773943e-01,6.631846836573047632e-01,8.364823533635113995e-01,7.032589812223009051e-01,7.107501485303376887e-01,4.329992104206172865e-01,6.385357161353849564e-01,3.629849350656663143e-01,6.482594558254890504e-01,3.526275140585125589e-01,5.990358567090572350e-01,5.469360255837714124e-01,5.210380064704118741e-01,6.607908324882723061e-01,6.698113363698598999e-01,2.366650852285673012e-01,7.112175023421021258e-01,9.508551446444684085e-01,9.343836891417420798e-01,5.968175056522353472e-01,3.704756899295079675e-01,3.355621117818159971e-01,6.236297428058581449e-01,8.112356017877618841e-01,5.731141013543806784e-01,8.910630957336944657e-01,7.892608954793876030e-01,7.566337582396436279e-01,2.198641220360188775e-01,3.575429318419560687e-01,5.878297276130564075e-01,8.500423288182847870e-01,7.806432468676268721e-01,9.914504235783743180e-01,7.274493267230993654e-01,9.503968991224573948e-01,6.660349097460631640e-01,9.019315571449190161e-01,4.322884782040561369e-01,5.845283203391854476e-01,8.831724011417478870e-01,9.431884073455871764e-01,5.248297304071904978e-01,7.231645197594710472e-01,8.330870089950188628e-01,8.505210755379494225e-01,9.901363032046626156e-01,5.746493115799498064e-01,7.833350603108260035e-01,8.828717098150606901e-01,7.207110259516157358e-01,6.529651633171349445e-01,6.645968713952756790e-01,6.064874107522426616e-01,6.855879467717941322e-01,9.556561866020212292e-01,6.505143747638509888e-01,4.308775263134348998e-01,1.784028859322484006e-02,2.732649083371035958e-01,7.390105755446760849e-01,9.749075255817265528e-01,9.188505698951344725e-01,6.673718752201032167e-01
9.740639098853939304e-01,8.960639420345333228e-01,7.979655738246396179e-01,6.160861811077184003e-01,9.788830183029443299e-01,4.359810925735613241e-01,7.648531840286303396e-01,8.939952347073669703e-01,9.375696804274641361e-01,9.357223056584912380e-01,6.651319367859189757e-01,7.285171010421545024e-01,0.000000000000000000e+00,7.316006214935416585e-01,8.718416783343403420e-01,9.820208952344821052e-01,9.126219428125839084e-01,6.974450269986776085e-01,5.262103946304097501e-01,9.433288384064177912e-01,8.722310549456555595e-01,7.890377029613042659e-01,6.572414112300200006e-01,6.381750742299743262e-01,4.041431743498316576e-01,6.200448998661114430e-01,7.665960915139604648e-01,8.189607737151669564e-01,7.325912721072389555e-01,2.486760342883038155e-01,3.590843542116765041e-01,6.424345384170020434e-01,7.472559562643339426e-01,8.385555845419888632e-01,9.358517426838339759e-01,7.780597136054823171e-01,9.560304239430467144e-02,8.377223283838544088e-01,7.854472591302565920e-01,6.380478625095358236e-01,4.277385291150860858e-01,6.140163432403381583e-01,9.317930295940937135e-01,8.364621495754270830e-01,9.342785782471959566e-01,7.823802396519408120e-01,7.858401670866417277e-01,7.771472190158641435e-01,7.133199898106215020e-01,7.765006768492224154e-01,6.234816495341006792e-01,7.228343175621447791e-01,9.808377156144751918e-01,4.790058317066489546e-01,4.221030301209458546e-01,7.499838772755522687e-01,9.425582392231304230e-01,8.994809294576476821e-01,2.939523774249720445e-01,6.287671663028655822e-02,2.803073058405106677e-01,9.297494957041707586e-01,8.069836440435509406e-01,8.999386103366141532e-01,6.406828003814203365e-01,7.068046042909144067e-01,5.456989022448496263e-01,7.141976932907744269e-01,7.601239964860004861e-01,8.008454206352794147e-01,7.939231083046955906e-01,9.243381859599766326e-01,4.805058095406917196e-01,4.916939817656681422e-01,5.182096483334519554e-01,9.027975966520235263e-01,7.210130682010837955e-01,8.651943638092116640e-01,7.432716178067143575e-01,5.796759261465393998e-01,9.062239929384309223e-01,5.104640653841384657e-01,5.757368365168296087e-01,7.624446650662820568e-01,9.173823471766664461e-01
5.092464651896246863e-01,7.789248219354011349e-02,9.446690176061178779e-01,8.768263182230988662e-01,7.612354644308798601e-01,7.079014365316840252e-01,2.803099341084973051e-01,4.791364724011005216e-01,5.437104451391437943e-01,9.341211383760452680e-01,9.773511909520716801e-01,8.141561661440018804e-01,7.316006214935416585e-01,0.000000000000000000e+00,4.460968699734821352e-01,9.618297889488810481e-01,8.428488996925292964e-01,6.672984624630264872e-01,2.934531945679808018e-01,7.041137351384745280e-01,6.009591798699763787e-01,8.347479071526815453e-01,6.246200821785465873e-01,9.536590710027990081e-01,6.030375266398888545e-01,9.554756153512382610e-01,8.856776520209874715e-01,6.478888748216040661e-01,7.529314036553949041e-01,4.922171362330974853e-01,5.194555695364575509e-01,7.135495467893590016e-01,5.003040207365775371e-01,9.500935336951379373e-01,6.348039658897008941e-01,5.321834320355599557e-01,7.560946060301729776e-01,8.693346189746072872e-01,8.220402554841889087e-01,4.412048710409527397e-01,3.492913770145510410e-01,4.853479793407435849e-01,6.996047668510606554e-01,8.198192224669745842e-01,8.515128845439155769e-02,8.292505906634559665e-01,7.151011891599395875e-01,8.849485345235953426e-01,6.790820471628420396e-01,6.752029858267891704e-01,4.778872127580823803e-01,2.771096482611447032e-01,2.282998801357742358e-01,5.017908008587042001e-01,8.466610075642442279e-01,5.923128999193976174e-01,7.290144870076917805e-01,7.264597715212408602e-01,4.596752162462431901e-01,2.286732559163277001e-01,5.737860355893870112e-01,9.525749170611534922e-01,9.082022462827910037e-01,8.733289899329202965e-01,8.445329155570268087e-01,5.682230222283408683e-01,7.994995528065562684e-01,9.308397203611755710e-01,5.048536266254352034e-01,8.605970274892966732e-01,6.570095064016289177e-01,9.479156612613998112e-01,3.346228227292059598e-01,6.723771756741218075e-01,7.803904279434686897e-01,9.223096376606755298e-01,9.535981214259724448e-01,6.562657055595885192e-01,3.279129721450979584e-01,3.417670531007881429e-01,7.433205012357428920e-01,7.238712690134910810e-01,9.657313922909712689e-01,3.185279152745862374e-01,5.108731034846166752e-01
7.950350146020631614e-01,3.352085418670782690e-01,9.992725804601330086e-01,6.785375722565138989e-01,3.415320521044691304e-01,6.308117953932277366e-01,2.801142997200470885e-01,9.279103262842730571e-01,5.016665966173852187e-01,6.980002255472165240e-01,9.960353401231606396e-01,6.372170664596902290e-01,8.718416783343403420e-01,4.460968699734821352e-01,0.000000000000000000e+00,2.792039566420918550e-01,7.240437578212920444e-01,3.214950875685264609e-01,5.937109777224441887e-01,7.332221977749269204e-01,4.644055268163462258e-01,9.024037855401119135e-01,6.794481326685761768e-01,8.348146583100028995e-01,5.367490498890814532e-01,3.160168370441394092e-01,8.141391830818240916e-01,5.548503817926166981e-01,2.628727711638323417e-01,5.683869589283218060e-01,4.866724079628507726e-01,6.148969914936086578e-01,5.257388690865169023e-01,7.355430591851773725e-01,5.133685037159662068e-01,4.099735416830246337e-01,1.602941544222749037e-01,6.022999439879378469e-01,9.909287212623578700e-01,1.349852030488494226e-01,8.372931421828472276e-01,8.675970663865261168e-01,7.825303285768987482e-01,9.369669086144301051e-01,7.038592704753706686e-01,4.389041440008291661e-01,4.288957595709662618e-01,7.783137257447896307e-01,4.418878899340626942e-01,8.833335205603379814e-01,8.223225259820020616e-01,8.601920810073926393e-01,4.973681842876963022e-01,6.789593444335982886e-01,5.808094729786232868e-01,9.786386430615519050e-01,6.231971855418663164e-01,8.815529307925222824e-01,8.964740133964759217e-01,8.280280903072174681e-01,4.929898786593295834e-01,3.754322901813449409e-01,2.653479524531916767e-02,8.751033356784780892e-01,5.534247708041124536e-01,4.180988855473641852e-01,6.179859660370569108e-01,9.988296018384735797e-01,6.285789094588170034e-01,7.186033682155892333e-01,9.861442440259992059e-01,5.778916841859497167e-01,6.858970269463475766e-01,2.046549232659240214e-01,7.984247469845258127e-01,6.266652074094190006e-01,8.852805760042898875e-01,6.608777967517307506e-01,2.570793004361807688e-01,3.660075175044548712e-01,5.674566343718461248e-01,9.125466012631209267e-01,6.406154645432701189e-01,5.403508146566029513e-01,4.358614796736912655e-01
5.695568267347073110e-01,7.871472314918828150e-01,7.417991598634587902e-01,9.506454392398469011e-01,9.651373457845267012e-01,3.214107364514698362e-01,6.176076115774838948e-01,4.679840019689053277e-01,9.897403512265670056e-01,6.356222684673811241e-01,2.575043859989640804e-01,6.632604435849662750e-01,9.820208952344821052e-01,9.618297889488810481e-01,2.792039566420918550e-01,0.000000000000000000e+00,9.913462241353929727e-01,5.778032248796557413e-01,7.238144629123978158e-01,9.938420932185024759e-01,3.163890519547213342e-01,4.460930677595537075e-01,8.167934280490821153e-02,9.831552533098394386e-01,4.087062112245432033e-01,4.822331029651055756e-01,8.811297433262134104e-01,9.951131809319344601e-01,6.089909526550728591e-01,6.618120245866025986e-01,5.457928538588789902e-01,-1.377285397095168173e-03,7.287825744693736674e-01,8.578792164254507302e-01,5.293853313765484181e-01,6.147283263264126107e-01,4.942361732241695171e-01,9.547740441495362607e-01,9.137280496748262371e-01,5.760201004385610002e-01,3.258825038554351017e-01,7.054883093130664973e-01,7.656097143796292137e-01,6.937805721470262643e-01,7.352812762845472028e-01,5.096712639072609186e-01,8.158341681890348696e-01,6.600298514224738344e-01,4.809206608875305489e-01,7.542157214474324300e-01,4.177879523199130030e-01,6.440321443648575617e-01,8.358593141441741370e-01,2.040003397647433547e-01,8.791455271305435026e-01,6.304561041004081989e-01,6.012274670057210502e-01,8.826285857103615129e-01,8.928769059733746571e-01,4.391813313409771991e-01,5.917987811636771234e-01,8.495037004352086196e-01,6.347810042977590772e-01,8.074658482218927125e-01,8.425880824186688933e-01,6.047241596184455004e-01,7.101473439360725948e-01,7.466205656316434736e-01,4.083911470161266655e-01,6.743334109319416847e-02,7.177208020574104008e-01,9.457949956115497825e-01,4.801907416816066920e-01,2.685958693717670487e-01,3.624468061609761316e-01,1.731352363945126704e-01,8.639470753916259627e-01,7.428631805381308295e-01,4.407125243528193792e-01,5.479650442274101030e-01,5.293306934524828478e-01,9.908200791903502003e-01,3.318646413353767421e-01,9.254080019571161442e-01,9.473049128473453040e-01
9.132570585889911996e-01,2.886205811062921289e-01,6.962285644809108609e-01,6.386812152285215038e-01,8.291701958418374874e-01,7.711110152013727070e-01,6.355851888354189239e-01,9.794080114050150998e-01,6.190522325576967022e-01,7.365997271294655313e-01,7.552844410721193391e-01,8.581150355252935569e-01,9.126219428125839084e-01,8.428488996925292964e-01,7.240437578212920444e-01,9.913462241353929727e-01,0.000000000000000000e+00,7.869541248685631984e-01,9.089910174762446671e-01,8.202130552882559433e-01,9.615311107272126456e-01,-1.608778872010565020e-01,9.480449306401778076e-01,9.653261170223158549e-01,4.196915471666779474e-01,7.678464023556861306e-01,6.996953260522915663e-01,8.080506130354367933e-01,1.065183040383367585e-01,3.278983385626015323e-01,4.314408756383265875e-02,6.722676450507996115e-01,8.773325337094528553e-01,5.750294818780784523e-01,4.507079467596162292e-01,6.753831147561693005e-01,5.588666275240871117e-01,8.737044975129661939e-01,7.598797242660818574e-01,7.762961387705746841e-01,5.061703864065211222e-01,9.136491858054387460e-01,9.860323646900003292e-01,4.713447944310567017e-01,8.923654388536735871e-01,8.875859910142462894e-01,8.242403796893211787e-01,9.301726295577624759e-01,7.271849178866638397e-01,8.742207847200270665e-01,7.739119888594249153e-01,8.930643219449889703e-01,4.552481089935783154e-01,4.298966411110072827e-01,7.915274345777001397e-01,6.121903037461782215e-01,8.986582209544713429e-01,9.511546185758010807e-01,6.923947267716665799e-01,7.825771439743912650e-01,3.560667110063933105e-01,9.822760131949188622e-01,8.253734760848183694e-01,8.714631518406177335e-01,6.925387541979584061e-01,8.208771651115490675e-01,6.998936201782510746e-01,6.368540621367364540e-01,4.965324755774827570e-01,8.090070186940847563e-01,8.595138286614476542e-01,6.517739248311424927e-01,5.500808330642714683e-01,2.279035559962748203e-01,8.958415884494626003e-01,8.814302061802924415e-01,8.466375017592872032e-01,7.127087831739308266e-01,3.364944019028744959e-01,2.633345215925783078e-01,9.214449072067982804e-01,6.667012385603053870e-01,7.085642813494030801e-01,6.646138991279122443e-01,4.991610528292740323e-01
7.118718170392831501e-01,9.689646562370405336e-01,6.721777770222955306e-01,8.897112806401603624e-01,4.442758857212613655e-01,9.718155207701584253e-01,4.799492673400639897e-01,6.100994071676586472e-01,6.711799898178737456e-01,9.771493882909956241e-01,5.299465613835369071e-01,7.776736162086934911e-02,6.974450269986776085e-01,6.672984624630264872e-01,3.214950875685264609e-01,5.778032248796557413e-01,7.869541248685631984e-01,0.000000000000000000e+00,4.365325566042821959e-01,8.254696481516702322e-01,1.153278387475593220e-01,8.935267171304830391e-01,6.917571908594899455e-01,4.799670138305101585e-01,6.912648648794903483e-01,5.201475068654856093e-01,9.601533108802289274e-01,6.260417337345469679e-01,7.374848645480124310e-01,3.556869488781007338e-02,7.470928248473165389e-01,6.339048791500592195e-01,9.703028774264519374e-01,7.854200704193241567e-01,4.209408563837434558e-01,6.950273507419604258e-01,3.070622913813585500e-02,6.211031947834936284e-01,8.018239560153446188e-01,6.887964837199431756e-01,4.691036761666317334e-01,7.858587027249152035e-01,6.062987107742623394e-01,9.982244063358631792e-01,9.332710739393714761e-01,8.312699236658778190e-01,6.242769230803412173e-01,9.918509665494726901e-01,6.198031900191258714e-01,8.164412264611573544e-01,3.827503314259291800e-01,6.923711372137821840e-01,8.036072830736531447e-01,7.496942064593983268e-01,7.349018099755112443e-01,8.025282136756428653e-01,4.860874445861683713e-01,8.311057253511179299e-01,8.205999773519488949e-01,2.079970034256921688e-02,6.289361322217826289e-02,7.840939142448255517e-01,6.283427234185542387e-01,9.561512279108398404e-01,6.937807358210699160e-01,6.601478784841349201e-01,9.377061763551456375e-01,6.732158916163439866e-01,6.001520040945516055e-01,4.295196812954046872e-01,9.147422523355530632e-01,1.823475020864202822e-01,4.599449182399281688e-01,2.746460852726188007e-01,5.915582312599996229e-01,3.691088290297599994e-01,8.703639630428102736e-01,2.043682869159237359e-01,5.291739194565616700e-01,5.916823947423701657e-01,7.092809486400010188e-01,8.990934931543589359e-01,9.347643089917305748e-01,5.955603985545135926e-01,7.728327137684255499e-01
9.734985370758502121e-01,8.024128595145252341e-01,7.262415433826040490e-01,7.896306416221667845e-01,6.205040382289900291e-01,5.378957657228236044e-01,2.850840620597115405e-01,3.975334596376004503e-01,4.867046965862789620e-01,9.619359608537974005e-01,8.956681869261311491e-01,9.257007226930711319e-01,5.262103946304097501e-01,2.934531945679808018e-01,5.937109777224441887e-01,7.238144629123978158e-01,9.089910174762446671e-01,4.365325566042821959e-01,0.000000000000000000e+00,9.514425240206155765e-01,9.556250026754675719e-01,6.365987416762238782e-01,9.557752975074031987e-01,9.975021733792279743e-01,6.613448131991058743e-01,7.998727907166980344e-01,4.202921292200998415e-01,4.814610210811975377e-01,6.776682876847631709e-01,7.308129749508334161e-01,3.953171270700238660e-01,7.000291317819639092e-01,8.967189894563140085e-01,9.611007076336888222e-01,5.068176893250242454e-01,6.020379449840361774e-01,5.615427003553592478e-01,4.765953174958730276e-01,4.688527639823577009e-01,8.922626432072244818e-01,1.951257738831813915e-01,6.382984052026964283e-01,4.189542663007772005e-01,5.780729963306623365e-01,7.028721881182175002e-01,6.065633396845253600e-01,4.639253101870731699e-01,7.096091607801729984e-01,9.056717196804324743e-01,7.800105548857267923e-01,6.836419807517686298e-01,7.798676531918250499e-01,8.598787592359473653e-01,5.740098901662487041e-01,8.493723908856234406e-01,8.088639106294415182e-01,3.791496012051781550e-01,8.031079927213844449e-01,9.722679899411766913e-01,2.766846777370358668e-01,4.428425380116281507e-01,7.430858017112085268e-01,5.264480538525239117e-01,2.489607207146140866e-01,8.269065951068279574e-01,4.266322195600459888e-01,9.117188181851232365e-01,9.020875787742135277e-01,4.911056609745576562e-01,4.341059914319089774e-01,8.554886859704682323e-01,5.736913589119050361e-01,6.505504446539420726e-01,6.246208138094889728e-01,6.399108109160007718e-01,9.318054844670389247e-01,6.748086157478130342e-01,6.649839478219929934e-01,3.314974057391603113e-01,1.519490530517104976e-01,4.703909427738782179e-01,7.052705372266909745e-01,4.949627383992995511e-01,4.928132185865900516e-01,4.216116863967911410e-01
7.749749445514678703e-01,9.580581796473053302e-01,8.319682696929728838e-01,8.219863087596291917e-01,2.682256340166008779e-01,3.995648305149075430e-01,9.154192922607039540e-01,9.456834735095921429e-01,8.562300493772946330e-01,9.808825257805671161e-01,8.068225708198981661e-01,7.949636979569949524e-01,9.433288384064177912e-01,7.041137351384745280e-01,7.332221977749269204e-01,9.938420932185024759e-01,8.202130552882559433e-01,8.254696481516702322e-01,9.514425240206155765e-01,0.000000000000000000e+00,9.782891940483721127e-01,8.072634918375507507e-01,4.342626036033058190e-01,7.591245101940518047e-01,9.669198496820340383e-01,9.140592231950793733e-01,4.849294889236251405e-01,9.991940275926792792e-01,4.335843741864869871e-01,4.397758298714642411e-01,-2.306533171724194642e-01,9.958800728808594460e-01,6.442420147860068447e-01,3.435016104903367284e-01,9.158579650291859275e-01,3.293321506908348795e-01,2.982491782978970440e-01,9.770478197044615287e-01,6.004554192715340077e-01,7.932573626341594686e-01,3.291629444413382566e-01,1.107841426278748445e-02,4.495596379529083753e-01,6.793687513931762068e-01,6.818153369309447598e-01,6.853516524861922310e-01,8.567643696013129695e-01,7.085848999416926031e-01,5.061443543179602322e-01,5.900162015949426131e-01,8.798712579716609916e-01,6.210238041037823287e-01,9.334662316241852942e-01,5.509087903876747072e-01,9.637255311367078914e-01,7.349243152860992501e-01,6.201404165431516624e-01,6.620175827707259764e-01,9.198871937980754865e-01,6.058694915605783438e-01,6.774723543896439271e-01,8.917093624239518235e-01,6.734133178253207674e-01,8.167691345455988516e-01,7.173754407663149868e-01,8.844399930198894033e-01,7.606237043353989424e-01,7.151131122375582461e-01,8.802065355137279612e-01,5.903235203123610164e-01,8.765798199277661240e-01,9.299720257647239308e-01,7.147309151463887567e-01,4.367019502028033351e-01,4.749182293086702256e-01,8.297379769513462122e-01,8.165191501292305976e-01,6.740110716673708424e-01,4.372735372101858031e-01,3.943471459194931583e-01,8.112828666180263992e-01,7.606586377539070742e-01,6.070915253910840192e-01,8.657031363395252255e-01,9.019605151874808824e-01
8.860271883381595215e-01,7.112714748821886701e-01,8.948094607914753862e-01,8.375637738370803609e-01,9.929602143769691303e-01,8.697654942879825546e-01,8.316556999029067754e-01,8.205755539973380586e-01,9.009633000398966640e-01,9.970729028022453644e-01,8.801727549899234226e-01,6.470003739520318042e-01,8.722310549456555595e-01,6.009591798699763787e-01,4.644055268163462258e-01,3.163890519547213342e-01,9.615311107272126456e-01,1.153278387475593220e-01,9.556250026754675719e-01,9.782891940483721127e-01,0.000000000000000000e+00,5.191013895795956179e-01,1.671351797879549739e-01,6.187371079589993883e-01,5.364653274919958248e-01,8.795918990004553129e-01,9.994911122318501651e-01,6.582993874053559846e-01,2.926599210520764993e-01,3.115199272196783054e-01,4.654905226017344577e-01,9.801013661687928424e-01,4.245176351962044459e-01,7.603927278384496891e-01,1.748287710481239987e-01,2.310417671877085521e-01,2.522423192923463620e-01,8.306429823037596583e-01,8.475630477683178121e-01,6.642909093125450859e-01,3.567165937417853261e-01,8.705101748176962140e-01,9.840308932958276023e-01,9.988953074143234190e-01,8.826735753183224675e-01,7.667267233496016798e-01,4.070151642373529555e-01,8.025334172994151860e-01,9.136318248751992277e-01,7.851022483520827544e-01,8.262350807101710437e-01,4.948825757013690096e-01,9.857462307018013403e-01,9.923784489882624404e-01,8.635751152742234815e-01,9.957526330047324903e-01,8.566105386439250013e-01,7.268629962479261630e-01,9.999998028243008985e-01,9.154434059545332181e-01,3.324902029075608723e-01,8.044579083990495150e-01,9.975755446013143679e-01,6.330539264901804408e-01,4.184014773282485056e-02,7.229423073869089000e-01,9.101937520882075194e-01,8.321639811011307675e-01,4.054460178570343243e-01,3.933758714811977919e-01,9.973115092284530192e-01,9.958395595858923199e-01,7.794602397632595103e-01,4.374086930731356793e-01,9.589048313286001601e-01,9.151530900313636918e-01,9.014477522338542048e-01,8.720440632049415441e-01,1.085596323290961007e-01,3.500030025147796708e-01,9.186551060839029947e-01,4.864847061356687985e-01,7.315370610969511578e-01,4.739209166114020100e-01,3.114711740990890321e-01
5.032956456646420218e-01,5.840899993090717945e-01,5.075338038697148058e-01,2.484637184539725541e-01,4.387404819170264703e-01,5.589246704069883442e-01,7.266561693955676526e-01,7.502234840981244490e-01,6.382536464086121519e-01,4.042740535594977480e-01,9.291515658988611648e-01,5.901106648630773943e-01,7.890377029613042659e-01,8.347479071526815453e-01,9.024037855401119135e-01,4.460930677595537075e-01,-1.608778872010565020e-01,8.935267171304830391e-01,6.365987416762238782e-01,8.072634918375507507e-01,5.191013895795956179e-01,0.000000000000000000e+00,8.858573438732828542e-01,8.932796571156423893e-01,2.270941911606964292e-01,6.429807462632053383e-01,8.078976859338110605e-01,4.643515121107362753e-01,4.280943537314082503e-01,1.666803948803652520e-03,4.141446769278703810e-01,7.134786750021389068e-01,6.218867542711928875e-01,5.037442120242255905e-01,5.548751024126243880e-01,6.823169706787352018e-01,4.185887626402202688e-01,6.928947474789379779e-01,9.939428131955353463e-01,9.442788296630126865e-01,7.817249113823193651e-01,6.407891552257992673e-01,6.918254189018555600e-01,9.346591593776500950e-01,8.736077777597247573e-01,6.187469719949960645e-01,7.000564928692739608e-01,6.597812202187461894e-01,5.270136664709845764e-01,5.877472802239340766e-01,4.432965598185366063e-01,4.874483898674428772e-01,7.568508435137473178e-01,6.528932407801614213e-01,6.965415237309907637e-01,3.863321296262819948e-01,2.548120950645440530e-01,7.747238742378875775e-01,9.174195054444381769e-01,4.114784761765488685e-01,2.397080415828785338e-02,7.600399393157188932e-01,1.216244711599356876e-02,7.232860230272287749e-01,6.613224705204360232e-01,7.483748082186066908e-01,9.010668627723493751e-01,6.306289043815229700e-01,5.011683077535350472e-01,6.477834316135315795e-01,8.585791136756818487e-01,6.534308820809343610e-01,5.054828226326146812e-01,5.358189409031256512e-01,6.437439890997918024e-01,6.616965393858762479e-01,6.743271888661782620e-01,4.485435498141094324e-01,5.148418231698499437e-01,-1.841772838296055759e-01,7.120394045847279196e-01,5.920143533300707972e-01,8.067417768957843016e-01,7.944745796580134911e-01,4.981890061281000204e-01
8.269970466998033398e-01,9.297636082919938927e-01,8.158078010769064248e-01,9.488385423395409024e-01,5.453057270511973975e-01,4.603635696050695780e-01,6.906803757564922153e-01,7.408769974470221786e-01,4.411052515444479072e-01,2.718450694174815441e-01,3.727372301158132784e-01,6.631846836573047632e-01,6.572414112300200006e-01,6.246200821785465873e-01,6.794481326685761768e-01,8.167934280490821153e-02,9.480449306401778076e-01,6.917571908594899455e-01,9.557752975074031987e-01,4.342626036033058190e-01,1.671351797879549739e-01,8.858573438732828542e-01,0.000000000000000000e+00,9.308588948248092132e-01,6.000245793801051164e-01,6.980335310601731846e-01,8.464875261122719596e-01,8.168178297939574506e-01,7.523240826674872928e-01,4.589366874570238730e-01,5.230062460715610984e-01,6.839192457264809955e-01,7.284765523494993733e-01,5.298033455940279746e-01,7.360506628765857151e-01,3.816639267751824605e-01,2.195533909207866563e-01,6.259038600240106609e-01,6.915187839700120964e-01,5.337052891697466883e-01,2.006982104160967839e-01,8.039875479036974193e-01,6.037234502092023725e-01,6.863379167785095269e-01,9.747823777636301923e-01,6.965223688277641934e-01,9.013791636282486586e-01,6.820734261251495401e-01,5.292088492182519532e-01,4.423021882423519013e-01,8.585986273312439243e-01,6.380637363206581592e-01,7.803576486458505546e-01,9.528094483161220207e-01,6.004925262884298620e-01,8.798187671208647087e-01,4.329475139902744796e-01,1.720224539889247117e-01,8.875990784705003467e-01,2.419477630538122981e-01,6.429342349907637422e-01,-3.114412935197380383e-01,8.832374231376213247e-01,4.624274701204121318e-01,2.396581683135451390e-01,7.671671974685032591e-01,9.334193714652236906e-01,9.698384495729032162e-01,4.001525506410652522e-01,7.153684536440123587e-01,8.696977406971374558e-01,6.164615105302388987e-01,2.902361251692712751e-01,2.370252954589088523e-01,9.665141318442600493e-01,2.239392821785488041e-01,8.211236796450472886e-01,9.206841886558986277e-02,3.843368081184268537e-01,2.448505786190643962e-01,3.697475701693203609e-01,8.737813547628304756e-01,4.656574885991489055e-01,5.065243718745126023e-01,9.270890735209107447e-01
8.974172683419158192e-01,7.326596220876008259e-01,6.509587682694719657e-01,8.344706248671894810e-01,6.541976260126070031e-01,9.305671837712286010e-01,9.906055229144643537e-01,3.442231897486922737e-02,7.564751895960007966e-01,6.505431448649481307e-01,5.036050482767369108e-01,8.364823533635113995e-01,6.381750742299743262e-01,9.536590710027990081e-01,8.348146583100028995e-01,9.831552533098394386e-01,9.653261170223158549e-01,4.799670138305101585e-01,9.975021733792279743e-01,7.591245101940518047e-01,6.187371079589993883e-01,8.932796571156423893e-01,9.308588948248092132e-01,0.000000000000000000e+00,8.619910723704925504e-01,8.863577870558395633e-01,7.185347668155327439e-01,1.718920695967595114e-01,8.199078007675985047e-01,3.548077845524161278e-01,3.976761951742609491e-01,7.238654789020488867e-01,-4.209117629382044812e-02,7.731165524621828045e-01,5.206826453922513975e-01,4.384993128859924760e-01,3.029547375178920365e-01,4.370833168308658756e-01,5.343816517016664047e-01,8.044830182145383812e-01,5.641393910690162272e-01,6.854015038017968742e-01,3.236519801267184193e-01,9.704252602100305047e-01,6.768586122988617948e-01,9.409108139308099972e-01,9.203321858781613463e-01,9.965684932226939186e-01,8.809307255639661216e-01,6.421416523577344604e-01,9.959897916346869273e-01,8.119978069901702122e-01,3.572917976212536262e-01,4.519733077790411557e-01,8.778685214237866852e-01,9.886797349673636104e-01,6.984402945543278785e-01,7.102725907175466702e-01,6.026942235379758595e-01,4.764726105783887444e-01,3.331553669233963122e-01,5.031584930947046175e-01,8.706636241753384908e-01,9.041626256674873963e-01,8.826992059464748852e-01,8.619392166341621753e-01,9.420495407567242019e-01,1.036064382534954142e-01,9.475227667532234443e-01,7.875342107141237724e-01,5.644038792644183733e-01,6.609390842220514983e-01,6.807998370946192201e-01,4.528496000127757437e-01,6.283609252728722394e-01,3.431491820603079224e-01,9.928162521168615307e-01,9.784764692554240861e-01,1.509327621422787979e-01,4.234896136971622038e-01,8.331222418720042322e-01,9.599082736785695680e-01,8.497528018641264946e-01,9.122792244624632341e-01,9.986646409774304622e-01
7.587333182652004071e-01,6.926631736730515937e-03,9.040534623754153953e-01,6.074538789212816647e-01,2.648875858611591805e-01,6.916208677451837206e-01,2.594068772692016411e-01,6.491251373770641209e-01,4.129279507503420821e-02,1.240875262966772558e-01,9.342412552162512318e-01,7.032589812223009051e-01,4.041431743498316576e-01,6.030375266398888545e-01,5.367490498890814532e-01,4.087062112245432033e-01,4.196915471666779474e-01,6.912648648794903483e-01,6.613448131991058743e-01,9.669198496820340383e-01,5.364653274919958248e-01,2.270941911606964292e-01,6.000245793801051164e-01,8.619910723704925504e-01,0.000000000000000000e+00,1.880561815997898803e-02,6.457391851163002405e-01,7.897247491285360743e-01,1.319968046930279082e-01,5.941345002597646641e-01,4.140912334143777573e-01,-6.367080061832694482e-02,7.708852508126933234e-01,6.004838448913468740e-01,7.631358556286313988e-01,5.936905227446058753e-01,3.414764064770197671e-01,6.099742446512377292e-01,9.610412027878436625e-01,6.051438879361589196e-01,7.682136455689230203e-01,7.099802276743909513e-01,7.079050593194403662e-01,7.624954949003445170e-01,6.063909408511006793e-01,3.955685359147218527e-01,7.232481359730155157e-01,3.338901720833234443e-01,6.967610015540973700e-01,9.383944929844743044e-01,6.984653393193366311e-01,7.292193187770278362e-01,3.773065605797615296e-01,2.585022964369342313e-01,7.980182815289418308e-01,4.310350353854424110e-01,6.161750163059855900e-01,7.493407983564774888e-01,9.268203449859560017e-01,2.451551603603019658e-01,6.559174307869090059e-01,6.624028587783719058e-01,5.494398624980521006e-01,9.762075279441128073e-01,2.744185613034333393e-01,6.476781340351974725e-01,7.405536016524406628e-01,6.308783950907491667e-01,6.657497708794475333e-01,3.521763192907976237e-01,5.281966272099835047e-01,9.613052051576006507e-01,4.996490554076072343e-01,5.931957780032434124e-01,2.670117640916153112e-01,2.582894772806328398e-01,4.538331709076929843e-01,9.434662888534317560e-01,4.012298105898254308e-01,3.259111183249969734e-01,6.104982545335324584e-01,8.006810712740727309e-01,5.986873243502222053e-01,4.205876261857102172e-01,6.129324608530622998e-01
6.029169923357945438e-01,6.295877655124690886e-01,7.137823696802610973e-01,7.201491974019842424e-01,5.132133554631601591e-01,7.338176588905976905e-01,2.379381284727605239e-01,8.639707995585418354e-01,8.201313002868287905e-01,6.281892966281326096e-01,2.552150007324964776e-01,7.107501485303376887e-01,6.200448998661114430e-01,9.554756153512382610e-01,3.160168370441394092e-01,4.822331029651055756e-01,7.678464023556861306e-01,5.201475068654856093e-01,7.998727907166980344e-01,9.140592231950793733e-01,8.795918990004553129e-01,6.429807462632053383e-01,6.980335310601731846e-01,8.863577870558395633e-01,1.880561815997898803e-02,0.000000000000000000e+00,7.861761765058215001e-01,9.691257603631782125e-01,5.204875982318654115e-01,5.178824368220888985e-01,1.486577833502220891e-01,7.856630218015220324e-01,6.944071185792540790e-01,9.562737229807150019e-01,5.426534284296926636e-01,6.811826463928074560e-01,4.099630201845332333e-01,7.130885676409974838e-01,8.399094352082575599e-01,8.542356136247725162e-01,3.208410759379233257e-01,6.071580597280358260e-01,6.967643299298328374e-01,7.069671185258714630e-01,8.635255567975649305e-01,9.711681987800921956e-01,9.058762155783963710e-01,7.384066217244360519e-01,8.271894972066042850e-01,4.452874090199141488e-01,6.016521412645207123e-01,4.419793183977422379e-01,3.871134527160258459e-05,9.156277378370494269e-01,5.861248222172050770e-01,7.917142903354563721e-01,5.318911064501236075e-01,7.140514292344839475e-01,7.790894331004787343e-01,6.175229043729051348e-01,4.970716081841286549e-01,6.458682167718738931e-01,6.146207827589527106e-01,8.644471945139399205e-01,9.589881437617818749e-01,5.505630337329120438e-01,5.586658250865101927e-01,6.184064500114223595e-01,8.621266944798597898e-01,6.914481302998906065e-01,8.467914372231208908e-01,5.445631314902577014e-01,4.299731971851933898e-01,3.288593140906863055e-01,5.267568911822028133e-01,7.773010433323754853e-01,9.772444235386690270e-01,6.417076191436711374e-01,2.948988882793874833e-01,7.955694339805736703e-01,2.999046858646070568e-01,9.799710421887504186e-01,4.683906951554809850e-01,6.596473133837736924e-01,6.923650475876912402e-01
7.336722366420002084e-01,8.336292150157499359e-01,8.744065503229961900e-01,6.030116476960982741e-01,-1.692394318292523292e-01,6.724970809778673120e-01,6.759739483681785899e-01,6.066003659476527643e-01,8.657050861169349742e-01,7.555396238748226523e-01,8.115704909350918150e-01,4.329992104206172865e-01,7.665960915139604648e-01,8.856776520209874715e-01,8.141391830818240916e-01,8.811297433262134104e-01,6.996953260522915663e-01,9.601533108802289274e-01,4.202921292200998415e-01,4.849294889236251405e-01,9.994911122318501651e-01,8.078976859338110605e-01,8.464875261122719596e-01,7.185347668155327439e-01,6.457391851163002405e-01,7.861761765058215001e-01,0.000000000000000000e+00,6.829923896492149371e-01,3.028721609122856928e-01,5.619971233718984438e-01,3.974598249463962008e-01,4.929591786062710868e-01,2.569302227860881249e-01,6.964043407068397640e-01,8.130910361835715916e-01,6.359545758576811147e-01,5.937887517094844192e-01,6.123292859336965099e-01,8.821014728946934280e-01,9.854759132597692428e-01,5.620214536037164699e-01,7.609411019566465484e-01,8.719351918321061046e-01,5.634309151593620557e-01,9.751737985976793865e-01,9.421546477910763828e-01,8.077292341873562043e-01,7.719569126322844976e-01,6.742175733858286613e-01,9.840583410033396650e-01,8.107078350568018843e-01,3.961417992274897659e-01,9.383158271538032391e-01,8.952178588919548208e-01,8.739671791032749271e-01,7.336043809015528883e-01,9.121485915954292700e-01,8.614456630404674353e-01,8.570935133022690167e-01,1.637519477393918066e-01,-1.740669233813854355e-01,7.985830322911219303e-01,5.970350038922668245e-01,8.672652178067574713e-01,7.348886868451282028e-01,8.160747683420288556e-01,3.920301720709755688e-01,8.782213014210744628e-01,4.895712788647827995e-01,9.447624954042751488e-01,5.990930501507625294e-01,6.361172275459973102e-01,2.479637820196430864e-01,1.641969508177283099e-01,6.630109663477717907e-01,1.736721049913713122e-01,8.131660818593055007e-01,4.907787861425629838e-01,4.739055050503225841e-01,2.353342113135196700e-01,6.695471867491810114e-01,7.845785965137117568e-01,5.481486896133415110e-01,6.746802508666991383e-01,6.834248962354491086e-01
9.637636786772135755e-01,5.647992993552370944e-01,7.317922174214317454e-01,6.690158651752345920e-01,4.120486065217192628e-01,6.347007132685803521e-01,6.439653810322537586e-01,2.720204383667631509e-01,9.659323052293783407e-01,8.069190205134256777e-01,8.672068230135993039e-01,6.385357161353849564e-01,8.189607737151669564e-01,6.478888748216040661e-01,5.548503817926166981e-01,9.951131809319344601e-01,8.080506130354367933e-01,6.260417337345469679e-01,4.814610210811975377e-01,9.991940275926792792e-01,6.582993874053559846e-01,4.643515121107362753e-01,8.168178297939574506e-01,1.718920695967595114e-01,7.897247491285360743e-01,9.691257603631782125e-01,6.829923896492149371e-01,0.000000000000000000e+00,4.198132797622424750e-01,7.037188182489139132e-01,7.127037923879041559e-01,6.253907901769747424e-01,5.060576089990261872e-01,8.151993377489115122e-01,5.571054520019347311e-01,7.195273581902501547e-01,1.941150502405814549e-01,6.579132466534478585e-01,8.358595522870516659e-01,7.305100522124360340e-01,4.585762913391601692e-01,6.486561975608313713e-01,8.864318014007568358e-01,7.213977943135987392e-01,5.126324700613895669e-01,5.325281749487731364e-01,7.230724644727211103e-01,6.839131616921805268e-01,5.220180389436261947e-01,6.530683744576136762e-01,9.391878016598655954e-01,8.154073421197326477e-01,6.138154659535821622e-01,8.396149611509967636e-01,6.482696383605616175e-01,7.214028657250595167e-01,6.088723144270935528e-01,7.850581195929786649e-01,6.398181877642399318e-01,5.857854042781721615e-01,1.295830301446550085e-02,6.416770174410314498e-01,6.170441697937402159e-01,6.855903738266635461e-01,8.991789915091193963e-01,5.506848069667865664e-01,7.960277173061568456e-01,8.027215224066581722e-01,5.338093773233330008e-01,4.426441923555526903e-01,7.229913961508801501e-01,5.659054685167886900e-01,4.176601282894866207e-01,2.698938716852790076e-01,1.419859687246061153e-02,4.141695147781235820e-01,5.862999433729918497e-01,7.515109791543438389e-01,9.607063815330475764e-03,3.309273693349591983e-01,3.416709323295591960e-01,4.181644138795698185e-01,4.336416398856787202e-01,5.164601081558745088e-01,6.033973959803438092e-01
6.283092766850113531e-01,2.302852878548242443e-01,5.448720224344145713e-01,6.052118322735566824e-01,7.906848868719067447e-01,3.815291986797759716e-01,7.141968792287090029e-01,3.664353368042014281e-01,3.067431030542125958e-01,5.310091513573549360e-01,6.250275394479444246e-01,3.629849350656663143e-01,7.325912721072389555e-01,7.529314036553949041e-01,2.628727711638323417e-01,6.089909526550728591e-01,1.065183040383367585e-01,7.374848645480124310e-01,6.776682876847631709e-01,4.335843741864869871e-01,2.926599210520764993e-01,4.280943537314082503e-01,7.523240826674872928e-01,8.199078007675985047e-01,1.319968046930279082e-01,5.204875982318654115e-01,3.028721609122856928e-01,4.198132797622424750e-01,0.000000000000000000e+00,8.912492440821356832e-01,4.956545214382428455e-01,3.593151458093544193e-01,2.856811372973975249e-01,7.090721429103327145e-01,4.699733521616699661e-01,3.069484594148296219e-01,4.382587914516700711e-01,9.329804836528460266e-02,6.191016218155643847e-01,4.556076959456479281e-01,7.236052529673751010e-01,4.263526713960117953e-01,5.600314460698242458e-01,5.295060774439448448e-01,1.937091080046311475e-01,9.212450360815415129e-01,4.643961348948728585e-01,4.235896367443101052e-01,7.733997799404409568e-01,9.761258266183223675e-01,5.821096809880526024e-01,1.834073516526808501e-01,7.021072882853869324e-01,4.908506129106410820e-01,7.130038768228041945e-01,5.103070190330060152e-01,4.011334588943084589e-01,4.751880393766209076e-01,7.766852763081165678e-01,2.257629880747965279e-01,7.295394750201169565e-01,6.319150192028578639e-01,3.865361470182649417e-01,9.257325504805563599e-01,5.224635159757664571e-01,3.615115994491654439e-01,7.272528612284098193e-01,4.164615827608592613e-01,3.837127597835623960e-01,7.209412481436752174e-01,5.273081847563714231e-01,8.905970503678051209e-02,9.643331596513986526e-01,1.605135469954910854e-01,6.484193246538921818e-01,2.533924831984641357e-01,4.176173953877222456e-01,6.689033039676510750e-01,3.378054936246369100e-01,7.978718975854942608e-01,1.398659585335675082e-01,8.663353696865662146e-01,7.408692981341076234e-01,1.153809126004725662e-02,7.847797577616308917e-01
5.951934455342327013e-01,3.777289099367062836e-02,6.736805377355500335e-01,2.533636187151817043e-01,4.843618073118302059e-01,4.630038663501319096e-01,6.597630423650886478e-01,5.455420439602165494e-01,5.603739502068683098e-01,5.100291218249227709e-01,5.715555493409609777e-01,6.482594558254890504e-01,2.486760342883038155e-01,4.922171362330974853e-01,5.683869589283218060e-01,6.618120245866025986e-01,3.278983385626015323e-01,3.556869488781007338e-02,7.308129749508334161e-01,4.397758298714642411e-01,3.115199272196783054e-01,1.666803948803652520e-03,4.589366874570238730e-01,3.548077845524161278e-01,5.941345002597646641e-01,5.178824368220888985e-01,5.619971233718984438e-01,7.037188182489139132e-01,8.912492440821356832e-01,0.000000000000000000e+00,-8.149293272902408125e-02,7.868198232742098508e-01,9.297012435479286019e-01,5.929029694853990007e-01,4.351818249235561709e-01,9.373264235180911452e-01,2.003829232347196787e-01,3.475035652123397156e-01,4.618534284549047353e-01,1.597438459809635836e-01,1.501815194824541733e-01,7.149436474814956366e-01,6.387882282120502797e-01,4.709523242795531361e-01,7.880812122380799201e-01,4.216623759927478066e-01,-2.332374167384832497e-01,4.994965220195243250e-01,4.492846173370642071e-01,6.738122025727051323e-01,5.423263402567143343e-01,6.626118011721899848e-01,7.858586119886207255e-01,4.784805209699233286e-01,5.121711472785971386e-01,7.255445762069581139e-01,1.304549245080438291e-01,8.937966760942810396e-01,9.470690567255187764e-01,2.332796203301403526e-01,6.315257794896224075e-01,4.864947799378723237e-01,5.300890311545178868e-01,4.226283753116699682e-01,8.540276197307838935e-01,4.039785487413779519e-01,7.690052169888494937e-01,5.657923232373209821e-01,5.267835491591293939e-01,2.623208190530638695e-01,5.221338043352854452e-01,6.723146035246285734e-01,5.279509852612094267e-01,4.623705471136517753e-01,7.956605709066686405e-01,3.695159086905675516e-01,4.661744708901790490e-01,3.510820101719197006e-01,2.809975695146298413e-01,5.609104007101094469e-01,3.244418853408509995e-01,8.966259950317315708e-01,5.369156980542330038e-01,5.905636525649227142e-01,1.463341804785676936e-01
2.915599313958322503e-01,3.527042822330863081e-01,1.523625247741296207e-01,5.468453404084155922e-01,4.283052817623775876e-01,7.077285393568099048e-01,3.560967236449428253e-01,3.138397728803227205e-01,-1.197326457360562146e-01,5.919183444977667019e-01,4.847583383373287869e-01,3.526275140585125589e-01,3.590843542116765041e-01,5.194555695364575509e-01,4.866724079628507726e-01,5.457928538588789902e-01,4.314408756383265875e-02,7.470928248473165389e-01,3.953171270700238660e-01,-2.306533171724194642e-01,4.654905226017344577e-01,4.141446769278703810e-01,5.230062460715610984e-01,3.976761951742609491e-01,4.140912334143777573e-01,1.486577833502220891e-01,3.974598249463962008e-01,7.127037923879041559e-01,4.956545214382428455e-01,-8.149293272902408125e-02,0.000000000000000000e+00,3.226909992754054546e-01,5.835675197293288541e-01,3.326456292510709956e-01,4.654658498376635367e-01,8.160979398723652301e-01,3.790176474196073619e-01,7.291246850303126914e-01,7.804354427079069900e-01,3.298838738006187876e-01,4.708953538534556560e-01,3.459990468467583624e-01,7.356049965804670743e-01,6.887498523474258061e-01,6.771279935588689902e-01,7.305237084898479338e-01,2.757621413824473122e-01,1.910484897191375431e-01,3.574770178893693084e-01,5.367382176832928842e-01,6.520772006002939492e-02,5.441859913313490393e-01,2.627208963309931589e-01,1.796484893207524747e-01,3.327522656011188129e-01,5.157537953460021862e-01,6.493060987769785908e-02,-2.860587361382171956e-02,7.884666776190116799e-01,7.484640284581768332e-01,3.200071407586040362e-01,7.543952158891304993e-01,3.617211413132596087e-01,6.974024936285487808e-01,3.079322534602215722e-01,4.981699994283932398e-01,5.184310660197484211e-01,-3.022219600520850702e-02,5.749326791160953576e-01,4.431649636990676600e-01,-1.593498512051721994e-02,5.789386536546784479e-01,3.480758567402230108e-01,4.289026702724382245e-01,3.862449158570336882e-01,1.037587006337368223e-01,5.355054493210562594e-01,4.892595943791296920e-01,5.676803254220658124e-01,6.178521965320656895e-01,9.249725691168424468e-01,7.101256800661545077e-01,-1.155147049059292441e-01,5.231430159604814056e-01,2.999603500197188799e-01
9.719208072636419393e-01,2.282316313105869077e-01,9.189764094589825127e-01,5.270451647144156482e-01,1.671512864822480571e-01,4.579903290890393053e-01,6.235519217775705725e-01,6.457573060409163013e-01,7.449009788580532865e-01,8.626329973192081724e-01,1.453933761333093544e-01,5.990358567090572350e-01,6.424345384170020434e-01,7.135495467893590016e-01,6.148969914936086578e-01,-1.377285397095168173e-03,6.722676450507996115e-01,6.339048791500592195e-01,7.000291317819639092e-01,9.958800728808594460e-01,9.801013661687928424e-01,7.134786750021389068e-01,6.839192457264809955e-01,7.238654789020488867e-01,-6.367080061832694482e-02,7.856630218015220324e-01,4.929591786062710868e-01,6.253907901769747424e-01,3.593151458093544193e-01,7.868198232742098508e-01,3.226909992754054546e-01,0.000000000000000000e+00,6.505409311729796196e-01,9.461097818191437359e-01,2.366846623577646969e-01,7.617715885530735864e-01,3.516586170229171193e-01,6.199830164643944652e-01,9.064245986942898181e-01,4.272323133200595646e-01,3.733419071001302658e-01,7.539157553734930906e-01,5.586444999443407333e-01,1.529965422924898788e-01,7.193108130706835635e-01,3.959352446587927066e-01,2.474597913735437082e-01,8.070566159334264800e-01,4.449174647423134732e-01,9.500362954031177365e-01,3.948452283046270939e-01,7.964283014990076737e-01,7.769420833057238962e-01,5.371735660515875033e-01,4.860521581414324332e-01,3.170887612639788355e-01,8.861570880482249057e-01,4.170992542631975220e-02,7.463078361631356739e-01,2.242808569618035819e-01,5.215536523286629089e-01,6.892462867366883073e-01,6.669693580901506769e-01,8.297246102537206847e-01,7.070752409741255518e-01,3.783202215574663629e-01,3.732100760167596232e-02,2.988652557691846012e-01,6.476043343630950577e-01,7.412608631368018397e-01,7.839569527298679841e-01,6.918411960041412900e-01,2.804436186828294097e-01,2.709085140787712009e-01,4.319181959520159708e-01,4.843037903189375548e-01,7.216563025451306901e-01,7.931086820827788486e-01,2.027022718438293847e-01,3.855989070643506267e-01,6.192436195461046289e-01,5.306675270388834242e-01,4.896214563997118296e-01,4.772973252182503567e-01,7.479889724589990907e-01
7.753476806109341757e-01,7.463385320781974475e-01,6.606669432114201657e-01,8.336153450869571158e-01,7.509161751426272069e-01,2.993770452047101460e-01,3.989604889403183252e-01,6.426618932017891250e-01,6.981614768692269157e-01,6.138195920279471141e-01,4.781578355137913738e-01,5.469360255837714124e-01,7.472559562643339426e-01,5.003040207365775371e-01,5.257388690865169023e-01,7.287825744693736674e-01,8.773325337094528553e-01,9.703028774264519374e-01,8.967189894563140085e-01,6.442420147860068447e-01,4.245176351962044459e-01,6.218867542711928875e-01,7.284765523494993733e-01,-4.209117629382044812e-02,7.708852508126933234e-01,6.944071185792540790e-01,2.569302227860881249e-01,5.060576089990261872e-01,2.856811372973975249e-01,9.297012435479286019e-01,5.835675197293288541e-01,6.505409311729796196e-01,0.000000000000000000e+00,9.844853902531474077e-01,5.429044764482940932e-01,2.327718685667579945e-01,4.015148225420410166e-01,6.629498878331510081e-01,9.878450179300426459e-01,6.675059482738574523e-01,4.624675811511893553e-01,7.268331761786357426e-01,-9.057934642352051535e-02,8.002218950747513881e-01,7.595539859786971659e-01,6.424183996387529128e-01,6.098992760902409715e-01,9.697608498812226863e-01,2.775511025807065879e-01,3.652477340660749139e-01,2.768421734382063848e-01,5.515875066407629479e-01,7.733942522257345464e-01,9.494415413691575933e-01,6.799560927981178615e-01,7.090738854492785181e-01,9.837935585747491496e-01,6.855485610928601092e-01,7.234464577965968868e-01,5.142758697465528162e-01,6.973433937415781658e-01,7.416430741478082789e-01,5.825287561829701755e-01,5.155063723233022088e-01,7.551152958637981083e-01,8.807349845532077559e-01,3.666385603703731233e-01,6.338462239687971955e-01,2.116395388284126322e-01,5.845350652762687504e-01,5.081187089598829809e-01,9.869870469948178737e-01,5.256373827834467383e-01,5.658694793944998302e-01,7.401793088872564708e-01,4.982060513921677258e-01,9.452759357879644275e-01,5.435415971618967612e-01,2.271437407637295902e-01,7.830112061046466954e-01,6.632728343028286844e-01,4.577260408292659344e-01,9.010587400691616455e-01,5.259293257724323434e-01,7.427111481332169252e-01
9.501427959891091124e-01,4.551097780543146287e-01,8.863116543954207005e-01,6.977226891464278768e-01,7.263734564647766900e-01,8.787805001459225718e-01,4.213058900314874400e-01,6.246234760323512436e-01,6.380404894917116598e-01,7.429601217388315249e-01,7.625939527660269279e-01,5.210380064704118741e-01,8.385555845419888632e-01,9.500935336951379373e-01,7.355430591851773725e-01,8.578792164254507302e-01,5.750294818780784523e-01,7.854200704193241567e-01,9.611007076336888222e-01,3.435016104903367284e-01,7.603927278384496891e-01,5.037442120242255905e-01,5.298033455940279746e-01,7.731165524621828045e-01,6.004838448913468740e-01,9.562737229807150019e-01,6.964043407068397640e-01,8.151993377489115122e-01,7.090721429103327145e-01,5.929029694853990007e-01,3.326456292510709956e-01,9.461097818191437359e-01,9.844853902531474077e-01,0.000000000000000000e+00,6.230783181327149700e-01,5.061562951555267365e-01,8.857149895738207768e-01,5.605652823066512580e-01,8.398024868347866434e-01,9.260359185760449474e-01,5.168196697748752566e-01,6.706094334453064354e-01,7.429755589909683433e-01,8.054333932412506281e-01,6.583941195911025002e-01,6.379867371407725862e-01,6.296771521559707541e-01,3.301132323247039091e-01,6.338956354361656720e-01,7.285578692084362373e-01,5.282639013363181757e-01,8.927490014184857881e-01,9.041516435114542727e-01,9.033366004575524855e-01,6.534913530250643365e-01,6.300814405423842413e-01,2.505818367538940605e-01,6.652703514593799605e-01,5.063238540001229193e-01,9.317192620559228144e-01,7.377700615781987992e-01,9.321918328179985558e-01,8.993506729427990232e-01,5.788584932859691667e-01,9.896747562194421199e-01,6.836716979737023081e-01,2.703746142010270415e-01,8.582449111913108553e-01,4.742272389939664601e-01,7.689701420054402270e-01,5.246570237185662622e-01,9.599105288082849796e-01,4.690420251840806687e-01,7.667838226096127530e-01,8.078001783051058649e-01,8.938091272086271522e-01,9.312403064267836816e-01,6.196560521564962315e-02,6.979077814478720221e-01,2.249712507885991974e-01,6.857317466463473954e-01,9.657495503829552908e-01,6.352131673526222322e-01,5.222357787184228779e-03,7.872038987361588136e-01
8.118066476304280910e-01,5.404353413163389686e-01,6.363357614939766371e-01,9.593388541305887252e-01,7.823477818124826566e-01,3.339792419140442115e-01,2.552415991128716977e-01,7.228872047625056751e-02,9.117523181585303060e-01,8.334338387753696953e-01,5.256631202849041395e-01,6.607908324882723061e-01,9.358517426838339759e-01,6.348039658897008941e-01,5.133685037159662068e-01,5.293853313765484181e-01,4.507079467596162292e-01,4.209408563837434558e-01,5.068176893250242454e-01,9.158579650291859275e-01,1.748287710481239987e-01,5.548751024126243880e-01,7.360506628765857151e-01,5.206826453922513975e-01,7.631358556286313988e-01,5.426534284296926636e-01,8.130910361835715916e-01,5.571054520019347311e-01,4.699733521616699661e-01,4.351818249235561709e-01,4.654658498376635367e-01,2.366846623577646969e-01,5.429044764482940932e-01,6.230783181327149700e-01,0.000000000000000000e+00,5.724058535044338480e-01,2.956206017987418888e-01,6.021612634401064534e-01,6.492785518051411575e-01,7.528276204770956159e-02,2.260944054032936260e-02,6.275489722172236107e-01,7.448945184579557344e-01,8.098430871800427200e-01,7.657850972985856819e-01,2.197522378452795855e-01,7.255708454444204092e-01,9.595925897476856870e-01,6.432367483735669245e-01,5.413588268532718573e-01,5.546967263468827181e-01,8.962634279605661280e-01,9.444172015673585330e-01,5.050835407858709214e-01,7.971536394480022159e-01,9.569784665167659909e-01,4.986456987057323875e-01,9.234996083230352371e-01,6.752518675413933247e-01,3.749564020966870137e-01,6.518468269794295278e-01,7.020765275785505466e-01,7.630806639484444265e-01,5.596933488336042206e-01,8.064955435981502330e-01,1.727580855488569933e-01,4.143098259054085464e-01,9.815250701469150352e-01,4.931242157814925142e-01,2.394272279104582291e-01,8.413173893140475368e-01,4.680973821423941583e-01,7.178710866010827862e-01,7.974327617865957230e-01,5.852450528202670643e-01,7.775206819384543611e-01,2.829743192498359594e-01,2.717359339883207991e-01,2.479703622001499519e-01,4.969591293679751498e-01,4.523696340941265603e-01,8.403279710829802962e-01,4.100529059327691628e-01,7.880870908418780019e-01,8.161782269624422437e-01
5.846897786087636995e-01,5.343388663332584443e-01,9.552120719273838878e-01,4.809965129109942117e-01,6.146166846789503646e-01,4.884393441991815576e-01,5.488374197539399590e-01,4.109676075334270928e-01,6.936284924983888711e-01,2.456385837554095619e-01,5.926277923172220685e-01,6.698113363698598999e-01,7.780597136054823171e-01,5.321834320355599557e-01,4.099735416830246337e-01,6.147283263264126107e-01,6.753831147561693005e-01,6.950273507419604258e-01,6.020379449840361774e-01,3.293321506908348795e-01,2.310417671877085521e-01,6.823169706787352018e-01,3.816639267751824605e-01,4.384993128859924760e-01,5.936905227446058753e-01,6.811826463928074560e-01,6.359545758576811147e-01,7.195273581902501547e-01,3.069484594148296219e-01,9.373264235180911452e-01,8.160979398723652301e-01,7.617715885530735864e-01,2.327718685667579945e-01,5.061562951555267365e-01,5.724058535044338480e-01,0.000000000000000000e+00,2.779557963536304910e-01,5.024363114144297926e-01,3.959444077728452860e-01,7.174610935758628516e-01,2.083692160254443648e-01,7.522333809664777382e-01,1.677297047074263747e-01,5.187437936808301231e-01,6.220000734112702823e-01,6.180830519493294428e-01,2.719005850247268596e-01,4.850799490371460743e-01,6.727495834786665352e-01,7.672673135115741783e-01,7.859823828216904174e-01,4.610143081144129629e-01,5.911748490344720386e-01,4.811358554956845501e-01,8.800247550981633582e-01,7.013325507200863784e-01,-1.103908963627346917e-01,5.532947835650363633e-01,5.902982622798682577e-01,4.952166149041175580e-01,3.899957205096998836e-01,5.618545478455957420e-01,1.369839175816474353e-01,3.778730904515405498e-01,6.595368180839208394e-01,4.725712884430495753e-01,7.758523637010666940e-02,2.673736906287580983e-01,4.335059944348810257e-01,5.427159054040893160e-01,7.914080642328400472e-01,6.230639762813615645e-01,2.269897647100188043e-01,5.717591039927794050e-01,4.655001954622371985e-01,5.358239886216448200e-01,8.193616600020591223e-01,6.432539053270565077e-01,5.763218923314350484e-01,5.070252766735832139e-01,7.968883598216583986e-01,9.882163121851412768e-01,2.220495625207299928e-01,7.267011201534541165e-01,5.763810831698544801e-01
8.764832001657779648e-02,4.082273862733384329e-01,7.759478885539217163e-01,4.654082998784603853e-01,3.955473017569156591e-01,6.199626425691544540e-01,7.724972692218778914e-01,7.465027987227166317e-01,-2.025060557228117175e-02,3.498793045442247229e-01,5.880473178014684610e-01,2.366650852285673012e-01,9.560304239430467144e-02,7.560946060301729776e-01,1.602941544222749037e-01,4.942361732241695171e-01,5.588666275240871117e-01,3.070622913813585500e-02,5.615427003553592478e-01,2.982491782978970440e-01,2.522423192923463620e-01,4.185887626402202688e-01,2.195533909207866563e-01,3.029547375178920365e-01,3.414764064770197671e-01,4.099630201845332333e-01,5.937887517094844192e-01,1.941150502405814549e-01,4.382587914516700711e-01,2.003829232347196787e-01,3.790176474196073619e-01,3.516586170229171193e-01,4.015148225420410166e-01,8.857149895738207768e-01,2.956206017987418888e-01,2.779557963536304910e-01,0.000000000000000000e+00,5.082004388853609417e-02,2.019561345182604994e-01,2.223080710660860493e-01,2.855001497379502373e-01,2.895627636534979787e-01,5.412152877847427324e-02,4.621499096224003234e-01,4.481063150921769100e-01,3.315558797507585087e-01,5.792035861433793009e-01,4.113900670136024784e-01,2.823644420373015995e-01,3.027936217475233338e-01,4.054221024023305087e-01,3.520317734840053836e-01,7.438093952359652039e-02,2.710159449683881561e-01,2.579343367997573022e-01,1.902327146985934581e-01,3.217170471036907564e-01,3.094214665012674503e-01,2.441421972701332821e-01,-7.282375123719253551e-02,5.363390287907341403e-01,5.204993555972344810e-01,2.024223396621017967e-01,-8.095496315025119127e-02,1.207568406760183288e-01,3.493212119555868522e-01,5.616370018160438127e-01,5.127614459698327520e-01,5.421939000772338924e-01,6.067102989790684742e-01,2.786429418468761021e-01,5.712983476362559765e-01,3.657557046394975808e-01,4.466077225246269933e-01,2.430335719591605881e-01,2.418319352413286494e-01,1.249917631881328206e-01,7.666272481377514048e-01,2.993020334900398094e-01,3.555360496796786118e-01,6.173746486808634470e-01,8.398486973265371081e-01,2.625776312290978298e-01,4.404527112101253028e-01,9.536228559988768616e-01
7.319613191421556753e-01,3.861876764673184415e-01,9.795410687790504500e-01,5.128522868044717020e-01,3.400794632260412675e-01,2.539376339397708127e-01,6.485797438833824646e-01,7.712242167432259432e-01,5.487485980581444656e-01,2.153865064639262639e-01,9.607760300944794274e-01,7.112175023421021258e-01,8.377223283838544088e-01,8.693346189746072872e-01,6.022999439879378469e-01,9.547740441495362607e-01,8.737044975129661939e-01,6.211031947834936284e-01,4.765953174958730276e-01,9.770478197044615287e-01,8.306429823037596583e-01,6.928947474789379779e-01,6.259038600240106609e-01,4.370833168308658756e-01,6.099742446512377292e-01,7.130885676409974838e-01,6.123292859336965099e-01,6.579132466534478585e-01,9.329804836528460266e-02,3.475035652123397156e-01,7.291246850303126914e-01,6.199830164643944652e-01,6.629498878331510081e-01,5.605652823066512580e-01,6.021612634401064534e-01,5.024363114144297926e-01,5.082004388853609417e-02,0.000000000000000000e+00,6.146416392480175128e-01,6.133887396564983163e-01,9.903906754996939510e-01,9.408092451274452372e-01,8.204229184102136418e-01,4.172384705568391583e-01,9.535139725165477920e-01,4.885878363505735122e-01,2.480191195027665885e-01,3.939880230573752362e-01,3.433378288190749306e-01,6.429111931154531945e-01,8.296704356124895430e-01,7.434970222889355496e-01,5.822228320135084401e-01,8.594423763016609819e-01,8.969570898984032814e-01,8.459775628668161351e-01,6.388586335425097129e-01,4.313848384015180337e-01,7.118064222750757342e-01,5.279827760767961120e-01,5.055052647885208694e-01,6.714000672979866247e-01,8.437823867791580668e-01,9.784016532986723469e-01,9.298383084434919121e-01,9.030458915775518847e-01,6.965379092772875369e-01,9.539966020970309657e-01,4.851210718920492271e-01,6.105406808925427642e-01,9.061060572565871052e-01,6.818312782048128184e-01,1.746168019553696882e-01,5.301153898702417600e-01,7.476535275839920613e-01,2.894629897462580037e-01,7.712123785486495464e-01,6.129555970313393942e-01,3.841287854444322969e-01,-3.723978939776081964e-02,5.698330610710024002e-01,8.330580469639566887e-01,8.827790349167619066e-01,7.836958166803316139e-01,6.586018243477653744e-01
9.158115069870306213e-01,6.008705327139051144e-01,9.167003585853729097e-01,8.734563510347547188e-01,6.983548776420958060e-01,9.735162592749971866e-01,9.121619361755202160e-01,9.929442915020045834e-01,7.118790165585440199e-01,6.874281052512707380e-01,6.766718070691735143e-01,9.508551446444684085e-01,7.854472591302565920e-01,8.220402554841889087e-01,9.909287212623578700e-01,9.137280496748262371e-01,7.598797242660818574e-01,8.018239560153446188e-01,4.688527639823577009e-01,6.004554192715340077e-01,8.475630477683178121e-01,9.939428131955353463e-01,6.915187839700120964e-01,5.343816517016664047e-01,9.610412027878436625e-01,8.399094352082575599e-01,8.821014728946934280e-01,8.358595522870516659e-01,6.191016218155643847e-01,4.618534284549047353e-01,7.804354427079069900e-01,9.064245986942898181e-01,9.878450179300426459e-01,8.398024868347866434e-01,6.492785518051411575e-01,3.959444077728452860e-01,2.019561345182604994e-01,6.146416392480175128e-01,0.000000000000000000e+00,9.435068526328073135e-01,5.117978764135981962e-01,6.102519975081056591e-01,3.760108441486369885e-02,8.631891864156590044e-01,4.791950844864443781e-01,4.309199949064055346e-01,7.654562739953295614e-01,7.645851057082929669e-01,6.303279597583887339e-01,9.689537615163820172e-01,6.959672465202525471e-01,2.254493872575688562e-01,7.716487721246342302e-01,4.495355775848147162e-01,7.109894072747166005e-01,7.109690247523137163e-01,6.700170651404524502e-01,6.342360346355246925e-01,2.210837384716793086e-01,4.975440841335454500e-01,5.998543251654979702e-01,8.680463587951134929e-01,9.654903221329926843e-01,6.204837752010661234e-01,8.469157393362072295e-01,8.655384619009631741e-01,5.356223142195333242e-01,9.626731393563692230e-01,6.246985787984015159e-01,7.647051353483679259e-01,8.833953273426063957e-01,8.905819253750516529e-01,8.681450961226540031e-01,7.521269379686251755e-01,6.603587372623644924e-01,9.449362278878700172e-01,7.490303966886485698e-01,4.611412928919866872e-01,5.389738231486637110e-01,2.032055826134642196e-01,9.734763863294157993e-01,9.523819148608407836e-01,7.581381929093704564e-01,9.394335842374257339e-01,4.174690366551747633e-01
8.090319995661547914e-01,6.105016532565611387e-01,9.514920523836848387e-01,8.198675935088244326e-01,8.499957164265210530e-01,6.734126383560581353e-01,7.172987147064873170e-01,7.582023835979221360e-01,6.040884414437873717e-01,4.670455642145217579e-01,9.287300224694899908e-01,9.343836891417420798e-01,6.380478625095358236e-01,4.412048710409527397e-01,1.349852030488494226e-01,5.760201004385610002e-01,7.762961387705746841e-01,6.887964837199431756e-01,8.922626432072244818e-01,7.932573626341594686e-01,6.642909093125450859e-01,9.442788296630126865e-01,5.337052891697466883e-01,8.044830182145383812e-01,6.051438879361589196e-01,8.542356136247725162e-01,9.854759132597692428e-01,7.305100522124360340e-01,4.556076959456479281e-01,1.597438459809635836e-01,3.298838738006187876e-01,4.272323133200595646e-01,6.675059482738574523e-01,9.260359185760449474e-01,7.528276204770956159e-02,7.174610935758628516e-01,2.223080710660860493e-01,6.133887396564983163e-01,9.435068526328073135e-01,0.000000000000000000e+00,2.832582955026284321e-01,6.467015182549940011e-01,9.004463369068592682e-01,5.776215057987613699e-01,9.001254175180664063e-01,5.798079905788788846e-01,6.538009276154224114e-01,6.340650809856243075e-01,2.302715555425016158e-01,7.587110032469394083e-01,4.424745557636592941e-01,6.021975223849944658e-01,9.066607686290506507e-01,9.888446260264633914e-01,9.106952167072349669e-01,9.661706390446357373e-01,8.739846682550973522e-01,8.064042186373908683e-01,9.845950286229100401e-01,6.143883411461055211e-01,2.456920512325729000e-01,7.358126903755723980e-01,9.492406697698995144e-01,6.412486718400762786e-01,6.400431725083758350e-01,8.520092263572132119e-01,5.025784477809338568e-01,5.164160954312063678e-01,4.479875145344740517e-01,8.066828201560884981e-01,5.503470973627228036e-01,8.317169248247912039e-01,4.216459000718608685e-01,7.413909501578755945e-01,6.145604836481493027e-01,7.333730965429254844e-01,7.407576981889147927e-01,2.632739074539052204e-01,5.416493034920237815e-01,2.352396943926025608e-01,6.733689339399676621e-01,7.111582356890346901e-01,7.373050586084021196e-01,6.794485797682756623e-01,6.878697950833042585e-01
5.573573277070802412e-01,4.608984959818916982e-01,6.114331277503362028e-01,7.733911268161262065e-01,5.255168380913499693e-01,5.467997950716838584e-01,6.573488161819072140e-01,2.847650250405450167e-01,5.803978846864021879e-01,1.841878789576574249e-01,1.620196261854471020e-01,5.968175056522353472e-01,4.277385291150860858e-01,3.492913770145510410e-01,8.372931421828472276e-01,3.258825038554351017e-01,5.061703864065211222e-01,4.691036761666317334e-01,1.951257738831813915e-01,3.291629444413382566e-01,3.567165937417853261e-01,7.817249113823193651e-01,2.006982104160967839e-01,5.641393910690162272e-01,7.682136455689230203e-01,3.208410759379233257e-01,5.620214536037164699e-01,4.585762913391601692e-01,7.236052529673751010e-01,1.501815194824541733e-01,4.708953538534556560e-01,3.733419071001302658e-01,4.624675811511893553e-01,5.168196697748752566e-01,2.260944054032936260e-02,2.083692160254443648e-01,2.855001497379502373e-01,9.903906754996939510e-01,5.117978764135981962e-01,2.832582955026284321e-01,0.000000000000000000e+00,2.109116381019189856e-01,5.934118349745173271e-01,6.921647073209736822e-01,7.108166257325186921e-01,2.832799241265949730e-01,6.205669229737360570e-01,6.205378926921609750e-01,7.888059703774147335e-02,5.347636287125874244e-01,8.513050361338860839e-01,3.162526007554257723e-01,4.029844038621828162e-01,2.093615951510810480e-01,8.829039521803073720e-01,3.416453223084329194e-01,4.879844748297427204e-01,7.702557865745476295e-01,8.745191012249603491e-01,6.987687855176611951e-01,5.973811076694115485e-01,9.390159658359998884e-01,5.214856341546181273e-01,6.060829738292919933e-01,8.523938593983431122e-01,5.734028033027236404e-01,3.335349289495306152e-02,3.779473314289525376e-01,5.042830800269639813e-01,6.230153763458811111e-01,3.179179205097916183e-01,3.972756978102586212e-01,8.684778267512495153e-01,1.802226014608537819e-01,2.570408595859485223e-01,2.429693593810899055e-01,6.765217038446326159e-01,6.752878267429388570e-01,5.132303800069806798e-02,4.166611405295876369e-01,4.093715367335928335e-01,4.361313431926976403e-01,6.882755222892621427e-01,7.881103332164261788e-02,5.464418641422719158e-01
1.162165062221076905e-01,7.950844105376873028e-01,6.272073478693040993e-01,9.496184336473881826e-01,9.407478533184102654e-01,7.997504942041488984e-01,7.039675262515603382e-01,8.821144728865033535e-01,8.856163992530097229e-01,5.543810005216602832e-01,3.111965992781651202e-01,3.704756899295079675e-01,6.140163432403381583e-01,4.853479793407435849e-01,8.675970663865261168e-01,7.054883093130664973e-01,9.136491858054387460e-01,7.858587027249152035e-01,6.382984052026964283e-01,1.107841426278748445e-02,8.705101748176962140e-01,6.407891552257992673e-01,8.039875479036974193e-01,6.854015038017968742e-01,7.099802276743909513e-01,6.071580597280358260e-01,7.609411019566465484e-01,6.486561975608313713e-01,4.263526713960117953e-01,7.149436474814956366e-01,3.459990468467583624e-01,7.539157553734930906e-01,7.268331761786357426e-01,6.706094334453064354e-01,6.275489722172236107e-01,7.522333809664777382e-01,2.895627636534979787e-01,9.408092451274452372e-01,6.102519975081056591e-01,6.467015182549940011e-01,2.109116381019189856e-01,0.000000000000000000e+00,6.083607896498794965e-01,6.348952645782792725e-01,9.927534412478844494e-01,7.766333596084009638e-01,4.028339160099601579e-01,8.288557990925073948e-01,4.219098325259654780e-01,3.023803676980165722e-01,8.662079824042008269e-01,6.269560296101698293e-01,4.193607186413124688e-01,8.454941650979023171e-01,8.186842414981686522e-01,9.202455033911672855e-01,7.829821209616283362e-01,8.383155032401158335e-01,8.361126682057014037e-01,5.689336371933605419e-01,2.298514918197045731e-01,9.418545242528748584e-01,6.246919505837340569e-01,9.468657230425645555e-01,6.647702137228445052e-01,6.046161204532123357e-01,6.134016427196998800e-01,5.846917623569142242e-01,9.817476207530491106e-01,7.745284177822107097e-01,8.822838548831938299e-01,8.665342997145490944e-01,4.216038775275369188e-01,5.839339461719303959e-01,4.921672836529313866e-01,2.007740961315969963e-01,9.105517200796645616e-01,6.750028877107290270e-01,3.518550129344676369e-01,-8.990006811619238869e-03,8.597025653697347725e-01,4.338805533766426636e-01,6.996243497545636680e-01,7.635962518001820909e-01,9.273032536453419405e-01
6.721499944398121595e-01,7.147184912033378579e-01,9.086554589568737184e-01,3.195897064943411525e-01,8.033066707636392634e-01,6.373634378778459952e-01,9.496956527309571294e-01,6.501277526116344685e-01,8.817114553516482989e-01,4.512651645653379395e-01,5.992625398720408114e-01,3.355621117818159971e-01,9.317930295940937135e-01,6.996047668510606554e-01,7.825303285768987482e-01,7.656097143796292137e-01,9.860323646900003292e-01,6.062987107742623394e-01,4.189542663007772005e-01,4.495596379529083753e-01,9.840308932958276023e-01,6.918254189018555600e-01,6.037234502092023725e-01,3.236519801267184193e-01,7.079050593194403662e-01,6.967643299298328374e-01,8.719351918321061046e-01,8.864318014007568358e-01,5.600314460698242458e-01,6.387882282120502797e-01,7.356049965804670743e-01,5.586444999443407333e-01,-9.057934642352051535e-02,7.429755589909683433e-01,7.448945184579557344e-01,1.677297047074263747e-01,5.412152877847427324e-02,8.204229184102136418e-01,3.760108441486369885e-02,9.004463369068592682e-01,5.934118349745173271e-01,6.083607896498794965e-01,0.000000000000000000e+00,9.313133783593263715e-01,8.163992690935891750e-01,5.844481724220076391e-01,7.143171592195758368e-01,9.877433893170436408e-01,8.872480685163621761e-01,3.429737252387329294e-01,9.538516141616663058e-01,9.103326785751392203e-01,3.513161745205461983e-02,8.813431234498884104e-01,6.833676540278290634e-01,8.160022601242741258e-01,8.384374162944914222e-01,8.733367843834365374e-01,6.194976844310828845e-01,9.685836292125886704e-01,5.778597167990200401e-01,8.176207548125894453e-01,8.872914498356478941e-01,8.267590744665970215e-01,6.978248032011631352e-01,9.628126580204386942e-01,7.719487544056571338e-01,6.026192327131784099e-01,7.987668923757533790e-01,3.317076873604641873e-01,8.193776035533085755e-01,9.977494069868564353e-01,8.634091563893803167e-01,2.456165806058919210e-01,8.234247510471037756e-01,8.399677441222311858e-01,6.665131085287878676e-01,2.209225210268885853e-01,5.474039921090809724e-01,2.374639653778590209e-01,9.955377102715730064e-01,5.141120096279196972e-01,8.378051984001247954e-01,6.525860503305709326e-01,9.485032376407496191e-01
6.618387063789333835e-01,4.238084384946887995e-01,9.517898842673424564e-01,7.613496561398368501e-01,5.249536908699289350e-01,4.951493493821410574e-01,6.334752889552911492e-01,4.494785978491226408e-01,3.537161860839700411e-01,6.448808533144633204e-01,6.576647354122758804e-01,6.236297428058581449e-01,8.364621495754270830e-01,8.198192224669745842e-01,9.369669086144301051e-01,6.937805721470262643e-01,4.713447944310567017e-01,9.982244063358631792e-01,5.780729963306623365e-01,6.793687513931762068e-01,9.988953074143234190e-01,9.346591593776500950e-01,6.863379167785095269e-01,9.704252602100305047e-01,7.624954949003445170e-01,7.069671185258714630e-01,5.634309151593620557e-01,7.213977943135987392e-01,5.295060774439448448e-01,4.709523242795531361e-01,6.887498523474258061e-01,1.529965422924898788e-01,8.002218950747513881e-01,8.054333932412506281e-01,8.098430871800427200e-01,5.187437936808301231e-01,4.621499096224003234e-01,4.172384705568391583e-01,8.631891864156590044e-01,5.776215057987613699e-01,6.921647073209736822e-01,6.348952645782792725e-01,9.313133783593263715e-01,0.000000000000000000e+00,6.499004730796208440e-01,6.970829624869809837e-01,5.197494019235742169e-01,7.572181432030939963e-01,9.324246043430990394e-01,6.245479278097242348e-01,9.837562663940349061e-01,6.759482928357004594e-01,6.122007931298583117e-01,7.532571336485469615e-01,5.169636438183564664e-01,6.979338065790439138e-01,8.527814345951825192e-01,6.988196276262710338e-01,5.700515245179532675e-01,7.487097808378473385e-01,9.593606182862708387e-01,8.251274787598295024e-01,6.276257357878681775e-01,9.225342443549079396e-01,8.900977122231673588e-01,7.390240801963822159e-01,9.820476424455231168e-01,8.460576047550927292e-01,8.427469360399323373e-01,9.091918644166770980e-01,8.860100360185092505e-01,6.111597202722715005e-01,4.402274527817994221e-01,7.551352966419422330e-01,6.741388028802888233e-01,8.200477765958759102e-01,6.423217717359849255e-01,9.121827884323925328e-01,2.862898855919373542e-01,7.589515377365938509e-01,4.097222909624045339e-01,7.980250663822802126e-01,6.730856355531640300e-01,7.251951754821361895e-01,7.222684340994076635e-01
7.944133134558888365e-01,8.974786461774963975e-01,9.554584671167054566e-01,3.468914607481403678e-01,2.397186535427023313e-01,8.074840784400122429e-01,9.613118523694802464e-01,5.507504214074947502e-01,6.477489429029998913e-01,7.665437332958295880e-01,-3.968080932270118266e-02,8.112356017877618841e-01,9.342785782471959566e-01,8.515128845439155769e-02,7.038592704753706686e-01,7.352812762845472028e-01,8.923654388536735871e-01,9.332710739393714761e-01,7.028721881182175002e-01,6.818153369309447598e-01,8.826735753183224675e-01,8.736077777597247573e-01,9.747823777636301923e-01,6.768586122988617948e-01,6.063909408511006793e-01,8.635255567975649305e-01,9.751737985976793865e-01,5.126324700613895669e-01,1.937091080046311475e-01,7.880812122380799201e-01,6.771279935588689902e-01,7.193108130706835635e-01,7.595539859786971659e-01,6.583941195911025002e-01,7.657850972985856819e-01,6.220000734112702823e-01,4.481063150921769100e-01,9.535139725165477920e-01,4.791950844864443781e-01,9.001254175180664063e-01,7.108166257325186921e-01,9.927534412478844494e-01,8.163992690935891750e-01,6.499004730796208440e-01,0.000000000000000000e+00,9.271263259995929928e-01,7.650514642937668031e-01,8.907016463417053442e-01,8.581472517385069221e-01,8.204493173683222729e-01,9.392502884855558065e-01,6.474962883588811779e-01,8.036123244132996613e-01,8.024069244706462101e-01,5.758985290838808391e-01,4.288363143763420093e-01,9.355986859169000969e-01,5.628767963512549821e-01,8.099776859940917006e-01,8.135674215976809176e-01,8.333862741493024417e-01,9.382409879548248011e-01,7.202432110867383885e-01,9.695909784651666197e-01,9.412639490590496427e-01,8.878844500121400030e-01,6.895432871147265663e-01,9.345041384264514139e-01,6.053759070193452940e-01,3.129552093232766952e-01,9.454530500450391006e-01,9.128085570377784119e-01,7.840763056218000848e-01,8.133433368075444481e-01,9.128414074517813281e-01,9.859880797824395193e-01,8.096384914002439093e-01,9.505749723113062766e-01,6.052634789680264582e-01,2.968186248699094532e-01,8.088006824728324329e-01,2.366267521954411035e-01,2.010848868058977834e-01,6.494430554902465014e-01,2.026168912350352069e-01
6.318744178086822538e-01,6.422164920251323128e-01,5.851813866661983443e-01,8.573223026915882672e-01,7.536728985112206569e-01,9.271030683486251034e-01,7.364034238350383177e-01,5.719476613344020022e-01,3.233954789532829110e-01,3.129197929169391101e-01,7.252812544982126797e-01,5.731141013543806784e-01,7.823802396519408120e-01,8.292505906634559665e-01,4.389041440008291661e-01,5.096712639072609186e-01,8.875859910142462894e-01,8.312699236658778190e-01,6.065633396845253600e-01,6.853516524861922310e-01,7.667267233496016798e-01,6.187469719949960645e-01,6.965223688277641934e-01,9.409108139308099972e-01,3.955685359147218527e-01,9.711681987800921956e-01,9.421546477910763828e-01,5.325281749487731364e-01,9.212450360815415129e-01,4.216623759927478066e-01,7.305237084898479338e-01,3.959352446587927066e-01,6.424183996387529128e-01,6.379867371407725862e-01,2.197522378452795855e-01,6.180830519493294428e-01,3.315558797507585087e-01,4.885878363505735122e-01,4.309199949064055346e-01,5.798079905788788846e-01,2.832799241265949730e-01,7.766333596084009638e-01,5.844481724220076391e-01,6.970829624869809837e-01,9.271263259995929928e-01,0.000000000000000000e+00,5.040193241975678973e-01,5.509107758696902835e-01,6.457537742736518815e-01,7.765739133844720143e-01,7.107349840761310045e-01,9.280783033636111901e-01,5.415601667502754069e-01,6.350952301555393698e-01,9.577497539286997652e-01,8.842006952559400279e-01,8.802138231015632641e-01,2.557764037690402614e-01,8.420045222188907719e-01,4.952409102774816829e-01,7.334765612991573924e-01,9.879335518909828640e-01,9.356052796199079147e-01,3.882912391792894269e-01,8.787673209525385110e-01,7.483354252549702101e-01,8.390013191120129221e-01,7.033110508714379705e-01,6.973301006423761050e-01,6.959331456332930044e-01,8.655546516020098391e-01,5.771191037532383827e-01,4.146734465972499173e-01,4.190376878173517339e-01,6.594464291485200302e-01,6.557072710299125529e-01,7.627748136861659534e-01,6.339078493200648312e-01,4.638773609165154910e-01,1.544010092299139270e-01,8.138862856424511349e-01,5.935383504928871679e-01,9.346359823332235361e-01,-8.446437508455552357e-02,7.010042237456515224e-01
8.494930175779561443e-01,5.247843605892937857e-01,4.181511806370616924e-01,9.958273990060182435e-01,8.579374502015454373e-01,8.121419073252982290e-01,4.852192698799345782e-01,6.215960195798532206e-01,9.731818287340761042e-01,9.682760987786267481e-01,6.596614133482439080e-01,8.910630957336944657e-01,7.858401670866417277e-01,7.151011891599395875e-01,4.288957595709662618e-01,8.158341681890348696e-01,8.242403796893211787e-01,6.242769230803412173e-01,4.639253101870731699e-01,8.567643696013129695e-01,4.070151642373529555e-01,7.000564928692739608e-01,9.013791636282486586e-01,9.203321858781613463e-01,7.232481359730155157e-01,9.058762155783963710e-01,8.077292341873562043e-01,7.230724644727211103e-01,4.643961348948728585e-01,-2.332374167384832497e-01,2.757621413824473122e-01,2.474597913735437082e-01,6.098992760902409715e-01,6.296771521559707541e-01,7.255708454444204092e-01,2.719005850247268596e-01,5.792035861433793009e-01,2.480191195027665885e-01,7.654562739953295614e-01,6.538009276154224114e-01,6.205669229737360570e-01,4.028339160099601579e-01,7.143171592195758368e-01,5.197494019235742169e-01,7.650514642937668031e-01,5.040193241975678973e-01,0.000000000000000000e+00,3.286636270723279907e-01,4.251509629507785881e-01,5.047296745482838798e-01,7.960888079425111341e-01,6.323703606662091081e-01,6.032156691072563248e-01,7.207874531863431855e-01,9.428861686794695052e-01,9.260356692729334593e-01,5.972453819825729315e-01,6.631709115431785317e-01,5.816597277180667325e-01,2.498061420473477734e-01,1.312515304726561138e-01,4.956003100147902130e-01,8.686445522450469969e-01,9.943059443090820348e-01,6.834214770471896960e-01,9.250861866839299452e-01,5.877897673166354586e-01,7.600827819750632930e-01,9.824564737834735606e-01,9.331766019663012557e-01,3.285482388868550541e-02,7.709589213803260677e-01,8.776277592120320659e-01,4.395259486888399292e-01,4.683141398400839650e-01,7.709012913730162175e-01,9.333646352557464221e-01,3.610933299635192828e-01,5.201156414936500827e-01,5.374594096182874203e-01,9.389904930973839159e-01,9.275686022007841869e-01,7.915615752417011208e-01,4.662354137576303903e-01,7.907923347423794214e-01
9.118581238191770799e-01,9.646948953040934693e-01,5.968173471739772751e-01,9.444822922135978072e-01,7.153738973488915631e-01,8.418175184507428188e-01,5.108197887040559770e-01,7.894752714257927684e-01,6.040672364653124626e-01,2.197206125529493348e-01,8.637132046135951313e-01,7.892608954793876030e-01,7.771472190158641435e-01,8.849485345235953426e-01,7.783137257447896307e-01,6.600298514224738344e-01,9.301726295577624759e-01,9.918509665494726901e-01,7.096091607801729984e-01,7.085848999416926031e-01,8.025334172994151860e-01,6.597812202187461894e-01,6.820734261251495401e-01,9.965684932226939186e-01,3.338901720833234443e-01,7.384066217244360519e-01,7.719569126322844976e-01,6.839131616921805268e-01,4.235896367443101052e-01,4.994965220195243250e-01,1.910484897191375431e-01,8.070566159334264800e-01,9.697608498812226863e-01,3.301132323247039091e-01,9.595925897476856870e-01,4.850799490371460743e-01,4.113900670136024784e-01,3.939880230573752362e-01,7.645851057082929669e-01,6.340650809856243075e-01,6.205378926921609750e-01,8.288557990925073948e-01,9.877433893170436408e-01,7.572181432030939963e-01,8.907016463417053442e-01,5.509107758696902835e-01,3.286636270723279907e-01,0.000000000000000000e+00,5.594687687740276250e-01,6.972491031819645357e-01,5.282447925122868426e-01,5.140637832585533973e-01,7.945157194800624989e-01,8.480278451374196891e-01,5.829576409468171239e-01,9.356511889844265628e-01,5.304646497464570176e-01,4.980813512996885573e-01,7.392057970171745929e-01,7.086285019969608134e-01,7.669343346987788079e-01,5.620691129750452486e-01,5.013587463554608492e-01,8.261048925007958843e-01,7.500279511009833033e-01,4.780946674221728809e-01,8.026386391088716765e-01,9.000172040442828703e-01,3.794343785148278081e-01,4.443077473633485486e-01,9.843500542544167953e-01,6.986500545337241963e-01,2.890489586426320812e-01,6.819200191020764468e-01,9.713591556101053293e-01,9.678373893322667065e-01,9.701964030706292652e-01,5.443928624322234011e-01,2.927004645269762340e-01,8.771025516757467722e-02,5.442218624982944064e-01,8.363904001615166672e-01,2.406072452939736761e-01,7.929632261949088878e-01,6.145465034841109953e-01
3.958346098071860997e-01,5.658467222771410565e-01,4.931555603156991263e-01,9.758301695578435186e-01,8.049177739215590544e-01,5.110802399793615836e-01,3.550685423478186498e-01,7.162438863730767880e-01,6.865905196945922828e-01,6.411270430293095623e-01,7.151020956360832903e-01,7.566337582396436279e-01,7.133199898106215020e-01,6.790820471628420396e-01,4.418878899340626942e-01,4.809206608875305489e-01,7.271849178866638397e-01,6.198031900191258714e-01,9.056717196804324743e-01,5.061443543179602322e-01,9.136318248751992277e-01,5.270136664709845764e-01,5.292088492182519532e-01,8.809307255639661216e-01,6.967610015540973700e-01,8.271894972066042850e-01,6.742175733858286613e-01,5.220180389436261947e-01,7.733997799404409568e-01,4.492846173370642071e-01,3.574770178893693084e-01,4.449174647423134732e-01,2.775511025807065879e-01,6.338956354361656720e-01,6.432367483735669245e-01,6.727495834786665352e-01,2.823644420373015995e-01,3.433378288190749306e-01,6.303279597583887339e-01,2.302715555425016158e-01,7.888059703774147335e-02,4.219098325259654780e-01,8.872480685163621761e-01,9.324246043430990394e-01,8.581472517385069221e-01,6.457537742736518815e-01,4.251509629507785881e-01,5.594687687740276250e-01,0.000000000000000000e+00,5.110480418310657802e-01,9.803936620352364795e-01,5.557250582165890185e-01,9.830455881861093204e-01,4.950587181864210540e-01,6.801830308307783568e-01,7.339769539836679124e-01,6.051621799965178905e-01,6.733964999818522479e-01,9.956693520092598781e-01,5.550052303279173760e-01,4.794333488602280924e-01,6.277366059856542835e-01,2.539189997311275260e-01,6.909874902453375656e-01,8.431466507768780039e-01,7.926316276617159096e-01,6.050128996392567515e-01,8.539328782462016765e-01,7.735222024117025530e-01,6.903588806518242693e-01,9.603565014292041457e-01,8.999762510235953528e-01,2.131155580428186480e-01,1.835846079286903298e-01,7.104411061351024737e-01,4.606642913458056654e-01,5.923187658713225945e-01,7.581902136546139204e-01,5.769806552252614296e-01,2.623891027688055044e-01,9.812712524703196548e-01,7.940536108493224665e-01,6.053340081217012392e-01,7.662280456569199316e-01,7.834169424564483286e-01
7.364783102133991566e-01,6.479380565456279717e-01,7.027678653539785047e-01,8.360018048623368836e-01,9.831839692609773973e-01,5.704243579144567811e-01,6.091987839722713405e-01,6.151460836430693302e-01,4.071944564628303675e-01,8.453095026473628204e-01,5.985352311361651356e-01,2.198641220360188775e-01,7.765006768492224154e-01,6.752029858267891704e-01,8.833335205603379814e-01,7.542157214474324300e-01,8.742207847200270665e-01,8.164412264611573544e-01,7.800105548857267923e-01,5.900162015949426131e-01,7.851022483520827544e-01,5.877472802239340766e-01,4.423021882423519013e-01,6.421416523577344604e-01,9.383944929844743044e-01,4.452874090199141488e-01,9.840583410033396650e-01,6.530683744576136762e-01,9.761258266183223675e-01,6.738122025727051323e-01,5.367382176832928842e-01,9.500362954031177365e-01,3.652477340660749139e-01,7.285578692084362373e-01,5.413588268532718573e-01,7.672673135115741783e-01,3.027936217475233338e-01,6.429111931154531945e-01,9.689537615163820172e-01,7.587110032469394083e-01,5.347636287125874244e-01,3.023803676980165722e-01,3.429737252387329294e-01,6.245479278097242348e-01,8.204493173683222729e-01,7.765739133844720143e-01,5.047296745482838798e-01,6.972491031819645357e-01,5.110480418310657802e-01,0.000000000000000000e+00,2.209906629442456028e-01,8.011953289625858288e-01,4.253509477020962493e-01,7.738036355347956974e-01,7.457261955843150769e-01,9.569898877185086805e-01,6.301533131408294519e-01,7.720968030587204156e-01,6.001779576105154002e-01,6.332241483984857311e-01,9.428789322635052761e-01,2.428933243491267491e-01,3.307119942430585269e-01,8.500823203987969423e-01,6.265471359255311290e-01,7.958856013272043173e-01,5.347994119464173357e-01,6.133692748466480493e-01,2.376249736044452332e-01,6.810785963198118242e-01,5.222557772045248736e-01,4.314387207625144383e-01,3.401727779107493466e-01,3.280791238478104610e-01,5.438980582896306704e-01,4.197676187842490636e-01,4.894862066025721936e-01,6.844855523235379158e-01,6.840602221236666836e-01,5.231574903450038061e-01,5.398771790670824355e-01,8.205087089353635399e-01,4.163046614824974512e-01,7.763501974436827213e-01,8.668423098711287578e-01
9.821416382464333017e-01,6.667556703330186352e-01,3.150472584204632720e-01,6.591290023649607477e-01,4.295338663209142260e-01,1.556546491164918222e-01,5.592405876505093243e-01,7.288092388736862048e-01,6.167923780924865484e-01,7.262190445550886775e-01,7.287694478185549052e-01,3.575429318419560687e-01,6.234816495341006792e-01,4.778872127580823803e-01,8.223225259820020616e-01,4.177879523199130030e-01,7.739119888594249153e-01,3.827503314259291800e-01,6.836419807517686298e-01,8.798712579716609916e-01,8.262350807101710437e-01,4.432965598185366063e-01,8.585986273312439243e-01,9.959897916346869273e-01,6.984653393193366311e-01,6.016521412645207123e-01,8.107078350568018843e-01,9.391878016598655954e-01,5.821096809880526024e-01,5.423263402567143343e-01,6.520772006002939492e-02,3.948452283046270939e-01,2.768421734382063848e-01,5.282639013363181757e-01,5.546967263468827181e-01,7.859823828216904174e-01,4.054221024023305087e-01,8.296704356124895430e-01,6.959672465202525471e-01,4.424745557636592941e-01,8.513050361338860839e-01,8.662079824042008269e-01,9.538516141616663058e-01,9.837562663940349061e-01,9.392502884855558065e-01,7.107349840761310045e-01,7.960888079425111341e-01,5.282447925122868426e-01,9.803936620352364795e-01,2.209906629442456028e-01,0.000000000000000000e+00,6.665535269846031285e-01,6.450604017223828812e-01,2.138208899038380462e-01,4.995322076783533793e-01,8.291317867689963483e-01,6.473347090544691040e-01,9.044140771674665791e-01,3.030715684892496542e-01,2.106419616724946597e-01,7.464698359663106686e-01,4.996430010510636288e-01,4.353354172591086813e-01,6.534778455491463411e-01,5.973149507054148488e-01,2.040189463368402290e-01,9.465673745250955395e-01,8.220080377082435996e-01,3.379265258028413821e-01,4.586935134136109760e-01,9.249851997029294726e-01,2.036792135395540104e-01,6.249086611075389541e-01,4.721763885723056497e-01,2.215130371316072488e-01,-8.374480087644262105e-02,8.728349358027495120e-01,5.047014970297812875e-01,6.710648405762622559e-01,2.632542152230132881e-01,3.290575736403001939e-01,9.445429248013201828e-01,7.587927830398417672e-01,6.663427316725476501e-01,6.232740053873480068e-01
3.945764978530522105e-02,7.171340367293070894e-01,8.284451088786748407e-01,7.638829065851145961e-01,9.880685653731523521e-01,8.478758738417723206e-01,4.728460699708633141e-01,7.623868894387776374e-01,6.169873958647820178e-01,2.207812420927119379e-01,6.194095957542153918e-01,5.878297276130564075e-01,7.228343175621447791e-01,2.771096482611447032e-01,8.601920810073926393e-01,6.440321443648575617e-01,8.930643219449889703e-01,6.923711372137821840e-01,7.798676531918250499e-01,6.210238041037823287e-01,4.948825757013690096e-01,4.874483898674428772e-01,6.380637363206581592e-01,8.119978069901702122e-01,7.292193187770278362e-01,4.419793183977422379e-01,3.961417992274897659e-01,8.154073421197326477e-01,1.834073516526808501e-01,6.626118011721899848e-01,5.441859913313490393e-01,7.964283014990076737e-01,5.515875066407629479e-01,8.927490014184857881e-01,8.962634279605661280e-01,4.610143081144129629e-01,3.520317734840053836e-01,7.434970222889355496e-01,2.254493872575688562e-01,6.021975223849944658e-01,3.162526007554257723e-01,6.269560296101698293e-01,9.103326785751392203e-01,6.759482928357004594e-01,6.474962883588811779e-01,9.280783033636111901e-01,6.323703606662091081e-01,5.140637832585533973e-01,5.557250582165890185e-01,8.011953289625858288e-01,6.665535269846031285e-01,0.000000000000000000e+00,7.961855009700239405e-01,5.560138720431164749e-01,7.677484925763173873e-01,4.919207909135319690e-01,6.550613413505517180e-01,6.040621996850327191e-01,8.849836193614147861e-01,7.564979497820557564e-01,4.134757161197905595e-01,2.260666378928260778e-01,9.015404064746547208e-01,8.534534533208072427e-01,9.039144161419306878e-01,8.811499545179268811e-01,4.283877500870568733e-01,6.520590069978595693e-01,6.468657931393346772e-01,6.246525552852335572e-01,6.511928619943708751e-01,6.800835626476733342e-01,5.025340570426114484e-01,6.073427565453916044e-01,7.585419602262946093e-01,5.388331294384961501e-01,5.592768041741944529e-01,9.513980269504600518e-01,5.251511260225751876e-01,5.806943945447676225e-02,8.534227680185429987e-01,9.236181197658180908e-01,4.814197809723086974e-01,6.232455436528755444e-01,9.530901808240759276e-01
7.211080935844463857e-01,8.603007769662491810e-01,8.255999438275867242e-01,9.829403643047923689e-01,9.744197977796559274e-01,7.702811610177111579e-01,2.609594151611940305e-01,6.135474892954040360e-01,8.116707601187501675e-01,7.288719389205311483e-01,9.494675888762187377e-01,8.500423288182847870e-01,9.808377156144751918e-01,2.282998801357742358e-01,4.973681842876963022e-01,8.358593141441741370e-01,4.552481089935783154e-01,8.036072830736531447e-01,8.598787592359473653e-01,9.334662316241852942e-01,9.857462307018013403e-01,7.568508435137473178e-01,7.803576486458505546e-01,3.572917976212536262e-01,3.773065605797615296e-01,3.871134527160258459e-05,9.383158271538032391e-01,6.138154659535821622e-01,7.021072882853869324e-01,7.858586119886207255e-01,2.627208963309931589e-01,7.769420833057238962e-01,7.733942522257345464e-01,9.041516435114542727e-01,9.444172015673585330e-01,5.911748490344720386e-01,7.438093952359652039e-02,5.822228320135084401e-01,7.716487721246342302e-01,9.066607686290506507e-01,4.029844038621828162e-01,4.193607186413124688e-01,3.513161745205461983e-02,6.122007931298583117e-01,8.036123244132996613e-01,5.415601667502754069e-01,6.032156691072563248e-01,7.945157194800624989e-01,9.830455881861093204e-01,4.253509477020962493e-01,6.450604017223828812e-01,7.961855009700239405e-01,0.000000000000000000e+00,8.230710007785521087e-01,6.977300458445343523e-01,7.683000827617054718e-01,5.928463233729134307e-01,7.923665396712155085e-01,6.707404876292788476e-01,1.227327796004653859e-01,4.417685497458445631e-01,7.503750211156915428e-01,7.040320695773227833e-01,8.555887375330146760e-01,8.851297999363259006e-01,9.360026333791253705e-01,9.470895395855518650e-01,9.604957415574207902e-01,8.894039937934625772e-01,6.066443149830534898e-01,7.568263563488233370e-01,7.756760081827920317e-01,3.355170022203750602e-01,9.207945734058546883e-01,6.005737284557123301e-01,9.690802735642989330e-01,9.488147712598230532e-01,6.007623753400731514e-01,3.894797001595444730e-01,4.189152388894359369e-01,6.247971498405126001e-01,5.316281481082097971e-01,3.236896039748604625e-01,2.689007413219124398e-01,9.919670275713435847e-01
9.343284238033223721e-01,2.451057586585712600e-01,8.451735103033520824e-01,5.211725391813356589e-01,8.174601213710916969e-01,6.441981969825818499e-01,7.700101850699551109e-01,6.916473320141653947e-01,9.162427287579805180e-01,7.763354027688680326e-01,7.807318426156449886e-01,7.806432468676268721e-01,4.790058317066489546e-01,5.017908008587042001e-01,6.789593444335982886e-01,2.040003397647433547e-01,4.298966411110072827e-01,7.496942064593983268e-01,5.740098901662487041e-01,5.509087903876747072e-01,9.923784489882624404e-01,6.528932407801614213e-01,9.528094483161220207e-01,4.519733077790411557e-01,2.585022964369342313e-01,9.156277378370494269e-01,8.952178588919548208e-01,8.396149611509967636e-01,4.908506129106410820e-01,4.784805209699233286e-01,1.796484893207524747e-01,5.371735660515875033e-01,9.494415413691575933e-01,9.033366004575524855e-01,5.050835407858709214e-01,4.811358554956845501e-01,2.710159449683881561e-01,8.594423763016609819e-01,4.495355775848147162e-01,9.888446260264633914e-01,2.093615951510810480e-01,8.454941650979023171e-01,8.813431234498884104e-01,7.532571336485469615e-01,8.024069244706462101e-01,6.350952301555393698e-01,7.207874531863431855e-01,8.480278451374196891e-01,4.950587181864210540e-01,7.738036355347956974e-01,2.138208899038380462e-01,5.560138720431164749e-01,8.230710007785521087e-01,0.000000000000000000e+00,7.648781417435117636e-01,8.285164109430427359e-01,5.979829003085989081e-01,7.312007351264810939e-01,8.183722375555694262e-01,5.932731179027836976e-01,6.046574750295453660e-01,3.912591191041844274e-01,6.291721613662092372e-01,9.095938714629056010e-01,1.809358384673194209e-01,6.584429152965712850e-01,5.616182425591063065e-01,9.731589328453096321e-01,7.659980764444186407e-01,5.532025905182993419e-01,8.384081562316019198e-01,6.311431553029266395e-01,6.542102828299934947e-01,9.390565704292528348e-01,7.047844739974203909e-01,4.660959803360492648e-01,9.207902437252120098e-01,6.686927929979495921e-01,6.370393356498482706e-01,6.492256985708760864e-01,5.210989529582039648e-01,8.890792204496401618e-01,4.368173702008690956e-02,4.024624593016246088e-01,6.736151350305293883e-01
7.549844736897795006e-01,6.753740677901491907e-01,8.806174390285437248e-01,8.149805896536997940e-01,6.043160811430521306e-01,7.293766379597870220e-01,7.604764492812086107e-01,5.383296758324002118e-01,5.526206318508151139e-01,9.581650534061261215e-01,1.083614646791242198e-02,9.914504235783743180e-01,4.221030301209458546e-01,8.466610075642442279e-01,5.808094729786232868e-01,8.791455271305435026e-01,7.915274345777001397e-01,7.349018099755112443e-01,8.493723908856234406e-01,9.637255311367078914e-01,8.635751152742234815e-01,6.965415237309907637e-01,6.004925262884298620e-01,8.778685214237866852e-01,7.980182815289418308e-01,5.861248222172050770e-01,8.739671791032749271e-01,6.482696383605616175e-01,7.130038768228041945e-01,5.121711472785971386e-01,3.327522656011188129e-01,4.860521581414324332e-01,6.799560927981178615e-01,6.534913530250643365e-01,7.971536394480022159e-01,8.800247550981633582e-01,2.579343367997573022e-01,8.969570898984032814e-01,7.109894072747166005e-01,9.106952167072349669e-01,8.829039521803073720e-01,8.186842414981686522e-01,6.833676540278290634e-01,5.169636438183564664e-01,5.758985290838808391e-01,9.577497539286997652e-01,9.428861686794695052e-01,5.829576409468171239e-01,6.801830308307783568e-01,7.457261955843150769e-01,4.995322076783533793e-01,7.677484925763173873e-01,6.977300458445343523e-01,7.648781417435117636e-01,0.000000000000000000e+00,9.139894211352255216e-01,6.753124233860312575e-01,8.987851189042851408e-01,9.249605253572180663e-01,9.536203647852328213e-01,7.869847786431438674e-01,4.693940992057773487e-01,3.425764843568410156e-01,8.906997631009196947e-01,7.815736278169049811e-01,6.588776550808725929e-01,8.242417814651901153e-01,3.319376252267327021e-01,9.714651666417104536e-01,7.904922736727199029e-01,6.567366839656456623e-01,8.683550104570154637e-01,6.523055296421264027e-01,5.915499907800589874e-01,6.293848069425708180e-01,6.602767837413670016e-01,8.254506953043885265e-01,6.151306492995993747e-01,8.441706114534088812e-01,4.562031578866708181e-01,4.298345635968079392e-01,9.919455209016789787e-01,7.463189425376474118e-01,4.750762099995383680e-01,9.967177262664455029e-01
9.857845726857495938e-01,9.148342901991006748e-01,9.873459523609998678e-01,7.350100735135729479e-01,8.253435228372042465e-01,3.202307464118893665e-01,4.664995845797423324e-01,8.285290500638483602e-01,6.908488558177561245e-01,5.031883976454588625e-01,9.118918056071378953e-01,7.274493267230993654e-01,7.499838772755522687e-01,5.923128999193976174e-01,9.786386430615519050e-01,6.304561041004081989e-01,6.121903037461782215e-01,8.025282136756428653e-01,8.088639106294415182e-01,7.349243152860992501e-01,9.957526330047324903e-01,3.863321296262819948e-01,8.798187671208647087e-01,9.886797349673636104e-01,4.310350353854424110e-01,7.917142903354563721e-01,7.336043809015528883e-01,7.214028657250595167e-01,5.103070190330060152e-01,7.255445762069581139e-01,5.157537953460021862e-01,3.170887612639788355e-01,7.090738854492785181e-01,6.300814405423842413e-01,9.569784665167659909e-01,7.013325507200863784e-01,1.902327146985934581e-01,8.459775628668161351e-01,7.109690247523137163e-01,9.661706390446357373e-01,3.416453223084329194e-01,9.202455033911672855e-01,8.160022601242741258e-01,6.979338065790439138e-01,4.288363143763420093e-01,8.842006952559400279e-01,9.260356692729334593e-01,9.356511889844265628e-01,7.339769539836679124e-01,9.569898877185086805e-01,8.291317867689963483e-01,4.919207909135319690e-01,7.683000827617054718e-01,8.285164109430427359e-01,9.139894211352255216e-01,0.000000000000000000e+00,6.441338136769330092e-01,3.388702994546693992e-01,9.792741040843730982e-01,6.334370961263869892e-01,5.774067452670454959e-01,9.358106621122204150e-01,3.115227871952269134e-01,9.614885008059973481e-01,8.512403280606646305e-01,9.258479856139070208e-01,8.086140694718871869e-01,7.776403488095607885e-01,3.517075440567039024e-01,8.574382387463594934e-01,7.285565984663364691e-01,3.588392956354564123e-01,6.934392268382184588e-01,4.570277240042773248e-01,7.222618454294917889e-01,9.792790426797672865e-01,7.234627070574376484e-01,6.399832098242980161e-01,6.692632078390943207e-01,3.391768671947251734e-01,4.314571312851289142e-01,9.603285310054252566e-01,9.121616634370409704e-01,5.867202692268856934e-01,9.686289811456875176e-01
7.682623057138049383e-01,6.142414588328333203e-01,8.245519009615513983e-01,6.623015680201914668e-01,4.610165157096400845e-01,7.970116756100527056e-01,9.123510588642095298e-01,7.546421412794257488e-01,9.479971583874441388e-01,4.406144388500558007e-01,8.900933700358709677e-02,9.503968991224573948e-01,9.425582392231304230e-01,7.290144870076917805e-01,6.231971855418663164e-01,6.012274670057210502e-01,8.986582209544713429e-01,4.860874445861683713e-01,3.791496012051781550e-01,6.201404165431516624e-01,8.566105386439250013e-01,2.548120950645440530e-01,4.329475139902744796e-01,6.984402945543278785e-01,6.161750163059855900e-01,5.318911064501236075e-01,9.121485915954292700e-01,6.088723144270935528e-01,4.011334588943084589e-01,1.304549245080438291e-01,6.493060987769785908e-02,8.861570880482249057e-01,9.837935585747491496e-01,2.505818367538940605e-01,4.986456987057323875e-01,-1.103908963627346917e-01,3.217170471036907564e-01,6.388586335425097129e-01,6.700170651404524502e-01,8.739846682550973522e-01,4.879844748297427204e-01,7.829821209616283362e-01,8.384374162944914222e-01,8.527814345951825192e-01,9.355986859169000969e-01,8.802138231015632641e-01,5.972453819825729315e-01,5.304646497464570176e-01,6.051621799965178905e-01,6.301533131408294519e-01,6.473347090544691040e-01,6.550613413505517180e-01,5.928463233729134307e-01,5.979829003085989081e-01,6.753124233860312575e-01,6.441338136769330092e-01,0.000000000000000000e+00,9.758377529064844458e-01,8.843362528680155377e-01,7.393519064541653751e-01,4.301518541612129876e-01,7.386804408874046990e-01,2.999293973562912607e-01,7.192759649766337082e-01,6.184059700053261555e-01,5.920880353506093041e-02,6.617768696298063080e-01,7.528329206014401365e-01,1.574288160752860821e-01,2.379088988460930087e-01,2.366660005275036671e-01,8.247573927007192385e-01,3.950113327965774079e-01,4.384035702025820824e-01,9.917206690171271877e-01,6.199059442733449998e-01,9.472014323780523215e-01,4.260872184248160055e-01,2.830430581463606599e-01,2.614969521855718959e-01,5.626363977477470968e-01,7.772955655404387709e-01,7.282075743629534692e-01,4.369621898877623645e-01,6.814172821921036238e-01
8.535691422020967867e-01,6.511693835201090019e-01,7.171204327746721896e-01,5.801606915243017193e-01,6.000446285947429459e-01,6.667092684770935529e-01,7.862641740152649383e-01,6.429454785744010969e-01,8.028353429531922547e-01,9.683514406510669303e-01,4.217470773180411192e-01,6.660349097460631640e-01,8.994809294576476821e-01,7.264597715212408602e-01,8.815529307925222824e-01,8.826285857103615129e-01,9.511546185758010807e-01,8.311057253511179299e-01,8.031079927213844449e-01,6.620175827707259764e-01,7.268629962479261630e-01,7.747238742378875775e-01,1.720224539889247117e-01,7.102725907175466702e-01,7.493407983564774888e-01,7.140514292344839475e-01,8.614456630404674353e-01,7.850581195929786649e-01,4.751880393766209076e-01,8.937966760942810396e-01,-2.860587361382171956e-02,4.170992542631975220e-02,6.855485610928601092e-01,6.652703514593799605e-01,9.234996083230352371e-01,5.532947835650363633e-01,3.094214665012674503e-01,4.313848384015180337e-01,6.342360346355246925e-01,8.064042186373908683e-01,7.702557865745476295e-01,8.383155032401158335e-01,8.733367843834365374e-01,6.988196276262710338e-01,5.628767963512549821e-01,2.557764037690402614e-01,6.631709115431785317e-01,4.980813512996885573e-01,6.733964999818522479e-01,7.720968030587204156e-01,9.044140771674665791e-01,6.040621996850327191e-01,7.923665396712155085e-01,7.312007351264810939e-01,8.987851189042851408e-01,3.388702994546693992e-01,9.758377529064844458e-01,0.000000000000000000e+00,8.955575181682270403e-01,3.693240183524707509e-01,7.800832950744223115e-01,7.368788218477326790e-01,5.206312429943757980e-01,6.196566396675320387e-01,8.958158178626973722e-01,4.387775493121414683e-01,8.286600214318783353e-01,6.838996740970764154e-01,6.692369258270431942e-01,9.296304821404111074e-01,4.177238253447376759e-01,2.764761300009183631e-01,3.440193378807839819e-01,6.129109584782711506e-01,6.828137166149678139e-01,7.328485052801414490e-01,7.232645621465784158e-01,5.473362251034157300e-01,3.900586264712424533e-01,5.524050603469552456e-01,2.161941722023100476e-01,9.604960067009600255e-01,7.254666439079988927e-02,7.356989644844806886e-01,4.200903943075695590e-01
8.649280226174198560e-01,6.423183622010958382e-01,5.281033453124777122e-01,8.995782413338435646e-01,8.386135923656179436e-01,9.883320214367741219e-01,4.293085373319063258e-01,6.019347730036007649e-01,3.278143839779392721e-01,7.570906656248637123e-01,6.351815285772045572e-01,9.019315571449190161e-01,2.939523774249720445e-01,4.596752162462431901e-01,8.964740133964759217e-01,8.928769059733746571e-01,6.923947267716665799e-01,8.205999773519488949e-01,9.722679899411766913e-01,9.198871937980754865e-01,9.999998028243008985e-01,9.174195054444381769e-01,8.875990784705003467e-01,6.026942235379758595e-01,9.268203449859560017e-01,7.790894331004787343e-01,8.570935133022690167e-01,6.398181877642399318e-01,7.766852763081165678e-01,9.470690567255187764e-01,7.884666776190116799e-01,7.463078361631356739e-01,7.234464577965968868e-01,5.063238540001229193e-01,6.752518675413933247e-01,5.902982622798682577e-01,2.441421972701332821e-01,7.118064222750757342e-01,2.210837384716793086e-01,9.845950286229100401e-01,8.745191012249603491e-01,8.361126682057014037e-01,6.194976844310828845e-01,5.700515245179532675e-01,8.099776859940917006e-01,8.420045222188907719e-01,5.816597277180667325e-01,7.392057970171745929e-01,9.956693520092598781e-01,6.001779576105154002e-01,3.030715684892496542e-01,8.849836193614147861e-01,6.707404876292788476e-01,8.183722375555694262e-01,9.249605253572180663e-01,9.792741040843730982e-01,8.843362528680155377e-01,8.955575181682270403e-01,0.000000000000000000e+00,7.249034910142810872e-01,8.457161552304485186e-01,7.062132339672031467e-01,7.153571231047416434e-01,9.975797910811365909e-01,8.009823737310683978e-01,9.586606656897141976e-01,8.786830733331940646e-01,9.997876549091727627e-01,7.818381481942467959e-01,9.414278585699391577e-01,9.232351647988749077e-01,8.061345046803500836e-01,9.319576506292526208e-01,7.605891740313348581e-01,6.826391733886643109e-01,8.677788765778269298e-01,4.128974642975824505e-01,3.375839081835998456e-01,9.112157652277227404e-01,3.152015996550490140e-01,9.707011933636612300e-01,8.886050433063351628e-01,6.242403310241497749e-01,6.147216117548747194e-01,6.212015937838790691e-01
4.573443397768228724e-01,5.125308664772206813e-01,7.286342231347657794e-01,7.639561384966357949e-01,6.895399361824406936e-01,8.025704071832452380e-01,4.897081227617013921e-01,5.400387881846197002e-01,4.753950503266842209e-01,7.000411524789733608e-01,7.739188876388767291e-01,4.322884782040561369e-01,6.287671663028655822e-02,2.286732559163277001e-01,8.280280903072174681e-01,4.391813313409771991e-01,7.825771439743912650e-01,2.079970034256921688e-02,2.766846777370358668e-01,6.058694915605783438e-01,9.154434059545332181e-01,4.114784761765488685e-01,2.419477630538122981e-01,4.764726105783887444e-01,2.451551603603019658e-01,6.175229043729051348e-01,1.637519477393918066e-01,5.857854042781721615e-01,2.257629880747965279e-01,2.332796203301403526e-01,7.484640284581768332e-01,2.242808569618035819e-01,5.142758697465528162e-01,9.317192620559228144e-01,3.749564020966870137e-01,4.952166149041175580e-01,-7.282375123719253551e-02,5.279827760767961120e-01,4.975440841335454500e-01,6.143883411461055211e-01,6.987687855176611951e-01,5.689336371933605419e-01,9.685836292125886704e-01,7.487097808378473385e-01,8.135674215976809176e-01,4.952409102774816829e-01,2.498061420473477734e-01,7.086285019969608134e-01,5.550052303279173760e-01,6.332241483984857311e-01,2.106419616724946597e-01,7.564979497820557564e-01,1.227327796004653859e-01,5.932731179027836976e-01,9.536203647852328213e-01,6.334370961263869892e-01,7.393519064541653751e-01,3.693240183524707509e-01,7.249034910142810872e-01,0.000000000000000000e+00,5.242086193086809010e-01,4.674159720231442772e-01,5.707259874808470190e-01,8.799220100808388123e-01,9.133134098884870822e-01,3.141760722220377500e-01,5.459745285295598549e-01,4.986710358901776385e-01,4.642909848509913506e-01,2.883354235995914672e-01,6.600848336116149628e-01,3.448345860906342208e-01,1.138568841910291979e-01,3.134438817731828308e-01,7.644201148021001480e-01,7.806867901317633418e-01,9.210821334733471089e-01,7.076642026067934133e-01,7.449477195512088645e-01,5.449885816917475756e-01,6.537652812139027603e-01,7.044792931410597259e-01,-5.494652721124487771e-02,3.348520078974680514e-01,6.714553045803283160e-01
6.838211733187858909e-01,5.617407640749427777e-01,6.498567351496200573e-01,5.489171378577792915e-01,8.672096688939195941e-01,3.627189160551952396e-01,7.794925119490901944e-01,4.904836977644416174e-01,5.292480226949983768e-01,2.870664463528460608e-01,3.486442492473769139e-01,5.845283203391854476e-01,2.803073058405106677e-01,5.737860355893870112e-01,4.929898786593295834e-01,5.917987811636771234e-01,3.560667110063933105e-01,6.289361322217826289e-02,4.428425380116281507e-01,6.774723543896439271e-01,3.324902029075608723e-01,2.397080415828785338e-02,6.429342349907637422e-01,3.331553669233963122e-01,6.559174307869090059e-01,4.970716081841286549e-01,-1.740669233813854355e-01,1.295830301446550085e-02,7.295394750201169565e-01,6.315257794896224075e-01,3.200071407586040362e-01,5.215536523286629089e-01,6.973433937415781658e-01,7.377700615781987992e-01,6.518468269794295278e-01,3.899957205096998836e-01,5.363390287907341403e-01,5.055052647885208694e-01,5.998543251654979702e-01,2.456920512325729000e-01,5.973811076694115485e-01,2.298514918197045731e-01,5.778597167990200401e-01,9.593606182862708387e-01,8.333862741493024417e-01,7.334765612991573924e-01,1.312515304726561138e-01,7.669343346987788079e-01,4.794333488602280924e-01,9.428789322635052761e-01,7.464698359663106686e-01,4.134757161197905595e-01,4.417685497458445631e-01,6.046574750295453660e-01,7.869847786431438674e-01,5.774067452670454959e-01,4.301518541612129876e-01,7.800832950744223115e-01,8.457161552304485186e-01,5.242086193086809010e-01,0.000000000000000000e+00,5.743417625807624161e-01,4.982807988759820339e-01,7.154491494931437545e-01,7.601538658247860569e-01,5.611799591125617992e-01,4.299477463328177373e-01,3.364853892812884051e-01,3.257907352993799632e-01,7.344967770581103395e-01,6.194869612352830179e-01,5.991073924862069244e-01,2.735681770289988268e-01,3.278520370048684796e-01,9.220955122641164570e-01,4.488971035005338006e-01,3.807797691557183173e-01,6.176265169921275611e-01,5.271860622780578653e-01,5.790468758609066402e-01,5.215162785400619949e-01,5.797304313869386938e-01,7.272217094740910381e-01,4.195966810016066306e-01,-9.213021197784498906e-04
8.214380735649731147e-01,7.431802946412093824e-01,8.661026104959168581e-01,2.521136062083007556e-01,6.466194478230266052e-01,6.738574739515048595e-01,6.384341848708143807e-01,8.020893684800314283e-01,7.030116190359244621e-01,1.494187724724632405e-01,5.046987567766012539e-01,8.831724011417478870e-01,9.297494957041707586e-01,9.525749170611534922e-01,3.754322901813449409e-01,8.495037004352086196e-01,9.822760131949188622e-01,7.840939142448255517e-01,7.430858017112085268e-01,8.917093624239518235e-01,8.044579083990495150e-01,7.600399393157188932e-01,-3.114412935197380383e-01,5.031584930947046175e-01,6.624028587783719058e-01,6.458682167718738931e-01,7.985830322911219303e-01,6.416770174410314498e-01,6.319150192028578639e-01,4.864947799378723237e-01,7.543952158891304993e-01,6.892462867366883073e-01,7.416430741478082789e-01,9.321918328179985558e-01,7.020765275785505466e-01,5.618545478455957420e-01,5.204993555972344810e-01,6.714000672979866247e-01,8.680463587951134929e-01,7.358126903755723980e-01,9.390159658359998884e-01,9.418545242528748584e-01,8.176207548125894453e-01,8.251274787598295024e-01,9.382409879548248011e-01,9.879335518909828640e-01,4.956003100147902130e-01,5.620691129750452486e-01,6.277366059856542835e-01,2.428933243491267491e-01,4.996430010510636288e-01,2.260666378928260778e-01,7.503750211156915428e-01,3.912591191041844274e-01,4.693940992057773487e-01,9.358106621122204150e-01,7.386804408874046990e-01,7.368788218477326790e-01,7.062132339672031467e-01,4.674159720231442772e-01,5.743417625807624161e-01,0.000000000000000000e+00,7.187363094032114263e-01,9.367954454561934208e-01,9.632732373155459271e-01,8.161519418873955933e-01,6.185728133612748980e-01,2.611902304763905058e-01,4.541327612646160472e-01,4.303660243599410906e-01,5.850917869218885681e-01,8.875422236243680763e-01,8.002444167097054750e-01,4.806804099899278926e-01,6.549759955636265119e-01,5.742379453884197682e-01,2.200963401132700614e-01,2.102870330154668899e-01,1.454039519231060118e-01,1.426577036182348317e-02,6.859990405432578875e-01,6.692255441518608627e-01,7.586062975618383941e-01,7.575525004775398585e-01,6.409727043435423655e-01
8.661639638263517460e-01,9.883079360137525526e-01,6.765235758676584332e-01,6.632656946918606966e-01,5.517663043313727478e-01,7.392217840461676737e-01,5.596188473832259813e-01,4.884046200957541939e-01,4.725265621541304695e-01,9.370896763318273814e-01,9.462583126804618994e-01,9.431884073455871764e-01,8.069836440435509406e-01,9.082022462827910037e-01,2.653479524531916767e-02,6.347810042977590772e-01,8.253734760848183694e-01,6.283427234185542387e-01,5.264480538525239117e-01,6.734133178253207674e-01,9.975755446013143679e-01,1.216244711599356876e-02,8.832374231376213247e-01,8.706636241753384908e-01,5.494398624980521006e-01,6.146207827589527106e-01,5.970350038922668245e-01,6.170441697937402159e-01,3.865361470182649417e-01,5.300890311545178868e-01,3.617211413132596087e-01,6.669693580901506769e-01,5.825287561829701755e-01,8.993506729427990232e-01,7.630806639484444265e-01,1.369839175816474353e-01,2.024223396621017967e-01,8.437823867791580668e-01,9.654903221329926843e-01,9.492406697698995144e-01,5.214856341546181273e-01,6.246919505837340569e-01,8.872914498356478941e-01,6.276257357878681775e-01,7.202432110867383885e-01,9.356052796199079147e-01,8.686445522450469969e-01,5.013587463554608492e-01,2.539189997311275260e-01,3.307119942430585269e-01,4.353354172591086813e-01,9.015404064746547208e-01,7.040320695773227833e-01,6.291721613662092372e-01,3.425764843568410156e-01,3.115227871952269134e-01,2.999293973562912607e-01,5.206312429943757980e-01,7.153571231047416434e-01,5.707259874808470190e-01,4.982807988759820339e-01,7.187363094032114263e-01,0.000000000000000000e+00,4.178862436810513170e-01,6.557195597103916418e-01,9.085322656503649341e-01,7.539305282346399073e-01,2.791647192699173718e-01,6.411886797490958800e-01,6.477975924517057615e-01,7.898600969311946329e-01,5.114268644568171762e-01,2.023903645168530496e-01,6.656325571910035599e-01,6.495312469454903592e-01,5.003414404680336380e-01,7.215836990059585343e-01,6.734070741162219154e-01,5.756787739879963839e-01,2.413190538350875325e-01,6.497018599539201578e-01,8.246955829855114883e-01,7.241525083356182835e-01,2.093541686123964740e-01,7.750594730062356774e-01
9.271276912434279760e-01,3.456821815668018605e-01,5.854170460408197885e-01,8.046988151758101004e-01,9.212427986901079446e-01,8.670654844771229497e-01,8.954808660061001069e-01,8.949496636892598778e-01,3.461696974143743111e-01,3.463226643141705807e-01,9.773151913261436396e-01,5.248297304071904978e-01,8.999386103366141532e-01,8.733289899329202965e-01,8.751033356784780892e-01,8.074658482218927125e-01,8.714631518406177335e-01,9.561512279108398404e-01,2.489607207146140866e-01,8.167691345455988516e-01,6.330539264901804408e-01,7.232860230272287749e-01,4.624274701204121318e-01,9.041626256674873963e-01,9.762075279441128073e-01,8.644471945139399205e-01,8.672652178067574713e-01,6.855903738266635461e-01,9.257325504805563599e-01,4.226283753116699682e-01,6.974024936285487808e-01,8.297246102537206847e-01,5.155063723233022088e-01,5.788584932859691667e-01,5.596933488336042206e-01,3.778730904515405498e-01,-8.095496315025119127e-02,9.784016532986723469e-01,6.204837752010661234e-01,6.412486718400762786e-01,6.060829738292919933e-01,9.468657230425645555e-01,8.267590744665970215e-01,9.225342443549079396e-01,9.695909784651666197e-01,3.882912391792894269e-01,9.943059443090820348e-01,8.261048925007958843e-01,6.909874902453375656e-01,8.500823203987969423e-01,6.534778455491463411e-01,8.534534533208072427e-01,8.555887375330146760e-01,9.095938714629056010e-01,8.906997631009196947e-01,9.614885008059973481e-01,7.192759649766337082e-01,6.196566396675320387e-01,9.975797910811365909e-01,8.799220100808388123e-01,7.154491494931437545e-01,9.367954454561934208e-01,4.178862436810513170e-01,0.000000000000000000e+00,7.560283328905527123e-01,4.476471457287853339e-01,9.927200636043188586e-01,5.723921622955860933e-01,6.913087469220206005e-01,9.847060749821124892e-01,6.279898335463118819e-01,4.672245498012673748e-01,9.579013284019153307e-01,5.490632461464108882e-01,4.307935735490017737e-01,4.353932769133162517e-01,9.353250348978681128e-01,8.180908123881969196e-01,3.188669276628805505e-01,2.419833783237984037e-01,8.813222738033171799e-01,8.777750032655469159e-01,6.912462788440025818e-01,7.652981792704766084e-01,4.823563032406036899e-01
9.896560158859613043e-01,6.683722473872877323e-01,6.781074702255026621e-01,7.488804708420154777e-01,8.360527950959734111e-01,7.047521967519323471e-01,8.937407481686823196e-01,7.567159545181104674e-01,8.315386857899349504e-01,8.332575332072121865e-01,9.555882668605938379e-01,7.231645197594710472e-01,6.406828003814203365e-01,8.445329155570268087e-01,5.534247708041124536e-01,8.425880824186688933e-01,6.925387541979584061e-01,6.937807358210699160e-01,8.269065951068279574e-01,7.173754407663149868e-01,4.184014773282485056e-02,6.613224705204360232e-01,2.396581683135451390e-01,8.826992059464748852e-01,2.744185613034333393e-01,9.589881437617818749e-01,7.348886868451282028e-01,8.991789915091193963e-01,5.224635159757664571e-01,8.540276197307838935e-01,3.079322534602215722e-01,7.070752409741255518e-01,7.551152958637981083e-01,9.896747562194421199e-01,8.064955435981502330e-01,6.595368180839208394e-01,1.207568406760183288e-01,9.298383084434919121e-01,8.469157393362072295e-01,6.400431725083758350e-01,8.523938593983431122e-01,6.647702137228445052e-01,6.978248032011631352e-01,8.900977122231673588e-01,9.412639490590496427e-01,8.787673209525385110e-01,6.834214770471896960e-01,7.500279511009833033e-01,8.431466507768780039e-01,6.265471359255311290e-01,5.973149507054148488e-01,9.039144161419306878e-01,8.851297999363259006e-01,1.809358384673194209e-01,7.815736278169049811e-01,8.512403280606646305e-01,6.184059700053261555e-01,8.958158178626973722e-01,8.009823737310683978e-01,9.133134098884870822e-01,7.601538658247860569e-01,9.632732373155459271e-01,6.557195597103916418e-01,7.560283328905527123e-01,0.000000000000000000e+00,6.350958261070692723e-01,6.712440543904504286e-01,8.573612333487159454e-01,9.713136408368568953e-01,4.926406277263465361e-01,8.763771286467356703e-01,9.861274234257852989e-01,9.236994220561973723e-01,9.647257035100891276e-01,5.588854754329063423e-01,9.000838149389011056e-01,8.064019285349905974e-01,5.351770774236801476e-01,6.089526540216009254e-01,1.460256105974379881e-01,8.852982031210214764e-01,8.533456406911410497e-01,9.342135079496602934e-01,7.548964412554295400e-01,7.513618283743670467e-01
8.869262676097964260e-01,8.674479652208391123e-01,7.409167310547364327e-01,9.895548698712018920e-01,8.515260303824747634e-01,5.459225287672239135e-01,2.564883398772793699e-01,9.448953165271268828e-01,2.981462358538732871e-01,8.326162244477000041e-01,7.459960518890018655e-01,8.330870089950188628e-01,7.068046042909144067e-01,5.682230222283408683e-01,4.180988855473641852e-01,6.047241596184455004e-01,8.208771651115490675e-01,6.601478784841349201e-01,4.266322195600459888e-01,8.844399930198894033e-01,7.229423073869089000e-01,7.483748082186066908e-01,7.671671974685032591e-01,8.619392166341621753e-01,6.476781340351974725e-01,5.505630337329120438e-01,8.160747683420288556e-01,5.506848069667865664e-01,3.615115994491654439e-01,4.039785487413779519e-01,4.981699994283932398e-01,3.783202215574663629e-01,8.807349845532077559e-01,6.836716979737023081e-01,1.727580855488569933e-01,4.725712884430495753e-01,3.493212119555868522e-01,9.030458915775518847e-01,8.655384619009631741e-01,8.520092263572132119e-01,5.734028033027236404e-01,6.046161204532123357e-01,9.628126580204386942e-01,7.390240801963822159e-01,8.878844500121400030e-01,7.483354252549702101e-01,9.250861866839299452e-01,4.780946674221728809e-01,7.926316276617159096e-01,7.958856013272043173e-01,2.040189463368402290e-01,8.811499545179268811e-01,9.360026333791253705e-01,6.584429152965712850e-01,6.588776550808725929e-01,9.258479856139070208e-01,5.920880353506093041e-02,4.387775493121414683e-01,9.586606656897141976e-01,3.141760722220377500e-01,5.611799591125617992e-01,8.161519418873955933e-01,9.085322656503649341e-01,4.476471457287853339e-01,6.350958261070692723e-01,0.000000000000000000e+00,7.991961836797426555e-01,5.662971501458650136e-01,8.386257039411043612e-01,5.479924598143176562e-01,9.636729833085823094e-01,4.874194141202470298e-01,3.599818264318486727e-01,4.405620958105209151e-01,6.482091012511539407e-01,5.867071469864244548e-01,6.568692169079614063e-01,2.815316637145095502e-01,7.212106848791286495e-01,4.657078665331263467e-01,6.278111550202388758e-01,2.223776620249909297e-01,9.624584275498838659e-01,1.130208172966031856e-02,6.264742912607506042e-01
8.934285730180051566e-01,7.167281115250642154e-01,4.274887663228117418e-01,8.628291031443530157e-01,2.793704347155142598e-01,9.011452086552002028e-01,8.807786941543188641e-01,4.918224451588717461e-01,3.075418533172500912e-01,9.860948707761384435e-01,9.978646615661901365e-01,8.505210755379494225e-01,5.456989022448496263e-01,7.994995528065562684e-01,6.179859660370569108e-01,7.101473439360725948e-01,6.998936201782510746e-01,9.377061763551456375e-01,9.117188181851232365e-01,7.606237043353989424e-01,9.101937520882075194e-01,9.010668627723493751e-01,9.334193714652236906e-01,9.420495407567242019e-01,7.405536016524406628e-01,5.586658250865101927e-01,3.920301720709755688e-01,7.960277173061568456e-01,7.272528612284098193e-01,7.690052169888494937e-01,5.184310660197484211e-01,3.732100760167596232e-02,3.666385603703731233e-01,2.703746142010270415e-01,4.143098259054085464e-01,7.758523637010666940e-02,5.616370018160438127e-01,6.965379092772875369e-01,5.356223142195333242e-01,5.025784477809338568e-01,3.335349289495306152e-02,6.134016427196998800e-01,7.719487544056571338e-01,9.820476424455231168e-01,6.895432871147265663e-01,8.390013191120129221e-01,5.877897673166354586e-01,8.026386391088716765e-01,6.050128996392567515e-01,5.347994119464173357e-01,9.465673745250955395e-01,4.283877500870568733e-01,9.470895395855518650e-01,5.616182425591063065e-01,8.242417814651901153e-01,8.086140694718871869e-01,6.617768696298063080e-01,8.286600214318783353e-01,8.786830733331940646e-01,5.459745285295598549e-01,4.299477463328177373e-01,6.185728133612748980e-01,7.539305282346399073e-01,9.927200636043188586e-01,6.712440543904504286e-01,7.991961836797426555e-01,0.000000000000000000e+00,9.898939796033663363e-01,5.220761624826895098e-01,-6.815669113046587957e-02,6.243543599996314031e-01,7.483869679476095049e-01,5.763190309632560959e-01,2.099859647499624227e-01,4.897071907117884204e-01,6.226067167871708330e-01,9.228674531546458004e-01,4.019399796286572957e-01,3.454243089262916122e-01,3.087498041219463030e-01,5.953052227154120857e-01,8.992346834164280933e-01,9.295069797766216668e-01,7.337408044895485926e-01,5.838442961820020649e-01
6.536675781083289838e-01,1.542985854510503518e-01,9.702568577990549059e-01,7.631057552767929186e-01,9.298131079229275953e-01,9.928436786947083537e-01,8.817830230376065836e-01,8.308489263500248301e-01,6.942302785367866491e-01,8.536706143825131266e-01,9.301555254228648373e-01,9.901363032046626156e-01,7.141976932907744269e-01,9.308397203611755710e-01,9.988296018384735797e-01,7.466205656316434736e-01,6.368540621367364540e-01,6.732158916163439866e-01,9.020875787742135277e-01,7.151131122375582461e-01,8.321639811011307675e-01,6.306289043815229700e-01,9.698384495729032162e-01,1.036064382534954142e-01,6.308783950907491667e-01,6.184064500114223595e-01,8.782213014210744628e-01,8.027215224066581722e-01,4.164615827608592613e-01,5.657923232373209821e-01,-3.022219600520850702e-02,2.988652557691846012e-01,6.338462239687971955e-01,8.582449111913108553e-01,9.815250701469150352e-01,2.673736906287580983e-01,5.127614459698327520e-01,9.539966020970309657e-01,9.626731393563692230e-01,5.164160954312063678e-01,3.779473314289525376e-01,5.846917623569142242e-01,6.026192327131784099e-01,8.460576047550927292e-01,9.345041384264514139e-01,7.033110508714379705e-01,7.600827819750632930e-01,9.000172040442828703e-01,8.539328782462016765e-01,6.133692748466480493e-01,8.220080377082435996e-01,6.520590069978595693e-01,9.604957415574207902e-01,9.731589328453096321e-01,3.319376252267327021e-01,7.776403488095607885e-01,7.528329206014401365e-01,6.838996740970764154e-01,9.997876549091727627e-01,4.986710358901776385e-01,3.364853892812884051e-01,2.611902304763905058e-01,2.791647192699173718e-01,5.723921622955860933e-01,8.573612333487159454e-01,5.662971501458650136e-01,9.898939796033663363e-01,0.000000000000000000e+00,6.702785656600520614e-01,7.186160618243492282e-01,7.236039692554596670e-01,6.090337711935530640e-01,6.369005557866909140e-01,8.348904122389310123e-01,6.393090766168947336e-01,6.929413086933243759e-01,9.582303287510017809e-01,9.086502691947834220e-01,7.765761228048706499e-01,2.426059440256805311e-01,8.334644305535725550e-01,8.058087430277690588e-01,6.285685715017114150e-01,1.659357274930337023e-01,9.654214756840278078e-01
8.859104995753760425e-01,2.471796360498965672e-01,5.212576889183808682e-01,4.963066000879621797e-01,2.927945560130226221e-01,3.067492279219702356e-01,9.737224866460076900e-01,4.084021745978584361e-01,2.120797334973707760e-01,5.393739610110146465e-01,8.468639752179055735e-01,5.746493115799498064e-01,7.601239964860004861e-01,5.048536266254352034e-01,6.285789094588170034e-01,4.083911470161266655e-01,4.965324755774827570e-01,6.001520040945516055e-01,4.911056609745576562e-01,8.802065355137279612e-01,4.054460178570343243e-01,5.011683077535350472e-01,4.001525506410652522e-01,9.475227667532234443e-01,6.657497708794475333e-01,8.621266944798597898e-01,4.895712788647827995e-01,5.338093773233330008e-01,3.837127597835623960e-01,5.267835491591293939e-01,5.749326791160953576e-01,6.476043343630950577e-01,2.116395388284126322e-01,4.742272389939664601e-01,4.931242157814925142e-01,4.335059944348810257e-01,5.421939000772338924e-01,4.851210718920492271e-01,6.246985787984015159e-01,4.479875145344740517e-01,5.042830800269639813e-01,9.817476207530491106e-01,7.987668923757533790e-01,8.427469360399323373e-01,6.053759070193452940e-01,6.973301006423761050e-01,9.824564737834735606e-01,3.794343785148278081e-01,7.735222024117025530e-01,2.376249736044452332e-01,3.379265258028413821e-01,6.468657931393346772e-01,8.894039937934625772e-01,7.659980764444186407e-01,9.714651666417104536e-01,3.517075440567039024e-01,1.574288160752860821e-01,6.692369258270431942e-01,7.818381481942467959e-01,4.642909848509913506e-01,3.257907352993799632e-01,4.541327612646160472e-01,6.411886797490958800e-01,6.913087469220206005e-01,9.713136408368568953e-01,8.386257039411043612e-01,5.220761624826895098e-01,6.702785656600520614e-01,0.000000000000000000e+00,1.170142506463089926e-01,8.673498281324829584e-01,7.384833994741251129e-01,7.756783129227509122e-01,5.401373756587364294e-01,5.068521442661476639e-01,-7.467792551315072247e-02,4.238793314928546163e-01,1.407622873627470683e-01,2.160464404697898244e-01,2.814333532486231748e-01,5.024331429819088868e-01,7.796908396636915706e-01,6.764859605325529435e-01,5.956019370683449665e-01,5.668263684151317872e-01
9.497099265599278084e-01,9.901301224313393545e-01,6.425835128665657869e-01,3.010098324537562320e-01,5.114530277085546084e-01,7.805281688874333712e-01,4.049995790458142397e-01,4.922400978247494230e-01,8.448887903827740908e-01,8.192263581376409975e-01,7.475301016447248870e-01,7.833350603108260035e-01,8.008454206352794147e-01,8.605970274892966732e-01,7.186033682155892333e-01,6.743334109319416847e-02,8.090070186940847563e-01,4.295196812954046872e-01,4.341059914319089774e-01,5.903235203123610164e-01,3.933758714811977919e-01,6.477834316135315795e-01,7.153684536440123587e-01,7.875342107141237724e-01,3.521763192907976237e-01,6.914481302998906065e-01,9.447624954042751488e-01,4.426441923555526903e-01,7.209412481436752174e-01,2.623208190530638695e-01,4.431649636990676600e-01,7.412608631368018397e-01,5.845350652762687504e-01,7.689701420054402270e-01,2.394272279104582291e-01,5.427159054040893160e-01,6.067102989790684742e-01,6.105406808925427642e-01,7.647051353483679259e-01,8.066828201560884981e-01,6.230153763458811111e-01,7.745284177822107097e-01,3.317076873604641873e-01,9.091918644166770980e-01,3.129552093232766952e-01,6.959331456332930044e-01,9.331766019663012557e-01,4.443077473633485486e-01,6.903588806518242693e-01,6.810785963198118242e-01,4.586935134136109760e-01,6.246525552852335572e-01,6.066443149830534898e-01,5.532025905182993419e-01,7.904922736727199029e-01,8.574382387463594934e-01,2.379088988460930087e-01,9.296304821404111074e-01,9.414278585699391577e-01,2.883354235995914672e-01,7.344967770581103395e-01,4.303660243599410906e-01,6.477975924517057615e-01,9.847060749821124892e-01,4.926406277263465361e-01,5.479924598143176562e-01,-6.815669113046587957e-02,7.186160618243492282e-01,1.170142506463089926e-01,0.000000000000000000e+00,9.900136336779079560e-01,8.524017599510756993e-01,2.671161999470202941e-01,7.548812985365149775e-01,5.269744672482100656e-01,9.858889057444041315e-01,8.488276279342463759e-01,8.661489916276141621e-01,6.076673220325466973e-01,4.691599784994235911e-01,4.924059623533370011e-01,9.235857095690546137e-01,5.643008924514376634e-01,3.485554097887910707e-01,9.061809018217187317e-01
5.109099957213439902e-01,2.809708552598059184e-01,6.919369973579877486e-01,8.520229453389094321e-01,4.571111467006442886e-01,6.376037029883248330e-02,6.371620918400791034e-01,7.380893032938280474e-01,5.772340520783516560e-01,4.836997970751165665e-01,3.429017442612433131e-01,8.828717098150606901e-01,7.939231083046955906e-01,6.570095064016289177e-01,9.861442440259992059e-01,7.177208020574104008e-01,8.595138286614476542e-01,9.147422523355530632e-01,8.554886859704682323e-01,8.765798199277661240e-01,9.973115092284530192e-01,8.585791136756818487e-01,8.696977406971374558e-01,5.644038792644183733e-01,5.281966272099835047e-01,8.467914372231208908e-01,5.990930501507625294e-01,7.229913961508801501e-01,5.273081847563714231e-01,5.221338043352854452e-01,-1.593498512051721994e-02,7.839569527298679841e-01,5.081187089598829809e-01,5.246570237185662622e-01,8.413173893140475368e-01,7.914080642328400472e-01,2.786429418468761021e-01,9.061060572565871052e-01,8.833953273426063957e-01,5.503470973627228036e-01,3.179179205097916183e-01,8.822838548831938299e-01,8.193776035533085755e-01,8.860100360185092505e-01,9.454530500450391006e-01,8.655546516020098391e-01,3.285482388868550541e-02,9.843500542544167953e-01,9.603565014292041457e-01,5.222557772045248736e-01,9.249851997029294726e-01,6.511928619943708751e-01,7.568263563488233370e-01,8.384081562316019198e-01,6.567366839656456623e-01,7.285565984663364691e-01,2.366660005275036671e-01,4.177238253447376759e-01,9.232351647988749077e-01,6.600848336116149628e-01,6.194869612352830179e-01,5.850917869218885681e-01,7.898600969311946329e-01,6.279898335463118819e-01,8.763771286467356703e-01,9.636729833085823094e-01,6.243543599996314031e-01,7.236039692554596670e-01,8.673498281324829584e-01,9.900136336779079560e-01,0.000000000000000000e+00,6.818407521516742786e-01,5.484884591258568642e-01,4.380570181299963117e-01,6.860326182432446851e-01,9.052953057458305031e-01,6.379078863208363925e-01,6.729083652312084496e-01,2.902145500036153458e-01,2.303999600834734374e-01,3.031582121467802926e-01,8.646176950160742170e-01,2.063871034488054534e-01,-3.731451601440249899e-02,9.472491104535789574e-01
5.214078777925061914e-01,7.832263800750888239e-01,9.942014355039878737e-01,7.387479733317260377e-01,8.379299533965707258e-01,8.394300268930150466e-01,4.139531220849121951e-01,9.030995408846287376e-01,7.793195730211400774e-01,7.643484100836729356e-01,5.670187326702117447e-01,7.207110259516157358e-01,9.243381859599766326e-01,9.479156612613998112e-01,5.778916841859497167e-01,9.457949956115497825e-01,6.517739248311424927e-01,1.823475020864202822e-01,5.736913589119050361e-01,9.299720257647239308e-01,9.958395595858923199e-01,6.534308820809343610e-01,6.164615105302388987e-01,6.609390842220514983e-01,9.613052051576006507e-01,5.445631314902577014e-01,6.361172275459973102e-01,5.659054685167886900e-01,8.905970503678051209e-02,6.723146035246285734e-01,5.789386536546784479e-01,6.918411960041412900e-01,9.869870469948178737e-01,9.599105288082849796e-01,4.680973821423941583e-01,6.230639762813615645e-01,5.712983476362559765e-01,6.818312782048128184e-01,8.905819253750516529e-01,8.317169248247912039e-01,3.972756978102586212e-01,8.665342997145490944e-01,9.977494069868564353e-01,6.111597202722715005e-01,9.128085570377784119e-01,5.771191037532383827e-01,7.709589213803260677e-01,6.986500545337241963e-01,8.999762510235953528e-01,4.314387207625144383e-01,2.036792135395540104e-01,6.800835626476733342e-01,7.756760081827920317e-01,6.311431553029266395e-01,8.683550104570154637e-01,3.588392956354564123e-01,8.247573927007192385e-01,2.764761300009183631e-01,8.061345046803500836e-01,3.448345860906342208e-01,5.991073924862069244e-01,8.875422236243680763e-01,5.114268644568171762e-01,4.672245498012673748e-01,9.861274234257852989e-01,4.874194141202470298e-01,7.483869679476095049e-01,6.090337711935530640e-01,7.384833994741251129e-01,8.524017599510756993e-01,6.818407521516742786e-01,0.000000000000000000e+00,4.265324793258236658e-01,5.418317033470889665e-01,4.661199856294378496e-01,6.900167366395528745e-01,6.098328738948948224e-01,7.180191346501276772e-01,7.428253000292929231e-01,2.091723452254946047e-01,6.317022555617154422e-01,8.076654454247809145e-01,9.397727235496590170e-01,5.281635901990142656e-01,9.708379644704653311e-01
4.560482578370967932e-01,5.991604042892129112e-01,7.585543350518078043e-01,6.259981386253723468e-01,5.841339502513275272e-01,7.878580442850853238e-01,5.081543965394346163e-01,6.263148998124504763e-01,5.880392588618341687e-01,9.226042403185179541e-01,4.108276477782253910e-01,6.529651633171349445e-01,4.805058095406917196e-01,3.346228227292059598e-01,6.858970269463475766e-01,4.801907416816066920e-01,5.500808330642714683e-01,4.599449182399281688e-01,6.505504446539420726e-01,7.147309151463887567e-01,7.794602397632595103e-01,5.054828226326146812e-01,2.902361251692712751e-01,6.807998370946192201e-01,4.996490554076072343e-01,4.299731971851933898e-01,2.479637820196430864e-01,4.176601282894866207e-01,9.643331596513986526e-01,5.279509852612094267e-01,3.480758567402230108e-01,2.804436186828294097e-01,5.256373827834467383e-01,4.690420251840806687e-01,7.178710866010827862e-01,2.269897647100188043e-01,3.657557046394975808e-01,1.746168019553696882e-01,8.681450961226540031e-01,4.216459000718608685e-01,8.684778267512495153e-01,4.216038775275369188e-01,8.634091563893803167e-01,4.402274527817994221e-01,7.840763056218000848e-01,4.146734465972499173e-01,8.776277592120320659e-01,2.890489586426320812e-01,2.131155580428186480e-01,3.401727779107493466e-01,6.249086611075389541e-01,5.025340570426114484e-01,3.355170022203750602e-01,6.542102828299934947e-01,6.523055296421264027e-01,6.934392268382184588e-01,3.950113327965774079e-01,3.440193378807839819e-01,9.319576506292526208e-01,1.138568841910291979e-01,2.735681770289988268e-01,8.002444167097054750e-01,2.023903645168530496e-01,9.579013284019153307e-01,9.236994220561973723e-01,3.599818264318486727e-01,5.763190309632560959e-01,6.369005557866909140e-01,7.756783129227509122e-01,2.671161999470202941e-01,5.484884591258568642e-01,4.265324793258236658e-01,0.000000000000000000e+00,5.071306055031439275e-01,3.029903556335767356e-01,3.608360991220738168e-01,6.810896228012373044e-01,7.406250639271427794e-01,1.257216356270351165e-01,3.020256708363777132e-01,7.061236495001720348e-01,6.182994979055680407e-01,7.107165278925050567e-01,5.305980183137636308e-01,9.708380800795366472e-01
7.417106078643452838e-01,5.923470495606111275e-01,4.494403116480213400e-01,5.376923963979367560e-01,2.107634876679688185e-01,1.223294699039647188e-01,2.950847351780993555e-01,7.197200683172341185e-01,2.268912999791878327e-01,1.654225254519000599e-01,7.808024905690793549e-01,6.645968713952756790e-01,4.916939817656681422e-01,6.723771756741218075e-01,2.046549232659240214e-01,2.685958693717670487e-01,2.279035559962748203e-01,2.746460852726188007e-01,6.246208138094889728e-01,4.367019502028033351e-01,4.374086930731356793e-01,5.358189409031256512e-01,2.370252954589088523e-01,4.528496000127757437e-01,5.931957780032434124e-01,3.288593140906863055e-01,1.641969508177283099e-01,2.698938716852790076e-01,1.605135469954910854e-01,4.623705471136517753e-01,4.289026702724382245e-01,2.709085140787712009e-01,5.658694793944998302e-01,7.667838226096127530e-01,7.974327617865957230e-01,5.717591039927794050e-01,4.466077225246269933e-01,5.301153898702417600e-01,7.521269379686251755e-01,7.413909501578755945e-01,1.802226014608537819e-01,5.839339461719303959e-01,2.456165806058919210e-01,7.551352966419422330e-01,8.133433368075444481e-01,4.190376878173517339e-01,4.395259486888399292e-01,6.819200191020764468e-01,1.835846079286903298e-01,3.280791238478104610e-01,4.721763885723056497e-01,6.073427565453916044e-01,9.207945734058546883e-01,9.390565704292528348e-01,5.915499907800589874e-01,4.570277240042773248e-01,4.384035702025820824e-01,6.129109584782711506e-01,7.605891740313348581e-01,3.134438817731828308e-01,3.278520370048684796e-01,4.806804099899278926e-01,6.656325571910035599e-01,5.490632461464108882e-01,9.647257035100891276e-01,4.405620958105209151e-01,2.099859647499624227e-01,8.348904122389310123e-01,5.401373756587364294e-01,7.548812985365149775e-01,4.380570181299963117e-01,5.418317033470889665e-01,5.071306055031439275e-01,0.000000000000000000e+00,7.715683904966224027e-01,9.442615769128208658e-01,4.751454034632586199e-01,9.223286754172949076e-01,2.831842801326550085e-01,4.802559790199983913e-01,5.688850565863966535e-01,2.332270184201802321e-01,5.106419721884446483e-01,1.131047012914144639e-01,5.796042858872580972e-01
8.069529542888487228e-01,6.617442042966298343e-01,7.734898165990942154e-01,6.049663275542985774e-01,7.789599987408636350e-01,6.471502877583507063e-01,5.016117555812941164e-01,4.364205784465073901e-01,4.652685825956957566e-01,2.006013154017072808e-01,8.545915154166010552e-01,6.064874107522426616e-01,5.182096483334519554e-01,7.803904279434686897e-01,7.984247469845258127e-01,3.624468061609761316e-01,8.958415884494626003e-01,5.915582312599996229e-01,6.399108109160007718e-01,4.749182293086702256e-01,9.589048313286001601e-01,6.437439890997918024e-01,9.665141318442600493e-01,6.283609252728722394e-01,2.670117640916153112e-01,5.267568911822028133e-01,6.630109663477717907e-01,1.419859687246061153e-02,6.484193246538921818e-01,7.956605709066686405e-01,3.862449158570336882e-01,4.319181959520159708e-01,7.401793088872564708e-01,8.078001783051058649e-01,5.852450528202670643e-01,4.655001954622371985e-01,2.430335719591605881e-01,7.476535275839920613e-01,6.603587372623644924e-01,6.145604836481493027e-01,2.570408595859485223e-01,4.921672836529313866e-01,8.234247510471037756e-01,6.741388028802888233e-01,9.128414074517813281e-01,6.594464291485200302e-01,4.683141398400839650e-01,9.713591556101053293e-01,7.104411061351024737e-01,5.438980582896306704e-01,2.215130371316072488e-01,7.585419602262946093e-01,6.005737284557123301e-01,7.047844739974203909e-01,6.293848069425708180e-01,7.222618454294917889e-01,9.917206690171271877e-01,6.828137166149678139e-01,6.826391733886643109e-01,7.644201148021001480e-01,9.220955122641164570e-01,6.549759955636265119e-01,6.495312469454903592e-01,4.307935735490017737e-01,5.588854754329063423e-01,6.482091012511539407e-01,4.897071907117884204e-01,6.393090766168947336e-01,5.068521442661476639e-01,5.269744672482100656e-01,6.860326182432446851e-01,4.661199856294378496e-01,3.029903556335767356e-01,7.715683904966224027e-01,0.000000000000000000e+00,7.153504083661718083e-01,5.110155121525670197e-01,6.763969328528838254e-01,6.878978324999126537e-01,3.047130788593302997e-01,8.373665901715656723e-01,9.927284544478212069e-01,9.069812912804198213e-01,4.067530661135595471e-01,2.019260832550182072e-01
4.619511654190432415e-01,8.298805749836466461e-01,3.070216564008245164e-01,4.183802862146039914e-01,7.487801680872028243e-01,8.484015913632605432e-01,7.576469105524845649e-01,5.763542649145531049e-01,7.466372769036344614e-01,6.760823073439996556e-01,8.239477899741962652e-01,6.855879467717941322e-01,9.027975966520235263e-01,9.223096376606755298e-01,6.266652074094190006e-01,1.731352363945126704e-01,8.814302061802924415e-01,3.691088290297599994e-01,9.318054844670389247e-01,8.297379769513462122e-01,9.151530900313636918e-01,6.616965393858762479e-01,2.239392821785488041e-01,3.431491820603079224e-01,2.582894772806328398e-01,7.773010433323754853e-01,1.736721049913713122e-01,4.141695147781235820e-01,2.533924831984641357e-01,3.695159086905675516e-01,1.037587006337368223e-01,4.843037903189375548e-01,4.982060513921677258e-01,8.938091272086271522e-01,7.775206819384543611e-01,5.358239886216448200e-01,2.418319352413286494e-01,2.894629897462580037e-01,9.449362278878700172e-01,7.333730965429254844e-01,2.429693593810899055e-01,2.007740961315969963e-01,8.399677441222311858e-01,8.200477765958759102e-01,9.859880797824395193e-01,6.557072710299125529e-01,7.709012913730162175e-01,9.678373893322667065e-01,4.606642913458056654e-01,4.197676187842490636e-01,-8.374480087644262105e-02,5.388331294384961501e-01,9.690802735642989330e-01,4.660959803360492648e-01,6.602767837413670016e-01,9.792790426797672865e-01,6.199059442733449998e-01,7.328485052801414490e-01,8.677788765778269298e-01,7.806867901317633418e-01,4.488971035005338006e-01,5.742379453884197682e-01,5.003414404680336380e-01,4.353932769133162517e-01,9.000838149389011056e-01,5.867071469864244548e-01,6.226067167871708330e-01,6.929413086933243759e-01,-7.467792551315072247e-02,9.858889057444041315e-01,9.052953057458305031e-01,6.900167366395528745e-01,3.608360991220738168e-01,9.442615769128208658e-01,7.153504083661718083e-01,0.000000000000000000e+00,8.911369939162456788e-01,6.793171859148763314e-01,3.104913167943591512e-01,2.542348154009141936e-01,5.625557706250120527e-01,7.844539149700699987e-01,9.168377521960723309e-01,4.099678297038927832e-01,2.586529644103836012e-01
7.964330694654309095e-01,6.799213122437890444e-01,9.388197903995670890e-01,9.563311496339872431e-01,2.260183810687046990e-01,9.482480697535671244e-01,7.254889426439750100e-01,3.435640816786390550e-01,4.616695347520033965e-01,8.121245101794869470e-01,6.979114901913824331e-01,9.556561866020212292e-01,7.210130682010837955e-01,9.535981214259724448e-01,8.852805760042898875e-01,8.639470753916259627e-01,8.466375017592872032e-01,8.703639630428102736e-01,6.748086157478130342e-01,8.165191501292305976e-01,9.014477522338542048e-01,6.743271888661782620e-01,8.211236796450472886e-01,9.928162521168615307e-01,4.538331709076929843e-01,9.772444235386690270e-01,8.131660818593055007e-01,5.862999433729918497e-01,4.176173953877222456e-01,4.661744708901790490e-01,5.355054493210562594e-01,7.216563025451306901e-01,9.452759357879644275e-01,9.312403064267836816e-01,2.829743192498359594e-01,8.193616600020591223e-01,1.249917631881328206e-01,7.712123785486495464e-01,7.490303966886485698e-01,7.407576981889147927e-01,6.765217038446326159e-01,9.105517200796645616e-01,6.665131085287878676e-01,6.423217717359849255e-01,8.096384914002439093e-01,7.627748136861659534e-01,9.333646352557464221e-01,9.701964030706292652e-01,5.923187658713225945e-01,4.894862066025721936e-01,8.728349358027495120e-01,5.592768041741944529e-01,9.488147712598230532e-01,9.207902437252120098e-01,8.254506953043885265e-01,7.234627070574376484e-01,9.472014323780523215e-01,7.232645621465784158e-01,4.128974642975824505e-01,9.210821334733471089e-01,3.807797691557183173e-01,2.200963401132700614e-01,7.215836990059585343e-01,9.353250348978681128e-01,8.064019285349905974e-01,6.568692169079614063e-01,9.228674531546458004e-01,9.582303287510017809e-01,4.238793314928546163e-01,8.488276279342463759e-01,6.379078863208363925e-01,6.098328738948948224e-01,6.810896228012373044e-01,4.751454034632586199e-01,5.110155121525670197e-01,8.911369939162456788e-01,0.000000000000000000e+00,9.126156700534330257e-01,6.760300633999949405e-02,6.354239457712341776e-01,7.440062334699593105e-01,9.021538860580620156e-01,7.211717242334658717e-01,3.945199231237591087e-01,5.530699833354306705e-01
9.440798889928553317e-01,7.759011707821885651e-01,9.765831356593311918e-01,8.125044892674867514e-01,9.375340667782405824e-01,6.457281342743994568e-01,2.458749341446792580e-01,7.569256318303890785e-01,7.423208503386107271e-01,7.919409579478016159e-01,8.844451209355501664e-01,6.505143747638509888e-01,8.651943638092116640e-01,6.562657055595885192e-01,6.608777967517307506e-01,7.428631805381308295e-01,7.127087831739308266e-01,2.043682869159237359e-01,6.649839478219929934e-01,6.740110716673708424e-01,8.720440632049415441e-01,4.485435498141094324e-01,9.206841886558986277e-02,9.784764692554240861e-01,9.434662888534317560e-01,6.417076191436711374e-01,4.907787861425629838e-01,7.515109791543438389e-01,6.689033039676510750e-01,3.510820101719197006e-01,4.892595943791296920e-01,7.931086820827788486e-01,5.435415971618967612e-01,6.196560521564962315e-02,2.717359339883207991e-01,6.432539053270565077e-01,7.666272481377514048e-01,6.129555970313393942e-01,4.611412928919866872e-01,2.632739074539052204e-01,6.752878267429388570e-01,6.750028877107290270e-01,2.209225210268885853e-01,9.121827884323925328e-01,9.505749723113062766e-01,6.339078493200648312e-01,3.610933299635192828e-01,5.443928624322234011e-01,7.581902136546139204e-01,6.844855523235379158e-01,5.047014970297812875e-01,9.513980269504600518e-01,6.007623753400731514e-01,6.686927929979495921e-01,6.151306492995993747e-01,6.399832098242980161e-01,4.260872184248160055e-01,5.473362251034157300e-01,3.375839081835998456e-01,7.076642026067934133e-01,6.176265169921275611e-01,2.102870330154668899e-01,6.734070741162219154e-01,8.180908123881969196e-01,5.351770774236801476e-01,2.815316637145095502e-01,4.019399796286572957e-01,9.086502691947834220e-01,1.407622873627470683e-01,8.661489916276141621e-01,6.729083652312084496e-01,7.180191346501276772e-01,7.406250639271427794e-01,9.223286754172949076e-01,6.763969328528838254e-01,6.793171859148763314e-01,9.126156700534330257e-01,0.000000000000000000e+00,-1.053803337709713350e-02,6.974981374203506057e-01,9.893488884267043204e-01,7.089728097679359742e-01,7.339307875728720010e-01,5.477871810056169632e-01,-1.064108754864050571e-01
7.345090848875178713e-01,2.856334369778578131e-01,6.769866879664576675e-01,3.044092164355550745e-01,6.553289455579940359e-01,6.039314936333662898e-01,4.269674436031023479e-01,6.407302114626625134e-01,5.222025297491071916e-01,3.156961375699802730e-01,4.719081281024087859e-01,4.308775263134348998e-01,7.432716178067143575e-01,3.279129721450979584e-01,2.570793004361807688e-01,4.407125243528193792e-01,3.364944019028744959e-01,5.291739194565616700e-01,3.314974057391603113e-01,4.372735372101858031e-01,1.085596323290961007e-01,5.148418231698499437e-01,3.843368081184268537e-01,1.509327621422787979e-01,4.012298105898254308e-01,2.948988882793874833e-01,4.739055050503225841e-01,9.607063815330475764e-03,3.378054936246369100e-01,2.809975695146298413e-01,5.676803254220658124e-01,2.027022718438293847e-01,2.271437407637295902e-01,6.979077814478720221e-01,2.479703622001499519e-01,5.763218923314350484e-01,2.993020334900398094e-01,3.841287854444322969e-01,5.389738231486637110e-01,5.416493034920237815e-01,5.132303800069806798e-02,3.518550129344676369e-01,5.474039921090809724e-01,2.862898855919373542e-01,6.052634789680264582e-01,4.638773609165154910e-01,5.201156414936500827e-01,2.927004645269762340e-01,5.769806552252614296e-01,6.840602221236666836e-01,6.710648405762622559e-01,5.251511260225751876e-01,3.894797001595444730e-01,6.370393356498482706e-01,8.441706114534088812e-01,6.692632078390943207e-01,2.830430581463606599e-01,3.900586264712424533e-01,9.112157652277227404e-01,7.449477195512088645e-01,5.271860622780578653e-01,1.454039519231060118e-01,5.756787739879963839e-01,3.188669276628805505e-01,6.089526540216009254e-01,7.212106848791286495e-01,3.454243089262916122e-01,7.765761228048706499e-01,2.160464404697898244e-01,6.076673220325466973e-01,2.902145500036153458e-01,7.428253000292929231e-01,1.257216356270351165e-01,2.831842801326550085e-01,6.878978324999126537e-01,3.104913167943591512e-01,6.760300633999949405e-02,-1.053803337709713350e-02,0.000000000000000000e+00,3.302054282960466547e-01,2.635712276478369698e-01,9.371319817571504007e-01,4.508959804009242678e-01,2.357921469236975986e-01,2.436719096432398979e-01
4.732203091980183851e-01,1.707742979050319576e-02,3.787460769880356404e-01,1.729601821254239669e-01,4.652622626651756743e-01,5.103796001087795853e-01,8.454896397132023456e-01,6.346589909148330211e-01,6.760144905962296447e-01,4.155379422695659186e-01,4.136930764581602249e-01,1.784028859322484006e-02,5.796759261465393998e-01,3.417670531007881429e-01,3.660075175044548712e-01,5.479650442274101030e-01,2.633345215925783078e-01,5.916823947423701657e-01,1.519490530517104976e-01,3.943471459194931583e-01,3.500030025147796708e-01,-1.841772838296055759e-01,2.448505786190643962e-01,4.234896136971622038e-01,3.259111183249969734e-01,7.955694339805736703e-01,2.353342113135196700e-01,3.309273693349591983e-01,7.978718975854942608e-01,5.609104007101094469e-01,6.178521965320656895e-01,3.855989070643506267e-01,7.830112061046466954e-01,2.249712507885991974e-01,4.969591293679751498e-01,5.070252766735832139e-01,3.555360496796786118e-01,-3.723978939776081964e-02,2.032055826134642196e-01,2.352396943926025608e-01,4.166611405295876369e-01,-8.990006811619238869e-03,2.374639653778590209e-01,7.589515377365938509e-01,2.968186248699094532e-01,1.544010092299139270e-01,5.374594096182874203e-01,8.771025516757467722e-02,2.623891027688055044e-01,5.231574903450038061e-01,2.632542152230132881e-01,5.806943945447676225e-02,4.189152388894359369e-01,6.492256985708760864e-01,4.562031578866708181e-01,3.391768671947251734e-01,2.614969521855718959e-01,5.524050603469552456e-01,3.152015996550490140e-01,5.449885816917475756e-01,5.790468758609066402e-01,1.426577036182348317e-02,2.413190538350875325e-01,2.419833783237984037e-01,1.460256105974379881e-01,4.657078665331263467e-01,3.087498041219463030e-01,2.426059440256805311e-01,2.814333532486231748e-01,4.691599784994235911e-01,2.303999600834734374e-01,2.091723452254946047e-01,3.020256708363777132e-01,4.802559790199983913e-01,3.047130788593302997e-01,2.542348154009141936e-01,6.354239457712341776e-01,6.974981374203506057e-01,3.302054282960466547e-01,0.000000000000000000e+00,3.157821716225344133e-01,5.467371549004393927e-01,4.832729184026846037e-01,4.568705670565989529e-02,9.512151017506302875e-01
4.408204445434425467e-01,7.992052269690936850e-01,5.372237771001399098e-01,5.590505995566940056e-01,6.536471598590567478e-01,6.325017538381761950e-01,4.398707436735563858e-01,9.277998851966076099e-01,4.505794186842314031e-01,6.618934841291641558e-01,5.824968747531518165e-01,2.732649083371035958e-01,9.062239929384309223e-01,7.433205012357428920e-01,5.674566343718461248e-01,5.293306934524828478e-01,9.214449072067982804e-01,7.092809486400010188e-01,4.703909427738782179e-01,8.112828666180263992e-01,9.186551060839029947e-01,7.120394045847279196e-01,3.697475701693203609e-01,8.331222418720042322e-01,6.104982545335324584e-01,2.999046858646070568e-01,6.695471867491810114e-01,3.416709323295591960e-01,1.398659585335675082e-01,3.244418853408509995e-01,9.249725691168424468e-01,6.192436195461046289e-01,6.632728343028286844e-01,6.857317466463473954e-01,4.523696340941265603e-01,7.968883598216583986e-01,6.173746486808634470e-01,5.698330610710024002e-01,9.734763863294157993e-01,6.733689339399676621e-01,4.093715367335928335e-01,8.597025653697347725e-01,9.955377102715730064e-01,4.097222909624045339e-01,8.088006824728324329e-01,8.138862856424511349e-01,9.389904930973839159e-01,5.442218624982944064e-01,9.812712524703196548e-01,5.398771790670824355e-01,3.290575736403001939e-01,8.534227680185429987e-01,6.247971498405126001e-01,5.210989529582039648e-01,4.298345635968079392e-01,4.314571312851289142e-01,5.626363977477470968e-01,2.161941722023100476e-01,9.707011933636612300e-01,6.537652812139027603e-01,5.215162785400619949e-01,6.859990405432578875e-01,6.497018599539201578e-01,8.813222738033171799e-01,8.852982031210214764e-01,6.278111550202388758e-01,5.953052227154120857e-01,8.334644305535725550e-01,5.024331429819088868e-01,4.924059623533370011e-01,3.031582121467802926e-01,6.317022555617154422e-01,7.061236495001720348e-01,5.688850565863966535e-01,8.373665901715656723e-01,5.625557706250120527e-01,7.440062334699593105e-01,9.893488884267043204e-01,2.635712276478369698e-01,3.157821716225344133e-01,0.000000000000000000e+00,7.672423850491948416e-01,7.313176937314771475e-01,-1.998946079429283484e-01,2.299682827038611876e-01
8.497425133447964463e-01,5.571293273057865703e-01,5.041848590647667328e-01,9.038959607753532799e-01,9.481591004476571660e-01,9.890895924033950015e-01,6.883885440033761238e-01,8.803059427315571561e-01,9.990206237195921046e-01,9.851068521510719656e-01,5.239777818510292784e-01,7.390105755446760849e-01,5.104640653841384657e-01,7.238712690134910810e-01,9.125466012631209267e-01,9.908200791903502003e-01,6.667012385603053870e-01,8.990934931543589359e-01,7.052705372266909745e-01,7.606586377539070742e-01,4.864847061356687985e-01,5.920143533300707972e-01,8.737813547628304756e-01,9.599082736785695680e-01,8.006810712740727309e-01,9.799710421887504186e-01,7.845785965137117568e-01,4.181644138795698185e-01,8.663353696865662146e-01,8.966259950317315708e-01,7.101256800661545077e-01,5.306675270388834242e-01,4.577260408292659344e-01,9.657495503829552908e-01,8.403279710829802962e-01,9.882163121851412768e-01,8.398486973265371081e-01,8.330580469639566887e-01,9.523819148608407836e-01,7.111582356890346901e-01,4.361313431926976403e-01,4.338805533766426636e-01,5.141120096279196972e-01,7.980250663822802126e-01,2.366267521954411035e-01,5.935383504928871679e-01,9.275686022007841869e-01,8.363904001615166672e-01,7.940536108493224665e-01,8.205087089353635399e-01,9.445429248013201828e-01,9.236181197658180908e-01,5.316281481082097971e-01,8.890792204496401618e-01,9.919455209016789787e-01,9.603285310054252566e-01,7.772955655404387709e-01,9.604960067009600255e-01,8.886050433063351628e-01,7.044792931410597259e-01,5.797304313869386938e-01,6.692255441518608627e-01,8.246955829855114883e-01,8.777750032655469159e-01,8.533456406911410497e-01,2.223776620249909297e-01,8.992346834164280933e-01,8.058087430277690588e-01,7.796908396636915706e-01,9.235857095690546137e-01,8.646176950160742170e-01,8.076654454247809145e-01,6.182994979055680407e-01,2.332270184201802321e-01,9.927284544478212069e-01,7.844539149700699987e-01,9.021538860580620156e-01,7.089728097679359742e-01,9.371319817571504007e-01,5.467371549004393927e-01,7.672423850491948416e-01,0.000000000000000000e+00,9.274248295867049130e-01,-1.315830892476279046e-01,3.807335354308203357e-01
7.725954131487522414e-01,5.637777868949354065e-01,4.596527621065716884e-01,4.169849610753347813e-01,4.718222551510431462e-01,9.589535726552050887e-01,4.664548852125205425e-01,8.401662547787582813e-01,9.200516783177863367e-01,8.153213239429141224e-01,7.683477348460200362e-01,9.749075255817265528e-01,5.757368365168296087e-01,9.657313922909712689e-01,6.406154645432701189e-01,3.318646413353767421e-01,7.085642813494030801e-01,9.347643089917305748e-01,4.949627383992995511e-01,6.070915253910840192e-01,7.315370610969511578e-01,8.067417768957843016e-01,4.656574885991489055e-01,8.497528018641264946e-01,5.986873243502222053e-01,4.683906951554809850e-01,5.481486896133415110e-01,4.336416398856787202e-01,7.408692981341076234e-01,5.369156980542330038e-01,-1.155147049059292441e-01,4.896214563997118296e-01,9.010587400691616455e-01,6.352131673526222322e-01,4.100529059327691628e-01,2.220495625207299928e-01,2.625776312290978298e-01,8.827790349167619066e-01,7.581381929093704564e-01,7.373050586084021196e-01,6.882755222892621427e-01,6.996243497545636680e-01,8.378051984001247954e-01,6.730856355531640300e-01,2.010848868058977834e-01,9.346359823332235361e-01,7.915615752417011208e-01,2.406072452939736761e-01,6.053340081217012392e-01,4.163046614824974512e-01,7.587927830398417672e-01,4.814197809723086974e-01,3.236896039748604625e-01,4.368173702008690956e-02,7.463189425376474118e-01,9.121616634370409704e-01,7.282075743629534692e-01,7.254666439079988927e-02,6.242403310241497749e-01,-5.494652721124487771e-02,7.272217094740910381e-01,7.586062975618383941e-01,7.241525083356182835e-01,6.912462788440025818e-01,9.342135079496602934e-01,9.624584275498838659e-01,9.295069797766216668e-01,6.285685715017114150e-01,6.764859605325529435e-01,5.643008924514376634e-01,2.063871034488054534e-01,9.397727235496590170e-01,7.107165278925050567e-01,5.106419721884446483e-01,9.069812912804198213e-01,9.168377521960723309e-01,7.211717242334658717e-01,7.339307875728720010e-01,4.508959804009242678e-01,4.832729184026846037e-01,7.313176937314771475e-01,9.274248295867049130e-01,0.000000000000000000e+00,7.232747071945300199e-01,8.253576647994518289e-01
3.967430816620425293e-01,1.267084106987059200e-01,9.148653429603089693e-01,5.403596162874504394e-01,7.760867161116690172e-01,6.607570687469217496e-01,4.388810762812809796e-01,5.616853882103448603e-01,5.228936310210327010e-01,2.388165584519656715e-01,3.034192577843868310e-01,9.188505698951344725e-01,7.624446650662820568e-01,3.185279152745862374e-01,5.403508146566029513e-01,9.254080019571161442e-01,6.646138991279122443e-01,5.955603985545135926e-01,4.928132185865900516e-01,8.657031363395252255e-01,4.739209166114020100e-01,7.944745796580134911e-01,5.065243718745126023e-01,9.122792244624632341e-01,4.205876261857102172e-01,6.596473133837736924e-01,6.746802508666991383e-01,5.164601081558745088e-01,1.153809126004725662e-02,5.905636525649227142e-01,5.231430159604814056e-01,4.772973252182503567e-01,5.259293257724323434e-01,5.222357787184228779e-03,7.880870908418780019e-01,7.267011201534541165e-01,4.404527112101253028e-01,7.836958166803316139e-01,9.394335842374257339e-01,6.794485797682756623e-01,7.881103332164261788e-02,7.635962518001820909e-01,6.525860503305709326e-01,7.251951754821361895e-01,6.494430554902465014e-01,-8.446437508455552357e-02,4.662354137576303903e-01,7.929632261949088878e-01,7.662280456569199316e-01,7.763501974436827213e-01,6.663427316725476501e-01,6.232455436528755444e-01,2.689007413219124398e-01,4.024624593016246088e-01,4.750762099995383680e-01,5.867202692268856934e-01,4.369621898877623645e-01,7.356989644844806886e-01,6.147216117548747194e-01,3.348520078974680514e-01,4.195966810016066306e-01,7.575525004775398585e-01,2.093541686123964740e-01,7.652981792704766084e-01,7.548964412554295400e-01,1.130208172966031856e-02,7.337408044895485926e-01,1.659357274930337023e-01,5.956019370683449665e-01,3.485554097887910707e-01,-3.731451601440249899e-02,5.281635901990142656e-01,5.305980183137636308e-01,1.131047012914144639e-01,4.067530661135595471e-01,4.099678297038927832e-01,3.945199231237591087e-01,5.477871810056169632e-01,2.357921469236975986e-01,4.568705670565989529e-02,-1.998946079429283484e-01,-1.315830892476279046e-01,7.232747071945300199e-01,0.000000000000000000e+00,7.691077281595651849e-01
4.795912174248056492e-01,2.486501612670925232e-01,8.933072447373237024e-01,6.059331616599340498e-01,8.135808015666985415e-01,6.821884768017689726e-01,5.161142467333708073e-01,6.783755451701118933e-01,4.472923271837419557e-01,9.425331754233651216e-01,6.083904673173232691e-01,6.673718752201032167e-01,9.173823471766664461e-01,5.108731034846166752e-01,4.358614796736912655e-01,9.473049128473453040e-01,4.991610528292740323e-01,7.728327137684255499e-01,4.216116863967911410e-01,9.019605151874808824e-01,3.114711740990890321e-01,4.981890061281000204e-01,9.270890735209107447e-01,9.986646409774304622e-01,6.129324608530622998e-01,6.923650475876912402e-01,6.834248962354491086e-01,6.033973959803438092e-01,7.847797577616308917e-01,1.463341804785676936e-01,2.999603500197188799e-01,7.479889724589990907e-01,7.427111481332169252e-01,7.872038987361588136e-01,8.161782269624422437e-01,5.763810831698544801e-01,9.536228559988768616e-01,6.586018243477653744e-01,4.174690366551747633e-01,6.878697950833042585e-01,5.464418641422719158e-01,9.273032536453419405e-01,9.485032376407496191e-01,7.222684340994076635e-01,2.026168912350352069e-01,7.010042237456515224e-01,7.907923347423794214e-01,6.145465034841109953e-01,7.834169424564483286e-01,8.668423098711287578e-01,6.232740053873480068e-01,9.530901808240759276e-01,9.919670275713435847e-01,6.736151350305293883e-01,9.967177262664455029e-01,9.686289811456875176e-01,6.814172821921036238e-01,4.200903943075695590e-01,6.212015937838790691e-01,6.714553045803283160e-01,-9.213021197784498906e-04,6.409727043435423655e-01,7.750594730062356774e-01,4.823563032406036899e-01,7.513618283743670467e-01,6.264742912607506042e-01,5.838442961820020649e-01,9.654214756840278078e-01,5.668263684151317872e-01,9.061809018217187317e-01,9.472491104535789574e-01,9.708379644704653311e-01,9.708380800795366472e-01,5.796042858872580972e-01,2.019260832550182072e-01,2.586529644103836012e-01,5.530699833354306705e-01,-1.064108754864050571e-01,2.436719096432398979e-01,9.512151017506302875e-01,2.299682827038611876e-01,3.807335354308203357e-01,8.253576647994518289e-01,7.691077281595651849e-01,0.000000000000000000e+00
