0.000000000000000000e+00,8.785749384877947765e-01,4.961811046215718335e-01,8.748851097864194237e-01,1.314525185615283975e-01,3.478201126941202759e-01,9.016481658640196351e-01,8.538400389964597714e-01,9.356814018170209746e-01,8.950427312301516558e-01,8.259054214286626339e-01,5.142943638001312712e-01,8.664723169189799679e-01,7.671251509154237702e-01,5.150364291033329156e-01,9.344191305160799432e-01,8.773018314901732673e-01,5.558480688761175958e-01,9.802194523903746681e-01,8.111224296263733757e-01,6.233729099785811911e-01,8.328920342045216252e-01,9.888681573351745246e-01,8.599023259300465627e-01,9.419932116845229908e-01,7.145792206665277924e-01,8.218398579447273589e-01,9.961183561935753605e-01,8.742839898895071737e-01,4.754305239788944037e-01,5.786270758358800226e-01,2.962579135829535026e-01,8.293021790726267106e-01,4.199433528724675346e-01,9.967822793565940254e-01,7.050602579680670390e-01,2.506939188113290196e-01,8.690426495513696725e-01,8.531927871546280961e-01,3.053793554480488392e-01,7.644490949932811752e-01,7.404504749395144358e-01,8.381932855674240068e-01,3.145867029406153592e-01,8.028115692233509515e-01,8.260566633747823406e-01,8.327121073205561164e-01,8.121945036922819661e-01,9.207773586961411905e-01,4.395925424628311928e-01,8.345696359657455154e-01,7.060198529588148642e-01,7.662246163847297176e-01,2.883298770114282039e-01,8.152429787953580087e-01,8.354802010599274853e-01,5.590148001799868371e-01,4.689429833657681179e-01,9.047835976762090837e-01,5.222693032903328314e-01,3.833563592818087784e-01,9.239550593343318630e-01,9.994178299670931631e-01,6.834264136061286576e-01,9.279625651908591788e-01,8.521960211091930137e-01,6.217843211598601538e-01,8.604129413225367617e-01,6.956211836127723647e-01,7.220681479207886611e-01,6.740796552645400563e-01,4.535839045513310741e-01,6.149126285683537141e-01,1.867159375816098421e-01,-2.254602709101105606e-01,9.908150120538220529e-01,5.536984103752763398e-01,8.164236129206535741e-01,3.842673303532739837e-01,3.375568135162392291e-01,9.885354652222602123e-01,8.479895028088020315e-01,8.495917527498625388e-01,7.252053920534842213e-01,6.334320710620972017e-01
8.785749384877947765e-01,0.000000000000000000e+00,8.570950181817731384e-01,5.041953001023044001e-01,3.424982550407277282e-01,4.262676069271435497e-01,6.257931144757663544e-01,5.302440604438620753e-01,6.128123077002030072e-01,9.958932865622169839e-01,4.755213464833872861e-01,5.399088482996138305e-01,9.655280475115060046e-01,8.104465523713206832e-01,2.842175434205908569e-01,7.299031004996032745e-01,7.755172817663891216e-01,6.220361065858677208e-01,6.015726827810260469e-01,8.293048637159508019e-01,9.935735014186835024e-01,5.391182656100206305e-01,6.598070373790685395e-01,9.809046607372521320e-01,2.579917373374563394e-01,6.384492964661163672e-01,6.630009425484980623e-01,8.144613588021825112e-01,2.220869193251039098e-01,4.020603456853478197e-01,1.321889006344937056e-01,8.035649414672518809e-01,8.995657112673709488e-01,9.681160574637173166e-01,3.975724539950029612e-01,5.955483322712594729e-01,9.190977748121367807e-02,4.875598596957306796e-01,2.783962563993440664e-01,6.971094624050062638e-01,4.713279638404089811e-01,6.234574967034988147e-01,4.977031336643320675e-02,3.804867975866792484e-01,8.506604650554219216e-01,7.939450911410373957e-01,6.097842188753624937e-01,3.007277289063286507e-01,7.048812321887357735e-01,9.605335326604919066e-01,4.779397668240608632e-01,9.580061372609147696e-01,8.507350717432695664e-01,3.707117699928640375e-01,3.149447906798751862e-01,7.404609163792855719e-01,7.074566749716434400e-01,7.971697419767395099e-01,4.071530579693561913e-01,5.980362028935790608e-01,1.815585123756482400e-01,4.663586466287785726e-01,1.454364217412933147e-01,9.124518275843208626e-01,7.714415281876032537e-01,7.043040126237474219e-01,6.968802434906122834e-01,8.018827834337780569e-01,6.372502350346282984e-01,6.912645575759627237e-01,8.349817650202232544e-01,8.527742781639944258e-01,4.523006999208214474e-01,5.701553416632035853e-01,3.165524852387442412e-01,5.829412892432155324e-01,7.491655769176589486e-01,9.454748661275755861e-01,4.568006280483796755e-01,3.479319293324899531e-01,6.783187364171002764e-01,8.587795850622998994e-01,8.396028451484222055e-01,5.755895899490062195e-01,9.251499831401169827e-01
4.961811046215718335e-01,8.570950181817731384e-01,0.000000000000000000e+00,4.091183163883272966e-01,8.957873230915653906e-01,8.504613603680776235e-01,2.626212471370204526e-01,9.391036663745068180e-01,5.442826902206180373e-01,4.996729039589151156e-01,8.197089870284335333e-01,6.733490248492144392e-01,8.853598229752146498e-01,7.616593396118425119e-01,9.527696422842982793e-01,9.635363080332627339e-01,9.170191717278147747e-01,6.174322025185299267e-01,8.766545877522622376e-01,8.261591723538009857e-01,9.360923637263314223e-01,7.593181951486355219e-01,9.503729113476686585e-01,6.636442070890445910e-01,9.617725249261575016e-01,8.642864743641333058e-01,6.393102871887414995e-01,2.731673438519598984e-01,4.554687038495402462e-01,5.546424660941147444e-02,5.373028277645510720e-01,9.416375451037346522e-01,7.945625145541295176e-01,8.548753061426710431e-01,4.451217516723418033e-01,5.352983298776590182e-01,5.830669210825107918e-01,8.501163807958306284e-01,6.988621467287106093e-01,8.807037487272522114e-01,3.170219452220274792e-01,6.148250450836778569e-01,9.657472359185583777e-01,3.895059065397048492e-01,6.422948449263721216e-01,8.732702288867657536e-01,9.791387101565584006e-01,6.185278577199968542e-01,8.880366155039919329e-01,2.834941035398447218e-01,7.400122197678953295e-01,4.976084635373227982e-01,9.203666248402031513e-01,8.319507543846144104e-01,4.941116405714156556e-01,9.247711915605025812e-01,6.528654598545109433e-01,9.557102805468252749e-01,8.579229906324361554e-01,2.214107744612305029e-01,4.923484053931670434e-01,9.046024600016174810e-01,2.533198640860178652e-01,9.916984463815678996e-01,8.849635528209314206e-01,7.502636835544689298e-01,8.793638297461344733e-01,8.727028429358466566e-01,9.277750211465498609e-01,7.452321463975151161e-01,9.188987150259945169e-01,6.470631955044152672e-01,6.804196363712939899e-01,2.938470359711509161e-01,8.526825367179902138e-01,8.257597426961172937e-01,8.827730350943236992e-01,9.513955938485139097e-01,4.449769639098079543e-01,3.599910702996300671e-01,5.652236273006586709e-01,8.763919251258391885e-01,4.429564419903330719e-01,7.656324885110099565e-02,9.815728498325949625e-01
8.748851097864194237e-01,5.041953001023044001e-01,4.091183163883272966e-01,0.000000000000000000e+00,9.883357373404126900e-01,7.248974909804021260e-01,1.173544641262145583e-01,5.478515841789022289e-01,4.655642200539458209e-01,7.866378653805423671e-01,7.443381883593593873e-01,9.931695188107965144e-01,8.327999520614086659e-01,6.188258095244980606e-01,9.201060980170634451e-01,7.984331650613122333e-01,8.115895904181983367e-01,2.621757966140872975e-01,9.313370743410227526e-01,9.032099854723351084e-01,9.890625479332947334e-01,8.794538176709064681e-01,2.630965624286835114e-01,7.377448243529141081e-01,7.705957208617746357e-01,8.539291454653419322e-01,8.376420674441535930e-01,8.308490090608228185e-01,3.092655978942369099e-01,2.564292268806687147e-01,5.540552059665924123e-01,5.461724416140969485e-01,9.570267676947540325e-01,9.044026326366640944e-01,7.086416929531570430e-01,3.761441566305699924e-01,4.107078553898517725e-01,7.045948131873063236e-01,4.130727900653183293e-01,9.137509154491009200e-01,4.781841472415030436e-01,7.303403098771154012e-01,7.597263392349103972e-01,7.542525857606533490e-01,7.260587606289625739e-01,8.074752448936253213e-01,7.864417792685300945e-01,4.378030609993212030e-01,9.107059362827715221e-01,7.488546007673786420e-01,9.835941927257370043e-01,2.398355764125981171e-01,6.465729957610653056e-01,8.687186208032574575e-01,6.431625912482489271e-01,8.262625936927611159e-01,7.705348106090086358e-01,8.245467135327974040e-01,9.539069722958560815e-01,1.054301455628755546e-01,4.949746264807610707e-01,9.649372908588413900e-01,7.820207423839771188e-01,9.383170206982428541e-01,7.554696450484092995e-01,4.946477273240729722e-01,9.482216476162194096e-01,2.635917058431899163e-01,6.213629686445161227e-01,6.397134774975656857e-01,6.475085923081169703e-01,8.377170612365781865e-01,4.364895354887226020e-01,5.604850626881046488e-02,7.832242441179802783e-02,4.067074449584504037e-01,8.583701352640705773e-01,6.758221498035091868e-01,2.377588369981750716e-01,1.009776408976245377e-01,6.786533617930038398e-01,8.284368808117404948e-01,7.506039433468332245e-01,6.932873683405746945e-01,9.584993837118110926e-01
1.314525185615283975e-01,3.424982550407277282e-01,8.957873230915653906e-01,9.883357373404126900e-01,0.000000000000000000e+00,8.640242020951127699e-01,4.539954578030634402e-01,5.901813874788683911e-01,6.648599682986822135e-01,5.523784302679513036e-01,9.198432563236426107e-01,7.604876545825109968e-01,7.846459975791049146e-01,8.536274065953989298e-01,4.541210095095905563e-01,7.188511775508039658e-01,7.827266442009854774e-01,2.373642060593530723e-01,9.513861464058464001e-01,-5.567891272155936488e-02,8.944520672259717031e-01,4.632672602302738141e-01,8.613865144476025026e-01,8.571860190112893241e-01,7.091584328313481622e-01,6.503664087012450690e-01,8.706331506768812956e-01,2.433510890979984909e-01,7.734332427861899673e-01,2.121338495939827096e-01,5.472202230557678959e-01,4.343569855088418308e-01,7.157472652231512411e-01,5.192366718788666846e-01,7.535235575553131948e-01,2.394567232701149684e-01,6.516001213543324289e-01,6.268199258234498084e-01,7.899988241581301640e-01,8.511033526943319050e-01,5.812169659580639774e-02,6.175320006267229767e-01,6.058793398014968856e-01,4.594006813063304939e-01,9.869821180074705991e-01,5.695468924997439952e-01,5.976214948777054392e-01,4.039782134928288082e-01,3.915801672110051923e-01,8.791400163657479006e-01,2.350480767223350198e-01,9.110597719960070728e-01,7.945791545638969389e-01,6.930672874607920475e-01,7.046930885908772035e-01,8.117831400672378406e-01,5.895268073040000889e-01,9.205521716602168558e-01,3.194286996131282530e-01,4.652000995175277764e-01,6.388277397937240920e-01,5.647497346525606199e-01,8.511157717856879801e-01,9.270720931901608175e-01,9.510966978583846876e-01,9.795969738178749164e-01,8.443470506523774732e-01,8.647362443829358369e-01,6.897977039030968038e-01,8.487473385357627853e-01,3.619362035041557846e-01,9.255847017275378175e-01,6.654258459600475017e-01,8.594319352805460666e-01,9.657105527324993943e-01,9.059874729779315849e-01,6.146475423034044594e-01,7.271389805069494727e-01,4.152326575202355818e-01,3.636622019344898926e-01,6.220594690378681291e-01,7.814882788628607635e-01,7.102376251812839714e-01,7.314058664477778304e-01,7.468341452701409144e-01
3.478201126941202759e-01,4.262676069271435497e-01,8.504613603680776235e-01,7.248974909804021260e-01,8.640242020951127699e-01,0.000000000000000000e+00,7.335113944962776689e-01,7.961975367920860469e-01,6.466022210133284265e-01,7.228289570939341324e-01,7.220026001142869632e-01,5.029523292353108577e-01,9.515157295586893493e-01,4.047549062761282013e-01,6.606904008767167102e-01,9.508740155707539055e-01,9.076345148340251301e-01,6.011924030535645835e-01,9.313075145219056328e-01,8.675875261816745621e-01,9.656270220158164053e-01,8.842947792206529156e-01,6.728783655113056428e-01,9.441525907749030999e-01,4.325172373028494111e-01,5.169097285993721203e-01,6.241345575368623111e-01,3.247862973252442775e-01,5.881401939315042959e-01,6.734455985148555257e-01,7.762912665728066708e-01,5.944624578865956299e-02,7.292947133001859150e-01,8.093715778350083490e-01,7.449110719195215502e-01,5.511905670233607779e-01,2.220698248334498914e-01,5.010494727586767283e-01,6.629450339733324871e-01,9.229395094052189608e-01,9.675110740558168221e-01,6.225851302135001486e-01,8.278281752534338844e-01,1.506470344499905023e-01,9.708475738191035820e-01,5.721670767748510134e-01,4.679290179744278189e-01,5.863035397131723947e-01,6.419088763966992461e-01,9.003680013954739048e-01,9.409016340159210845e-01,6.477460181848038179e-01,1.073502801178183585e-01,7.593710147977305036e-01,6.842082357500334222e-01,5.807948717409869843e-01,5.045968584244329147e-01,8.750849006902007288e-01,7.318479925098337890e-01,5.290218279352207897e-01,1.768360569311888718e-03,8.874622954954497489e-01,5.254373188004041184e-01,4.453169733341397762e-01,7.764583252012968728e-01,6.958360823518112692e-01,9.877627572649845256e-01,6.963128272703370536e-01,8.735906334225421732e-01,3.462564157390933817e-01,8.043889880826879946e-01,4.197833527195580228e-01,9.873348422350261000e-01,7.671609159512219334e-01,7.402035369133187492e-01,5.187794601590534072e-01,9.638879391483373693e-01,5.281332930343901610e-01,7.005721172080641157e-01,2.736489418870312051e-01,5.654920769510998202e-01,4.253409885099650872e-02,9.566050618826058560e-01,2.716689097224789240e-01,4.842537800757152344e-01
9.016481658640196351e-01,6.257931144757663544e-01,2.626212471370204526e-01,1.173544641262145583e-01,4.539954578030634402e-01,7.335113944962776689e-01,0.000000000000000000e+00,5.999688521338462088e-01,4.768662862838500272e-01,4.074737186879754947e-01,6.706214519960114195e-01,9.779884299394525637e-01,2.472583348932912151e-01,7.414902153310996002e-01,5.374689789160654874e-01,4.757391811045294516e-01,6.167535478955457062e-01,7.084774778281265339e-01,4.808104872258405771e-01,6.130430123529650999e-01,7.654580881034307449e-01,9.396947092020674352e-02,5.611968555341700915e-01,9.205351141673046023e-01,6.681775485628017597e-01,6.324457171433582880e-01,9.155809916883965727e-01,5.743109802437382783e-01,4.097597018019046855e-01,4.668155985374892181e-01,2.004024771068071975e-01,3.199284874151953617e-01,2.628802867370032548e-01,4.312804545502877396e-01,6.377373364801146582e-01,5.303481305311298355e-01,3.980357628775771928e-01,7.920142294684486828e-01,7.431082005723383954e-01,3.712557866708350862e-01,6.025053343042656717e-01,5.955117134864158779e-02,9.391296796266912494e-01,3.538900969220541981e-01,8.659616453066124597e-01,6.714691655059836783e-01,7.025956876664628536e-01,5.667978166137530582e-01,4.908142168830319507e-01,4.477931640187312601e-01,7.560564116119822264e-02,9.756751923130514426e-01,5.418661261438677545e-01,7.822205502345959127e-01,4.288296757541464888e-01,7.818437856808708730e-01,2.220367602956671849e-01,3.643437883286323453e-01,6.276628221997627710e-01,2.316728400895121665e-01,4.042521846201559965e-01,6.838821285389559135e-01,7.501979032211422149e-01,9.535795728190766818e-01,7.898623508803640503e-01,5.456285780732645918e-01,8.566380264312319914e-01,8.812611058495536387e-01,6.448640156970937565e-02,6.066877726447827968e-01,3.115155230875392700e-01,5.141436332430783240e-01,2.942561959720475517e-01,2.944646281097054175e-01,4.612286359046421369e-01,4.215956279716542299e-01,5.083084140831755082e-01,3.111106535917187443e-01,5.822707492796148632e-01,3.744763665528605401e-01,5.815587808681760285e-01,6.235442958018323489e-01,7.888690662948304455e-01,5.490762180095667411e-01,8.075014331561620740e-01
8.538400389964597714e-01,5.302440604438620753e-01,9.391036663745068180e-01,5.478515841789022289e-01,5.901813874788683911e-01,7.961975367920860469e-01,5.999688521338462088e-01,0.000000000000000000e+00,7.653317224971583066e-01,7.479159713986156532e-01,6.075475987308200931e-01,4.083592637411941340e-01,6.242848054901121158e-01,4.639538937949270192e-01,6.839194741455369986e-01,3.077221306210359830e-01,8.436072770673784804e-01,4.149480158062066604e-01,9.089236797123374512e-01,9.875514397317437520e-01,8.337317430160424703e-01,6.064799948279800956e-01,2.235506222608050209e-01,9.631829668343664386e-01,9.895821415212399108e-01,2.232909388592859978e-01,3.399202669463415871e-01,6.473773976672118069e-01,2.458989517479400200e-01,6.608288906095146631e-01,2.000533959587859623e-01,8.341433855748180415e-01,6.910636713819641175e-01,5.368164199235770928e-01,8.227951560583488533e-01,5.797019437927781738e-01,6.738629175091371826e-01,5.836190826559981559e-01,3.934145766864904359e-01,2.281274024589637073e-02,5.795836374907131772e-01,6.866447542848345131e-01,4.489744366818386734e-01,5.425186589413575344e-01,8.819989298776387265e-01,9.895258940853712826e-01,6.044415513471064205e-01,2.463464607293915365e-01,6.843233553851761908e-01,5.473389693958090607e-01,4.072057800059343258e-01,5.255059632590408647e-01,6.232906304455833046e-01,4.162731102879824174e-01,5.113421344188791018e-01,8.729272371228671279e-01,5.840414895466332634e-01,5.131013903133169185e-01,8.841287452137392977e-01,6.410716055853997730e-01,2.650458898969306754e-01,7.620080505659750925e-01,3.511338990861762044e-01,7.132208271196548433e-01,5.628522914288991430e-01,5.061609581861182816e-01,6.044592363333890495e-01,3.061150375517328048e-01,5.413954853494989949e-01,7.102250420027422795e-01,9.959795659762378239e-01,6.028114021385613253e-01,2.466185837355698920e-02,2.007442027360319403e-01,9.453998144385559188e-01,4.091519872395041335e-01,8.887953480359588321e-01,7.052433672092162098e-01,4.634001462771949464e-01,4.756116992770382801e-01,1.180029602672503231e-01,6.272697610471162921e-01,9.601392552878209585e-01,7.494118677189294253e-01,8.313617323455091412e-01
9.356814018170209746e-01,6.128123077002030072e-01,5.442826902206180373e-01,4.655642200539458209e-01,6.648599682986822135e-01,6.466022210133284265e-01,4.768662862838500272e-01,7.653317224971583066e-01,0.000000000000000000e+00,7.998740278887395139e-01,4.503462009209521222e-01,-6.085157161524226699e-02,9.837070732689157104e-01,4.093167316190620686e-01,6.077236703602274526e-01,3.434252892344039076e-01,6.084835638607855035e-01,5.710052071427356157e-01,9.992479782448149273e-01,6.249585820019506466e-01,9.020941179301236179e-01,4.481399204607980913e-01,6.169435648930260419e-01,8.116823856196040410e-01,5.787684353894095857e-01,7.853735863560659114e-01,4.264995005956815355e-01,4.088870070728659600e-01,7.735429759412951745e-01,4.733150366698872236e-01,4.771644742689005736e-01,6.706702095736105651e-01,8.137802363883407386e-01,8.930652365906487367e-01,3.347123238231489717e-01,6.193421056201973141e-01,3.535402986917327572e-01,4.553001688637770550e-01,5.491280660198433194e-01,9.577351361239594407e-01,6.353273571004316445e-01,8.777628072173810914e-01,4.541856555048106592e-01,6.965650249633947855e-01,7.068821048284725794e-01,6.571645766216354101e-01,4.412904216300821414e-01,4.305443313207509837e-01,7.205440562439320296e-01,9.376819221753006639e-01,6.811967806822297744e-01,7.253229083813594880e-01,9.255440316294517578e-01,4.215744880802174688e-01,5.958419887611821064e-01,7.112558308955183595e-01,6.245144618260703995e-01,3.221645703815569917e-01,7.718771221245285252e-01,2.310069100332018677e-01,4.689800652621022858e-01,4.654345655986238950e-01,6.983993103916709133e-01,6.277481732669177861e-01,9.327899791766972593e-01,4.752803539090573182e-01,3.193947383279545360e-02,4.329265146986460699e-01,6.158063163781055671e-01,8.863975819874133633e-01,7.826669933024568149e-01,4.651122192338115191e-01,4.348701745079409653e-01,2.966196347406727107e-01,2.537282575265495943e-01,5.705276648025786601e-01,8.723870277097575121e-01,6.641833875102789442e-01,3.536930514465567166e-01,5.898429803708490349e-01,7.956789292675839897e-01,4.648183568735521076e-01,5.124802602943718810e-01,9.899281460910883124e-02,8.628176840330442632e-01
8.950427312301516558e-01,9.958932865622169839e-01,4.996729039589151156e-01,7.866378653805423671e-01,5.523784302679513036e-01,7.228289570939341324e-01,4.074737186879754947e-01,7.479159713986156532e-01,7.998740278887395139e-01,0.000000000000000000e+00,7.901025834940906822e-01,3.202828076261693968e-01,9.460224200756169877e-01,3.479803772544771134e-01,5.589105679409198668e-01,7.356842613404461773e-01,8.048573241345312601e-01,7.459901510239664857e-01,6.284714517671921019e-01,7.979526736307220869e-01,5.865097032619580597e-01,5.099441301811543648e-01,6.436700055941557697e-01,9.904048227965285278e-01,4.297954061182860386e-01,8.103006301160251557e-01,6.268536255403016622e-01,5.134351949654892833e-01,6.283475196002158425e-01,3.219655517264166655e-01,-9.310753238449358260e-02,8.016429346178473025e-01,6.917671041879944749e-01,7.190083120822672313e-01,7.901246044095527887e-02,4.944032274962737450e-01,4.206066939305946883e-01,7.411103940601369011e-01,7.578859625196954219e-01,7.081940870162001245e-01,3.533057075564817184e-01,7.789835842693296764e-01,7.801290230231361367e-01,2.333645352960776465e-01,6.621522007715250346e-01,5.708390203327553536e-01,4.957873035173704923e-01,6.428461390726674107e-01,6.013465163825354454e-01,6.351559143986797995e-01,3.714264774884266096e-01,8.189632399658502981e-01,8.590733392909142285e-01,8.399323933759718086e-01,9.957586305212240418e-01,8.130499629070601086e-01,8.030923151156934559e-01,8.533151894467472243e-01,8.031113430690870469e-01,2.192535066711415181e-01,7.506509144790660670e-01,7.374420177184406455e-01,8.210760102420787687e-01,8.977633745039209634e-01,8.725819941297953131e-01,8.016123018992435956e-01,9.154692746515443735e-01,8.022590876486275224e-01,3.617354986999443689e-01,7.967551467069990956e-01,9.185508161923493509e-01,2.147048468156273759e-01,6.244742377768068842e-01,3.021858075199002069e-01,4.208955933745401889e-01,9.468175532560471064e-01,6.560573030657121940e-01,7.027683244661090400e-01,3.949493449281408219e-01,-1.665578920698600751e-01,6.851915795358589634e-01,9.199349995785309764e-01,4.929292344883886012e-01,2.709122657930769229e-01,1.817489828354249271e-01
8.259054214286626339e-01,4.755213464833872861e-01,8.197089870284335333e-01,7.443381883593593873e-01,9.198432563236426107e-01,7.220026001142869632e-01,6.706214519960114195e-01,6.075475987308200931e-01,4.503462009209521222e-01,7.901025834940906822e-01,0.000000000000000000e+00,6.731752401894151028e-01,5.109742917395247996e-01,7.350901702733344534e-01,9.875353898836078947e-01,9.587960651128714096e-01,7.703254876403033968e-01,9.536144708149516536e-01,6.109326158602892409e-01,8.799612184743851317e-01,9.522852032399907740e-01,6.643965634473703030e-01,8.872078271829197949e-01,9.224224293510732142e-01,5.207810631057074868e-01,5.264261831278339576e-01,7.460653730546913387e-01,5.400449864215978169e-01,3.606351071241258310e-01,6.846683093516637841e-01,1.582515464527197990e-01,6.794218770251629902e-01,8.375788259989986884e-01,4.570254040677207419e-01,7.005218012604590427e-01,6.652779459781746896e-01,3.593427723028674858e-01,9.674196808645421086e-01,9.588325404734231450e-01,9.992406016574757466e-01,4.491812333847339245e-01,5.388408314584768322e-01,9.942742088746441276e-01,8.268004113846815217e-01,6.196081243595955579e-01,8.664575874948459155e-01,9.446851193765375410e-01,3.925749572801288667e-01,6.733651898742899489e-01,5.908496226933305229e-01,8.295622325686687892e-01,7.257678113932940489e-01,7.945557973239263383e-01,7.381151787322476343e-01,4.765355512214125011e-01,3.083908842680146978e-01,9.840780793158777628e-01,8.344224914514342117e-01,7.211463055448271708e-01,5.174831244110015271e-01,-1.460577909944441588e-01,6.699353398997246467e-01,8.793077359478083110e-01,9.956516436528050074e-01,6.507563027164292579e-01,8.053780772262708609e-01,8.041281830503770323e-01,9.497063790931956628e-01,4.334719364026622390e-01,2.578149926400590819e-01,3.198458229499018257e-01,4.843392839022481744e-01,5.271945595795098916e-01,4.659666569717006990e-01,5.350752261451257041e-01,8.381712058941993559e-01,4.637341868461312688e-01,5.554950021631512858e-01,5.445042983621588978e-02,5.565623386516348470e-01,6.974803857142184427e-01,6.717331468253002758e-01,8.821484776712152920e-01,7.623220020695653520e-01,8.439598108944226240e-01
5.142943638001312712e-01,5.399088482996138305e-01,6.733490248492144392e-01,9.931695188107965144e-01,7.604876545825109968e-01,5.029523292353108577e-01,9.779884299394525637e-01,4.083592637411941340e-01,-6.085157161524226699e-02,3.202828076261693968e-01,6.731752401894151028e-01,0.000000000000000000e+00,8.318814342961241559e-01,7.878808476542678019e-01,6.904534730670346399e-01,8.320043087369642931e-01,7.886097086523846666e-01,6.364388171703783126e-01,6.728586534449356726e-01,7.786236744287277078e-01,6.804967662776422177e-01,6.381262017288569233e-01,6.090532893281174198e-01,8.678333751924161010e-01,7.029992733719805376e-01,5.170943993802580296e-01,9.828187814424967916e-01,6.676762315105800871e-01,6.855332242925423758e-01,4.915946920606242276e-01,4.246345056322606837e-01,7.955576760084316357e-01,4.180466128690031313e-01,7.587866978370961801e-01,7.251851949558910659e-01,5.529666736070777411e-01,2.487150409054459388e-01,8.401862555872771088e-01,9.206109580721449914e-01,3.943122785418934351e-01,3.849020270200900207e-01,6.777448507276920830e-01,6.152805636067217865e-01,6.492817929734319149e-01,8.907196737121922947e-01,4.225385718092641851e-01,8.726021132949899339e-01,7.697010416193498239e-01,7.823474767304435806e-01,6.846322240549491678e-01,6.742756144658570427e-01,7.748560396894385027e-01,7.156572857690942646e-01,9.074850518745236627e-01,2.278420133389963409e-01,5.546671269834145823e-01,7.194965569263659377e-01,6.348474769973353471e-01,8.494082721376648992e-01,6.088209865142287791e-01,1.743703760735404451e-01,7.055484203501121154e-01,4.549102239070585973e-01,6.439030115029735768e-01,6.611913669061252330e-01,7.108657421006320254e-01,2.526903027312470407e-01,7.471517649877138512e-01,4.159701067250538009e-01,2.273023359211264471e-01,8.242261167902716901e-01,7.567878776783132366e-01,4.941079760081658057e-01,7.757196851342716970e-01,3.309110848461622734e-01,9.074035788880755460e-01,8.373509043042992595e-01,7.126972942392554300e-01,3.194217819227183064e-01,2.320904149454804943e-01,3.728214836014003691e-02,7.261962056834878609e-01,8.672032630653880858e-01,7.582232317359937079e-01,5.353098714293696991e-01
8.664723169189799679e-01,9.655280475115060046e-01,8.853598229752146498e-01,8.327999520614086659e-01,7.846459975791049146e-01,9.515157295586893493e-01,2.472583348932912151e-01,6.242848054901121158e-01,9.837070732689157104e-01,9.460224200756169877e-01,5.109742917395247996e-01,8.318814342961241559e-01,0.000000000000000000e+00,4.071619910630450145e-01,3.114412551533642382e-01,8.340293540343257650e-01,5.177260032275781132e-01,6.696475290853025619e-01,9.042847845774805160e-01,5.033908527915962328e-01,8.613993728999386201e-02,2.109501488351442008e-02,6.369139195631196015e-01,7.567806203425991862e-01,3.142179850772088279e-01,9.503814164582600199e-01,6.596754625828544771e-01,8.430660669786008699e-01,4.503107852176174153e-01,4.651605629957363264e-01,7.405072056734126607e-01,4.596323457034514059e-01,6.935610999452492820e-01,4.151375810614266193e-01,4.769109025455258721e-01,7.979386339483418578e-01,4.560407204339807230e-02,8.961600652240429010e-01,2.289987563726524900e-01,6.169735574519323862e-01,4.855090443403285438e-01,2.714410205809397736e-01,9.544804117119896070e-01,9.437075989164785961e-01,4.562640533654588326e-01,9.503694070338305488e-01,8.136774329629835600e-01,9.175693361922075963e-01,8.732530477270408209e-01,3.213448371009708371e-01,7.321781674646896665e-01,8.073245176502533704e-01,7.178656323820327145e-01,6.956161377657820166e-01,2.503018370303352613e-01,2.906000792638042673e-01,6.842846079446435192e-01,4.754612869533192399e-01,7.420998488651979752e-01,5.920538261565019278e-01,3.568615796068976831e-01,6.871298728072476880e-01,9.841503139842613379e-01,5.065613977619070063e-01,8.753921938001185676e-01,9.414860530005841888e-01,9.693123102294151083e-01,9.147320942048865478e-01,7.486428907001853039e-01,6.545458663631117391e-01,8.758053939257316456e-01,8.667929293089533527e-01,5.191052367789511512e-01,5.757904467944205962e-01,3.741791318347090223e-01,9.352805370373679095e-01,7.538607574424719404e-01,5.702857352441531580e-01,6.737031098245035432e-01,3.020953772718149577e-01,7.618496580730041434e-02,4.107732936770953636e-01,4.306954636982535112e-01,4.940450731676286900e-01,9.399951104923867096e-01
7.671251509154237702e-01,8.104465523713206832e-01,7.616593396118425119e-01,6.188258095244980606e-01,8.536274065953989298e-01,4.047549062761282013e-01,7.414902153310996002e-01,4.639538937949270192e-01,4.093167316190620686e-01,3.479803772544771134e-01,7.350901702733344534e-01,7.878808476542678019e-01,4.071619910630450145e-01,0.000000000000000000e+00,9.967428170899201856e-01,3.309284658049094774e-01,6.006313815372897880e-01,3.740690390435714718e-01,9.016110081507723306e-01,8.595978227918859016e-01,6.416022523044181414e-01,4.226710752117934233e-01,6.139464862755512620e-01,6.999960937792500948e-01,5.518190695094338238e-01,8.711013366035535999e-01,8.522303790857586048e-01,8.626981377040209287e-01,5.290613950398417309e-01,5.500531790067215709e-01,2.927617376169821539e-01,1.799587921193892825e-01,4.022251979124127352e-01,4.904031068800109305e-01,9.050103746169444463e-01,4.156129065487023100e-01,-1.721614624884981737e-02,9.206240440526608504e-01,6.190213179991064241e-01,9.248601136233041142e-01,5.974605342368612959e-01,5.822165065060200817e-01,4.525899291818655801e-01,8.884295935266640631e-01,7.972441631154174591e-01,7.912138359107814267e-01,6.088398699196073682e-01,1.367958759229510324e-01,7.624147717221327891e-01,7.111709133721917375e-01,6.856399703200977136e-01,5.653670037404024962e-01,5.354012733291935167e-01,9.377205074045291688e-01,4.876532072111026683e-01,6.665197527754972429e-01,7.976716973074031714e-01,7.435700368748642264e-01,6.216129680216763154e-01,4.478047873376105881e-01,4.979711954148463016e-01,9.927264512625673110e-01,8.029115886030135929e-01,7.663097598239156927e-01,5.719748878063136699e-01,5.650975898971445366e-01,9.547535443733137228e-01,4.113951047931752592e-01,1.112804869483342146e-01,4.947059040083323644e-01,4.485913746021351067e-01,9.215984825134616587e-01,6.219682099512295892e-01,5.543860532935261931e-01,6.786202668442755659e-01,7.265153668461270531e-01,5.636702949390967055e-01,4.936291407836520539e-01,4.964321434285806078e-01,6.793128588900275711e-01,7.632459334414747332e-01,8.011773717122873117e-01,9.109247342533658420e-01,3.807633372671551109e-02,4.288532030539120576e-01
5.150364291033329156e-01,2.842175434205908569e-01,9.527696422842982793e-01,9.201060980170634451e-01,4.541210095095905563e-01,6.606904008767167102e-01,5.374689789160654874e-01,6.839194741455369986e-01,6.077236703602274526e-01,5.589105679409198668e-01,9.875353898836078947e-01,6.904534730670346399e-01,3.114412551533642382e-01,9.967428170899201856e-01,0.000000000000000000e+00,6.370613756305103514e-01,9.664709568225917646e-01,6.928559153210047672e-01,8.011640061723255268e-01,7.696311230823550398e-01,9.600073511993393316e-01,7.460568527379576320e-01,2.240097126868580424e-01,6.083467256443466642e-01,7.730810031024428763e-01,9.508018302940143274e-01,2.306330779015886012e-01,8.531692378084634321e-01,2.386331524530793669e-01,4.455422007781290605e-01,3.817980528310475075e-01,5.417445275025217777e-01,9.131459675353502670e-01,2.878000553964494834e-01,5.106423271683196985e-01,3.730683131237445549e-01,2.403334917056650089e-02,4.322710914995451237e-01,7.726798361572839724e-01,6.779894967035227094e-01,4.320720404902291256e-01,8.643968267976488429e-01,6.176346898214923886e-01,4.202773288721227685e-01,9.202413555480899454e-01,8.735302329956058376e-01,5.660468965647138528e-01,7.702972179074487613e-01,7.298571412049861262e-01,7.084108560234392282e-01,6.590174654702206647e-01,8.893151566191882518e-01,3.162239822842841108e-01,9.583872958831011202e-01,4.236635108454380183e-01,6.812707868811895828e-01,7.935870572648267007e-01,7.258451365187212900e-02,6.671493664651269029e-01,7.100223475621014746e-01,4.957320264351829930e-01,9.296032916952721159e-01,7.368853111852671223e-01,7.051852040484443140e-01,6.209776888323658151e-01,6.176508801442935903e-01,8.479980754488916084e-01,3.619843636500825190e-01,9.207009943415118691e-01,4.953989870699396780e-01,8.479998135185504715e-01,6.056501018921153223e-01,2.342743754613679785e-01,7.728488915542294224e-01,5.751052549412392079e-01,6.808402853142607736e-01,3.260152946768183346e-01,4.889295927803323782e-01,5.833637773917823566e-01,6.128321081112291652e-02,7.158882980686238628e-01,7.439343495071920609e-01,9.535908451073125125e-01,3.040242322463870273e-01,8.372590402540431853e-01
9.344191305160799432e-01,7.299031004996032745e-01,9.635363080332627339e-01,7.984331650613122333e-01,7.188511775508039658e-01,9.508740155707539055e-01,4.757391811045294516e-01,3.077221306210359830e-01,3.434252892344039076e-01,7.356842613404461773e-01,9.587960651128714096e-01,8.320043087369642931e-01,8.340293540343257650e-01,3.309284658049094774e-01,6.370613756305103514e-01,0.000000000000000000e+00,8.174092479684688106e-01,5.122425096452770665e-01,6.352200316097083022e-01,2.535575263213139113e-02,9.578981431840200012e-01,5.394114242698019313e-01,7.658767354093525270e-01,8.476667590096885752e-01,4.536815107449592155e-01,6.909426054654146387e-01,6.413238081519483380e-01,8.039113592806915731e-01,5.269089383771549118e-01,6.076558533322089506e-01,2.768544177710350329e-01,2.930381844118228329e-01,7.489137283843013693e-01,9.426545532529767568e-01,8.251483581680300050e-01,4.398539786610376479e-01,6.602252736335443295e-01,4.322694592583453850e-03,9.644313537420944327e-01,9.874427897588495817e-01,4.440948284708851612e-01,1.768126250633204888e-01,8.878307488759388244e-01,8.557432789867779332e-01,8.613688161303498791e-01,9.049106091274177199e-01,4.938597405996683620e-01,4.052412088308742222e-01,9.078151385231967296e-01,5.044324074857022833e-01,5.387272876665263333e-01,9.241174952519650709e-01,8.414503860350575071e-01,-2.743284420614017227e-02,9.329860341631363019e-01,9.191967156080029788e-01,5.276034835008569512e-01,5.045858994327629965e-01,9.949054211632825107e-01,3.628166645134227597e-01,7.242842890519152199e-01,7.351752597488970808e-01,4.743807254311622201e-01,6.694754320409610493e-01,9.356536478965487014e-01,6.248532708236864686e-01,1.111854372414372849e-01,9.866557795804197228e-01,1.055287169022924854e-01,7.775828115012521913e-01,1.112396547105986983e-01,6.851165997827713960e-01,2.902404090554746574e-01,3.354821502427385305e-01,6.747102138547589334e-01,6.546395432036505868e-01,7.394779601327406970e-01,6.767536849950224198e-01,5.896887565619799432e-01,4.958120168756428581e-01,7.843082407858985583e-01,6.713211243484172863e-01,8.317316734982156401e-01,5.457985491671066836e-01,9.953112458086841308e-01
8.773018314901732673e-01,7.755172817663891216e-01,9.170191717278147747e-01,8.115895904181983367e-01,7.827266442009854774e-01,9.076345148340251301e-01,6.167535478955457062e-01,8.436072770673784804e-01,6.084835638607855035e-01,8.048573241345312601e-01,7.703254876403033968e-01,7.886097086523846666e-01,5.177260032275781132e-01,6.006313815372897880e-01,9.664709568225917646e-01,8.174092479684688106e-01,0.000000000000000000e+00,6.231176007096398406e-01,6.202787707321534283e-01,8.228861918923512375e-01,6.008365710219238931e-01,6.910139855539016995e-01,6.156413582561518494e-01,8.668198041929399134e-01,1.466597916282454984e-02,8.336042695370183830e-01,5.329107702133545343e-01,7.982014868520885820e-01,8.123565763641925341e-02,5.630486407759507372e-01,2.195213394938291818e-01,7.383360103514389206e-01,9.370469347046453956e-01,8.357482728470133626e-01,4.627358487989847169e-01,3.387860940975295776e-01,5.807631556532513173e-01,1.001518337789662483e-01,9.725693754496963495e-01,4.985115546976077727e-01,3.853300578290388412e-01,4.532269467208012159e-01,5.121646111581649174e-01,7.822619023412872297e-01,8.964524571473817538e-01,9.282566802563381181e-01,4.243270318735344881e-01,4.845483575621168937e-01,8.021861902694894519e-01,6.198759137913182338e-01,8.874910029131265476e-01,8.858876101196763164e-01,9.649546819739873715e-01,9.987986104008491628e-01,8.672959190871977198e-01,7.110252450610718977e-01,6.654537415444656823e-01,6.060462622347170258e-01,3.634962955772864657e-01,2.260619860498163380e-01,3.391598065374821225e-01,9.214278660922833319e-01,9.035673671184535349e-01,3.389708855082358419e-01,8.394575235013171932e-01,5.332825351225574106e-01,6.480964406459421845e-01,6.956500945253075718e-01,-1.573711191056867409e-01,2.007191617160237196e-01,3.495877122217003752e-01,5.441918120496587186e-01,8.045876871151301513e-02,6.322464315154256997e-01,8.859605851624331452e-01,2.478786296021057989e-01,8.867313439818562681e-01,8.971835960701902701e-01,7.074701007506221107e-01,3.289907606220903169e-01,9.267217067596882352e-01,3.689512356143445637e-01,6.457876535056347178e-01,6.483094140430432084e-01,8.925915710976507489e-01
5.558480688761175958e-01,6.220361065858677208e-01,6.174322025185299267e-01,2.621757966140872975e-01,2.373642060593530723e-01,6.011924030535645835e-01,7.084774778281265339e-01,4.149480158062066604e-01,5.710052071427356157e-01,7.459901510239664857e-01,9.536144708149516536e-01,6.364388171703783126e-01,6.696475290853025619e-01,3.740690390435714718e-01,6.928559153210047672e-01,5.122425096452770665e-01,6.231176007096398406e-01,0.000000000000000000e+00,7.892743258505073856e-01,7.614320607550633113e-01,4.962818960653380129e-01,3.293060201825636080e-01,6.303344622084985360e-01,9.643679544354163413e-01,9.413391503024173268e-01,6.441600876996005365e-01,7.709776808324636521e-01,7.294871203404061921e-01,6.837976471811105794e-01,2.631477354016945602e-01,4.125505787219029830e-01,9.017721144056239924e-01,6.753630994369399509e-01,8.926666039410433573e-01,3.365788513216952937e-01,9.931353597377710063e-01,3.228067434756543008e-01,7.679762851404500212e-01,8.133063822239526841e-01,9.793455065386130753e-01,8.692353190047618083e-01,4.868123466088271067e-01,6.030632619738939271e-01,8.969646000382123230e-01,7.129531016848986713e-01,8.918164914798786258e-01,6.819897664551830552e-01,7.726969463869477472e-01,4.531370146048704362e-01,3.203774351882980320e-01,6.173152031719043586e-01,8.892569540736485756e-01,7.282150191786144200e-01,7.804706912278197573e-01,6.203662626306274408e-01,6.876162414862528882e-01,7.370361365668720577e-01,4.834353638656128660e-01,7.993123748046322419e-01,6.030127520942115682e-01,2.495683955762345030e-01,4.669341247254807370e-01,7.770077012796354765e-01,7.095019693357478285e-01,6.803044503893116435e-01,9.134975083100070892e-01,6.196812124964393709e-01,4.421760634509427357e-01,6.367841268803484667e-01,7.321861516903037659e-01,6.745722668750443463e-01,6.539090393239843646e-01,6.628001066078273995e-01,5.275918362347629120e-01,4.466806787090108477e-01,6.104936001490591790e-01,9.033323053834512173e-01,6.245737423801268617e-01,4.359395035933953944e-01,5.665562551153164872e-01,4.979807871812728104e-01,1.650114299495673287e-01,8.404137836292391306e-01,5.881645924240581635e-01,6.388105197915665556e-01
