0.000000000000000000e+00,6.991805793534799918e-01,9.871819837856168345e-01,9.921272520014956520e-01,9.716452236241618357e-01,7.492079286032269358e-01,6.700947315013046079e-01,9.684380405559924743e-01,6.270627759560938319e-01,8.093746262611637432e-01,9.360549860362942232e-01,9.131256103588635265e-01,6.507535107397595109e-01,3.587115853304859714e-01,9.267905403478853277e-01,6.587221480303432353e-01,8.795330359418201960e-01,9.635607488903872309e-01,8.213899891699291134e-01,4.987189783638565910e-01,8.268918018069291165e-01,9.460893891125979893e-01,9.355465381877323683e-01,7.654008285465803141e-01,9.523104928722502249e-01,8.662465504286145368e-01,9.048066074325120667e-01,-1.634173056293347082e-01,4.824203703718849545e-01,6.390487166459725143e-01,1.324798974822688769e-01,4.064732239785340817e-01,9.180020633396220875e-01,6.816044584281928387e-01,9.166062528554448363e-01,4.849644987526881557e-01,1.457612085855808093e-01,4.098429972379374897e-01,6.036377562599117841e-01,9.522080106378927322e-01,-6.446117658953612328e-02,9.048331569382260797e-01,8.083053656387423347e-01,8.548671184042343496e-01,8.389482570660277139e-01,4.689161832606084657e-01,7.968225392592845902e-01,8.674341679978210262e-01,7.356873161501363834e-01,8.875716895008655127e-01,8.213693635299014195e-01,7.725690026328440041e-01,8.273200412153046690e-01,4.983957756195060984e-01,7.771065249279374143e-01,7.063442728179425423e-01,5.530370888025828435e-01,8.645029651761315659e-01,6.440097727631365343e-01,6.148888811376616026e-01,1.988209284073387539e-01,8.630976504506344682e-01,4.880863258913863412e-01,9.181495874277167957e-01,9.662614188338711774e-01,7.886469804293194663e-01,9.703265559286470276e-01,8.818155738474768857e-01,9.223351710424719796e-01,1.420651049432815165e-02,8.408537581588182430e-01,8.902965195682258637e-01,3.536873751598208493e-01,1.966014538825109348e-01,9.756058953871589168e-01,5.104153454355206954e-01,6.197443623249688782e-01,4.160173427732256624e-01,4.977300427983439857e-01,-1.249794733304344652e-01,8.835589720911056766e-01,8.106210150941348669e-01,7.127532845507178472e-01,3.956405455656378800e-01,7.442026120581464177e-01
6.991805793534799918e-01,0.000000000000000000e+00,9.478808551268834703e-01,8.443978383524581854e-01,8.663970419436236581e-01,7.397764467815677314e-01,5.909711219536213367e-01,7.983067372384949900e-01,8.240471660909685081e-01,8.279631267332664413e-01,6.294166660272527691e-01,6.522291637497981132e-01,7.809536017778910821e-01,6.161160459615436791e-01,4.482397486012077437e-01,4.715818107015490313e-01,5.504348033795393169e-01,8.775116704474034135e-01,7.656245949140421114e-01,9.148137943959633311e-01,9.766800081516856524e-01,4.383339775396414284e-01,6.589256501371193453e-01,7.459051404558409981e-01,4.475261644848105846e-01,8.708760819559291377e-01,9.256614535255162091e-01,7.045810944535438880e-01,5.910188774891309560e-01,3.766082013946563389e-01,4.314684388385612301e-01,7.067468813737658173e-02,4.402074430225306201e-01,8.387866492869271440e-01,7.526505058052077590e-01,7.898690214893715478e-01,2.615932663934083524e-01,9.867388832219129435e-01,9.137860464849033582e-01,6.980587316985052970e-01,2.113445118564223624e-02,8.509374933929224616e-01,8.146990689569956201e-01,9.527601966836325431e-01,6.798899662519305442e-01,7.286837251217855860e-01,7.047872762465202667e-01,9.338513292352671469e-01,7.645540991456224456e-01,6.249147884952240828e-01,7.340620162035254026e-01,6.518426356993142212e-01,8.036601993231060614e-01,7.564804748877129725e-01,7.947026534492007688e-01,9.407615654351403345e-01,4.965606321981015370e-01,9.297136120296509709e-01,8.811195766501953575e-01,5.157352765207531275e-01,7.192678276972809259e-01,4.833657175103746040e-01,6.286284198056982797e-01,6.078340454209912869e-01,8.083519281962429082e-01,4.532759390918726927e-01,5.659957528408190441e-01,9.281278890474796706e-01,6.817231702498099954e-01,7.607208868900727783e-01,7.385949823758954924e-01,2.072093874113341561e-01,7.829391836978760733e-01,5.192674346678712860e-01,4.651886129002948955e-01,6.508566708098465492e-01,7.347884607340735563e-01,9.206682077731366265e-01,3.666522329688129966e-01,5.033810272656876750e-01,2.934390010574244312e-01,7.148870828726491267e-01,9.285856626119775026e-01,5.723713173992833747e-01,9.376712823572771471e-01
9.871819837856168345e-01,9.478808551268834703e-01,0.000000000000000000e+00,9.528707157241252945e-01,9.912784752016923218e-01,4.242268974200885112e-01,9.186089873636144043e-01,9.347026301003883431e-01,4.391122682318023274e-01,8.295865504851845929e-01,6.481044730750538108e-01,7.396769447253065399e-01,8.558657838722512068e-01,8.091445024074065406e-01,8.689461407317211616e-01,6.248777140059206259e-01,9.045557078266477369e-01,4.371338440666858727e-01,4.921841999609894991e-01,8.099929296192767136e-01,9.448677655240178552e-01,6.471679898835667188e-01,9.199436583489427610e-01,8.011052668090485884e-01,9.497784583110796541e-01,7.131243661462646211e-01,6.934809247827264933e-01,6.373519945568908440e-01,7.409114918484935863e-01,7.491873167109514009e-01,5.859068137915002250e-01,8.674006692340130442e-01,9.342005653769507312e-01,6.998251078345076870e-01,9.749794132977571692e-01,4.763804962143865507e-01,2.282801709689027125e-01,5.555283404539774761e-01,9.077612819599378824e-01,6.150676026041952404e-01,4.937330220697636052e-01,9.265528686434292283e-01,7.273674449353820792e-01,8.363274905924436009e-01,9.064744597244274171e-01,6.160174343390676377e-01,9.202756645365736121e-01,6.753407153732756685e-01,7.413381271774754921e-01,6.249895594789441899e-01,7.290836810331109419e-01,9.142620947398180098e-01,6.829174344614051817e-01,9.747783196426916819e-01,7.768963238428685525e-01,7.447752193142318511e-01,9.759123723469129708e-01,8.639592817803110059e-01,8.716987449069864002e-01,6.255838006287436359e-01,8.964874145818870765e-01,8.224643588959495988e-01,5.137053532584902049e-01,7.750893748098088842e-01,8.861954003525700507e-01,7.429950865922123615e-01,9.238366128741137828e-01,8.586442915467452641e-01,4.869495189136909263e-01,8.333463667446671108e-01,8.968336652728536862e-01,9.645638090279272658e-01,3.140845896274525040e-01,6.864049022679287182e-01,9.644214437360016934e-01,9.131406513586176610e-01,8.830583283967639030e-01,6.730547427926190096e-01,5.159415357509117284e-01,2.960141847225284395e-01,8.352075788494307540e-01,9.522980563314038527e-01,9.416421989175856044e-01,8.666104930683075080e-01,5.759514743910544299e-01
9.921272520014956520e-01,8.443978383524581854e-01,9.528707157241252945e-01,0.000000000000000000e+00,8.658654710162498880e-01,9.215884661235842490e-01,5.053587154056742303e-01,5.419791749314144536e-01,7.620676006683270165e-01,8.327488564790253012e-01,9.512426147044070746e-01,7.184860221682121129e-01,8.583442314607709900e-01,8.776106655578765903e-01,6.982887538159443519e-01,7.594716624714159536e-01,7.853353338246570337e-01,9.554403350671611950e-01,8.514080089556467223e-01,-2.546174396109393001e-01,8.318681493848004704e-01,6.863200093953708558e-01,6.391474054522908732e-01,8.794708948710528995e-01,6.325537876699254269e-01,8.167769124091108779e-01,9.665958413872520749e-01,7.373029010839300401e-01,3.103997588996627033e-01,6.224067378687229146e-01,4.400720972921722263e-01,4.113373413320663419e-01,9.194429208478211990e-01,7.978722693461595128e-01,5.596129616637334214e-01,7.669647542643052152e-01,3.811413458484791839e-04,9.854807481634171307e-01,6.984338953168307551e-01,9.248103293555589577e-01,9.516152471719481476e-02,6.876441358191645037e-01,9.656593576594685313e-01,9.411687004944698787e-01,6.134358669221382510e-01,7.244344209478901231e-01,7.020123449181793207e-01,6.853431783738100913e-01,6.174789959287583230e-01,7.427688327180919092e-01,8.046047731927500335e-01,4.838683418953399484e-01,6.287872682538357960e-01,2.548307641075673313e-01,7.694915229268224355e-01,9.969593020060454336e-01,7.071282601856059280e-01,9.574238525487006601e-01,8.967454927422762179e-01,6.293925046340731466e-01,2.545261196193727704e-01,8.921382711819761946e-01,8.703914480861361103e-01,8.297450594914113076e-01,6.099542675114841828e-01,5.752660363732051696e-01,7.419951640292911099e-01,9.780867512055498869e-01,6.316503630883308906e-01,6.874073366235167182e-01,7.605977742397914687e-01,4.138844206465932540e-01,5.291912749043907738e-01,4.390682600243046019e-01,5.575222404370252516e-01,5.009946028566870657e-01,9.543730504559509997e-01,6.707769643065195631e-01,4.199695273979146548e-01,5.359729820855254623e-01,1.741290271316940919e-01,2.363814373192746343e-01,4.266176193768955183e-01,7.357679240347689831e-01,9.765767752488856424e-01
9.716452236241618357e-01,8.663970419436236581e-01,9.912784752016923218e-01,8.658654710162498880e-01,0.000000000000000000e+00,8.619145610998460993e-01,6.080917040281347274e-01,7.483775629416753450e-01,5.480991873268841186e-01,-1.092623432649933446e-02,5.350604908580670616e-01,6.770789125604189662e-01,6.448892325195512143e-01,5.992538338230084527e-01,5.124189606443095846e-01,8.003978138733529590e-01,8.667354547106009832e-01,8.052731439599692953e-01,9.279411333700287035e-01,7.546678710182338490e-01,6.148573200543567818e-01,3.077082756319200474e-01,9.882607342823739316e-01,9.435790947362161507e-01,4.638934719952582664e-01,8.922482491921788217e-01,7.471522771340832758e-01,4.109341240341882751e-01,2.996914366156763210e-01,3.242532164420926510e-01,5.464357818272231881e-01,2.250357349799148865e-01,9.069267857318198400e-01,8.411612146808628010e-01,7.415533913481607842e-01,7.858790949980236640e-01,2.463617430893224325e-01,5.310654845217466224e-01,9.660390461746377611e-01,9.056907535922954500e-01,3.127157356916401287e-01,8.857966125533031088e-01,6.660013968576444787e-01,8.966942274654271516e-01,6.621519719970007101e-01,7.517546492288220694e-01,7.522600747596567272e-01,8.069031622247236912e-01,3.509835833270881222e-01,6.282373310605672279e-01,7.103948523567076290e-01,4.003055188645805451e-01,5.237002387293396843e-01,4.372255721265060902e-01,6.880927558585689940e-01,6.717092137154401232e-01,4.286377232110616387e-01,4.585130824066393496e-01,5.202974887591231834e-01,4.318042830841513635e-01,6.700534199583597639e-01,7.616628096934519032e-01,6.194335283091810807e-01,6.097205677141589453e-01,1.952835112584939137e-01,7.347718895686949914e-01,7.748422701886709119e-01,4.914964491110123124e-01,6.134329199918802100e-01,3.678740746146357821e-01,9.919832410608360185e-01,1.478280024660566794e-01,5.418200142859646018e-01,5.276793260573613420e-01,9.886871926591284110e-01,8.037423545919408774e-01,6.757910312439405764e-01,2.404263967202238672e-01,4.900958487614703873e-01,5.740107444587423391e-01,7.237790630008792414e-01,8.864336613243470886e-01,4.559963763691090577e-01,4.796734855475470738e-01,4.524440391838331355e-01
7.492079286032269358e-01,7.397764467815677314e-01,4.242268974200885112e-01,9.215884661235842490e-01,8.619145610998460993e-01,0.000000000000000000e+00,4.576333878152599732e-01,4.374029996737919257e-01,6.656603622063860248e-01,3.787043279582347211e-01,9.093265788910355196e-01,2.394838173275521120e-01,8.258564967614707708e-01,6.535376127526690837e-01,6.942894788835682895e-01,6.949516600164113989e-01,8.964365151343227645e-01,5.766642569358632064e-01,7.872043783633794201e-01,9.582235258328151151e-01,4.259533167212569693e-01,7.878771540067880386e-01,7.412121166144188811e-01,7.062314577303184793e-01,6.542452425305390618e-01,6.991905486243958634e-02,4.348243332438521680e-01,7.329623571199963550e-01,5.126664374146279179e-01,4.923211371518139146e-01,2.490263112545514912e-01,7.150283369894950836e-01,6.602466393077578433e-01,7.599747145812355553e-01,6.373916895949501837e-01,2.137335407155536715e-01,4.675003753747232205e-01,6.482306757608260472e-01,9.653091872087332659e-01,6.644869937809014804e-01,2.588030116288618787e-01,7.508444699783577425e-01,4.350122874079531687e-01,9.803176162808516780e-01,6.422254002047602661e-01,8.683228257033942521e-01,6.887649224195483422e-01,9.225473583034631275e-01,3.623236924084002886e-01,4.838371773433599587e-01,7.069524822386135110e-01,6.578169316854839410e-01,5.984205279088838925e-01,3.662159843197798637e-01,8.571070903449994338e-01,9.224940974708958352e-01,6.508928606501123149e-01,7.329969449323875397e-01,7.701817174207503669e-01,8.225180297460039647e-01,-1.508440570814820192e-01,8.613460156413358382e-01,6.262863524434072460e-01,8.649410746654677684e-01,8.376376261090600073e-01,7.653556980097071527e-01,7.242046932706334150e-01,5.348362879956318761e-01,4.934014427464233354e-01,7.228833214338612478e-01,7.654800372988765922e-01,6.657254152528858659e-01,4.635846546132843526e-01,4.191757848458889102e-01,8.265376976151581623e-01,9.599620400762642891e-01,6.001409622089100004e-01,9.085378166978925751e-01,4.236343175530532523e-01,3.112216752522745100e-01,5.625214160657333595e-01,6.985525194263960680e-01,9.620260326920412330e-01,4.476533685687035802e-01,9.598520689258371874e-01
6.700947315013046079e-01,5.909711219536213367e-01,9.186089873636144043e-01,5.053587154056742303e-01,6.080917040281347274e-01,4.576333878152599732e-01,0.000000000000000000e+00,5.641633937258261344e-01,3.837343566809875428e-01,9.713986997683436986e-01,7.579384854530790694e-01,8.595979307806178582e-01,8.690861361725992218e-01,5.869364473478564381e-01,4.852739001014719222e-01,5.139074931528793133e-01,9.574528922439646816e-01,3.560447813178079235e-01,5.865440715387418846e-01,2.627643543313736840e-01,9.514332267025861212e-01,8.840574414230083500e-01,2.878528003900983068e-01,6.870848526455040073e-01,4.743432152962240300e-01,7.650026635538882402e-01,7.732272232069909990e-01,6.169722467633558249e-01,3.975894297425500712e-01,5.248596459788195112e-01,1.682738572344585626e-01,6.814533334637929984e-01,5.579504786881905876e-01,4.485792818507851054e-01,7.336149873791362186e-01,4.618307898080705187e-01,6.790627243965902116e-01,4.325130175636078267e-01,8.438902817226250352e-01,6.129618656761594009e-01,-1.985819277120601245e-02,6.501959718154002310e-01,9.279208078141246707e-01,5.387754785384146761e-01,4.795959168499017711e-01,2.042943526338005245e-01,2.973117419673242945e-01,4.599098847771169174e-01,9.504343022068182378e-01,5.295715859433248740e-01,4.662907144419755068e-01,7.655071229830198165e-01,4.940844980112711893e-01,2.919183420155525566e-01,4.679920553962393925e-01,4.554977038747662910e-01,3.145427941433514007e-01,6.302525134009208108e-01,8.805017402802634008e-01,3.782990248596204697e-01,5.278120490435995737e-01,8.103430760462243532e-01,3.108949469919530806e-02,6.745120768452109727e-01,8.194836133132262779e-01,7.391317071716284604e-01,3.098422344846827881e-01,7.331066307113741631e-01,9.492074723100949463e-01,8.781011643074468909e-01,4.167339112186935202e-01,5.848216164484514312e-01,7.701066298453522752e-01,2.675657352298395075e-01,5.646269869616384884e-01,4.086979373468467847e-01,7.141485764788979562e-01,8.738079847999328242e-01,4.003636147838839920e-01,5.213801131004499601e-01,2.796723863967600643e-01,6.776180047547485374e-01,5.580354475638614753e-01,2.072812887263356108e-01,8.499466639008779190e-01
9.684380405559924743e-01,7.983067372384949900e-01,9.347026301003883431e-01,5.419791749314144536e-01,7.483775629416753450e-01,4.374029996737919257e-01,5.641633937258261344e-01,0.000000000000000000e+00,4.721397405483465093e-01,6.310650568833419127e-01,8.866463245275136851e-01,2.212160264980655155e-01,2.363065681470345458e-01,6.137868711477448835e-01,7.906813932902698738e-01,7.774536742254999355e-01,8.957577598293130494e-01,6.590710166997061359e-01,9.959204513142334569e-01,6.945609182649886693e-01,9.238049814675187710e-01,3.060461806022691800e-01,4.433465070684436959e-01,9.292989682937957685e-01,7.999927015826682197e-01,6.244096675255824680e-01,8.638067323395065555e-01,4.300667193022623680e-01,6.514698079219943816e-01,3.928419521372918943e-01,6.259689653112081309e-02,2.999821383449265411e-01,5.806438499950339338e-01,4.444163520416625213e-01,3.807438524595309071e-01,2.996019811731134505e-02,5.608751230747096583e-01,5.515224868058455909e-01,8.357509676510447294e-01,8.972837733769593038e-01,8.569430271060307636e-01,5.913578996562737222e-01,4.262692898426720944e-01,5.147960784461599326e-01,9.841052538109709147e-01,2.600279175124927677e-01,7.164311629399444659e-01,7.530727594379543754e-01,3.812856800811463831e-01,9.188054400308046654e-01,7.746170018976513694e-01,2.248232256779748306e-01,4.936914323020533679e-01,7.179324640236418587e-01,7.251251486866094886e-01,6.821861657381956823e-01,1.998947479865941235e-01,5.923803618237468704e-01,7.282590153771039132e-01,5.938275631026761481e-01,4.999128463985470505e-01,7.189950261446622637e-01,9.720843504702429971e-01,9.379030451752243813e-01,9.116652085992170695e-01,4.689729566898970248e-01,5.624147733217517153e-01,7.633943958263020857e-01,5.840494986007552791e-01,7.056029685477043234e-01,6.100866906371228415e-01,7.056233377410857655e-01,-8.155276958824819733e-02,4.633135037646052279e-01,5.886278250313761173e-01,6.831210737597053217e-01,7.380680040113034579e-01,7.646942266214118433e-01,5.475142365339163986e-01,6.833894789287016380e-02,7.727814943398118031e-01,7.382934231988045326e-01,8.192307903490532173e-01,6.136847481982058428e-01,4.988042798355653007e-01
6.270627759560938319e-01,8.240471660909685081e-01,4.391122682318023274e-01,7.620676006683270165e-01,5.480991873268841186e-01,6.656603622063860248e-01,3.837343566809875428e-01,4.721397405483465093e-01,0.000000000000000000e+00,5.262584708160941149e-01,9.747125797114828405e-01,7.534326583290557044e-01,4.450806089955323674e-01,9.806655275611572131e-01,9.038513459483366042e-03,6.462188611697607943e-01,5.417419191505625786e-01,4.094897393233914440e-01,6.128102730440385670e-01,6.251983447959793549e-01,7.460738277081586656e-01,9.525672726914058419e-01,6.089620537659797828e-01,9.606103104224306133e-01,2.386859028182140019e-01,6.601854496679424589e-01,8.339806863555691008e-01,7.364530657969923233e-01,9.862096029379470441e-02,7.319577084767397990e-01,2.026768022712454875e-01,1.264100566449138374e-01,4.673237902984334613e-01,5.467086518648643922e-01,4.356568134654547619e-01,6.927962789009634026e-01,5.337270322468203876e-01,6.395481937533876726e-01,4.212163607833837031e-01,8.355917142889335292e-01,4.163581542223240284e-01,6.264142221238709896e-01,9.390858029923933037e-01,9.962685734088101430e-01,7.957426413144649269e-01,7.552677039988546781e-01,7.514274845089217170e-01,7.543098154682821299e-01,5.183244438337726301e-01,8.903658654693490382e-01,7.344673725156912747e-01,7.167611987872685164e-01,5.371297380686399503e-01,7.014750749627854942e-01,7.645926972061498628e-01,6.813124976092287399e-01,7.359705858526597311e-01,7.892852751545207379e-01,8.244558608774408270e-01,5.338371844205761496e-01,5.008559594394186298e-01,5.252299726106615108e-01,7.584066343525510678e-01,8.124942422853095314e-01,9.222811205265005752e-01,6.919025245230921994e-01,8.055876372886707770e-01,8.850042493451039105e-01,7.918796526408813374e-01,7.932066974034623907e-01,7.904006928479021532e-01,3.716963724573819627e-01,4.022153269655042718e-01,3.415135801109634439e-01,9.107656395676911876e-01,3.675983960284636698e-01,4.391570559825667686e-01,6.350398259494931530e-01,7.656260223267095932e-02,2.051007323176330943e-01,-1.318143309913860084e-01,9.045422549623090003e-01,6.489197087995945967e-01,7.605964539417526815e-01,6.652746911244089567e-01
8.093746262611637432e-01,8.279631267332664413e-01,8.295865504851845929e-01,8.327488564790253012e-01,-1.092623432649933446e-02,3.787043279582347211e-01,9.713986997683436986e-01,6.310650568833419127e-01,5.262584708160941149e-01,0.000000000000000000e+00,8.824120305055891400e-01,7.576637387296897286e-01,9.118658328858425532e-01,6.158237745996679724e-01,5.816451577390100436e-01,8.037626192006048775e-01,5.023657128050961207e-01,9.223320409116118057e-01,5.344097979644134577e-01,7.310216302884610107e-01,5.814333697413734958e-01,7.360054610844370959e-01,8.289922460115884961e-01,9.221941751531574916e-01,6.217562703525484347e-01,7.903496323590868400e-01,8.309790792992046704e-01,8.585766598899727819e-01,6.131899742813230469e-01,4.843936678180683630e-01,2.683905585425016005e-01,4.749630590144970355e-01,6.326665967136837487e-01,8.328550162543054691e-01,6.189186734166057802e-01,2.639085963845653748e-01,5.171499954217849693e-01,7.995956486508943861e-01,8.807926767208379415e-01,6.164399883659271717e-01,4.220859090303136774e-01,2.867360041687853633e-01,6.583298984646175356e-01,8.882861921754330314e-01,8.763649033315390469e-01,8.235794253393711184e-01,7.542062537792556531e-01,5.303851234580310159e-01,5.146140394694538323e-01,7.442034484097129754e-01,6.509991339785019537e-01,4.942400490997975737e-01,4.415658118111569497e-01,8.402892783349655836e-01,9.848524920820322937e-01,6.858910734037305668e-01,2.729232520435560527e-01,6.339957990544332622e-01,7.187666258625936555e-01,3.849143019140780497e-01,3.332786463154251422e-01,4.637452936983101903e-01,3.881674363218733381e-01,6.678835619910050703e-01,6.221602148885024830e-01,8.614446091251619642e-01,6.396157220017387735e-01,9.389314459007418456e-01,6.801272866948770979e-01,2.844942469339571400e-01,9.263883453298509263e-01,8.804257364935310637e-01,6.551420712587435746e-01,3.993057831777481193e-01,7.156037742933755164e-01,8.554569422621842723e-01,9.538204249125322720e-01,2.670512974284087182e-01,5.666653425361032337e-01,7.018927689512867163e-01,2.389369640677609097e-01,6.842875244454591499e-01,8.225461599730666817e-01,5.752184671924276405e-01,3.147307800511354170e-01
9.360549860362942232e-01,6.294166660272527691e-01,6.481044730750538108e-01,9.512426147044070746e-01,5.350604908580670616e-01,9.093265788910355196e-01,7.579384854530790694e-01,8.866463245275136851e-01,9.747125797114828405e-01,8.824120305055891400e-01,0.000000000000000000e+00,6.264296616656331862e-01,9.150940512745450173e-01,8.987137798435794744e-01,9.692864278410306955e-01,6.782524695124779734e-01,7.970971957989237966e-01,6.906363931466690254e-01,7.173776260492500390e-01,8.998108950005058171e-01,9.297230616050426999e-01,2.400724957694265471e-01,8.486125806091547874e-01,9.265802717537702238e-01,7.448883589872952182e-01,4.765081865787631488e-01,7.768233574193655899e-01,4.019146265233860538e-01,4.967841976435407036e-01,6.693012037425096761e-01,7.019475259262570876e-01,7.708135024714161121e-01,4.012142041670780923e-01,9.261939308791794501e-01,7.158754389687673747e-01,5.302772963803072948e-01,3.242665985684187874e-02,3.460600290128061363e-01,9.572358459897539751e-01,5.595874142247541094e-01,4.369011505118751137e-01,8.970630125866437821e-01,8.719144718176532471e-01,5.454076006962921275e-01,7.924033698347432431e-01,8.662669581468740443e-01,7.686521741079437309e-01,6.769552503993969683e-01,9.797535736273332851e-01,7.248338061719538095e-01,9.373937937482903493e-01,9.800416378235117243e-01,6.114825783588930808e-01,5.556141958601945596e-01,8.730034603809885274e-01,7.430018845530619309e-01,6.950547725464124582e-01,7.137496340317055488e-01,9.142749613614421511e-01,3.426950799982098061e-01,1.651529593611287261e-01,9.759956807588876515e-01,9.296753698939727029e-01,6.261472223014015182e-01,9.545114378888251983e-01,5.781886464024180716e-01,5.871584747729837739e-01,7.757013703223187839e-01,5.454867924948153535e-01,6.037122944602981711e-01,9.967652447550893191e-01,8.237372130939724091e-01,5.646978276750620473e-01,7.455236299396426902e-02,7.868537826306484240e-01,7.975171895221719875e-01,7.169965971941908434e-01,8.903889219346537987e-01,9.118001882821912263e-01,1.829735449251062296e-01,4.709962357405835798e-01,6.971632160958344260e-01,7.372992674601803742e-01,5.647310634054690803e-01,5.867899494061533661e-01
9.131256103588635265e-01,6.522291637497981132e-01,7.396769447253065399e-01,7.184860221682121129e-01,6.770789125604189662e-01,2.394838173275521120e-01,8.595979307806178582e-01,2.212160264980655155e-01,7.534326583290557044e-01,7.576637387296897286e-01,6.264296616656331862e-01,0.000000000000000000e+00,7.071104523815904264e-01,9.193344709377178070e-01,7.753859115137246016e-01,8.592365068523405425e-01,8.076262354312728764e-01,5.166361751081692821e-01,4.943549392248302587e-01,5.070848950238617814e-01,9.532278867989509852e-01,6.455189653434485475e-01,3.265721264168909288e-01,7.383497325888501717e-01,5.223029041806783734e-01,2.811478201462524473e-01,5.247079255939695042e-01,7.295259406067144958e-01,5.933017279273690159e-01,6.963783140549267836e-01,5.142573174720086460e-01,6.854717776506970006e-01,8.575991127376516587e-01,3.786363736775486544e-01,6.307044750261651123e-01,2.929237239007888016e-01,5.290414201934694471e-01,5.669886196329139150e-01,9.468547726388726327e-01,9.590874046045038126e-01,2.113058874115344432e-01,7.004193280788959530e-01,6.199716352771559302e-01,6.508671931084912821e-01,8.079877115047613412e-01,9.602042302394394602e-01,6.144630064846231532e-01,9.806458839505814984e-01,6.533900391420591758e-01,5.499629203406039002e-01,2.528443858651276965e-01,4.529249732293462172e-01,3.879728948309013603e-01,3.759734048788466731e-01,7.245352849996203881e-01,8.943824892716989439e-01,5.893723621472364282e-01,9.515369176854457933e-01,9.585458985063016746e-01,3.482973882210967931e-01,7.426009650597100720e-01,2.930625086011651725e-01,6.099023242769620046e-01,2.110133704032190471e-01,4.977028014870920058e-01,9.835415474495190491e-01,9.180728509331483878e-01,9.074466023393638059e-01,4.567390240004706725e-01,7.581981502988992538e-01,9.945895215533044897e-01,8.854838176798803806e-01,4.616411036791207567e-01,2.420071709792467329e-01,7.383800082896455619e-01,6.537899449520966355e-01,9.458908150751954569e-01,8.726395724545612520e-01,4.716036639932730257e-01,-1.963796396226712149e-01,4.000623718366986825e-01,9.058918410966942947e-01,8.482754286661202681e-01,2.666973604701060041e-01,6.145823462170292295e-01
6.507535107397595109e-01,7.809536017778910821e-01,8.558657838722512068e-01,8.583442314607709900e-01,6.448892325195512143e-01,8.258564967614707708e-01,8.690861361725992218e-01,2.363065681470345458e-01,4.450806089955323674e-01,9.118658328858425532e-01,9.150940512745450173e-01,7.071104523815904264e-01,0.000000000000000000e+00,6.935345909866235115e-01,6.657624386975666830e-01,9.292872807885944608e-01,8.155404249038338271e-01,7.505113075989047200e-01,8.116947717165067244e-01,8.844878751984525111e-01,5.614735900181198058e-01,7.001888114215985004e-01,4.579402675419211310e-01,8.798137478197914918e-01,5.532316024062028381e-01,7.306177074844983910e-01,9.872596623580458530e-01,7.178298687923956312e-01,7.001639483885794268e-01,5.257317670720733638e-01,6.922462599704710673e-01,2.028785997328531598e-01,2.456124531449369042e-01,7.733269679151152376e-01,6.285167774690216813e-01,3.580329418667228536e-01,3.323600139009052490e-01,9.305899569028366347e-01,8.467170784422911600e-01,6.310458281961173199e-01,4.929755819020054664e-01,7.720957324206172423e-01,5.309802293142169560e-01,3.969973024118785832e-01,6.570804391920923582e-01,1.291866799302167912e-01,8.186758597764034473e-01,5.443402764216791478e-01,6.334902729181722814e-01,6.629183537369661705e-01,7.795429134668895310e-01,9.998541228705406514e-01,9.518630810042112422e-01,7.412888174885781112e-01,5.678165747183764323e-01,8.654697021563642068e-01,7.801924645424178628e-01,8.506256749788735361e-01,6.139168980103051343e-01,4.038943900929838904e-01,5.311908158214390108e-01,6.969983430446774486e-01,7.666234633927241360e-01,7.316396686615774803e-01,9.140287085427926117e-01,9.838565562012195898e-01,5.920103068335182961e-01,9.608160186080190179e-01,6.381565599168685932e-01,7.962300979538993184e-01,8.806116766930806028e-01,7.390827392301785315e-01,6.215151452559526390e-01,3.018165461330318822e-01,4.631961356335929647e-01,9.004805169009015842e-01,4.851504325646939786e-01,3.478626190812643681e-01,9.316405529479465653e-01,6.156306303902558952e-01,4.303710105615466963e-01,8.626264995918739853e-01,7.302245814860617301e-01,3.061210155547957612e-01,8.908927433892858128e-01
3.587115853304859714e-01,6.161160459615436791e-01,8.091445024074065406e-01,8.776106655578765903e-01,5.992538338230084527e-01,6.535376127526690837e-01,5.869364473478564381e-01,6.137868711477448835e-01,9.806655275611572131e-01,6.158237745996679724e-01,8.987137798435794744e-01,9.193344709377178070e-01,6.935345909866235115e-01,0.000000000000000000e+00,4.199734603802634525e-01,9.280614246176761561e-01,9.737632720490112526e-01,3.759835078123791030e-01,9.700396735865945974e-01,8.646489378456293506e-01,8.626368252327836217e-01,6.726377072507280230e-01,1.196876043368005071e-01,7.453942011415565227e-01,6.080781943834743242e-01,7.073728221084778500e-01,6.840554221419470338e-01,8.590140674379520558e-01,4.070486940895609029e-01,2.167195290012455255e-01,2.572913143305854966e-01,5.822184789515424397e-01,9.525053520891368919e-01,3.579100135452195630e-01,5.026883382944563605e-01,3.335165745652284297e-01,3.903851248738269275e-01,3.263315690655234080e-01,9.692858125658743162e-01,6.217577968056510196e-01,6.694756322394660453e-01,5.610260062891540001e-01,6.217947012583071587e-01,9.119451371222357938e-01,4.407779692049078046e-01,7.103359360723187077e-01,9.423884687762468237e-01,9.939185069106803994e-01,7.945781476882569638e-01,5.176588496946673557e-01,8.073433269502752196e-01,3.309636128949284828e-01,6.412632762220943361e-01,8.662720482499289831e-01,8.764032467252985681e-01,4.838374669091942137e-01,4.732711744802406972e-01,6.999484286803179245e-01,9.576108509816070313e-01,9.909489696911830681e-01,6.419283323305592370e-01,2.623160747495233980e-01,7.703585595895484639e-01,3.570538119268203969e-01,8.244925711770759724e-01,4.215530881506462241e-02,8.568307182436168956e-01,8.421223960453965152e-01,2.962096559418547770e-01,5.819253569706621665e-01,9.019261076507860686e-01,9.317163709878346634e-01,3.830793593363890359e-01,5.956159085745943438e-01,7.151963676546471138e-01,9.707673968628621752e-01,9.193872476519706627e-01,6.770392549985627673e-01,5.408641531971242200e-01,5.071754433154440633e-01,7.048031189104542182e-01,4.930565463295398798e-01,6.520754256734183629e-01,6.916677892302439679e-01,7.892220284581803469e-01
9.267905403478853277e-01,4.482397486012077437e-01,8.689461407317211616e-01,6.982887538159443519e-01,5.124189606443095846e-01,6.942894788835682895e-01,4.852739001014719222e-01,7.906813932902698738e-01,9.038513459483366042e-03,5.816451577390100436e-01,9.692864278410306955e-01,7.753859115137246016e-01,6.657624386975666830e-01,4.199734603802634525e-01,0.000000000000000000e+00,9.658595111688192958e-01,-1.685533895093217216e-01,6.189849154489195371e-01,6.646767582241599470e-01,9.741100550647244782e-01,5.476279146314447788e-01,7.128706867756889887e-01,4.587944542154720473e-01,9.710986174599364196e-01,7.805631846670976204e-01,5.348564531160016067e-01,4.695567868556773106e-01,3.417993259431646447e-01,5.749255001177977498e-01,7.744917757952853865e-01,7.482096923023191515e-01,6.545072536964147147e-01,-8.007915197152049025e-03,5.828643369368811111e-01,4.476714739219668782e-01,3.522923353963894888e-01,3.571808185337551067e-01,2.433222285277714114e-02,8.714673871587323983e-01,6.878622231946275312e-01,5.528190291173235016e-01,1.996643421630028004e-01,9.683637421173263427e-01,5.861875709625523623e-01,6.128462743437038673e-01,2.194833975646558744e-01,7.735877525695331602e-01,3.134748631377615169e-01,6.214110654070514883e-01,4.455479040086537945e-01,2.067782234470245950e-01,7.362960725703261433e-01,9.288198707583062985e-01,2.836047910318099108e-01,8.399749016993353079e-01,5.515769563487931126e-01,6.508855843993122114e-01,2.449047542132925248e-01,7.603854736887645238e-01,4.964823770692103344e-01,8.194825880625283832e-01,7.090716636074381185e-01,8.164847279266748137e-01,8.486291893634764216e-01,8.111498042014294585e-01,5.087024350711467635e-01,8.374951868005416911e-01,8.733314829202911689e-01,3.622308931442649316e-01,8.269659449970608867e-01,8.265490090830932557e-01,8.072133195681091555e-01,3.453830068984374835e-01,4.100262016823094102e-01,7.114227094310311417e-01,4.551366679384069025e-01,8.858876510486894951e-01,4.207602401951330839e-01,4.748530376559143562e-01,4.823736485847068267e-01,3.783851805871594198e-01,9.697562303619672308e-01,7.073964983765713699e-01,9.680623981912439557e-01,5.490724228970622622e-01
6.587221480303432353e-01,4.715818107015490313e-01,6.248777140059206259e-01,7.594716624714159536e-01,8.003978138733529590e-01,6.949516600164113989e-01,5.139074931528793133e-01,7.774536742254999355e-01,6.462188611697607943e-01,8.037626192006048775e-01,6.782524695124779734e-01,8.592365068523405425e-01,9.292872807885944608e-01,9.280614246176761561e-01,9.658595111688192958e-01,0.000000000000000000e+00,9.067248462497893291e-01,7.978365131601863336e-01,7.959549910550747231e-01,6.243843096944639015e-01,7.736544690303475136e-01,8.277675319524498976e-01,6.020479476357905035e-01,6.616068922222719806e-01,8.761573638213410176e-01,7.337684871866535508e-01,6.343200173493038774e-01,9.736797147373413841e-01,2.804965270081545281e-01,6.421926402762350161e-01,6.953821440585735703e-01,4.166121420475450421e-01,9.159422210867067538e-01,8.133774578025374513e-01,7.576055276238846670e-01,6.509506750484355120e-01,4.395819923925828321e-01,6.018948692727106309e-01,2.888101784020675744e-01,4.185436532836146750e-02,1.096140301324226643e-02,7.142831337235007183e-01,9.394459112437572035e-01,8.854226621885853410e-01,8.115344339215670999e-01,8.962590422213160268e-01,8.826908016873056262e-01,4.930976599886668921e-01,6.626880464258564363e-01,6.749801649800886150e-01,6.348408601281324559e-01,5.530001251030558507e-01,5.322064385938153341e-01,4.041095459582187965e-01,8.181160416863046958e-01,4.255974695816529541e-01,7.106322314251101169e-01,8.036267307401121496e-01,5.911532143742541656e-01,4.050566434099169832e-01,2.142701630501628873e-01,6.749907383235744796e-01,7.583826113377090117e-01,9.319750292940650604e-01,9.876754018766338294e-01,7.910917852872993983e-01,2.501392834032917234e-01,9.807516080246727608e-01,3.447356328042987528e-01,7.596366938327450136e-01,4.537673980171244570e-01,4.686648247193899719e-01,5.766034896272178578e-01,2.518792974653605854e-01,7.366868791635649005e-01,6.929743134831850560e-01,9.620926213111659075e-01,9.815632126518216705e-01,5.023142921304390995e-01,6.198864998609158183e-01,7.232140542940637129e-01,9.250326848425737269e-01,5.004081256261392330e-01,4.114484813782268852e-02,9.662777695118923704e-01
8.795330359418201960e-01,5.504348033795393169e-01,9.045557078266477369e-01,7.853353338246570337e-01,8.667354547106009832e-01,8.964365151343227645e-01,9.574528922439646816e-01,8.957577598293130494e-01,5.417419191505625786e-01,5.023657128050961207e-01,7.970971957989237966e-01,8.076262354312728764e-01,8.155404249038338271e-01,9.737632720490112526e-01,-1.685533895093217216e-01,9.067248462497893291e-01,0.000000000000000000e+00,8.477836982505069230e-01,7.429891660127196928e-01,9.787435452265580427e-01,9.803871617879025280e-01,5.509779963637655431e-01,6.694984099926803989e-01,9.865794415679570717e-01,2.972920599763139715e-01,2.939754261888389841e-01,9.947804013881476060e-01,8.220627365367799699e-01,6.050607884462136932e-01,2.482683876785291011e-01,7.524526374175511956e-01,8.309019977170617466e-01,5.407038898905588420e-01,6.278110029951030624e-01,6.490465985240058133e-01,3.229014480427876976e-01,2.667092869964325930e-01,9.076977994229109559e-01,8.500272360753935441e-01,5.253330751032305734e-01,6.178110777403010845e-01,9.750365562198994862e-01,5.130724421162432547e-01,6.633578442167625822e-01,7.489781078947576054e-01,4.502974854856778286e-01,8.440128909110790056e-01,5.222707366970542608e-01,4.210580874332329748e-01,9.386417099539532405e-01,9.797327159527099427e-01,7.331584877503247721e-01,8.591064937632337806e-01,5.056665661688954927e-01,8.401178887735702983e-01,9.155336576092265588e-01,9.567286104677112935e-01,4.978628069175913273e-01,6.075257679233009300e-01,7.415447231090194213e-01,7.738701465456051531e-01,9.046356280337550793e-01,5.399575733909536268e-01,8.501899661261531627e-01,9.596400642719310481e-01,8.051407344850912695e-01,6.920354632530152372e-01,5.443225050359998818e-01,2.565735311442713384e-01,9.922334516181883224e-01,7.188948280154134896e-01,8.819005543990311446e-01,5.490646263605460931e-01,5.039962515712225199e-01,4.389100489583248610e-01,7.451774423563053418e-01,7.704997846840908604e-01,9.055788094945886879e-01,6.569220787002544304e-01,5.664648919045675024e-01,4.465022310561413410e-01,6.456925810257039267e-01,8.542839873224546965e-01,4.175821215034730693e-01,8.100038839082194242e-01
9.635607488903872309e-01,8.775116704474034135e-01,4.371338440666858727e-01,9.554403350671611950e-01,8.052731439599692953e-01,5.766642569358632064e-01,3.560447813178079235e-01,6.590710166997061359e-01,4.094897393233914440e-01,9.223320409116118057e-01,6.906363931466690254e-01,5.166361751081692821e-01,7.505113075989047200e-01,3.759835078123791030e-01,6.189849154489195371e-01,7.978365131601863336e-01,8.477836982505069230e-01,0.000000000000000000e+00,7.575102959547845849e-01,7.496601244148307641e-01,6.248321178474416371e-01,6.185189877245502732e-01,7.007300245438119468e-01,8.460941647444371050e-01,5.987172742247054424e-01,6.966413504047014316e-01,4.861068353439267353e-01,4.878608434778876068e-01,3.371015100944509957e-01,7.283986556242870725e-01,2.721290183236230176e-01,8.837935446001251583e-01,5.322992344270165432e-01,6.067033525196187105e-01,7.367993071177294517e-01,2.954992598271088955e-01,3.875440358023940490e-01,7.583461024542988982e-01,9.209969270726100499e-01,6.880906675468970723e-01,4.496403061883301744e-01,9.097471430008237103e-01,-9.969855452879056168e-02,8.105448820469963733e-01,9.062486501771578329e-01,8.371715704875930530e-01,2.640393639024097294e-01,7.757775713935499695e-01,3.643038494111267567e-01,8.504777071472129357e-01,6.534849520369445663e-01,9.408857385601852030e-01,6.478266180993232926e-01,3.790482110299453478e-01,9.346816736895813271e-01,3.988113402834909671e-01,9.060765973462933109e-01,9.098136869452387865e-01,8.784224305342920314e-01,8.822120274498866932e-01,3.074367444447426712e-01,2.417885968506703065e-01,6.323381032930406320e-01,9.052599607214487643e-01,8.149892305239391233e-01,2.234727871383074826e-01,4.862101576967845507e-01,8.520295215435951253e-01,6.144415130484512932e-01,9.923826555682380146e-01,4.581438393824692756e-01,5.620638637905917001e-02,3.954658921443978126e-01,4.465506823252985424e-01,7.214576058466364294e-01,5.432642601132564586e-01,6.527752364050454226e-01,4.175761843189576550e-01,2.218498473082315958e-01,7.271361331221872781e-01,4.254283226070214585e-01,7.256686270618952772e-01,7.963152171539742419e-01,8.840221107864690842e-01,3.671485169915817970e-01
