0.000000000000000000e+00,8.339098029789463462e-01,5.384726171840776843e-01,4.417975642823980809e-01,7.959119873956361779e-01,9.856522565187783025e-01,5.412551139067600658e-01,8.134164187280570335e-01,9.525533756773294503e-01,8.461593020581449354e-01,4.122741113952651526e-01,8.915109802947850381e-01,7.306591068467310768e-01,9.879830103561895172e-01,6.704637049459815090e-01,8.665730805761627797e-01,5.228429285114880587e-01,7.524897468981910365e-01,7.658169902627580683e-01,8.162699791679960404e-01,7.043589629615779613e-01,9.762229203003021105e-01,9.424704772221649263e-01,7.800864521708472665e-01,8.497695986391141654e-01,2.247662989935134692e-01,2.618637249528760202e-01,7.552668088222933562e-01,5.659397176805192053e-01,4.204953602688755177e-01,2.678201241304022928e-01,8.670831986347984355e-01,9.932778764087644152e-01,7.084714251135205698e-01,8.865925087409947114e-01,9.211899528185631958e-01,4.387242286948948022e-01,9.078307691884616171e-01,9.466759858849371767e-01,8.752190089141212992e-01,7.763374684048419683e-01,8.212101067521576647e-01,5.519858687903567152e-01,9.281161430568529713e-01,9.287370205182180483e-01,9.230863160109588073e-01,6.290578992249520329e-01,5.117483536005631439e-01,9.639389097662324213e-01,9.710124121047363221e-01,6.771572752401897599e-01,8.896304704971255140e-01,6.970504555889626142e-01,7.631009680630025382e-01,7.418497033294904064e-01,9.486458842020388804e-01,9.354953467617268537e-01,4.805748187334042409e-01,6.605733530340280879e-01,7.122790639496836551e-01,3.360581926373923389e-01,7.645225262139254685e-01,6.743762179942269785e-01,3.340101142005568180e-01,4.621400187114663161e-01,9.585745703672805540e-01,8.418480329661737205e-01,7.950484824224481883e-01,5.392397002758518854e-01,9.771964749846345777e-01,7.852791013214031057e-01,8.956129271578453510e-01,3.431918105607760783e-01,2.636444219031769398e-01,4.064106107761943365e-01,5.086479198206720342e-01,7.406341609744316878e-01,9.023654014047279848e-01,4.167580410606632757e-01,2.260756174426994947e-01,8.045609261497712605e-01,4.931464945694816748e-01,6.186763806248261055e-01,5.925763561053902784e-01,1.483765978489055004e-01
8.339098029789463462e-01,0.000000000000000000e+00,7.760242767027309974e-01,8.292905302592086247e-01,9.885381656908602821e-01,-6.103262535613468431e-03,6.043607342874740551e-01,2.321236072471610234e-01,6.383144871221204664e-01,8.010128017709904347e-01,9.093051302853469853e-01,2.730219378175212097e-01,7.833352769167434282e-01,8.708514377962000008e-01,7.713086154846019449e-01,6.124912143423221211e-01,2.203214109234101839e-02,8.663071202998786635e-01,7.764097218733838623e-01,7.326532651406814090e-01,8.063895910484780716e-01,4.398251173751819842e-01,8.005983276456596354e-01,9.970550826023459878e-01,6.823584158657957088e-01,3.079469019686376097e-01,3.845593837305875118e-01,8.010787380332018426e-01,3.389025701115913614e-01,-1.229401298198114362e-01,3.009863248679841008e-01,7.596312017384394544e-01,9.730706530029947787e-01,4.738763205270934975e-01,4.700092728196130221e-01,1.484158752518037472e-01,4.741711024125436769e-01,8.440555066468694023e-02,8.689893691995757008e-01,6.557648226003793823e-01,7.729891177039374117e-01,8.887670976580909210e-01,6.835186775794198644e-01,7.133995562883054253e-01,4.887601570059906253e-01,5.789355354327219150e-01,4.722038096825937337e-01,8.241883138843884016e-01,-1.990199615229519547e-01,3.193343409820828538e-01,5.107473201185882550e-01,5.862418217598390768e-01,4.437064170644337557e-01,9.715813700470313785e-01,9.190411234241996352e-01,9.822141519732145998e-01,4.919868388516671631e-01,7.903694595276670176e-01,7.880315623180982332e-01,8.264637852593459833e-04,3.043179587139914766e-01,6.471140054453716761e-01,8.860236397813920917e-01,8.530536365162910695e-01,4.373927476930173364e-01,9.369657087339177126e-01,9.920825366958569980e-01,8.864033871526256769e-01,6.733700995612597051e-01,8.760777087997485557e-01,5.962540179088499093e-01,8.019352147659977170e-01,6.134754647257919524e-01,3.375712757017791388e-01,6.779832296943637537e-01,9.401255524358698157e-01,9.891575104769638749e-01,7.623491349174458254e-01,2.471036407479285102e-01,4.100119844128781721e-01,8.018843053023887446e-01,9.501636478945354458e-01,6.746968759983029695e-01,4.128478222919688134e-01,9.528188600016480603e-01
5.384726171840776843e-01,7.760242767027309974e-01,0.000000000000000000e+00,9.161739202318280872e-01,9.080298415647946042e-01,6.530991515874012832e-01,9.892078329327325115e-01,8.473281544276578536e-01,5.073553414025379071e-01,8.355222850661725431e-01,8.750961135560444415e-01,9.014046106423309057e-01,8.286534171046041619e-01,7.926208300421447861e-01,8.744424890821076435e-01,8.594687265673138787e-01,9.923065944600164556e-01,9.647392849911405888e-01,3.031098655145371690e-01,9.362563273836674860e-01,6.880665181895532223e-01,9.479280970644472504e-01,9.393146811802570717e-01,3.774816356699038922e-01,8.081144679088869687e-01,8.855951292039178080e-01,8.866850050019990936e-01,9.298467108403514203e-01,6.743438371886645299e-01,6.802802329412954707e-01,4.050994215135467202e-01,2.604144381337850089e-01,8.641225974748262262e-01,-8.376412823630136062e-03,9.210993648237159048e-01,6.118809072985383901e-01,1.746268547387766212e-01,7.241237988804694048e-01,8.304920669692366086e-01,6.774248128625492971e-01,6.576085195681304896e-01,9.593588455898640621e-01,8.210958123015357213e-01,6.718157355664583497e-01,8.957987205783825013e-01,2.311168357933350848e-01,6.618963514443234608e-01,8.090658237006036479e-01,7.218758230117368058e-01,6.112862172325731480e-01,7.875368818351830003e-01,7.378317757943917421e-01,5.682508805661725670e-01,5.897441260238356353e-01,3.400197948133901193e-01,9.988589804192193888e-01,5.923749046533589580e-01,9.463983392071000367e-01,3.129754090553754087e-01,1.038999477985399489e-01,5.480394655728679787e-01,6.528635171391621306e-01,7.226436193840374278e-01,9.500217251719589306e-01,6.746143806382540742e-01,6.613980696025132389e-01,5.613149977290717851e-01,8.772776104854784762e-01,7.390980050714168748e-01,5.722776938517806222e-01,3.258354361026777335e-01,5.201214477866452635e-01,4.986616436977902023e-01,4.653745969212439437e-01,4.304775652102834638e-01,9.997306378275376826e-01,6.045840435345622987e-01,6.347861388919837644e-01,4.952986714430288040e-01,3.744632826950505256e-01,8.578451148312942198e-01,8.439190295620904170e-01,9.447693066520908012e-01,6.266678838405734808e-01,7.955328801957398666e-01
4.417975642823980809e-01,8.292905302592086247e-01,9.161739202318280872e-01,0.000000000000000000e+00,8.767319385738322479e-01,7.474161838155526372e-01,2.449924666532789785e-01,3.914648049979125854e-01,3.676223685554596554e-01,6.001835896681511073e-01,8.186431033430806581e-01,7.609777069144789685e-01,2.457128668926405746e-01,5.783213342446655858e-01,8.415146465686200727e-01,9.805916794105236090e-01,7.273776578354370637e-01,7.312867872697918770e-02,7.688518752849532456e-01,7.325633816831764733e-01,9.976887482427914122e-01,6.631684255861112209e-01,3.095146049243479025e-01,9.091796151909321555e-01,7.438773784700494218e-01,6.350917697438223097e-01,7.351576954501154448e-01,6.066311898755055720e-01,4.864716931502339192e-01,7.185713521781367241e-01,2.259840857875412279e-01,4.504323033079263294e-01,4.450505966691908899e-01,4.892745812315458798e-01,5.692069721571622054e-01,5.393598085655409990e-01,4.132622461969153171e-01,9.935951868254790931e-01,9.861271085721518004e-01,2.879230547093636350e-01,9.616130288082819222e-01,5.259942146657397011e-01,7.883466413879917090e-01,6.075744404929054321e-01,6.549629494988916667e-01,8.382690313059311116e-01,5.082734483895726685e-01,8.076916712115970176e-01,7.338420079614589309e-01,8.033064020947853212e-01,7.234700715977702146e-01,7.025873094574026645e-01,9.929553433523263806e-01,8.039264529971630324e-01,8.022626525367634320e-01,8.494194816764755185e-01,7.941413131869801134e-01,9.364050434271599110e-01,9.851247060430509128e-01,4.622478336381561359e-01,6.843259647787757194e-01,7.527941493650016636e-01,1.724827799672835338e-01,8.945254888483762379e-01,9.755377548197932125e-01,8.222924962710377317e-01,8.099176942122141565e-01,6.216480110473480147e-01,6.758607885650889102e-01,8.420062587770920093e-01,7.936340665585435161e-01,7.819268184567239599e-01,4.751507875537839820e-01,7.040962574406127716e-01,6.568561199547254814e-01,7.593200319474654458e-01,9.644077246374205270e-01,7.821852886656666115e-01,5.813799630948751629e-01,2.788020114586791665e-01,4.604292447543921751e-01,8.358918747937346128e-01,8.566679147805709160e-01,9.472486422863790612e-01,8.639152074302360873e-01
7.959119873956361779e-01,9.885381656908602821e-01,9.080298415647946042e-01,8.767319385738322479e-01,0.000000000000000000e+00,8.310536696424348779e-01,3.118878448855268437e-01,6.928843061039707818e-01,7.844271399589336502e-01,8.005182986495117392e-01,7.898380372610933620e-01,7.673062750449670677e-01,7.847675339775717074e-01,7.456766853723342803e-02,5.920376998257698142e-01,1.425423128895473568e-01,7.571259930151503781e-01,7.714941874391652021e-01,7.621055969125517526e-01,6.915183321996488663e-01,9.834442732066113191e-01,9.754044429872978927e-01,6.541986409753557385e-01,4.188953431102601654e-01,4.323161982767413369e-01,9.807765788226439074e-01,8.235160946331279153e-01,9.447192345149646453e-01,4.244562543261781729e-01,5.623944029719688542e-01,6.237366038195713003e-01,4.270302603989447610e-01,6.842263843216632724e-01,6.810377796905044967e-01,6.230745684049115996e-01,3.114386605810691711e-01,3.158749780945367958e-01,8.520043590269079647e-01,2.264037261642915799e-01,7.110814700438831126e-01,4.303434252728140230e-02,8.637708135976839285e-01,8.131380131277775591e-01,4.739536516592575133e-01,8.138949934763758387e-01,6.589378430132011299e-01,6.000609724536931644e-01,7.016064520895932688e-01,4.876619185085291908e-01,7.162205791967659607e-01,6.120053580044921837e-01,9.616404785591227133e-01,6.281911654687801772e-01,5.235606641515181403e-01,8.495536536922165816e-01,6.635347690783768293e-01,6.472184939560629013e-01,9.296076079805509762e-01,8.586212137485569329e-01,9.946558397184960265e-01,3.312162553056425263e-01,8.751306634473160484e-01,7.843498842090594891e-01,6.558345997123933291e-01,7.052965027061430803e-01,5.821511557975769247e-01,6.665212293213932382e-01,9.818769520009675844e-01,6.919188286710846736e-01,9.606247800563942896e-01,9.108124934025433328e-01,7.041388869094258318e-01,1.998946889550763661e-01,3.488353226280476171e-01,7.965943223478515467e-01,6.847128668712191280e-01,9.777107350563425392e-01,5.073114735862469526e-01,4.994395848003047589e-01,3.639897651398799061e-01,7.333521568101932786e-01,7.619146684021929072e-01,6.249563615040919506e-01,6.862595674029001724e-01,8.685118562932752084e-01
9.856522565187783025e-01,-6.103262535613468431e-03,6.530991515874012832e-01,7.474161838155526372e-01,8.310536696424348779e-01,0.000000000000000000e+00,3.412845734537218734e-01,4.103538900307268089e-01,3.506390330922017906e-01,8.420108086538679038e-01,8.837601467664528698e-01,5.490205754885513212e-01,8.525073354390448888e-01,9.070884856801876284e-01,8.176109400120458170e-01,6.616116855270637309e-01,4.972570956794928332e-01,7.742109306760689424e-01,6.377296251606053845e-01,9.116809121220686984e-01,7.963312716278780901e-01,9.889372638644103874e-01,9.540872862175308056e-01,8.326316998422537141e-01,7.427648417605550168e-01,6.603928755693775354e-01,6.194829979383750240e-01,3.347510324194332698e-01,2.867186993112240123e-01,6.467506769199761196e-01,7.458640081823753043e-01,4.439520846876078286e-01,7.626188089606810161e-01,6.714682876098183595e-01,8.160108986546396048e-01,7.044027232813883099e-01,1.799743667419963500e-01,5.140170707122521110e-01,7.818049118451618762e-01,9.415640357701960950e-01,8.011368086049722725e-01,7.204523202576531560e-01,9.238805416292387163e-01,5.525080286958650166e-01,9.235301078878728476e-02,8.140040585686046937e-01,6.029737451625382105e-01,7.515732129988601518e-01,7.568740359793644235e-01,8.992757119660232945e-01,1.066155894086467520e-01,8.887071237370958166e-01,4.743149613820364374e-01,5.677063481855655347e-01,6.624333685992868093e-01,8.198967855178236341e-01,3.588265593178332491e-01,3.694121097681872246e-01,5.834429142566002202e-01,8.690560180784752120e-01,3.203551895881220912e-01,5.280930027444942221e-01,6.420086417485887376e-01,9.927302731358290666e-01,8.172373882470909123e-01,8.809252651370291787e-01,2.227767379375904522e-01,9.234193804131249905e-01,1.558392750661144466e-01,5.804942852473645720e-01,6.983005635945729317e-01,5.351298412050208286e-01,4.384544241337940962e-01,4.877249022784961308e-01,7.525000136203232604e-01,6.209908545133741020e-01,4.102557413529923092e-01,6.843197944780740061e-01,-1.409440386813889945e-01,1.412666920900615686e-01,7.812430513391530607e-01,7.751541077853859596e-01,9.931307900311542314e-01,4.161531532221111052e-01,5.642004683700895251e-01
5.412551139067600658e-01,6.043607342874740551e-01,9.892078329327325115e-01,2.449924666532789785e-01,3.118878448855268437e-01,3.412845734537218734e-01,0.000000000000000000e+00,8.559511586494051860e-01,7.232792685725171200e-01,6.872485610203363793e-01,4.082624133089653995e-01,4.775858934927693089e-01,6.009206690509847348e-01,7.959392534916223116e-01,1.355453445032431536e-01,7.595463766579542142e-01,6.810204381810905927e-01,5.995318538438257905e-01,5.753730889125234782e-01,9.849191522842700719e-01,9.660486225321583964e-01,6.648994649861005302e-01,4.164089266835098724e-01,8.474433878343717863e-01,6.530511514307079102e-01,5.764575461588268557e-02,2.785880900576176433e-01,8.413955559490746694e-01,6.438321437517048329e-01,5.431164420509045909e-01,-5.443101099406902343e-02,9.334058487561154305e-01,4.118339261534071372e-01,2.530707799750783749e-01,7.084389119053091655e-02,5.149635490808585070e-01,6.383849205601885846e-01,5.803889384118683381e-01,7.796323444994727181e-01,9.825756789255193357e-01,2.660628753748656705e-01,7.408424434584179874e-01,5.827723495024340616e-01,5.959385939502183094e-01,9.611393729540427255e-01,8.112450999915301608e-01,3.550097762078633368e-01,1.908966383615311527e-02,6.625276118498893974e-01,7.038343281147652064e-01,6.227127589801596530e-01,7.096331583172265089e-01,7.331967850471867720e-01,8.128669661923643153e-01,8.271807737035947738e-01,4.722753430023320376e-01,4.085637665749383696e-01,6.909447874589331740e-01,9.228448986815626087e-01,2.566665411611152026e-01,8.186409380623344001e-01,7.651833640995708841e-01,4.888039939483584950e-01,9.642341601371070547e-01,5.417909107107551359e-01,5.363394458896926231e-01,5.225567978871994423e-01,6.136401878552970590e-01,7.468432056490533766e-01,5.216520491773127821e-01,7.478904369321252021e-01,6.888082445498220352e-01,5.093608391898972743e-01,9.688503051362455931e-01,7.871880384184957169e-01,7.953967917006232735e-01,4.074358553086251389e-01,4.597306190237636092e-01,1.035652581121388471e-01,4.579820819007241472e-01,7.054747553177670438e-01,6.243855001616533951e-01,6.441254096997809375e-01,1.281745513810250425e-01,6.785470606880640299e-01
8.134164187280570335e-01,2.321236072471610234e-01,8.473281544276578536e-01,3.914648049979125854e-01,6.928843061039707818e-01,4.103538900307268089e-01,8.559511586494051860e-01,0.000000000000000000e+00,7.217466200305435731e-01,5.148798207723813691e-01,9.966734829105755589e-01,6.827484096016345205e-01,9.078011056477373053e-01,5.284552544683562836e-01,7.044657590496115063e-01,5.808552780261168058e-01,7.201135950845317657e-01,5.705133731581211176e-01,6.616184142105263621e-01,6.742267249156518316e-01,8.859801101806333845e-01,9.322584878940470832e-01,5.866350789910201868e-01,7.098772428713199245e-01,9.509574533406234265e-01,2.219880226970731285e-01,9.325176517304132329e-01,5.840420299125455017e-01,4.671996826507744394e-01,5.231110320665840474e-01,6.363429631944341747e-01,7.993616388368156578e-01,3.548854173098342502e-01,6.795841605275571018e-01,6.378260927467538366e-01,4.783064383210744452e-01,4.393083625645798906e-01,9.569901298010786705e-01,8.828732807797695648e-01,7.524371709451529444e-01,9.244737596670199453e-01,5.601043664230170860e-01,8.594424110778253745e-01,9.729142030469938307e-01,9.620138474318037369e-01,7.263510033118768527e-01,4.453113397931171558e-01,7.314434008225709771e-01,9.270961772111594446e-01,4.401707172550977099e-01,5.630522095828888185e-01,7.181415140594027413e-01,6.431995247602054766e-01,4.629577523126197081e-01,9.514443394736984416e-01,6.233212020701680567e-01,6.893025538736338165e-01,2.594701191317171363e-01,5.416033402848822176e-01,4.209552196033662375e-01,7.707094478276068639e-01,5.481717288557073076e-01,4.799827638723924150e-01,7.210266892129009175e-01,8.497305856883496933e-01,6.436916522463631551e-01,5.489677710814510059e-01,7.209525341500570006e-01,9.056727388588237115e-01,3.214893299982200525e-01,4.178459324468540292e-01,7.326844465054871414e-01,4.631642838702308973e-01,4.499634485974410847e-01,7.638759618086363723e-01,6.818686168114730384e-01,6.714892195329992264e-01,5.774825092397032344e-01,2.745576138138605127e-01,4.447510183461723110e-01,9.068986535263080517e-01,6.244959374260254936e-01,6.076195921506006847e-01,7.330057456628156221e-01,6.154350371965359168e-01
9.525533756773294503e-01,6.383144871221204664e-01,5.073553414025379071e-01,3.676223685554596554e-01,7.844271399589336502e-01,3.506390330922017906e-01,7.232792685725171200e-01,7.217466200305435731e-01,0.000000000000000000e+00,9.072906725285155571e-02,6.280100138204892657e-01,3.258136715896338131e-01,4.239404285384771875e-01,5.493112827322342850e-01,8.529002827095888417e-01,6.474007148558361679e-01,9.232249381334941551e-01,2.013261861534782204e-01,8.434890946007339574e-01,6.363159945030624209e-01,5.089545156267741843e-01,4.481941063247104062e-01,5.787077211169159296e-01,2.485807752419367245e-01,6.097113592728167220e-01,3.664081028317884292e-01,7.544741318110470552e-01,7.032145285324161721e-01,7.698747908466611056e-01,2.126892441400576872e-01,5.597724919028095325e-01,3.724009714453287434e-01,7.678150872925675330e-01,4.555688663336879829e-01,9.641854284245485740e-01,7.476863486036166018e-01,4.031971174772937261e-02,7.203428846574240207e-01,9.598211689907840682e-01,6.295622566453697999e-01,6.224413431617487058e-01,7.748631265934234902e-01,3.882310602167037272e-01,6.911762140253060460e-01,8.231342647355593956e-01,4.068092669067577272e-01,6.801905724348851212e-01,6.671149325728185087e-01,8.489784434819250825e-01,6.017460383856015893e-01,7.114151362381500032e-01,4.103566976064436655e-01,6.695845358192799024e-01,4.828609067548398359e-01,3.502935386745957835e-01,6.465027748165793620e-01,7.283139048937168347e-01,6.966505125936726106e-01,9.713986962896743460e-01,7.304000318721532992e-01,2.856237708205828785e-01,8.167412507475697581e-01,7.959982808455751124e-01,8.681477035322848756e-01,9.409461217391253962e-01,9.717477040254758336e-01,5.711655693416806123e-01,3.208486607650447575e-01,1.668553414386962086e-01,3.056915044844549789e-01,7.063185357759601546e-01,7.330027041759821227e-01,7.094369720182405192e-01,4.524999398307510412e-01,6.671262518200127278e-01,8.590559361002100269e-01,3.207173166581470114e-01,3.908284446509327492e-01,2.534115249312774432e-01,9.427330210201122218e-02,9.632510934307941808e-01,5.333343778603166774e-01,6.272424127694780083e-01,7.713926643986577236e-01,8.668131130052303401e-01
8.461593020581449354e-01,8.010128017709904347e-01,8.355222850661725431e-01,6.001835896681511073e-01,8.005182986495117392e-01,8.420108086538679038e-01,6.872485610203363793e-01,5.148798207723813691e-01,9.072906725285155571e-02,0.000000000000000000e+00,3.939215623538629973e-01,7.438491976747185763e-01,5.001921497856109955e-01,8.742013199392471012e-01,3.105836220825864413e-01,7.728914003429175894e-01,7.212063479260458765e-01,7.019821675846145137e-01,6.582622280663070757e-01,8.580521435384421691e-01,8.845073924192492498e-01,7.949010585547722219e-01,2.038610988537153945e-01,3.998310665826412258e-01,7.595268588824262146e-01,4.765461733986107729e-01,6.059997687056372095e-01,2.711638111854758337e-01,5.570103433519161262e-01,1.992272976826107433e-01,3.730836556391513570e-01,4.555836185489364060e-02,8.482795830683572680e-01,4.106715783038219492e-01,6.560361329212908155e-01,2.151363104619596345e-01,5.916071136764518013e-01,4.974828598759012954e-01,8.075001231765719378e-01,9.513391396992521010e-01,2.410627393399384089e-01,9.170776024738622745e-01,8.706669258568555669e-01,6.914275263195582832e-01,6.334727791878401737e-01,7.617900367643564152e-01,9.732947915795534533e-01,6.160941051718300532e-01,7.948518644767041952e-01,4.703684457537528063e-01,6.500141493195236153e-01,6.026760442489152991e-01,8.448246210826503289e-01,8.988307304524483232e-01,5.208041131878982100e-01,3.565456732141402130e-01,5.282064045700819443e-01,7.401180225355943332e-01,9.370791273810978872e-01,5.562079146544680885e-02,4.076692298852288565e-01,9.477556345183046904e-01,7.590247039473032586e-01,9.226918684189004960e-01,8.820780041834889174e-01,7.793277283070315642e-01,5.693343160257831048e-01,4.452586820545388901e-01,5.830841489936275934e-01,7.820216181585369908e-01,8.467423129754678701e-01,7.762225971260127144e-01,7.488210330125593117e-01,3.464653150081498656e-01,4.855645307456044057e-01,7.830632906502489332e-01,9.868219999792194885e-01,4.014331105036567093e-01,5.898571249778158387e-01,2.236472092159883518e-01,3.966542125318935907e-01,9.775438601819468332e-01,3.977811356300752221e-01,7.329969188667881941e-01,9.610031099679622324e-01
4.122741113952651526e-01,9.093051302853469853e-01,8.750961135560444415e-01,8.186431033430806581e-01,7.898380372610933620e-01,8.837601467664528698e-01,4.082624133089653995e-01,9.966734829105755589e-01,6.280100138204892657e-01,3.939215623538629973e-01,0.000000000000000000e+00,4.164465139416506090e-01,4.514505181356420205e-01,6.171871727851985234e-01,2.360499950061090424e-01,-1.674441220947559261e-01,5.935822320153215648e-01,6.886729066052322823e-01,3.232782152426201261e-01,9.600596361926867495e-01,5.176691990899466855e-01,5.227411305609921399e-01,9.837129658873345894e-01,5.884678292942631117e-01,4.665541522223616289e-01,9.196300588787088559e-01,9.803226658978427821e-01,4.977139430484052163e-01,-1.929102609324319095e-01,4.802114950924378789e-01,6.117657126144970814e-01,6.394601386600914372e-01,6.800604672662936556e-01,5.011830564435894031e-01,7.743977164420309256e-01,4.672884900857888768e-01,3.258852730358234306e-01,4.991039270937193129e-01,9.443877541575920187e-01,1.977083758939866265e-01,5.706695733173234864e-01,6.560906229879608365e-01,9.542745360632901575e-01,9.261293921872816304e-01,9.537448502492374969e-01,6.893535180432039944e-01,8.759520587960389904e-01,6.676521403868732607e-01,2.491832692657189041e-01,4.705750648255024871e-01,5.357291075852829154e-01,6.101767247923018944e-01,8.012297159204492258e-01,2.568211843405052708e-01,5.578058731927513225e-01,3.164021482431437771e-01,7.679057598271173957e-01,9.425868601493636589e-01,9.842878811788039473e-01,2.512948320786934642e-01,1.705891827416089190e-01,4.062710688764064049e-01,9.003774067166123718e-01,9.897976255601194095e-01,9.103276756897473732e-01,1.695477041181405742e-01,6.576682801871680528e-01,7.305214812485001374e-01,4.175380593291170284e-01,2.020376231644242515e-01,8.852561497375107669e-01,8.880034130536108572e-01,7.144918865245184492e-01,1.988530781751214616e-01,4.477400118959381503e-01,3.502378683827117589e-01,7.918627797051367434e-01,2.495347323177706245e-01,6.581323207372880013e-01,2.193937399123792042e-01,2.600258596482036832e-01,6.382153256177336420e-01,4.273568941237513297e-01,6.794566098687624400e-01,7.400520053454172631e-01
8.915109802947850381e-01,2.730219378175212097e-01,9.014046106423309057e-01,7.609777069144789685e-01,7.673062750449670677e-01,5.490205754885513212e-01,4.775858934927693089e-01,6.827484096016345205e-01,3.258136715896338131e-01,7.438491976747185763e-01,4.164465139416506090e-01,0.000000000000000000e+00,4.206234862338019131e-01,3.893966461741600327e-01,7.422078195164630854e-01,8.371276519260938409e-01,4.166705226580073584e-01,4.531440560812850515e-01,8.714626157128735340e-02,5.442009792472264351e-01,8.866542568191823070e-01,7.115181655809114103e-01,7.856194959008568901e-01,8.449632054484702559e-01,5.857123244286265296e-01,9.011995536305976717e-01,9.961008462777554140e-01,2.876703512212805958e-01,4.261362471780178462e-01,5.735384022660957593e-01,1.903732201252711365e-01,5.951160547499818598e-01,7.816233696947834098e-01,7.594471627175871653e-01,7.745561692479565608e-01,2.485070581820484903e-01,2.192655300500525040e-01,7.624040368882597507e-01,9.502487240736550156e-01,7.768211780470124506e-01,5.068219408097445200e-01,3.072137180299697179e-01,7.158703802836047236e-01,6.222331098041550268e-01,4.400041319564605424e-01,8.089227552232404195e-01,4.414275207848292748e-01,6.024337627905725912e-01,7.654432194697520231e-01,6.238641429492759460e-01,9.553857552283965271e-01,9.631690102267280729e-01,4.073823607169997918e-01,4.715853570844077414e-01,7.655871992818530369e-01,5.596556362743779767e-01,4.175270162124572471e-01,9.246387452787492300e-01,8.029308743928962322e-01,8.731354206401013007e-01,2.068177211696476669e-01,8.790512524280971185e-01,6.883636492788210992e-01,6.574676984551449666e-01,4.548444434869595154e-01,1.205346716101377003e-01,8.154834797105119382e-01,6.429906602811865657e-01,5.271063498944371650e-01,6.192918553981865415e-01,7.624160431747597499e-01,6.876307953882020152e-02,6.651294605266574456e-01,3.898193129911262100e-01,5.259611009536170334e-01,8.639655537517405559e-01,6.894653564046911987e-01,4.588701030345702647e-01,5.630278609826233627e-01,4.828138892628848489e-02,9.578683340756749542e-01,9.383910912840199847e-01,6.355010762591469797e-01,2.128859526375084243e-01,5.240414000393440741e-01
7.306591068467310768e-01,7.833352769167434282e-01,8.286534171046041619e-01,2.457128668926405746e-01,7.847675339775717074e-01,8.525073354390448888e-01,6.009206690509847348e-01,9.078011056477373053e-01,4.239404285384771875e-01,5.001921497856109955e-01,4.514505181356420205e-01,4.206234862338019131e-01,0.000000000000000000e+00,6.971945196669091516e-01,4.465260080202305137e-01,5.476960378558630715e-01,6.916089379676203519e-01,3.605043376284369216e-01,6.732706645003961876e-01,7.742584417114205531e-01,8.868809787883142892e-01,1.133770636528346892e-01,9.262867746841931815e-01,9.287196568167580546e-01,4.484242033541361860e-01,8.246038728737912216e-01,9.732759327919104919e-01,6.094383992100897984e-01,1.159251415778293631e-01,3.803127900356465529e-01,1.372114377458764356e-01,2.019831976496202219e-01,9.256999012939596261e-01,7.571350709639409482e-01,2.492666759680824684e-01,7.936888821334104893e-01,5.693682093181748893e-01,6.398491088184974362e-01,7.411326337055069713e-01,6.893692221167276868e-01,2.512643509772102268e-01,4.979381633357899406e-01,-3.772352212906457392e-02,8.439806417393296289e-01,8.394811084806000911e-01,8.408417908917686923e-01,7.119916877514694820e-01,8.855289154364246462e-01,6.862354496122555769e-01,6.392145627443579503e-01,7.202711122467508886e-01,8.950250231069416529e-01,9.499625177658685971e-01,8.211783566578563232e-01,5.949528412525129095e-01,5.100830526206914239e-01,4.496707510627375171e-01,7.108017818739326144e-01,8.030840059667534447e-01,2.634806879445757977e-01,7.390068182828472831e-02,8.398980049777788892e-01,9.800571895174057246e-01,9.762715774712175110e-01,9.127609963532871129e-01,6.105330188684057191e-01,8.640928057340724333e-01,6.412532320681806342e-01,2.165298367849854133e-01,5.979141004729626729e-02,7.415768543126188828e-01,7.293075492585024966e-01,6.571156465384617729e-01,6.676167006511960489e-01,5.104720881200229821e-01,9.767344989478912165e-01,4.099496667980703224e-01,8.748840467533550713e-01,3.041222535377983149e-01,4.690287899501519586e-01,2.233914996112745244e-01,6.144315191569672541e-01,9.351629299900450221e-01,6.631880149206683672e-01,6.781500105407682888e-01
9.879830103561895172e-01,8.708514377962000008e-01,7.926208300421447861e-01,5.783213342446655858e-01,7.456766853723342803e-02,9.070884856801876284e-01,7.959392534916223116e-01,5.284552544683562836e-01,5.493112827322342850e-01,8.742013199392471012e-01,6.171871727851985234e-01,3.893966461741600327e-01,6.971945196669091516e-01,0.000000000000000000e+00,4.297095870051745314e-01,8.450151193002720662e-01,7.552641151193322244e-01,5.002589551837818282e-01,7.737379433405464635e-01,4.482918089141519902e-01,6.039988485099305748e-01,7.078711903135836980e-01,6.560998388868144460e-01,8.027077631057173424e-01,4.834889547045552183e-01,8.986016174398075984e-01,7.861132067501785947e-01,5.480472315627546998e-01,6.661392606714656717e-01,9.224880375063376770e-01,4.929084664863164766e-01,4.432233727578235860e-01,9.192709430209074217e-02,5.553094939804067431e-01,2.654944672077659829e-01,7.881926199279509770e-01,3.741899076665842205e-01,3.594727985803756187e-01,8.520127943024353723e-01,4.740366353971010860e-02,9.552443729281626661e-01,4.676724328556500776e-01,9.038576269963845000e-01,8.896807064845602131e-01,7.114900554070388017e-01,7.652090201381964718e-01,2.571499236352164930e-01,9.460781429063450654e-01,8.911614201582461758e-01,7.171745683308812236e-01,9.090219235025120970e-01,4.419120708421414023e-01,8.803820912148065947e-01,6.168545990879176211e-01,8.930863039468618370e-01,7.030039736564782649e-01,9.484993972539660367e-01,5.854738481391301708e-01,7.294066240684187186e-01,5.289288996739294202e-01,2.230457311110509711e-01,8.550315399504978542e-01,6.070427835329736954e-01,7.691635196556019238e-01,9.346412398286541023e-01,5.395658861711857268e-01,7.421893442993914292e-01,9.720195271380985824e-01,8.092675770790640488e-01,6.504967809758588349e-01,8.247443885430438826e-01,7.178411305026608513e-01,9.989707735210977546e-01,7.888577192959270734e-01,2.933092220688277019e-01,5.977465961156103180e-01,8.696810568661499374e-01,7.479436922666131693e-01,3.720370007832606851e-01,3.069810323473316782e-02,5.097810862739664550e-01,9.924380330475865986e-01,7.308403032064303417e-01,7.669357987861872283e-01,7.427482253425530256e-01
6.704637049459815090e-01,7.713086154846019449e-01,8.744424890821076435e-01,8.415146465686200727e-01,5.920376998257698142e-01,8.176109400120458170e-01,1.355453445032431536e-01,7.044657590496115063e-01,8.529002827095888417e-01,3.105836220825864413e-01,2.360499950061090424e-01,7.422078195164630854e-01,4.465260080202305137e-01,4.297095870051745314e-01,0.000000000000000000e+00,6.068681469638230741e-01,7.622835539925247872e-01,2.697215288582752168e-01,6.595473384738516076e-01,3.562338557422348728e-01,8.397842266585154869e-01,7.427812053405251635e-01,8.236046776801972946e-01,9.780590283676856567e-01,8.374602944566231777e-01,-1.862024146669503943e-01,7.060705685547439270e-01,7.917099525656061676e-01,6.063014266093050830e-01,4.171786759435489045e-01,5.882173321575778768e-01,6.194644155754056580e-01,5.835813740597998178e-01,7.622400987890487478e-01,5.679901698385754205e-01,6.477217760558244830e-01,5.586251967838155030e-01,6.189522951591158728e-01,9.397525856223368779e-01,7.903617548166473883e-01,1.930310287283821813e-01,8.532268410692118721e-01,8.684066460411374866e-01,7.608086750367071271e-01,8.210069762040428376e-01,6.473925882491831096e-01,6.104115712653696013e-01,7.815761545384111164e-01,7.638492000511529767e-01,7.867299606340851792e-01,8.521452210190071097e-02,6.650597808092807428e-01,8.242545939284375844e-01,4.630499650518137278e-01,9.117570962165890691e-01,9.514561095831650661e-01,5.105104654112081475e-01,7.201201564752894857e-01,7.468003017660840293e-01,4.190714656427089735e-01,2.960232717606325892e-01,4.478538421335006570e-01,5.641752487526682236e-01,6.260262718607658705e-01,7.367037351940574075e-01,8.156900530254176385e-01,5.180323354946374526e-01,8.202661393483069441e-01,8.546251351428224563e-01,3.721719316851220816e-01,6.510234995548529469e-01,4.641799316899377081e-01,5.585290549004544580e-01,5.537934038928463698e-01,7.188147777804511085e-01,5.661272737612094152e-01,8.988233993887199125e-01,7.668607086272855033e-01,7.006707309278190632e-01,2.480819995798484445e-01,9.715960140321791005e-01,8.563934494778732143e-01,9.214782847156562928e-01,5.986965448686567548e-01,4.792853798697697676e-01
8.665730805761627797e-01,6.124912143423221211e-01,8.594687265673138787e-01,9.805916794105236090e-01,1.425423128895473568e-01,6.616116855270637309e-01,7.595463766579542142e-01,5.808552780261168058e-01,6.474007148558361679e-01,7.728914003429175894e-01,-1.674441220947559261e-01,8.371276519260938409e-01,5.476960378558630715e-01,8.450151193002720662e-01,6.068681469638230741e-01,0.000000000000000000e+00,5.375771017855853762e-01,5.832162176303583578e-01,6.057077210559675962e-01,6.125732651949605811e-01,8.116670364304222618e-01,5.930072717783150260e-01,5.779230022867640759e-01,8.896623220195316595e-01,7.906170528397257202e-01,2.917178701844120314e-01,7.386859915705221713e-01,3.454276524469493959e-01,3.739826195154647426e-01,6.952850355183225473e-01,4.552232096347186285e-02,1.763816848229778911e-01,6.751281162537898783e-01,7.345367180012517538e-01,4.036093490020634666e-01,4.168076046161006687e-01,3.575012848110442620e-01,7.755594359377455671e-01,4.843752946529055192e-01,6.852539668279924445e-01,1.331243340445625867e-01,6.240752838277116021e-01,6.911814273425364030e-01,5.700559491670380563e-01,7.498418046942109116e-01,7.793182850847715226e-01,6.228293352173194242e-01,1.717022252773418023e-01,8.169505695018198024e-03,8.286045816022171717e-01,8.930826501836313103e-01,6.826733914118920943e-01,8.562564539849510936e-01,5.728390109978545031e-01,7.081546410004382341e-01,8.457209718898819339e-01,4.520346860481832540e-01,8.571013812519447939e-01,9.257045183183877368e-01,4.395263416422203750e-01,5.227871937254970902e-01,7.225962386077409150e-01,4.571903288161192624e-01,6.281334717948605650e-01,9.431245780708975568e-01,9.285747557513128747e-01,5.693530891808257222e-01,8.546832818625211825e-01,7.908154383970839030e-01,7.647084798295480379e-01,5.293360096079963162e-01,5.863262225827077512e-02,2.212962503463301589e-01,6.025520501509357141e-01,4.876925688851625473e-01,9.192395482223302272e-01,9.490813767457741967e-01,7.834204889835540975e-01,5.333958468889115068e-01,4.449011445217121441e-02,8.382210283950959351e-01,9.548315433889648096e-01,9.181464318730462315e-01,5.168292784421703034e-01,8.428987585290541595e-01
5.228429285114880587e-01,2.203214109234101839e-02,9.923065944600164556e-01,7.273776578354370637e-01,7.571259930151503781e-01,4.972570956794928332e-01,6.810204381810905927e-01,7.201135950845317657e-01,9.232249381334941551e-01,7.212063479260458765e-01,5.935822320153215648e-01,4.166705226580073584e-01,6.916089379676203519e-01,7.552641151193322244e-01,7.622835539925247872e-01,5.375771017855853762e-01,0.000000000000000000e+00,9.398666123714483067e-01,7.515174089047269579e-01,7.998734691395352758e-01,7.199963280404515498e-01,5.748896417562152639e-01,9.020835237294582143e-01,6.078360429881821680e-01,8.125122474731357736e-01,9.981371106242811209e-01,4.537376709577891631e-01,7.677628918979569894e-01,5.733473882379545028e-01,5.221022926589412583e-01,1.166299476736672863e-01,7.591442343527987635e-01,2.904798286420348097e-01,4.263687701038462174e-01,5.410011010826553113e-01,4.993488261777177528e-01,4.964652096842084861e-01,8.321699203220866981e-01,8.616881161243159504e-01,9.321751512417035812e-01,1.884791299148363131e-01,7.482256204276882539e-01,9.563769074492979305e-01,2.346798223802814554e-01,7.216325722018204214e-01,6.104362942961365501e-01,4.191030696172898806e-01,8.897064970331434175e-01,9.628634270952660668e-01,6.938552502425352486e-01,6.366771704447842239e-01,6.824300575330271013e-01,6.637512690813168748e-01,2.312161650183590100e-01,9.906145651445872335e-01,5.254312223889653355e-01,8.072996535063260426e-01,6.843188536780571152e-01,9.673743649970469871e-01,3.061692519779784516e-01,7.417383385142756191e-01,6.996975028716556633e-01,9.017989045814784888e-01,8.035041147835673137e-01,8.026518970747774651e-01,4.905561089817735976e-01,5.645194419423810173e-01,7.584078155201067206e-01,7.087490636118322085e-01,8.989944811575633077e-01,6.536356096104305458e-01,4.396232754458832548e-01,5.774551688303275476e-01,6.253094881954794904e-01,4.011308145257059810e-01,2.767004382965430609e-01,4.131247684878849302e-01,7.956099118511494872e-01,2.102998917943049439e-01,3.287178906172525394e-01,7.546022141789066051e-01,9.036043774866743261e-01,3.904635681311549034e-01,4.657495831863420754e-01,8.024192101560135848e-01
7.524897468981910365e-01,8.663071202998786635e-01,9.647392849911405888e-01,7.312867872697918770e-02,7.714941874391652021e-01,7.742109306760689424e-01,5.995318538438257905e-01,5.705133731581211176e-01,2.013261861534782204e-01,7.019821675846145137e-01,6.886729066052322823e-01,4.531440560812850515e-01,3.605043376284369216e-01,5.002589551837818282e-01,2.697215288582752168e-01,5.832162176303583578e-01,9.398666123714483067e-01,0.000000000000000000e+00,5.846053081769211346e-01,4.242374504093723853e-01,9.480303599890782529e-01,3.501026244766987094e-01,9.789236915135144379e-01,8.335621264470109981e-01,6.771057000133077208e-01,9.421122213635513276e-01,7.016993573148206931e-01,4.717352388605619007e-01,4.032656159715531374e-01,1.447689842809497252e-01,3.787066966918070099e-01,6.536169698001846884e-01,1.144001590958939607e-01,8.047446851482755736e-01,2.404398478262703143e-01,8.150492780030824669e-01,1.773582185368317576e-01,9.652509127441429859e-01,8.036415568483544769e-01,9.801742652660400124e-01,4.022421517242927846e-01,7.024965831617207002e-01,2.248039758503397878e-01,8.533657659547044805e-01,7.702754953172317176e-01,9.050898438643227850e-01,5.229704322455028809e-01,6.749062408586272710e-01,7.666439542313530087e-01,9.925390115646889333e-01,9.984965030903474315e-01,4.995116327182953508e-01,7.354677547487894484e-01,9.374613893852611346e-01,5.902046149538315856e-01,7.410698648857857451e-01,3.255296001426488672e-04,4.171165144985646833e-01,4.468541560049196781e-01,3.131262351733219429e-01,6.664681027568633009e-01,6.543434150838003394e-01,6.717821315977441365e-01,9.037223975381711849e-01,9.894924629245018810e-01,8.445050243851003335e-01,7.293254575705713227e-01,8.934280212949452515e-01,6.086748425435073440e-02,6.866890321886927051e-01,8.175888893866102292e-01,6.989984907671807912e-01,7.185340205924275470e-01,7.696060738974070947e-01,6.384933013127823687e-01,6.035146027810429636e-01,7.931222561623203493e-01,6.909334483289754081e-01,3.592436459460417453e-01,4.279075021714709437e-01,6.056793046464141739e-01,5.519560075498061158e-01,4.641019021035227565e-01,7.632612971081401687e-01,2.642079058578363782e-01
