0.000000000000000000e+00,7.343159002816521674e-01,4.813553991721062908e-01,7.825590675846102462e-01,8.448259330601418648e-01,8.653046310655975182e-01,7.966736210777747296e-01,6.008820602274387301e-01,8.245279583806358614e-01,6.052307686812409271e-01,5.458678968315913149e-01,9.792713385682286775e-01,5.950548868858936968e-01,7.761724887089287428e-01,4.791504624801450757e-02,4.871068660165648323e-01,6.495389027809717053e-01,9.489020820040682258e-01,8.290313659449247696e-01,7.575240122654004482e-01,1.049723981432404418e-01,9.762757129197519035e-01,7.154762545694824949e-01,8.994904903364935311e-01,6.566780380053058863e-01,7.235587380576523620e-01,7.446436645995766490e-01,6.093162586593494634e-01,4.743925156361392670e-01,6.894147671441492875e-01,3.825223035642586478e-01,9.080933881207994274e-01,9.536622640493948033e-01,6.164031625041151985e-01,8.627056605222709340e-01,6.640435972856157942e-01,5.473754142643820764e-01,9.505107595263063702e-01,8.818272093576887682e-01,3.577795701221400115e-01,4.114342805259072477e-01,9.870939500722987203e-01,8.757719939651664731e-01,8.144678724779178536e-01,9.019401581299878456e-01,6.001060159712519049e-01,7.075157692236133666e-01,9.068842128571051875e-01,8.094962908883225339e-01,6.917439219001163542e-01,9.665899624609604057e-01,8.783922110596550370e-01,8.826298909331132814e-01,6.777422382560162051e-01,6.182157541795636480e-01,7.191412689314125029e-01,8.687940701258816123e-01,8.170145919142940416e-01,9.603280372597361447e-01,5.991036334992680956e-01,7.387324240192881808e-01,8.816064981698708003e-01,2.778493153941028471e-01,9.672899400849794826e-01,2.810488870770137537e-01,7.738201106027475795e-01,5.432534702832851892e-01,8.048094958097158358e-01,8.198063685532787082e-01,7.609040104490942813e-01,9.316055825714245620e-01,9.791812481981897465e-01,7.331556783882923201e-01,2.092460047202924500e-01,7.455119971871516649e-01,2.357612160680671587e-01,8.323919737318080658e-01,6.014617724605944016e-01,5.908176604520554154e-01,5.119562110133207833e-01,9.473017381547736981e-01,6.355063750342533346e-01,9.562946825233125114e-01,3.520504940020106055e-01,9.364017382961482561e-01
7.343159002816521674e-01,0.000000000000000000e+00,9.904165152882467016e-01,9.167261689307598660e-01,8.310221324837607781e-01,6.413412029700982231e-01,4.041295066889131204e-01,2.421171236435671892e-01,4.187395744216227955e-01,5.156586411988606233e-01,8.759965957086104371e-01,4.552102118772456407e-01,8.934870148464912898e-01,6.329043574835808705e-01,4.967897410356310051e-01,1.904466581581368556e-01,8.337087142064519840e-01,4.227156751742683349e-01,7.988223226439805646e-01,8.193109679457972749e-01,4.193875833215007787e-01,6.395537847486519878e-01,9.496622159958809650e-01,8.117753909851117555e-01,5.672854155489409633e-01,7.480458004106581571e-01,9.133515254280855089e-01,8.620060065588135423e-01,4.842857269310636426e-01,3.177461572639415088e-01,4.580305938412494449e-01,5.630041377556972426e-01,6.883465952521041764e-01,3.434760514640451401e-01,5.996377886307479033e-01,-1.546922257011865975e-01,2.145745512188923509e-01,4.975010419625872649e-01,6.545640773157782588e-01,8.127855315883737441e-01,3.770015955174906841e-01,9.678140924436956505e-01,9.958220526133645389e-01,9.820325596339239960e-01,7.081825183790576572e-01,5.718128371434498813e-01,8.586211668036867195e-01,7.545745990527082947e-01,6.080045141003335152e-01,3.083381798371795934e-01,7.705277424459019420e-01,3.940476386853223323e-01,8.150345780083390057e-01,8.433446528314199053e-01,2.987940481512733615e-01,9.644756647698732310e-01,4.606606880822927130e-01,9.055227369147285099e-01,6.018182586792663047e-01,6.738396045515075983e-01,4.740300968142920346e-01,6.860511226180383559e-01,8.135765247310401405e-01,7.145380045400708813e-01,7.458247878317787460e-01,6.464482959199269185e-01,9.491790616697606264e-01,8.664108108870662850e-01,4.741438456860664341e-01,3.017864316544578984e-01,6.538039495267241596e-01,8.331431094327206299e-01,5.592740845354999824e-01,6.210579339249653330e-01,9.061557148988116372e-01,9.439694458813598921e-01,7.073563008141121600e-01,2.653642219644881117e-01,5.084283631486730126e-01,3.595358034550347193e-01,8.818204896511770974e-01,3.630019170954905672e-01,8.142109992304195076e-01,7.896419972383300623e-01,4.632711390213149483e-01
4.813553991721062908e-01,9.904165152882467016e-01,0.000000000000000000e+00,8.031648237115839306e-01,7.623766656180115397e-01,6.573448035552384994e-01,9.077412493179063402e-01,5.735957364719571627e-01,8.881246650540611798e-01,7.482088232867840638e-01,8.960819150150349799e-01,9.645628671069640392e-01,8.224465811278774963e-01,9.249736675197730573e-01,8.488374419167479257e-01,8.226039170337662298e-01,2.898018279094080607e-01,8.732898887548634637e-01,7.385985491267950120e-01,8.281920665185338315e-01,3.327039993668546303e-01,7.541512509060003255e-01,8.804050847093731758e-01,8.686263657580425290e-01,7.057887243978278047e-01,6.287909922384197214e-01,7.364843473919246986e-01,5.838021029331112999e-01,7.558592843845171050e-01,5.094848256259372210e-01,9.492740716403367252e-01,8.548798104185306723e-01,8.708155499172769431e-01,8.871513325905076019e-01,6.978154229452516732e-01,4.718973940465233663e-01,2.614921674841218513e-01,6.410737604418220714e-01,7.258270536268642825e-01,7.269117772503467245e-01,3.252676206947334725e-01,9.329978905737011941e-01,7.289273595128358263e-01,5.507332575127859009e-01,3.004079975947359649e-01,4.297719036451022045e-01,7.606169394371529169e-01,7.113515223408587440e-01,6.953207635966037747e-01,3.369290944117911413e-01,6.387632306197840171e-01,9.334277106659009116e-01,9.338374262571484952e-01,8.538424426891849661e-01,7.324960535316891175e-01,8.721565452660334783e-01,6.728069204327324915e-01,7.740083330230675962e-01,9.615847406087628668e-01,4.289593840222000187e-01,7.393243922852856809e-01,9.812910475219667195e-01,7.919208522417352514e-01,9.839213431523000652e-01,9.252464008030515386e-01,8.927458251045630178e-01,7.611734179047898730e-01,8.557059203263216451e-01,7.206741177181900104e-01,7.976602228972923259e-01,5.277324740719363527e-01,9.904716864609167670e-01,5.391320543783002517e-01,1.017807599729511764e-01,9.912353263720100616e-01,6.136499439532073774e-01,7.164341695911586871e-01,6.462210798634571152e-01,8.931275427112583820e-02,1.008472813404691915e-01,9.034900583956690934e-01,8.330716506176415459e-01,4.348529574010127630e-01,7.701226751787018099e-01,4.009145371372235811e-01
7.825590675846102462e-01,9.167261689307598660e-01,8.031648237115839306e-01,0.000000000000000000e+00,6.888669826316717870e-01,1.318354756353413981e-01,5.652167038254412024e-01,6.996454080470486669e-01,7.744106112807953579e-01,9.775721975013447196e-01,7.385386181675044348e-01,9.434461547658152814e-01,4.053151877130560798e-01,7.048925078359644658e-01,4.143600478191530878e-01,2.251773819190547310e-01,6.462281756233978491e-01,7.881284981804743683e-01,8.535329255589862996e-01,8.697958122661958447e-01,9.443833860355617116e-01,9.396399072158462262e-01,7.058228458228180680e-01,6.072397884679489044e-01,6.972236945691492327e-01,4.722948390313843059e-01,7.626180528714249229e-01,7.631614759138751758e-01,4.398359480999982640e-01,6.165435845991983355e-01,4.070736199839186109e-01,4.949112212902342378e-01,6.253306760858978741e-01,4.344698947431737124e-01,8.698539192808917297e-01,4.301833604489824769e-01,3.313105460011015468e-01,7.088658107005878506e-01,9.328205745591239273e-01,1.934881160262054700e-01,6.417804413359157190e-01,6.436615699770785737e-01,7.324782457891884091e-01,8.234289777625806162e-01,9.440108829656278511e-01,8.780415942503729809e-01,8.863702595080310553e-01,6.201872314821724741e-01,5.628019336326717248e-01,9.205317843904677888e-01,4.567468515985579347e-01,8.600253544880647194e-01,7.181539680389037450e-01,8.938785207815447276e-01,6.192298846615378327e-01,9.233330112175917037e-01,9.881232606972005783e-01,6.766162225323202328e-01,7.604783285768463852e-01,3.590157903957529317e-01,4.861581569596790109e-01,9.546937624852451787e-01,7.662600432701152098e-01,4.846443032871818324e-01,7.624407530128931576e-01,7.895513979171508989e-01,6.505213573529433635e-01,8.377258945522989553e-01,1.148591464748878882e-01,6.558378290821142986e-01,7.484333353497963914e-01,6.429004641724116453e-01,4.282444662147579795e-01,5.752014434609203919e-01,6.045048203338564408e-01,6.901152962414556225e-01,8.280970849309172710e-01,8.855016314464771998e-01,5.217026314536633569e-01,2.683989422532357949e-01,5.634936634479262851e-01,5.945192802762874207e-01,5.617191406271049292e-01,5.833112029553437772e-01,5.545551434041237071e-01
8.448259330601418648e-01,8.310221324837607781e-01,7.623766656180115397e-01,6.888669826316717870e-01,0.000000000000000000e+00,6.631373257036174973e-01,2.735923267354797295e-01,7.568192649739249322e-01,5.405066833062674991e-01,4.866029361898523975e-01,8.159959411514161598e-01,6.907890608840148161e-01,3.813577798994829404e-01,9.302415630215212783e-01,8.334174544351368175e-01,4.956574740879411411e-01,8.064544368993760148e-01,7.198459600599372843e-01,5.713779891404237032e-01,7.827360823182805127e-01,8.733642896917794829e-01,4.159125624570300106e-01,7.227494241348733084e-01,7.702637110681531674e-01,4.171073888020687681e-01,7.136998703829464663e-01,9.110772053109755797e-01,4.562756195374037538e-01,7.774272594437687811e-01,7.268916508868827897e-01,5.596563767944011669e-01,3.499192091250699077e-01,7.284162553947095553e-01,4.897433729216380538e-01,3.018675508262214091e-01,7.837276776836814562e-01,4.044764825139070541e-01,5.902027396474975873e-01,6.443882935776893417e-01,5.641514082811369679e-01,9.403478883285284473e-01,4.337980939040935596e-02,7.111574411350315428e-01,7.414205916692824250e-01,9.030485325286438103e-01,6.417709430126415926e-01,8.550442788599246224e-01,5.257818058369183589e-01,8.675161659188829200e-01,7.112734553525905667e-01,7.140441169345412842e-01,6.073909367618157695e-01,9.481788319473322124e-01,4.196562770962344313e-01,1.129041840006171915e-01,6.241665526166917388e-01,8.871519131221464738e-01,9.990653440671199981e-01,6.255214700400293371e-01,5.192508861039510926e-01,3.438740422262709373e-01,7.785512867466867215e-01,7.320223330165429587e-01,6.685599760332557873e-01,9.245659057002804104e-01,4.205021117902379979e-01,8.909255245034929382e-01,7.806634486089469860e-01,4.397472910558208881e-01,6.787977127824970092e-01,7.619434007862662117e-01,7.147459058155293254e-01,7.860009337861040279e-01,5.844776918908080043e-01,7.209318782935084657e-01,3.336294105844567204e-01,1.145118800599795872e-01,8.074880157220185595e-01,5.935939852708526088e-01,5.824394450036644022e-01,7.559171392372713294e-01,6.138634322913110175e-01,4.763631418109578464e-01,5.684087264878682211e-01,6.808089020892484911e-01
8.653046310655975182e-01,6.413412029700982231e-01,6.573448035552384994e-01,1.318354756353413981e-01,6.631373257036174973e-01,0.000000000000000000e+00,-1.148142350050360139e-02,6.319364165553870150e-01,6.105123482130281332e-01,6.317683824587448926e-01,9.180623426852997371e-01,4.932551626343425477e-01,8.250699939963278551e-01,8.952423603988540757e-01,6.009568449611601970e-01,3.547175283522085998e-01,9.800530057737493195e-01,1.309405646029718207e-01,6.008246537112378327e-01,6.310122237699299363e-01,8.652407034576041767e-01,2.923325721086497131e-01,7.185169473748429514e-01,3.626850155350541116e-01,8.349063795543778532e-01,2.260816448597788297e-01,7.506493266804878939e-01,8.819386821867373216e-01,4.093011246960325256e-01,7.544580285805612130e-01,2.133210580074667018e-01,7.285033033586628681e-01,6.501862994247379346e-01,8.457909396026204174e-01,8.491597086076507761e-01,3.632685576386982529e-01,3.039304333850894047e-01,4.576091180363143218e-01,9.400768806170001213e-01,4.520841578383909543e-01,5.382137934078592423e-01,6.670972456263639661e-01,7.085439458055354800e-01,8.559494168404196968e-01,8.875960736509889148e-01,7.885195547860904819e-01,8.373759263090767568e-01,4.202832370820657748e-01,6.637674867710791071e-01,6.293661487885587880e-01,5.146689595364064562e-01,9.505909071659343068e-01,6.240174949015990791e-01,5.610505400557519451e-01,4.764622308017795183e-01,9.580448332832913749e-01,7.960534733972087773e-01,6.731432093274233308e-01,7.936258091961649885e-01,5.277153914674141966e-01,7.986534779848384336e-01,3.333064891023672649e-01,7.059460968861027697e-01,7.777738387233918971e-01,9.460129162293439142e-01,4.052371272983326667e-01,7.208982653153850340e-01,9.610813724928066737e-01,6.088961031883523001e-01,9.288166844418541679e-01,8.742323130547812182e-01,8.642095351286922522e-01,4.804742438612860100e-01,7.276563125311735769e-01,5.138890854403934672e-01,8.805461399585685633e-01,8.547802007093903143e-01,8.265662293973363717e-01,5.807352638632135022e-01,3.658484086584308792e-01,9.266015422709388272e-01,6.791000473575307117e-01,9.775591753200874034e-01,9.919006015047442393e-01,6.316843912370124769e-01
7.966736210777747296e-01,4.041295066889131204e-01,9.077412493179063402e-01,5.652167038254412024e-01,2.735923267354797295e-01,-1.148142350050360139e-02,0.000000000000000000e+00,5.919954135247176286e-01,7.165430501591342205e-01,3.903348723804156428e-01,6.067467079698950494e-01,6.924375005213706524e-01,7.229090624108204244e-01,7.202355908782673843e-01,4.715639557847975949e-01,5.469896146191544073e-01,9.378385111522009598e-01,2.144517447350477446e-01,2.584372326661108499e-01,2.416104822430223398e-01,9.745540697310510758e-01,3.818461490165317995e-01,5.036671832010014560e-01,3.046422214032505904e-01,7.464943107176748027e-01,4.494261501401056180e-01,5.647307574093541893e-01,7.632282053549674927e-01,7.833467183289768987e-02,5.000308644782156531e-01,2.276045355213511812e-01,8.543876441906920194e-01,5.768532051538438621e-01,5.888338818524025964e-01,7.734879660800986212e-01,6.131485666363409859e-01,1.431801449536055648e-01,7.140874172579769752e-01,6.675192828560141400e-01,3.754470130594371735e-01,5.220197433689283129e-01,4.664403989688538088e-01,7.255582084843434920e-01,6.863728793560681662e-01,9.785920477191583089e-01,7.673576934311544528e-01,6.441118165047102773e-01,6.184400695113931867e-01,7.712432609772259529e-01,7.293260022555333455e-01,7.827252989201123334e-01,7.996417215925868405e-01,5.758220335693216008e-01,5.960182858873777079e-01,9.280640747139173863e-01,4.115202418038513832e-01,7.676694653264364288e-01,6.048783223242062412e-01,9.337681695225588108e-01,4.995264664814329514e-01,7.350621202635699847e-01,7.628476264750612135e-01,4.826320216148571873e-01,9.440268289617137487e-01,4.429211114037492902e-01,6.222932339851918737e-01,5.227482561552708740e-01,9.796916680420995061e-01,7.465360276892570035e-02,4.696874629512625132e-01,2.451933749178435984e-01,7.357512450756047429e-01,2.012536947388861852e-01,5.228849613270054597e-01,9.047388222646212119e-01,2.171223508114056844e-01,6.091721885223124744e-01,4.913882267348705923e-01,3.134773312032196335e-01,3.884045568900376666e-01,6.137668575955564920e-01,8.097765402174800231e-01,9.691616853306969093e-01,5.599629099790963682e-01,8.642967859596957236e-01
6.008820602274387301e-01,2.421171236435671892e-01,5.735957364719571627e-01,6.996454080470486669e-01,7.568192649739249322e-01,6.319364165553870150e-01,5.919954135247176286e-01,0.000000000000000000e+00,4.482386733480634988e-01,6.202867628636331565e-01,4.253972625367504756e-01,7.864593959784982324e-01,8.705842398343415223e-01,7.561975228813827554e-01,7.840886687449005743e-01,4.414919691136988122e-01,7.908955440805930381e-01,5.460575684947970299e-01,5.520177230142842006e-02,3.317896519718513959e-01,5.425594759991461125e-01,7.516799898213226694e-01,4.335107234139717880e-01,7.389059955694434745e-01,9.235384396127631623e-01,9.084335696286008899e-01,6.611710496629930045e-01,9.694681719392492791e-01,5.206712339509398380e-01,7.477855283249152940e-01,7.044660590416627066e-01,3.552903265967837232e-01,6.858976073575776544e-01,7.441055161648523208e-01,4.965731657747760597e-01,3.918512982436550551e-01,2.641864516992071810e-01,7.607562994360193009e-01,9.757515059385095668e-01,6.264174195971182746e-01,6.134623109760006798e-01,4.014540299997283457e-01,6.131905772981488534e-01,7.085027207566868546e-01,9.110589718716739505e-01,7.480870682520549542e-01,8.170621607150159171e-01,5.762609734483059576e-01,4.648823972174710439e-01,3.355827373762678700e-01,4.106128987054173951e-01,6.127424774859775436e-01,2.257008908492822985e-01,4.380555345397540434e-01,5.606279114848269352e-01,8.748837481149946971e-01,7.916889689033623778e-01,5.925590800651981960e-01,8.850744469292526340e-01,7.772899313142909161e-01,4.953366817463998872e-01,1.360827735102726199e-01,5.074533732515730255e-01,7.030714863631093436e-01,2.859701994794889846e-01,9.042879753528924036e-01,8.257088714039434452e-01,9.947084560332688508e-01,7.334987572173786718e-01,4.409842424987298060e-01,7.875337669134726548e-01,6.333202222236627987e-01,9.578288500289394714e-01,4.434380351576452939e-01,7.564022658880016348e-01,4.035714321871348709e-01,6.378437174880805527e-01,4.433426528137264233e-01,2.747050302092321483e-01,1.395049856806098165e-01,7.163743469207629611e-01,9.874890319420945861e-01,8.875633081984138917e-01,3.977564737907778314e-01,4.604213504413486313e-01
8.245279583806358614e-01,4.187395744216227955e-01,8.881246650540611798e-01,7.744106112807953579e-01,5.405066833062674991e-01,6.105123482130281332e-01,7.165430501591342205e-01,4.482386733480634988e-01,0.000000000000000000e+00,9.189618370666448044e-01,7.767550413989152691e-01,6.482284116176053601e-01,9.718881008617579198e-01,9.112528915709143806e-01,6.271286917457699062e-01,6.271426849203021181e-01,6.614299046334980448e-01,2.463729675123803031e-01,8.577403366102678284e-01,7.245084370037019328e-01,9.439275798401248752e-01,6.153743409882393989e-01,6.534835512006156311e-01,8.860227182007541780e-01,7.867145750927471148e-01,8.371235150412391635e-01,6.943732771689278271e-01,7.933679125646142527e-02,4.490801610410261602e-01,2.859662362555704003e-03,3.951336388250233367e-01,6.724760557652007531e-01,5.655535626316386955e-01,6.533630012543820698e-01,9.886404230897272161e-01,5.472929589202160106e-01,6.292997569596159302e-02,8.190357460718332705e-01,8.338779501322893806e-01,6.196141719283559945e-01,6.090855197805082888e-01,6.280829744701951212e-01,8.782081796097421789e-01,8.539028146692665411e-01,9.779419833491829195e-01,7.208586439875308560e-01,9.827614587631775533e-01,6.101329228278519201e-01,4.939200809927001279e-01,9.402625241652555754e-01,6.116420037573192525e-01,8.877038861714330320e-01,7.542263787480878445e-01,5.765915186679924087e-01,7.678372795742797186e-01,3.863945276176719013e-01,7.910362553176236711e-01,7.991786287187034876e-01,8.416619911102196649e-01,7.463948449836612653e-01,7.515194254765766857e-01,7.137016179242933189e-01,8.608163730595334018e-01,8.287054384077729985e-01,9.328425993532186711e-01,6.584153673033729115e-01,7.400861826415487954e-01,5.552643476013028323e-01,4.224163746458989843e-01,7.733765341338961763e-01,6.945509746969174003e-01,8.416237727005138058e-01,5.746754257560486856e-01,1.671085773499907667e-01,9.203558486322167553e-01,1.116793277115928629e-01,9.418553728827281368e-01,8.076704781333420291e-01,7.029886503412067222e-01,1.744043101932077899e-01,6.225036308094162862e-01,9.566151129425887190e-01,8.049112512847735879e-01,7.315166803289548936e-01,9.624411422021302842e-01
6.052307686812409271e-01,5.156586411988606233e-01,7.482088232867840638e-01,9.775721975013447196e-01,4.866029361898523975e-01,6.317683824587448926e-01,3.903348723804156428e-01,6.202867628636331565e-01,9.189618370666448044e-01,0.000000000000000000e+00,3.022248813840213155e-01,4.277564933728142949e-01,7.599565248610663515e-01,7.455792931463888218e-01,8.179246049289854437e-01,7.453244170815551684e-01,6.691160144702543722e-01,4.416309861377233914e-01,9.426286412698707817e-01,7.524195758323810601e-01,3.963468936839424916e-01,6.906886012449385825e-01,8.796178825669814794e-01,6.977291412647019797e-01,5.380247884874133080e-01,3.144339657177662728e-01,8.999328631294095659e-01,5.772810969275914417e-01,3.648681503881443522e-01,6.267539762825724559e-01,3.545148783898822709e-01,9.540939337987801583e-01,8.040714847848504654e-01,5.226062715934184366e-01,6.760557299650817864e-01,4.104346872582728123e-01,5.058649740694232122e-02,5.715380396066774282e-02,6.802984200982931107e-01,8.725290180566874776e-01,5.102302725614602519e-01,6.148520998369858548e-01,6.293520401710122059e-01,1.707865975045709250e-01,5.396982998560078543e-02,8.402175776471529911e-01,5.822559482637145178e-01,7.350013625190954247e-01,3.701292540327765224e-01,5.539886042779311737e-01,7.900792165664696221e-01,5.710050626501822491e-01,6.919326234280436250e-01,7.481199981780655150e-01,7.860591540545460720e-01,8.888635243337599245e-01,9.057752761570118105e-01,9.803066860745132116e-01,4.347722212720673274e-01,4.967588270491739566e-01,3.327989814270864155e-01,8.984624052510447045e-01,3.496550980531941688e-01,7.696462265605734654e-01,7.632488286335236127e-01,6.504174981790399324e-01,9.301670063844216241e-01,4.892398144070995158e-01,7.010514280854199809e-01,6.565882965802589677e-01,8.070514641771437958e-01,9.736085528155650204e-01,5.323124384524923203e-01,3.821752173479794901e-01,8.892526333872915467e-01,6.760803094511560474e-01,6.635398619902882489e-01,8.419236743783560240e-01,4.876109218666718759e-01,4.510594092939490540e-01,6.475833644800761402e-01,7.172076222704265591e-01,5.801064825490728216e-01,2.203392292832098351e-02,6.788440031711553413e-01
5.458678968315913149e-01,8.759965957086104371e-01,8.960819150150349799e-01,7.385386181675044348e-01,8.159959411514161598e-01,9.180623426852997371e-01,6.067467079698950494e-01,4.253972625367504756e-01,7.767550413989152691e-01,3.022248813840213155e-01,0.000000000000000000e+00,6.419807579824297061e-01,7.205502343672600674e-01,9.628316015666510408e-01,4.527755679355941476e-01,7.233507458334421658e-01,9.331840014846196629e-01,7.430073700484001176e-01,8.452513057669637231e-01,8.538561609552168807e-01,8.895096363010026597e-01,9.493503800050986374e-01,6.714465992372677938e-01,7.046792847711791374e-01,6.379242074930204787e-01,4.258910286307886484e-01,9.183494619862776487e-01,8.160737716953642140e-01,4.164961306361915638e-01,8.565425829891674114e-01,2.106658550027893373e-01,4.354011351720712963e-01,6.823323321796989083e-01,8.452921882572796974e-01,8.214839689189071814e-01,2.295382151666312265e-01,3.769665824856812675e-01,2.168413763900384761e-01,6.881511964499908984e-01,7.913668097906941812e-01,4.040145643769036399e-01,8.467579060341614561e-01,4.425160533308121757e-01,8.383680656298727607e-01,9.023062364081262388e-01,8.231082879079437697e-01,2.125854069641329169e-01,8.763997136020458267e-01,3.669712637539507272e-01,7.570544617081109706e-01,7.088057219669966491e-01,8.877415470375681350e-01,7.690856326629618156e-01,5.789935234597609615e-01,9.948694130695590054e-01,9.725812517004412960e-01,6.026941063251727293e-01,7.630575603548913621e-01,6.846843918768528159e-01,1.789848839695291349e-01,5.174205841149505103e-01,4.598155530178922312e-01,6.066754580374419392e-01,4.043526548685325572e-01,8.482409402150362654e-01,9.500053890710291604e-01,6.912746680998099746e-01,7.065887027289402544e-01,3.742358588553403864e-01,7.256416314197677853e-01,8.687520186394439570e-01,8.151688639293129812e-01,5.188445543640920476e-01,9.393234061703222837e-01,8.928680390858251270e-01,3.836339136672191064e-01,4.659015120395690324e-01,7.077380617168559374e-01,6.797845429081960100e-01,2.377622366937297560e-01,3.168544173525509461e-02,8.821295061148869410e-01,8.328088887250224559e-01,3.192365161279758778e-01,6.000671292632077103e-01
9.792713385682286775e-01,4.552102118772456407e-01,9.645628671069640392e-01,9.434461547658152814e-01,6.907890608840148161e-01,4.932551626343425477e-01,6.924375005213706524e-01,7.864593959784982324e-01,6.482284116176053601e-01,4.277564933728142949e-01,6.419807579824297061e-01,0.000000000000000000e+00,7.686735777011066695e-02,6.726422882292568683e-01,6.687886169860980390e-01,6.809043181114946552e-01,8.711085184225595412e-01,7.406696028943764443e-01,8.366724506969442920e-01,6.563958718701687900e-01,7.715242775080854987e-01,6.108494008896849792e-01,5.444296601907988586e-01,6.349312581802516453e-01,7.971728709644537725e-01,8.170948397798241114e-01,9.465610986556199924e-01,7.175530155969549462e-01,8.374629042437333748e-01,4.622885686999425037e-01,5.345263783197176100e-01,9.616963452691807968e-01,7.016469594759635608e-01,7.990642503287522791e-01,6.124841948797293822e-01,7.739896686296456885e-01,4.558538555500755707e-01,9.707220349637752932e-01,8.324338664277558530e-01,9.555208372360145530e-01,2.038873790689336163e-01,4.027981261354278697e-01,6.238250015474068322e-01,8.919997062956910305e-01,7.834048150533765575e-01,8.515141224963934663e-01,3.810318813377113756e-01,5.362926328277138888e-01,6.132059444579246454e-01,4.608696961712157036e-01,6.178920527674427454e-01,4.209092056458817455e-01,6.435795061898926805e-01,3.051518358279476928e-01,8.111737746875141708e-01,9.941496062009862467e-01,6.377846976028602732e-01,7.541209545297871131e-01,8.751064168600132254e-01,6.414033336353828219e-01,4.149392085904126670e-01,8.329874188879310415e-01,6.723770729914424482e-01,7.335381566045461321e-01,9.542065493530089704e-01,5.237008538776570798e-01,9.318120978323161108e-01,6.820065164250379564e-01,3.133194593709195397e-01,7.548522158383149661e-01,9.936367701984265555e-01,8.733569239823449903e-01,6.260015540878111073e-01,1.354221674731086525e-02,7.621414230734941953e-01,1.885158538340105938e-01,8.097888403420975267e-01,5.739842652058009254e-01,7.514457704496946278e-01,3.295290425317380922e-01,6.614558990299241881e-01,8.814281987918587413e-01,5.966467806806420304e-01,3.722473388546228279e-02,6.553087770200208828e-01
5.950548868858936968e-01,8.934870148464912898e-01,8.224465811278774963e-01,4.053151877130560798e-01,3.813577798994829404e-01,8.250699939963278551e-01,7.229090624108204244e-01,8.705842398343415223e-01,9.718881008617579198e-01,7.599565248610663515e-01,7.205502343672600674e-01,7.686735777011066695e-02,0.000000000000000000e+00,3.522904878450904831e-01,9.077857441983679943e-01,8.407877706601660783e-01,5.700227308479979271e-01,4.167259462890016142e-01,8.322926125298159006e-01,7.388141664586467261e-01,8.874085527143261709e-01,9.970938788990235668e-01,9.570327528108353299e-01,7.893115335072242722e-01,5.205307113016084397e-01,9.260290755180496935e-01,7.927963735453102956e-01,9.543692892953311580e-01,4.566804480370248442e-01,6.362341665122468459e-01,6.702346395310622151e-01,6.459630264731410776e-01,8.004668091515346751e-01,6.514975466318453368e-01,4.194978900526514232e-01,9.279557704761107750e-01,2.494665968456394045e-01,6.682008720398837642e-01,6.648904211332042902e-01,8.695734173552234214e-01,5.725955414612710070e-01,8.941667084092933537e-01,8.429816176762419122e-01,9.377664143037561795e-01,9.095869057401801960e-01,7.131489042787624300e-01,7.151000944893068922e-01,9.847058181885749439e-01,7.225543641857169463e-01,9.467312165214014641e-01,7.718519544094913920e-01,7.750454940021631600e-01,8.392072240094387015e-01,6.711619435741895678e-01,9.243504679558968151e-01,9.748322218250353721e-01,3.747646310188620378e-01,6.704232432690302446e-01,7.276984006945218519e-01,2.770673576388706927e-01,5.963327588808458035e-01,9.787917998168659262e-01,4.212691748777021572e-01,8.674798886006720444e-01,4.144796369272299996e-01,2.999348124514369940e-01,3.425188950163603474e-01,9.504932131783280225e-01,6.609221967637406436e-01,9.454920170605946028e-01,8.639354004722485936e-01,9.993907162237908315e-01,5.057328085683948649e-01,6.901346842928329783e-01,5.089447055571315603e-01,6.350538523985174155e-01,9.473665803816485598e-01,8.698743886301149031e-01,2.585340207995246442e-01,2.348194523709929982e-01,5.767693144831121943e-01,2.657628759386214123e-01,7.158587118199590815e-01,8.143893933610644176e-01,6.121573434776411693e-01
7.761724887089287428e-01,6.329043574835808705e-01,9.249736675197730573e-01,7.048925078359644658e-01,9.302415630215212783e-01,8.952423603988540757e-01,7.202355908782673843e-01,7.561975228813827554e-01,9.112528915709143806e-01,7.455792931463888218e-01,9.628316015666510408e-01,6.726422882292568683e-01,3.522904878450904831e-01,0.000000000000000000e+00,4.212091402751171332e-01,8.661647506106984196e-01,9.755915167704258817e-01,6.452462868767984139e-01,9.012207652221588816e-01,9.537333286554593448e-01,7.273601986183731993e-01,9.910499824662779567e-01,7.084655152081978935e-01,6.177184663117759600e-01,5.918768256452426879e-01,8.272663264592239329e-01,3.415305680344221662e-01,9.538452363177476467e-01,2.000333040793190187e-01,6.000091106614930947e-01,-4.262074719452096927e-02,8.940621255432966707e-01,8.720354596966073402e-01,6.092845645985200953e-01,4.787064855750757242e-01,2.588724483186750636e-01,5.536984141515486346e-01,6.130076187682833577e-01,7.245225783895175020e-01,8.954432199473442155e-01,9.607685303811380750e-01,7.732370542658727475e-01,6.906746593049634120e-01,9.458118533311830056e-01,6.847585913809010050e-01,8.572487845388994110e-01,7.860010774461370087e-01,7.429249047456323307e-01,9.625843755722416351e-01,2.060463550578700009e-01,6.580220922964830077e-01,8.110506890173593275e-01,6.635134959330080129e-01,9.295968238119143301e-01,8.053877408195838639e-01,9.426640979377447493e-01,6.482584865299264587e-01,5.946220036034084444e-01,9.143212022811476603e-01,2.335720602519817668e-01,3.951843928607438050e-01,8.172392703274476977e-01,7.130328734480436692e-01,6.700652406713074605e-01,9.808386620353530816e-01,6.235405755861214150e-01,4.365247669132739650e-01,4.536905011673290633e-01,5.543857027777810975e-01,6.772985255273824556e-01,4.483583598199823439e-01,7.883742374690085875e-01,4.230623721035694507e-01,6.018844920630167517e-01,4.298812100686916771e-01,5.159479811911903413e-01,5.497211929193253077e-01,9.526950268909670783e-01,3.349738620125211064e-01,4.403358749376589110e-01,9.670008656896884602e-01,4.479536113875177139e-01,9.990439153961847563e-01,2.962096548799502682e-01,2.460287281446380814e-01
4.791504624801450757e-02,4.967897410356310051e-01,8.488374419167479257e-01,4.143600478191530878e-01,8.334174544351368175e-01,6.009568449611601970e-01,4.715639557847975949e-01,7.840886687449005743e-01,6.271286917457699062e-01,8.179246049289854437e-01,4.527755679355941476e-01,6.687886169860980390e-01,9.077857441983679943e-01,4.212091402751171332e-01,0.000000000000000000e+00,5.574846967164454048e-01,7.941757177686155078e-01,4.942719980960770809e-01,6.686744970092735052e-01,5.360677547982294344e-01,9.355536247134395023e-01,7.000794142827974076e-01,7.402509980413276569e-01,4.285917076931172187e-01,6.520353125002971151e-01,2.518693342002242264e-01,2.148379647419292326e-01,9.475805385969431338e-01,3.279144406654784794e-01,5.870626017810889885e-02,6.339529487041755118e-01,5.968861726898431197e-01,6.031739801867489481e-01,6.751473610437060957e-01,9.901130870107941462e-01,5.887855217348759718e-01,-2.702947513511078093e-02,3.713865428498851484e-01,7.194908281766497771e-01,6.884956418545818968e-01,2.243463095970573695e-01,7.555541745339824367e-01,8.643031457186394206e-01,5.568466275502393925e-01,9.227017784306241754e-01,6.681691803507737726e-01,6.384755367286240046e-01,7.625705877039958835e-01,6.520879956083368567e-01,6.913662641599738201e-01,9.803713624806964511e-01,7.238108075496156868e-01,9.744753764266521623e-01,7.865974085994507092e-01,8.667100419454765170e-01,4.646569183502390898e-01,7.971362859834885128e-01,7.738352003518639277e-01,2.088523739164616089e-01,5.741313532112197748e-01,5.287623314916404249e-01,9.586580288606523226e-01,9.239364618832807130e-01,7.833304074387222871e-01,7.558243903362060756e-01,7.364680060841203302e-01,7.084995349007848775e-01,8.546409118406919081e-01,5.539953722400960956e-01,4.028514159688426632e-01,8.983656261675528887e-01,4.142685594022074702e-01,6.219479604649120752e-01,4.623486589369104616e-01,5.625015090501203074e-01,5.666879606744811282e-01,6.217352517243081023e-01,6.776047541672323149e-01,3.614562628387378296e-01,5.248595989420867802e-01,2.496573431122892373e-01,8.892449187424154022e-01,7.301877523071763632e-01,4.570189623685801950e-01,8.867670208799347531e-01
4.871068660165648323e-01,1.904466581581368556e-01,8.226039170337662298e-01,2.251773819190547310e-01,4.956574740879411411e-01,3.547175283522085998e-01,5.469896146191544073e-01,4.414919691136988122e-01,6.271426849203021181e-01,7.453244170815551684e-01,7.233507458334421658e-01,6.809043181114946552e-01,8.407877706601660783e-01,8.661647506106984196e-01,5.574846967164454048e-01,0.000000000000000000e+00,5.711632381122803137e-01,1.108868854018850714e-01,7.803283668509598536e-01,7.479282514413423399e-01,6.024514393160458336e-01,7.013917235858966315e-01,5.095876193003014976e-01,9.176619954722331496e-01,7.280899541567557032e-01,-1.009799163187901083e-01,5.570740879551820957e-01,9.267454739159668442e-01,2.339544926875750108e-01,5.995549126507194737e-01,4.071902613553101680e-01,4.487717524466928176e-01,4.693119928840355226e-01,8.917704804823115006e-02,4.542101769417999368e-01,7.786788368759511858e-01,5.009727200491856935e-01,7.248944495574757285e-01,4.107393588312414079e-01,9.613434619039326057e-01,3.652615184041617669e-01,7.604784639137509572e-01,7.501981927266896388e-01,4.379629765014925735e-01,8.367273536018793312e-01,7.305247485433428167e-01,7.819875986549269520e-01,-2.590946441217223395e-01,7.584174242520712594e-01,7.343979285838456716e-01,6.774488077917646400e-01,5.767432747767804457e-01,9.402878816712588739e-01,6.561622174183024958e-01,8.061763714968676053e-01,8.651250842907369787e-01,8.442310725992675513e-01,4.885015055787299554e-01,7.467623300829113742e-01,4.139103539537860033e-01,7.984705808112297909e-01,7.034391691557076998e-01,8.376549938970689890e-01,7.881698947263127142e-01,8.456634581254971472e-01,8.823388370587416096e-01,6.243318680335048221e-01,6.133357105013792498e-01,6.629677833839646706e-01,7.724364895524685748e-01,6.410692827970574381e-01,-2.949139586802565494e-02,4.778012551979547995e-01,4.887099756267793693e-01,2.317939695368604336e-01,9.175894497652121728e-01,4.412630370284819636e-01,3.292801672550008107e-01,5.817064248010421768e-01,4.545259855799320681e-01,3.640777276145333863e-01,7.463546764295617697e-01,7.387483166663934009e-01,4.040973786927609113e-01,8.377979752371068622e-01
6.495389027809717053e-01,8.337087142064519840e-01,2.898018279094080607e-01,6.462281756233978491e-01,8.064544368993760148e-01,9.800530057737493195e-01,9.378385111522009598e-01,7.908955440805930381e-01,6.614299046334980448e-01,6.691160144702543722e-01,9.331840014846196629e-01,8.711085184225595412e-01,5.700227308479979271e-01,9.755915167704258817e-01,7.941757177686155078e-01,5.711632381122803137e-01,0.000000000000000000e+00,5.691759644417488939e-01,5.644024588440664791e-01,2.150090292905093015e-01,5.959442014408484756e-01,8.855101443929325189e-01,4.611285514930977270e-01,9.134440178381020292e-01,8.787999890445161721e-01,6.045282812125946093e-01,7.272667077797134727e-01,9.652740825375395461e-01,5.127807661298955377e-01,1.435376393770712022e-01,1.221758873022001091e-01,8.070469253618172134e-01,8.951142925137594020e-01,4.016963105534179790e-01,8.240594295726165752e-01,2.835634884465369487e-01,2.106526289364668847e-01,9.632950081620896832e-01,7.440263173454353396e-01,1.660402618911938077e-01,5.718653130764266290e-01,9.916372147422547467e-01,9.749628333167286165e-01,9.106524867473352325e-01,2.287068826398433175e-01,6.218207912036234353e-01,9.268487398933035193e-01,2.181765010940439342e-01,8.684184732933498685e-01,6.146748385683540317e-01,9.566088993771808546e-01,8.241313999801910262e-01,7.709943300877815098e-01,6.662107377222843407e-01,8.807966452198430218e-01,5.180120944137406314e-01,2.265100704807444243e-01,6.625555720091063083e-01,9.130977417333782098e-01,2.689028528820095465e-01,5.212471033513904617e-01,9.539160241170194787e-01,7.319139528004225959e-01,4.663157254642892879e-01,7.383939042622408300e-01,5.681085250069490833e-01,8.491954807261982152e-01,8.284649696180547140e-01,4.501076392433763229e-01,2.783822871114164932e-01,8.377393416500813483e-01,8.674193396844891435e-01,2.501455426635548762e-01,6.718843187978965625e-01,6.253422835545455749e-01,9.626879793234278671e-01,9.642643250712107372e-01,8.212090650928866031e-01,3.559144933129021471e-01,3.530800087685497801e-01,7.676507380470223296e-01,7.794844060572208022e-01,5.419984822244242606e-01,7.421972317041283240e-01,2.442141966103472672e-01
9.489020820040682258e-01,4.227156751742683349e-01,8.732898887548634637e-01,7.881284981804743683e-01,7.198459600599372843e-01,1.309405646029718207e-01,2.144517447350477446e-01,5.460575684947970299e-01,2.463729675123803031e-01,4.416309861377233914e-01,7.430073700484001176e-01,7.406696028943764443e-01,4.167259462890016142e-01,6.452462868767984139e-01,4.942719980960770809e-01,1.108868854018850714e-01,5.691759644417488939e-01,0.000000000000000000e+00,1.051704136434328252e-02,6.804415915105689328e-01,9.096961666713768713e-01,-1.083466999542656850e-01,5.087013146147941756e-01,7.312739010143705087e-01,4.287743798040128951e-01,8.846430630915902427e-01,4.083027960609566520e-01,2.042767879444334911e-01,3.877915280509792728e-01,5.653431409933239449e-01,6.733362863481746619e-01,5.466755210261577957e-01,4.455267955995096951e-01,8.958942942606177295e-01,4.990327673540455589e-01,6.838848090039258976e-01,6.618245082544140789e-01,8.656658072971289419e-01,6.925221746083494168e-01,6.348395687630388196e-01,4.006026115447113845e-01,6.535656133732202777e-01,8.978570805076858674e-01,7.204426942021344704e-01,8.298692026816016920e-01,8.638522583460063187e-01,6.395879060351578049e-01,6.823307311607452741e-01,6.560496899175825014e-01,5.287116808174907590e-01,6.550925933660066702e-01,5.016272114764409595e-01,5.754168158159052027e-01,3.710673323246057587e-01,5.605084844410197498e-01,9.616649125758045535e-01,5.771743899346566398e-01,8.610038096318602951e-01,7.037520113283658452e-01,9.176656935148477245e-01,4.161627895840442348e-01,5.223271503050032072e-01,4.564619153473070678e-02,9.886326093696862216e-01,8.022902817020530764e-01,6.027454255650310788e-01,7.567803905273442489e-01,4.546067779096891193e-01,5.259241501176167288e-01,6.746925081532426649e-01,5.496400400985443913e-01,8.021329679191233630e-01,4.911281353244201231e-01,3.808446615637710586e-01,4.355638840902853470e-01,6.422109844233516718e-01,8.105493490196240547e-01,4.779037083802217256e-01,9.697573320641050820e-01,2.441609061491137322e-01,8.102852222556486961e-01,8.630394770554028483e-01,9.855836261125099362e-01,1.889471474615820878e-01,5.438400445368936076e-01
