0.000000000000000000e+00,9.209233585254031906e-01,9.533809115957910807e-01,8.747613261643142346e-01,8.584372095901044997e-01,8.963862270005907851e-01,3.281922062874271795e-01,8.632615312659843720e-01,9.046215732615463523e-01,5.109735166464642875e-01,8.991457265534673615e-01,7.090938661758775519e-01,2.534724726520268812e-01,6.827118227687427598e-01,6.366550017895978852e-01,6.632209895482250595e-01,9.309242540557109979e-01,5.687130197817573674e-01,8.209963162377484913e-01,7.917317822831697605e-01,9.538495455941992107e-01,9.041238653080089227e-01,7.383480956267047812e-01,8.275718098210852469e-01,6.754034271501593301e-01,9.262104996731193030e-01,8.542842540438240206e-01,6.894140498683651863e-01,2.908731902349888099e-01,5.004309508338534718e-01,7.542349404300628946e-01,3.323201426081076049e-01,9.902956535936937588e-01,6.082033037026706168e-01,8.065615915004230585e-01,6.668774639790678860e-01,1.177847451649557259e-01,9.106773880087045692e-01,9.090959878786016857e-01,1.667984943590188410e-02,4.408172522050387565e-01,6.328316866561132237e-01,9.946310929864807804e-01,7.463880060574243913e-01,6.763444320081466454e-01,8.797528923431972014e-01,6.365803325782547484e-01,7.707122696532315853e-01,8.944667439832402200e-01,6.463201808683750604e-01,9.971923747240555302e-01,6.663408761720426288e-01,8.325473007044704721e-01,9.291478070735076367e-01,4.023588084948599430e-01,8.029839904120874561e-01,7.646000095798279883e-01,3.467669937047053730e-01,8.637935921105792669e-01,4.079050948611105953e-01,4.890615149417382179e-01,7.390332080296152517e-01,8.754150671050228150e-01,9.898536197180773932e-01,9.296460461905301509e-01,9.700841475117825130e-01,9.141145359945064275e-01,6.792676146134494219e-01,8.498113722400185699e-01,6.924329029563464077e-01,4.153445061671051097e-01,2.726867156871292108e-01,3.708583672377371299e-01,7.741665406108597658e-01,2.540592612611269896e-01,4.356520451522163384e-01,8.367390564495014171e-01,7.725222747248475796e-01,5.246257880953262426e-02,5.816747949527972805e-01,6.306600343277647402e-01,8.098418655220402940e-01,9.836057490506305845e-01,3.310846621270180368e-01,3.859765366302431722e-01
9.209233585254031906e-01,0.000000000000000000e+00,4.673509225598936334e-01,9.554730042367503007e-01,5.680441610707633870e-01,6.721470866602833327e-01,6.690650314092249085e-01,4.987804383346328696e-01,6.620715361028425283e-01,7.246260351891561369e-01,9.857689631034733946e-01,8.920611932802829935e-01,6.641812672362039649e-01,5.897274959664301486e-01,8.993658228934258148e-01,7.476643922530346043e-01,7.773685427233170131e-01,4.789010837521268105e-01,9.360930437290642114e-01,8.806008147967046007e-01,8.463878664339641311e-01,2.568289146749529461e-01,8.049644064024191747e-01,3.056972000985497262e-01,4.759615356132024799e-01,9.726366902869592046e-01,7.814874420479969164e-01,6.032382083818673690e-01,7.498724052653689132e-01,4.629534503591419270e-01,3.939208890575465194e-01,7.270373166671841858e-01,3.202924261796796790e-01,9.275453621479579080e-01,7.101841389039490471e-01,6.946285169395746140e-01,4.806679530405145728e-01,7.512735918516260103e-01,7.721051000499582484e-01,9.096470447426403538e-01,2.140612143356511454e-01,7.875738750014495970e-01,8.852889705039971302e-01,9.248607695369139847e-01,8.768775487419209202e-01,6.805251750513645614e-01,9.877557967969737840e-01,8.901799079215376720e-01,7.885776205334562583e-01,7.869562648484056400e-01,4.359637769936008933e-01,7.095979823811755516e-01,6.664809728795729749e-01,6.155464290076526623e-01,8.595070233921224823e-01,8.343879585386059228e-01,4.635089560259695873e-01,4.591771551438280086e-01,8.877715265997692118e-01,5.126306161071599865e-01,5.335420837562299123e-01,9.301048146108997772e-01,9.434113701673338959e-01,2.835240643201007993e-01,7.499121505096999485e-01,4.362486874579007412e-01,6.947267321163568266e-01,9.407063250057473569e-01,7.347437122501170315e-01,9.936040151713571023e-01,9.756211506440256587e-01,7.593192668427057868e-01,4.520913584203052893e-01,4.465300930156614334e-01,4.561114652719500118e-01,6.797814416318491704e-01,6.008342349733646337e-01,8.880487800696070799e-01,3.884208362288993910e-01,2.412884086846708576e-01,2.165637393389676091e-01,9.396980938441088504e-01,7.668053809983690350e-01,5.637567873227783410e-01,4.439758190900144341e-01
9.533809115957910807e-01,4.673509225598936334e-01,0.000000000000000000e+00,9.281647784918316546e-01,8.545803655863204451e-01,8.408175739634644597e-01,6.989300532843911729e-01,9.159336004024614120e-01,5.008495446275799123e-01,4.747640835318285846e-01,9.695214346458550514e-01,6.435846659242606682e-01,8.435891751385444781e-01,9.263679257848617121e-01,3.106753450769402791e-01,6.674469688642208354e-01,8.131791099843084236e-01,6.237260022720710895e-01,6.796551304831250917e-01,9.825042182858167994e-01,9.343938633055214327e-01,8.016179929384018576e-01,8.358880477388074270e-01,8.852750133147462286e-01,6.559316908823820125e-01,6.412767389498779114e-01,6.441871319126115658e-01,8.646323357525188547e-01,4.216211561744736547e-01,8.052019848594981211e-01,3.831856338272295881e-01,8.499341819496544215e-01,8.564192053133782290e-01,7.644442499711240346e-01,6.886070501765867435e-01,5.614020012888472078e-01,4.192645906606161654e-01,7.141249059971429558e-01,8.686083869367702270e-01,9.162062857836219543e-01,6.897994151554744935e-01,9.576482694423817943e-01,7.126812322085268603e-01,8.120945293418443400e-01,7.963939189721288558e-01,7.824627230072780382e-01,6.332963024815567721e-01,7.141867274513297170e-01,9.010234926354221408e-01,8.542883332134850738e-01,3.353942027070181409e-01,8.882051529170985615e-01,6.355022610149735351e-01,8.325774154366922808e-01,9.485966044362846850e-01,9.523827192998997049e-01,9.426620907438063579e-01,6.980182761930048274e-01,8.809244458431597646e-01,1.218214274249643653e-01,3.244220609974521885e-01,6.744140325827037152e-01,6.744145975818217620e-01,9.932952800083691969e-01,7.290559916022836262e-01,8.849471092931835425e-01,5.629243444048747103e-01,7.919926489324385921e-01,7.309565752078305279e-01,8.461530874667517743e-01,5.281211772381203540e-01,5.063991016630865483e-01,4.238760740785764147e-01,5.135332677975433802e-01,9.373993425545985581e-01,5.920718399436669666e-01,9.890914470725612473e-01,9.172618287471558940e-01,6.794812006345992694e-01,5.524723770589491378e-01,8.325838936570252313e-01,7.666722772481099346e-01,9.905613480126799208e-01,6.768791155931285219e-01,8.731188948995197707e-01
8.747613261643142346e-01,9.554730042367503007e-01,9.281647784918316546e-01,0.000000000000000000e+00,6.195371910801200643e-01,7.560184844949250360e-01,4.332365397690724484e-01,1.836995297177895503e-01,9.825789473220064574e-01,8.162064473569521361e-01,9.837281131731533401e-01,8.201067264604160467e-01,7.504763888694796492e-01,9.815246151660503848e-01,9.087096002055767840e-01,6.253630425118577030e-01,9.986921174903393705e-01,6.920467515242124668e-01,7.195765540544882821e-01,8.241025440539143654e-01,5.416534874618588180e-01,9.177620225805579457e-01,9.266782959189985291e-01,7.544754766913053246e-01,7.612835861282640781e-01,6.575232583161410016e-01,9.223894918495967321e-01,8.693306249332792834e-01,4.709556412323120389e-01,5.127239119588925531e-01,-1.926346956032749247e-01,5.257639748084627085e-01,7.225946442019894889e-01,7.481718343240573166e-01,7.565696060216992036e-01,5.445403970365112617e-02,3.188788573120772130e-01,5.646198392782686426e-01,9.303512367282029683e-01,3.292897826477545475e-01,2.005391484895617527e-01,5.150041481500063911e-01,5.449745942079273764e-01,8.133364729322072328e-01,9.770552989149170475e-01,6.329186281547801718e-01,9.481154536486668949e-01,7.602832230381428857e-01,6.231423000706750592e-01,8.905017958240678544e-01,8.080657636916102060e-01,9.475734099270196609e-01,6.921312955790686061e-01,9.137385083615983117e-01,6.683051456420174841e-01,7.908602068607952784e-01,6.212798360300416656e-01,8.338196556460365505e-01,8.262529690257425230e-01,7.375873779630178761e-01,5.803008709762795814e-01,6.269352685502058709e-01,7.940866140455524746e-01,8.707490940741016150e-01,8.651543300326015595e-01,8.759188926802210506e-01,7.897373197674325551e-01,9.031052799866970959e-01,5.104415159670135926e-01,8.282139073970988807e-01,9.221976122399352382e-01,4.223920955640839692e-01,5.138163406724620685e-01,6.977143553410958265e-01,5.008490939031280398e-01,7.101432653436960951e-01,7.687767197769544980e-01,4.711581389962941624e-01,5.873866292067910777e-01,3.354540163355010929e-01,1.880391986366639900e-01,5.686873696005345646e-01,9.659471582462527683e-01,3.587351584454037678e-01,5.130406437076127091e-01
8.584372095901044997e-01,5.680441610707633870e-01,8.545803655863204451e-01,6.195371910801200643e-01,0.000000000000000000e+00,9.166326700115791093e-01,4.854796326714299615e-01,5.787834249018681820e-01,5.447653995215917533e-01,8.469945663633117183e-01,6.631901667205082340e-01,8.785355532806389256e-01,8.651732421995730338e-01,7.063564027444679816e-01,7.162596483152987581e-01,7.675877509107998931e-01,1.236486262250054147e-01,7.471379342178727789e-01,7.846283403968965509e-01,7.866892277290069568e-01,4.375931983215568533e-01,2.714665448249994895e-01,7.411282698643431033e-01,5.785542361076000395e-01,4.158794470577698577e-01,7.121198386835130290e-01,5.992601276827411727e-01,5.786498543054401367e-01,4.234550377172054958e-01,4.327269870386726280e-01,7.036688863627262869e-01,1.272801711716099460e-01,8.871961381875930197e-01,2.121603982832024615e-01,8.162546369763611365e-01,7.508104190795983346e-01,4.789957325704495839e-01,1.802956859877667684e-01,9.047177645988373484e-01,9.442745223744443139e-01,5.632455695466431767e-01,7.372497307509300324e-01,8.197655537562312800e-01,7.528756265452858365e-01,9.136483906934002031e-01,9.846454793582929410e-01,6.020804003245527891e-01,4.457114758640142727e-01,9.682059036350862957e-01,7.998628849530619034e-01,7.242891502060602171e-01,9.030490871315640655e-01,7.889322010286393683e-01,8.738203525178273035e-01,7.415928011149028887e-01,5.162492534791797150e-01,7.616922371496666067e-01,6.514390227293981317e-01,8.551048728398367160e-01,4.521907118290629524e-01,6.044137419734715300e-01,8.617495129801553411e-01,8.165059097482664230e-01,9.009371202448401839e-01,6.658518291148000090e-01,7.877301737031714435e-01,9.569948699354922095e-01,5.875659558548742556e-01,3.554824280596193264e-01,2.671027945363205758e-01,5.090271462303815886e-01,7.110395978384609350e-01,5.958615256324168996e-01,5.328404792386174371e-01,7.415246497507201884e-01,8.248887403358432513e-01,7.675588909679396110e-01,6.078232280817246203e-01,4.024873907322282229e-01,4.892080735505674460e-01,3.700458622548104537e-01,8.579978155922302063e-01,8.901614630062133493e-01,2.571850683300229146e-01,8.572479409226956282e-01
8.963862270005907851e-01,6.721470866602833327e-01,8.408175739634644597e-01,7.560184844949250360e-01,9.166326700115791093e-01,0.000000000000000000e+00,6.933938684251417239e-01,8.673362525706413972e-01,7.517384524606287588e-01,9.545497900291148863e-01,8.336915059361847957e-01,8.035733686922028607e-01,8.940888813363225829e-01,9.255199025252669465e-01,4.431805066160726669e-01,8.981775063137222848e-01,8.640262411350710936e-01,7.839076346992697175e-01,8.828288413100704446e-01,7.450263400640086964e-01,8.780144512822202207e-01,7.488597044302696126e-01,2.479255988854212889e-01,9.959025656379889568e-01,7.232608185393788469e-01,9.670936127798894777e-01,9.144868856646056754e-01,4.745217642161570493e-01,4.829652544598297403e-01,6.402640441648186354e-01,5.075865916705536440e-01,8.985107514211302382e-01,5.319404164968849491e-01,7.987783689761358552e-01,5.447146848801123209e-01,9.822938388448441138e-01,2.596402710426031213e-01,7.618318662622894921e-01,9.950242492210714662e-01,7.855197787241169349e-01,5.095010862649969052e-01,8.309479623681976790e-01,9.548530210918413363e-01,6.968485640580934781e-01,8.478197612061649791e-01,6.827353252534004158e-01,9.166513541130042464e-01,7.182165264857618414e-01,4.877186822998237914e-01,4.261754062660973452e-01,5.524496460318009117e-01,8.314214298168542960e-01,8.804965810592602082e-01,7.717120847306513376e-01,8.120852311636874710e-01,7.166450978438331232e-01,5.810678420623973661e-01,7.827548911612054461e-01,9.771198230575619537e-01,6.511329296914567522e-01,2.798493660376060732e-01,7.463206752689410806e-01,7.165631974772217472e-01,6.176319163464538686e-01,7.206740833655611578e-01,6.061693229772177061e-01,5.160338361539668073e-01,8.167771704764790197e-01,5.782880400309482471e-01,4.217279874932679529e-01,6.403690169292176604e-01,6.338842174048445743e-01,5.159303438927872465e-01,6.838441624208473346e-01,1.708242192829316497e-01,7.698640784234006551e-02,8.775693146396226219e-01,9.840026457212613931e-01,3.707428852150705945e-01,3.831561330356103579e-01,2.099133315883127404e-01,9.386605569784391978e-01,8.421743484049526440e-01,8.199529826781717379e-01,3.273647582645799470e-01
3.281922062874271795e-01,6.690650314092249085e-01,6.989300532843911729e-01,4.332365397690724484e-01,4.854796326714299615e-01,6.933938684251417239e-01,0.000000000000000000e+00,5.266607785799737318e-01,2.001391965976375142e-01,4.631269434431441456e-01,7.586979363110992747e-01,9.504303254788267763e-01,7.365400292821767669e-01,6.201698313288451780e-01,6.401681050226040726e-02,4.967594308094998579e-01,4.739998081421222809e-01,3.913480380524677615e-01,2.599478233838738994e-01,4.916476727159966309e-01,9.272735917075188850e-01,2.681897637787462041e-01,2.738004886770055157e-01,8.994505245477845135e-01,4.647426681737971688e-01,4.496857372770726724e-01,1.171708930748093513e-01,8.297848710117448068e-01,6.825245654291040021e-01,8.962888469241387934e-01,1.930950462605981743e-01,4.801537778535223122e-01,6.138828665941581386e-01,9.952362186330310223e-01,7.139579680306108456e-01,2.719788530007672955e-01,6.322277217291348839e-01,2.450318234378164040e-01,5.151920544777459643e-01,7.001322121636669449e-01,6.152610345190413499e-01,3.722158195995554086e-01,6.640144110416921208e-01,2.496819044024584655e-01,6.705483923166473126e-01,7.183890618096987479e-01,2.379624997145287912e-01,4.825920267314200984e-01,9.368568525606808528e-01,3.424976010458352094e-01,-1.219094619197921281e-01,7.485945800970781328e-01,4.298353919845084858e-01,4.109763529995539288e-01,4.343525900270151507e-01,6.275343212326542908e-01,2.434578364286834606e-01,3.825954247008399589e-01,7.967917981095578028e-01,5.543230114339779968e-01,4.103330121382149365e-01,6.287023685879846724e-01,7.588767577726377445e-01,7.877987854762167341e-01,9.856461288197024828e-01,7.787312927598273316e-01,5.773632235240155897e-01,6.905297177678638709e-01,7.617594221366474905e-01,7.260584771599971621e-01,1.499003797397669147e-01,2.633409989821927089e-01,4.411349835958143228e-01,1.334758704306505395e-01,-1.835970454148856956e-01,1.188981331602236846e-01,6.822801838045181588e-01,5.481333437406523679e-01,8.836830331412132145e-01,1.972926875216943765e-01,7.080202157934113449e-01,9.760715598401207282e-01,5.804846291040738349e-01,-1.641141473138865436e-01,6.739389785595319982e-01
8.632615312659843720e-01,4.987804383346328696e-01,9.159336004024614120e-01,1.836995297177895503e-01,5.787834249018681820e-01,8.673362525706413972e-01,5.266607785799737318e-01,0.000000000000000000e+00,6.560483308697808713e-01,4.620558156788546200e-01,7.978469667904040108e-01,7.809624886501338459e-01,4.990832256419118762e-01,2.454739570761280132e-01,9.047858399189419032e-01,3.436116222177137969e-01,7.862570896925479280e-01,5.005396623259715794e-01,6.975782306586620907e-01,6.678010841772180628e-01,7.547512896690088124e-02,7.800945261362510763e-01,6.777510544658474911e-01,9.949718385506158835e-01,5.753322409784302760e-01,6.616732736702777284e-01,4.606390138477340912e-01,6.083465529020622986e-01,4.619257808409210075e-01,3.861025371569257181e-01,6.119232968600386569e-01,6.232907016998949778e-01,6.475581536572381225e-01,6.323119089823920902e-01,6.265814619108371897e-01,5.069478314158928356e-01,7.878587688022936630e-01,5.198202053267191314e-01,4.187145639633907956e-01,3.433927828314378150e-01,7.904222673129381871e-01,6.800443207530219025e-01,8.908029060285814760e-01,1.601263803184622622e-02,7.978448449151944732e-01,7.364859159623694529e-01,6.234733129371974325e-01,5.527990711958232772e-01,3.614212862241504842e-01,5.152819961786788694e-01,3.346111424350557417e-01,5.707268744589581999e-01,7.917417446075447618e-01,9.776412975664037219e-01,7.258203195018883003e-01,4.266576467942728712e-01,8.915700810188766923e-01,4.683998820710357780e-01,6.763235780302204736e-01,6.366922806367135701e-01,7.277230026319879697e-01,6.872197458093869393e-01,6.928626261684288634e-01,8.550093122336069884e-01,6.246850882738065325e-01,9.291059174137576981e-01,8.413419418407699357e-01,9.896024203255702201e-01,2.812741523720121428e-01,7.089359929218559397e-01,8.850749558873743927e-01,2.198422083556593187e-01,4.234206293776262009e-01,8.988467407734844761e-01,8.878714683184981693e-01,6.917978636572439388e-01,2.741297689941666338e-01,4.722316081905137408e-01,2.637579188328937896e-01,6.733405995017646140e-01,7.982337842663767002e-01,7.803887435017355934e-01,4.608483288374416453e-01,3.099161181586800387e-02,7.151241670220730429e-01
9.046215732615463523e-01,6.620715361028425283e-01,5.008495446275799123e-01,9.825789473220064574e-01,5.447653995215917533e-01,7.517384524606287588e-01,2.001391965976375142e-01,6.560483308697808713e-01,0.000000000000000000e+00,4.344528289025271217e-01,2.432079374268413807e-01,1.539132223575379044e-03,7.670339544010544852e-01,7.174248464560541994e-01,6.028007604726544066e-01,4.603482786686515227e-01,4.646589381602678204e-01,4.361623403897049722e-01,4.054086178534342388e-01,6.860428570494239153e-01,9.131722644823599966e-01,8.847844671922678872e-01,4.338034525765854243e-01,7.716130250590689243e-01,6.411760133597973477e-01,7.476203820626269314e-01,6.944405742175037144e-01,6.957258935598753871e-03,7.560961872711945420e-01,1.593551356449174339e-01,-8.570568995462046757e-03,7.687783142783239931e-01,7.544959276480699417e-01,5.146368246845282046e-01,9.716516338140894771e-01,6.437736511614151613e-01,5.671597543131506880e-01,8.508129706363083411e-01,6.201320600745788836e-01,9.217379278370723128e-01,8.359469795135095194e-02,8.246330112808101243e-01,4.508722705411810638e-01,9.782820142693923193e-01,7.899859327891284311e-01,4.657266351809853377e-01,6.512072939980280140e-01,7.869261616852102348e-01,7.591526376212138771e-01,6.421600784143122187e-01,5.465356623808673708e-01,4.081686600831524458e-01,9.765946335633686193e-01,6.596557760009472693e-01,6.876564092986680032e-01,7.628189004823818786e-01,7.202126329111020464e-01,7.726954957213194586e-01,8.391005520029336529e-01,7.255874223273986456e-02,4.779118445813916871e-01,6.441149092288163125e-01,2.403934080126539086e-01,8.876858433877909960e-01,7.184488386496358236e-01,6.704799667479464098e-01,7.026390957838828388e-01,8.284891582861262371e-01,8.417227852659420195e-01,7.074597595908949099e-01,7.087133696856913190e-01,8.507002743913953946e-01,4.042825599966825556e-01,4.641639299188050627e-01,6.487186296275395669e-01,5.675699626092942651e-01,8.281223294825965642e-01,6.873685324577880618e-01,6.829980662649737244e-01,2.121802947164885267e-01,3.021769441740694284e-01,8.830845920725881593e-01,7.459887599355283783e-01,4.091205896467142167e-01,2.890051512464974492e-01
5.109735166464642875e-01,7.246260351891561369e-01,4.747640835318285846e-01,8.162064473569521361e-01,8.469945663633117183e-01,9.545497900291148863e-01,4.631269434431441456e-01,4.620558156788546200e-01,4.344528289025271217e-01,0.000000000000000000e+00,5.084573413719412072e-01,5.755139072963555424e-01,7.547643296826028747e-01,6.287345182256508513e-01,2.475393476402289461e-01,8.148053581055473282e-01,7.032393534612445540e-01,3.446341348192405452e-02,5.882623191382856387e-01,6.178520655033945541e-01,6.257859919550303740e-01,9.328520961032515935e-01,6.604345217946423485e-01,8.115966845175838218e-01,6.343418193472617483e-01,8.671823216411003177e-01,4.667254263813725990e-01,8.766973617475847247e-01,3.183601630777670860e-02,7.392425041265675567e-01,2.691136197210023395e-01,2.249259466178801237e-01,6.563279885778769973e-01,9.584810305310690337e-01,6.180157340009724276e-01,5.710414369472521789e-01,2.977049246644250177e-02,7.527411658805257533e-01,6.724069785739716920e-01,2.372877386801612309e-01,6.941661952529916135e-01,9.508624254689130861e-01,7.922983719890617227e-01,8.294870795250262052e-01,7.199635855898351977e-01,7.174971146568475122e-01,9.218786076548648456e-01,9.800274975505152142e-01,8.829953830590780983e-01,6.786181286422200420e-01,4.784669399523767686e-01,3.839805687397374045e-01,7.846968218260393924e-01,2.682611556815564513e-01,7.828103086876421202e-01,9.103207356158166119e-01,5.133570608778545985e-01,9.262791274612929282e-01,9.323127644818761661e-01,4.947251102826797364e-01,5.971292983347733507e-01,5.905861842667621264e-01,7.236074277010253741e-01,9.169463466280419750e-01,6.751669284474879351e-01,7.312961912276192411e-01,7.552745502921441867e-01,8.761986679656577071e-01,8.182537349554070971e-01,7.008056819109643731e-01,5.906820263246946867e-01,8.318165750429982186e-01,4.929589873480632600e-01,5.090816495465337876e-01,7.390712520728210944e-01,4.273339108401960629e-01,7.976157649350026357e-01,9.885502361041363928e-01,4.313139719577628872e-01,7.699444765297901450e-01,4.116719574937959258e-01,9.219011720218110995e-01,8.010305524287556489e-01,1.922842151341296046e-01,8.259754479594459964e-01
8.991457265534673615e-01,9.857689631034733946e-01,9.695214346458550514e-01,9.837281131731533401e-01,6.631901667205082340e-01,8.336915059361847957e-01,7.586979363110992747e-01,7.978469667904040108e-01,2.432079374268413807e-01,5.084573413719412072e-01,0.000000000000000000e+00,6.029198664766540761e-01,9.421416275806111518e-01,2.863834901167704450e-01,8.435753181636498343e-01,6.234720513956799604e-01,8.812797830993843728e-01,9.327674920328004049e-01,9.144482003201866993e-01,6.488514801257068143e-01,9.880420727201309761e-02,6.286658577010735272e-01,6.499094275614847316e-01,9.755557100638790891e-01,4.162202619957081628e-01,8.120044317212214979e-01,8.327956090600361350e-01,3.872723053432706175e-01,6.230999485091542889e-01,6.047705308324106133e-01,3.998568521229999700e-02,4.312364624932323309e-01,2.628877559975645317e-01,8.968047825052504196e-01,9.464369340439878764e-01,7.374321367563790863e-01,6.260407155665504986e-01,5.531303505117775021e-01,7.099889261553138375e-01,6.547874366369034194e-01,4.826224986648990911e-01,6.827846274677809024e-01,5.340910064035560012e-01,7.237301669107756297e-01,6.527392680726252783e-01,4.699350010417769896e-01,7.819220699401675523e-01,6.294434170710746512e-01,7.473499432645580587e-02,2.663212455579306304e-01,7.724005383763453692e-01,8.197491330371987628e-01,7.957335461676963151e-01,6.312407475280911173e-01,7.644907621557158750e-01,9.291848400251694340e-01,9.439135502076664297e-01,7.137598058647488530e-01,8.399688776600832130e-01,7.389342349299954371e-01,5.974733907402298705e-01,7.282161447529685860e-01,9.258416882789971547e-01,8.809960240495062767e-01,7.687076485970025796e-01,6.742554906958001526e-01,9.094640910829465685e-01,2.865162409914701613e-01,3.736744088261317875e-01,6.833715339606919459e-01,8.329611267656640283e-01,5.906583663736071355e-01,6.567741115875495028e-01,1.838894335631833798e-01,9.743278352059917546e-01,7.899912371667875410e-01,8.114704961118645032e-01,2.794332822942606764e-01,2.218510240652686871e-01,4.562682372316439472e-01,7.648803556063885623e-01,2.520738960992908173e-01,7.882001039020440913e-01,4.848308344924997515e-01,5.955406406244584394e-01
7.090938661758775519e-01,8.920611932802829935e-01,6.435846659242606682e-01,8.201067264604160467e-01,8.785355532806389256e-01,8.035733686922028607e-01,9.504303254788267763e-01,7.809624886501338459e-01,1.539132223575379044e-03,5.755139072963555424e-01,6.029198664766540761e-01,0.000000000000000000e+00,4.973262173625061511e-01,4.285877637809238916e-01,3.105834198868581142e-01,4.321471964430897983e-01,8.892065146280780930e-01,7.812683633252208715e-01,7.364837180899215241e-01,6.539449708415643325e-01,9.221475134876878643e-01,9.997617544708495840e-01,7.521932897112642014e-01,8.482214516652176739e-01,7.161296414289621826e-01,9.088462523988904973e-01,9.694646857376643112e-01,3.840673039019102397e-01,3.150876938447745301e-01,5.341978603816885940e-01,-3.515904619138418563e-02,5.025166820686388647e-01,5.780968833858004530e-01,9.684560934699255608e-01,9.838408535629801221e-01,5.680399551990983342e-01,1.567235336353683672e-01,3.673346743832650585e-01,7.308318745050950138e-01,-6.150843002539219118e-02,5.545001818426196216e-01,8.026848253053917581e-01,9.362526048959576297e-01,7.425567952033900188e-01,9.639757981323998637e-01,6.457190774889809415e-01,7.888047772072487307e-01,6.153028759617924504e-01,3.037912459484313210e-01,5.807902752563928184e-01,6.964131686166522561e-01,6.205933869657528357e-01,6.314035892988567600e-01,7.690795848123330725e-01,7.516304906678197284e-01,2.327813225019828847e-01,7.273137129306442850e-01,5.647833320325648665e-02,8.860664883914146639e-01,6.335161342694538567e-01,4.491090644740038385e-01,2.683801962222921444e-01,5.034968607497887216e-01,9.638330813198211500e-01,8.276159663382066656e-01,6.358684715178338775e-01,5.680203490558739521e-01,9.737735300273506756e-01,6.876801454131441504e-01,6.023114998644942819e-01,5.855449192262222047e-01,5.343313156320866897e-01,9.622141687510410435e-02,7.166583829344381762e-01,5.705850244804254734e-01,5.591090199967309049e-01,9.747351475110357377e-01,4.557953540298852468e-01,5.111146844977935144e-01,5.913845800284007748e-01,9.268240357866753820e-01,6.859381509647102249e-01,9.821621543220471207e-01,2.114180198463474769e-01,3.630088865116131158e-01
2.534724726520268812e-01,6.641812672362039649e-01,8.435891751385444781e-01,7.504763888694796492e-01,8.651732421995730338e-01,8.940888813363225829e-01,7.365400292821767669e-01,4.990832256419118762e-01,7.670339544010544852e-01,7.547643296826028747e-01,9.421416275806111518e-01,4.973262173625061511e-01,0.000000000000000000e+00,4.148371757307061092e-01,4.844565385299975935e-01,6.153673576317412186e-01,7.643730216019666290e-01,4.143827106914832470e-01,8.794121938591923371e-01,8.131328268233055656e-01,9.031891775726340610e-01,4.434832153280733325e-01,6.304017074169450119e-01,3.813622204842083141e-01,4.130404089928375599e-01,8.192348781493855592e-01,9.617980672855481750e-01,8.933439696055804902e-01,2.538175072733939164e-02,2.712772915351926439e-01,1.766627885550962201e-02,4.073145594839480133e-01,9.669804053089700036e-01,7.992468787224298321e-01,9.356384848096117590e-01,5.844203913234048420e-01,4.818990982711978122e-01,7.084342833793967342e-01,9.091147882996750695e-01,6.918049529224747918e-01,4.791833048086102109e-01,8.877482677297900970e-01,6.880982430399654737e-01,9.837106993121826903e-01,6.705678259760444737e-01,5.676064759626677780e-01,8.146601412866354419e-01,6.865607452407409550e-01,6.467078431424493346e-01,5.873710962040444850e-01,6.573992698191295503e-01,6.120983900869269023e-01,2.900167875927805450e-01,4.898633846336103992e-01,6.135147129776695740e-01,6.799481081155178686e-01,7.023503237059584015e-01,8.779271294798209890e-01,6.227029566648318859e-01,3.139744435254234189e-01,2.331620208258123883e-01,9.956611290473760256e-01,6.109081432045810889e-01,9.981715809847740983e-01,6.169224554010691586e-01,6.352144274872428831e-01,8.586126704161571865e-01,6.746067246469177325e-01,6.318046070823964966e-01,7.545639009427022037e-01,4.448350209073943518e-01,8.986384469852374268e-01,4.728179212707885326e-01,6.359286067467792014e-01,3.599230678561426977e-01,8.283483879485930013e-01,8.901610702477009696e-01,6.771078536821379945e-01,5.356569611033606959e-01,5.173976025831779069e-01,6.552681657872017063e-01,8.184188982507355492e-01,6.501463327164148653e-01,3.151956571362639070e-01,7.268908512162185476e-01
6.827118227687427598e-01,5.897274959664301486e-01,9.263679257848617121e-01,9.815246151660503848e-01,7.063564027444679816e-01,9.255199025252669465e-01,6.201698313288451780e-01,2.454739570761280132e-01,7.174248464560541994e-01,6.287345182256508513e-01,2.863834901167704450e-01,4.285877637809238916e-01,4.148371757307061092e-01,0.000000000000000000e+00,2.633922589680466331e-01,1.256349169303818680e-01,8.038441060802407057e-01,9.063880826413313052e-01,7.868945800965460036e-01,8.366772469942785895e-01,6.791322552468510576e-01,4.292221333132100192e-01,8.646868201686730426e-01,8.695059656735993903e-01,2.193005412676553301e-01,6.207345629792195840e-01,6.945480229741618494e-01,7.428292472954042269e-01,7.300835625114727723e-01,5.973337808843890429e-01,3.760728887151368882e-01,7.968810587691406155e-01,4.296664123762973242e-01,6.896098490405254688e-01,6.349571394556067228e-01,6.743290381471367390e-03,7.992625733651657904e-02,2.919849588730494272e-01,5.426464417795408002e-01,8.575389901353461797e-01,5.595002380294427091e-01,8.818623564263908254e-02,8.275093436130698255e-01,7.768591924052223874e-01,7.550864775820010921e-01,6.382186091798403016e-01,6.315419426018756832e-01,6.025591215350009078e-01,7.665136434553474487e-01,9.817833387260406219e-01,8.940335431236260400e-01,4.130227812468650339e-01,7.772176015275700234e-01,6.777714256156459616e-01,8.026020898588552832e-01,5.202185553677602936e-01,2.231766740466685495e-02,2.949912877072616846e-01,6.956984135054655738e-01,7.591173195477731728e-01,4.685510386351452450e-01,7.744152826782102483e-01,8.123424812871762324e-01,9.737015046735842949e-01,8.364729953705585253e-01,7.861621634450475238e-01,8.888989759362281307e-01,9.743042020073536813e-01,6.422538632528749236e-01,2.693337419720297499e-01,7.517898677406463781e-01,3.451260668947612187e-01,4.549332080690444702e-01,4.387877071596965051e-01,8.296711986659894844e-01,8.933149961953378293e-01,3.341410043344904546e-01,4.759069050823010461e-01,4.748083473166632706e-01,-1.623512737823482599e-01,7.864126619725109180e-01,9.788555464558721386e-01,6.121155821162018729e-01,5.005574330418743889e-01,6.971125471458834433e-01
6.366550017895978852e-01,8.993658228934258148e-01,3.106753450769402791e-01,9.087096002055767840e-01,7.162596483152987581e-01,4.431805066160726669e-01,6.401681050226040726e-02,9.047858399189419032e-01,6.028007604726544066e-01,2.475393476402289461e-01,8.435753181636498343e-01,3.105834198868581142e-01,4.844565385299975935e-01,2.633922589680466331e-01,0.000000000000000000e+00,2.630481688295703835e-01,5.663694865708289727e-01,8.725054693072649137e-01,6.742668048644337997e-01,3.649948574685050184e-01,8.391673722409124236e-01,7.580961779484860497e-01,9.331200005472664039e-01,7.491259575031988804e-01,6.583893268778685526e-01,6.743592776927364030e-01,4.818090477214399536e-01,7.571549407395901099e-01,5.819524263211828252e-01,5.590079990315719449e-01,-3.172293719570870585e-02,1.586447958346018094e-01,2.356550046102334848e-03,7.585167536176484759e-01,2.020221614332421978e-01,5.331159248315895383e-01,-1.863331323218820057e-01,7.578088686678606800e-01,7.552082307771157410e-01,6.225477964550194532e-01,5.540685131937729269e-01,3.867936773227477198e-01,9.926909802201155930e-01,7.818924437969539953e-01,8.319268277240908782e-01,6.338434096144462959e-01,6.126399691772297373e-01,7.249476891776818199e-01,5.079103161227856988e-01,5.712204862267995509e-01,4.337358708216605963e-01,2.133003684458412708e-01,7.156951654364395177e-01,8.000301423448421545e-01,6.487757277525030286e-01,9.842360369299176792e-01,7.775717447873757848e-01,3.525740725326612646e-01,6.678921818205849625e-01,-3.865709141267003601e-01,3.939469145690918106e-01,6.004322875553214089e-01,9.950262396843928547e-01,9.657894091866452424e-01,7.275868747440563666e-01,4.868702823498431420e-01,6.573151093648806897e-01,4.077024543786149091e-01,6.481710778198211953e-01,5.996091122150495334e-01,8.233025747142164175e-01,6.637749384845681444e-01,1.955011411685904366e-01,6.697173269255582984e-01,9.134139483743541899e-02,9.686322284536081906e-01,7.769554024360125766e-01,6.401459641380184973e-01,2.907450184735193011e-01,2.575409264195279713e-01,6.596042421618195650e-01,7.939374123919686888e-01,2.962373987030120226e-01,6.071764961300994967e-01,8.438234652070899511e-01
6.632209895482250595e-01,7.476643922530346043e-01,6.674469688642208354e-01,6.253630425118577030e-01,7.675877509107998931e-01,8.981775063137222848e-01,4.967594308094998579e-01,3.436116222177137969e-01,4.603482786686515227e-01,8.148053581055473282e-01,6.234720513956799604e-01,4.321471964430897983e-01,6.153673576317412186e-01,1.256349169303818680e-01,2.630481688295703835e-01,0.000000000000000000e+00,6.967021312233511177e-01,4.667693705175942620e-01,6.696570602745905987e-01,7.029075036135157273e-01,8.063285698998858830e-01,4.291990371129954518e-01,8.136574935125389096e-01,9.091610847631705905e-01,5.792508153167977847e-01,5.213952459769184422e-01,8.884835178410240841e-01,4.177420919869195837e-01,6.553409893052606350e-01,4.873103489861315696e-01,7.540515736621077325e-01,7.775755429727495560e-01,6.264437214429967593e-01,6.033274817314646654e-01,7.229414032474787977e-01,2.096583914761357414e-01,-2.488144295687741703e-01,5.438117458805464821e-01,6.321284945454230808e-01,9.610869518058773320e-01,7.405855256713665957e-01,7.212165391176772467e-01,9.851324770552175591e-01,6.322389097562887139e-01,8.759005514813342774e-01,7.951619218918971610e-01,6.043186816133832018e-01,6.860661700917884964e-01,4.450548720316566675e-01,5.569221426308896827e-01,6.505192442890019855e-01,7.307257461339622395e-01,7.268107614531177374e-01,8.259092602584604537e-01,4.950592192451523377e-01,8.432881999723745858e-01,1.629824812031807624e-01,7.645535401934564490e-01,9.908304800981911908e-01,5.165712352442055622e-01,3.146212939268897557e-01,4.186921549992243530e-01,7.006491034544750640e-01,4.564997565562521897e-01,7.502529911265471974e-01,7.151997965270940893e-01,4.375064634757374615e-01,8.119351926255742313e-01,1.478408781069453781e-01,7.128596425709000650e-01,9.071063724689143459e-01,6.512128039298417104e-01,6.721488330877946060e-01,1.593783171739577773e-02,6.018563663659038943e-01,6.537100009810696832e-01,4.533268578248660918e-01,8.525997389243724633e-01,3.130325772107094284e-01,1.917428832841931996e-01,2.176694266730681837e-01,9.122589002177078354e-01,9.361069290503409857e-01,6.604353430635623301e-01,5.176799338659019423e-01
9.309242540557109979e-01,7.773685427233170131e-01,8.131791099843084236e-01,9.986921174903393705e-01,1.236486262250054147e-01,8.640262411350710936e-01,4.739998081421222809e-01,7.862570896925479280e-01,4.646589381602678204e-01,7.032393534612445540e-01,8.812797830993843728e-01,8.892065146280780930e-01,7.643730216019666290e-01,8.038441060802407057e-01,5.663694865708289727e-01,6.967021312233511177e-01,0.000000000000000000e+00,9.269872054416342655e-01,4.817512328459195858e-01,7.691449432962196298e-01,8.551798784458152225e-01,6.835151209475378575e-01,8.349828740284013229e-01,7.724768756573597850e-01,8.064956385151960117e-01,8.718831293648250380e-01,9.713715813052845593e-01,6.090103581801102894e-01,4.876998269629996274e-01,6.297320917467170709e-01,5.585335959329433830e-01,9.057228685174425475e-01,7.579266658115531019e-01,8.419872147383115069e-01,9.125546932521331200e-01,4.067019486698117969e-01,3.973708134932597558e-01,5.289008735433714525e-01,4.902672771764272630e-01,3.613334954270235322e-01,9.227331074334484962e-01,9.193694905160838537e-01,6.832210179047736309e-01,6.685572564218765779e-01,7.941289983737394031e-01,6.352263745838844233e-01,6.179007911509538653e-01,8.356748966292312231e-01,5.591729869284326471e-01,8.392196736055314021e-01,9.935781003824057933e-01,4.523665797232857555e-01,8.080682941180945544e-01,2.223281340180075505e-01,6.587185594357879426e-01,9.683271759327120032e-01,6.461838776177109001e-01,6.230222084827161805e-02,8.363568596085753093e-01,2.860500266751535015e-01,7.019300027603248004e-01,3.531660571460333298e-01,3.959254674929648665e-01,9.327661197515457747e-01,4.756754822725599574e-01,8.313867475125539253e-01,5.752949440154079275e-01,9.493151884482535774e-01,6.155465557005492805e-01,6.650706972971552888e-01,8.890030123601726508e-01,8.508778080135310784e-01,5.577925529094948098e-01,8.690020779958183006e-01,9.314741699411808185e-01,8.409183493551564137e-01,8.264484648113324949e-01,8.943521406282383124e-01,3.124514466649731537e-01,4.186420704386830671e-01,9.029144700481901431e-01,9.064330155805396805e-01,6.792023153777115851e-01,7.318153219270375764e-01,8.486232991409099480e-01
5.687130197817573674e-01,4.789010837521268105e-01,6.237260022720710895e-01,6.920467515242124668e-01,7.471379342178727789e-01,7.839076346992697175e-01,3.913480380524677615e-01,5.005396623259715794e-01,4.361623403897049722e-01,3.446341348192405452e-02,9.327674920328004049e-01,7.812683633252208715e-01,4.143827106914832470e-01,9.063880826413313052e-01,8.725054693072649137e-01,4.667693705175942620e-01,9.269872054416342655e-01,0.000000000000000000e+00,3.806757821501867700e-01,8.698604459908956255e-01,6.416631409176121181e-01,6.062618464279776465e-01,2.313727061090994075e-01,9.806917699143857803e-01,4.988850764001195870e-01,4.745188845553044432e-01,3.493911620605525403e-01,5.736758619813768778e-01,4.673457131451611013e-01,5.487644482073550378e-01,4.314282680530642233e-01,6.426950991288659099e-01,7.745608845755950211e-01,4.894111715275734631e-01,5.849306521193815556e-01,4.136268572167444701e-01,4.372298581435832832e-01,9.960709260616558147e-01,2.491102287497515277e-01,2.714888603120245714e-01,5.167783176450959637e-01,9.889299161797324711e-01,6.830990780205058455e-01,6.808697224156121663e-01,8.462181932452168542e-01,3.691604452781868106e-01,6.355819424447044508e-01,7.955580556048330587e-01,8.296676731051905174e-01,5.475548966327017375e-01,8.628688299235364179e-01,4.731564049517394399e-01,4.813223756930432029e-01,7.982226008311049670e-01,6.043145962831868445e-01,7.347778581567943057e-01,5.171399591272156648e-01,2.448645638681615500e-01,8.664382025524770548e-01,2.677834924060337185e-01,4.415919966861941437e-01,5.423213276136713556e-01,6.983232679469052462e-01,9.108875300883729764e-01,9.621395379183541596e-01,4.582317915762955107e-01,6.924461206483097930e-01,6.767146413982164654e-01,4.606277023054466402e-01,7.653985466478975264e-01,8.570229218589096032e-01,8.946829049640843134e-01,6.212759603516286866e-01,-1.634888779975117445e-01,6.759697983011064837e-01,8.525941691840567271e-01,8.294636802742134662e-01,8.554759647080049101e-01,7.770664567718704729e-01,-1.996896660385083511e-01,2.076050554030225426e-01,-9.632901013987554828e-02,8.167347615125513105e-01,5.800851969648926909e-01,4.407467775114517483e-01
