0.000000000000000000e+00,4.953734471007621987e-01,4.097757901570018291e-01,7.687525605151831476e-01,9.153181284399453110e-01,6.736872346145694745e-01,1.256218280127278097e-01,5.444142451309083031e-01,4.447684658874107543e-03,9.178636068340360055e-01,5.095018530955999214e-01,6.909682472516093243e-01,9.454417194770534660e-01,7.579018924286917702e-01,8.113858084264276016e-01,8.081531616639668902e-01,8.225055288355856975e-01,5.218448428222632884e-01,9.095596282225065776e-01,7.599627206601521356e-01,7.349392292287418860e-01,9.833881660688564841e-01,8.619776719314442559e-01,9.902269351405823539e-01,4.428214150008373262e-01,8.665395148460457442e-01,8.965319841884836771e-01,8.464774461947837114e-01,1.072043322269715659e-01,3.401832328082579626e-01,5.285956488563186423e-02,8.048879423183170623e-01,5.731470897748947024e-01,8.511350349547144312e-01,9.535548566547820126e-01,7.265796409404577938e-01,1.700734892007331744e-01,7.976880787920582749e-01,6.574810966313179295e-01,5.800135118363012321e-01,7.413735632279021548e-01,9.962524677819809549e-01,7.159270161477548911e-01,5.893961627034902673e-01,5.763637345915807453e-01,8.191148921139141947e-01,6.609656514811089734e-01,6.795483232644600191e-01,6.452695805757060477e-01,8.570031145106402626e-01,8.769999730699525875e-01,8.238839132811734967e-01,6.898648303919323599e-01,4.556698223215971955e-01,9.969480195618392049e-01,8.235473848918879458e-01,9.985583265299338152e-01,9.276765325386725491e-01,9.654613835637274599e-01,6.390816319379084565e-01,7.452058092394091560e-01,7.374243999288121465e-01,4.015166442910284017e-01,6.682625583544720138e-01,7.606324882992585579e-01,5.394643250556288017e-01,5.170399375878697024e-01,9.952712494472596427e-01,7.273011763760117709e-01,6.190795615515055639e-01,7.647230748705067249e-01,8.923909950654168588e-01,6.137589049069556157e-01,4.761316438852276622e-01,7.697875853345519381e-01,6.427027352680930727e-01,1.623002176127728291e-01,7.839502939248198521e-01,7.711508080000099019e-01,4.921344895955324650e-01,2.980863411856972678e-01,7.540995883521875998e-01,8.773963374693216632e-01,2.540806676346971660e-01,9.841812694057550104e-01
4.953734471007621987e-01,0.000000000000000000e+00,7.755776639313209930e-01,7.729018242016786333e-01,9.436486670696585533e-01,9.859392011196854710e-01,6.555489861783228012e-01,3.337088287954323995e-01,6.149872425099340845e-01,5.373425538428375781e-01,5.669895803105498011e-01,8.183807941975501654e-01,7.175879449370528018e-01,8.474623486814878426e-01,9.664930268937641511e-01,2.653247758132323830e-01,6.746490738608077464e-01,6.430682745165108294e-01,8.810270534616672089e-01,8.585934349693224998e-01,9.700188174417981868e-01,8.623576256464056122e-01,6.092699021971093032e-01,8.506241474497155952e-01,5.115270019367154086e-01,4.814551569015196875e-01,8.782258805126171852e-01,4.424001433058871169e-01,6.023352964749820737e-01,5.459160714208609599e-01,5.111390077388731079e-01,5.429035838343843068e-01,9.278294009635913442e-01,7.299095382985212321e-01,6.201650402600588086e-01,2.518260075810840881e-02,1.570326436235078976e-02,7.411038053768269629e-01,5.970159411895183954e-01,8.764047641065357830e-01,6.953437222876048818e-01,1.904284730443794871e-03,6.495187040395065114e-01,6.486132283626446782e-01,6.214424971912489992e-01,8.719844641220551029e-01,6.897569666562074486e-01,6.469912474008335801e-01,5.414786153377164624e-01,8.713893935436575200e-01,7.335470841988790403e-01,5.146318518377176465e-01,7.716378292733078181e-01,9.286429951973496077e-01,9.691078462148291495e-01,2.071734250228606244e-01,3.132178279403461385e-01,6.854697020110246397e-01,9.599513114055785445e-01,6.655595002421377249e-01,2.839707270744337153e-01,4.035057090753826348e-01,9.328771449480146583e-01,6.759267986217993851e-01,6.426848671234761667e-01,9.924282189801031384e-01,7.320362345293498496e-01,8.809561165913267766e-01,4.801928007169312673e-01,5.680090050859207818e-01,4.253719185596254726e-01,9.401951557391781122e-01,-1.951329711514525611e-01,2.351686960779018065e-01,7.222974127486065932e-01,8.351597843406546318e-01,7.986413200645059440e-01,5.645600257457867865e-01,2.112410448550680331e-01,4.981445999291835292e-01,6.396176303848210010e-01,1.815525060005019897e-01,9.412296954959196160e-01,7.861580073696842197e-01,4.562026119851068651e-01
4.097757901570018291e-01,7.755776639313209930e-01,0.000000000000000000e+00,6.810694518615303394e-01,6.911386815720492738e-01,9.244704184738756769e-01,8.051536968269101813e-01,6.514421921619372169e-01,8.188469569687607530e-01,5.844709106408423338e-01,8.043903250490197498e-01,6.102046265573162209e-01,8.073462593801020715e-01,5.982496954841132197e-01,4.658278273093374722e-01,9.799868619927518676e-01,8.591607024915099977e-01,6.305609414602055818e-01,6.086597215240627801e-01,8.647776411570483601e-01,7.278335709421919208e-01,7.083731550192369220e-01,8.992259950880203689e-01,7.742997773262452199e-01,7.552988621108862599e-01,3.796519351243846652e-01,8.930877789819504642e-01,9.454176220996634017e-01,3.641936747981439071e-01,5.636985149818420915e-01,5.568834509651242604e-01,8.110246359868008570e-01,9.239309101488124565e-01,2.881274716671647362e-01,8.174516767725885646e-01,3.913070447178693678e-01,5.629444014317884770e-01,8.585867176434134329e-01,2.796305054051060890e-01,9.479953941911514192e-01,3.950209403358652116e-01,4.014221890608327126e-01,6.544061723551954923e-01,9.754023135685748747e-01,8.568551549184957317e-01,8.026930262403499938e-01,6.717727983738649433e-01,8.249789450584209538e-01,9.742017999046173049e-01,8.298679630840544164e-01,7.979372181970825206e-01,7.925380143857478910e-01,8.682544795852010777e-01,9.674637791276603505e-01,9.390760809396947462e-01,2.068509517409157228e-01,9.881683472386547651e-01,8.300358653900120620e-01,-2.670376264198465188e-01,5.666021071390043851e-01,9.644011766025466503e-01,6.175438050540698054e-01,6.594355725955227676e-01,9.571464824176445507e-01,9.017484763560836836e-01,7.019645611316974732e-01,9.508979825969910982e-01,4.338129008392810348e-01,7.540155716251226714e-01,7.078936891959020095e-01,8.121228794639268056e-01,5.392617260202378082e-01,-6.543341371914906945e-02,3.650187722010780345e-01,8.761755405419376919e-01,9.847150166375765457e-01,9.358818449189383326e-01,9.520197828173224686e-01,7.854835816683722882e-01,-3.646422482194500159e-02,8.875965615331751213e-01,9.260244777145800743e-01,8.913404153731978585e-01,8.848667020145252193e-01,7.703029464085302536e-01
7.687525605151831476e-01,7.729018242016786333e-01,6.810694518615303394e-01,0.000000000000000000e+00,9.021104451413065606e-01,8.538741109277490082e-01,4.597528246514100969e-01,5.021871381949150059e-01,7.190520430226762238e-01,9.387186079419598261e-01,7.397169448275082715e-01,9.289848708792959320e-01,8.837604723323000400e-01,2.041079083359250146e-01,5.179913806785908514e-01,6.807475960421278671e-01,7.064751721071905743e-01,6.717354215644777415e-01,7.521279399222797757e-01,4.694611912628438577e-01,8.100987523918823374e-01,8.327628518685770143e-01,6.710946639307389106e-01,7.784592768823350717e-01,1.711411493562841890e-01,7.086845584953352928e-01,7.314315195165143058e-01,7.713107684492586102e-01,6.155713971919060112e-01,3.641321658939989936e-01,2.269679448425498958e-02,3.709226033574332115e-01,6.170495294806751518e-01,6.300753446408314806e-01,8.737702799505699947e-01,2.134367812647296192e-01,7.578936527806721946e-02,6.254829549503677644e-01,9.090176094419464281e-01,6.958856123910100999e-01,1.924385698991716298e-01,8.939590722369168407e-01,7.157479524066511223e-01,3.330833264629254331e-01,6.600246566995559006e-01,5.832077351245300578e-01,4.090124764168785454e-01,2.814300916596188529e-01,6.292506121885420578e-01,4.664502578263130528e-01,9.098861572994283442e-01,8.315225027324431029e-01,5.236509864824663296e-01,5.889455109214106754e-01,5.181180852996621899e-01,4.665325955857491103e-01,6.134203416300522127e-01,5.894068972000150453e-01,6.846983712567340508e-01,5.034005765123162890e-01,5.565067006977029163e-01,9.040430204083405030e-01,5.260808318004056572e-01,8.612022710464185549e-01,7.321567661707126806e-01,7.678017148517760626e-01,7.696467174526113730e-01,5.728921701298640423e-01,4.061094629265711853e-01,5.387782428217582353e-01,4.457724247648212623e-01,6.061414049625170053e-01,4.397730720666285231e-01,4.519166182519166464e-01,4.015771767624996547e-01,8.974401321081786342e-01,6.999310980794988257e-01,7.128050078909523579e-01,3.287220821191548792e-01,5.371843846125240463e-01,4.832315999413746010e-01,4.256954876078935524e-01,1.466383017340062711e-01,2.421900435599467216e-01,6.760006504049131948e-01
9.153181284399453110e-01,9.436486670696585533e-01,6.911386815720492738e-01,9.021104451413065606e-01,0.000000000000000000e+00,6.084708285345197254e-01,2.010333303101488611e-01,8.805951408118652957e-01,7.253078476521529483e-01,6.102051996969835024e-01,6.784558538590904631e-01,6.169176119797644686e-01,2.324988866265755849e-01,7.298332606494757346e-01,4.850433910669456061e-01,7.035212037937542684e-01,6.157853883474487811e-01,6.194400459572605433e-01,9.711741302224987660e-01,4.336389613738347859e-01,8.694761676934661399e-01,8.811761666849515784e-02,9.339230453159150791e-01,8.529796276157677326e-01,6.322701814035831536e-01,8.141794507559811933e-01,8.308924601118282682e-01,8.238102712819131979e-01,2.859050327566975414e-01,4.478383118078780312e-01,5.668937311889543640e-01,3.450011344287985393e-01,9.967413945875385206e-01,9.691834181552532179e-01,5.266912105192681492e-01,4.345212893721859260e-01,7.561791749978934440e-01,8.411754225471618218e-01,7.239999221351859360e-01,8.320173851345419314e-01,7.831634705530703400e-01,1.372396615725576252e-01,1.347949127853781404e-01,7.573977118908481465e-01,8.939613254367344553e-01,8.263453482611390344e-01,5.961058733379677177e-01,9.708007065741779407e-01,3.013492520497978999e-01,5.165142274197702665e-01,3.609976152913607975e-03,8.866499787531152421e-01,7.361357503870223917e-01,9.638876392162650797e-01,6.665667717963090766e-01,9.423338825356660786e-01,8.174042912876444689e-01,9.375494867942316679e-01,6.809777327447957829e-01,2.854088692077433320e-01,2.170260938392758188e-01,7.407313716062952080e-01,9.861577526704083940e-01,8.643360342265017371e-01,7.344282256858225555e-01,6.994009916421987105e-01,6.127110493406127123e-01,8.194006807310840745e-01,5.166426475042456001e-01,6.637928527080865226e-01,9.139456026447814185e-01,6.308176017500797261e-01,4.866344817457017302e-01,7.278850232282672028e-01,2.509458386837099542e-01,9.276774050966739571e-01,7.563404525248016430e-01,6.416380171338392779e-01,6.082624506637004380e-01,3.234121199351430720e-01,8.130773487198098559e-01,7.558975974001431730e-01,5.682902942412976222e-01,4.578964311164648304e-01,6.911520979490345384e-01
6.736872346145694745e-01,9.859392011196854710e-01,9.244704184738756769e-01,8.538741109277490082e-01,6.084708285345197254e-01,0.000000000000000000e+00,7.167657502982337503e-01,8.633970424231330876e-01,7.632555580506314996e-01,8.224763966375878699e-01,8.618941031760408711e-01,2.583175161344560822e-01,6.028993903430059920e-01,7.658011310598257237e-01,5.990068525134557564e-01,4.305921570793441178e-01,7.080938024421908894e-01,6.538333922803838405e-01,4.892948068307639842e-01,9.618212087812982869e-01,8.551731668401665321e-01,7.764927418538595250e-01,5.216893619599579646e-01,6.301859546384079858e-01,4.206657296036724336e-01,7.288223697663540612e-01,9.803239742707768878e-01,9.733395576517227532e-01,5.014654851341728836e-01,6.700563327278645787e-01,5.395233175220403021e-01,5.757721717758687019e-01,9.411086541870921085e-01,4.303927294057771635e-01,6.790795701109849647e-01,2.905582858632437260e-01,6.001200161405016997e-01,4.124337964308574245e-01,9.220044268358174033e-01,4.506142084779488077e-01,4.828964714127842450e-01,6.793386952486737407e-01,5.748402184694978434e-01,5.025255311232240674e-01,9.630077487325567898e-01,8.643651269064589471e-01,4.342382992419553389e-01,6.092254151206957236e-01,6.250906564382169295e-01,7.260408800139426244e-01,2.508975702662606388e-01,8.506138692024809433e-01,4.232016721518471192e-01,6.150267452873257046e-01,8.327139279594021337e-01,9.944718690589937626e-01,7.313573851398109671e-01,9.631560093171129822e-01,8.645025480585289968e-01,6.351879660271197992e-01,6.669782664937129457e-01,6.576400170312800553e-01,6.061673519453720793e-01,8.066097933618768812e-01,8.274043363083007918e-01,6.184990703393054012e-01,4.295668558152668237e-01,8.958356048809954508e-01,5.221874957947537643e-01,8.951478591354250502e-01,7.876780811333317089e-01,6.574874156223446953e-01,2.037552542057728955e-01,4.660683867151090287e-01,9.773583454502473566e-01,9.006447326460084168e-01,8.197147788562130222e-01,8.288747126112030461e-01,4.608592450227979587e-01,3.204117362468171804e-01,9.586201462452078603e-01,7.837211325211815849e-01,8.631835674880861120e-01,2.506057205066269389e-01,6.853170579887207792e-01
1.256218280127278097e-01,6.555489861783228012e-01,8.051536968269101813e-01,4.597528246514100969e-01,2.010333303101488611e-01,7.167657502982337503e-01,0.000000000000000000e+00,7.238690302039686442e-01,8.428631570503478665e-01,6.462975748265640252e-01,-1.505803363444316312e-01,6.656846746189394315e-01,7.376598020588824856e-01,6.875721010135860123e-02,7.989224936470844529e-01,1.565190439820850210e-01,8.387667075412790219e-01,1.946012645062704105e-01,4.200686360223757632e-01,8.033760787795722891e-01,9.534604300344698968e-01,7.926875235979782275e-01,4.448173131206948350e-01,8.114723393583577193e-01,-1.775474448043498632e-01,2.676923852733673614e-01,5.451511627907952295e-01,7.317333387457162219e-01,-6.754901090693116172e-02,3.286838832674692235e-01,5.586624479127419995e-01,3.786904729620289567e-01,5.143489567827882469e-01,5.538576103094001724e-01,6.192019372552581835e-01,1.043615069561796976e-01,2.913426449117214601e-01,7.623937588285329969e-01,9.661583587814681628e-01,7.421343467035889097e-01,5.335955757984488512e-01,3.335491917403514694e-01,8.233034516183926899e-01,4.364699921293191398e-01,8.803593282276791498e-01,4.237261101138434238e-01,7.327990237856618627e-01,5.999000118233653867e-01,7.480568363044246549e-01,5.243797059070438582e-01,6.398710131072449236e-01,5.210273538151393158e-01,6.538506587880943410e-01,6.425443435966941008e-01,6.156989677691214746e-01,7.727097288571017630e-01,5.832956134026259232e-01,5.979391348182914179e-01,6.033040798706267305e-01,3.980319475741512791e-01,2.895483513292605449e-01,6.991366249145123390e-01,3.151500746877394787e-01,8.798962940336233496e-01,9.093183654125598370e-01,6.482573304312718721e-01,6.515068420164047414e-01,9.741681740690140145e-01,7.721881617882077053e-01,7.748125834747996432e-01,6.115815111662089576e-01,5.836044171471915787e-01,6.139808915765390118e-01,-1.428609653712191452e-01,5.860558297312101761e-01,9.505662374209578047e-05,2.219148729845045465e-01,4.951003699096995225e-01,2.899559476029359706e-01,2.519916944022605465e-01,8.814937838914049806e-01,8.009638573971588071e-01,6.818232764930952650e-01,-1.847264678306320129e-01,3.524831103097076923e-01
5.444142451309083031e-01,3.337088287954323995e-01,6.514421921619372169e-01,5.021871381949150059e-01,8.805951408118652957e-01,8.633970424231330876e-01,7.238690302039686442e-01,0.000000000000000000e+00,7.092068056125431230e-01,6.541110430133314502e-01,6.699578479027147315e-01,3.657263508408142294e-01,8.780630530698183556e-01,6.921511756296111484e-01,4.445064180288442190e-01,7.318498796150225694e-01,7.412450997215229709e-01,9.694956559985838940e-01,2.855718658401185661e-01,9.884367489254848316e-01,9.011190158965241004e-01,6.959944224801308810e-01,5.893338854195389054e-01,9.739996458263573409e-01,7.823305235753439391e-01,6.869127223711594121e-01,2.411241311368672591e-01,2.300205576152627718e-01,3.338289835518128967e-01,4.978612598357246566e-01,5.336653015475052442e-01,6.726053593162043542e-01,4.534937265404568874e-01,1.403729009408670458e-01,7.098543325715377383e-01,7.871135554255930256e-01,9.167145054177417568e-03,6.938944696152095082e-01,5.187635482713439661e-01,4.005802173662851851e-01,6.295299066141338828e-01,9.816496195148939341e-01,6.739256006399486632e-01,4.002495220276077736e-01,5.016888839050172022e-01,4.606514259158462354e-01,7.822964530940264005e-01,6.839197128876861598e-01,7.373320335494070177e-01,5.672092303546165670e-01,5.541551727017848261e-01,6.231540412537350804e-01,9.201741599351191958e-01,6.558440596903845066e-01,8.061482324610231842e-01,8.346413582621446947e-01,7.177527237898660983e-01,7.210360001070974523e-01,8.390387796145355459e-01,7.160413470827458049e-01,6.951301554016413586e-01,9.765276833208182961e-01,4.958292055050670388e-01,6.811536131532327509e-01,2.258423726201821968e-01,3.560707393676733057e-01,6.718396645574877812e-01,9.554429869466498637e-01,6.968014145502228196e-01,6.591944184071546475e-01,9.760297411190713701e-01,2.724831997899122560e-01,7.572185823313317687e-01,7.487139781927674154e-01,7.782177575293047767e-01,6.560711383514623574e-01,5.118768203731526301e-01,6.749448476083751425e-01,2.754500171469111969e-01,4.548162530484882726e-01,3.223305638180643529e-01,7.877178128230961640e-01,8.871498325944806584e-01,4.859098272886744341e-01,8.146438519652875465e-01
4.447684658874107543e-03,6.149872425099340845e-01,8.188469569687607530e-01,7.190520430226762238e-01,7.253078476521529483e-01,7.632555580506314996e-01,8.428631570503478665e-01,7.092068056125431230e-01,0.000000000000000000e+00,9.978273822726766440e-01,7.906379322830923151e-01,8.291476052350795767e-01,9.624650227032480743e-01,7.287405946149712321e-02,7.736061349677101351e-01,7.054054111801136839e-01,6.870794049573586415e-01,7.530894985015973431e-01,7.018396710595941057e-01,1.547562343586995348e-01,9.308239178798877189e-01,1.725053756750933864e-01,6.660367460015221841e-01,8.529105430238206331e-01,4.899707696808732749e-01,3.358557477970331995e-01,8.474076693476468858e-01,7.099361023637966728e-01,6.692124807907653405e-01,9.203332853877686792e-02,2.456495737922055611e-02,7.664455605436181207e-01,7.512535161216289392e-01,3.917504058283057256e-01,6.378486914583040290e-01,2.318099223614299986e-01,2.024850602900535868e-01,5.335170121910899343e-01,6.836232331369850312e-01,6.263565723467547919e-01,3.797381503420856896e-01,3.062948787991588429e-01,6.160429311888738768e-01,4.113686704862727916e-01,9.200223859805904958e-01,5.979366338363666378e-01,7.562834754136683602e-01,2.269676146811127893e-01,5.251657754375510523e-01,4.308272297526439254e-01,6.716078651845140968e-01,6.770405778692388798e-01,6.788702079823323299e-01,7.135993288412850744e-01,9.003941720246271263e-01,8.514293490178411750e-01,4.732402656904994842e-01,9.260535862850216571e-01,9.407265566234810361e-01,4.421752040444100473e-02,6.774859889121567225e-01,8.013624431986151597e-01,9.959524502098127119e-01,9.542736002223962677e-01,7.319868062699741440e-01,4.645235960033656797e-01,6.180765645034544953e-01,9.447373298661885244e-01,6.944964969131504073e-01,5.423770424679865698e-01,8.642337666615582670e-01,8.359410464736550805e-01,3.643160434959026861e-01,4.087377893503071347e-01,7.256185764924580894e-01,7.577914072538438628e-01,1.843723500127021631e-01,9.787921510149621973e-01,3.849325079598748811e-01,2.902056816746556023e-01,8.986873001703792330e-01,9.607681778052811206e-01,4.845105893379348938e-01,7.884859047358590001e-01,7.114898953043909957e-01
9.178636068340360055e-01,5.373425538428375781e-01,5.844709106408423338e-01,9.387186079419598261e-01,6.102051996969835024e-01,8.224763966375878699e-01,6.462975748265640252e-01,6.541110430133314502e-01,9.978273822726766440e-01,0.000000000000000000e+00,3.138931094711638337e-01,2.486304951709062128e-01,9.267964278713810566e-01,7.707522135366148275e-01,7.736770173373866966e-01,9.625529164686039696e-01,8.881895832607080710e-01,8.168933537738448658e-01,4.970028036391228032e-01,7.167078621359801449e-01,9.967110860055351518e-01,4.096416484867594354e-01,5.282913442347745292e-01,5.081906907711897237e-01,6.740664122953434756e-01,4.362035817192432274e-01,7.542856238809322322e-01,7.509365526276159386e-01,-1.350316283180839627e-01,4.097608837118806302e-01,2.040587359333309592e-01,6.704260273596130970e-01,9.505697125208786291e-01,4.856848321359468201e-01,7.361847530239218340e-01,6.800398733794892348e-01,4.371196557058089072e-01,5.893511035190891478e-01,6.918669831195234377e-01,9.231201966839979178e-01,5.851647753411561848e-01,9.194062178310997702e-01,5.567594351805832398e-01,9.333893229514563794e-01,5.604502652645724226e-01,4.584349437507148628e-01,4.642718283493244003e-01,9.510892929508986127e-01,5.386304464014048943e-01,7.748118954948498560e-01,8.052879917325835857e-01,4.988385898622851311e-01,5.666785056674485954e-01,5.247134095812642229e-01,6.286517180942011729e-01,6.279065695233602973e-02,4.475798284046217934e-01,8.028418713098800508e-01,8.731381082144091810e-01,4.054154961415774583e-01,6.709893074136215052e-01,6.207385480424576496e-01,4.614896489531361001e-01,8.507450996331062942e-01,8.698283429790021337e-01,7.671110593193515292e-01,7.271790721439522764e-01,9.065821377955932681e-01,2.287191693459840747e-01,4.180154986737026346e-01,9.457972043396393191e-01,6.791273673040245651e-01,2.048117974506550587e-01,4.957882429048979245e-01,6.137660642146811618e-01,9.873415845429102111e-01,1.114901000931326491e-01,8.217972113341128759e-01,6.689636856162806122e-02,3.993292680686184593e-01,5.905635871104961687e-01,7.606593279974307453e-01,9.900666913924323076e-01,4.013312745238071799e-01,4.529109706005917668e-01
5.095018530955999214e-01,5.669895803105498011e-01,8.043903250490197498e-01,7.397169448275082715e-01,6.784558538590904631e-01,8.618941031760408711e-01,-1.505803363444316312e-01,6.699578479027147315e-01,7.906379322830923151e-01,3.138931094711638337e-01,0.000000000000000000e+00,8.390564898712901121e-01,9.839322953399800564e-01,6.632774543905648468e-01,8.397779846384130220e-01,6.809741178571299125e-01,8.067498872374088137e-01,5.389283397735987746e-01,6.438704191452532255e-01,9.181409670142136603e-01,9.844332081870912354e-01,8.447331641146089698e-01,6.186460103423805368e-01,5.493126066603555291e-01,8.666688852521120534e-01,4.032816386113952101e-01,7.543054131649745697e-01,7.087055276018966454e-01,4.951655573173997515e-01,3.984471939231984949e-01,2.423248883418138155e-01,6.596029433043348877e-01,9.428685164914398786e-01,9.590883196641344366e-01,8.382327373284097494e-01,4.612695808486523275e-01,7.008360701255446079e-01,7.698146116442918796e-01,7.466945022615494310e-01,9.648449491930742861e-01,3.508759211282326262e-01,1.783777128494561381e-01,9.897305537249041496e-01,7.525677845605617255e-01,9.540409236476580235e-01,2.287275567040177315e-01,6.490225112266420071e-01,7.274559401855491547e-01,3.965715042177045957e-01,5.861641015206850991e-01,4.480396485441188181e-01,6.084383954064453981e-01,9.479527028070234840e-01,9.347540178182369708e-01,9.166488126191515429e-01,7.841231443029299530e-01,7.108577025445089737e-01,8.896494386099790264e-01,8.838494013727948850e-01,3.445739530236959641e-02,3.238992376288772346e-01,4.301055649115264057e-01,8.924164393676712326e-01,8.224194768511056131e-01,1.406849512582143691e-01,5.794958668189396089e-01,2.998264400509244032e-01,8.600168499392888410e-01,3.718808827446933307e-01,4.684583012996195173e-01,5.305892695832525874e-01,4.711611279083764425e-01,2.253241918599670768e-01,7.959412572837792910e-02,6.742881166596799147e-01,8.002825111604896513e-01,9.837530899614492785e-01,4.627380873523750937e-01,3.568222336795510152e-01,3.128506211669915271e-01,2.418237164913739357e-01,5.108501348644053364e-01,8.509928328815539178e-01,2.906298329250598944e-01,6.943301949148799057e-01
6.909682472516093243e-01,8.183807941975501654e-01,6.102046265573162209e-01,9.289848708792959320e-01,6.169176119797644686e-01,2.583175161344560822e-01,6.656846746189394315e-01,3.657263508408142294e-01,8.291476052350795767e-01,2.486304951709062128e-01,8.390564898712901121e-01,0.000000000000000000e+00,9.305756327615841705e-01,8.323903454974617144e-01,9.574418637375589070e-01,7.235553274518153888e-01,9.517010510455050643e-01,8.498875748866151492e-01,6.778706584144880143e-01,9.049515564559279523e-01,7.228396981533035115e-01,7.791309880060529602e-01,6.265542426455706915e-01,6.460799742603958729e-01,6.530139322655665879e-01,3.460650162739799529e-01,9.028922781995979419e-01,6.737809374097741832e-01,7.943549401199812010e-01,7.471665681244286095e-01,4.139570721622991001e-01,7.077656407808170513e-01,2.647557891464094038e-01,8.373160688008531860e-01,9.277241323406100193e-01,4.318274475552901781e-01,3.504461773801586383e-02,5.989512739111353401e-01,9.900313421796307356e-01,7.047836550092660968e-01,2.742319840310208923e-01,5.984455145847673574e-01,6.551166859631515349e-01,8.652982129352499996e-01,8.581254469975321264e-01,7.077188104691878312e-01,6.396706900928810224e-01,6.432917916118890966e-01,7.091529316843523389e-01,5.254191115836277515e-01,6.007961770261788237e-01,6.100208078880778872e-01,8.951315809324050798e-01,6.718967906320788552e-01,9.543362021857175748e-01,6.709030613079625116e-01,1.167350601157703394e-01,8.178802562551337196e-01,6.575498906071268745e-01,7.973962601884794221e-01,8.690765998261795744e-01,4.664484852318139252e-01,7.496709737816277253e-01,9.772785552973275447e-01,9.776840959842575396e-01,5.839018355583652786e-01,7.234795479421033404e-01,6.331014493780947605e-01,7.805060028975927544e-01,9.086687557767842982e-01,6.617787292771056817e-01,9.527948943520458958e-01,3.772957432409926870e-01,2.187685702676719079e-01,7.312204316929358239e-01,7.695593221085036406e-01,8.861671710309367844e-01,3.032554055932852322e-01,1.188815998770409305e-01,3.748192787304243101e-01,1.521733356963045070e-01,8.263517294333354579e-01,9.297785924448686012e-01,4.772831378003765668e-01,4.875832746740927925e-01
9.454417194770534660e-01,7.175879449370528018e-01,8.073462593801020715e-01,8.837604723323000400e-01,2.324988866265755849e-01,6.028993903430059920e-01,7.376598020588824856e-01,8.780630530698183556e-01,9.624650227032480743e-01,9.267964278713810566e-01,9.839322953399800564e-01,9.305756327615841705e-01,0.000000000000000000e+00,8.257935946712837705e-01,6.407529627004513451e-01,7.754911084365930796e-01,7.500398461783406301e-01,5.447032566062282033e-01,8.508207089033980042e-01,2.228778854464638637e-01,8.763407880876699085e-01,9.466789892000562201e-01,7.543895909242736009e-01,7.724037382250734662e-01,5.036298070839270169e-01,1.517278941305347795e-01,4.783567431589859642e-01,8.915691615797477487e-01,4.540467673870389187e-01,3.280853114820178051e-01,5.493144945224223141e-01,5.949555937463273381e-01,8.756492440994532167e-01,8.310291371372579006e-01,4.216632463459141222e-01,4.946707233328152542e-01,7.455887115085025885e-01,5.409774579281029228e-01,9.235861907464752996e-01,8.868410198481820883e-01,3.856264573235029802e-01,4.946932869487039031e-01,9.164060047648298069e-01,8.771252069869873713e-01,8.134470034297710539e-01,6.532582988298871740e-01,8.778409695580634553e-01,8.861150874465191229e-01,6.929439625016310389e-01,6.701226796977568512e-01,7.300000401508348613e-01,8.154230148789413102e-01,9.646669231654487753e-01,3.591232376269467008e-01,8.224401013103581626e-01,5.038747319917129958e-02,8.800496970925648643e-01,9.739027935560173876e-01,4.381668250953223431e-01,4.176373388171584211e-01,5.760849730177395323e-01,4.187455359195739191e-01,8.038504204997448666e-01,8.758352425902816707e-01,7.601880695620332196e-01,6.435135133194885837e-01,5.451428719888538055e-01,9.879056409472835032e-01,2.177288248124365222e-01,9.964022898321480692e-01,8.824059397117413051e-01,7.242064048816014843e-01,4.931258876779859857e-01,1.081881591922226327e-01,5.015654929744123303e-01,2.219894297049261334e-01,6.761129078522211122e-01,7.114386391480190808e-01,6.760322275369340383e-01,4.893874501359058438e-01,6.074599147191311888e-01,8.456055037606874381e-01,9.228134169075428161e-01,3.622990681912933164e-01,9.718793769230059665e-01
7.579018924286917702e-01,8.474623486814878426e-01,5.982496954841132197e-01,2.041079083359250146e-01,7.298332606494757346e-01,7.658011310598257237e-01,6.875721010135860123e-02,6.921511756296111484e-01,7.287405946149712321e-02,7.707522135366148275e-01,6.632774543905648468e-01,8.323903454974617144e-01,8.257935946712837705e-01,0.000000000000000000e+00,6.115681710648586122e-01,7.331807546985541491e-01,8.606453429868332616e-01,7.526694090964495265e-01,8.051301804699421139e-01,9.211531779421223698e-01,4.464633655672732293e-01,8.768944569754399954e-01,4.399694949949229383e-01,6.316862893128206702e-01,2.977561977356412148e-01,8.954704905839239171e-01,6.430046916255103273e-01,7.974664092646002178e-01,5.568455038111848054e-01,6.823031463909861039e-01,2.752892489742223003e-01,1.494158369498902739e-01,8.521077281277131821e-01,9.269660133226107490e-01,6.686261653354307333e-01,5.358698601423620422e-01,5.964484350062880802e-01,8.185914007000300030e-01,5.479922069278727603e-01,9.349454319761651977e-01,4.564261453131178148e-01,5.434005586415722178e-01,9.570639388430035588e-01,2.722801479514549428e-01,7.420015195490693438e-01,8.372052453710807640e-01,7.545906548090633992e-01,6.421182640172049538e-01,9.647769134870913810e-01,9.571630276539307980e-01,6.066254104754917886e-01,7.616138135190216873e-01,3.445670314079172236e-01,6.901079195670485333e-01,5.671826089070185484e-01,9.465886705968920012e-01,-1.362115809477373318e-01,6.899455334766243508e-01,9.868589791848082493e-01,4.293208103366408790e-01,6.774640215026174195e-01,7.062171240375401116e-01,8.648510542672925849e-01,6.162292457604835461e-01,9.784066703469359583e-01,8.769246591607234853e-01,6.952111161360775560e-01,8.949642982377861156e-01,9.775718135289107602e-01,9.299531087497966420e-01,9.509815151634193331e-01,4.433376162920800723e-01,7.632254566321918787e-01,3.866892839486325562e-01,4.749036805550908014e-01,9.790179644803739256e-01,7.113164029815519651e-01,5.209472397452739045e-01,4.398674807321735214e-01,1.333911350313322364e-01,5.586267521325681829e-01,8.482023861109426743e-01,5.777625008976856602e-01,4.447220706883829311e-01,8.499533962002903120e-01
8.113858084264276016e-01,9.664930268937641511e-01,4.658278273093374722e-01,5.179913806785908514e-01,4.850433910669456061e-01,5.990068525134557564e-01,7.989224936470844529e-01,4.445064180288442190e-01,7.736061349677101351e-01,7.736770173373866966e-01,8.397779846384130220e-01,9.574418637375589070e-01,6.407529627004513451e-01,6.115681710648586122e-01,0.000000000000000000e+00,9.016513644597080601e-01,2.803252955393146784e-01,2.267236088839086061e-01,6.948262325662616368e-01,8.228555557036305590e-01,8.142900833017028273e-01,5.176094774293780176e-01,5.743664814081009817e-01,9.621339341449435256e-01,5.309213591154334777e-01,9.925345821247240075e-01,7.712256414703986263e-01,5.666363891047250245e-01,3.870268838672467626e-01,5.768700542113407437e-01,5.978404297639616782e-02,7.350600981958554936e-01,5.315779732510026445e-01,9.546056598383816372e-01,6.285167964765956405e-01,3.503996245993841185e-01,8.270770005381945095e-03,6.137187092139656519e-01,6.810750035903074817e-01,8.135895835454850511e-01,3.615568732880000136e-01,6.085654039615604471e-01,9.069028195504225121e-01,6.464373103674578847e-01,5.566855473816361144e-01,8.887767088944825700e-01,9.274552603336956302e-01,9.823975078696897123e-01,6.674612357839376786e-01,8.533059216929669288e-01,8.475420807251199395e-02,6.716167216725663636e-01,4.270087275096264290e-01,7.578796926893329733e-01,7.962328288754787486e-01,8.428746130245421408e-01,7.947994398988424969e-01,8.790722696466907182e-01,5.558523670154000840e-01,3.610219189007686791e-01,2.082457400293125649e-01,4.077203029333462125e-01,7.561630979502820260e-01,8.522210404498854475e-01,6.008367505310613366e-01,8.271866221787976814e-01,6.930886509637066428e-01,4.363046543793851484e-01,2.271552134067804929e-01,4.009308046852086971e-01,8.633769561218304078e-01,5.796626609985682244e-01,3.684236403625734679e-01,5.670548198206244450e-01,6.978683885667873454e-01,7.981852187345324090e-01,8.190803669252424424e-01,8.933679102211162792e-01,4.335816095746908294e-01,5.586066007598352590e-01,8.570006868876310913e-01,8.063786160903020361e-01,5.533441775819409880e-01,4.278714286151752422e-01,9.330964385633100378e-01
8.081531616639668902e-01,2.653247758132323830e-01,9.799868619927518676e-01,6.807475960421278671e-01,7.035212037937542684e-01,4.305921570793441178e-01,1.565190439820850210e-01,7.318498796150225694e-01,7.054054111801136839e-01,9.625529164686039696e-01,6.809741178571299125e-01,7.235553274518153888e-01,7.754911084365930796e-01,7.331807546985541491e-01,9.016513644597080601e-01,0.000000000000000000e+00,8.630413011402501278e-01,6.810022808591715826e-01,3.675363758510484802e-01,8.097004642705136757e-01,7.435818399178004690e-01,7.979601468747979931e-01,9.370751750664744195e-01,5.258309688874126531e-01,3.137540902689089223e-02,7.076265554007197256e-01,5.837959287845402301e-01,7.332176645573753593e-01,3.189204584874573145e-01,6.989191102656446830e-01,4.307688164691528820e-01,7.231547759086009997e-01,7.163068394304692443e-01,-2.468910419261821643e-02,6.349143468039553095e-01,6.413601123869933085e-01,5.266211393125509455e-01,7.584332801084894271e-01,8.708137439682492875e-01,6.294348528820903343e-01,4.136967451165888265e-01,-6.536055360110898382e-03,8.543229641378647932e-01,7.221461141646425830e-01,9.906375656351505965e-01,9.226739809378824431e-01,1.108334663067049031e-01,6.670541187716819698e-01,8.794112345396213337e-01,4.423080442055075667e-01,8.956438093225348451e-01,6.803809464559298359e-01,7.098717337450608511e-01,6.497981465736351048e-01,7.569881446378058376e-01,6.259432176743469078e-01,4.728693252671263836e-01,5.599830301777408703e-01,6.132535864752816090e-01,2.687121501053925110e-01,5.973140405241798012e-01,7.200831868993473606e-01,4.370088890285545036e-01,9.386118278401102133e-01,8.289708042648348263e-01,-1.998577212794397928e-01,4.027617843477334647e-01,9.492845843734550870e-01,7.713956919279807423e-01,4.719092647306284694e-02,9.358753157410164558e-01,6.886411080309129407e-01,6.006588781270336685e-01,1.545795978217994263e-02,7.775747708374491918e-01,8.767464906686777137e-01,6.482220764897816956e-01,8.230440923456644464e-02,1.063641431137098969e-01,3.294797333688773699e-01,6.184492511382616575e-01,9.544924841101144475e-01,8.689384919071200253e-01,3.774948539475092568e-01,7.985804467035761967e-01
8.225055288355856975e-01,6.746490738608077464e-01,8.591607024915099977e-01,7.064751721071905743e-01,6.157853883474487811e-01,7.080938024421908894e-01,8.387667075412790219e-01,7.412450997215229709e-01,6.870794049573586415e-01,8.881895832607080710e-01,8.067498872374088137e-01,9.517010510455050643e-01,7.500398461783406301e-01,8.606453429868332616e-01,2.803252955393146784e-01,8.630413011402501278e-01,0.000000000000000000e+00,7.899505172088019389e-01,6.356453397004770967e-01,9.849083499886559512e-01,4.411206574026508287e-01,9.645212492615662381e-01,9.261876025011532843e-01,6.775563757701931200e-01,7.583892236173908064e-01,9.759983875211469817e-01,9.857600181729736510e-01,9.006619789013348143e-01,7.645520801096246100e-01,4.849266063169596630e-01,5.828758694256566120e-01,9.193994603940296440e-01,6.565205911414233597e-01,4.285352462421562203e-01,6.744734101580828201e-01,5.265622386324175785e-01,6.572929626787422652e-01,7.936574885337869256e-01,4.294779647394987854e-01,8.297312785770591947e-01,-9.388884245733425393e-02,3.689114267443724948e-01,5.225115197103629150e-01,5.072262122171942167e-01,9.035676906621776805e-01,8.028149480613719913e-01,5.399796413470607792e-01,6.220840652765617929e-01,7.544316878574742757e-01,4.864696411462389181e-01,7.054303594559949708e-01,8.672693778248090624e-01,9.152026959252065330e-01,9.997623513996336531e-01,2.655814161037450272e-01,9.116927800207215160e-01,6.195912321980906468e-01,8.408202163381046645e-01,9.062386067500487474e-01,2.934139782251627970e-01,2.131431998191391508e-01,1.225655703039139621e-01,6.934626906152386860e-01,8.414442002666920883e-01,5.912447476296518456e-01,9.867767151120762081e-01,6.223304861457474857e-01,9.230220067265405559e-01,1.701210741735133258e-01,9.140317512973834546e-01,6.613996413595939483e-01,8.580298714943053184e-01,7.558958243569394719e-01,-7.111164626575852687e-02,8.020460373469068260e-01,6.849167112685453640e-01,8.120197180510411172e-01,9.331451546004682074e-01,3.517536093988553603e-01,3.731543419570201303e-01,2.379319026129643189e-01,8.003931909141889234e-01,8.729630265521671761e-01,5.954480568657705142e-01,4.335991075822056007e-01
5.218448428222632884e-01,6.430682745165108294e-01,6.305609414602055818e-01,6.717354215644777415e-01,6.194400459572605433e-01,6.538333922803838405e-01,1.946012645062704105e-01,9.694956559985838940e-01,7.530894985015973431e-01,8.168933537738448658e-01,5.389283397735987746e-01,8.498875748866151492e-01,5.447032566062282033e-01,7.526694090964495265e-01,2.267236088839086061e-01,6.810022808591715826e-01,7.899505172088019389e-01,0.000000000000000000e+00,8.202176183566832757e-01,8.454204614690297159e-01,2.787740826882586509e-01,2.219131350860646945e-01,6.824754029035769998e-01,2.185856644791812076e-01,7.179484176405478424e-01,5.212421328881875482e-01,7.860753894027858735e-01,5.405109487954686820e-01,7.644773471006529597e-01,1.416368630068410572e-01,2.494031255006458336e-01,5.988365738598816490e-01,4.514638307322918487e-01,8.767356524308707044e-01,8.069082397942639595e-01,7.158623442905980294e-01,1.342063882239277230e-02,4.931824998294360163e-01,8.214871377026056187e-01,6.695566227422792283e-01,4.914827298248656828e-01,4.971932906585106449e-01,8.122327328424366888e-01,7.008996763244104145e-01,9.784384897924522928e-01,7.489418566911701935e-01,6.543135512594889791e-01,7.302705341454805987e-01,6.794400189114335742e-01,6.324276831507320562e-01,4.233731738448050508e-01,4.162161925510233784e-01,7.358266010646116184e-01,5.085416203581889505e-01,6.900648466040965046e-01,8.584997314908688892e-01,4.097235880182042433e-01,6.663144794971959106e-01,8.692942722774448239e-01,2.991798439615843130e-01,7.953464071119455969e-01,8.640993690360926349e-01,7.998162604706838819e-01,8.637026389741596644e-01,8.541269191266162020e-01,6.429088254591278639e-01,6.188275617252869676e-01,4.476388109706329610e-01,4.334238613338757817e-01,6.718164842839534634e-01,7.212395255961502327e-01,5.012628010729914818e-01,9.734546440837497094e-01,1.906353575340323792e-01,6.404728361794103098e-01,6.081109994572082567e-01,7.746927791257367524e-01,4.024351752175647778e-01,1.088352599887672523e-01,4.066163137439175457e-01,6.128734931272281639e-01,8.516067438778245346e-01,9.215297426834891947e-01,2.647078072141333394e-01,7.665648919687145790e-01
