0.000000000000000000e+00,8.717759846218572362e-01,8.733081784488724297e-01,9.895839228915344066e-01,2.297071930380018556e-01,1.182816431347388786e-01,8.114056048324901349e-01,-3.732186672157133955e-02,6.614366995053794218e-01,9.499532306499857137e-01,6.664047189204463928e-01,4.419717666068888051e-01,9.473285200391858840e-01,8.483947659941081243e-01,9.281130278375300247e-01,6.070788080713276358e-01,9.308648362077578398e-01,4.434340032257866673e-03,4.740331959391209660e-01,6.730875058565329860e-01,8.907978389059165725e-01,8.824410046768838001e-01,6.568236339563574555e-01,7.792260216614026458e-01,8.988351257364574076e-01,8.850610920592983932e-01,2.447743416173225328e-01,9.008459979686074259e-01,5.444354959011834527e-01,6.861822780940773914e-01,3.644301158935462359e-01,9.840003904374918786e-01,8.299504230817295047e-01,8.073270639893609379e-01,6.223684321262489272e-01,8.357945362571480574e-01,7.071694172495490704e-01,8.770047975640518079e-01,9.970064424276933179e-01,2.946112443387930435e-01,5.486919510376009335e-01,2.296052426533787827e-01,9.662699459190038365e-01,7.500544772986007525e-01,9.044299371362168882e-01,6.751360512387605262e-01,8.976839950797630419e-01,8.421019191786607294e-01,4.389400681244658431e-01,8.832751033333363644e-01,8.375455552654306191e-01,9.867169926504725241e-01,8.210438424313913908e-01,8.020550732211672029e-01,6.821373302764310864e-01,6.297442551677191469e-01,6.873180983037581182e-01,9.577696142033882420e-01,8.054261374138330654e-01,2.806112228913184570e-01,1.003486147237081516e-01,9.196546547763267965e-01,6.676143362545072790e-01,8.777590956107047537e-01,7.801709668625433913e-01,6.141834091003396390e-01,8.448778742059939173e-01,8.936922135015050728e-01,6.885568486438001790e-01,1.275860232423138285e-01,7.107753057527621543e-01,6.220121346923118688e-01,1.589033783158693147e-01,8.318581679823471298e-01,6.081018753041106395e-01,4.811521657428929899e-01,8.671867975631087910e-01,8.589598966668815505e-01,4.593458246769084874e-01,5.727749917925022416e-01,7.295580438476029217e-01,8.136453638685248180e-01,8.218933199521831767e-01,7.489243404329638532e-01,9.459463542943796766e-01
8.717759846218572362e-01,0.000000000000000000e+00,4.061029594444646174e-01,7.197690702586261313e-01,7.865283489385975768e-01,8.157936826705683986e-01,5.082385656001502383e-01,4.815667551854191930e-01,7.663499355398476487e-01,9.541193931595057798e-01,2.279657268260532055e-01,6.201209240819585133e-01,9.857451583990424204e-01,4.093049361189262103e-01,2.005932164721409283e-01,9.721558967940833185e-01,9.745579777937756205e-01,9.208279102554233209e-01,6.848615282640659885e-01,9.190983392750826653e-01,2.013247821860544573e-01,7.378311578327614306e-01,6.189629455359980659e-01,9.865696983818200705e-01,7.600477894917488930e-01,5.797231602669824513e-01,9.825747118103057565e-01,3.584233457776411086e-02,3.151402297481065706e-01,7.000346538738604352e-01,6.613027773938162657e-01,9.208125352089597815e-01,9.817944004550814840e-01,6.954368878010114274e-01,6.661269707305631504e-01,2.958298863680479118e-01,2.381070757057527632e-01,3.847582356539955839e-01,9.558216290238650270e-01,9.962042117046291390e-01,2.150886180033549644e-01,7.624400181035935198e-01,7.645560924735664843e-01,5.330639956280012193e-01,6.172148776052092112e-01,4.723136497176981807e-01,7.708467941348458030e-01,4.161321827687571862e-01,7.181084303271899616e-01,9.820041045284060299e-01,1.623641966597175884e-02,6.583656641616399963e-01,6.899517568332336204e-01,2.993390181337876599e-01,9.556576932067462060e-01,7.725882696383626902e-01,8.907312961486792968e-01,3.823743301523320204e-01,3.277891154188014022e-01,7.286350217128412243e-01,3.020107965374551617e-01,4.354265386826052242e-01,6.249896679997752891e-01,7.140938223890669345e-01,9.543839942471369353e-01,6.472247349997611865e-01,4.926982803823991564e-01,6.494037099581577710e-01,9.533516864097127952e-01,6.872468252344101636e-01,8.429300131923264106e-01,7.084927614830943687e-01,7.327734644187614554e-01,8.122319630263481471e-01,2.444660305444167903e-01,7.765862020403266897e-01,6.207611092754615756e-01,3.888257607917586789e-01,4.524760740245491464e-01,6.859205019811415172e-01,3.169287543482430802e-01,8.009979725306679565e-01,6.143364907142411235e-01,3.907574424930270185e-01,7.301915639924408952e-01
8.733081784488724297e-01,4.061029594444646174e-01,0.000000000000000000e+00,8.755161475370941693e-01,7.658523338083764731e-01,4.988410163361500782e-01,7.661314539993198114e-01,9.009479714685376672e-01,5.744287418252936872e-01,8.200329745885309718e-01,4.848664332068981508e-01,8.049758699437129517e-01,9.023650239656304528e-01,6.227921308632616837e-01,8.112539610535132173e-01,7.515655904326176140e-01,9.258217590894993743e-01,8.151524887168317690e-01,7.338914427675787833e-01,7.846931615503121016e-01,6.264774789050827630e-01,9.137239970340869100e-01,8.233392909739867260e-01,9.066209901230593005e-01,9.815483442448482698e-01,7.897617050808186656e-01,8.195099175201575603e-01,6.608025129062199410e-01,3.301383900836005747e-01,5.124211660245311384e-01,-3.963933716909043281e-02,9.887354951548821269e-01,8.920170478887183840e-01,8.793015235800997198e-01,9.464506487968779025e-01,4.478956400943060467e-01,3.346043671080067838e-01,6.818756383064019655e-01,8.514385933496290138e-01,8.001857838854259386e-01,6.951339369140433488e-01,6.839462815508873250e-01,7.121325495095296443e-01,8.981110594568656458e-01,7.114509326003929379e-01,8.493920127548707510e-01,8.894490938674026737e-01,7.618253207878309397e-01,7.315095100173474307e-01,8.035150152885576214e-01,7.233142001901078366e-01,9.268807028229674172e-01,2.030756420968757303e-01,9.897073438626950992e-01,6.291589577775542619e-01,8.057558651784558768e-01,8.160071305568739053e-01,7.641676012565140619e-01,7.874700409986323812e-01,6.262292612927220503e-01,5.318783368228889863e-01,8.205586236598511052e-01,8.415076727025202485e-01,9.136404534460383919e-01,3.953642684819324016e-01,9.927486783856225294e-01,9.765602024120811908e-01,9.170864893086649872e-01,5.289634387625543610e-01,6.061323317842531866e-01,6.870506939777732969e-01,8.788791205453683197e-01,6.948091319805111965e-01,3.214335661087427409e-01,6.795757646508526761e-01,7.773824395905579721e-01,8.601082146391348937e-01,4.649246937334066687e-01,6.047868189674905359e-01,6.136737941475047808e-01,6.204118950044377190e-01,8.193739756755538117e-01,8.949369790069858777e-01,9.773973913520582757e-01,6.239634741060345879e-01
9.895839228915344066e-01,7.197690702586261313e-01,8.755161475370941693e-01,0.000000000000000000e+00,5.856965450012361352e-01,9.315823697608067722e-01,1.690724880100621941e-01,3.960433676026700045e-01,8.297055173403317108e-01,6.590135288027980653e-01,7.109487989134624097e-01,9.383137255416893474e-01,5.574403871793065512e-01,9.008921876470917800e-01,9.217015158832884136e-01,6.625407980360030757e-01,5.236622647680349019e-01,7.533996671144715940e-01,9.702078859700085101e-01,7.194083610853730937e-01,7.267479043119083881e-01,8.112505137261744048e-01,7.350300353100682749e-01,4.013569193837523974e-01,6.888494821711328431e-01,8.983449362845420394e-01,8.627613719630660150e-01,7.657134728600387685e-01,6.113989895713316525e-01,6.574803320288765685e-01,5.138282708132312360e-01,6.355059586215273670e-01,7.266962687229036044e-01,9.000244021911686376e-01,7.957009599136576350e-01,6.742537404393900147e-01,2.728862481724097511e-01,3.206328806706064127e-01,4.607647881421828573e-01,8.050893546553735680e-01,6.244508244234654448e-01,6.997449569743358078e-01,2.629085045248892860e-01,9.909048915194190732e-01,9.463196964716853454e-01,9.420994013908677855e-01,8.140307815633681665e-01,3.788594626922087150e-01,4.348089246602511171e-01,7.231331809512755449e-01,6.292322892141940516e-01,6.620320684837628367e-01,5.998279952738972964e-01,7.008162131243923509e-01,9.458017732360515240e-01,6.278166537262015456e-01,6.566932979551834970e-01,9.439058016859580569e-01,8.365268374399150719e-01,3.081446391418891650e-01,5.845277938896494829e-01,2.892937069062236355e-01,8.784488116400288593e-01,9.595916326466223945e-01,4.042594090010590002e-01,9.540166341690168306e-01,9.132328409827412674e-01,7.698271005864004701e-01,9.869793421929096144e-01,7.333624550311965695e-01,8.784509258421135947e-01,9.783441960296174189e-01,7.581390825471041595e-01,5.450019104961584260e-01,6.544671765427955146e-01,3.694921424516092734e-01,3.256127752107276230e-01,6.660064391349783397e-02,3.735626293466357550e-01,5.234215910020114659e-01,5.740621644158885317e-01,9.077936035611229304e-01,6.817462320474891868e-01,6.468423891227770284e-01,9.762262087984370229e-01
2.297071930380018556e-01,7.865283489385975768e-01,7.658523338083764731e-01,5.856965450012361352e-01,0.000000000000000000e+00,8.587278107856070042e-01,4.651114767875453304e-01,6.847051623300161038e-01,5.036432645209529824e-01,8.255950148656372445e-01,9.366371372134936202e-01,7.848478845812563165e-01,9.191680843892960917e-01,6.258806426244071242e-01,5.083850766422421952e-01,8.743874680763948914e-01,9.302177280344215982e-01,6.545671739233107633e-01,7.178647240537331387e-01,5.012749072729391075e-01,6.041629906637601133e-01,9.046049212153710606e-01,7.909031095799692324e-01,5.567192105595619722e-01,7.512697150087537246e-01,7.995945592127274848e-01,7.125979923703595897e-01,9.562023741414009681e-01,1.265820853168923843e-01,5.172622956272466821e-01,5.714193141134680243e-01,-1.037140797508706025e-01,8.305567087516092517e-01,7.790441322759660281e-01,7.193917540192362736e-01,6.016368515480248202e-01,3.892127643957047356e-01,5.728388015066356864e-01,8.335375962179542020e-01,7.006272716420344215e-01,3.234722044567933108e-01,5.849864269570637099e-01,9.075300247857208680e-01,9.987249366873400813e-01,9.749975623736197861e-01,4.211235117639153258e-01,4.394307484859863999e-01,7.371134779824546346e-01,4.363233051005165342e-01,5.104573618713987848e-01,5.787400362610799487e-01,1.429704852728968523e-01,7.917820364292231794e-01,9.737602015756937623e-01,2.648163736344223418e-01,6.065920821452659428e-01,7.072715574012172768e-01,6.490079515429392210e-01,7.385977405845643995e-01,2.878183806680024159e-01,3.211532970001382270e-01,2.317763760380835147e-01,9.981330034869386747e-01,8.452968336468741350e-01,7.772437781911207821e-01,7.551283351396405052e-01,2.594872232939562373e-01,9.555056213624795181e-01,5.507092796215268260e-01,4.524401744410488924e-01,7.908349302135949666e-01,6.949002079849317948e-01,5.563703166602111949e-01,1.726942305801031363e-01,4.030203580576962596e-01,9.157242550239849121e-01,4.419272765253573487e-01,7.339754160450844278e-01,2.699887559713273211e-01,8.271994334699911411e-02,6.492658643445128330e-01,6.484784885379413222e-01,6.366209154534795411e-01,6.794494932638395213e-01,9.983050089047775799e-01
1.182816431347388786e-01,8.157936826705683986e-01,4.988410163361500782e-01,9.315823697608067722e-01,8.587278107856070042e-01,0.000000000000000000e+00,7.227139837800085065e-01,8.295470755542416752e-02,8.429940549038449360e-01,4.157526410214831825e-01,8.764153712486399961e-01,2.062654877093629269e-01,9.068669244994167489e-01,1.898507241245386279e-01,7.800381305399997078e-01,9.580910848757903109e-01,9.057384594415315293e-01,6.529824252118661132e-01,6.189103034408623971e-01,7.345683333584352992e-01,8.711635373323433074e-01,5.924425408108884294e-01,7.921341109005546333e-01,8.938600542381249792e-01,7.451848356074162183e-01,8.659636293784662708e-01,8.096256249649013137e-01,6.687016905872118500e-01,7.218904098632797917e-01,5.016552008785555294e-01,2.260888869697230685e-02,2.947906660476886098e-01,9.487364968273021004e-01,6.445398682735570262e-01,4.998804238047826476e-01,4.068730945299535162e-01,2.734996603568858875e-01,7.980422622938990740e-01,8.480875472313107455e-01,6.534454968639200612e-01,9.985725864501235893e-01,8.530639031500829583e-01,3.392858192175390863e-01,7.292090143670748592e-01,3.336200029087507679e-01,9.295529682304628505e-01,7.256538644467958044e-01,4.550233153125082253e-01,6.454830246674977401e-01,9.442394706204281229e-01,5.247185257553343973e-01,4.380967418971524197e-01,6.748434162344109088e-01,9.122154418734477188e-01,6.499907248638914226e-01,9.041345701540118851e-01,6.140459978042867029e-01,8.169983161015417217e-01,2.055977705773815445e-01,8.796970045040615194e-01,1.681662999765839994e-01,6.572765741485172564e-01,7.419517496612535457e-01,8.207176303449285060e-01,7.338113807359070151e-01,6.695022426490672141e-01,6.898915324909457025e-01,9.859061978282552818e-01,4.044345977635875333e-01,9.999510026479778713e-01,9.208554441501672905e-01,4.458632014560102164e-01,4.551227294595081019e-01,3.166206702500177772e-01,8.879280051189527567e-01,7.527537763843422658e-01,8.601000918278784990e-01,7.924815039280436180e-01,3.500796366211401112e-01,6.096112798748314354e-01,3.311087616224219765e-01,6.560932612836946065e-01,7.681544458457374436e-01,3.777137912178433199e-01,-1.903963719126438581e-01
8.114056048324901349e-01,5.082385656001502383e-01,7.661314539993198114e-01,1.690724880100621941e-01,4.651114767875453304e-01,7.227139837800085065e-01,0.000000000000000000e+00,8.910282101391566734e-01,4.011307517877479301e-01,6.327064278092580096e-01,5.492439099758729126e-01,9.493492959209679505e-01,5.037049978082103197e-01,8.491432269931458166e-01,5.710084023356875038e-01,4.233190063780544188e-01,9.571661650000634625e-01,6.874049744127401773e-01,3.471778241053469216e-02,7.966227235797687101e-01,8.105652966703414952e-01,6.476550260962852246e-01,5.827052987850540600e-01,8.225615159519926722e-01,4.232358268109575050e-01,4.681461553535429809e-01,3.808037874290159941e-01,2.445836885595568944e-01,3.598460879880278629e-01,4.773955277620614002e-01,4.262340271709816886e-01,7.366183554037644132e-01,6.531826486107565888e-01,4.190213545161773356e-01,5.462719426681931223e-01,7.198929784828209666e-01,5.533047901267226232e-01,1.752246678751075981e-01,8.647662751726566954e-01,8.434979792361679829e-01,9.741982765408284672e-01,6.449326912325175076e-01,9.367595226462337443e-01,4.628695588174936981e-01,7.110511475078633570e-01,4.494450626685685957e-01,6.405549720090860655e-01,6.605942564789529792e-01,1.065817087182342332e-01,4.869261953607858517e-01,6.741373228677534080e-01,7.863253779472145766e-01,7.878381284915394467e-01,6.727794631684971272e-01,5.811776564220508812e-01,1.224645386420323279e-01,6.280146513547946174e-01,6.212987041573792002e-01,8.088465244367707419e-01,6.469842815690675097e-01,4.177815758792032819e-01,3.108440589461057835e-01,9.962642786153261820e-01,8.960666596243123116e-01,2.541010190510056277e-01,4.887822978500873106e-01,4.356416006533758156e-01,3.882042631472222283e-01,6.933398847327922887e-01,6.667858274793176943e-01,4.809263967518883076e-01,4.752250303395050279e-01,6.789953383901998762e-01,1.969558144220429075e-02,7.419969636573116034e-01,5.028835523965067278e-01,5.086156002427442147e-01,7.905624967293610750e-01,6.761086678125783900e-01,2.751681094097255809e-01,8.042795408191285578e-01,2.285066777279833872e-01,6.678059448902763373e-01,7.597921925305051172e-01,7.798296776538270469e-01
-3.732186672157133955e-02,4.815667551854191930e-01,9.009479714685376672e-01,3.960433676026700045e-01,6.847051623300161038e-01,8.295470755542416752e-02,8.910282101391566734e-01,0.000000000000000000e+00,6.658482300502938100e-01,6.034198192032260710e-01,7.657162757197710778e-01,5.042794241199884953e-01,9.386626490734469863e-01,9.968977448202135383e-01,5.857088846116559333e-01,5.872676878279878832e-01,8.120373206455404613e-01,3.125209448015680569e-01,6.661765111089639202e-01,8.791285600151838020e-01,9.593161316037652764e-01,4.128788385217183610e-01,2.597317208297175162e-01,8.506615014244652828e-01,8.436012579555306479e-01,4.126576691721325352e-01,7.091038328231834553e-01,7.221083230555360721e-01,7.104221971631244359e-02,6.766486107109977999e-01,4.310688477455975609e-01,4.610930326908448951e-01,4.874886954669763184e-01,8.204879776596287755e-01,7.329129172723041208e-01,1.047495550610649251e-01,3.613426932608955200e-01,2.407926934786001338e-01,7.492274169780290816e-01,7.112429785969348606e-01,3.907113093907040313e-01,7.835846415320373293e-01,8.468209459295734653e-01,7.036239513539480628e-01,6.412512561818031198e-01,8.841588967598312809e-02,9.687112666608683753e-01,7.222740894646665355e-01,4.835562036948053977e-01,5.609667492352563567e-01,2.512419794432005915e-01,4.258310497879317924e-01,5.820265460112911127e-01,3.111516947547254830e-01,9.669862727411551173e-01,5.669899246233109924e-01,7.729996649707917555e-01,5.550427258208867620e-01,9.341916987535878736e-01,5.619689595616260691e-01,1.193256688027544187e-03,6.357693439078129227e-01,6.212414276647788558e-01,4.516355161436951260e-01,9.864318884299010382e-01,6.916675965010483651e-01,4.019028799657324846e-01,8.410903151047995907e-01,2.624370235300051979e-01,6.422200749755904159e-01,7.083826246466143894e-01,5.714602032232054540e-01,-4.328580472806983770e-02,4.801674275960414739e-01,2.857594191547957463e-01,9.994812585012891049e-01,6.025534987035158219e-01,6.362351712212600541e-01,2.595585531365945942e-01,1.270652723926708472e-01,5.702087174194717667e-01,9.532730093021405393e-01,8.222162203947973591e-01,6.100366151646495760e-01,4.660147230756949699e-01
6.614366995053794218e-01,7.663499355398476487e-01,5.744287418252936872e-01,8.297055173403317108e-01,5.036432645209529824e-01,8.429940549038449360e-01,4.011307517877479301e-01,6.658482300502938100e-01,0.000000000000000000e+00,4.261289477333379261e-01,3.380242909470661528e-01,6.947451604935819258e-01,8.087316090949991931e-01,9.687895770709114007e-01,3.739772242112796574e-01,9.046696790280779332e-01,5.315283605227207886e-01,7.277599368196424612e-01,5.909213520560545607e-01,9.328444529670623098e-01,6.554192285563045228e-01,4.394414502208603968e-01,6.432198482904810666e-01,9.763759206089689391e-01,6.584266146948881682e-01,8.204795528834994967e-01,9.677241192402710190e-01,3.432971460342595371e-01,5.111766917527337251e-01,4.624064299392999788e-01,5.333315727757665936e-01,4.466678360375004320e-01,6.217449627055654515e-01,5.522295884716341696e-01,6.099726933196979450e-01,2.575350398375342298e-01,5.396596644170708057e-01,7.300042490308362719e-01,8.622184896260247644e-01,9.089770881792146318e-01,6.905789756223124076e-01,7.536088090382540017e-01,3.551815701837256478e-01,5.326794183069170074e-01,9.465241511449464795e-01,8.268066781761390649e-01,2.789741322939666701e-01,4.972208140720623670e-01,6.056355283726606586e-01,5.275809726620483975e-01,4.547823613763919970e-01,7.628116087098112397e-01,3.230215504324309150e-01,6.998187986740979083e-01,8.028293279511509173e-01,6.289361014658367832e-01,7.428111478585504024e-01,6.180971540098572081e-01,9.679401946659650369e-01,6.621576935152417853e-01,3.687749491473074626e-01,1.149399515983571124e-01,7.502826305704236587e-01,8.848225602192739681e-01,8.720625173338075742e-01,9.835181059255645453e-01,5.407991668481901826e-01,4.318972813833457658e-01,3.679019728489507646e-01,1.359973262011721085e-01,4.345425971262572573e-01,3.783595128712773370e-01,4.979630645233919517e-01,3.312680744056150095e-01,6.394024330236720566e-01,6.136448470314057602e-01,3.092766841510011799e-01,7.902997550749806255e-01,5.327834532869832884e-01,3.027176380642788156e-01,5.438198131538448665e-01,8.633888860884959549e-01,7.048970989111795760e-01,3.465407912536801471e-01,4.493409124622658735e-01
9.499532306499857137e-01,9.541193931595057798e-01,8.200329745885309718e-01,6.590135288027980653e-01,8.255950148656372445e-01,4.157526410214831825e-01,6.327064278092580096e-01,6.034198192032260710e-01,4.261289477333379261e-01,0.000000000000000000e+00,7.513610711575702261e-01,5.914479582679545988e-01,9.065363951547198429e-01,8.797888689737246581e-01,8.212301299982770475e-01,-1.536129440682089398e-01,7.901027411297566472e-01,6.502745599332373505e-01,4.183942869909210716e-01,8.156430699165374554e-01,4.840663490191614571e-01,7.076258450622744389e-01,8.825617472446501965e-01,8.645218954592577276e-01,4.811459082791131880e-01,6.694660532444700607e-01,4.336302375527782971e-01,7.189073920495787640e-01,7.966096590022690993e-01,7.539236671920283017e-01,4.801053049493679281e-01,9.156472997341854603e-01,6.180019270936775166e-01,6.785406082952761819e-01,9.902066333373014118e-01,6.160492855578899585e-01,3.611365006413476408e-02,9.187781079367144388e-01,9.504453511044218539e-01,3.658940225898532628e-01,4.162935973686178182e-01,9.981637645988435947e-01,9.949607764584854630e-01,6.542591429349779997e-01,9.683043476772668079e-01,5.057623732270405403e-01,8.237574006755558065e-01,7.056214270135874322e-01,5.448792153252497439e-01,6.546260420495396692e-01,6.749592672222617384e-01,8.104815308073075597e-01,2.931030245770758769e-01,9.791367233334564713e-01,7.009894076618030656e-01,7.115004216762335076e-01,7.661400337094237400e-01,9.985085644034858987e-01,8.332845819604192128e-01,5.361627880784473055e-01,1.606971901596030150e-01,5.533713680789908995e-01,7.682107599378753537e-01,8.210410149828910598e-01,7.760635293806233959e-01,7.586330871951845189e-01,7.395817909029176462e-01,9.591372230460601944e-01,7.843358383168451686e-01,9.350108842125466335e-01,9.425786331701884180e-01,6.015827165744251914e-01,7.322947961524225446e-01,5.223292789001091618e-01,6.639945127968788219e-01,9.689689459188062237e-01,8.128046310308888467e-01,2.009005988436167733e-01,5.707505728810743362e-01,8.114782511343894555e-02,4.826311048261462955e-01,6.040078907700550115e-01,7.004129860601602253e-01,5.998442872386813285e-01,3.908274006386636135e-01
6.664047189204463928e-01,2.279657268260532055e-01,4.848664332068981508e-01,7.109487989134624097e-01,9.366371372134936202e-01,8.764153712486399961e-01,5.492439099758729126e-01,7.657162757197710778e-01,3.380242909470661528e-01,7.513610711575702261e-01,0.000000000000000000e+00,6.646106598939138799e-01,7.110117522842931415e-01,8.769285626976797143e-01,5.065075739582322045e-01,7.975323422354716474e-01,8.934273665206518000e-01,1.048741281887434068e-01,3.880808830475310778e-01,8.510947502362915529e-01,8.573042031928258533e-01,6.902841646551645116e-01,7.188985384508919108e-01,8.741408260310216116e-01,3.615503725600286988e-01,5.321065734682687287e-01,6.491326838513570285e-01,6.609259873049905254e-01,7.867998773048678895e-01,5.864565192091316659e-01,7.969465030427127505e-01,6.355234870235262346e-01,8.906695706807866708e-01,9.064337809736936480e-01,5.245043039564547538e-01,6.238768925714387459e-01,1.156298313400270089e-01,9.571945940664601249e-01,6.449746003985893372e-01,8.826603445918246305e-01,7.292795070297761750e-01,6.236879244622508534e-01,3.683500996886496237e-01,6.361937667972533683e-01,8.694272392818855888e-01,6.834172462832583950e-01,4.855210963807399249e-01,5.115447062793785360e-01,7.328260516538944724e-01,7.517845808127483487e-01,6.519597187468004762e-01,6.261110282581817676e-01,5.390188282984327284e-01,9.469291697136611452e-01,9.487610418790848321e-01,4.430983213684725475e-01,4.666318120806924319e-01,9.207320896464354920e-01,4.408112910969609888e-01,4.921671961644035753e-01,4.886533637499463345e-01,6.467117514326953254e-01,6.570341021621689537e-01,9.955351166597595780e-01,8.476016908833725605e-01,7.816997728617742780e-01,6.929839919915712354e-01,9.800795507509509896e-01,9.884686713510093536e-01,7.476351008890196326e-01,8.256129172696733409e-01,4.556879149063737811e-01,6.671117517756934845e-01,4.501537316116707155e-01,9.465480152755535448e-01,8.383896162581927491e-01,6.821984484781333791e-01,7.209737927107189304e-01,3.699994567490916264e-01,4.417909906936959286e-01,7.243901447799349080e-01,9.371223342462426942e-01,5.029447232881598673e-01,-5.873222834051308738e-02,7.046017549698838645e-01
4.419717666068888051e-01,6.201209240819585133e-01,8.049758699437129517e-01,9.383137255416893474e-01,7.848478845812563165e-01,2.062654877093629269e-01,9.493492959209679505e-01,5.042794241199884953e-01,6.947451604935819258e-01,5.914479582679545988e-01,6.646106598939138799e-01,0.000000000000000000e+00,7.799818486546629126e-01,4.889916381216101726e-01,6.554029123675788604e-01,2.963103539606261050e-01,5.543750294289717662e-01,9.950682460306230492e-01,3.387530088948186302e-01,8.431854370358540240e-01,5.747526921471468597e-01,5.645308996763914733e-01,6.274501714573884614e-01,6.178929262851180493e-01,7.387681080239815179e-01,5.156729800845708533e-01,9.362244537163832980e-01,6.777171951875268219e-01,8.081982092584713007e-01,4.723581531188540961e-01,3.229380740533613903e-01,2.970184898432772780e-01,9.181562990120514245e-01,6.506013502332164133e-01,4.957473478046849347e-01,4.787659657262487989e-01,7.634526473682335945e-01,6.214257782299541510e-01,9.044521479988345547e-01,8.524066244252548330e-01,4.494088502701957810e-01,5.469010450173008575e-01,9.128979178125408156e-01,5.366563700034118201e-01,9.904359757917228224e-01,7.838344462045856442e-01,8.088763780164189843e-01,9.576568133748728506e-01,7.989958115145134876e-01,3.914907283411128147e-01,6.023639328220457001e-01,-2.525614852515823405e-01,6.261982122189068134e-01,9.735242113203624870e-01,9.205704029639588670e-01,6.696539561797123508e-01,5.439417036233324954e-01,7.212948347012921868e-01,6.962842018927440924e-01,4.724565223781098666e-01,6.933006670599357602e-01,6.052716784310563369e-01,3.733017769445085010e-01,5.348184349186098085e-01,9.560380173595650621e-01,9.169001229293918254e-01,6.898278929476476806e-01,8.555388993096032513e-01,1.180892589520275843e-01,7.085088448832072006e-01,9.300608893630348817e-01,7.402279691206344880e-01,5.135377912804348632e-01,5.681092548929692621e-01,4.595939820511022456e-01,6.575619995540149532e-01,3.563837451892726271e-01,5.247462034198240310e-01,3.205724183749077139e-02,4.877009729455247800e-01,2.507590751646989191e-01,2.786487336052600461e-01,8.144228453958879399e-01,4.760965573736905543e-01,5.893597055401131879e-01
9.473285200391858840e-01,9.857451583990424204e-01,9.023650239656304528e-01,5.574403871793065512e-01,9.191680843892960917e-01,9.068669244994167489e-01,5.037049978082103197e-01,9.386626490734469863e-01,8.087316090949991931e-01,9.065363951547198429e-01,7.110117522842931415e-01,7.799818486546629126e-01,0.000000000000000000e+00,4.483027271497363464e-01,7.781786382378481637e-01,9.444962678748239915e-01,8.368233961448507952e-01,5.379271732057109290e-01,8.628463182796419773e-01,8.535950489718197032e-01,4.949547798765230322e-01,6.558153349524853404e-01,9.287631150670764280e-01,9.352050003465131045e-01,1.970661400640278671e-01,5.324570431461751463e-01,4.882405232412545537e-01,8.570774510391654388e-01,2.309521381237318871e-01,6.449050310908444050e-01,5.387421388372306552e-01,3.876142068304289090e-01,8.736003669103162839e-01,9.387577064483522138e-01,4.655015299631622416e-01,3.512649877868453396e-01,5.686760093994059906e-01,6.297587109743063571e-01,4.602029319408538210e-01,2.560174760704151398e-01,4.984745807692215758e-01,2.899652126359026916e-01,7.438496311409381612e-01,4.890121443609546370e-01,9.345780144130949596e-01,3.913231826984301387e-01,3.939832664641350624e-01,6.976625945365212411e-01,4.909790084974688384e-01,-1.611183858242594136e-01,4.006823137419792125e-01,6.244764167756872153e-01,9.602274329316669021e-01,7.469525209550117451e-01,8.528169204082115540e-01,7.191484792097567746e-01,7.296159565899678068e-01,9.018649858536634811e-01,7.466001001420108363e-01,4.399647039893718192e-01,6.832675535661738575e-01,9.359393392460546579e-01,4.006712384885736111e-01,7.309752812752393636e-01,6.365040346595882692e-01,9.523763935806619507e-01,8.179874643261731970e-01,2.546390325803774557e-01,2.911777554067986884e-01,7.921178523943246397e-01,6.824687325200219368e-01,4.509699811988232554e-01,5.053917970528055692e-01,7.045600148154442799e-01,5.753656944490138647e-01,7.164229447145097351e-01,5.698509294346093546e-01,8.920067116051804135e-01,4.941175516521145727e-01,6.804396672912695898e-01,7.446126704709152833e-01,8.942532812607582038e-01,8.579544249747703688e-01,5.898113393568822360e-01,8.326207077842060489e-01
8.483947659941081243e-01,4.093049361189262103e-01,6.227921308632616837e-01,9.008921876470917800e-01,6.258806426244071242e-01,1.898507241245386279e-01,8.491432269931458166e-01,9.968977448202135383e-01,9.687895770709114007e-01,8.797888689737246581e-01,8.769285626976797143e-01,4.889916381216101726e-01,4.483027271497363464e-01,0.000000000000000000e+00,8.369428369687682556e-01,4.057745937248639634e-01,7.441934006641526267e-01,7.932120154068302842e-01,9.072749148615064652e-01,5.122604544715581021e-01,6.234756882728444971e-01,6.786931652276941840e-01,7.010540997536175434e-01,2.624240599353733217e-01,4.319946777005028715e-01,5.199436475604972685e-01,7.021083687164014764e-01,7.899985436133279970e-01,6.033561199077680515e-01,4.881032587200863082e-01,3.331613123076021532e-01,6.557863590189775271e-01,9.251657447754118024e-01,9.315968839280526215e-01,8.269232781295360324e-01,6.473082474293765376e-01,6.339776449373539791e-01,9.605042577228412037e-01,9.020865529458458321e-01,9.893427343914289462e-01,3.859994386221511919e-01,7.390278295698833322e-01,9.558909058372278000e-01,8.195031576070858081e-01,3.688851030202065506e-01,9.415559467895169288e-01,2.216893686395961238e-01,7.895850484921477230e-01,6.246911914654962317e-01,5.385356816344151198e-01,6.344113409218917754e-01,7.001420722257161167e-01,9.401624707162719030e-01,6.112962147248830469e-01,8.842089029466391192e-01,8.338491519470517810e-01,5.021973621861625103e-01,9.766389638513413018e-01,7.249381691246230552e-01,2.560413102448382272e-01,7.346947255715414737e-01,7.905032469972093079e-01,6.025427347215753793e-01,6.854956660725254336e-01,9.073356403688886962e-01,8.677923004924725792e-01,6.112349285224553119e-01,4.688584816166505576e-01,4.004901095639671893e-01,7.630121973910639621e-01,8.216923677551707383e-01,4.942181092612444870e-01,4.474229637089063849e-01,6.961007334020223869e-01,4.350150228094377125e-01,8.404234547637322583e-01,5.816210826768273279e-01,1.228409370723504701e-01,3.247393035647604953e-01,3.198197376293265837e-01,7.705894635895230715e-01,5.967827854718058544e-01,5.559827422742664726e-01,4.832067853953320169e-01,7.103891685312084814e-01
9.281130278375300247e-01,2.005932164721409283e-01,8.112539610535132173e-01,9.217015158832884136e-01,5.083850766422421952e-01,7.800381305399997078e-01,5.710084023356875038e-01,5.857088846116559333e-01,3.739772242112796574e-01,8.212301299982770475e-01,5.065075739582322045e-01,6.554029123675788604e-01,7.781786382378481637e-01,8.369428369687682556e-01,0.000000000000000000e+00,6.327363205006426572e-01,8.613853843487786488e-01,7.051513744250607063e-01,6.616377489662195188e-01,3.584252562842808465e-01,6.937541556042258195e-01,8.815521368493606236e-01,4.156200531983887392e-01,5.805930875649704115e-01,9.052742604957236816e-01,7.915173757717990366e-01,6.151533643349988978e-01,2.576386747612799399e-01,3.683244913657388597e-01,6.306672580777676895e-01,2.103944368227307904e-01,6.347480850194475721e-01,3.995010803964103019e-01,4.274231534788581199e-01,6.027641293886123464e-01,7.957015849179893685e-01,2.873851417285548382e-01,9.431653214999469181e-01,9.922090996629817639e-01,5.674003530080662383e-01,3.447334870291465236e-01,7.300417510510208707e-01,9.640114746808132740e-01,7.420519875474638205e-01,8.297036592683921796e-01,9.672536405393107328e-01,2.657181664637933149e-01,7.422597101789102370e-01,6.755784181100450425e-01,7.773303481582736207e-01,4.850399024028003159e-01,8.835160304707158074e-01,4.236385493547170089e-01,5.496587609590822820e-01,9.973651174900445282e-01,5.030276772521979911e-01,7.191802183492960188e-01,9.393685229802015701e-01,5.792186066345308415e-01,3.542909401034682881e-01,6.961989872186803430e-01,7.779005355732020455e-01,6.808524976195132750e-01,6.779770497844173072e-01,6.934987217133615767e-01,-3.507984036977651598e-02,7.285615718629595561e-01,9.736070996929605537e-01,7.550724989106698537e-01,8.977851343596949807e-01,9.203058993301750368e-01,5.021353842045858107e-01,7.577992507653383836e-01,7.028577458147209356e-01,2.774852994817537111e-01,8.667169671858880875e-01,8.477454923743110715e-01,9.108698105710848480e-01,7.737668416364550383e-01,-1.895979640470541738e-01,5.318311311394727792e-01,1.397693963108586623e-01,6.156424948677873266e-01,1.296357905584658021e-01,7.805420131807607742e-01
6.070788080713276358e-01,9.721558967940833185e-01,7.515655904326176140e-01,6.625407980360030757e-01,8.743874680763948914e-01,9.580910848757903109e-01,4.233190063780544188e-01,5.872676878279878832e-01,9.046696790280779332e-01,-1.536129440682089398e-01,7.975323422354716474e-01,2.963103539606261050e-01,9.444962678748239915e-01,4.057745937248639634e-01,6.327363205006426572e-01,0.000000000000000000e+00,6.684114341051117236e-01,7.085160910654355604e-01,9.481009237365827236e-01,5.895148916420225316e-01,8.631346643724083778e-01,6.530299605798330909e-01,6.613731896174754876e-01,8.660958932454124737e-01,1.257896878014439501e-01,9.582070185217944625e-01,8.612165972549183923e-01,3.639732908445735826e-01,5.067905924268396589e-01,4.392071941983640704e-01,3.047988938387853342e-01,2.184390467988381879e-01,6.345686877288778671e-01,9.766739199969146634e-01,4.967417496483015338e-01,4.693811221979485304e-01,5.844946901103316439e-02,6.874757727852670586e-01,7.503379051330810734e-01,8.520224498851814987e-01,3.966797230323639845e-01,8.812316731118510216e-01,8.125304738950144268e-01,8.351195293178862444e-01,7.760987558831649036e-01,6.549513763422510904e-01,7.554132442246355161e-01,2.232035151813306362e-01,7.167172851461627303e-01,8.365503333290755794e-01,6.578116128567316201e-01,8.984316065433588516e-01,8.495098277561044520e-02,7.670309414012623783e-01,9.910899880360056757e-01,8.789511399351190857e-02,8.578798925868179603e-01,8.032131216278407537e-01,3.019313766561469992e-01,7.676458183473690022e-01,5.593143121241888061e-01,9.410502645242049269e-01,2.761422529656958336e-01,4.403846898112048769e-01,7.689223669239561021e-01,9.147248724219901872e-01,4.646974423027882550e-01,9.481783133848262768e-01,6.198593056433332471e-01,3.756434959485729363e-01,6.523944286484539834e-01,4.700039310862711428e-01,5.933885404812466735e-01,5.923771475001684550e-01,8.060200324698405527e-01,8.280811417266777941e-01,8.098537030266650394e-01,1.057066609588675210e-01,5.897881144478140936e-01,5.073067205983948780e-01,5.944555929622665769e-01,7.884688697678263747e-01,6.835615939199267688e-01,8.577266430904087469e-02,2.267171430993998871e-01
9.308648362077578398e-01,9.745579777937756205e-01,9.258217590894993743e-01,5.236622647680349019e-01,9.302177280344215982e-01,9.057384594415315293e-01,9.571661650000634625e-01,8.120373206455404613e-01,5.315283605227207886e-01,7.901027411297566472e-01,8.934273665206518000e-01,5.543750294289717662e-01,8.368233961448507952e-01,7.441934006641526267e-01,8.613853843487786488e-01,6.684114341051117236e-01,0.000000000000000000e+00,5.416424347111070681e-01,4.390387850702228700e-01,6.243322514337107387e-01,9.545398900262074271e-01,7.730174658007330502e-01,7.106736505776575230e-01,4.853535072896250080e-01,9.426859087833372453e-01,8.137034240444873667e-01,8.784628630918942527e-01,6.288968557221469302e-01,5.529999255864571639e-01,3.794580062153700695e-01,5.943603355823299239e-01,4.406543146063442995e-01,6.349728247267459880e-01,8.435971243818249921e-01,5.012854262867632027e-01,1.703185148663222126e-02,6.023034259096535781e-01,4.369540393498401176e-01,4.813107972744965490e-01,6.082462946641187251e-01,4.624319249826894240e-01,7.035699308823101239e-01,3.087010330123704516e-01,5.493608628583366293e-01,8.078350467602034568e-01,8.013821175215549708e-01,7.724483195541534952e-01,9.839972644273600189e-01,8.517646373453164887e-01,9.340936675423733293e-01,8.778256544773840320e-01,9.503838311761212410e-01,6.562714691936192279e-01,6.456054646261624175e-01,6.593752363898242042e-01,4.419805929509627584e-01,8.524739484683294677e-01,4.994323808393580366e-01,7.789872580693177895e-01,6.121508046447788898e-01,5.916305994744162078e-01,8.587358176582312597e-01,8.814784010876247633e-01,9.874730151876661699e-01,8.679350902637749110e-01,8.463402915853454056e-01,8.539246765213874824e-01,8.262076374658663402e-01,7.912542035011009833e-01,6.318147202432027321e-01,6.054020271369039419e-01,8.877250139079138069e-01,4.431888058515788265e-01,-9.499780836135524043e-02,4.263188725192187389e-01,8.400854449311705441e-01,9.758782787374702394e-01,6.724541039098888007e-01,8.065684360134106612e-01,1.708334540547968572e-01,7.443817884088219650e-01,7.587705078180545515e-01,6.367047788888325899e-01,4.863729317640727579e-01,8.759894790035548384e-01
4.434340032257866673e-03,9.208279102554233209e-01,8.151524887168317690e-01,7.533996671144715940e-01,6.545671739233107633e-01,6.529824252118661132e-01,6.874049744127401773e-01,3.125209448015680569e-01,7.277599368196424612e-01,6.502745599332373505e-01,1.048741281887434068e-01,9.950682460306230492e-01,5.379271732057109290e-01,7.932120154068302842e-01,7.051513744250607063e-01,7.085160910654355604e-01,5.416424347111070681e-01,0.000000000000000000e+00,6.292679612637686049e-01,7.032810928078963020e-01,8.673519899445498726e-01,4.716940244102357793e-01,7.732013227202887418e-01,7.395766381473954931e-01,5.600665979851271459e-01,5.443268399121485857e-01,6.278740237178255246e-01,2.987522509335523990e-01,4.020603093366307834e-01,7.086991286340403873e-01,1.620173043346910535e-01,8.252456578924483033e-01,7.677871432106173621e-01,6.756763013078531666e-01,9.616119543743194553e-01,5.467549990511167968e-01,6.576717531472182632e-01,6.154425707698839565e-01,8.571457037833568604e-01,7.985953323146939287e-01,2.195217387789541452e-01,5.076350044542544682e-01,2.819068107129358847e-01,7.819257550260207967e-01,4.907361068421997041e-01,8.672907770025766183e-01,6.343868321759659201e-01,4.743600255887211459e-01,7.584496776737887913e-01,4.737136350286570985e-01,4.996142843790260524e-01,8.159748518510605564e-01,6.068690758992988377e-01,6.112001491740222114e-01,9.142310886194270347e-01,8.932252967944616096e-01,7.748120442281372089e-01,9.989594093151681342e-01,9.087257308611329520e-01,7.458239140013156465e-01,6.575123636847679531e-01,6.909385014954921855e-01,9.238021849875230895e-01,8.328632602593900591e-01,6.362389354634498950e-01,8.281266613441659041e-01,7.060478048277575303e-01,8.498376015562222330e-01,7.489813847336138641e-01,9.324138491699800468e-01,4.298216428031953473e-01,9.330261978201281892e-01,4.144427009016737329e-01,3.342385017202855191e-01,7.956872769761706987e-01,3.025526802789322289e-01,7.981860929897011125e-01,6.847419608979546934e-01,3.829136820194143365e-01,4.252175117384615066e-01,9.620993908312335252e-01,9.670382827961615524e-01,6.213512459830822232e-01,5.182558292344841347e-03,6.799228044935203830e-01
