0.000000000000000000e+00,9.774946513870554909e-01,5.853483910231276344e-01,6.875263859995056626e-01,3.301419113794670235e-01,6.085061262735008691e-01,9.399624589878761149e-01,7.581994735512892492e-01,6.980768510255984660e-01,9.348063569209146273e-01,9.245629924291545176e-01,7.572334918113694524e-01,9.684635854609151551e-01,9.966388654251674417e-01,4.874592941465227813e-01,6.722087225768186292e-01,5.539595289081309382e-01,8.966845738414103151e-01,9.692054203694826509e-01,6.636873595658151492e-01,6.472727056833101900e-01,9.892272787225052655e-01,6.515337734745317855e-01,8.106243829913131194e-01,9.731733777659712370e-01,8.954623863035642284e-01,9.778075805498674944e-01,8.250564507188949959e-01,4.167185137508775394e-01,4.022457508978330987e-01,2.081429884167306232e-01,8.720412167889542987e-01,8.405127880199365631e-01,8.545478713959894224e-01,5.645254987521780565e-01,5.804004459989311471e-01,4.983326091232961330e-01,5.370454627542877724e-01,7.981818729138832058e-01,9.619964167478058936e-01,5.613068851299350959e-01,7.491614331292949513e-01,8.992055522350480556e-01,4.645954168941180962e-01,5.936017156760090563e-01,9.098224486577846104e-01,4.321017676895969606e-01,9.883776223610587497e-01,8.661496013590384013e-01,7.561214171544677898e-01,8.335307206435517147e-01,8.240858051046486832e-01,8.781325879981546345e-01,6.991548483637293199e-01,6.717216828841822140e-01,6.359929123637737824e-02,6.095066032060565409e-01,6.304221713439498442e-01,9.384295055533360408e-01,5.762635113994848401e-01,2.295529742672368090e-01,7.827384796126636290e-01,8.881045776951402848e-01,9.667477868566896060e-01,7.774998890167330590e-01,8.926230310215151897e-01,7.787680671724679371e-01,5.919538145985847599e-01,9.138618029098173334e-01,4.641623772801993231e-01,8.133244950811187035e-01,8.318862550358626651e-01,7.472860656156726789e-01,2.843283533492422799e-01,5.681199496951818695e-01,8.254215768886702387e-01,6.870953560004011695e-01,9.221084823252286844e-01,6.525282857870068343e-01,3.394735079494255459e-01,6.709906725604425359e-01,7.362595214489501272e-01,4.152258266766835071e-01,8.158507326185198139e-01,7.232505909012796330e-01
9.774946513870554909e-01,0.000000000000000000e+00,9.413382431655255012e-01,9.509077392027216746e-02,9.465981548319288841e-01,2.751468345346362865e-01,3.591800901059498674e-01,9.156161650578324984e-01,6.211662891938402042e-01,7.867077831902619112e-01,7.630431774355797003e-01,8.161770406308963555e-01,7.470126083582872001e-01,7.324148055728125772e-01,7.217998155827124451e-01,6.823285575293297489e-01,6.445694296631954145e-01,6.960869375187742625e-01,8.484441566350867658e-01,6.414875016245358275e-01,9.791444478754581793e-01,6.189094937429734378e-01,1.178889442721019337e-01,8.997468113488966690e-01,5.177597160297207068e-01,7.254879210042196602e-01,6.317443963627142889e-01,6.037610446427083000e-01,5.054859230799786385e-01,2.799293945976559783e-01,1.485368430713110977e-01,5.879090582256214503e-01,8.397866798028550406e-01,8.058934580823764460e-01,7.036063719613502299e-01,2.091385679230564620e-01,2.693132666800422959e-01,5.122586855149210416e-01,9.382280779401940274e-01,7.341268030561841629e-01,6.673728376154901554e-01,8.698074624115448641e-03,8.192854485050182767e-01,5.253161592897261922e-01,-5.015273866094954736e-02,7.799033083421426094e-01,6.188854412437791996e-01,8.030453949229329202e-01,7.781039389203696643e-01,7.533779772114246320e-01,7.434615375499444845e-01,2.745081125785843179e-01,5.363829335955282440e-01,7.630378576425626003e-01,8.637182166367991520e-01,7.017281595358680901e-01,6.060360026815763135e-01,6.867222953895496529e-01,7.062025406314410558e-01,9.974481076132073465e-01,5.758661283368367023e-01,7.422600355387696247e-01,5.635151711847579126e-01,6.920407139429374244e-01,9.159702043611611666e-01,7.643281274165811823e-01,5.471816350070484170e-01,5.356186732426406749e-01,2.116217167738974614e-01,2.018121740571625078e-01,8.485476525288193628e-01,9.825646744990179648e-01,3.197640935431758646e-01,4.386737250451187009e-01,5.275051470781088048e-01,6.516185532412274162e-01,9.552060010464038520e-01,3.901034855968514292e-01,2.901180040845987573e-01,4.797643375371971053e-01,5.721165165909789518e-01,9.589869813595428560e-01,9.401852129723693441e-01,3.680686634838283705e-02,7.325221321371665484e-01
5.853483910231276344e-01,9.413382431655255012e-01,0.000000000000000000e+00,6.371944726015585925e-01,6.190469030236452896e-01,6.241828759654585168e-01,9.721171607937915127e-01,8.638952392124369384e-01,6.856255714661643186e-01,8.573415851369399210e-01,1.433321291915070628e-01,8.742261181520699642e-01,6.432548494837619923e-01,6.888597863821516176e-01,7.448714774030115171e-01,7.375201190827760378e-01,7.516057085799061621e-01,8.561095054349541211e-01,8.787885621418876081e-01,7.913685148360705135e-01,3.098594910632097021e-01,8.300864973084578491e-01,8.904162857579924761e-01,5.236141761944268502e-01,8.334781759502943865e-01,6.449359155403159294e-01,8.914146282881235672e-01,7.658116941392857369e-01,5.723688315800131710e-01,3.231924309314387345e-01,3.931616867748377597e-01,9.955579827654101877e-01,5.353309624283510981e-01,4.866627080811802286e-01,8.626427303178638706e-01,2.381855871751981102e-01,2.650259616925327300e-01,7.709117218249945669e-01,9.177041568504136215e-01,8.534498155315842771e-01,2.221661642769068024e-01,7.197394243021466576e-01,7.790740608102659781e-01,7.338589845443794779e-01,6.419328618106158180e-01,3.689909149443584141e-02,8.517011673931869087e-01,9.602660444909087989e-01,5.516755540791328238e-01,6.091203004713895419e-01,9.383208098975315270e-01,9.632962780796486824e-01,6.693634985913349267e-01,6.232178823506611121e-01,6.334848679075290034e-01,4.153897555883900305e-01,6.373468401865044486e-01,8.665310097494410835e-01,7.560885651761500847e-01,3.559459218815524961e-01,6.156076279782168870e-01,9.432958463140566074e-01,6.581832949461403626e-01,7.800069180482332998e-01,7.023307276992623027e-01,7.240887279539288679e-01,6.243391999353988808e-01,9.577625387913452082e-01,8.193941999541295429e-01,8.123586267522259208e-01,9.697132385881357397e-01,9.996248993649703429e-01,5.932200978161006333e-01,3.298625093178177980e-01,1.352133251818496973e-01,7.543944448748651777e-01,8.275879762146458596e-01,8.220347676293786598e-01,-6.369740694569325790e-02,5.965898032309748800e-01,6.216835899303723156e-01,8.671599574451609449e-01,7.483802794047518248e-01,9.878127226988268061e-01,6.068156681342821157e-01
6.875263859995056626e-01,9.509077392027216746e-02,6.371944726015585925e-01,0.000000000000000000e+00,9.182231602840693618e-01,6.519215568579413977e-01,7.825607545762576223e-01,5.636049085606000819e-01,8.736853646830595732e-01,7.649970996609239959e-01,6.999713941050421662e-01,8.618283460551471320e-01,7.109208744536582580e-01,2.016304247200490507e-01,9.058228043714174893e-01,5.859480997368445854e-01,4.649201263183603272e-01,8.459594895636161072e-01,4.128736178832801418e-01,7.752782897591543598e-01,6.743466092102349263e-01,7.557106920068842326e-01,8.934934801685172623e-01,6.223699666600404079e-01,5.064367463160374117e-01,7.298187095792322276e-01,7.008794328358365355e-01,9.347644920752983255e-01,5.658976660845542739e-01,6.104995874828684777e-01,4.978190535084188184e-01,7.676327231701044473e-01,3.659385240202090439e-01,8.844121320917940343e-01,5.337626108809111480e-01,5.187123501729870023e-01,5.209125654742517986e-01,7.606429898896793773e-01,4.621353928407740952e-01,8.998044589378093594e-01,7.065203053996105265e-01,6.202834595479994606e-01,9.102079955427668789e-01,9.600927592325954052e-01,9.832215223658885561e-01,1.635253552798995036e-01,9.520823123685167033e-01,9.661562350563501766e-01,3.711252596705691409e-01,8.596281632095157388e-01,7.250713017182288667e-01,9.737040678716681885e-01,8.500497974968734827e-01,9.453056689214189845e-01,9.346237923327739283e-01,8.030450585047147483e-01,8.825744023099572066e-01,8.868425491177294173e-01,6.429228925099461645e-01,6.981263652475461212e-01,4.341546423547507083e-01,6.383142706645120734e-01,6.008897108832481626e-01,8.114223421492320343e-01,6.472947545432446992e-01,4.348432766650920378e-01,3.141004536807692760e-01,4.791933024083903092e-01,7.011965363207750546e-01,7.747178592481593906e-01,9.442887131042192461e-01,7.871555837757577834e-01,5.469180325656319841e-01,5.751755563530178694e-01,9.397951692953083747e-01,2.395315494356006769e-01,5.344653885943918548e-01,8.031488848609817932e-01,3.067572047345261677e-01,1.508883833205526825e-01,2.569580439982965814e-01,9.084569230783297034e-01,9.920829414830901749e-01,7.154107129251784380e-01,8.438898275709710850e-01
3.301419113794670235e-01,9.465981548319288841e-01,6.190469030236452896e-01,9.182231602840693618e-01,0.000000000000000000e+00,6.372413276227457679e-01,3.908010030160788961e-01,7.861011517551916850e-01,7.213442459241237170e-01,5.524909120786750671e-01,3.721108520883562587e-01,6.980130051727699847e-01,9.946296913708529974e-01,7.979010643074023745e-01,7.451345836767204744e-01,4.337827742751938498e-01,6.896402863810866535e-01,7.233015521737884423e-01,3.770702237588214878e-01,7.972881325675715836e-01,9.988872748021295767e-01,5.963107890066293021e-02,9.739039410456411527e-01,9.002037554675593745e-01,6.797576536586856788e-01,5.990832561080772223e-01,6.364636938798688970e-01,9.017817232205562750e-01,7.618915598262678834e-01,4.332036336029759238e-01,4.098192659897331724e-01,9.473308761573113745e-01,6.689280954385047329e-01,1.358220677051219794e-01,6.743207665680307494e-01,3.611561410076004064e-01,1.494520325961205542e-01,9.475393065377246682e-01,9.791126753427555895e-01,7.205274204579041886e-01,1.807378971327676664e-01,1.300844892062880120e-01,8.678193587123634867e-01,6.010718926535523199e-01,5.838834186593641062e-01,9.884328717415240551e-01,7.713135318314217059e-01,9.125565790823547685e-01,7.836210602419221294e-01,8.339776666001593730e-01,3.034041740899794948e-01,5.941844470581241211e-01,6.320993289659037062e-01,3.822188515661121277e-01,8.086395964154124982e-01,8.636168324911005501e-01,9.332866183329450172e-01,6.051818449284231960e-01,6.526808656393821018e-01,4.947857865390232202e-01,4.551203312463369399e-01,4.532725164929530814e-01,7.702550491973232383e-01,9.552603339614695876e-01,7.253781351200674354e-01,6.558721171024201047e-01,7.250167662445956562e-01,6.964750626231975827e-01,7.218138962441763562e-01,3.976367955508283147e-01,9.783410863713947192e-01,8.243813545906963913e-01,3.891532642765607730e-01,6.906587036692671822e-01,6.136599930088171284e-01,5.390485486702611961e-01,9.895500868206056344e-01,6.131604782980722979e-01,4.628749585318267523e-01,1.246385790154058149e-01,8.566681273255205564e-01,5.279566552824918046e-01,5.409899227383919706e-01,4.704406696212987127e-01,5.598934094093339642e-01
6.085061262735008691e-01,2.751468345346362865e-01,6.241828759654585168e-01,6.519215568579413977e-01,6.372413276227457679e-01,0.000000000000000000e+00,2.672406314298061969e-01,7.024736344705519997e-01,4.554447278563447110e-01,5.772212567540730976e-01,4.433308808086756092e-01,4.062942854586733543e-01,6.922096473775563030e-01,9.314155228754595894e-01,6.362111052019113755e-01,6.404778071471697309e-01,7.636863686919593830e-01,2.535647558629090526e-01,6.851372773322624843e-01,7.282304618079016301e-01,8.037008701149747081e-01,8.946042650213544833e-01,4.186238304766881635e-01,7.229145562464667218e-01,4.447465317150564035e-01,6.841942290035556429e-01,9.962750334821293130e-01,6.026365579879346956e-01,6.052818426566554111e-01,5.093686671714902081e-01,2.166988911758013781e-01,9.719444974068827126e-01,8.111592626196176825e-01,7.339842329359581585e-01,8.501641855350818844e-01,6.745876740010523509e-01,4.771417168137870868e-01,6.543975741489500564e-01,8.412292986572268427e-01,9.499990429632323430e-01,5.811025294498286531e-01,9.460710584828379011e-01,2.288630789000256627e-01,2.094405086017193107e-01,8.464238570873833245e-01,5.484406410807414201e-01,8.096704157310244954e-01,5.504504039807757154e-01,1.270541137885829452e-01,4.268780156930548353e-01,7.092793217163746444e-01,3.981067624184269071e-01,9.371814136379289506e-01,6.945235575094860225e-01,6.509426148848668214e-01,2.006860003227842193e-01,7.283160314829459914e-01,8.318456547177065508e-01,2.632086412227709893e-01,7.076757822747439253e-01,4.890992669083345512e-01,4.808681729747765754e-01,8.722858650859874885e-01,6.079889222631804646e-01,8.021077004271516264e-01,7.141355500191985950e-01,8.173797428029456746e-01,6.012521247481603659e-01,8.906749746176559901e-01,3.559358869479653520e-01,9.357819929319183272e-01,6.530060808566441333e-01,6.900783632194115169e-01,2.189571147531260420e-01,7.814696839564847508e-01,7.988940350961826198e-01,7.583022272604579284e-01,3.975827744994367974e-01,7.497168008089959423e-01,2.202549413123248701e-01,6.301071427378436285e-01,9.632119983191852475e-01,7.484025968682469498e-01,3.967934479721223484e-01,5.039141057886201702e-01
9.399624589878761149e-01,3.591800901059498674e-01,9.721171607937915127e-01,7.825607545762576223e-01,3.908010030160788961e-01,2.672406314298061969e-01,0.000000000000000000e+00,4.226788987660445307e-01,7.227527382163053682e-01,6.797765841491358874e-01,4.676799886405648699e-01,6.356608539477164310e-01,8.116989908818332822e-01,7.851170044894146827e-01,6.284822503981815078e-01,6.660366891303139969e-01,6.262206009947374197e-01,2.433873486750388893e-01,7.521540009432257090e-01,8.542525573697389296e-01,8.819213475768338251e-01,2.801269935112591924e-01,6.881204714865694072e-01,8.902792724287712511e-01,8.990153870799288960e-01,4.591642002521656440e-01,4.872517834744937715e-01,8.480182435726211221e-01,5.186795171046065800e-01,6.087900777980433942e-01,5.440677249508939495e-01,5.189129694552423455e-01,6.767595481907244803e-01,5.265050111614396622e-01,7.896286617307893829e-01,7.795842844153900719e-01,4.085561739700446227e-01,6.607966147421505676e-01,8.262003212950980169e-01,4.372510327414712572e-01,4.904367684855882592e-01,6.045857009021724515e-01,7.179715212781078160e-01,6.586994745896329606e-01,6.478255019510459345e-01,6.715195291338017514e-01,-1.047802621453544636e-02,8.347434555346674445e-01,4.268679311625765416e-01,6.621211349008708780e-01,2.168095456588942649e-01,4.753189995802505341e-01,5.754187536057009389e-01,7.372085486949543354e-01,6.045373246160106184e-01,7.163927267106892094e-01,8.101694709624047697e-01,8.551244653009983931e-01,7.433256033657709150e-01,8.505941712152303991e-01,-1.432866188642420713e-01,7.792580494964533866e-01,2.012351362732668347e-01,8.315515865284424102e-01,7.438258122179106646e-01,3.478001855847416834e-01,5.962913664965261429e-01,9.884474493674695328e-01,6.416867422492069650e-01,2.758651717246941026e-01,5.143863497494178816e-01,6.730103428881686334e-01,4.194349158026596247e-01,6.753841420107601357e-01,6.121562395041333371e-01,6.644577635329484977e-01,4.872586361957383094e-02,4.892536804029963271e-01,5.633823709562300192e-02,1.715027634015077185e-01,4.868571017351753794e-01,9.617410604491144488e-01,6.680008174245960495e-01,7.726598025964614980e-01,9.770469767971470265e-01
7.581994735512892492e-01,9.156161650578324984e-01,8.638952392124369384e-01,5.636049085606000819e-01,7.861011517551916850e-01,7.024736344705519997e-01,4.226788987660445307e-01,0.000000000000000000e+00,7.811124621456310146e-01,4.801224899694513382e-01,5.200210367398089284e-01,2.288753211995495085e-01,9.563905489478116140e-01,8.442403922342138767e-01,7.394644438907647110e-01,6.212540355612339305e-01,7.265711955708757941e-01,6.312889616656043312e-01,5.554978988593104461e-01,8.914865472172667227e-01,9.379711070877433388e-01,4.632713830242095598e-01,9.902259802506554465e-01,6.158928965548686740e-01,7.384281324815837877e-01,4.448460575764575653e-01,7.691026175198365511e-01,5.524997282715935487e-01,2.208429100335051742e-01,5.178003558957764429e-01,1.546084511667940864e-01,4.746682932294770674e-01,4.744226428539227713e-01,7.836453417493626228e-01,5.158749904481185755e-01,7.079308274910008913e-01,5.296566369248074668e-01,6.707716969370032256e-01,5.388632288402459558e-01,7.897405055747486191e-01,6.765256001797095298e-01,7.413462822454429668e-01,6.103381210576368510e-01,2.850050267087371747e-01,8.501865258729545127e-01,4.204673625076067456e-01,7.612257535695516886e-01,6.385828610311478082e-01,7.721262475474744980e-01,8.245507001516637346e-02,4.367460076847320405e-01,2.712121364166948378e-01,7.956540864329197937e-01,7.406038928430409563e-01,5.553072166685275590e-01,7.568629952434768882e-01,3.028908589061636292e-01,6.029117139290738336e-01,3.615925260445109757e-01,4.910639175697500414e-01,-2.411824575618571331e-01,6.985446799947180319e-01,7.910874534416274528e-01,8.809096643361784551e-01,9.801832399693393150e-01,6.764154298221030093e-01,4.888939150996182148e-01,8.505504919843498435e-01,1.440147601052521320e-01,4.568923919571647452e-01,4.695508200018222444e-01,2.481355137793858634e-01,-3.654259197704918249e-01,5.913312824159944192e-01,7.393272682083720238e-01,4.800528973407806044e-01,7.711629987208270531e-01,7.928161445947898844e-01,3.605974574917738540e-01,5.794846935137463184e-01,7.527171071895577548e-01,9.561707488236138586e-01,7.529313778078383645e-01,1.675692434365740613e-01,6.998584705670425343e-01
6.980768510255984660e-01,6.211662891938402042e-01,6.856255714661643186e-01,8.736853646830595732e-01,7.213442459241237170e-01,4.554447278563447110e-01,7.227527382163053682e-01,7.811124621456310146e-01,0.000000000000000000e+00,8.353181457487975914e-01,3.650601785899858509e-01,2.916492673769847110e-01,3.344119731936785467e-01,8.263627179253733024e-01,9.427167941865934875e-01,8.948783912224008708e-01,5.801917230352823251e-01,8.050147732697486846e-01,5.513448507810424504e-01,4.713053157614505162e-01,8.215267086070091596e-01,7.186740719483863948e-02,5.118707580608883312e-01,9.913578459494941653e-01,7.089022029043221540e-01,4.827073479370687092e-01,-1.794160819742398050e-01,2.247076054503826803e-01,3.856834085709968107e-01,7.256071997751097902e-01,7.810047609336213670e-01,8.656541131621779961e-01,7.644775291436610720e-01,5.230381472449695535e-01,7.410870154162049195e-01,7.753730609693866294e-01,5.778549889444931642e-01,8.467403401251484274e-01,9.018148032550288296e-01,2.524974823901813409e-02,4.362397204403764550e-01,7.099005709038821443e-01,2.655939838094644179e-01,9.103452786360821669e-01,9.621716421244400630e-01,7.051134551588015276e-01,5.362104793852684459e-01,9.203760867249632938e-01,3.129283755901506314e-01,6.670440608509192737e-01,5.643961440473505009e-01,6.466185924458407452e-01,7.685546319077032340e-01,6.275958056872957824e-01,7.466117759556266664e-01,7.825147536214216437e-01,7.331281555769628699e-01,8.039993800367305488e-01,8.044582479955190157e-01,9.439058150302837014e-02,3.256062982221798463e-01,4.767367513499481957e-01,6.654304597927382936e-01,6.782836078263771995e-01,9.969852951198205915e-01,3.090062766578279829e-01,7.391446911769838923e-01,6.821031620620473523e-01,7.960518141959326277e-01,5.609279148659427339e-01,6.585133431301668505e-01,6.068280023530678857e-01,4.581674891666002170e-01,7.988476260953871755e-01,7.456679269546155897e-01,6.154288358659645297e-01,8.537366528440462066e-01,4.952630412507206259e-01,5.090192665756996249e-01,9.974069566552734578e-02,7.468134702916574552e-01,9.409513187879986473e-01,8.716194810649767755e-01,4.132378903689217786e-01,6.871566697255692135e-01
9.348063569209146273e-01,7.867077831902619112e-01,8.573415851369399210e-01,7.649970996609239959e-01,5.524909120786750671e-01,5.772212567540730976e-01,6.797765841491358874e-01,4.801224899694513382e-01,8.353181457487975914e-01,0.000000000000000000e+00,8.193716780918546272e-01,6.717469409918064294e-01,8.762784081286435489e-01,6.992769138124844686e-01,7.933118261225341472e-01,4.944093897440101637e-01,5.916592086625139801e-01,7.047994856756568671e-01,8.423067926942002792e-01,9.211265086057459639e-01,9.014815312525291668e-01,9.380466320115292689e-01,6.539442560812805949e-01,8.954373774618951121e-01,4.939496289822242203e-01,5.434680382648383601e-01,4.888296279376677655e-01,6.313529651493184902e-01,6.055681902430334329e-01,3.877116907059711126e-01,-1.268434673710615579e-01,8.264486173230201072e-01,6.745013356128820581e-01,6.216742122370967349e-01,4.880128175054352924e-01,4.524521894123877952e-01,4.510837254405300478e-01,3.017094652759842455e-01,9.091332505747833359e-01,6.130043742041700883e-01,5.914753653900448604e-01,7.196553493108257538e-01,9.208680706793490600e-01,7.493733923138979902e-01,9.067921108002228170e-01,4.701050805043135994e-01,9.536189240950480039e-01,4.918869686257194562e-01,5.175311586222418603e-01,1.883334293624000788e-01,7.811533871746649815e-01,7.464399769832116283e-01,9.854891910415881640e-01,2.033848798254597467e-01,6.676471144422945203e-01,9.255858267227788927e-01,3.796516207992460812e-01,8.602025478470500808e-01,8.011129394158033046e-01,1.761827827378668887e-01,5.414419139102446543e-01,4.609209706710483689e-01,2.863376329587439817e-01,9.231697275971022520e-01,7.323174062424646635e-01,9.688902976517541621e-01,7.418491154643260810e-01,8.355364689887759821e-01,6.999769445164956139e-01,6.089563922801006779e-01,4.724342000352080295e-01,7.818502746690294547e-01,2.587983735342568314e-01,5.153849985904316311e-01,7.888730239296365410e-01,8.809831164893555666e-01,6.292192515464534175e-01,5.782839362467462330e-01,9.272480766795337948e-01,5.645895456716100158e-01,3.880554501334955719e-01,8.452567596045055254e-01,6.230622084956136675e-01,7.654109678267344563e-01,7.210737374821756251e-01
9.245629924291545176e-01,7.630431774355797003e-01,1.433321291915070628e-01,6.999713941050421662e-01,3.721108520883562587e-01,4.433308808086756092e-01,4.676799886405648699e-01,5.200210367398089284e-01,3.650601785899858509e-01,8.193716780918546272e-01,0.000000000000000000e+00,9.020061466517547144e-01,6.853943698326615541e-01,2.854437991331032487e-01,3.250571657101082867e-01,8.295564100202117430e-01,3.591680704764204091e-01,3.454579334316004169e-01,9.164355260682959248e-01,3.854860517606314430e-01,9.613356542361031210e-01,6.761682502142674078e-01,2.796554227825174266e-01,4.903994303959466894e-01,5.309104442976920746e-01,6.940381132559805266e-01,5.393181163442438697e-01,9.303928016497009512e-01,5.811085061885917780e-01,5.743763013738759637e-01,5.780194162216746312e-01,4.669528013151293955e-01,7.999893385847333116e-01,8.544448536550377504e-01,2.873820469031985181e-01,4.447598918233036658e-01,4.979269431976962590e-01,5.893986516129958719e-01,9.404706120306439709e-01,8.038829670659966009e-01,7.603402768046545468e-01,6.911290245983525704e-01,9.848181483689117943e-01,9.965817014192310808e-01,6.387394736299605302e-01,8.361549163867133538e-01,9.754060916722532282e-01,8.655732892563563485e-01,4.325445916976271010e-01,8.730993512143551127e-01,7.509666365524938492e-01,5.659537389459763368e-01,5.566539035430866783e-02,6.410698859992971510e-01,7.490520688083261991e-01,6.634509218196846803e-01,8.513547172700870469e-01,8.097328914080150764e-01,8.415228788573247964e-01,6.112111605445490481e-01,7.091951081474903162e-01,5.198423466619802591e-01,6.184965528000646584e-01,9.312927458768029965e-01,9.269871902962149024e-01,6.937471525349153678e-01,8.088359898468487907e-01,8.655314136473727382e-01,5.007660680379703022e-01,9.821471462927524598e-01,7.496659621870319645e-01,7.958752527277485056e-01,4.045447155381113880e-01,2.457370625064563829e-01,6.091034997353931280e-01,7.997551708821704075e-01,9.363064252452891756e-01,7.191725900561753981e-01,4.157734172543818829e-01,5.237585776606639154e-01,8.258903375397548263e-01,9.287375809344076139e-01,9.656257680982032188e-01,4.703846673731871264e-01,1.479295573063590108e-01
7.572334918113694524e-01,8.161770406308963555e-01,8.742261181520699642e-01,8.618283460551471320e-01,6.980130051727699847e-01,4.062942854586733543e-01,6.356608539477164310e-01,2.288753211995495085e-01,2.916492673769847110e-01,6.717469409918064294e-01,9.020061466517547144e-01,0.000000000000000000e+00,9.294664201773192858e-01,4.007208673480898709e-01,7.830189645962650768e-01,6.329821285758312488e-01,6.159661126794427899e-01,8.050345064086575908e-01,4.699751303364720911e-01,8.557299472610919722e-01,8.227590817250964861e-01,4.531291548895630683e-01,-1.349346348263041895e-01,6.721134190907530614e-01,6.480559638660766675e-01,8.380047672417647586e-01,3.961256034499668899e-01,6.664532510503144991e-01,4.273947039988681418e-01,7.958754775265390879e-01,2.392004129716443772e-01,6.912094197032583320e-01,7.616765166215534455e-01,8.967263319019043166e-01,6.931363929549696490e-01,7.496718049460218136e-01,6.257854603907003765e-01,7.009430403981458113e-01,6.860276115071143321e-01,9.361173034802245940e-01,8.734968181233395690e-01,5.694627903795560497e-01,6.028456176435798008e-01,6.256466577059456302e-01,9.212883226305637052e-01,7.659396951819809063e-01,6.203138382760128300e-01,4.084809935699346140e-01,7.916663871328773194e-02,5.484696118168583823e-01,7.684650296298182193e-01,7.140737882598686692e-01,2.727485211559114164e-01,2.340974195972632677e-01,9.482100289982560160e-01,2.673920394806578171e-01,5.711038416461180489e-01,7.781052202136622409e-01,6.204082491820311906e-01,2.586782182499099969e-01,4.626804332104197393e-01,7.534046757119925442e-01,3.939588728683857122e-01,9.841743973157498493e-01,6.926057699652488076e-01,4.831863108699945841e-01,4.355915173691106146e-01,8.205919624948843083e-01,4.381661623431999941e-01,3.434729143264893536e-01,4.913746293254601105e-01,4.717282219481065408e-01,5.801946325529483417e-01,5.617477754574963233e-01,7.827862140300677618e-01,4.262984469088048067e-01,3.615997429211756931e-01,7.520005366278545988e-01,5.460091602380159337e-01,5.818174166620332377e-01,6.681022726427141567e-01,6.569440588337713827e-01,9.846393852781715195e-01,6.131062086887095752e-01,7.398844193888377552e-01
9.684635854609151551e-01,7.470126083582872001e-01,6.432548494837619923e-01,7.109208744536582580e-01,9.946296913708529974e-01,6.922096473775563030e-01,8.116989908818332822e-01,9.563905489478116140e-01,3.344119731936785467e-01,8.762784081286435489e-01,6.853943698326615541e-01,9.294664201773192858e-01,0.000000000000000000e+00,5.573276803305340366e-01,4.071152609946087075e-01,7.698993840592447402e-01,7.194133996128043718e-01,9.938316682757333265e-01,5.074961214537774268e-01,5.758491572620840770e-01,8.603420444361098429e-01,6.829597354845495794e-01,7.393838036073775433e-01,9.727273135285720018e-01,4.113860083344947349e-01,7.266187749203385782e-02,6.178989394359283294e-01,6.958588410174021410e-01,3.530897272954212074e-01,7.234016863834372701e-01,2.881577410425288921e-01,9.574363661557661054e-01,8.871053574982550316e-01,6.614781575115906698e-01,2.243173015604288945e-01,1.816300021712954071e-01,2.738501898876898322e-01,6.674274715313913697e-01,9.111361717429158347e-01,9.031569477255337874e-01,4.930124344498565958e-01,6.723319886778206245e-01,6.499581896612549592e-01,6.224803977441988323e-01,5.612258708434154642e-01,7.034998876484437336e-01,6.610054845434248927e-01,9.976875005186716105e-01,7.530259053276260328e-01,9.304930138818831020e-01,8.205531671544460393e-01,7.001101276399773754e-01,3.609207769085777673e-01,9.201214308517811080e-01,9.631177731776887629e-01,8.796569907676561328e-01,9.494628671136043363e-02,3.415556038683823514e-01,6.098815845616004649e-01,1.139274111560391323e-01,6.140367392584060724e-01,7.705693580473538251e-01,6.977110058449894625e-01,8.259438334682471794e-01,7.518567772058732945e-01,6.013190386452353930e-01,5.216701487713850671e-01,4.814608987584099165e-01,9.368309163541741480e-01,4.641595905718986503e-01,8.985703052947490166e-01,7.012568543120991649e-01,3.409056917025111155e-01,4.687306571277550238e-01,7.657205619166042032e-01,6.991193139457508865e-01,8.254946366064103147e-01,6.537050365878663838e-01,5.586453849899104540e-01,5.781953208554426737e-01,6.917776363703329601e-01,8.089678892410423483e-01,5.657244451249733297e-01,4.220177723664610414e-01,6.527313028160568464e-01
9.966388654251674417e-01,7.324148055728125772e-01,6.888597863821516176e-01,2.016304247200490507e-01,7.979010643074023745e-01,9.314155228754595894e-01,7.851170044894146827e-01,8.442403922342138767e-01,8.263627179253733024e-01,6.992769138124844686e-01,2.854437991331032487e-01,4.007208673480898709e-01,5.573276803305340366e-01,0.000000000000000000e+00,7.564973629863488425e-01,9.491957434509410430e-01,9.908728768869927706e-01,6.644354448730616092e-01,7.885026963908643438e-01,4.816801467903208955e-01,6.994427651835594117e-01,7.463571905818429109e-01,4.596442096976572356e-01,8.393030124217173427e-01,6.300542545266517580e-01,3.531787334646222520e-01,5.508733350159026321e-01,4.583705527422770598e-01,-1.550649462285712821e-01,6.929149260731030935e-02,5.643799216910647676e-01,4.034516819574077706e-01,7.877832265739199702e-01,7.198597126766639320e-01,6.461187957570801998e-01,4.380627030661421450e-01,7.153524058437455979e-01,8.576254821831029718e-01,5.091755010847960339e-01,9.549064066246343296e-01,3.939177752776125696e-01,7.854036374870445592e-01,8.533893269087240441e-01,5.527186598945645901e-01,7.333073779003598247e-01,9.163644671933818264e-01,8.201678052232965754e-01,7.135772698565032712e-01,4.063559859099080684e-01,6.172239356601438853e-01,7.840736148595827126e-01,9.067219835804293249e-01,9.668575990306845780e-01,9.306699541519389829e-01,6.987488755861442913e-01,8.946599849361657197e-01,9.820509003619303234e-01,6.995003036646231243e-01,9.809279184164654275e-01,1.924673599072197205e-01,8.017062643020439472e-01,1.475912422944960223e-01,8.775133151768779172e-01,2.841881153054766074e-01,6.094631729169166512e-01,2.165539866820164749e-01,8.841058530382626124e-01,5.303377963946709350e-01,4.614050954914731273e-01,8.977512888656360435e-01,8.041169112247451567e-01,9.922558573861520737e-01,6.688209992042869478e-01,1.584420119833044038e-01,7.756759177741513467e-01,4.320408587962270008e-01,7.441104582843149906e-01,8.769698477029457262e-01,-1.046430806097349842e-01,2.166967784819050225e-01,2.144497087962303206e-01,6.170138787490815346e-01,7.502862259759397467e-01,7.173226915479428145e-01,7.934287030021773823e-01
4.874592941465227813e-01,7.217998155827124451e-01,7.448714774030115171e-01,9.058228043714174893e-01,7.451345836767204744e-01,6.362111052019113755e-01,6.284822503981815078e-01,7.394644438907647110e-01,9.427167941865934875e-01,7.933118261225341472e-01,3.250571657101082867e-01,7.830189645962650768e-01,4.071152609946087075e-01,7.564973629863488425e-01,0.000000000000000000e+00,6.797460113693889472e-01,7.990594743462109406e-01,4.911109509057192124e-01,5.399637630384735987e-01,4.461520580344736087e-01,8.142905701520303241e-01,9.772538012373752636e-01,6.560806877676507165e-01,7.019121456103672996e-01,9.688812475821508841e-01,8.652979648428429371e-01,7.810682377593550774e-01,7.450655028093988719e-01,6.931025713642758879e-01,4.519999685560292524e-01,5.758896145839259573e-01,7.652412511887926039e-01,6.704061010575177448e-01,5.207909976355342696e-01,6.532001246633846181e-01,9.258165819985204603e-01,2.146165763358876821e-01,3.194939260582174700e-01,6.479152873027567150e-01,4.990015034624387114e-01,7.066351841462997774e-01,5.463568180799105445e-01,9.490656013545921699e-01,6.979900814086217320e-01,8.184378381469016306e-01,9.116094664553772153e-01,7.577904796856782532e-01,7.190369521428461308e-01,5.268435891113436575e-01,4.532637393353477484e-01,7.954535860162978977e-01,7.390173184307203824e-01,8.750899062638187731e-01,8.186408838397306598e-01,6.635776197716611868e-01,4.408345542362178682e-01,6.055991390632028404e-01,8.341157579411918599e-01,7.288117215205809352e-01,2.411351411212963314e-01,2.824467459871991132e-02,3.981206932670462439e-01,9.458146977409926937e-01,4.371657453401547322e-01,8.816169052434051912e-01,5.053074054910902113e-01,6.857456221913242889e-01,9.921211572786393651e-01,6.051851112438977331e-01,4.851684404871902667e-01,9.654885426960246875e-01,9.073007224665283754e-01,7.128804559216139758e-01,3.875654876437976126e-01,6.045562635516238403e-01,4.884972797909122866e-01,4.475703120468838558e-01,5.629392036451658088e-01,7.537631653686370781e-01,5.856809283200649086e-01,2.385924065197644328e-01,7.842727280435090043e-01,4.848613342375034940e-01,5.489064914324524036e-01,5.083584215343096568e-01
6.722087225768186292e-01,6.823285575293297489e-01,7.375201190827760378e-01,5.859480997368445854e-01,4.337827742751938498e-01,6.404778071471697309e-01,6.660366891303139969e-01,6.212540355612339305e-01,8.948783912224008708e-01,4.944093897440101637e-01,8.295564100202117430e-01,6.329821285758312488e-01,7.698993840592447402e-01,9.491957434509410430e-01,6.797460113693889472e-01,0.000000000000000000e+00,6.163404967413911306e-01,4.594456855457227512e-02,2.706533238609247771e-01,6.475083594332946557e-01,9.602842996830536215e-01,6.229794380570058410e-01,6.763151389369802535e-01,9.711311338672664606e-01,7.387778770295005959e-01,6.986917602116037296e-01,9.092925317297050336e-01,7.606465102792632216e-01,1.136414398622363070e-02,4.913949201506690456e-01,4.615683673049257862e-01,6.863170405004808128e-01,4.072812636863587521e-01,8.495531852744415691e-01,6.941968438435056621e-01,3.228323241769177621e-01,3.043289023844010788e-01,7.766588959174026696e-01,6.854877894024262730e-01,3.417207049703249178e-01,5.268270980057090380e-01,3.356299661801113166e-01,9.454102554547583193e-01,8.954515338604761565e-01,8.315924881901226584e-01,7.445879109241492211e-01,8.480732328966718025e-01,4.227962532356910885e-01,4.431522678072770671e-01,7.292953272632196615e-01,9.715153808304042293e-01,7.785028565578235860e-01,4.432260131266080871e-01,7.745747938698510637e-01,7.551409926940273465e-01,9.018534606784853747e-01,6.567267904877943652e-01,5.280310396828459263e-01,9.537686783762142628e-01,5.676804876289712753e-01,6.692262655182942277e-01,6.375552621740343540e-01,5.041987933701068680e-01,8.935225026606571364e-01,9.676310556296634502e-01,9.771295231974049811e-01,6.858737034275507183e-01,9.671343645528436284e-01,5.372912538854926479e-02,4.527563929212709004e-01,9.763746507501410710e-01,8.883032026140809112e-01,9.342718244886809575e-01,5.939244314141014502e-01,6.887743707188770381e-01,8.450535950468236468e-01,8.675558485222002458e-01,6.733028445947480956e-01,5.049455205108338562e-01,5.759698298350743872e-01,7.454257331991333002e-01,9.550020108910601824e-01,8.601078434055962063e-01,7.106364489062442225e-01,7.738971691234840522e-01
5.539595289081309382e-01,6.445694296631954145e-01,7.516057085799061621e-01,4.649201263183603272e-01,6.896402863810866535e-01,7.636863686919593830e-01,6.262206009947374197e-01,7.265711955708757941e-01,5.801917230352823251e-01,5.916592086625139801e-01,3.591680704764204091e-01,6.159661126794427899e-01,7.194133996128043718e-01,9.908728768869927706e-01,7.990594743462109406e-01,6.163404967413911306e-01,0.000000000000000000e+00,9.256619038683842060e-01,8.221730088535375014e-01,6.953978205214920161e-01,7.239157664914132040e-01,9.049188960783918212e-01,9.199260630762823299e-01,5.697007925206586387e-01,7.955769482263825854e-01,2.080352264328929335e-01,4.642965804585726941e-01,8.846220899423986594e-01,6.908699411290174508e-01,6.094747051612836586e-01,2.912875631141546018e-01,8.020064422397035209e-01,7.772120658697599938e-01,8.519509313388563543e-01,9.627240608050013915e-01,5.882523592207513641e-01,2.387686102148638689e-01,9.384130719360203043e-01,3.675680310744933177e-01,6.710525831024890531e-01,2.910179166636802650e-01,6.147360964779939874e-01,8.363417899231343489e-01,2.130488767375908754e-01,9.309491470983589645e-01,2.492451399514429844e-01,9.541196176140648300e-01,6.779866492647779186e-01,2.007391684621195604e-01,3.568749262112003162e-02,2.064493974775454821e-01,7.889065064851396025e-01,6.709947066838899410e-01,8.127288957931606550e-01,4.755670219210522687e-01,7.154242423417277452e-01,6.297299703748022726e-01,8.343144079478399533e-01,8.212014727528558211e-01,5.360807388264287043e-01,4.064637232439228809e-01,9.586994686366835383e-01,8.020458845584621521e-01,9.295648827976119577e-01,6.264645449286715406e-01,9.363795734026907347e-01,4.482593334747939640e-01,9.824166581802304954e-01,7.659530613980579661e-01,6.942999544344566898e-01,2.296421372728632004e-01,5.379588041523227782e-01,2.285264712907003337e-01,5.930218895464982598e-01,9.082957471348024336e-01,3.993356068524021030e-01,6.692205283709573571e-01,9.037728780526155248e-01,6.098575855900996157e-01,3.062153170242520872e-02,9.930151523850475614e-01,8.337795306677957541e-01,6.963803320434891475e-01,8.944576315929126942e-01,5.461708692263701481e-01
8.966845738414103151e-01,6.960869375187742625e-01,8.561095054349541211e-01,8.459594895636161072e-01,7.233015521737884423e-01,2.535647558629090526e-01,2.433873486750388893e-01,6.312889616656043312e-01,8.050147732697486846e-01,7.047994856756568671e-01,3.454579334316004169e-01,8.050345064086575908e-01,9.938316682757333265e-01,6.644354448730616092e-01,4.911109509057192124e-01,4.594456855457227512e-02,9.256619038683842060e-01,0.000000000000000000e+00,7.827598727239015730e-01,8.749193202409748515e-01,9.744418416482998335e-01,4.203613386450222866e-01,8.241429020074941825e-01,7.710981620695214200e-01,7.152072567347392829e-01,9.984545649761731312e-01,9.875799969168649328e-01,9.608432587290778315e-01,4.563112954556118872e-01,4.506423955196239839e-01,2.944742127745418880e-01,7.006947773546498004e-01,6.691594437250013572e-01,8.844325524005510752e-01,7.705040083535359408e-01,2.602023016805039002e-01,1.095873919608296304e-01,6.156003469996748079e-01,4.369229888878206070e-01,6.518605882545114305e-01,3.084766995737638351e-01,5.852291165010241603e-01,3.606057197838851147e-01,9.265906948774169649e-01,4.728430766465993029e-01,8.953388855781049260e-01,7.364404253343094231e-01,9.546082738847370130e-01,4.093436480597384963e-01,8.145124201834124111e-01,5.448308318225641989e-01,8.782715696386970139e-01,4.608071723499502226e-01,8.683873513745549166e-01,5.748706830555384562e-01,6.883665574185801050e-01,9.904620379468245250e-01,9.024365088856376449e-01,6.038309594832973470e-01,6.611797557916913037e-01,5.589431470179238026e-01,7.252795750109357620e-01,6.122194480927728444e-01,9.278732703905691048e-01,6.447732358231187400e-01,7.673705398864922866e-01,7.830040306119467886e-01,8.244018266347010737e-01,7.838950481281239391e-01,3.044391767404124871e-01,7.883143884253629441e-01,7.139289922346214734e-01,6.578181398225781962e-01,6.686752437878655531e-02,8.349444794805698233e-01,7.023653017222744044e-01,9.760834707292989076e-01,5.180868894026381399e-01,5.126319676082623511e-01,7.237596436279998269e-01,6.334812295069901511e-01,6.232423527403068153e-01,8.873028087058908442e-01,2.570816238883158467e-01,7.233257018650592896e-01
