0.000000000000000000e+00,6.836466115877164462e-01,8.195109124300616887e-01,9.141665745824927303e-01,8.440847741819108574e-01,5.190967575179875615e-01,6.577414120596520863e-01,6.846613858618247894e-01,9.868560663282766043e-01,8.906650738691197500e-01,7.160452154593747176e-01,4.088979167739775766e-01,8.809281116158560465e-01,4.272537984566789904e-01,8.653682299689041679e-01,7.929302329845899777e-01,8.592387488324043643e-01,6.384607177846393089e-01,8.645222708379004528e-01,9.466618438948288805e-01,9.539201143961715257e-01,7.175455540458737236e-01,8.123059312927302100e-01,3.618452525985619284e-01,6.377451168329183462e-01,6.378495496351443972e-01,7.126483899042691528e-01,6.169943817306385858e-01,2.494154332454740497e-01,6.306060631143939332e-01,2.806231211712126861e-01,6.293607284142468394e-01,9.614731161419279859e-01,6.659312440808714539e-01,9.806593274143760031e-01,3.431800544494051364e-01,2.458459877781215552e-01,8.165960257907707298e-01,8.884808003317051783e-01,9.157797312278561641e-01,4.810276011693143672e-01,6.958557990652907144e-01,7.192551915338182278e-01,2.344120966196762412e-01,9.616224687872394483e-01,9.857110816615495263e-01,5.944227641664183714e-01,9.917434526544065543e-01,8.452360768393728518e-01,8.488601732670923994e-01,7.914886364500614002e-01,9.137995785379843250e-01,7.649586535289158995e-01,8.371234141924209782e-01,7.613776311864592916e-01,6.992094801055235287e-01,9.912921351614336629e-01,3.667261650182674360e-01,9.905848339655480839e-01,5.194203438378789395e-01,-1.296788945987475405e-01,5.346535616567580362e-01,8.526038952710445207e-01,6.640906444895516847e-01,4.893744948246673276e-01,9.065977947880025090e-01,9.964046373797110778e-01,5.838907456426627451e-01,4.212432067246991152e-01,6.313495062041725170e-01,7.429951133874490576e-01,9.897449156523622227e-01,4.789916928480895120e-01,4.529579678583091629e-01,8.062160922867865898e-01,8.200697697413106280e-01,9.406963277458870731e-01,8.603443123165792628e-01,7.795886528380059355e-01,4.805564174660905130e-01,9.069654994657186942e-01,6.290440097172649292e-01,7.299422501864379909e-01,1.820065551818814686e-01,6.288279676773967930e-01
6.836466115877164462e-01,0.000000000000000000e+00,8.483959263573798149e-01,6.062391773209322432e-01,1.423513672480161141e-01,2.174247510814701911e-01,3.455089083588200882e-01,7.432041616727584898e-01,9.512921935851068600e-01,7.404668493864340340e-01,6.951329838186151022e-01,6.018913796925142723e-01,6.909502218112262284e-01,5.978639390410738219e-01,1.141125373898513873e-01,6.276567787524088837e-01,7.436537861745424749e-01,3.680143891404205059e-01,4.352314487789372133e-01,7.564119497774153267e-01,8.400466213930708470e-01,6.324892355106506159e-01,2.143711953339421661e-01,7.400359780872163284e-01,3.783084713453657155e-01,5.713203884544955091e-01,-1.603723333391129102e-01,6.838195191638762882e-01,6.809546809442411641e-01,8.184430618896605669e-02,4.241191776714678952e-01,5.805188082877068556e-01,9.701080847185779010e-01,8.206333342296697753e-01,8.232130556740850924e-01,5.805906243315067661e-01,2.677010530960833856e-01,4.037651931182855702e-01,6.010429384453001012e-01,8.484384256569819094e-01,7.101366998280957965e-01,3.490128268843775139e-01,8.645333095298313175e-01,6.295895019423207728e-01,6.878967701712962457e-01,6.892397242833311344e-01,7.129532920943357777e-01,7.474924005279781625e-01,8.324691689330918631e-01,8.798971361913950906e-01,4.033058646855098850e-01,6.733649379102508714e-01,5.199557309044507969e-01,7.205414020178699808e-01,8.082541871029494951e-01,9.898216118075773284e-01,8.122439769614923089e-01,6.862644528531536281e-01,7.777991808955310171e-01,4.619513881768377850e-01,-2.741053807474239101e-02,4.621517848226941449e-01,6.005341860234967299e-01,7.277098082186388428e-01,8.790605326149192322e-01,9.747919952078094585e-01,8.992502034870634153e-01,4.835909961244195809e-01,5.018545856387782722e-01,7.957270790990184084e-01,8.145629308543544944e-01,6.790627606669689120e-01,6.628761334676587236e-01,6.845282802881812456e-01,4.896227576491881117e-01,6.580464026225664176e-01,8.323855538580207103e-01,6.926910372802261850e-01,7.893262434824572793e-01,4.308372843602937263e-01,6.312826267045488216e-01,9.167102639111507356e-01,6.504094635259038970e-01,6.230150648480278219e-01,7.604352900647550761e-01
8.195109124300616887e-01,8.483959263573798149e-01,0.000000000000000000e+00,6.450492616204507312e-01,9.792903554246187303e-01,8.259604794228938562e-01,7.252265420500577653e-01,1.645838371901660324e-01,4.077095163269437439e-01,9.042475311492438328e-01,7.231913995325741640e-01,8.738994439771473610e-01,9.495887653228355374e-01,2.111932732081746034e-01,2.889817393226548070e-01,8.746965138402557072e-01,9.863241126947760451e-01,9.737187270638694159e-01,9.671766300967112873e-01,4.604570252785924467e-01,9.003814856416350043e-01,6.799323401717629611e-01,8.680850143638623173e-01,4.755526984836115911e-01,9.517410293200176952e-01,6.818272676412812094e-01,8.490755349551176723e-01,4.476551571758290993e-01,3.049961126235759545e-01,4.602294977043024926e-01,-3.153157685167246038e-03,6.262579683052086343e-01,9.436130334956343013e-01,8.369632531493853556e-01,8.361073733191828339e-01,2.650562507784932631e-01,8.386510453508304597e-01,8.614842388511857463e-01,8.698063730900892354e-01,4.797680017204939418e-01,6.006393488060041141e-01,4.250140047485942985e-01,7.123281753027770336e-01,7.047199294466980346e-01,7.713179988429632594e-01,8.986352928128809037e-01,9.820957792419013899e-01,5.790418778077845996e-01,8.945558898670635806e-01,2.633804713004595510e-01,6.853844053582518470e-01,8.241959712469428823e-01,4.690159052570663234e-01,7.722604351948830770e-01,9.043427041056599780e-01,6.338544614927982268e-01,8.743978100987181978e-01,4.334411477068485508e-01,7.276557820862015191e-01,8.239665871739730585e-02,4.667639266666143705e-01,6.712570328829716715e-01,6.922009689915261665e-01,8.879591939043984805e-01,9.489192665864074616e-01,9.690671368529001350e-01,8.485377966536152838e-01,4.370120367509874315e-01,7.670863059050274657e-01,9.578823596909457061e-01,4.008747756362475156e-01,9.753867328356475852e-01,3.333202646287364290e-01,2.042770615588027638e-01,9.413868216471603656e-01,9.688947183197980095e-01,8.169898702620892461e-01,8.053607883605351514e-01,6.170610058502300488e-01,9.082291767850553255e-01,9.473067142454033585e-01,7.429249307476313291e-01,6.597796412364254071e-01,8.309208165405636004e-01,7.547426659377715064e-01
9.141665745824927303e-01,6.062391773209322432e-01,6.450492616204507312e-01,0.000000000000000000e+00,1.975339067066283760e-01,7.904516000527395114e-01,6.923715505946618221e-01,7.217324903746121789e-01,6.323695418066723750e-01,7.549903527678177850e-01,8.413942465471286880e-01,7.578021328014326041e-01,7.390781633094387626e-01,4.772022676968783461e-01,7.281195549398287170e-01,9.734417868522909911e-01,7.117173893003387875e-01,6.682289589860410661e-01,5.035807247788176566e-01,9.284960123578139823e-01,8.804925431785195489e-01,7.463476205327309598e-01,7.007716795493498241e-01,7.166298082673262515e-01,6.678827130333959694e-01,6.305424270483647176e-01,5.940948684990456918e-01,9.089372757231594102e-01,3.652514993851686542e-01,3.079102584775835205e-01,2.410443240975025103e-01,3.868088546228109492e-01,9.313028735231146937e-01,7.780962509927974446e-01,3.642547685959347525e-01,3.303331848690569950e-01,2.439698604834601436e-01,8.441546266098338691e-01,4.097036237186528762e-01,9.745074211869163561e-01,6.417196320437241752e-01,7.584696164045567901e-01,7.728527422465749641e-01,7.312628854973934889e-01,9.121560920598577038e-01,7.663933109820826317e-01,1.129836937706293620e-01,5.932071228541020425e-01,4.513349727679404344e-01,9.480870531409442137e-01,9.133193496715583670e-01,9.586148681166348773e-01,6.340534751835205096e-01,7.277943983032866271e-01,2.890068139752447474e-01,5.047139201965983313e-01,9.606084673595867152e-01,4.876634325152968130e-01,4.137343153829921016e-01,7.490487070010757309e-01,5.530002527987285532e-01,8.827206645655540918e-01,7.697486930752664991e-01,6.474122559771975371e-01,7.820376332815119902e-01,8.576909653469302341e-01,7.873835549108849641e-01,9.733478052214136200e-01,4.676180411022603511e-01,9.046282422201825657e-01,7.882189723753016963e-01,9.541818593199944409e-01,5.197243073685745562e-01,5.515156682118531606e-01,5.749611502413655151e-01,7.673698813216809356e-01,8.838884256977720399e-01,6.428618006214634750e-01,6.099775486178911077e-01,6.575758595827155273e-02,7.450107897906017573e-01,5.278184894423145757e-01,3.236634101074968850e-01,6.275625994408167152e-01,7.605344697054410297e-01
8.440847741819108574e-01,1.423513672480161141e-01,9.792903554246187303e-01,1.975339067066283760e-01,0.000000000000000000e+00,9.172350049792876714e-01,5.436813818907363371e-01,7.780086445606368972e-01,8.826736552735354735e-01,9.384493087152683266e-01,9.470822151643840670e-01,5.391013176205163848e-01,8.803011997067771155e-01,7.209200269363122970e-01,7.443504874623217971e-01,7.355885728885177555e-01,8.901227541167832102e-01,5.817247348883574087e-01,9.081165196828631103e-01,5.512863530117462219e-01,8.193199949222580436e-01,9.251804846419223738e-01,8.435990758186115990e-01,7.283540832922410502e-01,3.670270323160654824e-01,9.630405135728616894e-01,5.951679320081845193e-01,7.758324454339994292e-01,4.585117292624408813e-01,6.440595944657542260e-01,4.049427813055135328e-01,4.921397875976200043e-01,6.023857663341555257e-01,7.464625073942344757e-01,5.743467223612095385e-01,4.765906075268985798e-01,3.580854766415618728e-01,9.030223581527602184e-01,4.322008338802488803e-01,5.545472033425733471e-01,7.851872480694818135e-01,9.993580650032458657e-01,7.804684519153701761e-01,9.554611388775555714e-01,8.268983473597302236e-01,6.608684182973099119e-01,7.332007794097210596e-01,8.144407569672411640e-01,9.783098129338282378e-01,2.689821845356755725e-01,6.681543828939041640e-01,6.437428306518713228e-01,9.793896689751685480e-01,9.684925492217482113e-01,1.969091162005903728e-01,1.234125661905947635e-01,6.622332538041594274e-01,7.452446375409236268e-01,9.988093785714680095e-01,2.257146381685136982e-01,2.012962170094780290e-01,6.461125340687592367e-01,8.570071030048007632e-01,7.058311152832815738e-01,6.965297748077802220e-01,7.031683230928384987e-01,8.169657119175660620e-01,5.108723518229180138e-01,7.973247292429784805e-01,7.763412979154934446e-01,9.059631040320480500e-01,6.594967066329191496e-01,5.122127340734508039e-01,5.093209254901794880e-01,4.930277872526140914e-01,8.417300846073584308e-01,4.300778559667809420e-01,8.468519263163434285e-01,6.710186155597629154e-02,4.107731885809938754e-01,3.778672484531196973e-01,6.208559318925471748e-01,2.286834964556748173e-01,6.791795469970040022e-01,8.221623217511874193e-01
5.190967575179875615e-01,2.174247510814701911e-01,8.259604794228938562e-01,7.904516000527395114e-01,9.172350049792876714e-01,0.000000000000000000e+00,2.363008303543639721e-01,4.742126273891418275e-01,6.485638743637480719e-01,6.674332560377813639e-01,5.247718277502088080e-01,6.988134278617473827e-01,6.743813666980049693e-01,7.796013720253081036e-01,4.588774094071272347e-01,7.596049617092497375e-01,9.577225031874379013e-01,9.852544063524443230e-01,6.491239781848904267e-01,8.094504131286193171e-01,7.062286663884563831e-01,5.779977520719599138e-01,8.480766484749280298e-01,6.050746117891350195e-01,4.705343311755158520e-01,6.814541807674524554e-01,9.038621562020875411e-01,7.265825470639090122e-01,6.427833950521989470e-01,4.355060489866263151e-01,6.199289635958602496e-01,6.174136119241810938e-01,9.622989822365122237e-01,6.062645703586725388e-01,6.208002861409549489e-01,2.128516648657450272e-01,4.839861159683293002e-01,7.629532987613780737e-01,8.801183951339801581e-01,8.273512083509585446e-01,7.295697015240105721e-01,3.996481009608894852e-01,7.034185235383514367e-01,6.375243495542733951e-01,8.266634023047149116e-01,7.321035381902210037e-01,9.682236753897467407e-01,8.936734135400349333e-01,8.585500426099301752e-01,5.004409772942364221e-01,3.062732968266529410e-01,-2.363813363862177219e-02,7.013328950912137705e-01,4.945834256659186745e-01,6.611739996457310919e-01,3.690461456711041643e-01,1.321645305178559826e-01,6.076666514981473588e-01,7.587284877691655716e-01,6.345413290675459006e-01,4.896156380881593329e-01,4.630667640545239605e-01,2.417437020138697990e-01,2.605793157242056179e-01,6.299335402342359780e-01,7.357056332923135322e-01,7.854696111498454814e-01,5.270281202752995497e-01,8.492393497979020545e-01,7.331595589402439828e-01,9.343561482073015068e-01,6.881978068743352939e-01,3.126908668896483112e-01,4.574636203726023531e-01,7.901361550598182681e-01,8.277515816560229167e-01,6.050774173172395187e-01,6.936160324732786320e-01,7.949231161604004559e-01,2.737579071375873530e-01,7.641093382121710853e-01,8.383498955559075538e-01,4.556401226519680714e-01,7.381100834817875267e-01,4.046961757490353806e-01
6.577414120596520863e-01,3.455089083588200882e-01,7.252265420500577653e-01,6.923715505946618221e-01,5.436813818907363371e-01,2.363008303543639721e-01,0.000000000000000000e+00,2.338955667257434090e-01,4.549639861553416709e-01,6.033398007593112622e-01,5.100009541128269763e-01,4.604278418394895933e-01,7.545702257814864700e-01,1.291753319170174941e-01,2.527823778201612193e-01,8.137814609281693312e-02,4.957541343443567783e-01,4.622844039536229133e-01,5.407532272704680398e-01,9.325644005425584027e-01,9.458077674366299759e-01,8.219521760513769371e-01,5.685522042632433770e-01,9.879707409226635706e-01,7.650880734602858446e-01,6.046926537609289554e-01,7.575850520829274792e-01,6.431227008996642791e-01,6.444420157498725876e-01,2.435785618412124598e-01,3.553495241168065366e-01,7.987007982670093487e-01,4.824326077390295175e-01,4.870111524035716233e-01,7.805525355628257778e-01,7.177604678015179207e-01,2.404648851117562880e-01,7.651986030437585296e-01,9.091006828957270969e-01,3.117205634239096357e-01,9.064387342743165377e-01,6.767387826100916826e-01,8.203830095880250139e-01,3.861411189728388704e-01,9.425150234203032440e-01,5.707360832327610378e-01,7.219818934401166510e-01,6.322908882547280118e-01,7.076748526032430320e-01,4.473730300635017643e-02,7.073536396755502054e-01,7.554256598893707153e-01,4.220856783378659771e-02,7.411991512995710352e-01,7.043685252317167800e-01,7.091378986739880208e-01,4.764918460934394195e-01,3.004205527542372356e-01,8.552395497763831678e-01,6.409772489229811354e-01,4.634539029221707018e-02,4.138656472133036557e-01,7.019554201811647465e-01,9.846405796480929284e-01,8.180264966201018506e-01,5.877531536722616634e-01,7.833837987011920134e-01,6.219277027613833164e-01,-2.064240387653554776e-01,7.244004280253626415e-01,4.672745222528204012e-01,5.765149984528754601e-01,7.188033132969580130e-01,4.424952405212200235e-01,6.043152028338221182e-01,2.407273911497731234e-01,2.156774758296463868e-01,5.659276240751354159e-01,3.323336634208424734e-01,2.556884833448277439e-01,4.713502233031572342e-01,6.717727979851821907e-01,7.159280606689462090e-01,7.817660271261781535e-01,3.635937188043255608e-01
6.846613858618247894e-01,7.432041616727584898e-01,1.645838371901660324e-01,7.217324903746121789e-01,7.780086445606368972e-01,4.742126273891418275e-01,2.338955667257434090e-01,0.000000000000000000e+00,6.181198382294748050e-01,4.219693569456584026e-01,3.163351467128673877e-01,7.741861043681689258e-01,9.904937796982875575e-01,6.428181741477186906e-01,6.447203817717624963e-01,5.396525414302241197e-01,7.270882770278570550e-01,8.866468404053667873e-01,6.922457192650133262e-01,9.431049776359325953e-01,9.025443504383177107e-01,4.161588298553715592e-01,6.775609452687108014e-01,8.296296766193242966e-01,4.835319234625825580e-01,7.956316617991284756e-01,6.307527985897707357e-01,7.087275284498949501e-01,6.935500278692838805e-01,5.831289875396885591e-01,5.389976439617003567e-01,7.775236999635593005e-01,2.985529789008453672e-01,9.408232794845774460e-01,7.603606940126232949e-01,5.735940836855334402e-01,4.851587613191754578e-01,6.974421073346591671e-01,5.246000024562766928e-01,6.253634678985073858e-01,4.728825031877817442e-01,4.407352091110124381e-01,9.087442409097868934e-01,4.159575681630576782e-01,7.141882166715159963e-01,6.430116828598330114e-01,7.949133783651289864e-01,7.304596366190022616e-01,8.956936369489622018e-01,8.855331642335605435e-01,6.775872127920294918e-01,1.994589691363559125e-01,6.265604739527164124e-01,6.691473711203318464e-01,2.011748985344581908e-01,2.862401884092510285e-01,6.293227118948542254e-01,3.016454224132344430e-01,7.720726957041103011e-01,6.444670447025832027e-01,4.413601388907011369e-01,7.531973431402030350e-01,5.202755459532315552e-01,3.809530540175412039e-01,7.695661194373626390e-01,7.396901648009193142e-01,3.758848340015296108e-01,4.906871707658677639e-01,2.534900575932914069e-01,6.852357682418537266e-01,6.781974719534729079e-01,3.603635995811249604e-01,7.070043907835377173e-01,5.691158973324628167e-01,7.009264879254406555e-01,5.776492662073224871e-01,6.632873511795793764e-01,6.588058891986019461e-01,2.048325462552901821e-01,2.914315185692255006e-01,7.288119237033811038e-01,8.971649804498149638e-01,7.384834356675673561e-01,6.700959003662678715e-01,6.366427310481842516e-01
9.868560663282766043e-01,9.512921935851068600e-01,4.077095163269437439e-01,6.323695418066723750e-01,8.826736552735354735e-01,6.485638743637480719e-01,4.549639861553416709e-01,6.181198382294748050e-01,0.000000000000000000e+00,9.472698575514297836e-01,4.601858192506856904e-01,7.868265681379400522e-01,8.077937439864122382e-01,4.696884291913649978e-01,1.575695611343916891e-01,9.258272411377725941e-01,8.283991280056762774e-01,9.548241070309172462e-01,4.688861772806738326e-01,6.986839318084621109e-01,8.000812033519520972e-01,4.394783365283077003e-01,8.678643469089052376e-01,9.006828026371603846e-01,5.720955256016211354e-01,6.367753192942641194e-01,9.785785258072602355e-01,5.834509648714014673e-01,4.483687043498774671e-01,5.689969738820214173e-01,1.682666116521538413e-01,9.047285949153427431e-01,7.670654246165927725e-01,7.978669469431334260e-01,6.227876995606238530e-01,9.793590744267424153e-01,2.014544637953552542e-01,4.516586970634187681e-01,9.482016055888767836e-01,6.755043814345064179e-01,3.456841571289600568e-01,3.580575857286981689e-01,6.457430093386048453e-01,6.506863168818255438e-01,2.231245326880763602e-01,6.157659913169183374e-01,7.325905306025897179e-01,4.214811122872545446e-01,6.499161431649274068e-01,7.674431363330453948e-01,5.526137586736303842e-01,9.998476589872764553e-01,7.311237197504942831e-01,6.963123435876581446e-01,8.126883434114141602e-01,8.280120601350428045e-01,4.321310442543052632e-01,4.591685508631135337e-01,7.448129155226337339e-01,1.536068731985402169e-01,7.007339608398561737e-01,7.704757008732208146e-01,2.554668949510328080e-01,7.847376049580244706e-01,7.311399657124872942e-01,7.987273841155739795e-01,9.443208989859919189e-01,8.730458522365188712e-01,6.027916072545418391e-01,6.194271106995865583e-01,7.226376669483272064e-01,5.151066011029369340e-01,5.432663770375473211e-01,4.011783521859345614e-01,8.024961905475123114e-01,5.675476481372754289e-01,9.505891679031041042e-01,7.860290180845465047e-01,5.700890496761824577e-01,1.378146328613381044e-01,5.172355989377961372e-01,9.751710805908553326e-01,8.767772857414590781e-01,4.308964793570831397e-01,6.889470805646119578e-01
8.906650738691197500e-01,7.404668493864340340e-01,9.042475311492438328e-01,7.549903527678177850e-01,9.384493087152683266e-01,6.674332560377813639e-01,6.033398007593112622e-01,4.219693569456584026e-01,9.472698575514297836e-01,0.000000000000000000e+00,6.829425624006629780e-01,7.566463115252831662e-01,9.979769695844025179e-01,9.433683727135115937e-01,9.643009144779297603e-01,7.117955578044135034e-01,9.873170081881670335e-01,9.492790957373782312e-01,8.524212429987195749e-01,8.260982407648286285e-01,8.991987844452172807e-01,4.706516280868057178e-01,8.725797735182567738e-01,6.032402249894344148e-01,6.060087278328688543e-01,6.261428689888294263e-01,6.578900616286255110e-01,9.983478497297795240e-01,4.666191165775244731e-01,4.590626566621954785e-01,7.537964244038860562e-01,2.289150219684573107e-01,6.820706593476929536e-01,6.921945946807130934e-01,7.190166670024190632e-01,5.004295233592932490e-01,3.181819679385081701e-01,7.204425547319397438e-01,6.267046349056624166e-01,8.345285420164836321e-01,2.318719460670827792e-01,7.974099605646914890e-01,9.946454887762425923e-01,6.969667148839657767e-01,9.986822724238567650e-01,8.140545639114535881e-01,7.446242091688000109e-01,5.871197853733154393e-01,6.713439161823524515e-01,6.813372774683333910e-01,9.540851605965101900e-02,8.902015005141871162e-01,8.564616345819267007e-01,6.164425712375180000e-01,9.033108162524489115e-01,3.874022718207712490e-01,-1.432231284649811420e-01,9.094518562701172648e-01,6.500352850206452260e-01,6.306167588193709594e-01,6.646410165782966617e-01,2.380160910009689601e-01,8.522891362612958766e-01,9.691924117254679949e-01,4.351063958351575889e-01,8.090779847756033316e-01,6.912705941807804066e-01,8.716472012037130845e-01,7.981996227900661767e-01,5.276828461042032403e-01,6.041475681900905226e-01,7.295250992044725047e-01,6.912511183454280728e-01,6.039835544677238932e-01,3.673920096923461998e-01,6.161858541355837993e-01,8.692598172657848288e-01,5.962569549594425311e-01,5.609782134323910707e-01,6.502385384930782497e-02,9.482293668241554840e-01,9.488974747836029788e-01,8.267821263166290624e-01,4.816854247570132586e-01,6.238080638348090234e-01
7.160452154593747176e-01,6.951329838186151022e-01,7.231913995325741640e-01,8.413942465471286880e-01,9.470822151643840670e-01,5.247718277502088080e-01,5.100009541128269763e-01,3.163351467128673877e-01,4.601858192506856904e-01,6.829425624006629780e-01,0.000000000000000000e+00,8.201866409520116585e-01,6.457015526519163107e-01,8.326301603306626165e-01,6.150336356655338177e-01,4.402784442830071088e-01,9.583075258823686715e-01,9.269071615692748844e-01,6.636510147355527689e-01,7.414445100375184339e-01,9.137829614776699083e-01,5.276843557649294469e-01,9.046674700166266181e-01,4.693454258485265096e-01,7.876157596584960618e-01,5.773051404517993701e-01,5.824707864585763062e-01,7.720571618817705373e-01,5.223465748136386644e-01,4.737889983911736658e-01,5.944835088508935161e-01,4.368591065020318576e-01,9.351750769550895015e-01,9.404310565569237168e-01,4.194014121694923380e-01,7.901622857541388267e-01,2.368043944099561815e-01,6.711004496364316729e-01,9.481074216474606464e-01,2.108667102514096281e-01,3.393718356452705143e-01,2.039631496618593831e-01,4.089321914646156242e-01,9.688763546484358002e-01,6.291330311364780048e-01,7.868269906301029737e-01,9.818836715560228523e-01,1.973725375655961678e-02,3.047519160777183989e-01,6.160444829919147214e-01,6.806894729930770271e-01,9.505332055673212377e-01,8.935792892246103847e-01,8.425102883563311273e-01,9.165757776378617994e-01,5.339774500133471768e-01,6.045667650030815965e-01,4.805263804123457994e-01,7.897919682809131370e-01,7.794222905299315052e-01,6.021937916563629978e-01,7.191902292900151927e-01,7.547928227598798001e-01,9.935154638429343210e-01,9.039074331967154041e-01,4.810261450606462263e-01,8.419529272529491237e-01,4.868271425366005323e-01,4.687462456860984061e-01,6.274433264514946984e-01,8.892749749799575554e-01,4.685773343558118365e-01,3.647267879406362878e-01,4.782405783388168907e-01,6.495788659436668722e-01,8.645438446621258599e-01,9.178882022913237293e-01,6.179820988752831035e-01,3.531947082036688279e-01,1.488323003247985776e-01,6.004906236738984937e-01,9.024239263719265880e-01,9.535140957114836002e-01,3.139018335089283074e-01,7.970858995669111158e-01
4.088979167739775766e-01,6.018913796925142723e-01,8.738994439771473610e-01,7.578021328014326041e-01,5.391013176205163848e-01,6.988134278617473827e-01,4.604278418394895933e-01,7.741861043681689258e-01,7.868265681379400522e-01,7.566463115252831662e-01,8.201866409520116585e-01,0.000000000000000000e+00,8.117039999194090028e-01,8.332504711822149579e-01,2.575083248784639789e-01,6.159402236292700339e-01,8.099720961055320023e-01,8.256979672636128864e-01,7.110039267535099849e-01,6.140295616499967801e-01,4.040511040065964954e-01,9.387018908167352738e-01,2.132760154849591416e-01,9.332874868852065742e-01,7.460635353565818750e-01,7.645648406506754258e-01,7.806443690156188442e-01,7.041327146057905217e-01,9.205493077749389297e-01,3.511662707415048601e-01,5.975804943133670166e-01,5.717357679117620606e-01,2.023229286203784838e-01,8.869425542238343896e-01,9.301597352886280534e-01,9.719169230766789846e-01,1.535875957828428118e-01,4.052389288488968955e-01,6.020184265520727163e-01,6.054775538496041110e-01,1.400241280103875496e-01,1.562455633464436555e-01,4.346164861132031931e-01,6.402219210258417448e-01,9.804804681164114299e-01,6.545873751280186781e-01,8.037990484954996573e-01,5.866012335634700481e-01,7.385717340712812939e-01,6.902180045617891668e-01,8.013207307888817743e-01,1.454945372244410284e-01,3.503164582087622825e-01,7.847664814913208886e-01,2.527274073104462393e-01,7.200620191413372728e-01,7.923023938782904896e-01,9.881979865275529740e-01,8.451861086382919108e-01,4.800384920091603780e-01,5.076147029201485417e-01,7.802717103732845771e-01,9.321187848823297983e-01,7.357905471171828360e-01,8.700535332098576768e-01,5.207533288227749191e-01,5.348105446318099920e-01,7.505403069993894505e-01,7.205942635601984003e-01,6.521220432679972756e-01,8.474824356099470712e-01,6.085947829079899618e-01,4.125731544623559288e-01,8.346419755109451000e-01,7.946469013263355308e-01,9.101885085179824975e-01,2.630078831746043844e-01,9.984937519807350892e-01,6.441462519703483602e-01,3.556536700845011612e-01,5.083667153410120765e-01,7.876870049906513627e-01,8.883461331328853516e-01,6.876377093839305399e-01,6.093067591577386866e-01
8.809281116158560465e-01,6.909502218112262284e-01,9.495887653228355374e-01,7.390781633094387626e-01,8.803011997067771155e-01,6.743813666980049693e-01,7.545702257814864700e-01,9.904937796982875575e-01,8.077937439864122382e-01,9.979769695844025179e-01,6.457015526519163107e-01,8.117039999194090028e-01,0.000000000000000000e+00,6.713471419933385587e-01,9.709515945383381252e-01,6.887364493055733172e-01,6.014070272347704638e-01,6.937838531343155646e-01,-1.525410881570714028e-01,7.609526036075030531e-01,4.265385881055756556e-01,9.399768608068772568e-01,9.634255893180796448e-01,8.042021393501780357e-01,4.123549830507114988e-01,6.989889116612046926e-01,8.730698135431383955e-01,9.168795910958406070e-01,1.923553820853889443e-02,6.290622415062818718e-01,7.117673424659746173e-01,7.154878979181299448e-01,5.186145938015882528e-01,6.152285255196492386e-01,8.107268289408225970e-01,1.516203682824719505e-02,2.849658370310161337e-01,8.800040237313966340e-01,7.078158915279841867e-01,7.728480138880597927e-01,6.076250426942583216e-01,7.673499881080976248e-01,6.887774576144896077e-01,7.349716094893703477e-01,9.104405467239867766e-01,8.858609234299842372e-01,6.837435111535822285e-01,9.164952744250576266e-01,6.844380985310869470e-01,9.063651750628715087e-01,9.058251358761825189e-01,9.928364879499735896e-01,5.781721473782049925e-01,8.044423311626841544e-01,7.769928366958470667e-01,6.825422430410902352e-01,8.914735801388938841e-01,8.720561610510582096e-01,8.464628334267474408e-01,1.136420292796990056e-01,4.766511169584099483e-01,4.762152807053950943e-01,8.991176119041269788e-01,5.893607700863262577e-01,5.952862894304107311e-01,9.728121016188817638e-01,7.980117677169362711e-01,9.044873359284402170e-01,7.716297479447922214e-01,9.267398639143393790e-01,8.300740535908001094e-01,6.137844524558040415e-01,2.489477917875088653e-01,6.822508578458627015e-01,5.638141269546761425e-01,8.152562851518125875e-01,9.026071129765902423e-01,9.510137666973996762e-01,2.165744848448233895e-01,3.475576375628365300e-01,6.493143773105582994e-01,4.587497339088951742e-01,4.156485876992731532e-01,2.627010104581527505e-01,8.751619585383285660e-01
4.272537984566789904e-01,5.978639390410738219e-01,2.111932732081746034e-01,4.772022676968783461e-01,7.209200269363122970e-01,7.796013720253081036e-01,1.291753319170174941e-01,6.428181741477186906e-01,4.696884291913649978e-01,9.433683727135115937e-01,8.326301603306626165e-01,8.332504711822149579e-01,6.713471419933385587e-01,0.000000000000000000e+00,2.458425934308402228e-01,2.659299254616933617e-01,6.770357372956555819e-01,8.727219328849002977e-01,4.226903506071602590e-01,6.613409068842256433e-01,7.902295513630837043e-01,7.443833066818905664e-01,8.921448446047759440e-01,5.032375963974683453e-01,4.970848555914948452e-01,6.889912419324294435e-01,4.260396389334508704e-02,7.962841645245140043e-01,9.097312005431988646e-02,8.760087086514226073e-02,5.526922000009453217e-01,5.008319945033787857e-01,8.417014227400652082e-01,5.577711294198476333e-01,5.434910218495698775e-01,1.509271593499362796e-01,3.393386475160394822e-01,2.727760679562695745e-01,3.555917950448872489e-01,1.781605885948704948e-01,4.082166350094110219e-01,5.827930367928335631e-01,7.812267984449002833e-01,7.770619692106045528e-01,7.331725377091011797e-01,7.334165894091956295e-01,2.957602773200150303e-01,4.738097099587556538e-01,9.879918212967279123e-01,5.807392132257456208e-01,8.060143145065425951e-01,8.300989077620822831e-01,5.570219037489441138e-01,7.848853774579389597e-01,7.795308713300991288e-01,-1.526949180762609548e-01,5.132850146617601306e-01,9.532134882514470275e-01,8.431715511586914680e-01,6.214858738756879886e-01,2.868539279765945360e-01,9.377998191129681693e-01,7.085341757389003181e-01,7.611576662999794962e-01,8.027161922402503702e-01,6.677748768114917244e-01,4.695966715000161051e-01,9.724213739884597363e-01,7.779273672611819457e-01,5.551475507106884422e-01,6.901297109541215669e-01,2.601038466521478076e-01,6.832882161043968283e-01,8.419008350944801392e-03,6.911473201079767481e-01,4.793576476402035547e-01,7.928768869579960743e-01,7.168596626002415872e-01,7.204154387244432467e-01,7.190565775359885059e-01,9.985760378390196035e-01,8.894333623611142547e-01,8.581853398227653473e-01,6.786522790349533985e-01,6.247006699027922716e-01
8.653682299689041679e-01,1.141125373898513873e-01,2.889817393226548070e-01,7.281195549398287170e-01,7.443504874623217971e-01,4.588774094071272347e-01,2.527823778201612193e-01,6.447203817717624963e-01,1.575695611343916891e-01,9.643009144779297603e-01,6.150336356655338177e-01,2.575083248784639789e-01,9.709515945383381252e-01,2.458425934308402228e-01,0.000000000000000000e+00,7.711034931113431856e-01,8.497935983780708913e-01,6.758503477601678355e-01,8.997362627175516936e-01,8.713921073932373584e-01,4.271099299619618428e-01,6.119830376485955181e-01,9.364577597744383475e-01,5.855480043158137748e-01,8.933901393278759206e-01,6.882898354069053592e-01,8.978450938259465719e-01,4.639043383245831098e-01,3.396392365156211124e-01,5.722880635942476646e-01,6.913987788139712709e-01,7.042338182841919592e-01,8.227574399175519027e-01,6.789818725947308620e-01,7.485101653289309986e-01,4.058118353572877646e-01,5.937340529845096526e-01,6.796244813004531649e-01,6.692123832478440448e-01,1.384684436712717293e-01,3.635137811259458451e-01,8.696383092376227530e-01,9.091136819268035296e-01,6.746889308232231208e-01,7.172049215594519245e-01,7.950543631098034858e-01,7.850894843118041422e-01,2.869417754815391519e-01,6.636970739352855420e-01,7.336100769870081972e-01,6.706588336944611095e-01,9.278527110090704078e-01,7.630109756369322094e-01,5.418633941303376833e-01,9.585802503744819125e-01,9.482506464447750805e-01,1.095563644384422441e-01,9.713269957136032584e-01,8.360527000032135225e-01,5.866113636951371113e-01,8.172328366594803217e-01,4.112422125887088553e-01,4.525313770818454873e-01,9.992459041305844503e-01,8.996409225435881840e-01,8.867237712657407567e-01,9.536685609164706756e-01,8.511560203077424003e-01,7.534663283814776458e-01,7.375388569132411698e-01,9.527025339600072584e-01,9.317753944875404315e-01,2.431338705622766438e-01,3.407119501408190088e-01,8.184259777804081537e-01,7.283054275776377207e-01,5.694358941215058589e-01,5.901409486207728206e-01,3.995570901752112936e-01,3.217709556490095935e-01,1.821079544733215927e-01,5.701922111930952664e-01,8.413801596193475341e-01,5.231271262756018725e-01,7.622373445120516067e-01
7.929302329845899777e-01,6.276567787524088837e-01,8.746965138402557072e-01,9.734417868522909911e-01,7.355885728885177555e-01,7.596049617092497375e-01,8.137814609281693312e-02,5.396525414302241197e-01,9.258272411377725941e-01,7.117955578044135034e-01,4.402784442830071088e-01,6.159402236292700339e-01,6.887364493055733172e-01,2.659299254616933617e-01,7.711034931113431856e-01,0.000000000000000000e+00,8.792142905147988241e-01,6.566815778556556182e-01,7.089102537204877708e-01,2.008373554457611176e-01,7.686790516500161541e-01,5.691464066550770973e-01,2.469873988507518547e-01,8.449696260306254203e-01,7.302901549410640847e-01,4.252837997308725471e-01,8.909601844484503763e-01,6.257952594338791474e-01,7.829215650097423040e-01,4.494237885184017567e-01,-7.804780045478193484e-02,1.369732733678810099e-01,7.185126572996974881e-01,5.635420923994479692e-01,7.636878466742964555e-01,2.829638515194443094e-01,1.489820167084386637e-01,1.328981500034297214e-01,9.254974107193674193e-01,8.667522910957874416e-01,4.096204703419599191e-01,7.208898583834378870e-01,8.817618861893334881e-01,4.708227631308489758e-01,7.964078797522602393e-01,7.082623302536330545e-01,6.295041258214457702e-01,7.088630846258934248e-01,5.387705315265696182e-01,3.605058406156831374e-01,4.755597325295792821e-01,5.494442636993147611e-01,6.040732823142247465e-01,7.644376669216611520e-01,9.818413496663647155e-01,6.500839400354176956e-01,8.322893287882475732e-01,5.687730561216004510e-01,9.326636209824359369e-01,6.551812888086762099e-01,5.698329699532794779e-01,7.209663145702854825e-01,8.179451091466015678e-01,7.811565036234722204e-01,9.711765657473262481e-01,6.590330267314058466e-01,9.015199066965914332e-01,8.518559746860958626e-01,7.737901720838009645e-01,7.856108721985128884e-01,9.583874500897959781e-01,3.974866542755154386e-01,5.350377189135435696e-01,4.869765388454434518e-01,3.596819638629042970e-01,8.657593159864148680e-01,6.401433242335833329e-01,9.489415156902514248e-01,5.533962903547813283e-01,2.278316983021312914e-01,4.479912801420073976e-01,9.934913153695712484e-01,6.046994814785799921e-01,6.204233210191935077e-01,3.164710142928214287e-01
8.592387488324043643e-01,7.436537861745424749e-01,9.863241126947760451e-01,7.117173893003387875e-01,8.901227541167832102e-01,9.577225031874379013e-01,4.957541343443567783e-01,7.270882770278570550e-01,8.283991280056762774e-01,9.873170081881670335e-01,9.583075258823686715e-01,8.099720961055320023e-01,6.014070272347704638e-01,6.770357372956555819e-01,8.497935983780708913e-01,8.792142905147988241e-01,0.000000000000000000e+00,9.692497610257617691e-01,8.925040713482629284e-01,6.965540434143651094e-01,9.729709883594193087e-01,7.351700528396848400e-01,6.034772335520859343e-01,9.051665432185485027e-01,8.261644852871311562e-01,5.267664968772519662e-01,6.471954656923469829e-01,9.734492333219951776e-01,5.553854402332609741e-01,5.274114376291870743e-01,5.983037334609626612e-01,9.892394382160528687e-01,6.546839915266902121e-01,9.581032691081418085e-01,5.535326335944994458e-01,1.968172060887493913e-01,-3.094145861695404842e-01,8.468217068246268742e-01,6.957168021820523407e-01,8.641599199285775468e-01,5.181463283162016653e-01,4.439680570071076748e-01,9.428750873495126417e-01,7.332727717627094410e-01,4.616874141181455116e-01,8.570851515602836423e-01,8.245364450459200523e-01,8.651368509309499411e-01,9.993960102263437228e-01,7.404458313240043221e-01,8.285760303471777499e-01,7.892669200976568655e-01,7.812366750161128248e-01,8.809232485429681070e-01,8.256960365915937405e-01,4.773963684687830278e-01,4.821754049050607782e-01,6.081710652828167252e-01,8.839804246266034227e-01,9.316326290172393110e-01,4.624897759542745956e-01,8.155700736336223278e-01,4.918267877339344007e-01,8.827474884202498595e-01,5.300139468248278307e-01,6.453614175840530764e-01,7.737819021980265610e-01,8.266454954431824431e-01,5.764458500248335060e-01,5.619318192957576397e-01,8.828345653236684409e-01,9.887697249919695786e-01,6.989059033996315451e-01,6.665501106459629233e-01,7.000979490713415965e-01,7.640368038179421450e-01,9.825938623428952523e-01,8.279482933464360483e-01,6.743265610567049650e-01,2.352188307926046384e-01,6.843782707958283584e-01,9.544520872660342548e-01,8.131319413818119957e-01,4.029544429454396393e-01,7.899721952918676848e-01
6.384607177846393089e-01,3.680143891404205059e-01,9.737187270638694159e-01,6.682289589860410661e-01,5.817247348883574087e-01,9.852544063524443230e-01,4.622844039536229133e-01,8.866468404053667873e-01,9.548241070309172462e-01,9.492790957373782312e-01,9.269071615692748844e-01,8.256979672636128864e-01,6.937838531343155646e-01,8.727219328849002977e-01,6.758503477601678355e-01,6.566815778556556182e-01,9.692497610257617691e-01,0.000000000000000000e+00,8.624073549106332504e-01,7.362025738881238235e-01,9.124816442221757029e-01,9.019664035270983371e-01,7.831537919903628353e-01,9.870576137306649178e-01,5.947000160462923013e-01,8.763955679617596584e-01,4.766220993768273129e-01,8.137918845658974609e-01,2.277622193368334380e-01,7.771118874348726946e-01,5.286070046019483160e-01,3.011560078143333818e-01,8.821830215797150654e-01,9.279589644408429150e-01,-6.838900404470912853e-02,-6.820803520420015698e-02,2.263196012719360106e-01,9.565410033054537742e-01,7.352167055740598256e-01,9.095169693098589248e-01,1.158644942319669857e-01,4.828041878049849078e-01,7.644012073650007233e-01,7.740273594298202608e-01,6.908058932126972529e-01,8.971450910153966340e-01,4.212410965793776385e-01,2.379466413676371850e-01,7.603052462942563317e-01,3.304855489826968307e-01,7.984118692940271877e-01,8.460585892853492718e-01,9.043142273188311542e-01,9.246057677156958032e-01,8.166630083630206371e-01,7.276419745172190146e-01,7.812735090230396029e-01,4.393674426240691266e-01,5.119881973739923708e-01,5.564914245122609682e-01,5.951274714341061589e-01,2.614581083172110021e-01,7.883174544420721297e-01,8.080280422862585743e-01,9.909442183005898741e-01,4.225780079790968924e-01,9.247289740544195613e-01,8.666781499419189405e-01,5.228007976016879610e-01,9.059588433142898856e-01,8.400084654944699469e-01,8.810815691149965767e-01,-4.853256923919935240e-02,2.565964197294550719e-01,7.050298375443138088e-01,7.360093886266703134e-01,7.099879352364142360e-01,6.699016949311806801e-01,6.882885789042342273e-01,3.791968861131250756e-01,7.197455671838036695e-01,1.721436800077362772e-01,8.281754989091566488e-01,3.483014501897483961e-01,8.616745538289002360e-01
