0.000000000000000000e+00,4.176534434024210540e-01,9.666848510773118353e-01,9.820718812842408330e-01,7.160702106112148968e-01,9.231246203648475479e-01,9.948997330543170037e-01,8.480710552583569095e-01,9.897685655108765523e-01,7.644420900891787385e-01,6.390209133605169178e-01,4.223061191557302974e-01,6.627650287575432841e-01,8.504083245067746155e-01,9.541848953065845684e-01,5.690459691171808609e-01,6.425509360667464032e-01,4.988649517645885600e-01,6.110293490382943116e-01,9.582861535828125499e-01,7.544388444939856830e-01,9.773461452415446171e-01,4.957170075865549586e-01,4.904860115372456364e-01,9.337065983623296095e-01,6.483537700742985077e-01,9.001246736039436591e-01,6.398872204542044306e-01,5.664697284649545805e-01,7.029341922715260926e-01,2.410102530468948567e-01,6.400455272565386267e-01,6.194746170508067529e-01,6.507320370501455953e-01,7.205924271304666728e-01,2.057165469088950149e-01,4.827073353834548386e-01,9.907311442295589909e-01,8.165059449291065530e-01,4.097019865234484692e-01,3.590444611582495615e-01,7.898996625394879567e-01,8.472756427767583753e-01,7.576305909142913020e-01,4.878249236333376260e-01,8.880124703148210008e-01,7.327955133328922788e-01,2.895255454113777049e-01,9.921954806049166908e-01,7.755509277467151907e-01,5.919244448659459756e-01,8.747553249797928032e-01,9.696524701448565597e-01,8.016853692007820387e-01,2.310859643129283270e-01,7.284461456334043739e-01,8.297462341816765896e-01,2.685309023412773000e-01,8.716752617239514889e-01,2.897514735415793741e-01,4.989284250598102766e-01,6.392851718894421165e-01,9.408380422788872322e-01,8.950750218984236950e-01,9.841870045818275070e-01,8.080947273695421318e-01,8.203689509029226112e-01,5.817435688995683529e-01,7.173876465492884380e-01,9.017391258139023646e-01,7.067211161137225695e-01,9.769949995438766965e-01,4.087667364287763117e-01,3.678505066468971130e-01,7.530050608877066898e-01,7.324819755659733866e-01,8.942710583301506366e-01,8.224455392296480261e-01,6.929203999188496832e-01,5.225978536397415386e-01,6.461870043961241983e-01,9.437491142516819531e-01,9.220072890740298455e-01,2.974907550121398958e-01,6.323243440457013698e-01
4.176534434024210540e-01,0.000000000000000000e+00,4.169445326503063987e-01,9.137931262602092541e-01,9.309076989296074522e-01,7.549047882887394145e-01,6.889255033891842350e-01,4.413083890156924705e-01,9.482738919966728908e-01,7.014735386522090721e-01,4.100285124183346008e-01,4.860344495269290910e-01,6.597585808520805006e-01,8.828941888587373832e-01,9.195488344033220240e-01,6.050844182220169731e-01,8.042204553451277604e-01,6.068388654648193548e-01,7.803766719119757944e-01,4.164496917566080092e-01,6.149573848299284551e-01,4.383536441350454615e-01,1.418937590255187897e-01,9.031655046162712086e-01,6.456905986860361768e-01,8.586015793774680604e-01,4.547662170832953987e-01,7.397161376103844610e-01,6.827200716844432637e-01,4.049160963626406984e-01,1.551549958267120499e-01,8.627329028083212670e-01,9.175538168958478069e-01,5.971942130177025909e-01,6.205354364504267473e-01,6.392435647354541839e-01,3.132528195791361991e-01,7.179907345555281983e-01,6.669861187961702020e-01,9.643919828860045840e-01,2.461853077335697249e-01,8.126824606876382751e-01,8.766823994896133510e-01,5.620201075481175979e-01,3.515194065256423417e-01,7.668963436449965920e-01,4.495217257088997553e-01,6.387568456366892189e-01,2.079523951967313378e-01,4.886088979097799601e-01,7.472153494986019107e-01,6.379799582637242228e-01,8.652406862486529127e-01,3.708099989077473513e-01,4.293263612203177537e-01,7.318560790849838460e-01,4.947887126972352334e-01,4.064070708979641289e-01,6.007860031415035440e-01,2.626986189492671597e-01,9.633443402665367583e-02,4.071131139783867869e-01,6.602626943506433310e-01,9.439081430509931314e-01,8.276520626283908610e-01,3.908805415105101044e-01,4.475917100107976720e-01,9.032034003399287414e-01,7.621799697110156480e-01,9.130652801146684761e-01,9.428616474430310257e-01,7.784409847577669073e-01,9.369164251733104465e-02,5.000735408193304199e-01,1.328892919531337591e-01,4.868122633363983764e-01,7.855571670742482748e-01,8.085949129185470152e-01,7.459046664142918726e-01,4.583212287047886968e-01,6.563215430431224018e-01,8.871637025755904071e-01,9.279534625329781683e-01,5.459501502194491485e-01,6.173134898512354640e-01
9.666848510773118353e-01,4.169445326503063987e-01,0.000000000000000000e+00,8.222346768528796535e-01,7.570906796306058339e-01,7.995870015864239289e-01,9.905887186346746809e-01,8.831509761538371972e-01,8.828669401946336315e-01,5.878479785275645408e-01,2.580523478587014585e-01,9.988571345890522313e-01,7.331191815813333790e-01,8.511462173494712680e-01,8.995766867078011098e-01,1.789631693920497590e-01,2.966609476144875801e-01,9.853115198578239475e-01,9.309601637543658548e-01,9.442667333228591531e-01,9.571384034208740843e-01,9.501593722949754905e-01,7.768711935043977057e-01,7.393988239850093347e-01,9.865413698135758747e-01,7.652074289053596434e-01,4.736858330500148817e-01,8.720054809483798186e-01,2.397520671763690436e-01,5.799315555604991346e-01,2.130179927249048755e-01,6.236698642847503526e-01,9.868366741337804005e-01,9.341439343439382759e-01,8.969992491251872480e-01,5.306778865575301207e-01,8.174305470086856706e-02,7.498926055689352221e-01,9.836504474408457321e-01,7.892430969443166022e-01,5.057729830208189670e-01,5.422799154663093812e-01,6.974772864976069853e-01,7.064831438613234926e-01,9.283339142826113610e-01,8.725220173041003946e-01,7.419135677083218416e-01,3.962209764520312483e-01,8.447256723315810234e-01,9.345685110984670585e-01,8.370315853261145467e-01,8.917595158805182720e-01,8.912507771545313817e-01,4.104215792847273891e-01,6.986352825587175408e-01,7.193862914869806335e-01,7.668427616043681505e-01,8.793714297327596130e-01,6.888313888629767900e-01,6.004572903743324863e-01,2.715744872484457950e-01,5.550510716943396483e-01,6.560457181450788378e-01,9.319318922479139511e-01,8.338835366171857277e-01,7.530698383405738383e-01,8.510002623588934778e-01,4.416789862914691223e-01,6.537134957645971411e-01,6.286283936624514901e-01,6.435039804569873123e-01,6.980846358625960590e-01,6.466882545060156362e-01,7.247005902821062051e-01,5.056764184335176271e-01,9.275804857875493692e-01,4.006659084662989034e-01,9.942329274249387394e-01,6.392970555254473553e-01,8.134421334209962842e-03,8.347770452311970013e-01,7.599261233589256204e-01,4.279521544539904299e-01,9.849016142823486808e-01,9.931325984678426311e-01
9.820718812842408330e-01,9.137931262602092541e-01,8.222346768528796535e-01,0.000000000000000000e+00,5.994042250280395834e-01,7.314371967211306114e-01,3.898066597581236747e-01,6.542933097496212991e-01,9.260832646743945018e-01,6.649886607967052665e-01,7.438251998442708679e-01,9.186213624660191090e-01,8.717350857117193152e-01,9.885562664160522095e-01,6.075880606102366244e-01,7.584821244045464317e-01,5.926849897520340971e-01,8.725954577910013388e-01,4.811094649975988791e-01,8.306334405951182331e-01,9.591507333866400309e-01,8.195644090538241056e-01,9.436181677297414971e-01,4.385848518357050030e-01,6.412129880254781034e-01,3.298893510235634263e-01,8.115714282577222161e-01,6.392713341401156102e-01,3.698380827143616933e-01,4.882755570361106967e-01,4.464836220883136586e-01,3.900399515081409696e-01,8.035752381291751956e-01,8.448068528908719843e-01,8.742022101289544933e-01,4.714600604798850347e-01,2.599699947428061875e-01,6.159734244014148929e-01,2.954507833059145661e-01,9.850142202871946528e-01,8.517384360886058881e-01,8.492305384980844973e-01,4.639170531267013398e-01,4.279729561114083980e-01,8.413181441212808087e-01,9.527155968896920957e-01,9.784771467749443508e-01,7.780278479702121830e-01,7.545378025613809214e-01,6.176259847323933849e-01,8.215054976658148211e-01,7.941321317855317696e-01,4.624409188985072472e-01,7.132163336967342060e-01,5.709444513669792443e-01,8.814816619201977232e-01,6.424351807813112325e-01,7.350637839581271038e-01,8.015649101788075992e-01,4.401490491731913646e-01,2.960825692995460168e-01,4.003246503872763262e-01,6.386808014109450482e-02,9.166552364367578365e-01,5.593448761530971369e-01,9.916642908583918059e-01,8.797745678707857842e-01,6.241888994569194660e-01,7.736511093428923846e-01,2.738664026378087590e-01,7.458858953745095555e-01,7.496901474936999987e-01,7.869157011692112791e-01,4.444686169896214789e-01,9.074556030507523463e-01,9.044967528770219145e-01,6.700894903722223184e-01,9.018699531789057255e-01,7.934379934636149878e-01,3.881480545248934266e-01,1.663857348895563248e-01,5.868553197040180525e-01,2.050343301811456687e-01,4.271800507337736308e-01,7.121341086308071722e-01
7.160702106112148968e-01,9.309076989296074522e-01,7.570906796306058339e-01,5.994042250280395834e-01,0.000000000000000000e+00,5.312220823282568505e-01,6.660974703077060521e-01,6.843016580947968164e-01,8.985130205526234981e-01,7.866295203491013854e-01,2.557862476534086826e-01,5.818442134798582632e-01,5.343468797693977645e-01,3.333193913709640022e-01,7.053085837770092237e-01,5.383735385808626761e-01,8.436316825690334253e-01,2.231372002930694931e-01,8.264824064850735397e-01,6.619030936311588453e-01,8.329829125276413393e-01,5.047455319168163701e-01,9.531020444381654855e-01,5.045652463496700380e-01,7.898015269110334469e-01,8.217657485611093993e-01,7.034744540409446634e-01,4.361804328064439740e-01,2.580426454919081403e-01,7.367452671149656851e-01,-7.901191611920932445e-03,3.303197778749197289e-01,9.749712376482331244e-01,9.024489698695398188e-01,7.539296864167405188e-01,2.851667511936731847e-01,3.729006972788240226e-01,4.779377825734803520e-01,7.353872737441610186e-01,5.562611412324826032e-01,2.128231748012515134e-01,6.874039486507536045e-01,7.639160152257431502e-01,8.277898369376366361e-01,7.502668127278122601e-01,9.545754811736291146e-01,9.590447289122673302e-01,7.231895271960193661e-01,5.186060302052135640e-01,5.696257943442415428e-01,9.641174200238386005e-01,7.639268266508593141e-01,8.122473573652749801e-01,6.699259911088726316e-01,9.441304266672247980e-01,7.530515563677488977e-01,6.092256465972044621e-01,8.417403210156564342e-01,6.255287780251990171e-01,4.735004136068191039e-01,5.287833193359043893e-01,9.657924562856067263e-01,3.712819670397486393e-01,9.479146618383833545e-01,8.495359894446027349e-01,9.296094330639219638e-01,4.754963971662138356e-01,9.939656178447782153e-01,7.482524097459986034e-01,2.915054859304819779e-01,5.552503387721353656e-01,3.428731592074097945e-01,3.761034642480902690e-01,4.358914552225970906e-01,5.120280419399457772e-01,8.648562632000403871e-01,8.333695034438286520e-01,8.393338449941268875e-01,3.971081599552018782e-01,5.902619547369505337e-01,6.954755120592388540e-01,9.328449312028250784e-01,3.944797594891754078e-01,2.062883577547662273e-01,9.686467079644069944e-01
9.231246203648475479e-01,7.549047882887394145e-01,7.995870015864239289e-01,7.314371967211306114e-01,5.312220823282568505e-01,0.000000000000000000e+00,7.184276870186204755e-01,7.646904806837576674e-01,7.587502565647602504e-01,5.760955016862446820e-01,7.796327620795878710e-01,7.644700453101520576e-01,7.320047391076074383e-01,4.312716044928341930e-01,7.391284886130141674e-01,6.503028128772619931e-01,5.408332610652240025e-01,7.194512124714139700e-01,8.674146257052582909e-01,9.934458040890015162e-01,8.204991037930492448e-01,6.019553948212352790e-01,5.941769688596486576e-01,6.193125742261541555e-01,4.839870296638241753e-01,2.686373830878906466e-01,6.476646647223626152e-01,6.314519195919245931e-01,4.970614257694520588e-01,3.590227507960430751e-03,2.861874565330871367e-01,1.260755804799581214e-01,7.886831461422466605e-01,9.318895900066286320e-01,5.479089194641303395e-01,3.399427402190465797e-01,1.140300123434260099e-01,9.793466655518623387e-01,7.469288364571093908e-01,6.790108914263968121e-01,3.130897429165591661e-01,4.623252358168272735e-01,7.574989504880020874e-01,2.865480538096284446e-01,6.843174287042582682e-01,6.903615881407763055e-01,6.540364039194135337e-01,5.208925559762160873e-01,7.096808933251442797e-01,8.423517784046987700e-01,6.376578360059702577e-01,8.312009902673803685e-01,9.899045540983053559e-01,5.418613035821633339e-01,9.650474439510343672e-01,4.350410215961294513e-01,6.599677104374671588e-01,6.548241825488754220e-01,9.007480162355292475e-01,5.413484914434119055e-01,2.784823045462349045e-01,7.636643170574544115e-01,7.735585006418128629e-01,7.070331547018139373e-01,9.919708222053218449e-01,4.074237605425728992e-01,7.688209149583818958e-01,9.692694994181262347e-01,4.515626310180212433e-01,8.109306422757500687e-01,6.623003715343905862e-01,7.828911770118816005e-01,3.846383846563039555e-01,6.956860925773333815e-01,3.978029496827141243e-01,6.342948996758057678e-01,6.334865624531872408e-01,6.495444615256926735e-01,3.347544568746009253e-01,2.018436222089998455e-01,1.561708007627562490e-02,9.554615671274284683e-01,9.949927428622109549e-01,7.115843252467151103e-01,7.911158046920121478e-01
9.948997330543170037e-01,6.889255033891842350e-01,9.905887186346746809e-01,3.898066597581236747e-01,6.660974703077060521e-01,7.184276870186204755e-01,0.000000000000000000e+00,7.129760679582082261e-01,9.287627926352345353e-01,6.440591390869040422e-01,7.276987739254856535e-01,3.577960643099820093e-01,1.377582100390624675e-01,9.441425592319503401e-01,7.341791330100873036e-01,6.275392840518505544e-01,3.375833040164089027e-01,4.184478616645622151e-01,5.605332883497921026e-01,6.342016870890541114e-01,9.029898853646428636e-01,7.821305932805417971e-01,7.004991354229151979e-01,3.445320381516994157e-01,6.695460637495975753e-01,1.446639270602916374e-02,6.098991473520428697e-01,5.373086740057342325e-01,5.613298779681155093e-01,2.576565892482391429e-01,7.292022148104432278e-01,7.574035794830829005e-01,5.162548028062888816e-01,6.414713354137795420e-01,7.329892430446484086e-01,1.464907595807513618e-01,5.948660599404493876e-01,6.441578034441598488e-01,9.285061941350108983e-01,5.959357656020258798e-01,-1.132553575633576254e-01,6.795086758616372125e-01,9.440021733167628382e-01,4.437038154443046500e-01,6.733188396902225481e-01,6.893005927578546022e-01,2.812139600665461980e-01,2.493733128094839102e-01,7.041753208012323517e-01,1.765544197898204770e-01,4.168576634084234511e-01,6.888052543048710508e-01,6.895782957873988206e-01,6.711942515925886088e-01,9.559110944366409068e-01,5.201241953735131762e-01,7.466865486157500120e-01,4.370201767597027276e-01,9.065758395874697895e-01,4.709920797295226169e-01,4.650686197741227268e-01,7.036106361002377740e-01,5.643090711963834050e-01,7.125310279786674084e-01,5.400292692846573317e-01,5.972945778861172839e-01,7.475019001141226527e-01,7.342614907626073828e-01,7.452388796250154490e-01,6.603800246416727804e-01,3.020617813008084629e-01,4.085587147202901503e-01,4.683686052386009102e-01,6.615311999218451700e-01,7.696161160541538093e-01,5.210135246573013301e-01,-1.484902253326650379e-02,1.887062252542255902e-01,2.811135477234371072e-01,7.604246201068525224e-01,6.233144252387212703e-01,9.735331813077382490e-01,4.387634486022822244e-01,7.604108498321779930e-01,-1.086570713550141787e-02
8.480710552583569095e-01,4.413083890156924705e-01,8.831509761538371972e-01,6.542933097496212991e-01,6.843016580947968164e-01,7.646904806837576674e-01,7.129760679582082261e-01,0.000000000000000000e+00,7.486026645808296909e-01,7.291212431394912263e-01,2.664128349637168158e-01,3.353831949437372506e-01,8.195666932153985451e-01,7.192002276708626685e-01,8.986752492348768495e-01,7.205618122272841042e-01,8.016798159671829627e-01,5.953448772473501904e-01,8.140985737271488887e-01,7.057359691840565663e-01,5.121817751791063467e-01,6.825834586196732889e-01,6.803079483534062444e-01,7.656015714431950725e-01,5.667203715692896715e-01,7.546477474916267747e-01,1.031278826409570692e-01,7.113426492083619879e-01,6.822666914915711533e-01,5.814938340879961531e-01,5.290205549545401453e-01,5.917511926026188807e-01,5.312998191124134184e-01,5.987990024254424837e-01,4.058037373030085604e-01,1.298680292850450113e-01,5.193122600320111415e-01,2.579175689842863051e-01,7.942718766266942954e-01,5.135205253921656388e-01,6.113826513214449809e-01,4.310131438982671703e-01,9.868365504104457120e-01,3.643449244782394070e-01,7.787499192827748162e-01,9.755654043509386364e-01,7.598894207173889637e-01,7.497230847988933800e-01,5.015344897590828799e-01,7.930829555299416800e-01,9.309908342085839728e-01,6.368393493522896964e-01,4.347151204611026110e-01,6.808485349136846887e-01,9.279529622311724069e-01,6.368818396233089096e-01,6.886969797917672498e-01,3.814037612098508112e-01,8.442421724101583091e-01,2.682645588297863024e-02,5.622301062198235000e-01,7.457792450833877762e-01,8.656150780181024462e-01,4.686460512985938243e-01,7.159853705964741577e-01,7.054948602115418410e-01,4.420320211547271172e-01,8.649206465462271343e-01,7.581955861798662655e-01,9.650064038010748302e-01,7.970104043441126329e-01,7.969673072736664921e-01,3.947545473539709748e-01,2.664794695382690856e-02,5.078691811715608795e-01,8.192969783122506788e-01,9.275845744391194581e-01,5.556640125862080115e-01,3.022632211218187481e-01,2.977376495951391533e-01,3.887618126802087071e-01,7.503319772345254934e-01,8.676292412101731522e-01,4.725033595375306428e-01,9.417899414606689668e-01
9.897685655108765523e-01,9.482738919966728908e-01,8.828669401946336315e-01,9.260832646743945018e-01,8.985130205526234981e-01,7.587502565647602504e-01,9.287627926352345353e-01,7.486026645808296909e-01,0.000000000000000000e+00,8.115975870135920811e-01,7.990486113693042736e-01,7.724093966714207227e-01,9.543975390070049691e-01,7.239737707274949141e-01,7.938520853517287978e-01,4.608817710849663629e-01,9.203519961846420294e-01,9.105782890532707619e-01,7.887731225851083439e-01,6.929177655487366305e-01,5.139510472781645412e-01,7.649741995299756958e-01,4.742237804129171841e-01,9.521234567116240166e-01,7.752214565260276968e-01,4.384059440324709622e-01,7.776004301320040835e-01,9.748727468362969883e-01,1.876698792501484414e-01,7.710383482974557667e-01,2.881946622687834442e-02,5.968094889490982435e-01,7.986816023612726134e-01,7.620253399200005440e-01,7.283954159841601328e-01,7.085277858936378514e-01,6.846029562400239854e-01,5.423277453487019839e-01,9.208717097256037265e-01,9.400689164269162568e-01,8.622249773401792217e-01,6.076880653926628462e-01,9.494841964788427457e-01,4.678641302362579468e-01,9.120945929030146448e-01,8.930057811543481439e-01,2.991000863946350896e-01,4.018509635830108673e-01,6.685411076786400564e-01,5.898145608442375565e-01,1.611082636549474312e-01,7.005001136881630064e-01,9.606973420983861978e-01,7.955313296196884210e-01,7.771574195416594000e-01,1.224587030692747677e-03,8.121247625691345728e-01,9.487645827529735953e-01,6.552648455680241124e-01,5.326095051371281253e-01,2.031990361142123613e-01,8.251219862992165144e-01,7.591693370996668300e-01,6.965717143743411777e-01,8.789068370581638590e-01,7.573798961889243175e-01,6.375336819792817300e-01,8.339999434094067521e-01,4.378513722918406237e-01,5.017170679898164121e-01,9.645395279066386607e-01,6.416660164858424276e-01,2.182660539426631297e-01,6.744532551941402332e-01,3.999262111949424825e-01,7.728797516279538593e-01,7.119287292678824208e-01,6.847225304412811742e-01,6.008785586244486110e-01,6.167654535632014628e-02,1.488453948880389399e-01,9.696870347489662256e-01,8.942053771206969204e-01,7.566947502615546384e-01,4.316766528427483096e-01
7.644420900891787385e-01,7.014735386522090721e-01,5.878479785275645408e-01,6.649886607967052665e-01,7.866295203491013854e-01,5.760955016862446820e-01,6.440591390869040422e-01,7.291212431394912263e-01,8.115975870135920811e-01,0.000000000000000000e+00,9.838276748449064080e-01,5.324233729194266518e-01,6.196577030199984515e-01,6.800313614077436730e-01,6.433572580994242340e-01,9.850151558628122972e-01,2.216509754504983332e-01,7.880416245612023030e-01,3.724532165181793086e-01,8.333679338129664771e-01,9.234153923426877686e-01,5.532047840036047326e-01,9.089562137486495441e-01,8.951012100319157838e-01,6.437460924368246795e-01,9.259985398514857247e-01,8.707280866152763421e-01,7.366877890958829500e-01,7.244584745433366724e-01,5.026955372406195499e-01,-1.809289898757487913e-01,9.613799986717168622e-01,6.113217973355185020e-01,4.905853763308245519e-01,6.289571291410043230e-01,4.703761637430638465e-01,3.340100900678942830e-01,9.551292924260138539e-01,7.924559652332735515e-01,9.371554952402784133e-01,7.099207362890859185e-01,6.820842660980822592e-01,9.858693951868926497e-01,7.986565044493960652e-01,9.215159656545419686e-01,3.125859842059574012e-01,4.281088937528451099e-01,6.391938028550642192e-01,5.187688239258363421e-01,4.879933738081158046e-01,7.404267185635206028e-01,4.893976037714212191e-01,6.196389326020567134e-01,8.910458827691113415e-01,4.490483485169108335e-01,7.606842784110051658e-01,6.123343131893990154e-01,9.059885715908767567e-01,3.038458522478498791e-01,6.562600416836903428e-01,5.063206881853448138e-01,5.169616567088722858e-01,7.033995549396884206e-01,6.508255724093046091e-01,5.091714381647081122e-01,2.441009556985179740e-01,7.744525356975882069e-01,8.312282498411635023e-01,-2.593020390319933366e-01,5.316478604813985598e-01,4.393877722292769961e-01,7.681615067851360612e-01,4.338857868764713910e-01,6.955556803390405829e-01,3.287946707478007768e-01,6.058467394210059753e-01,7.366487830250870728e-01,6.060508637104001783e-01,6.059204249082879024e-01,4.849280137834115906e-02,6.758355424974232806e-01,9.230779581118681021e-01,8.119824293818208583e-01,3.999464894510971202e-01,7.097134919448563339e-01
6.390209133605169178e-01,4.100285124183346008e-01,2.580523478587014585e-01,7.438251998442708679e-01,2.557862476534086826e-01,7.796327620795878710e-01,7.276987739254856535e-01,2.664128349637168158e-01,7.990486113693042736e-01,9.838276748449064080e-01,0.000000000000000000e+00,6.667754182528601303e-01,6.313021422816607053e-01,8.807045819035506096e-01,7.351222137935795597e-01,7.415339486965456528e-01,8.662765593796587504e-01,6.680964677840901533e-01,5.852431630148957620e-01,9.995155241105200261e-01,8.421598213810085332e-01,3.456870489318133455e-01,4.615548539857324828e-01,8.727615585885855065e-01,7.427360886642306870e-01,7.056984132164224599e-01,9.747637461561367012e-01,6.475165161299670791e-01,9.947713062437630871e-01,3.813053698286895665e-01,4.487204585527839185e-01,6.855325538076064706e-01,6.849242663511820872e-01,6.276496978288872430e-01,7.890494985732872113e-01,3.129105790843816903e-01,4.043539166965011145e-01,7.349289379093150165e-01,8.542670561857628186e-01,6.927037033092175999e-01,3.442468366982258665e-01,2.085703670869219761e-01,9.170011609191243140e-01,1.392340835250592546e-01,9.376125124292422619e-01,2.101277815012543015e-01,8.598304540279931851e-01,7.349553065644408578e-01,6.955019333528361658e-01,2.350749236434420131e-01,4.394943394485080201e-01,9.801026133525141404e-01,7.270599848848967595e-01,9.375224458184474585e-01,3.546753248594662900e-01,2.878975018414128284e-01,7.294454865028380253e-01,9.300984609494077349e-01,8.821182203504006614e-01,5.476065397565961224e-01,3.286470155882182387e-01,9.224566018986725124e-01,1.425205214095996709e-01,3.279171620192288250e-01,7.598872709798377700e-01,7.494644993355444873e-01,6.820590179115549878e-01,6.029666211626666383e-01,6.823368882172665684e-01,8.467563572027514418e-01,4.199238644851104874e-01,7.244358363381528942e-01,2.010773417716905098e-01,6.759780976661491358e-01,5.894439233090112973e-01,4.679209213413214608e-01,6.522893788610566457e-01,7.866059015540246557e-01,7.383458383096436206e-01,3.805134001780043906e-01,6.698144642822799755e-01,7.160619019805650742e-01,3.188332846603744164e-01,6.341527793212530240e-01,4.385947595084620509e-01
4.223061191557302974e-01,4.860344495269290910e-01,9.988571345890522313e-01,9.186213624660191090e-01,5.818442134798582632e-01,7.644700453101520576e-01,3.577960643099820093e-01,3.353831949437372506e-01,7.724093966714207227e-01,5.324233729194266518e-01,6.667754182528601303e-01,0.000000000000000000e+00,8.404954545580193281e-01,7.742078053762095902e-01,7.693871705733924538e-01,8.956147197979869023e-01,4.108328317867741553e-01,6.343411660975516453e-01,5.516278252050726971e-01,7.656494149984338637e-01,6.776657665618651682e-01,7.857676267110126345e-01,7.787629527177758471e-01,6.052822828851046610e-01,7.675628942634825647e-01,6.078746405647730278e-01,6.849901980534724988e-01,2.975936930963863913e-01,5.121868676005045806e-01,3.555669560285513731e-01,6.334957110145905679e-01,2.738422626491693879e-01,7.106297586833140167e-01,5.640120035294436951e-01,6.206314698482630066e-01,1.162134611143377794e-01,5.601943370556835555e-01,7.274591024265915085e-01,4.722541621219966124e-01,7.353811651986941200e-01,8.109508686754473006e-01,4.546656169981328488e-01,1.028443023388810329e-01,8.317854943185067906e-01,7.479170175312580549e-01,7.038434211900352899e-01,6.658326831255291234e-01,8.703491328436281371e-01,3.644628205068354276e-01,9.791780771640092862e-01,8.373007693249633066e-02,4.848370013301169790e-01,8.596446296097176587e-01,8.348377204144771246e-01,2.006592731306862387e-02,2.109147914308576455e-01,4.298667774760809857e-01,6.341771526097971234e-01,8.100065014522797036e-01,4.654511360353617566e-01,1.674546305960341042e-01,7.642467176273640694e-01,4.474763221697270477e-01,8.192900049936182594e-01,7.527009323652995576e-01,9.155210145506428310e-01,8.039607050492773022e-01,9.122137766638203082e-01,7.359221714679433646e-01,7.566292699803068844e-01,8.746948543290209432e-01,6.009936624816822892e-01,6.201032101205409264e-01,2.642752923037566815e-01,6.873565007734721011e-01,2.787749275097032298e-01,8.577689615002335177e-01,1.652751000812309190e-01,2.602560420294191545e-01,6.763655634201626299e-01,5.172621966192884058e-01,2.492333901534823648e-01,6.507170047112119660e-01,6.933343375111153950e-01,7.775862848161564367e-01
6.627650287575432841e-01,6.597585808520805006e-01,7.331191815813333790e-01,8.717350857117193152e-01,5.343468797693977645e-01,7.320047391076074383e-01,1.377582100390624675e-01,8.195666932153985451e-01,9.543975390070049691e-01,6.196577030199984515e-01,6.313021422816607053e-01,8.404954545580193281e-01,0.000000000000000000e+00,6.307229046929030414e-01,6.083367446300106396e-01,7.386208426477657296e-01,4.363539379498295734e-01,9.293555970484133066e-01,8.179155839671188311e-01,8.035387146234164168e-01,9.368913430337496573e-01,8.734300280515365777e-01,9.775459908299966028e-01,2.968902296031213917e-01,4.310669062616886427e-01,9.609401365580804155e-01,7.506964185659122935e-01,9.918448369399972542e-01,5.251696406984683874e-01,5.508747983410551274e-01,5.958476640909056155e-01,4.927047740511146801e-01,9.080068156280937108e-01,8.354052893332198915e-01,5.784499326492902327e-01,2.648615019790235836e-01,2.588991815941568686e-01,6.682074769488648425e-01,7.209034885906753232e-01,7.955639104395940686e-01,2.465860789283708387e-01,8.191538934570389285e-01,9.189101899770428794e-01,8.788145606243703556e-01,8.358696174074655705e-01,7.682282189915622395e-01,9.055442373111560750e-01,4.792608886516360744e-01,7.313259198975813336e-01,8.509445862735995902e-01,5.746003175182223810e-01,8.045586018882705526e-01,6.833653356564516335e-01,9.405490755869105879e-01,8.856506223293176827e-01,8.056123062439074500e-02,8.954010506977482242e-01,9.563183284256364658e-01,7.592887132182721821e-01,4.704278831029128360e-01,1.932096860721932707e-01,5.252843280372565538e-01,4.676543970146360696e-01,5.875695785050107922e-01,9.110067443102591866e-01,9.701464742096543858e-01,8.869898207787086930e-01,8.240806266623647014e-01,4.697363719275230998e-01,9.591590718653437708e-01,5.356400571453185933e-01,4.239451910286191616e-01,3.656102971302981341e-01,7.085668024963601708e-01,6.076455690615630845e-01,7.323734481156903842e-01,8.820060003233622936e-01,6.947117045969772864e-01,6.537283675368541491e-01,2.206920469675575369e-01,6.570170706097506752e-01,6.529339044481232701e-01,8.440538937781207895e-01,6.980886016624527901e-01,6.614056766087978989e-01
8.504083245067746155e-01,8.828941888587373832e-01,8.511462173494712680e-01,9.885562664160522095e-01,3.333193913709640022e-01,4.312716044928341930e-01,9.441425592319503401e-01,7.192002276708626685e-01,7.239737707274949141e-01,6.800313614077436730e-01,8.807045819035506096e-01,7.742078053762095902e-01,6.307229046929030414e-01,0.000000000000000000e+00,4.179737787172767560e-01,7.303014594725784070e-01,7.402469363191388485e-01,6.045490952553914665e-01,6.442262471192353734e-01,9.650815976458900769e-01,5.988123082948723086e-01,6.100093019514348791e-01,6.561518279565413669e-01,9.371196755804978018e-01,2.188929981685557025e-02,7.073036605914262420e-01,9.379242725453156293e-01,6.783166982290864677e-01,6.651946372812291841e-01,4.595670359968466734e-01,5.048048613642810434e-01,4.883244292851451895e-01,6.499830784219499114e-01,6.259820131951298050e-01,7.121389691891181206e-01,9.045326620768414649e-01,4.213171974413968957e-01,6.669137078311329070e-01,5.663744461195562296e-01,6.707466970444917465e-01,6.010001491792806849e-01,2.670669143105219856e-01,9.651590942797489969e-01,7.575339292858609408e-01,2.813735538297685856e-01,2.139333911543412903e-01,4.524038269156979708e-01,8.679419701811902366e-01,9.827094389502853966e-01,9.876622532139506250e-01,1.015298854548900148e-01,9.503112023363615712e-01,6.213678692946489335e-01,2.864123906882438120e-01,9.656382885276875161e-01,9.645332523115107692e-01,7.789873192047040984e-01,2.995803009205971756e-01,6.298766532613240265e-01,7.327123537125370678e-01,6.555515771679658599e-01,9.614922686296050180e-01,7.654766928441960605e-01,6.497801824996517484e-01,5.422385851589255346e-01,6.081007836082078510e-01,8.404353644910894650e-01,6.248436180042029608e-01,5.832964310430531762e-01,4.328817755046842075e-01,2.209421152957145029e-01,8.061539456622118793e-01,5.229133343063703254e-01,7.449810376778729371e-01,1.609290999785578935e-01,6.121714173441733520e-01,7.116527860274024508e-01,7.759374357386772392e-01,-6.058616606193067966e-02,3.387403847799942413e-01,8.175674184072343476e-01,6.255721527673873128e-01,6.802997578739324869e-01,7.699902482856599839e-01,6.170681711691973215e-01
9.541848953065845684e-01,9.195488344033220240e-01,8.995766867078011098e-01,6.075880606102366244e-01,7.053085837770092237e-01,7.391284886130141674e-01,7.341791330100873036e-01,8.986752492348768495e-01,7.938520853517287978e-01,6.433572580994242340e-01,7.351222137935795597e-01,7.693871705733924538e-01,6.083367446300106396e-01,4.179737787172767560e-01,0.000000000000000000e+00,6.605397649970764506e-01,8.872716232364483702e-01,6.563560396651442197e-01,7.166803160386799876e-01,9.919218415217803120e-01,7.705617138464863070e-01,4.198050646055083712e-01,6.907121065934425097e-01,9.087039735415237685e-01,6.477070312457464674e-01,6.536838715356193541e-01,2.605010444588861107e-01,6.540586363795457547e-01,9.661379497765956725e-02,4.600101150593725596e-01,2.571969431377114090e-01,4.472007742868722713e-01,7.268683554764413524e-01,2.145303018659025507e-01,9.093501630543094905e-01,4.089066153551803584e-01,5.795414887504262147e-01,8.802976347491630049e-01,8.802613466520854413e-01,4.258493547496354781e-01,2.224572747716688503e-01,7.444080276236932914e-01,6.529343020443593160e-01,7.177521707797231976e-01,8.611921186518247673e-01,7.667307562688110423e-01,8.849469201071166191e-01,4.478180689675925197e-01,4.963644221081223162e-01,6.674818466885028556e-01,4.669572233758321755e-01,4.551983573091716306e-01,2.265405759869869307e-01,5.430981259894431812e-01,8.788842388608097966e-01,9.055178729830813955e-01,6.419847602492521066e-01,9.436652092304661510e-01,9.452290200768727058e-01,8.015725905110162586e-01,2.772539678314114298e-01,6.231335943931253230e-01,8.441226609232401756e-01,3.370441649651647609e-01,9.654878981191529208e-01,8.824143789895443346e-01,4.678668608237463999e-01,6.910697387160253946e-01,1.691155349734731472e-01,5.612661252138019252e-01,9.722124062343631135e-01,9.441310966627726176e-01,3.346810284723364948e-01,5.722595551262429359e-01,4.471586119468894949e-01,7.831021723712481286e-01,8.523541913457721719e-01,6.931284863761615345e-01,4.854294067094157561e-01,5.858629477333653357e-01,9.500944647216611472e-01,9.147302262679847251e-01,7.138563387244730718e-01,7.272791544665744290e-01,4.272085131210762166e-01
5.690459691171808609e-01,6.050844182220169731e-01,1.789631693920497590e-01,7.584821244045464317e-01,5.383735385808626761e-01,6.503028128772619931e-01,6.275392840518505544e-01,7.205618122272841042e-01,4.608817710849663629e-01,9.850151558628122972e-01,7.415339486965456528e-01,8.956147197979869023e-01,7.386208426477657296e-01,7.303014594725784070e-01,6.605397649970764506e-01,0.000000000000000000e+00,3.589904895617111458e-01,7.820299504247135713e-01,4.573142323123387532e-01,5.071986644525439125e-01,8.328084683023870838e-01,5.909176432709801752e-01,6.444086063169122136e-01,6.835322624218810317e-01,3.758770170051461967e-01,6.326124965867164773e-01,6.085073026736280699e-01,4.289965803482227447e-01,9.027258408134509748e-01,4.048010578516982871e-01,3.304055505082715283e-01,7.586120276026458997e-02,5.472882950786889245e-01,6.063833069076499660e-01,6.684048209207015256e-01,2.887732467106527423e-01,7.403334839467398121e-01,4.666103119818890699e-01,9.931468243989612921e-01,-1.273539659145815628e-01,7.495442889674482911e-01,8.255120197171972318e-01,9.282258874705725527e-01,9.052900165534089050e-01,8.123998845721800421e-01,5.221149326071374830e-01,9.802576441499289972e-01,4.467386317076718072e-01,7.264406533874305794e-01,7.421017762757489145e-01,7.157125868988580830e-01,1.878994732805483459e-01,8.211385218702921263e-01,9.364325942783022771e-01,5.119563708839246496e-01,5.029404737529593605e-01,7.444048812678880633e-01,7.267900402602763821e-01,4.410380014796050907e-01,7.054334171269051046e-01,5.401887451527681572e-01,5.897942356025923649e-01,5.242396504614862396e-01,3.742782800961937939e-01,8.144100150371181845e-01,7.906901764717080283e-01,4.720141280590036681e-01,6.371418652452822684e-01,7.865602423233395424e-01,7.421354962641256714e-01,9.441200444278762260e-01,8.974711091871933055e-01,3.056059551276983921e-01,7.374588215683650638e-01,8.509243915007629333e-01,6.243300103870255136e-01,7.778969872619156956e-01,7.491558997665208608e-01,6.434029880543150615e-01,3.999435675303720794e-01,4.295998405231264416e-01,6.474310503787561455e-01,6.956169806435139602e-01,7.029136456824219836e-01,9.883314779290932606e-01
6.425509360667464032e-01,8.042204553451277604e-01,2.966609476144875801e-01,5.926849897520340971e-01,8.436316825690334253e-01,5.408332610652240025e-01,3.375833040164089027e-01,8.016798159671829627e-01,9.203519961846420294e-01,2.216509754504983332e-01,8.662765593796587504e-01,4.108328317867741553e-01,4.363539379498295734e-01,7.402469363191388485e-01,8.872716232364483702e-01,3.589904895617111458e-01,0.000000000000000000e+00,7.419915026569821048e-01,9.625324699386164085e-01,6.354328576458863065e-01,5.981914231264194859e-01,5.917258316016777986e-01,9.393173132976948558e-01,6.997964586870538684e-01,4.117945472985653499e-01,7.279676898803502105e-01,9.737700199008914037e-01,6.996469809792583705e-01,7.589706792974222349e-01,7.839585077908866051e-01,3.547983631571746677e-01,7.700181986517878885e-01,9.993353124833710410e-01,7.754623214611795490e-01,1.990020507955202744e-01,8.692671656999056973e-01,2.402597666608987936e-01,5.768648534887328427e-01,8.373882490193647055e-01,5.454367960606230081e-01,7.120979978354928797e-01,7.021263241110998754e-01,6.403652042970029434e-01,6.598085785760912092e-01,2.348984886942890038e-01,6.003521455556301012e-01,8.548850698164127682e-01,6.579673747307064335e-01,9.427583103186185642e-01,9.101021978093667419e-01,8.908991021315941783e-01,8.639997427917877060e-01,4.711540994145307221e-02,6.574686907251228174e-01,5.233145515226595990e-01,7.846770952500539131e-01,9.715570126995732858e-01,8.870959620201168683e-01,7.034595287459524116e-01,3.310306611407064503e-01,6.834602158748322998e-01,9.050187195856018718e-01,6.875929041451506185e-01,6.490030170132939924e-01,7.883134880623162699e-01,6.159549838476119366e-01,8.059961676953106835e-01,6.219096709866333006e-01,7.899809045587244949e-01,2.984341951434600348e-01,7.234258032839153696e-01,5.834470315520627892e-01,2.313743184009262599e-01,1.771117054587212358e-01,7.616517373702400562e-01,6.838529782981548344e-01,5.524032003172268945e-01,9.819170300603528023e-01,3.262355619657520966e-01,4.851475814519297103e-01,4.259153979850578420e-01,6.057143754754242826e-01,6.095668768695972073e-01,4.524494989773896747e-01,8.862622272600118034e-01
4.988649517645885600e-01,6.068388654648193548e-01,9.853115198578239475e-01,8.725954577910013388e-01,2.231372002930694931e-01,7.194512124714139700e-01,4.184478616645622151e-01,5.953448772473501904e-01,9.105782890532707619e-01,7.880416245612023030e-01,6.680964677840901533e-01,6.343411660975516453e-01,9.293555970484133066e-01,6.045490952553914665e-01,6.563560396651442197e-01,7.820299504247135713e-01,7.419915026569821048e-01,0.000000000000000000e+00,4.782508980954413569e-01,7.405577894272383777e-01,8.667141132916207358e-01,5.095010041776347753e-01,6.045169040766964486e-01,7.793255299399068914e-01,8.776529719670600471e-01,7.728036720722807340e-01,7.780677340375357076e-01,7.411865473573694407e-01,3.014155878272930522e-01,5.634186335616516716e-01,7.544674599014944416e-01,6.187654396919674005e-01,2.876341248712587784e-01,7.964536008452272053e-01,4.771645300244892196e-01,5.494807711237783554e-01,2.336738408886556428e-01,7.139206895909376849e-01,9.187449859518825868e-01,9.229717496111297104e-01,4.570968997328826444e-01,9.680909518778597622e-01,4.656723611653874606e-01,9.317962502468533081e-01,5.020228501079107009e-01,6.796060931638897573e-01,3.522521183821206159e-01,3.512607953098473290e-01,4.525549054962503814e-01,7.115920782701892211e-01,4.002356592892770681e-01,5.334911090213118046e-01,2.055494749767545759e-01,9.840810928642577116e-01,5.496383445515745647e-01,7.264305165308229117e-01,8.851549622461898359e-01,6.752162999975090951e-01,4.419954553738338343e-01,2.302895583078421737e-01,6.498627521872033519e-01,6.909666968227977657e-01,7.903578170584472096e-01,8.461646192086071938e-01,4.048433265319609231e-01,9.549632620709022079e-01,8.675452320143227647e-01,5.727210151222623669e-01,2.245240169063141833e-01,6.465162658132450613e-01,7.434094212316408878e-01,2.279232026744843764e-01,2.015671962531178640e-01,6.341190365006836860e-01,4.477891483428129704e-01,7.287025044869015478e-01,8.318768599948516140e-01,7.147963506888213026e-01,1.204791941702785113e-01,5.373609219441295437e-01,7.708766828694988416e-01,8.031831024934112939e-01,7.373906900918442142e-01,2.240673646553808518e-01,7.823961147423794671e-01
