0.000000000000000000e+00,9.040908414149344541e-01,7.569218563931388033e-01,9.022727357121227421e-01,8.399754596075937885e-01,8.093807384560794960e-01,8.501324753195300676e-01,9.626506999442603352e-01,3.159731842128576940e-01,8.983352788706889802e-01,9.734570400093951470e-01,8.044417267432484309e-01,8.921596792777507501e-01,9.129526149922656542e-01,6.685513261597118007e-01,6.641810805379911864e-01,9.811184266069585824e-01,9.611580615217020229e-01,5.096708446287491201e-01,7.580477749261466114e-01,8.826106286348466279e-01,8.958337699464931081e-01,5.549008671150421623e-01,9.443928856372196812e-01,7.493613792242244109e-01,8.707057658241255105e-01,8.775754153738869467e-01,4.949248844023417249e-01,6.612490450847011703e-01,5.737635574998170007e-01,3.358694537432939109e-01,7.315545923546838969e-01,9.572122454083851206e-01,9.070247827631587878e-01,6.975736636199498797e-01,5.988412838129909543e-01,-4.215302714219654190e-02,7.481310634623360434e-01,8.109861037397756434e-01,5.684296117387488412e-02,5.008552354879250990e-01,6.949183396290804504e-01,8.080269218708432399e-01,7.578660732252360255e-01,8.260940403375240937e-01,9.331983999577719846e-01,1.596667425358203607e-01,4.800707275342408487e-01,7.364515043677659634e-01,4.301901403286116365e-01,8.692264050098147399e-01,6.271701184748257329e-01,6.741853440012581800e-01,8.249395504537996304e-01,7.899506890953713611e-01,6.876620208295040060e-01,8.138626053181858833e-01,8.324211657246181062e-01,8.600406336244045269e-01,4.621088873891864290e-01,5.232212619141953791e-01,9.559214003298200923e-01,9.322231541586490922e-01,7.298177148305029505e-01,8.673037685309205047e-01,9.645197472057392973e-01,5.459702752541013560e-01,8.938963946360977131e-01,6.385881816092739971e-01,9.199674057877651467e-01,6.555154615066818291e-01,7.326479290288716584e-01,5.336029365582675155e-01,2.150989469231167350e-01,7.004915319118726336e-01,9.026988694097083377e-01,8.496738355916028107e-01,4.742918534968072752e-02,7.516111849572990611e-01,7.107045837646404074e-01,7.352855691890004541e-01,9.420541518793265068e-01,1.188331256303312156e-01,7.746743903331365644e-01,8.664886786640541017e-01
9.040908414149344541e-01,0.000000000000000000e+00,6.983766472993586660e-01,7.683439279720922777e-01,9.238509535130996486e-01,7.681007484614601477e-01,6.369420147419996292e-01,6.348547719055390726e-01,1.200531580438246038e-01,7.094647675517457008e-01,9.261153884377888446e-01,9.879665304435534257e-01,5.004670075810093710e-01,4.246923061118067499e-01,7.632723420735165742e-01,6.284348672576162143e-01,3.068535783680786388e-01,6.136723513879666081e-01,7.253012570096838418e-01,6.271710302944103477e-01,9.726165298807869508e-01,5.605478444078559885e-01,8.704868919967421181e-01,9.399841645251192368e-01,1.450063311289204876e-02,7.883303988674994489e-01,8.408421138006202389e-01,5.738737929201158661e-01,5.416914274480717495e-01,4.117769645053019900e-01,4.778052206481168129e-01,6.597420253562142900e-01,8.531541460842174684e-01,8.504873524218204972e-01,8.450555940760050566e-01,6.938677365626167992e-01,4.993677938325918331e-01,8.199487793021132953e-01,9.544157446982289017e-02,9.688740113783604890e-01,7.796933692727614496e-01,9.017936106918160721e-01,6.380063032800282752e-01,6.083860025285090511e-01,9.871235753897004139e-01,6.190005492963620570e-01,1.493110711659086966e-02,6.869166071212797764e-01,9.671524387189139871e-02,5.757291276161595750e-01,7.302824501652618316e-01,7.636223260496199927e-01,5.443904663555836354e-01,9.422492558670746421e-01,6.007108356824250039e-01,8.739402415275665525e-01,4.337486240790354164e-01,7.259404223845075110e-01,9.068300857653889269e-01,4.436057788390435630e-01,6.993124301852958746e-01,5.134676261366996064e-01,7.105021112889579049e-01,4.157422734350113558e-01,4.139295780546013992e-01,3.162612700710563662e-01,5.259212314536092503e-01,6.066405991304498757e-01,2.260765681011334682e-01,9.463525224216823295e-01,7.354843859943615003e-01,7.984664226310660418e-01,4.933313850762362507e-01,7.216160433485447889e-01,5.681028824169362945e-01,9.608846490403512020e-01,8.996427499595180954e-01,4.481465621557263468e-01,7.178492140352503714e-01,5.843258427182853598e-01,2.183298590232657932e-01,8.826988070678433163e-01,5.270809194404970643e-01,4.276757732935084211e-01,2.900039930134360455e-01
7.569218563931388033e-01,6.983766472993586660e-01,0.000000000000000000e+00,7.736303071567758316e-01,8.863998280248934769e-01,9.009219731447153379e-01,9.790791482404930246e-01,2.860285356778876631e-01,6.209860070285072586e-01,6.763233787690557941e-01,5.822962850100541488e-01,9.137548835122641933e-01,8.888954053205778694e-01,8.131966336331175604e-01,7.030952052986612077e-01,8.555573080429288435e-01,2.684214909722576481e-01,8.994201514628491489e-01,9.578390427891688708e-01,6.115932675533307661e-01,7.952325517070319982e-01,9.678328098558398596e-01,8.799148991282842447e-01,8.326346084593717611e-01,8.429768097837601060e-01,2.246243810720889300e-01,6.282531814977434514e-01,8.002694634960808573e-01,8.539728387349401206e-01,3.375301013675445772e-01,3.889915123460572360e-02,9.860916491772705461e-01,9.389856330397834405e-01,9.460319391155767033e-01,8.759600368340443310e-01,3.914825287141631138e-01,9.276950195788043196e-02,9.473085374061150921e-01,7.454757631663353479e-01,9.897630422617076373e-01,4.532617820427483069e-01,8.418347745378468305e-01,8.786271496374556955e-01,8.465327045409454243e-01,7.815282424508873671e-01,6.231503706553581656e-01,8.319291553723976440e-01,8.067895318600816212e-01,8.829087178740693265e-01,7.680447145598330305e-01,8.347737009469520519e-02,8.142117583361426769e-01,5.613917685093035015e-01,9.434109552732519166e-01,9.834975681182611673e-01,8.371201878077980663e-01,6.858248571393730231e-01,9.726138397745645037e-01,4.047951134448455890e-01,9.261799252656959247e-01,6.605922714150408437e-01,8.199306627697743322e-01,3.838787589528969146e-01,5.763369654778236484e-01,6.831186996780990173e-01,9.012808322482962486e-01,9.625368844608054308e-01,8.399242178553470994e-01,5.531145012934547411e-01,2.042412979795839023e-01,9.864513377226947766e-01,8.752879753852704781e-01,4.176676510051791635e-01,5.288776335346767610e-01,9.950160653898074692e-01,8.384826533162136331e-01,2.319218685071390562e-01,5.355073002588415232e-01,-2.307589138556728758e-01,3.162615519833075761e-01,7.120575325394442601e-01,3.394283736241121563e-01,9.204754332470405087e-01,9.597907416636288769e-01,5.731929996831968133e-01
9.022727357121227421e-01,7.683439279720922777e-01,7.736303071567758316e-01,0.000000000000000000e+00,2.243255536226815561e-01,6.792720699326812994e-01,9.803894148560621247e-01,6.047102095646185171e-01,3.301588617080408739e-01,6.538217124476208841e-01,7.999573842877495400e-01,6.185920188488690519e-01,9.198808180243472910e-01,5.280136913811518395e-01,5.939950290222486551e-01,5.117173794905752748e-01,9.499987241864393805e-01,8.134094909808721185e-01,8.775070835729621432e-01,9.722381762752343448e-01,9.249989251011019320e-01,6.265974798641622545e-01,6.150392100791913785e-01,9.735599225888467156e-01,6.785939977366424181e-01,7.233897504366990638e-01,9.328705553883523960e-01,-1.377801474258569248e-01,2.535809966161385320e-01,5.931385226534174882e-01,4.229739005910631011e-01,9.791802391700170638e-01,6.831805479519207358e-01,8.871124212713975554e-01,3.227938172250307547e-01,7.336353707598041174e-01,4.131595541830404006e-01,7.971157175335155110e-01,6.390828566040556158e-01,7.111797586162182938e-01,9.318311333147100139e-01,7.543937847867665525e-01,9.955525793887908259e-01,1.694906975335686017e-01,8.425582191837472923e-01,8.942447988951096605e-01,7.324094678946377890e-01,4.463184180579993776e-01,7.249317544963510551e-01,7.477628141249900162e-01,3.560596478282140875e-01,9.499855344469697593e-01,7.559298382366721469e-01,6.526212344005398736e-01,9.920771651444080241e-01,6.367374440457371776e-01,2.333983616508799597e-01,9.082854330893652683e-01,8.859996380760964962e-01,4.474066079328817280e-01,6.585856985352966930e-01,8.556021469002346169e-01,7.108093714750958192e-01,5.557360608474641861e-01,6.311212497554524736e-01,5.256670584460276796e-01,6.779651734529084095e-01,7.278069184108468814e-01,7.600893338396010890e-01,6.164259817858085411e-01,3.822463166568493276e-02,8.680573628371636152e-01,7.366024063118623566e-01,4.076127772233864577e-01,9.957608367422305928e-01,8.968925372351435055e-01,9.628636615558670009e-01,9.053590877668712400e-01,4.008752026232930143e-01,3.643152249073877691e-01,6.221510877826323949e-01,8.191577269097056746e-01,7.608601136811549148e-01,2.213116550087378953e-01,6.481821050577931675e-01
8.399754596075937885e-01,9.238509535130996486e-01,8.863998280248934769e-01,2.243255536226815561e-01,0.000000000000000000e+00,8.786660426239089050e-01,9.893379568094375909e-01,7.699699051536984529e-01,6.570413280041433879e-01,9.697726239132502535e-01,1.751277382583990017e-01,5.020489923359667817e-01,1.657596186708476804e-01,7.256330070679096744e-01,8.462387205805812496e-01,6.815532570077751373e-01,7.223099425962333786e-01,6.053007882627076119e-01,9.486987447544396046e-01,4.825901467898864317e-01,9.573119057361810791e-01,5.926283204534907867e-01,6.093908931450670030e-01,2.446423688533159724e-01,4.730849148623075262e-01,4.934260825709004816e-01,6.386526081648008502e-01,8.630153331945557005e-01,7.243941490834368002e-01,6.083503397288950731e-01,7.541399536416841798e-01,9.098982930229352339e-01,7.761301391031738550e-01,8.868127560836930323e-01,5.700308491294410196e-01,-7.149850811975155818e-02,2.747314569220982716e-01,1.901684362133360673e-01,5.738041969716636270e-01,6.704059479577060277e-01,3.594217972922059134e-01,8.015150285434385902e-01,8.174925047252028509e-01,9.163310149521910475e-01,8.236671842623397577e-01,6.597541318433761681e-01,7.643536391699714549e-01,6.768286541313660309e-02,6.524550168702462072e-01,6.173409078173420772e-01,5.772970944922105607e-01,9.158883906902592908e-01,7.793218546641381694e-01,5.488494812817065194e-01,7.516643505032306605e-01,7.106726991749254818e-01,7.548633850778263543e-01,5.665242972507975594e-01,6.000149032175495778e-01,5.250281993148731008e-01,2.659960403035770415e-01,8.315893012566213383e-01,9.996787695254547579e-01,6.393149417371515320e-01,6.247512334433779069e-01,8.647832073858118251e-01,9.426318534795614656e-01,9.563372435428543206e-01,3.941443133422091183e-01,7.551708742476427316e-01,8.929924384193526077e-01,6.000358004893072694e-01,7.059891018823239994e-01,7.272190558625203360e-01,7.588308254512267093e-01,4.531838215112951596e-01,5.174023761591739490e-02,7.319501019770523476e-01,3.198228822010270589e-01,3.508413785686219644e-01,9.699088305589236292e-01,4.192129768718531047e-01,8.431240166175869577e-01,7.530784647882418081e-01,8.474525334608180582e-01
8.093807384560794960e-01,7.681007484614601477e-01,9.009219731447153379e-01,6.792720699326812994e-01,8.786660426239089050e-01,0.000000000000000000e+00,2.718584120238027868e-01,2.024127533276256496e-01,2.208128036285013363e-02,6.948679638948065396e-01,6.227571385564445450e-01,1.702563028276292134e-01,9.216499764916615822e-01,5.798551488197171144e-01,8.699018505591301631e-01,5.426447450971207953e-01,7.177601729970776168e-01,8.405810518753312754e-01,8.182235408476870031e-01,7.859006938333767955e-01,9.781114883279831140e-01,6.420741592782805984e-01,5.154507535428457521e-01,6.866023255587866414e-01,4.147563591051177667e-01,6.069950972836372083e-01,5.575293820475726303e-01,9.520024691427783070e-01,5.219007415097638436e-01,5.107721067297202877e-01,5.457090077512890547e-01,4.887029131086744194e-01,6.635441736886269481e-01,4.692388441321241332e-01,6.794215454888412609e-01,5.448958234378361576e-01,4.909557137614228850e-02,3.891908380469234485e-01,7.187583136180040189e-01,9.410321290404763950e-01,6.732375389040490266e-01,4.560143053644636346e-01,8.559022931494463249e-01,6.203718362107381035e-01,6.255597990358414684e-01,7.561727930443046253e-01,4.712139183384886354e-01,8.978675975986311064e-01,6.950503761768809241e-01,2.484520078612314498e-01,7.570473113337536919e-01,9.670345822477129927e-01,3.617121493056570380e-01,6.283894272982072371e-01,6.784856463212477484e-01,9.397413454262477650e-01,7.914079980112228574e-01,7.797990479502050487e-01,5.831935590377970158e-01,3.983561554770638224e-01,2.672312899479759030e-01,9.480486911133909622e-01,7.126120666964330663e-01,1.413587757696454783e-01,6.293095269889084076e-01,3.839909159709834485e-01,6.006211350241067448e-01,5.490684391914358864e-01,2.481760926790817501e-01,7.989290764564185299e-01,8.351630587958100982e-01,5.654447391162922276e-01,6.095146649552349860e-01,7.067569516871320401e-01,4.985111727457435249e-01,7.358955374166690211e-01,6.972518884029262898e-01,8.633196657640288540e-01,5.914032600958638586e-01,2.867985004347103350e-01,6.159330768501697362e-01,2.879067077985070222e-01,6.624750924021169940e-01,6.091925309332524296e-01,4.997530929387174470e-01
8.501324753195300676e-01,6.369420147419996292e-01,9.790791482404930246e-01,9.803894148560621247e-01,9.893379568094375909e-01,2.718584120238027868e-01,0.000000000000000000e+00,4.809182150148578749e-01,4.225533828984781026e-01,2.398099606927236727e-01,3.888326426464898677e-01,6.843066149140775156e-01,6.474867794227271434e-01,7.258869509179032287e-01,6.529487242381863954e-01,4.114513189458108289e-01,3.268683457048185970e-01,1.220717988560307034e-02,3.167841804478751522e-01,8.086802038858738051e-01,8.772938306233795114e-01,7.324159787606521199e-01,7.065795370524502461e-01,9.541302386352497056e-01,4.183137513678345520e-01,8.482287290868122387e-01,9.246620530941718208e-03,7.357044120447120417e-01,2.996081724826992199e-01,2.265326014320793724e-01,7.557503887713142854e-01,9.924571000308585189e-01,6.004806252556040835e-01,4.198575684046695899e-01,2.196328150629112963e-01,4.299540947036553096e-01,3.161008491233613382e-01,7.074104256144143621e-01,8.763713871907069519e-01,5.178158245207301613e-01,7.786886976012141748e-01,1.278495928724971697e-01,7.506370477227830573e-01,1.449996708047713856e-01,8.427569959999146043e-01,8.327215591892632718e-01,2.359857946867194856e-01,8.438884181913802740e-01,7.432274088842991677e-01,4.816240070322358457e-01,5.351626374961406807e-01,1.110750965244854255e-01,7.270872131659846804e-01,6.094452928028853966e-01,6.690060615655262222e-01,4.163438458032600042e-01,9.017077509280191361e-01,3.707892719592151831e-01,8.099848511639670123e-01,4.651926491600222313e-01,7.094577237076731269e-01,-4.067128558916796588e-02,6.327024361030803012e-01,1.355019194028135310e-01,7.349360496996197867e-01,7.769340261237882572e-01,9.305675016223992069e-01,6.082690491599925808e-01,7.449706949762102681e-01,7.416944566164809238e-01,7.731350719867009502e-01,7.735825389732327029e-01,5.234290453386652997e-01,4.274934357751288827e-01,-4.707604403362489198e-02,6.796787546954379255e-01,7.103974018967706971e-01,6.691396789995940342e-01,4.094152066932782441e-01,4.197983811958015399e-01,-2.491292858540106181e-02,6.872767089512306082e-01,5.698420042806182639e-01,5.988222297750291911e-01,8.599722138944852767e-02
9.626506999442603352e-01,6.348547719055390726e-01,2.860285356778876631e-01,6.047102095646185171e-01,7.699699051536984529e-01,2.024127533276256496e-01,4.809182150148578749e-01,0.000000000000000000e+00,4.439773622539347486e-01,4.107495543934213122e-01,5.745529835639188176e-01,7.929399256437839050e-01,5.517906238599407098e-01,8.589329078786630545e-01,2.880224632243242322e-01,7.252108934825388653e-01,6.651613755346337253e-01,8.199135078557816536e-01,6.889192627420235304e-01,7.356311750940232042e-01,8.237844883682876596e-01,7.035058823256077343e-01,6.325148093396493199e-01,5.769205564604217296e-01,8.992473684459102445e-01,5.104183069368062320e-01,6.589379659974561321e-01,6.268004532786976002e-01,6.961586403199795381e-01,2.580354046747431740e-01,6.147518379726256699e-01,7.550628252613562630e-01,1.128209634713153720e-01,6.648363860174728579e-01,7.099092056876277201e-01,4.167821913422924407e-01,2.297141134987147892e-01,4.416417423497540073e-01,6.377047950817126276e-01,7.082098737534922028e-01,5.809243842042393080e-01,5.521321541385734166e-01,9.600617931891718415e-01,6.334576586071726245e-01,9.066577146645072860e-01,3.770689530595189298e-01,7.397720210751437264e-01,8.782731260507056215e-01,5.232309803386216984e-01,8.758255153010794380e-01,4.721186627306391825e-01,4.348057437519428081e-01,6.834468115488214757e-01,6.316049986076279765e-01,6.444306735604730108e-01,1.318544944772964134e-01,7.460878505020446250e-01,2.623594443198528081e-01,6.794802668127057910e-01,4.886574505402045965e-01,5.647408190644507275e-01,5.379905942081255610e-01,7.442122902384908922e-01,5.250367374005981969e-01,8.533155398283438497e-01,5.642681265659501566e-01,3.580979444691110847e-01,7.200953583973316308e-01,6.433622550312237953e-01,7.509343168976303495e-01,1.466652036863824449e-01,5.269970421616230194e-01,4.549319246911183723e-01,6.057619221646407537e-01,8.140665667026323327e-01,7.633126518872521693e-01,7.555396453951955804e-01,4.561411138145109456e-01,6.099328754678845499e-01,2.480789584045306473e-01,4.039411208511874962e-01,8.454984941716879865e-01,9.862314285062684371e-01,9.092254392798071461e-01,3.274158151763398306e-01
3.159731842128576940e-01,1.200531580438246038e-01,6.209860070285072586e-01,3.301588617080408739e-01,6.570413280041433879e-01,2.208128036285013363e-02,4.225533828984781026e-01,4.439773622539347486e-01,0.000000000000000000e+00,4.636238280595468275e-01,1.747022380437422140e-01,6.963233758281935915e-01,7.448578710531883473e-01,7.187751622181161038e-01,2.585050760285968474e-01,4.024324787706486384e-01,5.553557808205189517e-01,2.888691250973832170e-01,6.261664264003810043e-01,8.328365131824487788e-01,7.416935214356891182e-01,6.076211661929106223e-01,7.318390389461508772e-01,8.421352054860230529e-01,6.811655703686045893e-01,6.655391767170318884e-01,9.796416342424154600e-01,9.200871215447005147e-01,6.227448117108980163e-02,4.182913374071884349e-01,4.982597977148966462e-01,3.426522665712596338e-01,7.248954064167573152e-01,5.139417584892985724e-01,5.859790670969489135e-01,7.597736172589983905e-01,4.781788664054368310e-01,4.770387363708260553e-01,9.399132152214277891e-01,7.345007108011948338e-01,4.826688257742665078e-01,9.365983961079850095e-01,9.721820556671310065e-01,5.358370234688168976e-01,9.035663722665072672e-01,9.527732425760562229e-01,4.284617460572431313e-01,9.851052369907145057e-01,7.025505290585229989e-01,4.276402817812938739e-01,3.773505048110324944e-01,7.333880307766424966e-01,5.545037117147139094e-01,6.494393231509438813e-01,8.294230629380098252e-01,9.705304438327324590e-01,4.228524610786850157e-01,8.443373673186601591e-01,7.457351960692728543e-01,6.764500508393167522e-03,2.483173973190327399e-01,4.413415905018898688e-01,7.949410421350557865e-01,2.029297848067455612e-01,6.933062180563227539e-01,5.509057294085919487e-01,2.538116079416846693e-01,9.100709439020379099e-01,5.200783552023289236e-01,5.100858786725673832e-01,9.588623540108551779e-01,7.150910639593293094e-01,3.255122910955231541e-01,6.929489703281580537e-01,6.892659582027724774e-01,6.597324969685587348e-01,7.619994575745958620e-01,5.465053960890057239e-01,5.269501591886242009e-01,2.909722106595626911e-01,6.496482777027080546e-01,8.373525676359221404e-01,7.414886237827431614e-01,3.817734109357607819e-01,2.649460591046217672e-01
8.983352788706889802e-01,7.094647675517457008e-01,6.763233787690557941e-01,6.538217124476208841e-01,9.697726239132502535e-01,6.948679638948065396e-01,2.398099606927236727e-01,4.107495543934213122e-01,4.636238280595468275e-01,0.000000000000000000e+00,8.267716343041764393e-01,6.237546138732453782e-01,9.693655879146447774e-01,7.815927450866845261e-01,7.823440345290084696e-01,2.307917909045126836e-01,7.777899283921114737e-01,9.614570641665405315e-01,7.098476360203984648e-01,6.037508983968141729e-01,9.063137844756619099e-01,3.221636760980202685e-01,8.448692201873713170e-01,4.495775223409889110e-01,2.676226794829444922e-01,5.164429105835353084e-01,9.406602784161380848e-01,5.760973273843561504e-01,7.243707264498608911e-01,2.917097974949708905e-01,3.249194945364529685e-01,4.478167125864615516e-01,8.850402971868707169e-01,9.453076395930360976e-01,6.654304174890606216e-01,4.895292619782661836e-01,5.545056425493082308e-01,4.700626902552750286e-01,7.994778746310647888e-01,4.070677282184180790e-01,6.227056606722964904e-01,6.003945105842936059e-01,5.710263863326378031e-01,6.437541178897442373e-01,7.975814227281428082e-01,6.260851513662399892e-01,6.697297778374000643e-01,8.582556371894637381e-01,3.689921910132371585e-01,7.542501586332744923e-01,8.768391506056756324e-01,4.053931709468742706e-01,6.765306440086464868e-01,8.455234786974969996e-01,4.527944930056151951e-01,6.349850185642200717e-01,3.701597888281804583e-01,8.677053754762918958e-01,7.274421450589236837e-01,4.979234462352433166e-01,2.166941418521194651e-01,4.542345580884596390e-01,8.877238251002737002e-01,9.889433092180894835e-01,8.673791014337116634e-01,8.540847836816223282e-01,6.463997121555453695e-01,8.659993948603382785e-01,8.025748470367649601e-01,6.818004222008590132e-01,6.135082948975396633e-01,6.072697245910255726e-01,5.036316367822438744e-01,5.005275393817232299e-01,5.366786300910442176e-01,7.940178040727796649e-01,9.146087269319670421e-01,6.680017318611274346e-01,4.884953016288118288e-01,3.177817738165344963e-01,4.458628230911955703e-01,9.504052464139035594e-01,5.275260360042837160e-01,4.634268469386333411e-01,7.427042201387066278e-01
9.734570400093951470e-01,9.261153884377888446e-01,5.822962850100541488e-01,7.999573842877495400e-01,1.751277382583990017e-01,6.227571385564445450e-01,3.888326426464898677e-01,5.745529835639188176e-01,1.747022380437422140e-01,8.267716343041764393e-01,0.000000000000000000e+00,7.682453611868567123e-01,5.374024658832333712e-01,9.915950993011021231e-01,3.177496905019135953e-01,4.425883933428374495e-01,5.496752075013420225e-01,8.714769252805520949e-01,8.102905320315274551e-01,7.047591983158345563e-01,6.617041294389425232e-01,6.619081724082555018e-01,8.837776710870427488e-01,5.842810644224653016e-01,9.761363621440278804e-01,6.064762200759858946e-01,6.966499350410193525e-01,6.183901753544976954e-01,2.196514192716101377e-01,4.381214364267757011e-01,2.612702829951527583e-01,1.989282540083854300e-01,4.107516120257698189e-01,5.939513864015713018e-01,6.707872554304601387e-01,5.397447216880277843e-01,1.033336087103445405e-01,6.540913239093887332e-01,6.725413575386508525e-01,7.036730773373011116e-01,6.581487051353197559e-01,9.603622395208852858e-01,9.657062821251236606e-01,4.639910116721115418e-01,6.359636632660625732e-01,3.002749391630694931e-02,4.275740422982847733e-01,6.682773377112074531e-01,7.766030144884307207e-01,6.032757606702240372e-01,-3.637057714861460234e-01,7.315942862136887159e-01,8.141295824609611209e-01,7.754598499600608985e-01,7.470192038579628324e-01,6.761582709437014005e-01,5.676836543055796547e-01,7.683590902339348938e-01,7.876788725297876326e-01,7.748219674626346531e-01,4.283607675308199747e-01,7.881641330773530019e-01,6.179329483035115311e-01,7.468591179216922393e-01,6.665302232317491526e-01,7.681079271307452716e-01,4.170271153148307763e-01,6.363097559063264352e-01,4.857928548046087647e-01,7.762642122736557182e-01,4.493466522132319452e-01,5.753413844777995889e-01,3.081189878655316572e-01,5.779357291034076249e-01,7.991504323244147390e-01,8.884462387948374174e-01,6.341326808041495289e-01,4.848971263427783729e-01,7.794826415926977559e-01,5.282970848830147448e-01,8.407020187303444470e-01,6.140258657880692805e-01,9.678034447413511598e-01,5.973338793095142041e-01,7.633309239927849044e-01
8.044417267432484309e-01,9.879665304435534257e-01,9.137548835122641933e-01,6.185920188488690519e-01,5.020489923359667817e-01,1.702563028276292134e-01,6.843066149140775156e-01,7.929399256437839050e-01,6.963233758281935915e-01,6.237546138732453782e-01,7.682453611868567123e-01,0.000000000000000000e+00,8.209078404831161579e-01,7.275179923646141189e-01,7.824935833407891117e-01,1.693800894586637018e-01,2.487768974510085329e-01,8.797724270644292632e-01,9.572959424865646882e-01,7.287342833766818906e-01,9.215655754253384568e-01,8.378433967924979742e-01,9.823269566997868685e-01,7.349548223035327066e-01,5.326827270036346151e-01,4.024075893832163575e-01,9.722407263855303849e-01,5.995294574978315971e-01,2.148099202568895527e-01,7.160901704905692222e-01,-1.835497598797381225e-01,5.394901302682340166e-02,9.015837268477507882e-01,8.052302550990041441e-01,6.694441441687040140e-01,3.888903181758883165e-01,4.549182079279484037e-01,6.718741526011164922e-01,6.371166554928543446e-01,4.421388810879818831e-01,2.506455239193243201e-01,1.312273683107514077e-01,6.886469740624825420e-01,9.242421320133233920e-01,3.975891588042834157e-01,8.106420707008242799e-01,5.167891176143689647e-01,7.439222003214611689e-01,9.918451523371500933e-01,2.245991414720118207e-01,9.847316500294179820e-01,7.227817689333457807e-01,6.418613353639193164e-01,6.195791090309396010e-01,7.281002357799239988e-01,8.136510385922147703e-01,6.523333503735964101e-01,5.839858783660579755e-01,5.918010771487556276e-01,3.065807334782199023e-01,2.218272624798101611e-01,6.797287192276949552e-01,1.544550521259668852e-01,-5.756531057898919834e-02,4.023579853219091396e-01,6.094121837036798883e-01,9.619414039967981722e-01,5.050987434755460637e-01,7.952550512627272195e-01,4.289545749129688446e-01,7.161405331699999266e-01,6.193172232308918890e-01,5.174743513801229877e-01,5.842389048708291899e-01,5.698561458285886783e-01,7.091346599704509979e-01,9.552558427471609104e-01,7.709276367874562386e-01,4.432015303911503445e-01,4.561397003037887532e-01,4.088691354986287996e-01,7.475671412397112414e-01,7.433442591649411790e-01,2.805860868497180860e-01,7.555134004616386179e-01
8.921596792777507501e-01,5.004670075810093710e-01,8.888954053205778694e-01,9.198808180243472910e-01,1.657596186708476804e-01,9.216499764916615822e-01,6.474867794227271434e-01,5.517906238599407098e-01,7.448578710531883473e-01,9.693655879146447774e-01,5.374024658832333712e-01,8.209078404831161579e-01,0.000000000000000000e+00,3.351145921691404128e-01,9.520982666404771422e-01,7.119804797886782888e-01,7.962193885846016173e-01,8.759832842503948447e-01,6.248848308225823933e-01,6.967457010061234302e-01,8.082463251685670924e-01,4.614558847275163078e-02,6.020547801444610103e-01,7.291120446971017799e-01,4.713612083628587190e-01,8.329651079102825539e-01,5.708639327721690693e-01,8.632821109192848619e-01,5.134516352132987294e-01,7.510651423346385025e-01,2.759862879185062123e-01,5.178314439353591814e-01,3.206669323433740670e-01,7.099688434472511966e-01,7.192429761514224085e-01,4.519848184932234170e-01,4.422810492696425122e-01,8.908651967993509446e-01,8.882234078885107298e-01,8.518857475278924785e-01,2.846070474357322855e-01,9.878976998521533659e-01,9.304348954323953258e-01,8.222884528546570149e-01,9.197902376485742604e-01,3.352583228960515083e-01,6.918502791157811194e-01,8.171885123750397550e-01,2.147184063467810766e-03,6.518475272236970985e-01,7.745596159601769726e-01,6.700784374885888628e-01,9.124419052218418758e-01,4.241824160062536153e-01,8.787652044248142058e-01,9.674448731808903412e-01,9.817817063173157610e-01,8.842701299296091833e-01,6.026763717716960844e-01,7.659915514513101487e-01,5.483919637003160652e-01,4.624340045290239454e-01,8.156106379004811613e-01,6.623514390090718962e-01,9.661739234607580329e-01,7.792624840986382972e-01,9.696021553880151966e-01,8.476902141939037794e-01,7.860994960341768367e-01,7.312474375369586443e-01,8.411793452888995937e-01,9.829654510321073069e-01,4.886746316651867650e-01,7.085402034700094553e-01,5.333743663164127735e-01,7.235079406961049120e-01,7.296263063762549184e-01,9.867495068258402835e-01,2.006260666377875368e-01,3.718880277748023433e-01,6.675003731856292699e-01,8.532583021729974737e-01,8.462127792969476037e-01,5.021195950644622430e-01,6.632023649062448456e-01
9.129526149922656542e-01,4.246923061118067499e-01,8.131966336331175604e-01,5.280136913811518395e-01,7.256330070679096744e-01,5.798551488197171144e-01,7.258869509179032287e-01,8.589329078786630545e-01,7.187751622181161038e-01,7.815927450866845261e-01,9.915950993011021231e-01,7.275179923646141189e-01,3.351145921691404128e-01,0.000000000000000000e+00,6.034148052206973478e-01,9.767341549046408833e-01,7.196302596491691572e-01,2.080924217279332411e-01,7.997700297904277722e-01,6.219633853912445165e-01,9.584092291788787188e-01,9.160730352226434947e-01,4.353248657220770146e-01,7.685869535263269992e-01,3.977660479266081905e-01,5.224611645372717605e-01,6.748826286277718189e-01,7.833383714206654247e-01,6.229772725574198589e-01,3.342732055747210662e-01,2.596318336963852058e-01,7.346336259038215299e-01,6.981547734732737043e-01,8.417404533402568223e-01,6.409456758465413850e-01,7.071902513844291471e-01,6.306283078016706733e-01,8.885964875523950646e-01,9.823418569554615010e-01,2.269604683892630093e-02,5.552325510442278622e-01,8.290883919729933327e-01,9.064732281511481693e-01,6.632367275015986774e-01,9.757166042864199307e-01,6.758116617029905626e-01,8.766271292475400490e-01,7.368827963424020577e-01,9.704897071248145268e-01,9.812793065844236384e-01,5.498788187822806206e-01,7.937452986673035893e-01,2.723531371133639523e-01,9.734187956443238754e-01,9.050377278611978493e-01,8.214685359436396661e-01,5.903876617208996258e-01,8.579309064950981778e-01,4.071661933627301333e-01,5.172698310269328026e-01,4.295908739566928203e-01,8.593554962050033996e-01,4.617013571440419795e-01,8.429366799071550398e-01,8.492464190074212604e-01,9.110791406611883358e-01,8.955445520113016755e-01,9.739115427149663828e-01,6.726174145943299987e-01,7.794687903059381862e-01,9.877262451387009978e-01,8.079377067532266254e-01,1.884958460920405643e-01,7.203077113375226659e-02,7.482826037791291407e-01,4.245803945197287876e-01,6.736387294070714793e-01,9.279637860288963980e-01,4.737491960634185872e-01,3.088709227163568549e-01,7.510188286568182381e-01,7.282197123577999198e-01,6.308956650277708356e-01,4.992377082188639292e-01,4.317270706081456355e-01
6.685513261597118007e-01,7.632723420735165742e-01,7.030952052986612077e-01,5.939950290222486551e-01,8.462387205805812496e-01,8.699018505591301631e-01,6.529487242381863954e-01,2.880224632243242322e-01,2.585050760285968474e-01,7.823440345290084696e-01,3.177496905019135953e-01,7.824935833407891117e-01,9.520982666404771422e-01,6.034148052206973478e-01,0.000000000000000000e+00,4.585015341234976449e-01,8.874390481952006970e-01,6.843659446524446022e-01,4.718984000674390500e-01,2.060911787762909064e-01,4.591754974687509150e-01,9.466822732930590956e-01,6.657219331518672290e-01,4.645321477281849631e-01,7.873982366747829253e-01,5.983539638932255933e-01,5.731673640223402533e-01,4.138782042137511552e-01,3.518259656636996691e-01,5.086646327499839693e-01,1.954265390441624617e-01,3.940373995099498705e-01,5.220222668092451279e-01,9.207589365133538317e-01,5.706235745896190981e-01,4.044521186882809594e-01,5.706018685372177268e-01,8.523554340110204297e-01,8.701014676086108457e-01,5.093243872117062532e-01,8.683075425495647703e-01,2.254646669349095744e-01,7.309810683813050547e-01,7.834873588854780468e-01,9.261372926585161869e-01,6.672965609360687056e-01,5.172071673670908254e-01,3.418647792010267583e-01,9.575092990402915838e-01,5.584713027487973047e-01,5.247978620485358459e-01,6.455957703209902476e-01,2.826536294903615465e-01,9.167848272351877270e-01,5.822938492043214787e-01,7.210375967401576602e-01,6.102249897045896043e-01,3.898512962285600181e-01,6.582883640663365066e-01,4.604795594789765079e-01,3.218739371963132423e-01,4.283014837364677030e-01,7.186285411893915676e-01,8.099417323184170403e-01,6.882265039197574819e-01,9.716274370123421100e-01,8.339754137865941219e-01,7.985791062288009057e-01,9.689720198142416363e-01,8.910569007585790180e-01,8.340740916158814189e-01,9.749212408407350594e-01,9.433932020250985762e-01,4.839210872541016561e-01,9.415089779075045406e-01,7.029494812323018316e-01,6.872868152497877414e-01,7.397305163118356175e-01,5.789353831477697110e-01,2.736777952119551771e-01,9.173335536039325389e-01,6.759702012346391342e-01,2.703724519005775151e-01,6.758856488151715469e-01,7.161869535751406168e-01
6.641810805379911864e-01,6.284348672576162143e-01,8.555573080429288435e-01,5.117173794905752748e-01,6.815532570077751373e-01,5.426447450971207953e-01,4.114513189458108289e-01,7.252108934825388653e-01,4.024324787706486384e-01,2.307917909045126836e-01,4.425883933428374495e-01,1.693800894586637018e-01,7.119804797886782888e-01,9.767341549046408833e-01,4.585015341234976449e-01,0.000000000000000000e+00,5.768759470234401388e-01,-1.055931733148604001e-01,2.623351044775912300e-01,8.823952181193857047e-01,4.418036201123453632e-01,5.761515930461369450e-01,6.024973028756139826e-01,6.377830491294237403e-01,6.215691821655594529e-01,8.119405726999171513e-01,7.588559804587488022e-01,5.010343792285079090e-01,3.622497614239317265e-01,5.829936303533418684e-02,7.310861032319789787e-01,6.138725564994340633e-01,4.117518551611918376e-01,8.546826961269003986e-01,7.718821386740500057e-02,3.074394493797150685e-01,4.726037007697245218e-01,6.450801157747972914e-01,6.057816087270760930e-01,4.612063524483068777e-01,5.565108887211085431e-01,7.413999737397544143e-01,2.542752317449710753e-01,7.420743774941007675e-01,6.221070139171946956e-01,3.669417323631472549e-01,7.803145120161906201e-01,7.714403721549891735e-01,5.000433605131323622e-01,7.736623591008167100e-01,3.811643030657876907e-01,8.560999483660469700e-01,7.379777882338514061e-01,6.265409366191410090e-01,6.492722858062670577e-01,8.955798327025433769e-01,6.134365525800564711e-01,9.410842540534533063e-01,6.217934943264481484e-01,6.820411921433496838e-01,4.149518599573379651e-01,8.465552650588703543e-01,7.996158713334424739e-01,5.523193500453570381e-01,9.162202791964215720e-01,8.472225958164161241e-01,7.495321281194545771e-01,8.646462773628640353e-01,4.590535580901960455e-01,9.634445992651898827e-01,9.764882922908513230e-01,6.361874490558392381e-01,7.261111088852101325e-01,4.542883993736044346e-01,2.977243215419962952e-01,6.392442705517096257e-01,9.732018734410605720e-01,6.077015312891853593e-01,7.316144253046041879e-01,2.569026625829605726e-01,6.374116939723699637e-01,7.570329568614460047e-01,7.407004703343785801e-01,6.855253251239459278e-01,6.720794040583271123e-01
9.811184266069585824e-01,3.068535783680786388e-01,2.684214909722576481e-01,9.499987241864393805e-01,7.223099425962333786e-01,7.177601729970776168e-01,3.268683457048185970e-01,6.651613755346337253e-01,5.553557808205189517e-01,7.777899283921114737e-01,5.496752075013420225e-01,2.487768974510085329e-01,7.962193885846016173e-01,7.196302596491691572e-01,8.874390481952006970e-01,5.768759470234401388e-01,0.000000000000000000e+00,8.253218361361570610e-01,9.251765237530376051e-01,5.996056319014760883e-01,8.059810986867717020e-01,8.490062266660732826e-01,9.171767736096274604e-01,2.569742582667053910e-01,5.386373487409614746e-01,6.922033717243670781e-01,-1.010842470161984613e-01,8.699146526789087730e-01,5.826302280160278180e-02,7.362388399925551274e-01,5.053823569701196977e-02,4.697380445742361244e-01,6.487918315322723783e-01,8.211623918685208023e-01,6.922319214454601966e-01,6.059828733458435535e-01,4.463758702919918275e-01,1.898959098699235654e-02,9.845956728314942952e-01,6.374693368292638773e-01,2.094799544134260394e-01,9.620110324363677634e-01,8.278889194329084322e-01,8.837660984402350151e-01,6.045793572847512065e-01,7.767563861090467370e-01,9.647075886658346144e-01,6.757060733557362919e-01,9.239388625501793184e-01,6.618851915480088444e-01,8.565253576435111205e-01,8.702256754251386228e-01,8.743801759006296637e-01,8.910214301041026186e-01,7.199694156618913210e-01,5.619310200711185033e-01,9.120663354450060378e-01,8.631605134404413127e-01,5.922947568910190697e-01,4.943665744461742118e-01,2.770877166945406866e-01,9.389719220346757211e-01,6.828905247750087781e-01,2.983316299926671578e-01,9.595797864300620317e-01,9.199833545311537630e-01,4.100834107309474508e-01,5.345490871902112140e-01,3.490623179205004645e-01,8.640596228029508996e-01,6.037493819764396807e-01,9.691211579616915150e-02,5.020753082337644502e-01,4.839172735437861084e-01,6.154789340614350568e-01,9.660951022942736444e-01,5.241728350438021877e-01,6.007256251955019888e-01,-3.626914400855155152e-02,3.867100947279960427e-02,7.002715398695869009e-01,7.772771985817509277e-01,7.596004881830613620e-01,7.724223015617882604e-01,8.118185468783715164e-01
9.611580615217020229e-01,6.136723513879666081e-01,8.994201514628491489e-01,8.134094909808721185e-01,6.053007882627076119e-01,8.405810518753312754e-01,1.220717988560307034e-02,8.199135078557816536e-01,2.888691250973832170e-01,9.614570641665405315e-01,8.714769252805520949e-01,8.797724270644292632e-01,8.759832842503948447e-01,2.080924217279332411e-01,6.843659446524446022e-01,-1.055931733148604001e-01,8.253218361361570610e-01,0.000000000000000000e+00,4.494827703826995147e-01,9.904666264433406031e-01,9.588085281495656309e-01,8.641442491170806539e-01,2.546685864715935166e-01,5.796259849719613833e-01,5.541779182376764812e-01,6.982826335654012118e-01,9.786057660981213324e-01,5.625861218317566026e-01,5.977854737741736812e-01,3.233237925569130283e-02,6.357911075766424502e-02,9.093396587196862502e-01,7.909210505265513724e-01,8.704638591800583081e-01,3.204313001211289702e-01,5.439187910874254683e-01,-3.463625023648776446e-01,7.010620572282045826e-01,6.788684347110320871e-01,7.850229363246271630e-01,3.864796032399908654e-01,4.914043908723793042e-01,6.872140667502713018e-01,8.327741733451841100e-01,8.218218429146940673e-01,8.414900007634421586e-01,9.743049743066269919e-01,2.313830530689390819e-01,6.154239473189229148e-01,7.908593323736351488e-01,5.138694710866006377e-01,2.718072467747464915e-01,8.852613704967728925e-01,6.073743083713958324e-01,8.170712799767497758e-01,7.516992329546947627e-01,1.645228538630346404e-01,7.305390314757589376e-01,5.560316051244280633e-01,5.535391135131678686e-01,1.114167276421610397e-01,6.374037685094864347e-01,7.878366049669655036e-01,7.897006262926070663e-01,8.449325724454567199e-01,7.755470092268845761e-01,8.521445722950958812e-01,6.167120935691997596e-01,4.625389086364723457e-01,7.579610650206258793e-01,9.160081359519480770e-01,1.004359421725409540e-01,4.751471122251401669e-01,5.144882314081570263e-01,7.529216576201477329e-01,7.169605911749260541e-01,4.807451115808195619e-01,6.015470053894721447e-01,4.879556945828966708e-01,4.403216712884275297e-02,7.114787205104423640e-01,9.937605933322453122e-01,8.088860396135842956e-01,4.547080641619581365e-01,1.020975500179729933e-01
