0.000000000000000000e+00,5.429100549699236167e-01,9.933699375691268374e-01,4.983013978388546317e-01,6.266051292684091667e-01,4.518366540333354497e-01,4.748858000334341134e-01,9.597645020377404412e-01,9.862008819371198554e-01,9.606404360704828838e-01,5.891537927882035675e-01,2.791572560374788736e-01,9.265597973215370375e-01,6.001394097038350584e-01,9.528011813783083817e-01,5.356427767685673080e-01,9.764117847358871893e-01,9.211550998706204973e-01,8.827155160169291026e-01,7.747996595344646131e-01,7.763529035764654695e-01,9.105984472889644410e-01,8.341324572184540820e-01,7.991879934382737360e-01,9.323800859385288353e-01,6.468593594291033311e-01,9.035608079458119501e-01,7.641945953912139267e-01,4.804134804556720040e-01,3.836637394544505364e-01,7.879507805458988434e-01,8.801957027661480026e-01,5.419989016544209948e-01,6.049161631884657497e-01,8.018950647186493530e-01,6.795656759551301773e-01,6.693894459661120511e-01,7.814614119917355772e-01,7.582981640046259075e-01,6.366132301143098138e-01,6.137616254872645394e-01,9.842429834789393484e-01,7.301327223252256360e-01,9.224252809272690534e-01,7.323117879921752227e-01,9.158664676298137186e-01,8.865589662150612504e-01,6.711639245282182697e-01,7.497045178185065550e-01,4.053951060057430777e-01,9.223841248068560539e-01,9.980124337452661587e-01,6.264042898196434672e-01,4.030841505013910697e-01,9.860660693627082418e-01,8.538769760529036912e-01,9.880023018810517588e-01,9.601218208151198752e-01,9.456846297809088364e-01,5.201425015754401748e-01,1.710888887864067398e-01,8.290842211364274350e-01,9.551502059566725489e-01,7.575366411940109845e-01,8.898840892229871180e-01,7.752362967978569941e-01,7.754257249997348334e-01,5.193216630524890576e-01,9.072829179156802759e-01,5.996585416981493610e-01,6.094014094469508702e-01,9.298939764441469524e-01,4.000461027678152148e-01,3.691857393121136255e-01,8.697409659655691572e-01,7.675702431669012560e-01,7.233729626000739987e-01,9.867962870946259679e-01,-1.433116436801722404e-01,2.365593474277898900e-01,9.021214618808197638e-01,6.734029658847715538e-01,5.603020217929459701e-01,9.502113874373008251e-01,8.397567701570640697e-01
5.429100549699236167e-01,0.000000000000000000e+00,5.730872674692533142e-01,9.421520320891378919e-01,9.893415042615152366e-01,9.384440486892505762e-01,2.362385258232629626e-01,8.000506063163994597e-01,2.272606854074172011e-01,8.724770043504601613e-01,8.615237899452876658e-01,8.021751618727378519e-01,6.132764949780854513e-01,7.513448074560359347e-01,5.391711803624660293e-01,5.450052081956855421e-01,9.265193233614894552e-01,2.403383411897817151e-02,7.540575258935623415e-01,8.065701977871203576e-01,9.704588201824263516e-01,2.930348959461602787e-01,9.562734887679780194e-01,8.253786131433931139e-01,2.870855500739908361e-01,8.161983023195548137e-01,6.190279300760909154e-01,9.550691094638835699e-01,4.087542647474432522e-01,4.852732004244766362e-01,4.560148716026083959e-01,4.239399938262775613e-01,8.241881991038469968e-01,7.106199996354674031e-01,5.372199258503429845e-03,5.228912062008733708e-01,3.846306108812255209e-01,3.340634004094148457e-01,3.075546299885536516e-01,9.686218269168195283e-01,9.133963362039703160e-01,6.850325884239328866e-01,7.755345573901799572e-01,9.617714373222379098e-01,7.298728806148639947e-01,7.668964619750505696e-01,9.935448470448757785e-01,7.051024788915023489e-01,4.317446375035116080e-01,7.757616903424363608e-01,5.565548020924820927e-01,5.635314410945022612e-01,9.175123164601772796e-01,7.834238585689724532e-01,9.173869062883147629e-01,4.378811630623020701e-01,5.516175256259086002e-01,6.947449022764746740e-01,8.571304089875801946e-01,7.748738358600155696e-01,9.118895382865989108e-01,4.033684859203299222e-01,6.231974033917235811e-01,3.715243262391880741e-01,2.175861290535349157e-01,6.515115022434894154e-01,8.884782577900397493e-01,9.679299466244688510e-01,4.455918836271992034e-01,6.867520824549808722e-01,7.071814800195591610e-01,5.589132689241834706e-01,8.141795599072119138e-01,5.915763939070108890e-01,7.316195628917407934e-01,6.604706533049037320e-01,8.312072703837027898e-01,4.439780214486768184e-01,7.899601620258691614e-01,4.247101369963563466e-01,3.924935676121418249e-01,5.578503477866483262e-01,6.953868511939628183e-01,7.156102992531477858e-01,7.913855880612988836e-01
9.933699375691268374e-01,5.730872674692533142e-01,0.000000000000000000e+00,9.531317970455022159e-01,8.505558837572291253e-01,6.323532071674411448e-01,9.532482708295580975e-01,6.234155051052434615e-01,8.223722263968938906e-01,4.873491395397623327e-01,8.920663685604037774e-01,8.087883028379950767e-01,9.489582197510133543e-01,6.421481356568716770e-01,8.651576880674798353e-01,8.462118723663205611e-01,7.867767291120569828e-01,6.001369448323423672e-01,7.173871057812583052e-01,9.483429953878852459e-01,8.631553627562458253e-01,6.056306848537571508e-01,4.496128611110877804e-01,-1.528658106734028521e-01,7.613227950613992157e-01,9.523450752516616769e-01,5.561967677660702991e-01,5.385925062406360375e-01,2.298343444028486116e-01,4.291892930643331217e-01,2.455766132348179975e-01,4.330925644276188979e-01,8.785859699273979029e-01,9.300959971433869766e-01,4.005316125704619923e-01,7.169364166177235598e-01,2.696308740300588647e-01,5.764535384319754430e-01,6.432687611534876337e-01,8.219370082609780415e-01,2.450273973349793299e-01,5.383900167374856549e-01,7.974307100296312845e-01,4.065979576190604794e-01,7.162995759660092387e-01,8.032270646209977993e-01,8.077182392105594078e-01,9.569576765860096090e-01,9.535429986106014333e-01,6.805911586229443921e-01,8.180089599350306440e-01,8.019127726951867929e-01,9.527189415295520547e-01,8.026223441818216564e-01,7.899936749698477367e-01,9.809109826178256109e-01,9.178213398922409061e-01,9.158892951032729934e-01,7.095475033099224449e-01,9.622992439716814284e-01,7.583895198860921560e-01,8.050461975522911207e-01,8.383207557005496469e-01,9.101578464315392969e-01,9.830550004161473510e-01,9.241359065673665496e-01,8.194203634213655940e-01,7.343059810045764468e-01,9.887741218885618411e-01,9.390624542428471777e-01,6.797155291416535627e-01,7.289945468046159505e-01,7.311325067316229998e-01,5.428644384602747675e-01,9.597314431765404663e-01,6.136925534809327676e-01,9.743913370703918275e-01,8.322883102223963547e-01,2.185396975015874987e-01,5.428278700025747083e-01,9.080767626049942587e-01,4.882166598576066496e-01,6.986106974286913074e-01,6.262514160260540530e-01,7.791547109337344512e-01
4.983013978388546317e-01,9.421520320891378919e-01,9.531317970455022159e-01,0.000000000000000000e+00,9.349903004785743432e-01,9.659853718376814058e-01,4.984883394201303775e-01,4.364134883478278937e-01,7.935976484395540487e-01,9.856884046622694795e-01,6.388804539949040073e-01,6.912274492218404287e-01,5.021298833609133538e-01,4.534348524233848265e-01,8.112473064396865663e-01,7.561552701456043524e-01,8.960587324665079123e-01,5.506659474305252155e-01,5.478695446797530177e-01,7.873326995604045253e-01,4.366809359949295755e-01,9.554860385062026173e-01,6.928991301376242751e-01,4.032159816200429070e-01,8.545483061655705370e-01,9.944016305525895660e-01,7.565162814891033261e-01,8.209666119801153350e-01,6.439385897803378001e-01,4.260693282556047845e-01,1.959253119490853706e-02,5.450537240258717109e-01,6.166643081285366756e-01,7.149723953304065738e-01,6.734395914268609395e-01,5.146933796503166958e-01,4.597496953887032500e-01,5.932018130157016289e-01,8.631330573526698746e-01,8.124480023110017823e-01,5.307443124235825538e-01,6.512539100032536110e-01,7.873910581551294419e-01,6.984006837501053333e-01,9.509491137592575027e-01,4.456041362549434948e-01,9.721294972079026486e-01,8.615683235582073385e-01,6.521742892736051012e-01,8.155021418945587186e-01,8.321049301335431414e-01,6.787907879086901852e-01,4.672263275592976606e-01,3.860100654108648000e-01,9.915338098551784718e-01,9.359543046802240029e-01,9.340931956590755592e-01,9.377382493072697889e-01,2.295963533792888811e-01,7.594029594458241439e-01,4.433667736307513874e-01,7.118246549435980342e-01,7.722995496094415824e-01,7.758077133051559660e-01,8.162892026409496182e-01,4.984326236812950950e-01,7.525772616325627773e-01,3.143032203822203607e-01,8.415507083765982888e-01,6.168745023492373525e-01,6.718580316409508146e-01,6.636340596875152098e-01,7.040971042460714147e-01,5.861347300401964500e-02,6.955039210790960880e-01,9.994613678354264952e-01,9.419410680783439904e-01,6.958834468376767779e-01,3.063484897171445676e-01,3.058096933473069545e-01,2.353951046786073587e-01,9.107952341810362507e-01,4.919188320647531754e-01,5.739713430268621464e-01,7.109467625895428133e-01
6.266051292684091667e-01,9.893415042615152366e-01,8.505558837572291253e-01,9.349903004785743432e-01,0.000000000000000000e+00,7.716045762443567435e-01,6.124936867763499659e-01,3.002977494157526017e-01,8.768690148832658515e-01,9.140379172251150708e-01,6.506856705900616600e-01,1.966355288552602554e-01,8.536611694242075554e-01,4.324538509662847474e-01,8.842331937961609434e-01,-4.905193884353500899e-02,6.625194056075071058e-01,7.707492198214898060e-01,5.101936935766689940e-01,9.748739543119679940e-01,6.137186289258387273e-01,8.546602978203766687e-01,8.261558323153017636e-01,6.031440784259061161e-01,6.170679094174466028e-01,8.007302463703797057e-01,7.551987755257740798e-01,9.998839983022502764e-01,5.743233031022318968e-01,7.475708916807202176e-01,5.026702309142189184e-01,6.935677628263156036e-01,9.215600595824597896e-01,6.187631506236489498e-01,9.608172209551849585e-01,7.557307961997936641e-01,3.734036246969907324e-01,6.799479286636935793e-01,8.013821603615276512e-01,8.835639319533544755e-01,4.461853156260548459e-01,6.008916257342085121e-01,9.022659234652844473e-01,8.286686440095731854e-01,9.869336951618772336e-01,2.113680120725071054e-01,4.798306967048495686e-01,5.783720203067415078e-01,7.131013315262191288e-01,4.429329325333552503e-01,7.250790744080474193e-01,9.410327336595363246e-01,5.585386811278246766e-01,7.275410513775782961e-01,8.160330124627177550e-01,8.094004593385552004e-01,8.638275023354025084e-01,4.793918613291748287e-01,6.549389052905172370e-01,4.929410843204155013e-01,2.605671031650344527e-01,4.892699849490547148e-01,9.396605590454639723e-01,4.079073466148319671e-01,9.430295681696311272e-01,4.250295723761096101e-01,9.274480167539113085e-01,6.272035078942644892e-01,6.217057057005688225e-01,5.880360156583016584e-01,6.484192740752821038e-01,8.114467741533744061e-01,7.637901739721058014e-01,3.971673939998868752e-01,9.848495683552808133e-01,6.128953637525725862e-01,7.232134522962550827e-02,3.540768654831660811e-01,8.789017683168849626e-02,1.479361155960597363e-01,8.616178207769562558e-01,8.128955665463013514e-01,7.363901597938751209e-01,4.828367223397463937e-01,6.100266012248352077e-01
4.518366540333354497e-01,9.384440486892505762e-01,6.323532071674411448e-01,9.659853718376814058e-01,7.716045762443567435e-01,0.000000000000000000e+00,6.204143732970637259e-01,5.821910072179921070e-01,7.095622506307625033e-01,8.201281566529593503e-01,7.661822596589087375e-01,7.782048983431765210e-01,7.327556518063707003e-01,8.084910245101544213e-01,4.452053069442291622e-01,6.835005044264519380e-01,5.487205208395005140e-01,7.536239927317339715e-01,7.015206289124913397e-01,7.091662915458861738e-01,9.754557041735444356e-01,5.363874790467186848e-01,5.218810617795370810e-01,7.559379859193507967e-01,6.253175458343437354e-01,9.177397289146095316e-01,6.682039552204341870e-01,7.021676908881157031e-01,6.341389716606706806e-01,3.053650011003180564e-01,7.228894974660954320e-01,6.031312394079560990e-01,6.312235580065433949e-01,7.227905073436571293e-01,2.792587846048054101e-01,7.888183454467780908e-01,7.560332297298331117e-01,6.615668908626791689e-01,7.104775821787780998e-01,1.341448442182998635e-01,2.618102377394805891e-01,6.575861773197907434e-01,5.566453095762817771e-01,4.041677230591940728e-01,7.737506072769748666e-01,6.695150538617360425e-01,9.930544727386685366e-01,2.321801962261421104e-01,2.324019959218722176e-01,6.736147880028671153e-01,7.356045409916293076e-01,9.734138735764996664e-01,9.416719833910308646e-01,9.708424978346721357e-01,2.342203627921772002e-01,9.226217502740310938e-02,6.965845437754849545e-01,9.059668127533270221e-01,6.222459632094592408e-01,6.710207157492813490e-01,2.829874539266585276e-01,6.701379947859480435e-01,6.822214528895564900e-01,9.151680167892575213e-01,8.911405948724454573e-01,7.997354413268762396e-01,7.184454960195203466e-01,6.940727154608330451e-01,5.470994956157431144e-01,7.545364372057208335e-01,7.259800205290023456e-01,3.350799428899563503e-01,2.654283771524794666e-01,7.897617388173747699e-01,6.488591089760687991e-01,7.027953961237888292e-01,7.603441248455407031e-01,2.273242222541931035e-01,6.904842954677458122e-01,3.155872071131424761e-01,7.539110474124310901e-01,9.392727864295865592e-01,9.470361921671243133e-01,7.428138527610488318e-01,4.659098728796333133e-01
4.748858000334341134e-01,2.362385258232629626e-01,9.532482708295580975e-01,4.984883394201303775e-01,6.124936867763499659e-01,6.204143732970637259e-01,0.000000000000000000e+00,4.154009681680190802e-01,5.857951468131221695e-01,3.944546924089917250e-01,7.843917014096134510e-01,2.225990997140727956e-01,4.619873731732789257e-01,7.004373425169365674e-01,3.468529152148083217e-01,8.045612713795319282e-01,7.032910879147505900e-01,5.515214945112242306e-01,4.775185686316740230e-01,8.962362388870844798e-01,2.189994723901890483e-01,3.634769282238756727e-01,6.065071554391335829e-01,6.994648321642926714e-01,7.596577735279105292e-01,5.898416780259941872e-01,3.109077143569529134e-01,4.869249504310009802e-01,5.371901649283441493e-01,9.272755329944427638e-01,5.240065581336907918e-01,2.164305309500466068e-01,8.523497992651831723e-01,4.096051790820024463e-01,2.517818404264678955e-01,5.892666905704232461e-01,2.794476524758693903e-01,3.952318882552712659e-02,6.213745510324614196e-01,4.288596951812829738e-01,7.753430957214940689e-01,4.747908606552261879e-01,8.032744027075249260e-01,5.017673435863495568e-01,7.903320682076024895e-01,3.636369026347866518e-01,4.172936687734282168e-01,1.446926106089974073e-01,9.991843747770987605e-01,6.769220969805151977e-01,2.686965569613640192e-01,7.662948908374905832e-01,4.953904663545136144e-01,6.702906835542211672e-01,-6.620466836970198554e-02,6.889837181785173348e-01,4.080835246271439787e-01,8.542481551004421636e-01,9.138569367194401272e-01,7.967111304654772574e-01,5.330785201169241372e-01,7.636741100198709553e-01,6.924980415786645693e-01,6.621495778958292888e-01,8.890972279092358432e-01,5.336306447815701848e-01,3.901706413166509124e-01,8.901100913565870298e-01,4.121562496514153962e-01,6.717068599800323225e-01,-3.064405148830828818e-03,7.169218571668813933e-01,2.654654432208120585e-01,6.836255641143432760e-01,9.824028857165052475e-01,6.597491564627534499e-01,6.690389574945250217e-01,7.484636014903731649e-01,8.390202677380019514e-02,3.897242180005860979e-01,4.545114160006096804e-01,4.040721926849767942e-01,2.079960888584320156e-01,7.892346501390957725e-01,7.806414794248447420e-01
9.597645020377404412e-01,8.000506063163994597e-01,6.234155051052434615e-01,4.364134883478278937e-01,3.002977494157526017e-01,5.821910072179921070e-01,4.154009681680190802e-01,0.000000000000000000e+00,6.628519375869590391e-01,8.545535567521558296e-01,7.852897842011922203e-01,5.382174920872393464e-01,2.478410108936008882e-01,9.505194142991770789e-01,3.612568627374267982e-01,6.460505329971060196e-01,9.635913239000515329e-01,4.378928858100075150e-01,7.831529000038213173e-01,8.482091527109074658e-01,8.386284551697740230e-01,2.845861229758934741e-01,9.524812575780683410e-02,9.054511262395483762e-01,4.292289530627014793e-01,6.422819062028941595e-01,4.146068559945018661e-01,5.764567720961164543e-01,2.665256191055299650e-01,3.849418372707734126e-01,3.574175490306160663e-01,4.398250248982114030e-01,4.728407273544869560e-01,6.755665155992389703e-01,7.245530136533488985e-01,2.534752872866962159e-01,2.898750673931947963e-01,9.417999596965721532e-01,9.792955514043270027e-01,2.249520695357567768e-01,3.189828791480573966e-01,7.783196913100851599e-01,9.403326200081534303e-01,9.961071278354307612e-01,6.447870916085827186e-01,8.917419799649689560e-01,5.667144754486935776e-01,5.945246797158305618e-01,4.451902160056232516e-01,6.145470635557331862e-01,3.905173324984253513e-01,7.739695811566797978e-01,6.862367845567572955e-01,6.308627206058119441e-01,6.479032278648080290e-01,5.426993201333709660e-01,8.033637840998272273e-01,3.900460996531800451e-01,9.521740732295768117e-01,5.712332552213117420e-01,4.898617778473374762e-01,7.482035240226275752e-01,6.784013752595596802e-01,9.469902310783890886e-01,6.247593387150860433e-01,9.462945133885393156e-01,4.015238671976663065e-01,4.100215950860978675e-01,4.533863962799722924e-01,6.047544700421216834e-01,8.366762895439212588e-01,6.833802864039096869e-01,4.405266988233029757e-01,7.527348875945232276e-01,4.720143570543854361e-01,3.980987575335903084e-01,4.424361906995803451e-01,3.773389306922334541e-01,2.918273407395753360e-01,4.365785651904505182e-01,6.433993315493220511e-01,8.873907012068639188e-01,5.164792577105059568e-01,6.580657803143744600e-01,4.488437993417778160e-01
9.862008819371198554e-01,2.272606854074172011e-01,8.223722263968938906e-01,7.935976484395540487e-01,8.768690148832658515e-01,7.095622506307625033e-01,5.857951468131221695e-01,6.628519375869590391e-01,0.000000000000000000e+00,7.757549542204038584e-01,6.687923570329141754e-01,6.912131658913650556e-01,8.214998256148647870e-01,9.233749021792652112e-01,2.981411683350275732e-01,8.398759695325890284e-01,8.137369887872082375e-01,8.179594310239243216e-01,2.118594346157681718e-01,6.557439891216928496e-01,6.072901946947978358e-01,8.868199441128687965e-01,8.937824473991030638e-01,5.932051966220446282e-01,6.104312242801657185e-01,7.924444352897583865e-01,8.449354011914594897e-01,6.455919108246058746e-01,7.359516178413516574e-01,2.061266103058856936e-01,6.471490582025664073e-01,4.246548672937602853e-01,3.184153381023409612e-01,6.214418461286694839e-01,5.257426932871132191e-02,2.975943845593315151e-01,7.268843372802459291e-01,6.562268069023596828e-01,6.780899346455276921e-01,9.963466860553648052e-01,3.821637790551162817e-01,7.000172727888475110e-01,7.820910714656088558e-01,7.365600807503559500e-01,8.243816854464320887e-01,9.274644198803742023e-01,7.822159732734008664e-01,9.124787318556798477e-01,4.987606005471517667e-01,8.463792773391195512e-01,7.744233212273098355e-01,4.771454946352315929e-01,7.861023770879703720e-01,2.526171104860085448e-01,6.137430688859302208e-01,6.208220450663342049e-01,4.150702114126271769e-01,7.934184147156149169e-01,8.411985017500458461e-01,5.002554537516036293e-01,5.385328492377380316e-01,7.413666505754678004e-01,7.880314559226159199e-02,9.007601991385155715e-01,9.602315418007509873e-01,4.431888573864931069e-02,-1.542004768333150311e-01,5.179177761620180620e-01,2.603659115548995207e-01,7.417909643408499010e-01,7.528578285030619321e-01,3.895829987805654593e-01,5.686423031696645758e-01,4.833623494897045791e-01,7.524874242018875226e-02,8.718538014245003076e-01,2.639128606409844591e-01,6.284878342001337659e-01,6.318781991406166032e-01,5.626664791721733838e-01,2.794843387684464719e-01,8.524965723185251587e-01,3.057735820960865714e-01,4.803590792751196159e-01,7.207725974101676369e-01
9.606404360704828838e-01,8.724770043504601613e-01,4.873491395397623327e-01,9.856884046622694795e-01,9.140379172251150708e-01,8.201281566529593503e-01,3.944546924089917250e-01,8.545535567521558296e-01,7.757549542204038584e-01,0.000000000000000000e+00,2.857266385254312868e-01,6.193165301760066299e-01,6.296162915276698469e-01,9.636643626690915010e-01,5.108607626978555194e-01,8.041968152986121998e-01,9.991840764431715316e-01,6.103886739888045865e-01,9.756429813436384713e-01,3.254626149044619887e-01,7.774963212208521046e-01,8.764776556240364558e-01,8.744022081841446026e-01,7.141050761650999945e-01,4.421583086445257660e-01,6.187812181471820105e-01,7.565017487364830151e-01,7.730477301258145140e-01,4.556831612384919517e-01,4.464391880826379944e-01,6.226005746814710085e-01,6.083831435367652585e-01,6.956945403500249814e-01,5.935613916109646615e-01,7.719847284628589268e-01,5.788134951618579827e-01,2.576669397498779213e-01,3.496480520901003586e-01,9.549762541432380569e-01,9.465259949254013483e-01,5.254210868561803860e-01,7.746207602343078147e-01,9.185835770728739691e-01,7.718329776144657872e-01,7.394719183487316050e-01,9.791674735301104660e-01,6.656540296941095836e-01,8.542999435697458122e-01,8.003412128323461605e-01,7.478589349586782786e-01,7.541255615460928929e-01,9.034749178188642427e-01,8.287361230270521295e-01,8.723670042038840222e-01,5.854105292192316456e-01,9.665924159933620974e-01,9.120469427017265929e-01,8.004204309690210462e-01,8.063120919771331607e-01,3.291134838726452738e-01,9.464155052237188670e-01,4.506791083586331736e-01,2.011292769657217205e-01,7.837918803863037631e-01,6.272793837351480217e-01,8.152307327989923025e-02,8.449623226753514293e-01,9.754893765564577324e-01,4.930347933766012769e-01,7.674755306546040545e-01,7.781992138130671144e-01,5.388674196490728097e-01,3.157019115934933673e-01,2.995221736363899434e-01,5.551305740506206066e-01,5.926277422269595752e-01,8.718635683320674623e-01,7.971739194330511591e-01,5.729729848880213972e-01,2.427035710994495665e-01,7.763943597229673310e-01,7.954171768300655199e-01,9.511164126628770532e-01,5.198795022172180147e-01,3.545865949803692768e-02
5.891537927882035675e-01,8.615237899452876658e-01,8.920663685604037774e-01,6.388804539949040073e-01,6.506856705900616600e-01,7.661822596589087375e-01,7.843917014096134510e-01,7.852897842011922203e-01,6.687923570329141754e-01,2.857266385254312868e-01,0.000000000000000000e+00,4.520670815096939354e-01,6.920037774567792122e-01,7.084550292767065605e-01,4.693165253351896937e-01,5.010716929975960188e-01,5.192998610716256236e-01,7.779011229697312402e-01,9.227480780747105982e-01,8.883543805946714222e-01,8.174916276377390822e-01,-3.383949595772706154e-05,8.989222406312573632e-01,9.775933415343609489e-01,5.276975833067352184e-01,6.270243330290097283e-01,8.103535047672693059e-01,6.565990700845482086e-01,4.124050141621291021e-01,8.177230668769411848e-01,5.373879117733502131e-01,5.404540171049151409e-01,8.385775845796969996e-01,7.425874494700233086e-01,5.459947905661182155e-01,4.516373606875424551e-01,4.990353205086657251e-01,8.552179411800098219e-01,3.141276223263075873e-01,2.466898411642336475e-01,5.362228080443397493e-01,5.120271038435403321e-01,8.349892143169156400e-01,7.710884194935605507e-01,8.359237214435218943e-01,6.739636261877696155e-01,8.965525957566482518e-01,2.346865123517044016e-01,4.623055628151244711e-01,7.021745155114180736e-01,4.414081355441094034e-01,7.955104309574083654e-01,2.654100474734725212e-01,2.226813339754386278e-01,5.545690167903185586e-01,9.884074394511909167e-01,7.179800365777517790e-01,5.486873363754057875e-01,8.988209122002881468e-01,7.056476493580808862e-01,4.533449433013285734e-01,7.257855935347823362e-01,9.756144507063014837e-01,7.980591384128943311e-01,9.453475048499393463e-01,6.028489121848567001e-01,6.208948809662735435e-01,9.955965646476268027e-01,5.166687819516534441e-01,9.608028866184782357e-01,9.236025665125611184e-01,6.933022491021924028e-01,2.830097652929637886e-01,5.199699543381429701e-01,5.664502590670634774e-01,8.648668657981517516e-01,9.321837103194938745e-01,9.403115978884727388e-01,5.339806929324675266e-01,-1.263388143088924609e-01,9.977833401738849251e-01,7.076850380605070878e-01,9.039636261855443777e-01,2.532360096451329867e-01,7.780822280744175146e-01
2.791572560374788736e-01,8.021751618727378519e-01,8.087883028379950767e-01,6.912274492218404287e-01,1.966355288552602554e-01,7.782048983431765210e-01,2.225990997140727956e-01,5.382174920872393464e-01,6.912131658913650556e-01,6.193165301760066299e-01,4.520670815096939354e-01,0.000000000000000000e+00,8.142122332312958788e-01,8.098730739838186921e-01,3.374007375785633700e-01,6.095128508026900205e-01,8.190988384249262566e-01,3.814082058584621904e-01,8.652176931004863514e-01,6.683008342959062542e-01,6.082617600651258893e-01,7.175134163347478555e-01,8.669127682612812746e-01,9.650073912453723812e-01,5.632488979491758752e-01,7.498036886221375319e-01,5.697473677738033038e-01,9.846740413154985161e-01,5.061483759029661300e-01,7.718754031340818722e-01,3.153128011261762120e-01,5.283528955765843804e-01,9.121094231912967309e-01,7.659155654038917183e-01,5.888293663927390842e-01,7.107124402043438760e-01,8.529126686227381793e-01,4.149716212819300476e-01,9.072176856809223144e-01,4.555437450293869928e-01,8.206495902533104125e-01,3.008544579753814618e-01,9.144449656876150190e-01,7.367922933097386107e-01,5.230555286543280280e-01,7.347163391110194119e-01,9.091622342776145560e-01,5.919906179313050298e-01,7.399767987297560801e-01,7.325371850983912747e-01,9.418063958238366284e-01,9.205500262004816525e-01,7.928920712851925678e-01,4.282181195167569232e-01,6.727004453248489613e-01,6.356836947601349763e-01,7.841276485514032668e-01,7.781511451608175145e-01,6.484559090355532796e-01,2.453172940355131670e-01,5.380013094878568491e-01,6.311019748212858271e-01,7.668251998989975560e-01,7.120730709789664381e-01,9.578834749678390992e-01,8.956636542328986206e-01,6.876603021050303743e-01,9.936205716462260806e-01,4.722700026103615611e-01,5.740165250389475116e-01,8.967909215852528648e-01,2.671496172882287246e-01,3.852520474344169887e-01,8.843959392849536361e-01,2.154436105428395865e-01,2.071832717966079485e-01,8.596740179739772447e-01,2.906563250715005209e-01,7.106510994363151035e-01,5.388576850547514008e-01,6.549444817315792644e-01,7.455173185438042083e-01,8.079981177447991270e-01,5.582287737784973336e-01,7.699436037816159706e-01
9.265597973215370375e-01,6.132764949780854513e-01,9.489582197510133543e-01,5.021298833609133538e-01,8.536611694242075554e-01,7.327556518063707003e-01,4.619873731732789257e-01,2.478410108936008882e-01,8.214998256148647870e-01,6.296162915276698469e-01,6.920037774567792122e-01,8.142122332312958788e-01,0.000000000000000000e+00,9.035595429787910415e-01,8.678733740153754539e-01,4.191208541068386917e-01,7.020538055863053684e-01,7.318915455817903704e-01,9.078490538859989023e-01,9.881283920689341027e-01,9.484404921033118274e-01,8.403947298080302053e-01,6.280521628663150446e-01,8.892494163790348738e-01,7.506267557834133131e-01,6.652634015337511864e-01,7.821370286809299355e-01,2.403564299346412358e-01,6.195037793223705513e-01,4.705646819377880541e-01,4.755645237906336864e-01,5.806406087036372066e-01,7.945447835803373104e-01,5.051061716453165706e-01,8.337636572014121006e-01,3.555927993836752732e-01,2.627980614350072797e-01,8.717964852603519166e-01,9.235867818650966843e-01,6.101085527541306730e-01,5.706392379404794379e-01,8.620485498111150058e-01,4.145628461508931717e-01,9.339631606868900038e-01,8.560344499734470203e-01,7.502220916597714950e-01,9.436888766744727652e-01,6.113836331085792386e-01,5.997555454006280318e-01,2.326129690547114603e-01,9.713798173484040621e-01,9.274157849981652380e-01,6.983809056719416652e-01,8.388855489447041291e-01,9.254515700127385891e-01,1.535912341641344492e-01,7.325722462498461818e-01,6.262807469107183334e-01,8.456370893901145047e-01,8.251427105934651118e-01,4.116262429066963602e-01,9.014077765585329916e-01,9.146229581562181910e-01,1.199410615286692211e-01,8.045519058444208227e-01,5.337512898476044487e-01,2.209694373654383370e-01,6.938460057365759548e-01,4.976897493153095153e-01,8.436651319992569675e-01,4.571324884744707995e-01,9.196815642854626605e-01,7.847069204960889222e-01,5.372613878907607221e-01,9.722046126092643847e-01,5.964080751781413170e-01,8.739305667314885007e-01,7.314441620208750328e-01,5.843219793412712804e-01,1.610483603456545620e-01,5.029717610897261881e-01,8.934538355885476291e-01,4.089638943961189654e-01,3.410263580783766679e-01,7.840025416781593037e-01
6.001394097038350584e-01,7.513448074560359347e-01,6.421481356568716770e-01,4.534348524233848265e-01,4.324538509662847474e-01,8.084910245101544213e-01,7.004373425169365674e-01,9.505194142991770789e-01,9.233749021792652112e-01,9.636643626690915010e-01,7.084550292767065605e-01,8.098730739838186921e-01,9.035595429787910415e-01,0.000000000000000000e+00,6.957074170120135514e-01,5.211984247922942792e-01,7.202196837393436413e-01,1.047210544000627963e-01,9.648496770146427481e-01,6.239946059877561346e-01,9.246457630337033828e-01,3.821966434548887959e-01,5.220243737008953833e-01,8.137820866082456917e-01,6.002549394736245159e-01,8.241046802833984497e-01,9.807214745783034981e-01,7.736645929697925084e-01,2.917158648245984365e-01,4.170034274565610488e-01,2.883918732796320050e-01,8.432479325277690840e-01,3.620239792618495933e-01,6.214792911200203163e-01,7.206458665776864780e-01,7.182996042101110756e-01,3.913888664141153551e-01,9.540167974128106465e-01,3.364053744434598592e-01,5.333485559577778590e-01,2.099403642151178029e-01,2.175197257986374311e-01,5.360795848660919738e-01,9.684011729763871701e-01,7.738793532264803821e-01,7.895412232843979083e-01,8.578538075827083498e-01,9.036279866817387152e-01,8.570127112982703910e-01,6.181923626819433304e-01,4.571249200988201644e-01,6.233526959873632034e-01,3.316209772640694720e-01,6.977691803147522132e-01,9.729045026512541661e-01,7.659559073000751228e-01,5.843466414063875902e-01,7.451412772994976397e-01,8.432781767985237931e-01,2.324217895725119998e-01,2.794223023696589259e-01,6.631641742476559465e-01,2.067952402258790845e-01,5.625914875677190397e-01,9.815627005361839963e-01,8.031527688006921961e-01,4.447880274674798073e-01,6.619045455607642792e-01,7.611388793507525286e-01,2.172481580524858180e-01,9.460997599556923987e-01,8.021531333469521519e-01,4.127833533798751509e-01,5.598733028192232064e-01,7.362596673387918900e-01,3.893138170573614554e-01,9.958937271512435796e-01,6.332160671821569498e-01,5.534216179598755447e-01,3.793845082244437505e-01,6.213952091876062678e-01,6.987836162875761259e-01,5.100802280941243438e-01,4.588948390101140196e-01,4.620990802278999166e-01
9.528011813783083817e-01,5.391711803624660293e-01,8.651576880674798353e-01,8.112473064396865663e-01,8.842331937961609434e-01,4.452053069442291622e-01,3.468529152148083217e-01,3.612568627374267982e-01,2.981411683350275732e-01,5.108607626978555194e-01,4.693165253351896937e-01,3.374007375785633700e-01,8.678733740153754539e-01,6.957074170120135514e-01,0.000000000000000000e+00,5.195361392552539925e-01,7.720601591422794341e-01,6.217535134935510133e-01,2.770811239253926916e-01,9.883396474492460726e-01,6.984901861028984804e-01,2.230406939831701754e-02,8.208344739974408055e-01,7.908360903088522686e-01,7.727629707558441030e-01,6.950102444503655219e-01,5.486494760447622188e-01,6.136327021145964178e-01,4.973028354543893026e-01,4.440942363773381363e-01,7.957977049619776588e-01,2.548168037419483722e-01,8.696447265104338964e-01,7.012886321962603642e-01,5.655373872857958339e-01,6.597690578436385955e-01,1.721038496171702070e-01,5.663351956168127810e-01,9.196022825859070382e-01,9.825117284739395274e-01,5.663429819788303732e-01,7.147360594030396364e-01,7.126546759974424772e-01,6.036060592759958654e-01,8.002682385358174111e-01,5.958583936659838098e-01,4.932746461493783818e-01,7.888847399141869499e-01,6.893253717293544858e-01,4.126135727100641581e-01,7.641840919250375563e-01,9.477171700219150230e-01,8.642816518408110715e-01,9.372020498821267420e-01,7.358052016019929198e-01,9.990873115979639341e-01,7.490340322754468483e-01,1.388409325195238686e-01,4.734748998468557568e-01,2.186270076468098122e-01,5.505762909981097852e-01,9.353790497229430567e-01,5.430257971168017672e-01,1.674938707254550185e-01,8.956847538709900025e-01,5.172247917957247809e-01,3.657347040650339443e-01,3.418799327390182330e-01,4.414200563685681811e-01,7.174915049599481787e-01,6.304799717104746515e-01,7.071136184061790342e-01,2.476647393505073125e-01,7.578046435509282475e-01,6.075549130998854075e-01,6.778854877848122795e-01,7.285554999312928715e-01,7.109986504682830333e-01,3.661441540310440557e-01,2.382248833981496228e-01,6.684790592791211017e-01,2.220744145253615576e-01,9.266460182890815522e-01,7.903739948231707224e-01,6.895354139933682625e-01
5.356427767685673080e-01,5.450052081956855421e-01,8.462118723663205611e-01,7.561552701456043524e-01,-4.905193884353500899e-02,6.835005044264519380e-01,8.045612713795319282e-01,6.460505329971060196e-01,8.398759695325890284e-01,8.041968152986121998e-01,5.010716929975960188e-01,6.095128508026900205e-01,4.191208541068386917e-01,5.211984247922942792e-01,5.195361392552539925e-01,0.000000000000000000e+00,5.539938397295826045e-01,9.967844644531855813e-01,2.911321870354766257e-03,7.070055251692917153e-01,9.573738773289653947e-01,5.081463237139786093e-01,6.428080301056325885e-01,8.840512067015248165e-01,5.684457369142408290e-01,9.665767481223901392e-01,5.219543522111598222e-01,6.639155492504240641e-01,6.619673521116035131e-01,4.365908776772060018e-01,6.547502911315694618e-02,6.396495234895943627e-01,9.009658022411419775e-01,2.066366960311003531e-01,7.300961426308981705e-01,3.116196721509463807e-01,3.874782878847570777e-01,5.380020843346072779e-01,7.516960175714444414e-01,5.581923758061917429e-01,4.153512095755005351e-01,9.823932463907104617e-01,7.593765316420661993e-01,9.877843949599434126e-01,7.677011912928172199e-01,7.294614080538082135e-01,7.198440261890911573e-01,4.413299473132413775e-01,5.499092501966992286e-01,8.132596428889566909e-01,5.017727932364179910e-02,6.050295101212237459e-01,8.995955094451593137e-01,7.243494455335861559e-01,6.464259340886548966e-01,7.992850363417014492e-01,5.140906882373073028e-01,7.720932481580984330e-01,5.254501020406754375e-01,5.854702433979190879e-01,6.047765960278854713e-01,6.362555628209692893e-01,-1.443268502358329153e-01,5.232776445400352250e-01,4.260779920578404156e-01,4.064701604541577917e-01,9.972903085355457886e-01,5.683094205963769019e-01,6.676848736145574170e-01,7.413797872688852042e-01,3.693036895812480958e-01,9.358548380889712970e-01,5.777514932444889340e-01,9.623653786947748978e-01,6.296057094812790300e-01,3.032770415375097839e-01,9.087479693049248519e-01,4.608455726039504263e-01,5.016103831504927779e-01,3.652351065732532542e-01,3.570984868264748258e-01,7.032036331258804118e-01,4.430561419260500289e-01,2.476602912184096561e-01,-3.362498976287958685e-02
9.764117847358871893e-01,9.265193233614894552e-01,7.867767291120569828e-01,8.960587324665079123e-01,6.625194056075071058e-01,5.487205208395005140e-01,7.032910879147505900e-01,9.635913239000515329e-01,8.137369887872082375e-01,9.991840764431715316e-01,5.192998610716256236e-01,8.190988384249262566e-01,7.020538055863053684e-01,7.202196837393436413e-01,7.720601591422794341e-01,5.539938397295826045e-01,0.000000000000000000e+00,8.620363928925891539e-01,8.414444263866713847e-01,6.395834198561345385e-01,6.841463243242593695e-01,9.089528846588411648e-01,7.785472304029580348e-01,9.585791582649002551e-01,2.330330972562837388e-01,8.805037939349145137e-01,8.452550606622744045e-01,8.973575850005478527e-01,5.913940944153784907e-01,2.033521663523295830e-01,6.860462956019815206e-02,9.144973042457993362e-01,6.404666065796902341e-01,-8.192952230502760502e-02,4.298331593468938117e-01,4.400842648718426009e-01,2.340631743627057393e-01,6.300677915681995866e-01,6.581553468614514957e-01,6.658907058446787985e-01,2.107191299966971187e-01,8.934994026602168793e-01,-4.280873373063512344e-02,7.308827794057498606e-01,7.603656372334425262e-01,8.948378966007463076e-01,6.485825499273941697e-01,6.854975307923408812e-01,9.787527446026793587e-01,1.335595910630930916e-01,6.616922165254417454e-01,6.006867325221280085e-01,8.429807921608366561e-01,9.112583885225411517e-01,9.512598320924190443e-01,5.484288204526344135e-01,5.246251068162433029e-01,8.288890718140853320e-01,6.689092247286899662e-01,6.657070067850868744e-01,6.424837347792555775e-01,8.620525866190669184e-01,4.454658247327877296e-01,4.812419730855749256e-01,7.341593476742791502e-01,9.432151244516906452e-01,9.912147083284696958e-01,8.848663176591841095e-01,5.309887913028766837e-01,5.170552515464171828e-01,8.860054925097073930e-01,8.138096293491363653e-01,7.498941211722212064e-01,3.339649001830897745e-01,2.264364059766474646e-01,7.979442014926911853e-01,5.931643242710358255e-01,6.331811974441207136e-01,1.579392582995465533e-01,5.855261799193800520e-01,6.850442604373379041e-01,7.022308259355595217e-01,9.744534535356974558e-01,3.700483398837633997e-01,8.121661626254534916e-01
9.211550998706204973e-01,2.403383411897817151e-02,6.001369448323423672e-01,5.506659474305252155e-01,7.707492198214898060e-01,7.536239927317339715e-01,5.515214945112242306e-01,4.378928858100075150e-01,8.179594310239243216e-01,6.103886739888045865e-01,7.779011229697312402e-01,3.814082058584621904e-01,7.318915455817903704e-01,1.047210544000627963e-01,6.217535134935510133e-01,9.967844644531855813e-01,8.620363928925891539e-01,0.000000000000000000e+00,8.205086766175678781e-01,9.006828193520307613e-01,8.885122062059169767e-01,2.582011935167298766e-01,6.018411489330911524e-01,9.484004246953692263e-01,6.570947870708298000e-01,4.468418005923370795e-01,7.668494817660849172e-01,9.006076476748015036e-01,1.889357845114112422e-01,7.285261677800510816e-01,5.648458323403161563e-01,2.891421339090073372e-01,8.058106778937184078e-01,5.877950536458348418e-01,5.096917324595080512e-01,6.071905335784393287e-01,6.550576562127529145e-01,3.326797949312755298e-01,8.170351208924512276e-01,5.986317144584033523e-01,9.888883265519293753e-01,7.075437056776358036e-01,7.121824887740867416e-01,8.811969071283359822e-01,8.858863039583548815e-01,9.059657273626967600e-01,6.050720267349440906e-01,6.188164471557632274e-01,4.661826305933109982e-01,8.543065956717985632e-01,9.922203030034736360e-01,8.778376707817743263e-01,5.994400594481328337e-01,4.840078403067917812e-01,9.936770201030145078e-01,9.853835805759753041e-01,7.854787256704023335e-01,2.127396430056846255e-01,6.054601655421854023e-01,7.692384416862209084e-01,3.405608998507358987e-01,2.044717481352607558e-01,6.190047593564527162e-01,9.896974112182564676e-02,9.244514799532126403e-01,4.179990388731950612e-01,9.152890240034334823e-01,2.893974489550700802e-01,7.920529384302914533e-01,5.033761535600317361e-01,7.628937161085530549e-01,6.110649489146101621e-01,9.090327193103221459e-01,6.514568740249438994e-01,6.817776523123688648e-01,2.237798718952185018e-01,9.634619471264727064e-01,5.220315821114995813e-01,4.013076689358561766e-01,1.200914915336036143e-01,6.064240374411831169e-01,8.390068007557678342e-01,5.727606658238562076e-01,4.010359655412135682e-01,6.491918461048559186e-01
