0.000000000000000000e+00,8.935644663538094834e-01,9.147420820391547469e-01,7.525027283866219108e-01,6.751340763219895180e-01,9.514705315365624694e-01,4.847215113015712062e-01,8.943923768571185873e-01,8.344748841159027597e-01,8.000215946836937153e-01,9.664588563179712377e-01,6.340150508886993608e-01,7.782502162990505568e-01,9.880856826126360737e-01,8.297874818897653659e-01,9.509577854230449878e-01,4.674270004298100023e-01,9.078614491651054719e-01,2.426703402759015082e-01,6.345124583850887401e-01,6.076198925752001045e-01,4.967433395248326833e-01,9.365193150007004030e-01,8.203065804331741706e-01,6.579510761948234032e-01,8.564902242436476243e-01,8.872836704153813647e-01,8.188102271468372662e-01,6.984621201295024839e-01,6.629177576996481136e-01,4.293905521255648727e-01,9.560851720882839189e-01,9.341719597401972885e-01,6.929044096979087852e-01,7.565506498693491677e-01,-5.478137324432538757e-02,2.519088503246441624e-01,5.494462783715076126e-01,8.578238250133664033e-01,9.404091865387054217e-01,4.058897135842888249e-01,9.001733670376718122e-01,9.622677359991785861e-01,5.302970522856593760e-01,9.986852756794717401e-01,8.912818291051359809e-01,6.004912603214503930e-01,4.038879224690254954e-01,8.388739612487190467e-01,2.015048808779877076e-01,4.507943089021475003e-01,9.315104290211104754e-01,6.808582703268218905e-01,8.956735132779671815e-01,8.407424135125934894e-01,3.099576925240014047e-01,8.378958178598522322e-01,8.842763208189446944e-01,8.542413788930215413e-01,5.531741404449546096e-01,6.757099022769162966e-01,7.280837791024529215e-01,9.683855723441654462e-01,8.291602767124155449e-01,8.235828260165635184e-01,8.493465554721729704e-01,8.521269856048045988e-01,5.010498954496277468e-01,1.723769458329524051e-01,8.112862223728858346e-01,9.320135000900171551e-01,7.191501010914049807e-01,8.364716593389557309e-01,4.794830036673283225e-01,8.506545249633310490e-01,9.888356222760474878e-01,8.582511495450144690e-01,8.157331247793619955e-01,-1.586730348352080877e-01,3.536176777226610612e-01,9.709839114174362296e-01,9.267750689738906145e-01,8.494510500576198941e-01,7.395895349329582036e-01,8.462533187517730093e-01
8.935644663538094834e-01,0.000000000000000000e+00,2.844381632637157375e-01,8.875660724718344996e-01,2.536682415996091011e-01,3.428107245341755482e-01,7.281887588031528136e-01,5.351628342972025720e-01,7.948871969885765720e-01,9.118165180651746082e-01,5.027844182215309710e-01,5.652595254801401348e-01,8.368722364807124059e-01,8.804536990315035005e-01,9.819529079463269472e-01,8.555233329211756610e-01,9.379689657288933224e-01,7.260097612634601738e-01,9.252276521260973663e-01,4.940199292497510219e-01,2.851148533943993479e-01,6.762595867852965181e-01,3.575052762129660167e-01,4.210303660952321447e-01,5.931673806854472764e-01,8.049170310810933593e-01,5.607965250737405594e-01,9.585104157296642224e-01,7.749764143412872786e-01,6.082923312953427697e-01,5.327286878904866629e-01,4.053292935141085684e-01,8.375611994963920726e-01,8.774067679502102202e-01,7.619829558774672273e-01,2.643525454704117594e-01,5.228213282993412481e-01,7.779406621176669923e-01,5.955697491008635769e-01,9.057558018867143401e-01,2.186350116434783719e-01,8.515446189376503217e-01,9.903749846156202352e-01,9.042446449600750613e-01,7.185968037977693568e-01,9.950884364173423480e-01,8.898465968802320436e-01,9.383077543702218470e-01,3.074521819910100984e-01,3.007585347833932610e-01,4.931203950022082783e-01,8.946965800568259519e-01,9.700951683760710154e-01,5.724235439991585128e-01,7.452211947268164716e-01,9.815028995073471485e-01,6.082660401886028634e-01,9.553890692394247930e-01,7.807556316528531104e-01,1.259972881257334920e-01,7.891221235785569332e-01,6.523466284053923703e-01,6.793751246369837959e-01,6.257324775626034175e-01,9.503876421417117859e-01,5.827607586082701741e-02,8.158332771520442339e-01,8.568126136973580609e-01,9.226166105112185711e-01,7.796770389067851914e-01,7.689442673238496839e-01,6.219038536855440169e-01,6.273759871042550174e-01,6.219103510799808276e-01,5.043894410459198729e-01,3.906552733906990538e-01,7.959887183629292817e-01,5.079867219342739659e-01,5.620594168032899685e-01,3.292019332119051622e-01,5.125910179259294264e-01,7.511476194583215360e-01,7.559613792018230471e-01,4.367079632241194775e-01,8.200298501388556538e-01
9.147420820391547469e-01,2.844381632637157375e-01,0.000000000000000000e+00,9.499319391657183864e-01,9.864421129300088298e-01,9.132957954142804091e-01,9.100633981664865146e-01,8.898981567761651279e-01,8.631942735191815430e-01,6.820642986938830754e-01,3.995222039521384438e-01,9.306878451865222557e-01,7.392195290782185291e-01,8.020290946283479272e-01,9.036747158940979796e-01,7.066653393894448687e-01,8.018998491249168525e-01,5.626144865309768983e-01,7.784905333228033797e-01,8.110795361826448335e-01,8.876210389382966914e-01,7.942399536093571744e-01,6.421070610072063811e-01,6.534077573976001529e-01,8.540146547076933325e-01,9.006765420126566779e-01,9.617789486430765589e-01,5.007152701885460022e-01,6.509062434123900065e-01,7.091722185815068080e-01,1.595321042999214289e-01,9.508099735586682533e-01,6.027667295260454861e-01,8.221901563439885097e-01,9.147587959431496829e-01,1.164066360630891944e-01,3.203586680546371968e-01,9.014426200788940857e-01,2.066419373442111018e-01,6.499508138544688451e-01,5.233450493253314351e-01,4.578653281169871581e-01,8.777164737469829170e-01,8.237288010504849600e-01,8.699332460675527345e-01,6.292367363356907717e-01,8.894703893946246387e-01,4.714351556250659381e-01,7.917284451899402331e-01,9.860245226634530846e-01,6.446584936116808162e-01,9.528946124585341293e-01,7.348259320210080991e-01,6.752233257537620936e-01,7.915477535496724393e-01,8.555149549955591848e-01,6.288225150548287790e-01,5.734642718772334780e-01,7.418559340106878341e-01,2.584157231615503703e-01,3.591959011690359360e-01,8.918594247706344014e-01,9.521720076026114477e-01,6.028604856357679953e-01,8.621715438280842525e-01,9.705907140238460018e-01,9.017383108004676240e-01,9.595133721071770205e-01,9.969771045985508229e-01,7.813720721750805343e-01,2.869060060418089919e-01,8.511367936412829183e-01,2.829542340180128401e-01,5.588716446037104157e-01,9.958468922308157945e-01,8.223610768577771513e-01,9.097968654771091401e-01,7.884837689465339361e-01,4.969977653416442209e-02,3.900232580571671992e-01,8.073915342778910098e-01,7.998964587826065120e-01,8.682723060441738250e-01,5.372043669240715857e-01,8.354516957188538040e-01
7.525027283866219108e-01,8.875660724718344996e-01,9.499319391657183864e-01,0.000000000000000000e+00,8.450803882975413961e-01,3.459255415406291556e-01,2.718915774083994208e-01,7.557909850999264822e-01,8.547192365902867017e-01,6.159246465706234019e-01,6.191520670067737209e-01,4.931095976843146711e-01,9.742944784624421040e-01,5.525843128083322009e-01,4.755033953559533177e-01,7.476128846486365109e-01,3.054691566960418547e-01,9.189844333072271221e-01,2.895874870864523221e-01,9.448876160040627914e-01,8.244946558774551848e-01,8.464177902369482975e-01,5.407677644908424064e-01,5.968359871183532839e-01,7.490197363697140842e-01,9.864516935511289386e-01,7.989410745412077741e-01,6.941327410992693681e-01,5.860464115778268868e-01,2.333920466992788489e-01,8.354707512143492165e-01,7.632709507804225080e-01,9.276020176359738301e-01,6.597598725942531717e-01,6.148479694293037534e-01,1.611086718335532075e-01,5.430242995961580554e-01,2.008125664003622135e-01,9.386247497475327384e-01,9.406111986228614663e-01,5.767292457140940076e-01,7.974075008172926138e-01,9.026842795652291196e-01,7.271507910979441158e-01,9.459327603652768479e-01,9.332300390793595302e-01,7.342855659366970267e-01,8.611962108861773713e-01,5.753463631994750749e-01,9.853761321149986374e-01,7.868300610538422335e-01,7.972620018583567170e-01,4.547441556652498384e-01,9.414576900836409967e-01,8.592722594943912329e-01,8.067582468687198860e-01,-1.267859577740007015e-01,9.539898216843059053e-01,8.658659456232356000e-01,6.937573775677191579e-01,5.355157421636393966e-01,8.318901065923122173e-01,6.954850785307856720e-01,8.221261280827575346e-01,8.836046822933352196e-01,8.511437349778074868e-01,1.719793044562719642e-01,7.397828382778686152e-01,6.017545954321066315e-01,6.892044252102116353e-01,8.857021437727458091e-01,9.434019203923134089e-01,6.504302024885639799e-01,3.560191773885943434e-01,5.729510114702817125e-01,9.976410062194874806e-01,7.954436803078133167e-01,6.811731710387346483e-01,5.021559594992834885e-01,2.284710423638820764e-01,7.059932402799782292e-01,8.953209540873925398e-01,5.034988336809873566e-01,3.447559552795157467e-01,6.018473386950490278e-01
6.751340763219895180e-01,2.536682415996091011e-01,9.864421129300088298e-01,8.450803882975413961e-01,0.000000000000000000e+00,7.070050415740810612e-01,4.359390190023565981e-01,5.302324402647431434e-01,5.868504731236540151e-01,9.461000294031214342e-01,2.407972755330985704e-01,4.113322366417915821e-01,5.247548220559075105e-01,8.897556810922493398e-01,2.047692481809381404e-01,6.082482563187352476e-01,8.305385569856471584e-01,6.864936516757726981e-01,7.845865824945729150e-01,7.912880438808900241e-01,6.638013256178103561e-01,7.411590763972997209e-01,9.379007930064020560e-01,8.430525611556043408e-01,8.439926941632952540e-01,8.516742606041992625e-01,5.745949886422189179e-01,9.328235449916455480e-01,2.721716185849200609e-01,4.853439503280771450e-01,2.020409878160811523e-02,2.879034610063443966e-01,6.055331110183924670e-01,4.022483504654252306e-01,7.651726959187337140e-01,5.817070975368741070e-01,-1.050929157881916320e-01,4.739855390483999065e-01,6.173106650088615588e-01,6.946834895084058603e-01,6.241873676594849041e-01,6.159064408594357998e-01,7.394439219112587391e-01,6.093499156710666664e-01,6.534650469273748374e-01,5.998244656631748217e-01,6.460630489377114927e-01,8.954517659399386931e-01,9.764593884041703475e-01,4.103666477809377322e-01,3.108899783971124098e-01,6.460584965632418797e-01,6.483422339291390335e-01,6.847758136521954198e-01,7.461196296754197821e-01,9.272403816352716710e-01,6.215607494878974126e-01,8.328828810590627185e-01,9.467811546831761405e-01,9.292140940714899155e-01,4.393507248066249593e-01,4.841181844104575638e-01,8.638424157210419230e-01,9.031751353182198017e-01,5.046904987693624500e-01,4.148559318716041888e-01,5.147173597692691338e-01,7.842530935382479029e-01,4.930770642799853221e-01,7.293331708869063013e-01,9.949209541707122462e-01,6.582065457073210668e-01,3.081412395368440249e-01,5.685499334335961663e-01,3.441593514505212337e-01,2.730378379240727127e-01,7.438408815309209832e-01,-5.187990892354946149e-02,6.735314081910463990e-01,3.137817819018767218e-01,2.987388125913816861e-01,8.418502018359790284e-01,9.782738395919577945e-01,4.243432282084433904e-01,4.993254184715613664e-01
9.514705315365624694e-01,3.428107245341755482e-01,9.132957954142804091e-01,3.459255415406291556e-01,7.070050415740810612e-01,0.000000000000000000e+00,1.704390508631551948e-01,2.476361851368467648e-01,8.494663877052041068e-01,4.833962063481792581e-01,8.615597958889522623e-01,9.740146719495733629e-01,6.043305714743139045e-01,8.029237261403709969e-01,7.712013730290072644e-01,7.446116707040932869e-01,9.174467754291232291e-01,9.972858873678116520e-01,7.471505309331898381e-01,8.087115326253502268e-01,7.085715196533614035e-01,4.708840161641577593e-01,7.686829290271641746e-01,1.782975968635427122e-01,5.855766289194159757e-01,6.971987531716350439e-01,6.606707241092927285e-01,9.308348047450918372e-01,7.740239143861736837e-01,6.178750036024869274e-01,1.436607248075427445e-01,4.079745151504207690e-01,3.925101155203438719e-01,4.805855653501097113e-01,4.519140912402731525e-01,5.804454501018336821e-01,7.606399679017016302e-01,2.824990226574766172e-01,9.373920484239520734e-01,8.527086362744730197e-01,5.855619578403025161e-01,6.030029999347907843e-01,4.593976216609568231e-01,8.616541214411435057e-01,8.738735058663064104e-01,2.204974223773154551e-01,6.875631209089799745e-01,7.592834344428950333e-01,9.332098863080424689e-01,4.914998296438890524e-01,8.064476450034862021e-01,9.247469425506908980e-01,6.817713581702561365e-01,9.797385816326162900e-01,6.047352856143000110e-01,9.383529856895094223e-01,6.273079712856971524e-01,8.316142780609039331e-01,9.617738308326380103e-01,6.875203303844104052e-01,4.453888619767886747e-01,4.920638194061673354e-01,7.309114499901721018e-01,9.733025073207250966e-01,7.487682054934950981e-01,9.736295872098247317e-01,8.924593410490990752e-01,9.896769290028316624e-01,5.681308703256847670e-01,7.691403274053704164e-01,7.506508593637527538e-01,1.576273304093813721e-01,4.544450304181299471e-01,3.855454718949394843e-01,8.091492810254553580e-01,5.966246639506125327e-01,7.165072655515030142e-01,6.530513815068990091e-01,7.509552508931225390e-01,2.842295022575703767e-01,9.829019259255725727e-01,6.067137039011349930e-01,8.151332386508605143e-01,2.361164616762445323e-01,-1.248196452068839335e-02
4.847215113015712062e-01,7.281887588031528136e-01,9.100633981664865146e-01,2.718915774083994208e-01,4.359390190023565981e-01,1.704390508631551948e-01,0.000000000000000000e+00,6.151677191794947541e-01,6.915023386407505024e-01,5.927045158416868187e-01,5.945094834929950389e-01,6.559350497926162982e-01,6.866100309623122122e-01,4.937997786234804565e-01,6.239313258460843503e-01,6.025072320783283475e-01,8.130784002244209052e-01,9.401598348136840366e-01,7.142081872868840664e-01,8.092060683654181963e-01,4.463345948079633918e-01,4.269112284055351370e-01,4.099274308234048259e-01,9.820435789597513621e-01,5.422942821223414311e-01,5.566430000828330726e-01,5.339843163628298361e-01,7.210482744951622613e-02,8.594577014281444827e-01,7.493131916239919033e-01,6.476654671467423352e-01,5.754303979537549463e-01,6.721923394773099414e-01,2.638299976558662330e-01,4.432730121852958560e-01,6.209228936748758532e-01,6.865054417445638490e-01,5.832628701372958302e-01,4.313604384286565119e-01,7.199593324224635715e-01,6.327877137525556028e-01,7.114767158892435495e-01,8.344241646334914497e-01,6.344081471640616865e-01,7.018106241437807036e-01,4.277674557404183564e-01,9.239891600575096398e-01,9.194559641925351690e-01,6.174104643649073187e-01,4.264104005126469477e-01,3.366420916639636940e-01,3.320729353455061927e-01,8.865449665477946883e-01,2.636550869543207165e-01,9.959933249364217867e-01,4.541672101689291918e-01,7.955704502347695772e-01,6.606080934338630639e-01,8.059630669117613389e-01,5.941123268017067804e-01,6.969905283300502630e-01,7.334464949007606371e-01,6.745202248305479653e-01,8.105938860952290881e-01,9.997033941577375682e-01,3.631761461676735747e-01,6.311215152804033890e-01,7.819161387066706492e-01,8.183529904265777200e-01,4.985785997331227959e-01,7.197292206669853032e-01,2.572245513290222774e-01,8.255293539075263531e-01,3.599219101814468136e-01,5.753132977820267779e-01,6.020841894794998206e-01,4.921047220147067858e-01,7.783816927951225928e-01,7.076207038226385304e-01,3.883058734481201757e-01,5.040194043070987950e-01,8.323626976620540630e-01,5.095205930525041893e-01,5.326170213204821646e-01,2.234205342824788221e-01
8.943923768571185873e-01,5.351628342972025720e-01,8.898981567761651279e-01,7.557909850999264822e-01,5.302324402647431434e-01,2.476361851368467648e-01,6.151677191794947541e-01,0.000000000000000000e+00,9.443612713517615109e-01,6.161385872045052059e-01,6.897626438369407476e-01,6.253622996477451457e-01,7.124479056350386807e-01,6.874331089147663887e-01,7.524738366500386411e-01,5.417017574835361060e-01,7.582858124356464113e-01,6.346664084392805716e-01,8.771192865780466086e-01,9.795126821780099080e-01,9.873400572072436043e-01,3.047411441001847132e-01,3.057639549686445579e-01,6.355728699881095789e-01,5.980122776518552730e-01,5.475734471369476664e-01,7.431226537452380043e-01,5.606565605557559673e-01,2.895145546049044949e-01,4.589595146114457402e-01,1.313372764379988344e-01,3.195931736335038548e-02,7.275529960323071643e-01,4.250887034944196285e-01,7.432650211726427036e-01,5.751951902510700210e-01,2.065605518565425958e-01,6.137538823224111262e-01,9.938422102327642005e-01,9.319302659567550995e-01,5.185341452110900917e-01,7.311445472259991973e-01,6.468581841423250989e-01,9.177671814908422432e-01,6.110578341608527975e-01,4.532403131019578368e-01,4.191933392322844676e-01,2.769670811783076503e-01,7.162323239189913870e-01,4.614933601626131643e-01,1.436567557857616195e-01,-8.878993912461287386e-02,3.441962774868849717e-01,7.901426189856540772e-01,9.377694117963751852e-01,6.479111619801332100e-01,6.908601674050707242e-01,3.736385029855631701e-01,6.340120387660200807e-01,7.432393988704399934e-01,7.608744882611182536e-01,4.473580183431817292e-01,6.333704115826409575e-01,8.727065565350633491e-01,8.059509282577745903e-01,5.380018953935539194e-01,9.567017946728957334e-01,9.712968596272120170e-01,4.281065242348139899e-01,5.223941715452936618e-01,5.235183714667495103e-01,5.784491172788508440e-01,8.989228635358528230e-01,4.489440800180425351e-01,7.917125155645670098e-01,7.099772850678259806e-01,5.678203698267633159e-01,5.494825214277220260e-01,8.870316041871443291e-01,1.375364346956495926e-02,4.967165328714686634e-01,8.662582434238765838e-01,6.270543681835984984e-01,4.847463116135581895e-01,6.582774872388037490e-01
8.344748841159027597e-01,7.948871969885765720e-01,8.631942735191815430e-01,8.547192365902867017e-01,5.868504731236540151e-01,8.494663877052041068e-01,6.915023386407505024e-01,9.443612713517615109e-01,0.000000000000000000e+00,7.100664902554878477e-01,8.407881211902773488e-01,8.504167586137241497e-02,4.984069275503479890e-01,7.707987053637216368e-01,4.057262998381638841e-01,8.619409335528938065e-01,9.631655410777699711e-01,7.807117084761697745e-01,5.092831609534883563e-01,4.636087304904403239e-01,9.641407354937490126e-01,3.211692362631036746e-01,4.785825179232585658e-01,6.149089256720349228e-01,5.367919727881993452e-01,5.574462341240685737e-01,9.553683057859722050e-01,7.452569331613942971e-01,2.321278646884577801e-01,6.039217240985622626e-01,-1.801357966448659531e-01,9.870747897991782871e-01,9.088030623355224380e-01,7.164473172488499131e-01,7.573526813442573724e-01,7.043834557091925852e-01,2.643301193465488197e-01,9.702612660449654314e-01,6.929077837710799770e-01,9.276026671263500889e-01,4.170278010471865637e-01,2.995388792331102334e-01,9.482513825458660506e-01,7.461901396821073451e-01,9.474099437510147270e-01,9.423768084611000573e-01,7.954353656766481873e-01,3.190969103169480348e-01,5.751540492149456174e-01,9.422957173711856704e-01,8.020883763237921515e-01,6.416164394578030006e-01,8.907640547473660853e-01,4.105509036969012815e-01,9.941319861757353937e-01,5.610884390780777053e-01,7.805383372153924526e-01,2.364110979651289912e-01,4.226908754403527757e-01,5.798667388671208123e-01,2.411234792929215776e-01,3.678810095313499451e-01,5.772278241919641673e-01,5.250834797396850551e-01,9.600525373646384697e-01,7.386069989146716308e-01,7.498605240606043276e-01,9.950584787751537430e-01,4.566653590936562979e-01,5.462417177535743296e-01,9.453921609121261893e-01,8.687820767806635480e-01,2.004517902014213149e-01,3.660053492334168768e-01,8.755199754998420625e-01,6.356927784682977478e-01,6.829994725307535486e-01,6.165008042763099327e-01,3.677565272377672501e-01,4.867704515836303036e-01,3.081705338999617405e-01,3.552472711871784150e-01,8.766368799408696955e-01,4.298239627037591659e-01,5.216517272576752795e-01
8.000215946836937153e-01,9.118165180651746082e-01,6.820642986938830754e-01,6.159246465706234019e-01,9.461000294031214342e-01,4.833962063481792581e-01,5.927045158416868187e-01,6.161385872045052059e-01,7.100664902554878477e-01,0.000000000000000000e+00,6.816743442487471771e-01,6.168303983027850768e-01,7.504989532198506064e-01,7.194023180249662364e-01,3.053409667302734443e-01,5.827884991174068219e-01,8.070155919791083265e-01,7.539753507574562530e-01,9.637351503963096366e-01,9.407483948944274088e-01,6.191275058277903032e-01,1.449426651458088633e-01,9.659862508111215496e-01,8.472240329652860336e-01,7.534011986919418868e-01,4.740243548870559653e-01,9.666777680021638730e-01,6.918073948070515566e-01,3.983839515019900190e-01,2.408517391488383397e-01,2.330016415623065162e-01,3.851765358662888050e-01,4.464206388214858046e-01,6.083534028198129828e-01,6.273741830558174915e-01,7.057678314846916878e-01,7.719308437061978001e-01,9.107610905751031272e-01,7.351942570519240938e-01,8.317712135522533634e-01,7.886597019572536560e-01,4.916167419022332563e-01,9.641710812236108374e-01,7.939195759239182637e-01,4.963685065157772969e-01,9.269016135442422755e-01,8.887831750440249312e-01,6.257592319083806753e-01,5.413245788874552211e-01,6.439132924424504356e-01,9.825909919934351366e-01,9.528538210963092281e-01,8.374293962017498316e-01,7.505844133241890148e-01,1.349642988964094292e-01,4.842267974638189143e-01,3.025369682669668547e-01,7.901872290296143575e-01,7.345436531659537138e-01,6.064466784991112691e-01,6.173060955854088316e-01,8.453907417277387593e-01,8.982982552692181377e-01,8.425217655137222650e-01,8.877256958749512039e-01,6.490388348830858911e-01,6.967977951978645557e-01,6.604246529608256422e-01,7.291204073792392215e-01,4.206966662428103798e-01,8.781233092589086908e-01,6.720889010133108687e-01,4.944880440778335329e-01,5.132352584727593037e-01,7.202852636836160061e-01,8.741925585561443057e-01,8.985787698046217020e-01,5.995541450228951685e-01,4.286348955826728702e-01,5.218710523602980711e-01,5.974142084365081651e-01,8.649225938937030733e-01,7.478515663270698388e-01,6.933694476974615606e-01,7.504161170465574182e-01
9.664588563179712377e-01,5.027844182215309710e-01,3.995222039521384438e-01,6.191520670067737209e-01,2.407972755330985704e-01,8.615597958889522623e-01,5.945094834929950389e-01,6.897626438369407476e-01,8.407881211902773488e-01,6.816743442487471771e-01,0.000000000000000000e+00,4.215599519803521211e-01,6.583647172023470162e-01,1.202044065652873722e-01,4.421302509178773321e-01,7.249180303996233254e-01,8.061693709558219734e-01,8.499775652081111854e-01,5.313440810821289384e-01,8.834757917238726943e-01,6.887533164992001300e-01,7.139422276630891240e-01,4.905684143358596816e-01,6.731782333816525021e-01,2.498360038231247082e-01,2.474123578757219666e-01,8.017379359348894008e-01,6.172531694194036689e-01,5.082974331289565884e-01,5.551284569934752389e-01,7.868145110114705965e-01,6.582059118136940334e-01,7.127394193443903347e-01,7.221912168329203130e-01,4.050066629657352313e-01,4.235918607924429868e-01,3.022884494835444413e-01,9.835756203809039588e-01,2.237034951234739277e-01,4.907310992553390316e-01,7.555027073513701508e-01,3.009247416086059390e-01,8.018942666529180752e-01,4.496611615829503306e-01,5.035189676072346909e-01,8.742266618583693916e-01,7.959332223882659152e-01,9.341358501973221484e-01,4.192453767093126116e-01,7.275658628375577530e-01,6.361699458254499451e-01,9.028152146426747793e-01,7.448728182158924627e-01,4.887903062039690161e-01,9.320301105809043474e-01,8.552845931526412704e-01,9.743585224970503500e-01,9.602703593706949370e-01,8.361676672051553405e-01,5.987720259956538227e-01,3.973366828773792214e-01,6.593077992597543568e-01,8.414758071277048668e-01,7.959128982111061124e-01,9.017929025540782906e-01,5.774901857317528142e-01,7.410982616301056147e-01,8.128111488634995885e-01,2.471563461429853448e-01,6.432974085937578357e-01,3.751164602285022021e-01,5.814205044195033256e-01,6.513754589703950604e-01,4.200080928318759566e-01,7.783523628615824919e-01,8.106456278617327760e-01,8.321358544054481277e-01,7.650816940675395639e-01,5.698061742439790578e-01,-6.266649121150275059e-02,7.410128023110089390e-02,8.156763008105287760e-01,8.886007935007779190e-01,7.735910311948928086e-01,9.583924357347972656e-01
6.340150508886993608e-01,5.652595254801401348e-01,9.306878451865222557e-01,4.931095976843146711e-01,4.113322366417915821e-01,9.740146719495733629e-01,6.559350497926162982e-01,6.253622996477451457e-01,8.504167586137241497e-02,6.168303983027850768e-01,4.215599519803521211e-01,0.000000000000000000e+00,6.777098071941973778e-01,2.344271982581364322e-01,-4.719560757212312718e-02,6.277234024643860710e-01,5.234733832717961555e-01,6.437681183068061364e-01,7.342879485549027585e-01,8.586105116346657296e-01,8.302675468574809425e-01,9.545661625875010436e-01,6.781382133087540121e-01,6.104777192276553688e-01,5.859668744047932254e-01,8.425952442117289332e-01,8.624253913772520486e-01,7.696157285947667903e-01,5.933312990736385739e-01,3.170560448473509485e-01,2.646981019803407165e-01,4.221561454903338673e-01,8.825641859358913655e-01,6.911613488170242903e-01,9.433056963007817597e-01,4.347407854721811460e-01,3.403147369182915605e-01,7.550180106528088242e-01,2.513327415954786925e-01,2.326530202828884231e-01,2.226202078672838702e-01,7.327815487677891149e-01,6.613940135123806963e-01,4.525500049835574634e-01,6.567185997061860681e-01,5.917558643510490990e-01,2.845962191790696316e-01,7.463723545988563135e-01,2.300037837546130004e-01,9.879316324086236945e-01,2.853858998504928968e-01,7.535754480763361407e-01,8.399333900539196485e-01,6.880523891331490338e-01,-9.572477684528457598e-03,7.862979131216130124e-01,5.708593497294565111e-01,8.327089908735810786e-01,5.744700880129017806e-01,6.891515905401010000e-01,5.252006935540538546e-01,6.831627626260712294e-01,9.502391678967915256e-01,8.458631544785684131e-01,4.244590750807898938e-01,8.983354942382926200e-01,9.879332170509153022e-01,7.376674510699987586e-01,4.412350266839921153e-01,7.808677896637775673e-01,9.309610521306166397e-01,8.637108080661141107e-01,5.014851658482654129e-01,2.364715316571213699e-01,6.397172240930872888e-01,9.756045686938534800e-01,9.136973926082680997e-01,5.848358369339619056e-01,3.803390869917446793e-01,2.245469675484517702e-01,6.181997669038078458e-01,6.325604741344754700e-01,7.556512252146047048e-01,7.379554488611290708e-01,9.319435431796621039e-01
7.782502162990505568e-01,8.368722364807124059e-01,7.392195290782185291e-01,9.742944784624421040e-01,5.247548220559075105e-01,6.043305714743139045e-01,6.866100309623122122e-01,7.124479056350386807e-01,4.984069275503479890e-01,7.504989532198506064e-01,6.583647172023470162e-01,6.777098071941973778e-01,0.000000000000000000e+00,3.147745915707274578e-01,9.738817776067307808e-01,8.244127516448175319e-01,9.874236660049857672e-01,9.422435936518595012e-01,6.938066009750132324e-01,5.449768882848159413e-01,8.697085920958319560e-01,6.279715779512144991e-01,4.429919442201444846e-01,6.027600082538578929e-01,8.011103052296839611e-01,4.260231112523490959e-01,6.714860526859096623e-01,6.507028049966219196e-01,6.667695536101235776e-01,2.481542104140315730e-01,3.493184701815190696e-01,6.368439224466000415e-01,9.751094473930268514e-01,9.386288040711596725e-01,9.143831454720845464e-01,3.262041776315618424e-01,2.282545497736236384e-01,8.178227334750736155e-01,7.199859686757826838e-01,6.322169950788614212e-01,1.606617365057344260e-01,-4.919804417941314734e-02,9.344636703292620306e-01,2.504599851114585052e-01,7.391436897059002753e-01,6.652536292980588684e-01,4.566051247571000227e-01,8.860555046706012350e-01,7.538630199377260865e-01,7.237948085313263835e-01,7.749858371562683423e-01,5.950196653842840799e-01,9.302955595755465490e-01,8.829792126487867598e-01,5.562920427526841793e-01,3.455364364439043046e-01,6.857591404842275917e-01,5.528799336487723037e-01,9.688757499999520739e-01,4.038940419061058384e-01,1.430246668946409949e-01,3.563593309301205103e-01,8.095096514300652579e-01,6.090392121202724551e-01,7.906340481773078688e-01,5.048236611838312626e-01,6.542149962022719700e-01,9.577461542347809331e-01,6.900442337240029200e-01,9.531598681042369181e-01,8.814415778277968627e-01,7.568925756943060135e-01,4.447145765449985189e-01,3.977982401797999223e-01,6.522098400260565310e-01,6.918851265875686218e-01,6.975433259852463763e-01,8.821331770761450253e-01,6.601581259643816146e-01,2.243294019512259430e-01,3.961163173292623352e-01,6.835483723500509479e-01,8.026742808221366543e-01,9.082778973377454435e-01,6.181057990523721735e-01
9.880856826126360737e-01,8.804536990315035005e-01,8.020290946283479272e-01,5.525843128083322009e-01,8.897556810922493398e-01,8.029237261403709969e-01,4.937997786234804565e-01,6.874331089147663887e-01,7.707987053637216368e-01,7.194023180249662364e-01,1.202044065652873722e-01,2.344271982581364322e-01,3.147745915707274578e-01,0.000000000000000000e+00,4.612296497134193984e-01,8.410169120274135768e-01,4.067531039205821153e-01,1.880483948798308547e-01,8.455166510861845675e-01,4.776026814184899383e-01,8.400583679808032445e-01,4.846658426870799063e-01,5.157092609312968756e-01,8.015482853380776485e-01,4.427211154503220003e-01,5.980843120265113555e-01,6.761806619774328730e-01,6.979369941645916509e-01,6.892707923383695201e-01,5.435660305974227002e-01,4.318798593023969179e-01,6.873661192473137227e-01,9.160314913085819688e-01,9.237356949537509632e-01,6.387825022959712218e-01,5.706971557381447235e-01,4.493279097373953923e-01,9.181733004272808474e-01,6.188087769829987428e-01,7.087437725588614512e-01,4.632321282168279097e-01,9.662831212367839484e-01,6.025272660228768729e-01,3.894533741503306001e-01,6.138660191306999359e-01,6.152939947809984433e-01,5.020572102915747958e-01,3.978440693890685775e-01,8.529832290588423849e-01,8.048086937474884239e-01,8.080406168711307124e-01,2.692150802577437940e-02,4.320888869441039115e-01,8.689129567870433890e-01,5.438381384363006887e-01,9.858786033122823866e-01,4.079984690689311133e-01,9.571318188058797194e-01,2.725996034940827636e-02,4.274322525330300215e-01,5.275488994008937782e-01,7.733363661394098143e-01,9.308807709436974775e-01,5.075032088811387565e-01,9.197161634029913380e-01,8.418162565783623430e-01,5.929018163520080043e-01,5.508470680496916350e-01,-6.226849527171290921e-02,6.918498337530367692e-01,2.145096377666661502e-01,8.014159862226053477e-01,1.522209188784925393e-01,3.652818335276812878e-01,7.977026675022691471e-01,7.962192703976849195e-01,7.887344350672549353e-01,4.250282672890430824e-01,7.652499377659844892e-01,-1.140040869686967384e-02,3.070603542368556260e-01,4.200148317817471444e-01,6.770846392695822891e-01,6.207875737899491986e-01,9.531743918297983509e-01
8.297874818897653659e-01,9.819529079463269472e-01,9.036747158940979796e-01,4.755033953559533177e-01,2.047692481809381404e-01,7.712013730290072644e-01,6.239313258460843503e-01,7.524738366500386411e-01,4.057262998381638841e-01,3.053409667302734443e-01,4.421302509178773321e-01,-4.719560757212312718e-02,9.738817776067307808e-01,4.612296497134193984e-01,0.000000000000000000e+00,9.340126165418063398e-01,6.214983226044332731e-01,7.910589362605808805e-01,2.900413640211096378e-01,8.358451276103930905e-01,7.633833162017762408e-01,8.087835697663352530e-01,3.675513220429156291e-01,9.551892281439999799e-01,7.930584763697633432e-01,4.055432510291483994e-01,7.580740058428202532e-01,3.563654658493261018e-01,5.243549506196381049e-01,5.691840059862898205e-01,-1.319269840036737529e-01,6.693850804105864194e-01,3.033649545961358274e-01,6.821180150232769579e-01,9.074110856967881888e-01,4.533799165575170265e-01,1.016076540116576110e-01,5.819205500494886163e-01,7.117734691264117064e-01,6.085099502962953988e-01,7.034211588723199293e-01,5.516852905960555331e-01,5.834913910143281202e-01,6.640393623343814333e-01,8.251153050601802708e-01,8.288184819818312787e-01,8.574574728254671374e-01,4.417283935162929498e-01,6.205227606964610620e-01,5.158402453344982375e-01,7.326315922406659853e-01,6.297004022976636639e-01,7.143236222988753603e-01,7.631289188440206761e-01,6.639333835077685375e-01,2.930484343257710456e-01,5.316288683665093551e-01,7.025751809348435017e-01,1.563400480804867931e-01,4.991644414935054175e-01,7.756725735517067122e-01,6.231566985456282737e-01,9.639755364754689637e-01,9.488222540842548014e-01,3.891505083914225116e-01,4.131121933400319080e-01,7.595740191138218300e-01,4.937814172944784974e-01,4.679613885281209140e-01,6.142995712347438797e-01,9.051091269288887853e-01,4.430284202533361082e-01,7.566588246480522306e-01,2.330155217499895459e-01,7.624550265687856099e-01,3.001918923998796451e-01,9.275684979407787800e-01,9.842586380626283660e-01,4.283189103317069923e-01,1.878355358633869432e-01,6.640963810326329098e-01,8.489511210746986114e-01,8.850081677199606034e-01,5.949738617725802703e-01,7.433363076609782460e-01
9.509577854230449878e-01,8.555233329211756610e-01,7.066653393894448687e-01,7.476128846486365109e-01,6.082482563187352476e-01,7.446116707040932869e-01,6.025072320783283475e-01,5.417017574835361060e-01,8.619409335528938065e-01,5.827884991174068219e-01,7.249180303996233254e-01,6.277234024643860710e-01,8.244127516448175319e-01,8.410169120274135768e-01,9.340126165418063398e-01,0.000000000000000000e+00,6.742156309985511964e-01,7.500042625157814502e-01,1.184055224467753242e-01,9.592206221009801359e-01,8.603334096437161849e-01,7.891508534651552331e-01,6.157117509775856812e-01,9.515440361097915467e-01,6.054270507054416717e-01,6.307708339639939155e-01,3.237514859829397351e-01,9.925960611949471435e-01,4.048150092874270856e-01,2.194727391415675077e-01,6.521896636422086502e-01,7.109741764733236158e-01,4.577963602762669115e-01,3.222265063334555646e-01,8.310951638026282673e-01,3.885750801855364922e-01,1.385098266139840051e-01,8.833825668547301557e-01,8.809083027335798954e-01,5.115554604896789259e-01,5.940410119576440273e-01,-1.567275329299712416e-01,8.900322181347197770e-01,8.945817982346365715e-01,8.815971527927741747e-01,8.254939234359301992e-01,7.356154035144086833e-01,6.061041796632125056e-01,7.643635949625309234e-01,4.135615655034861060e-01,3.146661467523920175e-01,9.647649606848006654e-01,6.912365989706887870e-01,4.421448611799847495e-01,9.039831866666205862e-01,8.840363974110133638e-01,4.387448955545508733e-01,9.985356258613644620e-01,8.014943288705566049e-01,1.907504407527713663e-01,3.711998571485901621e-01,6.484675072332198864e-01,4.862709358323618614e-01,7.261407453517139121e-01,8.574614394770556647e-01,8.152615003997182308e-01,7.109323996989170835e-01,8.392677569306107310e-01,2.095321375766525107e-01,5.966317130437646110e-01,9.675006736077417235e-01,4.311960863738585337e-01,2.164622043796028406e-01,7.193110782433198569e-02,4.562662929565073910e-01,9.656167668938665516e-01,1.232158790053173719e-01,5.573218340957238892e-01,1.231108726369261747e-01,3.357953156033243181e-01,2.930027936009652056e-01,9.287271156115479709e-01,7.443173290200918446e-01,6.072460952513959453e-01,6.258443458187219477e-01
4.674270004298100023e-01,9.379689657288933224e-01,8.018998491249168525e-01,3.054691566960418547e-01,8.305385569856471584e-01,9.174467754291232291e-01,8.130784002244209052e-01,7.582858124356464113e-01,9.631655410777699711e-01,8.070155919791083265e-01,8.061693709558219734e-01,5.234733832717961555e-01,9.874236660049857672e-01,4.067531039205821153e-01,6.214983226044332731e-01,6.742156309985511964e-01,0.000000000000000000e+00,7.753728595282962655e-01,5.924637193047685990e-01,9.272892865930492112e-01,7.879177959859156033e-01,3.500567473366219540e-01,7.168493935552558982e-01,9.114662724949026407e-01,7.621111236897332164e-01,9.165970062252698503e-01,6.753176531800922922e-01,8.045054203605663812e-01,3.061212706355538327e-01,1.526746654595115271e-01,2.860475943780355079e-01,8.613214453453253983e-01,9.965442429412580960e-01,8.178472276848830491e-01,4.293137882721385079e-01,7.496525810690902736e-01,4.133827097780739535e-01,9.088417066480977136e-01,9.524853174037342107e-01,7.060819400160468495e-01,2.251261182931627025e-01,5.658685976233652770e-01,9.717313655655133164e-01,7.061622897092191264e-01,8.887040007976145795e-01,8.284959416831513268e-01,9.623972609219927365e-01,8.830776826111150779e-01,9.628547111895272570e-01,9.127210256229871810e-01,5.632066914759625842e-01,7.143550568762325748e-01,8.373830062480102088e-01,7.673148019449842483e-01,7.194547739602837888e-01,9.790680797769806265e-01,9.343091566992165475e-01,3.709331363495911582e-02,9.688867895925225016e-01,5.345466085490859776e-01,7.319069498150212461e-01,7.969274442320752883e-01,6.289322523595443082e-01,7.478922619258583371e-01,5.825419552570603177e-01,8.958231621478497386e-01,6.367286057503804830e-01,8.592657105813489293e-01,5.597379567615216045e-01,7.096411857174327320e-01,2.660696593583806169e-01,9.011969385557713208e-01,3.146151499831425502e-01,5.183862647169266147e-01,8.000351348187243472e-01,9.786636929362205750e-01,8.301364199051155524e-01,6.148260325324294007e-01,3.650470557079857903e-01,5.606481173064046253e-01,4.433491014400476327e-01,8.126177411707553588e-01,9.502146318869354458e-01,4.065813939939963428e-01,8.172651734550298031e-01
9.078614491651054719e-01,7.260097612634601738e-01,5.626144865309768983e-01,9.189844333072271221e-01,6.864936516757726981e-01,9.972858873678116520e-01,9.401598348136840366e-01,6.346664084392805716e-01,7.807117084761697745e-01,7.539753507574562530e-01,8.499775652081111854e-01,6.437681183068061364e-01,9.422435936518595012e-01,1.880483948798308547e-01,7.910589362605808805e-01,7.500042625157814502e-01,7.753728595282962655e-01,0.000000000000000000e+00,7.426780818274089091e-01,5.851794600411014402e-01,7.189102535687086348e-01,4.292950735673470297e-01,8.411136852894277594e-01,8.037269095297285837e-01,6.650145536366309784e-01,2.423893590852507773e-01,9.758790251856475084e-01,6.675286413753837023e-01,7.188937365459437956e-01,3.183886347283121365e-01,7.900983643309510418e-01,5.237673973457198651e-01,4.057646218637955826e-01,3.140731771913215509e-01,8.972185917050946591e-01,2.478748939477538882e-01,1.472979425795965525e-01,2.474538140728911317e-01,6.291203402577523196e-01,6.036484383182358915e-01,5.762910235872055198e-01,8.968606804871934735e-01,5.020978163354092860e-01,8.046155572824220670e-01,6.161892384364426878e-01,6.373893488174724453e-01,4.208737097996496646e-01,7.908330127484564098e-01,2.907956838529394683e-01,6.525218973262048028e-01,5.924695135224269382e-01,8.216571717082629123e-01,6.105227175571035225e-01,5.068786572950259028e-01,5.557473696100470040e-01,6.336306195345392522e-01,7.089668248171827614e-01,4.171852243151702444e-01,8.384160184019833206e-01,5.722242823441443527e-01,7.147507963112695872e-01,6.852355187804600734e-01,5.759137249403211145e-01,9.342451688734615400e-01,7.517287212897975079e-01,7.657452835148678139e-01,7.987268164522449698e-01,8.685608314207992064e-01,7.891123133226760622e-01,9.371895994802746932e-01,9.983506673850707502e-03,6.664090089794187932e-01,3.580153977418534805e-01,4.183613371806386150e-01,7.978518911772138900e-01,5.504949255475963810e-01,6.268423675660556027e-01,9.309187404493315388e-01,9.200799105488122187e-02,2.310552657865413972e-01,1.064027485616172441e-01,6.312249824953339861e-01,8.442455871490965880e-01,6.112887677740485026e-01,4.504032953514548465e-01
