0.000000000000000000e+00,6.603757667369674067e-01,6.931283507406776900e-01,8.102975137965441332e-01,6.746385505357368473e-01,6.820731510709824308e-01,6.966735557172226700e-01,1.156172912568375760e-01,5.031690958927245161e-01,9.168969037635372743e-01,7.758021219533525192e-01,8.704899711131375284e-01,5.671154759903189735e-01,9.546872999612117106e-01,-3.365176018520097401e-01,6.026527297714628917e-01,5.468779060295712036e-01,9.400955533809021158e-01,8.963332848480946025e-01,8.885600340029662370e-01,4.486575888586237792e-01,6.147055809888001265e-01,3.347351919538445464e-01,1.549565545249207560e-02,7.142033580631328427e-01,5.603433915141249333e-01,9.361287443647176021e-01,3.617825912509463615e-01,6.468981878123588602e-01,3.661615948657624964e-01,2.752209918831628466e-01,3.841375781394475997e-01,9.423900110065795976e-01,9.822947438000242393e-01,8.159066302525833647e-01,2.759371957954145915e-01,1.553761634407504755e-01,8.630369116477398794e-01,7.001122708524732952e-01,9.667104454400647917e-01,9.619464644708060064e-01,5.065525068562964917e-01,9.917939910387314484e-01,8.171906680182271510e-01,4.063672366240734801e-01,4.067107578137649226e-01,9.080499534118844362e-01,8.569576750167219314e-01,5.396520158046620441e-01,9.242467517664259002e-01,7.819055742478128179e-01,8.931521826769058814e-01,8.363591609103919744e-01,6.268656154076857057e-01,2.175240616341509448e-01,9.309078512731167043e-01,4.067356506690529283e-01,8.924149671981135290e-01,6.395634788212031241e-01,2.981035291790988251e-01,2.851359868907530903e-01,7.366014688453855763e-01,9.628498935809897130e-01,6.155775706123439717e-01,9.411000997386967937e-01,8.373941962904594138e-01,9.142867298318262392e-01,9.872644733241364712e-01,7.384419179895576058e-01,5.757669901600491746e-01,5.771596865912334007e-01,8.616951675367772179e-01,5.630161950586844988e-01,5.438848090226086063e-01,7.140402681078101832e-01,4.790796218824905917e-01,5.050262878322967497e-01,9.756613808487284434e-01,1.913761874708529986e-01,2.597073748854754616e-01,9.826726813101680502e-01,5.541381289346781758e-01,9.971065749927632282e-01,2.144920796248851458e-01,2.845305885140281266e-02
6.603757667369674067e-01,0.000000000000000000e+00,9.043107150195784927e-01,6.480396491047829555e-01,5.213528350325644656e-01,1.019304112258414136e-01,3.054766710467003432e-01,1.325813246223759012e-01,8.719007666926916755e-01,6.848590167528008088e-01,8.137717824947683365e-01,8.090469073026780311e-01,6.383212526309272050e-01,5.489977590433297028e-01,7.575146584567993280e-01,7.688169632580555968e-01,9.129378446394660340e-01,6.976730893433602532e-01,8.559022810847782825e-01,9.017325297640006454e-01,6.720763161938366759e-01,9.938736544767032832e-01,7.830317340479028276e-01,7.922413924944342600e-01,5.504944030650211761e-01,6.348037371063398604e-01,6.414169310557923387e-01,8.294459668511310335e-01,5.723388435134250107e-01,3.874553142408119211e-01,6.948379380581436449e-01,7.364104271342191144e-01,6.212304289988472839e-01,7.936094752052984536e-01,8.537633947690164149e-01,7.135492520481231393e-01,2.110421296064052266e-01,4.843522434252519604e-01,7.357680341084806841e-01,7.007188399863383266e-01,7.711731103313255176e-01,9.850537407925665789e-01,9.711487942726846345e-01,9.981098713367854147e-01,8.583398130862343045e-01,6.064599600647382349e-01,4.964516342349079570e-01,9.533388303118256468e-01,6.260468956287427167e-01,7.948394430097570629e-01,3.632607397530551816e-03,8.331303913637198022e-01,9.244004031504687857e-01,2.487693010000580629e-01,5.116189155198878069e-01,9.883137800672839868e-01,7.726504177427414577e-01,1.704592847056612126e-01,8.024363555281776028e-01,2.258935441574820846e-01,6.951649525339210767e-01,6.662500835351744533e-01,8.750257371789832428e-01,6.134774188578814291e-01,8.781181310988257493e-01,4.932796450761224860e-01,8.701304621887423485e-01,9.844725217169818521e-01,6.024282239269744821e-01,4.033946039410585827e-01,8.015874364796635732e-01,2.089591978322146715e-01,6.551861123291311539e-01,5.988366310646526802e-01,8.229491634766969987e-01,9.040327870056940052e-01,9.203377547814184378e-01,6.680235861244397944e-01,-1.900426766558603320e-01,4.676811134792071556e-01,8.354389602118561520e-02,6.974758571060517554e-01,9.220546674514656926e-01,8.154974838278858940e-01,7.628456127873171067e-01
6.931283507406776900e-01,9.043107150195784927e-01,0.000000000000000000e+00,6.382200505879855879e-01,7.099457712394421360e-01,5.165639591741272296e-01,8.067707677470623562e-01,8.069878459700035034e-01,8.029417179778801650e-01,9.434638000762638477e-01,4.886373433719011783e-01,8.968744911056841795e-01,9.523230045321048332e-01,7.887937618403484397e-01,6.828893764707183456e-01,7.718549988997922551e-01,6.879420492803334231e-01,5.376308490229432246e-01,5.510535642003456802e-01,8.087732461385561678e-01,8.028680440090499859e-01,5.198979983698934770e-01,8.962512806202806992e-01,6.225818830218402544e-01,6.833677326849261213e-01,7.119274405339600653e-01,6.815044349081810227e-01,8.113411092368715272e-01,8.392566296078433075e-01,5.379234901413199044e-01,4.664425871414373814e-01,6.582742106074893629e-01,6.239762930100103411e-01,8.850326418474687706e-01,8.632098605775769817e-01,3.902889862221659567e-01,7.079213250565996769e-03,7.432102199521503083e-01,9.996358531988283058e-01,7.108992604451158659e-01,-1.752775633420775026e-02,9.356509404299485633e-01,4.719011215620511068e-01,6.108228751248743205e-01,7.155885574107355707e-01,8.727686559650863485e-01,5.488710418108069256e-01,4.882568026397807737e-01,9.402167833249053253e-01,8.890689838949731305e-01,2.302819321254298557e-01,6.476703638430695298e-01,6.330593006497297059e-01,8.331942792738231685e-01,7.855757268684299133e-01,9.738350003595727111e-01,6.504766081382516996e-01,8.680701047155310324e-01,6.612627041677632267e-01,6.089870531489038896e-01,5.901296934066005972e-01,5.781036787495240636e-01,4.847225917506462478e-01,6.046540637589575828e-01,7.278403690748185273e-01,8.577876959433071713e-01,8.125178419468511715e-01,2.875702367696931772e-01,9.803484999623075513e-01,8.014979101674419848e-01,8.687856314146056302e-01,6.731766296131832528e-01,5.983276034993763037e-01,6.823256898195324549e-01,9.346559820757733839e-01,9.595101604382539895e-01,8.744847046579626859e-01,9.406034017013579218e-01,2.071052635895049288e-01,2.780307833513077642e-01,7.704816218925726323e-01,6.843360040186812210e-01,8.675394422990478915e-01,4.714120114056167266e-01,8.523421560580501932e-01
8.102975137965441332e-01,6.480396491047829555e-01,6.382200505879855879e-01,0.000000000000000000e+00,4.169105933262937658e-01,5.413687901874620900e-01,6.524271677657951241e-01,1.167117780107737313e-01,5.192541189315149630e-01,2.778917897109343116e-01,9.547462509348966231e-01,6.016447070286542465e-01,9.373168370004042460e-01,8.298299235835100429e-01,5.240106427222607222e-01,8.306412080294287570e-01,6.051957819422535412e-01,6.248014782620614493e-01,8.635331561598915684e-01,2.716328518652208479e-01,7.622507063133191485e-01,9.993322863170928105e-01,7.824528288734567960e-01,3.058394108433560854e-01,2.618946286225979359e-01,4.560948813959298520e-01,9.886262027141965447e-01,1.834876370266498580e-01,6.447954150654224836e-01,5.538073206412736926e-01,3.841872634168077560e-01,7.167322406901326382e-01,4.544694901627941985e-01,7.435716911145100472e-01,7.889381912651772799e-01,5.198836518810914242e-01,4.896808645278158401e-01,5.855223665833400037e-01,9.458275839438082810e-01,3.129478953825781673e-01,7.360048597285222538e-01,5.143908747744367904e-01,9.816470134139433368e-01,7.882986532475544372e-01,8.092163264042455673e-01,7.760771636810759322e-01,8.265497815056436215e-01,7.548008808291313265e-01,6.023535166567516308e-01,7.633101682907641461e-01,6.138764147306056129e-01,9.677592172612430321e-01,1.533542216846254802e-01,5.898720568076147863e-01,8.262324701609226052e-01,9.039316497936431549e-01,6.625439057381847796e-01,9.429942841828544697e-01,8.900041180070217273e-01,1.549467792035534863e-01,3.889577527043761584e-01,6.291938903949859663e-01,6.979994221287423306e-01,8.325627489924082303e-01,9.787502656817324009e-01,1.738715551460840447e-01,9.882578033337583445e-01,7.030717076483936623e-01,4.823862875710948628e-01,6.204454285942417879e-01,7.507465880613456433e-01,6.933905442078663883e-01,1.765640253538804938e-01,4.455777139209739501e-01,3.556083323287741460e-01,8.541149490112321940e-01,2.294004086738501702e-01,6.462146524994603070e-01,5.989770466457211562e-01,3.907803593416946386e-01,5.240417986196260758e-01,8.112996671044110375e-01,6.161008483748028342e-01,2.035441139237016417e-01,8.676841715792178444e-01
6.746385505357368473e-01,5.213528350325644656e-01,7.099457712394421360e-01,4.169105933262937658e-01,0.000000000000000000e+00,5.323146481555560694e-01,7.583086605517896928e-01,4.605998933158729214e-01,7.550283519693556933e-01,9.172385407287412251e-01,6.551361857384871978e-01,5.238792251346783280e-01,9.318759906148507133e-01,7.842091521732078574e-01,6.384407794069962838e-01,5.100825434958421445e-01,6.201154733285797471e-01,9.600495433206730489e-01,7.536296375264861513e-01,9.846245776341088218e-01,8.359149215132886113e-01,9.412029160914917592e-01,8.309805238958783979e-01,8.894878586921541874e-01,7.419741014966987347e-01,4.259012900762467746e-01,7.594126463595792798e-01,7.979544391253391433e-01,4.269723012637582915e-01,9.733893501986496943e-01,5.576746805496600734e-01,7.609435492331964035e-01,6.522556117259340480e-01,2.478570590640210292e-01,9.588931167584190396e-01,5.272925623368845960e-01,4.372238851577252561e-01,5.858147978638064135e-01,5.262138166522573046e-01,9.495751424498781734e-01,4.916044949140443987e-01,9.933397754877801855e-01,9.447682478148362595e-01,4.068882204913173983e-01,6.362991909064548146e-01,9.332495441878634335e-01,9.517242560602272583e-01,8.181149744322726569e-01,6.984122625984300337e-01,6.038204217529531403e-01,5.819395998137617543e-01,7.436203828511509517e-01,7.552030276953256571e-01,6.614018247542504669e-01,8.504740489601168019e-01,6.849654756212478768e-01,7.804064361059921406e-01,7.059833550736798191e-01,6.122517085780616597e-01,6.353687395371112601e-01,4.985515526811508114e-01,2.186836423345534519e-01,9.706573870530277315e-01,9.587205115638303132e-01,9.755294207795456307e-01,7.234815579385214246e-01,6.715542797588330837e-01,8.067427508239699563e-01,9.772361802054707614e-01,8.977259538051376442e-01,7.716741985470625398e-01,8.889740355782574932e-01,4.401173102888611410e-01,8.612848081727539906e-01,7.934090000070037618e-01,5.260808990432380705e-01,8.002244540938133754e-01,5.551907853099052881e-01,5.898879304969077975e-01,5.855972023555158779e-02,7.832865626769119904e-01,7.600168834349771974e-01,9.692606298802439735e-01,4.106277720903640516e-01,6.711194536865592308e-01
6.820731510709824308e-01,1.019304112258414136e-01,5.165639591741272296e-01,5.413687901874620900e-01,5.323146481555560694e-01,0.000000000000000000e+00,7.548775119001558398e-01,7.295185127810250858e-01,8.740522025001317141e-01,6.964203341857061469e-01,8.990597930650147118e-01,4.353445172424357246e-01,6.652934438494985114e-01,8.397427305015172649e-01,7.031889031529161560e-01,5.030133457733568791e-01,6.209563574086590654e-01,6.804915261031213580e-01,7.981275974925546857e-01,9.171819575939099689e-01,9.761551993919798109e-01,9.139583655415621788e-01,9.008910271913627144e-01,4.714465139015324158e-01,3.486298994040744614e-01,7.364298782766568463e-01,7.339093582456015508e-01,7.635485587361299231e-01,4.305816783560396099e-01,4.678915670964345908e-01,2.438745496673509483e-01,9.624987846256165547e-01,7.855776464544214077e-01,8.505296750737754152e-01,1.858555594366028130e-01,5.685428401391956488e-01,7.823743609848227143e-02,7.914120830211635038e-01,6.588537369661029430e-01,8.458054409373538807e-01,2.611278252245103904e-01,6.186347997429314516e-01,4.407293862069883161e-01,5.026422107851211685e-01,8.509614371224045737e-01,6.589032880248206769e-01,8.297892954002598076e-01,6.578145119385176987e-01,9.910653104024580440e-01,6.040579872576639087e-01,8.954209188652574314e-01,5.751382160285001266e-01,9.451520804925160890e-01,4.873150472560651703e-01,8.961884724532652724e-01,8.062849042484268036e-01,5.442995217376511707e-01,9.153257595106583100e-01,-4.604600073003584093e-02,4.224330040810868603e-01,3.696851136074774669e-01,6.776708729242694185e-01,9.524623456583901637e-01,8.281082556661920613e-01,7.383700285707590627e-01,3.558133686571747223e-01,6.748034366261084216e-01,6.670887628024791960e-01,7.531299394907552403e-01,8.076084165866479481e-01,7.190180639233773041e-01,7.091184515959971790e-01,6.834080543723370926e-01,3.791541361609549465e-01,6.885164854099384835e-01,9.709862049170573384e-01,6.408505847136951594e-01,2.306294278161798439e-01,2.213642815564298705e-01,4.185320082525353369e-01,4.421072024569311920e-01,7.266561859949574043e-01,9.519929465203880170e-01,-1.237843132045214345e-01,7.940558735062882567e-01
6.966735557172226700e-01,3.054766710467003432e-01,8.067707677470623562e-01,6.524271677657951241e-01,7.583086605517896928e-01,7.548775119001558398e-01,0.000000000000000000e+00,2.979081280427127165e-01,7.638645549355334019e-01,7.297743395923960152e-01,5.336336680899400609e-01,8.199124662432606403e-01,6.708201202024001164e-01,7.594657600099760097e-01,3.594526241533302358e-01,6.828414507897069274e-01,7.993722423344292727e-01,6.572417422301867207e-01,9.460506681990957789e-01,7.886100203395804975e-01,8.474435545800313996e-01,4.197365076101799986e-01,4.235771275320019957e-01,7.053206792640812628e-01,4.733725815226386135e-01,4.169815833617837031e-01,7.055869930702964865e-01,8.797568549590671916e-01,3.230528534494587767e-01,6.267497786164799578e-01,2.449665148224808298e-01,4.529158062545046715e-01,9.279495165133713197e-01,5.160164198111995004e-01,2.988449846737570303e-01,6.157701368992735125e-01,4.596934277380606559e-01,7.945389372424299657e-01,8.643193465728354896e-01,4.796449635779396758e-01,3.182628027257690118e-01,2.722986212407217388e-01,5.699546678055903426e-01,6.473981346349838573e-01,9.907084053975817595e-01,7.423390469574698836e-01,4.455352674553106906e-01,9.664607575701461561e-01,3.973663171104651476e-02,8.717118816069596710e-02,6.971655103869174308e-01,8.680300194323218310e-01,7.502667172816297469e-01,4.298634923984336886e-01,9.344315478481106663e-01,3.184822228120469667e-01,2.656193392538544126e-02,6.551865939022737395e-01,6.250009211968320377e-01,4.359609609729611646e-01,5.077689563651263116e-01,6.196311668505589676e-01,5.659730909582812997e-01,8.043295694522603068e-01,7.116612081078853569e-01,8.384219878183879482e-01,5.564714167016978630e-01,4.054175954850882668e-01,7.295771361845655445e-01,6.272412896430078488e-01,2.238414587429163327e-01,5.015297481546798775e-01,4.574132100431234638e-01,5.838814896337686244e-01,7.197810499325798528e-01,5.063620703082188923e-01,6.464189752366604758e-01,6.671951268048240680e-01,4.498913865881192242e-01,5.006744891033834688e-02,5.741428651604895128e-01,3.462659947207178401e-01,2.229844035163161542e-01,5.697840806792491275e-01,4.040214265266713067e-02
1.156172912568375760e-01,1.325813246223759012e-01,8.069878459700035034e-01,1.167117780107737313e-01,4.605998933158729214e-01,7.295185127810250858e-01,2.979081280427127165e-01,0.000000000000000000e+00,7.084914220925729866e-01,2.427851542032340715e-01,7.028670685713193089e-01,8.084602113230835441e-01,6.223564805239707454e-01,8.563228248966809897e-01,5.738363863013946631e-01,5.067567913893429310e-01,6.521128356760717004e-01,8.183105802721064581e-01,6.966094907021422866e-01,8.114427158345428603e-01,7.921924799430060116e-01,6.418362885155789455e-01,7.926501637366012432e-01,8.980512839931178437e-01,2.942334693220824415e-01,4.875453230581232034e-01,7.371855563817376611e-01,6.016497772089939300e-01,5.388026378781134440e-01,5.184824218392406481e-01,5.739562837271068307e-01,3.631100971936128685e-01,5.650552623835871646e-01,9.921007243844847112e-01,7.582051222047051509e-01,2.158852726674682088e-01,3.698367470529483336e-01,4.109530418362948856e-01,8.955670080835892444e-01,9.191828015609460056e-01,5.819147228972094688e-01,6.950534553438910690e-01,4.480942713248431963e-01,6.906072512940049091e-01,7.219468407788415254e-01,2.284274281825041109e-01,4.404899562884221353e-01,4.428378129004174046e-01,4.337401812180717853e-01,6.932258041899405088e-01,5.429224457392362035e-01,4.066158858003789955e-01,4.748172779640191798e-01,6.829174719022494955e-01,8.608450002203830165e-01,7.353315752003563022e-01,7.767016299392500711e-01,5.746456229189850218e-01,5.291795725964596464e-01,3.118289245581201685e-01,3.837802900305725684e-01,6.801400721907215896e-01,4.171606871333883859e-01,8.124029892791482244e-01,8.297746655833039275e-01,4.470177541826020895e-01,5.823115269145577866e-01,9.150134450212599191e-01,4.386957212148175911e-01,4.688543840657606321e-01,6.761435718981818610e-01,7.072145115553779560e-01,9.738990894233334750e-01,4.418673775496194667e-01,8.740943236303712061e-01,4.218886043030890542e-01,5.396246300578502186e-01,6.063014185799894262e-01,1.130982334959666213e-01,5.490437736721645035e-01,3.154450214782721362e-01,6.335774334485723136e-01,6.719307022713824074e-01,7.306968939244574690e-01,5.234700408387309434e-01
5.031690958927245161e-01,8.719007666926916755e-01,8.029417179778801650e-01,5.192541189315149630e-01,7.550283519693556933e-01,8.740522025001317141e-01,7.638645549355334019e-01,7.084914220925729866e-01,0.000000000000000000e+00,9.168319168152010423e-01,7.378179044089180350e-01,2.815204347503951210e-01,9.651687925314915706e-01,7.438640819489217293e-01,8.097264244164038560e-01,6.924099531806862107e-01,5.545550739147036001e-01,6.170298478226646788e-01,8.597231780761459552e-01,2.768887096188112906e-01,9.042563424046042853e-01,8.831261212591030585e-01,-1.145034032287742254e-01,6.496943870257398945e-01,5.428991976772595818e-01,7.541108127697421226e-01,6.681018219125862689e-01,3.474618906047699518e-01,4.909269191129619903e-01,7.153955638852099730e-01,7.314950115739606851e-01,5.610469190544302709e-01,5.323943598514240261e-01,8.480396910703080771e-01,6.523109859386735376e-01,4.589902547195244265e-01,-1.242879584912618546e-01,7.443452950487563502e-01,4.588471688461105424e-01,6.246228346062838721e-01,5.685840672914208582e-01,9.137074817741721589e-01,7.184027000374062499e-01,9.610439125666072613e-01,1.313914295703877133e-01,8.554869101469821935e-01,4.846449443355940190e-01,8.116794878593275309e-01,5.085206273143259015e-01,5.440087500309291890e-01,7.351144794181825315e-01,4.639453075285409067e-01,8.931088513440902377e-01,7.588082885703432146e-01,5.029714169697144799e-01,6.451090427018537632e-01,7.750561618169246048e-01,9.593845940306550135e-01,8.387403078231492337e-01,4.328844416542621532e-01,7.980015976232968100e-01,4.425307823487963921e-01,6.888573354058575848e-01,5.410165236981955283e-01,3.701551442239757739e-01,7.726223448767735036e-01,4.462282183420763215e-01,7.058169892142471813e-01,4.221458680947901554e-01,9.899893787448676985e-01,7.136912644180465337e-01,7.699453622987246781e-01,3.946799091554237249e-01,5.333288420227687565e-01,2.453766302698827673e-01,8.793833146105609622e-01,9.412727356350022445e-01,6.414365016862042523e-01,4.609983581429070720e-01,5.676077514250945644e-01,7.893608868450763261e-01,7.525508287342947966e-01,3.369404642557783935e-01,4.031455586601250807e-01,7.712333009460587974e-01
9.168969037635372743e-01,6.848590167528008088e-01,9.434638000762638477e-01,2.778917897109343116e-01,9.172385407287412251e-01,6.964203341857061469e-01,7.297743395923960152e-01,2.427851542032340715e-01,9.168319168152010423e-01,0.000000000000000000e+00,1.789010300858973057e-01,3.915013637445443617e-01,7.259374896691944690e-01,8.356662306949891317e-01,2.665890250236420123e-01,6.126474753115789262e-01,9.047329800013544920e-01,9.332884430468963988e-01,8.337890948267301372e-01,4.760780958346171321e-01,6.137562525295323645e-01,8.923226622140058018e-01,2.553408877099875296e-01,9.027947526915885978e-01,6.243002260812025028e-01,5.828106016720817628e-01,9.771745619351723811e-01,7.991787170943319696e-01,5.185935638442176199e-01,-9.293974434125135131e-02,4.574665145202559957e-01,4.429140063734388066e-01,6.009116724734808734e-01,5.641976682526803621e-01,4.677016088529722948e-01,2.592720742084835273e-01,7.005956214044970487e-01,7.855851473943605834e-01,7.553734072213786899e-01,8.599246582740880385e-01,3.550202908663622342e-02,6.653806254910945572e-01,8.476233418040964862e-01,6.431933614451077474e-01,8.732676267989072372e-01,9.329814676884561342e-01,7.060692809571433859e-01,6.091764690536126681e-01,4.764676383331498677e-01,5.069797989747087952e-01,4.376618389889600502e-01,8.380533546722060967e-01,7.735368291240860561e-01,4.783739155581607783e-01,9.147850923100495635e-01,6.242061270095617953e-01,5.809413686800226628e-01,9.341691625742024607e-01,8.647280136268971074e-01,3.287279322358168665e-01,6.143602236245705450e-01,5.970269663775078506e-01,7.357224867153214776e-01,8.703558101579326189e-01,9.654187219648653340e-01,8.895824712464259765e-01,6.407269127719043000e-01,9.680961945748189912e-01,6.619920739921456576e-01,4.007620572931162584e-01,6.248099310866981337e-01,8.275475964104179738e-01,6.364285515032557239e-01,5.120998302400761037e-01,9.104512358481937628e-01,3.701715279849709939e-01,8.706947706692376165e-01,3.211384890159386662e-01,7.274941980984175327e-01,3.792555825483248100e-01,1.647570307425112179e-01,6.415768725813332241e-01,8.333216948564567961e-01,3.548842301424760537e-01,6.182233682631141924e-01
7.758021219533525192e-01,8.137717824947683365e-01,4.886373433719011783e-01,9.547462509348966231e-01,6.551361857384871978e-01,8.990597930650147118e-01,5.336336680899400609e-01,7.028670685713193089e-01,7.378179044089180350e-01,1.789010300858973057e-01,0.000000000000000000e+00,7.535507463829355101e-01,7.901646920352582981e-01,6.583198466866404530e-01,6.582804482639925681e-03,4.150476064981314384e-01,6.030049243643017531e-01,4.630452378198752772e-01,9.207560283430015202e-01,8.969290846722648425e-01,6.496811393660083533e-01,7.275618061784794310e-01,2.725504562508669348e-01,7.173556995925309820e-01,8.589042539887428163e-01,7.766240119628958771e-02,8.305561612959145856e-01,7.588160188656821736e-01,9.733897153497269583e-01,4.984407555117808530e-01,3.543764505943383103e-01,6.517156574642049005e-01,7.792597412470150253e-01,7.623352372010062661e-01,3.352925611204458090e-01,2.046338002455238281e-01,3.552323107749434383e-01,8.888135053535218821e-01,8.910418600861442773e-01,3.492287820450256652e-01,5.134199828876011562e-01,8.015766212527106749e-01,9.999298380428910393e-01,7.387139047062879493e-01,7.511498084141884357e-01,4.493793886574949936e-01,8.041316731147295505e-01,8.453715090389638531e-01,7.334450568554464756e-01,7.658318385188511712e-01,7.307750147906907356e-01,9.697365430938235109e-01,4.943060871245022470e-01,7.554514333664930081e-01,3.866348596121382819e-01,3.234691908720376263e-01,1.868917496983586723e-01,4.460484053888108535e-01,6.419423596894281436e-01,5.711539825852128827e-01,4.351010921257183472e-01,5.182517229214257393e-01,6.681243934982343813e-01,6.136363283113900335e-01,6.067571635589424917e-01,7.463390378681857840e-01,7.724072915968274167e-01,9.663165700479080522e-01,3.422203304267379398e-01,6.604792171096296460e-01,7.770148273960311158e-01,4.220273015743216671e-01,5.572861356139346967e-01,9.876101337960250248e-01,5.935124456278142446e-01,8.472244029430926471e-01,8.190377544912798013e-01,7.511197060714883689e-01,2.115958070399454327e-01,3.220159521877286601e-01,2.550113870874639588e-01,8.684837221547739849e-01,4.252184379574610595e-01,6.122527056414439617e-01,8.885748577908177959e-01
8.704899711131375284e-01,8.090469073026780311e-01,8.968744911056841795e-01,6.016447070286542465e-01,5.238792251346783280e-01,4.353445172424357246e-01,8.199124662432606403e-01,8.084602113230835441e-01,2.815204347503951210e-01,3.915013637445443617e-01,7.535507463829355101e-01,0.000000000000000000e+00,7.998298892120867531e-01,4.776138431710381660e-01,7.879363034893176465e-01,9.258550914166260304e-01,6.251891457748766090e-01,7.226308812208037669e-01,8.387820705108143260e-01,9.340099456229684627e-01,6.590757512160811959e-01,7.916188335449572122e-01,4.167294494048338072e-01,9.081264239474284850e-01,5.594297422600231773e-01,6.959942629707875916e-01,8.438239734894755761e-01,8.719827980454537553e-01,3.022333456412035768e-01,4.582072839355767480e-01,2.119314185585302046e-01,6.497744337626633060e-01,9.489484842592357250e-01,8.194523006966566436e-01,4.305407869941199617e-01,6.729726893094887252e-01,5.027220983592940451e-01,6.925720592548710863e-01,2.487243918646250274e-01,6.267602928456355027e-01,5.610844114715063391e-01,9.245535124309520736e-01,9.023738213695308152e-01,6.743297652329315051e-02,8.808768525852763709e-01,9.969232613408687271e-01,4.028529060114899862e-01,4.993464321133506134e-01,5.075090374852517794e-01,9.028881204971609398e-01,2.353977727296880096e-01,8.169825750446796375e-01,5.144021392302849938e-01,4.766721634580425859e-01,9.414703624703970597e-01,7.983412868482773206e-01,7.621862572796065383e-01,4.055831872510936575e-01,6.949951482339257192e-01,5.985354070050925568e-01,5.985521035359321340e-01,2.674477451199590017e-01,6.952331804545449634e-01,2.224317266764599399e-01,2.504356029712861975e-01,6.362342586018254753e-01,4.170648431908173248e-01,7.497574968614957314e-01,5.145185445459296014e-01,8.499720056967343673e-01,4.728376466006179446e-01,7.524913058439138824e-01,4.387029402697930625e-01,2.639677071935043751e-01,9.688803819775005932e-01,7.861262436813603038e-01,9.416161316120073010e-01,7.037328650257127505e-01,7.012707115566375604e-01,4.310408361226924501e-01,3.409175873493036635e-01,9.592762761629336499e-01,5.071293829814844667e-01,3.542272813384695906e-01,6.250894678604763666e-01
5.671154759903189735e-01,6.383212526309272050e-01,9.523230045321048332e-01,9.373168370004042460e-01,9.318759906148507133e-01,6.652934438494985114e-01,6.708201202024001164e-01,6.223564805239707454e-01,9.651687925314915706e-01,7.259374896691944690e-01,7.901646920352582981e-01,7.998298892120867531e-01,0.000000000000000000e+00,7.618873695243922883e-01,9.989362911224777264e-01,9.052516295497102794e-01,6.377622554483174389e-01,8.045656495011926923e-01,9.229108317315757315e-01,7.594656066118717908e-01,4.396245266834196141e-01,9.522027070341825272e-01,8.644763261957427725e-01,7.963147512879925616e-01,7.710772124758681345e-01,4.467020973168894793e-01,6.398076989465792952e-01,8.536490162556429340e-01,5.004789559897611095e-01,1.338430924504583897e-01,4.412135283329619018e-01,2.569259342355679210e-01,6.828766712249391135e-01,8.522023631166297797e-01,6.037860386927867973e-01,2.276057011165509292e-01,4.902705550766395248e-01,5.198878510905280415e-01,8.873311968110906278e-01,9.531818426597703509e-01,9.741373041578222924e-01,6.489736865175035341e-01,7.230160389433250012e-01,8.154070820297029121e-01,9.811299722050172978e-01,5.530828640542826413e-01,1.982767396335738952e-01,8.645495065724916328e-01,6.552133989676180992e-01,9.526296317959993543e-01,4.410258707612569884e-01,9.338667626524387311e-01,4.210343793437169024e-01,4.644510551675915533e-01,4.606250403222325041e-01,9.116093604812189888e-01,7.577454493473876340e-01,2.053127990586622598e-01,9.640525706805047612e-01,6.304607893959393028e-01,2.336544040613764694e-01,8.108412829314227688e-01,5.586176357922039148e-01,4.714856192639946264e-01,9.565778953135101181e-01,7.393261369695429686e-01,6.238020032987485752e-01,3.169273492399750092e-01,2.570567461285924171e-01,9.110912808500931659e-01,7.804662035020906163e-01,8.252694402547873231e-01,7.260453105462009171e-01,7.115653341919284669e-01,3.786297739788289096e-01,4.294477162671040404e-01,7.772547778123851669e-01,9.679084390932156667e-01,4.823054210812722231e-01,2.711909996236573361e-01,5.109236729842532299e-01,6.274938188190976041e-01,7.779461979676418615e-01,-1.950318223171732535e-01,9.922649259487853479e-01
9.546872999612117106e-01,5.489977590433297028e-01,7.887937618403484397e-01,8.298299235835100429e-01,7.842091521732078574e-01,8.397427305015172649e-01,7.594657600099760097e-01,8.563228248966809897e-01,7.438640819489217293e-01,8.356662306949891317e-01,6.583198466866404530e-01,4.776138431710381660e-01,7.618873695243922883e-01,0.000000000000000000e+00,5.905891626465883393e-01,7.755564099228836605e-01,7.364284040010953269e-01,8.883663828751316993e-01,6.794773757203446118e-01,6.762026913963457009e-01,8.979282972925520800e-01,9.451443609778746868e-01,7.909813438094139837e-01,9.796209955763336419e-01,7.715445194581814770e-01,6.229433134856989795e-01,9.767112930827621664e-01,7.315038555198839498e-01,1.402204392578934311e-01,4.168955134532477680e-01,5.072267156251020204e-01,5.042403758903837296e-01,4.861510742523542095e-01,8.112983854158460906e-01,2.822878087022718807e-01,5.168723402473787143e-01,3.728707809732222378e-01,5.823385155397667878e-01,9.674515051290624168e-01,7.345622581738386891e-01,8.863699096472722472e-01,3.648274736890541048e-01,9.157485711769669523e-01,7.491441741845795699e-01,9.841298357034922173e-01,8.657764211373238927e-01,6.645026770578299491e-01,7.064317773624706476e-01,9.435373328765495060e-01,9.953204386755605260e-01,6.025924512404586819e-01,4.664717644367107896e-01,9.925121259502430737e-01,7.253313902136606650e-01,9.975642055826337007e-01,8.489007652594804387e-01,8.691472881903737902e-01,6.936104681570104402e-01,9.722763769312411375e-01,1.707593394860902059e-01,7.452818698237225759e-01,4.350898818065566664e-01,9.397060554878499117e-01,9.638992452353247753e-01,8.596826870281243371e-01,7.639289728569829130e-01,6.836745479395383018e-01,2.739157882296143209e-01,8.840861241380622015e-01,4.034764672045964007e-01,6.403661941641234367e-01,8.992542987355530704e-01,4.263711135936212870e-01,7.328703709230537378e-01,7.485257212849945052e-01,9.711959315322999942e-01,1.072995597466567530e-01,6.667592549394176782e-01,3.365071865589171207e-02,3.882071084974221264e-01,6.996476622263567702e-01,7.071802243098741503e-01,4.292034918580462377e-01,5.332255970200988626e-01,4.697894093078445743e-01
-3.365176018520097401e-01,7.575146584567993280e-01,6.828893764707183456e-01,5.240106427222607222e-01,6.384407794069962838e-01,7.031889031529161560e-01,3.594526241533302358e-01,5.738363863013946631e-01,8.097264244164038560e-01,2.665890250236420123e-01,6.582804482639925681e-03,7.879363034893176465e-01,9.989362911224777264e-01,5.905891626465883393e-01,0.000000000000000000e+00,5.436270644537521957e-01,4.935683063259030390e-01,4.068182425767728483e-01,7.674873690747689992e-01,9.957790469707115122e-01,4.744697888097084704e-01,4.297578444030141220e-01,7.450660309746145460e-01,7.272061217113364728e-01,7.598625834674838098e-01,7.263806867670502543e-01,6.672578661199382033e-01,8.589720846256556630e-01,6.143631768440197538e-01,7.198048221852439976e-01,9.131994841269366336e-01,7.185203367592524204e-01,4.067026105953623905e-01,2.036034676140769384e-01,7.406889361431077123e-01,3.551535235396946488e-01,4.014126386800679347e-01,4.837951343099355372e-01,9.069061943214820065e-01,9.533628270879679345e-02,2.371191050419819979e-01,7.651344742874202076e-01,5.129288783603491719e-01,6.198907095392943711e-01,8.921520714541796293e-01,7.736573020397609080e-01,9.524780058590389675e-01,7.000099730731831338e-01,6.492483384062359697e-01,7.494230727886703747e-01,9.367768119122028558e-01,6.784898587345074006e-01,7.079612394912762063e-01,4.664688677230875991e-01,6.039797013488844568e-01,2.225025513114329279e-01,7.566800965481623731e-01,9.096287520353431022e-01,9.900580664462013125e-01,1.388082276194231302e-01,4.030708838243283743e-01,2.440475046535051651e-01,5.654641560705189196e-01,8.552390071250082215e-01,8.411073234240644680e-01,6.262396654937059104e-01,7.341731856723140437e-01,8.649475754651864134e-01,4.242920461089713102e-01,6.111937788556729423e-01,8.070398185061041785e-01,6.317431658484532475e-01,5.500866741197858456e-01,-1.459887266775447279e-01,5.472718373252739577e-01,3.847029445107355006e-01,8.720219661474273298e-01,7.220890900728486050e-01,3.411838226351746606e-01,7.193019837764886848e-01,8.534324036723049955e-01,6.653065234017458973e-01,9.989288501070450188e-01,7.456369221609754350e-01,6.859899687769903665e-01
6.026527297714628917e-01,7.688169632580555968e-01,7.718549988997922551e-01,8.306412080294287570e-01,5.100825434958421445e-01,5.030133457733568791e-01,6.828414507897069274e-01,5.067567913893429310e-01,6.924099531806862107e-01,6.126474753115789262e-01,4.150476064981314384e-01,9.258550914166260304e-01,9.052516295497102794e-01,7.755564099228836605e-01,5.436270644537521957e-01,0.000000000000000000e+00,9.698602763200512289e-01,5.424622409930350830e-01,-1.111677094263890941e-02,8.822606006749557084e-01,6.888143039343486151e-01,7.681049174673417745e-01,9.907538865157257124e-01,4.536883609890021707e-01,4.886370626702891684e-01,7.326490589212988347e-01,6.724747158871389185e-01,6.420255812137615203e-01,7.855830978136352227e-01,3.346745788315355075e-01,-4.279470024649939530e-02,6.879970559517634143e-01,4.828125531096255640e-01,8.659888302129311599e-01,4.205522158381884146e-01,3.939405545783451479e-01,9.638141030898521588e-01,6.217391692925022806e-01,8.221586333971440119e-01,4.590814545234876420e-01,2.742054852889460603e-01,7.995906808543195021e-01,6.648571180329012620e-01,4.552757379180316644e-01,6.568486520280649721e-01,7.828466500277584394e-01,7.238044502713686379e-01,8.729826416696334634e-01,7.769619687357762761e-01,3.293029452466623153e-01,7.780379247170295942e-01,7.605230964507834202e-01,5.324705864863931160e-01,6.921872620470201909e-01,8.797740201816236505e-01,6.460377521562038483e-01,5.159503160786125253e-01,6.087594963767357648e-01,3.042712023892560902e-01,5.700089631987340644e-01,3.942283798769080638e-01,4.249473371130806365e-01,7.573359763013897128e-01,6.745198080156560305e-01,9.311337822812039144e-01,9.887225943844071274e-01,8.194470948638330476e-01,6.511419155335405051e-01,5.568402565158651063e-01,6.159826600302313881e-01,6.996254103893732035e-01,5.613504444840597962e-01,4.793870811483192385e-01,7.379945353736454550e-01,7.905267066535085485e-01,9.958020495112435144e-01,6.037136446385625854e-01,3.985836254282382196e-01,2.950649083096469338e-01,4.112436131025337671e-01,6.932813805677097152e-01,3.607498718611813482e-01,2.817138538266218961e-01,7.592694904521432031e-01,6.758968516636305601e-01
5.468779060295712036e-01,9.129378446394660340e-01,6.879420492803334231e-01,6.051957819422535412e-01,6.201154733285797471e-01,6.209563574086590654e-01,7.993722423344292727e-01,6.521128356760717004e-01,5.545550739147036001e-01,9.047329800013544920e-01,6.030049243643017531e-01,6.251891457748766090e-01,6.377622554483174389e-01,7.364284040010953269e-01,4.935683063259030390e-01,9.698602763200512289e-01,0.000000000000000000e+00,9.602287738202419654e-01,7.095013080051247867e-01,8.880634091250068085e-01,9.039520416772751643e-01,9.587983224934484294e-01,8.726711391177170984e-01,5.681542789135577420e-01,4.396423460182719567e-01,5.518861839447506412e-01,7.904424930914064618e-01,5.060222914088209345e-01,2.024044982614275900e-01,3.941418828156549869e-01,-1.988210894403349416e-01,9.502550371020599407e-01,7.184460582228272552e-01,5.697785630446282612e-01,7.142288889417462983e-01,4.281191958074015425e-01,4.718566707356095513e-01,8.342432852252433806e-01,7.480784511210054610e-01,6.194825025349006697e-01,4.830341444854575061e-01,2.023995770977639608e-01,7.552751698080759635e-01,3.312280728701606503e-01,9.310734135138453160e-01,5.248217132893674419e-01,6.095504292305117255e-01,9.506510598429270820e-01,9.747455769514724588e-01,9.753331244121078436e-01,8.782098347713243047e-01,8.824620554065536471e-01,9.566327015267999112e-01,7.617683501667787960e-01,8.202251600945039689e-01,5.692954009902309043e-01,6.310106410257155796e-01,7.672817501660293971e-01,8.873489174932385204e-01,8.015341250982686849e-02,3.850031180953543686e-01,9.931328592632548968e-01,7.767935352651830216e-01,1.630928801787018823e-01,7.428392180971158387e-01,6.371278415665778683e-01,9.948732186627102791e-01,8.969578766284856952e-01,2.571778295540398940e-01,8.966474063912883707e-01,6.205379677482962819e-01,8.793764961270545966e-01,4.898001405206876546e-01,2.764573064084206444e-01,6.756394527318076992e-01,9.715656687726207386e-01,8.074491914846968488e-01,7.175590167607555081e-01,6.563151504922597468e-01,-1.275024061213606008e-01,8.342140158545322537e-01,8.499826325707330321e-01,9.562281130066383472e-01,4.520357852582293501e-01,3.687259365584167892e-01
9.400955533809021158e-01,6.976730893433602532e-01,5.376308490229432246e-01,6.248014782620614493e-01,9.600495433206730489e-01,6.804915261031213580e-01,6.572417422301867207e-01,8.183105802721064581e-01,6.170298478226646788e-01,9.332884430468963988e-01,4.630452378198752772e-01,7.226308812208037669e-01,8.045656495011926923e-01,8.883663828751316993e-01,4.068182425767728483e-01,5.424622409930350830e-01,9.602287738202419654e-01,0.000000000000000000e+00,4.591624534215838493e-01,2.747833099362631537e-01,4.059565877277642176e-01,5.309063252077197426e-01,9.888502859515556631e-01,7.059649363112862064e-01,6.482760066100334839e-01,5.218577998166569198e-01,7.865227196330377701e-01,9.324540792318671834e-01,6.296272225442041126e-01,2.662909796909711593e-02,4.198806747366284897e-01,6.272633537668453885e-01,6.923847077141985773e-01,8.703897539291451935e-01,7.058901798633209212e-01,5.771918830252442678e-02,4.187656751135113153e-01,3.253300610468145004e-01,8.375631696305061435e-01,8.245877667506084086e-01,3.801727066330417015e-01,7.132138261312630512e-01,4.260281340621897006e-01,9.705704821373245528e-01,8.644846230452314373e-01,7.659218531118332507e-01,6.974981806541269425e-01,6.114135984045031558e-01,6.132734211764697685e-01,2.850274270197173387e-01,6.954075782141432294e-01,7.685312637655874468e-01,7.139845501093915470e-01,6.549976750084883781e-01,7.155230431554817638e-01,9.127188419662889407e-01,8.582460749231060060e-01,9.691339732094504944e-01,9.510680634532060473e-01,5.337729457003309586e-01,5.345171086823438111e-01,4.794352622677648390e-01,7.940546615611576708e-01,7.593479261832594140e-01,8.344735439325802195e-01,6.946919619868635598e-01,4.852401478131067036e-01,8.291578216307674554e-01,2.965730989064208623e-01,6.665849576823075218e-01,8.760907611540023066e-01,6.169059194517712008e-01,7.123302628862266950e-01,-7.802326757052444051e-02,6.577343471087941928e-01,4.461949622395789961e-01,7.052583172368424025e-01,8.049455240983839355e-01,6.685019972163986912e-01,5.443486278942166745e-01,4.437736662520797570e-01,6.044283812070451178e-01,8.778829491146262765e-01,4.231936702799782291e-01,7.737978328260800565e-01
