0.000000000000000000e+00,7.163647736092939589e-01,9.390133836287171132e-01,8.805772669746878556e-01,-5.959183825293881687e-02,7.943094123187586231e-01,8.486621517525090308e-01,9.718788080338793822e-01,4.816376764791084897e-01,8.240081082181711924e-02,2.741131920052029131e-02,9.591036776142852771e-01,6.838675185575853188e-01,7.881384074850139587e-01,8.772536978165279553e-01,9.073217774111682621e-01,8.637351234859386162e-01,9.414754371346143458e-01,7.702579373644362626e-01,7.777797151827241517e-01,6.441675550901837521e-01,9.410737316662189933e-01,7.030195672130763462e-01,8.121630914469719631e-01,9.262526364514057642e-01,4.798655282163840630e-01,9.919156507820116042e-01,5.901553261496638170e-01,4.870289564141521144e-01,2.988276223750395699e-01,3.332844011609651380e-01,6.969810997328604874e-01,7.318003185578206837e-01,7.230985234557414376e-01,2.831495042919031646e-01,7.144253288912546518e-01,6.910861185406546037e-01,3.791124990910668124e-01,7.746424009104609931e-01,8.758961172569619258e-01,4.113906567319109420e-01,6.654134031362659574e-01,8.024324879564163071e-01,8.749092232568052019e-01,8.561191942207289074e-01,5.180209799673962667e-01,6.097564290555895772e-01,9.380257003983760722e-01,9.842552823617616298e-01,6.200886454785671242e-01,9.120429481657164050e-01,8.696344532549402651e-01,7.647364893810538744e-01,8.610321983550921487e-01,6.848044402653113982e-01,7.175389884636798055e-01,7.819168361037740489e-01,8.221223698729218654e-01,9.292417893676591101e-01,3.983274408375288012e-01,8.917988218348841256e-01,8.932890339122403489e-01,7.521411457074271834e-01,9.092265767036631363e-01,8.130569291685419975e-01,7.614978130039058435e-01,6.561682928959381433e-01,9.146233212803137613e-01,9.557225050986932757e-01,8.984980021269531880e-01,9.917296605684488009e-01,8.123747750584693339e-01,5.857301573514901438e-01,2.271601731278364844e-01,8.157903282636985720e-01,7.748548321372965564e-01,9.013586704045455367e-01,8.954869173159896167e-01,4.484596026253387935e-01,1.813223620325099539e-01,9.227742631011901508e-01,5.878964550818113199e-01,9.200375788060254356e-01,6.279732490677528700e-01,5.723267350387005736e-01
7.163647736092939589e-01,0.000000000000000000e+00,8.908966385378668251e-01,7.367948155504511210e-01,6.353440412697132222e-01,8.374516862953617080e-01,8.741715269440805125e-01,7.071336065533406767e-01,2.195287342264495567e-01,6.270115459332542551e-01,5.137982812142910527e-01,7.583121852311629496e-01,9.945974513014486096e-01,8.022264692646279283e-01,7.445500572770178405e-01,6.416166783112197125e-01,6.165730435729618319e-01,6.294329740372648363e-01,6.690389934062146438e-01,7.016461426827493852e-01,9.247645902357408687e-01,8.160613968016838804e-01,9.449196592949624662e-01,5.144224086228146309e-01,7.630175213609243778e-01,9.997495825038388295e-01,6.431305582835891155e-01,9.092410775185645333e-01,7.090646020897157786e-01,7.228543934306852839e-03,2.786952830858210883e-01,2.262321472356568774e-01,8.293204639402304013e-01,6.772569775329180253e-01,6.968716555885760000e-01,6.372156890177546051e-01,7.586773023448842856e-01,3.259897816913197577e-01,8.930091224379588244e-01,3.066635044309733438e-01,5.673408543035008966e-01,7.683776352718834080e-01,6.673189370061747283e-01,9.782565373413767418e-01,7.165632472621354943e-01,2.859027590711731848e-01,6.702172387490180627e-01,6.718814382949424013e-01,7.805977631262279726e-01,5.228928179512726260e-01,6.621944644167625516e-01,9.992840868462253834e-01,8.272958885539491991e-01,8.219959827532224983e-01,6.322046155611322771e-01,6.292683775252410072e-01,4.101737580010991202e-01,5.395644633667214807e-01,8.167789976274323349e-01,4.998293411881034598e-01,4.168358334996155046e-01,6.205703651387004527e-01,7.287486867865471396e-01,9.737153870605551598e-01,9.268552373295692037e-01,4.583709371090504692e-01,8.554494079525787331e-01,9.114865074723763616e-01,6.456366610570967168e-01,4.192332132355052199e-01,7.891608023721992105e-01,6.268254520017200182e-01,5.345390748387872648e-01,4.416740335919366323e-01,3.034070860019442706e-01,9.970055101608383819e-01,6.924696878569780445e-01,9.114642582739155285e-01,3.482561590618110103e-01,3.048933945016110147e-01,6.284749806954186280e-01,5.438869043935194991e-01,7.970863214087602344e-01,7.947061593396231860e-01,6.548761519372112705e-01
9.390133836287171132e-01,8.908966385378668251e-01,0.000000000000000000e+00,8.051402822565937312e-01,6.084467956622009455e-01,9.042523679739999931e-01,6.299621318709308637e-01,8.236473940610683497e-01,9.911064484756448856e-01,9.016762028944693697e-01,8.680235706556778119e-01,9.477434820508860991e-01,6.945005686405720802e-01,9.360655072395067666e-01,7.123701583678242466e-01,9.297550501890174957e-01,9.672937534169229190e-01,7.868601040584223272e-01,8.988942965049738776e-01,9.546925391205560718e-01,9.618106498526076686e-01,7.482888528804244599e-01,6.443955165727820456e-01,6.838280435410279967e-01,4.633676317502530839e-01,5.479763706582706506e-01,3.583638760503707887e-01,8.139588019305490363e-01,6.060228742374511590e-01,3.535368736697788172e-01,7.606004369543664101e-01,9.347951094403826877e-01,9.079126842452481805e-01,7.142121953736380036e-01,6.879628682535429141e-01,9.562251773257339771e-01,3.741789717537495896e-01,9.860722518536043646e-01,4.233494980753557679e-01,9.984786552988682562e-01,3.857740123049102632e-01,6.988553368479069050e-01,2.692734383419385091e-01,6.129891591483160873e-01,9.396310895224261328e-01,6.108309041340539425e-01,5.895060132149136933e-01,6.434754781570116711e-01,7.535631841102907735e-01,6.385059470733022158e-01,7.530398926852969188e-01,9.585324580057340560e-01,6.409449083143461401e-01,7.974625701178209569e-01,8.628456598872157324e-01,6.978836887880262019e-01,9.037923362039009811e-01,8.420301330256111383e-01,9.182798338633358926e-01,8.900055749538751115e-01,4.547455183616487262e-01,3.144716430299901444e-01,9.162575021196888159e-01,9.773071575446835579e-01,9.215151132615552187e-01,6.319023845609553769e-01,9.414999729313682231e-01,5.159419881565373567e-01,9.238916955433762457e-01,7.774018564879521254e-01,9.538814697569035772e-01,6.711326428315810277e-01,4.592025406158573020e-01,6.935027751011202390e-02,8.064623201813144737e-01,5.202951859458230244e-01,4.313689797620313127e-01,8.500960056772918216e-01,2.201388274779775001e-01,4.386443108512166900e-01,6.190133593531549350e-01,8.363469359945105985e-01,8.135822069143666679e-01,6.135491105439477844e-01,9.501855790584259331e-01
8.805772669746878556e-01,7.367948155504511210e-01,8.051402822565937312e-01,0.000000000000000000e+00,9.697679611707898939e-01,6.593966092939103074e-01,9.372607669582619927e-01,7.713108205743116619e-01,8.683904638900695749e-01,7.313280483129186438e-01,8.477252174151426178e-01,9.702841184754150694e-01,9.931620066068223007e-01,8.510437679241660280e-01,9.251694056423482859e-01,7.314777151413007772e-01,9.950483270488641452e-01,9.456423536646823003e-01,8.336609016978013820e-01,6.361142873803374842e-01,6.079623812311754083e-01,8.529742440041712115e-01,4.378667627027450493e-01,6.990775549234615749e-01,9.705839274350912538e-01,9.547915210976117839e-01,8.891402942463554337e-01,5.863495916126114649e-01,2.410031005570775764e-01,3.735096988469743806e-01,7.494527768752391461e-01,6.813513811224914951e-01,7.176487382680629690e-01,7.416791469037303797e-01,8.166635816544109971e-01,6.525488961335759175e-01,5.426020974992590284e-01,4.705862752237803814e-01,4.922973607050789568e-01,9.669615797022325099e-01,5.763819720806466762e-01,7.452763822448956743e-01,6.300748548985559694e-01,5.734635244691265177e-01,8.640960881852564057e-01,1.677857831272302480e-01,7.438015152506753935e-01,7.743915094641381502e-01,2.288856314390511626e-01,9.812886976298254016e-01,9.916075619272322061e-01,7.880411575576119487e-01,8.620308374737538637e-01,5.828275184784973417e-01,6.587692645271669978e-01,9.244256408195683505e-01,9.180284243509553299e-01,7.791414156637499477e-01,5.305644928846307007e-01,5.838019022740346120e-01,5.950010443608080291e-01,8.816901370777613378e-01,6.107540704896534667e-01,3.043100022176399300e-01,7.356101008470340430e-01,6.840547242559944507e-01,7.348910835185368251e-01,6.999632302027508635e-01,8.185355446293881565e-01,6.124027151148452308e-01,4.795523919474747876e-01,6.267291337318267042e-01,5.670916629132354281e-01,6.416326241446603795e-01,6.857704749806905475e-01,9.791432399688504429e-01,6.300794842601799006e-01,9.965126026787285429e-01,5.511167960708061031e-01,4.535312595499032540e-01,4.289010909972545416e-01,6.499034340140785737e-01,6.603940525369861314e-01,3.113056076995638910e-01,9.693255595270277025e-01
-5.959183825293881687e-02,6.353440412697132222e-01,6.084467956622009455e-01,9.697679611707898939e-01,0.000000000000000000e+00,8.187237894068558619e-01,7.198662107261531995e-01,9.453663962094697171e-01,9.573725387099388806e-01,4.649139387278729552e-01,9.443661883649261402e-01,6.866832772732478496e-01,2.830890039188464491e-01,7.024428635600524773e-01,7.561179531351600591e-01,5.685802204994063747e-01,6.755800779187919325e-01,6.248948484516119173e-01,8.330910219783177473e-01,9.862025888669394558e-01,7.025117945274471642e-01,4.146767118175302413e-01,8.835473608339037277e-01,9.307299748913043791e-01,4.034007611849469987e-01,6.267245087755068944e-01,7.681918947389608787e-01,4.504251394001678177e-01,9.241455833713274615e-01,6.923817392086074607e-01,3.024099661866672673e-01,7.900539862061550789e-01,7.402976592034885561e-01,5.321292952629106399e-01,7.910166551887034547e-01,6.659038511525592341e-01,6.249500269284765652e-01,5.923672369969272822e-01,9.526022112921895824e-01,6.475930080678695688e-01,3.316710624376659755e-01,7.599155951228596662e-01,4.215325554892196958e-01,9.057833512595918624e-01,6.158158900112062906e-01,7.611144773978948397e-01,3.318057895724629280e-01,5.786747749219289805e-01,8.145865814208352873e-01,7.927386601039871916e-01,8.274008904555975041e-01,3.610169197100958072e-01,9.773432250601210569e-01,6.058528787476029631e-01,4.584673689738351099e-01,7.812815050361215929e-01,7.889345563822667273e-01,4.215325998877752500e-01,8.622956252054809756e-01,6.833940444383335144e-01,-1.339063525314542757e-01,5.124929358726139084e-01,3.951389425659925791e-01,6.226598850545016495e-01,9.226718938791219626e-01,7.744022275617018503e-01,6.635640910241018542e-01,7.312926058594924061e-01,8.113643666213024019e-01,7.440575740536279348e-01,8.104386162114531889e-01,6.968072395547173503e-01,7.326671776364674926e-01,4.306968886449350498e-01,9.653164089082737487e-01,9.075381303222646023e-01,8.381358100562116276e-01,5.619467293981287304e-01,3.714914116291600510e-01,4.382791823802902886e-01,6.946599932108827868e-01,8.292397464273139063e-01,4.572122877399363294e-01,1.967733141777785744e-01,6.812700436145371352e-01
7.943094123187586231e-01,8.374516862953617080e-01,9.042523679739999931e-01,6.593966092939103074e-01,8.187237894068558619e-01,0.000000000000000000e+00,3.663693339005069660e-01,2.197890228886599240e-01,8.017876411727719033e-01,1.942806552929845706e-02,4.266940171908277790e-01,8.062701591459480177e-01,8.528897930600778388e-01,5.446401949268463438e-01,6.190232549699012932e-01,4.417206567866044931e-01,7.880655561953064936e-01,5.788758626792656070e-01,8.214688826119296294e-01,9.591954618675331279e-01,9.498155252228703826e-01,8.128219394897535643e-01,7.165363520413126075e-01,4.296050423539462537e-01,4.369923754020584861e-01,5.604743492401657035e-01,7.793969336937555115e-01,6.324224012829697816e-01,5.842606421635814229e-01,5.162765881199611329e-01,5.399974040839730094e-01,7.939458024237019407e-01,5.460306014307121369e-01,6.318495659042229207e-01,9.174679779136377666e-01,4.918569893147349270e-01,5.989464971900751999e-01,4.695893644499543607e-01,9.323441090295117029e-01,4.704884670970312932e-01,8.859720218351546661e-02,7.985465419453307012e-01,8.088175012026184163e-01,9.968130063418042530e-01,9.031593786466987073e-01,6.326334709278196300e-01,7.500453930530800450e-01,9.255994139713020763e-01,7.689206173087606011e-01,3.214982092550410786e-01,6.363559331559321963e-01,9.859739237913716092e-01,5.793030021955317688e-01,6.530957362971119284e-01,3.235932309329641043e-01,7.171048899946911304e-01,8.498161124289290713e-01,2.466597551789227460e-01,7.188577977378090011e-01,7.891413049879874020e-01,3.957613176435625935e-02,8.700275606450171839e-01,9.800346795005128175e-01,9.549978955186981810e-01,8.809436848818927857e-01,4.073618707600394906e-01,8.341586660541476794e-01,7.885862949170852065e-01,5.278559167907244110e-01,9.652541366434358450e-01,6.881903358841277019e-01,9.067836457757058044e-01,7.205050167655979720e-01,4.944653649886541213e-01,5.870626702620158621e-01,2.426854144541549796e-01,8.471925201045179543e-01,9.806334201682544993e-01,7.323327023943064784e-01,2.679537220047131796e-01,7.915983773553401104e-01,9.832519906598631287e-01,8.460449047808634715e-01,2.895607414927400813e-01,3.457627257237346208e-01
8.486621517525090308e-01,8.741715269440805125e-01,6.299621318709308637e-01,9.372607669582619927e-01,7.198662107261531995e-01,3.663693339005069660e-01,0.000000000000000000e+00,7.273602227980221491e-01,6.273263419947108233e-01,6.174760573829203292e-01,7.462316570329906584e-01,1.807495912629812976e-02,4.095660283927067269e-01,8.683891060808770490e-01,7.473124131149571081e-01,7.645886077824276539e-01,7.641430778919002798e-01,4.295014866020097632e-01,5.334130556817522351e-01,8.203381786035762735e-01,4.570728137182165085e-01,4.893582379937714277e-01,5.045441576405780282e-01,6.936503051276549092e-01,9.347325974955498218e-01,8.967446085567851721e-01,5.021746870024625942e-01,8.010641129812495764e-02,6.075689088598252852e-01,7.059070774822406857e-01,2.171625064997806109e-01,7.625590791948769764e-01,2.677282894203232289e-01,6.939404891813473197e-01,2.739233419948865489e-01,7.000596486828144505e-01,3.044337079759125708e-01,7.606886940817599863e-01,6.431550828287808663e-01,4.241843628241358521e-01,5.707882512644137929e-01,8.226756815893113695e-01,6.667079399175477317e-01,9.186936758101654776e-02,5.364771881060995673e-01,7.911554445620718745e-01,6.771110888485704082e-01,2.447433168460582190e-02,7.548445738131701610e-01,6.611138607229709585e-01,6.410138490879817574e-01,3.461820967976972363e-01,4.658230294911202551e-01,7.173905472727938326e-01,8.997250233899852789e-01,5.667122991014825750e-01,5.479855258670160989e-01,4.966656471330334055e-01,8.492755805062892627e-01,2.335848640766192696e-01,6.889753527767354668e-02,2.647976213593439820e-01,2.923621821796437703e-01,4.111277105484226202e-01,2.739963434109754514e-01,7.110819292630869981e-01,4.185321974024374114e-01,5.768915413865682851e-01,7.727982207799499736e-01,7.359999485953545584e-01,7.077000678586613525e-01,5.357884775828828383e-01,5.790428029488222661e-01,7.287088291904650905e-01,1.832996064355549293e-01,6.277213672998195326e-01,3.569684459270521248e-01,5.678344373252857125e-01,2.806449697278397548e-01,2.374184152319147034e-01,4.859969587728854568e-01,7.628381653194223899e-01,5.016475145027514682e-01,6.587104203405200753e-01,7.983881068689995253e-01
9.718788080338793822e-01,7.071336065533406767e-01,8.236473940610683497e-01,7.713108205743116619e-01,9.453663962094697171e-01,2.197890228886599240e-01,7.273602227980221491e-01,0.000000000000000000e+00,5.226853478572015543e-01,8.616233980976555351e-01,4.328834281266507045e-01,4.722586145544742653e-01,8.586569203291596342e-01,4.841144801966958955e-01,5.639717323818780326e-01,4.148579032126533672e-01,6.851133170534041694e-01,7.665336436617657956e-01,4.811010667013574382e-01,8.130564226928137517e-01,8.977587377519200551e-01,5.357173134689263705e-01,4.575210552533084951e-01,6.001029905225171435e-01,6.835075778632943022e-01,9.043725105871073255e-01,6.117603883436900647e-01,2.621210053337684198e-01,8.587187768481070460e-01,2.052415059540242948e-01,4.708477148238511822e-01,7.546812035092353987e-01,7.497579791041775188e-01,2.241100026310291204e-01,3.206106352798470116e-01,3.323934613706054364e-01,4.487976768096638702e-01,6.689437900312384944e-01,7.644479036713413000e-01,9.345269204464307089e-01,1.282689374829861506e-01,6.330139817779615319e-01,9.410368858805899794e-01,3.502652618956194064e-01,4.258882264087510139e-01,6.871220660603797326e-01,4.681293026050901140e-01,-1.155992485559939886e-01,6.590369118196535148e-01,6.172537396257843367e-01,8.809186023214216066e-01,7.153206393529482066e-01,9.278715571988058741e-01,4.104780975183363601e-01,8.704622417556183711e-01,7.950268171667238537e-01,6.886815446382787975e-01,9.911302310092320322e-01,7.796531425472228438e-01,7.575665235767471417e-01,5.817945417612762071e-01,5.682853897713479041e-01,5.410261902349959851e-01,9.767832172339447894e-01,5.041003671067482150e-01,6.939032079932763164e-01,7.197601438821012998e-01,9.075706518703665626e-01,5.473172701919659655e-01,1.498939868852734170e-01,6.003851906449314546e-01,4.045343213417325612e-01,8.285149258931934213e-01,4.152484434692638171e-01,2.618361856778645969e-01,9.535215597410292565e-01,7.672642326023859649e-01,5.484903592416187079e-01,1.017468650659518747e-01,4.093603674282531579e-01,9.295310137574404052e-01,3.441892937085192505e-01,5.296444364904203672e-01,5.834601278749165232e-01,9.851070102142023277e-01
4.816376764791084897e-01,2.195287342264495567e-01,9.911064484756448856e-01,8.683904638900695749e-01,9.573725387099388806e-01,8.017876411727719033e-01,6.273263419947108233e-01,5.226853478572015543e-01,0.000000000000000000e+00,3.957771071751436942e-01,7.123783443170019769e-01,4.745181069158108111e-01,8.123403671118643032e-01,5.203073827205496604e-01,4.231957860636664792e-01,6.685579091723845568e-01,7.909212479669309737e-01,5.750498904063393590e-01,6.457900883838806338e-01,5.819350084510737098e-01,7.853935813832496615e-01,2.118941240312351981e-01,4.977725533676803371e-01,9.466545174802283302e-01,3.037386432549111781e-01,7.865480409429481679e-01,9.718738393167185574e-01,4.501620452045056453e-01,3.771310463272248281e-01,5.103679651807614404e-01,5.607420611612615735e-01,8.045351157139072340e-01,7.985950743289452758e-01,6.256483200802844813e-01,5.900466128121181208e-01,8.792008850449373192e-01,4.403342461484260895e-01,5.924026693403584565e-01,9.804238667114153483e-01,9.485669206671756282e-01,7.499485990323887519e-01,7.491792004250614756e-01,1.023125946423054239e-01,7.052798005481724086e-01,8.477719153656048112e-01,4.017442508197512363e-01,4.845175209046819198e-01,7.061104930075271513e-01,6.031001331968589563e-01,7.797211426316480454e-02,7.332269067764012327e-01,7.464842638273645470e-01,2.170146026064563860e-01,8.628647311242518825e-01,3.415671891484924894e-01,9.203216293819773686e-01,9.191889321809255664e-01,9.639111796281383260e-01,6.422139572795337870e-01,5.609471190853202449e-01,2.333802460395956735e-01,2.020351656172784949e-01,9.240092731226392520e-01,9.259233692583637154e-01,5.093917659068084580e-01,7.625377942172142376e-01,5.941516744096640990e-01,6.190424457413928883e-01,7.001024190404848691e-01,7.951338148006967810e-01,9.971035447987033340e-01,8.656675570139685250e-02,6.483572301160577256e-01,7.954393239233614743e-01,7.210799009015375072e-01,6.652930691735803315e-01,8.821693552576380659e-01,4.950931834604520021e-01,3.118432616499149934e-01,4.092089590398068077e-01,6.199189916442580106e-01,9.012523581564809705e-01,7.781915200042788250e-01,3.582889682827379296e-01,7.690263794668813491e-01
8.240081082181711924e-02,6.270115459332542551e-01,9.016762028944693697e-01,7.313280483129186438e-01,4.649139387278729552e-01,1.942806552929845706e-02,6.174760573829203292e-01,8.616233980976555351e-01,3.957771071751436942e-01,0.000000000000000000e+00,2.320931946170200211e-01,7.394909549993876619e-01,9.160854795284857355e-01,8.286611050192382866e-01,3.383025346084626572e-01,9.531080542785353993e-01,9.456356159230672187e-01,6.269858436178170624e-01,7.163055322809572800e-01,9.680566523442052373e-01,9.115645241346697070e-01,2.640609071401220920e-01,8.743729800911853589e-01,8.360609545503611129e-01,6.630069379037074606e-01,9.379163626005434518e-01,7.751024563718225124e-01,6.925564799682012440e-01,5.609211586747813172e-01,2.676341028893004514e-01,2.329992324435891660e-01,5.925308483448455954e-01,9.507456193435604996e-01,7.233190429710760760e-01,9.181004389518702125e-01,2.657308199567970375e-01,4.577309755635359245e-01,9.964185618727067206e-01,8.675784414278349121e-01,4.157966027393805719e-01,2.962134729149185630e-01,9.166587896544652336e-01,9.831015505968642154e-01,6.993813123215750771e-01,9.113018494940136049e-01,8.783416337151793707e-01,7.769651700837100217e-01,6.037604806994465445e-01,7.505451399882823171e-01,6.970284118067717749e-01,6.475594499880272803e-01,2.388588065842935371e-01,5.079499605520495509e-01,1.441443449442295910e-01,8.781170927288579620e-01,8.377010940777445125e-01,6.515862512831240849e-01,8.188283293039341215e-01,4.995406064605906193e-01,5.668179565574850143e-01,3.201574729877534331e-01,6.761219943163907509e-01,2.876540143543850903e-01,6.452623309920746397e-01,7.194672018838570438e-01,6.961037164717991388e-01,6.938960918360873587e-01,6.600910831010888824e-01,4.027924074335140769e-01,4.034596835865629227e-01,4.914686644864957321e-01,7.850774114090165456e-01,8.498370958657052165e-01,3.642692178296657590e-01,8.446250925493660189e-01,6.851253498200654546e-01,7.799289904985598487e-02,4.023871378548540267e-01,6.618480443515670775e-01,2.074866400096919417e-01,5.488325669974050136e-01,9.805387511853044247e-01,7.658807461734173927e-01,3.147338007301310192e-01,5.271492543300019262e-01
2.741131920052029131e-02,5.137982812142910527e-01,8.680235706556778119e-01,8.477252174151426178e-01,9.443661883649261402e-01,4.266940171908277790e-01,7.462316570329906584e-01,4.328834281266507045e-01,7.123783443170019769e-01,2.320931946170200211e-01,0.000000000000000000e+00,9.228750349824408339e-01,8.012340913092148575e-01,8.782455275913707560e-01,7.757371817764020516e-01,8.726849068714147561e-01,7.920483960004810475e-01,6.906456456092993079e-01,8.425229999575326589e-01,8.140510441025430310e-01,9.149620827105159337e-01,5.650138314315511501e-01,9.851022758443559457e-01,4.145229955646400066e-01,7.308913703581195742e-01,7.305273917065704392e-01,9.584058627305054312e-01,5.901054704407575624e-01,5.742726267256853534e-01,5.878256614262471480e-01,3.172454103245347934e-02,7.998157171755435613e-01,4.143434107479639916e-01,7.946547939353620915e-01,4.993596071167846762e-01,7.828523021991387054e-01,3.180041865418514833e-03,6.359689069400034089e-01,5.056206765211475052e-01,8.648176329555881114e-01,7.066663428879920161e-01,5.575627729438183966e-01,8.353410965225781526e-01,7.531420468149088165e-01,9.416961108563673966e-01,4.543094016412751457e-01,4.593281877304548622e-01,6.679033335706503482e-01,8.612179885688856507e-01,4.438320495996556647e-01,6.062565526544226868e-01,7.501518071944315302e-01,3.745764966363119841e-01,6.410556452035001129e-01,6.335381158525823508e-01,6.640231895897402703e-01,9.084294376563744056e-01,4.913081040493175178e-01,4.241344059780506881e-01,6.644263491982121961e-01,6.304046122571451694e-01,4.835618391438325503e-01,8.680208023738362755e-01,6.687228873755732828e-01,6.403433773854541045e-01,6.379545304309781617e-01,8.701363685962030248e-01,6.312625844368214834e-01,2.979021599946238275e-01,5.856570708999671027e-01,9.652856521753123697e-01,6.373281250020943478e-01,3.103560218787440039e-01,3.093745368358779002e-01,6.195008980903015106e-01,4.507914828832539356e-01,6.455446612979660603e-01,6.419479530128553435e-01,3.222789010934616893e-01,2.059045969111297433e-02,4.061501309331538856e-01,9.029845909943642335e-01,6.995812913404039213e-01,5.604692642132292901e-01,4.561685705146392711e-01
9.591036776142852771e-01,7.583121852311629496e-01,9.477434820508860991e-01,9.702841184754150694e-01,6.866832772732478496e-01,8.062701591459480177e-01,1.807495912629812976e-02,4.722586145544742653e-01,4.745181069158108111e-01,7.394909549993876619e-01,9.228750349824408339e-01,0.000000000000000000e+00,7.185625545792018176e-01,3.145753902277286240e-01,7.380972748493791480e-01,1.687921577544652385e-01,2.767498024045370042e-01,6.682632023842167701e-01,6.863809791868534793e-01,6.678637348785607664e-01,8.717891809286428817e-01,6.547934310289260651e-01,8.600031063590201086e-01,5.411511154792862932e-01,9.973803297394956413e-01,4.108957473728507281e-01,9.563945775153873674e-01,2.925009251598822413e-01,2.931549722729608343e-01,5.412622570831434610e-01,3.357203125819037404e-02,4.321338781555339459e-01,9.576909930085539813e-01,8.499608515500316486e-01,5.024629843756095449e-01,5.863090975709076558e-01,2.707338532317206115e-01,6.500524717029299016e-01,8.735004976260871690e-01,6.894365233465969967e-01,4.240806319334102792e-01,8.675124039413225630e-01,8.840567141955479880e-01,8.875078129852912445e-01,3.215836853636388493e-01,8.813490263229502020e-01,8.156951396345085703e-01,9.130165377177619224e-01,7.251854561251301901e-01,6.744890499795686001e-01,6.543944673035452242e-01,4.085172045878107672e-01,6.146445879504374155e-01,7.664822447855272891e-01,6.249555552110940271e-01,5.131544489100535733e-01,7.666862347192500149e-01,7.877489210751150717e-01,9.411908679732655658e-01,3.059605735765297818e-01,1.962912746876052106e-01,6.656769088371820020e-01,6.294350710654084136e-01,9.726783104524466816e-01,7.911958310151767648e-01,8.083581819637134513e-01,8.418911623623788199e-01,8.669273666152647051e-01,5.033878819645439817e-01,5.334239855280664688e-01,6.665453738099431646e-01,9.486554823015500570e-01,6.017809596578878040e-01,5.734248240235199079e-01,7.171188806912551783e-01,2.183414413112553520e-01,7.869529342987517939e-01,4.495347507104810458e-01,7.763157751290131192e-02,5.379067474810896865e-01,5.994624345458244852e-01,8.874977658664734426e-01,7.982182470691068232e-01,9.172099566697579087e-01,4.823511886342306543e-01
6.838675185575853188e-01,9.945974513014486096e-01,6.945005686405720802e-01,9.931620066068223007e-01,2.830890039188464491e-01,8.528897930600778388e-01,4.095660283927067269e-01,8.586569203291596342e-01,8.123403671118643032e-01,9.160854795284857355e-01,8.012340913092148575e-01,7.185625545792018176e-01,0.000000000000000000e+00,7.464270360388975956e-01,6.896715740732253241e-01,9.107217087782309983e-01,7.676516402002701023e-01,8.471865606614891187e-01,6.570802376166031689e-01,9.168358105879119702e-01,9.025058100988060383e-01,7.179106670628448983e-01,6.038064256805887320e-01,8.779323337275362071e-01,7.974421474745949645e-01,6.611113256289345985e-01,8.370877476669160711e-01,7.641191929569036700e-01,3.666785360664025495e-01,6.787528655271279909e-01,2.991268498160908340e-01,7.112980669872783768e-01,8.922905708428596760e-01,7.297982008846533031e-01,9.291347517964049230e-01,6.586213518042751680e-01,2.171402829705890852e-02,8.799432945938362449e-01,2.032453505682717820e-01,9.977951844721768548e-01,1.426549629729148040e-02,6.101988021266793183e-01,9.856763121974020381e-01,6.582453979590000559e-01,4.483465066430070145e-01,8.253544235095053860e-01,8.205666260367013853e-01,6.683369410500025198e-01,9.825152361721208871e-01,8.385304160506383830e-01,8.083596519117859369e-01,9.012244146903960473e-01,8.536138845089493721e-01,2.383820728681318724e-01,6.688684204553649870e-01,6.029479062826235136e-01,9.583403722915488920e-01,7.868634685224215053e-01,7.338660431781995896e-01,6.098837220023082262e-01,2.315303240936024132e-01,5.158437102526439721e-01,9.545071551725039516e-01,2.945251063265637015e-01,6.887378227308000866e-01,8.421842526207190538e-01,7.924505534917208882e-02,8.890626574130029436e-01,7.386667945933748092e-01,8.452537977908549660e-01,2.258599981598194695e-01,7.290199088339427425e-01,7.016321331412912476e-01,2.570832650676074249e-01,1.459884518413142873e-01,8.162749917582148296e-01,8.777765880859889069e-01,9.728792822570253573e-01,5.745877129833327768e-01,9.893939566938239616e-02,6.970043633903124647e-01,6.887297661480200617e-01,8.678417053800540071e-01,4.835867511382440087e-01,7.746055019748487869e-01
7.881384074850139587e-01,8.022264692646279283e-01,9.360655072395067666e-01,8.510437679241660280e-01,7.024428635600524773e-01,5.446401949268463438e-01,8.683891060808770490e-01,4.841144801966958955e-01,5.203073827205496604e-01,8.286611050192382866e-01,8.782455275913707560e-01,3.145753902277286240e-01,7.464270360388975956e-01,0.000000000000000000e+00,7.057770291940818064e-01,9.545416062255674960e-01,3.450272227029586025e-01,6.813625651970200980e-01,4.197396617632765947e-01,9.148006724175958837e-01,8.457329538936512181e-01,9.530457714714708484e-01,2.445159537377465109e-01,9.545810832706931315e-01,4.332663923306678821e-01,7.967813692410782300e-01,8.133361944073422833e-01,9.701513657970778359e-01,5.519338535629155773e-01,4.744055873702168746e-01,7.320127230576100041e-01,7.155193601635203571e-01,9.656222986964682065e-01,8.936336806112419318e-01,7.661906919388481452e-01,5.809517122182854543e-01,2.934627646178614713e-01,8.543028859549389731e-01,6.404804601246220086e-01,8.969030064664278434e-01,4.401903098342420106e-01,3.437522336338959539e-01,7.796485620402461292e-01,6.135247476950043133e-01,8.285138979885351418e-01,9.474789179908567061e-01,2.397599207564786727e-01,7.644037421529876752e-01,6.984065527569844889e-01,1.366715805408824924e-01,7.522194683988665531e-01,6.084713700641785072e-01,6.190401095385694719e-01,5.963398542646768385e-01,8.415019667249298285e-01,7.753075266659936737e-01,7.823357468793838976e-01,2.282562598178565841e-02,6.614601645180463452e-01,6.660708288490639895e-01,2.811725450955470662e-01,7.872578628785320554e-01,7.965578909856144696e-01,6.210222170917694129e-01,7.867840480756012056e-01,6.845684968938546555e-02,2.202856528248891554e-01,8.805113218902907990e-01,6.251726188020625408e-01,8.366218195026942084e-01,6.619363449942248234e-01,9.199072340028671135e-01,2.957136990090139181e-02,3.609519188585736948e-01,5.299948945536769873e-01,8.002069932151734122e-01,9.683386963894895505e-01,8.904614798197796333e-01,2.228990021599903670e-01,2.864521077083448386e-01,9.156965786374635652e-01,8.878755639160932356e-01,5.866616167134892645e-01,5.977525199873385819e-01,8.148062155596973444e-01
8.772536978165279553e-01,7.445500572770178405e-01,7.123701583678242466e-01,9.251694056423482859e-01,7.561179531351600591e-01,6.190232549699012932e-01,7.473124131149571081e-01,5.639717323818780326e-01,4.231957860636664792e-01,3.383025346084626572e-01,7.757371817764020516e-01,7.380972748493791480e-01,6.896715740732253241e-01,7.057770291940818064e-01,0.000000000000000000e+00,9.308073163738477263e-01,7.324340966357423266e-01,5.800809222731329040e-01,7.662430076424737724e-01,9.694292468530902873e-01,4.334394268425039165e-01,6.115439380246029399e-01,6.576734443749574499e-01,6.945912033543213404e-01,3.471639282367248724e-01,7.230199555978016335e-01,5.375449919992015824e-01,8.252420482645662636e-01,2.701416163665417702e-01,5.815599703212832594e-01,5.546886746926669165e-01,9.215693377603763059e-01,2.868315792019515698e-01,4.974736169086269588e-01,5.566991396487207533e-01,5.336629465238964531e-01,1.724541348735866009e-01,4.398840255688131751e-01,9.696225722863985874e-01,7.892183987635676967e-01,4.219954641625969782e-01,3.702291599125565047e-01,9.604779952626507633e-01,7.069017941443292985e-01,9.301100034383360526e-01,4.090902848314699192e-01,8.841969942987327746e-01,4.614313744075068113e-01,5.203305921279268720e-01,5.328807535496921099e-01,5.551811472514819323e-01,7.209597668354733591e-01,7.841910539862042562e-01,2.524190412299066599e-01,6.862844166292900727e-01,2.586839936786529126e-01,7.239042415184196999e-01,6.690670749700480258e-01,9.238114068994126571e-01,9.091426243854423550e-01,1.360450984304704403e-01,9.280422837818491644e-01,4.284914845033269692e-01,6.223872867560483746e-01,6.811963934863376480e-01,6.962714534458580573e-01,3.857697909129111924e-01,9.840350919249784001e-01,9.999928167139825463e-01,4.732582618733088275e-01,4.908928104123716496e-01,2.916829178053204075e-01,7.487140056083667616e-01,7.412145812066519568e-01,2.960580012220368484e-01,6.119623629711445911e-01,6.494845213088529245e-01,6.317932306492326511e-01,4.322824568348631047e-01,4.716973113188189237e-01,9.762006643390079841e-01,9.247988272626614936e-01,5.558460844138612966e-01,6.245079217376457992e-01,5.944563585044140286e-01
9.073217774111682621e-01,6.416166783112197125e-01,9.297550501890174957e-01,7.314777151413007772e-01,5.685802204994063747e-01,4.417206567866044931e-01,7.645886077824276539e-01,4.148579032126533672e-01,6.685579091723845568e-01,9.531080542785353993e-01,8.726849068714147561e-01,1.687921577544652385e-01,9.107217087782309983e-01,9.545416062255674960e-01,9.308073163738477263e-01,0.000000000000000000e+00,6.167089598119942506e-01,6.092101610585608507e-01,7.887612620148148901e-01,7.805109902192447491e-01,8.043973406603719400e-01,6.612184161803331683e-01,9.863794804694046015e-01,8.672683334091714213e-01,2.671226846705086477e-01,3.737884914337877840e-01,8.996476192869801158e-01,9.758419831321163418e-01,-1.224034623917386044e-02,5.793186214445176230e-01,7.072729988801844669e-01,4.257346416813189705e-01,8.954208574200851478e-01,7.370100184637946583e-01,8.813397610526382264e-01,4.776422233951455598e-01,4.778153919287888018e-01,9.780507945951095738e-01,3.046933824354748355e-01,5.826649643888525132e-01,6.463115162966158733e-01,3.047909345723394670e-01,8.071809091256613167e-01,6.649963214282581525e-01,4.545121321587287100e-01,9.221937930427700492e-01,2.869417912848845620e-01,6.260098086513197213e-01,1.679524827945532151e-01,7.519153529713125117e-01,7.706828493193188523e-01,7.175887815026154026e-01,7.856911516440017174e-01,6.161721627765340825e-01,7.168031554198217581e-01,6.966308731262528253e-01,4.608871186390229302e-01,9.608904882880794363e-01,9.424865279672705043e-01,5.505325642431710964e-01,5.063873227483361994e-01,9.345628094189365465e-01,3.251503671162556675e-01,8.058401425227579296e-01,9.748957063421890279e-01,6.704687284282731530e-02,9.527394554603920707e-01,8.646811435456029926e-01,6.506987700589978996e-01,6.799431196449012837e-02,4.496044060136394904e-01,1.388341547003386078e-01,5.232757413124627943e-01,5.433650059385662923e-01,4.032730810024935941e-01,6.852054615078310151e-01,3.195465134332449719e-01,7.676872477809796314e-01,4.397687374895383750e-01,7.392292220462471919e-01,7.123443013725935247e-01,8.565597903431566573e-01,7.139268877697086957e-01,5.137584288298476798e-01,9.435909659602876864e-01
8.637351234859386162e-01,6.165730435729618319e-01,9.672937534169229190e-01,9.950483270488641452e-01,6.755800779187919325e-01,7.880655561953064936e-01,7.641430778919002798e-01,6.851133170534041694e-01,7.909212479669309737e-01,9.456356159230672187e-01,7.920483960004810475e-01,2.767498024045370042e-01,7.676516402002701023e-01,3.450272227029586025e-01,7.324340966357423266e-01,6.167089598119942506e-01,0.000000000000000000e+00,9.914210232229530018e-01,8.769535402423138670e-01,6.390073590549925076e-01,9.678073800852717845e-01,7.589854905009287833e-01,8.872310422505012006e-01,9.034526029231150224e-01,8.778503351236333074e-01,8.714125087068348430e-01,5.070120062244352077e-01,4.988927335015342357e-01,5.294726005843247707e-01,6.763295305791843237e-01,-7.820812558303191775e-02,7.618356983442753361e-01,9.432817639577258939e-01,9.827745679437973614e-01,7.001397074796729125e-01,7.879717899069498266e-01,4.553874390454303311e-01,8.864154860039260564e-01,6.449805855545875932e-01,8.959954028305979756e-01,3.681943314270285095e-01,5.233170047878273889e-01,9.752408125321486709e-01,9.593235646845761355e-01,8.115741326043205417e-01,9.526039806204827931e-01,4.576942623990624681e-01,9.760373987104418170e-01,8.770549685007136276e-01,9.681240956472115800e-01,7.061811051777732162e-01,9.819549536443469284e-01,8.036012997378494394e-01,6.636340880858713209e-01,4.594922743014457356e-01,3.738347687489919080e-01,8.712491983871895052e-01,6.096429638402920403e-01,9.803249354473889676e-01,5.964340805994482464e-01,3.109172518326645540e-01,3.498991655798302514e-01,9.504942395332725003e-01,6.843498502224986124e-01,9.935268735906072068e-01,6.751063324658315157e-01,7.425298549788861280e-01,7.863355706342441964e-01,5.079597256631396274e-01,2.629485580112075893e-01,7.075219823594344204e-01,7.297886037364891276e-01,7.331101565482727178e-01,8.894520582169818113e-02,8.745846699766193222e-01,8.788075723701502806e-01,6.723140229083079955e-01,3.775566304556681185e-01,1.585561729512168783e-01,1.490217435553161940e-01,9.443462672028493099e-01,8.718703392798210494e-01,8.707234622457097339e-01,6.192875966320855463e-01,9.960370472796058472e-01
9.414754371346143458e-01,6.294329740372648363e-01,7.868601040584223272e-01,9.456423536646823003e-01,6.248948484516119173e-01,5.788758626792656070e-01,4.295014866020097632e-01,7.665336436617657956e-01,5.750498904063393590e-01,6.269858436178170624e-01,6.906456456092993079e-01,6.682632023842167701e-01,8.471865606614891187e-01,6.813625651970200980e-01,5.800809222731329040e-01,6.092101610585608507e-01,9.914210232229530018e-01,0.000000000000000000e+00,7.636280905874838210e-01,4.848113737868675055e-01,9.916082237216534701e-01,2.119261174078247156e-01,6.690563809061298439e-01,7.335243419951902322e-01,5.939334857232898557e-01,4.720739617667342736e-01,8.178768435364984768e-01,6.330370495317427793e-01,8.617302311130983772e-02,9.697537096393544775e-01,5.016560253382831291e-01,3.359544732469486039e-01,5.745385939321717705e-01,8.031936496776386214e-01,6.585217627911611471e-01,2.872302651220727254e-01,6.910498374333768901e-01,2.083366784701394525e-01,6.577450585864360599e-01,4.255587086542795827e-01,4.504426164524821807e-01,4.040693644785416372e-01,8.231889303353556731e-01,8.464153614859932784e-01,9.409505251463132769e-01,9.743548747142715127e-01,7.443550773640225104e-01,6.794973604213068175e-01,7.633842541959263706e-01,7.364134876612576930e-01,9.928933341386078082e-01,7.680235222642172177e-01,9.220830391126468850e-01,4.987244574560156241e-01,7.721187455162500379e-01,8.114642061913591720e-01,3.295869290482646985e-01,7.337701372029773461e-01,9.840930729794238330e-01,-1.581474370663704665e-02,3.096025869000026964e-01,7.006019420577829226e-01,4.233018864667747461e-01,7.492665893975438696e-01,8.507910025317791947e-01,8.230098935103186131e-01,7.199666503090940139e-01,8.982518272734880682e-01,8.826979767165046287e-01,6.840030807651245048e-01,3.090874058426817395e-01,4.383741839287702557e-01,9.191988930564179427e-02,8.733369322095552167e-01,8.553847860044304641e-01,9.846612497667797115e-01,6.063943193289981215e-01,8.870375612763191642e-01,4.379559698242221355e-01,4.354936543086986855e-01,8.086617880151404369e-01,9.052543249091383748e-01,7.869765724220915137e-01,6.804992692027925782e-01,6.921483629363326395e-01
