0.000000000000000000e+00,8.418525387076427613e-01,9.000495657800940963e-01,8.202322860213270284e-01,8.925327983314012004e-01,7.447358593097992419e-01,6.617221441212653987e-01,5.060342377479761788e-01,8.661027487335568598e-01,6.276867096393617951e-01,9.523622757798078098e-01,8.036909599511198321e-01,9.862056823533200678e-01,6.403019050789251487e-01,9.537200424153037259e-01,9.234201313995067384e-01,9.342629222380296472e-01,9.539703196169526667e-01,5.746994558047313628e-01,7.656702751885866576e-01,8.424649664233756496e-01,8.551947316645227559e-01,9.791282801313282436e-01,8.972687043208498192e-01,8.485278682934874750e-01,8.258973767189040638e-01,8.756698156831546065e-01,6.086068292859613260e-01,5.805613881392674980e-01,3.199609969058008208e-01,3.062654802890004135e-01,2.071509633080595089e-02,8.830066185135951873e-01,8.555892295905751510e-01,2.950895019195921565e-01,3.771148603736995675e-01,3.244601348880112313e-01,4.659623264198346493e-01,7.373818700869476661e-01,7.990758730078110217e-01,7.879865228290587886e-01,4.065284033141237652e-01,7.332629016484218942e-01,8.914872615871762829e-01,6.191059666699280095e-01,8.132961649380930913e-01,6.418834003504486629e-01,6.791226618697243644e-01,9.381549563800439806e-01,9.663907216012262991e-01,8.545536927559163054e-01,8.630115636645908639e-01,9.665386067813455107e-01,9.850897275232060046e-01,9.663318519792419847e-01,9.249559352286951253e-01,6.674411637128300212e-01,9.606943409467505468e-01,9.281710725693053110e-01,3.378255009635967587e-01,7.496708333842712346e-02,4.440078949748411108e-01,6.511169546604415048e-01,8.828537267715740322e-01,9.066599113220660255e-01,8.384637860194197323e-01,8.610737968192082592e-01,4.812888299650447399e-01,8.735036644794297311e-01,7.250031409237787106e-01,8.363205629529905094e-01,4.392822545871972184e-01,6.607074985320178229e-01,2.616519854651961907e-01,3.147834688937219405e-01,5.758857832507231489e-01,6.992796897918716059e-01,8.210002931120660152e-01,4.092042118653991256e-01,3.014776863246200755e-01,9.795163444455406987e-01,8.874514452062728376e-01,2.902801703433036673e-01,6.779662077667527598e-01,3.681261573708881629e-01
8.418525387076427613e-01,0.000000000000000000e+00,8.293887542038765881e-01,5.080087744389887305e-01,8.033060824135552780e-01,8.415171545084000337e-01,4.667411359110092972e-01,6.086138092231807573e-01,7.559111512917519038e-01,8.420233363462352738e-01,6.949290851142670977e-01,4.691501734114427169e-01,6.426394102935477637e-01,8.034022720372467896e-01,4.709022913002279820e-01,3.376766940478792001e-01,7.756314310012639712e-01,2.017185615715598457e-01,3.063939512198229354e-01,7.624456140278970118e-01,7.229579066328447601e-01,7.943102720329890953e-01,4.204367631989938681e-01,8.437529694029730631e-01,7.551886278765194138e-01,4.492831684225356281e-01,6.226654977091117260e-01,4.600470984846758427e-01,6.580821992891239258e-01,4.086199365682198215e-01,5.925759545599733613e-01,6.796189658726782268e-01,8.001902532709637139e-01,4.270271444833407259e-01,7.855632934055492012e-01,3.115698387746701492e-01,4.256276119629425203e-01,8.972762325353227375e-01,9.476874369239141060e-01,5.712885681407819938e-01,8.548270267219924834e-02,8.785463659087797694e-01,7.736427964519827505e-01,8.092677340373631845e-01,7.551788204646201486e-01,4.187094264068544902e-01,7.497386402317655074e-01,6.070509671967534437e-01,2.542200551258410046e-01,9.159422704797784975e-01,7.247883982771370359e-01,4.552688488981105341e-01,5.140684949452140051e-01,7.940321623313135735e-01,7.802137846360643891e-01,9.740745743774371634e-01,7.542485759290000757e-01,4.839207784804912538e-01,8.385660660247946652e-01,2.914047889924988866e-01,7.708765423221599633e-01,1.834794962373625105e-01,9.049796905169710248e-01,4.972293354844042890e-01,9.342408244626463354e-01,6.859530521975131245e-01,2.696464113646521721e-01,5.257605479497367007e-01,3.189673675726998336e-01,6.174588388477921796e-01,9.573343520789094896e-01,2.890453393082163536e-01,5.386843678423545168e-01,4.959539851165075675e-01,7.267136699589509252e-01,9.016807115203511191e-01,8.630668537953485320e-01,1.738144832297025266e-01,1.000285446424103997e-01,4.411970138727628332e-01,7.187073277425966022e-01,8.525903729981819668e-01,5.920830233605838266e-01,4.915020076288389994e-01,9.367879135806953528e-01
9.000495657800940963e-01,8.293887542038765881e-01,0.000000000000000000e+00,7.250426508540073200e-01,6.111707568541662194e-01,4.093647019537787202e-01,9.962607386171731250e-01,8.329967510001714537e-01,9.954457863517887084e-01,8.314185857765353793e-01,7.865092065918342090e-01,9.824327237297826310e-01,8.787987858193128110e-01,7.424918851823529842e-01,9.090924019542406809e-01,6.072820848126995186e-01,8.773895076271037707e-01,9.802993008480930248e-01,6.200909908797131997e-01,8.143967272172466521e-01,8.809960492287680633e-01,8.375274188329779879e-01,5.045703238851440009e-01,4.756371331538368219e-01,6.686314075018089387e-01,5.439212018054000453e-01,9.074928175571114197e-01,6.673949425805112412e-01,7.182798689883034271e-01,7.239093306010879747e-02,6.575319650726459964e-01,8.041964700259787158e-01,7.885973506045458326e-01,8.642991318779911225e-01,6.411546010760134084e-01,3.899369057626400625e-01,5.394886625195992602e-01,9.864187762035575568e-01,8.994192095323625402e-01,9.275162786331840881e-01,2.015781368727390110e-01,8.786650049750814873e-01,8.072920151420445167e-01,9.521731946284517356e-01,9.501991012047884544e-01,9.441219512016200133e-01,7.805558329893631520e-01,7.810899714280892248e-01,9.246384825739660807e-01,4.902482775827768924e-01,8.142712295923950627e-01,9.474356487936661519e-01,8.961943963194833884e-01,5.156554787682878782e-01,6.299207010781437965e-01,6.650080744563566792e-01,3.210737829983464908e-01,7.685235775749499343e-01,6.669940867384440697e-01,-9.655248713806127703e-02,5.194596553105728098e-01,6.535739943357700144e-01,9.048587304323519875e-01,6.011515471606387884e-01,3.799255989604480299e-01,5.015036292343710844e-01,7.600950358946547691e-01,8.122926806537629218e-01,7.030320340197717677e-01,9.654246574654948843e-01,9.045121247893658234e-01,9.874244150532192066e-01,3.274821080815479291e-01,3.716265592717279409e-01,8.142481479496448404e-01,9.943491877342013341e-01,6.616254947176003487e-01,8.427187804216447198e-01,6.740330165679357943e-01,4.187969984963154646e-01,8.120504517672371136e-01,8.732018590621688503e-01,6.044207696522770901e-01,7.183191177835316354e-01,7.555977438140440983e-01
8.202322860213270284e-01,5.080087744389887305e-01,7.250426508540073200e-01,0.000000000000000000e+00,9.297858663240252675e-01,8.903149041525234564e-01,6.505659798634405577e-01,8.852395578237959306e-01,3.510702996862016256e-01,7.957741812029175410e-01,6.747309094888642722e-01,3.308410413368281233e-01,7.324004136744421967e-01,8.865711428134561700e-01,8.723661696156472800e-01,5.956151023384588239e-01,7.743088706601015669e-01,8.109907427663837209e-01,5.749663576281083266e-01,9.090310883049899093e-01,8.354201516412456119e-01,9.240453201222644797e-01,4.495957175895655689e-01,4.868358247408797745e-01,9.639388510921702569e-01,6.142872699836924300e-01,6.927421621752449798e-01,8.616394585009075069e-01,3.331676444196416398e-01,5.629724709233402402e-01,2.766492128006023399e-01,7.627131911176274759e-01,8.991058980361318342e-01,8.142375281307511203e-01,2.164031790509696185e-01,4.509487362874780580e-01,3.366495715689806767e-01,6.047250884347384892e-01,5.647148778402414360e-01,8.690016295567628557e-01,3.337260187281697599e-01,7.421282506968993609e-01,8.877084327030698718e-01,5.364152372752762910e-01,8.941627386488562035e-01,6.064666283729337470e-01,5.361592726062242020e-01,7.142476588568322793e-01,7.886323390885700002e-01,8.146502380374801566e-01,9.267085247957873584e-01,2.605482733706558363e-01,8.742935771101689735e-01,6.370997855296220980e-01,8.101243924650138872e-01,8.421873662330405796e-01,8.190473756129833527e-01,6.279509774976164138e-01,7.802444817971352364e-01,5.785483323487696783e-01,4.518060859200778712e-01,9.767800328741400584e-01,9.008721260325565083e-01,6.742238023955688941e-01,8.787752260690340211e-01,7.764257804627037185e-01,8.108828200531990049e-01,8.424047819019936378e-01,6.529244818126359595e-01,9.125356523855480129e-01,9.817726322335995626e-01,8.256994347820297842e-01,2.770213584337595791e-01,7.750106808215270204e-01,4.396106028274371358e-01,5.411791116797907142e-01,6.131527015497773014e-01,9.742099243091908445e-01,5.210855631462627535e-01,3.442993672485685774e-01,9.619743966618384823e-01,7.154528069237200416e-01,9.507295284617289788e-01,2.026654584737302423e-01,2.860639162076920039e-01
8.925327983314012004e-01,8.033060824135552780e-01,6.111707568541662194e-01,9.297858663240252675e-01,0.000000000000000000e+00,7.461903982512935185e-01,4.436970408296760371e-01,5.862404161567320582e-01,6.418508355596095338e-01,7.830751218551945669e-01,4.540107325027940566e-01,9.424175444442371985e-01,4.336106580558148349e-01,6.960464641827845966e-01,8.883858955156272996e-01,7.907617334638533668e-01,6.272212009019082490e-01,8.687801085014161817e-01,5.221118587805488875e-01,3.081672760627667818e-01,8.350183038051908202e-01,7.511042010680550884e-01,9.780745561856736270e-01,9.835981882703599410e-01,6.885432900058124916e-01,9.895976880436331280e-01,9.256145715495792681e-01,5.856861895488880698e-01,6.693480302218132172e-01,6.561220082466274750e-01,4.146532470052344266e-01,8.239548851822177111e-01,6.440366649743256566e-01,7.067847744645441299e-01,7.732286574851031657e-01,3.159165921450096115e-01,4.361095920528059722e-01,7.838010000628646834e-01,8.342370732010181422e-01,6.478402510997025576e-01,4.345670168327010474e-01,9.377452818390193956e-01,2.255271617987508193e-01,2.104174953101115575e-01,6.012096127252671840e-01,5.394535126119065493e-01,6.665841018692727493e-01,6.263517097884743201e-01,7.040733241141041709e-01,7.366158495430596975e-01,9.208336777948926688e-01,5.990804289927942339e-01,9.339498679164832673e-01,8.892385526937025553e-01,3.507208385402652562e-01,5.572006759459354752e-01,8.476184187479025578e-01,3.542403295548198217e-01,9.684523102452289312e-01,5.300305024657525621e-01,2.334849807762699458e-01,5.926878851106763824e-01,8.317458461564946059e-01,8.371332159685974661e-01,9.413846117195495689e-01,6.998083674622684880e-01,5.394255092754907110e-01,8.441506153774189780e-01,4.323675897833666459e-01,8.681079671866813730e-01,6.592240282476475866e-01,4.723765048427689406e-01,2.511421201225902955e-01,2.642260724773367042e-01,6.426516532550243799e-01,6.575418180680386859e-01,7.748455172873045527e-01,5.377931439578251815e-01,6.277648957648297445e-01,5.336212558375691417e-01,2.373962327102499548e-01,4.185182361695090059e-01,8.100991687449026202e-01,5.147287341103115033e-01,7.995626308731843546e-01
7.447358593097992419e-01,8.415171545084000337e-01,4.093647019537787202e-01,8.903149041525234564e-01,7.461903982512935185e-01,0.000000000000000000e+00,6.210899983566587901e-01,4.646711402794477253e-01,4.760583110504617577e-01,7.407367926253820567e-01,7.402641396102255245e-01,5.469724352901685904e-01,4.955328748122769245e-01,6.286023511031080258e-01,3.413478509824254825e-01,7.285029446970959777e-01,9.237654485577593277e-01,8.919068022693078523e-01,2.904596501890993610e-01,7.528060107356657760e-01,7.721034360670394614e-01,5.847145310202148671e-01,9.319473932970111507e-01,6.638267533093406003e-01,9.371522640996614584e-01,7.177349942698296736e-01,8.005106600566480601e-01,2.489906738833272959e-01,-4.201155976780224233e-02,5.235625664477208119e-01,5.859186335372276178e-01,7.073457879141811233e-01,9.452879999567701530e-01,3.433819529751906963e-01,7.232466505410888313e-01,6.155987986239070953e-01,3.774492782784456546e-01,9.964043346760247388e-01,3.438202310279058205e-01,3.639045443269490754e-01,9.206509535303573910e-02,9.196695081401143890e-01,7.051669997041533078e-01,8.927834933206331147e-01,8.267117691119589828e-01,9.590869495394409583e-01,5.375635175394406495e-01,9.784752047525651086e-01,6.869549258940147451e-01,7.109129042034382229e-01,6.934340102252353200e-01,8.840777480216085449e-01,7.598281462776408368e-01,9.689178214768167097e-01,6.869013095445235528e-01,6.191236140979926583e-01,7.792881307222077059e-02,9.309812091041516080e-01,9.270568217194288252e-01,7.894770376297657322e-01,5.518361051702842524e-01,8.363545851863742886e-01,9.439653374304318723e-01,6.096313773920947199e-01,9.947421654852230954e-01,7.697879791850674724e-01,8.856790927466290375e-01,6.290668175551441532e-01,3.537280331333394479e-01,9.188659921081822057e-01,6.088784672661895492e-01,6.780756559272806960e-01,2.003394126144766862e-01,6.348171017566470731e-01,9.491475861630387367e-01,9.358391106926962077e-01,4.574068548815561353e-01,7.450631147109402219e-01,5.404771581283195347e-01,2.811167188087474456e-01,4.646227121718942699e-01,7.235994295597859560e-01,6.532836228210311402e-01,4.175111423746140082e-01,9.454408645815884915e-01
6.617221441212653987e-01,4.667411359110092972e-01,9.962607386171731250e-01,6.505659798634405577e-01,4.436970408296760371e-01,6.210899983566587901e-01,0.000000000000000000e+00,2.447438964966565933e-01,7.448015014216393670e-01,4.172607972801937182e-01,4.136273567949534935e-01,6.677272673460989960e-01,5.340189352622453089e-01,6.858899462266055957e-01,8.081272788375731819e-01,4.636435161702532892e-01,6.403980538001744494e-01,5.322828832967536616e-01,4.949822856418208961e-01,6.531289075612013439e-01,7.326582851400837981e-01,5.102982354902761974e-01,4.194159621269424321e-01,8.848038599083102307e-01,5.272527240082605093e-01,6.646511562100602122e-01,7.241214108510281022e-01,5.569251438695315137e-01,8.124975327946780679e-01,6.998714019038445588e-01,4.092960200949271599e-01,9.570529561380269890e-02,3.034732735031445694e-01,7.501157271210124877e-01,6.013551009198650488e-02,3.868383225928804237e-01,5.433865122280815418e-01,3.617714340443865112e-02,9.815520456431865437e-01,3.147861954214455360e-01,4.936075606463464216e-01,6.677540027436841275e-01,6.701909977054211209e-01,6.332251043977812355e-01,9.330384311907291561e-01,3.206537241472415811e-01,6.421241909067554321e-01,7.376937077873754189e-01,8.367782306328442887e-01,7.527573939821959881e-01,5.182350007512679380e-01,8.269178217418022836e-01,7.821470813170368075e-01,5.435901624767514040e-01,-1.022253297217283891e-01,6.667699761136262060e-01,7.575174988634039153e-01,6.973252520490561546e-01,6.706504503730826849e-01,2.384880416264794079e-01,5.370027628085004556e-01,3.412577829961752629e-01,3.765298162251934366e-01,5.090167271583547759e-01,8.006940391903965004e-01,5.694344880111963381e-01,6.356935444628641907e-01,7.753350468222959258e-01,3.923865743998232181e-01,6.510453255668344763e-01,6.732946910702015675e-01,4.387922952356361206e-01,5.810471368428329342e-01,7.094956266659986355e-01,9.297603629714489282e-01,2.536998261698201751e-01,4.312275464023188620e-01,6.341561332025509312e-01,3.091101744052791589e-01,-1.202088191624252622e-01,1.945042546620169566e-01,9.779390533212003467e-01,6.661045401843930236e-01,6.928930981715404336e-01,6.539421081519442014e-01
5.060342377479761788e-01,6.086138092231807573e-01,8.329967510001714537e-01,8.852395578237959306e-01,5.862404161567320582e-01,4.646711402794477253e-01,2.447438964966565933e-01,0.000000000000000000e+00,9.839261531524488014e-01,2.743226410406878202e-01,4.888475913969250186e-01,2.873540519655982117e-01,8.412824425856123556e-01,7.480358476190351880e-01,7.157283753446089802e-01,7.584339489429559045e-01,5.908236014782008994e-01,4.652810773387701104e-01,4.902730543244741557e-01,6.215157514254274762e-01,8.009107778650970122e-01,7.303352498865969267e-01,7.406774086515774957e-01,8.650175910062901652e-01,8.162735369977831557e-01,9.922272801931073527e-01,4.801177899307883523e-01,4.554872986051407002e-01,5.183411067754526425e-01,7.886120869493344898e-01,1.234781105512210986e-01,5.818079014023115336e-01,7.411197150829653690e-01,4.267472830784655446e-01,4.180080418283926846e-01,9.681064905405285526e-01,1.947465059042041702e-02,2.009421433625634967e-01,5.542993732740068014e-01,8.624735305140583952e-01,9.742896276243213638e-01,6.115019993338995929e-01,5.909511057625893571e-01,5.732093739551079592e-01,6.663634397922034713e-01,6.893685513154249600e-01,5.497473251356425061e-01,8.007675460392466027e-01,4.378558399513292065e-01,4.898556616173912470e-01,4.213905580420871377e-01,5.341550615974296479e-01,7.816736601156317743e-01,9.519107866725616818e-01,6.540395729147132631e-01,2.667626731832487552e-01,5.852756864982645579e-01,7.427541122397564033e-01,9.681100375205335951e-01,7.762355127676846545e-01,3.505232678645013866e-01,5.601372688026160507e-01,9.450125171723809947e-01,9.189504808803814484e-01,4.978561624897025473e-01,2.625439676858934424e-01,4.990024226867603163e-01,6.731017060722855883e-01,4.757211491425980543e-01,8.028850436066645724e-01,6.372526824393525136e-01,7.772445111134713702e-01,9.966981961814278534e-01,1.424727241293643754e-01,6.563261452712818578e-01,6.500277316537581562e-01,5.720175209089775059e-01,7.976851082067530907e-01,6.167422999407086159e-01,3.623744968009218193e-01,7.031186059110245967e-01,6.721024588979800374e-01,8.410256447374211408e-01,4.723419269662366693e-01,5.801859226143422088e-01
8.661027487335568598e-01,7.559111512917519038e-01,9.954457863517887084e-01,3.510702996862016256e-01,6.418508355596095338e-01,4.760583110504617577e-01,7.448015014216393670e-01,9.839261531524488014e-01,0.000000000000000000e+00,9.360778920065846442e-01,6.936297460731891684e-01,6.122400193849163452e-01,6.664449638475932192e-01,8.133569953617861836e-01,7.615298757138075914e-01,6.669868618470720101e-01,9.721153962140764992e-01,7.478811039379380521e-01,7.630471561704202932e-01,6.890691525976205822e-01,4.319118793916922328e-01,4.624920006281230678e-01,6.905678726495835251e-01,6.697745299534061392e-01,8.448253198683256526e-01,-5.519724137831275024e-02,6.165135793592549929e-01,8.834261806917059756e-01,7.949880399098969708e-01,5.708522923596630605e-01,-7.208456290617326623e-02,9.884290310482610753e-01,5.912583659515857626e-01,5.211558020999369489e-01,6.094831125038658870e-01,3.609433618031447910e-01,3.684619731768657043e-03,4.316682755640655622e-01,7.839644104823815240e-01,8.741296386689163533e-01,5.545025475219997890e-01,9.526395403313209220e-02,7.728708058695552552e-01,7.616750475597676706e-01,6.120928684244216766e-01,5.988697155539550732e-01,4.117299925551719531e-01,2.705109160629364240e-01,7.601492351988263785e-01,8.057937628111485617e-01,5.149327739672105997e-01,7.093146484404924124e-01,8.479447236152183320e-01,9.583951851505563280e-01,6.212994770889282981e-01,6.769907460188145931e-01,7.505354236090875375e-01,7.282868082751697836e-01,6.626539425067646816e-01,7.900583505350501357e-01,9.378243506567077725e-01,5.624053817870598992e-01,5.394048772865560615e-01,7.222923997902384041e-01,9.389273354648084435e-01,6.801483941472699080e-01,4.044580463031847706e-01,9.611152072050337392e-01,9.647761452484198141e-01,5.945788591299150383e-01,9.685562980790083376e-01,6.959131469245436463e-01,7.575684844211680868e-01,2.080069516278193198e-01,7.504520940466458123e-01,7.729240595625873622e-01,4.124541852907138706e-01,7.420292357575016817e-01,5.366455846907274285e-01,2.657406532944819322e-01,9.059711980044403701e-01,4.695446869316146077e-01,4.230147368688519927e-01,5.762892321633814596e-01,5.487454966041355187e-01
6.276867096393617951e-01,8.420233363462352738e-01,8.314185857765353793e-01,7.957741812029175410e-01,7.830751218551945669e-01,7.407367926253820567e-01,4.172607972801937182e-01,2.743226410406878202e-01,9.360778920065846442e-01,0.000000000000000000e+00,9.633743061917735551e-01,7.971736610521513722e-01,-2.381758601385449980e-01,7.842419906668754992e-01,6.286885037678370258e-01,6.142805081679825197e-01,6.572496569266997879e-01,7.326397855524785507e-01,7.104970614206281843e-01,7.296273919312696865e-01,9.084113300041800620e-01,5.627011849530728638e-01,5.709696229334868534e-01,6.430166998134948519e-01,1.769472467206132660e-01,3.890509638176828933e-01,9.134589472809292454e-01,4.057311886862031147e-01,7.671182141568301249e-01,7.015487492206617937e-01,-1.136101507378446118e-01,6.363167661853786905e-01,9.045876878697293177e-01,7.697491300055686603e-01,4.775646430580469115e-01,3.394621981064790406e-01,4.618531924439833736e-01,7.377482488288569229e-01,8.953091587223873660e-01,2.872808103010275338e-01,4.208361452890033716e-01,2.902740430772188240e-01,3.265307393284225812e-01,6.292529857422083372e-01,7.530892793305690169e-01,7.900134820069100172e-01,7.855595095446424869e-01,8.530401455597753646e-01,5.514993187519943163e-01,6.467447874893939019e-01,7.044024889405747780e-01,7.573138710867060031e-01,8.902519200035191593e-01,2.257960485962807462e-01,6.832997982309856333e-01,6.187125284184765706e-01,5.002172061220706567e-01,8.608707628832017456e-01,8.239024691921976729e-01,6.793164967480849192e-01,3.737739067496977929e-01,2.154393309186913297e-01,6.787047785440978309e-01,5.026313425098213328e-01,8.057459042525897397e-01,6.149609148825905258e-01,7.110361693397336813e-01,9.678412368665951782e-01,4.357788646584202508e-01,9.935686521117090830e-01,5.245392017908497850e-01,4.829552008726073486e-01,5.538150386681146564e-01,5.677088753353203288e-01,4.323058648857983077e-01,5.210511374218622649e-01,8.360376358482934922e-01,7.531602844423419540e-01,7.888888735797523477e-01,6.916531538655745770e-01,8.762053291155453838e-01,9.646633758246109247e-01,9.351999831941764096e-01,4.293141559898198123e-01,5.167481092854306901e-01
9.523622757798078098e-01,6.949290851142670977e-01,7.865092065918342090e-01,6.747309094888642722e-01,4.540107325027940566e-01,7.402641396102255245e-01,4.136273567949534935e-01,4.888475913969250186e-01,6.936297460731891684e-01,9.633743061917735551e-01,0.000000000000000000e+00,8.550611499039981744e-01,7.953645012814448689e-01,5.932582353804212172e-01,-1.229963185205794618e-01,7.647356985226275716e-01,9.665420268905944301e-01,7.226434159125310064e-01,7.101911874642516942e-01,5.325095611604164780e-01,5.583947673762058583e-01,5.762750242834933090e-01,9.958804031117662880e-01,7.194738464536001299e-01,8.764883135353432886e-01,2.472322007007484446e-01,8.333639008598169307e-01,2.433424549805828507e-01,3.326034185053372561e-01,7.169323902257359604e-01,5.603076607999211145e-01,2.888340293467149822e-01,9.271612156821991135e-01,5.826100118276866802e-02,9.978026778071633629e-01,7.009562007898835212e-01,6.939048128484291977e-01,2.739087560040666114e-01,6.284260703992569086e-01,6.927391254389093644e-01,5.163773176861627956e-01,3.468884686629586378e-01,8.596071541386490766e-01,6.035170566660152947e-01,3.722397001637268721e-01,6.825683559117265986e-01,2.931851618868679954e-01,7.958698340109473524e-01,4.662455576198406004e-01,6.739204116402480738e-01,7.244471956763389731e-01,8.091170297196117467e-01,8.807836293589326182e-01,7.108672079731203075e-01,3.526708241814413558e-01,7.314921608883390158e-01,3.760340786317639683e-01,5.665303441020551611e-01,5.096894074433664379e-01,5.484723535000179950e-01,4.230768565961051109e-01,3.974898561965574117e-01,7.786594090125531498e-01,7.051084843712831507e-01,8.401950043737984597e-01,9.573404182967105713e-01,8.728184895862869386e-01,7.160804903521830189e-01,8.757078206709789647e-01,2.698214973084637758e-01,8.618258639180131908e-01,6.950458724562885715e-01,5.984389443356401550e-01,6.257352857560543047e-01,9.325731890032870064e-01,9.907483786941642112e-01,9.793862794493347623e-01,7.674266434164025430e-01,7.612321218699847902e-01,2.817915087901753379e-01,7.404899793870997060e-01,4.073576932549003993e-01,9.426631447231759164e-01,7.571231620191634093e-01,6.730899588059006955e-02
8.036909599511198321e-01,4.691501734114427169e-01,9.824327237297826310e-01,3.308410413368281233e-01,9.424175444442371985e-01,5.469724352901685904e-01,6.677272673460989960e-01,2.873540519655982117e-01,6.122400193849163452e-01,7.971736610521513722e-01,8.550611499039981744e-01,0.000000000000000000e+00,9.480633450526076977e-01,4.010691955219797267e-01,4.912529468261317978e-01,9.932216825296267260e-01,6.889099588025902055e-01,3.786238423663399466e-01,8.423335746869462515e-01,6.885667748943482547e-01,9.964492955649740802e-01,2.508549488763921476e-01,6.138886498004927361e-01,6.257376347565793973e-01,4.021711294849276142e-01,6.620073086430107168e-01,7.196369066733223629e-01,7.326757228468264715e-01,9.962015239081463136e-01,9.098026851997205178e-01,2.091366771698782989e-01,8.546520183772221557e-01,2.322002571762139533e-01,9.209086531666280662e-01,6.144401784151148904e-01,-1.560908094222460130e-02,6.682585883735545629e-01,6.516185072666680345e-01,6.306414575811308820e-01,8.022761545920050752e-01,1.506533982589171039e-01,7.497715040516631513e-01,8.376835019545432193e-01,4.872630842782852967e-01,8.037970790509314511e-01,8.594969457687768877e-01,7.471647633373428299e-01,6.052234595248469073e-01,3.763757278192342848e-01,4.860821230914317281e-01,9.198499038353915580e-01,7.154711426774948979e-01,8.037480660394560328e-01,7.622414419313513489e-01,2.127618630525919263e-01,8.770010264355324603e-01,7.258178008507197854e-01,9.420327091503677419e-01,9.852662864822402389e-01,5.860386626454606729e-01,2.452306162199876793e-01,4.658420982455187542e-01,7.567708101573671353e-01,7.206226685546668342e-01,5.824923615705210889e-01,6.189600660603938875e-01,9.851534381345610214e-01,7.347492202017031904e-01,6.242587133653166864e-01,8.328898562165584218e-01,7.423937706907345335e-01,2.031378102840058486e-01,7.650754415765517180e-01,2.145374807116540994e-01,3.365316959576096223e-01,8.321417633203791464e-01,6.927561905977006607e-01,4.200726401156875678e-01,2.098603725768709016e-01,2.846382294252691736e-01,9.069372961843383818e-01,5.144246203654034844e-01,8.046266985072192401e-01,4.134251517001965026e-01,7.616000215732523504e-01
9.862056823533200678e-01,6.426394102935477637e-01,8.787987858193128110e-01,7.324004136744421967e-01,4.336106580558148349e-01,4.955328748122769245e-01,5.340189352622453089e-01,8.412824425856123556e-01,6.664449638475932192e-01,-2.381758601385449980e-01,7.953645012814448689e-01,9.480633450526076977e-01,0.000000000000000000e+00,4.136758614722202410e-01,6.100444638018296395e-01,7.993415532506682464e-01,6.548081568673709274e-01,9.003016311896548940e-01,9.810446881102720118e-01,2.014671371975668701e-01,7.842354291912629893e-01,9.442161727247493364e-01,7.512401928889143043e-01,6.916103440667838997e-01,8.734059294881570956e-01,8.575749045922458347e-01,7.335679817147162662e-01,6.469945453720982176e-01,6.851559626736866138e-01,3.793454966426511588e-01,8.042999164765413100e-01,7.009258075343698380e-01,9.177664399684817287e-01,6.541706262165435382e-01,8.381284920307985331e-01,1.568220888884848674e-01,5.460422419014274720e-01,7.516296198119731820e-01,8.492763000432003162e-01,9.767999064260461939e-01,4.715556177679718908e-01,9.557754303288483744e-01,8.415956617554979369e-01,7.523773326794402916e-01,8.178683139521557566e-01,8.568236346752219346e-01,4.231883211372211573e-01,8.588217213919893123e-01,9.241862405174929851e-01,9.569163838194547633e-01,9.607573674031815170e-01,7.659440988501278191e-01,6.018250123089934345e-01,7.792443620723330522e-01,6.478817970230386081e-01,8.204792090124374271e-01,7.975583211641257275e-01,8.389906457623499403e-01,7.146608357125026068e-01,4.606577911223500021e-01,5.498233724262467925e-01,3.129726079678515349e-01,7.764878747573424889e-01,8.343668479980803632e-01,8.866804403156020031e-01,9.786768410164954357e-01,6.591332069706575814e-01,7.378450332542886292e-01,2.637086805647568810e-01,7.791675118181760062e-01,8.777819824439250240e-01,6.791358192211447431e-01,6.480776198824965695e-01,6.747094348585191970e-01,5.324934946357744447e-01,9.140278137541740788e-01,8.846437155786822659e-01,8.409660969341917758e-01,6.247183653465674391e-01,3.699351344900359551e-01,4.916308231172506482e-01,9.267714470098580293e-01,6.857345394463593147e-01,4.258220580274538897e-02,8.387503059979621867e-01
6.403019050789251487e-01,8.034022720372467896e-01,7.424918851823529842e-01,8.865711428134561700e-01,6.960464641827845966e-01,6.286023511031080258e-01,6.858899462266055957e-01,7.480358476190351880e-01,8.133569953617861836e-01,7.842419906668754992e-01,5.932582353804212172e-01,4.010691955219797267e-01,4.136758614722202410e-01,0.000000000000000000e+00,7.318016789397373545e-01,6.988715872868864754e-01,9.519029583619551538e-01,8.738198548968271195e-01,9.338118628794540577e-01,6.533732217302352652e-01,9.809716524791617376e-01,8.225778149400034822e-01,5.783569674670020477e-01,8.480928761245112302e-01,4.558405546304332145e-01,9.253932787281237138e-01,8.634661002585708456e-01,3.157722308689324131e-01,3.977407840552090734e-01,6.084608257600042647e-01,6.772030362467037490e-01,5.839670199100738257e-01,7.042335116301609022e-01,5.332609999155031311e-01,2.122136586092861488e-01,2.371453638421459897e-01,3.188076462375973308e-01,6.695976597285551168e-01,6.871386741545770782e-01,8.893845220594250867e-01,4.073309385179028630e-01,9.900383513769072108e-01,6.260898321227247321e-01,9.309982611597552582e-01,4.683953273821711005e-01,8.826595244733586032e-01,7.906855167695270303e-01,9.293373642719776617e-01,6.963267116059822515e-01,4.745743223905656838e-01,8.647659530760380964e-01,5.570432031644579896e-01,6.568781365234224179e-01,8.063157209437112893e-01,6.726166517684979418e-01,8.491567666176332851e-01,4.354224099398463776e-01,9.267566757748435524e-01,9.076264878465549746e-01,1.577479483910911862e-01,3.534292250060869778e-01,8.816792577828471700e-01,5.104251664716645820e-01,9.198833755352463504e-01,8.260180173358442346e-01,4.175741947465681503e-01,6.929541035317361430e-01,8.812305216297600108e-01,1.627080176187423732e-01,6.012568024279737466e-01,8.754181865449930378e-01,9.583705349757415393e-01,6.819658041157278250e-01,6.285693085004336877e-01,7.236562445779106678e-01,5.231649754031391097e-01,5.975710776696809834e-01,6.316103060014364168e-01,4.134437684776207655e-01,3.690924162354161098e-01,8.381888609862753192e-01,4.373042244240568643e-02,4.361733107510479268e-01,2.078902747301442366e-01,9.683389128657102773e-01
9.537200424153037259e-01,4.709022913002279820e-01,9.090924019542406809e-01,8.723661696156472800e-01,8.883858955156272996e-01,3.413478509824254825e-01,8.081272788375731819e-01,7.157283753446089802e-01,7.615298757138075914e-01,6.286885037678370258e-01,-1.229963185205794618e-01,4.912529468261317978e-01,6.100444638018296395e-01,7.318016789397373545e-01,0.000000000000000000e+00,4.703234722876826757e-01,9.290550092585460051e-01,8.794703024291194993e-01,4.236868861867409963e-01,7.838529531323665811e-01,7.234412135017695977e-01,4.038555608555335907e-01,6.409224492322810329e-01,8.549502452358199722e-01,4.321096527116637942e-01,4.902680318188630260e-01,2.229375868161010688e-01,6.851406844381521255e-01,7.004281176875571946e-01,2.827991920176229357e-01,1.959037814629417118e-01,8.694920065769732309e-01,4.489707895034154017e-01,5.580660415561271570e-01,7.812458407485141088e-01,4.126559120686100757e-01,2.118655478618646504e-01,3.190211076293358872e-02,9.492699187360889024e-01,5.920749525029467275e-01,1.812703871763683972e-01,7.744032155238382842e-01,9.776113963739799795e-01,8.250301283232528426e-01,7.965508355380027661e-01,3.694905063171178283e-01,6.698887027574528252e-01,-1.739377110750262023e-02,6.691384679669037938e-01,6.950967868769514224e-01,9.719210187169078363e-01,2.427016334442162193e-01,8.734270185495808247e-01,4.091903922502050373e-01,5.808810766296331751e-01,7.494719223098496030e-01,4.192586120532210692e-01,2.451419379542072452e-01,9.509820672505553407e-01,5.923408917354586745e-01,8.008653896128153926e-01,8.775178038670986558e-01,9.817921980350163835e-01,9.018417991340561546e-01,9.708636967618472502e-01,4.908701524008738937e-01,9.175514248940468409e-01,9.021670662245042660e-01,6.977303300595197877e-01,6.281534547868540264e-01,9.851535226431339387e-01,7.733176789002720319e-01,8.898824387610397846e-01,3.169940383722420485e-01,4.808828702390984255e-01,7.468469291156920598e-01,7.114790688587071532e-01,7.121041328817458993e-01,2.350914142954808883e-01,5.949758970604943631e-01,9.937867511487793459e-01,2.150907324379263685e-01,6.975083770243825088e-01,4.358784282166693336e-01,5.914887123514649403e-01
9.234201313995067384e-01,3.376766940478792001e-01,6.072820848126995186e-01,5.956151023384588239e-01,7.907617334638533668e-01,7.285029446970959777e-01,4.636435161702532892e-01,7.584339489429559045e-01,6.669868618470720101e-01,6.142805081679825197e-01,7.647356985226275716e-01,9.932216825296267260e-01,7.993415532506682464e-01,6.988715872868864754e-01,4.703234722876826757e-01,0.000000000000000000e+00,2.568205227599961726e-01,4.071702564557632686e-01,9.503101877695243616e-01,9.297649791030879740e-01,8.741237792137257490e-01,8.943346208602509506e-01,9.140186070340476920e-01,9.644006924721220120e-01,6.852259215082528998e-01,4.508356864570048361e-01,6.474391115118953710e-01,6.303593067418115092e-01,6.829852534044846823e-01,2.181541999099725349e-01,6.302010433521487709e-01,4.978875037783048740e-01,6.541442044911262022e-01,8.841582051218558336e-01,7.545145992217682229e-01,4.779323101040667821e-01,3.499875883375894725e-01,8.295929279830333014e-02,4.811243453661978031e-01,4.193698230779033809e-01,4.510520012868647899e-01,5.738157550336118184e-01,9.092140364995091595e-01,9.452886941843211543e-01,2.223645657648109508e-01,8.712084573456225778e-01,7.267179684371893877e-01,6.635265243354455666e-01,4.299359975267994516e-01,4.205318167235397864e-01,6.074511676541631822e-01,3.366193215223690083e-01,6.307889905137156195e-01,1.378392663232487769e-01,7.824320631616301647e-01,3.087011382905254786e-01,6.031008662263177555e-01,7.904201278583160573e-01,6.999139736665974665e-01,9.184191718334169252e-01,5.599426298566592131e-01,7.853771521354708796e-01,7.257527914155723625e-01,4.562243624180954416e-01,6.351354489801337433e-01,4.225478771010409140e-01,6.058326275521280779e-01,7.728738680976786624e-01,3.684638883443469570e-01,3.459342655619719320e-01,9.917777369566436185e-01,9.601942537661957155e-01,1.141479737588871335e-01,4.034554916407812608e-01,3.176969545274389572e-01,6.840906425388887380e-01,7.632499405499468814e-01,2.761784172245829172e-01,7.847107130193333724e-01,5.555847132918635412e-01,8.204205347208975985e-01,8.399151547452992084e-01,8.927145807855019211e-01,6.092091674271555846e-01,5.691862832092795532e-01
9.342629222380296472e-01,7.756314310012639712e-01,8.773895076271037707e-01,7.743088706601015669e-01,6.272212009019082490e-01,9.237654485577593277e-01,6.403980538001744494e-01,5.908236014782008994e-01,9.721153962140764992e-01,6.572496569266997879e-01,9.665420268905944301e-01,6.889099588025902055e-01,6.548081568673709274e-01,9.519029583619551538e-01,9.290550092585460051e-01,2.568205227599961726e-01,0.000000000000000000e+00,7.477672956820983208e-01,6.836899456282616860e-01,6.424479376842286982e-01,4.658528911106748494e-01,7.284766994328221168e-01,4.933630964386612194e-01,8.847835137411906858e-01,5.310196089672771791e-01,9.311296684961721803e-01,7.212219946072802035e-01,6.156164355907320918e-01,7.801684904452872438e-01,3.655520054598853652e-01,2.765592880474494475e-01,6.679070912612190547e-01,9.242426425382129773e-01,9.342418383450782349e-01,8.022520173071859828e-01,4.100935909565222026e-01,4.489911186713600039e-02,7.337968887566067577e-01,6.514936512606070984e-01,7.004771281095895086e-01,7.234246416286536085e-01,8.136848971320138624e-01,6.656202358043177281e-01,9.720119979405325017e-01,8.178746718866088949e-01,7.276591127293682293e-01,9.365776769390290468e-01,8.872329293308982567e-01,6.508690036127471323e-01,9.465127342955028666e-01,8.637554268181708572e-01,7.959562793676203674e-01,9.005349955161371378e-01,9.780788296257779679e-01,9.730737911992154432e-02,5.371575328118983750e-01,8.849358362525159283e-01,6.244490629769064993e-01,6.457698161552458682e-01,7.965808005819978721e-01,6.596234063690210592e-01,5.301741395838858173e-01,4.428558803610226913e-01,6.356900245900285462e-01,5.779603881110472186e-01,5.238061385444531259e-01,7.789531820794769468e-01,9.948367066278760440e-01,5.930407514166762262e-01,4.421429819222607027e-01,6.258870079884489845e-01,9.971489197754599410e-01,5.030078902610204405e-01,7.389978163132919775e-01,6.720676930477218480e-01,9.558597122350106501e-01,-5.907300543063304099e-02,5.971551466301416866e-01,3.673750719821222144e-01,7.922338779570663458e-01,9.102862491086201047e-01,6.212717582490007162e-01,8.816857020918424936e-01,4.388463630076189573e-03,2.620892041615187074e-01
9.539703196169526667e-01,2.017185615715598457e-01,9.802993008480930248e-01,8.109907427663837209e-01,8.687801085014161817e-01,8.919068022693078523e-01,5.322828832967536616e-01,4.652810773387701104e-01,7.478811039379380521e-01,7.326397855524785507e-01,7.226434159125310064e-01,3.786238423663399466e-01,9.003016311896548940e-01,8.738198548968271195e-01,8.794703024291194993e-01,4.071702564557632686e-01,7.477672956820983208e-01,0.000000000000000000e+00,1.933180629768439240e-01,8.667770805303287585e-01,6.562707735595170178e-01,6.816725335717104262e-01,3.499058363973229779e-01,8.819709813485658856e-01,5.677491543551764774e-01,6.512747506030425182e-01,6.287370090482670149e-01,8.366596490654378826e-01,4.708242296328682408e-01,4.806848433332900350e-01,4.558665960460670658e-02,9.814341485958638645e-01,4.900691504298524959e-01,9.944478069846121038e-01,7.060379225750446075e-01,6.197080537766249675e-01,3.537983419202106461e-01,5.112800692487309284e-01,7.127728878882935160e-01,9.236902084677603986e-01,5.967461761610808324e-01,6.703827433012267134e-01,4.164868521507083532e-01,5.301569175900140429e-01,7.740275430472710605e-01,7.009270109557552697e-01,8.441490854246899156e-01,9.639815827046609442e-01,7.222283586881744766e-01,7.472720211765611353e-02,7.437140510102571156e-01,6.497276957047219970e-01,9.336117604501507072e-01,9.419699344955186904e-01,8.860343699036058451e-01,8.451536759621773864e-01,7.495755722036663293e-01,8.742559611866966840e-01,7.602208746134493378e-01,5.882863016750580210e-01,7.846284614018518289e-01,6.045250095748093688e-01,9.522052212643576929e-01,8.507784758910934553e-01,9.601758370351631822e-01,6.257654452040843918e-01,6.825170320136284552e-01,9.329143925042924224e-01,2.817031895248853779e-01,8.580244988756354774e-01,9.107143291091281956e-01,5.108837995503499041e-01,7.788583040607666153e-01,3.571333765608599720e-01,7.779279276857038461e-01,5.170770885999163013e-01,3.979925712627115364e-01,6.906676241442051278e-01,2.986436826416836166e-01,1.712474856942102497e-01,5.301126255421875211e-01,5.892931014186928440e-01,5.418131992746378911e-01,1.666850853308593505e-01,6.087905038626905130e-01
