0.000000000000000000e+00,9.279584457323155622e-01,8.309142479566635764e-01,9.384480498520029190e-01,4.799050209208090556e-01,3.878367605159620535e-01,7.405632362089524801e-01,9.389754009699590176e-01,9.397990864660242805e-01,9.352172816972768032e-01,6.520678821071836939e-01,9.617470238747902744e-01,4.529441736546314101e-01,6.122052983500591017e-01,7.827302593796252594e-01,8.625796007326667070e-01,4.492888962782340401e-01,9.430469943575410241e-01,6.274987927559457779e-01,7.976405448175118984e-01,8.367629497663133797e-01,9.376455656683081452e-01,9.410542288461516414e-01,6.786104226303747433e-01,7.082014202270472403e-01,9.527832265322015992e-01,6.767985619733646319e-01,6.606938610114762023e-01,5.543170213418924241e-01,9.161948261781596159e-01,4.402584108925028383e-01,7.418175824425997655e-01,8.307962334673621996e-01,7.252668907864546766e-01,6.899423266329399729e-01,4.265387110634395462e-01,2.265722414684660513e-01,8.590233235801556511e-01,7.967239456450656565e-01,8.809057129123259999e-01,5.964522709913163689e-01,6.180947432852839096e-01,4.500043229579702153e-01,6.020320203496710709e-01,8.467839165292333492e-01,7.945500052995538298e-02,7.741849308160134724e-01,6.865473410283411404e-01,5.667588181216109966e-01,4.962870331580275796e-01,8.953882711408501782e-01,6.416180564370539408e-01,9.790089626160771719e-01,9.684961440870575311e-01,9.570012352779442288e-01,9.252187788570996885e-01,7.829493983084220288e-01,6.583782643940984114e-01,6.475030002744687208e-01,7.199244135906164299e-01,5.194958912091430792e-01,5.925377303751355740e-01,6.459135234366522038e-01,7.596961344732542365e-01,6.980884488618788186e-01,1.045554934628150773e-01,9.162857261309749202e-01,5.729855816280035041e-01,9.406427005215348691e-01,7.138432582838891705e-01,8.676797325125712446e-01,9.114417458966510566e-01,2.590790719818142906e-01,5.452735246055513407e-01,6.605810648568657406e-01,7.553804673314286067e-01,8.527272693626927191e-01,8.481478495723423494e-01,1.681854575332726240e-02,6.912525223556114096e-01,1.702202805465553026e-01,8.289221287677158712e-01,6.287941275469858260e-01,-2.276363133956521567e-01,8.058863424620125171e-01
9.279584457323155622e-01,0.000000000000000000e+00,8.554742607641491192e-01,6.692884370552120155e-01,8.692688249899702679e-01,9.887179456242239928e-01,4.639949119542017275e-01,9.861079978669037294e-01,5.556954383509242756e-01,2.839367701310905323e-01,1.430990636367759083e-01,2.693096960746338420e-01,6.316597035642836921e-01,9.299394230816583340e-01,7.905456362179194008e-01,3.593998425711513178e-01,6.434144677930487069e-03,7.861063621589863271e-01,7.343479808168194012e-01,9.041901127351676948e-01,9.723020737720601270e-01,8.910541196207606429e-01,4.496018397135450040e-01,6.424054162066454854e-01,3.753193774898405666e-01,1.841759410934814545e-01,8.512909925205001116e-01,7.836415928131634789e-01,4.090337822052201311e-01,2.653213116103743108e-01,4.516390486114392755e-01,7.075881844197701165e-01,4.419008353622517205e-01,8.631054255953873877e-01,9.103658812430638347e-01,2.193728158114672255e-01,2.027236395314382933e-01,9.045742653131875199e-01,6.041168170229516132e-01,8.903807486684880423e-01,5.331300616668017689e-01,8.111023280218059295e-01,9.831258141447364318e-01,7.929851589434679937e-01,8.522290352608163921e-01,8.258242806946013426e-01,8.608445461330296311e-01,6.583693494080337105e-01,4.422295098361626042e-01,7.545484660932280097e-01,8.688884832588350537e-01,6.112739300126580622e-01,7.826619631240225861e-01,8.720432985933928016e-01,4.749649175727274630e-01,8.444738097989342718e-01,9.465023027203230965e-01,9.076161662148753972e-01,8.718428358094845176e-01,6.459552183537835557e-01,3.826496803411681968e-01,4.983690006775078896e-01,8.806516850285223130e-01,8.612790387196469499e-01,9.079879522485541088e-01,8.996138081262016195e-01,2.094876580944085021e-01,8.122085954967722676e-01,5.207156114833197957e-01,9.589285107214736703e-01,5.584231955253906587e-01,8.705780725227086903e-01,4.351782951977676284e-01,-1.200666542485127053e-01,8.143459045708520971e-01,7.000692383907877181e-01,9.511582121393872269e-01,8.767683444255356395e-01,2.248776375649831349e-01,3.198277893258811844e-01,7.357228199215299913e-01,9.499737862708712566e-01,3.375217533772955081e-01,2.148422759652376113e-01,9.659407682381442317e-01
8.309142479566635764e-01,8.554742607641491192e-01,0.000000000000000000e+00,9.784658308585501008e-01,3.082713778378652347e-01,4.736497271263792608e-01,9.188058056454989631e-01,9.829221450004533844e-01,6.883904280135635378e-01,9.663908015353731562e-01,8.504345150064310799e-01,8.079431740842768495e-01,9.495135264705123479e-01,2.656927062999412392e-01,8.204736824145023588e-01,9.054559399969031031e-01,7.562548325009035288e-01,8.815212961932926694e-01,4.184176184303085022e-01,9.684397546632128595e-01,9.129971539537669045e-01,6.718987959052914460e-01,7.009473998624028424e-01,8.125290884384953616e-01,3.299238144737025591e-01,9.735577356483031686e-01,6.966999276804345387e-01,5.122839061318729126e-01,7.890587855158703867e-01,7.140312391367200640e-01,6.192267121964247778e-01,4.986128665380086256e-01,8.879277727515081375e-01,9.422276088123842097e-01,9.901991338706690460e-01,4.320085877245692374e-01,1.374667782924429427e-01,9.801068274048284623e-01,7.161949212231430995e-01,4.687485844134970936e-01,6.739478126124192059e-01,9.182780259740571660e-01,6.993062621390966349e-01,9.570566791102551596e-01,8.817000136603871940e-01,6.746092305937961831e-01,8.588375737519180486e-01,8.842289465571007145e-01,5.638625227545487339e-01,6.292997739076373609e-01,4.607753850301938292e-01,6.603918816386730173e-01,6.288044557362051368e-01,3.765959156653142861e-03,9.565835819859231925e-01,9.939692709389527092e-01,8.028725512954241195e-01,7.224102212036818127e-01,6.268827551226545669e-01,5.613530469868549533e-01,3.917547995320135867e-01,6.953095976753053131e-01,9.059511467228911208e-01,8.459383160905226129e-01,9.206761048197567021e-01,9.166723121156787890e-01,5.440489958695005068e-01,8.587092383069332424e-01,6.297712512742206226e-01,7.117725317757993553e-01,7.804296122451142015e-01,9.981362645548762513e-01,-8.241433667536461616e-02,5.962967092085188492e-01,9.600622966788696644e-01,4.643007136100364418e-01,6.896193148000259177e-01,6.733500345780480956e-01,6.408022234651735705e-01,2.682918024396845347e-01,8.516333679349454844e-01,9.617801468600506443e-01,8.512959549815384275e-01,4.180630298196550965e-01,9.445513300225939490e-01
9.384480498520029190e-01,6.692884370552120155e-01,9.784658308585501008e-01,0.000000000000000000e+00,9.621708344012801506e-01,4.432949950283219254e-01,4.469851759387806767e-01,3.468824401448676875e-01,7.439646833383374291e-01,9.634825063675331869e-01,7.162999192026988649e-01,2.866973518515462116e-01,9.407516793971276714e-01,6.887635694482445725e-01,5.731853183747824820e-01,7.648208052554585912e-01,5.151457518193230944e-01,5.045779788229481921e-01,9.707862261064795772e-01,8.056175131907318265e-01,9.695091736355133660e-01,8.882738907210823154e-01,6.620048050064100131e-01,8.359943992427887327e-01,4.351783371277331836e-01,8.259960393883640783e-01,2.488049342706608741e-02,8.072757535454856415e-01,4.022218699028073385e-01,9.955295382421978090e-01,3.945933596230918328e-01,4.085005821232869372e-01,5.346118063066958026e-01,2.621371956239700041e-02,8.465739964076361979e-01,4.434054528825845942e-01,2.049449360308488455e-01,5.986951554763970673e-01,9.195064995494180993e-01,7.803831484930185969e-01,8.612596794499889352e-01,6.661347540695982117e-01,6.294990437334998523e-01,3.364482398851860179e-01,8.759700378838792822e-01,1.827469038035501592e-01,9.563812221228007449e-01,8.363015464864179682e-01,5.727076357325769917e-01,4.784641246443657736e-01,7.739964549460425225e-01,6.016514838686863875e-01,8.187885790095372762e-01,9.050040847831550828e-01,5.523099785517184834e-01,2.693249872234590447e-01,9.868976115530934123e-01,6.760880208402602065e-01,4.914164032754976263e-01,6.739851228553742635e-01,5.726302841334691696e-01,9.406580650152824852e-01,8.662093189252333403e-01,9.689602850682983437e-01,8.037684788416953330e-01,7.604436880847440516e-01,6.851256195454502596e-01,8.674164906791898000e-01,7.204239468908503197e-01,5.483641447266381919e-01,6.458620857972631191e-01,2.954901526638056275e-01,8.696049577316302681e-01,5.826732936461364032e-01,6.080903346423166544e-01,7.262058030628134597e-01,5.228601190497169648e-01,9.235314755152714827e-01,3.021405310651659182e-02,3.790278130407602752e-01,5.168791588058236908e-01,7.345162045493029979e-01,8.682822767645412831e-01,5.224598988067662431e-01,1.699789347540912043e-01
4.799050209208090556e-01,8.692688249899702679e-01,3.082713778378652347e-01,9.621708344012801506e-01,0.000000000000000000e+00,8.184071809859845281e-01,4.067956354074298009e-01,5.626395882637659218e-01,6.712237255527279123e-01,4.556730374496780200e-01,7.520214358217616191e-01,6.880196006464058822e-01,6.723484163885948828e-01,1.761402288734071064e-01,6.890590566090862290e-02,4.505656280885150244e-01,3.284573230521653509e-01,6.061276232407054598e-01,6.687857848353785384e-01,3.755015042408106907e-01,9.794972688993948129e-01,6.965361112456452952e-01,9.972317419750449385e-01,9.576516450822281090e-01,4.634252777736390660e-01,5.926909206450872158e-01,8.570762382844951954e-01,7.031597597880325790e-01,5.518217427368592443e-01,3.290675849471006442e-01,3.572398576814841270e-02,2.738358637012147656e-01,9.482789620576093093e-01,9.482949529707054293e-01,8.960776669761659763e-01,2.938906457911863446e-01,1.065759040527047424e-01,6.048631095822097903e-01,8.590429516998248083e-01,8.306469759877312953e-01,9.623200451397152452e-03,5.648520307844523414e-01,8.779775786874728372e-01,9.787167399524607792e-01,6.407296906917777646e-01,8.648760873969076890e-01,9.227258165120277855e-01,7.618571341269616548e-01,5.945480870838755205e-01,5.591572770027348760e-01,7.020820071001740992e-01,5.640922312668371630e-01,8.651392411197001975e-01,3.744710884548851926e-01,8.140743968522787810e-01,4.096971240728407571e-01,5.044959647564558614e-01,4.604612799948021862e-01,9.506178992004929995e-01,4.868864924291536056e-01,3.635946330736904430e-01,5.644359356854955490e-01,8.340714411795955296e-01,1.679426723185558634e-01,9.849983106897344243e-01,8.648517761357710221e-01,9.170696999518075376e-01,8.072956412576232088e-01,6.333759991954323043e-01,6.413406512524255643e-01,9.593447085245083716e-01,4.003365909215795826e-01,4.906908467579855215e-01,5.359371835809110252e-01,7.338349636770236106e-01,8.605542202270604069e-01,6.837504144516017845e-01,6.960634108822644217e-01,3.316363155420369857e-01,4.256519911342871998e-01,6.698520251804668257e-01,8.938863986149280239e-01,8.334192349504003783e-01,7.619170455436933276e-01,9.016189365790244770e-01
3.878367605159620535e-01,9.887179456242239928e-01,4.736497271263792608e-01,4.432949950283219254e-01,8.184071809859845281e-01,0.000000000000000000e+00,7.067836667867046785e-01,6.758080148396657938e-01,6.978044232848914508e-01,8.314845669253435601e-01,6.298348001143808661e-01,4.846151123740354283e-01,5.202154944718819785e-01,8.099411548025667873e-01,6.096689902087231161e-01,6.684612991515493929e-01,4.612432410937332139e-01,6.317195355807659896e-01,6.021808413667327775e-01,5.693790675596163142e-01,3.990115775135497644e-01,6.384080040190083238e-01,7.571269043573041202e-01,4.050075960043763024e-01,4.607156297911819687e-01,6.891012241077586475e-01,8.436425602593391471e-01,2.567702879951545558e-01,5.824438620970471270e-01,7.928929046180291929e-01,9.581956192908190895e-01,7.541869768006216335e-01,9.653819238435498162e-01,2.524036698437169268e-01,9.984533555750025879e-01,4.520749642019388781e-01,4.364269298220732063e-01,8.904578828255811374e-01,9.884205217837320756e-01,7.080463811207672320e-01,5.350871541756466732e-01,9.234117910252721551e-01,9.911768751554930201e-01,4.131870944451238037e-01,7.923419120714665365e-01,6.503081963215576744e-01,6.993447477635814646e-01,5.583245831817620353e-01,6.064172221694555942e-01,8.302729833009452332e-01,2.755419144058369740e-01,7.309345415599837192e-01,6.991490956943224866e-01,9.220944786979401453e-01,4.485812633481157108e-01,9.417537048266491073e-01,4.283878160534130286e-01,6.595728452025282351e-01,7.043436488173544507e-01,4.350978754861037912e-01,3.172500942797257806e-01,4.965356237990643518e-01,3.657675363290863180e-01,8.301402304242004870e-01,6.853383052695173339e-01,2.514901614289940524e-01,6.810939381228531264e-01,9.749930108641646775e-01,-1.130408845402686713e-01,9.098446852431821830e-01,8.095640727447707130e-01,9.924096238205625253e-01,-3.182680332592490169e-01,7.460675993134806561e-01,4.056138188127003663e-01,8.601893899431101165e-01,4.048733052545425704e-01,4.615948582642845355e-01,5.827947081579091249e-01,1.478114157264744100e-01,4.537451630922381129e-01,4.338498998585463284e-01,7.978124435395308467e-01,9.649364206826261947e-01,9.533153247603803893e-01
7.405632362089524801e-01,4.639949119542017275e-01,9.188058056454989631e-01,4.469851759387806767e-01,4.067956354074298009e-01,7.067836667867046785e-01,0.000000000000000000e+00,7.881834008240680145e-01,3.403711111372136749e-02,8.009800134495796975e-01,6.749031639339453381e-01,4.308070729473079674e-01,4.433244240161824945e-01,5.148074540143228184e-01,4.023939998401954710e-01,5.206824119472451828e-01,9.812162844824571239e-01,4.079331694592527313e-01,3.660165548591806095e-01,2.134141110452218437e-01,8.223078155980477755e-01,3.829507893383802264e-01,7.656909141090864068e-01,5.983359184893793925e-01,9.300013957380693919e-01,4.737258023700217646e-01,7.067512609306404459e-01,4.859022689898281344e-01,3.069405469517014901e-02,7.194965600500561331e-01,2.818178058434797073e-01,7.769876231280373746e-01,7.528454510052857707e-01,5.263901707569830224e-01,6.503030381724748121e-01,5.330956800266996032e-01,2.533315841125204360e-01,9.687133849840144917e-01,5.835527021635883438e-01,3.859565043826825859e-01,4.190527983049537331e-01,7.904875078398673205e-01,9.664782240540588099e-01,5.079145594175474843e-01,4.666476076617883662e-01,7.484490247415630515e-01,6.980877642145699724e-01,1.777691143634728410e-01,8.239291347220393247e-01,6.287915442270406441e-01,2.545757179084814359e-01,2.152141277939208508e-01,7.258521846132346411e-01,5.492524810641332689e-01,6.262217634844704506e-01,9.249363869454609866e-01,3.476895694653044377e-01,7.664563125530365895e-01,8.722905712732205163e-01,5.669803024951054482e-01,4.880971472407413803e-01,7.045460314959918202e-01,6.142830614053901295e-01,4.591161106515847523e-01,8.180619569739581154e-01,5.367352557600966190e-01,5.894180391576342437e-02,8.999493449236407594e-01,4.513426404536773906e-01,7.858423402975842631e-01,9.138902275642186712e-01,4.149585400611678354e-01,4.424286830256507486e-02,4.344998365551203112e-01,3.875615020866603477e-01,5.623817037403987529e-01,6.374275493116254854e-01,5.435201893123858818e-01,1.878593381231719039e-01,5.836382134583515402e-01,5.938714842340901967e-01,6.495289427348125422e-01,4.690328255180872818e-01,4.665281945600463498e-02,1.801589281614630889e-01
9.389754009699590176e-01,9.861079978669037294e-01,9.829221450004533844e-01,3.468824401448676875e-01,5.626395882637659218e-01,6.758080148396657938e-01,7.881834008240680145e-01,0.000000000000000000e+00,4.997257425979673151e-01,6.137733377720333561e-01,8.951454012901053359e-01,2.912054591998670672e-01,6.798542376312834978e-01,6.295914043468588961e-01,9.908874057046246353e-01,7.287292555672560956e-01,9.804207262690236568e-01,5.473974175523801389e-01,6.873115652004234688e-01,4.208691970409491612e-01,4.162613146573002076e-01,6.506705064493587543e-01,2.063598169929635462e-01,6.380974382780050247e-01,9.075164722463032740e-01,3.570166201807007944e-01,6.119771739508005348e-01,7.448024180621878321e-01,7.655797093743504922e-01,6.714689063443852746e-01,4.172957721164006761e-01,8.201647731819606824e-01,5.541459346922241735e-01,7.883416313975126766e-01,6.266093486883734798e-01,7.935760901536157430e-01,7.868243558458116738e-01,5.373571254915199269e-01,8.906436028935800220e-01,2.432536597378427423e-01,6.828656452369199492e-01,7.104288498294195620e-01,7.382694212750313678e-01,8.926205052083754365e-01,6.028054543467762511e-02,3.072086352411476096e-01,1.673735373208627419e-01,3.134005445409304702e-01,8.635430706681863910e-02,3.012914650211812040e-01,5.731615562001440844e-01,8.691488275349367187e-01,3.621127152491942502e-01,7.568871368641763020e-01,7.179113050062770895e-01,4.730232424191761487e-01,6.668683052794895927e-01,7.603726003076687334e-01,4.696552984799759467e-01,7.019221198295512165e-01,5.316106958900314039e-01,4.825330559231778005e-01,5.529054138642987004e-01,9.071572704012006438e-01,7.741242289499971063e-01,5.948324108293208123e-01,3.479941966069594605e-01,6.475984031028868548e-01,5.871587364519517127e-01,4.655646311057841102e-01,2.687171563844600319e-01,4.514549708887810042e-01,7.786192566430674145e-01,4.982524363387288990e-01,7.953079116237876667e-01,6.965881146368424481e-01,5.657278032026383796e-01,5.769554759914278241e-01,6.167471706196023945e-02,7.702322079434187341e-01,9.059790147830126816e-01,6.785590880653309398e-01,8.457823577059000453e-01,7.778508953077125643e-01,4.856735917889167808e-01
9.397990864660242805e-01,5.556954383509242756e-01,6.883904280135635378e-01,7.439646833383374291e-01,6.712237255527279123e-01,6.978044232848914508e-01,3.403711111372136749e-02,4.997257425979673151e-01,0.000000000000000000e+00,7.280775974975857157e-01,4.172822776780625298e-01,9.442619682715661655e-01,8.890660857851423460e-01,9.638839231791586082e-01,7.221700241506283646e-01,6.236580126461611639e-01,4.991677947495335999e-01,6.503813613455725617e-01,7.618198342204628437e-01,6.339294174038022645e-01,6.667422751865988984e-01,8.896909060264648339e-01,5.756023023640790548e-01,8.595052823454316648e-01,5.301908669679411545e-01,7.895462806290163282e-01,9.366396121864071223e-01,7.263435750240412325e-01,4.621838774852888854e-01,5.509559001597211791e-01,7.644430892238592012e-02,2.096790005673038471e-01,6.614779686784785229e-01,7.020949858157943257e-01,4.575335092235648937e-01,-1.537332011221088368e-01,1.213597680109190363e-01,5.411432093133714538e-01,6.547106207270164679e-01,9.717509127689285542e-01,7.219919040012166001e-01,6.029598934078023165e-01,4.033882157613173369e-01,6.267166877663975511e-01,7.860574492387186751e-01,6.155064676825072745e-01,7.981712747947302677e-01,7.255700185000490965e-01,6.525265339888128846e-01,2.636399458431982756e-01,8.501723865867492069e-01,2.354694573978426964e-01,9.583650971642030392e-01,6.502734748342048343e-01,9.677192827120641994e-01,3.879911955995259398e-01,3.758779420360855994e-01,6.362668009087528720e-01,9.400033158063740846e-01,4.222366572385349293e-01,6.220059854890205298e-01,5.516128068217149849e-01,1.064982732331393456e-01,2.267163778104924199e-01,9.581753580654969182e-01,8.033426611199008249e-01,6.111067992613641309e-01,8.698228578292053204e-01,6.166300449877407663e-01,6.350247291348388723e-01,9.229170745362893502e-01,9.563770609715698257e-01,4.074998534054091737e-01,6.106339168638460491e-01,8.182274026338798301e-01,7.452520463934073636e-01,9.466098360493646613e-01,2.293232504574861386e-01,2.476816560767595155e-01,1.948045093828210395e-01,9.108834339278597536e-01,7.192041521059102660e-01,8.589073459391464160e-01,2.560419928958275193e-01,6.852129604078569525e-01
9.352172816972768032e-01,2.839367701310905323e-01,9.663908015353731562e-01,9.634825063675331869e-01,4.556730374496780200e-01,8.314845669253435601e-01,8.009800134495796975e-01,6.137733377720333561e-01,7.280775974975857157e-01,0.000000000000000000e+00,8.129068674300385933e-01,4.117061540993607882e-01,8.338697815123005119e-01,3.048958544522339387e-01,8.857648256177343971e-01,4.736054128677975594e-01,8.963843492156553516e-01,5.223039207765668435e-01,4.119713598160178458e-01,9.077170358245260084e-01,8.364539694485175758e-01,4.408778379813807491e-01,6.634036996221738258e-01,8.548235490284732396e-01,4.589549979738776764e-01,4.142784147859145949e-01,2.928502167254741773e-01,7.903759335265424513e-01,7.423517904716011584e-01,4.627088492720977109e-01,4.754295746765626607e-01,4.127159492687002551e-01,6.256674175698103690e-01,9.296384585775785414e-01,5.667903452458564750e-01,-4.704539951546704568e-02,3.326789323694837042e-01,7.533129961373591366e-01,9.253204895301502253e-01,8.511550941223063882e-01,2.915247912990766022e-01,6.929372137011176047e-01,9.352204023430581437e-01,2.540347144249607281e-01,9.224525234469130863e-01,6.814352533252709954e-01,6.808901540449173728e-01,6.344810547198544981e-01,7.858816690062945254e-01,5.526076131991455309e-01,2.732885971865895436e-01,5.585327378231041973e-01,9.088302752715847754e-01,7.143698294646640967e-01,8.637625487586587658e-01,9.180817627757137389e-01,6.664806190845515843e-01,7.160728800567330854e-01,6.924593230527407162e-01,5.448884076842328561e-01,4.111590016214957122e-01,7.077923562629191423e-01,7.918198525617139438e-01,8.871140288860576151e-01,5.259988329171916277e-01,7.618542993796131313e-01,6.260619454261242556e-01,6.322631307094137565e-01,5.062156275075717637e-01,6.311019012461109856e-01,6.198720827941086586e-01,4.812614142813745888e-01,4.983906602625629567e-01,2.762199012833805867e-01,5.409056027895361440e-01,6.103024194813239101e-01,8.122587226538842131e-01,3.471098276170709873e-01,-1.439252649393830130e-01,2.458716928951036607e-01,9.582391453361260858e-01,6.298847691065370125e-01,3.437010813332728176e-01,3.023015325090745442e-01,9.947444884466339898e-01
6.520678821071836939e-01,1.430990636367759083e-01,8.504345150064310799e-01,7.162999192026988649e-01,7.520214358217616191e-01,6.298348001143808661e-01,6.749031639339453381e-01,8.951454012901053359e-01,4.172822776780625298e-01,8.129068674300385933e-01,0.000000000000000000e+00,3.782383190244947846e-01,9.388525610902359597e-01,6.460807468011292576e-01,7.462839591711121212e-01,8.063994280377591306e-02,6.550368013185372540e-01,8.407119434577774442e-01,7.080176382022592696e-01,4.236364200433092586e-01,5.997648335662759678e-01,5.023487327505348210e-01,5.948046408034284305e-01,7.365677351356019198e-01,9.805774888374940712e-01,9.623125829217757943e-01,5.606795113523633800e-01,6.430656376106475003e-01,7.480391515521025436e-01,5.731325088020272629e-01,9.111417192056399383e-02,6.846347050405449108e-01,7.992996401294635289e-01,7.311391785889171935e-01,4.287568579035321292e-01,3.879367962100145895e-01,4.179004960897977350e-01,7.367620864503631184e-01,6.140848756382387696e-01,5.913127516858421862e-01,4.322240549933869525e-01,3.923148574608658068e-01,6.678723489183009399e-01,7.044481576605208240e-01,5.580915717272897369e-01,7.146750961067281915e-01,8.225119702862457860e-01,6.344849349197858590e-01,2.407199763484996202e-01,5.227974918061044640e-01,8.173756293989087318e-01,9.209205654486527504e-01,6.741180393519926595e-01,7.877115015333087111e-01,6.084325204504432705e-01,6.960988004325980860e-01,7.550988742729126679e-01,4.813074212008169317e-01,8.516100489986944133e-01,7.814681716226640207e-01,-3.484867333268595324e-01,6.915382716646031325e-01,8.965542062034388415e-01,2.553215840470768327e-01,9.927105746185540536e-01,9.696874325421384055e-01,7.269764164195096079e-01,9.120427599935848617e-01,6.786687413250018786e-01,7.913619755797305366e-01,8.953235100047839401e-01,7.290352690503428823e-01,5.735199643893257315e-01,4.511872550785853142e-01,4.515622158389203666e-01,4.345504651763445469e-01,7.904811891577894212e-01,3.404597902226177419e-01,4.778948024507762016e-01,1.269435312311192054e-01,4.217736753370163738e-01,6.901748747254706773e-01,7.214974629287109753e-01,3.624884173907744200e-01,6.893312110861896658e-01
9.617470238747902744e-01,2.693096960746338420e-01,8.079431740842768495e-01,2.866973518515462116e-01,6.880196006464058822e-01,4.846151123740354283e-01,4.308070729473079674e-01,2.912054591998670672e-01,9.442619682715661655e-01,4.117061540993607882e-01,3.782383190244947846e-01,0.000000000000000000e+00,9.913341316154549165e-01,5.157281469064621815e-01,6.384760420953468074e-01,3.295160461484418768e-01,8.865980821558270275e-01,7.575217191486728341e-01,9.511442568383062790e-01,6.518288928579085706e-01,4.162295245577106728e-01,8.799366518841432727e-01,2.713469168080904770e-01,6.963042468464678558e-01,4.476206717554712111e-01,8.145052066338095420e-01,9.302579035494629167e-01,8.818488146099900948e-01,4.106293200130696208e-01,4.602163872689621904e-01,4.919706726192306090e-01,5.641052576144657271e-01,6.305895850232378086e-01,6.343532036230172810e-01,7.450550086637830471e-01,2.761108722630635781e-01,4.037937740599195635e-01,7.327010917765330866e-01,8.867034302785051780e-01,8.786477266856872470e-01,6.838109416662365714e-01,6.331712213333054451e-02,8.711046588969922899e-01,6.204156540936481834e-01,6.135318175852029210e-01,6.500121663499923708e-01,9.455970764409584728e-01,5.538462059505976365e-01,6.012590271001960751e-01,2.381765798826121494e-01,9.736773623283216939e-01,6.538734763928846228e-01,8.551078569109643590e-01,4.113823234029440057e-01,6.327192886644921188e-01,9.035206788951574142e-01,2.120691819837199413e-02,7.746352776460684320e-01,9.148042732184406001e-01,4.187040848801492077e-01,5.688050188650716210e-01,7.090371535574497841e-01,9.220717634375558136e-01,7.952124058853580202e-01,9.787236387486872857e-01,6.042344303469533440e-01,6.229742303249805602e-01,6.306765583233738814e-01,5.346585941532929764e-01,9.389328435700993181e-01,8.742430793735450623e-01,3.662226891642557103e-01,3.947086116374909359e-01,6.066664104957741888e-01,5.636238173586869404e-01,8.757385181119821116e-01,9.778993298600967554e-01,4.243211363731261843e-01,4.877379557691809975e-01,8.643308234549265667e-02,4.230328392054638620e-01,5.371178771235094462e-01,6.905075799650640667e-01,4.816885422451523957e-01,7.407422670332940440e-01
4.529441736546314101e-01,6.316597035642836921e-01,9.495135264705123479e-01,9.407516793971276714e-01,6.723484163885948828e-01,5.202154944718819785e-01,4.433244240161824945e-01,6.798542376312834978e-01,8.890660857851423460e-01,8.338697815123005119e-01,9.388525610902359597e-01,9.913341316154549165e-01,0.000000000000000000e+00,9.229936877973055065e-01,4.023961500345427655e-01,4.024081278635052161e-01,5.904920638552206835e-01,6.175121595335707481e-01,8.746244959386759721e-01,9.296006355114964093e-01,9.632362381042943733e-01,7.429163925916024702e-01,5.121033205650781239e-01,8.199572375249966072e-01,8.072236123123081031e-01,9.385672964371825078e-01,8.090748232620307290e-01,6.834927623639207583e-01,4.009065569696089737e-01,2.112364100889488339e-01,4.102569733279011199e-01,4.400627864898563057e-01,8.663938666425023971e-01,7.499189040549802954e-01,8.147208488841448659e-01,6.601313590114505914e-01,5.861130558003206925e-01,7.707201160918742966e-01,4.070640422297507888e-01,7.849595510432089140e-01,6.919759864648253878e-01,9.145336895377862430e-01,7.745188331404176951e-01,8.231602056937914469e-01,4.280915150933869984e-01,3.025585576740075222e-01,8.074713441992347196e-01,6.995230529608528203e-01,9.456303129995597967e-01,8.650089827327284153e-01,6.460910303604372462e-01,6.964194821448963513e-01,9.234650597143752027e-01,9.126245485098466448e-01,9.990304586954998900e-01,7.222738026581612125e-01,8.833848978719189837e-01,7.751042822526191811e-01,4.979552540006381700e-01,5.319003836603676261e-01,4.727677910452992016e-01,2.925921529622343975e-01,8.542486951834814546e-01,8.774082413014262505e-01,9.250675278584858940e-01,9.459121842505874289e-01,8.012383277198706910e-01,6.532341448718455013e-01,7.424344637652956491e-01,7.005209459901391433e-01,3.116718146975260839e-01,8.575827003452138886e-01,6.649101255379324948e-01,5.886088257970321092e-01,6.554580190127672346e-01,7.921209570089640106e-01,8.365741934371031530e-01,8.702160883560683402e-01,8.081761495416850405e-01,3.389618896553872607e-01,7.021479405071113788e-01,9.176508591664608305e-01,6.778923918898228651e-01,3.318647469086077884e-01,2.891784458659452106e-01
6.122052983500591017e-01,9.299394230816583340e-01,2.656927062999412392e-01,6.887635694482445725e-01,1.761402288734071064e-01,8.099411548025667873e-01,5.148074540143228184e-01,6.295914043468588961e-01,9.638839231791586082e-01,3.048958544522339387e-01,6.460807468011292576e-01,5.157281469064621815e-01,9.229936877973055065e-01,0.000000000000000000e+00,9.698238474163786149e-01,8.712758019954306432e-01,3.362044407686109460e-01,7.174651221174904725e-01,9.302096999823223911e-01,8.871928669636151010e-01,6.200984569435477045e-01,4.284980313167087163e-01,8.194472977058290253e-01,9.730774072798711316e-01,4.758684083055254033e-01,9.983946110241287419e-01,6.477417091211443712e-01,6.503422153663236394e-01,4.634232630220036508e-01,4.757071739262850318e-01,1.990168199216848788e-01,8.586431150324789208e-01,1.055168713658023553e-02,8.350763951225907977e-01,4.556737411443191332e-01,2.801331429911929072e-01,9.151244722242109220e-02,7.440146154483165963e-01,8.360492084222588272e-01,9.876870052812087852e-01,3.963366928312759274e-01,7.340886108294597534e-01,4.183202731421937770e-01,7.157009565399964357e-01,8.934860493918621582e-01,2.008837712759986016e-01,6.011358256985422921e-01,7.547188729832279286e-01,6.031970684605305610e-01,6.170508558180963776e-01,6.981729968646470663e-01,7.667005013496654975e-01,8.207268099964565300e-01,8.374839197806791535e-01,8.660008105732797112e-01,2.808670295921854576e-01,6.363566165166969490e-01,7.738521062345782298e-01,9.453782806099173541e-01,3.245163553841139970e-01,3.357812029632979978e-01,9.771545895574381690e-01,8.097365427043499153e-01,6.298468234077944095e-01,9.200174620198380282e-01,4.771735551265636199e-01,3.892748939166517097e-01,8.612194167140582168e-01,6.425099625879912013e-01,7.063099676034234609e-01,9.182942306674962696e-01,7.442617278177250384e-01,3.427070151662776065e-01,3.397747428435559103e-01,9.562760737274766942e-01,6.181946134437117379e-01,6.142366954294219417e-01,9.741714586589484970e-01,4.558740286544338272e-01,2.841267959685193634e-01,8.886567206016559028e-01,8.541876173567569674e-01,3.101373707220420745e-02,7.989391974198165602e-01,5.757414377171566899e-01
7.827302593796252594e-01,7.905456362179194008e-01,8.204736824145023588e-01,5.731853183747824820e-01,6.890590566090862290e-02,6.096689902087231161e-01,4.023939998401954710e-01,9.908874057046246353e-01,7.221700241506283646e-01,8.857648256177343971e-01,7.462839591711121212e-01,6.384760420953468074e-01,4.023961500345427655e-01,9.698238474163786149e-01,0.000000000000000000e+00,8.933148700827286959e-01,8.235035330362250328e-01,7.059329101319734567e-01,8.619543165748678737e-01,7.937799067790909380e-01,7.637814377861129600e-01,9.743932610652732418e-01,8.464067013860415711e-01,8.419463685649288820e-01,7.675222625125376341e-01,5.846430648367770821e-01,9.972503946721773538e-01,4.757194572605939475e-01,8.515558656001768201e-01,6.759329797687236852e-01,3.890449776333435583e-01,5.657941973840152627e-01,9.041560614488212133e-01,7.322111375947076839e-01,6.063660779848466520e-01,3.698764097023553576e-01,5.575697909219630155e-01,4.422594266477626324e-01,3.432783590693783138e-01,4.798710318951032033e-02,8.783435728795224717e-01,6.507784164798564586e-01,6.473200101824920782e-01,9.075607855904412880e-01,8.519576649283429060e-01,9.838120990237788632e-01,6.505439488777919887e-01,4.768741361804578610e-02,5.804291511317669627e-01,5.202847395578156231e-01,9.441245775856339506e-01,7.143442316095534039e-01,5.377674974213542125e-01,5.003210217431310891e-01,7.711355117449167906e-01,5.316062447044760386e-01,6.458736443600496813e-01,9.614246356467573973e-01,9.882556546205339965e-01,5.634652194210932885e-01,8.671740834793034702e-02,6.171973208514610620e-01,4.552414169642984842e-01,7.973396616601282627e-01,9.557334071005403331e-01,4.036287301268399186e-01,6.779924399149818148e-01,9.252611346133794434e-01,7.514106569482472686e-01,6.333212611260899960e-01,7.142671779218283667e-01,6.154041452389269473e-01,6.991247076943829519e-01,4.058933706775773587e-01,3.180286783910928339e-01,4.601780355207530926e-01,6.948798546714808344e-01,5.404525130976642888e-01,1.171806904192538301e-01,4.166558326454187777e-01,2.248643552953411562e-01,6.114829982022749189e-01,5.899428910521555824e-01,6.546903877523625459e-01,5.419717928909775218e-01
8.625796007326667070e-01,3.593998425711513178e-01,9.054559399969031031e-01,7.648208052554585912e-01,4.505656280885150244e-01,6.684612991515493929e-01,5.206824119472451828e-01,7.287292555672560956e-01,6.236580126461611639e-01,4.736054128677975594e-01,8.063994280377591306e-02,3.295160461484418768e-01,4.024081278635052161e-01,8.712758019954306432e-01,8.933148700827286959e-01,0.000000000000000000e+00,6.441227689442481363e-01,7.276148628855897416e-01,7.046997860785365608e-01,4.715818777667486472e-01,9.468176050316483572e-01,9.815673423921933427e-01,5.471304706353511405e-01,7.308788833368835558e-01,2.285236879581678260e-01,2.964454270030903449e-01,8.425702892423895252e-01,7.981336218450032494e-01,4.209533498865641321e-01,6.434676256772358105e-01,1.052376665649443349e-01,6.820342328267124943e-01,5.518542185727477456e-01,9.864276266386422520e-01,9.284008217419824627e-01,1.951432601020886282e-01,3.740149440558422356e-01,6.311377089314870181e-01,8.874168465349528967e-01,8.831301004908288510e-01,1.553058197733739598e-01,3.321970553932453440e-01,3.051196775524703253e-01,7.991879866970181823e-01,9.909636789267279866e-01,9.419093357952824652e-01,5.578827776122753379e-01,7.743034544026934363e-01,7.214770141341483312e-01,6.796578199359958328e-01,4.625217230302943183e-01,8.682047078472437951e-01,7.312181406925488680e-01,7.713239844966619518e-01,9.773608357182245188e-01,9.552267745836607871e-01,4.987923991320312722e-01,8.107516753164484280e-01,6.693979223830581748e-01,3.157812707876246350e-01,4.443141988938519304e-01,6.545681081583034633e-01,7.773885207278857790e-01,8.123436408920219343e-01,4.850221096500074713e-01,8.583809699544137084e-01,8.962195462298103710e-01,7.512959966724787053e-01,5.950728729169395548e-01,1.644926639885960495e-01,7.769122235530168119e-01,4.247210562660955202e-01,4.856565877000127429e-01,6.054662866974154234e-01,3.987753581312990514e-01,2.393859319570865174e-01,7.187972415713714813e-01,6.925655730471904636e-01,5.852124609970957847e-01,6.768956486598486366e-01,9.215189457687360530e-01,8.570329259054274562e-01,9.789635501065577783e-01,9.637206043784636300e-01,6.969945292736372533e-01
4.492888962782340401e-01,6.434144677930487069e-03,7.562548325009035288e-01,5.151457518193230944e-01,3.284573230521653509e-01,4.612432410937332139e-01,9.812162844824571239e-01,9.804207262690236568e-01,4.991677947495335999e-01,8.963843492156553516e-01,6.550368013185372540e-01,8.865980821558270275e-01,5.904920638552206835e-01,3.362044407686109460e-01,8.235035330362250328e-01,6.441227689442481363e-01,0.000000000000000000e+00,2.498884265048430253e-01,8.763496285658396445e-01,9.782077054617414058e-01,8.699562800757235648e-01,6.493641210775312755e-01,8.009737771038533127e-01,9.355561665165021967e-01,6.712720933449268790e-01,9.586993476304868089e-01,1.165886488760359135e-01,9.007334529097958953e-01,8.910181267282277773e-01,3.396985952056698066e-01,7.037355726003523548e-01,4.065348495573351539e-01,9.330686734624715761e-01,9.242729879852036312e-01,7.759518396171445342e-01,1.436546967099185113e-01,4.168077264068178467e-01,4.927299988169150380e-01,9.585627962633613830e-01,6.172863016001478575e-01,4.522933300966763825e-01,8.130838526027920343e-01,8.201529426719601501e-01,8.161651443616826374e-01,6.622577006577562431e-01,9.027092372405713938e-01,6.371487107959457052e-01,8.899576391669195008e-01,2.125693200850521936e-01,8.073247729525035998e-01,7.142440291620764103e-01,8.344146517775018479e-01,4.476562782153530873e-01,7.637668487338520329e-01,4.544431780144816413e-01,7.536094967949982237e-01,6.891631101249848790e-01,9.688718000953923104e-01,7.081531638388163241e-01,2.109015742464436516e-01,1.312295694348443453e-01,8.750051557865452523e-01,6.891457743971804994e-01,4.717712778688663011e-01,4.215983810341167870e-01,4.658241587892525404e-01,9.618840986230055012e-01,8.369188769535710337e-01,4.255605469472706903e-01,4.617310049046513543e-01,9.974743008575885916e-01,9.048930087760962415e-01,9.458551073162571043e-01,9.698729087243763702e-01,7.452295159706709970e-01,8.756660123132412599e-01,7.017397655880796004e-01,5.430205664761225126e-01,6.244849523571015526e-01,2.817064960821382691e-01,8.490700580004508780e-01,9.957640415522548416e-01,6.362362518659195887e-01,4.028425490229433636e-01,9.665150977490662987e-01
9.430469943575410241e-01,7.861063621589863271e-01,8.815212961932926694e-01,5.045779788229481921e-01,6.061276232407054598e-01,6.317195355807659896e-01,4.079331694592527313e-01,5.473974175523801389e-01,6.503813613455725617e-01,5.223039207765668435e-01,8.407119434577774442e-01,7.575217191486728341e-01,6.175121595335707481e-01,7.174651221174904725e-01,7.059329101319734567e-01,7.276148628855897416e-01,2.498884265048430253e-01,0.000000000000000000e+00,2.337638454167147439e-01,5.555517643265340810e-01,6.282595263548796938e-01,9.700369060852289671e-01,7.551411752778115494e-01,5.777507061259836707e-01,6.412886548944628506e-01,8.640110362200082994e-01,6.322084647704885318e-01,5.104173656476096443e-01,4.242551809614594216e-01,3.595686119484388654e-01,3.718222855302906471e-02,8.150970574369361676e-01,7.659818005997006685e-01,5.458806216638061315e-01,7.327645106972748845e-01,3.973669116084384001e-01,4.326554249814388298e-01,6.597272726226378614e-01,9.078639694778060099e-01,6.919407756663390474e-01,4.811924406185864589e-01,7.751617210442267591e-01,6.844008395456766536e-01,7.182067096297868325e-01,9.100172956344859676e-01,9.102635117375444951e-01,6.694214182263020785e-01,6.203763988911228378e-01,3.016249293818517030e-01,7.694123482213978127e-01,7.361033418183178245e-01,8.355637176409440592e-01,7.209793421219115039e-01,7.979546542689377464e-01,6.204654640852372838e-01,4.166927406595395400e-01,7.888127766784993611e-01,5.320578506853668177e-01,6.230357786769085138e-01,3.121082240166044297e-01,5.725768049503658919e-01,4.763999168762188541e-01,9.764464443656121206e-01,9.006958806809449714e-01,7.086969487305372351e-01,7.438998515943330281e-01,6.758837145870146834e-01,9.508206607585767411e-01,7.836405155803118916e-01,5.760237535600236658e-01,7.864931941147829120e-01,6.080207717976722215e-01,4.927806911372512588e-01,5.778472487140646763e-01,6.479105389985964081e-01,7.781654788986440696e-01,9.029959903478117500e-01,3.139690333686682711e-01,4.092537051158716688e-01,6.449893768131793603e-01,4.022405585419531748e-01,6.153969415120474906e-01,5.002302669763828424e-01,5.707991347087670864e-01,5.533269177485441448e-01
