0.000000000000000000e+00,7.803152213530695214e-01,1.375286564722816851e-01,9.953377819923482361e-01,9.914634382285603120e-01,9.457745808859124859e-01,5.664766913901612133e-01,5.319323370233897119e-01,9.871044053898867521e-01,9.829322541465241869e-01,9.401116744577915352e-01,7.747445723367524240e-01,9.625203079060395961e-02,3.569688337266466727e-01,8.135884720922759161e-01,7.209446574123838936e-01,8.327215161195306026e-01,7.819296474506524097e-01,9.152905674315837681e-01,7.092109838279905265e-01,9.353488222523185236e-01,6.552444490176559944e-01,7.840197193819324895e-01,6.529495424724027774e-01,9.433277220710284405e-01,8.128827534511663400e-01,8.155309382555877562e-01,5.965184741510716204e-01,5.078234707055394592e-01,3.126331446932379965e-01,4.218612728037478554e-01,7.243381613918633555e-01,9.268494771619861794e-01,9.125012746461766966e-01,8.894835866670925961e-01,3.952916042243326267e-01,3.862995188608530084e-01,9.132685469705732473e-01,5.348795131777959178e-01,4.893648889966082938e-01,1.980649173168491095e-01,9.397207793106103768e-01,7.442514455106077342e-01,5.069189787867149910e-01,9.353061898603035607e-01,9.458996898144994558e-01,5.694526468196985380e-01,4.091594739420341131e-01,6.330547267086094054e-01,5.007039191839892656e-01,9.153777412701318283e-01,6.888892321939836805e-01,9.099393852960981910e-01,8.774801120848257918e-01,7.238461319974238695e-01,7.366043849929539977e-01,3.003928631540505600e-01,6.255193377083944073e-01,8.940715162566169605e-01,4.479637814614043645e-01,5.700712739181830191e-01,9.800749401178848741e-01,9.847204323786327151e-01,8.525555169535778965e-01,9.510852652880124047e-01,7.868574071611675880e-01,9.378741680176110318e-01,9.624101539336606947e-01,8.729555945129006123e-01,8.561460348441549684e-01,8.321569740573144802e-01,6.134970957251201229e-01,5.954246021432495484e-01,3.142291421642225413e-01,9.852397438433257992e-01,7.582673769373292627e-01,7.177924049596722256e-01,7.328038368514832035e-01,4.751002965596550776e-01,1.928149073464852925e-01,7.899821191978154689e-01,4.234770415519539810e-01,9.383658752906858247e-01,6.381187074410842319e-01,7.857534883494973199e-01
7.803152213530695214e-01,0.000000000000000000e+00,8.684854466278395524e-01,8.790366389251303980e-01,8.562939095362703812e-01,8.941533673917816394e-01,7.691460051202223536e-01,7.220439459764330659e-01,5.690027499593822702e-01,6.514587760229602065e-01,6.788210637078195830e-01,3.028347868742581328e-01,4.633944891520921927e-01,6.600690478148284468e-01,9.985617935925361621e-01,6.851550359563221004e-01,6.093584584431316342e-01,6.492025770821573394e-01,3.946467546507719248e-01,8.981546455131126372e-01,8.367039672950610241e-01,7.993944284231205843e-01,6.568198914243384978e-01,-1.694841207235748270e-01,6.604390587285940972e-01,7.364073299450046850e-01,9.582710026292796668e-01,5.284107626334859642e-01,5.870865972585063153e-01,3.263189977767623207e-01,3.260450196330128558e-01,4.354066124287595541e-01,8.317595699752847738e-01,8.180005054154292354e-01,4.612885046177079285e-01,5.697197726737266432e-01,1.741123574126683948e-01,8.525461441542270258e-01,8.899332934329182709e-01,6.532427603131493177e-01,5.069652931676058571e-01,4.457188097984744468e-01,9.631745086933356514e-01,9.665000789736348796e-01,9.368105066824767846e-01,5.957798013904873624e-01,6.164345901619181500e-01,9.416916112703886954e-01,5.025940187862237840e-01,4.469986610000022398e-01,5.827932175586707508e-01,8.520945475056884710e-01,7.170307917383980101e-01,9.860977603795679780e-01,8.452290898987981915e-01,5.978622424130616286e-01,7.579354785794321092e-01,4.522975495274047519e-01,7.099989084980135035e-01,4.166351507087789896e-01,6.820425361201882808e-01,9.745330326198663462e-01,7.471712991880744559e-01,8.458132638798612213e-01,9.658302848986071165e-01,9.697991524165638921e-01,4.079803587616478988e-01,4.791886753477817007e-01,5.147426701796835591e-01,8.904560637530881673e-01,9.610984938962822133e-01,6.973093320139804874e-01,2.087727277392877334e-01,7.740373912708676807e-01,5.526608759316752328e-01,8.023568295854329735e-01,9.082705526102653470e-01,3.452136682922996580e-01,3.752876640015799792e-01,-7.540235372722312035e-02,5.997865267993354177e-01,5.960253659176242280e-01,4.664983304219587068e-01,7.211073416136317693e-01,8.173148476995478751e-01
1.375286564722816851e-01,8.684854466278395524e-01,0.000000000000000000e+00,9.135247330378376551e-01,6.355410176640876596e-01,5.057761642332624374e-01,9.881393373135126668e-01,7.475900672431662342e-01,9.214000060304431416e-01,5.918092570772348626e-01,8.741903765802765403e-01,8.415525748032920417e-01,6.162037999762896012e-01,4.306264293343193827e-01,8.151862993521926670e-01,8.206513311557636081e-01,7.983625930588921227e-01,9.736178896270920591e-01,6.177616119746099921e-01,5.065091285157381495e-01,8.770903276511905489e-01,9.097779882089257475e-01,5.479997473595037416e-01,4.190016289752330758e-01,9.478173643721909958e-01,9.042324793289474583e-01,5.836573796851639573e-01,7.532782730980962516e-01,1.252643263173581489e-01,4.104871375034259140e-01,6.214705526242468858e-01,8.656332866597138409e-01,7.578228351966009857e-01,8.822754466167468390e-01,8.328464939264301758e-01,3.061976000177019097e-01,9.527200657813529316e-01,7.503480737456704741e-01,7.673118159657652537e-01,8.729900046552314663e-01,5.627419559211578326e-01,9.959969142530287201e-01,8.541493130415751533e-01,1.471416264544819497e-01,8.633291092116223142e-01,3.502706591270715042e-01,6.770921387151793702e-01,8.555287985586574884e-01,6.546805496744931840e-01,8.732942756595500899e-01,8.643292453039216339e-01,9.486662901135474169e-01,8.883287908295127711e-01,4.672806031583700004e-01,7.661495133051492434e-01,6.278009575287886168e-01,8.398981221388970297e-01,8.737346087510320380e-01,8.794878438929486508e-01,6.011861869595895858e-01,5.960492390001166374e-01,8.770208802980962171e-01,7.846184094190938874e-01,9.832346612950325637e-01,6.695960042437387738e-01,7.932081976936913303e-01,9.038528673763842614e-01,7.681933349936180822e-01,4.245198031558956031e-01,9.734531405001004556e-01,6.132779843431057643e-01,9.781329478774632991e-01,9.592437264029053390e-01,7.608984630387373160e-01,6.432230823416345000e-01,6.868776349008131055e-01,9.662512492011948728e-01,6.208721772881464762e-01,6.878389587903226410e-01,8.040688285919186384e-01,8.029775306799058487e-01,7.036970551873543700e-01,8.456558676956374976e-01,8.037904476429109657e-01,7.271182279241231727e-01
9.953377819923482361e-01,8.790366389251303980e-01,9.135247330378376551e-01,0.000000000000000000e+00,6.518404059977964682e-01,5.772803923652712887e-01,6.169978781716818350e-01,9.105537105668688458e-01,8.606472809247189826e-01,7.164369696108944252e-01,8.222367185797258005e-01,6.915392676629306123e-01,6.408736353021295962e-01,7.519890089760714602e-01,9.503662316849533775e-01,9.135250813739550502e-01,9.020239594631079827e-01,8.081951800561776311e-01,6.174601900248776198e-01,2.096310921232109881e-01,8.982126210908272235e-01,7.368671065665075570e-01,9.119281536958729895e-01,5.568515972836803885e-01,4.109299841055701341e-01,6.094807554218327761e-01,7.701018110368553771e-01,9.218941956325612530e-01,6.390631176506595956e-01,6.166199727744219317e-01,4.120518925114546316e-01,3.044861224967810864e-01,9.453188353778523290e-01,9.227426627345529653e-01,7.582151070909537438e-04,5.784263372731202058e-01,6.122674861498812460e-01,7.131133911718001706e-01,3.386919181528369460e-01,7.758720136060820449e-01,5.265114525265615075e-01,8.673731060488543143e-01,9.111596019469603291e-01,7.856321832513916137e-01,2.898837724109442071e-01,8.584199394918183845e-01,9.710494745244313552e-01,3.856039065703500968e-01,1.705215022627792065e-01,5.908895348481936205e-01,7.667690467611399940e-01,2.714475830471390072e-01,7.427803085133570793e-01,6.193702968209054971e-01,5.195490760178191891e-01,8.005350773269552800e-01,7.804096837654204144e-01,5.010184481123256539e-01,-1.023572771705128504e-01,4.515054528869408279e-01,5.183019340582895040e-01,6.291377861994618126e-01,8.819834432773284716e-01,6.137056775416874776e-01,9.158766826951860729e-01,4.349165099573594762e-01,8.678909624189301564e-01,7.244193503274864998e-01,7.585452468398128367e-01,7.705522032101603802e-01,9.605697408027193962e-01,9.135398984062488292e-01,4.973364816074844486e-01,4.708364109747110171e-01,4.377802972117250113e-01,8.458549260003670467e-01,2.157303344188826189e-01,7.968773604302713531e-01,6.580088347253728598e-01,-1.675734341072995237e-01,6.854142066202261185e-01,9.687457234613536805e-01,8.638508804589293266e-01,5.410467751718123219e-01,9.514957698579107337e-01
9.914634382285603120e-01,8.562939095362703812e-01,6.355410176640876596e-01,6.518404059977964682e-01,0.000000000000000000e+00,9.992432476633228422e-01,5.515627921383450261e-01,9.805053374694780999e-01,9.399196247338890142e-01,4.104684125880778134e-01,9.060641970163989534e-01,5.010012211575499697e-01,7.465915225897691299e-01,6.723604370061646573e-01,9.428518318885283911e-01,6.490031851619812997e-01,5.023292588120664703e-01,9.057792399931373639e-01,6.041978328980205371e-01,8.489462077774538873e-01,8.048536712105615054e-01,4.391078648101507942e-01,4.160647734961077093e-01,5.925103762664645224e-01,5.782584184787907811e-01,8.999077910537426339e-01,6.573158661371161227e-01,9.689364390765746737e-01,4.076335977147213518e-01,6.396527873227629835e-01,5.194987566845579718e-02,6.309236408041088984e-01,7.578513759179570375e-01,3.105760512800679884e-01,2.610728310940028107e-01,1.206052657324449690e-01,7.879349323986439835e-01,6.499618050841161621e-01,7.686857700889061507e-01,3.673328742685476045e-01,1.273019425335777111e-01,8.118493766557075553e-01,9.721971124189040525e-01,7.384526123274572917e-01,6.555583537892148982e-01,4.449222676687709099e-01,9.463301936925834212e-01,8.533628242363417993e-01,5.464489051206087300e-01,5.974324901202909821e-01,6.489767139161635168e-01,4.095614512867811197e-01,5.345889446051163008e-01,8.081018464417704106e-01,8.582014848258371353e-01,9.018218800710894323e-01,5.305293262209782590e-01,6.862555179314022702e-01,7.288500289443751168e-01,4.244332679560678390e-01,7.572141033035174607e-01,8.371435809958526209e-01,3.756419789504187312e-01,3.940199133862030134e-01,6.316813942284309480e-01,4.193216088680963294e-01,6.322587815735687400e-01,8.789407324853040215e-01,2.300898798580282567e-01,4.664727075984439475e-01,6.900935265839568400e-01,9.514831994723290665e-01,5.692935974145729716e-01,5.573101986563431254e-01,7.448952076665543709e-01,6.103031931315348046e-01,3.337344011478802219e-01,5.146405746258827518e-01,4.048120609680533888e-01,3.777927558859532353e-01,7.022968179502253605e-02,6.852513492951393115e-01,7.958872483838593803e-01,1.859518712460698497e-01,4.848802128547442525e-01
9.457745808859124859e-01,8.941533673917816394e-01,5.057761642332624374e-01,5.772803923652712887e-01,9.992432476633228422e-01,0.000000000000000000e+00,8.231274748672392505e-01,4.121591143103192079e-01,8.078681971906621628e-01,9.791752029119821232e-01,6.802247679699615635e-01,8.167315737666476227e-01,8.632812840060430926e-01,2.219784289594168292e-01,5.710308672899815363e-01,3.529964539608130281e-01,9.784267387724523424e-01,7.059023595850202337e-01,1.021457259336374518e-01,8.845063217670418032e-01,8.789917319733004941e-01,3.725381653626542722e-01,9.407248222303864482e-01,8.626087156004289547e-01,7.764972735691305639e-01,2.863093757631576808e-01,2.428247667026026957e-01,6.039854034840899111e-01,3.232731457883749049e-01,4.729544251520509945e-01,5.453976038927315084e-01,5.028552438585826012e-01,4.656089543635361649e-01,7.490994142698675917e-01,6.966363970310062159e-01,4.858517272687830069e-01,1.536224733268054532e-01,7.159012074302868456e-01,9.020386703758858093e-01,7.873593546414437983e-01,7.429585613455568227e-01,7.407570304048045617e-01,8.469217344455619578e-01,2.369154400283514650e-01,6.493580038877445615e-01,7.229692218267296244e-01,4.427120345868620910e-01,5.833599203049611992e-01,8.933327752463846583e-01,1.995331567594005873e-01,6.797365578695164778e-01,6.239430094158548989e-01,9.866481521552735723e-01,8.555706518503529701e-01,6.375695902879324750e-01,4.999958455463229812e-01,6.911706016945915465e-01,9.358443596796627295e-01,4.773730809512971573e-01,4.140311305952377174e-01,2.999218318864396160e-01,8.024691151508684950e-01,7.571799752046957099e-01,5.609835392650661667e-01,7.651744321368225688e-01,7.411103012138130497e-01,6.326328251496471378e-01,8.075786876132301506e-01,3.916122843204764559e-01,9.643000524473961388e-01,8.907240347543367021e-01,8.340104672502708372e-01,5.803817663304472463e-01,3.848044042819620536e-01,3.857972568602738850e-01,2.077179979469940541e-01,8.069027069120213724e-01,6.532201227080720596e-01,3.204424474280812007e-01,4.949041375975716806e-01,6.921977060473264443e-01,6.422941539198911975e-01,9.046723585445662907e-01,3.050465152626208321e-01,5.507438381632265845e-01
5.664766913901612133e-01,7.691460051202223536e-01,9.881393373135126668e-01,6.169978781716818350e-01,5.515627921383450261e-01,8.231274748672392505e-01,0.000000000000000000e+00,3.538237895299263247e-01,3.951555626360683249e-01,7.611154756228855067e-01,3.280871022664063608e-01,7.285587908742894303e-01,2.801929163272547929e-01,3.117203376918592506e-01,3.615836033868059518e-01,4.013811026421875150e-01,4.760085190186773008e-01,4.743056473828635156e-01,5.388031880096419979e-01,8.435784552606290232e-01,9.013952813279484388e-01,6.330706050550986008e-01,4.839384052202529984e-01,8.504991613198388256e-01,7.690501685190691550e-01,3.067094321361854559e-01,2.312022055166578771e-01,8.328211188667354881e-01,6.708753481928122486e-01,7.898792914739464210e-01,3.647734012027923356e-01,2.186190876667764849e-01,4.910896722365430955e-01,4.661281144106637075e-01,4.869338610597594430e-01,2.570818134025746882e-01,3.397405328213491393e-01,4.723349603512284611e-01,8.447473608853671712e-01,7.393213321281213446e-01,5.002939194341065043e-01,9.347479341871081093e-01,7.235638680146223578e-01,2.254670089183725135e-01,5.847795318232010819e-01,4.787919899929538037e-01,9.096739294769043971e-01,5.055114181760737013e-01,4.190577540008144641e-01,7.903480012144190603e-01,7.151222959556199354e-01,4.549371074535036308e-01,9.967141365802048014e-01,-2.450786730248954992e-04,8.787131325025188122e-01,4.173950443440114788e-01,4.118999970988277970e-01,4.289304326593582073e-01,7.284753363763416534e-01,6.319551436907855368e-01,4.947496718793363280e-01,4.456730139270650981e-01,5.381897672391492415e-01,9.559632094445322803e-01,9.010374542567884948e-01,2.006341896050596874e-01,2.944355356529022583e-01,9.651293372625533440e-01,6.129700161017384019e-01,3.059692308427681695e-01,1.495952531235640037e-01,9.915124117328157904e-01,5.049089777742387097e-01,5.368892114471817134e-01,5.764413453898980383e-02,9.094752106879138154e-01,1.899312173441725093e-01,6.083913184016720432e-01,2.723745475862469623e-01,1.511090395746764459e-01,2.421693259830269562e-01,9.674841314516740010e-01,7.398939514112596871e-01,7.481898427231091497e-02,7.017733106020188627e-01
5.319323370233897119e-01,7.220439459764330659e-01,7.475900672431662342e-01,9.105537105668688458e-01,9.805053374694780999e-01,4.121591143103192079e-01,3.538237895299263247e-01,0.000000000000000000e+00,8.153842623684595114e-01,5.160904361399220042e-01,2.311331547059309321e-01,3.308466703867727343e-01,3.851798227180849299e-01,9.324941129592807521e-01,6.775619669792840583e-01,4.195676096193747817e-01,7.060530470177452944e-01,7.895214276214890248e-01,9.956059673089678874e-01,9.379335589228482428e-01,9.479203937953583070e-01,3.804179728312052089e-01,5.902256980288123067e-01,9.395128932218802520e-01,6.906455079223110527e-01,7.629515661516086400e-01,6.956840438660757409e-01,4.574299467053704604e-01,4.494656725704367917e-01,2.693185682841980899e-01,1.507799175229039834e-01,6.533903120846584756e-01,5.801738767852023804e-01,7.104853465664389134e-01,2.458532053620914593e-01,2.987668729483219376e-01,2.193947374281796370e-01,5.605486303448545815e-01,6.573438430995133253e-01,6.097070975475812338e-01,2.903474432354689050e-01,6.705353861234930601e-01,9.564494192766122005e-01,5.265431909081781381e-01,6.229104153060365245e-01,7.011737562863539219e-01,7.659344768296891814e-01,4.225268641535901981e-01,7.170497322287598951e-01,7.299259053123909879e-01,9.947354899584806009e-01,1.938360556488291087e-01,7.619940248079630774e-01,6.590238825817863466e-01,9.769890217408827571e-01,8.651910651938312657e-01,7.783979600111301522e-01,6.401391044768766081e-01,9.506328541375367314e-01,2.630446559975877507e-01,2.507836200779820501e-01,3.248390111272582148e-01,5.022095923185426747e-01,7.497846931326037634e-01,9.828579945711044541e-01,7.967510375080650853e-01,5.166447196918606544e-01,4.925007493080856280e-01,7.471250039608291482e-01,7.905350479450593548e-01,9.997780214205238547e-01,4.584604807162775963e-01,2.967975129913919541e-01,3.490687488852837195e-01,5.681233406728170010e-01,5.796160135410759473e-01,5.140007643102323387e-01,7.751117312612443300e-01,2.393604843281203487e-01,7.034147289206801323e-01,7.610987957263118941e-01,2.327349433239409571e-01,9.624791796827181223e-01,6.172401964392368878e-01,5.911430178600771690e-01
9.871044053898867521e-01,5.690027499593822702e-01,9.214000060304431416e-01,8.606472809247189826e-01,9.399196247338890142e-01,8.078681971906621628e-01,3.951555626360683249e-01,8.153842623684595114e-01,0.000000000000000000e+00,6.408577163879018990e-01,7.017567855096478180e-01,6.240136551631365602e-01,3.467136451565786537e-01,8.475788301588936813e-01,7.758510392258702870e-01,6.202020453944779854e-01,8.750594048212146925e-01,6.088646558347546867e-01,2.190635277570814332e-01,6.631068432547684299e-01,3.088629482371427759e-01,7.075894573347464300e-01,8.100118090200904009e-01,3.254830345523508917e-01,5.688456852910253048e-01,6.339680480047444888e-01,8.021070126871341355e-01,8.944585967666408566e-01,6.621031317540916339e-01,4.512707679460001842e-01,3.691211985083741043e-01,6.249901941094683222e-01,1.860355954176533266e-01,6.780144120117328477e-01,7.086530342603468702e-01,6.461228803252374586e-01,3.674357103893998167e-01,7.089287322021002868e-01,9.695691031779387625e-01,6.422965724479576810e-01,3.570469652263170701e-01,4.128245329098516048e-01,9.113291238681389128e-01,9.395714576989173672e-01,9.144869557898001045e-01,7.901720329697696776e-01,7.230393377911142894e-01,6.432238901166679179e-01,2.446774714186639443e-01,4.768890445557202318e-01,8.905852837057327553e-01,6.303841126003751905e-01,8.216050256931709539e-01,5.041926331125700100e-01,9.764395036393290761e-01,9.473227813712015166e-01,9.039448074921525578e-01,9.858827749732518297e-01,9.283269839886720831e-01,7.976882091596635416e-01,5.627650535410544386e-01,4.896014440925924305e-01,9.846005506371633409e-01,8.199831779293954570e-01,6.175528285178366605e-01,8.872970991497217685e-01,7.217727422581439178e-01,8.843686427661850979e-01,6.216108653400890249e-01,6.853016797854348807e-01,9.348312911520604285e-01,7.523845086511116165e-01,-3.365591699182254870e-02,7.529591502375877488e-01,3.128689237788797040e-01,6.036361255969473483e-01,8.756807100445782588e-01,4.998258288079657219e-01,2.150561549604386447e-01,5.151436106058723263e-01,7.430704864244088714e-01,4.520199642129623663e-01,4.139500060334316833e-01,7.732216242631224645e-01,5.110207844905007013e-01
9.829322541465241869e-01,6.514587760229602065e-01,5.918092570772348626e-01,7.164369696108944252e-01,4.104684125880778134e-01,9.791752029119821232e-01,7.611154756228855067e-01,5.160904361399220042e-01,6.408577163879018990e-01,0.000000000000000000e+00,9.726201474813780390e-01,7.402430614327754066e-01,2.701404440879401903e-01,8.139217075275031466e-01,6.294437264283068156e-01,3.953366244409709518e-01,8.331717692252036400e-01,8.912335344718838037e-01,7.561922530039425494e-01,9.613175663419295525e-01,8.298564153289669232e-01,4.753253304455759554e-01,6.586183033717796231e-01,9.117738609077720158e-01,5.035293209698592509e-01,7.126922161834604585e-01,8.827388200296212295e-01,7.164494788386516211e-01,2.823374063621824082e-01,2.590630628331296315e-01,4.800217046949396549e-01,7.897409982823033747e-01,5.547070078067107834e-01,7.947520275332684569e-01,2.459292481069810521e-01,5.747293744219817979e-01,1.528508774724725294e-01,2.157326736100596554e-01,7.846615008521891088e-01,7.915388989695254507e-01,7.477537841135101226e-01,9.566898774881974488e-01,8.083911758071627984e-01,5.344552136057071356e-01,6.156595509585272019e-01,9.057928142161981722e-01,7.873340032002670297e-01,2.816362977263848211e-01,6.433283027890901451e-01,7.985328937136680905e-01,4.087746533171556784e-01,8.002775487534071752e-01,9.623925708373701760e-01,2.994873151031465230e-01,7.313551627588941173e-01,9.214161884082122667e-02,7.657120732035969102e-01,8.591334662973145742e-01,4.805996804982922699e-01,5.976546017771636743e-01,4.848549813930078112e-01,5.999462764060620179e-01,6.225707610946729087e-01,6.444350106527606536e-01,6.504004969684211712e-01,4.309442201925555715e-01,-1.756879243728689810e-01,8.748347935537645892e-01,4.077872207134615734e-01,5.346307744312894794e-01,8.586019058506387802e-01,6.347153229740016833e-01,4.777434371425959836e-01,5.332414136903620427e-01,6.902088511048958264e-01,9.264497474041988312e-01,9.215412950125231317e-01,7.387592710015249420e-01,3.704571412430107125e-01,5.126602783603361191e-01,3.054095534532163536e-01,7.747713398644630045e-01,8.398798974185217592e-01,7.190594291227097035e-01,6.796671642696848759e-01
9.401116744577915352e-01,6.788210637078195830e-01,8.741903765802765403e-01,8.222367185797258005e-01,9.060641970163989534e-01,6.802247679699615635e-01,3.280871022664063608e-01,2.311331547059309321e-01,7.017567855096478180e-01,9.726201474813780390e-01,0.000000000000000000e+00,4.184409011546519341e-01,-1.911306264209784722e-01,4.867469863387826612e-01,6.785848678911705623e-01,9.741146182950715104e-01,8.072244060608310123e-01,5.202682474547996039e-01,5.889846775720937178e-01,8.438448680154803094e-01,9.520110475733299937e-01,6.821005260620078836e-01,8.575930819683810213e-01,7.910698266832898451e-01,7.866830995665103909e-01,8.775006848394500958e-01,9.490963861480242736e-01,8.200068266805754513e-01,3.677173255101887639e-01,6.950737338945539578e-01,4.518856619585694401e-01,6.691437940622105840e-01,9.629801909863716647e-02,7.852325484097659736e-01,9.596382178128345375e-01,4.703966561722434658e-01,7.286132099637081527e-01,6.397840266305862000e-01,8.143204235015056858e-01,3.563227702665811569e-01,4.422752822336150635e-01,7.888434604397586147e-01,3.619300278939023285e-01,6.887017489132128967e-01,9.618015337652376928e-01,7.736808128907350923e-01,4.475231680760252684e-01,6.763899464253357863e-01,7.243182417670295248e-01,4.990905674192395169e-01,9.532205504658460837e-01,6.177785956124332012e-01,7.088925516152096984e-01,7.877102976182197569e-01,6.556100502311836831e-01,6.900797017013644563e-01,1.197915642889566673e-02,6.278209767370995786e-01,7.867730581186844763e-01,7.009246449712422944e-01,7.219463644380048617e-01,3.682188358652145332e-01,6.882430659809060103e-01,6.975879960836828264e-01,9.424754549302253315e-01,6.243210427365444293e-01,8.122341594143608345e-01,6.426632227036198630e-01,2.881955161945590760e-01,9.470292379741964695e-01,5.039656246611999846e-01,8.319130344484888528e-01,3.400315497626547057e-01,7.468728965544941811e-01,5.217057696731631777e-01,4.869293901991120777e-01,7.110887829264480597e-01,5.284033255713487254e-01,7.057849814599191918e-01,2.995754552622536052e-02,4.491788212984359485e-01,9.804083333004305345e-01,9.100795253030834475e-01,4.306605907905077801e-01,8.640230706306064601e-01
7.747445723367524240e-01,3.028347868742581328e-01,8.415525748032920417e-01,6.915392676629306123e-01,5.010012211575499697e-01,8.167315737666476227e-01,7.285587908742894303e-01,3.308466703867727343e-01,6.240136551631365602e-01,7.402430614327754066e-01,4.184409011546519341e-01,0.000000000000000000e+00,8.619400223246215242e-01,9.639715875478541696e-01,8.915382429155001009e-01,6.928201226066474927e-01,6.731168972053046540e-01,-1.375938523366224964e-01,7.141280352194665504e-01,8.043265328311488549e-01,6.173305848085234304e-01,7.123014264949933949e-01,9.238445304585489737e-01,9.440099704071065467e-01,5.438676994128944786e-01,5.791909957267034059e-01,9.004634248469688407e-01,7.418717826078136124e-01,5.737465596039773574e-01,4.187992041364999585e-01,3.869661064290094710e-01,6.963243274297272745e-01,8.169430065016921594e-01,9.545139259177706226e-01,4.881316708014443728e-01,4.331331494252351755e-01,6.911165851889438105e-01,7.285388210439009971e-01,8.573347008726952545e-01,8.156961274309177945e-01,8.078931733884384681e-01,3.893207828095930356e-01,7.401659211278520667e-01,8.239971371643544096e-01,9.583942253986674764e-01,4.078664535753429576e-01,5.069648042243221076e-01,8.109960982710976429e-01,8.297949696998301317e-01,6.390112233105610384e-01,8.375554482916048871e-01,7.372384916094292251e-01,8.657563151836622506e-01,9.712382884691900253e-01,6.050836593972301891e-01,9.777813384160326526e-01,1.990332027212449728e-01,7.911593101203691081e-01,9.507451024536489603e-01,3.669564736278809747e-01,2.538008642595150910e-01,5.387647540663440537e-01,7.807960744077743209e-01,6.754497948550733932e-01,4.481267199302519932e-01,7.348062557557143437e-01,8.403665347821460685e-01,8.884354853616190928e-01,3.297330432241967202e-01,2.517642645625886022e-01,5.894622186405925612e-01,7.722923478786695162e-01,2.469586731432094340e-01,6.622809587670195342e-01,6.670249740977163277e-01,8.632420263780892222e-01,7.199075690184697507e-01,6.547025937689473496e-01,3.490507930012057836e-01,2.259659568696147647e-01,7.233775846376895302e-01,4.437175744767579699e-01,8.094387289085966941e-01,9.732100038696042121e-01,7.411594354334862800e-01
9.625203079060395961e-02,4.633944891520921927e-01,6.162037999762896012e-01,6.408736353021295962e-01,7.465915225897691299e-01,8.632812840060430926e-01,2.801929163272547929e-01,3.851798227180849299e-01,3.467136451565786537e-01,2.701404440879401903e-01,-1.911306264209784722e-01,8.619400223246215242e-01,0.000000000000000000e+00,9.927269788977493015e-01,2.955716740790343411e-01,6.253267342738629830e-01,8.076082508901214485e-01,7.874859260585495013e-01,5.887332193295836680e-01,8.755243579039934110e-01,8.341186893496012056e-01,5.480050593336273090e-01,6.231253692084505191e-01,9.179963448210214372e-01,3.245297935129503597e-01,8.938319819020590362e-01,2.793450838322456553e-01,8.179341183156032535e-01,6.549375127173889810e-01,5.323696413596119559e-01,4.301490138748643721e-01,7.232313896106423723e-01,8.543680841522204306e-01,7.164345094458743901e-01,7.423544578512013548e-01,8.650874156555461436e-01,3.293817191692425261e-01,5.358961626970099035e-01,4.593745831999864748e-01,4.249963932437374470e-01,2.652078800499661493e-01,7.867747272788520041e-01,9.894757519432699766e-01,8.815181602183284060e-01,6.665137919171989500e-01,9.615614760007895612e-01,8.603237542453970876e-01,7.768390730198209138e-01,4.556137684716887182e-01,9.567364335395577291e-01,7.161414880806036276e-01,6.589966625871042094e-01,6.767670276462627310e-01,7.913578670535161841e-01,8.937860341515060369e-01,3.219894977381099754e-01,3.906498308048864665e-01,8.723743866751263454e-01,1.919218071805966000e-02,1.180137887132975405e-01,2.531398433337335718e-01,9.770879532934423350e-01,6.104729130467519971e-01,9.743003893352512046e-01,6.047935790299454606e-01,8.131737363827395981e-01,9.548325565766909717e-01,3.921426543812362997e-01,1.930596238183364954e-01,6.672863909864626963e-01,1.697272664815523413e-01,2.038699864538019157e-01,6.555093447813887808e-01,5.008973041574400487e-01,9.801638357866101492e-01,7.115238386364151069e-01,4.107328962366971759e-01,8.618277166603278694e-01,4.840663600459762517e-01,3.428478586026597053e-01,9.676293587077883229e-01,8.827584637172048998e-01,6.240273836602179269e-01,7.543711929756696799e-01,5.030919767043852131e-01
3.569688337266466727e-01,6.600690478148284468e-01,4.306264293343193827e-01,7.519890089760714602e-01,6.723604370061646573e-01,2.219784289594168292e-01,3.117203376918592506e-01,9.324941129592807521e-01,8.475788301588936813e-01,8.139217075275031466e-01,4.867469863387826612e-01,9.639715875478541696e-01,9.927269788977493015e-01,0.000000000000000000e+00,9.258979587177070814e-01,4.496515477495562352e-01,9.952255730885980478e-01,7.926230707495969252e-01,8.860970710409826756e-01,7.367721691049504695e-01,9.849107343069244402e-01,6.563042522540483148e-01,9.682964661673060247e-01,6.471839121613339740e-01,5.108104628541257908e-01,6.427805017526309062e-01,9.755068936066325636e-01,9.640352724928046291e-01,3.700688896051048116e-01,4.137697420432167594e-01,8.327339650556467299e-02,8.542491259748357102e-01,9.112789988835361399e-01,8.795854143889243471e-01,8.740416693672630188e-01,2.017174653913233473e-01,-3.738907253172885081e-01,7.470888194138285421e-01,7.451095513910903634e-01,6.232380423972764261e-01,2.150539227354886229e-01,9.197045321451924327e-01,7.546898871079714688e-01,7.787099942292288191e-01,6.892981208383118785e-01,7.912915917231450047e-01,6.041000806062474249e-01,5.377802529165280898e-01,2.124103453346258830e-01,6.202395087608650881e-01,8.027803657684268179e-01,6.914718766308153297e-01,9.530260233199754349e-01,5.061004993108475514e-01,5.438408225469877344e-01,6.571214382246571839e-01,6.083023689838200632e-01,8.409490125951918360e-01,6.227805530601574491e-01,4.678733236115628635e-01,6.206123508811092204e-01,6.868353239226382412e-01,7.292134567370518461e-01,5.463476274720565629e-01,9.506326596072954827e-01,9.661899000917413272e-01,9.442187981214825720e-01,9.785101321473432812e-01,5.960687687020138625e-01,8.897150900843804333e-01,3.841074620317917465e-01,9.819312008434262218e-01,5.769437355902079512e-01,3.832171962498156503e-01,6.809065596609504833e-01,8.993640464466003959e-01,6.415323714154248513e-01,4.422624540386333458e-01,2.009395461737565891e-01,2.067712002961312467e-01,8.290937620393132867e-01,8.089561611711756361e-01,9.298909220706136347e-01,7.096234546437808488e-01,6.811584049300525301e-01
8.135884720922759161e-01,9.985617935925361621e-01,8.151862993521926670e-01,9.503662316849533775e-01,9.428518318885283911e-01,5.710308672899815363e-01,3.615836033868059518e-01,6.775619669792840583e-01,7.758510392258702870e-01,6.294437264283068156e-01,6.785848678911705623e-01,8.915382429155001009e-01,2.955716740790343411e-01,9.258979587177070814e-01,0.000000000000000000e+00,8.072175667821690492e-01,6.375919681837944886e-01,5.473559234535073648e-01,9.083138112777838780e-01,8.993095293064103934e-01,8.599213640220103594e-01,2.163760183485886335e-01,7.784041024527582620e-01,4.384512556062344912e-01,3.508621089894456979e-01,7.180819970306223654e-01,4.254431543425795104e-01,6.972456397669809514e-01,6.172038773931711741e-01,2.328960386285214013e-01,8.547824157732896166e-01,4.321216399219539595e-01,5.841099925887774935e-01,6.921517732034115911e-01,6.159182836480268097e-01,6.507148212451752123e-01,5.392866318363785938e-01,4.054481779901587535e-01,8.733307270070818085e-01,6.531830973946891605e-01,9.592831531620573671e-01,7.564152993593681318e-01,8.468801125845573097e-01,7.896864446983338226e-01,8.371274193100115557e-01,5.435806854904201568e-01,6.788425440585744708e-01,5.979744931187980228e-01,2.408012795087670077e-01,7.821263942628268184e-01,6.259549399075833298e-01,3.154503903691465161e-01,6.329552992186552318e-01,7.345636954674040764e-01,2.007974463140649868e-01,5.914868367210943667e-01,5.368405716465265431e-01,7.967672618867089884e-01,9.472188171411197732e-01,5.959218200821045919e-01,9.442283963702058358e-01,4.064168473277674498e-01,9.795062803712590860e-01,6.867503347547849746e-01,9.353408231013520258e-01,6.426145979408355302e-01,5.445070341183377849e-01,7.420582814239399250e-01,4.712858435899150988e-01,6.572618363766438154e-01,5.429120686904502779e-01,6.920273052262875257e-01,1.473034920061659925e-01,2.524818603123470395e-01,7.837061505750894108e-01,7.553504171662928091e-01,4.380508625800326183e-01,4.226504350174052904e-01,4.660306720885043497e-01,1.657662844593953133e-01,4.649737766193808852e-01,6.890029510925659295e-01,8.859556358286435618e-01,4.371708038527662987e-01,7.573167286704363121e-01
7.209446574123838936e-01,6.851550359563221004e-01,8.206513311557636081e-01,9.135250813739550502e-01,6.490031851619812997e-01,3.529964539608130281e-01,4.013811026421875150e-01,4.195676096193747817e-01,6.202020453944779854e-01,3.953366244409709518e-01,9.741146182950715104e-01,6.928201226066474927e-01,6.253267342738629830e-01,4.496515477495562352e-01,8.072175667821690492e-01,0.000000000000000000e+00,9.671885973971721118e-01,7.096940769616029154e-01,7.819588693815890945e-01,7.525887305517967585e-01,9.499369706859424056e-01,8.290492153272274178e-01,-4.838126879415208248e-02,9.682557613092420690e-01,4.010268180726935805e-01,6.009734158630470890e-01,8.812045841878725083e-01,4.835325834338312090e-01,6.436495587915224137e-01,4.862830182048762939e-01,9.808284461563810189e-03,6.628694814248665690e-01,6.311262469706088174e-01,7.401583113553747983e-01,3.638082007864691381e-01,5.812659479840018850e-01,3.379376460511923641e-01,6.440822104057419839e-01,8.468567657846316488e-01,5.638819539625598010e-01,6.025604351451113727e-01,1.980300561157448680e-01,9.658268645263081709e-01,6.256608821130615894e-02,9.261601465374360576e-01,8.113935272583395752e-01,9.984317315538711046e-01,4.640481847226359813e-01,5.076988630967663729e-01,7.297737428452125696e-01,6.799846824676958335e-01,2.781273748739488960e-01,9.076622092741127856e-01,6.351295001599048806e-01,1.228809839968441758e-01,8.589687804842029983e-01,7.532604027247532530e-01,7.860956504274300150e-01,7.842050138901534018e-01,5.216958518874919015e-01,4.526382332842468492e-01,6.134425759086937768e-01,5.295423410937676323e-01,8.489265089602352488e-01,9.893366920527049135e-01,6.899466215030768401e-01,7.373515283300591250e-01,5.595121383649456215e-01,6.461284837939546000e-01,8.062305145059004419e-01,9.988906071363158334e-01,9.148217019561558638e-01,4.308733044863488626e-01,2.669210087665826459e-01,7.853238230466835779e-01,9.939338661201059244e-01,9.083286601526330273e-01,2.966819237768236195e-01,3.904368486165149532e-01,4.168046736172175137e-01,4.695791427824604347e-01,4.091353129946168066e-01,9.019289128368156438e-01,2.887802830110830499e-01,8.348934947143049623e-01
8.327215161195306026e-01,6.093584584431316342e-01,7.983625930588921227e-01,9.020239594631079827e-01,5.023292588120664703e-01,9.784267387724523424e-01,4.760085190186773008e-01,7.060530470177452944e-01,8.750594048212146925e-01,8.331717692252036400e-01,8.072244060608310123e-01,6.731168972053046540e-01,8.076082508901214485e-01,9.952255730885980478e-01,6.375919681837944886e-01,9.671885973971721118e-01,0.000000000000000000e+00,2.142639484989213583e-01,7.370913323452283894e-01,8.631666216979128059e-01,8.579966585922673694e-01,8.451518268811984980e-01,4.572243427852419884e-01,7.862871503467825374e-01,6.027528035883329416e-01,8.100563902652331283e-01,8.788812299008451623e-01,8.171140043780711348e-01,2.822020597721232593e-01,5.186228926768621239e-01,5.899976542096360133e-01,7.833449945769731526e-01,9.727952824529259024e-01,8.668079257192102816e-01,5.641268561705226059e-01,5.374341072223085547e-01,5.424696685587545586e-01,8.160851486450222403e-01,7.636343999607921873e-01,7.953898935259028358e-01,4.585186217117794283e-01,7.066043526799554719e-01,3.847092801714654953e-01,8.383399675268439211e-01,9.958650229490167982e-01,8.413006452827690440e-01,8.861057648809457232e-01,6.504786622282219266e-01,7.919756354585378855e-01,1.814412641954470384e-01,5.099381057137369888e-01,8.545534065236622956e-01,9.723100420109810349e-01,3.346703016438640210e-01,9.012734477656476617e-01,4.590852791405740096e-01,6.845508522341009483e-01,9.763357220278574555e-01,9.065825820252174649e-01,1.652779476844386808e-01,3.212391182361548081e-01,9.339059970269745214e-01,8.795903912764680976e-01,8.927784056794414447e-01,8.033216058695404893e-01,6.537320215624540243e-01,7.247373665971589274e-01,8.426934656704896387e-01,6.776332023778059988e-01,8.356927698949657701e-01,7.072893687488667203e-01,6.152411415276914930e-01,6.857495903844353924e-01,7.102849133443936980e-01,7.504420265061110262e-01,9.687432236424353693e-01,6.541374246580057283e-01,4.314512205942179768e-01,5.448314087596791699e-01,1.029264419230267874e-01,7.820555027304960660e-01,6.214613477207897585e-01,6.524620527793645319e-01,4.224643812798973830e-01,6.373644967599800815e-01
7.819296474506524097e-01,6.492025770821573394e-01,9.736178896270920591e-01,8.081951800561776311e-01,9.057792399931373639e-01,7.059023595850202337e-01,4.743056473828635156e-01,7.895214276214890248e-01,6.088646558347546867e-01,8.912335344718838037e-01,5.202682474547996039e-01,-1.375938523366224964e-01,7.874859260585495013e-01,7.926230707495969252e-01,5.473559234535073648e-01,7.096940769616029154e-01,2.142639484989213583e-01,0.000000000000000000e+00,9.595299204251404868e-02,9.450387971334861525e-01,8.750568221063748098e-01,4.574278794959875105e-01,7.912350597410412467e-01,7.284787795086176132e-01,6.823586394630383190e-01,8.591750601453937985e-01,2.779471668629434622e-01,7.507706624268634110e-01,7.279695905814054235e-01,2.145805713072919119e-01,6.222144663925700536e-01,6.431204655646463042e-01,6.325794529759867224e-01,9.110510553571752324e-01,6.715719589910307263e-01,1.519685612215735115e-01,3.053289552875272372e-01,6.863877202994729254e-01,4.106072762215984273e-01,3.520738762121716769e-01,7.532924901828769171e-01,8.966297649405189363e-01,8.164896905641993996e-01,8.631290272629240645e-01,9.076282826601715925e-01,6.959158163912830819e-01,9.369181240601384131e-01,5.505302980743647101e-01,7.789828736954584887e-01,6.668098091204950340e-01,1.503600901793663569e-01,7.516036591906862796e-01,6.279455800811852839e-01,8.614930006134257079e-01,8.150782667635952938e-01,6.777000389147620485e-01,4.627213536093072177e-01,6.465912757854102022e-01,6.720457966135402472e-01,5.577713822412718736e-01,7.245057756238567626e-01,9.752693183519789422e-02,8.858105069897241890e-01,9.718048837847491628e-01,6.142667335039799781e-01,7.259119332230595800e-01,6.846320777523520196e-01,8.191054465389934203e-01,3.788498653094847235e-01,4.324739816969663253e-01,3.699944965750459058e-01,6.600003863136104654e-01,6.858054138531667343e-01,8.558709710123344472e-01,5.192535160849639508e-01,9.514503911841235562e-01,6.159142227789244917e-01,7.996495315460913078e-01,2.889288406688092503e-01,2.552163967427295010e-01,7.583280019037044184e-01,9.103307163748685094e-01,2.603607714596842815e-01,4.570722304710616579e-01,9.533937326423402858e-01
