0.000000000000000000e+00,8.000993462978235327e-01,9.915656932889234110e-01,9.000364259961388669e-01,9.656866867687684541e-01,7.846788400518875939e-01,3.916921175648444553e-01,9.807648025494393185e-01,4.343065623139891751e-01,8.534061553536729239e-01,7.563855482597869884e-01,6.651811475052666900e-01,8.815246333990339744e-01,7.530045410551646778e-01,9.193211587199644486e-01,6.240592546009848807e-01,8.367794973546360815e-01,9.222611976461536631e-01,9.153823276047223789e-01,6.754113482998629348e-01,8.981753873917842634e-01,9.624891213730094597e-01,3.468448271652039838e-01,6.705661644024306645e-01,4.402895513428274898e-01,8.573890242166229969e-01,7.588928404386221516e-01,7.692220675629404258e-01,6.180713050247658158e-01,7.876326980210309747e-01,2.631506764029460377e-01,8.562506925133168689e-01,6.572600734211183626e-01,8.951242739239818613e-01,8.959006548315969765e-01,7.737634364476398963e-01,2.826368885265788736e-02,8.221423002089822685e-01,8.859795698103128947e-01,6.000551676007676027e-01,8.942027662700748891e-01,7.438649490218296467e-01,7.386294130418342707e-01,9.561519679911034686e-01,4.379376118101834248e-01,9.879958531854077242e-01,8.101198639702995585e-01,8.773419015214075634e-01,8.433379534951690459e-01,7.782857667390574719e-01,8.758077114686023679e-01,9.401164355624728186e-01,2.162139272638795851e-01,8.052768877636524714e-01,7.303240779428696872e-01,8.444094497034075886e-01,8.639239587491548411e-01,8.788444824127301658e-01,9.034924939893380635e-01,7.744238931445638352e-01,7.025518505814329906e-01,7.580646039607166209e-01,7.178065882230312278e-01,7.435504230824263594e-01,9.625923039974699780e-01,6.617045903733274059e-01,8.222888735952154082e-01,8.468907202468194395e-01,9.361634796380808865e-01,8.978731625899494251e-01,8.738336268640939375e-01,4.169689398249383228e-01,-3.857759718905050539e-01,8.986157487014798662e-01,8.930897259799243093e-01,9.855798952784052824e-01,6.472911159480223553e-01,8.553975880229827133e-01,4.648602174324916736e-01,4.442790303877691138e-01,8.202238408787252411e-01,6.983964648580340828e-01,2.746362337174487189e-01,6.999552303174352286e-01,6.934019490772548311e-01
8.000993462978235327e-01,0.000000000000000000e+00,7.052423384377138893e-01,9.514979307262463326e-01,4.496010740114140813e-01,9.657737878218128902e-01,5.776447955364727438e-01,4.922489859502559573e-01,6.157580566269539313e-01,6.390515443397439821e-01,6.518927441157404967e-01,8.724771021420349992e-01,8.826348580786311793e-01,4.851672037611547417e-01,9.327463515032550223e-01,2.566478418114206961e-01,4.371476792061634864e-02,3.053238519085244018e-01,8.276263877547417325e-01,9.754460642854827501e-01,5.204654667807884216e-01,9.607451549168054550e-01,6.072211388143473609e-01,7.014932242510024674e-01,8.724087925998423865e-01,4.293472669071599634e-01,9.630789806375259499e-01,6.144932091949808495e-01,1.108295966152659934e-01,7.164004603117966052e-01,2.816038217535181687e-01,7.230525600327687430e-01,8.080580109528067156e-01,2.827158608005081453e-01,1.135453813110677973e-01,3.819996773059192163e-01,6.363152300989494137e-01,5.549852273078088594e-01,7.309171817332069665e-01,8.443666513488536918e-01,4.532530595072570279e-01,6.534625773787636760e-01,6.382911798212385079e-01,8.608236010815006889e-01,8.607111718039782700e-01,6.247433160050251955e-01,6.763660619512291694e-01,7.697766923386897275e-01,5.398799651210673956e-01,5.532643401617802770e-01,3.092816667152441523e-01,6.794213909585231637e-01,6.917239617238518656e-01,6.467620098014301711e-01,9.203038976975751462e-01,2.565129506854390562e-01,6.115236554384433365e-01,6.834187473202187890e-01,6.212990629618572180e-01,1.615773832211027383e-01,6.682078220291927106e-01,7.023064132418956884e-01,4.419053938460845710e-01,8.179463308459128390e-01,7.717587587965158979e-01,6.632369963686662873e-01,5.871918939686391337e-01,6.429629158851213333e-01,4.290221944125329756e-01,9.783972551495098147e-01,9.191503059314107826e-01,6.608046464426706734e-01,7.411537357899322664e-01,9.575707379873232838e-01,6.009745111207613899e-01,7.536756253719296694e-01,7.872418347306167075e-01,8.500877147327314809e-01,4.579544271982986525e-01,4.791099147716262330e-01,8.107768448143513051e-01,8.492729587228984300e-01,7.224369897778903926e-01,4.699527264372459490e-01,6.709025481073873642e-01
9.915656932889234110e-01,7.052423384377138893e-01,0.000000000000000000e+00,9.751005745756154974e-01,8.504241392857933013e-01,6.899754428477425927e-01,8.612874615661632038e-01,8.823347080218159055e-01,9.667425060703936923e-01,8.001439405176264952e-01,9.240021030635339194e-01,8.530074476196759514e-01,6.533648960720107590e-01,8.548391744167594952e-01,9.618368828250027924e-01,8.246501932385768008e-01,9.362063572784498078e-01,8.234503251977379756e-01,4.330642520969248399e-01,8.128495471313665899e-01,8.493563206135403831e-01,7.154268658606223186e-01,6.460873338433252844e-01,7.921525928949650908e-01,7.560155571149469456e-01,7.511443751446222894e-01,7.911646967381518181e-01,9.234800969202322518e-01,4.079702323381318441e-01,7.712006584414251575e-01,2.210589902919306016e-01,8.031083282860540518e-01,9.555435506552654168e-01,7.165660304379898315e-01,1.711155656111209775e-02,7.485156385417069957e-01,6.482791207008112844e-01,7.546229996531342854e-01,9.825321152667926272e-01,7.163919389886116429e-01,7.510423404926810376e-01,8.401700549886915725e-01,7.527873716013712135e-01,3.002628103435080464e-01,7.355143817815853469e-01,8.409707683472685824e-01,9.035660888030717652e-01,9.914550050846657747e-01,9.977317064292748894e-01,4.475709091635901582e-01,8.721726585573261747e-01,2.354224198377389554e-01,9.690756536131948096e-01,7.261301939725175458e-01,6.748349532816027008e-01,9.102636846677207849e-01,8.029325390607622293e-01,5.431830341867307510e-01,8.334121245725901739e-01,5.523451340819931499e-01,4.890443217011928301e-01,9.019414159562194611e-01,7.217751029804445606e-01,7.534402870520536810e-01,4.457683817977560747e-01,6.083072150953028334e-01,8.970579516678701681e-01,8.279583359207841609e-01,4.719634741311565240e-01,5.257513781635992922e-01,7.813416054423760748e-01,8.657984289942416423e-01,6.595804962010318739e-01,1.952852651501144621e-01,8.359443088403386568e-01,5.506088225735918940e-01,7.902043682954020820e-01,8.734744147403732395e-01,7.545064221941655269e-01,4.444091658766087805e-01,8.442266883932265653e-01,8.953384422370269657e-01,2.507632148616457113e-01,3.164981507911795999e-01,6.024916588149245023e-01
9.000364259961388669e-01,9.514979307262463326e-01,9.751005745756154974e-01,0.000000000000000000e+00,9.970087255909977353e-01,8.014377371202575651e-01,7.645157602857040047e-01,1.432376354537612338e-03,8.852805430633468031e-01,6.536601944499107475e-01,4.627015743146734583e-01,7.467837331264245426e-01,4.065668335663336630e-01,6.157751536279441051e-01,8.265195760974497485e-01,9.287097544472207034e-01,6.527689560653637812e-01,7.629864359590048384e-01,8.271829024315077161e-01,8.739172524883920268e-01,8.806454695201448857e-01,6.413121571353035399e-01,6.018028035368402362e-01,4.921610867520406774e-01,4.521035973859049983e-01,6.226614290265812812e-01,8.042783875365506763e-01,7.233489717678225350e-01,5.103706975981102678e-01,5.323567613797697273e-01,4.608282311068904180e-01,5.619818373687961444e-01,6.508760309534888933e-01,6.561872022658055137e-01,6.135133702425800140e-01,3.188332949717811449e-01,6.154688127587012447e-01,9.435007440972207338e-01,9.157016372133960358e-01,6.826762644749441167e-01,3.749203718560225607e-01,5.515812362925290868e-01,9.367616705807488842e-01,7.554281813924793587e-01,3.416842162767809166e-01,4.138895655863185086e-01,7.766972540948141601e-01,1.081846660371814234e-01,8.301252233425457927e-01,6.037884817978664831e-01,6.489678355202667115e-01,6.077042167998978339e-01,8.864153392661427988e-01,5.530865773606582492e-01,6.539181696644346120e-01,8.820686491897109516e-01,9.256215997554912978e-01,1.526274006625907009e-01,6.978684684149668582e-01,2.635353465753812463e-01,6.354707226768592232e-01,7.263190891993700493e-01,4.881243739462905462e-01,7.037840435527877858e-01,9.119911356085732557e-01,3.987122482982875527e-01,9.401006306038539595e-01,9.868641267570419373e-01,5.839825067052276664e-01,9.052099374560323986e-01,5.079487003973343073e-01,7.662591259489702766e-01,5.896283364346808220e-01,-1.357753450885730295e-01,7.141176195322704867e-01,9.348323578370010267e-01,7.454710015178261928e-01,5.815800922220887292e-01,7.081738392135754623e-01,6.400377015552631832e-01,6.288944518666926831e-01,6.299117581132994692e-01,8.093961477261748527e-01,5.128508470868540225e-01,7.819155086149833789e-01
9.656866867687684541e-01,4.496010740114140813e-01,8.504241392857933013e-01,9.970087255909977353e-01,0.000000000000000000e+00,7.927610338664672351e-01,8.064340419501415669e-01,3.967714851683306065e-01,8.249860462744053047e-01,6.344367076873117517e-01,7.750811577144630649e-01,7.562514227400228828e-01,2.774508696272167674e-01,6.171098776843276790e-01,7.763386181539715380e-01,9.793977304607424106e-01,9.052240725235022323e-01,6.198831610686967863e-01,4.140616880989061444e-01,6.156196251819349152e-01,9.773627779320681608e-01,3.643624446450186571e-01,6.967995642696019898e-01,8.765679859671244856e-01,8.985326298307797499e-01,7.518124254736185952e-01,6.927849128949649105e-01,9.204743913774596775e-01,5.751458795816123404e-01,7.575628605351270028e-02,2.775760203030624429e-01,4.411105250749311479e-01,6.116932941412909219e-01,9.868724862572718637e-01,5.064208976759578817e-01,4.609735759905363994e-01,1.968856382551740364e-02,5.909906106308968621e-01,7.938080083366505502e-01,9.813244097726805393e-01,8.794532009175481946e-01,6.610007300807079211e-01,6.722082533179498665e-01,9.784373007113920107e-01,5.706810617811072239e-01,8.783125580909012520e-01,4.157984640403504795e-01,4.991438401282482507e-01,4.392507095679801798e-01,6.880913548332308061e-01,8.007407387782907726e-01,6.249490006396626329e-01,7.791345171009347315e-01,9.592575326441024064e-01,6.380015277372842464e-01,4.576257095478330483e-01,5.283001715895767614e-01,8.747792935104202749e-01,7.824476317739873510e-01,3.119995292263857967e-01,7.561632284300191520e-01,7.269877894068385027e-01,7.497471231733630059e-01,8.520608923549828351e-01,7.589430241740491301e-01,5.453927019380305774e-01,6.705949671037152449e-01,8.053226554586854213e-01,4.303617677003927500e-01,2.685725229566667260e-01,8.062777470792243939e-01,8.059899917574586681e-01,3.008051806253986271e-02,5.833557570161632677e-01,9.772152748333767791e-01,9.740420334543238301e-01,8.401878047760255042e-01,7.145217567468986619e-01,2.124832310049730999e-01,3.046273612945926690e-01,3.699518999564662125e-01,7.436465699308527633e-01,7.343264629827329637e-01,6.579989264935901527e-01,7.372018195352318948e-01
7.846788400518875939e-01,9.657737878218128902e-01,6.899754428477425927e-01,8.014377371202575651e-01,7.927610338664672351e-01,0.000000000000000000e+00,7.801526038313768563e-01,6.462729856469069389e-01,4.899360049513923517e-03,7.552022053018317971e-01,7.974349901798393203e-01,6.802418055173236056e-01,8.938400675127157191e-01,6.070588742390623516e-01,2.554823524937377965e-01,9.076028089336014570e-01,5.231716394946862581e-01,6.524562984031198054e-01,3.207729969257924196e-01,8.177573996945245449e-01,6.482394985859502023e-01,9.869404972477976434e-01,8.923417100531335633e-01,7.705247364221868844e-01,9.822632493805240061e-01,6.178909758568845723e-01,6.140917312086828783e-01,7.922485033368037444e-01,3.127992562078554112e-02,6.074756101887472948e-01,2.634646843461020405e-01,2.026108234390189278e-01,7.718488485541930011e-01,2.537151586662587666e-01,9.684465184868491505e-01,5.672416751349967923e-01,2.588431094567010815e-01,2.938918937780655716e-01,7.592668130334843113e-01,7.585356983211308801e-01,6.631447900243222504e-01,4.514577121857153430e-01,5.388743149899005713e-01,8.312692787034793307e-01,6.957574357575163626e-01,8.882595405801608779e-01,4.908867270238506664e-02,7.181025528349286313e-01,5.735334899259363350e-01,6.534985053035401448e-01,7.571648540418309814e-01,7.625061387036388139e-01,8.257643214809917698e-01,8.455099758632743656e-01,7.135627876401905434e-01,8.245560074277268336e-01,6.487019287764026476e-01,2.517853868484354884e-01,9.655882992726692038e-01,7.331401353664231957e-01,7.571621662536023312e-01,7.900721640907197862e-01,9.425120587348863044e-01,8.756693010360893092e-01,8.171014147746630263e-01,8.573175021037848786e-01,8.051767866626120540e-01,6.738971886894352670e-01,9.083642467961909883e-01,2.938632015406185127e-01,7.172574342339667064e-01,9.976450107044825266e-01,2.984557621760746682e-01,2.842016524459931026e-01,8.145655900038514252e-01,7.109437265824520846e-01,4.724953412904820405e-01,7.226603334401697776e-01,8.537833743652240015e-01,4.207333435150524270e-01,7.151918199761219119e-01,6.735882483556805411e-01,9.304913842197130025e-01,4.882552155154368800e-01,7.995924463336896437e-01
3.916921175648444553e-01,5.776447955364727438e-01,8.612874615661632038e-01,7.645157602857040047e-01,8.064340419501415669e-01,7.801526038313768563e-01,0.000000000000000000e+00,9.200430348830254124e-01,4.811411564852446365e-01,4.944776636087969690e-01,6.401563362864659545e-01,2.794160577372224730e-02,7.262815761945095039e-01,6.550486514782498659e-01,6.229966859512742205e-01,7.681793188801391281e-01,9.731718910898924380e-01,6.311107962287419992e-01,7.370150167121143348e-01,6.914410515878407493e-01,9.440516381698986770e-01,4.183837626137404397e-01,6.489305584140341310e-01,7.346420572263399063e-01,9.284856390481195376e-01,6.833431053782342834e-01,4.313049075459935988e-01,4.439949547912129257e-01,3.447748021034929139e-02,7.813743530740671073e-01,7.520584690450157206e-01,9.655899734417362490e-01,5.990309070453462281e-01,3.765877546653050856e-01,6.520176918553536316e-01,2.293354873800926286e-01,5.798864185692525347e-02,2.152059522310039996e-01,8.292752473155066140e-01,2.624941538460893731e-01,7.041869207099820116e-01,7.732924734849284665e-01,7.107702702434013364e-01,4.794602031644109585e-01,4.720572223022951874e-01,5.238118091062202719e-01,7.152499762716099108e-01,3.635623050195778139e-01,4.514854571625138147e-01,6.511557727780030724e-01,6.831663925918823876e-01,3.839084917571885525e-01,2.442589989593427768e-01,7.333865294934243106e-01,9.970147833927975878e-01,3.566906983479033455e-01,7.143705968073014168e-01,6.646498972818493112e-01,6.832512940683398428e-01,5.151146921217023555e-01,4.358397004126229324e-01,4.996416430018697508e-01,5.751432214274576626e-01,8.188014043022503463e-01,8.432562999610834220e-01,4.816830197850093254e-01,4.841192272120677376e-01,9.297213439338534169e-01,6.397701525735804973e-01,4.015320935270134117e-01,5.878556856336067948e-01,6.644453807454774319e-01,4.563695772264926565e-02,4.490197723661970564e-01,2.821411896175478676e-02,2.956906628414606164e-01,6.600795798482808063e-01,5.632150970923113231e-01,6.953519200027353797e-01,8.463998359902757951e-02,7.704316708977401174e-01,8.536729683746721031e-01,7.073820445909803079e-01,7.375194774840568290e-02,5.934575897927318877e-01
9.807648025494393185e-01,4.922489859502559573e-01,8.823347080218159055e-01,1.432376354537612338e-03,3.967714851683306065e-01,6.462729856469069389e-01,9.200430348830254124e-01,0.000000000000000000e+00,7.005036463476043140e-01,2.233866461425093042e-01,6.228319654684263407e-01,4.892817926921018135e-01,9.886725194045323795e-01,5.953824314411099161e-01,4.811404239277430883e-01,9.351145210494731241e-01,7.502089072619976262e-01,7.484089257848813848e-01,3.116509944845574642e-01,8.184432120621825124e-01,8.744240856212213142e-01,7.925231478216012704e-01,8.921291078469774094e-01,9.527916012906677556e-01,6.580231412967706417e-01,4.411347227349446953e-01,7.312331390872041093e-01,9.161196305862825406e-01,7.137074337965439996e-01,4.301056469316351105e-01,4.616149419500194528e-01,5.694298731625518917e-01,4.786445234064092835e-01,7.260671410693591010e-01,8.978075275884875861e-01,4.973945027774703265e-01,2.756807232550796405e-01,8.749208930745296930e-01,5.872229973967214578e-01,5.889664235749374477e-01,7.402580869532041641e-01,9.655429187079949127e-01,9.499949183153204579e-01,6.950574455332612089e-01,7.734742254330946309e-01,9.661353855695802295e-01,6.029271542586379651e-01,-1.560280303092198007e-01,5.981048939702922063e-01,4.096783819208473232e-01,5.752804534050269814e-01,7.707278469745155736e-01,7.596111728962561260e-01,-1.283564806899179511e-01,8.239616794072632810e-01,8.344521021440923780e-01,4.812299486930322612e-01,6.313676263456369231e-01,2.209028603268382851e-01,6.606923499699580704e-01,3.782531463859070131e-01,6.684989837806868396e-01,5.259943076139907969e-01,7.282768166371528240e-01,7.401156211376025418e-01,7.003925297862165777e-01,8.577594775478420974e-01,2.747300046673473162e-01,9.986188439785644855e-01,6.020789241829458405e-01,4.807354707835042040e-01,5.611422110562496179e-01,8.856778651977477157e-01,3.007047264524451702e-01,6.520573801868445596e-01,9.934324645372628604e-01,6.052295939265424085e-01,7.530881712469258416e-01,7.031053991152266258e-01,2.035507593296650986e-01,5.568102898524796007e-01,3.448935342909792423e-01,9.053477817262335359e-01,2.305860742794560159e-01,7.702294623241811022e-01
4.343065623139891751e-01,6.157580566269539313e-01,9.667425060703936923e-01,8.852805430633468031e-01,8.249860462744053047e-01,4.899360049513923517e-03,4.811411564852446365e-01,7.005036463476043140e-01,0.000000000000000000e+00,6.919491557153586436e-01,7.917525953847714959e-01,6.710063616433370459e-01,9.286071221222347294e-01,6.979123179551195433e-01,3.677675618396765156e-01,-8.919700522289639166e-02,8.428058104264779526e-01,4.232906337340546776e-01,9.969835950933578772e-01,7.925123491820973420e-01,4.427670863381370503e-01,4.822809285831391457e-01,7.004791305077481267e-01,9.898104067706654519e-01,8.877343488525119009e-01,7.929646292772571936e-01,8.119440896074656688e-01,8.721322203785454308e-01,5.591282757866311570e-01,3.545145116318106360e-01,3.900457763488858753e-01,4.543066306674631294e-01,6.673599509834666765e-01,6.747843322915827446e-01,6.817503262143705944e-01,3.096730850710743832e-01,2.884935581095065538e-01,5.177809568128195483e-01,4.451518101325684929e-01,3.245639604082842244e-01,5.807641805573322547e-01,4.168766808242242439e-01,8.194640448735940330e-01,5.764246224339077962e-01,9.994206126899524145e-01,9.785686380266527262e-01,5.206478384287759331e-01,7.032320840643838666e-01,2.339666636334985506e-01,6.685726734277675463e-03,7.093603245165406301e-01,6.836407263813736312e-01,7.735842171819993229e-01,5.533970397457390611e-01,5.785670841653287599e-01,2.684758553241244350e-01,5.355840070612014614e-01,6.595521100614526455e-01,9.902383358717673500e-01,4.020671127193671257e-01,3.724339986409280212e-01,6.544600788154342208e-01,8.581625085855545398e-01,9.016398186475721444e-01,9.323954717113233093e-01,9.459505647240835646e-01,5.388303145994065568e-01,5.770284141702097802e-01,2.756955945548257847e-01,7.044797763257666379e-01,9.564780445778525708e-01,2.189608930279450527e-01,5.918669085038965605e-01,7.597346212460891479e-01,4.755058743426601175e-01,7.855344058683018105e-01,8.190688607197982307e-01,5.326596224765678400e-01,7.082863344899693603e-01,3.721911400717731189e-01,4.668748735964334817e-01,5.235817007889969066e-01,7.071087129004796079e-01,9.642163696717623855e-01,6.769495110605021626e-01
8.534061553536729239e-01,6.390515443397439821e-01,8.001439405176264952e-01,6.536601944499107475e-01,6.344367076873117517e-01,7.552022053018317971e-01,4.944776636087969690e-01,2.233866461425093042e-01,6.919491557153586436e-01,0.000000000000000000e+00,3.892655939214713090e-01,4.608583668350785256e-01,9.086771034282560278e-01,9.090017816223757707e-01,7.623562299910148221e-01,4.475057700045231290e-01,9.615993380658103273e-01,5.628947864470210671e-01,9.747578374973584481e-01,6.715323330356812725e-01,5.198948171472211888e-01,9.643952336272452186e-01,8.748459995571198355e-01,8.023420658642052006e-01,4.462487108151632076e-01,4.996061005259045396e-01,6.598287312483833711e-01,8.165862020588574577e-01,3.899788581453942499e-02,8.578609610175182976e-01,6.205147799324348679e-01,5.064926171373578256e-01,8.905494521327507185e-01,4.257335325157868278e-01,7.864269261468237460e-01,5.796045502084907763e-01,3.518629585484681632e-01,-5.361044965970132581e-02,9.459449105309531980e-01,8.941183245023063275e-01,2.904299171494862941e-01,6.868074537299733162e-01,3.043287980087911460e-01,7.227976067450754272e-01,7.877470474518573074e-01,4.096188964424039014e-01,6.465363474164135260e-01,8.040145064537285169e-01,7.958500798640779639e-01,9.435919768695987253e-01,8.689834139038978833e-01,5.468136345317787805e-01,9.491382797853237241e-01,5.582121146848534332e-01,7.466268579621777590e-01,9.503240903628749070e-01,3.179481776058750153e-01,8.178210649782780006e-01,1.209995403250260088e-01,3.896546087116984358e-01,7.535974532248306268e-01,7.610646469717557983e-01,8.110297140801023819e-01,7.269309174730143042e-01,5.574737918446728280e-01,9.329336475920677607e-01,7.878826542989170179e-01,6.388815093545190393e-01,4.424126179985657381e-01,6.959527984325525329e-01,4.466400978120385612e-01,9.119791449816831985e-01,4.570508129474487591e-01,7.459831315244495886e-02,9.787436312368061886e-01,8.763690414083388225e-01,8.747065355904871664e-01,6.037097108887430341e-01,3.437170833254429847e-01,2.112130661466455894e-01,9.089822928153091786e-01,6.528482981842667066e-01,6.536227737042025199e-01,6.130265968010523148e-01,4.913511413629955138e-01
7.563855482597869884e-01,6.518927441157404967e-01,9.240021030635339194e-01,4.627015743146734583e-01,7.750811577144630649e-01,7.974349901798393203e-01,6.401563362864659545e-01,6.228319654684263407e-01,7.917525953847714959e-01,3.892655939214713090e-01,0.000000000000000000e+00,5.554841109921411224e-01,7.451796955011604773e-01,5.678369241423130154e-01,7.526287141190185492e-01,6.698928400701913421e-01,9.283032255882290862e-01,5.675432128277102528e-01,5.643420998865230631e-01,6.570652224776809547e-01,9.685041284844065901e-01,5.478848070794833935e-01,4.915957193702829575e-01,7.939935007019134350e-01,5.463556356283966187e-01,3.250127393613977400e-01,4.074100921293189459e-01,7.508622208374419182e-01,2.592527908612072829e-01,5.305965217191862537e-01,3.422154859560594953e-01,5.522891004293420947e-01,9.262985016950082695e-01,8.590227506787080358e-01,8.901876847099831069e-01,7.711047567905876532e-01,2.260809046148528345e-01,5.547838268609502910e-01,4.281424418732667769e-01,6.618407749748467239e-01,-9.282034878948919321e-02,9.191570628049238190e-01,6.049895806865238645e-01,6.608139014697176350e-01,8.199267840727436640e-01,8.237832575995964746e-01,8.755738365153955538e-01,6.032504060726570083e-01,7.060066641285186462e-01,7.430334570614087752e-01,7.484946461170012277e-01,4.082191807136006934e-01,7.645505927838077698e-01,7.162397631824537481e-01,5.945586827803319707e-01,9.564417585366318253e-01,7.397625664055168526e-01,4.502911082088877914e-01,9.248193931966236514e-01,7.719200950815778839e-01,3.000313867365895781e-01,6.075793603656451936e-01,2.566979275522320303e-01,6.437421071231992364e-01,7.795804326051312128e-01,4.870574838279915775e-01,4.471151681185340787e-01,8.433714327993491189e-01,7.805104287195905322e-01,8.919026549955711980e-01,9.795285874960213413e-01,1.300710111284103243e-01,4.403530508277243571e-01,3.360362745226562753e-01,7.118045387693281434e-01,7.529577374172758963e-01,7.367041370308270443e-01,6.162580425509252002e-01,5.873843526673557802e-01,5.185075870221935723e-01,6.988161885736278167e-01,9.993119747281702381e-01,9.879011609438980157e-01,4.425260742778595047e-01,6.644408752987586153e-01
6.651811475052666900e-01,8.724771021420349992e-01,8.530074476196759514e-01,7.467837331264245426e-01,7.562514227400228828e-01,6.802418055173236056e-01,2.794160577372224730e-02,4.892817926921018135e-01,6.710063616433370459e-01,4.608583668350785256e-01,5.554841109921411224e-01,0.000000000000000000e+00,4.678313520631697808e-01,8.776348058630760729e-01,9.074826700341046548e-01,9.408934202962038196e-01,5.103927078288502672e-01,9.461968293303358868e-01,4.106559177474715661e-01,7.819511742584805969e-01,5.341117521152342063e-01,7.371703719608697913e-02,6.156832620591254912e-01,9.901749732288787076e-01,5.656496379278196374e-01,7.929917755664958046e-01,6.019888481478282705e-01,1.024269310443895464e-01,7.174885741173933074e-01,6.069810673245034094e-01,6.991084215169377503e-01,7.046487207855668400e-01,6.268558123316929631e-01,2.599607308370319170e-01,9.142717184627022764e-01,4.366847740632598951e-01,6.963717270327880460e-01,4.623086504011151288e-01,9.379641934189176800e-01,5.806947220067829041e-02,9.028879156089171243e-01,5.911296784248049052e-01,7.681346610791344176e-01,9.492536212412471253e-01,9.244665393440237855e-01,5.910681654041383126e-01,9.421116673248683959e-01,7.395628267199739758e-01,4.264018840235857533e-01,6.265357348664402082e-01,4.483961625821298869e-01,7.006680940158651616e-01,6.208712248767542796e-01,2.869256428084618893e-01,8.541009105024445214e-01,5.690340032239000756e-01,3.202497671763208653e-01,4.744307979370332995e-01,9.549274039282109605e-01,6.318309185603433464e-01,4.464089154385202374e-01,2.019746978327030817e-01,8.340595259087970614e-01,9.779181980588379508e-01,4.144463240985007957e-01,3.063206089577310554e-01,2.614278482535091763e-01,7.554846308125109378e-01,6.834489692991886356e-01,7.934118739811407695e-01,6.132617918300261595e-01,4.624035015571246743e-01,3.081886148608634635e-01,9.092561755834072112e-01,6.453822551024115395e-01,5.042853186454302472e-01,6.676461415695457147e-01,4.052130370342211241e-01,4.370943657834975293e-01,3.878015343400056936e-02,2.024880569902120508e-01,6.675396097751168378e-01,6.884328768995786607e-01,7.306806912945994492e-01,7.794782439138295826e-01
8.815246333990339744e-01,8.826348580786311793e-01,6.533648960720107590e-01,4.065668335663336630e-01,2.774508696272167674e-01,8.938400675127157191e-01,7.262815761945095039e-01,9.886725194045323795e-01,9.286071221222347294e-01,9.086771034282560278e-01,7.451796955011604773e-01,4.678313520631697808e-01,0.000000000000000000e+00,7.887314602931915219e-01,6.636627340605324443e-01,5.498054210809553144e-01,6.225254677235334544e-01,7.146776380215479341e-01,9.217983890384910950e-01,8.848495055971729029e-01,8.639781044313316061e-01,6.246668050871344580e-01,5.977681357385944416e-01,9.557585687939480490e-01,3.649082191291287414e-01,6.605849174605585850e-01,6.549184246173241908e-01,4.535497498034551378e-01,3.334756511604213269e-01,2.607772561756937502e-01,4.385872279458166156e-01,7.190816800150040544e-01,2.197734658138272290e-01,8.342767950511136288e-01,9.240550319289255743e-01,6.891787393228543390e-01,9.339309477879292887e-02,4.903338478434048353e-01,4.565462647151426467e-01,9.051212916800084329e-01,7.599018198082904130e-01,9.601688799372241068e-01,9.383239960264498913e-01,8.017883274588453180e-01,6.051078308159081320e-01,8.739039276423187230e-01,6.622303804820828255e-01,9.214310426223278894e-01,8.258465343213294840e-01,8.755828316542428880e-01,6.592045627929875584e-01,5.904802106541677809e-01,9.457289182597099497e-01,7.656127515994981536e-01,5.420677548706930304e-01,6.936096391743516998e-01,9.458491940401123621e-01,9.568487914024448315e-01,9.176003348115228109e-01,1.740343384256438364e-01,-9.580657543766887829e-02,3.131201311759847505e-01,9.954145599227219865e-01,9.377174884318076886e-01,9.746619195078471964e-01,6.199232092691537854e-01,3.625936022947365833e-01,8.464141300834472359e-01,6.572665095556354808e-01,8.644667425786277670e-01,8.277158098080800164e-01,7.807354635382486308e-01,8.221568356194318417e-02,5.385742891006672917e-01,5.813009194811776803e-01,9.322181744528146297e-01,6.352517186840135333e-01,8.310785509560563167e-01,3.343989845801466076e-01,4.230532766183068838e-01,5.675573984305434250e-01,9.930600327715966014e-01,8.344231322178254917e-01,7.944853207129414230e-01,4.027557879186685064e-01
7.530045410551646778e-01,4.851672037611547417e-01,8.548391744167594952e-01,6.157751536279441051e-01,6.171098776843276790e-01,6.070588742390623516e-01,6.550486514782498659e-01,5.953824314411099161e-01,6.979123179551195433e-01,9.090017816223757707e-01,5.678369241423130154e-01,8.776348058630760729e-01,7.887314602931915219e-01,0.000000000000000000e+00,1.111935950034439319e-01,6.126350740865504907e-01,9.713730649204097567e-01,6.472124508469981885e-01,8.372401235477285875e-01,9.313821695922331889e-01,9.809356959140977938e-01,7.509150933520878368e-01,8.534003076032983248e-01,8.388529260813629707e-01,5.831528300221187067e-01,7.955234218354414466e-01,4.273067559574530994e-01,4.091678070452636207e-01,2.678582250731007669e-02,4.259005549420809555e-01,6.111916028012738256e-01,6.555063572285477758e-01,5.983513108320555052e-01,5.208075635015302352e-01,8.202266062333317675e-01,7.630851872712925976e-01,2.511834638880384718e-01,7.076906900095255581e-01,7.670739943969476782e-01,7.810148078300208629e-01,5.486430279371758978e-01,1.305154944984403542e-01,9.900622574857530500e-01,5.371429449014861746e-01,6.361331002803940482e-01,5.816834583168166706e-01,9.775435763104968201e-01,6.425792256394391444e-01,5.087882027965828780e-01,8.573119670366780021e-01,8.569358078426615455e-01,9.902375551622010219e-01,8.549966729195253023e-01,9.997914047811369276e-01,6.923917353662614182e-01,8.568017543910543266e-01,5.285462175021853753e-02,6.893316758220218166e-01,6.248712728148612117e-01,6.148740780615549184e-01,5.833642536061356410e-01,7.123368876956569506e-01,7.980299975940394752e-01,8.184249135615071502e-01,9.333525300943243952e-01,7.591064769820105029e-01,5.059261516544876214e-01,9.988206165449307061e-01,-3.233213212945323933e-02,6.662833846172584451e-01,4.537934285089043063e-01,5.206769776256870985e-01,6.834489811296392547e-01,1.168608227377739700e-01,6.576155759533716116e-01,6.515210957737112007e-01,6.681973800557942100e-01,4.868895631824521342e-01,4.026848309819752170e-01,4.294405997088416305e-01,8.935959970610739544e-01,9.744178484693868381e-01,6.735385152239410367e-01,2.905532534210965023e-01,9.942617306956842427e-01
9.193211587199644486e-01,9.327463515032550223e-01,9.618368828250027924e-01,8.265195760974497485e-01,7.763386181539715380e-01,2.554823524937377965e-01,6.229966859512742205e-01,4.811404239277430883e-01,3.677675618396765156e-01,7.623562299910148221e-01,7.526287141190185492e-01,9.074826700341046548e-01,6.636627340605324443e-01,1.111935950034439319e-01,0.000000000000000000e+00,9.198001300748699371e-01,-1.061730803126660488e-01,9.329624734931586394e-01,8.510780351038388369e-01,9.828734638004827939e-01,9.635233837437144899e-01,4.890042728803333238e-01,5.724313966658731712e-01,9.688024208410099813e-01,7.333387603317831349e-01,2.482220179599551879e-01,6.501231781602314630e-01,8.807642052420544543e-01,7.838952901805219531e-01,5.694138543304250177e-01,6.583401665340268272e-01,9.737299924952649288e-01,5.123170780570214244e-01,4.856915272517899895e-01,8.153750752098205545e-01,6.623741465269561424e-01,3.617571646043699074e-01,7.141572808073770595e-01,9.005946565867162246e-01,9.596198731622267442e-01,7.925147196950219630e-01,9.456503272259171311e-01,8.513712350567474996e-01,1.963991622195730424e-01,8.995059656234071221e-01,6.883139083947309445e-01,4.320418329599337026e-01,5.017402175533458575e-01,4.012505592544253208e-01,7.613734207884557126e-01,5.908561482327373549e-01,5.196392400714627824e-01,4.591190567305061809e-01,6.000458754140379769e-01,7.017391006075204274e-01,8.770293520157137479e-01,4.444209584741986019e-01,9.762650397951118109e-01,9.009569973559986567e-01,4.714762799400943338e-01,6.261936573175133081e-01,7.190836967534189883e-01,6.524857550609546308e-01,9.126522744912207719e-01,4.000491352838705938e-01,8.503331522044982327e-01,5.513639859051298053e-01,7.696246969857611919e-01,7.173322046639974969e-01,6.562924515210740717e-01,6.528408843624120550e-01,8.614344522528806225e-01,6.630963545554072747e-01,3.541904191231467491e-01,6.155685490534642534e-01,7.621890156258349647e-01,7.222598301291885958e-01,4.841436206284497890e-01,5.680134856418244116e-01,3.650616416855090307e-01,5.374938329665889247e-01,9.941266923368042852e-01,6.072299841684863919e-01,5.391975572680659523e-01,9.641070026011857586e-01
6.240592546009848807e-01,2.566478418114206961e-01,8.246501932385768008e-01,9.287097544472207034e-01,9.793977304607424106e-01,9.076028089336014570e-01,7.681793188801391281e-01,9.351145210494731241e-01,-8.919700522289639166e-02,4.475057700045231290e-01,6.698928400701913421e-01,9.408934202962038196e-01,5.498054210809553144e-01,6.126350740865504907e-01,9.198001300748699371e-01,0.000000000000000000e+00,6.170419499159225385e-01,6.969146877907900217e-01,4.500246341701676367e-01,7.415542621129909140e-01,5.100750151082626971e-01,7.036343315645546825e-01,9.954699033546103859e-01,9.404943812672716952e-01,7.642360044809273223e-01,7.412298300964960118e-01,6.076174982271069780e-01,8.399775615396061490e-02,6.295657677158542631e-01,4.311055948803841353e-01,1.543098019059959136e-01,9.421128038857501386e-01,8.873969189035417759e-01,2.564763699043556833e-01,7.063146508536446433e-01,5.483994806330493299e-01,6.772042068837663686e-01,7.928491652680507151e-01,6.803539733273923362e-01,9.082063707943798248e-01,4.957588258785409208e-01,9.330222986808869301e-01,8.909455304929739805e-01,9.808555583394639177e-01,8.806377979841919501e-01,7.028707967571627968e-01,7.544861751036354702e-01,9.080914650426209489e-01,2.129268671117003908e-01,5.890778801162803724e-01,8.174896399552556980e-01,5.079936300139152872e-01,9.892239848831758664e-01,4.698410530322266743e-01,7.925654509219568489e-01,4.981852220312462665e-01,9.138333432389049715e-01,5.245207967732039567e-01,9.353284508288275401e-01,7.972771748617486498e-01,5.980081586499093049e-01,4.047768721653769441e-01,6.634774357802561973e-01,7.612596555468299497e-01,7.038156544592932828e-01,5.994797726406895233e-01,4.550898192943058640e-01,6.012985724487343031e-01,8.678151305469186116e-01,3.319154461465895212e-01,9.054433843426110684e-01,4.233881154095778254e-01,6.265487932270439320e-01,5.396301891323858069e-01,4.603742494624016302e-01,7.181013660885255945e-01,8.835440984467735070e-01,5.288982141255412772e-01,2.659077058898255963e-01,4.416284912826584641e-01,5.220879640538842459e-01,7.826011875695513265e-01,5.223241865294954156e-01,6.442862884503336440e-01,7.015108340131197551e-01
8.367794973546360815e-01,4.371476792061634864e-02,9.362063572784498078e-01,6.527689560653637812e-01,9.052240725235022323e-01,5.231716394946862581e-01,9.731718910898924380e-01,7.502089072619976262e-01,8.428058104264779526e-01,9.615993380658103273e-01,9.283032255882290862e-01,5.103927078288502672e-01,6.225254677235334544e-01,9.713730649204097567e-01,-1.061730803126660488e-01,6.170419499159225385e-01,0.000000000000000000e+00,6.889558592473554732e-01,3.987779152487537226e-01,8.627817915265112436e-01,6.717468009881093494e-01,8.275049695203602340e-01,9.992988899521779711e-01,8.570451728854473483e-01,5.884375816194870046e-01,8.299336210470948938e-01,6.643791110962166124e-01,7.075168218493107508e-01,3.732130591098579142e-01,6.868640693965413213e-01,8.542682935521741516e-01,7.723376862778733587e-01,9.002789496704316496e-01,8.711507384463176296e-01,2.806625481963060942e-01,7.730303644849325639e-01,4.223809466946925051e-01,8.123090548287389412e-01,8.528223889924769763e-01,9.716356271887977014e-01,6.059036819465528634e-01,6.798068796104972389e-01,7.218154644791112684e-01,9.525615330400665215e-01,9.672542299733354332e-01,9.216621677541263491e-01,9.228829578305841608e-01,6.342713224974768638e-01,6.935241866056112148e-01,5.213840877103332883e-01,9.061301083888366747e-01,5.016008847159942885e-01,8.357123656899027031e-01,8.710272169756607674e-01,8.840238499754861090e-01,8.766094021575168149e-01,7.951281260160445452e-01,9.846184190335522946e-01,9.492855237079799169e-01,4.393087672675004551e-01,6.579588524635633373e-01,3.384481188359030890e-01,8.406891422380614598e-01,8.948520010575264916e-01,8.023979720706289065e-01,7.090966150179887073e-01,1.924108451343514159e-01,5.260974693997152452e-01,6.070905331803849725e-01,6.176907468363826981e-01,8.159256545119238924e-01,7.128434607171074688e-01,1.596796364544728619e-01,2.237147768074939924e-01,5.457302842193580972e-01,8.179224554978480333e-01,9.421265124291750004e-01,7.276428437895217094e-01,1.230633248428296966e-01,5.120736831088988916e-01,7.241179698848363433e-01,9.503666425703030107e-01,6.903493251601530156e-01,6.338211172800584103e-01,6.853016298463326939e-01
9.222611976461536631e-01,3.053238519085244018e-01,8.234503251977379756e-01,7.629864359590048384e-01,6.198831610686967863e-01,6.524562984031198054e-01,6.311107962287419992e-01,7.484089257848813848e-01,4.232906337340546776e-01,5.628947864470210671e-01,5.675432128277102528e-01,9.461968293303358868e-01,7.146776380215479341e-01,6.472124508469981885e-01,9.329624734931586394e-01,6.969146877907900217e-01,6.889558592473554732e-01,0.000000000000000000e+00,7.390360151524398846e-01,6.094552639583131759e-01,6.068736731333048695e-01,7.824896191814006974e-01,6.007912767025552769e-01,8.445516291270906972e-01,7.279860621179673474e-01,9.222444474740287834e-01,8.525962232545583053e-01,6.115517782358504961e-01,4.073757673476896546e-02,5.967449468033010351e-01,5.322437081879085596e-01,5.673537149106595567e-01,4.680099636275188990e-01,7.027764070141468977e-01,4.809973286492517097e-01,7.702517625169572613e-01,6.462835861831729423e-01,4.234532431212985615e-01,9.874095542061031017e-01,4.735697451559710974e-02,3.490766054566964982e-01,1.117535141683764222e-01,8.815921802928879947e-01,3.732578122874393722e-01,9.406297435464253676e-01,6.290220811125167844e-01,6.020277591114191473e-01,6.178235740874842286e-01,6.592311674081702266e-01,7.849143134660225840e-01,6.525124448331611759e-01,3.654299383063712714e-01,7.396327856492502795e-01,7.675522286136411410e-01,2.935260779061221736e-01,6.049802926248396551e-01,6.292787512095264768e-01,8.764088934534971509e-01,4.499028077163109152e-01,4.317509587779773117e-01,7.046070855982540238e-01,4.513969647722997913e-01,7.003515779942153241e-01,4.936661745103964605e-01,7.537567289720956687e-01,5.858526738170497516e-01,7.653249589960618993e-01,6.956869628202695388e-01,3.695995412254523549e-01,5.052760953205371885e-01,5.843591233546574504e-01,9.858939852833424888e-01,3.310703751489844082e-01,7.046808642701684056e-01,4.150783092144014752e-01,6.047212331242225458e-01,9.113654594821277710e-01,1.748767717660501264e-01,5.815515882506655521e-01,4.606019906135841446e-01,4.279179573758558064e-01,7.304631888256121197e-01,8.576780162713391054e-01,7.184202879456949020e-01,9.752329688999171742e-01
