0.000000000000000000e+00,9.942716168082120776e-01,8.502798057233748041e-01,8.487381711702219889e-01,9.401968907892916949e-01,9.012474965275477645e-01,6.997920404395105987e-01,7.578873482409276274e-01,7.569820483985615356e-01,8.687308567568792217e-01,7.119493142632521421e-01,6.189108297247520873e-01,9.254125283560055149e-01,8.742261627863384676e-01,4.929159724381421692e-01,8.741702898704242219e-01,8.302465149958648816e-01,6.656427844643754144e-01,6.555218427567957029e-01,9.598814252712372097e-01,6.514438756117898466e-01,9.593774934919467867e-01,7.870316795511276275e-01,9.665860098474772233e-01,9.051875126132912230e-01,4.942808233650320959e-01,5.773889841707845472e-01,8.800088604329874276e-01,3.183748106369490016e-01,4.761445495066665146e-01,3.538206346033745398e-02,9.600720444077640581e-01,9.188361129131505933e-01,8.024164670233776553e-01,9.703302007583118893e-01,3.684309400360339937e-01,2.641810723776744085e-01,6.907782854531128169e-01,8.649365584177010069e-01,9.972609922240180946e-01,2.965968241508674247e-02,6.046568666575571349e-01,9.575985886624039933e-01,8.075775233925619467e-01,8.220900405511534226e-01,7.840207934580250004e-01,2.536128607036846616e-01,7.494754372138744403e-01,7.061311581023281825e-01,5.032720373235661793e-01,8.302162377046811148e-01,9.002489233456165696e-01,6.972309712902349244e-01,7.255040791158278157e-01,6.931531427133649226e-01,7.503777137584797252e-01,9.186363100430828821e-01,5.574534858712583141e-01,5.491969616186402892e-01,2.372018805545908215e-01,4.594462531379917558e-01,2.155928315473691903e-01,8.913945271557967009e-01,9.953001590317640535e-01,9.944384377391604080e-01,8.364982338455846378e-01,6.379537446230093556e-01,9.627249921344649408e-01,9.151495136096091665e-01,8.747390060972205506e-01,9.694909313306911969e-01,8.156563301589859760e-01,9.536418670624047245e-03,7.475399771329891419e-01,2.006080059604390675e-01,7.399738698458713237e-01,9.219020471916272719e-01,7.695184377448593960e-01,6.099060689214429454e-01,2.399844387385632050e-01,5.343603064788748913e-01,6.930788983967172134e-01,8.281013033141605417e-01,4.340169355895971415e-01,5.145461411288410059e-01
9.942716168082120776e-01,0.000000000000000000e+00,9.008299351055174542e-01,7.463022550322421234e-01,5.107193405083857440e-01,4.409828024355921805e-01,5.824573001791839566e-01,6.523334743230662092e-01,8.186188458562325410e-02,4.807521583118694597e-01,5.483443407890058463e-01,7.862003742222641867e-01,6.039202218327451854e-01,5.914376948675064138e-01,2.043575994851714317e-01,5.032107469689245383e-01,8.081821249046106104e-01,2.389200078071497813e-01,7.033527699220009088e-01,6.770257251162379308e-01,7.714530078766280718e-01,5.951881989881109281e-01,6.251253672477232737e-01,9.152209947698390913e-01,6.331806574382747854e-01,8.442617316854850174e-01,6.222590880919683931e-01,9.243691007789802683e-01,5.233541443285465444e-01,5.577473867875546443e-01,2.155076066675392643e-01,5.061823541042568264e-01,2.809484234079764886e-01,8.664659539099779373e-01,8.954481383217627322e-01,3.988358912538363804e-02,8.441960028168302710e-01,2.684869411632381242e-01,9.860256887513281221e-01,4.138540960896833210e-01,4.602772217074265204e-01,4.646572338710168726e-01,8.052345144246292330e-01,8.210707969843145104e-01,5.493926836889359011e-01,6.267801335726450596e-01,6.635479482232026216e-01,5.816744502016677476e-01,5.470785732545800917e-01,9.037905131272556680e-01,8.207627892443372097e-01,6.605666307671291815e-01,8.362850528749112833e-01,6.070623645922434974e-01,6.637558827903253800e-01,4.563020392588845175e-01,7.441875798032500100e-01,2.321384283356554556e-01,8.554377211359814881e-01,7.303067955851929582e-01,7.108231225040329004e-01,6.755867833284303625e-01,8.136884871100049654e-01,9.193598339283377552e-01,6.418231831819153355e-01,5.760566891795965150e-01,8.446184256898920939e-01,4.235537146850804069e-01,7.450153048215304441e-01,7.612703727923491037e-01,5.737494407701008159e-01,8.182129150694189557e-01,7.779552928950704549e-02,6.659451735938988204e-01,6.741043367448045220e-01,5.201892451464741329e-01,8.469410977808085050e-01,6.461890717366625125e-01,5.228841788593431295e-01,8.993262691056813640e-01,5.913760563851298002e-01,3.240434042184832664e-01,6.749861354769043364e-01,6.070169330180398282e-01,5.663572425038450042e-01
8.502798057233748041e-01,9.008299351055174542e-01,0.000000000000000000e+00,7.376968995853950828e-01,8.046794273198185632e-01,8.359224904488438135e-01,9.114860876346637664e-01,8.387702321965651020e-01,7.946100165260335801e-01,8.707449063422625368e-01,9.633238346737915681e-01,7.531481573842557786e-01,9.527369203631892436e-01,8.184092578946596808e-01,6.126558529927694785e-01,8.411227748302174678e-01,7.146332201242612259e-01,9.346340267797654811e-01,3.645373719934705270e-01,8.881925145724819393e-01,7.969864383832200305e-01,8.148847653308286532e-01,7.530463278935081162e-01,6.950441083789367092e-01,9.496684036913846105e-01,9.465182851144440246e-01,4.998246553396197278e-01,6.433012341106234544e-01,4.515391079503897620e-01,2.534461098025380110e-01,2.922846845827810069e-01,6.401500663479355868e-01,6.883246424754163595e-01,9.714341921585851747e-01,6.093197393206851720e-01,2.521288363320018933e-01,1.747052347584363285e-01,9.432887525835665921e-01,9.286879465331383532e-01,7.290448748168971704e-01,-1.496077441069737224e-01,8.039619537415022554e-01,9.550090619923079505e-01,5.163835981326174718e-01,9.025072387983458233e-01,8.070591975274096219e-01,8.297116592175035610e-01,6.269788798436128907e-01,8.057968439399730842e-01,9.719907900289523894e-01,8.350292620989829828e-01,8.444847329622713339e-01,6.453788052207389825e-01,8.042673065521784848e-01,5.485021228726612019e-01,9.106289246959404782e-01,2.286698398037365076e-01,8.953022728448574163e-01,9.168068205157003936e-01,2.623533951836377609e-01,6.077320308159134266e-01,7.656504664798148285e-01,8.047646387210851682e-01,8.794249196681547254e-01,9.295784022508468691e-01,4.121294150625048891e-01,8.422651126781850461e-01,8.873076194970791475e-01,9.191288091998778276e-01,9.328978639110296900e-01,9.112032091097371778e-01,8.708640432159846512e-01,8.889886742357232530e-01,3.736724154975800127e-01,8.280629031255000161e-01,9.324459005325661520e-01,3.467793648205544921e-01,8.071077378252753398e-01,6.914499149878398920e-02,4.857171876115610187e-01,9.925757624416923219e-01,6.535497146175707206e-01,8.860998122211828365e-01,9.420603411215535683e-01,9.791034814572505685e-01
8.487381711702219889e-01,7.463022550322421234e-01,7.376968995853950828e-01,0.000000000000000000e+00,7.378291402195081838e-01,6.259236513896547782e-01,5.809477710514202586e-01,9.547923068484398534e-01,5.357444618365100331e-01,8.898707647929099407e-01,7.134959309711930153e-01,9.419612830676242776e-01,4.598261454454917185e-01,4.529059221386834699e-01,7.594069774660362482e-01,6.257050874348863978e-01,6.448771693173227515e-01,4.749163860030811146e-01,9.715336672053399569e-01,7.599644621477010809e-01,6.341906833211191641e-01,9.367363713276788406e-01,6.104960033231816574e-01,8.579635831675784807e-01,5.192206173267024383e-01,9.817793985423016734e-01,9.531463241532575070e-01,3.508133845977833842e-01,3.484473500119185108e-01,2.707276000947247407e-01,7.355500039147849778e-01,4.306850076174314479e-01,6.887592955161503383e-01,-1.097179103541895823e-01,5.884882497021348691e-01,8.897421834050773803e-01,1.003415762914503101e-01,3.845040058211850464e-01,7.105090452920705957e-01,8.625029962193567767e-01,4.250776893574332305e-01,6.357959608265797424e-01,9.107147020185091257e-01,5.741612578475856488e-01,2.107084736881348064e-01,8.228675794747893901e-01,6.448856809048417738e-01,9.297048976250911201e-01,1.173719805763913798e-01,6.567115281213655731e-01,9.320481996429788030e-01,9.164598597622874987e-01,7.938046491507602109e-01,2.305685785354862072e-01,7.677381563663415731e-01,6.280827983811132498e-01,3.204023803410713245e-01,9.085551665279659739e-01,8.524176510995866707e-01,1.046940355531007366e-01,6.246900891719224802e-01,7.912900506254592070e-01,7.475997330040468070e-01,9.407202400099613504e-01,9.131983182018392764e-01,9.461483491386080136e-01,8.026296536967509887e-01,5.758665541105030261e-01,8.203972737604573462e-01,6.506974492626765860e-01,4.902617500610840229e-01,6.337454950012165744e-01,4.913108913033663594e-01,6.514202483866141646e-01,7.449131322378728104e-01,3.058873001126214408e-01,7.117382991659139124e-01,8.893325208900313417e-01,7.040562715149029094e-01,6.245393503588716477e-01,6.949413782858869792e-01,8.701222335007867681e-01,7.585283251660791537e-01,6.900580774783691140e-01,6.386561801480354905e-01
9.401968907892916949e-01,5.107193405083857440e-01,8.046794273198185632e-01,7.378291402195081838e-01,0.000000000000000000e+00,6.277046104443122498e-01,9.835686666965514080e-01,6.588420872745796020e-01,6.962722714274381941e-01,7.824270630555534289e-01,9.336471120262650469e-01,9.151736911650835138e-01,9.256123969312776145e-01,9.840571551177650367e-01,8.209247527579354164e-01,7.922328965156669733e-01,7.140761957503176660e-01,6.026945676234263249e-01,9.707774256085119902e-01,9.614444362256553411e-01,9.607772739478270818e-01,9.773030022187587651e-01,4.188329430043140622e-01,6.612082452816351319e-01,6.320214896320163200e-01,9.358416339042681109e-01,4.893453282660876758e-01,5.147747306868852846e-01,8.440473101129101208e-01,5.973773102761213982e-01,5.155261891208572367e-01,5.964443202642844000e-01,9.689355151006130429e-01,7.076015144778897703e-01,8.893998757667113120e-01,3.666671855788055656e-01,5.064567293927415559e-01,7.119739650111126528e-01,2.981683847161791800e-01,7.194739318731598887e-01,7.936406625482139710e-01,7.139222223096496345e-01,9.310535183900654488e-01,4.967055019497810808e-01,7.053133885405665771e-01,7.113325308084067489e-01,5.105481508752760522e-01,4.561857452830855864e-01,7.776470394764919414e-01,4.173075125346473180e-01,7.059023465596213631e-01,9.192627147426808421e-01,4.446834087451796980e-01,2.643282705456689308e-01,7.601965603145611761e-01,9.406151846756660717e-01,4.601566824850644721e-01,9.728227327673057978e-01,7.624950912756915944e-01,5.046768777717270948e-01,5.480501373413408928e-01,9.101338566984561451e-01,6.665806114416498174e-01,5.694143332895086340e-01,9.782132683593278699e-01,8.389586343659649614e-01,7.281605312743197889e-01,7.911920596727427535e-01,5.931710403391219355e-01,8.558469273997435511e-01,9.389828464339528002e-01,5.006497712183541893e-01,2.531803277260794571e-01,6.163729515364622102e-01,6.632180981771943484e-01,7.079266660799002908e-01,2.781959301247350913e-01,6.538841963592013640e-01,4.212492215562202991e-01,4.391793419540001575e-01,5.546493465591488814e-01,9.685327598655237846e-01,9.275193773783201312e-01,3.737909517893066580e-01,6.373213661417949094e-01
9.012474965275477645e-01,4.409828024355921805e-01,8.359224904488438135e-01,6.259236513896547782e-01,6.277046104443122498e-01,0.000000000000000000e+00,-1.441140362030546296e-02,4.215696507685746663e-01,4.686285729809818723e-01,7.300896137390009422e-01,6.025365694388011839e-01,3.870116847626858814e-01,7.920931774026055416e-01,9.706484664564435372e-01,6.794887900759802868e-01,9.643277120093368682e-01,8.323823673422080516e-01,6.842180096057590699e-01,5.770691561423899607e-01,9.240615329043531112e-01,8.627022799299908229e-01,3.677078934512653108e-01,9.143779629073823800e-01,8.566854973828632591e-01,4.199212034534633431e-01,7.857809064561490642e-01,7.672658211265659389e-01,9.594904464076136064e-01,3.201565101510503997e-01,3.737369290980163683e-01,4.073111425880760472e-01,6.444404731913053741e-01,6.281829147753745790e-01,7.780983491884637671e-01,9.150418910627011737e-01,3.557046481811593219e-01,5.964971683119841828e-01,5.143504199073708483e-01,9.333421492314988299e-01,6.474702706866464208e-01,5.535422881298286413e-01,7.396944295639419353e-01,9.215874645475053972e-01,5.003823588968125957e-01,9.443586187787352815e-01,6.432245989318702284e-01,5.593696911273968730e-01,8.176041928225469269e-01,6.723927504662998711e-01,7.916626266305588633e-01,6.886253533666942817e-01,6.215586043986323084e-01,6.632740549925778550e-01,1.565865598923337210e-01,9.599572940267315779e-01,7.127654613656454474e-01,7.150501579819518172e-01,9.118000063200170091e-01,9.266321967885516875e-01,6.400670419712219950e-01,7.887670725821338547e-01,4.678885821472543172e-01,8.445675771249828712e-01,9.764107656225478049e-01,7.376499788183239481e-01,6.016463928607629352e-01,7.141106038458627792e-01,9.948275652850953055e-01,4.160821064403992797e-01,5.817971240294006474e-01,7.488961949081138769e-01,6.210978477770600081e-01,4.848216568771526180e-01,5.637115829534820044e-01,3.758841068804965047e-01,7.387553300869891260e-01,6.825328021948593449e-01,6.316222025152753439e-01,1.985785303822183157e-01,2.057165091968578829e-01,6.420166069950732357e-01,7.543494720248291596e-01,6.458294345587360930e-01,9.158753836826881434e-02,5.272135461738338691e-01
6.997920404395105987e-01,5.824573001791839566e-01,9.114860876346637664e-01,5.809477710514202586e-01,9.835686666965514080e-01,-1.441140362030546296e-02,0.000000000000000000e+00,3.015421848545601913e-01,8.791101952998181535e-01,4.288069037301160402e-01,4.489489979286131471e-01,6.156907169328718066e-01,5.172488211874277653e-01,7.794489926184414719e-01,4.114390205515577881e-01,1.248421033548296477e-01,8.298065873181668106e-01,2.212016477855014429e-01,6.276021924835132326e-01,8.669210199524789440e-01,8.730718085599478151e-01,8.177365862864697243e-01,5.591083382743834429e-01,7.066828146433014046e-01,5.251901407820429579e-01,6.271430873193380162e-02,4.889691920939681635e-01,5.192402558272770641e-01,4.244044200469943018e-01,7.981904805353838839e-01,6.962388615268910730e-01,9.937082499280607273e-01,6.525899563390908931e-01,3.280734889234424578e-01,5.866434899653781843e-01,6.314201910252942307e-01,4.114182221861408806e-01,4.624956214404890575e-01,6.306027297808315391e-01,2.751062114980757367e-01,5.037941843096163108e-01,7.468381908091900057e-01,9.739937494395549678e-01,5.167903471334773791e-01,7.618916999000227008e-01,2.660244249162811991e-01,2.997028660341356787e-02,7.248577950625099131e-01,4.847961605192218082e-01,6.461022028068472700e-01,7.918429933721550240e-01,5.210251107151082639e-01,5.235826854085621207e-01,5.991453897592002864e-01,8.105739053967255803e-01,5.532657093331475595e-01,6.204452366688114617e-01,5.010099730098170889e-01,8.883469480820590514e-01,7.846238827016998041e-01,2.319693842358627744e-01,5.169786986713177379e-01,4.395633919460080752e-01,6.919133371541286159e-01,5.527930879439029166e-01,8.141893542698939168e-01,7.707707445976376137e-01,4.671212328891419796e-01,5.124438101310360150e-01,6.779753769947549635e-01,6.361626078724048616e-01,5.927024037719689220e-01,7.461758237584970033e-01,2.893439301477170322e-01,9.472696814521988085e-01,7.167617063209309469e-01,8.206441233275096891e-01,5.585584424305555240e-01,9.379080502066901026e-01,5.119045985613339678e-01,4.024743384072927421e-01,7.410571048238100422e-01,1.677710135179202311e-01,6.317965791646413809e-01,6.080864313816413125e-01
7.578873482409276274e-01,6.523334743230662092e-01,8.387702321965651020e-01,9.547923068484398534e-01,6.588420872745796020e-01,4.215696507685746663e-01,3.015421848545601913e-01,0.000000000000000000e+00,4.316474422868463723e-01,1.115104780638880855e-01,6.054339816879545921e-01,4.371752230190376065e-02,2.265155773723835086e-01,4.868769062106109158e-01,5.907279708255284145e-01,6.563485192111883082e-01,6.341409895485355941e-01,7.821350595064326949e-01,6.375911697507115061e-01,9.801665790226169461e-01,5.900446112889170536e-01,3.649790383580227560e-01,9.347135260418780733e-01,8.335403834700112480e-01,2.809078311812421291e-01,5.408566579235158933e-01,5.236368285584347415e-01,6.547180811287617308e-01,2.228098402602893269e-01,4.722423181413446525e-01,3.932014059729665445e-01,4.838481672049231852e-01,2.274707494965902965e-01,4.417587535441462321e-01,6.265490975924637995e-01,7.378149800663948987e-01,2.450534521408921362e-01,3.471232517660112205e-01,9.035220330681540402e-01,4.254723546697805059e-01,6.292137319566534215e-01,7.069609755287280528e-01,9.495033247304396351e-01,6.895936336431747193e-01,9.718033702635775484e-01,6.945488488075461930e-01,4.021958289595415903e-01,8.099265695541201238e-01,8.348799483917718200e-01,8.025870351513676448e-01,6.863001879229321256e-01,2.319858507153644556e-01,6.133824334817657986e-01,6.493716222880683286e-01,7.423059370839550919e-01,9.588150837575368790e-01,6.873270915069975562e-01,6.007097881274667817e-01,9.534124737734785970e-01,5.315160790309354510e-01,4.989716073611102365e-01,4.188812999883684829e-01,5.126871187310059197e-01,6.925326250721570709e-01,8.185473137788000786e-01,4.889267516614314024e-01,9.815590258790548583e-01,4.731497505390775959e-01,6.130239153772585325e-01,6.978985228870304702e-01,5.171969631047652616e-01,5.026968915739921107e-01,6.231886976692015967e-01,7.528940096172305196e-01,9.649095573895062339e-01,5.868277816855690387e-01,9.170976292113490747e-01,7.085684730456126568e-01,5.894789134269199371e-01,2.211515158231533162e-01,7.599167600413241352e-01,5.183094770041700716e-01,9.634043363598521204e-01,9.058087607564235810e-01,7.723841496849050969e-01
7.569820483985615356e-01,8.186188458562325410e-02,7.946100165260335801e-01,5.357444618365100331e-01,6.962722714274381941e-01,4.686285729809818723e-01,8.791101952998181535e-01,4.316474422868463723e-01,0.000000000000000000e+00,7.542643798237844699e-01,7.823092696528191059e-01,8.385480743099822387e-01,9.648940085382382570e-01,4.464154326981783494e-01,3.546897780863743632e-01,6.697484469830432552e-01,8.294602327728753943e-01,6.928797800230210857e-01,7.624478190119052812e-01,6.212528274604388612e-01,8.702378118004772123e-01,6.913610006995890567e-01,9.148680486051515848e-01,8.266551236625379051e-01,7.755838630533111733e-01,2.942789257595502805e-01,8.467850807647332445e-01,4.671363011563426371e-01,1.663949183597186396e-02,4.274353932894707220e-01,6.894262721151046547e-01,5.059936115167923409e-01,7.042866328959451749e-01,9.095094440961584148e-01,5.333377377117763940e-01,5.693030447259544297e-02,2.280058333911743618e-01,7.473942672692047706e-01,9.838510728405747141e-01,5.441514063719368188e-01,8.622221118547780394e-01,4.880517011448479714e-01,8.985140784459816343e-01,7.739510681218761956e-01,9.409797317482675449e-01,4.126468891180580245e-01,5.264122118860100619e-01,9.123295429511100174e-01,4.585745379116468179e-01,8.666419801425846448e-01,6.347896216901621758e-01,2.471484548487937194e-01,6.242917092963373715e-02,5.270794193770906855e-01,9.849045805518830132e-01,6.992256402968372031e-01,2.135482715709908219e-01,2.529126776302778601e-01,8.719234939349967961e-01,7.199405305294768187e-01,7.808053849921111622e-01,7.537462463762847342e-01,7.253810430651104202e-01,6.813179588192140868e-01,6.369243754929058143e-01,3.806132130083584864e-01,7.698535240156314519e-01,6.765454124838882199e-01,7.347745927282243183e-01,6.472433941783193312e-01,9.171339898744000907e-01,5.678716768738858445e-01,3.829910249075421103e-01,1.561932188597325577e-01,9.143461866441686681e-01,5.417889936710535981e-01,4.885140627700492733e-01,5.783544666077641283e-01,2.894702862455146297e-01,-1.132740011832356064e-02,5.800108412178370809e-01,4.676388557682850111e-01,9.934015958996763596e-01,3.487138090807545554e-01,7.485542874453603446e-01
8.687308567568792217e-01,4.807521583118694597e-01,8.707449063422625368e-01,8.898707647929099407e-01,7.824270630555534289e-01,7.300896137390009422e-01,4.288069037301160402e-01,1.115104780638880855e-01,7.542643798237844699e-01,0.000000000000000000e+00,2.030772536004522288e-01,9.450777683369859794e-01,6.594782102071714558e-01,9.906104518835551209e-01,5.617880203592836574e-01,2.276844021435403542e-01,8.521035871111621862e-01,5.605607919533506234e-02,7.091427765047217946e-01,6.249100891586362172e-01,9.541375474135433965e-01,5.508223515628677402e-01,9.145408657572313693e-01,8.448554581046171519e-01,7.262893908833487622e-01,3.114284758645331497e-01,8.828334063432882184e-01,7.762411878614023930e-01,9.278853664835007287e-02,4.029670613921103595e-01,5.270238863953760622e-02,6.963799403734228788e-01,6.481684811463872542e-01,8.044676715674916601e-01,8.245963880580602368e-01,9.457428236661141741e-01,4.948418656053913400e-01,4.206677441515542237e-01,9.374575617935081429e-01,3.167548806634070679e-01,5.701131657052066481e-01,8.362610479200167646e-01,8.924191552566511643e-01,6.252251635237532357e-01,9.262745119119406567e-01,7.466030307757369755e-01,9.106541895781438134e-01,6.712994398492311277e-01,7.403160414465845829e-01,7.805353593240567101e-01,7.026341378829616957e-01,7.151137469067200270e-01,9.550909761455685931e-01,6.565485878546355458e-01,8.501508371994549451e-01,4.864873958108713037e-01,2.367586482802679637e-01,6.969210177425676500e-01,8.796341551339686982e-01,6.681536060973928270e-01,2.185459859405006755e-01,5.663235218301871932e-01,6.404790776472334413e-01,8.636473507776551983e-01,8.379685698341540201e-01,6.998307495394950895e-01,3.227105011479498575e-01,9.371699264419758313e-01,2.529926713118911819e-01,7.277019082730559196e-01,3.329580727176728594e-01,7.013790209473518278e-01,6.334349773516164683e-01,4.493170532283172203e-01,2.605177427386484168e-01,6.566429178830269775e-01,8.236692881364928720e-01,2.354907973317128533e-01,3.981763193245844157e-01,8.416272281313658121e-02,7.709552612926802162e-01,6.427009401977723524e-01,3.171541764577248679e-01,6.561390294164962667e-01,7.773068419454320921e-01
7.119493142632521421e-01,5.483443407890058463e-01,9.633238346737915681e-01,7.134959309711930153e-01,9.336471120262650469e-01,6.025365694388011839e-01,4.489489979286131471e-01,6.054339816879545921e-01,7.823092696528191059e-01,2.030772536004522288e-01,0.000000000000000000e+00,9.158359278559013994e-01,8.577693001037633991e-01,9.287634433954716773e-01,4.894197736506669671e-01,-3.541746404872256337e-02,8.965799142147713452e-01,8.633705392239486853e-01,7.931856619824086962e-01,9.888998566532806178e-01,9.232420928662510295e-01,6.974134719435662877e-01,9.265994614263936002e-01,9.276564324609795076e-01,7.920262249190614945e-01,7.514106655044981986e-01,6.252441011101484980e-01,6.631484583527881282e-01,4.008100989787943824e-01,3.834358585919024898e-01,2.752791433962921142e-01,7.462635815767179048e-01,5.867571515738114751e-01,6.387849095077821060e-01,4.966792628433979728e-01,-9.568400872709259541e-02,6.295676332451297652e-01,4.893408796601386168e-01,5.680389084310916159e-01,7.692201010101130665e-01,4.196258446729284053e-01,2.342467349091611195e-01,9.021253202969929941e-01,6.667701543869101188e-01,9.083204302446752365e-01,4.966166708477956493e-01,7.800856504404185543e-01,3.719035131652899118e-01,6.297412152993311363e-01,8.121703985300930961e-01,7.177869437010863107e-01,9.638063161410919122e-01,4.458686621611953615e-01,8.855275225662072591e-01,7.842139475124458858e-01,9.328080412886522454e-01,6.900759513037545423e-01,5.819194953887809607e-01,4.858148525738310020e-01,6.282073202192912653e-01,4.495433203231625208e-01,9.331358922949158918e-01,8.153674082591682026e-01,9.861817729282564837e-01,7.395171179034315534e-01,4.151314164478172031e-01,7.014566360969370917e-01,9.878812021828362600e-01,4.801699447371026164e-01,9.277930489246561940e-01,8.795959626166655054e-01,4.662151565825138899e-01,5.080705379912472397e-01,2.062630938503912659e-01,7.304541413170170250e-01,3.559480984806727699e-01,8.288163456046582223e-01,4.323782765600769906e-01,5.975891837432254494e-01,1.436661465598246534e-01,4.451271486877815264e-01,9.685049157331739877e-01,7.844121671219902447e-01,5.028941116582608117e-01,6.504413683757651610e-01
6.189108297247520873e-01,7.862003742222641867e-01,7.531481573842557786e-01,9.419612830676242776e-01,9.151736911650835138e-01,3.870116847626858814e-01,6.156907169328718066e-01,4.371752230190376065e-02,8.385480743099822387e-01,9.450777683369859794e-01,9.158359278559013994e-01,0.000000000000000000e+00,7.669453198070835809e-01,6.234835583597931885e-01,6.274720449191245608e-01,8.109806848675502611e-01,8.219837062689563378e-01,5.790093932202776683e-01,3.561406210541127049e-01,8.611431912759427432e-01,8.452777448897279555e-01,3.150628928555379016e-01,9.729013613973048757e-01,9.965614788634895582e-01,4.993558612855064083e-01,9.356207111710721502e-01,9.074539738267706213e-01,7.329118860197388896e-01,5.961183062498345842e-02,6.860758783961243834e-01,2.945498402352407785e-01,2.555201210526292788e-01,7.657117343890049721e-01,3.740058480811188080e-01,4.514287772565890866e-01,3.954232859201455286e-01,4.855685726353796694e-01,8.314001673864058750e-01,4.172234379088390899e-02,7.286801109306288993e-01,2.124781159080252890e-01,5.732309751293098721e-01,4.582155839526588226e-01,8.516425989015213860e-01,4.824394312592155121e-01,6.507722888188703925e-01,7.589912042172362039e-01,9.884540772027181621e-01,7.897390328324388475e-01,8.874990254030602488e-01,4.583240894117557862e-01,6.330360259329245176e-01,6.007651628982930703e-01,9.899684293163040216e-01,5.769332221116588721e-01,6.719619138364462119e-01,7.882390791644990902e-01,6.067023141144967102e-01,6.032617894217703336e-01,4.471918416150678643e-01,6.304101328983141572e-01,5.179762399220728675e-01,2.864674403331309849e-01,6.869588359666320976e-01,9.411648283817218852e-01,5.395504672178705885e-01,6.297020564829772793e-01,9.472537328362876652e-01,7.806016050049768840e-01,8.497463534943560104e-01,7.447484183821062587e-01,8.351766939893482400e-01,4.574737934910251269e-01,6.895512240567842621e-01,5.523983929632245715e-01,3.404359948360228816e-01,8.727438855173206278e-01,9.638465919509954238e-01,7.222740960683478040e-01,1.868190448446086227e-01,9.518357905517476070e-01,8.043638839411670904e-01,2.082391515554057881e-01,7.847483858299517667e-01,1.828597415334131115e-01
9.254125283560055149e-01,6.039202218327451854e-01,9.527369203631892436e-01,4.598261454454917185e-01,9.256123969312776145e-01,7.920931774026055416e-01,5.172488211874277653e-01,2.265155773723835086e-01,9.648940085382382570e-01,6.594782102071714558e-01,8.577693001037633991e-01,7.669453198070835809e-01,0.000000000000000000e+00,7.070496887529269525e-01,8.271899487983112031e-01,6.219425344586911875e-01,8.981326627658376971e-01,7.552208661887808150e-01,7.132917419266897596e-01,8.179100003278584330e-01,8.081219514797680636e-01,4.750946218616355909e-01,8.312203233101385091e-01,8.069981241816005513e-01,5.033910831831258648e-01,7.492875102287969158e-01,9.811456912309655110e-01,9.387242443523865498e-01,7.738180979818357619e-01,4.261885202714999488e-01,5.606477903786990513e-01,7.592896653984295696e-01,6.622758520845103414e-01,5.056626149548366644e-01,6.085819810074520886e-01,1.024100629218205327e-01,4.295022555983135093e-01,7.089738568655131745e-01,9.894323061616685511e-01,8.299719199614472576e-01,5.031294379540697248e-01,4.773307703881980446e-01,8.647052815068931864e-01,7.039332475164580272e-01,9.536744111794629442e-01,7.502735369912716390e-01,2.154325916574135191e-01,5.540077182183212878e-01,6.872309412626321778e-01,9.264287812059989191e-01,5.034953965946606935e-01,6.624018859893474609e-01,7.293805922859619706e-01,6.866020825671548256e-01,2.570471513688681320e-01,6.273570838819090278e-01,7.805900305561059849e-01,7.817603143690237122e-01,2.493062139507843389e-01,2.626174255626696485e-01,7.781946745540104793e-01,8.192602602227005981e-01,8.149871405295648907e-01,7.468256235173555968e-01,9.903287079921376801e-01,9.885630023716346360e-01,9.485447580807786494e-01,9.230950067367221790e-01,3.268017039771551335e-01,9.522682054898772286e-01,6.259333920228101755e-01,8.324794199197420586e-01,6.938598429119948729e-01,5.815936449518235296e-01,7.546259573708553603e-01,6.976027110236489026e-01,6.531212414797871180e-01,6.473683847019808812e-01,2.998451320557229960e-01,3.158106881945491606e-01,3.102338941114279880e-02,6.520958333960918951e-01,5.894894238803258801e-01,7.379612810420096425e-01,7.809290140421722981e-01
8.742261627863384676e-01,5.914376948675064138e-01,8.184092578946596808e-01,4.529059221386834699e-01,9.840571551177650367e-01,9.706484664564435372e-01,7.794489926184414719e-01,4.868769062106109158e-01,4.464154326981783494e-01,9.906104518835551209e-01,9.287634433954716773e-01,6.234835583597931885e-01,7.070496887529269525e-01,0.000000000000000000e+00,7.001118173098058728e-01,6.126687726287428637e-01,6.972592448828589529e-01,7.568368059922661040e-01,9.082100782935119687e-01,8.290418331908230298e-01,4.330069608780289236e-01,7.840315728493433278e-01,9.682047650538241346e-01,7.699245359226356555e-01,5.943040163126522835e-01,4.471375227999255797e-01,8.801796978135045801e-01,8.863729191255930173e-01,6.336969901747518952e-01,4.843491626596427291e-01,7.620714031466185867e-01,9.906951158573685801e-01,5.106463017633627866e-01,5.589649419200035663e-01,6.480439160933593179e-01,6.573326389528506564e-01,2.453297396997809188e-01,6.620898100035792488e-01,1.808160916976878640e-01,8.513368425279391749e-01,5.626323270638406981e-01,6.766205450250115661e-01,6.527104944568500322e-01,7.919724525568198059e-01,8.042722349048601060e-01,7.560215811230265315e-01,2.444555709032988911e-01,4.455154485183377977e-01,8.006970357546571160e-01,9.175689573041969638e-01,2.404558911179161262e-01,2.325447161173686550e-01,5.893611615176138629e-01,7.049494121741372021e-01,7.326208284963768858e-01,6.816351331214809406e-01,9.816420819287621224e-01,6.287022215875566200e-01,6.354238721578558957e-01,7.896506679488379810e-01,5.232060970804177646e-01,6.434294538205211911e-01,7.193496902871138188e-01,5.364452274434811097e-01,9.086883929944341576e-01,8.380904704962851559e-01,9.239361516947086628e-01,5.658222696952200925e-01,7.862015910296207277e-01,2.710492417592908487e-01,9.284143433537533907e-01,8.301538177672531660e-01,6.774435644057880124e-01,5.760506240201445083e-01,3.101286522658066591e-01,6.753629048531636370e-01,1.748911662274431622e-01,3.994709708146947369e-01,-1.534331619363229759e-01,3.201242061649624548e-01,6.243347568510162482e-01,9.559351604608825603e-01,6.840964078837258322e-01,7.098577297682918674e-01,6.626792220838489955e-01
4.929159724381421692e-01,2.043575994851714317e-01,6.126558529927694785e-01,7.594069774660362482e-01,8.209247527579354164e-01,6.794887900759802868e-01,4.114390205515577881e-01,5.907279708255284145e-01,3.546897780863743632e-01,5.617880203592836574e-01,4.894197736506669671e-01,6.274720449191245608e-01,8.271899487983112031e-01,7.001118173098058728e-01,0.000000000000000000e+00,4.568992547646379965e-01,6.541068220030229474e-01,6.827696636389656293e-01,4.768955077868353709e-01,6.289307920934049667e-01,8.153572253981348217e-01,4.739569322018536424e-01,9.091397296770291625e-01,7.247911080177792398e-01,7.477958970480501621e-01,6.337421668465338387e-01,8.796174461956642876e-01,7.397103625032295238e-01,2.626143115109191295e-01,7.357305461166058214e-01,7.058322622683536052e-01,6.885257376356377357e-01,2.444223538187687006e-01,6.292832944298425435e-01,9.535953435248034626e-01,7.172546343752066178e-02,4.920513429358447932e-01,7.201954080686515658e-01,9.206094933292182647e-01,8.543724463297839300e-01,2.314228293330845010e-01,8.610994158733741299e-01,7.150792499430957960e-01,6.496984599273361027e-01,9.505533069832751147e-01,9.188520752699448346e-01,4.855683861554635494e-01,6.118457207457849156e-01,7.355787274361130779e-01,5.360976435522184502e-01,7.453001033860581215e-01,3.316322939700939720e-01,4.580658225127482441e-01,6.020664486947456817e-01,8.740976333492607164e-01,8.910156332096841325e-01,4.409540466143823667e-01,6.306468287315423193e-01,6.106763747807163467e-01,-6.250788201681903300e-02,6.358800695504125411e-01,5.592547224831293518e-01,8.456507057183972886e-01,8.322398352458894033e-01,8.929411287595490077e-01,5.053915684621910209e-01,6.381499261064732531e-01,4.419963725740549410e-01,8.515542274336402873e-01,6.062670563328215190e-01,9.900097806240930609e-01,4.423003562591367177e-01,5.441515809449823937e-01,-1.578918436633315880e-01,4.080346010386838307e-01,7.722093262571837480e-01,-2.521686209800072520e-02,-1.604384961538714849e-01,6.029429545728222095e-01,4.817826218439831276e-01,7.852148039255019141e-01,6.633201342912590226e-01,9.850664943318422351e-01,4.855312037500401634e-01,6.611607049146543957e-01
8.741702898704242219e-01,5.032107469689245383e-01,8.411227748302174678e-01,6.257050874348863978e-01,7.922328965156669733e-01,9.643277120093368682e-01,1.248421033548296477e-01,6.563485192111883082e-01,6.697484469830432552e-01,2.276844021435403542e-01,-3.541746404872256337e-02,8.109806848675502611e-01,6.219425344586911875e-01,6.126687726287428637e-01,4.568992547646379965e-01,0.000000000000000000e+00,5.256791279562965657e-01,7.937968356096183342e-01,3.505273215298226885e-01,8.785093023412067215e-01,9.812736849204344303e-01,6.966368235703032097e-01,7.891828008508006143e-01,6.072791536231521015e-01,2.019028074122629357e-01,5.762314318900281229e-01,9.341467928884051863e-01,5.567896012066174682e-01,7.873487144121791292e-01,4.230809497804077779e-02,5.327745590182492164e-01,2.117850577763017994e-01,5.067673018488014769e-01,7.955495684009399326e-01,6.513398105605179289e-01,4.360485294236366993e-01,7.262222667845653623e-01,7.345434859246179338e-01,8.858162494077621574e-01,4.897130392089002471e-01,2.640481942368737567e-01,8.609028534286455869e-01,8.255064789580101037e-01,7.315928044886200743e-01,7.885880735215571313e-01,5.271973132755257696e-01,9.156438372546633619e-01,8.262035373445799635e-01,7.201907892223589069e-01,6.442472317081676669e-01,4.511453960808353147e-01,-8.106259651822383949e-02,7.985758400450583272e-01,6.078608765525982394e-01,9.846473148950363186e-01,6.037220723633229813e-01,6.913433812231228881e-01,7.811666568404354027e-01,9.478891572847789604e-01,4.788350033418246054e-01,6.640755120534858058e-01,1.915987387337620140e-01,1.851801111675948144e-02,6.968037934528292787e-01,2.769902883594819176e-01,3.359300938128371161e-01,6.526254234863100301e-01,5.395977073856118578e-01,5.450265247682959391e-01,6.476544843012618236e-01,8.904321687063322388e-01,7.873129213639539214e-01,5.508949869263044530e-01,4.684289143721549753e-02,7.983844739012653235e-01,8.810439162314939177e-01,6.964435759979582530e-01,9.156768860559255652e-01,2.332548144528007183e-01,7.900313991822673909e-01,7.061271755481460799e-01,9.335281536604621566e-01,8.695760794707491081e-01,7.940117570086295817e-01,4.273265137195534358e-01
8.302465149958648816e-01,8.081821249046106104e-01,7.146332201242612259e-01,6.448771693173227515e-01,7.140761957503176660e-01,8.323823673422080516e-01,8.298065873181668106e-01,6.341409895485355941e-01,8.294602327728753943e-01,8.521035871111621862e-01,8.965799142147713452e-01,8.219837062689563378e-01,8.981326627658376971e-01,6.972592448828589529e-01,6.541068220030229474e-01,5.256791279562965657e-01,0.000000000000000000e+00,6.693770396996490124e-01,9.342982988005098521e-01,9.723216932433372817e-01,7.014610863380258410e-01,9.809306013982435068e-01,1.042552599725732332e-02,5.210319328111402415e-01,7.303085629205513518e-01,4.345578133714325664e-01,9.276337841919997107e-01,8.740671081586757207e-01,3.516014467064110249e-02,2.879899844454388846e-01,5.838325904476249217e-01,5.651524512286796309e-01,6.010926188635367096e-01,6.919066783313055913e-01,6.373375128243561338e-01,3.052014834888583383e-01,2.603094252815377763e-01,9.643454772235108274e-01,9.715381353702705614e-01,4.215726921428440965e-01,3.207715157069829237e-01,9.590720648619850408e-01,7.244332236802698555e-01,6.959311564960343199e-01,9.607586238880663210e-01,9.030562340906437280e-01,8.278989509813807768e-01,7.431167006624378457e-01,8.157659548778624092e-01,6.288199870314475914e-01,9.228694783614826980e-01,8.050602978277812127e-01,7.231840424661767353e-01,6.806299576813426011e-01,9.846356540431202564e-01,8.607772486303976178e-01,9.131378292506299177e-01,4.804697708323800720e-01,7.100942974882493708e-01,3.087282873728587895e-01,3.170065173595074670e-01,8.399182314217987777e-01,9.903371950482680042e-01,7.670329329698991616e-01,6.611300631349971146e-01,7.217039371368942913e-01,2.523141916760609504e-01,8.569576239030983755e-01,4.091810339762202986e-01,4.139066830248986362e-01,8.304000549157722899e-01,8.984621924510262092e-01,6.356852979545832838e-01,7.899581608352452822e-01,8.368748947586499565e-01,6.769910238936636127e-01,5.770270591147989014e-01,9.502995622856604818e-01,-2.176219922073522883e-01,4.322872863349224715e-01,7.109161399048398167e-01,2.015844887268619656e-01,8.275202645358740172e-01,2.684588105068782538e-01,9.358140439433231261e-01
6.656427844643754144e-01,2.389200078071497813e-01,9.346340267797654811e-01,4.749163860030811146e-01,6.026945676234263249e-01,6.842180096057590699e-01,2.212016477855014429e-01,7.821350595064326949e-01,6.928797800230210857e-01,5.605607919533506234e-02,8.633705392239486853e-01,5.790093932202776683e-01,7.552208661887808150e-01,7.568368059922661040e-01,6.827696636389656293e-01,7.937968356096183342e-01,6.693770396996490124e-01,0.000000000000000000e+00,5.585506519050642549e-01,4.973367037679141678e-01,6.315083683125554126e-01,5.116003596060447745e-01,7.732054315484273577e-01,4.960791514363835364e-01,4.082794318620116547e-01,5.647016067773729109e-01,5.468756668743974814e-01,8.071009376054596451e-01,4.795287672292611325e-01,4.982504259938330127e-01,4.565933253787325952e-01,6.130012711269415826e-01,4.680018361291750639e-01,7.135848657516778992e-01,9.365273467725756529e-01,5.764576652845181393e-01,7.380887438260230748e-01,9.327184234176479904e-01,6.838224243508146394e-01,9.516714155560002109e-01,4.156430547613172433e-01,7.787017528601768435e-01,8.328524589579895387e-01,8.584640788626176633e-01,9.204214953651647102e-01,9.080946955782103203e-01,4.382714631547919848e-01,8.740972940300562044e-01,5.440957927952551065e-01,9.580671730887291293e-01,6.191609911686487555e-01,7.862712946789160995e-01,6.034629969725850973e-01,8.892222685989893405e-01,1.322958452647986782e-01,8.230435331209288163e-01,2.650881170074747550e-01,6.926381935150849323e-01,9.024158125844070621e-01,5.416222520356097636e-01,5.909706648788786154e-01,4.100178393648280517e-01,6.907161606901258688e-01,7.148207042622575225e-01,9.312070684652924424e-01,6.984022819571957807e-01,5.378338052379221246e-01,6.852474606265128720e-01,9.965648581075262635e-01,9.559389595532584716e-01,9.784373772685357462e-01,7.051589551865116157e-01,3.160517518191421349e-01,4.604564685385894030e-01,4.586887009074104848e-01,7.991105248746790402e-01,7.452479305733027415e-01,4.186736686740975544e-01,8.877640533316869531e-01,4.952253782039283125e-01,3.906797610331933651e-02,8.407039525188721996e-01,5.284557687595455855e-01,6.091132643099692601e-01,4.184636074448369047e-01
