0.000000000000000000e+00,7.055357116737879242e-01,9.709339076589087458e-01,6.029153885531158830e-01,8.441143261572152667e-01,4.757317908485291236e-01,4.783846363648261435e-01,6.276166334247039735e-01,2.665918242004504668e-01,4.034711958100777318e-01,8.036511441884567342e-01,8.459253970749086582e-01,7.205610466576728435e-01,8.340769821614030244e-01,6.046327311978688668e-01,9.895034920489008679e-01,7.745295431816199283e-01,8.102455713072164167e-01,9.754532142292757779e-01,9.672994195555579822e-01,7.076999381197417449e-01,3.557588366905501953e-01,4.149900520926768088e-01,8.758673280795360450e-01,7.807814540385461521e-01,9.276855422509179272e-01,8.924636204942841822e-01,7.569522652269796703e-01,6.988985274298925576e-01,5.633387527102440284e-01,-1.050163447766984254e-01,7.859784346151694745e-01,7.073256201550469635e-01,5.371334582854472295e-01,4.622829226839421657e-01,8.306192436001822443e-01,1.104222668515236622e-01,7.196090463503520551e-01,4.904071448962590840e-01,7.635066752743320251e-01,3.054005549770121286e-01,8.728825547505560944e-01,6.093062038399802427e-01,7.199341335808404629e-01,4.569217516709402904e-01,9.910869383790851250e-01,9.167274944458592145e-01,8.094141871830538015e-01,7.573108987810134307e-01,9.232864724072006313e-01,2.489607097761417642e-01,9.177630702869792323e-01,8.122130569517006515e-01,5.334134061575415142e-01,9.248695234852009062e-01,6.841736166663023866e-01,2.091790257644119688e-01,7.050687970113879155e-01,6.214809153363569649e-01,2.759422936324520403e-01,7.019324480143410705e-01,7.371900183072055412e-01,8.662336437072427620e-01,9.058164666581725033e-01,6.090035205325198264e-01,8.883127315510191968e-01,2.857132634832178497e-01,9.263223300593167453e-01,8.351144654864161021e-01,8.086570878889440817e-01,8.380968460259300423e-01,8.600685868844440973e-01,1.824960343235036142e-01,7.033236534160541842e-01,9.980703456002190110e-01,9.152692059103207933e-01,9.651505289831847634e-01,8.216651076363560291e-01,8.092495404504157497e-02,2.678076090170076196e-01,8.124384620279503366e-01,9.729568040932023987e-01,8.940396066021171206e-01,7.004887800377853635e-01,8.973973986628106525e-01
7.055357116737879242e-01,0.000000000000000000e+00,8.664812808580770742e-01,8.358331760279615885e-01,8.830459147478408877e-01,9.940776248826805883e-01,4.322280833077745688e-01,7.267797691574955365e-01,4.376429467585733479e-01,6.115820666097611102e-01,6.687811365488566251e-01,7.134291380700683582e-01,6.944516530609401439e-01,4.702099862818928111e-01,3.950116297779759922e-01,7.358119031783906250e-01,9.213039847616680822e-01,1.816946485228151109e-01,7.547739687691218391e-01,8.742481635975832832e-01,8.403365481416791294e-01,4.996786410276977675e-01,5.551799737441073246e-01,9.986075450402940312e-01,2.200195654917282695e-01,4.277642412398006133e-01,7.096985268035037597e-01,9.123727888707172662e-01,7.689093849531869473e-01,2.516896663992156391e-01,6.277989386030969898e-01,4.775450639064477976e-01,7.721810746772603817e-01,7.414131494813078760e-01,7.727912116144417531e-01,9.474448744591085214e-02,1.292388297016170695e-01,4.093691560044095956e-01,6.589265054623335560e-01,7.473968350576911668e-01,9.945664107707071766e-01,2.010943405787504398e-02,4.559903961860877208e-01,7.562537690220162423e-01,9.883805172974446940e-01,8.790354459956031263e-01,5.985819384479130756e-01,9.771205116193948381e-01,7.066259763543262240e-01,4.627549539526824574e-01,6.716799103714060637e-01,5.803496323945926960e-01,5.560749773297791743e-01,7.939505201159895442e-01,5.960477118031337618e-01,2.790276192980709058e-01,6.020167169571988275e-01,9.473630076615596751e-01,6.000335933809263222e-01,2.237187715500078555e-01,5.388533683657892315e-01,8.555256043666807919e-01,5.190677888652582839e-01,6.880289417612419633e-01,4.680080956203091502e-01,7.292119261338967373e-01,8.889094294878533420e-01,4.180001412357362001e-01,-1.865842620285641795e-01,6.744392522280195923e-01,9.122792070136050979e-01,7.240593971168092224e-01,4.081674955246353265e-01,2.760798381657242340e-01,8.284769336015090913e-01,8.486103706811832792e-01,8.349376686475388221e-01,3.432296603613973485e-01,9.648636792768019999e-02,1.940096762472688918e-01,1.467114019144984682e-01,9.694374092120650044e-01,4.553429879121501100e-01,3.555161739201991300e-01,8.772161819888613099e-01
9.709339076589087458e-01,8.664812808580770742e-01,0.000000000000000000e+00,9.249728947260162926e-01,5.747039532852347143e-01,9.446093369955903540e-01,9.007238437257231167e-01,8.339548345341780688e-01,9.761386751316546428e-01,9.543397617527258348e-01,6.876066381753794809e-01,5.130372867298497175e-01,9.414524492016059787e-01,8.276579358749146520e-01,2.085101025838863587e-01,8.298780549019214581e-01,7.205040772070788746e-01,6.345736831480933704e-01,7.419428806129280130e-01,7.718914546528186094e-01,9.327445644268058667e-01,9.614329067238551740e-01,8.816640231976867748e-01,9.474383229922643812e-01,4.159370721550508243e-01,8.281813122583289166e-01,9.567841031353038206e-01,5.580944525906278431e-01,2.434755366722002878e-01,2.687182957942527151e-01,2.942765660800442662e-01,6.645479799003661814e-01,6.395048497148945188e-01,6.552345586160175372e-01,8.715712137292599415e-01,4.590369289528055119e-01,3.891610304998120995e-01,4.115015692479438436e-01,2.435698058283992662e-01,9.391624988732090173e-01,3.592806682930611006e-01,8.817494468235531624e-01,7.620752241648476311e-01,8.667826789445790547e-01,8.044206914947060749e-01,8.493295804272977811e-01,6.841954551079330038e-01,4.669650532530357223e-01,-2.393204661914984654e-01,8.786909713390144150e-01,6.312713349616047021e-01,6.719919386102454206e-01,9.307753143249087868e-01,9.382520800352074364e-01,7.726120157157989610e-01,6.893381589162238532e-01,9.132280666266762159e-01,5.822603662268553970e-01,6.484277304955865517e-01,2.854409036534206190e-01,5.852159097014965061e-01,6.042596464139448065e-01,9.659761742216556035e-01,9.626719267406844693e-01,6.882493661818512853e-01,8.507226679779953393e-01,8.482343929522617731e-01,9.592322806102359101e-01,9.954100024682950298e-01,8.018085927220334197e-01,9.755149633294495359e-01,8.467047757409891240e-01,7.756409643918147356e-01,7.472894320470035989e-01,9.422331108875103833e-01,7.342112749695077767e-01,8.298093981430118005e-01,9.387463270795329828e-01,6.984482107629798042e-01,2.346438340594914629e-01,9.501306405213615358e-01,5.054288173123411276e-01,9.983019823325310904e-01,-1.108284714912370905e-01,7.636424328172675136e-01
6.029153885531158830e-01,8.358331760279615885e-01,9.249728947260162926e-01,0.000000000000000000e+00,4.086300155962688252e-01,7.942225035025145541e-01,5.923465524277189420e-01,8.001216784368417878e-01,7.322444028898196233e-01,9.260954616430050468e-01,6.910622682269139672e-01,6.930423792362916391e-01,2.272771485955420168e-01,8.363619095240781842e-01,6.928461120951445729e-01,6.749303596785247716e-01,8.846589965294918700e-01,7.991306915553963997e-01,9.385104184508490377e-01,8.295276026667891545e-01,8.673958105742713975e-01,5.417263363333957304e-01,3.837487684288836132e-01,2.871268792116445923e-01,4.116912767666617290e-01,7.942741735842149264e-01,3.637512376130577207e-01,7.428774941826099543e-01,8.099644043890580347e-01,-2.837279323165067813e-02,7.765631963195247511e-01,6.055443049743316486e-01,6.163200496941612094e-01,7.877987401342159135e-01,6.075934454250647709e-01,5.315053749082131462e-01,2.630151331637506917e-01,9.594881047971252075e-01,2.619609039995491329e-01,9.257330037710211901e-01,4.931707519701507003e-01,9.697275113650963840e-01,6.564297654622900380e-01,8.806508984183371025e-01,7.157974450863581195e-01,7.130123474843735876e-01,8.859443673846519873e-01,6.985957608675753550e-01,8.886238692711927456e-01,7.063297031892534772e-01,7.384289350201400648e-01,4.572579164522225792e-01,3.254015039174735779e-01,8.765357364557726516e-01,3.214042680911147754e-01,3.033146815758895887e-01,2.893267698621427853e-01,6.650749760192153914e-01,8.830285170798577443e-01,1.046386269041544859e-01,4.855745280136425368e-01,7.216167975416959424e-01,8.760704582395778539e-01,8.730345987523581153e-01,5.989657519803357477e-01,7.135764748739265029e-01,6.352783646283592933e-01,8.369545285028533455e-01,7.248297175850293157e-05,8.025526641707851905e-01,7.229970521203650247e-01,1.908407381419084670e-01,4.035946539034021008e-01,5.175802134908732421e-01,7.426012058908235680e-01,9.173716087771870420e-01,6.022694758630655620e-01,9.293394572936531928e-01,1.342005377998889137e-01,4.137754624903527967e-01,8.105292525481032628e-01,9.280283820277397400e-01,4.537110437433291010e-01,5.372165342722862169e-01,8.257497251646996883e-01
8.441143261572152667e-01,8.830459147478408877e-01,5.747039532852347143e-01,4.086300155962688252e-01,0.000000000000000000e+00,6.354280571297438174e-01,2.826079405620153251e-01,5.824450857521047409e-01,9.691633213639301303e-01,9.898017175164803838e-01,6.557653242191263665e-01,7.818201697513785797e-01,2.769256755835295403e-01,9.757103020662035719e-01,5.456030079640030728e-01,7.676128742883707723e-01,6.182741043577160145e-01,9.153179353766309756e-01,8.033589334439472651e-01,8.578498404972667579e-01,6.493586297699990295e-01,6.881300930037137498e-01,9.580662117607161576e-01,2.743628105616722213e-01,5.908634859055543753e-01,7.532612200082497989e-01,7.995502478338676333e-01,7.041377761314517869e-01,6.224690696935879508e-01,3.306453166506930635e-02,-7.209947907015734625e-02,4.471152731257098112e-01,7.278820324913172213e-01,3.591497303325660306e-01,-7.896305665522541928e-02,5.423805455307577628e-01,4.523360819902827457e-01,7.271558546606547990e-01,9.506831112348865798e-01,9.143037167169231205e-01,3.383588832498802823e-01,3.205093792966511312e-01,7.731315223295925909e-01,5.662858252633531375e-01,8.360186190904425052e-01,6.862891194540275963e-01,6.817171596688740287e-01,6.909189876499873817e-01,7.955562454857183496e-01,5.217842260863467807e-01,7.519104822228561691e-01,5.584561333972990482e-01,8.266950777419584950e-01,6.101111760674413631e-01,4.887474694234367756e-01,7.953925375084447413e-01,7.945287207883167113e-01,9.241809080032204957e-03,6.625780041867074255e-01,7.665308291818916375e-01,5.638156738045132510e-01,3.286775716179860529e-01,9.998366066237230898e-01,4.774118260193418450e-01,3.423012111865156304e-01,7.380320476462051138e-01,6.301959280346843828e-01,7.794884223094199482e-01,3.624005381546120397e-01,8.658835718379158664e-01,8.180632126538012194e-01,5.842627099693477044e-01,5.038343972885437339e-01,4.850541706598592850e-01,5.523429848877261517e-01,8.357154723152362408e-01,6.084359732190011139e-01,2.751936754899051985e-01,2.090223714918623132e-01,2.565795254186402710e-02,6.502351590769783751e-01,9.983459387882660518e-01,9.352396967467175859e-01,5.110708369274010732e-01,4.912543041715365932e-01
4.757317908485291236e-01,9.940776248826805883e-01,9.446093369955903540e-01,7.942225035025145541e-01,6.354280571297438174e-01,0.000000000000000000e+00,9.101863213819267884e-01,4.647815807428630208e-01,6.188171933437793815e-01,9.777443235822778078e-01,6.961747773637876335e-01,7.920422520934933264e-01,9.723198061086655297e-01,9.542630255827359020e-01,3.507900519084898860e-01,8.814637183866382841e-01,4.141872884710143810e-01,5.254892524812715404e-01,8.768318239051311469e-01,9.946024046670365326e-01,6.436251861515707162e-01,8.630224081435817762e-01,3.373947724109545021e-01,7.819819361502939881e-01,5.748707101137782161e-01,7.581387593646522483e-01,6.396786975163957223e-01,8.699948636267064161e-01,3.137578647497192286e-01,8.722908952007626393e-01,-1.690829497933699077e-03,6.511343803811824316e-01,7.190944740182383388e-01,9.092093892104153863e-01,7.301076806727808677e-01,2.923875352086080515e-01,5.969496349116611977e-01,4.190766260771126572e-01,6.508954442491459158e-01,7.521878828993696642e-01,5.145304827913156354e-01,3.394590441383363855e-01,8.382497358855854896e-01,9.647092275976122400e-01,9.654256397275036150e-01,5.452136725350610336e-01,6.806603520460279277e-01,8.805794825194794839e-01,5.514090832159626032e-01,4.743912682217070742e-01,9.833334085580107686e-01,3.998158387711950312e-02,8.969391742705322690e-01,9.823138193145624086e-01,7.613210614415969468e-01,8.336303804364901815e-01,8.851936058741647351e-01,8.386758213031454412e-01,9.467226446969556619e-01,7.931109930278432696e-01,2.795678765020040424e-01,2.146543056408295458e-01,5.795224528410961584e-01,8.128722174463767214e-01,9.761610809731826599e-01,7.654678903584184457e-01,5.042540487899478396e-01,6.157821661526969859e-01,6.979332942925898786e-01,7.474934679915277158e-01,8.647451592069071991e-02,7.710516679102961124e-01,5.205784124663531687e-01,4.716301889001103254e-01,2.164286269871358304e-01,7.252492223324314979e-01,8.964644894683555520e-01,7.676795605299943093e-01,5.523091679213968375e-01,5.688655154245184087e-02,4.317024066536865323e-01,7.685762671868371365e-01,9.149482222048814783e-01,5.743396589409490716e-01,9.705049468091162534e-01
4.783846363648261435e-01,4.322280833077745688e-01,9.007238437257231167e-01,5.923465524277189420e-01,2.826079405620153251e-01,9.101863213819267884e-01,0.000000000000000000e+00,6.764104987973046379e-01,6.809054723952230326e-01,5.671912148877678028e-01,2.821297292056749173e-01,1.831486668123879780e-01,8.898438898649191353e-01,3.869212593941895317e-01,2.412990609339250303e-01,8.854744595239002480e-01,6.053825335565947707e-01,3.653427307628845933e-01,6.896440200329171377e-01,7.296320344104787470e-01,8.572600386363783409e-01,3.508052913317581956e-01,3.840633577949108535e-01,8.990519528654122849e-01,6.477818155699411884e-01,5.104206711899551552e-01,7.061963969977741451e-01,6.471121812548464858e-01,6.552623730476554442e-01,4.771402340614331328e-01,2.489728616557503882e-01,6.453330168612045892e-01,2.349522564758219634e-01,9.968799206036158544e-01,2.946278416944209111e-01,5.373875415968657476e-01,2.095608989974060560e-02,5.728724647740960352e-01,8.556167791322911720e-01,8.030634047220378546e-01,6.001103552914673900e-01,5.150865003575301193e-01,8.242076245677864010e-01,4.990631199992687228e-01,8.279699057276188601e-01,5.811298721250108823e-01,7.323123775490137932e-01,7.728416355437879304e-01,7.441774354735943842e-01,6.864662563028622877e-01,4.797179423256534014e-01,5.606219330018616942e-01,6.074409745561084595e-01,2.146116620590916013e-01,7.629220674167638272e-01,5.750215998573174891e-01,4.732937805305904577e-01,6.701203231427126372e-01,3.099174030155226744e-01,3.601858230180826625e-01,2.527658845675815336e-01,2.813998838448334427e-01,2.553052062707837910e-01,8.350397758750978117e-01,8.614225465007931959e-01,7.305141745766756678e-01,4.604496602879436518e-01,2.384592277630416812e-01,2.133282339806933658e-01,2.228642615649507053e-01,2.066437556170512557e-01,5.995948224968844498e-01,4.150384309698374463e-01,4.144733130902418239e-01,4.658692863299890297e-01,4.918926629977227183e-01,6.575424530691068581e-01,2.427398379435608544e-01,5.004025826652931386e-01,2.803796326746241796e-01,6.752499544919234875e-01,5.500391073147987697e-01,5.984913139654415293e-01,5.313413008697127626e-01,3.717111028668854678e-01
6.276166334247039735e-01,7.267797691574955365e-01,8.339548345341780688e-01,8.001216784368417878e-01,5.824450857521047409e-01,4.647815807428630208e-01,6.764104987973046379e-01,0.000000000000000000e+00,7.585826985133322653e-01,9.237360048006726387e-01,9.430068411702089426e-01,7.086650223949119143e-01,7.808574923596521833e-01,3.467415757083298078e-01,5.004892120203285888e-01,8.500942073922127529e-01,5.472937341946133571e-01,7.723300949870308685e-01,6.301743664963257441e-01,8.635588001703902172e-01,9.824849578825008978e-01,4.112297554522788001e-01,9.605398843478153426e-01,4.445819104939219835e-01,6.353779943120314577e-01,4.412168289886891359e-01,4.078561224576374156e-01,4.130512149282367096e-01,4.863851662211743920e-01,5.448669386415140314e-01,2.199519706622537485e-01,2.867890462396069928e-01,5.766848189677523662e-01,7.450791662702016538e-01,6.374331559295602911e-01,8.093885377916286705e-01,2.633149192361814994e-01,3.244286628842399933e-01,2.267565055146814612e-01,5.233106102952570504e-01,6.737190816980623831e-01,5.432584858391829030e-01,9.120929990472779192e-01,8.619220851354237878e-01,7.648736153850145270e-01,6.864781333940300767e-01,6.358972078247926429e-01,5.719052896158041133e-01,8.818083092457873473e-01,6.944074789020338034e-01,1.439415056467222287e-01,4.684481829599809188e-01,5.044178255475599837e-01,5.837975488735019924e-01,8.149151588821343939e-01,7.559874980692211643e-01,5.080416729594614544e-01,9.079772432234676227e-01,9.493622438610975767e-01,5.423167751666339020e-01,4.436020134741086585e-01,4.840910669515740561e-01,5.877816253344539943e-01,9.610660903798949883e-01,9.192677607684430763e-01,5.199438747040421305e-01,7.435675848313740843e-01,8.501553877519215652e-01,7.843463225807368877e-01,5.487314288198854584e-01,2.754648821506565648e-01,2.440656928997458341e-01,8.906365506835439705e-01,3.395765346199364210e-01,7.681470906263834220e-01,6.822971081387722014e-01,7.078333950388315809e-01,9.527292116142525025e-01,3.398490597183889683e-01,3.829784486581364611e-01,4.162078940987671283e-01,6.628411205392494843e-01,9.356234381202356287e-01,7.165712468213328856e-01,3.972782377324005632e-01
2.665918242004504668e-01,4.376429467585733479e-01,9.761386751316546428e-01,7.322444028898196233e-01,9.691633213639301303e-01,6.188171933437793815e-01,6.809054723952230326e-01,7.585826985133322653e-01,0.000000000000000000e+00,5.831572737909277437e-01,5.027393551432829399e-01,6.492972447961873339e-01,9.244905453575941179e-01,6.508721663255818690e-01,6.004533369691167355e-01,2.969360104543203871e-01,8.398939726754318658e-01,4.260082777960026990e-01,1.092835081485547533e-01,4.153672926196178006e-01,6.656404458024963722e-01,9.201356391084809516e-01,9.778499361490633479e-01,9.849723721653540487e-01,7.458587570668907540e-01,4.360297017709186540e-01,7.614194784614587430e-01,4.319729710324928251e-01,3.551286842923365716e-01,7.687751951387933325e-01,7.020062952838456161e-01,6.759539304843344976e-01,7.453783978744549232e-01,7.486618747750818370e-01,6.613087654071667654e-01,5.799569190180325906e-01,2.686348869669066275e-01,9.342653055219125591e-01,9.789766434253708294e-01,5.439278788503325579e-01,6.214570693599001938e-01,5.134645357011340394e-01,8.221608028919625832e-01,7.574603136433379902e-01,8.205137231865926584e-01,9.978345852607786171e-01,4.282379918766742177e-01,7.340574921636446870e-01,5.844137575038077514e-01,7.141290243155767881e-01,5.215073877308221695e-01,9.139728386296818163e-01,2.040232140296559804e-01,5.029007411893767765e-01,7.819696235376205617e-01,6.767140654137755451e-01,8.583999176231302819e-01,9.019573298542490347e-01,6.799029805826529715e-01,5.734959192581563781e-02,3.074557133629862715e-01,8.030502796058108794e-01,9.491463578056138495e-01,9.082737451195479483e-01,9.547837425726525273e-01,3.632740728765779803e-01,5.271660807958191697e-01,8.867369682589429924e-01,9.858282469547310356e-01,5.425549214757721117e-01,9.377717539475618480e-01,2.305792922634001541e-01,4.202515880371710533e-01,9.069608302316262138e-01,5.772490713690243691e-01,6.509763924754013997e-01,5.176565752766522088e-01,3.148373482518140309e-01,7.758988720544111040e-01,5.347415479546303585e-01,6.600293340899461292e-01,7.866314923734326614e-01,8.952232119160211665e-01,5.277889661383653452e-01,6.904683076860734792e-01
4.034711958100777318e-01,6.115820666097611102e-01,9.543397617527258348e-01,9.260954616430050468e-01,9.898017175164803838e-01,9.777443235822778078e-01,5.671912148877678028e-01,9.237360048006726387e-01,5.831572737909277437e-01,0.000000000000000000e+00,9.257768739118837908e-01,8.644660760879847583e-01,5.810891739974637371e-01,6.250149189455103116e-01,6.122445766945409096e-01,6.740441733594542129e-01,6.919977054189102583e-01,6.717947359241362992e-01,5.692949831710072406e-01,8.111149899896080706e-01,8.082164187719055315e-01,5.206849278868707076e-01,9.467909167040864382e-01,9.803765338895393811e-01,3.995987248747474574e-01,2.108194202006698492e-01,6.769793625478981447e-01,4.137962804100422387e-01,4.034151826270664376e-01,4.072576079273503291e-01,4.672338638597532956e-01,5.847884102270756168e-01,7.045713710521791517e-01,9.381020513673442585e-01,3.391019163433623973e-01,4.014431069459142298e-01,7.208983455162842890e-01,3.053480123850825789e-01,4.425599610760342917e-01,-4.658706039326299120e-02,6.173628364564045512e-01,6.954453645896897518e-01,8.568163594159343699e-01,9.757899027225052091e-01,8.703205346139708531e-01,7.590632274260820100e-01,3.638620664560748841e-01,9.971656341856591776e-01,4.073687289448061355e-01,7.513226634629414091e-01,6.194726453191277127e-01,6.586704872419808510e-01,8.160501133486200986e-01,5.811920843278481907e-01,6.458662246759839798e-01,2.645942066465571951e-01,7.240658276746588795e-01,8.111340736025588471e-01,4.282834916154397153e-01,2.231364908096253874e-01,7.956829038642012630e-01,6.739659206583588080e-01,4.623134955356897891e-01,8.179765799437609397e-01,5.517133539048507673e-01,6.023028410232742491e-01,2.851566085375022430e-01,8.082496292947837224e-01,9.690597923778142553e-01,1.308970067559443728e-01,8.699775530375029042e-01,6.134945627070100826e-01,5.543867818304012429e-01,6.101366179380263155e-01,7.663358612076068832e-01,7.886584538315793980e-01,8.662287953539131724e-01,4.454475665520071792e-01,2.031674487015795727e-02,2.832955780503148557e-01,5.946868208170252856e-01,5.205103622407489805e-01,3.745829617266668299e-01,5.686735181863664668e-01,8.499737650264915789e-01
8.036511441884567342e-01,6.687811365488566251e-01,6.876066381753794809e-01,6.910622682269139672e-01,6.557653242191263665e-01,6.961747773637876335e-01,2.821297292056749173e-01,9.430068411702089426e-01,5.027393551432829399e-01,9.257768739118837908e-01,0.000000000000000000e+00,9.192301400508319231e-01,5.611561297458014241e-01,7.456139762583480213e-01,7.693613946447342977e-01,6.403570022701616793e-01,9.483507772107901967e-01,7.026771716077402363e-01,7.161500855481173211e-01,6.504927775054714090e-01,4.381688130190111163e-01,8.600173138868892897e-01,5.678584105742191523e-01,8.995731389909707998e-01,6.844084903474964010e-01,6.534079731787205692e-01,5.176148766674502077e-01,6.493987104506782071e-01,5.581496127989267197e-01,3.053682338920770678e-01,2.574204030112758890e-02,5.000765029166264197e-01,8.993245651463309676e-01,6.842003447886924050e-01,4.565170748692975455e-01,5.301975808459047368e-01,5.268019152626672863e-01,1.637283145103370918e-01,5.761702024666686128e-01,5.164469986029310844e-01,4.441801929104381430e-01,7.808500235031171632e-01,8.031498223121064095e-01,6.979194301501822073e-01,9.970789861630287021e-01,8.717465174561649377e-01,5.978500799528008169e-01,7.469988547374188936e-01,7.813841391577878159e-01,6.808739102679890465e-01,4.508034127669252045e-01,5.516566349859316487e-01,5.083737390148220792e-01,9.161022282745748813e-01,7.732537940406406518e-01,5.374577956775805632e-01,5.647539120284250647e-01,7.057420645175963569e-01,9.658366845306609605e-01,2.044625874398176835e-01,4.164708041343771483e-01,4.806640618856990455e-01,7.199445152857586461e-01,8.970840553857880595e-01,5.477277784953843431e-01,7.004434031059971755e-01,2.649544541029854039e-01,6.523310004620437308e-01,4.562500700699123057e-01,9.188629321056258625e-01,6.472001633758447392e-01,9.436644461319780852e-01,5.868258279028655267e-01,7.703944387723482556e-01,9.682770075344666605e-01,6.657570400441881198e-01,5.595593878823834633e-01,6.791943227501615610e-01,6.239511812375578836e-01,3.893359234639851563e-01,6.932091894978661406e-01,9.956957925455227620e-01,3.822708178670516377e-01,5.908057023613566550e-02,4.569447932026616255e-01
8.459253970749086582e-01,7.134291380700683582e-01,5.130372867298497175e-01,6.930423792362916391e-01,7.818201697513785797e-01,7.920422520934933264e-01,1.831486668123879780e-01,7.086650223949119143e-01,6.492972447961873339e-01,8.644660760879847583e-01,9.192301400508319231e-01,0.000000000000000000e+00,6.199917925863464019e-01,4.617805123181894511e-01,6.713135390796808322e-01,6.976281425378391132e-01,8.194313331244652554e-01,9.000794530620519485e-01,4.917396628596867880e-01,6.082507702438320063e-01,9.888564765117977551e-01,4.804466484480008348e-01,8.451171708914809733e-01,8.014578962349619973e-01,8.003527893527556669e-01,9.622874679980482071e-01,7.093116393414722332e-01,9.001143739787911269e-01,6.841910374342177192e-01,4.243438009039631198e-01,3.884150331238437337e-01,1.373087635986561250e-01,7.296314998866531010e-01,9.504574472848590361e-01,4.229539549938520770e-01,2.833778467688347624e-01,4.033291834077112892e-01,7.089995076367082705e-01,9.998748461856592495e-01,9.358974393834551542e-01,8.008004540828603801e-01,5.240769833741472095e-01,8.173549691979605791e-01,8.717216848486285530e-01,9.781236130723753863e-01,8.003642407466491360e-01,7.582671301958323617e-01,6.028568484760503665e-01,6.623621345498575952e-01,8.058299235470441912e-01,4.961455112851714255e-01,6.094514395855641364e-01,4.236072863931700239e-01,4.482613430374037811e-01,7.603143750299607984e-01,9.748456172142277998e-01,4.129982366608455635e-01,7.471633997595880095e-01,4.736652162853682291e-01,5.760862314613646173e-01,5.471309441677120189e-01,5.722907989287415731e-01,5.321506491632871372e-01,9.600962893165393419e-01,8.385032911619378915e-01,4.035419718433275738e-01,6.239272233776868015e-01,4.690797896422063129e-01,1.031525584266410195e-01,7.556749751251006231e-01,4.912775082175981911e-01,9.807925304160087787e-01,5.584703071955168241e-01,4.397398520934385213e-01,4.578568271201237105e-01,4.463115747946272416e-01,6.273488543583056742e-01,6.584854731368195990e-01,-5.310278565936246697e-02,1.711624977734536174e-02,3.062500373573496248e-01,8.775018552964710672e-01,9.831125275332618374e-01,4.373198619664863673e-01,5.448467032129820087e-01
7.205610466576728435e-01,6.944516530609401439e-01,9.414524492016059787e-01,2.272771485955420168e-01,2.769256755835295403e-01,9.723198061086655297e-01,8.898438898649191353e-01,7.808574923596521833e-01,9.244905453575941179e-01,5.810891739974637371e-01,5.611561297458014241e-01,6.199917925863464019e-01,0.000000000000000000e+00,9.466347561433461344e-01,4.147461377940913074e-01,9.764803840700887472e-01,9.678910628494006296e-01,8.932196400749041754e-01,1.707002675797617275e-01,7.379739334371393511e-01,2.372183243291076382e-01,9.168031252597248493e-01,8.042152701744021970e-01,7.026911332264318411e-01,6.305347362509221565e-01,9.881296220400184183e-01,9.410501198737346584e-01,3.528558959947792895e-01,9.358077666904538461e-01,5.481008388185246716e-01,4.608517482240521990e-02,9.153700247441208804e-01,8.944594629967347332e-01,6.149812094847023625e-01,9.365934590288653716e-01,6.867675560394441714e-01,2.686832494542423788e-01,7.965929613936146847e-01,9.215341379165522540e-01,6.538152435582087474e-01,4.390080180743457516e-01,6.905196234061770078e-01,9.757065931684366644e-01,7.962106116199956229e-01,8.340795575223682867e-01,7.249546775360565798e-01,5.639328531014842216e-01,-2.765733001325014762e-01,6.034785941086208139e-01,8.705279028690848797e-01,7.304197238201096676e-01,6.218783171230893858e-01,4.968195991583692628e-01,7.336494939686307726e-01,6.703294092466745013e-01,9.197000065961842274e-01,6.194822685801359974e-01,9.754647095339261664e-01,8.806961367883888725e-01,4.729297080314375790e-01,6.855832395348524511e-01,8.553593796948267824e-01,7.912067116129741784e-01,9.488686822928684705e-01,6.486745486298450825e-01,6.439714796415501041e-01,7.499448960899652850e-01,3.814904820654088646e-02,3.776220722166561128e-01,9.739756227810125733e-01,8.355638197603111328e-01,6.211713895327631851e-01,4.325804493743256041e-01,3.993410029219819357e-01,7.263878445271148010e-01,9.922364264562557601e-01,6.582587693163448606e-01,8.367833777351978419e-01,2.234457757086925622e-01,4.875659923672145402e-01,3.927080915404866368e-01,7.927364638668094043e-01,4.437313408495859313e-01,7.878007979525074589e-01,7.167122783327604107e-01
8.340769821614030244e-01,4.702099862818928111e-01,8.276579358749146520e-01,8.363619095240781842e-01,9.757103020662035719e-01,9.542630255827359020e-01,3.869212593941895317e-01,3.467415757083298078e-01,6.508721663255818690e-01,6.250149189455103116e-01,7.456139762583480213e-01,4.617805123181894511e-01,9.466347561433461344e-01,0.000000000000000000e+00,9.182805111806933152e-01,4.155812462992445888e-01,9.191759710715695642e-01,7.358578654382579298e-01,7.071964351357920009e-01,8.229148613694616810e-01,5.122959596370530999e-01,4.105660782203821579e-01,9.942471523802461908e-01,6.944521125050666654e-01,7.944502326202769193e-01,3.976299953000331788e-01,8.555924985502204594e-01,9.075073040111942824e-01,7.542309807883843531e-01,4.926111582888441087e-01,6.421541624770139567e-01,5.752536343246084094e-01,9.811078232918187814e-01,9.972074386503635424e-01,6.815293013144861911e-01,7.960712462402281808e-01,3.572007269931617435e-01,8.912144809010484892e-01,9.786771548724084724e-01,5.495456015009301254e-01,5.967655353014318376e-01,2.005498411860514862e-01,7.088933291747999688e-01,5.499051097244559427e-01,6.277956568274822846e-01,5.070389971071320723e-01,2.492059149864564171e-01,3.902491332240795030e-01,7.441334245386324042e-01,6.468982703922021571e-01,7.511130037823177119e-01,1.113089672115681883e-01,7.870590052513155577e-01,9.669287520615061915e-01,4.405060169115320168e-01,7.932698377269679080e-01,8.116825876036007914e-01,6.903941780515936433e-01,7.620124525694873530e-01,2.410905782393995556e-01,4.017903307897607856e-01,5.849402948435498129e-01,8.568363015092609336e-01,5.979143674575431167e-01,6.822396110790727164e-01,5.428223553469813112e-01,8.254503517702368454e-01,8.664602940446277657e-01,6.500445464565672848e-01,7.254631772353860031e-01,8.149890299845106156e-01,9.132570624245134328e-01,5.182099031095697139e-01,7.028554970354028431e-01,-1.808042621812362416e-01,6.561709198325613723e-01,6.604437433516998635e-01,5.257350837473880878e-01,3.744074356406296156e-01,1.134267172545703750e-01,-1.659087523560215383e-01,8.324526022812296366e-01,5.207560595646263391e-01,8.821507295384716230e-01,4.851783749760141817e-01
6.046327311978688668e-01,3.950116297779759922e-01,2.085101025838863587e-01,6.928461120951445729e-01,5.456030079640030728e-01,3.507900519084898860e-01,2.412990609339250303e-01,5.004892120203285888e-01,6.004533369691167355e-01,6.122445766945409096e-01,7.693613946447342977e-01,6.713135390796808322e-01,4.147461377940913074e-01,9.182805111806933152e-01,0.000000000000000000e+00,2.578445049881825657e-01,7.302455393737407041e-01,3.642696659825608307e-01,6.886635462377960204e-01,9.081738448084277771e-01,6.186425725423561062e-01,7.763448216738464414e-01,6.203707825102280915e-02,9.659890302999356582e-01,7.972076464865954781e-01,2.066927637962198139e-01,9.644933103421824416e-01,1.305427097731920727e-01,3.422617309291861032e-01,4.730572855184280723e-01,4.518877018834518422e-01,6.502640232269494280e-01,2.351024125537680143e-01,5.542451923639529071e-02,8.672591351073488664e-01,5.301027337626761371e-01,2.003438589024776062e-01,9.163406051061269153e-01,9.862193645462685732e-01,7.276236801223072703e-01,9.905699143132173923e-01,5.583402457089892135e-01,8.962136808181427883e-01,2.739811689458951371e-01,6.320768238905570824e-01,6.732414807364326403e-01,4.167905020247510972e-01,3.931460279441383876e-01,7.976746933469177625e-01,5.856772447545466331e-01,6.193729052823223613e-01,9.464088518238622516e-01,7.130330833935861756e-01,6.121355596593672788e-01,8.149447101985934916e-01,8.219549219109657523e-01,2.683526561027091972e-01,8.519994285627768837e-01,8.437783760889286944e-01,7.026616820190004775e-01,-9.080254568534766590e-02,7.610219095000445577e-01,7.731230233426454879e-01,8.817836813942490082e-01,4.317265224857423922e-01,5.627817658715933424e-01,5.963832871672648528e-01,9.750037455060442948e-01,5.077383717701412502e-01,3.179480710507988084e-01,6.526276571040696695e-01,7.783665789027751636e-01,7.901060297022870493e-01,5.198341389408075441e-01,8.510562900158236133e-01,6.068183436284003696e-01,7.410005937977854895e-01,4.202368145935806432e-01,3.768723809304948547e-01,4.328328081827422791e-01,5.378355658649469628e-01,9.833755480699404306e-01,7.876586194014985054e-01,7.701828592058239664e-01,8.287468991840323262e-01
9.895034920489008679e-01,7.358119031783906250e-01,8.298780549019214581e-01,6.749303596785247716e-01,7.676128742883707723e-01,8.814637183866382841e-01,8.854744595239002480e-01,8.500942073922127529e-01,2.969360104543203871e-01,6.740441733594542129e-01,6.403570022701616793e-01,6.976281425378391132e-01,9.764803840700887472e-01,4.155812462992445888e-01,2.578445049881825657e-01,0.000000000000000000e+00,9.732802957522064258e-01,9.126466797472848613e-01,9.530997058073209516e-01,5.495953972717961822e-01,8.175143799891902985e-01,7.702219003528981700e-01,1.611129249393788987e-01,8.236155205984414529e-01,4.712690784466190830e-01,7.604991227457823522e-01,9.152059135784792465e-01,4.792684312262016633e-01,4.773615367421967792e-01,5.957009654101136364e-01,5.889869439952458707e-01,3.944517184455316738e-01,7.172281756673615227e-01,6.740195179888827104e-01,7.312064294784066387e-01,4.953093866695765235e-01,1.150141910076325769e-01,7.027972691232877711e-01,8.241768808689312609e-01,5.406650733412337456e-02,6.833265970717569138e-01,7.321366054165483472e-01,7.383507553250451272e-01,8.813357529859545680e-01,4.923769860547415611e-01,5.300448383472468050e-01,6.045208335068886774e-01,4.803517136941279908e-01,5.282461435098476654e-01,6.827109502339471225e-01,9.430742342125694178e-01,6.378688824802400958e-01,6.617457675938769324e-01,3.054393992270625358e-01,5.092908716764941168e-01,7.246289296673937841e-01,7.824298171428532012e-01,8.336283433920357311e-01,8.719501207297747358e-01,1.970228768020353405e-01,4.379986197115225410e-01,6.158737801268442391e-01,4.534609459844670676e-01,8.057846829303478842e-01,9.678735494452423982e-01,9.669315439479577723e-01,6.877349098890578327e-01,6.216835858869258491e-01,3.619052740528243550e-01,6.665972265370887495e-01,2.699570213836655075e-02,9.510283710071466556e-01,7.425864628830657344e-01,6.932852137333659348e-01,4.467294689934525609e-01,8.447943981063008589e-01,4.503129962799840014e-01,4.295408070956643343e-01,4.911283209237016223e-01,2.833929244603932696e-01,5.526904820071356639e-01,7.300755935483868031e-01,9.606349082951887164e-01,5.969942843523794451e-01,3.247731531713340947e-01
7.745295431816199283e-01,9.213039847616680822e-01,7.205040772070788746e-01,8.846589965294918700e-01,6.182741043577160145e-01,4.141872884710143810e-01,6.053825335565947707e-01,5.472937341946133571e-01,8.398939726754318658e-01,6.919977054189102583e-01,9.483507772107901967e-01,8.194313331244652554e-01,9.678910628494006296e-01,9.191759710715695642e-01,7.302455393737407041e-01,9.732802957522064258e-01,0.000000000000000000e+00,4.680834111662393604e-01,9.875515858734318364e-01,8.065336880510681761e-01,9.095755109867514898e-01,8.806230634419608405e-01,7.204334873730091626e-01,8.056717600174928551e-01,7.550987955803533103e-01,9.195807673871855270e-01,2.921170394735030373e-01,6.617794297402301851e-01,4.038827530451939984e-01,7.775250765756164251e-01,2.373380214618007189e-01,6.685311642989451020e-01,4.102710623808720758e-01,9.751804324648286615e-01,8.281493513845212817e-01,2.088087007795554062e-01,2.708658706163237229e-01,6.142586755760148787e-01,7.851809849042007405e-01,7.901410580766696778e-01,8.248696279987416391e-02,8.729989201070027516e-01,7.463194157854211586e-01,7.917307970612877943e-01,6.874636740509764143e-01,8.935578480321686445e-01,3.874799778998234689e-01,9.298338382063726648e-01,7.558574851250988713e-01,5.182506220194900148e-01,9.157353118924588253e-01,4.668448440732986260e-01,9.638149096297157215e-01,4.589354958592252731e-01,9.648287061602391912e-01,8.148118433368506386e-01,8.931420918033728951e-01,7.528360611735089858e-01,9.863390745172954110e-01,7.639865418848444667e-02,7.739314958532264033e-01,2.784288792803080170e-01,8.371981143561145755e-01,9.657628650764331635e-01,7.242748336110528262e-01,8.593909013698391997e-01,7.422328095827995798e-01,1.471647646201120208e-01,3.560043587604024284e-01,7.182479237727579235e-01,6.635362830958928537e-01,5.206977675876787170e-01,5.175810138406538030e-01,1.426199096036976366e-01,8.341138308319465677e-01,4.543745007471454156e-01,9.539973805058512557e-01,9.734554748913691880e-01,-1.819255790925038696e-01,3.685127679642332676e-01,1.239275125642520618e-02,6.126527249619310167e-01,6.302323397435071195e-01,7.345969168254714576e-01,9.152503740962549816e-01
8.102455713072164167e-01,1.816946485228151109e-01,6.345736831480933704e-01,7.991306915553963997e-01,9.153179353766309756e-01,5.254892524812715404e-01,3.653427307628845933e-01,7.723300949870308685e-01,4.260082777960026990e-01,6.717947359241362992e-01,7.026771716077402363e-01,9.000794530620519485e-01,8.932196400749041754e-01,7.358578654382579298e-01,3.642696659825608307e-01,9.126466797472848613e-01,4.680834111662393604e-01,0.000000000000000000e+00,6.078283669562868363e-01,9.193375015789312377e-01,6.193637365391244654e-01,6.078150740841785638e-01,6.929161018860769961e-01,9.387906718864182931e-01,6.606971236343875953e-01,6.617599245186185364e-01,5.389640547526274306e-01,3.067741827423665635e-01,4.841138174567131691e-01,4.479496194963956124e-01,2.147593766620887745e-01,6.354620936060205727e-01,1.397741943424078426e-01,6.031788576599895757e-01,4.229981724374775043e-01,3.468296022678910573e-01,5.702784226825343694e-01,6.309238194621544782e-01,9.874432957512226938e-01,6.854353219208279002e-01,2.667991572877563278e-01,9.614578868698202552e-01,7.985350680101610532e-01,4.075676309775650985e-01,6.672124137869238636e-01,7.728113025732322727e-01,4.501754386548207365e-01,1.567689774136309458e-02,3.801322478715079001e-01,5.302785241504383018e-01,9.261041172550202871e-01,6.091942121933808796e-01,2.019437983948655091e-01,5.673518017137990643e-01,4.362807448816264921e-01,9.990224984178470713e-01,7.618287196691679863e-01,3.547316864580613016e-01,7.603404817106761415e-01,5.319894652841312688e-01,7.751070255649531449e-01,7.848999100517504157e-01,9.988409227687354841e-01,7.171796227450666361e-01,6.780328081283497621e-01,5.460899902976892317e-01,4.684560583195974681e-01,7.520626080439730687e-01,4.103933805835548454e-01,8.562330003495784991e-01,6.634896777244053689e-01,9.975442959722580216e-01,6.314472019952032111e-01,2.805769291411304711e-01,6.651340264353247100e-01,4.414602897693390982e-01,3.633308321519979067e-01,7.060672856346205117e-01,3.220878970580570155e-01,4.039532878476388977e-01,5.944645896220233094e-01,7.906138715704831288e-01,9.207579009301877226e-01,5.244529641045663215e-01,4.716413640312029365e-01
