0.000000000000000000e+00,8.643393167672103194e-01,5.871997110089666183e-01,9.259172764255438892e-01,9.069714346813296801e-01,7.430912072210424935e-01,9.364942925470023383e-01,7.267123525216085955e-01,4.551691611067690268e-01,8.578296502577161808e-01,6.128056064645941436e-01,6.898162772750403571e-01,8.063610247428187883e-01,6.159779235891107430e-01,9.092849012452178803e-01,8.883656918468508801e-01,7.898973023067507038e-01,7.414873982579432976e-01,8.854005652327034959e-01,6.344223453999179307e-01,8.657928097277697299e-01,3.257966746420778437e-01,9.876208221270041943e-01,7.886541489805853899e-01,7.612437255200283914e-01,9.862895032980121268e-01,7.519197136343889198e-01,6.035951056988978491e-01,1.286722517093749352e-01,4.609744718699109178e-01,3.671662660210435192e-01,7.705868835080846857e-01,7.062048913709715325e-01,9.598927116366273715e-01,9.952442253119273552e-01,5.349278780590254190e-01,2.588185019504432582e-01,4.359106595803159401e-01,7.506389786321685520e-01,7.408480500142907710e-01,2.998692286122199291e-01,3.124855884925498706e-01,7.526002405313293453e-01,9.314726209038304283e-01,8.568874753011551659e-01,8.136649497526590169e-01,4.169749666982812131e-01,5.689609399622543862e-01,8.156390925566373573e-01,9.216866780854635621e-01,5.579405325577981856e-01,7.946824582498626111e-01,8.490566559953623971e-01,7.854141035918277280e-01,9.878088589081069903e-01,7.565616092870108833e-02,8.251310185359447269e-01,8.576902793151879312e-01,7.775420760730148428e-01,6.310579132078178999e-01,4.281411851185098483e-01,8.392687996356833491e-01,9.948206147881879513e-01,6.257531596746216396e-01,8.171282612354672237e-01,4.266002056842469470e-01,8.319716648146182614e-01,5.624422833403694977e-01,4.050268166210447829e-01,9.342637422646266065e-01,7.634436061132781060e-01,9.789993771342100359e-01,2.028975984731048454e-01,5.424238452611959138e-01,6.480984464465785466e-01,8.824149040276784151e-01,9.657005547524024625e-01,8.204818676013455603e-01,2.282578067621488238e-01,4.942866089329132628e-01,8.562581579711340263e-01,8.406857877070497143e-01,6.926006529885502250e-01,6.554451599960979813e-01,9.483319134135496098e-01
8.643393167672103194e-01,0.000000000000000000e+00,6.039266331257925335e-01,8.869134124485137383e-01,8.893332667612806608e-01,2.780435642937014173e-01,6.567454778094711232e-01,9.109395353242140114e-01,7.248568654256906107e-01,8.361950579300224673e-01,6.066265738374465588e-01,9.252377940084106911e-02,5.965946113492467395e-01,6.768081853669164483e-01,7.735231107326605571e-01,5.606872954018881083e-01,7.503014466390571791e-01,8.367370015840517317e-01,8.794330348737096070e-01,7.112756576294170241e-01,5.158868844494617356e-01,7.690902358060048849e-01,7.101116529550172141e-01,9.766609485864108375e-01,4.135585397171323008e-01,9.163341696451684504e-01,5.558991241795613325e-01,8.951183846263784938e-01,6.322764976852995877e-01,5.208879023825251364e-01,3.498297548394081469e-01,6.531516603900887619e-01,9.804441545623799881e-01,5.797862482846459775e-01,5.515049440600672259e-01,5.629967845920288427e-01,5.588974801359715139e-01,3.452516277031891234e-01,7.276988884355388709e-01,6.959202401129090942e-01,5.508961620150396588e-01,7.997297661116773426e-01,9.638831840950931040e-01,2.324906143872452202e-01,8.443139765569128707e-01,-8.920997535973007597e-02,9.441940115150766477e-01,7.543845611173218835e-01,7.290122841568626999e-01,9.476164268355716791e-01,6.536095752981417872e-01,2.726772110865708920e-01,8.601344610898560283e-01,7.594233971893163959e-01,6.439001610037958789e-01,8.974249120764282717e-01,4.958179903258129739e-01,4.961210379022876760e-01,6.569650483946548603e-01,5.115014640318413797e-01,7.654254108821604285e-01,6.994867341906498837e-01,9.438670922915952666e-01,7.406880712652117449e-01,9.412248012142203635e-01,6.736679227136945780e-01,8.322570018578507867e-01,5.810289338014709148e-01,9.401837053120430943e-01,9.761787725666353221e-01,6.866225295304096976e-01,7.571243542020333894e-02,7.491388844451369877e-01,6.168790563555112128e-01,5.343942948776692070e-01,6.121085067419244075e-01,9.141190839916308875e-01,2.269914928892315664e-01,7.324647723292238011e-01,4.708337888869197907e-01,5.128870206094260364e-01,9.889993299590263964e-01,9.868494937679653800e-01,1.171529694160999419e-01,5.173428772063733971e-01
5.871997110089666183e-01,6.039266331257925335e-01,0.000000000000000000e+00,8.326002837238311027e-01,6.860447059376416634e-01,9.619952566388204618e-01,9.049227512657996852e-01,8.678982740764037418e-01,8.524548174677163415e-01,8.047104541930811816e-01,6.373163582053574805e-01,9.246095859141437723e-01,5.397520785739271520e-01,9.073996945334562580e-01,6.411995678974979906e-01,9.653260058843231572e-01,7.807355544805780756e-01,6.628040047651176936e-01,7.565522997389241278e-01,9.071906254579455986e-01,9.997501899959133631e-01,8.299931054057854141e-01,7.945464230404237771e-01,9.480661337203780681e-01,8.755703871940002658e-01,6.788375428781833198e-01,8.521567826236957632e-01,8.749165549262285513e-01,4.235962012237186047e-01,-1.301044938430905296e-01,2.699171003344951192e-01,8.183293247834243500e-01,9.716827508657488455e-01,7.755437500817061736e-01,2.062060255500368922e-01,2.369968517886358872e-01,4.795872523014754751e-01,7.604616130605525992e-01,8.985483095853569191e-01,5.847739119613329928e-01,4.260030465275967959e-01,2.891101392900110589e-01,9.439365055519715053e-01,6.046150385912566483e-01,6.485918128734164956e-01,8.791199109152540991e-01,7.282113794513644933e-01,8.189837459810509479e-01,9.964044432599012957e-01,4.406316999779067989e-01,8.426399098062204995e-01,7.326161339338300715e-01,9.261005294565758383e-01,9.993383552861463404e-01,7.312477833460715448e-01,4.036390581044820847e-01,6.390797783229378304e-01,6.746983810024008710e-01,9.439542355463002021e-01,9.455910153159337028e-01,-1.029701334094187404e-01,8.110624827072470122e-01,5.153670009529340845e-01,9.172555553117918148e-01,8.849577145867784100e-01,6.554649761876910619e-01,6.627117375121205356e-01,9.592020460401412540e-01,6.344590443431457061e-01,6.915693023744481360e-01,5.428550108752520087e-01,6.016829090326822893e-01,4.186679162438816659e-01,7.630902913506278917e-01,8.499816454284726541e-01,9.343875565991277554e-01,9.358294256381989307e-01,5.231135471631447320e-01,7.477614598172994675e-01,4.336140706529984512e-01,9.041913687537717070e-01,6.385845035722347296e-01,5.771733313379492358e-01,5.750153319058401991e-01,3.744637059721032113e-01
9.259172764255438892e-01,8.869134124485137383e-01,8.326002837238311027e-01,0.000000000000000000e+00,9.607624947135278148e-01,6.253744264139557973e-01,6.398386664082220676e-01,7.904632985388369004e-01,7.961339800570799152e-01,8.241232147003015873e-01,9.203475067015489675e-01,8.281840503564859013e-01,9.097368606933345925e-01,6.099375589592894720e-01,7.857870833774842634e-01,8.032115049454393585e-01,2.943946217593207404e-02,6.164616110500962254e-01,9.725416491182961032e-01,6.523465176540717003e-01,5.928480297551159683e-01,9.655068334006755570e-01,8.123738957381464454e-01,7.568282164388721034e-01,6.036400401904936652e-01,8.354444133135220385e-01,6.755810624655926855e-01,8.078094857858822975e-01,5.948095356019502677e-01,2.324015476835603611e-01,1.006483067066930998e-01,4.491964418827251726e-01,7.616316226779806797e-01,7.532785692961015966e-01,4.782384539594833339e-01,2.214411992651519889e-01,4.386079477117643122e-01,5.797507093742020334e-01,9.121360439853689606e-01,6.968895381786675003e-01,-3.248040349147119366e-01,8.552229639605641864e-01,8.037370712887833557e-01,6.786032162967952086e-01,8.075800184076645793e-01,6.955112616322937091e-01,7.282337903014729497e-01,1.622384638626281905e-01,5.324941095775543864e-01,7.001663769491267564e-01,8.084040724848623460e-01,8.940436454788160958e-01,6.583760827899454160e-01,4.201894900689897017e-01,2.398465277160241049e-01,8.178367877895548199e-01,6.905490322965797123e-01,4.736535417308936902e-01,6.206049469266033958e-01,2.860534752342741571e-01,5.500528719175267200e-01,6.590032370617274760e-01,7.137179410818633718e-01,4.846695236984655542e-01,8.494949020170781129e-01,6.700642782284064181e-01,8.373692038911907387e-01,9.180944620142494905e-01,7.080240655560912089e-01,6.372004490384814979e-01,8.406319258515797532e-01,8.100222988486069919e-01,7.441355356918142316e-01,6.762627756799042267e-01,4.562821136205112427e-01,7.753889772645109479e-01,6.586325218203271659e-01,-1.390513489496749966e-01,3.616603277899856916e-01,3.253041656641735280e-01,6.190420906786784361e-01,4.580571814270987252e-01,8.027628127952020076e-01,7.353218976570458087e-01,9.840722866269621116e-01
9.069714346813296801e-01,8.893332667612806608e-01,6.860447059376416634e-01,9.607624947135278148e-01,0.000000000000000000e+00,2.683038467820759165e-01,4.952810493123532276e-01,2.623301933018156173e-01,4.144817368279843928e-01,9.604528534945540041e-01,6.621346502209246587e-01,6.415500453841345152e-01,2.182260134633142445e-01,9.005964662020966571e-01,8.948589798408788099e-01,8.049700345061495677e-01,7.692056589241175191e-01,8.212385062766311972e-01,5.971644264052802242e-01,2.233235538219955629e-01,9.189835454728444430e-01,7.477450316684363107e-01,7.846965998396300268e-01,8.636827995436018313e-01,5.764086320970321919e-01,6.892118345309323768e-01,7.771198494548299252e-01,2.687953080756321222e-01,5.367817616533648861e-01,3.190632296263396506e-01,3.730244081947906715e-02,3.561988869939847202e-01,9.262788730268636250e-01,5.412221698868068254e-01,7.536742560593131524e-01,1.113800610686701414e-01,1.679285175533013486e-01,6.566597889798486687e-01,7.344110262574524706e-01,3.128125779699812981e-01,3.910722988071780870e-01,9.875700979832959803e-01,6.333608989390320243e-01,6.797870649969028900e-01,8.411410873013063227e-01,8.863806994076603996e-01,7.935944086560922095e-01,2.281695030757219522e-01,5.169132855848393993e-01,4.128466916819348298e-01,7.665696575550374758e-01,8.945457495682040960e-01,4.644285303389914521e-01,4.358587351863049686e-01,9.092331168896113924e-01,9.707575410353848078e-01,7.346791464198760835e-01,8.392053755212349753e-01,9.339909052488799546e-01,4.562114299955117858e-01,7.628363611768486097e-01,6.011292202105976701e-01,4.446519454464038512e-01,7.158228492097629125e-01,6.237617625655751397e-01,9.482125081092204200e-01,8.750000775085140514e-01,7.002987134822280524e-01,6.143721216954823872e-01,9.772074153381762329e-01,7.289538171261030763e-01,6.731967802804650347e-01,3.810325765473953630e-01,6.879723483464770251e-01,3.455098259972826380e-01,7.042174707317168381e-02,8.939760765365463158e-01,7.875338369638851255e-01,4.524771941900310179e-01,2.446243857752687101e-01,9.264239862373471190e-01,7.642378917393958249e-01,6.288689676397349881e-01,1.364045922191995108e-01,4.257332460689080000e-01
7.430912072210424935e-01,2.780435642937014173e-01,9.619952566388204618e-01,6.253744264139557973e-01,2.683038467820759165e-01,0.000000000000000000e+00,6.945887721092343092e-01,4.162582540785061402e-01,3.254435285280128376e-01,6.828791654911102738e-01,7.805874633004400431e-01,8.502542022108491304e-01,6.070912470633212932e-01,6.299112339472514588e-01,3.683778013179678235e-01,8.456701254372629428e-01,8.120649205863400555e-01,5.233307180787114543e-01,6.437458419678347976e-01,9.745845562314409127e-01,4.535093120712417325e-01,2.021018871138741402e-01,8.620079661494500778e-01,9.453722961281390003e-01,5.658858758731741823e-01,8.691879786720427825e-01,7.026898302950259634e-01,3.970791674493579504e-01,4.132177526598673767e-01,5.803519134468598795e-01,5.496809327387508493e-01,8.755939755811986691e-01,7.076060805382895502e-01,7.682751081699487061e-01,8.019676462280855844e-01,7.819584557307937001e-01,3.763462276132192308e-01,6.442349163163008097e-01,4.084118731757253595e-01,6.734152924378309368e-01,6.658248273937800166e-01,4.715584555056659966e-01,9.677477626494885854e-01,3.878370021731365469e-01,6.541735169349699452e-01,9.275120074887793775e-01,6.087751097580718085e-01,5.828485969397348976e-01,4.630226568712815238e-01,5.360580770517664462e-01,7.169854645436334328e-01,6.917460262235977098e-01,5.795131018786271460e-01,6.989904996566204121e-01,3.642563374946481414e-01,2.695721450790020679e-01,9.469830305262960657e-01,8.922808566609843339e-01,9.797529762617720461e-01,5.248918385472463033e-01,4.993158202936585632e-01,1.320773242844826556e-01,8.786668388563471099e-01,8.033195718219910963e-01,7.258109475256669940e-01,7.709018525071952288e-01,9.049977263401007832e-01,7.216730959383511612e-01,5.291775330692340962e-01,6.202753951464405890e-01,7.407380509460498308e-01,9.952804434447722892e-01,5.470235228379214387e-01,6.691949922200096657e-01,5.236827414214647591e-01,7.522335608461839795e-01,9.746359454316200210e-01,7.212513116936836166e-01,2.086243843029955969e-01,4.931169713488296469e-01,7.211941377029861266e-01,6.058706244727779522e-01,4.265522886691052729e-01,6.523545687177501051e-01,9.504283048101448417e-01
9.364942925470023383e-01,6.567454778094711232e-01,9.049227512657996852e-01,6.398386664082220676e-01,4.952810493123532276e-01,6.945887721092343092e-01,0.000000000000000000e+00,5.759334988336280992e-01,6.106310402935598569e-01,8.058217468789102833e-01,6.932633257354362533e-01,4.032031202643370227e-01,8.344614281663196298e-01,5.515530148231007068e-01,2.737925288529959866e-01,7.316264839108170825e-01,9.241689053814139410e-01,7.549134680256224250e-01,7.310476620133327108e-01,8.399724661303626938e-01,7.873885827184230468e-01,6.609365187996230073e-01,7.290760855406982488e-01,9.325606986115757557e-01,7.074213219270693020e-01,4.256447104431578810e-01,4.353713401386991033e-01,5.534975902622346622e-01,5.033118770342173143e-01,4.359746382460935044e-01,2.027904891444626823e-01,2.075356230406926183e-01,3.721933679551000518e-01,8.645189746447090595e-01,4.568865427951238067e-01,3.351932705622919784e-01,7.798190717335652389e-01,4.088239047519499625e-01,4.767405236854899697e-01,5.448788051018280676e-01,5.145226281282908598e-01,6.706036318451754630e-01,9.830857544263348347e-01,5.553286640555159526e-01,8.543401614430017332e-01,5.676702341866114443e-01,9.189703216532580932e-01,4.228054792016690544e-01,7.651822517146369407e-01,7.972441912305734402e-01,3.069963275793200497e-01,5.033960472673117970e-01,7.359705919303043409e-01,5.953739827012031194e-01,3.502807050266106281e-01,7.332750471169913187e-01,6.610334893765102970e-01,4.372919160816707285e-01,7.236974341900880292e-01,3.546762178381824837e-01,3.897923757513651610e-01,5.640410485943282426e-01,6.175608783698872672e-01,8.285547575619340854e-01,7.985466817395041605e-01,2.723491906600050694e-01,8.870413978527366128e-01,9.070054364824979842e-01,1.547481418836295086e-01,4.278023326057949632e-02,7.184202564982996586e-01,7.368995236871918042e-01,2.256067332513883583e-01,3.210228267502658328e-01,4.673088619636320273e-01,7.981732252358908486e-01,6.744265278781759188e-01,6.431934012915151433e-01,5.028083977851068864e-01,-4.546029887102887024e-02,5.433083560008452606e-01,7.814187472240902155e-01,5.790117436859286704e-01,8.705435556150422638e-01,7.176506364495213175e-01
7.267123525216085955e-01,9.109395353242140114e-01,8.678982740764037418e-01,7.904632985388369004e-01,2.623301933018156173e-01,4.162582540785061402e-01,5.759334988336280992e-01,0.000000000000000000e+00,7.757983205138209160e-01,4.985403390553485581e-01,2.903864159292965375e-01,8.527048515073716306e-01,9.574846542156422169e-01,1.972287275153134234e-01,4.341308040456151596e-01,7.165208826331802561e-01,8.450195608434273309e-01,8.757589138376272730e-01,7.867655524940917466e-01,7.880795021366027164e-01,9.502170940344858430e-01,6.339620625550004274e-01,9.607855362370845143e-01,8.383838011262552126e-01,6.477483579282036219e-01,8.303462739339735332e-01,9.724607141488155193e-01,8.825654147351972290e-01,-1.926995131348804846e-01,4.422890891238578370e-01,6.659003617727095314e-02,7.919192282621621004e-01,6.611930965931513970e-01,8.847259431705414290e-01,6.027475106529632809e-01,6.217062789798070144e-01,2.686771015139930996e-01,5.179570097828829489e-01,7.185954207696555462e-01,6.544730827231095560e-01,5.785853957192667041e-01,6.572538772075002811e-01,8.902459876780858261e-01,6.020613750445182877e-01,7.123404440570998419e-01,7.691649722499005470e-01,5.395636356696665858e-01,9.748402560552175133e-01,5.725973592379709487e-01,2.231034641655260942e-01,4.907273758700799737e-01,6.368212376402877517e-01,6.030825049673352867e-01,9.003599070888061995e-01,7.864526769681122742e-01,9.522972673556722167e-01,6.153914921461874910e-01,4.232762558527519703e-01,4.205850900874473774e-01,7.182208280335481421e-01,4.108396880117181627e-01,6.025857279410242739e-01,7.401153838987092337e-01,8.965594843994375562e-01,9.399416977835075571e-01,5.430868006253364300e-01,6.917600604095355266e-01,6.851540734641096142e-01,2.447255582996887835e-01,2.443977385550268333e-01,4.064862533926282828e-01,7.869000221658111194e-01,7.046816287759531949e-01,7.350535993545266322e-01,5.670805796065607751e-01,2.414578281531326032e-01,2.107857324873355365e-01,5.701202477830442650e-01,9.106269457425548997e-02,1.535602988374688838e-01,4.934106108523768075e-01,6.448885456804588356e-01,8.113945743402557476e-01,8.048552511392420561e-01,3.835109926823389026e-01
4.551691611067690268e-01,7.248568654256906107e-01,8.524548174677163415e-01,7.961339800570799152e-01,4.144817368279843928e-01,3.254435285280128376e-01,6.106310402935598569e-01,7.757983205138209160e-01,0.000000000000000000e+00,4.717109508682674202e-01,7.117937140352954550e-01,4.387498489067371832e-01,9.688975031462286891e-01,3.306048010759897737e-01,5.886731987018326562e-01,6.557515678397971559e-01,9.916884392154186045e-01,7.168730221771921762e-01,3.600818386840743401e-01,8.479219844164654907e-01,5.595543341062907405e-01,8.233688535538361553e-01,7.454939791451459241e-01,8.817511594672162722e-01,7.971935903058968709e-01,7.512262416011069588e-01,3.460210299745415385e-01,5.402027483621169024e-01,6.190936177435434340e-01,5.416165351563367869e-01,5.935299548509166412e-01,7.782942306940500155e-01,3.919518102872580068e-01,9.896444063759692877e-01,6.623572626987493939e-01,1.526970289793846136e-01,4.444415874517629317e-02,6.643026368632769518e-01,7.593288405337361713e-01,2.758535038444210330e-01,4.834949608196501547e-01,5.860327577899723250e-01,6.016150296800869546e-01,7.403412669166103965e-01,9.597334294986646919e-01,6.859999084212730081e-01,7.239181544543530356e-01,8.784824074016504003e-01,7.270342128265341319e-01,8.120267381922833261e-01,5.159328139187658868e-01,4.404521029685288247e-01,7.793596428549591781e-01,8.224688994401554432e-01,9.880828583942661281e-01,8.134869610628956416e-01,9.343420653518492713e-01,7.243287004215944735e-01,9.182139434419773760e-01,4.633625596107062150e-01,2.888527800107893451e-01,6.800104579453679632e-01,6.499042756459225689e-01,9.252524653397704579e-01,5.665478167581461388e-01,5.989323927334035957e-01,9.522682047491831669e-01,5.093243553675382840e-01,5.343481055010805836e-01,6.821108505002826394e-01,8.723611886031628071e-01,2.966643574337043399e-01,5.094721502842226579e-01,8.878037455699056002e-01,5.396004027984305229e-02,8.568547355325892845e-01,8.669898741973969258e-01,5.626416065496311347e-01,-3.386127640039083841e-01,2.159788202894486475e-01,7.295642606171854894e-01,7.594698431798507787e-01,6.806653018748617390e-01,6.870241335537328187e-01,7.329026033363276182e-01
8.578296502577161808e-01,8.361950579300224673e-01,8.047104541930811816e-01,8.241232147003015873e-01,9.604528534945540041e-01,6.828791654911102738e-01,8.058217468789102833e-01,4.985403390553485581e-01,4.717109508682674202e-01,0.000000000000000000e+00,2.437279112108976520e-01,7.978607757437500281e-01,8.435610863558079542e-01,9.337830228810580779e-01,9.960317870762589454e-01,6.736977578891376606e-01,7.824179952670179405e-01,7.093949811823884177e-01,6.585412843391984516e-01,9.186471457691136600e-01,5.809570445776625069e-01,5.380657029603318486e-01,7.421564668433944245e-01,9.797930867416941858e-01,6.889786349412753141e-01,7.022197456565345552e-01,8.854117850209688445e-01,6.551089260245581691e-01,3.457790427237096287e-01,4.601058984098110871e-01,3.159000793950166308e-01,7.657524392236138011e-01,8.896922301935248356e-01,7.568444741955113741e-01,6.027088574879804206e-01,7.187142820286333000e-01,4.112337965284915686e-01,9.780160909361931276e-01,7.402192499925682734e-01,4.361348133061294097e-01,6.550283116195028121e-01,4.805524631197165553e-01,9.172351974243146966e-01,6.044031715870205046e-01,9.962276795909449367e-01,6.541309935718625512e-01,2.391484531564990468e-01,3.682635572112414879e-01,8.530138992612780191e-01,6.914835948011470723e-01,6.989004661488821268e-01,8.945315945954877002e-01,7.363301563890316537e-01,5.614365579794062810e-01,6.586639446303088619e-01,6.628651361343174120e-01,6.478272075132105456e-01,8.610075990654737499e-01,2.539550136741268796e-02,2.033881901359524402e-01,4.613769214374712629e-02,2.370641871681864465e-01,7.841230443948625783e-01,2.348050046411174346e-02,9.899417999514088518e-01,9.365536624939663213e-01,7.054175878504320707e-01,8.241214855531890926e-01,2.690737949412974617e-01,5.316778908810063653e-01,9.440918828061851675e-01,6.057951152988616528e-01,3.623273842722557481e-01,5.469626729925953779e-01,7.156011272757718533e-01,7.065453559355761026e-01,8.592476046108379339e-01,2.447141219085097741e-01,1.719478879631614332e-01,2.845565776217467424e-01,2.612497590431596128e-01,8.406823744137138510e-01,8.738215888831040168e-01,3.977108886871768556e-01,2.003854653405193476e-01
6.128056064645941436e-01,6.066265738374465588e-01,6.373163582053574805e-01,9.203475067015489675e-01,6.621346502209246587e-01,7.805874633004400431e-01,6.932633257354362533e-01,2.903864159292965375e-01,7.117937140352954550e-01,2.437279112108976520e-01,0.000000000000000000e+00,5.291420515008552483e-01,9.030863060900896633e-01,7.717569358828024750e-01,5.917594718469669779e-01,6.229682629531939630e-01,8.863341165121799703e-01,8.857776610413432561e-01,8.752833173359069185e-01,8.516179385710549443e-01,9.806094932169736600e-01,7.566474082627727693e-01,7.340040428942500306e-01,4.680449107910253925e-01,3.523348870603238425e-01,5.536394421893418016e-01,7.816881394897985391e-01,4.716119766983999928e-01,4.865486021654164550e-01,5.518697662922047442e-01,6.120719342814269215e-01,6.524346112517768193e-01,7.249271083157204920e-01,6.800942921191575063e-01,6.449907771188386763e-01,5.705032397623218676e-01,5.952371132461196090e-01,4.410896393341182109e-01,7.907705099874248189e-01,7.638159114208359357e-01,2.037676282809557926e-01,7.997099206198405863e-01,8.008054717694697011e-01,8.315012340033027805e-01,6.646201643769011902e-01,7.342548305931966279e-01,9.339418253517562940e-01,7.093377889241283540e-01,6.940683393370253862e-01,6.394914734680733348e-01,8.983782267553030998e-01,5.627602999758517521e-01,9.477953371322107579e-01,8.231199526081497408e-01,8.099442633377188505e-01,6.503600779438493129e-01,4.926050038011973164e-01,4.775306339902128938e-01,8.283961203026166675e-01,6.324519846515144206e-01,8.208361915055700786e-01,7.350843223979774965e-01,6.110312150457605229e-01,8.499364050385893599e-01,5.078920711856064196e-01,3.845756203520268590e-01,7.786595774004512194e-01,7.612733228664984031e-01,7.383770982377265701e-01,9.110170187680509679e-01,9.925602710154939334e-01,7.513513188172281643e-01,7.476704165738001784e-01,7.442466322995942019e-01,3.330370730593150697e-01,6.828567068328080802e-01,7.950189332188383196e-01,9.270309081576617594e-01,2.354641261365886529e-01,3.978829490947469183e-01,2.154825834950439556e-01,9.402593671505961037e-01,7.997942529479136198e-01,9.261613931314248704e-01,8.401297220827057544e-01
6.898162772750403571e-01,9.252377940084106911e-02,9.246095859141437723e-01,8.281840503564859013e-01,6.415500453841345152e-01,8.502542022108491304e-01,4.032031202643370227e-01,8.527048515073716306e-01,4.387498489067371832e-01,7.978607757437500281e-01,5.291420515008552483e-01,0.000000000000000000e+00,3.739178758799143187e-01,5.343807771783301019e-01,4.481872392287255535e-01,9.201826934858919893e-01,9.892469476864838018e-01,9.412339518515550063e-01,8.958323311412395018e-01,9.084008407012139630e-01,7.438313332312844750e-01,7.959382562380582504e-01,6.001035526504857609e-01,9.747208021805512379e-01,3.253877041305444084e-01,8.084341547395829108e-01,6.368823277701730623e-01,3.695775209891227764e-01,9.497466529876875674e-01,7.922788208063124005e-01,5.618352905803030151e-01,7.211989690205069525e-01,6.761643164680677387e-01,3.699856901403675291e-01,5.631150711719934421e-01,7.004755527361818945e-01,7.535324177884038244e-02,8.024596242332803220e-01,7.582434801258247647e-01,8.950510238997632095e-01,9.851498766328950496e-02,6.715896286484034361e-01,6.905637523037959635e-01,9.262777832626052366e-01,4.908860131102228963e-01,8.400002479491505136e-01,5.578353912769991041e-01,7.858880824168247292e-01,5.391473961245520918e-01,4.735218835822131989e-01,3.416124428140929897e-02,5.490207505881091743e-01,7.369646932195749178e-01,7.349291717395729506e-01,7.775423907924641220e-01,3.741276399298824051e-01,2.943488594680316317e-01,9.968007505537512802e-01,8.576373723911195901e-01,6.017768028777364941e-01,3.626625532116540263e-01,4.263110742929323016e-01,7.473776329412449293e-01,6.706072388709902743e-01,8.909185652513977871e-01,7.499778240676308050e-01,8.972324547093363245e-01,7.421554317327434536e-01,4.065267320270646301e-01,6.713548243760589784e-01,4.669517030728096429e-01,7.741650353055921085e-01,8.804062129448793073e-01,6.567652367242962086e-01,2.303056342434616766e-01,5.897586062954254249e-01,9.307613580389034746e-01,6.792461482344828161e-01,6.898408211110360622e-01,2.179329241481171020e-01,3.388024631394955799e-01,6.497182816993263277e-01,2.839358777627799535e-01,5.061665056579729427e-01,7.360597619059648933e-01
8.063610247428187883e-01,5.965946113492467395e-01,5.397520785739271520e-01,9.097368606933345925e-01,2.182260134633142445e-01,6.070912470633212932e-01,8.344614281663196298e-01,9.574846542156422169e-01,9.688975031462286891e-01,8.435610863558079542e-01,9.030863060900896633e-01,3.739178758799143187e-01,0.000000000000000000e+00,6.553239168969813289e-01,8.283991464086302159e-01,8.103287517578726673e-01,9.321914894979392852e-01,5.316137321938284588e-01,5.064588108316737669e-01,6.774743147233782681e-01,7.531298515463541454e-01,8.073960682503038555e-01,8.753693147427838994e-01,7.835723146586824894e-01,7.409288725586994362e-01,5.464891001825773753e-02,4.846709333797306618e-01,8.378343545287513239e-01,4.668017293887990471e-01,7.652654559774556553e-01,5.433214128018257760e-01,5.380309001337291175e-01,6.263884611312539041e-01,2.909904048912841379e-01,8.930364369072539832e-01,6.659457302312935534e-01,7.850527752117052172e-02,7.825962893655675767e-01,6.456571430243761567e-01,9.997627960989695639e-01,5.169023411133021328e-01,9.570182461621676850e-01,8.058632489588565262e-01,1.844966798726491719e-01,8.921165636389557507e-01,8.577845189153544547e-01,9.367359571866019641e-01,5.400871250859091699e-01,6.903499148613436720e-01,4.827167006929714010e-01,9.439453960251370512e-01,9.019318314310370566e-01,9.063347555094820596e-01,9.924704793736450759e-01,4.601441547018269018e-01,8.222336341051165176e-01,7.690527827059611132e-01,8.442481471478455735e-01,5.145316028400802599e-01,7.824168624699234798e-01,4.823972503799169309e-01,3.799597567103303319e-01,6.949786039493708323e-01,7.422140869061277790e-01,9.361725245608364387e-01,8.435047030897907527e-01,8.111411077647583401e-01,9.110045853796316928e-01,3.941530734348682730e-01,6.076178431044639838e-01,8.462529743862055032e-01,7.083079298302088489e-01,2.424111160689689237e-01,6.169721688137597138e-01,5.720511029616938137e-01,7.930833691431364851e-01,7.832909195904165234e-01,8.018597340844152432e-01,6.612510485740433763e-01,7.956658767177109404e-01,3.321798926170469457e-01,9.058281909357556172e-01,9.632919858572936977e-01,1.666120757485751169e-01,3.572896074352407414e-01
6.159779235891107430e-01,6.768081853669164483e-01,9.073996945334562580e-01,6.099375589592894720e-01,9.005964662020966571e-01,6.299112339472514588e-01,5.515530148231007068e-01,1.972287275153134234e-01,3.306048010759897737e-01,9.337830228810580779e-01,7.717569358828024750e-01,5.343807771783301019e-01,6.553239168969813289e-01,0.000000000000000000e+00,5.336965588031237218e-01,8.903803325354695541e-01,9.759023799499386698e-01,4.128106039350459278e-01,8.763082752912358941e-01,9.678899285621136439e-01,9.893313035128266097e-01,6.714363384836248283e-01,8.639803735160006548e-01,4.370079724946529520e-01,9.029868590265116568e-01,7.839304262366245668e-01,7.279511757758749813e-01,5.264014094549197553e-01,4.081052429555565020e-02,9.402585126589679820e-01,1.836455981481831812e-01,9.850550561583365505e-01,3.747195889819101428e-02,5.608507504962599866e-01,9.273992690478830569e-01,3.248794226491399373e-01,3.631496016892019618e-01,2.007533319963446250e-02,9.867696157018243097e-01,9.789832110288620992e-01,5.836183903921891014e-01,9.932918186640153912e-01,8.738354643985339898e-01,5.707358470838016506e-01,7.722778112512531656e-01,6.098055390973844414e-01,2.591400935315684162e-01,5.463095279627639966e-01,7.873388306629433009e-01,8.767964017558773637e-01,6.375311786219322041e-01,9.015293802644557264e-01,7.006138848778846739e-01,9.418508362759384633e-01,5.892790202544809786e-01,2.060036018079163811e-01,5.790869439796783036e-01,4.426422503616200266e-01,6.545169740668091984e-01,5.548917704902427417e-01,3.263978475828325232e-01,7.360914243641566435e-01,3.520379915235488655e-01,8.645861157591890889e-01,7.271141623704757695e-01,7.477811902177881054e-01,8.755108314259387736e-01,9.234958176369790772e-01,6.949085207518784779e-01,4.308549132903769507e-01,9.146618604256628871e-01,9.464764462146895152e-01,3.205299238805721096e-01,2.786701728737275285e-01,4.781880961535093233e-01,9.627331327156742891e-01,6.991343583376772308e-01,7.754938480505172427e-01,2.644457334417523175e-01,5.264534812107634076e-01,8.931669526988614827e-01,8.839766722768932494e-01,7.615900307191941776e-01,5.341842820876797626e-01,7.055599458378706279e-01
9.092849012452178803e-01,7.735231107326605571e-01,6.411995678974979906e-01,7.857870833774842634e-01,8.948589798408788099e-01,3.683778013179678235e-01,2.737925288529959866e-01,4.341308040456151596e-01,5.886731987018326562e-01,9.960317870762589454e-01,5.917594718469669779e-01,4.481872392287255535e-01,8.283991464086302159e-01,5.336965588031237218e-01,0.000000000000000000e+00,6.989807847539898367e-01,6.924875315200624826e-01,7.676332447918140511e-01,8.242627995463769341e-01,9.055878667957628636e-01,9.774750792369264474e-01,7.650810593161312401e-01,7.799442518215154996e-01,9.314632994434696167e-01,7.881131079490126812e-01,9.286656981595503568e-01,7.292566387231484981e-01,8.016427910407585289e-01,6.678286645608948469e-01,7.331214413919542872e-02,7.032510356381315164e-01,7.297133925294462253e-01,4.766857035635248541e-01,6.724195501985845702e-01,9.360933442960105433e-01,5.802602108382894919e-01,3.148200374175473826e-01,7.075435071605101767e-01,1.726497439036609183e-01,7.486295199133183864e-01,7.134554552817926609e-01,8.884300165062104515e-01,8.655637996144301960e-01,-1.766792986128515319e-02,9.587073154456318136e-01,5.207883744770884782e-01,9.564983134301555667e-01,8.533228866350150987e-01,6.318469606928671656e-01,7.784831575839051832e-01,4.662312488523805976e-01,4.288605601804212908e-01,5.347241136834959274e-01,7.648684636537769199e-01,8.255681576333602223e-01,9.578950128782652840e-01,4.097046928823250278e-01,7.828103251823289588e-01,8.813147072377882640e-01,1.351780896540072108e-01,9.985322093351782780e-01,5.164258614749870357e-01,3.388091056853979044e-01,6.201657609217885447e-01,9.329843605919818650e-01,6.073968225547488053e-01,3.289845885072271159e-01,3.183073788152205319e-01,7.323341817390697228e-01,6.311074395871735243e-01,8.544838805765330170e-01,7.662746619553266747e-01,6.457598939162657592e-01,3.032040035216839180e-01,6.912156661453983109e-01,9.593445944421091776e-01,6.738530790141427085e-01,6.536190999198546736e-01,4.546563042407692490e-01,3.864967573234023845e-01,6.346165604395967996e-01,4.303958459436174611e-01,6.036918101334828313e-01,6.397486086696592134e-01,6.049724584849860420e-01
8.883656918468508801e-01,5.606872954018881083e-01,9.653260058843231572e-01,8.032115049454393585e-01,8.049700345061495677e-01,8.456701254372629428e-01,7.316264839108170825e-01,7.165208826331802561e-01,6.557515678397971559e-01,6.736977578891376606e-01,6.229682629531939630e-01,9.201826934858919893e-01,8.103287517578726673e-01,8.903803325354695541e-01,6.989807847539898367e-01,0.000000000000000000e+00,7.237530102469118543e-01,5.585920100821671896e-01,6.567213086765930630e-01,9.718968757446466711e-01,9.282274606277030049e-01,6.237388417131721763e-01,2.302150998839605500e-01,6.903181974260408360e-01,7.318266240814950141e-01,8.154226449514496711e-01,9.620723196479333827e-01,9.941302848335307196e-01,3.960869301293615807e-01,7.930597444939287977e-01,7.650834360192986239e-01,5.470086487511591766e-01,8.248731411241216893e-01,8.160571260310036656e-01,4.739799487202533967e-01,2.563006121943705584e-01,5.245627995165887958e-01,5.367587083643738932e-01,8.256482891303271732e-01,9.833247809408747209e-01,9.079509950696916798e-01,3.928993313361187623e-01,6.000774464474719627e-01,9.396494194432338798e-01,8.544459061940407052e-01,4.777224350989441315e-01,9.164345170381742456e-01,3.668154148116442581e-01,2.168821877986680524e-01,7.268851506317984823e-01,4.921646287586672330e-01,6.088480037586037064e-01,7.831398621359431100e-01,4.089281673744445955e-01,8.094457723462977761e-01,8.102766290570044827e-01,8.410847189213530584e-01,6.873155553882567270e-01,1.740452387198042628e-01,4.950757402304483690e-01,3.917360302678721262e-01,2.695116355503955896e-01,8.197968003612453591e-01,7.041145867665639102e-01,7.272829020526365706e-01,9.345708649304657056e-01,6.200992451589998344e-01,6.992262061193101896e-01,4.260964632162829169e-01,5.785644149614808246e-02,4.145980972927427732e-01,7.044079313508825324e-01,2.367958634182279476e-01,9.692771815359794152e-01,5.723229131183454887e-01,7.338495888035086179e-02,7.599211606737102942e-01,6.077429445572555267e-01,2.094580561165514665e-01,3.146823571092435823e-01,6.472505901376088833e-01,9.206031068106328430e-01,3.096221462059264296e-01,7.140176489592132691e-01,3.922347134622863329e-01
7.898973023067507038e-01,7.503014466390571791e-01,7.807355544805780756e-01,2.943946217593207404e-02,7.692056589241175191e-01,8.120649205863400555e-01,9.241689053814139410e-01,8.450195608434273309e-01,9.916884392154186045e-01,7.824179952670179405e-01,8.863341165121799703e-01,9.892469476864838018e-01,9.321914894979392852e-01,9.759023799499386698e-01,6.924875315200624826e-01,7.237530102469118543e-01,0.000000000000000000e+00,8.721941243294891732e-01,9.086251331098056383e-01,8.174569451206579185e-01,8.439754794115271741e-01,6.697759995171659320e-01,2.444577432924168459e-01,6.499548192223152387e-01,7.302170357001124268e-01,9.756212305128982853e-01,7.461168100442615581e-01,9.403629564017317310e-01,6.088714517745092980e-01,1.849261167901772585e-01,4.273919779729940527e-01,8.646249881306233842e-01,4.464147232238148133e-01,7.311778333672231955e-01,5.516324028528210022e-01,7.787761331405244070e-01,3.772391649945892045e-01,8.420831319011210514e-01,8.564112772659385753e-01,9.116069307928110765e-01,5.552501400451547164e-01,5.444682492227208570e-01,7.023505418073361373e-01,6.821203576234408095e-01,9.281370710118889145e-01,3.815298626573957463e-01,7.907697410629974666e-01,9.750623151471391470e-01,9.608712527691056771e-01,8.932436120881028785e-01,8.237860726568414504e-01,6.557415062244563719e-01,6.481740616265726507e-01,7.468474310777130087e-01,3.299770257521587036e-01,6.602520164469968256e-01,5.576306724272730442e-01,9.967829496768728648e-01,8.336553011198181151e-01,9.296489053182503959e-01,2.424459415434190857e-01,4.190995317060381420e-01,7.270834619860571113e-01,8.507288249396364188e-01,9.230011827726092299e-01,8.956361016978423573e-01,5.047720492029711403e-01,7.667471295519686647e-01,4.338405359343526224e-01,7.354724042495529579e-01,8.393352141158427759e-01,9.404079129652515023e-01,5.358580087442065265e-01,3.936310253923592795e-01,6.928223413332101899e-01,4.720983831889385973e-01,5.974848250408740791e-01,8.294935382486149367e-01,-1.003785242531829436e-01,5.608206011693210868e-01,9.168281961230571042e-01,7.429370102509271767e-01,9.992943042265862719e-01,3.707006983354411145e-01,8.291978707876700438e-01
7.414873982579432976e-01,8.367370015840517317e-01,6.628040047651176936e-01,6.164616110500962254e-01,8.212385062766311972e-01,5.233307180787114543e-01,7.549134680256224250e-01,8.757589138376272730e-01,7.168730221771921762e-01,7.093949811823884177e-01,8.857776610413432561e-01,9.412339518515550063e-01,5.316137321938284588e-01,4.128106039350459278e-01,7.676332447918140511e-01,5.585920100821671896e-01,8.721941243294891732e-01,0.000000000000000000e+00,3.153024270602626800e-01,4.850490417681523336e-01,9.536069369120996342e-01,9.593160203768617000e-01,7.256364305037910079e-01,7.553749773277879109e-01,6.043556248702068867e-01,5.272912472682229623e-01,9.941760634310744527e-01,4.037595952450960257e-01,6.592337053997547880e-01,7.883122881073629795e-01,1.440251781887898763e-01,7.295358796437910742e-01,6.864450573290812319e-01,9.839310528404956457e-01,5.620725767379629589e-01,6.870186308880901205e-01,4.570457415066124796e-01,7.188483125332956192e-01,7.322050616692161729e-01,1.951448722455052798e-01,5.748100666072062381e-01,6.895861257798098221e-01,9.478369569587876686e-01,8.136995311767893924e-01,7.250994029601358637e-01,3.823522519375399664e-01,8.080986853173326434e-01,2.333027272981192390e-01,5.285213675714981463e-01,9.892240697345456857e-01,2.580521655373135825e-01,6.988401787169550294e-01,9.764826473255038275e-01,9.630188626836512222e-01,6.608524697901712042e-01,6.718241552398803718e-01,8.261583293504106695e-01,6.195530871884105117e-01,6.417564593608480195e-01,3.819707112460206666e-01,5.352647825333585185e-01,4.354337690856766585e-01,9.758002629464601618e-01,6.866679082435558357e-01,9.984843148576610927e-01,5.413529574130210298e-01,6.142416098947146574e-01,7.728527196399832544e-01,3.703568524593602307e-01,3.244639056927688392e-01,9.583039534301261986e-01,3.467006696826318568e-01,3.258937522099378814e-01,4.323892253214357551e-01,2.850802510912811005e-01,1.698737173948879353e-01,9.543305236818409032e-01,6.006388025830815547e-01,9.179890995194377457e-01,5.056128557862502593e-01,9.693773264428487968e-01,6.983588088586982767e-01,8.551454951028846230e-01,-5.100155804992956288e-03,9.678876915107093026e-01
