0.000000000000000000e+00,9.097986590343647428e-01,8.180311838730994767e-01,8.649260083437171343e-01,5.039980410104361042e-01,3.523460056107639016e-01,6.618064674586610074e-01,8.725341436952909202e-01,7.693179439817534604e-01,9.559545415156821546e-01,9.756281887486748516e-01,9.590804874362279797e-01,6.097678692556577351e-01,8.932717386895984157e-01,2.021300487524073930e-01,7.224411777702540727e-01,7.003896587467873802e-01,9.204553421821337622e-01,4.822341755648441586e-01,9.116014870593405206e-01,7.953521140012052015e-01,8.892559914600299820e-01,9.536383955966171166e-01,9.143049451395516281e-01,5.654839949316931014e-01,6.346595538465709119e-01,7.952419489789417373e-01,5.929632880789647009e-01,5.842448465259506563e-01,3.070665913725132978e-01,8.889085560969232080e-01,8.991133839584413145e-01,9.840970243882295465e-01,6.189951111967842978e-01,8.449984916796826617e-01,6.157661496188344963e-02,2.014683366347872762e-01,6.140897653225049213e-01,8.660150176392531485e-01,8.773130405751266014e-01,2.713092597751439738e-01,9.196435484475469213e-01,8.068871696157862150e-01,9.942597622580322536e-01,6.562372828788084478e-01,5.617212608284193331e-01,9.055524258264252557e-01,9.268430116392649687e-01,6.896041048359129455e-01,9.516513563126027808e-01,8.080896630930889390e-01,1.996886001940899602e-01,5.647446379300562480e-01,5.389960016902648476e-01,6.868320917233348144e-01,9.776890681167632602e-01,8.222112636397741481e-01,5.453982329727196099e-01,7.403087610035575805e-01,-1.956260884082679508e-01,8.415951582164926670e-02,7.880517308313306213e-01,6.456796611779570538e-01,2.765441096494370421e-01,8.639431103998491679e-01,7.914557503534285221e-01,8.451954237693555250e-01,7.302133534749223331e-01,9.488800894234611372e-01,5.966783022696312555e-01,8.946600723680093736e-01,7.116297674961302722e-01,9.348877718073759224e-01,6.953172640987506092e-01,5.534837433329113932e-01,7.694687715389552096e-01,9.871851402071583070e-01,7.255304504538419019e-01,4.381790782704163556e-01,3.731956737495708554e-01,6.341089742701386811e-01,9.176084234243391258e-01,7.143083915314588639e-01,2.595234745202564808e-01,9.322423570735466347e-01
9.097986590343647428e-01,0.000000000000000000e+00,6.630049472971590863e-01,6.575985488715370142e-01,5.987318685271842966e-01,9.285196344211816832e-01,4.430810042697611029e-01,4.783058893722593741e-01,9.077006292465530368e-01,6.216693193746798407e-01,6.316848443204829966e-01,7.462947732001148360e-01,4.767659125206444859e-01,7.458209043534258509e-01,7.706600419124158829e-01,4.760170233171933662e-01,2.093346043548103830e-01,6.146899201811827362e-01,4.834432297100039744e-01,4.100395101138069598e-01,9.808656705871134918e-01,5.710391631963365189e-01,9.633721399923746986e-01,8.392624443525802391e-01,7.689482447717799207e-01,6.205157757989794298e-01,6.081000959732467681e-01,9.970252590362926881e-01,3.844067738286952030e-01,5.781556107271690337e-01,-1.386246171366357360e-01,6.470905940057757322e-01,6.461628193788091501e-01,6.813553979999801280e-01,4.876754031798978817e-01,-1.736525743781974773e-01,7.317941980036132277e-01,6.295739234260582240e-01,6.941099198078070076e-01,8.844925234290518246e-01,4.981228230815487601e-01,6.189129835728635065e-01,7.702798908742302109e-01,5.800620125949721428e-01,8.130114738230167504e-01,5.228803923766595085e-01,4.541756073754243395e-01,9.955421599388287746e-01,4.933736924884482011e-01,1.141376823998764140e-01,5.488762348178202188e-01,7.075361091964659233e-01,8.603865503050627250e-01,9.180667296610348638e-01,6.584314217015243553e-01,4.486774113244526019e-01,7.570692664793889914e-01,4.865895641611488465e-01,8.317627224432105892e-01,5.412085816918014158e-01,2.402850245510851079e-01,5.068030296343120078e-01,2.863400973760032997e-01,8.984696224161822231e-01,7.598159439801095427e-01,4.840595096697068445e-01,2.293672751429209899e-02,6.674269164774117025e-01,7.096279087603571956e-01,1.534896534162199788e-01,7.797939351438477606e-01,1.260895277763913469e-01,-1.097506295877342941e-01,7.194129387169121426e-01,1.386566745745473617e-01,9.425452547638015766e-01,7.998642648427909396e-01,6.231731836124492219e-01,5.831669229125009402e-01,3.060639777126454297e-01,5.467317605182632212e-01,7.275419740451201100e-01,7.026861970098859933e-01,2.870918559930655811e-01,8.287380306906291239e-01
8.180311838730994767e-01,6.630049472971590863e-01,0.000000000000000000e+00,9.382899965308992840e-01,6.171495494508059121e-01,4.996215438124396169e-01,7.895525924106587823e-01,6.853848281971866019e-01,8.476904630647364991e-01,6.260343687833422877e-01,8.023511654126653792e-01,8.741332007100977020e-01,8.600551218466001568e-01,7.342258450261530678e-01,5.596379522620478220e-01,7.523610419165096541e-01,8.262062678644732650e-01,9.283653519923369402e-01,7.572357069329500590e-01,9.518605952689600525e-01,6.536100307756422811e-01,6.938956525621363669e-01,9.904937911530948824e-01,4.986302978372215700e-01,8.290331069109652118e-01,7.423774832182556960e-01,8.054607904692226983e-01,7.883758839588149714e-01,3.328586281989502349e-01,5.897705394639509713e-01,3.118360700045421652e-01,8.226815985165742973e-01,2.686792524421669492e-01,6.913253283817642758e-02,8.538065017162115300e-01,2.836326222212820491e-01,4.810228799615230422e-01,7.481484155178386164e-01,2.872893838847765946e-01,8.408648020229433362e-01,4.834448852603128177e-01,6.815310666719046617e-01,9.449346733652598251e-01,8.318245632377132548e-01,9.215390120587771960e-01,8.122414729845099934e-01,8.630555175609668783e-01,7.860428826549653580e-01,6.524814406393272259e-01,8.724364482960780265e-01,9.607886529525497821e-01,7.647131290132269665e-01,8.170832229820103043e-01,8.457581321573912625e-01,8.317921325333902383e-01,6.391790465442652724e-01,7.732953394658930169e-01,4.548192106228544085e-01,7.710363247061645664e-01,6.143777373626708727e-01,6.798429263767287178e-01,8.271562511472343449e-01,9.693611466040151781e-01,9.147336579465316087e-01,9.663030970257068253e-01,8.626179551641333099e-01,7.095952305162726015e-01,3.273512804232290851e-01,8.130148659668536837e-01,7.066355161792096107e-01,7.775673841270660525e-01,8.886974600693559045e-01,4.910128761961757293e-01,6.341416616571597942e-01,5.226062034580724047e-01,7.407399605743509863e-01,7.976293074612474943e-01,8.723485323418771475e-01,5.538516208332010526e-01,3.508554483621770803e-01,6.484703876679032142e-01,4.854640134689009456e-01,8.048125326034842875e-01,6.209585268550192882e-01,9.225346594791443700e-01
8.649260083437171343e-01,6.575985488715370142e-01,9.382899965308992840e-01,0.000000000000000000e+00,8.584607141288196352e-01,9.467292332221683981e-01,4.692976871298105701e-01,4.760267523633417985e-01,9.964846199032278973e-01,6.521168137876979243e-01,4.926738986220444150e-01,7.831776809920972804e-01,7.270397029906661146e-01,7.235922413042313872e-01,5.933290858925386324e-01,7.149818123369869882e-01,4.655797166816178501e-01,6.796709307541209943e-01,2.625484833367517923e-01,9.409429144821015445e-01,8.650108346812735993e-01,9.024274927873283669e-01,7.153492739560046720e-01,9.571349023341377826e-01,6.342993897896872513e-01,-9.400736360724346041e-02,2.195522000783131089e-01,5.809621962477992119e-01,5.511685888070765316e-01,5.618867085455039323e-01,4.728880194613457322e-01,3.665815118040191556e-01,7.538700958030382093e-01,4.531610224057733283e-01,7.565068597246409343e-01,4.750588706600287203e-01,6.004294893277375977e-02,7.115934596059871886e-01,8.083801307422304738e-01,7.487575143946435530e-01,4.446006242668426034e-01,9.354357859311335233e-01,7.701364078581715011e-01,5.194462475652756872e-01,8.198410040554898748e-01,8.135143086966315495e-01,9.411387307078669107e-01,6.306076055974804140e-01,2.322179450196042994e-01,8.029693221491518429e-01,2.875147161249011485e-01,6.388583349302795478e-01,7.723940851156614329e-01,9.196414464478891437e-01,6.432523447006369688e-01,8.406381839441922077e-01,9.000099614408009208e-01,7.402787278580499342e-01,8.706763672949380251e-01,3.151008776052343641e-01,4.522942041914548850e-01,6.771321426125430643e-01,9.165043089445632507e-01,9.556150200897466362e-01,2.417509770545610559e-01,6.749104474672156240e-01,9.194450341074480448e-01,9.093955120732133413e-01,4.860493959988683166e-01,8.956191176928802733e-01,7.620207723532067545e-01,9.989589239072994564e-01,7.110689172318106488e-01,5.442391725351026777e-01,6.990865294727088841e-01,9.273942236069314671e-01,4.346353852906309490e-01,7.801791431735993765e-01,6.787445497505434355e-01,1.675969595160896608e-01,4.069129679342751715e-01,6.826077984208355209e-01,9.996502160713464091e-01,5.634208984829187639e-01,7.980677308626719091e-01
5.039980410104361042e-01,5.987318685271842966e-01,6.171495494508059121e-01,8.584607141288196352e-01,0.000000000000000000e+00,8.677585771155482686e-01,5.552804096299163161e-01,9.163933823156904523e-01,2.263928235109066711e-01,8.840697153064106528e-01,4.832669054035136913e-01,7.583215819153321657e-01,5.544147302366470020e-01,2.157927027477663240e-01,3.658139200273687885e-01,6.982175486295191247e-01,7.183822125542572712e-01,6.796550182290989062e-01,9.403677101994957210e-01,9.843577018463938177e-01,9.594858609068128708e-01,7.865328481419487927e-01,4.029883866082127342e-01,7.839237678128394560e-01,5.028402559216551548e-01,8.331925996978652993e-01,7.486912984245668312e-01,6.546155541285363366e-01,-5.866986133109777790e-02,6.146077919284268498e-01,5.838891096148901907e-03,6.721262099892306718e-01,8.524832305415579459e-01,8.549609640755910789e-01,5.262135658413042982e-01,-5.486525360167712750e-02,5.506034767156096077e-01,7.637832127419053041e-01,7.630078993461002490e-01,8.135009401439134979e-01,5.069072096497613256e-01,6.326844689797329613e-01,1.763186086499280991e-01,6.597653483789058804e-01,5.739229515119423919e-01,9.146201601645361778e-01,6.017263093452444034e-01,6.617407733736788700e-01,6.812319813213703057e-01,5.104498560483007319e-01,6.946897756420776782e-01,9.265161822715797246e-01,7.589182019861091533e-01,9.293286173036588993e-01,6.514233838522165421e-01,5.620522862625489946e-01,4.708582331744231020e-01,9.403806412888262578e-01,5.284667195025024578e-01,4.005248224576784533e-01,6.207011946185786444e-01,6.866647493355323428e-01,6.650001029498612271e-01,8.722003587711423256e-01,8.735902619548440162e-01,9.425334836890876256e-01,9.825777637326609248e-01,6.381849947576190285e-01,7.455622712928196005e-01,2.650149014971992512e-01,4.444180617287911694e-01,4.858809535160304449e-01,5.739952291056220623e-01,5.834918189605325933e-01,7.702227793311977599e-01,9.414995366822077605e-01,9.841071488182091542e-01,9.068097588808747833e-01,5.505878340781811264e-01,2.515924036572732281e-02,5.274874916019167692e-01,6.805442422276501979e-01,7.927042139250234376e-01,6.571920620440028227e-01,6.053596807383054834e-01
3.523460056107639016e-01,9.285196344211816832e-01,4.996215438124396169e-01,9.467292332221683981e-01,8.677585771155482686e-01,0.000000000000000000e+00,6.067059639174400276e-01,9.696854220631923038e-01,9.530507504434880817e-01,5.520473187552025207e-01,8.182205276973730790e-01,6.352810633704013554e-01,2.462318556279663451e-01,7.233785471040670156e-01,6.550669482638770136e-01,8.831156822836805365e-01,9.748261772577083706e-01,6.857171519575778751e-01,9.294592795331499957e-01,8.984538892134553700e-01,6.897486664071968976e-01,4.709204913572510587e-01,5.877839280861621996e-01,8.104147879729391990e-01,5.030771769446836794e-01,9.634326916803690466e-01,8.244566588799779883e-01,5.293881205892875252e-01,5.117735169666376427e-01,4.206588316692931873e-01,2.330702377502286704e-01,5.309037695172613702e-01,5.911730961469331413e-01,8.989235071431810331e-01,6.823747878303904058e-01,3.027710562905904235e-01,5.284578497182393919e-01,7.225225368202611298e-01,9.881733886493810903e-01,4.166313399682166629e-01,3.356591883882393823e-01,5.998491945027206729e-01,8.835722910316986534e-01,8.958183093376905770e-01,8.164996257089830456e-01,9.371098834930420285e-01,7.333973047726320971e-01,9.595817225065922385e-01,2.099802211670618868e-01,6.479908301698555917e-01,6.384211810613682481e-01,8.271255270317059427e-01,9.839963573058586599e-01,9.662687137215704158e-01,4.435407072890206748e-01,4.890566290322889698e-01,9.432214045917453049e-01,4.344794687028907809e-01,2.621087422641993903e-01,7.059630175404604246e-01,5.166619647470381826e-01,8.876777643213319413e-01,5.472521672663813730e-01,5.403345878963865534e-01,8.773898509292025194e-01,7.576471152344173010e-01,6.181432462783708059e-01,8.023452554185865893e-01,4.494606667355273699e-01,5.362533414451395863e-01,8.000589873829317966e-01,8.185806791669469895e-01,9.045458498188266860e-01,7.536171095195672853e-01,4.353936325487410830e-01,8.255872073134028488e-01,6.236236083920372320e-01,7.050075178386505659e-01,4.474590229387424567e-01,4.026292358990102294e-02,8.387550663506599946e-01,9.466184896280500638e-01,3.973418872441844552e-01,6.833015128010850869e-01,7.040956903783817111e-01
6.618064674586610074e-01,4.430810042697611029e-01,7.895525924106587823e-01,4.692976871298105701e-01,5.552804096299163161e-01,6.067059639174400276e-01,0.000000000000000000e+00,5.367513501022800337e-01,7.766334230684981410e-01,6.155417925665137568e-01,2.921744650239226360e-01,5.816063839518951228e-01,-1.040284827891149733e-01,2.397072838923276772e-01,2.694326682823835473e-01,6.308149322967940842e-01,8.249790730666495264e-01,5.786953580241203099e-01,7.006984108888635321e-01,-1.641598664778246841e-01,8.889947068483300407e-01,6.443651270164107991e-01,1.752035839934652506e-01,6.130877637410382386e-01,9.848993365636926622e-01,7.686152633824628877e-01,4.370886975047480472e-01,6.264606211753019904e-01,4.055333538750287570e-01,6.880179146456745221e-01,7.142753715654545088e-01,8.543077144068482731e-01,4.560607651719079669e-01,1.041667233433449385e-01,6.871475107787642367e-01,2.892401742560553601e-01,1.661425163976679442e-01,7.317606054769943968e-01,6.804525340846996340e-01,8.758735519202860420e-01,6.646664153821202348e-01,4.327512429385281800e-01,3.552676686558357000e-01,8.539030072013799044e-01,8.750590228048482633e-01,2.789364009446825832e-01,5.632664387076742329e-01,6.183558603940162435e-01,8.071316321544830946e-03,5.246204674201102591e-01,1.623206388115471244e-01,5.769461395519914770e-01,7.400274423221882003e-01,6.865850544397781308e-01,8.575652888975247023e-01,3.924898603938796748e-01,5.580732854180894265e-01,1.496982460023362771e-01,8.315602385919776962e-01,3.752645416626654296e-01,3.966101691933051621e-01,4.647965505275407638e-01,5.253439429590398557e-01,7.088606337736572671e-01,9.807370491309728155e-01,2.255515280971184533e-01,7.232374500902952752e-01,8.615299397594483599e-01,6.672014717979901643e-01,3.716473232589629916e-01,5.950312918861746514e-01,7.556363270470083382e-01,2.801083171841415309e-01,1.180730081267339221e-01,8.237165004250616152e-01,3.641362514546639950e-01,6.666956502675043250e-01,8.546941435689919819e-01,7.851505993221559176e-01,6.786218214072374522e-02,5.529841336067488067e-01,9.620698442951529650e-01,7.702453160610727156e-01,3.731015413209727294e-01,4.073810772457320262e-01
8.725341436952909202e-01,4.783058893722593741e-01,6.853848281971866019e-01,4.760267523633417985e-01,9.163933823156904523e-01,9.696854220631923038e-01,5.367513501022800337e-01,0.000000000000000000e+00,9.073330229719803741e-01,6.900765090088130105e-01,5.359396838972003696e-01,7.957149475322629062e-01,8.357373229021539118e-02,6.616193780903356636e-01,4.013944035755115380e-01,4.458336512803373619e-01,5.885552123328592344e-01,8.019961598160250116e-01,4.458248177518153166e-01,8.518728914946807063e-01,7.266514852869596641e-01,9.752179170246216833e-01,6.729447595664420634e-01,9.455815876204765047e-01,6.481531130459085022e-01,6.909489607904977237e-01,4.962599554186485351e-01,4.925212893762695998e-01,2.449635946112602713e-01,6.426001307129152185e-01,6.055031881989821896e-01,7.299559183815303998e-01,5.031251834581353943e-01,7.072399927187086321e-01,4.659590030207334532e-01,5.488522999326909124e-01,4.851736091792912542e-01,9.884636617327593466e-01,7.524347235049358984e-01,2.587427026537312824e-01,-1.360334867737950926e-01,7.289036026934815338e-01,3.595681995021696720e-01,8.250172430482588526e-01,9.100022177267518275e-01,4.718162145713446498e-01,4.475092890448770788e-01,6.399497823797175577e-01,6.601320952600321368e-01,4.029184857754899984e-01,7.659272702372463826e-01,5.873616615807866204e-01,1.318707847679831402e-01,4.868649782710955942e-01,9.495324752360669862e-01,9.083353014407397064e-01,5.831633613079081346e-01,8.634200119476710400e-01,6.551458590660568237e-01,5.699900697397735083e-01,4.672791843410992740e-01,2.662640005013799382e-01,-1.758461793767428227e-01,6.094220632309158558e-01,6.645137717149728340e-01,4.146564363425941924e-01,3.702157316179884028e-02,8.973957257623422779e-01,4.745806348405375852e-01,4.770260177533997004e-01,6.468755891313615614e-01,7.094431955673722312e-01,8.819255789025393089e-02,1.047273651169499109e-01,5.858534097038279320e-01,5.697075844629169161e-01,8.647446973180662466e-01,6.420230769479084998e-01,3.493850021750837254e-01,5.048821007928734339e-01,6.705100913114826477e-01,7.813998567792324046e-01,9.948711495885277367e-01,3.060700464088441652e-01,4.666625195494484846e-01
7.693179439817534604e-01,9.077006292465530368e-01,8.476904630647364991e-01,9.964846199032278973e-01,2.263928235109066711e-01,9.530507504434880817e-01,7.766334230684981410e-01,9.073330229719803741e-01,0.000000000000000000e+00,6.945316877138898448e-01,9.248228414825480082e-01,7.451790159446067818e-01,9.662274761285222224e-01,7.171325106380965764e-01,6.214611682308919249e-01,8.899066969508921954e-01,9.150348532447043493e-01,9.651110191368872382e-01,5.407652449402832184e-01,6.158434396732503924e-01,6.957592457885404258e-01,7.065058991698665025e-01,5.154030645810891986e-01,5.083722877804301987e-01,3.966009004932353754e-01,6.037370358756448674e-01,8.004583027941210016e-01,6.093887742370253102e-01,4.569933791464654282e-01,4.946348861004090658e-01,3.962717505780707361e-01,7.630772071513932664e-01,6.576504715412742064e-01,6.317001850903519733e-01,5.551558075121498792e-01,5.655095172242037282e-01,8.753680474502370523e-02,6.438285390466582658e-01,9.714138165404285763e-01,6.650947059443248488e-01,5.428800505081244898e-01,7.324393120218753994e-01,8.671228340896712794e-01,2.453640548658068687e-01,9.572796327359481827e-01,9.794292971524432012e-01,7.868739631206811413e-01,4.417169831674761515e-01,4.539917267101506448e-01,4.669567490391914877e-01,7.581367162925325420e-01,7.941740889320375585e-01,4.079020878052863619e-01,8.290677141500578662e-01,8.564942873417303870e-01,4.491475116721305727e-01,7.064947890698543009e-01,5.597912649897552884e-01,8.819103151487359682e-01,6.287423740371243797e-02,3.966782278839612874e-01,3.456863380682982934e-01,2.728597335180035222e-01,9.303147905065777268e-01,6.947467724318708848e-01,4.059196344258105271e-01,2.198410513862336657e-01,6.334523442618199551e-01,6.761495207122014683e-01,6.593192581778006822e-01,5.426470923677817471e-01,7.583101503161906454e-01,6.477501518030642780e-01,6.907942715850522442e-01,3.468240059191464164e-01,5.470002332953770585e-01,7.937836823668584785e-01,7.350725822086143779e-01,1.915263955785622974e-01,4.640885138535431609e-01,4.858343229144805875e-01,4.485503659859635395e-01,7.864795860020017404e-01,5.098119486539640643e-01,7.383857436960787890e-01
9.559545415156821546e-01,6.216693193746798407e-01,6.260343687833422877e-01,6.521168137876979243e-01,8.840697153064106528e-01,5.520473187552025207e-01,6.155417925665137568e-01,6.900765090088130105e-01,6.945316877138898448e-01,0.000000000000000000e+00,9.029476164337835176e-01,6.904156702254088396e-01,4.146181170973176067e-01,8.727952785432124827e-01,7.363242060557724233e-01,7.679573714990945987e-01,8.323851891207680875e-01,5.056640091453480368e-01,4.828012254527733194e-01,9.195717988140608146e-01,7.949724276161211911e-01,6.982752451712320729e-01,5.405229272197338286e-01,8.250630700024346176e-01,8.382030106507059042e-01,8.094846625207501312e-01,9.652140882171408309e-01,5.974777463393861066e-01,2.260677017418639134e-01,7.388218775898717228e-01,7.242354859269591882e-01,5.728677002636406446e-01,2.740058357126292643e-01,9.187109334106376979e-01,6.053679877531702447e-01,3.729407570526676041e-01,-6.379388424097290344e-02,4.297123193163933652e-01,7.380583564386758999e-01,7.121065755828569488e-01,4.875338995848806367e-01,7.188659675465578491e-01,8.998040105972164859e-01,6.332403566888564761e-01,8.410399114384029540e-01,5.173142950908616866e-01,3.356061437402587666e-01,7.824474419812182946e-01,5.676612211156839560e-01,1.213546668321652117e-01,6.699059630416150934e-01,9.443353160222298648e-01,6.982578012895956920e-01,6.056606333369565220e-01,5.616696457374199536e-01,4.745903863196332950e-01,2.180629426578593599e-01,7.183741215368032451e-01,6.000898796668754365e-01,5.841779870969563415e-01,5.354383225273826596e-01,8.915089686902554211e-01,6.465841945404617874e-01,6.684563556440810128e-01,6.533691901156443160e-01,8.964231907195834292e-01,6.015583294345941967e-01,7.002389791709762168e-01,6.976889326355867338e-01,6.773262663689553209e-01,6.563040193583140613e-01,8.044634036739329863e-01,7.464467539774930493e-01,6.856906947449948886e-01,6.756254367845324627e-01,3.195757661336745548e-01,6.426638565927047519e-01,2.548467613156779610e-02,4.815598935572490413e-01,1.047213970020693108e-01,1.090072594098997760e-01,9.018317886153378593e-01,4.739465293445988547e-01,2.913524947840596679e-01,8.360718468027157346e-01
9.756281887486748516e-01,6.316848443204829966e-01,8.023511654126653792e-01,4.926738986220444150e-01,4.832669054035136913e-01,8.182205276973730790e-01,2.921744650239226360e-01,5.359396838972003696e-01,9.248228414825480082e-01,9.029476164337835176e-01,0.000000000000000000e+00,9.148824366332677371e-01,9.520336751029701006e-01,9.331649699067601222e-01,4.075196673185839114e-01,8.683394780786565237e-01,6.540657618802472317e-01,7.336186684168471972e-01,9.589389887122210521e-01,6.937882480527991502e-01,8.294273444584407962e-01,9.978267704292282936e-01,4.704480016253346775e-01,4.148302394159472106e-01,5.964478650260742754e-01,4.984227741696107272e-01,5.957034355240213852e-01,8.623297161629085439e-01,1.858407733038311971e-01,2.013437247060726187e-01,2.695523209259405584e-01,3.272206991697635403e-01,8.013482977401319429e-01,7.527338533641751983e-01,6.156331010829120265e-01,5.034107130392360130e-01,7.223631451768468270e-02,8.737711339522249432e-01,8.209639106135818709e-01,6.066073152442253980e-01,6.099385199986325778e-01,6.679264903283552712e-01,6.490704298336039679e-01,9.837232867598033614e-01,9.564995048896101082e-01,9.296709527754580815e-01,4.110575394745135114e-01,9.750158986554928742e-01,7.265482682073175491e-01,9.061897411619526110e-01,4.396315576358860167e-01,9.096308546082731983e-01,5.125868021707192801e-01,2.321642075915151260e-01,4.342150894109788606e-01,4.165718624454662899e-01,4.246132560308318177e-02,4.081855116675663919e-01,9.317740139691089718e-01,3.432340882978950347e-01,3.222520662032012373e-01,6.604742724568879453e-01,4.230816372892460819e-01,5.847424342078434423e-01,7.484203584317477009e-01,5.970519393805138186e-01,7.715730034736004717e-01,7.915347930051068737e-01,2.168593961936281789e-01,7.244187873389907883e-01,9.984573625352735071e-01,9.403312228789378890e-01,3.234283901910495196e-01,5.343466221970931684e-01,6.697788431401510145e-01,7.195904954656757724e-01,6.314443086330491228e-01,6.060552110238832668e-01,5.314724766894973751e-01,3.101815081041736644e-01,5.301957104078548477e-01,8.484109662996202061e-01,5.042018970776982467e-01,8.659736415811994381e-02,7.112272919050257602e-01
9.590804874362279797e-01,7.462947732001148360e-01,8.741332007100977020e-01,7.831776809920972804e-01,7.583215819153321657e-01,6.352810633704013554e-01,5.816063839518951228e-01,7.957149475322629062e-01,7.451790159446067818e-01,6.904156702254088396e-01,9.148824366332677371e-01,0.000000000000000000e+00,6.518579472247686413e-01,4.328217206984869003e-01,6.918006926931548062e-01,-1.392106787925816436e-01,4.383953849528553492e-01,7.618183400897775570e-01,7.335143735896917372e-01,9.066364959061341544e-01,6.357600154735731923e-01,2.717358908912974672e-02,8.749191342370886693e-01,6.508245400974372874e-01,6.417623602828547158e-01,7.674811559532218608e-01,5.765379239143008094e-01,4.575078853605681339e-01,8.545848360759678020e-01,5.269378103582815775e-01,4.126057938835120953e-01,7.221840024083301390e-01,5.308885646033378869e-01,9.943647944208439116e-01,4.864544983077131457e-01,6.726265789228149661e-01,2.110733624857301372e-01,3.431655137311108161e-01,2.288729217131950933e-01,8.945904437226067651e-01,2.374594551396628228e-01,8.477846279783229910e-01,5.302733679432251046e-01,8.673550715355032859e-01,8.560399934941280709e-01,8.001906837433652164e-01,7.473964472758273248e-01,9.608038211399618778e-01,9.972368876885345790e-01,8.439333636084315193e-01,4.048553769541607950e-01,4.757184954813227784e-01,9.341575724152308968e-01,7.342092647983361475e-01,7.394569335457513715e-01,7.908504148693898950e-01,7.830093615488193937e-01,8.131773374417612388e-01,8.839425293403860850e-01,7.048358463983892541e-01,7.462746378089539778e-01,3.458765406885712101e-01,9.974938123800338730e-01,4.382148640732608791e-01,9.479857039192847168e-01,9.915298755309780443e-01,9.800844048862636937e-01,9.306643122015694214e-01,2.379037386273913923e-01,6.239354852550805797e-01,7.739395381334560620e-01,8.029043782078042479e-01,1.015271503545087800e-02,6.312145240976417548e-02,8.316802627257319225e-01,4.669847634611778431e-01,6.964558209976237091e-01,6.410881910279998541e-01,3.096421467302310493e-01,3.154880653455115480e-01,7.900814594340390684e-01,8.921144854593185958e-01,8.500349757991493282e-01,6.439498126184807214e-01,6.261146358358282704e-01
6.097678692556577351e-01,4.767659125206444859e-01,8.600551218466001568e-01,7.270397029906661146e-01,5.544147302366470020e-01,2.462318556279663451e-01,-1.040284827891149733e-01,8.357373229021539118e-02,9.662274761285222224e-01,4.146181170973176067e-01,9.520336751029701006e-01,6.518579472247686413e-01,0.000000000000000000e+00,8.144990713273086991e-01,5.879961783111640194e-01,8.444279123874981474e-01,3.116241328280263678e-01,8.346791421467156802e-01,5.863118078916927933e-01,7.497631837435881907e-01,4.605603983264973111e-01,8.231041579411345621e-01,6.354904842373033658e-01,7.860273739587881892e-01,4.751475308604535264e-01,8.044507979192798697e-01,7.262427055569233847e-01,8.500150151110151819e-01,5.118292167062331588e-01,6.666502827879012827e-01,3.244165414336107611e-01,5.845012235799478262e-01,5.065788685349708054e-01,7.179317730730353508e-01,8.562060774393251972e-01,1.910400246125332213e-01,3.468319567299518041e-02,8.849655377645987420e-01,9.053157243838680923e-01,9.025574410676068249e-01,4.273537456262613832e-01,9.906121875950526512e-01,6.525937968627432140e-01,6.267397345840060030e-01,9.355748614433027077e-01,8.423681624519943067e-01,5.477896312991925587e-01,9.014595863398254805e-01,5.698138383145068264e-01,5.801852226961097259e-01,8.242225436328873833e-01,8.973188803552096804e-01,9.250568327293611226e-01,5.913727254254461663e-01,6.052428382052343903e-01,7.219118399368088523e-01,6.655320305549343729e-01,8.604848859264149219e-01,9.094630724913598252e-01,1.746326914075318204e-01,7.655554886430212536e-01,6.655235503334760994e-01,7.385924019320238010e-01,9.381460462524680022e-01,8.758213862035510999e-01,8.926647581431181866e-01,6.174745746826240111e-01,7.158473972875499802e-01,9.393241583402173189e-01,7.584775159672368927e-01,5.584175893981496719e-01,7.530215475676552694e-01,6.059945949617391303e-01,2.838759444446516955e-01,6.420150622287490449e-01,7.989292566659278449e-01,8.969881229037927062e-01,6.325634875324657180e-01,2.072839863832722784e-01,2.580164411949332215e-01,4.375053322670491296e-01,2.710142656682340001e-01,9.160331568514472611e-01,9.859824093995958050e-01,8.285408468319592767e-01
8.932717386895984157e-01,7.458209043534258509e-01,7.342258450261530678e-01,7.235922413042313872e-01,2.157927027477663240e-01,7.233785471040670156e-01,2.397072838923276772e-01,6.616193780903356636e-01,7.171325106380965764e-01,8.727952785432124827e-01,9.331649699067601222e-01,4.328217206984869003e-01,8.144990713273086991e-01,0.000000000000000000e+00,4.502115459357348692e-01,9.752982726154575399e-01,5.420793146439849552e-01,7.679280392295678714e-01,4.264108627049780775e-01,7.260918402615887945e-01,7.923346586713224671e-01,6.208595887882331077e-01,8.582532460222633830e-01,9.312618218318573504e-01,5.215624642049784265e-01,7.212754841615334200e-01,5.249672692314617528e-01,6.839374274872639381e-01,1.010518906375563741e-01,3.387364044968949606e-01,7.186944009790439958e-02,6.892330598028220123e-01,3.934133287397006962e-01,7.025491350346738662e-01,6.159200942974103477e-01,6.673140110196909003e-01,1.881412569861715678e-01,6.028962943328575186e-01,8.780770158164941108e-01,6.127329714000406824e-01,4.567750927466338040e-01,6.556517413581424147e-01,8.021239181965078568e-01,7.890124729247605107e-01,8.896012605585945643e-01,6.685757277062357451e-01,1.491649614733668583e-01,4.276638968508371663e-01,5.294093509525378272e-01,8.672930436098873486e-01,4.239936354946241548e-01,4.951139995258158240e-03,8.891024582366022777e-01,4.831831451582709880e-01,1.135289589610142813e-01,2.373627360729088087e-01,4.728893346008936627e-01,9.010010713329386078e-01,8.172909601590037099e-01,4.083250278019965318e-01,9.400159387360327301e-01,8.189475385338166324e-01,9.562500427695991290e-01,9.679714565195464138e-01,7.389906184719017279e-01,6.893651000546553442e-01,6.684621976837991086e-01,6.092569064464490314e-01,7.675356612687924684e-01,6.771411531405742146e-01,9.803190840042910192e-01,7.527366188520344670e-01,9.335057484626119173e-01,7.621811257862340927e-01,6.010003934718488594e-01,8.971444999093644013e-01,5.589407377138402300e-01,6.197523256941015468e-01,5.703890835120380975e-01,3.325208943105658621e-01,8.466069993404741201e-01,6.847975957748011488e-01,8.046539025515322408e-01,-1.625367380456235189e-01,9.311788257726246743e-01
2.021300487524073930e-01,7.706600419124158829e-01,5.596379522620478220e-01,5.933290858925386324e-01,3.658139200273687885e-01,6.550669482638770136e-01,2.694326682823835473e-01,4.013944035755115380e-01,6.214611682308919249e-01,7.363242060557724233e-01,4.075196673185839114e-01,6.918006926931548062e-01,5.879961783111640194e-01,4.502115459357348692e-01,0.000000000000000000e+00,6.932028529161096131e-01,4.847963685315292981e-01,4.085656452325772681e-01,7.121288730540680234e-01,3.469451402384866601e-01,7.111563182873644751e-01,5.677476918275883300e-01,5.742092559189974077e-01,9.515966209507982221e-01,6.193735079193942727e-01,6.998203453854904277e-01,9.472848607104681351e-01,1.628780053991296661e-01,9.869711152742214333e-01,-1.523058643562209269e-01,5.087935281553381817e-01,6.052639044299070736e-01,5.872617471111069021e-01,9.627127880170155416e-01,7.624246170262729549e-01,4.243632358767177593e-01,3.414224403259196183e-01,8.589145161536303474e-01,7.689270862771306891e-01,9.970415049281657893e-01,5.131010892843183013e-01,9.348637229034278961e-01,9.176714016433040744e-01,6.041171727116072532e-01,6.412058722492005591e-01,9.957869766414132462e-01,3.310604406047114590e-01,4.245838314200381380e-02,5.039334065977831845e-01,9.809790552859942725e-01,6.355539703542641972e-01,6.046768096314446561e-01,8.194311296815129930e-01,9.987803143496015723e-01,9.347385088047054369e-01,6.992305788913223408e-01,5.996728483221673844e-01,9.045553367326748528e-01,8.431946904635458928e-01,4.292775587181287267e-01,5.144380258512745163e-01,6.147568557704150560e-01,8.766783434498623961e-01,7.591853698932665706e-01,8.165727506581372808e-01,7.502453993403722654e-01,4.815501858147659409e-01,7.776007472223712691e-01,4.913940958501358258e-01,7.073324176245033845e-01,6.068737417729122008e-01,1.852400926257784519e-01,4.623186105967496129e-01,1.117047690553076011e-01,2.595227009113340033e-01,8.590952915142293644e-01,9.717564130412652545e-01,6.425325421914940272e-01,7.377870927219479236e-02,9.512982357968208236e-02,9.173876464404328024e-01,6.785716818653301230e-01,8.511700333950271702e-01,5.340291551842016871e-01,6.524190449462030639e-01
7.224411777702540727e-01,4.760170233171933662e-01,7.523610419165096541e-01,7.149818123369869882e-01,6.982175486295191247e-01,8.831156822836805365e-01,6.308149322967940842e-01,4.458336512803373619e-01,8.899066969508921954e-01,7.679573714990945987e-01,8.683394780786565237e-01,-1.392106787925816436e-01,8.444279123874981474e-01,9.752982726154575399e-01,6.932028529161096131e-01,0.000000000000000000e+00,7.587459241378198271e-01,8.598341519945202904e-01,4.898120324295301975e-01,6.218509014799166179e-01,1.944994029266093882e-01,7.619530248373647119e-01,4.982053488935220820e-01,8.084644775850933218e-01,4.459379604707173206e-01,9.919480434780270084e-01,9.162876429468195250e-01,8.364562359343445941e-01,7.912635656057169786e-01,7.643511139893397477e-01,6.637892124781030745e-01,8.345962783040224986e-01,7.558134827349562990e-01,9.955795450665370083e-01,7.459396399366927111e-02,1.474694648770779049e-01,2.586372431650935111e-01,3.303690756149378904e-01,3.888357075250544748e-01,9.804591777484490400e-01,6.341287501139126759e-01,7.075737446558739707e-01,5.317094979251617559e-01,8.636910802665569431e-01,6.839033648503037854e-01,5.052241979943395966e-01,6.286259939416780629e-01,2.236220629981005847e-01,9.266028592508227524e-01,5.176967279036612801e-01,7.108785518387432667e-01,6.128634916840538516e-01,7.407252284663613517e-01,6.466334363875143598e-01,9.223910100153586145e-01,7.307549974000742132e-01,5.163266454252827264e-01,5.902386785124756896e-01,7.015894904653068309e-01,5.415353399665734369e-01,4.760939535577007886e-01,9.236724231698772991e-01,5.589462636145893226e-01,9.957405269363811540e-01,9.077718644106932411e-01,2.612697655267652297e-01,1.882009507399517168e-01,7.192068226681324061e-01,9.173134271204639312e-01,5.138968444331099006e-01,9.124165115286592131e-01,4.385983632858743153e-01,4.620609105048542053e-01,7.051650269645968194e-01,5.099464009617300508e-01,5.339275418268084605e-01,8.254411964456911388e-01,5.804375761584662508e-01,5.016916296213751458e-01,5.161909875066199582e-01,3.832712181854733835e-01,9.806206024276379329e-01,8.789395644418461773e-01,5.352284215466615036e-01,8.781606008040286904e-01
7.003896587467873802e-01,2.093346043548103830e-01,8.262062678644732650e-01,4.655797166816178501e-01,7.183822125542572712e-01,9.748261772577083706e-01,8.249790730666495264e-01,5.885552123328592344e-01,9.150348532447043493e-01,8.323851891207680875e-01,6.540657618802472317e-01,4.383953849528553492e-01,3.116241328280263678e-01,5.420793146439849552e-01,4.847963685315292981e-01,7.587459241378198271e-01,0.000000000000000000e+00,6.681950269600338554e-01,9.873171738279191700e-01,7.934674737469435968e-01,8.660155398027340468e-01,9.535335005156297949e-01,7.615655900139970402e-01,9.084723859987513528e-01,3.020384932014604784e-01,8.787869622071564635e-01,8.569720596317693673e-01,6.019886263798319703e-01,7.353069663030604719e-01,4.291017584113939187e-01,2.205688902746941182e-01,8.378924339981628222e-01,8.781359368476386873e-01,6.573869828218867895e-01,7.738808147504367962e-01,6.675953662519980014e-01,2.327252321054941731e-01,7.099757083154555337e-01,8.740681615321606035e-01,9.049165296827773597e-01,6.065541041103267306e-01,6.802082538323911409e-01,3.534160916883571923e-01,7.040558109199589465e-01,8.296701959750473199e-01,8.858580784411408393e-01,7.728764527934470774e-01,4.744760319579113816e-01,9.047449131801083011e-01,5.768031683885422867e-01,9.959094528915555244e-01,5.669694921673169574e-01,7.407345764826964718e-01,8.224008981886528069e-01,7.813820475803029408e-01,7.411217669120533369e-01,7.024268441591823287e-01,-3.671419301564393667e-03,6.349283075657086162e-01,2.792509863112493385e-01,5.835014118055441568e-01,7.169601393210304208e-01,7.743038135022052293e-01,2.523873557198839657e-01,7.133732353756142563e-01,5.251663316379854285e-01,9.218695464576126541e-01,9.000310718418622624e-01,6.401492601921061620e-01,7.167044718174371276e-01,9.215703409066057228e-01,5.427575490264630043e-01,7.472767617752397173e-01,6.601561682272847342e-01,9.688868484254955504e-01,3.933222049067339882e-02,7.466698378917271395e-01,9.336340588159444120e-01,4.250970650914142057e-01,3.875999424395886184e-01,4.372556836594130303e-01,8.647276181617651325e-01,2.506115520437638411e-01,6.087932666639167545e-01,9.479102693833408866e-01
9.204553421821337622e-01,6.146899201811827362e-01,9.283653519923369402e-01,6.796709307541209943e-01,6.796550182290989062e-01,6.857171519575778751e-01,5.786953580241203099e-01,8.019961598160250116e-01,9.651110191368872382e-01,5.056640091453480368e-01,7.336186684168471972e-01,7.618183400897775570e-01,8.346791421467156802e-01,7.679280392295678714e-01,4.085656452325772681e-01,8.598341519945202904e-01,6.681950269600338554e-01,0.000000000000000000e+00,7.474080672745260223e-01,9.885448122676384619e-01,8.619378317363139974e-01,7.417862722080202920e-01,7.375943887659839326e-01,2.449029995733740528e-01,4.028141194268509140e-01,5.466897081238077938e-01,8.315774104719254600e-01,6.868069921178379111e-01,3.786340042365253789e-01,4.830770536560466399e-01,4.541064984536318239e-01,9.302651379959090416e-01,6.574727641219455521e-01,8.917994743878888686e-01,4.817557614064824079e-01,5.499598523585808030e-01,4.766810346076490457e-01,8.010459398201955628e-01,8.432087286236602530e-01,4.297386525433141702e-01,4.461069429683645615e-01,2.935990700930037889e-01,4.343564962067518742e-01,7.386682133476227818e-01,5.386133754960764630e-01,4.902758726546572188e-01,7.199808307587185485e-01,6.114574205198097800e-01,4.759425156519488387e-01,5.304250938932020265e-01,4.542859601625841015e-01,8.632948039252565930e-01,8.714283138127685291e-01,1.797088407441961855e-01,5.553464655814395190e-01,6.403371305848366557e-01,2.462631585341472085e-01,8.473736825875761713e-01,5.160439661956419677e-01,6.243308761684540631e-01,5.384881088555073525e-01,9.974550280937173330e-01,8.128695803204271098e-01,6.179481801254235185e-01,6.958195636660036154e-01,5.947256094382782354e-01,6.403948005657459364e-01,5.047327340811001983e-01,8.860282292460006648e-01,5.966639989234883146e-01,9.508060478522242231e-01,8.289637528051159165e-01,4.669790647239970838e-01,7.853536414165387392e-01,5.844224144948061417e-01,7.406782087772015855e-01,9.352987592864687727e-01,2.035609450562542444e-01,2.456592407119765065e-01,2.684927318000758234e-01,8.953424840879579127e-01,6.694237255824742050e-01,8.416289406319820143e-01,9.737276297266261871e-01,6.470804864231034514e-01
