0.000000000000000000e+00,6.122894273105381480e-01,8.938772564821296784e-01,8.016508487240340264e-01,7.975008267456722422e-01,8.568385355414273041e-01,9.666359389459207030e-01,6.841928859247785599e-01,9.529998704158956224e-01,7.004664037276066013e-01,9.089576656277964517e-01,8.919733060716967810e-01,9.373360456562053189e-01,9.221160547536925156e-01,6.883333191128493400e-01,3.427007711536034784e-01,6.872786027772431749e-01,7.412072801819574730e-01,9.073662988188282430e-01,5.270929325218858263e-01,4.075208358196285435e-02,7.505908164395772575e-01,8.515406929790647617e-01,8.588910021468557643e-01,8.700077593731971870e-01,9.002998621573217175e-01,2.861301600701119385e-01,7.259387968133078628e-01,5.598558763835672636e-01,3.176899590690718256e-01,7.167829510859686781e-01,6.854655785663297252e-01,8.378037842527412682e-01,8.940044192720094651e-01,7.279481037402240062e-01,1.721923564073266771e-02,5.983063001060076047e-01,6.186861256633801043e-01,9.055340811981407168e-01,6.408642883419016778e-01,5.912354514964004437e-01,8.800476875266233234e-01,6.902203699918451063e-01,9.480607059462027308e-01,8.442276840637243929e-01,9.675139931578163877e-01,7.946582280379558272e-01,8.215745415629555071e-01,7.088362588016152710e-01,8.401039184095113743e-01,8.283850802065203522e-01,6.818911938783258631e-01,9.003823655547583682e-01,2.337110874882745992e-01,9.070310330371507135e-01,8.124148982274564945e-01,4.648255495735136300e-01,8.310424488797644171e-01,5.806748757455937326e-01,4.080165800019655009e-01,7.450374461737983012e-01,4.889868660409048551e-01,9.933497643953960177e-01,6.121256150152496467e-01,4.978982478124750477e-01,4.912159504540207777e-01,8.723121952470622720e-01,6.891685498035704516e-01,7.450661512700731404e-01,9.181066046059479513e-01,5.864532183920982966e-01,9.862257386776646095e-01,3.622499993106116367e-01,5.468799871393320577e-01,5.781438431331706873e-01,6.542540272335625184e-01,7.208015684904696130e-01,3.139650217769314744e-01,4.016286676511972020e-01,1.838316887715185644e-01,8.733444101407656923e-01,6.343656463562250547e-01,6.828969357437792986e-01,2.253528910429441756e-01,5.334310676382179039e-01
6.122894273105381480e-01,0.000000000000000000e+00,6.339085814084353121e-01,7.948509519160530390e-01,9.494203841204230665e-01,7.071813897889328571e-01,4.357071701909177586e-01,7.974897681708559283e-01,9.190679906448793179e-01,3.100143117995551312e-01,2.618945923288308331e-01,2.110114236402993448e-02,6.619179356374248480e-01,3.384840374913449662e-02,5.210216195044892196e-01,2.324938419613308271e-01,7.557894260390605190e-01,8.485551129280011207e-01,5.742320921194135064e-01,7.106030242340891645e-01,8.428523735122596117e-01,7.687541078563593366e-01,9.309176080817684884e-01,9.275732535863353556e-01,6.168692689651940064e-01,5.762662448565829543e-01,9.162928044574614184e-01,8.776090783604463264e-01,4.844831617992410577e-01,1.036173065500514412e-01,4.021384203143277269e-01,-8.181163634618139613e-02,7.004093409195096820e-01,8.478604861792784497e-01,4.055457912890509942e-01,7.004184894013602003e-01,2.997945173555479625e-01,4.541582980592630547e-01,9.665411861932076132e-01,7.250105921927791908e-01,7.823617070026149811e-01,6.267587924128934507e-01,9.674161057465364699e-01,8.068465718242250340e-01,8.440948438995590219e-01,7.783087672152516623e-01,7.091290787126122153e-01,8.642008758008877800e-01,5.563283607743964021e-01,7.440371857113491361e-01,7.953841924346196635e-01,3.800643818298398147e-01,9.388381432635115598e-01,4.623174707952564244e-01,9.757497692932022293e-01,4.728905874247842367e-01,8.399448456292696319e-01,4.730812062931212814e-01,6.971780938833513908e-01,2.239849423111182625e-01,5.784147621415893781e-01,8.752827282520880825e-01,6.175371328598212584e-01,9.230863075569495368e-01,9.812097160517661010e-01,8.225499638212541154e-01,4.195859469004508679e-01,7.832278279967928025e-01,7.746523595385930161e-01,9.134142778169023202e-01,5.477754990461098927e-01,2.203225825902475205e-02,7.285464062500688343e-01,5.977719273121790966e-01,7.023657410361098252e-01,6.148909280814981448e-01,2.598305775682093754e-01,9.930848499789806105e-01,5.055995212543740180e-01,1.308687968335953133e-02,6.648309442266835401e-01,9.963986902779554677e-01,8.281452892900905693e-01,6.425024836513890669e-01,6.100395872226587191e-01
8.938772564821296784e-01,6.339085814084353121e-01,0.000000000000000000e+00,4.135274368022870961e-01,7.455029323198811841e-01,9.441316946613844685e-01,6.911844074319417608e-01,4.632576771091572732e-01,5.519849642872922679e-01,7.620929727182970126e-01,2.715291754638179955e-01,5.033333454630911641e-01,7.738019009118691782e-01,8.956745838697653950e-01,9.403480411345470635e-01,8.533374150663317614e-01,7.554523240721431332e-01,1.826063979297312123e-01,9.127597467353198990e-01,7.824932416645591360e-01,9.715657900088355836e-01,8.461881839831481011e-01,9.868774614965761804e-01,9.687245239777358963e-01,7.286157175638992012e-01,7.738076884051584559e-01,9.808838065232690084e-01,8.276379328094850552e-01,6.301602158553029076e-01,4.175275367530868476e-01,3.338857120267424428e-01,-4.756763135233421647e-02,9.896602312135699409e-01,8.479192864214238901e-01,8.513294786241949463e-01,5.292517187084107011e-01,1.245003481471049778e-01,8.514712419562988632e-01,4.785190825508951473e-01,8.780082342224437841e-01,-1.880684510732638648e-02,9.427342411634023200e-01,8.023727480549528446e-01,7.771200939059483837e-01,8.274460894366144625e-01,9.217392513518787300e-01,8.666178953571925803e-01,6.477753578710790938e-01,9.638057642229199695e-01,9.285552780808999929e-01,6.154963894732569107e-01,8.001788333442532153e-01,7.524915083704052376e-01,8.694450230722996498e-01,8.168685749802265805e-01,7.222781040213432924e-01,7.695999629006397003e-01,8.710459350974947279e-01,9.308057691148741153e-01,2.376749590603496887e-01,8.754857092201290270e-02,5.037486115628303507e-01,9.252559781030490482e-01,3.147110739867483575e-01,6.133624528681064225e-01,5.720396076691026677e-01,5.996879533452382782e-01,1.496004811308397631e-01,6.411647001390115008e-01,7.054075358072083857e-01,9.347402192179837810e-01,9.043382794663955559e-01,3.188724141055774286e-01,2.473789597826315037e-03,9.485981315211322595e-01,5.828929091207827318e-01,8.453051219578066044e-01,6.553000939185811280e-01,7.718671897578064378e-01,3.244964209747542849e-01,8.836201536875109008e-01,8.133535068762107745e-01,7.681706555407208370e-01,7.202191056288909099e-01,9.547503222685165269e-01
8.016508487240340264e-01,7.948509519160530390e-01,4.135274368022870961e-01,0.000000000000000000e+00,7.832662186378294145e-01,7.814176054182574438e-01,6.973360041378279250e-01,1.244352321397393935e-01,9.360297585001801091e-01,7.349731245682324943e-01,4.845347549694953293e-01,9.377838451043204460e-01,7.248629569092621683e-01,4.502094157052129453e-01,9.829146427566529676e-01,6.736747541370627923e-01,6.173496831114735350e-01,9.115013728757722644e-01,7.885822375058308964e-01,4.121523657558022746e-01,7.467859413837322213e-01,6.378839322446875348e-01,7.350258072894646499e-01,8.448535245327660759e-01,8.582103000168562756e-01,6.020260313077305803e-01,9.805586639904302348e-01,8.289981050262760220e-01,7.379725785003220517e-01,5.094272545904294791e-01,1.584481425838468460e-01,4.958019039896388591e-01,6.035103880380339181e-01,3.556080572630017089e-01,7.226864868188507263e-01,6.154898547261367092e-01,1.925972768911271282e-01,9.549131772086938419e-01,6.255990970088727288e-01,8.838862827141172884e-01,5.252310975501656154e-01,6.374041522094859857e-01,6.356699107942955784e-01,8.163500409206808639e-01,8.591573314836593589e-01,7.520858740564598799e-01,6.814302689668864099e-01,5.440969905719268418e-01,7.314574340410919806e-01,7.390523399804116433e-01,8.558832309366873892e-01,9.222113071025156428e-01,8.070659713402336122e-01,8.964623789662434783e-01,8.135553122427262585e-01,9.701702255208985992e-01,6.906756305219539094e-01,8.128726466930755734e-01,8.657534974046974252e-01,1.422601823749030658e-01,5.868761347117052996e-01,3.114520866429636436e-01,7.924806221702984654e-01,6.373757528755341628e-01,7.273409375820217848e-01,7.817828280310068489e-01,6.870910450863386698e-01,9.976562890696653030e-01,6.368892784419782904e-01,9.913927146313037397e-01,6.624297370007272701e-01,7.711897533945268890e-01,6.172260301111132108e-01,8.861577178551487410e-01,6.690218734134869560e-01,5.097388407081524520e-01,4.756484103917515416e-01,8.180429105124329414e-01,7.750357140812549894e-02,7.547540439347174557e-01,7.191620795595808913e-01,9.125598623068720272e-01,8.505198231714644619e-01,5.704073035163101935e-01,7.514512961507622268e-01
7.975008267456722422e-01,9.494203841204230665e-01,7.455029323198811841e-01,7.832662186378294145e-01,0.000000000000000000e+00,6.794462044455258365e-01,3.085142335597155228e-01,4.674377628865060696e-01,4.214259172852815594e-01,8.187159006021006435e-01,9.474353388484010319e-01,9.454628196575731724e-01,9.506192538289217620e-01,7.464062049999133919e-01,9.213101322443529861e-01,8.476703670451393169e-01,8.640413138366993540e-01,9.462909212965973094e-01,9.170998156049574579e-01,5.030953483426784389e-01,4.641419565846657269e-01,5.404321699200705931e-01,9.561061835669113496e-01,7.398474385963641486e-01,8.188385165876952421e-01,6.986738646232385497e-01,9.603591490722439561e-01,7.144945857428434133e-01,7.300459674540259458e-01,4.352062544690260548e-01,4.371185172394989604e-01,1.175956349693891290e-01,8.551505672952187664e-01,6.757618562730636214e-01,5.334055479827644330e-02,-1.261019461068403069e-01,1.199335464753459399e-03,5.535059653097951227e-01,9.572744393505948635e-01,7.930383537003105054e-01,5.518500672585264777e-01,4.883808996359513821e-01,9.972626113640623569e-01,4.010671747515982544e-01,6.128261806128102451e-01,6.342349986444895116e-01,6.434272405583718601e-01,1.455987245057994983e-01,3.079280851927669871e-01,6.927937362948768385e-01,6.304967917466802740e-01,6.002886628371931765e-01,6.844720640595278738e-01,9.735641602468829703e-01,8.235596695676562495e-01,7.887757017827619066e-01,5.442635195438114692e-01,3.127026874116863309e-01,8.269686988146359718e-01,7.352675133536050733e-01,7.820395112248302860e-01,6.683332704715569950e-01,9.271333519679094692e-01,8.826987554357235144e-01,6.403623423955946414e-01,5.219377539071655692e-01,9.671676672520171936e-01,8.893529181851966836e-01,5.678385819110157717e-01,5.121142478232192374e-01,7.620526202502994062e-01,7.439227692809570192e-01,5.283052954848382887e-01,8.018265467912010225e-01,4.200765031618136636e-01,5.873483178618568168e-01,2.954289733860027134e-01,7.178750899118508944e-01,4.613272403371547759e-01,3.168668185764026979e-01,4.874260156079222028e-01,6.709831998965949396e-01,5.790132603125347499e-01,6.431397437277002194e-01,6.588086009975286927e-01
8.568385355414273041e-01,7.071813897889328571e-01,9.441316946613844685e-01,7.814176054182574438e-01,6.794462044455258365e-01,0.000000000000000000e+00,4.416692332104769636e-01,7.040277557817805620e-01,5.404307265216949929e-01,9.290872267153788000e-01,6.868371156232134789e-01,4.604404556489046785e-01,7.834189983546950842e-01,4.917437226305101383e-01,5.118714719095216470e-01,4.390967437450398747e-01,8.944712626207188544e-01,7.118081455437810234e-01,7.999313080687202593e-01,7.931474875721344908e-01,7.556987573407092373e-01,5.670411990366507338e-01,9.056846566801766141e-01,3.070352680407487656e-01,7.683802171575042639e-01,6.885398170759703396e-01,9.977638855892738690e-01,4.909521449186277087e-01,4.801686556721724841e-01,2.882924048160961372e-01,3.456028532705884282e-01,4.923423723425575660e-01,7.644332704495165887e-01,8.688306143895150324e-01,1.978884172919551931e-01,4.511909510879968249e-02,2.812231294196946285e-01,8.266040008374466730e-01,4.300577861966686788e-01,6.055243439159868624e-01,4.172458677320762810e-01,6.680768975338327031e-01,6.801192247677895208e-01,6.939684614373664573e-01,6.564108435674164133e-01,6.728354338958464353e-01,7.049371992034976220e-01,9.760778230425182223e-01,6.176016124292631471e-01,8.481393605981821793e-01,4.170291608445365616e-01,8.936929810943902153e-01,6.437946549961465204e-01,5.002216132258080483e-01,7.360418728704053448e-01,7.747337810055150431e-01,7.321090297606915875e-01,8.666464384167845703e-01,8.529625683324491003e-01,9.837883735021405451e-01,3.866513577626931042e-01,8.735489321322181810e-01,6.096935944786432415e-01,6.699861818165440130e-01,6.595295654805048979e-01,5.323991256955166174e-01,3.287491007905001816e-01,9.186738970055722264e-01,6.028415426428189727e-01,8.582484275865087664e-01,7.408958253073221201e-01,8.319796195483183388e-01,4.310085584277790760e-01,5.877103527576279518e-01,5.623449454356617139e-01,7.084253484031374226e-01,8.144001697577535337e-01,5.257626762694792566e-01,4.356032949017942801e-01,1.420852031048169817e-02,4.675795382247354137e-01,7.030369420803148639e-01,9.610137782793355399e-01,6.451513881403074802e-01,9.490694769709362433e-01
9.666359389459207030e-01,4.357071701909177586e-01,6.911844074319417608e-01,6.973360041378279250e-01,3.085142335597155228e-01,4.416692332104769636e-01,0.000000000000000000e+00,5.663932232224571095e-01,6.335591755146438020e-01,5.667924042036278642e-01,3.466030258821979348e-01,3.264986943600189928e-01,6.444025983088214060e-01,2.446038036054131726e-01,5.362636360917355516e-01,7.070772503382117824e-01,6.547745199856935816e-01,4.567816010998248522e-01,9.546656190959916799e-01,7.643274719081626367e-01,6.857791130383877887e-01,4.587893938528795346e-01,9.744303640693063873e-02,2.550600739868508771e-01,9.169369649898169161e-01,4.005673484193217337e-01,9.383114853334709737e-01,1.644037961781642243e-01,4.994589913111500690e-01,3.496328339319539902e-01,-1.285054103381965684e-01,7.671451396727921868e-01,6.785050693640055641e-01,1.780832681458859312e-01,-1.232754251984672089e-01,3.913831051141689610e-01,1.422898955739368143e-01,4.124833426532938385e-01,7.467740013519805764e-01,7.618043499770099647e-01,7.336433324722703153e-01,5.865716781246513301e-02,6.405746029422679788e-01,7.951570304975018599e-01,6.673911012769124795e-01,5.463721447429322753e-01,2.931371049084057212e-01,9.078675378679413877e-01,7.716846303815257935e-01,5.603417212850001494e-01,6.433529491778973153e-01,7.115304963641406744e-01,1.406044431306056608e-01,8.909840990184455523e-01,6.122358728777148595e-01,9.351430801803635173e-01,9.939929095601396369e-01,7.201080362800166279e-01,7.592703321240353853e-01,5.488356432504969407e-01,5.935566417539355211e-01,4.090952060648200272e-01,3.342664049275476668e-01,9.128005099540191791e-01,4.197382666192236433e-01,5.476513573163154236e-01,4.915619758631967207e-01,8.308955314472226128e-01,7.808081957343475654e-01,6.216667807904320275e-01,2.771372186957384853e-01,7.762293329762401939e-01,5.201131647908849853e-01,8.176381998097812520e-01,9.763040784302655650e-01,6.747758252513194055e-01,7.833131000222101070e-01,5.653503267619122141e-01,2.671374718547198657e-01,5.916388424164349402e-01,8.938412760411016400e-01,6.284738115651163914e-01,6.891124309303985340e-01,2.596469057766312982e-01,7.930747350623355008e-01
6.841928859247785599e-01,7.974897681708559283e-01,4.632576771091572732e-01,1.244352321397393935e-01,4.674377628865060696e-01,7.040277557817805620e-01,5.663932232224571095e-01,0.000000000000000000e+00,8.274242700850054089e-01,5.906516464918987186e-01,5.251988965559544198e-01,4.299914904520774073e-01,9.475460662330725814e-01,9.338570494966693669e-01,5.420893615808084487e-01,5.240685722987867834e-01,6.417046545697330240e-01,4.546876459952231553e-01,8.296731899100139307e-01,9.176941449350771718e-01,6.416643913263508914e-01,4.405715520439832389e-01,6.637695843996248568e-01,9.610232871830178825e-01,6.808458573265735447e-01,5.188166606605046915e-01,5.698326462275725701e-01,2.034267045611942437e-01,2.641654436345975965e-01,6.820707024219258008e-01,6.712402912596550086e-01,6.007985818375051190e-01,4.821242653261264000e-01,1.952637449205214537e-01,7.775227085647431480e-01,7.311542737433774919e-01,1.193138287815289217e-01,6.244320360288726501e-01,4.721044329405967299e-01,7.188129485963702381e-01,3.707280537426365097e-01,7.515464662351796221e-01,9.025953695142610034e-01,8.181894844021905255e-01,8.188402012321961410e-01,5.313578426525923382e-01,7.883848647702512702e-01,2.236080437107091368e-01,6.773036032185845157e-01,4.075630728240344225e-01,9.286080604177338049e-01,6.045432469176784673e-01,3.152068426676879476e-01,7.248237390748701880e-01,9.837051633710156562e-01,4.453817793760872501e-01,1.516962377718124033e-01,7.588521177269598184e-01,4.175355450383261835e-01,7.618109011037390577e-01,5.423485345599096119e-01,4.246306684227470485e-01,7.079433340883780623e-01,6.897832130785934712e-01,7.806671304969705627e-01,8.809289123147076017e-01,5.131997100813655566e-01,9.188270994377434331e-01,7.646684167702245682e-01,9.663831410010064182e-01,4.892667302471050417e-01,4.912279940787694366e-01,5.235495614581345825e-01,2.632240293811124454e-01,9.686174865844138226e-01,6.865148711872445242e-01,3.433912508662240182e-01,3.292349025724641137e-02,4.266938747341008087e-01,5.678259525043726219e-01,2.125799199354267699e-01,9.547435354338604796e-01,4.987540663079203518e-01,9.109340885425988299e-01,5.461800811206927175e-01
9.529998704158956224e-01,9.190679906448793179e-01,5.519849642872922679e-01,9.360297585001801091e-01,4.214259172852815594e-01,5.404307265216949929e-01,6.335591755146438020e-01,8.274242700850054089e-01,0.000000000000000000e+00,5.270521751213202988e-01,6.013742360878550075e-01,3.483830122726011558e-01,6.292748054360407517e-01,4.238072756966325128e-01,5.897729578469375067e-01,6.103871406608579742e-01,3.063098493566878133e-01,7.112434636819866540e-01,7.403471360795390588e-01,8.114863832722079007e-01,8.047957355003447777e-01,6.886302567188196111e-01,8.504356966848661825e-01,9.335483691818128316e-01,5.318147126630782262e-01,6.930379169132725448e-01,4.636084983360390099e-01,5.310862892329661911e-01,7.432892849978305350e-01,4.237450981257961935e-01,4.954613381889907409e-01,8.791750272922576048e-01,4.510643173224380686e-01,5.603876588572775930e-01,3.547819703930479296e-01,4.557435401528998065e-01,1.045310829741207814e-01,7.960418470024479554e-01,7.542833338317578296e-01,5.144047283402760629e-01,8.452986121432217725e-01,8.224346300759527439e-01,7.052294213508799592e-01,4.802353835468050058e-01,9.429082366587115960e-01,6.102799495865761648e-01,4.163341718662018631e-01,4.091456111971335519e-01,4.542087733718002673e-01,6.884201569485742800e-01,6.367067281027496417e-01,6.463081430245500858e-01,9.016602600263844414e-01,3.736074547782131106e-01,6.366632783817323116e-01,6.118988905964687364e-01,6.815044285352817033e-01,9.761152467325081572e-01,-1.166857708357162682e-01,8.309790683572998438e-01,6.312008712248828868e-01,5.162788859484778170e-01,4.338604449364985571e-01,4.252017836275830409e-01,8.830574687168241121e-01,6.547830084782206850e-01,6.868082822065392223e-01,5.394424130870748568e-01,5.184714139401129795e-01,9.162323407981649570e-01,4.101887994928097858e-01,1.043387075579457479e-01,2.247844806334270973e-01,5.498220702041707320e-01,7.170663657700302451e-01,4.385207167756292046e-01,9.411349948624925243e-01,5.774814450579203173e-01,4.976727246274780248e-01,4.616107503109397325e-01,3.087221272248705239e-01,8.931348877563902722e-01,9.465938360199018797e-01,3.110179087003746012e-01,9.346151114798499915e-01
7.004664037276066013e-01,3.100143117995551312e-01,7.620929727182970126e-01,7.349731245682324943e-01,8.187159006021006435e-01,9.290872267153788000e-01,5.667924042036278642e-01,5.906516464918987186e-01,5.270521751213202988e-01,0.000000000000000000e+00,7.554311115151093325e-01,8.461445621338634648e-01,8.920810158931877787e-01,4.596583473177484613e-01,5.361497159536199320e-01,4.531734196385998614e-01,8.797540183856425999e-01,1.217404590054576713e-01,6.418141703105080254e-01,9.873080798066518060e-01,8.723699571657279606e-01,9.060239438273369750e-01,6.451256140982608578e-01,1.846745716671401583e-01,4.149420280172443354e-01,2.835131102104648804e-01,6.633185610562335466e-01,8.062781150860599544e-01,7.029536151302228086e-01,4.839987283341287694e-01,5.247187377193167634e-01,8.827769777522020966e-01,2.551424985270844270e-01,9.425280536549683896e-01,6.326163571298895061e-01,7.197868183206722614e-01,5.683230828978221849e-01,1.781296711498213670e-01,7.890415009435496341e-01,6.413938564157006805e-01,3.476730999513806264e-01,6.131393551930890418e-01,6.904706451683464419e-01,6.225163544397325222e-01,4.727126393664404236e-01,7.781277179252733545e-01,7.032863612451588642e-01,6.999556749526710808e-01,9.764388787294765448e-01,6.109228205649716026e-01,6.291946617137116338e-01,2.048775406135683042e-01,5.876076088896773353e-01,6.766910458393324834e-01,8.577395507070050273e-01,9.737601355978687812e-01,6.185527799199774801e-01,9.952412145644344843e-01,9.277203275329521936e-01,3.177052594920812267e-01,3.831811032064733613e-01,8.457620024739753717e-01,6.188202329091762044e-01,8.105655126266925192e-01,9.470764074499231633e-01,3.169360971923879111e-01,8.696557929143536869e-01,9.159858436630845535e-01,7.014279908545970610e-01,7.795516465232592562e-01,8.226131183112631584e-01,8.611102528622504027e-01,7.620500460664818565e-01,7.614899657993678961e-01,2.890518099429718046e-01,4.863773679823092388e-01,8.169261269191833152e-01,3.128058581450448433e-02,6.094220582428726551e-01,4.953729390715532754e-01,9.546081666804469013e-01,9.659569927379766385e-01,6.044118206211160915e-01,5.633429162301502036e-01,7.013353931036426792e-01
9.089576656277964517e-01,2.618945923288308331e-01,2.715291754638179955e-01,4.845347549694953293e-01,9.474353388484010319e-01,6.868371156232134789e-01,3.466030258821979348e-01,5.251988965559544198e-01,6.013742360878550075e-01,7.554311115151093325e-01,0.000000000000000000e+00,6.744171939143056571e-01,6.352685184398829676e-01,2.476705088719776404e-01,3.806357691522794795e-01,6.760390614134287324e-01,8.629786679472450928e-01,4.296866934945383076e-01,4.657473502228037798e-01,7.094709772972480621e-01,9.068486848481959184e-01,6.874762357927991507e-01,5.142136082211637982e-01,9.676959688341332244e-01,6.905387642942013571e-01,9.894052943190728699e-01,8.151223578793542757e-01,5.941549272534210058e-01,5.932049668838625944e-01,-9.616185718402153748e-02,5.122954752529956107e-02,7.853301117143592913e-01,6.675442417645293114e-01,4.789232877995284327e-02,6.865192609294735737e-01,4.953932296344134567e-01,1.994908881087992247e-01,7.596956795668282636e-01,2.720279776302254593e-01,9.716651414342968307e-01,7.232361567614647990e-01,6.714449569040719101e-01,8.394066301616058823e-01,6.503965195681455924e-01,9.310002559736859640e-01,7.658907677778277190e-01,6.824125623930382689e-01,8.644773113140398202e-01,7.075206599522635420e-01,3.990341906555039397e-01,6.786735413846929355e-01,7.426980371738511888e-01,9.314194027975497558e-01,8.519687896686074513e-01,7.892183822234288826e-01,9.887760854812267519e-01,7.770778585561225471e-01,8.248159518829463188e-01,8.618936547616672383e-01,7.400930911535141821e-02,4.593525884762362232e-01,4.833972969316349122e-01,7.214467786094873603e-01,4.386864588294990264e-01,8.533423942677165197e-01,7.844493833119352555e-01,7.095183665725081079e-01,2.817778389246262671e-01,6.443279783428239593e-01,8.045232505040521565e-01,7.227827923779135411e-01,8.650821812574929215e-01,2.821129631807756666e-01,3.825930907596652442e-01,6.813485960065447378e-01,7.269534962341868134e-01,7.554163593762966977e-01,5.926943619209166236e-01,3.014572640600984843e-01,4.164009818870132995e-01,1.962201060399668961e-01,8.379361919629382260e-01,5.805162176135894025e-01,4.552394600914129730e-01,5.645074549870867653e-01
8.919733060716967810e-01,2.110114236402993448e-02,5.033333454630911641e-01,9.377838451043204460e-01,9.454628196575731724e-01,4.604404556489046785e-01,3.264986943600189928e-01,4.299914904520774073e-01,3.483830122726011558e-01,8.461445621338634648e-01,6.744171939143056571e-01,0.000000000000000000e+00,5.604166422969906192e-01,7.605419552218803947e-01,5.035647429509139128e-01,8.671497531379318557e-01,4.742772650921436850e-02,8.606627334661295370e-01,7.789310985527811981e-01,8.692867593805118087e-01,8.910172828879497908e-01,9.170065957246507082e-01,3.169307901816074136e-01,4.477512319987047018e-01,6.324308595640744102e-01,8.706756529008802259e-01,7.881336712316553417e-01,9.442505970830555873e-01,6.543583793536263959e-01,2.424288810177265552e-01,3.362524616497526431e-01,7.280324787765970473e-01,4.311058935293706762e-01,8.108748905613916147e-01,6.280068121667828906e-01,5.911734460054398621e-01,5.580393001552919063e-01,4.937466190357293061e-01,8.493678365918929662e-01,7.292501135248429245e-01,6.344666889883499028e-01,2.281725970561249150e-01,8.454083909613459014e-01,8.205364881119394660e-01,9.698032982155029291e-01,6.782186535111849324e-01,9.833644932844413100e-01,6.597237907514565958e-01,6.699444263107270370e-01,9.530608745600881448e-01,7.362823545892451804e-01,5.637017794748262478e-01,9.678994062904603402e-01,7.947032696298124144e-01,9.131787149868184628e-01,7.920624331329230161e-01,6.667376728873449787e-01,4.301913029330591831e-01,9.567461757803944478e-01,3.098462133669920293e-01,5.330043661632548613e-01,4.327009899066768250e-01,7.457444833888438041e-01,6.446338998440801493e-01,9.622783721074563701e-01,8.218182589427983631e-01,8.867074726144705821e-01,3.354086273902590065e-01,7.062637252298731294e-01,9.381335179093674981e-01,5.664634198675575494e-01,2.245480339620820331e-01,6.163155581450372456e-01,3.968577823772980739e-01,7.472331227463016035e-01,8.027461389499338518e-01,9.471835448310794714e-01,6.723763599448527861e-01,5.236903673820272331e-01,3.338719976038395654e-01,8.824680540558955677e-01,7.292585414865518922e-01,9.815533309350064073e-01,2.383581069729051871e-01,1.034258263341707451e-01
9.373360456562053189e-01,6.619179356374248480e-01,7.738019009118691782e-01,7.248629569092621683e-01,9.506192538289217620e-01,7.834189983546950842e-01,6.444025983088214060e-01,9.475460662330725814e-01,6.292748054360407517e-01,8.920810158931877787e-01,6.352685184398829676e-01,5.604166422969906192e-01,0.000000000000000000e+00,7.650932655512403535e-01,6.865729103700128899e-01,6.595282024267641319e-01,7.548149468445376487e-01,9.130081385718304965e-01,9.141040740300905298e-01,9.845260748262728567e-01,9.809440832251601350e-01,8.433981848992794239e-01,8.085195441634330793e-01,8.505477789103039754e-01,-1.750011308531987386e-01,8.441522941525811952e-01,9.606523683281271708e-01,7.465317304013411315e-01,5.266041684272488865e-01,2.046659923863213826e-01,6.513348194541551672e-01,3.627512942936065299e-01,9.192159177537139181e-01,8.731182132841784904e-01,7.032613086373107336e-01,3.253554079253266895e-01,2.231138352698686100e-01,3.172443358224412702e-01,7.547070173636760693e-01,9.139777014822138002e-01,5.267643229928712367e-01,7.840253107799490806e-01,9.863249835837794022e-01,8.773520491088440121e-01,8.159410097127867134e-01,7.009288805970557146e-01,9.476298715113717908e-01,8.297945057251016054e-01,9.169194630583744621e-01,4.261094235093875748e-01,6.856381277666682150e-01,7.091939470373609389e-01,4.699547865517232914e-01,8.542092453582608158e-01,6.607834781651593659e-01,6.299533385653749429e-01,7.342068876037390890e-01,9.756335542938892047e-01,7.967512849583936463e-01,5.456392029472511007e-01,5.745326804727362013e-01,5.378935306879205624e-01,8.408506312500275692e-01,9.557648090252716111e-01,9.686686196571824281e-01,6.461071129241144906e-01,9.490683013542414725e-01,8.754471064539958158e-01,9.324955517070354638e-01,4.190918509153092053e-01,8.494339297537905065e-01,6.603595207946072465e-01,5.784180328375898572e-01,7.219243048829497855e-01,8.783092332747142184e-01,6.368887802558156341e-01,3.852705067901875946e-01,6.521763226619353704e-01,6.754347161245328746e-01,3.267607684479605368e-01,9.083564760903773960e-01,2.403134832126581910e-01,3.938893823223281743e-01,2.101767368520274792e-01,9.794009616743929447e-01
9.221160547536925156e-01,3.384840374913449662e-02,8.956745838697653950e-01,4.502094157052129453e-01,7.464062049999133919e-01,4.917437226305101383e-01,2.446038036054131726e-01,9.338570494966693669e-01,4.238072756966325128e-01,4.596583473177484613e-01,2.476705088719776404e-01,7.605419552218803947e-01,7.650932655512403535e-01,0.000000000000000000e+00,9.515093609489746473e-01,8.241692157522244599e-01,5.104092220383597001e-01,9.697094848822848112e-01,6.686640231063011308e-01,6.900616697792744114e-01,3.275496460048623604e-01,8.515750110358968339e-01,2.351552707353050109e-01,8.043297568591185609e-01,5.127383245791551358e-01,9.118676326423891254e-01,8.817482179373480333e-01,9.236208530169719433e-01,2.591347788284960596e-01,1.021363458264019745e-02,3.023180953205519828e-01,4.070388578371179622e-01,8.390685629128055156e-01,9.656592053546191323e-01,8.875453756928279869e-01,5.204728902743129826e-01,5.388617775362514184e-01,4.212298969714647900e-01,9.883011443398006524e-01,7.800621923785499012e-01,4.449071472570738373e-02,9.439685334540390826e-01,8.721439467007479074e-01,8.190856658432972282e-01,7.196865362401314581e-01,8.617811042757074214e-01,9.591400216628371833e-01,4.151212862449903951e-01,2.096492671202287161e-01,4.859641376039264271e-01,3.000905595632331058e-01,7.847175235583774278e-01,8.582305228308679812e-01,4.778463003560056710e-01,7.583712018958541634e-01,7.139242648726231710e-01,9.626895049222122802e-01,6.197215941949713036e-01,2.506288645120167691e-01,7.953752639932225588e-01,4.586677460030362807e-01,6.201295535866292452e-01,7.943284883944623509e-01,6.516050950535300368e-01,5.856009512501906267e-01,6.630581968181503694e-01,3.239320941176856428e-01,7.514849092533976149e-01,9.062398155069190109e-01,7.509264096451774284e-01,3.913486930662507524e-01,9.838776534931024109e-01,4.610102483401171125e-01,3.266549723331271249e-01,6.579058020141668184e-01,8.521246720241320016e-01,4.006221229748927470e-01,8.856666704202192930e-01,4.181627547591594829e-01,1.726437969783685689e-01,6.106396900515695947e-01,9.793412037926881863e-01,8.745500661048296598e-01,6.807408767889957524e-01,7.224145502667457253e-01
6.883333191128493400e-01,5.210216195044892196e-01,9.403480411345470635e-01,9.829146427566529676e-01,9.213101322443529861e-01,5.118714719095216470e-01,5.362636360917355516e-01,5.420893615808084487e-01,5.897729578469375067e-01,5.361497159536199320e-01,3.806357691522794795e-01,5.035647429509139128e-01,6.865729103700128899e-01,9.515093609489746473e-01,0.000000000000000000e+00,7.315211701271973066e-01,4.964515892566329081e-01,4.115510938107030947e-01,-1.901742459913514371e-01,8.211136656095145980e-01,9.828266181429771153e-01,4.777526688131102373e-01,7.332817546200687264e-01,7.301209048748513730e-01,7.856290738343936209e-01,5.844220055357516319e-01,5.706723996407159216e-01,9.064945377123891923e-01,5.996497487520444647e-01,4.662978140471444877e-01,1.284054859792088388e-01,7.794272448263970254e-01,7.923570936288029110e-01,7.040456096604524872e-01,7.998213149742885442e-01,4.101729307206435915e-01,6.530671817286995973e-01,5.160198622407324853e-01,9.726538086239192582e-01,2.771579304052716047e-02,5.256570568729876936e-01,7.983385835544316578e-01,4.217338225635993143e-01,6.842207981124405203e-01,9.695493551427699641e-01,7.369326300742069513e-01,5.919778464854705824e-01,7.397009101574991696e-01,8.435313408646227806e-01,9.676825925764827030e-01,5.390046351132827818e-01,6.687272065430163170e-01,7.818824759906748412e-01,8.782229599530029240e-01,9.460145681429317222e-01,8.597874915615599800e-01,9.937615097524654661e-01,9.684485338425676826e-01,6.084168640920465387e-01,2.856736299267726986e-01,6.808107606336524231e-01,5.002707188705712849e-01,5.347711665857982632e-01,8.488752762228229942e-01,7.451309837623751875e-01,5.799963533861547393e-01,8.384769301819481324e-01,9.557362524973176399e-01,4.015984736464389693e-01,2.313864584219835208e-01,8.920863578891635726e-01,2.207610734290652021e-01,3.420127747121571860e-01,4.581564748783388263e-01,9.225903516919345959e-01,9.405433003251824076e-01,4.403670237620589401e-01,5.459569953480832849e-01,1.627717906461562947e-01,3.465822455060382223e-01,6.735000260678465356e-01,9.627131927202148276e-01,4.469275855445498657e-01,7.451654833184921944e-01,7.837774768413421356e-01
3.427007711536034784e-01,2.324938419613308271e-01,8.533374150663317614e-01,6.736747541370627923e-01,8.476703670451393169e-01,4.390967437450398747e-01,7.070772503382117824e-01,5.240685722987867834e-01,6.103871406608579742e-01,4.531734196385998614e-01,6.760390614134287324e-01,8.671497531379318557e-01,6.595282024267641319e-01,8.241692157522244599e-01,7.315211701271973066e-01,0.000000000000000000e+00,7.751554915465688200e-01,2.519039087929016985e-01,8.959009255847572017e-01,7.510208620227118992e-01,8.229228779882560296e-01,4.761006666850869373e-01,8.375170355857255444e-01,7.551906343325416326e-01,3.039348043113420661e-01,8.772502682478178215e-01,8.125288175468244889e-01,5.488494126532355022e-01,2.302029818297842145e-01,6.366029559677215399e-01,2.468958512710524855e-01,2.463346555837146457e-01,5.971939127806008552e-01,4.890708609269941998e-01,7.253665662082237064e-01,7.176307887447986866e-01,6.382290283965454947e-01,3.683678729824947928e-01,8.079405687148518700e-01,7.803673670480770763e-01,2.767998687980522954e-01,3.610851203995093517e-01,2.193773674596025125e-01,6.817829856899078056e-01,4.986802136055640267e-01,8.440533529066992502e-01,6.591420571369869252e-01,5.813533389070913993e-01,6.407747898250112373e-01,9.419530371979428773e-01,2.788110448236804095e-01,4.419172627424814565e-02,6.855963564485005879e-01,2.706192973361321030e-01,9.965534386822408885e-01,2.734707665098540796e-01,7.705925884697901740e-01,7.575795229126671693e-01,-1.494286122221891444e-01,2.496952035649770141e-01,5.358682960645775317e-01,6.220751069571145431e-01,6.837919390688665944e-01,8.807733660318139979e-01,6.549057509923207343e-01,4.768438553454554946e-02,4.967061667505484057e-01,8.772619490907958284e-02,4.008854105398468870e-01,3.448347725128823593e-01,6.388140149714067739e-01,6.678345256106269501e-01,7.034222776079048778e-01,5.923154517759074977e-01,5.757705294730025569e-01,8.208068551448565175e-01,8.866459728946949337e-01,4.528326662826342441e-01,5.969658761877933983e-01,3.699514996648420873e-01,7.914571362320289571e-01,8.833078452181500895e-01,6.004728844871558557e-01,4.818042967579049263e-01,2.671500624083834041e-01
6.872786027772431749e-01,7.557894260390605190e-01,7.554523240721431332e-01,6.173496831114735350e-01,8.640413138366993540e-01,8.944712626207188544e-01,6.547745199856935816e-01,6.417046545697330240e-01,3.063098493566878133e-01,8.797540183856425999e-01,8.629786679472450928e-01,4.742772650921436850e-02,7.548149468445376487e-01,5.104092220383597001e-01,4.964515892566329081e-01,7.751554915465688200e-01,0.000000000000000000e+00,3.803815611351376580e-01,9.281928497115093935e-01,2.659839323381160692e-01,7.163826844237715097e-01,8.318274005844754626e-01,6.040896162222769705e-01,9.222463002949827793e-01,6.412202507218097702e-01,9.693681279018943053e-01,8.589656297405465768e-01,6.835016484410783022e-01,3.655673083292627079e-01,4.734930791505828074e-01,4.274915683002832867e-01,8.329574880980512575e-01,4.561805810503129499e-01,1.183278479381931342e-01,-1.732869708656442909e-01,7.457696935730586674e-01,5.951457254978697042e-01,5.452044253928198803e-01,9.083532023174551995e-01,8.597617840221010166e-01,6.068720304818705502e-01,9.674881988322849846e-01,9.515876734901900225e-01,8.433046260819550000e-01,9.655941837363131164e-01,8.692203828679184729e-01,4.496872097567801707e-01,7.079048899384120519e-01,4.188992819060625150e-01,7.793821799989285593e-01,4.573261179538714027e-01,7.382692522243855526e-01,6.945700871288378320e-01,9.463738020649637983e-01,8.795645506093274779e-01,5.993487076916237388e-01,9.082557167335097992e-01,8.090602291557659198e-01,6.509537780491124748e-01,5.604657714999594642e-02,4.356215307510391543e-01,8.246693882742830439e-01,3.178889948331714566e-01,4.047197740461272453e-01,8.769824826207639479e-01,9.256142381432151955e-01,7.906220955706378950e-01,7.947241497378410013e-01,7.848233507382218477e-01,8.164056872926710451e-01,6.600485197546012150e-01,9.386356763443067797e-01,7.042742851468096754e-01,2.440791082987059102e-01,9.964993801824166830e-01,4.665935707688299572e-01,6.613606515104482053e-01,5.671275489600806630e-01,5.292955834662002035e-01,7.236713720957179685e-01,8.250078833626790509e-01,2.840857621684158563e-01,2.614370565319099615e-01,6.147892421823244469e-01,8.688863510347455410e-01
7.412072801819574730e-01,8.485551129280011207e-01,1.826063979297312123e-01,9.115013728757722644e-01,9.462909212965973094e-01,7.118081455437810234e-01,4.567816010998248522e-01,4.546876459952231553e-01,7.112434636819866540e-01,1.217404590054576713e-01,4.296866934945383076e-01,8.606627334661295370e-01,9.130081385718304965e-01,9.697094848822848112e-01,4.115510938107030947e-01,2.519039087929016985e-01,3.803815611351376580e-01,0.000000000000000000e+00,7.236696383830081292e-01,9.296440135095374036e-01,6.311439333512337546e-01,6.079918784005965415e-01,2.514411112162598938e-01,2.280283218139532442e-01,5.455120478596812150e-01,9.325865624150040389e-01,7.082252746461339399e-01,7.866067358419128741e-01,4.059445315217419248e-01,5.732685185370569592e-01,7.813532009623959107e-01,4.804714150270734674e-01,6.699941876751176473e-01,2.746941999425898118e-01,6.221788208830005829e-01,4.510535653249433397e-01,3.075530456344990338e-01,8.359019014622061025e-03,9.676733476981258519e-01,8.203012775716601590e-01,7.799973046617771910e-01,7.996702714801136036e-01,6.368480031446600576e-01,8.525739952161635049e-01,9.511725029772295503e-01,8.116317572426809956e-01,5.934687141480965433e-01,8.026407248970781616e-01,6.656696474622830761e-01,5.239547775167590071e-01,7.201580794680624287e-01,9.799086805150920565e-01,4.057378466592386768e-01,4.952077471809602782e-01,8.349352821707369809e-01,9.814511175153314282e-01,6.652231443895777474e-01,4.834961439307313702e-01,8.477348902911103767e-01,7.776825525836095210e-01,4.117883365842515686e-01,6.436029209827052178e-01,8.701358721135713514e-01,8.152852821248075532e-01,7.192333866698286116e-02,7.018505563145341908e-01,6.936811736180252819e-01,9.876233560796742195e-01,6.393626771951057552e-01,3.453379750498271616e-01,8.816918388414876073e-01,7.893495153086447225e-01,3.836672284730233695e-01,7.016465041864423657e-01,7.007658830807048655e-01,4.080833948884083351e-01,5.947040544209926116e-01,7.409812267937148089e-01,5.945136662679555428e-01,7.188474488576513943e-01,6.433827238010437766e-01,1.411370974315765969e-01,5.730605294685815476e-01,4.744710750676390809e-01,8.320165537289269109e-01
