0.000000000000000000e+00,9.491220762035017522e-01,8.559020438522682017e-01,5.413019708824974296e-01,9.189767843539193848e-01,7.863885652593411990e-01,9.579548240959722127e-01,8.043962011956543590e-01,8.087273899638881547e-01,6.992784861045571176e-01,8.326650936523962709e-01,9.085595488945451548e-01,2.353690756261128669e-02,2.506731214116855178e-01,5.751392787618794245e-01,6.977870530699147311e-01,5.628125499168395995e-01,8.871776525673951141e-01,8.490634784520939560e-01,7.692321765159171321e-01,7.498656719972467410e-01,6.500550446682924477e-01,8.069572896068302192e-01,8.545867592957770986e-01,7.080446125061948814e-01,9.693949646477493243e-01,8.648581420294726430e-01,1.083294620618047155e-02,2.219954225721182950e-01,7.255704729791101482e-01,9.590429336272781047e-01,6.109218520328763002e-01,7.129325227718811275e-01,9.012561782792046783e-01,9.149689805013784261e-01,3.062916245909164115e-01,4.202752450095485481e-01,9.425910839729692015e-01,8.306641807090189844e-02,9.283673893146205947e-01,3.418837214450847622e-02,8.835998284732227148e-01,4.914902337031359369e-01,7.466754340860428663e-01,8.119521512967700083e-01,6.238593146904453102e-01,8.717564645703996806e-01,9.623003514472860953e-01,9.115546244078204241e-01,9.379021943350610568e-01,1.108999693025984959e-02,4.840338944546181965e-01,9.300313835103458660e-01,6.304746946395636265e-01,6.594263831285063215e-01,7.722990944092429366e-01,9.414518519293855192e-01,9.489300231930161145e-01,5.150376239075579177e-01,4.945649340064887101e-01,5.650265276685360050e-01,8.284506815027113946e-01,7.342045046102240180e-01,4.130821587656957061e-01,6.839550823907173394e-01,6.386252708883116691e-01,9.369857010262815367e-01,3.413488002361578788e-01,4.088121740383125480e-01,1.613185711541054211e-03,6.163345509420307122e-01,6.066494053779095674e-01,5.739473710073821761e-02,6.967127018961285501e-01,9.278136324242221011e-01,6.842207091036495159e-01,9.325307864579012174e-01,9.067945125491334579e-01,3.672733108350068054e-01,2.294023723351027444e-01,4.046123099896557496e-01,8.286846701920623781e-01,9.295210822015900209e-01,1.828253451538696672e-01,5.754726478848773974e-01
9.491220762035017522e-01,0.000000000000000000e+00,8.790313115522629950e-01,9.926081722887760694e-01,5.031705963810779725e-01,5.060366345012610179e-01,8.646260788233040007e-01,7.341189524496900543e-01,3.803359152861808257e-01,5.979938769867680914e-01,8.837215443770330969e-01,5.570450855038900917e-01,6.529320973835223141e-01,6.433261042553364284e-01,5.401321623832180396e-01,7.281141447227434949e-01,6.921661944357239138e-01,3.444811521975841284e-01,8.128531037114083979e-01,9.047518673034409264e-01,8.502121202839372227e-01,7.876290617984152975e-01,8.510264382191023991e-01,8.804422722169783500e-01,6.044746563235699199e-02,9.888033181179362030e-01,3.129827119729231000e-01,9.073006382522335045e-01,6.433687471277625969e-01,2.605349930789192525e-01,7.082480171792808754e-01,4.510164668636313379e-01,7.397832349269075625e-01,7.754497262817943160e-01,5.487004672573199127e-01,5.649921146978378328e-01,1.318928004366034246e-01,8.667292952921087368e-01,4.305761034880731808e-01,9.532202671477414402e-01,5.677492159783601444e-01,6.596434432691493654e-01,6.775263192741705076e-01,5.326740648669733291e-01,9.128236995003425891e-01,8.530106858437331852e-01,6.623636801759609227e-01,7.817960202178263485e-01,9.882903161382370349e-01,8.912019963385915400e-01,7.889088169878628598e-01,6.762089071179472333e-01,8.067918100497278866e-01,7.271767869425014297e-01,8.119262751443734327e-01,5.528231175090947414e-01,6.749455024720609764e-01,6.167045292639584675e-01,4.723023440774187787e-01,6.475786883126130045e-01,6.213749626136537696e-01,7.624835895750274872e-01,8.960338361947799424e-01,9.545324483887236422e-01,7.409848009451422968e-01,7.809994056096927206e-01,3.609074661949734919e-01,9.070372740019414515e-01,8.996633004547819334e-01,6.037753587009843104e-01,8.525456079167528234e-01,7.022683052192979503e-01,6.487122419963545772e-01,5.643677107569027296e-01,7.877163779053371062e-01,8.109723577697411923e-01,7.609116473252974799e-01,6.081657001896869641e-01,-2.940895122111805704e-02,7.798521596820735813e-02,7.896968471254982580e-01,9.032141330019575198e-01,9.531770714615913631e-01,6.048271898994671547e-01,5.049164878084968500e-01
8.559020438522682017e-01,8.790313115522629950e-01,0.000000000000000000e+00,8.927938523126328629e-01,9.959062059615703122e-01,8.834140659792794059e-01,9.754690336144090645e-01,9.877889443707911221e-01,8.490192552404740578e-01,8.277682863752607867e-01,8.789289627925461756e-01,6.700555956773172062e-01,3.961927014969847116e-01,7.261582266010209175e-01,9.751123279582571968e-01,8.622200736474683325e-01,8.810808198069406405e-01,8.121106638812634060e-01,8.802116149727038374e-01,8.319614007912826681e-01,6.245709596974964306e-01,7.950232379589035059e-01,9.245651727210834059e-01,8.311682376801317051e-01,4.997363429009762936e-01,8.325798382113983598e-01,6.704653278538017513e-01,4.745556356733424686e-01,5.016715924128899440e-01,6.392304380290959598e-01,5.347006333451895799e-01,6.753868305393135874e-01,7.296321701061618814e-01,5.162811402449197784e-01,8.913338316473472522e-01,3.408855554721357262e-01,3.135235858981881840e-01,9.131748954634429927e-01,7.205077196325879729e-01,9.942982607536251516e-01,4.936050952455023899e-01,6.024619663482355669e-01,8.541812092528854317e-01,9.295387086316160286e-01,9.379778712912710814e-01,2.719033795676544241e-01,6.109751635112944390e-01,9.431952736404829452e-01,8.017064262978413902e-01,8.419767363449925934e-01,5.299619094960636989e-01,7.987588959232738706e-01,9.310172562168897992e-01,6.739258724909864551e-01,9.027997566035366184e-01,9.512359770115562663e-01,9.785373527774293700e-01,4.674072917119744819e-01,9.396766662041167173e-01,7.660839381911533907e-01,4.384699468303350223e-01,7.328054130612638994e-01,8.503322493860780984e-01,9.166625138768946801e-01,5.403476170422332192e-01,6.808928904914017810e-01,9.133036601616115746e-01,6.079466183935382517e-01,9.355889194223233618e-01,9.297580309105952789e-01,8.488395559312855720e-01,8.409415176779810874e-01,2.023571743657696931e-01,9.601330929583236085e-01,6.263622984738509425e-01,8.548452322218071942e-01,3.176114818200755918e-01,7.561472491048788491e-01,6.085624204723694142e-01,4.310144659472475159e-01,8.494483954706117945e-01,7.709532800403815500e-01,9.488416637519874186e-01,8.545573189775175216e-01,5.651161984673709338e-01
5.413019708824974296e-01,9.926081722887760694e-01,8.927938523126328629e-01,0.000000000000000000e+00,8.898684811160001429e-01,1.703069883760254810e-01,7.953702923974803607e-01,6.556057164753189559e-01,5.241762401994457532e-01,4.412115283030868529e-01,9.388758895431090767e-01,9.282720237854183987e-01,8.544893062320495503e-01,6.303408618931971574e-01,9.921828765867106714e-01,9.695918802719520890e-01,7.915954395881455441e-02,9.300539578671743746e-01,3.530596403034221842e-01,6.110039909572813066e-01,7.183908763551173360e-01,5.542639915212831392e-01,3.292076467820537200e-02,6.440973956555580138e-01,4.538583900687811479e-01,9.788622180886719093e-01,6.509561838579559501e-01,7.719421558818306828e-01,9.539393276682082978e-02,2.970010595126748587e-01,5.271911697861628721e-01,5.648534530662812081e-01,9.707540431105258216e-01,7.521896607573611560e-01,6.427600331383498400e-01,5.542490186710917754e-01,5.493961627944866644e-01,6.990288893728687780e-01,7.801955188857588874e-01,2.671159312601951163e-01,8.462546227478557892e-01,6.674489450550034064e-01,6.317090001704267488e-01,6.369506493858949625e-01,8.956805352058255787e-01,9.323437397609437571e-01,9.653000369801856273e-01,6.619153048395176597e-01,3.089093919066766003e-01,6.832750897357464659e-01,6.411384167295199887e-01,9.108124463159278372e-01,9.829064395021571698e-01,7.363962550328753132e-01,2.685537582806831747e-01,6.795423187588063296e-01,2.223429369093468388e-01,9.546490827491692643e-01,8.091527411547528859e-01,6.787111748728650307e-01,7.745824629406690143e-01,9.634615394432050062e-01,5.352543281675020692e-01,9.705538101316465438e-01,5.800951081514993390e-01,6.577729657669608709e-01,8.749928919148810547e-01,8.264142550219176764e-01,6.766964716548364844e-01,9.090504418406628595e-01,4.033787553677540272e-01,3.237444020000046496e-01,6.396673746518632964e-01,7.719043584107890821e-01,3.010696872515745692e-01,2.727813471206265161e-01,7.621018640278259815e-01,4.395760098480718803e-01,7.107293588898663250e-01,7.390291602416749761e-01,4.569487890973241151e-01,8.504689412594300668e-01,6.839076798459653439e-01,4.259748692821050398e-01,9.107799726968019982e-01
9.189767843539193848e-01,5.031705963810779725e-01,9.959062059615703122e-01,8.898684811160001429e-01,0.000000000000000000e+00,6.068090470159075434e-01,5.669115804637444578e-01,2.539953295484739249e-01,4.340753778837929122e-01,4.501661252811242631e-01,8.560867230718796073e-01,6.163326344050609196e-01,8.782847112216918273e-01,6.735083450470924493e-01,6.706139662324359652e-01,9.834613000613771083e-01,9.602087197126603080e-01,7.997134415691999898e-01,8.185563898573945396e-01,8.607727603779845582e-01,8.144143180343464961e-01,8.813067580719075034e-01,7.627361113781608859e-01,4.286626035994284267e-01,8.603330316081121421e-01,8.156444115296751507e-01,8.063148712330739931e-01,9.237240904720520618e-01,7.158840239993468080e-01,2.437149175535716916e-01,3.936420478339426599e-02,4.806317668230353779e-01,8.729113722500927430e-01,9.765278757722894998e-01,7.574068301311049911e-01,3.962397431501651357e-01,2.299666134662969319e-01,7.836126150078106534e-01,9.326230536344102262e-01,6.741680147012801827e-01,5.730195949043654924e-01,7.070387451694700731e-01,7.509915823191766204e-01,5.047573144802670608e-01,8.509386347292602348e-01,5.706687971849269125e-01,5.755541237800387844e-01,9.678297218622520237e-01,6.762609361500291350e-01,5.998794595898280235e-01,7.978533925414963424e-01,8.034221856309015086e-01,6.093795092976673766e-01,6.744118638117839737e-01,7.906731077199763424e-01,5.367357981746854190e-01,3.137096681546313603e-01,9.908007361490585030e-01,7.712014411548291370e-01,5.572488016556692569e-01,5.826748982700359347e-01,8.480842355214721628e-01,5.105620549244646034e-01,7.660579270415863729e-01,8.653810311611264128e-01,7.899387991844138979e-01,8.880721157665342202e-01,6.821841827436775363e-01,5.787091258524412751e-01,5.206006344575287992e-01,4.509911373498301512e-01,8.328907308572944812e-01,2.263517503063837422e-01,6.874091908581083654e-01,1.889110210852893712e-01,2.561413644284147306e-01,9.068883429950416186e-01,7.009125810851488669e-01,8.451963925030603342e-01,3.151133139323402665e-01,2.700741805980743648e-01,3.847430752662441833e-01,8.310955871804706074e-01,6.486582159762920297e-01,9.958686838240544681e-01
7.863885652593411990e-01,5.060366345012610179e-01,8.834140659792794059e-01,1.703069883760254810e-01,6.068090470159075434e-01,0.000000000000000000e+00,6.023704273222779682e-01,5.220643705179015548e-01,6.770446534621968881e-01,8.623736770029168941e-01,5.681965843376224345e-01,5.122102749966322977e-01,8.961517246608061704e-01,6.548918656750127854e-01,7.152201072409644089e-01,2.386452477939597083e-01,6.141192111318273250e-01,7.591959416990914367e-01,8.676627742709679403e-01,8.894047199976876650e-01,9.766799058852082549e-01,9.815813213551913829e-01,6.392354570519233059e-01,7.837803406874345180e-01,7.422344634004858221e-01,6.626007969132120534e-01,9.653770771440437493e-01,3.554653953370018327e-01,5.391450442402334620e-01,7.318296239826760363e-01,5.848037286819675051e-01,8.743326987665560601e-01,5.652347364045483546e-01,6.619822524954834808e-01,9.468037121600737516e-01,5.937239590988236948e-01,4.249721388428538971e-01,7.814814716913671688e-01,9.145927543379976932e-01,4.367920021625312232e-01,2.251064489127861390e-01,5.758722031207729186e-01,6.855999816477811315e-01,6.427440538411619553e-01,6.578937913160531892e-01,2.784921438847015041e-01,9.340893211327431223e-01,5.158463215743634978e-01,3.285284717887634875e-01,6.733047660039765958e-01,8.514314608728265066e-01,4.019222138561663882e-01,8.689314937351507728e-01,7.577792730837081825e-01,7.897410276956604580e-01,5.052320235514038416e-01,8.447006240380869890e-01,8.747185614029322487e-01,8.044642273371156449e-01,-1.187689318675266836e-01,7.689252219718993864e-01,4.767612101460184659e-01,9.140148352927560671e-01,3.435227690356468244e-01,9.906938408575531874e-01,6.220058764435261178e-01,7.610620354966443069e-01,6.056994451975462601e-01,7.255472963584155277e-01,4.318085356636419680e-01,6.092805631917480591e-01,8.010252719190359416e-01,5.405163048685032168e-01,7.013346273650779006e-01,7.298064920098326080e-01,8.345302251769557422e-01,8.544663244683065040e-01,9.563271231330874311e-01,3.723915322795477989e-01,4.122839846602381342e-01,5.100388158841626662e-01,9.776728516705555094e-01,7.618649120207648950e-01,5.391815988725864317e-01,7.335788821480201394e-01
9.579548240959722127e-01,8.646260788233040007e-01,9.754690336144090645e-01,7.953702923974803607e-01,5.669115804637444578e-01,6.023704273222779682e-01,0.000000000000000000e+00,9.580573534023957283e-01,6.834434974192088452e-01,8.655342737388497243e-01,7.993524583781108639e-01,7.726896714189290805e-01,7.898847395366824786e-01,2.822664300865787568e-01,1.066120664557247272e-01,7.903533135638467488e-01,6.155506247598808711e-01,4.376814469351755221e-01,6.109456395181398491e-01,5.273865636161090276e-01,8.972699084711117656e-01,5.122522446714264932e-01,9.193103661816406369e-01,4.964263899723955209e-01,4.331836002305043953e-01,7.060356994298130351e-01,4.702694373194630240e-01,1.854709749050772183e-01,4.270856411367722760e-01,5.172006131592392641e-01,-7.988060538016836243e-02,-8.585650116217924399e-03,6.270759089011517240e-01,4.179263361140610478e-01,6.507276694116671534e-01,8.369318046855148685e-01,5.271070924857469420e-01,3.468974902158665774e-01,6.404081594938040300e-01,2.532805039987831019e-01,3.165862421609108024e-01,6.668966529535000909e-01,4.728477526722845159e-01,4.047298032287367509e-01,9.862248687090167110e-01,2.574883675294168395e-01,4.510240904531446215e-01,8.275798311092669168e-01,2.200334354331487108e-01,3.052503862502925491e-01,5.536340182080027317e-01,5.184735157599305033e-01,7.491201777242233462e-01,2.819214438949519952e-01,7.689021392918047315e-01,6.053292250828089527e-01,5.813684098498342889e-01,3.058686863105140041e-01,6.467342275987494338e-01,7.237204854814565103e-01,7.828223337201484222e-01,7.497747895039093002e-01,9.467030070551500920e-01,8.816251214993900964e-01,8.013787702921785217e-01,4.845460563174046054e-01,-3.793483499502064982e-03,7.768180715062489305e-01,6.938523811366563709e-01,5.226447015381038286e-01,6.992077013643769323e-01,4.511052575688996868e-01,6.889194521222414824e-01,7.591570844424684328e-01,9.919079790184115453e-01,4.957289060288896376e-01,7.502472761332532603e-01,6.133070074437926289e-01,1.787194363254543672e-01,6.136743586366699699e-01,6.508933733386570997e-02,8.426715037648212503e-01,6.863226410734188931e-01,7.152632790473363311e-01,6.241472103461346288e-01
8.043962011956543590e-01,7.341189524496900543e-01,9.877889443707911221e-01,6.556057164753189559e-01,2.539953295484739249e-01,5.220643705179015548e-01,9.580573534023957283e-01,0.000000000000000000e+00,2.888649957692845383e-01,3.952352612267733267e-01,6.526067165118000224e-01,8.763472457513474811e-01,8.003999164922052101e-01,7.194174666596034884e-01,6.354901076933420212e-01,6.182558181657366037e-01,7.725500764798518549e-01,5.205148007283764144e-01,3.358067202831362952e-01,9.817697385245304220e-01,9.314791444169950863e-01,7.637200040653108202e-01,4.231176613718252155e-01,7.205643758318068803e-01,2.087889632579888743e-01,7.662407899966481306e-01,6.624185022881434737e-01,9.933101166206549371e-01,4.083212355893172663e-01,4.581480138408255409e-01,3.330008356459659424e-01,6.373243437425872848e-01,4.702735426517925532e-01,5.178876788215085458e-01,5.413447598695949603e-01,6.186180279161471729e-01,1.274667773866042519e-01,6.989642663928359312e-01,9.029329785026058985e-01,7.273840916420818425e-01,3.599424266451292098e-01,6.198663165462988678e-01,4.446126923248300833e-01,8.135292798115515422e-01,6.496941831439601023e-01,9.212450564298860778e-01,4.865265900096531482e-01,8.480559896051298452e-01,8.013564201166399892e-01,5.968230915077593624e-01,8.678011611940782410e-01,8.123730597182905466e-01,5.582911766353111371e-01,5.472389651000539867e-01,6.145747192570818473e-01,6.286407800118674061e-01,4.167118744177031875e-01,7.689207859183597726e-01,6.478333329519844197e-01,1.091574550948710282e-01,7.350996314090337824e-01,3.471437145495847032e-01,3.827462487606452246e-01,8.640983564393822647e-01,6.017083833942654669e-01,4.345295597114623432e-01,6.588174688394429213e-01,9.324449004472404878e-01,-6.134524497353963102e-02,5.112272072752592766e-01,9.197047595976118872e-01,4.325505057186662672e-02,4.763725786625997438e-01,3.955987079711398291e-01,4.393132039830666136e-01,7.520568788141118732e-01,6.514736207239032462e-01,4.818981941282953763e-01,4.817976636349927122e-01,3.828682880288650781e-01,6.367192580532161639e-01,6.174400770606086608e-01,8.792746302558471783e-01,7.948479150439058394e-01,6.030649128666849546e-01
8.087273899638881547e-01,3.803359152861808257e-01,8.490192552404740578e-01,5.241762401994457532e-01,4.340753778837929122e-01,6.770446534621968881e-01,6.834434974192088452e-01,2.888649957692845383e-01,0.000000000000000000e+00,4.284358614927973319e-01,7.723812421661495620e-01,4.220195732984212134e-01,9.781768022867756152e-01,8.252951796036357424e-01,7.644994309264163679e-01,7.625818709633415127e-01,9.496956148893263006e-01,3.043771304660312649e-01,6.345607323954044476e-01,9.508877278834350077e-01,2.693921506008943867e-01,9.824691941599443812e-01,4.207447703786293958e-01,8.544839510628581269e-01,3.793517074449773707e-01,6.527064433438664048e-01,6.075553146083205736e-01,9.160150151648623895e-01,4.020785093643512442e-01,4.310567367348767942e-02,4.230195656053297726e-01,2.188428171013129808e-01,3.674509911314818855e-01,2.967294556876625133e-01,7.893580343615730355e-01,6.724874149817834379e-01,2.569763370875828290e-01,7.761226552428284187e-01,9.770802574588164369e-01,5.495136832674698546e-01,8.757029470219837020e-01,2.492845969090443092e-01,8.539392742744855713e-01,6.580299141737824264e-01,4.127752842339068584e-01,6.361107240071262048e-01,8.080736012774674126e-01,9.892247431174574501e-01,7.828328777318365184e-01,5.787276373678833519e-01,8.956213250351026112e-01,4.701362598480639532e-01,9.145782753082130068e-01,6.745865817520668717e-01,5.836460090151281976e-01,8.144045919269375933e-01,7.290338556070454779e-01,5.178386225953053312e-01,-1.180885293739019903e-01,2.733181373076387088e-01,4.120442758858132715e-01,4.867367200618518686e-01,6.086488097058774249e-01,2.655576976774947084e-01,4.626694001841448189e-01,7.959963768106270710e-01,6.285719788033292676e-01,9.445312278347317569e-01,4.952142025217036725e-01,2.153716255156772619e-01,6.920430631927788623e-01,8.346833890517708632e-01,3.179507828786414803e-01,3.006719497813626352e-01,5.399506872454312711e-01,7.573702057017168698e-01,7.435194324659940568e-01,9.528538152683244111e-02,1.066009180678277463e-01,6.725401748155996895e-01,2.812208851793261966e-01,9.610873991396995386e-01,9.763428591835139336e-01,9.743400661427135123e-01,7.448811569088688023e-01
6.992784861045571176e-01,5.979938769867680914e-01,8.277682863752607867e-01,4.412115283030868529e-01,4.501661252811242631e-01,8.623736770029168941e-01,8.655342737388497243e-01,3.952352612267733267e-01,4.284358614927973319e-01,0.000000000000000000e+00,6.344550283788625844e-01,1.586619841042052892e-01,6.578875845552222268e-01,9.708341422033623935e-01,2.554522759208530669e-01,7.094528322409359156e-01,9.460714690268327010e-01,2.415703670837288652e-01,6.656500445497782747e-01,9.902354116574916265e-01,8.321784718237231759e-01,6.991648330403746892e-01,8.455170571057950557e-01,7.766975910238101966e-01,9.986225198321490026e-01,6.083797895698306313e-01,9.865431079565809558e-01,9.046578149133709390e-01,6.572303034921203047e-01,4.896569990151429519e-02,7.309362516792746733e-01,6.763821100782761997e-01,4.243604605609573865e-01,9.824097457081537588e-01,8.403257190931902043e-01,9.863988238229726146e-02,1.879592787616158889e-01,4.262663936855837776e-01,6.433397831107440235e-01,9.244818161812079493e-01,4.497550437980913918e-01,9.064616139444631182e-01,5.561574098163182267e-01,7.512849601393516430e-01,7.351219638122687972e-01,6.542949559926460879e-01,9.850595502715503438e-01,6.782320253418516742e-01,9.536562366985373851e-02,8.376081217609037122e-01,3.734851564846045635e-01,6.162683482639802479e-01,9.737296607652410341e-01,4.232210177923591554e-01,6.180468299476884475e-01,8.819327232185036891e-01,7.609689312961747110e-01,4.080130344205890047e-01,9.746779512197945028e-01,7.969148656626448002e-01,3.798696963162514484e-01,6.253037743865809128e-01,9.391773272174981368e-01,9.259229097193393265e-01,8.386329532237157824e-01,7.982975138399848181e-01,9.932926712581758855e-01,9.128650132205929912e-01,7.696132912713027352e-01,6.546163529098227851e-01,4.534750334283026429e-01,2.138681172403016431e-02,2.386193649057953281e-01,3.395705049712877122e-01,9.394296004664000055e-01,6.085640334423488840e-01,7.466625183091120110e-01,6.842694127838753193e-01,6.969330878023645148e-01,6.893808112591788273e-01,4.948644303992501547e-01,9.664729342694362568e-01,9.419376892030718595e-01,6.632400705860485024e-01,8.375477159896624890e-01
8.326650936523962709e-01,8.837215443770330969e-01,8.789289627925461756e-01,9.388758895431090767e-01,8.560867230718796073e-01,5.681965843376224345e-01,7.993524583781108639e-01,6.526067165118000224e-01,7.723812421661495620e-01,6.344550283788625844e-01,0.000000000000000000e+00,6.108765816654426750e-01,8.678128942919562938e-01,2.169669308596522961e-01,3.979255459466412570e-01,5.130162884875845153e-01,5.811984782373809111e-01,7.723617035853581614e-01,7.775722304439045551e-01,6.678270371869308164e-01,9.154245323555788572e-01,7.419304602586221931e-01,8.448710461358039936e-01,9.447224992391669574e-01,7.745231231050784260e-01,7.595374868195818863e-01,8.084144631465507436e-01,3.712490841966756827e-01,7.589074400380663166e-01,3.768188007580596799e-01,1.435559465631670306e-01,8.818171573987859668e-01,8.809544280825903906e-01,4.115352381943339077e-01,5.447157924146970448e-02,4.192829997949048537e-01,4.094300453440367082e-01,4.019214124547622058e-01,9.743176145968850399e-01,7.497738695583400226e-01,6.450657775661164939e-01,2.958281101075228570e-01,8.961390154048188839e-01,7.862041873363047051e-01,4.584613824481810207e-01,6.147727111766545516e-01,8.809723624075325166e-01,9.662016238036368332e-01,6.448009181232503551e-01,3.749185279636956247e-01,8.102724987980285398e-01,9.323999957368339642e-01,8.584629244601577058e-01,7.151710539723125093e-01,8.967061178210118388e-01,7.091544458622355274e-01,6.907846824101089300e-01,6.613917759378629135e-01,9.106151609145461956e-01,6.402716569807272995e-01,5.988422217533628800e-01,2.087140579577384525e-01,7.880376824752546305e-01,8.639978918121925533e-01,9.369458589495962553e-01,7.794318069533806570e-01,7.844764572397974201e-01,9.554572187018190998e-01,3.856437188097949775e-01,3.352841210078164047e-01,6.988798663943027734e-01,2.674302281313082896e-01,5.308892741325363929e-01,3.421907224962859595e-01,7.288218227928378035e-01,6.189720853445946913e-01,6.486747667440612153e-01,9.418574062424174276e-01,7.091541240659363643e-01,4.740581486918265530e-01,7.229911897596417170e-01,9.110915871604768901e-01,9.332901742713420878e-01,8.925479826857519727e-01,6.951604016736411262e-01
9.085595488945451548e-01,5.570450855038900917e-01,6.700555956773172062e-01,9.282720237854183987e-01,6.163326344050609196e-01,5.122102749966322977e-01,7.726896714189290805e-01,8.763472457513474811e-01,4.220195732984212134e-01,1.586619841042052892e-01,6.108765816654426750e-01,0.000000000000000000e+00,7.728954670521062109e-01,9.269753785908784183e-01,7.574238240152556534e-01,9.391048642158211779e-01,8.325382459838491789e-01,4.047431509952374995e-01,7.958653313466700352e-01,8.259087057737322102e-01,6.377638188028005306e-01,6.346317022533937147e-01,9.679286234366981656e-01,8.582914984431708749e-01,5.983551125205802679e-01,4.802059146550155533e-01,3.345128834636277304e-01,7.966501353076335112e-01,2.639882692129090214e-01,5.157702580167113915e-01,7.767620133879105104e-01,4.280885315541693159e-01,2.606133483429602382e-01,6.225509789842428310e-01,5.726917442899051580e-02,4.333765156388679207e-01,7.058129617064345940e-02,5.398107299009533566e-01,5.861188668641298394e-01,9.681020054584282830e-01,5.775311739271673517e-01,4.458040827906285530e-01,9.124039274393604959e-01,5.852965351448140563e-01,7.490166674795823987e-01,9.350075969181323998e-01,5.178742887934474348e-01,9.390580643531929450e-01,3.351886119927128260e-01,9.684226973467571220e-01,7.202615664200784362e-01,7.639993354991821972e-01,6.408596655374454443e-01,6.444819663426595291e-01,8.783757051232804480e-01,1.102502341599986418e-01,4.819332910440622952e-01,5.022174796487651749e-01,9.584067959916837687e-01,6.699507859354347783e-01,7.862136339503917881e-01,7.190177679573844793e-01,6.729684150581418667e-01,8.904635526622638464e-01,8.856440249066060977e-01,8.289158580051878555e-01,1.780127486486288713e-01,9.955759839661773025e-01,6.850343552898321420e-01,4.354050201086016036e-01,3.488551160054634837e-01,8.116859073071583941e-01,4.247214486777370901e-01,4.426556580990707035e-01,3.056307678397664485e-01,7.169144272467016243e-01,6.642033176390799154e-01,2.272221764984261871e-01,1.227484867767134058e-01,5.380690445768099989e-03,8.153142315331444179e-01,5.901770974707859496e-01,9.863542142064330998e-01,-1.233690800939215709e-01,9.261259549073586061e-01
2.353690756261128669e-02,6.529320973835223141e-01,3.961927014969847116e-01,8.544893062320495503e-01,8.782847112216918273e-01,8.961517246608061704e-01,7.898847395366824786e-01,8.003999164922052101e-01,9.781768022867756152e-01,6.578875845552222268e-01,8.678128942919562938e-01,7.728954670521062109e-01,0.000000000000000000e+00,8.058859040663632900e-01,6.182103146132925664e-01,8.041623869445104766e-01,9.268478602802704414e-01,9.864165654157305285e-01,8.476328508664272565e-01,6.796132731803642413e-01,6.371900098318175054e-01,8.230901975250056735e-01,5.772964933791275843e-01,7.517695860763413673e-01,8.220734374851994541e-01,6.318813892920110975e-01,4.627950343217049900e-01,6.942553107840226945e-01,8.324177097314052753e-01,3.746895607135721784e-01,-1.932555746369447602e-01,8.363457453191850410e-01,8.755801224286204887e-01,8.876848627081181942e-01,3.901474489305788440e-01,1.558070029688591041e-01,4.450621182100141238e-01,8.094389927811093122e-01,8.863587619954325092e-01,8.792517302956075476e-01,4.404405518047122547e-01,3.955143329836570132e-01,8.000005531736019693e-01,8.587175428491852225e-01,7.919900528024921282e-01,9.037199469048694533e-01,6.833710639688581612e-01,5.760700443944756222e-01,8.429821563176513877e-01,7.648362066506253498e-01,5.730070987507840385e-01,7.084892022614355245e-01,7.510926573770844161e-01,3.292760109409409441e-01,6.435843868412390867e-01,9.349971364260599715e-01,2.692764335793569885e-01,6.713171143837149968e-01,9.561380467026554530e-01,7.449197559998705920e-01,4.427801066921887574e-01,6.039162646125701972e-01,9.207698691970443994e-01,4.632412495603520641e-01,3.089618505519039493e-01,8.746770728633662673e-01,5.455920545428771806e-01,6.626444359941163764e-01,5.910659881977349261e-01,9.212382935913012716e-01,7.395684053896908194e-01,8.292807733765057421e-01,4.405645590832205083e-01,4.492623542460291164e-01,4.833123441000982679e-01,9.055664695930921715e-01,7.252278288512418181e-01,9.718306896851491850e-01,4.108778345226457018e-01,4.055093867226384208e-01,3.221405356474290049e-01,8.923701692914240979e-01,9.417055025579923466e-01,2.774438283023268892e-01,6.025036893667593541e-01
2.506731214116855178e-01,6.433261042553364284e-01,7.261582266010209175e-01,6.303408618931971574e-01,6.735083450470924493e-01,6.548918656750127854e-01,2.822664300865787568e-01,7.194174666596034884e-01,8.252951796036357424e-01,9.708341422033623935e-01,2.169669308596522961e-01,9.269753785908784183e-01,8.058859040663632900e-01,0.000000000000000000e+00,8.513248196525315947e-01,7.511013067601770565e-01,8.112673733226889450e-01,8.984860309310046533e-01,8.773414144726283670e-01,8.330903812953655008e-01,6.106681156235860275e-01,6.111010420233515816e-01,5.936205642510279379e-01,7.551225117639565054e-01,6.991876176100403351e-01,6.489897978817872337e-01,8.472229496314032104e-01,5.265250594910545479e-01,2.955707499327774879e-01,3.090704783614153239e-01,2.192714811735290703e-01,5.020563897995610203e-01,8.600774351406057505e-01,8.016780583482349121e-01,8.324338650646839755e-01,6.604395321517965156e-01,4.544891800109392421e-01,5.736403775485695578e-01,9.912374724346040278e-01,9.101455551564642255e-01,7.543623920835537122e-01,4.536710781905806678e-01,4.661782647648239353e-01,8.540465463067037355e-01,1.085105350645315658e-01,8.218895041690668091e-01,9.854621204556217595e-01,6.428312293896787377e-01,9.522060942850025800e-01,4.385320113922706597e-01,9.716795848563404281e-01,7.891454814720342270e-01,9.787681425401284496e-01,1.733768437249771366e-01,8.909518870401771373e-01,6.025738479776074907e-01,8.235136211748474988e-01,4.859022571161312753e-01,9.322245936474899963e-01,1.775381172583659628e-01,5.533874896434209933e-01,6.666514270248792284e-01,9.793925961722039775e-01,6.518304178390289527e-01,8.136913603601020339e-01,8.657208771200817221e-01,6.956694846142293942e-01,6.925786961342192960e-01,7.411706819512667854e-01,5.531475719480070108e-01,8.814844303353932542e-01,7.434026931809474270e-01,5.266147522546120729e-01,5.917457689437842783e-01,7.318056959577154963e-01,7.580059549619423409e-01,1.725620210874495575e-01,8.944756557751274428e-01,1.905300353179142370e-01,6.312446798355789701e-01,6.069355582873071642e-01,6.059075509688331973e-01,4.006993553475006742e-01,4.548987151559061304e-01,9.457896783606358770e-01
5.751392787618794245e-01,5.401321623832180396e-01,9.751123279582571968e-01,9.921828765867106714e-01,6.706139662324359652e-01,7.152201072409644089e-01,1.066120664557247272e-01,6.354901076933420212e-01,7.644994309264163679e-01,2.554522759208530669e-01,3.979255459466412570e-01,7.574238240152556534e-01,6.182103146132925664e-01,8.513248196525315947e-01,0.000000000000000000e+00,6.198285955992091090e-01,8.063579237978740766e-01,2.181560323193703632e-01,6.798706399587230997e-01,5.101047434211222198e-01,8.669431619969159009e-01,3.706200023816941802e-01,3.823521492514815323e-01,7.339336774848871370e-01,5.859981744456597141e-01,6.766571759974768785e-01,4.085411263084788303e-01,7.652300756004548621e-01,5.094693792928840503e-01,4.276391004719281019e-01,4.370501995039614007e-01,7.628231176879016751e-01,7.586601761603872784e-01,6.460039309015251918e-01,8.676837673550307217e-01,6.784273740441197909e-01,-1.201457322445124987e-01,4.077109322504505196e-01,3.950656647739457794e-01,6.256285437842842301e-01,7.117263112486297283e-01,4.328867489224611509e-01,9.691732209454662073e-01,5.449004326918254204e-01,9.134436742197076242e-01,3.271130423543039401e-01,6.375239279549087534e-01,7.931986933941366225e-01,7.046429615410042535e-01,4.886169027614313820e-01,6.512448715364490548e-01,7.146130271242225884e-01,7.807749506076204771e-01,9.009268246100333721e-01,5.484826226273515903e-01,4.740949668841333287e-01,6.743419787805817744e-01,6.069070670597886963e-01,9.123402910966696977e-01,4.393679740411125523e-01,5.253444123890858020e-01,9.235558397208187831e-01,1.668387171659288792e-01,6.667344943956869940e-01,6.212871167736249145e-01,8.501536332236452331e-01,8.461385812890466207e-01,7.554422821421663548e-01,4.058047994333007780e-01,8.857171571890544159e-01,9.240136497020968731e-01,7.577847855915427200e-01,5.455515885063747517e-01,3.156470574642128990e-01,9.419364770421571054e-01,9.189540601810387566e-01,8.566283671562604507e-01,7.545114168192881277e-01,4.348919756796567615e-01,5.252145377982456176e-02,1.605983934489787490e-01,5.627559301040793160e-01,-6.247646655718228081e-02,2.611227317648666113e-01,6.869146777762504819e-01
6.977870530699147311e-01,7.281141447227434949e-01,8.622200736474683325e-01,9.695918802719520890e-01,9.834613000613771083e-01,2.386452477939597083e-01,7.903533135638467488e-01,6.182558181657366037e-01,7.625818709633415127e-01,7.094528322409359156e-01,5.130162884875845153e-01,9.391048642158211779e-01,8.041623869445104766e-01,7.511013067601770565e-01,6.198285955992091090e-01,0.000000000000000000e+00,9.352827207847479452e-01,8.889689660408174321e-01,4.066368770697696977e-01,8.219841627808551765e-01,6.322150865694018407e-01,6.889065621534986583e-01,6.761590749861978722e-01,9.363611162383380648e-01,2.530781591092877703e-01,6.054861254728171049e-01,9.723867729436672658e-01,9.028547652368388299e-01,7.212271904871775385e-01,-1.637616152638591838e-01,7.577910138417425223e-01,2.148247488859195142e-01,4.576325702778059612e-01,5.694334074756399744e-01,6.484207219181470361e-01,7.137605967010223207e-01,3.065068587415462065e-01,3.811948133938110050e-01,8.633331918045044073e-01,8.541385448287655002e-01,6.163560124361155967e-01,3.002950336341853599e-01,6.315372158586858298e-01,7.530151067984285351e-01,8.541218333034437116e-01,7.136568200512813931e-01,3.173430772034616099e-01,3.887022706032492586e-02,7.764488055170239988e-01,6.267333568554059875e-01,4.527380882954226693e-01,7.939854061859982215e-01,7.328561149911259065e-01,7.763495500659338688e-01,6.907402169604814901e-01,6.132406582138201223e-01,2.559157834443262503e-01,6.854212802886799905e-01,9.382223110659565490e-01,6.035204000559201143e-01,2.291410457697376502e-01,4.470699164547520255e-01,6.543206188663099887e-01,9.496638754326722776e-01,6.403465703084181282e-01,7.921490546960379131e-01,4.628787828191341935e-01,7.893768518869630491e-01,5.132599582306617281e-01,7.342908371551590818e-01,9.852009323734625124e-01,-7.003189453929128949e-02,4.975613436063225925e-01,7.974321958586179093e-01,2.484290234121848129e-01,6.464389477421690344e-01,2.042339573161409405e-01,4.074930106407098629e-01,4.387281669061683931e-01,3.839265556511759492e-01,5.820634791171126476e-01,9.309017832817121363e-01,9.142316583021485865e-01,6.198913339811206180e-01,4.366602951027242496e-01
5.628125499168395995e-01,6.921661944357239138e-01,8.810808198069406405e-01,7.915954395881455441e-02,9.602087197126603080e-01,6.141192111318273250e-01,6.155506247598808711e-01,7.725500764798518549e-01,9.496956148893263006e-01,9.460714690268327010e-01,5.811984782373809111e-01,8.325382459838491789e-01,9.268478602802704414e-01,8.112673733226889450e-01,8.063579237978740766e-01,9.352827207847479452e-01,0.000000000000000000e+00,8.819000310888097660e-01,5.054094806388172989e-01,7.482574347120195535e-01,9.703037088604240523e-01,6.224147160326823913e-01,8.534867497893113830e-01,9.054650364649520222e-01,6.223953169928959639e-01,9.783935415233494526e-01,7.917446861588841589e-01,7.312422896500082592e-01,9.754363175253293328e-01,6.749475952158512371e-01,1.186463961548136492e-01,8.863568428986922099e-01,8.815880750469270444e-01,9.496783179584356027e-01,9.639035640588414777e-01,2.943865184308833149e-01,4.642033331963171250e-01,6.574752071918028573e-01,8.104081611290998577e-01,8.969061160283614553e-01,4.661780201363457388e-01,9.408198315080827934e-01,4.151567908886261149e-01,3.986817865724837651e-01,6.381368135794173169e-01,9.576192103487640717e-01,9.859842128954129370e-01,6.872736824029406222e-01,7.578559676845183501e-01,9.740715185107351459e-01,6.397148924548718973e-01,9.383439301816630662e-01,8.842616086471902781e-01,9.414708399552367268e-01,4.969129353376002811e-01,6.818927017886434738e-01,3.607395010464931051e-01,5.554120373325952542e-01,4.581122505374790599e-01,5.318884674442145855e-01,1.863955198364628252e-01,7.434348832709377630e-01,8.307573065144413516e-01,8.050185431604088837e-01,6.654279178604814993e-01,8.706178616325382924e-01,9.754800392579408008e-01,6.817625697987121924e-01,3.195316565009969495e-02,6.810668703631069798e-01,8.841688130260946243e-01,6.456841651995419706e-01,5.232808827592498879e-01,-1.636530761604141349e-01,8.890945575079687302e-01,9.981272046530995645e-01,9.467850022435201351e-01,9.538144909987540387e-01,4.245427693859246121e-01,9.084706311977937265e-02,9.638164268292878090e-01,9.437568044644383258e-01,5.147120183909484892e-01,2.016210944722518494e-01,8.484357649148109859e-01
8.871776525673951141e-01,3.444811521975841284e-01,8.121106638812634060e-01,9.300539578671743746e-01,7.997134415691999898e-01,7.591959416990914367e-01,4.376814469351755221e-01,5.205148007283764144e-01,3.043771304660312649e-01,2.415703670837288652e-01,7.723617035853581614e-01,4.047431509952374995e-01,9.864165654157305285e-01,8.984860309310046533e-01,2.181560323193703632e-01,8.889689660408174321e-01,8.819000310888097660e-01,0.000000000000000000e+00,6.876507123812015676e-01,9.066426875916400174e-01,8.331592561935636798e-01,8.044950923136237053e-01,7.780844050806150491e-01,8.021771495576852651e-01,7.926965443848947857e-01,6.813180398939894244e-01,9.860825786926485925e-01,5.960054404682211260e-01,3.157022067944775245e-01,5.353344858321802402e-01,4.937204399457306159e-01,6.203814052377712995e-01,5.724292044032414095e-01,7.698636169670262097e-01,9.312156557247459610e-01,4.624220533413311851e-01,3.990563165922449834e-02,5.147868134112697502e-01,8.361284359757188422e-01,8.375776164825515790e-01,4.577127017745691862e-01,5.833693880643502361e-01,8.214120817317617229e-01,7.934284253385535113e-01,8.924214733608076822e-01,6.249932666421719185e-01,8.220045683668224523e-01,5.639393302618654902e-01,8.095430377560316471e-01,7.960333954651128696e-01,9.208254527577429405e-02,-3.717714997648878805e-01,6.139170872390204980e-01,9.569177618771989025e-01,8.691191538224321000e-01,8.803478745484503154e-01,9.946079276139747627e-01,5.032895811777584605e-01,9.755611892348251546e-01,2.512020418754150053e-01,7.184857052549612488e-01,4.893638271642560822e-01,9.031602686850319639e-01,8.364055768660414447e-01,6.484061934134632832e-01,4.405857284395708340e-01,7.853075089702045153e-01,6.829110082494950218e-01,6.934142347396223816e-01,6.302044388590163360e-01,9.416467445723649687e-01,6.519209951400075642e-01,5.794287677975535900e-01,4.932082753143221532e-01,5.224302702154477451e-01,2.995831630087755770e-01,7.290464781717089782e-01,6.581319303577557456e-01,2.555175106228365633e-01,5.383140771141827763e-01,7.892867854988951937e-01,4.818314534784178260e-01,6.440271224605770284e-01,3.129029542691918464e-01,6.923971480540301870e-01
