0.000000000000000000e+00,9.181593667965125549e-01,9.452633780270014441e-01,9.533927735718223939e-01,6.534374749938863802e-01,6.716425666734764099e-02,9.137091557147400955e-01,4.993220776489987744e-01,8.939823800921493646e-01,9.781396980042746936e-01,8.896759814475125872e-01,9.474430045184041305e-01,7.200175366410715982e-01,7.250033702312891348e-01,2.766039044657120916e-01,8.866521898249952738e-01,3.048858998272543919e-01,7.144769310095846482e-01,8.431512790734391194e-01,6.834072728551762177e-01,6.553466472546587429e-01,9.334424157971039637e-01,6.123533577791974158e-01,8.908723747854191410e-01,8.941842742648369313e-01,7.948478249282102670e-01,6.376031718069896659e-01,4.684645006171157533e-01,7.159255420411265725e-01,-3.730780821390578539e-01,5.460361408027786245e-01,8.285403936837677508e-01,5.208890567616736300e-01,7.801185218297250756e-01,4.264656521203879502e-01,6.575831045126746544e-01,1.522426017831133294e-01,9.116995906671847560e-01,9.309951738226914797e-01,6.861611925528879885e-01,2.805691850017026368e-01,9.682584294232197131e-01,9.792260436542051805e-01,9.696140951300817878e-01,4.250041812818027287e-01,6.670579010023929278e-01,8.834641644914742464e-01,8.573917293410991958e-01,9.097040556236787312e-01,8.397714917743102081e-01,8.367780049097215400e-01,7.705722326308295234e-01,7.446832019607868558e-01,8.045587858538255643e-01,9.807997281181419780e-01,8.354323227488096304e-01,7.745083973692161727e-01,6.311244932694434207e-01,1.099246817866448844e-01,7.169299905262879191e-01,5.091596921042785828e-01,6.348135126704483877e-01,8.972476905103284883e-01,9.613170328851783353e-01,9.314861517790993251e-01,9.520751226357353492e-01,6.550099057632914334e-01,8.530602910711926334e-01,9.144613907867994440e-01,9.344842149330895298e-01,9.325993668121860258e-01,7.113452935442776681e-01,8.586685688023328877e-01,3.851713127957441807e-01,9.411108620550050485e-01,8.403699399665377490e-01,6.959951613649297819e-01,6.897710881130680871e-01,5.333993934180520924e-01,4.112677939920698078e-01,8.688197189355120198e-01,7.762524367512662060e-01,9.345709499306377177e-01,4.395669835306984519e-01,9.416633967719931775e-01
9.181593667965125549e-01,0.000000000000000000e+00,6.100361197513669564e-01,9.689167414537237510e-01,4.343855951605982146e-01,7.542734775813193515e-01,6.933135827235603621e-01,3.162155483053698535e-01,7.751261665149858926e-01,7.413189398439509192e-01,8.147695068819575948e-01,6.230662685099248588e-01,8.903945942635644872e-01,2.547578154466807743e-02,8.959789015061907502e-01,8.376402407813396955e-01,5.207624237723383898e-01,7.457540918706206945e-01,8.464893124493029219e-01,9.254569575507113344e-01,6.447738739360627802e-01,5.425620448381651695e-01,6.188895493283342875e-01,4.713423148317799627e-01,7.796997901419874255e-01,8.207209642208804778e-01,2.915602530723706565e-01,5.903736048699992356e-01,8.476014913419684937e-01,5.094407639065360316e-01,4.219213556784843777e-01,6.803353598179816553e-01,6.687249575234769372e-01,6.138989623675400464e-01,7.312427125065992239e-01,1.163263139962078530e-02,4.369969097436770533e-01,3.199251768963402021e-01,8.149475169676527742e-01,9.183257817231061937e-01,4.614418146881512084e-01,5.586887775660623889e-01,9.149838902534608298e-01,8.313189453603344603e-01,7.107859044111252134e-01,6.219986594910129618e-01,3.133034160550399738e-01,7.283298544228169469e-01,7.398626460602820698e-01,6.819587312709459725e-01,9.353277453937020036e-02,7.471252120045651646e-01,9.642576724843567870e-01,8.158037461581670868e-01,2.896050827784928394e-01,2.594551017058279174e-01,6.075969864398044207e-01,9.791140247887866188e-01,9.280417252404932205e-01,3.416267215955062775e-01,6.535529575792016210e-01,6.599683104920960330e-01,6.925564290697813208e-01,8.106975459681524665e-01,7.309751398839123837e-01,7.727491964413033543e-01,9.294838051262265255e-01,6.646790876931687464e-01,5.443034144977408895e-01,9.789388212323570926e-01,8.810312435469727088e-01,2.470055886461589578e-01,6.267950282626314484e-01,7.307012136954413872e-01,5.752299656108917913e-01,7.398293655310334005e-01,6.309748476802071737e-01,5.198284621834028396e-01,5.207745998213781924e-01,3.977929237569357568e-01,2.238542272337786521e-01,7.845670563975625234e-01,9.112434057023156564e-01,5.996557468505447908e-01,7.874772611571074776e-01
9.452633780270014441e-01,6.100361197513669564e-01,0.000000000000000000e+00,7.199980100575810171e-01,6.784479948970805196e-01,9.463901846357021252e-01,7.630392537991121937e-01,9.680864975257991167e-01,6.538612551475452284e-01,6.154553016494944684e-01,9.962519546329523523e-01,7.561105097900213678e-01,4.702483293271134124e-01,6.021226365765126598e-01,7.184755912872682337e-01,2.596102653527080362e-01,6.170802941311063217e-01,9.787292477429530013e-01,5.935586821007153846e-01,7.415208491383312728e-01,7.249177468267347102e-01,8.821696141042317807e-01,6.952242311649362572e-01,9.419180578656349834e-01,8.385455391007570203e-01,9.266734748896741092e-01,8.762370348785603058e-01,9.297098950433226872e-01,4.800745191019830660e-01,-1.710874352987547253e-01,1.394887288311982554e-01,6.736280022358325237e-01,4.465174085362698664e-01,6.282369457831599169e-01,9.831572992859312077e-01,3.972192119879955907e-01,3.265546844591945552e-01,8.149819002916416366e-01,9.088113763298725223e-01,3.987687662254434384e-01,6.791864004839728297e-01,9.007227481275694725e-01,6.690851151493689697e-01,6.848294051213026368e-01,4.150308993905462707e-01,7.197268265881775484e-01,8.006692410436033747e-01,6.363480040525665293e-01,9.695550195669712101e-01,9.025828351106296443e-01,6.876413647719678002e-01,6.999869005095499253e-01,8.788236630869452615e-01,6.975522280965138489e-01,7.892459837248486654e-01,9.713013617134141908e-01,2.821117597317964742e-01,6.553160545077876264e-01,6.791105478533889794e-01,5.353794230349733230e-01,4.865568669896054854e-01,7.486101178438875348e-01,3.666521602719370609e-02,7.452742101395918306e-01,4.816541336498878501e-01,6.678509077506376013e-01,8.071294278009161216e-01,9.290379686203444898e-01,2.013421071616690317e-01,7.625815571120646563e-01,8.257487361137234583e-01,8.871318075259130298e-01,4.185608411994857225e-01,6.403819508072712274e-01,7.231409611297797690e-01,8.185913792339726269e-01,9.861077038447123577e-01,4.059933546103837720e-01,1.963622460061749675e-01,5.189391469158796122e-01,7.858148350281666250e-01,7.660540982299038903e-01,9.562932539737556414e-01,9.039900094004703623e-01,9.896322930080369007e-01
9.533927735718223939e-01,9.689167414537237510e-01,7.199980100575810171e-01,0.000000000000000000e+00,7.075733677318464254e-01,7.245294864783682343e-01,5.267717348537745981e-01,3.890228972134023300e-01,4.676899649324314234e-01,5.837283251737939160e-01,6.438520912164715782e-01,6.817215859503618081e-01,9.351824400485208022e-01,5.301376136777646852e-01,4.991638756326257087e-01,2.278258444920758796e-01,6.876301259204437022e-01,9.460997743463351872e-01,7.872251323255817779e-01,7.049977735103898357e-01,8.152764241496209818e-01,8.447582010731216062e-01,8.506841166875123150e-01,8.926422151411937955e-01,7.710004928362120813e-01,6.966550582472380571e-01,6.530937759266330911e-01,4.487062958956955505e-01,1.120534876961703022e-02,7.529686203472611972e-01,2.717809850361214696e-01,4.381276315956793566e-01,8.257715716770799297e-01,7.332290770024396664e-01,5.021036477731184722e-02,1.167884500375926393e-01,4.782301161022388114e-01,3.487057961335693346e-01,7.400073889013452089e-01,9.782720256343925280e-01,5.081694658351060268e-01,7.523074072289904768e-01,8.145145192600335982e-01,4.618909259386220212e-01,8.459000047473910211e-01,6.660380327910176979e-01,9.280228180425481588e-01,9.348392293404723663e-01,7.431309214864927348e-01,7.171128844421260640e-01,9.472988913618172191e-01,7.901205451275497005e-01,4.102960388944070780e-01,2.559735440902642933e-01,8.366519464052283306e-01,9.612050472555995206e-01,5.865692603396237548e-01,8.044489964836566420e-01,6.854450321050905570e-01,4.140826678050769094e-01,8.849701058883263638e-02,9.619523825752973600e-01,7.440333410754139676e-01,9.244879711825756408e-01,8.932930839139895385e-01,6.034737527786259159e-01,6.345647061914240217e-01,5.186175376497156320e-01,4.196955547200359460e-01,6.188496763148361168e-01,8.113130007054760728e-01,8.574998649903914361e-01,7.490379712732442297e-01,6.335140727104618952e-01,5.330989121954297083e-01,5.239296747665780352e-01,9.660447746609117647e-01,8.810489453917874636e-01,4.215449566413240201e-01,4.831040484099605181e-01,2.517019318234408054e-01,7.595008194691862391e-01,7.579690378650379978e-01,5.207540179991975160e-01,6.970961300977507324e-01
6.534374749938863802e-01,4.343855951605982146e-01,6.784479948970805196e-01,7.075733677318464254e-01,0.000000000000000000e+00,8.727459388612325286e-01,5.462653210112892177e-01,4.699938654380724778e-01,7.330479255983225473e-01,9.349456015689940891e-01,7.120650418994163289e-01,6.447641977994239548e-01,9.490212705808986904e-01,7.404477399844996421e-01,7.977317940254260442e-01,4.597647893231287530e-01,6.415477404452083476e-01,8.813881080857345340e-01,8.204813951362284197e-01,7.508074543031501014e-01,8.341011351700565735e-01,6.157546262242616919e-01,7.991938294594148617e-01,5.669113115853674500e-01,7.153630273783997406e-01,9.671978018813927047e-01,9.926615503700519927e-01,8.610935054401804845e-01,2.224633567571375758e-01,7.649487442397640002e-01,4.269887977187449279e-01,8.287946108316156524e-01,7.391742128539320333e-01,6.167067475590721770e-01,7.086005547024565310e-01,4.598900157885856821e-01,4.221663735419847185e-01,9.145933851162204586e-01,5.892629634139248118e-01,5.725015608782416665e-01,5.157533623659228406e-01,5.934734429577527282e-01,8.716217784183590833e-01,8.270862347634398981e-01,9.025553148313563145e-01,4.446005435995911692e-01,5.295578012410609992e-01,8.448338313558572121e-01,7.353701726136906425e-01,7.920686675764769813e-01,8.937375384049939253e-01,8.147294346809771382e-01,6.106631234786906726e-01,8.085363904377412814e-01,8.474716978509282406e-01,4.378673644982688518e-01,7.450885386136929522e-01,8.939506274641287886e-01,7.032069687523431201e-01,5.322859683168654765e-01,8.563418814924491640e-01,8.911239184860453300e-01,5.159396502589191913e-01,5.467442289622007623e-01,9.253696972446410207e-01,5.548360001748499082e-01,7.280660088595088952e-01,9.193990794055404425e-01,6.389051502284507356e-01,9.729740609863639644e-01,7.749746766716102409e-01,5.753260387313086088e-01,4.422988832427715566e-01,5.759868663356110252e-01,8.907702529368670685e-01,8.187228173851528457e-01,4.278468281137070561e-01,6.971107864819789945e-01,6.963968542766814096e-01,2.127174301081360616e-02,3.778354852708698530e-01,9.600241847344859192e-01,3.053232349319635608e-01,7.638103758576331170e-01,9.122216794961472974e-01
6.716425666734764099e-02,7.542734775813193515e-01,9.463901846357021252e-01,7.245294864783682343e-01,8.727459388612325286e-01,0.000000000000000000e+00,4.906816046655737007e-01,2.324586277754571439e-01,2.080200576850261829e-01,7.433280821325888299e-01,9.422511406010767310e-01,2.409165314864189222e-01,8.501161175200007136e-01,8.923585625413219535e-01,6.419700420844706157e-01,4.056262077414878875e-01,8.665613309553006349e-01,8.743152129613344092e-01,8.553714781989161242e-01,8.729132032414628206e-01,8.863492472540384082e-01,5.510703813072209689e-01,5.125732235539156578e-01,8.493835045990408839e-01,2.798187406467533278e-01,9.222652658399781433e-01,4.958952813427306983e-01,6.790114381886247497e-01,2.001970962218913574e-01,3.828069181709193073e-04,7.288281901658293371e-01,5.179151793209131327e-01,8.264092610617105317e-01,8.874679535744454117e-01,4.779626055322182543e-01,4.970105044806996664e-01,2.900756606330933129e-01,5.426786182702100225e-01,9.479160490914009252e-01,9.511074405877257831e-01,5.423934882272833935e-01,7.651363189710582713e-01,9.643939486663364313e-01,4.341089333812919171e-01,9.083768728731028697e-01,2.870085291401020533e-01,7.973311530010597226e-01,5.989306242617259413e-01,5.647610821103036249e-01,5.280469573951576123e-01,4.440200886699635086e-01,8.699693485826978101e-01,2.777347205150034748e-01,4.960324643430812364e-01,9.277562866726656310e-01,6.624633807530665441e-01,4.409898159502139703e-01,7.921273498423575532e-01,4.719904818345945219e-01,7.206038340826792510e-01,5.686900191733809118e-01,7.973478306332713039e-01,8.950953895393561899e-01,7.467890191666137767e-01,8.367898029226857881e-01,5.858564075680712246e-01,6.136340576898570154e-01,3.355727806523557399e-01,6.906939775285554362e-01,6.169969462082014466e-01,8.112179495034912424e-01,3.144934422802522223e-01,4.311197489663947113e-01,3.509095549566005334e-01,8.813681632651658715e-01,9.149738809809787599e-01,9.115723718743807824e-01,7.522351008604624134e-01,5.767906491381314948e-01,7.451171891484865695e-01,8.907451028776505186e-01,7.704047454580069676e-01,7.324956696022910663e-01,2.203187430880431119e-01,5.267716760395704245e-01
9.137091557147400955e-01,6.933135827235603621e-01,7.630392537991121937e-01,5.267717348537745981e-01,5.462653210112892177e-01,4.906816046655737007e-01,0.000000000000000000e+00,7.318332502575615184e-01,3.835118136652593268e-01,6.482273708894890074e-01,5.996107782170678746e-01,2.838478169822500896e-01,4.782397972329476832e-01,6.107020038227577441e-01,7.661763200620239633e-01,5.427502570837031692e-01,6.336443935348283762e-01,7.881234956611140596e-01,7.686809071603528665e-01,8.921046936328445032e-01,9.161337709179236954e-01,7.683849958925957901e-01,6.056529086194760714e-01,3.427959364321341851e-01,5.031825913875829226e-01,5.781192109905203269e-01,7.123596260181328521e-01,9.036970159635573374e-01,9.325989175292218603e-01,3.735562514497722808e-01,6.290484356029293345e-01,9.217084256790609720e-01,8.401207919150545100e-01,5.526490981863274587e-01,6.706704006777278737e-01,4.863618609998274778e-01,2.616345294366814178e-01,3.746658111491140142e-01,8.857860460295139404e-01,4.361983147579335807e-01,5.241122280144296930e-01,6.953283602926079165e-01,8.929713198771367377e-01,-2.162094047981369394e-01,8.880376242573185808e-01,7.610369625054490550e-01,4.844623703690019711e-01,6.448345437623359544e-02,7.775831936696457891e-01,6.127500195176667219e-01,8.262511672655624695e-01,3.345357389671005377e-01,5.016572943990159628e-01,5.572949482859993475e-01,6.115463328603049087e-01,5.270811355736310100e-01,2.281925297201483904e-01,5.419169944900696922e-01,9.963904878203684312e-01,5.772807766568270882e-01,4.673264247786630410e-01,7.960164292011443488e-01,7.918928123725008650e-01,8.741885739991184234e-01,7.200849345112310118e-01,2.099465194881481589e-01,6.268623474257795092e-01,9.932025141380901312e-01,4.619622995210631577e-01,6.851143321107335815e-01,3.880983444013326455e-02,7.834315190937017892e-01,7.057787570909813679e-01,4.323823588603347146e-01,5.963476839486885339e-01,7.765647464539539024e-01,4.180905420716490850e-01,7.894257564899893609e-01,2.967323932338967740e-01,5.868681309058677575e-01,4.723408716838011778e-01,9.950360168026439744e-01,7.257299418109621758e-01,3.565825717006658735e-01,1.909712323057875805e-01
4.993220776489987744e-01,3.162155483053698535e-01,9.680864975257991167e-01,3.890228972134023300e-01,4.699938654380724778e-01,2.324586277754571439e-01,7.318332502575615184e-01,0.000000000000000000e+00,5.085601975525587681e-01,6.464828951828612835e-01,7.163623187408740822e-01,7.009862453899530221e-01,6.015391911234668765e-01,8.430455825796748792e-01,8.798612794971950590e-01,6.703724852191805805e-01,8.719034631999682539e-01,6.747552985151019644e-01,9.941319486357658164e-01,4.640262873652118425e-01,8.078782454506928667e-01,6.855642332144563644e-01,9.024965650808669526e-01,8.348294433947224258e-01,6.304094407641038789e-01,5.940828134522255777e-01,6.058913788874948914e-01,6.866151898766857942e-01,5.875412885660007412e-01,3.893246377764766897e-01,6.417898716973788886e-01,8.261405572319402424e-01,7.296809385582695429e-01,4.347016202097952475e-01,7.931664073774532531e-01,7.564747395677744457e-01,6.638358501493241137e-01,7.263614285512109969e-01,9.593445405617080368e-01,4.349553983327938966e-01,7.695564103523044874e-01,6.676431499501547240e-01,9.967034703832406972e-01,4.847827070614132983e-01,6.093220251770439244e-01,2.796932705794743720e-02,5.040478827771459613e-01,4.957600808690781902e-01,5.984938009004475701e-01,2.864995270309290687e-01,6.184524494233833991e-01,7.152738817740664778e-01,1.797510942889046781e-01,6.055933136069856504e-01,6.758639121543668082e-01,8.781667994611284112e-01,8.875389645318805254e-01,5.661661370714599073e-01,6.476262883973871176e-01,9.365024583123104929e-01,2.348496547939701862e-01,4.851875607267564505e-01,6.900859920639470513e-01,7.756354368022753132e-01,8.637231002608273256e-01,8.149537572381398975e-01,6.023766935428177538e-01,7.289937321658139791e-01,6.242929862112064354e-01,6.866019089639586737e-01,5.380053181956540032e-01,4.770887170982393566e-01,7.047427408568667229e-01,7.074070852366123319e-01,5.143926770435104379e-01,9.348673561198970194e-01,-8.064267740059344325e-02,5.980867047179965201e-01,5.871979942190140855e-01,2.000334567345875558e-01,6.285390329384166197e-01,9.555427176182671456e-01,9.332725889565405275e-01,3.026142617922503164e-01,4.976598494463578271e-01
8.939823800921493646e-01,7.751261665149858926e-01,6.538612551475452284e-01,4.676899649324314234e-01,7.330479255983225473e-01,2.080200576850261829e-01,3.835118136652593268e-01,5.085601975525587681e-01,0.000000000000000000e+00,5.954613627684439692e-01,8.810536296205233597e-01,4.234030100089026249e-01,8.006089408753086500e-01,6.912844577994863293e-01,1.164899786379955393e-01,8.420244310931396248e-01,2.344486924885018919e-01,9.577355713055082376e-01,1.072474071411022162e-01,4.685139242106940438e-01,4.449258193000174555e-01,6.471919949600510868e-01,4.471980031479721451e-01,2.357118006722910830e-01,7.494455149797800697e-01,6.782806618528309794e-01,6.954017334511453097e-01,7.634113067380470241e-01,2.067296607645175421e-01,4.821646048577631904e-01,1.007710748135212386e-01,4.040179070561893959e-01,6.941658573217607264e-01,5.533993580148248714e-01,5.033036454591095499e-01,4.452226582341293759e-01,4.481396121761461737e-01,7.592010895950478400e-01,9.797183279981223070e-01,6.122322935967736690e-01,9.785309916227074023e-01,9.178420310845865071e-01,6.760998085489861031e-01,4.633103863414948509e-01,7.800976418700966697e-01,4.826694538057132999e-01,5.264275287940014536e-01,7.706822815068499199e-01,6.550093784822621501e-01,8.323558413728563421e-01,4.565372709977479904e-01,9.179134353372069288e-01,8.985885228080547904e-01,7.011496557357601578e-01,5.720268964883431506e-01,8.842345389917097842e-01,6.062498922586712080e-01,7.407256672166866451e-01,5.045542952934786163e-01,7.104972691265509788e-01,5.932675389536348209e-01,7.450616004636443357e-01,9.721341144390099887e-01,7.686923881636700262e-01,7.085560077857449013e-01,4.003031401255732202e-01,2.840568075724343444e-01,7.230142800124013114e-01,2.129588760382425117e-01,7.441985211645765208e-01,9.847219532247620810e-01,6.766299752307722848e-01,7.387569569468127595e-01,2.280110198264111987e-01,2.574954357375994762e-01,9.193367027502328259e-01,6.024749206224352394e-01,7.885259705130897023e-01,7.894262190927242573e-01,4.524757823327698047e-01,5.639968191982011048e-01,9.345740218534874799e-01,4.548673422696228319e-01,6.013966613558876517e-01,6.495900042475289543e-03
9.781396980042746936e-01,7.413189398439509192e-01,6.154553016494944684e-01,5.837283251737939160e-01,9.349456015689940891e-01,7.433280821325888299e-01,6.482273708894890074e-01,6.464828951828612835e-01,5.954613627684439692e-01,0.000000000000000000e+00,9.153228799103096947e-01,4.247785885853846422e-01,9.124636223506948918e-01,5.475476107847039309e-01,5.705816443739615274e-01,9.353774679852251417e-01,4.598367856304119150e-01,8.173823379917942722e-01,4.145076223218727152e-01,3.185909115949958070e-01,8.429186328931387306e-01,8.251637486638323526e-01,8.890901728873532583e-01,7.240124779687973078e-01,4.534228664492810368e-01,9.138115608083394736e-01,9.478953230779307848e-01,9.442451740655939396e-01,6.507328538026291298e-01,2.370876459825852767e-01,4.016622503227890162e-01,7.276293928746211392e-01,8.225525621822246114e-01,6.770802862908635866e-01,8.128124313839761861e-01,6.547238070512618746e-01,4.648421097237387944e-01,7.734919681680598735e-01,8.000839244973763087e-01,4.708018064365834254e-01,6.926606863826000327e-01,6.365724643847789910e-01,9.063575866390249924e-01,8.036558763398083949e-01,9.630363969779436317e-01,9.072860144427761231e-01,8.916990488976145324e-01,4.296865861633386019e-01,5.289469822557014700e-01,7.478963482155048803e-01,9.137322843310001774e-01,4.775941949519702523e-01,5.625273245466599903e-01,6.141045771472801729e-01,8.073374538265464251e-01,7.318269491571842700e-01,1.209136811462321187e-01,7.047289360401487457e-01,8.250676048425863440e-01,7.588169254629261173e-01,5.550321231008638057e-01,6.372376378311908063e-01,8.571039439235231816e-01,4.853894876880842091e-01,8.347534155416628243e-01,4.548998363503304887e-01,8.843752736723281549e-01,8.520987650424876048e-01,2.190800751622505038e-01,7.690540413633265571e-01,6.201469795498517623e-01,2.642664504808324710e-01,2.579049069857255461e-01,4.751996723054683347e-01,9.568149856143806087e-01,5.842719587652612789e-01,8.807368431127735597e-01,7.633502073875930716e-01,2.308597242549456918e-01,5.176578801353555193e-01,3.724358860013251560e-01,8.220547669533957436e-01,4.769175749025348909e-01,7.488107536769593731e-01,5.352735702803550488e-01
8.896759814475125872e-01,8.147695068819575948e-01,9.962519546329523523e-01,6.438520912164715782e-01,7.120650418994163289e-01,9.422511406010767310e-01,5.996107782170678746e-01,7.163623187408740822e-01,8.810536296205233597e-01,9.153228799103096947e-01,0.000000000000000000e+00,6.122484407308260712e-01,8.781103067867985779e-01,9.007089915704536986e-01,7.372390030213856749e-01,4.150006063969197134e-01,7.249819450989368752e-01,7.016852385959256866e-01,9.134973055611917969e-01,9.410403257375072883e-01,4.303235232138292177e-01,2.713579228095795437e-01,5.463664184616705555e-01,9.309789385684390517e-01,7.718876657384338147e-01,6.312410030938858663e-01,9.444885581989896917e-01,3.889048990049641108e-01,8.477726276465040733e-01,3.805499034396382374e-01,4.775351086895265884e-01,6.064924538947848998e-01,6.797873276469077464e-01,9.972235299912222128e-01,6.643951180123979228e-01,8.482963099619538205e-01,5.087180275915278438e-01,6.691480707000400097e-01,2.728900016155856312e-01,7.248127248123819033e-01,4.549559711892537384e-01,7.632939965927858506e-01,8.158220709874604015e-01,8.348781251547293669e-01,8.773293652612668136e-01,6.619415920958948707e-01,7.451924169397915465e-01,4.235104703476935684e-01,1.637094478334200354e-01,4.014419987873082962e-01,7.840925071508970667e-01,5.026319400679947202e-01,8.391719186030133226e-01,7.587325787510008634e-01,5.278780272685372754e-01,8.780217824145182259e-01,6.894480210016740163e-01,5.502001305519901297e-01,7.857832388148568992e-01,7.718938618072899160e-01,7.611497956339139392e-01,2.955989994843390423e-01,7.008398595939373532e-01,7.106447912534188394e-01,7.314204528640164682e-01,6.390984739659749669e-01,6.161064189017457782e-01,9.758012387062549031e-01,9.777332404149283729e-01,8.271449109052385618e-01,8.240685259831518339e-01,9.331670248705759008e-01,2.934213490528380652e-01,4.482089402400652456e-01,8.388010096977197572e-01,7.452642817581086598e-01,6.451059181772956785e-01,6.853160965398130688e-01,2.475625472207778066e-01,1.294281879957001336e-01,8.716197763383798369e-02,7.540173960085351235e-01,8.496764679044501722e-01,9.971026097333484106e-01,7.402933950947130359e-01
9.474430045184041305e-01,6.230662685099248588e-01,7.561105097900213678e-01,6.817215859503618081e-01,6.447641977994239548e-01,2.409165314864189222e-01,2.838478169822500896e-01,7.009862453899530221e-01,4.234030100089026249e-01,4.247785885853846422e-01,6.122484407308260712e-01,0.000000000000000000e+00,7.278783542516786831e-02,4.500802233822493448e-01,8.784262726012029843e-01,-3.999341397987836166e-01,8.661886666232586629e-01,4.054314411602903956e-01,6.092336380289365971e-01,5.130658003004613388e-01,9.691239963782780631e-01,3.771327383807580591e-01,7.321375179301414793e-01,1.760308708307443959e-01,7.983703863690213565e-01,7.833327094232449550e-01,6.888436327476155085e-01,7.072194976099719366e-01,9.916941524064932789e-01,1.952778819095051244e-01,5.717235740669648347e-01,2.631362784047261982e-01,8.455848403281176484e-01,6.704454621726906316e-01,4.571571705053534829e-01,6.446701362024023219e-01,4.439634574227565023e-01,7.240948465691205982e-01,9.985042296973782872e-01,6.598370326438444122e-01,7.902512949120841235e-01,-1.067730847405246181e-01,7.541476891131067006e-01,8.984137908277448625e-01,3.759585264207759847e-01,6.453567620036101404e-01,9.851624316811363746e-01,6.964334999312459251e-01,4.325770321361357418e-01,7.011931825227540882e-01,5.259107244620643273e-01,7.054675580330602713e-01,7.949115847764489651e-01,8.459915762533604111e-01,6.684731621985888772e-01,6.893853024175111699e-01,7.513818301179272519e-01,8.352549711898747953e-01,8.613764125274815386e-01,7.780427311802489143e-01,8.994925515296680052e-01,7.757066344673979597e-01,7.170081944474193669e-01,8.501103195648094246e-01,8.670432237403717934e-01,9.792623948620622354e-01,5.401072696506722393e-01,8.086171781630782096e-01,5.199534667713132663e-01,9.062669155762737017e-01,7.875856469412338967e-01,4.085926113937576321e-01,6.058697126914402986e-01,5.086799590553673367e-01,2.607657036314091070e-01,7.019177260625979464e-01,8.148786833871304314e-01,3.004604605342758306e-01,4.123941212221238217e-01,2.380854514022728019e-01,2.589329274120962254e-01,8.251364678676377240e-01,9.457813183777218358e-01,5.092063648818498933e-01,8.280226110809278950e-01
7.200175366410715982e-01,8.903945942635644872e-01,4.702483293271134124e-01,9.351824400485208022e-01,9.490212705808986904e-01,8.501161175200007136e-01,4.782397972329476832e-01,6.015391911234668765e-01,8.006089408753086500e-01,9.124636223506948918e-01,8.781103067867985779e-01,7.278783542516786831e-02,0.000000000000000000e+00,5.765838241914176265e-01,7.700814856055714364e-01,8.478760697091567433e-01,4.596728671220806639e-01,6.066924014745681548e-01,8.726481602631802614e-01,7.792070189299827865e-01,9.038503356589749904e-01,8.881347914015791378e-01,9.475411959341519808e-01,8.386117495363082375e-01,7.058511411188848061e-01,9.992473394621107508e-01,6.764305961400827183e-01,4.084415561575736597e-01,5.883345948506734091e-01,4.970689802090772491e-01,9.713534214058333616e-01,8.551632430874889224e-01,8.743287244245584455e-01,9.413791342737257706e-01,6.151412510837830361e-01,7.106387840255258270e-01,3.894887941253660779e-01,6.059430492599342521e-01,8.040685009290748919e-01,8.151127605370755980e-01,7.356498609916821696e-01,8.510917079738733459e-01,6.734800925719235387e-01,6.089264744470677115e-01,9.195098013294706885e-01,3.844661405299922285e-01,4.161748290420127505e-01,8.361017363934124536e-01,6.437148719369130134e-01,8.816600247059102058e-01,9.821052075619209898e-01,6.017571178405123344e-01,6.493429753571733354e-01,9.388437787042941407e-01,9.232871324017917214e-01,8.543916366402932727e-01,6.959607829084651920e-01,9.391655319969060001e-01,6.209380129252712877e-01,5.704682888962926413e-01,2.783593228727931912e-01,5.520873829377561659e-01,5.824117741757979250e-01,9.738324935123485737e-01,7.092953907008284764e-01,8.533381184403536768e-01,6.732285883901301116e-01,7.355677660397921258e-01,2.953182654723340295e-01,9.332058369510377593e-01,2.338999650272668707e-01,7.462641608910577373e-01,1.192816926108962589e-01,8.053435400049507864e-01,7.502386691953616404e-01,9.948063428535425246e-01,3.788091890502003761e-02,9.779406998561219755e-01,1.346079687543236536e-01,3.989622387897022726e-01,7.095457039589981862e-01,6.185668642434682951e-01,8.941256208672835326e-01,1.345466292857722124e-02,7.975770573145052333e-01
7.250033702312891348e-01,2.547578154466807743e-02,6.021226365765126598e-01,5.301376136777646852e-01,7.404477399844996421e-01,8.923585625413219535e-01,6.107020038227577441e-01,8.430455825796748792e-01,6.912844577994863293e-01,5.475476107847039309e-01,9.007089915704536986e-01,4.500802233822493448e-01,5.765838241914176265e-01,0.000000000000000000e+00,5.727702425113150309e-01,7.706372835746990724e-01,8.231160598101107118e-01,9.657048481404788554e-01,7.383771451890444038e-01,9.706100951516932751e-01,9.428138867454951555e-01,8.086726728507844797e-01,3.322203189153771774e-01,7.086833959344865930e-01,6.368898667585802809e-01,7.561572017566184911e-01,9.519637922987161938e-01,9.467923763853060004e-01,7.481343648078927488e-01,7.192843422551903343e-01,2.184061854503389355e-01,4.757602709465899027e-01,5.010286033491740953e-01,8.005755095440325597e-01,6.058427063182447725e-01,4.587050937058316236e-01,4.624270596550146828e-01,9.792691891412876881e-01,8.218113857715885207e-01,8.945626452697237330e-01,7.361245237369050676e-01,6.500441367632614487e-01,9.051785050523343257e-01,8.906195916759839237e-01,8.098143906589013730e-01,9.212622542850562590e-01,9.097290261205329687e-01,4.196738894998143232e-01,4.941132099985262593e-01,7.540492600754227226e-01,5.192789809624656638e-02,8.671813284125009513e-01,6.739483226876890054e-01,9.904502294944887986e-01,9.727509738207374967e-01,9.600919766177085091e-01,5.299283899938528331e-01,6.546324987849162502e-01,1.843291429103349754e-01,6.033101209384696961e-01,4.823526673672511311e-01,5.915984375451982524e-01,6.490731951003758660e-01,9.930281794817713559e-01,8.273889315680313938e-01,6.024226700832219228e-01,6.979429250140574137e-01,9.488523402025517139e-01,8.463759791750048445e-01,8.017618147946770080e-01,8.247854991426500915e-01,6.666653933040874724e-01,5.901252932141757279e-01,4.560064876720241189e-01,7.880569199335574204e-01,8.285865834315075951e-01,6.262552622331486463e-01,8.849253398173432261e-01,2.693534135662072337e-01,5.548871220892288569e-01,8.571379812921482433e-01,9.473802498481507239e-01,7.033876304748991615e-01,6.262911460443166822e-01,9.739239927751018877e-01
2.766039044657120916e-01,8.959789015061907502e-01,7.184755912872682337e-01,4.991638756326257087e-01,7.977317940254260442e-01,6.419700420844706157e-01,7.661763200620239633e-01,8.798612794971950590e-01,1.164899786379955393e-01,5.705816443739615274e-01,7.372390030213856749e-01,8.784262726012029843e-01,7.700814856055714364e-01,5.727702425113150309e-01,0.000000000000000000e+00,7.065514463719692051e-01,8.890441883047901506e-01,4.538039698534567790e-01,7.494763311235158598e-01,4.082463434533132873e-01,9.185353317942176465e-01,5.676679048790559401e-01,6.051603234521225616e-01,9.281052142666718074e-01,8.767277872640891756e-01,1.051997766751645857e-01,2.475141938057816293e-01,4.985421680935804845e-01,6.282381654305659868e-01,4.307900289914141645e-01,2.003066154414574473e-01,7.639384999652620856e-01,5.391649419695709877e-01,6.040526273440083305e-01,4.294383730989812520e-01,3.402521883489725840e-01,2.591966725326474985e-01,2.275789131319423952e-01,8.645595282985335528e-01,6.978577383994511996e-01,9.174335372860621396e-01,9.875460119108598889e-01,6.921081156839232751e-01,9.913505795932422981e-02,5.970129305908252748e-01,2.380211555373849264e-01,9.853428047136409962e-01,5.381690090347699407e-01,2.722461735555187223e-01,7.180328919841950652e-01,7.840656835118281487e-01,8.723818682063162466e-01,9.386786712755313955e-01,4.282058028590371990e-01,3.291382532231680313e-01,9.924253135574181428e-01,6.991563374545486376e-01,8.965766282934778397e-01,2.380538269214644287e-01,3.347150908624000332e-01,3.162139587938133101e-01,6.110343577761019329e-01,6.946356808462503807e-01,8.936114030694425336e-01,3.719947638225309383e-01,6.471136976054481238e-01,1.402927368176612732e-01,6.527599444171118259e-01,6.299464013592978029e-01,4.990373122120504989e-01,4.403444989313133329e-01,7.901881492035703891e-01,7.263711327024525710e-01,7.266351015907073219e-01,2.186913221918918016e-02,4.267095579663157667e-01,9.425123988164522126e-01,7.037301253060808115e-01,6.058543944037323437e-01,4.092395044223918754e-01,9.036801337959198266e-01,7.329867957594680128e-01,4.411327764426328235e-01,6.059929826542965747e-01,9.983787144155252813e-01
8.866521898249952738e-01,8.376402407813396955e-01,2.596102653527080362e-01,2.278258444920758796e-01,4.597647893231287530e-01,4.056262077414878875e-01,5.427502570837031692e-01,6.703724852191805805e-01,8.420244310931396248e-01,9.353774679852251417e-01,4.150006063969197134e-01,-3.999341397987836166e-01,8.478760697091567433e-01,7.706372835746990724e-01,7.065514463719692051e-01,0.000000000000000000e+00,7.210071920358130937e-01,7.385961687438060697e-01,-1.630027147357449580e-01,7.226572437822391670e-01,6.817517249417853753e-01,4.790519801635375052e-01,9.822574426734164144e-01,3.545302931053769258e-01,5.481291919091937359e-01,5.060972928214154676e-01,8.013543155606317470e-01,6.826692354759462678e-01,4.223529399843354848e-01,6.545810759624003383e-01,3.903429928965969631e-01,6.415745181443250900e-01,4.565393063257768280e-01,2.636576076010194170e-01,2.747056149766344824e-01,4.187787407100675430e-01,4.300305929941142247e-01,9.437874255450180438e-01,8.298549547032367801e-01,9.638874935780956665e-01,2.847712165340764434e-01,9.454397199510237160e-01,6.072306128978829376e-01,1.530978617780699158e-01,9.222021627010138500e-01,7.294141946921821607e-01,3.991638505461849729e-01,9.701825515794721966e-01,5.792965625320998235e-01,8.928822610531088610e-01,7.996029263638526619e-01,6.132314237595913875e-01,9.245154592680406846e-01,6.272006214326871776e-01,7.503997579638741477e-01,7.366929848619411247e-01,8.790079245469739622e-01,9.843298857333672158e-01,6.790316804339255885e-01,9.501988011633596409e-01,5.265722585983134696e-01,3.798554945323399101e-01,8.449289748545740775e-01,9.478516272038115531e-01,9.054190423498738038e-01,5.026137005166222416e-01,8.990616451954864807e-01,6.280014416407436739e-01,5.962221416214681380e-01,7.311800744342069613e-01,7.688114068978491034e-01,3.918505235976377232e-01,7.361630551792532895e-01,5.370139706969812021e-01,6.310836881405696985e-01,7.739306456805092882e-01,7.850114443830109590e-01,9.573162598575822857e-01,4.629804355112853154e-01,7.158475831682613588e-01,4.603315103949140452e-01,8.663873998713151892e-01,7.091698046840760883e-01,1.810063921351400262e-01,-2.710590086367917761e-01
3.048858998272543919e-01,5.207624237723383898e-01,6.170802941311063217e-01,6.876301259204437022e-01,6.415477404452083476e-01,8.665613309553006349e-01,6.336443935348283762e-01,8.719034631999682539e-01,2.344486924885018919e-01,4.598367856304119150e-01,7.249819450989368752e-01,8.661886666232586629e-01,4.596728671220806639e-01,8.231160598101107118e-01,8.890441883047901506e-01,7.210071920358130937e-01,0.000000000000000000e+00,6.307121253338677791e-01,-3.036537803663519330e-02,5.567339852255641652e-01,4.560887693733539638e-01,9.494636274400808373e-01,8.387094622297481816e-01,6.615079498127067748e-01,7.506596699546737028e-01,6.058515431112851957e-01,5.151285834333438896e-01,2.596697112286699971e-01,5.068924444207565383e-01,9.353807341685783650e-01,6.666167614071643044e-01,9.271801981684518745e-01,9.243858826635773518e-01,5.115997843978011828e-01,5.229227464422846472e-01,7.110599790825394839e-01,2.707607092984344321e-01,1.102625503139578883e-01,8.346944468510183457e-01,9.877069073673656607e-01,5.367214235377455456e-01,6.849231191206617275e-01,4.414065168322501842e-01,9.534782462069864017e-01,5.391216036648270871e-01,1.200217657069003602e-01,9.530149311161474346e-01,8.194117158961273795e-01,1.329947185527986242e-01,8.284775835233150199e-01,7.651307749918312417e-01,6.497920675312887084e-01,8.747619603849323688e-01,9.494875640972832986e-01,9.666167001079123411e-01,8.144303215770665183e-01,9.168177479828277798e-01,8.460981050311384699e-01,9.517925814907345350e-01,3.922970995225311119e-01,5.968267966205134112e-01,6.009399572579058324e-01,6.928987674118260998e-01,6.363087824297231077e-01,6.020117980931907198e-01,7.865270323666103680e-01,7.715637980072900248e-01,8.042648943976747899e-01,5.539138564520583730e-01,6.618572749030409152e-01,4.126977202851041249e-02,8.466269883044159617e-01,1.247282660430384243e-01,7.895129284927026037e-01,3.468417681729668578e-01,6.592748445498013421e-01,2.371429437259138240e-01,9.892090029011160190e-01,1.478186829084859322e-01,6.360799070588589732e-01,6.755157755202303438e-01,7.552679375192949962e-01,7.762641036523501015e-01,6.437117958618671087e-01,8.948090746956244290e-01
7.144769310095846482e-01,7.457540918706206945e-01,9.787292477429530013e-01,9.460997743463351872e-01,8.813881080857345340e-01,8.743152129613344092e-01,7.881234956611140596e-01,6.747552985151019644e-01,9.577355713055082376e-01,8.173823379917942722e-01,7.016852385959256866e-01,4.054314411602903956e-01,6.066924014745681548e-01,9.657048481404788554e-01,4.538039698534567790e-01,7.385961687438060697e-01,6.307121253338677791e-01,0.000000000000000000e+00,7.897163972977050417e-01,9.518987157596494608e-01,9.695975675901683521e-01,5.648834557773034781e-01,3.234724035635002659e-01,8.109535971972647861e-01,2.718522832395415256e-01,2.835352479331115783e-01,6.062602799942151677e-01,1.894596249773636276e-01,2.964372874971102356e-01,4.413895395457376747e-01,2.237884826553956652e-01,6.136026224025500353e-01,6.975993520822909577e-01,6.691738701711217319e-01,4.620041427060569417e-01,5.073975555935342774e-01,5.924610760972068985e-02,6.542439932719323892e-01,9.645241691187124156e-01,9.484031013850012792e-01,5.143082730584563889e-01,6.586249941717877698e-01,6.824118021352104657e-01,8.256121893384684718e-01,4.892334110374019773e-01,7.666534929678379129e-01,7.460988447959413516e-01,5.502776280985768320e-01,7.916202319025338330e-01,6.457732902845826350e-01,5.425268530709699277e-01,9.423975166016214100e-01,6.898902600305387711e-01,8.785340237130420116e-01,7.120189331014546985e-01,8.561071547521453828e-01,6.401394599920662287e-01,9.613444923003930942e-01,9.363892022645871061e-01,6.392225086659408806e-01,4.902941366215320951e-01,9.591182312195545290e-01,5.855840874673576835e-01,8.495784426372179343e-01,5.402316133477857996e-01,9.357404194321563562e-01,5.605321110558536546e-01,9.297676176503409939e-01,5.000340445231208353e-01,7.398013056915599961e-01,8.467127304001271781e-01,4.385328304994250415e-01,4.191129255622030869e-01,4.518639047930407826e-01,8.679836747803343355e-01,9.748199194570338344e-01,8.660963012866728095e-01,6.099469051730213032e-01,9.098410584844206506e-01,2.552429556226168961e-01,8.990568435846852946e-01,8.472013766914582300e-01,9.011166111960733360e-01,4.194924915581903502e-01,5.255678692335676860e-01
