0.000000000000000000e+00,6.518962560099541559e-01,4.756611719200785071e-01,8.154145445713320006e-01,8.072383213347562592e-01,7.057605304875429475e-01,9.191297502062963920e-01,9.370401596416781942e-01,3.925761585912391771e-01,9.479347684916730188e-01,6.579239954865385709e-01,1.547580440689918790e-01,4.038752101268721084e-01,6.166469295999391642e-01,9.787873469994128328e-01,6.067739411433886731e-01,9.320963404642850225e-01,9.225684458854070957e-01,9.415476710786133685e-01,9.745757914978122605e-01,6.053454492048827573e-01,-2.942159403973595988e-01,6.474730007610445259e-01,1.201935367507308006e-01,9.927892426959362693e-01,9.310014452962886988e-01,9.443616775561629595e-01,9.679521918200246766e-01,6.440963465456222004e-01,7.826832385209845366e-01,1.780118228968521621e-01,7.216230385586628326e-01,6.776188711932445985e-01,9.998892677882831315e-01,9.303297487423407564e-01,6.530397638127005688e-01,4.699622286987728548e-01,8.538677044577795971e-01,9.116809721317810089e-01,6.893479740082019136e-01,6.465053799697229042e-01,7.958378974768414160e-01,3.456560632448266723e-01,8.202925074187131793e-01,9.236719680088663065e-01,9.439616995532069676e-01,8.126633960726624695e-01,6.928507830128934897e-01,4.463980656857431950e-01,2.924459428865888722e-01,9.788578133180463325e-01,6.810688632987842439e-01,6.513826839154437387e-01,8.550991081587503428e-01,9.533113477808523584e-01,5.797945794208921866e-01,8.644116666378331981e-01,6.546709631273529562e-01,8.894522980679536728e-01,5.486905164787283518e-01,4.655365153490467200e-01,5.218753707526715413e-01,8.022971498522167844e-01,9.867040896471137579e-01,9.848541669482596683e-01,9.075640871153544120e-01,8.730230720976426273e-01,7.980317435555673855e-01,5.400678653678858687e-01,6.441814761975399595e-01,9.169590316751905501e-01,7.542076125845594836e-01,3.803278813435813088e-01,2.012879340334319256e-01,7.825657093842197654e-01,6.076071613402199700e-01,7.655591192351762775e-01,9.496864041662304023e-01,5.835109338058881434e-01,5.903159764413778987e-01,8.605935041019964205e-01,7.264990938460498260e-01,7.082637724795162182e-01,-3.680332295039166479e-01,8.026542201501667417e-01
6.518962560099541559e-01,0.000000000000000000e+00,4.961752056657592336e-01,9.235585789383372601e-01,6.225854757583917376e-01,9.109865476043224053e-01,6.132399398531585000e-01,6.969583162893693284e-01,4.151423555528890863e-01,6.998485250383884582e-01,9.181081408445253278e-02,7.541286315102032622e-01,6.126561437418935885e-01,2.072259120967723800e-01,3.663554409306923887e-01,7.336266869498009324e-01,9.463366340463528203e-01,9.517668791295055275e-01,7.183076218152125714e-01,8.809149332618975148e-01,6.034272837785783494e-01,7.401438606577805945e-01,5.618886295025138367e-01,9.208477519003364087e-01,7.419729747702036304e-01,9.819896791654181278e-01,9.384696040007965978e-01,8.593342205336063078e-01,7.569515150876935383e-01,2.396243868695593082e-01,7.703094589926777758e-01,2.679040990780682252e-01,8.435652081279618741e-01,6.984983674985726365e-01,7.386148491360793045e-02,4.863691484240349472e-01,2.132974416508101601e-01,9.724431409224718603e-01,8.878473804644608780e-01,6.397538990062726638e-01,4.755425135621771382e-01,6.765747596899680527e-01,5.394553430209394485e-01,8.596722673030203765e-01,9.468204476113054602e-01,6.974562401130567357e-01,6.177995164005550821e-01,5.078061772816938602e-01,7.295595806119056226e-01,6.664641646678624021e-01,9.626228916470261909e-01,9.718162425908138946e-01,8.762800878014533890e-01,6.327377574503328939e-01,6.189198311835188981e-01,7.862354209651749581e-01,8.077423159764051119e-01,7.009472487128763918e-01,7.049651169961517194e-01,7.003515265282906910e-01,4.026509027351859310e-02,7.322633953304669152e-01,8.318500034846505464e-01,8.249256453374285147e-01,7.866728550392294572e-01,7.805472144850542637e-01,6.490278310013196661e-01,8.119669471277813910e-01,1.378582762007805884e-01,8.684225672864835932e-01,8.622922073781070784e-01,4.292039182564464372e-01,5.326969412749978927e-01,6.995520591550177247e-01,6.324207317804204642e-01,8.494584969587105627e-01,5.269820246635881222e-01,7.460949363524623790e-01,4.341959446720933258e-01,1.739624944626231573e-01,3.964635114369119417e-01,3.205893594185628137e-01,6.471939655302811900e-01,4.364568332237493964e-01,5.575242164434834891e-01
4.756611719200785071e-01,4.961752056657592336e-01,0.000000000000000000e+00,8.922083476933012625e-01,4.499114061601318659e-01,7.676361532854918401e-01,9.229289912501067450e-01,8.665231986556395372e-01,8.211809808050182236e-01,8.743125891440786113e-01,6.929355706737418963e-01,8.983243891076473364e-01,7.103856928717678931e-01,8.878614721591585601e-01,9.325121251154278035e-01,8.203194879827629959e-01,4.300287234958433645e-03,9.979993057510505583e-01,4.444340775888309114e-01,7.517929729388911353e-01,8.918569538497165272e-01,9.044710933149507914e-01,6.063923941755604563e-01,9.595938648745664379e-01,8.867021928986796864e-01,8.554664686863338030e-01,8.128474022763636508e-01,8.837219224338687118e-01,9.410242451008273834e-01,4.232460316369947018e-01,4.002657705610679351e-01,7.646755099368158781e-01,9.991969186272879888e-01,9.442333421438771079e-01,8.841004355102709544e-01,7.636988350360165434e-01,1.693995717518631816e-01,8.189955338320406009e-01,9.230132732593780975e-01,9.990784800433674118e-01,7.265276304887166026e-01,5.840179509069900465e-01,8.896248509434914187e-01,9.657282921338361525e-01,7.031070113456507897e-01,7.252774925284005691e-01,9.213220196719945632e-01,9.717358425937472344e-01,7.459454716872950808e-01,9.164646384292830517e-01,4.544052725486447675e-01,6.704645848891739313e-01,9.116458139099775648e-02,8.048186164907513707e-01,9.239212385091194468e-01,5.455364749000821689e-01,3.087198211035075968e-01,9.759604317237999815e-01,4.387634699310316022e-01,2.180042224613626678e-01,8.984951578756900092e-01,9.303354664782021999e-01,8.174166019115769455e-01,7.338838870621167132e-01,8.904228773514770712e-01,9.410141871495008026e-01,9.292982013289641241e-01,8.021546808467562295e-01,6.887163957252843138e-01,6.546587937534446011e-01,4.305500761320755210e-01,6.002046165601251371e-01,3.365666540137345342e-01,7.324557326052334449e-01,7.714689429158444467e-01,8.679075247863934361e-01,9.692603803266791607e-01,5.921490965877489465e-01,4.152594321087205720e-01,3.358107453174301593e-01,7.317868281034829447e-01,6.955895018456424994e-01,7.594568376762613759e-01,9.634768076034124773e-01,6.559189193738627077e-01
8.154145445713320006e-01,9.235585789383372601e-01,8.922083476933012625e-01,0.000000000000000000e+00,5.717389952111086027e-01,8.773961495572053515e-01,4.741786466910873910e-01,7.456051279716117142e-01,7.795867397117903774e-01,8.638336132565131997e-01,8.387091775511793523e-01,7.665670218859281793e-01,6.620188787813054976e-01,6.946435947220714890e-01,7.744838928880835027e-01,9.935887491397135118e-01,9.222422301368016218e-01,7.003471556352524052e-01,4.625046636528367117e-01,6.331039916567653414e-01,6.208744679229060148e-01,9.278698469966081275e-01,5.268175868111064641e-01,7.930609358588830426e-01,7.491217980986087932e-01,6.268599763201669894e-01,8.824912736182100037e-01,6.540472789751303750e-01,3.175827116727821808e-01,1.438948345140919904e-01,1.082195636345672507e-01,4.601848265917249381e-01,5.907417720942673700e-01,7.184571302050083430e-01,7.109818289238512001e-01,2.126560205133604664e-01,4.716773747798361782e-01,2.259833369372899747e-01,6.282459431739106925e-01,8.179993701780683413e-01,3.147807360199410542e-01,9.966871296017636439e-01,6.589605500298020280e-01,6.903634011430487272e-01,7.602899916873422370e-01,6.142657705560147230e-01,4.481286735608894234e-01,8.850275834056929858e-01,9.712766659284338688e-01,7.316704305787877782e-01,6.915706988140445377e-01,7.560088555786872444e-01,6.427199747886355174e-01,8.443246151025836088e-01,9.440417399957169442e-01,4.334622961058581803e-01,8.226376581128135301e-01,8.565367580376846979e-01,4.830437399425550060e-01,6.124141038779220558e-01,2.872423456723061652e-01,6.766954813743458752e-01,6.732881734616149583e-01,6.017710697503021455e-01,9.875851444536615231e-01,9.705796673298552335e-01,8.279484573517749135e-01,4.389402387166917441e-01,4.546598052861126615e-01,6.041142902786792446e-01,3.296566920462962267e-03,8.159481488255714288e-01,4.540547772181403596e-01,5.449159620690827710e-01,7.666820729747538810e-01,9.632072677672323113e-01,8.652408167662168914e-01,7.292430693360214544e-01,2.102262457917469518e-01,2.873909899801652124e-01,5.202789989922909086e-01,6.800577619255706585e-01,8.007918591384863838e-01,5.673185221912540044e-01,1.463045661126668173e-01
8.072383213347562592e-01,6.225854757583917376e-01,4.499114061601318659e-01,5.717389952111086027e-01,0.000000000000000000e+00,6.031382937332323557e-01,2.794480438882761542e-01,7.939728287124209194e-02,6.334430766084325759e-01,7.124412213131510185e-01,4.642942779270576303e-01,4.122688283054806169e-01,4.827009483350605534e-01,7.637215035304819599e-01,9.452342286745404332e-01,6.228860757647532997e-01,9.056134815004116545e-01,6.604855996067112711e-01,5.454975548049795231e-01,6.247369018473738489e-01,7.308796388700458113e-01,2.322665158023690946e-01,2.659278449242717390e-01,6.096035161325356055e-01,4.323894415571049032e-01,8.290634033704863404e-01,9.785354758989712742e-01,7.734173409151069434e-01,3.961601104331141099e-01,5.521484369938634007e-01,5.404839740642479740e-01,7.125624475436389549e-01,9.333298336447722887e-01,4.153376852656829321e-01,4.862285703366490686e-01,2.558677640532991404e-01,4.594688698149929085e-01,6.630872950949784350e-01,5.234311448153345925e-01,7.031289749723492744e-01,7.884782214888144125e-01,6.684386629441483318e-01,9.743116546095214048e-01,9.894764307713177498e-01,8.505467515838815995e-01,8.317763317684963020e-01,8.509923118404992826e-01,8.096543721868283416e-01,6.116238446911680393e-01,3.960751207126612661e-01,4.885983015258631434e-01,7.821607234939291775e-01,9.260785871718489881e-01,7.638422591717248800e-01,7.267824010502839105e-01,7.020324180097480271e-01,1.041112294544926931e-01,6.208562309733468565e-01,9.044518912286820811e-01,2.967226795792713423e-01,5.312524809684999738e-01,6.847280453671469314e-01,1.043856426518832703e-01,6.387842907176913831e-01,9.248192899294551683e-01,6.168124194888087164e-01,8.926078274440704119e-01,6.157258859562292352e-01,4.276004369070566247e-01,9.758380663706682778e-01,7.498853246017398444e-01,1.366487812139616231e-02,5.715944743444576481e-01,3.607898516576710235e-01,7.393370355792470150e-01,8.378253807764445282e-01,6.315673842797977500e-01,9.544017047273021248e-01,5.842352403565125724e-02,2.099713638856094411e-01,6.015936301298525635e-01,9.773106772100942363e-01,4.369685719647090072e-01,2.285319709821779510e-01,9.026890817461361571e-01
7.057605304875429475e-01,9.109865476043224053e-01,7.676361532854918401e-01,8.773961495572053515e-01,6.031382937332323557e-01,0.000000000000000000e+00,6.560409776648291613e-01,2.125422382327183668e-01,7.111118920801707821e-01,6.750393037394446516e-01,9.598523842344723889e-01,6.766190275734180748e-01,8.027061000770566723e-01,8.725762878415994628e-01,4.666778780785583169e-01,6.280200048000159629e-01,2.697302671188154810e-01,6.483866040816641529e-01,8.168995089453880976e-01,6.010747802567386611e-01,9.862910648126259616e-01,9.058709165946869923e-01,7.452131490295099692e-01,8.234149757561407545e-01,6.131874876424225906e-01,9.857928461281125765e-01,4.495567965586400039e-01,9.902547490070542358e-01,3.771917650303471814e-02,2.534874362402815828e-01,1.629541019586068229e-01,7.938015575434598237e-01,9.526043391594520848e-01,9.720184259328751297e-01,9.083134519933002693e-01,6.965672111060229321e-01,3.544343242755040313e-01,6.910044796807901513e-01,8.174753879557374869e-01,8.110324773075826554e-01,3.997312611561281703e-01,8.005720287835013105e-01,9.745640724104611685e-01,3.267227251316193737e-01,9.987342219253604325e-01,9.757632798450937006e-01,5.835854334794575715e-01,3.774424108380807219e-01,7.283208448322875395e-01,7.735475357195160662e-01,6.873316764824549674e-01,5.841485773425787453e-01,9.616567675333891341e-01,5.860530020932684936e-01,7.712641183837256609e-01,9.764451428025766599e-01,9.783264011333230314e-01,7.224821701371303417e-01,4.526799291644073020e-01,4.771683357742593778e-01,5.291109038612851201e-01,9.060716171943005159e-01,7.524584766474561315e-01,5.870336617562776915e-01,5.492088945059221405e-01,3.864081974790288254e-01,3.389260563704118989e-01,7.778455580090257726e-01,7.733641544458745853e-01,6.291997692437679701e-01,6.204558734359857386e-01,7.190955362175202037e-01,4.040113918526639369e-01,6.161408566202281056e-01,5.394989487855245125e-01,7.430390259756294302e-01,6.329061949503285156e-01,7.490737441099284410e-01,4.138578923615021110e-01,-1.270732050161809679e-01,2.927945661711728320e-02,9.769501971190723832e-01,8.510319489617482747e-01,2.877197639968354648e-01,7.660401876323906789e-01
9.191297502062963920e-01,6.132399398531585000e-01,9.229289912501067450e-01,4.741786466910873910e-01,2.794480438882761542e-01,6.560409776648291613e-01,0.000000000000000000e+00,5.367629878730293402e-01,4.121674474359827700e-01,6.863574316833747080e-01,3.318527151414542020e-01,4.702930574659072160e-01,2.869641665916478068e-01,7.333584791379377243e-01,8.497826864624893339e-01,4.413022771008217604e-01,4.285598088910028691e-01,7.706268392423101243e-01,4.551994365299746881e-01,9.042331932859861698e-01,6.623181623200984358e-01,6.855907972005010897e-01,1.360888055816156369e-03,7.468934489057830195e-01,8.365638817708290764e-01,6.495054091393875906e-01,7.165620112027538680e-01,2.926954664161078856e-01,7.548148054571994781e-01,7.994850082212207054e-01,3.676543726425942626e-01,2.000039012641582625e-01,3.156319592151894948e-01,5.666308438235432288e-01,7.978996054680115302e-01,-9.789758784608446063e-02,5.464404012603756716e-02,3.723222356505738184e-01,4.107767100199593568e-01,9.241919368213047381e-01,4.581504012081120680e-01,7.577322217894444378e-01,6.280852953098281510e-01,2.845667365033338059e-01,9.211633161641059608e-01,4.192180717342234852e-01,5.841192559753338731e-01,6.757419683848518988e-01,6.004413426873017601e-01,5.930737123095850549e-01,4.493769557702309014e-01,4.765948382805411665e-01,6.961349343341242113e-01,5.033006341399034467e-01,7.961946991221786618e-01,6.340408378462288885e-01,7.494962563999509886e-01,2.844146260415454930e-01,9.381568860595544956e-01,2.278508174993402746e-01,3.625417708682089346e-01,6.087121661486388779e-01,7.599684831222506265e-01,9.176695597901076695e-01,8.419200860356634841e-01,6.040189172407405271e-01,5.208701426993567196e-01,8.073686242493560705e-01,8.713608820481013595e-01,7.993666875478910860e-01,6.567925335625294236e-01,6.398274788616327147e-01,8.053134186414545592e-01,2.432022527549491386e-01,6.327247638555718590e-01,5.974806231098763742e-01,7.531823415054809123e-01,6.834215025339008820e-01,4.248709205997031613e-01,4.587067646446259528e-01,6.238020509786643686e-01,8.707317696118185291e-01,5.543075594463749978e-01,5.659544067401131029e-01,5.888841558785734565e-01
9.370401596416781942e-01,6.969583162893693284e-01,8.665231986556395372e-01,7.456051279716117142e-01,7.939728287124209194e-02,2.125422382327183668e-01,5.367629878730293402e-01,0.000000000000000000e+00,7.805351350016691558e-01,6.263770776034458532e-01,6.658389144504941459e-01,6.134552385498525107e-01,5.373248204545795215e-01,9.458748928989969551e-01,2.092718173367987544e-01,8.836969939269305740e-01,8.724293102830844582e-01,7.840228819920856962e-01,6.557845643844111283e-01,6.307346811610547999e-01,9.376946245452798534e-01,7.503289232808841858e-01,5.093596205070217708e-01,6.339268874028430867e-01,4.071417930861725987e-01,8.601019095583352092e-01,5.653709490966182249e-01,7.564869310384390033e-01,6.929771219922288283e-01,7.345411072634038252e-01,3.793213177452138263e-01,5.562361128850092928e-01,3.850700834935977812e-01,5.386545802615110290e-01,4.988629339435952659e-01,4.645082308237655222e-01,6.795018220493274086e-01,6.601910223593103755e-01,7.041886780852484318e-01,5.183513701572060040e-01,2.883593040139041386e-01,6.770640813699463356e-01,7.434321840942170745e-01,8.251551355022906931e-01,8.439762356503486274e-01,7.275744114478399638e-01,4.699464497883694691e-01,2.791986297326111699e-01,7.914616792836748349e-01,9.863026108820545090e-01,4.793014419206589882e-01,6.522783920436335814e-01,6.744333491974654482e-01,9.417663771738193912e-02,5.179952736425272874e-01,7.351218219173319968e-01,8.677074331562327769e-01,6.224535161853852472e-01,6.128503656685356793e-01,5.281956529503714082e-01,3.966206399381997511e-02,2.094751827072933448e-01,7.782198901652429557e-01,7.921175838854705997e-01,9.855994236558094368e-01,6.169576817094135635e-01,7.088501568711035039e-02,8.710959647919841453e-01,4.201614547511483000e-01,6.163379608855710234e-01,6.072878894030215857e-01,6.144956546594096958e-01,2.707960032565431274e-01,6.028511195542937129e-01,6.664861426703420078e-01,6.818503049019722928e-01,-1.852987761330645300e-01,3.803979152816386877e-01,3.857120730398524433e-01,-9.198004053201846997e-02,5.082488930272388572e-01,8.691997212191493460e-01,6.746862913795326211e-01,1.513230933124389832e-01,6.132749372443822011e-01
3.925761585912391771e-01,4.151423555528890863e-01,8.211809808050182236e-01,7.795867397117903774e-01,6.334430766084325759e-01,7.111118920801707821e-01,4.121674474359827700e-01,7.805351350016691558e-01,0.000000000000000000e+00,7.562075372035880205e-01,4.756471793875129972e-01,4.296145346050055380e-01,8.177025940728057662e-01,6.264836692307826915e-01,7.864367856867814366e-01,8.820781534282370329e-01,5.066568649737540619e-01,7.524919963095730857e-01,4.497681918997264994e-01,8.633849371490791569e-01,8.244787873667083211e-01,8.391213480652522927e-01,7.388620114247348436e-01,8.392997463428182314e-01,3.255085239662782737e-01,8.626492456813371623e-01,8.487233301268601871e-01,6.244284611472550317e-01,6.810084490079528763e-01,4.962727282190124156e-01,7.798111057017340642e-01,8.247376190129366291e-01,4.560009834086378722e-01,5.581679775411926281e-01,6.770039823684056435e-01,5.664333588685183107e-01,8.967120453792446488e-01,5.176879222064890707e-01,9.047197931533530468e-01,5.398400086287966637e-01,5.756091365067754761e-01,6.069767565035697476e-01,3.822873688000103520e-01,8.772755015014480628e-01,7.046862334548513740e-01,7.423633722928502099e-01,-8.636469244161805447e-02,4.768815983828298966e-01,3.286023461821887537e-01,5.366123943779992356e-01,6.234099443727860734e-01,5.425023356634032234e-01,7.868941456440882165e-01,7.568867503966099086e-01,9.134813125641089160e-01,7.586226251901624362e-01,4.059533773451466931e-01,9.820386574240389521e-01,9.983643251237659388e-01,8.927795980420888400e-01,4.266184303727888483e-01,7.718776598208624273e-01,6.753823858516651013e-01,7.268784412470123968e-01,8.756139906519375682e-01,5.897118437425900028e-01,4.507320710783576656e-01,9.244672354847367490e-01,4.350277257673842435e-01,3.127703577209888786e-01,4.082189287532810296e-01,7.772525709069810773e-02,3.276628670734597071e-01,9.554857938892349356e-01,7.474526713148825774e-01,9.197737445844496040e-01,6.271905705600444580e-01,7.442993796208817736e-01,5.518687923584331134e-01,4.776372932635583046e-01,2.438071131214992193e-01,9.411512298763380358e-01,8.528668777280001834e-01,6.965887168605546798e-01,5.616436940256910315e-01
9.479347684916730188e-01,6.998485250383884582e-01,8.743125891440786113e-01,8.638336132565131997e-01,7.124412213131510185e-01,6.750393037394446516e-01,6.863574316833747080e-01,6.263770776034458532e-01,7.562075372035880205e-01,0.000000000000000000e+00,9.087378684970464082e-01,7.968026459691465169e-01,8.367432008785514741e-01,9.802211240987133145e-01,9.408750782320620676e-01,5.776401767099419438e-01,6.585036499740630767e-01,6.312155424452281505e-01,8.304123162726165797e-01,4.473205946330062743e-01,8.221276082185487999e-01,9.997944540815355552e-01,9.413704624956177325e-01,7.170851048242035675e-02,5.949214344863604786e-01,4.293566532955269688e-01,9.951025826583730360e-01,8.041324411769086300e-01,1.353654965352920070e-01,5.643654784583944650e-01,5.253183078322143373e-01,7.054379376266922685e-01,6.607973676157308240e-01,2.755399452340806521e-01,8.495364421570703595e-01,6.707482260262378482e-01,4.701453911016622023e-01,5.641969047955111005e-01,8.863476059946732155e-01,7.836804053543982018e-01,6.029407369075295842e-01,7.694084661854138085e-01,9.499442602761095644e-01,7.488352240387992076e-01,8.074072228179965949e-01,6.762836377455369030e-01,4.772795171469868536e-01,8.235246923748199555e-01,6.130401668057411380e-01,8.706998350341463855e-01,5.684935691952839321e-01,8.962589393082097677e-01,6.583045490041594672e-01,4.987755727952768448e-01,7.321392386207298264e-01,6.730790358433028642e-01,6.399405285226441586e-01,4.127020244298986174e-01,8.773346232237688724e-01,9.825743016159733667e-01,3.062743107971646617e-01,6.462082906311351627e-01,4.116728326253922265e-01,7.643965024743798464e-01,6.696956157256518383e-01,6.892673922165373224e-01,8.676753092838913606e-01,5.556723550705930936e-01,7.816120146494560661e-01,6.115336321046637158e-01,6.071275730694679629e-01,6.084324279242240285e-01,7.060454643505095218e-01,5.184825302713743644e-01,6.688366704200884305e-01,9.387089066254589165e-01,4.418016475444709878e-01,7.783111969261986562e-01,4.002950882799206633e-01,3.549460963774198063e-01,8.755816542979852901e-01,9.337275080786009429e-01,7.985239967523725113e-01,1.125757172971227765e-01,7.621925328852843240e-01
6.579239954865385709e-01,9.181081408445253278e-02,6.929355706737418963e-01,8.387091775511793523e-01,4.642942779270576303e-01,9.598523842344723889e-01,3.318527151414542020e-01,6.658389144504941459e-01,4.756471793875129972e-01,9.087378684970464082e-01,0.000000000000000000e+00,6.626337291210879776e-01,2.015643527166564170e-02,4.248391050322823381e-01,4.338842764590025158e-01,5.864173622308632705e-01,6.527665061385811152e-01,7.788591595139310320e-01,3.035730144343014025e-01,5.754731389177886181e-01,8.169379636065589034e-01,7.442358935069199877e-01,7.173629921827195943e-01,8.868988557690157259e-01,5.058008453417957018e-01,6.208223860333816901e-01,9.932059372230395144e-01,9.922695970164954193e-01,7.267748018989573788e-01,6.521129342342103508e-01,2.428044562409032991e-01,7.234467249046437898e-01,7.114781681122192003e-01,4.445240850128165389e-01,6.272978451191855154e-01,5.255108658909559693e-01,7.563874460064110572e-01,9.607454361495179063e-01,8.828019717810828837e-01,6.815122021438173583e-01,3.043555496379514169e-01,6.394682963030665634e-01,8.383163786865992506e-01,8.711593086878473002e-01,8.069139302667253100e-01,6.909404952097659702e-01,9.271515620386874268e-01,6.144070444161664479e-01,6.842796242740171175e-01,3.028057850745644597e-01,4.143168155265448127e-01,5.538122623045662607e-01,3.150838812597857030e-01,9.530711678116698948e-01,9.384228406753830631e-01,7.351131337957081957e-01,8.753649164800296756e-01,9.808786576430066351e-01,8.581155174229618821e-01,9.642287931495487907e-01,4.988082505200550631e-01,6.641087610537899089e-01,8.181927004383693358e-01,6.934347988565312537e-01,6.182479470840709368e-01,9.784235637289289134e-01,4.336554445769084110e-01,5.526920401904358293e-01,4.580098790998024527e-01,7.884738197682192862e-01,8.647183054956950610e-01,8.146897968184100280e-01,6.745187495154740809e-01,9.354456935968962217e-01,9.825069832954635984e-01,9.359203486181930653e-01,8.530369598845524148e-01,4.194530486152266147e-02,2.774609558697403444e-01,5.065890160867690950e-01,2.149990606679640093e-01,8.568283274317082254e-01,7.074301063058350270e-01,3.126107740765663445e-01,5.268581374755475499e-01
1.547580440689918790e-01,7.541286315102032622e-01,8.983243891076473364e-01,7.665670218859281793e-01,4.122688283054806169e-01,6.766190275734180748e-01,4.702930574659072160e-01,6.134552385498525107e-01,4.296145346050055380e-01,7.968026459691465169e-01,6.626337291210879776e-01,0.000000000000000000e+00,4.129883284247134467e-01,9.899482966691833807e-01,4.926276354450410677e-01,8.135613352205556259e-01,8.733821228155694838e-01,7.747018562761521787e-01,7.242108616667496390e-01,6.892658870158209217e-01,9.722897031703690018e-01,3.216988910637566534e-01,4.899444378330493621e-01,8.577683270492351131e-01,3.437984226176908353e-01,8.061449176907238279e-01,7.302718513182586690e-01,7.172658430522665940e-01,4.329608510178247216e-01,2.263083929089591828e-01,2.868362549023049657e-01,9.193081880872300271e-01,7.216084034185233920e-01,8.276388705917439026e-01,7.195549379257309974e-01,4.915966017838391822e-01,1.786032485073200116e-01,7.913266969575201149e-01,9.607512608111031804e-01,7.137475146313738694e-01,4.811227913760049990e-01,6.954185743942776776e-01,7.416770642122862967e-01,8.166315512649556796e-01,5.144193348498807827e-01,8.926772481318773211e-01,7.123994575908515481e-01,6.734282800329368657e-01,5.625196742350816459e-01,7.966142593462747223e-01,6.773542106004402097e-01,6.615540454961341688e-01,7.796170497744765449e-01,6.631006822945785251e-01,7.412225963273819662e-01,6.900994816943659682e-01,7.207624764476090462e-01,6.799955710085522353e-01,4.146894300904184760e-01,2.651939634987748873e-01,1.778062593564206859e-02,7.775571099245227602e-01,9.884966977224273199e-01,6.104200184915361538e-01,9.256137263886501376e-01,7.182958910184124024e-01,4.750693439419105268e-01,5.225584663275688602e-01,4.229295565360310372e-01,6.914141328155825050e-01,6.467315459755976770e-01,9.273145249003028612e-01,7.334354481581690788e-01,9.945817299758679120e-01,4.550625316992357727e-01,9.810736643157375036e-01,6.242461864790788129e-01,4.561475757832676448e-01,6.398506031185055010e-01,5.126086109115733924e-01,4.342174161748433292e-01,8.956727223436593555e-01,6.837500651709632615e-01,6.337002663343792586e-01,7.402662937697064294e-01
4.038752101268721084e-01,6.126561437418935885e-01,7.103856928717678931e-01,6.620188787813054976e-01,4.827009483350605534e-01,8.027061000770566723e-01,2.869641665916478068e-01,5.373248204545795215e-01,8.177025940728057662e-01,8.367432008785514741e-01,2.015643527166564170e-02,4.129883284247134467e-01,0.000000000000000000e+00,8.633501878541915975e-01,7.932808287481883935e-01,3.139909554145492443e-01,5.552232168917058397e-01,9.989719127631838669e-01,9.079212659661632934e-01,9.288421382133414950e-01,7.946431969423988217e-01,7.132967298076686724e-01,9.838347101929291183e-01,4.055839406893798071e-01,8.961999646366187733e-01,9.011225053587493816e-01,7.753646398152315156e-01,6.073656367964147540e-01,6.297301398588086574e-01,5.580940914099552508e-02,4.083386389308205633e-01,6.930804250711429804e-01,6.607863947628191958e-01,7.132724361457839501e-01,4.502271710286515072e-01,6.240171906950015002e-01,4.984162475507350476e-01,6.948479024390884495e-01,7.362429896552817876e-01,9.340980694391658457e-01,4.002105376860421448e-01,7.892416463881454236e-01,8.656611008580925581e-01,3.266686318070258221e-01,8.319401930580324622e-01,7.451249836043111197e-01,9.069363672916386232e-01,4.180879974380635189e-01,9.467998151289241937e-01,7.540666798890279798e-01,9.029528870736899249e-01,4.954791975839158980e-01,6.577292756564239173e-01,7.940485631192059079e-01,9.518662723510499246e-01,7.892043845973659710e-01,9.324815256715561773e-01,9.323904358907223466e-01,1.448923172825763717e-01,7.148462197651634931e-01,6.036699139674418513e-01,4.912438518403326460e-01,8.679741136440726201e-01,7.363940677863430873e-01,6.101116920817268863e-01,3.950469503434336227e-01,6.697850809506729064e-01,8.997351612542960897e-01,4.396554491503589235e-01,6.600376931350219190e-01,6.493928982620886803e-01,5.425055668758149707e-01,6.058126293294203712e-01,2.636408108575646336e-01,6.243666882471146096e-01,7.492443269571651410e-01,6.213341213971109722e-01,9.943197716467364611e-01,4.065365631971197824e-01,1.814838907399778378e-01,8.383900693692623030e-01,7.788183229238339056e-01,9.121642943971969286e-01,5.302783038875288346e-01,9.512079475629173775e-01
6.166469295999391642e-01,2.072259120967723800e-01,8.878614721591585601e-01,6.946435947220714890e-01,7.637215035304819599e-01,8.725762878415994628e-01,7.333584791379377243e-01,9.458748928989969551e-01,6.264836692307826915e-01,9.802211240987133145e-01,4.248391050322823381e-01,9.899482966691833807e-01,8.633501878541915975e-01,0.000000000000000000e+00,9.817941413890078906e-01,8.390855558850185414e-01,7.316143808662534109e-01,6.156577282922929273e-01,6.160617736408613432e-01,9.200893684343561807e-01,9.915205251020589028e-01,5.302386095953759426e-01,7.683087763894220767e-01,6.101739830672137099e-01,4.994057754023592532e-01,9.101940703835047497e-01,8.086552249122902492e-01,9.494332719378765217e-01,1.312157620935371360e-01,7.040763112626503561e-01,1.179964030592608459e-01,9.206128350704412266e-01,2.244811633357975678e-01,3.950819332422753072e-02,2.496863289024637278e-01,2.849205157514327347e-01,2.352954650292863048e-01,7.663066998397630725e-01,9.314120728496824153e-01,6.188183569770773218e-01,5.431216348296704632e-01,4.216575399978678140e-01,9.956751289645261460e-01,5.101855557619078274e-01,8.592557857060374449e-01,5.173423674847156262e-01,6.319267695709611665e-01,7.386799414798286278e-01,1.792806917006056766e-01,8.069780605696187381e-01,5.717762634536055488e-01,2.869874563429476444e-01,5.519065056278533721e-01,6.907101296985830308e-01,6.409023708132648434e-01,4.148799694129052806e-01,4.346466767016016197e-01,8.549817770238310466e-01,4.276744168204972274e-01,6.316689920766980215e-01,5.462315294608039995e-01,7.687937093926248133e-01,6.805217860005582375e-01,9.708001614764556475e-01,9.469150275175057807e-01,1.361684088275552929e-01,8.334270187635433036e-01,7.589135279748375762e-01,9.263960575515085560e-01,3.949393287204014946e-01,8.588871526427543923e-01,9.826101855688210707e-01,7.359685204876041942e-01,2.248576871478860373e-01,3.943500266798591891e-01,7.359039219169267732e-01,5.847616307556443571e-01,4.696663636712392620e-01,4.155861310384709739e-01,4.817252892890542815e-01,8.781785731617144375e-01,6.497577517596814234e-01,5.616869280902312411e-01,5.846424034504843492e-01,9.444349569628583962e-01
9.787873469994128328e-01,3.663554409306923887e-01,9.325121251154278035e-01,7.744838928880835027e-01,9.452342286745404332e-01,4.666778780785583169e-01,8.497826864624893339e-01,2.092718173367987544e-01,7.864367856867814366e-01,9.408750782320620676e-01,4.338842764590025158e-01,4.926276354450410677e-01,7.932808287481883935e-01,9.817941413890078906e-01,0.000000000000000000e+00,7.207895580936769520e-01,6.460044458860426664e-01,6.091510089393923355e-01,9.322277164234300528e-01,8.579394477302680899e-01,6.795011391665476408e-01,8.542826118510851163e-01,6.990500696202718300e-01,1.049168851027749150e-01,1.311860541932036717e-01,6.821689722593479166e-01,9.143635218965947553e-01,3.654408121693674127e-01,5.397554822718102496e-01,7.197238853506173761e-01,7.881223938936783302e-01,2.241827158693839861e-01,3.680925658243532905e-01,6.211335621602583901e-01,7.836916795109131195e-01,6.166915297257661299e-01,-4.146059248435782219e-02,7.442004134996819120e-01,9.209133845438128851e-01,4.563219883394721843e-01,5.720890514646836955e-01,9.384463349174800850e-01,7.680723165211976733e-01,7.580321852781275460e-01,9.536707132609740789e-01,3.815880222322576287e-01,7.764184273286800497e-01,5.569810725260850859e-01,7.166570322159224737e-01,3.924809242977289614e-01,9.354939586525728989e-01,3.996978627662802208e-01,6.410822795365926918e-01,9.984917598224237745e-01,8.219454169880839878e-01,7.298911410662415333e-01,4.241981399494441085e-01,6.613624360906834587e-01,9.088600085973723708e-01,4.949033295539210786e-01,4.162725071930940546e-01,7.891037914472966985e-01,7.312457794724610549e-01,9.262770189590618930e-01,1.404873620686039881e-01,6.739802765159916831e-01,1.071481504856655609e-01,9.260390736301952197e-01,8.069923460602089760e-01,5.928850466984798562e-01,6.390675914528813895e-01,7.625839605255635423e-01,6.408093382999425769e-01,3.516542738427250736e-01,4.565768899292146910e-01,6.911474499682858097e-01,8.400815053862921156e-01,6.402091564136137558e-01,4.452715326821537478e-01,3.580516087759305632e-01,6.949927048977031507e-01,9.207086069162607744e-01,9.652145801641180967e-01,6.348942107990404038e-01,6.431408396855939902e-01
6.067739411433886731e-01,7.336266869498009324e-01,8.203194879827629959e-01,9.935887491397135118e-01,6.228860757647532997e-01,6.280200048000159629e-01,4.413022771008217604e-01,8.836969939269305740e-01,8.820781534282370329e-01,5.776401767099419438e-01,5.864173622308632705e-01,8.135613352205556259e-01,3.139909554145492443e-01,8.390855558850185414e-01,7.207895580936769520e-01,0.000000000000000000e+00,8.718464863973597323e-01,5.826692523849004157e-01,9.886847141077339529e-01,5.467097198070449693e-01,5.311876146796070675e-01,7.471497123146800812e-01,9.206169247198396910e-01,8.904797786522699043e-01,4.477145293590114039e-01,9.372960347057892605e-01,7.774252421958585124e-01,9.328824903562841220e-01,6.680879530574508340e-01,4.482873425590719885e-01,3.104965428255846982e-01,9.446506054228688276e-01,3.958796050399832067e-01,6.162986004238351079e-01,6.874905936160312647e-01,5.940398981170380566e-01,2.999590887746653722e-01,5.037547506319131063e-01,7.148500994855609969e-01,9.035072221542795878e-01,4.367194513510206377e-01,2.863891240441606145e-01,8.178872829492286334e-01,4.069584892649390495e-01,9.405602056291901825e-01,6.777603401584442189e-01,6.275410367768640141e-01,8.360870826661586097e-01,1.129801247328068581e-01,5.816376470991337921e-01,9.125480302846830094e-01,9.372950808527114042e-01,6.978963414798378118e-01,9.813113633657222223e-01,6.269114804818197717e-01,9.778136291987965523e-01,4.202873089856966615e-01,7.171555419720504476e-01,7.291054357583548473e-01,5.072991501231630673e-01,5.683091737002438082e-01,3.852633939221768999e-01,6.415940079945738894e-01,9.222819068949569266e-01,8.434262022566471062e-01,8.860756289961785326e-01,4.103128235818299663e-01,9.373581557552979060e-01,3.866835714682350655e-01,6.552483774851685094e-01,3.356152240445881008e-01,6.324284408941236446e-01,4.236160857250534373e-01,9.074849581217150352e-01,2.096011648503693370e-01,7.095925818896571258e-01,9.319353471906991482e-01,6.530859525240135799e-01,4.340760985140432737e-01,4.514200717126030105e-01,6.179775622032526172e-01,9.575031755309284520e-01,7.018515436867192037e-01,5.244972719376170822e-01,9.188337189120172610e-01
9.320963404642850225e-01,9.463366340463528203e-01,4.300287234958433645e-03,9.222422301368016218e-01,9.056134815004116545e-01,2.697302671188154810e-01,4.285598088910028691e-01,8.724293102830844582e-01,5.066568649737540619e-01,6.585036499740630767e-01,6.527665061385811152e-01,8.733821228155694838e-01,5.552232168917058397e-01,7.316143808662534109e-01,6.460044458860426664e-01,8.718464863973597323e-01,0.000000000000000000e+00,6.237869930052875045e-01,4.944677157068582685e-01,8.106009191153965565e-01,6.145378133740810878e-01,5.509143293706495470e-01,8.398943624679604536e-01,9.804477414284585857e-01,8.847837767706302481e-01,4.175956322556841349e-01,7.451044175323779939e-01,7.500561903592241064e-01,6.624789187390600631e-01,1.956107465608445117e-01,5.482962761204189794e-01,9.464002731542229263e-01,8.610580335518418504e-01,9.429836490420788753e-01,7.412864174248553484e-01,4.840222923481973250e-01,1.212297546728188097e-01,7.114343662894352383e-01,6.574567227526530999e-01,7.731738957709118898e-01,1.012048902789279281e-01,6.469094905423085073e-01,7.800176261487454799e-01,8.044714125783284375e-01,8.266711872787725346e-01,7.664120129446629903e-01,2.131459398878752243e-01,7.596959300318378849e-01,9.323992097064903728e-01,6.168620667514507216e-01,9.867078724235109899e-01,8.931212185017110006e-01,8.261237560925773771e-01,8.962872432127726441e-01,3.625836450535247502e-01,4.481362470489858585e-01,9.456653208089805807e-01,3.034998093963206522e-01,7.558699581095404962e-01,4.442639878591453928e-01,6.416301888095541361e-01,8.660841444975877490e-01,4.393063729538819739e-01,7.183048904205138196e-01,8.903296559833885349e-01,8.422713385898661365e-01,6.720895797639502289e-01,6.774996938038873040e-01,4.478540900704965910e-01,4.698544640226561264e-01,3.603012049708546050e-01,7.556392907167837070e-01,7.134432766548322036e-01,9.402677986259777576e-01,8.560958132089010464e-01,9.641856375889175101e-01,4.704601148105375108e-01,8.571128240413439237e-01,3.688918668744108342e-01,4.234150996960320268e-01,8.454456155306405707e-01,6.077014271399282519e-01,8.493605735139941881e-01,5.011582029492667179e-01,4.048797520119361559e-01
9.225684458854070957e-01,9.517668791295055275e-01,9.979993057510505583e-01,7.003471556352524052e-01,6.604855996067112711e-01,6.483866040816641529e-01,7.706268392423101243e-01,7.840228819920856962e-01,7.524919963095730857e-01,6.312155424452281505e-01,7.788591595139310320e-01,7.747018562761521787e-01,9.989719127631838669e-01,6.156577282922929273e-01,6.091510089393923355e-01,5.826692523849004157e-01,6.237869930052875045e-01,0.000000000000000000e+00,6.851373609784938701e-01,3.338358091455418952e-01,6.403049120261712357e-01,4.129740762490114458e-01,6.656977039368267013e-01,8.036322185813776775e-01,5.699169156426373561e-01,7.442410067222460235e-01,4.007579528669235058e-01,8.163482798549146491e-01,3.320848708470954813e-01,2.865171387872528230e-01,5.993929193586531312e-01,6.176397035345481124e-01,9.315074021276924521e-01,9.528017515134968862e-01,4.488261116467193168e-01,6.260348312477040933e-01,5.599862029666277108e-01,5.142106122113276889e-01,6.657461713693120231e-01,8.256428312573691475e-01,1.375795453234563703e-01,6.851874651228332391e-01,5.342430974042059466e-01,7.642872999973184811e-01,9.019150043078847379e-01,7.405260056433340399e-01,8.026437105335251232e-01,7.231076480530612693e-01,7.574951115335117890e-01,7.708796174265128975e-01,7.734259589807238600e-01,7.983004990817854640e-01,8.303682099623855839e-01,6.979399854197185782e-01,8.478520763923370618e-01,7.607155045349550671e-01,3.625408474682337845e-01,7.442890781464678307e-01,6.692316377119996718e-01,6.414942745854206319e-01,7.925125494520198766e-01,2.732365349245511887e-01,9.291685310123705133e-01,7.275336818837279118e-01,8.320451128574185562e-01,-3.926344112357177396e-03,4.920483656689389473e-01,9.465366765351140854e-01,5.096824315297814323e-01,7.764822181475208307e-01,2.887100593563369788e-01,6.029821398892403206e-01,8.126715649251178286e-01,4.530135778958205295e-01,8.006663787466798965e-01,7.502470809927256346e-01,7.377614625802015880e-01,5.855013799641501926e-01,4.442363021052666006e-01,7.665984308277938863e-01,7.881520551173895051e-01,7.139222382799291777e-01,7.920354264390589982e-01,7.328263242018613344e-01,9.851527044604454497e-01
