0.000000000000000000e+00,9.553579771161799794e-01,9.799897852193557579e-01,7.791585560112153086e-01,8.022936360767287667e-01,9.692178047802268992e-01,4.571257192529787350e-01,7.324663913419032779e-01,9.162193361981814110e-01,9.430925416713739073e-01,9.486126768604196124e-01,5.068198108847945527e-01,8.049368736908919519e-01,8.514343533664727737e-01,8.946876789992099788e-01,9.339336622087289763e-01,8.309176066610802769e-01,8.128788490308639370e-01,6.115003169529139582e-01,6.952223294432563483e-01,6.484465296406710655e-01,8.244914186500001962e-01,6.839519082823548590e-01,5.376645503060217823e-01,7.104484467132627934e-01,9.105927201866048648e-01,1.682233724794716390e-01,9.698470184023975094e-01,6.017057900932095693e-01,1.846024650530733169e-01,5.749044572194583758e-01,5.883615739254279831e-01,8.776128148196815637e-01,9.277960548531462015e-01,9.094558437953300656e-01,5.628716753345395230e-01,5.998212210789060084e-01,6.343810872959583236e-01,9.680432704150110368e-01,9.987833463439327319e-01,3.297890617575499617e-01,7.331668623231696325e-01,3.181822785075377191e-01,8.452253811737759914e-01,8.105205510299959837e-01,6.969607696779142048e-01,8.747859318773031356e-01,9.009221599896927168e-01,3.790977817061772503e-01,8.434217422399199471e-01,9.445380981439287504e-01,9.813429129321165068e-01,8.573057394262121322e-01,9.986026882822623962e-01,9.099566764285113019e-01,8.311174235443056224e-01,5.256782781095409307e-01,7.754213867723945830e-01,6.825828816418925138e-01,5.793907852846758022e-01,5.433193181689341955e-01,9.984837814237459419e-01,6.527831476050545145e-01,9.632745451741102638e-01,9.161361938537154748e-01,7.297362222834453682e-01,9.982738031519733379e-01,8.171850416296231323e-01,7.897433870973031844e-01,6.848904110123021916e-01,6.203234204815779584e-01,7.097951315827389918e-01,5.925318781080188835e-01,2.490075827099298700e-02,7.961126674252344548e-01,7.678834169685520017e-01,8.077645673249739255e-01,9.322982319238610760e-01,2.605908752886257895e-01,3.371388690969605584e-01,7.635191953194233605e-01,8.543466058310261735e-01,9.127179525266749804e-01,4.891668530760882594e-01,1.408347774300764133e-01
9.553579771161799794e-01,0.000000000000000000e+00,9.416532047291442664e-01,4.968522606459004343e-01,8.798298388545902071e-01,6.997505149495847343e-01,1.704521120951208108e-04,4.300385412083726488e-01,7.665836006335058350e-01,7.877307591247453278e-01,9.897719877344894890e-01,8.179001818937494672e-01,6.067268907012778323e-01,4.685261153400097078e-01,1.748003757326285768e-01,7.679236998794596314e-01,8.412780448129388855e-01,5.565816484436469924e-01,9.987563403627833791e-01,8.189853166238756366e-01,8.504555120299501780e-01,6.146723881890042707e-01,8.783853368841818554e-01,9.290199664935472335e-01,5.220312106390818663e-01,4.833195251030076300e-01,9.105680929451196448e-01,8.629551413316928210e-01,5.301268618684249478e-01,3.734859362544527134e-02,3.023742717379137579e-01,2.801044598174169398e-01,8.421866262309580797e-01,9.089018943630786662e-01,6.352369116179414910e-01,1.897211871515861459e-01,7.396460192961422653e-01,9.492439438373506677e-01,7.070829232220267047e-01,6.352829988133720240e-01,2.827129718308338258e-01,7.209448922704877472e-01,7.952207272111675440e-01,7.553811301442459047e-01,8.865390862311626208e-01,7.305356024137593662e-01,8.874385227376776486e-01,4.262961516104336046e-01,6.058272348703714894e-01,5.596077869040058106e-01,7.789293736252920208e-01,8.004491000806884804e-01,7.230591478290100405e-01,3.764183864899062204e-01,9.395004134906596027e-01,7.301350369099494086e-01,6.660432660860281517e-01,7.673343280872466643e-01,6.324163885512030792e-01,4.021376666537475053e-01,6.617691578469757641e-01,7.648385330352585054e-01,6.526170303421890972e-01,8.291300668350349845e-01,8.152320211932423399e-01,9.241212734791772743e-01,3.698951774420499161e-01,9.823497723236856993e-01,5.255934584697213863e-01,5.408934861319518728e-01,9.523061377678161410e-01,8.922294951952153275e-01,7.330348296463371494e-01,7.358925516254734012e-01,2.395915615048439806e-01,9.877253551647096064e-01,6.771186635808056353e-01,4.598509337927297325e-01,1.872159776036186329e-02,8.207799377532583318e-02,8.151443856180720093e-01,5.487176811729254089e-01,8.962073306907814008e-01,4.388641164430712172e-01,9.578945418738499251e-01
9.799897852193557579e-01,9.416532047291442664e-01,0.000000000000000000e+00,4.665200502018356232e-01,7.640488511060365973e-01,9.362052666189482064e-01,9.087165895704023555e-01,4.924462821387606271e-01,9.446899510249430199e-01,-2.541380130053856323e-01,8.783865337499016102e-01,7.983384568752354138e-01,8.310316049274882877e-01,9.882834112256875247e-01,6.648950936756643504e-01,6.460758893676176173e-01,8.520646694543029254e-01,9.666517488501469302e-01,9.720534793441412136e-01,7.290532319053611987e-01,7.991712295333173177e-01,8.447179736861638588e-01,2.142244395119604072e-01,8.210883293546329398e-01,8.727352029651848087e-01,9.441213217228221488e-01,9.193269730811154394e-01,6.456189830365417492e-01,7.519063137546584397e-01,2.595414585993277568e-01,5.659308460600954716e-01,9.959397280703242705e-01,6.887665181274426063e-01,7.277345424418650843e-01,9.471623163499252041e-01,7.073410415118500660e-01,8.876968094388922037e-02,8.782732576672548364e-01,7.150244514151524733e-01,2.788292220823396783e-01,6.170842481714099437e-01,9.262196322073150689e-01,9.103191601392081056e-01,7.083697941853200897e-01,2.931920744563851211e-01,6.673716312222111036e-01,9.092263293815853187e-01,9.099889091626227611e-01,8.214728745482692274e-01,4.401958893932048644e-01,8.022060600011282627e-01,6.922569625710638386e-01,3.785325592473486878e-01,9.040174248682484315e-01,7.805664219427383976e-01,9.922374836358240913e-01,6.134092924307760208e-01,9.625165532071880969e-01,8.255745246222186973e-01,8.185998899063670065e-01,7.727856466300138116e-01,7.135174902219900694e-01,8.015117956410465760e-01,8.254834272026121411e-01,5.412265997649536864e-01,9.989161519752220997e-01,8.232908558519252962e-01,9.148568792218497725e-01,2.163941391754261034e-01,7.683057459290874025e-01,7.312761250778228028e-01,7.815140350287917981e-01,9.416514398855220236e-01,7.022913891384417739e-02,7.242857156128673646e-01,7.735152187056230089e-01,8.238749868604555715e-01,8.614464036512512468e-01,7.170844914288689864e-01,3.289273637388880900e-01,5.683663440533646138e-01,9.976867453574160827e-01,4.798891157800116991e-01,5.791006161953173859e-01,6.116643223611036850e-01
7.791585560112153086e-01,4.968522606459004343e-01,4.665200502018356232e-01,0.000000000000000000e+00,8.332984102581153518e-01,8.707848325319023086e-01,3.924348237158915564e-01,6.307345588582731200e-01,6.114224791279282423e-01,8.216671064736786878e-01,8.773880946477499165e-01,8.083076286266479560e-01,6.677378762328494144e-01,7.900159097272272390e-01,6.772491616210835064e-01,6.452367649720891496e-01,8.944392045334803587e-01,9.555390236543024329e-01,8.937366833353413975e-01,7.871500200231666966e-01,8.103984813686498923e-01,5.028518070465005652e-01,4.284991205013571336e-01,7.472220010063596041e-01,2.321527522607431393e-01,4.868962262612716030e-01,2.432227357310725036e-01,8.715541729916933544e-01,1.919956196993316544e-01,1.694313806952450069e-02,4.586115278184285105e-01,4.077764319776620017e-01,6.497606722395149470e-01,8.821241941716615464e-01,9.386062261385061944e-01,4.472399357610897241e-01,1.400369206660725951e-01,5.627568276778256440e-01,9.700806844932080564e-01,7.500825223241301964e-01,6.996779798658859795e-01,7.253375615387994690e-01,9.638237690657973644e-01,6.739221079890547195e-01,2.127919295864649230e-01,6.245939911989656368e-01,7.827547143474813396e-01,6.933231661750816066e-01,5.532929688017380609e-01,2.086001702328741658e-01,8.247455753547801027e-01,8.750577786207835995e-01,8.083146262887178635e-01,9.114034632129803803e-01,6.937912575678808480e-01,8.679973724581292460e-01,4.859589458925138161e-01,8.085512249745845370e-01,7.901248998256567013e-01,3.132209489826757176e-01,9.695379877332752638e-01,7.783803000786461146e-01,5.845620577925745298e-01,8.145959436187635294e-01,6.130994006218900561e-01,7.224396343272858623e-01,3.125789263342368396e-01,4.967158740119457377e-02,4.030526479963189579e-01,9.470196639320742626e-01,4.259326043270706963e-01,7.446804503728791103e-01,4.207024070093343671e-01,4.829280294907390414e-01,4.827662207124651661e-01,5.539784480810394651e-01,5.698701476712431102e-02,4.646694923157290713e-02,2.139461872852282676e-01,1.073643273930484504e-01,9.716945983207847526e-01,6.857652486774019618e-01,7.263770494598986716e-01,7.731884457901835317e-01,9.318790903857299135e-01
8.022936360767287667e-01,8.798298388545902071e-01,7.640488511060365973e-01,8.332984102581153518e-01,0.000000000000000000e+00,3.252040135325923176e-01,6.523881387946663946e-01,6.066191002907748153e-01,7.237059596605716072e-01,8.809834112656982352e-01,8.236907359898738568e-01,8.858606692733007604e-01,8.029406226408264402e-01,8.314984859858534083e-01,5.261684785939809705e-01,5.975820905199121791e-01,7.605069866382627719e-01,6.939233163150748673e-01,8.280215791782267187e-01,6.471751502051243943e-01,4.487661832093316483e-01,6.703636699392725440e-01,9.659702340073420546e-01,7.465908695661894745e-01,6.091488749096434230e-01,9.434516997725568288e-01,7.979958704603020703e-01,9.812281646554532610e-01,4.925384896117904754e-01,7.289202065520741236e-01,7.467169791844823212e-01,4.383669423169731516e-01,2.776783381428918340e-01,7.614387315941972822e-01,-1.446620716431510911e-01,2.413629354265175997e-01,4.671949728875561814e-01,5.926453154264690326e-01,6.021755395584025283e-01,8.054650411513966102e-01,1.318742517608477438e-01,9.310467340222922106e-01,2.819482873779700638e-01,8.574233888875149034e-01,7.431647572835093918e-01,6.400219573425044439e-01,6.131179013053411619e-01,8.692109955826428092e-01,7.630809853143385446e-01,6.297745498315480139e-01,8.356918208788450819e-01,9.333633245322654481e-01,6.730131937932433139e-01,6.242102302533371061e-01,8.373336394997079601e-01,3.026488241512984567e-01,7.032787177953820912e-01,6.073896436089837314e-01,5.387030300974484653e-01,6.535211044847519801e-01,3.693450365056226703e-01,7.312801435040141573e-01,6.279020121138426669e-01,7.902761616535630695e-01,5.880252254106782539e-01,6.332794005631048329e-01,8.142995725088592041e-01,8.055306510017140598e-01,2.775630129857135642e-01,5.725174387953424482e-01,4.862064876691894466e-01,7.355951691325273156e-01,8.727232967985771861e-01,7.334783094610197729e-01,6.162310148027073664e-01,3.009900255331516283e-01,8.093073025177389690e-01,6.284646112013481112e-01,4.098110343454091087e-01,4.706997791868693382e-01,9.553639458677650742e-01,2.624785212534503920e-01,8.935748462790140678e-01,5.315550875219431370e-01,6.883545883178782132e-01
9.692178047802268992e-01,6.997505149495847343e-01,9.362052666189482064e-01,8.707848325319023086e-01,3.252040135325923176e-01,0.000000000000000000e+00,-1.296715394132801347e-01,6.385596595421960675e-01,8.281023963499882790e-01,8.330804068084531888e-01,6.056369414398918849e-01,7.165401905546318062e-01,9.447818338237355951e-01,4.603555481479433831e-01,7.769068682808148996e-01,7.875185681248542124e-01,9.740128839595709742e-01,3.432971468280968663e-01,8.336919363113135528e-01,8.174414369488478549e-01,9.874756752303054386e-01,8.461915903837970987e-01,4.950704208535675610e-01,7.727239316558174309e-01,6.149593688429745297e-01,1.981794578926475425e-01,7.587694581907572511e-01,1.288175834346245441e-01,7.447388740510375582e-01,4.742775627953276785e-01,-5.604197907543181922e-02,2.645171599918015315e-01,6.928652201395189003e-01,5.020313864752590227e-01,6.184180790974972419e-01,5.020213160792455498e-02,7.168287438434134407e-01,7.174106775319133433e-01,7.463729481213915440e-01,9.676279311660368476e-01,5.901038621701759634e-01,9.700149562216725529e-01,7.423451852955099683e-01,4.203405276163785231e-01,6.929358556295475147e-01,6.728292152607500132e-01,6.012607024426598334e-01,7.392776519959610715e-01,7.800810388331461676e-01,6.817906899113113095e-01,7.106475452108238500e-01,7.078624962968449452e-01,9.261283847094199384e-01,8.094434271155074301e-01,7.091249687105650734e-01,7.802882895583825862e-01,8.781491273669805864e-01,9.081079167283936382e-01,9.788991625603691293e-01,4.732742002283849558e-01,5.307943942466217813e-01,8.407880102614156970e-01,-6.046481407417270137e-02,6.690130966987598571e-01,6.083576282772189536e-01,9.000125976659296700e-01,7.966401019745010803e-01,9.156370360091420357e-01,7.925166939761913998e-01,2.636617609780269600e-01,2.059221041478324910e-01,5.207964952815780091e-01,5.452249782489106966e-01,5.453524237927073193e-01,7.729331686351080810e-01,8.555696535507095746e-01,9.904834723390629758e-01,6.740861253836184508e-01,6.090917745481421175e-01,2.404591971058529787e-01,7.523321420013336924e-01,5.048083627556453346e-01,7.668961774865643566e-01,7.198852341357078188e-01,6.204380742193628118e-01
4.571257192529787350e-01,1.704521120951208108e-04,9.087165895704023555e-01,3.924348237158915564e-01,6.523881387946663946e-01,-1.296715394132801347e-01,0.000000000000000000e+00,5.135492964207518662e-01,7.874739491440652106e-01,7.632973390743448272e-01,8.518689396944915115e-01,7.622305583120860817e-01,2.167900116597353266e-01,4.997052599835497544e-01,1.041514161745425854e-01,6.668186313038277913e-01,9.094940279960380680e-01,7.127647763113538204e-01,4.255040593288918482e-01,5.434319755134805474e-01,4.013832058053217189e-01,5.113886818795380096e-01,5.021807586500565135e-01,8.959062273179847491e-01,4.673478235713410256e-01,6.119468061566938344e-01,7.725290933324147069e-01,8.449734703396579727e-01,6.569947208093969149e-01,4.260281664991760753e-01,2.408754811754529601e-01,6.477243889049386638e-01,7.685168610565263903e-01,1.931340028395307218e-01,7.470656753183885224e-01,5.410158007507303024e-01,5.299420121523026328e-01,6.797331787527720603e-01,6.595609264251311998e-01,6.125217607785975460e-01,9.775558990131848480e-01,5.742197727129288998e-01,9.500637875550481670e-01,4.236872150671533999e-01,6.769869201281234483e-01,7.756138942286445737e-01,7.565633447410028412e-01,3.495253802555108313e-01,5.499325383618964835e-01,6.139404177875907864e-01,7.525485356050756192e-01,9.178484553292259873e-01,5.074651614348958395e-01,2.660981889710216097e-01,2.111882847150665099e-01,6.350349130354957516e-01,8.643531425816231017e-02,9.370584470533076527e-01,7.141300090019803148e-01,3.474514339365170068e-01,2.498338817850152549e-01,7.909542083742583385e-01,5.646096781524660990e-01,5.671494858910255954e-02,9.190749063508776295e-01,3.630993779745528283e-01,3.328559979080941700e-01,9.280987692646369691e-01,9.842666637563295406e-01,9.173296634547176698e-01,2.223469822169779897e-01,7.646225956315131356e-01,5.817422256462188024e-01,5.247186607664808822e-01,7.765621618792540870e-01,5.173593512129960326e-01,4.890358364165266480e-01,7.897560262797715946e-01,4.853360178584193441e-01,-7.204761460299283216e-02,3.053705127153972243e-01,7.267594337765774792e-01,9.222589091787052329e-01,2.860185976175711464e-01,6.102085557630922974e-01
7.324663913419032779e-01,4.300385412083726488e-01,4.924462821387606271e-01,6.307345588582731200e-01,6.066191002907748153e-01,6.385596595421960675e-01,5.135492964207518662e-01,0.000000000000000000e+00,4.449483237166432792e-01,5.824749070443434595e-01,6.900324549504721627e-01,9.861161311406647645e-01,5.982194958072851732e-01,7.058598017466045649e-01,3.995700795241127201e-01,1.263738590507531290e-01,9.156196232240290112e-01,6.191623462686974833e-01,8.835978013261540642e-01,6.350640460367752427e-01,7.454547399498033800e-01,8.131762852107924378e-01,6.221705372329330297e-01,8.473816244736036563e-01,3.608921285834217896e-01,6.308420140574360069e-01,7.724872944463714308e-01,7.745982495502516940e-01,4.994422657984414204e-01,4.059457678666808511e-01,3.276314469724685430e-01,3.557535049351473466e-01,8.065632385262457849e-01,9.660329690538802527e-01,4.498127912303666043e-01,6.405481404366419884e-01,2.572757918672642918e-01,9.821956167979365437e-01,9.129778277079404480e-01,5.592776927302716139e-01,2.111864223787055794e-01,7.570299300535914266e-01,9.119340778434997796e-01,6.711702591341985880e-01,7.825677590568520525e-01,6.965758850160852500e-01,6.394007885234069821e-01,2.254405111551953736e-02,2.914585541968843230e-01,2.659464749382432491e-01,9.840002372534395469e-01,5.824193560191570640e-01,9.779400930874968534e-01,7.824259528344592596e-01,7.710194869189607170e-01,8.686101449899917837e-01,-4.779280520073456162e-02,4.301336227650568445e-01,7.851257287625187375e-01,4.885988603313059508e-01,7.367699557277911371e-01,4.458690427424661928e-01,4.769315329948439763e-01,6.962679605318186082e-01,7.165346685673115168e-01,3.907251052054135920e-01,5.318055235868449637e-01,4.002363971102678719e-01,5.243172392726354047e-01,4.136708035570995090e-01,3.976496993570715621e-01,5.142532511038014897e-01,3.764677908150745322e-01,3.242271156028670998e-01,4.489118552569379972e-01,2.606531450914309142e-02,5.417578397575828486e-01,9.059918328311180602e-01,5.596683043949811642e-01,2.484277203846671500e-01,2.078441274062315658e-01,9.006611366386422235e-01,7.974024449014404103e-01,6.313638935365696314e-01,3.767469559971726722e-01
9.162193361981814110e-01,7.665836006335058350e-01,9.446899510249430199e-01,6.114224791279282423e-01,7.237059596605716072e-01,8.281023963499882790e-01,7.874739491440652106e-01,4.449483237166432792e-01,0.000000000000000000e+00,6.484650604746968749e-01,5.695847609485555907e-01,6.486169191271038414e-01,6.606357275395636774e-01,8.165116070294310413e-01,6.299968244044336085e-01,7.219710226434328249e-01,6.242076065408668217e-01,4.489139587741982074e-01,6.566154872633371831e-01,6.863078975114788038e-01,7.980331496895145538e-01,6.930507611380388733e-01,4.539179373996790057e-01,9.356202342726860355e-01,4.418242650319136322e-01,8.137789535564793342e-01,8.050779746292949790e-01,7.577188603518333343e-01,4.823098020999240787e-01,7.898273106718870507e-01,7.337007548793199607e-01,4.369378502825100319e-01,6.955081462611302223e-01,7.555053331493050139e-01,8.267051137932162064e-01,3.574281165197225052e-01,7.797574133909273009e-01,3.401893588695152348e-01,7.956639228055550905e-01,5.161292332145590578e-01,3.862955542006230036e-01,8.948510367458258896e-01,8.519825076738747338e-01,-1.363030255379267808e-01,8.487487667074515851e-01,5.904277135210773686e-01,6.870901308804405749e-01,5.625274054637473542e-01,6.111418779005638457e-01,6.026431395143999614e-01,3.653901861735105450e-01,4.156690811066711677e-01,7.330433586569349291e-01,7.638570590615021416e-01,9.384129708607691356e-01,7.828050124590869574e-01,6.830682435896617832e-01,4.628863940324212667e-01,5.258899624879154189e-01,4.669851101790499781e-01,6.755442708539728391e-01,5.373224618653972273e-01,9.986482356788526360e-01,4.670330727683304484e-01,8.472534480909039711e-01,6.731140568581289729e-01,6.571228802414816883e-01,9.500285184269986472e-01,3.461344240817424422e-01,7.138351203934126810e-01,8.962049865017671646e-01,7.079823376435023796e-01,3.668429040635505789e-01,5.327849614622844898e-01,6.708609958859281797e-01,2.160621589917645080e-01,7.360127323952274647e-01,9.330544795525038682e-01,4.620639329350254010e-02,6.902373002735339158e-01,8.488920417932152018e-01,8.766482906701186240e-01,8.184556673226955903e-01,6.104259010068322500e-01,9.612801448052724629e-01
9.430925416713739073e-01,7.877307591247453278e-01,-2.541380130053856323e-01,8.216671064736786878e-01,8.809834112656982352e-01,8.330804068084531888e-01,7.632973390743448272e-01,5.824749070443434595e-01,6.484650604746968749e-01,0.000000000000000000e+00,7.524943214230042088e-01,4.528073548023463929e-02,5.317213416263011361e-01,5.133077638231035023e-01,8.183410983381070869e-01,8.483060152406388665e-01,3.111570592652984635e-01,9.394899772453096931e-01,6.728471191808698126e-01,9.729492146380912532e-01,7.430851476342357209e-01,8.346141480498481258e-01,6.956177867380154423e-01,9.831642366504016461e-01,7.613770665251542447e-01,7.643501624122948090e-01,8.011257113611676139e-01,5.796166785498270135e-01,6.160539604000265790e-01,4.848153731976484471e-01,5.258500809537374199e-01,5.800453727967491702e-01,1.924742533771331698e-01,8.597047212091808444e-01,6.468732355317063920e-01,2.732653894623823798e-01,8.543069207726024239e-02,6.879579813403369215e-01,3.651223958643368128e-01,8.379798956693964573e-01,5.443502187593507805e-03,3.025119974160848102e-01,7.361230108802931937e-01,7.737074244535367962e-01,9.274565766103274322e-01,4.043024883506521339e-01,6.803127075169961291e-01,9.739365409270648311e-01,7.500171737390234350e-01,9.290732923545443889e-01,4.735129648490933874e-01,8.907433660413026644e-01,9.007613614862221008e-01,3.790685667121886926e-01,9.414458666348470839e-01,4.913013500412936052e-01,5.816500749462130138e-01,5.484450156252959063e-01,7.341343734948826416e-01,4.324505502726417872e-01,1.417320260082781738e-02,6.104862749258868071e-01,7.758710342832609852e-01,7.589161796837761154e-01,8.178567159815870458e-01,8.528120004183042946e-01,7.633898623326905719e-01,7.454210844031262662e-01,9.360808608085074978e-02,7.993085197882547899e-01,8.628466867982114152e-01,4.335211027926662297e-02,3.048670516908003614e-01,7.315039934546651024e-01,8.691380782426406659e-01,6.410481000644606686e-01,8.226149206664220559e-01,9.626340708766638610e-01,3.533763647989796031e-01,3.353419737786084154e-01,2.366996405196311604e-01,5.681720950184622199e-01,6.929106228036240323e-01,5.432543884610039342e-01,4.718370179714217461e-01
9.486126768604196124e-01,9.897719877344894890e-01,8.783865337499016102e-01,8.773880946477499165e-01,8.236907359898738568e-01,6.056369414398918849e-01,8.518689396944915115e-01,6.900324549504721627e-01,5.695847609485555907e-01,7.524943214230042088e-01,0.000000000000000000e+00,7.050871431924026211e-01,8.410255867718898770e-01,2.916391964709298401e-01,6.571228646972171461e-01,3.059340581257153913e-01,7.725422171848226327e-01,8.915106095942996189e-01,4.813367609589211393e-01,6.378060316614196923e-01,8.625070739101869943e-01,6.811741337433738774e-01,8.690240608917669807e-01,6.754673994542211846e-01,5.020395131461695692e-01,4.944597518364624023e-01,6.274503075441101307e-01,8.914012298782018062e-01,5.107956949642766808e-01,1.690920586422753891e-01,-1.376899251664612245e-02,9.520611438365444990e-01,8.343432000076420607e-01,7.012178999221786446e-01,6.355245827856716989e-01,-6.749123081454805329e-02,3.501709867026936429e-01,6.412147172481663659e-01,6.329397445851424608e-01,9.013953358744586364e-01,6.016835423605998434e-01,7.250103772650787759e-01,8.308703410943834022e-01,6.951807989008152999e-01,9.120861497841424859e-01,5.769273294687284892e-01,8.051372847885535089e-01,8.486146503646185835e-01,7.723684491829407861e-01,7.339763210543448491e-01,7.740852330786572866e-01,9.496617074238210554e-01,7.699170443678382547e-01,9.601440010679472836e-01,9.123610025867802120e-01,5.633472220333571867e-01,4.337757362208916612e-01,5.378919567656801348e-01,8.395062777462922732e-01,6.334981731987497644e-02,-4.651372976443834961e-02,9.889200711394876553e-01,4.225877511459932290e-01,4.089438245516906489e-01,7.969566259619036419e-01,2.750865865634513074e-01,4.063331874783626674e-01,9.288279241968013800e-01,8.685757543779233369e-01,8.620509187816106644e-01,8.044665124582183191e-01,8.931512406522781333e-01,4.815148561892151902e-01,1.920301584018522523e-01,9.016874398677487967e-01,6.207326769300522962e-01,7.665981647183044423e-01,3.851829321658609695e-01,3.701238924268203112e-01,2.564614529575729440e-01,1.014821580350030311e-01,6.298533321746151437e-01,8.101369902839723469e-01,6.860162853632802982e-01,7.995248682760422998e-01
5.068198108847945527e-01,8.179001818937494672e-01,7.983384568752354138e-01,8.083076286266479560e-01,8.858606692733007604e-01,7.165401905546318062e-01,7.622305583120860817e-01,9.861161311406647645e-01,6.486169191271038414e-01,4.528073548023463929e-02,7.050871431924026211e-01,0.000000000000000000e+00,8.462463169894340886e-01,-1.751765110486623311e-01,9.276818520361249654e-01,7.362225913270772359e-01,8.270220257331221125e-01,3.767807192558735863e-01,6.377302676683112015e-01,7.507296314550084837e-01,8.052923275464816122e-01,4.476749331874704807e-01,8.356773723974968426e-01,2.726072381846805781e-01,7.606020774616799596e-01,2.117859863606806337e-01,2.965114004506884671e-01,4.102362574959547703e-01,3.525777147054165450e-01,5.276165490109823164e-01,5.869368478905027109e-01,7.357125647704675364e-01,6.416360251324705333e-01,5.264350228616851979e-01,4.632447919340129117e-01,7.611470373035654768e-01,5.569424042786885742e-01,8.509467973539066588e-01,8.844431125020346673e-01,2.415714091145722831e-01,1.854793130234595466e-01,4.761574795899479184e-01,8.138683323621858090e-01,8.931859410589390036e-01,7.591159325214678899e-02,8.455454372167653387e-01,6.781145485254549410e-01,6.869676951762713202e-01,6.951706153608070426e-01,5.410668977914461220e-01,8.933797432695934626e-01,6.229839021914312935e-01,8.169880719649162959e-01,5.822210075306994970e-01,7.427711826542338081e-01,6.916022484013318872e-01,2.515522513058167098e-01,9.242799465814257598e-01,5.226103973822030513e-01,2.045842816294266286e-01,5.420940823250821605e-01,6.420685047611128793e-01,6.142018556317546674e-01,9.945469634153898397e-01,8.472105910162057718e-01,9.040804415700327556e-01,8.994972902110912605e-01,9.746087115897049680e-01,5.213235671612513888e-01,9.194518104215730903e-01,9.233460766933589969e-01,9.434975905215194913e-01,3.263563871857231846e-01,4.674554078515055777e-01,4.644568305387184459e-01,1.530363861717922713e-01,8.401905937067792873e-01,3.216611417013686136e-01,4.597270222139683837e-01,5.146626168448346084e-01,7.940129638176609550e-01,7.928357123132601103e-01,6.791415305415569037e-01,5.595188954990519825e-01,7.617762440190755102e-01
8.049368736908919519e-01,6.067268907012778323e-01,8.310316049274882877e-01,6.677378762328494144e-01,8.029406226408264402e-01,9.447818338237355951e-01,2.167900116597353266e-01,5.982194958072851732e-01,6.606357275395636774e-01,5.317213416263011361e-01,8.410255867718898770e-01,8.462463169894340886e-01,0.000000000000000000e+00,1.764486525143913603e-02,7.122648786007838018e-01,5.436774528673402607e-01,7.856269037377755504e-01,9.417241120966342027e-01,7.224446087203565403e-01,6.454562164234491917e-01,7.491242748889196390e-01,8.662558759865448543e-01,8.415340663531738485e-01,8.934191572290900440e-01,2.533805050600502207e-01,9.856121604328001995e-01,7.190720730493893598e-01,2.206073611794280298e-01,9.390258333154910542e-02,5.018123832569739706e-01,4.307907628642080461e-02,5.168736407790504028e-01,8.435930078526880926e-01,8.648269553413728827e-01,7.690114055813923599e-01,5.408341616494800608e-01,6.987471908002611531e-01,8.059533283987798669e-01,7.541055730230072918e-01,5.383938383115957071e-01,2.179506314256236810e-01,7.790371115967664739e-01,4.154928519433656597e-01,7.762116926537275807e-01,7.230338602605114184e-01,7.465170993927343623e-01,9.351348658514337941e-01,7.934600852393978165e-01,8.273757202960604351e-01,9.979742897153242032e-01,8.643624467206759698e-01,5.869334218005419768e-01,9.524310857506604888e-01,6.043465093023616674e-01,7.461221077077222485e-01,7.157735685408976867e-01,9.734866916037234752e-01,9.747529848407915365e-01,7.823619754056165831e-01,4.934145798873746935e-01,2.581844246400174514e-01,4.338017265467890571e-01,6.111466296811577381e-01,2.472295783779465406e-01,4.484466891593821836e-01,9.157966969047817152e-01,4.568861888081257594e-01,7.857890061358397960e-01,7.140752500130320701e-01,9.182662467428051034e-01,7.624803926802801168e-01,5.696873736089951290e-01,4.531126553230074294e-01,5.847863969445012966e-01,4.452248217919515527e-01,8.563408038862972971e-01,8.793946641307142098e-01,4.983185559050060803e-02,3.109777468375087839e-01,2.923786708911251253e-01,6.351357810369897550e-01,9.270822345888736216e-01,9.386591585363228685e-01,7.011303310207185335e-01,8.458941988749512086e-01
8.514343533664727737e-01,4.685261153400097078e-01,9.882834112256875247e-01,7.900159097272272390e-01,8.314984859858534083e-01,4.603555481479433831e-01,4.997052599835497544e-01,7.058598017466045649e-01,8.165116070294310413e-01,5.133077638231035023e-01,2.916391964709298401e-01,-1.751765110486623311e-01,1.764486525143913603e-02,0.000000000000000000e+00,7.354463746107171573e-01,4.028812440041633636e-01,7.018719905304801054e-01,5.963506474120671141e-01,7.798821889041457345e-01,7.972490547929889093e-01,9.220183813243856275e-01,7.934558655712395936e-01,9.419579079742459449e-01,2.245296024661545820e-01,6.505470009265017506e-01,6.475954049281693603e-01,6.790433082346317706e-01,9.847096136182961201e-01,4.043265287219640625e-01,6.251273330119734295e-01,2.101804856789840914e-01,5.592023598113303740e-01,9.811137504760776284e-01,9.939213746204476063e-01,7.520679963210314956e-01,5.947429836305473394e-01,2.353681388885175418e-01,7.926436963323100215e-01,9.208102729230548400e-01,1.695914993575667884e-01,2.584724631776781911e-01,6.296332468408997185e-01,8.352422385610684952e-01,6.837667927458830341e-01,9.640570788397891944e-01,7.792109688209374330e-01,7.296887969505205795e-01,9.326948344104971644e-01,6.974829665079829155e-01,7.350989828897476208e-01,9.458707372603524233e-01,8.344470506493817386e-01,4.629425718345140384e-01,9.052468992641943268e-01,8.911884029932334306e-01,7.415016634421259800e-01,8.830927622516744346e-01,9.708822871052780190e-01,9.738520891544028002e-01,4.111072370307983781e-01,7.703026785061232173e-01,8.651513887249760726e-02,4.476293829125648632e-02,8.247778972929177277e-01,4.444612470216687261e-01,7.719318428346737537e-01,6.266599350576355087e-01,8.729177960008227544e-01,4.546159818553401899e-01,5.308471709131356020e-01,7.607045534982892487e-01,5.837521221201878996e-01,3.513769219240768793e-01,7.619096684639544703e-01,2.534143411187455078e-02,5.840811974897367476e-01,9.454225060133106817e-01,5.109446746268729855e-01,5.644417392865300753e-01,-9.528328178900193068e-02,5.652435693932074123e-01,9.067126774427786140e-01,8.781075854514567292e-01,9.909861840417089063e-01,8.638997547026110446e-01
8.946876789992099788e-01,1.748003757326285768e-01,6.648950936756643504e-01,6.772491616210835064e-01,5.261684785939809705e-01,7.769068682808148996e-01,1.041514161745425854e-01,3.995700795241127201e-01,6.299968244044336085e-01,8.183410983381070869e-01,6.571228646972171461e-01,9.276818520361249654e-01,7.122648786007838018e-01,7.354463746107171573e-01,0.000000000000000000e+00,8.347255251842384816e-01,9.949914980921030772e-01,3.990810976043904224e-01,3.236940087200171901e-01,9.871018904371469116e-01,9.300560245057772901e-01,6.599549222332575793e-01,6.704256672119559557e-01,7.141520880851462971e-01,6.480521816589394912e-02,2.648873858801608638e-01,5.957046974095856484e-01,5.052117982521534545e-01,6.933753961986890424e-01,5.978006482137511179e-01,1.563142458687266645e-01,6.841375377025971094e-01,6.510230580521839672e-01,3.214617188230038392e-01,2.006083612759426982e-01,7.322918690760473748e-01,5.153519467124838549e-01,7.208491666132027520e-01,1.769456624638955089e-01,7.281894944376746670e-01,2.344044681732677660e-01,4.933846953582555761e-01,2.789802505867055027e-01,6.926026748382093645e-01,8.400357361952162094e-01,4.356861353279449789e-01,5.946815284267739088e-01,5.109908894155968939e-01,7.831427072611452100e-01,5.893886867599271717e-01,7.007144031682440710e-01,6.967459835237963528e-01,8.759564966824631149e-01,8.634434245187082579e-01,9.402075043043911506e-01,5.122022909638687116e-01,8.171483418993314984e-01,9.618927447901556294e-01,1.412232128372313267e-01,6.836178589215277102e-01,7.035076364750005862e-01,1.474349519181555046e-01,5.600564887083128163e-01,4.318060003213737841e-01,8.890665922133109689e-01,9.852553510308569296e-01,8.630078191730879977e-01,8.204132510393709055e-01,9.366792410697948323e-01,6.985517283846731651e-01,9.866448467642958686e-01,6.407400968681123965e-01,3.880088748758479533e-01,5.904980790608490571e-01,7.249130362933742244e-01,7.296056222608673369e-01,5.236759979096059503e-01,4.862806672134817876e-01,2.276095004525944543e-01,1.927347173943859959e-01,9.200854732665177949e-01,9.502737024803643573e-01,2.993273651336167407e-01,6.551748990803134554e-01,2.623239578876291889e-01
9.339336622087289763e-01,7.679236998794596314e-01,6.460758893676176173e-01,6.452367649720891496e-01,5.975820905199121791e-01,7.875185681248542124e-01,6.668186313038277913e-01,1.263738590507531290e-01,7.219710226434328249e-01,8.483060152406388665e-01,3.059340581257153913e-01,7.362225913270772359e-01,5.436774528673402607e-01,4.028812440041633636e-01,8.347255251842384816e-01,0.000000000000000000e+00,8.933443113687968840e-01,9.372397256947955224e-01,6.464716208319780666e-01,9.180864783697696430e-01,9.548498761425210368e-01,8.577756696340472775e-01,6.896133486411880620e-01,8.143981981032591966e-01,6.008453983302233237e-01,7.306545097514267617e-01,9.990958091373403072e-01,6.610239928105565710e-01,2.460612717426093610e-01,5.405181963602785633e-02,7.121075725602888928e-01,7.263492203327464036e-01,7.586502269906877371e-01,5.821922794955394220e-01,2.677900995558486485e-01,1.312195009407662594e-01,7.620019183185231526e-01,4.388002579506627421e-01,9.557967466931263090e-01,6.568214857508151150e-01,3.943112450693432303e-01,5.149412654871590167e-01,9.175825586786698906e-01,9.334262123386456445e-01,6.699631753347997654e-01,7.160312516911566671e-01,6.622093105704768279e-01,8.862230390908923949e-01,3.263376437063301161e-01,7.338835972629689230e-01,6.804540363893812893e-01,8.543215852347904038e-01,8.391567783384155099e-01,9.116087178495300147e-01,4.085347652824622977e-01,9.538239280437931233e-01,9.922916091834812491e-01,6.478191848447356627e-01,7.421256283527111197e-01,5.331987635663640868e-01,5.524772024119591896e-01,8.579997322291816886e-01,6.830576126044868301e-01,9.684315608304154832e-01,6.911334768160934949e-01,7.352742537669683109e-01,8.881791860544344663e-01,6.260521212824404769e-01,4.022351124670844880e-01,6.776016333975055650e-01,6.671090244572994710e-01,9.070566075458588173e-01,5.014453734918984384e-01,5.205812197971509958e-01,7.424517573977602591e-01,7.089922376538495552e-01,9.186152337094327658e-01,5.748975636091785413e-01,3.542329992621359169e-01,4.394539056743711480e-01,4.389655662323000418e-01,5.133839328262178592e-01,8.227087691745124109e-01,5.710404414628038605e-01,7.805566652472031297e-01
8.309176066610802769e-01,8.412780448129388855e-01,8.520646694543029254e-01,8.944392045334803587e-01,7.605069866382627719e-01,9.740128839595709742e-01,9.094940279960380680e-01,9.156196232240290112e-01,6.242076065408668217e-01,3.111570592652984635e-01,7.725422171848226327e-01,8.270220257331221125e-01,7.856269037377755504e-01,7.018719905304801054e-01,9.949914980921030772e-01,8.933443113687968840e-01,0.000000000000000000e+00,8.018335980911474037e-01,6.232001932880463224e-01,4.501345602354347997e-01,9.338148235382329743e-01,6.485275271738534242e-01,7.666623917560604351e-01,8.505117670560342624e-01,8.911807756957355053e-01,9.677678746532240028e-01,3.235852636028884177e-01,9.396365252380438626e-01,7.919025348956485466e-01,7.229490781913634478e-01,-1.264217098422714958e-01,7.987346345156201011e-01,7.365926220377112532e-01,8.425936377682665679e-01,8.318531617976427928e-01,4.884216285207964026e-01,2.773214703954632876e-01,8.589576429023940696e-01,8.780424440430947275e-01,9.141937454678482622e-01,6.318640776518774649e-01,7.441382042893845972e-01,8.624810327439762503e-01,5.015998226755501443e-01,9.535376373428483543e-01,9.996551176976837816e-01,8.680253323541999855e-01,6.078909208035955247e-01,6.269367591225124547e-01,9.670922343908703311e-01,9.671618881059854678e-01,9.432865261625391629e-01,7.999230855182006827e-01,8.702318968535661670e-01,2.392421401226568767e-01,7.263962385991884485e-01,4.171140220888976402e-01,6.116702019953088598e-01,9.047175443571389142e-01,6.108597791861383186e-01,6.381013139182496463e-01,8.875992419579710191e-01,7.745133985815830791e-01,8.931011669799768793e-01,6.308937171112640740e-01,9.141166008753507377e-01,8.826244422592173233e-01,9.383579461825705126e-01,2.755630116533994700e-01,9.915249873482550047e-01,2.806695636788326120e-01,5.012515287427552479e-01,4.749193861430455188e-01,7.234894464367134237e-01,6.757201506465028151e-01,8.420402848877148738e-01,3.218957500890673451e-01,8.338939368737747770e-01,4.099773435709919145e-01,2.096368276810222364e-01,8.179201494351850954e-01,5.253764546853820772e-01,6.705753721141174406e-01,1.255025945782288765e-01,6.573061735888676704e-01
8.128788490308639370e-01,5.565816484436469924e-01,9.666517488501469302e-01,9.555390236543024329e-01,6.939233163150748673e-01,3.432971468280968663e-01,7.127647763113538204e-01,6.191623462686974833e-01,4.489139587741982074e-01,9.394899772453096931e-01,8.915106095942996189e-01,3.767807192558735863e-01,9.417241120966342027e-01,5.963506474120671141e-01,3.990810976043904224e-01,9.372397256947955224e-01,8.018335980911474037e-01,0.000000000000000000e+00,8.189875032402011978e-01,8.360660422919132806e-01,8.259794040646237789e-01,1.622232453685783227e-01,5.944440918486383341e-01,3.826011248629858086e-01,7.743487780032078938e-01,2.926334684606568537e-01,9.473562089168573452e-01,3.062643456247600426e-02,2.198338183335740992e-01,2.571189233373962768e-01,4.204595986103216720e-01,7.032061887587163218e-01,3.754399296453192481e-02,7.100248325815461392e-01,8.160634685892623752e-01,7.854371838312212972e-01,5.916869166543021752e-01,4.102197798735573442e-01,9.132382709144345467e-01,6.728319483821499913e-01,4.276362360082456293e-01,2.277821321678177025e-01,7.986350223690739103e-01,8.906095662377883082e-01,9.862213346564868699e-01,4.273719758248966105e-01,5.897322905164622542e-01,7.422177399770054640e-01,5.385781664707316452e-01,8.052592173962674904e-01,3.480737292549024309e-01,8.308921193173397501e-01,6.432924168560310019e-01,6.268746981718684719e-01,3.994260734986016526e-01,7.699495857828240197e-01,7.685224690999095110e-01,9.710300939885406768e-01,9.321979226978301947e-01,6.233740345028765395e-01,1.869179715588660806e-01,4.267498654343304665e-01,7.347595541467122349e-01,7.476270879650654955e-01,9.590542653625184766e-01,7.492431602983788963e-01,7.623711049642285520e-01,4.126360025688912136e-01,8.813811690027986145e-01,6.168401030217720571e-01,5.800953554505209331e-01,4.169806773472008454e-01,4.698860874288686706e-01,7.032379232984485862e-01,6.109270272452878014e-01,2.789534790347094617e-01,8.552271501044629298e-01,6.640220070331877000e-01,6.717436037260064996e-01,2.777104329835849983e-01,9.810373046062084157e-01,8.445943728076594770e-01,8.886719909286922015e-01,2.175208923294834062e-01,4.815818220095081648e-01
