0.000000000000000000e+00,7.275517068587633585e-01,7.940539047525365657e-01,6.739740063307960716e-01,9.570897353935926555e-01,9.343032750914650464e-01,1.358092368856277099e-01,6.137882756685628660e-01,4.296681269053578278e-01,9.623475603790907495e-01,1.156804065404843929e-01,8.769926150280705768e-01,5.149670772539292063e-01,8.757285773843087595e-01,2.476743030059439521e-01,7.154189473831447099e-01,7.054859152559533886e-01,8.322254908090801484e-01,8.677207171213316972e-01,6.865927427325164700e-01,8.054800072909281683e-01,6.193843382183759072e-01,6.529606720981461221e-01,8.833870197534147151e-01,9.838635794444761107e-01,2.002219829669897311e-01,7.512292738038834905e-01,9.722616520425388931e-01,7.349520981202862790e-01,5.870587724544568120e-01,4.148359578396112468e-01,9.319800699233383723e-01,9.468368681388051877e-01,6.587979715935001757e-01,9.476263146832049067e-01,3.250924457694830821e-02,4.193898914121304555e-01,7.983502511176279182e-01,8.305177281649279708e-01,8.896334809468754434e-01,2.270561756059292224e-01,9.726763701166419862e-01,9.234128744963960855e-01,3.234990112143847907e-01,9.789623624142396174e-01,5.974783088433595069e-01,8.247325697952418988e-01,9.461230789034088540e-01,8.093954076168056178e-01,3.147327328359584842e-01,7.269318225446126380e-01,4.572193952998521160e-01,3.676851058046642917e-01,5.870143063721381393e-01,4.219990126772340533e-01,9.349284919477254263e-01,9.867527291712737680e-01,9.059484885183199943e-01,7.960625100261810028e-01,5.108447607497950127e-01,4.183613100226263315e-01,7.755103560854614830e-01,7.349595698934797694e-01,4.934749776642198271e-01,9.992682288740414309e-01,4.085938427935710826e-01,7.326986898412800597e-01,8.203548219812427655e-01,6.067944169414716260e-01,7.872698948324274859e-01,7.253117681957318430e-01,9.796604689549762712e-01,5.912532736396967081e-01,3.044587126444415759e-01,4.582345833806145130e-01,3.684558823039716380e-01,6.932909265282006794e-01,9.435065812422845921e-01,4.044693955836516919e-01,7.498258248790203861e-01,6.476924070878073980e-01,8.680704487156633009e-01,7.575444478853228247e-01,1.527945836225398368e-01,6.758409949152641705e-01
7.275517068587633585e-01,0.000000000000000000e+00,6.837429456899887237e-01,9.973467441063725847e-01,7.849179166890632997e-01,7.581376199284681761e-01,6.139869135502247222e-01,7.552125820365250819e-01,5.942962676555362256e-01,4.206607811509474604e-01,6.890057241962745938e-01,6.087095512964409982e-01,9.292069080497276090e-01,7.889939890312271942e-01,5.050573821500800031e-01,8.903539661238601965e-01,6.020870602302048624e-01,7.971836023792361337e-01,3.085549497241957817e-01,9.523861376435746040e-01,7.766200933541066442e-01,9.277711836820269342e-01,7.850502898746809510e-01,6.508594041806814445e-01,5.181014889797109779e-01,6.942982839157236796e-01,8.589055037657051805e-01,4.484134074477952869e-01,8.004185650565867061e-01,-8.847281522875020954e-02,5.322428022013043769e-01,8.101352935134461530e-01,9.411147545222318112e-01,7.450411454457799287e-01,6.722890769113789577e-01,2.834821677007346441e-01,2.411572949574913582e-01,4.610882197321122256e-01,8.543338901461897672e-01,8.318973736817839582e-01,6.485478407588923799e-01,5.276743939964220198e-01,5.523220895453950785e-01,5.080368585822058192e-01,8.426231246512423390e-01,9.286032686350205179e-01,8.984172780188921514e-01,2.041437128226931685e-01,5.596606530252005163e-01,5.713827136602296353e-01,7.082896859823102353e-01,7.579987371993817113e-01,6.158093059040988804e-01,2.150631526753241374e-01,9.624999709747025234e-01,8.017574704091893212e-01,7.319657917183200468e-02,1.237381728735956338e-01,9.659881587441780937e-01,-3.392879211167523779e-02,3.813116983057827647e-01,7.223072325194913601e-01,8.095691013999987140e-01,6.193808638076138129e-01,7.096073015291539665e-01,1.966769712518843805e-01,7.521580446058238056e-01,7.144982275097389035e-01,3.572678928334431792e-01,9.359614391696765567e-01,9.101630247407714869e-01,9.240906326037352514e-01,6.789659314935950762e-01,4.002907820395110727e-01,9.709713475180743458e-01,8.480478229657270051e-01,8.181233932359082139e-01,6.308050830339116954e-01,4.081213400338919994e-01,-2.848997879466541594e-02,7.423295553539450697e-01,9.364492183178722007e-01,8.178380830704679028e-01,7.603811427385792632e-02,6.201484989624899136e-01
7.940539047525365657e-01,6.837429456899887237e-01,0.000000000000000000e+00,6.327300798125063963e-01,8.130981102287301310e-01,6.366783834529001762e-01,5.156618025783208381e-01,7.419188707288308926e-01,9.891584780092648188e-01,7.735394250517745318e-01,8.258721769499882681e-01,6.598526661901267243e-01,9.852965512019552508e-01,3.461735975866971349e-01,6.101676207021387022e-01,9.317675482265060927e-01,8.599165611157869593e-01,9.052194650355743777e-01,4.813279019636724776e-01,8.599007142127245151e-01,9.044664827776607297e-01,8.010087920446120613e-01,8.954996489969315743e-01,-1.390984558637084756e-01,8.500350422892043456e-01,9.579905375304136328e-01,9.483966980087520371e-01,3.310169792714965364e-01,7.993886582926401640e-01,4.541210280172265357e-01,4.372164402564006624e-01,8.106063903145317440e-01,9.588004320134811964e-01,8.410909034275587670e-01,8.874750877821676598e-01,4.820884254563937571e-02,2.134180556839936072e-01,8.232314602671935155e-01,9.973811239570039566e-01,3.975336591856786783e-01,2.736763960453795774e-01,8.416475515416983466e-01,8.621256184597219097e-01,8.925912334432177797e-01,9.487779980587139894e-01,5.845612747604296278e-01,8.340999575557996870e-01,8.364468007908849589e-01,8.975832612649263798e-01,4.025128859095131739e-01,8.238933204261651433e-01,3.880838912549973152e-01,6.498544979021547707e-01,8.861952544597463399e-01,9.539790917780036628e-01,8.977848366655821755e-01,9.030199433378021112e-01,9.870072809867613817e-01,8.059854429043520341e-01,7.084012147749096933e-01,4.135525375540565207e-01,9.873141043206752343e-01,9.619810687172197783e-01,9.373859869889539231e-01,4.611700996823302479e-01,6.309646126669113952e-01,8.976302799762965190e-01,9.017329591724194682e-01,7.025860462711193133e-01,3.425153715483134076e-01,9.272556176116353299e-01,8.055431117626147275e-01,8.023015808743411137e-01,7.038799109425720735e-01,6.006699081124071693e-01,9.587905064393726917e-01,9.936946589458343082e-01,8.158030432585882119e-01,5.909432537594514478e-01,5.662769788229711221e-01,9.891890265634415425e-01,7.775846754618574996e-01,8.744226336853696546e-01,9.851020160834018657e-01,4.549012661513881506e-01
6.739740063307960716e-01,9.973467441063725847e-01,6.327300798125063963e-01,0.000000000000000000e+00,7.296478172089766456e-01,4.168811944734709396e-01,2.638854484202582951e-01,8.032999574161902023e-01,9.207057055942160506e-01,2.464817478099523562e-01,4.860714390624031878e-01,8.618471722932948831e-01,6.842718400107040688e-01,7.098890457925325359e-01,8.205723256448090863e-01,8.855279712437578166e-01,7.304660995492893161e-01,8.990073222819169318e-01,7.986120593100982656e-01,6.895152682142843270e-01,9.891026395496387291e-01,4.850651611521558104e-01,1.366921492956255368e-01,2.411898607656120797e-01,5.865353682340382901e-01,8.596271749667475648e-01,7.241951182620707250e-01,7.918738504884744733e-01,4.500418480513498354e-01,4.784760497435462390e-01,5.851156373961261536e-01,7.804901880578738460e-01,6.011190527359018265e-01,4.559013119627624566e-01,1.583509302348150571e-01,5.462677040451540122e-01,7.385243063949328279e-01,9.699824384537439892e-01,7.339500995426000429e-01,7.663473950313373084e-01,3.261167801674230704e-01,7.117786213890774372e-01,6.545900169744991448e-01,6.389220887889623945e-01,7.977922053916253198e-01,7.626138773730484210e-01,4.939557965464329570e-01,5.949877293232682662e-01,7.147525355179836781e-01,8.607074651779155205e-01,6.964764946281176705e-01,7.033431208639755461e-01,7.339724422847029306e-01,6.657746081851715347e-01,9.930213292405655201e-01,8.923281199918693396e-01,6.318500519695209316e-01,8.910871996398284089e-01,8.449732126548398226e-01,8.025951357155156618e-01,6.511965742892026343e-01,4.616337251934937713e-01,6.411759428543390982e-01,9.262038232515859004e-01,9.164532609911831829e-01,7.862738852072034268e-01,7.565473509594009549e-01,9.576445721251914955e-01,4.196897125647470195e-01,7.474874517889269487e-01,7.207710327455560950e-01,6.231100997041192358e-01,2.943506951596815968e-01,4.052713455077163740e-01,1.103751991276736011e-01,7.111633153136093233e-01,9.358785286644614176e-01,2.297349052739835196e-01,7.397235941926337821e-01,2.052421768498978172e-01,4.858517266719033501e-01,7.518791181889629138e-01,4.062729746116296448e-01,6.804350287090250582e-01,4.939571691581018942e-01
9.570897353935926555e-01,7.849179166890632997e-01,8.130981102287301310e-01,7.296478172089766456e-01,0.000000000000000000e+00,4.722276707659716077e-01,6.440112468050315231e-01,9.896671086397269557e-01,6.891334868458254270e-01,8.184039278724835054e-01,4.005371983623299825e-01,9.176351591233080640e-01,6.027499894825880666e-01,7.541903695429051924e-01,7.443247457102496467e-01,5.368093154693663882e-01,7.638481556885092782e-01,6.529809311637341240e-01,9.310906481654083189e-01,9.896872688456632705e-01,7.873209294220077092e-01,8.484001055842582684e-01,8.298414453850216921e-01,9.398419126831324411e-01,5.771674001995783509e-01,8.685711826271735880e-01,7.808981257011522459e-01,6.515792359348783203e-01,3.398090633535973959e-01,1.493896144694808192e-01,4.850626158188305059e-02,8.479775393058492927e-01,8.117722410684514722e-01,6.488014874859400205e-01,5.583380735080288870e-01,4.378065898440640646e-01,5.771361068215254964e-01,6.101364266575886042e-01,8.930046679541840948e-01,8.595628330813643858e-01,5.866675546815616205e-01,9.950645398880471060e-01,9.939176935680376079e-01,7.849944959076629036e-01,5.873686007672589415e-01,6.590862340078269543e-01,9.006415812297731138e-01,9.309625069151411525e-01,7.776295709767641062e-01,4.401739479519106157e-01,3.521730448628048737e-01,5.076819930737603848e-01,7.610996452541745061e-01,8.787091089167976543e-01,9.897228295471771631e-01,9.994846639460963633e-01,5.099962282379748579e-01,3.666535748758742441e-01,6.978405885086200744e-01,6.210682438746082390e-01,4.858226396971422334e-01,6.002537897279228707e-01,2.076312872819491562e-01,9.621554951554915913e-01,6.173720214887953306e-01,6.838115515731082450e-01,5.302264655212829414e-01,6.458254953498777651e-01,5.066720313381855023e-01,7.868472809525318690e-01,9.505530665056098893e-01,9.967692785855144511e-01,4.835419789074590913e-01,5.383429406699234976e-01,6.865813872959859454e-01,5.146277884791801149e-01,7.493497010531048330e-01,6.298313089632080475e-01,7.829183468731890638e-01,5.646369392030056167e-01,8.270995716890121585e-01,7.090527126445461681e-01,9.101561762300188763e-01,1.582082962641300217e-01,9.670170158827038343e-01
9.343032750914650464e-01,7.581376199284681761e-01,6.366783834529001762e-01,4.168811944734709396e-01,4.722276707659716077e-01,0.000000000000000000e+00,2.228626782359648950e-01,4.883709233550145301e-01,6.329287717255349666e-01,2.648757691049943297e-01,6.547902002409192734e-01,7.219177944104040456e-01,5.595342270282470665e-01,7.995939369923017459e-01,4.777761902264439642e-01,7.639698681329956109e-01,2.057616422392087308e-01,7.014203959396413390e-01,7.970303262973668090e-01,9.593635271595634118e-01,6.771736920647072333e-01,7.694262879445701309e-01,5.085867865600419702e-01,7.900680533230773905e-01,4.939061600908170591e-01,7.895564365804970119e-01,8.466662393514826634e-01,7.061705141200663727e-01,7.940020551679010108e-01,5.895026149999835763e-01,-1.983046787998405391e-01,6.968331660429931684e-01,9.767007101933957713e-01,8.646888561843227849e-01,4.037168917968753101e-01,6.327765299479226613e-01,5.853996945885052705e-01,3.030484461653735195e-01,9.409231601512619836e-01,5.589301580469954178e-01,4.430817677834699153e-01,7.208388613500646969e-01,7.607003489879824443e-01,8.909759155082808135e-01,9.582944934735058151e-01,8.904166888330041774e-01,4.337830016661435306e-01,9.240978621993325426e-01,4.609914535778766309e-01,4.565395023046019962e-01,8.010948687965386839e-01,9.220874243879724208e-01,8.655016648456893558e-01,8.733161197244487806e-01,2.602324303331676192e-01,6.982637776355183901e-01,8.315795150613362052e-01,9.880068636856234043e-01,7.375458390459990188e-01,5.287913271800647186e-01,6.017384960025001783e-01,6.563910448512371154e-01,9.888720531824835014e-01,9.559948214579865322e-01,8.173574339980222980e-01,6.218099400136740673e-01,9.669508905836875501e-01,6.340419843499890407e-01,5.162873438788130320e-01,6.065574967693567743e-01,6.194618851874722498e-01,3.513887076874652182e-01,6.290670698050848664e-02,4.771053000116510789e-01,6.193467061579647215e-01,7.767757116623372760e-01,9.713578024172935255e-01,5.062071699597825436e-01,2.984131034856581932e-01,1.580005476671477171e-01,8.866460280121982729e-01,8.601436475573442930e-01,4.532507895005737364e-01,7.620690645754016890e-01,8.245208502987951826e-01
1.358092368856277099e-01,6.139869135502247222e-01,5.156618025783208381e-01,2.638854484202582951e-01,6.440112468050315231e-01,2.228626782359648950e-01,0.000000000000000000e+00,7.247138149257961182e-01,3.261259694671609921e-01,3.191255377850027442e-01,9.844784404862538807e-01,6.209259217258858987e-01,1.595784482370895541e-01,2.290383042846846351e-01,7.002827206240944680e-01,4.884352584911443307e-01,5.859418490014214331e-01,8.147936712710992513e-01,3.357123596883530570e-01,7.367681319564469700e-01,8.714951448332274309e-01,7.372268886950331668e-01,2.423677297826545007e-01,6.868801542124449711e-01,5.103410815656442834e-01,6.529720404738698081e-01,6.620655171800180483e-01,7.037908922993248995e-01,2.337701304505850411e-02,1.277792168076006818e-01,1.640589272813312016e-01,4.607422998879097120e-01,4.326528723474398208e-01,5.602345154466406019e-01,5.778487341816848089e-01,2.414152968292079260e-01,-1.337566390358544965e-01,7.192750958282293494e-01,4.059826351596608762e-01,3.866722024577851080e-01,8.332509919727538739e-01,4.545880898484724320e-01,9.642494314949383583e-01,8.308278032896353471e-01,9.015288978845072965e-01,6.370576788839273918e-01,5.890629207806539203e-01,7.237324350622010849e-01,4.678474326710206355e-01,2.036798535548424161e-01,7.976814098013769172e-01,2.674197056117429971e-01,7.131554372966887323e-01,7.326413003361633702e-01,8.449684589530435108e-01,1.000925138552585109e-01,3.889809503008363478e-01,3.823736157603459529e-01,7.944033405334545161e-01,5.830730157340480169e-01,5.599974140236076980e-01,6.707931350111649982e-01,4.681568197031164003e-01,5.820263788707624730e-01,9.945359456136775300e-01,5.271457543434071580e-01,7.840471509577580100e-01,4.793503336246329183e-01,9.532522271205571274e-01,7.985674842299770315e-01,6.836172079213972408e-01,4.502599146993139234e-01,6.943779235698342989e-01,8.913624171655686323e-01,5.437952542424080438e-01,5.862263042702842153e-01,6.783708746825072022e-02,5.862230761127752432e-01,7.894956428584489760e-01,2.214122280575028801e-01,8.248964030452424767e-01,8.134537065182201321e-01,4.672919444802072775e-01,1.110571324990114184e-01,4.481535190184811057e-01
6.137882756685628660e-01,7.552125820365250819e-01,7.419188707288308926e-01,8.032999574161902023e-01,9.896671086397269557e-01,4.883709233550145301e-01,7.247138149257961182e-01,0.000000000000000000e+00,7.942016373628044690e-01,3.587544179441184422e-01,6.776149044410978428e-01,7.876692991468767779e-01,7.509755637370630899e-01,7.645737004058675845e-01,4.892845328221447354e-01,4.196626187195907076e-01,9.382077757983071642e-01,5.955364268164309305e-01,1.118040033430976604e-01,8.408570466622630191e-01,7.431008831802502490e-01,5.372174796590623025e-01,8.157866380810995244e-01,8.771817963750934144e-01,2.447818380792771975e-01,8.425520574336151647e-01,7.425314981235124900e-01,7.302203273694749530e-01,6.281098351582071748e-01,6.105606993927749082e-01,5.330281274195896035e-01,8.569826666528298498e-01,1.143076912982184529e-01,6.814512580955108811e-01,6.260323904139147855e-01,7.869363313238828539e-01,4.266673172786488721e-01,7.576358879307723004e-01,7.805225263682019632e-01,8.834108991045013237e-01,6.507195425368593744e-01,7.712019426312476389e-01,4.339380061420159418e-01,4.390006264249952106e-01,9.406365062074457661e-01,2.193228812134528083e-01,5.525540688769816633e-01,7.862967614616654943e-01,9.213109093904412461e-01,6.005192027697665580e-01,6.354658240920280088e-01,6.930488901351988806e-01,6.138347285659121466e-01,4.204627010238703999e-01,8.158760118999174304e-01,8.419357619851967067e-01,5.018099204272888914e-01,9.013788323597038410e-02,8.074151931248688685e-01,7.136597488082214724e-01,3.094101284522339235e-01,9.627704323132959541e-01,3.728055447837999026e-01,7.278068435057993835e-01,6.101678516262627472e-01,3.909508107780216291e-01,3.088524306618550819e-01,4.268920088732450768e-01,3.383902218865993961e-01,9.330237831926792014e-01,4.437171406854912847e-01,6.714665152773428014e-01,5.115234367031157303e-01,9.863265269531893420e-01,3.422082647410694678e-01,2.069158028902759738e-01,2.783653502803853583e-02,7.704628791903928020e-01,3.384622139136272412e-01,1.554075314478043091e-01,6.442466478509187855e-01,8.533030131527701290e-01,9.779866178219277506e-01,4.587418439737991904e-01,6.563220452863722798e-01
4.296681269053578278e-01,5.942962676555362256e-01,9.891584780092648188e-01,9.207057055942160506e-01,6.891334868458254270e-01,6.329287717255349666e-01,3.261259694671609921e-01,7.942016373628044690e-01,0.000000000000000000e+00,-2.358764215893871530e-03,8.075908553291770708e-01,6.415164575260710045e-01,8.798111303622025980e-01,6.383540728013861187e-01,7.014153302511096921e-01,7.522646280407822017e-01,8.650111541547920169e-01,8.854409904067693793e-01,6.658032588219866543e-01,8.621506843558628397e-01,5.480451033339596156e-01,9.345098705198612299e-01,6.318687589315185038e-01,1.636586411371130090e-01,7.245177895116841071e-01,9.197806068849374572e-01,8.734136128311148495e-01,4.021139863221523392e-01,3.007452276348136500e-01,7.398560027939733441e-01,3.667283207792447763e-01,6.592354272550279282e-01,2.135334862477524520e-01,7.921702314080537599e-01,5.980698352383986283e-01,5.373942661160711065e-01,3.442948871488029638e-01,4.768242300538758777e-02,9.578855973687141478e-01,6.009483108479838354e-01,-7.672363656102826335e-02,3.303882561354682390e-01,9.123214979106674116e-01,8.074907578837713373e-01,9.288004359427212142e-01,8.003844486876734443e-01,9.714592264900265839e-01,7.866871917441489170e-01,8.385648723998920806e-01,6.962951524915875767e-01,4.680199066278342146e-01,6.651451448591121363e-01,9.728136383877157289e-01,4.132782442111928023e-01,5.278110154616375560e-01,3.567614182063780781e-01,6.472222544118300114e-01,6.331769992827511739e-01,6.096137582608188721e-01,5.256031849610668383e-01,9.745214457343873704e-01,5.068777460605867757e-01,7.247498074551124159e-01,8.317476473553631067e-01,9.739988886968576898e-01,5.756334101360358613e-01,5.672165242131952390e-01,9.279990425992373781e-01,7.208397032000466442e-01,7.219154349124015102e-01,8.680620035851452920e-01,7.730368444106622272e-01,9.813968763462568301e-01,4.317414209240101886e-01,7.168615208695863217e-01,9.475248885392046905e-01,8.255894678280198962e-01,7.368116389889933782e-01,4.340812473080620237e-01,2.145548136866285982e-01,6.957344126518387739e-01,-3.915504845639894427e-02,6.751303525804722705e-01,4.315959150072463668e-01,3.645673563199821610e-01
9.623475603790907495e-01,4.206607811509474604e-01,7.735394250517745318e-01,2.464817478099523562e-01,8.184039278724835054e-01,2.648757691049943297e-01,3.191255377850027442e-01,3.587544179441184422e-01,-2.358764215893871530e-03,0.000000000000000000e+00,9.246107953059762297e-01,6.653093587184502056e-01,2.574606377996721540e-01,9.011498617024186197e-01,7.044272817236599815e-01,2.622057021304506352e-01,9.669253529283408088e-01,7.112854650373742205e-01,7.782152093404346438e-01,7.130951353613687038e-01,8.891528460442073012e-01,1.538830759390432401e-01,4.084515361876998596e-01,3.535585661062873863e-01,7.627249923268351051e-01,8.611295010951890427e-01,7.841974525122776818e-01,7.637393492180772903e-01,2.025154598450081278e-01,5.192320633893499071e-01,4.531546612458778878e-01,4.059569569946954726e-01,7.969912057048826881e-01,7.479533250404024614e-01,3.561951924196379293e-01,5.773318987109827827e-01,1.332717250850724566e-01,9.167443826165009302e-01,9.268624121073691935e-01,7.456206231339385093e-01,6.856770431453650394e-01,2.466808054088506508e-01,9.534691671607121721e-01,2.285721811858014985e-01,3.197209999302243477e-01,8.397585441287362951e-01,7.303957423080892353e-01,6.056816623288558965e-01,9.686584418175420153e-01,8.225383650008144532e-01,6.297251407058453987e-01,8.715074984669026747e-01,5.147608299863514203e-01,6.913864130488388549e-01,9.563900282449402379e-01,9.319063365693280865e-01,6.316244036102487414e-01,4.403839650398014838e-01,7.903672903944328754e-01,5.278013488327543135e-01,4.751238777781569000e-01,3.025122915811381819e-01,8.425083440156527770e-01,6.664581168600191008e-01,3.516337513943406101e-01,2.917506412392940063e-01,7.696408603930344761e-01,7.589738024597900701e-01,7.234883092801120963e-01,5.633089494476063441e-01,6.402034170487379550e-01,7.496213009641343739e-01,7.062083864743154971e-01,5.612084583686419714e-01,1.987381395715409338e-01,4.825394041542171997e-01,6.304538514182561615e-01,8.883277168542357272e-01,2.208921605348244388e-01,6.427143431871062962e-01,7.807393677048550806e-01,9.673594229280004786e-01,2.912564439538346539e-01,3.340858689389275549e-01,6.554751909744308547e-01
1.156804065404843929e-01,6.890057241962745938e-01,8.258721769499882681e-01,4.860714390624031878e-01,4.005371983623299825e-01,6.547902002409192734e-01,9.844784404862538807e-01,6.776149044410978428e-01,8.075908553291770708e-01,9.246107953059762297e-01,0.000000000000000000e+00,8.997893759558426297e-01,6.450562854518294698e-01,4.655358660977561014e-01,7.188400204542200189e-01,4.270445325728630670e-01,8.996081550870002053e-01,8.257074149193611712e-01,8.215030593863056341e-01,9.759582233227568349e-01,8.192393854755158911e-01,5.568964051392582409e-02,8.107109919826407385e-01,9.813080702904339869e-01,4.115275311032375316e-01,9.295676997921196172e-01,7.793775847226148690e-01,1.167747153078317057e-01,7.846599653730788049e-01,7.979868072673825807e-01,2.217798301871391764e-01,5.475624274775020561e-01,6.106369586880204814e-01,5.771319376415759983e-01,7.617801168698090652e-01,2.129653814288158531e-01,-1.948158129648731307e-01,2.831130591293147813e-01,6.765399744796208870e-01,6.801996152041929200e-01,3.947167073153411421e-01,6.975951782460988460e-01,8.642875902723419212e-01,2.089948525745313757e-01,8.107235829086532064e-01,7.612039439211716330e-01,9.769985024268377227e-01,6.251465528677844219e-01,7.956463474285226933e-01,7.267879360133381317e-01,3.692787856941455171e-01,6.736291290452806058e-01,7.655478284771694009e-01,6.949311366670926082e-01,7.730174534835864142e-01,9.039666318217652874e-01,5.563189669385997238e-01,6.437400211723033339e-01,9.851618765971680292e-01,4.576749716543221380e-01,4.225562574641257840e-01,7.625100256844548063e-01,9.673974918404379952e-01,9.986955208619667790e-01,4.777986922234873646e-01,7.453390736789288207e-01,9.809252934991208317e-01,2.414621820498504823e-01,6.576364149379544388e-01,6.171729730938946279e-01,9.047902667915082020e-01,6.498261988336480055e-01,3.651216093085787318e-01,3.809704141308390968e-01,6.792235107108156589e-01,6.699233480954893682e-01,8.126102723985800802e-01,4.187133499396024083e-01,8.670023689576943360e-01,2.058979003929772011e-01,4.912095191343519573e-01,9.808699925746777737e-01,7.889047488455926960e-01,3.318339787264606988e-01,4.329966805049537681e-01
8.769926150280705768e-01,6.087095512964409982e-01,6.598526661901267243e-01,8.618471722932948831e-01,9.176351591233080640e-01,7.219177944104040456e-01,6.209259217258858987e-01,7.876692991468767779e-01,6.415164575260710045e-01,6.653093587184502056e-01,8.997893759558426297e-01,0.000000000000000000e+00,9.057390010790810075e-01,6.125291353795938587e-01,7.520017515120004381e-01,4.441053138989876636e-01,7.690681809171542316e-01,7.019113181716957195e-01,5.264593326827495812e-01,9.753882964332791783e-01,8.112373060295766658e-01,2.563710047153331950e-01,6.211318087096723284e-01,6.939030751642933925e-01,7.159807570224423490e-01,2.471251471751469975e-01,8.129091603382183617e-01,6.869799975574395479e-01,5.177826481366413214e-01,6.858111625121678934e-01,1.967380180287521541e-02,5.408834825207629038e-01,4.888410907408072825e-01,6.734553096180853071e-01,5.150469423283070558e-01,6.826857142524231925e-01,2.684389901188459215e-01,5.466727668069286672e-01,7.467502282709908012e-01,8.050436084343958187e-01,3.303046348381959429e-01,4.216560138871894292e-01,8.397844547734125698e-01,2.603552572444354229e-01,8.835325672987447421e-01,8.733770829180960149e-01,7.945400998159286576e-01,8.264359426596054048e-01,4.371683486938493512e-01,5.001306441861353980e-01,8.567784880316716700e-01,6.061959378091441586e-01,8.743143142912304100e-01,8.052807624733343550e-01,9.592343068033267750e-01,5.818042207757135875e-01,7.199341271444890111e-01,7.836897227123060805e-01,4.017125475765065956e-01,6.874056105276904471e-01,6.751375670546125862e-01,9.887636641236310364e-01,7.118706495985344107e-01,7.543231835893967618e-01,4.690453596677056636e-01,7.150021153336472146e-01,8.901648058601381308e-01,9.423104733829659185e-01,5.114073787378838887e-01,7.867283369758548695e-01,8.579145860391084177e-01,7.764265134745265140e-01,4.525317301158510719e-01,4.960572016238647408e-01,5.470525817541094238e-01,9.440894083624116195e-01,9.693059399100472096e-01,-1.062922352201400855e-03,4.528106899106719707e-01,2.030489731646046292e-01,5.166944727058335740e-01,3.549637759949016147e-02,4.976284978797295144e-01,2.782930973338160197e-01,8.822086620461377926e-01
5.149670772539292063e-01,9.292069080497276090e-01,9.852965512019552508e-01,6.842718400107040688e-01,6.027499894825880666e-01,5.595342270282470665e-01,1.595784482370895541e-01,7.509755637370630899e-01,8.798111303622025980e-01,2.574606377996721540e-01,6.450562854518294698e-01,9.057390010790810075e-01,0.000000000000000000e+00,6.775686299825411929e-01,8.362551500057414655e-01,4.891863291353686916e-01,9.844278381097331110e-01,7.573125078895441842e-01,6.613120977193374106e-01,8.438032840821003688e-01,7.297969091182537893e-01,9.593850215020447436e-01,8.908130979722601595e-01,8.550109553360405457e-01,6.719525664597463255e-01,6.684412505967136653e-01,5.285485492330870283e-01,2.976622705778177447e-01,4.877181734780667854e-01,5.929814795377202907e-01,4.209866534664338245e-01,7.023684343288080223e-01,7.978482650015971123e-01,2.238043548513304892e-01,9.550339325792913669e-01,4.765057033579640500e-01,5.915689170080848935e-01,6.420300403364366248e-01,9.141066778651980584e-01,6.855414801747381492e-01,8.427801759304974771e-01,7.786915384731125656e-01,6.018949738779993952e-01,3.786347770086159747e-01,7.030682506454698499e-01,8.848998842752638927e-01,6.477493437798876874e-01,9.189249783242868785e-01,7.542204066853765987e-01,9.479144396226959479e-01,4.352462809080341888e-01,9.872037699569508051e-01,4.891412933834351495e-01,7.548063490881302684e-01,6.131192951302646410e-01,2.928935624301822194e-01,4.660945669029850635e-01,7.518023179740901396e-01,6.309865075907324927e-01,5.543706769427064751e-01,7.057104019905082737e-01,9.719243454653208047e-01,3.384535581552799988e-01,3.084016145282185151e-01,7.024398856962930093e-01,5.423955654576156915e-01,7.910700993707338036e-01,8.526407519755638820e-01,8.772626378410406378e-01,9.876461614012128631e-01,8.586145133471796420e-01,8.550909117915599378e-01,4.934643507419265718e-01,7.635340669992500828e-01,6.699317741151210592e-01,8.597124572696388523e-01,4.256973235150883772e-01,9.240023534402980188e-01,3.696361012034522497e-01,5.157489303365894173e-01,4.640911775313931731e-01,9.388922647460589133e-01,7.521767752159873588e-01,2.450314459406428558e-01,6.342691202536678841e-01
8.757285773843087595e-01,7.889939890312271942e-01,3.461735975866971349e-01,7.098890457925325359e-01,7.541903695429051924e-01,7.995939369923017459e-01,2.290383042846846351e-01,7.645737004058675845e-01,6.383540728013861187e-01,9.011498617024186197e-01,4.655358660977561014e-01,6.125291353795938587e-01,6.775686299825411929e-01,0.000000000000000000e+00,8.595439098919788190e-01,6.106746818834686286e-01,7.970510207327414776e-01,7.502375526162590180e-01,9.664424150827486404e-01,6.796782279319151243e-01,6.091136819540988734e-01,9.478942511789510972e-01,6.901479964960599567e-01,6.750997256133298707e-01,3.832242470788136401e-01,8.410255697956696697e-01,7.718871272812506679e-02,8.616332628206732069e-01,6.102622823454185719e-01,7.649004783185365808e-01,7.028132176918772123e-01,1.576023184855410708e-01,8.557467227067413473e-01,4.270477647978309088e-01,5.350052516531750291e-01,6.956489930810489941e-01,2.785931125710199296e-01,9.005647038287655226e-01,6.309803345006721464e-01,7.252411501045067377e-01,4.040954236308330616e-01,7.965461464157782556e-01,7.651579907496660615e-01,7.178689800100358509e-01,6.832064473379624303e-01,9.454251333740100183e-01,7.994370087886218945e-01,5.810695307718868330e-01,9.342236497766713832e-01,9.241220499681902512e-01,4.413673143710027946e-01,7.179968568566765796e-01,8.338661955615277455e-01,5.710289982813222531e-01,9.926864066385467922e-01,9.177533274292797305e-01,4.756110171998751412e-01,5.770596451512794989e-01,6.215664338012020229e-01,4.035722775938690998e-01,3.907787860367434307e-01,6.172479086830263695e-01,3.298265554260899068e-01,3.312507607176281010e-01,7.469201855471249152e-01,5.900914002337040998e-01,8.325295969158663656e-01,8.702359763855143093e-01,6.782809470679113106e-01,9.052724409543130291e-01,6.477748405530994180e-01,4.444928920283638396e-01,2.977754514074268388e-01,9.339818078657695644e-01,4.236708876546225189e-01,6.811298649494963442e-01,6.013461803982455001e-01,7.756590178977593730e-01,5.242283042540297755e-01,4.920922090866906573e-01,8.327124144899319402e-01,7.396995630623955931e-01,2.720237226785160445e-01,4.848297024521206477e-01,9.585832017710662623e-01
2.476743030059439521e-01,5.050573821500800031e-01,6.101676207021387022e-01,8.205723256448090863e-01,7.443247457102496467e-01,4.777761902264439642e-01,7.002827206240944680e-01,4.892845328221447354e-01,7.014153302511096921e-01,7.044272817236599815e-01,7.188400204542200189e-01,7.520017515120004381e-01,8.362551500057414655e-01,8.595439098919788190e-01,0.000000000000000000e+00,7.904743902836126601e-01,9.500085556188249125e-01,2.502173699844253973e-01,6.211698693679711392e-01,8.486572889785126694e-01,6.555849217441538368e-01,4.418441227320506481e-01,6.218928142998633168e-01,8.753660319199418893e-01,6.605241289200753929e-01,3.772659791582346767e-01,8.072616591627964633e-01,6.716296556224539138e-01,5.961683923041635191e-01,-3.595280607005171269e-01,3.088961171432533792e-01,4.576768892222960461e-01,9.876956338311886352e-01,4.026625422971958912e-01,3.991225230605396357e-01,3.814346305431993711e-01,7.472939864713188385e-01,1.924884813624455071e-01,5.129166523828334601e-01,7.644150321421656624e-01,5.780657679150014161e-01,9.121267227391525179e-01,8.930506496124962501e-01,7.634595042687161159e-01,9.720212797485615619e-01,6.099634713723444124e-01,9.550137487031870043e-01,7.809078851303877244e-02,7.929594684871230648e-01,4.372144252249970386e-01,9.542833086214035365e-01,7.744601291370397655e-01,8.090510653891385129e-01,9.200770298612764853e-01,8.204810928872637854e-01,6.039879465286174254e-01,6.413016594599392217e-01,9.896386871848310562e-01,9.512012916616551239e-01,6.760597351791695075e-01,5.048436579475236163e-01,2.639226784952614091e-01,7.761306557164946440e-01,6.178932126431386784e-01,8.059459592975214415e-01,7.002616539158117437e-01,6.600067904250319639e-01,9.227378706480789949e-01,6.463494357753114539e-01,3.993676613865296265e-01,7.656800565488859345e-01,2.985253958045602229e-01,7.228275759862992089e-01,5.049559258942971640e-01,9.282018153448415854e-01,4.842656663360284108e-01,7.571940425273935293e-01,6.446735622146055888e-01,7.117030977363926203e-01,1.979846283068984608e-02,5.703051265366323452e-01,6.939311322625575373e-01,6.660753657205343847e-01,9.779987865757722165e-01,6.649497754148978590e-01
7.154189473831447099e-01,8.903539661238601965e-01,9.317675482265060927e-01,8.855279712437578166e-01,5.368093154693663882e-01,7.639698681329956109e-01,4.884352584911443307e-01,4.196626187195907076e-01,7.522646280407822017e-01,2.622057021304506352e-01,4.270445325728630670e-01,4.441053138989876636e-01,4.891863291353686916e-01,6.106746818834686286e-01,7.904743902836126601e-01,0.000000000000000000e+00,4.377905558846988399e-01,6.598580821531435658e-01,8.889316440524623886e-01,6.589734836044242039e-01,5.919542488370805877e-01,5.219554125905765396e-01,3.796551119261373231e-01,8.976548409057495403e-01,7.171192036315922058e-01,4.236232847979959359e-01,7.018600336810875140e-01,4.667705329150308446e-01,1.226666886848270521e-01,6.615682353359105816e-01,6.796083723658633557e-01,4.096017222704612104e-01,7.199095132555335397e-01,2.654830291684832089e-01,9.954446268063000813e-01,7.720988518688955971e-01,3.357093342015227133e-01,4.984989860806407491e-01,9.578838266760323350e-01,7.820286055593596020e-01,6.590214012226262019e-01,4.076835068374752846e-01,7.986862456097953977e-01,5.541549859770056319e-01,8.657939095784976669e-01,8.566330877823730150e-01,6.669021605587027723e-01,-2.339539032815880493e-01,4.165277255199725248e-01,6.514071113502426513e-01,9.197700617292380310e-01,5.555988776102354088e-01,7.648342484320551637e-01,9.719857226981059029e-01,9.621666276078408853e-01,2.900060573274606535e-01,5.514986331012764476e-01,6.136405310656267709e-01,7.714647492781243621e-01,8.696164657386695751e-01,7.940527387923093094e-01,7.547642288121445553e-01,2.261586290116278930e-01,9.795672840824093397e-01,8.792522782167060402e-01,7.947688614831686094e-01,7.496401189654000596e-01,6.274596972369143044e-01,3.256749486600318821e-01,7.119689617585365227e-01,9.737562871028154765e-01,4.837620147753621258e-01,5.051159641516020926e-01,5.300025458008750245e-01,7.145655570916651378e-01,5.304961891619762726e-01,8.554930560553226648e-01,7.175045266406386846e-01,2.507631424987920576e-01,4.663042460491623187e-01,5.143259591102110617e-01,1.324832492445732202e-01,8.877961335029910250e-01,5.424843898367875950e-01,4.776209533344781266e-01
7.054859152559533886e-01,6.020870602302048624e-01,8.599165611157869593e-01,7.304660995492893161e-01,7.638481556885092782e-01,2.057616422392087308e-01,5.859418490014214331e-01,9.382077757983071642e-01,8.650111541547920169e-01,9.669253529283408088e-01,8.996081550870002053e-01,7.690681809171542316e-01,9.844278381097331110e-01,7.970510207327414776e-01,9.500085556188249125e-01,4.377905558846988399e-01,0.000000000000000000e+00,8.163588469881382093e-01,9.873236247791539189e-01,7.308176887043145165e-01,6.236267583045128626e-01,6.961632561921393680e-01,5.886887083663054909e-01,6.218757451176165629e-01,2.686446796722811725e-01,8.336662929518664500e-01,7.935210655208058128e-01,9.209729427268444901e-01,5.343754062096889301e-01,7.283600615771567144e-01,1.945005699909863051e-01,9.087718527553908521e-01,6.089286272647607134e-01,5.998958034219945556e-01,8.876456737035999245e-01,5.919598398676700901e-01,5.861215966412697265e-01,5.416861043771238338e-01,8.462296853260542484e-01,7.950292297741911041e-01,3.881016417491717219e-01,7.088928894116867108e-01,8.455989913923273038e-01,8.997521157067268627e-01,6.990474457645081685e-01,7.449809127945470344e-01,7.392004872011757044e-01,7.138974624934977253e-01,6.719476592032501694e-01,4.195890809518634801e-01,7.900667648180987879e-01,9.135468675377667047e-01,3.124279568157999343e-01,7.396857401215437555e-01,8.742198029750877231e-01,6.755802816212717055e-01,8.365634045788793438e-01,6.430643114066866284e-01,8.192589021426329721e-01,3.986119031999943996e-01,4.734198022953294838e-01,9.681884785488173994e-01,9.935460290725952603e-01,6.472194883270783183e-01,5.554900482136111428e-01,5.104782533656222476e-01,7.318366296441594088e-01,6.780759532001662260e-01,-7.398183469487673580e-03,9.876913983775630346e-01,6.525067731011817695e-01,4.106046364359602907e-01,6.885186845850234105e-01,5.681815924661547390e-01,8.334759986850880376e-01,8.418310737702774382e-01,4.850600030823398745e-01,8.815695238348791873e-01,5.407879968747927313e-01,9.038169940963330928e-02,9.921809424899480367e-01,8.178727187091451301e-01,8.128662874221946888e-01,3.419810242099866060e-01,8.952354500690959949e-01
8.322254908090801484e-01,7.971836023792361337e-01,9.052194650355743777e-01,8.990073222819169318e-01,6.529809311637341240e-01,7.014203959396413390e-01,8.147936712710992513e-01,5.955364268164309305e-01,8.854409904067693793e-01,7.112854650373742205e-01,8.257074149193611712e-01,7.019113181716957195e-01,7.573125078895441842e-01,7.502375526162590180e-01,2.502173699844253973e-01,6.598580821531435658e-01,8.163588469881382093e-01,0.000000000000000000e+00,6.748672426187092288e-01,4.496123567033953883e-01,5.777609775937261327e-01,9.860315180626546550e-01,6.540176157391441869e-01,9.612847733080744916e-01,6.877097024560061556e-01,7.765345724603957001e-01,9.584871280540999683e-01,5.172539753546212538e-01,4.553881128245916288e-01,5.124311382928773417e-01,6.399360682818548973e-01,4.435841506087065955e-01,4.093381437770351461e-01,8.284229605259932905e-01,7.740510149238417625e-01,7.729018805659100266e-01,6.995576402755010470e-01,8.279018498942507520e-01,2.410032638915037273e-01,9.178509594858320630e-01,5.607017333159250994e-01,5.819407357277237569e-01,9.067213296358132002e-01,5.868289903611673131e-01,8.069432674465727429e-01,6.613344768760588410e-01,8.067367269166862975e-01,9.864226604898083117e-01,7.231181294016210126e-01,6.785343657642006754e-01,5.832716493947724956e-01,7.129281714872810483e-01,9.816314837687000194e-01,6.881615446119221380e-01,6.396358478260092406e-01,6.663466905474797475e-01,6.554437463428498534e-01,8.685783051556569268e-01,9.665142211388580984e-01,3.185334292151924540e-01,8.822903827890624662e-01,1.194028595204180698e-01,7.597229730964421002e-01,9.441878665741537668e-01,2.726538215627218320e-01,3.736893434381419188e-01,4.732486866349474575e-01,8.431708106792281665e-01,6.342174331963136291e-01,7.587764167985890928e-01,8.425615561240904494e-01,3.572354286359390452e-01,4.727002954304206916e-01,6.377173220155502031e-01,7.942806583592743053e-01,-3.583371978604368846e-02,6.964459971812392292e-01,2.930716590944594246e-01,7.423782900660920170e-01,3.718275846468915846e-01,7.220898658406330606e-01,1.487036472689659827e-01,4.359922335061258702e-01,9.394768318811459462e-01,8.603333038373069952e-01
