0.000000000000000000e+00,9.660146849947468528e-01,9.374968212606974438e-01,9.744168234685257612e-01,5.028832016085380552e-01,8.283893144097678185e-01,6.409450785892004676e-01,3.838275478910846417e-01,1.969945569751280490e-01,8.488333582243858810e-01,5.201883685977115590e-01,9.172664429513259776e-01,7.827409050751815700e-01,6.388410552107806062e-01,3.171343481957521471e-01,8.567540558625018621e-01,4.962579487060680417e-01,6.031600431107940752e-01,8.132237298987566865e-01,9.065713692107677524e-01,7.862640683198470759e-01,8.788338186139519337e-01,8.101723489974796966e-01,2.285798737207764275e-01,3.527029988710904673e-01,8.187265671005764522e-01,4.646080617915075983e-01,8.178539485017721766e-01,6.762133696223543433e-01,8.200778695274918428e-02,5.616575422798879558e-01,2.848254202687251491e-01,8.774611343207917580e-01,8.575159612832393696e-01,6.075424087749876634e-01,7.012142473540624588e-01,2.766138062442093926e-01,6.253342551547976802e-01,7.443681147098484274e-01,9.272750037002602808e-01,4.915171415853423209e-01,6.287149015252495587e-01,8.688047799436851015e-01,9.818372711489113946e-01,6.087972252950144547e-01,8.465024256529567470e-01,8.725436933012200580e-01,9.606943847681447268e-01,4.819825140663298590e-01,6.339354581638637631e-01,2.869146993581938587e-01,8.119677206995111751e-01,8.020708357674872779e-01,3.947212698864983604e-01,8.141439206000881113e-01,3.233419638880711822e-01,9.182155707456304272e-01,9.814541339099583928e-01,7.086081207705866580e-01,7.990843019771367572e-01,3.481720889841261046e-01,4.556883928578632226e-01,7.023313449164075850e-01,9.264967455456767365e-01,8.913343024280226956e-01,7.643591670348280909e-01,7.593864604736501045e-01,8.790828770671614834e-01,5.045359361359097461e-01,9.929672711052643930e-01,9.776397944800818696e-01,8.388466271042310796e-01,5.911367043333961568e-01,4.092627961444177398e-01,6.578811238201597300e-01,9.771408016178584344e-01,9.143474196459617787e-01,9.114736270614007818e-01,7.302988307424525261e-02,-8.819381967367423414e-02,4.957996608210006317e-01,9.401687627984978146e-01,7.065253176868429019e-01,5.195331166230593434e-01,8.601096158040917317e-01
9.660146849947468528e-01,0.000000000000000000e+00,7.569593096838407309e-01,5.391865662043296981e-01,6.046414144412327607e-01,8.729592340341545409e-01,3.688018207947306726e-01,9.465834007924243121e-01,7.166201433340114724e-01,4.680267976475993574e-01,7.952669993178915764e-01,3.419294136394349648e-01,7.009469926256720607e-01,7.728664454614558865e-01,4.253312443505150031e-01,6.979616884499258989e-01,3.201537778950187541e-01,6.652460988683941423e-01,-1.471609476387551463e-01,4.326988863204400682e-01,9.169923083204677416e-01,5.108802424424951916e-01,9.496327903209322852e-01,6.078199311042997710e-01,4.166929506401234606e-01,5.738887275165572843e-01,8.639848764201287779e-01,9.180879567765621863e-01,1.169615200838297064e-01,7.541953331031746310e-02,-1.864354634518418097e-01,4.957728145935049180e-01,4.846219102132126588e-01,2.593137533053351818e-01,2.185180784309914137e-01,6.891033684503787837e-01,6.534383484779522633e-02,3.881629821902305988e-01,9.724907941366699449e-01,8.660387594732228411e-01,5.277918204273023273e-01,6.531598273252043896e-01,9.657687340064422532e-01,6.069258893757458750e-01,7.023316231605972737e-01,7.430234872228514975e-01,6.748846349017798563e-01,6.611050111066711921e-01,6.974662291381213963e-01,7.942054021854014767e-01,4.880377273118799430e-01,7.969475951384334955e-01,5.357539898609440243e-01,7.366463598174997074e-01,8.259307624257691272e-01,6.112329891051500041e-01,7.444530623435452465e-01,8.737392923964696356e-01,6.967246840591457824e-01,4.621508742544538917e-01,8.249566489991206897e-01,7.975199615590626845e-01,6.244016132450231904e-01,9.416800830583357262e-01,6.691055120487864327e-01,9.617149895433595441e-01,7.629099485086774379e-01,7.033229148058380842e-01,9.395719417966313936e-01,9.484290952641791783e-01,4.730342954916306741e-01,4.156744473374114901e-01,4.529291843424319008e-01,3.797695504874037953e-01,5.706096509618993062e-01,9.329648785527746568e-01,7.994738916964307940e-01,7.094668032946811476e-01,7.465095402169310557e-01,3.295320745191625544e-01,8.955669477426033698e-01,7.874295923093856953e-01,6.706708619159829077e-01,4.700355337803287514e-01,7.672420522573959456e-01
9.374968212606974438e-01,7.569593096838407309e-01,0.000000000000000000e+00,9.018910340858089514e-01,8.711102771631518138e-01,9.011518560383092735e-01,5.530536646153207947e-01,8.417770467026947090e-01,7.491885093883101643e-01,4.217784375510956751e-01,6.047055668542994367e-01,9.965503370520475412e-01,6.664898242718371169e-01,6.634965813650335331e-01,4.301073865171031740e-01,6.709885044484634742e-01,7.766868912543893888e-01,8.479795658373449063e-01,8.236402170572628689e-01,9.001254949008429262e-01,7.966086918286972018e-01,4.818028683906502296e-01,9.484047805564265188e-01,7.781478932917013092e-01,9.773668250291330795e-01,9.207989554729351100e-01,8.790568636101823152e-01,9.079105474877281479e-01,4.767332269209602069e-01,5.211453802500619625e-01,2.385083923558303509e-01,9.022692913253641533e-01,7.288834304248252849e-01,4.472936197781028911e-01,8.568407887976400295e-01,3.481391682166914414e-01,6.164545202486162445e-01,9.765127886013925673e-01,6.139324128576982842e-01,8.457380122138059564e-01,9.939783031562610116e-01,8.668318412500595205e-01,8.308092063821616025e-01,7.460520828788734793e-01,8.900684145148847204e-01,8.535330856136390532e-01,5.180782722714437627e-01,8.818364349401193181e-01,9.052136104795533988e-01,-4.963931957525452576e-03,8.051131340045538654e-01,4.011302614795164700e-01,9.331185107854271799e-01,8.347249576429105478e-01,8.949125075718535882e-01,8.472581509749278483e-01,7.664765936362193388e-01,9.919741238266035488e-01,5.606317679111660901e-01,5.871998866472573075e-01,2.672532127676180980e-01,8.224197768605920889e-01,7.513013180280443404e-01,9.383269671994662886e-01,8.909103371652686842e-01,9.985529291360926152e-01,7.650797913934427319e-01,4.664034234422307912e-01,4.016437765324878395e-01,2.215545696023251687e-01,6.810385877763200924e-01,8.406804491738160134e-01,6.590619586265467067e-01,2.500469878868343820e-01,8.162551039216618953e-01,4.917941212380474436e-01,8.689218556074829181e-01,9.564131192486223787e-01,1.988396959636337391e-01,4.332711971464401346e-01,6.221257120614253067e-01,8.795053511396732082e-01,7.853606900467764440e-01,9.443196063766088333e-01,8.695216459617649551e-01
9.744168234685257612e-01,5.391865662043296981e-01,9.018910340858089514e-01,0.000000000000000000e+00,8.258095477499126646e-01,9.179088504664486559e-01,2.325317779303768539e-01,8.621470550243762743e-01,7.213943147582775328e-01,7.460972487806599718e-01,7.981298689042032324e-01,4.534472130194031614e-01,7.022103641429512377e-01,9.983491972773099743e-01,9.761304826058664341e-01,5.693685096952203484e-01,2.232012936608649967e-01,9.053182517851289246e-01,8.631872378505951460e-01,7.728139154338893313e-01,7.637723132668793324e-01,9.131422000111528714e-01,6.019956091275964205e-01,8.930250871355414066e-01,7.796191593668653219e-01,2.455434826287878347e-01,7.891834426733598251e-01,9.368592301042498738e-01,6.000987147313883163e-01,4.857399098964553241e-01,5.590316272571160816e-01,7.461763004571804192e-01,8.469546419217716116e-01,5.029949027814611950e-01,6.378522902339716083e-01,2.545906574132209554e-01,5.670410875444078513e-01,3.116555855965582600e-01,6.870034661009357668e-01,7.215758614865540599e-01,5.321084778917228864e-01,7.784398952841157238e-01,-5.824226728095205363e-02,9.191946366616046138e-01,8.637911526665174033e-01,7.080334270706287736e-01,9.608420707582445708e-01,5.486795418300067784e-01,9.970878166498400308e-01,4.193665613399799041e-01,1.650745440080282067e-01,7.621873678354511572e-01,7.425389794262093890e-01,7.257292996225184201e-01,8.428757373580768597e-01,8.861113049945116282e-01,4.522486815435788343e-01,8.299622509918114233e-01,9.520675023429099326e-01,4.002973530431954696e-01,6.058048578339741974e-01,8.254363798213817383e-01,6.342926398213335482e-01,8.975397310253544481e-01,2.366475858738586735e-01,3.211429664393149475e-01,8.988817298482457696e-01,8.011228528592068132e-01,6.879566950389987001e-01,8.547042431789249051e-01,5.370136572285169052e-01,-2.278079567363051616e-01,5.863879968228025152e-01,2.263250115098973947e-01,3.674828594299058837e-01,7.808342993895664996e-01,7.104068221059217647e-01,4.614922741501056858e-01,1.393928224021940832e-01,1.500651280134658594e-01,6.176505044935041155e-01,6.022833746125125787e-01,4.318185071479380133e-01,9.232712889492942221e-01,5.899265691623014618e-01
5.028832016085380552e-01,6.046414144412327607e-01,8.711102771631518138e-01,8.258095477499126646e-01,0.000000000000000000e+00,6.741577312432424085e-01,4.115556331006708368e-01,8.497538649549292167e-01,8.853592692081936333e-01,4.383926740097251473e-01,9.903611199114279451e-01,8.906055207659115958e-01,3.349329109917895675e-01,7.548732664657562541e-01,9.959952468286177307e-01,8.892243876561124472e-01,8.523549805923351652e-01,9.292228452576551945e-01,7.986988368006038286e-01,7.466578975290185660e-01,4.561162226214348636e-01,4.796631331473150683e-01,6.585738746932396914e-01,4.083402446290683163e-01,5.823008772192563853e-01,7.862685007414484950e-01,9.898356774721746021e-01,9.523469519511730264e-01,5.325451994635942432e-01,2.810312646815540383e-01,3.961362082523251504e-01,8.286204689040024274e-01,9.112545659371455997e-01,7.312893638385639106e-01,2.069936039891343560e-01,4.369563429572265734e-01,1.897431679636651936e-01,8.072994607859201865e-01,9.888150110543287852e-01,6.038062650856360625e-01,2.697670267533877619e-01,8.092300063993275172e-01,5.502637726236192517e-01,2.947550504731031862e-01,5.725619899147839087e-01,8.912537306847393426e-01,8.113140788853819840e-01,6.740142477963496637e-01,4.567783560968896039e-01,2.987891061532185200e-01,8.828855003116284905e-01,6.808445660440918257e-01,8.205117178351652996e-01,9.130651185532856484e-01,7.524242064740763736e-01,8.262746789094965738e-01,9.485622024442056377e-01,7.296276619285877452e-01,8.754785687125793414e-01,8.517358072133155433e-01,5.260174020653336502e-01,7.473213156094051790e-01,6.884700050389507275e-01,7.889351890727888117e-01,-2.506683127239838216e-01,9.931580196562320717e-01,8.272484901740388974e-01,6.355152814691324981e-01,7.452543212403184292e-01,7.352161854182872602e-01,6.871000375793988590e-01,6.217028528444181745e-01,6.556214481698298124e-01,6.017852604574490671e-01,4.202654149878299328e-01,8.587739698429618374e-01,8.119406538015706554e-01,6.813983072940523744e-01,7.288084042833599119e-01,6.146611423085689418e-01,7.942372377822115581e-01,7.262092319238465654e-01,5.786481396705279723e-01,3.112980613129675000e-01,9.064906396824143897e-01
8.283893144097678185e-01,8.729592340341545409e-01,9.011518560383092735e-01,9.179088504664486559e-01,6.741577312432424085e-01,0.000000000000000000e+00,4.296665126980416249e-01,3.104328993973159423e-01,2.307595265402906659e-01,8.064143761248542264e-01,9.172457540352516592e-01,7.766431578556427517e-01,8.899721764537046331e-01,9.074652766582886887e-01,4.355446119266990213e-01,7.906742968348570155e-01,6.107150778532229873e-01,6.846718468298547133e-01,4.554342939214908736e-02,6.083859726360867359e-01,8.150604541084627286e-01,3.379032391842259897e-01,9.531442371123115542e-01,9.040221558615639807e-01,6.895576911007103016e-01,7.552794711511501280e-01,6.979515500544627438e-01,2.973897623262949930e-01,5.106711018164860061e-01,6.265264208601444285e-01,5.554860027877528417e-01,7.893339249309575534e-01,6.940490492273450052e-01,8.958079801682958809e-01,6.771470666954043649e-01,2.369125200699203349e-01,4.846987125516796779e-01,7.697495053526471898e-01,8.189115782669019739e-01,6.159396027170901400e-01,2.123289424675210424e-01,4.739122038423821959e-01,5.766575856136756384e-01,2.197885511229923650e-01,9.496042481875291985e-01,8.479429004087857269e-01,8.034533775953485168e-01,6.152011695717245487e-01,8.729275943022012374e-01,3.416037080465917919e-01,6.755271514345810857e-01,6.851243604582343272e-01,6.397547816385009689e-01,1.656848978570232278e-01,8.706131513901962382e-01,7.177558500360218252e-01,7.478688530314853145e-01,2.242436543661852910e-01,8.918846263952068254e-01,5.142727049224794511e-01,3.488346131041538678e-01,5.163606124058269797e-01,3.356585348805619651e-01,4.475175037396896816e-01,7.069101035369838026e-01,9.369167519881035355e-01,5.615801752349310894e-01,9.856990395354923162e-01,9.955662838764400835e-01,5.826846331235395748e-01,6.842756349192443688e-01,3.947879016965820109e-01,-6.431250329844587221e-02,2.766727168009051052e-01,7.055385489360839202e-01,7.051229539383442324e-01,8.930140085297544328e-01,6.153684714049576510e-01,3.488726822090008062e-01,5.177119079423173620e-01,2.091516397886150624e-01,8.256250354146394965e-01,7.764041099067816587e-01,5.326978518128721030e-01,2.675906295260947476e-01
6.409450785892004676e-01,3.688018207947306726e-01,5.530536646153207947e-01,2.325317779303768539e-01,4.115556331006708368e-01,4.296665126980416249e-01,0.000000000000000000e+00,2.683389036465445021e-01,4.451547635214228582e-01,7.322457079540560798e-01,7.706197004506656345e-01,8.903531306456915484e-01,7.140280498542374010e-01,7.103410629227464579e-01,4.530827111128922224e-01,6.220898875380099780e-01,6.955264831577523399e-01,7.622235539930948267e-01,5.949765121730758999e-01,6.253298999897672905e-01,5.837638193555739763e-01,6.911206670908526251e-01,2.184739136713599594e-01,8.724675085451960577e-01,3.142952964394313820e-01,4.590226795778113988e-01,4.956393853465474453e-01,3.523695595575161987e-01,5.802113912102206950e-01,3.119397023109365397e-01,2.834434490713703125e-01,5.396479413235922840e-01,2.791698128938441270e-01,4.566403254234362996e-01,7.531746227619864342e-01,4.720611618476333038e-01,3.642632997781024007e-01,4.143008620371450013e-01,9.176256597594080189e-01,5.809693528935205159e-02,3.414830634499188555e-01,2.433071690169558432e-01,9.083916239541179882e-01,6.866529310403310937e-01,8.301113029122991760e-01,7.342362889013535066e-01,6.033268887401486147e-01,2.912995064218564800e-01,7.216494504069634885e-01,6.060499392706977240e-01,6.835121014896425873e-01,8.176606485242237099e-01,6.291918503815262520e-01,6.089007531801833295e-01,6.107609035588473789e-01,2.552307459463339367e-01,6.704832848919134447e-01,4.380694418664909939e-01,7.128582162637832065e-01,4.860608686614795726e-01,4.072622308884593645e-01,4.493083116862279236e-01,6.873540096996246795e-01,5.481513224686925811e-01,9.157164807363228354e-01,7.734349658640790048e-01,5.239932602918737636e-01,8.056151245034763875e-01,9.214782233150157209e-01,7.117309756786837083e-01,5.681179820246807788e-01,7.162809010536614895e-01,3.453104431170901378e-01,4.845289722863008741e-01,4.831187366715510301e-01,2.553547660033893552e-01,3.941900241227267454e-01,7.653003960861757271e-01,4.574125107698370774e-01,5.001661975075567534e-01,3.727707548214845845e-01,6.477546089355229464e-01,6.955816228450395489e-01,6.838014689218349096e-01,5.913310375016843645e-01
3.838275478910846417e-01,9.465834007924243121e-01,8.417770467026947090e-01,8.621470550243762743e-01,8.497538649549292167e-01,3.104328993973159423e-01,2.683389036465445021e-01,0.000000000000000000e+00,6.070831366164014531e-01,2.378973240681365731e-01,7.753938573301051296e-01,8.190965498737003969e-01,4.517135036602564213e-01,5.531468234217112867e-01,5.755932416629667703e-01,8.318985182789826460e-01,6.248251733517723450e-01,7.783563769821394418e-01,5.053635413659280928e-01,9.123141830357394122e-01,8.872081723222751126e-01,3.790212161042953998e-01,7.140586693632123838e-01,6.750203765347951856e-01,5.607924817489824409e-01,6.424847733049606768e-01,2.616708040315373629e-01,6.878335141119154006e-01,3.747367814011350884e-01,5.689758788870444839e-01,8.153749448381046872e-01,8.083790591813670989e-01,4.689452053863617520e-01,6.767307783168730051e-01,7.212138770827807299e-01,1.666609545431906314e-01,6.474854715471901612e-01,1.625383911616796462e-01,8.012454786302758425e-01,6.108246078521021305e-01,1.404857143199065017e-01,2.449040059250827128e-01,9.500852525405170113e-01,5.627619616776150524e-01,5.523082873358837741e-01,8.583261612788455341e-01,2.289998692463119656e-01,8.919333471404963243e-01,7.363024166038451002e-01,9.143336821674794557e-01,5.521151130258266093e-01,4.058790971379099832e-01,8.366562285576013558e-01,6.271135028829384339e-01,9.939428123801521409e-01,4.093909790005709204e-01,2.926693214580192159e-01,9.852324199403095228e-01,8.775446040398208192e-01,7.928358303966704934e-01,4.140014942921451668e-01,6.530127963019838333e-01,8.392792443649635947e-01,9.792147649380040786e-01,8.728191444378349262e-01,4.423899209415565470e-01,7.239935262634857871e-01,7.484826027312163621e-01,6.235773985776008610e-01,8.522571335786964797e-01,5.769653564799501755e-01,6.959014645499939089e-01,5.250531991525466680e-01,6.643603437879868068e-01,2.660171752908925269e-01,7.663446107013700548e-01,3.836471402915951900e-01,6.418015078046843680e-01,3.393672510785599727e-01,7.854989164864803475e-02,6.158186957402558281e-01,6.139744996896966400e-01,9.136227898780232559e-01,7.859437907353334918e-01,7.166077268724320160e-01
1.969945569751280490e-01,7.166201433340114724e-01,7.491885093883101643e-01,7.213943147582775328e-01,8.853592692081936333e-01,2.307595265402906659e-01,4.451547635214228582e-01,6.070831366164014531e-01,0.000000000000000000e+00,4.649276792173029360e-01,6.888251414605022216e-01,9.175206472458654616e-01,4.211910118364228239e-01,6.306752949733959168e-01,8.868455033147280009e-01,9.789815999446696004e-01,8.284405368035832051e-01,7.056577426944847797e-01,9.657414966242219290e-01,9.878775305152422970e-01,7.810449356353763584e-01,4.521753393191589310e-01,2.619141584849347670e-01,7.150729865524757534e-01,8.087767908754600610e-01,9.195822552098940061e-01,6.961777567702944758e-01,7.270225799400876765e-01,6.359225205964766925e-01,6.097896074610065220e-01,7.721708247230307798e-01,4.314622158057176415e-01,5.725008563843682063e-01,6.627093650562462246e-01,8.801931787685394193e-01,7.971563811888698892e-01,3.582911145343586901e-01,6.939332813701416525e-01,6.726889495750790759e-01,5.882051473121852059e-01,9.791944781576555901e-01,4.606402251203007836e-01,4.459788294819090892e-01,5.289999995627674423e-01,9.815709872459218444e-01,9.581654826252726798e-01,6.955088238628766018e-01,9.038604020085546642e-01,5.125747483055275167e-01,8.740412193025507426e-01,-1.811460428510210663e-01,8.837169602080106046e-01,2.433051227261877059e-01,8.485733354085639446e-01,8.224962032167046910e-01,5.248597334105853385e-01,7.356742066668834346e-01,7.763638626919577845e-01,9.710367542910095517e-01,4.933105392343193341e-01,3.163116799139147894e-01,7.858701397678138356e-01,9.503809003546725975e-01,9.459978161498520111e-01,6.154544253488023475e-01,7.322859533364427520e-01,8.304993302005380107e-01,9.697766577354586248e-01,6.557339625896145829e-01,9.476479559500701200e-01,5.126895999709127905e-01,7.162318048159619366e-01,7.067403318616478636e-01,5.732753192917461327e-01,2.891700136753524997e-01,7.280847198060890202e-01,5.899259162415766422e-01,7.628829426127335667e-02,1.872466852010361005e-01,4.057964111363855375e-01,2.518202611431831772e-01,7.293139507323533888e-01,9.872284595077989167e-01,8.328079905711783734e-03,5.834762520558199883e-01
8.488333582243858810e-01,4.680267976475993574e-01,4.217784375510956751e-01,7.460972487806599718e-01,4.383926740097251473e-01,8.064143761248542264e-01,7.322457079540560798e-01,2.378973240681365731e-01,4.649276792173029360e-01,0.000000000000000000e+00,8.743311473898109920e-01,5.192359765107773528e-01,6.090918026503741034e-01,6.333882874336833613e-01,6.631735452787455021e-01,2.973920545482971467e-01,7.847042577975054112e-01,3.423389488588737262e-01,5.508728247440346504e-01,7.908895879736004275e-01,9.570219447037606741e-01,9.720925788708486559e-01,7.684954936421742877e-01,7.682910497845012454e-01,6.802114314178132615e-01,6.512901230515899531e-01,7.793994088550281196e-01,8.531113277652828675e-01,2.245677437436665314e-01,2.323215572360578240e-01,7.057867282996642400e-02,4.072185101133095619e-01,6.143718584108931458e-01,4.216783491216397617e-01,7.986218158358819874e-01,5.327908355909176663e-01,7.060528168709455377e-02,5.395842740618922440e-01,9.505178911870976188e-01,2.654614700350491630e-01,2.227154364077554294e-01,6.682445925312514579e-01,9.405588738351480238e-01,2.619216160924474623e-01,8.112751129088753288e-01,7.722571582905565224e-01,6.392064319197722222e-01,8.636874647119872073e-01,4.858520057570182016e-01,6.584850770466837977e-01,4.129128257156891579e-01,6.888668758605723808e-01,7.802505191980411148e-01,2.446533141384108490e-01,5.687158049351106470e-01,4.914833185710246743e-01,9.315198481884064963e-01,9.618366634244073232e-01,6.247131386731691327e-01,7.166783998605205097e-01,3.233070766538507224e-01,8.672683653005246462e-01,7.136509220405892195e-01,8.945220111623544135e-01,9.105910372919708839e-01,7.568775255313681116e-01,7.444508139527920010e-01,9.788175558366396523e-01,2.175676400471461547e-01,4.599453374493605029e-01,9.250401488696210484e-01,6.388896563275090479e-01,6.965275114949888158e-01,6.057692081433107001e-01,4.428424598109721999e-01,8.015963714684682939e-01,7.748530571414316004e-01,5.823735638302012241e-01,5.473518099321050823e-01,-1.958970058243733603e-01,9.378828137835815149e-01,8.840692308653171905e-01,6.960494420939006277e-01,5.808979111170502890e-02,4.248604219136811744e-01
5.201883685977115590e-01,7.952669993178915764e-01,6.047055668542994367e-01,7.981298689042032324e-01,9.903611199114279451e-01,9.172457540352516592e-01,7.706197004506656345e-01,7.753938573301051296e-01,6.888251414605022216e-01,8.743311473898109920e-01,0.000000000000000000e+00,6.577746227583245453e-01,2.183551116218153676e-01,4.109445050910328634e-01,6.521865096185482935e-01,4.279550237053433293e-01,8.706358622473315823e-01,6.477309628077463355e-01,7.839974136240479563e-01,8.987180622562211951e-01,6.436008219869786551e-01,7.704089578553170448e-01,6.695601059710982739e-01,4.480761743328289803e-01,7.046347986205206970e-01,7.213788536499257109e-01,5.476785858651416206e-01,8.054296158672573647e-01,5.070881191142819766e-01,4.788039003027533269e-01,3.168306318891161988e-01,5.979186923666693909e-01,9.511389079456271656e-01,5.476832759155191299e-01,5.285803130133159833e-01,5.939619265182172203e-01,2.530037041760085370e-01,4.730603771069628594e-01,9.835879183758422517e-01,7.117669186257417901e-02,4.745425864113403391e-01,8.545933206845244268e-01,8.231523839946242038e-01,7.930233436092950505e-01,5.681296010823057019e-01,7.309780318298481072e-01,8.074828141723383590e-01,8.726844321359086276e-01,4.372279565568400472e-01,9.182135453094745214e-01,7.978120459442428203e-01,9.909957880169992794e-01,6.367205894156070523e-01,5.973204247268231182e-01,9.491134413931087144e-01,6.613116329471712129e-01,7.056513486332653962e-01,6.152222335589998536e-01,6.338315658962774268e-01,5.793825768096911855e-01,6.303201542606571284e-01,3.651894358138459973e-01,7.581701607698221324e-01,9.234167959250834112e-01,9.217691983912408293e-01,9.746300309454519750e-01,9.124637046579652244e-01,8.572002586622119447e-01,2.194768761002875990e-01,6.551125762129297314e-01,6.612989086846990938e-01,8.068015952964299187e-01,4.878769273051520861e-01,6.147675622671608942e-01,4.917842607064081273e-01,7.587864730466528096e-01,8.937720075615803728e-01,5.824800089532572445e-01,5.364605496002391449e-01,3.320621028493744298e-01,6.601029987810476118e-01,4.863143782092780865e-01,9.741394143502221104e-01,4.295111967174127798e-01,2.036151498005800697e-01
9.172664429513259776e-01,3.419294136394349648e-01,9.965503370520475412e-01,4.534472130194031614e-01,8.906055207659115958e-01,7.766431578556427517e-01,8.903531306456915484e-01,8.190965498737003969e-01,9.175206472458654616e-01,5.192359765107773528e-01,6.577746227583245453e-01,0.000000000000000000e+00,7.078866362472913121e-01,6.280058138631731124e-01,8.268345952236469953e-01,9.866550230091866158e-01,9.333982154221079908e-01,6.333870833877699447e-01,7.411832838910827892e-01,7.894131995540378810e-01,8.864715233813004192e-01,2.897850470671043954e-01,3.470024037802230676e-01,8.343155778507943543e-01,5.124970060770167590e-01,9.270402355156834862e-01,3.852498847310036334e-01,6.183010858213291439e-01,6.995205113412219511e-01,2.927840662651162162e-01,5.992572420560553503e-01,2.587807346444636614e-01,6.252209354207791669e-01,8.137296617139155863e-01,9.520165087073402255e-01,2.734662450203554918e-01,6.570961625084436042e-01,6.489252860150266367e-01,7.280572395115070261e-01,6.027284819233186264e-01,1.165935162511666096e-01,7.939509918143280442e-01,6.127784459623542013e-01,7.546633260783862651e-01,7.592597757130957747e-01,6.197142460305347100e-01,7.569937643903924540e-01,6.708775033064285909e-01,5.502521991228366272e-01,6.103003426751987259e-01,6.891589499615988768e-01,7.483311379705169797e-01,9.934611754865936284e-01,7.847784495894367662e-01,9.849920095509755447e-01,6.536033251021161616e-01,9.207342660628995423e-01,3.336550110875519115e-01,5.441952967328680391e-01,3.427781804342568961e-01,6.722431666097369307e-01,5.948457313406187996e-01,6.470838205524250819e-01,4.644389054205270706e-01,6.666071835330410478e-01,8.720678720795025374e-01,5.404319371145133166e-01,7.398285532394320851e-01,1.871315790962563563e-01,2.979892963567022934e-01,9.236342390273265535e-01,7.396788955738660132e-01,3.437607361987741195e-01,2.122800804672997088e-01,6.999451375754310867e-01,5.903343899587913945e-01,9.907918311726267024e-01,7.814131561447001939e-01,9.319584131301541507e-01,5.117419625617681822e-01,7.426922929489890857e-01,2.561170983722923511e-01,8.021565100642218393e-01,8.732071869001285513e-01,6.792456204445974643e-01
7.827409050751815700e-01,7.009469926256720607e-01,6.664898242718371169e-01,7.022103641429512377e-01,3.349329109917895675e-01,8.899721764537046331e-01,7.140280498542374010e-01,4.517135036602564213e-01,4.211910118364228239e-01,6.090918026503741034e-01,2.183551116218153676e-01,7.078866362472913121e-01,0.000000000000000000e+00,5.950488097995040304e-01,2.356838357962925401e-01,6.335682788413883326e-01,6.060028248180989729e-01,6.156933845440758502e-01,9.581658404462690681e-01,8.091738095718226109e-01,7.174252340393634242e-01,9.791022951395680352e-01,4.373516210279572158e-01,8.526810001675850792e-01,7.535871925799113580e-01,6.418073545207265695e-01,7.555856995549526944e-01,2.505216128601170378e-01,2.371457205310234795e-01,2.639705156808941355e-01,3.294793318093846013e-01,5.602226161162603413e-01,3.611885874839823041e-01,9.488454004574821132e-01,7.963030138190713147e-01,-5.899678180194892207e-02,2.593628090271757336e-01,6.563088068979484602e-01,8.878767600632205825e-01,5.322301110872645902e-01,4.419835135130583126e-01,5.682441180571645711e-01,4.556710101820580783e-01,7.129432279623251212e-01,6.434250840347319755e-01,9.318913516184922363e-01,7.605748112304289155e-01,7.848149828315074128e-01,2.438178859309926561e-01,8.490366155974019557e-01,8.077222412041278332e-01,9.093845764338750470e-01,5.802988671750372029e-01,6.371385625052984336e-01,6.457898348916120135e-01,8.599301796055695002e-01,4.691509547689733939e-01,7.857371535860711020e-01,6.800202520308205045e-01,4.676909244705561575e-01,3.847696301653440454e-01,6.499289185399260704e-01,6.849425097540823293e-01,4.755023488402598808e-01,8.211297058363653534e-01,1.160701177057989197e-01,6.902670227511285006e-01,8.239178279730927645e-01,8.562354085749015464e-01,8.656018588152849524e-01,8.684073138524081026e-01,6.874089428956305925e-01,5.784115571074276430e-01,2.083319081650748805e-01,7.948098936983325480e-01,6.378673387197750788e-01,7.560175427875616139e-01,8.579738835292539667e-01,4.343485645611522283e-01,8.188580448542973067e-02,2.455012264139752320e-01,7.388711998254267055e-01,6.077970453243747295e-01,6.838938246527985765e-01,6.228092549953719026e-02
6.388410552107806062e-01,7.728664454614558865e-01,6.634965813650335331e-01,9.983491972773099743e-01,7.548732664657562541e-01,9.074652766582886887e-01,7.103410629227464579e-01,5.531468234217112867e-01,6.306752949733959168e-01,6.333882874336833613e-01,4.109445050910328634e-01,6.280058138631731124e-01,5.950488097995040304e-01,0.000000000000000000e+00,8.753001098655343037e-01,8.713069076439940996e-01,8.295485477997222024e-01,7.063548211186030379e-01,4.136947181032372689e-01,2.784611472612748551e-01,8.650475603540633829e-01,2.847562086443700125e-01,7.722758812041199405e-01,8.296435288045497236e-01,5.813255100635589256e-01,6.351200748722580780e-01,7.120625011937365967e-01,8.083921457377509778e-01,7.443990683779670992e-01,2.475130426704248987e-01,4.553378204325776446e-01,5.260211409914435920e-01,8.893742344429509394e-01,6.711817429494528753e-01,8.598292419759996363e-01,3.865290647519792344e-01,5.139578645350751929e-01,7.646259156076271601e-01,9.321468957195790939e-01,4.966877721808076185e-01,6.094596596574550773e-01,6.600946421321373103e-01,6.862354640998958866e-01,6.730054794898170378e-01,9.237105146077793094e-01,1.248020747602584246e-01,4.441471864385695967e-01,2.661963490589562831e-01,8.400027497458720793e-01,7.486642761551650649e-01,6.458401709937248159e-01,5.707753204116954304e-01,9.667242763246076676e-01,7.648605702095315761e-01,4.778204733591723818e-01,8.245649551902087815e-01,7.459471183598951338e-01,6.157503704572357961e-01,9.118798566231255398e-01,4.140151553354100011e-01,5.927077994960263663e-01,6.204700775413927172e-01,2.406167333942338116e-01,-4.036158496395880757e-02,9.882061960291625979e-01,8.874111971160402179e-01,7.619368548860367962e-01,6.108152866588608676e-01,7.118189994092246620e-01,5.237183935774694099e-01,6.287889336684311381e-01,8.684618925584042248e-01,7.260025539314115539e-01,4.123653203952334367e-01,7.541689092414398665e-01,4.152003325014942958e-01,8.350188443578344666e-01,7.241399570211897174e-01,4.908426841022247578e-01,7.414961368446784107e-01,5.078915754937582960e-01,6.753231029368724769e-01,6.895175925732925926e-01,2.341497414314160364e-01,2.366808083336216229e-01
3.171343481957521471e-01,4.253312443505150031e-01,4.301073865171031740e-01,9.761304826058664341e-01,9.959952468286177307e-01,4.355446119266990213e-01,4.530827111128922224e-01,5.755932416629667703e-01,8.868455033147280009e-01,6.631735452787455021e-01,6.521865096185482935e-01,8.268345952236469953e-01,2.356838357962925401e-01,8.753001098655343037e-01,0.000000000000000000e+00,6.476347567932408955e-01,8.244311905674402974e-01,8.597797716700724679e-01,6.075506852627345911e-01,8.030799049807441081e-01,8.609525614032752516e-01,6.859807658562890875e-01,7.917161164734257683e-01,7.663254515623607599e-01,8.264785687318506602e-01,7.588940286577535721e-01,7.837984451868376112e-01,6.110377750143473063e-01,1.167011507002102128e-01,4.837443698469608977e-01,4.750471775634183547e-01,7.132521210578043336e-01,4.947556734553624769e-01,7.919522519071493516e-01,5.087264763811553125e-01,6.285754606343570972e-01,-3.843813845916174698e-02,5.887360438403478335e-01,9.952202595758756765e-01,5.596743044501536479e-01,5.765033518196986950e-01,5.451005806329759507e-01,8.531492682460170007e-01,9.641922776365753345e-01,5.131176010780534869e-01,6.302327390360878967e-01,2.198877774698757837e-01,6.540270427253958019e-01,7.053480652016355101e-01,7.510529960253163884e-01,7.205700998958586290e-01,5.208226946961307391e-01,7.398820524439579938e-01,6.857328265518044530e-01,2.791229120774926242e-01,7.282100901774772872e-01,2.669209151018557824e-01,7.371027378079630932e-01,4.275615754042209060e-01,6.172362566826508079e-01,4.800887833493353019e-01,7.838572423984582205e-01,7.541115769991980633e-01,8.607814365446555538e-01,5.909594712171739594e-01,8.532030854351437821e-01,7.079549783718396272e-01,8.226501192699042786e-01,2.711118053152318241e-01,5.814035716278491694e-01,4.129904115298990708e-01,6.249901439437723916e-01,5.163456472972555167e-01,6.959055094511189532e-01,5.490901986756053788e-01,4.825785551638315796e-01,8.498894313186583505e-01,2.072771241815198617e-01,5.876096500464804695e-01,3.325462475403737628e-01,6.829610546813971172e-01,7.872137078036081093e-01,5.744411330087360046e-01,2.045797694790493781e-01,6.037987912165748705e-01
8.567540558625018621e-01,6.979616884499258989e-01,6.709885044484634742e-01,5.693685096952203484e-01,8.892243876561124472e-01,7.906742968348570155e-01,6.220898875380099780e-01,8.318985182789826460e-01,9.789815999446696004e-01,2.973920545482971467e-01,4.279550237053433293e-01,9.866550230091866158e-01,6.335682788413883326e-01,8.713069076439940996e-01,6.476347567932408955e-01,0.000000000000000000e+00,2.951320282930072758e-01,7.339567176072552268e-01,6.914690556784186537e-01,2.883316933838832585e-01,9.432934462765408812e-01,5.030827644206460336e-01,4.822182428459844683e-01,2.304775359324891526e-01,6.320064783225469718e-01,6.223826186594608734e-01,9.291864453022677939e-01,7.151847893493313846e-01,5.713899962400046384e-01,6.329571636124049494e-01,2.558688014263079125e-01,1.011318540796201787e-01,5.148815709175198485e-01,9.077768298135199254e-01,8.612070294675275850e-01,5.609122990490805760e-01,4.620553290007464176e-01,4.569339196924842028e-01,7.576307634368075750e-01,6.091257465852211173e-01,5.378025379726174560e-01,8.067664567876251525e-01,7.401400685323934470e-01,6.824897073117011104e-01,6.209997126846272808e-01,6.532272787995661023e-01,8.420461846912978832e-01,6.743239373639936529e-01,6.146811159926415247e-01,9.898820976673025074e-01,6.568225360756398956e-01,4.043546942157392188e-01,5.436180525193406998e-01,8.675522202041517916e-01,8.058310191747618534e-01,4.027502113152955920e-01,7.517468553285363564e-01,7.516296147834590213e-01,6.433490415223341863e-01,5.500024138795719386e-01,8.844649316749163548e-01,5.304201724604493684e-01,6.299657965004010762e-01,4.863014839216477370e-01,9.671094586238068169e-01,7.740175789388666905e-01,7.414623688249168953e-01,9.893635162382194981e-01,4.829641380493161495e-01,4.033522244961653680e-01,3.575841346487376171e-01,7.893164675988969536e-01,5.601348519249096380e-01,6.536272436108235828e-01,9.658109471410487590e-01,7.705446958847992356e-01,7.556777160835125295e-01,9.823935861127145452e-01,4.241070960749396268e-02,2.758741851272179524e-01,6.456136710496505060e-01,6.848974713631198474e-01,7.729039268771401572e-01,9.472152562652232932e-01,5.511029347853204641e-01
4.962579487060680417e-01,3.201537778950187541e-01,7.766868912543893888e-01,2.232012936608649967e-01,8.523549805923351652e-01,6.107150778532229873e-01,6.955264831577523399e-01,6.248251733517723450e-01,8.284405368035832051e-01,7.847042577975054112e-01,8.706358622473315823e-01,9.333982154221079908e-01,6.060028248180989729e-01,8.295485477997222024e-01,8.244311905674402974e-01,2.951320282930072758e-01,0.000000000000000000e+00,9.343227935240630000e-01,2.216693485658738916e-01,8.466357592081956707e-01,6.475459689273195263e-01,4.838053501571837334e-01,6.521442243418348328e-01,7.277345346627254186e-01,3.738915669379367923e-01,9.381137944095975234e-01,5.183735048720158334e-01,8.041917762076096210e-01,8.830311690486739584e-01,2.450596995922263710e-01,7.861787189294158207e-01,8.191445930546507048e-01,8.885757824255752224e-01,8.629317319542212372e-01,7.960520552624104074e-01,5.583852900540291903e-02,4.748270102097176260e-01,7.834880632093457198e-01,7.138606000176525024e-01,4.394363038521180709e-01,6.371767279132265482e-01,4.685171949944773040e-01,6.640670506009418439e-01,9.463333355326408736e-01,8.054121853982344481e-01,9.105472522483762932e-01,6.120225667298364591e-01,8.895038986775325451e-01,6.429266405334735923e-01,8.840119715039940207e-01,2.733346225085335202e-01,9.824413497252206806e-01,6.076348582881744287e-01,8.857404567860108768e-01,9.006387332360171749e-01,6.242148776548740452e-01,6.630489683005288404e-01,9.974765326349550598e-01,9.294901157954933435e-01,-1.697757336850007348e-01,6.008410937930253048e-01,7.886253428863958526e-01,6.361921631140475819e-01,7.469053740683702092e-01,6.684080875124712717e-01,7.440820252638412624e-01,6.326145103967477645e-01,5.674873287127910615e-01,5.067608988608880427e-01,6.140924739243156516e-01,8.661646610414245329e-01,8.389135053194622937e-01,6.839397164761653602e-01,3.727670564285898713e-01,6.376222963412676581e-01,5.746131524740256680e-01,4.309846851354268149e-01,5.435308130471366850e-01,1.600158005717903231e-01,4.866248955975368551e-01,7.535094244500429861e-01,3.103431136754749575e-01,6.189833706541558733e-01,2.719698241524092230e-01,7.936486522256245291e-01
6.031600431107940752e-01,6.652460988683941423e-01,8.479795658373449063e-01,9.053182517851289246e-01,9.292228452576551945e-01,6.846718468298547133e-01,7.622235539930948267e-01,7.783563769821394418e-01,7.056577426944847797e-01,3.423389488588737262e-01,6.477309628077463355e-01,6.333870833877699447e-01,6.156933845440758502e-01,7.063548211186030379e-01,8.597797716700724679e-01,7.339567176072552268e-01,9.343227935240630000e-01,0.000000000000000000e+00,6.697092148997083605e-01,8.868687906985220915e-01,8.322403677262356636e-01,8.762322140600071751e-01,3.827814679950369836e-01,9.712570547092732598e-01,2.870156133332681381e-01,6.421050930601662765e-01,7.712387514580382186e-01,2.738384619399485409e-01,6.067085998139630787e-01,2.570362417148315259e-01,7.337894679131689024e-01,7.485171713855216513e-01,7.171923993360482807e-01,4.435618343485789872e-01,6.089262775459379773e-01,6.730276383069221380e-01,5.925059550419740084e-01,6.775238053839672814e-01,6.724195627442519640e-01,7.563077424926477610e-01,5.765937631810378328e-01,6.442742954603375427e-01,7.406212007919419360e-01,6.561505470820321317e-01,8.058830702111470234e-01,8.616797672326912405e-01,7.426330247098474890e-01,9.434523881768905884e-01,6.210439577128172850e-01,9.605197424437577070e-01,5.563970305140242267e-01,6.318169257328869470e-01,9.679556293480942042e-01,9.714645685875893388e-01,5.344680566606141436e-02,9.586261626464327446e-01,6.527154056811271809e-01,8.435724763178656938e-01,9.309258456564476480e-01,7.268759357196886706e-01,4.682748722757923421e-01,7.191227871286628437e-01,6.221424079155510878e-01,8.157661245230799496e-01,8.787416361178281843e-01,4.447989304272126354e-01,9.446428581031472982e-01,7.941651482660097017e-01,6.519254013381095003e-01,6.277051205406296575e-01,8.658625703033275833e-01,7.345822454699578730e-01,2.870205223890651136e-01,3.097078625295997534e-01,6.611432939356770566e-01,2.688049280333304480e-01,7.091963173242983309e-01,1.617530043061269629e-01,5.598399581522672808e-01,1.459054478941180510e-01,7.521016302553097388e-01,3.867433643311736224e-01,5.345907892502469450e-01,4.934752839102380939e-01,7.428710840814418681e-01
