0.000000000000000000e+00,8.022839982485869825e-01,9.813563409714057828e-01,9.748139530679802434e-01,7.015201120026155479e-01,7.617443252873500326e-01,8.773958475256629086e-01,5.425680679828169817e-01,4.181761344559475346e-01,3.991313138372248881e-01,6.010959268297305647e-01,9.624344936148516716e-01,7.710537754017321443e-01,8.948473006409126684e-01,8.506169785824123641e-01,6.357747200711639790e-01,2.176577886436162068e-01,7.676766666894585533e-01,7.064758255938751175e-01,2.181049615854961932e-01,8.603420361587159615e-01,5.387683610736783146e-01,8.868714483361836987e-01,9.030602912130766269e-01,7.544789669911298180e-01,9.377823307676091957e-01,8.289465020222100966e-01,7.375039924660043988e-01,4.294757026599454464e-01,4.355732404086909426e-01,3.432254363561810795e-01,6.446046034750824161e-01,9.786512087692220696e-01,6.305208747778054956e-01,6.582046819677495053e-01,3.569018170839701742e-01,5.646041696136419041e-01,6.926962256027472398e-01,5.927559021142255746e-01,7.075307602179076172e-01,7.574707405627558732e-01,4.279098077080835671e-01,1.036490019751810238e-02,8.237928369923452898e-01,9.209456559259360242e-01,6.018309887286760196e-01,9.867730395007547894e-01,6.851370654088861922e-01,8.909359244080268248e-01,7.781354016225499048e-01,8.938173927668843222e-01,7.248594175193938671e-01,9.476557273423834582e-01,8.172919578913458993e-01,8.322157620358016095e-01,6.370207258457631916e-01,9.705479978926713214e-01,8.437584380103649861e-01,8.915453234089506518e-01,3.189100715993329893e-01,2.010103988161157096e-01,4.534096571247766549e-01,8.107146852329092379e-01,9.315884100848479399e-01,8.999294712034363597e-01,6.040546237992455714e-01,8.887400522324123697e-01,8.038637910677333132e-01,6.360527724436491059e-01,4.951627832346748859e-01,9.787929487976749776e-01,8.836352619432352729e-01,2.623764399264941760e-01,1.077031010191234484e-01,4.611653857389460542e-01,6.094533323484871978e-01,6.306183284209624373e-01,7.013626819245575295e-01,5.079449853486064370e-01,6.366113421575210207e-01,7.484264363430135347e-01,9.866068504882329337e-01,2.967587993895047238e-01,3.253452172655608154e-01,1.026326823879307737e-01
8.022839982485869825e-01,0.000000000000000000e+00,7.948363548058332562e-01,9.019660078673474857e-01,9.535148034509194348e-01,5.482252831296874351e-01,4.853442397617888648e-01,4.851620281978824556e-01,4.511514378435860784e-01,7.210887286271578933e-01,6.321662021192165914e-01,5.477463803492359506e-01,7.548107643453675353e-01,9.848219523169576828e-01,6.045850233175497079e-01,8.071946065182071806e-01,7.967571887626920812e-01,6.053725215454981434e-01,8.555907783412933787e-01,8.527957181595290370e-01,8.852256048076986295e-01,5.797737250670788045e-01,2.641675183611397193e-01,6.530374479283878042e-01,6.640186743659839408e-01,8.090991858093575795e-01,8.496193678897256962e-01,9.395227513752476556e-01,1.044277929271344024e-01,7.804036338654372074e-01,4.177996485497524892e-01,5.364676572633959584e-01,7.079374541188481196e-01,5.630862388158829335e-01,5.349322880084170784e-01,5.678844632829009864e-01,5.778933029951252021e-01,9.242460306527096048e-01,9.750981355449704902e-01,9.844934876597857265e-01,5.161796489989467496e-01,7.999066725871937233e-01,7.726225036127056800e-01,8.937918427360831419e-01,7.590515330689538986e-01,8.015049208045330609e-01,8.645467901347383410e-01,6.071570937020234204e-01,8.657853532755791504e-01,8.933085770126163450e-01,6.231521009026689262e-01,2.537274761119864830e-01,9.100127221644802589e-01,8.975021375089443643e-01,8.876168929754153503e-01,8.852087627757067034e-01,7.361285081274657749e-01,9.166246604059922198e-01,8.243105075701688822e-01,7.180258546888769189e-01,5.497530258568468220e-01,8.410476297562201609e-01,9.636083353511168959e-01,9.610950228351977653e-01,9.237618995676940559e-01,7.125290851643431012e-01,9.099590798798228297e-01,7.719528396818824412e-01,4.237809398406030548e-01,6.050549688527586678e-01,8.588551551419756347e-01,7.170396980778906970e-01,6.331446794306480053e-01,6.303456766327953931e-01,9.085838858834331955e-01,3.017460898436637173e-02,4.172738713002357991e-01,2.376320570892305473e-01,5.037224650109082269e-01,3.865161269307876846e-01,4.935474119608548871e-01,9.269707148567056798e-01,6.591816331312219113e-01,3.771363956490686453e-01,4.698171525080375166e-01
9.813563409714057828e-01,7.948363548058332562e-01,0.000000000000000000e+00,8.694518934547941225e-01,4.637778744265650954e-01,5.612057511574572999e-01,2.220501282223935058e-01,6.271388718595192202e-01,8.220176067604123560e-01,6.384620365242268392e-01,9.058270676299394752e-01,6.380519079957225337e-01,6.313183558673080009e-01,8.305468121186760921e-01,4.113728809397967368e-01,9.856898826099373956e-01,8.968201730351645917e-01,8.354276706536156727e-01,8.395055449584638563e-01,7.903116070869409260e-01,5.901469713719686983e-01,8.728168399857541004e-01,9.713330180570695083e-01,9.089862965964089492e-01,7.474295562590685948e-01,7.063690364309629377e-01,7.363278194765371376e-01,8.132232315587282212e-01,8.160537468736545064e-02,1.874587859211260255e-01,8.663870182882538185e-02,8.280586580958426701e-01,9.022582058317487608e-01,3.206113114176317169e-01,9.858626008956190567e-01,2.085011496751094373e-01,4.303777264054930440e-01,9.753780233301263536e-01,9.923987121416903978e-01,9.737567296729148225e-01,5.872039327931583008e-01,8.551707442427782802e-01,7.192379751647792752e-01,4.382246635899569864e-01,8.465130404297276367e-01,8.101546061360421769e-01,4.039975158484794271e-01,6.065608726407196727e-01,2.007766011323036393e-01,4.985848161216663854e-01,9.797098688670842215e-01,9.440389046186067334e-01,5.058167731460964101e-01,6.395295379890963972e-01,6.141746352796557673e-01,5.731131384344262392e-01,5.868615390492171180e-01,7.701669046510863925e-01,8.615599535049511815e-01,4.062725132162476882e-01,8.381345578976524546e-01,5.768751359459802774e-01,9.143866871196757451e-01,8.396791660958354830e-01,8.346624687023427303e-01,6.966891261633564314e-01,7.599591024598610911e-01,6.328973056974579459e-01,4.317670585776517411e-01,9.685172692954274742e-01,9.998994490226965626e-01,2.747423711522840595e-01,2.914279681161979219e-01,5.533819341552396187e-01,2.390724509949986032e-01,6.228925373207200300e-01,7.965210752063507371e-01,6.513179796030512669e-01,3.644703730528056629e-01,4.121584363209503110e-02,7.090394164034585778e-01,4.218704886015908762e-01,9.971387910800699750e-01,8.473578426858181523e-01,7.634132943066124222e-01
9.748139530679802434e-01,9.019660078673474857e-01,8.694518934547941225e-01,0.000000000000000000e+00,7.104171251283025734e-01,8.177509799238313892e-01,4.996915924857230351e-01,7.073205200648340352e-01,7.478308373663519193e-01,8.083768602077114895e-01,4.400958208038742714e-01,5.719890254211281722e-01,4.668073387600016888e-01,6.972200186662567134e-01,5.495327376907381822e-01,7.703850103336260524e-01,9.495698430321281025e-01,6.812652567818578975e-01,1.760234536683369464e-03,9.227867261676391264e-01,8.823185267367257278e-01,9.037356831359247833e-01,7.813510550992044390e-01,7.139361546375097012e-01,9.646665122696649330e-01,1.583598858242415697e-01,6.278895735185473503e-01,2.878687698231823799e-01,2.751324030118305619e-01,6.741053066313854591e-01,5.786848740752049691e-01,2.978717390938972476e-01,8.421605682511321689e-01,4.026250714593850311e-01,5.267840804030790025e-01,7.584751285109101460e-01,4.373903148426586118e-01,2.801772730823920421e-01,5.405160164945698176e-01,5.917546541963054629e-01,3.116884716835446878e-01,6.247683935168830693e-01,8.559011516741894532e-01,5.888648668525160446e-01,9.745870837464231107e-01,8.892800312942029661e-01,8.722517758841217272e-01,6.356559999728592647e-01,7.959278800491711436e-01,8.278742035914158359e-01,5.131998670846350530e-01,7.981127855130212279e-01,6.301564563255668272e-01,9.836726428317088544e-01,7.809786208912506966e-01,7.820861577531067477e-01,7.044349443103705699e-01,9.639335245777402861e-01,7.074974040773875927e-01,1.954135854664164618e-01,4.777091532125750106e-01,6.972149554238903368e-01,1.062375764226277663e-01,6.542081593336757095e-01,6.033784892047425741e-01,7.456890904205770720e-01,6.346528614917837929e-01,9.359708406975754125e-01,1.503086799457955570e-02,9.633343387534180069e-01,9.074054945192999710e-01,9.075109491789143945e-01,5.267307914153479542e-01,2.390702789613274315e-01,6.734718663963190632e-01,4.815787043099293285e-01,3.054931044213433089e-01,2.768732136979109582e-01,4.784249888376270743e-01,5.527120377603315093e-01,1.508188736918081307e-01,6.341415435266349876e-01,6.824780803165815257e-01,7.067536627452152276e-01,8.202590128496851651e-01
7.015201120026155479e-01,9.535148034509194348e-01,4.637778744265650954e-01,7.104171251283025734e-01,0.000000000000000000e+00,7.549745869726440795e-01,6.633686142750588877e-01,7.362161401413054307e-01,3.545072417570050982e-01,9.236130561538747896e-01,6.033595725340488158e-01,6.894565967919261684e-01,6.298063915633546062e-01,8.605152840638244927e-01,1.535713428407894411e-02,7.001578670767596435e-01,8.981163454532545831e-01,9.583261510559495377e-01,6.465809484197710955e-01,7.673682943736671591e-01,6.265672104538658749e-01,4.308343529862583843e-01,7.128180665758543366e-01,9.768466386347436359e-01,5.626998946790312539e-01,7.250332196360023129e-01,9.612093981948461874e-01,9.405661807334388946e-01,7.468466224857287505e-01,6.823565546153301797e-01,7.165096334766722919e-01,6.605593822213418065e-01,4.309922719153547743e-01,8.402397697341164040e-01,4.151387755465593132e-01,7.468285843655462219e-01,2.758337266079312622e-01,8.432516465282050566e-01,4.755905033509538193e-01,4.753694804773819782e-01,3.649689707130463617e-02,5.251436589462646909e-01,6.093877704681240903e-01,6.151044794059813414e-01,6.717908300094345142e-01,6.865077899771189207e-01,9.064557888574272804e-01,8.625222156639960058e-01,2.054929699584240321e-02,6.017635302243561357e-01,5.706421689870346814e-01,6.073561408169109166e-01,7.806307171341902995e-01,3.519417097125508986e-01,8.412100498412335980e-01,8.474110867624062848e-01,6.146526673056866841e-01,8.579552330231809965e-01,8.871831887865269106e-01,6.865377151121729860e-01,6.733325919923033309e-01,7.808781675567759706e-01,2.911614449446399688e-01,8.017807743161843304e-01,7.924134498762565038e-01,4.020992922182772822e-01,6.178863945880535002e-01,8.023327672554901868e-01,5.312432458614587683e-01,4.739591320744754310e-01,4.399292128062350926e-01,7.302920565464061653e-01,5.722127162083217033e-01,5.045086336443684871e-01,2.377508986520368572e-01,8.173043432634872207e-01,7.018805112632576781e-01,7.902867858164389636e-01,4.552184467064368523e-01,7.699926731985338169e-01,9.126351142380887405e-01,9.812074811883243486e-01,6.654978100628029525e-01,2.038804596242731193e-01,9.996438972229466646e-01
7.617443252873500326e-01,5.482252831296874351e-01,5.612057511574572999e-01,8.177509799238313892e-01,7.549745869726440795e-01,0.000000000000000000e+00,3.560809722679898481e-01,9.848771518911783041e-01,6.132461502194954672e-01,9.460985529670991045e-01,4.651510549666287297e-01,6.071667720387718958e-01,5.383643617960843786e-01,2.872213483367564435e-01,6.322471375118188242e-01,7.562776761677940662e-01,6.595105413746269463e-01,6.572892301777188973e-01,5.102280119619387877e-01,9.164265332855185964e-01,5.412184353438944662e-01,6.556322884968173170e-01,6.369786042855756225e-01,6.292053556517552826e-01,9.498270161150341728e-01,7.989926710976441582e-01,7.374101379443113169e-01,9.173284758413330353e-01,5.134153053711503212e-01,6.232169263667753922e-01,4.317854885475424509e-01,4.760114848119963438e-01,6.919568954651367232e-01,9.618159141099724696e-01,4.989081822650804354e-01,7.794250781505047687e-01,4.830391631246073181e-01,6.868091228771292522e-01,6.614249392714526277e-01,8.108319673742947487e-01,6.781252262294067412e-01,6.003165923529123482e-01,9.533815074782026056e-01,8.927831838242785700e-01,8.289638061765334243e-01,8.251596036576815951e-01,4.074536286141636765e-01,8.559729624785150648e-01,7.576832106863614635e-01,7.022769936980557404e-01,5.565643467129377520e-01,7.708185205933626438e-01,7.696160470010366961e-01,9.284696222581459990e-01,4.747576169356905740e-01,8.052393019019168374e-01,7.065517306843098755e-01,6.026212620325811509e-01,7.554598790230618865e-01,1.891089836099372756e-01,3.011149875619905103e-01,7.847295831237880437e-01,8.244632383070583659e-01,8.669161404354570610e-01,9.286160521245738764e-01,3.319807118084948661e-01,4.848328646653713991e-01,8.758880586970325677e-01,4.023358896858035272e-01,7.344465699461970587e-01,7.976256588265716596e-01,1.972807303603152373e-01,7.102308736080246154e-01,2.767503264249097095e-01,5.527301404151387931e-01,7.928075395228271205e-01,6.882854310118512453e-01,7.830275063218924414e-01,1.492926900781559041e-01,3.614083238799286057e-01,5.101661325537735214e-01,6.671137800115389815e-01,7.699029325893060882e-01,5.861047045266867261e-01,5.667515453722727914e-01
8.773958475256629086e-01,4.853442397617888648e-01,2.220501282223935058e-01,4.996915924857230351e-01,6.633686142750588877e-01,3.560809722679898481e-01,0.000000000000000000e+00,4.138121005162838095e-01,7.897935764302123074e-01,5.658484221186153018e-01,-5.474342624790629053e-02,7.351400465242651228e-01,4.094803377333467997e-01,1.846533941151446909e-02,2.808040846955217607e-02,5.085994347084038525e-01,9.883204761289109408e-01,5.984267870936866851e-01,7.414862590256993125e-01,8.758434684697835593e-01,6.849252094667522828e-01,4.809372428053044213e-01,7.890930164472363950e-01,9.620020877992399022e-01,5.482711323126590042e-01,6.443545749545984691e-01,4.958539740962112363e-01,6.158202363677842683e-01,3.837132394625769605e-01,4.053072086503877597e-02,2.909651316751741823e-01,5.304194531278600966e-01,6.290556804875152563e-01,9.820466895858239731e-01,6.308046453322154745e-01,1.150008471005985466e-01,4.640058069807709296e-01,4.328465462101195316e-01,4.699167277693188094e-01,5.295121769324458993e-01,5.284608246674296073e-01,4.186101994514349611e-01,3.356877018935787715e-01,6.356047463887000148e-01,6.054989493969679115e-01,7.967965474119642622e-01,-9.028545377303651143e-02,-3.807298903611011642e-01,1.265751278166194482e-01,4.893574403317663690e-01,6.859081878932732357e-01,1.425695134312956192e-01,6.092559680409588285e-01,3.218344620715155591e-01,6.981903171974779276e-01,3.674479043529937927e-01,7.276416263751864233e-02,7.476203901934646012e-01,8.266796542662141478e-01,7.684776764335800037e-01,4.291478305862566622e-01,4.319172432501090508e-01,6.173274823571286429e-01,8.331658609726303455e-01,5.880637378989546082e-01,4.280359693183606873e-01,3.036931141201280604e-01,9.458380140038105122e-01,8.035167036348148661e-01,7.796725549073535433e-01,4.835265119467526129e-01,1.602595152140942267e-02,4.296694234740578988e-01,3.882597253480558619e-01,8.512569567374579371e-01,2.556591217101729097e-01,4.550777678041745822e-01,7.583224592517379126e-01,3.865472669188838584e-01,5.205492289061479649e-01,4.895593617190888702e-01,8.365679515593639204e-01,3.974906350645857067e-01,3.877467497939189878e-01,3.626837214564161416e-01
5.425680679828169817e-01,4.851620281978824556e-01,6.271388718595192202e-01,7.073205200648340352e-01,7.362161401413054307e-01,9.848771518911783041e-01,4.138121005162838095e-01,0.000000000000000000e+00,9.824536274519695134e-01,8.871984491427015174e-01,5.962955725537442131e-01,6.038495659876074173e-01,9.792525193319373544e-01,6.745237111269033470e-01,8.119599945724729206e-01,5.684999418176767128e-01,8.410318835426979778e-01,6.864458940626040340e-01,2.465435775881176239e-01,9.545874774445572974e-01,6.846436102874228213e-01,7.163605879681531619e-01,3.106363948951748055e-01,7.039262623042650269e-01,6.381118975192159315e-01,7.122203334071499636e-01,7.662702157363139310e-01,7.424200978245144578e-01,3.061191065721722421e-02,5.463232839419308595e-01,4.661323664425824354e-01,7.094079133531153714e-01,8.204257632791608357e-01,4.916892054030035930e-01,4.127773265005579839e-01,3.941422072028899493e-01,9.843170139291458620e-03,6.167148363088083007e-01,8.990969371884793837e-01,8.816976094838795408e-01,6.343130241768369926e-01,7.534551637604344210e-01,9.818208781915029881e-01,3.088356836671235506e-01,8.495834736466341131e-01,8.075628838397600484e-01,6.754610428212166617e-01,4.834163383332567010e-01,4.231781349158251770e-01,4.414050076331602068e-01,7.302821843636356780e-01,4.648759061106480517e-01,6.355543131996559403e-01,7.543775152435283626e-01,8.407053176824451635e-01,9.556866347241482762e-01,5.779726211718994033e-01,7.897439129171275329e-01,6.734823705887034162e-01,7.588634970773621147e-01,5.803457393734141601e-01,5.758318365139865058e-01,5.538212337298951127e-01,7.983868777879656875e-01,4.831317729744612488e-01,9.466223733752183733e-01,1.346151587467675215e-01,5.628421875173794664e-01,4.896560374535240956e-01,6.084828106294043470e-01,3.358077256245403097e-01,9.618129062744975588e-01,6.675823528918324312e-01,-3.914960759210581176e-02,7.733670574009987586e-01,7.444327342147416537e-01,7.066682464927035445e-01,4.160389390015540312e-01,5.903728616566470411e-01,6.416884297261608860e-02,6.613142342764875004e-01,6.110259052889863707e-01,8.142012698524258019e-01,5.313252178847507334e-01,7.510578104411225198e-01
4.181761344559475346e-01,4.511514378435860784e-01,8.220176067604123560e-01,7.478308373663519193e-01,3.545072417570050982e-01,6.132461502194954672e-01,7.897935764302123074e-01,9.824536274519695134e-01,0.000000000000000000e+00,9.535566506741918191e-01,5.887303106945741549e-01,7.959835214700231587e-01,9.663459355075096902e-01,2.319467796911364732e-01,4.108204456246408176e-01,3.486722193750921850e-01,9.144856348346629416e-01,2.625358541769376094e-02,7.862965622532652743e-01,8.323495729696935852e-01,8.193492836662686907e-01,5.519922941695898366e-01,4.049896762610473155e-01,8.393457151043304254e-01,5.186325225569470287e-01,6.369031763102319665e-01,6.900241314315760377e-01,6.147097031837891468e-01,4.323468151194334030e-01,6.681124503561832739e-01,5.634204760395418177e-01,7.781304454089199574e-01,6.707605872431162686e-01,6.488893150102705842e-01,6.620745627133776123e-01,6.957870373400207864e-01,5.082837096148141720e-01,8.439003582264957837e-01,7.966909475116236150e-01,7.851722298173487991e-01,8.378630287772586005e-01,6.621394568088487809e-01,8.230877194653883899e-01,9.398594588809543460e-01,8.029872161952105181e-01,6.428924361222324579e-01,6.399833561277624705e-01,9.405041842174639566e-01,5.138983942108585889e-01,7.508179112131674326e-01,4.482789943764970420e-01,9.538129370751439184e-01,7.979073009866693988e-01,9.021341091957107983e-01,6.844425875304139817e-01,6.553225789785988020e-01,3.854112114929243438e-01,5.069180580657176582e-01,9.267330474607519131e-01,2.805843226756772335e-01,7.965996254445474323e-01,7.427799895052339396e-01,7.581164502169565056e-01,8.447043650827475991e-01,8.037357230423718413e-01,6.528319600309451243e-01,8.727483222789662598e-01,6.911953345614980648e-01,7.035215320446170928e-01,8.682808770239540674e-01,8.106987807095941134e-01,4.106140647175862135e-01,3.979237456762895198e-01,5.788077659322417023e-01,5.972957611553965096e-01,6.024393983890043991e-01,2.450700980463003387e-01,8.937719329353970288e-01,7.876966901082538275e-01,-1.798548377899774897e-01,8.325473154469720249e-01,3.116408463326979517e-01,8.397191696216507184e-01,1.261030645916860482e-01,6.077406528072510916e-01
3.991313138372248881e-01,7.210887286271578933e-01,6.384620365242268392e-01,8.083768602077114895e-01,9.236130561538747896e-01,9.460985529670991045e-01,5.658484221186153018e-01,8.871984491427015174e-01,9.535566506741918191e-01,0.000000000000000000e+00,7.014704017372046518e-01,5.872406493365811553e-01,6.714370027921445772e-01,6.627433164557481327e-01,6.560920563711553077e-01,2.513961852767244709e-01,8.389967145044137098e-01,9.317257888522910703e-01,8.237313184834504920e-01,7.392060759565186601e-01,6.467607666831752811e-01,3.680049182889926218e-01,5.589275178742607597e-01,8.426210881833089417e-01,7.644070488005969555e-01,4.829461421081764350e-01,8.879529215627208760e-01,6.284329556703318609e-01,6.598789591588551939e-01,2.594657178803225772e-01,1.714900339837796550e-01,7.608677384460589277e-01,5.877696029301544556e-01,7.414252126833839052e-01,3.515464804049731606e-01,3.682077836137388482e-01,-1.998782530084036446e-01,6.868874985834242386e-01,5.877367684471236364e-01,9.391053128003867823e-01,7.729275148369835202e-01,8.239793129845426334e-01,4.704141953806741383e-01,9.194673747197863456e-01,9.083285819652717752e-01,9.424973215511637248e-01,9.249730458722313919e-01,9.779533345836863845e-01,7.214645469870750727e-01,4.176393490259294045e-02,2.889202856955731535e-01,9.134625957704729515e-01,8.889551912674545919e-01,7.698791649284101313e-01,8.478473065700430356e-01,2.690949450712318836e-01,7.540967917636816065e-01,6.742877721380315936e-01,8.459932777914114244e-01,5.337911924266204311e-01,2.879615993554458520e-01,6.759282302101328188e-01,7.430053848996622801e-01,6.555273726588882743e-01,9.019541320688048147e-01,7.679443162393488898e-01,4.569123846342685868e-01,6.284562078408878483e-01,7.581235596575075508e-01,1.524163872630255323e-01,7.736569290835548784e-01,4.384601900954424036e-01,7.337393999840059466e-01,7.968899744301137789e-01,8.240507779529097077e-01,9.306998717292715995e-01,7.413886954312549626e-01,2.236631082874107612e-01,4.093135212178525273e-02,4.932895180319619155e-01,3.035286154430008598e-01,7.415217462285143002e-01,6.562609870962465841e-01,4.562016621998329358e-01,2.738742012189285258e-01
6.010959268297305647e-01,6.321662021192165914e-01,9.058270676299394752e-01,4.400958208038742714e-01,6.033595725340488158e-01,4.651510549666287297e-01,-5.474342624790629053e-02,5.962955725537442131e-01,5.887303106945741549e-01,7.014704017372046518e-01,0.000000000000000000e+00,2.036383710906884414e-01,7.033264375393037948e-01,9.113385510161072789e-01,6.958516280984754498e-01,7.685837471643017782e-01,8.899688525388792515e-01,9.990696661150257896e-01,7.486608824920463201e-01,9.653038604687629309e-01,9.154558255312116311e-01,6.221761860941492639e-01,2.433847904919767824e-01,7.274234413273180655e-01,4.932863041836404450e-01,8.913155855279683015e-01,6.964888235771375946e-01,7.110553982628796676e-01,2.133266179576402410e-01,4.188012321308429708e-01,3.060206180190584435e-01,7.205770653877601184e-01,6.071187012645943293e-01,8.075161519681959277e-01,4.806088461158849467e-01,2.902136137086622769e-01,-1.585365417334725080e-01,4.567790814512127651e-01,9.982316826847050795e-01,7.291922316960107731e-01,3.061115074754556797e-01,7.640919516056067229e-01,6.592079968042380278e-01,7.544596340707886428e-01,7.041413817453360258e-01,8.983456589670885117e-01,6.542535385581531582e-01,6.696191841824052915e-01,3.173152735051324447e-01,6.328768372722105573e-01,6.385215751226529513e-01,6.624813962447760884e-01,8.658781964606703241e-01,9.681848547661429105e-01,9.047766967120584036e-01,3.554826611596767494e-01,5.383476270862945778e-01,7.809823872097445552e-01,8.793766295611310513e-01,7.599855682718158478e-01,-1.390178353634248798e-01,5.505788147612389327e-01,8.571491909037352031e-01,4.961482446778189837e-01,9.025489005982006985e-01,6.917011684784650782e-01,6.639766402238336251e-01,7.205378253035586988e-01,5.247444965466825373e-01,9.414718594168159926e-01,8.003909646186176952e-01,8.133108549122491926e-01,6.524270434658833162e-01,9.381836712699359593e-02,6.669831954767712068e-01,6.454181681039342644e-01,7.781406213389537863e-01,8.064065466099256119e-01,5.758141081669968520e-01,-3.809060085289731057e-02,3.753665174003052996e-01,4.675999973711676971e-01,6.039326630266451668e-01,7.807871384815292526e-01,6.513565279861288637e-01
9.624344936148516716e-01,5.477463803492359506e-01,6.380519079957225337e-01,5.719890254211281722e-01,6.894565967919261684e-01,6.071667720387718958e-01,7.351400465242651228e-01,6.038495659876074173e-01,7.959835214700231587e-01,5.872406493365811553e-01,2.036383710906884414e-01,0.000000000000000000e+00,6.742513325996575269e-01,7.633490293761865386e-01,9.989191667052288448e-01,4.875907458707742781e-01,7.720609696595217564e-01,7.848885605037629887e-01,4.093913751607021201e-01,8.298604728863804292e-01,7.479906041163618680e-01,6.572304792989248634e-01,5.816112758277475203e-01,7.079244551204206815e-01,7.182526287662047704e-01,7.206039440314986333e-01,8.225365120353727022e-01,6.724158276243699106e-01,3.342012918610275385e-01,6.170333803558504249e-01,-5.605463262381696343e-02,7.145617913984629865e-01,9.647786312493527028e-01,7.573860899175481887e-01,4.041427595070190004e-01,8.136594457886322518e-01,2.507827088265294213e-01,2.569155015843821999e-01,7.709286790726361804e-01,6.513308194247680039e-01,5.538404054993050218e-01,5.617776653733410619e-01,2.396860588496705080e-01,8.094380392951131542e-01,8.700235737714216988e-01,7.254582070923153436e-01,7.294008724074292349e-01,7.787493586015068470e-01,4.440208690236306932e-01,5.761488595513351157e-02,4.969470405796813095e-01,7.786336452039582801e-01,8.173858518009254892e-01,7.100506162678456024e-01,9.817005829016238749e-01,6.852709387071355129e-01,6.387473833433505721e-01,5.376787005322842816e-01,6.155361489519245444e-01,3.349079055599930577e-01,5.509029469952145819e-01,6.983500155693190825e-01,4.163037005991965245e-01,8.200160671900005305e-01,8.743816784510184403e-01,7.187570729594850993e-01,9.908528280303889879e-01,9.885195209713609765e-01,6.806659533156588227e-01,7.050297088079833241e-01,7.707275669714779287e-01,7.245093600433344383e-01,1.617048264004740110e-01,2.048128908336417364e-01,2.248881824003855223e-01,8.642239015333895713e-01,8.916696798645940003e-01,6.769233322637109307e-01,3.432532794367755269e-01,6.580580802919023808e-01,6.300127030131830175e-01,6.737266856565513606e-01,7.344250916437599086e-01,3.894272697168543740e-01,5.108951789111583208e-01
7.710537754017321443e-01,7.548107643453675353e-01,6.313183558673080009e-01,4.668073387600016888e-01,6.298063915633546062e-01,5.383643617960843786e-01,4.094803377333467997e-01,9.792525193319373544e-01,9.663459355075096902e-01,6.714370027921445772e-01,7.033264375393037948e-01,6.742513325996575269e-01,0.000000000000000000e+00,9.394456832749936703e-01,9.838970193225005101e-01,9.474145777594139561e-01,9.201471361315993747e-01,6.561456227022347543e-01,7.302513595152841930e-01,7.234918086156392203e-01,8.996016455213243779e-01,5.762201762019504292e-01,8.261628296133824989e-01,9.212896963881571644e-01,7.463978723003565907e-01,4.535750645244536750e-01,7.479142139624919139e-01,7.638215069314817640e-01,5.636331146897435307e-01,3.004833035145856868e-01,6.560086950774863812e-01,7.552896175684599145e-01,6.082081084831155726e-01,9.310892672437643958e-01,8.596221165848442203e-01,4.193005248733684964e-01,1.051728495633225818e-01,9.284918700986095619e-01,8.288352260843611097e-01,7.694218870082268902e-01,6.946315070620194820e-01,6.367619602631415798e-01,5.457327453571860776e-01,3.045290778946277976e-01,8.682981520534107656e-01,7.560859378265285535e-01,9.210232728521886569e-01,9.557312410553859827e-01,9.770871392053347426e-01,7.105411930743499305e-01,4.977028072401393777e-01,7.884352076172486123e-01,8.932638475002308009e-01,7.749333818890086212e-01,5.994596605824106250e-01,9.139789932509515546e-01,6.193440074693228325e-01,6.314420805467483300e-01,9.484081125955756697e-01,5.289175515797941429e-01,6.615085831400849825e-01,5.607605842081919700e-01,7.728058561826236517e-01,8.345464113830038944e-01,6.418524978718396223e-01,9.444410769648500237e-01,3.518800564547180376e-01,4.942186873120322232e-01,5.840562454658555502e-01,8.598116203232429866e-01,7.767035360815998102e-01,4.691821488562594733e-01,6.249379829158374644e-01,7.743868056887286411e-01,6.178639700910604216e-01,8.375768694139109627e-01,9.742622628902740667e-01,5.502561884869888731e-01,3.208899914883903137e-01,8.255295864878711698e-02,4.039434311097954144e-01,9.940932520730113575e-01,4.326039336760024723e-01,7.538298640732120637e-01,7.170824209873497557e-01
8.948473006409126684e-01,9.848219523169576828e-01,8.305468121186760921e-01,6.972200186662567134e-01,8.605152840638244927e-01,2.872213483367564435e-01,1.846533941151446909e-02,6.745237111269033470e-01,2.319467796911364732e-01,6.627433164557481327e-01,9.113385510161072789e-01,7.633490293761865386e-01,9.394456832749936703e-01,0.000000000000000000e+00,8.348029075148091227e-01,5.578664167839917365e-01,8.110463567884905467e-02,7.262190304963146437e-01,4.790504947995979923e-01,9.747857145372402776e-01,9.347982697404843000e-01,8.266791679877457666e-01,7.282995108691161512e-01,2.941708094047589817e-01,7.621279881061920891e-01,6.836945385689086052e-01,7.080938342467574254e-01,6.295736844687623013e-02,6.181286802448919815e-01,2.940817579908865387e-01,4.840173522170535536e-01,7.014928542201243067e-01,3.095390683417704181e-01,8.876968496416141052e-01,9.396488061433934114e-01,4.924904665524419412e-01,1.099380013210893986e-01,9.320576922999379565e-01,8.323677908947891835e-01,6.361842724959536621e-01,1.374383784567956013e-01,8.845634768590454611e-01,4.881180799947405502e-01,6.183902738281786826e-01,9.266290658999996044e-01,2.153222693842939128e-01,9.382881358486683254e-01,9.809897933685218785e-01,5.281550124755085562e-01,6.378384146050697368e-01,6.981206491417224491e-01,5.016343335823711946e-01,6.766846717876358053e-01,9.704059132455449266e-01,4.149667596594207586e-01,7.240142509064876331e-01,7.976180164130386441e-01,8.796134665699171240e-01,5.249606163851129326e-01,1.703459224107272685e-01,4.291272029596926996e-01,7.308953161475552074e-01,8.622592573033922569e-01,5.621985580525074022e-01,4.412821568652525173e-01,8.229255702352710200e-01,7.312904573870824265e-01,7.641430787419005721e-01,6.389056899356535535e-01,8.934931621854497186e-01,6.275520560179614904e-01,6.441131053414164143e-01,6.017352380636982190e-01,6.399756772377581671e-01,6.051851610485774469e-01,4.775373620637423655e-01,7.420553613462570475e-01,5.410977354619511681e-01,4.221517438291497726e-01,5.074995024773019114e-01,5.690014895939039530e-01,7.456857203737100592e-01,8.080426253000188019e-01,2.925033870323408280e-02,8.959779168854974385e-01
8.506169785824123641e-01,6.045850233175497079e-01,4.113728809397967368e-01,5.495327376907381822e-01,1.535713428407894411e-02,6.322471375118188242e-01,2.808040846955217607e-02,8.119599945724729206e-01,4.108204456246408176e-01,6.560920563711553077e-01,6.958516280984754498e-01,9.989191667052288448e-01,9.838970193225005101e-01,8.348029075148091227e-01,0.000000000000000000e+00,7.573049014048602867e-01,4.574559983818706210e-01,8.236951193544720384e-01,8.678706401401308224e-01,7.149488467795082070e-01,9.570892692237165100e-01,8.944374221418913695e-01,2.383161640141391868e-01,9.500169142517596033e-01,7.375038151808133158e-01,7.132287841227527014e-01,7.918333167319026034e-01,1.813123067014248482e-02,3.482305381240543563e-01,2.347536920463318133e-01,6.448469765123197028e-01,9.725313161192638001e-01,7.344588730521669495e-01,7.016189803525541002e-01,9.191846728185945059e-01,4.564028848687370910e-01,2.140504895958362241e-01,3.490536247159883310e-01,8.974481498734190321e-01,9.383945695952344845e-01,5.059895208261707689e-01,6.312773339702421049e-01,4.949917923235905293e-01,9.410779280332126628e-01,6.325976228385811195e-01,8.254258209412133063e-01,9.299140470658106006e-01,4.190403798595805918e-01,6.508079070528181020e-01,7.403086074304288111e-01,5.187170902595291677e-01,2.129339174904897325e-01,5.019134885933675960e-01,1.900708980139174109e-01,9.504552709745119898e-01,9.370513625160922233e-01,7.103786240768057425e-01,9.347216994918001731e-01,9.004579955040389327e-01,6.590363627986328687e-01,4.785806946010684459e-01,7.294608209302611002e-01,2.776371369158984193e-01,9.319498341897105576e-01,8.550524290425428608e-01,5.370637859736968611e-01,7.662803208422603873e-01,8.704532830939257781e-01,6.528154205191591952e-01,5.159946201817191547e-01,6.800243922827995391e-01,8.674777164056620693e-01,6.247977767183823250e-01,3.380456733179558748e-01,5.912290560299540143e-01,3.764387867854399050e-01,9.408064313868002015e-01,7.581860425142079585e-01,3.910811539817116156e-01,5.865124565820034608e-01,2.187083728435601782e-01,7.714526434336536065e-01,9.153964507148696361e-01,6.563074355753677480e-01,7.778129581739404719e-01
6.357747200711639790e-01,8.071946065182071806e-01,9.856898826099373956e-01,7.703850103336260524e-01,7.001578670767596435e-01,7.562776761677940662e-01,5.085994347084038525e-01,5.684999418176767128e-01,3.486722193750921850e-01,2.513961852767244709e-01,7.685837471643017782e-01,4.875907458707742781e-01,9.474145777594139561e-01,5.578664167839917365e-01,7.573049014048602867e-01,0.000000000000000000e+00,8.413206971065078088e-01,6.233290396715186477e-01,7.939338306111405341e-01,7.631532759613696149e-01,6.399006531035101863e-01,9.561950924023879805e-01,6.784127941896687108e-01,7.355183562336802261e-01,-1.526877777395203584e-01,7.297952988882399072e-01,6.521237891012662269e-01,5.510501421884449469e-01,5.265792913109510476e-01,6.328304182052431337e-02,9.269625735464762095e-02,6.147914833094829667e-01,4.046163700447908962e-01,7.857645753717957815e-01,5.523122991617908095e-01,-3.203140413245637030e-01,7.173310568350870220e-01,7.111500531500500877e-01,4.698238026124623712e-01,8.306813476586075717e-01,4.601898212913481112e-01,9.180551112108712442e-01,8.067426541988890198e-01,4.770303845483238603e-01,9.440845077032506971e-01,9.414363691874905182e-01,6.487430426087978930e-01,7.363535699844148130e-01,5.853217371967546212e-01,4.153004807771470408e-01,3.840245534138994055e-01,2.650234388350967696e-01,5.585782776030248087e-01,9.064803822076360484e-01,5.111526812415146948e-01,7.729161423376935680e-01,7.202130942932954971e-01,6.789177499115873760e-01,9.021956732000064871e-01,4.885636234238184272e-01,5.145950665777090371e-01,5.654537795301257663e-01,6.190545236191931089e-01,3.749835381580542970e-01,9.896698325497996773e-01,2.712337582411932305e-02,6.863433843158756043e-01,9.970649654908019244e-01,6.314675551686381727e-01,7.864423501669397520e-01,5.981928040265205304e-01,6.874138238529907685e-01,7.090451983092495025e-01,2.386269422525116035e-01,9.353093213549540375e-01,1.930769682046248326e-01,7.419501771789498434e-01,8.158640258815654800e-01,1.723792560411094021e-01,5.110683664049632258e-01,6.258968389459532711e-01,9.108808061922578636e-01,6.720239080252814468e-01,2.290926747042538736e-01,7.163680372622699410e-01
2.176577886436162068e-01,7.967571887626920812e-01,8.968201730351645917e-01,9.495698430321281025e-01,8.981163454532545831e-01,6.595105413746269463e-01,9.883204761289109408e-01,8.410318835426979778e-01,9.144856348346629416e-01,8.389967145044137098e-01,8.899688525388792515e-01,7.720609696595217564e-01,9.201471361315993747e-01,8.110463567884905467e-02,4.574559983818706210e-01,8.413206971065078088e-01,0.000000000000000000e+00,7.964826342901876188e-02,7.165725599094044940e-01,5.850393174407820807e-01,9.232833486748730500e-01,3.581372497995994886e-01,9.656285319089108476e-01,-1.062305798970438891e-01,4.239213031288480149e-01,6.291368181651399993e-01,7.271857453762621271e-01,5.842316914917935478e-01,6.228440736882928652e-01,7.440108983625692840e-01,6.888142260102724235e-01,7.178810490577713921e-01,1.312182824896918898e-01,8.987185000437812876e-01,8.482113998269980026e-01,5.091314393816488704e-02,4.718986120339930257e-01,2.964342046843245204e-01,5.890555695564618777e-01,8.891271167982024437e-01,2.816453226196946047e-01,6.333837818321708113e-01,9.134312588966458923e-01,5.300650113434575150e-01,9.163527502343425946e-01,9.175369388375783641e-01,9.699019995082134304e-01,9.907959690803480601e-01,9.508338076681118745e-01,4.769923206349477862e-01,5.916637107799965767e-01,7.827317324667406595e-01,5.207124186461938864e-01,9.513906799528356606e-01,8.797959362826146545e-01,9.625101013843566644e-01,7.778162733862391542e-01,5.702309915978830412e-01,2.542146533972538536e-01,7.324183520396173597e-01,1.501187716207758316e-01,8.563452952992594014e-01,9.199164420352862193e-01,9.562140978376628686e-01,6.457582682755532710e-01,7.976850188336959135e-01,6.793711078811710546e-01,8.531147655517414830e-01,8.449994000837722785e-01,7.384443578232322558e-01,7.316989101373798654e-01,6.664354393489358985e-01,3.740534743176329169e-01,5.898443250013234440e-01,8.083050721070867972e-01,6.133567229710101820e-01,7.316599134950803052e-01,9.354832780933360903e-01,3.159533994722206751e-01,3.619554952857715335e-01,9.539451550368709398e-01,8.665803661947365510e-01,7.597454557909658623e-01,5.539001214020338182e-01,9.347460454060311230e-01
7.676766666894585533e-01,6.053725215454981434e-01,8.354276706536156727e-01,6.812652567818578975e-01,9.583261510559495377e-01,6.572892301777188973e-01,5.984267870936866851e-01,6.864458940626040340e-01,2.625358541769376094e-02,9.317257888522910703e-01,9.990696661150257896e-01,7.848885605037629887e-01,6.561456227022347543e-01,7.262190304963146437e-01,8.236951193544720384e-01,6.233290396715186477e-01,7.964826342901876188e-02,0.000000000000000000e+00,5.235343152293719937e-01,9.030727950604898746e-01,8.671045104500412215e-01,7.691140411539753030e-01,6.339394105501181542e-01,9.188635124599131565e-01,4.996769201428855611e-01,8.782610430464702356e-01,7.362929865225121828e-01,9.203532369441415062e-01,3.312175963738999140e-01,9.637758135486979016e-02,6.716774515184309458e-01,3.300842365831387903e-01,3.196759930235701930e-01,5.770374520893023496e-01,4.682988988701231037e-01,2.453810624483032943e-01,3.262201116454752636e-01,7.649930176271587667e-01,9.307732297323175752e-01,6.759172361642989957e-01,2.006052404170207415e-01,8.587394180236181951e-01,9.082706228804301452e-01,9.545400181954841745e-01,9.874939789286376612e-01,6.183091759250667341e-01,9.283902502590907213e-01,8.660892509219624280e-01,5.848768718907668696e-01,7.605739157655327931e-01,3.101942704295537201e-01,5.343330882355719069e-01,5.181209528161536682e-01,2.539326247209408582e-01,9.763108655547163561e-01,3.116088436054963995e-01,7.770360918124746830e-01,7.175990029379256674e-01,7.701226357569617154e-01,2.730183888539611803e-01,4.781539467308030811e-01,9.010467981357730416e-01,3.961960467463723212e-01,8.626549409061547991e-01,8.985079718023407658e-01,8.898760041075823857e-01,7.537680944946878459e-01,7.932035112636328655e-01,4.231454349791138325e-01,6.052028120179817616e-01,5.939823159659095575e-01,3.162646073146369585e-01,5.793881170273218473e-01,1.239412108995270427e-02,4.637115481851733501e-01,5.742343715783391200e-01,4.858229760039739498e-01,8.496124850767561298e-01,4.331703292361904212e-01,2.525156448758192340e-01,4.391262985458039836e-01,5.696633995766895442e-01,7.152201812397234182e-01,3.617289890780737704e-01,9.046886821746782381e-01
