0.000000000000000000e+00,9.461201505799343714e-01,8.361468224944142991e-01,8.007178681130356912e-01,9.314465268678857601e-01,6.485138858906960291e-01,7.743196942384514836e-01,9.791795418401147977e-01,9.423906680428276728e-01,9.353501271906388137e-01,6.263783686698530806e-01,8.378495186776191428e-01,1.338296756121407360e-01,7.341293835627314968e-01,6.153484372880121400e-01,9.407269879609061469e-01,2.379793552385553179e-01,9.033396391178517559e-01,6.423007040563101233e-01,5.634320483061955320e-01,6.180051459940061331e-01,9.807848366010788466e-01,5.302147628439204396e-01,9.975766690912664103e-01,9.843631799638724589e-01,9.202384179321916324e-01,9.124655784075040854e-01,8.376925302006169582e-01,6.381672767727004647e-01,7.987786698491973203e-01,6.389554827636978462e-01,9.038088017666149332e-01,7.122489836577774458e-01,7.738749462107495924e-01,5.876801188249050067e-01,4.338086602821152882e-01,3.742657349633430330e-01,5.760052623182009279e-01,7.696793984051928383e-01,7.958131486713329039e-01,4.891137364392952325e-01,7.910396184770971395e-01,8.971513452186549165e-01,9.740041898483693394e-01,9.136884747212626889e-01,1.806739600956903113e-01,9.197443342121649490e-01,6.636428109210472659e-01,9.044164394659350847e-01,2.661528060696104481e-01,8.403840919252103525e-01,7.112040699657206089e-01,7.437525900960408887e-01,8.164269541169095756e-01,9.902673052168449175e-01,9.844152668138981266e-01,6.215205278135275124e-01,8.469473206544777533e-01,5.893487723793551236e-01,4.764744698670513867e-01,4.443046291866698527e-01,7.243451083253071854e-01,8.435293946923682062e-01,8.671322149955348335e-01,8.771090145331662535e-01,8.788487710109149642e-01,9.808901044899227539e-01,9.063638023684602585e-01,8.443100902061706492e-01,7.019160696537103394e-01,6.796984763620472769e-01,9.169148755873453016e-01,7.323889418270821405e-01,2.134403008978202620e-01,8.024850716176031851e-01,9.747860868326430062e-01,9.009593438999341508e-01,8.186337366749085742e-01,5.487672340307557795e-01,3.900494677932956344e-01,3.840909312201848946e-01,9.853422065313024447e-01,8.369978949864068651e-01,7.615568305603226396e-01,8.285649512846579023e-01
9.461201505799343714e-01,0.000000000000000000e+00,4.484072887717008848e-01,2.553546887987147573e-01,4.767106360895010941e-01,2.605929239294468291e-01,4.132514832946106997e-01,4.666129828824562842e-01,5.332814176228022340e-01,6.130209467528504597e-01,6.585536134122393914e-02,6.188898831325029271e-01,8.297097216466950975e-01,5.636014726088462989e-01,7.958082906103572940e-01,2.250960259959561838e-01,6.319361075831317898e-01,7.500172237594844304e-01,5.941513432123592953e-01,8.576068076045578747e-01,5.500525219404432953e-01,6.680766380737184207e-01,9.997758651757560067e-01,8.129909326826386673e-01,4.129467703354361419e-01,5.961187540415753272e-01,6.226256976356538964e-01,9.829121782740284363e-01,6.637850555051898471e-01,3.935060815637966281e-01,5.064576740336217409e-01,8.379019130701859108e-01,8.740500371807411462e-01,7.744808623202803499e-01,3.747132303781938178e-01,3.324569377550201654e-01,5.725753251792771170e-01,7.915187048600080821e-01,8.580614862220399264e-01,6.903753137496964065e-01,5.525798952153004873e-01,9.101247913948056212e-01,8.922601363912721073e-01,2.086305240575294095e-01,6.956119122612669514e-01,7.543949470967018511e-01,6.800224690955104512e-01,8.419988578570352100e-01,4.335435659030586475e-01,5.076424818008201667e-01,1.661388434971857453e-01,8.151321952836124707e-01,4.348002581711733483e-01,9.479629727829872454e-01,8.089023956419671979e-01,7.261152815128357751e-01,6.183537831895391523e-02,6.882794486762473518e-01,6.077624988225645009e-01,7.201369904087124851e-01,1.356791789924178537e-01,5.150879892728832399e-01,3.805084640419125613e-02,9.058044410287673376e-01,9.313088267061697678e-01,8.954441292700793253e-01,6.902420229590883194e-01,6.554975758144120368e-01,3.019774105106327045e-01,7.378321775943526006e-01,8.286469064146820829e-01,8.432574130179272265e-01,3.789693893458734308e-01,4.637018172143345662e-01,4.797355561776294186e-01,5.260790253634558544e-01,6.872440166729413269e-01,4.642327404355633957e-01,1.441662105684598030e-02,6.354467976358793013e-01,3.001283799327475466e-01,7.245017478092066199e-01,9.173068535292968617e-01,3.494993687153977180e-01,7.424995719233775660e-01
8.361468224944142991e-01,4.484072887717008848e-01,0.000000000000000000e+00,4.592509563761786318e-01,8.874956937859315165e-01,7.633452709303708561e-01,5.210803990762863380e-01,8.650228482699644506e-01,9.073541914541367603e-01,9.680739004222453925e-01,8.556425804866033547e-01,8.343779541041429493e-01,9.970682825958354645e-01,8.297198197735542458e-01,5.146279602443296630e-01,9.903314611897824360e-01,7.857749133362250671e-01,5.042281255887602898e-01,6.302823422117006524e-01,6.193581692573973951e-01,8.175497476826165677e-01,3.155869115562885407e-01,2.310503898402045675e-01,9.109447568413313601e-01,8.173858635978369369e-01,6.124351347190319927e-01,6.883539018904579754e-01,9.830905692091548298e-01,9.258864296155722151e-01,4.959045889031465926e-01,2.176906673272772375e-01,6.192214566315141777e-01,6.178784348557067041e-01,9.993143067939407320e-01,9.528236112413717152e-01,3.815373794739780888e-01,1.979778760991685316e-01,8.608208693193187822e-01,8.846209185090037064e-01,9.815286295534895178e-01,3.236386750653368893e-01,7.453509549378742882e-01,7.361569832482768305e-01,9.561175983281076096e-01,8.992820443147644394e-01,8.561418379323852967e-01,8.156376023462122982e-01,9.810313401208138329e-01,9.624040684058616790e-01,7.666108652142429314e-01,6.886543706020228361e-01,5.607386392748107129e-01,9.378258988759562431e-01,7.863524696608198417e-01,8.490501720617980030e-01,9.354711233164184625e-01,8.014816211939148616e-01,2.410422332472262896e-01,6.465829813953789529e-01,2.163708860778894016e-01,5.213150575173749468e-01,3.384210149691418978e-01,8.976669075868038972e-01,7.594684869082274359e-01,9.948196051899811376e-01,8.829090505254427734e-01,9.948983448251333961e-01,5.324347562563873648e-01,7.366859149145998931e-01,7.508158534354887337e-01,8.271184519403534940e-01,9.175897315429631940e-01,5.857339677520462251e-01,3.481167806046536750e-01,4.987973530112491116e-01,8.902051059009608025e-01,2.111203304503133649e-01,9.189687328181118664e-01,6.685475359716326338e-01,4.970075324339913170e-01,9.690383156775871365e-01,7.706203933997866073e-01,8.472519297737957089e-01,8.985698215451575210e-01,9.737233586794636908e-01
8.007178681130356912e-01,2.553546887987147573e-01,4.592509563761786318e-01,0.000000000000000000e+00,8.114927976679153776e-01,7.649550958842434856e-01,1.129006384468763113e-01,7.356316241269529321e-01,5.520986912367139565e-01,9.560580815404831068e-01,7.498859909876973706e-01,4.188339408733208341e-02,6.279444305258000680e-01,4.121845881386281274e-01,5.863560247923426116e-01,6.386571635608533359e-01,7.502288344436982559e-01,9.481503646865778734e-01,6.502589818022516122e-01,8.940671890890701246e-01,8.492185639100335859e-01,6.461154753323108402e-01,5.314622686681991226e-01,9.211105607260280381e-01,7.291538237364022512e-01,7.669433027154926030e-01,8.232632062732357925e-01,8.480222403315066382e-01,4.997967732959995857e-01,4.343531117714385381e-01,7.172290187284051655e-01,5.928640982834938455e-01,8.925976718963810619e-01,7.133633925501654538e-01,6.810375747341859132e-01,4.804783260163339453e-01,4.800413497459609657e-01,7.601761682053459479e-01,5.902728828007326456e-01,6.958342379288161572e-01,3.156314007138488198e-01,6.924213383295834134e-01,4.914911612336828606e-01,7.759238666585220878e-01,7.594150221582677274e-01,7.096839209062193454e-01,4.047819571514309489e-01,8.639701829306297709e-01,6.969782972097615659e-01,3.686830505605621644e-01,8.657594576939714459e-01,4.107472580021418462e-01,5.869219617949344991e-01,8.221581436669583853e-01,8.907539846225780433e-01,6.789756995434486075e-01,9.956446324625219946e-01,4.867668079464631536e-01,6.082788131574872192e-01,6.734181931027516388e-01,6.299283904143858637e-01,7.944353169144023896e-01,5.655439392472441096e-01,8.251781641545240520e-01,4.670944553993655601e-01,8.707021687183621461e-01,6.380060261751625550e-01,9.784693024211857937e-01,6.315772112943280892e-01,5.446101661719989773e-01,6.863009835783547841e-01,7.500793360664061993e-01,2.807808407549415852e-01,7.554728478594732177e-01,4.589834808989116111e-01,6.571409516107959981e-01,9.589722168486125575e-01,5.914274614229552141e-01,6.126325274709546465e-01,6.487213968298396471e-01,9.960139957854655668e-01,8.160769327725347910e-01,9.512815659279244551e-01,8.095662179104602396e-01,7.836246460776515876e-01
9.314465268678857601e-01,4.767106360895010941e-01,8.874956937859315165e-01,8.114927976679153776e-01,0.000000000000000000e+00,8.743684465818630791e-01,7.846550121755920815e-01,5.470221310586951269e-01,3.840089836198767315e-01,4.024102623835894565e-01,9.457198648928172302e-01,9.220052418898184721e-01,7.731677323170947913e-01,9.847926813183409678e-01,5.695970223903337182e-01,4.014193360146313116e-01,6.686049947083588796e-01,7.666132695822857057e-01,4.032947595800579488e-01,7.370670300850219459e-01,9.051523617637343699e-01,8.415844466149511316e-01,8.582575383744607267e-01,7.998904803665536356e-01,7.374084536427376602e-01,8.411504597496913815e-01,8.421149948934101293e-01,6.740837185213480742e-01,1.259930658538057080e-01,3.111725109099106601e-01,4.579806816407507308e-01,6.250411489424667622e-01,7.515798644983412435e-01,8.745015297208986738e-01,7.025686224674552172e-01,5.051451550947574365e-01,7.035071920677414825e-01,7.795529793495831195e-01,9.376338405186642744e-01,8.662442629610559441e-01,2.397562566065224998e-01,7.735446589206158574e-01,9.079798605683313539e-01,9.977020115036520087e-01,8.846698414063889349e-01,8.943759514496320007e-01,8.475189404549131611e-01,9.538717594214354278e-01,5.076878105550038933e-01,5.069892879173166778e-01,8.711791721415759193e-01,9.682174785174678666e-01,9.641668075185957365e-01,9.134402069831732973e-01,9.399264718931658047e-01,9.546914481709123379e-01,6.679688208563475671e-01,7.047971553515729459e-01,5.453990072371754927e-01,4.314199425423431156e-01,9.418658469768914632e-01,6.491616741966831361e-01,6.764495075299440385e-01,9.188888796151396532e-01,6.187218024547727069e-01,8.939125594564983901e-01,5.858016750346981549e-01,5.926194626909151442e-01,4.184868367695734337e-01,2.832399259043019701e-01,9.038850731090712909e-01,9.061430444076465918e-01,9.832862559937168845e-01,7.203697938100297460e-01,7.166787352415787682e-01,7.632324426203823675e-01,9.897561172628759341e-01,1.423859116182903985e-02,6.130106276440441260e-01,5.225181205130059459e-01,3.775886642538340832e-01,8.786123830537297952e-01,9.155517333205079877e-01,6.651930814913931123e-01,9.165594476017556724e-01
6.485138858906960291e-01,2.605929239294468291e-01,7.633452709303708561e-01,7.649550958842434856e-01,8.743684465818630791e-01,0.000000000000000000e+00,6.761366582200769582e-01,8.771562473940964777e-01,4.463854877559220169e-01,5.035480538489276459e-01,7.800477980156355073e-01,9.391046524345547653e-01,6.407575612539389009e-01,8.487435311440838515e-01,3.388837659928812807e-01,7.514129479856750393e-01,6.152346961364604239e-01,7.497671399341678811e-01,9.413875495258167136e-01,5.911820776049179216e-01,8.269081071487955903e-01,5.408368897304154377e-01,6.981934137271510465e-01,6.475221417050682771e-01,5.802718850326500366e-01,8.149889753552015392e-01,6.457914311830110776e-01,9.282827742667300042e-01,6.161276346269392024e-01,6.368614334297932889e-01,7.022915365599324833e-01,6.372449746608979115e-01,7.297222018023775680e-01,4.823115909241959542e-01,9.960071147127236291e-01,3.596688065303866866e-01,2.000856898231106462e-01,7.838859677637977086e-01,7.007975358557788637e-01,5.338057136474384512e-01,5.771551341479055353e-01,9.939207490857571159e-01,7.313707622541035791e-01,7.161073180099882807e-01,6.041285932465508823e-01,9.242633482305071535e-01,9.295741510918399397e-01,2.718202681993406311e-01,3.233718713816541301e-01,6.269015192097463496e-01,7.221800232186893487e-01,7.354908142165259566e-01,6.371956407325694016e-01,5.212334976814039234e-01,8.912647625895032677e-01,6.765332306772520177e-01,9.779101210080847206e-01,6.923416160301021360e-01,2.961120337704812311e-01,5.017481524135690707e-01,4.338703307020026489e-01,8.209919149084954348e-01,7.001508719743725351e-01,9.011080506362462161e-01,6.894253783186382600e-01,6.459360447823991880e-01,4.994870024160796840e-01,8.142935526971840643e-01,8.584355135966598160e-01,4.666473411445480890e-01,6.285425424204006406e-01,8.133408095130161275e-01,5.603559915967505356e-01,1.899813455564779707e-01,3.458352814997899261e-01,6.822811168486864197e-01,6.406390782752898749e-01,5.725082311767102361e-01,7.528226782156060004e-01,4.901645616527428029e-01,6.317489985911781680e-01,7.878299539212851865e-01,7.426383502181236329e-01,3.612684420234125726e-01,5.660298551152554390e-03
7.743196942384514836e-01,4.132514832946106997e-01,5.210803990762863380e-01,1.129006384468763113e-01,7.846550121755920815e-01,6.761366582200769582e-01,0.000000000000000000e+00,6.153183693087548312e-01,6.211372681584411692e-01,9.445483057185481979e-01,6.356690940947115065e-01,4.184939273534410975e-01,5.090172817278821871e-01,8.885431600343979275e-01,7.906657799409468890e-01,3.010564783149276558e-01,7.321808387111395922e-01,9.332878731524018034e-01,4.115570410098030596e-01,8.163856166208715015e-01,9.442166098497490889e-01,8.720923982993937784e-01,4.241754861462833093e-01,9.971237252316789146e-01,3.877055512456029640e-01,3.389266305262993439e-01,7.909023565915134224e-01,7.189605815789064103e-01,5.590069275965577900e-01,5.809144560129682056e-01,6.908963437048045719e-01,5.642725583230389086e-01,4.621572215194559852e-01,2.305424929239754672e-01,4.889452427758788633e-01,2.322132475276298680e-01,2.628442275423241159e-01,7.251601476139339919e-01,7.247378090441758403e-02,8.606053434253801981e-01,4.260653552621451734e-01,6.389783995525318838e-01,6.022815159182384193e-01,4.321474495961932782e-01,8.204947141798246690e-01,5.255467537227491714e-01,7.223105934066238465e-01,4.282120664884689343e-01,4.207622341918131892e-01,6.741861354576350607e-01,9.708792359862368215e-01,8.051373479843183523e-01,7.652112207073921146e-01,6.420075939230657225e-01,6.678051659278331220e-01,9.225605661852172013e-01,7.942861965839218552e-01,7.611949979628129803e-01,9.718005911666965924e-01,5.019553300560113396e-01,5.288261311674616882e-01,2.775888153320666962e-01,7.019579621182014950e-01,9.648715859297003483e-01,4.900812528288123193e-01,6.675245087503844932e-01,5.712290680558174127e-01,5.808743569526072514e-01,6.697960653788492813e-01,6.905683028283190472e-01,7.890040420654680364e-01,3.118698701788673033e-01,2.526490497104657562e-01,7.641537649503731267e-01,6.103435928168771119e-01,4.025305900669732262e-01,4.999728797070473324e-02,2.228886960207029089e-01,1.898544341453141382e-02,7.943326868540045993e-01,7.476131117526600978e-01,8.631509021616261546e-01,6.244962842550174642e-01,7.761833456849370760e-02,6.303178532220267138e-01
9.791795418401147977e-01,4.666129828824562842e-01,8.650228482699644506e-01,7.356316241269529321e-01,5.470221310586951269e-01,8.771562473940964777e-01,6.153183693087548312e-01,0.000000000000000000e+00,7.757896102966792551e-01,5.496107560454762675e-01,9.614118450054417453e-01,6.459547279710050605e-01,9.936448077718065264e-01,9.163046702142763067e-01,5.828792753969913587e-01,5.952615111886906396e-01,9.413844511456823660e-01,6.454111176303866104e-01,9.244164264724332725e-01,7.899349766097859549e-01,2.897146502504955312e-01,1.401347051278576117e-01,4.087434421604399515e-01,9.153503939843459225e-01,7.559990540625567412e-01,7.776517195669282456e-01,8.354902900314643555e-01,5.445774036163512077e-01,4.104381470370531693e-01,4.649211569980439829e-01,3.465103977150666426e-01,7.798500051129699795e-01,9.683323414515012661e-01,9.067763270860054181e-01,4.605752823493870496e-01,2.716122782369234101e-01,1.675296687974325849e-01,4.312562242191958495e-01,8.255855977253031552e-01,6.945707272916307184e-01,4.720656385193284232e-01,4.505779806500422313e-01,5.749195705645889776e-01,9.218492875038993839e-01,7.387331908809917635e-01,9.829776659231286295e-01,2.763157739831370030e-01,5.860943900870543288e-01,7.789965360746293754e-01,4.672384044491128541e-01,9.397613820575506649e-01,4.370992855964374590e-01,6.692993332522617633e-01,7.491439477288560633e-01,9.046934919298919020e-01,6.187629596942184618e-01,9.691206034822950066e-01,4.272880176134754571e-01,4.967880378082245585e-01,4.479017375990661520e-01,7.714797456570394729e-01,7.586071099977583776e-01,8.630890677641219755e-01,5.928578743757131342e-01,7.779376075056656514e-01,5.325680392741957148e-01,6.186544477792377261e-01,7.259681575705316803e-01,5.817318198894414483e-01,7.444001119677385869e-01,5.193318335599689251e-01,3.779574224335337518e-01,3.982348022586958969e-01,2.909113450643339149e-01,7.147910814473188434e-01,4.674579516719644112e-01,4.034185109918605461e-01,5.578248744040119611e-01,7.530031454509920064e-01,1.303926279692726453e-01,2.545811499635809438e-01,7.752214334198926915e-01,9.810309413582368743e-01,9.710726623280137026e-01,2.466480862671241447e-01
9.423906680428276728e-01,5.332814176228022340e-01,9.073541914541367603e-01,5.520986912367139565e-01,3.840089836198767315e-01,4.463854877559220169e-01,6.211372681584411692e-01,7.757896102966792551e-01,0.000000000000000000e+00,6.315944172297892623e-01,7.186333086198040121e-01,7.176281447711274630e-01,9.202502731253197066e-01,9.590432882870079112e-01,9.332002622265770375e-01,5.678348941513411408e-01,9.581624438095566187e-01,9.217011315553818029e-01,7.080150629063417522e-01,5.608165778127744971e-01,6.866867220815007222e-01,2.504176972266320411e-01,9.488938562974013058e-01,8.012561444399537436e-01,7.846146400178861668e-01,2.710239782611856274e-01,7.046179739960758415e-01,4.790431399250104083e-01,2.294991649690537594e-01,4.935282251826978994e-01,9.693781801825851474e-02,5.967408402682616853e-01,4.455167746509361981e-01,7.702723686593471175e-01,5.649241712873738219e-01,4.869536457385366113e-01,1.707769443620014427e-01,3.116417796461460332e-01,8.127881519097499563e-01,5.998001132394978896e-01,7.841277794699264003e-01,9.090261238936625521e-01,8.420265581016078693e-01,8.931953518964574901e-01,4.294810017527416757e-01,6.060056430270823746e-01,4.029783486721883468e-01,6.597264383939616117e-01,4.931772351083861805e-01,6.968211455133359600e-01,7.827187945120966939e-01,2.601260649260023761e-01,6.625514584158301856e-01,8.188651655682332997e-01,5.450709290203645807e-01,9.121607208693950364e-01,6.828294351140880014e-01,7.633705850599802334e-01,2.612477158072143979e-01,5.015749822746388142e-01,6.951606644619755526e-01,4.439002288719501865e-01,3.444206391400681522e-01,8.492689448160670729e-01,9.566832751174447758e-01,7.150924224803106855e-01,7.257226466975101875e-01,7.018054304035667990e-01,5.628226127174551507e-01,4.666237224815247830e-01,6.917910751333791186e-01,6.889022896834190446e-01,4.156715674356483703e-01,4.787969686944674730e-01,7.320895689945404461e-02,5.658774537184012576e-01,6.799029534081904025e-01,3.204503564308832653e-01,6.552600875128136160e-01,5.416933088107936944e-01,6.973170550455451977e-01,2.595935828692107483e-01,6.947820354731210069e-01,9.866568032908690222e-02,6.824368812370491533e-01
9.353501271906388137e-01,6.130209467528504597e-01,9.680739004222453925e-01,9.560580815404831068e-01,4.024102623835894565e-01,5.035480538489276459e-01,9.445483057185481979e-01,5.496107560454762675e-01,6.315944172297892623e-01,0.000000000000000000e+00,8.949912388315746092e-01,6.453926375383194358e-01,4.670049081084409193e-01,6.612349330732368857e-01,2.272445122961288741e-02,8.558618728508519125e-01,8.270618201249585466e-01,3.863311203199835120e-01,3.183365587397398722e-01,9.962469616615352574e-01,2.474781193884539598e-01,3.865545666345208131e-01,6.708740242253080632e-01,7.123818233326582039e-01,6.524972207754677900e-01,7.112773583999685290e-01,9.426444399206268532e-01,6.695706727352779275e-01,6.167167624284508598e-01,4.258106831294484196e-01,5.459627409674066012e-01,6.512951657592057630e-01,6.437505922420708737e-01,7.791999442964894218e-01,6.562816901897844390e-01,7.143743498414083515e-01,2.206593221244518843e-01,2.027023223325371271e-01,8.017870992387862161e-01,8.060562801010384693e-01,2.323026835698182579e-01,9.972858172832126389e-01,3.198514948109894007e-01,9.378807037397218771e-01,9.622624949217861712e-01,5.621289779748054327e-01,4.314682506682713248e-01,4.481826157339632855e-01,9.130201837231232131e-01,4.590029713216166596e-01,7.661897547879853443e-01,9.331329421861758178e-01,4.123141424990622861e-01,7.880446033845341924e-01,4.617763120937843357e-01,8.128525021338265377e-01,7.021459025397601694e-01,9.130767896412425033e-01,6.903190784936984459e-01,6.540880681257748019e-01,4.009192664063196410e-01,4.578903413407015566e-01,8.179610997615687218e-01,6.109454324513446943e-01,9.588227874362290626e-01,5.076023568819593157e-01,5.065806489696391690e-01,4.821354035003272420e-01,7.798336708351598645e-01,6.669197759004771298e-01,9.252530813222747952e-01,7.018067827995445596e-01,4.716326067673068945e-01,5.479599567843040919e-01,7.881898182516940965e-01,7.644765127738443189e-01,9.405584210826127833e-01,4.676008694108398922e-01,4.379982658921038885e-01,3.430275471610422233e-01,6.192043746007163119e-01,5.499902613968195020e-01,7.855929906888731162e-01,-5.664109999152810992e-02,3.949656686815173900e-01
6.263783686698530806e-01,6.585536134122393914e-02,8.556425804866033547e-01,7.498859909876973706e-01,9.457198648928172302e-01,7.800477980156355073e-01,6.356690940947115065e-01,9.614118450054417453e-01,7.186333086198040121e-01,8.949912388315746092e-01,0.000000000000000000e+00,9.883675304416947860e-01,6.815471973909323911e-01,7.650878633355222558e-01,5.587644325767868736e-01,7.079263254515232306e-01,8.914217987446897418e-01,8.992765426849710364e-01,9.100270787549440410e-01,8.773793734766105468e-01,8.678637185870782256e-01,4.415418424358157901e-01,6.061219884220463427e-01,1.535408922808401133e-01,4.122997074122659589e-01,9.310366008117527681e-01,3.933110299174210622e-01,6.816447551556241713e-01,6.219450597068485465e-01,4.374664411656856156e-01,6.811742685848839463e-01,7.162419451719788110e-01,2.741665439303132557e-01,9.226148469738124636e-01,7.178146803664170461e-01,2.070547645617562549e-01,1.852464833058231897e-01,7.662496720610834089e-01,8.513423955305416957e-01,7.242200915081200563e-01,2.830713863499302319e-01,5.183895292378890574e-01,9.320686824025556927e-01,6.122927192722814604e-01,7.893065045569089833e-01,9.919769828101684395e-01,7.989804203774376612e-01,6.385713501433141204e-01,5.298026365676921090e-01,6.961426491107715053e-01,6.664725076191658770e-01,1.212050540829237022e-01,6.195330024519948298e-01,8.417472987275524954e-01,9.151215178187785959e-01,8.377607291739905815e-01,6.878352883318146205e-01,7.632411963671301702e-01,7.060468505943788831e-01,7.990640704896914137e-01,4.205336631423193250e-01,9.896884264569261180e-01,7.482441076893908694e-01,7.220857732255353545e-01,5.767220415582305915e-01,2.758474508390978963e-01,8.654603439707387880e-01,9.816769728073190260e-01,7.940580127060252735e-01,8.705241493216591131e-01,8.149924348755410719e-01,9.256773364839159246e-01,3.168823695362327775e-01,4.536098283888925220e-01,2.818137283639848834e-01,4.274115600326734987e-01,7.658172442385561274e-01,2.388792780785934933e-01,6.111794337219992324e-01,1.907723777593799408e-01,1.498879882688512744e-01,9.418845362343508665e-01,6.261293118010013981e-01,5.480333268493615684e-01,5.674701098526193643e-01
8.378495186776191428e-01,6.188898831325029271e-01,8.343779541041429493e-01,4.188339408733208341e-02,9.220052418898184721e-01,9.391046524345547653e-01,4.184939273534410975e-01,6.459547279710050605e-01,7.176281447711274630e-01,6.453926375383194358e-01,9.883675304416947860e-01,0.000000000000000000e+00,5.813395036943860283e-01,8.530986834725128309e-01,4.556377920449902197e-01,9.040321113602316494e-01,9.830879555381673018e-01,9.259041562652213786e-01,8.044629628419489586e-01,6.662618996769742452e-01,8.252172846424951080e-01,9.210760433912675849e-01,3.196025967473015705e-01,9.109892971692924446e-01,7.564641596322775330e-01,5.380381561803080359e-01,2.649336362397605726e-01,5.121119954103341421e-01,7.398901822869211609e-01,3.351920333322129242e-01,1.854519291552056137e-01,4.748995983809370935e-01,6.870958777784973437e-01,8.413290167576671363e-01,9.695141642952673777e-01,1.342948697601973329e-01,5.133467558053449453e-01,7.649849332562699278e-01,7.751720501034597977e-01,4.418890771360878822e-01,5.309220438301072154e-01,5.554883364437170901e-01,9.238095604243847792e-01,8.923874184865248083e-01,7.579555611958698202e-01,6.385805428516075910e-01,1.499525369031271260e-01,5.662140184657902253e-01,6.191170216843175922e-01,8.281143847800671587e-01,4.850164191680934600e-01,6.418848190200179271e-01,7.887030242431440907e-01,8.892760420686830480e-01,8.678044710468308942e-01,6.375492238430902070e-01,7.100335943786770798e-01,9.346106916820343669e-01,7.828854954218900097e-01,7.580053318836459386e-01,3.285292550003371947e-01,7.305778141167194040e-01,7.257445244664076922e-01,9.726824040830799323e-01,7.693185214220197299e-01,7.818284047986709950e-01,9.381115947201221772e-01,9.734624904517152899e-01,7.579830410469450275e-01,7.304051316029016583e-01,2.329750827575991223e-01,3.053436026693332472e-01,1.928725432948369956e-01,4.215677102136512477e-01,8.849075150652748745e-01,9.482371296357295920e-01,4.689007783610696367e-01,7.905018124453071504e-01,4.605515107981176248e-01,6.693425362480738272e-01,6.002562027642265319e-01,9.099471046414809861e-01,6.801927529233539049e-01,1.154838662090186124e-01,5.997000394528539946e-01
1.338296756121407360e-01,8.297097216466950975e-01,9.970682825958354645e-01,6.279444305258000680e-01,7.731677323170947913e-01,6.407575612539389009e-01,5.090172817278821871e-01,9.936448077718065264e-01,9.202502731253197066e-01,4.670049081084409193e-01,6.815471973909323911e-01,5.813395036943860283e-01,0.000000000000000000e+00,4.191191686971872943e-01,7.949334753238427309e-01,1.506206788719486045e-01,9.758400775305553498e-01,4.439860914429649141e-01,9.598957146602935531e-01,9.382114321414551927e-01,8.851195661160710104e-01,9.383690803778863554e-01,9.452278500558867202e-01,7.483472019753818483e-01,2.283122903240840107e-01,7.219270252698568591e-01,9.113366082772982324e-01,7.348269113177988698e-01,2.978377309727833211e-01,6.142101235743866461e-01,5.648002318537359567e-01,6.188117908345277529e-01,8.807544428509737067e-01,8.622066700722800237e-01,6.471283603665437534e-01,7.509004093070987818e-01,3.967553655141330404e-01,5.350898659439642380e-01,6.446049462954340781e-01,7.788325288256368051e-01,2.100459053323801561e-01,8.388828166515847062e-01,6.840642564172897400e-01,9.709795997964247860e-01,8.875523208082561899e-01,7.941995247221800280e-01,8.656832624232531082e-01,9.620270505329650002e-01,8.002144477896605546e-01,8.772356673545350647e-01,9.068147545364036999e-01,7.693116800972512603e-01,4.287328425950518440e-01,8.433932363306206881e-01,2.010098152164295771e-01,9.201295731106200471e-01,9.266832294204068177e-01,6.981007558632721377e-01,7.606923880271394545e-01,6.233788508567852382e-01,5.773890800091596720e-01,9.681486837214696717e-01,4.612614134910411612e-01,7.902333940906827170e-01,4.575629299310519649e-01,8.576159984553967108e-01,6.752904285722758360e-01,7.041216451137242149e-01,7.981311294155886138e-01,8.453925894708912425e-01,8.878383284861192104e-01,7.354249411182576246e-01,4.848827247091967024e-02,6.496886567141728630e-01,7.495925720179402729e-01,9.884873126063528082e-01,2.169474600422467980e-01,7.396835038764659753e-01,3.333129400166460199e-01,1.993656070627092269e-01,7.361657852472869301e-01,8.066149056740518075e-01,4.371705916586859919e-01,5.275372941850245967e-01,6.612734413223975150e-01
7.341293835627314968e-01,5.636014726088462989e-01,8.297198197735542458e-01,4.121845881386281274e-01,9.847926813183409678e-01,8.487435311440838515e-01,8.885431600343979275e-01,9.163046702142763067e-01,9.590432882870079112e-01,6.612349330732368857e-01,7.650878633355222558e-01,8.530986834725128309e-01,4.191191686971872943e-01,0.000000000000000000e+00,7.788526211941562138e-01,8.356251388950201031e-01,6.946794927394502883e-01,8.873270258079341000e-01,7.129288837868551498e-01,7.834914650994757590e-01,2.825872301207944526e-01,3.587803574373450988e-01,6.568471522814741670e-01,2.310094957088867917e-01,6.938797567939419819e-01,6.082762790698530431e-01,6.159264939864920185e-01,6.604196096829259011e-01,6.705067435293474709e-01,6.670534070934962534e-01,3.465878536659745546e-01,2.527141045792314356e-01,7.130788071869995637e-01,5.264640284192100284e-01,8.966435462916227950e-01,5.722646877566542889e-01,7.852534519784172273e-01,4.835742395046932485e-01,7.672469626913426266e-01,3.817221385116200683e-01,7.970006041390561569e-01,2.878919350002704380e-01,8.522943939806620905e-01,6.252692297727951987e-01,8.067003618404589016e-01,9.347883399366418988e-01,2.706121654918537955e-01,7.318813075375641963e-01,8.961472669051651074e-01,6.477183632619403220e-01,8.708770468089478411e-01,5.194319266231864907e-01,9.471795791339611137e-01,5.742215452997803116e-01,7.911891270771608253e-01,9.481122529307243196e-01,6.629056607191212702e-01,6.235441571352532408e-01,7.652243637351411332e-01,5.638686335830573881e-01,4.301017687842014214e-01,7.924852882114102881e-01,7.242193826176334115e-01,8.142717618307703242e-01,7.296618543563812009e-01,9.631625348865340275e-01,9.375131505131776288e-01,6.560167941866877905e-01,7.909646648864776530e-01,9.875500172273214972e-01,9.944994545280834153e-01,4.105871261517625714e-01,8.929356321457857515e-01,6.995852937420473650e-01,7.653133451907445650e-01,6.226493893272249114e-01,7.568549949374954178e-01,8.052134125110256280e-01,3.320399712194516129e-01,2.408200694743719006e-01,1.258666899620455581e-01,7.649772417526612411e-01,6.617733631443234454e-01,3.147144320348225777e-01,7.440531444335451994e-01
6.153484372880121400e-01,7.958082906103572940e-01,5.146279602443296630e-01,5.863560247923426116e-01,5.695970223903337182e-01,3.388837659928812807e-01,7.906657799409468890e-01,5.828792753969913587e-01,9.332002622265770375e-01,2.272445122961288741e-02,5.587644325767868736e-01,4.556377920449902197e-01,7.949334753238427309e-01,7.788526211941562138e-01,0.000000000000000000e+00,6.520374927311367586e-01,1.320100743651505815e-01,8.841517778831088289e-03,7.585218694603109713e-01,9.347438417137355904e-01,2.132855126353129238e-01,8.550776262000229222e-01,9.668521261229437447e-02,4.905251048453311835e-01,8.419087867907234513e-01,4.029381730567627162e-01,7.173121060901264112e-01,6.436304485684494203e-01,7.372514047072418197e-01,6.080848312752747953e-01,7.796786095787224813e-01,7.095707010965175421e-01,2.980520959899817246e-01,7.088283279581761853e-01,8.258904316590104377e-01,3.923231689548001278e-02,2.831395471898086047e-01,7.108134911549131019e-01,9.188022432113566174e-01,8.844685786997636967e-01,1.690314154927721191e-01,6.927142086944897414e-01,6.294983849981053980e-01,5.598435158258308064e-01,9.617731204615510565e-01,6.481736410701000040e-01,7.768503808530138333e-01,4.286073330579746599e-01,5.926661255629942504e-01,6.995099971312903619e-01,7.429508887439887355e-01,1.994972748533441476e-01,7.558874503888306506e-01,7.891643030160664374e-01,4.507276209092775376e-01,8.322639023677941283e-02,6.923748434625561776e-01,6.771891059021859505e-01,8.395554056467752213e-01,6.846731273220080238e-01,3.392667893633091181e-01,8.117467955376569400e-01,7.053564205924939268e-01,7.701228763143961320e-01,9.044907742762575698e-01,8.990274413728439606e-01,7.635177690412139340e-01,5.932941470286876573e-01,4.626832232628881325e-01,4.068171169415657484e-02,6.997398206096848705e-01,6.878096567570973763e-01,5.741875181100652981e-01,2.006064958511337426e-01,5.740503626444443119e-01,7.592176326102525463e-01,4.214174822505698526e-01,7.228554329095190356e-01,-1.650373869499966450e-01,3.399608998804017346e-01,4.234676660164456430e-01,7.440805970717726536e-01,2.934785990000032818e-01,7.536317972533006504e-01,7.419240224422343211e-01
9.407269879609061469e-01,2.250960259959561838e-01,9.903314611897824360e-01,6.386571635608533359e-01,4.014193360146313116e-01,7.514129479856750393e-01,3.010564783149276558e-01,5.952615111886906396e-01,5.678348941513411408e-01,8.558618728508519125e-01,7.079263254515232306e-01,9.040321113602316494e-01,1.506206788719486045e-01,8.356251388950201031e-01,6.520374927311367586e-01,0.000000000000000000e+00,9.936551616105591123e-01,-1.876613103711047559e-01,5.809154683850801248e-01,9.788109191022299482e-01,9.626859311319613255e-01,6.174969611284947257e-01,5.440844317965609633e-01,4.963680941536142699e-01,7.321459015659588232e-01,6.251542910062209968e-01,5.920356601718300693e-01,7.930558180859315076e-01,5.129913243855577232e-01,3.855047454760283099e-01,3.736509479121693511e-01,4.074794978872606777e-01,4.885871457758453329e-02,6.880588188966937357e-01,7.037836144718332410e-01,1.074455916298068803e-01,3.078630278227704187e-01,9.773706226407190556e-01,9.629551930366617718e-01,8.301050380875988344e-01,2.473421430134205012e-01,5.138678854515434935e-01,8.873151824170582014e-01,8.497193112758517630e-01,9.815298540403192273e-01,7.588115611771572011e-01,9.131760052794982707e-01,4.358473307101708438e-01,7.854955357176228725e-01,4.188931110423723680e-01,8.747419765891870647e-01,6.722787801762863946e-01,8.202824587991791594e-01,9.396251335971496088e-01,9.616084790994013920e-01,9.847207329680538468e-01,4.569629364317099873e-01,9.576420445981196350e-01,7.159982573771282999e-01,7.389540751421870279e-01,5.162894874751968732e-01,-2.288655161657024983e-01,8.005604984977513494e-01,7.384886978953453252e-01,2.082224008718892294e-01,6.074997898899442417e-01,9.347640640394179190e-01,8.879747079497118945e-01,6.795475570890970873e-01,4.798267498691689004e-01,2.883851383852412131e-01,5.680731226430373315e-01,8.280586328963424059e-01,9.249880935648078228e-01,4.796759279894055039e-01,7.082000817558785632e-01,6.987641549050866985e-01,4.703074176819379004e-01,5.470924152804296225e-01,7.921389233286317832e-01,6.049491986708653846e-01,8.259776579966201515e-01,9.863679807936993615e-01,7.832680328682131154e-01,6.381512540641149922e-01
2.379793552385553179e-01,6.319361075831317898e-01,7.857749133362250671e-01,7.502288344436982559e-01,6.686049947083588796e-01,6.152346961364604239e-01,7.321808387111395922e-01,9.413844511456823660e-01,9.581624438095566187e-01,8.270618201249585466e-01,8.914217987446897418e-01,9.830879555381673018e-01,9.758400775305553498e-01,6.946794927394502883e-01,1.320100743651505815e-01,9.936551616105591123e-01,0.000000000000000000e+00,9.288990655024914611e-01,7.432677202666446714e-01,6.396750307598881857e-01,7.705089006145866559e-01,7.387257072401512970e-01,2.383098394456067137e-01,5.413711775013518857e-02,2.725269841913165458e-01,2.592892991770759936e-01,8.035631104926412860e-01,8.670832475756549140e-01,1.825645882294932576e-01,3.668249230089286606e-01,5.699126935114655623e-01,7.027835633239417623e-01,7.068946729569608456e-01,9.197359968841996025e-01,1.072255805970558779e-01,9.254792398500480965e-01,4.444562063842304456e-01,4.863294176968136484e-01,8.009574121252581724e-01,6.535224217051209816e-01,7.234483911431119907e-01,9.073532920309732575e-01,9.181095840058280944e-01,9.599563406432266577e-01,3.893586120464648803e-01,6.836260906349517219e-01,6.557692256122962249e-01,6.351362743383208720e-01,8.196825935712505062e-01,9.999493989137759886e-01,4.480735294444003758e-01,8.202050038821815381e-01,2.982309849082382947e-01,5.539343411598923739e-01,7.815679541938883590e-01,8.454342182967267139e-01,7.035790466637887874e-01,9.537775293656288733e-01,7.765685095066117150e-01,3.202088573758112844e-01,8.580726019440179653e-02,7.115374039425844677e-01,9.418551571174282877e-01,8.621198462299810572e-01,7.620790485918336188e-01,3.202578961783142386e-01,8.424382951984158430e-01,9.621119895167096203e-01,5.352813148696282664e-01,6.700315634445394020e-01,8.580059701233335723e-01,6.087059495162424616e-01,4.698466696565307271e-03,7.161350165886409824e-01,6.751121761382763431e-01,6.596897271370818494e-01,2.551381691814469388e-01,5.327830670719729822e-01,2.232649083081809371e-01,2.629631745800338205e-01,9.380923946504324817e-01,2.456039104800145645e-01,9.828373850943727952e-01,4.671472014533935291e-02,9.174577413384055191e-01
9.033396391178517559e-01,7.500172237594844304e-01,5.042281255887602898e-01,9.481503646865778734e-01,7.666132695822857057e-01,7.497671399341678811e-01,9.332878731524018034e-01,6.454111176303866104e-01,9.217011315553818029e-01,3.863311203199835120e-01,8.992765426849710364e-01,9.259041562652213786e-01,4.439860914429649141e-01,8.873270258079341000e-01,8.841517778831088289e-03,-1.876613103711047559e-01,9.288990655024914611e-01,0.000000000000000000e+00,9.046021949166141995e-01,7.479978388207844109e-01,6.996445110993655403e-01,5.626751312629270085e-01,7.678288005010991402e-01,5.124691255878390805e-01,-8.985344830203700894e-02,9.448844496604401622e-01,7.297447392896820872e-01,6.611100712494302201e-01,7.012709553916216532e-01,4.604404288815253654e-01,5.391733639946383327e-01,8.528789121809468021e-01,7.190739313822599454e-01,7.098300662117108528e-01,9.397613153774968531e-01,2.408396983299756489e-01,1.128532773974721126e-01,7.466697983240045966e-01,9.311755445130254216e-01,6.369107777183264929e-01,4.782270567591253574e-01,6.994611399069646795e-01,4.895535468211478225e-01,8.182900022203246637e-01,3.361381533656651599e-01,6.578477566957503520e-01,9.783627536055977680e-01,9.060093935872010062e-01,4.985798921210564116e-01,8.846140617731137468e-01,9.311684681709104794e-01,7.798803529843068016e-01,9.620011292114434287e-01,9.452532066313679149e-01,7.271614496726451771e-01,4.629519112333639330e-01,4.851316898042727921e-01,9.067259651671936149e-01,5.589706100491089735e-01,5.873098729594077305e-01,4.811911975595406510e-01,9.967369181809175860e-01,8.117989823300085783e-01,6.807475297399725456e-01,6.869661471005046316e-01,5.959136177844504001e-01,8.944554490909601974e-01,8.354614590337761104e-01,5.685681819741382759e-01,9.629722042530662884e-01,9.319616320481934890e-01,7.489041749796210290e-01,9.347839070638344072e-01,4.407165406973863053e-01,7.643136904089670169e-01,6.604954565202019179e-01,5.779870908301164567e-01,9.173509689938270650e-01,6.672995316747586392e-01,7.607873505167166428e-01,9.175271744386569450e-01,6.639977577192994751e-01,9.471450219263590764e-01,3.737893835671478593e-01,7.044637278398737656e-01
