0.000000000000000000e+00,6.514192060991267352e-01,8.086933351607430431e-01,-6.407389575142027893e-02,9.413322669161066081e-01,7.862326665035462847e-01,6.783049924700841338e-01,5.876036045317828416e-01,6.356828318513175757e-01,7.326808249336064227e-01,2.364445224940228685e-01,3.933416912083594896e-01,2.390847455662118148e-01,4.956847875213190036e-01,9.932564282874047912e-01,8.696385588588693150e-01,9.501543042383945314e-01,7.832697892499830283e-01,8.629485861022285764e-01,3.051395089765010504e-01,7.076525398930086919e-01,8.109098749079839408e-01,9.917033750796971914e-01,8.560718927471069328e-01,9.156775774496664910e-01,4.778334569456184067e-01,6.747140037952759073e-01,4.039594212539777685e-01,3.397217796839718806e-01,3.395525728191245984e-01,7.455791563533556987e-01,9.141698728517116956e-01,4.028251567280343726e-01,7.753784700855612666e-01,4.110473780440888625e-01,8.179388630123390902e-02,4.170492365453316586e-01,8.288906788075948162e-01,5.252540022659655250e-01,2.924461726000403550e-01,3.999121748390976894e-01,6.705114350328114092e-01,6.311569693701548633e-01,7.976278371113498800e-01,7.994497289316548905e-01,6.571004600077094970e-01,7.834115155987054768e-01,6.687981365357871244e-01,9.745426325793959954e-01,7.002031841919719168e-01,7.960392138411707119e-01,9.828867687733831016e-01,4.314900673002237674e-01,6.237988084140764222e-01,7.523641273177105182e-01,8.168550560150000805e-01,5.438070465117488261e-01,9.511183217023120307e-01,8.474514258575044368e-01,4.850632937147363322e-01,9.668428653825307251e-01,8.486007194830715861e-01,7.056252553254095394e-01,7.044590115695347210e-01,8.005035457554846579e-01,6.252769232716870462e-01,5.527413063313020569e-02,2.450219507120571794e-01,9.364203448932203466e-01,7.277334715171803747e-01,8.472861430840139541e-01,9.156613097006055524e-01,2.556056783928798981e-01,5.893370893536693522e-01,9.660904981826970994e-01,7.196944486803493746e-01,5.801885558726980197e-01,6.836478905824439067e-01,3.566729638744827180e-01,1.987889765362381989e-01,8.499814154184622828e-01,-1.630351417792036961e-01,6.429331068026640228e-01,4.143074447228284329e-01,7.910902915955440040e-01
6.514192060991267352e-01,0.000000000000000000e+00,8.034148001414720408e-01,7.318812640581373596e-01,8.734686946767471483e-01,8.753086160404425220e-01,4.507700779809882818e-01,6.773506571912083496e-01,3.102108886879401117e-01,5.037782409130150407e-01,7.271032545905414812e-01,7.416776395778572617e-01,8.960716478157965126e-01,6.504448667450740684e-01,6.906538107729350839e-01,8.073748222222977278e-01,6.654904782579129652e-01,9.235634778608916573e-01,7.229507485479413909e-02,7.847417777747505152e-01,4.867494133256642375e-01,4.758862824954014359e-01,3.375442931376079203e-01,6.554335777272009000e-01,7.962423507511958709e-01,7.893881803502338368e-01,6.295249606615359594e-01,1.073994845420278696e-03,3.138427282204135915e-01,5.905875427481577233e-01,4.470688869753314809e-01,6.059972894232360519e-01,8.738356197585862573e-01,7.841514178471563623e-01,5.834409346194669999e-01,4.108407183708925325e-01,2.483945940758944260e-01,5.933405466038934595e-01,7.003649919542138669e-01,8.279187243474978031e-01,6.849594858359062677e-01,8.530163027994348557e-01,1.536396604501695795e-01,4.184804943415043610e-01,5.587658066101871546e-01,9.188718495109693407e-01,7.061959094408891691e-01,6.190683266035598153e-01,5.615409602564540581e-01,4.934774548657382409e-01,9.326771004098877160e-01,6.635653965283525579e-01,6.387459231125931503e-01,7.109588790710520412e-01,8.842121925330823640e-01,4.077847966871823715e-01,5.258302334280220425e-01,7.927523331854511301e-01,6.849068953739997356e-01,9.537891830170158736e-01,7.064118495418029164e-01,4.117307864914538929e-01,6.538860182433204882e-01,8.478365289005997951e-01,9.411567857350245925e-01,9.471693065915187670e-01,8.278347713814767639e-01,7.012967506493177350e-01,5.550611778973379984e-01,8.715783123828146906e-01,6.151127300336713954e-01,6.153091081296037101e-01,6.104833922986445671e-01,2.864586623582603409e-01,5.613998295318789467e-01,8.564233931379806597e-01,9.686944946898079500e-01,6.829651598030427040e-02,4.575282950993324049e-01,4.368442283069932097e-01,7.248752756519341034e-01,6.706419156617806632e-01,8.906300478089617112e-01,3.917581736880918486e-01,7.011577317850440361e-01
8.086933351607430431e-01,8.034148001414720408e-01,0.000000000000000000e+00,8.401208918673112036e-01,8.620938526329667839e-01,7.612527669322128876e-01,7.465824485924039688e-01,8.358734110821531837e-01,8.204257911224093203e-01,4.720826569763813541e-01,8.402311495232546168e-01,9.794705401797568767e-01,9.421129431729660109e-01,7.242843910467264834e-01,8.505076977204454325e-01,7.131803295322179936e-01,6.394391517634323563e-01,3.356826500481364661e-01,7.771577599785316481e-01,6.766630326741833734e-01,9.774329199648736921e-01,9.173111395108765054e-01,8.507396300482027440e-01,5.117671278727392581e-01,8.929273065820864108e-01,7.237239087306405194e-01,9.465924896704129843e-01,9.370256168014259313e-01,6.159467778400912197e-01,1.015038511704152158e-01,3.133217922398398581e-01,7.717043006607230415e-01,9.568396864416635061e-01,4.348001640034382942e-01,9.945922277826464430e-01,6.103376572009651113e-01,9.497673432810270489e-02,5.238611650080650106e-01,8.215416557930161900e-01,9.121178862801411213e-01,5.624650763290860445e-01,7.016501204848525353e-01,7.401771384589673763e-01,6.203624443420715506e-01,8.191403927406567531e-01,9.492648292216958605e-01,5.567648511723227028e-02,4.725903061900516566e-01,8.819322512815654935e-01,4.910625881532489911e-01,8.541477499857720312e-01,8.231040954615563843e-01,8.514512688637695392e-01,7.105609209200628440e-01,7.978127201519974454e-01,9.190704900955046774e-01,8.601638442511853055e-01,9.775026949264782328e-01,7.928595513361077485e-01,8.973712731736421810e-01,6.306060627145996245e-01,9.952602643808607930e-01,9.285803121048540332e-01,5.114647765557286396e-01,7.679654188754991839e-01,9.329387370518666955e-01,9.463514180664156505e-01,9.401950947018441473e-01,9.424921607480953867e-01,9.879387328069071383e-01,8.440538628990954528e-01,5.433932350195765926e-01,1.417384207180998057e-01,6.457447687256776536e-01,9.253646203346682642e-01,5.743981250922953752e-01,9.590729610873692801e-01,8.494464228861832167e-01,5.326609824652929204e-01,6.621351942098581134e-01,9.250099822199845390e-01,9.103606648640855115e-01,4.711322472207628564e-01,9.246841076420126981e-01,-1.200448839652607791e-01
-6.407389575142027893e-02,7.318812640581373596e-01,8.401208918673112036e-01,0.000000000000000000e+00,9.008223985944249224e-01,7.846571092695917571e-01,3.674182818055053423e-01,8.858263210148277222e-01,4.272955637160947284e-01,9.509489834997508773e-01,8.836877055320300212e-01,7.969878206514966479e-01,1.657658947755155099e-01,7.716041230297030484e-01,6.504605680166077875e-01,8.987988684574594878e-01,8.183887854570649489e-01,4.496396847331854962e-01,9.446705232327611279e-01,7.162673395974723523e-01,7.560542190638017690e-01,1.498431510887810458e-01,8.685218753127079694e-01,8.079616030421775674e-01,6.526850618103713364e-01,7.082930101205192619e-01,7.092105873964539287e-01,6.428300432724001201e-01,8.776660519413292949e-01,9.375692831968709395e-01,4.929464930103280018e-01,5.975754258745031855e-01,7.093676995335386204e-01,6.227414075094320767e-01,7.367576416281820251e-01,3.032004191928309722e-01,1.127431626961814815e-01,3.526522201476450791e-01,9.470880072036915731e-01,7.800613661869018056e-01,2.981008210105141609e-01,8.330297701692799262e-01,8.695749718030534314e-01,4.898338301785046811e-01,6.356499096505812130e-01,9.654217919586488561e-01,6.862218385347657046e-01,9.921911316893379240e-01,6.332355220591167067e-01,8.989503968747507567e-01,8.653282463995418672e-01,2.525035228317498159e-01,6.779640246363081157e-01,7.200446281876528021e-01,7.324548387001821315e-01,8.381174391844884441e-01,7.308229454941485015e-01,9.467059854068833324e-01,6.533951980636119039e-01,6.174057793812313122e-01,9.208284155615049649e-01,9.209392750022313834e-01,9.852994081050532316e-01,6.240379871630384878e-01,4.433551461016073669e-01,7.494889784102748420e-01,8.303718384257152696e-01,7.608827400629749604e-01,5.616971083679502819e-01,3.702156832709921908e-01,4.215758420596593670e-01,7.410873746220403291e-01,7.344794418451936480e-01,5.712901562212209239e-01,5.443130634303406934e-01,6.643086910899163033e-01,7.332679937778042722e-01,8.636751108031770485e-01,4.844402199761349559e-01,9.814221093603563428e-01,4.205296574151595190e-01,8.922187420047505979e-01,6.514883051995482566e-01,4.409691852206261697e-01,6.624914210463369590e-01
9.413322669161066081e-01,8.734686946767471483e-01,8.620938526329667839e-01,9.008223985944249224e-01,0.000000000000000000e+00,8.311382717682178622e-01,6.861763412728372202e-01,9.999083474326613263e-01,8.321562738192469499e-01,8.383233435322374749e-01,3.658657051845402020e-01,7.434121053956000980e-01,1.070285998678254108e-01,7.626210520193710263e-01,7.993686414603176082e-01,8.801732465573022246e-01,6.070738237960334738e-01,6.318670103986150366e-01,7.179672240624207502e-01,8.932178866274516071e-01,9.404939002025198835e-01,9.677822941732797668e-01,8.549511965588121321e-01,9.802347908617001782e-01,2.573134752656829338e-01,9.097268741055752894e-01,7.346745397867349148e-01,8.645142010624589091e-01,7.882046524123302866e-01,4.969499338494990370e-01,5.164011666303802706e-01,7.059548705207751018e-01,3.809640776091577363e-01,9.735503430370834321e-01,9.948977852834479663e-01,7.517933859996158708e-01,5.791141090998638274e-01,4.763999478984964342e-01,9.358293107548376621e-01,9.098920651283980421e-01,1.080360451488721341e-01,6.114988613378514737e-01,4.510038947358314676e-01,8.680942138431321231e-01,8.941789431191529136e-01,9.039099826501371115e-01,8.350818437790947790e-01,6.525357266508757803e-01,5.531718680802939492e-01,4.820166502205722736e-01,2.983067478159731056e-01,9.123985178452619360e-01,4.242234686511241470e-01,8.502586173185018303e-01,6.121280267580332390e-01,7.270030938345011240e-01,8.099105236684461806e-01,2.179577468152745223e-01,4.601486719111894663e-01,6.258464179949995154e-01,3.259118902654305483e-01,7.758508733601936491e-01,6.803741386770958410e-01,8.350703446660835416e-01,7.877718322923659144e-01,7.861449368281847594e-01,5.946798754752595784e-01,9.356652067894669633e-01,8.691085281539586704e-01,2.347899741544778873e-01,5.892144937800977145e-01,2.788954355546858777e-01,7.662003330898022879e-01,6.072774492168209193e-01,5.230236173626059415e-01,7.782689786720243807e-01,7.892296023145530803e-01,6.702146913058992794e-01,5.186221672173566555e-01,4.225575947206098859e-01,4.130018341421767269e-01,7.442890487407449740e-01,8.103907999307862209e-01,4.859608326889814922e-01,8.250620026757392589e-01
7.862326665035462847e-01,8.753086160404425220e-01,7.612527669322128876e-01,7.846571092695917571e-01,8.311382717682178622e-01,0.000000000000000000e+00,4.948267724432832693e-01,4.125587685121301362e-01,5.023989360794539616e-01,9.833928976014298939e-01,8.590833057735571821e-01,6.327496627845130561e-01,7.202493080876515297e-01,6.638279918315206363e-01,3.607282593046250985e-01,6.209364901700513695e-01,9.907307577431374579e-01,2.229615726336522386e-01,8.185062995876116743e-01,4.545529253976891004e-01,8.066603233840874410e-01,5.215479277229817523e-01,8.271751457272864538e-01,7.230137118198818325e-01,6.591814049306063961e-01,8.531083747765747516e-01,7.342351119585205366e-01,8.915592108177525787e-01,6.612096109990438508e-01,6.253154710516585224e-01,2.238256626734612120e-01,8.160367682729012806e-01,9.363439536223023829e-01,9.309602535264305256e-01,4.969120375312180982e-01,4.788680048381557808e-01,7.381369681403773253e-01,5.010977406458020367e-01,8.189777015421136896e-01,8.951625027644292132e-01,5.969178169724264071e-01,4.350998512641527372e-01,4.265661009211952903e-01,8.263171375580602440e-01,3.795557806352209962e-01,9.911888808676929674e-01,4.523300412788948677e-01,9.914641033226818667e-01,7.330927995708551581e-01,6.582561823910254573e-01,4.160583455694614741e-01,6.003822461923405962e-01,7.460470310948340567e-01,3.791422090717962989e-01,9.421739423475896658e-01,7.276603449621772413e-01,9.432403071401183059e-01,8.424786861689711470e-01,9.935610888064749791e-01,7.981485530588950938e-01,3.932692180543310156e-01,4.671480625742989723e-01,8.245647866012278948e-01,8.229121719564829185e-01,8.938300137264931777e-01,5.403856501952741809e-01,8.547298363335152915e-01,6.898527795369789883e-01,9.314429885252387686e-01,6.769768243573655031e-01,9.623089420785836401e-01,9.546516910799832667e-01,5.422641522630504696e-01,5.829868611625536046e-01,4.382399905308363985e-01,5.327097058968048859e-01,5.329082096205064456e-01,3.376731568208106715e-01,7.895031263743144956e-02,5.506671444187454245e-01,5.870921245703343283e-01,9.179252543787037588e-01,8.772535506473195799e-01,7.187131114549974997e-01,7.733310606811401033e-01
6.783049924700841338e-01,4.507700779809882818e-01,7.465824485924039688e-01,3.674182818055053423e-01,6.861763412728372202e-01,4.948267724432832693e-01,0.000000000000000000e+00,4.216095574549197922e-01,5.025437194336460633e-01,4.434270631377653649e-01,7.626577599017538844e-01,7.828231638724262309e-01,6.021289948472260400e-01,6.337169172819943075e-01,4.422369259173762890e-01,4.541498048750717276e-01,9.126074870522158378e-01,4.774990054984915577e-01,4.316383093867294796e-01,8.968313014994793164e-01,7.386535843742711993e-01,7.651343387153219933e-01,5.069675248299808645e-01,8.411334063650952597e-01,2.961758251264743347e-01,5.293991243084420484e-01,1.885112968343402584e-01,7.718431476233362787e-01,3.820353520278049198e-01,6.984134197340307049e-01,3.405045539999276283e-01,3.701912632569881456e-01,6.953889868120146645e-01,4.566934837684398785e-01,6.019835535749799016e-01,4.596115894742824892e-01,6.998555139626097543e-02,7.402293981088717834e-01,8.773614817542843003e-01,5.972713180288617973e-01,8.853632427007869232e-01,7.977776755684008458e-01,6.491161952670045920e-01,4.950505222866060651e-01,6.407174474498690264e-01,6.676789308719577321e-01,5.598936628394408643e-01,6.336670696202073572e-01,8.812182442076623712e-01,2.642926658447984911e-01,7.232594370910092607e-01,8.355572206097250376e-01,5.758052996230194065e-01,4.761910090360338410e-01,8.070441232033216394e-01,7.720209050429058806e-01,6.360957573598919890e-01,6.982861128035401377e-01,9.346244984874217954e-01,2.010065859634868057e-01,6.478172439361653545e-01,5.726771508756405282e-01,5.581174265835912029e-01,9.711420930053856759e-01,3.137933731917950664e-01,2.740509724815378689e-01,5.485465160404390250e-01,6.282590402974234101e-01,6.166301900658237578e-01,6.820429034352794018e-01,3.737517192385592657e-01,9.001222940345749990e-01,9.814032231438508669e-01,3.479928464686549150e-01,-1.958014700618707360e-01,4.438343133348425784e-01,5.728106680492890401e-01,6.141138020564302913e-01,6.297739234856715163e-01,4.615796561572249046e-01,5.320469597860085775e-01,8.183836546329872341e-01,4.121473675603349873e-01,5.246136864430300806e-01,7.257255735829014620e-01
5.876036045317828416e-01,6.773506571912083496e-01,8.358734110821531837e-01,8.858263210148277222e-01,9.999083474326613263e-01,4.125587685121301362e-01,4.216095574549197922e-01,0.000000000000000000e+00,6.085162508095663947e-01,5.473508953357129059e-01,5.943028462876633888e-01,9.423812301968105265e-01,7.006192441603914522e-01,7.513335660339249822e-01,6.917849365749628721e-01,7.483679606351609781e-01,7.797805179580044044e-01,4.273750834383299724e-01,3.013914784008125403e-01,6.420459111299472443e-01,9.585208110753016264e-01,3.748608417237874191e-01,7.301835338147240062e-01,2.086361368646143799e-01,4.865492047961469946e-01,5.780748177699182033e-01,5.554630086844004611e-01,9.164632604820522888e-01,6.144180359778038669e-01,6.708674714386533289e-01,2.092612662223629072e-01,4.132635495947533100e-01,4.372518052245060183e-01,7.162755448635603761e-01,7.559214825097750889e-01,6.332835847268201146e-01,5.976141515491364409e-01,5.553752594929565189e-01,8.303633045242324595e-01,7.105349245957334192e-01,1.678561393474680974e-01,4.363523353564411345e-01,5.526328049916644503e-01,5.640870982565915348e-01,9.710059839372024992e-01,4.753102286637527207e-01,4.640830118754950551e-01,7.381855879343566240e-01,2.975794407795296914e-01,7.698974410760359710e-01,4.688335272998832570e-01,6.253430444849547021e-01,5.068980292532745402e-01,7.457380683217730288e-01,6.757592002843453294e-01,9.463816655088888030e-01,7.370616581390675437e-01,6.183751817327255429e-01,9.931555375647181938e-01,4.409363996636526672e-01,6.590864869346255706e-01,6.187998951565746308e-01,3.501805052440623567e-01,9.020470866625883710e-01,9.735362611250288900e-01,6.731167001665652183e-01,9.398620036930807053e-01,6.874706296512367310e-01,6.033787245909422170e-01,7.890714518376855668e-01,9.617141551600427718e-01,2.576285520665809181e-01,4.382906231328426161e-01,7.025258568625155631e-01,1.977853285369725600e-01,7.667588759566867918e-01,5.087017761239625013e-01,6.888701389644432682e-01,2.147355969108506457e-01,2.052129903250639598e-01,3.729411854507076463e-01,8.994781094051929049e-01,9.774654676441532075e-01,8.487780981492548671e-01,6.550095532844095736e-01
6.356828318513175757e-01,3.102108886879401117e-01,8.204257911224093203e-01,4.272955637160947284e-01,8.321562738192469499e-01,5.023989360794539616e-01,5.025437194336460633e-01,6.085162508095663947e-01,0.000000000000000000e+00,6.760245987984101479e-01,5.865753439903245159e-01,7.362841809863325260e-01,9.796392737283794450e-01,8.966426236030473618e-01,7.054157769853639515e-01,4.258282663436279147e-01,6.928888546653320102e-01,6.735891761287496893e-01,4.536043236116867883e-01,8.909174531488603943e-01,9.903530798755575404e-01,9.294376212808677096e-01,9.860547150236667058e-01,4.222711724221889784e-01,7.004731528305659927e-01,7.592262670903477950e-01,9.987137234475511605e-01,7.859055767098526157e-01,6.506081507822744081e-01,7.574086740699421672e-01,3.271700423616049624e-01,5.668333890316150647e-01,6.707917318846985388e-01,4.715954686090080283e-01,6.934903002697725416e-01,2.347149966065999460e-01,5.522844746056675413e-01,8.168800922106382867e-01,9.721366046689268181e-01,6.519944236560308859e-01,1.983845874941364551e-01,7.413370812003579058e-01,8.105045642460392274e-01,6.432281560852405322e-01,9.617074437613583049e-01,8.945595839445437125e-01,6.544905360156945129e-01,7.352731621969291753e-01,6.731281809989511089e-01,7.550374754029348656e-01,4.653547954753787241e-01,8.200592336725867071e-01,6.974486206347935147e-01,8.385076346753346233e-01,8.391927324942509703e-01,8.854619425078393835e-01,8.489000060860668606e-01,8.171592625898505262e-05,9.457473914917740032e-01,8.203339714271340455e-01,5.101271984440696183e-01,7.317224520727995118e-01,8.429723200397001293e-01,7.938760287035608876e-01,9.310703044929662386e-01,6.624006882236999072e-01,9.086166717309935859e-01,4.145832480294384670e-01,7.778458177717847422e-01,6.476793824450824966e-01,2.664963999735254219e-01,6.018999842675227807e-01,3.937864910717200351e-01,2.091010399051375923e-01,5.041998946788157632e-01,9.597456001105664214e-01,4.242216592815327703e-01,3.986060752504577004e-02,3.789496699148162118e-01,5.548229993260628268e-01,-7.326100371257007748e-02,9.677756475486869459e-01,8.898656494827301700e-01,6.965806703673363964e-01,7.058806473462327924e-01
7.326808249336064227e-01,5.037782409130150407e-01,4.720826569763813541e-01,9.509489834997508773e-01,8.383233435322374749e-01,9.833928976014298939e-01,4.434270631377653649e-01,5.473508953357129059e-01,6.760245987984101479e-01,0.000000000000000000e+00,6.158481663295319875e-01,8.639598753018292721e-01,6.786565932478765273e-01,9.382704331010547349e-01,3.497649894082471289e-01,4.427403846105114615e-01,9.643557435311792547e-01,4.561511281408888729e-01,5.950509488541828595e-01,9.198371292519225140e-01,4.840160189715703165e-01,3.261686678854651689e-01,2.526384304917101975e-01,3.438456570482996688e-01,7.936063423795349792e-01,6.114732238467632808e-01,7.754237598683776378e-01,4.331064244668980101e-01,2.326602295796132147e-01,5.269738514984991795e-01,7.524203299668430489e-01,6.178752596156616983e-01,2.911963908310645222e-01,9.614795719383135708e-01,4.075505668362574552e-01,5.465408119765281514e-01,3.227645239442102354e-01,8.508831770701623665e-01,9.789495998449353475e-01,7.046680670708095340e-01,7.626269519499145888e-01,7.711391490769203827e-01,8.623506687050702668e-01,7.973153078357899659e-01,2.475404016000651852e-01,3.245547710036877365e-01,5.683153031372391029e-01,7.699395356120790623e-01,7.995500968886088966e-01,7.583760105606534019e-01,8.437222697162151119e-01,7.441048257209901262e-01,6.373235852316910810e-01,6.103285206596023027e-01,9.033485867764993182e-01,6.056529930225902358e-01,8.609348437848480806e-01,6.924520843231647405e-01,9.324749406623745740e-01,2.506501488275794109e-01,4.875520526502683527e-01,6.978504996152721240e-01,6.129867924039785754e-01,2.481238524969827663e-01,5.439051527028985200e-01,4.400350295844050463e-01,1.648631096057004974e-01,6.066554671532622400e-01,2.892225706839928745e-01,4.340490867855635870e-01,9.846096928496513856e-01,9.994610978572157078e-01,7.565125820047402527e-01,5.669270420071457206e-01,7.739480258112565458e-01,4.025386054910681244e-01,6.888427594288292211e-01,8.448371896569513151e-01,6.871559733386606306e-01,3.820284043531074758e-01,7.003450142270524204e-01,8.886251454501246094e-01,7.861065696387159463e-01,9.159661653453501362e-01,8.158543722332335379e-01
2.364445224940228685e-01,7.271032545905414812e-01,8.402311495232546168e-01,8.836877055320300212e-01,3.658657051845402020e-01,8.590833057735571821e-01,7.626577599017538844e-01,5.943028462876633888e-01,5.865753439903245159e-01,6.158481663295319875e-01,0.000000000000000000e+00,4.571726187903363825e-01,8.665424769719521914e-01,6.281545360822393675e-01,5.752895975019561847e-01,1.219410957710707066e-01,2.059936236281907085e-01,5.847234420767715157e-01,7.279872170626833228e-01,9.923516968781675995e-01,8.386753999876819243e-01,6.135398806966850804e-01,6.333017931927699129e-01,9.656395699906706875e-01,2.152582551006754774e-01,8.914869068398174612e-01,8.982596841961010270e-01,7.619717059435527906e-01,5.167019016236410467e-01,7.745485049194058558e-01,5.935422933838515602e-01,5.207785910718816247e-01,9.272495826299071986e-01,7.007067619958539106e-01,5.693478326936508571e-01,1.774845863382750466e-01,4.916147081484256720e-01,6.973218390306203940e-01,5.544267155358766352e-01,4.804194584899710296e-01,7.907745357081255033e-01,2.043833378153266656e-01,8.053973510618446241e-01,9.218798798821477014e-01,9.391294327024455324e-01,9.699459660776412750e-01,8.427214515384378046e-01,6.896433429099957380e-01,4.768088231172896152e-01,4.148673075133013088e-01,2.690911885076172627e-01,6.120090322460324250e-01,7.163869119364594251e-01,6.575821329148681116e-01,6.127054300310192936e-01,8.725846404449654203e-01,5.848987438599684285e-01,7.168422589703176140e-01,6.316356335837209901e-01,7.659346943458980039e-01,5.332921696814547641e-01,-6.488519090168728964e-02,6.473039609918337378e-01,9.110651118122647940e-01,9.181887759349384170e-01,5.659432378656779061e-01,6.938866668682682759e-01,6.552976566206910602e-01,7.414565202915924802e-01,4.020395177630394778e-01,9.158882022863009675e-01,6.522921652307008822e-01,2.585087499133669198e-01,7.593899848597746027e-01,7.855527813891632904e-01,7.564107126649505242e-01,3.067816634316402613e-01,9.066829238083270459e-01,5.799446689650090692e-01,4.063685901614386697e-01,6.686146336491268771e-01,9.498783443699017059e-01,6.829760156706043972e-01,5.361191323201061065e-01,3.784108821686393842e-01
3.933416912083594896e-01,7.416776395778572617e-01,9.794705401797568767e-01,7.969878206514966479e-01,7.434121053956000980e-01,6.327496627845130561e-01,7.828231638724262309e-01,9.423812301968105265e-01,7.362841809863325260e-01,8.639598753018292721e-01,4.571726187903363825e-01,0.000000000000000000e+00,5.625946023651491323e-01,8.053948282926837177e-01,7.679602933961112710e-01,4.631293684814575262e-01,9.050985974544345503e-01,6.900085589433206934e-01,7.318351915400027607e-01,3.256938104219215258e-01,5.290114808655432821e-01,4.660227002048800138e-01,4.554346185239423472e-01,8.730118494040128851e-01,8.979236251383291290e-01,7.518119689435862618e-01,8.130143462648659058e-01,7.958822918538875912e-01,5.234626666414163854e-01,2.251448569376063857e-01,2.117050282974665132e-01,3.992384065028361517e-01,2.289381524598821382e-01,9.326553418584744293e-01,5.720527711743955690e-01,5.692993546987680231e-01,3.335623257185069690e-01,4.042923473874637796e-02,2.602169902343807323e-02,7.087171376826814084e-01,4.715498131282693239e-01,4.285926991960520294e-01,5.836690471957777238e-01,7.132235110254736554e-01,6.855536165203474086e-01,6.975899025139351561e-01,7.416434691930406942e-01,2.240359472115639738e-01,7.748143523067216876e-01,8.461548136370563578e-01,5.785127622804702163e-01,6.771512401625148225e-01,5.219496548418074422e-01,1.411689218271100499e-01,8.993803536238963448e-01,9.633370323754553155e-01,4.503395765273174312e-01,5.299041267419862811e-01,9.097035015761235632e-01,3.720873700630049075e-01,2.910789005505152183e-01,8.983114940668069925e-01,3.271935114426191005e-01,9.770684351621735653e-01,9.400498571203136366e-01,4.606481138642891104e-01,8.148832160926591239e-01,3.790199735630426781e-01,4.738122987864774038e-01,6.785927216008615925e-01,8.616860058340674033e-01,7.039177098823603540e-01,9.779993463424534461e-01,7.246832835895791192e-01,5.873791014519804676e-01,7.877281877868866911e-01,9.171027897266723627e-01,2.205768980220270403e-01,6.142208590880250396e-01,8.888901908822195719e-02,6.489322274399805801e-01,7.884917746110009507e-01,9.721897477583415492e-01,1.259820755839330120e-01,6.824746240853393209e-01
2.390847455662118148e-01,8.960716478157965126e-01,9.421129431729660109e-01,1.657658947755155099e-01,1.070285998678254108e-01,7.202493080876515297e-01,6.021289948472260400e-01,7.006192441603914522e-01,9.796392737283794450e-01,6.786565932478765273e-01,8.665424769719521914e-01,5.625946023651491323e-01,0.000000000000000000e+00,5.544581302671769407e-01,7.352706559399210251e-01,7.613474911595007333e-01,8.338641953523565631e-01,9.561243604411321373e-01,7.846159051796181005e-01,7.499664705361452910e-01,6.095217804936285955e-01,6.423756282164949649e-01,7.368106194540450238e-01,9.821678369625264082e-01,3.842403014841714315e-01,7.430190760346178092e-01,3.104839143339515606e-01,8.946888127423187065e-01,6.199626986491075797e-01,5.566837007973053364e-01,6.582248487175565987e-01,2.377549583959065183e-01,7.751867968873343839e-01,2.090209827123703790e-01,9.249618920908729836e-01,2.538006101881533638e-01,5.141682098582293081e-01,9.922272243678597059e-01,9.402033643631322324e-01,7.636054420937581355e-01,4.903973836062907043e-01,6.082638994062116167e-01,9.543427595093050275e-01,7.998740378013059482e-01,8.101692013100006973e-01,5.108588443148994740e-01,8.008384734705070729e-01,6.070890490730662670e-01,5.626285086138893728e-03,6.681245056118438885e-01,7.292275734689120936e-01,8.689651974896070996e-01,8.794386194681190760e-01,7.854357264926561388e-01,5.037182304316806247e-01,9.903080733123551527e-01,9.553725560932642136e-01,4.620013994217348485e-01,6.614628726144822224e-01,6.204756902199476398e-01,5.225940638064022759e-01,6.034359890307647856e-01,8.937619561650670397e-01,7.814930396788226652e-01,9.136978397232039528e-01,9.271943575706969032e-01,9.057387140616991461e-01,9.350544173383232849e-01,7.941405294828787209e-01,8.894127633567662228e-01,7.808956211230799749e-01,8.859446570942636212e-01,5.684609439564020095e-01,2.405756771849562048e-01,7.945351913573320823e-01,9.697087039285960941e-01,9.849768854720947209e-01,5.632181536809190980e-01,6.117504468488950131e-01,3.349066338866378278e-01,7.300494730356048567e-01,4.233802995102809996e-01,7.561561240697524111e-01,2.974149979580486547e-01,9.399153316391568591e-01
4.956847875213190036e-01,6.504448667450740684e-01,7.242843910467264834e-01,7.716041230297030484e-01,7.626210520193710263e-01,6.638279918315206363e-01,6.337169172819943075e-01,7.513335660339249822e-01,8.966426236030473618e-01,9.382704331010547349e-01,6.281545360822393675e-01,8.053948282926837177e-01,5.544581302671769407e-01,0.000000000000000000e+00,6.314747548233493601e-01,3.386676275713506046e-01,8.737438841911835397e-01,5.633393410443370691e-02,7.742142625258650046e-01,9.451588063916394056e-01,6.408054090584548446e-01,2.784120449307506129e-01,7.858265468555727384e-01,7.766822852150202516e-01,6.825235326184995177e-01,5.645918666310107970e-01,4.208891079250661749e-01,9.053807078490470062e-01,7.074551530046568892e-01,2.217196222141530060e-01,1.586617332903126343e-01,6.836198425914189469e-01,7.398762853182223598e-01,7.535791875515464033e-01,4.263878109938107341e-01,6.689306162595558547e-01,2.815615178873082103e-01,8.448068861183676281e-01,5.106507758160563348e-01,8.516495887543407139e-01,9.783413395455502481e-01,9.653933098834235338e-01,8.581859990461158105e-01,8.912545241245655170e-01,6.219650067416332417e-01,9.002337466304268787e-01,6.352335735617304913e-01,5.498530752372876584e-01,4.332295367551846632e-01,3.515255897221629122e-01,5.564597632805839966e-01,6.343262557947312308e-01,7.363715810992308430e-01,2.248779721797043440e-01,8.466659806289571488e-01,6.963889738977464550e-01,7.298988232398124776e-01,8.127985750089953276e-01,6.381963185470750366e-01,6.297901289922321899e-01,-1.288130588204843274e-01,8.234195159831195765e-01,6.258026190767290720e-01,6.252725456858400088e-01,7.145906274374130840e-01,6.165265763170578728e-01,9.699379765147518873e-01,9.827228302798632908e-01,5.933966256372125159e-01,8.433170438071777575e-01,7.830190309456804831e-01,7.116453206917345842e-01,2.587821763352625704e-01,5.867300785004047059e-01,5.013693624713259078e-01,5.618698517172338036e-01,3.704743183648697702e-01,7.152815431123504819e-01,4.651427854875109236e-01,2.598215438282404643e-01,7.894566612669702277e-01,7.875962083397635149e-01,2.497793946459441472e-01,5.802194744918850455e-01,9.972939139964147603e-01
9.932564282874047912e-01,6.906538107729350839e-01,8.505076977204454325e-01,6.504605680166077875e-01,7.993686414603176082e-01,3.607282593046250985e-01,4.422369259173762890e-01,6.917849365749628721e-01,7.054157769853639515e-01,3.497649894082471289e-01,5.752895975019561847e-01,7.679602933961112710e-01,7.352706559399210251e-01,6.314747548233493601e-01,0.000000000000000000e+00,5.317814811721759405e-01,6.879523298087156791e-01,8.565573231504544083e-01,6.099906990284430508e-01,3.111066864466868198e-01,5.954683213482278026e-01,9.787611043847832537e-01,8.274498453048685365e-01,8.782118096887029379e-01,5.358055423764978009e-01,8.054562169521127801e-01,8.620085695864698749e-01,9.096584713065122285e-01,3.906014386779637082e-01,3.156177703433765691e-01,6.209789420797234838e-01,5.515185059115833566e-01,7.382421806570752532e-01,2.032761663158468846e-01,9.880045434200924737e-01,2.785082636889629759e-01,1.916074786483445980e-02,9.768263121190852161e-01,7.085366098473241392e-01,6.974905596051690360e-01,5.222197739189020638e-01,4.037507556307985412e-01,8.482880782435273659e-01,2.330868520599247151e-01,9.511857042831693976e-01,9.600004436609532732e-01,9.901759476568736673e-01,6.446481727476505164e-01,9.465672386284382789e-01,2.389563768266946830e-01,5.704675901640322566e-01,5.784652921290246441e-01,2.418719972943558227e-01,6.947303552668556703e-01,9.361735247351605782e-01,6.391932433913024569e-01,5.466680513385174800e-01,8.255866385209046365e-01,9.946099523533626918e-01,3.456297516051600738e-01,5.678620789467165864e-01,6.980874827043621611e-01,5.654553717035548654e-01,6.646993773384081150e-01,6.468369187234989104e-01,6.685110061574868201e-01,2.989401332974384040e-01,6.035266959119165442e-01,6.917039103468305417e-01,6.203962020623816631e-01,6.655937788603564220e-01,8.047386695001422785e-01,7.195996762469687447e-01,5.122552435893115153e-01,5.832260046896117212e-01,5.868609364607599854e-01,6.466541653458885985e-01,4.940179515379544695e-01,6.610392256529018518e-01,4.839973032620634164e-01,6.069609035189016399e-01,7.978187424721989718e-01,8.662268337903606952e-01,5.762066524124387357e-01,7.840864447109532342e-01
8.696385588588693150e-01,8.073748222222977278e-01,7.131803295322179936e-01,8.987988684574594878e-01,8.801732465573022246e-01,6.209364901700513695e-01,4.541498048750717276e-01,7.483679606351609781e-01,4.258282663436279147e-01,4.427403846105114615e-01,1.219410957710707066e-01,4.631293684814575262e-01,7.613474911595007333e-01,3.386676275713506046e-01,5.317814811721759405e-01,0.000000000000000000e+00,7.780489388560730690e-01,6.721390533719691085e-01,7.227514285592213650e-01,8.130874355529544850e-01,7.662458810525956121e-01,4.542751069622912724e-02,1.856399320691815291e-01,9.562691204839074421e-01,6.691993659337035494e-01,7.651947464303843205e-01,8.405467291266315311e-01,8.743667635798946236e-01,3.371391493531107342e-01,1.467375136333623487e-01,4.758288019486728304e-01,9.465957244796792125e-01,6.536537806357943792e-01,-1.402842034310489150e-02,1.804470008543600790e-01,7.371546843193401699e-01,5.162515228781088261e-01,5.837018308849684090e-01,8.423419361139893313e-01,7.237037644813962833e-01,5.825874312880781059e-01,5.242592472727314323e-01,6.488966562343205791e-01,6.300590062746032061e-01,8.696285283109517206e-01,9.496284418943926608e-01,8.923165234455544548e-01,9.315808570015329249e-01,6.432001602689549902e-01,7.061097512859129122e-01,2.744057224816460749e-01,4.288211731718739039e-01,7.591698357705328748e-01,9.685431306057769030e-01,4.283030444410037552e-01,5.598122286946214388e-01,9.534462629673390310e-01,3.220858579608456562e-01,3.068290194217106470e-01,4.498065678165958925e-01,6.757344188761644777e-01,5.082206156808005693e-01,7.657319891767496722e-01,2.724359762683954411e-01,9.532890822241488760e-01,-2.416581185544105503e-01,5.647035075767622425e-01,8.411741175382068114e-01,3.900593827843821249e-01,5.109073293417045747e-01,8.441299575449026094e-01,4.687357691402285198e-01,5.663751123153983880e-01,7.507671998538882896e-01,6.297893712975843883e-01,3.065855925511726809e-01,8.226784591669739077e-01,-1.053049360889315583e-01,7.926907245408818525e-01,3.598469513566358025e-01,4.939546836909677885e-01,6.989135776078930773e-01,4.818795903290592486e-01,5.814734678807742529e-01,-2.044603167142007571e-01
9.501543042383945314e-01,6.654904782579129652e-01,6.394391517634323563e-01,8.183887854570649489e-01,6.070738237960334738e-01,9.907307577431374579e-01,9.126074870522158378e-01,7.797805179580044044e-01,6.928888546653320102e-01,9.643557435311792547e-01,2.059936236281907085e-01,9.050985974544345503e-01,8.338641953523565631e-01,8.737438841911835397e-01,6.879523298087156791e-01,7.780489388560730690e-01,0.000000000000000000e+00,7.870548691846503964e-01,3.937361516744212198e-01,9.026852729163022948e-01,8.541996143792743856e-01,8.470705126032089805e-01,9.904916276556400279e-01,5.154349316728810138e-01,5.182533816132071092e-01,6.791046989347616636e-01,3.182607481870842747e-01,4.597092960015955465e-01,7.315721809542486964e-01,2.209520685637459958e-01,2.247170691800770004e-01,7.321601070031720226e-01,8.112794397807759905e-01,6.629732947792408293e-01,7.291314755678482973e-01,7.124973275060326738e-01,7.746087805406414173e-01,9.149336872977461566e-01,8.895569998551803303e-01,9.786870541333881901e-01,2.331205692367708804e-01,3.555950602641128055e-01,9.549645045924902709e-01,5.638065194660282220e-01,6.995067304528749252e-01,8.791476169065346458e-01,8.986441568098606503e-01,9.726033204996087367e-01,7.646394777726329695e-01,9.037638084822172679e-01,8.702105186884221411e-01,5.455429652581929023e-01,8.570183718128212558e-01,6.857392333559838571e-01,9.865918640631849978e-01,4.721456259035057834e-01,9.826084751907049331e-01,7.655798564014735241e-01,8.575528557853587808e-01,5.470118120264365613e-01,7.099024817861524506e-01,9.861869237672669097e-01,8.340532180586053279e-01,5.755062710446100516e-01,9.125426395212611341e-01,8.360606790899480778e-01,9.037598432348720179e-01,8.492810210347789823e-01,4.384163761542487769e-01,8.057023599261277091e-01,9.055748777475288724e-01,4.593358563379835724e-01,6.621285848223915638e-01,4.351209339672614806e-01,7.074298454631628985e-01,8.643531466716977141e-01,7.278299283563797184e-01,9.365930302276453956e-01,7.757015353311897954e-01,3.021518100902543802e-01,8.952932902261322434e-01,9.095896968066465860e-01,6.083415368778964938e-01,1.005004721083950225e-01,8.582430775650554677e-01
7.832697892499830283e-01,9.235634778608916573e-01,3.356826500481364661e-01,4.496396847331854962e-01,6.318670103986150366e-01,2.229615726336522386e-01,4.774990054984915577e-01,4.273750834383299724e-01,6.735891761287496893e-01,4.561511281408888729e-01,5.847234420767715157e-01,6.900085589433206934e-01,9.561243604411321373e-01,5.633393410443370691e-02,8.565573231504544083e-01,6.721390533719691085e-01,7.870548691846503964e-01,0.000000000000000000e+00,4.598723526205461543e-01,9.391717805226360571e-01,8.742620212213765285e-01,2.445390651947082772e-01,7.697869698142373318e-01,8.705724111479131722e-01,2.963054045161710517e-02,9.569346293298006678e-01,4.692638442336272142e-01,3.244243987300629017e-01,9.185636145854447765e-01,3.966981886152601833e-01,2.880652587569054734e-01,7.580915110548887004e-01,8.112216670249832173e-01,8.262609177135071814e-01,9.209649771777806970e-01,5.213685200627395933e-01,3.733447785192276491e-01,4.794669814302565669e-01,-4.440556811693144312e-02,3.744269108891137288e-01,7.414796224225348453e-01,8.939292287377743618e-01,9.259790099249542994e-01,8.605153356916320773e-01,9.032539917433509702e-01,9.085033761073729730e-01,7.967972379917139802e-01,6.301364703284281221e-01,9.217871188759940715e-01,3.863866243825816449e-01,4.302734933714507659e-01,7.633300562898404085e-01,6.704046553784179796e-01,6.941644281735324107e-01,9.474855327370045321e-01,8.681575712212380447e-01,6.439324209385495212e-01,9.984874099721552376e-01,8.857275434298635952e-01,5.624370488208123575e-01,5.155856912397828173e-01,8.994990581001887087e-01,2.615568276754722254e-01,2.051344928589036443e-01,9.444507722974190278e-01,9.122993338981363332e-01,7.789385347191897235e-01,8.724804593388100216e-01,7.147890119216884219e-01,3.129741360613861878e-01,6.169149963319864316e-02,6.580599651401081163e-01,3.588790984565575215e-01,6.989518376148181611e-01,7.375958435565120874e-01,7.700419306513553996e-01,4.008554880326550829e-01,9.130919128829404485e-01,3.503992426878106414e-01,-1.504706631792776528e-01,6.267101264598612387e-01,8.617030711816330291e-01,7.831316885405418260e-01,3.768220533277404360e-01,7.874875954432909442e-01
