0.000000000000000000e+00,6.403344144819520523e-01,9.164116132040899254e-01,9.842457548620902053e-01,8.864961427266141447e-01,9.134967365733877021e-01,1.100873430318878403e-02,9.919079677615959545e-01,9.559371170419441732e-01,8.250457206397728838e-01,6.465326020674668772e-01,8.510993160660788037e-01,3.300653222276564436e-01,9.657320960907382901e-01,4.129885140525248466e-01,6.501228722997718368e-01,8.682951480124824206e-01,9.548348257388262761e-01,8.437736063005975007e-01,9.148436119657412657e-01,4.264914097248188041e-01,8.117114929823070479e-01,8.933214791057050297e-01,2.942785287633536973e-01,9.401145353332859278e-01,2.090874649634642257e-01,9.305124708415460910e-01,7.322506538662731934e-01,4.883692037519841711e-01,3.748573236025084521e-01,4.077449211272767271e-01,5.933943152404821397e-01,4.272084456428891786e-01,9.545015184010393616e-01,9.350434905192656077e-01,5.126170168275239192e-01,6.859818209868976391e-01,9.816599564712553683e-01,8.234940999829063468e-01,5.569620471628007330e-01,2.061522460150668201e-01,8.119550396246825175e-01,9.007713335185600911e-01,9.816177028423151985e-01,9.513389533931477793e-01,9.788714389844653807e-01,1.083502025296625981e-01,6.001347915137856814e-01,9.600271055008765542e-01,2.225835935313212333e-01,6.339881896236996273e-01,8.756595289695612294e-01,8.170132671711195504e-01,8.674082824079902831e-01,5.509357488194203123e-01,4.387287628770917824e-01,7.782773429931126863e-01,9.306256994293427010e-01,8.305436745967240686e-01,6.711216703486436730e-01,6.282860191321466559e-01,6.191063005200632130e-01,5.103744894321792236e-01,9.155263997199034609e-01,6.432521020377595100e-01,5.407661877914136106e-01,8.556353743131220879e-01,7.931797416568775461e-01,9.145297567009278428e-01,8.671690130300884203e-01,6.885031217694578265e-01,9.304096876968475094e-01,6.729385840131097973e-01,2.853524763379214901e-01,6.846388783391395005e-01,6.787098594788145700e-01,8.210276424651167249e-01,9.810511400145579541e-01,4.865820234134390909e-02,2.456233782689787037e-01,4.344792017196140721e-01,5.421837988318231050e-01,6.123764931623725261e-01,7.270130872113718112e-01,6.364669587275819662e-01
6.403344144819520523e-01,0.000000000000000000e+00,7.391597048570848205e-01,7.807830036746848945e-01,7.859888620632298206e-01,8.013510593777810609e-01,3.293498892766900110e-01,4.419171158723861348e-01,3.265763933148125853e-01,7.954522491935465123e-01,6.413948336892248969e-01,6.765643842031415778e-01,6.197871420994831571e-01,2.109303774666653475e-01,8.518064457872401851e-01,4.276977106017339492e-01,8.857956346734950914e-01,-4.208656937424068434e-02,8.273429404777166152e-01,5.175331601128088099e-01,9.522254992641630000e-01,3.553516958066725850e-01,6.932016972886626549e-01,7.865812299460746004e-01,8.565219415795225499e-01,3.024913460994796063e-02,8.995213705912548097e-01,8.045153533913498300e-01,7.003686262923349837e-01,1.213422508208688716e-01,-1.370910033019567265e-01,4.735090534541301355e-01,8.850042121815747675e-01,3.518183241405260508e-01,7.715894104548269850e-01,6.860478407836477777e-01,7.758416748079228764e-01,8.013659093623409779e-01,9.246354836972788815e-01,2.922722798696200316e-02,5.414505316334293772e-01,4.275383127541333428e-01,7.401118695320473284e-01,5.617271816707398724e-01,8.581638107765485746e-01,7.077021675919356047e-01,4.422315025550628276e-01,8.501349702246665530e-01,4.787932187473329937e-01,6.045046588911086038e-01,6.121933774482472002e-01,7.289816796658441511e-01,6.886090910494501172e-01,6.594980140646680145e-01,7.426637496166639263e-01,6.014270986529326457e-01,3.223890194467950859e-02,8.332842286328507875e-01,9.791679424965322731e-01,6.884039808564780261e-01,3.479395381377240470e-01,6.238796709914458116e-01,7.700412263779314870e-01,9.251881632759895169e-01,9.665323929025078087e-01,8.382344225504774204e-01,3.547833664308943646e-01,6.618948119653509377e-01,8.311465846234707966e-01,7.517604302468614552e-01,6.576335559253488894e-01,8.896090165307067865e-01,2.444819085289030025e-01,5.101637338067001037e-01,6.685011837736751783e-01,6.638150205484369959e-01,3.011974118054491778e-01,5.794903963166062599e-01,6.637660712804116514e-01,-3.420409406044874756e-02,5.111849949127169612e-01,7.297964733733963705e-01,9.337060282111573351e-01,6.529742153968891571e-01,8.325470079477289564e-01
9.164116132040899254e-01,7.391597048570848205e-01,0.000000000000000000e+00,9.685935408146935099e-01,4.386617002447273928e-01,7.668042909778460814e-01,4.152600726224224825e-01,9.606270092584183740e-01,8.969044435790122227e-01,4.105315754476159262e-01,5.725635996215732160e-01,9.997648748391123608e-01,7.502846504500338964e-01,6.019880953659875189e-01,7.379391114040659838e-01,8.365051444898562449e-01,6.273037454706676952e-01,7.060194763479915592e-01,8.286162630954133634e-01,6.719375418669691902e-01,7.967776858522673811e-01,5.601817968237126077e-01,6.211714169905382388e-01,8.214903099676241771e-01,9.090177508793902961e-01,5.075046704418083587e-01,9.398182523660926213e-01,9.183528370455519285e-01,7.699288426325094914e-01,5.881768802899011162e-01,3.172815744863831666e-01,7.351495695357609383e-01,5.513494089412895871e-01,9.253704571643214249e-01,7.331093639752208624e-01,7.349636553316204468e-01,2.742389392790405278e-01,6.697279048519965139e-01,8.254241505525611311e-01,9.652937013684105283e-01,3.980008533392596082e-01,9.273507872793574913e-01,9.019162590241259769e-01,8.835347659069904269e-01,6.618654106600361242e-01,8.267126019112116531e-01,8.965492432243283849e-01,8.797921675385143025e-01,4.328750716766365803e-01,9.814457400144120935e-01,7.767828520157005201e-01,8.177496212373188689e-01,9.002646889815105746e-01,7.953527993036253463e-01,7.216224590302332542e-01,6.828406359238984313e-01,7.698641946878197473e-01,8.034599984643544524e-01,7.939814300212084675e-01,9.944289221141757729e-01,3.923692019666079611e-01,8.984398241446648337e-01,8.934708840211291747e-01,4.323651250875608087e-01,9.579624905182986261e-01,8.026833321726427606e-01,5.111871297194826580e-01,9.691877697251888302e-01,4.789850930997925360e-01,4.925563330325110623e-01,7.544575542527763856e-01,9.081657185878211358e-01,5.039259120092389743e-01,7.426587796239596528e-01,9.570074951269927910e-01,8.557876107125986787e-01,8.232571369777513803e-01,5.156144086299362383e-01,3.071019668062773822e-01,6.431651260461432873e-01,7.571473437272946416e-01,8.369232233406583843e-01,9.822193670306148539e-01,6.704599756417213285e-01,4.101223873985473944e-01
9.842457548620902053e-01,7.807830036746848945e-01,9.685935408146935099e-01,0.000000000000000000e+00,4.407682353568977973e-01,7.414451955266747607e-01,4.043632509892751137e-01,1.007083109665756204e-01,6.813194108986785347e-01,9.982168305528149599e-01,7.397505191547927295e-01,6.953515200823062736e-01,6.057690192622128267e-01,6.475310036423269633e-01,9.037099327120015069e-01,9.921904648146678829e-01,7.756060313026839070e-01,2.189176184518177859e-01,7.952843322262647119e-01,6.558546306776155133e-01,9.775662854678515146e-01,6.831328073012038482e-01,7.930213314126279833e-01,8.064413202729987518e-01,5.382654206355536042e-01,7.598188608085325590e-01,7.310130464903001890e-01,6.913039123069618652e-01,2.192764942392563809e-01,5.976367328900663578e-01,4.465742125549135300e-01,5.328875274625268776e-01,8.642827831391127757e-01,6.785283355785864945e-01,9.808417508833089382e-01,5.599848583703275207e-01,3.471110504045568090e-01,1.519173826690963791e-01,7.291086573946180538e-01,6.732242700928239287e-01,5.506230471402387971e-01,-1.141073699575672062e-01,5.074958966109819336e-01,9.783486266744374493e-01,8.233793223461703947e-01,6.974727333259371775e-01,4.766992546969422984e-01,8.225562720166677000e-01,9.522336575699316130e-01,6.220676460855325551e-01,4.356344161566699791e-01,7.328225087053519271e-01,8.829787793902382775e-01,7.671519599568921155e-01,9.832938230669279189e-01,5.657689554151602573e-01,9.883398645220742296e-01,8.795165323035410987e-01,9.824110858742080010e-01,5.305038510192918721e-01,3.815548859188935271e-01,6.137766485999361921e-01,9.324061629031800136e-01,4.112671670119834588e-01,5.049274706832267423e-01,9.451024958718076130e-01,9.035439600968456775e-01,9.177305171800899108e-01,4.834492287448655112e-02,9.407996219917780234e-01,8.839244334522324831e-01,8.321294083410208930e-01,2.247812054284850369e-01,1.117654780090864830e-01,7.086653192185671246e-01,8.507399848428446321e-01,7.238932996662703623e-01,4.599636724746035688e-01,2.231391892532630927e-01,5.016841752437000146e-01,4.229868038524933205e-01,6.011614589114397944e-01,8.049967770601468287e-01,6.969232795407828140e-01,6.995575851153468250e-01
8.864961427266141447e-01,7.859888620632298206e-01,4.386617002447273928e-01,4.407682353568977973e-01,0.000000000000000000e+00,9.726215424818178690e-01,4.073965415938516910e-01,6.442601385712899420e-01,2.102320634787585574e-01,7.983866321518656717e-01,7.718794783677815907e-01,2.762277895819074125e-01,9.549100939444351566e-01,4.903869567928486051e-01,2.543257123741997638e-01,5.217373447211788307e-01,7.684753338352128260e-01,2.971609874938687113e-01,5.842044984375347472e-01,9.365785636123264979e-01,9.243421363944414049e-01,7.354482800595266712e-01,6.083740375554278490e-01,7.331855546836720805e-01,4.158113667135054370e-01,6.174611906168608888e-01,8.561555284662114573e-01,5.059096997321563816e-01,8.894066809969254361e-01,4.890160398760754479e-01,4.489291348107460888e-01,8.067753215860042904e-01,3.284759894149343884e-01,5.158414160385375036e-01,7.393873964401922461e-01,2.957030450868092242e-01,4.928129936736260208e-01,4.842015728430597021e-01,9.604228459406569662e-01,6.144627822838532039e-01,5.009081884129072959e-01,7.251844880807390981e-01,8.837440224223989116e-01,2.436787586657645499e-01,8.489679617772885045e-01,6.998381712927511655e-01,9.087832564667022162e-01,8.767063825240393182e-01,4.360087431908934996e-01,4.596004894165947596e-01,6.446103456243313934e-01,7.396051665008851472e-01,7.652902104038670217e-01,-6.198238277775067195e-02,4.334734674058541848e-01,7.591714178828903314e-01,8.556578782209991463e-01,6.768415899735565899e-01,9.256373538280673330e-01,4.564458583882153864e-01,4.618457855527580702e-01,9.030648839706382214e-01,9.899548783872169633e-01,8.126308391903940276e-01,8.779631679037143144e-01,4.978041923267448876e-01,5.038440630516328733e-01,8.789388573851046882e-01,2.398249109575149585e-01,7.751149240783598016e-01,5.780780206159583656e-01,7.063720668169063410e-01,7.066442871980043172e-01,7.346203664477450879e-01,5.220561882821392885e-01,7.522664792785764831e-01,8.755151689617652888e-01,3.279661044371858236e-01,6.626007093496089073e-01,4.143886122339303646e-01,1.215890579619809952e-01,6.789827754043014085e-01,1.611572134025087907e-02,7.899891501400883032e-01,9.319923742122757648e-01
9.134967365733877021e-01,8.013510593777810609e-01,7.668042909778460814e-01,7.414451955266747607e-01,9.726215424818178690e-01,0.000000000000000000e+00,5.884598168697122711e-01,7.202810896747924296e-01,5.117381751149068236e-01,7.941668436217124150e-01,7.621315711137105486e-01,3.320011477525618981e-01,2.310057332686274445e-01,9.098294827139585816e-01,6.914985753689198988e-01,7.776551314580537611e-01,6.534093434790391175e-01,8.162153999021712902e-01,7.849665515897743528e-01,6.323243545059589188e-01,8.593306948847982962e-01,5.517136945818730265e-01,9.977885769623084933e-01,5.450507364081702555e-01,4.490706405315079697e-01,6.351341926245691605e-01,7.597493339709543436e-01,6.955012246073070115e-01,6.918082180142053339e-01,5.033744513043225677e-01,5.323430747240799343e-01,6.699832566417849300e-01,7.026021544646641193e-01,8.974309133872614419e-01,3.436231709135938450e-01,3.294975534035176068e-01,2.791363480749441961e-01,4.993174927354142034e-01,9.139885724275392809e-01,4.187940026446407837e-01,4.578061860339245892e-01,7.273420868964379782e-01,-8.471534716626431816e-02,7.305234963861133579e-01,6.051719675570359919e-02,9.299381079162519770e-01,7.543883180368775587e-01,6.270865267875702642e-01,5.840778919305856798e-01,4.962148646107508165e-01,6.552859680063575221e-01,6.973933989264001765e-01,3.368721249231446668e-01,6.207882879933765974e-01,6.702540219284451872e-01,1.895449032834174707e-01,7.398757696068871681e-01,9.882791678075230069e-01,5.668772526567253944e-01,2.255879270621600763e-01,3.800115792434980988e-01,6.228999167118819402e-01,8.574621389544674344e-01,8.494529853277735798e-01,8.973990299985958874e-01,6.349665838189685330e-01,5.460927306508140955e-01,7.570250198537846753e-01,6.730875228200876581e-01,6.347486526325116785e-01,4.393582781608399990e-01,2.705181327305228867e-01,8.226244238754475413e-01,5.446227020029670296e-01,8.289562713174500885e-01,5.359151825995425167e-01,3.260913267765088719e-01,5.125268739569034393e-01,6.661394362851164042e-01,3.664057403159621806e-01,6.634105780126744456e-01,7.871625141386724422e-01,6.890349622411779951e-01,6.154593175132864191e-01,5.813546932983223448e-01
1.100873430318878403e-02,3.293498892766900110e-01,4.152600726224224825e-01,4.043632509892751137e-01,4.073965415938516910e-01,5.884598168697122711e-01,0.000000000000000000e+00,4.913593206114244549e-01,5.534855380870929986e-01,5.707810920960184609e-01,2.490237139270524147e-01,7.799642051300201828e-01,7.275174393991021837e-01,2.203791313099788818e-01,6.270904608781586731e-01,4.375320009485764716e-01,6.745514395605392011e-01,4.827919220337175688e-01,4.501259419550706076e-01,9.639403488946532983e-01,8.127054198355313508e-01,4.584288670208274685e-01,4.098880514757666238e-01,7.526262207700875617e-01,8.399702377360755978e-01,8.979502288225558182e-01,8.689460535125165253e-01,6.017418812609103274e-01,-1.137780637637417769e-01,3.589878125378427320e-01,2.787322669680145776e-02,4.352559047682930116e-01,7.598196863005901580e-01,6.813913428447939680e-01,6.199971838838885807e-01,2.334028079762573149e-01,4.144182813484055261e-01,8.359125558672058087e-01,9.124545152652987490e-01,4.321809793421871326e-01,7.299910567646947790e-01,6.318458763429198877e-01,9.092905677374195639e-01,7.761984543863837960e-01,8.331969395245939491e-01,1.240056423372154493e-01,3.444267213329825217e-01,4.171271377316153606e-01,5.387137566427591118e-01,4.405813793339348194e-01,7.998088775352554247e-01,4.106266698433255202e-01,7.137679623124643102e-01,7.088049377116041327e-01,4.214711767400812215e-01,7.098665885608647086e-01,7.220655365888815069e-01,6.205770859773680481e-01,8.370368609076609401e-01,6.568610290795515727e-01,3.977936354546230957e-01,1.195496237852919919e-01,8.719144298589964759e-02,6.442602880167007662e-01,8.438748352435135880e-01,7.881501045109777781e-01,8.729427070043588310e-01,8.369207734315430303e-01,6.159455954607597761e-01,5.615521345014321541e-01,1.960616310478681956e-01,7.655239575594278145e-01,7.045278023151397839e-01,1.992463058500316964e-01,6.295107389582541568e-01,7.105418633364800618e-01,7.496305370608403740e-01,4.616661912894228226e-01,6.550373901147906741e-01,5.088162596220855427e-01,6.123930948585857292e-01,6.981623609175617862e-01,7.190456557190997300e-01,7.967481926522120839e-01,7.416166178749356019e-01
9.919079677615959545e-01,4.419171158723861348e-01,9.606270092584183740e-01,1.007083109665756204e-01,6.442601385712899420e-01,7.202810896747924296e-01,4.913593206114244549e-01,0.000000000000000000e+00,6.950179059866066211e-01,4.666800432473409699e-01,2.046394488835615588e-01,7.341532902811134242e-01,6.996907883649351456e-01,4.382959104716999676e-01,5.913552921798761464e-01,3.688498802700566070e-01,4.977030259387817956e-01,8.392019372461211324e-01,5.505829575335252635e-01,8.309385800216940732e-01,8.749482532102932364e-01,6.213516229270446001e-01,5.436729582018496876e-01,7.663213096436818361e-01,7.019865160708232965e-01,4.713452045756448827e-01,6.196359850112354017e-01,2.093859662114360698e-01,4.514135531350982333e-01,2.361717211270402961e-01,3.474015322822878726e-01,2.070332109935797693e-01,7.661569358292528165e-01,6.609766525307515517e-01,3.872296758340114109e-01,3.221809499344692185e-01,2.484255119804185119e-01,4.553450912961453656e-01,7.779174826443785440e-01,7.233793461970517980e-01,4.821846088977486677e-01,6.682838809949639414e-01,9.442528431170537084e-01,4.363638526887366753e-01,5.584587369986951932e-01,4.305129868520186087e-01,6.718557426523342757e-01,9.585843735779390196e-01,2.409681184477130422e-01,8.102167263064496971e-01,4.930879433346209151e-01,5.590841317761596763e-01,6.719838261176306338e-01,9.097435910634806833e-01,8.315278620995081305e-01,9.849836989695770484e-01,7.748281975407323996e-01,9.346613685009972361e-01,5.273203018217813565e-01,4.833346739464651209e-01,3.541817767634449776e-01,4.332899738000064449e-01,4.396537834921984134e-01,5.919240022096053933e-01,8.439248388792472966e-01,4.502460932922343062e-01,4.293542593703044696e-01,7.091461461639536612e-01,-1.609749115322358093e-01,2.658283149984145277e-01,-1.544325012601965308e-01,5.486295038804356317e-01,2.944723079160573853e-01,4.944740630457295505e-01,4.120631481616520153e-01,2.770744743512183472e-01,6.517782438619846852e-01,6.289647416788144429e-01,3.728603026930666919e-01,1.893929309502417890e-01,3.506149932209701170e-01,9.038769960906704037e-01,7.811169497190193489e-01,1.884731375335972070e-01,4.286073814028033002e-01
9.559371170419441732e-01,3.265763933148125853e-01,8.969044435790122227e-01,6.813194108986785347e-01,2.102320634787585574e-01,5.117381751149068236e-01,5.534855380870929986e-01,6.950179059866066211e-01,0.000000000000000000e+00,6.239359865404416894e-01,4.139603534425582154e-01,4.603085983711835416e-01,5.579364283026673199e-01,5.779811428899734871e-01,7.167207251225515829e-02,5.806404834646413660e-01,6.388513919404270602e-01,8.217489156290463947e-01,-9.188924017662018773e-02,8.505489676143936917e-01,6.646574732569574540e-01,9.748133639080550639e-01,8.764552863272196959e-01,8.034022905726233565e-01,7.682484483947207288e-01,6.128932574817963497e-01,6.134198590836243969e-01,2.599433802685598982e-01,4.457603517732228737e-01,6.652026744773074096e-01,6.304875410042156680e-01,9.417256380037490882e-01,7.409987417703316481e-01,6.851985770249632290e-01,5.578662262934170890e-01,4.717043127284943904e-01,3.675936118603558844e-01,6.590329986459140255e-01,8.224477102982085119e-01,6.363292989227433694e-01,7.506150983823494105e-01,7.551937833268295153e-01,8.226703196615050562e-01,8.945692428838766252e-01,8.457508961892605814e-01,3.806598331632697896e-01,7.527412227579508563e-01,3.846855290092016100e-01,7.968774234540416668e-01,3.497461911578840787e-01,4.131759833280448380e-01,7.295975842178534787e-01,4.152312112213770723e-01,5.591246008135231094e-01,8.945795854496094712e-01,7.569981239672882722e-01,8.159337302608785647e-01,9.159003981673570216e-01,9.187502112147691857e-01,4.513947166968416691e-01,4.940407345031659903e-01,4.193152791910089716e-01,9.412440251891402987e-01,6.945907141649699801e-01,9.068173593958490653e-01,8.263401093106244044e-01,7.478678776561691333e-01,9.308599768480937398e-01,3.659879144987685518e-01,4.108095750508591881e-01,9.250426051092717206e-01,5.115187720904545987e-01,7.916492520657615328e-01,1.716555315613399468e-01,4.801898515105095244e-01,4.281347979714838492e-01,9.690868742520225565e-01,7.851220311290959541e-01,-6.664460335460289930e-02,6.916534888568881545e-01,3.961211687333949794e-01,4.119753340105026806e-01,8.887767467061875593e-01,2.682072284561528019e-01,4.177224028270195011e-01
8.250457206397728838e-01,7.954522491935465123e-01,4.105315754476159262e-01,9.982168305528149599e-01,7.983866321518656717e-01,7.941668436217124150e-01,5.707810920960184609e-01,4.666800432473409699e-01,6.239359865404416894e-01,0.000000000000000000e+00,8.271771376665419950e-01,6.572142938944962598e-01,7.836596820401704466e-01,6.982031207460720479e-01,2.206532564477481917e-01,8.477561502746420175e-01,4.306194185761568760e-01,7.679276510116987975e-01,2.190035538164699092e-01,9.885612752811846482e-01,3.808693837044762054e-01,7.588094105712396287e-01,6.360835638461397323e-01,7.862969601871068193e-01,7.717525110134767496e-01,8.797320709858686971e-01,4.767361045866024827e-01,4.783034227667857241e-01,3.154519688771710295e-01,3.222642627111579339e-01,1.752966258317847359e-01,6.498219599415704373e-01,4.115758300462440400e-01,9.826050821641749700e-01,8.990829927047536696e-01,4.921282822969603732e-01,3.420325582509199935e-01,8.904581555052746289e-01,4.364036431948924433e-01,6.094658104681742739e-01,7.973737425217547470e-01,9.403906917201823035e-01,7.053112540768232686e-01,9.103195955525525962e-01,9.074039818902904786e-01,7.438340498495227271e-01,6.488035443130422131e-01,5.694391375569234359e-01,5.467255530836636623e-01,4.182142665814204130e-01,2.922258537302386272e-01,5.040665436833279278e-01,8.322227205205984246e-01,7.967618354054640806e-01,6.039646925882725670e-01,8.801561486412501356e-01,4.433788163737922838e-01,8.309970577054760499e-01,6.149375052491443672e-01,5.079517680902736476e-01,2.668989340632588192e-01,5.208314502503323951e-01,8.829579578542035012e-01,9.436562215225762218e-01,7.388704082591165401e-01,6.490485425232118688e-01,6.115209175502387406e-01,9.133715452405551938e-01,6.498062326049618420e-01,7.788511312947266063e-01,9.042578949542026123e-01,5.835903378787310469e-01,7.501063023194760593e-01,-1.805729726588910233e-01,9.530305034075686743e-01,6.152002424500460087e-01,9.727815166935850355e-01,5.567971246512073424e-01,-8.063398578782680903e-02,7.477476804120578580e-01,8.226325795150101206e-01,7.909969285322100419e-01,8.897140006145343172e-01,3.780713277961856855e-01,4.811299981696989803e-01
6.465326020674668772e-01,6.413948336892248969e-01,5.725635996215732160e-01,7.397505191547927295e-01,7.718794783677815907e-01,7.621315711137105486e-01,2.490237139270524147e-01,2.046394488835615588e-01,4.139603534425582154e-01,8.271771376665419950e-01,0.000000000000000000e+00,6.406393341829247357e-01,4.327754624077037038e-01,5.574820831401723353e-01,6.701373444825560188e-01,9.508916347947417025e-01,7.039517371410739521e-01,3.261783707937856436e-01,9.003352774068001940e-01,8.806406048522177343e-01,9.224830042718601408e-01,5.644644516620016539e-01,5.449311229209148344e-01,8.850920392496646194e-01,6.273628108423404681e-01,4.636579566022941967e-01,9.930537715600498139e-01,5.505556757429020953e-01,3.070133130608961869e-01,6.811313741566263902e-01,2.236390747668355605e-02,7.136270539023584769e-01,7.945316885102482463e-01,4.674252521170074171e-01,4.431520973464583291e-01,4.936901769719151400e-01,5.748138133120443971e-01,5.337028330667262788e-01,7.583487144100626853e-01,7.065390029264717597e-01,9.330162552298496004e-02,7.432471668602866899e-01,4.904115718655064349e-01,7.450018156720944473e-01,4.524223591031915626e-01,9.465077241952803977e-01,6.090704694477836467e-01,6.892655523718749233e-01,5.635734542718615625e-01,8.920837040246329952e-01,9.036656921495987982e-01,6.646477051527763802e-01,7.735435579529981176e-01,9.701048909835743306e-01,7.243567205726226810e-01,9.467515684706754309e-01,4.132160806007313392e-01,8.356518555506515789e-01,7.003361240438776836e-01,2.946916353528241106e-01,1.949901147920955757e-01,6.874230291279883609e-01,9.317090963962776362e-01,8.645504669717738455e-01,6.854635498374234137e-01,4.997207893298982184e-01,6.390027728742659896e-01,9.078590777283183089e-01,7.720026774942818637e-01,6.844572693262813701e-01,7.833345600732187775e-01,6.776170256903661926e-01,4.337291676797026541e-01,6.434590636491001048e-01,5.363666786506198214e-01,9.547941509602196897e-01,5.124601784864216691e-01,2.023742923922919046e-01,6.683887817970266543e-01,4.316246948520520155e-01,3.060527466286432352e-01,8.978509695461305284e-01,7.761062116216863593e-01,3.118512054684279278e-01,7.887512416463804410e-01
8.510993160660788037e-01,6.765643842031415778e-01,9.997648748391123608e-01,6.953515200823062736e-01,2.762277895819074125e-01,3.320011477525618981e-01,7.799642051300201828e-01,7.341532902811134242e-01,4.603085983711835416e-01,6.572142938944962598e-01,6.406393341829247357e-01,0.000000000000000000e+00,8.304787655149598047e-01,9.822137273062196972e-01,9.129612329779517310e-01,7.575962409773022710e-01,6.900112502055392172e-01,7.694125354904349789e-01,3.431456744080174648e-01,5.457830946030740593e-01,4.962000486055229143e-01,3.194026801233977308e-01,9.090909029126699181e-01,3.327991463415602702e-01,6.679006040007645639e-01,1.298857890810623805e-01,9.285012738772767671e-01,8.712099963845216788e-01,4.713313279530814692e-01,4.534888220952500992e-01,4.720974207770414766e-01,5.787087729873262587e-01,6.804698234672795776e-01,7.958203049553043140e-01,3.946750420662445968e-01,-1.030091285338787244e-01,5.249973300085398753e-01,8.501307235525493722e-01,5.178976186174802931e-01,7.175606505029425985e-01,2.400259139205412340e-01,6.548647804336709122e-01,9.778297335576174865e-01,9.732197060601699423e-01,7.079678906845179309e-01,9.592875559515198214e-01,6.898723916320926852e-01,7.519633744812445064e-01,1.752357304980871611e-01,4.027419795013038040e-01,5.923696120260092401e-01,6.071446665581966551e-01,8.576211551374198772e-01,4.764739609295675082e-01,3.804122920610071290e-01,8.163604731038538453e-01,6.988323822528099694e-01,8.477018260261813820e-01,7.935587281591929276e-01,5.432782909817418515e-01,7.283261599728829694e-01,6.230280969223038756e-01,8.065322713638242158e-01,9.293336443290780569e-01,7.378105808367179108e-01,9.064589875641241301e-01,2.106771634985060704e-01,6.020133211314750987e-01,4.283841108432286937e-01,6.592981754979325704e-01,7.442857255206931644e-01,7.171554924647767226e-01,5.287288306604430721e-01,7.849906447414704003e-01,2.012768078624064816e-01,6.591333369259322339e-01,8.716517508457262142e-01,7.751198895072552997e-01,4.204353575290960543e-01,2.431750716704655368e-01,5.398475072609658643e-01,5.652874708901182155e-01,7.846733245399032386e-01,6.075140130616087930e-01,6.480132161878819907e-01
3.300653222276564436e-01,6.197871420994831571e-01,7.502846504500338964e-01,6.057690192622128267e-01,9.549100939444351566e-01,2.310057332686274445e-01,7.275174393991021837e-01,6.996907883649351456e-01,5.579364283026673199e-01,7.836596820401704466e-01,4.327754624077037038e-01,8.304787655149598047e-01,0.000000000000000000e+00,8.064103716359978247e-01,9.982403076882453430e-01,6.824069428165845386e-01,7.351045960983256800e-01,6.088754959092017582e-01,3.667598875160872351e-01,9.456214667440746569e-01,8.046151481247506565e-01,7.112416190253001425e-01,9.781169041018434873e-01,6.354830388474477232e-01,4.729673185447152983e-01,5.815770794735333760e-02,8.330453409711793267e-01,5.895400811448988643e-01,2.730725205757821294e-01,5.985142924351334326e-01,3.724838590273618077e-01,6.586901514603774599e-01,7.948040445121284936e-01,9.975203390087894473e-01,6.506954449075282865e-01,2.838805580495350478e-01,1.610461972398395669e-01,5.487958779907896600e-01,6.610120798156435828e-01,4.078191114719712518e-01,6.296758030127532768e-01,7.765950211310704843e-01,5.936274356786479522e-01,7.030171486329921393e-01,9.940296998291742181e-01,7.260435443025048396e-01,6.888936450014626622e-01,9.598485905063409707e-01,7.567558474136996116e-01,8.237924389762282251e-01,7.196435404341106068e-01,8.313691283397317555e-01,2.742762456059272269e-01,8.863004113909751513e-01,5.623307987316237266e-01,6.667552819915341100e-01,7.647175996822425104e-01,4.229198479918223064e-01,7.328512601326691023e-01,1.364641653400667787e-01,5.959089273341631188e-01,8.417039149757100658e-01,9.836446825652086501e-01,8.803610219860042996e-01,6.884441205053362101e-01,8.892344173026672793e-01,9.003713383185014685e-01,9.569976732474420045e-01,7.896110246398777566e-01,6.826254387559460568e-01,6.726503739459925857e-01,6.414097636937544644e-01,3.903704515785456630e-01,2.513781710064069141e-01,7.554752564844796625e-01,8.164241025424996412e-01,8.606742957990105580e-01,9.109875232462165684e-01,7.423514640005379750e-01,3.624773357461772982e-01,2.002829161662474378e-01,6.045900714232695927e-01,6.082805511454181246e-01,7.964568035565006143e-01,5.455647337305628009e-01
9.657320960907382901e-01,2.109303774666653475e-01,6.019880953659875189e-01,6.475310036423269633e-01,4.903869567928486051e-01,9.098294827139585816e-01,2.203791313099788818e-01,4.382959104716999676e-01,5.779811428899734871e-01,6.982031207460720479e-01,5.574820831401723353e-01,9.822137273062196972e-01,8.064103716359978247e-01,0.000000000000000000e+00,6.822017794054964224e-01,4.154790158413859680e-01,3.036965034866592195e-01,7.846036327709562386e-01,9.249756760479432849e-01,9.386573964054470975e-01,6.452257254561087896e-01,8.275886808781738324e-01,5.666916917475393056e-01,9.837376382730019797e-01,7.226483955272924309e-01,7.647097199036514414e-01,3.423432736844547186e-01,8.374916680066730734e-01,2.000137135015324918e-01,7.013122054869348476e-01,4.755312480642172046e-01,9.952230578979124331e-01,7.128549711147269541e-01,6.951746938588612146e-01,4.714264195312937167e-01,4.969617500562084622e-01,3.256526963060709656e-01,7.804261736036346431e-01,6.813155354623725568e-01,2.956568735058956454e-01,5.366176847557876384e-01,9.984790881879308522e-01,6.268514065077460673e-01,7.951718022323437385e-01,8.740454936527788377e-01,4.866133872211369504e-01,8.423799222189994884e-01,8.372053643157152392e-01,5.663981519392244923e-01,4.532467589057886381e-01,9.920826601702477099e-01,4.787783893092456000e-01,8.906716978253258477e-01,8.120286363291593368e-01,9.500893801318058829e-01,9.603668357896772978e-01,6.988309106990575614e-01,3.765445997238232589e-01,7.250583586841825579e-01,7.976199297716359826e-01,6.808754464370689874e-01,6.252333624499308851e-01,6.262594447812510623e-01,9.316974350429482188e-01,3.243714372555961400e-01,6.045100630987527701e-01,8.605067119505775963e-01,8.991871096300069199e-01,6.297981573147064527e-01,6.519275889522562206e-01,4.912039850987762191e-01,6.378883085974754730e-01,6.349446464045144234e-01,7.504535873121878087e-01,4.298358493026322447e-01,6.304006704862180621e-01,8.038626214129209746e-01,7.023866436711497796e-01,2.057683446939748417e-01,5.170787682314943456e-01,9.623445145692732794e-01,8.459902572305596502e-01,4.723790796948054704e-01,3.287722158960036944e-01,9.645583054475740381e-01
4.129885140525248466e-01,8.518064457872401851e-01,7.379391114040659838e-01,9.037099327120015069e-01,2.543257123741997638e-01,6.914985753689198988e-01,6.270904608781586731e-01,5.913552921798761464e-01,7.167207251225515829e-02,2.206532564477481917e-01,6.701373444825560188e-01,9.129612329779517310e-01,9.982403076882453430e-01,6.822017794054964224e-01,0.000000000000000000e+00,6.500992843599746607e-01,7.505767107312353303e-01,6.454645947664938710e-01,4.352543642846555816e-01,9.625609748775586505e-01,4.091157517243675934e-01,3.622881821638155864e-01,2.002182944490746019e-01,9.017553471864873105e-01,4.633770903007770614e-01,9.614620991168356667e-01,9.183725450720143790e-01,6.040967448398946171e-01,4.702124170144601489e-01,6.088313332085333318e-01,5.604501556966681175e-01,2.616514287513726500e-01,2.485297702892875771e-01,5.863403123912320769e-01,7.475832277691800698e-01,2.717186829304827494e-02,5.371569074399635824e-01,6.161866454563125206e-01,6.689839293673781606e-01,8.405050093406651879e-01,4.696989985535178769e-01,7.461773454775439962e-01,8.705252285503392029e-01,6.814102775122017341e-01,7.061720771756408999e-01,6.424457463004298319e-01,8.839740556340232036e-01,7.251675579397163229e-01,7.492783998849221749e-01,6.182883369451332989e-01,8.167731524008048360e-01,5.902792897907829239e-01,7.715885980615383444e-01,5.056902779115289848e-01,4.902414410883205731e-01,6.502856744333721517e-01,6.739447428957132669e-01,6.101962117063377544e-01,8.299620241532150722e-01,6.943547018581215369e-01,1.619378702136055614e-01,7.658913968549356799e-01,7.929460074641271339e-01,8.175815723025905424e-01,7.982963510096899862e-01,4.383621487306085807e-01,7.422186018142596931e-01,8.574110054102860312e-01,4.817596037059186931e-01,2.283689287710589655e-01,6.247754534822954620e-01,2.989686606556941628e-01,-7.966533214674502428e-02,6.378075370739723082e-01,6.385795629143772301e-01,9.691718427200298747e-01,7.041974738910944387e-01,8.154231301628439565e-01,4.889521517538645279e-01,2.143192467996198891e-01,6.580431366583503472e-01,8.933852614784574264e-01,6.639481921765418848e-01,4.679056766475612195e-01,7.981751036132526123e-01
6.501228722997718368e-01,4.276977106017339492e-01,8.365051444898562449e-01,9.921904648146678829e-01,5.217373447211788307e-01,7.776551314580537611e-01,4.375320009485764716e-01,3.688498802700566070e-01,5.806404834646413660e-01,8.477561502746420175e-01,9.508916347947417025e-01,7.575962409773022710e-01,6.824069428165845386e-01,4.154790158413859680e-01,6.500992843599746607e-01,0.000000000000000000e+00,5.782903133843758647e-01,8.112710499975142042e-01,9.303927585072431228e-01,9.070839176160986339e-01,8.423938534317051419e-01,7.864995216541837975e-01,8.917423911621803478e-01,4.488824128614306019e-01,6.526389104793739460e-01,6.458115187853018524e-01,6.757062229980898005e-01,7.600722691648089668e-01,8.226022753036449364e-01,5.734596994661792513e-01,3.115594323778065888e-01,5.995713833403414350e-01,6.348605177327065752e-01,3.395016666177780307e-01,6.897500489110048871e-01,5.163213686994801155e-02,3.988980595398394779e-01,-3.390142671977780520e-02,8.096684494145462985e-01,8.272757827712974299e-01,3.176692815133511649e-01,7.693840051787095291e-01,1.503596760460018666e-01,3.196849282846130347e-01,6.415960648934745381e-01,8.722494692134732386e-01,7.167139914094881048e-01,4.978961168672615401e-01,4.385298191058667472e-01,8.573937260814071815e-01,4.720347237455025935e-01,8.815206237387113175e-01,7.923269595229728290e-01,6.814617512267033828e-01,8.386835434266656231e-01,6.198120949253936862e-01,9.726388164331095654e-01,8.841659393100139708e-01,3.645275833420765776e-01,-3.743657609429076882e-02,-4.647396922081470372e-02,7.667943736782282249e-01,8.128343476344322971e-01,8.520329083053465036e-01,6.761247314385412377e-01,7.465073435938629487e-01,4.110445375834059778e-01,9.694623763230565405e-01,9.794153110611123481e-01,8.246008234604192966e-01,6.092856104141366469e-01,9.550460081977916182e-01,5.269179614523036292e-01,4.419590549521313916e-01,6.836833117828514661e-01,8.261560523588844518e-01,8.160216073539819925e-01,6.913100533417242399e-01,1.864683627915124722e-02,6.588681050894080737e-01,6.877042092255682970e-01,6.090553733951395987e-01,7.456313652164617833e-01,3.101940918026185878e-01,3.438393724840584365e-01
8.682951480124824206e-01,8.857956346734950914e-01,6.273037454706676952e-01,7.756060313026839070e-01,7.684753338352128260e-01,6.534093434790391175e-01,6.745514395605392011e-01,4.977030259387817956e-01,6.388513919404270602e-01,4.306194185761568760e-01,7.039517371410739521e-01,6.900112502055392172e-01,7.351045960983256800e-01,3.036965034866592195e-01,7.505767107312353303e-01,5.782903133843758647e-01,0.000000000000000000e+00,8.588702500413343266e-01,-2.057394938450766153e-01,7.583152645602296849e-01,5.513413518679369796e-01,3.148463304096269511e-01,9.440536276332149868e-01,8.479043790181923779e-01,6.327708972340907456e-01,9.387149864379698005e-01,8.917758592529636541e-01,8.779857672069849572e-01,2.360941506860283756e-01,6.981318984409755624e-01,2.322794893284411688e-01,6.421085192746560644e-01,8.505680032944447078e-01,9.969543963928053643e-01,8.917936929829356485e-01,2.922950200752250649e-01,3.642666749468169707e-01,9.167581161228528508e-01,6.939604876045117887e-01,6.410537070128912163e-01,6.318828516414034535e-01,9.350759865304367757e-01,8.519849054642754105e-01,9.901054258075400183e-01,7.352131876556864398e-01,7.672340117535108028e-01,5.142242872401419085e-01,9.528275749003897177e-01,7.502159888442800906e-01,8.782019742556422814e-01,7.983254527358694119e-01,8.192629247150534644e-01,5.834934958419810691e-01,9.059034519390705142e-01,9.802999001381156319e-01,8.193807460536718379e-01,8.960307852955249341e-01,6.067518318869478122e-01,7.107793164605074043e-01,7.869871796175086365e-01,5.254947833725160944e-01,7.743815145837513736e-01,6.742418612540980183e-01,6.128154319804723915e-02,6.071303967673827851e-01,8.935459984352546181e-01,9.719967627219563422e-01,9.528125797527079444e-01,8.083490950334701886e-01,6.743457365172242923e-01,9.610482017669421673e-01,9.294984873907559120e-01,6.045779227984054982e-01,2.933611402307825244e-01,8.452868045843044964e-01,6.747138803254366657e-01,9.684297982847358544e-01,8.990433438022883417e-01,9.231897431796115550e-02,2.914138472121357015e-01,6.245114276307186518e-01,4.881328456637397117e-01,9.770023307227607701e-01,6.099885736197291353e-01,9.440963191146698463e-01
9.548348257388262761e-01,-4.208656937424068434e-02,7.060194763479915592e-01,2.189176184518177859e-01,2.971609874938687113e-01,8.162153999021712902e-01,4.827919220337175688e-01,8.392019372461211324e-01,8.217489156290463947e-01,7.679276510116987975e-01,3.261783707937856436e-01,7.694125354904349789e-01,6.088754959092017582e-01,7.846036327709562386e-01,6.454645947664938710e-01,8.112710499975142042e-01,8.588702500413343266e-01,0.000000000000000000e+00,7.068871312443006927e-01,6.975876041997526311e-01,2.168060964457200479e-01,9.394600159232930903e-01,7.894579835251844813e-01,8.641006525691675710e-01,6.151184724914214863e-01,7.824150664236668717e-01,5.726009046974231964e-01,2.362363204016336704e-01,6.757618905946026766e-01,3.035834069758568954e-01,7.401126515695591879e-01,6.250547819298093444e-01,4.245610330775402286e-01,8.802602605167462180e-01,4.310661793631068717e-01,6.585634426814165332e-01,4.508177252812352598e-01,9.311323250640614058e-01,6.374079852365066579e-01,6.248074947616069075e-01,3.153350523073368272e-01,4.205949565088570874e-01,8.028317183000996948e-01,8.615033583576733323e-01,7.152691017145483554e-02,5.219413266212341584e-01,7.400742087660570068e-01,7.571988668272101597e-01,7.227216822171411703e-01,7.245713802011817251e-01,7.187445039681472636e-01,7.344554000931819981e-01,4.064164729088391437e-01,8.885707437857989222e-01,7.339004932384310953e-01,6.199734456649327319e-01,6.107164253154244715e-01,8.490445480834232228e-01,8.430801807060082087e-01,5.514464431978698400e-01,9.305191133008828830e-01,4.880524813060626022e-01,7.079829026546187176e-01,9.729800244259183550e-01,8.600175767398837712e-01,2.947540102123700212e-01,6.775015124082726103e-01,6.596918159947045002e-01,7.906786583212979114e-01,7.862774125784373069e-01,4.003180312763451876e-01,6.306525095584105678e-01,9.185733236754847209e-01,9.588724411974600681e-01,6.199397294241817402e-01,7.965962161860247470e-02,6.155109105841574113e-01,5.163008380905218520e-01,6.515799285546178821e-01,3.992154413600337293e-01,7.081712076024719860e-01,6.295568341109029076e-01,4.431805420927090178e-01,7.389313241821433564e-01,6.774497209677814435e-01
