0.000000000000000000e+00,9.354048760848632238e-01,8.357675559179269520e-01,8.455028966534852142e-01,7.424482270353104374e-01,9.192852207077840676e-01,8.527921249780671120e-01,9.941758187871418961e-01,8.007656449116410391e-01,9.300942694484215512e-01,5.804436638472673105e-01,5.899524308403876205e-01,7.341653513279249310e-01,6.116962722147696319e-01,7.222183358965192923e-01,7.423775632252677115e-01,2.913478549588820465e-01,8.102412874804280074e-01,8.806850536935046936e-01,9.397124881834960641e-01,6.753640870615414959e-01,4.643503464493683452e-01,7.693056367404265128e-01,8.685403337930999168e-01,7.090510650164024709e-01,7.775752056664209100e-01,9.258541636906802985e-01,8.410387898418527630e-01,6.108793702852434171e-01,6.497805203783055816e-01,2.169249389671427386e-01,6.684403228308134493e-01,6.138581823456777942e-01,6.436432418217182816e-01,9.780680245178154930e-01,5.282690792864233043e-01,4.466679612931496735e-01,3.167993285630309463e-01,8.145674668630232818e-01,7.998667013818878679e-01,7.926286194316058964e-01,9.666378571794774777e-01,8.121327712405842503e-01,6.764386222046923081e-01,9.454830391073585361e-01,8.198206612969947127e-01,6.061693631785421976e-01,6.030862689886604677e-01,7.019686424543358783e-01,8.613836782337771503e-01,8.869543062930435040e-01,9.268937204698232124e-01,7.181595581760963354e-01,8.647398425960406421e-01,6.729611442472867022e-01,7.433330211195775528e-01,6.029700463394734866e-01,7.226172196027360606e-01,9.887531185191085203e-01,3.795443072396377238e-01,6.308449650271054088e-01,5.236145937189266020e-01,5.608986023044044700e-01,7.754675454065209639e-01,9.981003815614232222e-01,6.368397849370582842e-01,5.702266709479804074e-01,7.066596681664536472e-01,7.975268842915153034e-01,7.068362725851409234e-01,9.824738808066895146e-01,7.088484218319072161e-01,3.618017742180855700e-01,2.212236779108395224e-01,5.623816683954944162e-01,6.883348937871638373e-01,9.871762424185913654e-01,9.640127139853864602e-01,3.209997446711407854e-01,4.685569720715533903e-01,9.124523453107068471e-01,8.058477561756023366e-01,7.653559749432099490e-01,4.357397225297997556e-01,9.453604375677709948e-01
9.354048760848632238e-01,0.000000000000000000e+00,9.207915381727261872e-01,7.871266005934616228e-01,5.869678671044974427e-01,4.534673991105191426e-01,4.585200440496213226e-01,6.607543435451164182e-01,7.238208182182789274e-01,8.387700212617327233e-01,4.205445841169124233e-01,9.893267591403532846e-01,1.028707343836665206e-01,7.223345347446555875e-01,4.797253605726146675e-01,7.594431277751330089e-01,6.000129899310082671e-01,4.831229738833675569e-01,8.556525067371536508e-01,8.565926223924630323e-01,8.603533118690664949e-01,1.868682653640724167e-01,5.603253817178168728e-01,3.064135301947519818e-01,5.499274045495009533e-01,4.067504210855861224e-01,5.468509529001007730e-01,9.691890260300872750e-01,5.906877623218236284e-01,3.698380217777156864e-01,1.102602566446424098e-01,3.733106706169533884e-01,7.048937540117721223e-01,4.122442861792326996e-01,6.873525909721087679e-01,7.063500603828196667e-01,3.347936709634939945e-01,6.928697710422904166e-01,8.941330073767761455e-01,6.537276922157254644e-01,8.420723341636630055e-01,9.851753082764440617e-01,7.844473963676567019e-01,9.196645665038812867e-01,4.765037217927157176e-01,2.642020925930299025e-01,8.063474585351588786e-01,7.401649878276683747e-01,6.979385921361880296e-01,6.706014482291888790e-01,5.648703778055342850e-01,9.812853783819283082e-01,9.883895754425456870e-01,5.154347278536089982e-01,1.565974980793010674e-01,9.545712182790826450e-01,8.540999626121971167e-01,7.825596113261705788e-01,8.235682867719673617e-01,6.549952676921568795e-01,7.192299376680998391e-01,5.641812454617289863e-01,3.823577460647352710e-01,7.912940734555921063e-01,9.096861313783358716e-01,7.793032238569452819e-01,7.978000550295795135e-01,8.380952553526592741e-01,5.690615269857343117e-01,5.060959284317888551e-01,5.387342589949053462e-01,9.920694836651577919e-01,5.783145155700782913e-01,7.014307696183966767e-01,5.665147484121345611e-01,6.303995087046233570e-01,8.410401055539615811e-01,6.886528337688561097e-01,2.915812755449769256e-01,6.608550448834800140e-01,7.614687102323068890e-01,9.648789726171501657e-01,9.843040089341773546e-01,7.855676279142318474e-01,9.018128773499974882e-01
8.357675559179269520e-01,9.207915381727261872e-01,0.000000000000000000e+00,9.058553321347755372e-01,2.640498014195727938e-01,9.440584166484372597e-01,8.231471354848075572e-01,4.828214820864578094e-01,6.822642298597617616e-01,9.894887204333893127e-01,9.068464488138374691e-01,9.333462542649941796e-01,9.615845377943914585e-01,8.929784316655537957e-01,4.591151573529222429e-01,9.117228677809957604e-01,9.666506544059335626e-01,7.182047363450752009e-01,2.336040219846055588e-01,8.306076009565235285e-01,7.663479456550077451e-01,9.748889815197215869e-01,8.200002323816386607e-01,6.641184468565781707e-01,8.790009243079326406e-01,8.957413206015912843e-01,8.302165091423860943e-01,2.685221271837864854e-01,3.319074663774411738e-01,5.618304291045134180e-01,1.977214185518616496e-02,6.173445651946070090e-01,7.817943418879158557e-01,9.411456154459361123e-01,7.121011507108876426e-01,7.593120310724323918e-01,4.773687831937615811e-01,6.736913807654273390e-01,8.424081430510131918e-01,9.929841955306999424e-01,7.341649736397050097e-01,8.765487320262747017e-01,9.681358488502643800e-01,3.605259022292063853e-01,6.561696074009477631e-01,7.711736431981656148e-01,9.524146906423101022e-01,6.288981151588534102e-01,8.408076836326854320e-01,4.492068752537448639e-01,6.059883210031836720e-01,8.887911522122481367e-01,8.498384619325809464e-01,9.410040395259779977e-01,9.066290522733312374e-01,8.252611038444299663e-01,7.619873156825105465e-01,5.716945352120204049e-01,8.492164156678676523e-01,6.300728498991898796e-01,1.231047941712408791e-02,9.675669170392954266e-01,9.738953084141638294e-01,1.050379554655462427e-01,7.498552315895961051e-01,6.539618817027864628e-01,9.426049687746569372e-01,8.164635207019814711e-01,7.519540702457639947e-01,7.578112928408042848e-01,6.475661670305318252e-01,9.575727128549128553e-01,5.270649166297700638e-01,1.290225490579964551e-01,6.747666907243345946e-01,9.637652263537268560e-01,7.318541821585952123e-01,7.116172708606356423e-01,6.116148113969250844e-01,2.923378828334024515e-01,2.963929339061443513e-01,7.570756611190783136e-01,9.615447566643713362e-01,8.184350300272148493e-01,5.512832186469915907e-01
8.455028966534852142e-01,7.871266005934616228e-01,9.058553321347755372e-01,0.000000000000000000e+00,7.323153630276968418e-01,5.582591056287760090e-01,3.362422604944625970e-01,2.631988845091880469e-01,5.182527497364787239e-01,4.953266737593947644e-01,6.829258271957512338e-01,7.053501949395543091e-01,9.037641058790152337e-01,7.170042869881452230e-01,8.876435999797509524e-01,8.305531673766863854e-01,9.179178123246338750e-01,9.819996534482633432e-01,9.441482494810649051e-01,4.061168272646217270e-01,2.472605415641031812e-01,6.441096367975122083e-01,6.535281603175669973e-01,9.296498084970690190e-01,6.224434351508145724e-01,6.151336438273129481e-01,2.819385837981814857e-01,7.895639923936117466e-01,8.243578505929287648e-01,3.800223945385046154e-01,1.061978175721553508e-01,5.115847364652962304e-01,8.334974066115192759e-01,6.642039900138998476e-01,4.474604618799586930e-01,3.797292031639172283e-01,3.548949743148649971e-01,9.953653385693528310e-01,7.093480018685038857e-01,7.502805034825563713e-01,7.522693906847170986e-01,3.204571405518445992e-01,6.055909158799794856e-01,6.367800425705724132e-01,9.590336599142578189e-01,4.290025011894802592e-02,7.360096154368291899e-01,3.932112393716860610e-02,4.758347967254999977e-01,9.778349144031222018e-01,9.961876548089588779e-01,2.415893060203531117e-01,8.459069841804852663e-01,8.638871321262093783e-01,6.957380348789996560e-01,9.856422827589480518e-01,6.565228610003490672e-01,7.811366694710977221e-01,9.861893759127917658e-01,5.903479082627733909e-01,5.911851195761338440e-01,7.482869534044991333e-01,7.849642107791311441e-01,9.695060511772236600e-01,8.723473500067634445e-01,6.825092749915900869e-01,6.141244027471380873e-01,9.897571514358728395e-01,4.596352920206366877e-01,9.075112743026740869e-01,8.858865476840739328e-01,7.710502138838756236e-01,5.003358942269923171e-01,4.078248267359927959e-01,6.061504945969364844e-01,9.029852200617910496e-01,7.367346937571661591e-01,7.290818263081348949e-01,-1.054394210402196802e-01,5.977153537209709544e-01,4.027388726504609884e-01,5.612405188655361643e-01,9.396337090849071760e-01,2.874866036450606233e-01,8.804852985838340640e-01
7.424482270353104374e-01,5.869678671044974427e-01,2.640498014195727938e-01,7.323153630276968418e-01,0.000000000000000000e+00,5.082796172855568173e-01,7.575744426832604628e-01,4.266388826767646969e-01,4.327452642482952916e-01,9.307039638947861571e-01,7.642562924395950308e-01,6.258052556649685849e-01,1.311973922721099972e-01,8.164018733493496605e-01,7.080759002100850408e-01,8.809034479596582479e-01,8.005597928313672451e-01,6.704397913943958009e-01,9.594600970022068021e-01,7.397207024090478589e-01,9.563070840375839099e-01,7.199616836806066456e-01,9.298288407510866271e-01,9.951194223527453087e-01,8.344921083054192001e-01,6.726417233733857914e-01,9.354429671595279050e-01,5.362732842663919808e-01,7.585436795909645813e-01,5.268569653324799429e-01,6.420797966250828548e-01,6.550917126398222434e-01,8.193821109849126483e-01,5.356048850521545335e-01,8.257858926127160659e-01,1.870225278124838797e-01,2.359542883062281660e-01,6.646474587266225642e-01,7.203227217324998932e-01,4.870313974948111135e-01,4.586826520352846881e-01,6.128955158980762263e-01,8.676129054827445009e-01,2.337724063608618563e-01,7.478081846906267094e-01,6.710937043938050017e-01,7.707290379604243569e-01,7.585003813617483548e-01,6.831764797973876036e-01,7.405934008018548731e-01,4.070723849924680060e-01,4.554062451296932990e-01,7.202878478227103809e-01,6.125924564663348670e-01,9.633707323034110814e-01,8.864194666010255519e-01,6.972745066266867742e-01,5.062223379856486405e-01,9.143207685702237075e-01,7.020097613852409602e-01,9.772327829509765973e-01,9.118397629134270543e-01,9.961191810343810182e-01,9.672939297842735318e-01,6.609308404602830533e-01,4.775450458599635462e-01,7.726975085867997528e-01,6.590095334954731987e-01,4.861555593868059355e-01,8.613594998099300959e-01,4.577798887985219944e-01,6.758207400543879695e-01,4.898135065554934386e-01,8.772628907039125012e-01,7.049111103501068953e-01,7.072539509340192154e-01,7.205862030179425171e-01,3.090628970429676325e-01,3.017676100722267440e-01,2.749965106414744564e-01,2.853685625236682677e-01,7.945257605746430807e-01,3.674080748541498909e-01,2.969161735121333967e-01,8.243071590780324254e-01
9.192852207077840676e-01,4.534673991105191426e-01,9.440584166484372597e-01,5.582591056287760090e-01,5.082796172855568173e-01,0.000000000000000000e+00,7.330429606553836575e-01,7.026616956322060403e-01,5.116965867118161704e-01,3.594559700629619270e-01,8.006606841923729068e-01,1.759383137260179739e-02,6.717964716341422449e-01,7.473845820981619426e-01,6.653257845058689890e-01,5.969947866657236979e-01,4.585174410285706714e-01,5.711487979458483855e-01,7.317692747763311356e-01,7.060301453671978811e-01,8.123201311331490482e-01,5.988051677487544744e-01,9.317677054436737105e-01,9.215289029735442838e-01,7.516623096508355806e-01,6.607588843569750514e-01,6.859384450780348086e-01,5.953165179675988794e-01,6.718970609450619635e-01,4.514988985451134362e-01,2.917291879232589702e-01,4.490970324891328525e-01,6.339978417511655806e-01,5.908354634542356543e-01,7.328217847842547483e-01,3.722902251267445894e-01,2.537328751463771570e-01,5.643258132305603025e-01,7.589418349834913258e-01,1.561101579513982651e-01,3.642192561877811707e-01,6.162144977045839189e-01,6.340908031113526855e-01,4.989603756734108386e-01,6.833096763480476232e-01,8.357360436696780193e-01,8.291839814652419982e-02,5.846755135766859013e-01,7.814198863555678054e-01,2.635620492028987183e-01,8.691485271049756989e-01,9.647765951758960901e-01,8.609753965974269452e-01,8.019015660052428718e-01,9.338836529733698377e-01,8.074338504725636634e-01,2.257326972833955669e-01,6.848907863087967396e-01,8.761706274407727868e-01,-2.025724533960054918e-02,7.209828571078528148e-01,9.700286032475762266e-01,6.908070899081019123e-01,8.015786476332997790e-01,7.378902477733415566e-01,9.931792549735527498e-01,6.644267499767931850e-01,7.965833340254176997e-01,6.321926221996283513e-01,7.210725287426561492e-01,6.262994136828325953e-01,8.450214661317363429e-01,6.462166075869707482e-01,6.127158183251566470e-01,7.316020785553565275e-01,7.813045942403935573e-01,9.169073916668883939e-01,7.107443314209174190e-01,1.765434974302002857e-01,1.354625582393396144e-01,9.167360726008916272e-01,6.792425763078864254e-01,9.101046926161906470e-01,4.277785837722637430e-01,3.765613677656157732e-01
8.527921249780671120e-01,4.585200440496213226e-01,8.231471354848075572e-01,3.362422604944625970e-01,7.575744426832604628e-01,7.330429606553836575e-01,0.000000000000000000e+00,4.805748439979767861e-01,9.253245993932734947e-01,9.091685220354802643e-01,6.248642534948721794e-01,4.539450158192429030e-01,4.423599883368258823e-01,8.571001757044922620e-01,8.369870683536180245e-01,6.320636725531513234e-01,8.621116091725651298e-01,7.082052142194884548e-01,4.328794643659771846e-01,4.549147586132459287e-01,8.670643859758958572e-01,6.756040039403803377e-01,7.779265792025792381e-01,8.526402722731111217e-01,6.155428801750132406e-01,7.051312292766207523e-01,7.716881856019177643e-01,7.821070653226387392e-01,1.840710451723914509e-01,4.988290046552071311e-01,7.400522586344563392e-01,8.048607257245954383e-01,4.148854549316101370e-02,3.409933488770742205e-01,9.154176655409967944e-01,5.234430335051961647e-01,3.835468875009303003e-01,5.604408490076173699e-01,9.623647502656906827e-01,5.268743612537338805e-01,5.191550075037369982e-01,1.996809802065217521e-01,7.976391068187316247e-01,6.425691518991407669e-01,8.576403803734646836e-01,7.160016510307087856e-01,6.490026976551821480e-01,2.447229566776899512e-01,4.532681308326061420e-01,7.812222694449216798e-01,3.109414825109893185e-02,6.852025457112963513e-01,7.262940803697121028e-01,6.625629108607715700e-01,9.637849155962955328e-01,2.090075668773066497e-01,7.995259689014184712e-01,2.362501555198137093e-01,8.935454765652811604e-01,2.619811461524726437e-01,4.653576514916555329e-01,5.662539591026645169e-01,1.725602873192625397e-01,9.675092346425195888e-02,6.932446253762853949e-01,6.560800494645571135e-01,4.140763455972127915e-01,8.291514149996802585e-01,4.763398694305898129e-01,2.532016382926052245e-01,7.204145514585782450e-01,2.429547808936733666e-01,7.707200311628013001e-01,3.408639769795127755e-02,4.751265595611330328e-01,6.032916290769264611e-01,7.640723248288933123e-01,6.778222154626051266e-01,7.504956489713384693e-01,3.173636647817719147e-01,2.487616477887255317e-01,7.446721979443011730e-01,8.086891561179023746e-01,8.696003591089845886e-01,4.052249820334459240e-01
9.941758187871418961e-01,6.607543435451164182e-01,4.828214820864578094e-01,2.631988845091880469e-01,4.266388826767646969e-01,7.026616956322060403e-01,4.805748439979767861e-01,0.000000000000000000e+00,6.203185965756558007e-01,4.958274769300579643e-01,7.185040116110941177e-01,5.643839524910598815e-01,6.691471230136770698e-01,5.347085887081330924e-01,7.345191236066472840e-01,2.367674223788094057e-01,8.524314886988544615e-02,7.766771737427098365e-01,8.537713758200116132e-01,8.167724573901682383e-01,8.574301089436907608e-01,5.658023861538220567e-01,4.964652011974858281e-01,7.472326200734931145e-01,9.489834282511033781e-01,9.883639004486927115e-01,5.652574264346241772e-01,7.102275757110584342e-01,4.506313533124988724e-01,6.142714045062378503e-01,5.073923933184907309e-01,7.433144028634051104e-01,6.221183228563332834e-01,8.949938536209329776e-01,5.858974601711541830e-01,5.761076815428933795e-01,4.296763594497216565e-01,2.354109671857180508e-01,9.183143938491045155e-01,7.310433147840516011e-01,5.621534340387002171e-01,5.911493384501537163e-01,8.707117093037821665e-01,5.285105387388295828e-01,8.533552032500469897e-01,5.555364714807726756e-01,6.192523679894578192e-01,4.873170718814078262e-01,4.189785224895653526e-01,8.336182285364085454e-01,8.632497173375400790e-01,4.222049202977207760e-01,6.081603963476516217e-01,4.613912235335295708e-01,3.876567962047618998e-01,9.824916496940387933e-01,9.939244436571457175e-01,2.360840165697007942e-01,6.771789992429626537e-01,2.422051302818341301e-01,5.168991664302885480e-01,6.722648465378222582e-01,4.804388500139117335e-01,9.721585190264285803e-01,5.668465933987468786e-01,8.772921050648836427e-01,6.811081511490277851e-01,8.700955628565665290e-01,4.320620729586326370e-01,7.442863045294547675e-01,7.078351817937527102e-01,2.658271005742641191e-01,4.230107373626108003e-01,6.152214682368706278e-01,6.380165266484538744e-01,8.284596922678276743e-01,3.254556110999567986e-01,5.793036959164928890e-01,6.956744058312450130e-02,5.129574125654221550e-01,2.490417737224572270e-01,7.542373156412522928e-01,5.330577640857896426e-01,7.134188793302095322e-01,5.645925146295270869e-01
8.007656449116410391e-01,7.238208182182789274e-01,6.822642298597617616e-01,5.182527497364787239e-01,4.327452642482952916e-01,5.116965867118161704e-01,9.253245993932734947e-01,6.203185965756558007e-01,0.000000000000000000e+00,7.745367493819093063e-01,7.059950579556079076e-01,4.664353635481803262e-01,7.688681312219720621e-01,7.037735496825514581e-01,2.572360652576640705e-01,6.304733623477094540e-01,9.640851593807230335e-01,7.797146426042242950e-01,4.189590417327319072e-01,8.584397947986450728e-01,7.009213268865445157e-01,3.086656212682736267e-01,6.285703620160218996e-01,8.426272011994935252e-01,4.814527490480666194e-01,3.431221622516563152e-01,9.475399165000338852e-01,7.479487216345672707e-01,1.772410271906000312e-01,7.589890969958911215e-01,2.384970640710665502e-01,7.893591140555499264e-01,5.338457581479337799e-01,2.113147889409841274e-01,6.570795794161461423e-01,5.984069771063661447e-01,2.880534934434898497e-01,7.535601798340921809e-01,4.327829896661132825e-01,6.612610261551323809e-01,7.121217532198752531e-01,7.217749165237130615e-01,7.533656190729951518e-01,9.417419232772061832e-01,4.100461103511688354e-01,6.923634164923150314e-01,7.460023342756419984e-01,7.021046682714587872e-01,4.854498935290442185e-01,8.737866841283987718e-01,2.709533544830866614e-02,5.760531124308756468e-01,8.216455655911161227e-01,3.600870168953753669e-01,8.630276614256735535e-01,6.710361987004660467e-01,8.410235145519866506e-01,2.745009986016905268e-01,6.751013808926368265e-01,3.812291247794350468e-01,4.565434358812379134e-01,5.856685797221075074e-01,9.168605379902436958e-01,7.184660719688163999e-01,9.156069772557081654e-01,2.150849585843833123e-01,2.991083490855838689e-01,9.310663186814003289e-01,5.083657362107431021e-01,6.486981093175722135e-01,7.280058040606479652e-01,9.458001193485057745e-02,6.234793887425736925e-01,5.576003774333481156e-01,9.435454248817289891e-01,9.031138446102873196e-01,8.227674575263701495e-01,9.634837553392942011e-01,4.829154648130148941e-01,4.732994936033916439e-02,7.511408527899253729e-01,8.854544376848195730e-01,2.321370788511217531e-01,5.509344043422129689e-01,6.596944082377235175e-01
9.300942694484215512e-01,8.387700212617327233e-01,9.894887204333893127e-01,4.953266737593947644e-01,9.307039638947861571e-01,3.594559700629619270e-01,9.091685220354802643e-01,4.958274769300579643e-01,7.745367493819093063e-01,0.000000000000000000e+00,7.618750125757025593e-01,7.284850974902200571e-01,9.759263657608636677e-01,8.278506528446497592e-01,4.157580953592718842e-01,-1.538290215670174432e-01,9.430608470930763598e-01,5.028105984515336413e-01,7.109578876075586251e-01,-1.855499433370605411e-01,5.731442558633882411e-01,9.401332736971343973e-01,6.589760703376752460e-01,8.575925364422436470e-01,1.769312454952607638e-01,6.763453951557725219e-01,8.166267676489586957e-01,6.603230517550440215e-01,7.089185146090455358e-01,3.304825727271508695e-01,7.782222508199716504e-01,5.631448651516189896e-01,5.719688559648804516e-01,8.122194716989131758e-01,3.857299209596287692e-01,2.368054847248920181e-01,4.794122881262505853e-01,2.492778169936462895e-01,5.372815031763209515e-01,5.975180986840621378e-01,-2.849103408200738263e-01,7.660878308480386645e-01,9.626782751155957829e-01,8.973527688194485874e-01,9.224852153615747952e-01,7.585489767912191317e-01,6.860882604547159369e-01,9.810641163653743835e-01,-1.770249625292990570e-01,2.984150066570092838e-02,9.641546715466767781e-01,5.227213890336085411e-01,9.123710308706368677e-01,4.673788017967144826e-01,8.177635419576362308e-01,8.222937973070406636e-01,4.984225786242404421e-01,8.911013648771869411e-01,9.536847668153465296e-01,5.563819865759063177e-01,4.883165115900358066e-01,6.744487473129625599e-01,7.944718533754593359e-01,9.083901704936746535e-01,8.404005966701932895e-01,5.847215728741272933e-01,7.293977847257300251e-01,6.284530157430696651e-01,5.950274901759745605e-01,7.765606417781456550e-01,9.714415742343248672e-01,5.989542530769028650e-01,2.372656491972204296e-01,4.124684454010734691e-01,2.968525137651469303e-01,7.944581030936349597e-01,6.428886996244252972e-01,1.687269419420817651e-01,7.476015202827689110e-02,2.567536690033087737e-02,5.023591831046944067e-01,2.662649775247186157e-01,4.133668208604101557e-01,7.593906289361112005e-01,9.319402918027654970e-01
5.804436638472673105e-01,4.205445841169124233e-01,9.068464488138374691e-01,6.829258271957512338e-01,7.642562924395950308e-01,8.006606841923729068e-01,6.248642534948721794e-01,7.185040116110941177e-01,7.059950579556079076e-01,7.618750125757025593e-01,0.000000000000000000e+00,9.842932288820587239e-01,5.023154415468954470e-01,8.467371730037533961e-01,2.457472124418929593e-01,5.241714918677849999e-01,7.810941384712490887e-01,5.040703394824659622e-02,4.914081958521453464e-01,9.249197840622322975e-01,7.978592571439360182e-01,7.414475601088124090e-01,9.760722874104927893e-01,8.877400766048580971e-01,8.441331190009455643e-01,2.365747437727683811e-01,3.202465312107333206e-01,4.889794404558618912e-01,7.846631866989445259e-01,5.171931866130401456e-01,7.222218148900764190e-01,4.696016119731664107e-01,4.223554137233769823e-01,5.208677161879988748e-01,8.101980400072820165e-01,6.923943374115966165e-01,2.153535619420999525e-01,8.405665199415998101e-01,5.743882161861720848e-01,7.761210772459526952e-01,7.680770436557350367e-01,7.564497596598789286e-01,4.369044047825804689e-01,6.235692494719460299e-01,6.620180853854048530e-01,9.901132355691198983e-01,6.740875092125092616e-01,7.981118618958332744e-01,7.569933886418447333e-01,8.964831845261088672e-01,5.654749959493146072e-01,8.455818006996966840e-01,7.599398010343501042e-01,7.636635636274657912e-01,4.688478474761304526e-01,4.533672880208642897e-01,3.234115215051793779e-01,8.338989115343341529e-01,4.572596395572061101e-01,4.094653883408475581e-01,4.069071216795244195e-01,5.629175101091844491e-01,7.100426759571302204e-01,7.774060056475373681e-02,8.534349737076034614e-01,4.449506140863525028e-01,7.865894810043700947e-01,6.296758768752019897e-01,6.185433529141224490e-02,5.467834722418722926e-01,9.384898599382052176e-01,4.598874936774056676e-01,7.065180884121319282e-01,3.004617406323300544e-01,4.714519565135381063e-01,5.399435294275074515e-01,6.472434593674729619e-01,6.906139852395907219e-01,6.832066665414748829e-01,5.776972449370940815e-02,6.438498475995959591e-01,5.591016905731321929e-01,4.054229586126137375e-01,3.405611791548236456e-01,2.827664457256818809e-01
5.899524308403876205e-01,9.893267591403532846e-01,9.333462542649941796e-01,7.053501949395543091e-01,6.258052556649685849e-01,1.759383137260179739e-02,4.539450158192429030e-01,5.643839524910598815e-01,4.664353635481803262e-01,7.284850974902200571e-01,9.842932288820587239e-01,0.000000000000000000e+00,8.130744162024368116e-01,7.681234316851350830e-01,7.617099562484617170e-01,7.113084499712696296e-01,6.300714712178799859e-01,4.112837167211063072e-01,7.347952184189754377e-01,9.756314303550333022e-01,9.575200725657805334e-01,3.370930063317352510e-02,3.642094029846313918e-01,8.777066992293973691e-01,9.009824379172102216e-01,8.966710487379273564e-01,9.579705167847600844e-01,8.728621513702223833e-01,4.986915422966086697e-01,6.091745340210271698e-01,2.436429939953879964e-01,5.773696882258774199e-01,2.659678010167856876e-01,6.254993060201506916e-01,9.275933068770856327e-01,6.634322460112864750e-01,5.902909025278282318e-01,6.349824087663604733e-01,5.241816724234700242e-01,6.725849897691594803e-01,3.814101463176210460e-01,7.873257625482599220e-01,7.256473143816521976e-01,6.191627306109812601e-01,3.038334886580857930e-01,6.215241065046840374e-01,6.025599075582511732e-01,6.412866993034194163e-01,6.923372121626586440e-01,4.745628807383113767e-01,7.421332736596294444e-01,9.556868800942286413e-01,6.089562699777232302e-01,8.713126730823641530e-01,9.489552179515918784e-01,8.359701888074744236e-01,9.040562768055910858e-01,9.922851432711413677e-01,6.590059497604972005e-01,7.699231659830061414e-01,5.120124677247783751e-01,6.183774527388243847e-01,4.695111786665017717e-01,7.426394259370583395e-01,8.596293794534817234e-01,9.483544688700326075e-01,7.018590257281882572e-01,2.621456475071007874e-01,6.236634165949017650e-01,8.510704632762453592e-01,7.937480622618857673e-01,7.925759239968088732e-01,5.872266672182349101e-01,5.445333575777118185e-01,6.602556341382325167e-01,8.082206579122078738e-01,8.430512418382887230e-01,7.932238962655131509e-01,5.612387049120660665e-01,3.937302221808738345e-01,4.422384368906567276e-01,7.292306500927692170e-01,4.151343401046432291e-01,6.745723308203434021e-01,7.409066390453684647e-01
7.341653513279249310e-01,1.028707343836665206e-01,9.615845377943914585e-01,9.037641058790152337e-01,1.311973922721099972e-01,6.717964716341422449e-01,4.423599883368258823e-01,6.691471230136770698e-01,7.688681312219720621e-01,9.759263657608636677e-01,5.023154415468954470e-01,8.130744162024368116e-01,0.000000000000000000e+00,4.561888300075693237e-01,8.507310780242994808e-01,4.551573112495169715e-01,6.303043264506082988e-01,9.967960535188600257e-01,2.219953461692429353e-01,5.007804760840808278e-01,9.321757675217583472e-01,7.665374377731161148e-01,8.609689694443198871e-01,8.522555479139807266e-01,5.683142382552056615e-01,8.848171798571631275e-01,9.317828705396629108e-01,5.206471088385599133e-01,2.436268541506103058e-01,2.683005142964174916e-01,2.186442125439419515e-01,5.813059446914994322e-01,8.289400897389941347e-01,8.473662858416091126e-01,7.429916979623861772e-01,5.747489603271395131e-01,3.418858567276861216e-03,7.686293882187567039e-01,9.936547730060490968e-01,6.890863588741629187e-01,-8.553056548916293522e-02,6.354846263448078458e-01,9.797085134760058489e-01,5.179244592161249550e-01,9.640244260171729751e-01,6.187231862758637568e-01,6.949440203103487423e-01,4.353412652066275257e-01,7.811757627081402644e-01,9.854383025825936837e-01,8.469147642670689091e-01,8.795495211518549183e-01,8.969868619871833593e-01,8.436277690147362396e-01,5.742621791971938006e-01,7.233993258419409988e-01,7.116425843280012042e-01,8.392968196530576908e-01,7.977539590318643015e-01,3.016364732042011720e-01,6.143222110680939263e-01,8.603035342858648127e-01,6.052729840323396449e-01,7.335859019688990568e-01,7.033021901195445347e-01,9.354800242325007620e-01,2.535121069653301085e-01,9.815507574268639290e-01,7.393327067572302846e-01,6.911981168212041338e-01,7.690948140254530996e-01,8.718883449630621119e-01,5.372319203932678366e-01,5.379025408214271886e-01,3.917499126177356183e-01,8.084233586445661590e-01,6.871896481643299248e-01,8.211863404790082921e-01,4.335237951614957508e-01,3.938588864497722386e-01,9.164643931238792840e-01,7.931333082416085478e-01,9.040942190713775473e-01,4.449625308207301178e-01,6.584761936968596130e-01
6.116962722147696319e-01,7.223345347446555875e-01,8.929784316655537957e-01,7.170042869881452230e-01,8.164018733493496605e-01,7.473845820981619426e-01,8.571001757044922620e-01,5.347085887081330924e-01,7.037735496825514581e-01,8.278506528446497592e-01,8.467371730037533961e-01,7.681234316851350830e-01,4.561888300075693237e-01,0.000000000000000000e+00,3.467687167694628592e-01,4.033981225806616555e-01,6.435189962115850371e-01,8.888737361959589967e-01,8.318513421359270410e-01,9.660304997032306273e-01,6.721379274152393668e-01,9.705084310098454070e-01,6.255642333772681862e-01,6.887813576921869574e-01,4.644588107967494439e-01,9.440709211417012137e-01,4.686943078019811804e-01,5.660592609903745132e-01,6.340849985278727841e-02,6.240129333949688828e-01,3.542523806775361717e-01,8.745542380537214555e-01,8.575101143078988075e-01,-1.818310979203752176e-02,6.847489911449358146e-01,6.147576678595586541e-01,6.954684884090438501e-01,8.370588431726020406e-01,7.706284727365890763e-01,7.819530909376597450e-01,5.035094281783376591e-01,9.133327666106098031e-01,9.468068064591996791e-01,6.314926786422180305e-01,7.741388953264140005e-01,8.341609326054107987e-01,8.479106180132932602e-01,5.066257806996323776e-01,7.752024817882032792e-01,6.235617056736399988e-01,7.933917289440437504e-01,8.121141593709065853e-01,9.521977839583176673e-01,2.804785018847701927e-01,6.242072538002739757e-01,7.075258209691661637e-01,2.696298991254351129e-01,9.481010042880539945e-01,9.565244129065160195e-01,3.010337079888247835e-01,2.693428745647497569e-01,3.302101912346473434e-01,8.225040667737768540e-01,8.743965718457963332e-01,6.650853539133558812e-01,7.524146207410981058e-01,6.407948634113900255e-01,9.365756190493998989e-01,4.392334934464405816e-01,4.991022508134206753e-02,-1.051953922047321882e-01,2.112927084732331151e-01,3.311845004956592842e-01,6.119406276858664340e-01,3.937323656718373366e-01,2.107959397676004987e-01,2.827054542924222202e-01,8.990685995731042546e-01,5.824843110167657878e-01,4.585588817424506858e-01,6.127560878252205079e-01,8.668951263004442964e-01,8.254061013086820831e-01,6.654159565241546392e-01,9.760453755155314992e-01
7.222183358965192923e-01,4.797253605726146675e-01,4.591151573529222429e-01,8.876435999797509524e-01,7.080759002100850408e-01,6.653257845058689890e-01,8.369870683536180245e-01,7.345191236066472840e-01,2.572360652576640705e-01,4.157580953592718842e-01,2.457472124418929593e-01,7.617099562484617170e-01,8.507310780242994808e-01,3.467687167694628592e-01,0.000000000000000000e+00,6.562899770230204988e-01,6.410116266843437494e-01,1.410941001555962859e-01,-6.180316699780463718e-02,7.731865601231278085e-01,6.286331604543661244e-01,5.051758129623917792e-01,4.828091611152919294e-01,8.877187427686686894e-01,2.760816016159464703e-01,6.045528715311039303e-01,8.658229501068650524e-01,6.000001685065856627e-01,9.341341586808854514e-01,4.304116303909751862e-01,6.499616420811452078e-02,7.137994705487383795e-01,8.803296156348092705e-01,7.180425963272386580e-01,6.508125995542952680e-01,4.533734740517330608e-01,2.866993644168569499e-01,5.843708695261311536e-01,8.831289880131890646e-01,6.806370651642763558e-01,8.175597853557023953e-01,5.869348043250811608e-01,7.947146767513559862e-01,2.427644351027314629e-01,8.927270823367998709e-01,8.528780601310668175e-01,6.868215286326205815e-01,5.690324951795386887e-01,6.106360369070470417e-01,2.264299016224446681e-01,4.377946057967473936e-01,7.543185191710312099e-01,4.057160546527597278e-01,6.177149305124279843e-01,5.530380219482821103e-01,5.663288091368422483e-01,6.101396097874538516e-01,7.144852009643323232e-01,8.779611431490637052e-01,5.990760831329211555e-01,4.849606008526409773e-01,2.464270856190520775e-01,1.652667476020056314e-01,8.940680007169903298e-01,9.465910965704945612e-01,2.537288929536871129e-01,6.504903038424660888e-01,6.396511895293613970e-01,6.587948278671632574e-01,7.173471456317606076e-01,9.371082241615129593e-01,6.897907950029706914e-01,4.099167842246260740e-01,2.526320808576102972e-01,6.885474970282794427e-01,8.783222284433023219e-01,7.923777418469263312e-01,8.024113238321411989e-01,5.245955942647755332e-01,5.486957603150581786e-01,7.291029856239987783e-01,8.095195067207986428e-01,6.635154691404531180e-01,7.339039879991975379e-01,7.320540174233656217e-01
7.423775632252677115e-01,7.594431277751330089e-01,9.117228677809957604e-01,8.305531673766863854e-01,8.809034479596582479e-01,5.969947866657236979e-01,6.320636725531513234e-01,2.367674223788094057e-01,6.304733623477094540e-01,-1.538290215670174432e-01,5.241714918677849999e-01,7.113084499712696296e-01,4.551573112495169715e-01,4.033981225806616555e-01,6.562899770230204988e-01,0.000000000000000000e+00,9.676670888755162236e-01,7.496788161998004796e-01,4.514094728431790604e-01,2.541502886262994240e-02,9.267390997309421508e-01,5.667580863338343988e-01,8.426006867643910381e-01,7.213707509612059532e-01,9.204161073858349029e-01,7.992288340415102388e-01,6.874483337861867494e-01,5.624718668558832402e-01,9.681084829182536877e-01,5.144701651024875533e-01,3.705318643167291870e-01,6.559855624884886049e-01,6.121965185481632599e-01,3.549664838181774140e-01,9.945853889179216978e-01,3.772269042027552310e-01,1.303948534382897428e-01,3.420265208118903333e-01,9.814928638347734102e-01,3.411191360398442285e-01,5.673808690430376389e-01,6.425562295324956930e-01,8.014937387856819750e-01,4.631884516115521988e-01,4.627976597776355949e-01,6.936974640311946994e-01,7.388570775347578223e-01,7.760660589857012459e-01,9.000768247278388978e-01,7.670207512796235472e-01,6.385720859417041151e-01,8.328402244193571224e-01,9.201462485922423662e-01,1.809136551589135555e-01,4.652152852721465059e-01,4.679258835397568927e-01,9.415360602276233726e-01,4.377661974052570737e-01,7.870109314082922580e-01,3.780229662567922699e-01,3.216964102648729451e-01,7.774461943448705004e-01,6.527752142779145172e-01,9.730357783314804720e-01,9.357249497468195232e-01,7.955030504357101240e-01,8.595306320785524035e-01,7.365888320516774668e-01,7.636311898708564305e-01,7.935627655640284939e-01,5.422964169463663220e-01,-1.161523254359681373e-01,2.372332710852548820e-01,6.346890526901244334e-01,8.378609794676108447e-01,4.073690471489484488e-01,8.644452674411198245e-01,5.263309668179858708e-02,7.705539641085059621e-01,2.442830432303907950e-01,6.149798100265025935e-01,8.268707788603231190e-01,5.570733609906242112e-01,4.939139363887505296e-01,6.288160456522712272e-01
2.913478549588820465e-01,6.000129899310082671e-01,9.666506544059335626e-01,9.179178123246338750e-01,8.005597928313672451e-01,4.585174410285706714e-01,8.621116091725651298e-01,8.524314886988544615e-02,9.640851593807230335e-01,9.430608470930763598e-01,7.810941384712490887e-01,6.300714712178799859e-01,6.303043264506082988e-01,6.435189962115850371e-01,6.410116266843437494e-01,9.676670888755162236e-01,0.000000000000000000e+00,7.932821635612512523e-01,4.999178114809343376e-01,7.061587447449518828e-01,4.865924134990651240e-01,8.584968121668027363e-01,4.759615933777001096e-01,9.827250483201921405e-01,5.598991033567318754e-01,6.405017899293011796e-01,6.244835779620293570e-01,7.854672850492350200e-01,5.166729160768197548e-01,6.785983758453503212e-01,7.756716617981437301e-01,6.515061966179198638e-01,6.519394551430901519e-01,7.921941574480124704e-01,5.641570893747889226e-01,6.900201344585852326e-01,3.735715785326830796e-01,7.131734673302497773e-01,7.541026030573120265e-01,8.807001938859535528e-01,7.881482715754843937e-01,4.375561863413698904e-01,5.478110752737969102e-01,5.069433003288482675e-01,8.258257063010574495e-01,6.352322065772754156e-01,9.338198814026946737e-01,8.518002469292252909e-01,5.691127868129663980e-01,7.797380028970041232e-01,8.062981434356852883e-01,7.771337532603610487e-01,8.341059161248840503e-01,8.360963473069369378e-01,8.801008415297487675e-01,8.028743156687975224e-01,8.146404435935452604e-01,9.007049239138581465e-01,9.985137276859394895e-01,5.202375777839083337e-01,6.168162198637234805e-01,8.068304520209792496e-01,7.278541956701914950e-01,8.643322605146052107e-01,7.297329070845903765e-01,5.508977704269150122e-01,4.000348048940202128e-01,4.361490732869370834e-01,6.022713707311339038e-01,5.384336375815588216e-01,8.550593528362749884e-01,9.727924580306729352e-01,1.988806763294079516e-01,3.052967849656492150e-01,9.425668643438104288e-01,6.872576547771065414e-01,7.425374920269393053e-01,6.263072055553136064e-01,6.429158863087920395e-01,5.313756411308191430e-01,8.256837067524855911e-01,8.532295010215763531e-01,9.153642352972211071e-01,4.244748667502284793e-03,9.096899931734183653e-01
8.102412874804280074e-01,4.831229738833675569e-01,7.182047363450752009e-01,9.819996534482633432e-01,6.704397913943958009e-01,5.711487979458483855e-01,7.082052142194884548e-01,7.766771737427098365e-01,7.797146426042242950e-01,5.028105984515336413e-01,5.040703394824659622e-02,4.112837167211063072e-01,9.967960535188600257e-01,8.888737361959589967e-01,1.410941001555962859e-01,7.496788161998004796e-01,7.932821635612512523e-01,0.000000000000000000e+00,5.787428215231396056e-01,5.772175869330740117e-01,6.030355913527348788e-01,7.781273170865899980e-01,4.616059253814888130e-01,7.432811324422524679e-01,4.272321903696056911e-01,5.006482850152008668e-01,7.233341916286546436e-01,8.412477462043383980e-01,4.069217050833587868e-01,4.906062644641985826e-01,5.157990537932907182e-01,9.204791275488117819e-01,4.855927847495823402e-01,8.984231398013805547e-01,9.696657070340750639e-01,6.854516677145146286e-02,2.599933548287681750e-01,7.792834606162026834e-01,9.084663588453947280e-01,7.188434175627090861e-01,7.842623093207332641e-01,6.669169924259019666e-01,8.753720764119684583e-01,9.843405651654871802e-01,4.074555834390850007e-01,8.240890653953425460e-01,7.384628899965135496e-01,8.473322869773818322e-01,7.221829101065577738e-01,4.677598105622995939e-01,7.588468706086067828e-01,9.641889944678544433e-01,5.461678301304868643e-01,7.018323320000776633e-01,9.842664987126527043e-01,5.968283498685044153e-01,6.760193166777952456e-01,7.204646152298925521e-02,8.590998561948267609e-01,5.324354849352664898e-01,8.938283263558133296e-01,7.521128311545048906e-01,9.543995877921690463e-01,6.743526991450901065e-01,5.671153166431920356e-01,5.391668386570833693e-01,2.032719869575493055e-01,5.860663046813684440e-01,6.971802493666702238e-01,6.783439181018020570e-01,4.447822658423892239e-01,5.243486836030677445e-01,3.811535042422922182e-01,7.223983149505237567e-01,6.806920556569018288e-01,6.329564316793043766e-01,6.810378973611113107e-01,1.790752190088197304e-01,5.121498269704992667e-01,5.008240305612923216e-01,4.490389971953355208e-01,5.370105617104503626e-01,8.611014587275195309e-01,4.362530554159247953e-01,7.682356219559591803e-01
