0.000000000000000000e+00,4.458149752512786113e-01,9.033059100807950825e-01,8.874367213968393786e-01,6.333381832119466814e-01,7.868839560502688402e-01,6.568050987246640826e-01,8.746126893415770986e-01,9.372249461136825666e-01,6.119847718403029768e-01,8.020648326635470005e-01,7.650535505889468624e-01,4.357392144376607823e-01,9.414879896343574250e-01,8.304255913776383835e-01,6.331602345775400043e-01,6.158735223702573869e-01,6.441136084400942430e-01,4.513974643928738706e-01,8.395799502634025968e-01,7.947342736071926206e-01,9.957537896521369003e-01,7.853222975463705069e-01,9.777382074754161767e-01,4.954050674620277261e-01,8.051951893892852485e-01,6.268062784076253724e-01,8.402133476337557694e-01,1.240463578351175961e-01,5.944911700576887004e-01,4.566231442630312443e-01,4.307516920628587376e-01,6.469317051612921698e-01,7.330877990857498361e-01,8.000048618502827447e-01,2.341170778110222006e-01,5.030581683444467211e-01,4.220543985957914690e-01,9.867856395168730366e-01,8.646226629323149337e-01,4.365690771655393876e-01,8.483055443790336048e-01,8.092547410632874305e-01,8.085040537784226045e-01,8.295123695958698251e-01,7.935341871763801347e-01,5.906934916061710172e-01,6.468436870985362352e-01,9.737995396082952393e-01,9.194973381273868762e-01,7.714808746692825014e-01,9.403977526560367561e-01,7.304926484032573386e-01,8.183317026129403038e-01,9.224542289193420341e-01,6.386993731422008214e-01,7.040393308949064455e-01,9.350960846122532422e-01,8.027101869136009649e-01,6.306059792155158661e-01,4.290873850090048403e-01,2.401057468247201343e-01,7.274732508554315746e-01,8.087064393565281950e-01,9.506950377989026313e-01,9.604206041613355671e-01,9.958506841238583540e-01,9.664114214668090286e-01,9.987001163945967708e-01,8.691135351437956347e-01,6.592491885615395786e-01,9.912153298405185220e-01,7.441774844633545216e-01,5.211178590048408665e-01,6.732773779372983602e-01,9.945045192914518939e-01,9.488520256147631171e-01,9.960282858832378849e-01,3.623566434058201891e-01,3.867765596191190536e-01,7.548007637970102768e-02,7.917939051046669618e-01,6.379973463068337736e-02,2.565386402936019605e-01,3.886067900571376077e-01
4.458149752512786113e-01,0.000000000000000000e+00,7.713552646267002322e-01,6.969891003977870536e-01,5.546274438444022126e-01,9.811596083753060249e-01,6.186218137840951981e-01,4.573278544367053722e-01,4.978593617207086042e-01,7.729061974693626214e-01,9.642404890542848328e-01,9.051753942389896279e-01,9.064799238632432754e-01,6.505291231421501674e-01,6.112499862556800556e-01,6.604008728531303163e-01,8.018380698187135280e-01,9.507808989602720695e-01,8.298399964507220394e-01,7.551104593206811044e-01,7.846328011309441353e-01,8.827056798491715872e-01,6.771620484336917656e-01,6.579017204260595442e-01,5.313518623117767792e-01,4.379176083330383884e-01,6.112586356619283956e-01,9.826929219005003935e-01,3.642314938386556067e-01,2.122074905420373303e-01,3.173839425109686307e-01,6.674452405545622247e-01,6.438450392658302546e-01,7.422748316452890682e-01,4.206360363178059947e-01,2.708726140657381487e-01,3.478347047708993944e-01,7.284867012255604735e-01,6.452560728789662470e-01,6.149256615341427423e-01,5.631886694542538319e-01,4.376338298470210386e-01,5.045192729207987892e-01,5.433179269015370183e-01,7.983415870762420319e-01,7.414896912975611487e-01,5.496046225606595614e-01,8.079084055075870241e-01,9.053202917973360853e-01,4.526218344109643743e-01,7.898317655674071958e-01,5.460095519199793523e-01,5.844138017510666083e-01,6.853327535524545988e-01,7.622123404998394358e-01,5.717884964397916825e-01,2.816221468862434296e-01,6.692555930963295374e-01,5.958182520314598829e-01,6.346961820170627933e-01,2.676824084565693762e-01,9.657986925313081228e-01,4.900189183333172882e-01,9.248443078350978563e-01,9.219080962278992653e-01,8.994502793828316189e-01,6.087536143540316358e-01,6.704167845545967452e-01,-1.882781942096605210e-01,6.732378552102314950e-01,5.305898631482817152e-01,9.026288347615408769e-01,3.116236398825193987e-01,5.158359551753163297e-01,8.374467468391801894e-01,6.652390362033429039e-01,5.989688008061744284e-01,7.728989364408198615e-01,7.282200634505365811e-01,2.129685872374533495e-01,7.462703537708640367e-01,6.928851004241196598e-01,6.307846926432689738e-01,4.136328831723095623e-01,7.994692394747704434e-01
9.033059100807950825e-01,7.713552646267002322e-01,0.000000000000000000e+00,9.916309456451695148e-01,8.744842571487136951e-01,6.958371811407557672e-01,8.070192565888789638e-01,8.919097245269226315e-01,9.666403154212376281e-01,8.510179080532676021e-01,1.800665476779132190e-01,8.495966288048910631e-01,8.294895176773087186e-01,8.891425126790455380e-01,8.100089574985352980e-01,8.291142044345810591e-01,8.199099797393650801e-01,4.504214329518850812e-01,8.435665499256395083e-01,5.736871708779519574e-01,7.079940959405756074e-01,4.531681446831684057e-02,9.119464287204787079e-01,4.395464390757327644e-01,7.242506793211478389e-01,8.756503277041730593e-01,6.713163061153435418e-01,7.217417525874686435e-01,4.592796954518935659e-01,5.810229557226843644e-01,7.025622322757976157e-01,6.330690694027277798e-01,8.999214157629217281e-01,4.888880905725135895e-01,9.816048441631081145e-01,1.443482105286756911e-01,5.477450455602177470e-01,4.713400805519367132e-01,6.168677264500777024e-01,6.372254216656518810e-01,5.359329088139810349e-01,9.437947524293817114e-01,6.344159549859920144e-01,5.994735680526431798e-01,7.338652212185146073e-01,8.270461339146385482e-01,9.076672090438347995e-01,9.887929516330161706e-01,9.915934418516194615e-01,9.929386593824447438e-01,1.549701405961050327e-01,1.320643701898915057e-01,5.298461644943215365e-01,7.287805253413948137e-01,6.281742911304685206e-01,6.550080766334056559e-01,8.928398206455054886e-01,7.479230170698591973e-01,8.889324531148492525e-01,4.532469142711614274e-01,3.778588915140358440e-01,7.339568922045673904e-01,9.613451101945402755e-01,8.025153524945037864e-01,9.967860394428696980e-01,9.531485366946079729e-01,9.333287498940120441e-01,5.663438521888124466e-01,7.858892516745503709e-01,9.548222457163367816e-01,5.888619346061052529e-01,7.393372366336193879e-01,3.555318375119898011e-01,2.630934818243982343e-01,8.807944467632364827e-01,6.326015136889499013e-01,8.307045670309441965e-01,8.644449363873737413e-01,7.026824416479814095e-02,4.678323067325587670e-02,7.110986565439654239e-01,7.234079090426221992e-01,8.292862794831653561e-01,8.505009392568382287e-01,8.760814562121260751e-01
8.874367213968393786e-01,6.969891003977870536e-01,9.916309456451695148e-01,0.000000000000000000e+00,4.686546949553346275e-01,8.217338475129919440e-01,7.183758187058361111e-01,2.661253154719723790e-01,4.233620439354871534e-01,8.485057628769017146e-01,8.740407759005487387e-01,4.175995321600296517e-01,8.516191583288252875e-01,8.354530439577765311e-01,9.293321229272261119e-01,8.648368384872602288e-01,7.431625057498522091e-01,8.911597720997327388e-01,5.291618580640449210e-01,3.870617610851585788e-02,6.881934811567436139e-01,6.282304000825471579e-01,7.531240263553465875e-01,8.533922782930436490e-01,4.556109554671186057e-01,8.626774242547794458e-01,4.610019770270324946e-01,6.489928250377262620e-01,4.893216896445205522e-01,4.766578935100226344e-01,4.902231295673719069e-01,6.432996122405063577e-01,8.649614718785008094e-01,5.872869045387075770e-01,9.852657902111152666e-01,3.728787973259517496e-01,-7.891568158611744765e-02,7.601101067470876771e-01,6.316801413468544624e-01,9.311716013436179828e-01,2.050566701522468782e-01,5.694192503909970560e-01,8.024284693743147789e-01,9.097617267821537235e-01,7.041000590206666354e-01,2.692842244413040653e-01,8.560979904591705658e-01,9.054451387804981488e-01,7.074860096377387775e-01,8.479590180141621802e-01,7.928125160930399318e-01,3.161789282906328213e-01,6.076005459199695924e-01,7.097102037071175706e-01,8.423302180542026063e-01,5.560357919598432064e-01,9.328182502870876469e-01,6.870954624323361015e-01,5.314997179344974620e-01,1.559740886419182793e-01,4.420142507717022412e-02,6.848640317442080683e-01,6.093583135001373607e-01,5.932013940691639453e-01,8.965586985686075927e-01,8.234777264141472930e-01,7.234794285971227756e-01,8.384091355885626706e-01,4.745070972276316801e-01,7.846375782053194303e-01,9.816469569567527476e-01,6.087011034137063126e-01,2.605622427531379959e-01,3.880580215153852652e-01,7.359266270544549959e-01,4.492592938454902929e-01,7.705071097221513066e-01,6.475923776165153356e-01,3.630888181379494650e-01,4.726394204617581085e-01,6.788049637470958686e-01,8.616225879036254476e-01,7.991298730340119505e-01,4.435267434074861570e-01,4.120576056330106929e-01
6.333381832119466814e-01,5.546274438444022126e-01,8.744842571487136951e-01,4.686546949553346275e-01,0.000000000000000000e+00,9.562106675372420428e-01,3.446430045653243734e-01,6.255872186480866404e-01,5.988268919830918025e-01,9.557920229912768573e-01,6.176242497001223075e-01,7.239071812230841729e-01,8.211748744908494713e-01,2.274999332750715642e-01,5.910856822393635301e-01,8.604263143718837714e-01,8.648084623313719854e-01,7.542942959633411881e-01,9.197585978712260468e-01,8.986321083927478748e-01,7.067009860596219495e-01,8.729031100129279741e-01,5.978788314655030245e-01,9.008398091624343351e-01,8.729842459790511100e-01,7.349024801156298636e-01,9.819692724939790285e-01,7.395070758983524062e-01,3.248289349398213455e-01,5.660277772511490557e-01,2.820213025433674359e-01,5.404585588185075729e-01,7.774387799879624028e-01,6.501955851292351429e-01,4.020781220714800264e-01,8.524895597789901025e-01,4.457699481194806745e-01,4.882588163214425236e-01,3.903788860970984209e-01,7.425483610806740131e-01,6.022034455176941137e-01,7.940656949013682464e-01,6.630411020056561355e-01,6.704740048337902714e-01,9.429871448353619456e-01,8.293264342511849074e-01,9.402786282860680078e-01,7.070189684050429690e-01,4.909409703482937037e-01,9.842910613446661516e-01,5.955644345458328548e-01,8.625155715283938651e-01,4.578125896339751422e-01,8.730381721051339028e-01,8.849490044777744702e-01,7.446530608231317627e-01,8.117047351063109151e-01,8.722563495523636412e-01,8.132900878555601176e-01,4.552630933687295545e-01,4.553437767175479156e-02,6.252447271795918970e-01,9.479704589914427215e-01,7.025667861145364901e-01,9.016384837835594857e-01,6.442555089283474867e-01,6.176292654551853722e-01,8.798070963762921748e-01,4.878886754294419759e-01,5.019061276454960252e-01,7.968926256638040329e-01,6.360840654677919481e-01,8.374330872000743664e-01,5.665641614683958327e-01,2.192123941423245737e-01,5.748379372942984400e-01,9.503891228029286431e-01,8.311656674138157008e-01,6.371680876696995677e-01,6.183358654529224063e-01,7.737521512286582581e-01,9.477998572672321487e-01,6.943599641880495721e-01,4.226948574555034477e-01,8.833061420558031562e-01
7.868839560502688402e-01,9.811596083753060249e-01,6.958371811407557672e-01,8.217338475129919440e-01,9.562106675372420428e-01,0.000000000000000000e+00,1.222779116726226412e-01,6.097291223141030336e-01,7.248407902117480761e-01,8.419374336461986630e-01,9.371641859035031441e-01,6.365852125761114477e-01,9.360255294094198542e-01,7.258237723439407985e-01,6.042844011395491766e-01,6.305842579581386609e-01,5.047347484499703496e-01,6.906380600007091530e-01,7.444547984636482596e-01,8.625363493535749271e-01,4.043632434059261649e-01,4.935209127404800444e-01,7.632536481662482997e-01,7.121397414380936652e-01,6.286281652766709804e-01,9.205619491721945824e-01,7.455962234326415361e-01,9.703820549540815854e-01,7.166830177529681656e-01,4.180884413857700044e-01,3.355000329184665286e-01,5.618869439023030932e-01,9.413173689126946853e-01,9.162981129495282318e-01,5.524274970098844717e-01,7.815856792090070115e-01,3.092528068714920364e-01,4.265411180409298120e-01,6.042009232062376389e-01,9.634954696253655859e-01,3.411906256778464708e-01,7.038673649401191446e-01,4.407939130469584188e-01,9.234820382065372923e-01,6.308061791667836093e-01,9.924544067292421223e-01,6.080595948251860117e-01,3.945195648141922584e-01,7.524187499069826535e-01,7.060354119308746013e-01,4.580105226566505983e-01,6.501632768310636745e-01,1.524522416867830077e-01,6.546213686812254462e-01,8.961368593217636791e-01,9.944547078483163549e-01,6.599412170905436525e-01,7.640889020125086750e-01,7.942692480540511912e-01,3.368328096561914453e-01,5.299625226374415909e-02,7.073761157641089703e-01,5.468010899993588358e-01,7.736008457419895068e-01,8.353543846136646245e-01,7.187531506945814552e-01,7.815910645311190397e-01,9.409143979619132292e-01,7.810541251277771657e-01,8.071699556847674595e-01,8.423346504104947119e-01,6.473271847157672232e-01,5.756314187792730408e-01,3.349695164524144619e-01,9.141038879017969743e-01,9.390623779626752210e-01,7.881029586521830499e-01,7.549781580942280801e-01,1.082118559248487766e-01,6.731299028400838935e-02,4.205795723235600247e-01,9.195736542089105736e-01,6.449542167941236803e-01,3.417087014004975831e-01,4.767793787430466557e-01
6.568050987246640826e-01,6.186218137840951981e-01,8.070192565888789638e-01,7.183758187058361111e-01,3.446430045653243734e-01,1.222779116726226412e-01,0.000000000000000000e+00,3.099445578604769214e-01,3.263279835744231638e-01,3.634083127391869450e-01,2.684543101200322357e-01,5.131187548457155634e-01,5.358825215148362853e-01,3.310639446215190018e-01,4.938540948013271370e-01,7.560550669114584066e-01,7.446004782628010688e-01,1.658167326562929450e-02,5.186000047241696720e-01,5.684416767168085638e-01,8.251403691370049476e-01,5.489677555676309995e-01,2.949892147826612687e-01,8.551587658249100166e-01,4.417243201588678114e-01,4.173018798452608480e-01,3.928640954349779113e-01,9.582535581740997399e-01,7.701021373874891163e-01,5.092408661686320670e-01,1.350457041609471609e-01,4.228041149375776353e-01,4.353482040319886504e-01,1.295226296990063253e-01,5.956641946773419960e-01,5.240200304700486367e-01,7.751859437416698251e-01,4.405141158928572720e-01,5.789232357841939125e-01,5.851268169642015460e-01,3.362889298475628674e-01,2.114321405291294531e-01,8.264122931656053828e-01,1.867490537982603727e-01,9.037320619444576542e-01,5.779445783519540081e-01,5.972335397726040718e-01,4.327684593012513098e-02,5.951594441847523065e-01,3.883954990611366842e-01,3.620992185590320989e-01,3.221140881662049038e-01,4.063894584162273116e-01,3.037425039949819272e-01,9.363186821852134134e-01,3.221633288215764446e-01,6.396195160390102386e-01,7.581267240213147574e-01,5.450247211826542149e-01,7.306586909799306362e-01,4.868082804063926239e-01,7.719917033739402967e-01,6.153117868175838057e-01,9.047063541458112423e-01,6.696987611725617739e-01,6.849028031505067782e-01,2.246163768715966902e-01,8.183965218856444901e-01,5.758388976563568740e-01,3.685638951409121455e-01,4.448379633258466026e-02,4.940072496864262863e-01,9.786568895836061932e-01,7.785962192329822784e-01,3.273220979522061258e-01,6.936859583424767051e-01,4.330560274218291372e-01,6.294286431581083141e-01,7.516238455724104650e-01,5.176112440265191461e-01,8.504485770112526488e-01,7.953585816846475698e-01,7.483938409828151395e-01,1.368231775992070354e-01,2.190235034661999203e-01
8.746126893415770986e-01,4.573278544367053722e-01,8.919097245269226315e-01,2.661253154719723790e-01,6.255872186480866404e-01,6.097291223141030336e-01,3.099445578604769214e-01,0.000000000000000000e+00,8.449596339598506312e-01,2.095167914642229179e-01,7.380475568568655165e-01,6.434046159765696160e-01,9.959697354123805413e-01,8.263342889673971348e-01,5.419050255785526904e-01,5.777519710608499670e-01,5.114697857083378985e-01,6.704942514045145741e-01,6.176234237354402135e-01,6.941047439775983596e-01,9.929124126162497399e-01,4.399665836256855811e-01,6.836687343756175927e-01,9.250538488724663333e-01,1.554715636369471410e-01,3.577443362794746617e-01,7.284341502580706784e-01,5.433270212825759282e-01,9.195203077608166131e-02,7.914319530119373614e-01,5.547890375464342716e-01,5.206353295758274768e-01,2.566469986102825618e-01,7.900936184968319065e-01,9.624424785262827298e-01,-1.373041438162452832e-01,7.066058979876114199e-01,4.287039424588266479e-01,6.967795315275684409e-01,7.490495979593866371e-01,6.554745915486901442e-01,2.013175202597605185e-01,4.554536913595640946e-01,4.851486543612547608e-01,8.146006594520220911e-01,4.009252919538653925e-01,3.562130479876942646e-01,6.459514491813107551e-01,4.196032944791806552e-01,7.094253844272964127e-01,4.071492671180090284e-01,5.507355426551795441e-01,4.868407434588408189e-01,8.961803508700942889e-01,6.626484795024155661e-01,9.344116558702099118e-01,7.260486772984152681e-01,7.162790792976359011e-01,9.447574113238621507e-01,-1.918781071651120551e-01,5.845894524372393652e-01,4.820861011009442976e-01,4.233962752167821364e-01,8.277835359874291532e-01,6.427787821708946803e-01,7.216248970801683038e-01,3.883940116332217363e-01,6.723578410049375620e-01,6.875039246206030574e-01,7.162093177207469186e-01,8.196754013668218208e-01,1.750440887622258801e-01,7.637681590457110481e-01,6.199645080274363007e-01,6.258087481353502568e-02,4.614304206990904045e-01,4.510894241262993765e-01,6.108937689451956476e-01,7.644147081406876820e-01,2.479805548458639541e-01,5.374677275562859124e-01,2.685277030455147651e-01,9.439973434656635520e-01,9.406169239085548917e-01,6.350941872100557273e-01
9.372249461136825666e-01,4.978593617207086042e-01,9.666403154212376281e-01,4.233620439354871534e-01,5.988268919830918025e-01,7.248407902117480761e-01,3.263279835744231638e-01,8.449596339598506312e-01,0.000000000000000000e+00,7.517948268453705785e-01,2.332898610044957244e-01,6.002640134107275482e-01,6.139340524004751609e-01,3.730899320450332679e-01,7.682356893758719441e-01,8.439038932741717014e-01,8.994554793366925649e-01,4.123235255526535581e-01,8.341022316821234961e-01,6.277608148113749120e-01,8.300462508917121340e-01,7.920499555705157180e-01,4.650623561877454959e-01,5.872783821839289153e-01,7.517835930658341992e-01,7.607818917332876962e-01,5.505028609339095436e-01,4.145469863459179671e-01,1.164236429323541738e-01,7.219216602889584333e-01,5.389673639620580214e-01,6.099731587365064822e-01,6.543015038423788399e-01,2.758464889336261772e-01,5.709493665954733510e-01,4.085445074924121678e-01,-1.613728291552930516e-01,5.054266358386441116e-01,2.548007680834900035e-01,6.767579766677214170e-01,6.594733321405497062e-01,7.079564928119916889e-01,8.157488374696404421e-01,7.519030267821471547e-01,7.364575803326348646e-01,7.204962673391369643e-01,9.129061249817368440e-01,4.661667915500251058e-01,5.441735487049846887e-01,4.463808012293169480e-01,7.748654780424496513e-01,3.877696403277761661e-01,9.661866437602952828e-01,6.234160892860787229e-01,7.287280097503654464e-01,9.276733828725407527e-01,7.459977627353642227e-01,9.804806498209457377e-01,9.665911416443199178e-01,-6.365345849199258166e-02,5.613059677759029142e-01,6.729967385744696218e-01,9.637911097103506464e-01,9.093262124546027669e-01,6.226116755593670282e-01,7.393544767993147637e-01,5.459699036117001691e-01,6.672912382338215265e-01,8.539817851872125720e-01,8.499261461418237129e-01,7.812422543362452787e-01,9.286549692334672423e-01,2.230731354728199278e-01,3.025627556710510646e-01,6.483719791771593854e-01,7.548055630415366757e-01,9.377062286416703030e-01,6.659199124044793416e-01,4.226084347748932935e-01,2.391962643553983969e-01,4.285006509210035341e-01,6.557240137088048426e-01,5.549460375081053387e-01,5.858137257514676177e-01,5.586569797704784568e-01
6.119847718403029768e-01,7.729061974693626214e-01,8.510179080532676021e-01,8.485057628769017146e-01,9.557920229912768573e-01,8.419374336461986630e-01,3.634083127391869450e-01,2.095167914642229179e-01,7.517948268453705785e-01,0.000000000000000000e+00,8.903555249441116315e-01,8.874124589236765948e-01,9.895542522783465911e-01,7.328308515791829292e-01,-9.364379766127428617e-02,4.352052004787648198e-01,7.245344560302680037e-01,5.959115069301592627e-01,5.528715376267047121e-01,9.013270708091830619e-01,6.504544762676720548e-01,7.242570705861548497e-01,7.940663306071276129e-01,2.280798918582007118e-01,5.299847089358186158e-01,6.323757863596524142e-01,6.538716378638405047e-01,9.412864968391306819e-01,3.367142814025797515e-01,5.758789328407601382e-02,5.884636827989616625e-01,5.933502413091082950e-01,8.222986723993012115e-01,5.831629039792992630e-01,7.311194434341037329e-01,7.744847321720327304e-01,4.459630308812723154e-01,7.973326524537809323e-01,9.263289050652055989e-01,5.168130499225876973e-01,7.174941879005926060e-01,4.203529539997400422e-01,6.994874347884415533e-01,7.909940937191017873e-01,5.261821388713869840e-01,4.894372360132686478e-02,6.400271134258608274e-01,9.988918527747288056e-01,5.285635481078823084e-01,7.854689239020419267e-01,6.531886803641224759e-01,7.694867358522325951e-01,6.160059627695307904e-01,9.330983781361459339e-01,8.498728131565379540e-01,9.729096390092992763e-01,6.284965270868606568e-01,8.401519255454508173e-01,9.746596370243417740e-01,3.385086347484131952e-01,6.621941248817458936e-01,8.709607637060987617e-01,6.716154149288480202e-01,7.780455713341998258e-01,9.552688777055371450e-01,7.753122716860721964e-01,6.024328139136221338e-01,7.817014447438855873e-01,7.894057024552452173e-01,9.071057825973666278e-01,8.614804075710528197e-01,8.978406094817636962e-01,5.301574479949932028e-01,3.223539973669427017e-01,4.014042065384477720e-01,7.669119575336438288e-01,9.608140326035443657e-01,7.639458822562247287e-01,4.258710895588692091e-01,4.605177569123429793e-01,9.775445924106036522e-01,8.362261975010301107e-01,8.604752167682416797e-01,1.943574381843329313e-01,9.199938355978551918e-01
8.020648326635470005e-01,9.642404890542848328e-01,1.800665476779132190e-01,8.740407759005487387e-01,6.176242497001223075e-01,9.371641859035031441e-01,2.684543101200322357e-01,7.380475568568655165e-01,2.332898610044957244e-01,8.903555249441116315e-01,0.000000000000000000e+00,9.588455338030963393e-01,5.552121281513151541e-01,3.436428575729060242e-01,5.155045581779764685e-01,3.894461554829032335e-01,6.621136796340392205e-01,2.427316527647590261e-01,6.562314027131347371e-01,8.812971637643896017e-01,6.812148652179592645e-01,9.924598794579797545e-01,7.152697311604522268e-01,9.963638435900634693e-01,6.706372074002392436e-01,8.311320546891798333e-01,8.022327296675418884e-01,8.327022503683640942e-01,5.272956045204308939e-01,5.487243688478626868e-01,5.089276088810624002e-03,7.852128582277333457e-01,5.967202208803811248e-01,7.774397393808126777e-01,8.256677978810686991e-01,6.998199358222749744e-01,2.961189796884023950e-01,6.784111110667750966e-01,7.013576060845437832e-01,7.093971543195118912e-01,5.241562938002251038e-01,8.825974343312786852e-01,7.918489267010642152e-01,7.581572727441640014e-01,7.193373589947306135e-01,9.360861851786761445e-01,7.770299610027435744e-01,2.007427508501328783e-01,4.097234956482809776e-01,6.297132058320162873e-01,3.875465272211106038e-01,7.575150337261860045e-01,4.955074144185897533e-01,7.337472113793103157e-01,2.109332965699779461e-01,5.035254423374176946e-01,3.145652344169320158e-01,7.426842017781635219e-01,6.260869035358065382e-01,2.542815335701117951e-01,2.810503214782644754e-01,7.403172707730942825e-01,6.368118518435631481e-01,6.568736299131969769e-01,9.941009760049314137e-01,4.231545006874987691e-01,4.411497590832605953e-01,4.901296513105402597e-01,9.232410613257082677e-01,8.785925550626926261e-01,8.886750332962705112e-01,9.010884718867057108e-01,3.604641736863108958e-01,8.609735358291671359e-01,8.193016796035730298e-01,7.682218362230555098e-01,8.696352644882121563e-01,7.268506170851005699e-01,6.470432993569556757e-02,6.696731228668648672e-01,6.073270027141938199e-01,2.023816543264373990e-01,1.435479247559190707e-01,6.897239889646245015e-01,3.629891283417570058e-01
7.650535505889468624e-01,9.051753942389896279e-01,8.495966288048910631e-01,4.175995321600296517e-01,7.239071812230841729e-01,6.365852125761114477e-01,5.131187548457155634e-01,6.434046159765696160e-01,6.002640134107275482e-01,8.874124589236765948e-01,9.588455338030963393e-01,0.000000000000000000e+00,8.303628136708852692e-01,8.140838150183551392e-01,8.296515359794764954e-01,6.120523932463816097e-01,7.036262687565290053e-01,6.546833096975274158e-01,4.847500199926830233e-01,9.043195311417095983e-01,8.075500818380231260e-01,8.938781162605079489e-01,5.152815175825951055e-01,8.281377615889740085e-01,3.932799289009780153e-01,5.437863277732613021e-01,6.037923314052100476e-01,7.912935696539020736e-01,5.571418064802049486e-01,2.910969695698422677e-01,7.945426243829084578e-01,5.731806212443967263e-01,9.384103029568922061e-01,8.986991942852048387e-01,3.901634478862970878e-01,5.002280648571514332e-01,2.112874480042821468e-01,4.188902498044466127e-01,7.117562326080838497e-01,5.531861831607542968e-01,7.659685582199090570e-01,6.807135785776095016e-01,9.985751232834514379e-01,6.699114506583122575e-01,9.788215715349626311e-01,9.181894840575333117e-01,5.718703988818844008e-01,4.393913561576879845e-01,7.219019366234593615e-01,4.556625290702838171e-01,6.560431878103327730e-01,2.357903534197547946e-01,9.319202265750785585e-01,9.486505471980524185e-01,8.267876718515090317e-01,4.789566529164770436e-01,5.699967693948663205e-01,4.815099756970635525e-01,8.422391702953716530e-01,3.389137264844133135e-01,6.894315579586728360e-01,5.963630267385020556e-01,9.128097477545931149e-01,8.676694212530972061e-01,8.756410612238807456e-01,7.183633119766230646e-01,9.032021780826928747e-01,5.995551088986975641e-01,6.427354927286075270e-01,8.134845903613571183e-01,9.179641812349333962e-01,7.614537255333968524e-01,4.187861515047905936e-01,2.575163637772716063e-01,2.146021718084007712e-01,3.255047818907642609e-01,8.033467420039396290e-01,8.985135032218757312e-01,4.725563081492071271e-01,1.230742495604930740e-03,8.360050903910033471e-01,2.641342516911136112e-02,7.185785307011680612e-01,6.062043066028335314e-01,7.801408308636204048e-01
4.357392144376607823e-01,9.064799238632432754e-01,8.294895176773087186e-01,8.516191583288252875e-01,8.211748744908494713e-01,9.360255294094198542e-01,5.358825215148362853e-01,9.959697354123805413e-01,6.139340524004751609e-01,9.895542522783465911e-01,5.552121281513151541e-01,8.303628136708852692e-01,0.000000000000000000e+00,9.987688940611179067e-01,8.056218662709405676e-01,6.976251662995733849e-01,2.793338483451105470e-01,4.761781743141287881e-01,8.527692828634483302e-01,6.451705123403919107e-01,7.476388650498451138e-01,8.215385370423901046e-01,9.077200286437684396e-01,7.658705293776026934e-01,1.263521944142703413e-01,9.547421363882107048e-01,9.806040869978525087e-01,8.496352579664383509e-01,6.617405727281429062e-01,8.005155728433666074e-01,3.566359162546178796e-01,6.076488059110572992e-01,-1.717841636737749700e-01,7.064424277043779288e-01,8.429295600518899034e-01,7.824493402987091617e-01,3.243632778234020186e-01,7.234341074119382542e-01,6.285812395943225495e-01,5.471310507955656766e-01,4.201594263661632134e-01,6.690223832819742755e-01,7.346956944781295462e-01,8.369470610482322437e-01,6.711051532278455856e-01,7.512157725731338775e-01,8.441420729640815024e-01,9.751913717416362815e-01,5.229023257351579357e-01,2.387857952496922898e-01,7.587730335788616109e-01,8.595152127634890782e-01,9.415639327452339780e-01,9.356855196589639601e-01,7.500065037191980810e-01,4.103555745633995500e-01,8.299959844448611124e-01,9.893372980727757060e-01,9.634837094717737527e-01,3.378141530599592102e-01,8.585583022851883683e-01,7.833784524041820241e-01,8.737021520148235965e-01,9.375154531093706778e-01,7.791033023958022774e-01,9.662365586009064033e-01,2.479646932831342243e-01,7.916663760766692315e-01,7.366119149584735570e-01,7.050694241140343932e-01,9.802049645645649623e-01,-1.791063864079657508e-01,7.732449150452251896e-01,3.031102939928957962e-01,6.754259740862958994e-01,7.010892832925511575e-01,8.358554336115431305e-01,8.230356789103816517e-01,3.306745083879000235e-01,7.742757776543897075e-01,9.797099007280309912e-01,3.569297223357165150e-01,2.750889868722364295e-01,6.047663420544840962e-01,9.765506500007461455e-01
9.414879896343574250e-01,6.505291231421501674e-01,8.891425126790455380e-01,8.354530439577765311e-01,2.274999332750715642e-01,7.258237723439407985e-01,3.310639446215190018e-01,8.263342889673971348e-01,3.730899320450332679e-01,7.328308515791829292e-01,3.436428575729060242e-01,8.140838150183551392e-01,9.987688940611179067e-01,0.000000000000000000e+00,4.082723040793457825e-01,6.800121302730711692e-01,4.725180842835006723e-01,9.893760143000068785e-01,6.243901002688596602e-01,7.487444097977449253e-01,7.387194033583388553e-01,6.234843159618728148e-01,6.037723317667227363e-01,7.397571479505282710e-01,7.280764226165569175e-01,6.570117352194658755e-01,9.413937841472637125e-01,1.323697577528983038e-01,5.893553123847521391e-01,7.010655095133706549e-01,2.229665118939536395e-01,3.701183528574731318e-01,8.832454351105499812e-01,5.803677945940540761e-01,7.821118807130503781e-01,4.656636076899177690e-01,2.313422119882016514e-01,5.615639776705867448e-01,9.308358987613779556e-01,7.673031560129549566e-01,7.637031133444314168e-01,6.300252643184046653e-01,8.608158950010007526e-01,7.140995151834983456e-01,9.406647165068452443e-01,3.779558179077283642e-01,4.582288013753741396e-01,6.182446808860100340e-01,8.858969749652868542e-01,9.407441418760867924e-01,7.833159198751357133e-01,9.175463182326785150e-01,6.601321032798124211e-01,2.753890782940807691e-01,8.716330338832505298e-01,9.583387002215383310e-01,2.821365255126721538e-01,4.477085417471947104e-01,7.066085173456434498e-01,7.873419061388665652e-01,7.829360070597415344e-01,9.953034044208584064e-01,7.281247760319575768e-01,6.451842332014662285e-01,9.105787438381085508e-01,7.154084868130768937e-01,5.907470090684792119e-01,6.699911303757014602e-01,7.902095878946142626e-01,8.973060586216620171e-01,9.343369964381403880e-01,8.148018242720030946e-01,5.195477093100526744e-01,4.833519318933741094e-01,8.515083010039906641e-01,9.013430056812221647e-01,7.048030799452481565e-01,2.021811772177347089e-01,5.758989075770562516e-02,6.426586233682012039e-02,5.078376352814443218e-01,8.975438952086988165e-01,9.393283220425692193e-01,3.539027808297469102e-01,7.361366991637561252e-01
8.304255913776383835e-01,6.112499862556800556e-01,8.100089574985352980e-01,9.293321229272261119e-01,5.910856822393635301e-01,6.042844011395491766e-01,4.938540948013271370e-01,5.419050255785526904e-01,7.682356893758719441e-01,-9.364379766127428617e-02,5.155045581779764685e-01,8.296515359794764954e-01,8.056218662709405676e-01,4.082723040793457825e-01,0.000000000000000000e+00,1.592179636943558130e-02,9.298432698252923068e-01,6.907799774460514630e-01,6.856738915325855110e-01,7.764963641160497199e-01,9.536165495733979203e-01,9.565627449319078490e-01,6.686088109277472658e-01,5.221701160067115932e-01,9.592360662313188513e-01,9.583990260333161704e-01,4.063139145820854337e-01,9.614855939679533003e-01,3.622361023026789417e-01,2.893458936181001473e-01,2.228994168201648973e-01,2.302354647783264596e-01,5.517757351189443993e-01,6.330421890081812109e-01,2.109555599605358878e-01,2.307144853669762519e-01,2.118635416329182203e-02,8.354544348709983526e-01,7.761569787720621338e-01,4.217893366273048339e-01,4.049141575497093304e-01,8.569630916152903843e-01,8.408101722914468334e-01,8.409309157922193467e-01,8.926168515851506946e-01,9.277375738327073851e-01,3.790006573069711338e-01,5.048087709150483882e-01,-2.795108070047802595e-02,8.840407785188433287e-01,2.601443363912107620e-01,4.655948100125316680e-01,2.399087052986551283e-01,6.660263822899880060e-01,6.253440556374286752e-01,9.398184106611318089e-01,6.225837579582883530e-01,9.666968453007767081e-01,6.826875505883224227e-01,4.363422468351690203e-02,2.140281386697475141e-01,9.838653889925379481e-01,5.364010500581188889e-01,7.005585951397893529e-01,8.977266895955698933e-01,5.737959828080732017e-01,3.935938338928779423e-01,5.608143040754645092e-01,8.971585076626881206e-01,9.482332805351186833e-01,4.236412272781275301e-01,7.402662831195888637e-01,4.539617130543373569e-01,2.069830281880883360e-01,5.890859474136049823e-01,3.053284553465827056e-01,6.870763401097534917e-01,6.766086764066464587e-01,7.284474097779767288e-01,3.210612594611402248e-01,7.162370149052703638e-01,7.941202856145455069e-01,5.946012941924510020e-01,4.396237392374385822e-01,7.942148644444857464e-01
6.331602345775400043e-01,6.604008728531303163e-01,8.291142044345810591e-01,8.648368384872602288e-01,8.604263143718837714e-01,6.305842579581386609e-01,7.560550669114584066e-01,5.777519710608499670e-01,8.439038932741717014e-01,4.352052004787648198e-01,3.894461554829032335e-01,6.120523932463816097e-01,6.976251662995733849e-01,6.800121302730711692e-01,1.592179636943558130e-02,0.000000000000000000e+00,9.613998194276948128e-01,8.081333549544114092e-01,6.534136815415989563e-01,7.866540850983823052e-01,9.495252709574513172e-01,6.782395011951071195e-01,8.182426185778868266e-01,9.734974743800367536e-01,9.563321852331836403e-01,6.493802570653419703e-01,8.624504524509877257e-01,9.408465198316073863e-01,5.197083468465516498e-01,5.713915531316815510e-01,2.323122118041861528e-01,1.464939547708607737e-01,6.165204690442608326e-01,7.702809551902095597e-01,6.929906174961456555e-01,5.846324855075182292e-01,1.174845228936980679e-01,6.338600994311236470e-01,8.689029092083463413e-01,7.319056755473055675e-01,7.963361091136039738e-01,7.740332646685230689e-01,7.752987138946132450e-01,8.083981873551809860e-01,6.553175937519604144e-01,8.845119675669772530e-01,8.126445333521542524e-01,7.793352829966029294e-01,5.018918556008477028e-01,9.137538890427518989e-01,7.097237664294492321e-01,3.404594890680010533e-01,8.979245088408756015e-01,7.370169495195704190e-01,7.468618184187911790e-01,9.063498040753398266e-01,8.482638728779074988e-01,6.660264994502600455e-01,8.647907050555802000e-01,-4.973008871747083837e-02,2.284590538608007038e-01,6.924115892419790974e-01,9.012731149411886689e-01,2.112453011053275487e-01,7.110204401276802866e-01,3.307362748646743844e-01,7.259604593325255095e-01,6.836157845270517397e-01,4.923257115300871956e-01,5.514338328250403265e-01,9.683210386234057943e-01,9.482330152683495772e-01,5.307189007631119004e-01,5.239339585324290782e-01,5.355762184568071405e-01,6.577238491336409032e-01,4.358830497686654870e-01,4.780861915333322609e-01,3.069458173324369210e-01,-4.661417819610635949e-02,7.280282874592182152e-01,6.960782468138707602e-01,8.867232819099197805e-01,7.751378705793461332e-01,6.187433580192378546e-01
6.158735223702573869e-01,8.018380698187135280e-01,8.199099797393650801e-01,7.431625057498522091e-01,8.648084623313719854e-01,5.047347484499703496e-01,7.446004782628010688e-01,5.114697857083378985e-01,8.994554793366925649e-01,7.245344560302680037e-01,6.621136796340392205e-01,7.036262687565290053e-01,2.793338483451105470e-01,4.725180842835006723e-01,9.298432698252923068e-01,9.613998194276948128e-01,0.000000000000000000e+00,7.149085478128681670e-01,8.192853970044042811e-01,6.659744462477797944e-01,7.864847660008029706e-01,6.305932488034233785e-01,9.428150902079605045e-01,7.612755655961547241e-01,2.778864764148266664e-01,9.056935772040575205e-01,6.363535716086777816e-01,4.676778995211718359e-01,4.594388527542880296e-01,3.873982210382296287e-01,2.234951142287932291e-01,7.840216021238900490e-01,1.562152055398929873e-01,7.536576842489846051e-01,9.771027142330681592e-01,2.130006607873261293e-01,2.119974243319041884e-01,9.576653226272812125e-01,4.696378222168008376e-01,6.441171140505880244e-01,4.285605226925421896e-01,6.802836041244677556e-01,8.497090137074099214e-01,9.828041692882893976e-01,8.952082186018608390e-01,6.904249718806788616e-01,8.230851351047115960e-01,8.656127249798131196e-01,2.512891816766161801e-01,7.500451196331267001e-01,9.286359005916878795e-01,7.526686985407616826e-01,8.738810994317560699e-01,9.491777716105721519e-01,7.381170530229803628e-01,6.113627720937779841e-01,4.535003197491871418e-01,9.117936138002128432e-01,2.831043493968729008e-01,7.348731015332964356e-01,5.522837710950911916e-01,7.162083625647756857e-02,8.543841696070337832e-01,6.502986044553369371e-01,9.168593141714198591e-01,9.764190321353150015e-01,9.722242612432664410e-01,4.012526196079356233e-01,6.900722750470960065e-01,9.691769153672006309e-01,8.130009139413393315e-01,7.137088787938445922e-01,9.004612154494494314e-02,2.422688724516184888e-01,7.659326553802427995e-01,9.915475976269545466e-01,8.148791863938860125e-01,1.067233498931160068e-01,4.489041959409325599e-01,4.295711514667704956e-01,7.245955257987954923e-01,5.718023539273459077e-01,9.732067452287294085e-01,5.502182326489790665e-01,2.981344019588909044e-01
6.441136084400942430e-01,9.507808989602720695e-01,4.504214329518850812e-01,8.911597720997327388e-01,7.542942959633411881e-01,6.906380600007091530e-01,1.658167326562929450e-02,6.704942514045145741e-01,4.123235255526535581e-01,5.959115069301592627e-01,2.427316527647590261e-01,6.546833096975274158e-01,4.761781743141287881e-01,9.893760143000068785e-01,6.907799774460514630e-01,8.081333549544114092e-01,7.149085478128681670e-01,0.000000000000000000e+00,6.499402076592104560e-01,9.040629500130136220e-01,7.918301850649978046e-01,6.054266883917316378e-01,9.463484847546339562e-01,8.189563895670056715e-01,6.423338317900183503e-01,9.537938638665626190e-01,7.008806240961775735e-01,7.221437406558508521e-01,5.765310100721745545e-01,2.822706425106245032e-01,5.471400630589990932e-01,6.949202279226464052e-01,4.416555838900603770e-01,7.743865052562739493e-01,2.695240331241368081e-01,6.100208058013046886e-01,6.662842838934757150e-01,6.813265814105906593e-02,8.453687217884253702e-01,6.306429616089881396e-01,5.267230092884855885e-01,6.670113913813144890e-01,7.508749939138716911e-01,9.684774900370116679e-01,6.212684003232141761e-01,6.875537536175462261e-01,8.579346312395967900e-01,6.527980281209793123e-01,7.693010331142517977e-01,5.378119145924638023e-01,9.914377008412189607e-01,9.647460192804973023e-01,7.328491761294809725e-01,6.962284342991287289e-01,6.036152871126155839e-01,9.642388784692137449e-01,6.938407324320986502e-01,7.064347482928570177e-01,4.625773225457603388e-01,4.102226699653541142e-01,1.560447045830748447e-02,9.118167511766775979e-01,7.738413281541273170e-02,9.801038763903223705e-01,7.296442402040255182e-01,5.028118381070212362e-01,6.732797997780484156e-01,7.319267835559769564e-01,5.481886178888502048e-01,3.451807863547969868e-01,8.002419681422082709e-01,5.239162745766461349e-01,3.236899019356999641e-01,2.897728481951720170e-01,4.655357016502517098e-01,4.985459595111346731e-01,6.867179018174762728e-01,8.224064593270569157e-01,7.841355042177626800e-01,5.084775032029623665e-01,4.534419462791214328e-01,9.900848948979527053e-01,8.701061593007997086e-01,1.352470394711518045e-02,7.431004310908094768e-01
