0.000000000000000000e+00,3.867414655992216371e-02,8.756529023278369905e-01,5.181912646554543977e-01,9.847603979894444803e-01,4.147396046616380061e-01,9.289558266423963984e-01,7.114737395790301511e-01,9.154076813925243750e-01,5.383965805759551859e-01,9.828280715388936217e-01,9.817553132484937439e-01,8.968992688940089497e-01,2.857767119473820783e-01,8.950074638501697155e-01,4.488043148374551428e-01,9.511655591114686059e-01,6.646301429427878826e-01,4.685994534885101759e-01,8.248229315554597152e-01,7.414535192996243307e-01,8.766959569926568996e-01,6.298341593416771911e-01,9.924538838281145026e-01,6.632189421514665950e-01,7.482423109370491821e-01,2.240066246682393680e-01,9.756937016832086806e-01,2.970392358772693808e-01,6.605590774799245946e-01,5.753578537686715455e-01,9.352416653206978570e-01,9.464603420968533687e-01,7.741005251601510428e-01,9.164983656629729358e-01,5.875298213005037962e-01,2.534631789265204271e-01,8.436502700320505088e-01,6.781112859750798583e-01,9.905326431149039657e-01,2.164996209337904376e-01,6.859286146508958293e-01,6.685703348537512802e-01,7.941885788257299073e-01,7.030349898966533617e-01,4.843385058341324600e-01,3.657906143648916863e-01,7.371790070804279393e-01,9.413505781512399029e-01,9.168201888629585738e-01,9.646760391851221250e-01,7.478747016333124886e-01,4.860104686452622613e-01,8.054551235661981945e-01,6.617945145338666180e-01,7.699222568454890947e-01,9.648582885830956357e-01,7.815777099736964662e-01,8.884191816729415381e-01,8.994768970490960580e-01,-1.943629312257992570e-01,7.011046155661577739e-01,8.429705730027335919e-01,8.258363230495414653e-01,6.497867180654992580e-01,9.790829013599966490e-01,8.334793819345392984e-01,8.621375364224836968e-01,7.288375417348956775e-01,8.396730465823313283e-01,1.236913044741829726e-01,8.250340219090552818e-01,8.249703772690963888e-01,6.684739547380930125e-01,5.438002249217637613e-02,7.716187667089602353e-01,5.033923761932037610e-01,7.041535545512971339e-01,4.169655668492317502e-01,3.311937769548151111e-01,9.131684286111227955e-01,8.873378058135366064e-01,8.892303808274686361e-01,5.392656995134962328e-01,8.789780487413778598e-01
3.867414655992216371e-02,0.000000000000000000e+00,3.577872508459424283e-01,6.396716839577036851e-01,8.009051520170026306e-01,7.935073321494552356e-01,3.867795351330065995e-02,7.764642025496544253e-01,7.609780148042692982e-01,6.154088888795514745e-01,6.049234243504063580e-01,9.472010796844035907e-01,9.028004300080680888e-01,8.714422961261367728e-01,7.021363577357864205e-01,2.404538143416455331e-01,8.939511110068405486e-01,4.369292205023221354e-01,6.046384022712074646e-01,4.836774126920281858e-01,9.844414394589765527e-01,7.627189251391165437e-01,7.627502074348494476e-01,6.187159660325121102e-01,9.855741949114041889e-01,6.548798420678809684e-01,9.723395322749994740e-01,6.904002357367055032e-01,4.570520414003001464e-01,6.914442104353453189e-01,2.604348289410363670e-01,5.007770060044796079e-01,5.485147508422231200e-01,8.169498373339054709e-01,8.659082882459421260e-01,7.955595582091152806e-01,6.398840742706075890e-02,2.660793455995463797e-01,8.496495584861452066e-01,9.058440236810564317e-01,2.097145014841087507e-01,6.113738899527748627e-01,3.571984140773162841e-01,8.987203544567130553e-01,9.990109600614596186e-01,4.435166713213273826e-01,8.752308772424055583e-01,5.793037715473119409e-01,8.517986235914457582e-01,6.851260592644496938e-01,6.945686149163546874e-01,4.020413105701850509e-01,7.913771410023799913e-01,7.440907116986679448e-02,7.237505748388736171e-01,3.128428473708638191e-01,1.065390632553804562e-01,9.146970120761104273e-01,7.067438299573781668e-01,7.957014802230324424e-01,5.588563602276763742e-01,7.580703732992833954e-01,6.654821242515260860e-01,8.570253448442095578e-01,8.305307946785457363e-01,9.009906234249484003e-01,4.135006356440398267e-01,6.661269810123606749e-01,4.717831795106151582e-01,6.399665463015782318e-01,8.670911202060258560e-01,2.794359007504236825e-01,5.856983426693493922e-01,2.158531397064517576e-01,6.245166019729325724e-01,7.423712764174631440e-01,8.696635102174770093e-01,7.308364184501108252e-01,6.299958300012817869e-01,6.644930046475584495e-01,6.807614481036567966e-01,8.083792603525541409e-01,9.451552247927383910e-01,7.758429742763373049e-01,4.398870312129357640e-01
8.756529023278369905e-01,3.577872508459424283e-01,0.000000000000000000e+00,7.491415159061867168e-01,7.343577130344215442e-01,7.683501356414625949e-01,4.852149129273056194e-01,9.786810543057231637e-01,8.875691059647748959e-01,8.163715806029523403e-01,5.790436812429301527e-01,9.952132443531619410e-01,8.532053042971454726e-01,9.125511160775819919e-01,9.540507796071955315e-01,8.072675511199789433e-01,7.140835294977625480e-01,5.172903578104095512e-01,9.259950734158186592e-01,6.930332726639264473e-01,9.712343404260416202e-01,8.813790068329587779e-01,9.854271524115244540e-01,4.247852906159556019e-01,9.034574027811244079e-01,9.346721203786780841e-01,4.023794223510153145e-01,7.618962307043182225e-01,7.328390093484246082e-01,3.931496638215503103e-01,7.244461215892490369e-01,8.769241788394332993e-01,9.805636092477315602e-01,9.355996816626912516e-01,9.802442060175919902e-01,6.916859768903333983e-01,2.643692151540933954e-01,7.039082502100879601e-01,7.369241878586078043e-01,8.702364338955925760e-01,5.064328716683309528e-01,3.385566049538896172e-01,8.474009085061768864e-01,9.251647813363261807e-01,7.447380149262412541e-01,8.524297191121603667e-01,8.233163079784427962e-01,5.395454066495921630e-01,9.476750052470450658e-01,6.780218480855292329e-01,6.586450336255867954e-01,9.109486021866090022e-01,8.604679536439963083e-01,7.311057156640726751e-01,8.999035106969741626e-01,3.907723714835048545e-01,9.065176811817753366e-01,9.930976645173545947e-01,6.695136444621432315e-01,3.428590848209846498e-01,3.366827296259691238e-01,5.952355910626186963e-01,6.750440023314333571e-01,8.258779842902049806e-01,9.837337302609450163e-01,8.037015889079952569e-01,8.645944509659027055e-01,6.548616899549293269e-01,8.878164228529167312e-01,8.869236340968496002e-01,5.895869683586951737e-01,4.382381340755442389e-01,5.140547325755036034e-01,5.338966237670128567e-01,8.679891345367208855e-01,7.860837285783219830e-01,8.723429500720523144e-01,9.566651985118794776e-01,1.343117526503078141e-01,-1.727729011361605616e-01,6.605765236626027770e-01,7.249602556515991059e-02,8.411738864044211450e-01,7.639287017913503064e-01,9.845475279165344373e-01
5.181912646554543977e-01,6.396716839577036851e-01,7.491415159061867168e-01,0.000000000000000000e+00,5.489363761120856777e-01,9.926183450101648820e-01,6.750498510415807729e-01,2.087271266461465657e-01,6.016224763208939397e-01,6.972362431147068884e-01,7.289038032576712345e-01,8.748981348907641786e-01,2.978242102259559543e-01,9.584101416999877276e-01,6.906587718229202366e-01,6.259628191934420993e-01,8.251446871378169678e-01,4.205077964199657181e-01,9.592031710204586004e-01,4.812322128498578433e-01,3.207647371796793490e-01,7.671604277857729803e-01,9.919544805797221310e-01,9.866130843223116509e-01,4.491911553851579142e-01,7.803307803405949983e-01,9.805773496690552982e-01,4.578322174960397506e-01,3.125344885123901850e-01,4.696192195079074150e-01,6.229769948132125590e-01,-9.010931688927049932e-02,5.195074712489194946e-01,7.259397408572716426e-01,8.688066724313421307e-01,6.469194712512998935e-01,3.887433139970616347e-01,2.203244191186735645e-01,4.212127401816043171e-01,7.091807726366280429e-01,5.168891860835254093e-01,6.328643014742513229e-01,6.235208383800573406e-01,6.127557094556873585e-01,5.330287675829512573e-01,6.438414495993098896e-01,8.085013145145527602e-01,7.284515571052084804e-01,6.893708963224970399e-01,4.978628054305409001e-01,5.563920476151965611e-01,9.378290374678723840e-01,4.030832852930577581e-01,7.079407498299327139e-01,6.791232817640734387e-01,9.203553525421908077e-01,9.790647283349643848e-01,6.743438644095829382e-01,4.026210383301112583e-01,5.575442840813495948e-01,5.930339872826980718e-01,5.959751405314417383e-01,3.765465378192085488e-01,1.056021386162229736e-01,9.200767164052725544e-01,4.139513740450984636e-01,8.773591392776742826e-01,3.661159681689117318e-01,3.167379936256420336e-02,7.838073154650158081e-01,6.964642892890900994e-01,7.884643015609054117e-01,5.533682878505110647e-01,6.052882878032047609e-01,7.527485889816774023e-01,9.795575159313161251e-01,9.632325994200737762e-01,2.759182730646791981e-01,2.978662128764777983e-01,2.662860496535348065e-01,5.040652069217071984e-01,9.057175749883741300e-01,9.779682047516793375e-01,3.664350356815069820e-01,8.454752095137052503e-01
9.847603979894444803e-01,8.009051520170026306e-01,7.343577130344215442e-01,5.489363761120856777e-01,0.000000000000000000e+00,7.045003617948846220e-01,7.794434159523129235e-01,5.385362874690463597e-01,5.677871745523204172e-01,7.777084079395586436e-01,9.828414336427443443e-02,4.018238239093882003e-01,4.673693517936454156e-01,-1.739727314737167241e-01,6.138528500346586148e-01,9.802119266050708379e-01,9.925711012705853431e-01,9.483425985520674839e-01,9.739953451422895814e-01,3.985345346887013696e-01,8.684018598735556704e-01,8.656549953665392261e-01,7.408692521807156428e-01,7.229335754126452462e-01,6.335467039574443904e-01,8.796927835875099078e-01,4.644333247065811632e-01,5.500409923016467140e-01,6.942146307003174144e-01,2.952828168781626572e-01,3.723307842846332316e-01,5.748625604976561609e-01,3.806383711724112828e-01,8.221045347712216955e-01,7.608354856383681142e-01,5.275474026758283363e-01,6.757953738988257131e-01,7.792940708303586206e-01,8.374357287523389592e-01,9.900187501605635099e-01,3.713902325790748304e-01,7.022652610188203637e-01,5.614967061964699635e-01,8.416575208067774705e-01,7.518659436582006972e-01,8.701588604052743481e-01,6.592013438110579937e-01,5.418609533400680078e-01,9.038863593753599934e-01,6.049116826730394081e-02,-1.940453105540379253e-01,9.885853352690563423e-01,7.630305941945415560e-01,3.343475982725742091e-01,9.172849618732448196e-01,9.939035816569480319e-01,7.798649491224429742e-01,6.270816012850285448e-01,8.220041056520434042e-01,7.661301373089046685e-01,6.985685113360869114e-02,5.377161488615763707e-01,8.005827365980527910e-01,6.733349718195220657e-01,7.220795529734947982e-01,5.601818347716810420e-01,5.042228015924056228e-01,8.882534991485393494e-01,7.646765296832401804e-01,8.136406466331601584e-01,1.804751111264144281e-01,7.541098570998832074e-01,5.347267211433680556e-01,7.602917831862271436e-01,5.596147456103552909e-01,8.978271048442127977e-01,8.095317573567840652e-01,7.279843553693774449e-01,8.305913151029545860e-01,-4.045498394933341735e-02,8.344088229326530604e-01,8.755784739376218928e-01,8.594251834487606212e-01,-6.185696324675463154e-02,7.408123872648764152e-01
4.147396046616380061e-01,7.935073321494552356e-01,7.683501356414625949e-01,9.926183450101648820e-01,7.045003617948846220e-01,0.000000000000000000e+00,2.695323833493664667e-01,6.505052020384060052e-01,5.376058661452867149e-01,8.619244425034884305e-01,4.279643548675495790e-01,8.599301979417925956e-01,7.983371888674636319e-01,5.689201023879828512e-01,6.611354634589021728e-01,6.729146243242924985e-01,9.403162889164488059e-01,9.530329893922167006e-01,7.478014100510165241e-01,7.937850588740342772e-01,9.181841029256732067e-01,7.048294558519536679e-01,6.767823124354481745e-01,7.769834871775684881e-01,7.578121181435226728e-01,6.306722283910736193e-01,9.670778340405534745e-01,7.936730071335571512e-01,9.440106118392177503e-01,4.076610646019622197e-01,5.507725468547397529e-01,9.996712812936502379e-01,2.043452718210598540e-01,5.790782875523018403e-01,6.970844620949250281e-01,4.982199751577250924e-01,4.971317403380107192e-01,7.060411970674502768e-01,8.224811756643857219e-01,7.915394785587482884e-01,4.359433630137693472e-01,5.094061699784437902e-01,8.482399851732259632e-01,5.161407589080713176e-01,7.358996068753027586e-01,8.939559618145768161e-01,6.680734134545368574e-01,5.756701311731660109e-01,5.432293558038781001e-01,5.931911382188996829e-01,5.217029136496569297e-01,9.628616477905699300e-02,8.760226526336426511e-01,7.108326115317260552e-01,7.234009062266852919e-01,2.864427583822448664e-01,6.869922816688288636e-01,8.491900808206171991e-01,6.721182273194744594e-01,3.065375840929660534e-01,9.734194094957188126e-01,4.910259840645190277e-01,6.415199089640164498e-01,9.851702964759977421e-01,9.919249561288814299e-01,8.199033983495105371e-01,8.940165532212421828e-01,9.292075361387320820e-01,4.834028842360341138e-01,6.727236548015737005e-01,9.356675759828556593e-01,8.227281339834674467e-01,7.810940106353092549e-01,7.875034921716238534e-01,6.177195045902958981e-01,8.618938378319342952e-01,4.016375202311320836e-01,6.849135892710165319e-01,3.420079685230054123e-01,4.060938329436959426e-01,8.803677693122725634e-01,5.423081819223276590e-01,4.782158956700127139e-01,6.864404728924020649e-01,7.736676471802979016e-01
9.289558266423963984e-01,3.867795351330065995e-02,4.852149129273056194e-01,6.750498510415807729e-01,7.794434159523129235e-01,2.695323833493664667e-01,0.000000000000000000e+00,4.741536244326696736e-01,7.710918292194574031e-01,3.850707441868452263e-01,1.936652570944989993e-01,7.432109992965962864e-01,2.471467726377916674e-01,5.429835790942927343e-01,7.203514606863824499e-01,5.646213887154437616e-01,4.259088930325645728e-01,5.939024521778724086e-01,7.965105587621649219e-01,6.800468606023291063e-01,8.048083723075487583e-01,4.124876663525905984e-01,3.943426881610810897e-01,9.261674143457658825e-01,3.727956165492604113e-01,4.827860584682067691e-01,3.639139063067489133e-01,4.043402640389884839e-01,3.123112805259666835e-01,7.588795670596507614e-01,5.092347139458105465e-01,6.677572725529513642e-01,6.752228020633681549e-01,7.551017425362819280e-01,7.411112332359379717e-01,5.643003920233274906e-01,3.479550279892252851e-01,8.997729729673231702e-01,1.254376526710666018e-01,7.185066777999259413e-01,2.374925800588959524e-01,7.366133954054836508e-01,9.808590013809224128e-01,2.916787692705878898e-01,9.384732652088689786e-01,7.845690936316557229e-01,7.319882363926923929e-01,4.851360457486345590e-01,4.196419895484267970e-01,7.907424117783794504e-01,4.837739249793652219e-01,4.287885345118369051e-01,7.781323194505229690e-01,7.610183320611170199e-01,7.632505206712544288e-01,6.822443012147793029e-01,4.212054384221499137e-01,1.524397098566834807e-01,9.933597878217325094e-01,6.263878530199631367e-01,5.322914098535249661e-01,7.301492261100142045e-01,5.779134864503057134e-01,8.632968685195420155e-01,9.761037802713594669e-01,5.945511746644276396e-01,8.762474368398533997e-01,2.194419959600918957e-01,6.211914364553797752e-01,5.797807432002046735e-01,7.035216112900214425e-01,7.538756881710542146e-01,6.124064845512814381e-01,7.471890598215973345e-01,9.106855460417540016e-01,6.797164425258737097e-01,6.056276023237029404e-01,7.635232246923754351e-01,4.171685175997634776e-01,2.970214820461256622e-01,6.240377462651730545e-01,6.074886883589939446e-01,6.525693653911055492e-01,4.835960656116141121e-01,9.632044300759394773e-01
7.114737395790301511e-01,7.764642025496544253e-01,9.786810543057231637e-01,2.087271266461465657e-01,5.385362874690463597e-01,6.505052020384060052e-01,4.741536244326696736e-01,0.000000000000000000e+00,2.549973205269273624e-01,6.886992270597533938e-01,6.617373516151211499e-01,5.558582022191591587e-01,6.093171806323773865e-01,4.878010862852174556e-01,8.425587773379397127e-01,3.945666227464028619e-01,8.096999946778130619e-01,7.947403362294306328e-01,3.427719817970178440e-01,4.500607641994837649e-01,8.055499360140651044e-01,2.885647016061175796e-01,6.395171716632896963e-01,9.646251457118262262e-01,8.749869494264883585e-01,7.079139847800458574e-01,6.041058349139426520e-01,7.664435079827944808e-01,5.734858561797526733e-01,1.563980408113962994e-01,6.774808107624386011e-01,3.043715329285469617e-01,5.662112747712997329e-01,6.071416785705076036e-01,8.597776604541529366e-01,6.565554629366141537e-01,1.441636284794431677e-01,6.596702702475722990e-01,6.193550053414519363e-01,5.496968990281485556e-01,1.699599090875056340e-01,7.423222842700559765e-01,4.173833142079047542e-01,9.983605307573599763e-01,6.498743312923261906e-01,6.242207059073848763e-01,8.059620338328052913e-01,3.035494201561340089e-01,3.147191732426919408e-01,5.100167313725135765e-01,6.268563205255074378e-01,5.425633924675918873e-01,9.395079245739899054e-01,7.408194132183845149e-01,3.825934615513904014e-01,9.503249913029336859e-01,7.310545449513595750e-01,3.638557000519059836e-01,7.238707143157332435e-01,5.662512264857781918e-01,5.375273713425923194e-01,7.929799839907941683e-01,7.138572659650188612e-01,8.286414108455425476e-01,7.939782198876548236e-01,2.266271527572536193e-01,4.781851522117545050e-01,9.050003596019315921e-01,7.620948345562330584e-01,7.433294986637102308e-01,7.386760419950386680e-01,5.836079495722231725e-01,4.901168370062999879e-01,2.733642147333703032e-01,9.034323593895582372e-01,5.320159811251934379e-01,3.916346763814272380e-01,7.121935328367126061e-01,6.255577855151772670e-01,2.263958594735248631e-01,3.788727263455896610e-01,6.766050785026476166e-01,7.071671472841599693e-01,4.584531418766327193e-01,8.852449058969296125e-01
9.154076813925243750e-01,7.609780148042692982e-01,8.875691059647748959e-01,6.016224763208939397e-01,5.677871745523204172e-01,5.376058661452867149e-01,7.710918292194574031e-01,2.549973205269273624e-01,0.000000000000000000e+00,6.618766930863689835e-01,7.952513610218577833e-01,5.005705486863398779e-01,8.006323107855700671e-01,1.698336110999302817e-01,8.229093247339542838e-01,3.460810049491329088e-01,5.283285935522766819e-01,1.403802187393849710e-01,2.832266542508439233e-01,7.167275064907168147e-01,8.754665989147905059e-01,8.144242224986654177e-01,8.999676379589256481e-01,7.200125423061451979e-01,8.718255796479934538e-01,7.600324045857687061e-01,6.689563145589055848e-01,6.839147785219550357e-01,5.639503770859448650e-01,3.808028171900708081e-01,4.448811988082918556e-01,5.313370997170594467e-01,7.144342106431720296e-01,4.876754693317867373e-01,6.621503264631038999e-01,3.415195342524067756e-01,4.229886071437676809e-01,5.452374589655561987e-01,8.873469121643642321e-01,8.128094879535529005e-01,6.688266885572791143e-01,6.399187583873507945e-01,9.231059072588168046e-01,7.609409446540090771e-01,7.611391543062550058e-01,7.801518491836212377e-01,7.691015346829093158e-01,7.227629226575653654e-01,4.649885191792131889e-01,6.158435750629593919e-01,4.798117489816813852e-01,6.653470400352291536e-01,3.392597233856941008e-01,4.590717414281489384e-01,8.861723964763076333e-01,7.715945308036997741e-01,8.296859248719035129e-01,7.820130031060522624e-01,8.847297985846739321e-01,5.228027877020859915e-01,4.612264413711566480e-01,4.846278262657196523e-01,6.053908359032894593e-01,9.400465587765926001e-01,9.608672024602232797e-01,7.198445851679238228e-01,9.163811176913054801e-01,7.042880039807949411e-01,3.504071951431598775e-01,9.120193969113299381e-01,6.060130619466664870e-01,8.561406425716461266e-01,2.252682548065896850e-01,5.948423504515287785e-01,6.020402558732098619e-01,3.080413009822536852e-01,8.160968575937321834e-01,9.937911841051025874e-01,4.313682214863037712e-01,5.986454359035431327e-01,6.057799851159363369e-01,7.608276140880021465e-01,8.570642593826307554e-01,2.254099959162116085e-01,7.685159411173593247e-01
5.383965805759551859e-01,6.154088888795514745e-01,8.163715806029523403e-01,6.972362431147068884e-01,7.777084079395586436e-01,8.619244425034884305e-01,3.850707441868452263e-01,6.886992270597533938e-01,6.618766930863689835e-01,0.000000000000000000e+00,8.204137427163791241e-01,2.528848783024972291e-01,7.385954697806406122e-01,7.287222392248016156e-01,9.258168663582440061e-01,8.330429556292388016e-01,8.849008180826672954e-01,5.407124679358867869e-01,9.870419202966475014e-01,6.477047133440229087e-01,9.356365037396418005e-01,5.535666838007922141e-01,6.593729704618034315e-01,7.136591975274018118e-01,9.575808486304412392e-01,8.474016195892818404e-01,6.779782114150196826e-01,6.324775298898974718e-01,8.478668413602741261e-01,5.074922117248925613e-01,4.848029852548589869e-01,6.225050681796643337e-01,9.524266043408766702e-01,9.289192302721935857e-01,6.109467248922481053e-01,4.709446925874885559e-01,2.870123007768357604e-01,6.150753513352248403e-01,3.756648675168023921e-01,2.123114210866173801e-01,5.263535720696660425e-01,9.779959131316785514e-01,6.319258624859961371e-01,8.577832737602881785e-01,8.984929266114907165e-01,8.590701798642942366e-01,8.119703268705914523e-01,8.364414849959741494e-01,5.827509266152018919e-01,7.086114939209938735e-01,6.076205388991372525e-01,6.299533236556545956e-01,9.720810880395351905e-01,6.071216391524503209e-01,7.140815583248845133e-01,7.450573166955649640e-01,4.138215006690403319e-01,8.657516418305908346e-01,6.544655837574434587e-01,6.033803009784425297e-01,4.808191616940343249e-01,7.623562351465805742e-01,8.529975787666671527e-01,5.743526598625400270e-01,9.910000910356822068e-01,6.549583988919075450e-01,5.901861158374537286e-01,8.701027603339130945e-01,3.531334919777093795e-01,6.975251210816916236e-01,7.821938715796148411e-01,9.108688172862537957e-01,7.583636219832901038e-02,5.367558959077588510e-01,-2.754813912933532505e-01,7.965508088035049283e-01,6.422821005376144754e-01,3.521264774785239915e-01,2.063071877182533209e-01,6.718425320221445007e-01,6.010291836351786543e-01,9.790937445758596258e-01,9.708129223464648794e-01,5.432067925523291763e-01,9.384583323215008877e-01
9.828280715388936217e-01,6.049234243504063580e-01,5.790436812429301527e-01,7.289038032576712345e-01,9.828414336427443443e-02,4.279643548675495790e-01,1.936652570944989993e-01,6.617373516151211499e-01,7.952513610218577833e-01,8.204137427163791241e-01,0.000000000000000000e+00,7.031638447208919951e-01,6.736199383831631415e-01,9.573519927826702469e-01,8.174626694693664097e-01,1.290230262640355147e-02,7.771569779047968751e-01,8.366571401702191935e-01,6.486634702944733544e-01,7.381341906433562805e-01,8.463285636107388266e-01,4.546315202783813847e-01,9.640267320748840962e-01,9.667848404843554233e-01,3.981646249516699876e-01,9.925204872428939895e-01,7.594410393582686769e-01,8.743913510827225899e-01,3.902980596528614621e-01,3.290672806810094331e-01,1.506929625959205488e-01,9.363063485184973667e-01,6.244881687931764791e-01,9.086535560849515747e-01,6.609742020765106973e-01,7.319107950538021878e-01,5.828917662226908991e-01,7.857994034701043518e-01,9.041395783240107065e-01,5.981856543324249875e-01,2.588834466731121386e-01,7.046302111779901844e-01,9.511945311583008822e-01,6.618791638829064627e-01,9.352361479076733985e-01,6.181086404256018740e-01,2.506963793288321529e-01,6.991804207805514260e-01,4.849385746227685701e-01,5.695783711790837200e-01,6.544705490518696323e-01,2.487882044044711360e-01,7.865994692149362866e-01,8.428986152574303725e-01,6.656293727026396656e-01,9.123336088257657517e-01,8.267525461550210286e-01,6.283401945825115575e-01,3.205718818814551341e-02,5.318492631750574295e-01,5.253239293409911470e-01,8.323777003466958924e-01,8.777548297424238033e-01,9.923203591049775119e-01,9.107376146554029273e-01,5.408893517322447275e-01,9.684835188980752685e-01,9.851870121039885131e-01,7.704531711115172321e-01,7.197280652996908001e-01,4.224217169789084569e-01,7.476785472171374458e-01,2.463869916957384387e-01,-1.980287518173825256e-01,8.466409809224111349e-01,9.527074461926903215e-01,7.952565807968920986e-01,6.068746861823364203e-01,5.411533054862279757e-01,3.737914050647097586e-01,2.691750605744711033e-01,7.630289934250998884e-01,9.689171271049490386e-01,4.569858087705927496e-02,2.605580917553762532e-01
9.817553132484937439e-01,9.472010796844035907e-01,9.952132443531619410e-01,8.748981348907641786e-01,4.018238239093882003e-01,8.599301979417925956e-01,7.432109992965962864e-01,5.558582022191591587e-01,5.005705486863398779e-01,2.528848783024972291e-01,7.031638447208919951e-01,0.000000000000000000e+00,7.413483457815620570e-01,8.651983994125890254e-01,6.081895765955751543e-01,4.534138390966472310e-01,6.573020684254808899e-01,4.437222996650755369e-01,8.400692379176818436e-01,9.805602146419707399e-01,6.067658569419255299e-01,9.341077506263343322e-01,8.798105906102224871e-01,6.318452447084565993e-01,5.442045371249943919e-01,5.100841590177503937e-01,8.968047470393616383e-01,7.679756977333478396e-01,7.824650167803643974e-01,4.520685724245039339e-01,5.372261924214708495e-01,7.008502854151662520e-01,9.799134620015822472e-01,9.834162050452841530e-01,4.156392658452675026e-01,3.921899668990482257e-01,1.717958238267141002e-01,6.904874071629998333e-01,8.971627162486341955e-01,9.590831203674564653e-01,3.376422511205146026e-01,8.070512269465938138e-01,3.844943792638391145e-01,9.913359736367601815e-01,9.220206750664047268e-01,4.345693213159635415e-01,6.052321515836549537e-01,6.401345321072462458e-01,5.371854951529976274e-01,9.356078716561702091e-01,8.815050784493707603e-01,6.504208157601263363e-01,6.370411361316723475e-01,7.465627466056460326e-01,6.133125095546561045e-01,9.955476521631952957e-01,7.330055511895651188e-01,9.211716888731281694e-01,9.093307088113159464e-01,5.381524580409078329e-01,6.422853858547867834e-01,9.496734844890036831e-01,7.753990305695586116e-01,9.850360440041880938e-01,9.748376053444138822e-01,4.009692715910735394e-01,6.603245199969403068e-01,4.457689545871442172e-01,3.802577925604847531e-01,6.110475927273015806e-01,5.055216334891826646e-01,6.779229728760005624e-01,6.438972863079015507e-01,6.994684558736492530e-01,5.548504829672675775e-01,4.493309814681984427e-01,5.003779336993606774e-01,7.923163210614805330e-01,9.193803146837618845e-02,2.628796998846289479e-01,6.975010135096467723e-01,8.060773470822713005e-01,5.827308848203995861e-01,6.058586613866271398e-01,5.141957124178596628e-01
8.968992688940089497e-01,9.028004300080680888e-01,8.532053042971454726e-01,2.978242102259559543e-01,4.673693517936454156e-01,7.983371888674636319e-01,2.471467726377916674e-01,6.093171806323773865e-01,8.006323107855700671e-01,7.385954697806406122e-01,6.736199383831631415e-01,7.413483457815620570e-01,0.000000000000000000e+00,4.185529459143403908e-01,9.279244675623901095e-01,7.880195774721756585e-01,9.783542232022407470e-01,8.749719454598979818e-01,8.104315823394575569e-01,4.736344289362270921e-01,7.985947849217009953e-01,8.769648903183420163e-01,5.549046186950726822e-01,5.031548657548481351e-01,6.708105657437942737e-01,5.849398297684547110e-01,4.296036524304228110e-01,8.897281698402947914e-01,4.114575975076734116e-01,4.610583597345926377e-01,-7.250933307613280365e-02,7.591970122724854830e-01,2.905484328647609527e-01,9.534444014538658863e-01,5.222802036693370287e-01,7.845273493929936226e-01,1.496669907891394480e-01,8.887768844645111965e-01,6.965387435554233342e-01,6.432986020137552163e-01,5.105958397936529725e-01,4.111278572716273172e-01,2.552516131514424025e-01,9.173013746402947088e-01,1.356914604624027965e-01,2.700174135035923184e-01,7.123306229189407812e-01,9.743653705479059512e-01,7.530408378082009691e-01,5.088404370646277819e-01,8.343143546036866365e-01,9.379477276616352555e-01,5.891521007373381469e-01,4.241234270983184063e-01,9.429658553132702625e-01,9.464996683183607429e-01,5.234689135167494012e-01,4.915473352035448218e-01,4.745722308830004899e-01,5.659062995754495784e-01,5.129184471876445661e-01,7.603265350563016556e-01,4.643275612703381405e-01,9.759806823149262955e-01,9.318429283806739516e-01,7.395878493094780737e-01,3.042319591363416009e-01,5.850578072952842268e-01,7.785582300752831308e-01,8.741524139403261673e-01,9.831867957994075979e-01,8.025468876497742210e-01,3.501561306449779698e-01,1.389125538469469096e-02,3.354464156177233147e-01,6.931075710583213256e-01,6.428032513150073735e-01,6.731371170653589475e-01,6.158079106812598402e-01,3.695057398676249161e-01,7.140038303174103262e-01,6.262966129963334350e-01,7.665720818995189756e-01,5.421238398535850322e-01,6.396397950886519856e-01
2.857767119473820783e-01,8.714422961261367728e-01,9.125511160775819919e-01,9.584101416999877276e-01,-1.739727314737167241e-01,5.689201023879828512e-01,5.429835790942927343e-01,4.878010862852174556e-01,1.698336110999302817e-01,7.287222392248016156e-01,9.573519927826702469e-01,8.651983994125890254e-01,4.185529459143403908e-01,0.000000000000000000e+00,9.591861839254907096e-01,5.306707010009660275e-01,8.246083843010446612e-01,1.006064698805085450e-01,4.503013018337269635e-01,9.076887535055745415e-01,5.028472659460559990e-01,7.221426314434672422e-01,8.106912077106962489e-01,8.921776728592447636e-01,2.343512269640699031e-01,4.119180417371409164e-01,6.467194588500438934e-01,6.675698946065795614e-01,3.226258438515486326e-01,7.172104615300692876e-01,1.670237614608284238e-01,7.528816571979605188e-01,9.197247860083986870e-01,1.766262033601002646e-01,8.076448516217556994e-01,6.673594101072916063e-01,4.748181256301430286e-01,6.998049335810793137e-01,7.366721003160529024e-01,6.896473918232688405e-01,7.657373486375536054e-01,9.153461019012747446e-01,7.078925403338323097e-01,8.138919184307639165e-01,7.175335205184992793e-01,9.184228866153690829e-01,6.788745670810550914e-01,8.962603134495580326e-01,6.858030544801464456e-01,8.900406141485317502e-01,6.806612264971065862e-01,8.358293908428604535e-01,6.086890674356731923e-01,4.296630803341754401e-01,7.087459944816193458e-01,7.814687760657402782e-01,7.865986630101761135e-01,4.013161266229808288e-01,5.685846263332905437e-01,4.171947183640077328e-01,7.421191197750431900e-01,6.854212145919856836e-01,6.593386290163846253e-01,4.575162202900896480e-01,7.492754433192763130e-01,6.490883328242531558e-01,7.485309901546552958e-01,8.713025019430252760e-01,6.252653774310111823e-01,9.636049895193430359e-01,6.568127634631791834e-01,5.076522681838935291e-01,6.431912368652950018e-01,2.012513682570689078e-01,6.887613769294030908e-01,4.107902600168864549e-01,8.774105889253234203e-01,2.936804801324215952e-01,4.537444384651839746e-01,3.121769893591803680e-01,9.370004364630406535e-01,8.249550949990787085e-01,8.420387194900189609e-01,6.523685914349677262e-01,9.203391206389394119e-01
8.950074638501697155e-01,7.021363577357864205e-01,9.540507796071955315e-01,6.906587718229202366e-01,6.138528500346586148e-01,6.611354634589021728e-01,7.203514606863824499e-01,8.425587773379397127e-01,8.229093247339542838e-01,9.258168663582440061e-01,8.174626694693664097e-01,6.081895765955751543e-01,9.279244675623901095e-01,9.591861839254907096e-01,0.000000000000000000e+00,7.842605562203042169e-01,7.329637774544350837e-01,7.173510118583741324e-01,7.506950511786723013e-01,8.549070371343222563e-01,8.805814417063524413e-01,7.674390533985473439e-01,5.946488970397267870e-01,8.503755332788868193e-01,5.300910522541993908e-01,6.393039167555391034e-01,9.161899074317455538e-01,6.343175791855417689e-01,5.538921709357941259e-01,5.514023781939791924e-01,7.654032633266937280e-01,5.822623772862834945e-01,6.046273234542829389e-01,7.392887806495349601e-01,4.365290613842560674e-01,4.630386764834741320e-01,6.955091207260517550e-01,7.521662797122725674e-01,8.882775305960247669e-01,7.819114039557617524e-01,8.649469704545336146e-01,2.629192375938025350e-01,7.002466194126490961e-01,7.756646453266126118e-01,4.605647224716903354e-01,9.937071922166549331e-01,7.172548552915020137e-01,8.156478790164113368e-01,6.176421227513401169e-01,7.303304996431531082e-01,9.166480148490743218e-01,8.144163037642901948e-01,4.810352968049416700e-01,8.705632424596215779e-01,9.954341036990215219e-01,6.389023273206586584e-01,8.874279098426411938e-01,8.341679895447488002e-01,8.987482256461719610e-01,6.918297241468314152e-01,5.619497828458995814e-01,1.530828568807903467e-01,5.614830542541970893e-01,4.864087271405225232e-01,8.024154660832343300e-01,3.815156213318355860e-01,5.205745640457080103e-01,4.717604642302560825e-01,6.640531400265587969e-01,3.508224023722960605e-01,8.862016729392333536e-01,7.494923277589948807e-01,5.506344440028563270e-01,7.849322324450636046e-02,7.403538626243927334e-01,9.206631133263352140e-01,7.383261195795194354e-01,4.230777657177912654e-01,4.318471698063195557e-02,5.724309251431694001e-01,8.172593900210156637e-01,9.532745381284807307e-01,7.679524184448923707e-01,4.572146944076250219e-01,7.256310965507289934e-01
4.488043148374551428e-01,2.404538143416455331e-01,8.072675511199789433e-01,6.259628191934420993e-01,9.802119266050708379e-01,6.729146243242924985e-01,5.646213887154437616e-01,3.945666227464028619e-01,3.460810049491329088e-01,8.330429556292388016e-01,1.290230262640355147e-02,4.534138390966472310e-01,7.880195774721756585e-01,5.306707010009660275e-01,7.842605562203042169e-01,0.000000000000000000e+00,8.833741993293314776e-01,4.145358611227032974e-01,5.792215931083359859e-01,8.281776953975855671e-01,4.515185407042336396e-01,6.496567651178596359e-01,6.315338571215862729e-01,9.077628259524410659e-01,1.249425806532898364e-01,6.727103186855174499e-01,6.113212263792006107e-01,6.936460582909651507e-01,8.780798581694732041e-01,6.594652978687961520e-01,4.778646104781058002e-01,8.543760779237086211e-01,7.515914931231086893e-01,7.832412025187583948e-01,7.717768163808766957e-01,7.053381278529815557e-01,3.078142567688286757e-01,7.213388864979624060e-01,7.930265186524687593e-01,4.555520210464973907e-01,2.641886914604965053e-01,7.192903516575304135e-01,8.558755798870941733e-01,7.762279267158778140e-01,2.259436781192312449e-01,7.305952729922080557e-01,6.896966425445668625e-01,8.984668044635710782e-01,6.950669966526404897e-01,4.116420481280370636e-01,7.914894958097904443e-01,4.617906865160383290e-01,5.202530625649930407e-01,5.211619448534443588e-01,-8.191709383885149853e-02,5.021354375291650074e-01,6.605747284393210794e-01,5.698604075347510900e-01,8.312648488611482644e-01,5.681698164582640320e-01,4.930410073239169244e-01,6.097046008266272521e-01,4.709939897329899483e-01,8.593669774299880215e-01,7.015033209217166332e-01,6.511472473500595770e-01,9.280724654199877799e-01,9.195258617996271422e-01,5.032399812932134564e-01,4.792665158881125875e-01,8.013404614091368394e-01,9.317035593244126224e-01,4.193106508477992822e-01,3.833513969061771443e-01,6.236524822722858685e-01,3.955354998404204681e-01,5.497442052438600291e-01,7.612754734069091533e-01,2.964412171868547885e-01,5.961328519812496979e-02,8.630196151845576091e-01,6.235601446176601836e-01,6.083027654428675435e-01,1.393685265545644980e-01,8.489868301852968591e-01
9.511655591114686059e-01,8.939511110068405486e-01,7.140835294977625480e-01,8.251446871378169678e-01,9.925711012705853431e-01,9.403162889164488059e-01,4.259088930325645728e-01,8.096999946778130619e-01,5.283285935522766819e-01,8.849008180826672954e-01,7.771569779047968751e-01,6.573020684254808899e-01,9.783542232022407470e-01,8.246083843010446612e-01,7.329637774544350837e-01,8.833741993293314776e-01,0.000000000000000000e+00,8.189171638330816627e-01,2.299439179547584922e-01,4.553738447122693822e-01,7.646535283109497927e-01,4.390081308824225759e-01,2.691226816048341020e-01,5.324217062320573124e-01,3.835824677714151365e-01,8.317336792986421701e-01,7.674708718728684431e-01,7.729129714147964236e-01,6.461917529952536654e-01,2.902279247985078969e-01,6.086416083245430597e-01,8.199708164760791673e-01,7.007858651552218987e-01,9.305381565026873414e-01,5.177109393386926106e-01,4.937228544047940204e-01,3.950184589346855679e-01,5.563994179062395906e-01,-1.946609756052757600e-01,6.861288387257516996e-01,7.191808456642773129e-01,1.673324121736561587e-01,6.176642338176010494e-01,7.555382368917163971e-01,2.522386536431693305e-01,9.479415751518593947e-01,8.614510343115601154e-01,6.605507919386278681e-01,9.942608318810055579e-01,6.787218291044962992e-01,9.311117807073376884e-01,4.246319598665643236e-01,7.847412167261926808e-01,9.513831210872486510e-01,6.485630436112966857e-01,9.884114641963428483e-01,9.825939061776158834e-01,8.897505035957935515e-01,8.440907117424454320e-01,-1.374625362853580390e-01,3.811984704190446438e-01,9.823122821610295041e-01,6.132886075798221759e-01,7.059129854514125668e-01,5.909209460941428071e-01,7.087353759945204112e-01,9.478583729975519345e-01,7.645513150728471263e-01,5.097710058928971444e-01,7.826549387219640108e-01,8.719262531983696940e-01,3.128430775934260555e-01,7.375301787619779059e-01,2.140481348961952857e-01,7.215013932925551376e-01,5.546188214432417052e-01,8.538374655329181717e-01,8.967661969420569479e-01,7.789222504705093364e-01,5.549867931855299030e-01,9.440444837951414980e-01,8.502881527582986099e-01,7.034367631874881566e-01,6.034437837142803129e-01,8.657957086195658958e-01
6.646301429427878826e-01,4.369292205023221354e-01,5.172903578104095512e-01,4.205077964199657181e-01,9.483425985520674839e-01,9.530329893922167006e-01,5.939024521778724086e-01,7.947403362294306328e-01,1.403802187393849710e-01,5.407124679358867869e-01,8.366571401702191935e-01,4.437222996650755369e-01,8.749719454598979818e-01,1.006064698805085450e-01,7.173510118583741324e-01,4.145358611227032974e-01,8.189171638330816627e-01,0.000000000000000000e+00,6.234455221946231251e-01,8.567105796988747635e-01,6.969887768992817367e-01,9.299110677385544754e-01,9.134801633470783777e-01,8.942895474046912430e-01,7.986799469819794162e-01,7.239938058891034478e-01,8.745232315161318715e-01,3.593141766647666158e-01,2.302302832309455483e-01,5.046759237029412315e-01,7.084110362465221300e-01,5.466850266851507323e-01,5.348524920239788871e-01,2.602108326666692506e-02,7.360748526702380889e-01,5.620656497210976266e-01,2.266717683627590962e-01,2.803501228631687381e-01,9.761538684496748886e-01,8.161675684135678566e-01,4.656353284232120360e-02,6.498078368248907388e-01,8.770261984312068826e-01,6.304349321792760419e-01,3.706335493727176966e-01,8.128781487944816142e-01,6.450608517978860812e-01,7.572534633773680968e-01,7.525511663410797691e-01,1.154525543841715129e-01,7.414825584211095499e-01,8.078323464500677398e-01,9.506124106565857490e-01,6.874606645895237067e-01,9.725526783345750381e-01,8.663762029492065864e-01,4.832328769457658324e-01,7.649373390998366329e-01,6.557388574946433346e-01,7.668470748723705821e-01,4.015855158422245164e-01,8.948636669874857619e-01,9.854170083702276095e-01,7.570735215210523394e-01,9.526859138809077310e-01,8.127087695842295512e-01,6.340645540624673115e-01,7.753664982560652952e-01,5.024234421671882611e-01,5.675544676176631498e-01,8.696057395247274169e-01,5.102619004115138690e-01,4.874257292057015412e-01,2.828266735962779443e-01,5.516380573769379403e-01,6.981611751284602096e-01,7.938461825567018071e-01,7.917010518160811916e-01,4.163629763901047776e-01,4.379622620545827738e-01,6.009295638718341603e-01,9.122401926628005420e-01,6.637370180047097445e-01,7.833283174467869925e-01,3.609566958519820901e-01
