0.000000000000000000e+00,8.831128366315977862e-01,9.121944637994333638e-01,8.979006805943442471e-01,2.420549053204978096e-01,6.783737682885846443e-01,9.368009582653101797e-01,8.138111173592432745e-01,8.685518141310727414e-01,8.654882694862228165e-01,9.260625564326059322e-01,3.151708592970441369e-01,8.342028340709694012e-01,6.726567283222760762e-01,9.823273188983150384e-01,9.855490171527778731e-01,7.157096646422715924e-01,8.300077506913913217e-01,8.342544914300249470e-01,9.460281087963517965e-01,8.526939435599417694e-01,9.389130749986027702e-01,6.723449010719315666e-01,4.717822279478671721e-01,6.226735317577241080e-01,9.734518427712056665e-01,8.843629381853256310e-01,6.924927051557062674e-01,6.444223360812113555e-01,2.701491965769389214e-01,3.668294240245328908e-01,6.497528955272923179e-01,8.260406030596040283e-01,6.924919691046349524e-01,6.447439662326142074e-01,5.440444885125883534e-02,6.971285368992428955e-02,8.010992743218900980e-01,2.160683743383171873e-01,1.784785416239005329e-01,4.435598433755740810e-01,2.334164192738714949e-01,4.530456210021158170e-01,7.612786445815730163e-01,8.018231950206833325e-01,8.163232966454222472e-01,7.331871069326686419e-01,9.627082782778706438e-01,6.425130010680832893e-01,8.375812129205603140e-01,9.953222028637359609e-01,9.403865556871765508e-01,9.856751962700140979e-01,6.885748670964926266e-01,4.329191943708327051e-01,3.717890372145876698e-01,5.995308699184083157e-01,8.138689697876739793e-01,9.088108417182846344e-01,5.020435072456569392e-01,2.712243055123794155e-01,8.978323825521207224e-01,9.780530131620027712e-01,6.688706011503890991e-01,9.301172619438183853e-01,8.698473680075102799e-01,8.391903076678810525e-01,8.044564902045335808e-01,9.892764916338537828e-01,8.576533609100811528e-01,9.496315928892794522e-01,6.324122052292380225e-01,8.900272247402466474e-01,7.788614552586996531e-01,8.698562917129781802e-01,8.876039695673497709e-01,9.605213231061238144e-01,6.555845760427657654e-01,3.060591097094335078e-01,3.525503635621790588e-01,6.918810505481050033e-01,7.138285063619547177e-01,8.054789259104624399e-01,5.765319942598936542e-01,4.272079202408813892e-01
8.831128366315977862e-01,0.000000000000000000e+00,4.032419169748978627e-01,5.061141695752080505e-01,8.062814393779149658e-01,6.760304038057014520e-01,7.106887552946987707e-01,7.190201193185785655e-01,8.110488299822817826e-01,7.041916734548719914e-01,8.765847612692934110e-01,6.063062673508965439e-01,8.952800976671870803e-01,6.711205029020761437e-01,4.414249411023744574e-01,9.091420263087817144e-01,2.162504972537317993e-01,9.870389399522172535e-01,4.312970152543033064e-01,4.086948192898068322e-01,6.718441374184090931e-01,6.912787882650636151e-01,7.990997046812846616e-01,7.881513244240925253e-01,7.010435486201749278e-01,9.229277978930752191e-01,9.565975759583911220e-01,5.637337070229421210e-01,7.598106505543584799e-01,4.841120493356481091e-01,5.741755529302257077e-01,6.911783410074279210e-01,8.793600891743285075e-01,7.553084641617004991e-01,6.346421477503285669e-01,6.763285118565154352e-01,3.558394969667963981e-01,9.537349295924183457e-01,6.021113466184445651e-01,8.888859755483677905e-01,5.108309505122765604e-01,7.436281714270498444e-01,9.366231162949691935e-01,1.896958821915518123e-01,6.088862911209380613e-01,9.261574542029857859e-01,8.665398412257167005e-01,5.643639078960996924e-01,7.268657217575369422e-01,6.340118455753402937e-01,2.875631921497984744e-01,7.934449579368603178e-01,6.963203543045299870e-01,4.992187909010258329e-01,8.165816080088568185e-01,8.297571144857190939e-01,4.571031072402669815e-01,9.813678455910631593e-01,6.050263156103528051e-01,4.724559832296798545e-01,5.988917039737516879e-01,6.872530612398647376e-01,4.971247488145639215e-01,9.199292851291620554e-01,4.465347634515625108e-01,9.784476135977663303e-01,1.595795443894273691e-01,8.149324383268761185e-01,6.961734951452017706e-01,2.685254603645613192e-01,9.727872687594369960e-01,7.072084435410567194e-01,4.247735197446044220e-01,7.535414354710527896e-01,6.953461658834322323e-01,3.275201348406499013e-01,3.642250673200562172e-01,7.458614491672268532e-01,6.150410253447498310e-02,6.826247955541600021e-01,5.572750058942786966e-01,9.920012975220638962e-01,6.976935324206789968e-01,6.139351974342069918e-01,5.803244815994749173e-01
9.121944637994333638e-01,4.032419169748978627e-01,0.000000000000000000e+00,2.735280095915528786e-01,8.673014700024618273e-01,7.142398098053532873e-01,7.287258273130056141e-01,4.485527567787373493e-01,6.355689714087254805e-01,7.127748278535122051e-01,8.956475141303075205e-01,9.249539466540659394e-01,8.036983425249892843e-01,9.386131952137108936e-01,8.239446188860349851e-01,5.455370068554389329e-01,6.542646352264321896e-01,9.508884538401997100e-01,9.394312152260245741e-01,4.770116113255667978e-01,6.452356185392263965e-01,3.314461388797619312e-01,8.552097088097359023e-01,6.717830190904805487e-01,8.810686569847342442e-01,9.016469289612489835e-01,8.011848177591285314e-01,7.204025556653548268e-01,4.606225736133780502e-01,6.533458422673912303e-01,7.703226417566096940e-01,4.944964320540274905e-01,7.010871814897086107e-01,8.634508192121236325e-01,4.578602977606902602e-01,9.291638357556753804e-04,9.578967501473514279e-01,4.628315802166507176e-01,8.314088249523293728e-01,4.192260163528818140e-01,5.236592332710042763e-01,9.235277779411289467e-01,8.635178446200604263e-01,8.686618138347294016e-01,6.698855974117017276e-01,7.457363686089705235e-01,5.343244844978879415e-01,6.518853641793320719e-01,6.576708194857018297e-01,7.204928550795389741e-01,-3.028910303876442001e-01,6.847147864915754667e-01,9.974083343529318579e-01,9.511709953639945203e-01,9.453602912220335774e-01,6.160597175702275941e-01,9.506944968679243990e-01,7.385350111540986973e-01,8.785497449652681645e-01,6.869330616586661886e-01,6.555994542612656462e-01,8.271651979894640849e-01,8.693398149444125922e-01,6.228921938843426931e-01,5.070640950341078756e-01,8.456859173833506382e-01,1.229947708262086742e-01,9.131127820582368715e-01,8.281699676711118396e-01,8.106481800536703419e-01,8.855742869419368501e-01,9.298750493675662643e-01,4.116531957127370078e-01,7.617476361883472880e-01,8.530606506216313889e-01,4.453127702556609613e-01,6.562501845685155821e-01,9.877716313097327783e-01,4.090038028683025684e-01,7.174331362094557019e-01,9.757318161330070794e-01,8.020398549726828197e-01,8.576532220158719078e-01,9.599511854977252900e-01,8.403491042943327383e-01
8.979006805943442471e-01,5.061141695752080505e-01,2.735280095915528786e-01,0.000000000000000000e+00,7.478633973875895569e-01,9.661879998727211927e-01,4.143055843337369037e-02,9.453263694054094834e-01,9.784546336645620901e-01,7.512473668648907976e-01,9.573983688084972687e-01,5.038391240148618611e-01,9.021016225316644821e-01,8.253765086755132652e-01,4.731368892387222691e-01,8.396230198420713275e-01,7.462451547764943349e-01,7.069737616385683987e-01,6.670560890673982168e-01,7.141804400075488779e-01,7.260903502521632857e-01,6.828836026256115410e-01,6.897091470352088027e-01,4.606887238875654877e-01,6.065310031782847888e-01,5.209766054170539284e-02,4.137817374296903772e-01,4.107138989326348799e-01,3.837530309274990170e-01,7.322217741937827595e-01,3.949207039792227425e-01,8.352349432421937170e-01,7.015228176055643416e-01,5.916669689616047556e-01,9.095285397584050857e-01,6.326713726282874317e-01,5.882146531251403188e-01,5.871239874126290559e-01,3.979110978519930786e-01,9.112570036509988203e-01,7.825679583829026065e-01,8.734693144537492016e-01,8.275528702734270547e-01,7.013397055254225743e-01,9.290892393513537906e-01,8.295701929256367180e-01,5.403497820633417215e-01,9.479087436440262193e-01,5.183337797413396508e-01,8.775854766575194033e-01,9.052119950242710766e-01,8.389820180320508580e-01,7.330698249020888291e-01,2.188141423240982375e-01,5.508973967678879591e-01,7.269660301812148617e-01,7.966226131937486077e-01,8.031646797280002081e-01,7.206805687359602031e-01,8.928149017877690108e-01,6.344752937525437453e-01,4.343607974710415043e-01,7.756492513456235693e-01,6.969902541652255312e-01,6.133164638703606508e-01,8.776010031007599466e-01,6.971462494762827866e-01,7.879520147994275581e-01,6.997363289468711001e-01,9.387499191176182922e-01,6.784205134927937531e-01,6.618341920295096603e-01,4.389526762539239790e-01,4.814110417873755376e-01,6.924461757349498203e-01,6.894958584997294970e-01,9.390522966641133840e-01,6.912213655216044028e-01,3.204405237921029159e-01,2.068782768031560138e-01,7.879300449145135721e-01,9.884834734336980233e-01,6.739179881669621341e-01,5.821758122199385266e-01,7.971459696677543061e-01
2.420549053204978096e-01,8.062814393779149658e-01,8.673014700024618273e-01,7.478633973875895569e-01,0.000000000000000000e+00,9.724353109106812498e-01,5.044961385003339238e-01,9.737856495364382026e-01,3.764328902862683623e-01,9.676308877024046851e-01,6.016571541741030371e-01,9.460871943930246886e-01,5.935629548683636347e-01,7.320137353224855925e-01,2.400783123064004765e-01,9.225487726157799440e-01,9.764352356707468594e-01,9.670660035397884435e-01,7.599946041741879599e-01,7.201317030427411003e-01,8.875965712871318747e-01,7.401181597696705472e-01,7.902865209125280455e-01,8.395877921253782628e-01,9.867825403138505980e-01,7.315095847646645444e-01,9.678734429947007945e-01,4.099483325780755028e-01,6.564977343333965321e-01,6.973495962890579047e-01,2.413205321752019406e-01,6.195521997051787189e-01,7.691776936447982660e-01,8.690079605388211226e-01,6.918769876411141606e-01,4.899998401702409523e-01,3.798781060775623386e-01,4.656157622057982004e-01,7.572436295199618250e-01,2.358326953252716796e-01,4.133664643926326931e-01,7.670086599065661925e-01,9.906115058590223565e-01,6.404674740072853201e-01,6.401816641061831570e-01,7.247132960614395270e-01,6.376049233974486752e-01,6.541468467794246955e-01,8.943700507168153013e-01,2.519208901931575539e-01,9.162722828441544065e-01,6.013333391092406943e-01,3.560425313795539948e-01,5.613113830356549760e-01,6.707701228374519653e-01,4.847276280779885815e-01,7.835935163411240634e-01,8.252461798187332720e-01,8.400392346561855739e-01,7.963755527157512226e-01,6.029433795001601926e-01,9.899327064667347020e-01,9.583754122593417524e-01,9.593179656315857784e-01,4.429680262440942040e-01,2.770732401800151123e-01,6.677456876824061638e-01,7.865054022806812206e-01,2.170935253212760152e-01,8.338829670474856570e-01,4.240179597652156129e-01,7.615048782474167499e-01,4.089101005895599550e-01,6.062250670209659020e-01,5.807037711796417812e-01,9.459546156709068843e-01,5.131742412194028047e-01,8.083358487977903017e-01,2.642262316142603151e-02,1.237833657725735254e-01,2.431635318986859196e-01,8.400369043811595215e-01,6.755770462350139116e-01,4.542621800004584820e-01,6.366151838421112430e-01
6.783737682885846443e-01,6.760304038057014520e-01,7.142398098053532873e-01,9.661879998727211927e-01,9.724353109106812498e-01,0.000000000000000000e+00,5.847143026311327763e-01,4.799402331995833437e-01,7.922314574809328214e-01,3.608468046109760685e-01,6.288414229447618631e-01,8.234357045963883737e-01,7.404794770758837963e-01,6.038580167763472062e-01,7.708810076341945372e-01,8.136654369651130647e-01,2.611279801479361451e-01,5.250980903987758630e-01,9.687998112444244914e-01,5.189418784765480464e-01,7.240998885539375873e-01,4.072027512862468335e-01,5.186483055579402812e-01,6.533258315707497488e-01,5.346862177558597828e-02,7.591326669914035818e-01,8.948805223592248836e-01,4.649504140785453710e-01,6.677839445084778891e-01,3.407522273778800237e-01,3.837851570721024785e-01,3.439154646996327447e-01,9.052716969873548791e-01,8.949531004701564152e-01,2.544563916136940440e-01,7.578912511576147981e-01,4.604595248666604190e-01,8.628687080508150586e-01,7.267171565591086235e-01,5.468876747354712853e-01,4.605124684162406057e-01,5.663349329185973779e-01,8.544313949221348237e-01,4.133909934492530081e-01,8.580213232432533088e-01,6.229067042541273080e-01,9.130897554818728779e-01,9.653752860022621896e-01,6.690605437149534929e-01,8.926921668258008813e-01,6.770934165873813138e-01,4.434178499356700720e-01,4.170545106177360184e-01,6.001212736235855827e-01,8.228402916095376440e-01,6.504045849717507988e-01,7.225937423611059618e-01,8.830878351591632258e-01,9.526965380757037583e-01,3.404683124985808385e-01,6.609344234347345193e-01,6.273992063542489506e-01,8.652757624418045967e-01,2.177269349027687595e-01,8.508434241451985347e-01,5.104902671964302030e-01,6.002649110367738183e-01,9.890720687478430362e-01,3.173525588539558573e-01,7.516147118867442245e-01,6.576279310296013758e-01,6.999328101159810744e-01,7.943617870536283654e-01,8.920337276908942847e-01,6.848922854639049040e-01,2.925359598308759357e-01,7.190071370934443262e-01,7.991564635334811317e-01,4.073405735398794580e-01,5.762429548435261673e-01,7.121218060349523427e-01,9.637427283449830906e-01,6.920359141207000908e-01,6.443370979318213676e-01,6.369061684260415301e-01
9.368009582653101797e-01,7.106887552946987707e-01,7.287258273130056141e-01,4.143055843337369037e-02,5.044961385003339238e-01,5.847143026311327763e-01,0.000000000000000000e+00,7.191434328117216612e-01,6.411638415543037262e-01,6.803863957127067597e-01,6.753299193694772828e-01,6.544505977922672191e-01,7.084329866490765015e-01,2.128648122945558108e-01,4.380804632016528366e-01,6.916931921306130882e-01,8.515257069883699348e-01,8.026489817881158340e-01,1.960119146699310783e-02,8.003692206837356715e-02,6.286491355495369415e-01,7.656464627181059912e-01,4.021874740203364440e-01,9.960257092474705809e-01,5.234655872469853310e-01,3.317205903443318782e-01,5.174478214505646712e-01,9.413641869723272659e-01,9.578801175126256950e-01,5.582824191276734016e-01,5.708944280970438268e-01,7.169042201650436263e-01,4.103079286703516515e-01,-2.224228972805031290e-02,7.954338900569419835e-01,3.857514017893963754e-01,2.792679073122066313e-01,9.403481261419786019e-01,6.246035045021626209e-01,5.333081110371685751e-01,2.861409981831714577e-01,7.460392616797214549e-01,9.442695394277539345e-01,1.730175380337179714e-01,7.122956817815064845e-01,4.117560450119902571e-01,4.145023281367067325e-01,4.478882875565625699e-01,5.012517684846303778e-01,8.352058240858623028e-01,5.130045239166272086e-01,6.938058205952606361e-01,5.777240332671333967e-01,3.735263266909950586e-01,8.148347518465555162e-01,6.199524130754962004e-01,6.426506247359979884e-01,2.952281909504771429e-01,5.764511661052575953e-01,2.662952618390965753e-01,8.259087834850348253e-01,5.570471495435129761e-01,3.858526466877129635e-01,9.210384062497003477e-01,8.803233320461155698e-01,6.140064821756543445e-01,9.159487980468270507e-01,8.477869123385364247e-01,6.264494317441426929e-01,5.738321785870459379e-01,7.438058994832573712e-01,5.332945970531003388e-01,8.121703371106712144e-01,2.244926642333795463e-01,6.935947190902577164e-01,7.878917612052278585e-01,4.621996015379484790e-01,6.794640197388255309e-01,6.986019682288474586e-01,3.087280726716068457e-01,4.878466992829293414e-01,6.303682520959696944e-01,3.357944937964357779e-01,2.830077423848932350e-01,4.817635393537078037e-01
8.138111173592432745e-01,7.190201193185785655e-01,4.485527567787373493e-01,9.453263694054094834e-01,9.737856495364382026e-01,4.799402331995833437e-01,7.191434328117216612e-01,0.000000000000000000e+00,6.171859581742814571e-01,5.496106151076518564e-01,6.476313712566330594e-01,8.085877690365158577e-01,8.001926106848905595e-01,6.250163620032356260e-01,6.537711363040548118e-01,5.151198931919068746e-01,7.054196914948169805e-01,7.946511747988289631e-01,7.544550430489094239e-01,9.181472352913695456e-01,8.973139206949319879e-01,5.091606174259564188e-01,5.355843406124456418e-01,9.794405095110045867e-01,6.152140076964240922e-01,4.514350060664384934e-01,6.026816502785059537e-01,6.080951096413611534e-01,5.801907988873478139e-01,2.795570660876495750e-01,5.784787521516534525e-01,2.751589146106553918e-01,-1.182045628720697489e-01,8.841969658717060421e-01,9.041599195431647695e-01,7.644261499743099098e-01,7.750957175994877685e-03,9.370960567839661248e-01,6.717134507889355177e-01,7.681330879633039288e-01,6.267262986710693262e-01,4.803875319909980401e-01,8.162092323677113681e-01,5.983836408039688859e-01,8.349351817802986853e-01,2.919595550973015374e-01,7.876107103188890735e-01,8.348496761296475555e-01,5.752442019953953878e-01,6.310242848841329799e-01,5.204155235077900787e-01,6.140782212657766026e-01,1.374316528554539729e-01,4.408284698891590248e-01,9.927589377461616404e-01,4.653878021397507836e-01,6.511509311603205230e-01,4.223791025481639649e-01,9.483840446150565429e-01,-1.293645420472883112e-01,3.835337655436305559e-01,4.590568695737547444e-01,5.689625337479271572e-01,8.049278260279785213e-01,5.490738869278820600e-01,7.084018522361421599e-01,7.676516789032186150e-01,8.265620503091817284e-01,3.314513658705734445e-01,4.509013280236477406e-01,7.171022789386387597e-01,6.819437514059305538e-01,2.440954657633380709e-01,3.718088438857297673e-01,6.768111308480830868e-01,8.294034911224695827e-01,4.911426780542143544e-01,4.811639947033748976e-01,6.583756636186619549e-01,5.975960754874409808e-01,5.225159114040265340e-01,9.697799854153202892e-01,7.538333842871947077e-01,2.926195045562811625e-01,2.498303489362732055e-01
8.685518141310727414e-01,8.110488299822817826e-01,6.355689714087254805e-01,9.784546336645620901e-01,3.764328902862683623e-01,7.922314574809328214e-01,6.411638415543037262e-01,6.171859581742814571e-01,0.000000000000000000e+00,5.397618876523621045e-01,8.722575861981782808e-01,6.135580730846619257e-01,8.632563645588131607e-01,4.591739972473262710e-01,3.749555942233610550e-01,2.924315651127656901e-01,7.106645616489735140e-01,9.107729637616849283e-01,4.065604451814663900e-01,5.063119883516550290e-01,2.436729208846210581e-01,8.248617722959474818e-01,7.973007764593208480e-01,9.359282260356432959e-01,4.752047300467133750e-01,7.235963849787341307e-01,7.313952377164043561e-01,6.984248307568448333e-02,5.425328402305511499e-01,3.843337513711341247e-01,4.589306625226830527e-01,7.864582337271199819e-01,6.431939258624366218e-01,9.528341506908601932e-01,7.298781381549528380e-01,7.811177010277499111e-01,3.981580544135656652e-01,6.980450705923368915e-01,6.511181599179628465e-01,6.747230460337573232e-01,3.936997594475620810e-01,5.339845642084883881e-01,8.960655137980124696e-01,8.363473710088494828e-01,6.219479889763276370e-01,9.144359322919172195e-01,4.067806392790986880e-01,8.963592960808259846e-01,2.219017050543755087e-01,4.081307870099596946e-01,7.680520281180832631e-01,5.794593688979647883e-01,7.306434791862854716e-01,5.001722942697107710e-01,5.400119515772104917e-01,9.869383953977849400e-01,6.663892260781126842e-01,5.102047618578392507e-01,7.759521670761152512e-01,6.492822933311142020e-01,4.269504986782149403e-01,2.058855876937198681e-01,4.855186005375664582e-01,8.639786365521279210e-01,8.973670038277636873e-01,5.530464065487948888e-01,6.096215557528679163e-01,5.375593675746052069e-01,7.331188186103875237e-01,2.390160417204761079e-01,7.832824092023233931e-01,8.898336002739540840e-01,4.586629736050977235e-01,2.039898242787249738e-01,7.788924287697214233e-01,9.745530379707330049e-01,7.522293727035127553e-01,6.746672788171023116e-01,5.673777216781663579e-01,9.180282305245449082e-02,5.458132855179642640e-01,7.246760824010564095e-01,6.966270415749465927e-01,9.501670572081828414e-01,2.270558606495186316e-01
8.654882694862228165e-01,7.041916734548719914e-01,7.127748278535122051e-01,7.512473668648907976e-01,9.676308877024046851e-01,3.608468046109760685e-01,6.803863957127067597e-01,5.496106151076518564e-01,5.397618876523621045e-01,0.000000000000000000e+00,9.823626525105892959e-01,6.432380538219057975e-01,8.660954506344920034e-01,8.819274518908806204e-01,5.358366184234870655e-01,6.810565963547505763e-01,9.835195709694106725e-01,1.230424587935642911e-01,4.105275265880446445e-01,6.085479559282332973e-01,8.588422722447887070e-01,8.965289690990332350e-01,4.030374830643594919e-01,9.681514567665394644e-01,5.714901640461664822e-01,8.196034459452262722e-01,9.346567056762900005e-01,8.726210025619756117e-01,4.081719955136507982e-01,6.600613785102952269e-01,3.374456092229062287e-01,6.056704434724241581e-01,8.602196709496079396e-01,3.001061389428905102e-01,-1.732211219747327446e-01,5.646347828242563871e-01,4.806077694700144343e-01,4.367201283187003846e-01,4.155928835565251278e-01,6.435767573919617401e-01,5.101819215846770117e-01,5.790323676607525005e-01,6.584554012030841008e-01,9.293429817223470835e-01,8.513243940318371283e-01,5.074972668887399729e-01,7.037207918452204058e-01,8.295991298558488269e-01,5.230198215331790523e-01,8.336942016040786996e-01,7.772779378350070933e-01,7.855536531321063443e-01,3.356924753314927123e-01,5.784277990329445007e-01,7.101599123929439594e-01,8.681796748112382556e-01,4.167800991652510501e-01,8.672097074916290671e-01,8.947294368875505777e-01,2.235570587375508012e-01,2.412989569720070393e-01,7.452891632970710667e-01,9.280605269968240645e-01,9.870340167705746737e-01,6.933189394563470387e-01,6.564117729599215911e-01,7.677422394298194508e-01,8.602667915103603402e-01,8.278359275418832874e-01,2.303063952259989111e-01,9.971878202080152187e-01,9.542851627809859627e-01,4.534681833077995883e-01,9.518795647665243553e-01,9.448674402285822671e-01,4.330557290911362101e-01,6.190993469796672866e-01,5.737540956583038199e-01,1.349793092735858228e-02,3.173585837651883845e-01,7.773365755106369512e-01,8.781453784357775572e-01,9.015467214678767327e-01,3.882042174496265208e-01,6.644110237364541094e-01
9.260625564326059322e-01,8.765847612692934110e-01,8.956475141303075205e-01,9.573983688084972687e-01,6.016571541741030371e-01,6.288414229447618631e-01,6.753299193694772828e-01,6.476313712566330594e-01,8.722575861981782808e-01,9.823626525105892959e-01,0.000000000000000000e+00,7.584971726703295669e-01,7.977416825498956365e-01,8.577157128086621007e-01,4.181451779860502760e-01,8.985347659009778054e-01,9.131877643789890753e-01,3.266689120084617093e-01,5.897646077426339506e-01,5.678367983204281044e-01,-4.018800028571836713e-02,8.867447330905960934e-01,7.390451656228150812e-01,8.012810818899775978e-01,2.915302693271810131e-01,6.018402318087930913e-01,5.847247843187852734e-01,6.504084101088039027e-01,2.473259244042208538e-01,4.816938320803648699e-01,3.987731021328125847e-01,5.920852082031315966e-01,4.646746617954924385e-01,6.945020333486416897e-01,7.949612022682319701e-01,2.144049283620062529e-01,3.499524009873543062e-01,4.591256828016030411e-01,8.188778950438668769e-01,9.352361881559401180e-01,2.439828948413209353e-01,1.356296600347947912e-01,3.432297651181487330e-01,1.652680097074635812e-01,9.795204106372386033e-01,8.227337540501860058e-01,6.102272053544587349e-01,8.659411926221732836e-01,4.886757977396875008e-01,2.159880304428810072e-01,6.773053459021987077e-01,7.806220196331141725e-01,6.877373508840869398e-01,9.857946570680792275e-02,4.571060731232990393e-01,8.181637321858133971e-01,5.569134698282512952e-01,7.121145869572085285e-01,6.366546071376733007e-01,6.811368988477558561e-01,5.730538609749575851e-01,3.649940776274077647e-01,9.787619522994662757e-01,8.494017955053367874e-01,7.880909730771734623e-01,9.212325041143293314e-01,9.391785043181228865e-01,6.258775022748724881e-01,4.070860612255766675e-01,5.190653689908033552e-01,3.239295344529773413e-01,7.921961723291865987e-01,7.706252770283370523e-01,4.356085357465227514e-01,2.096432668208635941e-01,8.779287309361397673e-01,5.027788699092217151e-01,4.844981875081507683e-01,2.821663605293694976e-01,7.602699235347709639e-01,3.742778561995043773e-01,3.216228828765262948e-01,5.307910018452027812e-01,4.162278010075530776e-01,7.320941101676889939e-01
3.151708592970441369e-01,6.063062673508965439e-01,9.249539466540659394e-01,5.038391240148618611e-01,9.460871943930246886e-01,8.234357045963883737e-01,6.544505977922672191e-01,8.085877690365158577e-01,6.135580730846619257e-01,6.432380538219057975e-01,7.584971726703295669e-01,0.000000000000000000e+00,7.092996778016678050e-01,6.990667560216151655e-01,5.185595178323150201e-01,9.551197579687727979e-01,8.451643136994431149e-01,3.338793723390556245e-01,4.108243929380461235e-01,6.052850166150854916e-01,7.786100018235800890e-01,2.737418942643852215e-01,5.552856901935534495e-01,8.473612638787564322e-01,5.520886006741381191e-01,5.519015691764764808e-01,9.033172324499778583e-01,7.358278346348428034e-01,3.509810525452404795e-01,2.571223744479947948e-01,1.774608904701990286e-01,2.026026353787460307e-02,7.549158747738503594e-01,7.150243832861467030e-01,3.279955448202922508e-01,1.743055706578939823e-01,4.135406450074881335e-02,8.928502146326593447e-01,6.369352314982464902e-01,1.709080937518082099e-01,6.090109665158114360e-01,4.064711192434981024e-01,8.763471519925752906e-01,6.679971403872894120e-01,9.366788129866800983e-01,7.025369668871844775e-01,4.496612198124106397e-01,4.443114751451011091e-01,6.679006074834361595e-01,4.288887495843161646e-01,6.906181472637858976e-01,7.692999770916150171e-01,5.815589568934944609e-01,7.371512912727233857e-01,6.582699245040585234e-01,6.482590918684247860e-01,5.838230177169584367e-01,7.246276397719937368e-01,7.501812688530000717e-01,4.435871164819880641e-01,5.886053775547035460e-01,4.150007484933053714e-01,4.196165137384378352e-01,1.418631718087509930e-01,5.320727561522218263e-01,1.195312884451296166e-02,7.655850342809604747e-01,6.730881552621579278e-01,2.234188337048924888e-01,6.465967700585597555e-01,9.955250478734192221e-01,4.148743147697342426e-01,4.302818283282587863e-01,5.455421426308645350e-01,6.819729750173028071e-01,9.918963345390047204e-01,7.628297668488775995e-01,5.960995813402664156e-01,5.329950031681157663e-01,3.923438439396957911e-01,4.134605256875029666e-01,8.921134479609043044e-01,7.253494776273421429e-01,-5.694845833277242808e-02,5.497777070395699628e-01
8.342028340709694012e-01,8.952800976671870803e-01,8.036983425249892843e-01,9.021016225316644821e-01,5.935629548683636347e-01,7.404794770758837963e-01,7.084329866490765015e-01,8.001926106848905595e-01,8.632563645588131607e-01,8.660954506344920034e-01,7.977416825498956365e-01,7.092996778016678050e-01,0.000000000000000000e+00,7.355340974617772254e-01,8.996122571170263038e-01,7.890877793990667133e-01,9.505760930846336443e-01,8.903635635315245711e-01,6.438281259860475503e-01,7.740553585762877109e-01,4.403972753080094560e-02,8.285549868012510588e-01,6.739650761280967517e-01,7.368604096780076995e-01,7.768223698834657576e-01,6.176038707882510748e-01,6.357632868323066511e-01,5.702565862630226690e-01,3.068850202146508055e-01,1.014247757450588705e-01,7.019925450566802949e-01,4.170159422760073564e-01,8.314111535148963616e-01,8.833150111554177730e-02,4.394152070899447482e-01,3.929028458099987908e-01,4.897325149145703715e-01,6.907089300939484033e-01,6.434202558655472970e-01,8.157288356820090458e-01,5.181279358042152339e-01,4.657361161793468485e-01,9.231385366084468025e-01,3.721135027719967847e-01,9.764318285252645557e-01,7.708792099382162366e-01,9.651430516100453216e-01,6.975922115246070421e-01,7.904240380990650294e-01,8.417620953607889422e-01,9.562967442369472160e-01,8.888105832468076173e-01,9.962299536062181327e-01,8.340449931132279948e-01,-2.797747579876493917e-01,7.879389297831860262e-01,8.448274234191832655e-01,9.286637330461684492e-01,6.340228578663226200e-01,7.637161089193654773e-01,4.225544567404281859e-01,7.061665384376011323e-01,6.457663735144626438e-01,9.046051106296659761e-01,8.441195541812629433e-01,8.392405842498938950e-01,8.127563563712917327e-01,4.872193648002705046e-01,6.621339356859805569e-01,7.337365760373785184e-01,9.055301611982353727e-01,8.960786225558499130e-01,5.771479624388990981e-01,7.967911658260178331e-01,8.275604862404715156e-01,9.707614304528283666e-01,9.249291711843140584e-01,9.171073672685937650e-01,4.240981988623659937e-01,1.792018923616462700e-01,9.224426379224167638e-01,9.167902369966322018e-01,9.421957583071629561e-01,6.891085848234967948e-01,7.341014905247955635e-01
6.726567283222760762e-01,6.711205029020761437e-01,9.386131952137108936e-01,8.253765086755132652e-01,7.320137353224855925e-01,6.038580167763472062e-01,2.128648122945558108e-01,6.250163620032356260e-01,4.591739972473262710e-01,8.819274518908806204e-01,8.577157128086621007e-01,6.990667560216151655e-01,7.355340974617772254e-01,0.000000000000000000e+00,9.511163884324256301e-01,8.021912295797468673e-01,8.144900550593419108e-01,8.654285893263247154e-01,3.764388511960203854e-01,5.018670683567318935e-01,8.581689000561367742e-01,5.219548056330554076e-01,7.102685684177945102e-01,9.859768794678334114e-01,2.071811302342232985e-01,4.064094427728210390e-01,7.723759556396511128e-01,6.876271192567783297e-01,9.032951942741425100e-01,5.146829242503967450e-01,5.882452795945301016e-01,4.693336557279692012e-01,8.186181686573541505e-01,8.475219037361461094e-01,7.382297804528114016e-01,4.943008009752836718e-01,3.117654684644224905e-01,5.466446498302144352e-01,6.432947945658578082e-01,6.077042751866433834e-01,6.409722055076461089e-01,8.928468652244857529e-01,7.879423625156137811e-01,4.846661116761406124e-02,8.037942556525461413e-01,4.344446154981894681e-01,7.755282506323252223e-01,6.469581068386194289e-01,9.613236942312406441e-01,9.542787306764166644e-02,7.631601078111445169e-01,7.357886469065624269e-01,7.079792820681128918e-01,9.236518122942861675e-01,9.156747599487585765e-01,9.877700626465476530e-01,3.835654539223865012e-01,6.930653456918599575e-01,9.135713861507486211e-01,7.307250874036937960e-01,3.463796168735997494e-01,5.282213115618958899e-01,6.587422716960599223e-01,7.441458783427676860e-01,7.573329442114353771e-01,5.764234557870714371e-01,6.843542110920731725e-01,9.171545550669780722e-01,3.294667413341281215e-01,9.365554850558714950e-01,9.840775845139352329e-01,6.227500121368170216e-01,4.955104444417894327e-01,2.646690127583397056e-01,3.411964959548816623e-01,8.979026401716495576e-01,9.057637993446086000e-01,8.794846092430453899e-01,5.270021815714232005e-01,2.065474004629074822e-01,2.283459505507644260e-01,7.085981481848953045e-01,8.094551592153078623e-01,6.217921416303131554e-01,8.806981446795465462e-01
9.823273188983150384e-01,4.414249411023744574e-01,8.239446188860349851e-01,4.731368892387222691e-01,2.400783123064004765e-01,7.708810076341945372e-01,4.380804632016528366e-01,6.537711363040548118e-01,3.749555942233610550e-01,5.358366184234870655e-01,4.181451779860502760e-01,5.185595178323150201e-01,8.996122571170263038e-01,9.511163884324256301e-01,0.000000000000000000e+00,5.192131890285747176e-01,9.122948334398739423e-01,7.974029084308046356e-01,6.782906860470199195e-01,5.108757921710815886e-01,9.350568355892298067e-01,7.693721145232426117e-01,5.684626182985936804e-01,6.247693289535843908e-01,6.891946341833798950e-01,3.123934691549768994e-01,9.160792131439944308e-01,4.207531151265092029e-01,7.172765791979680561e-01,4.478002296047121078e-01,5.255448737443384477e-01,6.190218624715900786e-01,6.749699217773084126e-01,7.562078422623789153e-01,6.557000899002838334e-01,3.680994575061414253e-01,6.443560237530143731e-01,6.235322992898429950e-01,7.165207477501537303e-01,9.609076885146712321e-01,5.140111178630145661e-01,5.881583937488422675e-01,9.842178851772320769e-01,9.022944878710278394e-01,9.966111674850751667e-01,8.070396340200448604e-01,6.483921104388089551e-01,7.003528251540278582e-01,8.249194214537676206e-01,6.144385239947350863e-01,9.963998481560226717e-01,5.923610306812963078e-01,6.723372941304464057e-01,3.325567928036388121e-01,8.837141817090281570e-01,7.584380010602536082e-01,5.094391470316961788e-03,9.565992892107959555e-01,6.151246583815088709e-01,7.114146921384867372e-01,1.539578651879156546e-01,8.462326241393435255e-01,4.263967913135078835e-01,4.237225955451936477e-01,5.324179993591764415e-01,5.761490989631427029e-01,7.312161633076494915e-01,8.155480833564658916e-01,9.963269937296650447e-01,2.737282478667783514e-01,7.435759386972504714e-01,6.242640679280878624e-01,2.639674416164763948e-01,3.009147192818687477e-01,8.165941113361799841e-01,6.584313533922823147e-01,5.964470535418695540e-01,4.952207076041383327e-01,4.702215282622957959e-01,5.859739176864925403e-01,6.978694822241064966e-01,7.388026989877134465e-01,6.057710663886162195e-01,5.361607215407108162e-01,5.241739227222121933e-01
9.855490171527778731e-01,9.091420263087817144e-01,5.455370068554389329e-01,8.396230198420713275e-01,9.225487726157799440e-01,8.136654369651130647e-01,6.916931921306130882e-01,5.151198931919068746e-01,2.924315651127656901e-01,6.810565963547505763e-01,8.985347659009778054e-01,9.551197579687727979e-01,7.890877793990667133e-01,8.021912295797468673e-01,5.192131890285747176e-01,0.000000000000000000e+00,8.206951509505790998e-01,8.971652187302977532e-01,9.937994504615546010e-01,6.328640867348600541e-01,8.490802863101728493e-01,7.446483764195658273e-01,7.249445934275215997e-01,7.588426491016017073e-01,1.284763910289314637e-01,1.766496635950626781e-01,7.667483547765052698e-01,8.024274696728367351e-01,2.223665465488992576e-01,5.902133696635618598e-01,7.478997413451878851e-01,5.535578273179950770e-01,9.382740171971514220e-01,7.090627372443067955e-01,6.846960400535508917e-01,2.868522430443621318e-01,7.276145292860844993e-01,9.276014790994731030e-01,8.058834131134773315e-01,8.103832783977948928e-01,7.710101775875076724e-01,4.428002454197076387e-01,9.737731551388153495e-01,8.309597233850379849e-01,7.939687901291176964e-01,9.005234162257441666e-01,9.389690654034594797e-01,2.652875957006062269e-01,9.950738547362738551e-01,4.684574068485838905e-01,4.754534482207319890e-01,2.082674742392152945e-01,5.966392522078195482e-01,8.286084487318113867e-01,7.479420937879065479e-01,3.009472820665243242e-01,8.431140918101426296e-01,1.355122719221241445e-01,5.615346523602032791e-01,2.965278231469100079e-01,4.963660619822425901e-01,5.277228666848065020e-01,5.949082115998391984e-01,8.656080462031102707e-01,9.253742613947238960e-01,8.940662152519098793e-01,6.098028507477313287e-01,8.594013549678135577e-01,6.357347645353895738e-01,9.659806405314490529e-01,8.608573596358265467e-01,7.522185037383120054e-01,7.562644365273780700e-01,4.365577280761356316e-01,6.002249693281714871e-01,6.692758008419114057e-01,7.464418691523325711e-01,5.130067237858725315e-01,-1.666739403873264691e-01,4.899558881723317105e-01,6.179716034373989864e-01,5.250209975865625101e-01,7.515459048553924104e-01,7.597669091300174316e-01,6.038111929852197912e-01
7.157096646422715924e-01,2.162504972537317993e-01,6.542646352264321896e-01,7.462451547764943349e-01,9.764352356707468594e-01,2.611279801479361451e-01,8.515257069883699348e-01,7.054196914948169805e-01,7.106645616489735140e-01,9.835195709694106725e-01,9.131877643789890753e-01,8.451643136994431149e-01,9.505760930846336443e-01,8.144900550593419108e-01,9.122948334398739423e-01,8.206951509505790998e-01,0.000000000000000000e+00,9.455810837585512107e-01,8.720583237936669896e-01,2.144620497376091839e-01,7.149356751634750040e-01,8.658559240896042120e-01,5.750609343642552052e-01,7.400946152897164287e-01,8.523347244089298780e-01,6.767090912186077833e-01,9.646337525584134376e-01,6.051470817699265980e-01,7.357758492836198316e-01,7.178555904112253749e-01,4.407036236199036172e-01,2.635172087614729985e-01,6.806717084472327928e-01,9.564836591826714196e-01,6.534898169476206498e-01,3.457203705054683884e-01,2.933486204704501832e-01,9.007563567677298044e-01,8.091248345978556689e-01,4.315750943411854612e-01,3.197239471226912544e-01,7.083043291315428425e-01,4.827337766195038959e-01,5.089379786840979580e-01,9.457484440617834887e-01,7.382630509966073840e-01,7.138218801255367119e-01,4.277461656072871765e-01,8.106483879570729467e-01,8.180843221886369143e-01,7.495333628364428957e-01,9.841539686679152688e-01,6.935087057261447585e-01,7.805077317111551727e-01,8.839610466480577466e-01,7.419775741250790313e-01,9.640649141082406892e-01,9.655888641972797393e-01,9.009003008350500163e-01,7.078200206100815350e-01,5.461641913277706095e-01,9.766114537938970219e-01,6.154627223127187019e-01,8.777477473146956255e-01,6.544889085088583247e-01,7.327334560086540272e-01,5.762862819230871736e-01,5.920368510153032338e-01,1.305768411076640434e-01,8.242989551246595603e-01,7.597875418670027026e-01,9.970062348713868428e-01,7.784182487418790375e-01,5.156294622379410386e-01,6.273446556550598130e-01,7.734406417060053496e-01,7.623814059629050455e-01,9.786211731002011360e-01,6.808854806698865225e-01,3.059416168428013005e-01,8.202772549325468843e-01,8.536501539072309797e-01,7.497517287543989939e-01,4.133696583822022430e-01,6.672545941761767185e-01
8.300077506913913217e-01,9.870389399522172535e-01,9.508884538401997100e-01,7.069737616385683987e-01,9.670660035397884435e-01,5.250980903987758630e-01,8.026489817881158340e-01,7.946511747988289631e-01,9.107729637616849283e-01,1.230424587935642911e-01,3.266689120084617093e-01,3.338793723390556245e-01,8.903635635315245711e-01,8.654285893263247154e-01,7.974029084308046356e-01,8.971652187302977532e-01,9.455810837585512107e-01,0.000000000000000000e+00,5.621175652298009418e-01,8.806727078953642263e-01,4.166865698532855600e-01,4.122263042885880302e-01,6.404520121036632041e-01,8.541759732114883041e-01,7.228673030180393644e-01,7.062945792748230867e-01,4.539953393005743409e-01,5.965768839603965423e-01,8.139874845560441941e-01,3.865932933231908120e-01,3.150904663075069223e-01,4.141723525684641305e-01,9.713950129662091149e-01,7.781021064426967282e-01,1.302988972910301135e-01,2.419767165023505306e-01,3.006011099080742044e-01,5.192210727536610282e-01,8.786288170723332014e-01,8.913116949813850720e-01,1.817741680924618575e-01,5.075563095060799945e-01,8.246903416106328155e-01,9.236360301745742962e-01,9.470259516209222905e-01,8.141053788077377007e-01,9.235510595011151569e-01,2.852795153634698488e-01,9.742629278905579060e-01,6.464627418301984729e-01,6.060620821002141723e-01,7.345489375275752186e-01,7.970318214624871889e-01,5.105260903849637710e-01,6.251173471488616906e-01,9.258711429718464725e-01,6.754668600442115256e-01,7.026290182381944582e-01,9.171772017695358770e-01,4.562520813880895920e-01,4.186829278655018749e-01,9.207894559285936253e-01,5.345224937836426937e-01,5.494021910812467713e-01,9.256297721428219383e-01,6.974852725402023168e-01,7.085283157815566168e-01,6.104818445420571171e-01,6.998300397524629402e-01,7.844217762920817627e-01,7.650327433130246213e-01,8.489404174837273942e-01,5.396001870864752803e-01,8.189638690078026029e-01,4.088194645914660086e-01,8.855476668646443672e-01,5.754216297047697326e-01,6.789440200504126555e-01,7.426741915372984115e-01,4.147464628163335942e-01,7.534303197789455897e-01,6.139092265681127536e-01,9.340528067417417368e-01,7.828297374662195329e-01,3.249585123513143436e-01
