0.000000000000000000e+00,8.461682877699845395e-01,8.183113850534932121e-01,6.124596375432811435e-01,9.419527841341172048e-01,9.441420457370978125e-01,9.056831494691450768e-01,8.254288462967938056e-01,8.922371298451660104e-01,9.354628620659503069e-01,6.520853113042757165e-01,6.882975183952603215e-01,5.997624195101887157e-01,9.768386238420659895e-01,7.660284839047930561e-01,8.286385955897673794e-01,8.496790651259787941e-01,5.826650252817040521e-01,3.939824774204616631e-01,4.567125652756290899e-01,6.821552789541595052e-01,7.348425535680260801e-01,9.733540820142714267e-01,2.014983822471246855e-01,7.943154033550878790e-01,7.805660526348594530e-01,6.904863534340850428e-01,9.377190333457348093e-01,5.838487165871685258e-01,5.916558903709200345e-01,5.408510628740692550e-01,5.641005329598034468e-01,4.012858345041934172e-01,9.738254313602416889e-01,9.339149281534603331e-01,2.538578851391804503e-01,9.249968084523403633e-02,9.630451867925221565e-02,5.686751227091408900e-01,8.583831317447687681e-01,5.658043049598839858e-01,3.390351345503173075e-01,9.000846886681307391e-01,9.843272500100150868e-01,9.044643364995466062e-01,9.756612378689248910e-01,8.984482733148309030e-01,6.814849566090396271e-01,8.740066400947124059e-01,4.023192621910843814e-01,7.947500962197577845e-01,8.865329937952628470e-01,8.478124802374188418e-01,9.314888447720200970e-01,8.159366958477413112e-01,5.551644134619077020e-01,6.056313069053878007e-01,8.022996904195048851e-01,7.803214660365299649e-01,5.100468660701762413e-01,2.471870896765877013e-01,8.802276634684472190e-02,6.149062127202349348e-01,6.505706687119655607e-01,6.663013984586990679e-01,5.961883680513300199e-01,6.561486827944129629e-01,7.638058771973030847e-01,5.243130808328895220e-01,9.761459185156373675e-01,5.433838954881188288e-01,8.409094630954090377e-01,8.844586372684986042e-01,4.821689070481826045e-01,4.632786205330115537e-01,7.945190792753284992e-01,8.974633017875864871e-01,9.921817123440876962e-01,7.310104239024938222e-01,4.965286394213693777e-01,6.944132076974410817e-01,9.979944187329801153e-01,7.251563068259332390e-01,8.793249595228183058e-01,4.364995130490717523e-01
8.461682877699845395e-01,0.000000000000000000e+00,6.083591358994024922e-01,-6.109533619181001241e-02,7.686777343291993914e-01,9.359912238331673517e-01,2.021734900394204226e-01,7.756655167517815253e-01,4.262308320955852103e-01,9.432947107959863686e-01,9.104615061436929224e-01,9.836340366135718494e-01,9.267915093742357113e-01,6.556698913581067156e-01,6.928262250059458172e-01,6.330556645995467635e-01,6.995585926823161271e-01,9.011476773847461041e-01,6.560375219772217603e-01,7.125922892368772299e-01,8.206485384354261781e-01,2.306254695460579207e-01,5.496991452308811477e-01,8.935233071196908572e-01,7.030383033719893593e-01,9.128392346386681178e-01,5.087784291207261278e-01,6.118339439956634873e-01,3.605864433977749584e-01,5.597253192663517174e-01,8.122948825435737374e-01,8.276403427282607028e-01,4.370008563441321603e-01,9.339847287687821353e-01,7.834319266894401723e-01,6.354378160662899067e-01,5.216403131950700933e-01,5.084510879435857333e-01,8.074950164311276435e-01,6.321560637131593552e-01,5.747479073888669410e-01,6.959640565277178670e-01,7.850343502034303755e-01,6.251402031067757603e-01,1.601925860601571914e-03,8.887947199452912450e-01,5.562810821882019363e-01,8.321562970660942860e-01,7.678476290270973559e-01,4.995448032328677623e-01,4.810619513419756577e-01,7.300137869680728420e-01,6.541789123479631041e-01,7.682385346833031647e-01,8.070334821914875167e-01,8.458131510307763667e-01,1.316280759486914975e-01,4.897529310019791415e-01,7.993386341227342040e-01,4.521460372399142558e-01,2.625965658854677587e-01,7.496338420930971358e-01,3.481324895230049066e-01,7.664888780557969072e-01,6.540309125851022642e-01,6.263239594099035967e-01,7.764646147829353806e-01,9.066237012021571839e-01,8.130300252027550245e-01,8.549001458617063731e-01,6.237506460726386370e-01,6.536904807007823948e-01,6.208942810351587571e-01,4.785723597416489117e-01,6.386168236714273583e-01,8.307085521595800603e-01,2.879568122560481336e-01,7.606771092644509791e-01,3.898000865580789620e-01,2.202144385164664653e-01,-9.528473032782899810e-02,7.950816009439360954e-01,9.151935043572069217e-01,3.018810327112418368e-01,9.121926596054398262e-01
8.183113850534932121e-01,6.083591358994024922e-01,0.000000000000000000e+00,8.481874409782120816e-01,8.219368610152975041e-01,8.355052620110090533e-01,8.786907415954212652e-01,8.452558473073499279e-01,8.821743621364092069e-01,8.400628314118349094e-01,9.745236356020223756e-01,8.965383201864700613e-01,6.314522315126744889e-01,5.007176612016563944e-01,9.608251296638303796e-01,9.636607882719425699e-01,9.700869633389539448e-01,4.750823928637851190e-01,7.929937551211034830e-01,8.504858044873675471e-01,7.470780139592910762e-01,9.251624050857789605e-01,6.292239645597788034e-01,8.317017874908391173e-01,4.872492246267596805e-01,9.948381913756769723e-01,9.849017773402292120e-01,4.003074902620554210e-01,4.528957703729700746e-01,7.018047748278306575e-01,5.155399867380264789e-01,8.067489674302644742e-01,7.127693321323020914e-01,8.516071552847037651e-01,9.049171604993911933e-01,4.305004084816869692e-01,3.743864903915253839e-01,7.604736265377370907e-01,5.130493105969694545e-01,8.065584879977851784e-01,2.708659219026912091e-01,7.560197442710070437e-01,8.817887645818481834e-01,8.619981902196843793e-01,8.370722189245325406e-01,4.662356633921816429e-01,9.959309718302078451e-01,3.877149381013148544e-01,6.254969498459319599e-01,9.162542584002958401e-01,8.903056075074892162e-01,5.493660297669467063e-01,4.008540453447274055e-01,8.676156870824481837e-01,2.560372304008460276e-01,8.949968009103040911e-01,7.607246185770810687e-01,7.040500493653356617e-01,8.467507820509807548e-01,5.246350853936209147e-01,4.560638033741004627e-01,5.900099353079292230e-01,3.888878507855594302e-01,9.229251074292906809e-01,8.060893806197622080e-01,9.446142306386311471e-01,8.535361494505334656e-01,8.216051742787835455e-01,3.424933021829493773e-01,7.378307482801866879e-01,9.903398562733839450e-01,9.122772818944291373e-01,3.916653706023806025e-01,7.107602683532596721e-01,8.825696044081257075e-01,6.893934867851340131e-01,9.249295114534175077e-01,6.950045961849707910e-01,6.827231892573273342e-01,8.142789586297372734e-03,4.096811272545930471e-01,8.347042659692623934e-01,6.672322608654993603e-01,9.686355447856038747e-01,9.267768801463123207e-01
6.124596375432811435e-01,-6.109533619181001241e-02,8.481874409782120816e-01,0.000000000000000000e+00,1.442273414903911255e-01,7.470939658568451769e-01,5.623004283830623784e-01,6.604987245686810837e-01,6.884200427198429173e-01,6.551396524945054534e-01,7.744963170300294131e-01,9.469262076295841268e-01,9.198809490226805829e-01,8.349623451381424921e-01,7.040426319797622456e-01,9.720632498880013017e-01,9.155794551964832051e-01,8.168581737000121246e-01,7.322134052147565020e-02,7.854165540566316883e-01,8.967958846223985647e-01,5.565884221006859311e-01,4.612122117247332564e-01,6.768666679079161641e-01,5.179353590955351194e-01,5.446637031341852175e-01,4.738306702372594992e-01,5.138890152244813825e-01,7.321678194935636874e-01,6.584991498203891513e-01,3.415710501120267084e-01,6.259759878514146170e-01,7.155935413225693598e-01,6.681530983501231535e-01,9.865556358822866745e-01,4.310867547973635805e-01,3.624884805730452797e-01,3.179355891907378329e-01,9.820681541042937113e-01,9.947522248205484807e-01,2.329487579144631781e-01,6.608627942576174030e-01,7.972889947361745389e-01,8.888922769665940082e-01,9.188592005778267735e-01,8.555837342869639928e-01,5.818664198646114061e-01,7.178153862317582234e-01,6.959495803004763781e-01,4.055879363740237387e-01,7.884513921796909575e-01,8.258229808914298031e-01,6.596295828325767774e-01,9.406140005517219516e-01,9.361903020329677139e-01,8.950047666391196532e-01,7.004604157225654548e-01,9.565744055525873257e-01,7.575293418414188462e-01,5.995322879121123272e-01,5.334732566789582853e-01,5.455766338177222563e-01,8.980890111638266671e-01,6.492531808320785025e-01,7.623776052886018784e-01,8.750107519710950132e-01,7.588975864545824956e-01,7.066965633784266787e-01,7.883967342404245571e-01,6.047244274350982440e-01,9.348064544393672737e-01,6.926930661783600174e-01,2.558017114395844671e-01,4.331716625786118935e-01,5.126530813830221245e-01,5.458890817554161723e-01,4.168744466109615687e-01,4.748211825711605716e-01,3.185615823885160625e-01,6.286289004608552888e-01,6.063982616494194566e-01,7.750943321952908915e-01,8.795151366047244679e-01,6.381139159742597045e-01,8.811422211935145965e-01
9.419527841341172048e-01,7.686777343291993914e-01,8.219368610152975041e-01,1.442273414903911255e-01,0.000000000000000000e+00,7.609695868109535022e-01,6.338543565429052284e-01,2.586292288216782698e-01,5.449431691037015524e-01,9.907014222866603603e-01,5.411288926661700360e-01,9.828536478800338205e-01,4.504848137306587952e-01,8.865589272672675936e-01,5.792420221451158868e-01,7.967461662844114167e-01,7.257110485856893556e-01,8.998239800927965160e-01,8.750616187222270970e-01,5.217500037299438453e-01,8.277315163337233273e-01,4.433429069955969748e-01,8.849033758636253300e-01,7.354450107631064215e-01,1.713589283572869992e-01,6.940122621463540309e-01,3.497422821090434564e-01,7.657246104043152757e-01,7.304548422054524259e-01,2.164174419801200844e-01,2.281945305107994926e-01,5.354164743601147469e-01,7.785123842539860561e-01,7.228771207767232809e-01,5.027663349065026877e-01,5.815540431634147467e-01,3.267831496894579857e-01,5.975301589881640840e-01,9.006443835720596702e-01,5.333709496393743699e-01,7.946276118299008262e-01,7.823115193633255471e-01,9.499594363619520143e-01,6.008826605493805539e-01,8.585681791976095267e-01,9.094982327847255243e-01,7.926334750093140258e-01,2.029285973459847847e-01,6.091865323997371906e-01,4.572080896744183387e-01,6.260127310339209661e-01,6.628373830038156722e-01,4.364080616123454659e-01,8.708627488408737793e-01,6.770626165987934098e-01,5.917262958854898613e-01,7.857022466332312938e-01,2.030484386381153916e-01,7.679404003847765114e-01,7.519839725908115113e-01,2.870473908008936981e-01,7.685097801780216287e-01,4.623688582040332284e-01,6.226861625892473606e-01,3.680882025565946902e-01,8.673563370317779464e-01,7.539148964758503046e-01,8.141019180309079228e-01,1.255043800619192185e-01,8.090575137827872299e-01,7.865420035279666600e-01,3.735773729505107582e-02,4.136030829846529255e-01,4.398470515620569454e-01,9.590329462669057170e-01,7.324011538931364251e-01,4.358985155356651653e-01,1.735500797541636997e-01,3.098775909503596049e-01,6.671517787072909211e-01,6.121749615167064729e-01,5.280894762170876833e-01,7.803444215268583450e-01,6.094708080387055693e-01,4.230578805290478028e-01
9.441420457370978125e-01,9.359912238331673517e-01,8.355052620110090533e-01,7.470939658568451769e-01,7.609695868109535022e-01,0.000000000000000000e+00,6.102794402882891767e-01,4.633296129932257257e-01,8.412786819330897448e-01,5.514898423384769766e-01,7.943835299794756999e-01,7.912918629211367350e-01,9.962238944028509735e-01,8.174158262783759454e-01,6.762668774026348029e-01,6.777184919559398057e-01,4.769048399682996875e-01,6.398919750731901779e-01,8.405676444819418780e-01,7.527838802321482614e-01,9.965581616471692605e-01,7.057722530726736609e-01,4.734372068079746310e-01,6.397128523127237898e-01,5.418837644127892927e-01,8.848630820589172830e-01,8.018610977408511253e-01,6.102072588750482307e-01,3.584488621184703794e-01,4.718733969516253901e-01,3.671669963559558436e-01,9.672404203128932565e-01,8.424941235199099321e-01,9.730856694113526606e-01,5.074673005766349165e-01,1.947796161375545815e-02,3.834544049014637634e-01,3.051179257893001373e-01,5.965736094175635440e-01,8.838258532133805856e-01,-7.699422668380570545e-02,6.635161223711393275e-01,7.822182655035693211e-01,7.812340072539039060e-01,8.953470052257337386e-01,5.056295643702766185e-01,5.441615128361609877e-01,8.463655843192293693e-01,1.676753408209396001e-01,7.843588206072422686e-01,7.301514031728345566e-01,7.041166547077203353e-01,7.371159239998855695e-01,8.091366156498243090e-01,6.541286633541468776e-01,2.722434826024153764e-01,9.213554504733710848e-01,9.405151481845575034e-01,9.287935377734838349e-01,2.034031619988996564e-01,3.896909134776559425e-01,5.156875800323107439e-01,7.179149354106615366e-01,9.358923580428739619e-01,8.300718267011183427e-01,4.716920529473089263e-01,6.867373046297134964e-01,6.837576174647108651e-01,7.443758903708821428e-01,7.357190586642283758e-01,7.803097377428972470e-01,6.510793479044302279e-01,6.157297711946927432e-01,5.458587566932024959e-01,6.389325699789988322e-01,4.008856878814990310e-01,9.219556165633906453e-01,4.980060153113702870e-01,6.319935437814483414e-01,7.781316870451224776e-01,4.171919989371473264e-02,9.050812527156995024e-01,7.723099372659415485e-01,2.220087552790980523e-01,3.977295352166079212e-01
9.056831494691450768e-01,2.021734900394204226e-01,8.786907415954212652e-01,5.623004283830623784e-01,6.338543565429052284e-01,6.102794402882891767e-01,0.000000000000000000e+00,4.678135075320210001e-01,6.596215402437667352e-01,1.610102241713082249e-01,4.687219136575248579e-01,-2.588095251488744530e-01,6.124415118304686878e-01,6.167061792148521571e-01,6.841883613541807074e-01,4.273477841293387147e-01,6.458855797990814551e-01,7.930944856520493191e-01,7.414943624050025495e-01,5.774583898788664404e-01,8.454733628052163441e-01,3.388735208875774951e-01,7.486027399007642025e-01,9.685252221473887868e-01,5.788013372136618928e-01,2.413839346262174890e-01,7.576985963402330659e-01,6.243555502492684761e-01,7.483088208132979702e-01,4.501418285502388206e-01,6.633764355722607808e-01,7.563938498869651195e-01,6.715171877436157954e-01,6.083230620685906587e-01,7.118720469613257773e-01,3.151464644198901377e-01,2.326387145190854100e-01,5.542008293618524428e-01,9.953403254793050658e-01,5.520623418519007286e-01,1.103273088439626487e-01,8.543274165706848944e-01,8.853809164183494840e-01,5.718723058725818653e-01,9.884558124710058902e-01,4.187593099043187550e-01,9.349184393063332266e-01,2.922923674974553521e-01,7.444724165051792575e-01,6.081541018812162136e-01,5.637506725218205395e-01,5.584851926058340688e-01,5.176966042872938045e-01,4.352275706749748618e-01,6.384383824395344353e-01,4.698045911259099983e-01,2.459817325158459578e-01,1.799106342654697710e-01,8.310602861718061618e-01,3.665525042574030445e-01,5.671668714879923856e-01,6.097919848548961630e-01,4.750043058401788865e-01,7.284022216700801744e-01,9.865972737897126255e-01,8.687859368308608055e-01,5.414676389601453810e-01,6.752747049888452313e-01,4.583244767987916246e-01,8.728331171736867233e-01,7.064107878653538286e-01,6.519495032812256952e-01,7.176970220664335987e-01,7.400152404975113458e-03,2.101855189983118377e-01,2.748947465931818601e-01,6.288264883027967489e-01,7.351223624554272806e-01,4.491661213280471743e-01,5.770214508068066683e-01,6.155186264049498091e-01,5.122207188865873784e-01,2.805042783458048805e-01,5.860789746443952897e-01,7.038847020312335445e-01
8.254288462967938056e-01,7.756655167517815253e-01,8.452558473073499279e-01,6.604987245686810837e-01,2.586292288216782698e-01,4.633296129932257257e-01,4.678135075320210001e-01,0.000000000000000000e+00,2.491634881602972640e-01,4.423578268697148652e-01,8.035569678072915778e-01,3.112659197964479096e-01,6.366383423953396736e-01,8.943435431372332989e-01,7.952694589180921980e-01,7.359087697596494726e-01,4.603004359785234367e-01,6.589655984884769113e-01,1.428487321794327247e-01,4.441899966165248070e-01,4.581147184207912670e-01,5.910755525621217421e-01,7.974454893833361480e-01,2.507473818205835370e-01,8.048104791262851165e-01,9.945892573885748433e-01,7.016708634812204304e-01,4.265307591903143569e-01,5.286879097038627018e-01,4.309072954252852194e-01,6.699095369063303718e-01,5.754035687529172050e-01,5.668648165697647290e-01,8.449738768413188605e-01,7.654352618142071796e-01,5.783866026744267641e-01,2.031109810258278914e-01,6.200020165028179431e-01,8.662445437616276278e-01,4.261214835084730090e-01,5.076894660404732695e-01,9.133777803347857827e-01,7.472142022080943136e-01,9.793481138247108753e-01,9.038226404002122072e-01,7.768939674609597335e-01,4.876795813719350114e-01,7.493684551144803585e-01,7.921744427553831791e-01,2.609692465561962438e-01,7.652100701914340553e-01,5.053612110211967989e-01,8.097363350789590353e-01,7.254505365441223930e-01,3.051036587235431696e-01,7.873800393573924250e-01,5.104099864517323004e-01,5.373823089506020168e-01,7.814277097423407703e-01,3.967910975719773359e-01,6.691001706843660024e-01,7.922220886159266895e-01,6.491018823858518694e-01,4.654047895162276016e-01,8.019341124709263857e-01,6.983039244224690245e-01,7.760900908639296603e-01,8.641223401106374880e-01,4.029677495664032993e-01,4.825543021996013815e-01,3.481124948756517679e-01,6.837328430623262898e-01,3.976713497870387748e-01,7.905763377233826494e-01,3.926924731396257418e-01,7.885825592695610009e-01,8.636126538402699726e-01,6.547174431319622290e-01,2.675985921573219017e-01,6.433821195502029688e-01,3.534797753577631485e-01,8.677350018147603761e-01,7.094555696042049719e-01,7.830805646643003159e-01,6.731760106127645527e-01
8.922371298451660104e-01,4.262308320955852103e-01,8.821743621364092069e-01,6.884200427198429173e-01,5.449431691037015524e-01,8.412786819330897448e-01,6.596215402437667352e-01,2.491634881602972640e-01,0.000000000000000000e+00,7.411797286558565734e-01,7.978163678029528416e-01,9.097654335322656882e-01,6.388084200415053981e-01,2.183892327974855108e-01,7.666607924043035149e-01,1.040664015273333812e-02,8.474988800553219237e-01,6.981942182720147771e-01,6.548244393284872178e-01,4.003561629759540552e-01,8.173140311457889329e-01,4.609110398448951207e-01,4.678602555791052664e-01,8.987179131183921088e-01,6.078910652303326501e-01,6.481252462289703864e-01,9.089705173340589806e-01,7.832603294059294896e-01,7.587781452800856918e-01,5.703289530053359258e-01,3.405167491076825925e-01,5.013692147865659310e-01,6.639020753745884518e-01,4.775102888970742532e-01,2.488039019612015845e-01,6.299586879134280171e-01,2.413579631842832085e-01,7.732360690823744109e-01,9.187763391593318785e-01,6.686530225695146434e-01,7.845414054206691912e-01,8.048240452752544183e-01,7.310545692476340118e-01,4.541630747538579205e-01,8.654190237012695519e-01,6.750368302386378083e-01,4.362102471015111282e-01,7.599591015206277334e-01,9.335842100178108893e-01,5.128547966268406366e-01,8.264773433607216502e-01,6.151606993708176319e-01,9.560716990455084829e-01,7.223487719334740209e-01,9.044647754823437191e-01,9.806679387617667221e-01,6.816520406981607660e-01,9.733260778360255383e-01,2.917535037837765133e-01,9.369092506496133621e-02,4.047078924162976210e-01,5.441743691295928276e-01,-1.815939868639128707e-01,7.568186744212260786e-01,5.290631684086049003e-01,7.857927372607677041e-01,4.422295093752525719e-01,6.225898928022205459e-01,6.125184279549034105e-01,7.401532420230270137e-01,6.814311587146256732e-01,4.701266501749200577e-01,4.021205596086248613e-01,3.998555383252315187e-01,4.662994500840909051e-01,5.309769785207918424e-01,8.965443708305331771e-01,5.959755964966650943e-01,7.079026282933671421e-01,5.117267370785425484e-01,6.429871731887484287e-01,8.133918792150327537e-01,8.981282037225485348e-01,3.826304613994225834e-01,7.585960263482544041e-01
9.354628620659503069e-01,9.432947107959863686e-01,8.400628314118349094e-01,6.551396524945054534e-01,9.907014222866603603e-01,5.514898423384769766e-01,1.610102241713082249e-01,4.423578268697148652e-01,7.411797286558565734e-01,0.000000000000000000e+00,6.605501107608879874e-01,3.121180398945065382e-01,5.513177541691951511e-01,6.218120496654964136e-01,9.523285665000762457e-01,6.238886352109762612e-01,8.577883980811692455e-01,8.439916026287739292e-01,7.572940988158886055e-01,9.454783554357097941e-01,4.951957253759597943e-01,6.535247707642392045e-01,4.200300503049543277e-01,9.388738149235892338e-01,7.953430544471589148e-01,6.523988816981703964e-01,7.193562947739544633e-01,7.180786952514136567e-01,2.103334863067318483e-01,6.899800855797787458e-01,7.364979163410273477e-01,5.829708905748413050e-01,9.024872945467693475e-01,6.035552845282211587e-01,6.539527904661972535e-01,3.394352323953450656e-01,2.490233426335625722e-01,4.523046750992176790e-01,8.713981153209809927e-01,9.709610634157175291e-01,3.416929850652158374e-01,7.891586346210310854e-01,9.837954229652824401e-01,7.950064700776675597e-01,9.256635972870811413e-01,8.915743347378192185e-01,9.206133488811656385e-01,1.354492016152724146e-02,2.103112636012885728e-01,7.649291723795645925e-01,6.328011749265001207e-01,6.409126756117802248e-01,6.862415873468002969e-01,8.708886428905612265e-01,9.198035488470654997e-01,2.966433367854414138e-01,6.919378855506794768e-01,9.723948784330496142e-01,7.854655067652851486e-01,7.416892715461256280e-01,3.903953582135274436e-01,6.295944059743389110e-01,5.615895445882248538e-01,7.318614729283831055e-01,9.984781136759419695e-01,1.736167420695645669e-01,9.451392915686854801e-01,6.778054470584887747e-01,7.431041846588708477e-01,8.941012650112375448e-01,4.277534933761453217e-01,5.370625114259819366e-01,2.406780359709093653e-01,4.123942900333474881e-01,4.025800242821813146e-01,8.052457942304588334e-01,9.111706444198213184e-01,8.117343581975081657e-01,6.670663221909058915e-01,-1.590413249134825513e-01,7.351229534342326177e-01,5.015747051792681654e-01,6.806105525989960547e-01,3.624573342717726243e-01,1.266632331768281217e-01
6.520853113042757165e-01,9.104615061436929224e-01,9.745236356020223756e-01,7.744963170300294131e-01,5.411288926661700360e-01,7.943835299794756999e-01,4.687219136575248579e-01,8.035569678072915778e-01,7.978163678029528416e-01,6.605501107608879874e-01,0.000000000000000000e+00,1.554102714823537602e-02,9.364129281956360407e-01,7.426037888060693648e-01,-2.573442962725533412e-02,7.878985856288769352e-01,9.412741564309518028e-01,3.535767892714099248e-02,9.473975183035626690e-01,6.583338626879777777e-01,9.235737893695934453e-01,4.923382854638826966e-01,7.113704680526052870e-01,6.860049688176708127e-01,6.970256542455841586e-01,5.563432764436777589e-01,7.448548602654914141e-01,7.254192311734759535e-01,3.277952129267110992e-01,1.388829293056418057e-01,1.163986926016829029e-02,6.876666646897882096e-01,9.367091770080716584e-01,4.149198126341118731e-01,6.655102437315196795e-01,2.949367792677983768e-01,3.161043399093010908e-01,9.697670498468790035e-01,8.021051423376243106e-01,6.168475488850523325e-01,2.434079664424759482e-01,6.280145726494034131e-01,9.404197001293120861e-01,7.434958823078878787e-01,7.562844175462516416e-01,8.217707868473672628e-01,8.205748446867331403e-01,9.848000388185427223e-01,9.745071422108535497e-01,7.138567936367733457e-01,5.973273211439964481e-01,9.370572612153785785e-01,8.448880924273963755e-01,7.237934335748100745e-01,8.737002933780370073e-01,6.574590432233246018e-01,4.800916742058040643e-01,9.314214945330863138e-01,6.709045410338179138e-01,7.663111480422120092e-01,2.986892863663146991e-01,5.400606245943244677e-01,6.505767762890191097e-01,7.978256672915098324e-01,8.100176238865020029e-01,9.639656938304783651e-01,7.694173312563432621e-01,7.027299062395518936e-01,6.665409187607939101e-01,6.042342035344293594e-01,7.927389572898164705e-01,8.776838113244305184e-01,4.725687162151701037e-01,4.705556717294733793e-01,4.939087484783103998e-01,5.627622971514754102e-01,7.258369109225755178e-01,5.748510221319305113e-01,4.800319524419104367e-01,5.683559740954789996e-01,9.884323590502158696e-01,9.067276580529121111e-01,9.302317960377011197e-01,6.288739858056121568e-01,7.279524793607031752e-01
6.882975183952603215e-01,9.836340366135718494e-01,8.965383201864700613e-01,9.469262076295841268e-01,9.828536478800338205e-01,7.912918629211367350e-01,-2.588095251488744530e-01,3.112659197964479096e-01,9.097654335322656882e-01,3.121180398945065382e-01,1.554102714823537602e-02,0.000000000000000000e+00,6.323641722625179540e-01,7.439487034061142978e-01,8.820872882136328030e-01,4.413313227058042187e-01,8.423920955654481402e-01,2.246120461688477232e-01,6.325317767509122113e-01,8.654984239230039123e-01,8.410706878174043499e-01,4.317841400317487532e-01,2.615799596768120239e-01,8.109429707478257310e-01,6.664386769590429083e-01,8.470870520532123304e-01,2.629044412086778970e-01,9.779436489198413129e-01,8.947342545451222318e-01,4.304856308383807062e-01,3.489893226300366802e-01,4.298784782043704178e-01,9.554013597665986790e-01,8.504129817214203246e-01,9.495854891358130878e-01,5.535214111870110365e-01,2.191329873991881561e-01,7.762326247847184391e-01,4.091730881356748784e-01,8.640263361071061077e-01,4.035275743453612951e-01,7.504070569624379239e-01,2.342747764829726520e-01,9.492993877297475347e-01,2.658258217642241461e-01,8.494682076320250186e-01,7.865206662553270167e-01,7.642677739740644238e-01,9.445832651082279874e-01,1.681353104249716235e-01,5.751022426939892407e-01,3.480341783728873595e-01,5.821238205063887783e-01,5.866174713535126095e-01,8.312512540331845612e-01,8.004317249764983933e-01,9.016684443810956129e-01,9.936794151050598600e-01,9.076788688382377845e-01,6.697614083646825645e-01,7.441302915522929329e-01,2.567976790324233427e-02,2.788876075323868942e-01,7.892275260354901789e-01,8.053713376999033224e-01,9.202537975491230648e-01,8.269371202021867928e-01,9.432330522201395340e-01,2.960320673401324876e-01,9.148649813580520540e-01,9.619717718792616390e-01,6.837301001690302416e-01,3.192893113867430466e-01,9.645043280930327700e-01,9.254021670827133894e-01,9.432547499604206909e-01,9.484441882472558483e-01,3.238592927435106628e-01,1.978492032184038241e-01,4.713938059119076041e-01,1.596919041469746503e-01,5.811269450246854262e-01,9.046128390180149248e-01,4.179027885241914930e-01,9.879500344728332495e-01
5.997624195101887157e-01,9.267915093742357113e-01,6.314522315126744889e-01,9.198809490226805829e-01,4.504848137306587952e-01,9.962238944028509735e-01,6.124415118304686878e-01,6.366383423953396736e-01,6.388084200415053981e-01,5.513177541691951511e-01,9.364129281956360407e-01,6.323641722625179540e-01,0.000000000000000000e+00,9.221729515348023876e-01,9.856147830936015097e-01,6.326213171792961498e-01,8.031294047044078566e-01,4.913181616784665917e-01,8.451519906014859362e-01,6.519877148097754649e-01,5.388625030054856602e-01,8.867189531549612980e-01,8.084875621052128869e-01,6.436700496127431004e-01,7.509182519181261117e-01,7.339220331816105336e-01,9.310177789137538129e-01,9.425813827588888083e-01,4.660815142729655691e-01,2.432503947499238539e-01,2.689404543521684010e-01,6.918361314171410648e-01,8.256477700952991050e-01,5.667536061702327377e-01,3.429505014264830898e-01,5.471154589833340243e-01,1.928286037217888937e-01,7.606239955659007679e-01,8.372918154247351863e-01,6.603348324557222204e-01,7.319913362330363604e-01,7.115831098712745995e-01,8.121405572466777745e-01,6.807733745766442190e-01,9.657694455581722348e-01,6.504515628986351494e-01,5.207539962357148333e-01,6.403210150682012713e-01,6.017109282964355765e-01,1.978872830259939194e-02,6.628709675109167865e-01,6.958372720336362116e-01,9.391357742441831524e-01,6.123977850136235190e-01,6.643300083930927524e-01,7.835409213962973851e-01,9.239412212778412847e-01,7.111561213148516192e-01,7.348862619892289061e-01,9.274353494624698602e-01,5.921459776333691805e-01,8.137191536206791476e-01,9.470018626639714610e-01,6.789072993633152864e-01,8.911098775974628516e-01,2.135244254054074198e-01,7.956678812610611384e-01,6.328077253259432045e-01,4.505862624286841034e-01,6.241734061501817976e-01,9.913644076791117143e-01,6.297583977394446419e-01,5.014482298037826746e-01,7.618270396007126299e-01,8.197157461156303615e-01,9.050014504497100321e-01,8.735286360815300855e-01,6.915546136329346893e-01,2.301507447523855054e-01,7.995236656423023724e-01,6.569774805941248630e-01,7.186609513844453012e-01,7.499709955522857463e-01,3.499694213621049044e-01,7.327329554498815956e-01
9.768386238420659895e-01,6.556698913581067156e-01,5.007176612016563944e-01,8.349623451381424921e-01,8.865589272672675936e-01,8.174158262783759454e-01,6.167061792148521571e-01,8.943435431372332989e-01,2.183892327974855108e-01,6.218120496654964136e-01,7.426037888060693648e-01,7.439487034061142978e-01,9.221729515348023876e-01,0.000000000000000000e+00,7.862554427369248256e-01,9.592197705569128763e-01,5.761614398608543297e-01,4.354655652702145718e-01,6.253495653675050781e-01,5.277871281545394311e-01,6.909360495924212753e-01,6.024699648204641100e-01,8.140266339765885872e-01,7.859189706316095370e-01,9.714153781853174241e-02,6.498464199418689802e-01,3.361554423950078307e-01,9.048974554860285124e-01,7.747843868631651976e-01,7.290801789013799938e-01,5.774786481624505363e-01,6.992862352563565809e-01,9.715715820723535012e-01,6.547180676325148330e-01,5.829586437757415807e-01,4.621825822183589505e-02,4.172335616767378075e-01,8.348772161729164365e-01,6.066712317901516993e-01,8.133848137460742977e-01,7.130063801040333882e-01,9.635050063527262898e-01,7.751050622578170568e-01,7.521860198014330701e-01,8.544852751993684548e-01,4.646357830794939359e-01,8.492213211705232911e-01,8.502153386750440633e-01,6.292986972791067002e-01,3.120222806918357406e-01,7.750764080082653829e-01,4.249508989977014428e-01,3.317749443622250993e-01,3.080913844474231222e-01,4.569156782204485401e-01,6.132737471399714035e-01,5.074315428393290084e-01,2.923505373934387475e-01,9.236716997155309805e-01,5.067506591794481707e-01,3.999980736730240904e-01,7.089900266671901319e-01,6.713954118476099797e-01,7.151265710922884988e-01,7.207341563896860759e-01,6.818999262311330467e-01,7.979168382168860818e-01,5.498342342515021297e-01,7.060521458295020425e-01,9.523251045361097455e-01,6.979788492620176976e-01,6.010078816808445135e-01,2.777342672300608939e-01,7.154828953073630871e-01,8.431851564477162997e-01,4.691508055210925621e-01,4.663482712666562335e-01,8.284119985965228139e-01,7.691928930362419425e-01,3.165187830988272499e-01,7.429666364968079417e-01,7.271973365035669934e-01,6.375792549178852520e-01,7.111210627763976388e-01,7.946028372843695342e-01
7.660284839047930561e-01,6.928262250059458172e-01,9.608251296638303796e-01,7.040426319797622456e-01,5.792420221451158868e-01,6.762668774026348029e-01,6.841883613541807074e-01,7.952694589180921980e-01,7.666607924043035149e-01,9.523285665000762457e-01,-2.573442962725533412e-02,8.820872882136328030e-01,9.856147830936015097e-01,7.862554427369248256e-01,0.000000000000000000e+00,9.319991309185872153e-01,6.582682496558187601e-01,6.441963728318601534e-01,4.190023250525493625e-01,9.166742320677323530e-01,9.110984378046580456e-01,7.365931272039220046e-01,-1.783699447582982323e-01,9.586432826778013006e-01,5.845297070796606764e-01,7.233768324441410824e-01,4.816140546109714538e-01,7.621489302675966693e-01,5.296685009270848399e-01,6.336628653568782132e-01,6.114239273925303753e-02,3.861729282544824615e-01,5.210693605685835506e-01,7.080555288107779344e-01,6.972575000343692597e-01,2.245621307204511419e-01,3.738630056709962846e-01,4.265646860469084478e-01,8.454416753840227061e-01,8.075407010638687710e-01,-1.662919192427005366e-01,6.890278184211736656e-01,6.936730851565432454e-01,6.436738250448678089e-01,8.487020220755110422e-01,7.096848743988525277e-01,6.775580038818652673e-01,5.654892377084194122e-01,7.512249334738433371e-01,1.321646904509725731e-02,4.342587385907095143e-01,5.413643133743761826e-01,6.183683640734742859e-01,6.445087637420254811e-01,9.242108933423870409e-01,5.259331055997497062e-01,9.808139983297291531e-01,4.423707436123410219e-01,8.780347523959632916e-01,4.089261214557041724e-01,2.425877594907419055e-01,9.870640656039449956e-01,7.979164596542399623e-01,8.330035276636333919e-01,6.989549176046783163e-01,3.913597829502011294e-01,1.211024874084083019e-01,9.390052359283381778e-01,3.745516638829957667e-01,4.225602529912711458e-01,7.326277713803066582e-01,2.285600613343383714e-01,3.287952257920132570e-01,5.104549910789231149e-01,2.777101255608290242e-01,9.552063208546421880e-01,9.376222088370700369e-01,6.445107200833180006e-01,5.598003049212951776e-01,3.614250592158387843e-01,9.357659134878979490e-01,9.204802188310471367e-01,6.383466916880743414e-01,5.626241338281163795e-01,8.905251540350873629e-01
8.286385955897673794e-01,6.330556645995467635e-01,9.636607882719425699e-01,9.720632498880013017e-01,7.967461662844114167e-01,6.777184919559398057e-01,4.273477841293387147e-01,7.359087697596494726e-01,1.040664015273333812e-02,6.238886352109762612e-01,7.878985856288769352e-01,4.413313227058042187e-01,6.326213171792961498e-01,9.592197705569128763e-01,9.319991309185872153e-01,0.000000000000000000e+00,6.234074199451290488e-01,6.366532419921460129e-01,3.128517075658643898e-01,4.723136943387296616e-01,9.542629556591741835e-01,6.235572707329329889e-01,6.566628658935291796e-01,8.617704941218990999e-01,7.175927716812513513e-01,6.906680539387117790e-01,9.890271941856180193e-01,8.894375013085848991e-01,3.094007014691509960e-01,3.764440202302155036e-01,9.232930313717087334e-02,2.123904137764747457e-01,7.173940196371786371e-01,8.528787860565149037e-01,7.406906060906954803e-01,5.355335597213367604e-01,3.033626643636403997e-01,4.532583199876188268e-02,8.429320708963876640e-01,2.567804374061089523e-01,2.590950467708402760e-01,9.715910263851726958e-01,8.261243567309191072e-01,3.357269221331402598e-01,8.263902144982878673e-01,4.090395911610777979e-01,9.265176804690875567e-01,7.546701998695189983e-01,6.503441073781311976e-01,6.952379685712968271e-01,6.486112966682863190e-01,8.770562287485941244e-01,8.432424760186996160e-01,1.811736918903265603e-01,2.695187189415960138e-01,4.601126850621768405e-01,7.986203448765207824e-01,5.036121157478150590e-01,8.638938920150578404e-01,1.187431330157038140e-01,7.067134763753143423e-01,4.664754521167274737e-01,8.185962560312873837e-01,9.899630161372305892e-01,9.465629067098716432e-01,6.234269485975284519e-01,8.254020160563747543e-01,8.989759483292540931e-01,6.011923631626293618e-01,6.628412141488598808e-01,8.980851309479666034e-01,9.548867728835034319e-01,1.798251377261742556e-01,1.430659329638800659e-01,8.802214946542218366e-01,6.136527678814446274e-01,2.557137308739318438e-01,7.996317189099053646e-01,3.349121090052942784e-01,4.333289422542457303e-01,9.920696294462318932e-01,8.772829686915223357e-01,9.717097357600995577e-01,9.157957570546214621e-01,4.380459018744800592e-01
8.496790651259787941e-01,6.995585926823161271e-01,9.700869633389539448e-01,9.155794551964832051e-01,7.257110485856893556e-01,4.769048399682996875e-01,6.458855797990814551e-01,4.603004359785234367e-01,8.474988800553219237e-01,8.577883980811692455e-01,9.412741564309518028e-01,8.423920955654481402e-01,8.031294047044078566e-01,5.761614398608543297e-01,6.582682496558187601e-01,6.234074199451290488e-01,0.000000000000000000e+00,6.087239380175306636e-01,8.646228237071303946e-01,4.120384560052191558e-01,9.120329594796869888e-01,9.652310641658974344e-01,6.302817462670866622e-01,6.700205328429469365e-01,8.140875094332166162e-01,9.455119832460772145e-01,4.013389894950277759e-01,8.303968525769268583e-01,6.516495007614757640e-01,4.976468763168552800e-01,1.818183417466878726e-02,6.442028131007474512e-01,9.300177991183097292e-01,7.205288386473277518e-01,7.437412330199498767e-01,5.184517610280259259e-01,4.707031093522672238e-01,7.086049905113351866e-01,7.440109364836521022e-02,8.735776538299495630e-01,2.317204901984927790e-01,5.186977174009447245e-01,9.268627476741113647e-01,9.086817471296761983e-01,8.609418897730027886e-01,8.036531850387536036e-01,6.254933526131719601e-01,6.508274062609114008e-01,8.367229487097940233e-01,3.263449499824289668e-01,6.979456830572153825e-01,6.348115876315648665e-01,9.259410841172386331e-01,7.917423789669584266e-01,9.251167631880425901e-01,6.135222975197831552e-01,5.556623203246128240e-01,1.680012177193257461e-01,7.773649712038627202e-01,7.306603193333307544e-01,2.839110926282647496e-01,7.481427921651085944e-01,8.464661958502895933e-01,7.525678267280537792e-01,7.202760019267407943e-01,6.542321604175151961e-01,9.689556919649935374e-01,5.263512253839385258e-01,6.534744347801947351e-01,9.508491896420402378e-01,8.768592726666406545e-01,8.682776207151244874e-01,4.491811307246865725e-01,3.463021471505450255e-01,6.171174457275235836e-01,8.624917043304206610e-01,9.969327675323438331e-01,5.314502203851925177e-01,1.854018026177389755e-01,3.741895641475813106e-01,8.748494629366813102e-01,8.825413827555925739e-01,7.619023441761796356e-01,3.944033587393569462e-01,7.973091100534133169e-01
5.826650252817040521e-01,9.011476773847461041e-01,4.750823928637851190e-01,8.168581737000121246e-01,8.998239800927965160e-01,6.398919750731901779e-01,7.930944856520493191e-01,6.589655984884769113e-01,6.981942182720147771e-01,8.439916026287739292e-01,3.535767892714099248e-02,2.246120461688477232e-01,4.913181616784665917e-01,4.354655652702145718e-01,6.441963728318601534e-01,6.366532419921460129e-01,6.087239380175306636e-01,0.000000000000000000e+00,8.209904218810135657e-01,5.393117422725531851e-01,5.443806481593785884e-01,7.535531735464332526e-01,9.464941361858738578e-01,8.787662292413402909e-01,2.442474728077882740e-01,6.575979996142844453e-01,9.109846271968706777e-01,4.397023265239649592e-01,3.676844961654803234e-01,6.923336569278860653e-01,5.035098316040171884e-01,4.047096440772899317e-01,7.233790529726660257e-01,8.379789747526988908e-01,9.190417256094811638e-01,9.374346206222986533e-01,5.383458660579604205e-01,6.555877699040915108e-01,7.190072094896315935e-01,8.223824145139582154e-01,7.207545728604209945e-01,7.081867917606069485e-01,5.790252502835466775e-01,6.880325670181690612e-01,9.072488991057650054e-01,7.853419553172396039e-01,8.083494499130512434e-01,4.677046366422153434e-01,4.931490327802204865e-01,4.368323389088474284e-01,1.384582986342531574e-01,4.385449455385798667e-01,6.285903531037864145e-01,5.324517929847860653e-01,7.780172974038517264e-01,8.754393930839616811e-01,7.754276933829232776e-01,4.623408355722164464e-01,8.132405611547786073e-01,5.827698497300481950e-01,4.299333977721130906e-01,6.602233927113783096e-01,7.424142976191056009e-01,6.278516540064486007e-01,8.806523511273748328e-01,8.584558353667504083e-01,7.479587701060557148e-01,3.308227012720227345e-01,6.679461204399936847e-01,7.476464282383721294e-01,6.179072734975000758e-01,3.505994688675313498e-01,6.254009774595815641e-01,7.798469826171053887e-01,4.298630617176121826e-01,6.675079483963151095e-01,7.517998822365283829e-01,5.152856526797809922e-01,4.580822510509539591e-01,3.479666494983936764e-01,5.964586240804710116e-01,9.995340346330370274e-01,9.155253547866155639e-01,7.808063553727954131e-01,4.836404022785767420e-01
