0.000000000000000000e+00,9.046310491599831582e-01,6.745058660801580563e-01,8.386309758253490676e-01,7.333242138913059760e-01,4.883776976146230187e-01,6.289426409596741152e-01,9.204289567997068211e-01,7.373417311736774060e-01,4.851588582675481764e-01,8.335351675825526385e-01,8.912488051059891392e-01,8.451355619540901198e-01,8.785413728659793309e-01,8.366268743933704677e-01,9.367058346061838403e-01,7.591356715206991623e-01,6.582290099513867787e-01,6.224331246072241086e-01,8.412621001926350317e-01,8.653262939384180896e-01,1.359357025963095489e-01,4.484763036060534502e-01,6.058685164483255114e-01,7.377209809130829132e-01,9.770062447902165825e-01,7.096974080863105439e-01,7.504673625974420670e-01,7.479352643533114797e-01,4.567997850236912849e-01,4.722858673228330639e-01,7.804329318941175542e-01,9.831711095192792182e-01,9.457702699295670312e-01,7.353195245260716328e-01,6.934208740173980479e-01,3.179590483562250713e-01,8.709845269858405015e-01,6.688215917577737812e-01,5.872262298576603756e-01,1.912677203244391166e-01,7.620047503272348033e-01,9.706147596937216848e-01,9.674716287358092748e-01,7.137170375299645153e-01,8.536618445152159840e-01,7.745819262295960961e-01,6.030758696313509581e-01,9.963794943234545176e-01,6.648049564826755686e-01,8.109015545417975757e-01,6.471479320131252599e-01,4.703572114992667363e-01,7.590529497398448289e-01,9.639305618207969495e-01,3.030083105714285185e-01,7.842472973169143380e-01,9.498620493012837063e-01,5.677059420147742008e-01,4.040517463467771520e-01,1.767459190928374335e-01,8.334496199249279424e-01,9.708222339447449833e-01,7.747622565298530883e-01,7.658268576447673226e-01,9.997647375674709735e-01,7.958786602816027012e-01,8.278272286308588912e-01,7.870403815648252532e-01,9.114690403495481208e-01,9.407845093542230863e-01,5.930289383311786455e-01,4.970171988287818143e-01,9.488131023402598396e-01,5.059307000551250821e-01,4.095499422934530953e-01,8.474974699628244901e-01,8.843538749824473300e-01,1.834440596985090766e-01,1.094182935573025373e-01,9.033303463911563913e-01,7.742210820561877815e-01,8.710029930773384166e-01,5.588706644833265624e-01,7.878059431567664417e-01
9.046310491599831582e-01,0.000000000000000000e+00,4.723563404478003935e-01,5.859891689644370905e-01,8.119548395950410002e-01,6.236952898701055847e-01,7.011457209880207486e-01,6.597304148827914938e-01,-9.666640193059061748e-02,9.138779314908831441e-01,8.316700362700970572e-01,9.143424264294924830e-01,4.280927269861450890e-01,6.544669545640811048e-01,3.347932177042732826e-01,8.574428128389846027e-01,4.498724668072118793e-01,9.327826213007240908e-01,8.245481448714828687e-01,9.761784466019475248e-01,8.072906944478047686e-01,4.595054761942188870e-01,8.791774900568558593e-01,3.070070365499288356e-01,6.980348706047464491e-01,9.307844867809784706e-01,8.869146781173355976e-01,4.013981243711803870e-01,5.991661714138828421e-01,5.922106040048791264e-01,7.829912057019430272e-01,4.153089025619199348e-01,9.372963613114816406e-01,7.690423937483529260e-01,6.652686106474083871e-01,4.679854947626811978e-01,1.860439223862664360e-01,2.481419039183325181e-01,8.949717784717763358e-01,8.752687311014593075e-01,6.310582127270215613e-01,7.716370742727982623e-01,8.419454296802340032e-01,8.877004093934833806e-01,8.840485977831903375e-01,6.423144454305104167e-01,8.362766247582441581e-01,8.186062595958255583e-01,2.993380884338899817e-01,5.142227492426698632e-01,4.575799571531756205e-01,6.641435817604668390e-01,8.746348717113483495e-01,6.027046193617990877e-01,9.577858568728023769e-01,9.557973395338347222e-01,2.115430474786583193e-01,7.732117260200546127e-01,9.507813542752815428e-01,7.847386156822850900e-01,2.265556519677925928e-01,6.357420300148549641e-01,7.094323689557088253e-01,8.711399830636349373e-01,9.873853443046913814e-01,9.307378996540107696e-01,9.660104783782239579e-01,8.282003438935013895e-01,6.575069954313695897e-01,9.173941541191621418e-01,2.158093113486529435e-01,2.987284099752263722e-01,2.968632361795968677e-01,9.666067299194934792e-01,9.921669996786446344e-01,7.840349240199742109e-01,7.772792034002006245e-01,7.503344036553118990e-01,4.609445726526000264e-01,3.647475855784458321e-01,6.476532369100886921e-01,8.315253788774904509e-01,8.491717526636987090e-01,6.495902243587529934e-02,7.613427271274925134e-01
6.745058660801580563e-01,4.723563404478003935e-01,0.000000000000000000e+00,6.203035016136453361e-01,9.035758153500400569e-01,6.790001191425963922e-01,8.524888684592792920e-01,5.560139968229436125e-01,9.911505678152745524e-01,8.671284711062957618e-01,6.232337909444145563e-01,8.214105534793532115e-01,9.855061643768576740e-01,9.310932174896393576e-01,8.835142753278394379e-01,6.388803689933015839e-01,8.446939840880668404e-01,8.781808923221157137e-01,8.217399736679982247e-01,4.140682216449161068e-02,5.219601059305407631e-01,5.663807627039078030e-01,8.015962102626634778e-01,7.680045983575710666e-01,9.683033525219399973e-01,4.194983038623418259e-01,8.964745094219501720e-01,3.507414704176006759e-01,2.396249961892321645e-01,5.378741227398329272e-01,7.229033169616557730e-01,9.275545929337856155e-01,4.976189863073651742e-01,6.785965756210765587e-01,8.259432622036725347e-01,2.929482846872800694e-01,5.850854876478198685e-01,9.881541043678172542e-01,5.540373733821695179e-01,9.482032530412671800e-01,5.855270405971083614e-01,8.819713556789492426e-01,7.647176575121981124e-01,2.807531147138698224e-01,8.177138767288310017e-01,5.184904186596083209e-01,4.213460846566310369e-01,2.897183955308862968e-01,8.661572347351512713e-01,8.457748323050032768e-01,9.694744831485324621e-01,7.468409613432449579e-01,4.104040314122017752e-01,7.768809671525486182e-01,8.123261091763362973e-01,8.137834376832020489e-01,8.787382225858528795e-01,7.700368738412409764e-01,8.059519003571274931e-01,2.537274899669902384e-01,5.718400928365523495e-01,7.471499450117699004e-01,3.984775539029761227e-01,2.546247519301710338e-01,7.965860647102128711e-01,9.743154876523618668e-01,9.395233464462172668e-01,7.807970813365773255e-01,8.237282969900178164e-01,8.746529414769992350e-01,4.252935173068150831e-01,9.690651873456697096e-01,5.760220057597418286e-01,4.757620720282322302e-01,8.256174163100505892e-01,9.966847171847554865e-01,1.099093897124990421e-01,8.538819719362039651e-01,1.648635909190208082e-01,3.051889377287665406e-01,4.148329406690710597e-01,6.226586524823460866e-01,6.814614367331777167e-01,9.151638833722036681e-01,6.378007398341741796e-01
8.386309758253490676e-01,5.859891689644370905e-01,6.203035016136453361e-01,0.000000000000000000e+00,8.988033674834702280e-01,9.178278160390460627e-01,8.728733030106808899e-01,2.687489145043979177e-01,8.818949062021410601e-01,7.543591391822872527e-01,8.009081737886200036e-01,7.225395800517082634e-01,5.812367456757157047e-01,6.240435277301453060e-02,7.716399746937026016e-01,8.763272382419033946e-01,3.379663573898289419e-01,6.184203842710134236e-02,8.766438263577981393e-01,8.401981361913509749e-01,7.902996199479922490e-01,9.708903783845076463e-01,8.831542268097234416e-01,8.647721077242372933e-01,2.419528871146555127e-01,8.637069135673408615e-01,9.883914402499518470e-01,6.900240028297720540e-01,9.409743235305272346e-01,5.061760314203290756e-01,4.156203345791007475e-01,7.462413145105113443e-01,8.873616521083207420e-01,7.517645489609962040e-01,6.310264220292538528e-01,2.683996366346855789e-01,9.221119096503544998e-01,8.389211574208383926e-01,1.459825646941703692e-01,2.455403554596828630e-01,4.200914384426317483e-01,8.432668042359017235e-01,8.311147070669934189e-01,9.288235164727598470e-01,9.924219869601861310e-01,7.454030417391519503e-01,6.525870374367461757e-01,2.344861737409924540e-01,5.512981330122814771e-01,6.245514085719693353e-01,9.552977011577306055e-01,9.856811241844376514e-01,8.922793479505978231e-01,6.181126947054872423e-01,6.114826022011145001e-01,9.773941660084566330e-01,8.302862418430638769e-01,9.074517640419933473e-01,8.319249748457301363e-01,1.545150296235625886e-01,3.778693069684113670e-01,7.747126468174629910e-01,5.259751069651926736e-01,8.422819866911951392e-01,8.034913940471732907e-01,4.337501369594078948e-01,7.813312636429983193e-01,9.353297872369231714e-01,6.061680007800529513e-01,7.893787888821619525e-01,8.990136162553310495e-01,9.461747729250145067e-01,4.716929992907751834e-01,2.424586788557697714e-01,8.461502176929375230e-01,7.046901465970077938e-01,4.412915191862570308e-01,7.818218582623051027e-01,3.405483800385403770e-01,4.781069145932080322e-01,6.869290735726949482e-01,8.323773902827523719e-01,9.277376714321250439e-01,8.117392175786288799e-01,9.814184741002260903e-01
7.333242138913059760e-01,8.119548395950410002e-01,9.035758153500400569e-01,8.988033674834702280e-01,0.000000000000000000e+00,9.837823179055289469e-01,2.391940192010989785e-01,4.354473963220618637e-01,8.257135246675859630e-01,7.357666941772365021e-01,8.668437964722506273e-01,7.136526334752705258e-01,9.333559033670688621e-01,8.920087685348556672e-01,2.621763254876553484e-01,5.070411925991478164e-01,7.310685583222339412e-01,6.457776587159759218e-01,9.163079697599697537e-01,9.037855185848823192e-01,4.978447758548917856e-01,5.129280269914360257e-01,8.063262992787686434e-01,4.123758774306168218e-01,5.970511401446674249e-01,3.432448559208771677e-01,9.120751685188627222e-01,9.195304314269012735e-01,4.188099274912359116e-01,6.340265894432532967e-01,2.097463806018324828e-01,5.377000130656761634e-01,6.475763245138794755e-01,8.423484582147091615e-01,7.605817988873639912e-01,6.230075864210486980e-01,6.355491910682042889e-01,7.563533510101000390e-01,8.753037881050371727e-01,3.489064323121948141e-01,6.175379855450634503e-01,7.078517321231224679e-01,6.832236638844707555e-01,8.881625521598195405e-01,8.681515866001519033e-01,9.114484664721003160e-01,6.374303897499493665e-01,9.026512464651124112e-01,4.702885646878375292e-01,6.385147056659962184e-01,9.826331377907800979e-01,9.878211421980001017e-01,6.277440157603980664e-01,7.605513304845006317e-01,8.275117324398640895e-01,9.037721042732856924e-01,9.554361688405138553e-01,6.313801232771224514e-01,8.196575309083761196e-01,4.714181585624331872e-01,2.744721016706148098e-01,4.325929327275773728e-01,9.681047418570666308e-01,7.875358619056735954e-01,6.579950164672240254e-01,7.820622828830128270e-01,4.177441899129389347e-01,7.301112609279386545e-01,8.487340855841918330e-01,8.388109941438304240e-01,9.278506445721187434e-01,7.347407444819680222e-01,5.159744553569423076e-01,3.173218772013853828e-01,2.242543776868755889e-01,5.657268566371426166e-01,7.369561171721003001e-01,5.396558573390374258e-01,6.070975509204027398e-01,3.203701860792307343e-01,6.842096225621659977e-01,8.598857313227976640e-01,8.577472348398269553e-01,6.303660588908406304e-01,3.414096552786012317e-01
4.883776976146230187e-01,6.236952898701055847e-01,6.790001191425963922e-01,9.178278160390460627e-01,9.837823179055289469e-01,0.000000000000000000e+00,4.522090472482783174e-01,2.735114674616834218e-01,4.705838037234931770e-01,3.358395328929090207e-01,5.064442788722111066e-01,4.326371903807862407e-01,7.575637243889625783e-01,4.590576984823948048e-01,5.655493339755074400e-01,9.783609442913183685e-01,9.187515203603504599e-01,6.434253234448172876e-01,2.130325249558442935e-01,8.325663304703047052e-01,9.142296310335613629e-01,4.575994932668565052e-01,9.282000944683304056e-01,8.335859425673317613e-01,8.215446374632096038e-01,5.937812265145639978e-01,7.342138882477675654e-01,7.761885333665039521e-01,6.773776405505171905e-01,4.134671761504933873e-01,1.459946552907634976e-01,8.995809690974457262e-02,8.268830861743291516e-01,6.019771175773191985e-01,1.149563621771603206e-01,2.348978448784168338e-01,3.388492524977322895e-01,6.506108544371984603e-01,9.845717218331723197e-01,8.659244912074899325e-01,5.100886680730216671e-01,6.294093248484931014e-01,8.710541158238692683e-01,7.760601619446458876e-01,4.043233858767480426e-01,4.400502748858035607e-01,3.731887646525526847e-01,6.526480655350483939e-01,6.542859495722616048e-01,7.454095268260733098e-01,4.189461249782094332e-01,8.058534185143728656e-01,9.217654128864658514e-01,7.012622921281548294e-01,9.430416784637384309e-01,9.861658610331258679e-01,7.794260506021885027e-01,6.667585550301390329e-01,6.878512966405956330e-01,7.341400107271763842e-01,4.362918710410850220e-01,2.533597485918953063e-01,9.935024144444213334e-01,8.719354795687395132e-01,9.765719356643391968e-01,8.440693338082725372e-01,5.562316583425465089e-01,9.652546506378288926e-01,7.153023289357722803e-01,4.248433545704967118e-01,5.877318892580105647e-01,6.999959544845790749e-01,4.589494472456591700e-01,6.309178086489799497e-01,6.396576852976867400e-01,6.520750460657748215e-01,9.749414004272136669e-01,7.805847650563895179e-01,9.389555543377995361e-01,7.835797527554495545e-01,3.250169242712173667e-01,6.667426370437157246e-01,7.349123187594404083e-01,7.135781634737280443e-01,2.753770399110596623e-01
6.289426409596741152e-01,7.011457209880207486e-01,8.524888684592792920e-01,8.728733030106808899e-01,2.391940192010989785e-01,4.522090472482783174e-01,0.000000000000000000e+00,4.017331656119280808e-02,7.273118358798735805e-01,6.707381009400493754e-01,5.469465158903374924e-01,6.402604378186986800e-01,6.510423920093612038e-01,7.508580691406255836e-01,4.296432892570321016e-01,5.373726346149010347e-01,1.122350226037725079e-02,7.375643909736964154e-01,7.153356659477871915e-01,5.734973865638869350e-01,7.425759721543776504e-01,6.969188563697569228e-01,5.932906320765614083e-01,7.242037047444818132e-01,7.019464357621731931e-01,8.847685698822994604e-01,7.781482563767810889e-01,7.941474468202257553e-01,3.921766163295946628e-01,4.293829590946058872e-01,6.187811795324023034e-01,-1.672184699357277538e-01,7.550369121163378328e-01,4.354819121671402726e-01,5.938220009554733281e-01,3.445481158198011873e-02,2.816483624247071993e-01,6.394096634163224380e-01,9.749101035611611454e-01,5.243043066233501470e-01,5.061572112317889172e-01,4.679321151225880326e-01,6.890547850916147743e-01,4.468627267331888864e-01,6.202204221660077010e-01,4.607971726020527736e-01,2.694734439126023062e-01,6.478412961798767356e-01,7.304902555150927235e-01,6.795652250347978818e-01,5.808785231110800140e-01,1.923097649503323903e-01,8.796112945123757410e-01,5.716201287483123616e-01,9.911299035102570931e-01,7.309658920709206642e-01,5.109486541788499370e-01,4.593862313128938002e-01,5.371434889345182428e-01,1.723177050245321695e-01,5.717280475446078203e-01,7.140700678339274576e-01,5.596087949811504592e-01,4.904744866674181081e-01,6.543049005802332729e-01,7.280528343278939163e-01,7.834111800276477577e-01,6.308000038722797465e-01,7.774859323472619321e-01,3.680900699021246725e-01,5.629196084443574000e-01,6.008028632394675217e-01,6.479722742371398780e-01,2.704265782072804436e-01,6.249284521338731996e-02,2.238969468044643973e-01,6.877676836027358798e-01,5.837838670011853415e-01,4.412952985621712010e-01,3.277332116275734619e-01,7.552630356434010261e-01,7.525423061544151970e-01,5.132311832545257690e-01,7.966521329037801191e-01,5.733498887715346992e-01
9.204289567997068211e-01,6.597304148827914938e-01,5.560139968229436125e-01,2.687489145043979177e-01,4.354473963220618637e-01,2.735114674616834218e-01,4.017331656119280808e-02,0.000000000000000000e+00,7.071961914974596031e-01,7.527198226005675785e-01,3.059248760484042373e-01,4.637280713017226108e-01,8.255511267051379720e-01,8.423128737527917353e-01,4.879469329746345396e-01,6.564534988940436966e-01,7.115825852574789723e-01,9.633088338056987610e-01,8.089335375002455475e-01,1.205571400342055899e-01,2.869786004379683009e-01,8.040929266214212889e-01,2.979936650472974069e-01,7.906529726294256877e-01,5.933123601461819385e-01,6.987985338625470888e-01,3.149508046856268062e-01,3.219033814689402639e-01,-1.244842259326015693e-01,2.662042417432863850e-01,2.552375693817079405e-01,7.598656735940640949e-01,8.642258056117917420e-01,6.305775838598476346e-01,6.188762788721715591e-01,3.023427481637466219e-01,4.335913403227165674e-01,5.506922919229171320e-01,7.453267663264351306e-01,5.777639686408984065e-01,1.329623911551223447e-01,7.105147775299559543e-01,9.444983914346066767e-01,5.363584247757917645e-01,6.024912856072840439e-01,4.258250862317772278e-01,1.529002597246775508e-01,7.841541547955219738e-01,6.744660136171878317e-01,5.102248112474154773e-01,7.404263954997144515e-01,4.492981334310187091e-01,7.006225980312816848e-01,6.140461328441682021e-01,8.223248879291182867e-01,9.138476076372211709e-01,4.803976791889576492e-01,5.019190205216250700e-01,4.103510007976666207e-01,2.386830865767482490e-01,1.438798904523283795e-01,2.327631562538667598e-01,7.538099971619058870e-01,7.193252033815573654e-01,9.223707378016873237e-01,9.214984499127309991e-01,4.824335038676774712e-01,5.312089013168137530e-01,4.070694590232666332e-01,7.177967163964972253e-01,9.321220148486613066e-01,7.711678288194988573e-01,1.955759134536134980e-02,3.859258741752130129e-01,6.933957266524585217e-01,2.844794769236857479e-01,8.389124512807072387e-01,5.334951409215898943e-01,6.699191659587119263e-01,1.941402372572354762e-01,6.225562519143588158e-01,8.934696273924084275e-01,4.461020999544060284e-01,5.829233516747547306e-01,7.041251167819159162e-01
7.373417311736774060e-01,-9.666640193059061748e-02,9.911505678152745524e-01,8.818949062021410601e-01,8.257135246675859630e-01,4.705838037234931770e-01,7.273118358798735805e-01,7.071961914974596031e-01,0.000000000000000000e+00,5.842142950609751084e-01,5.220889723771127144e-01,5.767927166894477597e-01,9.651417957835742856e-01,8.301312096650009797e-01,7.990318005036856075e-01,6.464213912648655302e-01,2.052150357863268271e-01,8.214035724198088806e-01,3.018483772264488607e-01,8.911155922501352578e-01,7.849695857170720936e-01,9.162389091404939956e-01,7.021764268357112426e-01,7.594032654362125045e-01,6.507053190935884190e-01,5.944983500649996255e-01,8.463199239275106533e-01,6.807329973858531336e-01,7.118874589202850434e-01,6.390295314510133773e-01,5.025221981809450122e-01,9.543426279708618898e-01,9.481054240504940278e-01,4.715302817639800970e-01,7.764294920403946865e-01,5.533813251681101164e-01,4.104943682705851637e-01,6.835015253310310346e-01,9.244762381974016563e-01,7.155194491929767198e-01,3.646712599049783954e-01,7.204852065151390317e-01,6.689725914259040396e-01,9.199052486332249812e-01,8.096361925250949998e-01,4.513601881488463752e-01,5.968045162943769189e-01,2.908090767507695573e-01,7.944936027501623421e-01,9.142154442127862213e-01,6.795421974652751662e-02,5.317578305704953046e-01,4.412517953780538127e-01,5.152926089262035436e-01,3.876150629733452480e-01,9.805901011829885050e-01,7.217059875261415680e-01,8.343943504179945903e-01,6.003747979690805536e-01,6.973327062239655927e-01,4.817620162684326246e-01,2.408314868918802198e-01,9.917142104325536722e-02,7.064963551036703704e-01,9.402357713660189908e-01,2.032262138327783629e-01,6.573284191582204894e-01,4.128416440011041244e-01,4.879367676166133649e-01,7.498237094187653051e-01,5.083396732511095140e-01,9.485654634226268200e-01,6.358474411419982042e-01,7.730148886266774433e-01,6.811366450269877859e-01,8.382124888693315290e-01,7.813100305757034736e-01,4.148709456966432896e-01,4.242073588155703123e-01,4.856852157056657515e-01,9.063770548478805589e-01,9.982157395746202866e-01,6.533769073339004141e-01,7.778835396353198650e-01,6.187495647757783601e-01
4.851588582675481764e-01,9.138779314908831441e-01,8.671284711062957618e-01,7.543591391822872527e-01,7.357666941772365021e-01,3.358395328929090207e-01,6.707381009400493754e-01,7.527198226005675785e-01,5.842142950609751084e-01,0.000000000000000000e+00,8.289096883644873071e-01,7.962248563743821173e-01,9.488109119176068029e-01,8.044116566922847600e-01,5.408759632535310446e-01,8.188032049434457171e-01,9.027228748086216781e-01,4.845336201372920093e-01,3.478725410718624955e-01,9.455846484701837529e-01,4.199823509755825635e-01,4.677667408200099630e-01,8.620353347995559634e-01,8.601953219221492031e-01,6.674232183498787219e-01,9.535013404447456598e-01,4.754478043832048306e-01,7.927682066319332588e-01,5.699826033864858754e-01,8.524138019503528785e-01,5.172766050958427231e-01,6.264337553234721190e-01,4.996280106657431941e-01,8.408210765101015172e-01,7.563871541599209714e-03,4.593750253441884479e-01,3.570673042035297229e-01,2.051896184925550148e-01,8.477255928305845734e-01,6.952908998375600946e-01,5.417928487789253067e-01,4.831937776915277705e-01,9.711425996145343076e-01,5.873176702018059192e-01,8.933276501846699746e-01,8.852710976654101227e-01,8.613230211889744137e-01,7.734298423846130977e-01,5.860566504733052406e-01,4.868206723246278900e-01,4.071354823479622631e-01,7.876525371965140687e-01,7.513173906807966984e-02,6.267245822844497161e-01,8.182987229336514678e-01,8.053172328981589301e-01,7.940321797688674188e-01,9.157176171164801426e-01,4.760260381114158612e-01,7.810718999780231764e-01,4.316569254083390539e-01,7.581378535598465307e-01,7.303564469831879125e-01,7.263625285637580475e-01,8.986363669320058811e-01,4.405030242741275748e-01,3.276596101264628302e-01,8.095834034728376372e-01,6.726690442379344992e-01,6.703830480286082638e-01,6.314145193875585482e-01,9.886890743275975613e-01,4.162565805818634335e-01,5.204871140193434442e-01,9.354364435380123632e-01,2.622116573687354180e-01,9.115214640501779764e-01,5.922543820886865262e-01,5.934794228232822544e-01,5.542709787899217089e-01,9.040555334122531983e-01,8.498010079326485666e-01,4.945853267499127903e-01,6.245589593972784570e-01,5.026667171682334123e-01
8.335351675825526385e-01,8.316700362700970572e-01,6.232337909444145563e-01,8.009081737886200036e-01,8.668437964722506273e-01,5.064442788722111066e-01,5.469465158903374924e-01,3.059248760484042373e-01,5.220889723771127144e-01,8.289096883644873071e-01,0.000000000000000000e+00,9.402457136989217368e-01,4.439526507565407787e-01,8.339763538450746250e-01,1.656050139469536150e-02,-2.566688477220952502e-01,6.290111059727201415e-01,6.779603827597305843e-01,8.771760118892217850e-01,4.289354361604616472e-01,6.098501127795452614e-01,3.368463216167652541e-01,7.875047083094446343e-01,6.533254076372340124e-01,2.871541263854247572e-01,7.300889057938441118e-01,3.683522473236120476e-01,8.884547922637749950e-01,4.756432698629821654e-01,7.223513063262443357e-01,8.053110953916363390e-02,4.048484406345968512e-01,9.393240391047930071e-01,8.380247436856248511e-01,9.129725329375534271e-01,8.747128097657336232e-01,3.995396715918115849e-01,6.337133544935001916e-01,5.396029886107240880e-01,6.402995244160984978e-01,6.481649632234892655e-01,8.846194053374930588e-01,8.800960848860845953e-01,7.229219427081967630e-01,9.516794294767464413e-01,8.495068785693331570e-01,8.056386860001767403e-01,7.841117995134160301e-01,4.352957023519435364e-01,3.000534091729381014e-01,7.697555303852980924e-01,6.607253318728644187e-01,3.307179092742102977e-01,4.155736035630554492e-01,8.378237182001879724e-01,7.904373910663776703e-01,5.385192029801838531e-01,9.753706878030468097e-01,8.453288521873071337e-01,5.314778808047964098e-01,7.351201860926230847e-01,6.945147439223280372e-01,4.493405689037763273e-01,8.858391626427040144e-01,6.081946578116886881e-01,6.734375039159065102e-01,6.861215297678497915e-01,7.884093573413676337e-01,-4.373814447437310848e-01,9.838471995169187911e-01,4.336174133985017942e-01,7.122225321838367984e-01,7.188616246356065442e-01,5.668146568774273808e-01,4.628034438483577540e-01,7.972164509962121892e-01,8.557983812923027900e-01,5.100537673369802683e-01,5.023923092650953715e-01,2.235808017676084447e-01,4.015999858936245004e-01,7.750942460370452425e-01,9.027558620304926285e-01,6.962020526525098951e-01,7.570126531622287658e-01
8.912488051059891392e-01,9.143424264294924830e-01,8.214105534793532115e-01,7.225395800517082634e-01,7.136526334752705258e-01,4.326371903807862407e-01,6.402604378186986800e-01,4.637280713017226108e-01,5.767927166894477597e-01,7.962248563743821173e-01,9.402457136989217368e-01,0.000000000000000000e+00,6.743994972788012188e-01,2.972604684178850043e-01,6.574777954512683875e-01,4.215327206313419506e-01,5.302278606115093940e-01,5.193681430576374547e-01,8.170374177277955896e-02,6.210404742514741283e-01,9.177887349983423482e-01,5.983372116740852675e-01,8.671968929602679177e-01,7.627044121549139133e-01,4.137111534140913705e-01,6.080590783914908704e-01,4.107103418520458571e-01,7.477521666021765823e-01,7.632685269678016748e-01,2.372075073037618054e-01,2.849381241603647363e-01,6.892456650149670905e-01,3.500621200739474359e-01,6.784344145523516501e-01,5.094382217966881843e-01,4.514617058656704152e-01,2.717408892400027809e-01,9.277569851015869951e-01,8.738547817867889922e-01,7.209957224410862286e-01,1.390855400919488727e-01,7.233315341447732472e-01,6.719204871654069766e-01,8.493471499113529610e-01,6.193611875849122095e-01,4.602882737829614435e-01,6.826282264635298302e-01,1.739201849460856042e-01,1.142485181271684774e-01,4.423088418603373095e-01,8.916807149229787344e-01,7.562386960835520977e-01,4.540291755700471277e-01,9.152138630743749115e-01,6.573021682650836972e-01,2.545258430536969652e-01,4.671283113451731306e-01,7.392727700866712492e-01,8.247704072248381868e-01,5.616651300872301800e-01,4.153521118808007340e-01,9.077372947965908212e-01,6.266898457671149503e-01,3.097157934531816759e-01,9.324732201941015042e-01,7.628641619561065124e-01,6.227019908450138752e-01,4.963605243686738389e-01,3.136121302853912551e-01,6.707799468892263750e-01,4.556380173500630404e-01,9.051964766141608054e-01,6.376288877265819943e-01,9.735919250573713546e-01,6.335164086690185936e-01,6.392957441149156317e-01,8.611841607984930258e-01,6.707129459989422671e-01,6.335750929435448597e-01,3.608434035213308189e-01,8.412186372155634473e-01,7.606365549104335821e-01,7.913156957580961270e-01,6.101975185383365918e-01,7.517651414576470570e-01
8.451355619540901198e-01,4.280927269861450890e-01,9.855061643768576740e-01,5.812367456757157047e-01,9.333559033670688621e-01,7.575637243889625783e-01,6.510423920093612038e-01,8.255511267051379720e-01,9.651417957835742856e-01,9.488109119176068029e-01,4.439526507565407787e-01,6.743994972788012188e-01,0.000000000000000000e+00,4.397141237782670187e-01,6.040157305357949369e-01,8.407502866258322882e-01,7.338016823859737636e-01,5.504420422669973334e-01,9.339011562097024877e-01,4.241625165201283743e-01,8.696419216297164301e-01,7.574677563027278904e-01,9.350796199503453865e-01,8.027468824517202117e-01,4.423604199668408343e-01,3.873542388857932339e-01,6.780129328140139799e-01,5.204816965701881681e-01,2.870176461335355311e-01,2.242490067886516725e-01,5.247141464014177803e-01,8.026444374209993349e-01,8.937298266916603451e-01,9.544783255356228402e-01,9.261369117855751121e-01,1.594105785545660292e-01,2.455757712162432438e-01,9.899475102370787205e-01,9.934699093972004791e-01,7.199857995300338320e-01,1.875805898958644580e-01,3.213929008120996467e-01,7.397160560219407932e-01,6.971752727456107523e-01,8.938923873759160310e-01,9.592240598867688428e-01,8.248285109421799044e-01,3.900904139625723799e-01,7.437594620909466769e-01,6.104703353589054915e-01,6.593384653658908023e-01,7.536243430945358535e-01,5.528284935507827846e-01,7.406171089963912157e-01,4.567380413137189232e-01,9.265149897092614939e-01,6.824061799848079035e-01,9.779130921286960376e-01,6.064064413063552372e-01,8.366373205496442644e-02,5.551136489471875102e-01,9.946850559177621287e-01,7.709494385803699057e-01,6.459570904841182015e-01,6.813859797093764215e-01,4.533002247365475745e-01,8.723157309340910937e-01,8.202524104049037090e-01,5.073781178030259964e-01,6.081430947075162630e-01,8.330805778527445860e-01,6.019813944466156919e-01,7.827028138821267023e-01,4.625990131214754997e-01,4.925461594587651204e-01,7.194304429799189826e-01,8.125374891007248745e-01,1.675665651279443225e-01,7.712404332120413875e-01,9.313061589459632750e-02,5.340676490130014109e-01,9.134952414830153078e-01,2.256764650858928412e-01,5.311481531716122362e-01,7.406605877690041195e-01
8.785413728659793309e-01,6.544669545640811048e-01,9.310932174896393576e-01,6.240435277301453060e-02,8.920087685348556672e-01,4.590576984823948048e-01,7.508580691406255836e-01,8.423128737527917353e-01,8.301312096650009797e-01,8.044116566922847600e-01,8.339763538450746250e-01,2.972604684178850043e-01,4.397141237782670187e-01,0.000000000000000000e+00,8.674607528463382788e-01,5.806511261540203694e-01,7.191079566880406171e-01,5.006179899916871623e-01,1.111076893996836290e-01,9.369364060951511641e-01,9.421648272839638905e-01,4.292912200707167947e-01,4.095948311125329200e-01,8.219932067131024978e-01,2.014282570637179748e-01,2.861739422313682168e-01,6.494855721817569538e-01,6.148494721332944390e-01,2.756346746604554365e-01,2.458710121792258563e-01,-1.730575327217442894e-01,6.301699337112013355e-01,1.038943516561315755e-01,4.421668251049761245e-01,4.421057640800734601e-01,6.640366474934542573e-01,5.147534285925768893e-01,7.942999312076918228e-01,4.705541332228495022e-01,9.249605991937921434e-01,5.703786084020787683e-01,9.884379414789589147e-01,8.917456537843903019e-01,6.444669431368678092e-01,9.047929032855495102e-01,9.588366180483406387e-01,6.941271195693067275e-01,9.784151364707698306e-01,6.796548191105076242e-01,5.195419212487454308e-01,4.045550312902368439e-01,8.964873936244912578e-01,3.729748796054197513e-01,4.239948821505488269e-02,2.706409325107763664e-01,9.297707216596653446e-01,7.436182712459520339e-01,7.322156870399119111e-01,3.569361141320316344e-01,9.909874300617521614e-01,4.340899835236211590e-01,4.249035602830468772e-01,9.886025352609348893e-01,9.096678945038938480e-01,2.290611572864697243e-01,5.252861071965936324e-01,7.623003178303593419e-01,6.020742681405002461e-01,9.323321509269211216e-01,7.299385806430400692e-01,6.447633329889814746e-01,2.831441734305402136e-01,8.228636327597538269e-01,3.474316198287328294e-01,5.995795400711203538e-01,5.594596520296027942e-01,4.300404001540828469e-01,6.397595712161168180e-01,5.232335783523685002e-01,3.938684025963951063e-01,9.760506993878746984e-01,4.247848082672247561e-01,9.377706355445610820e-01,7.817906621194956607e-01,8.076928115044753609e-01
8.366268743933704677e-01,3.347932177042732826e-01,8.835142753278394379e-01,7.716399746937026016e-01,2.621763254876553484e-01,5.655493339755074400e-01,4.296432892570321016e-01,4.879469329746345396e-01,7.990318005036856075e-01,5.408759632535310446e-01,1.656050139469536150e-02,6.574777954512683875e-01,6.040157305357949369e-01,8.674607528463382788e-01,0.000000000000000000e+00,7.841818952728560888e-01,9.208710296717841359e-01,8.514475788004057799e-01,7.797143592137285584e-01,8.465170471342221559e-01,7.765945510786295136e-01,7.976117737369274874e-01,7.540072632776642081e-01,9.597977941352275888e-01,4.627917142967780118e-01,9.966559792958546993e-01,7.824887099082781239e-01,6.970881492660114809e-01,5.871843108706907843e-01,8.497906781701541901e-01,2.632656691529426385e-01,5.619207506437355892e-01,8.507737195565104882e-01,2.076739633651648043e-01,8.903169550344380845e-01,1.822279787159080677e-01,4.814731194229734390e-01,2.003693865571171406e-01,6.212710354451673744e-01,7.757251583925182103e-01,6.378327765118654291e-01,6.194536981074232340e-01,7.128751615614534742e-01,7.316960359682385118e-01,9.612479633403230306e-01,7.366665059734430754e-01,4.868508690424464547e-01,3.105011332727756757e-01,8.823276985289230101e-01,8.415790818059973866e-01,6.479265557335152081e-01,4.718311877658269426e-01,8.421809879332741167e-01,6.780440108703748026e-01,7.672272522232495007e-01,9.836257195942504916e-01,1.221795534741186295e-01,4.205571767836536745e-01,8.376172766226633870e-01,6.817074761862648158e-01,4.750992884932088156e-01,5.938763667780746491e-01,7.577936510076109800e-01,9.788132394596765762e-01,8.262137713977799613e-01,6.770788010542340141e-01,1.130336477136847928e-01,4.485289850549035728e-01,1.393770071695576429e-01,5.203219774161544908e-01,8.020719889246382683e-01,7.802640540514413914e-01,7.916031424867533417e-01,3.809774878447600988e-01,1.130791071777304535e-01,4.910519235450261921e-01,8.884109079287825228e-01,6.220604365218806997e-01,-1.712480361839090748e-01,2.207651968195176867e-02,5.336441572478739515e-01,4.700812337456152235e-01,9.751688092158246057e-01,6.498439779607466660e-01,4.762230078209036543e-01
9.367058346061838403e-01,8.574428128389846027e-01,6.388803689933015839e-01,8.763272382419033946e-01,5.070411925991478164e-01,9.783609442913183685e-01,5.373726346149010347e-01,6.564534988940436966e-01,6.464213912648655302e-01,8.188032049434457171e-01,-2.566688477220952502e-01,4.215327206313419506e-01,8.407502866258322882e-01,5.806511261540203694e-01,7.841818952728560888e-01,0.000000000000000000e+00,9.864790633140290144e-01,2.961244081616740131e-01,6.585427774640910670e-01,8.436995411554751856e-01,9.966287429123035224e-01,4.441528195082476982e-01,8.506547991945929699e-01,8.577605847457716592e-01,9.903141636204102483e-01,7.365585834084440453e-01,8.473128750424150368e-01,-2.058695263176103518e-01,1.334444356307658008e-01,2.397079662078696605e-01,6.007515730839300128e-01,5.756737380052751041e-01,5.729858610430905719e-01,7.446806544547999174e-01,7.909326449018103666e-01,6.245209522764975096e-01,5.188511803706682413e-01,9.265222105249540929e-01,9.944894385210047982e-01,7.342766735106405207e-01,2.634945620417505352e-01,6.785588178851479357e-01,6.440404783615898410e-01,7.519516140552693351e-01,7.520386306357622619e-01,5.249776182268666158e-01,4.306981486565037986e-01,6.330691916649678896e-01,6.012500275825517493e-01,6.228774264079414147e-01,6.398150010174173952e-01,9.856078781116991427e-01,5.577981480045745011e-01,2.862596595122427479e-01,8.176322159452272809e-01,3.855560369758541661e-01,8.490880899405049975e-01,8.527388235507257219e-01,8.187488436172705164e-01,8.945856693972209853e-03,7.612683461731095669e-01,6.551752466172426903e-01,9.590871273708949651e-01,8.314382410499259191e-01,7.820574908898353383e-01,7.935686169071783924e-01,6.689832307557350699e-01,3.620549258251409275e-01,4.779749151636915605e-01,9.391029723919168681e-01,9.055920419839176283e-01,7.611709200863432390e-01,6.697144862719550673e-01,5.648785232353914498e-01,4.027967155935620047e-01,9.438253564513913174e-01,7.364121780374341952e-01,7.172440537382949177e-01,6.626146889685921026e-01,1.054677793801841457e-01,1.602167888746250102e-01,9.699871273283198203e-01,6.612702133765894219e-01,7.177869698928123210e-01,9.569237082301038644e-01
7.591356715206991623e-01,4.498724668072118793e-01,8.446939840880668404e-01,3.379663573898289419e-01,7.310685583222339412e-01,9.187515203603504599e-01,1.122350226037725079e-02,7.115825852574789723e-01,2.052150357863268271e-01,9.027228748086216781e-01,6.290111059727201415e-01,5.302278606115093940e-01,7.338016823859737636e-01,7.191079566880406171e-01,9.208710296717841359e-01,9.864790633140290144e-01,0.000000000000000000e+00,5.418907578626718236e-01,7.173692770500201821e-01,9.422965623223086284e-01,8.324534440495786614e-01,8.869446200331911889e-01,2.899428597983209621e-01,4.462394094056638116e-01,7.176348486802524018e-01,8.857826412789668868e-01,8.493804692981002935e-01,9.001994450188003372e-01,7.025735002821149600e-01,9.412796912063176036e-02,6.038097088623134434e-01,8.611387664807611531e-01,5.832194670307886408e-01,5.724644339547806382e-01,8.219707087599040785e-01,4.362423752175988989e-01,4.716769487048388942e-01,8.320510621504599857e-01,6.177588139116488852e-01,3.785784438497343807e-01,6.163282070883892017e-01,6.324813103996301811e-01,9.973265622878029202e-01,9.555306757339659951e-01,7.593381538528418684e-01,6.653686063114284677e-01,7.001023344777459467e-01,8.158582640748672787e-01,5.942550836851989704e-01,5.608437036316623603e-01,7.872572925560910040e-01,3.251286672617683671e-01,9.241030941612456973e-01,2.708744833444294287e-01,7.387583126962271596e-01,9.277679584351855580e-01,9.116315334170204121e-01,8.167115302763541251e-01,6.712761718495624530e-01,3.880001180306096864e-01,8.969213526322288299e-01,9.661045120166751321e-01,9.363623496595723239e-01,9.157963034993156226e-01,7.473634221422803536e-01,9.315669701295168359e-01,8.064995020145918625e-01,5.467645750845330221e-01,6.304193665018577031e-01,6.010868569653560201e-01,8.930455067802673952e-01,6.678129307455791253e-01,5.525447650441888126e-01,5.173683840329729167e-01,6.938938630840635335e-01,7.094006978319307155e-01,7.229457267200403159e-01,7.492321616128720940e-01,6.785738686626786587e-01,5.158742485973558667e-01,7.289698532229543781e-01,9.686604460011419837e-01,7.758328299918206827e-01,8.617587070481451672e-01,9.826232650694818327e-01
6.582290099513867787e-01,9.327826213007240908e-01,8.781808923221157137e-01,6.184203842710134236e-02,6.457776587159759218e-01,6.434253234448172876e-01,7.375643909736964154e-01,9.633088338056987610e-01,8.214035724198088806e-01,4.845336201372920093e-01,6.779603827597305843e-01,5.193681430576374547e-01,5.504420422669973334e-01,5.006179899916871623e-01,8.514475788004057799e-01,2.961244081616740131e-01,5.418907578626718236e-01,0.000000000000000000e+00,3.125092983236371635e-01,1.613323635809288115e-01,5.382022730781492736e-01,4.107254705062393096e-01,4.714953933878285319e-01,6.580516880127111889e-01,9.630391331259243737e-01,6.230392290632583707e-01,6.990440594571648569e-01,9.363728721639780206e-01,2.043163101699132234e-01,4.696033168735662122e-01,4.427446516182334535e-01,7.184099362671517719e-01,3.559236812931321214e-01,4.405887734789762922e-01,3.090423426208621649e-01,2.221489484233617473e-01,4.741314612993611788e-01,4.506875204807401780e-01,6.730852101220337058e-01,4.863544712581847618e-01,4.239179161353007763e-01,4.826951242938010145e-01,8.522365807945091465e-01,2.984915765517697286e-02,8.360008406649970247e-01,5.148425412975973225e-01,5.140740974757065374e-01,3.194470631443222658e-02,3.816689551823031490e-01,9.784262596496932085e-01,9.357695550932146888e-01,8.009726377759145421e-01,6.353372203482645642e-01,6.232133756368197774e-01,7.586973653190295375e-01,6.955868761087927732e-01,4.654113456708527385e-01,5.330425170884203201e-01,7.933855807891789791e-01,6.245039585187832643e-01,6.310162003936645725e-01,7.436735622860490835e-01,6.769378415622362422e-01,4.957031965480892532e-01,7.537660421977978586e-01,6.655902779611992948e-01,7.112366226412517589e-01,4.561176023055168449e-01,3.813768146006638049e-01,7.028109296799956995e-01,7.103433526696927292e-01,8.813332464505964081e-01,6.017529033433596242e-01,4.689601188233761264e-01,4.263813682503739266e-01,4.023376428544178651e-01,9.951237620404017603e-01,7.037132833321243508e-01,6.075727436964054595e-01,3.613336398902076141e-01,1.865273615091779247e-01,9.930277935026676772e-01,6.803987498960640812e-01,1.350369045651867994e-01,-1.031991217831090824e-02
