0.000000000000000000e+00,9.700972038047090962e-01,5.515721454145149361e-01,5.239548736355301717e-01,9.571151644159225924e-01,5.352144404669261224e-01,9.940216519861511113e-01,9.278683412218503568e-01,7.434850122060658872e-01,6.225669273629507172e-01,8.753830134912921057e-01,4.427238510269652649e-01,5.337306880387424624e-01,9.225016494129857358e-01,9.039785808809953638e-01,8.208256576028951645e-01,8.071951007861634109e-01,5.291238171843918314e-01,9.076025823839845019e-01,9.217383632392316395e-01,7.758689977065367227e-01,8.157654695306482129e-01,9.328501957835861891e-01,9.208564373041755458e-01,6.960855820028972740e-01,4.237707502863431452e-01,6.336696811496512760e-01,9.665089655375092015e-01,6.228788254735919683e-01,5.577484568248898267e-01,2.607769285192326758e-01,8.572959136087491272e-01,7.473973915653593370e-01,7.738359960436764773e-01,8.446618360964774919e-01,3.579444792204481418e-01,4.017430160449525500e-01,9.986741421259719420e-01,9.553026968699316335e-01,9.888981438203042762e-01,3.664982877376742887e-01,6.586438092065802774e-01,8.888835633943037440e-01,6.736729483087535719e-01,9.039032220936830120e-01,8.188841225875993501e-01,6.619320829117802951e-01,4.643701918100837656e-01,8.898213856688361734e-01,9.438812539898733256e-01,2.443695077193039356e-01,3.478208052088627156e-02,4.392904693698139740e-01,6.279657517717904813e-01,6.665276689429520118e-01,4.596007488941152852e-01,7.480491391459331840e-01,4.899139446191712599e-01,9.604782916602223608e-01,6.657742184219535009e-01,6.619161937588075029e-01,9.316490065188374192e-01,8.989373321012208429e-01,7.471485197384973853e-01,7.481490882983766744e-01,9.456887799692534902e-01,9.855317630540559870e-01,9.619301810142606435e-01,8.107350998334688086e-01,2.220499793383048925e-01,5.762656884790037237e-01,6.902879759617156497e-01,-5.199629326881222147e-02,3.928556981522154379e-01,7.740922790470236015e-01,5.218550060720759110e-01,7.909092066650190711e-01,9.933030425572666466e-01,2.229676621612191323e-01,2.559888493028500966e-01,4.005544429961144237e-01,4.521985193487623733e-01,9.062996964193686944e-01,6.899517282859772838e-01,9.424110999740545891e-01
9.700972038047090962e-01,0.000000000000000000e+00,8.125096195579804004e-01,9.231026776782952359e-01,5.166091810281180363e-01,6.614275593124733232e-01,6.962736119965426962e-01,7.316893491850736675e-01,7.849554993075266163e-01,7.576628171216562846e-01,7.937335704512231693e-01,9.596549367144898701e-01,5.705084909404046778e-01,8.128611416265623113e-01,4.691629736012494778e-01,7.362006836833494550e-01,8.463193762974474676e-01,7.005796586809129867e-01,3.503159425856088305e-01,6.308193898407391531e-01,4.509747376343864467e-01,6.472015668159022406e-01,7.811096660918501744e-01,8.642938275522780156e-01,6.496039577405021692e-01,6.653195816878028079e-01,6.454627207084751017e-01,9.271550879800853906e-01,3.186849024132653030e-01,5.944524455589286216e-01,6.202678087658918260e-01,5.496846693791905825e-01,7.595057436049684751e-01,-1.286264315568696470e-01,8.468960979834099234e-01,3.205317570675657590e-01,3.572139847246517674e-01,2.945134008523423441e-01,4.068391429114151525e-01,8.373085618357678506e-01,1.886057725008256636e-01,7.986680403499435421e-01,7.418485690084233308e-01,2.954206852710780651e-01,7.823530990949518760e-01,9.361519367550265036e-01,6.002541987234862875e-01,4.558235733374606524e-01,4.209470031432513970e-01,4.312444514768818543e-02,4.043470113294145296e-01,5.133905457837074637e-01,6.958493708869786243e-01,9.238552077981906363e-01,9.454509972811173668e-01,9.771933411376272360e-01,1.340458157651383264e-01,8.659090482222793206e-01,5.765965115328801627e-01,5.926992976933247448e-01,5.519653658919710937e-01,6.323249874996347275e-01,9.916723828379737649e-01,6.132235679773435644e-01,8.648430480168747270e-01,6.245839619711558433e-01,9.331315180317079072e-01,7.014346359897751793e-01,4.720750371394202283e-01,4.671698393187478926e-01,8.922799137373720324e-01,6.423552314487868120e-01,3.277581032632284064e-01,3.428082975853402603e-01,7.130007276962878615e-01,8.473324826626397188e-01,7.865211092499826417e-01,6.797798147472677854e-01,2.369506854915808536e-01,5.143472165981458621e-01,8.432818854649096751e-01,1.671927450084211009e-01,5.357976948656516525e-01,3.871807764747218217e-01,4.969446772754664288e-01
5.515721454145149361e-01,8.125096195579804004e-01,0.000000000000000000e+00,7.525229742788491771e-01,8.436522919732314385e-01,8.112458113379090729e-01,2.476987990223109004e-01,8.762760786840108063e-01,7.564192534333981088e-01,5.684689925900565655e-01,5.917956484253872329e-01,3.553792212876707435e-01,6.564113129853941242e-01,9.130276036517410709e-01,8.671051365956935486e-01,9.081623915291040516e-01,7.216840105068491606e-01,5.239367166587909352e-01,7.206496664715619227e-01,9.147109159139347190e-01,8.074021103688728829e-01,8.446137326401560452e-01,8.508756744890828561e-01,8.762216798509859794e-01,8.098953565085841300e-01,9.621481961804869698e-01,8.679376709272035306e-01,8.156608648086333124e-01,7.244082748094309299e-01,5.444726219729986161e-01,3.950253717449168089e-01,9.738952463819956495e-01,9.930384448033852118e-01,9.152285514015666701e-01,5.899991786903240332e-01,3.850291177371662488e-01,4.460796056898752027e-01,4.519773973692263747e-01,6.722783793817430631e-01,9.757943060884999298e-01,6.023247140601964977e-01,4.638683142588244657e-01,7.202087216246766399e-01,9.985338075811751590e-01,6.950789998171557071e-01,8.442573806019783023e-01,2.631927217640360750e-01,4.047059924165137268e-01,6.235711928635819801e-01,9.448506528901725599e-01,9.576295790220088477e-01,8.125536361788341377e-01,8.183215258980386375e-02,8.180088982770572503e-01,8.024820236707538301e-01,5.603814293862716678e-01,5.897017514593084764e-01,6.164834997817905116e-01,9.048018880270128905e-01,6.190831038487488724e-01,2.977359554240285866e-01,8.569279364772990348e-01,1.012166562737268766e-01,5.726166924503610645e-01,6.953542112912987072e-01,8.433862614103995181e-01,8.770944423374196219e-01,9.146541334147231250e-01,8.644841898078103881e-01,9.557256846582353749e-01,6.164367612901137106e-01,9.069662779851744849e-01,6.103902054955017142e-01,-9.590266206971824470e-02,8.645252193833984355e-01,9.562683050343750990e-01,2.063141235526520512e-01,6.116591593282608708e-01,5.407285162153534913e-02,3.889841157694085005e-01,8.761856069852824724e-01,9.097594041052958769e-01,7.445456342853560283e-01,8.726997591447923641e-01,3.868213256479133832e-01
5.239548736355301717e-01,9.231026776782952359e-01,7.525229742788491771e-01,0.000000000000000000e+00,6.959174014819198284e-01,9.462366529322880915e-01,6.923430645089657665e-01,7.857206995340909605e-01,8.583458496633491475e-01,5.342615143653103305e-01,9.575679428234888935e-01,1.387234708971930019e-01,6.393857748055749024e-01,6.164798825045437747e-01,7.430801948659535583e-01,7.048269763772773144e-01,7.252459611227706215e-01,8.821005571836250114e-01,8.857288314455076250e-01,9.508933668710565223e-01,-1.161003840683206140e-01,9.180856752015296163e-01,6.083046442075952243e-01,8.524767218738789065e-01,9.636251516245127879e-01,9.940455351092181147e-01,8.813687073448431830e-01,6.975763342534835321e-01,4.774477871698294407e-01,8.980906987453933787e-01,7.465379356871357786e-01,6.377889570125250263e-01,7.974807149266636142e-01,9.733887834272686446e-01,1.096172882925331021e-01,3.581002093993094215e-01,5.894969602437135636e-01,4.890944653535075348e-01,6.097141263890183405e-01,7.925945657959294621e-01,2.388548687302104734e-01,4.447840751967747086e-01,4.236160238643265075e-01,6.239008624208887133e-01,9.474126635236210792e-01,8.039973970919578328e-01,7.503993740679052449e-01,8.581109443882709575e-01,9.126828486065152735e-01,8.281928520992084541e-01,7.582052694811903804e-01,8.985962554506214950e-01,5.299158064172257987e-01,8.893737451294183582e-01,7.649626389310592023e-01,6.211099973614228054e-01,8.813718787149986689e-01,5.842903110058249583e-01,9.634853993976890685e-01,2.948831674240415257e-02,9.825887913323687606e-01,6.579499674854409896e-01,9.564454441828839082e-01,8.593899393564277123e-01,8.571749086709935517e-01,7.028406193749865416e-01,6.143922235845986624e-01,8.623638279908626414e-01,6.683789311298889979e-01,8.449434684239149895e-01,5.669526346550590734e-01,7.150891409321360470e-01,5.393037099839785853e-01,7.579222357147026301e-01,4.973663113631728860e-01,8.010618120127502850e-01,5.315429997733125411e-01,5.827031456771856188e-01,4.508523893891016043e-01,7.648982981514180768e-01,4.140361871202137833e-01,3.801398698033461310e-01,6.189748193606543492e-01,1.009420117820238327e-01,8.005464232198913344e-01
9.571151644159225924e-01,5.166091810281180363e-01,8.436522919732314385e-01,6.959174014819198284e-01,0.000000000000000000e+00,6.649745926583493505e-01,5.592225289291963275e-01,6.912077219586744148e-01,5.946492329117614162e-01,6.022605685131989794e-01,8.975331435428726135e-01,9.160737494775961220e-01,1.741898220746296300e-02,8.885003548150470776e-01,7.861301597373600014e-01,4.183436774981713069e-01,6.133341914342225198e-01,9.030458814403680146e-01,3.720311769919196210e-01,5.884328854063329839e-01,6.745662187356293860e-01,5.140705471142287264e-01,7.785646798669731972e-01,9.188217618918232965e-01,5.232288019281071678e-01,8.447297792096724045e-01,6.377371353572509616e-01,7.883952354500345372e-01,5.553233574509379711e-01,7.315004648449587865e-01,2.168137102687501261e-01,8.370212666485872255e-01,7.386148192847030725e-01,4.188327155409413138e-01,5.094328218423008758e-01,7.753430658316026181e-01,2.467551483697053016e-01,7.344593583439863460e-01,8.255068971671801759e-01,8.736396737593024042e-01,6.208364189038845238e-01,9.672785204389783287e-01,4.861785816679394800e-01,8.044674420259674275e-01,7.025503444265427389e-01,5.946098843650990950e-01,2.637384891210461935e-01,9.998877606384373173e-01,7.444669162459536249e-01,8.546148577830745552e-01,7.467267959979204672e-01,9.272030779846623938e-01,8.074816037281165038e-01,6.297672766524338162e-01,7.683952016560400278e-01,4.792214676418483088e-01,7.416173040024220953e-01,6.052556527619364912e-01,9.585569276369010350e-01,4.498559814821622149e-01,3.626251555768816859e-01,9.395985701894299380e-01,8.384002557699422598e-01,4.642099032381955537e-01,7.113311633664159972e-01,7.578052905130353567e-01,5.745443069129035907e-01,4.725045330175537406e-01,2.017206781005772553e-01,3.943386572500887643e-01,7.131277546118730548e-01,6.137424998177540836e-01,6.283097655706003648e-01,5.504557994343807215e-01,6.106142917821560934e-01,8.952962286406312975e-01,7.659252833917837844e-01,7.889337251969784637e-01,4.656721510555391075e-01,5.385056391576521495e-01,7.466438097466481238e-01,8.588615434202347965e-01,3.783339531342485573e-01,7.893616404151728716e-01,6.171611519491297937e-01
5.352144404669261224e-01,6.614275593124733232e-01,8.112458113379090729e-01,9.462366529322880915e-01,6.649745926583493505e-01,0.000000000000000000e+00,6.155567173475572362e-01,7.788644016734341813e-01,9.193157816119642556e-01,6.950265009738664235e-01,8.455804163648973359e-01,6.119314979885158712e-01,6.860262558638191566e-01,9.394703552920824485e-01,7.508618344294081259e-01,8.055370314497520834e-01,8.823287702665961740e-01,5.752386564855520579e-01,9.025653886144491267e-01,6.125866567312883149e-01,7.258825271661046852e-01,8.736012265165563617e-01,2.677165566278044140e-01,6.891603000382946487e-01,4.914997466833334050e-01,7.134889315169741231e-01,6.977811928159348698e-01,4.059732741194596595e-01,2.382965138822233930e-01,5.082873813521877615e-01,2.564841033681742322e-01,4.749486474477665476e-01,7.403392183318733277e-01,6.090790375508866594e-01,7.283255357366686944e-01,3.747599369898297894e-01,3.054062122235304266e-01,7.729345810013360518e-01,9.404389729598837677e-01,7.793987144226641739e-01,5.862965062868189525e-01,8.224524663370456068e-01,8.246604687606067241e-01,8.411414939219808984e-01,9.934151892483840118e-01,7.263733436603201366e-01,5.903824277206199955e-01,7.295529064295886990e-01,8.897808195905363426e-01,9.316039359659733510e-01,6.304371062922166091e-01,6.228001399163130003e-01,6.458365124117426692e-01,8.329618301407584191e-01,7.643129405118176400e-01,4.873768815264626353e-01,6.210265436657677052e-01,9.523201574476209963e-01,2.829514365821831912e-01,3.169851305172268208e-01,4.055534199744019741e-01,4.188473785386342407e-01,8.307649706393700484e-01,6.391375605412314975e-01,9.310860500819305718e-01,7.155670023334105290e-01,5.342244567515357367e-01,7.118041131516087416e-01,6.350571977618123531e-01,6.109478000078608639e-01,9.525162768461340468e-01,9.724027506116454944e-01,7.210794622465792614e-01,4.942259938887437754e-01,7.016672077069140423e-01,9.147178533655999644e-01,3.090210327209534924e-01,3.817172267047505008e-01,9.769695592717571320e-02,3.129866934548321961e-02,7.595959963421786698e-01,9.402283730876141998e-01,7.218745537765244302e-01,9.198962358310751597e-01,4.631320316871920251e-01
9.940216519861511113e-01,6.962736119965426962e-01,2.476987990223109004e-01,6.923430645089657665e-01,5.592225289291963275e-01,6.155567173475572362e-01,0.000000000000000000e+00,6.889435613908643230e-01,4.713874781277438419e-01,9.958528166946927218e-01,7.766981014369681580e-01,3.555961373829201744e-01,6.801763690338838986e-01,5.142046270406640529e-01,6.574674315352711795e-02,7.459439184214778917e-01,4.020625498707970924e-01,6.165765716815525543e-01,3.210648380394858781e-01,9.394443111920629530e-01,8.163495024200349004e-01,8.883352665287569394e-01,7.858264212877870136e-01,8.778188141498839414e-01,9.517840691846690682e-01,6.334997155256739676e-01,3.576842094096140956e-01,6.155659077739427110e-01,8.555111245720768698e-02,2.232109478104135625e-01,5.787848822138638161e-01,1.353144641629262790e-01,7.447383894942757321e-01,7.105351913265198771e-01,4.362251957550126735e-01,3.456707905472473641e-01,2.900308805192479134e-01,7.504616311213786473e-01,9.156498197141739182e-01,8.506430458059868194e-01,2.755797907126279478e-01,4.414643252083673142e-01,8.343525583333305518e-01,7.741564387593254937e-01,9.569422795866892040e-01,6.840429790422887235e-01,6.847024914936912232e-01,7.087863865302236333e-01,2.242417397435087500e-01,3.093069543917367770e-01,6.922885961065819993e-01,7.953545982526655234e-01,4.690443520607926464e-01,5.442330870843316015e-01,5.672116209573402346e-01,6.480752793537787326e-01,7.226617523130609566e-01,5.735283999446324499e-01,6.705077812177453467e-01,5.991267482715363357e-01,7.251815144204197816e-01,9.696726700810928135e-01,4.993278726971700499e-01,8.771151521147813046e-01,9.478221383920696352e-01,6.395205381503119568e-01,4.923420248808298982e-01,7.168779886969032233e-01,6.740427931928114624e-01,5.199062717762747976e-01,3.945937272199113721e-01,6.495750591603597357e-01,5.569651983538572715e-01,1.300317474238295128e-02,4.470810888353156098e-01,7.967811706865370880e-01,6.729555010884005206e-01,4.815471311958783862e-01,2.125278578618757797e-01,6.132062964408807604e-01,8.042269508690794710e-01,7.764470901400866154e-01,4.031783691608518683e-01,5.029499480792515298e-01,4.719803223937402148e-01
9.278683412218503568e-01,7.316893491850736675e-01,8.762760786840108063e-01,7.857206995340909605e-01,6.912077219586744148e-01,7.788644016734341813e-01,6.889435613908643230e-01,0.000000000000000000e+00,9.728819781430211311e-01,4.206106227975486278e-01,5.077059127980524389e-01,6.475776185043621291e-01,7.059480282593546541e-01,8.385817888881076376e-01,5.872167239775918368e-01,4.817491372848377584e-01,5.035915596384988868e-01,7.130161811883980461e-01,7.505154976124580601e-01,2.232444577580976752e-01,4.965350814262651236e-01,2.570401657908453208e-01,9.482786241003005046e-01,9.372579893740971002e-01,5.127169333383601035e-01,7.310489868478887709e-01,7.957172222651057725e-01,7.764229787106433633e-01,2.400309741804299291e-01,4.427639784698235714e-01,2.674159656871963886e-01,7.073442414451474036e-01,8.192173828433219063e-01,4.140157985024671694e-01,4.751454161008865085e-01,2.814237129403376891e-01,5.892855506580625402e-01,7.330985302760965050e-01,6.170680487431440264e-01,7.578821861487355926e-01,9.895739239050065361e-01,5.860969889652577480e-01,8.415257618830604969e-01,4.008435419985618697e-01,7.230713068589301740e-01,4.417564676325254625e-01,3.850312398882044240e-01,5.653278779309715008e-01,7.524897045140837015e-01,6.716696464841235281e-01,7.468743435286485655e-01,7.221387560093267544e-01,5.501020422899565165e-01,2.467376391844292582e-01,8.825186232701691669e-01,7.848544236565073717e-01,8.294979164104968605e-01,7.703530483139304774e-01,9.364671525187503454e-01,2.009084559686755422e-01,5.550198698712855983e-01,7.584512531611922181e-01,7.656558574337839485e-01,6.533244394639314834e-01,9.929408716694515524e-01,3.757326886004520028e-01,6.160322137481981652e-01,8.272337016987395542e-01,6.679570090604498578e-01,5.761752917403137886e-01,4.472046707515644481e-01,4.708164292937245810e-01,4.706516466643091978e-01,3.606369908162200266e-01,7.160484328315807057e-01,4.111474525383057577e-01,6.810427440754598383e-01,9.294117121993331621e-01,2.120145650010225591e-01,4.809505471977387758e-01,7.980337283920291291e-01,6.470641122417815083e-01,7.320578216831387097e-01,4.063425370077798360e-01,4.020186738781540980e-01
7.434850122060658872e-01,7.849554993075266163e-01,7.564192534333981088e-01,8.583458496633491475e-01,5.946492329117614162e-01,9.193157816119642556e-01,4.713874781277438419e-01,9.728819781430211311e-01,0.000000000000000000e+00,3.985500421757318668e-01,9.262727146874960571e-01,4.487129824569176528e-01,6.185996015035799545e-01,6.515077411970678078e-02,5.684135657673229369e-01,8.637429648361545365e-01,6.955233210090758789e-01,7.417122143428034331e-01,7.749128297681197042e-01,2.331216955891673714e-01,9.588161033224245067e-01,4.621128621585949281e-01,3.727779032156861572e-01,5.274087452063054293e-01,4.685372470388319832e-01,3.243730439132895271e-01,7.738254203696357525e-01,4.715137352557901007e-01,6.406812544127943321e-01,5.897712596761460757e-01,7.807805658521592695e-01,8.328294953274860690e-01,9.571414263634752118e-01,7.416614296437763487e-01,8.139933921156790042e-01,3.775130127732250762e-01,1.683786741076321314e-01,9.984797621816902113e-01,8.089546367887862077e-01,9.022575874594193079e-01,2.525639645793057997e-01,6.806057761455776012e-01,7.055719520155060431e-01,9.848884773999905251e-01,8.298152219116854411e-01,1.781253140101006216e-01,2.451348712752978165e-01,4.614165024806822224e-01,8.141661983523926782e-01,2.362527830494515757e-01,3.176286123520581373e-01,7.886479535168485766e-01,6.007953571191125830e-01,6.067726214303047483e-01,8.654739594088768362e-01,7.200100843149650487e-01,7.291921656843494137e-01,2.888165596161942350e-01,8.001043352316260515e-01,4.135854580096089972e-01,4.826424261603926014e-01,6.463806485776547595e-01,6.707564493402244921e-01,6.607432951252408815e-01,4.163409479060978802e-01,6.424055197184156407e-01,4.764764869777805556e-01,7.791387769793420848e-01,9.523560352429749631e-01,4.059633825888440128e-01,6.408118005325034172e-01,7.565453274272809780e-01,4.115388714491602373e-01,3.438697884886021128e-01,8.947665784519969190e-01,6.359019323692485237e-01,9.553815934360037065e-01,6.213975262826608725e-01,6.406522707369174396e-01,2.010688761888153597e-01,5.907977347385808820e-01,8.169182827886392051e-01,6.960531181009510515e-01,7.786708721967622315e-01,6.486764497007739827e-01
6.225669273629507172e-01,7.576628171216562846e-01,5.684689925900565655e-01,5.342615143653103305e-01,6.022605685131989794e-01,6.950265009738664235e-01,9.958528166946927218e-01,4.206106227975486278e-01,3.985500421757318668e-01,0.000000000000000000e+00,9.921842607386732737e-01,6.020958871944609436e-01,5.613789244922399169e-01,8.690400543238420150e-01,5.712659660246076632e-01,7.487728499542506411e-01,9.644648153777392041e-01,9.729413494017757902e-01,7.724733710125675223e-01,5.177676025729701648e-01,8.633254519276702954e-01,2.973220514195234476e-01,1.639503124637773368e-01,8.315153410040295734e-01,5.294364563291750203e-01,4.083998287517087711e-01,6.139155418531627717e-01,8.181004576397158390e-01,7.975568534726509284e-01,3.855032041642580953e-02,6.790747115222577346e-01,3.590598526883411745e-01,6.756601519228599972e-01,6.923535346489764208e-01,7.548821935087262069e-01,5.039537270252205658e-01,3.569971380213073087e-02,6.425987686965262125e-01,8.848944044844514467e-01,8.814994690545172595e-01,3.692721359714130069e-01,7.805101709126262000e-01,9.050157084327070667e-01,8.918671641464446243e-01,8.245445486843537841e-01,4.746832609613341747e-01,5.911174831539481866e-01,7.586698294506045714e-01,6.999746912596935822e-01,4.971796176810401313e-01,7.385643463042439461e-01,4.109448053782063237e-01,6.556158323425026468e-01,6.634627016880887407e-01,4.427003930339103444e-01,9.785767489299437294e-01,8.943830127805471042e-01,4.597847071505009597e-01,9.114229557151918293e-01,7.739422214426231461e-01,7.649901062679062003e-01,6.063656025953655382e-01,1.742566405579462629e-01,6.576242192408967568e-01,8.224493694949482903e-01,7.995148015130865149e-01,7.449832821139237282e-01,9.402317681678764583e-01,6.575281282043793363e-01,4.300162876174402071e-01,7.578591709131933252e-01,9.619780677202663943e-01,1.378239989155723988e-01,3.714555830390049440e-01,6.822991859574076834e-01,7.253282369741061997e-01,2.971908705096985570e-01,5.286408420507731076e-01,7.886768090292310962e-01,5.107883271658670843e-01,8.774780284775303141e-01,3.548911206290732423e-01,5.794552981389086144e-01,2.259437045808949385e-01,2.029520535228217792e-01
8.753830134912921057e-01,7.937335704512231693e-01,5.917956484253872329e-01,9.575679428234888935e-01,8.975331435428726135e-01,8.455804163648973359e-01,7.766981014369681580e-01,5.077059127980524389e-01,9.262727146874960571e-01,9.921842607386732737e-01,0.000000000000000000e+00,6.140018596515895988e-01,5.457299250634720655e-01,9.180422321729507784e-01,5.230710904138659023e-01,5.243331294449652402e-01,9.849651253896831715e-01,-1.078826053792954348e-01,7.799655278867521080e-01,7.926145458235407393e-01,9.534895269146698160e-01,6.377695235353473269e-01,6.091150618980131215e-01,8.614741656715648732e-01,5.308993535905993655e-01,8.645846428029602126e-01,6.739403212020517175e-01,3.335862571902705742e-01,4.927719384620441456e-01,2.021717191374167999e-01,8.463582376851371825e-01,6.043342037707868375e-01,6.338041366823650158e-01,8.900074217326841008e-01,4.652621826804027583e-01,4.141010223098803844e-01,3.226036467143354042e-02,2.839690229399826071e-01,9.101661554425612977e-01,7.169820746435365821e-01,8.266684078640406108e-01,6.044754650216345171e-01,7.705516293394233385e-01,6.638495695490869153e-01,8.694328356093323773e-01,6.974938901726398521e-01,8.697497016526768432e-01,8.196075374540174874e-01,6.922934597043620686e-01,5.624298742995008649e-01,5.334081628605145120e-01,7.515173248626380031e-01,8.022203223494912550e-01,7.867455356085164553e-01,8.461877499845456008e-01,4.640604938459202411e-01,9.045182002297248447e-01,1.333392519908460083e-01,6.901531802641117652e-01,3.897637397766590128e-01,6.900857963756948377e-02,6.539033921097532343e-01,9.794948469371077548e-01,8.453303629641985006e-01,8.245428415907308795e-01,8.942291707868805783e-01,9.170702398436167968e-01,9.581211857748712646e-01,3.477244586049914599e-01,4.039728107202609220e-01,6.173398966390067910e-01,8.355302590125002205e-01,5.521433582612212954e-01,7.596563080775016186e-01,7.034416688505445991e-01,7.107362440503363077e-01,4.673837556579788499e-01,9.808325570817369998e-01,1.225059673904999036e-01,1.340862259259565092e-01,9.512280908467392049e-01,6.932049970378003634e-01,9.141324741675114218e-01,2.647520496928829070e-01,5.702221439897580124e-01
4.427238510269652649e-01,9.596549367144898701e-01,3.553792212876707435e-01,1.387234708971930019e-01,9.160737494775961220e-01,6.119314979885158712e-01,3.555961373829201744e-01,6.475776185043621291e-01,4.487129824569176528e-01,6.020958871944609436e-01,6.140018596515895988e-01,0.000000000000000000e+00,8.550553507183770163e-01,7.546616602684645958e-01,6.925387520107242345e-01,5.509173031504392970e-01,5.064173906077915621e-01,7.414326966756898951e-01,5.185110562199427564e-01,9.201927542140860838e-01,6.852655068712854014e-01,7.983563559054172032e-01,8.757922790908194699e-01,6.355430227319064374e-01,1.681998461252197652e-01,5.609595165128912209e-01,8.857399222237059000e-01,7.960530746068795738e-01,6.496475036827986660e-01,5.832804483649566274e-01,6.731573807306541202e-01,2.862912357940702868e-01,8.522439385549167579e-01,2.732880708215690291e-01,6.014220981962873358e-01,4.777203971155291606e-01,7.433182821381072169e-02,6.946642080024256760e-01,7.402958976499482979e-01,6.057192609009142137e-01,6.989874921580772060e-01,8.209264196795919011e-01,6.896367924694848384e-01,5.187429466354819274e-01,6.398498582531459977e-01,4.463778545465781900e-01,6.283838143102671303e-01,5.776738860958312571e-01,7.081595400232536530e-01,6.089810242967416132e-01,5.316488988236720559e-01,6.634491846315804242e-01,7.380894697897858459e-01,7.759729492550128116e-01,7.856353317089554977e-01,2.621485999794616606e-01,7.265796227902653337e-01,6.783130607840828219e-01,9.322890153575611460e-01,3.313852930329735935e-01,7.866256830503424169e-01,7.423226930192365902e-01,7.190837447401984273e-01,6.302743981290592767e-01,9.857620854014943479e-01,5.342764652568241512e-01,3.689689834853432382e-01,7.550205952730693060e-01,6.199866872259160999e-01,6.930957863771445293e-01,8.157039247191447684e-01,5.051188855619936913e-01,2.422218448872376084e-01,4.190209766768395738e-01,7.244507300531404237e-01,6.010581191515721455e-01,8.999180542004215910e-01,8.743909137423622191e-01,2.923755058026518139e-01,4.797435853444069753e-01,7.564486412808454352e-01,6.816173601614806676e-01,8.479130478075229682e-01,3.090906204377034117e-01,7.216105474281774290e-01
5.337306880387424624e-01,5.705084909404046778e-01,6.564113129853941242e-01,6.393857748055749024e-01,1.741898220746296300e-02,6.860262558638191566e-01,6.801763690338838986e-01,7.059480282593546541e-01,6.185996015035799545e-01,5.613789244922399169e-01,5.457299250634720655e-01,8.550553507183770163e-01,0.000000000000000000e+00,9.578887600598069429e-01,9.456494974125332353e-01,9.171454443823032765e-01,7.716156384990519035e-01,6.351808328806629600e-01,8.188217430185690260e-01,8.439783771699984616e-01,7.233768912715857757e-01,6.695683120474871242e-01,8.568937647009523539e-01,3.422093650224018457e-01,5.134044558917826295e-01,8.402406519387322081e-01,7.845725298871619735e-01,7.124742291966092989e-01,7.773588840859659843e-01,5.374289083816038426e-01,1.748177516750427096e-01,4.075072881695937510e-01,7.043596643436966787e-01,7.150360626496702343e-01,9.084536882823149861e-01,5.595766658785485959e-01,5.498691042162158205e-01,7.073100232608154903e-01,9.078840422897496154e-01,5.327080163746521491e-01,4.233560782967958902e-01,8.002048514931050516e-01,7.310792008225105443e-01,9.113468250030382078e-01,8.192486450451101909e-01,8.293821481503801385e-01,7.259593512007584959e-01,8.288469847167134752e-01,1.246515398811270381e-01,8.205874511906039448e-01,9.547104740634430042e-01,7.092397248404591625e-01,7.412072768563903180e-01,7.950458174321215488e-01,7.824713626719886905e-01,9.256149044037125240e-01,8.040907463823580015e-01,9.571395231976634888e-01,8.603011771686305265e-01,2.056460314461748262e-01,4.705037479109891452e-01,7.937990181766749753e-01,9.552946333879037688e-01,9.747897331312678215e-01,8.673313414559784551e-01,5.996820030464580231e-01,4.870520967719956795e-01,6.669162044173023718e-01,4.983096907492777228e-01,6.599621654366158996e-01,7.474770653737994319e-01,6.964964828153634713e-01,7.304807245133781990e-01,5.183888461729881936e-01,6.516166713350010076e-01,6.958967289406463586e-01,4.143839639974211675e-01,6.741244600337471526e-01,2.366162238303033127e-01,4.324941753317399495e-01,4.780221305368638207e-01,7.082129979199002223e-01,9.065146252455753562e-01,-1.164258588450290954e-01,4.279317622401074273e-01
9.225016494129857358e-01,8.128611416265623113e-01,9.130276036517410709e-01,6.164798825045437747e-01,8.885003548150470776e-01,9.394703552920824485e-01,5.142046270406640529e-01,8.385817888881076376e-01,6.515077411970678078e-02,8.690400543238420150e-01,9.180422321729507784e-01,7.546616602684645958e-01,9.578887600598069429e-01,0.000000000000000000e+00,6.375825766527538629e-01,7.582153497376644680e-01,-1.368963440262324638e-01,4.807753459587722489e-01,6.648236080882639065e-01,7.139115530375863550e-01,7.573709740925226308e-01,9.936489224986257973e-01,4.548406963130695591e-01,8.371006197726038600e-01,9.328845420840474745e-01,6.777334872773824737e-01,5.263219456530965346e-01,8.109341813722404924e-01,4.984937017086779054e-01,4.339489738842124966e-01,5.013665203630248701e-01,6.022587939772985344e-01,7.274528132369609823e-01,5.346321162286734596e-01,8.305123962617982913e-01,4.525541424944217739e-01,1.937251722198842507e-01,4.999047270515573071e-01,6.492337990498505684e-01,7.760334452039877595e-01,5.851238149608510852e-01,8.558220592302885343e-01,6.800424284867507829e-01,8.502024571322274182e-01,9.125424206914174441e-01,5.937980368140624021e-01,2.669386641016399109e-01,5.399432440922536935e-01,7.352097374757775583e-01,5.007965007735424301e-01,9.207338202697502583e-01,7.961154352585144700e-01,6.984688237574326886e-01,8.512428323334237934e-01,5.778755118100815658e-01,5.030951311828369965e-01,4.827953780441444076e-01,1.401391362122738904e-01,8.105699220321124221e-01,6.734487696890902875e-01,3.804167541903682448e-01,9.914899285556132424e-01,5.507548326886467782e-01,9.176903523522143002e-01,6.127722247953438783e-01,6.223071725767953533e-01,8.291099454987204131e-01,5.066119029325035772e-01,7.264697510878905806e-01,6.103677334527403131e-01,7.568731003275165348e-01,6.519046953821259205e-01,7.067740120032004469e-01,5.241783932127560552e-01,5.201993149725091525e-01,7.804372956740097678e-01,8.203425704698332765e-01,6.542692811496408911e-01,7.132940218381640385e-01,1.306753306979193952e-01,5.710197191729367017e-01,8.080722226228097549e-01,6.945649251934171708e-01,4.222691026552424787e-01,7.315500215247682236e-01
9.039785808809953638e-01,4.691629736012494778e-01,8.671051365956935486e-01,7.430801948659535583e-01,7.861301597373600014e-01,7.508618344294081259e-01,6.574674315352711795e-02,5.872167239775918368e-01,5.684135657673229369e-01,5.712659660246076632e-01,5.230710904138659023e-01,6.925387520107242345e-01,9.456494974125332353e-01,6.375825766527538629e-01,0.000000000000000000e+00,9.983148794294806061e-01,6.657063039754502753e-01,4.796229220696942575e-01,9.584603338550931051e-01,9.023282792477248515e-01,5.392487865208527298e-01,9.408535141968715765e-01,6.817528935315609884e-01,9.583533931276319029e-01,7.502093947078223302e-01,7.092234775384643752e-01,9.107203186909142989e-01,4.216040242540831651e-01,7.522843543164382529e-01,6.107348368299421182e-01,5.166787931904754938e-01,7.830734691574067208e-01,6.938926377785282762e-01,7.821797479831773536e-01,7.339108897736356107e-01,5.155922771931887860e-01,3.386214889181469179e-01,3.927306440798840059e-01,8.103585622360367502e-01,9.808886707409469885e-01,5.679735447490671385e-01,7.558764191895288587e-01,2.697332828435846652e-01,5.067714950346817737e-01,6.301145266604505357e-01,7.445673158324868091e-01,6.575439380880037099e-01,3.162145545427503257e-01,1.884807712102340160e-01,6.288158609121337062e-01,5.946856365190361648e-01,7.333746288776652467e-01,8.905499775921342787e-01,7.352201244139524583e-01,5.600798865064650078e-01,2.743284000462563599e-01,6.573897302164780632e-01,7.274383578878098611e-01,8.223925605845280318e-01,6.079928307436636148e-01,6.876333088230095480e-01,6.222407088235216710e-01,4.235454420582942525e-01,6.345934298750609548e-01,9.397025933457030522e-01,5.186561875406690003e-01,7.125971897117342468e-01,7.115432193264730198e-01,4.916930947602180524e-01,4.124383222741350163e-01,7.553839764208475360e-01,7.953437194586361336e-01,4.562640924989146418e-01,5.101416828421054817e-01,4.589450269149313311e-01,7.478058163751007958e-01,6.629925097826561142e-01,3.969945110928972953e-01,9.028088831225244970e-01,4.806550253133243245e-01,4.789813716753613670e-01,9.451739699320018673e-01,7.866953429289721411e-01,8.444004442834682767e-01,9.219403027889744306e-01
8.208256576028951645e-01,7.362006836833494550e-01,9.081623915291040516e-01,7.048269763772773144e-01,4.183436774981713069e-01,8.055370314497520834e-01,7.459439184214778917e-01,4.817491372848377584e-01,8.637429648361545365e-01,7.487728499542506411e-01,5.243331294449652402e-01,5.509173031504392970e-01,9.171454443823032765e-01,7.582153497376644680e-01,9.983148794294806061e-01,0.000000000000000000e+00,5.812373302100716232e-01,6.412870651201444394e-01,7.041283499150512437e-01,8.164586117344774241e-01,8.414598169301268360e-01,1.476934015430352298e-01,-1.103163075626310830e-01,9.122211907728761116e-01,2.763122221862321926e-01,3.102835618209857094e-01,6.904434520792698260e-01,5.193375222957757886e-01,5.315590216077409336e-01,6.126075789502555269e-01,3.322382149484424119e-01,6.950118469410836441e-01,6.303502199222271729e-01,7.124760585373627331e-01,6.191839640073081297e-01,5.985109059082229788e-01,4.097710935454799142e-01,7.613323030363641220e-01,6.644717892445094476e-01,9.421173574439314358e-01,6.208435579877913391e-01,7.718607104281468567e-01,8.357825821194834193e-01,8.005576885053315994e-01,8.397187659599738563e-01,6.766936847225554219e-01,4.178324646747184068e-01,6.477277508612627743e-01,7.775842357746305389e-01,6.709644136613004406e-01,4.760377674017551852e-01,7.239251652208472665e-01,7.899338120118255535e-01,2.407458793545073639e-01,9.876650621545109976e-01,6.006045113083532394e-01,9.299312347590418248e-01,7.466846363149250987e-01,8.399809678031772142e-01,5.709819821198142131e-01,4.081138381512918745e-01,5.412577244605186744e-01,2.700646946910474633e-02,8.654273543818746806e-01,6.016016472026226580e-01,6.530297918032568205e-01,7.524499076723170088e-01,9.384911606853526544e-01,4.108001937008310955e-01,9.903587136197106178e-01,7.556752323475949273e-01,9.622592007836398009e-01,5.612269196398604887e-01,5.258106495251241297e-01,6.962524923346399275e-01,4.947558012419944196e-01,6.586202005677268545e-01,9.577122877309450777e-01,4.419949616204891796e-01,3.036993127021869743e-01,5.977708960530971893e-01,8.602916282066571663e-01,6.577402531226186344e-01,4.215621294847881062e-01,1.741546589748348139e-01
8.071951007861634109e-01,8.463193762974474676e-01,7.216840105068491606e-01,7.252459611227706215e-01,6.133341914342225198e-01,8.823287702665961740e-01,4.020625498707970924e-01,5.035915596384988868e-01,6.955233210090758789e-01,9.644648153777392041e-01,9.849651253896831715e-01,5.064173906077915621e-01,7.716156384990519035e-01,-1.368963440262324638e-01,6.657063039754502753e-01,5.812373302100716232e-01,0.000000000000000000e+00,6.357489978804273800e-01,9.856475212914007633e-01,5.762035429757532690e-01,4.900055338912419067e-01,8.701292224820622589e-01,5.815836573028655421e-01,7.350074899038533394e-01,6.644788582638712082e-01,6.528017439216917683e-01,9.065012052437363410e-01,7.332656090037642516e-01,5.473427801247627844e-01,7.487375306184980428e-02,2.836119042672722856e-01,8.168055000672730381e-01,6.724547411322967516e-01,3.989888360526614441e-01,7.805863483035203609e-01,6.590014467724637504e-01,6.103886219951895065e-01,9.226027745321589979e-01,6.135485270918472622e-01,6.280200252440023556e-01,4.379540964241198098e-01,7.247694438104985704e-01,7.500861826676785693e-01,9.232814872671761819e-01,9.368242825138034524e-01,6.801530571919824908e-01,6.489377042991182343e-01,9.770885862828418977e-01,9.443881356587862097e-01,7.925077111035527810e-01,6.468422513097115134e-01,6.997889215676958985e-01,8.304303440538357561e-01,8.806142289470577644e-01,7.968206394435025652e-01,9.052662371978129618e-01,6.087150914618595365e-01,9.614627295768607418e-01,8.346031904279935798e-01,7.100603948982314728e-01,2.259023029661725579e-01,8.404570302944681659e-01,8.180146732278805732e-01,7.639213149537115166e-01,6.845384620616687954e-01,4.773134519389886088e-01,7.727544449543490845e-01,6.256689844313961801e-01,4.570939534993004316e-01,7.979295267576531625e-01,8.982445123030265988e-01,8.844944370574928660e-01,2.679660314248263897e-01,5.752647347714778814e-01,7.171792503004854602e-01,6.775128100193114067e-01,7.572531382215839102e-01,5.471302322481833569e-01,3.945462890012635393e-01,-7.392386602916578564e-04,6.878189145642489288e-01,8.005743285888549110e-01,7.100460247743846098e-01,7.941495442195041221e-01,9.523278929478821153e-01
5.291238171843918314e-01,7.005796586809129867e-01,5.239367166587909352e-01,8.821005571836250114e-01,9.030458814403680146e-01,5.752386564855520579e-01,6.165765716815525543e-01,7.130161811883980461e-01,7.417122143428034331e-01,9.729413494017757902e-01,-1.078826053792954348e-01,7.414326966756898951e-01,6.351808328806629600e-01,4.807753459587722489e-01,4.796229220696942575e-01,6.412870651201444394e-01,6.357489978804273800e-01,0.000000000000000000e+00,7.131957621336929565e-01,7.447831303500718203e-01,9.429422182792446261e-01,8.715864291892908566e-01,6.280102039606209052e-01,7.419359231159046164e-01,9.141654542107006121e-01,7.577881164365080080e-01,8.239654250974718375e-01,8.410659354394594001e-01,7.212702009480652376e-02,6.331219007543674726e-01,-1.992830628606619137e-01,3.152509254561339791e-01,5.347946359042361486e-01,6.440189566917079445e-01,9.124289583693708794e-01,6.676961297687314945e-01,4.173202892666860730e-01,1.766774688405984839e-01,6.875849527001650641e-01,4.495395963784303839e-01,5.127629732162640730e-01,7.642629270742157255e-01,9.160598137470542524e-01,9.030501538075186296e-01,7.476787955279471376e-01,9.738166258887759330e-01,3.479001999246034149e-01,4.109340874406205435e-01,5.611980995974066300e-01,7.610348856932587225e-01,9.564578083445198775e-01,3.560382261431024875e-01,8.448716400077933564e-01,2.291663154256560336e-02,9.384457315060061866e-01,6.986631149207535030e-01,8.968285061801227753e-01,2.194698137260077397e-01,9.363264701739129059e-01,6.079343713403593252e-01,7.756077798352370989e-01,4.856700973662959608e-01,5.581176263649848535e-01,6.134659536818138914e-01,9.847990577566940740e-01,8.014683661662579395e-01,8.699728681667145969e-01,8.981486567264422849e-01,2.038949790864892364e-01,7.307849892412245918e-01,8.263978437727104165e-01,6.073011367719318709e-01,4.825025713657851156e-01,6.453014442719315902e-01,4.410804191487223691e-01,7.609898681150469857e-01,7.209120122118306551e-01,5.037657629648431001e-01,5.853976900284276752e-01,2.102209578023560010e-01,5.195258529110908796e-01,8.120592220816006401e-01,7.069679862950311033e-01,6.025870312390672057e-01,6.795306525281701315e-01
