0.000000000000000000e+00,6.330892011585811385e-01,8.258384091057326959e-01,8.795386654752566091e-01,8.333878693759739775e-01,8.827497638355769061e-01,3.412870481645417509e-01,7.690709578295826798e-01,7.470858930431338862e-01,7.431829078341831707e-01,6.505883802958501994e-01,6.753604338819882980e-01,9.807437862594265976e-01,7.073138090349391227e-01,8.155154797405542721e-01,9.520626759715578036e-01,7.164074820339533245e-01,9.079927091078711099e-01,8.572261076409177782e-01,9.565102838744333758e-01,9.353948258104038960e-01,8.129437399137642295e-01,8.421749923089354439e-01,5.501815122640257849e-01,8.373386769753308201e-01,9.952717195491275204e-01,8.622742531915058573e-01,3.052585018952809204e-01,7.141712990831761143e-01,7.094320369715080288e-01,-2.401723327011728859e-02,8.910441638269421816e-01,8.046728274147496585e-01,8.156674497300403504e-01,9.828873697017532773e-01,2.274008298389738197e-02,4.721961568760124073e-01,7.518581263420697214e-01,4.617087706750112042e-01,9.620501353964571178e-01,8.792843584045456629e-01,9.533867880414965690e-01,6.866962409161281311e-01,8.001638832536908108e-01,8.163557220788937308e-01,5.927531845981324210e-01,9.953927820749961519e-01,7.602109779458751104e-01,8.219919198208487376e-01,5.147622811409958699e-01,7.496981004263820747e-01,8.571855133929002779e-01,7.435302080983005046e-01,9.947046877169567480e-01,6.262164923972429742e-01,7.285854089869805428e-01,9.376122224368554914e-01,3.729874989179312594e-01,8.675368794277298345e-01,3.917755482778473297e-01,6.836777456185362256e-01,3.115938942595279371e-01,8.954231052025019011e-01,7.732697707033506784e-01,7.211931436785057326e-01,9.810566150951092190e-01,9.908242624932297460e-01,4.240913661049353078e-01,8.108201112905579766e-01,9.658635492519871413e-01,8.257135549489110771e-01,6.211786623568104071e-01,1.404997822646959493e-01,3.757365998943581475e-01,3.175739622607014478e-01,9.494099518021495987e-01,9.840016113747968030e-01,8.173425718139570861e-01,4.034765983526226729e-01,3.111316853766539214e-01,6.843726937489111872e-01,5.279096024633251893e-01,7.497810259344807049e-01,3.592856330142331633e-01,9.780252156165492039e-01
6.330892011585811385e-01,0.000000000000000000e+00,8.879608582343139211e-01,6.907869605649838984e-01,6.136845722396089275e-01,9.270335018189905796e-01,8.254541519978033648e-01,4.410884872961488012e-01,5.164677089871051452e-01,3.950943515990670840e-02,7.592080220866300744e-01,6.009711752288919850e-01,7.823479542776116125e-01,7.883818750898574645e-01,5.251845987884418143e-01,4.420866558564290894e-01,5.477704389007783670e-01,8.643628432799340677e-01,9.062313335017506688e-01,9.734126452324938228e-01,9.506366315404872758e-01,6.004941459458815745e-01,3.439757175332958106e-01,4.926149290519946100e-01,6.953901071015805568e-01,8.329431151055840532e-01,7.033995205961659503e-01,2.918964456462193602e-01,5.308818359024030098e-01,5.258474981357862399e-01,4.177310140765064933e-02,8.990245064592803370e-01,2.050723195498922735e-01,9.861233628202067392e-01,8.497412165961804043e-01,4.883736324919725202e-01,2.568207932869831511e-01,4.856807000920183581e-01,5.569770060333933959e-01,8.787267944015948462e-01,5.987563287313839577e-01,9.802504588756213444e-01,9.958608907350751105e-01,5.039860854293571890e-01,9.561170092140285348e-01,6.018090392268833355e-01,1.993373912496225822e-02,2.659415711182474551e-01,6.807011583296654900e-01,7.650443890298285199e-01,7.552420519155407241e-01,5.712288475422724332e-01,8.731496733660832898e-01,4.500917049341947029e-01,5.593637455483254639e-01,7.776751791383696988e-01,7.799492310481285218e-01,5.585070595884876754e-01,8.604080165356052801e-01,5.798054794568359149e-01,4.549323536053400535e-02,8.589665140678007793e-01,6.867839724301068038e-01,7.555472153109148437e-01,8.768511814715072017e-01,5.140064163366991901e-01,3.911410148183692703e-01,8.284571618752899491e-01,5.538393882326846374e-01,5.210024524111321886e-01,7.063192647244906919e-01,6.741076910126772015e-01,4.357982157461182116e-01,4.630445788840463761e-01,5.516577471855614867e-01,8.514918023211136555e-01,9.044027124650093619e-01,4.168108604437225639e-01,-1.226388633873501388e-02,5.149933264104414876e-01,9.029158088971772633e-01,7.353312341327746804e-01,5.593814509981390737e-01,7.679350790890172584e-01,4.612374786795278014e-01
8.258384091057326959e-01,8.879608582343139211e-01,0.000000000000000000e+00,8.058769006487394027e-01,8.050564967741216105e-01,9.383648915255288214e-01,6.462061592586779701e-01,9.273290735088288717e-01,9.632453847987179074e-01,8.440829223226403721e-01,7.924761687705148550e-01,9.604709967023385975e-01,9.179527949040880985e-01,7.430068002442544728e-01,7.435810066606900470e-01,7.785028216483311780e-01,7.102288215513389291e-01,9.311356386822970954e-01,6.685800755836650566e-01,8.952877042803045748e-01,8.822989240071293926e-01,9.099523786754039056e-01,9.031996024655737365e-01,8.971119249924447425e-01,9.985843254527058122e-01,9.035368624952093697e-01,8.658768058691723724e-01,9.289457945672536798e-01,7.956518168540320790e-01,4.237861209953175390e-02,1.577811269158194141e-01,4.405411218359907011e-01,7.766808877840734038e-01,4.640834725675405670e-01,8.946630901826650994e-01,2.816156234735699426e-01,5.712769128285164477e-01,9.089139385631322954e-01,4.377792978663726520e-01,9.363900436392500470e-01,3.537777487028705981e-01,6.287462196279394178e-01,5.755752716583215634e-01,6.454121374763217567e-01,8.328393026244959030e-01,8.093180082021227406e-01,7.961038499686905467e-01,7.884510997734148763e-01,9.968949615670539277e-01,1.586783908765862228e-01,7.342918209688016340e-01,9.998766958900338064e-01,9.634489674641346646e-01,9.942988164841755072e-01,4.865362193265293511e-01,8.125913894320695441e-01,8.259440216297881943e-01,4.790715229625267524e-01,3.237738611344188056e-01,7.542147793523270582e-01,4.343791149357397741e-01,8.902040539898590232e-01,1.720451223958817111e-01,9.959574879065227204e-01,8.764595608943683835e-01,8.246473466270425323e-01,6.103249171487756808e-01,2.377446081156631141e-01,9.130574479274546906e-01,2.800989943517134262e-01,6.649121039229809460e-01,6.084206856903644489e-01,7.855407689480239375e-01,6.737105506911801323e-01,9.499151791815108048e-01,9.657116630073578900e-01,5.799393925483143919e-01,6.147950322670792112e-01,5.738435749747825554e-01,2.163038432612144901e-01,5.302418549007440474e-01,5.346340984928913409e-01,7.186207642701373244e-01,8.706174209315588053e-01,6.037531595478181634e-01
8.795386654752566091e-01,6.907869605649838984e-01,8.058769006487394027e-01,0.000000000000000000e+00,9.846225222983306935e-01,8.053989375670140838e-01,2.533654217890411453e-01,5.406123264280895402e-01,9.219229424136725637e-01,7.400208491454722814e-01,7.564008692909266474e-01,7.456303323798713079e-01,7.641581870865252757e-01,2.068553166038047675e-01,9.426376427231001331e-01,6.675506935285121513e-01,8.802771222890150016e-01,2.794014673100766455e-01,9.166097810114347544e-01,6.068601203617892681e-01,3.788732395425667976e-01,9.745326950100944297e-01,8.388031815613148368e-01,8.189214198541530099e-01,9.599626412752160221e-01,8.118881920143404818e-01,4.211379733389360447e-01,5.645184876667646012e-01,7.952193005505984180e-01,5.858952326800732635e-01,7.768554056386504092e-01,7.103238131312579196e-01,5.360281583531781857e-01,3.330214312755915840e-01,8.486800234204697757e-01,5.619318712177769903e-01,4.575532923361296245e-01,6.690190499063501939e-01,8.815709069202907200e-01,7.854587408171214147e-01,4.086806135093531411e-01,8.588512320252272847e-01,8.750238319133144538e-01,6.404210513989390119e-01,7.755481919373224953e-01,4.578924650979085409e-01,6.178371196065027826e-01,9.260153574923394304e-01,6.779094744274333229e-01,5.888817758521182055e-01,8.014013053174440238e-01,8.615469612276315248e-01,5.588785452387901032e-01,2.597406205676923152e-01,7.153987854358251353e-01,9.432444767959153875e-01,9.254066696730230968e-01,7.624004786593244765e-01,9.023046931423309713e-01,7.858227673942110858e-01,4.695355288662232396e-01,5.115139069338050515e-01,4.837380279959025975e-01,5.897082226209833244e-01,6.967002536189059736e-01,4.360118306444671354e-01,7.950145619740922598e-01,7.305577651544244988e-01,4.709915927847339034e-01,9.962969049682102174e-01,7.858666839926921055e-01,9.620230552984597727e-01,4.354923930557226264e-01,5.958839732310309278e-01,7.334215676194236755e-01,6.095587294517517130e-01,6.613599876465097172e-01,5.339239379711443467e-01,9.696027930267725470e-01,1.571830031849223985e-01,3.323139302671933998e-02,5.050313597268275556e-01,6.306604439338375778e-01,4.429483514336913230e-01,8.069549511438532940e-01
8.333878693759739775e-01,6.136845722396089275e-01,8.050564967741216105e-01,9.846225222983306935e-01,0.000000000000000000e+00,7.983149619828061594e-01,4.759866007837942337e-01,1.019348602595396697e-01,6.473871232041801260e-01,9.921512966277086232e-01,6.411252802024212105e-01,7.361161112323398870e-01,8.127780499036201256e-01,4.962302529946285290e-01,7.207102367194513359e-01,3.421404491316527574e-01,8.985840326787244425e-01,4.042197240817897996e-01,9.822666152804129247e-01,9.736067815580760065e-01,7.098834314533178924e-01,4.407946097887006642e-01,8.370241380137373177e-01,6.005117744084681464e-01,8.900813363492040553e-01,8.841564861739296122e-01,8.740483124613508403e-01,2.178840431190064986e-01,7.831339045090290885e-01,6.640027158116545980e-01,3.880335421538831930e-01,6.756770130944589337e-01,9.941974958485919611e-01,7.172823262377948650e-01,8.225942824391047070e-01,7.070435136245598606e-01,6.062123560626104801e-01,3.074484435935272986e-01,6.339699825965550151e-01,4.624828916994234707e-01,6.120815341203891258e-01,4.380269219233280942e-01,6.786251232981790338e-01,3.698799235157749221e-01,8.631543002246502283e-01,9.140742187458311685e-01,4.856428390124806760e-01,4.890279136452381770e-01,4.751477796097006157e-01,6.123944772481577647e-01,7.161299256041434580e-01,8.433601361004847696e-01,5.825883335479279390e-01,3.494104491388639877e-01,8.184126204153858719e-01,7.895691820931229898e-01,7.344819676310671008e-01,8.779507421901767694e-01,3.040053804426054440e-01,6.698206340599320852e-01,4.459059636245655822e-01,3.776839321063988897e-01,9.567738468881419323e-01,9.699315285141256737e-01,4.458244076491497676e-01,7.666819344573073680e-01,6.922949248832304114e-01,3.503968943759721011e-01,8.564610240477186220e-01,9.030173468119413460e-01,7.535838889529439255e-01,8.526302307933064650e-01,5.521625604018498557e-01,6.776083954922018648e-01,6.836943234241448231e-01,7.518634445807560462e-01,8.597648567466528169e-01,6.827047405857437079e-01,4.877583477436934212e-01,3.292698761246179995e-01,6.199076040394088105e-01,8.277599625463096800e-01,8.849008347685860532e-01,3.690873096467536252e-01,8.860367998512423959e-01
8.827497638355769061e-01,9.270335018189905796e-01,9.383648915255288214e-01,8.053989375670140838e-01,7.983149619828061594e-01,0.000000000000000000e+00,8.309207543622529890e-01,5.311586046500285097e-01,6.212572092910514376e-01,6.865239133524511095e-01,8.678889010488834987e-01,5.422225635395234722e-01,7.983739712281456846e-01,7.223031245944853129e-01,7.523141289267127885e-01,6.854724290461962077e-01,9.809017807199916783e-01,6.894973676973945587e-01,9.909465627713739400e-01,2.552311059943810356e-01,7.410102159246916287e-01,9.099955978601049766e-01,7.644207628043596658e-01,8.992715374598045930e-01,7.385018300216381615e-01,4.416937073053463503e-01,6.038212061556167409e-01,8.874875627050619054e-01,3.504833989007487549e-01,2.579544920189740242e-01,6.209536622358517999e-01,5.817696033917933995e-01,7.324002450492609340e-01,5.506689643656060840e-01,5.103049083817451370e-01,6.970004410351368085e-01,2.999438779125755405e-01,5.487095041325409372e-01,5.067459953856694455e-01,3.628881697110301063e-01,5.096102899574207479e-01,4.422889897270248505e-01,6.884741734398401869e-01,8.918972137750874607e-01,9.252443463826077741e-01,8.247800182212933207e-01,7.636624652564303339e-01,9.754168541842268558e-01,4.272823248840734722e-01,6.135169434464200489e-01,6.173091366315854867e-01,9.192205739566037259e-01,2.650134900692762141e-01,9.281349508248153413e-01,9.191059581313790749e-01,6.602220014001105586e-01,9.234837891554231737e-01,6.774662866020569885e-01,8.449905464664115851e-01,4.227884343574169757e-01,5.296452550279333593e-01,7.994953571837716266e-01,5.416535032157286933e-01,9.091645104473337069e-01,4.602025615147527504e-01,4.640004794792551013e-01,8.944977336242593280e-01,6.266765726249448054e-01,9.061046118863619325e-02,7.452365011447423804e-01,7.185298682083633981e-01,6.403859753101736052e-01,4.566922838833095688e-01,6.661268320345125060e-01,6.117903887312076128e-01,7.574108733258927417e-01,4.333216165036317125e-01,6.495505508796189931e-01,1.789989979194310799e-01,8.235780367698333770e-02,7.154791300784387742e-01,7.193938614119460562e-01,5.150348642197295490e-01,7.520601799138323384e-01,9.581925169635271411e-01
3.412870481645417509e-01,8.254541519978033648e-01,6.462061592586779701e-01,2.533654217890411453e-01,4.759866007837942337e-01,8.309207543622529890e-01,0.000000000000000000e+00,4.647269127195681193e-01,3.993036107626332099e-01,7.624824876718810929e-01,7.094954312303363153e-01,5.984513372803736964e-01,4.314562218860519827e-01,3.073224485293987174e-01,7.313911786671620785e-01,6.489210620536593754e-02,8.292757564973195494e-01,8.105134011841014230e-01,8.947067405963674558e-01,7.097284042124045733e-01,5.531722190554948515e-01,6.847291313339933794e-01,6.167135618382245665e-01,4.210231267036771419e-01,6.943371617837159615e-01,3.769791780486234645e-01,5.627851441800651999e-01,3.855002491903831152e-01,6.154293022646043498e-01,7.853145949443899321e-01,4.932707934208480083e-01,5.178708903619327897e-01,-1.504043400497775962e-01,4.173018448835173061e-02,4.913254148109761354e-01,5.142327231528479592e-01,-1.381083344850680961e-02,5.871639120979899040e-01,9.340028363183753290e-01,6.163170763322921575e-01,7.187644422906303010e-01,6.565868090872772900e-01,9.077995790441248936e-01,7.462721111745748148e-01,8.585168406121557183e-01,4.189300105004321595e-01,5.042582689085539638e-01,5.296215364493189748e-01,9.688832684389794281e-01,7.367318054348983569e-01,6.949801307383663973e-01,5.238897901051937644e-01,4.589108295871835996e-01,5.339390211211334503e-01,9.675587855242558932e-01,2.739784120592179129e-01,6.793476166380235659e-01,3.675143810524889587e-01,8.189764884985745175e-01,6.934954296344979507e-01,5.438714164282344443e-01,7.124828743974289669e-01,4.220493394336389814e-01,8.585250933457624356e-01,8.338055761004594668e-01,7.439483387555627658e-01,4.512581289624854053e-01,9.405817515212684388e-01,5.770619129339169540e-01,8.544424302358626377e-01,6.621207844742653670e-01,4.275741542067580392e-01,5.790888295720317824e-01,7.960320306612205243e-01,9.993828264451866117e-01,9.029163373548970695e-01,3.499464255487332309e-01,6.336733405974179778e-01,7.489505624124423999e-01,2.349731828610886197e-01,2.016049152124884947e-01,7.390917542103144777e-01,1.035993590008336823e-01,5.384749266750787910e-01,6.584329256443947065e-01
7.690709578295826798e-01,4.410884872961488012e-01,9.273290735088288717e-01,5.406123264280895402e-01,1.019348602595396697e-01,5.311586046500285097e-01,4.647269127195681193e-01,0.000000000000000000e+00,7.117685091995479274e-01,4.531197222219047749e-01,5.786078471330358131e-01,6.324135296719471944e-01,6.982631223191406722e-01,9.864403932145169307e-01,6.791340496658562209e-01,4.396421238464675585e-01,8.916572495130211662e-01,6.872432064335873836e-01,6.447762222119104436e-01,8.226279869517121313e-01,6.740248879062830101e-01,5.340417519908180477e-01,8.963315982847409602e-01,7.058004143621817716e-01,3.875487278950860981e-01,9.991599311431180741e-01,4.271728176067011717e-01,6.484945294495150225e-01,2.196799390965352150e-01,6.065399354789102748e-01,6.345687361023906459e-02,4.360186083486784492e-01,6.208668340783480843e-01,4.635444240338011390e-01,7.588648996689103532e-01,6.590562239106917408e-01,2.289651992152844928e-01,2.561439028500911985e-01,7.826273706319769596e-01,7.685049672956356659e-01,-2.204165316466795421e-01,4.590306826709997234e-01,4.778559165729007741e-01,9.001360281502572835e-01,7.869104510637456862e-01,4.610602180958727758e-01,8.961532905315815478e-01,6.309130795717872164e-01,7.019824985984759458e-01,6.058529198378601599e-01,7.796693064079047997e-02,9.170028012843894905e-01,7.590595253906888829e-01,8.239505324922731244e-01,6.262329608279770810e-01,7.167535640531162988e-01,4.426217795144982148e-01,1.520612704586869202e-01,8.014304551508231178e-01,5.820831822519347831e-01,6.392469187216118787e-01,6.000712086926253130e-01,2.148511478472776015e-01,5.587377659172368949e-01,9.224373721027828710e-01,9.843123781728242427e-01,9.272782387269338233e-01,8.645024332316872950e-01,6.180704533299555825e-01,6.913834682566004641e-01,7.509847571788245135e-01,6.889515693211031300e-01,2.643985268360031851e-02,9.607768250202648463e-01,5.927700754340257117e-01,5.540706906566640333e-01,6.703442229494330773e-01,5.259572504555960482e-01,4.758559316737151490e-01,1.686774447759598616e-01,5.652597422963772100e-01,6.458269561900544797e-01,6.040111798350735750e-01,3.941440254395781606e-01,7.646460045695097074e-01
7.470858930431338862e-01,5.164677089871051452e-01,9.632453847987179074e-01,9.219229424136725637e-01,6.473871232041801260e-01,6.212572092910514376e-01,3.993036107626332099e-01,7.117685091995479274e-01,0.000000000000000000e+00,4.712994976204810671e-01,5.891909067852527659e-01,6.861392603687203051e-01,6.350739675048869826e-01,9.106784840547061943e-01,7.597186040431807008e-01,7.185532304659760783e-01,7.357304863399982686e-01,6.512204628054738542e-01,7.491028455015357190e-01,5.573957956038333439e-01,9.035596171255277920e-01,5.234450119887460451e-01,5.642309485735123031e-01,7.965200263870009234e-01,8.312036510149378721e-01,6.902121929052095206e-01,6.962159836016070802e-01,6.716003291502791184e-01,7.628517093090794177e-01,4.244133607717591739e-01,4.659168827793364609e-01,9.229475145596858221e-01,7.772630486526983518e-01,6.087184285080996515e-01,8.268626161767949068e-01,2.514021646099267038e-01,1.636212381070359934e-01,4.339017015288551549e-01,6.268241193404840983e-01,4.667247838358559164e-01,4.912768452769817884e-01,8.763524213912676775e-02,6.369445305785369493e-01,7.551051523710151647e-01,6.241089361445018024e-01,9.390533616200813505e-01,7.045026299856244067e-01,6.503281959288833569e-01,2.426719951270119857e-01,7.830190425755617634e-01,7.986494395236031218e-01,7.418900696427721542e-01,4.690772030123450120e-01,9.487163517351795416e-01,9.938017751930328103e-01,7.469886448344880137e-01,7.467723297802364435e-01,9.816697336317781186e-01,9.441524035483307431e-01,4.789602642835040780e-01,2.306236684653657221e-01,6.397939372783318923e-01,7.538476114174335052e-01,8.059508524966841891e-01,9.910968480335007325e-01,6.449653036249121119e-01,1.244384303408623965e-01,4.440957807128317336e-01,-1.210910459248490390e-02,4.756923553964901852e-01,3.310655587747355355e-01,7.423659170086497339e-01,3.816880775150122140e-01,5.600548318236371337e-01,8.880408674100458422e-01,2.178144328467562230e-01,9.054473912339117136e-01,6.872198828177142893e-01,5.548816444356680089e-01,1.957221192965666323e-01,6.360339216290173958e-01,9.031851158911138322e-01,9.110658350270691708e-01,3.312966635432729179e-01,6.905625106644313060e-01
7.431829078341831707e-01,3.950943515990670840e-02,8.440829223226403721e-01,7.400208491454722814e-01,9.921512966277086232e-01,6.865239133524511095e-01,7.624824876718810929e-01,4.531197222219047749e-01,4.712994976204810671e-01,0.000000000000000000e+00,2.335682573514218929e-01,8.086398900640850984e-01,7.890749093187917618e-01,5.966436337258204103e-01,7.483948847407860816e-01,6.799145633519808607e-01,9.447493351745860357e-01,9.789540851709903624e-01,9.747946586626191623e-01,4.916063959143180395e-01,7.731250442378057031e-01,9.153667487657926038e-01,6.267417551396075037e-01,8.368190746170678374e-01,5.031601338584693606e-01,3.623993259758143681e-01,3.971915380928532913e-01,7.536540510963066763e-01,6.658522626681490086e-01,4.026316578140947677e-01,3.386411127425944523e-01,5.140687989060509500e-01,6.985267437713807981e-01,9.258000307279542485e-01,7.755796350454042809e-01,7.279535299819832606e-01,8.058184300401752820e-01,2.585624760447271520e-01,7.062413491815587863e-01,6.089792884724213318e-01,6.150559242621810307e-01,3.260360570324256635e-01,7.493829003042474790e-01,7.782050162629795542e-01,5.336145908128889781e-01,1.096807302382182825e-01,3.097158718791221399e-01,9.121820952605702582e-01,7.666174824464703219e-01,6.185031192405185951e-01,6.864994594199012035e-01,9.121836283761027842e-01,7.426061483108241656e-01,6.602119141047655404e-01,8.440978090092445818e-01,9.688524701207851253e-01,5.528074088000900499e-01,3.877890426355768971e-01,9.610964978309873841e-01,3.925470706680997401e-01,5.158360385027437323e-01,9.235688712651231036e-01,8.165371278373105834e-01,8.714424132528322264e-01,8.622574278996111286e-01,5.360962707345482414e-01,6.277580651423609881e-01,8.837309317580932522e-01,2.340509101718482587e-01,2.336941755131010101e-01,5.849365423412689058e-01,6.535423880068678137e-01,8.890305855630967757e-01,4.794220439565324288e-01,6.178561191871571046e-01,2.519561272802630647e-01,7.705044379406864596e-01,7.085021009293648309e-01,1.267110104017958594e-01,2.636355324388912069e-01,9.128069546656901734e-01,7.340113847249176704e-01,8.463434532319012993e-01,6.661483293031533748e-01,6.905729873358846804e-01
6.505883802958501994e-01,7.592080220866300744e-01,7.924761687705148550e-01,7.564008692909266474e-01,6.411252802024212105e-01,8.678889010488834987e-01,7.094954312303363153e-01,5.786078471330358131e-01,5.891909067852527659e-01,2.335682573514218929e-01,0.000000000000000000e+00,9.489944557836752503e-01,7.560009033448519267e-01,8.864937499420584288e-01,4.004451801121416965e-01,4.003787033233398018e-01,9.442219906702903343e-01,7.759155839264801902e-01,3.831869674047737040e-01,7.176230206559902625e-01,4.201235632357826488e-01,8.841447758348006669e-01,6.159545488329579710e-01,5.851800481075192240e-01,7.671807631669161909e-01,1.236589281892983561e-01,8.993928036003895343e-01,9.027428367678171917e-01,7.253845648939483137e-01,5.467614878346034324e-01,4.171314615700760786e-01,6.420635373880616559e-01,4.778426480554744948e-01,4.579628629501421022e-01,7.943628707699602609e-01,4.103521530367268966e-01,2.264494506300516324e-02,7.709656745174886527e-01,6.146091196991113614e-01,8.914229853353159427e-01,3.332128268939232862e-01,9.693897757946268179e-01,9.239089554929543757e-01,7.080929932449492314e-01,8.050361495360454089e-01,8.783975073788434784e-01,8.222371543981573661e-01,1.154352037237604267e-01,7.292917464213729550e-01,6.459572190107920608e-01,5.509079011344369253e-02,7.861346286700825470e-01,7.634201829688036511e-01,6.936301257422785582e-01,8.263945059731262477e-01,7.662434736805840974e-01,5.675812474636887650e-01,9.259492051851199168e-01,7.057293301760634296e-01,6.537296023533236689e-01,5.080788584302291522e-01,-3.701618405358264030e-01,6.161265980650193486e-01,6.695676468037058404e-01,7.965399550387840533e-01,7.134893754826524548e-01,5.649605731874240977e-01,8.728390952705080696e-01,8.421655884192581487e-01,9.762552840424000289e-01,9.421478581725895030e-01,1.785017326162069429e-01,4.311476334024485491e-01,5.705125473616758924e-01,4.417918165295618427e-01,4.224386559067509483e-01,5.359077599871556186e-02,8.318815238558583403e-01,1.857115052039838288e-01,1.107454378480665635e-02,1.877886623345358663e-01,5.469736150653373707e-01,7.737333144951215047e-01,4.573369471347238369e-01,6.707572736162431548e-01
6.753604338819882980e-01,6.009711752288919850e-01,9.604709967023385975e-01,7.456303323798713079e-01,7.361161112323398870e-01,5.422225635395234722e-01,5.984513372803736964e-01,6.324135296719471944e-01,6.861392603687203051e-01,8.086398900640850984e-01,9.489944557836752503e-01,0.000000000000000000e+00,7.144606053796255241e-01,8.718409162178299976e-01,3.738301685148339715e-01,7.236694319125213104e-01,8.253597741946111510e-01,8.778877710382262389e-01,8.725366413758237627e-01,9.067806660794958118e-01,8.799248237397532257e-01,5.321451276923349072e-01,7.472707857801004216e-01,7.365481339886945644e-01,5.279774129161597385e-01,6.980222538734950355e-01,6.478696135876889084e-01,7.335307414549824268e-01,5.690533606528606070e-01,4.090667121673345896e-01,7.920536738016865919e-02,8.882257040871362197e-02,8.496168462041756575e-01,7.480889360844249492e-01,2.238841651911290531e-01,5.743072246155209726e-01,1.896217549510526067e-04,5.775179820886886528e-01,6.613633482178908896e-01,8.653273186199728073e-01,5.982004911815751447e-01,4.242043169784412426e-01,8.691566285573315565e-01,5.634444816746243534e-01,9.659442383931448051e-01,4.703162524832293356e-01,8.185852815378855674e-01,9.316055016596407334e-01,5.850373388856539014e-01,4.764491905113409920e-01,8.821911049135217064e-01,8.410077695791011720e-01,8.443204758493770834e-01,5.576967244603283635e-01,9.292590172052116460e-01,7.126308874906206459e-01,3.341227975676910322e-01,7.507923811259774594e-01,7.539174296398319930e-01,7.321564961193178789e-01,4.966313872351675318e-01,5.836626004863136874e-01,9.231443535897512209e-01,8.634577575920963088e-01,8.221471904506839623e-01,7.310043313218276273e-01,8.645531267683796983e-01,8.596143660044401891e-01,-5.877529345369550406e-02,9.020254958291560321e-01,8.714016016439093404e-01,9.438075357441815250e-01,7.297041382351465710e-01,2.195450764810338851e-01,6.059408455063939325e-01,3.339559281392283641e-01,8.904993095665619807e-01,6.854666935992612675e-01,2.049577548706048025e-01,4.634791474923183330e-03,5.551519415793612078e-01,8.999693708487462862e-01,9.243894790231605985e-01,2.004869199470717400e-01,4.489092094984123427e-01
9.807437862594265976e-01,7.823479542776116125e-01,9.179527949040880985e-01,7.641581870865252757e-01,8.127780499036201256e-01,7.983739712281456846e-01,4.314562218860519827e-01,6.982631223191406722e-01,6.350739675048869826e-01,7.890749093187917618e-01,7.560009033448519267e-01,7.144606053796255241e-01,0.000000000000000000e+00,7.925493458999292029e-01,2.605000898208413851e-01,5.189062556737102927e-01,6.478016402799268159e-01,7.244673002847475951e-01,8.544505164287253818e-01,7.053880183172808183e-01,4.032268784780029813e-01,5.235689666469953707e-01,9.449871698455925006e-01,4.042244249608852869e-01,8.064033406628202671e-01,6.408987560201464539e-01,9.447965628747693190e-01,9.265616596312657993e-01,4.129790046272877602e-01,1.278370314394297880e-01,2.165131774382519081e-01,3.706210124717024268e-01,7.962623603759091395e-01,9.088616193930536546e-01,6.852704568366513316e-01,3.886827380941251797e-01,3.746463126599662852e-01,7.961924481948423615e-01,7.936706446463762665e-01,7.121791335303496728e-01,1.895535583357076115e-01,4.534157801544113631e-01,6.699228899540132787e-01,5.355472171020432270e-01,8.673226964884829249e-01,8.318339365251410378e-01,5.768952409571368456e-01,8.590972888166181765e-01,7.145783510295834473e-01,8.058709303327182827e-01,9.113442896879628830e-01,6.362339990080453367e-01,6.587466145056554145e-01,9.754638871903494879e-01,6.436651511397668557e-01,2.093758670819154122e-01,9.805645996916646512e-01,3.078061555649781456e-01,9.927702559747811351e-02,6.547735515183392696e-01,3.642210797544391809e-01,9.906985272695034705e-01,7.179981689345389384e-01,2.518209341100493548e-01,9.284496239267876483e-01,7.238789918723028682e-01,9.192721706946469507e-01,9.790224168419896511e-01,2.140442403268889293e-01,8.700120535389946896e-01,7.308763692829103320e-01,7.486746951188929522e-01,5.534494449043809716e-01,7.351339909896766889e-01,7.598246945422965082e-01,9.955163764457897191e-01,7.617554169359809224e-01,8.516132078084354129e-01,5.795837380056474419e-01,3.859631188102723431e-01,6.617491884105876077e-01,9.494113003303008558e-01,9.012406104431535114e-01,-1.357182446989449454e-01,2.068971284719534898e-01
7.073138090349391227e-01,7.883818750898574645e-01,7.430068002442544728e-01,2.068553166038047675e-01,4.962302529946285290e-01,7.223031245944853129e-01,3.073224485293987174e-01,9.864403932145169307e-01,9.106784840547061943e-01,5.966436337258204103e-01,8.864937499420584288e-01,8.718409162178299976e-01,7.925493458999292029e-01,0.000000000000000000e+00,5.910771812143206239e-01,4.019376600658023380e-01,5.043959773521631273e-01,5.151534581247035893e-01,6.129834023012050714e-01,9.980525443407868291e-01,7.992099351208992175e-01,9.820814501532205698e-01,9.223219792621385471e-01,4.163393154304394495e-01,6.101129412011393471e-01,6.287809929237390127e-01,4.786076640384348546e-01,8.845793520683904454e-01,2.176546868026134895e-01,3.718128997082679188e-01,1.928988302259550813e-01,5.705725725261150405e-01,7.044530895699882000e-01,7.472691008179317418e-01,7.141614936966322880e-01,3.878822704922497699e-01,3.262634020347341957e-01,8.543052686235423909e-01,4.570837298039154284e-01,8.079336738506515125e-01,1.245504302266460112e-01,6.166614889810958511e-01,6.378370727786122352e-01,8.805429486303655295e-01,9.160989083221890983e-01,5.978045499203560320e-01,3.880747016559237261e-01,8.251510542660658309e-01,6.963800510498961982e-01,7.445959055084347966e-01,6.869722791642172144e-01,8.279606039738554024e-01,7.617712893972694577e-01,4.457187976801519347e-01,9.520595755945709948e-01,8.053412052367510121e-01,9.031799025124934710e-01,7.592222698086913413e-01,6.049776673329136933e-01,5.335683796254284683e-01,1.636272226267464214e-01,5.209299693725015779e-01,8.296587747477994768e-01,8.432389202096511882e-01,8.696048944149366022e-01,6.455398514563202017e-01,7.619032600754285234e-01,9.076634323829729789e-01,7.279401597234776977e-01,2.282451029393550972e-03,6.459735796285445142e-01,7.814433943203825672e-01,6.412530282141242211e-01,7.086567885430052893e-01,4.453672466311200950e-01,8.452611767325517445e-01,1.863476954851218670e-01,6.266349897383803880e-01,4.134486697876345040e-01,5.237632347520507770e-01,9.403265228728470149e-01,6.904552100383256619e-01,4.443019468507186098e-01,4.837183423927469139e-01,2.963752492930102345e-01
8.155154797405542721e-01,5.251845987884418143e-01,7.435810066606900470e-01,9.426376427231001331e-01,7.207102367194513359e-01,7.523141289267127885e-01,7.313911786671620785e-01,6.791340496658562209e-01,7.597186040431807008e-01,7.483948847407860816e-01,4.004451801121416965e-01,3.738301685148339715e-01,2.605000898208413851e-01,5.910771812143206239e-01,0.000000000000000000e+00,9.711264280072048338e-01,8.732735858822207042e-01,8.600702435932651158e-01,5.884965848270689026e-01,2.529442390309009081e-01,6.338840004560817309e-01,6.305245112216503189e-01,7.927985724260683265e-01,9.247388385868713367e-01,4.570866434366689379e-01,7.362546715832001265e-01,9.245571064346767010e-01,9.242737404659344680e-01,5.971981255083143036e-01,4.858168560309298889e-01,2.967923081871788882e-01,3.231294794542166615e-01,3.331501280421967914e-01,6.731559390248147423e-01,4.341561122275500173e-01,3.702284107113180955e-02,3.153560532830919083e-01,3.497560046506102971e-01,9.692462932041663315e-01,8.279966174537899404e-01,3.047037858322143578e-01,2.333533500048397269e-02,6.947246355480941604e-01,9.672236161698979373e-01,4.316671323127405646e-01,3.618911070074632974e-01,6.456122360437464014e-01,7.547988402428635890e-01,2.577532215833940876e-01,4.467080121940318338e-01,7.298631581198173901e-01,5.949938320565298921e-01,6.954183903846273829e-01,2.975158461338889837e-01,5.524858633149627440e-01,6.243753694383061825e-01,7.469407156663570024e-01,6.045874431219709910e-01,9.403232468413039724e-01,4.100314596405911227e-01,5.695133062765458387e-01,4.235791674314121069e-01,7.451340580578630357e-01,8.002773418200667122e-01,8.645904592020247081e-01,6.275785258641471964e-01,4.479972522704818716e-01,9.638714941441808293e-01,2.948805280338772095e-01,2.639334754793529747e-01,7.260020261076064463e-01,6.659609416235525714e-01,2.082575965118288741e-01,3.547413894221600472e-01,6.686295633120900028e-01,6.258500374705641134e-01,6.438788627689321364e-01,7.080452742169437430e-01,6.062997239645717684e-02,3.519483174858129004e-01,3.738207893774589952e-01,8.059888576964904239e-01,6.990661169336965797e-01,7.583702738884094963e-01,5.324445543520980317e-01
9.520626759715578036e-01,4.420866558564290894e-01,7.785028216483311780e-01,6.675506935285121513e-01,3.421404491316527574e-01,6.854724290461962077e-01,6.489210620536593754e-02,4.396421238464675585e-01,7.185532304659760783e-01,6.799145633519808607e-01,4.003787033233398018e-01,7.236694319125213104e-01,5.189062556737102927e-01,4.019376600658023380e-01,9.711264280072048338e-01,0.000000000000000000e+00,7.595528806174416392e-01,8.040806862512431819e-01,7.863106507180295246e-01,4.859794675888818305e-01,1.415110915102485156e-01,2.338372401876467332e-01,7.821932799519001334e-01,6.185183853138085386e-01,5.479702518532945099e-01,7.702509225962576034e-01,9.804752475506801623e-01,9.482251474478775588e-01,3.171939076784103806e-01,4.112733344337269337e-01,4.413939533290734407e-01,9.778735574513189865e-01,7.756526707675073240e-01,5.905667906717577686e-01,6.322035524278947216e-01,4.893158167825660265e-01,9.616614440974905476e-01,6.336178210929979127e-01,8.457841220606560073e-01,9.197979171251848829e-01,9.644899917423347402e-01,6.521061568204368220e-01,8.530730822414469561e-01,5.256883595065022785e-01,6.432193945926754086e-01,9.242516952668248242e-01,9.240169825966134676e-01,3.374592992005092107e-01,6.973614271181745039e-01,7.464071021164977449e-01,8.636181649752412426e-01,7.749567055566789486e-01,6.920417392852716842e-01,7.099361044060270576e-01,7.695924402214471272e-01,6.352605237495774215e-01,4.534780189832049446e-01,7.432983470227112477e-01,9.726005015126093500e-01,1.662256927501184478e-01,4.661334218321561695e-01,5.127133395226666224e-01,4.695159348887935069e-01,7.285362201196469156e-01,4.706886582331882840e-01,6.824028558895722796e-01,6.011760505054946080e-01,7.895942046124171387e-01,7.121341419694363628e-01,6.782794787791426305e-01,8.179025236983498148e-01,9.400555185838684880e-01,5.768614613323446161e-01,2.729693927130371067e-01,9.312948067262514229e-01,7.962451667261329913e-01,4.450027235362550848e-01,4.671306500880663681e-01,3.189583249295623868e-01,3.034909541255725318e-01,3.785564988516155749e-01,9.806119662867724962e-01,7.120266431050141787e-01,6.013285491540939498e-01,8.745542309969264183e-01
7.164074820339533245e-01,5.477704389007783670e-01,7.102288215513389291e-01,8.802771222890150016e-01,8.985840326787244425e-01,9.809017807199916783e-01,8.292757564973195494e-01,8.916572495130211662e-01,7.357304863399982686e-01,9.447493351745860357e-01,9.442219906702903343e-01,8.253597741946111510e-01,6.478016402799268159e-01,5.043959773521631273e-01,8.732735858822207042e-01,7.595528806174416392e-01,0.000000000000000000e+00,9.438376421697471930e-01,9.871104219993924733e-01,2.061355271448615800e-01,6.861560699816520170e-01,9.454887039633188550e-01,8.577782987191597819e-01,6.461842677311820937e-01,2.900342985033236287e-01,7.275359042199804893e-01,4.582941042990322789e-01,6.196801042097046519e-01,-1.821013446732990260e-01,6.292073026524256374e-01,4.279557804884330796e-01,7.718097775591308274e-01,7.730435987720556401e-01,9.821525776677735298e-01,7.694639923338465470e-01,4.215448779060789186e-01,2.303095617382153737e-01,5.846720478075676519e-01,7.167384697508307756e-01,9.746390450341727574e-01,4.303601893153754521e-01,9.326531376162475739e-01,9.013543194443296436e-01,6.422416079153308033e-01,9.388095184233881119e-01,6.341469632705231119e-01,4.507283961868341904e-01,9.798164022154369768e-01,8.285215021927263557e-01,4.543797710605294582e-01,9.935846324698289767e-01,7.299418199679003072e-01,8.712924393017127400e-01,7.115188039386041163e-01,9.697560904912494451e-01,9.075424683594250919e-01,9.534831869661456460e-01,7.582112291288058969e-01,7.454727533634883940e-01,4.146399555512133572e-01,4.423210814076828368e-01,6.608451410927514980e-01,7.032807652337118576e-01,6.463933269346373578e-01,6.089056614824407410e-01,8.437291715733737929e-01,7.500545122787556362e-01,9.834359474588754146e-01,6.026111660402195813e-01,-1.944360906672069067e-01,6.639827112477186821e-01,6.678908510340896276e-01,5.817085283415664998e-01,9.062710130765768701e-01,2.907127569624209373e-01,5.226508248750543206e-01,5.489881431331792294e-01,7.637168195111473379e-01,4.228943732604062422e-01,2.011804638472946272e-01,8.697610061772411694e-01,8.555600866948029903e-01,8.900913095462221758e-01,2.290305381583741806e-02,6.220575456798081992e-01
9.079927091078711099e-01,8.643628432799340677e-01,9.311356386822970954e-01,2.794014673100766455e-01,4.042197240817897996e-01,6.894973676973945587e-01,8.105134011841014230e-01,6.872432064335873836e-01,6.512204628054738542e-01,9.789540851709903624e-01,7.759155839264801902e-01,8.778877710382262389e-01,7.244673002847475951e-01,5.151534581247035893e-01,8.600702435932651158e-01,8.040806862512431819e-01,9.438376421697471930e-01,0.000000000000000000e+00,4.793711199276390333e-01,7.176554545724778134e-01,2.616419185105611778e-01,9.079557772338732180e-01,4.889426221396632188e-01,7.760583179939681830e-01,5.794364984860028711e-01,6.601381469545340996e-01,8.265540142306194715e-01,6.812288210066719252e-01,2.329655754280485214e-01,5.413550563520877490e-02,6.050161343705671158e-01,2.852012572794261347e-01,9.021574062760315815e-01,7.037054142485402730e-01,4.515682812551075065e-01,5.322212731543978226e-01,1.561808718850562216e-01,6.343011855325870751e-01,8.849737617889519292e-01,6.656254915552983764e-01,4.965017746862137593e-01,6.350276896225413026e-01,7.706600352327909187e-01,4.623107582724512721e-01,8.984922797756939028e-01,7.745773623614139458e-01,9.128362224151630455e-01,8.086003146597169344e-01,6.853087581805223927e-01,5.161609165425277146e-01,4.793329111416381183e-01,6.983947518953791400e-01,8.604364545529997743e-01,7.210790021252344584e-01,5.416406363099219856e-01,7.692466336523645642e-01,6.002923092520455750e-01,8.552737261410210401e-01,8.694016049547887981e-01,7.762158513142001226e-01,2.438081261536970135e-01,5.890700171838447741e-01,9.833378270661046194e-01,8.451742449997742268e-01,9.505550536260608530e-01,7.346914329273120936e-01,7.441201437884801262e-01,7.128252115981268400e-01,9.253838473258260144e-01,9.837866531135264214e-01,8.830630029544468407e-01,3.953503002456724147e-01,4.840335247680086495e-01,3.629994225741290936e-01,6.352851688799526775e-01,8.035585821479730440e-01,6.396199701729615716e-01,7.638212830883700510e-01,7.516815378821491977e-01,1.305711772046954378e-01,7.314420723722068196e-01,6.778214547919276800e-01,6.019685698165072596e-01,2.566872160865300567e-01,-1.217599661970868580e-01
