0.000000000000000000e+00,9.821324489867409024e-01,4.091280119561523376e-01,8.326393524704638338e-01,9.481546596942873606e-01,6.439689435629591951e-01,8.701477362516020220e-01,9.605462260581882905e-01,9.365505489103564951e-01,8.304239571913055729e-01,8.250999519192544485e-01,7.385660488799443701e-01,6.065312526756698741e-01,6.136608462134240938e-01,4.907161396465216652e-01,5.019438253451533605e-01,6.010942380406019137e-01,7.990838916963141081e-01,7.408969243562343321e-01,9.483657464692542005e-01,8.970880825371625455e-01,5.132737748873190675e-01,8.844226910886706650e-01,5.792731395557146890e-01,8.887247430802968085e-01,4.280451846776648916e-01,4.421101937626425449e-01,9.874150333006372904e-01,4.481506569264799289e-01,9.612065491530464856e-01,4.897407503544055074e-01,2.326004964642672812e-01,7.762088997482413655e-01,8.432589756510361356e-01,9.826560326179040183e-01,8.911536486846627358e-01,3.657461778470695313e-01,8.965932948765024113e-01,4.319923573493181790e-01,5.826448165458704143e-01,3.572578666672354686e-01,8.094442302727715699e-01,9.151640645765014570e-01,6.217968340760168244e-01,7.231620716628599510e-01,9.810340391894694090e-01,7.917913630365203126e-01,3.259125693397351142e-01,9.041512305345094092e-01,9.566717270544957685e-01,8.268933303394185863e-01,9.723449620698991769e-01,5.877788313828465894e-01,9.406877784677799559e-01,8.984092655165595298e-01,8.244999333387053042e-01,8.370400497111711857e-01,9.554367706699673501e-01,7.801169867885879849e-01,6.935971804869358603e-01,5.864463667693479154e-01,4.116562741724390517e-01,8.763531357275049505e-01,5.555186679648459469e-01,9.789524934231319531e-01,5.734054206185055236e-01,7.965234062287310790e-01,6.581445813610244944e-01,6.939445699307713600e-01,6.518790039276557424e-01,4.019721355063896051e-01,7.018100112383188760e-01,7.230226707206334202e-01,9.661160340378642797e-01,5.368043597206196837e-01,4.629148112746902521e-01,8.692967147099461833e-01,6.274741844401677815e-01,3.402011873701509814e-01,2.734796556712669191e-01,8.009291607836666049e-01,9.480651089475813365e-01,7.162789195322488700e-01,1.268665469519955347e-01,6.776996766558729401e-01
9.821324489867409024e-01,0.000000000000000000e+00,7.924837899056023094e-01,8.989160349305214126e-01,7.631850968481711517e-01,5.355789359407558958e-01,7.065643738670464025e-01,6.694111173748457100e-01,4.332922380024568088e-01,6.199621661891570046e-01,5.754107003290034328e-01,6.200189927209999174e-01,7.218559069869340261e-01,9.332825527613901606e-01,8.506833030843515830e-01,3.951699340732750532e-01,9.150088360458702441e-01,6.547446908334696447e-01,6.194320622034436008e-01,5.531983467509652419e-01,9.034462399127779486e-01,8.971604209164811827e-01,6.654193864247198720e-01,6.191084941391551411e-01,7.314498160753405420e-01,5.467963838807743393e-01,8.976247458034739557e-01,7.711255615724598167e-01,4.210185319801291182e-01,3.212860510723156149e-01,5.584121042429700532e-01,8.923956494150333540e-01,6.551591592761313310e-01,6.440519673183486837e-01,9.790890713217241803e-01,2.540977726269509351e-01,3.720616359202396084e-01,6.893228519558948220e-01,6.151187176904220344e-01,6.826767238925576242e-01,6.417600706107687847e-01,8.212342937358331207e-01,3.750620693999142663e-01,8.782400758448429823e-01,6.868498080988701959e-01,8.214837926400339052e-01,5.904889140117751678e-01,1.251030851603289196e-01,7.324304830888377360e-01,5.087895183579379532e-01,7.168423156276350072e-01,3.928055257981959425e-01,5.572957563692492178e-01,8.900914835716454698e-01,9.440967511471961560e-01,9.828647212326345750e-01,7.940760348554847248e-01,4.034711327208722609e-01,9.439399718675027806e-01,1.655424019631800414e-01,4.600538337781203135e-01,4.543258735960020167e-01,6.639538715941135927e-02,2.473246398985634031e-01,9.954244618544891843e-01,5.535336483477605318e-01,7.118897002757322845e-01,9.475283530319231762e-01,5.273773248599122887e-01,6.911538381041719692e-01,7.782259071597718014e-01,6.933137350759868145e-01,6.766400743588106836e-01,2.074463953221123147e-01,9.259546504797754318e-01,9.281331930070610969e-01,6.190301215071567498e-01,7.481591759043829115e-02,5.942522408351996743e-01,2.049740141829554940e-01,6.978144529053271761e-01,6.634556864054786951e-01,9.529136716945901808e-01,1.982999849622200939e-01,7.662183804448554625e-01
4.091280119561523376e-01,7.924837899056023094e-01,0.000000000000000000e+00,-2.878576706796562856e-01,8.998465154254121634e-01,9.222283915967609547e-01,5.876144233310606202e-01,8.584891385244318718e-01,9.901848516659672583e-01,9.852600452581613544e-01,4.857628873986160056e-01,7.772251070480085122e-01,9.731435742018843538e-01,5.149396211208194796e-01,9.541089868124023043e-01,7.449954665331828263e-01,7.129981183762337249e-01,8.196285597099591813e-01,2.315970402767554004e-01,6.007309807170716498e-01,4.663360613766818763e-01,6.138429570251797696e-01,9.274986155446161007e-01,6.050852141645868265e-01,9.899260060416048557e-01,9.044570103504675496e-01,7.571539087260088507e-01,7.860991939574295539e-01,4.085816697325934665e-01,5.456269757367254725e-01,2.866671425131999129e-01,2.240724376114434924e-01,9.824673785984435748e-01,9.795901056118214711e-01,5.941360090154402807e-01,3.596860470695192880e-01,4.234676671509021717e-02,7.306260897433336510e-01,9.095003720204404285e-01,9.424542338999122304e-01,4.760337880312406345e-01,3.365307670796885420e-01,9.827281846547452071e-01,5.224053120324024801e-01,7.229585935843108047e-01,6.075146298765377040e-01,9.987231591637464323e-01,9.592279961078153949e-01,9.108676224094237606e-01,8.881101073296940873e-01,8.456770292805431133e-01,4.153557536869460498e-01,8.898410190790049246e-01,7.746894008544599197e-01,9.544324223049557299e-01,8.986620254511933359e-01,8.459521973302572828e-01,9.851671149147989137e-01,4.831801869628752910e-01,3.561734210666512856e-01,2.179795274087954760e-01,8.261592861430606671e-01,6.531232868572889316e-01,9.122424059272733476e-01,7.079409235070756035e-01,8.456342006840701364e-01,9.615204485503846543e-01,7.180238171558324112e-01,8.635291586348358139e-01,6.518010183763143228e-01,3.752642255883770761e-01,8.582815882950585173e-01,5.202271189935966378e-01,3.103131993873786132e-01,9.402335443534229897e-01,9.446809463319278954e-01,4.511090721930615666e-01,6.923544640286388718e-01,7.646331490659669106e-01,5.477870011984516951e-01,5.777289138875865149e-01,6.686009491351732059e-01,9.039417098523095939e-01,6.306715715925970134e-01,5.832750255857890309e-01
8.326393524704638338e-01,8.989160349305214126e-01,-2.878576706796562856e-01,0.000000000000000000e+00,4.380688224190374958e-01,8.852591615992784213e-01,4.004895419871534745e-01,1.839167321001732303e-01,8.346096971278881282e-01,5.207532488182775587e-01,9.354223175599121198e-01,7.467386040354371257e-01,4.722764703521907803e-01,8.021576977433904077e-01,2.376713055600296054e-01,7.257139290142780030e-01,8.061867617359733673e-01,9.028401261345134765e-01,7.868956171864949223e-01,9.268972248092253174e-01,8.964491899441505707e-01,8.023013986983236201e-01,4.296102424851191426e-01,8.996761804669043405e-01,9.557639979105645445e-01,9.915876957102265354e-01,6.163489633237726473e-01,8.409092960626700641e-01,5.388992899645208556e-01,7.630204828479774104e-01,5.368483502099959948e-01,4.019496726595013225e-01,8.686599479068191076e-01,7.145771829521135876e-01,9.277619414685498445e-01,3.955859005378439819e-01,4.175780397375539188e-01,7.030589787306141814e-01,8.178938135118509756e-01,7.893939753592462694e-01,4.810104291667673393e-01,8.029897047977077040e-01,8.888999425201175031e-01,6.839936910303324735e-01,9.043835154106116825e-01,8.740561861686757528e-01,8.626143180898462326e-01,2.912917151303945351e-01,6.972144837376602622e-01,7.342985321769717189e-01,8.189998895829827541e-01,9.511040527447811588e-01,3.081020717717529722e-01,9.163379281482668670e-01,6.178374961090654649e-01,8.018844472574497839e-01,6.332990656740717927e-01,7.424291114822166859e-01,8.825904017638378507e-01,7.303137359734944711e-01,2.806062297555740326e-01,7.482142242492869633e-01,6.669829519993413225e-01,6.170439855356595338e-01,9.773387020923116619e-01,8.971665731081585049e-01,6.121543874694570508e-01,6.140206060203917682e-01,7.828478065602039182e-01,4.361385432498344761e-01,8.428069753938886022e-01,7.710564893475504444e-01,7.119434181550563512e-01,5.291369729012107559e-01,6.804896685576055093e-01,8.543142267208502227e-01,9.190782692064782822e-01,7.528040178040745767e-01,4.897660541762563491e-01,3.546084927318429031e-02,9.599958525113785335e-01,6.971914640676813990e-01,7.632584741323407140e-01,4.723587174476309714e-02,7.226541470740673878e-01
9.481546596942873606e-01,7.631850968481711517e-01,8.998465154254121634e-01,4.380688224190374958e-01,0.000000000000000000e+00,8.684485418434029214e-01,4.641628846475094883e-01,6.928162598624558743e-01,4.045731156255358285e-01,6.941758221305507348e-01,8.894645177383576629e-01,5.204478001223312722e-01,9.421188173654964082e-01,8.068518648848339581e-01,8.282165814813869931e-01,7.670066174157896821e-01,8.621356459453849430e-01,2.022413804424085804e-01,8.350932783221378664e-01,-5.205026185348907153e-02,8.234001287548812220e-01,6.863467840083338212e-01,6.291868751497139423e-01,6.900748781683219146e-01,6.305467216826539101e-01,4.464436715338542805e-01,7.250223560243451715e-01,6.587175028294396384e-01,3.678535505857951637e-01,4.818908752683433994e-01,6.708814118358181755e-01,7.782839002170078846e-01,8.048702018929786428e-01,4.339322163669612209e-01,6.584147753918376811e-01,4.936816911527608376e-01,7.726848247485835763e-01,6.394834246381113640e-01,5.763543481747805952e-01,9.472519832179346899e-01,4.290885210657489068e-01,7.456717354425244082e-01,7.229547920354242319e-01,8.478603166756278897e-01,8.785071514099696000e-01,7.776849304189742407e-01,9.172956882974181436e-01,7.767967458527667013e-01,9.519714895563495816e-01,5.286891537654396789e-01,6.963029268647302761e-01,6.313341252266225778e-01,8.162827616074076476e-01,9.835910803143174119e-01,1.016947320455766496e-01,9.908124708231640376e-01,4.826707641585999964e-01,8.767241386740164399e-01,6.520267640991714853e-01,6.555941585584891262e-01,5.575933155693691967e-01,7.733534825210287567e-01,4.510363426329714320e-01,4.566692099368660496e-01,9.828573082097267211e-01,9.771166652479785775e-01,7.262044719375697621e-01,9.394051407203733994e-01,7.408926349096480735e-01,9.155191863240678130e-01,7.533735536247206932e-01,5.684616695412201270e-01,3.812509527365720574e-01,5.979697225065205846e-01,7.517563704127411262e-01,4.551930616836852850e-01,7.355807012352759688e-01,6.026179575321479742e-01,-6.172243269988927916e-02,7.729340256053364167e-01,6.740632434236542014e-01,6.464996036621294406e-01,9.444736992524757069e-01,5.986279031448988874e-01,7.502804098453152992e-01
6.439689435629591951e-01,5.355789359407558958e-01,9.222283915967609547e-01,8.852591615992784213e-01,8.684485418434029214e-01,0.000000000000000000e+00,2.305927334853456190e-01,9.410470119287327462e-01,7.544631368345415812e-01,6.361021237675298368e-01,1.381707185551781236e-01,7.193787132422957420e-01,6.773144799731738441e-01,8.645492125198844802e-01,4.618139023316662484e-01,3.584543847080560175e-01,3.085669258742140819e-01,8.367938825384254597e-01,4.942187905800778935e-01,3.671170109120159286e-01,8.689307879653795919e-01,8.854636497112164939e-01,6.112850406182855911e-01,9.859497677688483508e-01,5.267382653368331002e-01,9.934757611993916271e-01,8.043290439269209502e-01,6.093443880809258362e-01,4.503557809095779518e-01,7.008685256330102753e-01,7.732524299266567702e-01,6.809731238390075436e-01,6.947710575142463929e-01,6.678114450977099548e-01,1.278783779320149562e-02,5.794451780172881206e-01,3.045136610901386653e-01,5.538110596847508615e-01,8.214021577496192217e-01,7.433221379139972607e-01,2.154015089058834986e-01,7.392009995708401782e-01,7.725998123370187987e-01,4.164274388296704266e-01,9.390841279313089096e-01,7.263303636331262803e-02,8.979743765937302502e-01,6.313487630006053841e-01,5.810741703213349041e-01,5.377359309719280667e-01,9.987950240852639938e-01,6.465370347276558904e-01,7.451229995412733675e-01,7.743156184582404844e-01,8.401275278187545492e-01,8.729180663823634667e-01,6.244902697103499323e-01,6.629410350229427706e-01,6.637787408277020518e-01,5.152542982134177274e-01,5.011189181612590166e-02,7.985043945159188139e-01,8.727085808265035993e-01,4.260593614597577572e-01,7.812908704790164638e-01,6.124271971804862158e-01,2.241138285718603518e-01,8.667028251016500873e-01,3.477819536795896393e-01,6.764473963997750250e-01,6.591703998589718561e-01,6.105698443922266128e-01,6.568737322576385651e-01,6.223605637954002789e-01,6.882494675091321845e-01,6.405133138454098818e-01,4.168063310296805102e-01,7.577284701437978498e-01,4.992854966007106987e-01,5.098457900904828088e-01,6.775030383313787041e-01,6.307049003395184261e-01,5.939352304569323060e-01,6.435807891924574253e-01,2.095917563030655351e-01
8.701477362516020220e-01,7.065643738670464025e-01,5.876144233310606202e-01,4.004895419871534745e-01,4.641628846475094883e-01,2.305927334853456190e-01,0.000000000000000000e+00,3.921391830252728417e-01,8.497685223086730577e-01,6.374539884720717975e-01,5.926036842141575445e-01,8.715117967345971106e-01,2.363803608166567538e-01,5.564164437231129412e-01,6.111007178212866098e-01,5.965302296731593845e-01,5.622311789244626157e-01,2.425362777570688189e-01,6.363237082908856923e-01,6.935129457967441624e-01,5.394180134880557365e-01,4.694701033473941965e-01,4.360048084903204169e-01,3.468660974481282411e-01,6.938863672687513029e-01,9.977459077317307745e-01,5.555838507956447625e-01,9.184174979964084828e-01,-1.078272638423068280e-01,7.179266799657638698e-01,6.014046561962360649e-01,6.170932023080655249e-01,8.621505525351508270e-01,3.392182198390605308e-01,7.167468554416793758e-01,4.991938481559708984e-01,1.119842686853248365e-01,2.408305524613754134e-01,9.238380716735369313e-01,2.329788845000417274e-01,3.630932801722921432e-01,2.727452836356532573e-01,7.255956697520894449e-01,7.963498193986887630e-01,8.226842874624611390e-01,2.238823722770784397e-01,6.724590091728154251e-01,4.318274594297688007e-01,2.471581441358594033e-01,5.951796282287870055e-01,7.875954757594683109e-01,7.161288070372554548e-01,4.858077348523113237e-01,7.277075720227413891e-01,9.255863749815649300e-01,4.912474024547672791e-01,2.200645901766258850e-01,5.722482381861787593e-01,6.600022756470148577e-01,4.238467593349140583e-01,6.153994246225611420e-01,7.076120880464286111e-01,4.697981504238081807e-01,4.478504716744468039e-01,9.047778913169476356e-01,5.744532430743155560e-01,4.975236030320112079e-01,4.017770365699465662e-01,7.326334525525650676e-01,4.021141349473594806e-01,7.213233265668973493e-01,5.997808493397784879e-01,5.442570016513292863e-01,6.370226963180707358e-01,2.604520080344718824e-01,6.937075217439118147e-01,5.147502390368359215e-01,3.182339272978402245e-01,3.582533311786983976e-01,6.791543828835379104e-01,6.489868606915286664e-01,9.598719442728153028e-01,5.503725575803091186e-01,8.144757091859019527e-01,7.512378156029336784e-01
9.605462260581882905e-01,6.694111173748457100e-01,8.584891385244318718e-01,1.839167321001732303e-01,6.928162598624558743e-01,9.410470119287327462e-01,3.921391830252728417e-01,0.000000000000000000e+00,2.233571183619742218e-01,3.732504145909165683e-02,6.316342701990377284e-01,5.499718374920491426e-01,5.482337478367623751e-01,9.617246752897907758e-01,6.485323550030176465e-01,8.724966605181075918e-01,8.889879137666569786e-01,7.349667714249105144e-01,9.055010548845954244e-01,7.409201035700865301e-01,9.803382101366420187e-01,2.545821189287085784e-01,7.597572261269623928e-01,7.014405302459854052e-01,7.250924622094410132e-01,5.865601087829296345e-01,5.740330821657196880e-01,6.186828612084168677e-01,5.300691303174984714e-01,6.442343457055446088e-01,3.425442130693793219e-01,2.495501687268830149e-01,6.864598104304087123e-01,3.873453474790450879e-01,6.311569687873839207e-01,2.614666898424948260e-01,6.498691189681401470e-01,5.989956575202384226e-01,9.589929672896692070e-01,8.287594452237244391e-02,7.168090515423214404e-01,4.324065142558803920e-01,9.448955217149641594e-01,4.223048231211948278e-01,6.514606580653312662e-01,5.336001091218860459e-01,6.074568951667687067e-01,6.961225474930226031e-01,5.210539384804145913e-01,8.791066230748458832e-01,7.070796060687603024e-01,3.732019042189202995e-01,6.010065544758882439e-01,7.952393108542468170e-01,9.067077903362580349e-01,6.549349500078308628e-01,5.850501877187588295e-01,2.772199543255664533e-01,8.187316445623672445e-01,5.037236138872756008e-01,5.499908826793011851e-01,7.881279592419168090e-01,4.670011749959293579e-01,8.268954701240875949e-01,7.497443321993793042e-01,4.686588074670837156e-01,5.274958344432858492e-01,9.873986646428586367e-01,7.193998914711400294e-01,7.560032878842721793e-01,6.162790256550300105e-01,7.818996007835952167e-01,5.542015185954707324e-01,3.288847752480692499e-01,5.387820606711218180e-02,4.119231184030804904e-01,7.530926212792815599e-01,7.144460388277849017e-01,9.126002641105781521e-01,5.996906344758460294e-01,6.670119705824992806e-01,9.504863849635249995e-01,8.684371866298783438e-01,7.501897734722319244e-01,6.897243147264474628e-01
9.365505489103564951e-01,4.332922380024568088e-01,9.901848516659672583e-01,8.346096971278881282e-01,4.045731156255358285e-01,7.544631368345415812e-01,8.497685223086730577e-01,2.233571183619742218e-01,0.000000000000000000e+00,8.900072639597597091e-01,8.132053611090339640e-01,7.663903306916310942e-01,9.036059591669896029e-01,8.911201994794474279e-01,6.287877933319852009e-01,7.192669976360459572e-01,6.318165155672950117e-01,3.460029732065530994e-01,9.735150338813571835e-01,9.898153583396666066e-01,8.708624961389062058e-01,6.373428334233675052e-01,3.011404059980609116e-01,8.221540950445485052e-01,1.431245609574953448e-01,6.785260909274710706e-01,7.713283739148846241e-01,9.687042179539757658e-01,7.610328856232964068e-01,3.228077921638163872e-01,5.475872788152860715e-02,9.287757580073818797e-01,4.596831896955572150e-01,9.644961339673550071e-01,7.142970450931305226e-01,6.191526641907101336e-01,4.172161369929347496e-01,5.975067706274863610e-01,6.885994820195928678e-01,6.984837850875469378e-01,4.366551147637794394e-01,7.567892226756927077e-01,6.917431433351898251e-01,7.553263066298528949e-01,5.543072074533560434e-01,8.665091002792353336e-01,6.912357562018873747e-01,9.929654812905885919e-01,6.344316859639800854e-02,8.825528759540507417e-01,7.992332450394206145e-01,5.170104542476599008e-01,8.374964651410128358e-01,5.080563196941196846e-01,4.758826343011028359e-01,7.886315798054035486e-01,4.025775497202062625e-01,4.581758472858668552e-01,8.432491937419721584e-01,3.144197671978066211e-01,7.142659724633203533e-01,9.603626947759328347e-01,5.965540972391940588e-01,5.782003958896843043e-01,7.759609260236223216e-01,8.653356706560008105e-01,8.981595381218033802e-01,3.501561127980316046e-01,4.351808329619742954e-01,8.871049413730610622e-01,9.269857243414524328e-01,5.837050283951065177e-01,6.807999038957156523e-01,6.885985793638552677e-01,-3.063809967566860637e-01,1.996681275240218545e-01,6.328465114288785998e-01,8.139349428013326060e-01,2.809999876548011088e-01,3.372490951439756079e-01,7.395474820939611504e-01,6.722047109536455345e-01,7.682890163473258260e-01,4.548757147118636102e-01,5.250754359450623410e-01
8.304239571913055729e-01,6.199621661891570046e-01,9.852600452581613544e-01,5.207532488182775587e-01,6.941758221305507348e-01,6.361021237675298368e-01,6.374539884720717975e-01,3.732504145909165683e-02,8.900072639597597091e-01,0.000000000000000000e+00,5.585927126534806497e-01,4.910518262960806846e-01,7.213969021492794287e-01,9.559492010813446239e-01,6.216790641904559322e-01,9.536224966920884283e-01,6.941122365169994923e-01,6.848791503179821882e-01,8.729507109390821640e-01,8.526986859986085410e-01,9.123640175682133924e-01,8.193936917969339984e-01,2.240476762023001500e-01,8.967500589738197636e-01,5.784490476871589903e-01,6.222874583059474496e-01,7.969517959533343188e-01,7.199492539638153721e-01,7.501085553154112073e-01,1.788257286623852194e-01,5.754518162762648492e-01,6.885124899082829542e-01,2.788207082304909878e-01,6.963324673169356549e-01,2.558043340280278799e-01,4.680994320513209850e-01,1.286426203370712729e-01,8.523746471653951273e-01,9.224167545411031677e-01,8.239820647927844632e-01,4.924204094506897667e-01,9.895836717548767147e-01,9.371079070134713529e-01,6.576611834513830246e-01,8.290544658261560507e-01,9.374275387202967158e-01,7.639914542892685123e-01,6.164547023721284047e-01,6.631016400249839515e-01,8.416877774533300105e-01,7.300702904815672412e-01,9.591555608129800348e-01,5.641238775726852284e-01,6.723297114820396825e-01,8.029890958039060944e-01,9.352909965434643702e-01,4.538789688793334887e-01,8.174557931717534309e-01,9.391861919668641479e-01,7.832083658447852592e-01,7.470075135672877842e-01,6.249590382600579419e-01,8.983392989298736309e-01,9.540850403010235903e-01,8.767978021780865605e-01,5.651435501273223139e-01,7.456602306671494818e-01,8.468385282714581130e-01,5.585717206742670804e-01,8.381538349962676104e-01,8.904286402843926140e-01,5.531456528784066684e-01,6.071799054712043731e-01,4.148672469023810816e-01,2.729842415733702010e-01,7.402939987443863945e-01,6.490987432597926654e-01,3.973924870538436682e-01,7.135015146389599439e-01,-9.549802806093196650e-02,6.145455077735614280e-01,3.746163374973284776e-01,9.956844732105651907e-01,4.998544361212490239e-01,5.028983355973468683e-01
8.250999519192544485e-01,5.754107003290034328e-01,4.857628873986160056e-01,9.354223175599121198e-01,8.894645177383576629e-01,1.381707185551781236e-01,5.926036842141575445e-01,6.316342701990377284e-01,8.132053611090339640e-01,5.585927126534806497e-01,0.000000000000000000e+00,6.197124486150115130e-01,8.032943693429264176e-01,9.137881448928568684e-01,7.836149686118852875e-01,9.639440916553099203e-01,2.115104797031030492e-01,8.496744707195890145e-01,7.894971125549481439e-01,9.441595078228082194e-01,9.237708850636752178e-01,7.617614784417425788e-01,6.794262763806722116e-01,4.383512763193667117e-01,5.921000279736130661e-02,9.826891920117571955e-01,4.094845194183718839e-01,5.888037508690030508e-01,5.752646551530301577e-01,9.310989405360908799e-01,7.238028134151357484e-01,8.861943059795348576e-01,6.471551747827350987e-01,8.196837353554162764e-01,7.786098326262659297e-01,4.561891119913923931e-01,3.274621640504616904e-01,1.109032188091573778e-01,7.626153777692044056e-01,3.830456041649279997e-01,6.453568794380839524e-01,6.284941059538216024e-01,9.356191065364370951e-01,8.829086089529729620e-01,8.542978847844577839e-01,8.667863671049760299e-01,6.045298691044721506e-01,9.364079141281961283e-01,6.596087965042618517e-01,9.948449750032433148e-01,5.814065467107865093e-01,4.729518685680994539e-01,9.584982869055743704e-01,5.564191578301550534e-01,7.766242929027233899e-01,8.619425329836329919e-01,8.662875461999289817e-01,3.394716695967945341e-01,7.401447917040088198e-01,4.967678695829221835e-01,1.683977041975157352e-01,8.088016387237947358e-01,6.342726215938363499e-01,8.938431660942216528e-01,8.998443341731828804e-01,5.938521866835028140e-01,9.432728990534752223e-01,9.709913937201920531e-01,6.701490836690235930e-01,9.604476313024549183e-01,9.110827889889636655e-01,7.398364139562655373e-01,8.006344091086757819e-01,3.511450400538880245e-01,5.490971843863892699e-02,9.807117651078468556e-01,6.692282090783990833e-01,6.055628704647079141e-01,4.161890450459910795e-01,2.380941490646489300e-01,9.280287649039813402e-01,8.082208187900747909e-01,9.765510374229009471e-01,8.609821835069230156e-01,7.170080858810742308e-01
7.385660488799443701e-01,6.200189927209999174e-01,7.772251070480085122e-01,7.467386040354371257e-01,5.204478001223312722e-01,7.193787132422957420e-01,8.715117967345971106e-01,5.499718374920491426e-01,7.663903306916310942e-01,4.910518262960806846e-01,6.197124486150115130e-01,0.000000000000000000e+00,9.396427587807130166e-01,8.754537613285047204e-01,5.827357866188143110e-01,5.022388786345194367e-01,6.484174360214495225e-01,9.152657559987321667e-01,4.206908953373814097e-01,8.986904537570955531e-01,9.220693410273959056e-01,7.012282285120289282e-01,2.126185928151407556e-01,6.490202893356162850e-01,8.149041193705803821e-01,6.951310794638525525e-01,8.386184848004858416e-01,4.501633084187849909e-01,4.726476215133314507e-01,2.053136463728135463e-01,7.933250009162842176e-01,6.932900012315791338e-01,7.963406063113938060e-01,6.430241903253784974e-01,6.033316683877262276e-01,6.738013000448781487e-01,4.889430204296829618e-01,6.515387364731909381e-01,7.565068448838373483e-01,7.992524467460352389e-01,3.571451893447954440e-01,-4.984878055866515112e-02,4.025650450242269085e-01,7.505404827366395359e-01,8.205312539487619183e-01,4.091131099881155642e-01,9.640211253833607108e-01,7.500408106147362641e-01,6.648439416546189085e-01,6.268705985331416430e-01,4.477291771366506690e-01,4.147508970216823299e-01,4.473861574647650108e-01,5.794926579073977901e-01,8.361290563278845900e-01,6.465949474535404029e-01,4.652102201950669702e-01,5.659205303222885064e-01,4.077538405908335273e-01,6.077431641258651540e-01,3.966781222543738217e-01,1.034908740771503660e-01,6.396714089322057539e-01,9.343744411020397100e-01,9.463296992744960612e-01,6.200076663578633074e-01,6.344642906201849453e-01,6.178644796452787968e-01,3.464288579027408610e-01,5.708501429160965923e-01,8.270230810439787028e-01,8.103116172435597120e-01,-1.917614258293678930e-01,8.511409184765408309e-01,4.035231699005441541e-01,2.177761805201502421e-01,7.704543720425829356e-01,2.624833774674844022e-01,2.815296717684780958e-01,5.226084423590694472e-01,7.703848280886324007e-01,7.191865513898438866e-01,7.580023007315520589e-01,2.986530897895856018e-02,6.137993483199498668e-01
6.065312526756698741e-01,7.218559069869340261e-01,9.731435742018843538e-01,4.722764703521907803e-01,9.421188173654964082e-01,6.773144799731738441e-01,2.363803608166567538e-01,5.482337478367623751e-01,9.036059591669896029e-01,7.213969021492794287e-01,8.032943693429264176e-01,9.396427587807130166e-01,0.000000000000000000e+00,5.173115082351704697e-01,7.183866820413629117e-01,9.307948519109032759e-01,6.248299254907657696e-01,9.289052749324252511e-01,8.448948549712336220e-01,9.579923399182774801e-01,7.173726840587345555e-01,9.815424628646135519e-01,8.953789555595478289e-01,9.910641952365113472e-01,8.926009894493426300e-01,8.489310443106334869e-01,9.362150183635248313e-01,9.030530971131771611e-01,6.322888236246577698e-01,3.357253101089711089e-01,1.959541930382895439e-02,6.723208664475570639e-01,3.635814759688080766e-01,9.388218110066037791e-01,3.166775227204638443e-01,9.295401081919052455e-01,4.410809298530382616e-01,6.868544934727924822e-01,6.324918875691226683e-01,8.019292909341964037e-01,2.192771457545155678e-01,8.098846893549105364e-01,6.554448327527976348e-01,6.088886878069721398e-01,6.643752723292200013e-01,5.347867006160766934e-01,7.884894205946064716e-01,8.110559505314488549e-01,9.512965941603706010e-01,9.886542576167107743e-01,7.073642241307238621e-01,6.477068610756374634e-01,8.535042160658481425e-01,7.048141745709101125e-01,3.179647407739824572e-01,6.748227500875265683e-01,5.902886386720263001e-01,5.777300790517392315e-01,7.540195981066402098e-01,4.182603447371205929e-01,-1.971208577773696791e-01,9.379372214719432499e-01,8.360490309050851998e-01,7.390036463198925709e-01,9.937286903049253883e-01,8.180020223109222277e-01,4.871605426079281820e-01,7.096711951219818459e-01,2.807742512029696297e-02,8.851187842764715041e-01,3.846425672011430374e-01,8.487853829124551996e-01,4.058580279787088463e-01,7.195418474046504365e-01,3.923124104274378077e-01,2.669469164313947318e-01,6.574581296817035847e-01,5.177286049108058563e-01,2.308456773238981574e-01,2.485498732177792158e-01,5.264240803321623696e-01,2.017659654618020049e-01,3.705767423944373307e-01,4.643587954664268880e-01,2.513887128146702343e-01
6.136608462134240938e-01,9.332825527613901606e-01,5.149396211208194796e-01,8.021576977433904077e-01,8.068518648848339581e-01,8.645492125198844802e-01,5.564164437231129412e-01,9.617246752897907758e-01,8.911201994794474279e-01,9.559492010813446239e-01,9.137881448928568684e-01,8.754537613285047204e-01,5.173115082351704697e-01,0.000000000000000000e+00,8.999788136174141640e-01,7.728146893333381895e-01,6.129817968320082633e-01,9.954643521653839811e-01,9.135699237109194959e-01,6.596823865516265872e-01,9.253438993232209198e-01,6.312889100235822282e-01,4.978749990273863002e-01,7.621719618364946047e-01,6.019845911590646637e-01,7.730536940484029618e-01,4.465145768262877013e-01,4.354015282883426097e-01,6.905091231834232790e-01,4.353155539980662070e-01,5.642979997903350142e-01,4.568833736245054289e-01,7.855564092078262117e-01,7.184959651287794458e-01,9.807914029846316328e-01,9.295330084667851808e-03,7.207020891814609476e-01,9.799908374554527901e-01,7.567057281996061313e-01,8.632620504533741190e-01,5.661388897868663284e-01,7.847361867594191409e-01,8.577838151942158706e-01,9.226772793628826852e-01,9.562220779889016864e-01,8.992670413067193058e-01,6.195440463314781931e-01,9.219846242277296433e-01,7.460136238907553174e-01,4.401350774790899756e-01,1.038341294870906567e-01,5.586403973713935933e-01,9.226104594539668025e-01,9.455278645189109099e-01,4.497201126611555799e-01,8.574439522032301086e-01,6.812997202395337792e-01,8.380490327837666897e-02,1.848383272070267536e-01,5.300197597065343658e-01,4.905086589719205303e-01,9.759269931583205437e-01,2.849718771421049790e-01,9.418956446825533790e-01,5.735468557416559809e-01,5.791093506206672625e-01,6.276259301013835668e-01,6.687765742472735475e-01,7.272038698105597332e-01,4.896282773659498821e-01,7.735863038018601090e-01,6.179401249154604647e-01,7.002114825645590068e-01,8.383702443778231483e-01,4.996172024116171118e-01,8.592784627844338718e-01,4.683727667354505297e-01,8.182105280159561733e-01,6.141259882936609543e-02,2.437764523868940492e-01,8.471983520430688142e-01,8.404061132435280967e-01,4.242788278767826160e-01,4.964087856537217625e-01,3.413747124296397928e-01
4.907161396465216652e-01,8.506833030843515830e-01,9.541089868124023043e-01,2.376713055600296054e-01,8.282165814813869931e-01,4.618139023316662484e-01,6.111007178212866098e-01,6.485323550030176465e-01,6.287877933319852009e-01,6.216790641904559322e-01,7.836149686118852875e-01,5.827357866188143110e-01,7.183866820413629117e-01,8.999788136174141640e-01,0.000000000000000000e+00,5.992980984380343878e-01,9.185228510226851606e-01,9.296219597014597769e-01,8.464128455633472825e-01,7.523480451481108222e-01,9.893387581027025535e-01,7.961865742136988722e-01,4.227350401394853185e-01,9.814369518554685312e-01,6.419498973101571693e-01,9.393141162626441609e-01,3.395778175209095417e-01,7.404510854307928547e-01,6.884379328660730213e-01,6.813456257120241721e-01,2.477636751338386789e-01,5.872333662517685848e-01,8.913852918594687980e-01,6.858487205354029115e-01,4.360970061655209395e-01,3.886788213633600719e-01,3.554909570177518519e-01,6.457877568764467391e-01,7.438505184634447431e-01,5.901136885428186485e-01,1.308324933525727429e-01,6.688987808214812425e-01,7.133520019795095424e-01,7.467738288906564659e-01,6.134425433385932713e-01,9.021818579301946750e-01,8.110521047861635191e-01,4.174976720312737616e-02,5.024968386764515627e-01,6.625715783467901465e-01,4.984091404752339916e-01,5.876716779006287972e-01,9.975373429925621371e-01,9.106516180965031904e-01,9.242770890785922955e-01,7.906916566128976420e-01,7.801666844216257335e-01,6.016514529215578611e-01,9.180582918508618517e-01,5.438128298839040031e-01,4.824940618017203309e-01,5.063455602374266062e-01,6.590859869765103296e-01,6.951571447627125089e-01,9.216034373948829295e-01,9.494009620785788250e-01,2.114443498865701543e-01,4.829697026944164140e-01,5.592750366455050415e-01,9.849552477621140723e-01,9.338739397231382577e-01,9.508848235221892820e-01,2.534755711328220973e-01,4.875301990479326553e-01,7.406472540392398940e-02,7.073124864869302364e-01,7.040663121773647060e-01,4.882677235730851217e-01,3.888220198232673619e-01,-5.755004983129349827e-02,4.361915039377817216e-01,8.434210655050361494e-01,2.234883366904932278e-01,3.978632752201174405e-01,9.243604700850119871e-01
5.019438253451533605e-01,3.951699340732750532e-01,7.449954665331828263e-01,7.257139290142780030e-01,7.670066174157896821e-01,3.584543847080560175e-01,5.965302296731593845e-01,8.724966605181075918e-01,7.192669976360459572e-01,9.536224966920884283e-01,9.639440916553099203e-01,5.022388786345194367e-01,9.307948519109032759e-01,7.728146893333381895e-01,5.992980984380343878e-01,0.000000000000000000e+00,9.832817454443931737e-01,8.285535219634466708e-01,5.845349708896199203e-01,7.802757156537873939e-01,4.141329449983798816e-01,4.439291905726950871e-01,8.440823950488405281e-01,7.353433971153999771e-01,4.246603386037085537e-01,7.846434426883638347e-01,8.574927908004721377e-01,7.070569590207683719e-01,5.054693523814267619e-01,4.716641547122807920e-01,3.803139074962913480e-01,6.988095508600787875e-01,9.948669188148007159e-01,9.203868951024372080e-01,7.837041364801883292e-01,5.930323630890788067e-01,1.932766372579782232e-01,7.714303303114998789e-01,1.015087422349560953e-01,7.002587911240105711e-01,6.482889737018473486e-01,8.814417064910252675e-01,1.896588044368744674e-01,5.637958724434652957e-01,8.464626142661078045e-01,7.882119501536520856e-01,8.666087333459789044e-02,1.502063676711332951e-01,5.356620054857631485e-01,8.007981347333762434e-01,7.472146864144308953e-01,6.940589682076507838e-01,9.709395198793958626e-01,9.505879407474774334e-01,8.608283656685906671e-01,6.442191098354425050e-01,6.121853027701991135e-01,5.651634503567728451e-01,8.058349960084508767e-01,3.955170229418426553e-01,3.984238664965799037e-01,5.729155376502479413e-01,6.281667625245670461e-01,9.281482202464637066e-01,7.782064505807865240e-01,3.337612312743010179e-01,6.113884220279242054e-01,7.293894523018906728e-01,5.152524300024354798e-01,6.882529010511333478e-01,8.807329917407293873e-01,9.011774897386907179e-01,4.295888748267078783e-01,6.335102004890338367e-01,4.417125874283293063e-01,7.227089542184537141e-01,9.716816098474281294e-01,3.567236974802871496e-01,5.720773717472061870e-01,4.602731966704500799e-01,6.105931010805835113e-01,7.013034584757340539e-01,9.520701653169630907e-01,6.159417491995778926e-01,8.272190003056004715e-01
6.010942380406019137e-01,9.150088360458702441e-01,7.129981183762337249e-01,8.061867617359733673e-01,8.621356459453849430e-01,3.085669258742140819e-01,5.622311789244626157e-01,8.889879137666569786e-01,6.318165155672950117e-01,6.941122365169994923e-01,2.115104797031030492e-01,6.484174360214495225e-01,6.248299254907657696e-01,6.129817968320082633e-01,9.185228510226851606e-01,9.832817454443931737e-01,0.000000000000000000e+00,6.800374402165449972e-01,4.143979575700690865e-01,9.606984507312215094e-01,4.852427131575942632e-01,3.751721510005637805e-01,6.162294526364705538e-01,7.017669302306344115e-01,7.211178943250453610e-01,3.110492462564665161e-01,8.304048679954597612e-01,8.002347590874046013e-01,6.048959511754333773e-01,5.562328544389587570e-01,7.921340338117714985e-01,3.369596545104793228e-01,9.165584244243178969e-01,9.674020772598170836e-01,8.739369727161838686e-01,6.660018186776185400e-01,1.102973032701088929e-01,6.674380491368411272e-01,8.295354884152156272e-01,6.717351659067937186e-01,3.770763562912917699e-01,9.807662696403280922e-01,7.513673395930762222e-01,9.746403836049919445e-01,8.626076682283712049e-01,6.826985164063070766e-01,7.723715192329135837e-01,5.159901846161755179e-01,9.678812895084816237e-01,2.278610082368871803e-01,5.274723281629801752e-01,6.402747347103221465e-01,7.635352346900018405e-01,9.379824615737542004e-01,9.618694261551655744e-01,6.044304756693513747e-01,6.765685724976213677e-01,7.731612981397351092e-03,9.904431061538562231e-01,4.682864583516453960e-01,4.430220371273902447e-01,9.345568843991846064e-01,7.812113097604586054e-01,9.298414809576814877e-01,9.437417182729032072e-01,7.465408512627025317e-01,9.289812251733584603e-01,8.079406110074770497e-01,6.227784697832526861e-01,8.465546420751460799e-01,4.214657735104186953e-01,7.211572092411772106e-01,5.428761704300202329e-01,6.245055463380534411e-01,5.963498579793440335e-01,9.790982046176731624e-01,9.757084216078401040e-01,9.142423247062371194e-01,6.712988814556966055e-01,2.078293060194543185e-01,9.559367390684945232e-01,2.020677171422980700e-01,8.699864413914603078e-01,2.885731604893470581e-01,8.279461567048674864e-01
7.990838916963141081e-01,6.547446908334696447e-01,8.196285597099591813e-01,9.028401261345134765e-01,2.022413804424085804e-01,8.367938825384254597e-01,2.425362777570688189e-01,7.349667714249105144e-01,3.460029732065530994e-01,6.848791503179821882e-01,8.496744707195890145e-01,9.152657559987321667e-01,9.289052749324252511e-01,9.954643521653839811e-01,9.296219597014597769e-01,8.285535219634466708e-01,6.800374402165449972e-01,0.000000000000000000e+00,9.435110035865172939e-01,9.918493617469572587e-01,9.944965309273030574e-01,7.461623799462214768e-01,9.089430250233027087e-01,7.078148945196769404e-01,8.071068922867739026e-01,6.241863507601184136e-01,7.987179208409688203e-01,9.522654995280199763e-02,7.139501623002081354e-01,2.034499251531299291e-01,-1.782542972463755648e-01,4.657069535080508027e-01,8.564349159950916945e-01,7.562217962572121976e-01,6.617049109425705566e-01,6.724518012153046786e-01,7.918091271326523906e-01,7.710295747160521573e-01,7.560351917066536753e-01,3.260246326405052963e-01,4.846385965471406987e-01,6.357417664293614212e-01,8.944139404381564740e-01,8.071345195241779180e-01,8.480628670570100613e-01,9.558088903876792441e-01,8.277529212101506495e-01,6.608852042442081576e-01,6.282411895897863641e-01,7.942585692305033085e-01,4.220723418953308825e-01,2.202564912063880997e-01,6.468783119183850738e-01,7.788389986299373291e-01,6.631889490184895708e-01,6.210830958264620394e-01,6.565971120324736177e-01,3.551152894358037271e-01,8.341474151272532112e-01,7.362768899243632426e-01,4.360457918697295820e-01,6.799718856322816141e-01,3.244830489936454399e-01,9.098499649346251106e-01,7.638170712373393290e-01,4.831727199934477412e-01,4.842057183175502155e-01,9.122204592121067046e-01,5.100493156526871852e-01,5.740957756342894847e-01,7.124248264292759591e-01,7.004066525046563907e-01,5.778838749020609455e-01,7.526069733898816949e-01,9.075692334313474330e-01,8.008470851236992871e-01,8.831599340878322213e-01,2.412359931230600718e-01,4.787443036621386594e-01,2.585838564354324687e-01,6.643621121856746470e-01,6.285991394718021263e-01,9.701446674969275152e-01,2.196920404610830102e-01,8.968246464637308346e-01
