0.000000000000000000e+00,2.636524066647987774e-01,8.178192376426572929e-01,8.834322768195187470e-01,9.554478000953912087e-01,6.324595311123998309e-01,7.825776460577594795e-01,9.734505528103418737e-01,7.831998705520197834e-01,3.374501944026754297e-01,4.384878830110378600e-01,7.936635188309211220e-01,5.272218456127009123e-01,9.759612355749860413e-01,8.401733015728091170e-01,6.231445379246666194e-01,8.475480768430700973e-01,8.925945888610040679e-01,7.591233848403822204e-01,3.513457288209940188e-01,3.035051346984678489e-01,4.464104624147430256e-01,2.639964956206073410e-01,7.990547550175484126e-01,7.173852962058711036e-01,9.733397277029458561e-01,6.985653796441045893e-01,7.250157934849105201e-01,3.733569972054663344e-01,4.049349050667863659e-01,2.786389346273451806e-01,6.361956564411195281e-01,8.023024603545988453e-01,7.531066459530737500e-01,6.516602544111067541e-01,7.126807600970733736e-01,4.901496120304832949e-01,8.476577649369952949e-01,5.361181138278117153e-01,8.697937216845311736e-01,7.564014016604156954e-01,5.128870678079265888e-01,7.715417246462417111e-01,9.973416054136639008e-01,6.189112947358204053e-01,3.751093522990599505e-01,8.239495515394810177e-01,8.842849686504594686e-01,3.931024743564009299e-02,1.823756172580108803e-01,9.370631724021525333e-01,8.766271938011496179e-01,6.928808318232838603e-01,6.934304858392635884e-01,7.947087631959357523e-01,3.786182186341645606e-01,6.225668175280325567e-01,7.108764837013464843e-01,8.780482583238513605e-01,5.433094155734183861e-01,4.360286018344948777e-01,4.809913086824804118e-01,1.441472614298028032e-01,8.154276145742784809e-01,7.997553417849316837e-01,9.030354155810763617e-01,7.409037264895736996e-01,-1.963171792385311754e-01,6.417442427784197934e-01,6.279353819389211777e-01,5.180643199081695904e-01,8.566232779095711569e-01,4.189385859026555359e-01,3.472261265797022545e-01,8.156198109592109891e-01,6.882196291288532608e-01,8.113486044715271239e-01,7.805450421018118590e-01,4.816196141282780285e-01,3.353711624271300540e-01,8.700341206376122072e-01,6.243460350750156262e-01,8.136461109387567170e-01,6.017226695146242754e-01,7.349427754251087741e-01
2.636524066647987774e-01,0.000000000000000000e+00,8.451849661643430212e-01,6.045763902654898159e-01,8.049693644077320354e-01,9.447748686922021744e-01,7.354818237598814701e-01,7.467395296577190589e-01,5.212388514866401756e-01,6.901769707890541561e-01,7.738352002654576012e-01,3.233920936179811578e-01,7.796059863943868296e-01,7.368384791873627826e-01,9.917987190270933784e-01,2.076436745505120252e-01,6.053072297099358900e-01,6.450161732654939861e-01,7.364418169837916306e-01,7.486112483965324804e-01,9.699322341782312673e-01,9.326828254599174306e-01,4.688648675933030363e-01,6.523533473759824952e-01,6.847102214496341155e-01,8.946625350102065388e-01,8.895377427213849719e-01,7.556638587267174856e-01,1.558269118127275643e-02,3.052933698027200937e-01,1.161403868099986081e-01,7.628220139636260333e-01,7.061923116888247920e-01,4.036995339097321223e-01,9.488365312484360325e-01,4.635932109345852203e-01,2.781764647632139487e-01,5.180794101834479415e-01,7.360753304816897158e-01,8.134282063638300642e-01,9.533973107178892459e-01,7.834269020619795132e-01,5.380718593041893261e-01,7.761336629874936444e-01,6.593347344525632980e-01,1.866794237104382193e-01,8.698788968816346667e-01,6.413763454097095584e-01,6.380906424011756339e-01,3.925043195000776919e-01,1.809902964516649226e-01,8.499888011155535272e-01,8.938890594469921513e-01,9.392669654627110454e-01,7.243689462021278835e-01,8.447239386495873914e-01,5.688139609167525146e-01,8.682457326466126446e-01,8.109425651071460184e-01,5.921653971955629370e-01,5.082028492576319278e-01,6.462138185285588587e-01,9.952998949329454614e-01,9.887317491037883599e-01,8.515593044189705418e-01,9.971061570387138584e-01,8.636495804224121331e-01,9.760185670251494416e-01,4.173826935961056361e-01,4.658385166859512760e-01,8.259839237255038880e-01,9.381765318646705376e-01,5.161162876141084377e-01,4.742151018306468568e-01,6.472964756756556248e-01,2.137750332733956982e-01,7.166119541660191938e-01,5.113400182110602321e-01,5.003072189382887780e-01,1.248890284401975859e-01,5.477723169467493269e-01,4.438547388736414079e-01,9.771056356234768536e-01,7.577577203141820927e-01,6.485723034804757869e-01
8.178192376426572929e-01,8.451849661643430212e-01,0.000000000000000000e+00,4.994937452218791707e-01,9.207138481111817319e-01,8.971749277259960520e-01,9.971346929252464797e-01,4.418780027468627303e-01,8.445075964199506569e-01,9.191474375552872722e-01,7.979336145508850731e-01,4.677591692096814135e-01,6.830349800816912786e-01,8.839954297725940435e-01,2.930828221196310479e-01,8.206505176867322504e-01,5.084510741878216500e-01,6.491947358439091875e-01,9.900492881732243511e-01,8.730657670921666558e-01,9.560310617177618653e-01,7.292015196203069927e-01,6.699125442305389200e-01,9.891581962682264306e-01,6.047146632492822471e-01,9.209409996592299308e-01,1.207282497241812802e-02,9.059920025621441830e-01,7.453291796501222422e-01,6.759697108017421741e-01,5.727228396412967770e-01,8.461785400073752461e-01,9.477615223320150495e-01,8.036778545768135107e-01,9.293025090714491787e-01,7.996665721036282370e-01,1.077081880183196338e-01,6.204528943872880120e-01,8.399072164100641613e-01,5.795515402550409645e-01,7.945164042033462382e-01,8.218209628839305836e-01,6.114744076643853221e-01,8.543793777536476952e-01,8.663766509892010248e-01,8.683467547161823896e-01,8.696447125028681224e-01,7.545697761323125752e-01,7.335968803857405574e-01,8.193663871157569334e-01,9.191925881281653998e-01,6.897586063077453256e-01,3.814991902038005200e-01,9.111658245202299833e-01,8.259239108320228784e-01,6.758464383976667822e-01,9.739981587839015020e-01,9.068924615440678849e-01,7.992847788662814645e-01,2.117016270057703320e-01,3.922238847960410890e-01,8.053069721014277649e-01,6.661664431495812888e-01,6.270974987311994653e-01,7.770432738600414613e-01,8.997572896439861578e-01,5.267185465162744773e-01,7.181572637392054093e-01,3.690011148472248648e-01,8.104392448190812503e-01,2.437892563976223337e-01,9.329699056099418630e-01,5.483169136103972496e-01,4.647239856027518545e-01,7.063194937795346240e-01,4.000759923945967911e-01,9.561884286307782421e-01,4.969474328528522555e-01,5.488349128117619991e-02,4.410674172232283974e-01,9.156874026567762836e-01,9.425798558065892063e-01,9.039171440603195329e-01,9.337289214577069174e-01,9.948482025881201229e-01
8.834322768195187470e-01,6.045763902654898159e-01,4.994937452218791707e-01,0.000000000000000000e+00,8.149463724942878073e-01,2.182620285847464703e-01,6.669737844285563710e-01,5.013908228644000653e-01,6.017574898327999744e-01,6.579692474064164909e-01,9.988230186149794632e-01,9.537082297208872017e-01,6.411611687178252472e-01,2.879849146658939457e-02,7.579132849924530291e-01,6.794882454384145731e-01,6.056280481723409492e-01,4.986931521488497943e-01,5.335964812285731718e-01,9.725846330673386664e-01,9.921704146748666631e-01,8.431789418953115067e-01,9.495005585063116538e-01,8.512080679281602835e-01,4.807867101265507759e-01,7.754231962532778244e-01,6.087066466404492671e-01,6.791768885654059229e-01,2.704715380416146675e-01,9.834412728611710008e-01,3.783866917334710589e-02,9.447413540562890066e-01,6.584091797694647807e-01,5.783116147134871321e-01,8.922727394829353953e-01,7.872353042248795285e-01,7.377474912022895515e-01,3.239624452757468021e-01,6.233176025526728781e-01,5.491871238394556709e-01,3.598272963287697523e-01,8.227479536644869418e-01,6.746549660644680646e-01,4.943690999293421928e-01,6.425594556398734891e-01,9.772207943836549449e-01,6.757419923717677968e-01,7.462599564524470264e-01,9.821239815252098548e-01,7.589495878848722121e-01,6.673406442935818639e-01,7.633375175498149368e-01,6.264031832880131434e-01,5.382324855057931678e-01,5.004800451352465762e-01,7.208604052132909779e-01,8.191815162003163175e-01,6.443821143491956782e-01,9.492009519631455783e-01,5.447310539287972819e-01,7.021897236381301477e-01,9.887642291334992617e-01,7.591053636480976641e-01,9.189273802660599122e-01,8.774206374204945869e-01,2.631070136486935995e-01,6.411302657495191459e-01,8.543783098398358700e-01,4.246987553415061400e-01,9.029183023258554597e-01,4.842385817184198249e-01,7.596570494940411145e-01,4.076926470196669539e-01,1.006691751752670887e-02,4.202620269162581357e-01,6.418213254736834239e-01,5.680064467772911740e-01,7.223317229454340183e-01,6.712758766307960201e-01,3.232948166596749662e-01,2.692138571243669065e-01,9.173964674364126770e-01,7.940015406084310889e-01,9.818036852774530976e-01,9.580056095142062134e-01
9.554478000953912087e-01,8.049693644077320354e-01,9.207138481111817319e-01,8.149463724942878073e-01,0.000000000000000000e+00,3.731978715680759340e-01,7.792107820065046209e-01,6.491305277482100067e-01,6.453756931411318565e-01,8.278009760806078754e-01,4.603330645619614359e-01,9.679081713701234158e-01,6.401794991351862363e-01,6.783934138412488490e-01,4.014445875454476509e-01,5.235012488850947499e-01,9.975751560156596032e-01,3.915679754710886251e-01,7.994736137307461021e-01,7.880863587949893390e-01,8.778412254007326165e-01,7.374756376224033128e-01,7.880159059568077051e-01,4.300480637428300001e-01,2.174296161397040184e-01,6.174891529300439164e-01,7.105004819085910528e-01,8.325027274136400646e-01,3.325246334150191441e-01,4.416957607821648257e-01,6.810189919449257667e-01,7.276388930991555259e-01,8.001970880634050598e-01,9.549855207781652311e-01,9.814023022934542650e-01,4.102547006521470863e-01,5.117378454373351371e-01,2.528505987569150126e-01,7.958071242630178066e-01,7.895837800560410180e-01,6.770753971819840622e-01,9.966817767782558679e-01,9.338533321800102094e-01,9.082495216362056478e-01,7.026816738586033617e-01,9.304628508520148555e-01,7.224202093802702951e-01,9.591231021988032568e-01,4.607870944997075613e-01,6.993601323078866283e-01,3.577579868714200750e-01,6.243079106923674626e-01,6.518610484452894704e-01,7.958919879174064516e-01,9.210444262992067976e-01,8.873953474735658542e-01,5.606135894091127669e-01,9.754619060499321037e-01,9.961334115918901722e-01,4.510285309232040518e-01,5.982452588533229143e-01,5.403771298158049907e-01,9.540590282291951940e-01,8.382332546113882010e-01,8.702556813020549953e-01,5.215368114817420936e-03,5.852142813063030413e-01,8.591258561921301107e-01,4.872040526194234555e-01,6.256406459364552974e-01,7.515102753837490379e-01,4.448647906093530779e-01,7.956382623000881615e-01,3.994655770522557159e-01,4.164052978830318774e-01,7.172586410228285470e-01,4.293705864463370769e-02,5.365405613226201798e-01,4.091664514426850974e-01,3.825381690028010762e-01,6.715298875719660776e-01,8.729573874027223290e-01,8.144690618839309781e-01,-3.918417737911863430e-01,6.614212302358889461e-01
6.324595311123998309e-01,9.447748686922021744e-01,8.971749277259960520e-01,2.182620285847464703e-01,3.731978715680759340e-01,0.000000000000000000e+00,5.736437853600084846e-01,6.948700662883257051e-01,6.117067366688427876e-01,7.085259403136200396e-01,5.281333542956050398e-01,8.004428212706760082e-01,7.206974601705112837e-01,6.930920502200935696e-01,6.034785631348522639e-01,7.948772901171040628e-01,7.046449980765033816e-01,7.966342583069232486e-01,6.837515379178238373e-01,8.044448553137383273e-01,8.514282331808233906e-01,6.848035956546408842e-01,8.986183895330742688e-01,8.637922154148751641e-01,4.524928731797668302e-01,8.322601453227231882e-01,8.020421273287978714e-01,2.754848901401855121e-01,-1.695400064844064802e-01,2.927516608495707162e-01,7.752716734233069396e-01,8.618099557022750323e-01,7.515278427651519433e-01,7.881523904677408821e-01,7.889648968169682419e-01,7.985768975282504512e-01,2.469917697317559890e-01,6.201121540788443465e-01,6.838436707607923326e-01,9.321536094022018215e-01,7.881247517756084786e-01,3.469495123061857589e-01,6.775906039889619814e-01,7.647650383190984780e-01,9.306174461428150524e-01,7.576236212078675258e-01,7.370551059099059721e-01,5.615646208815043838e-01,6.404337724776275609e-01,7.461523204867903658e-01,6.359921143346721761e-01,5.428646168206353595e-01,4.971415387773206462e-01,8.405422783967932965e-01,8.156761274814551266e-01,6.396118219473585498e-01,7.630377102563439262e-01,1.223387861048040870e-01,9.895000442965991017e-01,4.551454561495340556e-01,7.700324871329765619e-01,5.256166949565022062e-01,6.885695616229842164e-01,9.359448246751267408e-02,9.248436010241207761e-01,9.486003596099541468e-01,5.105714654653996654e-01,5.735845290480314773e-01,4.623934528519880738e-01,4.529743824831631294e-01,7.247480701062201103e-01,3.840309816572625712e-01,7.736900392466231624e-01,-1.113699750591897741e-01,6.634087356344484654e-01,7.309149366654230651e-01,5.449325828528728266e-01,7.710041990463487593e-01,3.984174391932807646e-01,3.001279274533322772e-01,4.614234873137532111e-01,9.609046248142588675e-01,6.094236269942880924e-01,5.881593239936644402e-01,6.823798029716617863e-01
7.825776460577594795e-01,7.354818237598814701e-01,9.971346929252464797e-01,6.669737844285563710e-01,7.792107820065046209e-01,5.736437853600084846e-01,0.000000000000000000e+00,4.749315666654667645e-01,7.771487710502871238e-01,6.025857085033782257e-01,9.790617975877966561e-01,9.898871733352641034e-01,7.114966428464672976e-01,7.250425632163789436e-01,2.935132459009541783e-01,7.832882739069635392e-01,7.822830223303263164e-01,5.971374081318111537e-01,7.588091305012498733e-01,8.515199306754048791e-01,8.486848542408784724e-01,6.119183072105376375e-01,6.292174498644466096e-01,3.131812099755716949e-01,2.796169818325890399e-01,5.567968757832923998e-01,4.257250786311610469e-01,4.656081123207455041e-01,7.078256937790624592e-01,6.833288418572713852e-02,7.529986133860122610e-01,8.625501473437504618e-01,4.469623088401681876e-01,6.356480481462162269e-01,6.440730698409088406e-01,4.584091042821716311e-01,2.356544758129552330e-01,6.264075157619803935e-01,4.916045732513360522e-01,5.447352346287634983e-01,9.271062299089499747e-01,2.721809612697796421e-01,9.855875119666294149e-01,9.020716308191514821e-02,7.461651431480263996e-01,7.702720443867862032e-01,2.828401890140460617e-01,7.757617054359635667e-01,4.530613642074994840e-01,7.923460459239100029e-01,3.845027981289623753e-01,7.866055071441959701e-01,4.451200949934022710e-01,2.116594180251551716e-01,6.901207184162010400e-01,6.354837571155984577e-01,3.633564075295154239e-01,6.748358606376709812e-01,8.735084205091637743e-01,5.363493336359606012e-01,4.468799161872645809e-01,5.660032903407209437e-01,7.168573103574693572e-01,6.986228355251371536e-01,7.748451151068029841e-01,5.447004111524784697e-01,4.419679072938602626e-01,4.612201981626742886e-01,6.881041876623074094e-01,1.100104280758889552e-01,4.567199530730822188e-01,6.605512984978075819e-01,3.705614342208818357e-01,7.177173853198212106e-01,5.019124013443132526e-01,2.267069613742776768e-01,3.535184764141171554e-01,7.743790949639740573e-01,7.537467484625227643e-01,2.852812166609318689e-01,3.300449114740053869e-01,7.600416575189818946e-01,5.951937300337073466e-01,4.010700132566777931e-01,3.962737048252563676e-01
9.734505528103418737e-01,7.467395296577190589e-01,4.418780027468627303e-01,5.013908228644000653e-01,6.491305277482100067e-01,6.948700662883257051e-01,4.749315666654667645e-01,0.000000000000000000e+00,4.987110644524685443e-01,2.378958150597529908e-01,7.782338054042664544e-01,3.107772895191134865e-01,9.166591618163094646e-01,8.634250853981093599e-01,7.332890715034336981e-01,6.328855591239044287e-01,6.100968651210877391e-01,1.260467993002163389e-01,3.054493160529715423e-01,6.467317192639718826e-01,4.901883775823085987e-01,5.602184418173871139e-01,7.644591338169139938e-01,9.222371320624942470e-01,-1.831477325877829132e-01,5.877111418189899794e-01,7.713136106216027521e-01,7.886676579477167603e-01,3.623634325396243167e-02,6.847084129149254572e-01,5.208095962324217620e-02,4.525968960249667217e-01,9.648568063301462550e-01,4.423117893743069295e-01,7.760209061038984002e-01,5.640419670380673045e-01,5.160332941972921583e-01,4.303687058047155345e-01,6.525767408181233353e-01,2.241721185730037869e-01,7.268537579470357723e-01,6.458145802257071466e-01,9.458959486819891183e-01,3.840793933800036308e-01,8.318929851534603293e-01,6.195933833878399799e-01,4.811924462668291103e-01,6.567986694787512070e-01,7.475246251866048963e-01,1.238183937401997475e-01,4.791815699097059511e-01,9.581085923872474375e-01,5.805987755748120982e-01,8.439142178255029103e-01,5.569086163999217298e-01,9.373516351610119424e-01,6.603330030443803622e-01,7.466918663602265527e-01,6.567130043973915532e-01,4.109345508755056775e-01,2.010967893175419907e-01,6.988439931593494192e-01,8.749218555933627739e-01,8.722713309403551385e-01,6.700216257829695321e-01,7.018992635525654888e-01,4.690478435967685988e-01,8.621016231820723963e-01,5.862751655910878323e-01,8.315209903747510234e-01,7.558596409286056916e-01,6.982017049664857034e-01,4.007498368701858937e-01,3.280324708361229136e-01,4.740786545368808058e-01,7.980910880702792864e-01,5.565111831842733947e-01,6.848833018534444816e-01,-8.489472235868612826e-02,3.293976402027136152e-01,1.240338026172038977e-01,9.656538624285188055e-01,9.691171312271720240e-01,6.239298722014871013e-01,4.098846670303921691e-01
7.831998705520197834e-01,5.212388514866401756e-01,8.445075964199506569e-01,6.017574898327999744e-01,6.453756931411318565e-01,6.117067366688427876e-01,7.771487710502871238e-01,4.987110644524685443e-01,0.000000000000000000e+00,6.726085321799508687e-01,6.792041008722233819e-01,5.087248404017186143e-01,6.572426174256521536e-01,9.479740502194027307e-01,8.851791045624768373e-01,7.043448971631418587e-01,8.832650659405369975e-01,6.994693612514908398e-01,6.099969912651965753e-01,4.403902067573693957e-01,7.518537353812991819e-01,5.679933467685086557e-01,4.861513615222418094e-01,8.001840047249333399e-01,6.220386135875662914e-01,2.937535591937035211e-03,7.929874960032216036e-01,8.448791565264817116e-01,2.462857439768466050e-01,5.291396798536333046e-01,7.720824894054617582e-01,3.044206403124992688e-01,6.259181264495911057e-01,7.890516232760083071e-01,8.772885971862771637e-01,4.572600863086217493e-01,4.426355723926055918e-01,4.416255924079343087e-01,3.389177513903628980e-01,8.479367559610291316e-01,4.666695354492310654e-01,9.771465273639343696e-01,8.787667903077572840e-01,8.582634002872450152e-01,8.120919515758158180e-01,5.284029146927630149e-01,9.483949737873145214e-01,5.423054662974212681e-01,6.324131991074760650e-01,2.753140449391033306e-01,7.774320026561067909e-01,2.658726599148247827e-01,6.663019015733309125e-01,8.680084673257472128e-01,7.599487228684428386e-01,4.316659231139215458e-01,9.105437642662927988e-01,6.192581282568361267e-01,6.435009440073687914e-01,2.383301757395810128e-01,7.810983109623050868e-01,7.998356807657414080e-01,6.226411424898756763e-01,4.883943520554483997e-01,7.985879635198724902e-01,5.307718040601010906e-02,8.645774695351252648e-01,5.366608308442980535e-01,6.392942037100454167e-01,5.480876573545345742e-01,9.081191428413735167e-01,6.682145477190039040e-01,4.716324869430951194e-01,3.299355286282524835e-01,8.327430968195271843e-01,6.416038157958426913e-01,8.251448445724048897e-01,3.969424608013523148e-01,5.458600508570579102e-01,3.966030646422418204e-01,6.012606423244027942e-01,9.188064907742189424e-01,4.021445269166139536e-01,9.480283678568818262e-02,7.565313512006076602e-01
3.374501944026754297e-01,6.901769707890541561e-01,9.191474375552872722e-01,6.579692474064164909e-01,8.278009760806078754e-01,7.085259403136200396e-01,6.025857085033782257e-01,2.378958150597529908e-01,6.726085321799508687e-01,0.000000000000000000e+00,6.708963230502690278e-01,7.614669135579361647e-01,7.864849216843641244e-01,9.156853593759173293e-01,6.756937876227353534e-02,6.696916991196268931e-01,8.915083853974506978e-01,8.342117688762611394e-01,2.229534045154646094e-01,9.612566742975783285e-01,8.202401989717775788e-01,7.514908131790604129e-01,6.370504825056712006e-01,9.132846448959864860e-01,7.352253880761731031e-01,6.845942076502651297e-01,7.678574648822399373e-01,6.321640006815935076e-01,4.734286376470047131e-01,2.114117517288551518e-01,5.490043154171397877e-01,6.720957311271862356e-01,7.218378269372593969e-01,7.734371767562869815e-01,7.712514750368530958e-01,7.148969075673542450e-01,2.704561840888159985e-01,2.466181128789360633e-01,8.786247119211356704e-01,9.783130212764289402e-01,2.371451351046585110e-01,8.711182528509997525e-01,8.177073449362340929e-01,4.975949970910720777e-01,9.770271785847534085e-01,7.202592618805304658e-01,6.995267175562032147e-01,6.607764351239905354e-01,5.805693690976031496e-01,9.171321125496527671e-01,7.361736936374707607e-01,5.880317773122617497e-01,4.962846889729899402e-01,5.461044261332420602e-01,4.938860059424278193e-01,7.315215852168981403e-01,4.403748714572519596e-01,5.816279339114529545e-01,9.122360082668056203e-01,6.168594271206484514e-01,2.462665841570620129e-01,5.539060646839136792e-01,6.318670883628809687e-01,6.108075898270918236e-01,8.051705558263166917e-01,6.566628708791811819e-01,6.630941195318490466e-01,5.150733283355127812e-01,5.268590009702518451e-01,6.716147868554137590e-01,5.657323292486924338e-01,9.597325478725402537e-01,4.282825417058233053e-01,7.583530867369693285e-01,6.035178106280900678e-01,6.748663260263710884e-01,6.188652419706985874e-01,7.583062086090679443e-01,5.810781679702893276e-01,2.894924929500689581e-01,2.130531801226323851e-01,2.473149143535772199e-01,8.559423976477300577e-01,-1.083405369518031236e-02,6.536730236280637873e-01
4.384878830110378600e-01,7.738352002654576012e-01,7.979336145508850731e-01,9.988230186149794632e-01,4.603330645619614359e-01,5.281333542956050398e-01,9.790617975877966561e-01,7.782338054042664544e-01,6.792041008722233819e-01,6.708963230502690278e-01,0.000000000000000000e+00,4.739528646309282278e-01,7.141154531511636483e-01,6.365681222698096331e-01,7.186337785121362787e-01,7.312156252822666902e-01,6.893176614279880043e-01,6.432263488690522779e-01,6.232776803216215633e-01,9.875394814418612111e-01,6.951746086486014775e-01,4.481219192869044243e-01,4.074892912628887975e-01,6.843309655449935081e-01,5.957040766576112700e-01,4.315058547543206280e-01,6.057441285709933565e-01,6.882923483599525660e-01,5.527601570233993122e-01,6.983675727843554615e-01,2.941532548052404605e-01,4.612929682734527859e-01,7.778685630018556951e-01,5.115797908324845045e-01,7.971419480845921557e-01,5.041563673748687968e-01,5.735367424654491675e-01,2.006509097254299823e-01,9.682667829302873397e-01,9.115189351203444312e-01,5.786118800862758427e-01,6.862842812556613215e-01,7.710207667912488683e-01,8.753521493025804290e-01,8.999292851283868799e-01,9.443568426472712662e-01,9.069454479051963780e-01,8.776751286087598469e-01,6.826549900833595030e-01,1.125271025480989478e-04,2.598270348420163578e-01,2.820560515799981904e-01,6.994475047735747575e-01,7.166093179397845514e-01,7.233787171306305108e-01,7.424132935486711382e-01,6.209781727013886643e-01,8.770079556651624308e-01,7.544368759256214751e-01,5.554438000445075518e-01,9.119039577575056843e-02,5.329061217000101713e-01,8.607976318627577061e-01,5.801692537314904197e-01,9.797104023748730572e-01,-2.183925968024189035e-02,4.514685127349821747e-01,7.614266388711568023e-01,9.029171888695083359e-01,7.429154655642067340e-01,8.577146688602601543e-01,7.647161714034940161e-01,1.078939420559935081e-01,3.809863040201775242e-01,7.818391811879780162e-01,1.736901571929012622e-01,5.108912180864608743e-01,3.626112530599694406e-01,4.077671573749430678e-01,5.007278542369520968e-01,8.011287605529566758e-01,6.514565839378592127e-01,7.666657647709590462e-01,-1.269654968258449035e-01,6.135630623355198265e-01
7.936635188309211220e-01,3.233920936179811578e-01,4.677591692096814135e-01,9.537082297208872017e-01,9.679081713701234158e-01,8.004428212706760082e-01,9.898871733352641034e-01,3.107772895191134865e-01,5.087248404017186143e-01,7.614669135579361647e-01,4.739528646309282278e-01,0.000000000000000000e+00,8.515593085843096155e-01,9.784765944189396381e-01,2.105208758401822533e-01,9.121416998291961287e-01,8.456853241105888319e-01,4.301090711365331276e-01,6.525485500140020267e-01,9.281831822644133201e-01,8.128461555703896391e-01,7.073424752767372148e-01,7.857748974822545973e-01,9.672568157533544264e-01,3.233891086612846189e-01,9.219926452106523840e-01,3.994550003553681838e-01,6.922373578534151140e-01,4.554619694048490097e-01,5.898561462800538946e-01,7.963065719242508056e-01,4.796414574654081497e-01,6.210303653963852311e-01,7.951970856984158509e-01,3.500746022971908955e-01,7.926480677150107290e-01,2.555127116341393001e-01,4.553949504398661641e-01,9.601904655256698895e-01,6.909334828650496307e-01,4.405695792156999469e-01,9.595185465092582744e-01,7.286670130875643192e-01,9.032840280054116322e-01,6.428415913207750076e-01,8.367712946909802163e-01,9.877448438411122744e-01,6.985890613064205112e-01,9.284602961895834783e-01,-1.846573634987254964e-01,6.761010074669051573e-01,6.204722670117330807e-01,4.713105547796933026e-01,9.408149003596814053e-01,9.528926583275613149e-01,2.600442445817892079e-01,6.246919638426248200e-01,6.818926975966076443e-01,5.079243899507189797e-01,9.547438439559741141e-01,5.893328921021276923e-01,5.423786476145081581e-01,4.542224891411713594e-01,8.715105172427912716e-01,6.940265553448574654e-01,3.832799813902909580e-01,4.866790479765750188e-01,9.493202538592675488e-01,8.673456018089946706e-01,7.787923607802966774e-01,9.595920270990865308e-01,5.454753317820588698e-01,6.473284864022417207e-01,5.416184670659742739e-01,6.938544045999422982e-01,6.826267878541024681e-01,5.701615211290711471e-01,6.114133175536812237e-01,4.046922265401136087e-01,6.876101459081811473e-01,7.604576976914152464e-01,9.329900472019861946e-01,6.382625450135662737e-01,3.014257385312270610e-01,8.763445944778838204e-01
5.272218456127009123e-01,7.796059863943868296e-01,6.830349800816912786e-01,6.411611687178252472e-01,6.401794991351862363e-01,7.206974601705112837e-01,7.114966428464672976e-01,9.166591618163094646e-01,6.572426174256521536e-01,7.864849216843641244e-01,7.141154531511636483e-01,8.515593085843096155e-01,0.000000000000000000e+00,5.596989347781087254e-01,2.193853826605091650e-01,4.808608867775256979e-01,9.933255298708723036e-01,6.715708424435677948e-01,9.588391943108500737e-01,5.873312619102456500e-01,9.157870540343111543e-01,6.337070608126342819e-01,4.400806437553752559e-01,8.873490814412307026e-01,8.737914526342457355e-01,9.068247261567726758e-01,5.570525802241321767e-01,7.987253739911531758e-01,5.138917505813324071e-01,2.289153525917165255e-01,3.366252008491763537e-01,3.035062913476606616e-01,6.735350980396970222e-01,8.794410313258134160e-01,5.549257769542561558e-01,3.334418084777566182e-01,1.323421318882810060e-01,6.288225761699723915e-01,7.017463168735049717e-01,8.624461270677318270e-01,4.556167984289732353e-01,7.908016018051371443e-01,8.536608966043806035e-01,8.549988618014005004e-01,8.081145073368807275e-01,8.007208062746006272e-01,7.546776269684096761e-01,9.708133204584674658e-01,4.307510166097252013e-01,9.512691799612323917e-01,5.164282097217487433e-01,9.818943616446934586e-01,6.088014463300761570e-01,9.031243469305761939e-01,4.113176010287754036e-01,7.995730692167402065e-01,7.394970346436375852e-01,9.341650366213445356e-01,5.723423568203536149e-01,1.433288584991698478e-01,4.104226166304716927e-01,7.910665861855573633e-01,5.072552498671831778e-01,9.660476547510409295e-01,6.171840642886453621e-01,7.840960593248926802e-01,7.227664140274445703e-01,7.795435834894210991e-01,4.062558088279084600e-01,8.363618112630053503e-01,9.840300421338556980e-01,9.680215313452786852e-01,7.366198237823071704e-01,5.737560078928277685e-01,3.912524988590764252e-01,8.088710306225374014e-01,9.305749291989559024e-01,4.175332270855667272e-01,1.348598880473468424e-02,5.264320226959664506e-01,7.683401491624149982e-01,4.428186020831599290e-01,6.200324646803269113e-01,7.241478973398874919e-01,5.012469288262501044e-01
9.759612355749860413e-01,7.368384791873627826e-01,8.839954297725940435e-01,2.879849146658939457e-02,6.783934138412488490e-01,6.930920502200935696e-01,7.250425632163789436e-01,8.634250853981093599e-01,9.479740502194027307e-01,9.156853593759173293e-01,6.365681222698096331e-01,9.784765944189396381e-01,5.596989347781087254e-01,0.000000000000000000e+00,2.831017478759872974e-01,1.474573941179020131e-01,9.429681322248676389e-01,6.599220305463355807e-01,4.571871709943305939e-01,8.130848453479349036e-01,8.454323215728644092e-01,9.449783749587474802e-01,4.657765867799731341e-01,7.405133711870609536e-01,6.085249168744824022e-01,2.119595725057812075e-01,3.431076043697244282e-01,8.870250915967179406e-01,3.741074034654114921e-01,3.437349958498158164e-01,-6.915449077061799898e-02,6.982055977343047948e-01,8.664350817476758060e-01,7.325578007004756032e-01,8.059607154199845969e-01,5.219897967087880897e-01,6.647138354574195773e-01,6.859890148628134954e-01,7.225184478048513048e-01,9.719461896030117121e-01,4.379587816131071953e-01,4.849094069249631489e-01,8.055436327567042643e-01,9.306055741667053072e-01,9.812652043925578216e-01,5.111458448155818957e-01,8.674965090685877733e-01,7.002674821226703150e-01,6.165167568744566173e-01,9.975494312364197036e-01,5.098527748636384471e-01,9.863037806474479474e-01,8.177909488060151055e-01,6.803727566922826986e-01,9.894085225298873132e-01,9.396353283832803438e-01,6.768937036010265196e-01,3.465015392017916085e-01,7.015057997462229022e-02,6.894374164098574509e-01,3.267595375625719223e-01,5.036914339512140737e-01,3.330212915034136412e-01,7.121363556923959726e-01,9.332117526881882341e-01,8.977015332785909241e-01,5.101916773231783830e-01,9.554885538033729420e-01,2.127850235204470364e-01,5.160774810602523077e-01,8.825691441556567929e-01,6.362675961984589623e-01,7.719280444000874430e-01,5.135851068189254409e-01,8.998978698788442365e-01,7.624891650045163560e-01,3.091286563318347280e-01,7.597000778771865193e-01,3.953224679618901893e-01,7.596947253421089119e-01,9.043478251534043943e-01,7.485683211344035248e-01,8.060078697402035530e-01,7.370105717138477619e-01,8.391769023535800009e-01
8.401733015728091170e-01,9.917987190270933784e-01,2.930828221196310479e-01,7.579132849924530291e-01,4.014445875454476509e-01,6.034785631348522639e-01,2.935132459009541783e-01,7.332890715034336981e-01,8.851791045624768373e-01,6.756937876227353534e-02,7.186337785121362787e-01,2.105208758401822533e-01,2.193853826605091650e-01,2.831017478759872974e-01,0.000000000000000000e+00,8.316817908108417035e-01,8.410958462807537339e-01,7.719308443575455536e-01,3.477159917764413022e-01,2.254705086879443821e-01,7.187447713420457296e-01,9.747117034527873203e-02,5.132413307203688158e-01,4.363940888731214773e-01,7.739414901021577364e-01,5.734593430179707463e-01,6.247374176126160306e-01,7.957920310800185026e-01,2.991219015365605971e-01,4.576057458349467866e-01,-1.797867215086546011e-02,6.835844373662754991e-01,4.891856634032581974e-01,6.460335777492054454e-01,8.486168547149033348e-01,4.371550552418970170e-01,7.403260372146384105e-01,6.394012825645686293e-01,2.119177582792333703e-01,3.412248917545791516e-01,3.588429078804765693e-01,7.511388337683757577e-01,4.259248500775143498e-01,7.820968963757813919e-01,9.562922042537144174e-01,4.846706583420121867e-02,9.812772949697339264e-01,9.581934778643029782e-01,8.830781458966084907e-01,4.730594591696562490e-01,8.958713026000396651e-01,6.812296064139595764e-01,9.912007803432131281e-01,3.464996261050472537e-01,1.289607408188508664e-01,6.330368101587730001e-01,6.481678287155949736e-01,7.976275702877131391e-01,9.120530793833142580e-01,8.351620625568645373e-02,7.526585667096190591e-01,6.548074966323046420e-01,6.950067877621570744e-01,9.051961712382984304e-01,5.789501199898023920e-01,6.147704701355000134e-01,4.512223109018574929e-01,9.936197571851099752e-01,4.479265357815576665e-01,2.897722123689825541e-02,7.211317625658033581e-01,7.730040238736326508e-01,4.847919007898950361e-01,3.400852800029680600e-01,7.605163683882429915e-01,8.972809130208626582e-01,6.782264851418159379e-01,2.682923618948802047e-01,6.108219474048030007e-01,6.105459928701376660e-01,8.991109876368881260e-01,9.455190425430450851e-01,8.054578814855906099e-01,1.074539408495001624e-01,-1.328509510860853560e-01
6.231445379246666194e-01,2.076436745505120252e-01,8.206505176867322504e-01,6.794882454384145731e-01,5.235012488850947499e-01,7.948772901171040628e-01,7.832882739069635392e-01,6.328855591239044287e-01,7.043448971631418587e-01,6.696916991196268931e-01,7.312156252822666902e-01,9.121416998291961287e-01,4.808608867775256979e-01,1.474573941179020131e-01,8.316817908108417035e-01,0.000000000000000000e+00,7.871234028669327198e-01,8.086487205479137019e-01,8.705085042880841284e-01,7.017175589811387448e-01,9.311988550718437452e-01,3.638807886942619918e-01,8.089958462692680152e-01,7.181803986482213631e-01,7.725444256938591714e-01,7.278996297436693963e-01,6.940204514346713927e-01,1.881880668030951609e-01,4.740409479828840977e-01,1.311318258478223198e-01,-1.241366271650700126e-01,5.705527634462168596e-01,9.843855376082575326e-01,9.333617066162861464e-01,7.532501537561218097e-01,3.009138244533946516e-01,4.214782254267687156e-01,6.762224386213635530e-01,5.326215505160502017e-01,8.974657096076870122e-01,7.926198900142898962e-01,7.340585711099193444e-01,4.923411337024279355e-01,5.261700977441681193e-01,7.879773793553150885e-01,9.906306640695536903e-01,8.103801289040616362e-01,9.199562131098965034e-01,4.792394795309511957e-01,4.333060429152751913e-01,7.108818579199259746e-01,9.248241799597799462e-01,7.564456373951927715e-01,9.675759453636988416e-01,6.006640212496568987e-01,4.335060799497890138e-01,4.920336818827026892e-01,9.550070031825815819e-01,3.477648877629622298e-02,6.282500324196423902e-01,5.885536934472517245e-01,6.213750815696583718e-01,4.490752129351291977e-01,8.914030720815380171e-01,8.956880794669239698e-01,6.209731225613313033e-01,8.528240023731346042e-01,7.083513353805657164e-01,7.732389456506457703e-01,8.192487988656725895e-01,7.279420063837159782e-01,-3.198255128559912563e-02,-4.180728207838724231e-02,6.739428581377631122e-01,4.602893686804719331e-01,7.693220972097367660e-01,6.085665511876340306e-01,6.381288114598978600e-01,6.423466868824971865e-01,3.623378757883874424e-01,6.241258378447007704e-01,4.078092248619373250e-01,7.158511828810522060e-01,1.184546599100741449e-01,9.611068556506454641e-01
8.475480768430700973e-01,6.053072297099358900e-01,5.084510741878216500e-01,6.056280481723409492e-01,9.975751560156596032e-01,7.046449980765033816e-01,7.822830223303263164e-01,6.100968651210877391e-01,8.832650659405369975e-01,8.915083853974506978e-01,6.893176614279880043e-01,8.456853241105888319e-01,9.933255298708723036e-01,9.429681322248676389e-01,8.410958462807537339e-01,7.871234028669327198e-01,0.000000000000000000e+00,8.798476596774730263e-01,7.860257917445716558e-01,9.597515771601321521e-01,6.989258490427668891e-01,5.375549964633937750e-01,4.128091609270374551e-01,7.684899206858809562e-01,5.672546893789919276e-01,7.833070575337464092e-01,9.389211369897783044e-01,8.028657799078647850e-01,7.643011052055090904e-01,4.296802350896603562e-01,5.535209353391752629e-02,9.025728691286077909e-01,4.091780218550591375e-01,9.414588976067432835e-01,6.211469717079981523e-01,8.404378162588747037e-01,2.361698330395981260e-01,4.294520541785010748e-01,8.595567469537651606e-01,9.511342126629260818e-01,3.482792276981677704e-01,4.344367946042119732e-01,8.559734258042254185e-01,9.585580387970810134e-01,9.069250372709430907e-01,5.664729009887936595e-01,8.794147027430937458e-01,8.922159736451915624e-01,9.763885656304627236e-01,8.613025414941201108e-01,7.799933962477941796e-01,4.154328837179646627e-01,1.059481752115128406e-01,6.249875989356629136e-01,9.630318033696608770e-01,5.065403212271768485e-01,3.536550388959725510e-01,8.355665099607145763e-01,7.189378168123565782e-01,6.009275377857381528e-01,7.387356468931984832e-01,9.404062383341422748e-01,6.937332873158916779e-01,8.372220349936836392e-01,8.554412102687032338e-01,6.898849151553312353e-01,7.994004988983736126e-01,7.541150801588454300e-01,6.274345765295656907e-01,5.683039321165455071e-01,7.914522033740351015e-01,3.650709743193469303e-01,3.824631013455674911e-01,2.101558197421738439e-01,8.485752575409589715e-01,8.702094721055481097e-01,4.220625393661838198e-01,9.523323497744972110e-01,4.886302912617931371e-01,4.503233666178698136e-01,9.223545426451116303e-01,8.169900888937577932e-01,9.605330502130822179e-01,-2.633043338915275200e-02,7.031331716883200134e-01
8.925945888610040679e-01,6.450161732654939861e-01,6.491947358439091875e-01,4.986931521488497943e-01,3.915679754710886251e-01,7.966342583069232486e-01,5.971374081318111537e-01,1.260467993002163389e-01,6.994693612514908398e-01,8.342117688762611394e-01,6.432263488690522779e-01,4.301090711365331276e-01,6.715708424435677948e-01,6.599220305463355807e-01,7.719308443575455536e-01,8.086487205479137019e-01,8.798476596774730263e-01,0.000000000000000000e+00,7.763177922483970317e-01,3.547339939993768843e-01,9.454851096452225878e-01,9.573999736806997340e-01,6.981441235677697810e-01,6.618038849118759170e-01,4.532636330823410220e-01,4.721359078534762554e-01,6.215034393013161296e-01,8.832481830403190459e-01,1.677886473311867854e-01,6.784560901955674073e-01,5.270750700204044348e-01,3.761301075645570036e-01,4.670332575119804513e-02,6.141926731491851310e-01,3.675763673874993254e-01,-9.264958194335526365e-02,4.442230354168055784e-02,4.932980127946515747e-01,8.513293908011357880e-01,6.000959808944024143e-01,7.574143363975494037e-01,6.070274842846914432e-01,9.010293934050814801e-01,8.590273471685422324e-01,9.204817530255688940e-01,9.035652448818349836e-01,5.641984660626104819e-01,5.471112949358741817e-01,6.404502860006077158e-01,7.200669604274321234e-01,9.244753230162010560e-01,4.851626259429264176e-01,9.484714563395157949e-01,4.303951201942574079e-01,6.837722608808819436e-01,9.903163826879521903e-01,3.122658144188891760e-01,8.128434208347251611e-01,7.594921866431427748e-01,6.201513158163594053e-01,2.453920547615283110e-01,4.920099120433090722e-01,9.520409056489282928e-01,4.613791052611802002e-01,7.454238693459930287e-01,2.801873723858007148e-01,4.984683809264423004e-01,9.569290691714597008e-01,8.721857122933254214e-01,6.769672136503950277e-01,9.466870140571826964e-01,4.760491180664079280e-01,3.935892820496539324e-01,3.379602740048453513e-01,9.819878590539259378e-01,9.770761399459516605e-01,4.659631529353835955e-01,8.018541145922994939e-01,4.158307421865389819e-01,2.192515385683560525e-01,7.704010562527190409e-01,7.309382153460116660e-01,8.461205468895646176e-01,5.857281281047433952e-01,7.478484752903244992e-01
