0.000000000000000000e+00,6.988908402168798606e-01,7.058926906195253093e-01,9.832184384124710297e-01,9.197792417694098388e-01,9.688588951103435098e-01,7.274495816905054424e-01,9.317915790683158894e-01,9.963987570199692723e-01,7.698993053324428848e-01,7.549171933289464675e-01,8.998324056921463976e-01,8.677147495654806697e-01,7.116843943408746043e-01,7.644035482985017671e-01,8.251134776818260796e-01,6.999905960460728327e-01,7.431769284358205052e-01,8.562885625693154035e-01,6.871610309679638817e-01,6.780099203284042364e-01,7.892803895924556112e-01,9.072933887296800171e-01,8.851063403314006761e-01,3.359140789681094308e-01,9.116098935185155128e-01,7.625386178860356079e-01,4.777532763896918389e-01,7.678214588446512501e-01,4.415771319839249531e-01,6.425224655627891357e-01,6.293962557435176519e-01,4.125121217543665231e-01,2.803065575847945579e-01,7.414067708165349435e-01,7.316569555705941807e-01,2.927361430787633889e-01,8.369814708224940780e-01,6.980907592518775795e-01,8.123188917080248483e-01,3.774975476694927834e-01,9.312534645084138418e-01,6.427602459036625415e-01,8.564493811862683437e-01,6.393516638297651600e-01,8.044765951245348434e-01,8.635169616753981536e-01,9.929351513945714469e-01,7.545575161975159872e-01,5.856428069254293600e-01,8.878294788688645411e-01,9.810947845997326500e-01,7.009914116316460220e-01,9.540322866906724153e-01,8.576226518900829099e-01,8.504852400201118323e-01,9.202017833357604149e-01,3.858247235247167506e-01,7.375872377731487184e-01,8.971576164183860946e-01,5.962246408464551006e-01,9.475430421941712922e-01,6.511852163717343212e-01,8.450386081694145624e-01,7.349298039578902042e-01,8.535926475911826961e-01,6.181725608067898392e-01,6.628806934834824416e-01,4.856407572981706333e-01,7.318307437039126562e-01,9.649958529417091979e-01,9.906991720298132797e-01,6.599042932368350822e-01,3.401387085040373237e-01,8.233015631135822687e-01,7.195563553450529115e-01,8.288223676543154950e-01,8.906121491315391880e-01,2.689566817052587711e-01,3.850134482271880820e-01,6.260123643284588590e-01,8.524697272954184779e-01,9.217367964755655008e-01,4.579697123651434443e-01,8.357468143414932271e-01
6.988908402168798606e-01,0.000000000000000000e+00,9.852191889526574764e-01,7.802637313570031097e-01,9.900996985646375315e-01,9.350954683880198237e-01,5.267197800193813562e-01,6.940369185639791993e-01,7.312645080466229075e-01,5.800580670248759452e-01,8.876064522217057551e-01,5.098478371359752570e-01,5.999072915160286179e-01,4.796116528585824823e-01,6.678227972932579970e-01,4.910949089504286769e-01,9.550158096625691595e-01,9.817167646525104541e-01,6.084039030392567327e-01,9.779978065030922041e-01,6.045886835543666793e-01,9.039859050276480845e-01,2.213755058288586763e-01,9.498912876605520861e-01,4.757353478932932478e-01,8.731595265681140194e-01,9.032883314547778264e-01,6.060738274744040810e-01,2.785848457894103403e-01,4.333410750162285385e-01,5.573468119832774015e-01,3.834897969342635493e-01,6.926053478957281406e-01,5.059585652137083001e-01,7.745017894318955154e-01,3.930366819650426002e-01,5.983669201972958707e-01,9.698824981943782175e-01,9.633765913861225272e-01,8.734967441277396993e-01,5.509074657369039674e-01,2.019605614073906041e-01,7.605130255454082278e-01,6.670630488439002193e-01,9.816173014768102556e-01,4.833453080906727206e-01,6.459395710443284200e-01,5.741081364105132812e-01,4.829686047717478559e-01,4.591971333110150266e-01,8.416151742944676384e-01,4.726802454035116674e-01,8.281957202276623020e-01,8.124527421750298295e-01,6.299055963118006529e-01,8.940629675068080262e-01,6.345694625692478441e-01,3.392571034519791251e-01,8.828420719512942716e-01,4.259825705930101458e-01,5.586964148359701010e-01,8.273550656830266359e-01,8.368469312284088080e-01,3.947620294831583054e-01,6.620845239135487725e-01,5.636511283411440587e-01,3.091116486989581302e-01,8.899233759837765767e-01,9.575019301587613940e-01,7.473674934059105768e-01,6.841505373858346450e-01,9.361541486309654658e-01,3.719648193778238854e-01,2.247435049374644778e-01,2.227649626628881718e-01,8.390124680768119569e-01,6.896270144687604020e-01,3.416337027671582094e-01,1.573314152300839958e-02,4.856770306870610288e-01,2.661248516739604941e-01,7.758509496631168512e-01,7.179584064850075276e-01,2.628504800461292645e-01,7.549227859348285330e-01
7.058926906195253093e-01,9.852191889526574764e-01,0.000000000000000000e+00,6.207692043097553514e-01,8.457734952171576115e-01,5.778826219338096815e-01,8.486481282198562459e-01,9.403752794749049571e-01,8.759581370904085951e-01,8.551587676147167638e-01,9.440166543219912221e-01,8.871380158742411259e-01,9.650621426141605674e-01,8.976892411438526231e-01,7.045788741380403231e-01,9.957689324159324507e-01,5.071857234379619772e-01,7.261550079154510673e-01,7.307696401713509315e-01,8.289518324095115354e-01,6.248182373528268219e-01,4.365066864929800228e-01,9.327534970962932936e-01,8.174841769575844630e-01,8.723812272096003184e-01,8.190879162667510371e-01,9.797813964578266921e-01,9.663507639849462372e-01,7.731154240763217222e-01,7.585619046533589316e-01,6.436573395213309734e-01,7.259161043899814425e-01,9.914059765173928174e-01,9.675649715520747707e-01,6.629720182498395342e-01,4.540414362815589633e-01,6.085415266889453445e-01,6.943862184178891672e-01,4.279030834959388074e-01,9.237379254834998665e-01,3.401754918501869174e-01,9.266480872162803362e-01,9.732426653666212957e-01,2.987545129794193510e-01,8.542021269064343780e-01,9.343889105740034173e-01,8.454216984587958894e-01,7.251319156892762630e-01,6.469194290441921957e-01,9.387955823452044379e-01,9.173793789055199044e-01,9.252784125512413249e-01,6.897492292415260406e-01,5.651992599638716586e-01,6.702703960662410587e-01,7.072816512933015609e-01,7.117930468948806544e-01,8.318578303961295939e-01,7.769321650351709296e-01,2.955192251536022385e-01,6.801650676746625601e-01,5.860663326458541711e-01,7.735400882037901660e-01,8.565006208247729624e-01,6.599064215905983133e-01,9.291036842628169756e-01,9.504311176201160061e-01,5.562598055461067670e-01,6.806246408803364734e-01,8.814682733758373301e-01,9.359733548142256110e-01,5.710824643085202768e-01,2.112627494816668450e-01,8.786766309285606313e-01,7.792120647281154389e-01,9.087696908507585380e-01,5.831435488749596718e-01,7.654490773904673029e-01,7.319628448832168344e-01,6.586365638728854943e-01,9.081161364415396564e-01,5.577285490921859434e-01,4.760967699832477917e-01,4.773420519100197990e-02,9.356083019153965674e-01
9.832184384124710297e-01,7.802637313570031097e-01,6.207692043097553514e-01,0.000000000000000000e+00,6.001059014657557089e-01,4.267198960946663178e-01,4.759714357494581605e-01,4.669514679024928672e-01,7.517792663093987304e-01,4.794049979886306212e-01,9.268357181532331790e-01,6.238220303255567201e-01,8.519940979437532480e-01,2.029966364396110223e-01,7.519911701056817277e-01,7.470146254167384647e-01,6.157871370059657679e-01,6.641570453589913381e-01,9.593800004168815398e-01,8.858894145586209135e-01,9.278427183887406615e-01,7.418907079774326174e-01,7.773988617976860249e-01,7.195439913293055767e-01,6.617414181326147782e-01,8.433773017861924126e-01,7.497781060293925437e-01,7.000880910598552553e-01,2.711503074789142209e-01,1.531834548924987383e-01,2.863465505164685121e-01,4.191069875536565514e-01,7.641428246974852900e-01,8.967748998489465384e-01,6.292390800162332987e-01,2.045731380619634221e-01,4.312546321146382144e-01,3.490314455782886904e-01,6.351253069032155585e-01,8.377541960966119472e-01,6.301471412456360888e-02,7.478786283408024316e-01,6.380342651132938636e-01,6.263319414879527924e-01,8.004980169893209929e-01,7.886059397649117786e-01,8.426688940711181131e-01,7.622479732420287535e-01,6.848084381707092438e-01,7.608185121485431246e-01,7.094651502993953862e-01,9.921913032947788924e-01,4.827366465785875027e-01,9.937331776617395196e-01,6.125144602356141776e-01,5.531829475499193682e-01,7.883617134565706897e-01,2.636899642719694459e-01,6.382012063818690573e-01,4.374821994736686204e-01,3.024669719780800348e-01,2.634349526240643002e-01,6.103713843497405867e-01,3.167655730488204147e-01,8.771307691208535262e-01,6.557774069737156708e-01,8.503966473446554764e-01,7.477996997082987374e-01,3.712054966037425796e-01,6.365311176655168435e-01,8.440917180018565613e-01,6.422716900573136600e-01,7.802826061765009147e-01,2.852831449289079946e-01,5.533982817512494989e-01,5.414594760172222188e-01,8.350979698096772097e-01,3.926371873912812838e-01,6.498803054741418839e-01,4.411455222133058296e-01,7.801796380258896324e-01,8.769077262557616326e-01,7.096225195412160236e-01,6.077803789685004565e-01,9.933425545990461902e-01
9.197792417694098388e-01,9.900996985646375315e-01,8.457734952171576115e-01,6.001059014657557089e-01,0.000000000000000000e+00,6.520916817504116558e-01,4.771420587169260541e-01,1.529431279321551429e-01,6.012703669573067344e-01,2.063016532033101480e-01,8.582759258129835089e-01,5.114738581082647340e-01,8.109267644480465664e-01,7.844427519569635576e-01,6.330673376386062312e-01,9.876877438814497534e-01,8.262477789708145837e-01,3.619638140294608730e-01,4.760272370408338283e-01,9.257209564824163683e-01,8.245455158032818366e-01,5.435853142012532224e-01,7.937581365518171506e-01,7.927903975315445662e-01,2.843059268289683805e-01,5.279893209217646488e-01,8.455996467629219859e-01,7.996223726016854494e-01,6.304585274502123859e-02,3.333359845926247012e-01,7.786368857830351375e-01,4.843501342448207625e-01,5.685043439682965216e-01,7.515895410179106451e-01,7.918411905478182078e-01,5.481083969412695600e-01,2.582544941792568327e-01,9.502316337456024886e-01,4.612718308108580967e-01,7.149523149466845418e-01,6.635285508230741591e-01,8.661496532513415225e-01,7.646641606185652362e-01,4.501083221871752804e-01,9.735209208012125526e-01,7.273434904849119809e-01,6.825043022353999289e-01,6.057293337812098555e-01,7.270745641299826145e-01,5.727947599182029448e-01,7.919636730751751230e-01,7.633124997503837328e-01,7.559437403208326689e-01,7.026471075358408092e-01,9.554097473175845456e-01,5.794524906098396100e-01,9.948695264102227487e-01,7.463141154609949091e-01,8.652234153413154161e-01,1.289907161737513797e-01,4.715462148993074254e-01,8.645240222493628668e-01,8.068712733660938774e-01,4.459242128882833778e-01,9.405031490318963572e-01,5.510313927409469237e-01,6.725997461502047914e-01,5.131833026041329182e-01,6.556081002262761359e-01,7.088641624539085973e-01,6.418744411169601261e-01,9.128117847382881678e-01,5.913683093799189106e-01,3.605780645979963367e-02,3.726412971151045750e-01,9.876638284035319515e-01,8.449693063818528582e-01,9.256165618783074311e-01,3.887141036088550550e-01,4.422177420499307510e-01,3.027193181064664063e-01,9.699505779421939700e-01,9.570287479791228513e-01,8.014987580503897258e-01,4.740238874461544238e-01
9.688588951103435098e-01,9.350954683880198237e-01,5.778826219338096815e-01,4.267198960946663178e-01,6.520916817504116558e-01,0.000000000000000000e+00,3.212334390916192772e-01,6.215689920387661438e-01,7.037988215639791045e-01,9.664763505525478804e-01,1.194483645186459470e-02,9.833493685309199206e-01,4.637813341444133597e-01,7.318642702803660471e-01,5.573714600911310324e-01,6.211811089269078101e-01,7.795392814582395857e-01,9.345410959315045840e-01,7.200640095134004381e-01,9.681058161157691799e-01,6.801843237711144852e-01,3.512578970901223396e-01,7.207197590828502420e-01,8.833269428165703152e-01,7.311413896301421911e-01,7.308449921348230127e-01,6.821349945997098319e-01,8.492452124463452101e-01,7.142400895104326075e-01,2.825065982827770217e-01,4.025322342112899188e-01,6.135917673261420680e-01,9.061698618108442460e-01,7.116561444165023786e-01,8.213110400610903472e-01,4.338762352958077106e-01,2.125157715310419526e-01,5.760875495679145253e-01,8.156010715236903241e-01,4.928433027634474550e-01,3.714462486752669740e-02,8.764029738968448502e-01,8.146573075954831600e-01,2.095711978886865556e-01,7.216938259155125657e-01,9.724936036975689868e-01,8.735558622439970611e-01,7.949731544756810653e-01,8.337011017071019880e-01,6.330962739383494409e-01,1.047614792235585512e-01,3.790551689953733927e-01,9.799389664185012006e-01,5.733460254425689628e-01,7.923521278547972502e-01,7.886623568600994449e-01,9.549546127145216445e-01,8.412372914047989703e-01,9.464799483467284391e-01,4.869072541424304679e-01,3.557263955247219611e-01,9.545200971962699565e-01,8.272934579025221780e-01,8.175146053548794089e-01,6.560571712956927426e-01,6.578681062706747129e-01,2.998627662030983743e-01,6.861430533304232471e-01,5.338721066705602869e-01,8.492769317358725978e-01,8.119335402026736093e-01,4.013748128133143300e-01,2.024504684420591061e-01,6.116529444584007935e-01,9.768012886629239278e-01,6.012269025306274939e-01,1.147262858548021153e-01,8.607235511973666542e-01,3.911839771857081316e-01,5.710060755237242880e-01,9.575062602731372330e-01,8.209602192053022662e-01,8.753125919849661374e-01,6.946902528664172793e-01,9.898327445132274471e-01
7.274495816905054424e-01,5.267197800193813562e-01,8.486481282198562459e-01,4.759714357494581605e-01,4.771420587169260541e-01,3.212334390916192772e-01,0.000000000000000000e+00,5.040576505670869567e-01,7.624490832521204631e-01,7.273476792685712455e-01,6.909498669220527356e-01,6.509725752038487689e-01,7.743658505474486642e-01,6.492070381554297942e-01,5.236863126104116528e-01,7.546330665910712110e-01,9.157892163511203165e-01,3.555887222114870738e-01,8.021158905356425839e-01,9.789299483395048629e-01,7.788706900455966142e-01,4.574904333308825177e-01,9.117907725544761588e-01,8.913626528225925272e-01,7.813756670184712760e-01,6.780067179715824066e-01,6.417613745329241171e-02,3.657280843872851017e-01,5.013786128307083922e-01,2.029517394577626255e-01,2.072331728943722085e-01,7.183001961332007301e-01,7.054732567824174572e-01,5.769550028146354093e-01,8.909526742207317662e-01,5.421668653105961022e-01,5.539286058266121859e-01,7.647744736845645264e-01,7.711655983269798398e-01,4.336943749885444621e-01,6.364215465297401453e-01,4.053130143513729577e-01,7.922958563391128139e-01,6.867887903033382813e-01,4.893319461738959153e-01,7.209791509287500899e-01,3.974619023788256156e-01,4.064672952450396615e-01,4.283398604940980570e-01,7.729126441096509925e-01,2.019542169245719387e-01,5.061615656114306638e-01,7.672544589939072068e-01,3.710220109791056431e-01,6.966872960629496569e-01,5.242274948187273242e-01,7.544734430153887672e-01,1.528350850862004728e-01,8.494759586654780925e-01,7.753470608743565085e-02,5.742630883042271206e-01,7.137694514378595256e-01,8.259987280946496924e-01,8.821221327977591953e-01,1.100764915398060317e-01,6.902065846698761664e-01,6.089735781161723649e-01,9.883130296348797694e-01,4.607143682124904549e-01,8.450346326530030483e-01,6.192163860631526573e-01,7.184704341822345519e-02,6.652024304378034714e-01,5.657918650665800797e-01,7.933534833887170290e-01,1.383013883916126702e-02,4.896842515701154142e-01,6.204712252451241028e-01,7.128856621110346570e-02,1.297595293692685170e-01,8.729977574377106864e-01,4.089712545629934359e-01,5.188663568007088056e-01,6.530177260445151344e-01,6.199751899870266092e-01
9.317915790683158894e-01,6.940369185639791993e-01,9.403752794749049571e-01,4.669514679024928672e-01,1.529431279321551429e-01,6.215689920387661438e-01,5.040576505670869567e-01,0.000000000000000000e+00,1.603629945530381518e-01,5.411673049144933856e-01,6.490024689229267896e-01,9.927938520147255863e-01,8.215034763734275769e-01,8.440715227600770199e-01,5.286585707635261810e-01,5.426874550630694793e-01,8.252362003062462259e-01,7.007653165975126219e-01,8.036297140028062502e-01,6.043195614557325124e-01,6.997943286582145594e-01,6.998435679097478879e-01,9.977046138031415712e-01,6.267540330345318100e-01,6.543779002579235282e-01,1.074513611610283803e-01,7.083156160049188799e-01,5.861697665675912328e-01,3.721530550729162945e-01,4.093047009791271895e-01,6.758511055499372144e-01,4.668123852414118313e-01,6.097709817261778298e-01,4.944626701151286774e-01,4.857071878632820416e-01,6.284634469892739217e-01,2.743943367440891956e-01,6.467797731332493028e-01,9.814052302925241333e-01,5.352652222135142468e-01,6.541418763351649623e-01,4.464126001141996425e-01,8.599493304583435416e-01,7.197503220000612822e-01,7.575702903906532670e-01,5.630286669638201458e-01,4.295034382942510276e-01,7.650468789650699541e-01,7.079816075672454856e-01,9.866331625763753443e-01,7.295294710649512515e-01,4.763456659151761863e-01,4.021620177160923348e-01,5.018286304936849795e-01,4.768840559807127066e-01,8.525739730497065016e-01,6.243960175817131475e-01,4.907712881877938083e-01,8.504877479539467711e-01,2.818363684372857669e-01,7.718088228415966867e-01,3.525112126638428878e-01,2.511117925712319510e-01,8.479074249396194585e-01,6.380857268046714603e-01,4.272495582078396081e-01,2.901215699213862131e-01,7.069399955013232484e-01,7.288922599181812956e-01,7.466271989415758092e-01,1.739745578653928149e-01,7.200240371365952408e-01,6.568500171024043155e-01,5.758872475883138886e-01,8.899293044011428178e-01,6.200442524566452951e-01,6.752747349735750415e-01,6.990132860844970875e-01,8.081092199905707263e-01,4.432108157240010060e-01,4.081608817308204906e-01,9.761201462612818514e-01,7.031303109849817989e-01,7.325011958610601059e-01,6.558278934629979684e-01
9.963987570199692723e-01,7.312645080466229075e-01,8.759581370904085951e-01,7.517792663093987304e-01,6.012703669573067344e-01,7.037988215639791045e-01,7.624490832521204631e-01,1.603629945530381518e-01,0.000000000000000000e+00,9.581007492633889511e-01,4.982785587751638046e-01,1.660994503029115388e-01,9.438350388258964774e-01,6.498520711355266766e-01,7.858854878391451360e-01,3.782066709297376428e-01,5.463370208829541053e-01,7.735860155948389716e-01,4.544720295734251958e-01,7.592704605413483909e-01,8.390829308267540032e-01,4.966154996718896708e-01,6.705885873264065822e-01,6.748803022527043449e-01,6.352504509504058872e-01,6.757393897783563474e-01,9.135592178209490655e-01,8.682238770847745535e-01,9.760355837110594734e-01,5.986870864213573729e-01,4.825102063836276822e-01,3.527217712891458357e-01,9.012944891143538362e-01,6.844840171144979113e-01,7.731529264756635822e-01,5.332468338092642979e-01,2.333255024267650579e-01,6.744845537787840239e-01,7.315126903813116144e-01,7.826643134907291799e-01,5.949425975491472451e-01,6.816430131053344832e-01,7.404286975939577964e-01,6.863346608267526516e-01,5.564871398608004505e-01,9.593323024387042652e-01,3.971553371782297059e-01,1.083298498144002198e-01,4.355491032873256563e-01,6.076271911966427686e-01,9.639125870491074277e-01,7.873557827057928726e-01,7.089207444396345981e-01,8.253794392510210853e-01,5.789975519032578566e-01,8.716443994108498128e-01,7.953841388208160446e-01,4.030895577434657762e-01,9.687333796378891915e-01,5.897763324470184365e-01,4.866506664025209705e-01,4.504219764221645828e-01,7.489199796947524357e-01,5.791555851733664051e-01,9.395393991257758870e-01,5.583316697528286632e-01,5.718137207345993511e-01,6.204928370210006650e-01,5.102743525026190996e-01,8.635767817437499660e-01,6.318692709171216393e-01,7.056672783868896959e-01,5.135957054461608440e-01,4.212651499582898973e-01,3.228031798263466534e-01,4.245726155350327824e-01,3.303089578967189910e-01,3.063396264673323710e-01,6.870026756269324852e-02,4.595330515867721011e-01,7.371393645285718721e-01,8.994916811331421513e-01,2.057908621615637812e-01,4.674698081872765143e-01,8.697770869283548700e-01
7.698993053324428848e-01,5.800580670248759452e-01,8.551587676147167638e-01,4.794049979886306212e-01,2.063016532033101480e-01,9.664763505525478804e-01,7.273476792685712455e-01,5.411673049144933856e-01,9.581007492633889511e-01,0.000000000000000000e+00,9.423586010313568240e-01,6.685483111166233838e-01,8.484255546422538874e-01,4.626248280415724556e-01,7.451809209691764302e-01,7.931328563372506135e-01,9.816040816203998320e-03,8.861965467843667676e-01,5.143510840971163844e-01,7.830921052593241560e-01,5.713070509282469622e-01,8.532255586529633451e-01,7.558682593843653041e-01,9.507758780312282054e-01,6.549992998274489775e-01,7.348477926582119846e-01,4.295272103236342787e-01,5.817861815133986703e-01,9.356700089050901115e-02,3.236453770312612832e-01,4.792373571928733034e-01,9.298723581271841621e-01,5.649161650575726945e-01,7.270499002447862180e-01,2.263057835438326004e-01,6.640307177429805030e-01,2.093389353114387397e-01,8.378210171268840600e-01,4.214601115249758667e-01,5.235212092844718779e-01,7.551561007318255969e-01,7.586831525607674598e-01,6.179720504725351171e-01,1.372268507029755502e-01,7.819017037965361183e-01,9.414240432699196859e-01,6.065535210304143776e-01,7.218998219964353202e-01,9.904592591709273641e-01,9.025814691051928795e-01,4.167020037681313793e-01,6.358675235498869593e-01,6.983846114779267422e-01,6.038876529560717188e-01,7.156042051379970514e-01,8.077422372800242556e-01,7.055035239007370063e-01,3.868625569067323799e-01,1.429341099169986196e-01,6.713643683912142723e-01,7.961169617339586280e-01,5.932115326112148423e-01,7.733876516443494165e-01,6.933745884054540731e-01,9.735056027208548457e-01,5.906745485909093984e-01,6.264769579977548242e-01,4.242645468921672491e-01,6.255325036760395196e-01,7.593042740672852897e-01,8.904870169659000467e-01,7.272945842388824911e-01,2.401842323288243264e-01,7.297456821577974484e-01,7.314287385786559792e-01,4.680114877256871253e-01,8.993491419903801853e-01,6.970751948234781281e-01,5.672246076410346616e-01,2.974675938539222964e-01,6.148254841065776688e-01,6.276609515751417900e-01,9.913970862969307962e-01,5.940311882102385921e-01,5.772468509099103473e-01
7.549171933289464675e-01,8.876064522217057551e-01,9.440166543219912221e-01,9.268357181532331790e-01,8.582759258129835089e-01,1.194483645186459470e-02,6.909498669220527356e-01,6.490024689229267896e-01,4.982785587751638046e-01,9.423586010313568240e-01,0.000000000000000000e+00,9.488000584496276701e-01,5.533134701490270979e-01,4.909675842659412814e-01,9.735013897990956178e-01,4.836135122264949571e-01,9.702751615265466922e-01,5.019986954349574537e-01,8.441965391335926050e-01,5.095047622876521798e-01,6.849648461574642244e-01,5.504044515345913879e-01,7.143729546285503273e-01,9.666968921628602551e-01,9.096770235725666620e-02,7.068056367019075470e-01,9.686643070651295151e-01,7.515828843089975564e-01,3.280691084278958281e-01,2.516720706700465993e-01,2.204164235028094332e-02,5.658410684543351277e-01,7.766804866117477113e-01,4.663319544345674861e-01,9.240406828511739112e-01,5.377639872217164774e-01,4.692428827348176235e-01,5.105660798553853796e-01,8.582725363483880709e-01,7.212942371812218756e-01,2.357358798646941589e-01,7.216844824762542743e-01,8.008846091763135444e-01,8.075862390076117281e-01,8.131188764597463425e-01,8.231570635877549780e-01,9.226152951784808431e-01,8.785099097311952487e-01,6.305230875696683501e-01,3.001234133311466712e-01,8.525668144141903548e-01,6.987651510136415611e-01,7.902218785729602235e-01,9.580910725773335024e-01,9.040164929865153187e-01,5.309625987790317359e-01,8.262343060334795819e-01,7.006197695602129905e-01,7.371294144672312365e-01,4.554919626265224730e-01,6.023674768739198382e-02,6.510231514597799585e-01,8.773393080011093748e-01,9.833519622782529446e-01,8.174338722920828637e-01,2.374428395277551895e-01,4.692697774524422494e-01,7.764439619940132209e-01,8.283925211046115900e-01,8.380504619937640953e-01,9.917138223775749939e-01,5.739094084374523064e-01,1.087320803575684836e-01,7.881830906348407106e-01,8.471837971877480555e-01,5.692670228234819607e-01,6.444653113307599046e-01,7.039155098354678008e-01,7.948392814994764688e-01,6.568223508890751461e-01,1.404442292409353865e-01,6.804703200948368780e-01,6.532789900023857621e-01,8.287647301134299926e-01,5.576139954050867154e-01
8.998324056921463976e-01,5.098478371359752570e-01,8.871380158742411259e-01,6.238220303255567201e-01,5.114738581082647340e-01,9.833493685309199206e-01,6.509725752038487689e-01,9.927938520147255863e-01,1.660994503029115388e-01,6.685483111166233838e-01,9.488000584496276701e-01,0.000000000000000000e+00,8.657124367575818047e-01,9.681773166868858915e-01,7.741777950987107637e-01,2.957912741524705291e-01,8.142550641857829730e-01,6.142980835498230707e-01,7.138154068459822144e-01,9.279723952104514950e-01,7.634587111584787422e-01,4.688857682634900437e-01,6.902238352942325905e-01,8.547234748963664641e-01,7.166885723615332715e-01,5.857674682356097673e-01,2.318344418096635329e-01,8.099098348413907855e-01,1.706377224249028268e-01,4.409184730302218025e-01,5.266171439869368198e-01,4.468415570706525952e-01,4.441846897181946363e-01,8.276562588634116535e-01,8.389570732745617321e-02,3.290936404323101527e-01,2.002210287864338301e-01,5.037021429503037995e-01,6.744847416789119254e-01,9.810443810855548064e-01,7.124732414913970135e-01,4.103083994418454949e-01,8.561804361633064131e-01,7.567310574487515762e-01,8.356873850491666200e-01,3.584047202772479013e-01,8.383937765510690587e-01,8.446700185941655725e-01,6.411575783821346075e-01,6.583855870115218334e-01,7.427749627683228884e-01,6.184857733772793908e-01,6.184858087587282727e-01,5.633570169177536391e-01,9.134318323630162828e-01,8.734193339452889226e-01,8.424386036003577161e-01,6.477839302800886268e-01,-2.313272992119266847e-02,4.790320950957120960e-01,4.811508274216603764e-01,3.455385472166879746e-01,7.980508884832376859e-01,9.480061877406272819e-01,8.235838541771839383e-01,7.227634079368044917e-01,9.497395276340498960e-01,7.553843724773607882e-01,4.813296313349750832e-01,2.869145167407434471e-02,4.150317814797517268e-01,4.118436520751696528e-01,5.874641452022703048e-01,7.889494930575575715e-01,7.742741494220095611e-01,7.123446788312786104e-01,9.764172553056482684e-01,5.636375047877610900e-01,4.108844573313041870e-02,2.560156221678204780e-01,4.261173761413710182e-01,8.923481648356040852e-01,7.810293721741452533e-01,6.668252303673962711e-01,3.894742031237607982e-01
8.677147495654806697e-01,5.999072915160286179e-01,9.650621426141605674e-01,8.519940979437532480e-01,8.109267644480465664e-01,4.637813341444133597e-01,7.743658505474486642e-01,8.215034763734275769e-01,9.438350388258964774e-01,8.484255546422538874e-01,5.533134701490270979e-01,8.657124367575818047e-01,0.000000000000000000e+00,9.579240127877952649e-01,7.315366998770624907e-01,7.136719006277353339e-01,5.651210425134026716e-01,7.631701432142445896e-01,4.161851975828147476e-01,8.562473681439729534e-01,9.083793119648173597e-01,9.962826965727437090e-01,9.216292415318055875e-01,7.660870700632385066e-01,9.862873876351451186e-01,5.382130384583965199e-01,7.329971768156815504e-01,8.391789047627807863e-01,7.760778447611236253e-01,9.744081266873633185e-02,3.640583675289013055e-01,6.600401532598871857e-01,7.273434883197479328e-01,5.232191830783077258e-01,6.531585181073177315e-01,5.746224736506229114e-01,3.095623305265584602e-01,9.478659403008484752e-01,8.163446736585836527e-01,7.431661281408696862e-01,2.123171923955627649e-01,6.362864333124576000e-01,3.856342576412173928e-01,3.553126226109679653e-01,9.995192955454864636e-01,6.107640131162997976e-01,7.817393205716153259e-01,6.769875685952084776e-01,8.114260788818089543e-01,9.212168040828702109e-01,6.065655028076990529e-01,7.640196966406539447e-01,8.557689933114061009e-01,6.095455892840611067e-01,4.773845374132563990e-02,3.744830681693334107e-01,6.169587892984025324e-01,6.571746162202676267e-01,9.163095859535052012e-01,3.188116025703753298e-01,7.440436486463013477e-01,7.295602229502541336e-01,6.265521045908910569e-01,5.426211276430569219e-01,5.532669149374302986e-01,9.519398425160141564e-01,5.416694912887276558e-01,9.863129641255189428e-01,5.417892225365811276e-01,7.082204400706356706e-01,7.522280601196362770e-01,6.457537308341105842e-01,9.649273307553400958e-01,4.284948336860062712e-01,9.907826363355514143e-01,4.810188426109545667e-01,7.671015428032683658e-01,9.355954982194076841e-01,5.296942633380178345e-01,2.775503492592811816e-01,4.231918663587198037e-01,6.647289254264976410e-01,9.655410535267379135e-01,6.957745875141706227e-02,5.908923001874825109e-01
7.116843943408746043e-01,4.796116528585824823e-01,8.976892411438526231e-01,2.029966364396110223e-01,7.844427519569635576e-01,7.318642702803660471e-01,6.492070381554297942e-01,8.440715227600770199e-01,6.498520711355266766e-01,4.626248280415724556e-01,4.909675842659412814e-01,9.681773166868858915e-01,9.579240127877952649e-01,0.000000000000000000e+00,7.198025113526282937e-01,8.390007282516311893e-01,4.657595220546933423e-01,4.928154877662762612e-01,9.736711331937688563e-01,8.484760426137635259e-01,8.031908114235815077e-01,9.275863235370118698e-01,6.897073707389342889e-01,8.828924165360551024e-01,8.046269136427158797e-01,9.887041567943744003e-01,2.734629795424545762e-01,6.042087400023256061e-01,6.132467667504605258e-01,4.248922315575767716e-01,2.147935861739493080e-01,7.235169536761006936e-01,4.089386862053058791e-01,6.922613232036719522e-01,9.639262971912194722e-01,3.834269281398258178e-01,3.241203303428046856e-01,5.578131861668925717e-01,2.784157160148382770e-01,8.649586576371801616e-01,8.640422912486148688e-01,9.034098519670562544e-01,6.168772944590498186e-01,6.436308220068645003e-01,5.209830588659420947e-01,5.076000770984597787e-01,9.685357492821926595e-01,8.172710306606387753e-01,8.744804237729708607e-01,7.243145633887397850e-01,6.982514367499961239e-01,3.755045194770728623e-01,6.302326170158213392e-01,5.409037362600507270e-01,7.098142194374845726e-01,2.849074956302888872e-01,6.251291614436224053e-01,9.555277274772315810e-01,9.921982629407696264e-01,3.839109970155563656e-01,3.113388718974062774e-01,9.239078343411397665e-01,7.739068546991866304e-01,9.019811137713584781e-01,8.829027408416439959e-01,5.284891834877895045e-01,7.809860221909761258e-01,9.414726605024870132e-01,9.558472212146743585e-01,6.667766147258358256e-01,9.470877134695591115e-01,5.764951319209382641e-01,9.384796361053644453e-01,7.809974633143966782e-01,6.608989973430735576e-01,9.277519898504054119e-01,9.707624543636115266e-01,9.935908461419753479e-01,3.882176163695408300e-02,4.302476576692316756e-01,8.663501370498305487e-01,8.803770171114129184e-01,2.676144128692531377e-01,4.742084069396569346e-01,8.474676332610240337e-01
7.644035482985017671e-01,6.678227972932579970e-01,7.045788741380403231e-01,7.519911701056817277e-01,6.330673376386062312e-01,5.573714600911310324e-01,5.236863126104116528e-01,5.286585707635261810e-01,7.858854878391451360e-01,7.451809209691764302e-01,9.735013897990956178e-01,7.741777950987107637e-01,7.315366998770624907e-01,7.198025113526282937e-01,0.000000000000000000e+00,6.119468335205684451e-01,7.485879495406825290e-01,7.488551875046829398e-01,5.387850546625942982e-01,3.294585305639071149e-01,9.346983182394971168e-01,9.628095229924874543e-01,4.153837988448834673e-01,7.289292972151422134e-01,2.627219613409851329e-01,4.795519521897090298e-01,7.306641759116691004e-01,4.448177344164692681e-01,3.708490809944051669e-01,2.633292932434862510e-01,2.037498783513976286e-01,2.996109066927103992e-01,4.780861021424145374e-01,5.270091763632065440e-01,7.983816332256926662e-01,4.012372411910728465e-01,1.252507565787407406e-01,6.189199995147700584e-01,6.035529580765255364e-01,7.211939435649710184e-01,2.692484353856604562e-01,8.812214006272618416e-01,4.915253117961787543e-01,2.746488232046496725e-01,6.470945174508013764e-01,6.988097463255174002e-01,-1.889500700884178264e-01,8.971186801077052353e-01,6.326815562438247165e-01,5.577662159174676670e-01,5.831405063211058115e-01,8.745257524169782748e-01,7.096833959079742460e-01,7.229687838476834827e-01,7.974103772423565273e-01,7.573990221012676383e-01,3.706023285341845663e-01,8.843281748286623278e-01,8.452531024503160406e-01,6.575107253836814936e-01,2.352760345460790936e-01,6.735698187327890940e-01,2.598133820314185161e-01,8.939909717831973079e-01,6.249246350678515638e-01,6.504244745969712804e-01,4.735923615427155009e-01,9.713261026404231835e-01,5.824726266449802292e-01,8.775468728908460969e-01,-1.789629984862685375e-01,4.922286302122774737e-01,2.805905210153202267e-01,7.630244510229194921e-01,4.021574561446726870e-01,7.386676050067039201e-01,7.991493766897275197e-01,7.993332065943734577e-01,7.859869970218845703e-01,7.175897498185378476e-01,5.226553087969562084e-01,8.729654084868307962e-01,8.994496540603179602e-01,3.517706270996419082e-01,6.363511013198936972e-01
8.251134776818260796e-01,4.910949089504286769e-01,9.957689324159324507e-01,7.470146254167384647e-01,9.876877438814497534e-01,6.211811089269078101e-01,7.546330665910712110e-01,5.426874550630694793e-01,3.782066709297376428e-01,7.931328563372506135e-01,4.836135122264949571e-01,2.957912741524705291e-01,7.136719006277353339e-01,8.390007282516311893e-01,6.119468335205684451e-01,0.000000000000000000e+00,7.926633301666204945e-01,7.526482824645397418e-01,9.780501312047865659e-01,7.265876246946024741e-01,7.271259555636246930e-01,7.410514329464268357e-01,5.596540961477545206e-01,9.735363230145004376e-01,5.362821161885080734e-01,5.000590568659725177e-01,8.226927767798267732e-01,9.688829539108229083e-01,3.782110550503532398e-01,2.669255505601612066e-01,6.990119573275213050e-01,3.435601653927921051e-01,5.433109782373912733e-01,8.114547018462638928e-01,3.720796574385814015e-01,2.219159908625392974e-01,3.318372939356096785e-01,5.741553811882539327e-01,8.500387674622539302e-01,6.210536663876313757e-01,7.425677097245204639e-01,6.756740461248589291e-01,9.701804339891688667e-01,6.744932446362286171e-01,6.838623552652763893e-01,7.063250991936150802e-01,6.101255916700174531e-01,9.877834272826855333e-01,5.602999415418266071e-01,5.188054407780615662e-01,8.739981832273413520e-01,7.223749098923410994e-01,8.448938768542473277e-01,7.247034487914747469e-01,9.509821984745395751e-01,9.176110860202151276e-01,7.022851577690372160e-01,5.500264215830084069e-01,3.188653502547116325e-01,5.574353816368393666e-01,4.970466510616140532e-01,7.846665677864417265e-01,6.144768209425712779e-01,7.488510120208305976e-01,6.509502861932477957e-01,5.122868742569014477e-01,7.732861990173248712e-01,4.685340453951045703e-01,4.367545529172443541e-01,9.142387007737819982e-01,6.949793562815652637e-01,9.091549360723985007e-01,6.869959353741519337e-01,6.814794590966437582e-01,7.727296571408789339e-01,7.882292082073479866e-01,6.162929423811008833e-01,4.145594480225628375e-01,3.322530132320931084e-01,4.373689976727990758e-01,5.971314700562591060e-01,8.305116258427156506e-01,9.509934737460852272e-01,6.489821834226441322e-01,7.144505928227516955e-01
6.999905960460728327e-01,9.550158096625691595e-01,5.071857234379619772e-01,6.157871370059657679e-01,8.262477789708145837e-01,7.795392814582395857e-01,9.157892163511203165e-01,8.252362003062462259e-01,5.463370208829541053e-01,9.816040816203998320e-03,9.702751615265466922e-01,8.142550641857829730e-01,5.651210425134026716e-01,4.657595220546933423e-01,7.485879495406825290e-01,7.926633301666204945e-01,0.000000000000000000e+00,2.268725186312918196e-01,9.234185128487776284e-01,7.072951828319703482e-01,6.017364643085152398e-01,5.667127981923623103e-01,7.637146616201082594e-01,6.660337434942884549e-01,4.097456883362697311e-01,8.786842937530233710e-01,6.092232399225013806e-01,6.539632926619375342e-01,5.177781290546805693e-01,3.509688893555978906e-01,1.527064631117447391e-01,6.199247148205505598e-01,8.999166173310895189e-01,6.090706577350687434e-01,6.768296006219148842e-01,7.926505375945827048e-01,4.875347327820569454e-01,9.142439978848224680e-01,6.950713217354006490e-01,6.351747084171723845e-01,6.289356113536848092e-01,8.714510662566565813e-01,6.476322273459758083e-01,5.691455715386123382e-01,4.439965397902332356e-01,7.130740377810703690e-01,8.908698966474201120e-01,8.860797346503631600e-01,8.980279518547676920e-01,9.684455394147541973e-01,7.391189081723942289e-01,7.696307664860378983e-01,7.268968755929477998e-01,9.876432920494754297e-01,8.905062340599697590e-01,9.451929046871643258e-01,6.052656847329431766e-01,6.613398703024773173e-01,8.955906717485186963e-01,4.200212360206601568e-03,5.147540408491462216e-01,9.047350381973457978e-01,6.637417975480595089e-01,9.831959526212523670e-01,9.687135761504457321e-01,6.536649740044747636e-01,9.078457814377544066e-01,9.120395888655087324e-01,7.054378558907760111e-01,7.937394034881228855e-01,9.964534088629939390e-01,7.960291700087405165e-01,4.290235708449550711e-01,8.755104372461237905e-02,9.617015364478633810e-01,7.169014038842091985e-01,6.436288822043023661e-01,9.281069048256118670e-01,4.843798452121052533e-01,5.945311289907110330e-01,7.705384866813875799e-01,2.859106766799643373e-01,9.956248636877926828e-01,8.775359449146983293e-01,4.892035955606818809e-01
7.431769284358205052e-01,9.817167646525104541e-01,7.261550079154510673e-01,6.641570453589913381e-01,3.619638140294608730e-01,9.345410959315045840e-01,3.555887222114870738e-01,7.007653165975126219e-01,7.735860155948389716e-01,8.861965467843667676e-01,5.019986954349574537e-01,6.142980835498230707e-01,7.631701432142445896e-01,4.928154877662762612e-01,7.488551875046829398e-01,7.526482824645397418e-01,2.268725186312918196e-01,0.000000000000000000e+00,8.183351078744970364e-01,9.496671023967730996e-01,7.193544983482250688e-01,6.449607119149537438e-01,4.105378278461896957e-01,9.508260080441298667e-01,6.085215718511458594e-01,9.454164164074301269e-01,9.571082207706244072e-01,7.715172039775060053e-01,5.641815633645688166e-01,2.859416502120453174e-01,9.615098158827151131e-02,9.791605846528557422e-02,6.341361715018829504e-01,9.893709319830329418e-01,5.607295978508373135e-01,7.573341171481710044e-01,7.278856391471266729e-01,9.270807493866071169e-01,6.231772607743901737e-01,9.258563930795471464e-01,4.759019093106161558e-01,7.428538093837229184e-01,9.264278322758596751e-01,6.823504596990164206e-01,8.831478747076195734e-01,9.540291869108221690e-01,8.805451314258083695e-01,6.424158673979458722e-01,7.938212088941704048e-01,5.655811406988059398e-01,9.033965316249251698e-01,7.913482627055105079e-01,6.526847185582718147e-01,9.326479938651480728e-01,8.199683711632813621e-01,9.507278100060359005e-01,9.352784078984393012e-01,7.151333551831249302e-01,8.094285686580284800e-01,5.273548758577393247e-01,7.447234275345895327e-01,8.057221787925806789e-01,7.018871174025547166e-01,5.704102951123453114e-01,8.938145824498144876e-01,7.695485422904166928e-01,5.238951938843022793e-01,7.590515691594379444e-01,7.834632344072988142e-01,7.017508910257735932e-01,8.221247182557867017e-01,8.687820536831659668e-01,4.206091269050699633e-01,5.982860594534890053e-01,4.808887717405571083e-01,9.328867853225728535e-01,6.343959998302446390e-01,7.342051990957300101e-01,7.676236800134892402e-01,8.102749596303865376e-02,8.475328302295731531e-01,8.647710584994791061e-01,4.451035415772865433e-01,2.716136954298413730e-01,4.994369731033725390e-01
