0.000000000000000000e+00,8.185721572868377427e-01,9.597108271193949269e-01,6.997981182479212636e-01,9.353881172215999795e-01,8.924081046837742948e-01,9.984196183917253276e-01,4.889786998694622411e-01,7.446734931167207083e-01,6.211319453286173742e-01,6.480421126349658056e-01,9.934502276426121492e-01,6.427937208108024381e-01,9.354668520584109581e-01,9.327695540991155498e-01,8.046350362753047492e-01,9.890756444084465304e-01,4.449593576496310154e-01,6.189328633892923204e-01,8.303904296510785654e-01,9.384322636531388095e-01,5.154665909929930789e-01,6.139567479801758543e-01,8.277038222200899797e-01,1.167982332997251627e-01,6.210803507233734200e-01,8.273804145077442440e-01,7.966809302175908991e-01,7.507738928435478964e-01,2.925437073985511782e-01,4.591765315141715376e-01,8.129021038765288365e-01,9.394033046324686831e-01,4.438988588452070227e-01,8.652569539900024642e-01,3.894542915091159796e-01,6.677895982348447390e-02,4.040679536747358580e-01,8.211251693768225612e-01,7.330277215000776669e-01,9.063125029315755032e-01,7.740670147304555826e-01,3.238938051173176347e-01,7.628264271357642068e-01,7.946369352034936551e-01,7.439501949899280930e-01,3.949538101498814013e-01,7.877838723761338979e-01,5.177821964153375145e-01,7.631273685175365973e-01,8.539268458177369236e-01,9.578985971173170633e-01,5.560689627314621131e-01,5.342458966174382651e-01,6.370129777428693574e-01,5.907938215390571290e-01,8.205333160168643003e-01,9.341390861750251684e-01,2.972791804069478405e-01,6.422785102034639371e-01,5.972191307725229770e-01,6.866586295245062921e-01,2.290737540247265724e-01,7.823060507756549598e-01,8.748750712358568382e-01,5.437904418969539133e-01,7.980904827746275743e-01,8.146293231773226173e-01,7.552326261538701013e-01,5.937915878936430580e-01,2.892909626283782787e-01,7.358027687374195658e-01,4.197790831156132940e-01,4.602237776514342960e-01,8.934883374643772802e-01,8.799395372654940095e-01,7.966383983166025473e-01,4.467273419636693665e-01,5.685052991923866816e-01,-1.571957218946558876e-01,6.461325950194301004e-01,7.972172958093263206e-01,7.133959421527442668e-01,6.945192075128018283e-01,6.992479049817966752e-01
8.185721572868377427e-01,0.000000000000000000e+00,8.409466429003773502e-01,8.978966437396953548e-01,4.528457644123480841e-01,4.689331755777832456e-01,3.049887250845708109e-01,4.539871983233738084e-01,1.018472035238762452e-01,7.150697866580196793e-01,9.526841455600592035e-01,7.880103772426754194e-01,7.623449951927742108e-01,5.821679376376829307e-01,6.491158289106929713e-01,8.568761427362439065e-01,3.436537259086749202e-02,3.965240685936687326e-01,6.045295414380701393e-01,9.802711176975011931e-01,3.358832069604813508e-01,8.420756850786295100e-01,4.026175336871185562e-01,9.019108724243691810e-01,3.927889385630365382e-01,6.026342106972405466e-01,7.153644633353350990e-01,6.751083323576951845e-01,1.036712822504809728e-01,4.095664189042387549e-02,4.154803930390684186e-01,7.005498712554414364e-01,9.718354937169548791e-01,6.969312577514292784e-01,6.086028830044336591e-01,2.375295776977753848e-01,4.413807224759333514e-01,6.497230259784043671e-01,7.888506498485063911e-01,9.371901567261389232e-01,4.808708075074680233e-01,7.690181468970760381e-01,6.458293694467296397e-01,9.664666938400563456e-01,8.469494339905859759e-01,9.742557807428854355e-01,9.595393795437038298e-01,5.184281290467392944e-01,7.882980038631639541e-01,7.174722888850122438e-01,7.026505384065271365e-01,9.892386777438535450e-01,4.760996434095540186e-01,3.460900045145061110e-01,7.062350724710108052e-01,4.347558261694639548e-01,4.736445054434479940e-01,9.424544048884486713e-01,6.598048406146519440e-01,5.076292490307378058e-01,-3.528148815890282397e-01,5.413929855093324583e-01,6.261482081891149853e-01,9.503213889039925366e-01,9.068621458300377691e-01,4.323643781900683991e-01,8.164559384651619567e-01,9.145978205567294461e-01,7.711361959591024329e-01,8.347635605204847264e-01,8.148119473981173255e-02,6.453752036083906241e-01,1.190926097183587218e-01,4.178476258880138849e-01,4.515866326465650116e-01,6.977058014332410130e-01,7.723659878344170115e-01,5.662316502278204322e-02,6.019305599303204080e-01,4.666692560437893378e-02,9.645046856436761962e-01,9.232141028715739051e-01,7.075724183079037388e-01,3.560014810894521764e-01,8.192930590075494512e-01
9.597108271193949269e-01,8.409466429003773502e-01,0.000000000000000000e+00,7.762305174864371216e-01,8.542628776648825140e-01,9.882454862064333767e-01,6.558794360307229621e-01,9.212544363020157556e-01,9.489402125572474755e-01,9.028888205042769899e-01,8.438976467274625914e-01,7.185883858939552393e-01,7.731031483287478245e-01,9.623482960896887484e-01,9.527960506710491106e-01,7.505383327630926749e-01,6.769570588059599103e-01,8.800941731879838859e-01,9.965295377642222618e-01,8.336727397852250476e-01,6.884894188586033748e-01,3.087051189003201523e-01,6.338148459689705305e-01,7.131952888022012882e-01,8.821369692630985915e-01,9.146096734652341409e-01,6.293128663969095316e-01,4.756872431557322978e-01,7.303826326249678313e-01,7.655156159061131671e-01,8.948624829801044012e-02,8.250060161781842538e-01,9.383910706395862666e-01,2.810498291259593828e-01,7.720538132193139891e-01,1.749373576309913858e-01,6.108409042080066298e-01,5.069915378073038825e-01,8.178679740510482743e-01,2.792058400224192716e-01,4.526947258600180768e-01,9.052646493660102545e-01,9.524219892848542202e-01,6.158230982863465153e-01,9.936875206853430509e-01,8.450463215147505647e-01,9.633708946435135534e-01,6.215459506003607748e-01,7.070429653470242659e-01,7.340668756102664005e-01,7.329262558820875961e-01,7.581593242882161965e-01,6.447071400876094316e-01,7.009569350072215599e-01,8.523402867568333763e-01,6.947132870134992144e-01,9.335059616119205650e-01,8.221446306668077630e-01,5.717595859525304025e-01,3.450437154114266436e-01,2.717669723881609434e-01,5.898114885520420181e-01,6.311591523753998789e-01,6.814482918925809374e-01,8.917482205714996057e-01,9.389762075631383764e-01,8.260657895057549327e-01,5.628043949876950780e-01,8.495471046609270882e-01,3.115546492723827443e-01,8.317320199826815363e-01,7.904555945589930577e-01,3.732646557821418520e-01,7.341363123628504017e-02,4.032791686315861934e-01,7.554660588103836449e-01,9.782361322782430202e-01,7.298542456723828842e-01,2.463865765943657471e-01,1.224301036157273148e-01,7.057155262893548553e-01,9.273268151254183689e-01,6.366831395933044702e-01,9.070234098410466794e-01,8.819514944763178210e-01
6.997981182479212636e-01,8.978966437396953548e-01,7.762305174864371216e-01,0.000000000000000000e+00,6.679146149351400386e-01,9.916500943983613814e-01,7.812021035084468767e-01,4.707061821004043800e-01,9.444582016848136474e-01,5.974605714185555749e-01,7.476056273880791192e-01,8.338258707912006296e-01,4.748152071035702942e-02,8.768397737921896917e-01,6.003956604091136295e-01,8.992090545095755560e-01,8.553562805279462111e-01,7.088285175942808936e-01,7.551048646893611105e-01,8.684955502016610263e-01,8.683120540301935142e-01,9.854402844902386827e-01,8.208590666155752835e-01,6.934479149574772627e-01,8.627003067256573399e-01,8.249176209220675515e-01,6.250876182101927636e-01,8.598517194324876156e-01,6.467454729386428181e-01,6.944753713176688992e-01,2.051106539858680577e-01,7.210443602242688765e-01,6.513655718002309136e-01,7.224528074680787171e-01,8.528943035626400659e-01,3.745565570671035571e-01,1.103155000186505225e-01,8.104747149028461717e-01,6.128325099304466894e-01,5.820075501464527790e-01,5.377313348990244712e-01,9.636966263635866614e-01,7.213760482564286480e-01,9.635804421351488180e-01,6.400139935055119134e-01,6.259522856845061156e-01,6.567475022550736119e-01,6.054190482768128101e-01,5.674663768549514931e-01,9.174668856158929575e-01,6.316704728493357512e-01,3.070266040173922906e-01,7.820449631692890646e-01,9.724145680518370138e-01,9.639502898082985549e-01,5.564142946709527138e-01,7.539732259624032373e-01,5.668035017115389262e-01,3.306902330517502708e-01,5.532387856277199978e-01,5.539287735651799993e-01,4.157791714276857231e-01,4.384540073206668609e-01,9.017507138311789960e-01,6.833196181462409813e-01,7.335176557150981935e-01,8.862042103007456983e-01,7.936241042164993154e-01,7.547886765191389458e-01,8.523194932723318074e-01,4.824709587939858269e-01,3.087659547069848687e-01,4.593862199182651151e-01,4.420875964220168930e-01,3.938714708591523062e-01,3.209967029889795320e-01,4.056793618935088386e-01,7.342401374246981804e-01,3.012934604363537439e-01,7.022216492547253552e-02,6.524977970805559968e-01,9.302449162731163401e-01,6.050910934834293764e-01,4.150198818535749123e-01,2.900124995391227811e-01
9.353881172215999795e-01,4.528457644123480841e-01,8.542628776648825140e-01,6.679146149351400386e-01,0.000000000000000000e+00,8.339086095929476583e-01,6.187773447796711679e-01,7.148706506145866557e-01,4.692138839406662099e-01,9.428788530360772135e-01,9.417756237742196390e-01,4.385857269219501919e-01,9.077543671484882282e-01,8.882194379350324409e-01,8.407144394533767606e-01,8.074055468288924287e-01,7.575353714089212431e-01,6.072221023516141125e-01,8.184753366845484157e-01,9.462550130200408915e-01,8.163844119046663739e-01,9.057948201126397869e-01,1.696968861134531825e-01,8.047964686540970414e-01,6.342838710080695996e-01,7.136818980551054015e-01,8.136469886208468338e-01,9.442529310376206464e-01,7.356939416136528687e-01,2.624879878530482769e-01,6.891266882727085097e-01,2.014144548589975325e-01,5.039730249900662429e-01,4.477705310091979474e-01,9.960860165372644737e-01,2.406274624554815555e-01,7.131988332112141338e-01,7.856631325985751202e-01,9.297844829258536947e-01,8.813738968061086698e-01,5.424902507954947328e-01,6.767654114900372164e-01,8.657192212786075647e-01,7.036246809284433246e-01,9.282525670713622779e-01,7.758206278724006921e-01,5.245867733058667826e-01,7.135941231815911001e-01,-1.434780768691359953e-02,4.488386864186491021e-01,6.234364909799647858e-01,5.513487044223024380e-01,6.644739276058311273e-01,6.170966748874138208e-01,9.341194154969513219e-01,6.752053330684772980e-01,7.932954256504053392e-01,5.487276322284451169e-01,8.152797324882832264e-01,4.561002268460820908e-01,6.409578175591965632e-01,7.217270556209933741e-01,7.653436804831248441e-01,9.593333550746930838e-01,8.992982488614333914e-01,3.712003294989752455e-01,3.776347748305455276e-01,9.384710800885132098e-01,2.399600405712220830e-01,8.857128636392327392e-01,9.762653227990938376e-01,9.339063629032631209e-01,8.167670354647387221e-01,6.377665554288820537e-01,7.702902042807534544e-01,9.695257384244372334e-01,9.775578748720473166e-02,6.085453184823912398e-01,1.086802393668186567e-01,5.253607973467733228e-01,6.469382942094421551e-01,8.216482006567041863e-01,9.683609293724741995e-01,4.589588564517156910e-01,5.385068788874617374e-01
8.924081046837742948e-01,4.689331755777832456e-01,9.882454862064333767e-01,9.916500943983613814e-01,8.339086095929476583e-01,0.000000000000000000e+00,7.803739663062061460e-01,6.674246167629452886e-01,8.238059938932494886e-01,7.039045068753948531e-01,9.835140649530296209e-01,9.575055045439807566e-01,8.866144651887061245e-01,7.275289781203958528e-01,4.904457648510760492e-01,9.078434432951453248e-01,8.816721851835112034e-01,7.098756929708722740e-01,8.602481054966550911e-01,9.044431049933698841e-01,6.160968404721656189e-01,7.574771009222552864e-01,7.787212543962938049e-01,9.096209525742512403e-01,7.688385851689434336e-01,6.181428761864831145e-01,8.956381310322296674e-01,1.761222474211738553e-01,3.196835606761403437e-01,7.255745324723061884e-01,5.976643643394174976e-02,5.837459830315117060e-01,7.690005292350673427e-01,4.624573382206925709e-01,6.876905168953124647e-01,7.294294281203819730e-02,7.427255105984879036e-01,7.087890179506340926e-01,7.765993380552783654e-01,7.548326473071219622e-01,4.953115275901566750e-01,5.468166777077425600e-01,9.976288402760302709e-01,8.548872404399192604e-01,8.703362435581707413e-01,7.038433755041815232e-01,4.885134798116508303e-01,4.384531044505211028e-01,6.787395248484846544e-01,6.639946205372443400e-01,5.320771982724807891e-01,8.870825860961522036e-01,8.995775362877669323e-01,4.914923408517458681e-01,9.941131073881367408e-01,1.976791387024984248e-01,8.925175795115618538e-01,8.674765019625640949e-01,7.192292993679324509e-01,4.839343653945571977e-01,7.966731053690256914e-01,3.706017038015102516e-01,7.923880475638604981e-01,7.940156221734884223e-01,9.751879935554826906e-01,7.245048206357872500e-01,7.837124441340408421e-01,7.254312616850557838e-01,7.793921339565943462e-01,7.452180779254375942e-01,7.528149191757651515e-01,7.845314814374047818e-02,4.699852425784532550e-01,5.021464391492537205e-01,5.572664328520586796e-01,9.508532740830354379e-01,6.896022250007478593e-01,7.985839707916780883e-01,2.405998598967485358e-01,7.700367356555107845e-01,9.269788046492035694e-01,7.181367761571632036e-01,6.364605879312162928e-01,4.062390823556092934e-01,4.916682644726463325e-01
9.984196183917253276e-01,3.049887250845708109e-01,6.558794360307229621e-01,7.812021035084468767e-01,6.187773447796711679e-01,7.803739663062061460e-01,0.000000000000000000e+00,4.713026728536056087e-01,6.146453187248946959e-01,7.965171975339317978e-01,5.439288361244034586e-01,2.715044500632748381e-01,6.532409043540480242e-01,5.092513311840365375e-01,2.675774386166481777e-01,7.463917163497575391e-01,6.524426058494509073e-01,4.321430359056438464e-01,7.058943706071427737e-01,1.646133745510932889e-01,9.446253008501697135e-01,4.561624749811351021e-01,4.757193291423472692e-01,7.208409028786672001e-01,7.345165800575412796e-01,5.787364835078555592e-01,5.460484446416800086e-01,6.370776682198386887e-01,5.366801492819101016e-01,4.875705544373276634e-01,5.120023312996097031e-01,7.042530117056446937e-01,4.315382167509028699e-01,5.544581628457194711e-01,4.386499351896575583e-01,6.870103701604831636e-01,2.878193611979273925e-03,6.350342180768345779e-01,8.484246693330146361e-01,4.044982491011581138e-01,4.902151127852378276e-01,5.872667232938479920e-01,7.471024611092420553e-01,7.166093825846427956e-01,8.005431600783238233e-01,7.895704139987396175e-01,5.401077546744166569e-02,2.570783540823609603e-01,6.559731538683527541e-01,3.889782937894767367e-01,9.822933491905616599e-01,6.442403971136593244e-01,4.531458186153698997e-01,7.263460605293114991e-01,9.293724963908472914e-01,4.877451730175747513e-01,7.591031775440908458e-01,-5.311235649067269637e-02,3.313013622271838710e-01,7.823202298196093585e-01,5.567585655477244044e-01,7.467558733591782572e-01,2.139953056392312480e-01,9.451369270558211966e-01,6.722609614852463888e-01,6.920886323663963946e-01,4.250330417813404926e-01,9.976257397576950847e-01,9.115650487075505071e-01,5.085249654491194038e-01,7.982962345264749127e-01,6.018319381254093603e-01,2.945060508778156172e-01,7.012100580287811136e-01,7.251710764582912638e-01,2.525902647501127030e-01,4.968621312166374704e-01,9.462048741198295643e-01,7.747327948780904361e-01,5.880509678933352191e-01,5.753876057223926699e-01,7.496150679654414173e-01,6.813438958706058424e-01,5.363242945720888555e-01,7.293028647054330404e-01
4.889786998694622411e-01,4.539871983233738084e-01,9.212544363020157556e-01,4.707061821004043800e-01,7.148706506145866557e-01,6.674246167629452886e-01,4.713026728536056087e-01,0.000000000000000000e+00,7.270954212648339521e-01,9.326914335444022042e-01,7.790823162983063765e-01,9.238532624414110828e-01,9.424415676138924169e-01,9.172551982658026792e-02,5.190559117528333877e-01,7.810730816518988151e-01,6.872804622979606926e-01,3.519324948617472693e-01,7.507611237106499580e-01,4.331092318970408139e-01,9.076321243272607031e-01,6.954847597620573696e-01,7.724870984386082995e-01,8.732328280363166328e-01,9.045791713571516013e-01,7.138977870919774871e-01,6.237379273141663294e-01,7.399847436444235704e-01,7.536250863679053724e-01,2.397406666748756465e-01,3.733315109306051816e-01,4.079888688822580489e-01,6.063369282852831832e-01,7.912885873265016468e-01,4.339521828634491651e-01,7.363951091014764305e-01,3.617038440671785926e-01,3.145607265650766649e-01,6.584868679786648471e-01,6.582063611802185799e-01,4.232046743912026843e-01,8.128842974745090766e-01,9.182998797391748180e-01,8.033698270384883600e-01,9.395289418518946167e-01,7.697228259130550754e-01,7.617059789002753600e-01,2.313620809702510162e-02,5.345729405172859883e-01,4.969488574134534042e-01,9.118683261229735271e-01,7.683096662830958268e-01,7.899743310806027763e-01,4.095998489552032384e-01,8.453635880002317027e-01,7.641583694954308115e-01,7.895144753352083544e-01,6.034510742433302211e-01,6.324868764509419261e-01,7.587700685411185031e-01,5.596961567895158973e-01,7.903893060404173498e-01,6.460058729668004540e-01,7.214741934934756351e-01,9.889534174785614695e-01,6.071031730635819690e-01,8.641115870468938365e-01,9.404605460210486712e-01,6.055971763321944534e-01,7.506432185590953265e-01,6.788534000558148485e-01,4.353153854786445676e-01,8.022303226947333776e-01,7.109612434386886060e-01,5.764534956598801330e-01,7.864739213729150524e-01,6.591681489298805152e-01,7.759030131320480139e-01,-6.713930604231174715e-02,4.771840246383960427e-01,2.902986152915122409e-01,9.749373365868712060e-01,7.328092311549601057e-01,3.285932251221376221e-01,6.565801551205652231e-01
7.446734931167207083e-01,1.018472035238762452e-01,9.489402125572474755e-01,9.444582016848136474e-01,4.692138839406662099e-01,8.238059938932494886e-01,6.146453187248946959e-01,7.270954212648339521e-01,0.000000000000000000e+00,4.287148519895537802e-01,4.236780789927339086e-01,4.457088308338295612e-01,9.489542316659855814e-01,9.725584260199036102e-01,7.450007407809173809e-01,3.020381460539288687e-01,7.833039511795720777e-01,6.606102849324348991e-01,4.851664939276378874e-01,7.406831863368378288e-01,6.971853175857145590e-01,6.925745215649927733e-01,8.864847504106900811e-01,8.420350248102630442e-01,5.324090622652009053e-01,7.832407450915261915e-01,9.927206980924918600e-01,4.856205527632710406e-01,3.812141833098372512e-01,6.756614953964101833e-01,3.263685569664754871e-01,3.942435645708997072e-01,7.519923296542297964e-01,3.491998299691543295e-01,8.193088050089308849e-01,6.224209840293747353e-01,3.511801981919329130e-01,7.887546255941639828e-01,7.149931478799779194e-01,5.657980821427641693e-01,2.170936334076556673e-01,7.039263369477420929e-01,6.364408540866298702e-01,8.352025767976549719e-01,6.993303210758351485e-01,5.426578203663030564e-01,9.165634597858637322e-01,6.564615089048017049e-01,9.622490158734404719e-01,4.707879527068896119e-01,8.045058457614998604e-01,5.765763435841706475e-01,7.997047810646300547e-01,5.545326909185078756e-01,7.568573427209162041e-01,9.712249124502893016e-01,2.089113262828444506e-01,8.297684708665507003e-01,8.864591218579267462e-01,4.124697288959485730e-01,3.643221253975957863e-01,5.799693299922856760e-01,8.205618471333264718e-01,7.657526330356612121e-01,7.135911000561662165e-01,4.808737366651006373e-01,7.688713506203960213e-01,6.141407941097145606e-01,9.854494669950358832e-01,7.229429886033704733e-01,8.598983992263574683e-01,8.798665218703514146e-01,7.663456349139248225e-01,4.136337644388418666e-01,1.092337967779781829e-02,4.316523021435748064e-01,9.142756459722860551e-01,5.453179753011994091e-01,5.457062943700284885e-01,1.671600799734477560e-01,8.685228406360128162e-01,6.548575375705805168e-01,8.987541857304449655e-01,6.809812143299237563e-01,3.975309741428689203e-01
6.211319453286173742e-01,7.150697866580196793e-01,9.028888205042769899e-01,5.974605714185555749e-01,9.428788530360772135e-01,7.039045068753948531e-01,7.965171975339317978e-01,9.326914335444022042e-01,4.287148519895537802e-01,0.000000000000000000e+00,4.608394953436444341e-01,5.506792819892318835e-01,9.676781218257131112e-01,-3.500908837466354395e-02,6.869145638028297807e-01,7.798996662809323244e-01,6.556226104844931069e-01,5.127721985337412303e-01,6.758076576290873438e-01,9.745401464021896665e-01,7.873591621444193667e-01,2.975219143811942413e-01,8.536624766142772991e-01,8.942197869643692121e-01,5.085204907060710822e-01,5.254430380639212306e-01,4.863502500167204978e-01,4.682179443845596589e-01,-5.119069382544017000e-02,6.211718003154671486e-01,5.347879565784487976e-01,7.667843149688728932e-01,6.893171434616329751e-01,2.560111133756047819e-01,6.840390551697506094e-02,7.114418290691103541e-01,2.738476010849970610e-01,3.277368264251217522e-01,9.173089432080863137e-01,7.334259310773368901e-01,1.421588528272694878e-02,3.558507912690865860e-01,8.701414934185696115e-01,5.450919501026897374e-01,9.865994321625340957e-01,8.882054410588670068e-01,3.481167827068317733e-01,7.723838028965361868e-01,5.024191532821775663e-01,9.143209200911843748e-01,2.013506173157029733e-01,6.639245926247019369e-01,8.878112149339107972e-01,-3.316603425097265356e-01,9.449461412276213279e-01,7.320273100640919406e-01,6.265101109730508711e-01,9.542288400798318859e-01,9.599494448483290032e-01,4.070949098874573902e-01,6.935055738040405426e-01,9.365566248271441907e-01,9.038823729633627124e-01,7.651077503788591416e-01,9.584276368431712267e-01,9.267611630722628613e-01,6.792042963438366110e-01,6.961097217310260321e-01,8.509362327727952591e-02,6.494822606285636235e-01,7.194872523179798307e-01,8.895227225675984561e-01,3.788562452593581265e-01,3.412691052094392052e-01,8.825558437358984598e-01,6.929514680466087873e-01,7.914411256073822232e-01,2.632815296491082258e-01,7.133991897883608102e-01,2.630451931992533465e-01,9.473730398448905188e-01,9.873593932344428836e-01,4.029954433425178562e-01,7.818664550155492998e-01,4.486872032686341494e-01
6.480421126349658056e-01,9.526841455600592035e-01,8.438976467274625914e-01,7.476056273880791192e-01,9.417756237742196390e-01,9.835140649530296209e-01,5.439288361244034586e-01,7.790823162983063765e-01,4.236780789927339086e-01,4.608394953436444341e-01,0.000000000000000000e+00,6.801768511690934327e-01,9.508586142964094989e-01,6.816241773886643207e-01,8.099299202633764017e-01,4.180229422817175466e-01,9.467594294131135291e-01,3.366374760049094528e-01,7.700993962404347748e-01,6.854426794705604786e-01,6.753318783739145070e-01,-1.128324913026175214e-01,9.765858098382657060e-01,9.192268633430523694e-01,6.247486855821069440e-01,2.419076200594314219e-01,8.591961723640366699e-01,8.596283156197798148e-01,-4.372941163664423314e-02,7.945936288920953938e-01,5.114166763967799012e-01,5.279631215175106806e-01,9.794030424841623228e-01,7.405742586324454146e-01,7.044358471800536980e-01,3.230046240136438818e-01,6.299373352712788199e-01,6.080134083377809473e-01,5.884224005293177129e-01,7.485316335550399325e-01,1.974784251279949054e-01,6.854941552421909279e-01,8.461497633868213519e-01,9.049067126529666272e-01,5.647901194176054851e-01,6.760608207221605603e-01,6.758038464277175139e-01,8.949716750997451786e-01,8.006349816415674336e-01,5.000945805196167493e-01,4.029202503352912745e-01,8.115382057147817463e-01,8.306509763083911313e-01,5.356277686988966114e-01,8.773688119135325536e-01,8.622524514701990217e-01,9.423697002742282836e-01,4.283000036257359477e-01,7.802830762184994606e-01,7.915670665740166534e-01,4.977333393720776988e-01,5.785437337914823841e-01,5.535389934077150631e-01,7.861314333724782610e-01,6.781361555795839546e-01,9.509345992861300001e-01,6.950928266551220647e-01,9.223267184310447453e-01,4.534567567438660407e-01,7.307524008403443183e-01,6.007617301340767435e-01,8.499848602225718031e-01,7.816209183495709256e-01,3.670280700503966154e-01,7.086993616809997842e-01,6.764403656075118620e-01,3.553403482786591239e-01,2.005381383973045273e-01,4.674744573918198087e-01,-1.312024092740710079e-01,4.742588954225235853e-01,9.163662596109021230e-01,8.175864009797866316e-01,7.184902945615573300e-01,8.494985512725687915e-01
9.934502276426121492e-01,7.880103772426754194e-01,7.185883858939552393e-01,8.338258707912006296e-01,4.385857269219501919e-01,9.575055045439807566e-01,2.715044500632748381e-01,9.238532624414110828e-01,4.457088308338295612e-01,5.506792819892318835e-01,6.801768511690934327e-01,0.000000000000000000e+00,6.936411098043201440e-01,3.572993611225205313e-01,6.726460972288053064e-01,7.615267345334701954e-01,9.157826059561698928e-01,9.904474861932782703e-01,7.745267770754313830e-01,5.916645476791617675e-01,9.498011105907914198e-01,5.376660163016351301e-01,8.161615177476428951e-01,9.701630905216671596e-01,7.692051313099665943e-01,6.836460383218118109e-01,8.378656482890005641e-01,8.867513312589943020e-01,4.071728845659917106e-01,4.449305749195283100e-01,4.718795420338781077e-01,7.105099518298710892e-01,6.637406735321284001e-01,7.629539565048133465e-01,4.079161874372131957e-01,2.453908362833318313e-01,3.933707481752294344e-01,7.881225675607439474e-01,9.994824306899834365e-01,9.663628396834815781e-01,3.780882779014571593e-01,6.252271610557545989e-01,9.481053465119592127e-01,6.628427087056965039e-01,8.180132141816826019e-01,6.946343557507317357e-01,2.109098298137656036e-01,8.685653234264696376e-01,-1.682738908483681350e-01,9.288926091713048949e-01,7.804684810876372225e-01,8.196144971558653181e-01,6.482137946470483136e-01,6.937797961264894342e-01,1.105014066735209577e-01,6.627299330211700035e-01,-1.810000637208586394e-01,5.520697278665435137e-01,9.094816555489665388e-01,8.237979116172861049e-01,5.523152580317702842e-01,7.218497376021939527e-01,3.379530605030895418e-01,8.379742378112855494e-01,2.468874211678476205e-01,5.464639131472792677e-01,9.011027250546252976e-01,6.291100564609247714e-01,6.337992568618420197e-01,7.840471870465798299e-01,7.717341615186638082e-01,6.353622377420820033e-01,5.040738012200318696e-01,3.725421006300023152e-01,7.130271683545351680e-01,2.139647650644133092e-01,9.459521484255579704e-01,2.129995154228069010e-01,7.904802489800981657e-01,1.178930288904906920e-01,6.898946091841196004e-01,9.845616801150111064e-01,9.417216445001144187e-01,7.825607350934490336e-01,8.966355484031877099e-01
6.427937208108024381e-01,7.623449951927742108e-01,7.731031483287478245e-01,4.748152071035702942e-02,9.077543671484882282e-01,8.866144651887061245e-01,6.532409043540480242e-01,9.424415676138924169e-01,9.489542316659855814e-01,9.676781218257131112e-01,9.508586142964094989e-01,6.936411098043201440e-01,0.000000000000000000e+00,5.114156682452721814e-01,9.990799650538622068e-01,7.434290972142780785e-01,8.905438744565892240e-01,8.091581580218035752e-01,6.403306151594370110e-01,9.536060188227848400e-01,8.959587591258045824e-01,7.914250685829828935e-01,4.946128299264155870e-01,9.155379059446122625e-01,1.688692498660035457e-01,7.192867129636705270e-01,3.617479748705381137e-01,5.976140191164036608e-01,4.566052173534491665e-01,4.073327938863317565e-01,6.001759455113485631e-01,3.550873518326090883e-01,5.977418535860932192e-01,8.875769326636172574e-01,8.704860293155627371e-01,2.357184252348432096e-04,3.210817065239356394e-01,9.003367865876286125e-01,4.669042722720745942e-01,7.675258533243127790e-01,6.625061394741864618e-01,7.644246446367199965e-01,9.898418947977061233e-01,9.783979193074859859e-01,9.368865234793438690e-01,8.150391569283854665e-01,8.253323570863470016e-01,9.695925191425929235e-01,2.303349774628079549e-01,2.337372085364147201e-01,6.112401588624913895e-01,9.555254648325320899e-01,8.645729047774883824e-01,5.862473274402713042e-01,7.109152872762701803e-01,6.644203040537954852e-01,9.049410206460903883e-01,9.881405812622557905e-01,5.205386213566627340e-01,4.128173234458584751e-01,4.403438997775966923e-01,6.740922850385280274e-01,8.352023590961675792e-01,8.872722642991855979e-01,6.398098544951131839e-01,9.181979888291769143e-01,4.289796417187120570e-01,9.599437358060654013e-01,2.322083456897031661e-01,9.571954200301860949e-01,9.186374237479568716e-01,7.043003730520663863e-01,5.306455467685540217e-01,8.321313971319126424e-01,5.757097351250403117e-01,2.756279345704508166e-01,4.583585193219445464e-01,6.191747835041515602e-01,4.591956754457122702e-01,3.459452079735304553e-01,4.427083442645172728e-01,8.094123147944077834e-01,8.263333755273534198e-01,2.487523660255735458e-01,7.123740025825705535e-01
9.354668520584109581e-01,5.821679376376829307e-01,9.623482960896887484e-01,8.768397737921896917e-01,8.882194379350324409e-01,7.275289781203958528e-01,5.092513311840365375e-01,9.172551982658026792e-02,9.725584260199036102e-01,-3.500908837466354395e-02,6.816241773886643207e-01,3.572993611225205313e-01,5.114156682452721814e-01,0.000000000000000000e+00,6.317390766215845721e-01,8.168468009491711701e-01,9.739576426566484146e-01,6.132547843887071748e-01,3.795155777096783645e-01,1.690450833745363590e-01,8.848123499401846503e-01,6.481257971585828725e-01,5.676052698610586367e-01,8.706301909056128885e-01,7.136351093208609386e-01,9.369729083519794388e-01,6.109179229571266578e-01,2.746958880041099338e-01,7.032744588081797366e-01,6.600466455174215374e-01,2.462953866467136321e-01,5.364472370708436300e-01,4.618517803210406836e-01,7.354154605386655774e-01,8.124688166529588917e-01,1.525564453053150915e-01,4.792792985717628795e-01,6.644630193836553733e-01,9.920033270697401484e-01,7.617488273886668937e-01,6.553643200913357170e-01,7.906824469345122841e-01,6.084408793460406306e-01,9.037801755014382987e-01,5.204557565010583531e-01,3.641589872269041517e-01,4.401345647247335013e-01,4.954585712242264295e-01,7.188205554483620974e-01,3.760315198144216220e-01,5.949924521986561521e-01,2.882871811436317211e-01,6.555570544125983723e-01,5.703923283779972486e-01,7.868509413001261166e-01,7.281223435810095790e-01,7.326226869836787170e-01,6.839077451562421972e-01,8.619637362592661445e-01,6.746619670874433039e-01,3.033873638465894307e-01,4.256703133204808309e-01,8.483231780785401854e-01,4.445395580394418955e-01,8.426033070110785506e-01,9.231722377872483287e-01,6.506188973915485452e-01,9.479112322007795521e-01,8.287415866350201013e-03,8.463651642500643613e-01,8.323515811243703544e-01,9.860435130026035111e-01,4.979672648785895550e-01,-3.690846661972482790e-02,4.473301356482018987e-01,9.384559424927887417e-01,7.546563939571295787e-01,6.739477693765075772e-01,7.266953657670780498e-01,7.303727573619514524e-02,6.081084136266652340e-01,3.485591580800295741e-01,4.453599760613836667e-01,4.675116544271379349e-01,9.767013744998507274e-01
9.327695540991155498e-01,6.491158289106929713e-01,9.527960506710491106e-01,6.003956604091136295e-01,8.407144394533767606e-01,4.904457648510760492e-01,2.675774386166481777e-01,5.190559117528333877e-01,7.450007407809173809e-01,6.869145638028297807e-01,8.099299202633764017e-01,6.726460972288053064e-01,9.990799650538622068e-01,6.317390766215845721e-01,0.000000000000000000e+00,1.893260831951795453e-01,3.675287220573580926e-01,9.279733430552329354e-01,2.708810172692396878e-01,9.491766770012791676e-01,8.475040558350622755e-01,6.119092819532808702e-01,7.031281485012659260e-01,7.969391982950063680e-01,4.757337632096475533e-01,4.748774448105361756e-01,9.548278361704951589e-01,4.175207812554594944e-01,2.714202670422284358e-01,6.678328598736696375e-02,3.997753732398213744e-01,7.214383349626032338e-01,9.470210668151104461e-01,8.825285901138620881e-01,6.191373897578361651e-01,5.016374541265222753e-01,6.557899094273886842e-01,5.289807708572351608e-01,7.717726795485867486e-01,6.988224812660784879e-01,7.301274954842922327e-01,7.021226875220099028e-01,7.082385674950549825e-01,9.847439097570988009e-01,7.033172222482216851e-01,7.586761240204272783e-01,7.278585217753850145e-01,7.825523937890246362e-01,6.493006935969447557e-01,4.947027751707529508e-01,6.048582603502531407e-01,4.804630839782561003e-01,8.930677499129309194e-01,9.609814814929902305e-01,5.413452951016384240e-01,2.571633858362000757e-01,6.694114036665154144e-01,3.184666085756345799e-01,6.408225583409284942e-01,5.375005300743819214e-01,7.376623348089822452e-01,7.437920779453239817e-01,6.636492560002412722e-01,9.890221140115685872e-01,9.092374871417510107e-01,6.232372798589259633e-01,9.244258513902079422e-01,8.853147548496509422e-01,8.409862659820745989e-01,9.303089085932692015e-01,9.041016393718876998e-01,5.175908133189048854e-01,6.012298976196722711e-01,7.035432244516029998e-01,6.597527236229321357e-01,6.149743234378222262e-02,8.214294483876787289e-01,5.321494657938968809e-01,7.426385783619214864e-01,5.911610934489073266e-01,5.345567089761975588e-01,9.696073925079691236e-01,7.456089315233442871e-01,4.502488687808580137e-01,6.085983285898582951e-01
8.046350362753047492e-01,8.568761427362439065e-01,7.505383327630926749e-01,8.992090545095755560e-01,8.074055468288924287e-01,9.078434432951453248e-01,7.463917163497575391e-01,7.810730816518988151e-01,3.020381460539288687e-01,7.798996662809323244e-01,4.180229422817175466e-01,7.615267345334701954e-01,7.434290972142780785e-01,8.168468009491711701e-01,1.893260831951795453e-01,0.000000000000000000e+00,8.242859425851389865e-01,2.587666372817838401e-01,9.020645545672878463e-01,5.649307294428412840e-01,8.653243795716480946e-01,9.079581304934798425e-01,9.977137936995243983e-01,4.334118485938560639e-01,3.721608922891972426e-03,8.076741861906259201e-01,6.135692749779370070e-01,9.387540111752226135e-01,2.313557932874937828e-01,5.455837994522523271e-01,4.131307171980920512e-02,8.858564390055563287e-01,1.480056846548252480e-01,2.954101695695918739e-01,6.186243426103306131e-01,4.906864311058878325e-01,5.703097251037282378e-01,8.645414919110878671e-01,5.114900279666113603e-01,8.303340909553214022e-01,2.724127371625453820e-01,5.030497162551006429e-01,8.373538288881998692e-01,7.946454417064544584e-01,9.360058373526514153e-01,7.333300210258384411e-01,8.583923577009431316e-01,6.877133314875668590e-01,6.940671676630507658e-01,4.267318682728884482e-01,8.519540615899785507e-01,5.273264308644899367e-01,4.967994502891546343e-02,7.803819320163167816e-01,8.571411015114379639e-01,8.857156521153983775e-01,8.021162000795386549e-01,9.126222755910735618e-01,6.440687617677464116e-01,5.006644847618638705e-01,6.257456975732907933e-01,8.304554947626910932e-01,6.061163783756056134e-01,9.793251952322684639e-01,7.757342684029300273e-01,6.099097144478013988e-01,7.145062458987726517e-01,8.744221513169558868e-01,4.202527479478428418e-01,9.322666355091865364e-01,8.602881052255779704e-01,1.575326001388204500e-01,5.931816918689686302e-01,9.312241860624677070e-01,7.441437084455473361e-01,6.635819376094977962e-01,6.189620895725611582e-01,2.848620735803230053e-01,6.013447760298595846e-01,2.752810721123716831e-01,9.908187894040085819e-01,5.223978731878152759e-01,7.219813891116140248e-01,2.464797025629779093e-01,7.168777216407573594e-01
9.890756444084465304e-01,3.436537259086749202e-02,6.769570588059599103e-01,8.553562805279462111e-01,7.575353714089212431e-01,8.816721851835112034e-01,6.524426058494509073e-01,6.872804622979606926e-01,7.833039511795720777e-01,6.556226104844931069e-01,9.467594294131135291e-01,9.157826059561698928e-01,8.905438744565892240e-01,9.739576426566484146e-01,3.675287220573580926e-01,8.242859425851389865e-01,0.000000000000000000e+00,8.649651669498468198e-01,9.415200057150048263e-01,9.469036270556212553e-01,8.644781175132211226e-01,5.334195667537160457e-01,8.723246956847502398e-01,9.495050457668543498e-01,6.988245174612037758e-01,9.682883782788309635e-01,6.868165236267873563e-01,6.395518788989472680e-01,2.945074380001755920e-01,2.693936499637266668e-01,4.312790582920708049e-01,8.033270251088683311e-01,9.495329486001732322e-01,8.868690567579901041e-01,9.017472031002893296e-01,7.576619049640869186e-01,3.277142696151768564e-01,6.069279865656501682e-01,9.431465226594371032e-01,8.910678094978137231e-01,2.222575530713516434e-01,9.519206998047369250e-01,7.535483113410702538e-01,9.094182756558989444e-01,4.448375460985651286e-01,6.063509952265817571e-01,7.825658192495674736e-01,5.930771276467863284e-01,9.227495895926746128e-01,7.230335678254926624e-01,7.036045276926288228e-01,2.394948300958763820e-01,9.508135181680530401e-01,8.527505136838575694e-01,6.373695271288806197e-01,8.014913317606350285e-01,7.495928254018875414e-01,9.132935985274027724e-01,6.313854646797367742e-01,-3.613256236069131710e-02,5.013468979530746328e-01,6.699065319438470834e-01,8.650161974497003747e-01,9.027558238151971448e-01,7.574073943623633731e-01,8.355933506523653964e-01,7.230862838239940915e-01,5.349735059939447757e-01,5.482220951948756360e-01,6.076516747646670824e-01,7.084395862967280966e-01,8.698199795293289904e-01,7.737318550468279543e-01,6.856004738979551982e-01,8.947576950259409356e-01,9.459425285506505299e-01,6.699264326699813088e-01,6.319340413293644820e-01,-3.552307939378368529e-02,1.087282411944826416e-01,7.057884346671410292e-01,6.505875087102902521e-01,6.527665428274660453e-01,5.458920760098103786e-01,5.499168876826106001e-01
4.449593576496310154e-01,3.965240685936687326e-01,8.800941731879838859e-01,7.088285175942808936e-01,6.072221023516141125e-01,7.098756929708722740e-01,4.321430359056438464e-01,3.519324948617472693e-01,6.606102849324348991e-01,5.127721985337412303e-01,3.366374760049094528e-01,9.904474861932782703e-01,8.091581580218035752e-01,6.132547843887071748e-01,9.279733430552329354e-01,2.587666372817838401e-01,8.649651669498468198e-01,0.000000000000000000e+00,2.863356391506995391e-01,6.744955886660388700e-01,7.258758821744620837e-01,9.499347899061399980e-01,8.914782327821891839e-01,9.494740930365627163e-01,6.152907690228921478e-01,5.617208760626742903e-01,7.032908139453434293e-01,4.855320248792006077e-01,2.405463240909985756e-01,4.902357027625091623e-01,1.242201738000288658e-01,7.902178903378132002e-01,7.290003640882338765e-01,7.072609193931280736e-01,4.363438919889653933e-01,3.896172433550785241e-01,5.474614062626769195e-01,3.870290190671398234e-01,9.148969227217051969e-01,7.125005265859934989e-01,6.717891699497566815e-01,6.530901320528678111e-01,8.561709104103321089e-01,6.658362052335884407e-01,8.250934477130754674e-01,7.609014043684947382e-01,7.859447021691834401e-01,8.324191689688763551e-01,6.675895435221289587e-01,5.684337065056747074e-01,5.762335920255381438e-01,6.923739264186111741e-01,9.491362755316938848e-01,6.158599579950500003e-01,7.468366942397605124e-01,9.206555129729036002e-01,7.800981254037426815e-01,1.004160057945997359e-01,8.082604850948640340e-01,3.098582620973281410e-01,5.125649528033159319e-01,9.406041195196757077e-01,7.453156986254756422e-01,7.784054486346831947e-01,9.572091061413018354e-01,8.385784354171320620e-01,7.925068792338560986e-01,4.150531777551757506e-01,4.716532706645685802e-01,4.113936566407442874e-01,9.902645927311024554e-01,7.350089518012818957e-01,2.259438094158025545e-01,5.434854381710212401e-01,5.520185503743227917e-01,8.868496373749938932e-01,8.281526985855396372e-01,9.006266783704358625e-01,4.336349959932107034e-01,5.014875907057606552e-01,6.395157015838436321e-01,6.264744878489829638e-01,8.565462248255713007e-01,4.678592628358964611e-01,6.554199404231731974e-01
