0.000000000000000000e+00,8.890362191141482073e-01,6.483970462233108467e-01,9.890350728522856461e-01,8.805130106699166070e-01,6.381757769474247777e-01,7.188191361905863497e-01,9.821531658043615165e-01,8.724382811717309449e-01,8.425208613802247504e-01,6.552748456535694155e-01,6.616682716849097146e-01,6.771998555344379556e-01,8.221125067070692571e-01,8.249433747427354913e-01,9.962655252486650737e-01,7.353147145969058940e-01,9.839780426911122202e-01,2.397565195623284073e-01,9.478275450262909629e-01,9.802654039204491410e-01,8.280242664597465829e-01,6.920663649222427161e-01,4.035305236911209681e-01,6.651271483753937730e-01,6.064699461219458243e-01,6.408574793941693715e-01,7.816314620061446394e-01,4.848064341878843275e-01,5.348974751227929536e-01,7.703841644342280803e-01,5.045200711206472288e-01,7.079863123620782073e-01,7.124458343418380579e-01,6.070583470208811283e-01,2.852691599205674500e-01,5.772068546204666140e-01,4.048631113080012889e-01,8.139348310163063704e-01,6.976045986858591119e-01,3.335735283512094584e-01,8.957534713871329046e-01,6.912467060738645142e-01,7.608112261810340282e-01,6.664939686000369568e-01,8.956926109790956936e-01,1.521296788298528713e-01,9.262437656739038738e-01,6.067355281822937041e-01,8.487371012624241873e-01,9.538748997935855289e-01,7.049073310330602471e-01,8.369058410703644757e-01,6.375045453494010417e-01,9.302534123434735847e-01,6.172762240789416710e-01,7.590942349240400455e-01,9.239028685375799688e-01,6.981596633440140254e-01,4.533013448765770281e-01,4.384143537777339672e-01,9.559016831573029505e-01,6.408170823856658149e-01,6.952899783416098822e-01,9.730290084603954170e-01,4.482686267200811647e-01,9.050932205839137268e-01,9.404195148815374106e-01,3.658988032972308457e-01,6.056813992512944944e-01,8.689277123164302896e-01,8.575805262802934648e-01,7.111080573551581407e-01,5.881124159745126923e-01,7.405233806834115029e-01,9.761434030288400621e-01,7.982018783424777997e-01,7.654729848384197455e-01,3.461795421063424971e-01,3.695119810907839808e-01,8.600939111806050752e-01,9.964687491057244717e-01,8.403797683729873347e-01,5.662115550306866529e-01,8.057764753036786853e-01
8.890362191141482073e-01,0.000000000000000000e+00,5.201822624058670685e-01,9.897631647278158917e-01,7.856732312952668940e-01,6.201934865356752979e-01,1.255917405052553448e-01,4.484739383240347599e-01,3.578147886369103525e-01,9.913939478264908178e-01,4.792705645264618841e-01,5.816709184485189255e-01,5.669085491166866442e-01,8.266342640140575959e-01,7.802464766301598909e-01,5.714759229210299996e-01,7.626894744882377619e-01,6.483463290054515271e-01,6.959740656665146519e-01,9.243993248115560668e-01,9.502576977975990546e-01,5.877146396033386955e-01,8.551413813606291159e-01,7.802151964388881478e-01,6.576661850142404564e-01,4.897978126422926071e-01,4.866674673946480012e-01,9.126276766103679217e-01,3.872034356555217327e-01,5.775111199915817783e-01,3.685731107038382470e-01,6.047133784668361489e-01,9.191681946391250246e-01,8.411152172980156383e-01,6.051949865810073437e-01,5.938187734491525704e-01,3.035791869872079829e-01,8.873036731876866590e-01,8.957661233536711176e-01,7.250303207270210049e-01,4.341889109008720826e-01,8.272205834148547154e-01,6.516408146054201156e-01,8.488343408890365316e-01,9.545859189100903697e-01,8.611772919207881793e-01,4.695676372387531106e-01,3.180754368883735861e-01,3.083968635248493517e-01,4.422147395584903329e-01,6.866719507161653802e-01,9.437352605543364303e-01,4.888911888331542305e-02,2.434520258121482539e-01,4.365844979675477799e-01,7.062937249899469139e-01,6.984428044134445290e-01,9.037201439847114548e-01,5.342779595719646668e-01,4.381372768621075720e-01,4.645138704157803500e-01,8.322902042686404211e-01,3.176794840963617639e-01,8.359202569620418632e-01,7.901316674753963154e-01,4.970318408439976521e-01,9.589836724641639387e-01,7.904652463816222996e-01,2.255199184412610136e-01,9.101400525896005123e-01,7.430207750714292736e-01,9.055985823567099802e-01,7.581578437666767201e-01,-1.707566656397766780e-01,4.894050966987609774e-01,9.434897098634152934e-01,2.860878885336111677e-01,4.281774763143600393e-02,1.606597374678724321e-01,7.601891432750689237e-01,7.946561013189954448e-01,9.128566572068833596e-01,9.339982736682741482e-01,6.581293809200656764e-01,8.458223738941839098e-01
6.483970462233108467e-01,5.201822624058670685e-01,0.000000000000000000e+00,8.914918499484421055e-01,7.451873911054082145e-01,4.648582690862468336e-01,8.984989161935693636e-01,6.038294354718992674e-01,9.162155375232496901e-01,8.423862409607200119e-01,9.776324110503613607e-01,9.006149321809178154e-01,1.342020087167257736e-01,7.495652086898277888e-01,9.379692032849299421e-01,9.283420122851248069e-01,2.803228139705477018e-01,8.023513509183214376e-01,5.734998343783445085e-01,9.644630159233824607e-01,9.564588131546429839e-01,2.490296175511262367e-01,4.015703620632657400e-01,9.719649356693902398e-01,4.109064116625594787e-01,9.363538310395312925e-01,8.619769700853132655e-01,9.307489354131455173e-01,3.655113184730395259e-01,5.596067864876660414e-01,6.960124892756789361e-01,6.353218252621357642e-01,8.846652607416152225e-01,8.260238025131116935e-01,8.840829833214631783e-01,4.166516433389800822e-01,6.165140781471623033e-01,9.198958130446388548e-01,7.533532386259219615e-01,8.580384330288117756e-01,9.603746313987147065e-01,4.708410491107823947e-01,9.920724158156548622e-01,5.791185909357048356e-01,9.274933152552067295e-01,9.767964780420331783e-01,9.124453978454393210e-01,9.640515545026513422e-01,7.168995006962161076e-01,5.782956471569248302e-01,5.110623989579022863e-01,1.640264521391055219e-01,4.607144746926342127e-02,8.072669856037018032e-01,6.844026352873922026e-01,9.010856422414849076e-01,9.159948980897985038e-01,8.036133547992879711e-01,6.411853092544907984e-01,5.324115492460347321e-01,3.105927163835033311e-01,6.801922151917638715e-01,9.058663839335631129e-01,6.903694982354536824e-01,7.005648214689107478e-01,9.416737679288599283e-01,9.029618120315898722e-01,3.379164511063092458e-01,8.848124983369177743e-01,5.841464809966061544e-01,8.799949927351778944e-01,8.704455933984878158e-01,5.551298585192663282e-01,5.705360574522639894e-01,8.234016095218650300e-01,7.828793424811532065e-01,7.094253694929747445e-01,9.424987671916776888e-01,2.015210064589025296e-01,6.687934086223601415e-01,9.780408632490980025e-01,8.381025339651486661e-01,9.693496400584563633e-01,8.742113523916584805e-01,7.372042920241844710e-01
9.890350728522856461e-01,9.897631647278158917e-01,8.914918499484421055e-01,0.000000000000000000e+00,2.388375192873830599e-01,6.478882885439976036e-01,3.736002397103582728e-01,7.179744720826439774e-01,6.095765041756004976e-01,9.037705369279599443e-01,2.096976199709374433e-01,8.984079807981300014e-01,9.690402396697030962e-01,4.186833711397064950e-01,7.594806460619578647e-01,9.982925145446325255e-01,7.952771921765623420e-01,8.846883714842246338e-01,4.245256707244362548e-01,7.732387110426990340e-01,9.910615390679675674e-01,3.270583818696167766e-01,5.080090646857835512e-01,6.641583105000099518e-01,6.799208133593076520e-01,8.147733433891839461e-01,4.921171103550709414e-01,2.595666712644381091e-01,9.969556911475778715e-01,4.667437576826841683e-01,4.513886692913335330e-01,3.963609743607804936e-01,6.716090704414088286e-01,7.906740190517391742e-01,6.903735786962360566e-01,7.247924392785765058e-01,5.084070685770609721e-01,7.350423387042139822e-01,8.815905045013504582e-01,4.146775330224536926e-01,6.046379446183048900e-01,8.658096130349876018e-01,9.428326228438421719e-01,8.688024630953545824e-01,6.892541541016488083e-01,8.842248216031015629e-01,2.434958509921781311e-01,6.174770968631586587e-01,4.868883097085099920e-01,8.722830479094575429e-01,6.226307369713121043e-01,9.133528291961410250e-01,8.756745944631960654e-01,6.967456100586353340e-01,4.228786472841379318e-01,7.724281283948821741e-01,8.402199390012605740e-01,8.543140119343440864e-01,7.973070334704227546e-01,6.330490860368418460e-01,9.119442392912037176e-01,4.600108007273043254e-01,9.489536566686496144e-01,8.242238878789254208e-01,9.980467283284448765e-01,6.883399553192803833e-01,5.737474426546367301e-01,9.269599033285260692e-01,5.381661994881478117e-01,9.557959566181675193e-01,6.206209852325078602e-01,3.872678215654112299e-01,6.876243394916722318e-01,-1.359799900745461976e-02,2.414081087045703566e-01,7.405812992554421381e-01,9.741375292642255879e-01,8.388119298525165135e-01,3.322214918729383681e-01,7.076261183405704314e-01,2.059414600592792965e-01,9.811693563457317691e-01,8.531142525154847833e-01,7.469924048652508697e-01,6.111754565559074370e-01
8.805130106699166070e-01,7.856732312952668940e-01,7.451873911054082145e-01,2.388375192873830599e-01,0.000000000000000000e+00,9.510507668226102496e-01,4.400527160908151991e-01,3.173716878603924929e-01,5.893421417913262683e-01,7.286554377963031515e-01,9.714430569578147434e-01,6.604395151265862740e-01,7.861398787103586194e-01,6.527775944154186050e-01,6.951065582299857937e-01,9.324982582053099600e-01,7.873788078633645604e-01,3.160579426394054953e-02,9.032923360678505320e-01,8.879009271393000224e-01,9.198845149523479092e-01,5.871309121199647096e-01,9.857173484160050014e-01,8.392642812661260665e-01,9.956762765936333359e-01,6.561239411836912172e-01,8.658455815552598134e-01,9.456819103503262269e-01,5.629189926916187137e-01,5.167712284776945220e-01,5.797465582348839686e-01,6.315497031401606787e-01,7.262635271482256183e-01,5.595848863228310988e-01,2.785917547835609631e-01,6.693517644221271823e-01,3.873794965645531718e-01,5.075267256828726037e-01,9.217609713317503894e-01,9.723888219678038514e-01,3.969712433704808419e-01,9.802535392838724881e-01,8.264135924928985855e-01,4.494043541441546941e-01,7.392848909000541147e-01,8.340227802025952375e-01,4.533005627938324067e-01,7.572989480842299281e-01,7.258872579201414155e-01,6.948891796401118759e-01,3.102058254064071208e-01,6.862766701308553596e-01,9.642270460954840416e-01,7.179071080681684869e-01,9.844523294140362646e-01,8.346097464046325909e-01,7.360191059385092771e-01,5.326215563875905668e-01,9.080663625601532729e-01,3.310573298138221876e-01,7.793464292978758978e-01,4.994083512677053305e-01,9.656278267673957805e-01,9.539201068267886274e-01,5.678675884806612395e-02,8.434172073585912699e-01,9.658090993647981959e-01,7.304441421421755676e-01,5.641237709819618695e-01,9.816473958366814800e-01,6.084314034941477045e-01,5.826500554329425707e-01,6.124725479161750030e-01,2.576078243173730575e-01,9.985631481566916712e-01,7.957000434131329403e-01,8.050937939783684438e-01,4.784210718910236748e-01,2.774815502117132793e-01,5.100772676919652637e-01,5.203658499813277327e-01,6.714365668704374013e-01,9.136053627702335200e-01,5.702064793409206134e-01,3.302506348826305116e-01
6.381757769474247777e-01,6.201934865356752979e-01,4.648582690862468336e-01,6.478882885439976036e-01,9.510507668226102496e-01,0.000000000000000000e+00,5.930245449367077537e-02,6.829607871851922640e-01,7.669027256556966154e-01,8.429797067302393643e-01,6.666950995183652529e-01,6.369723359981215305e-01,6.195793857760398815e-01,6.609232470980611618e-01,1.787887194822279924e-01,6.847827214091836145e-01,6.537593647699688759e-01,3.180401078518335731e-03,6.523647677125007371e-01,9.914455504693739929e-01,9.373925049481603988e-01,3.960827560530236768e-01,6.753098607753602600e-01,7.698747109469774585e-01,7.665147840438230054e-01,7.489894139577584209e-01,5.702898867222949697e-01,9.333305455023166441e-01,2.791299937926683961e-01,4.949476169981077422e-01,2.375768768087608840e-01,6.929697936594888530e-01,8.811058983336248485e-01,7.698868028787905216e-01,5.021072149082835834e-01,4.373933469087769588e-01,2.757816040422630399e-01,7.715280552637538980e-01,7.903452036216138676e-01,8.571095091945966082e-01,4.141521600606017373e-01,9.554063249215400955e-01,5.209612910465715174e-01,8.555920424863916462e-01,6.976653069731328927e-01,8.936367136529556054e-01,8.207039766829761218e-01,8.334148378162808957e-01,4.792377197060359029e-01,7.329398836392727601e-01,5.487441432926225549e-01,8.028610493142268600e-01,9.994313706924569107e-01,8.815406636934481899e-01,1.379847204503914238e-01,5.398959547281572124e-01,7.641190871487301139e-01,8.975464300120870043e-01,8.598029291931591489e-01,4.968941851751864647e-01,3.831450185831018485e-01,3.636824658488280182e-01,6.936173389172842763e-01,9.581434116552224323e-01,9.193499474717056197e-01,9.355561915691207320e-01,9.870629349537083375e-01,9.332678592012824126e-01,1.680404565291809815e-01,5.917707194143859706e-01,6.835568657260628900e-01,6.818665852683074569e-01,6.821157378128013260e-01,3.931665047610928276e-01,2.302715378485003517e-01,8.009587978669264752e-01,8.851991540830487226e-01,7.756499306292420348e-01,7.258103321378869266e-01,2.983601306047033996e-01,1.598922320939679884e-02,8.391207573413296261e-01,9.382201815163742076e-01,4.432477313695121768e-01,7.096709794062252552e-01
7.188191361905863497e-01,1.255917405052553448e-01,8.984989161935693636e-01,3.736002397103582728e-01,4.400527160908151991e-01,5.930245449367077537e-02,0.000000000000000000e+00,7.691346311395802493e-01,5.677899315546240944e-01,7.470947723198437807e-01,5.282663343962104019e-01,2.522910244054478168e-01,1.769698536091364738e-01,9.082846463924257319e-02,3.928550007022900692e-01,4.360228496211431271e-01,7.451950676876389901e-01,4.274242532303939024e-01,3.825499314323400624e-01,6.072405258403572592e-01,8.525378872257335372e-01,9.327319237582523126e-01,4.910281783138140121e-01,6.319516073956218394e-01,2.497828716166119456e-01,6.075905680847289991e-01,4.015768911947251163e-01,6.024820607338241540e-01,4.427688054369153803e-01,2.203977249352721546e-01,8.408602062453257586e-02,7.344382308587341646e-01,7.622397950395800592e-01,7.289408630357311347e-01,6.767602380678894303e-01,3.306017104056554468e-01,7.723604087531819040e-01,7.751383614647515685e-01,3.199635041806210278e-01,4.846445359792117547e-01,7.629855717234866885e-01,9.222634293528521043e-01,6.075106270398704655e-01,5.729909031699551569e-01,6.791403638270707699e-01,4.275798412530166237e-01,8.881351397013925730e-02,5.549064530118456018e-01,-1.455073122476763514e-01,6.423251418760643761e-01,5.641844564117234340e-01,9.350627311654700069e-01,6.527669185759275017e-01,1.332722528240914972e-01,4.753362926521207954e-01,2.373794503910710563e-01,3.608524375516077853e-01,1.510416305986862495e-01,8.555370524793947107e-01,4.707762376085159461e-01,3.568708200838812683e-01,1.375740609442779872e-01,3.240417765717693022e-01,6.551657110469646383e-01,7.279137650290715689e-01,6.570809517521924992e-01,9.309980803013286899e-01,9.951836870009933556e-01,6.226013791588580482e-01,6.596880382614620508e-01,3.796496020912932812e-01,4.048491666954849300e-01,4.368340122608785348e-01,3.455628132591783697e-01,2.009451281390138566e-01,6.970415166445834698e-01,9.889230711958381104e-01,8.356520860319673893e-01,4.096925941071093979e-01,6.027164949240171321e-01,4.412463736413658189e-01,-1.869409216753205594e-01,4.807322992143263640e-01,2.198213967602559715e-01,9.424667198696752290e-01
9.821531658043615165e-01,4.484739383240347599e-01,6.038294354718992674e-01,7.179744720826439774e-01,3.173716878603924929e-01,6.829607871851922640e-01,7.691346311395802493e-01,0.000000000000000000e+00,2.040057567464558519e-01,3.367329292008964803e-01,7.657319549487600074e-01,9.138927344080934878e-01,8.370081145045034088e-01,7.958175244533785553e-02,5.251252625218451042e-01,5.362616228810674901e-01,9.887784130628395340e-01,7.309383332796074439e-01,4.302367463410877169e-01,8.430713700574918867e-01,4.579473966063224433e-01,4.935349841194558440e-01,5.019443051981103965e-01,3.461378799191860978e-01,4.542071528327178420e-01,6.463554055876238325e-01,6.972114685469450457e-01,5.079402288658992903e-01,3.525225809300106539e-01,3.535340016059779211e-01,5.017189199608125261e-01,5.561491105112866817e-01,9.733097757527375826e-01,7.219350259200136843e-01,5.798899310139102869e-01,6.445254004059679520e-01,4.256184436105242552e-01,7.493261661326116041e-01,8.074802818088012701e-01,5.506296019089687022e-01,7.816428319023674964e-01,4.240735882368175114e-01,8.412979390809744995e-01,7.518414033074996006e-01,7.379228160775472833e-01,6.895791282208511008e-01,4.237972161497038370e-01,6.107775499837354571e-01,4.297084553583107591e-01,6.652925975452078644e-01,5.857222460467097491e-01,5.877654486512671195e-01,5.098985040209422781e-01,6.033382639760234145e-01,7.424656843785133464e-01,5.354410620411302890e-01,8.012154822364093709e-01,1.381252307897995191e-01,7.141102813808429817e-01,3.835014355161593946e-01,6.513014985272680413e-01,8.874550681189603552e-01,7.139232803469859334e-01,6.762633061058388462e-01,8.792087951903670984e-01,9.534987921553232937e-01,6.364376029627920595e-01,7.120005533622829619e-01,9.022429080619153163e-01,1.814424332438877574e-01,5.145896903025801716e-01,8.553412460972212861e-01,6.236631540794980166e-01,7.034379512668001988e-01,7.298534234015923161e-01,3.128097679424089450e-01,2.308193959919926652e-01,7.274452304553928883e-01,7.138784145655430180e-01,5.027779618196129285e-02,4.898823298718303909e-01,7.008772004307401993e-01,2.684069587895926978e-01,7.331144479829356797e-01,5.058519725812562484e-01
8.724382811717309449e-01,3.578147886369103525e-01,9.162155375232496901e-01,6.095765041756004976e-01,5.893421417913262683e-01,7.669027256556966154e-01,5.677899315546240944e-01,2.040057567464558519e-01,0.000000000000000000e+00,7.349560491522902916e-01,3.377542419177251842e-01,7.120496596997890615e-01,7.960464275076675200e-01,7.258901650976661291e-01,7.554292334053471780e-01,2.485522411228859863e-01,7.812888139290637968e-01,1.425413442476352599e-01,9.451747153039955496e-01,9.741603140117357507e-01,5.473487202824616205e-01,6.915729087855184698e-01,4.867620446272168389e-01,9.226059382126772235e-01,9.424537073552445854e-01,9.192697625832562114e-01,7.370768144273288636e-01,4.556370698096722793e-01,5.792186660326666958e-01,3.320103285753523981e-01,6.359436994516222130e-01,6.625719615667718942e-01,7.380262297709012653e-01,5.820973866907449557e-01,9.635754956694974060e-01,4.151522875734847684e-01,5.188106199940123453e-01,6.296699653609146852e-01,8.956486441162322398e-01,9.216447718815243828e-01,3.601882002785254944e-01,7.201141040512777369e-01,8.262065005844888566e-01,8.301504909281609557e-01,8.231127285103689850e-01,2.455480766758481315e-01,7.271051262964208783e-01,8.698833328584111291e-01,2.765296857142998110e-01,8.383825941656112279e-01,4.471258181603328108e-01,6.447656384799032026e-01,6.579620865305390032e-01,4.323246119545884891e-01,8.833253372013017968e-01,3.917805634410221338e-01,5.080550449055514228e-01,7.078060480965886470e-01,7.135543171622085179e-01,2.523683224674054815e-01,6.090792942365332863e-01,7.211856501700123490e-01,6.283306900398769601e-01,9.151770855251747383e-01,6.775588046018667931e-01,4.749828521551181515e-01,7.777027516170389454e-01,9.490592154877817155e-01,5.858774170315321772e-01,9.546037689699717887e-01,6.133599491836780881e-01,7.056749433331768184e-01,4.989527734100642209e-01,3.017979904218081599e-01,8.067353759188714557e-01,7.863019039401648591e-01,2.528251385583748512e-01,6.899905510395892838e-01,7.758080298482304960e-01,2.211097527541559526e-01,4.058095816861149174e-01,9.077438629978995532e-01,7.314373050854940939e-01,7.271808295666152278e-01,7.974515842679771316e-01
8.425208613802247504e-01,9.913939478264908178e-01,8.423862409607200119e-01,9.037705369279599443e-01,7.286554377963031515e-01,8.429797067302393643e-01,7.470947723198437807e-01,3.367329292008964803e-01,7.349560491522902916e-01,0.000000000000000000e+00,7.015329386652713328e-01,7.658267590030509719e-01,6.988461237959183725e-01,7.755204542137452695e-01,2.632318092464905890e-01,6.915291026208086889e-01,8.701315716169673031e-01,9.776373498872847900e-01,6.762993762897605565e-01,9.600994410096534981e-01,9.939324563951487113e-01,4.142417307889279532e-01,5.624919419483331851e-01,5.847523388781854514e-01,5.147841413466203164e-01,6.547567161153213799e-01,8.669800847277102651e-01,7.677344785616880829e-01,2.889073394383059323e-01,3.180387121169318543e-01,1.730772149058699971e-01,6.749016021792411113e-01,5.661272604653674323e-01,6.050672658853929464e-01,6.644272865766898128e-01,8.344452207286521261e-01,2.233053806240642980e-01,5.555230421406726071e-01,9.732716550369339137e-01,6.459699247454906423e-01,2.369348094995724907e-01,3.107959365740719515e-01,6.249557517604970025e-01,5.022375133600950337e-01,4.775866716762083852e-01,4.784657298874034903e-01,7.706236349477207925e-01,4.087132155473994777e-01,7.841356600669331378e-01,3.712611797223879240e-01,9.007833929699968767e-01,8.996644976744424538e-01,8.375064769663054243e-01,3.715982539703247545e-01,4.302708818135463353e-01,9.005221686226118072e-01,5.619502383530521339e-01,9.287544193816629212e-01,7.534811567435178992e-01,7.233531606454092211e-01,7.315040825962147997e-01,7.960301889642471540e-01,9.834567299726443279e-01,5.762937051494011476e-01,6.224250070833055037e-01,4.949852243895104253e-01,9.590226111201859416e-01,9.606887764475298130e-01,6.411021301409618456e-01,5.132896810630546147e-01,9.718124692227765316e-01,-1.352030726633567936e-01,2.401773557985141805e-01,3.021645229819343026e-01,4.213717795966167023e-01,2.649567402367810631e-01,6.387365561694204885e-01,2.630076875189560903e-01,4.176544780513212207e-01,2.167257092231606730e-01,6.646696952808154313e-01,7.863774102446816627e-01,7.428783443600098235e-02,3.319063279355919382e-01,8.656548941233558336e-01
6.552748456535694155e-01,4.792705645264618841e-01,9.776324110503613607e-01,2.096976199709374433e-01,9.714430569578147434e-01,6.666950995183652529e-01,5.282663343962104019e-01,7.657319549487600074e-01,3.377542419177251842e-01,7.015329386652713328e-01,0.000000000000000000e+00,1.652386113037255522e-01,1.766657510551282728e-01,1.891226325656798213e-01,5.382201052746016234e-01,2.573606833533805816e-01,1.613890330037059118e-01,4.930849863038807013e-01,6.800227006590945367e-01,6.967901666979850472e-02,9.598296160129234922e-01,6.401504996526924396e-01,9.507617860619537176e-01,6.388144570123479582e-01,6.658284159166936167e-01,5.465848806734405763e-01,6.846289005398008554e-01,6.616678970419381800e-01,5.937429060095600515e-03,2.282035028791962183e-01,5.103346891485269765e-01,4.312686077406920893e-01,9.574812585076364346e-01,5.170991343302843157e-01,5.920395027626111917e-01,3.347225583626542988e-01,6.006108440616736432e-01,4.008903113649310845e-01,7.979178735027001590e-01,7.225061286166868380e-01,5.308275497725357672e-01,6.391027682581360558e-01,4.098017401055755737e-01,9.768275344971180107e-01,8.797954987367976321e-01,6.467388763602692769e-01,6.895205925251010060e-01,9.525884269162558926e-01,1.550599981366602709e-01,6.341483262310425584e-01,7.351200674432183391e-01,4.392489867043549157e-01,4.285917628352621800e-01,9.095525568294448027e-01,4.439873323323829668e-01,8.303986993056060584e-01,6.551143868091476863e-01,5.739684556835149554e-01,9.745179532501966335e-01,2.074192105784381790e-01,7.666149981747144571e-01,6.344542700424711246e-01,6.910966892146980234e-01,3.449017191648817704e-01,7.537094999255106176e-01,9.680838551105427348e-01,4.107517131408209288e-01,9.987916644165972802e-01,4.522988847547051994e-01,4.473659180800768631e-01,4.180342607793997578e-01,7.668021017467401279e-01,2.291955315034740759e-01,2.555868102682176124e-01,7.547161241534422471e-01,6.537674023071866625e-01,4.660988771993030966e-01,5.794506006519052344e-01,2.281853483226509716e-01,3.954272300363443904e-01,8.254275557528576446e-01,7.864656525977763435e-01,4.679857423442796427e-01,6.715001272293539269e-01,4.121422492223578704e-01
6.616682716849097146e-01,5.816709184485189255e-01,9.006149321809178154e-01,8.984079807981300014e-01,6.604395151265862740e-01,6.369723359981215305e-01,2.522910244054478168e-01,9.138927344080934878e-01,7.120496596997890615e-01,7.658267590030509719e-01,1.652386113037255522e-01,0.000000000000000000e+00,6.173860527127655873e-01,9.944335923967689839e-01,6.434463479852745582e-01,6.851207170084692155e-01,7.841727916132473775e-01,7.168294011986905412e-01,6.703465862687572052e-01,6.613393043990059006e-01,5.080511346489020585e-01,6.034214145714190680e-01,8.436569464830264709e-01,9.115094189999750629e-01,5.710593891029106528e-01,6.070863124886204387e-01,9.087075055991312711e-01,2.993771276451122620e-01,5.722709345657873703e-01,6.194239223677113770e-01,8.179010719372237573e-03,3.031414642659633479e-02,9.612408092557034323e-01,9.259796556249375588e-01,4.879765505393309222e-01,5.374881484956571809e-01,5.736004372644125660e-01,6.659318050826738000e-01,9.381368517707040500e-01,8.261187838636704361e-01,7.436095138753561207e-01,4.123226853905223588e-01,8.169930596914749543e-01,8.309361101717777087e-01,7.039169690956762482e-01,8.031968851676395404e-01,4.667167508083953087e-01,7.354593066101965393e-01,3.638097861010121670e-01,8.761751606486742894e-01,8.273477070444040793e-01,6.354657802768017838e-01,7.932965680703610856e-01,8.020335270477132461e-01,5.544750019466813118e-01,7.083600300173723552e-01,9.134986749289047969e-01,9.142907435111854442e-01,8.725623982926447031e-01,5.392963703602215997e-01,7.787870365984489451e-01,6.305977507997496678e-01,9.951527396057366914e-01,9.937367056905729301e-01,8.577723709234226224e-01,6.671650496283006992e-01,6.798012193091186317e-01,7.905448072408449711e-01,2.402806400740469805e-01,4.653510010257491669e-01,7.822906486658858238e-01,8.962409880199402323e-01,5.642179263235720388e-01,5.451260253573033676e-01,5.850155903646940825e-01,7.001522743254513514e-01,8.160990773354050987e-01,2.041764385425993145e-01,7.501472389587316991e-01,4.557898114558572300e-01,5.884066446981276455e-01,7.664147373405674202e-01,6.549983145012334695e-01,7.159545618136171630e-01,6.624018392216260986e-01
6.771998555344379556e-01,5.669085491166866442e-01,1.342020087167257736e-01,9.690402396697030962e-01,7.861398787103586194e-01,6.195793857760398815e-01,1.769698536091364738e-01,8.370081145045034088e-01,7.960464275076675200e-01,6.988461237959183725e-01,1.766657510551282728e-01,6.173860527127655873e-01,0.000000000000000000e+00,6.339170467048690361e-01,7.817182598347438560e-01,6.449296387260103902e-01,8.036610073273844357e-01,9.678410907852101897e-01,5.730037253804172170e-01,9.722646293213976776e-01,4.489764539419084377e-01,7.888244979541358948e-01,8.090466972806477086e-01,9.647634846984043389e-01,2.979905870509838017e-01,1.641943283877070892e-01,6.714983170622250697e-01,8.403951550398313097e-01,2.558450437285482715e-01,2.269455581547786815e-01,4.881994262741596868e-01,7.085357023761141848e-01,8.966298129762827473e-01,4.240816245633660664e-03,9.316384283227091556e-01,7.859334946632938745e-01,4.599838599382528037e-01,4.596662272642153546e-01,6.827484231209851595e-01,9.339823822397503861e-01,3.684490035663521290e-01,7.882552813518720614e-01,8.817048046294921892e-01,6.131912431733944624e-01,9.881740080346271826e-01,2.811012628320360140e-01,9.946136901869169211e-01,3.198144999773979147e-01,9.485922768200265587e-01,8.628955896857547492e-01,4.751858058362075643e-01,9.104581314994338870e-01,8.035301349780414881e-01,8.699968278888703388e-01,7.054507586535705421e-01,9.031247052875404080e-01,7.287588715249662119e-01,8.233377814037440290e-01,7.063983344473689918e-01,2.149783719490891420e-01,7.543259890939943979e-01,7.709866343935340982e-01,6.181399673588172661e-01,7.074951041991381917e-01,8.127775558374618070e-01,6.994826283957671365e-01,5.050504100071769864e-01,6.975189546999418511e-01,2.756742869912169325e-01,9.100027940480465150e-01,7.426774420437142199e-01,7.449623348823768421e-01,2.952107861984038517e-01,6.858125214003789605e-01,9.747726470400528420e-01,8.451836716787807235e-01,6.573084586190293122e-01,9.722619696079801699e-01,7.378551538903823648e-01,4.285767248504509519e-01,4.945614941752081717e-01,5.645215121595132945e-01,-1.932616002271963784e-01,4.835858412681705576e-01,8.810591934794606006e-01
8.221125067070692571e-01,8.266342640140575959e-01,7.495652086898277888e-01,4.186833711397064950e-01,6.527775944154186050e-01,6.609232470980611618e-01,9.082846463924257319e-02,7.958175244533785553e-02,7.258901650976661291e-01,7.755204542137452695e-01,1.891226325656798213e-01,9.944335923967689839e-01,6.339170467048690361e-01,0.000000000000000000e+00,2.918587544227065900e-01,8.665430900428383598e-01,7.620527367926470674e-01,9.795395717351960130e-01,9.766638465490432575e-01,9.754355193005432856e-01,7.327288642853582168e-01,8.248269335344275976e-01,7.217799598019276619e-01,9.949038924323008182e-01,-2.657618732944538875e-03,9.602112562222557823e-01,7.170638699498371738e-01,3.485420843340462094e-01,6.139518887626380650e-01,3.210104725927451774e-01,6.023849310898772291e-01,4.141465595692249702e-01,8.460734154160193254e-01,4.262434084252337829e-01,-7.445634643262699637e-02,5.829808026285072664e-01,7.649919830063715009e-01,8.401969289379641603e-01,6.798519755344401005e-01,2.249649735495403424e-01,7.340850006333992095e-01,7.116146361108752760e-01,9.008943437844992852e-01,7.775287438440091625e-01,7.319430860955783436e-01,8.889319041605880933e-01,6.172736247494789996e-01,4.721352028704072779e-01,8.449785140166584663e-01,8.166550439706202758e-01,7.785443180180490197e-01,8.875141875650061074e-01,5.638376241173346237e-01,5.547787561210358875e-01,8.693631782190068824e-01,4.402972260018996331e-01,8.484695075130725961e-01,8.005554716292270223e-01,9.663878521040165648e-01,5.689011968505188754e-01,4.136175899376119403e-01,7.791157780018567180e-01,4.273714569596294144e-01,5.718282047543750135e-01,7.233404227797184394e-01,9.292775808201148013e-01,6.561000430705543618e-01,6.655414915295732037e-01,9.127514062607311462e-01,7.051118189837735084e-01,5.137099976048811190e-01,9.181411918097439617e-01,5.019850816716003861e-01,3.260883960175472440e-01,4.433847287326117548e-01,8.771465717830455588e-01,9.501354739707189301e-02,9.124702324533882081e-01,5.803340713691711450e-01,3.669634476385538191e-01,5.431764321192333878e-01,9.253026340539307615e-01,9.294680518792530766e-01,4.026606988834587064e-02,9.370772490746803740e-01
8.249433747427354913e-01,7.802464766301598909e-01,9.379692032849299421e-01,7.594806460619578647e-01,6.951065582299857937e-01,1.787887194822279924e-01,3.928550007022900692e-01,5.251252625218451042e-01,7.554292334053471780e-01,2.632318092464905890e-01,5.382201052746016234e-01,6.434463479852745582e-01,7.817182598347438560e-01,2.918587544227065900e-01,0.000000000000000000e+00,3.463625415436438759e-01,8.227765427094704265e-01,4.150852906839777590e-01,5.033575820896258879e-01,9.009740533935918227e-01,9.574581954912598780e-01,4.231841852115717506e-01,1.425423626264810395e-01,3.548560363388497674e-01,4.277200784238798237e-01,6.050821581864175291e-01,4.016661450144541901e-01,7.931097940016310632e-01,4.827478769641738721e-01,-1.634896484887013446e-01,6.271903166660196538e-01,2.783775448488817195e-01,7.919825370765133377e-01,7.792140815673821441e-01,5.975586342018267549e-01,6.196735355652873700e-01,1.700599857423985492e-02,3.717148541320650645e-01,7.030485579472952606e-01,9.132553202712154761e-01,3.336903356083095185e-01,7.555398516412702437e-01,8.332663479329406320e-01,4.672650107015018373e-01,7.521133243974312821e-01,9.074560471821616625e-01,7.238818312698465096e-01,6.723752426564026941e-01,7.686098473284574961e-01,6.493781966399757299e-02,3.884760131069998623e-01,6.611248215134248873e-01,3.977236712471660107e-01,3.094845180760525949e-01,8.165742377763886006e-01,6.714153344948340374e-01,6.594233459782011808e-01,9.200434324955371057e-01,9.786564333078893174e-01,3.679449799148509781e-01,2.696770620855483136e-01,7.433355242915378192e-01,5.632834429420083833e-01,9.324721913357716385e-01,9.953400762349444708e-01,7.981813410449416502e-01,7.473145914920779065e-01,8.049299429604337419e-01,7.101065781536937127e-01,3.358565655690288754e-01,7.357722963282754547e-01,7.204552939488286789e-01,3.000406967519739787e-01,4.357014072929007997e-01,7.955492083488399091e-01,2.680990160073574158e-01,7.308298842446843135e-01,4.781792154183904797e-01,6.868666691925182644e-01,4.919562215648390913e-01,6.653418116002820515e-01,8.500594487164618851e-01,8.260373556217196489e-01,6.256271039460145067e-01,7.066942057305614089e-01
9.962655252486650737e-01,5.714759229210299996e-01,9.283420122851248069e-01,9.982925145446325255e-01,9.324982582053099600e-01,6.847827214091836145e-01,4.360228496211431271e-01,5.362616228810674901e-01,2.485522411228859863e-01,6.915291026208086889e-01,2.573606833533805816e-01,6.851207170084692155e-01,6.449296387260103902e-01,8.665430900428383598e-01,3.463625415436438759e-01,0.000000000000000000e+00,9.255322203503825174e-01,9.301435044568315824e-01,9.933596155659197846e-01,5.552773674027331463e-01,9.870373314944486109e-01,8.745057972456551365e-01,4.376593893732889651e-01,6.870812863105106860e-01,5.949316337895662610e-01,8.639177753532023551e-01,9.545542302840199778e-01,7.070344911066834825e-01,3.870318837452574323e-01,4.196329093368241780e-01,6.995376931530049580e-01,6.363773965488137563e-01,7.478554383541445860e-01,6.311522939370139973e-01,3.368732898016884580e-01,4.254370664588262851e-01,2.863134047629971590e-01,3.668940202924291794e-01,2.499181992538204999e-01,4.867123581189072845e-01,1.370357188539339521e-02,9.226025235018859849e-01,8.922657987943972691e-01,4.173364514837931138e-01,4.539326907059616500e-01,7.680525772345445645e-01,6.459076420368367044e-01,7.080525695710224721e-01,9.076762548379961881e-01,5.514705754113232716e-01,7.891593734729251963e-01,9.435860871907562064e-01,6.820325527683642752e-01,4.709766427750474160e-01,5.718450856879412347e-01,7.944394241982668525e-01,3.356369290108907055e-01,6.108569874071552164e-01,6.032717970451432210e-01,7.883438202362301472e-02,5.936942685460919744e-01,4.825247884179471036e-01,8.697274470574226646e-01,9.042289653240681568e-01,8.776627417461657643e-01,4.028424890608160447e-01,9.171231185342730852e-01,4.339593687454588178e-01,4.777275507707208768e-01,-6.345942412716518155e-02,7.729445678538269249e-01,9.067346747763215253e-01,6.076788804237392982e-01,6.750828835284067297e-01,5.945571627871459874e-03,8.440242388116420136e-01,5.348968024598309556e-01,5.019667123087283578e-01,2.696229149695838490e-01,4.613106822034380716e-01,7.997421962012130070e-02,9.464600960893629900e-01,8.347344287616896841e-01,5.614398954711029566e-01,4.540181906905922382e-01
7.353147145969058940e-01,7.626894744882377619e-01,2.803228139705477018e-01,7.952771921765623420e-01,7.873788078633645604e-01,6.537593647699688759e-01,7.451950676876389901e-01,9.887784130628395340e-01,7.812888139290637968e-01,8.701315716169673031e-01,1.613890330037059118e-01,7.841727916132473775e-01,8.036610073273844357e-01,7.620527367926470674e-01,8.227765427094704265e-01,9.255322203503825174e-01,0.000000000000000000e+00,9.007182431720052174e-01,8.430951767761885041e-01,3.832592810729308352e-01,9.794377244543753802e-01,9.671170368751614843e-01,8.117498043383755135e-01,5.833990119147314246e-01,7.734069353464977370e-01,5.653519355085488973e-01,9.876277485329960637e-01,8.065794932826838570e-01,4.985290852049281130e-01,5.093060219029837965e-01,2.763377001158403568e-01,8.982600651528406255e-01,8.493846250093782801e-01,9.394685484469184056e-01,8.283128182567615072e-01,9.330280069321456038e-01,2.731484838711476515e-01,8.526355019389266765e-01,9.645257459348121065e-01,9.506737583177506945e-01,3.720637898341658811e-01,6.791916998276070760e-01,7.549510094059548315e-01,7.435716713639940467e-01,2.240036125186466165e-01,3.475403910066787727e-01,5.812281489619764985e-01,5.926179624030136761e-01,4.240155413641746307e-01,5.054408332485126332e-01,6.075673532231551377e-01,7.868366087082800941e-01,7.599210403749294684e-01,7.543461166135321250e-01,3.478939102706976594e-01,5.314860614794323368e-01,7.525965478186793511e-01,8.375926622004881139e-01,7.342138959538961895e-01,5.436675559030359484e-01,7.407454960680792677e-01,8.269895634070618673e-01,7.581860780486444629e-01,6.023061201008362842e-01,7.211133981860866626e-01,8.188943976702289795e-01,6.427114963843161277e-01,6.562036371109835065e-01,6.071527610371495465e-01,8.454149694062189635e-01,8.757997990831711821e-01,8.924596260966560779e-01,2.323481027078318217e-01,5.105022385941317964e-01,8.861849117619158278e-01,6.205191497273865320e-01,9.993864910827341408e-01,9.122495518057247565e-01,3.745088121603766806e-01,9.786008515467170543e-02,6.088837601352051765e-01,4.772240500433574395e-01,7.131743085253232639e-01,6.425462521504435864e-01,8.826321242425482216e-01
9.839780426911122202e-01,6.483463290054515271e-01,8.023513509183214376e-01,8.846883714842246338e-01,3.160579426394054953e-02,3.180401078518335731e-03,4.274242532303939024e-01,7.309383332796074439e-01,1.425413442476352599e-01,9.776373498872847900e-01,4.930849863038807013e-01,7.168294011986905412e-01,9.678410907852101897e-01,9.795395717351960130e-01,4.150852906839777590e-01,9.301435044568315824e-01,9.007182431720052174e-01,0.000000000000000000e+00,3.175998586692526660e-01,6.253533091698949553e-01,5.291876136203413905e-01,9.656491584946834683e-01,7.014082096626506058e-01,8.426875752374027861e-01,7.888222535007229919e-01,7.062923978465578401e-01,6.745601452078071603e-01,3.768248330160824944e-01,8.359260310236469316e-01,2.724979342977081054e-02,2.504201295246082926e-01,9.185913120353847994e-01,4.463571444992475712e-01,8.983122323480976501e-01,5.931840566315322860e-01,3.008947935999102818e-01,2.104368686708166791e-01,7.518622232963081409e-01,8.265938104511481033e-01,2.813241452563899347e-01,8.498333592592710595e-01,6.729956201443959563e-01,8.355249826936878010e-01,9.742985532506831525e-01,9.345776529166522906e-01,4.618878235807117871e-01,7.845981665988479570e-01,7.987742522792795619e-01,6.157936115054277737e-01,5.542324819202412156e-01,6.259633268112104743e-01,7.571124850290918973e-01,3.667875952457421151e-01,7.608525720909405932e-01,8.953938245096313420e-01,6.962374281489417394e-01,9.718798045971143162e-01,7.105919282845751805e-01,7.243308067315452625e-01,2.893616124171001225e-01,-1.860054776116752961e-01,7.372574904864273027e-01,7.412442895460920056e-01,7.971837245038149167e-01,4.264917663096876033e-01,8.974487037057331529e-01,6.464512878271746477e-01,7.485554729075634128e-01,7.610022759584165186e-01,6.517261696884680822e-01,8.925968628003176919e-01,2.920687886329632055e-01,7.825005993031879381e-01,6.846129908472546877e-01,6.301505303036341044e-01,8.920916765590120034e-01,5.576994641450107038e-01,6.351332524259828416e-01,4.675335304641772272e-01,4.051212211788832729e-01,7.173394634957902527e-01,4.671368756550130508e-01,7.744811662150984377e-01,3.244743721346147747e-01,7.117749135225392987e-01
