0.000000000000000000e+00,8.664954260240077533e-01,8.557778332038911140e-01,4.423486294375919559e-01,6.009358211385098514e-01,4.358332548518265570e-01,6.987989011084491109e-01,8.043583801874060191e-01,9.948800277612332987e-01,6.866723318429481804e-01,8.133468523722474641e-01,7.555545733895504545e-01,9.707936370842442653e-01,6.221655614798066170e-01,9.513614421527245568e-01,8.830013422409989099e-01,4.433159149371898033e-01,6.642453104065821901e-01,4.873961080890849007e-01,7.785418716190057875e-01,5.212114226517488014e-01,3.159351588609444761e-01,7.900948109935479469e-01,9.928497965555154181e-01,6.058937401140972456e-01,8.025679898411385293e-01,7.917204718072397007e-01,8.196803672406015595e-01,7.499704322813729451e-01,5.462475974881576546e-01,7.605375183393148220e-01,6.699891518690238579e-01,9.380683905640070375e-01,8.803082568708896494e-01,8.294476238590512418e-01,7.720005472704090099e-01,5.096152302481146146e-01,9.373346419630813608e-01,5.586442768976015438e-01,7.230732930744258047e-01,7.553434378884595901e-01,6.524719219882385568e-01,7.152757241464637872e-01,8.539310714857377693e-01,8.777741450830417458e-01,8.458997973004056536e-01,8.785576233923180212e-01,2.791527016896726554e-01,8.763255993100680374e-01,9.138981869627431642e-01,9.987472189664926558e-01,7.474831927224859229e-02,6.846258202703983109e-01,4.233654431826850417e-01,8.931796080067099242e-01,9.284155548774583044e-01,6.830597925427202011e-01,8.164692343454043044e-01,4.482784324512428809e-01,5.362237546679859967e-01,4.287290943641254848e-01,9.049824933694012863e-01,9.834754348792511536e-01,6.734524125934515659e-01,8.972686528463579281e-01,9.748493022661317564e-01,8.363740894970616013e-01,6.375306069846629065e-01,6.676958283938151384e-01,8.860384645874342935e-01,9.805452788115438523e-01,8.033715687371227876e-01,4.100529938767763505e-02,2.725786613416319448e-01,7.824208043432515636e-01,7.331417741107862929e-01,5.778373260564555469e-01,9.017638683725167636e-01,2.017940920416834150e-01,2.177583570578556782e-01,9.384575829299320882e-01,5.155555133488186614e-01,4.126496391329063651e-01,3.851579776913721664e-01,8.280565208133654487e-01
8.664954260240077533e-01,0.000000000000000000e+00,8.205810202900203354e-01,2.033726421551579899e-01,1.698790402823201484e-01,6.123556749039184011e-01,3.964857082700826707e-01,6.502956600528236875e-01,4.700041306535727714e-01,5.884805498904551735e-01,7.180027996511135768e-01,6.265526124015819986e-01,2.410939494750936885e-01,4.060414099314027525e-01,7.107280150900401328e-01,7.934792856509091941e-01,8.382042948687378203e-01,7.210286629163913386e-01,4.889747881596369083e-01,2.576961688486823117e-03,9.669627394978239643e-01,5.061792468449950455e-01,8.547701982947676358e-01,8.876582508401903437e-01,2.589163534335034988e-01,7.498176070187481113e-01,6.044191222994844681e-01,4.637732566561396652e-01,7.877560468463337129e-01,6.351911758617595494e-01,7.570902653328833720e-01,4.020558054377110224e-01,6.826417010385841255e-01,6.244742500406426089e-01,5.805493027112502702e-01,2.361395424867424320e-01,5.431723827521869330e-01,8.635538319018739584e-01,8.021220077164055162e-01,7.602026331737055109e-01,-1.215919618513407324e-01,6.577688802458225847e-01,6.023785704468616053e-01,9.251734084244945810e-01,6.500191133336754579e-01,6.685176263905899807e-01,6.963524842417555538e-01,7.014003066121433649e-01,-1.752262003407950297e-01,3.059502879195774572e-01,7.471938060642373536e-01,7.428317531170213206e-01,9.792634923178840101e-01,9.640760006406307037e-01,9.498176814929910616e-01,7.478498232743624463e-01,9.618160806787579009e-01,8.196448628972494710e-01,8.090611408744081690e-01,3.495781118629656126e-01,2.611260612928691938e-01,7.355553070644800240e-01,6.341270711352612333e-01,4.297308370454121507e-01,8.299790546179312001e-01,3.888600166839153438e-01,8.658331115193510508e-01,7.915857996236943528e-01,2.453333331606656897e-01,8.207596445750343639e-01,8.228954482284039917e-01,6.064109342356008847e-01,4.923281385703198731e-01,6.311711441423272229e-01,4.880512088309441054e-02,6.527612110175025073e-01,8.996407975625494435e-01,8.257216268225182620e-01,7.713375265151806159e-01,1.578652873710710280e-01,6.895945513328920473e-01,1.090273087518205397e-01,6.664029863428460043e-01,3.231193528525411751e-01,3.907195522880105854e-01
8.557778332038911140e-01,8.205810202900203354e-01,0.000000000000000000e+00,4.641454086949239333e-01,4.106304865734912157e-01,7.553157764522309137e-01,8.230457458703918094e-01,8.235375411414967983e-01,7.561887204358742620e-01,9.352156224801304596e-01,9.371907689098545324e-01,9.074605403516947666e-01,8.449187418652075454e-01,7.269805254492438529e-01,9.892186624211695145e-01,7.850043820496677149e-01,8.097538726849260460e-01,8.057187613085960987e-01,3.937722103847590693e-01,6.438022560598302135e-01,8.021255888797097500e-01,6.224050936313801907e-01,7.144223945144132504e-01,9.278895234864390495e-01,7.921053325176404813e-01,7.442751932407221105e-01,4.509583416218830854e-01,8.939297633481545491e-01,7.001120576121395711e-01,2.760296159570262420e-01,3.342321050770385993e-01,7.925962407365967355e-01,9.210740315268381995e-01,4.445878897070955071e-01,8.105729106483109403e-01,7.053415361076946777e-01,1.129303531718346271e-01,5.046660387713896023e-01,4.894982269614317483e-01,5.991808490985039981e-01,5.075983507156430763e-01,9.169467400853708039e-01,9.925006394256472575e-01,8.398553254759499875e-01,8.389707561956417647e-01,7.288299338085802992e-01,7.242713418905982747e-01,9.803284482694447632e-01,8.353372103370106938e-01,9.753135702268425078e-01,8.836934890685398392e-01,9.941509960895643649e-01,6.008094301289621519e-01,3.751625641534614419e-01,7.804036856710920844e-01,7.801948602153684076e-02,8.061690744028807698e-01,7.587320840610782824e-01,9.837536885764026628e-01,7.031527246507209838e-01,5.943497861439166474e-01,9.808769954821814352e-01,7.071889270320645959e-01,4.341370519664665695e-01,6.893768255155539038e-01,7.001206702851858754e-01,8.253366513126993986e-01,6.291201831336793449e-01,7.026769258332312695e-01,7.120173950635827476e-01,8.064523378308919854e-01,9.614532317222855839e-01,5.629510830844310920e-01,7.071020561800096527e-01,7.615877860255448883e-01,6.595062218090872452e-01,7.391976947400730191e-01,7.221121811948960634e-01,3.949390494858965317e-01,1.868170215105457999e-01,4.319199121572275812e-01,8.277337905354433811e-01,9.969860013857037018e-01,5.771438627344737116e-01,9.081497146521164687e-01
4.423486294375919559e-01,2.033726421551579899e-01,4.641454086949239333e-01,0.000000000000000000e+00,7.956193361415219156e-01,3.433553408575845123e-01,7.664658725945937556e-01,5.573695560381705105e-01,6.515611121182466325e-01,9.285016198032406409e-01,9.316083451503016644e-01,7.921676625306700581e-01,5.479877793650256290e-01,7.738508055221408055e-01,5.471343770112647720e-01,8.956312574247352609e-01,6.603653484881226721e-01,7.776372481792551694e-01,2.687910053538362098e-01,8.468934902303792978e-01,9.826804705197496048e-01,6.025760681416734155e-01,6.491059425930180149e-01,7.561185976706406020e-01,7.285735725333069013e-01,8.135056695569652385e-01,7.941817002465214603e-01,5.183805003360162367e-01,8.691995584260383545e-01,5.498455606359951009e-01,3.169833118025736640e-01,8.991899294199714454e-01,9.388309505657720377e-01,8.663554609054993083e-01,7.757943888369072116e-01,3.769609897528257147e-01,5.737461735757861669e-01,3.547493882996212156e-01,6.672290052139415728e-01,5.762535706209510611e-01,8.599754871478002549e-01,4.537663495023890325e-01,7.188318015084815826e-01,8.879038896119849644e-01,9.815149395653154363e-01,9.451494656354443302e-01,8.179016371802090291e-01,7.714925518768465107e-01,6.191269710423090711e-01,7.500732060872064011e-01,9.733600251876366460e-01,7.761230283605502489e-01,8.867375801211512254e-01,6.270002605489284342e-01,6.809889659453594035e-01,9.734480034075690957e-01,4.915167822704357148e-01,3.120750164585806563e-01,8.855889156343011992e-01,2.582733281270994663e-01,6.795496133924819881e-01,3.880009307218173498e-01,8.182660530358777384e-01,9.274525321585792570e-01,6.551907202730496982e-01,4.312050221169493880e-01,7.390652523756158221e-01,8.617787888301339239e-01,6.537147223521910799e-01,6.308516640211002668e-01,7.834471747862697955e-01,6.299298084980895496e-01,7.982814947528238392e-01,4.974459524527090060e-01,7.190543637545855349e-01,7.377480041366974994e-01,6.950979481465687781e-01,7.233969846254934000e-01,4.751700648471364197e-01,4.601966316559237269e-01,6.405748566494353646e-01,8.554503727510147648e-01,9.988988894308230559e-01,4.793821294161964008e-01,4.819263294776421902e-01
6.009358211385098514e-01,1.698790402823201484e-01,4.106304865734912157e-01,7.956193361415219156e-01,0.000000000000000000e+00,7.194739142824864153e-01,6.466882035973258169e-01,6.970343014082639455e-01,6.016390961290631889e-01,6.444748047260276946e-01,7.880845610927238454e-01,6.458549611945699764e-01,9.224170488732950091e-01,7.711643688188752899e-01,7.948689641324008237e-01,8.163318624696607184e-01,9.743003699999301936e-01,9.586340883174704341e-01,6.856202226272327671e-01,4.968166134356296615e-01,9.207730028462460803e-01,9.156544277361735595e-01,7.624127255327782793e-01,8.263462346061209995e-01,6.713084216549946026e-01,6.864254980856610011e-01,4.936040694211527025e-01,6.799704017808440026e-01,4.785034368852970621e-01,7.568523841184504608e-01,3.240351874078503669e-01,6.959571584267366662e-01,6.239345177075644733e-01,8.158143136309932153e-01,7.552842647146239541e-01,7.897770855828016856e-01,2.123362629604177154e-01,7.664916544454242198e-01,8.981504720665998143e-01,8.000963627675541368e-01,8.207801935791155801e-01,6.973491058148612032e-01,5.786521642654841591e-01,4.011394807831313858e-01,9.216130639072965813e-01,7.035907334726847484e-01,8.404885466856626408e-01,2.679072722581976040e-01,4.466151811259035376e-01,6.316398332234399726e-01,7.466015476246362637e-01,4.280926486307924939e-01,6.820079776140933747e-01,4.173945296975065666e-01,4.698814519574727733e-01,7.385205731036832422e-01,4.040458084134303518e-01,8.941416554758613300e-01,8.577592207107732625e-01,6.724107426690741907e-01,7.799825112189482379e-01,8.522025932572088180e-01,8.267331648813852629e-01,5.869413621576989870e-01,9.253205115486832222e-01,6.899929450464817871e-01,3.987144027843516625e-01,9.926338579705592524e-01,4.753177744376033687e-01,9.887234671001245978e-01,6.754526184039303383e-01,9.152831393869037546e-01,4.804176537379553080e-01,4.143071511200083767e-01,3.517823775397531105e-01,8.758572237409801842e-01,7.479976380273015701e-01,9.520810495369530502e-01,3.151843374068477588e-01,3.892540446430228229e-01,6.850451696362777065e-01,7.487088614865027303e-01,6.414551357133132514e-01,3.189327310331128151e-01,6.875720253936241644e-01
4.358332548518265570e-01,6.123556749039184011e-01,7.553157764522309137e-01,3.433553408575845123e-01,7.194739142824864153e-01,0.000000000000000000e+00,2.460446721880908405e-01,6.318489721140035931e-01,8.405912007092624094e-01,6.861778653953588547e-01,7.324898286135015368e-01,2.665853858459610315e-01,7.193914297036083649e-01,7.036874773028254371e-01,7.341421799377699786e-01,-1.329897563092410084e-01,9.733913519379416845e-01,9.004581828202576910e-01,7.388345704871700503e-01,9.066319792326705818e-01,9.599828666799996579e-01,4.114003088734689562e-01,9.598950975813039799e-01,9.738706536670127534e-01,9.787126254206233167e-01,7.534894579382745983e-01,9.446943113029256933e-01,9.174395401399162431e-01,6.137330347673547459e-01,2.761294983730686603e-01,3.221329379498792944e-01,7.329446025642516460e-01,6.922751870949757080e-01,5.672432880569971275e-02,6.196536708798712212e-01,7.429111495319157266e-01,2.642508897393378575e-01,4.257766026755565036e-01,9.270371523033652528e-01,7.193179712161681394e-01,2.926612990149586313e-01,9.562659480603764584e-01,8.618190146077292502e-01,8.037127470876315183e-01,6.932930688848172318e-01,3.014077005549800070e-01,7.426502102814727113e-01,1.959619565107155459e-01,7.953569243726386073e-01,8.678624118804568743e-01,9.068970046769813109e-01,2.536402715130053886e-01,6.310998576099067225e-01,7.269350431694812098e-01,2.699798868290871345e-01,9.003622623082797594e-01,1.884898858956174502e-03,8.150160817476950204e-01,8.502797485983056847e-01,2.104261662358607454e-01,4.855764832617360804e-01,6.942361974429420712e-01,7.717905398730307009e-01,8.825715831603051509e-01,8.605303030588808966e-01,7.875343997666091056e-01,2.733901591377276841e-01,9.637832718808511112e-01,7.089655855240883930e-01,7.425756093389143109e-01,6.976401022233601479e-01,8.206425175675622352e-01,7.622345808742766460e-01,6.107507369597574565e-01,8.129647551122529681e-01,8.997564509167722546e-01,8.817764959328648899e-01,8.843295964220733163e-01,5.315698663652520528e-01,4.370550468651588916e-01,9.293849141380680079e-01,9.866845646533576319e-01,9.902743956005163328e-01,4.753403996283235289e-01,5.603930994534551679e-01
6.987989011084491109e-01,3.964857082700826707e-01,8.230457458703918094e-01,7.664658725945937556e-01,6.466882035973258169e-01,2.460446721880908405e-01,0.000000000000000000e+00,8.272175245329433935e-01,9.090665032408481450e-01,6.179446359778643094e-01,6.820819878628100463e-01,6.088536037391069078e-01,3.040303030216508495e-01,8.505002808824871918e-01,5.513248055224224675e-01,7.013910952127767606e-01,9.449892400184533026e-01,4.145387485497100122e-01,7.550331063860667991e-01,4.836358043723738565e-01,9.611052830991080320e-01,4.896645747401463522e-01,6.078184473570901192e-01,5.416051845621032701e-01,6.523668151803466708e-01,5.099867294595396006e-01,4.608297275660004355e-01,6.716487767358019223e-01,6.345143163669391129e-01,2.587335339852869232e-01,7.787920314146480338e-01,4.452971016825046369e-01,8.175918013038587784e-01,3.731743228633138676e-01,4.682475113227635433e-01,2.687351418445180773e-01,5.371515015003527349e-01,6.906633949075244860e-01,2.985260835434417337e-01,4.746324418316821281e-01,2.900593623325488646e-01,7.852509728457066629e-01,5.727127598450889590e-01,6.162581361906812605e-01,6.577771055624777041e-01,4.887635713819724614e-01,6.911838609282608958e-01,6.108351037312619303e-01,9.728986257658467363e-01,6.398557083717324456e-01,5.146631568642104915e-01,5.693402195934134102e-01,4.613204733385047329e-01,7.212636324851861014e-01,4.876253121096505577e-02,4.082259155023011954e-01,3.846817657015685343e-01,7.135306903572404824e-01,8.235784193763789895e-01,7.783339242017653925e-01,8.938776113275118673e-01,5.792147390181705546e-01,3.332611026726927106e-01,7.202761872479682692e-01,4.979624611186032057e-01,9.232160620266360862e-01,8.939075260204547568e-01,8.411051292353537434e-01,3.750310597240400501e-01,5.759596855989539410e-01,7.039187863650365751e-01,9.051952164244273513e-01,6.914256748242774142e-01,4.176320335870449263e-01,9.472382955181191111e-01,5.066330164081341847e-01,2.565899957882177285e-01,4.268512084921397554e-01,3.307875268561716320e-01,1.009937391167142762e-01,4.694509420225935203e-01,9.900035620395941649e-01,5.815998749747923746e-01,7.473553798739399623e-01,7.370634663220766436e-01
8.043583801874060191e-01,6.502956600528236875e-01,8.235375411414967983e-01,5.573695560381705105e-01,6.970343014082639455e-01,6.318489721140035931e-01,8.272175245329433935e-01,0.000000000000000000e+00,4.027870743246173557e-01,6.066747514757784288e-01,7.703973237179972955e-01,5.100506268234848983e-01,8.123375763568480012e-01,3.616354295847958866e-01,8.268125675152153686e-01,6.819456906856176115e-01,7.744488695150870683e-01,7.526806567402323234e-01,9.705338341740292751e-01,3.541317876224709948e-01,6.199794274359644586e-01,7.202642747927444633e-01,8.154730106802454692e-01,6.178075186756628590e-01,9.515767741092998611e-01,6.125440911759536533e-01,4.551413658046277178e-01,4.810566583619602654e-01,8.361227172433960408e-01,7.415354699217071577e-01,2.743092729609375446e-01,5.147287312190228503e-01,4.282200766057815966e-01,5.115007644504219186e-01,7.650892742561252735e-01,5.282022802019629149e-01,4.868697519805426088e-01,7.834817045864973517e-01,2.046570549371359571e-01,5.892373127040058112e-01,2.581653240015677891e-02,9.213989275258738232e-01,9.163669155569106328e-01,6.586042651446272211e-01,8.837187812293331168e-01,1.776726230416371399e-01,9.911920678552488262e-01,3.798920995163293512e-01,7.469287193450298012e-01,6.471117191215312037e-01,5.179474699933225290e-01,5.162931718854978369e-01,6.830062710102300372e-01,8.847293860875978799e-01,9.152364787555473669e-01,6.651709964477117154e-01,9.150569684409267657e-01,4.415269133500731025e-01,4.937936583884204866e-01,4.425562540760533681e-01,5.072592334709885575e-01,3.426260363730271319e-01,7.411797565659659082e-01,6.802064911352944110e-01,9.658039074924134049e-01,4.997187323938186987e-01,4.007607362284537067e-01,3.787201498175972736e-01,6.919806459973824042e-01,6.516172514349414246e-01,5.196033203222203412e-01,5.281309434823916460e-01,2.979506710571404593e-01,3.441944382157946514e-01,8.835158263790536814e-01,-2.358991946891986213e-02,9.171292250497372622e-01,6.804326484763372207e-01,7.361816244299407286e-01,4.980070097962094877e-01,7.257603420109088876e-01,8.697670412842750665e-01,8.176957440996582838e-01,2.137467425184498837e-01,5.237620766446562381e-01
9.948800277612332987e-01,4.700041306535727714e-01,7.561887204358742620e-01,6.515611121182466325e-01,6.016390961290631889e-01,8.405912007092624094e-01,9.090665032408481450e-01,4.027870743246173557e-01,0.000000000000000000e+00,4.966208189012574215e-01,7.076233616851592689e-01,6.495607366146214368e-01,9.810016183080585428e-01,5.601889802189932155e-01,6.284248075616871709e-01,7.671834727975963553e-01,6.539238093350464576e-01,9.697804978741537685e-01,5.245954279784389440e-01,9.395744056537470579e-01,5.712900418211077636e-01,7.266579887296354956e-01,3.561506642390208643e-01,7.627288848641526897e-01,6.648738854755255057e-01,8.110155687226195953e-01,9.476920750142139305e-01,3.205260123069301192e-01,1.003847695291600062e-01,7.813099572117796487e-01,2.550904277817848120e-01,6.820419632665867260e-01,6.410229443339495736e-01,9.934143424861054950e-01,8.471269550705520235e-01,2.732673865531984880e-01,7.676841096331743497e-01,7.572929592596987503e-01,5.511183128388569274e-01,4.537545096001714962e-01,4.007035967190359926e-01,4.929943100788067856e-01,9.573179639860169843e-01,6.637061571182116815e-01,6.316809923252181269e-01,4.033578949678496839e-01,8.535615997746101025e-01,6.611399966811359885e-01,6.185753339336814705e-01,2.282210003907787221e-01,7.187396510759580526e-01,7.125860947335470597e-01,7.918778981527534455e-01,6.548519743816058059e-01,6.233907574569783616e-01,1.778913714077849095e-01,7.404550754949648095e-01,6.754309699040171866e-01,8.321320105858462934e-01,5.921907258910479310e-01,1.992795024699982667e-02,7.647359190422229336e-01,9.941488404732607975e-01,8.383079502090831081e-01,9.373578686344319344e-01,9.333923525908115471e-01,7.280885439824971717e-02,9.968985501803691029e-01,4.370587805044670593e-01,6.932339870081610789e-01,9.737675631944959775e-01,5.333775435541744381e-01,6.134572956757794460e-01,6.572078442272784038e-01,6.938463967560207779e-01,9.762393239815549961e-01,3.539685091892368352e-01,6.866162630042929038e-01,7.055474067127051052e-01,5.960267072944205324e-01,6.655299944765392661e-01,9.919619186354952101e-01,8.741994689849681421e-01,7.244852247243036558e-01,6.859216861594275017e-01
6.866723318429481804e-01,5.884805498904551735e-01,9.352156224801304596e-01,9.285016198032406409e-01,6.444748047260276946e-01,6.861778653953588547e-01,6.179446359778643094e-01,6.066747514757784288e-01,4.966208189012574215e-01,0.000000000000000000e+00,8.143280284186230622e-01,7.371458705051510130e-01,7.428863550827823348e-01,7.481753509054216433e-01,3.589509824904283386e-01,9.205711833007184097e-01,1.730147854187313594e-01,6.764217360802912138e-01,7.306153691787871107e-01,8.345109413748498239e-01,9.687887280650955280e-01,6.398493041896400335e-01,9.529205907765435635e-01,4.257345665843572657e-01,5.244984888356037933e-01,4.665806004765248316e-01,4.532347691043973614e-01,6.172125962984753578e-01,6.513123263921681838e-01,7.072646732203247133e-01,4.738169753333613121e-01,7.862054079376507021e-01,7.587463090511359365e-01,1.908818839807231715e-01,4.119175038187018467e-01,2.262828356000326502e-01,4.909709665928635447e-01,5.743553552237501414e-01,6.898231299321949672e-01,7.751607608969686147e-01,9.910169868057304710e-01,2.485868586568077687e-01,8.650178970267176082e-01,3.384569550954500960e-01,9.810199710336223733e-01,8.947182075197083195e-01,6.895594413799209788e-01,5.809488693529460956e-01,7.463642845316904584e-01,7.864817370171227617e-01,4.099105720540026088e-01,7.528191696141260936e-01,9.112844636781328722e-01,6.636799236594126405e-01,8.327196791000942566e-01,8.605497245911968296e-01,7.390900571745040448e-01,5.404263470945335213e-01,8.140794638508190850e-01,4.593254528037565843e-01,2.446293013470046407e-01,7.644581140136381681e-01,9.561353952137475742e-01,9.521659349350078960e-01,6.145382246430827200e-01,9.517805101826022351e-01,4.060207299123489433e-01,9.378359744239230800e-01,8.325287874389111220e-01,4.718056277841206070e-01,7.925040181357938529e-01,6.814361137891500331e-01,8.542876233870612124e-01,5.958319308451835994e-01,7.572976600856909934e-01,9.607940556634951834e-01,4.523916338224325817e-01,9.308966259670533594e-01,2.828642398784000575e-02,5.115950894209778110e-02,9.810136825661464055e-01,5.276062656978617316e-01,3.240861778608103427e-01,8.917783507707839341e-01,5.225961542217976152e-01
8.133468523722474641e-01,7.180027996511135768e-01,9.371907689098545324e-01,9.316083451503016644e-01,7.880845610927238454e-01,7.324898286135015368e-01,6.820819878628100463e-01,7.703973237179972955e-01,7.076233616851592689e-01,8.143280284186230622e-01,0.000000000000000000e+00,8.188420773127840224e-01,5.383727083397145119e-01,4.216906787995690076e-01,6.921531279510215739e-01,7.581997903286417095e-01,3.283078824356016057e-01,9.824916947593836936e-01,6.073547870223452438e-01,2.781562044590987215e-01,8.601587736085199998e-01,7.888665913869037372e-01,4.668627325079540702e-01,9.099506426530428183e-01,5.428817777756417273e-01,5.629646318412151462e-01,7.996418270575014198e-01,4.746022386129557513e-01,1.486320341145528356e-01,3.930642001554626175e-01,7.924148826282662039e-01,3.283216211743485435e-01,7.599787745918024084e-01,9.146514291773061300e-01,7.676651558841811607e-01,3.656546355430007056e-01,4.947934112886118729e-01,3.764192629819462788e-01,9.777668047506168358e-01,6.862379191019352294e-03,2.513373659979128427e-01,7.104513461668661156e-01,9.726189298164225061e-01,8.181528006543296039e-01,4.356796448998237481e-01,6.152192107660022780e-01,7.076559525641552550e-01,6.035417875292538037e-01,4.654581743214821765e-01,4.180929090478976429e-01,7.315082992087232894e-01,2.864677059687737448e-01,9.485119821953229557e-01,7.410554320417866991e-01,9.969069261884493383e-01,9.323920497254252204e-01,9.506236232590663526e-01,4.162543240765867458e-01,3.077057863911592528e-01,4.615167223367506177e-01,5.094990465202690055e-01,3.007918690369651427e-01,8.595246896341014464e-01,8.959435778122376570e-01,8.584363632460260130e-01,6.747180690947136572e-01,8.450024620984450952e-01,7.817369756482512866e-01,7.654803081777860063e-01,8.751238022400931182e-01,6.785139920234840583e-01,9.166537336350710774e-01,5.082819033892420624e-01,3.165881690580659158e-01,4.229653265898451475e-01,9.064941822918889391e-01,6.188463748848432866e-01,5.962310391983077773e-01,2.124030288902993280e-01,2.743973012012289048e-01,7.734482332739053279e-01,5.588696684450409347e-01,9.210253320436521951e-02,5.065598096925932881e-01,6.137389447908360163e-01
7.555545733895504545e-01,6.265526124015819986e-01,9.074605403516947666e-01,7.921676625306700581e-01,6.458549611945699764e-01,2.665853858459610315e-01,6.088536037391069078e-01,5.100506268234848983e-01,6.495607366146214368e-01,7.371458705051510130e-01,8.188420773127840224e-01,0.000000000000000000e+00,9.082562576280002187e-01,7.493665070400647998e-01,2.400887112367900145e-01,7.641109785680930688e-01,7.531613409687436533e-01,6.184888877886149938e-01,7.123574090822590854e-01,9.532497674255272502e-01,5.805398203785702149e-01,2.037304691922460498e-01,4.767579867447830355e-01,8.771345763308799892e-01,7.346021536265657792e-01,7.914921195038124857e-01,8.997440545676078649e-01,4.403305594038861015e-01,3.643954270377602889e-01,4.407533402880332019e-01,6.766998224305744714e-01,2.776555697046331206e-01,5.245654994453721187e-01,7.686149869856585548e-01,5.688974759891717303e-01,4.611233836120903762e-01,3.990927158147821174e-01,4.196224539735533554e-01,6.608972047404237937e-01,7.482788492230019184e-01,5.607529531566198822e-01,3.920396155038461394e-01,5.801838567713081263e-01,7.796150772855942046e-01,9.805200257425371602e-01,7.341257135989370797e-01,4.243923771689238067e-01,9.057705763560358614e-01,7.834778517265581499e-01,5.615502410741826100e-01,6.332063823716713724e-01,8.087408827516435750e-01,9.948729045045143771e-01,9.925201023380448850e-01,7.700805972355707629e-01,5.158666017025627104e-01,7.469310167258098598e-01,7.176126390796343513e-01,7.421400562573169379e-01,6.623813508977125508e-01,7.851667110427229535e-01,6.429058692381829365e-01,8.022514785778027679e-01,5.287166080964439407e-01,9.436663525013108123e-01,7.587144059010999531e-01,9.081107653037774341e-01,7.069916517131125122e-01,5.473376096098193644e-01,1.777366659993493136e-01,9.167506777381316807e-01,2.968686485400769959e-01,6.456140017503333439e-01,3.588379530428071895e-01,3.971327381416641655e-01,9.491877633016605476e-01,8.723176012287300329e-01,4.309642061128581836e-01,7.139243773567154339e-01,4.219730125462365922e-01,9.675271638403971641e-01,3.778622770105478645e-01,7.558945868613133889e-01,9.375023610966326526e-01,9.236696555662015085e-01
9.707936370842442653e-01,2.410939494750936885e-01,8.449187418652075454e-01,5.479877793650256290e-01,9.224170488732950091e-01,7.193914297036083649e-01,3.040303030216508495e-01,8.123375763568480012e-01,9.810016183080585428e-01,7.428863550827823348e-01,5.383727083397145119e-01,9.082562576280002187e-01,0.000000000000000000e+00,3.472896632813013973e-01,7.690039440353769740e-01,8.036737112768183033e-01,8.973353863506797756e-01,9.273852183077961886e-01,8.031810627311686268e-01,9.451633877754843649e-01,7.931218512212592220e-01,7.310275223356723640e-01,9.453503699333511978e-01,5.727657266011741966e-01,5.315127160175949772e-01,8.480520252213372689e-01,6.077197633641607810e-01,9.834466986528878074e-01,6.630820565021903201e-01,1.904248264588104343e-03,-5.381781021519080332e-02,4.181062299700408769e-01,6.767288378203360766e-02,6.189227364303949708e-01,7.554663787718109980e-01,4.244000451250462547e-01,2.474008744176703911e-01,6.289107999811465177e-01,5.443132682743812012e-01,7.498644579086821693e-01,1.233554063840101717e-01,5.402687015465327258e-01,6.495273233268326063e-01,8.926984912251610949e-01,7.799279633352627084e-01,9.545694300598517312e-01,8.290048524571747013e-01,3.867411911402877100e-01,9.356922910268307136e-01,6.150993539622240380e-01,9.164052383323366691e-01,7.214852397193988187e-01,6.434576464461110312e-01,4.266676157995322183e-01,7.357350063536700624e-01,8.071073091759495277e-01,5.082306837851028325e-01,6.610722017250230120e-01,9.285034842387600573e-01,5.393859797429320091e-01,3.111451893019529513e-01,9.711766599155681190e-01,7.007840665615642228e-01,8.225725081896283486e-01,7.336030960715629323e-01,6.332528048788562680e-01,7.872853338941300239e-01,8.794115962740441939e-01,7.435568948090016672e-01,6.584277894993449953e-01,6.232370776091870068e-01,6.202049315261559670e-01,7.248672685087090839e-01,1.740924132425063497e-01,7.182076595811267561e-01,4.140286906587093974e-01,7.221374363813987118e-01,9.133705955328854653e-01,5.064482431866128564e-01,2.735612682919134064e-01,7.006980600219200328e-01,9.566864805714524467e-01,8.250577383045237800e-01,4.125856369533790202e-01,6.775298077130683660e-01
6.221655614798066170e-01,4.060414099314027525e-01,7.269805254492438529e-01,7.738508055221408055e-01,7.711643688188752899e-01,7.036874773028254371e-01,8.505002808824871918e-01,3.616354295847958866e-01,5.601889802189932155e-01,7.481753509054216433e-01,4.216906787995690076e-01,7.493665070400647998e-01,3.472896632813013973e-01,0.000000000000000000e+00,6.295699325968537874e-01,3.955807431011928443e-01,5.127166173629517099e-01,8.376363726090332862e-02,6.507555771145034917e-01,8.861494056571109779e-01,9.169328592984768989e-01,7.533331331559863786e-01,8.653032123440871359e-01,4.952259839417396114e-01,6.841323286825010674e-01,9.674940203923301230e-01,6.484661149146200287e-01,9.916685067025290401e-01,5.818146287884004009e-01,4.154636950980529209e-01,7.472885877542857491e-01,5.493245836420327377e-01,7.542802890093587287e-01,2.421119488067380310e-01,8.453314362018422568e-01,4.542953377122889158e-01,3.922204640765880046e-01,9.412507690074732869e-01,4.322470603130079692e-01,6.688058117439541483e-01,5.323304035810867418e-01,4.059228169824773413e-01,8.477366018593246455e-01,4.970225254426235972e-01,4.060158703650697531e-01,6.204502882844948886e-01,8.790120669099937833e-01,4.078795442123372972e-01,9.272495737796728754e-01,7.856431617072811013e-01,6.312226196219089536e-01,8.785079421971404567e-01,5.618632983851663543e-01,4.866561887451226753e-01,8.520440086417635506e-01,3.092601165758175341e-01,6.885338354455111665e-01,5.581735963361562636e-01,1.454778834716017460e-02,6.403314403388340459e-01,7.779322174498092268e-01,7.485588069008417555e-01,6.982056583559204110e-01,9.774761675510953429e-01,6.795562656172569049e-01,5.755137295876266990e-01,6.281113693219756433e-01,6.340438093278073506e-01,5.791360845101003463e-01,9.849291696964007636e-01,8.837580964464849531e-01,9.527901934630372827e-01,5.181291595377591763e-01,3.977847954771395189e-01,2.298581763995679039e-01,8.343744067635587847e-01,8.031055066949713828e-01,7.392831513520835562e-01,3.252938801154807713e-01,4.119787730517938118e-01,6.248988133292291414e-01,8.826953005547240050e-01,3.118878794498099460e-01,7.590507102136710982e-01,4.978982809268873155e-01
9.513614421527245568e-01,7.107280150900401328e-01,9.892186624211695145e-01,5.471343770112647720e-01,7.948689641324008237e-01,7.341421799377699786e-01,5.513248055224224675e-01,8.268125675152153686e-01,6.284248075616871709e-01,3.589509824904283386e-01,6.921531279510215739e-01,2.400887112367900145e-01,7.690039440353769740e-01,6.295699325968537874e-01,0.000000000000000000e+00,2.625108990834512657e-02,8.951041652579070362e-01,5.166664899520201359e-01,5.366470958574520722e-01,9.952690178302237012e-01,7.433333722959716283e-01,7.961321182663894103e-01,5.661838375589099970e-01,8.509160124567840544e-01,5.223906126054436161e-01,1.378914006864227493e-01,9.112862363788221121e-01,2.317684162768084977e-01,3.386700214994925462e-01,5.353347258440839251e-01,-2.923275913259881786e-02,5.522169977197909363e-01,5.165399914828898709e-01,5.759093051458268331e-01,3.712725233151098481e-01,1.249148665711891648e-01,3.201834495230567179e-01,8.866771995932160033e-01,4.474907481304289947e-01,5.254348415698377739e-01,2.017519731429459340e-01,8.140162998552427087e-01,8.547397044110610631e-01,7.022425799351873499e-01,3.047244291863464571e-01,7.892235730803068838e-01,8.619551244564147563e-01,7.227349022238219733e-01,6.809748281065510778e-01,6.969198808315654192e-01,5.976920696811776068e-01,6.011630835133264794e-01,5.784819222329176114e-01,7.938207482580061924e-01,7.302897451560738107e-01,9.395090404775441328e-01,6.135246358568736680e-01,8.117472507699787787e-01,6.376862536917047297e-01,6.300813308637508436e-01,5.802437897389163268e-01,8.213939095276822089e-01,2.403437905552464893e-01,7.811480853588921303e-01,5.389702550532134984e-01,6.356135213105971182e-01,2.383515822234869019e-01,7.512612023596078048e-01,4.545600521801227423e-01,6.955746577424939403e-01,9.558941872308842624e-01,8.169008436936997519e-01,4.944266180571416092e-01,2.900892089351649883e-01,3.347197571796014515e-01,7.190406063978161955e-01,8.548564380137090302e-01,7.233035167545878164e-01,6.610466644550158088e-01,-1.108604694785221695e-01,5.702928107312845718e-01,8.385320556681943316e-01,7.723119980963735198e-01,5.205450119884194038e-01,7.325696767433421686e-01
8.830013422409989099e-01,7.934792856509091941e-01,7.850043820496677149e-01,8.956312574247352609e-01,8.163318624696607184e-01,-1.329897563092410084e-01,7.013910952127767606e-01,6.819456906856176115e-01,7.671834727975963553e-01,9.205711833007184097e-01,7.581997903286417095e-01,7.641109785680930688e-01,8.036737112768183033e-01,3.955807431011928443e-01,2.625108990834512657e-02,0.000000000000000000e+00,6.808738558372440242e-01,9.776880681145584395e-01,4.739384016142797473e-01,8.397852075746727873e-01,4.492807185290714767e-01,8.002328470880039069e-01,6.544543169506103486e-02,8.168040258863398240e-01,6.664446675162767342e-01,5.592574004499294427e-01,6.472667130090130616e-01,1.944301445014580410e-02,2.038164233843384188e-01,2.997088134178045316e-01,3.157052779713602209e-01,4.081908250782745329e-01,5.272871318480690794e-01,9.895557642045087476e-01,6.522138982289833464e-01,4.933725125259078026e-01,4.786372028980566129e-01,6.741705543785171395e-01,5.391576030132949615e-01,6.223190128353093264e-01,4.868677026919830952e-01,6.287518975497428109e-01,4.603107930398530057e-01,7.579694513643566722e-01,9.202673786207332673e-01,9.965281863724591016e-01,6.029954490226369090e-01,2.018217967996840945e-01,7.168534765428181688e-01,7.836799874200482963e-01,7.249928684964762615e-01,9.357714552179321466e-01,8.400631853775937241e-01,8.566897324005957604e-01,6.309294426187100902e-01,9.184511210047647811e-01,4.870252165640398534e-01,7.079180497597191701e-01,5.072804000653601264e-01,6.314427983823993618e-01,5.398771173148680935e-01,8.382245827871597221e-01,6.856477671330248880e-01,6.372345783803655683e-01,7.778586366413772213e-01,3.993939173396328646e-01,9.125073149492020086e-01,3.560739268893206022e-01,6.318595241930721196e-01,4.571548343762621425e-01,6.871052738089673539e-01,4.788564104805519972e-01,9.456431799114313197e-01,5.221063983678629894e-01,6.448028538908538998e-01,6.109143169516916272e-01,8.323189708096743189e-01,6.890392141425926154e-01,5.865789195721632376e-01,2.521113025852773082e-01,3.891693732072804002e-01,7.202648242386807675e-01,9.362731143598104211e-01,4.019496380031667426e-01,5.182589579677413516e-01
4.433159149371898033e-01,8.382042948687378203e-01,8.097538726849260460e-01,6.603653484881226721e-01,9.743003699999301936e-01,9.733913519379416845e-01,9.449892400184533026e-01,7.744488695150870683e-01,6.539238093350464576e-01,1.730147854187313594e-01,3.283078824356016057e-01,7.531613409687436533e-01,8.973353863506797756e-01,5.127166173629517099e-01,8.951041652579070362e-01,6.808738558372440242e-01,0.000000000000000000e+00,9.574039173956867543e-01,9.006048265732023994e-01,7.948278138239082136e-01,9.238940753012550022e-01,9.745153251844707043e-01,4.057212911079787765e-01,7.587099729159547667e-01,4.099644738935824262e-01,7.846090294410752453e-01,9.737651918995046119e-01,7.625552048161197138e-01,-6.208785177544448586e-02,2.467698202094529281e-01,6.276701353300363495e-01,7.925757315351698029e-01,9.150419089974622944e-01,8.534099227982794300e-01,4.800181972509410810e-01,2.739743233626231178e-01,3.369213255510061233e-01,9.167806967701859211e-01,4.069292098808590108e-01,9.454784029882890017e-01,2.213939359707980947e-01,9.177808046061183278e-01,7.593929329926952798e-01,2.507415546436935760e-01,8.137897339296782384e-01,9.313619971397659736e-01,7.991673870676100355e-01,6.252941568824762486e-01,5.017417375412770442e-01,6.346441113298684211e-01,9.748922397439118148e-01,6.169225799425565038e-01,7.509524253258013093e-01,9.100056509436229568e-01,7.533748677473002253e-01,5.027792533619317439e-01,6.397070500428273521e-01,6.905838744493552062e-01,9.196456863288560157e-01,2.530562083500160764e-01,5.831362187535726882e-01,8.057930765303168430e-01,7.611717836129529013e-01,8.208288996550093808e-01,9.923804636401056811e-01,3.649342798523416143e-01,9.665050087501468878e-01,8.602041631319288228e-01,6.121558789695163982e-01,2.681991491083884349e-01,6.417014155366511652e-01,5.135186884334707047e-01,9.323187702527966358e-01,2.540384620366664126e-01,6.121004371215194029e-01,9.578820482808638737e-01,1.718986040734204745e-01,6.293728822579482962e-01,5.676587625303961548e-01,1.979241713316026979e-03,5.659338173769581370e-01,6.082509080323517114e-01,8.294507693763242262e-01,6.696817671273960215e-01,8.578772940392989099e-01
6.642453104065821901e-01,7.210286629163913386e-01,8.057187613085960987e-01,7.776372481792551694e-01,9.586340883174704341e-01,9.004581828202576910e-01,4.145387485497100122e-01,7.526806567402323234e-01,9.697804978741537685e-01,6.764217360802912138e-01,9.824916947593836936e-01,6.184888877886149938e-01,9.273852183077961886e-01,8.376363726090332862e-02,5.166664899520201359e-01,9.776880681145584395e-01,9.574039173956867543e-01,0.000000000000000000e+00,8.795128736021347038e-01,6.701588567753535841e-01,9.652588402975825765e-01,4.444426136120313564e-01,2.970845611236161421e-01,9.171588391614632352e-01,6.071297681608721630e-01,7.280110515242319558e-01,1.605640298054200055e-01,-4.522684352602762692e-02,6.502918525370119385e-01,5.991753872958498484e-01,5.204450492367040937e-01,6.336925639223356388e-01,6.829310018700325280e-01,9.043513181338478368e-01,7.523421616917367327e-01,2.481266968680999052e-01,7.137832812139561778e-01,7.768297000090154114e-01,7.721341543494761872e-01,8.813311571675106482e-01,6.680818584112373504e-01,3.059625376347269166e-01,9.620010201474342715e-01,7.950374820468485426e-01,9.489084523465229903e-01,7.795172481376489992e-01,7.077553967500017640e-01,7.621619327311719427e-01,6.119228525333586521e-01,8.007159683124620564e-01,3.313382524471424340e-01,5.956151752182311521e-01,4.573903993966397796e-01,7.293487395420665820e-01,6.542516296231185580e-01,9.919223352091828261e-01,5.396534471909413266e-01,5.877343120698876877e-01,9.829901492875957603e-01,1.972463111997414809e-01,2.316006328829149363e-01,6.984407628310541627e-01,6.962708432420051663e-01,5.984325120217304228e-01,6.026753538256585108e-01,7.753250614301794297e-01,9.126049659465864661e-01,5.268124830785139157e-01,9.238613789169120016e-02,1.948028898940745712e-03,8.201079195763325558e-01,6.087814315109620900e-01,2.219991154157430757e-01,3.633273833293341748e-01,7.644578800044673494e-01,8.507676646658722808e-01,6.154060310895743680e-01,6.408985686606485377e-01,2.139564789930380184e-01,7.002769362146351595e-01,3.466263226891515004e-01,7.181607069710302937e-01,8.828373617751623659e-01,2.432784455504627963e-01,7.545829492767870406e-01
