0.000000000000000000e+00,8.758009375403736918e-01,8.755613941765274522e-01,9.201417921888819240e-01,7.121376701963318956e-01,9.775682685846565079e-01,9.271864396040943035e-01,3.330231013701039355e-01,6.627085325842720920e-01,6.891746189269977174e-01,8.005437028436542812e-01,8.830413602548642382e-01,6.781439676386238347e-01,4.660330100048906132e-01,7.801292705787632453e-01,7.031059647241836297e-01,9.007209437419704257e-01,9.824549987910493609e-01,8.486971348926335423e-01,8.156532831774646608e-01,6.825237036247681077e-01,9.182812223159776410e-01,7.446017318060837997e-01,4.236053941184231841e-01,7.910666225388065520e-01,6.281529994001500139e-01,9.179418316257077493e-01,6.146772681526572191e-01,5.910011590358689171e-01,7.917240011293783519e-01,4.302289719348783015e-01,6.708045891582240516e-01,8.945936737421568141e-01,4.659711761474181202e-01,7.238579653514173318e-01,2.221962125905518615e-01,5.929975130547990858e-01,7.582312548624545734e-01,6.921423998499058872e-01,9.375640024548403950e-01,4.209694117922654910e-01,6.104619765535125309e-01,9.634939643267067533e-01,8.229248048546751182e-01,9.377468442139851312e-01,6.786637507485019372e-01,7.093944076497260554e-01,7.697995295554732609e-01,5.804950164955615666e-01,4.490190338409512094e-01,7.816780533245831775e-01,6.123285181062515514e-01,5.818304519131732855e-01,5.116534801482524042e-01,7.305040803187279330e-01,9.720952365371260395e-01,8.585121436974614273e-01,7.023895013399071852e-01,8.781535533584200470e-01,7.182782665341840289e-01,5.449502177430501915e-01,7.536263413183731386e-01,9.089920268965444583e-01,9.469566489106471252e-01,5.803287778372414607e-01,4.334645055742499808e-01,6.913246622226174587e-01,7.108015873948942964e-01,9.368367479867077963e-01,2.136389680309099259e-01,9.376902612964180816e-01,7.558068174761927160e-01,4.591182342700966812e-01,4.911688574363669568e-01,8.833890122705100323e-01,6.196104705196719964e-01,8.783134682901512225e-01,8.966133386117387527e-01,4.801666956597330227e-01,4.422973927377649161e-01,8.764682058762126582e-01,8.856370354102784948e-01,7.061941946015745097e-01,5.834840903974424231e-01,3.738787998957637804e-01
8.758009375403736918e-01,0.000000000000000000e+00,9.313591747856485581e-01,7.639900736553418836e-01,8.784874307075976052e-01,4.367919135748181692e-01,5.591725191314294019e-01,7.145461937651458317e-01,5.626654340206758143e-01,9.462820006456647004e-01,2.277820463716556387e-01,3.902571752924560711e-01,8.221528507056291568e-01,4.885740524115506078e-01,2.343921611356983292e-01,6.510244646973780691e-01,5.441042283818826597e-01,9.536349031190836101e-01,5.461524282440655131e-01,9.447374951921200248e-01,9.798981063996774488e-01,8.094314369237881612e-01,6.304009233631795439e-01,9.448987300436719750e-01,4.626042913283067715e-01,6.305980327528231122e-01,6.710624928567675562e-01,8.729679072326961276e-01,5.475418716545575881e-01,3.599400351383017505e-01,3.622361980608611587e-01,7.078056295368069240e-01,9.842403916593350788e-01,6.441767975651299105e-01,8.493886065249331985e-01,7.687590112436444301e-01,-1.701542489943777825e-01,5.156475463521594804e-01,7.856171812609209493e-01,6.176190645514587629e-01,2.746871272224706839e-01,6.115780998355746512e-01,6.531286328502066141e-01,7.802960540599375161e-01,7.154367588801857636e-01,4.799175231781120932e-01,6.228628049606595996e-01,6.523462565841253724e-01,5.830838236800510721e-01,9.243190260110549783e-01,7.922713984485947325e-01,6.622766354619484819e-01,6.940208957372030474e-01,6.422633452959122247e-01,2.793902416787089060e-01,9.404175282251889811e-01,2.909152482863832101e-01,8.983440860357290170e-01,9.093631446570883403e-01,6.974057552855524866e-01,7.418912900502411256e-01,9.833483103761488930e-01,7.222088266569377524e-01,9.004282793743028090e-01,9.798290592188796388e-01,7.842191606138075866e-01,7.548976335340464860e-01,8.232421766668736041e-01,6.554462494181760857e-01,9.100553328712902568e-01,6.847088903657556624e-01,6.755159888853430328e-01,2.017650419241102389e-01,2.038886846885357151e-03,5.382762160343015356e-01,6.988149886244444664e-01,9.041231715791930856e-01,8.337380672994599839e-01,-9.652241910915886069e-02,2.693404565598898626e-01,2.894555890348526339e-01,6.181542565405088174e-01,6.808670436925984282e-01,6.924127020492742979e-01,7.412736480380791582e-01
8.755613941765274522e-01,9.313591747856485581e-01,0.000000000000000000e+00,5.261202012959873553e-01,6.441435552243642837e-01,8.430436474298356186e-01,6.847780287688305378e-01,6.125063493911585555e-01,8.483207346867001064e-01,8.190570197716182665e-01,9.499053454246192407e-01,3.223860410750154504e-01,4.589042153084212927e-01,8.448408688065051075e-01,4.077690827139206498e-01,7.142465585590196397e-01,7.299164237420697754e-01,9.160228162381415240e-01,3.017107257506208562e-01,7.743937987459197370e-01,8.807175698934508468e-01,9.535380705566254278e-01,8.986238712249066118e-01,4.575407361649992954e-01,9.821215307396938821e-01,8.179956591793094978e-01,9.580189043933707849e-01,3.757665343567896943e-01,3.282404606526772434e-02,4.284404803697133279e-01,5.235303057076459154e-01,6.864604592522844939e-01,4.292783371616062382e-01,9.978271759832084697e-01,5.379803055953227275e-01,4.284414767075982455e-01,4.905400454957364875e-01,6.734476435038631026e-01,8.882511905555126042e-01,2.333949155087939875e-01,4.985153656632230756e-01,8.142149957847077957e-01,4.520066191800446442e-01,9.678930629252230355e-01,4.734443922505222058e-01,9.556672039080775782e-01,2.817468746742312069e-01,9.209874870782840395e-01,9.922457425038344603e-01,9.996751416077340746e-01,7.500087250979301512e-01,8.958836703681447577e-01,9.742787065105047439e-01,8.454756291118402656e-01,9.972289946741321742e-01,7.160070078042526376e-01,8.606694207318509315e-01,9.564389753071365075e-01,9.124892088764429143e-01,6.915883695733677783e-01,2.272499545742227567e-01,9.637595737824750097e-01,8.814345132220764434e-01,6.199136762550885305e-01,7.520640787572647756e-01,6.350020561074064540e-01,7.125834343494004131e-01,7.883066322499898693e-01,8.355287224950657121e-01,7.273990274537570633e-01,4.384801301586631062e-01,8.867780009052814716e-01,5.280673810368973209e-01,6.061251336720899774e-01,8.516447780334269746e-01,7.270971135064434598e-01,8.338023435398876915e-01,8.746801523381898535e-01,1.677952718690694234e-01,1.601090680950789380e-01,4.130600987923330747e-01,7.303812687825279593e-01,8.950882369769879165e-01,9.819484860409189997e-01,8.593407175934956177e-01
9.201417921888819240e-01,7.639900736553418836e-01,5.261202012959873553e-01,0.000000000000000000e+00,6.971614472453189215e-01,9.174811784994415520e-01,7.423196038552791753e-01,7.734771945065501697e-01,5.134831190715631877e-01,2.277901226711940008e-01,9.756029675081174801e-01,9.636443371862890572e-01,9.137862268872445348e-01,7.525857295535713920e-01,7.349488140045713491e-01,4.124295359594579713e-01,2.567429125016828517e-01,6.484628991079208760e-01,2.041728384760740089e-01,7.823458680554212785e-01,9.571826668771566959e-01,6.519353874669826521e-01,5.466692739801566336e-01,8.027137525045077160e-01,4.998762418230062177e-01,9.460756552592212154e-01,7.765783607562184443e-01,4.369218068812922851e-01,3.943788602566493107e-01,4.401342042005512711e-01,1.912605715643169932e-02,7.711569566922591434e-01,2.057441488026584275e-01,4.068695355649115664e-01,6.909112080238389852e-01,7.385770241186995211e-01,4.278279305502076801e-01,1.100863306462268598e-01,3.424741663322279361e-01,8.016119692447016831e-01,4.914113114303360064e-01,9.140883553101295522e-01,3.584528623082680054e-01,9.142350144870511341e-01,8.222727378153235067e-01,6.895756233082047659e-01,8.348428879471058162e-01,5.929665717776657630e-01,8.961691339805697432e-01,6.455466572068835340e-01,6.514789027705655267e-01,8.115437335823185716e-01,7.785554966452226111e-01,8.803894476935388846e-01,7.616768740751335143e-01,9.907545234277184143e-01,8.663657628851029191e-01,7.702881612253463794e-01,8.571581500775561357e-01,4.371916379404591213e-01,2.513538787016459386e-01,6.858394410322606882e-01,3.030313033882930385e-01,9.459671831607068260e-01,9.660177058580085019e-01,5.346354552615768529e-01,6.656085781543970015e-01,9.917293245425840009e-01,9.990136109618792393e-01,9.468103753588753557e-01,5.871785328626646372e-01,7.422867501938568147e-01,6.081818553839511976e-01,6.662415737750405631e-01,5.554720690329302268e-01,9.461943096539993103e-01,9.066633223977189626e-01,4.216839199206716682e-01,2.278207499772036404e-01,7.996655481031496038e-01,8.141943284640241751e-01,9.458662347116194580e-01,4.530267139466187531e-01,9.395401371504066290e-01,7.912326029144034489e-01
7.121376701963318956e-01,8.784874307075976052e-01,6.441435552243642837e-01,6.971614472453189215e-01,0.000000000000000000e+00,9.017160894564438811e-01,7.640245299959992353e-01,4.274339992214148953e-01,6.753641774615812832e-01,7.818357810748994829e-01,6.799610942305891470e-01,7.925261961781608910e-01,9.341981231806274488e-01,9.659852609399438572e-01,6.344632471640240245e-01,6.203550907534830516e-01,9.518731339855845963e-01,7.976674779301360374e-01,4.721465046477319460e-01,9.329954401621655125e-01,9.335605028823629192e-01,6.734035339327224534e-01,8.456550196671744901e-01,9.001005032032456388e-01,2.148643348886687954e-01,9.858795649879987799e-01,9.138735077237339910e-01,5.877125913066911789e-01,3.346465061358144255e-01,3.553493638573483882e-01,2.276246220514724361e-01,2.280895360853056608e-01,4.244675943603270496e-01,8.025453673496665274e-01,6.289233489919734410e-01,5.448297836174406106e-01,7.572911731269449387e-01,6.481462773561377233e-01,4.381058560683722680e-01,4.899881632008285526e-01,7.958699915542636338e-01,9.504950490615454717e-01,6.848668537179771754e-01,8.625345970898883330e-01,9.203486927327584333e-01,9.438974755026017238e-01,8.833750907309437794e-01,9.188208170771212657e-01,6.696937703175862566e-01,9.408970288631933743e-01,4.028587717431966198e-01,6.485683535571009628e-01,5.512663217514002234e-01,8.339815798411839287e-01,9.659666307972293309e-01,7.510136319362752388e-01,6.382371430271174262e-01,8.876705169684285801e-01,9.616879470321216816e-01,5.628815749816047376e-01,2.617773215189476144e-01,4.862659991344984167e-01,4.820896389053626052e-01,4.079888920971607158e-01,8.725431704267381239e-01,7.071910703871712167e-01,9.161237327641754691e-01,7.119839069816381594e-01,3.205977873242042420e-01,9.466652414073091215e-01,9.047001001021663935e-01,7.068290591638739517e-01,6.826568441156967149e-01,3.104769494765401427e-01,5.099450674328863675e-01,8.028267543642993997e-01,8.441900601294621831e-01,5.805588761172528756e-01,7.282897075562527744e-01,2.550491546307039892e-01,7.971655800266979064e-01,8.018396354622293609e-01,6.409825589761252163e-01,5.976220913972014881e-02,9.140650114776143198e-01
9.775682685846565079e-01,4.367919135748181692e-01,8.430436474298356186e-01,9.174811784994415520e-01,9.017160894564438811e-01,0.000000000000000000e+00,7.732715366550001468e-01,6.522455890024649872e-01,4.397922233088968347e-01,5.937991258026575903e-01,6.348750527116535647e-01,1.878481696747278107e-01,6.163074588752024408e-01,6.905445484127650246e-01,7.213608961738642300e-01,6.162689363025968259e-01,6.488113994179619537e-01,4.127532054075480628e-02,9.804683101891236152e-01,9.980843242156310913e-01,7.887733945012347370e-01,5.050674539005556296e-01,7.595281665405788640e-01,7.801134269074734284e-01,6.697068541792157159e-01,3.917002413439967246e-01,8.657534437025767859e-01,7.218171053704887097e-01,2.901132825604343379e-01,6.425543867318788127e-01,9.296610633652017119e-01,7.947297942965599882e-01,8.483238444536027600e-01,6.132670712350334341e-01,7.604521368359564715e-01,1.856178545093315480e-01,3.416666777405860111e-01,2.355286679139596273e-01,8.110200046849722622e-01,6.382594244697752384e-01,1.777452356052082738e-01,4.867524474025404224e-01,6.997128774789495020e-01,6.041586030735145441e-01,9.868115779856521108e-01,4.838114636731897789e-01,7.587282143266926848e-01,7.748530413234409053e-01,4.982505067194168413e-01,3.052341032082028227e-01,7.396286323334896329e-01,7.110617562391456925e-01,6.393724221251402273e-01,7.392544262002109789e-01,8.502508144648417421e-01,7.243428698992867565e-01,3.913666040893204467e-01,9.595215018282794439e-01,8.913695447578477982e-01,3.991997996027728535e-01,5.426496310527377798e-01,3.431176466568801597e-01,9.068098526283143723e-01,5.328342572523647735e-01,8.404498602471386359e-01,8.691232913830301277e-01,9.255442486540141900e-01,5.596404998092201488e-01,5.651243207896232690e-01,9.663695988452179753e-02,7.681640890548412370e-01,9.671583999951753885e-01,6.379622834325218150e-01,6.171987061481454262e-01,2.167577946141765466e-01,9.440525093269277468e-01,8.549292548232694244e-01,6.014630800207550199e-02,5.672794973521858575e-01,4.023984376613567449e-01,5.465521300495206347e-01,6.500672161972183005e-01,6.798929654379477494e-01,3.657880790455183551e-01,5.997628487360476823e-01
9.271864396040943035e-01,5.591725191314294019e-01,6.847780287688305378e-01,7.423196038552791753e-01,7.640245299959992353e-01,7.732715366550001468e-01,0.000000000000000000e+00,-9.750597854282522237e-02,7.521469604638637563e-01,7.862828398636710903e-01,5.610162571206842586e-01,5.789135639036532277e-01,4.706319428944560346e-01,2.043469962211945934e-01,6.337436261022498796e-01,7.522491950327162558e-01,7.171989069431513597e-01,2.992555959941018973e-01,4.029835777939385077e-01,8.780893899065189689e-01,6.852071997134400183e-01,4.636262324336191121e-01,3.865232408994546676e-01,8.165055720580863818e-01,8.671660499989202187e-01,7.208022966405679410e-01,5.898694480520136896e-01,5.352190857525676027e-01,5.673274739120893750e-01,3.796642879868611931e-01,-4.202895973412362762e-03,5.493583120375309381e-01,6.238449757320340128e-01,8.392152140668387439e-01,6.395670664197481425e-01,8.435414340804582300e-01,8.870648295948065087e-02,2.628734556159588800e-02,6.692802131392959764e-01,4.322189485173868473e-01,6.589796774838423410e-01,4.490756161046317585e-01,7.232925386532021994e-01,8.468198969755712513e-01,8.431049756558379737e-01,2.555325212371005184e-01,8.460792722145003830e-02,7.362286463609186704e-01,6.130594366969602804e-01,5.977890765535984752e-01,9.638957616791352656e-01,5.783855744880523897e-01,5.079679087225227319e-01,2.417905446868249819e-01,8.728924705563039232e-01,9.155037799855730851e-01,6.251152902062836469e-01,2.946883691676664419e-01,5.905092216344564049e-01,4.585360977564200136e-01,7.248304253273532005e-01,-1.723598816690052882e-01,9.500859070407592366e-01,7.903442228393164903e-01,7.149118272405282637e-01,2.085752085066280015e-01,9.796232140459040227e-01,4.909497638044319490e-01,9.973830937923603424e-01,8.502389045382642285e-01,6.938041018968320595e-01,6.048220981796004203e-01,7.885052918861050752e-01,6.073867060950325358e-01,9.690034869420113273e-01,2.996992733227987205e-01,2.763551798247386171e-01,7.984406830722852177e-01,3.689244818523097491e-01,5.135543533876494315e-01,5.945015960157185031e-01,8.143979242484087333e-01,6.804932492295321378e-01,2.380595734471700475e-01,5.256883609597329254e-01
3.330231013701039355e-01,7.145461937651458317e-01,6.125063493911585555e-01,7.734771945065501697e-01,4.274339992214148953e-01,6.522455890024649872e-01,-9.750597854282522237e-02,0.000000000000000000e+00,2.003041436463467717e-01,4.582423998615955951e-01,7.371309275958004559e-01,3.890479919012755916e-01,8.629152268700194250e-01,7.222158374113577528e-01,6.696185289225640158e-01,8.349888607863146239e-01,4.786261205064921698e-01,6.215996806723254053e-01,9.880073012434777979e-01,8.904842589533665809e-01,7.616910211282812426e-01,4.229181788498168060e-01,4.562662554321239572e-01,8.060440793753510524e-01,6.711613408084046162e-01,3.357917439056082309e-01,1.134225875821248536e-01,5.447039845119543422e-01,5.155576061257846066e-01,4.749758679593582555e-01,5.930876764853356686e-01,7.567089729056489800e-01,7.045744338888170200e-01,5.353077891523488896e-01,4.182400256752156764e-01,2.013485397094612606e-01,4.695124511388290567e-01,4.004802613477396189e-01,7.602394013845510390e-01,5.026496302168017571e-01,2.777659863406010676e-01,4.646115521839789819e-01,4.698001728749233163e-01,5.123078627756195713e-01,5.514397579371367319e-01,4.386649412039055340e-01,5.539451110985913473e-01,5.236387674118205826e-01,5.902566470403458609e-01,7.814879632414133415e-01,6.380791963306331471e-01,2.039998385781152668e-01,4.379881969695343935e-01,4.883187335017545316e-01,2.099601208155558174e-01,4.008633623579526128e-01,8.597168486076909311e-01,9.865514842854420374e-01,8.314036464841424445e-01,3.314171237301690720e-01,5.045587858705032902e-01,6.357399353311770085e-01,7.452489498889487418e-01,8.842046809253483186e-01,8.803833515173439261e-01,3.862488591445943364e-01,3.569100369527890004e-01,8.968017697001210431e-01,7.763754283904320541e-01,5.193509823496650357e-01,6.912761422798120448e-01,7.926619826378971112e-01,-2.479684308555885064e-04,6.916894304246840042e-01,4.087846458557481966e-01,4.021129642934277992e-01,4.988449406704020817e-01,8.881169189408033571e-01,5.679214442660647233e-01,3.708838542276988171e-01,4.642070995299875658e-01,9.764010962382035919e-01,6.789137301329509766e-01,5.748570514531903264e-01,6.895212690003367229e-01
6.627085325842720920e-01,5.626654340206758143e-01,8.483207346867001064e-01,5.134831190715631877e-01,6.753641774615812832e-01,4.397922233088968347e-01,7.521469604638637563e-01,2.003041436463467717e-01,0.000000000000000000e+00,6.065350888218244974e-01,8.159427836905654985e-01,7.789224740327824748e-01,5.417869505440469080e-01,6.063913613176090678e-01,6.590163875054751985e-01,7.352426581610750356e-01,9.790061755041123970e-01,6.203268688050950219e-01,4.529173233394623299e-01,7.789394592904579362e-01,9.954675753950312789e-01,8.389002873855350151e-01,8.003890025685640452e-01,9.305061710111222073e-01,7.319034968201715285e-01,8.078612399515380238e-01,5.121546549021172012e-01,6.353378842193536657e-01,5.999244559543923661e-01,7.191569407912505874e-01,7.966788802137378944e-01,6.169784477893455188e-01,9.363907013753705044e-01,9.233671860895577010e-01,6.801945226668139055e-01,6.154919284653884715e-01,3.681123895823502634e-01,8.849990573961368234e-01,8.462479450467963460e-01,6.060641284188581501e-01,8.144192797435622078e-01,7.029768201752742973e-01,8.161316286666007169e-01,7.340936290983554047e-01,9.610774991022981162e-01,7.956102600540544412e-01,7.306087508709617762e-01,6.357745826434728631e-01,4.064113297116530577e-01,7.101153804634811051e-01,7.576823682413471595e-01,6.577928454964695471e-01,6.667236793257024230e-01,9.033774421477842598e-01,7.749638323433372111e-01,6.271689682576629954e-01,8.456468872616141885e-01,5.879121220449274876e-01,4.287846343760640666e-01,7.976392817318762596e-01,3.904607202043218761e-01,7.241083736402477156e-01,6.285363540359178991e-01,6.973546575057545382e-01,9.031115729147971560e-01,6.879203820610733933e-02,7.815869418759404663e-01,7.028783929321477109e-01,6.207422512121844038e-01,4.322856902234467613e-01,8.879106648710809457e-01,9.588308537654517405e-01,2.351648595210050208e-01,5.238522328533480321e-01,3.036868652333264695e-02,5.355666793529330338e-02,7.837891851206462146e-01,4.772966189537167225e-01,3.441229309176477846e-01,3.446859011564414876e-01,6.155530903457296921e-01,9.395617012606610752e-01,9.202664368249786619e-01,1.414770026298160233e-01,4.910527587118120874e-01
6.891746189269977174e-01,9.462820006456647004e-01,8.190570197716182665e-01,2.277901226711940008e-01,7.818357810748994829e-01,5.937991258026575903e-01,7.862828398636710903e-01,4.582423998615955951e-01,6.065350888218244974e-01,0.000000000000000000e+00,8.532359255546089205e-01,6.869723325167108596e-01,8.068976699373414663e-01,3.399213254707219578e-01,5.782886337081799555e-01,4.657287154765543113e-01,5.880031074788155676e-01,4.869464100050918676e-01,6.438056864058688822e-01,7.241438252867987702e-01,6.508041407637099596e-01,6.100108878935667223e-01,6.562734235053420129e-01,6.624743067614600189e-01,7.007810804315144360e-01,5.521227587161207095e-01,7.117077917330728587e-01,3.680287702441650266e-01,6.017094117309191859e-01,7.868467505384911798e-01,4.490636364042815964e-01,6.874540299460559778e-01,7.005258320989939946e-01,6.135935668713216051e-01,7.395114547236014690e-01,4.873127632207266413e-01,7.336761311695401133e-01,9.046433496487074066e-01,5.813393257836010353e-01,9.523755034574465927e-01,6.204091198729975304e-02,6.177494547811137604e-01,9.286572258890564147e-01,6.634431893985143214e-01,8.323778800201545591e-01,9.539144304818906184e-01,7.109191805916290630e-01,3.629826894671639437e-01,6.447641155775096777e-01,8.339069651684054563e-01,7.800545212505771708e-01,5.364978540704585797e-01,8.520173603542594565e-01,8.942822356174103815e-01,4.746315308057088567e-01,8.099932149376615209e-01,6.318124092460531971e-01,6.461747219019551292e-01,3.764067450978627605e-01,6.237024950836272952e-01,9.148472143498985742e-01,7.982620271867759687e-01,9.605487020694742917e-01,7.311381196048014619e-01,7.424662989245487399e-01,4.438907991073147707e-01,7.901635205010963947e-01,7.843501271967181498e-01,6.716343634606497526e-01,8.618437181818905390e-01,8.071514719622870926e-01,7.294145413725905414e-01,8.412554710878734632e-01,7.744108268980648413e-01,3.027654115216713016e-01,8.305592143927740256e-01,7.185549806037265785e-01,6.602025179431187940e-01,6.711392843737821190e-01,-5.526435184024169889e-02,5.489179219261194342e-01,8.369896629410096267e-01,8.162974625027790143e-01,9.543322177922424210e-01,7.993081985823933255e-01
8.005437028436542812e-01,2.277820463716556387e-01,9.499053454246192407e-01,9.756029675081174801e-01,6.799610942305891470e-01,6.348750527116535647e-01,5.610162571206842586e-01,7.371309275958004559e-01,8.159427836905654985e-01,8.532359255546089205e-01,0.000000000000000000e+00,6.221590313395988225e-01,6.776382749303876407e-01,8.870680523513015947e-01,1.813494080386684748e-01,7.543027550059197006e-01,2.014806069614656359e-01,8.154847536155762633e-01,8.628843926823119848e-01,7.657472712968971251e-01,8.050847548868460546e-01,7.395630312101364456e-01,9.883072930977849779e-01,6.418545779738936696e-01,5.404897383301190406e-01,6.168588400797043736e-01,9.385405671872331101e-01,7.225234035569295665e-01,2.460099871482211153e-01,2.009515559165489518e-01,7.244557120698703612e-01,5.078657474942946948e-01,7.748168556709617016e-01,9.798079289938292913e-01,6.162366217695762760e-01,1.098441565065565451e-01,4.897011310649929672e-01,4.931653429702516633e-01,6.984676589178059336e-01,9.500194982601113391e-01,2.373961140415257465e-01,7.115604307958978136e-01,2.138403690871656659e-01,8.976049431563601910e-01,9.275971874558418540e-01,7.135019745471975483e-01,6.457056010087338649e-01,7.387984817543193916e-01,6.926615038295050875e-01,5.966574733961812482e-01,4.911384517613861522e-01,8.072321834568217946e-01,8.267673892330581475e-01,9.022115002701398823e-02,9.960257019262560574e-01,8.673300425218826160e-01,7.101542200611280498e-01,8.613022404322783210e-01,8.572443436927188465e-01,3.827227705744305070e-02,5.813338026618364296e-01,4.855422959199245381e-01,6.181502150662059325e-01,9.263914823217189731e-01,6.817777462411733769e-01,9.260812841835419640e-01,9.362153427825259389e-01,9.992281642893214855e-01,6.877717501474548412e-01,9.059689766098012464e-01,7.201396459668599759e-01,4.292709809446085822e-01,4.843459536025493950e-01,7.998605324812063655e-01,7.738557510366038672e-01,6.406276918538309495e-01,5.105442583065226136e-01,6.235557643102515035e-01,5.336450368553289358e-01,5.981327714515596305e-01,7.257395527462436879e-01,8.074487314708734820e-01,8.096031716501260744e-01,5.811659862922824438e-01,7.429202472516152067e-01
8.830413602548642382e-01,3.902571752924560711e-01,3.223860410750154504e-01,9.636443371862890572e-01,7.925261961781608910e-01,1.878481696747278107e-01,5.789135639036532277e-01,3.890479919012755916e-01,7.789224740327824748e-01,6.869723325167108596e-01,6.221590313395988225e-01,0.000000000000000000e+00,9.119872471406874626e-01,3.466363435213313249e-01,2.585163157617419993e-01,7.334568042493502249e-01,4.227583066703394787e-01,3.674086022257927464e-01,7.653128736194603210e-01,5.840192994785742275e-01,4.538743720092697775e-01,2.923552447200688520e-01,8.634109847372866131e-01,8.686848175163487396e-01,3.404583424268826652e-01,7.364486256035022160e-01,9.263275532817845104e-01,9.221135257171388933e-01,2.540616186318894743e-01,3.507480318861373458e-01,3.765241057805623903e-01,5.395612933104267928e-01,7.817614853670250552e-01,9.087480908956016012e-01,7.844520879218359610e-01,4.048822978841217224e-01,3.837553940756052717e-01,2.481492974781900895e-01,6.432897179499782458e-01,9.386759959859262148e-01,2.261662960883967788e-01,7.710049018389129039e-01,7.906373621407658536e-01,2.806896800956549809e-01,9.176531465662041143e-01,6.189508197579232096e-01,4.789218517771745010e-01,7.318701922885944011e-01,6.685514971325530187e-01,9.065687274603005941e-01,5.228003657008924998e-01,5.120382322264454000e-01,7.166783585789775479e-01,7.703925878638456792e-01,7.942715561387575507e-01,6.618042659495781965e-01,7.550199854962716950e-01,7.416690167909901765e-01,8.350223037721911101e-01,6.084593414569751113e-01,3.136262171225328022e-01,5.559340076281926724e-01,9.141853309057791366e-01,8.471201117003823722e-01,8.229835056905112634e-01,5.376299116398439715e-01,8.531836756991462156e-01,5.849779232102754190e-01,4.077687434854784798e-01,7.310068073667266297e-01,9.492280350178192716e-01,2.000134672457927754e-01,2.751233725051283052e-01,5.018438065795164382e-01,9.163901707725662371e-01,8.940819051150423746e-01,6.159761638688499019e-01,6.673214137072305263e-01,7.061330565851277052e-01,3.616408239443686390e-01,7.496105333253344494e-01,8.590615161200872985e-01,9.789482063011105684e-01,3.422742829930905950e-01,6.097486886413922003e-01
6.781439676386238347e-01,8.221528507056291568e-01,4.589042153084212927e-01,9.137862268872445348e-01,9.341981231806274488e-01,6.163074588752024408e-01,4.706319428944560346e-01,8.629152268700194250e-01,5.417869505440469080e-01,8.068976699373414663e-01,6.776382749303876407e-01,9.119872471406874626e-01,0.000000000000000000e+00,3.104726730849705074e-01,7.838846116947224552e-01,8.511973052107383308e-01,9.827259232419797153e-01,7.633776914042146311e-01,8.877318716311453084e-01,5.534098496868791184e-01,7.415373472343267380e-01,7.492843031304162738e-01,8.979455995781313593e-01,6.403072279003734213e-01,6.322927747050949288e-01,2.248174616710593710e-01,7.177257349498127326e-01,9.745450656430674208e-01,6.550105303119140299e-01,3.669592784051513012e-01,1.884428650046799381e-01,6.173504561814810998e-01,9.740257676822078325e-01,7.470182579213285878e-01,2.150100021473947132e-01,6.084685359981510944e-01,1.651079543301665550e-02,5.442748903029299701e-01,6.538304491009353514e-01,3.466965330790343636e-01,5.243044658924090884e-01,8.939091754984759275e-01,7.351852545930372962e-01,8.992092277212669904e-01,8.490200804147045588e-01,8.338680243245724100e-01,8.547053058127905834e-01,8.847233993788101714e-01,9.158381982260733745e-01,6.179138143472007183e-01,9.758938311821840905e-01,7.360108198022771164e-01,7.788153846996441754e-01,8.446581131544330656e-01,3.388196996473776812e-01,9.216334831332392286e-01,7.695286003967563015e-01,5.066294971396609892e-01,7.223547212674086282e-01,5.916222169752995974e-01,4.941605437976641091e-01,8.123922627082050818e-01,9.753385417675356495e-01,8.503697109500666373e-01,9.631542701154783837e-01,9.421415237185042368e-01,9.634153242811139828e-01,6.850564714234335106e-01,8.038666638075422366e-01,6.837952642623073007e-01,9.103373444168501027e-01,4.714858531350944459e-01,5.367537805191193723e-01,2.040268019891730289e-01,2.301245679453481352e-01,7.244659338980768970e-01,9.656825517765541544e-01,8.667684499872971848e-01,2.989779030492157874e-01,6.549003735995970743e-01,1.609598596536312987e-01,8.774828606453964897e-01,6.829066991646217666e-01,7.765476107029535280e-01,9.819944718276986118e-01
4.660330100048906132e-01,4.885740524115506078e-01,8.448408688065051075e-01,7.525857295535713920e-01,9.659852609399438572e-01,6.905445484127650246e-01,2.043469962211945934e-01,7.222158374113577528e-01,6.063913613176090678e-01,3.399213254707219578e-01,8.870680523513015947e-01,3.466363435213313249e-01,3.104726730849705074e-01,0.000000000000000000e+00,4.312824572618877417e-01,8.427307683160636387e-01,4.584522699235890619e-01,7.646147594461802921e-01,8.103677303939605947e-01,9.254924210130104356e-01,7.256650792602297173e-01,6.781042243169043138e-01,6.659572541802802892e-01,9.647187672833776872e-01,7.531760754590491880e-01,8.464712530127110890e-01,2.014941079381309952e-01,8.484194542167049491e-01,3.714690393276764424e-01,3.194426101728790046e-01,-1.687725804042874977e-01,5.114227546698991711e-01,9.895555276458742888e-01,5.759763543572542499e-01,8.656960456910935964e-01,2.709524137599103599e-01,3.027284622142122350e-01,7.607802301138442136e-01,7.216741738502276959e-01,7.624214421911903461e-01,5.176792270536809681e-01,7.930906686589600518e-01,4.921176930885108325e-01,7.497486712202442449e-01,7.565341217940001473e-01,7.467313193567177709e-01,7.456580763744997675e-01,9.117907830700104910e-01,8.338236612592765384e-01,2.243542439473131533e-01,4.884018659619479008e-01,8.717360469927939448e-01,9.661754964508835197e-01,6.144850839810277465e-01,7.682376575220568604e-01,7.617465084643876283e-01,6.521578869490860519e-01,7.091372236403983287e-01,9.854813306658412042e-01,5.649609964129711503e-01,7.619634857283289486e-01,6.102519179925631754e-01,2.578204450695051886e-01,7.754570158613179887e-01,9.399846893006317261e-01,8.811397207716953339e-01,6.014328867296837577e-01,9.528617701544161989e-01,9.062844865101510328e-01,4.289018818032472868e-01,8.502594197268481535e-01,7.573248335895511607e-01,7.342326766719935449e-01,4.658313267064487784e-01,6.176794228261541786e-01,6.046300339172658855e-01,7.673109775545881028e-01,2.158764256094898581e-02,2.513430310875074958e-01,3.491620364803009746e-01,8.032990219852357283e-01,7.585188212769472527e-01,9.222857866182696540e-01,6.285381623174535193e-01,6.523647247785320236e-01
7.801292705787632453e-01,2.343921611356983292e-01,4.077690827139206498e-01,7.349488140045713491e-01,6.344632471640240245e-01,7.213608961738642300e-01,6.337436261022498796e-01,6.696185289225640158e-01,6.590163875054751985e-01,5.782886337081799555e-01,1.813494080386684748e-01,2.585163157617419993e-01,7.838846116947224552e-01,4.312824572618877417e-01,0.000000000000000000e+00,6.725022813602151706e-01,6.880346437782598468e-01,6.058454300541076254e-01,7.544794001364611979e-01,9.208592454782166259e-01,8.284867316472062093e-01,7.968578850431493610e-01,5.044872395648084540e-01,4.246084794432865017e-01,4.014910074098090864e-01,4.125738662301841608e-01,9.840449780063167395e-01,6.768758196718478448e-01,9.837691187972905649e-01,-1.849510245686559473e-01,2.481450961197264049e-01,5.223615715935725490e-01,4.317638054797741098e-01,7.397324900826369731e-01,3.253117277506037963e-01,2.595107512940624250e-01,3.079950336894515250e-01,3.234351280560574526e-01,-3.215273615371438964e-02,8.179820798590498043e-01,9.995727804538891981e-01,5.984841849985544915e-01,9.955445217759538723e-01,7.946522753268251416e-01,8.221150403591552802e-01,6.913299326734059225e-01,6.099875590829111349e-01,4.484881494278799008e-01,7.423134913955344860e-01,4.456517503438177097e-01,8.103773030700873736e-01,6.976041183062351436e-01,3.124904839372624199e-01,8.129735004316620550e-01,8.200942737797112247e-01,7.165846664407995448e-01,6.618843617505372201e-01,9.410116810708760715e-01,9.175040457659703330e-01,5.247347028539293134e-01,1.384763957402151136e-01,5.568029423225433483e-01,6.593772845745906608e-01,6.581473975792622166e-01,9.717174366994730805e-01,7.452150896990041851e-01,1.948558797755398642e-01,6.107727125831399206e-01,7.959001979156830053e-01,3.177394992316160960e-01,6.440286402146274680e-01,4.290495449279231877e-01,6.520700967390971048e-01,7.280225679270612149e-01,9.107124381754454490e-01,9.661213899184859510e-01,7.117769230111907763e-01,6.026975912862665430e-01,5.711869833969190902e-01,8.703515859986313274e-02,8.583730989034492609e-01,7.455230473640677147e-01,3.074033268429353094e-01,8.230824756982831891e-01,4.671235927034906310e-01
7.031059647241836297e-01,6.510244646973780691e-01,7.142465585590196397e-01,4.124295359594579713e-01,6.203550907534830516e-01,6.162689363025968259e-01,7.522491950327162558e-01,8.349888607863146239e-01,7.352426581610750356e-01,4.657287154765543113e-01,7.543027550059197006e-01,7.334568042493502249e-01,8.511973052107383308e-01,8.427307683160636387e-01,6.725022813602151706e-01,0.000000000000000000e+00,8.353873996047292971e-01,4.684206950040492035e-01,5.950313706939385217e-01,9.559416854427082999e-01,5.134205330768800701e-01,3.082689124083549670e-01,5.907125748214112626e-01,8.475145415703653207e-01,6.031399541215299864e-01,5.695617757573071538e-01,7.242760897739876080e-01,9.759273723603634210e-01,6.407992118740118981e-01,4.939290819728501813e-01,5.750469875989172586e-01,7.739424976695996605e-01,7.716855501120049032e-01,7.029110194551747570e-01,7.733027105824781255e-01,1.923336818066398446e-01,2.738229906097879307e-01,8.386136433959274772e-01,6.213215151799106328e-01,2.981419378195288572e-01,6.812014119218959829e-01,5.490960147898487076e-01,9.894014196337318490e-01,8.587784140245574571e-01,8.972174889751242111e-01,8.123636309362775032e-02,8.622923617267029828e-01,6.081128537763555997e-01,9.775770721817230724e-01,7.871895891054873085e-01,9.343439176858386874e-01,7.705072260919925142e-01,5.396599759156783804e-01,2.522214507885042756e-01,4.961611788702769421e-01,6.684030717171575153e-01,7.899553615285107577e-01,6.576872276025405029e-01,5.985965671714458258e-01,6.292243895437034107e-01,4.786417365389343259e-01,6.318521078838951199e-01,7.951810320722449976e-01,6.636766578829206287e-01,7.465205938188450574e-01,5.310460343223126767e-01,4.772365070054396807e-01,6.696875432862288147e-01,6.012840052680913372e-01,8.160847121267035265e-01,6.277248835659808845e-01,6.504626000880353587e-01,2.049036654461457996e-01,7.382290899378979310e-01,5.884113765757731374e-01,1.156973158136434948e-01,7.203471629067647042e-01,8.292169306565163600e-01,7.775739845657793081e-01,5.482138891395427205e-01,2.400907201820318970e-01,6.118480175471506799e-01,9.373542922718572923e-01,3.201254230409003587e-01,8.870172232658458666e-01
9.007209437419704257e-01,5.441042283818826597e-01,7.299164237420697754e-01,2.567429125016828517e-01,9.518731339855845963e-01,6.488113994179619537e-01,7.171989069431513597e-01,4.786261205064921698e-01,9.790061755041123970e-01,5.880031074788155676e-01,2.014806069614656359e-01,4.227583066703394787e-01,9.827259232419797153e-01,4.584522699235890619e-01,6.880346437782598468e-01,8.353873996047292971e-01,0.000000000000000000e+00,7.973531586273184812e-01,5.177027001784946236e-01,2.623782407412920126e-01,7.111254823744994624e-01,6.083618582927766694e-01,4.827574951068394071e-01,9.524006454695338464e-01,4.795477953107715741e-01,8.585876568087493776e-01,8.181263917276767605e-01,3.664623210435378198e-01,5.372683461349334610e-01,3.029205555570742003e-01,7.562423948509170435e-01,9.620636280911676330e-01,3.312597677407538854e-01,9.981384297858064691e-01,9.553003468562100142e-01,9.457743328459936039e-02,6.667292964337134809e-02,8.225856397841450063e-01,4.172133276953416958e-01,4.853549364486719475e-01,3.949305312088271513e-01,7.341558802129588557e-01,7.784053977624352250e-01,5.417815473420539707e-01,4.170515372823931921e-01,8.972658856877095968e-01,7.857726368796497107e-01,9.677656379666399467e-01,8.360607745421873016e-01,8.808416745002078940e-01,4.681914325895043527e-01,9.053160409951153120e-01,7.544628252556331294e-01,9.974240603891402213e-01,6.700510816227305266e-01,5.216529482342981971e-01,4.771665143287692756e-01,4.231649483678341928e-01,9.519754019536548206e-01,6.274489502914418759e-01,1.875352516516154422e-01,9.078992976538344806e-01,6.046173915306508606e-01,9.128035812551106298e-01,9.292463643470867396e-01,9.713815075480574102e-01,6.947270164340659804e-01,6.875494092670242363e-01,5.974090954542864429e-01,9.314514213095552719e-01,9.721743663398290103e-01,5.763237026874225011e-01,-2.193675487318377804e-02,7.211044303063941507e-01,9.988598008601885514e-01,7.744107176441298312e-01,6.649103562994983507e-01,9.454315769885954790e-01,4.610202555103022348e-01,5.441070713210678367e-01,4.882088015765023714e-01,9.183539633047885786e-01,9.356075119247834193e-01,1.428893007146368466e-01,4.080312341893651551e-01
9.824549987910493609e-01,9.536349031190836101e-01,9.160228162381415240e-01,6.484628991079208760e-01,7.976674779301360374e-01,4.127532054075480628e-02,2.992555959941018973e-01,6.215996806723254053e-01,6.203268688050950219e-01,4.869464100050918676e-01,8.154847536155762633e-01,3.674086022257927464e-01,7.633776914042146311e-01,7.646147594461802921e-01,6.058454300541076254e-01,4.684206950040492035e-01,7.973531586273184812e-01,0.000000000000000000e+00,6.257066863724789485e-01,8.575465898530914011e-01,6.283882406705516566e-01,6.098848575140589645e-01,9.380131252414503074e-01,7.531336891837645542e-01,5.285029636441984646e-01,9.534367115139682491e-01,7.744260844455074233e-01,7.755189956541819196e-01,2.395777386731750558e-01,2.883637587743436703e-01,6.554436635501913466e-01,6.207723012069870094e-01,2.394740991579605294e-01,5.288919629210666606e-01,4.747875344570385847e-01,8.210952140189717863e-01,2.026349397161403554e-01,6.141730165949518261e-01,4.912039147939839534e-02,5.293745273806609308e-01,4.023619449315773977e-01,6.303313163357235904e-01,5.424504307688670091e-01,2.345518761883609860e-01,7.455809237762436315e-01,6.777127552512198783e-01,8.868045771617141249e-01,7.333810078318689918e-01,5.269032580112379405e-01,7.775789730368992680e-01,4.789155826065053523e-01,6.038890314565749096e-01,8.824297173870813138e-01,8.573812371243698660e-01,9.200194978040847626e-01,8.516938072779292046e-01,9.160846343915909351e-01,6.798113317557594737e-01,5.900764437665763085e-01,3.662884432548777491e-01,5.432250783424942275e-01,3.765520337537253681e-01,3.463504688516262364e-01,4.667381873860839137e-01,7.941180682064619134e-01,7.030723590352756514e-01,7.809042091698288335e-01,8.711382740855274642e-01,4.339960616639267355e-01,7.117312356416768404e-01,9.473926939743462228e-01,7.822997897208737728e-01,3.208669615221407811e-01,6.797804126662865265e-03,7.316889519799999464e-01,7.662594251256042988e-01,6.344605650157028043e-01,7.447715727700371380e-01,5.537414425837444698e-01,4.952809666223761398e-01,4.072999910703199999e-01,4.248318503493350162e-01,6.766991750296659225e-01,4.541219256054201403e-01,8.346815372485626439e-01
