0.000000000000000000e+00,8.812242021668550418e-01,9.442756489628263417e-01,7.950083515213227647e-01,9.489663010921929320e-01,6.665419810757454711e-01,8.896226098191628573e-01,7.025712077599738370e-01,7.097977338421341820e-01,7.213573689070024164e-01,7.614874751121313290e-01,6.776975346247402499e-01,6.411708100412309985e-01,6.335089382813879899e-01,6.237185418477164678e-01,7.573844275360556155e-01,9.826620916977617526e-01,6.072125523761120469e-01,5.851865465539007882e-01,8.841306669147918074e-01,5.784872607202545813e-01,6.574794618932691126e-01,5.230958914192133102e-01,7.995839800289481492e-01,6.196393621452319644e-01,5.011711714516927652e-01,7.287100045716804475e-01,9.342435719128108218e-01,3.612214195385626825e-01,7.216299349344287295e-01,1.668807059919427682e-01,2.811748987357122753e-01,9.746260299009463779e-01,3.141898504076744425e-01,8.549738035155285409e-01,6.771264420562386754e-02,3.574390670606726328e-01,9.783553772292787887e-01,9.573736414654117066e-01,6.848329709737270843e-01,9.337304522043745614e-01,7.896224119051049595e-01,7.712242214648131755e-01,6.183005762215407763e-01,7.091184818117708399e-01,9.432547357868263926e-01,8.126375304040968084e-01,9.804493042367756761e-01,7.828805115913251012e-01,7.768921673810837980e-01,6.402448621402108131e-01,3.944603173766523807e-01,9.431408089108848092e-01,8.439231006898010312e-01,6.557602390329684283e-01,6.202478298148984548e-01,8.990289321352564755e-01,6.853893048450192538e-01,8.418594196978562705e-01,2.807945974988680371e-01,7.467151470018742465e-01,9.861219497892148578e-01,4.282996978689264100e-01,6.178867690246310218e-01,6.604143212286761599e-01,7.746986500645982598e-01,5.770713596956340563e-01,5.549668789124657664e-01,7.308732384361902312e-01,8.849589212202649824e-01,7.078741550410542205e-01,9.250641905399890064e-01,6.252194658546146311e-01,9.472076420299828659e-01,8.864064432220815082e-01,6.096009028590458900e-01,6.306125782873523988e-01,9.896007775340041057e-01,9.091611517837239545e-03,1.552931776512019857e-01,8.457715039662008216e-01,6.347664935334038638e-01,8.476157879204107015e-01,1.696300018568620838e-01,9.553417632960710115e-01
8.812242021668550418e-01,0.000000000000000000e+00,8.002889420696586154e-01,9.761389357795444699e-01,9.228480712932580765e-01,3.497512721473410302e-01,5.794550793511112907e-01,7.980679198302180755e-01,7.521116747794319712e-01,9.017599690911785038e-01,7.784676564595484072e-01,5.178894532785640603e-01,7.183940193250261119e-01,8.009438661613931254e-01,4.148496384254425351e-01,6.587220391468050495e-01,9.641163560780076081e-01,3.446952348988926440e-01,8.226780047103839921e-01,6.099431625672586677e-01,8.028557522999276719e-01,6.087967548861737965e-01,6.824537234717593659e-01,8.609898320357098900e-01,5.393118927825888420e-01,2.993701952553703971e-01,7.351832994949265565e-01,8.113107192036471682e-01,6.108188132015808236e-01,2.533037755825972570e-01,-8.838498849598896978e-02,4.461445951237849039e-01,8.839950405901569885e-01,9.493491244547351826e-01,5.522326975158443618e-01,7.025180750937700669e-01,3.814429766350486695e-01,5.333554338425863239e-01,8.670552815214123132e-01,7.928260722197078003e-01,4.845523537926093582e-01,5.965306279646348520e-01,9.696550083850310475e-01,7.588686956593846400e-01,6.195235398839223917e-01,9.211898041070503140e-01,8.424707568476335062e-01,4.054577191444465045e-01,7.583115671062100605e-01,7.691538446765129322e-01,3.197896084113829307e-01,9.716091351762279338e-01,8.393211518094629842e-01,3.440061564171055242e-01,9.594550340777918684e-01,8.363078250963192906e-01,9.103872451043060199e-01,8.164050299631790963e-01,6.283955243433139159e-01,4.037192920538879570e-01,3.062713243266217411e-01,6.827834517700729355e-01,6.698165192114531319e-01,6.752404362730186627e-01,5.578295377011343037e-01,3.802816987857157160e-01,4.386236102187869856e-01,9.393315249646964071e-01,5.795001907919071771e-01,6.420077020996681760e-01,8.362279116572992610e-01,9.123790529386024417e-01,8.392933779171322106e-01,2.567658210922201811e-01,5.015626192911269987e-01,7.386450316711241637e-01,8.573793376256940713e-01,4.763870906379289449e-01,8.252628162021036912e-03,1.491418206819979941e-01,6.461125187453087282e-01,8.830620533394309968e-01,8.804615284628380945e-01,4.451694936706347971e-01,9.473825795154273699e-01
9.442756489628263417e-01,8.002889420696586154e-01,0.000000000000000000e+00,9.950988695481319812e-01,8.068861453014628538e-01,8.267473278095297529e-01,7.669280477829206744e-01,8.092873929506210207e-01,6.196982475739882812e-01,9.324020448988294962e-01,9.456858507009507919e-01,9.208959480946252718e-01,8.456785005088474083e-01,7.095585490383199412e-01,7.253493321540762651e-01,9.633608758554497165e-01,9.766861509240043482e-01,6.907961709055429056e-01,6.816909718537498275e-01,8.731467402052625060e-01,8.382376543217124887e-01,6.198600393191702196e-01,8.441162312779164623e-01,8.246651932827875342e-01,9.989706960571387295e-01,8.666462230745175521e-01,8.798797902838949581e-01,8.812387020492545853e-01,7.239819246651888474e-01,3.595654120863669423e-01,3.969841928164137279e-01,9.154102965799917335e-01,9.790508004475796389e-01,8.103697494283154112e-01,6.744646200202946140e-01,3.590523129687945847e-01,3.243187160203224173e-01,6.264345469915733045e-01,8.896512351621079784e-01,6.186682883870346927e-01,7.356555070477113212e-01,2.354948360923134199e-01,8.536589429848380206e-01,7.367928345139427293e-01,7.520319464895360850e-01,9.201985380172403861e-01,7.604666897747830445e-01,6.376555280923233981e-01,9.416220140348496859e-01,9.450288180261354753e-01,8.282624922198691397e-01,7.358369614656952162e-01,8.938211348905886755e-01,5.311473149293417517e-01,6.387212669577275737e-01,8.241715202900766757e-01,6.245562370003419073e-01,9.926447936052658072e-01,6.832030293074988769e-01,6.115071453256493150e-01,9.709735359349106476e-01,9.933464024252189883e-01,7.971518863331743532e-01,7.954124894770757681e-01,9.086635603001661510e-01,8.524098798256551923e-01,4.679774784123598430e-02,9.483236704699564701e-01,9.510340657062070768e-01,6.856472520170632245e-01,8.097725917567695220e-01,8.500584886466209245e-01,9.992411665438014623e-01,6.325952480916496867e-01,4.037499969465132565e-01,7.921735266058050895e-01,9.536863723675083060e-01,5.039598683540613688e-01,7.954238343006826417e-01,3.030411984546319548e-01,9.343770320172449795e-01,8.130303156492474370e-01,9.298341965842281676e-01,8.331202560457857675e-01,6.907874894778305297e-01
7.950083515213227647e-01,9.761389357795444699e-01,9.950988695481319812e-01,0.000000000000000000e+00,8.281049430745877071e-01,9.707073500465484006e-01,6.586210740156299703e-01,5.825661131011670157e-01,9.751875506144418448e-01,9.190952518820231232e-01,4.982024162192206784e-01,8.021022588519135521e-01,3.223536074464274370e-01,7.596348871404260406e-01,2.640813950899745244e-01,8.411455318362712763e-01,7.740604942815305645e-01,6.064327731102323593e-01,7.871464769363911707e-01,9.610911724647865917e-01,7.493662137173651150e-01,8.333941781614502275e-01,9.514763927600931037e-01,9.076579575055933047e-01,3.475323295504705312e-01,6.580127283045098530e-01,9.181602804412860586e-01,6.254490148082192391e-01,7.534488095022975340e-01,4.387169863174051332e-01,3.737888196145282560e-01,-2.579633579062445836e-02,4.347131895381524114e-01,7.631445273805046448e-01,8.012994084306598319e-01,7.149297957634233036e-01,3.378322288048443145e-01,4.427740205146810659e-01,8.916493830412191013e-01,8.361482211586802604e-01,4.964650787805690024e-01,6.220781522646156025e-01,9.785786336332129576e-01,5.216875391871605983e-01,8.770742204729200520e-01,4.191245533474097784e-01,7.808943322391250774e-01,8.451989286258104750e-01,4.138642824288345512e-01,6.873454876468005903e-01,8.662321044693718219e-01,6.084421698853549332e-01,9.488627358134761325e-01,5.929657879947036747e-01,7.555879932528730691e-01,5.390473165332663186e-01,9.385727110050182675e-01,9.384396573278435127e-01,5.204007814445712476e-01,3.281383966625434079e-01,3.470327492323986851e-01,8.366546905592616712e-01,8.454338877415213949e-01,9.460208376734321467e-01,8.330760997923717381e-01,7.869664651753446316e-01,9.079042119347149331e-01,9.045813753574397653e-01,7.565845447494876641e-01,3.884930701577035683e-01,8.727501605592957734e-01,9.705454183036152926e-01,5.709376325563307875e-01,6.799539325932523193e-01,6.660808994826447060e-01,8.074762300242035451e-01,6.382515019224236363e-01,8.111040952777052171e-01,2.918208922512756098e-01,3.167209165875325416e-01,6.600542243862188574e-01,7.176768699245235084e-01,5.179901455075585082e-01,5.196537035193529164e-01,9.807556845935594403e-01
9.489663010921929320e-01,9.228480712932580765e-01,8.068861453014628538e-01,8.281049430745877071e-01,0.000000000000000000e+00,7.922129213263237046e-01,3.025370278209559283e-01,7.880634243879972578e-01,8.595661869415569534e-01,8.805517027827000076e-01,8.454068751944828763e-01,9.670813550187902230e-01,2.996064346296835601e-01,8.193937888937057323e-01,4.452297478188321223e-01,6.731524141947956563e-01,8.977483227564317936e-01,9.801747047359754550e-01,4.330038889661095292e-01,8.063132426324186586e-01,9.916589480005726376e-01,6.530784772776543345e-01,9.289592974874141262e-01,8.363107347916658441e-01,6.152963153669503971e-01,4.981816837938390363e-01,7.984040665155551775e-01,9.705347246078118717e-01,4.057379905555028032e-01,7.908065964617485566e-01,2.685241155176887329e-01,8.629999641172902969e-01,6.442363780200638379e-01,7.722685075811245303e-01,6.363700198104305095e-01,6.586861209589849331e-01,5.832145641503643230e-01,6.857025575854887034e-01,8.415987903200261577e-01,6.161892513864898335e-01,5.315226213063368732e-01,8.349683233333788923e-01,6.943493544552551411e-01,8.732214851056828708e-01,8.886559834082111697e-01,6.579080352867836545e-01,4.221697429513031063e-01,7.868562807799502901e-01,7.613765059619251874e-01,2.114202715348007522e-01,5.325145509316064896e-01,6.488553140425400434e-01,3.055259932901139841e-01,6.403248930011313789e-01,7.120237162046109125e-01,8.262058578156156186e-01,7.945978611672701586e-01,5.517026603937006390e-01,9.899121145756204498e-01,6.475681130472573654e-01,7.761188528318686553e-01,5.259240110544499691e-01,7.345109659185786732e-01,9.068033550782373942e-01,8.523319579875070495e-01,9.129304040452076441e-01,7.189816982902801357e-01,9.317371696900830225e-01,6.737010718019776911e-01,5.249257680651649993e-01,7.363835359415943360e-01,5.521082577159577287e-01,4.815317691123879307e-01,6.194860786017211129e-01,8.411556903973635979e-01,6.390150533192288096e-01,6.749079092378499345e-01,6.766534362670908465e-01,6.190306627020001340e-01,5.424689168971580377e-01,2.242752621674048985e-01,7.182639243712517496e-01,6.916359542184464804e-01,6.467320407573216023e-01,9.074152299974198588e-01
6.665419810757454711e-01,3.497512721473410302e-01,8.267473278095297529e-01,9.707073500465484006e-01,7.922129213263237046e-01,0.000000000000000000e+00,7.748255115771088830e-01,2.121871794919999443e-01,6.814193147471289125e-01,8.104425427753408906e-01,6.897159713867103692e-01,7.226636134616184481e-01,5.633288909813296552e-01,9.482959334141396468e-01,4.298191161676617744e-01,6.246773748724917530e-01,6.297401406131720725e-01,7.481061233529133769e-01,4.224521557756259482e-01,9.028524707857188414e-01,6.023008272269084751e-01,4.281199632587049386e-01,6.355578061426718772e-01,8.998950895380173343e-01,5.365257052952817629e-01,3.432092075516651186e-01,3.403307749284453232e-01,9.825539748570294440e-01,7.858674838217096781e-01,6.339043620713243066e-02,6.731217786879843956e-01,6.826136561141133985e-01,6.694002246862724714e-01,7.326791221687170008e-01,7.396411532818026879e-01,7.764227888374796160e-01,2.616611645672211051e-01,6.786817022001974120e-01,9.652966299615688417e-01,9.710185460403442104e-01,8.275642045759519227e-01,6.845354519929680581e-01,7.121704815444463987e-01,6.064521784485851219e-01,8.029777624140859160e-01,7.819783483413249581e-01,4.927406288806187584e-01,7.845660429619927267e-01,3.036413492485807164e-01,8.106712062202729996e-01,6.568312423996032212e-01,7.117379274132766831e-01,9.573562184647850248e-01,3.062811595384855590e-01,9.067436081638773349e-01,4.678522326643645979e-01,3.702766283131943004e-01,7.825915705731294469e-01,5.318397455517218653e-01,4.095263662003554850e-01,2.316467021616820110e-01,4.210270982168679010e-01,4.934302474331538901e-01,4.544255704045463418e-01,8.316269937182139138e-01,5.097562567313932425e-01,7.480915687399269931e-01,5.469127786895841004e-01,5.173683845792650393e-01,6.654985386095504385e-01,9.368309823423633942e-01,7.390014886795130966e-01,4.445186374543521057e-01,6.219613810913195984e-01,8.952453330744131188e-01,4.199161981839631963e-01,4.501051850543022481e-01,8.008685187001471917e-01,6.073927879596588975e-01,5.348146332910787004e-01,8.672742166263526231e-01,8.412046106735475703e-01,7.524664406357959301e-01,5.013124035512833698e-01,8.451232009578543147e-01
8.896226098191628573e-01,5.794550793511112907e-01,7.669280477829206744e-01,6.586210740156299703e-01,3.025370278209559283e-01,7.748255115771088830e-01,0.000000000000000000e+00,4.114044142096011103e-01,5.234598431353582049e-01,5.690300228206408573e-01,6.538091943079905599e-01,5.483219347941915567e-01,5.113751138161333198e-01,6.282530512941681966e-01,9.078797182035739377e-01,7.208684034455539180e-01,6.667497249667242443e-01,2.754417438910122251e-01,6.928162486181390634e-01,9.234722086590220202e-01,5.794025683994473708e-01,3.005411997241980160e-01,5.453152452556622176e-01,7.774892613801236418e-01,2.760509516053900048e-01,4.579008984285279360e-01,6.405896015678473887e-01,5.855087995395706901e-01,3.535353988289234861e-01,6.364537873757696029e-02,5.284980428445718026e-01,7.146746452798670157e-01,2.580964087926920780e-01,4.560111305001343651e-01,5.921018607162185088e-01,4.180621662124418547e-01,2.672795896309571040e-01,6.625459808523732619e-01,8.168731621171482216e-01,8.803592481334245878e-01,8.572999980270443743e-01,6.384160684995408008e-01,4.673215182486779029e-01,6.615574070683457597e-01,8.515197912114002010e-01,6.610239936309567632e-01,2.974286340455246647e-01,5.488512882685711025e-01,4.805094364200355739e-01,5.651776462729541928e-01,5.638970751583589625e-01,6.880710553326879753e-01,4.452260258933344317e-01,6.228126186919111795e-01,6.885637095189366397e-01,5.968121596473310309e-01,8.988029894996590885e-01,2.740894854954329940e-01,9.985636464003078139e-01,8.339009867907382079e-02,7.539555671002411419e-01,8.256001101101800854e-01,8.789284202167165772e-01,5.515846079421378167e-01,8.433658390150647888e-01,5.225898844943133170e-01,5.325287220906917973e-01,8.290614433418131979e-01,7.532547434007739184e-01,5.687655918215492878e-01,4.303773878890991278e-01,2.974566252502124433e-02,4.552842240260248641e-01,1.424696225976341546e-01,4.985354876531177815e-01,7.272870103707115286e-01,4.718100108687743877e-01,2.330236871780039520e-01,3.766672662895996782e-01,5.448581539095662674e-01,7.416964162498868030e-01,8.760774689635926205e-01,5.911194165060522643e-01,6.279935669546162780e-01,5.123584099559735927e-01
7.025712077599738370e-01,7.980679198302180755e-01,8.092873929506210207e-01,5.825661131011670157e-01,7.880634243879972578e-01,2.121871794919999443e-01,4.114044142096011103e-01,0.000000000000000000e+00,9.128003439022658316e-01,7.202321299839038460e-01,7.930099702629144209e-01,5.917568657965752710e-01,9.918189910100110307e-01,4.667999476522740609e-01,9.185863117213309836e-01,8.947775272641546040e-01,9.019724462873587312e-01,8.280966952489510202e-01,6.447496822661105131e-01,7.464362335788530256e-01,6.261604492959722545e-01,7.736864060558354961e-01,4.273566680203582657e-01,8.277174311436286125e-01,7.890953737582804273e-01,4.029396350337573485e-01,7.413064716479528249e-01,5.693648972294188537e-01,4.852421375345029597e-01,1.076171182693011902e-01,6.497506541893813825e-01,5.008743380104877518e-01,4.098182830152435341e-01,6.628914677867429051e-01,7.452643391772376669e-01,8.148160152033572246e-01,2.453848827648909825e-01,4.154666856956119037e-01,4.403033321466584549e-01,6.574115806797541373e-01,5.387638367702023423e-01,6.192485521896261558e-01,4.208184531363908243e-01,3.100660949155488733e-01,6.608536496369872282e-01,4.728582956461511722e-01,7.824474139812761520e-01,4.165050420251478203e-01,6.180588092249487131e-01,6.557741787015305412e-01,5.367887124803339960e-01,5.599455635710466339e-01,5.531884043849111254e-01,4.689744648996856391e-01,8.761478144735000972e-01,5.275030776655151854e-01,2.085752020037917598e-01,6.198909333667729227e-01,9.996840085876335102e-01,5.949874949293996185e-01,4.995365941589018366e-01,5.011738701667404206e-01,9.596683569086007504e-01,8.974274954512946323e-01,8.786225601070896118e-01,7.028779835291868450e-01,4.443582987924525329e-01,6.612142569616195065e-01,3.506970750090036004e-01,3.218996410914476414e-01,4.177669319216675281e-01,5.289692460234878268e-01,2.609417912737030387e-01,3.511612950647533538e-01,6.231309633887265331e-01,7.659158202600379051e-01,7.220286684738176364e-01,8.264083976200851112e-01,7.577773508032833449e-01,3.028999257063050843e-01,4.024376142389213262e-01,7.118895459668714842e-01,9.595618052552091770e-01,4.680453668549457991e-01,6.529334258009266145e-01
7.097977338421341820e-01,7.521116747794319712e-01,6.196982475739882812e-01,9.751875506144418448e-01,8.595661869415569534e-01,6.814193147471289125e-01,5.234598431353582049e-01,9.128003439022658316e-01,0.000000000000000000e+00,-4.499373774561818418e-02,7.643430385701437402e-01,7.498744935828770553e-01,7.992239641248131132e-01,6.728400703365180480e-01,-1.420076033235144475e-01,7.609688924428219536e-01,9.066620049002718229e-01,4.824255448425370796e-01,7.927618970394811893e-01,7.202103234613601579e-01,6.931068563584564801e-01,6.502713904408464751e-01,9.322088365872489568e-01,6.511443555855300769e-01,5.719617745241928342e-01,6.181780921941724127e-01,9.994591310959637376e-01,4.574191248004434440e-01,6.186529235584279363e-01,4.064647387596773132e-01,3.979853165701801032e-01,6.514143653146131641e-01,6.573301184171681522e-01,5.567051193786051178e-01,2.428955719141128733e-01,9.407467064952271807e-01,1.426840009485984828e-01,3.998458066688820312e-01,7.932765028681953989e-01,8.249387667615665221e-01,5.528586151900120038e-01,8.497768587895648817e-01,8.475697508752300102e-01,9.511626811682183380e-01,6.434186947060802630e-01,3.139112423667633212e-01,9.487469263924641627e-01,7.288496896245467704e-01,8.269800290844208090e-01,6.499729477228375352e-01,4.359921970030690153e-01,2.174669952715279908e-01,8.557317595375191210e-01,7.232564884832357599e-01,1.247844463690115369e-01,4.077028290977774416e-01,5.382550485741202095e-01,7.911199413195074692e-01,6.407254561147915917e-01,8.423335924637467276e-01,5.593941349248828798e-01,5.278629249638701060e-01,6.077842284299616038e-01,7.479238527014889781e-01,9.093084935100357313e-01,3.345845385426675089e-01,4.947851216382136430e-01,8.496174928112224523e-01,2.940046086457195895e-01,3.674324842803797786e-01,9.390037429152330306e-01,8.234144162207788220e-01,7.553786388267007545e-01,4.240855543705827069e-01,9.438556374384612369e-01,6.243960047264094371e-01,6.955824004969431984e-01,9.416571460468557975e-01,1.171881321345880772e-01,1.771070370964545060e-01,6.890644203747221530e-01,6.529719096957192770e-01,7.103257400795528476e-01,6.696750064509906508e-01,9.810922469478484675e-01
7.213573689070024164e-01,9.017599690911785038e-01,9.324020448988294962e-01,9.190952518820231232e-01,8.805517027827000076e-01,8.104425427753408906e-01,5.690300228206408573e-01,7.202321299839038460e-01,-4.499373774561818418e-02,0.000000000000000000e+00,2.715229268140990637e-01,6.244948371227125872e-01,7.504940978611263080e-01,8.363642301373777066e-01,4.304613951078903877e-01,8.403652958959457742e-01,5.378477589940019454e-01,7.547612976783797389e-01,6.237194920225384021e-01,9.956218161200998118e-01,6.356908349236545241e-01,7.064210169342785006e-01,7.520962781653337537e-01,8.162754342098268445e-01,9.094847070612923634e-01,9.453971369149729576e-01,8.397155332955203999e-01,8.160756681185262762e-01,-3.073138068510770649e-01,7.220435063402544928e-01,7.410859397833939877e-01,4.421229932596890122e-01,5.021692346843985577e-01,7.202873466648662681e-01,7.176858851172225329e-01,7.009176775020988792e-01,4.436725730797293488e-01,3.567120422845082017e-01,4.909245987015163903e-01,8.792829016642728091e-01,6.621486402411267402e-01,7.033906205827608060e-01,5.215441017073306762e-01,4.229248096042431682e-01,9.109854314052064916e-01,6.652040664128537895e-01,9.238004716217215195e-01,7.565444871572228891e-01,5.081875147398089432e-01,7.460560362165088444e-01,6.903876093522229862e-01,7.830130342320080761e-01,7.764782570539001672e-01,6.850093134121875149e-01,9.054156202408022436e-01,7.088827823363416103e-01,5.928418924117975219e-01,7.962369659456811632e-01,7.667864534834174517e-01,5.831775982197814345e-01,6.627477002374337900e-01,2.332769446953146808e-01,6.308420362926033809e-01,7.740392987059149243e-01,8.967370708470768781e-01,4.496291606979156974e-01,8.177143260040919959e-01,9.670287010220490753e-01,2.097766013897009729e-01,9.310295693709917941e-01,8.843928564377286916e-01,6.695034472272496373e-01,4.769950514821499898e-01,3.038469267680827257e-01,7.903892270230536976e-01,7.303232171068722023e-01,8.959638001900765980e-01,9.235619826667176291e-01,3.878996990387735821e-01,5.071261816020217195e-01,7.943770600039368190e-01,4.594347628072512624e-01,8.200547237952238167e-01,4.454604728299837446e-01,4.939632358760050468e-01
7.614874751121313290e-01,7.784676564595484072e-01,9.456858507009507919e-01,4.982024162192206784e-01,8.454068751944828763e-01,6.897159713867103692e-01,6.538091943079905599e-01,7.930099702629144209e-01,7.643430385701437402e-01,2.715229268140990637e-01,0.000000000000000000e+00,9.789289251116715107e-01,9.590746800883409584e-01,9.954604512429545693e-01,6.274982123944861101e-01,4.014763421100600027e-01,9.919965477122953956e-01,9.839091218962547902e-01,6.458714317602902710e-01,9.564156965249478448e-01,7.265111572467427559e-01,7.865333772839642190e-01,7.668348714849689829e-01,6.778851000446400876e-01,6.416498741146106077e-01,7.798763438464120235e-01,7.752100550224412245e-01,4.192294381936882974e-01,5.619752212241511113e-01,7.774010782746167969e-01,6.525742457151466613e-01,4.481200477344981503e-01,8.938485709570145321e-01,6.648143746003455368e-01,4.443344365668887019e-01,8.075472677008788125e-01,5.187851272979202566e-01,6.736337875864145674e-01,6.996757310623493709e-01,4.592240553651416035e-01,1.167204661558152255e-03,7.112341401990973644e-01,8.509478621139866528e-01,4.410013715545707536e-01,4.608394554051944425e-01,8.954278362227383603e-01,8.547826009069907638e-01,6.570985915297011815e-01,5.775218666706686266e-01,6.131537265399397141e-01,7.025857418394479970e-01,6.620580987420338070e-01,7.864550125896587751e-01,4.930942172392930312e-01,8.509725790116641209e-01,6.153177169118150269e-01,4.063434533224992151e-01,7.356947695320046332e-01,9.468851308766974562e-01,6.464898284137955420e-01,5.078363540317887281e-01,8.740277186695786238e-01,9.203807816114727425e-01,8.728585928475389721e-01,9.265886364810685949e-01,2.688961569274200269e-01,8.097988911541188495e-01,7.368317883919093259e-01,6.904231890050526177e-01,9.719279908676824453e-01,4.932508162415188413e-01,4.304793143578448111e-01,4.982940529325167178e-01,4.898350835223121424e-01,7.999401928336700163e-01,6.274857396905114681e-01,7.762221735435684833e-01,5.724361126893925400e-01,6.254119838187698344e-01,5.317792141859004063e-02,6.465501891170545301e-01,8.323273622944024064e-01,9.244314025567134108e-01,4.524973770417748953e-01,9.664836648624254289e-01
6.776975346247402499e-01,5.178894532785640603e-01,9.208959480946252718e-01,8.021022588519135521e-01,9.670813550187902230e-01,7.226636134616184481e-01,5.483219347941915567e-01,5.917568657965752710e-01,7.498744935828770553e-01,6.244948371227125872e-01,9.789289251116715107e-01,0.000000000000000000e+00,4.685694045528101537e-01,9.568857101975182244e-01,9.606017929589001358e-01,8.190469990660054211e-01,8.062906661016124854e-01,8.598345322197412655e-01,5.726148200631911989e-01,9.059075930382478603e-01,8.581984921613846629e-01,2.643016216118518336e-01,8.442235639028259353e-01,5.119415195195754498e-01,2.756267026645632390e-01,7.495793002155710649e-01,7.223954926925170161e-01,7.157892745302276705e-01,2.822862792574487023e-01,4.569733191117255622e-01,5.535057011348896161e-01,4.669579601192605511e-01,2.248140031524831772e-01,8.940028366860094389e-01,9.862070106861527963e-01,3.871000363921860976e-01,6.413193994980577461e-02,7.090788606927853621e-01,8.283010620182645889e-01,7.339532645157849089e-01,4.078964423865448219e-01,6.130472539983332636e-01,8.041648333511750568e-01,5.210343533084668133e-01,8.368899994725707003e-01,8.841215843871912394e-01,9.243346713507912815e-01,8.251535119904960247e-01,6.984343396897182421e-01,6.296531914418739273e-01,6.028077061930906533e-01,7.689624305533967474e-01,6.068952448328642779e-01,8.828629243549158678e-01,8.548815393565184495e-01,3.473468817132625008e-01,6.741918181544808153e-01,5.543971085064803850e-01,9.060265764064783234e-01,3.104727004059981699e-02,9.573271932797767780e-01,9.440291340666919773e-01,6.120646032977766771e-01,9.852507609002635336e-01,7.979436842946106001e-01,9.770521322470323566e-01,7.079245027713324534e-01,9.662379190078824731e-01,3.783827291474028964e-01,6.630700397368045618e-01,4.392028577430104330e-01,4.333902017163188125e-01,5.127767547980006668e-01,6.245027612814609830e-01,6.779048169206212116e-01,4.842203696543441738e-01,7.848185646459797660e-01,2.464598610423259506e-01,4.096654178276883940e-01,5.953552669088950644e-01,5.025506190084567670e-01,9.230260235995803031e-01,7.450307196405941967e-01,4.171606961473969810e-01,6.041637420551690951e-01
6.411708100412309985e-01,7.183940193250261119e-01,8.456785005088474083e-01,3.223536074464274370e-01,2.996064346296835601e-01,5.633288909813296552e-01,5.113751138161333198e-01,9.918189910100110307e-01,7.992239641248131132e-01,7.504940978611263080e-01,9.590746800883409584e-01,4.685694045528101537e-01,0.000000000000000000e+00,9.973132338737028535e-01,9.947967021624637418e-01,2.318517622396084332e-01,5.657495042858030621e-01,3.750213192428815123e-01,5.707736513068731865e-01,9.238486507130526659e-01,9.371814031702863090e-01,6.629724615339609439e-01,6.147565503654467411e-01,6.119525087133664831e-01,3.964217625878123652e-01,8.060993822546496101e-01,8.565638513103898122e-01,2.675996247271088604e-02,5.550724191342608638e-01,3.427768898965493083e-01,5.631890355756512534e-01,8.297426960398794904e-01,8.961420630104189877e-01,4.046147862420760299e-01,9.750331105028698930e-01,5.357736388928471261e-01,5.689807845397126806e-01,6.022377772706277721e-01,6.305609810150017980e-01,8.081270654072573167e-01,2.886860050613516138e-01,7.225314749699542904e-01,6.255326876307478745e-01,2.666609175667331577e-01,1.278932561094973663e-01,7.873792914841846180e-01,8.615479382589545931e-01,7.239565005351211724e-01,7.218180373684649487e-01,8.418441171719586169e-01,8.252495497414299441e-01,4.641170518572500514e-01,7.306993433275079664e-01,8.814812389072232968e-01,2.866013465493444379e-01,5.906707631662270197e-01,7.507091634884222042e-01,6.921573602861036401e-01,7.053486997212808918e-01,6.909177647670098343e-01,5.762862780917317185e-01,8.766903500550958794e-01,7.687387062570534280e-01,8.778381133656021351e-01,8.830469570455617978e-01,8.452967826104352822e-01,5.912519853638719125e-01,9.752255351302333564e-01,-1.649595647308945978e-01,9.125909713416546776e-01,9.866141139522852654e-01,8.135136149293248353e-01,2.058132861223198676e-02,6.008896601620281608e-01,7.549781995697191217e-01,7.997479709299082362e-01,9.064431886075919875e-01,9.945007246754536956e-01,5.180120259230227564e-01,1.180420954821068680e-01,7.424351529987422982e-01,5.096791869299640565e-01,8.217861800649983728e-01,4.325355925278153157e-01,8.499085661861049967e-01
6.335089382813879899e-01,8.009438661613931254e-01,7.095585490383199412e-01,7.596348871404260406e-01,8.193937888937057323e-01,9.482959334141396468e-01,6.282530512941681966e-01,4.667999476522740609e-01,6.728400703365180480e-01,8.363642301373777066e-01,9.954604512429545693e-01,9.568857101975182244e-01,9.973132338737028535e-01,0.000000000000000000e+00,7.674510175374043008e-01,9.510615017688521799e-01,9.447667341534773389e-01,6.306368663388086659e-01,9.064884224163659576e-01,7.215179505460770359e-01,9.866589157463094839e-01,8.428798422097398824e-01,3.400799589476296569e-01,8.647455793097991172e-01,6.013477431110645366e-01,6.864853244460386028e-01,7.146606102191129795e-01,8.090290217063412781e-01,1.972519078310381035e-01,2.982014783821794746e-01,6.383220544307935951e-01,7.000705455780716902e-01,6.506691784937645995e-01,8.826267882921297048e-01,7.085195748537320704e-01,2.333143959106749876e-01,5.596372233543619457e-01,7.134442760035144548e-01,5.244915095637781022e-01,5.102343701732046100e-01,3.866952398999902729e-01,8.036795680879237347e-01,8.226859078737498721e-02,2.559219241641754738e-01,6.768289127817515016e-01,5.473103950026759756e-01,1.447960455110623157e-01,5.092837648448155230e-01,8.715295773976103888e-01,7.881880181917482187e-01,8.982147609123609655e-01,2.388414326008631572e-01,6.379730997961448047e-01,9.092703443292484700e-01,9.894041644638253974e-01,7.184617541564602972e-01,9.447028349044396256e-01,6.193551516356371467e-01,6.572791881519497448e-01,9.610581937522897356e-01,2.224476306329556674e-01,9.868116755244654703e-01,7.594010089062588342e-01,5.706883772338547933e-01,8.075119013315111838e-01,6.601554083794146655e-01,2.975359502042600468e-01,4.504982430947932492e-01,4.262593053959023992e-01,5.388256638223257733e-01,9.683858951264794346e-01,9.132562144233964396e-01,9.326738426346082855e-01,6.711020102028160128e-01,6.985438647633716025e-01,8.494694345346235353e-01,5.101981489075229081e-01,7.307522026298055584e-01,6.438774687523991513e-01,3.849534809947830101e-03,8.737182987369467302e-01,9.373293206759916174e-01,8.040495055446241768e-01,4.781257877195291273e-02,9.739609975902920880e-01
6.237185418477164678e-01,4.148496384254425351e-01,7.253493321540762651e-01,2.640813950899745244e-01,4.452297478188321223e-01,4.298191161676617744e-01,9.078797182035739377e-01,9.185863117213309836e-01,-1.420076033235144475e-01,4.304613951078903877e-01,6.274982123944861101e-01,9.606017929589001358e-01,9.947967021624637418e-01,7.674510175374043008e-01,0.000000000000000000e+00,8.647714257648011493e-01,7.280834852011740521e-01,5.392581525031409084e-01,7.571292719118150050e-01,9.764567856634622789e-01,9.678891878952344818e-01,8.346009171451836961e-01,1.917495774639196293e-01,8.592059620125864772e-01,9.665786634278188405e-01,6.870528718638744259e-01,4.218716307141820998e-01,6.437415517972920886e-01,4.403904905022451577e-01,5.459026793104624353e-01,6.603681679008035488e-01,9.200668739772103200e-01,5.369149487888760230e-01,7.439462004099406389e-01,4.179905342150985748e-01,7.441586138819336060e-01,4.759367273309959567e-01,3.715988682919511565e-01,8.787860082330267719e-01,9.134591274542194217e-01,2.671049446541564620e-01,4.999767046270635618e-01,8.817678549283436418e-01,7.084708396499036498e-01,8.230466865912663410e-01,7.594725715331440696e-01,4.367577719834146444e-01,5.785735066586032982e-01,5.544274796868804422e-01,6.860963825575407959e-01,6.422395189301430829e-01,9.438095167895843574e-01,9.747656874833718899e-01,7.468624184748213768e-01,8.040112981072825571e-01,8.380174591208735535e-01,6.390055780099752614e-01,6.309901863594964411e-01,8.764738838976112723e-01,6.184709493579241268e-01,6.120070763400894398e-01,5.842473817013015269e-01,6.063507916604324866e-01,7.324477191249685326e-01,9.833032887571836467e-01,7.207044153633751504e-01,6.294660535557263792e-01,9.515843070057357078e-01,8.759712476118086677e-01,5.935092530071248706e-01,8.645339124819424459e-01,4.595142970637268176e-01,7.768044615396113572e-01,4.520696315567592771e-01,8.605313501697434697e-01,7.164804878549934086e-01,5.410784204319678548e-01,2.588500949732195910e-01,7.494831264468831966e-01,4.651816104147170061e-01,7.642368395354455224e-01,8.556703247654200428e-01,7.042901563147633270e-01,9.713235031507471140e-01,7.985219529768663449e-01
7.573844275360556155e-01,6.587220391468050495e-01,9.633608758554497165e-01,8.411455318362712763e-01,6.731524141947956563e-01,6.246773748724917530e-01,7.208684034455539180e-01,8.947775272641546040e-01,7.609688924428219536e-01,8.403652958959457742e-01,4.014763421100600027e-01,8.190469990660054211e-01,2.318517622396084332e-01,9.510615017688521799e-01,8.647714257648011493e-01,0.000000000000000000e+00,8.887206550918554937e-01,-5.281151858939414634e-02,8.836222417746509850e-01,9.374629587620113558e-01,5.652747055386351249e-01,7.034776476527334621e-01,6.504859312274330341e-01,8.493411944679803982e-01,8.162980695224449912e-01,5.455850038762442011e-01,7.633050338241320620e-01,9.711384894203791696e-01,6.732848471150998382e-01,3.565690143294848458e-01,3.678302506852255682e-01,8.939263260105108078e-01,5.764278061210783566e-01,6.028259059414331489e-01,7.591139094042493873e-01,6.334884291002483847e-01,1.616438224526271783e-01,9.060773401263534366e-01,6.394976389569948516e-01,7.157017883839268402e-01,2.421687180479201174e-01,7.680683664808684030e-01,7.995710746153096293e-01,7.698847652071436620e-01,7.426416099308104091e-01,7.060678216452835887e-01,8.901741102782601001e-01,6.104755438445004234e-01,4.302401061281477812e-01,3.255639010564578273e-01,7.402328530539620255e-01,4.911911844557450557e-01,9.364474233606061571e-01,9.854209290807023347e-01,8.343790791512465388e-01,6.759361941160461074e-01,7.613149178234452918e-01,7.828204396553004596e-01,7.800394946632360771e-01,6.513532255438597707e-01,5.914983318545639079e-01,7.755020334773481405e-01,5.519351566754282512e-01,8.209439733682692975e-01,7.589335194216285663e-01,6.994787357277347795e-01,7.179245232563749024e-01,7.154716033632495531e-01,4.894692605191419688e-01,2.447834500354999776e-01,6.853507317145527411e-01,6.877463240748873385e-01,3.194967339557629460e-01,5.576003497905067663e-01,6.774962186099180439e-01,9.431248788268553618e-01,9.747594998796423882e-01,6.334360799119398422e-01,4.954115679379746395e-01,6.925118549824267333e-01,7.666353919110047155e-01,1.458087260850774169e-01,3.073138037327703409e-01,4.690803621152739855e-01,7.580089778014446056e-01
9.826620916977617526e-01,9.641163560780076081e-01,9.766861509240043482e-01,7.740604942815305645e-01,8.977483227564317936e-01,6.297401406131720725e-01,6.667497249667242443e-01,9.019724462873587312e-01,9.066620049002718229e-01,5.378477589940019454e-01,9.919965477122953956e-01,8.062906661016124854e-01,5.657495042858030621e-01,9.447667341534773389e-01,7.280834852011740521e-01,8.887206550918554937e-01,0.000000000000000000e+00,7.601781362906931960e-01,6.334940373683815018e-01,8.855505401703485102e-01,6.806282469994430206e-01,9.321034413485266290e-01,6.010992492887339278e-01,7.044556756196367342e-01,5.632473487743878682e-01,9.666758632822340935e-01,8.056713427320760790e-01,6.586320350930845446e-01,3.864068782297397364e-01,7.101200030446962463e-01,2.128185772662767039e-01,8.941073377677027922e-01,3.217594188809171918e-01,8.455088321473782642e-01,4.586097423734475376e-01,1.935130360638624980e-01,6.001968299343748425e-01,6.316400158375219398e-01,2.465966038884909728e-01,4.609411515029008810e-01,4.426029856052396405e-01,7.148851149493254953e-01,8.895353647359092175e-01,8.567323578277750151e-01,9.127363358399117610e-01,4.100725622516658841e-01,7.003601423720099417e-01,8.696952215623654503e-01,9.016854391784863143e-01,9.046450880804708383e-01,7.453883537513560364e-01,8.576458655125511754e-01,3.046131723217915810e-01,6.545400242961191273e-01,4.916550350639405931e-01,9.175213808938897930e-01,4.168962075772223441e-01,7.581948529776857404e-01,6.074479382563994223e-01,6.156301858521082693e-01,4.770477345471142439e-01,1.560429471824838765e-01,7.452472234851517108e-01,5.340371537006850522e-01,7.090426142052431713e-01,8.730441356176045220e-01,8.529800944730054901e-01,7.305651215425232881e-01,6.085943882416984252e-01,6.155336251598828579e-01,1.957572552136572774e-01,6.647832131388986543e-01,7.079881483401153641e-01,3.735614064115995170e-01,7.645637744310799233e-01,3.358302695606004695e-01,9.023007472602676549e-01,9.379578983304457385e-01,1.796178851794746067e-01,5.709900630789270792e-01,3.789974994225571159e-01,8.111884615665022613e-01,7.917926647198495482e-01,5.719192874679460692e-01,9.852947857410274679e-01
6.072125523761120469e-01,3.446952348988926440e-01,6.907961709055429056e-01,6.064327731102323593e-01,9.801747047359754550e-01,7.481061233529133769e-01,2.754417438910122251e-01,8.280966952489510202e-01,4.824255448425370796e-01,7.547612976783797389e-01,9.839091218962547902e-01,8.598345322197412655e-01,3.750213192428815123e-01,6.306368663388086659e-01,5.392581525031409084e-01,-5.281151858939414634e-02,7.601781362906931960e-01,0.000000000000000000e+00,7.064303191791361236e-01,8.136639238425295018e-01,4.168019799248255386e-01,6.089242217521979583e-01,9.590636192763444257e-01,8.400098161850440004e-01,7.177174423656070834e-01,4.048301630998510370e-02,9.641639453757320233e-01,5.826641406528062506e-01,3.599747087125291234e-01,8.716261491995116462e-01,2.799270300590122121e-02,8.239178774764617241e-01,6.315484950312503232e-01,8.511774928672350971e-01,9.450791279305302828e-01,-1.814914424302240537e-01,3.072867864922849135e-01,4.957356894533636038e-01,5.831858313806624894e-01,7.921159331421767646e-01,4.004725412782243477e-01,4.597820508350582980e-01,7.130870344491636592e-01,7.175001341909813535e-01,9.320808151938746455e-01,4.785176225635106445e-02,5.841827742687905056e-01,6.820259530790357960e-01,9.844775579814427635e-01,6.565424728087474460e-01,1.516482675019847947e-03,6.029081582111708859e-02,6.541671009844040041e-01,8.112928365731751912e-01,7.769125613624141558e-01,6.149531639177292508e-01,7.229079755658549544e-01,7.164262006222545942e-01,5.134652280369788047e-01,5.841527451755171851e-01,4.582477414533988602e-01,6.194535753536746236e-01,6.364832151031794005e-01,9.761191748126154533e-01,8.000202573322956479e-01,6.292604348274121184e-01,9.322861508831774557e-01,6.161892246062345979e-01,6.179024312219383308e-01,6.815745669700697951e-01,5.210497963394347121e-01,7.042016007225062602e-01,6.989195037685551615e-01,7.144590206359124895e-01,5.097159257373470309e-01,8.213953937033112718e-01,9.657505570405461315e-01,7.127216863189436147e-01,6.105042942358528402e-01,3.809097690066876041e-03,3.930109924998535509e-01,2.736211195516369821e-01,7.431853494480701317e-01,9.385504624078589986e-01,5.837210535965603464e-01
