0.000000000000000000e+00,9.623666549525735636e-01,9.594203416038618037e-01,6.325089016751843651e-01,6.982139035445751318e-01,9.551100270291131844e-01,8.219577509702369333e-01,4.140050761512377164e-01,6.794656448888236611e-01,9.917316294017083367e-01,8.519256631702634142e-01,5.244245734224812772e-01,6.890809722689099637e-01,9.443107519409926764e-01,8.959291270794476070e-01,6.817759764555674229e-01,7.179980581107817672e-01,7.221262780224497746e-01,9.907758662308773223e-01,6.347048437271879395e-01,6.317203863473339620e-01,9.297930973490422524e-01,7.316111612251088303e-01,5.275145789735360413e-01,7.307042842641453539e-01,4.532435908618693277e-01,7.647244298073440083e-01,6.662761337950802165e-01,6.494487987631982762e-01,9.421356415630908199e-01,4.989125477473613235e-01,8.614119546389265025e-01,6.835905266197439545e-01,8.808643370824993379e-01,9.089348259039102818e-01,2.029233321198429807e-01,3.931878447291671241e-01,9.489096913742587347e-01,9.301392244987485292e-01,8.936738787886082669e-01,7.942803400565434657e-01,8.099155498952542720e-01,5.731849647434013040e-01,4.553112023214622717e-01,9.490542311671814613e-01,8.634670255734855360e-01,9.633343322698523226e-01,7.258747256162942918e-01,7.148892630375697221e-01,8.296560872227368710e-01,9.571709912846415591e-01,5.692587664718889995e-01,8.516594099005595497e-01,3.451449374293798222e-02,8.678801119026253730e-01,6.557670325031818015e-01,8.928125948946293855e-01,4.785397711737716664e-01,7.494057816227310542e-02,2.759035215845796474e-01,5.286665278825880554e-01,8.445809891659527002e-01,6.480409858418288982e-01,8.828346736354186763e-01,6.692732689818815528e-01,8.112800582822325968e-01,9.308720449549663378e-01,2.503147696729185467e-01,7.514898321867320430e-01,9.190633390101131672e-01,8.633498455412983441e-01,6.349552155568143341e-01,5.307577434929646731e-01,7.076575872241973320e-02,7.048352567852267381e-01,8.390796245174108048e-01,6.707107959082819759e-01,8.853121332616630257e-01,5.846758610829192460e-01,3.060006219684264228e-01,8.453721153235813635e-01,6.098994528243854019e-01,4.043384143084037263e-01,7.330498135432136353e-01,9.277181958703972775e-01
9.623666549525735636e-01,0.000000000000000000e+00,7.476847707519360675e-01,9.619596901903701980e-01,8.443910398440124254e-01,8.830868920025022328e-01,1.856317106741618705e-01,2.493737190795449754e-01,6.531798402876433096e-01,6.472567934167178239e-01,6.732152389247783031e-01,4.796275033702338542e-01,7.729219404920879555e-01,7.210282219491370714e-01,7.541533162316531591e-01,9.288847344315911414e-01,9.988339457572654734e-01,9.990211555352135342e-01,5.706053111963461655e-01,9.730782059436579035e-01,8.670153005289481518e-01,3.168477475403347898e-01,8.432194373252035469e-01,8.151742956792656924e-01,6.883893624662372757e-01,6.323831266882515845e-01,6.173528009005194717e-01,7.733109303606359175e-01,7.625868468055857496e-01,-1.562391525244109514e-01,2.985055649564010150e-01,2.743115683602702637e-01,8.708950025712089982e-01,9.200207465175764820e-01,6.325620960451638908e-01,3.568525746631368012e-01,3.038655092801709756e-01,7.333105827096995100e-01,8.245164267105956624e-01,7.414693726527817885e-01,6.534151018091316487e-01,8.468236964221809160e-01,6.342113684641853544e-01,6.496880384221738192e-01,7.168920985243789623e-01,6.940376782251134191e-01,2.244288590151622114e-03,6.034118234090097843e-01,4.825071334200109474e-01,9.181038780876593641e-01,7.512609693493408347e-01,3.918442317792904528e-01,9.270224764678750562e-01,9.492762986338102449e-01,8.513386223531073105e-01,3.548948562529726236e-01,2.442514632006233810e-01,9.996134670336102035e-01,6.082927753061461162e-01,6.088272283631624981e-01,2.940468379341162342e-01,7.239786170842420487e-01,9.400065299550045550e-01,6.615406241684249622e-01,9.624445006810806724e-01,8.651894161166054920e-01,7.043148051834067225e-01,6.390894291645915493e-01,6.981918329932234046e-01,7.673062980520256593e-01,6.194719811915059271e-01,8.168103944437542507e-01,6.308867277102743198e-01,7.871577941745862006e-01,9.522003444336255562e-01,8.201693071207424302e-01,6.450050308484405193e-01,8.895357271192102511e-01,5.334870647416899425e-01,7.002354213869578237e-01,7.046067844006572711e-01,5.452785846992407315e-01,8.223092126718536399e-01,2.136174369714614052e-01,8.434846664562484220e-01
9.594203416038618037e-01,7.476847707519360675e-01,0.000000000000000000e+00,8.039089522780084041e-01,4.002754288690815732e-01,8.381576513794254391e-01,8.316692579711617572e-01,8.807244358201284928e-01,4.894990247001487771e-01,9.059090805298162241e-01,8.641794123328655486e-01,9.585065576022319123e-01,8.921258318417684130e-01,8.266395165365557629e-01,9.889609282775178034e-01,7.598943241506566082e-01,7.188195289054986059e-01,-8.827334197859672271e-02,8.598666523086267999e-01,9.882674308018863929e-01,9.978156967151680101e-01,5.361042273550739035e-01,7.940959616135685462e-01,4.915196307643723839e-01,6.333734856227738463e-01,8.378437812146174446e-01,6.161945677890960926e-01,8.580501187876155011e-01,6.761558195869341592e-01,7.958040146401399451e-01,4.702631644188246529e-01,6.145087919563489987e-01,8.660098545809779003e-01,8.198679848942433956e-01,8.972890401986208797e-01,5.140160436611089789e-01,3.703659718236935183e-01,8.023761551117402080e-01,9.456184152779942842e-01,6.476205909158232465e-01,3.984030287252129376e-01,8.840974509125528735e-01,8.904858348077494545e-01,8.412969811944123188e-01,4.808002299701145676e-01,9.829072990223681749e-01,8.755256709023809814e-01,6.838413399704932338e-01,9.989780795943292713e-01,7.065427998571490731e-01,6.733068583652316308e-01,6.199482646556431220e-01,4.996915456197287275e-01,8.084714716920670119e-01,6.332328342488047213e-01,8.293200890966861971e-01,5.950984437673143557e-01,8.117917893644676086e-01,8.361262846493445755e-01,7.489791275680169891e-01,7.067088129386397410e-01,9.581725243273435666e-01,7.442302584653329722e-01,9.973153155129821368e-01,8.786188099680758423e-01,5.224662978275057545e-01,8.567060477547649988e-01,9.070422846334934563e-01,7.536138124123195059e-01,3.628906396591583539e-01,9.240290981660719272e-01,9.063585364579492820e-01,2.718164259949169825e-02,4.431789178975722998e-01,5.330496439965328737e-01,7.528939475609289778e-01,9.671035528398123082e-01,8.213997028619900442e-01,2.272841418484294607e-01,5.744479656355472308e-01,9.194850650004352532e-01,4.398922185681800601e-01,9.071223590527301983e-01,8.221242846243954627e-01,7.796977406754520556e-01
6.325089016751843651e-01,9.619596901903701980e-01,8.039089522780084041e-01,0.000000000000000000e+00,7.374551025295958961e-01,5.312692708758706139e-01,5.712548259543053231e-01,7.054872375428541398e-01,2.608069117470396270e-01,2.226964012659238268e-02,5.357343151738773734e-01,7.548180565194337888e-01,9.808778349347280212e-01,9.686106197490069736e-01,7.536283656159094013e-01,7.153077986337947891e-01,8.166093682658608355e-01,9.201916946991236523e-01,9.461192852871906922e-01,7.616739029415763307e-01,9.176404404026164974e-01,8.582504190620335871e-01,7.100494721507910612e-01,8.072734321957418802e-01,8.552691222169716001e-01,6.624363209884647219e-01,8.497295465446302876e-01,8.620848532497887851e-01,4.559372291143892753e-01,4.442499291465324407e-01,3.434267811969401452e-01,2.821456381324072837e-01,9.928808410510067128e-01,1.028320388107584055e-01,9.855690758164861176e-01,5.104672198582872467e-01,4.367754317615764603e-01,7.674094853048151199e-01,6.551916538456892258e-01,4.814845192501346904e-01,6.194104742997921242e-01,8.412264292155112733e-01,9.387647989372784885e-01,9.842419333428927830e-01,9.058906141609337492e-01,5.790613525360734926e-01,6.914730567746764089e-01,7.553348900796126308e-01,7.761772084041589359e-01,8.425513153904793384e-01,7.313315395556436727e-01,4.348669285413400143e-01,9.082883921224819135e-01,4.784575265981070857e-01,4.991425322506766737e-01,7.843658189625790644e-01,9.200494630387031636e-01,4.419772325365351473e-01,5.587518336129564389e-01,5.869055652450895222e-01,6.577641626423088583e-01,7.393793341056311696e-01,4.795727628393702258e-01,9.227921969543295688e-01,9.011309093987793783e-01,4.199549311760300552e-01,5.430115453239012790e-01,6.056299770153852347e-01,3.487158692086811396e-02,4.725982770864010640e-01,8.565621749615661695e-01,2.267080875241184457e-01,2.219153700659555195e-01,-1.054467463617140000e-01,4.842301274511918718e-01,7.479722354699105402e-01,6.739883429273366700e-01,6.434323989077656014e-01,7.859722545997899212e-01,5.307190357180830986e-01,2.481202422430998644e-01,8.701885800615747346e-01,8.905869969801024633e-01,2.569662893465047837e-01,5.009264227442542655e-02
6.982139035445751318e-01,8.443910398440124254e-01,4.002754288690815732e-01,7.374551025295958961e-01,0.000000000000000000e+00,9.700826374789179862e-01,7.492247660749090654e-01,2.754394298123144513e-01,7.192499377106712499e-01,6.972169200384835674e-01,8.843191165841607360e-01,7.023955494728363336e-01,8.611381672209817983e-01,6.528397426006835591e-01,9.171357165475675366e-01,6.436950648582104861e-01,3.490722863538501253e-01,8.630780951976619875e-01,8.678034168069201915e-01,7.758732340542778827e-01,9.108614518796270820e-01,8.890469562996745623e-01,6.945757428281574830e-01,7.223819454977422616e-01,8.714384252040670020e-01,5.203893113159676620e-01,5.545402352703503457e-01,4.291971572675707947e-01,6.860147423143765355e-01,4.943895461620947951e-01,1.313675571795965002e-01,5.529240011138111255e-01,8.897791010527926758e-01,6.542756115325571997e-01,7.663397120496990844e-01,7.731994404239313223e-02,3.128605890579305715e-01,7.079803026924981202e-01,8.169406828263867659e-01,9.725483864192487893e-01,5.241096223298720158e-01,5.600429101256703124e-01,8.888112327736358287e-01,9.376427140827140461e-01,5.032809413424153000e-01,6.451981280135546948e-01,4.601879648061662498e-01,8.679821682784929493e-01,2.551759758375098941e-01,6.654133354931577315e-01,9.019815343677296537e-01,6.302329240521539200e-01,2.555705204812604159e-02,7.912378382801567023e-01,9.951941625159832494e-01,6.533085698820798592e-01,3.004214831383726983e-02,9.922554176932172343e-01,8.818637727940452642e-01,5.962178643795819077e-01,5.594582699410443061e-01,5.703025091816985581e-01,6.196045791388697932e-01,6.956462307686434032e-01,8.844102092597093678e-01,4.716429270027270304e-01,6.120066817261970993e-01,9.376784988882692629e-01,6.401099359799513611e-01,4.003444467700993936e-01,5.469209980789466741e-01,9.796500944060021476e-01,5.167297678987394782e-01,9.311942419076149613e-02,6.611638647809900959e-01,8.569275656692560972e-01,6.385303265136661466e-01,4.571553095841279779e-01,4.437676797943760909e-01,5.971717654724271185e-01,3.763603378328371774e-01,8.124255819158072711e-01,8.774793579490069995e-01,7.306770190473736992e-01,6.547437833415971076e-01
9.551100270291131844e-01,8.830868920025022328e-01,8.381576513794254391e-01,5.312692708758706139e-01,9.700826374789179862e-01,0.000000000000000000e+00,8.294397785221470365e-02,4.849435579849014077e-01,5.141968622537393951e-01,8.044176888655151236e-01,7.819762541139035905e-01,6.980468836912591124e-01,8.570913205926262712e-01,9.842800902855159961e-01,4.118339768978728221e-01,4.081672836671541016e-01,8.451656775063474125e-01,4.376698235995751807e-01,3.526320972280262422e-01,9.436189267356652755e-01,9.148046668364007150e-01,8.832836673450267240e-01,4.967704268451383909e-01,9.611848001343836767e-01,5.374020398636872864e-01,6.777789628210711959e-01,4.786646006391120367e-01,4.571191916676368705e-01,-8.837567843880328455e-02,5.087930501000940131e-01,1.740344581180658379e-01,5.470126396957923909e-01,9.381350525613068037e-01,8.652331108107644830e-01,9.142736350613045460e-01,2.808514269209682612e-01,1.647271488473300571e-01,8.735637151282648061e-01,7.561377068825773096e-01,6.291142774614446598e-01,6.325088039976308751e-01,3.910751652837242132e-01,7.218747486552605785e-01,5.537848149407771370e-01,7.235397375523254793e-01,9.559792428534743536e-01,9.874411619028726772e-01,1.195792063910317699e-01,3.380205345278254336e-01,6.138613494738488496e-01,7.463054373249520257e-01,8.639828776881884886e-01,5.961072435588887775e-01,4.701080004376557708e-01,7.626941751543356851e-01,6.672333704635975415e-01,4.197156790260869186e-01,7.869937431400539918e-01,8.028455109754281116e-01,2.350329605439164526e-01,7.240114154360584031e-01,5.714630978406786133e-01,6.768736046714243226e-01,8.435494597675661232e-01,7.453173881200445550e-01,3.685255499033058824e-01,3.639483117748146812e-01,6.051681318032802182e-01,7.944906377800157182e-01,6.740887734550986554e-01,7.425450953260257503e-01,6.839300206481798705e-01,3.316188022392104195e-01,5.837322881694136933e-01,7.292631346677910242e-01,8.464581716040218140e-01,2.007633662290785326e-01,3.668094123375466031e-01,3.883195220750550458e-01,5.773336869377665437e-01,5.202082290487270999e-01,9.451792960332798810e-01,6.305709172850100241e-01,7.803824922590827384e-01,7.977550753760618285e-01
8.219577509702369333e-01,1.856317106741618705e-01,8.316692579711617572e-01,5.712548259543053231e-01,7.492247660749090654e-01,8.294397785221470365e-02,0.000000000000000000e+00,4.690026464464796541e-01,8.606373244458108696e-01,1.993637886440913498e-01,6.718634443541621204e-01,7.881903813844870488e-01,4.379093898259098783e-01,7.577348373635732770e-01,2.207631354249533495e-01,8.343994411382884557e-01,2.626745256381658455e-01,4.991886912427382916e-01,7.202075348943541844e-01,9.193243282295751051e-01,6.231007900680742839e-01,4.094519890285268637e-01,8.038991567496243107e-01,9.865721188872811354e-01,5.709255027582521569e-01,2.976131864809240524e-01,8.493589081092265403e-01,2.263846986335994460e-01,8.072678083176516861e-02,4.390384706047518737e-01,3.103317245928168822e-01,1.868428281045395600e-01,6.310947294123279150e-01,6.204073036536261743e-01,7.533148787907936184e-01,4.452056277260965644e-01,2.554265331612545209e-01,7.144898914581767624e-01,8.674006042609774259e-01,6.874812729759699481e-01,5.778894423235958477e-02,5.111626866982741380e-01,1.558201282737064486e-01,9.998547367163139743e-01,8.684008977270504248e-01,3.480538302886840851e-01,1.751255111140592735e-02,7.086996853903138049e-01,6.796687441988057410e-01,6.815898923552839994e-01,6.214094846086449797e-01,7.910365472697775679e-01,5.956212395695168471e-01,6.096270739694852336e-01,5.362251711586647485e-01,6.082708968388560455e-01,6.863425245662224672e-01,7.071266676948620988e-01,7.790989325879578153e-01,3.431249560231718343e-01,5.994418235433672804e-01,7.651152359553050619e-01,6.787242351980395938e-01,8.605048131335966133e-01,4.983773300374587656e-01,7.933021891794849179e-01,4.641504272024764566e-01,9.302581441798725148e-01,7.067130468515765429e-01,1.148795203305959661e-01,4.089588418477946297e-01,5.310487979274444159e-01,2.494791072153804967e-01,7.218004846993788526e-01,5.026653524090413105e-01,6.892763386827239769e-01,6.742532564295768971e-01,4.802206922803845535e-01,1.844038305298397740e-01,2.065124297790879027e-01,6.444041393958558350e-01,5.554811292524645117e-01,4.842345156111592663e-01,5.216098749821251879e-01,7.938039354925477964e-01
4.140050761512377164e-01,2.493737190795449754e-01,8.807244358201284928e-01,7.054872375428541398e-01,2.754394298123144513e-01,4.849435579849014077e-01,4.690026464464796541e-01,0.000000000000000000e+00,5.594412568545131803e-01,7.167198709741781082e-01,4.308168676472908243e-01,4.027936537038941389e-01,8.791391889386702685e-01,1.293764373736194795e-01,7.402858761013423328e-01,5.941171652104750844e-01,8.915754642457677237e-01,3.594984768200952807e-01,5.764022094775602678e-01,6.221385683955386048e-01,9.354572956479290102e-01,7.837467529824893031e-01,5.439764315525195126e-01,8.737412543704129453e-01,2.559589603688540715e-01,9.301453916410103995e-01,2.534476649167152207e-01,3.982170657059451169e-01,4.543774360369716714e-01,4.824230896033381844e-01,4.422301014844059325e-02,5.621784931092650706e-02,5.893951746410410752e-01,5.472193598082349952e-01,9.420738329402590372e-01,8.678763624279693667e-02,3.757043666268850557e-01,7.486727748680840344e-01,6.486950753494030719e-01,5.362433806621932364e-01,7.783664741779123819e-01,5.646482228399304359e-01,4.178219183052762076e-01,5.951935904588067094e-01,9.770478154017778749e-01,4.319751841984594276e-01,4.678236714704027133e-01,6.981720616225094433e-01,5.174609188815095795e-01,7.123068601580496706e-01,5.472617900837968286e-01,6.893293427398449191e-01,7.262822477880498395e-01,4.480749789933296534e-01,9.774287099554481717e-01,8.199838499174221251e-01,6.330657762081807194e-01,7.222109354665845471e-01,8.871207107959272475e-01,7.399217206981305583e-01,7.097515879836376884e-01,6.125556721707393626e-01,4.527212486202611408e-01,8.591307528969420737e-01,9.351075603720295781e-01,1.088184888248766580e-02,2.920767732326312038e-01,9.588449828304340672e-01,7.657586095528625680e-01,8.547298181529295880e-01,8.364581668139220438e-01,4.346782216311926295e-01,1.904673432933116917e-01,8.964248647358874500e-01,5.661241218325943070e-01,4.062646252141960401e-01,6.777121194816123628e-01,4.752296086615986348e-01,4.165545004421135067e-01,3.795590475197720970e-01,2.715215925845396727e-01,5.071863527326174736e-01,6.525019510052394445e-01,5.186526366792212350e-01,5.298494066726973095e-01
6.794656448888236611e-01,6.531798402876433096e-01,4.894990247001487771e-01,2.608069117470396270e-01,7.192499377106712499e-01,5.141968622537393951e-01,8.606373244458108696e-01,5.594412568545131803e-01,0.000000000000000000e+00,5.647518459119119649e-01,7.919582608988359196e-01,5.814958298649797186e-01,6.469780633662994829e-01,9.147909218897463113e-01,4.354186464423343006e-01,6.771576211725287564e-01,6.525172457127523806e-01,6.464159359960767182e-01,3.598496132162036787e-01,8.170040355308325619e-01,6.642856717471463668e-01,9.996420725060591872e-01,8.314728131259793154e-01,8.992610053396801195e-01,1.370640538679048503e-01,-7.365577373875156764e-02,9.551467313936209402e-01,8.072342673238673827e-01,3.645282507705023267e-01,7.554443035627615988e-01,3.374301989434627114e-01,6.945003105379117248e-01,6.472438797484784123e-01,7.296857077863524443e-01,8.599322881092885673e-01,1.298780266376861892e-01,4.960803925735841613e-01,6.640046377160656599e-01,8.224734879836687051e-01,6.057631302087315150e-01,7.746709754925151792e-01,7.725211503598252705e-01,6.542002518258744903e-01,8.842830100659930803e-01,8.444796523553944612e-01,6.407950721460219379e-01,6.355340008982974798e-01,3.061432368468736120e-01,4.804199811738218973e-01,9.102807159263125447e-01,8.038600873121103385e-01,8.289933897164000198e-01,6.992961899744604137e-01,7.835835216313460361e-01,4.476023237519788367e-01,6.643211315663956062e-01,5.369503773924890755e-01,7.567883490161327886e-01,3.464852094323882525e-01,4.581519173342252227e-01,2.880668001273353762e-01,5.935833369810950000e-01,3.513555223344434486e-01,6.189297423062442016e-01,7.479211430447433306e-01,8.402548948610321089e-01,7.663725628485344998e-01,9.387025145090315270e-01,8.368096859439694279e-01,9.758397413393377073e-01,3.669651184882787298e-01,9.175898653333758315e-01,5.838201810256573587e-01,4.786883070959525588e-01,2.318927824760423362e-01,6.439466525098673788e-01,6.332982535835670612e-01,6.117359810712785784e-01,7.765928197981389891e-01,2.242507073956843677e-01,4.262515690120233791e-01,7.079947537230978361e-01,7.997119383698891859e-01,5.411562449042601752e-01,8.650142895165877643e-01
9.917316294017083367e-01,6.472567934167178239e-01,9.059090805298162241e-01,2.226964012659238268e-02,6.972169200384835674e-01,8.044176888655151236e-01,1.993637886440913498e-01,7.167198709741781082e-01,5.647518459119119649e-01,0.000000000000000000e+00,7.452199141487213518e-01,9.177039134242488405e-01,9.177052511605096052e-01,8.715119894454609328e-01,9.089453739288726464e-01,7.461289022612302979e-01,2.152703899528338183e-01,7.487445680412634363e-01,2.681501602006566287e-01,7.781054181035462758e-01,9.844047303367119417e-01,6.772368425977983719e-01,9.534443722451604319e-01,6.428047704501221871e-01,4.138707452528114783e-02,6.869846618752140088e-01,6.329769303904999589e-01,5.197237517634554216e-01,7.940711947198397791e-01,4.369770546821301616e-01,6.654161442738846244e-01,5.144476254834082773e-01,9.936030915991332924e-01,7.672945993999154002e-01,9.344566656138170169e-01,4.466781888922024546e-01,3.512613671064236387e-01,7.894848247009509379e-01,6.808434992953741327e-01,9.099628380654742887e-01,7.124609279494625858e-01,7.581729154399552417e-01,5.884929448110006733e-01,6.887620693197454846e-01,7.321497156477841939e-01,4.248930890496633306e-01,4.876952724150162566e-01,5.373688154155235042e-01,8.517874738031405712e-01,8.836806208464518253e-01,6.329501199175743276e-01,9.909685835929946673e-01,2.489311885249722023e-01,3.023385096115636661e-01,4.238593583597796144e-01,2.233911862668757076e-01,8.331989184506920498e-01,9.555693958354026796e-01,9.880094011185014402e-01,7.285877505152895672e-01,6.805487559662317665e-01,6.727605545824163480e-01,4.063489933776379126e-01,3.200113777658147862e-01,6.455852470239245022e-01,4.929445301616064423e-01,5.533872483450102964e-01,7.439082179686509200e-01,4.634107021574604413e-01,5.478707632788427651e-01,8.951499711892865196e-01,5.619096137400076962e-01,6.209754812450144490e-01,4.531365049406394507e-01,9.059520735193939966e-01,8.389946210512850833e-01,9.228153384406427850e-01,5.266917366761906250e-01,4.473293443808523673e-01,3.183538217023558214e-01,9.638381684846613062e-01,7.039528544681663558e-01,9.406438150312399493e-01,5.150994352133040355e-01,5.082674304532607268e-01
8.519256631702634142e-01,6.732152389247783031e-01,8.641794123328655486e-01,5.357343151738773734e-01,8.843191165841607360e-01,7.819762541139035905e-01,6.718634443541621204e-01,4.308168676472908243e-01,7.919582608988359196e-01,7.452199141487213518e-01,0.000000000000000000e+00,7.300340992927264461e-01,3.520321525082299452e-01,5.542898648148748553e-01,7.894660936886660485e-01,9.919436853944737509e-01,8.293927230709040588e-01,8.455098296943823755e-01,8.885793874421389349e-01,9.677031872531166590e-01,9.139555083577404204e-01,6.931171718760669176e-01,7.918760361948915527e-01,5.041105307102991540e-02,7.702631232530346983e-01,7.786630009968011912e-01,8.147184337647848107e-01,7.763730467641789534e-01,4.919973504457135771e-01,2.756404936889689794e-01,1.908410352425654599e-01,2.784808687091735457e-01,4.873554145449480179e-01,5.122528570173753293e-01,6.040770878740996386e-01,2.874812807757441968e-01,2.905228353268805574e-01,6.531435426869994787e-01,5.460310891655574261e-01,5.690787864939462759e-01,6.391945581819904465e-01,6.389423195539659650e-01,7.175021232451480602e-01,8.677586469957556670e-01,9.099591648235600960e-01,1.705811572491825467e-01,3.491615187005899790e-01,7.642981954022598501e-01,5.053163785344879644e-01,4.075026557397898319e-01,7.811843243949907478e-01,9.736992943060189809e-01,6.318870151064572838e-01,7.258521162869814303e-01,9.429772901764755799e-01,4.833789795145738699e-01,8.274884116841365600e-01,8.340256546608852961e-01,9.475968179208553721e-01,5.859810338308431010e-01,4.455033925254290317e-01,2.144466613818737377e-01,9.653805956753059858e-01,7.625120706615250432e-01,9.130288144489436819e-01,8.193177548934874599e-01,5.661084736817272312e-01,8.265696680977371313e-01,5.618761474582653070e-01,7.429471171902932713e-01,8.629528139531843500e-01,3.716773766477440843e-01,6.560251805449955897e-01,5.073617867382238522e-01,9.628661855662119795e-02,6.956329325314924983e-01,9.907929838492561814e-01,6.072635340454225483e-01,4.773290040419181368e-01,4.264299562540277977e-01,5.409856792175768980e-01,9.163459416290954396e-01,7.149405716324943594e-01,8.268546023920519961e-02,9.246769587075296393e-01
5.244245734224812772e-01,4.796275033702338542e-01,9.585065576022319123e-01,7.548180565194337888e-01,7.023955494728363336e-01,6.980468836912591124e-01,7.881903813844870488e-01,4.027936537038941389e-01,5.814958298649797186e-01,9.177039134242488405e-01,7.300340992927264461e-01,0.000000000000000000e+00,6.635216588128234338e-01,2.696497605016956456e-01,8.252988113037995621e-01,8.432042583998698992e-01,5.297323288039379463e-01,7.228227018613300192e-01,6.762721153743276314e-01,8.811271601156885902e-01,9.025280326259946806e-01,8.415842481491675464e-01,8.945044714867944613e-01,6.477128068610682465e-01,4.516029589409645273e-01,5.208889109318742133e-02,7.014465942094910700e-01,7.129932625603095930e-01,9.538068243016947223e-01,7.557532167958913583e-01,1.036542851424782129e-03,7.628675087367601249e-01,6.741312335859153126e-01,2.404274700515767471e-01,1.569550818577626627e-01,5.737972424590488396e-01,3.720181966039385335e-01,9.324147640195943332e-01,6.410836756321840468e-01,8.146397987430340493e-01,4.865120809034584326e-01,6.533387488635582496e-01,9.432491729427137095e-01,2.655286097823238434e-01,5.988907263949928561e-01,6.356167729472841366e-01,9.488340999934223863e-01,2.872819235864981779e-01,5.089734907116950646e-01,9.499951775370513163e-02,5.226804574802700332e-01,6.930530308128300954e-01,3.518014988219624328e-01,7.463106999391379004e-01,9.148964343222126816e-01,5.037274620356337884e-01,7.779657777535717855e-01,8.352446950099423617e-01,8.517444468515069644e-01,4.702363603148654869e-01,5.957080052616190446e-01,5.362144741905013889e-01,8.512478975352305577e-01,9.085831301712388175e-01,9.719988960758261243e-01,8.695179516705691114e-01,8.720796078319081879e-01,8.475186322257609595e-01,5.954041001192851290e-01,4.932911078620100254e-01,9.778127718832032578e-01,5.658126760007299305e-01,6.849864450466188748e-01,4.865172226943985656e-01,1.604537434674912499e-01,7.792778211811466349e-01,7.312379197304763601e-01,7.968189294547429746e-01,6.229646375302543282e-01,4.217654307925871593e-01,2.516700412456287506e-01,6.775380285167754701e-01,6.515088674540442382e-01,3.286563287713971659e-01,7.573989703935568585e-01
6.890809722689099637e-01,7.729219404920879555e-01,8.921258318417684130e-01,9.808778349347280212e-01,8.611381672209817983e-01,8.570913205926262712e-01,4.379093898259098783e-01,8.791391889386702685e-01,6.469780633662994829e-01,9.177052511605096052e-01,3.520321525082299452e-01,6.635216588128234338e-01,0.000000000000000000e+00,-1.160845702516814515e-01,9.731060908195329207e-01,9.016690206201987134e-01,7.292490155845419153e-01,6.653338561666214401e-01,3.590204787465821612e-01,5.764117471766148082e-01,2.712431018269342853e-01,6.888438576400046642e-01,9.693948563457099876e-01,7.199270988913035740e-01,3.231842022652481328e-01,6.578264993376584657e-01,8.990457473736851446e-01,4.139475365159696052e-01,6.137503061675551042e-01,4.611388470477925106e-01,4.256037166887599033e-01,8.756364436708187204e-01,6.628385928017640483e-01,4.461594161883021825e-01,9.434394852448071411e-01,5.395786858250669615e-01,6.610755211966504730e-01,7.045317139088813629e-01,6.108407478027459980e-01,5.318253461480350053e-01,5.104265202202490359e-01,9.215584507339120712e-01,8.257935118763823912e-01,6.310627167018518779e-01,7.402597179964681695e-01,6.671217965381359694e-01,7.005733857762601602e-01,7.582114670938407963e-01,9.948711832240216824e-01,6.391654846359610120e-01,7.367662226289587446e-01,7.836630572738046974e-01,9.545829920608916996e-01,7.235535138945884404e-01,8.110549399741154852e-01,7.138774657355531073e-01,9.262145310492558847e-01,6.794101908940991530e-01,6.399244684509166614e-01,7.428212595086621794e-01,6.612066895897535934e-01,8.894764266510110096e-01,9.359150403426061970e-01,6.779892187555339733e-01,9.872309464170390125e-01,9.745565937092536268e-01,3.758030114664198118e-01,4.876800578394361319e-01,6.355256694729893852e-01,9.384070832503536019e-01,3.727317484941384818e-01,7.606093455452995755e-01,3.463487606238295213e-01,-2.080925226939289718e-02,7.391990439654423373e-01,9.812688325097521647e-01,9.476426227647740674e-01,2.193194478560805960e-01,3.172848923746736660e-01,2.732314031778148578e-01,4.498511211685756184e-01,7.866536454266259693e-01,6.204196212487809170e-01,8.710608730376966369e-01,6.982569953672000951e-01
9.443107519409926764e-01,7.210282219491370714e-01,8.266395165365557629e-01,9.686106197490069736e-01,6.528397426006835591e-01,9.842800902855159961e-01,7.577348373635732770e-01,1.293764373736194795e-01,9.147909218897463113e-01,8.715119894454609328e-01,5.542898648148748553e-01,2.696497605016956456e-01,-1.160845702516814515e-01,0.000000000000000000e+00,7.040906639236049758e-01,9.287773488336615868e-01,9.077147742190875279e-01,2.624174178143256486e-01,4.090422660033321556e-01,8.743388977036969933e-01,7.096134456555730496e-01,8.277761189260550712e-01,5.751326126727964727e-01,8.005570652031346324e-01,4.980326216449100785e-01,8.217133575632451503e-01,6.168330291641295204e-01,3.081009120679773505e-01,7.562878126369668719e-01,3.486278993940318816e-01,7.058934892643833336e-01,3.626572921548145145e-01,9.013676460401900403e-01,8.026838230819528519e-01,7.482768618374896485e-01,3.689711983900966219e-01,5.521210970568922738e-01,6.913702122881882906e-01,8.090175117408802130e-01,4.033019722520498895e-01,9.634719424310135283e-01,6.439223522647095077e-01,7.287545002752416901e-01,7.250345266114157639e-01,5.476403110178809097e-01,9.001026388737763950e-01,7.351298657395179958e-01,7.175274073689917875e-01,7.290416020076089243e-01,6.163477968434274423e-01,5.901526093351233682e-01,8.028754008978311596e-01,9.827641833569171759e-01,8.637572550719864184e-01,5.834478919882692960e-01,4.766930893330084129e-01,7.987752901471221190e-01,7.107039972083315504e-01,7.961744474529222071e-01,2.120273343192821403e-01,1.385131774724008939e-02,8.351072451107899308e-01,8.714074535953056921e-01,4.558519504284450630e-01,4.503471678613707452e-01,5.344393414612830240e-01,6.036496949362386566e-01,9.205078820336297651e-01,8.098410473916919372e-01,7.610413587424303961e-01,4.301009965257711620e-01,6.452738686182525329e-01,4.465462834412949888e-01,3.720834133968958790e-01,4.238429704640798157e-01,4.142294741073075381e-01,5.364760655313846049e-01,6.857769187499146435e-01,7.523252015721534347e-01,7.122421911438422404e-01,8.323700280928557627e-01,7.757592835823453603e-01,8.933565373116205688e-01,4.323123914666651690e-02,7.353842683386545565e-01
8.959291270794476070e-01,7.541533162316531591e-01,9.889609282775178034e-01,7.536283656159094013e-01,9.171357165475675366e-01,4.118339768978728221e-01,2.207631354249533495e-01,7.402858761013423328e-01,4.354186464423343006e-01,9.089453739288726464e-01,7.894660936886660485e-01,8.252988113037995621e-01,9.731060908195329207e-01,7.040906639236049758e-01,0.000000000000000000e+00,3.561885453428888237e-02,8.017683319111978957e-01,5.854068406156793802e-01,2.652571782012920210e-01,7.177035837320280276e-01,6.731163072143362402e-01,6.766733309206194313e-01,4.041087391455501776e-01,9.720295200338879837e-01,4.150244025884105570e-01,1.577078430711385121e-02,2.414989286249477896e-01,4.663908129848052253e-01,5.434387382364651575e-01,5.971223844631864397e-01,7.261252536697763160e-01,5.846873333218807200e-01,2.734494928319277651e-01,7.113900898696658981e-01,6.433035181011057535e-01,3.074848268310848565e-01,4.825732887789577763e-01,8.216954431474989828e-01,6.384098901022221551e-01,9.217557956293721544e-01,7.619762130331263483e-01,7.635177000103290368e-01,8.470978158383897227e-01,2.933295044129100027e-01,7.419039389185920763e-01,6.098248056787932692e-01,6.564693901814300236e-01,5.028403319552946504e-01,7.129488916717983127e-01,4.739793095175797721e-01,6.547073083702616980e-01,4.988421559462811739e-01,5.857896342762958231e-01,8.093134517697960773e-01,7.101072637271493848e-01,6.093836362518284533e-01,2.240047241122926358e-01,4.440216047820376155e-01,9.918046005976466351e-01,8.304023157405407973e-01,7.035743679122832273e-01,4.272510820003389553e-01,4.797896800651393900e-01,8.249027127026047346e-01,8.111281666414517089e-01,5.960093864379663042e-01,9.978671137295698212e-01,9.378834167165781555e-01,9.955305311414717195e-01,8.075091535728436964e-01,6.253747028610247005e-01,1.236010715373821005e-02,4.454692031295368615e-01,3.844093685302381047e-01,7.902702632905248548e-01,4.176782615722675618e-01,9.477609135280244956e-01,4.154465887940914648e-01,7.268605560974368274e-01,2.651826744068654373e-01,6.567009765293745360e-01,3.901248529049713420e-01,-8.002715257616596634e-02,6.061181544385744191e-01,5.965680943798132851e-01
6.817759764555674229e-01,9.288847344315911414e-01,7.598943241506566082e-01,7.153077986337947891e-01,6.436950648582104861e-01,4.081672836671541016e-01,8.343994411382884557e-01,5.941171652104750844e-01,6.771576211725287564e-01,7.461289022612302979e-01,9.919436853944737509e-01,8.432042583998698992e-01,9.016690206201987134e-01,9.287773488336615868e-01,3.561885453428888237e-02,0.000000000000000000e+00,6.119789462956846116e-01,3.862571619853749638e-01,7.433059276954893102e-01,7.390002373931744417e-01,7.015879640112023807e-01,7.713245851367817041e-01,3.343892408120976434e-01,6.892218108063383752e-01,2.810355763067620694e-01,6.536662326539901535e-01,2.674414875401105729e-02,8.289522370228076253e-01,2.725795591262115125e-01,4.800296528335623591e-01,5.914046466859040896e-01,4.997545027472241608e-01,8.674519030237315409e-01,8.412849141805351927e-01,6.257483529577357872e-01,3.367683378228925051e-01,4.813785285306775297e-01,6.060719757069892299e-01,6.504034856086643446e-01,2.563703129569898723e-02,9.232485165737649435e-01,7.424531067994983857e-01,6.359358357859689059e-01,6.597042559007209039e-01,5.450799662824254987e-01,8.414734021809069375e-01,6.747001700943655589e-01,7.880891856222579372e-01,7.651096010212050658e-01,8.950836895117120218e-01,6.853100646977094978e-01,7.551581112544427654e-01,6.586553878901135750e-01,9.359313167621862162e-01,9.083044052757783815e-01,8.543474245532475253e-01,7.263871439236189165e-01,1.294330098372486471e-01,7.919880274776750495e-01,7.762317344248768070e-01,7.023986294234415562e-01,2.504274743512892032e-01,7.240638899994604749e-01,8.278081824494163410e-01,6.234410941819814589e-01,6.577038913311312740e-01,8.435868252290803504e-01,7.690871256440047210e-01,2.759212610455980541e-01,8.586719896442350786e-01,8.586745619915995276e-01,9.195284500671231376e-01,7.537197548821391591e-01,2.423967830531295886e-01,4.984007839171964438e-01,4.032422509743547323e-01,9.811074685911067572e-01,9.592795021798324884e-01,3.870144535232936667e-01,5.344831311961620868e-01,6.527958246948435406e-01,8.999583104953478019e-01,7.796070834967895324e-01,5.314380303630729108e-01,7.634531954430030520e-01
7.179980581107817672e-01,9.988339457572654734e-01,7.188195289054986059e-01,8.166093682658608355e-01,3.490722863538501253e-01,8.451656775063474125e-01,2.626745256381658455e-01,8.915754642457677237e-01,6.525172457127523806e-01,2.152703899528338183e-01,8.293927230709040588e-01,5.297323288039379463e-01,7.292490155845419153e-01,9.077147742190875279e-01,8.017683319111978957e-01,6.119789462956846116e-01,0.000000000000000000e+00,8.781466551944598908e-01,4.396085756810897034e-03,5.275532206126882784e-01,9.023671339336496455e-01,7.078520131266989868e-01,3.569438258117249019e-01,8.825498944467347062e-01,5.126971643558275726e-01,9.559863400025122582e-01,9.608606257285322583e-01,7.192407741878124039e-01,6.716705072976590918e-01,6.656699066695763722e-01,7.259464130093455925e-01,7.411177163469677698e-01,9.275999118601732096e-01,8.485693248526952059e-01,4.615874001272137761e-01,6.321433869654315973e-01,4.974908763230755371e-01,5.626734914027009538e-01,9.507475816374417743e-01,9.295553920279066018e-01,3.247513382578495200e-01,9.308782283722609741e-01,9.069739396046312407e-01,3.940198781924998395e-01,9.020910151415429956e-01,8.241261295542474663e-01,9.186788565280376018e-01,6.115663645914261037e-01,8.872228060350506595e-01,3.030582158416156302e-01,8.478807970351509571e-01,9.465461826774521636e-01,8.359623245953099469e-01,6.074073702560760513e-01,6.406847274756362065e-01,7.990245813265213215e-01,8.923693514794829307e-01,8.846710810936211367e-01,8.988033942063322623e-01,5.233825318619967915e-01,3.712047689823338992e-01,6.603092652791016093e-01,7.700749468800213160e-01,9.242831169697877103e-01,7.163916636830630624e-01,9.359201174795790390e-01,7.385342691327854148e-01,8.304150355512930348e-01,5.018118057061561332e-01,8.352989283364635753e-01,5.598090724685972353e-01,7.517451834641846187e-01,6.472756737804412630e-01,9.792084431898903096e-01,8.225783928843337645e-01,8.800980591701562661e-01,9.962800108421457912e-01,1.660234328290670636e-01,4.946513292911867143e-01,5.087051190487172914e-01,7.589323930617680736e-01,7.354689553478115371e-01,7.745035554943606737e-01,6.749010856816027859e-01,8.559215018203328862e-01
7.221262780224497746e-01,9.990211555352135342e-01,-8.827334197859672271e-02,9.201916946991236523e-01,8.630780951976619875e-01,4.376698235995751807e-01,4.991886912427382916e-01,3.594984768200952807e-01,6.464159359960767182e-01,7.487445680412634363e-01,8.455098296943823755e-01,7.228227018613300192e-01,6.653338561666214401e-01,2.624174178143256486e-01,5.854068406156793802e-01,3.862571619853749638e-01,8.781466551944598908e-01,0.000000000000000000e+00,6.634300635696573911e-01,4.230673521176127050e-01,3.717127656064290742e-01,5.093811386581033052e-01,7.946525649215240295e-01,4.081507628595491544e-01,9.292038929189851970e-01,6.301025722275281904e-01,6.709642797535639858e-01,2.296834737678553895e-01,7.690927800495531708e-01,4.157756169619271081e-01,4.175961216901225015e-05,9.844981547429126900e-01,7.069828834085849500e-01,8.277905501825730816e-01,4.828669450328852419e-01,7.338434152666688526e-01,6.086403097630711523e-01,6.752349596772931895e-01,8.166486129072633160e-01,6.618279899360679508e-01,4.053017296614194187e-01,7.524131435709936477e-01,9.272657844927491011e-01,4.326793188902697262e-01,6.963051635510244530e-01,7.568789429026893112e-01,7.187729042352204445e-01,2.502725947001340212e-01,4.692428454912591640e-01,7.373162460236193372e-01,9.861930811298196264e-01,5.378491823684640183e-01,4.120711111401395010e-01,9.471067748896052629e-01,8.236733776975996291e-01,8.274844292740037854e-01,1.375932644218408329e-01,7.924572396236770899e-01,4.714781957749257235e-01,2.571426578403701591e-01,7.590981755585251012e-01,4.649742823535336633e-01,6.398019134221347715e-01,9.079336115877620905e-01,7.814725214063775738e-01,4.139130750014068383e-01,9.290521851918227547e-01,5.000533370818545098e-01,3.584750464480296328e-01,6.133741890756768678e-01,8.840124734559355879e-01,2.583875823574481867e-01,4.077404105942361578e-01,4.131902168318785096e-01,9.074546095888326169e-01,6.706185973380230925e-01,9.369818325790593150e-01,4.159376505671072977e-01,5.270415271825550363e-01,2.733793313685485282e-01,5.787253144356430123e-01,7.927636283177953436e-01,7.296664861567413451e-01,4.522644963914932981e-01,9.646582769892233511e-01
