0.000000000000000000e+00,7.008473246939890267e-01,6.257914765829105663e-01,7.564069503023627128e-01,7.650930899599744928e-01,8.647222406489948332e-01,3.687863305589956786e-01,5.869211194086066952e-01,2.021130544118642791e-01,6.614869365588986749e-01,8.072701881680572900e-01,8.872603999646048178e-01,8.841508930342828476e-01,9.186839560167586738e-01,9.850132502666930634e-01,6.035121696433640714e-01,9.176903101188190748e-01,2.108992234174231484e-01,8.687344867381904256e-01,7.118394531912964895e-01,8.246293253754926056e-01,7.329890538576205872e-01,9.640204060655015450e-01,8.035274898609953143e-01,8.911348727417236493e-01,8.688564931914424250e-01,7.606401792449832833e-01,5.070408227591467476e-01,1.451120579957312084e-01,3.284270435499395679e-01,2.280539291940091307e-01,8.473919680408810162e-01,6.390085055178044149e-01,6.897774634194621113e-01,6.544405280804360681e-01,2.183576105369203213e-01,4.130966896679377220e-01,6.195247938090800988e-01,9.475874609217749267e-01,8.652475257736788050e-01,4.830537155498756952e-01,9.657060731686720745e-01,6.215468995980480971e-01,6.059956554633689763e-01,9.391188863853127122e-01,3.372994360006752457e-01,7.504397023972217973e-01,7.835631762917369958e-01,4.754152673635601012e-01,6.699543434230013084e-01,7.391457374122133439e-01,7.221441297413899729e-01,6.877346256169231120e-01,4.518365531977814875e-01,8.530523026641703144e-01,7.230200491465066381e-01,9.973466585465631251e-01,8.027271656836444391e-01,8.088384327251358918e-01,7.437997292099360891e-01,1.535202528238783781e-01,9.522240202411080823e-01,9.599256191760618950e-01,7.915935647871211733e-01,9.874698256884357761e-01,8.700261981126681254e-01,4.559568541621638049e-01,6.003097766343608033e-01,5.407223803596153955e-01,8.954467441811223560e-01,6.342943496994223329e-01,5.163863017385355025e-01,3.829649387292078933e-01,2.498410872458039778e-01,7.596655127497371485e-01,9.565454448894795680e-01,8.078537492025540390e-01,4.624643729298397177e-01,7.347019415162701073e-01,2.377574981813727062e-01,9.861705105803828530e-01,8.796878667089121917e-01,8.748563649834912859e-01,4.736956816660867764e-01,5.930538801842238916e-01
7.008473246939890267e-01,0.000000000000000000e+00,8.656866736133500551e-01,6.460264302540557058e-01,5.236387916978818557e-01,8.790847358087681140e-01,7.528784361490696853e-01,5.627447311558365639e-01,7.584990301768317345e-01,9.690988303999997777e-01,9.845827181237455372e-01,7.454447033149583790e-01,8.371008648173182687e-01,7.441126623576662658e-01,5.771342650545756570e-01,8.172411376876451694e-01,7.676288110580744561e-01,2.743076652246668190e-01,8.081218389856621442e-01,6.100863236897329234e-01,9.389719933368412264e-01,8.161091718302714293e-01,7.975278286596291233e-01,9.237579765068225646e-01,9.605439994595503794e-01,3.090148125759403230e-01,7.738234978628987237e-01,6.428166349483209752e-01,2.937765610459425747e-01,5.300653634865221120e-01,7.414883425524519955e-01,5.777931011580343945e-01,6.018164823351784820e-01,6.156093947860449278e-01,8.865134786162912617e-01,5.773251951474989152e-01,3.954682138599885932e-01,7.288617517049150729e-01,8.680286355636973594e-01,7.980315609793182663e-01,8.015146112077238261e-01,7.995591917928793757e-01,9.213062180671373058e-01,6.957346315089620870e-01,6.650180929421762865e-01,8.153394760292426158e-01,9.655952740160617109e-01,5.585016239030919927e-01,7.342843942598462625e-01,9.515686839038010048e-01,9.257206272149953730e-01,9.620060976261601837e-01,6.547766581172431710e-01,8.970862582081753356e-01,9.023033136071206828e-01,7.629920843757602711e-01,3.672845880561960707e-01,3.698828920940859799e-01,6.823408233376903054e-01,8.716082318205886983e-03,4.268487834565725669e-01,9.456793786480298669e-01,6.026907305290366557e-01,9.434741830820077002e-01,6.258162163284375357e-01,8.710086804960308626e-01,9.087657612849386890e-01,9.059812117732582992e-01,7.537085460736507869e-01,6.793002677639657927e-01,7.371092367800853307e-01,7.450520250880501294e-01,2.036267321372814965e-01,5.681928224180634590e-01,5.459156807688552160e-01,6.038816691926527369e-01,8.269983758243452110e-01,6.063446436611716894e-01,5.167207215837517076e-01,4.408396327050324581e-01,3.010434455489571226e-01,2.317579020259617067e-02,8.977288693337847070e-01,5.393934281290749810e-01,4.750782066856344410e-01
6.257914765829105663e-01,8.656866736133500551e-01,0.000000000000000000e+00,7.223755193165459776e-01,8.441425247086744577e-01,9.018207731476723943e-01,2.493281227557282709e-01,7.218769576945424093e-01,9.330031272669123688e-01,6.660306931231523286e-01,8.401229405726937660e-01,6.296376627634208134e-01,8.181029710306838565e-01,3.235840955140913411e-01,8.920229426115572346e-01,9.669929966297113877e-01,6.249034520541796311e-01,7.725951059439928326e-02,8.534237751906821323e-01,4.315643592995677680e-01,4.262825135807529198e-01,4.812788520950178617e-01,9.976389285695728137e-01,7.666883268327737699e-01,9.944633312546653503e-01,7.351639827360254564e-01,7.424984691951451721e-01,6.300607240034911127e-01,6.515951565444287608e-02,4.724259267268529627e-01,5.041975439691748218e-02,2.758298353736942099e-01,2.546787705417659087e-01,7.813886718247028407e-01,9.041918695982398280e-01,2.193711856559383278e-01,7.799404045797286855e-01,8.180258876634810550e-01,3.328316687729409029e-01,8.286468194358318495e-01,4.516733740427850696e-01,8.142981257886053870e-01,8.424186382658893635e-01,9.927424904486427115e-01,7.928775497419563445e-01,8.641456290638473980e-01,5.628533186664523846e-01,8.901009649752585906e-01,9.652666077422864532e-01,8.984021600380780459e-01,6.603919348990361371e-01,8.683688158870240814e-01,7.820655433662316858e-01,9.090933058772946440e-01,2.546031561504726315e-01,7.039141539724361740e-01,6.013622021070699208e-01,9.086307968467176588e-01,6.951799122663981922e-01,3.679638718456899604e-01,7.876070431444591735e-01,7.625475401622069382e-01,7.540612209035437719e-01,9.101306581316326305e-02,9.832198374161952303e-01,7.838424247677932000e-01,9.163679293927048386e-01,6.849621131575244215e-01,8.987925273548870164e-01,9.384688075199545398e-01,6.974053730383871219e-01,8.191363841127864420e-01,9.849304749369538481e-01,2.203328401642752621e-01,7.515266530304672843e-01,8.231527435366765566e-01,9.312665690980093114e-01,6.995456132591225673e-01,5.781589029512153033e-01,5.110568502930344925e-01,6.863167605761103518e-01,8.995192640214481061e-01,9.220704810063377055e-01,9.399489231187824201e-01,8.552936738844468811e-01
7.564069503023627128e-01,6.460264302540557058e-01,7.223755193165459776e-01,0.000000000000000000e+00,7.591306052470474519e-01,6.054519410333872864e-01,4.509744328666442370e-01,4.371456094004396165e-01,5.056970055822210819e-01,8.696785256433581246e-01,9.298857083866194362e-01,6.078991894796550444e-01,8.971475615798129022e-01,6.108790027746887619e-01,8.878182178891145249e-01,1.263558082833071416e-01,5.736718018698258037e-01,8.195921504452819972e-01,8.016578197320884946e-01,2.451741222637818240e-01,4.609398650012196952e-01,8.805984432118547645e-01,9.144635471187489983e-01,5.949449924544571999e-01,4.813487722232072108e-01,8.722206441344561023e-01,6.197202361669522652e-01,5.935772715392013676e-01,3.637447598287342487e-02,7.749705546466369999e-01,4.857876608233604454e-01,4.018721480893982512e-01,6.200253305846143981e-01,8.350153489093268266e-01,9.114264931613128562e-01,1.186184095094725555e-01,3.057166806051567209e-01,5.824480426423117585e-01,6.442903834453708178e-01,8.138783778724587581e-01,3.547223045748832959e-01,9.255595110228996836e-01,5.221427483976019968e-01,3.800598475780336827e-01,8.442919713386957126e-01,7.022151649624635006e-01,6.602580399656057253e-01,8.787238092709166448e-01,6.288951829614518596e-01,4.485829710138340976e-01,7.534013731589170870e-01,4.526460559551042651e-01,6.020653912259197327e-01,7.366712880383089468e-01,9.331448651823602836e-01,6.784987113489635568e-01,6.109918058671363061e-01,6.726045669119882220e-01,8.671804193233768610e-01,4.470265505283098073e-01,7.560658598675007447e-01,7.800658655846051115e-01,7.940587129339721217e-01,6.127812356559025897e-01,8.863623589463827113e-01,9.261544601019562339e-01,5.140098400423709357e-01,7.854820700362643571e-01,3.306410863928764821e-01,6.045167298008736756e-01,9.785077424769659249e-01,7.978206422430853539e-01,8.377874919784051855e-01,5.725557117134041363e-01,6.227146025905702098e-01,6.841393095577734673e-01,3.107141734279070810e-01,7.559424683950106694e-01,-1.675641950902850286e-01,8.459760807773840374e-02,6.687260262525698273e-01,9.428372713739046063e-01,9.409068985168977939e-01,7.947875500045376018e-01,9.444157601278519998e-01
7.650930899599744928e-01,5.236387916978818557e-01,8.441425247086744577e-01,7.591306052470474519e-01,0.000000000000000000e+00,8.539251100722065058e-01,5.630271985851604821e-01,7.983736381406753013e-01,4.618127241190461696e-01,6.911164633009360125e-01,4.785941426184415759e-01,9.604502939072285805e-01,7.070126628865458507e-02,6.539162237140652700e-02,8.269699651858617440e-01,8.273329557025690395e-01,8.334875213256505155e-01,6.163536853114469638e-01,6.833776701191097702e-01,4.764643903162353866e-01,8.743207652079614256e-01,7.986130562095854479e-01,7.913685652324622399e-01,5.792169388046661815e-01,9.751605522236475032e-01,2.258963794341437015e-01,6.420371454654469900e-01,3.560082857507110843e-01,2.763703704213899548e-01,5.582945819558757794e-01,4.536458128904355402e-01,7.756475447292521253e-01,1.914608181834074052e-01,4.594754942059288139e-01,5.317622610619346935e-01,6.822414772605771560e-01,7.448742825299630166e-01,2.469815365012929254e-01,5.510490978269714235e-01,9.090098089200484566e-01,7.303771840357591305e-01,5.507629017392750015e-01,7.449097693500710271e-01,2.050643148471884003e-01,8.447237479170587315e-01,8.010530167915580479e-01,9.052333345048428903e-01,6.209931848986539604e-01,9.369803461710712877e-01,6.737484074311199667e-01,5.724051121340696380e-01,5.386104460688210249e-01,8.045570031206477069e-01,6.550069420804220943e-01,6.374331469826688412e-01,9.721452415663512925e-01,2.055158585611872313e-01,5.170160190021563240e-01,8.541640713239513349e-01,7.858588633314145255e-01,6.706485268839613711e-01,4.134660419616416616e-01,8.401310969086696057e-01,7.889778890167288283e-01,3.354034326871796479e-01,9.794435408641547491e-01,9.789489278619527557e-01,6.384978884200298577e-01,5.885754932219653401e-01,8.679468392472349247e-01,9.782771433124639593e-01,6.312494824365183499e-01,3.053024619055400568e-01,7.952113691973321519e-01,5.026254860807832792e-01,2.133326593008916250e-01,9.096407456573519790e-01,4.547696569653333909e-01,4.402801576139059869e-01,5.808663532668794510e-02,3.884490999397329225e-01,4.393178988972352705e-01,9.085666535688091683e-01,6.826246660612558248e-01,6.962357005984217695e-01
8.647222406489948332e-01,8.790847358087681140e-01,9.018207731476723943e-01,6.054519410333872864e-01,8.539251100722065058e-01,0.000000000000000000e+00,1.534241530493563876e-01,2.072228575063005396e-01,5.820902374042432603e-01,6.308160309269625898e-01,9.831801900229312219e-01,3.604569035905085261e-01,5.374908857020820330e-01,6.839500154944011534e-01,5.929987501810152217e-01,8.998244546199611893e-01,8.124415609735136101e-01,8.485965484669700798e-01,4.132811828352598305e-01,9.846905117910276228e-01,6.073450381914105023e-01,8.728718598305561516e-01,9.205607989797487400e-01,8.349616431014343920e-01,3.468645581427399760e-01,8.112606826464777710e-01,8.816418185843835076e-01,6.753869689248445107e-01,5.209720309594574328e-01,4.348249179677091125e-01,2.553220117460913707e-01,4.574657177495720095e-01,8.061160457674729773e-01,5.559792064972250980e-01,6.637069741486729679e-01,5.576391009560737189e-01,2.157595463596473917e-01,3.128568390287918000e-01,7.410204984756750823e-01,8.605777622485998313e-01,7.911327464672501808e-01,6.068046440667913544e-01,5.896193879301541152e-01,8.013508866708083378e-01,6.899249342333051427e-01,6.207247111342907298e-01,6.830389988790723788e-01,7.361459238514439507e-01,-2.166586942350951506e-01,6.091804216173004605e-01,6.964098482683355185e-01,9.249324037739757864e-01,9.174794295189379056e-01,6.393757855943963397e-01,5.004365427640485864e-01,7.296135126492218070e-01,5.170218204052264843e-01,7.222642569266427559e-01,3.307359720383101775e-01,2.966637438354208234e-01,6.044492892219969216e-01,-3.658611146939091952e-02,9.988938079212965615e-01,9.314645382269365337e-01,4.175627274190324978e-01,5.648043761427379295e-01,4.132831082138004319e-01,9.648472881125909062e-01,7.290336109642284734e-01,6.567871880007843943e-01,7.201279326893986754e-01,6.024696241467468738e-01,7.775868026633605545e-01,4.533289505469065284e-02,8.410562769689399198e-01,4.434429534902542547e-01,8.149340988377836714e-01,3.935505815197632984e-01,5.681947386665888722e-01,3.490747864465135186e-01,3.593422687863732090e-01,9.914131858795456331e-01,4.365499950832604226e-01,7.948908591330967610e-01,9.356330552600842232e-01
3.687863305589956786e-01,7.528784361490696853e-01,2.493281227557282709e-01,4.509744328666442370e-01,5.630271985851604821e-01,1.534241530493563876e-01,0.000000000000000000e+00,4.073559783898703657e-01,2.913544737374580973e-01,6.388282562629310490e-01,4.654828489569275418e-01,7.081982487001416970e-01,5.713122769035836601e-01,9.813850122461857950e-01,8.569996060990795472e-01,5.933253735533217110e-01,5.834807685976004660e-02,6.312653939411474457e-01,7.291004429214533733e-01,9.441383882872981248e-01,9.109746675695855611e-01,7.395695385488371132e-01,9.868753949740716180e-01,8.933914901007483644e-01,7.908910302101872514e-01,2.870115120245683715e-01,3.063677917354372671e-01,6.060076346690741467e-01,7.499217179413704137e-01,2.798378723228658327e-01,5.390698344576195788e-01,4.888610125389857286e-01,9.320301709259930512e-01,7.722524260478697000e-01,6.653835148176472369e-01,8.447169356156528641e-01,3.786417274325439841e-01,7.405174524164042094e-01,6.283042279315906864e-01,5.399947846242661997e-01,5.611552991710231364e-01,7.025165270313423749e-01,7.672481137508115889e-01,1.105771932757004389e-01,4.756643807762032106e-01,7.115999065254131617e-01,4.436489426958332705e-01,4.790677017318920594e-01,3.407003493699924945e-01,4.553107786786416700e-01,6.651977295016809899e-01,9.795316579096510212e-01,7.046282941050229232e-01,5.827661582537434493e-01,6.957494591589813426e-01,-1.455377362184638312e-01,4.512400518514107506e-01,5.516589792407784465e-01,6.991889716975966396e-01,-2.241709819794210357e-02,5.581941016833906755e-01,7.843928907330622868e-01,6.476733404145360584e-01,1.432839653436621813e-02,8.414284165915898450e-01,6.343271091851837573e-01,7.174606935261105267e-01,3.387446613545276319e-01,7.814125469082471298e-01,1.426373076962520192e-01,3.146835256232259348e-01,3.996245386668402511e-02,2.511380199451530570e-01,3.319475883590212728e-01,7.096481752273275934e-01,5.023585526264943146e-01,9.632855991503659343e-01,7.880636003723849869e-01,4.332902257291894599e-01,2.638564166937565902e-01,9.005435506941207313e-01,6.543950988884276176e-01,7.251861003772243075e-01,6.982365005312134443e-01,5.975396324400933379e-01
5.869211194086066952e-01,5.627447311558365639e-01,7.218769576945424093e-01,4.371456094004396165e-01,7.983736381406753013e-01,2.072228575063005396e-01,4.073559783898703657e-01,0.000000000000000000e+00,9.426966906148706027e-01,8.548569802250154392e-01,7.876753647500737143e-01,9.172791772577965075e-02,9.482769672188389176e-01,7.731558030685683480e-01,6.312137961563136779e-01,8.348806113701326970e-01,4.864057498632701204e-01,6.403447644250971349e-01,3.081179719467367351e-01,6.301082466931348103e-01,5.922693511224124130e-01,7.756428112680739950e-01,6.971278266975216020e-01,5.362899831859966326e-01,2.066897463200001173e-01,2.344613745369224234e-01,5.417930504860239971e-01,6.463506524666894348e-01,6.612979159751409819e-01,3.721594025182648480e-01,3.755988029489667479e-01,5.329948297598217088e-01,3.747576791264493057e-01,7.720903533924209361e-01,5.122907272916281674e-01,4.965283507960039366e-01,1.209634981691928984e-01,5.261647592130054285e-01,9.881516428329244484e-01,3.228328690422685998e-01,6.346225475119611215e-01,4.575596157580889556e-01,2.700566871527182444e-01,8.924728688092196105e-01,8.496208616201326169e-01,5.938220844524855213e-01,7.386528253990061188e-01,5.889648428011710068e-01,4.665392572155299122e-01,4.474530882507852803e-01,6.845417243113880446e-01,7.971384263515000068e-01,4.026351958142461163e-01,7.927874280393011341e-01,5.165541272982880905e-01,6.708823563598926842e-01,5.851084130466726041e-01,5.442330919801570133e-01,9.648424869201701615e-01,8.966201124767905206e-01,4.444390861432240825e-01,9.122882119726922756e-01,6.919782607281735887e-01,8.378018267009141873e-01,5.094944091269600905e-01,9.441227514804814147e-01,8.365952369473790562e-02,9.368713089345884759e-01,7.095260565977004052e-01,8.308423547685853117e-02,6.984625953492966666e-01,4.504279263541580702e-01,6.998439298103532602e-01,3.794749908316837894e-01,7.008169699392857721e-01,3.383346593725760076e-01,4.558251815974415644e-01,8.941747187079418513e-01,3.014098061770305592e-01,6.987303837602388823e-01,5.727187658514911739e-01,6.489227369560435221e-01,7.434757395714413075e-01,7.022608567539723179e-01,7.135310610146885502e-01
2.021130544118642791e-01,7.584990301768317345e-01,9.330031272669123688e-01,5.056970055822210819e-01,4.618127241190461696e-01,5.820902374042432603e-01,2.913544737374580973e-01,9.426966906148706027e-01,0.000000000000000000e+00,8.569183898226051532e-01,4.673423371843170582e-01,2.073321582640571814e-01,6.766195327314576957e-01,8.913281744010727037e-01,5.846883358483537796e-01,9.018723152975832713e-01,8.702227025079289913e-01,4.607919876443460350e-01,5.885638485905064776e-01,7.126984893203323068e-01,8.893463002957024965e-01,6.696055802420031178e-01,6.378329871250684180e-01,8.856638110019929844e-01,4.706157953868412847e-01,6.045885040764049645e-01,7.594651985987879161e-01,9.903304283086125093e-01,4.633368911791971301e-01,4.443220645456891771e-01,1.178755956481379735e-01,7.668735782640558885e-01,9.057234224863366379e-01,7.899493446805304631e-01,7.597870496814609353e-01,3.324494162636509875e-01,2.096499975372076441e-01,2.706006803049911258e-01,8.454130115764579845e-01,9.691853559254568484e-01,6.362577885974989300e-01,7.897626644730318946e-01,5.357941621386719255e-01,7.097803655190501049e-01,6.378553151724997150e-01,5.209942821299451410e-01,8.820693725827166709e-01,5.178983137227871625e-01,7.751982127657454091e-01,9.220770530819848432e-01,6.431298271307288594e-01,9.370834898472928387e-01,9.558757862527857974e-01,5.273126326196431353e-03,6.005933177951708890e-01,7.394877593645315939e-01,2.400261368759402936e-01,4.467289649750487146e-01,8.361270462890300070e-01,3.448897406524385478e-01,2.817703925062330361e-01,7.360120413236087566e-01,7.208034093696703559e-01,9.795669718236238444e-01,4.359125438911333195e-01,9.109219472061163003e-01,3.064965647467323140e-01,9.032637889859878033e-01,3.455610365483375856e-01,7.758882721328697052e-01,5.574766190025213231e-01,7.431794774945225113e-01,5.568197351576568144e-01,5.917373114519872690e-01,4.057096011411489567e-01,6.645285677367364086e-01,5.404711482117703358e-01,1.806787658962541732e-01,4.692173813843426022e-01,2.034225354792403850e-01,6.478405560371036653e-01,7.236356858663923752e-01,6.528040858554982062e-01,2.068421746327594180e-01,8.876356505843893130e-01
6.614869365588986749e-01,9.690988303999997777e-01,6.660306931231523286e-01,8.696785256433581246e-01,6.911164633009360125e-01,6.308160309269625898e-01,6.388282562629310490e-01,8.548569802250154392e-01,8.569183898226051532e-01,0.000000000000000000e+00,8.494418546975759376e-01,7.611813122542461230e-01,6.962103659397786970e-01,8.011089615601969527e-01,7.459969298382005398e-01,7.777942061344563784e-01,8.413321430247829857e-01,-9.403686331109026297e-02,4.775607296095161769e-01,5.858152681017727570e-01,6.662444566777303567e-01,6.762091156175297213e-01,7.938685745794207271e-01,7.703840678262048325e-01,7.977032738115430455e-01,7.217454029473071575e-01,2.657317821979396921e-01,7.257921555167059502e-01,4.164941490636714372e-01,5.019142723541443196e-01,4.079610843336743953e-01,6.022649135019115807e-01,6.267204355656035286e-01,8.380243859802651851e-01,5.965490951687033583e-01,4.646039680866427268e-01,2.594798494983506787e-01,7.344500280250587654e-01,9.391932872961952228e-01,8.850362467368535491e-01,6.610017432597785625e-01,4.588725353591466827e-01,7.563954853330598915e-01,4.292632397299235292e-01,8.622657499998785946e-01,4.715534454781814544e-01,8.458569813901546386e-01,5.805891235077886847e-01,6.109496046939121294e-01,9.166787398715281476e-01,5.819779712224713020e-01,9.754465049991503101e-01,9.338285666809803542e-01,7.059839146858137848e-01,8.100349576880457869e-01,7.856072731711556401e-01,2.757821909725823861e-01,4.743430002609526075e-01,4.758643078306399876e-01,6.690550725302216728e-01,1.613358763195208434e-01,9.411811216843053440e-01,7.895129057248262416e-01,4.616775771814659590e-01,9.952111994466477096e-01,8.270358627005086616e-01,9.272696403117680619e-01,2.055569272068427655e-01,8.167392091143685917e-01,7.679711046593499235e-01,9.229845269279215447e-01,4.013240786505773983e-01,2.341525496485294955e-01,3.797366365503179741e-01,7.480634898245905884e-01,3.281720332712322330e-01,7.985206893307672527e-01,5.962395221899241537e-01,5.959446385137440183e-01,4.320411769331209961e-01,2.247829745459966611e-01,4.312247122377543818e-01,9.361323500158660327e-01,6.313729314635364576e-01,9.829525828713823188e-01
8.072701881680572900e-01,9.845827181237455372e-01,8.401229405726937660e-01,9.298857083866194362e-01,4.785941426184415759e-01,9.831801900229312219e-01,4.654828489569275418e-01,7.876753647500737143e-01,4.673423371843170582e-01,8.494418546975759376e-01,0.000000000000000000e+00,7.749213822545057972e-01,4.853537769685443704e-01,8.048622730529115810e-01,2.225112782877383677e-01,5.586306172936599673e-02,8.556269284095989747e-01,5.608815087057366089e-01,5.625854915694199487e-01,6.782634079112022096e-01,6.108561938993755103e-01,8.868527853210017575e-01,8.330765425974507865e-01,7.440884746290785667e-01,2.951032233110047476e-01,8.483886261471264012e-01,7.516580430792982881e-01,9.158601971614342974e-01,2.200986752299458754e-02,1.377273411653017754e-01,1.396363784869077695e-01,5.969723031151459303e-01,7.240768469907230553e-01,9.924508153218276618e-01,5.115984687295660471e-01,4.119988181569832486e-01,8.692304931012513614e-02,4.703956279929671913e-01,6.990765427829830347e-01,9.866407452875672890e-01,1.009476594416508360e-01,4.232964131412163544e-01,7.033245263803036273e-01,7.678182653493250687e-01,7.631282768177649611e-01,6.493690776846927637e-01,7.110097699478999944e-01,8.480727118599017400e-01,7.586329213310843977e-01,7.325338738689686213e-01,4.342360675015786153e-01,9.134935386821954051e-01,7.710332213574382365e-01,6.971890014435314642e-01,8.952938180381998512e-01,6.434062401154675426e-01,6.555620084835084294e-01,8.331472812133250416e-01,8.720821180535751616e-01,4.261719759995165058e-01,-6.047986240564112714e-02,6.159184113490381307e-01,6.603713556884398539e-01,6.212667308572146219e-01,7.694372870201862114e-01,8.234040445184838131e-01,6.303632246376112969e-01,9.986409087260248452e-01,6.089921146606274149e-01,6.970126274617706175e-01,-2.118813511461861143e-01,7.134394884955577165e-01,1.054332225224168321e-02,4.971566936207862941e-01,5.047435504598433154e-01,7.433192248275830583e-01,8.916545503660635585e-01,9.378315744441163559e-01,9.745817896285927096e-02,1.004116230928896319e-01,9.996612248176689475e-01,8.696822529372635335e-01,6.460312792178706243e-01,6.869562243995056550e-01,4.667296711452018076e-01
8.872603999646048178e-01,7.454447033149583790e-01,6.296376627634208134e-01,6.078991894796550444e-01,9.604502939072285805e-01,3.604569035905085261e-01,7.081982487001416970e-01,9.172791772577965075e-02,2.073321582640571814e-01,7.611813122542461230e-01,7.749213822545057972e-01,0.000000000000000000e+00,7.766559326967160670e-01,4.567516637272358571e-01,5.026725773789538776e-01,2.771153270740480123e-01,4.527343399313357164e-01,6.272155487124383422e-01,6.243628936293893483e-01,4.575633000667545525e-01,6.824204683455665776e-01,5.026517944629352863e-01,8.279451593240580998e-01,4.109401588929856852e-01,9.156960163723276702e-01,5.857069475701894845e-01,7.747105324230443291e-01,6.787888861953657038e-01,3.941116897026061272e-01,5.634295469019344749e-01,6.277933092999532505e-01,8.426646307604244157e-01,3.891996988721291295e-01,9.197899603841435123e-01,8.506955531217601507e-01,4.641578771584422003e-01,6.443940989261378594e-01,6.775343429879198132e-01,8.999001840862014268e-01,7.534571877017987029e-01,-7.635063947675543861e-02,9.235110524551797262e-01,9.425043066407067238e-01,5.663899042845326193e-01,1.773657362976982510e-01,9.837665390002909849e-01,1.645291832488161576e-01,-1.741700177291805596e-01,7.967647050983619472e-01,6.924564607704168928e-01,9.207658340660421770e-01,5.420751602690725424e-01,6.474769940147493408e-01,9.835074872346472041e-01,9.089650873213217519e-01,8.845984632186127961e-01,4.345179991053434998e-01,8.317646919180923248e-01,9.471658686564301544e-01,5.295934647767621684e-01,3.273199420843894147e-01,9.707315335110023868e-01,5.507420980156173540e-01,4.398455937310941088e-01,9.579942723465366683e-01,7.012528718650437032e-01,6.126125626336001995e-01,8.755390076567730606e-01,7.630597150576049481e-01,9.359363398660507372e-01,9.835174824508619018e-01,7.759990776988368033e-01,-1.298046989222016445e-01,6.431200142431081623e-01,9.569412825433198933e-01,9.274995893776205591e-01,8.407407594544946683e-01,8.347456945116147331e-01,-1.657224302989215026e-01,3.220486545886033780e-01,6.014727216213916483e-01,9.238737354039217031e-01,8.189254734090862797e-01,5.964906947355732569e-01,7.760281009616492032e-01
8.841508930342828476e-01,8.371008648173182687e-01,8.181029710306838565e-01,8.971475615798129022e-01,7.070126628865458507e-02,5.374908857020820330e-01,5.713122769035836601e-01,9.482769672188389176e-01,6.766195327314576957e-01,6.962103659397786970e-01,4.853537769685443704e-01,7.766559326967160670e-01,0.000000000000000000e+00,3.571697637472360798e-01,2.044824509910820876e-01,4.654402033608483480e-01,6.956177176125161177e-01,9.182780819506124459e-01,8.993595736843074118e-01,8.985824833716593574e-01,9.318807104408346476e-01,7.668718340979394643e-01,7.546759444149597762e-01,9.925383933444800189e-01,6.174847894079160682e-01,9.468580380604340041e-01,8.865176436190929099e-01,2.905999537222808127e-01,5.721627715163351002e-01,4.902913521933356389e-01,2.532664337164453605e-01,7.591581771963945569e-01,2.930774899750170429e-02,6.685588623072507009e-01,9.905691157310314576e-01,6.306062573819998240e-01,1.096701799983975656e-01,8.733252852195065863e-01,9.852236102562913489e-01,6.470671109464853910e-01,8.876447646817243742e-01,7.787890554923388997e-01,6.377558787545847263e-01,5.583396282673583899e-01,9.430670126066772463e-01,6.682663116967630934e-01,6.734504727511698707e-01,9.782436523500452896e-01,8.071222108780597981e-01,8.756112101538238157e-01,5.811784091852307821e-01,6.895656121403851424e-01,1.923673382049996272e-01,9.489008823339518672e-01,8.262471714008960966e-01,7.116139528907312606e-01,9.072678763349705244e-01,4.776621631714580429e-01,2.615959678082314110e-01,5.305674785709311170e-01,5.555625073973151640e-01,4.860257556105365140e-01,9.391927507714136203e-01,9.578853465753051077e-01,8.755801592022601776e-01,6.651652274139356891e-01,5.416434900513470430e-01,9.677479832963852280e-01,4.633844282867310982e-01,8.759193200234368648e-01,6.441120313577575196e-01,5.971726650491762101e-01,7.595290242718260032e-01,3.342658372678641854e-01,8.709534035176274003e-01,4.673740249926214285e-01,8.234947772502364538e-01,7.294772396423392369e-01,2.687023491615716519e-01,5.813019532615120166e-01,7.818686860174447473e-01,7.103888467175160093e-01,2.147365710984449894e-01,8.025668285795756196e-01,7.380249483325675985e-01
9.186839560167586738e-01,7.441126623576662658e-01,3.235840955140913411e-01,6.108790027746887619e-01,6.539162237140652700e-02,6.839500154944011534e-01,9.813850122461857950e-01,7.731558030685683480e-01,8.913281744010727037e-01,8.011089615601969527e-01,8.048622730529115810e-01,4.567516637272358571e-01,3.571697637472360798e-01,0.000000000000000000e+00,6.767046032528211130e-01,8.160391442425989350e-01,9.700832648717083728e-01,5.419399300696942090e-01,7.278147057456507696e-01,4.184770315652350248e-01,9.292490503824067938e-01,7.643401938907079529e-01,4.932212472107053713e-01,6.699010921755342851e-01,3.999548813549491655e-01,8.353151771266398296e-01,5.098769107920944066e-01,8.302544946919458990e-01,4.930588169964639778e-01,2.251105900811715133e-01,2.185196899032672002e-01,4.627016764347840483e-01,8.001663577843316499e-01,5.851008213525586976e-01,-5.253508120627253808e-02,5.523585251378752004e-01,3.196139341472984952e-01,8.962658994610254171e-01,5.790510755713664803e-01,6.594603562731442548e-01,3.737498477798951724e-01,1.690306075769494598e-01,5.967189088019040355e-01,2.760024505550786600e-01,9.662133586500719629e-01,5.044169192669143431e-01,8.830918573092542134e-01,7.919787839054233392e-02,6.034615088742457667e-01,9.582783816389264242e-01,8.423363165158681554e-01,7.239664247956492105e-01,6.120686496261731335e-01,2.266565481506985502e-01,8.236710606736781237e-01,8.051488251209772962e-01,6.205641715530552799e-03,7.122176247219524914e-01,9.471640272536306915e-01,4.814225206348396457e-01,5.152413380582121505e-01,9.157711524331600961e-01,7.156702899151651254e-01,9.517777665615237970e-01,9.448401754284667664e-01,4.925842615652496481e-01,6.117419138494176734e-01,6.812573977842579787e-01,9.275708594253084804e-01,8.407802547892517797e-01,9.656844774976133250e-01,5.416849004260168021e-01,5.481794995353008737e-01,8.507776432136462397e-01,6.046833673857958669e-01,7.355362123796359564e-01,9.639089227934833914e-01,9.312957612116928852e-01,5.974205041805944472e-01,1.869281723598656964e-01,7.691072583108328198e-01,9.202349548201578244e-01,4.968768651612864296e-01,2.240350808630957591e-01,7.906687958372724534e-01
9.850132502666930634e-01,5.771342650545756570e-01,8.920229426115572346e-01,8.878182178891145249e-01,8.269699651858617440e-01,5.929987501810152217e-01,8.569996060990795472e-01,6.312137961563136779e-01,5.846883358483537796e-01,7.459969298382005398e-01,2.225112782877383677e-01,5.026725773789538776e-01,2.044824509910820876e-01,6.767046032528211130e-01,0.000000000000000000e+00,1.481350967917045569e-01,7.638103544249283949e-01,6.508786818315220879e-01,5.336583441620897927e-01,6.450519803557697163e-01,8.619460954758562110e-01,5.102526663715775124e-01,7.805611111733947727e-01,8.010465965867155091e-01,4.162728892569412809e-01,6.654769107711545617e-01,5.543821694057124994e-01,2.581833645243533093e-01,5.417463952791148341e-01,7.241937165180321045e-01,-1.603736173258642483e-01,4.262427194156726551e-01,9.257202892110697467e-01,7.531172472653784311e-01,7.207951500557687741e-01,3.818275981629101201e-01,3.865869020927983346e-01,5.454834138042555791e-01,9.241470650047385327e-01,4.523698921571657205e-01,6.608062156610854387e-01,3.491140238239698323e-01,8.286208008620189400e-03,5.887581783619120213e-01,8.637818391746474589e-01,9.188444009611997920e-01,6.910558057171879431e-01,5.983708794858048075e-01,2.273894848793825418e-01,5.482736783498063371e-01,6.055042038348545930e-01,5.148729145930461826e-01,3.169803721461871282e-01,6.094395249900645961e-01,6.527645392955268022e-01,3.494654946312348853e-01,2.945415434505472829e-01,8.506561052327716865e-01,9.325765492518619526e-01,5.023279900371563356e-01,3.873631022226993181e-01,9.049496200839883819e-01,9.628335426312182310e-01,7.227013029108996234e-01,9.959611530848959671e-01,6.044914072266651672e-01,7.329193228755814804e-01,8.276981543897816707e-01,5.021135101224775132e-01,3.393625332570798792e-01,9.215292086090476342e-01,8.426998760529840204e-01,4.801190552400474432e-01,4.684929631170303005e-02,8.695490083199066689e-01,7.467594240657917659e-01,6.612036184695722074e-01,4.491436137781251031e-02,6.509202576363981585e-01,5.017226716166454104e-01,6.978794109247445920e-01,9.851812575324927490e-01,2.285978629000816886e-01,6.495357844575557760e-01,9.210359924074762450e-01
6.035121696433640714e-01,8.172411376876451694e-01,9.669929966297113877e-01,1.263558082833071416e-01,8.273329557025690395e-01,8.998244546199611893e-01,5.933253735533217110e-01,8.348806113701326970e-01,9.018723152975832713e-01,7.777942061344563784e-01,5.586306172936599673e-02,2.771153270740480123e-01,4.654402033608483480e-01,8.160391442425989350e-01,1.481350967917045569e-01,0.000000000000000000e+00,8.764541753005077318e-01,7.978084562031386717e-01,8.441141394538596854e-02,9.254200392490856686e-01,4.418188864761398160e-01,5.800672878823751599e-01,7.527137831961108194e-01,6.744749400143065232e-01,5.824631033717788675e-01,5.566218734783676680e-01,4.798101161070881804e-01,9.276818657736430884e-01,1.716735703778042924e-02,6.031705824916167025e-01,-7.308726409089685849e-02,8.537976954545741792e-01,7.081887442309006131e-01,9.929091684390380923e-01,3.171050220835783251e-01,3.475395597636311007e-01,-8.631631609555678875e-02,5.959877765806576022e-01,9.230106390626234836e-01,9.041668438612315839e-01,5.369606790606626934e-01,8.092996134746821557e-01,9.797364391485708923e-01,7.001322607585227509e-01,9.470356305689160425e-01,6.015896152198553226e-01,4.717836914526899461e-01,7.387301491442884727e-01,7.114807731976300342e-01,7.744891836333698265e-01,5.223093743766756836e-01,1.984131676381641618e-01,6.567644921514868006e-01,4.035889060494652347e-01,5.295880002245672014e-01,9.341113563393638186e-01,7.635328901875892971e-01,4.504638456246990441e-01,6.651995582453499312e-01,7.157866460929038777e-01,9.078808854843961607e-01,5.098600218802812334e-01,7.906103154484755979e-01,9.647577913742798605e-01,7.103071477700674263e-01,2.249589840096311855e-01,7.312274862767476069e-01,8.152083662214300031e-01,6.969012313179381302e-01,9.197794865629984606e-01,8.501172219471068159e-01,-2.868413526793472390e-01,8.630846764255514225e-01,4.759817920554770265e-01,6.614217700608689965e-01,5.117825424202309126e-01,8.334203369743647949e-01,4.642840172848836100e-01,1.440405764259412025e-01,3.379469685481621410e-01,5.436970836155995412e-01,7.431216772211259869e-01,5.978091263324581961e-01,3.788032689551019683e-01,5.677586147210854639e-01
9.176903101188190748e-01,7.676288110580744561e-01,6.249034520541796311e-01,5.736718018698258037e-01,8.334875213256505155e-01,8.124415609735136101e-01,5.834807685976004660e-02,4.864057498632701204e-01,8.702227025079289913e-01,8.413321430247829857e-01,8.556269284095989747e-01,4.527343399313357164e-01,6.956177176125161177e-01,9.700832648717083728e-01,7.638103544249283949e-01,8.764541753005077318e-01,0.000000000000000000e+00,9.607128667911883912e-01,5.695949335741853359e-01,7.090673151047697242e-01,6.422729387658534517e-01,5.928633764336648238e-01,8.607875444785922925e-01,6.625009935214781764e-01,6.160211647175006799e-01,5.736474570206373524e-01,7.619968205964845476e-01,6.148270123533929876e-01,9.996664658839352069e-02,6.635445289520753853e-01,7.323997773563393210e-01,7.528262177294296753e-02,7.390880894147016100e-01,4.785606334347258795e-01,9.894417357483732411e-01,2.658520567741196605e-01,4.854084505377683212e-01,8.674401165289259419e-01,8.245697351649973195e-01,8.748775315122379048e-01,4.639023971138014346e-01,6.411166829590786431e-01,9.211188467946769265e-01,5.626203568778775921e-01,8.491967839449983124e-01,6.053806125539462624e-01,4.502438429610388648e-01,5.812261887864305088e-01,6.493686822314246321e-01,7.367099087522543943e-01,6.713292749827612926e-01,8.531396531560163643e-01,2.798660346889203510e-01,7.438600413756800700e-01,9.010911885290492362e-01,9.284237012636606945e-01,7.621725511010428722e-01,5.904403190967524306e-01,7.794142405994085587e-01,6.402374275735465137e-01,6.355276624171026789e-01,9.147173696005819199e-01,7.928554650560847294e-01,4.558925802193538046e-01,7.401510035418241706e-01,7.720530305481994038e-01,9.042057186619156806e-01,9.385760684629995687e-01,5.652638555035917056e-01,5.035305614262710616e-01,9.456960420505873266e-01,6.875295724930314822e-01,5.964672544868176995e-01,6.773114170332802386e-01,8.800831081006053047e-01,4.001623028226549694e-01,6.154916353059738388e-01,8.402041097354447929e-01,6.385468941619301120e-01,7.525979891493397300e-01,7.850474952703487830e-01,6.234015520090264717e-01,8.976551037911323361e-01,7.462648520580171807e-01,8.021612292567563696e-01
2.108992234174231484e-01,2.743076652246668190e-01,7.725951059439928326e-02,8.195921504452819972e-01,6.163536853114469638e-01,8.485965484669700798e-01,6.312653939411474457e-01,6.403447644250971349e-01,4.607919876443460350e-01,-9.403686331109026297e-02,5.608815087057366089e-01,6.272155487124383422e-01,9.182780819506124459e-01,5.419399300696942090e-01,6.508786818315220879e-01,7.978084562031386717e-01,9.607128667911883912e-01,0.000000000000000000e+00,8.183258780779572028e-01,7.393569838363296398e-01,8.678668097244424118e-01,7.082084634679582935e-01,6.277783064103005239e-01,6.551396210472071324e-01,7.153643873976430756e-01,8.728278171856488354e-01,6.327160458241581908e-01,6.553429222415705357e-01,4.254572550860708513e-01,6.399042722905592395e-01,7.563293889590848584e-01,7.236868010097308179e-01,9.044886094389293918e-01,7.980571686740524084e-01,6.105913949980510402e-01,4.175428506253693328e-01,7.258713131938666629e-01,6.333310269083429755e-01,6.925208489396190714e-01,8.042166431280785011e-01,4.671313386713296101e-01,2.848664383314412074e-01,8.565704394815354394e-01,5.486203267890293889e-01,6.940263377312584359e-01,7.412011673410671131e-01,8.127879851569941305e-01,5.611366937015114242e-01,5.479116336264302500e-01,3.068433807911783440e-01,7.742963296142875429e-02,3.893631242861857467e-01,6.635749289811569973e-01,2.831669348580135304e-01,7.287027809018437052e-01,7.247928602812179211e-01,6.173290646977535046e-01,8.748096091003396690e-01,9.760630834859643779e-01,4.984535520653808893e-01,3.659521770888966019e-01,9.961448816147555618e-01,6.714346759368544637e-01,8.385501494050071614e-01,6.919948573019298887e-01,6.048627319346289166e-01,9.599282731880597330e-01,8.921720533497528027e-01,8.371748913698329186e-01,4.468933393683026667e-01,8.604623244942356530e-01,7.842958049813031352e-01,4.980235051276064029e-01,3.931084658204729854e-01,4.421983271356027534e-01,8.277452180722869590e-01,8.438558817105759058e-01,6.449438437668608692e-01,2.827934032119174823e-01,4.163166194426027866e-01,2.986829592751580331e-01,8.547897987709819345e-01,9.827013472026486784e-01,8.433612346242229663e-01,1.654439489663787066e-01
