0.000000000000000000e+00,5.681777666440599450e-01,8.964013535028264590e-01,4.925472564159887323e-01,4.002948830832546157e-01,9.021716571298206144e-01,9.308278785127045429e-01,7.575490835562681546e-01,9.048980442689341652e-01,7.422185355791930395e-01,3.774921189339117689e-01,9.659215319623669638e-01,6.093378352686352750e-01,5.993560590279439770e-01,8.262975484955261685e-01,9.917474562209072086e-01,5.766049114589615332e-01,6.430694468368797212e-01,8.506347729692103066e-01,9.951952661136463929e-01,8.569470977241794296e-01,9.735491787962105015e-01,3.204858406349404831e-02,8.284234598812276751e-01,8.031192824520647644e-01,9.443126705335218585e-01,9.181246862017732324e-01,9.653564969591125200e-01,4.282482967449633970e-01,2.076674767061594540e-01,6.744424323492732576e-01,7.858218229048812287e-01,6.761713117438405973e-01,7.423978073283147294e-01,8.552527703390072622e-01,5.805122660342487695e-01,5.563353494514069464e-01,9.713557129978065419e-01,8.137544947711126131e-01,8.057109795312892286e-01,3.192711994432393396e-01,8.746173743592354777e-01,6.604870410179068951e-01,9.567938734634954256e-01,9.121648087017096840e-01,5.348289876114333818e-01,5.224969188814414522e-01,9.769955899321954851e-01,4.573237510116965332e-01,7.141833728431288275e-01,9.151570132516924083e-01,2.232543538335031164e-01,9.724243412813518006e-01,3.528018577163878344e-01,6.921349941600819511e-01,8.624291037085951572e-01,6.705263269916675872e-01,8.632298519359639100e-01,7.129256581259828529e-01,3.925839829218012444e-01,7.214558029439402942e-01,9.584543869854500464e-01,5.317232700256011579e-01,9.206015822321201858e-01,8.170631797832161869e-01,8.241841075061463462e-01,8.545913253530804110e-02,9.828969522219274113e-01,7.349895413643727782e-01,9.495235521833566006e-01,4.992858803408676271e-01,3.794112738510617699e-01,7.167802582086814089e-01,2.449016781480328198e-01,7.829796462846251304e-01,5.324154373495929016e-02,7.863742746087928337e-01,6.356210363509219308e-01,2.216234389099228097e-01,1.061501527329974243e-01,9.223245933183364942e-01,6.767390465115338261e-01,8.153153245643028901e-01,9.054013447125415226e-01,7.218767570749797802e-01
5.681777666440599450e-01,0.000000000000000000e+00,8.824718305542792463e-01,7.537599339340370630e-01,7.268680989456124397e-01,5.576926860601360003e-01,3.729356356640368686e-01,6.265363911758659032e-01,5.116863802400015704e-01,7.208056473327892899e-01,8.242725047242250858e-01,4.471382548180635186e-01,8.566863176043051364e-01,2.232200313441104200e-01,4.989254301481084730e-01,9.935570351853189042e-01,6.058347817050957484e-01,8.533529757003053273e-01,9.657923337210081449e-01,5.673865176062304894e-01,9.202284291202366129e-01,5.013787821682811341e-01,2.558374490199054052e-01,7.557322692747591164e-01,2.727354543168063472e-01,2.574310177817974443e-01,8.114541636962637750e-01,4.989791337914604719e-01,2.452152589769595603e-01,7.014867675105439515e-01,-1.133236237646115807e-01,3.802448110344125998e-01,9.815634092140063105e-01,7.675842363192985074e-01,4.785185071960575964e-01,3.365396827614539621e-01,7.476796546112508546e-01,5.213678832683844577e-01,9.583052307384318791e-01,4.376904614914943759e-01,1.915833974112318705e-01,6.042637464899232036e-01,7.868859607798156519e-01,5.897079748209151928e-01,8.508004177529107093e-01,8.246182090087094130e-01,6.529489563908921212e-01,6.298919973011608553e-01,5.947049809806081999e-01,3.924511061403969103e-01,9.847129891441187555e-01,8.163391154386292481e-01,6.227060749611881274e-01,7.360625378249898709e-01,8.416879495177500559e-01,6.110209720628340113e-01,5.610808782750769108e-01,4.765974836686345251e-01,5.664283135220944398e-01,2.806732251836653314e-01,-1.019592277313030593e-02,3.363084692235868145e-01,6.420828879976500092e-01,5.157961484731911073e-01,8.357265551550799865e-01,6.376362162267683598e-01,7.157074179531611735e-01,7.680855296873292382e-01,7.272388386560969531e-01,6.968608106401467106e-01,8.850884576829700645e-01,3.033922925249973868e-01,8.513391892885810996e-01,4.772024365737266294e-01,8.789489277667297262e-01,7.084413091573823484e-01,8.329939631725179483e-01,8.397938602285599519e-01,7.607717636312767429e-01,1.895372601089564402e-01,7.336598607904178948e-01,8.512208302283319483e-01,3.060851441578907872e-01,5.736562403133720345e-01,6.519674665038168726e-01
8.964013535028264590e-01,8.824718305542792463e-01,0.000000000000000000e+00,8.896759712318689228e-01,5.230154894322198711e-01,7.655607507039220438e-01,6.272151641173407954e-01,9.275800498567007280e-01,4.247855132799364108e-01,6.626884207354286627e-01,8.387859997183535476e-01,8.068726514900428359e-01,9.472147236192276498e-01,5.948213813312857035e-01,7.770433523900344142e-01,9.488062217840114165e-01,8.902036903076697705e-01,9.993990338625319270e-01,6.951680320897857257e-01,6.059296088456456175e-01,6.746548923518412844e-01,9.021766377913773560e-01,9.525428091174519274e-01,9.555332587990390536e-01,8.838062223066791567e-01,7.638526697179315317e-01,8.217729694565473197e-01,6.793244278195734731e-01,3.403031962906652441e-01,5.289297628179546740e-01,1.530420907163645462e-02,8.616353104335845448e-01,6.486179019697126957e-01,8.371847494733872797e-01,8.509686178531750134e-01,4.752648875391678462e-01,5.170705723818251887e-01,6.635562559992140841e-01,6.629079695827142515e-01,5.582358384773654647e-01,7.982096950433323901e-01,9.875619571658856843e-01,6.474313944151578459e-01,8.496260898648764215e-01,6.358412474620824817e-01,9.296350066177767602e-01,9.059294573934002504e-01,8.041121723100416174e-01,6.732928958003989717e-01,8.440741014685960719e-01,8.824259866533539221e-01,5.916125284573152676e-01,8.503846590940358219e-01,8.222151675838895724e-01,7.960083865113651846e-01,6.362524264692120957e-01,9.917089378729637694e-01,5.722164270337650738e-01,7.629341793116372061e-01,7.026724246789065598e-01,5.880364137489871856e-01,8.892979113230597976e-01,9.445389157392649615e-01,7.883873216906142067e-01,9.873387872909058505e-01,9.661464130577149811e-01,6.719624106146031561e-01,7.661309549186929857e-01,7.339844750599660017e-01,6.009482770022304132e-01,8.105398243020099924e-01,9.849703800049069979e-01,6.929473079409675940e-01,2.780989527423434748e-01,6.254074350150907735e-01,7.652410768676406461e-01,9.302604904910130035e-01,5.541720196673968202e-01,5.657875874599167521e-01,4.022867959430818097e-01,8.897533452708317192e-01,5.582907264888639087e-01,5.532347573187230694e-01,7.102717671324630944e-01,9.137017607023953936e-01
4.925472564159887323e-01,7.537599339340370630e-01,8.896759712318689228e-01,0.000000000000000000e+00,7.862771171619922228e-01,2.460802906751679009e-01,8.564191922608044294e-01,7.850170541001981750e-01,9.536205414900222888e-01,3.435595974555139334e-03,9.993436968563524925e-01,9.471684943060406647e-01,7.879203469143618577e-01,6.338136423838319766e-01,9.058036293701940966e-01,9.706473242982017746e-01,7.673114297374595827e-01,8.124051221010321067e-01,8.235330385644110684e-01,9.519877903694168308e-01,8.462139498034273455e-01,9.105549949335116633e-01,3.105236270780067365e-01,6.121466979115161022e-01,5.374952784244222403e-01,6.812247580886449105e-01,6.265418580926483960e-01,9.214730230433504365e-01,6.044439309554465733e-01,1.610227548382851259e-01,3.589085215961133057e-01,2.445113083327707382e-01,8.083720356589352285e-01,4.272713936014916891e-01,7.685730368621039865e-01,3.545658069854391581e-01,7.778449214057738814e-01,8.982721699444646823e-01,8.525208402241705175e-01,6.797034050100925207e-01,8.360552877138917038e-01,4.901933051504630545e-01,6.643944011260397575e-01,8.604579117062226556e-01,6.494138618278197939e-01,6.378769920739200128e-01,6.894205464346229162e-01,1.379189419782088089e-01,9.448342675805408986e-01,6.924535144660804997e-01,6.434024142631126209e-01,7.202145322705929553e-01,8.103209691990649333e-01,8.491029205137968772e-01,6.187012633704321862e-01,8.110410525883156030e-01,4.436864238176704833e-01,7.303480244015175815e-01,6.519671262456062655e-01,4.058762879071368124e-01,2.599905678062192083e-01,8.278673659951030217e-01,3.576739797719806768e-01,7.274505754086484366e-01,9.457546662787233993e-01,8.709713601645354686e-01,6.825911641822912657e-01,8.865924159822838879e-01,5.549099764081683039e-01,6.913412427245013703e-01,8.544887633281528228e-01,9.539444920472678335e-01,5.879775195108638552e-01,3.193725438323799515e-01,8.569126419628324554e-01,4.942461575045154487e-01,6.087439114963830722e-01,9.839877554149796257e-01,3.286077251926565745e-01,4.871701645213557530e-01,7.067009312049190584e-01,9.303148716175222432e-01,9.734753112479738180e-01,3.157437334491078329e-01,9.327337464674325673e-01
4.002948830832546157e-01,7.268680989456124397e-01,5.230154894322198711e-01,7.862771171619922228e-01,0.000000000000000000e+00,5.390531276125982707e-01,1.495313383666651008e-01,7.836557079815615889e-01,4.336425584814211920e-01,6.957032405721236268e-01,4.204603174461173376e-01,8.464773083655992014e-01,6.896723495658936276e-01,6.215571368258293594e-01,6.739013487721101647e-01,4.179093062703631012e-01,2.135370543110404196e-01,7.809004783210704570e-01,7.984367169808568310e-01,8.258437776009271980e-01,8.398313322673283121e-01,4.946583436605352102e-02,8.657024987298465035e-01,6.938457338580592548e-01,7.671564624379028086e-01,4.180393585720735272e-01,8.764726727896408054e-01,9.030967032265470040e-01,2.969594362971340606e-01,2.528377017013384576e-01,6.678930531200916176e-01,6.797331050078341264e-01,7.840521917677337749e-01,8.242209732459380156e-01,5.291852051530619994e-01,9.664240415274160112e-01,2.145720404443611506e-01,6.207954233378040199e-01,7.553420767764746913e-01,6.758689593089013403e-01,4.323294752974449207e-01,9.972518779096151142e-01,6.402233406828246043e-01,5.476327547605825963e-01,7.127317475668072388e-01,6.072735415357295441e-01,4.229719711364556822e-01,6.626435482225825346e-01,6.411849648981675642e-01,7.424647197051533754e-01,8.857682497271568423e-01,8.349097332777676295e-01,4.729947945261893105e-01,-1.605260990163059898e-02,8.970256064624806402e-01,5.847874175934296703e-01,7.358245197632027335e-01,2.662284684915692257e-01,8.443381394662230477e-01,6.628052189251869286e-02,1.920487753272380194e-01,7.620760027076884935e-01,8.699379955864090519e-01,7.911848469214214363e-01,9.703960042154460286e-01,6.916083488922922795e-01,2.007426935137866519e-01,9.659314476217233381e-01,3.902049758565082627e-01,6.519380204153134573e-01,8.938378797947819088e-01,5.369290406023831119e-01,4.328595537336049626e-01,4.134809780917492184e-01,9.905690882263216146e-01,7.887780318951783665e-01,8.766339515715964037e-01,4.068245452836834475e-01,2.160919681465420239e-01,5.308038179049349159e-01,7.121463354374226729e-01,8.333642181743464716e-01,9.867055521998637779e-01,5.796122977438596946e-01,3.823475982649387483e-01
9.021716571298206144e-01,5.576926860601360003e-01,7.655607507039220438e-01,2.460802906751679009e-01,5.390531276125982707e-01,0.000000000000000000e+00,9.641329850860146378e-01,6.632453337217341094e-01,6.794277117451964498e-01,5.754524373341312060e-01,7.305407725342343284e-01,6.229500801419869394e-01,7.903522476019833043e-01,7.728757067768317057e-01,5.922173864387774156e-01,7.493089214583887880e-01,3.172342887604241435e-01,4.491430624841230013e-01,3.431662294908112143e-01,2.587375341271699325e-01,9.041037386914198004e-01,8.849413199676634534e-01,9.726255434023249880e-01,9.489001501044211917e-01,8.251184036352685602e-01,5.097865901250857590e-01,7.894154182955515076e-01,4.215510921509622033e-01,6.182617661552889526e-02,2.092254011365300426e-01,1.551304533140380193e-01,7.092414873990853241e-01,8.396247614329388487e-01,6.113572979132830820e-01,2.297416183883312091e-01,5.378247533912664524e-01,5.393005812574769298e-01,7.790209778730525780e-01,9.257713030926243425e-01,4.438509758157783702e-01,-7.886651780575598680e-02,7.978660284568697136e-01,5.105618743787727620e-01,7.889638116631840781e-01,9.263924495008567517e-01,9.267798890959966229e-01,9.250922993439525399e-01,5.067388789704750929e-01,9.346492575403549941e-01,7.478872158644848112e-01,6.290277937675542441e-01,6.967428512113492678e-01,9.179381059972515633e-01,6.870325457388750667e-01,9.405872115196948213e-01,7.505573368093416686e-01,6.262695106947402390e-01,8.408781713274663394e-01,8.151524180826886790e-01,7.080889989281479169e-01,2.614741920184699420e-01,6.265509456231009855e-01,8.585382047766242364e-01,9.295270546439450277e-01,5.563364054071323617e-01,2.036267851249505267e-01,3.255392596073947153e-01,4.946017128295202014e-01,7.417629522588453650e-01,7.251935328788292612e-01,5.379891767514975998e-01,6.380624036636934893e-01,5.698249183720374145e-01,5.940865491990200420e-01,8.783701356671071991e-01,7.961694228203164414e-01,8.238949473087371356e-01,9.753352069593336227e-01,1.544436590077140625e-01,3.566625516546984009e-02,3.022427550218948489e-01,4.852378693089967610e-01,9.705649146777619585e-01,4.517828546890408914e-01,7.707969379533985421e-01
9.308278785127045429e-01,3.729356356640368686e-01,6.272151641173407954e-01,8.564191922608044294e-01,1.495313383666651008e-01,9.641329850860146378e-01,0.000000000000000000e+00,7.083528183866666383e-01,7.720367097259722700e-01,5.894635475215270759e-01,6.177299656017409824e-01,9.779160573754540620e-01,4.726782321866353498e-01,3.357091158889716764e-01,9.197889635743142223e-02,7.834336882834520566e-01,9.916237782373918952e-01,4.866800822520873093e-01,2.814479716939294329e-01,8.253730228203299824e-01,5.655389913644397470e-01,4.025148719272539921e-01,7.721354231428754211e-01,2.911963936116380713e-01,8.783529042113933372e-01,6.645852189614380734e-01,6.464218111002013600e-01,4.152686254136970234e-01,2.540213788164605302e-01,4.189550298081360369e-01,2.485715939803769259e-01,2.329843625398210216e-01,6.331428202014022233e-01,8.915068952010180015e-01,6.877546280452240257e-01,5.982033699664988102e-01,8.581527231487931506e-02,6.326007297663797102e-01,7.906588763735417080e-01,5.271643039821911625e-01,7.736173336459293282e-01,7.110196931529421116e-01,8.491368511753278892e-01,7.099691826311812504e-01,7.079155549368383316e-01,2.672035971595180803e-01,8.510807977966412530e-01,4.070329583940187068e-01,4.072728200636874796e-01,6.117818458423182060e-01,4.885125428423879868e-01,5.961536229014730015e-01,3.966394119711407207e-01,6.929529048997614682e-01,5.494261968575209210e-01,7.550275601220813870e-01,4.829155472883799316e-01,6.645204546825653757e-01,2.474207492581995127e-01,6.385103349028409259e-01,5.958806604700445098e-01,6.374009912645841602e-01,1.994995797799708481e-01,9.136071914571991526e-01,8.244317358325966572e-01,4.745886916736523076e-01,4.682909774577032058e-01,8.162328222992386584e-01,4.452591270547989200e-01,5.813040150021617780e-01,3.553474725286192015e-01,5.413788817978866241e-01,2.321283591577147642e-01,8.360743571141905361e-01,5.636275281469336207e-01,6.843852918408219743e-01,6.214603581387119213e-01,5.943100427591102575e-01,5.885657468158251859e-01,7.103204544104527729e-01,5.865336373753105015e-01,7.943348378472656623e-01,6.428286745519450340e-01,4.148501309191096054e-01,6.472422537267206177e-01
7.575490835562681546e-01,6.265363911758659032e-01,9.275800498567007280e-01,7.850170541001981750e-01,7.836557079815615889e-01,6.632453337217341094e-01,7.083528183866666383e-01,0.000000000000000000e+00,4.493021443882570520e-01,4.991775003484693052e-01,4.672165839610180615e-01,9.773486197025258448e-01,7.988457706162132022e-01,8.701654643489047380e-01,5.655309214313175570e-01,5.704922221152339823e-01,3.820957795145033531e-01,6.397874058739809744e-01,2.678423263791764319e-01,2.285696487117425818e-02,8.489756425860992550e-01,6.678671370951640984e-01,2.250103146181620384e-01,5.518438759134923766e-01,6.278471863337328207e-01,6.715568348213460936e-01,2.667883932203909611e-02,7.422350461528903764e-01,5.524762360204400480e-01,2.789512445573869015e-01,-7.262861429079750519e-02,3.550912461568379586e-01,3.338958531897703308e-01,5.331583347501781533e-01,7.085807639455870000e-01,2.631809210169326341e-01,6.271217549863862262e-01,5.530139076900573158e-01,7.024997581556847726e-01,8.855685695055565132e-01,8.184473527303814944e-01,5.123388209322831122e-01,6.666284060319225269e-01,6.697982067344754320e-01,4.201291012643239564e-01,6.270309158260025661e-01,7.737208812984339712e-01,3.716073578337364403e-01,4.991320228835240402e-01,8.374547323727978831e-01,6.402270067968914846e-01,7.527872267468758150e-01,4.026529066910402022e-01,6.141334213770572870e-01,4.677676022411285661e-01,6.384246747703750113e-01,2.572415246787304599e-01,7.699704001804600351e-01,-1.857105913869787905e-01,-1.772413819154374515e-01,6.314056605457445404e-01,1.391205079413731227e-01,7.739833298604572587e-01,2.751461627865522952e-01,8.060613693190743501e-01,7.948922033335532600e-01,4.352460788465652985e-01,7.146585484852081560e-01,9.528383571641499961e-01,6.250788423938016258e-01,7.498718011528910932e-01,5.463974145936669746e-01,3.445358866686775157e-01,9.583787828325462943e-01,7.697863720352411399e-01,4.687365777109548381e-01,5.377685822707546359e-01,2.144074477206100726e-01,4.559623553127025164e-01,3.496785707328374793e-01,8.904355979343231420e-01,8.207198230575362130e-01,6.856249384592051355e-01,6.774431033050263284e-01,4.489298959727801575e-01
9.048980442689341652e-01,5.116863802400015704e-01,4.247855132799364108e-01,9.536205414900222888e-01,4.336425584814211920e-01,6.794277117451964498e-01,7.720367097259722700e-01,4.493021443882570520e-01,0.000000000000000000e+00,5.341334826341119779e-01,4.790865119473635136e-01,9.205302720417385398e-01,6.118561075038027042e-01,9.879156113532532313e-01,7.779576658194836680e-01,9.889277102876720127e-01,9.420911416537283145e-01,2.204415783322495881e-01,1.755561975850366274e-01,6.432980826401821783e-01,3.994543491397208879e-01,9.670167184578637443e-01,8.769550523883085091e-01,8.358347765531997098e-01,6.848605639500434661e-01,2.254955147217787004e-01,9.322792582920854665e-01,8.612481329616439307e-01,6.010286780030693610e-01,5.441800476271596576e-01,2.543948833146253974e-01,9.154638863228314882e-01,6.042207058791773111e-01,6.073958701033896901e-01,7.601885262067541449e-01,7.937048814246868700e-01,5.992630289624616413e-01,6.120959924031165178e-01,7.856287780520272435e-01,8.003153693964454307e-01,-6.104153085207383866e-02,8.433018690410272189e-01,9.778895492255278432e-01,6.574928521611724808e-01,7.598710072222094603e-01,8.988732458397828973e-01,4.545870179653166976e-01,7.022366295979607376e-01,7.520355551182466014e-01,8.313514267082556808e-01,4.307751057917113546e-01,7.657579053075191933e-01,9.871677690714580899e-01,6.680305654728424525e-01,4.937046592422361102e-01,9.246105301934159915e-01,9.185511168379426050e-02,6.240984188309893765e-01,9.471254786936776915e-01,4.657735391606288022e-02,3.509619552463788539e-01,7.573855404372178413e-01,6.241990797379638467e-01,8.902639637470526335e-01,9.302221336305166455e-01,6.100787004651671008e-01,6.728580949688223178e-01,4.020903118180144120e-01,8.253905901392559752e-01,4.006239604980604829e-01,7.298999120382063666e-01,6.797151650871388062e-01,4.549063793201431616e-01,4.744727609797483314e-01,6.807218367707699169e-01,5.464372151930710908e-01,3.046790218340388323e-01,5.975105087531225045e-01,4.039255216657164915e-01,6.371022222868311102e-01,8.802184996509605508e-01,8.438473191042599186e-01,6.302411519731767608e-01,6.439040078573416981e-01,9.939551604026917175e-01
7.422185355791930395e-01,7.208056473327892899e-01,6.626884207354286627e-01,3.435595974555139334e-03,6.957032405721236268e-01,5.754524373341312060e-01,5.894635475215270759e-01,4.991775003484693052e-01,5.341334826341119779e-01,0.000000000000000000e+00,6.861443593642391203e-01,4.645992046258845543e-01,9.325413354067085825e-01,3.103725870283561283e-01,7.774816688772223650e-01,7.001834889859557265e-01,9.774146643969668924e-01,9.594225683005526140e-01,6.765185988413152662e-01,8.246634121316741561e-01,9.783019442137260713e-01,4.852615629943884262e-02,7.715363646880356585e-01,9.249558624494952364e-01,6.673662360429316598e-01,6.483429026822021823e-01,6.246763343972406846e-01,6.282016160383433467e-01,6.284115418384181861e-01,3.358389240709512835e-01,-6.684275354510696432e-02,6.567419346958510706e-01,6.815623763294699211e-01,8.478428593083507936e-01,6.134334329883048831e-01,7.258475939969829538e-01,2.066982580428080030e-01,4.635900988520712529e-01,8.206242159181480478e-01,9.631546870443038477e-01,4.538714642975469338e-01,3.347417522159452652e-01,6.981704378063564587e-01,9.604598471746641497e-01,2.842464264443255173e-01,9.566297312959650689e-01,8.298026166466573317e-01,6.084127234125047412e-01,7.601224881715049619e-01,6.243708410722584867e-01,5.964748736382927685e-01,7.096289731456535410e-01,4.398108980845319982e-01,5.499221595565159104e-01,8.003059140164064944e-01,9.405229332267998066e-01,1.354322782989659246e-01,8.748504698669929969e-01,8.451111542620957096e-01,7.533467203128234591e-01,2.971498261697574916e-01,6.571800132651284265e-01,5.789056345457498365e-01,8.959984473361430890e-01,9.432496902873608313e-01,9.847440513879167634e-01,9.251189313730754371e-01,8.967897985763971791e-01,7.904215618850189973e-01,-9.142287000729348856e-02,6.016926090891600021e-01,9.050827464337971584e-01,5.386600309012520293e-01,3.759493604642465403e-01,4.863735300027739461e-01,5.210369321702276180e-01,6.437363139165565018e-01,5.252987881964971129e-01,4.189218673038834773e-01,2.239825824134315246e-01,4.882667328363973214e-01,6.710608860832640854e-01,6.385722362255682460e-01,9.780400268131073105e-01,6.508299161040094205e-01
3.774921189339117689e-01,8.242725047242250858e-01,8.387859997183535476e-01,9.993436968563524925e-01,4.204603174461173376e-01,7.305407725342343284e-01,6.177299656017409824e-01,4.672165839610180615e-01,4.790865119473635136e-01,6.861443593642391203e-01,0.000000000000000000e+00,7.900351503165763400e-01,9.527707149938962061e-01,7.043025747175595264e-01,4.349072418600077317e-01,7.394228466217628304e-01,6.673722586287539338e-01,4.626952167485572920e-01,8.038950250493173133e-01,5.365078456210257141e-01,9.335317868466687097e-01,5.436741186483134980e-01,7.891715039168636370e-01,6.910135970322126564e-01,7.809530320228706968e-01,6.541745191945422810e-01,9.505199757449094289e-01,7.034043355439253409e-01,3.816742267063358285e-02,7.221065846552173761e-01,1.612233710226058103e-01,2.561061770981791774e-01,4.719017667834678464e-01,2.209692160668965122e-01,2.420729765521336119e-01,1.937555608549672848e-01,2.510075699181374409e-01,7.568796013232839126e-01,6.846776344459233332e-01,7.717972958404327732e-01,6.656733214137489085e-01,9.806442713848357862e-01,2.377107778755746248e-01,7.173291713985088247e-01,9.386536251181030188e-01,7.017848040098503271e-01,6.343902380713987155e-01,5.713314685211039468e-01,5.038877183246612823e-01,6.672422185698081432e-01,9.786208603311042920e-01,6.884448861972107814e-01,9.116341794189938286e-01,4.510736698015361257e-01,9.910632916057557917e-01,9.679542009588403273e-01,4.398283050093449997e-01,9.210854251361499934e-01,7.408320633402684097e-01,5.680400109683798604e-01,7.902305202557796671e-01,3.593095025548611599e-01,7.879392667263402927e-01,7.070634770493490207e-01,9.845524777316883025e-01,6.955007711845667684e-01,2.655315742166675097e-01,7.803164627347006777e-01,8.596467785694745789e-01,5.859995604649267387e-01,7.912247328352521869e-01,7.318849189324327931e-01,7.529195091691798236e-01,6.054533330764233501e-01,5.834093556860063812e-01,8.836149533985836468e-01,8.607239968388944451e-01,5.235160097222794073e-01,7.329175519464052879e-01,4.944025110749226126e-01,7.758738869709158603e-01,1.381082612647902275e-01,8.200885429839753771e-01,4.053340176199172196e-01,9.851379467465878337e-01
9.659215319623669638e-01,4.471382548180635186e-01,8.068726514900428359e-01,9.471684943060406647e-01,8.464773083655992014e-01,6.229500801419869394e-01,9.779160573754540620e-01,9.773486197025258448e-01,9.205302720417385398e-01,4.645992046258845543e-01,7.900351503165763400e-01,0.000000000000000000e+00,4.806759172054234641e-01,2.583467910653021171e-01,9.421361124327080061e-01,8.367973354881192982e-01,1.412938815293724726e-01,8.939672869276171774e-01,7.605773930844903497e-01,5.697814397673819364e-01,7.200088639790142020e-01,5.914800844423049320e-01,8.238721595723815794e-01,9.326708228429840819e-01,9.213263158207213310e-01,8.171919125686333274e-01,6.703290343323933254e-01,9.727990558305299462e-01,4.002149770291510977e-01,3.157442868867098573e-01,4.048730919763998126e-01,5.843141511965775914e-01,6.446758801132153049e-01,6.478706852402040806e-01,9.760793574384294402e-01,2.586947568554017751e-01,3.805397325678392395e-01,7.015954815450432536e-01,7.145402806641789617e-01,6.804240504957266289e-01,8.186696401381228227e-01,9.471742180351215845e-01,6.497278556701504559e-01,8.517958656740143297e-01,6.915759509192221932e-01,8.350620880913668387e-01,9.609892249001062980e-01,6.043518052485835623e-01,7.506512999626452354e-01,8.305782080817797342e-01,7.282378979361984195e-01,9.457642228712723753e-01,2.704251190327047194e-01,8.543274815182408943e-01,5.514695178124520147e-01,5.281367481664420716e-01,3.603060916405921854e-01,5.888981447452722451e-01,6.246397220089637825e-01,4.375821627900233213e-01,4.325922905819123421e-01,3.425367837089774437e-01,9.635369988025046517e-01,9.161566448101000626e-01,9.221915556825234228e-01,8.481667027505394030e-01,7.030515189385385666e-01,3.115029912444469695e-01,5.734532959242891748e-01,4.017220915607564585e-02,8.956440480405580828e-01,4.589415352733894893e-01,2.699107870303492640e-01,5.399483549358545798e-01,4.314021885253865318e-01,5.889350054175432891e-01,6.449597441721455215e-01,6.917823614171633162e-01,2.586522334559502867e-01,2.401534341949400631e-01,7.154435463404664741e-01,8.498484603857543451e-01,9.329185042045962106e-01,7.718248868467405543e-01,4.337199627606638241e-01
6.093378352686352750e-01,8.566863176043051364e-01,9.472147236192276498e-01,7.879203469143618577e-01,6.896723495658936276e-01,7.903522476019833043e-01,4.726782321866353498e-01,7.988457706162132022e-01,6.118561075038027042e-01,9.325413354067085825e-01,9.527707149938962061e-01,4.806759172054234641e-01,0.000000000000000000e+00,9.121189577684428729e-01,5.829354520373473125e-01,6.765029501525113842e-01,5.730952354645533209e-01,6.477870306841601034e-01,8.232314897277442922e-01,8.874876162835159121e-01,9.517032382049388506e-01,6.294772469565580453e-01,7.011154737834195405e-01,9.275210258317538869e-01,4.648927120381312061e-01,6.043898895903604407e-01,7.922403278274396943e-01,5.186598392747210351e-01,6.839363590024278849e-01,3.697509428382013408e-02,3.104481556711728985e-01,5.645244914159582850e-01,4.184840568544369588e-01,4.333831856661143900e-02,9.905428306921996162e-01,2.798066433722125046e-01,6.004809135598812020e-01,4.600840322274761807e-01,8.597217878962777338e-01,9.970748131512909840e-01,6.833647317343298777e-01,6.567236071616417981e-01,9.481518184303773245e-01,7.522444695589408648e-01,8.426847484335997507e-01,4.786911116406346589e-01,7.966152062809189749e-01,6.433771133290511202e-01,6.430528644146646933e-01,7.516220361299682517e-01,8.077503401859763565e-01,5.765142694647744648e-01,6.244739179018893305e-01,9.948863655786083227e-01,7.422146969409579853e-01,9.348348683982565799e-01,4.919511961419008594e-01,4.058588083652324152e-01,9.434207170320525471e-01,3.363961820451886187e-01,4.285675467923311110e-01,2.623888651837137376e-01,8.522899969206272353e-01,8.371891583464281528e-01,9.780038837603258761e-01,8.378069989355874103e-01,7.566165710651755472e-01,9.248476059058828858e-01,6.513296793399857565e-01,6.316074774936462077e-01,5.231303415741623830e-01,5.773055252807701709e-01,4.131664812098144735e-01,5.119041016730463411e-01,3.106343685235958274e-01,4.391919336875359514e-01,4.404312372987685409e-01,5.123857907841202763e-01,-1.341643599586953006e-01,5.208407900382383549e-01,9.812287774774874904e-01,8.848143131322511179e-01,1.623077410302145307e-01,6.719823655358356795e-01,8.855337260684608136e-01
5.993560590279439770e-01,2.232200313441104200e-01,5.948213813312857035e-01,6.338136423838319766e-01,6.215571368258293594e-01,7.728757067768317057e-01,3.357091158889716764e-01,8.701654643489047380e-01,9.879156113532532313e-01,3.103725870283561283e-01,7.043025747175595264e-01,2.583467910653021171e-01,9.121189577684428729e-01,0.000000000000000000e+00,8.570840805155810482e-01,3.416731618792290814e-01,6.130307090915120272e-01,9.142682113297481150e-01,2.678369271686654729e-01,7.933422577249923391e-01,7.596609691612034032e-01,6.011572410063890093e-01,4.985356950964970890e-01,9.684306690886236302e-01,8.395265883754514658e-01,6.618087656731496127e-01,6.377989457010236896e-01,2.484688742409233153e-01,7.228707919302216345e-01,5.535113460470258984e-01,2.728150009333940029e-01,4.906633215943319581e-01,6.151279180411857173e-01,6.972280722307627743e-01,5.661077134993468540e-01,9.696268501387127481e-01,6.660828745337854517e-01,8.707908516084483797e-01,6.418604647107328809e-01,1.279160202285758441e-01,4.011187916736032588e-01,6.791442947241538297e-01,9.875627289320585422e-01,9.951778223259750700e-01,9.896416780419943215e-01,6.301686228121862188e-01,7.597488047503367925e-01,9.355495020914883497e-01,2.880218474717567978e-01,6.290585195205026237e-01,6.747500714077452333e-01,6.998331773918082810e-01,9.785756507548439842e-01,8.803101479393229400e-01,7.028105260894730311e-01,8.210882992624209953e-01,5.316992876621212671e-01,3.622433102490608126e-01,5.685291166816934805e-01,8.350805046449069069e-01,4.461291252017373643e-01,8.044906910137978873e-01,7.998987317167043365e-01,9.995888162597423854e-01,8.337070858048829525e-01,9.517069046513811914e-01,8.326843855804868522e-01,7.141758018886564807e-01,4.060344631523788994e-01,8.540968327804646654e-01,1.791207586575407351e-01,7.925029406565935464e-01,2.779651787584658251e-01,4.645565442836073200e-01,5.911306043674562360e-01,9.373365776618194367e-01,7.166323721467205976e-01,7.042998041278789589e-01,5.802559901076060900e-01,5.744306068032560830e-01,6.646517510824139219e-01,6.513911141919982439e-01,4.542642535222581324e-01,4.317598229638017759e-01,8.710826896237855443e-01
8.262975484955261685e-01,4.989254301481084730e-01,7.770433523900344142e-01,9.058036293701940966e-01,6.739013487721101647e-01,5.922173864387774156e-01,9.197889635743142223e-02,5.655309214313175570e-01,7.779576658194836680e-01,7.774816688772223650e-01,4.349072418600077317e-01,9.421361124327080061e-01,5.829354520373473125e-01,8.570840805155810482e-01,0.000000000000000000e+00,4.471744534685908046e-01,9.786970673849024749e-01,7.151649589340804969e-01,6.456995255762971730e-01,8.634411566896372792e-01,8.150631246273285502e-01,4.054224198811266500e-01,7.085226019409931464e-01,9.521276066668750149e-01,5.858026476727649090e-01,4.185801318879807387e-02,8.225863215059338041e-01,8.196213278215319642e-01,5.489181644485895406e-01,6.784928085798269670e-01,4.062325356519673747e-01,2.341618881005916308e-01,7.523449256307044308e-01,6.201065161740326737e-01,5.523661620495982083e-01,6.240438075578723653e-01,2.146865239028015460e-01,4.401972393694884023e-01,9.228719485282977919e-01,7.781967798041640183e-01,4.074807767338178843e-01,2.607535701855958066e-01,6.364847953870453878e-01,6.653132813202646823e-01,9.378524872100637566e-01,7.749340210774684490e-01,6.445161429891030913e-01,8.367315081278942079e-01,1.967039067346565140e-01,4.894890374839113156e-01,5.529971275557574728e-01,7.409984208531854577e-01,4.772002863527194938e-01,4.210015013994488076e-01,8.868188641785471615e-01,9.775805113431672577e-01,4.710835041156877789e-01,5.691191501243496598e-01,7.738804338424793983e-01,3.738575107962271993e-02,6.305898503320691573e-01,-4.866722101706599801e-02,9.793952437660963239e-01,8.673385184731603470e-01,7.547047995645964624e-01,7.946675792142310346e-01,7.221278299018997204e-01,4.753185768517183551e-01,3.020116503648426903e-02,9.292749205442354388e-01,2.726653885453408921e-01,4.273250606088146997e-01,3.722864106855032773e-01,5.876064181428047872e-01,4.213873447637856429e-01,6.108929734339818562e-01,8.835361957636661545e-01,3.907471845730493554e-01,3.295463482914482434e-01,2.414925058876336017e-01,3.147783748930996217e-01,6.809578992573194212e-01,6.642508051874410624e-01,2.792521702511107651e-01,6.158644531532327937e-01
9.917474562209072086e-01,9.935570351853189042e-01,9.488062217840114165e-01,9.706473242982017746e-01,4.179093062703631012e-01,7.493089214583887880e-01,7.834336882834520566e-01,5.704922221152339823e-01,9.889277102876720127e-01,7.001834889859557265e-01,7.394228466217628304e-01,8.367973354881192982e-01,6.765029501525113842e-01,3.416731618792290814e-01,4.471744534685908046e-01,0.000000000000000000e+00,8.988089326140706881e-01,7.914516274175040778e-01,7.476713143259332561e-01,8.480711906108936438e-01,8.037418550705401898e-01,8.982776615051970559e-01,7.856111697746105405e-01,9.269413281555904938e-01,5.174495890303213441e-01,5.906983968536421159e-01,8.802038551559314694e-01,5.839394152783456970e-01,6.296444347067874370e-01,7.180741287594952227e-02,4.952070872442432825e-01,2.830349894609065498e-01,4.704442551269173434e-01,8.729344347741482268e-01,6.132772409743313391e-01,4.820255099739725879e-01,5.851964274641171526e-01,7.511947044590776557e-01,8.623665961988404849e-01,6.661094039902538677e-01,5.860540448387928647e-01,2.175111527977415804e-01,8.399527761072116405e-01,7.949586697514456901e-01,8.674545689028121398e-01,6.582733004909824270e-01,6.475473361602167577e-01,2.563195002515000764e-01,8.875969924567316260e-01,6.147784960483145822e-01,7.506814162547454927e-01,7.819954581799901661e-01,8.483116007009555704e-01,6.268720806623698794e-01,9.343827310893270122e-01,3.620054749687654505e-01,5.601819083796599763e-01,7.021039788292113837e-01,8.228239993093098281e-01,6.869087939572428025e-01,2.247106925082761331e-01,7.124629889796473270e-01,5.160263971597648380e-01,7.393213913202738574e-01,7.042545880324182495e-01,8.731007723018920919e-01,1.804925853994895357e-01,6.534184645210205922e-01,3.198410566382511311e-01,4.836987471961717855e-01,8.453523532293905074e-01,3.728416910524779415e-01,4.514044980485907854e-01,8.761136748039410893e-01,6.386728711686469051e-01,2.095705893555668275e-01,7.514418918997592400e-02,5.544988761058055049e-01,3.855176838905387537e-01,3.139639611827032412e-02,6.568378771297813667e-01,8.591479334503533405e-01,7.449153907783671036e-01,6.451988154207787263e-01,1.237549685612334138e-01
5.766049114589615332e-01,6.058347817050957484e-01,8.902036903076697705e-01,7.673114297374595827e-01,2.135370543110404196e-01,3.172342887604241435e-01,9.916237782373918952e-01,3.820957795145033531e-01,9.420911416537283145e-01,9.774146643969668924e-01,6.673722586287539338e-01,1.412938815293724726e-01,5.730952354645533209e-01,6.130307090915120272e-01,9.786970673849024749e-01,8.988089326140706881e-01,0.000000000000000000e+00,9.338068526024391192e-01,5.828838950938540764e-01,7.204758134593300944e-01,8.730419526917309048e-01,8.645060846084070549e-01,6.053296271848478405e-01,8.860460678589098249e-01,7.573209753254812604e-01,7.331729493119472085e-01,7.705858216668660665e-01,7.466051788796573829e-01,5.710965239026942752e-01,4.203572475220889726e-01,4.954459557059159858e-01,8.133634442121523422e-01,4.808093117153398599e-01,9.920408756690877183e-01,4.035913775568976680e-01,4.166275305785747674e-01,7.982588782452741949e-01,7.062074735570313955e-01,4.312550935066295499e-01,7.277033836307614800e-01,6.475633038811033915e-01,9.278814219534862184e-01,9.489930533111371469e-01,9.880775775975687569e-01,9.736136431947423064e-01,8.857295293056959284e-01,9.455410980657418252e-01,6.447666620872630761e-01,7.408148313330670254e-01,4.776504231502722853e-01,8.658712352790769451e-01,8.203459359794863515e-01,7.587219026127878241e-01,8.707207286127387480e-01,5.584452788270808377e-01,9.834822332528138089e-01,5.430198301448052600e-01,9.053233359587846696e-01,9.761315596883168855e-01,2.257887287295511358e-01,6.620376850442913907e-01,8.314649160605189770e-01,7.990903744866199032e-01,7.255955908088651540e-01,9.262311377569829585e-01,4.318859040663917126e-01,6.071103139075101351e-01,6.346688348087091702e-01,4.510614408265204989e-01,6.579766248541560891e-01,8.729501585426782118e-01,7.964926997101611228e-01,4.193123682132728347e-01,2.328718076513220936e-01,8.266092946046689205e-01,7.155827828867410423e-01,4.442852300710865565e-01,6.014149936613174541e-01,3.245266159937333916e-01,6.556808931899513748e-01,6.602108804957108612e-01,8.110114895875141228e-01,7.419339198857590745e-01,-5.258607360862546654e-02,6.854048486714319210e-01
6.430694468368797212e-01,8.533529757003053273e-01,9.993990338625319270e-01,8.124051221010321067e-01,7.809004783210704570e-01,4.491430624841230013e-01,4.866800822520873093e-01,6.397874058739809744e-01,2.204415783322495881e-01,9.594225683005526140e-01,4.626952167485572920e-01,8.939672869276171774e-01,6.477870306841601034e-01,9.142682113297481150e-01,7.151649589340804969e-01,7.914516274175040778e-01,9.338068526024391192e-01,0.000000000000000000e+00,7.047393158592452078e-01,9.551356495273337632e-01,6.561697684995694280e-01,8.046402741729590247e-01,7.738410047740911235e-01,7.160539895163635649e-01,5.044256818883252613e-01,7.086016088954617542e-01,6.422597950831798741e-01,7.587076423156209337e-01,6.381348813357309302e-01,5.837281466084036641e-01,4.859306633858186952e-01,3.422576028556475469e-01,4.626691854821571859e-01,7.408898721117981312e-01,5.181072240244884997e-01,6.788484417803970494e-01,4.745680495039821811e-01,7.251668112467007932e-01,9.563978247648042830e-01,3.356369449234050117e-01,8.247000518186816675e-01,4.381017906686813790e-01,8.718477975719219897e-01,6.613513355507809610e-01,6.430221062345574667e-01,8.841809595717663450e-01,9.283918739162578815e-01,7.140979854575614238e-01,2.032609225869682623e-01,8.655444412848358748e-01,9.880351723906792838e-01,4.606614485368236700e-01,8.643456443110663079e-01,3.146963855571432989e-01,9.804899368549738758e-01,7.070749508324776222e-01,5.508766107530311817e-01,7.198797498363325165e-01,9.575571057884859627e-01,6.839903173736315845e-01,3.268774080347910393e-01,4.418598719223797988e-01,4.589557927081872046e-01,8.596530654331747678e-01,8.299480056973603803e-01,5.102388497269255696e-01,7.713543739298228674e-01,9.508402930172481504e-01,8.059111118806483454e-01,3.403770667945853479e-01,8.075913307598628910e-01,8.129903343640224600e-01,5.850681954500648319e-01,4.105786922486604484e-01,5.216667840842436066e-01,4.710220921650775106e-01,6.789280371850281437e-01,9.975329004065309757e-01,6.553366917898481026e-01,2.833378799600309028e-01,8.379804676161273225e-01,7.896484259829646968e-01,6.434678083382797675e-01,2.870174098810107655e-01,4.605493886367807987e-01
