0.000000000000000000e+00,6.077789018463357618e-01,7.892640074549117646e-01,8.463705500868230480e-01,8.775026502263885142e-01,9.777078799417353583e-01,8.009756461417697482e-01,5.967826563263045614e-01,8.474787035560418236e-01,9.309962621633240953e-01,8.521585222087846301e-01,3.039064933193208473e-01,9.614604323411400921e-01,6.563177885750284268e-01,5.110488169452355178e-01,9.254250847265528268e-01,6.050391389830441780e-01,8.901455975887909711e-01,7.283059390002217803e-01,9.188243652379853854e-01,4.026718253760496191e-01,8.496836959012017410e-01,7.249753590510598089e-01,7.024771766986807053e-01,8.224245368459490724e-01,6.447831480752848066e-01,8.363316740983122166e-01,5.489872916184170837e-01,7.147046257275180281e-01,3.170474291033122949e-01,7.140792445420799384e-01,8.805671833179296026e-01,8.145269046130050317e-01,9.140239299973380582e-01,8.610201827656462914e-01,6.641588411521134327e-01,3.335379243197341692e-01,7.789881623240397790e-01,5.667007987392811419e-01,6.716856696497024437e-01,3.955647756013557226e-01,6.990029638781093402e-01,8.654824451990623668e-01,6.084243132670124066e-01,2.509421159038059401e-01,7.152393586634570033e-01,8.342655254068235271e-01,4.978191834136423410e-01,8.222972220618262051e-01,9.862311577617264291e-01,3.388677189064244200e-01,8.140925566513538270e-01,6.032947528771117618e-01,9.401404815834203399e-01,8.843895056488548789e-01,8.395137063075377437e-01,6.866309697541146395e-01,1.122732741834819858e-01,8.925897320586027028e-01,5.383951521235820215e-01,5.263812844970019444e-01,7.856763876976224914e-01,8.333641285337640703e-01,6.676792162019189458e-01,7.381853923960046693e-01,4.218796855132629364e-01,8.966447555450357543e-01,9.995294103291328947e-01,4.075282960933690468e-01,8.119061603309555286e-01,4.354944629908736320e-01,8.511999359176973812e-01,4.753389380552230925e-01,4.629161553252956196e-01,7.029065793229944958e-01,9.826079073523201757e-01,7.290708321227425959e-01,8.946271055656932480e-01,4.379651437949248494e-01,3.291362175740362161e-01,7.523359683139624332e-01,6.794728996386100173e-01,9.005310239219638246e-01,7.902297631213066609e-01,8.891113513308068761e-01
6.077789018463357618e-01,0.000000000000000000e+00,8.919024296851119082e-01,4.168246501969633533e-01,6.076284458231347996e-01,9.396622533523069087e-01,6.713806272708240375e-01,6.272502376375264088e-01,7.814587378308750498e-01,6.363822938978013211e-01,8.314399190709602649e-01,7.922135690306988387e-01,9.572567568958387785e-01,5.922099393223101416e-01,1.466922667081964338e-01,7.269913750832566190e-01,4.795420175019686204e-01,7.840166365988011643e-01,9.534759507946727330e-01,9.355543396040799653e-01,8.687858283028312423e-01,6.167221815499946969e-01,6.120443501138802533e-01,9.367892746442728624e-01,6.203673681323991218e-01,7.368455395481974257e-01,7.623526069233706182e-02,4.653863035641512269e-01,7.221856555024945834e-01,2.286527798746510742e-01,8.232456740807975182e-02,7.483820385999201408e-01,6.104495864933658922e-01,9.439665018012146636e-01,8.221014564375981326e-01,7.408601685434372808e-01,4.126666660568206746e-01,8.628229005845130528e-01,8.483131608066820650e-01,7.163269325303668333e-01,5.025814800737671284e-01,6.866742077605797467e-01,2.802394218084007793e-01,9.962464925134306704e-01,6.590330551505531043e-01,9.690377958587117480e-01,4.964903722411024289e-01,1.643709638973920861e-01,6.045094993973907371e-01,6.777640459999257905e-01,7.481453633530906755e-01,6.335308349748279833e-01,7.269400437012001337e-01,2.771205052156228699e-01,8.622071444194914780e-02,8.180584531761271316e-01,9.280085500144168442e-01,6.860428943838571270e-01,6.897296728618327322e-01,3.822806460049906763e-01,5.293045470602399938e-01,2.808173920138406499e-01,9.373640792824774470e-01,9.085550800996209375e-01,4.185338820943511617e-01,4.272219786979803979e-01,8.636562918656234267e-01,9.121956006375275816e-01,9.196589339549727793e-01,4.041966084814435645e-01,7.451057059764125690e-01,3.221663699988006058e-01,7.332621357766115899e-01,4.507248352955873782e-01,4.776697948049195008e-01,4.008992756611019503e-01,7.298374307495547608e-01,-2.431557081538943121e-02,-2.723559381690930925e-01,3.942725715884177751e-01,8.570150689976138159e-01,9.266567255361140010e-01,7.797563060657850542e-01,6.723344971383751201e-01,6.520597372714289630e-01
7.892640074549117646e-01,8.919024296851119082e-01,0.000000000000000000e+00,9.801933115862491164e-01,8.069828589871438362e-01,9.399988235586982377e-01,7.828787107302290771e-01,9.799307093439323380e-01,4.842658488013146800e-01,5.038156721678831440e-01,9.391938529493552013e-01,9.039165706348154528e-01,8.948568425170849716e-01,8.539305915833674820e-01,9.275476277812658710e-01,5.585741159716615112e-01,9.875958522852898991e-01,7.594454359767701668e-01,7.779635347286143476e-01,4.525683287554829182e-01,6.123810293228456603e-01,4.815859067605145483e-01,9.199908593504380061e-01,9.463780811579906027e-01,7.974883202146693106e-01,8.754673224234502671e-01,4.462297647295502823e-01,9.854742866208385799e-01,9.402373459138420042e-01,4.999018108130608429e-01,4.292295864588782095e-01,9.278717977762288571e-01,9.605135796679503679e-01,9.303859330107064896e-01,6.198708304136592018e-01,6.937743910465207220e-01,7.702630983643798945e-01,6.131839229986042472e-01,7.791142454563473319e-01,9.132074938744946246e-01,4.551447464003742227e-01,7.664202177264007876e-01,6.225143516016274914e-01,8.444947881438389370e-01,9.836356169910308589e-01,6.411194957345106582e-01,6.925907850165118340e-01,9.379560456843978322e-01,8.443385365547638743e-01,8.884648493157103477e-01,9.444665062765240648e-01,8.583977861643714569e-01,7.802633957447058233e-01,6.798372451414036455e-01,5.503195407150851537e-01,7.541470376322770841e-01,8.784572978163148749e-01,8.507861936846317086e-01,8.814885319045945300e-01,7.981711782056430948e-01,7.427777628431718737e-01,5.566748878713689841e-01,8.270863964210024566e-01,8.457008848069110796e-01,8.008951047130614675e-01,6.171083185765072754e-01,9.155644479481538367e-01,7.113854040455729333e-01,1.060974706189062311e-01,8.457252738920063573e-01,5.930464891393761873e-01,4.608890846105648809e-01,5.933768744455667488e-01,2.360163951713923902e-01,9.257108765759074487e-01,7.558746961783664453e-01,4.092782679237479959e-01,5.054788592611022535e-01,3.672214788079619652e-01,5.011378501610335157e-01,9.525482695938417566e-01,9.189690356115609582e-01,6.361235571883108175e-01,8.114818293252217263e-01,8.370634558080096710e-01
8.463705500868230480e-01,4.168246501969633533e-01,9.801933115862491164e-01,0.000000000000000000e+00,6.540618616871803903e-01,9.314585082927000492e-01,7.915739903994712945e-01,7.835983330415193793e-01,7.659477155537383064e-01,7.395150640406529252e-01,6.372467883839316727e-01,9.436886403239611587e-01,4.884723428092259123e-01,5.214839909376327576e-01,7.982007941389690497e-01,4.663147215633931530e-01,4.521027229579919759e-01,7.529542727941738178e-01,9.358150685854346174e-01,9.101286949798210735e-01,5.182128859754057126e-01,5.489164677130751180e-01,7.466624453679807649e-01,9.178867440661356847e-01,6.828812230747590695e-01,7.948951130085439853e-01,6.663579198749823851e-01,8.728010031557511539e-01,5.337586763370466558e-01,2.319755782637129560e-01,2.437526424043786055e-01,7.095849648578661517e-01,3.115819107571322633e-01,7.163433641376402983e-02,9.275341817613137474e-01,1.679036866524074023e-01,4.232825506075163502e-01,2.383078701635395757e-01,6.073076626198733452e-01,4.361267795437417938e-01,5.197281857505534619e-01,5.393519306159203497e-01,6.511828520788564001e-01,3.438203177544014166e-01,4.213348839200481977e-01,9.813646292031089624e-01,8.189968267488278997e-01,7.151411251662329605e-01,7.914424453299783169e-01,6.571138477549751666e-01,3.953951717041961911e-01,4.024492618665517218e-01,4.680970862940878052e-01,7.419457192675207313e-01,7.998463649364752071e-01,8.896512473056794601e-01,9.758969774619549176e-01,6.035072917721570063e-01,8.500685688075211299e-01,2.900592250984846965e-01,2.859581942849693803e-01,9.349778667472121718e-01,8.111082159268587777e-01,3.696672448580576309e-01,8.286040262402197820e-01,4.322913051783695559e-01,4.812536032763692351e-01,8.425851228337687404e-01,2.762831651171986369e-01,8.770541402583554857e-01,9.202593685445559224e-01,9.896030035775034150e-01,5.737587428724938432e-01,7.037907950266408807e-01,2.301115736418584967e-01,6.214295940939678076e-01,2.216809889686306989e-01,7.886162332588925183e-01,5.819129212104231508e-01,4.071151394910841326e-01,5.671935391793511139e-01,7.569406248873987719e-01,4.441983027514892490e-01,6.479944517931650605e-01,2.830400996264750280e-01
8.775026502263885142e-01,6.076284458231347996e-01,8.069828589871438362e-01,6.540618616871803903e-01,0.000000000000000000e+00,8.196808375037857308e-01,6.293243369550034494e-01,7.630316224572178951e-01,3.377154570080940221e-01,9.138720427496793697e-01,6.259640654208715738e-01,9.878659354974475004e-01,6.353822403993764079e-01,8.014195272071630294e-01,4.286994895342474687e-01,4.771315887256856736e-01,8.094236449496025054e-01,4.636967671172700922e-01,4.366893930291180226e-01,7.300159588530811261e-01,9.238205345978018901e-01,7.219442462838900898e-01,8.576594047611626470e-01,8.197556514361479252e-01,5.941072124124922027e-01,2.887851640043222479e-01,8.240785227472638974e-01,6.019310529775638852e-01,6.347628539928833469e-01,6.396946537170119518e-01,3.834413039308121607e-01,5.936557417791575864e-01,9.531692696190526837e-01,9.020618458201344891e-01,3.077768540117709062e-01,4.970560982802155747e-01,2.518641035231468650e-01,6.851899803054197768e-01,2.619680554481216284e-01,7.039430446747060310e-01,3.200788672256298928e-01,9.803879985598240587e-01,8.810046877383203023e-01,4.538421239335817536e-01,7.635636069317525143e-01,6.829505442314285357e-01,5.143771413895579236e-01,6.305562893110038258e-01,7.360223717052015724e-01,4.756651494364623201e-01,3.613866600747683844e-01,7.221503719762771834e-01,4.728973588754651347e-01,6.508601224328658397e-01,7.212478068975389789e-01,8.369867337345898717e-01,7.268264994099007947e-02,8.734835935628175729e-01,3.281849317171183777e-01,3.420879122418087892e-01,7.351254746573198107e-01,9.932161608609080261e-01,9.759325971335689465e-01,7.028130412815318806e-01,9.913945858197135141e-01,9.689367688428125458e-01,8.279822148158741957e-01,8.500894587667094937e-01,7.287163806415106748e-01,7.495491801411248156e-01,4.328704459756850254e-01,6.012732982378454771e-01,6.308994679064837685e-01,5.646548827481088217e-01,9.297020069539084774e-01,2.580346211555284430e-01,6.992542603197703377e-01,3.463365440435230980e-01,3.310551311556847454e-01,-6.920614294062038541e-02,7.028975280331258846e-01,6.593531015117377603e-01,8.229436934599128062e-01,6.705040064788305720e-01,7.937187447274938190e-01
9.777078799417353583e-01,9.396622533523069087e-01,9.399988235586982377e-01,9.314585082927000492e-01,8.196808375037857308e-01,0.000000000000000000e+00,5.295430930034039640e-01,7.440107343353516978e-01,5.033829953797341883e-01,6.586817904056170292e-01,7.353368551509281703e-01,7.944105079894455690e-01,8.938517166537146563e-01,7.294725746172361358e-01,6.937408807380710529e-01,6.991106741011724468e-01,4.458975546754475050e-01,6.565424943997677509e-01,6.690080883988478444e-01,9.685113569935979161e-01,6.912355052719745263e-01,5.911246480840811612e-01,7.095238159274290801e-01,9.298152451376313632e-01,5.369253124902331198e-01,7.775584583572406894e-01,7.843836644881717612e-01,7.481502190076265713e-01,6.190498695928912110e-01,4.979499963857223488e-01,4.255091643276571745e-01,8.195375795014222531e-01,8.639808684803209626e-01,5.410075268157243933e-01,9.269752587598932836e-01,7.900856612427846759e-01,7.943093266378910000e-01,8.735888599160903656e-01,7.630000156049889792e-01,3.856055650545522351e-01,2.977375904456394107e-01,6.193626868915389494e-01,8.589191784506756688e-01,4.472825877447330623e-01,6.687780291978434599e-01,9.403817040021127394e-01,4.303233261728632852e-01,1.164257012148784132e-01,7.178223044110926265e-01,2.580519317766610810e-01,1.449435192405919004e-01,6.347907865259775351e-01,7.645406393383255006e-01,9.911578685054458493e-01,9.727920900439531726e-01,5.612409256389323531e-01,6.120756993012242964e-01,5.042581139656662215e-01,6.798604347588022012e-01,6.665804242654472800e-01,3.017017308535865361e-01,6.343787253836790097e-01,5.821355029859717201e-01,9.777285218411512213e-01,6.126131344917358224e-01,8.014291091450022053e-01,9.491364552654276698e-01,8.739650433570015364e-01,9.269907458274592171e-01,5.518416627221574000e-01,6.972230451074893365e-01,9.531606515839980975e-01,7.883145502138326766e-01,3.201605799192832058e-01,3.022506861795815070e-01,9.972121664336623947e-01,7.576118373445348553e-01,8.964261292515400825e-01,4.902636671605308250e-01,5.820551425726149253e-01,6.724083688647463086e-01,8.824299517074551957e-01,6.485952522204768700e-01,4.078130717252129722e-01,8.975295873944088010e-01
8.009756461417697482e-01,6.713806272708240375e-01,7.828787107302290771e-01,7.915739903994712945e-01,6.293243369550034494e-01,5.295430930034039640e-01,0.000000000000000000e+00,6.108601663685178096e-01,4.168287678424018594e-01,3.813678326254299478e-01,6.615204917826893460e-01,3.998845902774188499e-01,6.608244596737508081e-01,3.023510049507881492e-01,2.108190991059991082e-01,2.803987401296325621e-01,7.618417645168923391e-01,6.081788349598228338e-01,4.138042385543441171e-01,6.933804778720884521e-01,9.130639684004847600e-01,6.538565503855692240e-01,2.164317333532922993e-01,7.096786858798869169e-01,8.443841992159731857e-01,1.889865093561906781e-02,7.654035916373972404e-01,3.321586901500436229e-01,4.041510999547932026e-01,2.726089333632423783e-01,4.470686385702781207e-01,5.351046158811402220e-01,5.354234236681096881e-01,5.774904204821005305e-01,3.727916681248782949e-01,4.490520716745934893e-01,1.536451931903040358e-01,2.967893444016522775e-01,8.645217820000696829e-01,3.415595518600003100e-01,7.008181887401389032e-01,4.661416038888842039e-01,5.747545624417762511e-01,2.182677947423844744e-01,8.263888102617792386e-01,-1.169425821477061839e-01,6.009882668460257982e-01,6.038459083431456653e-01,4.469912268606733297e-01,2.708067379599596314e-01,6.824626992069826592e-01,3.219398870647238176e-01,2.987366266251455516e-01,4.630077809851304016e-01,7.715513273144035677e-01,5.880596406900266970e-01,7.617105023639354489e-01,7.300656431194911811e-01,3.197648271175400625e-01,7.730445970093984265e-01,6.464996615809049940e-01,9.616892610689981025e-01,7.235877215400681184e-01,8.250548798682484364e-01,7.011728097334367638e-01,6.267583864138804861e-01,4.446365468377529995e-01,8.063354924899224230e-01,5.123130837406741911e-01,4.790581207595480118e-01,4.643911832006340501e-01,6.322494714987310083e-01,7.151386346247656789e-01,5.260037892768657519e-01,6.869138613231655643e-01,5.813073793788308130e-01,4.657666342673677518e-01,7.444229338301313614e-01,6.850974858481838625e-01,1.581176784830335968e-01,7.961103949081622666e-01,7.343305416723359125e-01,-1.242032355332897686e-02,5.584330110530202340e-01,7.916726011790365947e-01
5.967826563263045614e-01,6.272502376375264088e-01,9.799307093439323380e-01,7.835983330415193793e-01,7.630316224572178951e-01,7.440107343353516978e-01,6.108601663685178096e-01,0.000000000000000000e+00,6.510078686955951266e-01,5.564773365386648241e-01,5.160875388294913213e-01,7.496834625061897794e-01,9.280069165105053752e-01,4.279933684422738693e-01,3.483796340537798075e-01,9.471629473529982191e-01,8.928934094655678333e-01,5.246442736308040145e-01,9.250320838638493859e-01,6.431005687123612091e-01,4.191966347987441388e-01,4.384075313660749651e-01,7.298142343279776512e-01,6.391658062158595000e-01,6.415700314944743354e-01,3.435266118948707703e-01,8.113118401575769578e-01,4.668655015603379588e-01,1.283217900724800131e-01,4.527419978622284069e-01,4.762065415642314781e-01,4.073236781901016235e-01,7.903373932048934902e-01,7.255832925539945633e-01,7.217441093907239757e-01,5.918923070164365807e-01,5.931854853220279722e-01,6.569008891896328528e-01,3.073991796214255445e-01,7.337121170762852529e-01,2.584719436691901295e-01,4.296474351750387832e-01,3.248064411053278033e-01,4.581377233011531547e-01,9.301029943742444850e-01,2.460960337546040932e-01,1.799737219408472921e-01,5.519353937252106101e-01,7.408714719000414339e-01,2.309817133700048375e-01,8.908689745303934870e-01,4.144606693632728045e-01,6.238594295655437438e-01,7.790744745290743012e-01,7.029016632581264190e-01,4.274645953140454591e-02,7.040856436357453285e-01,6.585646475357368468e-01,8.444646500780406129e-01,9.024623401012072943e-01,5.353047513878674835e-01,5.849239220913504678e-01,5.581679162860762045e-01,7.635222266549701597e-01,9.866064740614370887e-01,7.124262845113012999e-01,7.538420051793228716e-01,6.078888285481294229e-01,1.387232147236940605e-01,6.832939154020193362e-01,9.567602124675016473e-01,2.354503523429173906e-01,5.585081464721022293e-01,3.951454244873370270e-01,7.631477657133499681e-01,3.214246111869698552e-01,6.692849815512222911e-01,4.722061055332374968e-01,4.501287287341297350e-01,3.495664812173084890e-01,8.643325842975486950e-02,6.408868143033120690e-01,6.310581217272198673e-01,3.966804253723724139e-01,9.986774676417500274e-01
8.474787035560418236e-01,7.814587378308750498e-01,4.842658488013146800e-01,7.659477155537383064e-01,3.377154570080940221e-01,5.033829953797341883e-01,4.168287678424018594e-01,6.510078686955951266e-01,0.000000000000000000e+00,6.385943196735472949e-01,9.285667519066945763e-01,6.439186033268520237e-01,7.965735232692991996e-01,9.318946316684650899e-01,7.180597167603570696e-01,4.658342787225963066e-01,6.416807088159447447e-01,7.597608826670791959e-01,6.452225190342113503e-01,8.013278278588917836e-01,7.150385772775117443e-01,6.770491594671368407e-01,7.558422044409436324e-01,6.144659262260819821e-01,2.834608839545403880e-01,1.954706937168166070e-01,9.186995609719206257e-01,1.246757589824491613e-01,7.916029295397184473e-01,4.181170404483173231e-01,-1.442207481305713412e-01,6.692875718212611957e-01,5.148245520531817832e-01,8.235947637152645218e-01,4.291877119876674196e-01,2.521881323461732105e-01,4.964895331161232050e-01,7.346691381648148278e-01,8.654729618255067036e-01,6.991515747896784871e-01,6.122977216466845007e-01,4.459549346785120494e-01,8.977980483768956965e-01,3.998221669495257702e-01,6.494907392726284590e-01,8.389959637477077958e-01,6.487692783455746293e-01,1.114402266446333778e-01,9.233391895243436842e-01,5.873835235592427262e-01,4.555100984360563321e-01,8.375381815257100238e-01,6.657140613856074030e-01,3.527214941921242852e-01,8.840644688774906834e-01,6.319504553370172140e-01,2.783069290180524291e-01,5.590042016458691698e-01,9.448823372794730169e-01,5.633046668942096741e-02,7.123158441676729069e-01,9.953816386782881054e-01,2.273717633683506600e-01,7.938887749290209905e-01,9.510850792583553925e-01,6.396522258093494395e-01,9.667470362530533601e-01,8.789412060220651579e-01,5.793319056290588964e-01,9.706790697341121099e-01,8.430509454020770344e-01,2.876371074447034992e-01,5.648406612914862457e-01,4.046061644417398573e-01,4.409280510259174224e-01,3.133923662919992914e-01,9.744191910420290093e-01,2.611032550022890364e-01,1.463974074493365751e-01,5.280882407295723890e-01,7.823469206087761973e-01,9.982050466611428474e-01,9.137933489854256353e-01,6.198581536380612933e-01,4.613580120210266644e-01
9.309962621633240953e-01,6.363822938978013211e-01,5.038156721678831440e-01,7.395150640406529252e-01,9.138720427496793697e-01,6.586817904056170292e-01,3.813678326254299478e-01,5.564773365386648241e-01,6.385943196735472949e-01,0.000000000000000000e+00,5.732646989060363740e-01,7.442144550131136738e-01,8.788116254204385580e-01,7.151772866591182831e-01,7.256651813145620356e-01,8.662511107689409018e-01,8.505972477978918089e-01,6.061120643971821265e-01,8.692730878701355746e-01,9.771975119585877279e-01,5.167154749775645373e-01,4.013892542491485083e-01,6.117051270506271843e-01,5.716718740615079897e-01,7.009339670110887877e-01,4.852279007155944068e-01,8.411907804299703084e-01,2.343325167672931364e-01,7.338449170129973664e-01,7.431342097430286842e-01,5.768162732671825443e-01,5.377985893613466128e-01,3.062639984638587110e-01,8.829960394144766855e-01,5.157892321303987337e-01,5.099874251719297424e-01,2.956137469476376456e-01,4.472344201139208386e-01,7.469888332615342019e-01,9.383851662745178457e-01,8.285105194429541464e-02,7.057038731328177938e-01,7.936817225703606260e-01,8.824134307518128884e-01,7.059372838279086571e-01,7.335575910685567802e-01,9.523059241973614863e-01,7.424391086406308959e-01,5.498120131002921518e-01,8.771244673200726538e-01,4.524839386514676320e-01,7.915142167415832597e-02,9.055304693920708248e-01,6.672170954812939314e-01,6.764370491191248336e-01,2.354569645535193878e-01,7.747226077389806065e-01,9.383485523012142782e-01,2.270481922959513565e-01,7.893352761563769970e-01,3.915502125261058342e-01,6.065382864488678694e-01,8.508005800816096365e-01,6.762963250803768478e-01,7.296249444786542249e-01,9.334124277200012143e-01,3.317003102490346245e-01,8.247170058082152755e-01,4.089038101606951026e-01,7.059310624401973211e-01,8.143281266657120820e-01,8.108917286956416337e-01,5.060021073337258590e-01,5.148963352545166128e-01,4.813619314441140440e-01,8.894752153978110476e-01,9.834290149825181127e-01,1.716881684727505353e-01,3.685036090673398657e-01,3.106083159268884231e-01,9.304470843355727716e-01,7.552893605232763319e-01,9.351550222720450556e-01,2.534566245912617255e-01,4.887297423360052462e-01
8.521585222087846301e-01,8.314399190709602649e-01,9.391938529493552013e-01,6.372467883839316727e-01,6.259640654208715738e-01,7.353368551509281703e-01,6.615204917826893460e-01,5.160875388294913213e-01,9.285667519066945763e-01,5.732646989060363740e-01,0.000000000000000000e+00,8.870754207211843934e-01,6.426850254143433305e-02,4.986038028162472768e-01,6.844456222777866028e-01,8.389391684752610656e-01,5.389407364865647088e-01,7.362047290762866458e-01,7.109669088083497845e-01,4.899526639557329477e-01,6.321984369557870354e-01,9.164080878973679400e-01,9.923927490663181361e-01,6.557928254657064970e-01,3.025688529579755870e-01,8.534950780288896865e-01,8.151164869516343003e-01,4.133027488619443468e-01,-1.819559668496328331e-01,5.698021478361501302e-01,7.446137370926719790e-01,6.482362723722161491e-01,4.851027844786910403e-01,2.727699061044656093e-01,6.073864856337988227e-01,4.980717453883479195e-01,2.629792349925631489e-01,6.398448728649726025e-01,8.989353416902255978e-01,8.303516701456065130e-01,4.957538311440720102e-01,5.530792862709525970e-01,5.257509045978396856e-01,6.349847116938491798e-01,6.400383282758821402e-01,8.811785910663940680e-01,2.219540088399851729e-02,5.887471832455660747e-01,3.589905347126773894e-01,5.414754646318706843e-01,6.108357482639049651e-01,3.557055576825942644e-01,6.185773853916456400e-01,7.981505972844948893e-01,6.470111355135643727e-01,5.389559091200071261e-01,6.572795601015517519e-01,7.477582710063210847e-01,9.881762156673230546e-01,3.718532978092869978e-02,6.642638585351288150e-01,9.679472435470835023e-01,9.040232355631557803e-01,5.429434180982456448e-01,6.894305742846933427e-01,2.756186725119622039e-01,9.957872899042986559e-01,9.876669892865430622e-01,4.610812336010859380e-01,7.790038129315477455e-01,7.461421602270406073e-01,3.722433285488804255e-01,4.202535289716326505e-01,3.394725811735330723e-01,2.958605165394119219e-01,6.173041325177461847e-01,5.293317473687084718e-01,3.270443167778929183e-01,7.093435064331570228e-01,1.084156220428619533e-01,9.803415745549389770e-01,4.041662542070418307e-01,6.485646834379303893e-01,5.248024398572898042e-01,7.621254043080650797e-01
3.039064933193208473e-01,7.922135690306988387e-01,9.039165706348154528e-01,9.436886403239611587e-01,9.878659354974475004e-01,7.944105079894455690e-01,3.998845902774188499e-01,7.496834625061897794e-01,6.439186033268520237e-01,7.442144550131136738e-01,8.870754207211843934e-01,0.000000000000000000e+00,4.278497343947990639e-01,8.743275725975181434e-01,5.640550896820331062e-01,6.308941476457266551e-02,6.789074417340441592e-01,8.184033836215592883e-01,8.624644309452697000e-01,9.672840472489736552e-01,7.363253845372069728e-01,8.526003693467698596e-01,6.607714448362407289e-01,9.110672647250407374e-01,9.150789886955024155e-01,8.775862048576729135e-01,6.694495987830743067e-01,8.000113628695352253e-01,5.141899646380465594e-01,3.618071676648555446e-01,5.515607420233191727e-01,5.840895504408933903e-01,5.653259949620648150e-01,6.971319750751138189e-01,6.083772107523911510e-01,4.914955740695056141e-01,-1.740178191694925491e-01,5.590253695623985664e-01,8.254063991979476711e-01,7.821482585866426085e-01,6.279133965826896313e-01,6.118213114798340957e-01,9.567745659393990243e-01,8.425918046924664173e-01,9.057478261876813486e-01,-1.011316985720585038e-01,8.766142871121299640e-01,8.214539193962272501e-01,9.548809089273057049e-01,8.156082394573601624e-01,6.600464470623015334e-01,1.451507362429123593e-01,5.903864241333827145e-01,8.477895933478878376e-01,5.289610989468953584e-01,6.194111136812090468e-01,9.225877716094957881e-01,8.213848987732843554e-01,9.846024945733581335e-01,6.603463910882809706e-01,4.857141989540991744e-01,6.260652067155062506e-01,4.026860743127129716e-01,9.789622083242884854e-01,9.359400827742434537e-01,6.704740857743970439e-01,5.836675626185463539e-01,9.819268755783536751e-01,4.596289084835114003e-01,6.981165639773490028e-01,6.300159042508798324e-01,6.284406929050815327e-01,6.168705854077227713e-01,4.026851894013696032e-01,4.692216447373730448e-01,4.713114574293582049e-01,9.646222126801552443e-01,3.718802271351075994e-01,6.646442659435034539e-01,3.850216815556035677e-01,5.388881255165247630e-01,9.226877838077763849e-01,6.167761684491619434e-01,7.594456557767835791e-01,6.350042454089546151e-01
9.614604323411400921e-01,9.572567568958387785e-01,8.948568425170849716e-01,4.884723428092259123e-01,6.353822403993764079e-01,8.938517166537146563e-01,6.608244596737508081e-01,9.280069165105053752e-01,7.965735232692991996e-01,8.788116254204385580e-01,6.426850254143433305e-02,4.278497343947990639e-01,0.000000000000000000e+00,8.692571465640794859e-01,6.327085834814718535e-01,6.040839809033046182e-01,4.454212178470600692e-01,7.933088290078001981e-01,7.022151906360730722e-01,4.389074888722298562e-01,5.923311510994062612e-01,7.320917595411765566e-01,5.342827135259575755e-01,1.968535381099968118e-01,7.338060149258773812e-01,6.621076558577557725e-01,8.955250587773072590e-01,5.022315065897490216e-01,9.156318064732316131e-01,6.781621039142347040e-01,1.771834678255063134e-01,9.241906491234008758e-01,8.133938666754704228e-01,4.263648685719627629e-01,8.667506842826808722e-01,5.153288623437773941e-01,1.148052603586566245e-01,9.272921446996091888e-01,8.851105544669332081e-01,7.048696290885465565e-01,1.668832322984606653e-01,6.456198871285901975e-01,4.091058376791857909e-01,2.658262360903951849e-01,8.643181862120663528e-01,5.049564923535023730e-01,6.446582763503746483e-01,8.113924388734512494e-01,9.826663873580685493e-01,9.363814930475597986e-01,9.093612081131589031e-01,6.573916243261261894e-01,8.653024026133110391e-01,8.317920651527784814e-01,7.094325656278149816e-01,6.627144662115400653e-01,7.398304622820994769e-01,7.008455956078276650e-01,8.590272137431507193e-01,7.638696959702663269e-01,4.077078278477727080e-01,9.960791406524222014e-01,4.142096615725406328e-01,9.470204906718298066e-01,9.821605332037155467e-01,9.975004638786013622e-01,3.484752923878785547e-01,5.658837976943613679e-01,8.698993653019991834e-01,4.231671273784279319e-01,9.986214703274309823e-01,8.906777547055324540e-01,4.365465222799675971e-01,4.961727400383660336e-01,7.725131245163290306e-01,9.588867354310949276e-01,8.489820648009505089e-01,9.977265130541376204e-01,3.170212985308636378e-01,8.491641583828363204e-02,4.627459244358766988e-01,5.964793763496276657e-01,8.614630921647192796e-01,3.372679240501307851e-01,7.037296329090221292e-01
6.563177885750284268e-01,5.922099393223101416e-01,8.539305915833674820e-01,5.214839909376327576e-01,8.014195272071630294e-01,7.294725746172361358e-01,3.023510049507881492e-01,4.279933684422738693e-01,9.318946316684650899e-01,7.151772866591182831e-01,4.986038028162472768e-01,8.743275725975181434e-01,8.692571465640794859e-01,0.000000000000000000e+00,9.665382608885902949e-01,9.899671996655998729e-01,6.130130271281618581e-01,8.561696429091062432e-01,9.467502386732491448e-01,8.529814446632345559e-01,9.648665134805802790e-01,9.641728825186777208e-01,5.311995684855699285e-01,7.970173339907407062e-01,6.411088384728552692e-01,9.070243904047393668e-01,6.133041132526627637e-01,6.730808907238543526e-01,6.048598554776630776e-01,6.218358008472546494e-01,7.498964076502148135e-01,8.755920649997535055e-01,9.293965271644890613e-01,8.665849212239904453e-01,3.050908380337177261e-01,3.397970199006710157e-01,2.091494140305446003e-01,9.085962097862891884e-01,8.636631118604459756e-01,7.905941028542586846e-01,4.845863647723465673e-01,9.540319417213103392e-01,5.821298142817347143e-01,3.045978083690759151e-03,9.680362195821540228e-01,7.840290762886124032e-01,4.474492884616019239e-01,5.611315652562895995e-01,7.382097182460759521e-01,4.795106281702758433e-01,6.559828952207340524e-01,9.524014981726256490e-01,9.207204476488743961e-01,8.194359371881029253e-01,7.689684967514606173e-01,2.391666742929634271e-01,8.542010303022917750e-01,7.584741739087552670e-01,9.423024508105737329e-01,3.192685001420272339e-01,7.718468492230350364e-01,8.744698042244237746e-01,6.734529394224213483e-01,8.466667250504800180e-01,8.252132363466416765e-01,9.333312775605321354e-01,4.108463400867867765e-01,7.269750708514928217e-01,5.524022363959545379e-01,7.745682216099221140e-01,6.364292913808665408e-02,7.688831752128458819e-01,3.097551756708284976e-01,6.795799836941851697e-03,8.236710732891092679e-01,7.091121530519968186e-01,6.065623345483462936e-01,5.923213702586418439e-01,5.500047783171272409e-01,2.807070091678874890e-01,8.921172371467648299e-01,1.605201401988966270e-01,6.426281688390428348e-01,6.449710343785245437e-01,4.454438619191589122e-01
5.110488169452355178e-01,1.466922667081964338e-01,9.275476277812658710e-01,7.982007941389690497e-01,4.286994895342474687e-01,6.937408807380710529e-01,2.108190991059991082e-01,3.483796340537798075e-01,7.180597167603570696e-01,7.256651813145620356e-01,6.844456222777866028e-01,5.640550896820331062e-01,6.327085834814718535e-01,9.665382608885902949e-01,0.000000000000000000e+00,5.213706537473401514e-01,9.220149770314800541e-01,7.048346105639363701e-01,8.953365556639768519e-01,7.380231807491615115e-01,8.031488542705824685e-01,3.066834709431133232e-01,6.103391917144285195e-01,5.335539141246443684e-01,6.852095133907867286e-01,5.804599526572208346e-01,6.519604358011723555e-01,7.344693455026212181e-01,5.735078109280364878e-01,2.808671019211987918e-01,-1.040512166479565237e-01,3.213588860900474242e-01,7.654420825351945235e-01,4.704634293953234847e-01,7.874659229658953485e-01,2.985657330754514227e-01,1.991587166184057289e-01,3.455992502496054719e-01,8.528613377013123387e-01,7.777879593360441657e-01,3.618319007864743142e-01,9.518344285614248612e-01,9.107917566780426855e-01,4.387371331354509851e-01,8.400740413430671794e-01,2.201505165554469290e-01,5.637765354913488736e-01,7.312200432284536866e-01,7.525356645278742374e-01,4.068540162303150298e-01,2.434571302841089524e-01,8.272577309701074633e-01,3.237721979988712473e-01,7.245563061229901569e-01,9.481775940922706480e-01,4.182430498541436226e-01,6.886906251499148590e-01,4.441499093664965092e-01,5.767682712702059122e-01,3.267547584277614714e-01,8.315567672909847385e-02,5.752543300396395498e-01,2.975262669288123996e-01,7.402835693829703523e-01,4.644749485493561703e-01,6.109171151343535389e-01,6.844807816907139131e-01,6.390160992559813513e-01,6.066856812689659373e-01,7.140068216158470538e-01,9.695392282583746857e-01,4.283454235526957810e-01,3.173203201265079043e-01,9.833108807368780013e-01,9.116269756147319381e-01,-2.350004758912435654e-02,1.739804867601065785e-01,4.764236635731280978e-01,3.350877083161475367e-01,4.094438751501500717e-01,6.091630125219005265e-01,8.312494106930242710e-01,8.220136671285421803e-01,7.259700997375528875e-01,4.191390698451757379e-01
9.254250847265528268e-01,7.269913750832566190e-01,5.585741159716615112e-01,4.663147215633931530e-01,4.771315887256856736e-01,6.991106741011724468e-01,2.803987401296325621e-01,9.471629473529982191e-01,4.658342787225963066e-01,8.662511107689409018e-01,8.389391684752610656e-01,6.308941476457266551e-02,6.040839809033046182e-01,9.899671996655998729e-01,5.213706537473401514e-01,0.000000000000000000e+00,9.646391173293847876e-01,8.762431584185232936e-01,4.725804788962600922e-01,2.506020965447560700e-01,8.270529998831803731e-01,8.968373706464536355e-01,5.376754942008270532e-01,9.945876490158814809e-01,2.712026627107251286e-01,4.359378886992202329e-01,9.901332909837543550e-01,2.251608129293385663e-01,3.238381199389482323e-01,2.214171235174655639e-01,3.331452684567790534e-01,6.785957980595803685e-01,7.555787226723399419e-01,9.870406369088894349e-01,4.254095637730440083e-01,2.748880738818015868e-01,2.223449798856051707e-01,6.055799524993353833e-01,6.433180562563177718e-01,9.675513826805169915e-01,7.795800221687124720e-01,7.913597427518338501e-01,9.843949027824777653e-01,9.796228048542385825e-01,9.110150511759296243e-01,4.900449364603745583e-01,8.003416062568327050e-01,9.799164593629752229e-01,7.073129596001409558e-01,6.012704477708785689e-01,6.900279301038465540e-01,8.335415263626042570e-01,6.207593147308037018e-01,3.110309655445085975e-01,9.086808067789751142e-01,9.843679170178427640e-01,5.721912854102551016e-01,2.711480382880335216e-01,8.454622524796495675e-01,7.364073120373445525e-01,3.070657435708910588e-01,6.029091923831819688e-01,6.794964160520937657e-01,4.447695788200415334e-01,7.694030239011833139e-01,8.290508631903207304e-01,6.985889696199160115e-01,9.810635047689196808e-01,4.157698213542258131e-02,6.858246823622418109e-01,6.580989401018154661e-01,5.598504210665860015e-01,6.874010504782080977e-01,4.277401481708921205e-01,7.398763287058470750e-01,8.202833519274614904e-01,7.768680668774298193e-01,7.543266605447869200e-01,5.114739510182756410e-01,5.285175021146020224e-01,2.182245108752335627e-01,2.722766608939249378e-01,7.507610568202732759e-01,2.434574368021055757e-01,3.788538378312713006e-01
6.050391389830441780e-01,4.795420175019686204e-01,9.875958522852898991e-01,4.521027229579919759e-01,8.094236449496025054e-01,4.458975546754475050e-01,7.618417645168923391e-01,8.928934094655678333e-01,6.416807088159447447e-01,8.505972477978918089e-01,5.389407364865647088e-01,6.789074417340441592e-01,4.454212178470600692e-01,6.130130271281618581e-01,9.220149770314800541e-01,9.646391173293847876e-01,0.000000000000000000e+00,8.347301988878172985e-01,6.791198975782755110e-01,9.536218846739084043e-01,3.525480594643138899e-01,8.706342946937950522e-01,7.524841706438805122e-01,9.467791736563058169e-01,6.630575049377951391e-01,4.468266620591873628e-01,7.632224017739500654e-01,7.664546969085413997e-01,9.756381993343443693e-01,5.924664638122819627e-01,4.089923434850524786e-01,7.026641931206760727e-01,9.604903873680713522e-01,9.177835972660024488e-01,8.021949625216729940e-01,7.737205820061843209e-01,5.027892856608170424e-01,1.571878455234851646e-01,9.032177408696039356e-01,8.215754542079245493e-01,3.091365885501216049e-01,7.721305073201120139e-01,8.916252968762996556e-01,8.375016813630703494e-01,7.034574133147374342e-01,9.460768766983732592e-01,4.071548990968631432e-01,8.563282793573838703e-01,9.099621228722444277e-01,6.452101425810434776e-01,8.736755858699835064e-01,7.712013508040282961e-01,9.940945000593737202e-01,8.661780983566866876e-01,4.557802696154231725e-01,8.302424455240026147e-01,8.156766095295385766e-01,8.647865808207155780e-01,7.858450587490609651e-01,7.646363165907297255e-01,6.111407952403526966e-01,8.306868944738632354e-01,6.888327459249997675e-01,9.970317335560832106e-01,6.517225373819007794e-01,5.503916253812604076e-01,9.394831303876447492e-01,9.114161000878666652e-01,6.029961456136146980e-01,6.852084751513345395e-01,8.474833537774661973e-01,6.814588168366575438e-02,6.174551983522705845e-01,4.059124843346620937e-01,7.422648430931200192e-01,6.297274804685265570e-01,6.260299711262149458e-01,6.168234641343964819e-01,3.288426283231484781e-01,4.476494424208156686e-01,5.292329142026797051e-01,7.087862015167277763e-01,9.086431175124504156e-01,4.956557778957167426e-01,7.530439714876868695e-01
8.901455975887909711e-01,7.840166365988011643e-01,7.594454359767701668e-01,7.529542727941738178e-01,4.636967671172700922e-01,6.565424943997677509e-01,6.081788349598228338e-01,5.246442736308040145e-01,7.597608826670791959e-01,6.061120643971821265e-01,7.362047290762866458e-01,8.184033836215592883e-01,7.933088290078001981e-01,8.561696429091062432e-01,7.048346105639363701e-01,8.762431584185232936e-01,8.347301988878172985e-01,0.000000000000000000e+00,8.204628324430038866e-01,5.824846990495836652e-01,8.259427827772478636e-01,9.742540626264836190e-01,6.799009232323361962e-01,8.719948867442482987e-01,4.998672052541206501e-01,7.186402935278386472e-01,3.844355827258683078e-01,7.821039408859713493e-01,5.897302669657531471e-01,4.721141769305989278e-01,4.123768984853265485e-01,9.668800176943188607e-01,7.175387831319305354e-01,8.830282703584091397e-01,2.978839551897035642e-01,4.435480084076224294e-01,3.379205872744188710e-01,7.417936778063105585e-01,9.308567620379860630e-01,9.779249355372197083e-01,5.417267201248631148e-01,9.575785625076242980e-01,5.377169844576941138e-01,6.493313831201568131e-01,9.193664993316994494e-01,7.815769059082817716e-01,7.383832470197749798e-01,4.195785931687217585e-01,8.661368828265940678e-01,6.184098965746845922e-01,5.680013082244463885e-01,7.671730110196536279e-01,7.632356793266364958e-01,9.513894433387388716e-01,9.770403501086779574e-01,6.779660025992801931e-01,9.974965312448449417e-01,5.141252141874348425e-01,8.586545424238632984e-01,5.441687781566717508e-01,2.284420747104095872e-01,7.070474676902666067e-01,8.720523010244011219e-01,8.498364773040698594e-01,8.834381785799562126e-01,6.328502070797915602e-01,9.455431619558077871e-01,6.297522375908285452e-01,4.152001483813806959e-01,4.555360756614975637e-01,5.459856130123619256e-01,7.889578139667519086e-01,8.214018971873174868e-01,4.339590108261885404e-01,7.323769989747810349e-01,5.560542829260494146e-01,4.403609358998867851e-01,7.404755191460254959e-01,5.439329638016415780e-01,2.951049412859360066e-01,6.162562124472590330e-01,6.640152681843523030e-01,8.027974883723324462e-01,1.273365055927350442e-01,7.127335444874380865e-01
