0.000000000000000000e+00,7.298360205689337077e-01,8.785177438514225612e-01,7.701611553336779048e-01,3.815123729339178205e-01,1.358220843587977233e-01,9.096477729135042933e-01,6.568403640342816985e-01,7.695756175035302071e-01,9.118898868473861441e-01,8.556600470006427983e-01,7.605751263630065040e-01,8.853637012620553248e-01,7.243149639244418347e-01,9.953325486365927066e-01,9.109229508905105632e-01,6.150273365500825706e-01,9.310842183570848807e-01,6.587129978580514855e-01,9.794101000299096915e-01,9.032016254882365702e-01,9.148036889532570326e-01,7.783617202906281118e-01,9.764014034142801668e-01,7.653794798837816327e-01,9.361943480571450760e-01,8.674463979565539828e-01,8.235487914715230451e-01,4.367037133174022090e-01,7.544003898355219340e-01,7.809720238713737661e-01,7.039661733417434952e-01,4.354137363590334653e-01,7.975616125055936534e-01,6.597050119847835958e-01,3.626875759457830473e-01,2.735785287372268226e-01,7.637314904589842524e-01,7.752003645199182502e-01,7.906865174824542208e-01,2.852202038461161271e-01,8.462924491077430389e-01,9.026525021992897191e-01,8.369644377770479871e-01,6.477566205490771223e-01,9.313556311711693736e-01,8.536383255004611481e-01,9.454402204922069952e-01,4.068877191719362796e-01,3.539478347251783230e-01,7.574384382950811734e-01,6.342692890595433841e-01,6.380554699130310814e-01,5.896412253329428449e-02,8.158037323655298323e-01,8.865255151865095717e-01,6.761245798746012836e-01,5.444225975830628839e-01,2.122105450116862913e-01,5.666452898908163061e-01,2.669302672082654593e-01,7.192060452594005726e-01,6.112539403332527543e-01,9.816382898221991393e-01,6.227718151482940501e-01,9.202822809469797249e-01,5.072231252428343051e-01,7.970018656139989943e-01,6.726219750483057869e-01,3.208583519186438693e-01,7.256884682104248752e-01,9.270489837226568719e-01,5.670461716078840642e-01,6.417821398296449376e-01,8.668636067049866334e-01,8.039187407843415567e-01,6.782486301956561769e-01,8.675121326989090331e-01,6.149773530811086797e-01,3.967064927301621746e-01,5.566367330414953019e-01,6.339037502507099964e-01,8.809974829282565256e-01,-8.844298124587141041e-02,7.917026519594383416e-01
7.298360205689337077e-01,0.000000000000000000e+00,9.459588027795681198e-01,8.614157550319452294e-01,3.836158734671377690e-01,4.219678615632213581e-01,6.886661652171068848e-01,3.862038850270480550e-01,6.559247804853534092e-01,2.824777287411755489e-01,6.645551677921843758e-01,9.646210434158907221e-01,7.241642737678506414e-01,3.936029605035145096e-01,7.225547266968787019e-01,6.231903538671462739e-01,8.085140282335063766e-01,7.707606754299619611e-01,3.440103335290346509e-01,8.214198322965602372e-01,9.819820303111389537e-01,6.800075192449415162e-01,5.915404250968638866e-01,8.183293639522914997e-01,5.869549874747423956e-01,2.435413268915679053e-01,8.851486791121606634e-01,4.157475661624741026e-01,2.831201555643383383e-01,5.259033462689112204e-01,3.546955507454576106e-01,6.897031236605211113e-01,6.496575827686146276e-01,7.810026870293885759e-01,8.609137759478082685e-01,7.852157917315719660e-01,5.607525216927584655e-01,7.888316892970905769e-01,4.552849540763934666e-01,6.820632554683330184e-01,6.837906736041009514e-01,3.072253216574419299e-01,9.085590775761099858e-01,9.034784207720268912e-01,4.883998228965860666e-01,1.359756212111851714e-01,6.890052651828267871e-01,6.511030259469283710e-01,4.658607042375520479e-01,6.259537966375813278e-01,5.201772961103954263e-01,9.540013162667278224e-02,3.466025520611155653e-01,8.735849567238014313e-01,6.703249065482812519e-01,9.168706665703161285e-01,6.379801269505450678e-01,9.508716063087068182e-01,7.196993273802428925e-01,3.992287738596134172e-01,5.795766020121893014e-01,7.596287166957400583e-01,9.832257733262025345e-01,8.431837822727950016e-01,6.367330300012291611e-01,6.374720910311537647e-01,4.822111607852056503e-01,4.623003321821987921e-01,7.172091826118487390e-01,8.627055482115381091e-01,5.415445009402711785e-01,4.204810429380296255e-01,6.176526746399664258e-01,3.457747144128342671e-03,4.464079731070453860e-01,8.224170834405806207e-01,6.900888442654480315e-01,4.111500604616797339e-01,2.545794790375852101e-01,2.837624698250468813e-01,7.816691665722538263e-01,7.650063939520048706e-01,9.981248540939162694e-01,-1.042703390143840669e-01,6.879877988999556493e-01
8.785177438514225612e-01,9.459588027795681198e-01,0.000000000000000000e+00,6.402069564768017029e-01,8.116907651755622677e-01,8.287205305941485189e-01,8.657690064795002804e-01,8.085973734101153942e-01,7.301915648697286931e-01,9.250531936172549097e-01,8.055173408994943385e-01,8.019970679214410980e-01,9.701916816533842081e-01,7.841615354743558530e-01,9.737691193553946745e-01,8.552172374345105021e-01,6.868932807789583928e-01,8.580826008703110741e-01,3.098712225703499357e-01,8.849585286331165257e-01,4.026373533798039417e-01,7.590406045163683446e-01,4.719784466078777996e-01,5.328425632008011448e-01,6.066178610166972351e-01,5.800412508118941712e-01,7.973924751963290536e-01,8.226131707021042683e-01,6.219668809629697037e-01,6.200422720524159104e-01,-1.669126900062990471e-01,7.945034735479694632e-01,5.446305781743328023e-01,8.493820676885905918e-01,2.193110235774878292e-01,4.729253900152498580e-01,3.353358800429784292e-01,5.492621925683052186e-01,8.757452862485790579e-01,9.994758450008367490e-01,7.111019189436647292e-02,6.135198740115309635e-01,5.970043546374730337e-01,8.121967164613571599e-01,6.772984793360369293e-01,8.269779510694860170e-01,8.529135683226845011e-01,8.878240864978889091e-01,8.204460862425970724e-01,9.228601682691842667e-01,4.402829675696859901e-01,9.819270966216424590e-01,6.068631847113793443e-01,6.149506832169843173e-01,6.022877115999915043e-01,7.525062182712063397e-01,9.272990902864491902e-01,7.358765048350135451e-01,7.187261143034388011e-01,5.283587716456910055e-01,5.193325821884648974e-01,9.562084854185923799e-01,7.969179352092232715e-01,6.793983112249404321e-01,7.450134621296660153e-01,9.691830362344275862e-01,1.769698048488609066e-01,8.771561392586463279e-01,7.693580265647672611e-01,8.287046710673761085e-01,9.252577979829628152e-01,5.934792977193539265e-01,4.673560846417016967e-01,2.240867800099162477e-01,7.761612583062057480e-01,3.808654054769129438e-01,8.415437361243290892e-01,5.715471119021250379e-01,4.575615388474855716e-01,8.759411051035709272e-02,8.040229605082166442e-01,5.902708506495415453e-01,6.398378187815095819e-01,9.854029380697681972e-01,8.254033695540207161e-01
7.701611553336779048e-01,8.614157550319452294e-01,6.402069564768017029e-01,0.000000000000000000e+00,4.080940645394365851e-01,7.575894448182006746e-01,2.702910851223782052e-01,9.083364164499707627e-01,6.647923853713879616e-01,1.862644039935177354e-01,2.613806477657163452e-01,9.342895966963922216e-01,8.080006511361408350e-01,2.957859382437192930e-01,6.825726690211340042e-01,7.688330405253424038e-01,9.854135018882306252e-01,4.232764590472697930e-01,7.048365978717806568e-01,9.958739785677299672e-01,7.391372310931151324e-01,8.825071905946918482e-01,9.374759005761654773e-01,7.691379488300337242e-01,3.917144981255130665e-01,5.946900604067718588e-01,9.739732783918798598e-01,9.366350917119489194e-01,9.542938645805888465e-01,3.824358137176312455e-01,7.453190410434132884e-01,7.314618766347327217e-01,4.217023434246416902e-01,8.874861242952483131e-01,9.065453380311668807e-01,6.469118289939458366e-01,-1.363256371500331798e-01,7.365970698803112615e-01,9.316431060039949141e-01,8.019050961370468578e-01,4.595038718362634556e-01,9.331307649172611018e-01,7.656407506782137995e-01,7.645781628695227372e-01,8.039481441543081530e-01,3.663385277905999438e-01,6.482789596041300673e-01,7.040856440418161721e-01,5.500524258776239295e-01,5.221844378239315354e-01,8.022000660538518568e-01,8.157767690871832178e-01,6.428889688040959616e-01,9.237414715461965686e-01,9.464965151701802970e-01,6.414902144628091829e-01,8.973005751850187117e-01,7.929461941268196590e-01,8.008254299907294760e-01,2.422371885525767543e-01,4.026312531301779463e-01,9.326462872114963387e-01,7.911439932104940009e-01,8.557582846570331858e-01,8.587128803974408697e-01,7.058768361048972650e-01,7.314652904496916630e-01,3.074316232248939240e-01,4.658443727710972482e-01,8.923476822396435582e-01,7.852532555146165549e-01,9.980817606940353137e-01,7.523940636855372954e-01,4.842175988118280761e-01,7.827157671815857531e-01,7.217505298552432391e-01,9.945302799011132011e-01,-2.059561317154405824e-01,2.153918347091216545e-01,-1.208222491753319638e-01,9.070475561240668450e-01,3.735911282629238994e-01,7.231795618758026789e-01,9.436423865322192128e-01,6.497103027886865778e-01
3.815123729339178205e-01,3.836158734671377690e-01,8.116907651755622677e-01,4.080940645394365851e-01,0.000000000000000000e+00,9.618868254001754492e-01,7.341722861853120508e-01,2.853778201542416793e-01,7.035745480678163855e-01,9.477390022434520889e-01,4.881945688755950363e-01,7.068711452031248843e-01,7.881934789884372794e-01,8.343031771849214184e-01,7.339798502899427257e-01,3.712995365699105488e-01,9.157983897395434170e-01,7.253041920550850064e-01,4.505022031207865374e-01,2.745356108316078791e-01,6.767699917507234986e-01,7.636403118964291137e-01,9.893099400054607973e-01,9.596760482884950649e-01,6.266760993733327956e-01,6.087011168983067488e-01,9.997102390009660056e-01,9.862376132401570183e-01,-4.801850544912117380e-02,3.574568229421621890e-01,-9.583763479023341136e-02,5.336466243857449637e-02,9.843571907724101289e-01,5.557700969873629049e-01,8.607362250062663422e-01,6.475007258113717468e-01,3.719056421225193088e-01,6.528615820310657014e-01,6.020387573802397085e-01,4.134438866363051579e-01,5.357802938504570012e-01,5.343914577116072318e-01,9.691468977775165028e-01,6.463215640145951735e-01,6.538838669316123786e-01,6.903442442379875699e-01,7.959171455019635744e-01,8.012686262200409137e-01,6.585420242032266058e-01,7.314178669226252261e-01,6.335836410180246681e-01,8.874704357619309647e-01,9.964116192381007320e-01,7.984487351883778894e-01,2.857771674985062349e-01,3.482560857125619469e-01,7.591044281193807253e-01,8.360045632686825545e-01,7.804896969448159583e-01,6.023463753078442950e-01,6.160126084766738286e-01,9.278354032390330186e-01,1.883173021862690200e-01,9.161236225630963181e-01,8.716968802316094056e-01,4.357989543436805446e-01,7.024904599171836184e-01,7.202146008518157672e-01,1.314374753069009853e-02,7.718997311675845907e-01,9.661544036688451964e-01,6.782758153575949578e-01,5.420115455251610648e-01,7.816687723470805427e-01,8.168961475074292267e-01,6.606360913177267147e-01,6.762516335283378366e-01,1.532826325759799602e-01,3.804388959938380665e-01,5.365997375762781019e-01,4.794705545874414776e-01,7.709746594835480415e-01,8.732429705073426751e-01,6.384637708549358859e-01,5.707767299658466076e-01
1.358220843587977233e-01,4.219678615632213581e-01,8.287205305941485189e-01,7.575894448182006746e-01,9.618868254001754492e-01,0.000000000000000000e+00,5.651138919040492592e-01,4.454891762795294974e-01,7.680203353824717194e-01,4.580558668243961407e-01,5.061280009741512265e-01,7.186534740229376661e-01,9.970705343624263195e-01,7.123026981629593246e-01,9.327612514010982236e-01,5.342937844832121308e-02,6.919376067928708629e-01,2.414589702355784684e-01,9.854592645506290438e-01,3.840977885900312971e-01,8.198099830010393552e-01,7.987175295789097351e-01,6.607377674760241959e-01,8.307017125882062425e-01,2.166308481430976873e-01,9.806007169434596271e-01,9.988442556649766990e-01,7.472377982679251351e-01,5.173414703032986894e-01,7.432348037770269977e-01,2.959760839597762594e-01,4.479668142357335903e-01,4.505193616601989581e-01,4.933669247676285563e-01,6.863829417505047381e-01,2.962125479363607039e-01,3.861191758977147725e-01,7.546975313469602709e-01,7.972934051457665205e-01,7.977867965336811196e-01,2.528978398817456341e-01,6.409031651904468774e-01,5.091217857546785908e-01,9.699727478738965347e-01,9.320551386904618596e-01,4.359373653787044223e-01,4.949554206889132946e-01,-7.042920321103471326e-02,7.494241425314314142e-01,5.924111440506176773e-01,6.700877033124383875e-01,9.162050779999881822e-01,7.206131451980020142e-01,5.874494858960047639e-01,9.565829189066105132e-01,9.474915632581052405e-01,9.128826810813353010e-01,5.057362683712672835e-01,5.735122015631543002e-01,2.221964027880852233e-01,2.869749560774331187e-01,8.298854453876646220e-01,9.221966771062534152e-01,6.968867245971954727e-01,6.174092535340022225e-01,2.977320467675358406e-01,7.101537521441827483e-01,4.505261661262066619e-01,4.580806949996524269e-01,9.253942680286009193e-01,8.439253691124096735e-01,9.273182314001415794e-01,6.411666700476288394e-01,2.751826249538629199e-01,7.698126478933179362e-01,1.210667755079293945e-01,6.466516670477073792e-01,8.524920074781145996e-01,9.000124605799063593e-01,6.616714428025796124e-01,2.319991981151862115e-01,5.008101926117810576e-01,7.324318489941566979e-01,6.231620233209905768e-01,6.102036833264292692e-01
9.096477729135042933e-01,6.886661652171068848e-01,8.657690064795002804e-01,2.702910851223782052e-01,7.341722861853120508e-01,5.651138919040492592e-01,0.000000000000000000e+00,3.837125703608434413e-01,4.562852319234923515e-01,7.996442630429841936e-01,7.430863957593181190e-01,2.610744405775231591e-01,2.546025474997916649e-01,7.509539392004185299e-01,3.461084275182552683e-01,-1.710230831833204068e-01,6.944116632232446573e-01,9.536617716110651344e-01,5.859315094233514820e-01,7.633413680588764239e-01,8.647522444771644778e-01,5.604739826924262092e-01,7.599949550191972270e-01,8.432108416400319051e-01,7.497499951815091990e-01,4.552617612413246140e-01,6.948052823922044041e-01,6.244799915497210030e-01,4.435180805480786193e-01,2.330907364104732871e-01,7.478473008005414036e-01,4.647256797428442887e-01,7.362047297692649872e-01,7.497014366496628224e-01,5.474068376781580231e-02,5.472736493819141401e-01,2.487022410165216080e-01,5.393663263109141903e-01,8.445983016755465034e-01,5.423070785221071333e-01,9.872622986383683408e-01,7.561227960467351572e-01,8.819172863669402229e-01,5.054616412042107765e-01,4.075180048881478223e-01,6.180883941034472917e-01,2.373397928280117641e-01,8.111977138178204649e-01,6.123033497781831258e-01,4.342742807729431109e-01,6.246290607840322417e-01,6.760747534459670138e-01,7.040543343367660079e-01,7.175500604053368647e-01,8.628905924615353218e-01,2.887554572450219403e-01,4.120230186714192722e-01,4.157687924202289054e-01,6.464830636172842482e-01,2.140554361579118936e-01,5.770786087571450063e-01,4.633482377410819697e-01,4.461637720980823896e-01,7.781961676009475637e-01,4.913579122826161605e-01,3.867190885527879707e-01,5.102890863513210862e-01,8.256887386398494844e-01,3.930374910281880102e-02,9.501936116055736958e-01,4.182433966142887205e-01,8.626905670096773893e-01,9.690137841783017514e-01,5.996465467245094549e-01,4.025228100491153316e-01,6.522050107544137276e-01,5.417155629033484354e-01,7.517929918031791559e-01,6.796588063610932151e-01,5.854471177225349932e-01,5.440156553453204813e-01,6.993607773438144104e-01,5.897617123192060440e-01,7.703129299071189706e-01,-1.941178193057535584e-01
6.568403640342816985e-01,3.862038850270480550e-01,8.085973734101153942e-01,9.083364164499707627e-01,2.853778201542416793e-01,4.454891762795294974e-01,3.837125703608434413e-01,0.000000000000000000e+00,6.987505570459267012e-01,8.198848693338482985e-01,9.901969622132875681e-01,9.713176825250308122e-01,5.184305998455950304e-01,8.156381624037993827e-01,7.840491384823906618e-01,8.320226628988737216e-01,8.350251410334746938e-01,7.794012033211330515e-01,5.436553688582724808e-01,6.503783818886480494e-01,7.781366190662055704e-01,2.976743749304361364e-01,5.559681456031217994e-01,9.511707374497050393e-01,5.203979046869645630e-01,7.192981425981362920e-01,8.813918473209979287e-02,4.417045690250687162e-01,6.079899343014175672e-01,5.914239704444036461e-01,9.155972225837696876e-02,1.574481314989906455e-01,4.800643980258801902e-01,7.325229780425706050e-01,5.955176445744876368e-01,5.229732681790102422e-01,6.739986989641933400e-03,5.643520367232826018e-01,8.389181472442153176e-01,8.888142145219297685e-01,6.220400551364650976e-01,6.970132826568574691e-01,5.637383219169135318e-01,4.117810027791550254e-01,7.121691656748708743e-01,4.876106913533467813e-01,4.002171821827688047e-01,4.900302060551986472e-01,6.516493113316106367e-01,4.719114144712355241e-01,4.985417973358080013e-01,2.824643895038071451e-01,9.862420753126555084e-01,7.457514949242779467e-01,9.987185941189000715e-01,6.777488609755497606e-01,7.295178500383430187e-01,4.223991418681511401e-01,6.383538161293107471e-01,2.775762972353934543e-01,4.318658578528059011e-01,5.298663421267548745e-01,9.838118391238970251e-01,8.488089783969157143e-01,8.190989158514834223e-01,8.042495650075119906e-01,5.214438375651068158e-01,7.978439898587800228e-01,4.370526791941239386e-01,4.672534488426405841e-01,7.142903201053325546e-01,5.582065200293165885e-01,6.731105109613270132e-01,4.818727518710643198e-01,5.553138587752409761e-01,4.908532801533332934e-01,5.378804621289507981e-01,5.360214614247584830e-01,-2.203699407250110098e-01,3.133316387512599666e-01,6.118632358197179100e-01,8.815262603202259628e-01,6.392658701284830158e-01,8.101558529844026246e-01,4.760064448170323592e-01
7.695756175035302071e-01,6.559247804853534092e-01,7.301915648697286931e-01,6.647923853713879616e-01,7.035745480678163855e-01,7.680203353824717194e-01,4.562852319234923515e-01,6.987505570459267012e-01,0.000000000000000000e+00,4.940160094728023865e-01,6.126111030884910935e-01,8.013025439569907427e-01,7.747408478087631778e-01,4.022432550847855337e-01,4.813167615727320103e-01,9.620439269218036271e-01,8.143179938004744267e-01,2.401379882687795786e-01,7.202605964868968869e-01,8.195442261254022309e-01,8.830744376509294113e-01,7.452883107113525973e-01,3.473215753179933474e-01,7.924437901658611949e-01,4.712379156225688370e-01,7.037041907443835065e-01,9.854114962248354814e-01,9.634296632041350339e-01,6.303327153610680522e-01,4.753131068338681264e-01,7.560690827572096318e-01,6.983325774831302679e-01,2.990533955996887427e-01,7.236796156829977678e-01,4.509076795832732687e-01,3.414926593214224759e-01,1.974829520483754597e-01,3.866682415342397316e-01,9.162612874038613686e-01,6.981170356262201837e-01,4.856758777799274895e-01,5.116463831172710641e-01,9.894345705507248123e-01,7.733390990428741230e-01,9.911192747109226486e-01,9.782727060659779372e-01,7.363008477629271464e-01,7.454676081755129413e-01,5.667821739231023725e-01,9.230530862026933292e-01,5.948983755251600059e-01,5.108413511646562322e-01,8.069347375932780508e-01,7.291127432507013006e-01,7.934040275529037345e-01,9.882269901984346294e-01,8.200092408234981312e-01,8.032442792175300550e-01,3.252826836114953712e-01,7.051167733363520318e-01,2.731450434548915451e-01,7.613964734204192730e-01,3.001772699768708863e-01,9.657022170150041385e-01,9.605662460097836863e-01,6.756318837764155871e-01,4.152539115656510571e-01,8.825871291516625972e-01,3.651536544142014451e-01,2.854617959088937007e-01,7.722876985666612404e-01,5.166506329758200344e-01,6.633839090331420385e-01,2.710820161786133831e-01,2.951310801049915056e-01,8.469638837949470256e-01,7.702089326370521460e-01,7.953650205145441632e-01,3.493392270392483567e-01,1.336074004279766414e-01,8.823498683653437924e-01,7.611410505292401929e-01,5.294733760169623160e-01,3.920697899560133814e-01,6.426444331762741768e-01
9.118898868473861441e-01,2.824777287411755489e-01,9.250531936172549097e-01,1.862644039935177354e-01,9.477390022434520889e-01,4.580558668243961407e-01,7.996442630429841936e-01,8.198848693338482985e-01,4.940160094728023865e-01,0.000000000000000000e+00,2.959355617997959653e-01,6.520470807186133921e-01,2.664950772704767212e-01,9.123313763476894600e-01,4.427051583665204126e-01,7.235548779521334684e-01,9.479310626500976333e-01,6.626990951149757114e-01,6.205587949739036491e-01,9.590942378143441083e-01,7.614874111191561878e-01,7.485938056160721388e-01,9.366004549240602994e-01,7.547334349289646083e-01,7.656482991564020901e-01,6.971391394956056864e-01,2.329738080996385796e-01,7.543903691045319437e-01,4.185439110899549231e-01,6.195276906110467330e-01,6.490290402086918986e-01,3.832125189797109810e-01,8.269697340410878672e-01,9.169585748615183274e-01,7.669059692022530683e-01,3.895725877100051360e-01,5.437789988784187400e-01,8.598590116885453938e-01,6.103082000878540248e-01,6.997380338926562082e-01,9.394368350630533104e-01,7.258181750654151276e-01,9.670250459084801520e-01,4.081174001646720173e-01,8.037285259384474578e-01,8.842537060767026169e-01,4.502256119174083415e-01,8.524149173028565674e-01,5.195094976391283481e-01,6.866508150594271553e-01,5.027589669902989833e-01,5.459130575261280649e-01,8.760945978604255391e-01,2.914348980971728231e-01,8.178850803498388666e-01,6.702409529992092718e-01,5.807051983900803904e-01,6.011825237972365787e-01,7.474684660064685460e-01,7.508335809193883437e-01,1.725347882351359885e-01,7.576416351024061191e-01,6.446360870226464090e-01,8.718551698618266510e-01,7.898781397623244604e-01,4.897382383040809750e-01,6.632260183202607351e-01,7.607970194549491527e-01,7.654877269886508628e-01,6.280724917391878881e-01,1.505411021496947110e-01,7.246925400899917324e-01,4.415414310100976847e-01,4.245394111211600596e-01,7.810095289654550577e-01,3.848158421523103501e-01,9.245798480287779064e-01,6.573719588939865854e-01,7.919509078605260211e-01,5.335273687602433146e-01,5.426741378493977752e-01,8.958055227536833032e-01,6.328564123324779134e-01,5.810221667073706131e-01,6.543389912303652078e-01
8.556600470006427983e-01,6.645551677921843758e-01,8.055173408994943385e-01,2.613806477657163452e-01,4.881945688755950363e-01,5.061280009741512265e-01,7.430863957593181190e-01,9.901969622132875681e-01,6.126111030884910935e-01,2.959355617997959653e-01,0.000000000000000000e+00,6.168169950913885424e-01,5.218214375335996635e-01,5.357124424659082118e-01,6.872382946060080489e-01,9.080086048904004725e-01,6.272956643469210780e-01,7.487284552708689533e-01,6.301940881476465472e-01,6.873254422788882545e-01,9.982474734296089558e-01,4.815551874298986679e-01,6.045250768954795184e-01,7.946854927286020054e-01,7.918192178563585593e-01,7.323803303766589501e-01,5.070723579240711265e-01,2.769656971515017663e-01,4.430541298838139852e-01,7.855941992963738629e-01,3.679899491125320637e-02,6.463337440652642263e-01,7.368263507278162150e-01,9.380316266669040948e-01,6.374835023195805084e-01,5.255413525539054387e-01,9.898608662778590750e-01,5.432242778096445512e-01,9.886618599194696433e-01,5.724520830483965650e-01,4.134640314860030252e-01,4.092370520079389729e-01,9.259416604466164102e-01,9.366463585342530429e-01,6.035052130865340425e-01,6.739933666471028539e-01,9.718095037523675206e-01,6.512708299426317460e-01,2.945118889092225301e-01,7.228009415521693404e-01,7.735381816502693297e-01,4.401194474238343535e-01,5.300735446884446977e-01,7.403409943177561292e-01,1.026974741256367063e-01,7.953575059450398443e-01,7.687225792918999101e-01,5.735434098475996612e-01,8.757059688608673786e-01,6.175404468574404726e-01,6.144800595686981115e-01,2.187256228440292716e-01,2.938269313947837746e-01,7.932671714398669138e-01,9.031151662197057783e-01,5.872915327845238398e-01,6.274413836434971081e-01,4.432220038361709968e-01,2.397845313149925273e-01,5.307070938875557697e-01,3.493896381647147997e-01,4.487837363648755629e-01,5.355175061859411834e-01,-1.503962085387471892e-01,9.798983648893715426e-01,6.339662090395552507e-01,7.656943833405613908e-01,9.002510684803023411e-01,3.106952511361391611e-01,3.457473498753728114e-01,4.765163065198253500e-01,6.962562087657211407e-01,6.341339413442582673e-01,3.490625427761820387e-01,8.877174504843987624e-01
7.605751263630065040e-01,9.646210434158907221e-01,8.019970679214410980e-01,9.342895966963922216e-01,7.068711452031248843e-01,7.186534740229376661e-01,2.610744405775231591e-01,9.713176825250308122e-01,8.013025439569907427e-01,6.520470807186133921e-01,6.168169950913885424e-01,0.000000000000000000e+00,6.750662904671115294e-01,7.817284043129588689e-01,7.276906536330129960e-01,7.350382719544486243e-02,8.400810933797506763e-01,6.806659118839988309e-01,7.395835137932691428e-01,6.546180436895718824e-01,6.563099243972280172e-01,2.683069715954694567e-01,5.559656045416725423e-01,8.089148192387837222e-01,3.369276406071871621e-01,5.415399284171122929e-01,8.129579452027718700e-01,4.416078327191417241e-01,-1.149970269802948475e-01,6.233563204158505400e-01,2.744519236003649665e-01,9.016892004374041925e-01,7.430390215214450755e-01,6.564678963538915779e-01,7.205177735048655663e-01,2.603968781881194072e-01,3.152933347426363497e-02,7.151017510778117092e-01,9.044074388425500377e-01,5.723413506504579917e-01,5.877188300937767895e-01,4.686209054113965045e-01,6.786414081518509223e-01,9.687048001210352144e-01,8.392142269786911912e-01,9.191520910349468831e-01,2.110745429685022545e-01,7.896849830985593899e-01,6.701648573005516418e-01,5.935017286121959668e-01,5.470120276440523233e-01,9.132321977735738949e-01,8.742015655069408364e-01,5.831020335904098240e-02,8.362555174770542887e-01,8.184072021896540150e-01,6.523008763317835745e-01,8.689398660700182742e-01,9.259759418812654186e-01,2.479073582222838801e-01,4.938027243625462415e-01,4.480086788808411713e-01,5.778052808457684320e-01,8.783260466155297097e-01,8.675912776883427657e-01,6.833738834817598695e-01,8.405709211510199452e-01,9.780603946784346414e-01,5.849123349769077551e-01,5.397159234391332161e-01,9.888354150179660129e-01,4.422087075325256689e-01,5.476149416092142008e-01,6.818729457718825104e-01,4.563863146669948079e-01,-5.365638521298171648e-02,8.053204679819285783e-01,7.222288332386566090e-01,6.789053403567831824e-01,5.771594742518388887e-01,6.933564250657595629e-01,7.043324688021495028e-01,7.250671608256700207e-01,-2.769187856378784174e-01,7.580296416579677121e-01
8.853637012620553248e-01,7.241642737678506414e-01,9.701916816533842081e-01,8.080006511361408350e-01,7.881934789884372794e-01,9.970705343624263195e-01,2.546025474997916649e-01,5.184305998455950304e-01,7.747408478087631778e-01,2.664950772704767212e-01,5.218214375335996635e-01,6.750662904671115294e-01,0.000000000000000000e+00,8.094417368259049228e-01,6.398029836739655973e-01,7.849681101699708119e-01,8.669965040734057826e-01,7.069306484977029292e-01,4.891494809224071760e-01,7.886583163239873073e-01,6.928366885076909787e-01,6.660687847818371754e-01,9.797823067498750982e-01,8.496481569465210715e-01,6.885244415489557568e-01,6.784267118931477381e-01,9.237027411041871527e-01,8.690711549158031124e-01,7.338620905887520696e-01,3.827492249135951985e-01,4.108087783860758235e-01,4.456138008457755095e-01,8.553002686806455701e-01,9.742540155615453390e-01,6.615000661489353062e-01,7.208264167754724339e-01,5.258264601691344797e-01,7.467970317956741377e-01,9.552262124779362651e-01,7.718744992639537950e-01,9.186447392094805320e-01,6.954861631155808688e-01,9.755107668035876145e-01,6.892903115054154206e-01,7.542115542975826870e-01,5.363028447451717584e-01,7.732266259668802988e-01,9.278459410383335104e-01,8.014300393104287767e-01,8.753581472794755847e-01,5.915507897725398312e-01,9.047969090703388284e-01,7.061366128311032941e-01,4.115603915985527883e-01,7.197234144213900953e-01,8.622842762698115227e-01,3.853314611995918293e-01,9.149502938186395706e-01,8.747056965971307108e-01,7.078903602227542002e-01,7.583518578102239616e-01,8.478605811333713715e-01,4.473026267284175850e-01,8.194135993795634842e-01,7.240080257114582807e-01,5.198064673441324945e-01,8.506314227594387045e-01,5.990484786488622371e-01,7.678112370022214250e-01,8.272544743636437437e-01,5.719094650554977788e-01,8.299047623526504269e-01,9.295287572337571635e-01,2.220301766826244805e-01,7.385280518724274268e-01,7.145619908958800170e-01,5.226250226813211608e-01,5.192808400093379406e-01,2.674348029826121853e-01,5.494851259242485852e-01,3.266749225082390407e-01,2.974465585435685511e-01,9.537002352454592158e-01,2.775379897404010032e-01,9.389478327757618814e-01
7.243149639244418347e-01,3.936029605035145096e-01,7.841615354743558530e-01,2.957859382437192930e-01,8.343031771849214184e-01,7.123026981629593246e-01,7.509539392004185299e-01,8.156381624037993827e-01,4.022432550847855337e-01,9.123313763476894600e-01,5.357124424659082118e-01,7.817284043129588689e-01,8.094417368259049228e-01,0.000000000000000000e+00,8.491213188442603421e-01,4.611884217732168390e-01,9.224929940561161779e-01,7.196530082036208809e-01,6.938162754072487726e-01,9.393801041945699648e-01,6.393928608623571375e-01,9.017560341063076690e-01,9.897561656839746203e-01,7.034822224373766808e-01,7.373399329014891368e-01,9.415835266783341151e-01,9.428551270412668384e-01,6.992056134787644206e-01,6.079113957619458608e-01,1.687779823843817417e-01,5.048323264605673044e-01,1.356279506731217499e-01,4.159353383626366862e-01,9.606919229438246610e-01,7.709839748723894548e-01,8.984181308128742771e-02,4.873356455687498090e-01,7.608607306125183545e-01,9.641436363323280245e-01,9.991372244569189931e-01,6.865959325641147748e-01,4.265495260943749645e-01,6.314707696487438238e-01,6.424773210736249851e-01,6.253167537091705031e-01,7.125049447792803914e-01,6.355426313947796224e-01,8.719335351632568898e-01,9.445561136965863192e-01,8.342474696573315418e-01,6.054717868770885802e-01,7.777410558125925633e-01,4.092575767814448096e-01,8.096251095014682653e-01,8.294785511294489044e-01,2.765900014479765745e-01,3.826265715205320883e-01,9.185704568233770129e-01,9.855775135515645324e-01,4.712993295708364783e-01,1.951907474073541204e-01,8.869102448750504353e-01,9.034504426408839217e-01,7.827284017333984156e-01,8.249657530827430030e-01,6.919978927912927569e-01,1.789454986314497065e-01,9.727356969247291651e-01,3.351479344681765893e-01,6.219474280650119091e-01,5.697257922648942818e-01,8.988221950893281464e-01,5.760174378235713988e-01,2.776456745211671184e-01,6.151338458156860867e-01,5.043838936467731626e-01,7.839736615072776527e-01,6.306366548025653662e-01,-4.074698069912674470e-03,4.680564806385623111e-02,7.774446718402752143e-01,9.572268391577024582e-01,7.140531397629658050e-01,3.897769232855001209e-01,5.953421984805538081e-01
9.953325486365927066e-01,7.225547266968787019e-01,9.737691193553946745e-01,6.825726690211340042e-01,7.339798502899427257e-01,9.327612514010982236e-01,3.461084275182552683e-01,7.840491384823906618e-01,4.813167615727320103e-01,4.427051583665204126e-01,6.872382946060080489e-01,7.276906536330129960e-01,6.398029836739655973e-01,8.491213188442603421e-01,0.000000000000000000e+00,5.455527072058264926e-01,8.238897683704918817e-01,8.441669061409369235e-01,5.270816877408608381e-01,3.627345579075449411e-01,6.959427228069334781e-01,8.186934488038102309e-01,8.529414132596343512e-01,6.579299204249065003e-01,6.865218596785305216e-01,7.231266157434408370e-01,7.568420326309026613e-01,2.445034068146718087e-01,3.708531667334526993e-01,2.223047560202542905e-01,7.987449873082124174e-01,4.223003732150336642e-01,8.737859649837435017e-01,8.402550919486142522e-01,8.000221098171068565e-03,2.188824630708030017e-01,5.103420353145851074e-01,7.861967827542866161e-01,9.528282448978582231e-01,6.480765384988890210e-01,2.128782513309123436e-01,7.892350770275899929e-01,3.390296260760533587e-01,6.184428349929034230e-01,9.969945128768162856e-01,9.090340697240016921e-01,3.164315577417379233e-01,8.355300376574285037e-01,5.575481459361344427e-01,6.224921235487298476e-01,7.993092043109070177e-01,6.968512424031908514e-01,7.639646717746407800e-01,9.741794963713787947e-01,9.592868217332649605e-01,9.027448800682331687e-01,5.113848450745340779e-01,2.244127806465585073e-01,6.115951050059723615e-01,5.122029386835640352e-01,4.129067507754060617e-01,7.946120153631107685e-01,5.592673235297803691e-01,9.245439507590730299e-01,8.026553560147257071e-01,6.686825692157267742e-01,6.781962281579532181e-01,8.978785737208697659e-01,7.890328440647189634e-01,2.844866631496218989e-01,6.078188847221864810e-01,5.416676982741204238e-01,6.871959464609112000e-01,3.450798206539971713e-01,3.566064147398311235e-01,2.685505151599213436e-01,6.633185988896976859e-01,9.693376879883988106e-01,3.327018701312055571e-01,3.128101311279989361e-01,6.151169850181733567e-01,9.153579570207689420e-01,8.041017473359494128e-01,1.795490038512010667e-01,4.949587304205510518e-01
9.109229508905105632e-01,6.231903538671462739e-01,8.552172374345105021e-01,7.688330405253424038e-01,3.712995365699105488e-01,5.342937844832121308e-02,-1.710230831833204068e-01,8.320226628988737216e-01,9.620439269218036271e-01,7.235548779521334684e-01,9.080086048904004725e-01,7.350382719544486243e-02,7.849681101699708119e-01,4.611884217732168390e-01,5.455527072058264926e-01,0.000000000000000000e+00,6.267375663682603903e-01,7.315553371818862560e-01,7.259319846160168233e-01,6.790103652155637937e-01,8.856985508127737106e-01,9.136235794854471459e-01,6.909155556332526871e-01,5.576836841274105394e-01,7.770432303777280447e-01,6.535234335648698600e-01,6.722175321124165270e-01,9.377381389268431011e-01,7.759949781525948831e-01,8.222158234419301159e-01,5.070928524474538346e-01,9.591841176443055561e-01,5.089687299082517047e-01,4.470215977027289789e-01,7.587616105851540116e-01,3.391585435181879715e-01,7.469650826410002553e-01,1.308835408266703915e-01,9.335274691123538471e-01,7.186510174822470232e-01,6.094403390201960091e-01,7.135801941406630933e-01,6.158785426729282975e-01,7.024078844889622975e-01,9.922910686064503327e-01,9.321781274776970161e-01,6.016848768606802844e-01,7.689242651985708221e-01,4.137362480704450673e-01,6.773259774737641070e-01,7.863214888402487723e-01,8.463800046769390795e-01,4.025591279487931717e-01,2.436819332463688037e-01,9.607748643210022310e-01,9.761516893673041206e-01,6.066531872227824973e-01,5.191988345336491228e-01,6.158439187725518460e-01,5.093873674868341084e-01,2.346758220632709224e-01,7.265039818107597025e-01,4.805805398555291763e-01,9.659555038641804980e-01,5.135192750912142001e-01,3.590252909775742962e-01,9.766102616193327313e-01,7.672428557383702552e-01,1.529275317184534411e-01,8.701814739625343131e-01,6.973001707571383490e-01,7.371265465668908057e-01,4.739545572319043276e-01,3.639771888562391977e-01,2.241280446725585906e-01,5.855957259316401098e-01,-3.354896291203010583e-02,3.589817340136405299e-01,4.997037374073993732e-01,5.041659588822230420e-01,3.203215059788975805e-01,9.169753884179773218e-01,4.318767963046710179e-01,6.711323330777131391e-01,9.469384192095123831e-01
6.150273365500825706e-01,8.085140282335063766e-01,6.868932807789583928e-01,9.854135018882306252e-01,9.157983897395434170e-01,6.919376067928708629e-01,6.944116632232446573e-01,8.350251410334746938e-01,8.143179938004744267e-01,9.479310626500976333e-01,6.272956643469210780e-01,8.400810933797506763e-01,8.669965040734057826e-01,9.224929940561161779e-01,8.238897683704918817e-01,6.267375663682603903e-01,0.000000000000000000e+00,8.894825846800638036e-01,9.440613187764774761e-01,9.322330402264115135e-01,2.470854431425305031e-01,7.862029806279380306e-01,7.240849273188993962e-01,6.670159824830611539e-01,6.108873499474883895e-01,8.056898658171124383e-01,5.194515458836317379e-01,5.290297520197757564e-01,4.665687985406590244e-01,7.575019361625399128e-01,6.158920480938742115e-01,5.771538137390396228e-01,6.117729893240032579e-01,8.265296437769056315e-01,9.491000516651822982e-01,2.445585851063495353e-01,2.355395980391908617e-01,9.080087238756865409e-01,7.063789898312221593e-01,3.161185354727543140e-01,4.650475415898003839e-01,8.632445838902935709e-01,5.181489872565647747e-02,6.328566170612899278e-01,9.991836366217199394e-01,9.425676703249412647e-01,8.902761719995184730e-01,8.480558520890854046e-01,2.029724434516096132e-02,6.180714494392653968e-01,5.400865283304654429e-01,7.556354508486814447e-01,7.651826428619266096e-01,5.990802348677891631e-01,9.445156990805908537e-01,7.711376817719999277e-01,6.075914652612390832e-01,5.827894805093960517e-01,9.645055014100285540e-01,2.346076740559760454e-01,4.034985313910487981e-01,7.938017977321267793e-01,8.144382619310838178e-01,9.878032952133264377e-01,5.390174683809197953e-01,8.093442563470061302e-01,7.861077039826168678e-01,8.220679448763364983e-01,6.615007058623650904e-01,9.125247063838493045e-01,6.871220658123230463e-01,9.880194883533031103e-01,3.482258524349809425e-01,5.684179049776673098e-01,1.993158183081476520e-01,9.249909433893684918e-01,4.022529570891347772e-01,8.904671115792501812e-01,2.438267049581723245e-01,3.827012942730044220e-01,1.893793896036228275e-01,9.389982691371981938e-01,6.378072738444839906e-01,7.476746086970745830e-01,7.835143297596816048e-01
9.310842183570848807e-01,7.707606754299619611e-01,8.580826008703110741e-01,4.232764590472697930e-01,7.253041920550850064e-01,2.414589702355784684e-01,9.536617716110651344e-01,7.794012033211330515e-01,2.401379882687795786e-01,6.626990951149757114e-01,7.487284552708689533e-01,6.806659118839988309e-01,7.069306484977029292e-01,7.196530082036208809e-01,8.441669061409369235e-01,7.315553371818862560e-01,8.894825846800638036e-01,0.000000000000000000e+00,6.061377468358348786e-01,7.137820317022165462e-01,4.447312969492231427e-01,4.074894476075799910e-01,9.235925594293251661e-01,6.980047536584311763e-01,6.189917799767568063e-01,6.024128882480436209e-01,7.066555581442056644e-01,9.593391725091831024e-01,7.944628291920252661e-01,7.784944048467590250e-01,1.217060524163528223e-01,4.473281420929169916e-01,5.936525126748187775e-01,9.768246685797622453e-01,9.469246730027918169e-01,6.568014779261841518e-01,2.112140558302937898e-01,4.963681849093313225e-01,9.469435028418626832e-01,8.770078717828597714e-01,8.335023756808854767e-01,4.144136812240404311e-01,8.711168210541386792e-01,7.343735675681489772e-01,4.875457043979340988e-01,7.159518806132970647e-01,8.893934549645924337e-01,9.061531712829962171e-01,7.015212766725363869e-01,2.575169759848149886e-01,9.235071924878259786e-01,9.142993686193312541e-01,9.004205942769887283e-01,9.693452489161488161e-01,7.917081913321379893e-01,9.206890761478343510e-01,3.667536032950222680e-01,4.496870440143943548e-01,7.593172451908472009e-01,8.651827506597179474e-01,4.800973888246691801e-01,9.075381536486635259e-01,3.047246011982082670e-01,9.881172191571818697e-01,7.007847789166435915e-01,8.098733105168138824e-01,9.861597774168848751e-01,4.864668376086995205e-01,5.113382465723564918e-01,6.899749183319414669e-01,7.362616990602334210e-01,9.588067849702073264e-01,5.083774669619317566e-01,3.534853347431696213e-01,2.544668333535023974e-01,6.099090160558390261e-01,9.753023462071676031e-01,7.144774044587229866e-01,7.072216802130735225e-01,2.524628731853524322e-01,9.108176502350585624e-01,7.412306552256542336e-01,9.988161202210953382e-01,3.486244786121437400e-01,1.938306258958651385e-01
