0.000000000000000000e+00,6.069325671989341808e-01,8.725680952827359338e-01,5.969517870435467888e-01,9.895006540222618385e-01,6.191331705634959270e-01,8.728059132043410884e-01,7.841422260700805502e-01,7.227073239353227763e-01,8.714319733365106790e-01,9.214519134527796584e-01,8.581379986457617903e-01,6.849955865745476213e-01,7.223282748502595219e-01,9.692176920202885126e-01,4.903199377908081802e-01,8.023377317874893500e-01,6.602163655257118346e-01,7.180026737275364557e-01,9.659891688669302034e-01,5.318551303468497249e-01,7.238221417522958667e-01,2.860018306248817213e-02,9.759468815582024170e-01,7.629354469968363528e-01,8.424048667038721572e-01,9.267662521466378811e-01,8.668057520588920983e-01,5.604149117439936045e-01,6.847836422496289543e-01,1.985073661422772084e-01,9.502679916436490570e-01,9.076053958879894967e-01,8.937024695271276187e-01,6.480711148528353061e-01,3.384723294387220749e-01,2.957130877544773551e-01,8.750820356836692682e-01,4.567773905589489480e-01,8.307787811766368380e-01,2.817773313413801106e-01,7.289127292082823173e-01,5.802349008905672845e-01,3.507703643431328566e-01,8.791970872666867720e-01,6.500559037171420584e-01,8.528811314502700025e-01,4.524092431022415650e-01,4.320762901973633774e-01,9.789331758772490399e-01,8.477019592859156294e-01,8.917151839757457843e-01,7.065011265675323893e-01,9.875697287157080284e-01,5.312684443380866206e-01,8.195897573482058274e-01,9.925598113220635010e-01,8.044769987228351793e-01,9.871355219781906554e-01,7.135041107202997335e-01,7.722458720286029532e-01,1.820975447678915837e-01,7.306558447425632874e-01,8.289927757214533566e-01,8.523739023396224024e-01,8.566774702760919791e-01,8.501839107248509997e-01,7.518100531202689396e-01,7.840851342219651299e-01,6.436624699415438577e-01,9.196608150548489791e-01,8.433373762792651940e-01,7.683456445175443905e-01,5.909169540663068432e-01,5.970742119943874826e-01,7.424941448985580283e-01,6.860663078902327905e-02,8.860050612770130618e-01,-3.423709092739482540e-01,4.208294633110167271e-01,9.510356091219619445e-01,9.880509516520787905e-01,7.792498905168555590e-01,1.265623517328684222e-01,8.985284569076162908e-01
6.069325671989341808e-01,0.000000000000000000e+00,8.595070345956175029e-01,9.363321226319802904e-01,7.419507656799737561e-01,3.747751523606561719e-01,9.049990991792139505e-01,7.610592967093525729e-01,5.462954250366746090e-01,6.358414191274922578e-01,9.657989869742995559e-01,7.826221845126259957e-01,8.643561979928588990e-01,4.080376259961924212e-01,2.845808704411419421e-01,5.751928231062766184e-01,5.048863012647909487e-01,8.284471921790520499e-01,8.476604088267024606e-01,6.823853075982057037e-01,9.826284540296041925e-01,3.446804291658150943e-01,9.532596279429911279e-01,7.822571213020893532e-01,5.466028919255928598e-01,6.856934753720224096e-01,7.026912067763847469e-01,8.914296904999141624e-01,1.033484819952284195e-01,1.843961363983099774e-02,3.969683145519200540e-01,4.791810302947692168e-01,7.718719555560179524e-01,7.053381900259536597e-01,6.042926146406042420e-01,7.862162125939672341e-01,2.168959485223563299e-01,6.028733314895060591e-01,4.007207102676955679e-01,5.210006305609585775e-01,4.255512788483536424e-01,7.502410460930819536e-01,7.772500517402175513e-01,5.435369628282896715e-01,6.940043658782847347e-01,7.122032087580232318e-01,8.868426425797580892e-01,6.641569831155066383e-01,9.311411983961137562e-01,9.944207886838474231e-01,7.632058424562895294e-01,5.703730627983686352e-01,7.865709645158414087e-01,4.945263961241405659e-01,4.553137485910085935e-01,2.804054577501581269e-01,3.377461874667795350e-01,6.213376491108585364e-01,7.502681437795201136e-01,2.222505063359359323e-01,2.884756309713499833e-01,6.277253991874339745e-01,8.584305694746986459e-01,9.215089866568223487e-01,9.715544975439611708e-01,6.543508985411506940e-01,7.134133910122604227e-01,9.426257483938896842e-01,-1.576267449252755082e-01,6.472495524629557906e-01,8.924917928023762270e-01,6.104007734553176245e-01,6.962285442030066163e-01,5.377720240506870253e-01,4.561022188489753382e-01,3.316960692599588700e-01,7.899575294598254471e-01,1.434427724119507752e-01,4.860215157445520462e-01,3.831327528058451337e-01,3.003352750009169458e-01,9.803604173024034196e-01,6.753062212608049730e-01,5.956459582927091656e-01,6.478241333759180431e-01
8.725680952827359338e-01,8.595070345956175029e-01,0.000000000000000000e+00,3.634008076398503317e-01,6.748317329669585307e-01,9.987365991281901278e-01,8.861459848307092768e-01,7.955316086344887960e-01,8.850663274251852064e-01,8.042311306160518924e-01,4.472128706675667087e-01,9.795844910091684454e-01,6.743127606582063338e-01,9.863460829568141408e-01,6.235420386714299879e-01,9.752502740234751943e-01,9.616298866804796619e-01,8.029092471994395686e-01,7.811515747219479611e-01,9.310168880512013079e-01,9.720288959318739153e-01,8.980422558757178431e-01,4.426098699349466092e-01,6.941974068041363299e-01,6.569613418562334495e-01,7.115668099668817081e-01,6.597513323934502960e-01,9.343951859216995670e-01,1.617578914898911910e-02,5.755601211571961251e-01,2.677861044246530042e-01,2.079654811132604086e-01,8.729285231261315614e-01,5.251827655873864131e-01,7.617314816459326288e-01,3.232247063482415195e-01,1.825206917171666721e-01,8.880538097465277003e-01,6.762424987952174726e-01,8.139386291207506563e-01,7.184657744412190628e-01,8.262125000277664721e-01,9.228641761363105545e-01,7.499162471307708744e-01,8.178715733105733632e-01,8.503162221556062050e-01,8.396985324843808662e-01,9.726697324595865446e-01,4.124850336390221139e-01,9.938045784797763238e-01,8.226650017989335373e-01,4.215003031604399597e-01,5.310661527161477657e-01,6.517897069168059332e-01,4.572394687285966097e-01,6.650748026118538103e-01,4.699316415307115413e-01,8.586660287169948225e-01,9.708590482565375712e-01,7.389488963759202056e-01,2.859268627054361023e-01,3.103795441308724312e-01,9.133246271461116228e-01,6.125395019958029819e-01,9.286103276437940313e-01,9.433085714263770294e-01,8.884310069464346205e-01,8.924798077871941571e-01,9.856065185232351089e-01,9.180402527510800326e-01,9.996929566681559409e-01,9.445880597141971258e-01,2.265943625826931651e-01,6.810246695622426127e-01,5.763030239722056747e-01,8.359486066466615961e-01,6.121374268128672025e-01,9.323044812179311913e-01,7.052028224475650475e-01,7.754843898575487504e-01,8.112658623052270146e-01,9.779377271447265985e-01,7.921433569944406061e-01,6.347198242473943708e-01,9.114414997146764730e-01
5.969517870435467888e-01,9.363321226319802904e-01,3.634008076398503317e-01,0.000000000000000000e+00,9.957420116882648164e-01,6.068735329679720847e-01,6.983834378698784429e-01,6.359301578800973243e-01,6.974150283461215682e-01,4.366960259248053866e-01,6.661510293381149861e-01,9.710348369798252888e-01,9.792890869686121658e-01,4.380857078492345069e-01,8.700140719200670780e-01,9.876642433106923580e-01,8.436336353488722573e-01,7.110517333972449228e-01,9.637832334013672897e-01,7.783662698658720958e-01,8.225421014091169880e-01,5.930387712143481149e-01,9.901730927561276374e-01,8.739674061985915898e-01,4.362417152043630009e-01,4.009307978490679325e-01,6.413659525490645885e-01,8.030510736120278770e-01,3.855466404899954291e-01,7.850393545127839490e-01,5.072794001568176059e-01,4.800337941627891292e-01,4.789428506333563984e-01,7.805771884536613081e-01,7.393656090712932283e-01,5.081237407303692555e-01,2.802215418082886766e-01,4.720240044772140431e-01,7.226653265643026014e-01,9.046319568972673864e-01,4.856307499131570227e-01,9.576891641198050920e-01,9.673447970585907774e-01,7.743578264926759269e-01,8.987205673164768704e-01,7.147061673132372173e-01,8.246974955063153256e-01,2.198767433701845075e-01,9.847837854371866984e-01,5.006464618836040659e-01,6.499664064962332732e-01,7.476614732994510959e-01,9.287173596655383667e-01,6.187927010093287050e-01,8.306313613699378706e-01,3.056840759623564718e-01,7.979325134286946453e-01,8.744116482930215373e-01,8.003744480256655969e-01,4.360170110677945576e-01,5.361819156189930879e-01,5.755103484800340174e-01,8.205771077755290577e-01,7.725406132697436590e-01,9.020870937918321619e-01,8.770054008627109488e-01,4.217519879826491791e-01,8.595833914991843905e-01,5.763754948075066054e-01,6.083361916910040579e-01,3.560132390026449212e-02,7.667937022096233957e-01,5.640771984239956183e-01,-1.124242493773175422e-02,6.552681193692672101e-01,9.271783568812905774e-01,9.555526242608186616e-01,7.521792116645942272e-01,7.084393423087755881e-01,-5.234767393596909124e-02,8.573802084989992078e-01,7.863626004524875146e-01,6.266763601278313445e-01,6.247014599223388309e-01,7.214222590965754245e-01
9.895006540222618385e-01,7.419507656799737561e-01,6.748317329669585307e-01,9.957420116882648164e-01,0.000000000000000000e+00,6.386567247174684825e-01,4.575117359021707020e-01,6.487766066047040425e-01,4.710702046750921967e-01,9.466305909347736414e-01,5.597844696045481960e-01,8.791856850549089053e-01,8.444498976626029219e-01,1.191182717234789135e-01,6.998391157931246331e-01,4.588277105375242471e-01,8.786498910661878492e-01,8.351020334610708140e-01,6.774382281957431751e-01,3.454462630203607443e-01,7.447316139183808303e-01,4.638648597474040458e-01,8.248278239770971965e-01,6.504997662853315710e-01,4.062478568459617079e-01,9.045613878597018598e-01,4.129433111071978413e-01,7.310848711915503007e-01,4.591232936245014384e-01,5.119747026346196384e-01,5.287780134219980388e-01,6.015206125379685131e-01,3.142092751286155172e-01,6.779067993775856893e-01,6.563814120474950053e-01,2.831236137926120278e-01,2.858444275199547580e-01,6.153500676468870445e-01,9.188482766890611053e-01,8.716199580423475979e-01,4.110813890019748840e-02,9.284294652152380589e-01,4.892071722381832743e-01,2.032604372645133162e-01,8.533444513986999658e-01,6.109605875701000777e-01,3.111887645184872042e-01,2.284379976370858878e-01,6.916577631930255210e-01,5.291963315941981133e-02,7.034747999367974014e-01,7.441785944958015930e-01,4.545741843465956333e-01,6.370816866975441695e-01,6.205431652515196461e-01,8.053333553461067273e-01,8.638386707222903693e-01,7.292577996073300595e-01,6.578391858344122545e-01,7.357945589985011026e-01,5.188678986773072044e-01,7.970621598672679164e-01,4.176401934668756977e-01,8.200514226860702305e-01,8.426911453998289225e-01,8.409128922356879920e-01,6.070022084627989534e-01,7.878998064593034645e-01,6.984215622047791339e-01,6.913843611581015347e-01,8.221121034729673704e-01,3.086326342350394214e-02,7.435159623731822653e-02,7.329819352611408600e-01,3.062656911296000595e-01,5.563109225190715490e-01,7.292333488580681200e-01,6.059919990696972514e-01,6.740248951574794034e-02,5.379697528386914174e-01,2.660673741248575364e-01,9.960370577837102113e-01,5.584076545476720499e-01,2.642899130318044909e-01,7.786722915529896705e-01
6.191331705634959270e-01,3.747751523606561719e-01,9.987365991281901278e-01,6.068735329679720847e-01,6.386567247174684825e-01,0.000000000000000000e+00,5.531443120283172782e-02,5.018861247593418007e-01,6.629065439720174258e-01,8.707566292755701820e-01,8.685974731046650632e-01,4.034673904235577258e-01,5.743657184512315217e-01,7.244883024546258099e-01,8.008832377505734623e-01,7.048446360477541583e-01,6.096538178801782504e-01,8.495608239483951607e-01,8.668696519434708758e-01,4.764893328669912442e-01,9.822107487029392292e-01,4.891692198145832782e-01,4.603163833674425165e-01,9.193445501205392834e-01,4.962717533072776854e-01,5.764273549432964439e-01,8.158815811940544060e-01,7.367198343721798048e-01,2.020841572799701030e-02,2.710963526456294237e-01,3.381881724885945628e-01,4.040566550340792262e-01,8.588141028479562289e-01,6.197546986462314500e-01,8.476809666971583113e-01,7.582131979825038615e-01,5.987851618399075981e-01,4.956236622392712343e-01,9.774881000816252330e-01,5.327008691824604014e-01,5.575247272437173773e-01,4.027612270905117087e-01,9.180647216910694519e-01,9.794304738264498766e-01,7.179531011001117902e-01,9.877127166665571334e-01,8.482758098042411099e-01,9.227243791387719218e-01,8.094722474547291768e-02,6.468113077756136864e-01,7.821974642508631170e-01,-1.846217023561967652e-01,8.773967978148942137e-01,7.734855354719671894e-01,7.229552529107879932e-01,1.027795242073784865e-01,8.146837993460925853e-01,9.166598618974630686e-01,7.403511976780903225e-01,7.110301054073433491e-01,3.027966027445698205e-01,6.937417352620323108e-01,7.605696153700964857e-01,-6.761583074068849841e-02,1.397720742083427836e-01,6.744299691816830755e-01,8.945233123753497662e-01,9.219178331248100156e-01,9.807594541052097048e-01,7.135756165911535387e-01,8.607522618216217891e-01,3.495591598882274997e-01,7.700311034228694007e-01,5.437095750209147704e-01,7.632033505476137902e-01,6.825373440387981772e-01,5.897315786002548244e-01,6.412221629256746880e-01,3.820462150395784739e-01,2.752317165351977346e-01,5.729841647544792194e-01,6.859823489358440884e-01,9.220120751256528635e-01,4.071397243271027144e-01,6.400914563643673727e-01
8.728059132043410884e-01,9.049990991792139505e-01,8.861459848307092768e-01,6.983834378698784429e-01,4.575117359021707020e-01,5.531443120283172782e-02,0.000000000000000000e+00,9.983030318718162377e-01,7.184264686277915812e-01,7.732263662588990671e-01,5.460094458080710922e-01,5.330109519692888265e-01,2.200718417255932979e-01,8.709881561190181420e-01,7.770206909926926642e-01,2.585119630676284697e-01,8.750497048044290072e-01,7.614935769456226966e-01,7.730506007060815588e-01,9.098322601631025908e-01,9.060229158690451534e-01,5.304818450263604213e-01,9.412926781526619324e-01,8.944736541046190981e-01,6.690062077162479692e-01,6.307145640161153644e-01,7.573314054198833079e-01,6.826393025950167059e-01,5.894748953628246024e-01,5.770805609479358056e-01,5.632243587220993053e-01,6.864929316738199727e-01,7.307751814969436488e-01,3.985521810644609975e-01,5.173380175945984094e-01,2.115352510976518663e-01,4.764641849488203129e-01,6.532202704392877646e-01,4.145267587964118761e-01,4.555893265981705853e-01,6.255020262738523185e-01,6.412469732331016470e-01,8.663828526185980428e-01,4.817384139566474599e-01,7.251458215174895194e-01,8.872904356623246835e-01,9.338520255271768322e-01,6.001917054476921809e-01,6.959155691401900379e-01,4.084592318370092179e-01,2.115018602779519807e-01,6.363745337663176960e-01,4.854090931123705710e-01,3.513839711499945340e-01,8.131219493301455881e-01,8.900849524682582503e-01,6.723236104385718059e-01,8.372685538039852382e-01,5.141691384350582927e-01,3.600724903581480896e-01,7.045030250748238743e-01,1.187235830573509371e-01,2.909340433454377095e-01,9.725439052937425721e-01,7.689729335223890461e-01,3.980915639363877268e-01,6.681554248414962593e-01,7.010596317741799588e-01,7.343505425553770172e-01,8.355509447804569945e-01,4.455706158289260421e-01,2.217032782935010604e-01,6.621864223152308382e-01,4.904477743742301499e-01,2.052978606110197890e-01,2.503520734341598830e-01,6.710511974672130897e-01,6.565879958512662595e-01,4.208122558340355868e-01,5.920888501911236723e-01,6.314776929273838713e-01,7.387319756077433963e-01,2.600256986925317260e-01,7.346046026559329700e-01,2.329226625500240566e-01
7.841422260700805502e-01,7.610592967093525729e-01,7.955316086344887960e-01,6.359301578800973243e-01,6.487766066047040425e-01,5.018861247593418007e-01,9.983030318718162377e-01,0.000000000000000000e+00,6.098399675397023767e-01,7.495429392780305067e-01,4.970805592826603725e-01,7.580361630571675891e-01,6.993919383066801165e-01,4.857029951065844897e-01,6.212306168982422161e-01,7.043217508123460480e-01,2.825539981386236965e-01,7.205154191444436140e-01,5.284495695133916149e-01,-1.212995334677831882e-01,9.123377847494055226e-01,6.919920429231881664e-01,2.606663644213065567e-02,9.915174607233873116e-01,1.130459557256018599e-01,2.818124298389885762e-01,2.401583162779461211e-01,2.151845611848566542e-01,2.737611468969479711e-01,5.130332415664328183e-01,5.153721374794059118e-01,1.803143256822662688e-01,8.203785925983738681e-01,7.821769504733073752e-01,5.833868732808729085e-01,1.715436137685589502e-01,4.562825908639392414e-01,4.515691045067792286e-01,8.228010518103584525e-01,5.683903075717170461e-01,4.072375633345206580e-01,7.964549154716642487e-01,8.330099098010762537e-01,4.271940209962024615e-01,6.038260362771654677e-01,7.482855301981181650e-01,6.389458710777202732e-01,5.208281519808692916e-01,5.622118459135372337e-02,5.824736775503593922e-01,6.161557327612554591e-01,6.886856314112580479e-01,7.923070473412401338e-01,6.463104364940885915e-01,6.201442525297228281e-01,8.003432003833164110e-01,4.970556349314770861e-01,4.334487432052880340e-01,8.066486825562806384e-01,4.321570104670935386e-01,4.003840934764892889e-01,4.357891452682060573e-01,3.696482137320895589e-01,8.764284740976007182e-01,7.331676125987799386e-01,6.031650171511057090e-01,5.645632564270233189e-01,2.362769765348305406e-01,4.368180895917849749e-01,4.639835116034755069e-01,3.112237666913444389e-01,6.656590606790060427e-01,9.437043535758584678e-01,3.838021526052346477e-01,7.015798628916110058e-01,2.789278761002422780e-01,6.669857988600934595e-01,2.945712036945003116e-03,6.501631051239391557e-01,5.835549408080967781e-01,7.223511507555500089e-01,7.426606798841696166e-01,8.860328243865632780e-01,6.922839589614698808e-01,6.100496910210113644e-01
7.227073239353227763e-01,5.462954250366746090e-01,8.850663274251852064e-01,6.974150283461215682e-01,4.710702046750921967e-01,6.629065439720174258e-01,7.184264686277915812e-01,6.098399675397023767e-01,0.000000000000000000e+00,6.709204262210677339e-01,4.068680588954634025e-01,6.139377347606138624e-01,7.605822812707758729e-01,4.461903821112691015e-01,5.423009753009193634e-01,8.549045847946478149e-01,7.214030235566153415e-01,7.527124630904171720e-01,2.212998881686664143e-01,9.215793465547216998e-03,9.231339771904703007e-01,2.367663685110113769e-01,9.581056403348071626e-01,8.436852327078390168e-01,2.933413383402221908e-01,5.901985501587230232e-01,4.420586333828422920e-01,5.507466849366834394e-01,7.378736057964974115e-01,7.154204089294992075e-01,5.147932789812302845e-01,4.363301964845173742e-01,4.996985957239794551e-01,5.296231027080321452e-01,8.292371370858387936e-01,4.782555989387540230e-01,2.846304570162830894e-01,6.542652816201522947e-01,8.560256131075066888e-01,7.383499715635091221e-01,2.249045217308555944e-01,4.189863783096153260e-01,6.497304467565676589e-01,7.977529874231978901e-01,9.035730290053523017e-01,5.714624009730404630e-01,2.130594057916671558e-01,5.776516387920413997e-01,7.039399977932295771e-01,4.314132833376606024e-01,3.514861513388728986e-01,9.040454019525884233e-01,8.014777379660875667e-01,7.435378215525632051e-01,9.712278333440527156e-01,9.586376752327612216e-01,9.687218184623198614e-01,9.694899429972707594e-01,4.682666130687833106e-01,8.531511733145324961e-01,4.714442406981019795e-01,9.326255052705861859e-01,7.829505306962606381e-01,8.831928967273533493e-01,8.016682143047275666e-01,5.504324497139888583e-01,7.377562832299788820e-01,8.095880173258829249e-01,7.017251947952118929e-01,8.382178210114951122e-01,8.600378530406352917e-01,8.390661265320037421e-01,2.156950978117573858e-01,7.631337478899465898e-01,7.113854865991953158e-01,5.545807258201612688e-01,6.282634692766360107e-01,7.899706167772091447e-01,4.577743564040714364e-01,5.588702166334247323e-01,7.395356795336960332e-01,8.793302766947546090e-01,2.828517783423996068e-01,2.129012613497228978e-01,8.844520911082309755e-01
8.714319733365106790e-01,6.358414191274922578e-01,8.042311306160518924e-01,4.366960259248053866e-01,9.466305909347736414e-01,8.707566292755701820e-01,7.732263662588990671e-01,7.495429392780305067e-01,6.709204262210677339e-01,0.000000000000000000e+00,9.326670635999767534e-01,4.448079520960372402e-01,6.762515896465615128e-01,9.565291906259519861e-01,5.811418216328708697e-01,6.907309131428669424e-01,4.985246630034108617e-01,7.675562802599492640e-01,7.541098738670866108e-01,8.504071051188004660e-01,7.325768842694383443e-01,3.810306351615279086e-01,6.553453826055007925e-01,9.047983492992259791e-01,-1.776299323223235471e-01,6.919249621273818596e-01,6.189516373290556706e-01,7.905934177798548124e-01,6.382411365668947401e-01,5.432437318240723734e-01,-1.348285687652648890e-01,2.291010175455746312e-01,6.373517965638937355e-01,8.412070731887224539e-01,2.734314690683574134e-01,5.085166659427103886e-01,4.184839623696426925e-01,6.869880174696588737e-01,7.787875110337771911e-01,6.962134616133907050e-01,5.430983885350364471e-01,7.316752057053387270e-01,7.870014389124760923e-01,7.059027427051387527e-01,8.550508474979925388e-01,7.153860487540044666e-01,8.236532398046939596e-01,9.316620234340801110e-01,4.060411204497815785e-01,5.862786530998161938e-01,5.392345456117635383e-01,9.050068068881620409e-01,4.188010419494082592e-01,6.933734581657341467e-01,9.727548078529121289e-01,6.036728479661499502e-01,4.171110669132165327e-01,8.269098091855193733e-01,7.747434470820245833e-01,4.545483930171490550e-01,7.828428024117710660e-01,6.945794095353915454e-01,8.006443325671500633e-01,8.147988508035978183e-01,8.042424618052068652e-01,7.114588655384453952e-01,7.717431873031530554e-01,8.121306496655874563e-01,7.043459207970258484e-01,5.489360338869228029e-01,8.937951086076666440e-01,4.445976839325854746e-01,4.878306261645227182e-01,1.754434236696280069e-01,5.090063586836282017e-01,2.410273188452423110e-01,9.052791021263794091e-01,3.408506156097830253e-01,2.064809570694241606e-02,3.696915771805027173e-01,4.396314229072678659e-01,8.214825531178381324e-01,6.633262737140831478e-01,4.964794306280438385e-01,6.693402234556294905e-01
9.214519134527796584e-01,9.657989869742995559e-01,4.472128706675667087e-01,6.661510293381149861e-01,5.597844696045481960e-01,8.685974731046650632e-01,5.460094458080710922e-01,4.970805592826603725e-01,4.068680588954634025e-01,9.326670635999767534e-01,0.000000000000000000e+00,8.619972897088203911e-01,4.069238949677413397e-01,6.332140919417135194e-01,8.344244217465506264e-01,5.221859810830556947e-01,4.566036785317121871e-01,8.897921188016386651e-01,8.839863600995301329e-01,9.120052168108425672e-01,8.292597064512686744e-01,5.667890444351151302e-01,7.863907361696802489e-01,9.071822517060474933e-01,6.243692023648952372e-01,7.012649694190555838e-01,7.106414058897639885e-01,5.802348269659931557e-01,1.040350969261621128e-01,1.783121306785553639e-01,4.082276103724390426e-01,4.140724434898841455e-01,9.087225360294233223e-01,7.296206105864724289e-01,8.148504103125073783e-01,4.742869664758094794e-01,2.141263175951442777e-01,8.402246198187299786e-01,2.465829681034971965e-01,6.175501209789432400e-01,2.300218018064559000e-01,8.379060366326480658e-01,5.770254810804129608e-01,6.499566232847048264e-01,6.892147227779737984e-01,6.469157462517741708e-01,6.145371438471002312e-01,8.648296655948258804e-01,6.810760275682755660e-01,7.271183543477152122e-01,3.470177304332614510e-01,9.500395211602588041e-01,6.126318533280511458e-01,9.952299145462363272e-01,7.403459897871805806e-01,9.039131553777766115e-01,4.636247106303446608e-01,3.212586745502885588e-01,7.822827079785127369e-01,4.276470438632831161e-01,-1.740195276034832983e-01,4.217744793327805608e-01,8.290810039916075569e-01,8.995563113105079500e-01,6.940282683944560826e-01,7.457341824013985487e-01,8.125232568589740856e-01,7.903810763796332850e-01,8.644299831898296649e-01,9.581710934765295118e-01,6.961791709396917271e-01,7.191547121401200560e-01,1.285786680848663710e-01,5.478791294855125393e-01,4.769987553819992621e-01,2.908187990280879931e-01,1.935512686539009874e-01,6.942089369243694685e-01,7.400509439119052901e-01,2.676634572643005194e-01,4.543550085000683247e-01,8.919248310091720811e-01,5.265507186699858178e-01,7.851215052119637772e-01,8.977135941190829138e-01
8.581379986457617903e-01,7.826221845126259957e-01,9.795844910091684454e-01,9.710348369798252888e-01,8.791856850549089053e-01,4.034673904235577258e-01,5.330109519692888265e-01,7.580361630571675891e-01,6.139377347606138624e-01,4.448079520960372402e-01,8.619972897088203911e-01,0.000000000000000000e+00,6.845402935795605881e-01,8.804291667446411118e-01,6.988754909917731517e-01,4.472056620054363774e-01,6.526253926032794805e-02,4.312234537800322398e-01,4.700994118992988247e-01,5.636021187553330591e-01,7.221103818445722133e-01,6.207015062450415011e-01,6.677093920171143226e-01,8.778864883402783814e-01,6.892856217723004608e-01,2.679529973484715555e-01,4.157746647775640292e-01,7.560857358066893630e-01,2.169788259366373095e-01,5.195020282779293508e-01,1.916655226062942974e-01,4.612141477206321283e-01,8.350427663200827855e-01,5.593125323019364492e-01,8.744852797429736313e-01,4.518940872311972279e-01,4.275852299667791678e-01,4.821263236901497384e-01,8.452995919695972526e-01,7.979179387548320790e-01,5.910309496378124416e-01,6.075014933545471729e-01,6.334840749525780801e-01,6.518890574927024284e-01,9.688763827865169986e-01,9.372199575289786866e-01,4.817878156335789197e-01,8.404522388985838921e-01,5.171589673987572189e-01,8.319552854797028774e-01,3.272300434130948621e-01,6.312068184663028880e-01,8.469571809555133113e-01,7.511273581585810044e-01,2.212978235205781130e-01,4.757497188697276114e-01,6.527340393148363118e-01,8.072251503609944034e-01,6.457617577579266577e-01,7.111286660989797337e-01,2.353566888286530712e-01,9.067785273453823347e-01,8.101779404750714120e-01,9.232094304229127024e-01,7.456541171787081090e-01,6.594371827794269780e-01,9.667580089919892705e-01,6.551786673100148395e-01,6.149826986272587392e-01,8.501608323305669401e-01,9.801769981139833998e-01,5.283313457345208963e-01,2.711292082473215070e-01,7.865313025773800204e-01,8.029084270812804069e-01,7.132470401225124990e-01,7.024329003373260827e-01,9.964978122210471634e-01,6.056419443020447657e-01,-2.536356573584419571e-03,7.147410092687632721e-01,6.463187055980552653e-01,6.471519519339364868e-01,3.843504595581385130e-01,3.836280283994248919e-01
6.849955865745476213e-01,8.643561979928588990e-01,6.743127606582063338e-01,9.792890869686121658e-01,8.444498976626029219e-01,5.743657184512315217e-01,2.200718417255932979e-01,6.993919383066801165e-01,7.605822812707758729e-01,6.762515896465615128e-01,4.069238949677413397e-01,6.845402935795605881e-01,0.000000000000000000e+00,2.454302245383948311e-01,6.332217527528162249e-01,7.485808254361518976e-01,6.032943061757253256e-01,5.650560421041279646e-01,8.672670404837856672e-01,6.506330383000448192e-01,8.985588671826395535e-01,9.880810518692999533e-01,8.733012147089540544e-01,8.686226631370371765e-01,6.646577287600512196e-02,5.702380471392450856e-01,8.216855984797368784e-01,1.382204767276145330e-01,9.930085432077346841e-01,2.445258903788491145e-01,3.946244462962586463e-01,3.662232835685690358e-01,7.465843731165543451e-01,1.601115981690217835e-02,8.421548023482379186e-01,5.096635262393867105e-01,4.246931146827523929e-01,9.926509414177944191e-01,8.940011934171470109e-01,9.590542154347159176e-01,9.498152841145915404e-02,8.161690311389649954e-01,5.652626904201365488e-01,9.662753460076987100e-01,8.451384765688836342e-01,6.382606125522971574e-01,5.681916064772348784e-01,6.016987126545888520e-01,6.807827411551623520e-01,4.003539583045364614e-01,9.879711933353338971e-01,9.527270694879703683e-01,9.865914374644804141e-01,7.908257482568862295e-01,4.653903487241455861e-01,5.419295093230143134e-01,8.015304058987442470e-01,9.170476702849814643e-01,6.588527132135568731e-01,6.154341201113896487e-01,2.488853913440364773e-01,7.739886380579984460e-01,4.406026936086300250e-01,9.876460990893561886e-01,3.936241536267159336e-01,4.154600573207460901e-01,4.670435850619740759e-01,9.218641283041553169e-01,6.179050544598247985e-01,8.570929389329511316e-01,6.318258304799508895e-01,4.407291807490604785e-01,6.213156132037875867e-01,2.423710417751134827e-01,4.072859223392946149e-01,6.845196780619121624e-01,9.874236578605378734e-01,9.702805504414138138e-01,7.671052916536268140e-02,2.232881344831114390e-01,4.518114214938193651e-01,6.214452295088227496e-01,7.050269642703560491e-01,6.911921344225635533e-01,6.073231518483102054e-01
7.223282748502595219e-01,4.080376259961924212e-01,9.863460829568141408e-01,4.380857078492345069e-01,1.191182717234789135e-01,7.244883024546258099e-01,8.709881561190181420e-01,4.857029951065844897e-01,4.461903821112691015e-01,9.565291906259519861e-01,6.332140919417135194e-01,8.804291667446411118e-01,2.454302245383948311e-01,0.000000000000000000e+00,6.594293092374973186e-01,9.462505359317998632e-01,3.685245939056965847e-01,6.134485955750935693e-01,2.668463443432098625e-01,3.450806087984863435e-01,6.574749722252282158e-01,6.566149553462803379e-01,8.749717492432839139e-01,8.066951845129597398e-01,7.082190137612185410e-01,9.857919311759124614e-01,6.982501139651761113e-01,6.384947857985686648e-01,7.766986929393994155e-01,4.323795514956036423e-01,7.460812457172133483e-01,7.774393243196497938e-01,8.260598783164305736e-01,7.724826859351447972e-01,7.731527978457769512e-01,5.730622855761677847e-01,7.562408827516857723e-01,4.703786988882586173e-01,7.792630837217324746e-01,5.673439943545048880e-01,2.869419167798097359e-01,6.341047946814221126e-01,8.480658883457813380e-01,3.981186323787251347e-01,4.491221504570990231e-01,8.527616087286032931e-01,9.518998638497238041e-01,8.306786016096318059e-01,1.740159771299857328e-01,8.963643654644470882e-01,7.295418305050677121e-01,6.634150389205129006e-01,6.250592422148866234e-01,8.103889181601237057e-01,8.450950192472571620e-01,1.197275942616497640e-01,8.115234461620903783e-01,7.442738591697340977e-01,9.706868996001085659e-01,3.149706444796142035e-01,4.793324432399582724e-01,6.379347150369099051e-01,9.404604090704316022e-01,7.496482978474301451e-01,9.368293953280716346e-01,9.042152207638560757e-01,5.426536932077153930e-01,7.354478860489646053e-01,7.792794769915192266e-01,6.922867243592585318e-01,7.828741525139157886e-01,6.463952162913675359e-01,1.612468609140133846e-01,4.405520854989464774e-01,4.458820337122226807e-01,5.475009738860278086e-01,8.462974742154885099e-01,5.447929935793640599e-01,5.327563000926072156e-01,3.368042929335779423e-01,6.981601927754776948e-01,7.162878914451588086e-01,6.630126607685019602e-01,4.579510986924137383e-01,5.219805303494836624e-01
9.692176920202885126e-01,2.845808704411419421e-01,6.235420386714299879e-01,8.700140719200670780e-01,6.998391157931246331e-01,8.008832377505734623e-01,7.770206909926926642e-01,6.212306168982422161e-01,5.423009753009193634e-01,5.811418216328708697e-01,8.344244217465506264e-01,6.988754909917731517e-01,6.332217527528162249e-01,6.594293092374973186e-01,0.000000000000000000e+00,6.599699501902502874e-01,6.421483189147132453e-01,4.608671188822804909e-01,7.559446457868892466e-01,6.603672345807098942e-01,7.586308695305903349e-01,6.472277299816960872e-01,8.169063330536781020e-01,3.355706824114246256e-01,7.918304090654626481e-01,4.147602558329679390e-01,9.973936130591603000e-01,9.883219223138970388e-01,4.423704019614132510e-01,4.733044030699103955e-01,5.662517968522183809e-01,6.470875719970213824e-01,7.547164172537090820e-01,8.819572950721277227e-01,7.456852967507611174e-01,5.605989539979277375e-02,3.634628525671462773e-01,7.025021784951986925e-01,9.968732678316775120e-01,7.944000173623658734e-01,6.249250989565199310e-01,6.021389237250974746e-01,9.337810432329420873e-01,9.738737674924081711e-01,7.359102008558027208e-01,7.771455492272799637e-01,2.192748998102243829e-01,6.533737615082408912e-01,2.759140387038890863e-01,5.607185843909274769e-01,7.362954204064307007e-01,8.024656753868228964e-01,6.689273036908484071e-01,9.631085333103878154e-01,8.554885796922322427e-01,4.051994497269336137e-01,6.897380602708536035e-01,7.957573053163871091e-01,8.795270879616711168e-01,7.685203632701121945e-01,3.339665991866570538e-01,6.729021402428030374e-01,2.010366838163104020e-01,6.794493168375254077e-01,9.146452353670672109e-01,7.391041820535682039e-01,7.828405909491287229e-01,5.337389337086312358e-01,4.204342719398675987e-01,8.489635907878816390e-01,8.993835297024769249e-01,5.692410748016497601e-01,6.515282549146230728e-01,2.400463137266708458e-01,6.746788365607541138e-01,9.152161665460358808e-01,6.789896625424252097e-01,7.847361130197979540e-01,4.992473998292396020e-01,6.198781398433534928e-01,4.192774094434006393e-01,8.950462900228655094e-01,7.686886105898481647e-01,4.594943448772488281e-01,6.018528095962997204e-01
4.903199377908081802e-01,5.751928231062766184e-01,9.752502740234751943e-01,9.876642433106923580e-01,4.588277105375242471e-01,7.048446360477541583e-01,2.585119630676284697e-01,7.043217508123460480e-01,8.549045847946478149e-01,6.907309131428669424e-01,5.221859810830556947e-01,4.472056620054363774e-01,7.485808254361518976e-01,9.462505359317998632e-01,6.599699501902502874e-01,0.000000000000000000e+00,7.761442501404596239e-01,8.542329676203481714e-01,6.177198605948727161e-01,8.403041398098654025e-01,9.882628783743050427e-01,6.142931410336422982e-01,4.028419535396872142e-01,7.072137315743577402e-01,8.789222606140976168e-01,3.298353177886867438e-01,6.483506652767885292e-01,6.415455978798819681e-01,1.588285576267656207e-01,3.128824832446369664e-01,3.916270493570926936e-01,5.586729758376195454e-01,6.655936295887453502e-01,9.224615799154787243e-01,8.754392756602931147e-01,6.557141954457483823e-01,3.396356836663275147e-01,7.533418688755961767e-01,4.915556798247736059e-01,8.526282832406011369e-01,4.884911259424340457e-02,7.441047298414189548e-01,8.568375367357629058e-01,3.987005147116463033e-01,1.479425981887523382e-02,8.056407058528987086e-01,2.483076916113815258e-01,6.116094346426341755e-01,3.028578385154313546e-01,6.265817912611577611e-01,6.666766211795652763e-01,8.276780893215032187e-01,5.141242439193489666e-01,8.327200591825265619e-01,7.058912152661492856e-01,9.728131278009131133e-01,4.886938279892321102e-01,5.313865425415446042e-01,7.921387409028404214e-01,4.241229093977515463e-01,3.013052974777681858e-01,2.916795638846282901e-01,7.479357516030483710e-01,8.085713115889282543e-01,9.282425354639869397e-01,5.475877915535767304e-01,6.492787944843161352e-01,6.761201117217063850e-01,7.953253866413572126e-01,1.883127674278624597e-01,5.869541973366001475e-01,5.831629407260248144e-01,4.461716713257612987e-01,5.041422455383582912e-01,2.673444081896929059e-01,7.009683279780318799e-01,9.014072847180741865e-01,6.135831901750317119e-01,3.950072172910885915e-02,4.412589897233417102e-01,1.604132259329479060e-01,8.763308566189750293e-01,5.017471370962613975e-01,1.933590047215886509e-01,5.457178205104504798e-01
8.023377317874893500e-01,5.048863012647909487e-01,9.616298866804796619e-01,8.436336353488722573e-01,8.786498910661878492e-01,6.096538178801782504e-01,8.750497048044290072e-01,2.825539981386236965e-01,7.214030235566153415e-01,4.985246630034108617e-01,4.566036785317121871e-01,6.526253926032794805e-02,6.032943061757253256e-01,3.685245939056965847e-01,6.421483189147132453e-01,7.761442501404596239e-01,0.000000000000000000e+00,8.123192771835257009e-01,9.248008089505616036e-01,9.121320272151840491e-01,5.395547834677717480e-01,8.876124304466908033e-01,9.910224046494091610e-01,8.069519061809231619e-01,5.812137820693531465e-01,9.596037098966117007e-01,8.950106531681614186e-01,3.269241162221804275e-01,4.416130284479783397e-01,7.498413429078754078e-01,3.229509196045187158e-01,4.412063259883638455e-01,6.938098757339522527e-01,7.102182321585690516e-01,7.039088347317571381e-01,-2.317325592819741154e-02,4.703844745399308191e-01,7.105067541882856830e-01,8.729702294701096044e-01,3.728926013825555330e-01,7.050573057659877962e-01,9.603917526742090649e-01,4.698868424622805740e-01,9.965211133426208345e-01,7.643024480068767446e-01,1.906975782017546750e-01,4.040901137537823429e-01,6.079682975525221300e-01,8.411888364495663239e-01,9.029244753506094900e-01,5.250662096582279226e-01,7.914191891074295881e-01,4.466963704680380065e-01,9.318009788617097611e-01,6.893124671184522878e-01,6.225772766788143509e-01,9.865523383297104543e-01,7.719248033317147595e-01,6.259797527855288646e-01,7.041280556136165769e-01,7.338023283548726905e-01,9.610101544780718097e-01,7.173551515740486106e-01,4.758246763433396365e-01,4.109155719373160931e-01,6.370093978491945252e-01,3.825148852627326956e-01,4.453109077931218795e-01,4.937817834742731504e-01,4.858339497396229612e-01,8.704398070797166875e-01,3.755861487922687036e-01,2.100449650184831041e-01,7.938381185345373403e-01,5.767433465726117259e-01,8.984691082781416371e-01,9.738833992044502175e-01,4.414223063424383975e-01,-1.653440761815676285e-01,6.801948689579662144e-01,8.962868960607737190e-01,6.309234085067974007e-01,9.008556885801393133e-01,6.089820513302537375e-01,5.137737028626488955e-01
6.602163655257118346e-01,8.284471921790520499e-01,8.029092471994395686e-01,7.110517333972449228e-01,8.351020334610708140e-01,8.495608239483951607e-01,7.614935769456226966e-01,7.205154191444436140e-01,7.527124630904171720e-01,7.675562802599492640e-01,8.897921188016386651e-01,4.312234537800322398e-01,5.650560421041279646e-01,6.134485955750935693e-01,4.608671188822804909e-01,8.542329676203481714e-01,8.123192771835257009e-01,0.000000000000000000e+00,7.567230422452936311e-01,8.975373829624433419e-01,8.169409934801475925e-01,5.030640454816924789e-01,9.406190763591009141e-01,7.736627906289147427e-01,7.529237594719525584e-01,5.751615927408307849e-01,8.107434710664487287e-01,7.121468316179595526e-01,7.283620208612274771e-01,2.176740266831108661e-01,6.898020865128173806e-02,3.217744428183227923e-01,8.711188704418572071e-01,9.735525856275739631e-01,4.778040672013889045e-01,5.624407436814021777e-01,3.366388897300945926e-01,8.509920809307096601e-01,8.826078118086385649e-01,9.498214295747634539e-01,3.281714992444036971e-01,9.749431377702775237e-01,8.052235584814563252e-01,6.181359479998543849e-01,2.335715591712068107e-01,7.347864338230531978e-01,8.983505113371161865e-01,9.294250297498849456e-01,7.305559788953042144e-01,4.733380135333747907e-01,7.555625276511584998e-01,7.840188998746522309e-01,8.456435361325167488e-01,9.325897641228300117e-01,6.592772880855141127e-01,8.817480801465679141e-01,4.228868382171582230e-01,6.507002070865995913e-01,7.124671695958859630e-01,5.878202761628185113e-01,4.351988594065532290e-01,6.780141346254475732e-01,7.862211442873301426e-01,8.166842407695736883e-01,6.950718486830914644e-01,8.916012952359597676e-01,7.805602400337947611e-01,7.888961923938484500e-01,1.126021161425462824e-01,4.966164434244411119e-01,6.664345105455821150e-01,6.623204042376572565e-01,2.977003633199630794e-01,4.234957844715409592e-01,6.377272010785932643e-01,6.661823148399549366e-01,6.300385124527708713e-01,2.212406172440746777e-01,5.276174711058978506e-01,5.527824853549856421e-01,5.996541712001992597e-01,5.085914040028329808e-01,9.367572017239531590e-01,7.897716749411162196e-01,2.468191117750773433e-01
