0.000000000000000000e+00,8.846140523569976377e-01,6.287886553081825092e-01,8.832873658383064708e-01,8.296598552669944837e-01,8.435249112406512095e-01,7.834544943394433636e-01,9.938308707797971486e-01,8.166487271552050897e-01,9.866240882717615124e-01,6.602687794789288134e-01,9.898822311600911084e-01,5.809362971261403663e-01,9.818647352668259387e-01,8.115772844501583094e-01,5.931166114256496424e-01,8.229658660147409766e-01,4.904563588173619926e-01,9.292070255797835188e-01,2.612362356465226521e-01,6.678643480838103441e-01,-7.197503505216121256e-02,8.172930550582269138e-01,9.545149419133044377e-01,8.324063413734815731e-01,6.008370593943033189e-01,7.666121793138807039e-01,9.880986036374841408e-01,6.080055961042832857e-01,2.857047039798839005e-01,2.771141897253294739e-01,6.687869235530862211e-01,8.646763587172595633e-01,7.857409993944970417e-01,9.896680247409137543e-01,2.922142585016004324e-01,1.340945592740545693e-02,9.236646946129998259e-01,7.273507828947167742e-01,9.270856069254940213e-01,8.783499020946485825e-01,8.799704855877079623e-01,6.058762381991386059e-01,6.683771802712228371e-01,9.204730448449800484e-01,9.754736883574649520e-01,8.836513739207717544e-01,7.152699367568514655e-01,6.512402847878507872e-01,8.585992062394782742e-01,4.993209607508593550e-01,9.140962363287281622e-01,9.726220665646730934e-01,5.386523648033541001e-01,9.762074726705630701e-01,8.653639109354678283e-01,5.601496181286315101e-01,6.731232344096792497e-01,8.878251572827269289e-01,4.009531538885696134e-01,9.220463190730465719e-02,8.986135886272126339e-01,9.151838349407436235e-01,9.906866627776546030e-01,8.937777809455282885e-01,8.396244429577860435e-01,7.779632623842236416e-01,9.650770882223247416e-01,5.316974587952897346e-01,9.980142991951805875e-01,8.974070639794581306e-01,6.135385742904290174e-01,6.506941169792301860e-01,7.710580180129478212e-01,4.967710890918968225e-01,6.943814271391659521e-01,8.497765063180583445e-01,8.365695727685733551e-01,-1.667334078446041090e-01,7.966332893591415720e-01,9.759428501186737659e-01,7.529868724565185190e-01,9.069152768417109156e-01,2.424258966959128847e-01,8.723718465153694757e-01
8.846140523569976377e-01,0.000000000000000000e+00,6.405033827879371700e-01,9.977765214529448201e-01,5.682012865422662040e-01,5.137366550885660299e-01,2.554076800710201045e-01,5.531094091838999471e-01,7.260019830286829068e-01,2.793114784733632949e-01,9.082047459061464156e-01,9.326974521149508091e-01,4.852962554083647406e-01,8.633305641858880497e-01,6.726411355874157838e-01,8.093747459802252964e-01,3.494205383149235900e-01,2.785839394634637700e-01,9.521818031650619574e-01,9.823478570280412825e-01,9.733179504552478267e-01,4.908319160116044189e-01,8.928763888360471412e-01,6.566469125076257463e-01,7.497037728192924577e-01,9.303503746708059463e-01,9.524181670611573391e-01,4.159261193514105504e-01,3.242078728729294590e-01,5.224478649534638475e-01,1.587788339306411833e-01,3.727999136281079373e-01,7.719704203545439958e-01,8.248317418172130822e-01,4.838152010922532886e-01,4.037570563692395864e-01,6.234633190602701935e-01,5.587854064637143292e-01,6.386237722881018541e-01,7.995945451738317722e-01,5.539331430491184483e-01,8.172500237426852943e-01,8.460319661856933182e-01,5.639958316272479788e-01,6.868898790734137005e-01,6.107715040703327603e-01,9.573301291553997228e-01,5.933392521591354107e-01,4.752796359566878737e-01,4.025625698914699346e-01,5.903708216093237482e-01,7.445963350352504673e-01,6.755659871877331968e-01,9.613160346578033533e-01,8.719850500422577921e-01,2.978518604075076626e-01,7.645150259575700380e-01,7.898219003256259363e-01,6.400419447462393219e-01,3.591731589225517496e-01,5.549622889702893191e-01,4.838599953771002826e-01,9.082211065226550861e-01,8.510030635811804967e-01,9.008432907996022365e-01,9.943873040822114318e-01,2.031770761380048973e-01,8.920867985199835148e-01,7.166380375763744537e-01,5.724456641466473261e-01,9.295839458195389593e-01,9.509486214639485402e-01,9.418656810471827123e-01,5.629333622999546094e-01,9.349928084703529318e-01,5.990350458687765389e-01,4.707787321880863574e-01,8.274593128011907828e-01,-9.688660006037264072e-02,5.991206915346366513e-01,9.877483820416654847e-01,6.331126554862319677e-01,7.881384805517587244e-01,5.793569639058229193e-01,4.023768237643881029e-01
6.287886553081825092e-01,6.405033827879371700e-01,0.000000000000000000e+00,8.194892865442457985e-01,9.755334200573274606e-01,6.304807929298842373e-01,9.546238450192862102e-01,8.528479362371553796e-01,4.103775560407637024e-01,9.903627455299428561e-01,9.733732843341702523e-01,6.965012100541925211e-01,2.879535936157130438e-01,9.014050998804461479e-01,4.359730451480925972e-01,6.156210021206002247e-01,8.848567922283543385e-01,6.613578410951302944e-01,5.900759096823631200e-01,6.752263569798515608e-01,9.435309868310708392e-01,8.266512178519537235e-01,8.536543289329188156e-01,9.198614908673851120e-01,9.200336943008249335e-01,8.343424497463257650e-01,9.506992697601863718e-01,8.619062608720671204e-01,5.628803282699503807e-01,8.312743702970994963e-01,4.024413277345633561e-02,7.081013330966344776e-01,9.195295138645583899e-01,8.548659593777796495e-01,9.800491356554015265e-01,4.467902291053576502e-01,4.488486730546211168e-01,9.144435992772518285e-01,9.983917636260000172e-01,8.970033089966956696e-01,4.475600356173578542e-01,8.426950210407567754e-01,9.823143611808757836e-01,8.869310444026247131e-01,8.967234822927352411e-01,7.929380663079409475e-01,5.851785232091548661e-01,9.926879932113609195e-01,6.761126639748176181e-01,7.324750529528516463e-01,8.504731439096273604e-01,4.466479694303641113e-01,8.583786948287837060e-01,7.762431266639131522e-01,9.441469121998298242e-01,8.135635340699433060e-01,6.047887754853622511e-01,2.185826399651045471e-01,6.895923066325745365e-01,2.726154902384450018e-01,7.771853718055709015e-01,8.708055310822842010e-01,8.008028754621719925e-01,8.379458050792385482e-01,8.043761139459927323e-01,9.349588783430258232e-01,2.798506020326099741e-01,9.619249378766809855e-01,7.016744233557533628e-01,6.949942103099705504e-01,8.480798348670323117e-01,9.765749356317298124e-01,7.639980064462882359e-01,2.342150557657718402e-02,9.076396856153305936e-01,6.502018914077198897e-01,9.526675361062799663e-01,8.040166074506757132e-01,2.626255261180179268e-01,3.087894502235049021e-01,8.933464414352346727e-01,6.205657818123579972e-01,9.364936909840729795e-01,5.440991344931915830e-01,4.553505906889983024e-01
8.832873658383064708e-01,9.977765214529448201e-01,8.194892865442457985e-01,0.000000000000000000e+00,5.186082174684362167e-01,3.587567002158110752e-01,4.051302628875813050e-01,6.389524158128474518e-01,6.772712703891444752e-01,5.432875374542369684e-01,9.881390640959142324e-01,5.414091680826078612e-01,2.173631539232165066e-01,9.687806149849251813e-01,6.082283867295339430e-01,6.515350116417922832e-01,7.942259244708009813e-01,5.672908097931045335e-01,1.051202706611324422e-01,9.379185551124743503e-01,9.402947224877782340e-01,7.649571478070337216e-01,5.070774938833504386e-01,8.736386678623832003e-01,3.182036422719548563e-01,8.892954231444551993e-01,7.488054369083293471e-01,7.693491953163864583e-01,7.332130928261398894e-01,1.791461612109462309e-01,-8.260330173705449086e-03,2.413965346654556310e-02,6.033091713155621649e-01,5.742150256194845648e-01,6.631151010268762080e-01,8.497965279630134150e-01,7.183889185862842863e-01,8.429187529307750060e-01,-1.519607311280175566e-01,7.883876889522682951e-01,7.099060489509320115e-01,4.274938952318815266e-01,8.402114831022536867e-01,5.168643919700555145e-01,5.644553686703994710e-01,8.347157848427807503e-01,7.408663143636139425e-01,6.091474471411588709e-01,6.222067592497266819e-01,9.733695999014768674e-01,9.094870000450528957e-01,8.770984133513179959e-01,8.108982875507604327e-01,6.407522488467655153e-01,8.501030776040983117e-01,1.300135357860767449e-01,6.577202650504129222e-01,6.454394806533084727e-01,9.652871160936833395e-01,1.855396488996021720e-01,4.635309099205041083e-01,7.935713299622830785e-01,6.351781429075082919e-01,8.401963164680975593e-01,5.603628274464999004e-01,7.189982931663131405e-01,4.683216743343958099e-01,8.770853199481430940e-01,8.615219382462304676e-01,8.145697601977488489e-01,6.102356969126357944e-01,9.533987908490801910e-01,4.945290564621591112e-01,2.400928379136580415e-01,7.584376576266556036e-01,8.876019529537988451e-01,9.896354025757119199e-01,9.120912471335891336e-01,2.089199660109441747e-01,4.823777295850564806e-01,5.713734180438252430e-01,9.641439870292478620e-01,4.207941447821135217e-01,2.206092602677617864e-01,6.544799624239860947e-01
8.296598552669944837e-01,5.682012865422662040e-01,9.755334200573274606e-01,5.186082174684362167e-01,0.000000000000000000e+00,8.496629259661923061e-01,5.110058712693684724e-01,7.554918815393815157e-01,3.661646719006446116e-01,9.312011036396748986e-01,6.108463854687263828e-01,6.849060067190126944e-01,6.381870810125200855e-01,9.550999864013859364e-01,4.808764682214989317e-01,6.396758427467261754e-01,8.413080715818629374e-01,5.684483553113117704e-01,6.188958037992823291e-01,2.906718346027885591e-01,6.118400303282292008e-01,3.312168615064597921e-01,8.510152223914457803e-01,9.784663641768615028e-01,6.473288852289871276e-01,8.134056538216465349e-01,6.645655957276882519e-01,7.045484134199647697e-01,8.484958845628451929e-01,5.137106276876275412e-01,7.583561318927520833e-01,4.752443149972600533e-01,7.780343500641966337e-01,5.666704148716275036e-01,4.658490114888812483e-01,5.722826672490634037e-01,3.819716798167049898e-01,6.473180722427787082e-01,5.493249849810720731e-01,7.343203382681332547e-01,4.491986170549769897e-01,7.604652806926560649e-01,9.729945830899905390e-01,8.204987056740360440e-01,8.500952054131216684e-01,8.135078639161972269e-01,5.615020794134396587e-01,6.564911083803713909e-01,7.509301829648250548e-01,9.694294677973925856e-01,9.531098915903443158e-01,5.474031815480551177e-01,6.145367610037201223e-01,6.459373571518920443e-01,7.519636289298136100e-01,9.186186841459155206e-01,2.600031662102088026e-01,9.960115090787015069e-01,8.467001698427195633e-01,5.565495236680458868e-01,4.072210278693627616e-01,6.223777239063809086e-01,4.509829057197789481e-01,8.892775775129514448e-01,6.615553977952511877e-01,6.626372946698473321e-01,9.624779031187578049e-01,5.029317270664945827e-01,8.192472001926237590e-01,6.325206136945292767e-01,6.580539841655975719e-01,5.985418195000946628e-01,5.131191288847012366e-01,7.240561198752517580e-01,5.911748649434676040e-01,4.469742998605830686e-01,5.097480917384700216e-01,2.766849644082646220e-01,4.339340455880499881e-01,5.950174848840867892e-01,5.052342298198390091e-01,4.097346451201365203e-01,9.340838112787387404e-01,6.685097477025593316e-01,7.611800403294372019e-01
8.435249112406512095e-01,5.137366550885660299e-01,6.304807929298842373e-01,3.587567002158110752e-01,8.496629259661923061e-01,0.000000000000000000e+00,5.767223539032604318e-01,5.973571198526366199e-01,4.602520643985603122e-01,4.917561213753802174e-01,6.189555882773105644e-01,7.157359887687343436e-01,9.157326560882406152e-01,8.267222202503322626e-01,6.102888516319104895e-02,9.044387146040175907e-01,9.709706206356389924e-01,4.256964469285274277e-01,6.206553603829969568e-01,9.708558410518739468e-01,4.172710078586320259e-01,6.949840925536548975e-01,7.712232566074787021e-01,7.911066915853818271e-01,7.349446894795625962e-01,7.287678875073381191e-01,7.142937848569119730e-01,7.168004989673444349e-01,3.999474363596389748e-01,3.182044968231171889e-01,3.604334710250457485e-01,4.820802041266520344e-01,4.539954844599612405e-01,9.052122806991635962e-01,8.856607248055465842e-01,3.934690682137040874e-01,5.718540534131352215e-01,6.923544604624399801e-01,4.676725650475995755e-01,8.797298908369971526e-01,7.758322390754470721e-01,7.212716935317450284e-01,7.153617878499284322e-01,5.995027925375815414e-01,2.667179178352524493e-01,7.862505824003847010e-01,9.728406097083692750e-01,4.345148258135155261e-01,5.490674051804763645e-01,6.141344065031751898e-01,7.085807653510086679e-01,8.206078568584113109e-01,6.865591105774497827e-01,8.371141459680934149e-01,9.664344299288181173e-01,5.342469957295127303e-01,5.692236908586608690e-01,8.069421578041593435e-01,6.162433365838806409e-01,4.662525007918230102e-01,6.485205770071216236e-01,7.363960668716378333e-01,5.064115778998813377e-01,6.970510626926748055e-01,9.602605272055186880e-01,9.820356162729975136e-01,7.487158922034148345e-01,9.707894362963512824e-01,6.326972361994159799e-01,6.003227083126044805e-01,8.445031532926822182e-01,6.506734613918312427e-01,5.877092465475015626e-01,3.943715280572380744e-01,4.258446515125152154e-01,8.121002233464820197e-01,4.277090529565076293e-01,4.139824451268185324e-01,5.677398273047591370e-01,5.884144678135415640e-01,9.410059594363600066e-01,8.488643432406633993e-01,9.967679077860152059e-01,4.038336019086438688e-01,9.180433831682081047e-01
7.834544943394433636e-01,2.554076800710201045e-01,9.546238450192862102e-01,4.051302628875813050e-01,5.110058712693684724e-01,5.767223539032604318e-01,0.000000000000000000e+00,8.042535429044543882e-01,4.655614439818321904e-01,5.634409830850044543e-01,6.006564850732093452e-01,4.020730404456389073e-01,5.556549354100152049e-01,6.375400872658457674e-01,4.501211185430664119e-01,4.062668876228473502e-01,4.229635870801302655e-01,3.827257656429087773e-01,8.659435517905279545e-01,7.065902650085317260e-01,9.965621607968244700e-01,6.528693367105735668e-01,4.897578531317883788e-01,4.009069438251824380e-01,8.566839998257023137e-01,1.799094142175806099e-01,4.751871440484951026e-01,3.263065820010306317e-01,6.438232269195856006e-01,4.822643951885078328e-01,5.104308385061510078e-01,4.978190574938656798e-01,9.930740944145328708e-01,7.048515501126327853e-01,4.893293276965232641e-01,4.578477392627165049e-02,6.936491309207879485e-01,3.231017860554196708e-01,4.413832082364939624e-01,5.629865251008731031e-01,9.646563975370120447e-01,6.396930344599399687e-01,6.082705543209754318e-01,4.143307465578687787e-01,9.605858899118978611e-01,4.746429649073671264e-01,2.493315470093279140e-01,6.865586914903739624e-01,6.735320971021724334e-01,4.463949403166352359e-01,5.162669002677691132e-01,7.668437797818740131e-01,6.099048630976522389e-01,7.552775452857690697e-01,7.824501173329728720e-01,6.196689369698037408e-01,2.733241021405157789e-01,2.424437415380883420e-01,5.699026772892807902e-01,6.038474563409816920e-01,3.659138785921016712e-01,2.089363067758242543e-01,6.408141522560192316e-01,8.073416098638613869e-01,7.982401338966215176e-01,3.238043097645974533e-01,2.322464125065086538e-01,6.043105159419269734e-01,4.877061179247862976e-01,4.144430315015871225e-01,7.338083933051784413e-01,2.540516467289365421e-01,-3.641455251811910321e-01,6.951521695059099670e-01,7.952899141112828030e-01,6.520199375743050973e-01,7.816809804535163053e-01,3.029395327399183047e-01,2.373033980035227919e-01,-7.843135016522395642e-03,9.496617004771246151e-01,8.611883181388784170e-01,4.021043430438462352e-01,5.131361101283821169e-01,6.840148145372644262e-01
9.938308707797971486e-01,5.531094091838999471e-01,8.528479362371553796e-01,6.389524158128474518e-01,7.554918815393815157e-01,5.973571198526366199e-01,8.042535429044543882e-01,0.000000000000000000e+00,4.617701535157846537e-01,1.955818734967334493e-01,4.334961341622488029e-01,5.016775941133991834e-01,9.747207147692578122e-01,9.754785891758241956e-01,7.921473936721391551e-01,3.636405274765219797e-01,8.367638588591884696e-01,9.718781013822344050e-01,5.424997462178903218e-01,8.965665047683228916e-01,7.290036825095155271e-01,6.635744666195377839e-01,4.941200196371184905e-01,3.679696181741197725e-01,-1.280819112768754042e-01,9.355989339540604632e-01,7.970870031414503121e-01,7.592324068991848085e-01,4.900699897531537452e-01,2.560147987864461183e-01,3.573717467818036120e-01,6.433763170947773835e-01,3.142715467077206171e-01,7.553562433208032001e-01,6.427206295107540379e-01,2.769447247691405600e-01,3.831345207984027113e-01,5.677004530533377169e-01,8.706797962475629760e-01,7.928137625221255425e-01,9.824109501076586648e-01,6.922253166360068377e-01,5.141202397381922085e-01,5.164683838474832811e-01,9.756749854219505247e-01,6.607966419933395397e-01,6.345899190440865700e-01,4.801054041161872399e-01,2.606961672223222504e-01,3.470621611186135436e-01,9.230972249032634025e-01,-1.209367186457703247e-01,7.717770353241866221e-01,5.063617491298670892e-01,8.103531800247486538e-01,8.192426712056856131e-01,7.454003165106403150e-01,7.422019861654848283e-01,1.590042504689989644e-01,4.407910595979496610e-02,4.844262287655196619e-01,5.682108368487188699e-01,2.330841968865471625e-01,9.151790510224542263e-01,9.911005130871403113e-01,6.131372577567627546e-01,7.754211955780312415e-01,3.086081802962002962e-01,3.187616215551862808e-01,5.107214899289705956e-01,4.080247972423018954e-01,9.244205158165248459e-01,5.947935183472159437e-01,7.372235184872603098e-01,8.489096464743070003e-01,6.871088235253773879e-01,1.450294599676815177e-01,5.996728753202860140e-01,6.574124709047145243e-02,3.152092211220254847e-01,7.112341496330889523e-01,6.585381311295588347e-01,9.155189082865923256e-01,8.270153984633068500e-01,1.410567963161259708e-01
8.166487271552050897e-01,7.260019830286829068e-01,4.103775560407637024e-01,6.772712703891444752e-01,3.661646719006446116e-01,4.602520643985603122e-01,4.655614439818321904e-01,4.617701535157846537e-01,0.000000000000000000e+00,4.610291878156937417e-01,8.058386716230302449e-01,7.628342377984976830e-01,8.903516583100388182e-01,8.935370488244900322e-01,8.458698810638729526e-01,7.059626002962406943e-01,7.527582789507772931e-01,7.473226470264642263e-01,6.816221067046864812e-01,6.665265765744824433e-01,6.110427047916328069e-01,7.854186106431635395e-01,6.418837558693664125e-01,7.693333157305242143e-01,6.490655209643076962e-01,7.552879726404104765e-01,9.358568968722271730e-01,6.574710780166524993e-01,4.029100166860494214e-01,5.203190222389074693e-01,6.787122930699980294e-01,7.518722784968658868e-01,9.768420145666799614e-01,6.050786939720921298e-01,4.786063680374763041e-01,6.420192108302766876e-01,3.275471161758868321e-01,7.390262260417197471e-01,9.041441249689590176e-01,4.585039019617990763e-01,7.108917053761643068e-01,7.514190753697682634e-01,7.086215826426787157e-01,-6.130760151648725897e-02,4.178294963261253714e-01,9.763306462855970702e-01,7.761795906603589090e-01,5.896585488455718949e-01,4.404264248712067009e-01,6.153243203355697188e-01,7.183439853246149642e-01,8.637622659961435856e-01,7.785056214747934078e-01,7.300640677048266802e-01,9.982137915975846099e-01,9.770872362702505143e-01,2.808089401765464510e-01,8.177546244554044774e-01,8.701365966302401223e-01,2.834411596795431421e-01,4.777630254448315128e-01,7.183046240976733721e-01,8.954376558757082272e-01,6.654508403136564221e-01,7.289375293461439753e-01,8.817093785799386962e-01,7.558258203631099681e-01,7.393059131147099450e-01,4.083408240148923007e-01,5.895664955147342789e-01,7.876506186142373522e-01,5.998633258693231163e-01,8.304085561759205758e-01,7.819826645693976896e-01,4.217446322484934007e-01,9.337694666496857421e-01,8.189907626222632242e-01,1.498353890704832159e-01,2.606017129022393242e-01,2.004532673704420564e-01,2.323251113933076373e-01,8.709554384331530397e-01,4.797570410908199579e-01,6.468678084392653904e-01,7.955687294379469865e-01
9.866240882717615124e-01,2.793114784733632949e-01,9.903627455299428561e-01,5.432875374542369684e-01,9.312011036396748986e-01,4.917561213753802174e-01,5.634409830850044543e-01,1.955818734967334493e-01,4.610291878156937417e-01,0.000000000000000000e+00,6.362941418250025460e-01,2.882682787297755067e-01,1.211574654294712838e-01,8.368577663722491788e-01,6.553545271856490162e-01,6.858968795679116770e-01,4.132766386859452190e-01,9.399421621411884198e-01,7.984536402785009646e-01,9.309858956559402543e-01,8.162948886063682297e-01,9.647805066066595936e-01,3.004498015769604402e-01,7.558257241940781190e-01,4.063155224289356493e-01,7.540379325578087100e-01,9.211624130411123490e-01,7.725771184959550064e-01,2.677236026366414112e-01,5.369905818287039612e-01,2.861602632681651270e-01,3.864113260027249863e-01,7.388675335559009572e-01,6.436963475689739811e-01,3.148396109876173132e-01,5.816973976319950168e-01,7.204883959460847143e-01,6.247658519292138557e-01,4.162339199731661110e-01,7.913737178908373249e-01,3.081565823001812254e-01,8.530303810549854093e-01,6.932191453157330319e-01,7.698356361048548369e-01,8.277679728788229774e-01,4.582116942290119788e-01,7.620858161130448227e-01,9.173372984692450549e-01,7.088304782899721435e-01,6.433952845597743497e-01,8.912736954907308703e-03,6.521433596413166445e-01,8.629705813938192138e-01,5.949488677997061270e-01,4.400192420261900272e-01,9.076239467398291572e-01,7.549320079368054826e-01,9.709946109747463749e-01,6.465177742309847764e-01,3.251498889561388328e-01,7.236613715025711491e-01,8.271802177200728856e-01,8.467750145373701409e-01,5.374572454769340757e-01,9.103249804688630098e-01,6.018818859521464226e-01,9.263220203031380384e-01,6.018941750780277822e-01,2.783757241427828322e-01,6.077053968453319799e-01,9.236678752389999580e-01,6.912633196016034764e-01,8.051751594550339286e-01,1.838260095111680370e-01,7.006798314005412420e-01,2.413958019915539988e-01,2.958129011429652122e-01,2.073546289252251873e-01,5.523140821930712097e-01,3.656298716580448360e-01,7.666462640106361803e-01,9.536098418223284412e-01,6.682924861835668473e-01,9.227242982503962576e-01,7.783452529275690646e-01
6.602687794789288134e-01,9.082047459061464156e-01,9.733732843341702523e-01,9.881390640959142324e-01,6.108463854687263828e-01,6.189555882773105644e-01,6.006564850732093452e-01,4.334961341622488029e-01,8.058386716230302449e-01,6.362941418250025460e-01,0.000000000000000000e+00,5.679467137786180508e-01,7.206534522314271829e-01,5.574470820913544067e-01,9.003129638193790862e-01,6.271798524206033676e-01,9.257915684643731602e-01,7.641815888334284601e-01,4.967696898407090167e-01,8.095676515696402786e-01,7.072571023023326298e-01,7.776553805822635779e-01,4.901925085499660995e-01,9.173435262075907426e-01,2.489284877618966330e-01,9.410685644542139405e-01,8.517870055956071607e-01,5.626667791001777053e-01,6.522249076195687501e-01,5.883706498844274435e-01,4.271408909306908530e-01,6.256756515170385224e-01,6.978450727861043035e-01,4.438708535388855569e-01,4.556337671942787271e-01,2.979352186529049540e-01,5.332364276707947104e-01,9.769166956632798771e-01,9.927837745720871077e-01,9.697841759079677271e-01,7.950073296191556560e-01,5.136582067184921607e-01,2.978823526988454984e-01,6.153589980304630114e-01,9.892400771087195288e-01,7.388901075886249448e-01,8.745834618708517860e-01,3.270083241266199536e-01,7.923568442758893715e-01,6.616164826175511271e-01,1.815168523062571371e-02,3.407338792394598581e-01,6.379805873471058320e-01,6.337437134296345365e-01,6.074709294436476670e-01,4.035422978334577415e-01,4.088269346217039413e-01,3.768598313766614583e-01,2.113265495312090514e-01,6.383977257331976407e-01,2.516433582627202181e-01,7.452991690990707907e-01,7.139833961778681015e-01,9.587882203167430450e-01,9.301469369309627311e-01,4.520676886804004257e-01,7.475357481990639874e-01,9.514748687255716320e-01,2.375544217510203449e-01,6.862250101713809336e-01,5.598441791599276796e-01,-4.427636772892401540e-02,-1.214912138428035915e-01,9.938230527221845190e-01,4.825878774579221986e-01,5.695510198432132132e-01,7.747199970736634578e-01,9.941267544099621212e-01,4.773609498048289046e-01,2.888666573691768269e-01,9.048562104070961842e-01,6.824122732109741962e-01,1.414345754878913730e-01,-1.289373000451152218e-01,8.429281320584056658e-01
9.898822311600911084e-01,9.326974521149508091e-01,6.965012100541925211e-01,5.414091680826078612e-01,6.849060067190126944e-01,7.157359887687343436e-01,4.020730404456389073e-01,5.016775941133991834e-01,7.628342377984976830e-01,2.882682787297755067e-01,5.679467137786180508e-01,0.000000000000000000e+00,6.487915052000599037e-01,7.863755014354013584e-01,6.201737279998688068e-01,4.115138600732194396e-01,6.462562998903348399e-01,7.953155993970493221e-01,4.946671802866506873e-01,8.090957942412637660e-01,8.933695618055349508e-01,7.976800865298102616e-01,4.111055855571042472e-01,9.086171574059065392e-01,2.146139452317005203e-01,6.835511227251372945e-01,8.658292940547555050e-01,3.167560432565124096e-01,6.396398533127305441e-01,3.808735985766259491e-01,6.552052990915679942e-01,5.115059072227802206e-01,6.062748571428341338e-01,3.231747756009507588e-01,4.276677536406801039e-01,2.263062821644070133e-01,3.359261345344575211e-01,4.881661827031837930e-01,7.545129610891924132e-01,7.610666102443177650e-01,7.070836190417290057e-01,3.161158472492583416e-01,9.229112486203887578e-01,4.187423080030775457e-01,-5.061375697271242036e-02,6.165876384470252436e-01,7.702714259792452500e-01,7.530288371157980443e-01,6.056809117290219424e-01,8.713186189212753785e-01,7.800519062891754229e-01,6.886818328149552082e-01,5.548037677667134737e-01,8.588480756967940000e-01,8.796121071445861528e-01,7.424153164136025884e-01,9.311483599704295511e-01,3.872299296355894566e-02,9.881904752550136894e-01,5.905041910048318687e-01,4.038636382981401485e-01,9.192229176630209997e-01,6.949523808500280841e-01,6.217730669539262012e-01,9.584594296494938215e-01,8.972022554479207601e-01,5.804326797756732548e-01,8.605651979786161920e-01,5.609844549810005798e-01,7.956604178345192402e-01,5.473969951313035764e-01,7.700780967917127129e-02,5.257466997125910257e-01,3.605272797026611853e-01,7.710416841898344309e-01,7.511360145255558951e-01,6.477297194936550984e-01,6.152213814279277049e-01,7.014865319823093692e-01,4.266574680864612668e-02,9.282563003401703705e-01,9.175714484829641249e-01,9.508667533430439356e-01,5.522904654853885154e-01,8.166121796666127031e-01
5.809362971261403663e-01,4.852962554083647406e-01,2.879535936157130438e-01,2.173631539232165066e-01,6.381870810125200855e-01,9.157326560882406152e-01,5.556549354100152049e-01,9.747207147692578122e-01,8.903516583100388182e-01,1.211574654294712838e-01,7.206534522314271829e-01,6.487915052000599037e-01,0.000000000000000000e+00,7.882173752831971303e-01,8.472716031754592425e-01,3.447407713859375056e-01,6.354476045677144302e-01,2.229704099747603918e-01,7.383871481440856810e-01,7.244857384612131135e-01,7.935758425163834673e-01,6.845778622089192522e-01,9.386305278912359107e-01,5.477191038534922063e-01,7.940837999438208339e-01,9.862757095576115685e-01,4.561193679573508630e-01,6.090588345513574531e-01,3.471543194067246429e-01,6.284082276978685266e-01,3.853160156131744118e-01,7.949267238523993750e-01,2.555413465541427898e-01,7.364068238146385115e-01,8.097656194572651067e-01,3.638201156902116928e-02,3.239467020058012237e-01,8.686420345141201427e-01,9.987021269363620668e-01,7.488431254766775291e-01,5.219564306097352890e-01,8.198554700531405226e-01,8.634731851868453489e-01,8.701629473958383265e-01,5.711436274202479346e-01,7.379540908290602719e-01,8.927225993161690409e-01,6.117672496585854214e-01,4.553291336243861509e-01,7.911925234271881546e-01,8.069098013182319784e-01,2.301121170126906867e-01,9.172965869218756563e-01,7.285223147502178920e-01,9.858472126371415900e-01,9.540345515201028581e-01,8.577905950569988391e-01,6.918592800432451506e-01,8.421950232913724133e-01,5.494003931445998745e-01,6.726649094481980118e-01,8.990592285798156835e-01,6.204075132414164084e-01,6.582466597585693302e-01,9.759390494466406718e-01,6.643759247010606606e-01,6.611412163161090039e-01,5.314503431843534687e-01,8.521226950986809934e-01,8.660109117044997307e-01,9.149191761490476082e-01,4.707817499446443898e-01,6.583808667421545691e-01,4.819839784883517275e-01,6.035728064437092533e-01,9.203207020506748437e-01,6.672846717857567889e-01,8.071260828439827950e-01,5.650215647472147662e-01,4.029566252592291509e-01,5.731191587337015614e-01,9.187714032652127827e-01,8.171045209988456737e-01,5.950976128042848590e-01,1.265171785757192024e-01
9.818647352668259387e-01,8.633305641858880497e-01,9.014050998804461479e-01,9.687806149849251813e-01,9.550999864013859364e-01,8.267222202503322626e-01,6.375400872658457674e-01,9.754785891758241956e-01,8.935370488244900322e-01,8.368577663722491788e-01,5.574470820913544067e-01,7.863755014354013584e-01,7.882173752831971303e-01,0.000000000000000000e+00,9.139249014142789562e-01,8.072385331177510670e-01,9.738773011801366009e-01,3.687939982004448947e-01,9.393938904531557998e-01,9.564954687250094567e-01,6.442713830829140953e-01,9.290240492338694978e-01,9.907426346907932668e-01,4.446988859866771171e-01,7.956735758761530608e-01,7.016629535010711072e-01,7.224926432069508353e-01,9.851129598428445266e-01,4.041382455203655910e-01,-5.500937953087428611e-02,6.025729772215367985e-01,8.255679555803769887e-01,6.571377150074040330e-01,4.599679023243121723e-01,9.674904518354621175e-01,3.588038272906540760e-01,4.647762099493784049e-01,6.488157760112736039e-01,8.501505334137557934e-01,9.018886583637699683e-01,6.061869029184598912e-01,7.671059748947171020e-01,8.282298327058996712e-01,7.762097438248818371e-01,6.426665540685618794e-01,4.255774093270905389e-01,7.505202545308367057e-01,4.982931577097794440e-01,6.363955234654253834e-01,6.833823707024663241e-01,6.892601737606369738e-01,9.549676358931724618e-01,6.034786976553924154e-01,4.907013912234096109e-01,6.677684162958256175e-01,5.128295421464157400e-01,6.894251733359479939e-01,3.336742620780390745e-01,6.500326948283985384e-01,8.679751257632293271e-01,5.461860273501625285e-01,8.751027954555433697e-01,2.515449034992737753e-01,9.757596058263986460e-01,7.305205102821077379e-01,8.738031899298757121e-01,8.814067429640839446e-01,8.416196521332632852e-01,6.197450052873328952e-01,6.433327290729447256e-02,9.322961468542813046e-01,4.773222122828127412e-01,9.837149093548314127e-01,5.052054974528605857e-01,5.515050148070881342e-01,4.055016371305871226e-01,7.020656688472770579e-01,9.436889703909666638e-01,2.159214948022361302e-01,1.901475789847457964e-01,8.103829306651852971e-01,5.862471657864580799e-01,5.788402301983999187e-01,6.853538876460647522e-01,9.409165761074742562e-01
8.115772844501583094e-01,6.726411355874157838e-01,4.359730451480925972e-01,6.082283867295339430e-01,4.808764682214989317e-01,6.102888516319104895e-02,4.501211185430664119e-01,7.921473936721391551e-01,8.458698810638729526e-01,6.553545271856490162e-01,9.003129638193790862e-01,6.201737279998688068e-01,8.472716031754592425e-01,9.139249014142789562e-01,0.000000000000000000e+00,8.985692974759876828e-01,7.660487446241134313e-01,3.282666814972828861e-01,7.165442678907915086e-01,9.661190771763835672e-01,7.768574258437911384e-01,7.633423408790440678e-01,1.965937337067344137e-01,7.620296047629400160e-01,4.936811484030325659e-01,8.869633231619350466e-01,7.560735276767749369e-01,4.932359546041931164e-01,4.830180734359298400e-01,6.385366723582723836e-01,4.282319030781928659e-01,1.760196608837173715e-01,5.033738373725091808e-01,6.489530692107159382e-01,7.872947268817732658e-01,3.344054935020187580e-01,2.652892734544401998e-01,4.315553240620211284e-01,5.944690787584528957e-01,8.820116438445176898e-01,4.053308880806645864e-01,4.740210958795850194e-01,9.228875996473929755e-01,6.576961873318517560e-01,9.971033485885349990e-01,8.292819558842715599e-01,1.644649504860366540e-01,5.228987893908048079e-01,6.820312215717004856e-01,3.735744317693564520e-01,5.554275199294054222e-01,7.564832003451115172e-01,4.704275366682860726e-01,4.920901991929123032e-01,6.116649375313278902e-01,6.523156850749083357e-01,9.283119259779311072e-01,5.624500749928607046e-01,7.086513390848248051e-01,6.723507906099427389e-01,2.793007680303918536e-02,3.620980697527789727e-01,7.655606990934831213e-01,5.292427761974562994e-01,8.850961063098664594e-01,9.124043003884999559e-01,6.334764755853964369e-01,9.260306407322270728e-01,5.351486606313762273e-01,4.290192661838572730e-01,6.696966745368778673e-01,7.508090668645780452e-01,8.783239359073971020e-01,5.660761695120024584e-01,6.474778821597371170e-01,2.934075239209281150e-01,9.727528209109829183e-01,4.878428369257767905e-01,6.093311871594031884e-03,2.443192892242761483e-01,4.816437975954624418e-01,9.033375234143702359e-01,9.002248036329741909e-01,2.420777315265613128e-01,7.719504907702245955e-01
5.931166114256496424e-01,8.093747459802252964e-01,6.156210021206002247e-01,6.515350116417922832e-01,6.396758427467261754e-01,9.044387146040175907e-01,4.062668876228473502e-01,3.636405274765219797e-01,7.059626002962406943e-01,6.858968795679116770e-01,6.271798524206033676e-01,4.115138600732194396e-01,3.447407713859375056e-01,8.072385331177510670e-01,8.985692974759876828e-01,0.000000000000000000e+00,9.362265138547789523e-01,7.169097297044648709e-01,6.694261621404622442e-01,3.863979373986829446e-01,6.605847070451840164e-01,7.990259019050649503e-01,9.878045040595555548e-01,9.642119441283836245e-01,2.455637576001917233e-01,7.650451867063302602e-01,7.168526428243268134e-01,7.253132051027055827e-01,4.550973698902362474e-01,5.131710568315608345e-01,1.041125626269299026e-01,4.386247418617805760e-01,7.598635641447958333e-01,2.859934394533432123e-01,1.475999701532292596e-01,2.310240603622635835e-01,3.334746149238580482e-01,4.458316731267149557e-01,7.175165025455872980e-01,9.088635100814516088e-01,4.328522720749624075e-01,8.616082197156433864e-01,4.005953097630943760e-01,4.270634785819966694e-01,5.016160775619377121e-01,2.643333338141498623e-01,2.785769384897485712e-01,6.731130409656923552e-01,8.770120973963460020e-01,6.097788850055692045e-01,8.696795528145861987e-01,9.446994667120288680e-01,7.409467086649542678e-01,1.551588371348142092e-01,9.031618223054691530e-01,7.388082229388691635e-01,5.666393713535130550e-01,6.765515964193520304e-01,7.365338101536518245e-01,4.126839759995602486e-01,4.535010898383656230e-01,5.471134314617632777e-01,6.608465268725991493e-01,8.688841931357285109e-01,9.778047975461536812e-01,6.102765815329952437e-01,5.963636505801472865e-01,8.187555246991101709e-01,4.778220638736699333e-02,9.878860230847941182e-01,6.942370879319141874e-01,8.962305102683879587e-01,3.918166314084412516e-01,6.527359710585379782e-01,1.764384439501881507e-01,7.150413876056807005e-01,4.785411245721610252e-01,3.454468749581552922e-01,3.427229812824348354e-01,2.204155481249431003e-01,6.569685841062132825e-01,9.900279467038262116e-01,6.150415307120278285e-01,1.825031111216352531e-01,4.998122524768864317e-01
8.229658660147409766e-01,3.494205383149235900e-01,8.848567922283543385e-01,7.942259244708009813e-01,8.413080715818629374e-01,9.709706206356389924e-01,4.229635870801302655e-01,8.367638588591884696e-01,7.527582789507772931e-01,4.132766386859452190e-01,9.257915684643731602e-01,6.462562998903348399e-01,6.354476045677144302e-01,9.738773011801366009e-01,7.660487446241134313e-01,9.362265138547789523e-01,0.000000000000000000e+00,8.544941496111047030e-01,8.877229787988292209e-01,6.598006980800806831e-01,9.680799598150754415e-01,6.348133967324239846e-01,7.895833275776067417e-01,5.235994431996513487e-01,4.579385978547759195e-01,8.261863492465397751e-01,4.789519647229273369e-01,4.654288592419199011e-01,5.971667854715161372e-01,4.173368929912203984e-01,1.987149914971351322e-02,9.674923096620064999e-01,7.534326323695368366e-01,6.341909864620446369e-01,9.978003265983625969e-01,6.024770377928223564e-01,1.052582498468727090e-01,8.959236622628882207e-01,9.121954086228735159e-01,8.364727492632126893e-01,5.313337465036208629e-01,6.078643665643214122e-01,9.854739729435024742e-01,6.593592686059553953e-01,5.216848978816980287e-01,8.302116876280832836e-01,2.214344898189335442e-01,6.068107383427829848e-01,7.403464015855338864e-01,9.845031911181781892e-01,6.315695990906204926e-01,7.764957401600193210e-01,9.300294135752914526e-01,8.811270386776743901e-01,4.340372950876802971e-01,9.756482949246965131e-01,9.810265724617863725e-01,5.651947089043869443e-01,6.408556019522547720e-01,5.415683164287785623e-01,6.986968680698413259e-01,8.747048823531132777e-01,5.483114974642157025e-01,9.008319004009304187e-01,9.409178674844829171e-01,5.418137842428590867e-01,7.716653121141731075e-01,8.433903898813804867e-01,6.072054438362098905e-01,9.295805166676448517e-01,8.114569478304911598e-01,8.000415241225374841e-01,8.262590388214158255e-01,4.839775506028310414e-01,4.389246939890082966e-01,9.284649799194486519e-01,7.010806945178702509e-01,7.953658672031221899e-01,4.966752281497744392e-01,2.202594497444571864e-01,5.728422653799151165e-01,5.607082961797105192e-01,7.849848898437942202e-01,5.607521659967778377e-02,6.462969290588205240e-01
4.904563588173619926e-01,2.785839394634637700e-01,6.613578410951302944e-01,5.672908097931045335e-01,5.684483553113117704e-01,4.256964469285274277e-01,3.827257656429087773e-01,9.718781013822344050e-01,7.473226470264642263e-01,9.399421621411884198e-01,7.641815888334284601e-01,7.953155993970493221e-01,2.229704099747603918e-01,3.687939982004448947e-01,3.282666814972828861e-01,7.169097297044648709e-01,8.544941496111047030e-01,0.000000000000000000e+00,7.358698860768947414e-01,8.766574873827530645e-01,2.946072668901643654e-01,6.687417904323688100e-01,8.949032287772231697e-01,6.377907698300251393e-01,4.337876679759802845e-01,5.996071266486208140e-01,6.652098399373030935e-01,8.867007451592188172e-01,7.884133913163007268e-01,7.083384041365563544e-01,6.511056542595872187e-01,6.341909605816068440e-01,9.661636801392329277e-01,7.950785310214081303e-01,7.008319289822863007e-01,5.407122835230969704e-01,1.548703784876155898e-01,4.729367353829342369e-01,8.148487261950262406e-01,9.473684682998337880e-01,3.902357505653168968e-01,8.728722375968285263e-01,7.765313162242762912e-01,4.995544535304797806e-01,6.419523027357627587e-01,9.806643913053237904e-01,6.897003749261716443e-01,9.756601127964645848e-01,7.409583347507934237e-01,4.815295692966733987e-01,7.022602559166485348e-01,6.325562480183886116e-01,9.369207007434796619e-01,2.849265348254447217e-01,6.602729821266388743e-01,5.272479107528733611e-01,7.353295404034021487e-01,5.626989452340804831e-01,6.141860254274195130e-01,5.340266519404768264e-01,8.013485975337459877e-01,4.777164517510849029e-01,7.637794426466949504e-01,7.425031157648411817e-01,2.795548239699026660e-01,1.490470777142804959e-02,7.264692024702310569e-01,7.947298193068599304e-01,9.396925913736247082e-01,6.140105219720143337e-01,1.989010990640904253e-01,4.652232572745902406e-01,2.879158768270902446e-01,5.482592057258560692e-01,6.409677542556488916e-01,9.678820110069020766e-01,8.338819743637040371e-01,7.095917250430046064e-01,7.309778303697563873e-01,6.017996573521114945e-01,3.241283356473206312e-01,6.372980600951457797e-01,6.233589287168734838e-01,6.619999891895063104e-01,7.910485545082664993e-01
