0.000000000000000000e+00,7.619732445702958046e-01,8.113120760898689943e-01,7.386822131945351977e-01,5.455679078029119777e-01,7.528945007234881803e-01,9.502908455055759651e-01,6.451836411894903422e-01,8.845879095174975504e-01,6.023539631660063121e-01,8.504434519125959602e-01,4.246121208704881078e-01,9.498194771850688722e-01,8.476582032025949953e-01,6.838116504078565194e-01,9.585712739304429464e-01,7.120044520659267739e-01,8.157836732836973859e-01,5.389719019198673244e-01,9.458386797038677019e-01,8.272478661281191803e-01,8.900520396665734246e-01,9.787166899516248630e-01,6.033445507020354093e-01,7.485514474895252901e-01,8.999645897563569585e-01,6.280358881152123818e-01,5.556951265824914277e-01,8.375481458415056091e-01,9.769019541783204863e-01,7.079908344500961404e-01,7.167726293570602092e-01,9.273838783323699042e-01,2.757042089620008185e-01,9.285191152138427828e-01,5.613328850439069928e-01,4.472639760331004743e-01,9.227167135067433357e-01,7.090485443009187927e-01,7.788032457222858751e-01,2.974173483623296366e-01,9.777501730980062700e-01,7.181857891219017853e-01,8.013078321845241714e-01,8.095210095175875420e-01,8.967288221408760140e-01,9.493589406678274445e-01,9.576013143683793638e-01,4.926674070626081980e-01,3.985123843689123979e-01,8.330835690218999501e-01,8.792500938231857521e-01,9.322786985958370076e-01,1.315048238834537198e-01,5.646385314609020378e-01,8.047781836399567901e-01,5.417655140352182347e-02,5.286124380840183656e-01,5.166179861977019394e-01,5.033941183237555794e-01,6.378289523039279985e-01,7.966635085785467307e-01,6.385833303131960292e-01,4.868584303297873728e-01,8.162864356260192134e-01,8.430434963547854821e-01,9.370643336625867903e-01,9.519665194424100640e-01,3.322909126945161051e-01,7.195731532930995655e-01,8.056244880409538789e-01,7.161049775068800693e-01,4.021753991820494756e-01,3.112382354325455291e-01,7.541486891997559727e-01,8.868340832589304279e-01,9.567270777394538683e-01,8.100001427018025391e-01,-4.002470255912407571e-02,1.540411989212942256e-01,7.430531498361691023e-01,9.261618015614269117e-01,4.054612781135192093e-03,6.565278425433200837e-01,7.967428413639794371e-01
7.619732445702958046e-01,0.000000000000000000e+00,8.899884263279294050e-01,7.254522279885331493e-01,3.812413532799605598e-01,4.456510516231333985e-01,7.539275434666392606e-01,7.646617696443525070e-01,9.556214307170411981e-01,6.277589168021789900e-01,7.998611168068243682e-01,8.678918784453639734e-01,8.582229544235076002e-01,5.931985037443661124e-01,6.965203551992714681e-01,7.362198425463803986e-01,8.251390826692837077e-01,8.263577606375898110e-01,7.442613885554121289e-01,7.974729203455008797e-01,7.442517036067111125e-01,5.871718243721790742e-01,7.765570306123668054e-01,8.684111996524136456e-01,6.756072628683081893e-01,7.296664056233029827e-01,8.013304874933192545e-01,9.524028556473144169e-01,4.747539953740264052e-01,5.425803535889861529e-01,-1.751973011083992615e-01,9.081825051933228865e-01,9.622720128425119590e-01,2.737849073322657367e-01,8.183332273992455219e-01,1.154250413702720135e-01,3.025383278657174380e-01,5.014766692536538617e-01,9.515378447957433261e-01,7.382140749539563007e-01,-1.572593928577928624e-01,4.880767141442072798e-01,4.970071491578657574e-01,7.992113552914689167e-01,7.151905137374798826e-01,6.779429795334965814e-01,8.376340483591971919e-01,5.040034471336127808e-01,6.074045067052816771e-01,9.199862286564810532e-01,7.854388629024258162e-01,9.065559236059266279e-01,9.739766188465717178e-01,7.195851780991753266e-01,8.275158643678399706e-01,7.370122143418137428e-01,4.762371628767519960e-01,6.202902021873309968e-01,7.905685189012050529e-01,4.571125668738978409e-01,3.929896076049094189e-01,9.025580217320129384e-01,8.527946341598213742e-01,9.625430860470232108e-01,8.558598860416452014e-01,7.858592186231374566e-01,6.390283601515003298e-01,6.112513149075451402e-01,7.088401361716885063e-01,8.932096185684540446e-01,4.244897409240249164e-01,6.843322438271924879e-01,9.421567998182096559e-01,4.011856211723027754e-01,4.082981996518635359e-01,8.177937934071307646e-01,8.267121461310112940e-01,5.320740423015660192e-02,3.034366702687892325e-01,3.598223026177241879e-01,7.319432731467521158e-01,7.035491141052395703e-01,9.289612821248027785e-01,5.171290629328616495e-01,3.016357756535378853e-01
8.113120760898689943e-01,8.899884263279294050e-01,0.000000000000000000e+00,8.466024172806770887e-01,8.278671858772893577e-01,9.360238625838899207e-01,9.186354434520737078e-01,9.541901758205014739e-01,7.924942293769623447e-01,7.848369107839712200e-01,8.425767523953816562e-01,8.670358397559753127e-01,3.536165538478870385e-01,9.203211390950154502e-01,9.839421929061193950e-01,8.677608758361691210e-01,4.015348099175916063e-01,8.556324765923729592e-01,9.283023589008053689e-01,6.379177417725606647e-01,9.448670996254951993e-01,9.923865654088022126e-01,7.842152436934121118e-01,7.641114594231361856e-01,6.884681541066579591e-01,6.840750794583931871e-01,8.581464921428815229e-01,9.772669363639369111e-01,2.394114767075027905e-01,3.052501937000983157e-01,3.984470648309427765e-01,6.134023193192097434e-01,5.765564329636327923e-01,4.382032954362605759e-01,8.202552731358532245e-01,2.027211215955532775e-01,3.995846969406818827e-01,6.176954615788189384e-01,6.742042179843834582e-01,8.312312563328052573e-01,4.123191092449524087e-01,9.574966760104183239e-01,7.645797462032525305e-01,8.858110860608822135e-01,7.753279574559713838e-01,4.558730279231605897e-01,9.069769863889419748e-01,6.626683706332049395e-01,9.495075615833790117e-01,8.401111162257443032e-01,4.554231246147148471e-01,8.501895275051909451e-01,4.908101721163401487e-01,9.909577983955701885e-01,6.956991511878680701e-01,6.201387248642127314e-01,7.912776512861210421e-01,8.761095344090876758e-01,6.583504296898446961e-01,4.335812979356616914e-01,5.949706579276237139e-01,8.844722784788030534e-01,9.911557822472445434e-01,8.950058107318041856e-01,9.361685903624794580e-01,7.638621876835103297e-01,9.986749297283988858e-01,9.543122983091977263e-01,9.679583889707443767e-01,6.496338157725025653e-01,6.114033280536603776e-01,6.254813734416704296e-01,1.478196625013765975e-01,4.735437770356788478e-01,8.419237208650964810e-01,7.803708406132169317e-01,6.711712860827683258e-01,5.051647743244714883e-01,6.390343784982847053e-01,4.551277887346448781e-01,4.574338111135586860e-01,9.497053184778700974e-01,9.741380122147786924e-01,4.598425432138528168e-01,7.086191149909473186e-01
7.386822131945351977e-01,7.254522279885331493e-01,8.466024172806770887e-01,0.000000000000000000e+00,5.162781564517184840e-01,7.659338131602997368e-01,4.149209818182527654e-01,4.627419350375352458e-01,7.383005942673976918e-01,9.145510286433549130e-01,6.158572223765588216e-01,9.977610694061769259e-01,7.955348784994809019e-01,9.013954788498383941e-01,5.189322894944499165e-01,8.029457127746816303e-01,9.526490207538316213e-01,7.417232510123121791e-01,6.988582366869334761e-01,7.323363225125389953e-01,6.583384009503280287e-01,9.989312813885992126e-01,8.607073818510997398e-01,9.347878366170195852e-01,7.882716609589823786e-01,7.006442882156551644e-01,7.031545140999754251e-01,7.384429385153865599e-01,7.662758634848267913e-01,2.650729263951812631e-01,2.807581749990183395e-01,7.178265101232792489e-01,9.060778938265476867e-01,7.573457876644879017e-01,7.208768468568723664e-01,3.743375268966948610e-01,2.736798045529109658e-01,4.048013421935621192e-01,3.861788040015898815e-01,9.722538501441491121e-01,9.087877419501381171e-01,8.548758522364288126e-01,8.885072888756913034e-01,6.535527509039777971e-01,8.441687989702947315e-01,6.425900381657746463e-01,9.602853314943075036e-01,8.658120163348144160e-01,6.819904469824086268e-01,1.980674992434852122e-01,7.845990063103815970e-01,4.487693002036657886e-01,8.244615023466891346e-01,6.905380262946058112e-01,8.808056613383641320e-01,9.985039904764685392e-01,5.791720942844278408e-01,9.169467120225612833e-01,9.438302270044426345e-01,5.088967239812181020e-01,5.918766187620436714e-01,7.069318459825163492e-01,6.825402890455842808e-01,7.261099110896330755e-01,6.725608339449673512e-01,9.449172008386350630e-01,8.809486275593992888e-01,8.756029826164998253e-01,4.372193752205256745e-01,6.266294037123101290e-01,9.484411949668086761e-01,7.145177613960121965e-01,6.231580442043914703e-01,4.112240444303597031e-01,5.455245222771127889e-01,8.300934411009179836e-01,5.648965019785247010e-01,8.327925138819812778e-01,4.760814447372770930e-01,2.328358262622274577e-01,6.071102496933219461e-01,7.082147314124226378e-01,5.328871543980386871e-01,5.932025928440487483e-01,7.532030411246106727e-01
5.455679078029119777e-01,3.812413532799605598e-01,8.278671858772893577e-01,5.162781564517184840e-01,0.000000000000000000e+00,4.498011488984899331e-01,6.110811614548846693e-01,6.063006809968973787e-01,3.294242991649236618e-01,2.081118846946533874e-01,7.957607449486188145e-01,9.484822016103755526e-01,2.696334249529649396e-01,5.004338456039908456e-01,6.177218695548383209e-01,6.336781713460677423e-01,8.310534902064983243e-01,4.245997643388603193e-01,7.718409786525383121e-01,5.109105575552330691e-01,6.671826207036430922e-01,5.523888006839368092e-01,9.290760104337236758e-01,9.660609203598499173e-01,4.255471931357965865e-01,6.539072326385548806e-01,7.964746823087953675e-01,6.682210218915196620e-01,7.231890498538957601e-01,2.485263473928935318e-01,5.479592275672539037e-01,6.248858271850117330e-01,9.699357998003130810e-01,9.185795846913530349e-01,4.686774076286385760e-01,7.898714934727693038e-01,3.181640841321685675e-01,6.546524012852673602e-01,5.250967892547219185e-01,9.350332518367665546e-01,3.490001291069689815e-01,3.194002242402536607e-01,6.625669367400943699e-01,8.326505707790731181e-01,8.477560301233941775e-01,4.746978787648059583e-01,6.503111100080400941e-01,9.208930678682802906e-01,4.694188780760303326e-01,5.459514304878543278e-01,8.308711737835177136e-01,8.243451958635300558e-01,9.505835710383861992e-01,7.975974621889945215e-01,7.708021144355723386e-01,7.459215227108687563e-01,9.053082163676179350e-01,9.273122274727613190e-01,7.709813808189895923e-01,4.900187011286101790e-01,-1.032520822853926767e-01,7.622847215854956504e-01,9.130261151252315743e-01,7.573510962370250121e-01,9.113571809819522862e-01,5.504846946766001059e-01,3.571179421086747574e-01,8.360310271272193283e-01,7.471854279248768549e-01,6.921178401920712320e-01,9.300004862630495417e-01,3.095604391015106538e-01,7.263222566283635828e-01,5.953073147414401634e-01,9.589121241995965939e-01,5.684913947488960950e-01,8.803118571400854186e-01,3.702108361922671342e-01,4.817015284777066975e-01,2.475589853883181646e-01,5.737598811516178010e-01,9.489807455794295743e-01,5.850705121016595012e-01,5.011799374706993326e-01,6.674524165233903794e-01
7.528945007234881803e-01,4.456510516231333985e-01,9.360238625838899207e-01,7.659338131602997368e-01,4.498011488984899331e-01,0.000000000000000000e+00,7.344060817135469321e-01,9.519887319383271151e-01,7.756431643459603675e-01,1.518445593655927128e-01,8.152339078006857198e-01,7.342420948357940569e-01,6.439342483031407216e-01,9.419259011573193341e-01,5.772716023928921025e-01,4.662373468111377095e-01,8.743265532550654751e-01,3.645497793976051892e-01,4.213033912347014520e-01,7.323032304954324445e-01,7.044332264099472107e-01,4.152427712523881764e-01,6.048208315599767904e-01,6.309118155431180375e-01,3.982822212239943704e-01,7.888703390068474430e-01,8.291924316818342078e-01,3.290521243305871701e-01,6.610995192803210685e-01,1.250623873774969474e-01,5.241017524978900388e-01,9.699917074135595563e-01,8.023804485337129311e-01,8.753861644230248595e-01,5.276969329239022954e-01,3.931664828266213663e-01,-1.365689605935966888e-01,7.754248078809506950e-01,7.562534595983645413e-01,7.984536663417514113e-01,2.268205083869428984e-01,4.421340762690633697e-01,7.003051798145607520e-01,7.324079986882348070e-01,8.966228556067818989e-01,6.362729042136731072e-01,8.423384041802773892e-01,7.847172785411541396e-01,8.553035353077456104e-01,7.618773920962212953e-01,4.359641170178458203e-01,7.173557610450846944e-01,8.190579817196568246e-01,7.569142862814629558e-01,8.982834032292897897e-01,7.890476161962340917e-01,8.573620142542225098e-02,6.485117220673128902e-01,7.743009723658429433e-01,4.852913948770845587e-01,6.239531005645992945e-01,8.710322947072248745e-01,8.005578069879987213e-01,7.880687712721629046e-01,8.757054125154996038e-01,2.973360611914755980e-01,7.550062072707900418e-01,6.167023349987659220e-01,9.216247583208230232e-01,9.314758778779914650e-01,8.186630627933569881e-01,7.746341816463446772e-01,4.596060516279097397e-01,7.153985413053365328e-01,7.740284781415737170e-01,7.607326092257542527e-01,8.459626752970210717e-01,6.707259005496930548e-01,6.436947779452089069e-01,5.354543161486088332e-01,2.639011488900296909e-01,8.111818762399458649e-01,4.667002817865865127e-01,6.785513889367803531e-01,6.745884607901249108e-01
9.502908455055759651e-01,7.539275434666392606e-01,9.186354434520737078e-01,4.149209818182527654e-01,6.110811614548846693e-01,7.344060817135469321e-01,0.000000000000000000e+00,6.303755769745111870e-01,4.594900131231732798e-01,5.773406743987883338e-01,6.286865472686808953e-01,6.660005234462764712e-01,5.429181844978879790e-01,8.086290531529877201e-02,4.006850813717907633e-01,5.662614819456732729e-01,3.982819582728139851e-01,4.021606279325039002e-01,8.613373226842346853e-01,5.963119924714753717e-01,6.361639726050121180e-01,4.794840730337521784e-01,2.760775555087399136e-01,2.651119689341525643e-01,6.805670523443846376e-01,2.047387664505428417e-01,-1.317776922939435380e-01,2.933636851425137082e-01,3.030772600379501580e-01,7.080566897606240806e-01,2.064689606337573868e-01,9.451367943040685227e-02,5.937798045940622105e-01,9.542000490916594524e-01,5.662374616941320271e-01,5.257883254974995424e-01,4.707741608012049328e-01,2.416192128532515804e-01,8.831671756624599468e-01,2.153613209226272751e-01,1.898906564325989199e-01,4.176152411209779758e-01,8.501981510358536109e-01,3.712821642209173101e-01,2.892116024351048531e-01,5.258476605155414374e-01,9.713570037096184162e-01,6.313314516349962657e-01,6.268096610908585609e-01,8.246825298631786927e-01,1.764480121571730675e-01,3.508753532951847109e-01,9.616268579417530660e-01,4.583065807627247912e-01,7.766355456328087881e-01,1.338832118142628536e-01,5.946618123333456962e-01,4.990303521984414958e-01,8.952637792297675201e-01,4.518963537409944053e-01,9.539149116226293412e-02,7.424607908948738233e-01,1.836199342459976513e-01,9.561934748284334207e-01,9.283964990137976159e-01,7.232193514788223254e-01,7.589170300392329427e-01,7.452067652490402816e-01,7.240319372974737266e-01,5.961779449264865693e-01,7.612246048825830336e-01,3.138777145756264653e-01,4.180740437322601477e-01,5.352539423959921105e-01,4.255801178663066731e-01,6.607994909435132014e-01,6.195503124649780480e-01,6.656792520993644047e-01,2.372909828311435543e-01,2.506436453032340750e-01,4.942977620251493009e-01,9.294200682652618006e-01,2.272071138303509708e-01,4.020290371756085612e-01,-1.420027926082448322e-01
6.451836411894903422e-01,7.646617696443525070e-01,9.541901758205014739e-01,4.627419350375352458e-01,6.063006809968973787e-01,9.519887319383271151e-01,6.303755769745111870e-01,0.000000000000000000e+00,5.024308193821225288e-01,3.751750356917782359e-01,5.329979357701551956e-01,7.890328638797468042e-01,5.305507944154579381e-01,5.809938929054676571e-01,7.330624161107593961e-01,9.023753695137307629e-01,7.147967651142255185e-01,5.950927761149273909e-01,9.971709622096782688e-01,4.392530306204559531e-01,9.076319943296758952e-01,7.274613278391621751e-01,6.002796030454210507e-01,4.688717021729726930e-01,4.288899638672473147e-01,6.228945256666896801e-01,4.037012286112003356e-01,8.368996177603784670e-01,5.311557852016436376e-01,4.410452634533074678e-01,7.938448555037080911e-02,3.096682147003327334e-01,6.391543245357873548e-01,4.039349043347162938e-01,5.625778914538578368e-01,4.420364802810854421e-01,2.111318905249561992e-02,5.560732641922990771e-01,8.057729698720873523e-01,7.458658028862339417e-01,5.434204976690633071e-01,2.473199545648872011e-01,8.317099195688065771e-01,4.784341141022244726e-01,2.306081722592394634e-01,9.247236696768355024e-01,4.542711886355612072e-01,7.375158273405147957e-01,3.966403495068724361e-01,3.817349893035466568e-01,6.466757211167268871e-01,9.929596814243399905e-01,8.501900789915013412e-01,6.644577120889295641e-01,9.144069041463981362e-01,7.681642218730002636e-01,7.971250150081471419e-01,8.742762258997160973e-01,7.328013174466396773e-01,4.465928680795598904e-01,5.121944145300384443e-01,7.296489938180177326e-01,6.224857403749231022e-01,8.765029120776395288e-01,8.472103282878390429e-01,4.905954526668418469e-01,7.013177447715854829e-01,9.077056031685512005e-01,5.815324993617344562e-01,4.211727360561399736e-01,5.420847719748006499e-01,6.394877601163395653e-01,3.973056548857003545e-01,5.606611211771783676e-01,4.556324925583391527e-01,8.810059205035638552e-01,9.140477995244108422e-01,3.864404611741122930e-01,3.470923738338781428e-01,1.807846565438498698e-01,7.173617026679239839e-01,5.297945255529579178e-01,5.701421522459718672e-01,7.975905249276030728e-01,4.113952105914206459e-01
8.845879095174975504e-01,9.556214307170411981e-01,7.924942293769623447e-01,7.383005942673976918e-01,3.294242991649236618e-01,7.756431643459603675e-01,4.594900131231732798e-01,5.024308193821225288e-01,0.000000000000000000e+00,6.414292581762636170e-01,9.394921802191590343e-01,7.431411618447056888e-01,6.448277177615672207e-01,7.862144180261773085e-01,4.437578341591519870e-01,6.855458924484938432e-01,9.231616774514335155e-01,8.906230434964729215e-01,5.675810442110572618e-01,9.048979928224107905e-01,4.350044516668630790e-01,8.923643262968683487e-01,5.559059953081467720e-01,2.676891035532143470e-01,7.378669613163074681e-01,5.644106006306602863e-01,9.090203395206963854e-01,5.028744263066272646e-01,7.329503995355012291e-01,3.431746770081241238e-02,2.568013527976192867e-01,9.266374288533661963e-01,7.754786287874556594e-01,2.458271235496747309e-01,6.842973659315901847e-01,3.596845407589542853e-01,3.585268715525323779e-01,5.717231223927090600e-01,2.854541315733426510e-01,3.059760590262365354e-01,9.785828507369563889e-01,7.191130355923628370e-01,4.113641753478661234e-01,9.503567159469478165e-01,9.448736309895697794e-01,8.585613804072075306e-01,4.901339923287862388e-01,7.867434799053563133e-01,8.075016870415909764e-01,8.733777543860142822e-01,9.723396881482825049e-02,8.807280444634155714e-01,8.158790865652453261e-01,3.111389061753233598e-01,6.269522966033289624e-01,5.409688270392558618e-01,7.373032725748428495e-01,9.982600691455690844e-01,9.599439060763399478e-01,3.933193784762031298e-01,2.350622637174755725e-01,5.856161477982047003e-01,6.062586589673253368e-01,6.662165770513484020e-01,9.458594240030501199e-01,7.073992921618086349e-01,7.086316639498182468e-01,3.811665622670873943e-01,7.923636039137039733e-01,5.123472768161531077e-01,7.531937399297616853e-01,6.036868991687572850e-01,6.469422657010137634e-02,7.915681676579300547e-04,5.152307960076620841e-01,9.895874796645414140e-01,6.859415017542049853e-01,5.299243239508903969e-01,5.518405918858577675e-01,5.202223669420904528e-01,7.385487601966962412e-01,8.745159618935114398e-01,9.244663262057644104e-01,7.869537155380013083e-01,4.321577354274183103e-01
6.023539631660063121e-01,6.277589168021789900e-01,7.848369107839712200e-01,9.145510286433549130e-01,2.081118846946533874e-01,1.518445593655927128e-01,5.773406743987883338e-01,3.751750356917782359e-01,6.414292581762636170e-01,0.000000000000000000e+00,4.886225066352910540e-01,3.420411675311208488e-01,8.802168288253937600e-01,6.148862938802964750e-01,-2.309457834610771365e-01,7.456507994827255015e-01,8.731568745330753334e-01,8.769372442243570376e-01,8.650982334093066939e-01,6.063347287594526014e-01,8.773393537844009771e-01,7.561305979848838010e-01,8.976769295159533479e-01,9.959897106018146262e-01,5.881329254575875520e-01,8.983080436377982592e-01,4.840560102555471200e-01,2.170337622356073859e-01,2.852282570680564899e-01,2.161936553139399142e-01,2.261335618610400833e-02,4.184762527839712698e-01,7.615671297390455008e-01,7.134676212138491014e-02,9.503562226127537649e-01,6.057540795237239539e-01,3.141491240219282943e-01,8.823494451221658430e-01,7.334653949233962411e-01,7.815433838104154374e-01,6.047764276517327842e-01,8.338672688785707665e-01,9.879200861528187882e-01,6.991852332182675323e-01,9.850016952255302716e-01,1.375993378667697831e-01,5.582772401218661917e-01,6.952532972911610321e-01,9.910800078852031181e-01,6.952831400446541910e-01,9.943518577691344840e-01,8.125972995830792467e-01,8.061499980681753330e-01,6.385582247514975940e-01,3.219133383725152897e-01,3.760603541413253259e-01,7.593223666684854045e-01,9.252457315399473803e-01,8.053196841861935962e-01,7.388203501983565680e-01,2.176327427927391978e-01,6.329064335291563204e-01,9.763058771821657711e-01,3.402268836711889177e-01,8.873438990539279647e-01,7.761990059279139098e-01,5.498420658619189716e-01,8.592266758085548295e-01,5.276079239316679992e-01,5.045212757518301450e-01,4.078364403025374063e-01,7.904634044066788379e-01,9.415753643817934559e-01,1.554609719992874062e-01,7.817967651238602045e-01,9.321217226907667630e-01,6.864777730365019259e-01,3.532366813821431473e-01,3.607880511696076042e-01,5.589510872042182665e-01,3.979370269721668185e-01,8.687523698919006332e-01,7.190683407815000594e-01,5.844116744531675511e-01,8.046150735670190013e-01
8.504434519125959602e-01,7.998611168068243682e-01,8.425767523953816562e-01,6.158572223765588216e-01,7.957607449486188145e-01,8.152339078006857198e-01,6.286865472686808953e-01,5.329979357701551956e-01,9.394921802191590343e-01,4.886225066352910540e-01,0.000000000000000000e+00,9.286964979477544402e-01,9.452287775267422809e-01,8.733926795949747968e-01,8.768121025945603275e-01,7.189420859721690205e-01,9.774356949749877232e-01,6.913828127884753538e-01,9.913327095506776487e-01,4.721768438832176784e-01,9.147761763033617211e-01,2.807553572654984952e-01,3.398461451508716369e-01,8.664929208077982725e-01,7.798191481843584905e-01,6.427360589735638952e-01,7.035434519420885602e-01,6.352447024991237923e-01,6.835227393554165198e-01,3.133562395643774146e-01,5.239159333444390887e-01,6.807206696208094598e-01,6.037681645245668305e-01,4.806079343982750385e-01,7.519448995725166451e-01,6.156459329143402215e-01,2.916541661584804990e-01,6.232407132398899430e-01,4.225268543327100890e-01,6.667867326578126308e-01,5.845338942768761870e-01,7.705001380753765394e-01,7.152628070718487496e-01,7.716010541056158578e-01,5.582572851271166980e-01,8.502423241631408279e-01,5.326091344563236296e-01,7.423026832490997595e-01,2.132095659210336558e-01,4.418928289824424760e-01,3.272414009211732644e-01,8.261744314904807540e-01,6.100231968637863655e-01,8.941518206688862103e-01,6.554093007518122516e-01,8.844556831500426375e-01,6.141939780021254958e-01,6.019390773600962197e-01,9.293450281776315380e-01,5.625879236078282775e-01,6.393163725039849865e-01,6.745308454769929352e-01,9.073025872273351444e-01,8.386450864661260107e-01,9.241849734087062007e-01,8.750487499797673374e-01,9.016610137760863175e-01,8.681326317653559332e-01,7.942161174701125592e-01,3.867442218308222435e-01,9.016796412351163470e-01,8.735578712257072720e-01,6.885746664598839661e-01,4.123104372206022328e-01,5.419592893319860050e-01,6.721474847141466480e-01,6.909612504545122880e-01,5.610266311620575319e-01,6.356083804844000484e-01,4.362181692629789609e-01,3.758886430777810261e-01,8.012696842825159926e-01,8.500057104047988865e-01,3.181048404516380601e-01,4.304260884982791247e-01
4.246121208704881078e-01,8.678918784453639734e-01,8.670358397559753127e-01,9.977610694061769259e-01,9.484822016103755526e-01,7.342420948357940569e-01,6.660005234462764712e-01,7.890328638797468042e-01,7.431411618447056888e-01,3.420411675311208488e-01,9.286964979477544402e-01,0.000000000000000000e+00,7.511118809704560029e-01,8.029524792344322481e-01,7.701225613522655333e-01,7.435719467563808305e-01,5.099664018947400734e-01,4.789748097840908492e-01,6.347836127755867031e-01,9.861796807991739522e-01,4.499883642888256041e-01,5.120338156545592989e-01,8.999102743556730566e-01,5.835817224922988933e-01,7.306472352772670487e-01,8.561185780806245260e-01,9.772081056503308938e-01,9.747408264904181552e-01,3.422569547928749345e-01,3.473820797126531135e-01,2.298971850023071029e-01,4.034736409372941535e-01,8.954781960511162264e-01,9.276455240427580184e-01,7.460201183162643579e-01,3.047297125921324956e-01,-1.687783099383201590e-01,6.368014252602967051e-01,7.358266887966015135e-01,9.082780998009593043e-01,5.179769408793790664e-01,7.507985884548470379e-01,9.539472163898236046e-01,6.255560264893403888e-01,9.131261051519716787e-01,9.678330091888380782e-01,6.250214447290026731e-01,6.339082583943452809e-01,5.648236383927878190e-01,7.735738970260234160e-01,9.908235969649564767e-01,5.400589543788424374e-01,4.345157921472297957e-01,6.938767453921216299e-01,1.255431686941677893e-01,8.588049896481160239e-01,9.900023960639983134e-01,7.385459557925824203e-01,4.472568400868542904e-01,8.565212276607292452e-01,5.711443610254924863e-01,9.065949146836699279e-01,7.571217564593980542e-01,8.859306958725520209e-01,8.146949187236661727e-01,3.689340462457582626e-01,9.519374135433665840e-01,8.473909465926119378e-01,4.970465595964792538e-01,9.776982970780166982e-01,9.052838726425094240e-01,8.620116957136898517e-01,6.980466812693865153e-01,4.983705079820681116e-01,6.647026025214035627e-01,8.855194472439634756e-01,4.924673154831170629e-01,4.922389127226586281e-01,6.304796946523455459e-01,-2.505527382035457884e-02,3.516354136310931855e-01,4.681806731772451546e-01,7.927549117679082435e-01,9.835759883529322511e-01,8.744222216764616640e-01
9.498194771850688722e-01,8.582229544235076002e-01,3.536165538478870385e-01,7.955348784994809019e-01,2.696334249529649396e-01,6.439342483031407216e-01,5.429181844978879790e-01,5.305507944154579381e-01,6.448277177615672207e-01,8.802168288253937600e-01,9.452287775267422809e-01,7.511118809704560029e-01,0.000000000000000000e+00,7.879287168326352120e-01,9.328893946690287597e-01,4.026632606762409750e-01,1.108894413095060649e-01,7.776022157719267858e-01,6.699068112530757180e-01,8.973837526365899819e-01,9.512715294162008561e-01,7.416790378872911704e-01,5.146726411990256711e-01,6.130200593599623993e-01,7.721350131725411847e-01,5.788817060269267900e-01,9.020247895451182218e-01,9.713405796357656996e-01,2.457317519153434104e-01,5.527364159816899880e-01,7.018005313154673797e-01,5.034282249128161357e-01,8.786983370207365196e-01,6.429982881877385203e-01,6.520482102997077201e-01,7.935716378990447240e-01,3.684926314465502006e-01,6.218528224149841854e-01,6.154126871783254238e-01,9.567706184944477776e-01,3.093064406851367409e-01,6.815638039433775663e-01,2.745539851174170209e-01,7.012531656274743064e-01,9.975143956170731130e-01,9.838543304633436959e-01,8.244694671549626097e-01,8.691641937327669876e-01,9.123832497685185894e-01,8.643664345102219926e-01,9.792684610502437881e-01,8.122672327220663568e-01,9.191631042356471770e-01,8.250198880870747153e-01,9.104536851445396151e-01,8.537414562189822309e-01,3.215271946902476530e-01,8.324373246366287837e-01,7.235240873282213769e-01,6.366368908355426459e-01,7.156002491739448246e-01,7.912925341172687421e-01,9.246005808717222552e-01,7.413201777109488244e-01,9.702028976487576672e-01,8.474800872633987403e-01,2.543300771708023600e-01,7.258340368826251554e-01,1.967854053858476560e-01,4.037646536613435089e-01,5.083641275669235071e-01,9.889068494657479169e-01,3.028823171566991101e-01,4.204973186954468756e-01,4.122288268942189138e-01,8.703269711508322404e-01,7.332155709048420178e-01,7.885961611332432675e-01,8.001973426386291277e-02,5.217500057983610606e-01,3.879902919257836036e-01,7.814620187077023772e-01,7.585536759738238377e-01,4.827528009102294848e-01,7.867642684744868831e-01
8.476582032025949953e-01,5.931985037443661124e-01,9.203211390950154502e-01,9.013954788498383941e-01,5.004338456039908456e-01,9.419259011573193341e-01,8.086290531529877201e-02,5.809938929054676571e-01,7.862144180261773085e-01,6.148862938802964750e-01,8.733926795949747968e-01,8.029524792344322481e-01,7.879287168326352120e-01,0.000000000000000000e+00,3.245141220739881094e-01,6.884935426906892975e-01,9.033879687362965649e-01,6.525199853922462045e-01,8.651791575503162690e-01,7.619690138558243842e-01,9.098781035619902813e-01,8.570372651654534213e-01,8.339430133098597597e-01,7.809589231309265189e-01,6.775722234095070684e-01,8.160696406714939011e-01,8.537336256978814708e-01,9.768366264100383223e-01,7.605763129934092204e-01,5.873327370471341791e-01,7.974053949729025259e-01,9.904130378420018532e-01,6.335681192000266471e-01,1.168884801457502204e-01,6.758055839853699398e-01,7.240937067429092933e-01,5.549098726918368918e-01,1.953805290930465954e-01,9.047515899189990662e-01,6.062482059922534861e-01,7.651303491960312897e-01,9.514428411035679156e-01,9.832657954424115498e-01,9.811342326223824184e-01,9.079971931816936959e-01,2.390660958703801631e-01,7.502379654640733975e-01,7.749874115286210507e-01,9.544101225975214486e-01,4.683636332273770631e-01,6.997664372365928198e-01,4.664310813581640791e-01,6.688158985676327939e-01,6.309277593292013098e-01,9.937520122452654370e-01,7.128270896926218736e-01,9.852748533589490432e-01,8.289400238962533196e-01,8.283971968820296183e-01,3.825525694321698644e-01,4.651026361996008496e-01,2.372022092390473902e-01,5.681461562380846209e-01,8.793029564389623909e-01,7.862405293198979628e-01,4.684146671818529284e-01,8.922413157840953790e-01,9.064106027326744863e-01,7.979949142020175135e-01,2.285754191177695738e-01,6.433811849045254494e-01,5.015515238449985702e-01,5.997632459947528361e-01,5.166426193439550563e-01,6.741854047033767339e-01,1.020455502432824207e-01,4.651421789960922815e-01,3.121403832304365245e-01,5.912973706704698351e-01,4.983181310183072976e-01,9.137106953961581235e-01,7.007911362622739615e-01,7.720284356186007946e-01,8.285991497990286003e-01,7.387477281965862952e-01
6.838116504078565194e-01,6.965203551992714681e-01,9.839421929061193950e-01,5.189322894944499165e-01,6.177218695548383209e-01,5.772716023928921025e-01,4.006850813717907633e-01,7.330624161107593961e-01,4.437578341591519870e-01,-2.309457834610771365e-01,8.768121025945603275e-01,7.701225613522655333e-01,9.328893946690287597e-01,3.245141220739881094e-01,0.000000000000000000e+00,7.212680522324547150e-01,9.883706416601102385e-01,7.142159106241556810e-01,9.813682402838128649e-01,8.110206144543257167e-01,6.799319079502231800e-01,7.720476842626466940e-01,7.268404520695289639e-01,6.395715120346777693e-01,5.744250978993646894e-01,8.266198620866749280e-01,8.861267551702552980e-01,6.391234509482037751e-01,5.343653620436019658e-01,4.866163558129409927e-01,4.004483282068528882e-01,6.192653205628858570e-01,4.249014279258091498e-01,7.523247306223365127e-01,4.750893639547881797e-01,2.271654381357457175e-01,4.015351367850023001e-01,6.664776980783922999e-01,6.479412556904777798e-01,7.603511276811854014e-01,4.075699543280963955e-01,9.138527521376348384e-01,8.876876076711732733e-01,6.775701996208098876e-01,7.117081620019767296e-01,7.801467724611649279e-01,4.325505969104096460e-01,5.690933989988166131e-01,4.364670317963247892e-01,9.234458786517968365e-01,3.996875438101815670e-01,8.670448099105281248e-01,9.777958536256486921e-01,6.968702266535345968e-01,7.008889043868096191e-01,6.787994168435763642e-01,9.968695806453905517e-01,7.237279711359170253e-01,7.810006098947213093e-01,5.906234559685100693e-01,5.023248795915418174e-01,9.869465815213670501e-01,4.686926871839733888e-01,6.477374305329282045e-01,8.198080614430134361e-01,7.113759881469122748e-01,7.213170238721918759e-01,8.955343312112810095e-01,4.779279296706773761e-01,6.411590004447733637e-01,9.735090407845145011e-01,3.620455354721654473e-01,2.233912074661318359e-01,3.649157034118131193e-01,3.758138946534866909e-01,6.576861324966946087e-01,2.622057698920801649e-01,4.412848382078971565e-01,-5.688528766983488305e-01,4.443033980351553391e-01,6.429005542462747913e-01,4.309991698046564124e-01,9.845020115556080142e-01,2.999679273001690794e-01,9.018662094654129602e-01
9.585712739304429464e-01,7.362198425463803986e-01,8.677608758361691210e-01,8.029457127746816303e-01,6.336781713460677423e-01,4.662373468111377095e-01,5.662614819456732729e-01,9.023753695137307629e-01,6.855458924484938432e-01,7.456507994827255015e-01,7.189420859721690205e-01,7.435719467563808305e-01,4.026632606762409750e-01,6.884935426906892975e-01,7.212680522324547150e-01,0.000000000000000000e+00,6.684400422139343823e-01,4.617441670779444673e-01,9.564706547064408815e-01,6.484783591112293077e-01,8.861472359094719753e-01,6.125295788995364088e-01,6.906643054287394667e-01,9.999477373462187790e-01,2.949775286045519529e-01,9.579604103984262764e-01,9.165546933806918428e-01,5.050302647156720282e-01,6.415890066172865724e-01,5.743650972403888666e-01,6.788500086706120706e-01,3.396259783505596319e-01,4.173634072962131292e-01,5.124826018650186291e-03,5.329098922910361358e-01,3.681318428782411889e-01,4.344759049645156579e-01,5.583369809839677789e-01,9.732893013653500791e-01,6.812506886720043342e-01,5.341619685735925493e-01,6.710280035103058927e-01,6.969049026314522166e-01,7.647052799694018521e-01,5.574720065355739385e-01,2.232262655384814054e-01,9.742089715669211003e-01,7.487223040459467516e-01,7.449218487141163747e-01,5.692312027037143007e-01,8.416887237749542949e-01,8.804450419842485553e-01,8.380124345181835244e-01,7.720112801086538301e-01,8.287899854420527346e-01,9.545783250477143378e-01,6.897506058482685276e-01,6.300352898196865947e-01,7.525457881313831754e-01,7.315219612863970156e-01,4.423176279432562419e-01,6.847142642530054113e-01,7.615418902684129021e-01,2.477914419485932329e-01,7.302776341282154471e-01,-6.131920198672496936e-02,6.863185421126645203e-01,6.474975244983577349e-01,4.512432498643824119e-01,6.987054949609314836e-01,8.597346925553770447e-01,1.366253868089817476e-03,3.107212584225108598e-01,4.369105418214171421e-01,6.896713969141915479e-01,6.279964981600490992e-01,8.835440664837804770e-01,7.672134275628219591e-01,6.367446529843913128e-01,5.724466130618284243e-01,4.248972606632660520e-01,7.842891342726694415e-01,9.308508630174872067e-01,6.290211165849167452e-02,6.971509195940569503e-01
7.120044520659267739e-01,8.251390826692837077e-01,4.015348099175916063e-01,9.526490207538316213e-01,8.310534902064983243e-01,8.743265532550654751e-01,3.982819582728139851e-01,7.147967651142255185e-01,9.231616774514335155e-01,8.731568745330753334e-01,9.774356949749877232e-01,5.099664018947400734e-01,1.108894413095060649e-01,9.033879687362965649e-01,9.883706416601102385e-01,6.684400422139343823e-01,0.000000000000000000e+00,9.011269186892132410e-01,5.445556224213060625e-01,6.225607819218064165e-01,9.790951476004089438e-01,5.322350150356504050e-01,6.628653682072609410e-01,4.526408047108971822e-01,7.222806536598779248e-01,8.351072567737861663e-01,9.373880106131668999e-01,5.856087279361062159e-02,5.072415156499757716e-01,4.296507123766334368e-01,5.559052024448687401e-01,6.114677758150574016e-01,4.154759012516481276e-01,6.073251482212074226e-01,6.619862654610130237e-01,5.038727814199736033e-01,5.147999747615636945e-01,7.932767847180953735e-01,8.495818684214769823e-01,7.408345760794747825e-01,5.765564088323138492e-01,7.548032076571949966e-01,5.584555516324158919e-01,7.690686910739910065e-01,9.350970323902656478e-01,6.652621354390295672e-01,7.347041391789603804e-01,7.987678983194569371e-01,7.007044112253607571e-01,7.646486013099322854e-01,8.361698018538452626e-01,9.507405544948409615e-01,6.120297501615350466e-01,6.813899717524143362e-01,7.489931065579221725e-01,8.375124665584177119e-01,4.692805422312839037e-01,6.017655846268947784e-01,4.101673594879422513e-01,2.673491617509254348e-01,6.296868354784768140e-01,7.581287844943568333e-01,7.734505469703784053e-01,6.647787285426417503e-01,6.445622120053147164e-01,8.352902601150775652e-01,7.024726840892294710e-01,9.134652823264888255e-01,8.882134575589433201e-01,6.967788247343964514e-01,9.196299351423173896e-01,8.587335886192259959e-01,8.054707975819773436e-02,-2.646702443179936859e-01,6.448505996621035630e-01,8.875237317733684073e-01,6.502364363999515451e-01,9.770772317583975575e-01,7.703190541873559116e-01,1.413596293986488228e-01,8.774167939026582541e-01,9.382543913666827606e-01,9.125383109515157187e-01,4.329365267183175603e-01,1.561183301484623392e-02
8.157836732836973859e-01,8.263577606375898110e-01,8.556324765923729592e-01,7.417232510123121791e-01,4.245997643388603193e-01,3.645497793976051892e-01,4.021606279325039002e-01,5.950927761149273909e-01,8.906230434964729215e-01,8.769372442243570376e-01,6.913828127884753538e-01,4.789748097840908492e-01,7.776022157719267858e-01,6.525199853922462045e-01,7.142159106241556810e-01,4.617441670779444673e-01,9.011269186892132410e-01,0.000000000000000000e+00,7.543086724092267215e-01,6.650388829109037392e-01,5.547041000051230464e-01,8.392409662860814690e-01,6.430086791170843696e-01,8.458631969314349686e-01,9.359365711862397408e-01,6.199129572268380350e-01,7.698503836460343086e-01,2.443655440669336432e-01,2.616266930004685354e-01,4.029698082661122283e-01,2.963692609551310531e-01,3.812793464560967349e-01,9.363129906926459523e-01,3.840611496283617976e-01,2.917485149615716145e-01,4.922691814055671355e-01,4.042723042882433448e-01,9.151500202663439554e-01,5.463010082072359275e-01,6.012104810422893575e-01,9.358143068099273876e-01,4.137550201795944238e-01,9.554264269434520340e-01,3.644628693875622272e-01,7.964526231056515693e-01,5.557067337062178147e-01,7.515720963333842874e-01,6.052291270565365311e-01,7.296445869209766677e-01,6.411856922916957524e-01,4.228466750716072808e-01,3.914206605849641085e-01,4.640123094776490986e-01,5.487759949019660466e-01,8.394449725573269738e-01,7.457715630046470867e-01,8.981188282496912478e-01,2.635375184613688582e-01,8.676108427887796459e-01,6.247854621532206165e-01,4.485284049717673804e-01,3.841287064490837011e-01,2.993661091593248225e-01,8.377576407722437946e-01,8.137648114678274203e-01,7.231103252235441259e-01,8.645389377328932534e-01,5.373538030776259244e-01,7.951458146123613346e-01,9.005108379461266299e-01,8.187247095451346546e-01,5.482265289368247752e-01,5.241470370604682794e-01,5.202125215298957217e-01,4.012482921660469048e-01,4.250141499669052858e-01,5.646895971104669565e-01,4.989518743074193852e-01,6.642357620243514171e-01,3.616731579792127893e-01,6.501585104696699924e-01,9.632421154699909449e-01,8.996273811324960734e-01,5.307808539784933943e-01,8.951577101891322608e-01
