0.000000000000000000e+00,4.032702148804512832e-01,8.558704206922219671e-01,8.328427306259322815e-01,8.342839691758571208e-01,4.573702837451900649e-01,7.007477464239436626e-01,8.965903047521402991e-01,9.043084675970078923e-01,9.601145354727615988e-01,9.785543056737665557e-01,9.969529071748148841e-01,9.751276648860429663e-01,5.129777339516674584e-01,8.152631265189628218e-01,5.135436547820292352e-01,8.257981355076705610e-01,9.962761372605865029e-01,6.182204071480520424e-01,5.296104659018526783e-01,9.258894289533196043e-01,6.957770281873287832e-01,6.581728348044489918e-01,7.592532234429504312e-01,4.981983731497858781e-01,7.499794395712129358e-01,6.040346400562341955e-01,8.234382108966501468e-01,2.630239977107465821e-01,7.233595482731034476e-01,1.814459900915935675e-01,8.052891511363171606e-01,9.742040196852945755e-01,6.525935015785638837e-01,9.213971739603307176e-01,2.153764654653706478e-01,3.331392052467910814e-01,7.781146538026341153e-01,7.826427753979605662e-01,8.649381558641051626e-01,5.328614176021443383e-01,2.333375179769369701e-01,7.272188362366043268e-01,8.437080555472206145e-01,5.194870551809256387e-01,5.140601176221403223e-01,6.931920715557216006e-01,8.244386359460152691e-02,5.865593679285250328e-01,9.633643223962982116e-01,7.839252323794440036e-01,7.915438462291375377e-01,6.488612730329800238e-01,2.251863442490797673e-01,6.528694888172421606e-01,8.116415936316132562e-01,2.895267326060889101e-01,8.195599843185649158e-01,8.010956534626912928e-01,4.814625942907166944e-01,7.893652982567160858e-01,9.070044702005766180e-01,8.283570228249053091e-01,6.819425278136471702e-01,9.769725065749759185e-01,7.257541247730987521e-01,9.958227375823522909e-01,2.523685567447334077e-01,7.734035217284591646e-01,8.171780853021219926e-01,9.314763135729233756e-01,3.451786787995895223e-01,3.073421562122488071e-01,5.425119628472860889e-01,6.358361289692967544e-01,6.699181099949471641e-01,9.352408043285477257e-01,4.469369036267667461e-01,1.586093067460958572e-01,4.428490411383406711e-01,9.923822878863978181e-01,9.836562067976286627e-01,9.185172671095807040e-01,5.119018131030842467e-01,9.524439178987040844e-01
4.032702148804512832e-01,0.000000000000000000e+00,5.250733585706259809e-01,9.268903812642563800e-01,5.833619697235894463e-01,6.922231941141654410e-01,9.788496251497409428e-01,6.207846111336610129e-01,4.818250149069991384e-01,9.774535445762625452e-01,7.173177186374122272e-01,6.809007674096665408e-01,6.795530196864540962e-01,6.233561595458122495e-01,9.879390621808719075e-01,9.530275958001103165e-01,7.929801940769900526e-01,7.580541590467281265e-01,7.242106120240952016e-01,6.448277361313654588e-01,3.697546164529995627e-01,5.730490605185695197e-01,6.465741399330922068e-01,9.332646301535988398e-01,7.289823007417086664e-01,3.282116483964953590e-01,9.081784392344518508e-01,8.833300790956839510e-01,6.470472682333341385e-01,6.233564659168173705e-01,6.493465945880487755e-01,7.153646453218293066e-01,7.374901484646745331e-01,9.164275739382737873e-01,4.233278985853762277e-01,7.462689840028033927e-01,6.999535765208383387e-01,6.100842902915879495e-01,8.346725203618098332e-01,6.604773047018360765e-01,6.930102121120299552e-01,7.734049608987902946e-01,7.809034935421342860e-01,7.452562395726829436e-01,8.005593005457489753e-01,8.241155049519737208e-01,6.152476123187197166e-01,4.796190933476371376e-01,8.787312980262860229e-01,6.487218083128675206e-01,6.734024978558658114e-01,5.503083444223578757e-01,7.155747638520663090e-01,5.406590130394646199e-01,3.408175084210049999e-01,8.385675403215442358e-01,5.371349494088576426e-01,6.293577344972327570e-01,6.877333389772490868e-01,2.630116113664489053e-01,5.907241938735376952e-01,9.089436014029411703e-01,7.181458057837645237e-01,9.292142372997309607e-01,8.114617580760087323e-01,6.007067451032735983e-01,6.897140593036250600e-01,6.146654769182031686e-01,9.756593193074099002e-01,5.087839186720899409e-01,7.591195375618666752e-01,4.351612068452989091e-01,6.467514699237912890e-01,7.753345865822047767e-01,5.956277090448117706e-01,8.478745592379987039e-01,8.941556453616776867e-01,9.370904525227947701e-01,3.623181472353766974e-01,3.919507831801082309e-01,6.910796425424883260e-01,6.566999659067569439e-01,7.910239184210063890e-01,4.227514696606116118e-01,5.928250164948343226e-01
8.558704206922219671e-01,5.250733585706259809e-01,0.000000000000000000e+00,9.894170184277462088e-01,9.998153719303124465e-01,4.532523816075251788e-01,8.696122364864040666e-01,7.364198498742140497e-01,8.805764555640586133e-01,9.620061814386997590e-01,8.484956383145597636e-01,5.122628285734260878e-01,8.028203017340288516e-01,7.324384685406930551e-01,6.639587493605010327e-01,9.968440632745299013e-01,4.135499982257156981e-01,5.364061427826843920e-01,1.170357502072138511e-01,8.842432066017189563e-01,9.614733608115826335e-01,5.878845808714162624e-01,2.732447496081001348e-01,5.882649092434789617e-01,6.817827985454043560e-01,7.682862773382344024e-01,7.107984340638423548e-01,4.115786002834979085e-01,4.094390937561194210e-01,2.798084433019148443e-01,1.353025130226169215e-01,8.672391730889744688e-01,8.041885179017282947e-01,5.470560482915666212e-01,9.465527755887839234e-01,6.294455762888129247e-01,4.324050247045081452e-01,6.678858396832741962e-01,4.190977808558518092e-01,8.097181098848750258e-01,2.628361658520255162e-01,2.477021290906488704e-01,9.389368951035889088e-01,8.130337223710005778e-01,9.883635713677240142e-01,5.555527014439980427e-01,9.775335687614785662e-01,9.614813610993759863e-01,9.567818324052413947e-01,8.361522674293071500e-01,4.686603588196874282e-01,7.979238730687499004e-01,2.801469783184679097e-01,9.328444079037300218e-01,5.313663613798824681e-01,9.860436344954779386e-01,9.841851106329504439e-01,6.205825497856781725e-01,8.436042853470200331e-01,5.932163438172397552e-01,4.992722565282414204e-01,6.347931819289083233e-01,9.890274332748203445e-01,6.341716759132804970e-01,7.508476285441875175e-01,5.243731819125878602e-01,5.394139505893442710e-01,9.924001097936194782e-01,3.080643716925708375e-01,9.596380914226314562e-01,2.512695373785129305e-01,6.113110050825656394e-01,7.584648788810433029e-01,6.995497694162866598e-01,4.183740391959080984e-01,7.064214675686464329e-01,7.830491206885493716e-01,7.609580988937052481e-01,-1.480376578940070242e-01,7.050421922675341735e-01,8.066978595737751556e-01,7.440909350196254213e-01,4.033006406237005237e-01,9.533874438373770577e-01,8.554394569757199918e-01
8.328427306259322815e-01,9.268903812642563800e-01,9.894170184277462088e-01,0.000000000000000000e+00,5.523389896140956656e-01,7.503191004624217841e-01,4.936807435343928963e-01,5.137799106545042349e-01,5.277832249230255401e-01,8.097202849868834207e-01,4.246841932762526750e-01,8.555313034481938361e-01,3.923384912050243978e-01,5.043487930258953034e-01,7.350009000923597435e-01,6.038484839264326443e-01,9.100819501048509341e-01,7.219707593027897552e-01,9.601785360843366757e-01,9.021987183622587336e-01,8.051123527787393819e-01,7.393153232066606018e-01,9.681437197816172846e-01,8.399765576197376626e-01,4.300475662868857851e-01,2.840731416752908522e-01,9.742169035075299854e-01,2.176483575246313147e-03,8.427066062185404327e-01,-3.904539166870741873e-01,4.916901382988030783e-02,6.693462733610293647e-01,6.387715123113291149e-01,8.818655735911201665e-01,8.077113636245045747e-01,3.608336153116106226e-01,3.812502152288652635e-01,6.815605575658884030e-01,8.727100844875803620e-01,8.725235366467709586e-01,6.823853994889801655e-02,2.652947178806007167e-01,6.063868483205340221e-01,3.700585561040516946e-01,6.136203064358703996e-01,8.828900407326522037e-01,7.841304385014913336e-01,6.775019801240871331e-01,6.306203880844092335e-01,6.684210645549815144e-01,8.742192889919991883e-01,7.894868781733178631e-01,8.832035896884510295e-01,6.353690356938881401e-01,9.847799695942389686e-01,9.725558738333623943e-01,8.760277977297110663e-01,8.387993738832103530e-01,7.577724468273572267e-01,5.948251637758460442e-01,8.736829895335757046e-01,3.233827862161667288e-01,7.775703832811532434e-01,8.092564528744163876e-01,9.974119765016559169e-01,5.852029432297998213e-01,6.844023944942404514e-01,9.759845148759581646e-01,6.637444215457808383e-01,-3.756538061596340627e-01,3.816398493818996540e-01,6.716651619154940800e-01,8.821649199984544776e-01,6.486394749377232261e-01,2.490977253150031268e-01,7.748294005388778327e-01,8.710078616741256941e-01,9.497191897869456945e-01,6.513331219256180971e-01,4.465080082594314326e-01,6.060249420629172379e-01,9.954020558515888073e-01,3.024877274174886943e-01,2.129044404943773450e-01,8.494212777660986591e-01
8.342839691758571208e-01,5.833619697235894463e-01,9.998153719303124465e-01,5.523389896140956656e-01,0.000000000000000000e+00,9.471913980525057397e-01,4.953091858346377885e-01,4.162157026687255956e-01,3.455225646464408218e-01,7.439887053385969562e-01,2.876951238749407835e-01,8.027041656723497010e-01,8.505311103936697981e-01,8.100084161545243466e-01,8.817709066925742967e-01,6.494622188285835707e-01,8.478589147672452864e-01,6.531632532062316976e-01,8.263014131057140332e-01,7.016387044597803824e-01,8.794443530962701150e-01,9.481215094349377814e-01,8.003539106258428237e-01,4.251065749651652403e-01,3.607945882091324608e-01,6.849038730858197921e-01,8.445155697164790087e-01,9.206331868812746011e-01,6.445821303872207864e-01,4.642608050261560759e-01,4.038981172223320981e-01,1.939665845371633113e-01,7.276653861824460279e-01,6.851930965591925826e-01,5.803391124684170732e-01,7.811007966807301806e-01,4.079765216063572786e-01,5.503082430349988119e-01,7.392362502296780935e-01,8.207865694712235261e-01,3.775170579073442445e-01,5.454036561265640515e-01,8.772986770836745940e-01,5.096150517165817240e-01,8.979601896114476345e-01,8.949216903686418867e-01,9.634481835307255881e-01,9.209254670868411985e-01,6.408989321601838984e-01,1.091055227706139272e-04,3.765232375392865150e-01,6.666405500284944274e-01,9.287980794229567030e-03,4.366907244213288353e-01,9.153333998357010559e-01,8.940692581636809910e-01,7.533349670353641780e-01,8.850465989964834135e-01,8.711747110010872319e-01,4.102430306563946139e-01,7.341229828506490307e-02,8.884755100519622362e-01,4.212574245720581145e-01,9.993234118397565924e-01,9.293556758407121032e-01,6.003885305899651081e-01,8.260384750329208270e-01,9.273721352507040550e-01,2.126078145881987458e-01,7.558844212983844013e-01,4.469834201847504573e-01,9.153697620415257585e-01,6.241270112895664912e-01,2.954488701088172631e-01,5.472682789950026327e-01,9.438520463835171626e-01,9.646936459557252652e-01,6.488384424217790158e-01,4.602258843505313557e-01,3.691073005373969318e-01,4.407759765164551147e-01,6.614620749897757168e-01,6.174989113382138850e-01,3.649714524788495451e-01,9.934393637577138003e-01
4.573702837451900649e-01,6.922231941141654410e-01,4.532523816075251788e-01,7.503191004624217841e-01,9.471913980525057397e-01,0.000000000000000000e+00,9.727867031092211070e-01,6.168794279404928860e-01,2.092979696560415548e-01,8.534115679478904148e-01,8.206879079044273606e-01,5.224271624824148308e-01,6.628580369364258651e-01,5.035707636752553285e-01,6.391385864709997477e-01,8.406081388536124077e-01,8.803744354088796076e-01,5.952531762089577905e-01,3.648131366808891052e-01,7.833842575817728804e-01,9.116762274211680506e-01,9.937304420445645103e-01,7.753547580492702318e-01,8.869366682093232646e-01,6.852717566515675873e-01,5.578716730810078239e-01,9.600750921706437957e-01,8.971194055561556580e-01,4.901176444159844325e-01,7.829670008813496285e-01,4.602991569789352533e-01,3.846557728209665794e-01,3.411491177846015521e-01,8.047835604120608943e-01,6.498045769515639059e-01,2.666830282385813655e-01,2.091952760324209959e-01,5.040816625014148400e-01,4.912370884373150615e-01,5.206668943510245340e-01,6.191389962513011991e-01,9.026660811349762614e-01,4.118118088588484937e-01,6.308971536895673360e-01,8.271020351701386941e-01,8.168168821070614927e-01,8.755204318287136411e-01,7.020388425611394645e-01,7.439042016775700983e-01,2.471040422339581544e-01,8.609144769594220259e-01,4.439875370184546699e-01,8.970148249188267808e-01,8.325277942472500969e-01,5.251255597354441695e-01,6.380311282187290933e-01,9.138218319181073968e-01,9.701354677356859302e-01,8.334868897735209226e-01,6.005632615054838919e-01,6.160726797925718534e-01,6.439136564947109953e-01,8.163915827519802049e-01,6.140423682687777829e-01,8.588875605539888491e-01,4.973101450794067957e-01,8.900424577967561701e-01,7.806662961409924772e-01,4.947191103966598336e-01,6.923079381594127168e-01,7.214486860365001419e-01,-5.554460511526379540e-02,5.220128989060865976e-01,6.948201216430580640e-01,5.211422550058997238e-01,6.600813817083688306e-01,8.295681294035635034e-01,8.999779672927313845e-01,5.411324498962236662e-01,5.927062219050707181e-01,5.317204420411123511e-01,5.315742808570637079e-01,9.444249318489956746e-01,2.350731652580220210e-01,9.939060436765596585e-01
7.007477464239436626e-01,9.788496251497409428e-01,8.696122364864040666e-01,4.936807435343928963e-01,4.953091858346377885e-01,9.727867031092211070e-01,0.000000000000000000e+00,5.509698105577465199e-01,4.344983258387955516e-01,3.303784627750265823e-01,6.985521637820888419e-01,7.008759055255134873e-01,1.957652281184268372e-01,2.602530485320087017e-01,2.989998419879493219e-01,6.396070142134899772e-01,7.873276802983740774e-01,6.680516465145590610e-01,5.700978301570457374e-01,8.558733037789654219e-01,8.179784302437972388e-01,4.039844047266156757e-01,9.177396475089012462e-01,4.824383514932811257e-01,4.307143172210137205e-01,7.197489819342113293e-01,4.309300275356575671e-01,5.727799443345995556e-01,7.788699329700291552e-01,5.717729159774264103e-01,6.876792792489003769e-01,2.035500974527324758e-01,6.630490016884595939e-01,9.004787497792881013e-01,2.070218762722974282e-01,5.956541591429225235e-01,2.303409457671677374e-01,3.751741940059765690e-01,7.534547256266639348e-01,8.792586402023685466e-01,7.323255897281830684e-01,5.750888646209459942e-01,7.247661465548712600e-01,6.217745307722470915e-01,6.442968181575476905e-01,3.523043877258478229e-01,5.140118900259290635e-01,5.805992745907443409e-01,5.015156639965548946e-01,7.776067463003385472e-01,6.520418347036348594e-01,5.495366735383825363e-01,6.062054953371539545e-01,9.741906393133799025e-01,2.361578211848662234e-01,5.701251325778906587e-01,8.517378038073850632e-01,9.761143382060168960e-01,6.325087326130078846e-01,5.152770993716943027e-01,4.925817375839495194e-01,5.146553284298180930e-01,6.375088882956598813e-01,6.414067413053126110e-01,6.589505567640954187e-01,5.067614202425683168e-01,5.798311836900323923e-01,8.891388403431956799e-01,4.125430559414269838e-01,8.388292177951064965e-02,5.430964321599489608e-01,5.276736737875763472e-01,4.545588042644175819e-01,1.466562660330334444e-01,7.427818375002381845e-01,7.154854830840231550e-01,6.898567950392180403e-01,6.791681543933674181e-01,5.668169642973879263e-01,1.242144483237039021e-01,6.077066597391681535e-01,8.942693397604616345e-01,5.126291603097017369e-01,5.336269704823195514e-01,2.456112471888657611e-01
8.965903047521402991e-01,6.207846111336610129e-01,7.364198498742140497e-01,5.137799106545042349e-01,4.162157026687255956e-01,6.168794279404928860e-01,5.509698105577465199e-01,0.000000000000000000e+00,6.518503105132184006e-01,4.584123180787343377e-01,4.104604266284749281e-01,-1.034683277279508928e-01,2.919996083405679843e-01,4.144980574602389889e-01,6.515970345434298761e-01,5.118759719738819047e-01,8.733790365177150905e-01,5.771770043438423370e-01,6.674520386358940849e-01,8.852463838864251811e-01,6.759725549443951209e-01,4.072418695417757140e-01,4.390283103858483860e-01,6.167055493013261502e-01,2.242355739735701348e-01,9.038793485400469230e-01,9.056115432759218598e-01,4.061620168577353973e-01,4.771056175195059756e-01,2.898868205816817478e-01,3.090119053005866978e-01,9.123801554762480670e-01,6.189544665230595211e-01,4.980611315766960145e-01,7.129590758829282837e-01,1.291466249616894379e-01,4.273128125403303224e-01,4.851034017406212207e-01,6.160501604554613486e-01,6.370096708686049380e-01,5.462021112770487630e-01,6.077161510546789103e-01,4.314506526415831100e-01,6.947121887783922478e-01,9.430298550432048010e-01,8.378230587825848952e-01,6.115932708931418604e-01,6.803335444117598607e-01,7.487928311741627319e-01,7.719498652765812707e-01,7.771946750925885494e-01,7.862321279628591286e-01,7.637997249519263843e-01,2.405502062801836705e-01,9.471536986028823435e-01,6.611371309403530905e-01,8.833634571547572811e-01,3.938591085847900075e-01,9.034842995548193478e-01,1.818970304706479524e-01,4.365340728896672795e-01,8.855100034245783069e-01,4.479625636255576970e-01,4.429295460290885167e-01,7.997724989306267407e-01,9.766875331928681625e-01,9.995835573946494357e-01,8.848580560592781419e-01,7.337248465318986224e-01,6.511298257954833968e-01,7.734197874025154906e-01,7.039535739597283515e-01,4.881764689573947491e-01,4.016115630119486690e-01,5.567345529840448393e-01,5.608776923177907214e-01,5.448965132671818035e-01,7.466322033770749211e-01,7.669769303647597791e-01,5.014015333301231614e-01,6.438957324823885164e-01,7.448710811217947869e-01,6.802084245949903130e-01,7.096782920692428220e-01,4.035471484082618354e-01
9.043084675970078923e-01,4.818250149069991384e-01,8.805764555640586133e-01,5.277832249230255401e-01,3.455225646464408218e-01,2.092979696560415548e-01,4.344983258387955516e-01,6.518503105132184006e-01,0.000000000000000000e+00,9.899638330176522283e-01,9.953730292664225709e-01,7.043508267723032068e-01,8.115935806657937901e-01,7.102806453220231742e-01,4.376718154413979933e-01,4.010354364770040703e-01,6.728432532716179804e-01,4.806820341728075263e-01,8.421402003105020739e-01,7.654430153913749368e-01,9.086527073986023773e-01,5.828364143733103520e-01,5.624664716341386539e-01,6.715723626145823077e-01,3.587347752710244864e-01,5.839672991660794787e-01,9.143790221270323704e-01,2.466835538267682926e-01,8.002874710067785502e-01,5.782928324256788599e-01,1.214974835759945332e-01,5.810659199844943057e-01,4.323866244782621493e-01,7.104902383381923592e-01,6.929823642092161062e-01,4.862521764928026680e-01,5.662606247891345257e-01,6.081738048390419316e-01,4.093349472891678054e-01,4.702944484448537410e-01,7.940461735531898491e-01,8.234401849927500683e-01,7.308856564505676889e-01,9.813878767292132377e-01,6.455759018354424450e-01,9.473297517539435164e-01,8.826858515773327030e-01,9.054793928874359521e-01,4.237411710855432667e-01,9.278215663598354812e-01,1.118593621047431069e-01,7.102070117208059141e-01,8.106464991586623814e-01,5.692482524231097241e-01,9.196440211776570894e-01,7.862646626181877263e-01,6.171744792703791616e-01,9.368446632919240624e-01,8.854615806693211244e-01,5.691102030386797628e-01,3.013009561641266654e-01,5.434115578632259247e-01,6.633960079196801196e-01,7.777796326838273266e-01,7.298843778530588189e-01,4.710902868769744067e-01,4.814558081587052563e-01,8.045743870011710097e-01,3.709180485678704731e-01,3.627415151175558128e-01,4.748081605615189771e-01,5.497616114477013038e-01,7.709081227386811452e-01,4.222443241246903733e-01,6.853533876230436528e-01,9.493775577072802729e-01,8.218125025824498664e-01,7.526195981632233245e-01,7.430720540517562478e-01,4.584544879425720421e-01,8.133746605400580254e-01,9.700696059000091243e-01,8.860383798317402748e-01,5.047282598693824118e-01,9.473453687175557025e-01
9.601145354727615988e-01,9.774535445762625452e-01,9.620061814386997590e-01,8.097202849868834207e-01,7.439887053385969562e-01,8.534115679478904148e-01,3.303784627750265823e-01,4.584123180787343377e-01,9.899638330176522283e-01,0.000000000000000000e+00,6.196967548141109061e-01,7.659908463910468646e-01,7.669468231466176622e-01,3.349270616387545283e-03,4.995889101985609981e-01,6.954179383499061728e-01,3.731205632822872653e-01,7.709932676258344220e-01,4.377190164693580687e-01,6.063209153193724887e-01,9.793486992518338763e-01,4.582089087687680196e-01,6.766080568111481064e-01,8.166718092008483643e-01,4.711914999461055409e-01,3.353339502663388871e-01,8.493579071975406736e-01,5.030355774821453352e-01,5.688597146832570228e-01,4.657382846179333735e-01,4.700951422839899640e-01,2.060119824092536758e-02,6.709074438611644098e-01,7.165241411836258401e-01,7.190529021101161877e-01,4.190748282533678370e-01,3.671363321071732105e-02,6.281563573427132452e-01,8.276929705584163965e-01,7.257820204484828341e-01,7.477489240797714487e-01,7.496797100574517092e-01,7.795355988894716592e-01,4.318138412193560094e-01,5.779043380365381788e-01,9.126452778448408409e-01,8.316388903227635021e-01,5.829286058842161333e-01,4.571413094005185029e-01,5.513217323756911536e-01,7.451510800588110328e-01,4.855593143361161546e-01,7.167990374678229193e-01,6.598398895713744050e-01,8.430337680456356786e-01,5.831191448107896358e-01,7.745043876349393397e-01,4.989600129625750835e-01,6.135350559451152597e-01,4.381475888163372523e-01,5.519841605165274334e-01,4.990964471336620245e-01,9.829706764662597962e-01,8.376712324528760023e-01,7.767800291926960643e-01,6.125854828650760808e-01,6.672407037108172290e-01,6.268924648793433585e-01,4.366814946019104138e-01,4.354951614487130307e-01,8.615682372692817781e-01,7.952261103006286191e-01,7.279819650163636968e-01,6.868391953271595352e-01,2.431611545870834834e-01,6.891543865804266034e-01,4.494409870852802968e-01,5.423670794608530521e-01,2.820601311686473656e-01,1.216903392650882099e-01,5.968237829488011181e-01,3.122474963086991351e-01,2.801963141439013372e-01,2.308731846680445177e-01,6.753783853913748469e-01
9.785543056737665557e-01,7.173177186374122272e-01,8.484956383145597636e-01,4.246841932762526750e-01,2.876951238749407835e-01,8.206879079044273606e-01,6.985521637820888419e-01,4.104604266284749281e-01,9.953730292664225709e-01,6.196967548141109061e-01,0.000000000000000000e+00,8.884975031164956683e-01,6.893376970503231060e-01,7.449197820357134070e-01,5.422093464159375431e-01,2.435510597587899340e-01,4.655814489425872948e-01,5.161979753672846227e-01,3.257426177307264359e-01,8.309064735835589577e-01,7.684128114874302362e-01,7.963235720085737324e-01,9.042881778221379951e-01,7.314155701551882105e-01,5.722096608236475479e-01,6.866502942812957588e-01,9.571439210406901266e-01,5.433645791756160914e-01,8.122513408451594863e-01,7.987316355556819403e-01,3.422282199462995944e-01,4.572372138290530796e-01,5.348537439534331028e-01,8.394276162400493568e-01,5.168864407822074680e-01,4.993982010992963350e-01,4.667266911607015345e-01,6.404690989661441236e-01,7.921264212284084838e-02,3.489051027970367924e-01,8.362469187390688674e-01,6.282777993191470678e-01,9.431070033180376511e-01,6.582987028382798478e-01,8.687342162879173602e-01,9.131981694418462858e-01,3.520268723735482386e-01,7.168912239261937547e-01,5.063904245312019770e-01,5.678925297851249443e-01,7.301525033107532092e-01,7.169649881239504863e-01,6.376421257318012348e-01,7.086247882189441460e-01,4.870300239963987199e-01,6.292171481956922996e-01,5.791089363962883541e-01,5.446058832914842940e-01,7.262059616572077436e-01,3.390634261895130175e-01,3.329427433390849123e-01,5.607766987389655178e-01,6.398298716824089016e-01,2.092066384035696225e-01,9.427338958369794186e-01,7.723832864940770315e-02,9.696069602810550858e-01,9.331055670070769192e-01,7.734740767278546203e-01,8.378196010033427399e-01,7.129673963235922951e-01,8.007063926708956059e-01,4.745035742113297150e-01,7.365673283855960207e-01,4.423229371529917575e-01,7.640415763631870361e-01,7.646973609905143299e-01,9.555977696817051781e-01,1.908361060532378362e-01,3.901649221769999398e-01,9.316704030066846887e-01,9.187814582619349135e-01,5.950539946433959226e-01,5.497278411884592986e-01,5.537390475451436922e-01
9.969529071748148841e-01,6.809007674096665408e-01,5.122628285734260878e-01,8.555313034481938361e-01,8.027041656723497010e-01,5.224271624824148308e-01,7.008759055255134873e-01,-1.034683277279508928e-01,7.043508267723032068e-01,7.659908463910468646e-01,8.884975031164956683e-01,0.000000000000000000e+00,4.148063353887416205e-01,8.992097188621323012e-02,6.520677026988098701e-01,2.484542124778605365e-01,2.475984768948510384e-01,9.367608281030184170e-01,5.315503215740462473e-01,9.333953222995723387e-01,8.796661986973367542e-01,4.702261273082500304e-01,7.589239591254827166e-01,2.007617323797861453e-01,3.772983280070763557e-01,7.255309730209584806e-01,6.838132430500867276e-01,7.399517307271862299e-01,3.650692251215552631e-01,6.226531544815268049e-01,5.440893855422641590e-01,3.719923930876625207e-01,8.534416003790870064e-01,7.658355678306660863e-01,7.703477425484732688e-01,6.713249034633962387e-01,5.733748360312582726e-01,1.655690435772562696e-01,9.379214933146422517e-01,9.838319696469089992e-01,2.986113836808362287e-01,6.557087581829852407e-01,5.953138250592081571e-01,4.175516586617697978e-01,9.456359651243649855e-01,8.765399464790640804e-01,8.450248653995237058e-01,7.488852585471693635e-01,9.442237313445236424e-01,9.718621002569505229e-01,6.783395955385130849e-01,6.544445453079248409e-01,6.288699019370876941e-01,8.685675988658179969e-02,9.730603754292309615e-01,3.764178746611040322e-02,4.553279005151654180e-01,6.079960158188750796e-01,5.038239890751112782e-01,7.251796617220481744e-01,5.812624300251715281e-01,9.753298284030705034e-02,6.045947944737311008e-01,7.492826484661322395e-01,8.419067342826928035e-01,9.483028633224359627e-01,4.098652490587248454e-01,9.404226153366359586e-01,3.502855118687765446e-01,4.643332091726588007e-01,8.675102816442132880e-01,9.610926980363958538e-01,7.881306361881307287e-01,4.845168742239287507e-01,4.629706744173129329e-01,6.265644428957974910e-01,3.286916625473607634e-01,6.455433615712530271e-01,1.080029926595176132e-01,-1.648031611777127925e-01,9.642886789822647797e-01,6.988737523092460879e-01,8.773818005212452587e-01,4.269068180329856910e-01,4.274471850696539565e-01
9.751276648860429663e-01,6.795530196864540962e-01,8.028203017340288516e-01,3.923384912050243978e-01,8.505311103936697981e-01,6.628580369364258651e-01,1.957652281184268372e-01,2.919996083405679843e-01,8.115935806657937901e-01,7.669468231466176622e-01,6.893376970503231060e-01,4.148063353887416205e-01,0.000000000000000000e+00,3.912183548087472262e-01,9.410325314041867450e-01,7.576829198083407935e-01,7.964321867667460975e-01,4.618393586477358426e-01,5.827368741404576058e-01,7.660903427773937402e-01,9.689041482554250351e-01,6.872359989784594392e-01,9.729750699288675087e-01,6.376831209331379480e-01,6.260514720108010245e-01,9.807572559163721948e-01,7.729296351888242933e-01,5.006866414595604331e-01,6.111128198400074263e-01,2.547456247346444602e-01,7.032039425988727555e-01,9.353480778155505160e-01,9.661334438122016754e-01,7.262583936065211132e-01,6.196812902400529177e-01,6.308810838206924121e-01,6.497920452523410217e-01,7.473533672138018558e-01,6.456811985139979670e-01,7.870162579485505683e-01,5.223891014275356959e-01,9.628489952958108056e-01,2.553621750151927605e-01,6.987872597306913347e-01,8.378131737634768594e-01,3.803078379728282998e-01,8.395699668551570571e-01,8.164544029717343276e-01,6.953965220627038590e-01,6.019252382309657756e-01,3.802283093922281254e-01,7.475134555106193179e-01,8.513208596299407516e-01,6.253053533217780569e-01,7.355425482529404091e-01,6.653709878331253158e-01,9.895229162416541158e-01,6.153753836940281108e-01,6.785676075704578647e-01,4.295186548238991153e-01,3.149825976449894260e-01,8.937256981898091812e-01,7.266259313000934528e-01,7.049078216726449853e-01,9.645022731061851928e-01,4.091643260999309195e-01,7.203995152067925734e-01,9.726952986441723681e-01,6.847028002103955346e-01,7.274024985925777731e-01,7.736878437575382961e-01,7.086020079477128863e-01,5.569691994890380027e-01,5.387330514696674344e-01,6.546577042376628963e-01,8.514685721238945959e-01,7.287103371857411860e-01,6.617617069857566203e-02,8.905455539653245323e-02,1.135381436766326052e-01,5.770231223076448535e-01,9.527958829187531675e-01,9.224588162893979648e-01,-6.774213452352209619e-02,8.350678046807129551e-01
5.129777339516674584e-01,6.233561595458122495e-01,7.324384685406930551e-01,5.043487930258953034e-01,8.100084161545243466e-01,5.035707636752553285e-01,2.602530485320087017e-01,4.144980574602389889e-01,7.102806453220231742e-01,3.349270616387545283e-03,7.449197820357134070e-01,8.992097188621323012e-02,3.912183548087472262e-01,0.000000000000000000e+00,3.711246481758768145e-01,6.758293176477097042e-01,9.235431198826793420e-01,7.619212014640704966e-01,9.202160333820352811e-01,9.321229082041571079e-01,5.673177613365388838e-01,8.657260314854411387e-01,9.902185768908677854e-01,9.140332974306367708e-01,3.030923685940096757e-01,7.333762770760846594e-01,8.747877191754175330e-01,9.791870374424133106e-01,7.579521930900189330e-01,3.965272372249906141e-01,5.839121247127410097e-01,3.062837458540008662e-01,9.139958886029553309e-01,8.142485227471801812e-01,8.239021511956462485e-01,2.885639683986693793e-01,3.037031144985462006e-01,8.767987051581073166e-01,5.716428417045755772e-01,7.083335325865960375e-01,4.989926896709656612e-01,7.131781610592553555e-01,8.662951552021838086e-01,8.043200508908211477e-01,3.263814483558005186e-01,8.465235208467025707e-01,7.574211600295833735e-01,5.771038335022068422e-01,5.083325365305363386e-01,6.111959495279235544e-01,9.587281180072360076e-01,4.618886958379705421e-01,9.451851546918585978e-01,4.525826944353296133e-01,9.059708850660910251e-01,7.787627620912072057e-01,8.603305211467849878e-01,5.516404299009718404e-01,7.837330408822044125e-01,4.547537099763842017e-01,4.374607902986735186e-01,1.785232188551044707e-01,8.260281034463768934e-01,8.794216849203179143e-01,9.162315404516319095e-01,6.831836379093025879e-01,9.076897516497663965e-01,8.048395871947554570e-01,4.503699608729235804e-01,8.769893473761790625e-01,8.640616421929171453e-01,9.845596701620624724e-01,4.144262775470570759e-01,5.583850880580727427e-01,8.441532156453736002e-01,6.835454896053193563e-01,4.947170973925659743e-01,7.192723777594653978e-01,4.103705580016385746e-01,6.872453061926713236e-01,6.452953889051118441e-01,9.039864255877866350e-01,7.083638134860489322e-01,5.887178659977736483e-01,6.737647508066795243e-01
8.152631265189628218e-01,9.879390621808719075e-01,6.639587493605010327e-01,7.350009000923597435e-01,8.817709066925742967e-01,6.391385864709997477e-01,2.989998419879493219e-01,6.515970345434298761e-01,4.376718154413979933e-01,4.995889101985609981e-01,5.422093464159375431e-01,6.520677026988098701e-01,9.410325314041867450e-01,3.711246481758768145e-01,0.000000000000000000e+00,7.234227689493302194e-01,7.076141190684961391e-01,5.883567709950217051e-01,9.679561438029266052e-01,5.775071112737859558e-01,9.562071657266817404e-01,6.473830262754212139e-01,4.817296350818280892e-01,9.632424769351616289e-01,7.525027453783048603e-01,7.738401401444995331e-01,4.981395438314058510e-01,9.788180707088084409e-01,2.761496842542479624e-01,4.813045485589952932e-01,9.746960079798441812e-02,5.257768594597472811e-01,-5.048494443896014983e-02,7.921951720843782851e-01,8.279451977433528453e-01,4.795993154293616278e-01,6.491476424869018214e-01,7.479019971471088102e-01,9.787126082429838947e-01,8.390142384318216573e-02,5.538515852375629489e-01,5.170982076704091490e-01,8.097181208723345236e-01,6.243460617123689493e-01,6.799086288582256721e-01,8.156314126769790285e-01,2.749292574348951579e-01,7.420188282299642335e-01,7.452878424840285732e-01,7.593115699213275338e-01,7.148235652778111016e-01,6.478936094520199029e-01,9.435947813160001640e-01,9.000954038398680801e-01,3.790978074367600259e-01,4.098056927909045077e-01,5.806666701152992660e-01,6.854157768280594309e-01,9.911224909652274206e-01,6.073700973638344047e-01,8.603171518473875512e-01,3.487248514615112205e-01,7.259886366819437997e-01,8.022370473775833899e-01,9.865839717908569950e-01,2.887371220083252976e-01,4.844398863997700921e-01,6.303734949287186362e-01,5.976202308349701786e-01,5.801414370710876733e-01,9.993771133232181025e-01,4.332030928091648025e-01,6.855385630809471831e-01,2.462704098840395872e-01,9.202064061394110706e-01,9.937166758701305724e-01,7.191489874646073144e-01,6.887132428481468338e-01,-1.152680811826911622e-02,3.630222126851995190e-01,8.723813798408309728e-01,3.863236495002349002e-01,9.669524725408026322e-01,4.446309806413495727e-03,9.013899947227623777e-01
5.135436547820292352e-01,9.530275958001103165e-01,9.968440632745299013e-01,6.038484839264326443e-01,6.494622188285835707e-01,8.406081388536124077e-01,6.396070142134899772e-01,5.118759719738819047e-01,4.010354364770040703e-01,6.954179383499061728e-01,2.435510597587899340e-01,2.484542124778605365e-01,7.576829198083407935e-01,6.758293176477097042e-01,7.234227689493302194e-01,0.000000000000000000e+00,7.084473256609710168e-01,4.622804527285273579e-01,5.575941159106595491e-01,8.340777258342680911e-01,4.655109785262587785e-01,6.482290353304502872e-01,3.427229316247379920e-01,9.509831686778422721e-01,4.871659384038647400e-01,9.362359803310982276e-01,9.305873243797722072e-01,8.250040804810506723e-01,5.026048788621322316e-01,5.877984541534141405e-01,3.620726399283755170e-01,7.435421348161823651e-01,3.312633442361190284e-01,8.779013262891552927e-01,5.145676525129180279e-01,5.927584926437943352e-02,5.159798472945754666e-01,6.800014190074183951e-01,8.208818073938295434e-01,7.625281000627336381e-01,7.543665713276853646e-01,8.222531203035970959e-01,8.690111395728434829e-01,8.625526085457725367e-01,7.382355480928969316e-01,9.098319953016600348e-01,9.689134891154141949e-01,9.706004583391688589e-01,8.922966866435810829e-01,5.476242403762381361e-01,7.628178505971334733e-01,5.518063642315403916e-01,6.518186822827103377e-01,6.642210596090889485e-01,6.259820141071829047e-01,8.728494582757913012e-01,5.260192609380058837e-01,8.647572517938857395e-01,9.359638146911093415e-01,4.625544605057468894e-01,5.752534115022255312e-01,2.508123210656247881e-01,7.352321286703084047e-01,6.868836781313666373e-01,9.089979725336471139e-01,6.118192234658986761e-01,9.170787739034800268e-01,9.878263723167982624e-01,7.619837681253743833e-01,8.811937581940738617e-01,5.070160860680352766e-01,7.862983783229170465e-01,3.457822957032518629e-01,7.499966483047550980e-01,7.194123906197141816e-01,5.268364566935199722e-01,9.743389764144365639e-01,9.238047989698839890e-01,7.321619112433578325e-01,7.022445959836157714e-01,4.878985674157131913e-01,4.317470848725864507e-01,9.595441140682370307e-01,1.150880198904650070e-01,7.052305997814837246e-01
8.257981355076705610e-01,7.929801940769900526e-01,4.135499982257156981e-01,9.100819501048509341e-01,8.478589147672452864e-01,8.803744354088796076e-01,7.873276802983740774e-01,8.733790365177150905e-01,6.728432532716179804e-01,3.731205632822872653e-01,4.655814489425872948e-01,2.475984768948510384e-01,7.964321867667460975e-01,9.235431198826793420e-01,7.076141190684961391e-01,7.084473256609710168e-01,0.000000000000000000e+00,9.755415307251097401e-01,6.885032241598491032e-01,8.617677943199212320e-01,9.231842848121645240e-01,7.281524740448264144e-01,4.193166085004685351e-01,9.195269283379248204e-01,2.115310716994453499e-01,7.352343574810226157e-01,9.184740322993589778e-01,9.478727592235678401e-01,3.072902883140030683e-01,7.748992663344762555e-01,3.388453446460539809e-01,6.066274356861459660e-01,7.113537016848110461e-01,7.724793204838729110e-01,9.309871065016496194e-01,7.317225050267722741e-01,5.990215183775884356e-01,7.394441527478763376e-01,6.939731523514083289e-01,9.720898567570318560e-01,2.166421565994454956e-01,8.908039198312647233e-01,9.058405971972633974e-01,6.920470507488231116e-01,3.751303097688203358e-01,8.469205989345562902e-01,9.368759731803040225e-01,7.536366404627126148e-01,9.995064667781559109e-01,6.959913756325561973e-01,3.690979864219403050e-01,9.191564210053383421e-01,8.997624194753819360e-01,6.119575971051743890e-01,4.047007287666600783e-01,6.072062221572832597e-01,6.484442369921414873e-01,8.027289447273947554e-01,9.769119478839778381e-01,2.847373990833550472e-01,6.058501565031056968e-01,5.797304836148582385e-01,8.157288174778017931e-01,8.570653086092657746e-01,5.506746330680851731e-01,7.987603344309691655e-01,4.923411194866221252e-01,5.302132341189826903e-01,6.097728910782412859e-01,9.859576841899583277e-01,3.135369835492429202e-01,8.330112924038408639e-01,6.033806330805449036e-01,-1.274418073770874349e-01,9.700621419297346115e-01,6.753195578080674055e-01,8.606508043697898014e-01,7.000920011147271360e-01,5.520899545525900232e-01,4.550650536152944792e-01,3.289918482091361840e-01,8.947791263152952146e-01,6.993376034603504543e-01,9.065564188948594532e-03,9.529274998331107582e-01
9.962761372605865029e-01,7.580541590467281265e-01,5.364061427826843920e-01,7.219707593027897552e-01,6.531632532062316976e-01,5.952531762089577905e-01,6.680516465145590610e-01,5.771770043438423370e-01,4.806820341728075263e-01,7.709932676258344220e-01,5.161979753672846227e-01,9.367608281030184170e-01,4.618393586477358426e-01,7.619212014640704966e-01,5.883567709950217051e-01,4.622804527285273579e-01,9.755415307251097401e-01,0.000000000000000000e+00,9.450585677819348662e-01,8.145312802812327835e-01,9.244746506942160824e-01,6.467055918691012595e-01,7.032644530434760677e-01,8.034064907139603084e-01,2.170075195623340225e-02,3.538128699858260617e-01,6.553258904751365632e-01,7.087532684766061353e-01,4.508066526400278939e-01,4.952223866153634413e-01,2.537294702395476165e-01,6.721725027346892034e-02,6.278954884856544627e-01,8.762737532065019153e-01,5.091159320636393648e-01,5.316177507192567653e-01,5.105768756448372248e-01,6.466611746307805442e-01,9.641496060102618948e-01,7.251891479442023059e-01,6.766280537294601105e-01,8.364708696752545247e-01,4.856532559407080174e-01,7.844345101162886191e-01,7.552467047258757393e-01,7.487442277340764507e-01,6.543171210230314117e-01,6.740023333093443370e-01,2.656896276815178815e-01,7.095798865759194163e-01,8.806365707075856086e-01,7.453698918703712817e-01,7.171618961830884542e-01,9.474594625499521694e-01,4.781507975358929574e-01,6.170187087484378941e-01,7.839518585349778412e-01,2.045091242673107712e-01,6.412265115993440734e-01,5.999653181980144634e-01,3.163797943417067104e-01,5.829109528171382282e-01,9.008882858918169090e-01,6.048708015045154429e-01,8.888848908532567261e-01,6.961981762922919703e-01,2.487080927307327161e-01,9.163262625441928044e-01,3.932342250019553176e-01,7.956152721517105730e-01,6.466048891517715003e-01,6.719630119715513938e-01,2.089492023681469857e-01,4.539524419173561753e-01,7.006450625530001863e-01,8.767634198207364671e-01,9.061589620879084706e-01,9.857959012675042709e-01,7.004714333787606106e-01,-5.474676950445050982e-02,4.355399777800299521e-01,6.510089405988612743e-01,5.348339112285231955e-01,5.811681898404648106e-01,4.928397033630130819e-01
