0.000000000000000000e+00,9.735375781848907284e-01,6.758670959439951886e-01,7.634340530777462552e-01,5.392548277117006350e-01,8.063547576468679257e-01,6.218147313614879046e-01,8.370791087509188433e-01,7.495368688597154883e-01,4.516868955763864157e-01,6.968194490223194038e-01,9.571090151842541749e-01,5.273327309223526660e-01,9.637922941975405333e-01,8.870747807305709998e-01,7.660015549730063711e-01,9.171570593319969822e-01,5.841277476650289513e-01,5.077010791080055485e-01,7.503303985801907938e-01,7.187900961682003320e-01,3.192189561427551947e-01,6.263682635671785626e-01,8.871557325514464187e-01,9.857330120836295118e-01,8.099210353579979760e-01,9.942907650562106125e-01,7.698360128239492006e-01,6.191109278684213679e-01,4.766182280786871450e-01,4.004727371516015877e-01,9.592428456677863924e-01,7.099480088016876245e-01,2.322141529998745235e-01,8.135381767175778878e-01,6.569884241193990615e-01,6.802937878465302735e-01,8.567789183040707135e-01,8.891882353689978258e-01,3.350694775024263272e-01,1.485947594934995952e-01,4.730080608146562948e-01,9.109117378647152430e-01,9.466531487091781605e-01,7.185050506285292071e-01,5.322839597060048389e-01,4.341374743444864071e-01,7.926118166826565670e-01,9.746686355237940136e-01,4.810800901859617063e-01,9.695472448461323056e-01,7.878631778001740082e-01,9.105175339177922211e-01,7.369869551599321778e-01,4.308733992691495818e-01,6.137630051498416117e-01,6.598917741151550942e-01,6.436165573806911233e-01,4.435275341019318529e-01,3.383251349488409776e-01,3.851676483856953936e-01,8.009548757763477189e-01,4.819924423943588998e-01,8.730841577539047993e-01,7.383928501344918516e-01,9.901871629394496388e-01,9.776704623682964668e-01,-1.542063554949591742e-01,8.844544253987770555e-01,7.424140367495325465e-01,9.373724153336134846e-01,9.629112626515774487e-01,7.901987286594385207e-01,2.171614117249099918e-01,7.131245991306131016e-01,6.927095422638442912e-01,8.368097181147973185e-01,6.497003450046522355e-01,2.677347578625455249e-01,4.202126432655579613e-01,7.540523764736563050e-01,7.806914468793058060e-01,7.404488502517372339e-01,5.197769620471027752e-01,9.711961950513020581e-01
9.735375781848907284e-01,0.000000000000000000e+00,8.084034909956548942e-01,7.035393363961879309e-01,5.345652792365089834e-01,6.690322541250949273e-01,5.566505299942047236e-01,1.371204727850285077e-01,5.998536886750662767e-01,8.516630038279844328e-01,8.015460574570174579e-01,9.967092764492451185e-01,7.158399441002927244e-01,3.353616633407852099e-01,7.792243087983157235e-01,4.555178897487283662e-01,7.060771078224129527e-01,8.902033316001274343e-01,4.579377217321815574e-01,7.049076747597303738e-01,7.547730698702566077e-01,7.078340037128775242e-01,5.977765543042553587e-01,5.971700400447803592e-01,6.240699972740437751e-01,7.758947807872728086e-01,7.715806554052708766e-01,8.271253828152610454e-01,1.976080152411058277e-01,7.507066090024535621e-01,6.783189569414999065e-01,9.213962574714553710e-01,5.282927547784876943e-01,8.838621821338087381e-01,4.246710307392126960e-01,7.528174218447003518e-01,2.843064195244353054e-01,7.148384695420388901e-01,3.339960759791493761e-01,9.421287925496633076e-01,5.113953334100165282e-01,2.126324864396973435e-01,6.111540087351803319e-01,8.744802002342735303e-01,9.211147979006970576e-01,4.589386062565617430e-01,7.734424872808425278e-01,9.666223116125434167e-01,6.658432153000344300e-01,9.379810556153378442e-01,6.933094717074311797e-01,6.496875994348122463e-01,9.733140826635267029e-01,5.658233061911567274e-01,9.616215605722436832e-01,6.875614987427459690e-01,3.167404386983039277e-01,9.345984645039726590e-01,8.961138495994372954e-01,7.112238718608491217e-01,5.587417135146027780e-01,5.750782338316037245e-01,6.821787038258095848e-01,5.081822953966453893e-01,8.691271930944746149e-01,7.091378172394454671e-01,6.934671659779958475e-01,7.343601851179536455e-01,6.690823534083176760e-01,4.262951197151381155e-01,9.769389761956118745e-01,7.114584887371422361e-01,2.925584859071870270e-01,5.054198367887650090e-01,5.278287687729611433e-01,4.915370645641431446e-01,7.005625099446345372e-01,6.103026135413378572e-01,-1.685035053238954361e-01,-8.359172092658129216e-02,3.087887779555124057e-01,7.109577436551537399e-01,7.665185325718333331e-01,9.896108733882302833e-01,7.218533005523031232e-01
6.758670959439951886e-01,8.084034909956548942e-01,0.000000000000000000e+00,9.129247000879313623e-01,9.366174889242925294e-01,8.446118700331015638e-01,5.614379865804868253e-01,6.027517702167795033e-01,9.912458742740616335e-01,7.796643943888293959e-01,9.491611408090202540e-01,3.695482873118592915e-01,8.164604593478684835e-01,5.454956369643403358e-01,9.920530943764285237e-01,9.980477297877574649e-01,5.427904066757193169e-01,4.133006907797235341e-01,7.909777699533182549e-01,6.244779262667725650e-01,7.377421419249687862e-01,6.702908723552922776e-01,6.152179064912821627e-01,6.844992361650821255e-01,6.715417471053926057e-01,9.044685757715109631e-01,8.386113126370146054e-01,7.103380003490975536e-01,9.979354708490886239e-01,4.635396140094262263e-01,6.293862527790939909e-01,9.940912829841956899e-01,7.296301341572306587e-01,9.119156445799087019e-01,1.260764173151713852e-01,3.394847360739309261e-01,5.590806492724702537e-01,6.024663438568108598e-01,9.593976465274558496e-01,2.713908167507925739e-01,3.797472509292286746e-01,6.722460730580173127e-01,9.380911937352076624e-01,5.910546850625517656e-01,9.172007469179926931e-01,9.029140300553035736e-01,6.911585727439158999e-01,6.229183899414437731e-01,9.855337522828150343e-01,9.252403517298001256e-01,8.675794226572831613e-01,4.786002418012696435e-01,6.156148896071405030e-01,7.767934182770865892e-01,7.044279590316426809e-01,7.124810172837970912e-01,2.742188617631826641e-01,9.875991974220476033e-01,9.665569572774573848e-01,7.627832756289278926e-01,5.437684266281548329e-01,8.068943473684563328e-01,6.068203390507688200e-01,8.844524376193377835e-01,9.853300754603644407e-01,7.390235244379206314e-01,6.199223797433683902e-01,8.154684288992420926e-01,8.394746068786465010e-01,7.918303006549174405e-01,4.261954325552013700e-01,9.094049932846853812e-01,4.656827392826961010e-01,7.435491535555428522e-01,4.938248271201958750e-01,9.782288410327169004e-01,8.508227022603811474e-01,6.228770322827726913e-01,-6.003322794353563308e-02,2.612982011958727702e-01,8.711465969311134039e-01,5.915411183818219953e-01,9.329357901566753819e-01,6.453931123015730353e-01,6.849916262566310143e-01
7.634340530777462552e-01,7.035393363961879309e-01,9.129247000879313623e-01,0.000000000000000000e+00,6.165298313948720521e-01,2.177876310959473150e-01,5.945492891048296258e-01,4.382258734444482995e-01,9.317243102995073079e-01,6.267069966023108840e-01,9.650595304981129940e-01,6.827372717176635186e-01,9.848097833119812128e-01,5.866834649803021051e-01,8.838112403034534825e-01,6.620790395511507720e-01,8.241461727328674991e-01,6.847211875496782563e-01,7.939059882904225818e-01,8.472788225412324348e-01,9.828044604518246796e-01,8.573582676940517677e-01,8.643351071362644911e-01,7.864812188441909768e-01,6.347208432180898585e-01,6.657702409035344271e-01,7.760689368142222877e-01,5.470030113342969624e-01,7.774950488523748593e-01,6.187279997753747374e-01,5.266324162944729936e-01,7.862968653007130770e-01,9.193299883604935108e-01,8.616948703502800289e-01,9.217102129406153921e-01,6.284074921117822621e-01,6.963602023246103778e-01,4.755069898242473281e-01,7.925178677502646707e-01,4.469604790221450297e-01,3.020161867403172162e-01,2.527057165833914154e-01,6.952923837987683431e-01,9.633102449812094292e-01,8.790871643691110515e-01,8.981649475397741611e-01,5.401381794438150363e-01,4.592410057888500208e-01,8.811607017350298054e-01,9.244516933179696139e-01,4.166008344242227990e-01,9.472973302586836786e-01,9.422598960658069567e-01,2.763034877610445750e-01,8.876216170198707456e-01,8.745416994856944903e-01,3.513849076921036207e-01,8.407844004826188211e-01,8.129442899111580800e-01,9.020530689062218332e-01,6.477675156889044494e-01,6.151641701450729638e-01,9.964715687475316219e-01,7.826136657017552789e-01,4.844147191708018108e-01,8.439063841817098233e-01,7.653758303992908019e-01,9.823189599953079387e-01,4.406728614585447845e-01,6.470905899726655530e-01,7.584076569382586230e-01,9.506228355231671756e-01,4.538191020041424384e-01,2.601471432185065158e-01,1.040743661777179807e-01,4.980299494409948236e-01,7.998139731043358847e-01,1.780889437343526338e-01,4.890470228557748655e-02,4.758248427235473588e-01,7.546394752482862289e-01,9.115634785192456846e-01,9.419545967384821417e-01,8.040986224288226847e-01,7.136853455698890514e-01
5.392548277117006350e-01,5.345652792365089834e-01,9.366174889242925294e-01,6.165298313948720521e-01,0.000000000000000000e+00,6.659132624388731658e-01,7.220752121409381719e-01,4.024015721108600285e-01,5.403009920192295423e-01,7.555821935468027828e-01,7.149103311776294767e-01,9.389916424158154529e-01,6.495916478980030551e-01,6.309019318324086134e-01,7.445051254363445059e-01,3.980016717675561311e-01,9.084515564688243616e-01,5.635376798986783120e-01,7.436525236348763279e-01,7.897615214960094221e-01,7.008891018975438314e-01,6.367223535448117699e-01,8.975935453352338333e-01,5.831291743669992922e-01,4.283630801962611812e-01,8.431397846205346269e-01,8.455402260534967684e-01,3.854741922391977660e-01,3.259280870935595265e-01,7.535393517650241790e-01,5.403525557621104980e-01,7.544211802748235218e-01,6.480324776369170703e-01,6.716254740393555744e-01,5.957313755151780743e-01,5.507040091845947227e-01,5.619012127891029884e-01,4.950140799424674887e-01,7.337360497658513836e-01,8.112716363447526335e-01,4.460221336452027119e-01,7.464702774434347488e-01,4.442904453429764033e-01,9.757498936058354166e-01,8.835590357548855911e-01,8.824364671339702815e-01,7.306352591569311716e-01,4.160431014132186939e-02,5.731638697351773004e-01,7.076036959456731834e-01,5.687056292981569339e-01,2.730447755349668104e-01,9.476390661640345936e-01,4.501782510769815615e-01,7.587609525083718331e-01,7.106997316091966388e-01,6.780634058226471250e-01,7.977785590601633725e-01,9.842709120994156402e-01,6.721348097471192551e-01,-1.655437789818153260e-01,5.063261227628701455e-01,6.841184658299966914e-01,8.084085649139786112e-01,6.841490035648762902e-01,9.512719949390606722e-01,9.102917329466734264e-01,9.803027555749307398e-01,5.129222238581319093e-01,8.510470955902844636e-01,8.253308769109786169e-01,2.717113476438443032e-01,4.139709602005271494e-01,4.153247899713397029e-01,9.952654413365693564e-01,7.377935208921940768e-01,6.894687617898005438e-01,4.625758072171289315e-01,3.129251247881588149e-01,4.415600142713237974e-01,4.829300070845602977e-01,2.993049048683370517e-01,8.809833331122582933e-01,5.639454965682688670e-01,4.338871212659446419e-01
8.063547576468679257e-01,6.690322541250949273e-01,8.446118700331015638e-01,2.177876310959473150e-01,6.659132624388731658e-01,0.000000000000000000e+00,6.495028939014050318e-01,1.670596141953961944e-01,6.222426060092302036e-01,7.591472542582538008e-01,5.150507941051079008e-01,9.243882717876642507e-01,5.602761971578618105e-01,2.834984270915643645e-01,8.696409246629626111e-01,1.085198933497232981e-01,8.031566983249988079e-01,8.144563670422045876e-01,9.802331204085257266e-01,6.706762389923488499e-01,8.154782972985497036e-01,8.706127111914467864e-01,8.099184041917866228e-01,8.652678785174461318e-01,6.601735988698317348e-01,6.859627633052367557e-01,7.803199108308243037e-01,7.499113206419335542e-01,6.768021666844908912e-01,3.842741594611489564e-01,5.494162335437242639e-01,5.050353230290667295e-01,8.397459608114077323e-01,9.915417382588938011e-01,4.304054395693839297e-01,2.557084850852974212e-01,4.511704327418905591e-01,7.351028229078123699e-01,7.518372690770561695e-01,9.197517912117800787e-01,4.070165104670748768e-01,6.805577297729203945e-01,8.776948478805679521e-01,7.931883491367174299e-01,7.507947623428248285e-01,8.121665578112867712e-01,2.423797233592888192e-02,7.235745683131690198e-01,5.960411318577536477e-01,5.344629913613819783e-01,3.619189465256996696e-01,4.010978523022109554e-01,6.130866390533472599e-01,6.180544320340172204e-01,7.426585065384907480e-01,6.007966196915115464e-01,8.959139197806641475e-01,6.367560341861183693e-01,3.379591676038685710e-01,4.605027925843154790e-01,6.707817974597996002e-01,6.495651220428600991e-01,8.565086500997169949e-01,9.727659909065056176e-01,8.718321892931415462e-01,7.949015531544119106e-01,3.361947124069870618e-01,9.882407476673709112e-01,3.122974167567665882e-01,8.240727653639958739e-01,6.651870750663709808e-01,5.086322925679833684e-01,4.524357194843148799e-01,1.893699489220989907e-01,5.724950042614982415e-01,6.007541700150311748e-01,6.761301902269887254e-01,5.375148880640157056e-01,3.313671378043192561e-01,7.518888345250474003e-02,9.617705423356287531e-01,9.736888786865754986e-01,5.731910194480704934e-01,4.946740318301288131e-01,5.388500198836976285e-01
6.218147313614879046e-01,5.566505299942047236e-01,5.614379865804868253e-01,5.945492891048296258e-01,7.220752121409381719e-01,6.495028939014050318e-01,0.000000000000000000e+00,-1.626742581599359139e-01,4.501459200142109984e-01,9.628727643979032580e-01,7.443234768705927484e-01,7.615699496691921144e-01,4.547997853581415839e-01,9.059744431012186627e-01,6.503581859722569192e-01,7.420483392701308079e-01,4.046139270401997723e-01,4.133686843177010184e-01,1.572853073055964154e-02,5.925625957081346318e-01,9.283087048067829583e-01,2.226943474302044701e-01,3.453278657030788290e-01,1.586125083610529507e-01,5.406445120817059413e-01,9.973592521142100598e-01,7.849868222691125386e-01,3.877737659875694076e-01,4.590691337273207218e-01,4.906264078315213384e-01,4.726754976369439976e-01,2.634781700131842430e-01,5.821857086741217824e-01,4.430449087334952241e-01,3.716934398594198274e-01,4.658870837438710000e-01,2.205434551009480271e-01,6.809463730565181727e-01,1.419762355892442707e-01,6.048282044794276446e-01,6.968052418787199498e-01,7.471012170111921424e-01,8.366288340533721835e-01,2.837000342671039399e-01,9.579405531935405449e-01,4.741550331005256469e-01,7.952763502137374374e-01,3.111417317122881498e-01,9.204310908770257926e-01,5.019020937926833570e-01,8.032313805032056386e-01,6.662585006208037175e-01,7.337189813439786157e-01,2.732848534238921379e-01,7.197438793910999610e-01,4.393414914462940302e-01,6.705310835585627238e-01,7.584872800095184830e-01,8.943280861472396870e-01,6.062202192013451674e-01,3.196390315470922228e-01,5.397100524779316899e-01,8.657429719806971624e-01,8.040742756579435380e-01,8.095670576093851878e-01,3.269390148840144450e-01,6.844445120678505079e-01,6.887098914121494442e-01,3.285529053205005767e-01,6.844840792774768978e-01,-6.650451570722434869e-02,2.821842191299637204e-01,6.567811766100095650e-01,8.327650686483468734e-01,6.167950959615374762e-01,5.035141290414389958e-01,4.714255306238822052e-01,9.705796570037987792e-01,4.204796697474937339e-01,5.402494729445725952e-01,5.828360276619660718e-01,8.478177166615589178e-01,6.064647929160792428e-01,5.597432009006420017e-01,4.600677607719758644e-01
8.370791087509188433e-01,1.371204727850285077e-01,6.027517702167795033e-01,4.382258734444482995e-01,4.024015721108600285e-01,1.670596141953961944e-01,-1.626742581599359139e-01,0.000000000000000000e+00,7.086895166093785114e-01,4.457499800978813598e-01,4.412174408736060927e-01,4.515087714972513822e-01,6.548538389290676776e-01,9.225791377053406128e-01,7.977587029355333037e-01,6.393668685351525660e-01,7.183311244197888579e-01,2.946806709322303264e-01,1.643014104293138988e-02,7.369160194520646412e-01,7.141445698185223678e-01,8.335628891209627689e-01,6.893613386989737579e-01,8.636007518731747545e-01,4.592395923497691879e-01,4.125729240249434437e-02,7.771193226700772172e-01,8.123493462279829380e-01,6.915758349757423762e-01,5.171163884176639414e-01,5.866579884881973905e-01,6.351315527036328623e-01,2.251831082959964425e-01,7.888240263042256561e-01,7.377044449332428311e-01,3.998496175386657137e-01,4.750230838008338563e-01,6.375265042085179745e-01,3.464203169084933975e-01,5.474771282465871192e-01,2.601059808809172980e-01,4.381738396522099066e-01,9.266844336965509576e-01,7.070330887264663078e-01,4.101318725989739900e-01,5.529851865076195194e-01,6.935351659665189850e-01,7.334068721187938511e-01,8.100867336284318654e-01,8.651775962494251404e-01,5.209114641614777108e-01,7.188992603359564137e-01,7.751517254411818270e-01,5.823703433130835716e-01,6.883271386293015048e-01,5.746866946959163780e-01,5.256504661815034618e-01,7.052347989354688096e-01,8.177345579203584292e-01,7.107912537897015381e-01,5.757733056618801193e-01,8.330545570115877041e-01,4.146028838545635087e-01,8.826058258637381471e-01,7.738458673275350197e-01,2.955413818518478064e-01,3.801886973050657703e-01,9.599003320980152854e-01,1.748124678402043775e-01,3.434531325828299453e-01,1.674106493155924080e-01,5.196604611046659050e-01,7.546402415776607420e-01,4.349386567156475758e-01,8.663302385348825574e-01,3.544165783389012780e-01,5.631250690171150097e-01,7.156554185199603957e-01,7.916614723630573114e-02,4.537937348519181513e-01,2.874850571749021366e-01,5.902438758089310067e-01,3.766513955000099223e-01,2.943467076129958060e-01,9.138914627259973056e-01
7.495368688597154883e-01,5.998536886750662767e-01,9.912458742740616335e-01,9.317243102995073079e-01,5.403009920192295423e-01,6.222426060092302036e-01,4.501459200142109984e-01,7.086895166093785114e-01,0.000000000000000000e+00,5.345013227016074397e-01,2.326844900294692264e-01,2.885289644010484780e-02,8.854547905167052813e-01,9.034637090990477182e-01,5.405568471841157852e-01,9.146385189864520981e-01,7.276072161755146039e-01,6.312655151751558336e-01,6.961135219248144601e-01,8.188868185016079382e-01,6.444093010467922822e-01,7.839682835451164955e-01,7.069172768658057437e-01,7.962484662059882146e-01,5.413100750619183055e-01,8.426176099864861602e-01,3.206505341972893386e-01,9.729762563550624632e-01,8.222713566907983163e-01,5.650989847840497404e-01,4.291580387266508700e-01,6.901041483978646029e-01,9.544766123289383231e-01,9.936376659934351707e-01,2.455280276638014680e-01,9.928895428369817200e-01,3.308776888535476246e-01,4.711783405900371036e-01,4.036813431096852312e-01,7.419649903813682057e-01,4.008333318995250250e-01,8.529592066379578785e-01,9.405423018665038937e-01,7.470251985593595601e-01,9.889234303684195648e-01,3.581064568066749110e-01,9.361259524582362657e-01,7.466914876004708823e-01,6.055165744549794171e-01,8.315648834407163292e-01,3.613189197407044029e-01,5.344054717710637892e-01,9.436579179147968066e-01,6.469880268556118530e-01,5.679773898958158096e-01,7.586019479680117250e-01,2.594511907296834785e-01,8.588766396875273657e-01,7.934552211029722857e-01,7.663089492665560165e-01,4.210919688529400906e-01,5.564853452410634116e-01,1.089203932831357517e-02,7.190410727879690267e-01,9.338241789831401851e-01,1.449315541248005212e-01,7.125468524685933946e-01,6.708563009601579141e-01,4.927426720100508417e-01,5.504666733706212733e-01,7.449107864167092696e-01,9.345787125023773401e-01,2.192750260124766704e-01,7.002876953126497828e-01,7.229514889245870490e-01,5.575431887803707909e-01,5.133238577129959346e-01,8.208544624061310246e-01,6.260873766806190899e-01,3.533165357555334563e-01,7.091785021769896336e-01,9.382767985555475754e-01,2.233816307217045272e-01,2.762519080443324171e-01,1.471564827771633388e-01
4.516868955763864157e-01,8.516630038279844328e-01,7.796643943888293959e-01,6.267069966023108840e-01,7.555821935468027828e-01,7.591472542582538008e-01,9.628727643979032580e-01,4.457499800978813598e-01,5.345013227016074397e-01,0.000000000000000000e+00,3.756485676942827867e-01,3.352079005964192504e-01,6.890607853170070962e-01,4.192975948771390793e-01,7.017875955075012495e-01,7.668403580993768953e-01,9.540950901781349858e-01,6.940222457689916302e-01,1.426227389081773447e-02,7.143668612638437443e-01,7.536689374782846729e-01,5.468342661576731656e-01,6.022708888029025820e-01,6.552417745433412044e-01,3.539627889740153410e-01,9.300141777315457103e-01,8.794474891042958209e-01,9.339981695886301338e-01,7.119825373704062876e-01,7.660520716481775683e-01,1.233707782397532732e-01,4.057589498021466623e-01,7.138145064442715793e-01,7.944475762723807177e-01,5.325570326204998040e-01,5.546489046523019883e-01,4.826333744398438874e-01,4.216287911284483658e-01,8.827170933660272167e-01,8.472902350375395297e-01,5.143684868983350311e-01,6.077395293537798393e-01,5.157835450992941384e-01,8.981609287340672765e-01,7.764119677602405734e-01,8.771832953290344959e-01,9.043987547838995278e-01,6.727343126260749706e-01,6.563744095215146013e-01,9.448855453202193999e-01,9.468479722956377742e-01,9.703740097368046547e-01,9.494348090071051960e-01,5.649739983903746543e-01,7.076293366200407942e-01,6.992936805827209001e-01,9.913856497663446898e-01,8.169444418925171369e-01,7.597808270542644182e-01,3.057447809506270708e-01,6.359185881038248445e-01,7.420876714512597561e-01,4.010782669617052876e-01,8.289430084236324436e-01,6.589554077616788241e-01,4.817691536138644093e-01,9.853238574629075153e-01,6.340715167858139711e-01,3.704453850642450696e-01,6.201215691026125132e-01,7.546436154528846085e-01,6.771485769728770032e-01,4.028587255956338486e-01,1.367251250861875045e-01,5.619498624581987789e-01,-1.822323639259220973e-01,4.928107661519481875e-01,2.556798240529528643e-01,2.572173180144622928e-01,6.192519070079885446e-02,6.138160985163634287e-01,7.016487846662067263e-01,8.038158331901529285e-01,6.159419772679851635e-01,9.977203780155083912e-01
6.968194490223194038e-01,8.015460574570174579e-01,9.491611408090202540e-01,9.650595304981129940e-01,7.149103311776294767e-01,5.150507941051079008e-01,7.443234768705927484e-01,4.412174408736060927e-01,2.326844900294692264e-01,3.756485676942827867e-01,0.000000000000000000e+00,8.993018046663550091e-01,6.299961570299535962e-01,7.532427290032772671e-01,2.941218248168141480e-01,7.451459680460739143e-01,9.734442467118529230e-01,8.961032148943951503e-01,9.424378306287881646e-01,8.052909964096091056e-01,9.497673267900266225e-01,6.790394046511172288e-01,5.244101743669742355e-01,9.931907381028211024e-01,4.226130754407886880e-01,5.349124500607669308e-01,8.029609506598578417e-01,6.956612577668587205e-01,7.953471244457355205e-01,7.722991469673958775e-01,1.373686915715712498e-01,7.455438645831984346e-01,6.372666092673139326e-01,8.100018716217433079e-01,4.619460865694998697e-01,6.972865066243579824e-01,1.125511116327252287e-01,9.903005567766158812e-01,5.024569557469709125e-01,2.739296910703784005e-01,3.766584283037579528e-01,1.352078661290244399e-01,9.245555158302311005e-01,8.399752839433122231e-01,7.670251957239500040e-01,9.479526727130734853e-01,8.733395436504947096e-01,6.637921998562326120e-01,9.163833610832909926e-01,8.244313708217143599e-01,7.132835717850299906e-01,6.465206815249479044e-01,9.895632495263948503e-01,7.855274122232307477e-01,6.557402292314189474e-01,8.898978531151997551e-01,6.605317373244483647e-01,5.991574091394396007e-01,8.681454671838997328e-01,5.872816797862121518e-01,5.934036254427534907e-01,7.349071430004955330e-01,8.412836642819666588e-01,9.784010590262900431e-01,9.067661138053029202e-01,2.541460881198891464e-01,7.397506639166434583e-01,5.236600827194864971e-01,7.291719950098174419e-01,6.352150860716377911e-01,9.149582933944281349e-01,7.637482540040162471e-01,4.877156000278967118e-01,9.062680784823128055e-02,4.890706413944336250e-01,5.430712728037936365e-01,7.524371023263781710e-01,8.352200732305581354e-01,5.945097890124213524e-01,8.612252086522476091e-01,6.778367090038102116e-01,9.709557915859589050e-01,6.381701370674565110e-01,4.522751763620372345e-01,7.629899283373604568e-01
9.571090151842541749e-01,9.967092764492451185e-01,3.695482873118592915e-01,6.827372717176635186e-01,9.389916424158154529e-01,9.243882717876642507e-01,7.615699496691921144e-01,4.515087714972513822e-01,2.885289644010484780e-02,3.352079005964192504e-01,8.993018046663550091e-01,0.000000000000000000e+00,6.044302818798146237e-01,6.820278063635987209e-01,5.689254150321092496e-01,8.946476536323567652e-01,8.376147403368784383e-01,2.986434351567204826e-01,6.232378443553843184e-01,6.203053230059010215e-01,6.870055117141469214e-01,9.115590656836131123e-01,4.362331099242816590e-01,8.009940400587620690e-01,6.977561953870018430e-01,8.706884677095706460e-01,9.367170818493274487e-01,5.849008847739463057e-01,5.567920426928647526e-01,1.347601237243225281e-01,5.299438906313307385e-01,5.391634175937438656e-01,3.762048025158066245e-01,1.184974634237696001e-01,2.739197226193050838e-01,3.414756387328967691e-01,3.413697170028794359e-01,2.457223855528835044e-01,4.071920496268954803e-01,6.286354852379024694e-01,-3.442608088333760086e-01,9.663384322134992432e-01,9.149126645997285312e-01,9.509356242524821257e-01,5.871917347172586066e-01,6.227351098577679211e-01,7.582750431635909560e-01,6.153428146974219137e-01,7.004285796107942996e-01,8.379752235856388065e-01,7.414194401329267103e-01,1.971598155915724460e-01,7.368044303510044024e-01,5.326870656600479759e-01,7.659818952357516642e-01,8.131238562408008574e-01,8.230648071085984174e-01,3.281202158172318306e-01,8.459368412953099936e-01,9.435119777310999600e-01,4.148863225355020057e-01,7.917791386300776502e-01,4.074112895678659307e-01,9.163758484176338648e-01,6.309916092380973840e-01,6.177777572211018420e-01,9.502074793307437872e-01,8.633499537981742522e-01,4.063756879675033407e-01,6.074475274444308681e-01,4.370007312364448948e-01,7.846362200815114596e-01,6.635058130885116423e-01,1.948141847523085779e-01,5.243937585439906179e-01,5.726919929937044351e-01,6.918766295475682337e-01,8.143679904396204927e-01,7.031447000513266765e-01,7.129101542740396980e-01,6.930391797506914031e-01,9.407586744847175053e-01,6.799990690039939834e-01,7.716490717340027672e-01,9.667344161074505893e-01
5.273327309223526660e-01,7.158399441002927244e-01,8.164604593478684835e-01,9.848097833119812128e-01,6.495916478980030551e-01,5.602761971578618105e-01,4.547997853581415839e-01,6.548538389290676776e-01,8.854547905167052813e-01,6.890607853170070962e-01,6.299961570299535962e-01,6.044302818798146237e-01,0.000000000000000000e+00,4.461595519935044885e-01,6.450336712284046037e-01,9.741617835226752398e-01,8.016705466086444520e-01,7.411708988774230455e-01,4.970205843325701256e-01,8.899597208648505342e-01,7.219054773997369834e-01,9.220135657297945375e-01,9.205888151198220459e-01,1.594089331012387423e-01,5.613296338668346541e-01,8.846837825788003151e-01,6.625002743596239974e-01,-3.266616024497320248e-01,1.976510867144498362e-01,5.847868790435301056e-01,4.972744810688655703e-01,6.250122497519231546e-01,8.869479814529205308e-01,6.217919901772672731e-01,4.488658974911324262e-01,5.496569334829292108e-01,6.707227933017699817e-01,7.381865909415009641e-01,8.093930118657294281e-01,7.952714343817541831e-01,5.254623984881198195e-01,3.059808937520904770e-01,8.554249278775631904e-01,5.809482921678696954e-01,8.482007799270234738e-01,2.920699779835541632e-01,7.090079336140954203e-01,8.905937638399111789e-01,7.996955260662830245e-01,8.975352413417456710e-01,7.164785485421635292e-01,2.920887339319525600e-01,7.893043409673352606e-01,4.285343538178349454e-01,6.219771014524667629e-01,4.145372858968366381e-01,9.262685952381866095e-01,6.477213526764669105e-01,8.210831781385452555e-01,9.600366206807126046e-01,4.316356225444221151e-01,8.938725245715982703e-01,8.573282558415993293e-01,9.625988034687695816e-01,6.711518291550875315e-01,8.352148267523694658e-01,9.657454369235792813e-01,6.042881070290329060e-01,7.560209513005280435e-01,9.388490343504241054e-01,6.274451405276426641e-01,8.465657835379001295e-01,6.187610008672632667e-01,-1.423200621705868196e-01,7.610220074229759879e-01,6.619285844005418085e-01,4.385191696505843506e-01,6.547268553259060209e-01,3.368574521710529512e-01,1.372707449394892920e-01,4.133959083849728655e-01,8.268031627958374319e-01,9.487230988332523429e-01,6.794526197667516421e-01,2.094379650043471375e-01
9.637922941975405333e-01,3.353616633407852099e-01,5.454956369643403358e-01,5.866834649803021051e-01,6.309019318324086134e-01,2.834984270915643645e-01,9.059744431012186627e-01,9.225791377053406128e-01,9.034637090990477182e-01,4.192975948771390793e-01,7.532427290032772671e-01,6.820278063635987209e-01,4.461595519935044885e-01,0.000000000000000000e+00,7.680823059582781998e-01,2.311212563999673342e-01,9.682776609056823469e-01,8.779279433016384804e-01,4.869870625809872289e-01,1.821583173073313688e-01,6.818102015861371434e-01,4.577131296869763055e-01,6.393907136678634862e-01,8.686873001500132752e-01,4.900460436555105770e-01,6.577633244288106917e-01,5.409158047306428241e-01,2.635248684817197498e-02,3.478481337400097795e-01,3.690376186945614201e-01,6.978667185462857914e-01,7.141243598818053373e-01,2.994404168428638213e-01,9.359065342530898945e-01,9.701104516872823824e-01,7.182094271858980861e-01,7.288836409967590635e-01,8.685498952791972371e-01,2.105346688713732595e-01,4.245491465576041179e-01,2.439195352360296609e-01,3.821435031876407873e-01,8.615540470373217463e-01,9.019542275852461266e-01,8.253355517233907923e-01,6.503205873518956848e-01,7.300980252571744877e-01,9.738853346088822693e-01,9.890401919724334245e-01,5.780780657201858297e-01,3.498304183635838616e-01,7.961808707318004386e-01,9.981006289537586174e-01,7.664339090734393345e-01,9.497467145973442770e-01,9.821492768307298338e-01,6.448993595347856100e-01,5.009592405701399631e-01,5.769776389889671453e-01,3.746754953155785328e-01,1.148853645758488445e-01,3.300999400512554249e-01,9.025369026818724771e-01,8.495514638522598805e-01,5.352866752211410395e-01,7.317162964196725072e-01,9.087024676603009388e-01,8.282368570406228869e-01,5.304280970898036518e-01,8.788224837077377449e-01,8.023532308274858860e-01,8.836414946329231856e-01,2.167677894322468934e-01,4.638763293188102876e-01,5.672599942555831554e-01,7.254658766509103351e-02,6.439055349304663167e-01,4.745649688044571435e-01,4.209728271931411636e-01,-8.965572598397035520e-02,8.752872242559062155e-01,8.003381250626346866e-01,8.469970587548956154e-01,9.934587157173798699e-01,7.382398766507765053e-01
8.870747807305709998e-01,7.792243087983157235e-01,9.920530943764285237e-01,8.838112403034534825e-01,7.445051254363445059e-01,8.696409246629626111e-01,6.503581859722569192e-01,7.977587029355333037e-01,5.405568471841157852e-01,7.017875955075012495e-01,2.941218248168141480e-01,5.689254150321092496e-01,6.450336712284046037e-01,7.680823059582781998e-01,0.000000000000000000e+00,5.593046062717456079e-01,8.552599170460440936e-01,6.329199406723827748e-01,6.414263061125693444e-01,6.943753464773831929e-01,8.215222202409103724e-01,2.726538603303407249e-01,5.879688147088106831e-01,5.425710318484442407e-01,9.906225934068682015e-01,4.459862626749547809e-01,4.745596579977867657e-01,4.569989294914231226e-01,1.750821216743392306e-02,7.861787783048759248e-01,5.917291658011775146e-01,9.406007221645225069e-01,1.953919297859049442e-01,7.384983715942504690e-01,8.518920857082871168e-01,6.941712925047341387e-02,-1.090751693561692326e-02,5.623867841062306638e-01,6.461124924629418897e-01,9.431661412283613988e-01,5.720077962456248111e-01,7.558654548457107714e-01,9.733979798284156937e-01,5.225147182418167224e-01,5.929481211137580532e-01,8.946827757527892055e-01,7.458597729616683880e-01,9.677567525155823525e-01,7.799683668000717551e-01,6.226068835232787535e-01,4.563390590604315955e-01,6.309551775352797431e-01,5.090617800105432522e-01,3.175857397310061225e-01,6.318632460637333415e-01,8.874056724868657486e-01,4.389595002428245962e-01,9.951426776646564720e-01,9.683994455214561814e-01,4.405229553530218833e-01,5.509829567569911601e-01,2.760924509120762926e-01,7.074314622608377512e-01,7.535290106297295454e-01,9.893717114940465684e-01,6.365278741348653346e-01,9.851502381773225014e-01,6.228451182469650904e-01,4.661012836791992853e-01,4.410649713011575712e-01,7.903028994965357601e-01,8.976145270691582301e-01,1.832461208003592079e-01,6.616132528322681283e-01,6.024287202716566147e-01,7.681273871247945584e-01,6.882094944603897035e-01,6.925616472417239766e-01,5.206407432372319732e-01,2.560106431811053351e-01,-1.834536418216699549e-01,4.676121000044800580e-01,8.124372555363581494e-01,6.711740165846813433e-01,7.466349556477206439e-01
7.660015549730063711e-01,4.555178897487283662e-01,9.980477297877574649e-01,6.620790395511507720e-01,3.980016717675561311e-01,1.085198933497232981e-01,7.420483392701308079e-01,6.393668685351525660e-01,9.146385189864520981e-01,7.668403580993768953e-01,7.451459680460739143e-01,8.946476536323567652e-01,9.741617835226752398e-01,2.311212563999673342e-01,5.593046062717456079e-01,0.000000000000000000e+00,6.592980541168231845e-01,8.806969778742107513e-01,7.902713454615950539e-01,7.678407261621907898e-01,7.231229513940503617e-01,6.137649469693043924e-01,2.484416891737640798e-01,4.573366353581561627e-01,4.787291311981495823e-01,8.223164255842458914e-01,9.432525670077096525e-01,2.964815238993935842e-01,3.737325967936350191e-01,3.324083540350594168e-01,8.223042487417001056e-02,9.164189045468748018e-01,3.010830737451332673e-01,8.647561774582454008e-01,6.872379295639697849e-01,7.394692704821600460e-01,5.557628383570546449e-01,8.977903201254313625e-01,8.574670373115746980e-01,4.354836481524798630e-01,4.742650644751852940e-01,2.012009656136274915e-01,8.076585951592314405e-01,9.242895404820616889e-01,6.091985480432694500e-01,6.514660416607516158e-01,7.440283124041585650e-01,2.356616260007589891e-01,6.019475465740337095e-01,6.670428602702063170e-01,8.091801879307880530e-01,6.927811243368333649e-01,5.000098057172097654e-01,1.957703563373416333e-01,7.363214412844698575e-01,3.009884192949417447e-01,6.081491311781428433e-01,2.822174118686739952e-01,9.732313903529008492e-01,5.450025493992582959e-01,3.394192422833245404e-01,5.394093821609473594e-01,6.773568421582782939e-01,8.566089398344192141e-01,8.015511172756936142e-01,3.847974357701452464e-01,2.246792811546374433e-02,9.511990674435465420e-01,4.523225453515444805e-01,9.617541842692769460e-01,9.378553341318911496e-01,9.346427369659179307e-01,6.918072101560397424e-01,4.051574513783541276e-01,5.492375806619204104e-01,2.852684618721918475e-01,7.165705954162281399e-01,6.814336753017490311e-01,7.227105175029917561e-01,4.448685661618983489e-01,8.911459395806760053e-01,6.006300760359749580e-01,4.268758379210771392e-01,7.162158128569335869e-01,2.906255450080118541e-01
9.171570593319969822e-01,7.060771078224129527e-01,5.427904066757193169e-01,8.241461727328674991e-01,9.084515564688243616e-01,8.031566983249988079e-01,4.046139270401997723e-01,7.183311244197888579e-01,7.276072161755146039e-01,9.540950901781349858e-01,9.734442467118529230e-01,8.376147403368784383e-01,8.016705466086444520e-01,9.682776609056823469e-01,8.552599170460440936e-01,6.592980541168231845e-01,0.000000000000000000e+00,4.364200238862854797e-01,9.290000171856507283e-01,7.476242074479330091e-01,4.874767074562691982e-01,7.721105462514752382e-01,9.199524151935980498e-01,7.494939033459921962e-01,7.971147411149034356e-01,4.742205309770132216e-01,7.202334336571265538e-01,7.154874952055071402e-01,4.574129295421497932e-01,5.141480154970275995e-01,2.828641491243053668e-02,9.350423740524403948e-01,4.613817820411744153e-01,2.925413684880593390e-01,5.255404015557088027e-01,5.774312747178552696e-01,2.481291435725272720e-01,6.898178753914431249e-01,6.703973800368745461e-01,7.737674865831052351e-01,5.549298480800965994e-01,6.934784426125665258e-01,9.316869954667090781e-01,9.156218462282600390e-01,9.395597664996564458e-01,6.637618383748260520e-01,6.330138752773970534e-01,5.030406368010479357e-01,5.596530261982767263e-01,7.435420380427800735e-01,7.833348927843404308e-01,9.240739179827028860e-01,7.074407847294401641e-01,6.870244863393472068e-01,9.768924615915431930e-01,4.660493552430876596e-01,7.472172795663164502e-01,8.511451501889478743e-01,6.861702613795138683e-01,6.994813827939410089e-01,7.785407097871961390e-01,9.611982904567087926e-01,8.146369944400284613e-01,8.233098263196981792e-01,4.849633036220378224e-01,7.027120857642358276e-01,6.739318804442674393e-01,9.921574955047750555e-01,7.163913863399221649e-01,9.366324412793864962e-01,5.597490318464817260e-01,6.158730073206177824e-01,1.982925938996875706e-02,6.619677988741565766e-01,8.516073752906156979e-01,6.592707185789442592e-01,6.723935170825459107e-01,6.948652645774677783e-01,2.693832411690472717e-01,4.031172308796049375e-01,6.844900319714648518e-01,9.542155914087808721e-01,9.931130408437038870e-01,2.007255066062763223e-03,6.854653075626084835e-01
5.841277476650289513e-01,8.902033316001274343e-01,4.133006907797235341e-01,6.847211875496782563e-01,5.635376798986783120e-01,8.144563670422045876e-01,4.133686843177010184e-01,2.946806709322303264e-01,6.312655151751558336e-01,6.940222457689916302e-01,8.961032148943951503e-01,2.986434351567204826e-01,7.411708988774230455e-01,8.779279433016384804e-01,6.329199406723827748e-01,8.806969778742107513e-01,4.364200238862854797e-01,0.000000000000000000e+00,6.723776061782805735e-01,6.238913981164186939e-01,9.370571359747814633e-01,2.237808171028091431e-01,6.760100688894642440e-01,9.041274438237433264e-01,9.338924763014955222e-01,8.355564915898620049e-01,9.150773374177875175e-01,9.987727238163118804e-01,7.983616618053349656e-01,5.611642746332177190e-01,7.274772606577584178e-01,8.486020032498819976e-01,7.390593402877388973e-01,6.867428420267837064e-01,7.939579705399740783e-01,4.585532402031908261e-01,4.154164847720920317e-01,5.728361184834012132e-01,6.834877242784792584e-01,6.536993037659617478e-01,3.705988485184490422e-01,9.489846597772157999e-01,8.280831044708663047e-01,8.066614102030700284e-01,2.680877342145846498e-01,7.103287333690796457e-01,9.118849748468815797e-01,1.840714416820516952e-01,-1.971950299773361781e-01,3.551569529279356985e-01,6.233136913466333917e-01,7.061255532838923710e-01,9.805199019640485902e-01,7.254896175127774072e-01,7.680363961359890634e-01,9.477601767552387146e-01,6.644424947877541898e-01,8.336335947265552937e-01,8.642579908658765131e-01,7.295854036445195145e-01,-1.415438628721551462e-01,8.619596224863895761e-01,8.552119074124993059e-01,8.487366301265065749e-01,7.413510787363775112e-01,2.323499945737072248e-01,6.739584175574250269e-01,6.719538839893430815e-01,4.591047109599615816e-01,6.104658172763819390e-01,6.491897998176855422e-01,7.573722500096899957e-01,2.038273965736127069e-01,6.253527533303143704e-01,7.638200124357722443e-01,8.630562466476590089e-01,8.471741459672680330e-01,9.007222640337307906e-01,3.360089171436019817e-01,2.576042659708157601e-01,7.854724945992215268e-01,5.699141493903309152e-01,8.355011056194134866e-01,7.042711447525147606e-02,7.862968254965712056e-01
