0.000000000000000000e+00,9.743214538854073625e-01,6.848371395165071540e-01,6.522842667785391235e-01,9.360879011279901185e-01,8.286912728349795643e-01,7.273034488285549104e-01,9.995505803887009266e-01,9.430990875788897165e-01,5.543708888256088096e-01,3.944567350168320941e-01,8.353467728830783479e-01,7.633022709554422303e-01,6.225865764131813807e-01,6.309046856756502786e-01,7.446325324757105957e-01,4.979293670533586624e-01,8.970293782878743238e-01,5.402401070797033800e-01,9.931825971423915433e-01,9.359134875381441843e-01,7.219414029563728796e-01,8.761968478999201393e-01,9.510701695685711554e-01,9.237786647288399600e-01,6.252110429076266351e-01,7.297392867177979747e-01,6.637967092444001516e-01,3.517510641647235703e-01,2.916703593440938547e-01,4.970576441278499180e-01,9.014289714434370326e-01,5.192084435623542937e-01,8.256465685253988607e-01,5.723460420292372230e-01,5.986941466871362749e-01,6.738777320509337088e-01,8.034756362149468867e-01,4.378015688353026347e-01,8.723475301967088535e-01,6.231877395947178488e-01,6.434643718971242432e-01,5.502511476495646203e-01,9.353904200323001072e-01,8.489756166981016205e-01,4.393131053736754055e-01,8.509426597716412966e-01,5.325566188345969287e-01,6.755687271473918010e-01,9.717932536102147356e-01,9.303678781458394331e-01,8.910290056151568550e-01,8.539413694783355435e-01,7.560380099082206762e-01,6.446882609156974198e-01,9.056079670771027823e-01,3.759537627926212711e-01,4.590473009645311131e-01,9.524069918230606557e-01,5.770708138251081643e-01,7.448896875370912829e-01,9.837988253852204545e-01,6.683176695554715607e-01,6.200560014552414234e-01,6.695607025678486091e-01,9.536717036142834392e-01,7.359195617538210055e-01,8.504860295016465344e-01,5.994949536523102029e-01,9.672879106362773927e-01,7.131330179545730674e-01,7.344061642023480552e-01,4.255618126006408541e-01,5.362437466849806489e-01,4.330644078523551155e-01,9.793473094712346061e-01,8.560629648917994494e-01,4.706961876746916240e-01,2.209631027757405497e-01,1.562858780696419758e-01,8.204591451853849859e-01,6.208677469993078013e-01,6.009447371057357046e-01,9.601200933338581711e-01,4.908013137600613640e-01
9.743214538854073625e-01,0.000000000000000000e+00,5.720780478960201254e-01,1.740633773283842001e-01,8.087038700595755580e-01,6.451412541448996452e-01,7.011313288624114737e-01,8.130267649452860290e-01,6.694973640195246434e-01,8.351987706030892245e-01,7.611270932693484648e-01,4.218561001098886099e-01,8.419702751388093986e-01,7.668767764294657230e-01,7.557652998856391191e-01,7.230236044338627099e-01,9.899067382626176581e-01,7.859454150934365169e-01,8.241517601968780804e-01,8.818278582827258072e-01,8.973537109755080898e-01,6.030222284534847432e-01,8.740364615881215382e-01,8.531769003117354311e-01,4.773342718514600458e-01,8.144046342591647614e-01,8.455374091447401819e-01,6.288031821772992191e-02,4.367734338142831296e-01,5.535697318244104936e-01,4.773085643950455426e-01,2.612451841729134805e-01,6.082895282874619669e-01,9.627630032363072576e-01,6.267216942361135690e-01,2.595756755672271598e-01,1.091834349554482025e-01,8.193079508863527760e-01,7.616083715936388110e-01,4.442007766840856964e-01,5.771564268080536797e-01,8.921766208313577362e-01,7.004767212730611536e-01,8.630799616579155620e-01,8.562621176049975968e-01,8.610350593663751440e-01,5.868769014544537033e-01,7.147805028190891141e-01,7.130844981288896323e-01,2.106711343198993114e-01,4.350729269412130784e-01,3.795728787845089602e-01,8.352191000709999757e-01,6.317052036457676545e-01,7.256891942367454940e-01,6.128507916858987326e-01,2.765839973392794082e-01,6.074234164382704693e-01,7.935276502335002480e-01,2.573736185482662919e-01,2.507797652010925193e-01,3.951068870903723385e-01,9.560304318195507189e-01,9.959060948703913896e-01,8.181098718887702681e-01,4.800404269747975960e-01,6.104095241707869768e-01,9.681504509882263854e-01,3.814837953165350903e-01,8.897508539317625642e-01,4.941622218059380511e-01,9.462317570963387769e-01,4.510374867600252524e-01,5.099982294821031603e-01,6.053815059645940577e-01,9.263864392657581437e-01,7.317427650260767136e-01,8.916968239119127393e-01,3.693861951108988739e-01,7.719244533920306406e-01,7.637092591050246293e-01,9.492767886478007400e-01,6.152457461967274499e-01,4.917538218807561146e-01,7.054293216124485344e-01
6.848371395165071540e-01,5.720780478960201254e-01,0.000000000000000000e+00,4.693573327157574693e-01,4.839377528197473799e-01,7.722774194623627242e-01,6.536596883518592804e-01,5.411162820374364468e-01,7.048639838480258435e-01,8.394825708313087276e-01,2.007091359222780147e-01,9.288382412787269393e-01,3.963411303151898046e-01,7.446597251649751392e-01,9.278172045368315857e-01,8.579782842873545645e-01,5.403382663650231343e-01,9.768215372689791343e-01,5.978259648624609790e-01,7.328425446607842453e-01,7.350513606387172327e-01,9.990423435373972927e-01,5.189390887913365447e-01,4.450591349701212840e-01,6.964857721886752451e-02,9.918644832621119622e-01,7.295064064442787766e-01,6.235644483071306476e-01,6.582699768448354583e-01,4.226761799132741082e-01,3.700801114601868780e-01,6.406012972693232443e-01,8.821734881381316784e-01,8.899897374397734984e-01,9.521686324374482036e-01,4.857508535115946657e-02,3.633317076054096706e-01,6.458646661774702924e-01,9.698804789125762271e-01,9.307286573493782633e-01,5.931643636732584352e-02,9.379322013397873858e-01,6.002869050655905703e-01,8.276539079038502944e-01,8.433309979518824884e-01,9.089079785934315314e-01,9.824540888908728231e-01,9.436009937850114992e-01,7.621706729109692935e-01,6.199518265091811253e-01,8.545273119970516751e-01,8.715394241943645870e-01,6.539733789581506640e-01,5.879488044071352615e-01,6.301273633542151531e-01,4.995790264983330786e-01,4.437622099244276641e-01,7.447079027745330260e-01,5.656123107907427006e-01,2.509526118674130224e-01,8.723484046313721985e-01,9.609359436041347013e-01,9.221778414348266173e-01,7.819424197373324725e-01,8.723710038921207444e-01,9.137146318972558801e-01,8.667410457572340965e-01,6.130724067401321919e-01,2.155007652737719603e-01,4.493189580519398318e-01,9.215546234308300555e-01,7.745798228185439838e-01,7.694913899169318894e-01,3.617088248233115144e-01,9.588369781334398212e-01,6.016374179539478728e-01,8.188234003841891040e-01,8.346158364975484467e-01,4.132652134480315209e-01,2.595111011772657794e-01,8.181094462391301780e-01,9.783516311179056846e-01,8.638793905499295711e-01,-9.588802328890977389e-03,6.473696325954843012e-01
6.522842667785391235e-01,1.740633773283842001e-01,4.693573327157574693e-01,0.000000000000000000e+00,3.753344187779910079e-01,6.327828354781611653e-01,2.634563781316892270e-02,4.898659018520949426e-01,5.003593964673330036e-02,7.984901222083202743e-01,6.416975777942423020e-01,6.790542194731365999e-01,7.237799684957841873e-01,8.923745449716118383e-01,9.427255333978595830e-01,6.202556434451398371e-01,9.443704585832443099e-01,2.918161327539613992e-01,1.284808833535104056e-01,9.283494536898286853e-01,7.957541326396490033e-01,6.306436639503579800e-01,8.961138153411571938e-01,3.446189378669023973e-01,8.973810397307057096e-01,8.564605649123491204e-01,9.436926819674522626e-01,6.835068542170464889e-01,5.040047870253480111e-01,3.066308540657800563e-01,2.893047364043507819e-01,5.553783593625052362e-01,7.159820098003648603e-01,7.710950944178439626e-01,5.501247651626701707e-01,2.244799409028364057e-02,6.980009370126007973e-01,9.311526641495744272e-01,9.937800763774854440e-01,5.723663764974982193e-01,4.350015889713033101e-01,6.827060072216520892e-01,4.733307433591132929e-01,6.065039836330395895e-01,5.470031225117000240e-01,7.408847206566269161e-01,1.271276774567460348e-02,5.002897160880195315e-01,5.551734136657842100e-01,6.417643532240734361e-01,8.182521085477624245e-01,8.745214467296216210e-01,2.698128048573751325e-01,9.679504255401077950e-01,8.503186958442501275e-01,6.769097409211746186e-01,7.557131125661573634e-01,7.850312636219389795e-01,9.719235169237240290e-01,2.079073113538369155e-01,5.112966294385840049e-01,1.441889920640322502e-02,5.174171218331340416e-01,9.666226979467922309e-01,8.075460663596645272e-01,6.909704197942079240e-01,8.853249960955906772e-01,7.600471444599096182e-01,6.728945671143914398e-01,6.390461646415730446e-01,5.708562405942912976e-01,9.791413245133022691e-01,7.029400755301709047e-01,2.911201382504753910e-01,4.847929299891432509e-01,9.228058839292123672e-01,7.459663804587487457e-01,9.345585320102800519e-01,4.463906002011966412e-01,2.400877604999094028e-01,7.474692427686711049e-01,7.324570045790260719e-01,2.012381236059302414e-01,4.900775151393772511e-01,6.777455658897235669e-01
9.360879011279901185e-01,8.087038700595755580e-01,4.839377528197473799e-01,3.753344187779910079e-01,0.000000000000000000e+00,2.651798699562423201e-01,2.565958736201515156e-01,6.896803580148945789e-01,5.029326640634467216e-01,5.180818486902998288e-01,6.371626847157247919e-01,5.265273431769473822e-01,5.769021990123991417e-01,6.887056749630379171e-01,7.949697694115185342e-01,8.159068152567204857e-01,7.111887153144939022e-01,4.036179464581491350e-01,9.874423361341022609e-01,4.790128576361353252e-01,8.605676318551791493e-01,4.358741385496771592e-01,6.228694324616846911e-01,9.342834101650721035e-01,8.079928827851411421e-01,9.289979151789072853e-01,4.435763707410989021e-01,4.389681255642218227e-01,7.804951002343372135e-01,4.806262193914443426e-01,1.515283197769177470e-01,6.471662532317812300e-01,9.018183765666480944e-01,8.510402355147845821e-01,9.379059284147833742e-01,1.834856059300360442e-02,7.264393800674926460e-01,8.043926551544858805e-01,6.324831147817219223e-01,9.264840178464901488e-01,7.582003068163066795e-01,7.400038970354884116e-01,8.499132519571651612e-01,6.110428877866456165e-01,9.181289371486973661e-01,6.177872317047160555e-01,9.172995759787889725e-01,6.740113348734888543e-01,6.091533382620772930e-01,5.607343448075243764e-01,4.969278233230542963e-01,6.793003257534317996e-01,6.512109232363018085e-01,5.582228177850429018e-01,8.009348042360999731e-01,9.983611924354032219e-01,7.309074433645391666e-01,3.230533370737250221e-01,2.231534685459474754e-01,5.734431386780819428e-01,2.479579959839395276e-02,4.629461068293477255e-01,9.806730707993653873e-01,6.387789692403605946e-01,9.428205126983275619e-01,7.512120992749468096e-01,9.110985802061225547e-01,9.582420878916046991e-01,2.859506694089384848e-01,4.061021992791542523e-01,8.240037776481428100e-01,5.348399762030386917e-01,4.743138221993105086e-01,4.267635961975291270e-01,8.480537908631283761e-01,4.643482786779110083e-01,7.149722257551879290e-01,2.384168063734921350e-01,4.004167931573432981e-01,6.472877402656711521e-01,7.193672820685748093e-01,8.975649341225749867e-01,8.741188481565319579e-01,7.104521236933357686e-01,6.001062447640187481e-01
8.286912728349795643e-01,6.451412541448996452e-01,7.722774194623627242e-01,6.327828354781611653e-01,2.651798699562423201e-01,0.000000000000000000e+00,6.389086610961921542e-01,3.217868674344460667e-01,5.476314622167952617e-01,2.684917496568174355e-01,9.670352716890177058e-01,1.416012716566636964e-01,7.716908274768069509e-01,8.896149062660175799e-01,8.142608461196664260e-01,7.818945202731885091e-01,9.364186623039503221e-01,7.191713821437483167e-01,7.870136129575038275e-01,8.377436146732395450e-01,8.651241665816145066e-01,5.472324953650798286e-04,6.555402082887035187e-01,8.758006885001168307e-01,2.340773737131381371e-01,8.804932239163327790e-01,5.600464089768497633e-01,7.138469587156983653e-01,5.540491830894758163e-01,5.200397106165078887e-01,6.977074368275424376e-01,5.694551733573358643e-01,7.475865399815841972e-01,4.126044894643022820e-01,3.540287861003025283e-01,4.063789765182556080e-01,2.930324191790334432e-02,5.213136162802718410e-01,6.304841532633832513e-01,7.707650818629547818e-01,3.545587094297130704e-01,6.395675056765063315e-01,6.228618463786285142e-01,9.493837455479677834e-01,7.062117166930457213e-01,6.340019226567290556e-01,9.234744469824953672e-01,7.548875291967372947e-01,5.006703106046126450e-01,5.251670049332628487e-01,6.021056723086856133e-01,8.677440537703211554e-01,6.702510375236134799e-01,4.728311586022644342e-01,8.738580628400616224e-01,6.160100857246825212e-01,7.653863564528644581e-01,8.359193213533542277e-01,6.715676495102724797e-01,4.015168963337704122e-01,5.176400773014617762e-01,7.831680104883594895e-01,9.281885358650580065e-01,8.606130212737997942e-01,9.369583075960968843e-01,9.855771548692239259e-01,5.020149001133504818e-01,9.862137520496189191e-01,2.709299583096775321e-01,6.186879936011729919e-01,8.722212766279255902e-01,7.221046023848046724e-01,4.585507540720273334e-01,5.795200565767817669e-02,4.848345495092397650e-01,9.091852098048024411e-01,8.219972423761897629e-01,7.511028730337260262e-01,5.331785657777377008e-01,1.526670855696674600e-01,5.420778129322286754e-01,4.734529720984264056e-01,7.885039223288651256e-01,7.855860693860209354e-01,4.382839687622950287e-01
7.273034488285549104e-01,7.011313288624114737e-01,6.536596883518592804e-01,2.634563781316892270e-02,2.565958736201515156e-01,6.389086610961921542e-01,0.000000000000000000e+00,2.325760109400338560e-01,3.148681163301764174e-01,5.984514040092066001e-01,2.464393399265634166e-01,4.209657284696491919e-01,9.457662983789726363e-01,7.417426302298111285e-01,6.892002171889760609e-01,9.836345979180034782e-02,8.288317646174536701e-01,5.271264885286078838e-01,5.642072646912159595e-01,7.720264481943425183e-01,8.507931619987705307e-01,4.205786022177361305e-01,9.001378295615385383e-01,5.378978141308587979e-01,3.050539593769887592e-01,8.090398508881536666e-01,4.016154011917664191e-01,4.640492620471872720e-01,5.614291373901912907e-01,5.806894066667434018e-01,1.336844378510056719e-01,6.499081905298206285e-01,4.989176880352034771e-01,5.274127171669285019e-01,3.035786542727210158e-01,4.719133104692028180e-01,1.129836247359576745e-01,5.397026554801880316e-01,6.143647949492798688e-01,6.455441208580026125e-01,4.256532099276444381e-01,6.036870157757424638e-01,9.852325901275404973e-01,6.193450997078451259e-01,6.844558202957612414e-01,6.322666801714242890e-01,3.102903801990057886e-01,4.529263172930605430e-01,3.049064275017552283e-01,4.251581467453722230e-01,4.073085628319497165e-01,6.257616987663350283e-01,4.568783928076065037e-01,6.930710696029042106e-01,3.222640273394805632e-01,2.871632691939772219e-01,6.859764074261932576e-01,6.037160420390453863e-01,9.134011173636905623e-01,7.200650236721136688e-01,5.100579615381775067e-01,6.991580836698134682e-01,6.494158849132622979e-01,8.315327740234843557e-01,8.941530042630623232e-01,5.373706983590288422e-01,2.817597316241660099e-01,4.761623225680026161e-01,5.983531914023612064e-01,3.301770163428836002e-01,4.962111520509927542e-01,4.439123940992286688e-01,6.093659966895816904e-01,3.148112579483041684e-01,7.979551712974375377e-01,4.808670478705435736e-01,3.579777355404291095e-01,5.690530279642400657e-01,6.586651413634700969e-01,2.627297428665203438e-01,4.678559818037417162e-01,6.675583336400622292e-01,3.136939339962810380e-01,5.815731684782770028e-01,2.510888158914372781e-01
9.995505803887009266e-01,8.130267649452860290e-01,5.411162820374364468e-01,4.898659018520949426e-01,6.896803580148945789e-01,3.217868674344460667e-01,2.325760109400338560e-01,0.000000000000000000e+00,6.233079517605812914e-01,7.465155258820531659e-01,2.270433015918422170e-01,5.137312911966921414e-01,5.993967238553646881e-01,9.513656642801324725e-01,6.671035838720567046e-01,5.601798140053192432e-01,8.302782715639172029e-01,6.705494604294159888e-01,4.448332917153107746e-01,8.092436829678969490e-01,8.622396771038768337e-01,4.799426472194824878e-01,1.265140307109675066e-01,7.404150409096303953e-01,4.953201660514502946e-01,4.842270873734094150e-01,5.630125378176196183e-01,6.381976232923629588e-01,4.594626055050953783e-01,2.690089267960049657e-01,-8.918628838446407414e-02,7.616400310289085374e-01,5.588692881838296378e-01,2.632980472084400780e-01,6.050211946891043135e-01,-2.771766611733261776e-02,5.258289339695583209e-01,6.480453770693042070e-01,7.235079659869046997e-01,5.913389366185060059e-01,7.480278929969949031e-01,1.603280467033121048e-01,9.334212527494272216e-01,7.299192242837997391e-01,7.488826489696208677e-01,4.450713985394456618e-01,4.841946727555108132e-01,9.346291207830769165e-01,7.924222170948977961e-01,3.782419872470796918e-01,4.824526810269439414e-01,6.504752852113706574e-01,4.129123739851328634e-01,4.892759919876806252e-01,7.352478291630852869e-01,6.770620931924073993e-01,4.331252191179688626e-01,6.551445158716486805e-01,4.855965504448727099e-01,4.468463018434467027e-01,5.478006128016743581e-01,1.262072063507311270e-01,5.398257363476838266e-01,8.566404967362691858e-01,8.573677080350421420e-01,3.035934191929750559e-01,4.659851719784597335e-01,9.040149132154958744e-01,7.666367954731696521e-01,5.149737259000439771e-01,5.383691098886015380e-01,7.371842667858546916e-01,2.120516164297924777e-01,4.518528553917801061e-01,7.526949152450497227e-01,2.182552125484077399e-01,9.347381803482324170e-01,7.572902410326028955e-01,7.810317281063535733e-01,4.261404509755373216e-01,2.518449618671153023e-01,7.936964713863858822e-01,7.524156615672558113e-01,4.963074196231149204e-01,2.986391877314666932e-01
9.430990875788897165e-01,6.694973640195246434e-01,7.048639838480258435e-01,5.003593964673330036e-02,5.029326640634467216e-01,5.476314622167952617e-01,3.148681163301764174e-01,6.233079517605812914e-01,0.000000000000000000e+00,3.210555379160968670e-01,4.392577653391108172e-01,6.128751748879259775e-01,9.611475400054425577e-01,9.485448577097137512e-01,3.398956211126749616e-01,8.327657952310318912e-01,8.778575845639843278e-01,7.278170360635453084e-01,8.489231965100407784e-01,9.715586158150859575e-01,8.409059082673949748e-01,5.143170659588239824e-01,8.643206980833965103e-01,9.630355296762757034e-01,8.653364627912192575e-02,6.217445167441374432e-01,8.388301377103133394e-01,8.814255671829254180e-01,4.096121490700075918e-01,-3.586535198945184355e-02,4.737787186799835570e-01,4.894249179613310852e-01,5.019312123850792062e-01,4.433380585168901766e-01,6.833666001363003506e-01,5.218107657822481649e-01,1.858987470010311227e-01,9.414885968170079167e-01,9.575213892576539543e-01,7.429306036972643801e-01,8.818396447658416459e-01,7.122767038481291335e-01,8.964130753228473081e-01,5.230906300525431929e-01,8.004772263112045483e-01,7.964183692033656170e-01,9.639294821339041697e-01,5.486569401305634308e-01,6.099627465628117973e-01,5.994055048027138177e-01,4.593112129784615028e-01,7.845076032587752213e-01,9.948890751432443169e-01,7.398252205839196405e-01,9.971625105833302749e-01,6.881405257724999558e-01,7.131773370624832076e-01,6.591137924813735838e-01,5.574543953351477343e-01,1.283742861355532672e-01,6.572587890994254778e-01,7.043377974580213863e-01,6.307147618217471274e-01,6.227092398985116795e-01,5.564083204479438605e-01,4.528433688141163538e-01,6.991708367311016969e-01,6.256309484702311519e-01,7.878817345102762104e-01,6.341257303204305140e-01,6.138940767693208400e-01,6.641098639372475798e-01,6.023548169768299099e-01,3.745018170921491363e-01,7.537258435235989484e-01,8.581728704805126062e-01,7.520204071344913643e-01,2.512655188028907194e-01,2.539480579973638630e-01,7.642270868962307562e-01,6.271226914409632203e-01,2.331919301293693680e-01,9.270345927385398310e-01,7.968353802017145160e-01,6.051437828694929966e-01
5.543708888256088096e-01,8.351987706030892245e-01,8.394825708313087276e-01,7.984901222083202743e-01,5.180818486902998288e-01,2.684917496568174355e-01,5.984514040092066001e-01,7.465155258820531659e-01,3.210555379160968670e-01,0.000000000000000000e+00,9.334618393830009797e-01,6.316963202206542505e-01,7.238350234508765801e-01,7.930189167971605224e-01,2.984507798666204970e-01,9.057988288669468480e-01,6.134707042337799177e-01,7.341647147098112614e-01,7.435540310576500556e-01,4.610997240049885537e-01,7.878581682040197709e-01,3.292670501212023870e-01,7.867855370352896394e-01,5.385787519785363298e-01,7.333295770452549212e-01,6.136603520688376223e-01,6.757760530299412594e-01,3.007409612954641820e-01,3.332070776389125522e-01,5.046108475832772333e-01,2.245830142504260385e-01,7.395192476660166214e-01,5.523455712116090988e-01,-2.433988247415919126e-02,1.422649526414150878e-01,2.317911172998511904e-01,-2.156440775802651033e-02,6.585910202251751278e-01,5.163177561664347159e-01,8.636793023511408762e-01,1.831367590609013773e-01,8.657447905987708525e-01,6.972628485154478417e-01,4.044132765360062276e-01,8.034386358589543642e-01,6.571796983014388527e-01,9.365500388717011848e-01,4.141805013440722494e-01,6.647864299086079232e-01,8.082567330258839666e-01,6.352433823875880403e-01,4.077140390490028299e-01,5.373142594013784468e-01,2.628142990781363597e-01,6.968348463373312818e-01,6.080407060307928546e-01,5.610108972487339862e-01,2.783362673324625280e-01,7.829513066697888490e-01,3.911423474837822933e-01,5.704233577146035072e-01,6.892799704659470228e-01,9.710089980351018779e-01,6.916532320145972745e-01,9.774088029098620956e-01,4.984145320962843351e-01,7.609649013958830199e-01,8.725405792130704885e-01,2.378110495610774588e-02,4.922257479735303032e-01,8.145487912523001750e-01,8.406622908106724523e-01,5.774409198588594805e-01,7.634609423836608011e-01,4.148720371389890138e-01,6.234947598913971323e-01,6.110728985345267317e-01,2.200103682734025623e-01,3.279593927239582429e-01,6.494333678675089372e-01,1.689786952077593218e-01,9.394376888432220962e-01,8.053202553692658805e-01,7.853268202578893575e-01,6.157316085046803389e-01
3.944567350168320941e-01,7.611270932693484648e-01,2.007091359222780147e-01,6.416975777942423020e-01,6.371626847157247919e-01,9.670352716890177058e-01,2.464393399265634166e-01,2.270433015918422170e-01,4.392577653391108172e-01,9.334618393830009797e-01,0.000000000000000000e+00,7.759177423414203023e-01,4.799039233719084585e-01,8.770552889839033917e-01,7.791473086335124476e-01,5.383812591662842095e-01,5.239805347497938914e-01,6.434204254397921652e-01,4.954565172481401047e-01,9.738834815749576324e-01,4.338589639737085446e-01,5.945277224514244896e-02,9.166713285758671947e-01,9.132079623954953984e-01,7.617918543308227486e-01,9.530066381401063325e-01,7.723183860122432298e-01,9.199993233531496006e-01,3.321328967648953245e-01,4.073421003301416765e-01,7.584108781715406256e-01,4.742742390603574831e-01,9.543973820558001586e-01,9.362033443305809444e-01,6.136398320632320269e-01,7.045280672282339118e-02,-1.107853882077099450e-01,5.018609519180586842e-01,4.966445927930412396e-01,5.988877966561555466e-01,8.698265430730560688e-01,4.767976271957072298e-01,4.869206323186354712e-01,9.127311949027107074e-01,8.019015319041077339e-01,9.326282720519287750e-01,7.729503568575899486e-01,7.298349893870641480e-01,-1.876323422653558004e-01,5.211011309537544323e-01,7.013508425902078569e-01,7.527490832074694715e-01,8.851878740156631231e-01,6.680277665292110312e-01,7.992351000287902796e-01,6.827768893265728778e-01,8.328893254814633273e-01,4.362151849017579242e-01,8.325671818159303683e-01,5.683780362174241096e-01,-1.276196579089891037e-01,7.975355773840129281e-01,3.844532968276693774e-01,9.936386761792743716e-01,9.487606118393625554e-01,5.099590312928360403e-01,7.431372741688191397e-01,9.652447822498518848e-01,9.155089140015936211e-01,9.583393842675070884e-01,6.878435077802972364e-01,6.115525052202869238e-01,-1.306867298918691911e-01,4.781547464312474894e-04,5.202755637596601090e-01,6.069058850787525383e-01,3.208051596125855998e-01,2.971920651860725515e-01,3.171966459735670041e-01,1.015946201746056356e-02,7.356930883273101740e-01,6.670094068474038407e-01,9.998627865339537735e-01,6.271242631780777899e-01,6.904925422108303401e-01
8.353467728830783479e-01,4.218561001098886099e-01,9.288382412787269393e-01,6.790542194731365999e-01,5.265273431769473822e-01,1.416012716566636964e-01,4.209657284696491919e-01,5.137312911966921414e-01,6.128751748879259775e-01,6.316963202206542505e-01,7.759177423414203023e-01,0.000000000000000000e+00,6.149455064594580023e-01,7.879915872372242891e-01,7.028056295018754174e-01,4.795962987122144305e-01,8.194365326102984737e-01,6.037621940476651794e-01,2.002066525093669780e-01,7.481290702934041414e-01,8.336585234780707898e-01,6.962598156494056445e-01,3.286249457931740281e-01,5.049675733384020315e-01,1.119798574678791958e-01,7.395679005998594402e-01,5.868112630914861239e-01,6.751669853408228672e-01,4.761034360506713470e-01,4.101618792262399227e-01,5.065750356402065613e-01,5.000468787272899229e-01,8.169310859900279498e-01,8.395075160874105880e-01,5.577205076650986193e-01,2.799779738520186689e-01,1.706674446943249879e-01,9.695362556995117398e-01,9.004792946292218270e-01,8.775534263312313454e-01,5.316117631908798824e-01,4.325154007658901789e-01,9.901496530439557464e-01,6.744825950881562227e-01,7.177608602170492125e-01,4.767416022295862810e-01,8.095621857001417121e-01,4.245048241657335963e-01,9.333429463249474090e-01,6.193881817544006907e-01,5.925171745006740931e-01,3.486793529678471337e-01,4.481588995717617485e-01,7.691797807280287280e-01,9.610242361640655151e-01,5.029026542360676144e-01,8.317722485277772027e-01,2.714712878759879822e-02,5.264051669417212365e-01,3.478439668524289097e-01,-3.774719005780274861e-02,7.481385014629121644e-01,5.330252888013239376e-01,9.301657321967331526e-01,8.273253662784697537e-01,7.844064957880335642e-01,8.203173875147331540e-01,7.162994457057069164e-01,7.180340173510597612e-01,5.626570032194275761e-01,8.702947384868567893e-01,6.638243425170720080e-01,2.898693542849555271e-01,3.432932180662525701e-01,6.554912152204888098e-01,6.386707461904970184e-01,3.864283454710651933e-01,4.874018337863532668e-01,4.740536866730987176e-01,5.787452730610241902e-01,3.242992545664972748e-01,6.369048999230655372e-01,5.579292987442937557e-01,9.108799088113164188e-01,4.338186014766924337e-01
7.633022709554422303e-01,8.419702751388093986e-01,3.963411303151898046e-01,7.237799684957841873e-01,5.769021990123991417e-01,7.716908274768069509e-01,9.457662983789726363e-01,5.993967238553646881e-01,9.611475400054425577e-01,7.238350234508765801e-01,4.799039233719084585e-01,6.149455064594580023e-01,0.000000000000000000e+00,6.567344402811822190e-01,4.066755916718527986e-01,5.698856827202962716e-01,8.070797519430343847e-01,9.235365382047915350e-01,7.819498251310097459e-01,6.938985624728598589e-01,7.496509340525026044e-01,7.260755084656419500e-01,6.699223630183168687e-01,8.074487678189216089e-01,7.474401013638198865e-01,9.364296104886169481e-01,9.796975949976461928e-01,7.248057753868628605e-01,7.794152310488435820e-01,2.790923407314200855e-01,-1.042203906212175041e-01,5.080721001553648586e-01,7.305124373772244883e-01,6.688710025975351803e-01,6.210147069152266441e-01,2.712343331709081706e-01,1.174492305340916198e-01,7.596273049693700319e-01,4.490066146740092634e-01,7.947242908872054201e-01,9.380234412373547048e-01,6.904878403400558362e-01,8.554136409749428793e-01,5.143356333702576721e-01,8.309368498321493268e-01,7.330512783705032120e-01,6.336928019410131840e-01,8.085769626469043736e-01,5.798336955037054485e-01,6.699025684537707193e-01,8.810208024291887874e-01,4.340956469848855637e-01,9.194719166514738751e-01,6.095883724847661611e-01,7.729986406885323014e-01,8.288075005690985764e-01,8.071754638326991138e-01,7.364679877580948553e-01,6.494360385279313030e-01,4.158158810336847200e-01,5.622969246578628510e-01,6.186170855271926339e-01,9.954342576516266305e-01,9.535604385408986694e-01,6.810938844886130772e-01,6.149508085129428148e-01,6.148204831294449280e-01,7.479534930520516101e-01,1.182613662919097114e-01,7.430632596556958624e-01,8.479011293978671038e-01,6.753097766682917280e-01,5.773120349055941292e-01,5.097392268561684592e-01,5.573123002775296486e-01,8.108780969872949607e-01,5.872204520583629295e-01,9.446239927167815464e-01,5.843503718546898540e-01,2.622627690044744275e-01,6.182677631040068844e-01,6.742555795332674240e-01,8.588579642619431631e-01,6.020000023682221535e-01,9.754747146258901935e-01
6.225865764131813807e-01,7.668767764294657230e-01,7.446597251649751392e-01,8.923745449716118383e-01,6.887056749630379171e-01,8.896149062660175799e-01,7.417426302298111285e-01,9.513656642801324725e-01,9.485448577097137512e-01,7.930189167971605224e-01,8.770552889839033917e-01,7.879915872372242891e-01,6.567344402811822190e-01,0.000000000000000000e+00,4.670569775086538256e-01,6.465603349414994483e-01,7.589980015159016880e-01,8.277399287504414449e-01,2.773100183550840647e-01,9.057708260784489429e-01,6.222643425419032148e-01,3.258920271352975795e-01,6.041617472208486994e-01,9.015095355498610186e-01,7.467303470101174234e-01,8.427698336123544687e-01,7.267287695379663903e-01,9.784876892206371135e-01,2.060656915955367818e-01,7.027369177508617781e-01,-2.970307538886915455e-02,9.599131979251369629e-01,9.137910319152973138e-01,2.801438314996283485e-01,8.771011709461697947e-01,1.189716978826842533e-02,2.528801452977470499e-01,9.555196116408141149e-01,4.134136772870740384e-02,6.730340164894558219e-01,7.026544908140548440e-01,8.900158008872640636e-01,6.184721296217673414e-01,5.699380297311417154e-01,2.810322459432614273e-01,4.442580042512422334e-01,7.702063507848108115e-01,9.256725295572988399e-01,6.452070613449897296e-01,6.465906215530780043e-01,8.772292992941524981e-01,9.050859624224603106e-01,2.094817361215757512e-01,6.477073828637009978e-01,9.315828064008027098e-01,8.125676253378547598e-01,3.996861247215360846e-01,7.052056548999430241e-01,9.983029236896310277e-01,2.704415401532636598e-01,6.418876505070840732e-01,6.885065959962419768e-01,5.812499439307154958e-01,7.031770761996610775e-01,8.238087716801472116e-01,4.466318092907009540e-01,8.448890933950006232e-01,9.172119623710526248e-01,7.774096394856619963e-01,5.516443254971815646e-01,7.068070821941249138e-01,9.301660000574925036e-01,3.114707230358762513e-01,5.641681754565350815e-01,4.689265132377655743e-01,7.380684910103130214e-01,7.873618965200650521e-01,8.299141594697768687e-01,5.689293219787615596e-01,3.088282748711335124e-01,6.217892904674724441e-01,4.344596262057083269e-01,7.893875918326770380e-01,3.139412311902319841e-01,9.833509108162893364e-01
6.309046856756502786e-01,7.557652998856391191e-01,9.278172045368315857e-01,9.427255333978595830e-01,7.949697694115185342e-01,8.142608461196664260e-01,6.892002171889760609e-01,6.671035838720567046e-01,3.398956211126749616e-01,2.984507798666204970e-01,7.791473086335124476e-01,7.028056295018754174e-01,4.066755916718527986e-01,4.670569775086538256e-01,0.000000000000000000e+00,4.730049784654644651e-01,8.040292502623030968e-01,4.856746444866530399e-01,6.312949929047581010e-01,8.173133669406759116e-01,8.080762581460864125e-01,7.698568671108281247e-01,2.174691622195999430e-01,8.228666226703151843e-01,6.755782343745084795e-01,9.957261123702398908e-01,8.024332831967050383e-01,6.932144439727865315e-01,4.620858239437696247e-01,4.258685738767056805e-01,-4.336502371628117580e-02,7.222648727320759576e-01,3.537644774848577311e-01,7.718122403873713955e-01,9.650947591575071982e-01,3.982624625800113005e-01,4.304109247738072686e-01,8.202554505937695861e-01,8.692889477004449583e-01,3.780192258525956195e-01,6.489047353332383361e-01,6.068264032625897419e-01,6.189851727479843690e-01,9.736906744750383202e-01,9.310987528800055424e-01,8.674080025476212930e-01,6.574839242922612126e-01,7.382899352587897202e-01,6.321474792148248367e-01,6.281392375079956070e-01,9.572125456431315182e-01,9.659914192992067328e-01,9.189321410802872014e-01,8.085748005071171640e-01,9.786535088250127856e-01,9.034204345700900252e-01,4.694926552847324408e-01,8.573297677065924161e-01,9.615135193787122114e-01,3.154420183070059114e-01,6.179221794322462546e-01,6.108766494803200553e-01,6.215708391105562169e-01,6.258445580366301941e-01,8.820506396366252222e-01,2.340011704516408442e-01,6.241188453976692641e-01,5.540733453301036615e-01,5.600705940013409601e-01,9.248994745584184773e-01,8.444780540275199643e-01,3.384962885249784836e-01,7.949831898160700794e-01,4.286452458764111739e-01,4.515882862877647619e-01,5.561614186380334779e-01,6.443746768744835762e-01,5.281988965510588940e-01,6.971029917330890946e-01,5.986027200701944384e-01,2.744058802858441171e-01,5.056001565146009957e-01,9.665348461205619524e-01,1.962534777342703207e-01,4.831371237561041809e-01
7.446325324757105957e-01,7.230236044338627099e-01,8.579782842873545645e-01,6.202556434451398371e-01,8.159068152567204857e-01,7.818945202731885091e-01,9.836345979180034782e-02,5.601798140053192432e-01,8.327657952310318912e-01,9.057988288669468480e-01,5.383812591662842095e-01,4.795962987122144305e-01,5.698856827202962716e-01,6.465603349414994483e-01,4.730049784654644651e-01,0.000000000000000000e+00,7.067105660410868406e-01,-6.847904725005937721e-02,7.700939837502884799e-01,8.578486624696974872e-01,8.348221117335874464e-01,2.063246341161428798e-01,6.229653883733309305e-01,6.091792719071918993e-01,7.815300303965756479e-01,4.717494434403434189e-01,7.417681294568108097e-01,9.207141353881652668e-01,7.619961197155712407e-01,4.735625251431423433e-01,7.537100238825338305e-01,8.295161136973321359e-01,8.569715146709067088e-01,-1.557488765191057944e-01,6.652792456646343666e-01,5.557299835807928412e-01,4.117977879376028549e-01,2.488492493638113368e-01,9.589441164629410874e-01,8.945401579689953309e-01,3.772025307027089824e-01,6.856258224095621578e-01,4.718062851401020885e-01,5.262240216943518956e-01,6.004366475612654686e-01,9.342193313356087492e-01,4.311348581663211332e-01,4.185278352694010162e-01,7.337165093779784986e-01,1.244587919498545692e-01,6.098154556761570255e-01,5.175052493981594504e-01,7.157117132488233224e-01,3.310595201566539636e-01,8.959149106087375136e-01,6.991523943173654221e-01,7.513229276276780499e-01,7.427376269619385685e-01,8.937264222433511929e-01,9.309257636066929908e-01,4.826374921331229029e-01,7.081669861404848998e-01,7.072346179092544594e-01,8.382591365241238712e-01,8.762960223118245739e-01,7.943033304290119112e-01,6.048503770275590607e-01,6.359736528260063748e-01,7.316395549731642411e-01,7.545124622415709803e-01,9.165588149083176983e-01,8.825232954677035835e-01,5.362217082495432940e-01,5.276802649096592468e-01,4.120143782560985457e-01,3.210985243930818411e-01,7.225672244987306758e-01,4.984266533506553354e-01,2.434313498790725283e-01,4.202015647989624236e-01,7.937958121914763243e-01,7.776123731380918391e-01,6.663166025823760164e-01,5.692255459914897196e-03,7.615172384971249375e-01
4.979293670533586624e-01,9.899067382626176581e-01,5.403382663650231343e-01,9.443704585832443099e-01,7.111887153144939022e-01,9.364186623039503221e-01,8.288317646174536701e-01,8.302782715639172029e-01,8.778575845639843278e-01,6.134707042337799177e-01,5.239805347497938914e-01,8.194365326102984737e-01,8.070797519430343847e-01,7.589980015159016880e-01,8.040292502623030968e-01,7.067105660410868406e-01,0.000000000000000000e+00,8.611195161558604649e-01,9.260967202551307897e-01,7.822486198507384580e-01,8.678077274722594270e-01,6.370464104277474560e-01,8.185515182841711646e-01,8.237135392102885589e-01,3.562122901419270127e-01,8.313191085216083964e-01,9.691311052784079560e-01,5.313854725352991082e-01,5.406543349766467221e-01,6.027211533189716919e-01,2.528641236613927146e-01,8.851434757738001480e-01,5.343839617920684848e-01,9.741113340524566455e-01,9.077269352531401880e-01,3.661849715313348907e-01,8.205410949935890708e-01,7.799874005566860280e-01,2.149861344745029323e-01,8.363283661352274301e-01,6.047609516329193191e-01,9.276995049708801622e-01,6.654421831969635770e-01,3.401737347091999819e-01,8.511473846228878593e-01,8.134438413192141004e-01,3.281882323689780390e-01,9.837288427555043180e-01,5.929388673731397219e-01,9.859975810464876034e-01,6.284664998884349485e-01,6.952961310577417953e-01,7.785952011242822657e-01,8.895449236198313958e-01,8.177047322783823624e-01,9.434100275086489962e-01,5.769523446268340905e-01,7.208675652131020239e-01,9.048051202409266303e-01,7.463263442406233850e-01,2.821431727554422064e-01,6.057300413233673853e-01,3.863585019441289070e-01,9.363713973955546388e-01,5.303379812107604785e-01,9.208391825060788793e-01,8.587043926406596750e-01,9.482184113018992111e-01,7.435554561220857339e-01,8.953356702968552350e-01,9.477406037637019498e-01,7.906041990669658848e-01,5.653583015416254742e-01,3.242974598396055619e-01,9.981551440124356578e-01,9.932463252446979141e-01,9.983470397771900817e-01,9.960661553900027609e-01,4.189603970000584099e-02,2.646478531392006950e-01,8.555822359427558421e-01,8.965835735979112986e-01,8.125551135426194449e-01,5.596344190399596963e-01,3.106302276230773485e-01
8.970293782878743238e-01,7.859454150934365169e-01,9.768215372689791343e-01,2.918161327539613992e-01,4.036179464581491350e-01,7.191713821437483167e-01,5.271264885286078838e-01,6.705494604294159888e-01,7.278170360635453084e-01,7.341647147098112614e-01,6.434204254397921652e-01,6.037621940476651794e-01,9.235365382047915350e-01,8.277399287504414449e-01,4.856746444866530399e-01,-6.847904725005937721e-02,8.611195161558604649e-01,0.000000000000000000e+00,8.164975163261206648e-01,1.109204916069010394e-01,5.237149309996798063e-01,6.950613088191434086e-01,9.748182515214809602e-04,5.384615018158628308e-01,5.498502325575721494e-01,8.316967133245102284e-01,5.121308841122282907e-01,8.722516203818614366e-01,5.287745706413290447e-01,3.965204672015658072e-01,3.242026834053376994e-01,4.645243074309014508e-01,6.855297640691702943e-02,4.944718355087723283e-01,6.193502116588148754e-01,2.619546372911771837e-01,1.798708335748590015e-01,3.144687257991911622e-01,8.976296685782246820e-01,6.817626922352086893e-01,9.353266073663600855e-01,9.171109513735689056e-01,4.297520935263535735e-01,7.312101284258418765e-01,4.515889875834791511e-01,9.984328998590865645e-01,8.316017045902436289e-01,-1.357304194678956022e-01,4.305185904519169271e-01,3.155088578997787829e-01,7.653199024964023600e-01,8.371022855311808231e-01,6.478973704351744800e-01,9.005111902194130602e-01,8.161486982856085426e-01,6.789067177812302400e-01,1.760292706974805887e-01,8.793112737847759153e-01,7.857127546547979513e-01,3.439444321176177155e-01,5.274600373174117562e-01,-8.603237834819976726e-02,7.571265590553101221e-01,2.436714525350643923e-01,7.367066658820801139e-01,4.541893951581293387e-01,7.693914486002110253e-01,8.547253034198974975e-01,9.349693149804819137e-02,3.434328317378843032e-01,7.462316569295266433e-01,5.466302725885021641e-01,4.023623241681930085e-01,9.110925475287978692e-01,7.269390344379622615e-01,6.725208638314890131e-01,8.818863959133604880e-01,6.000045123595613150e-01,-1.844053645417320919e-01,5.492530149348632262e-01,7.407369100635028403e-01,8.738466409113471167e-01,4.752276459968342026e-01,6.415640829741326989e-01,8.062320995804850288e-01
