0.000000000000000000e+00,6.316947659179231733e-01,9.041437925546551568e-01,6.176797669864542151e-01,9.667253923506986535e-01,9.254425332978484242e-01,5.883440762562590631e-01,5.826939449090754453e-01,6.464226752508770435e-01,9.816530637603264609e-01,6.611455268334689439e-01,9.655581941712134686e-01,9.987531685949040394e-01,7.303826439548014582e-01,8.999171776898832187e-01,8.311255102683918761e-01,5.010359712596087478e-01,8.662930493188270020e-01,9.673401872262125112e-01,8.476859072023318342e-01,4.878827219875137011e-01,9.737287880847904642e-01,9.348990834783775794e-01,7.741080298435156770e-01,6.350467219567514920e-01,6.813800236914528963e-01,9.468309159998795632e-01,8.131615059292681691e-01,4.163314109583502454e-01,4.003278654972152184e-01,2.362232160530161884e-01,5.352558904901408843e-01,7.698950766446310823e-01,7.648303034393334476e-01,8.907822636015096940e-01,5.512740608804331810e-01,2.688088573152657146e-01,9.646211065002830987e-01,7.113976450935888263e-01,9.219644020952901808e-01,3.241368916627241914e-01,5.123908204786324916e-01,5.865569740146121536e-01,7.931293313560798808e-01,9.261640303877829439e-01,9.388269782739930847e-01,7.746412989217339451e-01,2.639897417771275845e-01,8.791818482820666913e-01,6.011425411417240516e-01,6.249872672864835721e-01,2.467881402751415099e-01,5.204051019382279764e-01,7.148133910077263398e-01,6.277214990755949353e-01,5.726847488174471312e-01,2.987116054199913107e-01,8.019911043329325251e-01,9.941581268107424485e-01,2.780783725410388429e-01,8.747769997870724623e-01,2.478256852613101580e-01,8.137851204820945039e-01,6.423602467539401006e-01,4.331287370440718432e-01,5.800084020749560754e-01,8.732376537002110028e-01,6.467021555710709135e-01,8.962691364687102036e-01,8.643618390699951970e-01,7.579030695655362138e-01,2.542255282989005494e-01,6.934484993432409317e-01,3.559479077369179789e-01,2.426690006425606672e-01,8.317023468347570780e-01,8.867855483953193119e-01,4.952195096299084609e-01,4.183167097300292125e-01,2.003989752517424394e-01,5.238809732748923587e-01,7.182053152424427989e-01,4.878598582903447833e-01,5.112190351608338901e-01,9.420475054236467916e-01
6.316947659179231733e-01,0.000000000000000000e+00,5.092716756235593500e-01,8.754283323215751311e-01,9.064654714583516570e-01,9.156317722878719589e-01,7.384874828704981464e-01,7.755033796121516554e-01,9.473007330451751473e-01,9.923347035858169907e-01,9.406289498420643547e-01,9.011644383720167628e-01,7.331147939853834838e-01,7.910799093307596674e-01,6.814396814083116816e-01,9.676807240623184203e-01,8.612623484404400287e-01,4.822969501071979193e-01,9.827751166071023725e-01,6.309255602067439517e-01,7.073921461179114578e-01,6.303740207650171401e-01,7.414550997781100827e-01,4.012863258502581409e-01,7.988727624116912507e-01,3.509242811138259532e-01,8.790024948354602241e-01,7.614526134105294997e-01,6.936467667820469529e-01,4.933981768049683359e-01,-8.896091111967056875e-02,5.797055617749036216e-01,9.799843294794139403e-01,7.327210413679046130e-01,5.494440510723703763e-01,2.496411032560096055e-01,7.114353379968620938e-01,5.627701126693178679e-01,8.033609634849796510e-01,4.046322471079205618e-01,4.145866070846467299e-01,3.900002852503282602e-01,6.112034106610100270e-01,7.136339824312974978e-01,6.696836170051826409e-01,9.546311408186254344e-01,3.686467630328320588e-01,6.711224257148711292e-01,3.982474425834037213e-01,8.005363672429095800e-02,5.107088467648354113e-01,3.931668611480109154e-01,7.126663993594856139e-01,5.973414853492624577e-01,8.396336574661817931e-01,4.436499414685386444e-01,4.491892817059854881e-01,6.427168698862467666e-01,4.343967538315766652e-01,7.328682625825209129e-01,6.712859101580915810e-01,3.908457980454211333e-01,8.856951919192976863e-01,7.663717047747102828e-01,5.519613682232653584e-01,4.533716621108968559e-01,7.588811097547835116e-01,6.147653354292044181e-01,6.963505199265707102e-01,6.269928518833250974e-01,5.061568555259310376e-01,6.795598636854134345e-01,2.440693911586024056e-01,6.211571461964107144e-01,6.381111699820207761e-01,5.879720483597553615e-01,7.215109001363556596e-01,5.711451143515617890e-01,4.423004051325995500e-01,3.396987840395988556e-01,5.354622872702725633e-01,7.089524855079579746e-01,7.951511345033076550e-01,7.827708195854317097e-01,9.771133951241132154e-01
9.041437925546551568e-01,5.092716756235593500e-01,0.000000000000000000e+00,7.997657218827395331e-01,7.625405056341905130e-01,9.073321732199645107e-01,9.218315272718464737e-01,9.830364906289028593e-01,4.287325389749105931e-01,7.417352835988877402e-01,7.348725427910998143e-01,9.750263695350305237e-01,8.985705609180361098e-01,6.531490312051877467e-01,9.132623313195910031e-01,7.725041239356933431e-01,7.665623323370155395e-01,8.705805829340288460e-01,9.648714089821747164e-01,8.674037925736605148e-01,8.077197038571586329e-01,8.101254141694638200e-01,3.712612436509031832e-01,8.995618456863849755e-01,4.969124936236479773e-02,9.432329723330358240e-01,9.509999185313501302e-01,8.598886520300357272e-01,4.134587134551998000e-01,8.182442015253686973e-01,3.428384487747512255e-01,5.320122451238449290e-01,7.314681078338348685e-01,6.313467753254852211e-01,5.684438351421678970e-01,7.367994250195863959e-01,7.168650859565228739e-01,9.513822855604736617e-01,6.305162972596283222e-01,9.149144622122942216e-01,2.833599328130311235e-01,6.957592447417179082e-01,8.128415309710957937e-01,5.807522022762753311e-01,8.568429953584705272e-01,7.921084879212848540e-01,8.807370487107305523e-01,8.410643022975133887e-01,6.355903499405444190e-01,3.644016554807099073e-01,8.730379856394205884e-01,6.822055714991360764e-01,9.112020620345727684e-01,4.189865281394418162e-01,9.060582447827144614e-01,9.478224004144043535e-01,9.658264744175665273e-01,4.276574044178632628e-01,4.565545118497674193e-01,6.390925949671106832e-01,6.411550164182890921e-01,8.258002629401168804e-01,8.495141222916591239e-01,5.519727825007841870e-01,8.985206382142829629e-01,4.133439078642120457e-01,6.298383372523730372e-01,9.370712801759035759e-01,4.600112451906877564e-01,7.966764260482499527e-01,9.429984701518971946e-01,6.005834833618789448e-01,2.841319253502305742e-01,4.144002125114454316e-01,9.510011325978316998e-01,7.162366141843126144e-01,7.513605086018586565e-01,9.280106117077566719e-01,6.053217044011897086e-01,1.361870495678847715e-01,7.063276934951985275e-01,4.861698948241061080e-01,9.470995692406707356e-01,7.210484440432793907e-01,8.692962115931279765e-01
6.176797669864542151e-01,8.754283323215751311e-01,7.997657218827395331e-01,0.000000000000000000e+00,4.534318975371229854e-01,9.906594829280255254e-01,7.824881843092171829e-01,2.426603581288544753e-01,4.510123972216839028e-01,9.790718196751680980e-01,8.611546199122678269e-01,5.072844547734814968e-01,7.532852337437504486e-01,9.119038912148682563e-01,6.716169863859341449e-01,1.145196593941958246e-01,9.401532606848104212e-01,5.549706193609728055e-01,7.981158394011459434e-01,3.316812767057554234e-01,4.522112018265820876e-01,8.831836940974538974e-01,9.251940430480053434e-01,9.815645070909511105e-01,3.553321052967652327e-01,7.715480639424835418e-01,8.259255635229179049e-01,8.865244905094548100e-01,1.161792844430762639e-01,3.987406619063152968e-01,1.326781967334642043e-01,8.439636890196732244e-01,6.097965806494874963e-01,9.669788340571557894e-01,6.905810556512089748e-01,7.035346863144960050e-01,4.823847576694015871e-01,9.995185497516310136e-01,6.091302389405947038e-01,4.999287134265345545e-01,6.882631801468227506e-01,6.184732677257649414e-01,9.364887524908329652e-01,7.746358829290179715e-01,6.570227718875940592e-01,8.785612342313597889e-01,4.303236211598474581e-01,3.805470793670345797e-01,4.569072257900075873e-01,8.490777585957238749e-01,6.352162014996141082e-01,9.425846187404421928e-01,9.867623942821722727e-01,6.245446549097593003e-01,7.828557049706071913e-01,2.869878022341336710e-01,1.148219640043201262e-01,9.386163408814589548e-01,7.371129544913055387e-01,4.574803532466739098e-01,3.132078893455217949e-01,3.544733113081042220e-01,9.618873095646378601e-01,9.902349772529184246e-01,9.939413593311017259e-01,7.991576433572802340e-01,9.466051283728468269e-01,9.724705233726050890e-01,2.387899629096476850e-01,6.000023711112222324e-01,7.741963540935701271e-01,8.562656396389360935e-01,7.372563864566163971e-01,5.253914671458086438e-01,7.861477734270417850e-01,9.564118254283164866e-01,7.845322568157903076e-01,6.689578547874983627e-01,1.157834658667838412e-01,2.620695540294086245e-01,2.009488848586871435e-01,9.941825234571617376e-01,9.785963874826396625e-01,2.145603779917434617e-01,4.003627812269087705e-01
9.667253923506986535e-01,9.064654714583516570e-01,7.625405056341905130e-01,4.534318975371229854e-01,0.000000000000000000e+00,8.739270396741167790e-01,6.091283948226002831e-01,5.082936905193319310e-01,3.380746968907021865e-01,3.318155290824277293e-01,7.410990117558192702e-01,8.015917799215696027e-01,9.079762133867784746e-01,4.433085169706543205e-01,5.756055937841950687e-01,6.468900481497095178e-01,4.162152341109479625e-01,6.082575727548414912e-01,9.024267287002268878e-01,7.037412674577461225e-01,7.363358042741368070e-01,9.312585452660651075e-01,9.595004036874620335e-01,6.415318284311206654e-01,2.310613638696029370e-01,8.871204516540349694e-01,9.996609765786387269e-01,7.437599353660774293e-01,9.151719460095184555e-01,5.401745652596098290e-01,6.181305821847293824e-01,4.625635643851819245e-01,9.162476847091367560e-01,6.104926235309919846e-01,6.382944518171065340e-01,6.082393969265526001e-01,1.265557297593526420e-01,4.668167978016103947e-01,6.375160324405286794e-01,7.088301337443821959e-01,9.567929040194738111e-01,6.882638269376505358e-01,4.835426726909749506e-01,7.962191873184926161e-01,7.931173402098202763e-01,7.270430766486086771e-01,8.955853208626209927e-01,6.335143671088625528e-01,1.652215073843671111e-01,7.610502191050968479e-01,8.525588428527774987e-01,6.850390564397982329e-01,5.531214269313201592e-01,4.166141002862344851e-03,9.468726776307502258e-01,5.837783798747078201e-01,9.940129193701323640e-01,7.838122263097755393e-01,8.333123512785911569e-01,6.746489738621389565e-01,-3.266578110091331588e-01,6.521958503095003357e-01,5.585276011907849281e-01,9.453389454481516685e-01,6.073045346645082887e-01,2.248753947397536812e-01,7.128207403606567905e-01,7.655137330473706925e-01,6.450303137149010491e-01,9.054082560365491750e-01,6.357067005756545930e-01,9.432908340714492024e-01,5.248274302355016019e-01,5.817726645162474286e-01,2.218306897211652362e-01,5.102242136382406645e-01,7.455403909858442368e-01,4.861714827586917642e-01,6.121075156814747009e-01,7.102399990465358076e-04,6.399271877728599511e-01,7.747180370772821512e-01,5.852884443427556205e-01,7.386851907625128222e-01,6.946392041373155024e-01
9.254425332978484242e-01,9.156317722878719589e-01,9.073321732199645107e-01,9.906594829280255254e-01,8.739270396741167790e-01,0.000000000000000000e+00,6.914002009272873783e-01,4.524546488685683987e-01,6.319028338222453245e-01,9.334238465438203791e-01,9.875535989961055083e-01,8.849796250476988924e-01,5.266709353461095366e-01,5.252949920659241156e-01,2.564122542744527444e-01,7.190595495667391202e-01,6.342225291823098132e-01,1.145248681594205897e-01,7.849159414019006853e-01,6.000845528446904220e-01,8.117020587938115206e-01,6.588110681870947838e-01,2.685570797038531743e-01,6.807761677357364594e-01,7.682263396839936753e-01,4.547584731926498369e-01,6.818806691240369977e-01,6.646490413380258255e-01,4.471945919487623211e-01,5.190702479509436973e-01,7.551540196205089872e-01,4.906109336951723354e-01,4.557492428553230890e-01,9.712637761098743550e-01,6.914587811302445042e-01,4.720213146726951470e-01,5.576908938621053524e-01,6.230780655126236800e-01,5.300368048224703976e-01,2.488530679731697504e-01,4.662927012563089502e-01,8.361293238692006913e-01,8.864062180600268404e-01,9.375761851647633760e-01,7.503039394543606910e-01,6.364588777650402873e-01,9.906060630362114594e-01,6.552845512099693126e-01,8.184357439105097720e-01,9.833306314621708122e-01,4.631179195004672677e-01,9.811994527631363594e-01,8.442009687097769000e-01,7.795209123612218960e-01,8.128868494098340225e-01,8.696880971868581334e-01,4.340899207491040745e-01,9.651266658093573536e-01,7.822893889523108157e-01,7.412920096835993178e-01,6.725778160798687733e-01,7.860615488905080550e-01,7.504572861663846295e-01,8.251239454557738329e-01,7.084314906412042534e-01,5.888739329024119673e-01,9.500524405976901177e-01,6.430953795850332666e-01,6.294793051465639167e-01,2.873073395275295150e-01,5.469960527540341788e-01,6.335465178277873699e-01,5.918759360574628037e-01,2.396845336753548605e-01,5.038402418883667355e-01,9.101192348778441854e-01,6.024517907556893315e-01,-3.708872363300670383e-01,3.917272910039767408e-01,3.506659593862740953e-01,9.618797752068068974e-01,9.297022985086547120e-01,6.837918482543664522e-01,8.824362068715337903e-01,-9.398582445069830760e-02
5.883440762562590631e-01,7.384874828704981464e-01,9.218315272718464737e-01,7.824881843092171829e-01,6.091283948226002831e-01,6.914002009272873783e-01,0.000000000000000000e+00,8.994380272223158057e-01,7.362756351313649583e-01,6.949102777758112692e-01,7.167348179056599600e-01,7.081840214761210284e-01,3.320434204172700160e-02,7.807717692845623780e-01,7.700348725477572653e-01,2.271181149420377077e-01,7.255990111465132619e-01,4.249948356339096622e-01,2.384319437216025628e-01,7.570650685458826246e-01,8.176287829715209732e-01,8.386555692912436855e-02,2.313670074231267415e-01,2.690274217972183912e-01,3.938348370790403230e-01,6.991469135762735654e-01,5.744627419563683723e-01,5.274480940708833332e-01,3.417296095804276401e-01,1.320018792795396301e-01,1.742943067201122020e-01,4.269195502420316535e-01,6.467292218225172418e-01,3.238827181882689143e-01,3.296342246825091915e-01,1.912979342101945868e-01,4.713644004054139969e-01,2.514915922958125272e-01,7.768467306032758035e-01,5.629544216159109160e-01,6.797985955613728981e-01,5.290572118385796774e-01,6.658673356815167921e-01,7.852273942994338896e-01,8.921967410460116543e-01,5.382842495665373095e-01,7.566058168561176078e-01,5.377653950778574776e-01,6.225830842185053893e-01,6.970286618566702286e-01,8.611620006438626129e-01,5.909551658869323099e-01,5.638480082688035466e-01,7.361753728231964500e-01,7.219555554637044903e-01,5.196431121709766954e-01,4.619165950038208734e-01,2.237586473153342914e-01,8.838967825297768810e-01,5.332849633421332669e-01,3.545570498526344205e-01,9.842184235294144656e-01,9.015158468400360503e-01,8.929503427681241279e-01,8.663921597687952447e-01,6.653252964989043727e-01,1.986357028194986329e-01,8.841053638432231354e-01,6.816409425843661385e-02,6.700062496526744127e-01,6.490054981447221927e-01,8.175062150022409657e-01,8.698988986321428696e-01,3.416077556528419046e-01,6.269757494224552641e-01,4.568139066032714246e-01,7.473109845921224181e-01,6.003001213391099267e-01,3.814572143893714129e-01,3.965740714566481362e-01,4.082528264065401480e-01,4.571780959487454221e-01,9.430482416918427591e-01,6.748233080505037229e-01,6.976604963406179971e-01
5.826939449090754453e-01,7.755033796121516554e-01,9.830364906289028593e-01,2.426603581288544753e-01,5.082936905193319310e-01,4.524546488685683987e-01,8.994380272223158057e-01,0.000000000000000000e+00,3.094615216356626508e-01,2.397987192388479072e-01,-9.794874496952821197e-02,6.247748421836267774e-01,3.618072034816482291e-02,4.050944528257736099e-01,4.726196056094443265e-01,8.977814557936418804e-01,6.388475900598102886e-01,4.389203580568348806e-01,7.612424696020921866e-01,9.601598881168971200e-01,5.126075091017240348e-01,8.108074551736523805e-01,9.284922332928771116e-01,6.747284661362015212e-01,4.727908864399917865e-01,8.719063464881791070e-01,3.805194663929426513e-01,9.940698204586362330e-01,3.736187623238923505e-01,3.387985555016750361e-01,5.034725314179088196e-01,8.190813092071007606e-01,2.608678684833254935e-01,4.995962587661357812e-01,5.199998004501601434e-01,6.952378203444141702e-01,4.359244854840668149e-01,7.558748448704991629e-01,4.543729762845493125e-01,9.921340756169012565e-01,7.473518824837791508e-01,9.216494211154917515e-01,7.245965887736693922e-01,7.020431487715375618e-02,2.390653687981854902e-01,4.670214523244604066e-01,5.995349433046941456e-01,4.866360970240559136e-01,7.527912967039511738e-01,8.669090374802426169e-01,6.278697163211677257e-01,9.931675756904445596e-01,7.063501030460611618e-01,7.304092435529294658e-01,5.394666349486443302e-01,9.568383013194057263e-01,6.291007556546475143e-01,7.103542173098270629e-01,9.939670203822236205e-01,2.611522341851441054e-01,5.741080790605848083e-01,6.980583149069484739e-01,4.988264647624730541e-01,9.664209386715992833e-01,8.812921844442164199e-01,1.318102755993305897e-01,3.605797013828970221e-01,9.351533412075727636e-01,6.653828659652030186e-01,6.087250873265115381e-01,4.972436520209708166e-01,4.675549636430412215e-01,6.743757962375199200e-02,3.120874127727538139e-01,5.072866612287102450e-01,8.313690465186736045e-01,6.075804716038258890e-01,7.127330902003805591e-01,2.610694103693589341e-01,5.447885200800753891e-01,8.014242915896511166e-01,2.717571678227531651e-01,4.555299895661943377e-01,7.200130135746931614e-01,6.692025151496084900e-01
6.464226752508770435e-01,9.473007330451751473e-01,4.287325389749105931e-01,4.510123972216839028e-01,3.380746968907021865e-01,6.319028338222453245e-01,7.362756351313649583e-01,3.094615216356626508e-01,0.000000000000000000e+00,6.566004276742586354e-01,4.555287983307529376e-01,6.386785678895964269e-01,6.598369907449964655e-01,9.417855372343162390e-01,5.622428141373230215e-01,6.881005332947409681e-01,6.294878378787435169e-01,5.044763983171843824e-01,7.743340388269954744e-01,6.451346122441011799e-01,8.997618534853210059e-01,6.019111120508713331e-01,4.739673316528197899e-01,6.638705465076204515e-01,7.658872502028138962e-01,3.417920006847930958e-01,6.960736260025721656e-01,6.102084605162300113e-01,6.832236632119160769e-01,2.077895722534875422e-01,5.206540199313309802e-01,2.364630461402656425e-01,-4.069658454621771781e-02,4.629284187317488364e-01,6.556228931616001621e-01,3.285166126150259047e-01,2.110016671678649480e-03,-1.464450401709066485e-01,6.974442330463045403e-01,8.096703494411864321e-01,4.102458181007678228e-01,5.235638722666781097e-01,6.108552152347747066e-01,2.626621469705794562e-02,9.340007304612467642e-01,6.369033434836339769e-01,6.740786035310813995e-01,6.875358739173249578e-01,7.318918498684053864e-01,-1.663152521837093223e-01,9.026400038310052887e-01,6.376400541034328295e-01,6.068186236041578363e-01,8.306683443913095433e-01,4.197405454318023921e-01,7.235063087866024922e-01,5.529728246512868317e-01,8.904115731941816270e-01,2.658251013701584675e-02,7.553206972601863578e-01,7.097503039270224301e-01,9.455228462923521704e-01,2.458379155540584837e-01,9.696590995712662808e-01,9.675802424027848403e-01,6.075867755813947335e-01,5.862483905280098107e-01,6.374517198145395191e-01,5.647278905389996329e-01,3.626950019930061386e-01,6.802869345874132945e-01,4.186622201201759541e-01,3.902571128827840297e-01,6.988919851751566048e-01,4.205689182610700128e-01,6.521197495253152621e-01,5.224458458137010153e-01,7.213376758687730650e-01,6.468014169976751271e-01,6.896353863234049308e-01,4.322188006690617645e-01,8.517124728410575552e-01,8.050908421520683866e-01,7.153937508188569216e-01,3.378166760644335520e-01
9.816530637603264609e-01,9.923347035858169907e-01,7.417352835988877402e-01,9.790718196751680980e-01,3.318155290824277293e-01,9.334238465438203791e-01,6.949102777758112692e-01,2.397987192388479072e-01,6.566004276742586354e-01,0.000000000000000000e+00,9.469927270704890931e-01,9.652625627761298732e-01,7.160269013806341842e-01,7.938028217629078398e-01,3.230764735374249685e-01,9.254334534084285302e-01,9.345107158789474067e-01,8.285275491201056219e-01,9.400657458514340981e-01,6.118185166536347364e-01,9.193141899426472419e-01,3.964737259030988170e-01,7.518410645646881330e-01,5.132353745310014315e-01,5.516215622099366334e-01,8.885519048129971731e-01,4.438784264092641152e-01,5.235706158095885243e-01,1.321060119935790478e-01,4.417571320269881308e-01,6.074883163936584118e-01,9.704878203983604568e-01,7.140457098492015708e-01,9.458981392027355772e-01,3.712483929786212222e-01,2.407118280601166782e-01,5.468715855687162897e-01,9.436236304195622093e-01,8.834518323108354609e-01,9.326840211924274371e-01,6.081038563185665602e-01,6.612116003652153129e-01,7.350277846763459966e-01,7.035390693547087793e-01,3.252777325934325670e-01,6.477569405904409772e-01,7.437719826371994580e-01,1.112080023543494667e-01,7.686805419810120998e-01,6.935750332825365572e-01,7.197345502352927582e-01,4.601717264550855835e-01,7.452460980925296186e-01,7.955836038615747841e-01,9.374163743822718775e-01,7.149843897746446242e-01,7.561477595568617538e-01,5.715962543152810493e-01,8.251198923403603169e-01,1.278111688645433008e-01,4.665286258217730131e-01,4.376899974516407221e-01,6.306785410826177829e-01,6.283989441586776969e-01,9.766981111870470800e-01,7.953925606379290691e-01,8.526795805951261631e-01,8.679272425751490827e-01,7.885024139773417762e-01,7.882966166232797667e-01,9.464254119729375025e-01,7.520758911392240176e-01,4.749469831423131505e-01,4.142817826775064272e-01,6.180763374025560752e-01,6.115632374527567583e-01,9.541746718899635216e-01,9.961235540274229194e-01,7.115170839063429398e-01,6.889883603358589736e-01,5.831936509871886720e-01,7.677464648789158463e-01,9.234819287735136495e-01,6.776273102259603442e-01,3.671368686155291883e-01
6.611455268334689439e-01,9.406289498420643547e-01,7.348725427910998143e-01,8.611546199122678269e-01,7.410990117558192702e-01,9.875535989961055083e-01,7.167348179056599600e-01,-9.794874496952821197e-02,4.555287983307529376e-01,9.469927270704890931e-01,0.000000000000000000e+00,3.726627312654927637e-01,6.712847083448750807e-01,5.000012597848939588e-01,9.382560710334074683e-01,8.909922017666545013e-01,7.453349900711174758e-01,3.530278921520748625e-01,4.930365317008441606e-01,9.484229446085715720e-01,9.960912958054624067e-01,3.909612896615675126e-01,9.023720242890015397e-01,1.261732735975444331e-01,2.155002560764673336e-01,5.491997859828822159e-01,9.276010581556419776e-01,4.672367069272575502e-01,3.465542928045645121e-01,5.123634689959146726e-01,4.111513328476986140e-01,9.380115715850019242e-01,5.929070781156141612e-01,5.967321370649272261e-01,6.148348662424002464e-01,2.068185177797841334e-01,8.938706932587835441e-01,4.708357112267625988e-01,9.718055492083739200e-01,4.927062400725821245e-01,4.210775301449641850e-01,4.015203350980691699e-01,4.553546672246648330e-01,6.502115260673326791e-01,6.614595283632537237e-01,8.305007853116644911e-01,7.877265216501672107e-01,7.869625003260900531e-01,5.999263443595125311e-01,9.476740108685316466e-01,5.484862824601604014e-01,6.325997846240325462e-01,8.722696699967382727e-01,9.605124725063848290e-01,5.042196988370537536e-01,2.788536252700425377e-01,5.754885233240795150e-01,8.724616892670429280e-01,6.992954675945018961e-01,2.275622043530397820e-01,7.556186461858311887e-01,7.041488942397855499e-01,7.222828603688633553e-01,9.374090395500374040e-01,7.921418894390459542e-01,3.582648232401196564e-01,8.828126696960569841e-01,9.991800343054262346e-01,7.589553549592974457e-01,9.761169276350344370e-01,7.754624650789103679e-01,6.889169757246488279e-01,-1.055730077521256499e-01,5.370298829875066460e-01,4.166534432858808312e-01,8.567399460023186197e-01,9.336346186266313296e-01,7.021857089974200550e-01,7.028289503774919345e-01,7.467141123816629644e-01,3.070850245939991674e-01,6.187777260794117273e-01,8.587342570292519905e-01,7.750938886740817990e-01,8.892204531381963095e-01
9.655581941712134686e-01,9.011644383720167628e-01,9.750263695350305237e-01,5.072844547734814968e-01,8.015917799215696027e-01,8.849796250476988924e-01,7.081840214761210284e-01,6.247748421836267774e-01,6.386785678895964269e-01,9.652625627761298732e-01,3.726627312654927637e-01,0.000000000000000000e+00,9.774418553594997894e-01,6.990813561968269862e-01,8.484209292462491225e-01,5.636277022133571180e-01,7.494795506655935746e-01,7.610165714023592320e-01,9.975430295739875497e-01,9.700656813289061375e-01,4.696505744228710588e-01,7.719178836704744251e-01,6.786305732403974389e-01,8.706065491905194964e-01,5.293647551440843202e-01,2.925395358891193509e-01,6.616696963051418301e-01,5.223813363446001556e-01,2.266201065327745623e-01,6.349478740442732194e-01,7.331288150495173239e-01,6.124009558241469975e-01,6.144087643400697463e-01,7.291033516310434504e-01,8.153724525480753049e-02,7.835948054696943998e-01,7.084179973695238219e-01,2.761425487210713570e-01,8.736617307015595024e-01,8.636903524467333115e-01,5.794857936474164806e-01,5.457977676599672368e-01,6.146934830565597974e-01,7.398036040339498465e-01,9.828823868215095239e-01,6.329487273706461137e-01,6.927762877806393771e-01,4.871164185410710168e-01,9.969333695647990545e-01,4.781623482353193344e-01,8.441547503767565797e-01,3.224873420248163258e-01,8.651338677851948544e-01,8.411508150348350199e-01,9.792586104331468810e-01,6.593585022139976104e-01,9.153759245661923227e-01,8.272151820764171992e-01,8.819159491585114585e-01,6.127119575138654239e-01,8.229499978995412635e-01,6.241337207053666569e-01,9.074069706381262534e-01,5.512149994502881789e-01,8.076919371090356403e-01,5.808571948693850295e-01,7.081834733292954320e-01,9.275963353091312702e-02,4.282402610021014966e-01,4.642076909035570131e-01,7.056042328774810857e-01,4.004236207406872694e-01,3.928869888594016535e-01,7.907429818886710926e-01,4.790545297137167591e-01,5.960685282053814760e-01,9.542425620534666919e-01,8.552716177737035297e-01,8.229043128880423330e-01,1.541342142950818395e-01,8.012651004583221104e-01,6.017726521330125644e-01,9.468977369452432624e-01,6.433039843980791206e-01,3.259559621669921858e-01
9.987531685949040394e-01,7.331147939853834838e-01,8.985705609180361098e-01,7.532852337437504486e-01,9.079762133867784746e-01,5.266709353461095366e-01,3.320434204172700160e-02,3.618072034816482291e-02,6.598369907449964655e-01,7.160269013806341842e-01,6.712847083448750807e-01,9.774418553594997894e-01,0.000000000000000000e+00,7.939086783873714470e-01,4.504176431622889942e-01,9.607356811916336614e-01,2.438482624300650492e-01,6.859147658387793056e-01,8.911657599993335621e-01,5.127651653422656830e-01,7.194361364694106253e-01,6.187812712690863304e-01,9.234184971055929836e-01,7.330093952002754154e-01,6.998717320135223741e-01,4.801225312026324854e-01,7.307980681204733209e-01,3.217595748426955726e-01,2.386404562856070666e-01,1.971700269977330264e-02,5.758496834906540185e-01,6.919390443068179630e-01,4.093793562057786439e-01,9.760528978097334774e-01,7.582939193810929179e-01,5.489148216302062178e-01,1.980492778949818553e-02,6.806034642798053369e-01,9.811668340637051955e-01,8.663025967634484514e-01,3.805162636715210267e-01,9.713854690270992132e-01,9.418721705383668041e-01,8.723913584361356888e-01,2.148953208000581316e-01,8.036318921690398520e-01,5.205433512693572462e-01,6.597868824518393627e-01,7.060153113165605898e-01,5.308459827784997032e-01,8.022962262208935824e-01,9.400306324371942024e-01,2.118294332704759586e-01,7.919306601621631803e-01,9.940708432537734840e-01,9.996102550337844506e-02,5.469157716562318416e-01,7.652101077822243136e-01,9.898923550431341090e-01,7.654189964285836867e-01,9.980621179659865394e-01,6.996798001410254875e-01,7.726357257431464287e-01,5.849218537326613676e-01,4.297995000115372721e-01,6.938279168402430308e-01,8.827919469764028415e-01,9.005177949943525828e-01,5.377657016636047116e-01,5.026680257007930530e-01,9.787236389669906611e-01,8.080686562317515031e-01,5.986515651451669306e-01,3.929862810074283841e-01,5.439258773410318160e-01,4.872775107803585803e-01,8.776939878570050313e-01,7.161102896518674044e-01,2.682335650927209492e-01,1.814506931276100021e-01,3.745080960934507042e-01,3.078847551479130251e-01,6.346580479446539691e-01,6.452632374695801420e-01,8.083224473270376187e-01
7.303826439548014582e-01,7.910799093307596674e-01,6.531490312051877467e-01,9.119038912148682563e-01,4.433085169706543205e-01,5.252949920659241156e-01,7.807717692845623780e-01,4.050944528257736099e-01,9.417855372343162390e-01,7.938028217629078398e-01,5.000012597848939588e-01,6.990813561968269862e-01,7.939086783873714470e-01,0.000000000000000000e+00,4.756737844027635331e-01,7.608340875863571773e-01,9.307776756178371969e-01,2.306152523334109583e-01,7.676634616134461186e-01,4.850011776242586503e-01,6.212311036230272476e-01,3.087408537291145838e-01,8.017872448052093537e-01,6.696246968872752170e-01,6.611070529862704825e-01,9.905021824538094988e-01,8.601182903958752846e-01,8.022760524491086009e-01,5.747616890760578467e-01,5.245538133405891479e-01,4.393401910920506914e-01,5.152173892357351237e-01,-1.213458945727332039e-01,3.874811008901245524e-01,8.689570253484995010e-01,3.473361984557471471e-01,5.242588051019640982e-01,5.142088646797022822e-01,7.902181724482451042e-01,7.668090753975344009e-01,7.196486313900526399e-01,9.016302386089605214e-01,8.720702374670414869e-01,7.537495941243473885e-01,8.266712934136188906e-01,7.521062120156667419e-01,5.357057470814035050e-01,7.291125886230438446e-01,5.609435367006282425e-01,9.163912452472291470e-01,7.716975528468924539e-01,8.004818223143126410e-01,6.374094568673013272e-01,9.315923591131739512e-01,4.619254122870756207e-01,9.982590766879901878e-01,6.849326846933142532e-01,4.828079898439766593e-01,8.730405426728502505e-01,4.639212098153146502e-01,2.973067512180876948e-01,9.328925143888991967e-01,9.318033668043528284e-01,8.807150170679057810e-01,8.585045616342352748e-01,7.705331045512572308e-01,9.440552711232456096e-01,8.921069419273837120e-01,5.564701120321791095e-01,7.898926890983728466e-01,2.012558656324743289e-01,7.155134229015465142e-01,4.362461221329908545e-01,5.993040805747182898e-01,9.202355490035037944e-01,6.943061376277642749e-01,9.321865681952862248e-01,7.793118398662325363e-01,5.365029605685629477e-01,1.421782482482573107e-01,9.180318459923640928e-01,4.440739073716943874e-01,4.185956454821049277e-02,2.621355597120406111e-01,8.376063364514845233e-01
8.999171776898832187e-01,6.814396814083116816e-01,9.132623313195910031e-01,6.716169863859341449e-01,5.756055937841950687e-01,2.564122542744527444e-01,7.700348725477572653e-01,4.726196056094443265e-01,5.622428141373230215e-01,3.230764735374249685e-01,9.382560710334074683e-01,8.484209292462491225e-01,4.504176431622889942e-01,4.756737844027635331e-01,0.000000000000000000e+00,5.762438947003454270e-01,6.272810622248174983e-01,1.082319198319695169e-01,9.854707683837374832e-01,8.083333343907818103e-01,9.657645046859827387e-01,4.768198412620102689e-01,8.579455210114328434e-01,7.602986679624017530e-01,7.601339862998095498e-01,1.361765591457977410e-02,7.479325466934505506e-01,9.885124528974287283e-01,4.029050402786908958e-01,1.284183950701215382e-01,2.994705898741817363e-01,5.172189231888094652e-01,6.593198768354020523e-01,5.326657721296078618e-01,7.796700039917128233e-01,4.879423806764089377e-01,2.503426565351541400e-01,6.557752207439133674e-01,8.542945023547897643e-01,7.433881109601113701e-01,4.282171766562560267e-01,7.341248826537626337e-01,9.826692305101087932e-01,5.405429085584148030e-01,9.061608634897490022e-01,8.928619289832736561e-01,5.525119719974368460e-01,8.857604249414355868e-01,4.262593609738420386e-01,7.196392793361104934e-01,6.252599247655105108e-01,6.288681511062158558e-01,8.963084143769971535e-01,2.151907682077126016e-01,6.677181321451428619e-01,5.499723159052842814e-01,3.033468335972789864e-01,3.463854946202964413e-01,8.069301312585909214e-01,7.103783268239231008e-01,3.467733276918427698e-01,9.696393394664974963e-01,8.436537833056146907e-01,9.616071284391316532e-01,9.616914565244500945e-01,7.030714882440298741e-01,6.364249053717228044e-01,8.920703448460981511e-01,8.687416988514166105e-01,6.386647545262813530e-01,7.326340909408991520e-01,6.314082892120550516e-01,6.316964050337973147e-01,2.963774300096354564e-01,3.487563105364054339e-01,4.836959646252483314e-01,7.882547970053080943e-01,5.792209229815513671e-01,3.691452860287968152e-01,3.349903531086949604e-01,7.948793350686181869e-01,9.382198578356317764e-01,8.524693931817188819e-01,7.063507749667541358e-01,9.344873462963662059e-01
8.311255102683918761e-01,9.676807240623184203e-01,7.725041239356933431e-01,1.145196593941958246e-01,6.468900481497095178e-01,7.190595495667391202e-01,2.271181149420377077e-01,8.977814557936418804e-01,6.881005332947409681e-01,9.254334534084285302e-01,8.909922017666545013e-01,5.636277022133571180e-01,9.607356811916336614e-01,7.608340875863571773e-01,5.762438947003454270e-01,0.000000000000000000e+00,6.495082569239866155e-01,5.954264587792005292e-01,6.771970668412501393e-01,5.685349558863229680e-01,6.858743355118672724e-01,4.796149617787581199e-01,2.196455352628460256e-01,7.710357705085387758e-01,3.361047131576736513e-01,4.027376696194292505e-01,9.264635393261776430e-01,4.794475266819353543e-01,3.792794796456306905e-01,7.928429697751322447e-01,5.949288124167870784e-01,-9.740487810187833939e-02,7.413435832264161363e-01,9.515114914078353081e-01,6.222691621304144993e-01,7.013670410013774781e-01,6.647157187497928499e-01,6.809337101162504791e-01,9.210876210165648281e-01,4.873033275827064470e-01,4.461253335710345658e-01,7.789118096837963634e-01,6.546428136640066731e-01,6.745783190724601308e-01,8.589254483110336791e-01,2.818029420895026282e-01,7.799835354227908635e-01,7.135386241662553530e-01,8.079440136665179129e-01,5.422532735128821058e-01,6.443981062037891228e-01,9.554915470380445086e-01,9.412683132541393993e-01,6.307265020126359145e-01,7.046017855146561315e-01,7.703323834842020768e-01,1.188239593084070428e-01,5.029397743525509945e-01,7.588820029173992676e-01,5.462343214836495875e-01,7.168500216752130560e-01,7.356294742576552359e-01,8.996114783112988400e-01,8.455574505115394102e-01,5.729267866416490884e-01,9.294164090223238084e-01,7.719593651213152441e-01,6.872557813983780628e-01,7.767892177819704091e-01,7.967134501886555809e-01,9.014150480703038149e-01,4.054336726351944753e-01,6.336480681592482345e-01,5.426537113426399550e-01,7.464082085381791298e-01,7.028231761498447971e-01,9.108169210038191688e-01,5.897082602266650042e-01,6.421473494910163726e-01,3.084955842502022372e-01,7.944728246886676448e-01,5.188405576991629298e-01,8.476859840987855943e-01,6.277141887182059454e-01,6.557520871191716560e-01
5.010359712596087478e-01,8.612623484404400287e-01,7.665623323370155395e-01,9.401532606848104212e-01,4.162152341109479625e-01,6.342225291823098132e-01,7.255990111465132619e-01,6.388475900598102886e-01,6.294878378787435169e-01,9.345107158789474067e-01,7.453349900711174758e-01,7.494795506655935746e-01,2.438482624300650492e-01,9.307776756178371969e-01,6.272810622248174983e-01,6.495082569239866155e-01,0.000000000000000000e+00,2.390253554207921183e-01,7.632308565509542397e-01,7.489673379161133626e-01,5.725871342249984064e-01,9.865385473318266651e-01,7.803936984851577163e-01,8.123602520752405409e-01,5.541745075021982103e-01,9.129702786422546623e-01,2.570596845051533741e-01,6.880881776523355420e-01,4.094646393022777775e-01,7.470776878469893578e-01,4.844038213753897315e-01,4.331654947548514989e-01,2.714252151891292653e-01,9.185627951494085286e-01,6.759899515638618794e-01,8.466155317785573065e-01,1.257037656491355460e-01,9.636545354602813473e-01,3.661576968604440818e-01,1.308675675454204768e-01,6.462378769156487124e-01,9.136980490734661897e-01,8.735445086330929643e-01,7.408566901974715790e-01,8.057122873700617305e-01,7.177910965137602739e-01,4.154544724048502280e-01,8.540502273493945085e-01,9.229781488815738122e-01,8.706942910274886316e-01,7.027647786032560351e-01,6.991756731491318710e-01,9.037931181398605185e-01,6.882945134448605895e-01,6.158070775725357215e-01,9.110870653801579344e-01,7.648460052494985284e-01,9.259825133250501605e-02,7.880838600533210947e-01,3.005433210994449822e-01,3.926935994833791743e-01,-1.222019245760175288e-01,6.134886731439974650e-01,7.152667582404904634e-01,8.186870298140171975e-01,6.445991695419667211e-01,7.185028970023588091e-01,7.670604564341145792e-01,7.618386063110914597e-01,9.099854103185431864e-01,7.448397442542039615e-01,7.881510405968588096e-01,6.028060721535946076e-01,3.528385032593095438e-02,8.862891683674697374e-01,8.471406384653262789e-01,8.413255536497958875e-01,9.527163019488741336e-01,7.860985978097474458e-01,4.636523506945088302e-01,6.043380669823706919e-01,7.335661652979376113e-01,9.148424816819211713e-01,1.417780187659727423e-02,3.741862181472938031e-01
8.662930493188270020e-01,4.822969501071979193e-01,8.705805829340288460e-01,5.549706193609728055e-01,6.082575727548414912e-01,1.145248681594205897e-01,4.249948356339096622e-01,4.389203580568348806e-01,5.044763983171843824e-01,8.285275491201056219e-01,3.530278921520748625e-01,7.610165714023592320e-01,6.859147658387793056e-01,2.306152523334109583e-01,1.082319198319695169e-01,5.954264587792005292e-01,2.390253554207921183e-01,0.000000000000000000e+00,8.201013326371288104e-01,8.291832514205922378e-01,8.723780898685233876e-01,6.766362006765519466e-01,7.915255724656146130e-01,9.724089581122201675e-01,4.721564475214471424e-01,7.003546216951234138e-01,7.273968161326385129e-01,8.630698262499131301e-01,7.660983574806338181e-01,4.269154535631055625e-01,3.964873662347312977e-01,1.492470409645733076e-01,4.960696454158466939e-01,7.958547908928144121e-01,6.030078584296628685e-01,2.514472224721838733e-01,4.146228149137228258e-01,8.963898680812077968e-01,9.561066610591602011e-01,9.285220386746234622e-01,6.853597947767724463e-01,6.225425263904493800e-01,8.361295649553516229e-01,8.352449115736133578e-01,9.573925557354028282e-01,9.805371534427096414e-01,9.925348662040979208e-01,4.965833423265314517e-01,5.030940361348474887e-01,7.774666045070857123e-01,7.899674389866098156e-01,4.939524411478847243e-01,7.610603624302160197e-01,7.378935742857599678e-01,8.348456476918316715e-01,9.584081235744594807e-01,7.167979187129830398e-01,6.680014814547652335e-01,9.200752429430612001e-01,6.233177262183695611e-01,8.139924352707125221e-01,8.369377169053816568e-01,8.610807079742215375e-01,3.468473355884839071e-01,4.324738584376769945e-01,6.431540759460715462e-01,6.938770772037856638e-01,8.143429920103948394e-01,1.452978644346007986e-01,6.664992198572837756e-01,6.194211229594840384e-01,6.904145501039156141e-01,9.973902624497768543e-02,2.047576938748461584e-01,4.937466098983795404e-01,7.201423082381418483e-01,8.667795964026545619e-01,1.054160397792242992e-01,6.381964662538293087e-01,5.686032592673606612e-01,7.093833875575700221e-01,8.108434067581379301e-01,9.594054260558576575e-01,6.174321745238050552e-01,8.525212466846253667e-01
