0.000000000000000000e+00,6.094943358182657311e-01,9.803657807307976091e-01,8.471062996869754835e-02,9.764012431055925090e-01,6.960629102505715426e-01,5.623351273884900081e-01,6.903825667970440172e-01,8.280041662307016104e-01,7.181346520552023271e-01,4.312349154569112275e-01,6.393162148660717081e-01,9.870930055300447536e-01,8.302402951789320529e-01,7.042835396841392592e-01,6.656350993803130667e-01,9.149504021491873251e-01,8.914112540774770110e-01,4.490059647867929993e-01,7.648499894687610379e-01,7.439893043966819830e-01,9.643983566243344852e-01,8.849359805574468218e-01,4.337598579440348212e-01,9.037846862041677420e-01,3.647173379408317206e-01,9.744413329159120618e-01,9.054276592841425941e-01,6.191258828394355929e-01,5.674332212270702946e-01,-2.409943511404150918e-01,8.081149939585983155e-01,9.352334150431556026e-01,8.962507052454519174e-01,5.449680795338284200e-01,8.985724813662951949e-01,5.083554530577359953e-01,4.668893103629733754e-01,5.016590447408380005e-01,7.270392843631570123e-01,3.919667816156515716e-01,9.505811348348190970e-01,7.095270549568526430e-01,6.186800030047616694e-01,4.603181814584632603e-01,8.720368492272747574e-01,6.016802382538954941e-01,9.420330013420812332e-01,9.713486233027716077e-01,5.057298041682234402e-01,6.423059214794992755e-01,8.261747024227779068e-01,7.307687017453616818e-01,9.479504787289522172e-01,4.883771249122392799e-01,6.628664304364569881e-01,8.687349387758233066e-01,7.635273252080125861e-01,9.374828180757110996e-01,7.158274242411224453e-01,4.252406921201864476e-01,9.598842477684041974e-01,9.220856811075079928e-01,7.304357717635262537e-01,9.740525057961556543e-01,9.986914861405786770e-01,9.726704223945418226e-01,9.030724842217384696e-01,6.110539818157956216e-01,6.696546094366200297e-01,6.471608135093358527e-01,5.979819049652286278e-01,5.358148097978452373e-01,5.055010404311320871e-01,9.031658916174621909e-01,9.054910098572089838e-01,6.071242802212554190e-01,8.582604363764843036e-01,3.593968870869092558e-01,5.431423761496496638e-01,9.890694643099928740e-01,7.548528747269618311e-01,9.359269091233006765e-01,2.457046873224079664e-01,8.026633445330644268e-01
6.094943358182657311e-01,0.000000000000000000e+00,6.726048008444913684e-01,8.237101741218836315e-01,8.626354080773122046e-01,7.263597044749255938e-01,7.094343074754851930e-01,8.053978622694777378e-01,6.717982804643067851e-01,6.903873209043547288e-01,6.389038419816134295e-01,8.379377131552592228e-01,9.222084437041513372e-01,9.915934446603207331e-01,6.209023952618145659e-01,7.976399928479009915e-01,9.882857024668206813e-01,2.133225868649408774e-01,9.519736415287429754e-01,9.148232089875184547e-01,7.210342425568770919e-01,9.399759072869724452e-01,3.161075988309163254e-01,9.054712310240903284e-01,4.027163835753984067e-01,7.075580451590165465e-01,7.238297140936704732e-01,4.460585167362774994e-01,2.301973190583939954e-01,2.666740463264798411e-01,1.188708597256273453e-01,9.997949777117620673e-01,8.064354157224243869e-01,8.736249404412635977e-01,9.548930664105261812e-01,4.668725350533997620e-01,7.301191809256038501e-02,7.122591418923817086e-01,9.958911916586787871e-01,2.408236113803925715e-01,4.250329335404770537e-01,6.060612173585601115e-01,8.475256529687149598e-01,4.914870638357192734e-01,9.449813274288647591e-01,6.381902793586532452e-01,4.777864519731528370e-01,6.896703748207110296e-01,2.726349261123289791e-01,9.898002171444286734e-01,7.611027802218207627e-01,6.474606085606069428e-01,5.960579463090260877e-01,8.205737024226441578e-01,2.740354619930855384e-01,6.431342201428277283e-01,5.287787878803611452e-01,9.492897806440996344e-01,9.736678110420878829e-01,5.250447114126957082e-01,3.765975695600747297e-01,7.837719721934510719e-01,8.396179919469359820e-01,9.132491887587176338e-01,6.046457012211788884e-01,9.104209421615762077e-01,7.096211683935055303e-01,6.053877000231048244e-01,8.890830453202896999e-01,7.600267681169805556e-01,7.816328018442826320e-01,6.384490787578838145e-01,3.583868542638735111e-01,2.423413681373685208e-02,5.652943572272591810e-01,9.197199220300861233e-01,9.235912017652498918e-01,2.126730644427569095e-01,1.482664602943494225e-01,3.063656144289758076e-01,6.300029091933911918e-01,8.266019435261610093e-01,6.315811313987726994e-01,7.846249318881397539e-01,4.889198352881937715e-01
9.803657807307976091e-01,6.726048008444913684e-01,0.000000000000000000e+00,9.819274437009377632e-01,9.693525631919795993e-01,9.082961173970918178e-01,8.591749780452837548e-01,2.492762496591524879e-01,8.309655706410832288e-01,9.263427407363136190e-01,3.702863657387723065e-03,6.503791785026104000e-01,2.690099489935319221e-01,9.252990086136987369e-01,6.751855699648281472e-01,4.116414275215031782e-01,5.592719417173833696e-01,6.008107144116699994e-01,7.092025885563805199e-01,9.319023591102846282e-01,7.587721866682515248e-01,6.335978941304400980e-01,9.021013786639056065e-01,6.743765404995303303e-01,8.879446568971349762e-01,7.235363798650913392e-01,9.420494331161444190e-01,9.234913718146446904e-01,5.776445974510543424e-01,6.831105893022468845e-01,3.692054658810244305e-01,9.001185927243589013e-01,8.554760725118335518e-01,9.476736111366064197e-01,9.165960756151860789e-01,8.064508235954059856e-02,6.105996391672859902e-01,6.857099103180749333e-01,4.052664362908885431e-01,6.540603984413964067e-01,3.959614886899137098e-01,8.111462948600757228e-01,9.789134679672993888e-01,9.178260246532535804e-01,8.721114848822877352e-01,9.564033690972455481e-01,8.584736114697082421e-01,8.138810079454752433e-01,8.281990763342773620e-01,8.231614430874234500e-01,8.803792293699793658e-01,9.576461996839293889e-01,6.489526917371131187e-01,4.339734456890608216e-01,6.017932399485124151e-01,5.816510503105470908e-01,6.874141773217955498e-01,8.635484889702256250e-01,3.035848226611802536e-01,3.085136479826096068e-01,4.931772493375963240e-01,8.771460672370661182e-01,9.243155960933376880e-01,5.343266549461314074e-01,7.241892747302548505e-01,9.072657705062395772e-01,8.030437312118308135e-01,3.039515774985219743e-01,9.760078872585182808e-01,6.985828997628775738e-01,9.457953387029940373e-01,8.743910264777819963e-01,7.041798339435414444e-01,5.533916688019453467e-01,8.972645577023178332e-01,8.282685794531176038e-01,9.948761025744563558e-01,8.562852422071864922e-01,1.898609230786623137e-01,2.839724292906866121e-01,6.364545406129453742e-01,3.048397056448736708e-01,7.803784242538717164e-01,2.724845186609836101e-01,4.272415958607189701e-01
8.471062996869754835e-02,8.237101741218836315e-01,9.819274437009377632e-01,0.000000000000000000e+00,6.727905088799406297e-01,8.926848020261107797e-01,6.546249852811802938e-01,1.493246115804149621e-01,6.172611282070608052e-01,6.151485716959723682e-01,9.798538074166392997e-01,7.314025092788067894e-01,6.172238042474975650e-01,9.336845289043659291e-01,7.261869746408028403e-01,5.613852337076929988e-01,9.458262421262422226e-01,8.232362176407348464e-01,7.009299986140750116e-01,6.012446819341795701e-01,6.148589327806712745e-01,9.505894338820555234e-01,8.266830026016223076e-01,7.335335341017158450e-01,4.138324639768027335e-01,7.430960072063786948e-01,4.836808631401565695e-01,9.597947892102880463e-01,3.456324760709708066e-01,5.835814595467898602e-01,6.050391955753696704e-01,7.222735019376690380e-01,6.991946745768581328e-01,5.467608336358525944e-01,6.188783129965040875e-01,3.028692808504443446e-01,5.149026248350814239e-01,4.804485080425590637e-01,9.515508175172812111e-01,8.208442813466624299e-01,5.515001908217683768e-01,7.023478363436739258e-01,5.554668431089735403e-01,7.287642498573866368e-01,9.054441590956185948e-01,6.343171258596023154e-01,6.185490063557278484e-01,8.753133692713039871e-01,7.004415494829306921e-01,6.632429984777979959e-01,6.977916598493659750e-01,7.635061278729671219e-01,6.374963710993137855e-01,7.107371348515805209e-01,6.141050356114792219e-01,9.262727745091818843e-01,8.635336853623747366e-01,8.861574838238751584e-01,8.293335010932034734e-01,2.495369118306742240e-01,4.852267876796693136e-01,9.718084806013399524e-01,3.558297354058509443e-01,6.430251743551805843e-01,9.374514588774562895e-01,4.438031989100964525e-01,6.396059581016706463e-01,8.592073593662526987e-01,2.549364135229555406e-01,9.673158075488317298e-01,8.886476049717891845e-01,7.368544607128750812e-01,6.228947792518304549e-01,7.489512195193892552e-01,6.566021911068271599e-01,9.529464343846985042e-01,9.765193680358333905e-01,6.347728702043073934e-01,1.822768583369567541e-01,6.034241106188454884e-01,7.834086542947142906e-01,6.094754113517256711e-01,6.994450341656345271e-01,7.057937304973572745e-01,6.050822082728984919e-01
9.764012431055925090e-01,8.626354080773122046e-01,9.693525631919795993e-01,6.727905088799406297e-01,0.000000000000000000e+00,5.724428337372570175e-01,2.310520301684422795e-01,3.205725058405765604e-01,6.136918946626722660e-01,6.400674060545995525e-01,8.917260972746475778e-01,4.968634663904805127e-01,8.829112135181511611e-01,5.437067605334192644e-01,6.034689574562990266e-01,6.124501370184654014e-01,8.692579457170566126e-01,9.577483483579211088e-01,9.975479231822772519e-01,6.341088762103993526e-01,6.148399105519301022e-01,3.937801175691542643e-01,4.067696740160648972e-01,6.274228481682833092e-01,5.196790030044496911e-01,7.106257282197985248e-01,7.076687559762981916e-01,2.713842298878946235e-01,7.839767917912202622e-01,7.375267634911377712e-01,-9.369516139303417368e-02,3.036057796631274064e-01,8.294190825909896203e-01,8.686675255307031440e-01,5.076417801208694680e-01,7.722720429937750541e-01,4.051916292275059006e-01,5.884054814737073036e-01,8.507625097968417593e-01,9.432289171025813879e-01,6.051270078792788665e-01,9.695581435243350032e-01,8.699194256757046828e-01,8.015239731219735431e-01,9.289172567486849719e-01,6.466204874674030822e-01,7.447463116625959723e-01,6.831013754192688525e-01,6.213623711573204034e-01,6.822964349895959124e-01,7.388058805352050173e-01,6.263399581024859941e-01,9.155804088696249954e-01,5.819936497390745256e-01,4.241448945441061991e-01,8.354054590845589878e-01,8.063621516260317534e-01,7.118188487452212776e-01,8.359068434924045166e-01,7.142837433238913292e-01,6.770378086871907675e-01,4.239391845710845375e-01,-8.150804463455901816e-02,8.057477447234858703e-01,6.808308484901066659e-01,4.640268708379533535e-01,1.712459200311461649e-01,6.493308231120146212e-01,1.636013305046664090e-01,7.988335804029687015e-01,8.556508535490328082e-01,8.366972169847506358e-01,4.545321544648622258e-01,6.895432560176469883e-01,6.364633517698200516e-01,7.301756180959925180e-01,6.176611534437536077e-01,7.883254157123746886e-01,4.577562541583906630e-01,2.027783032519541728e-01,5.797011549872894687e-01,5.095217117321276801e-01,4.475230001803944813e-01,7.951401324024551798e-01,3.001481504676093981e-01
6.960629102505715426e-01,7.263597044749255938e-01,9.082961173970918178e-01,8.926848020261107797e-01,5.724428337372570175e-01,0.000000000000000000e+00,4.250573444809939705e-01,7.009216839303838986e-01,7.383224390583840169e-01,9.225521243551046968e-01,7.031202693016124217e-01,7.738699348240657416e-01,9.364408225639361261e-01,6.933205444900915060e-01,7.631748878781932088e-01,9.930215872909848862e-01,7.850557108030222775e-01,9.311408159863094891e-01,3.717829708743352474e-02,6.108101348330245983e-01,8.340935400031570524e-01,8.068026633176175189e-01,9.874814769864214137e-01,9.451467263204177405e-01,6.661241687763456154e-01,9.539761140892091262e-01,5.277407267556282200e-01,5.136236064457918582e-01,7.585138824313726325e-01,5.336003906380686335e-01,6.517993829923280913e-01,8.687056793457242909e-01,2.758546201351126659e-02,8.939083537511336441e-01,1.425079790248973965e-01,2.522559649993836861e-01,5.182078016480023974e-01,6.595208534452001725e-01,9.553603309104816699e-01,7.615700907912902329e-01,7.783444810120003776e-01,6.907165260681658037e-01,8.967870365350293360e-01,6.748807587335929892e-01,8.247690229346965607e-01,4.485742014521665877e-01,9.492739439602958518e-01,6.705802860368766105e-02,9.816912850894529141e-01,2.845212468104602044e-01,4.996746205474228431e-01,8.090678677448179812e-01,7.216139058054031885e-01,9.152896487880823884e-01,6.351737187282103791e-01,6.633754675997005634e-01,4.657300107317994264e-01,8.163363706608247616e-01,2.241118231438877506e-01,8.355471557552391904e-01,4.596096095522587688e-01,4.660747792600100081e-01,8.578226067260485976e-01,5.060891956234579991e-01,5.673550625414243154e-01,6.545674890410642099e-01,6.424810850206214008e-01,8.491748846605216006e-01,6.553247065619469680e-01,8.301649104234549714e-01,9.719248814543061110e-01,4.677590129178325618e-01,5.333950239510572011e-01,4.575210805639624012e-01,3.578471925684433286e-01,9.142208666713131926e-01,6.031100289800978009e-01,7.528102060278796248e-01,5.815092609427073844e-01,4.232110485837523028e-01,6.923110206925681132e-01,6.229910074844015044e-01,8.521717279637118780e-01,4.477994805803510725e-01,8.695890024353601921e-01
5.623351273884900081e-01,7.094343074754851930e-01,8.591749780452837548e-01,6.546249852811802938e-01,2.310520301684422795e-01,4.250573444809939705e-01,0.000000000000000000e+00,5.410765790751554949e-01,7.509964590517053118e-01,6.192611533096733512e-01,4.115628126482802629e-01,3.479863402873739631e-01,5.996787399229864812e-01,4.539346331652255317e-01,4.629928955066979768e-01,9.503051144013723306e-01,8.017219651159864791e-01,7.776117267256794641e-01,4.144773947953064308e-01,8.162158255430599363e-01,8.239970858247127605e-01,3.002102024747614339e-01,8.680594722198038404e-01,8.176066468063757364e-01,7.843356208265457319e-01,5.481422567057241402e-01,7.088532048701523536e-01,5.346397961823726730e-01,3.079192160448416260e-01,4.586425116034297811e-01,1.537830372019464154e-01,2.210097817927886843e-01,4.971057265770945088e-01,9.616238408552488792e-01,6.526069615210794428e-01,6.434703374832533296e-01,3.146429067574760263e-01,5.369109380872845172e-01,9.104939358321545440e-01,4.464344512292520717e-01,7.585710884941058163e-01,5.522371549578334315e-01,2.974185341941392169e-01,7.278450298235010774e-01,9.737101857122929527e-01,4.262537542361833909e-01,-8.951658894947124578e-02,7.258459936315792005e-01,9.809825823744846574e-01,5.740457505335153643e-01,9.002255284591439422e-01,6.598314024316744852e-01,7.528905039747298966e-01,4.017032875866876629e-01,5.959777816359260738e-01,1.314691893558515567e-01,1.382289236866430793e-01,8.918654500412834807e-01,6.759716913581967912e-01,8.415730995548605931e-01,4.387605031927839794e-01,7.151043731251172098e-01,4.862674205200032684e-01,9.841694898682114001e-01,7.195357532156926306e-01,9.249701874883102803e-01,2.353787935392400166e-01,2.254241517209193135e-01,6.790583440571881235e-01,6.490032848610174376e-01,4.265981631897413084e-01,5.672375463952570307e-01,7.719668224578675186e-01,4.198621112748362472e-01,3.573953195188891985e-01,6.611170279294437124e-01,8.618145035637226892e-01,3.485024119253280483e-01,2.167131732890462126e-01,3.820672395557856982e-01,6.516992244981549831e-01,6.728170814260214794e-01,7.254129867915605212e-01,6.394172302151587273e-01,2.895181179639286784e-01
6.903825667970440172e-01,8.053978622694777378e-01,2.492762496591524879e-01,1.493246115804149621e-01,3.205725058405765604e-01,7.009216839303838986e-01,5.410765790751554949e-01,0.000000000000000000e+00,5.274761732572638140e-01,1.593902181477675206e-01,3.102536386026701898e-01,6.917233740008842391e-01,4.409439873926012665e-01,5.851409295887625150e-01,7.281459583716359818e-01,6.148893761824276716e-01,6.057491362585885053e-01,9.999375648993346077e-01,6.869490474813709779e-01,7.030266386689930647e-01,3.048332743970146863e-01,5.654643233409262226e-01,7.208284056680207552e-01,4.762091843816265158e-01,4.887966401600467026e-01,7.630791463689199361e-01,3.149664522593003113e-01,8.156039305410901497e-01,6.527859553470735099e-01,2.143335077866243554e-01,3.563295404840582936e-01,7.885508816978646918e-01,6.958833286196354218e-01,7.250479345844198509e-01,6.563217518134796258e-01,2.191150787582158144e-01,4.363267257595692672e-01,7.200475746594129367e-01,8.134576497304152332e-01,5.334559268176931601e-01,6.311037120353832908e-01,5.088170731597443375e-01,9.011066704964989516e-01,7.982452844287980520e-01,7.089178644534328555e-01,7.042060085089842936e-01,7.134988682093238443e-01,7.213359981071463256e-01,4.888977398105476824e-01,3.803558082644680205e-01,7.875510335858632027e-01,5.571852973441775436e-01,5.970957240739674932e-01,-1.163631795920533757e-01,6.554667157157696433e-01,2.236359099785281690e-01,7.379202392796863075e-01,4.484624222009016559e-01,4.985334607013101604e-01,4.759234052407049775e-01,1.703111993951287040e-01,5.617944169194609705e-01,6.288526256496721478e-01,9.847287333342462645e-01,7.701930891754609210e-01,5.704345935609234086e-01,5.473164450297856032e-01,6.914582628767931283e-01,5.812892409914128811e-01,2.889319657161922017e-02,3.288328524415390364e-01,6.210699479128855005e-01,3.451700053642484667e-01,4.307565514055763378e-01,7.883438429613369713e-01,5.622209055350139151e-01,9.982711693808690168e-01,6.606046818022830447e-01,4.583947489412981691e-01,3.366341910239458723e-01,8.806508947777575980e-01,9.272491410177851057e-01,3.606099749894008388e-01,4.821870511926800162e-01,3.205856350863507398e-01
8.280041662307016104e-01,6.717982804643067851e-01,8.309655706410832288e-01,6.172611282070608052e-01,6.136918946626722660e-01,7.383224390583840169e-01,7.509964590517053118e-01,5.274761732572638140e-01,0.000000000000000000e+00,9.781602223827779996e-01,2.699554828102099790e-01,6.299450991023273216e-01,9.961567690769951300e-01,7.198898562881389518e-01,7.595686608119952554e-01,5.286575333672278720e-01,8.655091093524469592e-01,4.269212498610721052e-01,4.310695228528232947e-01,6.834367303559607532e-01,4.675872400756158065e-01,5.976547650380024113e-01,2.899188909798574021e-01,4.340746332381160144e-01,1.418395630585737310e-01,5.156612362080028600e-01,9.109702026489735482e-01,8.539580614870280195e-01,4.783960194422278711e-01,2.657226799909989667e-01,3.050538000122269833e-01,7.275756215427406914e-01,6.576568616552994628e-01,7.559330710291913835e-01,7.843573547690569914e-01,4.322207006938260099e-01,3.367726719049876083e-01,9.792521298756833303e-01,8.876226437765168953e-01,5.058925494539359136e-01,3.116067864516065544e-01,7.964179560329873730e-01,8.859465850443016821e-01,9.464631736391645456e-01,9.220911973874394985e-01,8.698459560133856572e-01,5.565421967293863181e-01,7.035697723176381757e-01,7.231850338655961830e-01,8.878904172477088963e-01,9.179334962810586918e-01,8.658653277604224652e-01,9.871299124313324125e-01,3.383652163883259512e-01,9.365715931276191730e-01,6.790166360896631170e-01,3.792120077475735762e-01,8.488003831092422180e-01,5.432262352548949957e-01,1.630851707233955672e-01,7.929580348684697189e-01,5.328044080138718552e-01,8.892640881273140563e-01,4.196022774527666810e-01,5.807389729454150995e-01,8.245794194794975329e-01,9.042569594708004255e-01,7.508273683589298253e-01,6.763504073849535558e-01,4.052024463735282578e-01,3.399658447195688105e-01,8.344223539090674935e-01,8.848245838209549685e-01,3.247761032842012563e-01,5.051395491643850821e-01,4.918044361309831802e-01,2.327262139343722613e-01,8.167237669887709162e-01,1.302309618593070761e-01,6.511446099555787681e-01,6.513552569109438695e-01,7.117753338558763243e-01,7.650492684097572882e-01,6.330711951520167080e-01,8.761677303442085840e-01
7.181346520552023271e-01,6.903873209043547288e-01,9.263427407363136190e-01,6.151485716959723682e-01,6.400674060545995525e-01,9.225521243551046968e-01,6.192611533096733512e-01,1.593902181477675206e-01,9.781602223827779996e-01,0.000000000000000000e+00,9.462494034897426243e-01,3.532549978419556314e-01,6.689271691259622843e-01,9.160161258952235208e-01,7.922627503054642251e-01,2.917548084900993821e-01,7.568652226480330203e-01,7.225209571272428466e-01,6.210960090353639940e-01,8.625447845783482670e-01,7.208806669477991758e-01,6.242037178181660817e-01,5.923719190003088331e-01,6.117903342815834700e-01,4.292263245886155931e-01,9.614314761130048348e-01,9.946634658483540781e-01,5.913611492125485647e-01,6.648638171204525049e-01,2.101209272082058543e-01,4.368448021333025677e-01,7.340409744217926136e-01,7.104574978807383090e-01,9.103749375641325692e-01,7.545470628004744551e-01,2.072578180085358213e-01,1.840039194691891686e-02,4.232224601447714951e-01,9.668123780666153522e-01,8.960738669521236544e-01,8.910144675097971811e-01,6.631528617479178767e-01,7.127807838439909061e-01,7.198141911270270477e-01,5.286266526055728443e-01,7.425865195067302693e-01,6.257318077373705822e-01,7.469349484264798944e-01,6.900261520169104212e-01,6.702904569943273216e-01,6.434716595355726154e-01,6.427898966223610788e-01,8.805029532860259023e-01,6.451414086725928421e-01,2.677032593926035320e-01,5.975971120960086314e-01,1.131611137928002775e-01,8.690472431865783332e-01,9.205453955693683188e-01,2.588869313814278206e-01,4.295787231939469097e-01,5.805577177719477566e-01,3.643225480271130579e-01,3.095077715237685712e-01,5.086129466756388329e-01,8.737888450726895018e-01,6.365326533628771211e-01,9.308354445605617755e-01,6.696236325372728615e-01,6.059987444770958964e-01,8.027401018368098828e-01,4.589010043542041672e-01,2.236431601926553714e-01,7.872063654891255924e-01,7.645589961528911349e-01,6.431934472713976003e-01,8.297394652962941652e-01,4.561412167799115958e-01,7.083353134903415116e-01,5.536866700063678426e-01,9.182292068935320462e-01,8.114516521727536125e-01,9.248290352279687765e-01,2.907858926811981437e-01,7.165195777264697918e-01
4.312349154569112275e-01,6.389038419816134295e-01,3.702863657387723065e-03,9.798538074166392997e-01,8.917260972746475778e-01,7.031202693016124217e-01,4.115628126482802629e-01,3.102536386026701898e-01,2.699554828102099790e-01,9.462494034897426243e-01,0.000000000000000000e+00,9.152216651411427817e-01,9.480722015150413462e-01,7.920738951572463549e-01,9.358829784141666774e-01,5.032766796615573135e-01,8.352677970716859690e-01,9.066837720874355577e-01,8.628456475632461098e-01,6.298763368751529867e-01,9.000603200965799910e-01,7.859080410465301147e-01,7.021536496752246448e-01,5.150657470319921494e-01,6.976838467080412887e-01,2.942635569820929442e-01,6.173714923126660814e-01,6.166790553040736311e-01,3.774345129078323646e-01,4.598542555203650184e-01,4.687468682340785731e-01,8.153181541610831085e-01,2.484844976837104480e-01,5.062217749616486628e-01,6.847903702645891100e-01,5.007218805969377851e-01,7.929773938722789461e-01,6.659607392834959727e-01,2.772753092582976309e-01,9.501575904144280438e-01,6.640137239250398782e-01,6.379299277954081360e-01,9.081989822315993388e-01,9.719728809122349933e-01,9.624524018689810667e-01,7.484666094137347736e-01,9.203419503795652323e-01,4.586488225048275247e-01,7.180235893278883452e-01,4.706065436235494226e-01,4.947994715131305843e-01,6.089354131652526814e-01,8.890030436618141518e-01,7.724126327713436435e-01,7.110576356756653782e-01,4.227714964385080876e-01,5.780896703526592351e-01,6.953814050851464534e-01,7.990076188006935975e-01,3.894295421764162879e-02,5.424013061997163820e-01,5.757236918470757248e-01,6.787891383059897477e-01,8.295361554758604594e-01,9.715506057765662673e-01,5.009478826202254931e-01,6.890468059951699864e-01,4.294163530203632395e-01,2.857715374990627000e-01,9.695682753171328550e-01,6.769419359934258917e-01,7.400229829537352533e-01,1.291342710051384124e-01,4.043851572238029712e-01,6.035163939860541671e-01,8.594331083184997278e-01,7.656323698205325101e-01,4.702314811125346550e-01,9.097202202134001547e-01,5.898989282260471700e-01,4.534730640911574517e-01,3.077732302459159630e-01,6.193457311621975991e-01,5.192609711029244624e-01,3.453643815983125087e-01
6.393162148660717081e-01,8.379377131552592228e-01,6.503791785026104000e-01,7.314025092788067894e-01,4.968634663904805127e-01,7.738699348240657416e-01,3.479863402873739631e-01,6.917233740008842391e-01,6.299450991023273216e-01,3.532549978419556314e-01,9.152216651411427817e-01,0.000000000000000000e+00,9.387680050063712534e-01,8.280962696000448986e-01,6.520162929536971186e-01,6.239017916953782938e-01,6.208649422822717368e-01,9.284390303133845945e-01,4.819791681355750645e-01,7.681593048562880277e-01,7.929656320760575250e-01,7.334037256215982792e-01,3.998008036051924341e-01,7.304762204543104875e-01,3.971602551763973032e-01,9.742403207160665879e-01,7.023889031926126014e-01,5.189720571520015646e-01,4.170211633406803453e-01,2.852119338999791753e-01,7.216555068326505618e-01,6.372822448947327301e-01,9.300501116079752384e-01,7.936375989038264578e-01,8.459309851017670079e-01,5.750508789193707893e-01,6.602055811886126113e-01,-1.040617034981511091e-01,9.019008675351916082e-01,8.763673123276378707e-01,4.189755050312085616e-01,4.537662595638783380e-01,8.994190950032578957e-01,4.614675766765435339e-01,9.644348391420834998e-01,4.703973596110041511e-01,8.434103571683352341e-01,3.202886333708828692e-01,6.912862248326570036e-01,1.818328368087938074e-01,9.566429696679139560e-01,7.844570023699738437e-01,6.096950346043561453e-01,9.256461305689847041e-01,1.275496907158289173e-01,6.253540455705930423e-01,2.057566056707961777e-01,6.972795039661784378e-01,9.042238909259142643e-01,1.732828997620199651e-01,1.510290667259213127e-01,7.627544071177464469e-01,4.487181801313814278e-01,6.091289143860582067e-01,9.984925236096571233e-01,8.977469096849670649e-01,6.172793786725400134e-01,9.412552644028349125e-01,5.276574815613792602e-01,7.622415964064093163e-01,8.903807238404199964e-01,4.391309388369514233e-01,4.331755126492360386e-01,5.183516819292034450e-01,3.327832135811996106e-01,2.625141532092541974e-01,9.236490801582222243e-01,4.349516907621299722e-01,1.218960846228449441e-01,2.669389932703079560e-01,6.132624682072729261e-01,5.034908136072949736e-01,2.883921066261664334e-01,2.928580579911663762e-01,5.097949686120629709e-01
9.870930055300447536e-01,9.222084437041513372e-01,2.690099489935319221e-01,6.172238042474975650e-01,8.829112135181511611e-01,9.364408225639361261e-01,5.996787399229864812e-01,4.409439873926012665e-01,9.961567690769951300e-01,6.689271691259622843e-01,9.480722015150413462e-01,9.387680050063712534e-01,0.000000000000000000e+00,8.134187070824395738e-01,7.851251963139890266e-01,6.022581739798605893e-01,7.876912782914775590e-01,9.212244744104310934e-01,6.836360797838776371e-01,5.569005751554847450e-01,9.947379466858912167e-01,7.172833984835683685e-01,5.043684177540366242e-01,6.555994431265730338e-01,-2.538389249905217970e-02,9.150381421002821147e-01,8.433988051020884225e-01,7.800859105265208759e-01,7.436430179174592370e-01,1.345501278507603982e-01,3.873359226109507336e-01,5.726427382389672749e-01,7.179584827952892878e-01,7.775797543078957208e-01,8.710615056252192234e-01,3.321284160452160905e-01,7.620308839288586489e-02,8.467007124485385061e-01,6.825283836190255693e-01,8.467710019580124703e-01,3.089903526239611287e-01,6.556497143333086530e-01,7.515902204877484838e-01,6.862263671038758561e-01,9.705520380187449003e-01,5.294407767953509536e-01,8.650656635770033187e-01,7.271154343485479732e-01,7.659293978067038822e-01,6.740916842305874068e-01,6.332616024151007661e-01,5.226780137553017624e-01,3.784973392691547422e-01,-2.150396595695742430e-01,5.966467869120926082e-01,5.965645121018811059e-01,6.365600446308048443e-01,7.323128402554864858e-01,2.496921851519654512e-01,1.777715028947000064e-01,6.426504786661267898e-01,9.196457114059521931e-01,7.041920432529238383e-01,9.041953338918116145e-01,6.620405000146638574e-01,9.074274609805075276e-01,8.168481302509846831e-01,6.751139518091319180e-01,5.644051368469933383e-01,8.436722027872120000e-01,8.425486173885258223e-01,4.320895384658089422e-01,2.584679189999606330e-01,5.572324154015048103e-01,7.235218261127049910e-01,2.176991740618660076e-01,8.476005547612635027e-01,7.552892116626653829e-01,4.283265696799582467e-01,5.235114086996293103e-01,4.636370883099664164e-01,6.340795909688581311e-01,8.647451809723655236e-01,8.122720889041300518e-01,8.925668289776939046e-01
8.302402951789320529e-01,9.915934446603207331e-01,9.252990086136987369e-01,9.336845289043659291e-01,5.437067605334192644e-01,6.933205444900915060e-01,4.539346331652255317e-01,5.851409295887625150e-01,7.198898562881389518e-01,9.160161258952235208e-01,7.920738951572463549e-01,8.280962696000448986e-01,8.134187070824395738e-01,0.000000000000000000e+00,6.979200593624855786e-01,2.784071322926958691e-01,9.704538400288174049e-01,6.603647752573487129e-01,8.618471235759012083e-01,9.673893919207934289e-01,5.535229049501440013e-01,7.159851201403991672e-01,3.233366414369955311e-01,7.947062736824608287e-01,2.962638934151895498e-01,4.605770739474210895e-01,8.280774831938820801e-01,8.204876643631749955e-01,3.311049494448381481e-01,4.008009169595216359e-01,7.245350559540659763e-01,8.969255254739462169e-01,9.783573385859291038e-01,5.008841797364986803e-01,6.239487007302738641e-01,4.262287847484851344e-01,4.515994171025350390e-01,6.353365823708851945e-01,5.807025761185692359e-01,8.422060834133714424e-01,5.911716149922414676e-01,7.233025232721886910e-01,8.761549938119090886e-01,8.605858194729029131e-01,8.857425366038206294e-01,4.373460222411599263e-01,6.488401991654513257e-01,7.213149505808216233e-01,2.779260272467580783e-01,4.425517185626987593e-01,7.760782589180483804e-01,8.854566267189194484e-01,9.401228245618502566e-01,8.767121551035317317e-02,6.722761907675949278e-01,2.140953027247194107e-01,5.734205697324901152e-01,6.215068914161991920e-01,9.346348848685825939e-01,3.813113625784279037e-01,3.425908221617103289e-01,8.905201940493828738e-01,6.241696092918292971e-01,9.263802406399976874e-01,8.612381395132191475e-01,6.305276248835369746e-01,6.322411908023449767e-01,7.635791136934539924e-01,8.259530168613092860e-01,6.898268208574136473e-01,6.060063444583432268e-01,8.535390882837612381e-01,5.298100775809860830e-01,4.568530686430721799e-01,4.862811927750180785e-01,9.463696905532025250e-01,7.510636472674554476e-01,6.790343708908646025e-01,5.329462699889365718e-01,3.798039654242162388e-01,8.716578297962465083e-01,9.240913653043181242e-01,6.957194631401838469e-01,7.771823614239898870e-01,5.821521159314256844e-01
7.042835396841392592e-01,6.209023952618145659e-01,6.751855699648281472e-01,7.261869746408028403e-01,6.034689574562990266e-01,7.631748878781932088e-01,4.629928955066979768e-01,7.281459583716359818e-01,7.595686608119952554e-01,7.922627503054642251e-01,9.358829784141666774e-01,6.520162929536971186e-01,7.851251963139890266e-01,6.979200593624855786e-01,0.000000000000000000e+00,7.776635717889319732e-01,9.665225249033192467e-01,9.457679933981270048e-01,7.240005522437197305e-01,8.322506188256957316e-01,9.544454818188341516e-01,6.630793661968434893e-01,8.551089196290465599e-01,5.830596643128957979e-01,8.102446077459576346e-01,6.465478188392983494e-01,9.647835837768102829e-01,5.065406845166309235e-01,6.869395267062216037e-01,5.837599272038311859e-01,2.358372092236271089e-01,5.636491900976213776e-01,7.717776380153968940e-01,4.916243069399190979e-01,2.454490057331038533e-01,4.905618853638797350e-01,6.253596730623603994e-01,6.639864146901424125e-01,7.819234818724083436e-01,7.569247421766366335e-01,5.594165359997343989e-01,8.558297483660588512e-01,8.639725077419824206e-01,6.588956801086547355e-01,7.474450338063679533e-01,8.426217836842444520e-01,9.188404525329165740e-01,8.220225823791814657e-01,4.659267744946754553e-01,6.756772659284294713e-01,6.188212642351560433e-01,6.115369713831924070e-01,9.546423853255699976e-01,8.559385364878822067e-01,8.727607037151283720e-01,6.435862299033714429e-01,9.174371260348791468e-01,9.107382681025876225e-01,9.544553701861769879e-01,5.028233158412410697e-01,1.121026145479138425e-01,6.962163436734409849e-01,8.966617437915326283e-01,7.148285967291252430e-01,4.166683558007268640e-01,3.272463325182950467e-01,9.467749067629671611e-01,9.691618677735153176e-01,9.832209786063611512e-01,4.627975619227396864e-01,8.409348568818949543e-01,9.253075030601417561e-01,7.275041911945600015e-01,7.895254436886760541e-01,6.992280553955966260e-01,7.905482009736541915e-01,7.182742630787863902e-01,6.144090518438680704e-01,5.420164076841526013e-01,1.633132340882268163e-01,4.326036571057032543e-01,5.010749008494298495e-01,9.151714994181233687e-01,6.209160660302335266e-01,8.195673023493121878e-01
6.656350993803130667e-01,7.976399928479009915e-01,4.116414275215031782e-01,5.613852337076929988e-01,6.124501370184654014e-01,9.930215872909848862e-01,9.503051144013723306e-01,6.148893761824276716e-01,5.286575333672278720e-01,2.917548084900993821e-01,5.032766796615573135e-01,6.239017916953782938e-01,6.022581739798605893e-01,2.784071322926958691e-01,7.776635717889319732e-01,0.000000000000000000e+00,7.818075222068748831e-01,9.536949218306119969e-01,7.169237782389010771e-01,6.836941159249766420e-01,5.678806224204077102e-01,3.634420013928069682e-01,2.708659410498146514e-01,8.072222370625503629e-01,7.968428581230160290e-01,5.324544012441280172e-01,7.613549468344044113e-01,9.457218171522947525e-01,6.284269455875564070e-01,3.340432917131554991e-01,2.769131773483583525e-01,6.052663291023994141e-01,4.948784748411462764e-01,8.545964493718316568e-01,8.903445909502551991e-01,3.561434141028213540e-01,2.040810467075591661e-01,4.429682798820000489e-01,4.559030818724346124e-01,6.280491680881805650e-01,2.485311795506330579e-01,9.524409876104562578e-01,5.233304562333425114e-01,8.809428945577765235e-01,8.634187278132224863e-01,9.923020569145346581e-01,8.238142655360559674e-01,4.752225678384345425e-02,8.888014967811367351e-01,4.851761749646186783e-01,2.329296471773770472e-01,1.503130671265401064e-01,6.195387816055697439e-01,9.700748545237150577e-02,8.325321298951942062e-01,2.588436884220378098e-01,9.473595873941950130e-01,6.865960821168143324e-01,4.321367611445562917e-01,5.784366755732645027e-01,6.992042449202647836e-01,4.433098805179312429e-01,3.367225253551811570e-01,6.977315706994151601e-01,4.470274525190889858e-01,8.433848524210516562e-01,5.633378357420205651e-01,6.915183211510068650e-01,7.493468738191348955e-01,7.969470832550606954e-01,5.579171128310632666e-01,5.102015984557678463e-01,5.781050681751607190e-01,2.914669818901307607e-01,6.126994646352357243e-01,7.555450590898085128e-01,7.771530217471301905e-01,2.224557865266399703e-01,4.657528435760179275e-01,6.753864063626753289e-01,4.857832237033310463e-01,2.835115029837641520e-01,6.158193828081836019e-01,2.630533985492775617e-01,6.797271456652437260e-01
9.149504021491873251e-01,9.882857024668206813e-01,5.592719417173833696e-01,9.458262421262422226e-01,8.692579457170566126e-01,7.850557108030222775e-01,8.017219651159864791e-01,6.057491362585885053e-01,8.655091093524469592e-01,7.568652226480330203e-01,8.352677970716859690e-01,6.208649422822717368e-01,7.876912782914775590e-01,9.704538400288174049e-01,9.665225249033192467e-01,7.818075222068748831e-01,0.000000000000000000e+00,8.236148977851203146e-01,8.444767701173747643e-01,9.382540535586955111e-01,9.086326731036937776e-01,7.221583330723029270e-01,6.102248022102828573e-01,9.990898067409303973e-01,6.146395494316458930e-01,2.096034523530650451e-01,5.471237035231517609e-01,4.670772071681070781e-01,1.718030701734515331e-01,3.627458061689765589e-01,7.682560257942605553e-01,9.280127849820479780e-01,7.156582114166323283e-01,8.419015112183712013e-01,8.459427709628629666e-01,5.467064336970546279e-01,5.613796900449129490e-01,9.119516076029265950e-01,8.156420301496555281e-01,8.983183748174167205e-01,9.730013284405842899e-01,8.430238498106433775e-01,9.034357087470488157e-01,6.351206182981535830e-01,3.126957228141581946e-01,5.158116311663750730e-01,7.261239952292107835e-01,7.484416667772370024e-01,7.468578045886796746e-01,4.479907113994619494e-01,8.300693638217786496e-01,9.137337096630786526e-01,7.078896704200521306e-01,6.334314561164479107e-01,5.474761415555693400e-01,8.593213353621956818e-01,4.634880714977641092e-01,7.673166321688886793e-01,3.069273052272828983e-01,1.697613323177168121e-01,4.548815307475441161e-01,8.233759210400092288e-01,8.066196467080338772e-02,9.111247722302671104e-01,9.287565848188442663e-01,8.841372460572040071e-01,8.649189079098424937e-01,9.089363057928434575e-01,4.373737294815711052e-01,9.438143762878683507e-01,6.045247105952824551e-01,9.869274270190934173e-01,6.184057901181307937e-01,2.781251002433240416e-01,5.717531606981771652e-01,9.851154860192083973e-01,8.063625045541034098e-01,8.303280784510896906e-01,4.463151252942541558e-01,5.276136342141524160e-01,7.532223005648459591e-01,8.498638941992083806e-01,9.310028730872238478e-01,2.001522850433574141e-01,7.713035590126972041e-01
8.914112540774770110e-01,2.133225868649408774e-01,6.008107144116699994e-01,8.232362176407348464e-01,9.577483483579211088e-01,9.311408159863094891e-01,7.776117267256794641e-01,9.999375648993346077e-01,4.269212498610721052e-01,7.225209571272428466e-01,9.066837720874355577e-01,9.284390303133845945e-01,9.212244744104310934e-01,6.603647752573487129e-01,9.457679933981270048e-01,9.536949218306119969e-01,8.236148977851203146e-01,0.000000000000000000e+00,9.112335491854565150e-01,9.386536337161808241e-01,7.179994221617416184e-01,-7.253315636267890221e-02,8.536782175779527027e-01,9.583567773599458439e-01,4.921248910730802728e-01,1.466603448054514536e-01,6.871313605081487141e-01,8.830843923936910755e-01,6.237916036765527306e-01,5.573629811931118949e-01,4.334943883485802285e-01,6.444614856709471873e-01,7.396481035789299607e-01,5.821987334750293730e-01,7.355099279875546570e-01,5.837755207899720800e-01,5.766819974858625741e-01,7.303272735835210083e-01,4.510387070702168155e-01,8.932772333255032393e-01,7.055965266281685744e-02,4.669208919389137291e-01,9.164910459361059747e-01,8.110353189939890628e-01,9.219309557680400724e-01,7.413872117778815829e-01,8.802384508183588308e-01,8.769680680600965283e-01,2.431556990666712270e-01,6.376221018775380944e-01,6.814516321114523212e-01,9.137195498381679437e-01,9.306739439044385831e-01,4.354575072711264205e-01,8.328052677760559019e-01,8.636362070898131460e-01,6.378565570577597876e-01,9.583032010193590633e-01,8.947540039128677458e-01,3.465069818570521987e-01,7.760708995706895319e-01,7.135730545997512886e-01,5.161104515989808350e-01,5.813072340873871591e-01,7.776973558778297324e-01,7.414133412874558404e-01,2.313107865424939846e-01,4.593843360904257267e-01,3.393775911134759848e-01,9.001017246848755926e-01,6.818669974968309955e-01,3.996972390340558512e-01,2.440445147793960934e-01,7.519829569278388970e-01,9.489920136458488420e-01,6.133360863555030740e-01,7.112780006869114935e-01,4.229354225318346927e-01,2.625584612205013602e-01,5.996993777526005154e-02,7.161762403089525497e-01,6.900503704865981192e-01,7.197912891392997947e-01,9.919267752223879242e-01,7.163964344185187461e-01
