0.000000000000000000e+00,1.147671547261926994e-01,6.019466162767442841e-01,9.405935319318209364e-01,8.014252854153713912e-01,8.551452366358590629e-01,6.207776023515518826e-01,9.057903214151276083e-01,4.748608762829956143e-01,7.849852671924981706e-01,7.762661308287341910e-01,9.783822178184771179e-01,7.670214790571799890e-01,8.488882275083866613e-01,9.777358943760916521e-01,5.706027024349920040e-01,8.171453909739607724e-01,7.593499255459031927e-01,9.069639724243233614e-01,5.791984539479926308e-01,7.272269418998960067e-01,8.318373283526286910e-01,9.542993113489510737e-01,9.527753871942148400e-01,4.234933385305379439e-01,3.373635800734633428e-01,9.995855087915801462e-01,8.713214259126538241e-01,3.614844168945160474e-01,3.547677231808327170e-01,7.378376969724956824e-01,8.561857924550296817e-01,7.354906028643234395e-01,1.695349367597022150e-01,8.671102825434875427e-01,2.696917437360733527e-01,5.167270068312439513e-01,9.988995292752913535e-01,8.670346660225393132e-01,8.453908134228735882e-01,3.062239476253184600e-01,2.320369553065236290e-01,6.332039837641454394e-01,3.976479752242875754e-01,7.235237009474819736e-01,9.541354834025362885e-01,7.654940022693321744e-01,3.453281168024269210e-01,8.494248474569845442e-01,8.817234138476743865e-01,6.497628860511435178e-01,6.662049132732555945e-01,8.121864425365881157e-01,9.566946493129198092e-01,3.818785212567044063e-01,7.075136194350933883e-01,8.665015290611077781e-01,7.615451009218088263e-01,5.752165047274778731e-01,5.834797565391400820e-01,5.647517559693032707e-01,7.525950849412454957e-01,9.165157234971039735e-01,5.959692017716926582e-01,8.881654316428019280e-01,9.117007347025303243e-01,5.214180121041330773e-01,7.627859590186234495e-01,5.107621343975470296e-01,8.130750806855101542e-01,6.496720187486351161e-01,8.735547669012841965e-01,5.959197322536966684e-02,5.551860918478730422e-01,7.167647464047753880e-01,7.685291183687851246e-01,8.604577140001933300e-01,7.534128575228760116e-01,6.069270856300180705e-01,-4.492494435093566385e-02,7.312461221316088888e-01,6.228289941137892249e-01,8.575278610897238973e-01,-5.114673713316927883e-02,4.402087580249527954e-01
1.147671547261926994e-01,0.000000000000000000e+00,9.674195191812725581e-01,6.509748749584705063e-01,7.495760734827079386e-01,6.793228025849570306e-01,8.749384692395827390e-01,2.017512335120354161e-01,5.335288941127402929e-01,5.099710252312694703e-01,5.426769741537749159e-01,6.477258240953941426e-01,8.902648104533522622e-01,2.136857739741710172e-01,3.849345060854637568e-01,6.168976819756455399e-01,8.292961104345798473e-01,7.963835067667560663e-01,8.318505000657593351e-01,8.600979266147000812e-01,7.682724054722470663e-01,4.596666118307822235e-01,7.132166332652731811e-01,9.990688675632541926e-01,7.785339682410179485e-01,6.864161892154203581e-01,4.049915578034819497e-01,9.224580739892167536e-01,2.188544831822555325e-01,6.719413691303152136e-01,3.490821568470156011e-01,7.642084799947486129e-01,8.944166986660133656e-01,8.376442196311441046e-01,7.544581932312142136e-01,1.707595214434842745e-01,-3.768319473293444966e-01,5.033239295893595644e-01,8.472212265980000323e-01,6.093017047060348412e-01,6.108793380174853960e-01,6.006799010338811362e-01,8.072662489366083660e-01,4.971937251842369898e-01,4.448955227872404827e-01,9.872674204210026838e-01,8.108914990822960744e-01,1.055497495416313301e-03,6.718544714865195555e-01,4.596680938301288544e-01,7.650421277347501103e-01,-1.131759198677923517e-01,5.460102927020047403e-01,9.675581383715150530e-01,8.422290224426072225e-01,8.936283440730075078e-01,7.360021368416899135e-01,9.428571832228157534e-01,6.118400945709956407e-01,7.962406278301048523e-01,6.011110447054009986e-01,8.800713367689115829e-01,8.023881784333763978e-01,9.726416165754807608e-01,9.251191473872052429e-01,3.748264620198709651e-01,7.393293198010788547e-01,-1.956528952633506957e-01,5.972062232616734967e-01,9.734764129497850416e-01,7.871546562210147702e-01,9.836327312095416442e-01,4.327571845710116993e-01,3.232482115064420070e-01,4.949282130061020690e-01,7.307987831913758114e-01,9.045908425008477582e-01,6.063075564149176255e-01,3.067031009235193784e-01,4.195056715547764159e-01,7.195606432499853655e-01,9.103429387041036547e-01,5.446136528466977156e-01,3.472118319833107369e-01,5.823178959502086638e-01
6.019466162767442841e-01,9.674195191812725581e-01,0.000000000000000000e+00,9.687086241929151464e-01,8.178522331502883214e-01,5.365461149648939054e-01,7.798483394932151924e-01,-1.293175106311234557e-01,1.447430683939376073e-01,5.225688073011633961e-01,9.931001668078183187e-01,9.778083671314670156e-01,8.379584420624583974e-01,8.753653962879376360e-01,8.087371425472600350e-01,8.046007195208072504e-01,5.933159600859523319e-01,6.866561797307517701e-01,9.484514048858078139e-01,6.291973806671447011e-01,8.000355349861889565e-01,6.682208259004560613e-01,9.200048386240595732e-01,9.682915297015491918e-01,8.199755403087614081e-01,9.263138687932238602e-01,5.178929228326034639e-01,5.785896549999608451e-01,2.086977007328012224e-01,9.149939043451270348e-02,3.017252015045341351e-01,9.845050797492922445e-01,6.988810675144305762e-01,8.110699006550159407e-01,9.802427922991324705e-01,1.379768982232000007e-01,1.728238970650495254e-01,6.107924738198721171e-01,9.206590152211894251e-01,9.193588899088547262e-01,4.390149726363008487e-01,8.789410945909570394e-01,9.226447374243296196e-01,9.761212818790276913e-01,8.921214916983754017e-01,6.417259977962509465e-01,6.154654186686652206e-01,9.826870452969076464e-01,8.409809584114383840e-01,6.742796345918619094e-01,9.335267690294588583e-01,9.460789325560431395e-01,9.191706924625960839e-01,8.132407385316064996e-01,7.845713727599628040e-01,9.944889175194873143e-01,9.798523164095356286e-01,9.165877268605764350e-01,8.367220896811354836e-01,5.117334323119980821e-01,2.562888629507202864e-01,8.532563514184773323e-01,4.842442527848369038e-01,7.842683483918801990e-01,8.942766001958104560e-01,6.125429835964107950e-01,9.150509879514372447e-01,9.789133380256709316e-01,7.252112309948770541e-01,8.392117286798759235e-01,6.474863602772583659e-01,9.321493994745242428e-01,2.514838456000332290e-01,5.502360640768043654e-01,5.778376479191063009e-01,5.824649763437799166e-01,7.433810346102577293e-01,8.933587569679550811e-01,5.595052418896641067e-01,1.425325305521768227e-01,8.062292962024621978e-01,9.455157263460678418e-01,7.582058578867794107e-01,4.473839614811625509e-01,8.255464046004388212e-01
9.405935319318209364e-01,6.509748749584705063e-01,9.687086241929151464e-01,0.000000000000000000e+00,8.348963153131022663e-01,6.237257706956218506e-01,7.749826504884169687e-01,9.281141941997880229e-01,9.975919472911879415e-01,8.001668023807315677e-01,3.314926861183947748e-01,7.889253290294473420e-01,8.853104509446184656e-01,7.825350310120643416e-01,8.316492674421471776e-01,6.569705175314654033e-01,9.814114910375230094e-01,6.849839253808065465e-01,4.787207130843892378e-01,9.144522263170749010e-01,7.835584095164450646e-01,9.882409777571818932e-01,6.139120322107377570e-01,6.726851056501526038e-01,4.346206713536059918e-01,7.365484817612254487e-01,8.115902960624303830e-01,6.019547931723171486e-01,7.680614249303013841e-01,4.782280607068090106e-01,2.716632569193007107e-01,3.539132050553086550e-01,9.836900939180229786e-01,5.668756547562210368e-01,4.859881782017839713e-01,7.924262297685730205e-01,6.319458653748600829e-01,1.154250256886505677e-01,9.263382633787904386e-01,9.745809394136784043e-01,4.733218422397977854e-01,5.182794968335452390e-01,1.074191139870863954e-01,8.628860664381956536e-01,6.251042459816572583e-01,2.731732206755073111e-01,7.487234244176294018e-01,5.782683300900466339e-01,3.176598772987934693e-01,8.525315105112651892e-01,9.121124273883615130e-01,9.353822201688942739e-01,4.868419868890306867e-01,7.168221492901367675e-01,7.662193899772279382e-01,8.819785601467725611e-01,5.316766692066094979e-01,9.954473156662355660e-01,9.942440491255830626e-01,2.479075658878954758e-01,4.802477127597751805e-01,2.806469123380302411e-01,3.871213397148717261e-01,7.063096840466606130e-01,8.247793293095376788e-01,7.239485495943983606e-01,6.269984106335317886e-01,6.263200487402867944e-01,5.564118547969606476e-01,8.971945545050676873e-01,9.159809899631273789e-01,8.103449728587788226e-01,3.678521070202266374e-01,5.969670525383261594e-01,4.391759999223109334e-01,8.018820475589552021e-01,9.828420864922391420e-01,6.387424360749647256e-01,6.067140752791052583e-01,2.250694830712474392e-01,8.728946395264702840e-01,9.742544489871669544e-01,8.234850994219279352e-01,2.586565326416554594e-02,9.781450179943494971e-01
8.014252854153713912e-01,7.495760734827079386e-01,8.178522331502883214e-01,8.348963153131022663e-01,0.000000000000000000e+00,8.556477885859731236e-02,2.307507342353404267e-01,9.455128925872393619e-01,9.333326047989829455e-01,7.280064918355769743e-01,7.664550287435991649e-01,9.476597878026783439e-01,4.844179157444600814e-01,7.521812641321856674e-01,8.091133565744643708e-01,6.328162975482325425e-01,7.778918573331823350e-01,9.724498899755612547e-01,9.111208378556840959e-01,9.680148231949563531e-01,9.437957950674926710e-01,8.559739640970475127e-01,6.038018496848867045e-01,9.370987191462790689e-01,2.759979690575786737e-01,6.654251036531657615e-01,9.878990247889554155e-01,8.494425350149802378e-01,6.840012376840900465e-01,2.427797409954201846e-01,7.825547007704574121e-01,4.180209963487038771e-01,7.395043154655891460e-01,8.761408048126362313e-01,4.054865222465157681e-01,2.483828821734290204e-01,3.310802720503726038e-01,6.472177564905765568e-01,4.383911835377141131e-01,9.306840813080689001e-01,-1.700512640497577610e-01,8.846757472649632303e-01,-3.752576768342354430e-01,2.603051586315983101e-01,8.457173745759181127e-01,8.993058191386562594e-01,7.358063673168487862e-01,6.129483509542991149e-01,2.403705678619200148e-01,7.104566172194893836e-01,8.664826003822728717e-01,7.749972950933909921e-01,4.871117404100694381e-01,8.726127737313907895e-01,9.205422810067152017e-01,7.310984194226558541e-01,7.088227570053936555e-01,8.785099766467576732e-01,8.637759968782197095e-01,7.741639351934059832e-01,5.992061323865948141e-01,6.872657344121394507e-01,3.197093468106049219e-01,8.811235834855166704e-01,7.350349471932542400e-01,2.718176623537805758e-01,4.925057532646332503e-01,9.455909350072340125e-01,5.522581509513371234e-01,9.396825349193325128e-01,8.910326033291749992e-01,9.766051498075806192e-01,5.250470393786853540e-01,6.417690221489585900e-01,4.945959451701489873e-01,5.719876918028869994e-01,9.826264228662804356e-01,8.191620328718622890e-01,4.263421627112590206e-01,3.577552554568244059e-01,6.278265266592375493e-01,9.477901669498701720e-01,8.556438643114636644e-01,8.213823996925169180e-01,9.867944159080821454e-02
8.551452366358590629e-01,6.793228025849570306e-01,5.365461149648939054e-01,6.237257706956218506e-01,8.556477885859731236e-02,0.000000000000000000e+00,3.005205364336794860e-01,5.301217706910561489e-01,6.982510046704754059e-01,9.519232886430762930e-01,7.860908239802069097e-01,5.207344703078065073e-01,6.116560419830706641e-01,6.176370516983549219e-01,5.659599746562313793e-01,4.207577980127051864e-01,7.827405333151822298e-01,6.096515753932039150e-01,6.721032317864533701e-01,6.945630200014141220e-01,9.498805638061883494e-01,5.859647046497656886e-01,9.699265811671866633e-01,6.564164605077841275e-01,6.272638216978414505e-01,9.321057122831949426e-01,6.943055845923995495e-01,9.949776566900667696e-01,5.549081590761661964e-01,5.716409141937176530e-01,-2.459297030541190698e-01,3.883766765390590514e-01,8.440393490242619201e-01,9.624531282542911903e-01,7.487797628023210583e-01,4.512120272263224208e-01,5.538584982595776696e-01,4.029599140225182952e-01,9.572005433260214469e-01,9.699015472835481599e-01,2.039177659178844082e-01,4.235269575694712851e-01,5.637340295497385023e-01,6.690642790615407565e-01,8.426366603598880456e-01,9.248489168456922593e-01,5.192801328995406696e-01,5.231577547449848264e-01,4.068616003153313621e-01,6.242229534313585848e-01,9.285562765933390583e-01,4.498904416485913216e-01,6.426326371523863878e-01,6.494073153651074293e-01,8.737071914498016900e-01,6.379457999145935476e-01,6.842563546916523576e-01,6.506301282162318955e-01,9.430965906053763170e-01,5.572772880747973723e-01,8.777009561496078582e-01,7.602100181639485088e-01,9.773431909647123383e-01,8.198065321610609191e-01,9.498341054862324828e-01,-1.113371129667143494e-01,6.979829542316446922e-01,9.174944541792744435e-01,5.130731067903432363e-01,6.887046021175068367e-01,8.182506150145170132e-01,7.095212320538809569e-01,6.796646065266324921e-02,4.880695293174890370e-01,7.440169296194543147e-01,6.735175446906976893e-01,8.373860309359477672e-01,5.149530363394807519e-01,2.694613901843818105e-01,4.524777716140895856e-01,7.231978105326415385e-01,6.168012183051243547e-01,8.350639638882997318e-01,3.004758582956392199e-01,8.658253160573692320e-01
6.207776023515518826e-01,8.749384692395827390e-01,7.798483394932151924e-01,7.749826504884169687e-01,2.307507342353404267e-01,3.005205364336794860e-01,0.000000000000000000e+00,5.233036783274700454e-01,6.836147279687364575e-01,4.975871199984943094e-01,7.239713508585499113e-01,3.289655985486118484e-01,4.563174287289624709e-01,6.350672953970621926e-01,5.006702970137743014e-01,1.196564968729035838e-01,3.478757529628750955e-02,6.724713431777007422e-01,6.368228585270521158e-01,8.430158825515575716e-01,6.499540323723701496e-01,6.547187109635983493e-01,6.177967050777536384e-01,7.117330745288659166e-01,6.265821623261272899e-01,3.454827339029519218e-01,4.686174044970696784e-01,3.485746386347656767e-01,5.800726987797203416e-01,4.906645832773967042e-01,5.220375801787127124e-01,4.109260953982239450e-01,7.725691416760480656e-01,5.655591104980171036e-01,6.753873803567834733e-01,5.685524337105363202e-01,6.166729995118910290e-01,7.599000432733599153e-01,8.449762949341730334e-01,4.636362880663363883e-01,3.011071892932814520e-01,2.545448699281364635e-01,7.840056911849849763e-01,6.511011234437928952e-01,9.048012811060921479e-01,9.561356248921177858e-01,9.760653759066482971e-02,6.211715622791852409e-01,2.107764074832145507e-01,5.422809116653915483e-03,6.134647684543655943e-01,4.782068059787638603e-01,5.908434679599233741e-01,2.356827939113907422e-01,4.350446894177517621e-01,5.013452474777777557e-01,1.670254970000938644e-01,7.295542718316306852e-01,9.317061969989948178e-01,3.967668503667685087e-01,4.707288610801977358e-01,6.214516333672158721e-01,1.742713683817836978e-01,2.737641154300548552e-01,8.152012998421502843e-01,6.980431733660146243e-01,8.539119108409012338e-01,7.480261450661629397e-01,4.519193056917335527e-01,3.211014002484531282e-01,2.936555592916925139e-01,6.899525592240127736e-01,8.934221104380222211e-01,8.574460307652416180e-01,5.473294577272413974e-01,8.556893951825892408e-01,8.924534761120037629e-01,2.652095045542762208e-01,2.560238105393898289e-01,2.074737240402805827e-01,4.373744898566253592e-01,7.161145835714323171e-01,7.516026012626696451e-01,4.230253647724456778e-01,4.954606487115164049e-01
9.057903214151276083e-01,2.017512335120354161e-01,-1.293175106311234557e-01,9.281141941997880229e-01,9.455128925872393619e-01,5.301217706910561489e-01,5.233036783274700454e-01,0.000000000000000000e+00,9.344294047837427009e-01,4.273577197214700751e-01,2.755577711793549267e-01,4.340705409389683522e-01,9.857435939453011997e-01,8.654207878508115570e-01,7.341595518732988435e-01,3.494115347999131593e-01,9.373402163604023229e-01,5.290305654925837597e-01,9.489780012290814915e-01,6.352025762857522739e-01,7.932906485034357802e-01,6.842524139234114067e-01,5.991854302521290032e-01,6.557524728718241436e-01,8.072133396765265312e-01,2.793702523860676079e-01,5.423570905796206709e-01,2.924864115973552225e-01,2.784737355887180743e-01,2.363274831860716074e-01,4.755652216445463432e-01,8.635209118700635234e-01,4.993491366241346041e-01,4.595259390689021006e-01,7.115878263912820412e-01,7.230003902004865646e-01,5.858428535450308505e-01,4.002609199609777901e-01,3.396842087002999722e-01,5.114941458185569001e-01,6.655852872369023565e-01,7.589207648354744373e-01,4.439880094166794855e-01,4.706615999925634064e-01,3.004830476103563797e-01,4.838741304848627744e-01,6.149556183527797870e-01,7.335742554269542026e-01,3.081631042607940740e-01,8.248764499033184316e-01,6.332717959665231655e-01,5.469198218160742364e-01,6.556360275925524617e-01,2.369713461653254749e-01,2.926300519398625788e-01,7.886043763658001637e-01,4.205127663201033705e-01,2.517110486753572629e-01,8.277226746930831380e-01,8.387214127154873911e-02,7.718709333373792170e-01,5.485742827538732103e-01,7.277533758499744598e-01,6.638408201161749567e-01,9.682524138929557989e-01,5.135885474660702998e-01,2.495510851398453633e-01,4.666624108026157236e-01,5.613867575226796358e-01,4.231856605198451304e-01,7.886985992052537586e-01,5.971054592443274522e-01,3.484960139919219824e-01,5.718384010742733059e-01,7.754252173450503216e-01,8.243432737550258071e-01,3.597839186933615707e-02,7.318364078704195919e-01,6.156890410477284803e-01,5.403416806871564892e-01,9.542055794648347522e-01,8.544443482706896020e-01,6.022656818561493708e-01,1.894598439318712635e-01,5.284990104701304814e-01
4.748608762829956143e-01,5.335288941127402929e-01,1.447430683939376073e-01,9.975919472911879415e-01,9.333326047989829455e-01,6.982510046704754059e-01,6.836147279687364575e-01,9.344294047837427009e-01,0.000000000000000000e+00,2.360410038123484100e-01,7.068796305431986893e-01,1.971705783144963309e-01,9.648327235045942030e-02,1.737455868722475871e-01,4.486977604859632152e-01,8.545320448086506371e-01,8.341231895709504407e-01,1.722778395163827581e-01,5.771515470735644193e-01,8.789284007922085751e-01,8.410621230832943107e-01,6.359870524612041276e-01,9.018424634808608342e-01,9.611817854033752884e-01,7.325557483317243213e-01,8.342377223863072233e-01,4.531548288093871224e-01,6.286310614735620694e-01,6.132911439426239619e-01,6.147241841954899089e-01,7.273189494529401777e-01,7.451232079250230678e-01,9.072295640606312661e-01,6.108786131313109768e-01,7.079407883314005057e-01,4.494767070631444095e-01,4.075758431644239121e-01,5.417393282943474553e-01,4.106805971574844505e-01,9.215684900132870006e-01,3.977137734522172563e-01,3.055159294385506596e-01,9.996812512070636370e-01,3.544903634741035647e-01,9.011273046155828803e-01,4.953105328765893267e-01,7.051646502793175175e-01,9.368622054966327939e-01,6.076093360255157005e-01,2.881564280428441371e-01,7.171840420793651472e-01,4.088611348579563320e-01,7.477316616048549358e-01,6.961305951478746756e-01,5.390042005930117952e-01,5.138164350365894695e-01,8.120573289597662336e-01,8.924237837102272364e-01,7.785879352359912353e-01,6.754224940234565544e-02,5.244136382642252681e-01,7.082639317111287802e-01,4.071201828265078593e-01,9.189287888259933812e-01,9.600442991117502656e-01,7.181099527932142124e-01,4.480391825008245288e-01,9.499595173235371171e-01,8.345947135344108370e-01,7.843001875659263433e-01,4.896144101074043076e-01,7.402271090979162249e-01,4.529319310583106994e-01,5.346154995221055195e-01,6.858953931108729973e-01,4.571630648352607018e-01,8.561261673208468981e-01,3.620512235275182289e-01,3.705625423604733681e-01,2.257018641709700457e-01,7.845290572991621136e-01,9.361898809664624954e-01,6.142338597953299617e-01,3.313348256409412995e-01,4.682991523559265623e-01
7.849852671924981706e-01,5.099710252312694703e-01,5.225688073011633961e-01,8.001668023807315677e-01,7.280064918355769743e-01,9.519232886430762930e-01,4.975871199984943094e-01,4.273577197214700751e-01,2.360410038123484100e-01,0.000000000000000000e+00,8.772798373237895575e-01,6.165047331388828766e-01,9.181175498727471851e-01,7.360800552516929551e-01,9.699027047727570849e-01,7.039283563298017743e-01,3.789647978130185058e-01,8.725055780747122958e-01,6.054987147887554988e-01,8.155235766644971518e-01,2.971659460707090084e-01,7.311188740019303189e-01,4.676860642375990640e-01,1.980086806403928701e-01,4.963179326446165995e-01,5.908714399181655974e-01,9.657085893590597880e-01,6.474075256698275105e-01,3.934960221678284187e-01,3.255726838733276063e-01,3.133150599046738982e-01,5.236557781859811911e-01,8.782342322277828517e-01,6.572796481315020811e-01,7.321798742270099192e-01,7.985795123139265428e-01,5.008235174340857077e-01,8.592863960263259493e-01,7.804072833221026295e-01,9.773894666088881467e-01,4.740784786498326575e-01,4.796932526452967194e-01,4.806774974686040536e-01,6.931186426327026195e-01,5.604722761941949294e-01,9.750200250582364836e-01,7.729279839915107475e-01,3.767243502921800991e-01,5.594282948789593979e-01,5.562890933615313172e-01,4.916939791557450312e-01,7.596812187080274059e-01,9.118983889665831510e-01,4.177388500466393539e-01,7.550132109700912197e-01,9.570334963747990642e-01,3.704308152008654598e-01,7.197578346129800408e-01,6.251528296261421591e-01,4.599764861636873037e-01,7.257109621729108673e-01,2.825355712310995693e-01,7.237469611605608089e-01,8.240370019815412839e-01,6.236877369642074287e-01,6.919828849711392449e-01,6.934123346440478342e-01,7.660666373172027033e-01,6.418334612332843303e-01,6.658764717714491521e-01,9.683890492370721415e-01,4.451995998650543629e-01,2.954444584453537748e-01,4.764594549080599095e-01,8.866666344308082870e-02,9.270835997801615269e-01,6.393206288888824140e-01,6.447747676990109866e-01,3.734493658990580278e-01,5.573807278394153908e-01,9.481788293935015099e-01,9.998074988036684818e-01,8.226656167363141092e-01,8.196555081004939236e-01,6.226233898450460602e-01
7.762661308287341910e-01,5.426769741537749159e-01,9.931001668078183187e-01,3.314926861183947748e-01,7.664550287435991649e-01,7.860908239802069097e-01,7.239713508585499113e-01,2.755577711793549267e-01,7.068796305431986893e-01,8.772798373237895575e-01,0.000000000000000000e+00,9.829269522926129543e-01,5.114557365795039390e-01,6.921308826820533611e-01,3.814455572355689994e-01,8.140829682795743816e-01,9.664566660925311137e-01,6.353368964575339950e-01,6.043214037729159882e-01,6.382665320366014416e-01,9.654796692124645308e-01,9.794218640715118829e-01,6.773320891253336029e-01,5.970817654012310349e-01,8.530806806455280000e-01,7.659317507066967234e-01,9.074717786418453613e-01,3.140706188076697325e-01,6.832610087865675919e-01,3.496887956904092265e-01,7.183001695278100340e-02,6.748102898275752937e-01,7.834389795462156636e-01,7.994658870199646827e-01,5.489206391791513484e-01,5.779252905999571199e-01,4.005493917403432080e-01,5.144878032727371320e-01,8.321549378272058428e-01,7.434193364482371003e-01,5.187286440850498170e-01,4.404764390147136166e-01,9.950197364367814323e-01,4.146437859915848012e-01,8.425880981037210393e-01,7.206606600587680544e-01,5.026301667722311572e-01,5.546141321690155612e-01,6.068884181271764211e-01,7.775611049054832469e-01,4.593872888311371083e-01,5.900178960765075642e-01,6.739745923228274149e-01,5.866662783546949811e-01,6.089919625710494833e-01,7.882506320008612066e-01,6.307102980293737282e-01,4.489864537630752772e-01,4.003972250735149396e-01,2.853215103118411644e-01,5.602539579393962521e-01,6.375293137738797800e-01,8.154231767707144085e-01,8.468160034769699474e-01,9.978254388301497357e-01,9.296320598496208287e-01,9.326038806611428589e-01,8.776361496582332222e-01,4.180637196130174704e-01,3.183788698923379901e-01,6.896279827261247997e-01,2.544311696694572314e-02,4.073266858186821993e-01,7.968481212007677561e-01,4.676600490855239989e-01,7.557388792245222087e-01,9.789598646511690205e-01,7.025836183189353434e-01,7.818903931957129627e-01,3.703146648143590403e-01,5.623104484680839787e-01,9.849292706496909355e-01,4.483931340404921362e-01,6.980155186534772183e-01,3.833422166561288869e-01
9.783822178184771179e-01,6.477258240953941426e-01,9.778083671314670156e-01,7.889253290294473420e-01,9.476597878026783439e-01,5.207344703078065073e-01,3.289655985486118484e-01,4.340705409389683522e-01,1.971705783144963309e-01,6.165047331388828766e-01,9.829269522926129543e-01,0.000000000000000000e+00,9.487890529522321481e-01,7.948872467622414284e-01,4.481316947467749445e-01,9.910286950804184647e-01,6.734811160686540177e-01,7.140214990079759572e-01,9.008945360896882804e-01,6.081457229203074411e-01,9.010289793582023643e-01,3.615097407963379084e-01,9.535772628239831405e-01,8.785298923639068835e-01,4.735149636563523723e-01,8.835650018451370880e-01,8.264594068917838765e-01,9.991979570622893103e-01,8.471334345571259750e-01,2.633034365880084771e-01,5.362462559613341284e-01,7.533643220727163081e-01,8.210087178759618576e-01,8.600600481981258705e-01,6.087184236741282062e-01,5.247317731768418314e-01,1.615667719490119225e-01,8.993760717098775448e-01,5.747662735164306147e-01,8.893855458343058462e-01,5.102241293525688892e-01,6.944712500361058805e-01,8.578881449675443971e-01,6.205820108423452108e-01,9.083463313539540396e-01,6.407294781306460685e-01,5.309272382044685212e-01,6.261447151453457538e-01,2.059373826425396348e-01,8.036771862466213223e-01,2.065834900537995844e-01,9.212386025175371973e-01,5.764375413161972883e-01,1.535110861722979170e-01,9.662457887523397959e-01,7.761195873111519372e-01,5.103735642665852001e-01,8.729963512763688760e-01,9.002532136656585804e-01,5.423974619333247205e-01,6.289074935341655292e-01,6.957768158176936835e-01,8.566658183235141832e-01,7.401147958308487151e-01,6.692624198822669790e-01,8.004713864633001830e-01,7.462338129259042940e-01,7.478291507718239917e-01,9.945945054852548539e-01,7.422184832701572699e-01,8.372276938195412077e-01,6.512278657549016581e-01,8.772322291756344814e-01,5.963457131435322411e-01,9.682059915933792782e-01,8.400431045143486042e-01,6.807022251644651023e-01,5.934289246635282566e-01,5.501973392945391783e-01,2.703355830243999725e-01,5.523400655955618133e-01,8.837198499822259690e-01,2.017044240019330303e-01,5.835537703381401542e-01,2.435184692875367041e-01
7.670214790571799890e-01,8.902648104533522622e-01,8.379584420624583974e-01,8.853104509446184656e-01,4.844179157444600814e-01,6.116560419830706641e-01,4.563174287289624709e-01,9.857435939453011997e-01,9.648327235045942030e-02,9.181175498727471851e-01,5.114557365795039390e-01,9.487890529522321481e-01,0.000000000000000000e+00,2.474228046233485356e-01,6.016456599430580754e-01,4.405431896239679346e-01,6.225574754597189564e-01,9.404688374127539996e-01,9.973213356888173120e-01,7.949096703145206444e-01,8.535438660273952927e-01,6.915453769493833391e-01,7.898200826969872246e-01,7.569104915203855866e-01,4.719308200839621437e-01,4.694574989574801238e-01,6.986581486938392427e-01,8.549416245729423158e-01,4.183949112292323358e-01,7.023992032720961509e-01,3.829323339126451953e-01,7.581460996659254992e-01,8.514315610995347727e-01,6.413385941292880643e-01,7.914902274645450042e-01,4.864256944162607676e-01,1.706929650439304447e-01,7.800694586485487081e-01,9.757456166742589643e-01,6.994277763724765506e-01,2.647673143428440623e-01,4.963166846337449534e-01,5.631058391362071536e-01,9.642196493086647724e-01,8.195744591015131641e-01,9.736339637090841714e-01,8.583577573561794738e-01,5.432352839848725301e-01,5.489279110766077663e-01,5.557356661878574133e-01,9.461290680799979702e-01,9.988016541774714652e-01,8.250284067224603612e-01,5.993631517040722834e-01,7.067187279398067234e-01,3.138457710238681808e-01,7.058951969052590369e-01,9.156034628895427518e-01,8.829965540854226580e-01,2.762105725693592695e-01,3.626554282202816837e-01,8.779731648670189292e-01,8.451855962860028715e-01,8.784500852884431499e-01,8.275406606386398467e-01,7.721178613985377748e-01,5.641841050466138707e-01,9.096725871907507255e-01,5.701820940556074913e-01,5.522233230822843897e-01,8.176774783020041015e-01,9.392283616900864995e-01,3.651031596090259512e-01,7.714072737879480446e-01,8.871308314812630103e-02,3.445215357766104880e-01,9.975690318803469570e-01,9.148354459595847699e-01,6.177858852749501528e-01,2.734280599061693628e-01,7.853355063391174173e-01,8.826165829161151111e-01,1.681307051512399009e-01,9.000632317839557528e-01,7.827065551288914236e-01
8.488882275083866613e-01,2.136857739741710172e-01,8.753653962879376360e-01,7.825350310120643416e-01,7.521812641321856674e-01,6.176370516983549219e-01,6.350672953970621926e-01,8.654207878508115570e-01,1.737455868722475871e-01,7.360800552516929551e-01,6.921308826820533611e-01,7.948872467622414284e-01,2.474228046233485356e-01,0.000000000000000000e+00,8.464102835956480719e-01,1.167928203078947152e-01,6.806625473915081104e-01,1.772381745618872850e-01,9.927900874752825233e-01,7.765476330191712906e-01,9.032745131066035604e-01,5.900721727672828543e-01,5.136189942311348844e-01,8.749993316939607135e-01,4.389185866548911408e-01,6.996469361632492445e-01,7.609369609103155963e-01,7.353632784472444728e-01,6.215367643998382929e-01,4.288287812976601110e-01,7.076924708816553222e-01,4.248250838669503926e-01,5.088379248852643588e-01,6.853187352166175694e-01,9.697859791635927706e-01,3.015189017317935205e-01,4.941700357193755111e-01,7.478293182911399661e-01,9.584740901164688909e-01,6.560294390687724242e-01,7.078980652225860259e-01,6.563227594716227742e-01,6.132788860137201592e-01,7.325629659815406924e-01,8.159452022184775499e-01,7.755851903121830926e-01,7.916355800543933841e-01,8.886337661616375838e-01,4.042213787809592618e-01,4.189447343038653071e-01,2.562026832934276646e-02,8.459690453885428951e-01,8.136108211057436757e-01,9.942264001494787173e-01,2.806540335422932908e-01,6.154059198318968527e-01,4.120615584663920444e-02,6.043552950419832648e-01,6.168926019872689182e-01,7.315076139725309456e-01,3.054063941600808629e-01,6.664333488990075161e-01,3.635894315167421675e-01,7.340346220754256912e-01,-1.277939050117404829e-01,6.589977979622669846e-01,2.059466589081138665e-01,6.282604476295400309e-01,7.165758310412914112e-01,6.875397316941933568e-01,7.702965719357279806e-01,9.293132474448509983e-01,4.842113520446317265e-01,3.979681324963147970e-01,4.825529983797577360e-01,1.633153223618703798e-01,7.186076618400688565e-01,7.715314361544081123e-01,4.199262692955098020e-01,2.955934034453528425e-01,8.206116870650506101e-01,2.833638987747089111e-01,7.657715808313092509e-01,7.357403405698830223e-01,8.755508493319209551e-01
9.777358943760916521e-01,3.849345060854637568e-01,8.087371425472600350e-01,8.316492674421471776e-01,8.091133565744643708e-01,5.659599746562313793e-01,5.006702970137743014e-01,7.341595518732988435e-01,4.486977604859632152e-01,9.699027047727570849e-01,3.814455572355689994e-01,4.481316947467749445e-01,6.016456599430580754e-01,8.464102835956480719e-01,0.000000000000000000e+00,9.276087238394302714e-01,8.051131259354374903e-01,6.170861335379573820e-01,7.840413170055026137e-01,8.423881215511558329e-01,8.786313615026776214e-01,7.847222384825424113e-01,6.149461687052562020e-01,4.392148857906398307e-01,4.519793606355397841e-01,4.974596819801464509e-01,8.572632215352313789e-01,4.189973078016975827e-02,6.247175569767540182e-01,7.131902430530112635e-01,5.130568451326912305e-01,2.027125229561186903e-01,6.982530218111254738e-01,9.193066147002429966e-01,5.332890880172760362e-01,4.273540508397217774e-01,7.100573598316082258e-01,2.994166845879782102e-01,7.368775841418919725e-01,8.230696236244631203e-01,6.988222693969315946e-01,1.747703425740440020e-01,7.918156640829443482e-01,6.822894384261930512e-01,9.738239483127499874e-01,7.332466508813741957e-01,5.030094952844866851e-01,4.120772214612951623e-01,5.589537071448738015e-01,7.126731143066592500e-01,7.685132039818043381e-01,9.572749121260203387e-01,2.872634650641379128e-01,7.788779655791802092e-01,6.046981778010384057e-01,5.023829526150401792e-01,7.370000976350596922e-01,6.651497027639322601e-01,9.644507941777988869e-01,8.017434513876267044e-01,5.461634575981803019e-01,9.066946920734549886e-01,7.295538574551050370e-01,8.915657262539058436e-01,4.812734418610834508e-01,7.816967867793165325e-01,6.418552094537891550e-01,5.986904423710961431e-01,-1.845668194378934923e-01,2.311023738925070958e-01,5.665485581951716920e-01,4.111410416217760599e-01,2.951260777141971325e-01,6.172815571869886275e-01,3.294305769791414651e-01,5.988063496821409704e-01,5.550855033845103481e-01,5.619652135289247008e-01,5.598350212385448943e-01,4.087590629085418037e-01,1.070177836448891751e-01,8.197559554300209994e-01,7.532547439232719633e-01,3.846516229051494262e-01,3.889414855637305379e-01
5.706027024349920040e-01,6.168976819756455399e-01,8.046007195208072504e-01,6.569705175314654033e-01,6.328162975482325425e-01,4.207577980127051864e-01,1.196564968729035838e-01,3.494115347999131593e-01,8.545320448086506371e-01,7.039283563298017743e-01,8.140829682795743816e-01,9.910286950804184647e-01,4.405431896239679346e-01,1.167928203078947152e-01,9.276087238394302714e-01,0.000000000000000000e+00,9.292970351547740204e-01,6.737890315831536192e-01,7.000830972251346207e-01,9.450658155805035099e-01,9.376048129152849686e-01,4.323734779250827387e-01,6.702936848596297015e-01,5.876709937122079896e-01,7.637488878186421415e-01,8.020580681030634596e-01,8.450764559302231804e-01,6.862114756019032091e-01,3.307041559615392368e-01,3.057161925658825052e-01,9.228291053132363642e-01,1.816877307898938643e-01,6.224155519123169000e-01,7.599435083547920744e-01,6.095187777239904348e-01,4.336779702419857330e-01,6.292598069785486636e-01,8.287642215640961263e-01,6.546833420215005805e-01,9.213794607655740876e-01,5.166041670013276077e-01,5.330416068316514711e-01,4.992193697960028986e-01,3.405881434830751453e-01,8.230947350743403890e-01,8.811860645751030674e-01,7.524255931021092136e-01,4.264660356736065250e-01,4.407258692902362718e-01,5.416369146076820407e-01,6.051359854290130347e-01,4.492343418405723154e-01,7.908670960292860652e-01,6.795418493435819718e-01,6.131756188487135217e-01,2.033985391981751323e-01,2.845595525213344135e-01,7.553125721809990090e-01,6.593183460215925606e-01,3.197171700827635688e-01,4.805164630123129887e-01,7.977862868953372599e-01,5.384327058818774159e-01,7.185159403445117166e-01,4.339794345867364345e-01,4.011736044322711248e-01,6.493286879452514482e-01,9.503461430115922592e-01,4.651178405546377292e-01,6.775266070593626289e-01,7.248942156251378943e-01,8.804647681855779506e-01,2.564088343077971510e-01,4.599133101467803852e-01,7.313229524453398467e-01,6.395416518840857378e-01,8.529662240994443367e-01,4.181007430473969722e-01,4.428075458921905128e-01,6.173661977734016260e-01,9.904167317882560662e-01,6.656385128869960477e-01,6.030924092440791418e-01,4.462401254414603557e-01,2.146606382598837404e-01
8.171453909739607724e-01,8.292961104345798473e-01,5.933159600859523319e-01,9.814114910375230094e-01,7.778918573331823350e-01,7.827405333151822298e-01,3.478757529628750955e-02,9.373402163604023229e-01,8.341231895709504407e-01,3.789647978130185058e-01,9.664566660925311137e-01,6.734811160686540177e-01,6.225574754597189564e-01,6.806625473915081104e-01,8.051131259354374903e-01,9.292970351547740204e-01,0.000000000000000000e+00,5.031231585126909600e-01,8.123425504294783384e-01,9.948231674977672245e-01,9.299679879311804898e-02,8.590940453730642190e-01,9.708063979351215789e-01,5.923975177702864858e-01,9.895937492237047994e-01,7.484817921612164637e-01,7.512345212094972968e-01,3.067736935521497288e-01,7.990365829722128055e-01,1.418429091482856785e-01,4.759891341845421953e-01,4.720520186025017884e-01,9.510022976663080607e-01,8.240270497324690968e-01,7.192307671563782367e-01,2.000535451168769518e-01,2.433510905787007461e-01,8.060319757599511137e-01,9.528371411584826145e-01,5.043948517838411361e-01,4.473294947632447949e-01,8.853858066193566190e-01,8.669949519527245796e-01,2.802281275642893865e-01,4.681215197177769904e-01,6.621452751098322320e-01,6.911041605252838949e-01,9.572465558340436109e-01,9.467180027229145090e-01,9.386788329476585258e-01,9.165946006943118674e-01,9.161724413639690257e-01,8.199058324852065427e-01,6.844538396124891788e-01,7.599758048842695235e-01,6.590644404734116168e-01,8.352126412915578113e-01,6.041671859490556074e-01,8.454407760625249901e-01,1.393807018884621607e-01,3.667270628865946236e-01,9.491428348117054714e-01,5.744302244682345515e-01,9.353558500433064582e-01,7.502419132541833235e-01,6.537035939366965254e-01,6.445760135071739727e-01,6.891658156980194905e-01,6.027771006632376416e-01,8.300303789650573805e-01,8.759010911347814288e-01,6.369404216177060318e-01,2.800342792579442186e-01,6.208911232514080503e-01,7.637988531866467534e-01,4.494130840555774498e-01,7.984552814840450985e-01,9.846938493101086154e-01,5.967311906632204455e-01,4.491614452167607130e-01,5.302358562299149813e-01,8.567289077986005585e-01,2.157666618826989680e-01,6.820932894350716369e-01,6.771794293357538130e-01
7.593499255459031927e-01,7.963835067667560663e-01,6.866561797307517701e-01,6.849839253808065465e-01,9.724498899755612547e-01,6.096515753932039150e-01,6.724713431777007422e-01,5.290305654925837597e-01,1.722778395163827581e-01,8.725055780747122958e-01,6.353368964575339950e-01,7.140214990079759572e-01,9.404688374127539996e-01,1.772381745618872850e-01,6.170861335379573820e-01,6.737890315831536192e-01,5.031231585126909600e-01,0.000000000000000000e+00,7.071792885703517273e-01,8.112170973994855538e-01,5.916400867148027265e-01,1.800527764573454231e-02,9.489300147894090820e-01,6.925041418675854654e-01,6.479281154732037251e-01,6.069444453025052422e-01,8.994655699466368448e-01,7.845627414150438961e-01,5.163390001072631907e-01,3.187830049843390912e-01,5.334351077810610686e-01,2.015053472330504969e-01,-6.729094018362138940e-02,9.972088068379594272e-01,7.903148897683207608e-01,5.419282879964987254e-01,7.512390456578176279e-01,7.334054441908115507e-01,8.837351027198177000e-01,5.721520519511845704e-01,5.578379656154737187e-01,3.140393781206200496e-01,7.342460992688071286e-01,6.587979686674556579e-01,8.475452297200924967e-01,9.266984984060993025e-01,5.797519149335396138e-01,6.676679607979755238e-01,4.082720362835887684e-01,5.802464518040897357e-01,9.419374671876613592e-01,6.311222540730976327e-01,1.834178456772711518e-01,5.852194837492490365e-01,9.492740199127265299e-01,6.606880286466805252e-01,8.660769492314732698e-01,7.356138690813431857e-01,8.594801127760743897e-01,2.276496026166595632e-01,5.557500606253807929e-01,7.811765483688554168e-01,6.408458160282977101e-01,7.245470373802335162e-01,8.727815464531768486e-01,9.952537985188864011e-01,9.457310698966767681e-01,6.523935146256732986e-01,5.687173754701799894e-02,6.457602474399386505e-01,8.738335520595217343e-01,6.803565484891986870e-01,6.935010611181585682e-01,4.303675988943586050e-01,9.796976838634917639e-01,7.854369333811643816e-01,8.465850344049387077e-01,3.341729581420580519e-01,4.404419819411382053e-01,3.115235953817157011e-01,2.103648515265650332e-01,6.277356509380866978e-01,9.087476065790918156e-01,8.445700933727042781e-01,5.697977394507308668e-01
