0.000000000000000000e+00,5.277624101045141902e-01,6.196011077587585403e-01,6.424812020373287247e-01,9.319509503929731542e-01,9.094172729043507042e-01,7.550544873302579285e-01,8.523040697129112830e-01,9.029224098828710909e-01,8.966066088063698869e-01,4.930650687831762413e-01,8.652625225431045397e-01,9.211395003757529842e-01,8.347552695036779546e-01,5.774140092587906059e-01,6.480127585433994586e-01,2.898777278787340039e-01,1.658516501802650422e-01,9.326794121288909389e-01,4.423583242156312045e-01,8.802944776302557006e-01,3.139605525492529803e-01,8.728853322901036771e-01,8.797535356333759937e-01,9.623106123562364944e-01,8.934370142299419282e-01,6.918639042163589048e-01,6.015017190701275052e-01,7.759516313560379519e-01,5.113179166992708469e-01,3.082600026466437160e-01,9.019189017212346782e-01,6.885649099599454592e-01,9.636776875743154891e-01,9.302251989241667740e-01,5.465998835567287273e-01,2.714620354858514606e-01,6.646412723276295953e-01,8.246935687695341466e-01,8.857637054031705093e-01,4.643713962669483442e-01,6.940027661222654132e-01,8.828801116687657879e-01,8.660223515565467212e-01,7.168354593376932149e-01,9.267927897104530910e-01,9.624288042501283336e-01,7.462990611223390136e-01,5.527783655031567323e-01,9.601554769856588401e-01,6.694784870402838983e-01,8.829186657658045778e-01,9.011041817020029043e-01,8.311930024077718304e-01,7.154297060919718731e-01,8.742122744955271862e-01,6.918081772634298021e-01,6.099500651791742722e-01,3.281323448470990223e-01,7.410072210948929206e-01,6.553874890137307840e-01,6.838939536194086344e-01,5.769686977973936814e-01,8.666670704264828329e-01,1.279830983964952151e-01,9.584452424106277846e-01,9.004579888148765976e-01,6.726192638899857190e-01,4.993044891050421596e-01,4.007721493813453106e-01,8.699973690513169711e-01,8.215972951748383712e-01,6.210561989700675856e-01,4.916295919972362150e-01,6.561730035536428307e-01,9.211534311837114020e-01,6.152169863556905538e-01,5.571217908442079869e-01,2.728098395161530076e-01,7.534369721561999800e-01,6.757768173927956035e-01,6.014199898574988934e-01,6.457174388964040945e-01,7.708882835142968348e-01,9.437120636458465883e-01
5.277624101045141902e-01,0.000000000000000000e+00,9.364846014833546617e-01,8.488416582710437419e-01,5.563022537509536569e-01,6.435097832116154493e-01,7.504697362962448048e-01,4.411739286594679732e-01,4.932744169897544939e-01,8.991890990588145005e-01,8.757555172846449576e-01,6.972712363682542769e-01,9.120380746003252659e-01,9.496121919207015649e-01,6.168133550300479717e-01,8.431974236483756879e-01,8.860053452391782880e-01,9.810365635088728054e-01,8.160714472494204896e-01,8.206484858984250952e-01,3.552800601244472389e-01,7.199139043948340477e-01,8.082211316451051175e-01,5.124962748447188243e-01,-1.781852559797204583e-01,6.462932381902309897e-01,9.416090239533840833e-01,4.894301853099868316e-01,6.641418040011451973e-01,5.667936113998459646e-01,2.846861357029097928e-01,4.748354472440979301e-01,7.541591243005729694e-01,8.390794547109524659e-01,2.775150567887132991e-01,6.744765539654846709e-01,4.594352538690650301e-01,5.446410390378009225e-01,5.622061833007025999e-01,6.916960334938268007e-01,9.244591120117707783e-01,7.896614484579458360e-01,6.223957469745935445e-01,9.131616168777277887e-01,9.213797141011559333e-01,7.225945684734452756e-01,8.141498768274023634e-01,6.927333034044590443e-01,7.026792430956437796e-01,7.883790924397309219e-01,8.443262564461651021e-01,8.843752313851133140e-01,7.067874129932393279e-01,7.890705271322741021e-01,3.279890377557597159e-01,9.933499410078185932e-01,9.198057028466140039e-01,4.198185894941204310e-01,7.076580297630438166e-01,1.937786395498218572e-01,3.122216386746332617e-01,5.064849829550591709e-01,6.580807167580662309e-01,7.135185418716086803e-01,9.605080955741361892e-01,8.487343075539177661e-01,2.398728936867318140e-01,8.474006297200912252e-01,4.679286198075689462e-01,8.231499459094758775e-01,6.067333892854945843e-01,4.894925730092130056e-01,6.003309836924020093e-01,5.433600143620060940e-01,7.028053163966698769e-01,7.674407042331148343e-01,8.743722673609544138e-01,7.679648986342672012e-01,5.252156230836146911e-01,5.573611094017549838e-01,4.651913869245396516e-01,3.924061514820388896e-01,9.937503120059194561e-01,2.717088677259419383e-01,8.173898963866209622e-01
6.196011077587585403e-01,9.364846014833546617e-01,0.000000000000000000e+00,8.091399837604381640e-01,8.958517606858030780e-01,9.081401758533822477e-01,4.945423980553141363e-01,5.749709190640175382e-01,7.310889666849526014e-01,8.745580595724263828e-01,9.473501686255508814e-02,6.078043470298507556e-01,8.121034573113488086e-01,6.765375343040020972e-01,8.736473587614904668e-01,5.723083439251926974e-01,8.764649153214734145e-01,9.154274336679311119e-01,8.068993062264092631e-01,7.816055915352541072e-01,8.047756255770024403e-01,9.899539769994860627e-01,4.622638241052021701e-01,4.316138071696763445e-01,6.217895311508986333e-01,4.525091662657659275e-01,6.243721242122642900e-01,9.694592984442967909e-01,2.578628934428518482e-01,2.899677123184734098e-02,3.579213454780685311e-01,9.545715628479481962e-01,5.951585473757434741e-01,9.236443495643203994e-01,9.752065357744603702e-01,1.895296247620519847e-01,-9.674618548468362500e-02,4.874642326209605026e-01,7.926590338661444468e-01,6.456960166081933128e-01,4.358044204211783956e-01,6.357758822348368311e-01,9.083983549178256123e-01,9.296952512987783912e-01,4.321801857881036324e-01,6.397936496033078679e-01,7.406873051353615178e-01,8.358448870294765687e-01,9.872475944704489637e-01,9.845036359929294489e-01,9.668302528864459733e-01,8.094880688211404385e-01,7.867833264543193650e-01,8.820636751060814129e-01,8.037465811828617968e-01,8.533841625372846629e-01,9.651555356309818867e-01,7.908212518809160096e-01,8.525536658685690661e-01,6.877262742033211085e-01,5.674615496009973725e-01,9.149533377411047663e-01,9.913123466946834883e-01,9.339055601564782982e-01,8.097817868283437859e-01,9.281474338239585897e-01,8.897675690785760150e-01,6.155200589447932247e-01,8.848889349955747496e-01,6.297908334009608700e-01,7.584511659956900687e-01,5.841595227828026982e-01,5.882519460548742973e-01,2.416214806251518743e-01,5.326502203969688543e-01,8.163639739564888531e-01,8.095782881995631231e-01,6.158622424403873419e-01,6.703432285406931701e-01,6.133105811824037801e-01,8.969226029631740538e-01,8.454033470103412551e-01,9.015815717261365103e-01,7.796514736730602024e-01,8.837214138503267646e-01
6.424812020373287247e-01,8.488416582710437419e-01,8.091399837604381640e-01,0.000000000000000000e+00,4.117573307484462264e-01,5.461389906472613465e-01,4.360682035830143466e-01,9.158586876191479043e-01,8.497056899805260910e-01,6.499731063367909512e-01,4.609768180641523050e-01,8.259857960584886527e-01,7.534939505999995735e-01,6.404315252318732998e-01,6.912696394008288614e-01,6.525092726121507480e-01,9.348211337690568445e-01,7.005294085833894124e-01,1.537511002450641651e-01,7.444199394649664292e-01,6.887320847293548765e-01,4.235657962337829874e-01,6.504885842837521137e-01,8.975812180032438636e-01,3.764933237979601888e-01,9.537089084170435882e-01,2.687674596927441817e-01,8.528103927838364129e-01,3.688770204547280329e-01,5.570067451542253245e-01,4.516499882983900926e-01,7.345590779241554236e-01,4.359393103495625144e-01,9.516282218675522486e-01,8.497796092054286099e-01,4.127265717721195770e-01,5.905837952172765526e-01,2.631809234949963328e-01,5.992830978153351751e-01,8.757027062334497014e-01,4.651393442348613072e-01,7.784891234388513492e-01,8.033550015241374131e-01,3.800815205968369748e-01,8.808303774907914052e-01,9.871896082150956042e-01,6.207115875900228730e-01,9.254583058267046303e-02,3.637280667596128336e-01,6.809549708172984994e-01,7.239286769112459607e-01,6.710982963001075330e-01,8.541492391466902756e-01,7.393256212875246591e-01,8.298437278049032306e-01,8.239737448297199673e-01,8.171827977912208274e-01,4.091350106736535430e-01,5.021911735278847821e-01,4.861911703330877299e-01,7.557390100682316314e-01,4.858975966661210899e-01,7.358297523655729089e-01,8.140922667805143842e-01,8.673223427862291057e-01,7.139749781198991840e-01,8.457961223518493110e-01,9.827956876155490296e-01,2.213924937563419293e-01,9.078251541780043565e-01,9.403948458715889469e-01,8.187473278153599709e-01,4.924122357894620272e-01,6.578827361504273608e-01,2.488467761257301958e-01,3.544700816340937838e-02,4.224269493975756351e-01,5.919906310938992666e-01,5.100612398958179750e-01,3.078206608868188643e-01,9.690327990292564309e-01,6.725172699090943285e-01,8.482189888961160218e-01,5.881376896555987610e-01,7.069444242869137307e-01
9.319509503929731542e-01,5.563022537509536569e-01,8.958517606858030780e-01,4.117573307484462264e-01,0.000000000000000000e+00,6.134252146857582799e-01,2.915027933945327221e-01,3.990656685932881809e-01,6.998493034495939513e-01,6.875879318661056727e-01,6.138483822511168198e-01,8.664991443808432725e-02,8.900356211656362815e-01,7.112314664565718703e-01,7.569400667193386667e-01,5.998415411186380775e-01,4.573743245365682886e-01,9.978041222248520414e-01,6.124375693058360381e-01,6.865452843386586901e-01,8.373140321591137081e-01,7.758380031328090398e-01,7.660724564221003119e-01,9.546394052564141086e-01,5.606607893582160607e-01,4.892411410778951808e-01,9.405094226641071975e-01,6.770985032451641850e-01,7.151695795868306949e-01,3.274591962998731898e-01,4.135597859614627003e-01,6.742080075432951292e-01,4.336994093529350502e-01,8.676238728877749828e-01,4.979184458947493175e-01,7.572517684878465882e-01,-6.327264020699552294e-03,3.355884394030877321e-02,9.573716880435660936e-01,9.919405240545077218e-01,5.922090634862464675e-02,7.671176866206556033e-01,6.434969515671433715e-01,7.204667053958737633e-01,8.608324909206029885e-01,9.122363157685650092e-01,8.875865226833337118e-01,8.531932369363689483e-01,6.954844429794246885e-01,6.170498623374988112e-01,6.931632572911557988e-01,9.829241950529565841e-01,6.630710925349904139e-01,9.983019548458460513e-01,9.796880065613920996e-01,6.888779047427570079e-01,7.739009775479979147e-01,9.446658441947703988e-01,8.466640050502057813e-01,3.244239369501175085e-01,7.235759358035842581e-01,5.121416869590179610e-01,5.185080598473242874e-01,2.583055309433390234e-01,4.567159735867639681e-01,7.920156572137996287e-01,6.307663835995428459e-01,8.227882371357261304e-01,2.398881662162926642e-01,6.813489627788495984e-01,5.393853572227300663e-01,8.610196053211304212e-01,5.829501547906579262e-01,3.210183429461874738e-01,6.575614745613211909e-01,6.486508521872917932e-01,6.106457679441293918e-01,5.924556250631611842e-01,5.341949210085435995e-01,3.131020170857286011e-01,4.463429513207759491e-01,4.666395045874897063e-01,9.765941364861776552e-01,3.872561093026023749e-02,4.996025925044561555e-01
9.094172729043507042e-01,6.435097832116154493e-01,9.081401758533822477e-01,5.461389906472613465e-01,6.134252146857582799e-01,0.000000000000000000e+00,3.872300102328130045e-01,7.573447951719655125e-01,5.300413257637551778e-01,9.462220981651715546e-01,8.953527923155326640e-01,2.014672176106267476e-01,6.691826519119015160e-01,9.678762229031385722e-01,5.895314709285415233e-01,8.974120465441581818e-01,9.926144441540574181e-01,7.978467731329736967e-01,9.047351110513953687e-01,3.360459823290539161e-01,7.599441289765140883e-01,8.992539397147513158e-01,6.539843142616960092e-01,7.226157180377104083e-01,7.803671889986460997e-01,9.972052992921254244e-01,4.828761941211764941e-01,5.029870347362570548e-01,2.937786020687989663e-01,6.648222369407355004e-01,6.814147216975525723e-01,5.931890088281339679e-01,7.270667330039394249e-01,8.705528909366798684e-01,6.848675966055979281e-01,6.692534438677160136e-01,2.968802257526624855e-01,6.781397716711485835e-01,7.127271299977460117e-01,7.519454646244566609e-01,5.415069643559431434e-01,2.414873180922324780e-01,7.989152851820602308e-01,8.554269949734540912e-01,2.683033443725862943e-01,9.969362534837977741e-01,7.445831030021086150e-01,6.014787718371974456e-01,4.946545971228654692e-01,4.725611844329389299e-01,4.175078642868610412e-01,7.963273582125420802e-01,7.669227521724535368e-01,9.914847414080567578e-01,7.669501224895298730e-01,5.743253147597123798e-01,6.383419224727822083e-01,8.119397693881520439e-01,8.235759975429440827e-01,2.005042482000854442e-01,6.334942564520291697e-01,4.510092978164265687e-01,9.094379321354399970e-01,9.224000867942734327e-01,9.969798148162694051e-01,5.781385437080248657e-01,5.226563730764999249e-01,9.351345577938753317e-01,6.546920282485659826e-01,7.012618988513292795e-01,7.932441312865574634e-01,7.253077832249789081e-01,6.297519759141136930e-01,5.876952299786202261e-01,5.052468687127300573e-01,7.315932198490525673e-01,8.717536030574652983e-01,4.146370141645955854e-01,4.610784862235483006e-01,3.345488525530200263e-01,7.906925417753651875e-01,8.457559827838351252e-01,7.906533222553965290e-01,8.289983102762542577e-01,8.825649102655290790e-01
7.550544873302579285e-01,7.504697362962448048e-01,4.945423980553141363e-01,4.360682035830143466e-01,2.915027933945327221e-01,3.872300102328130045e-01,0.000000000000000000e+00,6.828329685669625171e-01,7.048255814977595346e-01,1.003811710489569964e-01,-6.455850585509328998e-02,3.900246637791323634e-01,2.219733781409819195e-01,5.313626813315462938e-01,5.926311034896978303e-01,5.286845335363137277e-01,9.345006746350876803e-01,8.658447477138240256e-01,9.173331872867201975e-02,9.949687774922529870e-01,8.262519547139844933e-01,7.372895998719362076e-01,7.174817352581795982e-01,7.290875435282848649e-01,9.910457129137404397e-01,8.265285198702063685e-01,3.511568770023355546e-01,4.371460008567960021e-01,4.706538745592311890e-01,9.832812359320044493e-01,2.438067913645080020e-01,6.099751651344478276e-01,7.712794305749499646e-01,4.966775722283096606e-01,5.312700819318436629e-01,3.168519513165247714e-01,1.788597687474400566e-01,4.703397615470585325e-01,8.289643328018392321e-01,3.783994736288841532e-01,3.066326394983546755e-01,3.517584626932055425e-01,8.445712016177429060e-01,1.934326260283816476e-02,7.969691604510971139e-01,6.515489218511413272e-01,3.616605311688710911e-01,8.214831045104492580e-01,5.649873748876544921e-01,6.609061790045516194e-01,7.830440493002605029e-01,5.936728412333707183e-01,3.424339679018286592e-02,7.405362065316469788e-01,7.506157560083506208e-01,2.322688677301208704e-01,9.837235990891493032e-01,3.131972339035506425e-01,8.212439474685089280e-01,2.688390318019172609e-01,2.002852585230603943e-01,4.890595756859519860e-01,7.876865421652102794e-01,8.418079426845703761e-01,5.385875076119052141e-01,1.395103368949196787e-01,7.618567819051986767e-01,6.267687304079365695e-01,4.695208525932713095e-01,5.844635971738093572e-01,6.332741679340878616e-01,4.734513543747217446e-01,5.659976849175673008e-01,3.485504963109858911e-01,5.567156491475446778e-01,6.325726042844893593e-01,7.945373854063785268e-01,6.853231171468011640e-01,6.555173186550526943e-01,-7.312798958909580427e-02,6.398910437050061573e-01,8.069978168664213580e-01,9.283612096205727804e-01,6.355928639162433669e-01,4.709897389094142572e-01
8.523040697129112830e-01,4.411739286594679732e-01,5.749709190640175382e-01,9.158586876191479043e-01,3.990656685932881809e-01,7.573447951719655125e-01,6.828329685669625171e-01,0.000000000000000000e+00,3.943540326380664540e-01,4.807244651748774356e-01,5.403169700481084137e-01,3.247200311338228618e-01,5.157689380425320991e-01,5.486407905583456923e-01,9.108866613335704354e-01,7.168110934519176247e-01,6.579823749025294211e-01,5.768477736206572004e-01,8.952607348688191857e-01,6.812778101553467192e-01,9.072904350618989922e-01,7.827151638960123670e-01,4.469762032373347793e-01,9.532587714746952878e-01,5.166140498693795324e-01,5.121792587619340420e-01,3.731545478208380118e-01,4.018694324110492766e-01,4.802182072709774152e-01,5.674216869417918474e-01,2.565936188475646529e-01,5.945338071553744053e-01,4.499268776199602526e-01,9.503972618644693782e-01,3.862620380849449697e-01,4.290479656070110837e-01,3.072948706962995158e-01,6.427944203997169037e-01,5.716455750182179996e-01,7.550650526463860146e-01,5.782728583272116474e-01,7.355708336871262798e-01,8.664948042034862352e-01,9.428963573395048314e-01,9.293878292756504456e-01,9.147181019550725267e-01,7.127975878342880378e-01,7.435251591064853116e-01,5.427071498925399862e-01,4.679366260928451426e-01,6.326266370629982649e-01,4.517153427340673821e-01,7.893375114791341129e-01,7.189890413793078583e-01,2.516960991576996376e-01,7.210133747888827216e-01,6.165072728965932392e-01,5.589773460336522337e-01,4.219949345222358539e-01,8.426469175573479964e-01,7.880305574568276239e-02,5.610110691212790712e-01,8.340291762812155341e-01,8.880070380259202922e-01,5.910763798725158225e-01,6.617498142393977156e-01,7.742362405380150969e-01,8.046546047932550128e-01,6.517353710843116765e-01,7.435445050297531111e-01,7.678381605272417421e-01,7.015968639793350725e-01,3.798609409177254870e-01,6.139771804243298048e-01,7.924223528144478390e-01,4.772044400289114918e-01,5.866215625188764271e-01,7.053060770583579053e-01,6.463149685014948354e-01,1.765362348321258823e-01,3.134351948745986993e-01,6.422348478690269591e-01,3.514940988319228410e-01,4.564777935523110508e-01,5.715337847027637252e-01
9.029224098828710909e-01,4.932744169897544939e-01,7.310889666849526014e-01,8.497056899805260910e-01,6.998493034495939513e-01,5.300413257637551778e-01,7.048255814977595346e-01,3.943540326380664540e-01,0.000000000000000000e+00,8.818638974192244406e-01,8.192629425794000220e-01,5.440078849401406291e-01,7.352924582064641612e-01,7.335051005227571919e-01,4.407406407428677286e-01,8.582946857690736397e-01,8.948451039545994856e-01,7.028143092756892196e-01,6.076646197033881425e-01,8.572798541700457076e-01,7.982777643949947599e-01,4.879489906215389583e-01,7.850535882013168765e-01,7.780795169467483730e-01,7.825868770216064529e-01,6.036919298472089856e-01,9.446226389216824115e-01,7.821516168190756346e-01,6.583642585465697694e-01,2.853287714488179083e-01,4.796531625133862997e-01,3.849081124244699281e-01,7.510443408666701570e-01,2.857940775681532264e-01,7.421369992477069299e-01,1.534665682055006142e-01,4.331545243661369948e-01,7.738864944553131009e-01,9.460562460994684786e-01,7.850870173208617242e-01,3.444902980054753705e-01,2.734500587036197139e-01,8.229738575013425539e-01,9.308635606127737550e-01,9.590010319193478239e-01,8.282771679512916929e-01,5.366877951411699321e-01,6.124187598780733710e-01,4.686605530490408622e-01,3.930198620861394820e-01,7.719036629264179883e-01,1.913016096711239178e-01,8.884496195735940294e-01,5.768456598741052987e-01,5.762261336986633786e-01,9.299928837888890021e-01,7.500728998347211407e-01,6.178737167720579349e-01,9.118368293585489281e-01,6.079985274155111918e-01,8.702494519835859421e-01,5.366418850085611369e-01,4.347871765607706496e-01,8.126423129344056973e-01,7.944244460657479134e-01,5.498858546633832445e-01,7.527784695507726553e-01,9.900873770069346103e-01,4.028545616045744460e-01,6.144223212386248356e-01,5.905604015381922256e-01,4.683014444210923943e-01,7.341419416811245657e-01,4.360484132848506111e-01,4.504824741573899005e-01,9.949147395245294678e-01,9.776906707212305037e-01,7.985893839554545348e-01,5.431075196103564151e-01,1.181797769353054028e-01,3.595068237273506551e-01,7.679297623915585236e-01,7.995463275892749078e-01,6.854200035505511046e-01,2.157722237487606498e-01
8.966066088063698869e-01,8.991890990588145005e-01,8.745580595724263828e-01,6.499731063367909512e-01,6.875879318661056727e-01,9.462220981651715546e-01,1.003811710489569964e-01,4.807244651748774356e-01,8.818638974192244406e-01,0.000000000000000000e+00,9.565137840387036849e-01,8.330971324867113559e-01,6.138327926116717848e-01,8.431597610425430878e-01,9.696728788319247672e-01,2.374999008015891422e-01,9.150375584763381642e-01,4.380944702855225081e-01,6.356878500066459603e-01,4.374180567582530710e-01,5.981642631263666132e-01,8.530024382232500590e-01,2.196712354927677080e-01,9.171573163172536125e-01,6.661982371717167783e-01,6.886942395609491063e-01,5.095633774464273236e-01,4.206370133433042779e-01,2.148659932388902460e-01,4.253661000191622486e-03,5.291545982837637663e-01,6.511077450950484291e-01,9.293578029693527753e-01,6.749834199324662443e-01,7.348138720594904472e-01,8.807499121973291212e-01,5.381746877287767461e-01,1.799630867309165994e-01,3.216995915397324879e-02,8.240872963547812846e-01,6.197637147552121917e-01,8.614853486363063251e-01,9.730734918997487881e-01,8.245901144320025855e-01,8.123015699520012012e-01,8.206315340751838550e-01,6.230465593114596912e-01,7.222053130742667193e-01,7.751378777876082316e-01,6.415269030208763379e-01,8.476985640878019757e-01,6.055900835862076947e-01,8.197163823983972808e-01,6.660909961065064611e-01,7.159978728710373330e-01,6.886003186242353191e-01,7.709141913079707864e-01,5.691013335499446324e-01,8.877210135929588519e-01,1.732441413225408178e-01,5.392494288027531724e-01,7.578166309039288118e-01,3.738713730232291477e-01,5.306339783767370921e-01,8.513274303213321792e-01,4.405996803217542279e-01,7.940179954741936053e-01,9.276255380633510184e-01,6.179996116047792309e-01,5.296418004313113714e-01,9.553874271755844472e-01,8.301052517739899717e-01,3.344918372155784025e-01,7.984429883287601504e-01,6.121535514456705185e-01,6.686244660464332190e-01,2.144345925260301988e-01,6.556720415667488533e-01,4.037102578677734255e-01,3.261757105912633792e-01,5.440147505601623523e-01,6.991063787463654977e-01,6.523811218364402587e-01,2.090020259096576072e-01,7.649394848162022198e-01
4.930650687831762413e-01,8.757555172846449576e-01,9.473501686255508814e-02,4.609768180641523050e-01,6.138483822511168198e-01,8.953527923155326640e-01,-6.455850585509328998e-02,5.403169700481084137e-01,8.192629425794000220e-01,9.565137840387036849e-01,0.000000000000000000e+00,6.679299666901418187e-01,4.109237111593573855e-01,6.739586515236959396e-01,5.659661492635083002e-01,9.101518352172779380e-01,8.157123784366950847e-01,2.744300837049238884e-01,6.464535610236334939e-01,9.853191417371546246e-01,9.276170231561768897e-01,7.382703508030337147e-01,6.326298996149143372e-01,9.369116284281309159e-01,7.647998912631938095e-01,8.271647392742800253e-01,7.722949485562280447e-01,8.697832394785011134e-01,5.217873613547238110e-01,3.425450443519043597e-01,1.178359983792121035e-03,4.843017623172473085e-01,9.628358286080800355e-01,4.644335724545657351e-01,7.181558443848796713e-01,3.818176840121376703e-01,5.806574035475630113e-01,4.485450546063120547e-01,5.737233704556905511e-01,6.739481699722139618e-01,7.629847218682566101e-01,8.936898126919986529e-01,8.916525191950943618e-01,2.411305520410377823e-01,8.579124904662991380e-01,3.261234780537408673e-01,9.195699909153810525e-01,7.137101848273902371e-01,5.681049500829679078e-01,3.833013567295733282e-01,6.402684922269969992e-01,7.928848047396563903e-01,4.864525341642401690e-01,9.703219735262106349e-01,7.949630400793431528e-01,5.020988738799420092e-01,-5.911034900712694440e-02,6.551291309735812751e-01,8.721775962260973625e-01,4.357053671751293655e-01,2.917461760990267550e-01,4.912678046964550904e-01,7.662799170878745736e-01,8.214545956993042353e-01,9.887922395966670663e-01,7.288833030153818449e-01,7.459453553589500130e-01,8.148451006732005952e-01,4.992589185773792515e-01,5.416828453085882344e-01,8.838725766352539814e-01,6.160752330223951967e-01,3.346300882535423460e-01,8.727552379064542620e-01,2.252471996411505029e-02,4.865910896505477035e-01,2.755767718658916898e-01,6.697735438193570534e-01,6.978931738516626071e-01,1.556015080206940293e-01,7.922964501463413134e-01,9.993046984199884797e-01,7.311835832961575132e-01,6.549521837555878634e-02,7.461627956666734285e-01
8.652625225431045397e-01,6.972712363682542769e-01,6.078043470298507556e-01,8.259857960584886527e-01,8.664991443808432725e-02,2.014672176106267476e-01,3.900246637791323634e-01,3.247200311338228618e-01,5.440078849401406291e-01,8.330971324867113559e-01,6.679299666901418187e-01,0.000000000000000000e+00,8.218511294908531495e-01,7.335524977737224450e-01,6.290914018449205170e-01,9.978603420048810513e-01,7.368490331320390885e-01,8.056146306884112152e-01,6.034975075208202089e-01,8.984693151016315271e-01,-1.272770015019236423e-01,6.028473625976350503e-01,5.094020570282532523e-01,8.985674378438053278e-01,7.885252865862899530e-01,8.237225143976776298e-01,8.266603423835143793e-01,3.447748431360075916e-01,6.238273485873688795e-01,4.964514793840961726e-01,7.629641824629789237e-01,3.328537560115520932e-01,9.807656979036483147e-01,5.901815622359906088e-01,8.250296240674974690e-01,-5.604977608718797466e-02,3.957374994596485340e-01,8.783319474915965985e-01,9.798580759862264289e-01,4.661300514071218815e-01,8.772261878572904514e-01,3.312591425872294937e-01,6.672610085364415466e-01,1.466467881391679551e-01,7.384851896046398245e-01,5.752417070066707661e-01,9.802300030344440751e-01,7.299001042708056497e-01,7.263267109117557130e-01,7.412341502716073283e-01,9.710338030118524921e-01,9.914497701996302093e-01,8.291668731397122682e-01,6.024592526634154899e-01,4.940494518314180183e-01,8.455145653655193883e-01,8.139626548845564358e-01,5.427689238410009498e-01,9.322995279576767880e-01,8.229372733572506426e-01,4.552049164059076003e-01,7.138304995025770427e-01,6.163785703392989923e-01,7.941401156397113192e-01,8.633793271810008552e-01,6.480808767006737137e-01,9.301694452546556136e-01,7.577399675656243394e-01,7.398580941820266377e-01,6.134418951291131794e-01,9.334953340464990923e-01,6.640122525860684410e-01,7.014097475678396920e-01,7.587913362753075930e-01,5.073473703779599608e-01,9.247212936612732026e-01,4.985857269141744097e-01,7.330303771883683872e-01,3.393693662430292690e-01,1.471580512901035920e-01,7.733195463937707625e-01,9.228372248407424872e-01,9.822910559488623461e-01,6.997489750321155277e-01,8.736979970113101235e-01
9.211395003757529842e-01,9.120380746003252659e-01,8.121034573113488086e-01,7.534939505999995735e-01,8.900356211656362815e-01,6.691826519119015160e-01,2.219733781409819195e-01,5.157689380425320991e-01,7.352924582064641612e-01,6.138327926116717848e-01,4.109237111593573855e-01,8.218511294908531495e-01,0.000000000000000000e+00,3.852946179149857597e-01,6.020277376522968904e-01,8.688010389714388992e-01,3.720561328949856250e-01,8.809144345126003195e-01,7.075847471922249721e-01,4.346289906562439964e-01,9.599845391422683338e-01,6.751031705680141659e-01,6.354767478738597708e-01,9.339126136651330068e-01,5.940767914902791436e-01,3.611643690437714715e-01,4.573570502689851547e-01,5.153053078105599427e-01,3.692533415817581544e-01,4.677004004192920616e-01,3.956096310207325439e-01,8.897276195684203914e-01,7.807611070359926631e-01,7.228291895817757773e-01,2.107845599312428708e-01,3.213827910583138547e-01,7.633869589876011164e-01,7.982996247324712913e-01,6.029439284905724339e-01,8.705695439665852575e-01,4.336294462217600842e-01,9.824523469260296737e-01,6.450895447961069173e-01,2.366694722418490882e-01,7.601258791986558183e-01,6.531015745613613088e-01,7.066238389126482389e-01,6.821506543220935415e-01,4.446560986807625571e-01,6.326518954381643578e-01,7.374068805374974778e-01,7.277890193930163232e-01,4.712250556769622678e-01,5.684549188417006294e-01,5.359950208255267468e-01,5.679453552521189774e-01,6.817209225797710159e-01,4.430497585051740850e-01,7.349722085077530220e-01,4.075749858591941055e-01,7.199311013693824313e-01,5.282686143522605793e-01,8.332759536978411319e-01,6.484942656344707679e-01,9.466875577671766129e-01,8.262843986921093453e-01,7.702558806385804147e-01,9.924969453049055090e-01,-5.831364601493116417e-02,2.592705373651338352e-01,8.087826304157277324e-01,6.763698672647540100e-01,6.956077017954928055e-01,7.130699491689329594e-01,3.719885449879475336e-01,3.024588911308427330e-01,6.028024243718590469e-01,6.732778995318176030e-01,5.836092662669217779e-01,6.551518293671764193e-01,2.021349238288801531e-01,8.471401663157742679e-01,8.308300839846722852e-01,7.037896769400453501e-01,8.927150120719440363e-01
8.347552695036779546e-01,9.496121919207015649e-01,6.765375343040020972e-01,6.404315252318732998e-01,7.112314664565718703e-01,9.678762229031385722e-01,5.313626813315462938e-01,5.486407905583456923e-01,7.335051005227571919e-01,8.431597610425430878e-01,6.739586515236959396e-01,7.335524977737224450e-01,3.852946179149857597e-01,0.000000000000000000e+00,9.226148310300495980e-01,2.650868590010094228e-01,8.632535498960903775e-01,9.132424231718740959e-01,7.744657115282389537e-01,9.549186071795593422e-01,7.323382372797055950e-01,7.396644211164263849e-01,9.057172306532553785e-01,6.118417877015016604e-01,4.531029081997407504e-01,5.352068777699083846e-01,7.566476241416333348e-01,7.957950465370731141e-01,5.823169858059641379e-01,5.830711367028509340e-01,3.657274861761783957e-01,9.671109354442568584e-01,2.706124065273843304e-01,9.361786274735155455e-01,3.437475709420131920e-01,7.992332814161295929e-02,3.668810495794033733e-01,9.974137234826437881e-01,6.644242196201104456e-01,5.483776028192949292e-01,7.757865428427528354e-01,4.528579930194008285e-01,8.794693015198769004e-01,6.788525915891765461e-01,8.322454577640316931e-01,8.083488059913395141e-01,7.014835125457827836e-01,6.471563095062566884e-01,4.908858226285116033e-01,8.777273495507078582e-01,9.116340676399421472e-01,5.005529831610862068e-01,7.084089554667220012e-01,4.451092000641599933e-01,9.951514639889535996e-01,8.206267504388141676e-01,2.949170093839634799e-01,8.803241428757568876e-01,4.902509830777323496e-01,6.301325892482375624e-01,5.620205395055455355e-01,7.315725364912961659e-01,9.777227411221092179e-01,9.702548630137095564e-01,8.242501097297317836e-01,6.280449025557278686e-01,6.149865764110794553e-01,5.097106769693150463e-01,3.663861659429948903e-01,3.683102214331712698e-01,7.898800819410753959e-01,9.974296568166840515e-01,6.230150263748139849e-01,4.503173976402168321e-01,2.323030832693311065e-01,8.249313306494169273e-01,8.125886141542859598e-01,4.179036507377992260e-01,6.265524203254331514e-02,4.092714032562393411e-01,5.403749828188880722e-01,1.226859439301982158e-01,6.146705309550749563e-01,-8.222155901525915467e-02,9.283007812988575136e-01
5.774140092587906059e-01,6.168133550300479717e-01,8.736473587614904668e-01,6.912696394008288614e-01,7.569400667193386667e-01,5.895314709285415233e-01,5.926311034896978303e-01,9.108866613335704354e-01,4.407406407428677286e-01,9.696728788319247672e-01,5.659661492635083002e-01,6.290914018449205170e-01,6.020277376522968904e-01,9.226148310300495980e-01,0.000000000000000000e+00,8.515725208803538449e-01,7.125088868393725239e-01,3.443725711588586647e-01,8.812140475958655239e-01,7.569730393583312678e-01,8.974819018465225451e-01,7.597858014686161843e-01,6.776110378936764933e-01,6.206137390839968626e-01,-1.674749391169224888e-01,9.447997300119017616e-01,9.204490550644773839e-01,7.348742028971571028e-01,3.327835127362432921e-01,5.946104390078039703e-01,4.528132914368510620e-01,3.635263793173122426e-01,5.503712519570587158e-01,6.698608621750946623e-01,8.874299407889616464e-01,7.198794292973945685e-01,1.246718500173588651e-01,8.794568167098776312e-01,8.875425549231399369e-01,9.897824097759597706e-01,6.236995221939714007e-01,8.981648274006917010e-01,9.579609489657886501e-01,4.241877223757700710e-01,7.723196522800225283e-01,4.781839380667863293e-01,4.786134682280286379e-01,5.834591123283596747e-01,4.568903268658662808e-01,3.795122354438333900e-01,4.334187066950239697e-01,1.028201467370659233e-01,8.077010724649127393e-01,2.767484357586088572e-01,9.061486172127912742e-01,9.717908750779126192e-01,4.834629173479597086e-01,5.720658785561768545e-01,5.146172171228202696e-01,4.174671068005224583e-01,4.007710297665081911e-02,4.161048198377623186e-01,5.681927919690136219e-01,9.405090251277481439e-01,8.544601562847551346e-01,7.215527425783613280e-01,6.833596506556892658e-01,5.286165472861851233e-01,4.367753657714268378e-01,3.470062815202902273e-01,7.643601883953026199e-01,7.947589906048267983e-01,1.819606002414171642e-01,6.294129891340564109e-01,4.833036086873341436e-02,8.702840172745539560e-01,5.081708458881960544e-01,7.844867032104571036e-01,2.050701415159201513e-01,5.888966246799491877e-01,7.294645158250435690e-01,6.445494039338720560e-01,9.391864880509942504e-01,8.594991569111393170e-01,5.694459075662399172e-01
6.480127585433994586e-01,8.431974236483756879e-01,5.723083439251926974e-01,6.525092726121507480e-01,5.998415411186380775e-01,8.974120465441581818e-01,5.286845335363137277e-01,7.168110934519176247e-01,8.582946857690736397e-01,2.374999008015891422e-01,9.101518352172779380e-01,9.978603420048810513e-01,8.688010389714388992e-01,2.650868590010094228e-01,8.515725208803538449e-01,0.000000000000000000e+00,4.470824358001609378e-01,8.437563711147911816e-01,4.856678160425990098e-01,4.872486369975519427e-01,3.000261170870532346e-01,6.630105188026573781e-01,6.901014283904470803e-01,9.239921123675479686e-01,4.095374918345202619e-01,4.651824695849763880e-01,7.521309337080693824e-01,5.449964157067103132e-01,9.389645064788357809e-01,3.165971083231450822e-01,3.516606317439828766e-01,7.989989479507111358e-01,6.643802192059050649e-01,4.124149111506864029e-01,7.047791020983975585e-01,7.981640817533174059e-02,5.234347120033217005e-01,9.402533080774323482e-01,8.850920382747416992e-01,7.284541580754751999e-01,7.823373015074280845e-01,5.134961441061893783e-01,6.699451131755084221e-01,8.283409331025031186e-01,9.755887702720522636e-01,9.427686235073634569e-01,1.834140620048133608e-01,-1.332398295024050938e-01,6.489920876021990637e-01,7.915605333849135006e-01,6.566634860324750411e-01,7.758096493406215766e-01,7.997538522121818705e-01,6.950929089054606047e-01,7.303455817992359211e-01,5.317099589480662747e-01,2.022375514738328217e-01,5.495437117393875415e-01,6.061289806561418469e-01,4.609031222231617098e-01,7.597731763473076771e-01,7.173919642898523019e-01,-1.974592023690645015e-01,8.117442254090374565e-01,6.834906913960797636e-01,9.905860081659674243e-01,7.184987536606700642e-01,8.508770281551797376e-01,5.143092614014543873e-01,8.932603507345199256e-01,8.595238549846206944e-01,2.200124436193548472e-01,4.846048636150004918e-01,5.763529342135615963e-01,7.014723387284551581e-01,7.542050807698852909e-03,8.252834770378981721e-01,3.936742812898408328e-01,3.232679751557347991e-01,2.221801843610426153e-01,7.368689899323744852e-01,6.690175665688018469e-01,3.380748934035371356e-01,4.251844271601804559e-01,5.298435742258654768e-01
2.898777278787340039e-01,8.860053452391782880e-01,8.764649153214734145e-01,9.348211337690568445e-01,4.573743245365682886e-01,9.926144441540574181e-01,9.345006746350876803e-01,6.579823749025294211e-01,8.948451039545994856e-01,9.150375584763381642e-01,8.157123784366950847e-01,7.368490331320390885e-01,3.720561328949856250e-01,8.632535498960903775e-01,7.125088868393725239e-01,4.470824358001609378e-01,0.000000000000000000e+00,6.027141468765985222e-01,8.228640394246178325e-01,7.659862184221383208e-01,9.362431399099351292e-01,5.185523516845274017e-01,7.072602447252168689e-01,3.496211056766488356e-01,7.691249066584154859e-01,8.588356561677561452e-01,7.921549586678264809e-01,9.101833690742706651e-01,4.272852024384942160e-01,2.746770594330293358e-01,6.104748245931813644e-01,8.959892272340280739e-01,5.928282532933297766e-01,5.836971870714247057e-01,8.060860369315872020e-01,5.609632250129057418e-01,3.955697854051549722e-01,6.099452092725536900e-01,6.133913127424200917e-01,6.995310260495974930e-01,2.455566740886753752e-01,6.545586644718851543e-01,9.614353375787235700e-01,7.910555185967476088e-01,8.185705116241962509e-01,8.567565117139717135e-01,5.454170654570420496e-01,4.110967019663641087e-01,8.471326684838293986e-01,6.225306966966547284e-01,6.831161737315296634e-01,6.244618126128522739e-01,6.166445024193532021e-01,7.644871515324027644e-01,7.721985182819633975e-01,4.210431559057259410e-01,8.389735058598402073e-01,9.738143142760306015e-01,8.579318229623265069e-01,3.263520246473372022e-01,6.022042052000586843e-01,7.090290604881264169e-01,9.488979149510583522e-01,4.474837500428718862e-01,5.964364840908386034e-01,3.081677166057142925e-01,8.665234505396530729e-01,8.453874220844992404e-01,2.332188388568485204e-01,8.003287375656857883e-01,7.112278420162247983e-01,9.900480340906983590e-02,7.217518092686998621e-01,6.537685054902189208e-01,6.892114468281527184e-01,7.778950385123378775e-01,7.207034890550216844e-01,5.024213235041707915e-01,5.968570562906023724e-01,6.075851948724548812e-01,9.297054704053757668e-01,6.277066790134333552e-01,7.568993486338864152e-01,8.312256473747317576e-02,7.097500404828057663e-01
1.658516501802650422e-01,9.810365635088728054e-01,9.154274336679311119e-01,7.005294085833894124e-01,9.978041222248520414e-01,7.978467731329736967e-01,8.658447477138240256e-01,5.768477736206572004e-01,7.028143092756892196e-01,4.380944702855225081e-01,2.744300837049238884e-01,8.056146306884112152e-01,8.809144345126003195e-01,9.132424231718740959e-01,3.443725711588586647e-01,8.437563711147911816e-01,6.027141468765985222e-01,0.000000000000000000e+00,7.609311333709101177e-01,7.526622532132767329e-01,6.966153928878381363e-01,4.932476487015413080e-01,5.518108478312029330e-01,6.243671506558815532e-01,6.343733758220383434e-01,4.682533037448533553e-01,7.424911956787459966e-01,9.841955532233307435e-01,7.970113512193445215e-01,7.869375158793091574e-01,6.395493191497696461e-01,6.512588324039054744e-01,7.480179997318754381e-01,6.020671542866001813e-01,6.516782852768335799e-01,7.615455288912511556e-01,2.990845818600937900e-01,8.495536381397339465e-01,7.732855217164452677e-01,9.510913476175170134e-01,7.114346416304099252e-01,2.058300343358696050e-01,8.524453839749605022e-01,6.378752888101377749e-01,6.421322444195365353e-01,9.763701494229626299e-01,6.850188689771343764e-01,4.185294115563873429e-01,5.621439182436297477e-01,4.286570176785886033e-01,7.312173033380917619e-01,8.152127306696943521e-01,5.152112169592557578e-01,3.170414885761002610e-01,8.455685910300538843e-01,9.012288527218180745e-01,9.454004920131657830e-01,5.444222086578527353e-01,9.131119484231440264e-01,7.071876639256560182e-01,3.552429987242351483e-01,7.735490748396246508e-01,5.892374301185053787e-01,4.594895835682033525e-01,8.023120925306483908e-01,2.070362127850215450e-01,7.918503662690112854e-01,5.148362692129117013e-01,4.194296211792260531e-01,2.197659133826398437e-01,9.359021745364924927e-01,4.627660858487773199e-01,3.654185131760108729e-01,5.538111368162861314e-01,5.261808568512502671e-01,9.478565384558379492e-01,6.194227696656871007e-01,9.902352758640875496e-01,4.067611459003787622e-01,7.315664484285572255e-01,7.410789285905636792e-01,7.914083770626578751e-01,6.101642266188548325e-01,4.628626477314384258e-01,4.213991875437230750e-01
