0.000000000000000000e+00,9.506954925113116073e-02,9.409521319496416680e-01,9.741759867564024900e-01,5.983575233347639966e-01,8.949266037180363398e-01,6.977515701757828204e-01,7.757531708632259271e-01,6.848841225037486380e-01,9.610901945040154493e-01,7.021243964930469206e-01,4.313220595904345700e-01,6.071845941876941044e-01,7.008979859996806727e-01,7.839475889292780719e-01,9.910220510490783674e-01,9.414997199432013630e-01,8.346081380161196606e-01,5.756128524211163722e-01,8.036796622918510602e-01,8.549786401896085630e-01,6.074762651295280147e-01,8.055755671750755020e-01,8.130905402509626123e-01,6.507608886689858485e-01,9.881014569565651495e-01,9.922043740888915053e-01,6.736158143620784022e-01,3.414671189963339737e-01,6.082856143650788860e-01,4.236685287438337055e-01,9.712665545598191397e-01,9.019864767894452129e-01,8.878286231951323382e-01,9.279450148840208135e-01,5.341862625443769552e-01,5.986180029131555891e-01,7.818195086885473266e-01,3.103411867172646277e-01,9.707546212018054455e-01,8.166002499038929052e-01,4.437958160317675982e-01,2.774431500836290199e-01,9.781111406512394968e-01,8.005910523223027653e-01,9.488776395990417001e-01,4.859811640160898172e-01,9.809698214977684572e-01,5.034102985162444144e-01,4.206318366342705617e-01,8.445354111422853638e-01,5.020268210474646553e-01,7.464176416616035148e-01,7.240420882021361138e-01,7.647630897904217351e-01,6.984826816318472353e-01,7.431357021637770011e-01,8.403566392310648503e-01,9.247107853136810052e-01,6.150737478355493559e-01,6.631170395306823506e-01,3.094507257817627477e-01,8.679915823090526006e-01,7.452113473741329708e-01,8.984514785755332023e-01,8.249669073780140360e-01,6.130463162293670054e-01,9.896899341811182804e-01,2.774162718358370860e-02,7.902900756783381997e-01,6.140032357948497221e-01,6.755260837956322817e-01,7.190940194722345025e-01,3.721166999482148352e-01,8.887636580299038691e-01,3.077634189421144528e-01,4.479639167143690259e-01,8.076289199016962739e-01,6.598448034188603151e-01,3.102282232838025622e-01,7.994922649018727512e-01,5.012597801603948522e-01,8.514596037056880728e-01,3.018255039756705949e-01,4.875767615805067789e-01
9.506954925113116073e-02,0.000000000000000000e+00,8.195641157005945088e-01,6.917989591365504287e-01,7.838168512885786976e-01,5.512777360294169871e-01,2.270143903102770921e-01,8.983316917894210718e-01,7.139786480772047916e-01,2.547901955256394735e-01,6.601266919798964850e-01,4.343382352821709702e-01,4.592381494162069422e-01,7.636511039953322033e-01,7.548396691641720002e-01,4.240216742207507106e-01,6.193918003039025066e-01,9.462201066583940667e-01,6.096509887398047223e-01,9.479034039295520797e-01,4.268165398660823673e-01,3.563539540909705927e-01,6.218105137220824030e-01,6.133246482216168083e-01,2.896419153677991520e-01,7.973959080205437200e-01,6.185714014301142427e-01,9.526517438235770907e-01,9.645552937733001819e-01,1.720813020152397732e-01,3.723854752861227024e-01,6.025506134704470274e-01,7.213506256657434834e-01,4.254809401772134958e-01,7.975546409837472872e-01,4.974115782520756035e-01,5.375491856728823459e-01,5.801325536030838004e-01,6.001518298369656890e-01,8.757900317662934420e-01,3.138372581402704142e-01,4.753061658160546155e-01,9.508111348812245955e-01,6.467977225772515437e-01,7.295216324474661507e-01,6.895235793762756193e-01,7.235415328066262530e-01,4.056315002993208241e-01,4.275201951317145199e-01,6.817102331938138526e-01,7.861228660878633034e-01,5.526018091021915879e-01,6.542810940090088012e-01,7.231608938528589769e-01,7.560581901929175341e-01,9.533395460062543680e-01,9.432029132408986660e-01,4.519482159199386673e-01,6.488436023941323016e-01,5.472025284764203690e-01,6.372656843917667846e-01,7.278557754643492084e-01,9.695150855267880008e-01,7.108363658338032742e-01,9.970299715048520639e-01,5.376514319345042647e-01,6.848725336832562904e-01,6.713114973768301574e-01,9.499421843624342721e-01,9.720839326195787056e-01,9.898553797625904149e-01,7.531133530433681278e-01,2.683931702057110735e-01,3.472984351397679359e-01,6.928868813632135248e-01,8.155390279492060746e-01,7.545856029640086726e-01,7.479533259066898365e-01,6.410823349252051662e-01,5.766681650194657172e-01,2.104799796733595740e-01,8.945037449101755911e-01,2.343153359542196890e-01,2.691688485413185061e-01,6.312696191444655547e-01
9.409521319496416680e-01,8.195641157005945088e-01,0.000000000000000000e+00,8.853869545967705257e-01,2.238926844585667209e-01,8.405915789042794906e-01,9.694140570071796414e-01,8.402279607031867270e-01,9.792758729022896791e-01,9.223860380300217265e-01,8.132800867945761958e-01,9.496618565306794713e-01,2.793864204457222611e-01,9.951922486527726708e-01,7.274345474970220771e-01,9.317459324869966641e-01,9.107478844397467466e-01,9.324639068197448921e-01,7.596512342335289825e-01,6.665347139902071394e-01,7.610180802458779148e-01,6.871609778408064306e-01,8.131936589249439962e-01,6.283571845205722095e-01,8.170077242408448903e-01,8.324283672100002418e-01,9.438152400682933152e-01,6.519383321225746819e-01,2.181743386406782559e-01,3.144141465086797149e-01,6.245762253138271713e-01,8.224911075775916958e-01,9.870727833485761771e-01,9.833439796527305710e-01,9.945171827334271519e-01,1.781540624133406414e-01,7.374718418050799640e-01,5.312250327194584232e-01,4.125536307597725272e-01,9.609777831530573744e-01,5.968715492899701047e-01,5.114598982761977553e-01,9.085482146234603595e-01,7.643807025218414264e-01,6.139962114343446853e-01,8.832853019968841535e-01,6.344041680972695163e-01,2.380388603898695443e-01,6.690232231402326590e-01,4.527625578850224541e-01,6.813236131256421579e-01,8.105475120185784421e-01,2.030305998958257807e-01,9.659378785856895799e-01,6.565453984433486934e-01,8.402879371966006650e-01,9.668710533813050789e-01,8.394649758812807727e-01,7.613620647438499311e-01,3.536621941376247857e-01,6.172952921885501709e-01,9.390248353638052103e-01,6.966846426219118760e-01,5.773201428175677163e-01,8.576620145895940128e-01,9.611078117171155677e-01,9.152487756684923870e-01,9.153438480671386435e-01,8.183281185190193208e-01,6.223451559522472643e-01,8.951285042836847339e-01,9.516293112753222427e-01,7.512597111810641604e-01,4.808252567496190122e-01,9.934276701953191901e-01,8.035198397385379110e-01,7.846212546469016891e-01,7.084621443625682691e-01,5.454043410509105128e-01,-1.781172512758874560e-02,6.977907053095838696e-01,9.101067491405462340e-01,8.911367398202415524e-01,2.651229938598839708e-01,5.377068854658323405e-01
9.741759867564024900e-01,6.917989591365504287e-01,8.853869545967705257e-01,0.000000000000000000e+00,6.166231372983891346e-01,8.268875271579370079e-01,5.227291250018273328e-01,9.547452371138318572e-01,9.412127772439955464e-01,9.122964742038228714e-01,9.703689110315175670e-01,7.640291164816758185e-01,8.137856439649938656e-01,7.220937697911676834e-01,5.078448043086175590e-01,4.224083312745079977e-01,7.361770428636147390e-01,9.316356278285712333e-01,3.666666791042261231e-01,8.172872470098115905e-01,4.389377560748097262e-01,7.624494387756813873e-01,6.737666915449579408e-01,8.036333389976925146e-01,5.138172868650807690e-01,5.689853136091341801e-01,8.271382308280373907e-01,6.764861665137474889e-01,5.177590102136038208e-01,2.487865296913950308e-01,2.362200162231962997e-01,1.859266809306587831e-01,6.104014047255422737e-01,4.709090115349927608e-01,5.467841566986039181e-01,5.128651791876805977e-01,5.859402865214480283e-01,7.116045728790181268e-01,8.052424034176269840e-01,6.995425642887340700e-01,6.825893894238603821e-01,6.248889255619359817e-01,3.091409296413069607e-01,6.994329195829480650e-01,9.656050583741403459e-01,9.224927840990886363e-01,3.826761134859604230e-01,8.642842358301078276e-01,6.299680219452100660e-01,6.265353900641364993e-01,8.987701176141552617e-01,7.426636400805635141e-01,8.046197677899192824e-01,6.149293739926096070e-01,7.287185410712291311e-01,7.891776994033021797e-01,5.334290810123216708e-01,8.256192399224084877e-01,6.306088942945323739e-01,2.247129864454744386e-01,7.441509755258787218e-01,9.485870305131394176e-01,9.302871614161258851e-01,9.583700759956101933e-01,9.206528560750480983e-01,9.303250396461374416e-01,9.166035948078112838e-01,6.481097989964677009e-01,4.926033524347209203e-01,6.104503969435360888e-01,6.034707893003391499e-01,7.412958385282442109e-01,3.868168978062641594e-01,5.337903367437664137e-01,6.546838003943195039e-01,9.484666917461598290e-01,8.527699292190786817e-01,5.196616018838112749e-01,4.645014613712210583e-01,2.038807909902992099e-01,5.679108729949196022e-01,4.220291387861890842e-01,8.803246026750036757e-01,5.114178099825170687e-01,8.524306932231432432e-01
5.983575233347639966e-01,7.838168512885786976e-01,2.238926844585667209e-01,6.166231372983891346e-01,0.000000000000000000e+00,8.685265125395211783e-01,3.107675021105902879e-01,6.814070155526947836e-01,8.013655009680025199e-01,7.191322008940194133e-01,8.232526739919481251e-01,3.813777368485588570e-01,7.313551906621805765e-01,7.662737334674616374e-01,6.221742164103679640e-01,-1.061806060838169780e-01,6.787818351347707502e-01,7.242981235293661779e-01,2.199520066386930206e-01,5.338903743135641200e-01,8.262784130243711056e-01,7.588123824976009679e-01,9.075285220443515266e-01,9.864994965933789883e-01,6.901306025072150296e-01,9.684874687873405996e-01,8.483317030493074951e-01,7.814621193286043210e-01,3.835400342619509351e-01,6.574687782332907515e-01,-9.485948495422936999e-02,4.941279977977075522e-01,4.618649749786274405e-01,8.088354731916106433e-01,3.353814726121057688e-01,5.790499328029361514e-01,7.089073031740498188e-01,5.806478208798473428e-01,9.501915816402293213e-01,8.325932127579799280e-01,5.412250423872984051e-01,5.549943767494421865e-01,8.222790268496832367e-01,6.474560128618735977e-01,6.236156948872766392e-01,8.777820912498514039e-01,6.866600591991437463e-01,9.928139758011216287e-01,5.867174651877599123e-01,6.405704170410089215e-01,7.574741404312188564e-01,7.644403408649486087e-01,9.180914112892049062e-01,3.727671775442358282e-01,1.509126673353875792e-01,7.668957006501867513e-01,6.024174242884989816e-01,2.388852932584012989e-01,7.500232280627501247e-01,7.183873325769186691e-01,5.171977798299112750e-02,9.278519945740413277e-01,9.126867332921207998e-01,3.927976118977113407e-01,6.010549885083491528e-01,3.102765360790813443e-01,7.814404971643519326e-01,8.235654394677911494e-01,4.111856144062983609e-01,6.981022808266441615e-01,5.224220940422066306e-01,6.881197099839292397e-01,5.108971259676474697e-01,1.615446562743266812e-01,4.670260150247174669e-01,8.108510058497566675e-01,6.849228250902563708e-01,4.938705181794837418e-01,5.076636411680218730e-01,2.129884059958158660e-01,7.557962635078874225e-01,9.029066173627641190e-01,9.781323841589699697e-01,2.317105628220585689e-01,7.736676412716751994e-01
8.949266037180363398e-01,5.512777360294169871e-01,8.405915789042794906e-01,8.268875271579370079e-01,8.685265125395211783e-01,0.000000000000000000e+00,7.986404203197692286e-01,4.361084553407548192e-01,8.119302272866748549e-01,8.712738191261781839e-01,6.083777291320379144e-01,6.909428228034640851e-01,8.553271937392581403e-01,7.283204761365218438e-01,8.971205854655769363e-01,2.913090020301225547e-01,7.963944953865580434e-01,9.201240355191904197e-01,7.217018239866106466e-01,5.056942759588903824e-01,9.087486972320707457e-01,9.907411526186074013e-01,4.150154627332249824e-01,9.750480520631952253e-01,9.816074046107687856e-01,8.595771969770948928e-01,7.574309602374242889e-01,5.627112235326423573e-01,5.866019639388746487e-01,2.487178388523871575e-01,2.885788119528022166e-01,6.458473523525957161e-01,9.975218645635702819e-01,6.055106096146546379e-01,9.940254876230405490e-01,4.988912415828489766e-01,5.880913011592104889e-01,6.362369971724739504e-01,6.414316238465371800e-01,9.176533186182306290e-01,8.744068774693913859e-02,6.399649393910078476e-01,7.281289073920140797e-01,6.971844429404464583e-01,8.400284134450576312e-01,6.830432850144775303e-01,8.304535949282034757e-01,6.544762504857999375e-01,6.814949623455121008e-01,9.079917134608743723e-01,6.997785936628003745e-01,4.185449635224761655e-01,7.502872148158354904e-01,7.692423053750958584e-01,6.229662735106218374e-01,5.140564567801125806e-01,7.172030066122836445e-02,5.037514570150340987e-01,9.378901314448915283e-01,6.850847421390017233e-01,5.918868909019441293e-01,7.749721943501975963e-01,7.685043077390025790e-01,6.803054174259918208e-01,8.203574408465299506e-01,4.377138946957883081e-01,9.192310729836161709e-01,4.236921355811698597e-01,4.067050275134008186e-01,6.759448634609396267e-01,4.499561425226096811e-01,4.800558965624233121e-01,3.125258950166838745e-01,5.002955504211633597e-01,4.882695293666183822e-01,4.219229692801986231e-01,7.352264692058178841e-02,8.441199843840382355e-01,2.284040689486850073e-01,4.731379045123384475e-01,3.048712797363925531e-01,5.084941120122022928e-01,6.945543800572108184e-01,2.100565166664496997e-01,9.181166658951331883e-01
6.977515701757828204e-01,2.270143903102770921e-01,9.694140570071796414e-01,5.227291250018273328e-01,3.107675021105902879e-01,7.986404203197692286e-01,0.000000000000000000e+00,5.180130438489298772e-01,7.902742321314096818e-01,5.115201278150122155e-01,4.216089430339698962e-01,3.430090081692904747e-01,6.235402126125646483e-01,3.498301447274042575e-01,7.928762031013110168e-01,7.251524745282668105e-01,8.895751569581191731e-01,6.755491182339228295e-01,6.847136287016568623e-01,5.242590155639622607e-01,6.923237011704963528e-01,3.930390959670908568e-01,9.425728225776013325e-01,7.379150583402177555e-01,5.864942642722156263e-01,4.293935085565057097e-01,7.031697372026679549e-01,3.574894474310960635e-01,5.971501419183904424e-01,4.003118633256219083e-01,7.259144113295510348e-01,3.405757883741983294e-01,6.856492447671328483e-01,4.591292984734342553e-01,3.267065957159520639e-01,2.783103602946265798e-01,5.573098865570056404e-01,6.411531526792706437e-01,8.928710157313182183e-01,6.923250176974383718e-01,4.226669444872777626e-01,6.840862909391268731e-01,7.780232538765611272e-01,5.997167808385284182e-01,8.607477107680755468e-01,2.697022992053017543e-01,5.857184126634533694e-01,6.696121157228835941e-01,7.123958159067592666e-01,6.472117404426916965e-01,8.423806742916525314e-01,4.261712592121839061e-01,6.085067281680159867e-01,4.241845655611584665e-01,8.881427632842037179e-01,3.321199041892136106e-01,6.675879036536944700e-01,5.236219054858132216e-01,4.482589976747625715e-01,6.192023523836494014e-01,5.073034714411743806e-01,7.171397706024292829e-01,8.773571066929077844e-01,9.480564075011134184e-01,7.717306320010248744e-01,2.903333060822747558e-01,7.544891432920219909e-01,5.899130019873197739e-01,7.847939517505385654e-01,6.759010045388533783e-01,7.962180219130871039e-01,2.194321516947494444e-01,2.917877796697150306e-01,3.226416871818281740e-01,2.729760163045508170e-01,5.737009164497997027e-01,3.897086178120787170e-01,6.791281044020662794e-01,3.757031639172727644e-01,-6.375007775289248668e-02,6.160066444840655020e-01,8.187169852110854906e-01,2.751374128971617594e-01,-6.453624325689946706e-02,5.688957464454185153e-01
7.757531708632259271e-01,8.983316917894210718e-01,8.402279607031867270e-01,9.547452371138318572e-01,6.814070155526947836e-01,4.361084553407548192e-01,5.180130438489298772e-01,0.000000000000000000e+00,4.579672559122267006e-01,8.605984949020086816e-01,5.823443451103426094e-01,4.696924458564347704e-01,7.950188260357764491e-01,9.999584335774226451e-01,3.407660453245051624e-01,4.033417807660611420e-01,9.468901421826161346e-01,3.581560826655037499e-01,4.755478487418275946e-01,9.605174493147451420e-01,3.967667541405816567e-01,4.296889826979857774e-01,6.388804079366646738e-01,6.285989334142848550e-01,4.130699678695921584e-01,6.288397211914801277e-01,7.230332949187766589e-01,7.407080110635076986e-01,4.474662722398428660e-01,5.485284892097790355e-01,1.907331585266673901e-01,4.351580536425080914e-01,5.584812116223832890e-01,2.353556558815237398e-01,3.696447403774838492e-01,2.977046643395619974e-01,2.507935656653447754e-01,3.308461587105062662e-01,9.883443193977449193e-01,6.778784746936771244e-01,2.150387686893697956e-02,7.365262130208279912e-01,8.272353561890963825e-01,2.082296359612300640e-01,8.961084296525929638e-01,9.712410467994749830e-01,5.683096943314972505e-01,7.444770305258157084e-01,6.089180094861004200e-01,2.518197590590540713e-01,8.422632779637144740e-01,3.530578536416143498e-01,5.421562421820544930e-01,6.744397937468969983e-01,6.212291075942261154e-01,5.497067184392939732e-01,6.641479442823944312e-01,5.574712415359455164e-01,7.724656971293782926e-01,5.798700408242287718e-01,3.607950210899980026e-01,7.640645857687469178e-01,8.269134055768841973e-01,7.527892319601175997e-01,8.369789088831622870e-01,2.618662767519859824e-01,7.385245304919637599e-01,7.565207025989327816e-01,7.907891883127387000e-01,8.481342277383634443e-01,9.666555825831817383e-01,7.681224140363888120e-01,4.875612154724229819e-01,6.792244965865287254e-01,9.103747668791088987e-01,2.266995488587029983e-01,5.356110560009591515e-01,8.987741349568383331e-01,7.227359854982087217e-01,2.818441041073036502e-01,7.952786060750012265e-01,9.164906838724918847e-01,9.280215420383490788e-01,6.669638508794599741e-01,6.609875432015867025e-01
6.848841225037486380e-01,7.139786480772047916e-01,9.792758729022896791e-01,9.412127772439955464e-01,8.013655009680025199e-01,8.119302272866748549e-01,7.902742321314096818e-01,4.579672559122267006e-01,0.000000000000000000e+00,6.150591020644334828e-01,4.732328906530004486e-01,1.485635498074824347e-02,9.968969836586079047e-01,7.517516879248329342e-01,4.475661402002683031e-01,7.731650467799283666e-01,5.038502971098500760e-01,7.806577628187708617e-01,5.281988973562372625e-01,7.338800340238632591e-01,9.636696079388863412e-01,4.460336832121765682e-01,7.162678603672190114e-01,4.006390619760819005e-01,6.639239105862201340e-01,9.297721604024986597e-01,9.690900965926070310e-01,6.487125747957411814e-01,4.114601897559246879e-01,8.145335426397162237e-01,4.992513685986217364e-01,4.852141868810825875e-01,9.933527556517479651e-01,6.655302382978171005e-01,6.273433753819578351e-01,2.352745913524586230e-01,4.427519812337729066e-01,3.751608697850570273e-01,5.062570192073914122e-01,9.515674304128274308e-01,6.872532606708463554e-01,7.325382346341108297e-01,7.998433554674920787e-01,9.716619827452352975e-01,5.117396120916831714e-01,4.717391751757438190e-01,7.204608756682693294e-01,4.288919969198591864e-01,2.102374459639612669e-01,2.340163583535333214e-01,5.158585684677320371e-01,8.430452034982029996e-01,4.624531558688271260e-01,5.123139921142337849e-01,9.861778192054170278e-01,8.107349650466690871e-01,4.064628747987331647e-01,9.331585541823337326e-01,9.094693163306949435e-01,2.306660879817549192e-01,4.429660869555416269e-01,4.705642252257916658e-01,8.959097662996543532e-01,7.481684762640583575e-01,8.989686997240786681e-01,6.778703368578935518e-01,7.403248077927856441e-01,7.442233343958886138e-01,7.708044386849461915e-01,5.141112120156295928e-01,9.498604242993085034e-01,6.503461089260759165e-01,7.429616640013488871e-01,4.679723620740574019e-01,6.740654278630089369e-01,9.184800449460549243e-02,6.710352047924567076e-01,8.638056389439630056e-01,3.908537099977231755e-01,5.806876880381540706e-01,5.870042060372729908e-01,7.438683844408097157e-01,9.423631081658190300e-01,3.663665556274119384e-01,5.820989515198807807e-01
9.610901945040154493e-01,2.547901955256394735e-01,9.223860380300217265e-01,9.122964742038228714e-01,7.191322008940194133e-01,8.712738191261781839e-01,5.115201278150122155e-01,8.605984949020086816e-01,6.150591020644334828e-01,0.000000000000000000e+00,7.894746063810824666e-01,4.201802693643940101e-01,6.975987358144424277e-01,4.501235408852824471e-01,3.714241723158152042e-01,9.602381163878550563e-01,3.247028108302170146e-01,4.589385851140327377e-01,8.523436340585756055e-01,9.980996756789884961e-01,8.486711643084610124e-01,4.536926619041404818e-01,6.090925181036495051e-01,9.751111310494849915e-01,4.114820992046192560e-01,4.448754962768976529e-01,6.167395104170796394e-01,1.175159260476548034e-01,5.787664075637255490e-01,2.949646030226270588e-01,7.505965954340285684e-01,3.872277295157152133e-01,5.891828409362669383e-01,6.790376156652785378e-01,4.520508930650917190e-01,6.556901039648550533e-01,4.021673576939386457e-02,9.182767147994527202e-01,8.371811692590260812e-01,6.806595898307927772e-01,7.533526750804939720e-01,5.696994655060209078e-01,8.894223308430662112e-01,8.477697440486982039e-01,9.131758213146639047e-01,9.984970684161209586e-01,2.437770831165331220e-01,6.124075738168907046e-01,4.927449717931213780e-01,5.212365753673782187e-01,7.278472240948792304e-01,2.766702310989255231e-01,8.812833923536430580e-01,6.410103738642345395e-01,5.536380342709934510e-01,7.313951046197231243e-01,4.219153489320919270e-01,9.796046249276118001e-01,9.391118824937475518e-01,4.635160142178944565e-01,2.059669683293599007e-01,8.425212996478125271e-01,6.649110410031464635e-01,9.603309192036055819e-01,7.670494101512229657e-01,5.345499856560660401e-01,8.906102393367990588e-01,9.592018216819404586e-01,7.494026535579252357e-01,8.509568382823302635e-01,9.747617786226681069e-01,2.658526831102237531e-01,4.701923089892421914e-01,9.354074244162584595e-01,6.405046579221047587e-01,9.978592272483013392e-01,6.026614730880193171e-01,6.719642573849045064e-01,4.942678232611197320e-01,-1.542960825094442379e-01,2.570304620122733641e-01,8.363184854111755939e-01,7.803346430511108878e-01,1.975251122600376608e-01,6.068918553246037684e-01
7.021243964930469206e-01,6.601266919798964850e-01,8.132800867945761958e-01,9.703689110315175670e-01,8.232526739919481251e-01,6.083777291320379144e-01,4.216089430339698962e-01,5.823443451103426094e-01,4.732328906530004486e-01,7.894746063810824666e-01,0.000000000000000000e+00,9.443789887898826896e-01,6.731905066487853251e-01,7.618625219076581301e-01,3.352173989777658125e-01,6.537559672093011809e-01,7.710322960170676865e-01,6.129156908312947127e-01,9.454172733171516407e-01,8.687734238418052257e-01,6.943937203325831753e-01,1.964056568024759031e-01,6.993738694248248233e-01,7.549547937184190038e-01,7.163343805682438337e-01,8.108335009906451063e-01,6.670850277030641040e-01,9.340762644397146985e-01,9.502858309945119153e-01,6.499467603686965855e-01,4.017954870286271629e-01,9.879586261122901281e-01,7.563382666036781998e-01,9.055770127610691667e-01,8.312369328520532452e-01,1.124133468347193188e-01,2.884451755141921314e-01,5.845340319929765993e-01,7.768989772391025062e-01,8.757386610365416324e-01,5.813419695181317737e-01,6.384994341609316892e-01,8.643036822607986780e-01,9.022591181842540831e-01,7.809215203473155453e-01,7.089996801428097850e-01,6.305216817611554170e-01,8.674979360879182533e-01,4.639441663025501428e-01,4.013357343649132658e-01,8.537157286795515887e-01,6.330933005008110293e-01,4.264109218167617676e-01,6.004692127944110114e-01,7.406459368748676830e-01,5.330953904483082262e-01,5.893059821265606013e-01,4.475789117328065614e-01,6.480161768023520175e-01,3.387990550891950559e-01,5.296636971550547912e-01,7.658306947012286092e-02,7.741657253893479140e-01,7.939684866915479589e-01,7.598864642803462299e-01,5.920897854203266419e-02,7.071087564564004779e-01,8.094688499776785395e-01,2.089119593168204669e-01,9.656612582562489333e-01,7.251861270220162359e-01,5.491792140460400873e-01,2.787870641092564661e-01,2.683412775823820207e-01,7.708957663327542509e-01,8.926927070963283084e-01,8.252310103062231450e-01,6.841609941345081491e-01,6.659225040218524905e-01,3.479837982037462529e-01,7.541866354960138352e-01,8.103856252193369913e-01,8.055803908656402612e-01,2.676201232345278291e-01,8.024936331652723354e-01
4.313220595904345700e-01,4.343382352821709702e-01,9.496618565306794713e-01,7.640291164816758185e-01,3.813777368485588570e-01,6.909428228034640851e-01,3.430090081692904747e-01,4.696924458564347704e-01,1.485635498074824347e-02,4.201802693643940101e-01,9.443789887898826896e-01,0.000000000000000000e+00,3.472208569876106266e-01,7.757591657796056861e-01,6.361586058110594299e-01,9.312118602424519498e-01,6.352936454360128549e-01,3.214293790683608321e-01,4.699023708272781485e-01,2.940860604874661055e-01,7.279489400381647934e-01,6.942030018753453380e-01,9.213008143416614448e-01,7.782920854467452187e-01,8.574570764585454086e-01,3.338589893044217050e-01,4.545960708612047374e-01,6.189307538477333281e-01,6.112023095566536668e-01,8.482584393923103816e-01,4.715225811780694443e-01,6.902991594212207760e-01,9.548309308195543910e-01,7.128147140986442754e-01,7.412478063379066562e-01,4.449117236543743137e-01,2.438239626882907629e-01,4.841402913863628310e-01,6.446708522975462818e-01,6.401819476744227133e-01,-1.775177326909288533e-02,6.940954914217104532e-01,6.490770454317945637e-01,7.604436707821349284e-01,9.146076524548524267e-01,8.730840386427202171e-01,9.316622984379954175e-01,6.839797895250763204e-01,5.607481906236357894e-01,9.428369831226091069e-01,2.353309313289756732e-01,9.106427252484733392e-01,9.005394065048971664e-01,9.413209061762923824e-01,8.858650090003705735e-01,5.710168590523448939e-01,7.358884756990605736e-01,6.033442196825494763e-01,8.141311597955290802e-01,2.606590278749174733e-02,2.801821468972356954e-01,4.584389548218436028e-01,6.832882997937057556e-01,7.735749365077989603e-01,6.217224298533644555e-01,6.846253472419420172e-01,9.612665804590001528e-01,5.471884260479529249e-01,7.511038478376942384e-01,7.141250452405998317e-01,7.177590334343920686e-01,1.413971664968757258e-01,2.551437007998812456e-01,6.453006157396529163e-01,8.429716955523995914e-01,4.911206382151652727e-01,4.163398226867952023e-01,8.742521120557031900e-01,5.083040104794647185e-01,2.537982313254206757e-01,4.042308772289849306e-01,8.894839565511213353e-01,2.727314476315431668e-01,-1.694600198554191417e-03,6.669063039371345702e-01
6.071845941876941044e-01,4.592381494162069422e-01,2.793864204457222611e-01,8.137856439649938656e-01,7.313551906621805765e-01,8.553271937392581403e-01,6.235402126125646483e-01,7.950188260357764491e-01,9.968969836586079047e-01,6.975987358144424277e-01,6.731905066487853251e-01,3.472208569876106266e-01,0.000000000000000000e+00,8.326810405194783327e-01,9.397403946963787114e-01,5.899628142453416935e-02,9.517329608595176405e-01,8.869565597517466982e-01,9.961119665717121929e-01,6.322487910159494406e-01,9.063375291774968812e-01,8.285189167835792512e-01,8.940971904287520200e-01,4.365332387153302296e-01,7.299185222654605010e-01,9.864421072446953875e-01,6.952972533045483905e-01,8.471465638035179380e-01,7.482933594496875562e-01,5.371217246400702416e-01,6.369780875468561421e-01,4.400966592103898178e-01,4.152046161535112301e-01,7.122623990677561245e-01,6.803280038820177511e-01,2.386773894128998985e-01,3.168897432187351981e-01,6.632723127174173783e-01,8.838596654886464732e-01,8.900089431683805286e-01,8.963688787221159027e-01,6.842511652478422413e-01,9.044926862204610840e-01,7.541549072867017589e-01,9.143488768717985549e-01,4.122258595825630811e-01,8.238068983433619596e-01,8.599429748026210518e-01,2.945627398923134077e-01,6.197677629678991496e-01,4.776397424410385728e-01,9.901439678547152567e-01,2.123870692393329540e-01,7.051677034531501631e-01,7.684665227330047532e-01,3.885897968037765882e-01,9.824960893161952535e-01,8.609533846223174081e-01,7.983584193978418009e-01,3.362246390724306089e-01,1.407708085603984194e-01,6.733328089818516604e-01,8.991744956338117989e-01,4.786476702481312073e-01,7.465928295668822212e-01,8.825502130903882803e-01,4.112176691788132360e-02,8.850941052972324252e-01,6.539907692644388870e-01,9.662245916932072909e-01,8.091455981970396838e-01,8.601565683695303610e-01,5.963647210633873375e-01,2.698020248358938902e-02,6.297582583442649096e-01,9.903893546277939830e-01,7.065023624511362899e-01,9.967874049461000752e-01,8.484856839824160557e-02,2.152000754625365830e-01,4.997165547939339536e-01,8.449013217116678742e-01,2.114601178381674274e-01,6.100149546749813467e-01,5.852104113307894373e-01
7.008979859996806727e-01,7.636511039953322033e-01,9.951922486527726708e-01,7.220937697911676834e-01,7.662737334674616374e-01,7.283204761365218438e-01,3.498301447274042575e-01,9.999584335774226451e-01,7.517516879248329342e-01,4.501235408852824471e-01,7.618625219076581301e-01,7.757591657796056861e-01,8.326810405194783327e-01,0.000000000000000000e+00,2.201147699513265610e-01,5.466737820096023714e-01,6.026439624651604987e-01,7.616364566810078784e-01,4.347718988817007024e-01,9.469749126992837995e-01,4.088631381997903658e-01,6.779495339529966191e-01,3.657468433634695204e-01,7.115203148364793728e-01,6.368765056766282351e-01,9.472461226016133384e-01,7.432235300780720699e-01,3.224842593122132506e-01,1.215022585179619113e-01,1.642881896735149672e-01,7.488320975126457058e-02,5.210682845878253922e-01,2.685108642373790766e-01,9.939253844220448109e-01,7.690877981849199019e-01,3.318080655937480916e-01,1.259656020048296743e-01,9.763050493193949908e-01,9.297533235955536268e-01,5.782996732362316594e-01,4.057167278142088662e-01,4.698208121902890388e-01,4.102738801940393754e-01,7.095301505197967318e-01,9.211005024662217711e-01,5.969877756587523843e-01,9.943839447449913660e-01,5.140088463333571944e-01,7.397414962204773570e-01,8.795276963745775056e-01,3.769936206357034081e-01,6.863774761419632053e-01,7.963866501172631729e-01,7.184909447865953647e-01,9.816640472662050421e-01,3.721369144658726036e-01,3.994054443022622136e-01,8.378609016921167996e-01,6.571696490847008798e-01,5.106377791915277520e-01,6.021694879260541811e-01,6.666694937540231791e-01,6.050506557049737388e-01,9.995773689432989606e-01,9.817746349596994104e-01,6.615501506772752949e-01,8.136655222691318023e-01,9.918468625743190881e-01,4.618034862269924101e-01,8.869666049587141554e-01,6.766811717020407846e-01,8.817496102846718031e-01,3.751371076983651132e-01,3.349389698806872762e-01,8.749909883706917524e-02,9.310557300924007795e-02,7.913801999336269599e-01,8.094122830637309196e-01,5.559026935810924552e-01,3.688021973662770625e-01,8.228158597094641369e-01,8.157250864476666141e-01,7.427644433654929657e-01,4.027706844957406607e-01,9.894635730653773553e-01
7.839475889292780719e-01,7.548396691641720002e-01,7.274345474970220771e-01,5.078448043086175590e-01,6.221742164103679640e-01,8.971205854655769363e-01,7.928762031013110168e-01,3.407660453245051624e-01,4.475661402002683031e-01,3.714241723158152042e-01,3.352173989777658125e-01,6.361586058110594299e-01,9.397403946963787114e-01,2.201147699513265610e-01,0.000000000000000000e+00,5.748654643609324433e-01,7.323106998063214634e-01,5.427628048927666260e-01,7.996103629848011485e-01,9.461733334749797830e-01,8.875207384958971879e-01,4.662360008838342118e-01,3.138564523237171722e-01,9.509293158122864575e-01,7.987433473037821585e-01,6.922032729977722898e-01,7.072011799252628794e-01,6.486813019305474048e-01,7.657027705911477744e-01,4.532067907396192807e-01,5.931816407679054715e-01,8.010685665936954081e-01,5.188785446484306396e-01,6.661285223389341592e-01,8.253782795268976846e-01,-1.041047221945642504e-01,6.831424546451704272e-01,5.746428906857511398e-01,9.854625272558761306e-01,8.349018218936294922e-01,5.318531907064583120e-01,6.706855838605617626e-01,9.194785810738579368e-01,4.311549622342145671e-01,8.163999825344296912e-01,5.782433960980257748e-01,4.342561133974946475e-01,8.801355373230260737e-01,9.961556864357814511e-01,-1.211024724629611721e-01,5.641069353652949925e-01,6.236301904871422996e-01,9.159201008939762412e-01,7.521865567656897955e-01,9.827596928207869009e-01,8.243687611699855866e-01,7.385038927799504327e-01,6.948924061807995045e-01,7.331796653573354750e-01,5.621262172024148462e-01,4.221365089057220743e-01,6.012386124682563837e-01,6.274468762779443765e-01,3.386507368746429769e-01,9.278513083625594682e-01,8.575239318034615366e-01,7.833553590725997884e-01,8.729968487104535768e-01,3.084756451417187129e-01,5.817297887733999806e-01,8.475722508253902276e-01,6.451799166712363087e-01,2.209683941902096660e-01,5.062135238194946929e-01,3.420917242637210309e-01,6.303833438403763090e-01,8.531321443240015290e-01,4.069284933750443312e-01,7.544880786773244807e-01,3.668955887923566195e-01,3.800381508797590069e-01,9.247458733075037962e-01,9.313379194868185440e-01,2.128634632928603360e-02,9.615196577503478670e-01
9.910220510490783674e-01,4.240216742207507106e-01,9.317459324869966641e-01,4.224083312745079977e-01,-1.061806060838169780e-01,2.913090020301225547e-01,7.251524745282668105e-01,4.033417807660611420e-01,7.731650467799283666e-01,9.602381163878550563e-01,6.537559672093011809e-01,9.312118602424519498e-01,5.899628142453416935e-02,5.466737820096023714e-01,5.748654643609324433e-01,0.000000000000000000e+00,4.174368988217677656e-01,9.258076666669950994e-02,6.473990043477054757e-01,6.974817268675426174e-01,8.610412169133998539e-01,6.877409179033252551e-01,8.776393889770186529e-01,9.835228248750048641e-01,2.975594041760578068e-01,2.972641809627687981e-01,8.995043346419057118e-01,8.264199437795576308e-01,5.312451739774206594e-01,6.913663413210995312e-01,2.269779578970846923e-01,2.085539896209681054e-01,9.470412898551071601e-01,7.792325122019553296e-01,6.347801883114506660e-01,2.886510164586627569e-01,2.613600136402984830e-01,8.436432015409082164e-01,9.982510887401035982e-01,6.868056583025292650e-01,4.817264969825740262e-01,2.249177374071104629e-01,9.919109079467846035e-01,9.272598430971741301e-01,2.544466232348399637e-01,9.233242053124948168e-01,8.660969974835972529e-01,4.780173502826500775e-01,1.840320575136644154e-01,5.808751553317966776e-01,4.472054795912206449e-01,8.102976318561280200e-01,6.002518989031646601e-01,7.563217149346872503e-01,9.582945855914314359e-01,7.706798631262519461e-02,9.982961640595138242e-01,4.723486538577211791e-01,4.382802190773822382e-01,5.619704773417173449e-01,1.873708917124198292e-01,4.302429165900948371e-01,6.782561206790516106e-01,7.547529114473733314e-01,9.719714545974589281e-01,3.508965059328566366e-02,2.599684141118019376e-01,9.818695848712732932e-01,4.421126961629142094e-01,1.584462249044233662e-01,5.777106853314204482e-01,6.560315455657672601e-01,7.201612356804143987e-03,7.781349141528809410e-01,6.322403372418321510e-01,8.644821274409864031e-01,8.242560623001308207e-01,6.424268455707071723e-01,4.485562747510798975e-01,3.152024832330111437e-01,7.581258606836914771e-01,8.122199623126560297e-01,9.203203425762169765e-01,3.437506288052154524e-01,2.833898662866205509e-01
9.414997199432013630e-01,6.193918003039025066e-01,9.107478844397467466e-01,7.361770428636147390e-01,6.787818351347707502e-01,7.963944953865580434e-01,8.895751569581191731e-01,9.468901421826161346e-01,5.038502971098500760e-01,3.247028108302170146e-01,7.710322960170676865e-01,6.352936454360128549e-01,9.517329608595176405e-01,6.026439624651604987e-01,7.323106998063214634e-01,4.174368988217677656e-01,0.000000000000000000e+00,9.769669052419630573e-01,7.579802394136505583e-01,5.252613722434124055e-01,6.101449529995770504e-01,3.662581770098753409e-01,8.933844118305729332e-01,9.041926750191005002e-01,6.519539657896078477e-01,7.683992121410585519e-01,5.624893999847416781e-01,9.655392060102615526e-01,8.942063848480765742e-01,4.713591548236835682e-01,5.599566566909721654e-01,8.087418060312344670e-01,7.110789148934477666e-01,6.699346512188921743e-01,9.767965734405914535e-01,8.782578514782308776e-01,3.623235592347608947e-01,7.860852259376716056e-01,8.363090175296851170e-01,8.561628940194175863e-01,3.099774981759109704e-01,6.475653233877151083e-01,8.356652454369881688e-01,7.637899728043665570e-01,7.633837042531862460e-01,6.050571276335122706e-01,8.443528898295150631e-01,6.897085982114703473e-01,8.352209289061698350e-01,7.712231789442629548e-01,8.822102664929707405e-01,7.538924204964712050e-01,8.433764520172601920e-01,6.215021978105831346e-01,5.606209496048188967e-01,9.117331086364499626e-01,8.643035079204615112e-01,5.416919151012679068e-01,8.954922884066052191e-01,5.536254994294413923e-01,6.490343063314707450e-01,1.797439611128979209e-01,8.982085128387862216e-01,9.976440453946365805e-01,6.216420920526581906e-01,9.192695688101757412e-01,2.917061049775523940e-01,9.398212606303938399e-01,6.653227134807322418e-01,7.303699635322258299e-01,8.122729745939915036e-01,9.475947776143843759e-01,2.450870911611286451e-01,7.416914519346520240e-01,7.239701335924711989e-01,8.872242373793541859e-01,9.270599586290476646e-01,7.671939684989360630e-01,6.090189297605328456e-01,4.482200013218323731e-01,8.320447929678778110e-01,2.683941398341271878e-01,6.217085601884739798e-01,9.373694031718133868e-01,1.968088924877975376e-01
8.346081380161196606e-01,9.462201066583940667e-01,9.324639068197448921e-01,9.316356278285712333e-01,7.242981235293661779e-01,9.201240355191904197e-01,6.755491182339228295e-01,3.581560826655037499e-01,7.806577628187708617e-01,4.589385851140327377e-01,6.129156908312947127e-01,3.214293790683608321e-01,8.869565597517466982e-01,7.616364566810078784e-01,5.427628048927666260e-01,9.258076666669950994e-02,9.769669052419630573e-01,0.000000000000000000e+00,6.564657793261958751e-01,9.833885383289127091e-01,6.401837638039092893e-01,5.738850195721166836e-01,9.574895873595455909e-01,7.528796948542157974e-01,6.796710840986545099e-01,8.317675206991654857e-01,8.248706789966844255e-01,4.942052899318432613e-01,3.013115975735488061e-01,6.690374542635910693e-01,4.680060563127457773e-01,6.642020845753604519e-03,5.171001535722666853e-01,6.366720346013882148e-01,4.727905574990731163e-01,4.558807560392673652e-01,1.203536127930198429e-01,7.271262016611677037e-01,8.351746125933002807e-01,8.657350732464229592e-01,5.045725721582519085e-01,7.536410355290752427e-01,6.685722167375811598e-01,6.765586690489198141e-01,8.452573031062866615e-01,6.731190253629334430e-01,3.810120636627243873e-01,7.030733342075163872e-01,6.267582660242060344e-01,8.521171019140760805e-01,5.046695973781085698e-01,6.114426530635694856e-01,-2.624224289290690848e-01,-3.382973433347761238e-01,8.127368854886188876e-01,7.123432714340456329e-01,1.173269628123481123e-01,4.242540615793953807e-01,3.773280550477949857e-01,5.194621226117488444e-01,2.009482942716992460e-01,7.515221028948441129e-01,4.785356960121833758e-01,8.327706744746307121e-01,9.724481963879396673e-01,6.492408707319772265e-01,6.533535708333559899e-01,8.042906798827871295e-01,5.304187479839720387e-01,8.094182620455818711e-01,6.688536550149134507e-01,4.031003466423774828e-01,5.909398843848928662e-01,4.718540633492900316e-01,6.573331557515516010e-01,9.799100979909214360e-01,9.723816997781498106e-01,1.552862839495851022e-01,2.415590516341632465e-01,2.660366317322191559e-02,7.321994392395875240e-01,7.427843158910257815e-01,9.722911819644418641e-01,3.366998374135549144e-01,5.256415463702968083e-01
