0.000000000000000000e+00,6.624941784766458230e-01,6.911368729806229849e-01,9.648596135607595548e-01,8.656977127053833154e-01,8.652300688083860436e-01,5.788908193450637008e-01,7.728915522980979169e-01,9.278380722195804786e-01,9.614354400988096572e-01,6.060791646119156884e-01,8.262007729583152882e-01,9.465008966952804803e-01,5.043511199184823601e-01,6.049399236638201005e-01,8.072853313029427769e-01,8.027194493134290898e-01,9.975106751155865537e-01,6.515532962018472096e-01,8.449573021036169695e-01,6.973707952845316083e-01,2.765880986677211884e-02,9.422800871722465388e-01,9.028964524726467156e-01,8.480607082673187191e-01,8.365826477981309628e-01,8.745698502430627741e-01,8.730122525931122146e-01,6.947448627235639496e-01,3.043315077632372523e-01,2.710580685024715497e-01,7.384827667369449067e-01,5.260672334453675436e-02,9.824574300309618646e-01,9.353342765150355342e-01,4.627497447660376961e-01,1.240617486447496004e-01,6.661406673351500940e-01,7.423643787996093701e-01,8.276760238633920075e-01,4.366587247399288940e-01,7.487034257511727686e-01,7.312973401190009382e-01,8.628705379649942442e-01,8.342449575965840136e-01,8.764793697944984752e-01,2.445633025053004783e-01,8.467428275970190210e-01,9.256715252080920386e-01,7.157150738609219243e-01,6.472422243211831683e-01,6.010473849707678173e-01,8.338048438258820472e-01,7.083258081908830883e-01,6.267255407752281293e-01,6.962859045940462677e-01,4.355554485238457563e-01,8.028753907084587027e-01,7.697185515468827344e-01,5.912057792490421626e-01,5.621156565204591393e-01,9.182132399496764075e-01,7.730967750499440072e-01,7.236339819095430892e-01,6.715950819039762099e-01,7.993392875703297928e-01,7.072076764484765965e-01,4.465917152252856237e-01,8.688296835201428925e-01,8.107831863979302334e-01,9.165048261545762909e-01,7.044464572071967856e-01,8.587972645415510239e-03,4.596390361453661089e-01,4.086858298155957581e-01,8.377726512181287166e-01,4.277576381941289863e-01,7.022742997007940247e-01,3.562541400118339752e-01,8.788555112272387893e-02,8.036814935773749502e-01,5.426801448284621632e-01,9.356333337327091826e-01,4.292983226452208312e-01,8.972779428776768151e-01
6.624941784766458230e-01,0.000000000000000000e+00,6.684815757170415873e-01,9.966235045936415737e-01,9.553135574100942717e-01,8.072291070582890971e-01,2.124050133123654011e-02,7.924021129901402949e-01,8.534637827737333593e-01,7.102351120708582100e-01,7.539669869058002183e-01,8.765900394115812011e-01,6.545441731657906104e-01,9.534595487454031737e-01,6.436252389990883005e-01,7.458011938116616141e-03,9.888689341379057751e-01,9.329504025883389451e-01,5.003047542619742938e-01,7.385862128491310630e-01,7.917456578485058127e-01,8.628888733384615373e-01,6.659185467169271844e-01,8.931809699143976600e-01,6.005514643601130853e-01,2.244917363209356920e-01,7.149670524256201976e-01,8.068563639217678496e-01,7.753190937274792027e-01,5.698795652768189335e-01,5.202905935616225497e-01,5.741970679115726561e-01,1.657571193663441300e-01,9.037982467311588275e-01,8.290583136758405969e-01,5.512535594226214419e-01,3.924305632736767580e-01,5.794845923318099334e-01,9.600380996096170572e-01,9.485742202317589689e-01,4.525345070312062346e-01,-1.018282579141039923e-01,9.925571722607045011e-01,8.586593912231622605e-01,7.148106233242208507e-01,4.978011965376338832e-01,8.678364506406954781e-01,6.397625044066578281e-01,9.796734859243874105e-01,8.793750490997519487e-01,7.735667659758445058e-01,9.040794819563513496e-01,7.327953430607607732e-01,2.435087570678733451e-02,8.654159402983596650e-01,3.152346417445258675e-01,4.936544918063717202e-01,8.016856639430731679e-01,8.087326038445302734e-01,6.958658035477016668e-01,6.811784202358954765e-01,5.013605055597849525e-01,6.324670292700756979e-01,8.251283153761402867e-01,6.702997556290555270e-01,6.158824697459156505e-01,6.960180691346063986e-01,7.570349747303954935e-01,5.156925259455059640e-01,5.541882165207393518e-01,6.331709345079133966e-01,6.520907184844388915e-01,3.671255309374219511e-01,9.810535423263321286e-01,6.622682964494146507e-01,5.730303542162543673e-01,7.424894053167729879e-01,8.599730211425089532e-01,2.249395538560612917e-01,5.295559574208427156e-01,3.827080550623929156e-01,7.484614054956535423e-01,8.982817500120960919e-01,2.795318410327957137e-01,9.429479514446253985e-01
6.911368729806229849e-01,6.684815757170415873e-01,0.000000000000000000e+00,9.539855853129378671e-01,5.839942794245663871e-01,5.667342963526321720e-01,8.333684257309080801e-01,7.678667599890420803e-01,9.326907450231338714e-01,8.864609964468809222e-01,9.390278767318740449e-01,6.473214119661929722e-01,8.032311331927800557e-01,9.900882167477971230e-01,5.955094418959739899e-01,6.018732972420515193e-01,6.464004220545925827e-01,8.765106796321534555e-01,6.442352219558463711e-01,1.139045375114288439e-01,9.240251441913366337e-01,7.793091308843645981e-01,9.894542070751729534e-01,6.391674059934790986e-01,6.734976790136352198e-01,8.383644366208364840e-01,8.535017134804917527e-01,7.148103510599292942e-01,9.537333923614260689e-01,4.159675120794559811e-01,9.070106243542258584e-02,5.875799373858431318e-01,7.656852690770032943e-01,6.457659978882199781e-01,6.477621472591323926e-01,3.269700491175588919e-01,5.163629914261662623e-01,8.275392992039722895e-01,7.519158547893360911e-01,8.648449242335378706e-01,4.246433710535759132e-01,4.491260904926163700e-01,5.104911105563135765e-01,8.759439728987722384e-01,7.094907016915409370e-01,7.665525306283602625e-01,7.671654549557379577e-01,1.779093737818062682e-01,6.841452511174976880e-01,6.728739667894599874e-01,8.172089431697477924e-01,9.667743499775514060e-01,6.302543910235964830e-01,9.293839709938026550e-01,5.554244278744423502e-01,7.468503345114879677e-01,4.454087149636597465e-01,8.034644965475356004e-01,9.128174960031479879e-01,4.102779552281651809e-01,5.273577998718363968e-01,8.544225891225155634e-01,8.732904950563288304e-01,8.673457862233778792e-01,9.261313466599006006e-01,7.076579084724464730e-01,5.979019546683832509e-01,8.756850744150171950e-01,6.469421952547711463e-01,6.026489531721018755e-01,5.778759059882384586e-01,7.780204820729157422e-01,3.098342134952393745e-01,4.949917033140958100e-01,8.218123985722626257e-01,9.290893385099714408e-01,9.696027325859986057e-01,7.734671759296061211e-01,3.262173539891951579e-01,4.450720202940536274e-01,6.932619099150082453e-01,6.499300013088178396e-01,1.026129113398854950e-03,7.068406094022009478e-01,6.626491430041674402e-01
9.648596135607595548e-01,9.966235045936415737e-01,9.539855853129378671e-01,0.000000000000000000e+00,7.996006136118356533e-01,7.482358551927926760e-01,5.799416145389123534e-01,3.030080668553513101e-01,9.272326921967983804e-01,7.418894288352078092e-01,4.758655795343694761e-01,9.470123621851385121e-01,8.375427683053068284e-01,4.624043174358920538e-01,9.119496078207042222e-01,5.479230657031586293e-01,9.945620035123383662e-01,7.198732879266971363e-01,4.712764175683811230e-01,8.889831490836934691e-01,9.682126773502379713e-01,6.431514272131569898e-01,7.339646970073238075e-01,7.152424609501349950e-01,6.887646336076354014e-01,5.211140491395708230e-01,9.930133672365506481e-01,7.253184422652410035e-01,5.702678394384564919e-01,2.671978293177655339e-01,7.309611830617862571e-01,7.865391486776087682e-01,9.432318779806554421e-01,6.665445414938930835e-01,5.765766452537907094e-01,4.296709035795823195e-01,3.692765189414655147e-01,7.011913330913536191e-01,8.748045016875168889e-01,9.292611693792242056e-01,4.943744740259757853e-01,9.430219511367864405e-01,8.316032376580616559e-01,7.604236692055156288e-01,9.093097666763951814e-01,8.370165346763881464e-01,8.049848332708924303e-01,2.449870598145473255e-01,7.526749010124442751e-01,9.403147504089109932e-01,9.917160367202361160e-01,9.532770973324495856e-01,6.557990960015050996e-01,6.897613357976509763e-01,8.039290583306450966e-01,8.245421710940313842e-01,8.685397162281637273e-01,7.913706959720276934e-01,8.275309313897256658e-01,1.928600674256054914e-01,6.993642871310861153e-01,7.337343297106913020e-01,4.345116456000045480e-01,9.675645552181609821e-01,8.206385934337174781e-01,7.291795982500213213e-01,7.019830302832866797e-01,9.900572704489281062e-01,8.574583168262188693e-01,8.062531186057176891e-01,8.464114178218624662e-01,7.883537312753927662e-01,3.266693877463647810e-01,9.380567173155782701e-01,6.949347399540034553e-01,8.182775586068724571e-01,9.860687433626763587e-01,6.452092125880297679e-01,5.370541243097610717e-01,2.855799160000582204e-01,4.084137849029820244e-01,9.196659239381501649e-01,7.504230030680107966e-01,7.981297412556699333e-01,9.649538258187602136e-01
8.656977127053833154e-01,9.553135574100942717e-01,5.839942794245663871e-01,7.996006136118356533e-01,0.000000000000000000e+00,4.055652614212296170e-01,7.056171914090695330e-01,7.807937232718720200e-01,6.557274246397976070e-01,9.963977621521697969e-01,4.292191877791245447e-01,9.312977589799111833e-01,7.705915498959731158e-01,5.730026538929812174e-01,6.569219500132981171e-01,5.684762780236047863e-01,6.370989536268540920e-01,8.614323941093339210e-01,4.312485744733923765e-01,7.505328830758095648e-01,9.029728528955166533e-01,4.413890288222117042e-01,7.393582949086248135e-01,7.580765756053302606e-01,7.198007249471535252e-01,6.910850168210543876e-01,6.800035093239245043e-01,8.062197328522807682e-01,5.559073304614450262e-01,3.358018902700158903e-01,3.274583505123324634e-01,5.263672783447412851e-01,7.140471743469054555e-01,9.770271516880375540e-01,6.283967481399902466e-01,7.977873901205621010e-01,3.477983872898970930e-01,8.464506979555974642e-02,8.615802366974103510e-01,4.397640778188908750e-01,2.098557380946536877e-01,5.331026696579346247e-01,7.676133073651127958e-01,5.213722377880077863e-01,5.484059060756208970e-01,6.760122923175100329e-01,9.326555303275518849e-01,7.190092881857296225e-01,9.797110813473189905e-01,7.933539985283711848e-01,4.808029106103353656e-01,9.775268638827209200e-01,1.846371165535169723e-01,9.210037503988840468e-01,5.274239300356327043e-01,8.166796463474982337e-01,7.484323096858016555e-01,1.703652934492380089e-01,1.283045184156801077e-01,3.186658181557364689e-01,5.037085181757132712e-01,8.740197123490418551e-01,8.075188521442469014e-01,5.935735467556096934e-01,8.322613609922653310e-01,4.436878632064801820e-01,6.379102789923525307e-01,7.429764078279365025e-01,8.925039597545268988e-01,7.941231681725693381e-01,6.639945637417441482e-01,7.520315240702352133e-01,4.346376673089982767e-01,4.718320980134784737e-01,1.771622003421552405e-01,8.965737489875852395e-01,9.721801753328426221e-01,4.396835273373088104e-01,4.729886056879534229e-01,1.009560399022983584e-01,9.655224438182561375e-01,8.083551630604093319e-01,8.912730558230294031e-01,3.120825283046195775e-01,5.410484463280902379e-01
8.652300688083860436e-01,8.072291070582890971e-01,5.667342963526321720e-01,7.482358551927926760e-01,4.055652614212296170e-01,0.000000000000000000e+00,3.746690047334439999e-01,9.372479188461156907e-01,5.153941272579555255e-01,2.697932682083015732e-01,1.074333317884634681e-01,7.608362608439043218e-01,9.783514573096558919e-01,6.170837758515224092e-01,4.460324898106939329e-01,2.538016071057140957e-02,8.243844423324864223e-01,1.474855986780715111e-01,4.446459690063189196e-01,9.174603291635804458e-01,5.023049613846769512e-01,9.927803320334596116e-01,9.321980168381754916e-01,6.006912885019120019e-01,2.158519360290077904e-01,4.692171042568054062e-01,8.459986524864654411e-01,6.630968809270916253e-01,8.546252340625861699e-01,7.984570223914990716e-01,2.251038405071654758e-01,6.600354203911051876e-01,7.668262185602305880e-01,6.331244223967581464e-01,7.592063437668521431e-01,4.576630595043615357e-01,1.953098274572560578e-01,7.473366010938130577e-01,4.063448792023661160e-01,4.780721396834973769e-01,6.112884294988440992e-01,7.459140678243116884e-01,6.231615890552979486e-01,6.724476601435308565e-01,6.719983620537824942e-01,6.849524632551925452e-01,8.050434104902014498e-01,9.348283282079133949e-01,4.992626716435303313e-01,2.766607272386065741e-01,9.131104042286286582e-01,6.937230878925260136e-01,8.119683485633873987e-01,7.947686549056726113e-01,6.551504883287296854e-01,7.556063343011240052e-01,3.874357340112255521e-01,8.217442657657808569e-01,1.220381692858908407e-01,6.826124092864397364e-01,5.632276833772596053e-02,2.050881037869106138e-01,6.056313753153339530e-01,6.088132704865570899e-01,9.248054253700308536e-01,9.571825829342046621e-01,9.499020770811945624e-01,2.565291619829718761e-01,4.032256384944740146e-01,5.499615343810793089e-01,8.263810168737030226e-01,5.471369627152151693e-01,6.047838290561101671e-01,5.494425109015024233e-01,7.119198383639187000e-01,3.164454341808459192e-01,5.908331218216235081e-01,5.415084108923540196e-01,6.349966275031673213e-01,7.720774668117650341e-01,9.569122348666063704e-01,7.516096227812100183e-01,6.451690386291709656e-01,3.564094903845882456e-02,6.542289080446069827e-01
5.788908193450637008e-01,2.124050133123654011e-02,8.333684257309080801e-01,5.799416145389123534e-01,7.056171914090695330e-01,3.746690047334439999e-01,0.000000000000000000e+00,7.928751180925759368e-01,8.563867249713242868e-01,6.508936591884891820e-01,6.713579064862678081e-01,7.850169110674085626e-01,6.178574033265535892e-01,7.054819741405646827e-01,3.941079675249680170e-01,5.788089101625151223e-01,8.607783686564776104e-01,3.445618959631227551e-01,4.758674596282301827e-01,7.201417290538076887e-01,7.299890591676567730e-01,6.117759897113200784e-01,5.447189885468691761e-01,9.532721913319865958e-01,2.672302673917362759e-01,4.034163860907913346e-01,7.396900144436925340e-01,3.450318005852549552e-01,4.410718544271177710e-01,6.924445288733596104e-01,6.441754919214200958e-01,-2.300987193930564834e-02,5.367199408497068669e-01,4.624085269104322160e-01,4.515480447668013819e-01,2.378427134953531030e-01,7.860575751489218277e-01,7.120763212406578946e-01,4.397448526858327433e-01,7.684307062626749563e-01,5.915155733060062371e-01,1.351403151989836460e-01,8.830228326297921981e-01,5.114109716347060575e-01,9.757442865618679573e-01,7.628652480579267703e-01,9.592694809048003535e-01,7.290717530854885498e-01,4.860737541261421768e-01,1.238185034971638204e-01,7.420036194381832151e-02,6.179948507129915392e-01,5.682998633437243985e-01,7.256916181612667049e-01,9.644504966554721115e-01,5.158902922422571313e-01,4.878407664957783441e-01,3.821286400793334481e-01,9.731711621503271736e-01,6.445401706605143888e-01,1.059319701962033317e-01,7.315968253284654832e-01,7.116269578601378543e-01,8.265965560565339265e-01,8.015616442874753389e-01,6.877269471686243696e-01,7.011129436236060997e-01,8.280404462448472946e-01,6.154675451042913581e-01,6.051922362313976178e-01,6.007819218412872031e-01,4.701481279628796361e-01,7.341053213343831096e-01,5.386871468849082634e-01,4.826893702947659959e-01,3.062268702881824067e-01,7.084490367958605761e-01,7.273625961844849552e-01,4.317311322299457466e-01,4.724270299921463634e-01,4.367662534319151635e-01,6.912714277542163499e-01,6.088695666943158002e-01,-9.948764675146237746e-02,5.345503714858855782e-01
7.728915522980979169e-01,7.924021129901402949e-01,7.678667599890420803e-01,3.030080668553513101e-01,7.807937232718720200e-01,9.372479188461156907e-01,7.928751180925759368e-01,0.000000000000000000e+00,3.066686388599725310e-01,7.474297874028160704e-01,5.262366492392589468e-01,4.451450850177078866e-01,7.170329356020705980e-01,4.765858158457460525e-01,7.970124087797851864e-01,5.612486766779856140e-01,8.643546291839547813e-01,5.964253826688816762e-01,2.849648663688058581e-01,7.013456878794858129e-01,7.659558240549388941e-01,6.363654426504095074e-01,4.297995413943472842e-01,8.235268325510894938e-01,2.466706786422523112e-01,4.736225821033518413e-01,5.529930472277575504e-01,5.531306873063701612e-01,6.017746050040614358e-01,1.861660528295077943e-01,9.562397247095517916e-02,7.270443415246931051e-01,5.811102852554721476e-01,7.351787651004939583e-01,6.782288832435161563e-01,5.151169625287514986e-01,8.686262430169784388e-01,6.210310200287841864e-01,9.795685246838898852e-01,6.767265166004591270e-01,3.032928316523659795e-01,4.594712660148264627e-01,7.936627426073773472e-01,6.547764500755967054e-01,9.166499608022962153e-01,8.371898948145950481e-01,3.558204162704465823e-01,-1.198522960963592093e-01,4.036382653757517036e-01,2.859685196753662950e-01,5.021238518054679245e-01,3.719056107135471079e-01,6.825027273911369319e-01,3.542846390978358073e-01,2.854458681952939392e-01,6.167843663584903213e-01,5.609782224915694782e-01,6.596151644111202250e-01,6.827983843100248196e-01,9.248318208130850149e-01,2.535749990412248800e-01,4.107119110205813550e-01,9.706794784792686093e-01,9.483548496989397947e-01,8.615014245324807973e-01,3.755973648593478043e-01,8.323723511752565418e-01,8.540641015478719345e-01,-2.552406019557826866e-01,6.926810557768987575e-01,7.241206385204337348e-01,6.504983201222958034e-01,9.181769770591340363e-01,2.298828745985032618e-01,4.160062749714651953e-01,5.675526087095141836e-01,4.199930510890219626e-01,2.408806361127813767e-01,4.418020189989308455e-01,5.208774440814993856e-01,6.527604822826477138e-01,3.312947573835069992e-01,6.817706060597845674e-01,7.595273593527225309e-01,3.793850765538493430e-01
9.278380722195804786e-01,8.534637827737333593e-01,9.326907450231338714e-01,9.272326921967983804e-01,6.557274246397976070e-01,5.153941272579555255e-01,8.563867249713242868e-01,3.066686388599725310e-01,0.000000000000000000e+00,7.719288273611778495e-01,4.535249739181162476e-01,6.341652322504938155e-01,7.368195976622977650e-01,9.848207614560138268e-01,8.823007586563924587e-01,7.712053339008823061e-01,9.838983582102854841e-01,7.947426025213486511e-01,7.640357076326003138e-01,8.177102057686230774e-01,8.913251579307436279e-01,7.846080930840172440e-01,6.969148911442231142e-01,7.165788897156510906e-01,9.410672632117802472e-01,6.352433042286018683e-01,6.485752561725903753e-01,7.440910652450876128e-01,2.483149578808606373e-01,2.440081648626677979e-01,3.645440756344300315e-01,6.948534920495245126e-01,6.218628045513800995e-01,7.667227702929875210e-01,3.952574946629469066e-01,4.254829869499035522e-01,2.706055055947083621e-01,6.901876548246398402e-01,9.416847741961297258e-01,9.086926351739615937e-01,2.521447628826708476e-01,9.924813844996934753e-01,4.373522153448471395e-01,9.523536331239015329e-01,2.547066194780684967e-01,9.186332490573637655e-01,7.586575216072033445e-01,8.056885912201562361e-01,6.225985702261538357e-01,7.806389962204693944e-01,6.971137121791773916e-01,2.090736845379683184e-01,7.934494320552594182e-01,4.415271104643330169e-01,5.715555119397296435e-01,9.678550723786398802e-01,9.679763120781057495e-01,4.709053928224627983e-01,9.687602633795038276e-01,7.686540085686122126e-01,2.720477591921699467e-01,3.207876297098494756e-01,5.739876857890013895e-01,5.224264795483580803e-01,8.992948355653092030e-01,3.476707031221327737e-01,7.660446580827874330e-01,5.827174304490948531e-01,5.558582478229117108e-01,7.212857030689783233e-01,4.691653870596468878e-01,6.071077072663596530e-01,7.591432025836356567e-01,3.420800516518500700e-01,4.354483838605410773e-01,3.622130849567904987e-01,9.601317419237780371e-01,1.725726961898589318e-01,5.055984849695612793e-01,3.429779893767246346e-01,9.631477205633528493e-01,9.026003840940297618e-01,9.563964156564104258e-01,7.341116977948975997e-01,9.788547673870843235e-01
9.614354400988096572e-01,7.102351120708582100e-01,8.864609964468809222e-01,7.418894288352078092e-01,9.963977621521697969e-01,2.697932682083015732e-01,6.508936591884891820e-01,7.474297874028160704e-01,7.719288273611778495e-01,0.000000000000000000e+00,8.310264067802369814e-01,8.248797012191473599e-02,6.777196089094920106e-01,2.144004167062966704e-01,7.816791563996967618e-01,7.594589186486080390e-01,5.926102483056396864e-01,3.723848850068376404e-01,8.955847507696873544e-01,4.946733294229932465e-01,8.052751813845097084e-01,5.840206865215913368e-01,7.747558766523356955e-01,-1.374197602844825505e-01,9.491994257568659998e-01,7.675457875788124218e-01,7.155868577483676107e-01,8.613958691366476739e-01,5.883816438294915407e-01,7.196687779768965454e-01,5.289251652402815473e-02,5.804303472793016505e-01,6.004999911304922389e-01,7.006485036397099853e-01,4.970733472614213277e-01,3.022535310250845653e-01,4.007948351525970621e-01,7.429988491630202807e-01,8.340634145696287360e-01,6.637183900543226489e-01,4.582603797388948297e-01,4.047664034202740346e-01,6.404011445450122908e-01,7.686974947507296818e-01,9.703640734524461298e-01,8.565450108464931489e-01,6.440949597452161335e-01,8.970251943743915435e-01,4.914808919859409153e-01,2.568628573554863070e-01,4.193791135325351527e-01,9.964963746144133161e-01,8.010767602422089739e-01,8.052307513164111974e-01,8.703478227620803365e-01,7.295417359056448614e-01,9.583931411972610448e-01,4.609029055806331265e-01,5.403417218099174635e-01,4.630066882545232909e-01,2.502984608360425689e-01,9.920122321460158599e-01,6.016043429524238206e-01,9.026395427030535767e-01,9.104274851626292797e-01,9.483184825361387071e-01,5.265310496654654893e-01,8.839267942536460643e-01,7.977824515972782304e-01,6.333023129996369072e-01,6.722120012486724194e-01,2.118393169532506448e-01,2.578652300108095208e-01,2.323219151832669679e-02,9.365856239755021573e-01,7.720091758065441567e-01,4.029759064740557339e-01,9.754695415466277941e-01,5.360539676345498217e-01,4.375827933157889205e-01,6.635166677661131773e-01,7.239677052727593320e-01,6.574142126910308415e-01,4.121670530211813954e-01,7.748031582448308141e-01
6.060791646119156884e-01,7.539669869058002183e-01,9.390278767318740449e-01,4.758655795343694761e-01,4.292191877791245447e-01,1.074333317884634681e-01,6.713579064862678081e-01,5.262366492392589468e-01,4.535249739181162476e-01,8.310264067802369814e-01,0.000000000000000000e+00,8.622371401927504397e-01,9.180666186786348160e-01,6.137719908413895586e-01,7.714901533923045340e-01,8.243940385601561394e-01,1.495255216394298092e-01,7.573305691158309649e-01,7.386407566653038215e-01,9.941347413431878000e-01,7.840116824649879801e-01,9.801007633577990541e-01,9.349337642892971978e-01,8.719584529913187998e-01,9.940273413634216348e-01,8.897023799962250346e-01,8.091413141306922352e-01,6.169803517302362428e-01,6.457407217042363534e-01,7.837584722335908527e-01,6.233582050175109357e-01,4.133144156817226689e-01,7.320337419229916431e-01,7.683973288089500642e-01,4.003917862402545658e-01,4.921955442954504267e-01,5.436747127618046793e-01,7.765964073652533717e-01,9.098894599914995052e-01,9.361818053968586906e-01,4.227942280169814104e-01,9.812111318388847536e-01,2.826841669509907451e-01,9.365043884010348929e-01,7.877919575329966895e-01,9.670078180514436461e-01,9.624423354301936406e-01,9.203194797371618829e-01,6.106259442524454295e-01,5.080132523893589047e-01,7.946637761363239960e-01,8.266741955290695110e-01,8.276347795906355831e-01,8.777489827081885743e-01,8.591180963856631658e-01,8.318427040240558012e-01,4.529047330980955910e-01,3.939733333068056731e-01,6.054613049011637882e-01,5.487944354342016995e-01,5.039829636664537871e-01,6.441292569856523764e-01,5.282641360811238807e-01,9.463461746046185619e-01,9.705583434882565363e-01,5.932184733547645195e-01,7.075976888679120780e-01,7.129250358279148880e-01,8.923194676404474501e-01,7.734257055193383135e-01,9.660724060482669406e-01,2.096033082387293023e-01,8.064471191730318012e-01,7.763162104176383194e-01,7.104553537210649417e-01,6.345267477989062765e-01,5.790124581404845205e-01,6.880165686113653978e-01,7.403385983420196492e-01,4.841024934587411788e-01,5.716026026008368399e-01,6.224757018549332832e-01,6.440057705103274799e-01,5.025998811979247582e-01,6.743153778340870153e-01
8.262007729583152882e-01,8.765900394115812011e-01,6.473214119661929722e-01,9.470123621851385121e-01,9.312977589799111833e-01,7.608362608439043218e-01,7.850169110674085626e-01,4.451450850177078866e-01,6.341652322504938155e-01,8.248797012191473599e-02,8.622371401927504397e-01,0.000000000000000000e+00,8.917211476716709884e-01,6.164995478386033900e-01,9.482892519027361633e-01,4.659406082826718642e-01,9.830259311715182635e-01,9.529488690931804395e-01,6.954918052200165235e-01,9.841469559081007512e-01,5.341575144558796673e-01,5.877862547207050037e-01,9.629493520353928915e-01,5.994384723100303347e-01,2.066532412611092329e-01,7.594536918479006804e-01,7.226658229464943961e-01,4.804414896301850701e-01,5.999430680561177454e-01,9.403222615795467920e-01,4.023924171370717451e-01,7.674710745396260414e-01,2.270883681775626717e-01,7.753820024639180852e-01,5.649679681636032846e-01,2.101751329536875601e-01,5.602530656299706813e-01,9.272760367478415366e-01,9.382328814067173450e-01,7.648823022485681244e-01,5.878944336252067693e-01,9.327395500980496523e-01,6.657842351712500717e-01,6.966361133126018901e-01,6.284172211733236590e-01,6.810113727403990236e-01,8.579307632618822232e-01,7.442201920903985801e-01,7.310462196100910859e-01,5.601308030944258665e-01,6.927527918956648545e-01,7.730663365181972280e-01,6.603671476339716406e-01,5.046015732382114205e-01,2.030579023333501376e-01,6.324035200135984525e-01,6.604737954237620556e-01,8.434777497589089901e-01,8.026439167766462601e-01,3.366812819808855384e-01,4.846081963493314299e-02,5.266243972789800276e-01,4.734240756965583663e-01,6.051268958537008302e-01,9.722209740471129402e-01,9.601266499509995000e-01,7.747946152350806415e-01,9.695030025301661913e-01,5.427043972084193424e-01,4.059371855615888092e-01,8.625797555965706298e-01,9.803181516747890845e-01,7.207461052792436540e-01,6.809959218591192798e-01,7.485252469701422218e-01,8.688872242142958724e-01,4.634663366243924054e-01,6.574956101747047033e-01,6.258761246532034139e-01,3.096386517768290499e-03,4.253237565197355297e-01,9.341546567429395154e-01,6.013992531406673336e-01,8.632962906436253414e-01,6.572085137027472435e-02
9.465008966952804803e-01,6.545441731657906104e-01,8.032311331927800557e-01,8.375427683053068284e-01,7.705915498959731158e-01,9.783514573096558919e-01,6.178574033265535892e-01,7.170329356020705980e-01,7.368195976622977650e-01,6.777196089094920106e-01,9.180666186786348160e-01,8.917211476716709884e-01,0.000000000000000000e+00,3.137041532942079769e-01,9.026005407037375194e-01,-2.463673352157054186e-01,6.252347053335348681e-01,9.989202748782526342e-01,9.785247729251810300e-01,2.961955948491167834e-01,7.257312370294873860e-01,8.048775248634926216e-01,9.847701067729834890e-01,6.277110707023721980e-01,7.331876865433745172e-01,7.856388732108832151e-01,9.969731103521923821e-01,9.968713250782174073e-01,2.610891823000238698e-01,7.722626408940644893e-01,7.274594242555845192e-01,8.029060795803464323e-01,6.678112959938976578e-01,6.797753577744968245e-01,9.266048440750564996e-01,3.794529661662893738e-01,3.897367492479855144e-01,8.972815746737887732e-01,8.563350401940318379e-01,4.547110261412715682e-01,4.819449169067794858e-01,3.603411262915641178e-01,4.108685819152713692e-01,8.214479554039609832e-01,9.860209672568759354e-01,4.084237280765953271e-01,9.564108527761490119e-01,7.136367429875982715e-01,5.932573819119502101e-01,9.662498491358806341e-01,6.984622924277265055e-01,5.810523519518735469e-01,8.470132103417531422e-01,8.111570346143622823e-01,9.306559859241074761e-01,9.019109520634389643e-01,9.548262245185483721e-01,5.342429272042450439e-01,6.408520952919811720e-01,5.684587749318062988e-01,4.153342684181832722e-01,7.612415185447037880e-01,9.411219372342666256e-01,9.431391206531011262e-01,9.895518696650598134e-01,9.346782380974184568e-01,8.753572716901112383e-01,8.793481553534219231e-01,2.645425208048837740e-01,8.434102168276261802e-01,6.861355957954163864e-01,9.170840687803367697e-01,6.817001758084337837e-01,6.347122971805223557e-01,7.493550104577424431e-01,8.734164865172867609e-01,4.280015061951916722e-01,9.941239195149955687e-01,5.182788147766428377e-01,1.332310864559587971e-01,6.978533200841467998e-01,4.908969140237010587e-01,8.526081528868370008e-01,8.668635935426940997e-02,8.254940566291362192e-01
5.043511199184823601e-01,9.534595487454031737e-01,9.900882167477971230e-01,4.624043174358920538e-01,5.730026538929812174e-01,6.170837758515224092e-01,7.054819741405646827e-01,4.765858158457460525e-01,9.848207614560138268e-01,2.144004167062966704e-01,6.137719908413895586e-01,6.164995478386033900e-01,3.137041532942079769e-01,0.000000000000000000e+00,8.771053708404781268e-01,4.793451726768827581e-01,6.013351444229395604e-01,6.347920530072197476e-01,2.386544986962315651e-01,8.202995487313392564e-01,8.945677094753388126e-01,9.798662137673587180e-01,7.523015538151566206e-01,6.059776972950773333e-01,8.026198077859509894e-01,6.976225552855652712e-01,4.248135295355946472e-01,5.990187040158343468e-01,7.413784553235918118e-01,2.590773795923769773e-01,3.843289383571994455e-01,4.482278293486161025e-01,9.155958064454343681e-01,5.866525219002770575e-01,4.110712589452125698e-01,5.339535803859665197e-01,3.420939510082666724e-01,9.051793284666643791e-01,8.711659502372558483e-01,8.162464076384101652e-01,4.528619265340532163e-01,2.365830803453705111e-01,9.034212287234040240e-01,8.947696331098353717e-01,1.451641399414002886e-01,4.621132278891862954e-01,1.671777081185306102e-01,2.977947343713651107e-01,4.422807892391097395e-01,8.578467395458343470e-01,9.863972052836954552e-01,9.505512219905318805e-01,9.293012438947896303e-01,7.243708657385241612e-01,4.851442434472528209e-01,9.233941758788084542e-01,8.035273933394221357e-02,7.146516091909087542e-01,8.824813676600536949e-01,2.821672956477587757e-01,5.229907746869989493e-01,4.058541857260707930e-01,7.803297367278536623e-01,9.826888276577844250e-01,9.535180128062399341e-01,4.033846567317393994e-01,4.825844946979028771e-01,8.112572041538042011e-01,6.644751773966136588e-01,8.358976622537280798e-01,1.502861972908709209e-01,4.869336247622580993e-01,7.829110565941632682e-01,6.330834764111836765e-01,7.328049224853705468e-01,7.790126301770256001e-01,6.135704711561486002e-01,9.261418182407937794e-01,4.483775061080680358e-01,5.526032243337858363e-01,5.676135788038438879e-01,8.273230686017292168e-01,7.332433492283180199e-01,3.715134170745629238e-01,5.115037565053349722e-01
6.049399236638201005e-01,6.436252389990883005e-01,5.955094418959739899e-01,9.119496078207042222e-01,6.569219500132981171e-01,4.460324898106939329e-01,3.941079675249680170e-01,7.970124087797851864e-01,8.823007586563924587e-01,7.816791563996967618e-01,7.714901533923045340e-01,9.482892519027361633e-01,9.026005407037375194e-01,8.771053708404781268e-01,0.000000000000000000e+00,2.373057400597629596e-01,8.800124349761073717e-01,6.070612526294835165e-01,7.044324627499035651e-01,4.774205601465598692e-01,9.576706383949504797e-01,2.229647058033225326e-01,6.137447969586681262e-01,5.497444612200246272e-01,4.999775913375943404e-01,3.236782859474744978e-01,9.906344968680800278e-01,6.806473525624360255e-01,1.402458528901590895e-01,5.124957843067086127e-01,-1.826201559603477242e-01,8.158968323714267390e-01,3.921081232567747987e-01,6.763179399028009797e-01,5.701557645304845545e-01,5.219358735962912332e-01,4.593424755099655837e-02,7.578293042821092618e-01,9.258787042889373708e-01,7.254081287328500993e-01,4.402439972722847067e-02,9.985631665008360969e-01,5.726965961277976636e-01,6.022271287492720893e-01,6.928619166018595843e-01,6.954777236414427799e-01,3.461129652290019232e-01,7.676986319970491301e-01,7.433863735036115861e-01,6.094167311496246908e-01,7.763066585645133078e-01,9.620932676798905625e-01,8.783625364725384799e-01,4.612100627182401658e-01,4.888623392065687412e-01,6.040298935408798808e-01,6.836041497804242750e-01,3.413894222085192554e-01,9.539649241031664673e-01,7.983853890504462036e-01,8.417032992342812214e-01,8.197981752989419446e-01,9.076810838791657954e-01,9.671152544286660824e-01,8.468273547186364603e-01,9.173204635756376790e-01,5.231669993516054884e-01,8.415081436289767458e-01,5.487757749934579765e-01,7.743049168503235435e-01,8.405648147767701417e-01,9.217336880990874004e-01,3.396084349881837161e-01,2.188574102020721668e-01,7.597379054500025264e-01,2.371147586821935604e-01,5.446017752683366409e-01,-1.307331568443220182e-01,1.578693827921597570e-01,1.335252519116460757e-01,7.285143193959338070e-01,5.179489540495203492e-01,8.126985750375493867e-01,3.482857561354567033e-01,6.890296744503860982e-01
8.072853313029427769e-01,7.458011938116616141e-03,6.018732972420515193e-01,5.479230657031586293e-01,5.684762780236047863e-01,2.538016071057140957e-02,5.788089101625151223e-01,5.612486766779856140e-01,7.712053339008823061e-01,7.594589186486080390e-01,8.243940385601561394e-01,4.659406082826718642e-01,-2.463673352157054186e-01,4.793451726768827581e-01,2.373057400597629596e-01,0.000000000000000000e+00,9.325127927710680220e-01,9.353180146161591546e-01,7.925005487106264734e-01,6.831307904867141012e-01,7.577184027064927108e-01,2.879694096433585426e-01,6.618567142254891955e-01,8.528382081636374235e-01,9.424814539273626002e-01,7.244627043309131986e-01,8.312205955661264856e-01,9.538003566497061936e-01,4.859796585468420527e-01,5.354053474004683011e-01,6.608178704601148645e-01,9.746137139734090127e-01,7.094073714178893431e-01,-6.298523518605383953e-02,6.299075281354139522e-01,1.789585103839904101e-01,7.183725940904687191e-01,3.064814087305196555e-01,9.736050780823755080e-01,7.513480030740007365e-01,7.364794277523568633e-01,8.654555984051216511e-01,9.348777228696405484e-01,5.156638188755685581e-01,6.861749406797549300e-01,7.370184264117736195e-01,6.164079146510449414e-01,4.504054625395522149e-01,9.351361483349767134e-01,3.996875180649102077e-01,6.857844685318286171e-01,2.308864805342931981e-02,4.304217723249803562e-01,8.038611880732688952e-01,9.694921852463722622e-01,8.989451967939873223e-01,-8.731228486712096226e-02,8.887423332484484240e-01,8.807167539783564703e-01,3.068027680624496600e-01,5.319696710506435222e-01,7.434466154143667405e-01,5.491915874294227562e-01,9.252809282113932943e-01,8.038662431123763108e-01,4.474066351928242535e-01,8.170634313034289553e-01,6.784382579161625237e-01,8.846736807423121185e-01,9.406362298859283211e-01,7.826760730424434653e-01,9.442068287036047280e-01,2.630150403222716871e-01,9.095433490106783481e-01,2.250921747102537229e-01,6.186409029073610677e-01,6.731717314668763663e-01,2.556072398884334795e-01,3.629819268037305369e-01,1.103832583462092815e-01,8.643580561916859306e-01,6.879885101985452334e-01,4.065358995182047908e-01,3.484793274563370291e-01,7.733649153409757337e-01
8.027194493134290898e-01,9.888689341379057751e-01,6.464004220545925827e-01,9.945620035123383662e-01,6.370989536268540920e-01,8.243844423324864223e-01,8.607783686564776104e-01,8.643546291839547813e-01,9.838983582102854841e-01,5.926102483056396864e-01,1.495255216394298092e-01,9.830259311715182635e-01,6.252347053335348681e-01,6.013351444229395604e-01,8.800124349761073717e-01,9.325127927710680220e-01,0.000000000000000000e+00,-1.626604212473382050e-01,8.647005323901579832e-01,9.813859984288626492e-01,3.223789404105357748e-01,8.152879676579379842e-01,6.107163737301090078e-01,4.966988939006508619e-01,7.106357303650783219e-01,6.126149663123654499e-01,9.991155321088558416e-01,9.248287786224601570e-01,5.042188945952736923e-01,5.743884629860225299e-01,8.193565071226334151e-01,6.406308323743593602e-01,5.926069707115813046e-01,6.353093550004124124e-01,6.047150656081489162e-01,-3.055319249550605409e-01,5.189423134512198832e-01,6.954494471825201085e-01,9.340200282981104829e-01,8.663978558064471258e-01,9.986309206190674415e-01,2.899571808074024037e-01,9.519196483235806694e-01,9.662413665215426883e-01,8.741472281272906208e-01,4.046719908735958438e-01,7.404367758896843732e-01,9.374861582562630247e-01,6.204961723319883937e-01,5.709132946144088727e-01,6.482186867492677473e-01,5.950306454010759194e-02,8.489854140449757391e-01,6.906333759774900827e-01,8.334468872847560217e-01,8.218897305016166221e-01,6.414098617490260335e-01,7.744889964407042360e-01,6.005369893008020155e-01,5.313091147392658975e-01,5.361661595437015038e-01,2.317460289394943918e-01,7.900040134415745596e-01,6.506290759023087844e-01,8.273720001088771259e-01,8.901989623969187582e-01,8.095113110515458343e-01,6.053984561020699928e-01,6.052128781880553587e-01,8.607851713216227996e-01,9.822006328892172178e-01,6.286643568892327227e-01,7.545048698240133245e-01,5.982997961425718936e-01,7.504122990453270248e-01,9.678319147207399276e-01,8.189444864146911973e-01,9.168625221486269572e-01,6.802753427274457199e-01,2.169436349379164075e-01,4.698014556649935392e-01,4.712624164476848510e-01,5.411902858065202881e-01,4.884103282006846403e-01,6.108626818138462866e-01
9.975106751155865537e-01,9.329504025883389451e-01,8.765106796321534555e-01,7.198732879266971363e-01,8.614323941093339210e-01,1.474855986780715111e-01,3.445618959631227551e-01,5.964253826688816762e-01,7.947426025213486511e-01,3.723848850068376404e-01,7.573305691158309649e-01,9.529488690931804395e-01,9.989202748782526342e-01,6.347920530072197476e-01,6.070612526294835165e-01,9.353180146161591546e-01,-1.626604212473382050e-01,0.000000000000000000e+00,3.891132034401523221e-01,8.225025922359934238e-01,7.261689795959779259e-01,7.754439863849610370e-01,6.686975121618499163e-01,8.918053649525656823e-01,7.106683270724710733e-01,6.740347837752300730e-01,6.639360049906171124e-01,6.211723042957343344e-01,5.133675115008425882e-01,5.256007178200911012e-01,5.873412859334822267e-01,6.542000251275343903e-01,9.343277350334315834e-01,6.672364835580183451e-01,7.338439249168482448e-01,2.304278682476139095e-01,5.443280454370684751e-01,7.054211509730821117e-01,7.550254972259300423e-01,7.792054600143883958e-01,5.455021233636700995e-01,6.427002676910879009e-01,9.638653050459273786e-01,6.953776616277266287e-01,7.354190388469963313e-01,8.310338820887958056e-01,8.473539899387128038e-01,4.215148716927571426e-01,6.216535572764115836e-01,4.163260925504470022e-01,2.897787080484927058e-01,8.266661949475397897e-01,6.307729374396160438e-01,6.186345657218803584e-01,3.468744067201798842e-01,8.535009910770025021e-01,7.730950601266393107e-01,9.131612379743661023e-01,6.331683078951776400e-01,4.506814636840933419e-01,8.208830507647595365e-01,3.042365444189917278e-01,6.756509622585447072e-01,8.688228727766537096e-01,7.916941846087709456e-01,2.255890185573647400e-01,8.088341113007556649e-01,2.732697128675261600e-01,3.385689485849828761e-01,9.842026671369789037e-01,6.590454126283870062e-01,9.585160762697469972e-01,-5.886862151696337087e-02,6.164091423465166697e-01,6.315252233082914168e-01,5.030707791834708731e-01,8.641329868164990824e-01,7.927682616010334193e-01,4.599708785829599855e-01,2.350927679226106348e-01,4.238797184411784991e-01,5.715608290341873676e-01,7.964511090309434049e-01,7.948352625972554542e-01,6.091428685035589208e-01
