0.000000000000000000e+00,9.725507080333021248e-01,9.303937397568493584e-01,6.062342260249445336e-02,7.316067593378512424e-01,6.352022063419607845e-01,8.203361528336263753e-01,8.230768576626452671e-01,2.628564411679182311e-01,9.138982679744859228e-01,9.425534639334516296e-01,9.777414309145752158e-01,9.187671019406804529e-01,9.386757297265617694e-01,7.588108788270304661e-01,3.869761282658676915e-01,4.685047668251419717e-01,7.245036090892902347e-01,6.234500159815085096e-01,2.076303247434187482e-01,5.572077396442837172e-01,7.914901973111720945e-01,6.746219848210958103e-01,8.392586075470200857e-01,7.569876314821429863e-01,6.025758702582921789e-01,9.496304960486879887e-01,7.737581669009570007e-01,8.036493521621409508e-01,4.089447995741131714e-01,5.737104913948972706e-01,6.689021668840159363e-01,8.162118818264287867e-01,5.235823317713479419e-01,8.991637913090909651e-01,3.266666204230036508e-01,2.125319098819566377e-01,8.889935911641929644e-01,5.355091692397264680e-01,7.693533066548111643e-01,4.651861051472567787e-01,6.382988692064224256e-01,9.030756553163997724e-01,9.358982724352756799e-01,9.851217202788703498e-01,9.988198241430614743e-01,9.427919599592973210e-01,8.032605047693780476e-01,7.425078720907893892e-01,6.063491285282964771e-01,9.190568084998911313e-01,7.580760581884663507e-01,8.501225030522133741e-01,8.515676651585976087e-01,9.675888307158326818e-01,6.167868208450072443e-01,9.684306232954802418e-01,4.726403857254778407e-01,9.948374565896853650e-01,5.457534426519868864e-01,4.710909457605901851e-01,4.875531596267464463e-01,8.732950076289761610e-01,9.299647488269178197e-01,9.747218964271837649e-01,8.967082679942198764e-01,7.056218838822216899e-01,7.542664502618976474e-01,9.218511018425956660e-01,7.583249941075711487e-01,6.109694747633468426e-01,6.404978463637882591e-01,4.880775983339694091e-01,7.650753539113548385e-01,-2.344097168679415422e-02,8.209690307330199666e-01,2.815813428092455231e-02,8.461404337282123489e-01,6.710522779357933620e-01,2.466017959983202723e-01,4.222661224913061839e-01,8.181271964031804345e-01,7.273793114198141563e-01,7.567423384063315384e-01,8.193105899856689689e-01
9.725507080333021248e-01,0.000000000000000000e+00,9.362835513530212150e-01,6.039571164317542040e-01,8.576354849651347534e-01,6.932183947062029450e-01,3.130621552214489789e-01,7.486862993875371686e-01,6.403137556325675384e-01,8.885186379866845119e-01,9.862911741237869734e-01,3.285532032932593216e-01,4.631377925360270487e-01,5.525129729534079548e-01,6.488156557804498625e-01,6.720338193492599865e-01,8.926602396037944809e-01,8.366983084699644024e-01,4.015120288215693889e-01,5.123508940634898812e-01,8.857390194854862786e-01,6.661423335958875924e-01,9.907909611133514094e-01,7.043518909773196501e-01,7.189078769701380267e-01,7.589982532975920737e-01,2.940257434256896008e-01,7.696387139478170214e-01,4.863983567160602428e-01,3.755477624381014512e-01,7.252720235580024655e-01,4.150204541938684599e-01,6.836340756088293835e-01,6.705392745894103168e-01,8.517023890670163411e-01,5.470060088718879943e-01,2.514096310552903502e-01,3.609563809396082457e-01,8.608702762797877384e-01,7.681429098777711184e-01,7.948519054282949803e-01,4.173770472233051532e-01,6.368521298975311495e-01,5.636759602462115826e-01,8.370062810511726958e-01,8.266111709329301283e-01,7.188039352964991080e-01,9.343072465423537531e-01,9.631024024408083584e-01,4.871673676437243139e-01,8.844021893256587274e-01,5.160840205913816980e-01,8.805393256726223861e-01,6.776505076158532148e-01,5.732733277563591967e-01,8.288669521347745706e-01,6.565302052683222866e-01,9.607695540898015807e-01,7.295854849077484383e-01,3.548978350461405862e-01,5.637854573740971320e-01,6.390415429749511933e-01,7.154488528161001559e-01,9.872194840331430798e-01,4.163974723934344979e-01,4.000446364207017047e-01,9.599563085414111185e-01,5.839358140170799460e-01,4.522329655448981134e-01,4.203664590518588762e-01,3.680016527551280281e-01,9.251370219903806147e-01,5.778755356786060560e-01,3.055948519527384444e-01,4.407216166713123773e-01,2.240231657650764152e-01,7.234764985802757398e-01,5.863312717966581156e-01,3.864951106035803274e-01,4.258832546117010676e-01,7.185539129132340053e-01,6.213704219334437173e-01,5.881683897240888026e-01,5.070629164890411156e-01,4.803763154582681438e-01
9.303937397568493584e-01,9.362835513530212150e-01,0.000000000000000000e+00,4.265893650628685974e-01,8.165057466139549192e-01,4.517547173169243480e-01,8.809656537282348765e-01,8.566849595219824254e-01,8.146371183858198695e-01,7.170804184601657916e-01,6.249584573629445305e-01,9.891396508562028123e-01,6.575765047888472159e-01,6.320766461914547607e-01,7.715112495082909749e-01,8.294718499936686307e-01,7.628864911555691686e-01,9.349246002668641919e-01,9.760173648807316527e-01,9.409157310801959939e-01,3.253952572979353364e-01,6.972958620019623077e-02,9.449369790464419161e-01,8.423298330822451829e-01,8.383733202656514782e-01,8.980098594510873555e-01,7.272328688987551581e-01,9.833409377539251706e-01,6.463971045899884471e-01,9.861176973687596492e-02,6.212517012024695306e-01,2.005987813618625160e-01,8.015609129821565926e-01,9.770760667148067347e-01,9.368614645109283323e-01,8.706681603950842119e-01,3.809277703853974906e-01,9.950011493096619919e-01,8.879565475097844773e-01,8.622090273710734110e-01,4.306246071460930191e-01,6.008537774412194832e-01,8.404920936945652343e-01,9.201889297618994767e-01,8.316020704429323285e-01,4.173884475723864673e-01,9.924872648180679269e-01,5.105546369369827753e-01,8.435093299642779652e-01,8.352890506542240967e-01,8.613722041381871586e-01,7.505569325641012757e-01,4.169983489497824380e-01,6.329692260941355286e-01,9.530654704229672980e-01,8.548755931069990099e-01,6.126500197759433552e-01,4.667360824825135812e-01,7.003075728372438746e-01,4.784683265635064631e-01,3.521116092732926028e-01,8.128918752614784360e-01,9.054712405497971073e-01,3.306936338644443918e-01,9.887665474624682815e-01,5.420990462826368317e-01,9.672552363916280260e-01,8.861097004480950057e-01,8.930382555710287829e-01,9.233823108176799632e-01,7.194331340131268071e-01,8.387103974090185377e-01,7.172356987874765055e-01,5.826299052011446600e-01,7.307213767201872212e-01,7.789258880562354159e-01,8.532239029543363662e-01,6.513369723470489037e-01,5.574315275376415801e-01,5.005079699885698341e-01,9.282680847330274654e-01,8.515329669234351639e-01,-2.232483355909659073e-02,8.805201740560518742e-01,4.167431026016243933e-01
6.062342260249445336e-02,6.039571164317542040e-01,4.265893650628685974e-01,0.000000000000000000e+00,6.224804504326248988e-01,8.794403684636019625e-01,5.527350183476708034e-01,3.351840011438300682e-01,1.039292044129143215e-02,4.646871143326896658e-01,7.038051094405197716e-01,6.896101516200626724e-01,5.885378802352896344e-01,8.615493383191594745e-01,9.078258907238594411e-01,8.834393009291555687e-01,9.904771335480488936e-01,5.160703602303795545e-01,8.631583795428185990e-01,8.966671591644322925e-01,9.442833077582746260e-01,8.736338546313117126e-01,6.080508936524647856e-01,7.522137591582932492e-01,7.983591484974816854e-01,7.101654422485712548e-01,8.469553036515778954e-01,4.346358467263461978e-01,4.892880782947008345e-01,1.688657018359006334e-01,2.939367149122100176e-01,6.594954183634618161e-01,6.685837657590032457e-01,6.275504035587941010e-01,6.989715350659032600e-01,6.763495602348185143e-01,1.266614471450917649e-02,7.127338247471390886e-01,6.468878120068041193e-01,9.186579536703380899e-01,4.775232307560960399e-01,6.169676451025405406e-01,4.117200336063426835e-01,9.677215890210519866e-01,6.491402521183662344e-01,9.319998506322700882e-01,9.431071770734891224e-01,3.337632572889075444e-01,5.683345792733589530e-01,4.241103979930203605e-01,9.834639201277990406e-01,6.643804474217982481e-01,9.320925222437981272e-01,6.408385509921016299e-01,7.522076617838102663e-01,7.955165291703119035e-01,-1.688334644097516379e-01,6.738507563403565159e-01,9.228520071974206651e-01,7.170689708226494208e-01,5.730565840417355394e-01,4.605895476453631399e-01,6.032561030199111718e-01,5.214623968567942969e-01,4.013240053245137884e-01,5.243110849070024004e-01,7.138813178347193089e-01,4.881490072164211824e-01,4.465353819077371722e-01,6.637804894133680911e-01,6.103131873532643414e-01,6.443688762221554400e-01,3.808344888890365931e-01,8.466989625379771622e-01,5.888019128935505497e-01,8.808770241754890762e-01,7.640881762453524129e-01,6.752006457008989937e-01,1.779499856960860826e-01,6.218819070355106060e-01,5.233835663812910211e-01,9.082119020900937256e-01,8.396472906427446814e-01,6.236290871977532291e-01,9.324760121122031009e-01
7.316067593378512424e-01,8.576354849651347534e-01,8.165057466139549192e-01,6.224804504326248988e-01,0.000000000000000000e+00,6.700333937834371811e-01,7.307411594249781928e-01,7.362044186052387751e-01,7.283863813200408543e-01,9.437367279746670112e-01,6.561332058802604728e-01,6.672664656226546809e-01,7.186041536664350415e-01,3.695836503603933121e-01,6.226626260823311387e-01,2.753496420275383105e-01,9.744324095364526039e-01,6.294605838132766307e-01,4.204239744266741186e-01,9.859704876938842899e-01,5.299978963518511277e-01,6.900465188705326991e-01,7.070628605919955234e-01,9.783562672143115702e-01,5.343846193548349444e-01,7.419058244907218436e-01,3.436714266490731307e-01,9.015396333058962597e-01,5.837805222568779318e-01,5.178580050395971135e-01,4.674071338841049861e-01,7.344785038110661635e-01,2.958117632313848056e-01,7.203879283882039797e-01,6.513629988534105353e-01,5.843174462909908051e-01,2.494270248909289667e-01,7.932265823705683117e-01,6.143480854960485793e-01,3.853712979290334628e-01,5.179033187272842342e-01,4.644331574672973528e-01,8.624762095524659555e-01,9.720853145833672215e-01,8.012011255868944914e-01,7.616400551409442388e-01,4.031094996671675812e-01,7.891837109516575133e-01,4.310636042793796752e-01,6.098342474758035037e-01,6.884717213215023612e-01,7.406756557298459498e-01,9.226455469386243280e-01,6.821510216635801038e-01,7.606745188800441149e-01,6.949945892443112339e-01,6.241459623145484414e-01,8.385559129816820834e-01,7.885937474030717542e-01,5.838601559072896796e-01,2.662152676912929450e-01,9.190400891415920759e-01,6.745154125126344713e-01,7.909490029383191567e-01,6.764268598102646246e-01,6.413756195014597150e-01,6.471707073086194750e-01,5.694445004719795866e-01,3.049628194958542426e-01,9.889997510053205598e-01,8.159692047595175080e-01,6.452037983052688608e-01,4.534751366162909636e-01,6.063731055891115052e-01,7.482199654871889427e-01,4.815614232228544456e-01,6.661403107611679753e-01,3.616229781231131701e-01,3.721260122196353715e-01,2.224361108763923678e-01,4.015922380132055380e-01,6.952314267267984960e-01,6.874571859454767786e-01,5.765859639679902227e-01,2.104840050110420302e-01
6.352022063419607845e-01,6.932183947062029450e-01,4.517547173169243480e-01,8.794403684636019625e-01,6.700333937834371811e-01,0.000000000000000000e+00,7.492799761243952306e-01,6.378768406508098510e-01,9.045149389670815721e-01,8.031334132133928147e-03,8.973294851457302990e-01,9.682338639885155196e-01,9.581186958335531356e-01,5.015915663258092572e-01,4.087265114721946313e-01,7.317432760263322677e-01,5.715174597392214118e-01,4.015693539077899166e-01,8.115800437127734801e-01,8.233834000664359554e-01,8.752939473770916523e-01,7.786733414978107559e-01,7.136426878695655285e-01,8.294657737597935787e-01,9.625594925851077566e-01,6.250211257686514310e-01,6.429602954518935931e-01,6.334029478522409384e-01,6.504966989460782001e-01,4.850931629858048488e-01,4.874211203698030070e-01,6.405773798128705510e-01,7.126042613844247864e-01,6.751910661112174861e-01,9.349072116505241503e-01,2.375200136986219679e-01,2.787236665234222310e-01,4.187072494221390495e-01,7.973372139779475454e-01,9.260043973309359799e-01,5.247846442470559536e-01,6.606699684183623411e-01,4.657327093626868475e-01,8.453053806142175608e-01,9.544590917117841133e-01,3.195735904213803380e-01,5.132022477045720121e-01,7.360342901875592814e-01,3.622375709929952503e-01,9.753934009538484107e-01,6.334200785112461540e-01,8.416589149589749352e-01,8.636580065117877014e-01,-1.980929698421852181e-01,6.673295147862413623e-01,7.034306818009129492e-01,4.176101062227962069e-01,7.114117198162326350e-01,8.269830264390954921e-01,3.027929935761921043e-01,2.935036696359243427e-02,9.010795633743515776e-01,8.605581110097850761e-01,9.915769564954871607e-01,6.706627728823794099e-01,7.130524625642331582e-01,8.865675667322044928e-01,9.563785925610752692e-01,6.276115346819296503e-01,9.312587585787293065e-01,9.412018264683896795e-01,6.612073399457534251e-01,5.658773474856214625e-01,3.256160933582620265e-01,4.449189399741593220e-01,7.034952446473451415e-01,6.250567414585638248e-01,2.173080761069192124e-01,3.909890063710752539e-01,9.343463071247185003e-02,3.850052894818222216e-01,8.012485362377596010e-01,7.429831748545279169e-01,3.222906877639364898e-01,9.181177802808793142e-01
8.203361528336263753e-01,3.130621552214489789e-01,8.809656537282348765e-01,5.527350183476708034e-01,7.307411594249781928e-01,7.492799761243952306e-01,0.000000000000000000e+00,9.677111357840811889e-01,3.833879922776001203e-01,7.983316057880573968e-01,4.797320291705179374e-01,9.925852744624381607e-01,4.648110177393073306e-01,6.417585230276479091e-01,9.268122554775473088e-01,7.920648184691880811e-01,6.639538156927549117e-01,2.072155909620956027e-01,3.421489081516478348e-01,9.465265018552583287e-01,9.863935593369649313e-01,7.389229092115106035e-01,5.097100556052406306e-01,8.756427038083675063e-01,5.732150685654511246e-01,7.220008319588558932e-01,4.414841984875371717e-01,7.747106221343502686e-01,3.643874609282551358e-01,1.115817331755857150e-01,4.983474161308389938e-01,6.514033239449275037e-01,1.592423895630411257e-01,2.574182992968205852e-01,9.591895068903752986e-01,3.344438335812596197e-01,2.766849290534221240e-01,7.072647456388399256e-02,8.163763281018754370e-01,7.628263056751072302e-01,6.565498690757646250e-01,7.993290747148963371e-01,4.179202184563345357e-01,8.843240736727091544e-01,8.020719120260376700e-01,6.119355752347548361e-01,6.855007313148864245e-01,6.104652193586386222e-01,6.430256809219081493e-01,4.656455402512810759e-01,4.491155330244119004e-02,3.531225326988868263e-01,2.755479878787128190e-01,4.983861564764990870e-01,6.581741891400390010e-01,7.121715710493771168e-01,2.124711233784286613e-01,6.221553625807894061e-01,7.474986211212956144e-01,4.925143189903387064e-01,4.104839711302014083e-01,7.466592150660613658e-01,4.375229707060426243e-01,9.370209053035104541e-01,9.290821501286935513e-01,6.646894507075318259e-01,4.322547702711155293e-01,6.590319559058877008e-01,6.799568437126127796e-01,7.695841670687592062e-01,4.030356171956461786e-01,6.067488462982245645e-01,7.738965671946325120e-01,4.386537833731457003e-01,6.289427476641573644e-01,6.295524131191860828e-01,8.714039243654814193e-01,7.345636760411990984e-01,4.547998242281917070e-01,4.550877415465297005e-01,5.935274612724190657e-01,7.019705268287460553e-01,7.918974984129525385e-01,9.434970302290771049e-02,2.875457314963786870e-01
8.230768576626452671e-01,7.486862993875371686e-01,8.566849595219824254e-01,3.351840011438300682e-01,7.362044186052387751e-01,6.378768406508098510e-01,9.677111357840811889e-01,0.000000000000000000e+00,3.388925878483257659e-01,7.406749089319571988e-01,7.875392028105074882e-01,6.992764079085774798e-01,6.276383098070321687e-01,8.013504426628020871e-02,8.376021023920510178e-01,7.504583913607474344e-01,6.179758107802729716e-01,1.616005195832403984e-01,4.800726751463436637e-01,9.109078445090992293e-01,7.777060984790898912e-01,5.294638166450249539e-01,9.346216121924447728e-01,3.192356510346043841e-01,3.534438369054987428e-01,7.277774772840459594e-01,7.409442738299709674e-01,6.619558196901283997e-01,5.693631839834611963e-01,5.782897992232505224e-01,3.891360842212250315e-01,1.267627867038410294e-01,3.856816532905258388e-01,9.135867393671048831e-01,4.984495275213245424e-01,2.943380433985803846e-01,2.636824889353004964e-01,4.164312379168235712e-01,7.305450812719016529e-01,7.418357022395061229e-01,7.761976351982690092e-01,5.082865856585525588e-01,7.804947275856719546e-01,6.482698646297306855e-01,8.269073836603538785e-01,2.671904480966801332e-01,9.780649954171701799e-01,6.858073653749382492e-01,4.739515017734059477e-01,2.041531044030575892e-01,6.456216935717045136e-01,6.785928300485304376e-01,7.944525915184079690e-01,4.612077176305748871e-01,6.405503139770989396e-01,6.137829537355042886e-01,7.064536837523071044e-01,4.279580302295126759e-01,8.316316636373933813e-01,6.246730187269006196e-01,2.763718395731978861e-01,7.190594656126352291e-01,5.253740899238166229e-01,9.154053430344354370e-01,7.750635933657515908e-01,4.683282685702301884e-01,7.084946267254310648e-01,9.049815891164401105e-01,5.342637966094421209e-01,3.451617260433720302e-01,7.221447905597911943e-01,7.007171776371621252e-01,5.047383452991813790e-01,4.316448841824867544e-01,6.872520948956685194e-01,4.059008220999353878e-01,9.850546628645739933e-02,7.472564357773546495e-02,2.916729479992514196e-01,5.025525904935148613e-01,5.139436167219170182e-01,7.300837374011331926e-01,4.973375742070166305e-01,5.725186052644799517e-01,1.567600842222398039e-01
2.628564411679182311e-01,6.403137556325675384e-01,8.146371183858198695e-01,1.039292044129143215e-02,7.283863813200408543e-01,9.045149389670815721e-01,3.833879922776001203e-01,3.388925878483257659e-01,0.000000000000000000e+00,7.183873621429271994e-01,6.615149374686601913e-01,8.879646066704927065e-01,7.742134252528033445e-01,6.698770946089360745e-01,5.859878766822367302e-01,6.380083040271253836e-01,6.705674174753750716e-01,7.089917636597555806e-01,8.605730017551080913e-01,4.881453531389529643e-01,8.742713647558024714e-01,2.282909286053957376e-01,2.680156763129156738e-01,7.711985172263681187e-01,3.202371041259758910e-01,5.724669442103654804e-01,4.150698325928925958e-01,6.575458798945637007e-01,2.322526965016416534e-01,3.381718380014073211e-01,1.915422602464041668e-01,9.567477336046552594e-01,6.259078961808597352e-01,5.902727220870940261e-01,7.951446014708039023e-01,4.110005745166105950e-01,4.123324258447001456e-01,5.185650860494415149e-01,7.768106825737428611e-01,3.073209104948108061e-01,7.684437219197561841e-01,4.669153836744962538e-01,-4.653648763247958398e-02,8.662614905735155357e-01,8.418743912466648549e-01,5.353820783834999375e-01,3.713034045208388756e-01,7.229619913516810437e-01,5.003943319790948863e-01,4.278080726147360791e-01,6.079246483015765534e-01,3.878476605624841533e-01,7.123589240498016117e-01,7.874368810512957229e-01,6.869809440623620977e-01,9.797134588594594851e-01,7.226356111032364860e-01,7.383524652404577227e-01,2.823736197973879536e-01,5.776365314475512269e-01,2.396310410040118910e-01,5.202265631653546496e-01,7.628213863983424048e-01,8.331514333218474899e-01,6.440658792643826347e-01,8.248542304162999050e-01,6.390999897655025297e-01,4.387297394209168644e-01,7.829822289741609209e-01,6.790308179920000464e-01,4.409950290716614374e-01,4.446695365665672695e-01,6.848030622816619895e-01,3.516307970761040069e-01,-7.913220868949341624e-02,6.996521243557997094e-01,7.037250069462089863e-01,5.147735685641201542e-01,5.467009883924505154e-01,7.761213278184718733e-01,5.158682726329063550e-01,3.833047522521174644e-01,9.552629704194993687e-01,6.900982040147449759e-01,8.534084749235163470e-01
9.138982679744859228e-01,8.885186379866845119e-01,7.170804184601657916e-01,4.646871143326896658e-01,9.437367279746670112e-01,8.031334132133928147e-03,7.983316057880573968e-01,7.406749089319571988e-01,7.183873621429271994e-01,0.000000000000000000e+00,8.441699167429993489e-01,4.271401933920817018e-01,5.921349858876092664e-01,4.309193379502589960e-01,5.111418581419130414e-01,5.176802982270198861e-01,7.470612135668790454e-01,4.026158236197139861e-01,6.623410748931894965e-01,1.759904446925028010e-01,8.803007399957405443e-01,7.471792930910994279e-01,5.209688969430427141e-01,8.069430678343487706e-01,7.999012690548554794e-01,9.771369949316716097e-01,8.593622422591745691e-01,5.825392142969734177e-01,3.594704656510360197e-01,5.490754416917413838e-01,1.335295711930050977e-01,4.971587181102541386e-01,4.534010336605606706e-01,2.419737728484237238e-01,5.589502328090674155e-01,6.185988696970688011e-02,1.152058005744587346e-02,6.003554089412440620e-01,4.038560176111956612e-01,9.824871342595831170e-01,5.889221356925837814e-01,7.337286905557554029e-01,8.935324158566180230e-01,9.647882719321123624e-01,6.782850512742197857e-01,6.994142350086273163e-01,6.131854594171165518e-01,4.363623673823995852e-01,9.974901270352901639e-01,4.607097080436762249e-01,7.989736529951931843e-01,4.783176176290901416e-01,8.315751261836552555e-01,8.741943996917247439e-01,8.917797454480542729e-01,7.772882539054697393e-01,9.831309558344283328e-01,9.095174251454837266e-01,7.161064747357234195e-01,6.834716648090319868e-01,4.898423341432500688e-01,2.068565254709088808e-01,8.663657158489904697e-01,2.454249367799238579e-01,6.521368417171858889e-01,7.524742836080919872e-01,9.861287309826878289e-01,7.924143178486103833e-01,2.797354519371312298e-01,5.530623765034214934e-01,6.759724976468411972e-01,4.931917144816105880e-01,9.390467473167636303e-01,4.421556337593590680e-01,1.737094461313234139e-01,8.536405419834670605e-01,9.081700333298297068e-01,4.259369265449333142e-01,2.954252020991272598e-01,2.554588041715411539e-01,7.534967765374616100e-01,9.748525567479119358e-01,7.444369421556938926e-01,5.963891057325374501e-01,9.149866403732472842e-01
9.425534639334516296e-01,9.862911741237869734e-01,6.249584573629445305e-01,7.038051094405197716e-01,6.561332058802604728e-01,8.973294851457302990e-01,4.797320291705179374e-01,7.875392028105074882e-01,6.615149374686601913e-01,8.441699167429993489e-01,0.000000000000000000e+00,5.015470164446148571e-01,9.051695387825131611e-01,8.895481070188574479e-01,6.400024408241747897e-01,4.038963882112955872e-01,9.371798870338569065e-01,6.750310468285446452e-01,6.684098889617726691e-01,5.979886078539846661e-01,9.964959346057693512e-01,2.047328120213617320e-01,8.216047512350485027e-01,9.344371502376696004e-01,5.417840676907905717e-01,9.530735482794459035e-01,7.281623559888665831e-01,9.896000943254553706e-01,6.145557775422982871e-01,5.434405376918839403e-01,2.273103491240177632e-01,9.239600212602033791e-02,6.266765159967488952e-01,8.890267745059137194e-01,6.066992443297801740e-01,5.339933473598996727e-01,4.400779994171299947e-01,6.111015977105317409e-01,9.970110380316254961e-01,6.551587834991272619e-01,6.701161854001996820e-01,9.460454103635194123e-01,8.047541976051477697e-01,7.032373276556207475e-01,7.731582721807034320e-01,7.577276656757429008e-01,5.502478770264561669e-01,7.289512084553240179e-01,5.466215675380751149e-01,7.159764297292197099e-01,5.587429876329216283e-01,4.707838861112197959e-01,7.655365546512659103e-01,7.206876635984098556e-01,7.313829629290478085e-01,4.933856301162382607e-01,7.718206918194361332e-01,4.867132546114332214e-01,9.226456265058998740e-01,1.230395780938268041e-01,9.054462781377012881e-01,2.001348855100050228e-01,8.632187866858306302e-01,8.970049787896684501e-01,8.627513743461843188e-01,5.329388543799292721e-01,8.556781176523089449e-01,7.435554761921973066e-01,6.106592921219273773e-01,7.282519302586847321e-01,7.147591337387885213e-01,6.507567346804780106e-01,7.783824961372424189e-01,1.224450557148939502e-02,8.352443765296108102e-01,2.288845227807473071e-01,8.525542682434875674e-01,9.521631430605480562e-01,5.896817210560938438e-01,6.906391952615165142e-01,8.825531486295147277e-01,9.128877816206374396e-01,9.543319350025732950e-01,2.397121252812659808e-01,9.332051334249388264e-01
9.777414309145752158e-01,3.285532032932593216e-01,9.891396508562028123e-01,6.896101516200626724e-01,6.672664656226546809e-01,9.682338639885155196e-01,9.925852744624381607e-01,6.992764079085774798e-01,8.879646066704927065e-01,4.271401933920817018e-01,5.015470164446148571e-01,0.000000000000000000e+00,8.143067829365795429e-01,6.193479923222097172e-01,5.227723720831202181e-01,5.627160828988279073e-01,9.971597020646456588e-01,9.585700596421647957e-01,5.040481875606281914e-01,8.270267037811082078e-01,8.316041031662215754e-01,7.325515799434331177e-01,9.377060015940336113e-01,9.108178345626355421e-01,9.025483635589972575e-01,5.507650029263101432e-01,8.242221843695755057e-01,4.432294200211772117e-01,4.710754765576862235e-01,3.458894018418291472e-01,6.339227486025129921e-02,2.205985464200580504e-01,-1.055476628949004875e-01,6.169128203150752165e-01,4.957849910881300670e-01,9.624503423475507802e-01,1.297040248464100543e-01,8.210333301348415880e-01,8.245918052602472237e-01,8.451678758099832045e-01,4.551221831355975467e-01,4.153480923668179114e-01,9.403339894405134958e-01,8.160393374815921863e-01,9.010576038986358727e-01,8.703900061554133982e-01,8.931078549653976850e-01,6.251599003094283624e-01,6.227338458184843439e-01,6.026117575851501762e-01,8.256332730068680625e-01,8.268512891870042347e-01,7.251678562585086585e-01,7.906780791486706095e-01,4.999452525517259494e-01,6.565273603786654366e-01,7.060373722011283881e-01,5.700496959021759125e-01,7.869097135939189247e-01,9.987356813688175183e-01,5.373461358392053189e-01,4.192797774773071029e-01,7.671505484360562344e-01,4.219283633087309027e-01,7.057566153883209070e-01,7.616242638363455164e-01,2.857671804277072125e-01,6.466517284109805086e-01,5.450325630264722943e-01,9.255417141181440099e-01,7.012026392990656776e-01,9.831121472674317907e-01,2.799283285908358843e-01,2.586588714557255808e-01,2.791874349845975267e-01,7.519047143990391646e-01,6.057521886170005310e-01,9.813753358495057588e-01,4.130997288670872347e-01,4.387171260195000255e-01,9.747325074620715180e-01,2.077265486125053906e-01,9.618352164569383689e-01,6.320858990275864953e-01,8.978642994193860583e-01
9.187671019406804529e-01,4.631377925360270487e-01,6.575765047888472159e-01,5.885378802352896344e-01,7.186041536664350415e-01,9.581186958335531356e-01,4.648110177393073306e-01,6.276383098070321687e-01,7.742134252528033445e-01,5.921349858876092664e-01,9.051695387825131611e-01,8.143067829365795429e-01,0.000000000000000000e+00,6.252338179811577357e-01,8.353179042670478838e-01,7.253787019442551331e-01,8.005614592361753878e-01,6.359015665167992992e-01,7.321573376802574806e-01,9.994549406878276976e-01,8.300637154621945957e-01,5.305924828669549287e-01,6.065363290860864565e-01,5.995783782580746957e-01,5.836765189261048370e-01,4.227690819415258483e-01,8.137822765019296911e-01,9.518728321059338748e-01,7.413731670648288086e-01,4.097797494392170781e-01,7.148602795905194540e-01,7.764629794550237385e-01,8.459682115771804956e-01,9.147511710260292084e-01,6.917051136935079558e-01,6.922466319100650800e-03,4.859945117951337545e-01,9.720857074346052062e-01,8.201155787201170888e-01,7.837776599012248324e-01,2.334511386492863633e-02,5.262464516941948167e-01,4.741230242343917878e-01,6.285244848556249542e-01,4.952324597807919448e-01,9.209558171434802931e-01,9.196601617502995207e-01,8.732262065869094148e-01,7.839305026781918651e-01,7.615484797130198658e-01,7.844635088269635848e-01,2.770173831223784466e-01,4.005849109649670808e-02,7.840691982383066749e-01,6.442053929603858142e-01,5.953713163249164664e-01,8.617522203679855997e-01,9.301830059237518045e-01,8.370713606369686310e-01,4.700825564447698723e-01,3.958556857842214782e-01,9.642763234803131134e-01,9.520328875999648499e-01,7.955991741295096453e-01,3.811715412967492389e-01,4.595782335538354801e-01,9.513867626561505197e-01,8.907802572052773149e-01,7.119155267642015561e-01,7.069851122615519179e-01,9.121257959497877099e-01,8.125903651169682496e-01,7.520617461047933716e-01,5.444960043615705292e-01,5.219306891818664695e-01,9.439027500098740031e-01,4.755516959408099265e-01,4.358023397181862713e-01,6.005932831485125689e-01,4.392882693310350417e-01,1.367040038731821006e-01,8.061734322829140487e-01,8.166989480194981610e-01,6.691895521080095666e-01,7.799706996708384299e-01
9.386757297265617694e-01,5.525129729534079548e-01,6.320766461914547607e-01,8.615493383191594745e-01,3.695836503603933121e-01,5.015915663258092572e-01,6.417585230276479091e-01,8.013504426628020871e-02,6.698770946089360745e-01,4.309193379502589960e-01,8.895481070188574479e-01,6.193479923222097172e-01,6.252338179811577357e-01,0.000000000000000000e+00,1.514896849264705803e-01,8.661156477427158773e-01,7.970547213167635814e-01,7.657193329761583511e-01,6.541435860748018305e-01,7.100502441496497896e-01,7.997870735195621306e-01,4.392168055967626272e-01,9.047992562647600989e-01,7.828276986433694296e-01,5.849504517894540401e-01,9.509417771012873555e-01,4.786768460140006232e-01,6.385898021072617947e-01,6.611665208338477484e-01,2.911831396891663704e-01,1.299970023588317702e-01,7.651432704899086001e-01,8.556439029140651131e-01,9.825345505021383374e-01,5.329784262954151419e-01,2.455794167286586838e-01,2.685149768997331932e-01,6.919268367174509216e-01,3.458201716419324057e-01,6.448294688502725913e-01,2.335858116083838476e-01,6.911938522044055455e-01,7.847041965052871104e-01,8.732500223978161280e-01,6.662986840520415122e-01,9.480665681906601527e-01,8.103023542320564321e-01,6.920177500585389385e-01,6.045219651772880676e-01,9.877957387468652151e-01,7.213980859751796260e-01,7.686480000705080418e-01,7.010038886296957594e-01,9.071158937012573364e-01,8.737380477768309506e-01,5.782002094295800587e-01,6.766956728033280966e-01,7.829187564826582957e-01,8.764866114702118960e-01,6.087555647872937570e-01,3.643339475593030397e-01,9.184245869242840810e-01,7.190939832406875176e-01,8.754993425356938364e-01,6.251343463278504764e-01,8.611345369353560208e-01,9.514393713352495840e-01,7.200655466245807768e-01,6.314998110471757853e-01,8.376694021756850850e-01,9.202051769749872712e-01,4.358755118142835783e-01,3.742480572465799460e-01,4.047899104938208481e-01,5.266106395895007175e-01,4.123909741582381661e-01,8.700238180494297424e-01,4.169616431640347232e-01,4.205872806299162936e-01,5.279946211448376392e-01,4.221943589856380630e-02,6.330714911544915724e-01,7.301141792689638255e-01,4.075089405809715903e-01,1.902148719772390473e-01
7.588108788270304661e-01,6.488156557804498625e-01,7.715112495082909749e-01,9.078258907238594411e-01,6.226626260823311387e-01,4.087265114721946313e-01,9.268122554775473088e-01,8.376021023920510178e-01,5.859878766822367302e-01,5.111418581419130414e-01,6.400024408241747897e-01,5.227723720831202181e-01,8.353179042670478838e-01,1.514896849264705803e-01,0.000000000000000000e+00,6.017328287323919778e-01,7.533296064126595581e-01,7.181712909851160065e-01,2.011444363127481150e-01,9.932341837609650614e-01,8.385645817479026043e-01,4.920259037427779369e-01,7.419229591442180194e-01,6.715884853678842914e-01,7.697858738394554035e-01,9.290691546168486914e-01,5.385593766389693560e-01,5.682116868740061388e-01,3.329717216704954769e-02,3.911756624903521828e-01,4.992118287489702988e-01,3.117498441061261616e-01,5.166281171473298128e-01,7.116621200181909579e-01,6.194080368978327478e-01,3.221532008559429006e-01,2.339354136935310191e-01,5.486465450861727211e-01,2.297287185977017754e-01,8.718752208592644992e-01,3.954040654863580917e-01,5.475010638032651311e-01,6.109088990732216562e-01,7.509651908856220803e-01,8.361713829107624285e-01,8.268113209586425150e-01,9.454727935173297126e-01,6.846845714407439054e-01,4.182883008345237852e-01,8.117412628788855944e-01,9.978189754835711245e-01,7.213270477936380987e-01,2.641757887414505901e-01,8.957534188194007374e-01,6.805171240680056854e-01,5.069348299989830942e-01,9.245059924705645304e-01,7.279590087430940493e-01,3.763297973928064755e-01,5.837050866618730405e-01,1.754423588438898049e-02,7.274800376189201057e-01,7.160345571250381624e-01,4.948179284878901352e-01,3.126465614324360764e-01,5.003271636892880903e-01,5.375293342137368313e-01,7.152322270858547659e-01,1.876503420332776007e-01,8.873632440199642479e-01,4.697798133134878373e-01,-1.362590847878185074e-01,4.157552109392504969e-01,7.363802074835903433e-01,5.203632847086011592e-01,9.141628682268648776e-01,9.511475092139439758e-01,2.208394681297443374e-01,3.682988813783197868e-01,5.126433267959616957e-01,8.840291703897475983e-01,6.671254125773597998e-01,9.296510477284944951e-01,5.784945081113171961e-01,4.120178009125902707e-01
3.869761282658676915e-01,6.720338193492599865e-01,8.294718499936686307e-01,8.834393009291555687e-01,2.753496420275383105e-01,7.317432760263322677e-01,7.920648184691880811e-01,7.504583913607474344e-01,6.380083040271253836e-01,5.176802982270198861e-01,4.038963882112955872e-01,5.627160828988279073e-01,7.253787019442551331e-01,8.661156477427158773e-01,6.017328287323919778e-01,0.000000000000000000e+00,9.459778371947739073e-01,3.899530740284464780e-01,7.377527138325228329e-01,9.427787946312059519e-01,9.739675627815136405e-01,4.493288248031041543e-01,8.214149749841342940e-01,5.695294900964680274e-01,3.719228316085242958e-01,6.678717105874971693e-01,7.352789966225422580e-01,7.645401922574620590e-01,2.574223644373682673e-01,4.654547608223084110e-01,7.928519533023392629e-01,8.138138529298316604e-01,7.873915228063931293e-01,6.594286740458303875e-01,5.186817371113208175e-01,6.754035824898634299e-01,6.838090127659093298e-01,7.689496953301839799e-01,9.856599214803476450e-01,6.987551603266085598e-01,1.383167808000433374e-01,8.203731085233664233e-01,6.858514824853674252e-01,5.746874036369493677e-01,9.015790725396590766e-01,9.678744572900785936e-01,6.439080676187680652e-01,6.144631413215113636e-01,5.673379132554625670e-01,7.814222388575563505e-01,8.583227807812291443e-01,7.119887404188544044e-01,8.751850261532968522e-01,1.714643833629179714e-01,6.605294600532722882e-01,8.154455567250654680e-01,2.758200005564159785e-01,6.535435777166239690e-01,9.725993533393456625e-01,1.673192862786161694e-01,7.842875837826668306e-01,7.730322688480032456e-01,7.377744627232662999e-01,2.039638150075641643e-01,6.964303628641567157e-01,4.105924121756365786e-01,3.579447191425230157e-01,9.587117157913020993e-01,4.200135949382625133e-01,7.817570727724157953e-01,9.769025895202787524e-01,9.270028203411846413e-01,9.171666933696988044e-01,4.768765074540295967e-01,4.885881416480534201e-01,-3.291566403416991693e-01,8.991798495201709374e-01,1.872475537860485706e-01,5.821613346060560135e-01,1.519234344040847409e-02,7.487361562582623975e-01,8.352838497444700083e-01,7.420378719630242870e-01,2.557294749038976356e-01,7.342832578461666593e-01
4.685047668251419717e-01,8.926602396037944809e-01,7.628864911555691686e-01,9.904771335480488936e-01,9.744324095364526039e-01,5.715174597392214118e-01,6.639538156927549117e-01,6.179758107802729716e-01,6.705674174753750716e-01,7.470612135668790454e-01,9.371798870338569065e-01,9.971597020646456588e-01,8.005614592361753878e-01,7.970547213167635814e-01,7.533296064126595581e-01,9.459778371947739073e-01,0.000000000000000000e+00,6.456463024170951970e-01,6.041267718449089275e-01,7.756201432338527546e-01,9.584513947734736306e-01,5.373071635666830659e-01,9.284730885142883361e-01,9.657488895386464600e-01,7.511973627670744946e-01,5.994829857760306524e-01,6.175649402037437508e-01,9.191755254598668046e-01,2.984089276875908636e-01,4.761530305590648826e-01,4.551905831125455659e-01,6.256553787375226383e-01,8.007871765678263865e-01,9.658469641463776068e-01,7.702445102499828611e-01,5.136180769897956688e-01,3.511841810571038058e-01,8.489906824535502494e-01,8.368017178677215062e-01,1.530930376494524792e-01,1.994022872049708017e-01,9.946397339012051919e-01,7.128565479225972279e-01,8.950438530487367927e-01,9.464844565871137760e-01,6.674154049717178072e-01,8.529860543964447039e-01,9.857530709091844034e-01,5.054436708166786252e-01,6.136331196117471576e-01,9.107816395437372536e-01,8.968203199052773300e-01,4.983020282879122020e-01,6.568052807231253842e-01,3.658292211526097959e-01,9.572144374805452438e-01,5.418121991464025511e-01,7.751728636353972801e-01,5.597740929833960877e-01,4.805972691699418320e-01,7.412704275834798295e-01,6.039941616438311289e-01,6.697252173599805847e-01,7.895819014601527241e-01,3.337332024071947290e-01,9.352531445561362844e-01,4.436317109945336346e-01,8.918643499756203630e-01,7.233125942096960692e-01,8.846299410942698449e-01,9.399045959358192093e-01,8.189885945942338985e-01,7.938222010762217007e-01,6.003080624367362894e-01,9.345270233732065890e-01,9.185764414318958737e-01,5.315200500831506192e-01,7.168634004939956617e-01,3.201143233185881898e-01,3.599266337437472263e-01,7.221327825729795258e-01,8.943827701458899604e-01,2.505127939958875505e-01,4.355768274638972537e-01,9.095453914679630936e-01
7.245036090892902347e-01,8.366983084699644024e-01,9.349246002668641919e-01,5.160703602303795545e-01,6.294605838132766307e-01,4.015693539077899166e-01,2.072155909620956027e-01,1.616005195832403984e-01,7.089917636597555806e-01,4.026158236197139861e-01,6.750310468285446452e-01,9.585700596421647957e-01,6.359015665167992992e-01,7.657193329761583511e-01,7.181712909851160065e-01,3.899530740284464780e-01,6.456463024170951970e-01,0.000000000000000000e+00,1.026273080825319817e-01,9.776034279102762126e-01,5.733239712330077120e-01,6.107499891406117376e-01,2.610233152679736213e-01,4.202462923174588583e-01,4.770575896562193607e-01,7.865287161710754482e-01,7.879302191481364348e-01,9.806352513817677696e-01,5.673835277764007756e-01,3.540968794709045686e-01,6.895673084707325540e-01,7.191754853640239808e-01,1.792917858777662299e-01,8.553603040031609872e-01,6.217534008352981756e-01,3.761387044388448953e-01,4.566884916312330400e-01,9.642138294284307021e-01,8.106411106453909055e-01,5.338210765306765637e-01,7.142770557748109317e-01,9.020721169381810123e-01,8.110815020296455735e-01,9.737297813963139426e-01,6.952179325924456865e-01,3.612619011741642350e-01,4.839009263415854911e-01,3.143579469466925014e-01,1.211900971160286278e-01,8.866029013815053261e-01,2.655523627027988054e-01,9.454456361067282710e-01,8.479189046846393740e-01,7.215536076425349554e-01,7.524529190832106584e-01,2.292477217517470134e-01,5.447015604374019215e-01,7.700671521314115253e-01,9.779896333243579543e-01,4.271701070441155101e-01,4.068061513490465186e-01,6.780164558058305868e-01,9.188530903907256020e-01,5.418454403296243393e-01,7.894785921774922777e-01,6.776321770576778647e-01,7.238177357413367874e-01,5.222133602808909369e-01,5.489727508294911518e-01,6.999497519706132653e-01,5.230395199467912093e-01,5.104281210602601426e-01,3.841626868496045288e-01,1.042025589814741249e-01,7.096216005227597989e-01,5.324148921095612774e-01,8.834344057627852020e-01,9.973080724039533607e-01,6.832810109376055707e-02,2.369730587803977051e-01,3.961246793898842711e-01,9.823143430164326118e-01,9.825640972218570024e-01,7.841180073403488660e-01,4.956407828955773365e-01
