0.000000000000000000e+00,6.764279512983842890e-01,5.218110030784262054e-01,8.263646377129353349e-01,2.478123100827701042e-01,7.318124142807030941e-01,8.448133934338788453e-01,7.125349289365999761e-01,8.591252309351447014e-01,8.591136225369641055e-01,9.037390244295718800e-01,8.289204124503467552e-01,7.522434831222426510e-01,6.081439507655437282e-01,9.490822341769263870e-01,9.502625127682882145e-01,8.317101946950343772e-01,6.526294403340735517e-01,3.892673553586021851e-01,3.868098894545419775e-01,9.596966275071179275e-01,5.870903687828834538e-01,6.146883966408215327e-01,6.773476943746641332e-01,6.201041865890192240e-01,6.355305894575828951e-01,8.788463805982013044e-01,3.993348543525616634e-01,2.149599136735836913e-01,1.922678365060653816e-01,-4.071713609886928875e-02,6.285179470315709338e-01,9.480621234468851188e-01,9.296060996382922159e-01,6.920118753269326461e-01,7.738686439950872575e-01,3.073151684983369547e-01,6.220632841105160349e-01,2.047096511255430129e-01,5.538952094229706580e-01,3.650262156900991317e-01,8.312871062107912712e-01,9.482359761761741668e-01,7.935914407680568772e-01,6.150087618221772301e-01,9.029557959604335160e-01,6.137517612283789337e-01,8.725641777284277589e-01,8.924317936222351255e-01,3.068330531210202716e-01,9.163579082704498280e-01,7.043484470305718670e-01,9.148997580105415750e-01,8.693384234538849009e-01,9.428884657687380821e-01,7.404072102972563130e-01,9.369132104380674120e-01,6.994325238875024331e-01,5.720573821061506470e-01,5.064347349714891644e-01,2.658178414269639633e-01,7.459521408589167013e-01,6.956701127661621964e-01,6.140924611888963769e-01,4.644209612210931648e-01,-1.577778381396233165e-02,7.318811651687890940e-01,9.768020304599804859e-01,7.152181237412164050e-01,4.240752043176191366e-01,9.714427551981219544e-01,9.963257693786501390e-01,2.387959327614085636e-01,5.806432793904446887e-01,7.410064071149793374e-01,6.742860255258675828e-01,7.801908504207953898e-01,4.331994123046830070e-01,7.605647299053505117e-01,1.870308814189466373e-01,3.998116462573245711e-01,8.466665941612315782e-01,7.848016279327858502e-01,9.887205498965752071e-01,7.170241126259673248e-01
6.764279512983842890e-01,0.000000000000000000e+00,9.087601029442191614e-01,7.343794952523190478e-01,7.057214204377312283e-01,5.135185441218063085e-01,2.263531498421614552e-01,5.929200175978646126e-01,4.658393450862229335e-01,7.166902474057823547e-01,4.238149539273022848e-01,9.326837678912160978e-01,8.780469774403457661e-01,9.361631154590045467e-01,6.095929062903155948e-01,7.482934092797898229e-01,8.616402601385728666e-01,2.417974900601509991e-01,4.539821632839621257e-01,8.376169530069743629e-01,9.180284441007845464e-01,4.819751714431626533e-01,7.129609682014620420e-01,3.757196822246624546e-01,6.287472302684588010e-01,6.917634516122347366e-01,8.459492084386184274e-01,4.670960922103901680e-01,3.889448855133957883e-01,9.384250883252067688e-01,4.259743429886261867e-01,2.593887340688393883e-01,6.710147842042613053e-01,7.389023525773485979e-01,7.416464245679771361e-01,2.851899268184301950e-01,-8.211005393990675194e-02,6.442045125526048022e-01,8.760470182261589356e-01,9.082981076269518450e-01,5.456306894724021195e-01,6.851704389565007602e-01,7.758926409781863320e-01,6.010651100248596279e-01,4.035215504036882006e-01,6.982183541615106376e-03,2.242425304117381946e-01,2.354988160066155412e-01,6.773356940210731869e-01,7.708134217426637624e-01,7.020698139431406082e-01,6.227442445442719077e-01,6.930978784726189446e-01,5.802301342038825860e-01,7.017034915993182187e-01,8.911459144599440663e-01,6.953644524235957913e-01,9.198706444205460020e-01,8.489945738042667944e-01,4.687331857208094088e-01,6.155206495962525226e-01,7.484788218738025467e-01,7.979623780156395174e-01,6.908410191359302122e-01,6.671026115501715870e-01,6.877735152645867434e-01,4.040693469815451189e-01,9.644302052127514679e-01,1.715466849711761166e-01,7.761946094017293518e-01,6.302292614875181220e-01,8.324656577884194109e-01,2.410215396248296116e-01,9.808128274442039496e-01,9.339398313431972465e-01,8.876277943890482636e-01,8.726846319407297603e-01,6.192874286244358650e-01,3.392913289203541849e-01,6.756702540472335761e-01,7.586075622462961077e-01,6.940225824908674568e-01,8.873560575903594039e-01,2.454215817655122089e-01,8.308742596720433693e-02
5.218110030784262054e-01,9.087601029442191614e-01,0.000000000000000000e+00,8.365460131326081239e-01,2.905078208230509329e-01,9.065926908862518285e-01,7.385908199320828649e-01,4.977776214163360802e-01,6.502825480676962533e-01,9.716306837079564662e-01,6.880604390062735609e-01,3.332981903821614633e-01,4.834644050453359432e-01,9.190837322938596454e-01,6.051493541538723875e-01,8.733712360100885919e-01,9.408012948556139232e-01,6.866244145603299653e-01,3.989475387379801674e-01,9.550927075644078945e-01,8.519796733845639292e-01,6.936313405250192909e-01,7.150970335733729533e-01,8.461280035572718017e-01,9.393982031308910630e-01,6.549963020993638807e-01,6.678777183554918118e-01,6.900836819252061938e-01,3.176156419200727443e-01,7.239046814879791514e-01,4.901063594399697465e-02,6.617476104504950163e-01,7.506465421556298701e-01,7.134185409315395576e-01,6.736863415923070031e-01,3.286130479328859266e-01,3.721045876167295430e-01,5.795256529174042104e-01,8.827942974668625542e-01,5.015499551817629298e-01,7.110203834103850928e-01,8.871825886197478583e-01,6.295566108584859100e-01,8.039023446562229003e-01,8.307440914420349820e-01,8.218339661703165655e-01,9.117609031857657476e-01,9.486371855769517580e-01,7.831072008070543156e-01,9.467770739427127102e-01,9.781848851292299640e-01,6.041235164836746829e-01,9.432237113883406021e-01,6.470222759750426933e-01,9.645097664694226580e-01,8.615077998214237809e-01,8.588181917465123050e-01,6.933994686151130349e-01,9.143314477390614980e-01,4.609162396114960814e-01,8.854119508171708341e-01,6.902229956460370630e-01,6.455237381214842252e-01,6.630122823691481093e-01,8.813504150998900943e-01,9.004896279972317563e-01,8.543251810804759483e-01,9.308127820184435297e-01,6.820142711141822245e-01,8.026584984422324709e-01,8.416100498419946119e-01,5.783205885289317560e-01,1.568596891301819174e-01,7.614435100121873523e-01,9.308234210059870284e-01,9.758909272787170686e-01,9.767608334139917803e-01,8.508069198577906667e-01,2.056960894544610646e-02,4.522053078722044761e-01,8.963255434238238673e-01,9.404757965741338266e-01,6.088263845674013464e-01,9.468990042871030521e-01,8.598564903839658324e-01
8.263646377129353349e-01,7.343794952523190478e-01,8.365460131326081239e-01,0.000000000000000000e+00,8.241977949417846894e-01,9.658729599799842358e-01,4.694537321882361613e-01,5.312360666874187398e-01,4.261975467665088946e-01,4.914668921183245609e-01,8.998703497083221370e-01,7.375090420724244034e-01,7.890055155852765401e-01,2.936336551364368552e-01,4.810893706998443098e-01,6.940760909574452686e-01,6.097612189775519775e-01,6.318553714820781542e-01,7.850075553380257976e-01,4.525354892025051368e-01,9.324233898293050604e-01,9.882457168797484925e-01,8.139376553890060872e-01,4.032783726792806833e-01,6.640411922949037704e-01,9.856494619156009884e-01,9.558643741371308789e-01,7.563130549441450245e-01,3.978364865966687036e-01,8.519042142256353367e-01,4.012211374438092726e-01,5.280751476074543316e-01,9.336335175796935948e-01,9.884810548459299628e-01,6.326488310675817406e-01,3.728933943075292134e-01,5.380195026483634013e-01,1.782827772130269606e-01,6.179924163940497817e-01,8.049700869194235109e-01,6.861708043093572851e-02,6.704679803159336871e-01,6.401639923953492683e-01,9.563130205721679378e-01,3.906677666624827072e-01,8.738687674657724669e-01,2.007690585579898490e-01,7.848744401553733319e-01,4.889379884423332157e-01,4.469792468220204484e-01,5.510766729857528023e-01,4.230393218596292804e-01,6.693546955722492475e-01,8.620635378820082906e-01,7.064638858304709279e-01,5.266876909199842416e-01,9.215562321707706506e-01,9.248547184360277340e-01,3.455596809932338642e-01,4.406619305714982171e-01,7.986996578974384642e-01,7.471861664748276066e-01,9.194483542762499351e-01,8.294147930898243537e-01,8.601768217255096882e-01,8.049142717237312006e-01,7.915133422136725327e-01,2.875521366400937695e-01,7.242175639412715693e-01,7.507929291211530298e-01,7.633966282804334202e-01,8.688847316187054970e-01,5.547772747725733256e-01,4.897834189497154989e-02,6.846104258144549704e-01,6.958206851487656053e-01,2.314164774776331923e-01,9.166038671551564043e-01,2.253680069348246440e-01,4.604356036403720598e-01,2.633112073984239521e-01,4.725613003450643279e-01,8.449342167126103753e-01,6.659517058444419657e-01,9.688842464761859841e-01
2.478123100827701042e-01,7.057214204377312283e-01,2.905078208230509329e-01,8.241977949417846894e-01,0.000000000000000000e+00,5.118391813214733244e-01,5.709541740796488796e-01,2.315024075566707862e-01,9.552381020653002430e-01,6.904795106423348150e-01,6.620507173093305164e-01,8.321677100036599661e-01,6.509282199375512334e-01,7.391968258204568709e-01,6.014987425518276698e-01,6.633481567138070911e-01,8.417332763957073860e-01,9.032656506566616450e-01,6.312367593379288877e-01,8.821180244174328111e-01,6.375385960500731253e-01,9.827915378022561432e-01,8.890783977527105808e-01,7.846679957389230964e-01,4.554114463579708727e-01,7.695532633385914201e-01,7.364769668823013538e-01,9.033654097194570021e-01,3.554506239927691658e-01,3.116363149441663261e-01,2.604404695566239214e-01,3.143022886425387852e-01,4.786009350582314248e-01,7.621240529609781822e-01,7.451413818795399324e-01,2.119090949668642476e-01,6.128056290572574394e-01,6.377769496863833210e-01,9.330691106230630805e-01,6.434365616361285012e-01,3.841554814703433962e-01,7.620558849612506513e-01,9.349187315246783037e-01,4.921567592675677449e-01,9.609089348956778576e-01,8.206367511793918323e-01,4.044611068848080748e-02,4.377179150309019051e-01,7.698599912792234434e-01,9.006485034989917260e-01,7.789940416218545938e-01,2.315821595123044307e-01,9.613475803389823771e-01,9.162180752635675773e-01,7.095925050389464417e-01,8.890155477636662029e-01,2.567395345614161273e-01,6.900473469719156094e-01,7.414772914391258851e-01,7.878538732303302927e-01,5.006327690540066655e-01,-3.964004670777314665e-01,6.945118640154031020e-01,6.401916039941034642e-01,9.384458048762270854e-01,6.769136852857275954e-01,7.865477923651478243e-01,8.684265772263106697e-01,5.272801995772788963e-01,6.826758207247844989e-01,7.646279087135965380e-01,7.555172755016200670e-01,5.231946405866358951e-01,5.439670634955549172e-02,6.514238605009701200e-01,9.429897400773431526e-01,9.307593266360253415e-01,6.955737141939540846e-01,1.102020828247350093e-01,5.179173202347423510e-01,4.281905034007490451e-01,6.749419026619680739e-01,8.594665536433714337e-01,7.201325364831314690e-01,9.331902135796099618e-01
7.318124142807030941e-01,5.135185441218063085e-01,9.065926908862518285e-01,9.658729599799842358e-01,5.118391813214733244e-01,0.000000000000000000e+00,3.601455651345557563e-01,7.486209806635590880e-01,7.632491751146261993e-01,8.605780380923924167e-01,9.875453938908036466e-01,6.054015411771511701e-01,9.225756917129798174e-01,7.164891518964507933e-01,2.655748512596814437e-01,5.230778739761752227e-01,4.351182561668997528e-01,8.376236733661845957e-01,6.124483350438018059e-01,8.047884357918472231e-01,8.461634533026418659e-01,7.705708128790051958e-01,4.409345019134616184e-01,4.657443408827713904e-01,5.727880800282321161e-01,9.439449692270275305e-01,9.861640667575068964e-01,8.181728042551702496e-01,8.532920130878984821e-01,5.948609294657423163e-01,4.380299117470348724e-01,6.927589464859936763e-01,6.243060730247019796e-01,7.520128466760873653e-01,6.118780718217100567e-01,4.501179553554187640e-01,5.143297359703146165e-01,4.428653810195540830e-01,6.816902566000049291e-01,8.381853075134216846e-01,6.403146167200479688e-01,7.810414454614618140e-01,7.137160151128145724e-01,8.118805274038836117e-01,6.763912018483241306e-01,6.800567409251310202e-01,8.660715689978443210e-01,4.342224527144099011e-01,6.249468765168042506e-01,7.276331957198122202e-01,7.824829244655528981e-01,9.568065782040309220e-01,6.415342695974394216e-01,6.894210706717037729e-01,9.206415192497039435e-01,7.798703768971586570e-01,6.873055086464101571e-01,6.631804606765485666e-01,6.384662395463822637e-01,2.244399267421602617e-01,3.933258731626239069e-01,4.837887522109853844e-01,8.108267037336153171e-01,5.950246694446094109e-01,9.721534203718382727e-01,8.769243091815835944e-01,7.874018105601543471e-01,3.962293661940154976e-01,6.946856290268289547e-01,3.122398913807108434e-01,7.846614899366521900e-01,4.239694131393472731e-01,4.914769456572241069e-01,6.157924366470460820e-01,6.131668020115279560e-01,5.229110866012692815e-01,8.094127246445517176e-01,6.969773386342086319e-01,4.707628934670327059e-01,5.309405838972487413e-01,7.835922376566853975e-01,4.691832603016959924e-01,6.456814128002515973e-01,2.221119745294519165e-01,3.235383535609298589e-01
8.448133934338788453e-01,2.263531498421614552e-01,7.385908199320828649e-01,4.694537321882361613e-01,5.709541740796488796e-01,3.601455651345557563e-01,0.000000000000000000e+00,6.699067573360859562e-01,5.234775320716364977e-01,3.391274714268475293e-02,7.670730760712969332e-01,7.200354316725803283e-01,3.366142283762370568e-01,5.704193006170815705e-01,6.357930750757740945e-01,7.120954085834824143e-01,6.899267174527192736e-01,7.021494216966368551e-01,4.994139950648427417e-01,4.699774142372848962e-01,7.936150177911113213e-01,4.441859003363548553e-01,5.281681792066250658e-01,5.206788980417635937e-01,6.099033770270283483e-01,9.837566121525637142e-01,1.770289410020165766e-01,3.956671272465503431e-01,2.820575121064216040e-01,8.982693246500497164e-01,3.289639544969763518e-01,5.145905117405422668e-01,1.228287877111449711e-01,4.781955175793671242e-01,5.149871073778214958e-01,4.167140702883020964e-01,3.393242740796982293e-01,9.682756012059338113e-01,3.292924057634024626e-01,1.873874306897377051e-01,6.662545704132546431e-01,5.745459134198057649e-01,6.106319033619307390e-01,3.659821985427548219e-01,8.554510157956478622e-01,3.909578761637795274e-01,1.031541917198431912e-01,5.605947665900367083e-01,5.617776750006180375e-01,7.952421564689340361e-01,6.893480204110525866e-01,5.016272451940443355e-01,2.184270918177980136e-01,3.940651157331357402e-01,6.799588200742082700e-01,4.151247700493287396e-01,5.013652605668408313e-01,5.708510590061874890e-01,9.319988051798711037e-01,7.409434048779757198e-01,3.857806744160586221e-01,3.765030239974588300e-01,1.409721841618449267e-01,6.215769987760622062e-01,6.365430012694111017e-01,5.968503343867841426e-01,-3.461118068778233914e-01,9.398427788674527106e-01,5.564397987431197734e-01,4.755547735812311050e-01,4.474001720561045503e-01,4.641634760284412686e-01,8.611272942425218790e-02,6.757222759882663965e-01,7.026531217617763003e-01,7.938216424470588839e-01,7.268112896976333115e-01,6.979911366868898348e-01,3.746101202489056370e-02,6.138040810543289316e-01,4.917618635749662626e-01,9.406902920447709482e-01,4.718159144451959386e-01,4.984002115276769951e-01,7.082185700707275267e-01
7.125349289365999761e-01,5.929200175978646126e-01,4.977776214163360802e-01,5.312360666874187398e-01,2.315024075566707862e-01,7.486209806635590880e-01,6.699067573360859562e-01,0.000000000000000000e+00,2.881756756361890659e-01,8.051503872719368848e-01,6.725259430220841272e-01,2.145663999741344863e-01,5.712220926061131188e-01,7.791915787833171292e-01,7.594020583796213808e-01,5.807498266506184725e-01,9.149047200660997969e-01,9.907384593825824259e-01,3.526136180495684780e-01,5.006065440890694607e-01,9.390528909387432233e-01,4.415618033183132951e-03,4.387177221149605177e-01,8.657992207691391773e-01,7.459034003121753909e-01,8.288896242659652414e-01,6.134822192642789274e-01,5.368275098201341633e-01,2.009674064034822627e-01,5.152547124944011347e-01,5.525057016898645701e-01,3.851876282942785501e-01,7.447244195934721311e-01,3.331380560104889588e-01,6.263802134878898586e-01,5.715555095880870962e-01,4.459562301037931498e-01,3.263581796830787862e-01,7.297947449258773700e-01,6.600761719997146892e-01,5.246676576732040020e-01,9.189218436019709335e-01,9.684385729666749043e-01,8.397428752166729016e-01,9.682528414533266847e-01,4.886768748163022869e-01,1.690656523898345087e-01,5.751836368983980208e-01,6.326184916557501259e-01,6.532969368032328639e-01,6.175587609383189625e-01,3.118267548432860498e-02,4.006289778257477452e-01,8.645816948016795678e-01,7.397566898945999725e-01,7.567183449779382176e-01,3.720115682841521609e-01,7.106617079329398123e-01,7.561755796246800720e-01,4.046156973900921772e-01,2.479835281819386672e-01,7.557126805493086241e-02,5.120816347790217993e-01,9.055325268015006479e-01,8.687955592255550696e-01,6.314884925348653866e-01,3.558182178293500253e-01,8.025849534738461744e-01,8.801383708759434876e-01,4.275368159542645152e-01,8.712312767409167158e-01,7.441068993876733817e-01,3.657648742363597272e-01,5.021839093274648169e-01,5.455455887314932806e-01,8.924682813807499615e-01,3.254604473514590701e-01,6.113270313818111035e-01,7.023776593257206047e-01,4.687903523245926518e-01,9.762810017021188447e-01,8.628773537924114834e-01,8.075096693266134995e-01,4.888178741494528246e-01,1.819106547085393988e-01
8.591252309351447014e-01,4.658393450862229335e-01,6.502825480676962533e-01,4.261975467665088946e-01,9.552381020653002430e-01,7.632491751146261993e-01,5.234775320716364977e-01,2.881756756361890659e-01,0.000000000000000000e+00,3.816428139761308680e-01,7.398039839153135455e-01,7.867683006894928832e-01,6.178741165064894902e-01,6.756597434000420899e-01,7.171635795621632559e-01,8.498169592063490319e-01,5.419563360712074118e-01,6.274993647945934505e-01,7.221490399493948331e-01,6.240759752990675535e-01,8.660539715938682104e-01,4.955337366491927020e-01,7.551404159145063133e-01,9.798505417576829357e-01,9.588065663904357105e-01,6.179312444982343333e-01,7.325717511226492729e-01,7.869158214769884641e-01,7.585630389659377970e-01,4.717229456885110306e-01,3.326580163649264787e-01,5.409643045400170935e-01,8.446881721455254954e-01,5.905018302641252825e-01,1.968449513323889399e-01,9.807732620329452367e-01,6.467054794960530595e-01,2.908437504246679239e-01,8.459816052529358643e-01,7.257254739287619660e-01,6.794880262142886096e-01,6.122074344541719171e-01,9.465743821169058103e-01,6.956060648643626054e-01,4.336436824120220024e-01,9.722804433028379156e-01,8.698076259292826240e-01,4.054654735423163792e-01,5.588185552177177273e-01,4.485740821117714661e-01,7.236500765632506438e-01,3.093675092341336419e-01,5.144390036978422343e-01,7.529762024472869131e-01,6.139245284975414219e-01,6.155468795916336777e-01,7.020561351593578303e-01,5.051365650814053643e-01,8.449146742363146112e-01,7.251151487192128986e-01,8.906974865159041077e-02,6.531653798251522147e-01,7.083280685231094775e-01,5.275431496262820152e-01,9.101474589699786177e-01,4.986034158012700446e-01,7.555462625730205994e-01,7.781559518787033447e-01,2.105121240831696050e-01,9.133207897458595070e-01,4.740355040433100187e-01,1.507444790278769098e-01,7.229772962039248130e-01,3.477989477504273008e-01,5.923789093155151786e-01,4.987220180393291402e-01,9.315613483385267735e-01,1.832258015831675912e-01,3.415144604825754993e-01,2.961259567199681642e-01,6.126591544004745815e-01,9.610685277087667178e-01,7.112650830568185700e-01,2.362109709102304667e-01,5.036081845774027510e-01
8.591136225369641055e-01,7.166902474057823547e-01,9.716306837079564662e-01,4.914668921183245609e-01,6.904795106423348150e-01,8.605780380923924167e-01,3.391274714268475293e-02,8.051503872719368848e-01,3.816428139761308680e-01,0.000000000000000000e+00,9.397127401774136857e-01,3.683297659396018719e-01,5.811692314530170211e-01,4.897108194639041012e-01,9.052303655470299582e-01,5.659519486020408996e-01,9.198407531465460085e-01,9.819561795149922556e-01,9.713048937634434221e-01,6.167191510654685960e-01,8.092537858668608086e-01,6.530115392180367850e-01,6.806035027389856218e-01,2.354522388110555364e-01,7.726609553440637601e-01,8.720946075602489245e-01,9.360866968744114835e-01,7.374513164133548182e-01,7.077962611834570650e-01,7.361819842283822135e-01,4.970439342928399395e-01,7.197407313793957595e-01,8.757102864560251110e-01,8.233516971818150010e-01,4.140021915263755736e-01,8.016197366937970470e-01,2.461380257692463158e-01,3.072749510798037376e-01,9.996727785373240582e-01,5.236694473238089342e-01,2.173179046083895290e-03,4.556449729810239102e-01,6.041596112369066462e-01,5.890074630310833115e-01,8.915105387924424640e-01,9.452805306804690222e-01,9.170080553092041509e-01,4.890954407542519311e-01,6.421380469906048383e-01,9.359573656795101559e-01,4.512530817665021399e-01,2.812512630732257324e-01,9.774119836517429771e-01,6.554030956439294009e-01,4.120154341247844187e-01,7.653207319884598459e-01,3.538293152090730281e-02,9.233255346267942310e-01,6.959682618854071690e-01,6.663693210477510398e-01,2.478796895887869778e-01,7.271196581434820061e-01,9.727563268760676118e-01,8.430881123918000375e-01,8.015530952509867246e-01,2.587030592491102224e-04,8.429441376662096808e-01,8.256759894085633489e-01,6.711919502206945554e-01,3.706149090874986674e-01,9.271688910359869862e-01,5.699936797830134072e-01,3.555545954036465894e-01,7.562743968739792377e-01,5.941145686640212364e-01,4.818299065209386556e-01,7.498285567062485946e-01,7.542180106025299091e-01,6.289108231085158707e-01,4.571472017727569725e-01,5.549947997931312660e-01,9.513463235777659399e-01,9.637311464336744127e-01,6.903800807021619468e-01,9.858023526968039407e-01
9.037390244295718800e-01,4.238149539273022848e-01,6.880604390062735609e-01,8.998703497083221370e-01,6.620507173093305164e-01,9.875453938908036466e-01,7.670730760712969332e-01,6.725259430220841272e-01,7.398039839153135455e-01,9.397127401774136857e-01,0.000000000000000000e+00,9.681330349866706930e-01,6.787503624261178592e-01,2.813478652525848167e-01,5.763516764779175183e-01,8.802104453833546893e-01,7.868810543494151322e-01,6.936472612540820482e-01,7.936135140831059864e-01,9.070847396024880327e-01,7.853547433470661199e-01,8.488076284843487640e-01,8.248354757266112003e-01,7.550652587945441141e-01,4.614093430561540532e-01,7.302090767702091867e-01,9.877137344948064834e-01,1.726138568128680328e-01,7.818903429430046348e-01,6.245202883511725700e-01,7.928451969608591998e-01,7.574427026603087754e-01,1.561047958981767736e-01,7.992433276255226371e-01,5.336168514954755526e-01,2.929748643554779819e-01,4.073654148412699239e-01,6.992338110372519067e-01,6.838179463110926060e-01,5.428520506827783088e-01,4.289408089138438962e-01,7.594832067875496584e-01,9.465250029986007618e-01,8.762522988230240228e-01,8.647466374408373513e-01,9.012554621293226154e-01,6.579542863408768261e-01,6.569695477278897355e-01,5.410137593638102427e-01,1.189088917196170492e-01,6.825997830683643297e-01,6.006845795590067816e-01,9.285573244431333251e-01,6.263021825735975989e-01,7.982699105503973103e-01,8.363420471349390928e-01,7.944934736294280153e-01,9.199108654334544610e-01,9.896493328393647371e-01,6.339617835840921645e-01,6.280625671566085755e-01,4.151502931221365822e-01,6.923422179789954223e-01,8.388987838475764347e-01,5.221741991314258202e-01,4.940867586890873575e-01,6.328341259418897025e-01,6.051231901885446574e-01,4.267738968906048536e-01,8.316236285417396568e-01,6.550646606941500361e-01,7.958042505702466185e-01,1.538719182646081374e-01,4.736255820389719262e-01,8.350839560485441293e-01,4.379320670928489312e-01,7.797645018722278998e-01,7.551962905386906399e-01,6.554993375247635257e-01,7.528631475457459032e-03,3.225735680205054079e-01,7.795546191131901281e-01,9.931612227545810745e-01,4.113072704218161402e-01,2.239705818952602567e-01
8.289204124503467552e-01,9.326837678912160978e-01,3.332981903821614633e-01,7.375090420724244034e-01,8.321677100036599661e-01,6.054015411771511701e-01,7.200354316725803283e-01,2.145663999741344863e-01,7.867683006894928832e-01,3.683297659396018719e-01,9.681330349866706930e-01,0.000000000000000000e+00,5.797154650172516854e-01,6.434258897142316469e-01,6.389584231917789792e-01,9.119290840638005768e-01,6.472673402445972002e-01,9.348709019743557391e-01,7.506147048226855523e-01,4.877266534866754322e-01,6.600672263130926698e-01,7.073690571845692165e-01,6.827668326346812977e-01,9.960724783648169378e-01,3.761090462931372391e-01,6.578790178509280606e-01,6.212954346682698636e-01,7.640662542580333172e-01,3.059122248135826005e-01,1.375276051534275734e-01,3.807761568689776999e-01,4.967180376263628516e-01,9.057855335929594354e-01,3.215301604492504239e-01,8.878663957561591102e-01,5.161218509376264141e-01,4.782277104451458927e-01,5.582811955231281598e-01,8.555096801745233348e-01,6.936466698104747364e-01,6.186259140893186625e-01,3.124377822359011292e-01,8.475479168495463345e-01,3.638666463640348181e-01,9.608578595405085077e-01,6.704614471487787553e-01,8.378566045260238404e-01,4.491724772943380128e-01,7.739512030310626844e-01,4.002932462552363790e-01,8.080408844262521040e-01,5.650031731256335288e-01,9.819049431595031630e-01,8.928224813563025997e-01,9.254985326897305908e-01,9.928968863680305290e-01,4.746229313922473159e-01,9.397014414258851867e-01,6.580738146799419708e-01,4.580988800398653193e-01,6.969651514855965679e-01,6.250339254964555336e-01,5.027871405374362279e-01,8.655471901721077943e-01,9.700537036086067655e-01,6.100933739819605073e-01,7.616571156613382021e-01,8.593777423250402725e-01,7.099377648269264984e-01,8.199755195351353665e-01,2.174274122163782352e-01,5.107893373336404030e-01,1.094174422358946686e-01,7.596888944756362561e-01,4.580110605111296640e-01,7.036747188431834443e-01,2.966677377159003814e-01,9.059691490431318606e-01,5.030206959065223193e-01,1.725029446346457856e-02,3.151257942063819262e-01,8.912827298712149293e-01,6.224405571876393539e-01,5.790378958962530964e-01,6.924750435201942889e-01
7.522434831222426510e-01,8.780469774403457661e-01,4.834644050453359432e-01,7.890055155852765401e-01,6.509282199375512334e-01,9.225756917129798174e-01,3.366142283762370568e-01,5.712220926061131188e-01,6.178741165064894902e-01,5.811692314530170211e-01,6.787503624261178592e-01,5.797154650172516854e-01,0.000000000000000000e+00,1.849130590394583093e-02,9.493873856346547457e-01,9.894714699414530745e-01,4.464965891308104728e-01,8.312237797428199126e-01,8.386501886397292882e-01,6.868059120204509371e-01,7.031771599412284246e-01,6.265023075528215468e-01,5.984668869980327433e-01,9.222664607992199226e-01,6.352943836939342059e-01,8.966254960408827079e-01,8.643483302538327306e-01,9.615659278346678773e-01,7.959561256159934928e-01,5.555477806614302905e-01,6.002417031168303385e-01,4.385086107287352042e-01,7.871368992045939539e-01,7.019105104768379455e-01,4.633949774221689522e-01,2.563617112942619403e-01,4.867210683649614289e-01,8.764027412450875465e-01,8.297570243286849223e-01,7.609007163882792746e-01,2.324196035751366352e-01,6.651879762948024188e-01,5.340572806438086406e-01,9.878014346927919132e-01,8.438424545981458857e-01,4.035227809017374323e-01,9.755825310803625250e-01,8.070900908798457341e-01,3.906596084982539296e-01,6.037970693162649782e-01,5.509102865953163786e-01,7.880234550327611664e-01,7.616500768193039672e-01,6.574371022041418655e-01,8.980967690518776303e-01,9.785578935034533465e-01,5.586240352864493275e-01,9.708296953294848208e-01,8.678164171051776510e-01,1.030040144798910762e-01,4.980008035042227665e-01,8.982852910658760681e-01,9.265912816590280432e-01,9.149238812967910306e-01,6.957411986257044934e-01,5.081746792662445063e-03,8.682964288748371562e-01,5.018065938436556683e-01,7.357663118489706777e-01,8.539099649879472453e-01,9.912174214025251118e-01,8.533550177610471632e-01,5.488653461795321986e-01,4.708431405295748773e-01,7.725870467106570327e-01,3.792442993305054078e-01,7.907180839324978727e-01,8.984749193884729035e-01,5.347597914454782497e-01,3.968933262916535809e-01,7.257415948773361380e-01,8.761183984521976331e-01,8.993666031713652975e-01,2.734839476454719032e-01,9.210433346806188304e-01
6.081439507655437282e-01,9.361631154590045467e-01,9.190837322938596454e-01,2.936336551364368552e-01,7.391968258204568709e-01,7.164891518964507933e-01,5.704193006170815705e-01,7.791915787833171292e-01,6.756597434000420899e-01,4.897108194639041012e-01,2.813478652525848167e-01,6.434258897142316469e-01,1.849130590394583093e-02,0.000000000000000000e+00,7.216298627272276223e-01,5.273194837453842876e-01,9.488187298861874286e-01,7.362673316096435272e-01,1.155774090464823101e-01,6.848772661262647610e-01,8.058297347324435700e-01,6.196489343220237256e-01,8.830436142089475027e-01,8.286012024228853745e-01,5.697201779262589527e-01,8.027646289855865369e-01,7.273344305789308795e-01,6.151879600431031658e-01,5.397231649176388313e-01,4.751985182132834051e-01,3.896900663293587641e-01,7.239712395040658333e-01,9.951302000594609565e-01,8.021090066162778198e-01,4.630250171354058919e-01,4.316587933344045447e-01,3.321287824269287814e-01,5.646004477548551836e-01,8.740492624659622622e-01,3.090691016500568544e-01,5.804217429750000434e-01,7.044808062134895188e-01,2.320590436236653342e-01,8.805459275333188396e-01,7.776312508093056186e-01,9.882867473101946132e-01,4.621931152647050234e-01,8.684927531013451052e-01,8.908151922374605292e-01,9.620353320745579362e-01,6.844711376620563614e-01,8.942379048157096388e-01,6.270477341371755164e-01,5.571863461291830522e-01,7.897443182073438095e-01,6.884000244676443669e-01,2.548535507043917514e-01,8.634053554649756546e-01,6.021655068681589507e-01,5.165701106867777170e-01,4.242970743139974910e-01,4.154789187187384325e-01,7.535864706189764339e-01,8.930937300115500133e-01,9.068561585400537473e-01,9.831401756966238192e-01,7.131505148267653915e-01,9.586944027406603119e-01,2.824315821776779423e-01,9.294200547316361360e-01,4.180199220877518496e-01,6.043353901397322536e-01,5.015400603988225958e-01,4.764301133974478963e-01,5.842244101876860052e-01,5.547016435777850640e-01,7.129666507626797323e-01,7.680713557539377012e-01,1.183958761941055204e-01,2.574428405011151000e-01,4.188300154016717514e-01,6.018609369614068560e-01,6.912728622143506918e-01,4.104660665548805487e-01,6.658385726934611393e-01
9.490822341769263870e-01,6.095929062903155948e-01,6.051493541538723875e-01,4.810893706998443098e-01,6.014987425518276698e-01,2.655748512596814437e-01,6.357930750757740945e-01,7.594020583796213808e-01,7.171635795621632559e-01,9.052303655470299582e-01,5.763516764779175183e-01,6.389584231917789792e-01,9.493873856346547457e-01,7.216298627272276223e-01,0.000000000000000000e+00,7.605757475808437862e-01,8.909451074548777605e-01,9.785897077602848659e-01,7.458047819021458302e-01,9.017690910712170549e-01,9.220471762857957998e-01,7.374117754562944382e-01,6.603696479054896873e-01,8.656620756355797308e-01,3.600694328512449860e-01,4.641375092529074209e-01,6.272313997044408618e-01,2.943217423496432006e-01,1.674875175750821787e-01,7.323362008875906604e-01,2.236229218503824057e-01,3.043073591051045357e-01,5.172317236965278120e-01,5.618060987550876906e-01,4.170070154305715038e-01,4.639576705937278889e-01,4.196972741015747577e-01,3.278552779022283481e-01,9.773226463342263859e-01,9.760717478640560385e-01,7.317841886716296429e-01,9.125694459637165856e-01,8.797755721505029491e-01,9.814301392944654312e-01,7.410200864258050801e-01,6.582964018605430567e-01,5.598663887439834230e-01,2.479267356510852505e-01,9.149136960778213590e-01,6.409285313419257335e-01,8.213158122573115394e-01,4.392166269519414690e-01,6.056740243972624782e-01,7.342764824987358940e-01,9.021719174284554832e-01,7.575582969399776712e-01,4.627554984859272129e-03,9.977483354926590664e-01,3.624812134851030931e-01,1.225996440428813762e-02,2.553311214774835469e-01,6.045224151545689484e-01,4.173777683592244103e-01,9.764108194170634247e-01,2.234846996432667265e-01,6.050451678521019394e-01,7.961173147535796080e-01,8.639822224381221716e-01,6.390217955423336260e-01,2.469466084928827465e-01,6.899788061043095055e-01,4.463671015101743911e-01,5.826555766715376672e-01,7.520447521823450665e-02,4.172758973333572374e-01,6.256420535303238717e-01,6.367558791651819483e-01,4.848656363964167215e-01,6.049245584169422596e-01,6.311285965725661473e-01,4.763723913470549465e-01,9.238664133320879657e-01,7.191430114988655031e-01,6.330965609491999713e-01,8.808707033426186328e-01
9.502625127682882145e-01,7.482934092797898229e-01,8.733712360100885919e-01,6.940760909574452686e-01,6.633481567138070911e-01,5.230778739761752227e-01,7.120954085834824143e-01,5.807498266506184725e-01,8.498169592063490319e-01,5.659519486020408996e-01,8.802104453833546893e-01,9.119290840638005768e-01,9.894714699414530745e-01,5.273194837453842876e-01,7.605757475808437862e-01,0.000000000000000000e+00,9.679894841526597293e-01,4.760087190142597846e-01,6.423623041118888821e-01,6.362316491536897933e-01,3.975448847175822031e-03,8.658807543424752451e-01,2.718110820410407080e-01,8.606223164557589289e-01,9.316235993735301202e-01,6.607589446960278057e-01,4.621856056299996629e-01,6.247214346959306663e-01,7.367930248427090323e-01,5.467145549405446614e-01,-5.262544342957475862e-03,9.138579889015390201e-01,7.500535755871828858e-01,9.094330646743011837e-01,9.644457764532016197e-01,6.142717961947004035e-01,5.154612755030060223e-01,6.181154895667643201e-01,7.562740074175333671e-01,4.766353094331003959e-01,5.975942765860998707e-01,8.175501492513431723e-01,8.397631183096024854e-01,5.324231550029713267e-01,3.462192592706885286e-01,4.744402827911131104e-01,8.299688415811140585e-01,7.254777820101420138e-01,4.419806392264019057e-01,7.035429203367156159e-01,6.850853582442287815e-01,8.580944793129391401e-02,8.582084515599522900e-01,2.234212876914589418e-01,4.402557630232151187e-01,6.018623834245626636e-01,6.302019020657129156e-01,5.812574266078193164e-01,7.530701317866342892e-01,3.179067778562886248e-01,7.362819257551295182e-01,7.264723382411062413e-01,3.374361474604836708e-01,9.193757714101722378e-01,6.612666606655466239e-01,8.514620890946023035e-01,6.069057099788123244e-01,7.052228709985106647e-01,7.232453943237924232e-01,9.787282089364587323e-01,3.394846324602395771e-01,2.400270940640648332e-01,7.849204548472206167e-01,9.321847362702356810e-01,7.737553076966635635e-01,6.165892957368364069e-01,8.338113317486953724e-01,9.361604164852440624e-01,2.150533195267563813e-01,6.238404662754268859e-01,9.162166758621611562e-01,6.833610898831388170e-01,5.498790149391059590e-01,4.999626902468928824e-01,6.965506902319974492e-01
8.317101946950343772e-01,8.616402601385728666e-01,9.408012948556139232e-01,6.097612189775519775e-01,8.417332763957073860e-01,4.351182561668997528e-01,6.899267174527192736e-01,9.149047200660997969e-01,5.419563360712074118e-01,9.198407531465460085e-01,7.868810543494151322e-01,6.472673402445972002e-01,4.464965891308104728e-01,9.488187298861874286e-01,8.909451074548777605e-01,9.679894841526597293e-01,0.000000000000000000e+00,7.893430178546765319e-01,9.985795081048659538e-01,3.993132229210757389e-01,9.007795976546320027e-01,9.207836056240767952e-01,7.199767969411279278e-01,9.031594723366751509e-01,7.283427105561112169e-01,9.904954106606377318e-01,9.565363186171981225e-01,7.767734945041564476e-01,3.952170658487089705e-01,3.376129115023951410e-01,4.363308088461341772e-01,8.327912998443504078e-01,6.072890329139527532e-01,4.193555963666398267e-01,9.923926762885683095e-01,7.110955579590435560e-01,6.881818468126013055e-01,9.577672680424128560e-01,5.420757442680221860e-01,9.869616806143355348e-01,6.823578223078197169e-01,9.743163173560769330e-01,4.335914667854491311e-01,8.920652681110038396e-01,6.367467555384238587e-01,7.256550333806810471e-01,9.568455883874792400e-01,7.602009196257177859e-01,7.266322353294700775e-01,9.937713840593800363e-01,8.897246565968017773e-01,6.161599728126355702e-01,-1.249570486335105923e-01,3.353467719791580759e-01,6.551398984204717113e-01,7.328460049279281741e-01,9.045596907911758189e-01,8.545488379041269456e-01,6.037244578035925180e-01,5.135643854477032200e-01,2.043528438222888197e-02,6.275256977374537026e-01,6.704838025902302157e-01,8.284900916127049264e-01,2.487108165533800652e-01,7.697366244492963583e-01,9.976408062470328852e-01,7.161953158333767000e-01,6.362755549535841215e-01,6.092511545308493259e-01,4.317633145750859880e-01,8.044645278346902462e-01,4.353647494238679916e-01,3.609783141777170856e-01,4.551338746966197002e-01,6.129968176399416269e-01,8.864889036150256363e-01,4.036064814886180518e-01,4.644144297520439446e-01,3.262917606527006020e-01,7.266286342095836792e-01,6.508827262875355180e-01,5.673217485432885399e-01,7.409899145604910142e-01,3.589231206988248157e-01
6.526294403340735517e-01,2.417974900601509991e-01,6.866244145603299653e-01,6.318553714820781542e-01,9.032656506566616450e-01,8.376236733661845957e-01,7.021494216966368551e-01,9.907384593825824259e-01,6.274993647945934505e-01,9.819561795149922556e-01,6.936472612540820482e-01,9.348709019743557391e-01,8.312237797428199126e-01,7.362673316096435272e-01,9.785897077602848659e-01,4.760087190142597846e-01,7.893430178546765319e-01,0.000000000000000000e+00,6.031924866682186748e-01,5.442182884893016492e-01,7.737927009828751146e-01,1.664102274089515332e-01,8.087980205379892151e-01,6.115510381001655338e-01,4.435868010417794438e-01,6.258336010231987379e-01,8.784926328892612712e-01,7.535778185175417976e-01,7.155406146508017651e-01,5.275238125655221655e-01,1.910160241117017932e-01,2.110466454676366843e-01,9.782175160000406988e-01,7.450222355558518972e-01,5.688397651468823923e-01,5.783329242875616671e-01,5.620914794008856630e-01,4.338842162571272532e-01,7.416497462859921175e-01,8.326476288021626981e-01,4.109678657401955593e-01,7.427656824575188388e-01,9.194192118866386654e-01,6.901200757871458480e-01,7.843905497129767257e-01,3.913642079506187144e-01,6.909144089349800177e-01,9.272466548740221359e-01,8.618097631015043669e-01,6.509362473753432798e-01,7.265320391887197804e-01,6.537123817381162993e-01,8.731030603227503128e-01,7.320521988419048665e-01,7.302155069516796937e-01,9.881906329469085648e-01,-6.269268921908005554e-02,5.032011024225871987e-01,9.653707543785887690e-01,4.826289342207409350e-01,4.053396453191469018e-01,9.327275037656960199e-01,1.902874167474854772e-01,7.950023167586397488e-01,4.111241950811287960e-01,7.565796123820803798e-01,9.442889929155320328e-01,9.919032225542255832e-01,5.290294023692418968e-01,9.312797136245856144e-01,9.896121553594687814e-01,3.804280598435841876e-01,3.308366877405277684e-01,6.623542227985006470e-01,7.528120896713819121e-01,7.921543748344836988e-01,3.234797090029275513e-01,7.606252818038929941e-01,6.354504627972035191e-01,6.851811444920455907e-01,5.935930081204767728e-01,7.727994855999157364e-01,6.436104005322526023e-01,3.683587103946248664e-01,7.373273569747067491e-01
