0.000000000000000000e+00,9.998345230859899679e-01,9.357026442268475686e-01,8.370197925195148603e-01,6.543190648305414747e-01,8.629217729197375952e-01,4.049602241310393813e-01,8.238590698712885407e-01,8.536541625432922942e-01,9.979832982069887226e-01,8.562857466078521718e-01,8.201286218470040801e-01,7.370351404580439691e-01,9.354402024633634571e-01,6.298320651652203894e-01,9.992113993987612464e-01,8.060868950960289325e-01,7.348789057784013146e-01,9.706030816253338189e-01,7.265763297404147503e-01,9.255211759547554706e-01,7.410713737470846496e-01,8.293097993194630257e-01,9.329637907960096621e-01,4.959916093660453051e-01,7.205590391075163970e-01,8.636953542417413754e-01,8.404893935741004629e-01,6.610760188422653005e-01,2.153393579987818440e-01,2.850767734986351942e-01,7.911640035788816139e-01,8.178801782352475014e-01,9.440528214896206638e-01,8.087152596728990339e-01,4.814806073299432998e-01,5.994754117602112409e-01,2.636117387868933126e-01,9.995479166479606103e-01,8.152428194703023046e-01,5.733891557421678664e-01,6.878449717889776327e-01,6.872770354176555019e-01,9.060255026877723772e-01,9.883925537180489052e-01,7.659953529237895076e-01,6.754257314296868708e-01,7.463105556299332033e-01,2.321695224111176570e-01,7.318297947708420903e-01,9.149475980921611962e-01,8.759828486477556631e-01,9.049033577710443588e-01,9.388851840106531288e-01,5.692243784746460200e-01,8.746336151380953439e-01,9.818373790775544174e-01,5.359865701100607893e-01,1.855098677244637617e-02,8.848636593870597977e-01,5.110014211149567220e-01,8.342537583454434635e-01,8.557250154865350122e-01,9.186080782144266932e-01,4.559577294982588014e-01,6.498493947044698960e-01,7.799358302362817685e-01,8.783699129240007952e-01,9.672229316208764693e-01,6.573774221259233164e-01,7.820143672018737835e-01,6.723803816867489624e-01,7.632510445930056342e-01,6.953797903948135684e-01,8.124616880995820800e-01,8.901198574492286131e-01,8.603249919744815344e-01,8.311296986766504302e-01,4.893440571149163532e-01,2.914139411870020346e-01,9.756668663130163566e-01,5.803305270141283501e-01,9.122209231107926142e-01,6.633389756716170371e-01,7.130008223491520747e-01
9.998345230859899679e-01,0.000000000000000000e+00,9.356660701708626737e-01,4.414806410917251900e-01,6.884194076144732888e-01,6.657383455576132425e-01,7.717343574781189153e-01,8.334857662814235679e-01,7.122805144427649671e-01,7.354857939475050177e-01,7.082875129102773615e-01,4.874182471860311061e-01,8.366530122254813850e-01,7.490140148725891178e-01,6.653120350266562566e-01,7.227988346195026725e-01,7.065322754322538312e-01,3.099512497998057614e-01,5.148824509303809860e-01,9.042740196978629186e-01,7.793510772950611454e-01,7.862426798980721721e-01,7.340831065228410335e-01,6.746776829042288037e-01,8.541900292082950097e-01,7.068251877616316126e-01,6.430242682152083056e-01,8.317593189597042302e-01,4.997689519542278941e-02,2.640108926604218809e-01,6.997122281277988742e-01,3.448356003904607947e-01,3.583218312654396498e-01,9.250220634613444126e-01,7.036627924334691864e-01,2.403338795212607570e-01,5.868778132211800724e-02,6.511473729239022346e-01,7.104393624157701037e-01,6.834751799303317998e-01,5.752571030304061139e-01,6.278144650698219698e-01,9.703306519609060654e-01,7.294464488076075614e-01,8.525998265916217012e-01,8.602823554734376765e-01,6.755654074794229524e-01,9.065260006274072913e-01,8.426863870861101002e-01,3.917679578755910996e-01,8.407565515402146694e-01,6.830824374983148761e-01,5.282159941026147720e-01,7.751288770076256718e-01,8.335482148756739873e-01,6.659566028132078985e-01,4.865393688518530046e-01,2.603968745847179966e-01,6.546231320161581824e-01,4.968736306085809185e-01,8.464566733661024189e-01,5.042616126253872677e-01,7.262753988725324517e-01,1.303215894440768741e-01,8.793071505063796423e-01,7.824119264625390979e-01,7.885664023437763959e-01,8.293425426871895434e-01,6.269386873534689153e-01,8.341569125247462191e-01,9.447235719919169217e-01,4.570423095096093902e-01,1.714946396071687917e-01,7.347170266971296826e-01,9.412699461917358734e-01,8.581158412668581370e-01,9.349017854561599838e-01,6.720519471626265062e-01,2.841407335666568668e-01,3.501393152229778094e-01,4.850064359568823091e-01,6.252661543439562708e-01,8.538952922660304479e-01,2.109861787094461649e-01,8.935593102663698106e-01
9.357026442268475686e-01,9.356660701708626737e-01,0.000000000000000000e+00,9.943447514822347788e-01,7.218828187810275576e-01,5.035937147965079408e-01,9.952568017123144539e-01,6.543714388979855467e-01,6.740941082337338353e-01,9.720602958239422664e-01,6.022517053593763325e-01,8.479824468593707421e-01,9.872035036624147164e-01,9.030718835468419803e-01,8.822447296185268462e-01,9.689009170705694673e-01,8.530217256578763729e-01,9.415323650980247372e-01,2.166998694096605727e-01,4.733357099384856159e-01,7.029599983700476340e-01,6.181612205331012966e-01,9.799184330948379484e-01,6.692860097131672070e-01,8.491157921033516409e-01,7.095488772595157645e-01,8.679132777546758604e-01,6.103627064051700968e-01,4.507890136974364581e-01,7.766011848910679971e-01,3.417830833761624776e-01,6.079163464103409797e-01,6.424002270779621826e-01,8.091768749641128355e-01,6.308810419609648390e-01,7.917787737603591003e-01,2.963469379885768154e-02,8.031004819276383877e-01,8.576102562019067843e-01,9.990630344285216236e-01,4.749327410073133082e-01,9.338424820810019567e-01,3.814671441205930158e-01,8.020645777372572560e-01,8.581860523493876070e-01,5.504901447769434686e-01,3.241562308143876026e-01,9.693116955474359031e-01,5.585217014123098345e-01,9.434260347349106013e-01,7.398648534683534006e-01,8.735980528352871310e-01,7.498454827301971326e-01,4.474833120822890309e-01,6.943065938953232319e-01,6.636481857435944098e-01,9.103538789717918744e-01,7.723591448392164160e-01,9.289080479853286665e-01,6.514655633954333780e-01,7.457275072394816684e-01,7.819899468538513698e-01,8.387560659106316763e-01,9.525729781993257372e-01,6.988522470588541813e-01,8.348670059562892654e-01,7.719324549417210246e-01,9.901361929144499863e-01,7.531360382269634002e-01,7.521453058810361192e-01,1.115243531807389027e-01,6.107380594635568594e-01,3.390834987457648220e-01,4.055721548031234192e-01,8.321073616841448972e-01,8.128697052796000078e-01,9.974983581368541685e-01,8.637082114143828093e-01,7.796869660963736681e-01,2.267963834053979555e-01,8.761079548971622000e-01,6.383957818920112937e-01,6.450856970094245302e-01,9.018960433767286844e-01,7.703357253078797484e-01
8.370197925195148603e-01,4.414806410917251900e-01,9.943447514822347788e-01,0.000000000000000000e+00,6.777773696772561030e-01,6.622863356094568221e-01,7.472830491293324107e-01,5.090675487910248931e-01,7.514470229500794796e-01,8.873065710388533534e-01,9.667200713144485924e-01,6.770598026586260865e-02,6.121522981178046940e-01,8.423884453955321483e-01,9.819749477471843013e-01,9.377989687399679308e-01,9.344377426004297771e-01,6.701015482642938004e-01,8.934512575746567098e-01,8.894239759248268040e-01,8.826740202466722973e-01,5.472946683010635471e-01,6.742840182523300863e-01,8.394150704943026398e-01,2.744387869104596492e-02,9.435278700431436461e-01,8.551224175682710094e-01,9.728948130987867815e-01,7.712277965536330493e-01,5.752518811642226559e-01,3.652294265409447016e-01,9.719851615373256148e-01,7.209912596319816291e-01,8.712800402971044855e-01,7.636356570920350695e-01,5.647129760664759690e-01,6.104439048847302152e-01,7.790074630458153626e-01,7.803698440990357588e-01,6.748689811745359757e-01,9.318058290157837931e-01,8.349342902474163886e-01,4.570071870532586011e-01,5.931920405305370902e-01,9.822064651311017691e-01,8.242832686576175849e-01,5.470835865750222071e-01,9.006378885437056336e-01,9.408644406267906435e-01,7.178818961594554127e-01,5.907112626867602190e-01,7.702163118468723368e-01,7.938837111364529520e-01,7.898950686060033366e-01,-1.006614767315505837e-01,8.958286692368592208e-01,6.789030730978433681e-01,4.655098931990852562e-01,7.194578122159626110e-01,2.292751195239142448e-01,1.211932980196452070e-01,6.599730157146376230e-01,4.561199109935256124e-01,8.291136356888831882e-01,6.084355872113766939e-01,3.441564842574327265e-01,8.039587025145580323e-01,4.786709011602789943e-01,6.212477596160779214e-01,5.857805095036996423e-01,9.338132696239178632e-01,8.726097829015250218e-01,2.456321540368287537e-01,6.864753571518826814e-01,4.620517436624813623e-01,9.002922170480150976e-01,9.840423839455929578e-01,7.125015598662245431e-01,4.805872560772039837e-01,2.440435596582889444e-01,4.371633771242341426e-01,7.645027391249846760e-01,7.393034805651150787e-01,3.287605190285911583e-01,9.851504884831759901e-01
6.543190648305414747e-01,6.884194076144732888e-01,7.218828187810275576e-01,6.777773696772561030e-01,0.000000000000000000e+00,7.952782092136931880e-01,4.864042318165275325e-01,4.839746775360835307e-01,6.930159382610124874e-01,6.366089083269418358e-01,9.300066344604929203e-01,9.681753965445484278e-01,7.131381313623769147e-01,5.975989096752809537e-01,5.426757366000951599e-01,7.532186601994370623e-01,8.550511840928919360e-01,9.381933898526916282e-01,7.259262373799427737e-01,2.737951646325910704e-01,8.833269851406435613e-01,7.422359474487330022e-01,3.972262735282003354e-01,8.465417963870968121e-01,7.888170824175038121e-01,4.901160701187853852e-01,8.084084234394086632e-01,9.092839015222443644e-01,7.838712360306379079e-01,3.131853398979975722e-01,5.014926767930908413e-01,6.684723643729182374e-01,9.843690709658015070e-01,6.571320707501204783e-01,4.262202742870256356e-01,1.451280819850881698e-01,5.396896741504193518e-01,6.783872077391188693e-01,7.308007016466278039e-01,6.127731397329999607e-01,6.317463137286077890e-01,6.099456873214152974e-01,8.603115413515025622e-01,3.929865696932602348e-01,8.688486063589935249e-01,9.182736166000425859e-01,7.696852556086798414e-01,7.607460477175924662e-01,4.646025870826575033e-01,7.718610192401519354e-01,8.318375448216431822e-01,9.729134052647070430e-01,8.833855213638780457e-01,3.751500459201066451e-01,9.465245880645289933e-01,9.602776712782782331e-01,7.579793078100989234e-01,6.880449240896514551e-01,7.808083659326638948e-01,6.179843339976160976e-01,4.563188856151386696e-01,-7.129008881355849980e-02,8.728871449959315632e-01,3.606277462143216983e-01,8.308894178551926579e-01,5.408057014251912431e-01,7.906212541347720224e-01,6.163598565136376717e-01,7.893877599163252601e-01,5.940049681248709135e-01,9.683704641419270676e-01,8.097264911166661694e-01,4.827842231227121861e-01,-3.480051216051704976e-02,7.671359199184024646e-01,4.672706898859267932e-01,9.364601638437828335e-01,7.354848243688032472e-01,7.315262979671904864e-01,4.050955475598420619e-01,9.578123988768749708e-01,8.077713058248577882e-01,3.964921195563462231e-01,5.643088693208411222e-01,6.925971450819747854e-01
8.629217729197375952e-01,6.657383455576132425e-01,5.035937147965079408e-01,6.622863356094568221e-01,7.952782092136931880e-01,0.000000000000000000e+00,3.943939883855251960e-01,7.087720080331370021e-01,7.332673339073786378e-01,9.674186496032439742e-01,6.450089799614504571e-01,6.719629765593624349e-01,7.429195967805688472e-01,9.934166355472642262e-01,7.687782441050271531e-01,9.868232347315759601e-01,9.260476047397858679e-01,6.959513176345544228e-01,5.844740380781745515e-01,5.458072985181247061e-01,5.250755572570878771e-01,7.719921995022236416e-01,6.851470261392363925e-01,5.535613084001264061e-01,2.155967053053568505e-01,8.663419881823123392e-01,8.815055699666752842e-01,7.125159301609527152e-01,5.671951904747742912e-01,4.002493909579011300e-01,6.484333888608632135e-01,6.602419755962625203e-01,8.111705344306880949e-01,9.585114015670249676e-01,5.932656126352875425e-01,5.005986006680531730e-01,7.164014429973712961e-01,6.504553200124658652e-01,9.478737137852966121e-01,7.130873180439545322e-01,3.520802797278559382e-01,6.590674072903155434e-01,8.821974894076904938e-01,9.633199098732324606e-01,9.544185162250060639e-01,3.476297808673374234e-01,5.670277128956588975e-01,5.690817243533846659e-01,5.370143977717048989e-01,5.779446844616797918e-01,6.897656556480362688e-01,8.186983109943479775e-01,5.826281627251520545e-01,9.440222025446943777e-01,7.993127153290084941e-01,8.536166049021605140e-01,6.154206702212053903e-01,3.130626124066758220e-01,9.420521688476644062e-01,5.550723084662420037e-01,5.811337676904513305e-01,6.213752328572349493e-01,5.019373837634967250e-01,6.452139590680627812e-01,8.287179069900485473e-01,6.829662921367426476e-01,1.544665908981753821e-01,9.042123637796417590e-01,4.675172538899972086e-01,4.654325154090278582e-01,7.781896643553951609e-01,1.555112003301631352e-01,3.226394814946415002e-01,5.055681452122882114e-01,7.132450393115306042e-01,7.957252858305299270e-01,9.037459637981239968e-01,7.086394170317713570e-01,5.599057146070026691e-01,2.307475157045277281e-01,-2.707435124283055772e-02,8.905478799278727653e-01,8.471185106566906375e-01,1.065234314450211744e-01,6.603693481617388672e-01
4.049602241310393813e-01,7.717343574781189153e-01,9.952568017123144539e-01,7.472830491293324107e-01,4.864042318165275325e-01,3.943939883855251960e-01,0.000000000000000000e+00,7.805780147846380634e-01,6.134488891496293617e-01,4.842142634291566328e-01,6.999518433753612046e-01,4.022043579829400750e-01,5.304523778066611017e-01,4.946082478410950278e-01,9.295876224283008415e-01,6.305259240852283398e-01,9.824315883066746524e-01,4.822725398458033164e-01,2.518026457651525440e-01,9.586900446925101793e-01,9.255832928685099326e-01,4.888355582156587165e-01,5.495782503111585893e-01,8.004377697937123948e-01,2.238601420987796076e-01,7.404229251227840702e-01,3.731084219415022885e-01,5.547875737108280969e-01,3.865025802654215026e-01,1.160849762512422556e-01,5.907003842719349418e-01,6.666781156475865000e-01,5.216640344319501965e-01,7.481475586478891771e-01,7.669110926502844539e-01,4.614521612314436694e-01,4.693729968137796416e-01,4.297566247423013630e-01,9.950107882383023572e-01,1.888102865011921927e-01,3.861225661367003736e-01,6.020872689258132127e-01,5.692303420810855830e-01,7.276813945108712156e-01,9.485970685280661341e-01,3.733253072330827010e-02,-7.044128740518165732e-02,6.574854246365726684e-01,6.702123346339333709e-01,9.147363730443283103e-01,7.214977012183603211e-01,8.077514284698080749e-01,4.462284966679608833e-01,7.451958480793490214e-01,6.467490323383606743e-01,5.441837276713962224e-01,4.524671655201297771e-01,5.582210096000626010e-01,9.251515618499966953e-01,4.799136346269994857e-01,1.847345884302296903e-01,8.544863050270234961e-01,4.980225651387085173e-01,9.834911276958016035e-01,8.540585899251792457e-01,3.027791831207031770e-01,3.817161265854782659e-01,9.658127600981492034e-01,2.905902755480348487e-01,4.137786113519868469e-01,5.588687323270539187e-01,7.627030319494121358e-01,7.847723619399546990e-01,6.958030723915910043e-01,7.089207550331497742e-01,5.132667773346980544e-01,6.795667015005224521e-01,7.721365347761639519e-01,3.576485371995699047e-01,1.401405340485343265e-01,5.705801161798428334e-01,7.632494754882550581e-01,3.297080633731680477e-01,6.293639919963891494e-01,7.156300200963197078e-01
8.238590698712885407e-01,8.334857662814235679e-01,6.543714388979855467e-01,5.090675487910248931e-01,4.839746775360835307e-01,7.087720080331370021e-01,7.805780147846380634e-01,0.000000000000000000e+00,4.462022940228784207e-01,5.863442662440582209e-01,3.208630649929415379e-01,5.941646360778585212e-01,6.332597155579580139e-01,6.831327794047082902e-01,5.281867335103718197e-01,3.289434186306585128e-01,7.828746694688585306e-01,7.004364740858376459e-01,3.758350606058877830e-01,6.943579150917227327e-01,6.219784383432177544e-01,6.164824928706731377e-01,3.190529353323038331e-01,7.469537017640197618e-01,9.389524505520632225e-01,9.423227179834239298e-01,4.666542478354351875e-01,3.884217181102198047e-01,4.463645164127688636e-01,5.445233646171332431e-01,1.191577559747968168e-01,2.372894044160408500e-01,8.731819269569380815e-01,7.739883577516618596e-01,1.338644725663999946e-01,7.935235406796261604e-01,5.430126778861801284e-01,7.982483353561274919e-01,6.882976131068635484e-01,5.399480278021362434e-01,3.712415372603011798e-01,5.449610276833211087e-01,6.304651619007519692e-01,6.304883077393147461e-01,6.215472509292563341e-01,-1.206008156547987570e-01,7.542048118859082662e-01,8.297053892171860623e-01,4.288758951628334759e-01,5.448134609120645067e-01,2.644055309109010765e-01,6.163103807679902735e-01,6.674097227841241375e-01,8.284194151299788533e-01,9.452044184209361655e-01,2.956316794721794428e-01,7.369022906713382781e-01,4.605107199160277665e-01,9.224928442646624926e-01,6.594933262507183258e-01,1.766438181783277495e-01,6.551693194576464485e-01,3.362210395645343075e-01,7.076652320336775936e-01,9.351934518401329166e-01,6.565523635232999311e-01,8.059335436903201089e-01,9.325225602386082446e-01,4.671101833281068316e-01,6.247360501976831904e-01,6.343752939963434034e-01,2.049176071496115470e-01,4.605280441425982918e-01,-1.689868038438789577e-01,4.624418891816138855e-01,7.832026277440827799e-01,9.594779880009820516e-01,9.207183535307318367e-01,2.359217145942738014e-02,3.117003378369575528e-01,7.472928094653761288e-01,3.420429874540901194e-01,5.946173844381684725e-01,7.060380060310333938e-01,7.669101978155512533e-01
8.536541625432922942e-01,7.122805144427649671e-01,6.740941082337338353e-01,7.514470229500794796e-01,6.930159382610124874e-01,7.332673339073786378e-01,6.134488891496293617e-01,4.462022940228784207e-01,0.000000000000000000e+00,3.505498676652203383e-01,6.890825954092364425e-01,6.501316200978948245e-01,8.736929975178855390e-01,7.293880170980343580e-01,4.760065143449380698e-01,1.713819021411131654e-02,2.281994202561387630e-01,7.739679019804859283e-01,9.870447166612069667e-01,7.451198778620832242e-01,8.959062389546795790e-01,4.831913010498096739e-01,6.368433622730097499e-01,8.150246689277117484e-01,5.480590702070196052e-01,4.631897200955282234e-01,7.081234134991831741e-01,2.319405213760453444e-01,7.310059340330792299e-01,4.915614281885699044e-01,4.737939763081089328e-01,4.007320729999046538e-01,2.294127934488552900e-01,6.075691841285956185e-01,5.435209815726979032e-01,4.320430094943654153e-01,3.250390352161010021e-01,4.862664229175899244e-01,8.022440022737153953e-01,7.227244228746934063e-01,8.012675261813073657e-01,6.983390488338131474e-01,8.495589884629588528e-01,7.524375307179255179e-01,9.358790912144502316e-01,3.185991309153263229e-01,7.022281551236974062e-01,4.278029017745609286e-01,6.062859008111534109e-01,3.262138759897260654e-01,3.912946680606308458e-01,9.240746537099969737e-01,3.668960766935850382e-01,1.641812611695834256e-01,6.753107238569565629e-01,6.709279010910398355e-01,9.822811795826351666e-01,9.670386016802028362e-01,5.053265996543359062e-01,3.701248890914440870e-01,6.145333367667666913e-01,3.834948793633779496e-01,6.236754540757949439e-01,9.703260042634708205e-01,7.164611252096426686e-01,4.963652174812631102e-01,7.133240510081512165e-01,7.747034147250380087e-01,7.457829305963834532e-01,7.042622178991914117e-01,9.201315400491476559e-01,7.638214218826164803e-01,4.386113342303710194e-01,6.858824823944613680e-01,8.952511851582365399e-01,7.447901991400336374e-01,9.626606437367507541e-01,9.985790479987617374e-01,5.899907633325085499e-01,3.683810508859381438e-01,1.286232717041503049e-01,7.419294818596549046e-01,7.421945605257280754e-01,3.191781633871510482e-01,4.764131125647375065e-01
9.979832982069887226e-01,7.354857939475050177e-01,9.720602958239422664e-01,8.873065710388533534e-01,6.366089083269418358e-01,9.674186496032439742e-01,4.842142634291566328e-01,5.863442662440582209e-01,3.505498676652203383e-01,0.000000000000000000e+00,4.219121740623115180e-01,8.171216351503355346e-01,2.449299377191005433e-01,7.431763338429969723e-01,3.976433917516078997e-01,6.079854221066532949e-01,6.726636410256694454e-01,6.763756370388386285e-01,5.955131903140280514e-01,9.895361708587780969e-01,7.865353562083685635e-01,4.866361936313415848e-01,8.311359060859804249e-01,4.776243305595367916e-01,7.771821748166746202e-01,6.341451087013909582e-01,9.600998654183572345e-01,2.584258091385677192e-01,4.043916310845453999e-01,7.618328905339865065e-01,-9.863366835327624926e-03,4.548605185043491095e-01,8.477107186722718790e-01,6.215977172657221050e-01,7.592730133832650274e-01,3.301141113301056529e-01,1.701098018359892272e-02,4.386854124754159256e-01,9.652167774308489934e-01,6.154124540106593599e-01,2.893506269990046009e-01,8.133346035881083846e-01,9.170402366162407892e-01,5.900373613539378059e-01,7.216350823228021572e-01,2.840993792137022633e-01,1.706836703397052735e-01,7.165069446627059246e-01,6.306210720344850307e-01,7.625923798141096555e-01,9.647829082497562103e-01,6.104624656915397241e-01,8.673666178443100172e-01,7.064758852546615397e-01,7.950998841160635822e-01,9.929488367005011584e-01,1.482122293271770641e-01,9.223015927321963625e-01,6.105919990520354279e-01,7.630644042243472924e-01,3.276257440576912927e-01,7.032265580401483307e-01,9.506356115642836668e-01,4.102254239046977391e-01,5.869898547482153006e-01,6.850161127471150468e-01,2.182326579926310017e-01,5.859848922674425475e-01,7.986942049715002323e-01,8.238520092458617716e-01,7.382424666293923021e-01,5.867015111793736359e-01,7.018359795090727271e-01,3.395611116212046143e-01,4.344861509899582419e-01,5.253097001382456277e-01,8.959579310080779679e-01,4.460303356671176389e-01,-1.861783574826071652e-01,4.817840445308823466e-02,5.419064176828198853e-01,8.177797487610628524e-01,2.157610014031653978e-01,4.519508277426187992e-01,7.034729231666776439e-01
8.562857466078521718e-01,7.082875129102773615e-01,6.022517053593763325e-01,9.667200713144485924e-01,9.300066344604929203e-01,6.450089799614504571e-01,6.999518433753612046e-01,3.208630649929415379e-01,6.890825954092364425e-01,4.219121740623115180e-01,0.000000000000000000e+00,6.577529186223262103e-01,4.958457762119577450e-01,6.236370582351917768e-01,4.414475480506360738e-01,9.921476597249287988e-01,2.427185633231401796e-01,6.245043864748361928e-01,2.901035102929643283e-01,6.567027861003691402e-01,6.803142832801671869e-01,9.806020731167685023e-01,9.911199868421636250e-01,7.717311298401366981e-01,6.545452883187302673e-01,6.764368559859377239e-01,9.441758018309460709e-01,8.845010502073721304e-01,7.182740960512309369e-01,2.271962647071426866e-01,6.109280182692673478e-01,6.658697496562899776e-01,7.154858091558533584e-01,9.977650615386339794e-01,6.605697644937222890e-01,6.600934097911440590e-01,5.621356602073241948e-01,6.953021937863232971e-01,7.283701030701941193e-01,7.950049629539142071e-01,7.736456439140889652e-01,8.105383047215688475e-01,8.090310569579270972e-01,9.206402207456093612e-01,9.192127249749441065e-01,8.497288646013307911e-01,8.859501063444444879e-01,8.968688171663011799e-01,6.672054429900824424e-01,5.568244812032676627e-01,4.056652608526172266e-01,6.330364893076619870e-01,9.986949541477956327e-01,4.064498788699982823e-01,6.161911798631772852e-01,9.323884779717664939e-01,7.388334473206773501e-01,9.911902762510129694e-01,9.819116064420417844e-01,4.040898445570300646e-01,5.871087079351499094e-01,6.193346050205236208e-01,8.994124603527410278e-01,7.662555746276096258e-01,3.602532525909608596e-01,8.277407831085309420e-01,9.836678988529209411e-01,7.626168763671807849e-01,5.396278381459642670e-01,6.286071872173276676e-01,4.147267700828690118e-01,7.741584712453098982e-01,7.209777162433655961e-01,7.920616568814019542e-01,7.114632058391772151e-01,8.354541556873803509e-01,2.097608498729533755e-01,4.468333113424565739e-01,5.872774060637766524e-01,6.533377235490761548e-01,4.060795723372094823e-01,8.135310119444632004e-01,7.743288977448098409e-01,3.259076271229484068e-01,4.633233122131443782e-01
8.201286218470040801e-01,4.874182471860311061e-01,8.479824468593707421e-01,6.770598026586260865e-02,9.681753965445484278e-01,6.719629765593624349e-01,4.022043579829400750e-01,5.941646360778585212e-01,6.501316200978948245e-01,8.171216351503355346e-01,6.577529186223262103e-01,0.000000000000000000e+00,6.185290809361377873e-01,9.722209038706135509e-01,5.653108022006789746e-01,9.567125426493017226e-01,6.752949222971510457e-01,7.980490208701830346e-01,6.717128238638523374e-01,4.145187042893124785e-01,8.844359909690541199e-01,7.050384822520533445e-01,6.665882222150465442e-01,6.580757718589447247e-01,8.500125300973652154e-01,9.990686105267960748e-01,9.387278634189901716e-01,5.255709550621188164e-01,4.074778548111833709e-01,5.259315249938008030e-01,-1.890823558605475574e-01,7.652856435814644476e-01,8.170607696797447250e-01,6.878416300047429655e-01,6.199436078225989410e-01,5.739965200815995150e-01,5.728640952774695094e-01,4.779574232000299294e-01,9.052661396964897245e-01,5.773732099910998672e-01,4.988857168990700752e-01,2.912645898502764785e-01,8.898057346923076150e-01,7.868819610276385212e-01,2.298500042255502140e-01,9.469838322263408603e-01,8.797295381492845623e-01,9.284626594931097987e-01,5.990823738891488670e-01,6.361472595413486530e-01,5.099022585101916638e-01,8.058081823802740740e-01,5.273840374248313090e-01,6.900604466620393618e-01,7.159105778637472328e-01,6.215126618670155922e-01,4.096972620114205932e-01,6.979494392359117949e-01,6.603804643980423217e-01,6.560596438832334565e-01,1.514325566557514491e-01,4.188079090159951279e-01,9.109965265004560386e-01,7.364706602621965414e-01,7.720325923096781340e-01,8.770199977594226315e-01,5.936502971365431591e-01,8.075424810925309060e-01,7.012764072120477588e-01,6.235824362752461214e-01,9.179630858412586303e-01,7.788489749683886743e-01,4.601510928644451659e-01,6.911776055228258109e-01,4.884669895027739517e-01,4.469973413651052718e-01,3.548059339136154788e-01,6.809456778593045989e-01,7.375384157493568571e-01,2.859284022448084772e-01,6.948282553467769462e-01,8.934130767885242186e-01,7.099493395453886357e-01,6.240925303765156862e-01,3.544659293229510677e-01
7.370351404580439691e-01,8.366530122254813850e-01,9.872035036624147164e-01,6.121522981178046940e-01,7.131381313623769147e-01,7.429195967805688472e-01,5.304523778066611017e-01,6.332597155579580139e-01,8.736929975178855390e-01,2.449299377191005433e-01,4.958457762119577450e-01,6.185290809361377873e-01,0.000000000000000000e+00,6.754438678560512610e-01,8.777829786182792526e-01,6.940968299438102784e-01,6.384958913885014908e-01,4.482196859321647131e-01,5.150219009190656339e-01,9.707275111380413435e-01,6.082904432866461653e-01,8.662303666110161560e-01,6.735872854925966102e-01,8.786418056750009420e-01,3.699175631592775959e-01,6.947732892063214205e-01,8.165450433154913812e-01,7.125290772993123634e-01,2.833649584435258273e-01,5.169650329154639179e-01,2.945748670605591313e-01,8.192059850067548998e-01,9.799613688769941433e-01,5.802407438310023258e-01,5.814928205700440333e-01,2.843139873504438309e-01,7.462269663355391991e-01,7.344605730816085032e-01,6.512929617037673813e-01,8.412134385444172135e-01,1.147961592156996335e-01,8.411997868001048761e-01,8.700391149926340884e-01,9.989944997880362276e-01,7.856084141667661891e-01,8.241217695042504232e-01,7.098258683452606244e-01,8.802380601242605351e-01,9.239735606896350983e-01,6.971315379975736581e-01,8.397668516859010390e-01,4.262232584693037007e-01,7.632111626400233106e-01,6.796973208914698361e-01,9.028310273196097357e-01,9.324947095725054647e-01,8.809473122079987117e-01,7.792496545720943857e-01,7.111061422805120547e-01,5.392749191168190182e-01,7.871049443548049362e-01,7.840391804174616786e-01,6.737858996552630320e-01,4.266511463262198656e-01,7.768825531706988752e-01,5.501129663271797643e-01,9.019496881793452880e-01,7.344168052413547754e-01,5.097796962458245318e-01,9.427529531327462076e-01,9.176997537071690525e-01,7.443444667437904005e-01,5.323033540332228197e-01,5.896179829230823177e-01,4.627080492823210101e-01,6.259962189745303940e-01,9.277688648263101578e-01,9.919099800408062162e-01,4.923481936873067011e-01,-5.025295697965750930e-02,4.185296140608074089e-01,3.344636778378977660e-01,4.425029993716240173e-01,5.423038856916737593e-01,9.518699639644805366e-01
9.354402024633634571e-01,7.490140148725891178e-01,9.030718835468419803e-01,8.423884453955321483e-01,5.975989096752809537e-01,9.934166355472642262e-01,4.946082478410950278e-01,6.831327794047082902e-01,7.293880170980343580e-01,7.431763338429969723e-01,6.236370582351917768e-01,9.722209038706135509e-01,6.754438678560512610e-01,0.000000000000000000e+00,6.288133970129539119e-01,6.852971657377407988e-01,7.074997286457400669e-01,4.011415087159072579e-01,9.534167891585283439e-01,6.441391817938841857e-01,9.407745808088905370e-01,9.086762040640036231e-01,7.618213694394315727e-01,8.581429766142234516e-01,6.231409543908770221e-01,7.371806778071862132e-01,6.246874114190068550e-01,5.357941879491970871e-01,5.741592974001683558e-01,4.827200692025083173e-01,4.022785410635553172e-01,6.645555924820232274e-01,4.145228864614596276e-01,8.406542838573454191e-01,7.115287675215180574e-01,2.197366272669110665e-01,4.967763355469108078e-01,7.280166309330760033e-01,8.421007387565161428e-01,2.822090680107970928e-01,9.655562802467450023e-01,6.899979374119801223e-01,4.936364539327940393e-01,7.946978206409642809e-01,6.309848430266599140e-01,4.494462954030151863e-02,8.893640767749442233e-01,7.388698315215868062e-01,8.128710026538743527e-01,1.154168520124117941e-01,4.853672774235360254e-01,7.854842036755458334e-01,8.189317810197528358e-01,2.298787094823332433e-01,8.134880199114582489e-01,5.857256095261166307e-01,5.053539670376293591e-01,4.426721699618443306e-01,9.258250701907996261e-01,6.094369584503398496e-01,6.962607288188437105e-01,6.619604684080211410e-01,6.963557287189486855e-01,-1.735508408479531639e-01,6.921702230525997868e-01,7.341177503119699077e-01,8.682201269978991887e-01,8.846294579107186751e-01,6.415413691646436600e-01,5.164779277198483509e-01,2.369119172416808972e-01,4.989827714795670999e-01,7.895672243333584639e-01,3.218608218569579682e-01,9.053618641917287047e-01,8.089553092607019158e-01,4.955457817936880782e-01,8.891178838526986317e-01,2.128742293981610301e-01,3.579602763440306035e-01,8.706503951587170054e-01,9.398121559722605323e-01,4.131353674548506882e-01,2.155404717260849812e-01,8.938304821400339106e-01
6.298320651652203894e-01,6.653120350266562566e-01,8.822447296185268462e-01,9.819749477471843013e-01,5.426757366000951599e-01,7.687782441050271531e-01,9.295876224283008415e-01,5.281867335103718197e-01,4.760065143449380698e-01,3.976433917516078997e-01,4.414475480506360738e-01,5.653108022006789746e-01,8.777829786182792526e-01,6.288133970129539119e-01,0.000000000000000000e+00,1.760827035148760378e-01,8.864299578115608647e-01,8.592960540400471636e-01,4.835237565932311021e-01,8.557161952755859557e-01,9.747301164185631084e-01,5.401490774514641213e-01,8.150855136967252168e-01,8.249970020586061548e-01,9.998449584966258297e-02,6.135082850928960108e-01,9.702260436078076200e-01,3.730416118887670551e-01,5.753862180142905736e-01,5.895793012820298440e-01,4.916340043505095236e-01,4.033997025970754158e-01,7.123485026824561972e-01,2.282903971939910237e-01,5.006745723845112961e-01,2.923877586305127507e-01,4.164945322289063667e-01,5.241040550672537712e-01,8.476328477235925973e-01,9.657259513105798110e-01,5.828295600213514449e-01,6.462276919955531884e-01,8.049701461826026527e-01,4.695673767695224265e-01,6.910735871175993639e-01,8.901477423727151006e-01,6.146776067288806100e-01,6.998366574748886570e-01,4.361658544623544520e-01,5.057113634959302662e-01,6.435875127766700343e-01,7.041630488355971051e-01,7.164430726521595627e-01,4.307205408755535037e-01,6.895347660253579036e-01,8.873804174976137604e-01,5.501040755104646962e-01,8.642707185156471850e-01,9.685639609119760518e-01,2.983710231756661613e-01,2.609992942773307623e-01,1.581302900890342311e-01,9.798563322495740247e-02,8.490516424184584299e-01,9.754116200349505217e-01,4.109668594651966766e-01,8.932784596600372717e-01,8.058008779365971597e-01,7.822749337897210165e-01,6.724591089635649777e-01,3.875556769478325503e-01,7.668049241015030271e-01,1.163517909100124093e-01,6.958697792318728759e-01,7.675034598099493843e-01,-1.732115682199331097e-02,6.008276567877423036e-01,6.780758828062269927e-01,7.431806872914447082e-01,1.759426844981314686e-01,9.186990548176656723e-01,8.458687754692324479e-01,6.128511124245062947e-01,4.784779814662368791e-01,5.209375546899147613e-01
9.992113993987612464e-01,7.227988346195026725e-01,9.689009170705694673e-01,9.377989687399679308e-01,7.532186601994370623e-01,9.868232347315759601e-01,6.305259240852283398e-01,3.289434186306585128e-01,1.713819021411131654e-02,6.079854221066532949e-01,9.921476597249287988e-01,9.567125426493017226e-01,6.940968299438102784e-01,6.852971657377407988e-01,1.760827035148760378e-01,0.000000000000000000e+00,6.591818285005246469e-01,8.397364252977815857e-01,5.045465939243414244e-01,9.596779772781346418e-01,9.016179214661608210e-01,6.880866077792896496e-01,5.954252061502274262e-01,9.167050272129486643e-01,-1.574548167787486741e-01,8.536252998815994086e-01,6.225824954795191601e-01,5.946036317530228876e-01,6.528910315480123128e-01,3.149662134681255887e-01,1.612311204616727611e-01,6.146654263802688867e-01,4.151130918491006683e-01,7.577283936485613713e-01,7.167674241862270756e-01,4.041540629707460197e-01,4.675977034279380495e-01,2.156327047517324347e-01,8.649275809884842126e-01,7.700033489697342137e-01,5.463726254805265636e-01,5.032606777886499128e-01,8.656698426843278948e-01,4.104580517689354613e-01,6.981706107942455830e-01,9.182936466238186268e-01,8.909063065289930528e-01,8.815385881424767645e-01,6.380294298923580021e-01,5.374850488242310931e-01,6.167523969532121564e-01,6.267062353277422782e-01,3.393229884375488226e-01,6.302135667016923737e-01,6.211071524748668082e-01,5.100086487353554937e-02,5.301468509996822842e-01,8.714394383401659061e-01,9.320783446254432558e-01,2.760788404584711003e-02,4.533607939491492433e-01,7.506628801361243664e-01,9.366038819068033261e-01,6.941928024117902662e-01,8.477723212931177477e-01,5.825888307357497409e-01,5.189527733228599393e-01,8.699494735022235137e-01,4.212256020598277306e-01,4.791162531773557887e-01,9.032195988463074254e-01,9.233054305238282966e-01,8.798270149823301800e-01,6.777168311196427597e-01,5.410734950511855157e-01,6.860214489917897396e-01,6.513645065253000910e-01,6.947304714976029194e-01,2.099448580569382994e-01,1.192533164112466876e-01,2.167564503858615543e-01,8.618993924573281618e-01,7.506459684722680548e-01,3.517405065182176438e-01,8.919302129644610666e-01
8.060868950960289325e-01,7.065322754322538312e-01,8.530217256578763729e-01,9.344377426004297771e-01,8.550511840928919360e-01,9.260476047397858679e-01,9.824315883066746524e-01,7.828746694688585306e-01,2.281994202561387630e-01,6.726636410256694454e-01,2.427185633231401796e-01,6.752949222971510457e-01,6.384958913885014908e-01,7.074997286457400669e-01,8.864299578115608647e-01,6.591818285005246469e-01,0.000000000000000000e+00,-8.725768199414363213e-02,6.413291315328629727e-01,9.570209592533509557e-01,9.100326012935734399e-01,9.167062783783544999e-01,5.154853081217796174e-01,6.360019352445827057e-01,5.749331846240476329e-01,9.535443689307074866e-01,8.006310525187595450e-01,9.690175657929441799e-01,2.021969046970826522e-01,7.601430935060662364e-01,2.583608923422242576e-01,6.236768236895141593e-01,9.895526494546549312e-01,8.156692158931916348e-01,5.329726347488922267e-01,6.394414855553057775e-01,1.735522773392432841e-02,8.735531798050732988e-01,7.483697753188824908e-01,1.021947211101663089e-01,4.354201413333462778e-01,9.917867807884093168e-01,4.154470755918591163e-01,8.340230523757805603e-01,9.395377253066450329e-01,2.683055949978774835e-01,9.742749015475220542e-01,6.291247286106572689e-01,8.681123859731243453e-01,4.586001481261959833e-01,6.099058784963424795e-01,6.076940302167648245e-01,9.808528114506150919e-01,5.827729451397576366e-01,8.470288708453108661e-01,9.059978055394742880e-01,6.158491432266856025e-01,7.245189685555311065e-01,9.108110790414342128e-01,7.091120077125780963e-01,3.410546459912940920e-01,6.835572019467139881e-01,7.657921532738688475e-01,8.056027564432071131e-01,8.265357192312519086e-01,6.867538936840380526e-01,7.526741806656344069e-01,2.037430915370532988e-02,4.783780709305214263e-01,7.593973303453127599e-01,6.253045397487901891e-01,9.162844566801817692e-01,6.051772208736069247e-01,4.352548786126961833e-01,3.783453245520008168e-01,5.636174733746859289e-01,6.106970225800557595e-01,7.581595063699455572e-01,5.019246649563627871e-01,3.091430366614446035e-01,6.725880101865450156e-01,8.641278217189851674e-01,8.117834419826273074e-01,6.578996812274753303e-01,8.180175128442651600e-01
7.348789057784013146e-01,3.099512497998057614e-01,9.415323650980247372e-01,6.701015482642938004e-01,9.381933898526916282e-01,6.959513176345544228e-01,4.822725398458033164e-01,7.004364740858376459e-01,7.739679019804859283e-01,6.763756370388386285e-01,6.245043864748361928e-01,7.980490208701830346e-01,4.482196859321647131e-01,4.011415087159072579e-01,8.592960540400471636e-01,8.397364252977815857e-01,-8.725768199414363213e-02,0.000000000000000000e+00,4.948366113058515481e-01,3.148096720324703446e-01,6.819180068665448013e-01,9.905754063458811765e-02,4.072051830408926487e-01,8.498432198979760654e-01,5.091704896267951197e-01,7.513881266115493007e-01,9.223738272468957611e-01,7.070237696448291587e-01,2.466218719129466275e-01,5.857331248142444435e-01,2.519380558303166984e-01,6.916041538600952165e-01,5.576201248436898905e-02,5.128027587459604852e-01,9.468254764735369866e-01,3.045232656881056155e-01,6.828810370174764888e-01,5.609669551861096171e-01,8.881457469490866563e-01,5.970165221047130100e-01,6.810645563006924030e-01,2.799118622292584013e-01,4.479530393721337100e-01,9.993246232793456807e-01,7.615836278029398665e-01,9.721696851326979694e-01,6.946028783797260076e-01,7.291628325478246575e-01,6.888652318920501783e-01,7.825961384001902665e-01,7.893215721584356803e-01,6.087892081024474100e-01,5.870758695482645173e-01,7.741498751828428393e-01,4.731494310100590184e-01,9.024659937612595773e-01,4.234138408227706152e-01,6.438783761986218712e-01,7.091345873329534255e-01,7.708372420356101040e-01,2.530084643984936710e-01,6.388557233086652465e-01,7.615844996641011333e-01,6.913012337878345903e-01,4.398664205407670780e-01,3.797478709975103950e-01,4.908975996426449551e-01,8.298282913706520603e-01,4.923622147676067207e-01,6.625358854871943315e-01,7.027475297391178044e-01,6.433646223431892519e-01,2.870087007152440917e-01,2.007257903265655119e-01,2.384758819600196200e-01,6.074089500180083201e-01,6.738685318807253744e-01,5.848693614851182554e-01,5.557642584646559358e-01,6.814619922990436951e-01,6.338662598597785136e-01,8.614928416744020989e-01,6.938043996906861910e-01,6.772839503836179942e-01,1.627972951714379279e-01
