0.000000000000000000e+00,4.816203032484148716e-01,8.203022757077917948e-01,5.603466995001237239e-01,8.219354859766156984e-01,1.618332485596983561e-01,9.991800865259259368e-01,8.919902751183357292e-01,7.110577152321472250e-01,4.126082894767770792e-01,8.903591870196236879e-01,7.453090574583759453e-01,9.033980390530987892e-01,6.917274560450087373e-01,9.133273189067452336e-01,6.553537648070539845e-01,9.686263456857183707e-01,6.604514260963059158e-01,6.555319271427432204e-01,9.188584533569099655e-01,9.835494665668282899e-01,6.939885898871513970e-01,7.232982356211798969e-01,7.092937664675565967e-01,6.215565080118571339e-01,6.117368306265167366e-01,8.490473162135336871e-01,6.769634104778162742e-01,4.554140502603399865e-01,4.123636266135149997e-01,3.350874979753503680e-01,9.504653607378682478e-01,9.545100226332627891e-01,6.720043711762082594e-01,3.022730880957318414e-02,7.908140911993174482e-01,2.321951854707550722e-01,2.215866982141304897e-01,8.764824278815745995e-01,5.127633844399078766e-01,2.653410787861147993e-02,7.682007647578894538e-01,4.801919051469819011e-01,5.052219866505210932e-01,9.003562176517697635e-01,9.354946320061978682e-01,8.367771984478747926e-01,8.511081840823006006e-01,6.212948385619098124e-01,8.740471093665751479e-01,8.662570825077722247e-01,8.360870919476484087e-01,9.637148973231978166e-01,7.059530468046832929e-01,6.383476384729950270e-01,9.654083099007513269e-01,7.531602741408752744e-01,7.517348712033020686e-01,9.593318125922757345e-01,5.453528447106239518e-01,4.721827629088581335e-01,8.280887341092846299e-01,2.143759684825887468e-01,9.659341915057546579e-01,8.657550332464936105e-01,8.184275092026632725e-01,6.561287701002340711e-01,8.986463284803886120e-01,8.545200342970813434e-01,8.967004389072809056e-01,9.088581644047716290e-01,6.783387139297434310e-01,4.341440260055204337e-01,7.721892662513192285e-01,6.785296456991662950e-01,2.158494608815200722e-01,6.810796406264052472e-01,8.149372663135646677e-01,4.300299623817142591e-01,3.754472586886591912e-01,8.770248601779879749e-01,9.938535607986819231e-01,6.327038875094107562e-01,6.339316678644068004e-01,2.529737732655169546e-01
4.816203032484148716e-01,0.000000000000000000e+00,8.068953285296043276e-01,7.855637992650013057e-01,6.462349789943971912e-01,6.093939496113806031e-01,6.231484349665641354e-01,6.645382605613725513e-01,6.456698991487216377e-01,6.109990920706752648e-01,4.459120363549798349e-01,8.565942268798387715e-01,6.123614828044691150e-01,9.658352516190328307e-01,6.054598846283888447e-01,7.817791947337704439e-01,3.819158504224190454e-01,2.078082967274182957e-01,5.195608322364713150e-01,9.065445632797589637e-01,4.048034300412287068e-01,7.289037909258735404e-01,9.222416190298456939e-01,9.591533505494269640e-01,9.655290579739468360e-01,4.329868978032016535e-01,6.010193634092705350e-01,8.186142288706942383e-01,2.730174280996063296e-01,3.535108067960504030e-01,5.908128338328068052e-01,6.707084302435499801e-01,3.860039519119198292e-01,8.065188037334382054e-01,1.921302215017178794e-01,7.993521690490767995e-01,2.576149549739971123e-01,5.407554394124938213e-01,6.525908057601219614e-01,9.292573478512570206e-01,3.376941446598452634e-01,9.568196168419971226e-01,9.442748769556040811e-01,8.486385621239039834e-01,9.069035835735553830e-01,9.494671115969758324e-01,7.449751184467001686e-01,8.627188290795886338e-01,2.020942993641621777e-01,8.724943807893634773e-01,9.551697219977349773e-01,4.008742730770625262e-01,4.199337262591671394e-01,6.359737182682903001e-01,6.684452057545218207e-01,9.670011817331508608e-01,4.132975736567988112e-01,6.622159007466206226e-01,9.396359116458861127e-01,5.081985779661150060e-01,3.554289753967033727e-01,4.862867379352145414e-02,7.450611589716926719e-01,3.614670877123722370e-01,8.833745987811124634e-01,5.337613678215937796e-01,9.708395225258354966e-01,8.733821363537634941e-01,2.887362007751345105e-01,7.438410595385041013e-01,6.021678875994380675e-01,8.894273574310427311e-01,2.103807548201313826e-01,6.673905311563915754e-01,7.489627755764126649e-01,3.305694814737388798e-01,9.963770546386556681e-01,4.669958359715786766e-01,4.955236543630176516e-01,1.384145978624399531e-01,5.550899572156682282e-01,9.636147782849374677e-01,6.212280467456453570e-01,6.564036598380931231e-01,7.102303175796078616e-01
8.203022757077917948e-01,8.068953285296043276e-01,0.000000000000000000e+00,8.288868230444637053e-01,4.471189058866983368e-01,9.199090508654920173e-01,8.636557033618611490e-01,8.982586745141196705e-01,7.714375210767816515e-01,8.775654772989127661e-01,6.518103497028542304e-01,5.414803544600739205e-01,6.202917605389539624e-01,2.214383872458579039e-01,8.229186687258631672e-01,8.208900791299276190e-01,5.424923120992892756e-01,7.557429039679317562e-01,5.859164134982600691e-01,7.733837150880372713e-01,9.621241043273313087e-01,8.774546088888992568e-01,4.050007848088297835e-01,9.171695385457270255e-01,9.481912250686690413e-01,8.273434466212662430e-01,6.491327221483331744e-01,8.354018413058325043e-01,3.563298829142613200e-01,1.302966898973463572e-01,6.595620114343883067e-01,9.707465813130348176e-01,9.885916423004995623e-01,8.216705776551217477e-01,4.520663380105392481e-01,2.982183357740451624e-01,3.142373010853057314e-01,6.409581980433374238e-01,8.961731277693433251e-01,6.092299816383045519e-01,4.097014520849038277e-01,8.190496279943051405e-01,8.525571266435847395e-01,1.223497314862357910e-01,8.426116551030294888e-01,9.482384145477887882e-01,6.558337204569020251e-01,8.885782486692765936e-01,9.173518560032776215e-01,6.465373719210811831e-01,5.241315243472886021e-01,9.584652410530005717e-01,3.374327252932594057e-01,3.913354140739031539e-01,9.530495128963162310e-01,4.764355114611278919e-01,5.835167048790943500e-01,7.320697181102979734e-01,8.366266803097155424e-01,2.808233518980451371e-01,6.543501458925354841e-01,7.790468195571351728e-01,6.587574593405881584e-01,9.230617385102939387e-01,9.073959556676800542e-01,2.116823606067594343e-01,9.411190375802546138e-01,7.204072043810366699e-01,9.523901628501331151e-01,4.548858032861084477e-01,9.337460775034973626e-01,7.526889902715852010e-01,3.512057546687973320e-01,3.231231806981411103e-01,6.656551011759790359e-01,8.768627928421857121e-01,7.839016848972139018e-01,4.042946053139745421e-01,4.385854745070355554e-01,5.236306203218546451e-02,7.484080713589883471e-01,8.381105289328931729e-01,7.580322894537592227e-01,6.258772338917374389e-01,9.011904763563607368e-01
5.603466995001237239e-01,7.855637992650013057e-01,8.288868230444637053e-01,0.000000000000000000e+00,7.971506360696345439e-01,8.822625296521771077e-01,6.486330109502181918e-01,6.480307798183895240e-01,7.455416167175336062e-01,4.805616928294194068e-01,7.053722449846800968e-01,7.533093383159340517e-01,4.773595918516531644e-01,9.833946195228410181e-01,7.266990117333086419e-01,9.788028174878576904e-01,8.164814230659729333e-01,3.981230772571996424e-01,8.095629470020616614e-01,7.470578200060975504e-01,7.268317748647871168e-01,9.188029490888235395e-01,9.734070831734648044e-01,9.379656292042698462e-01,9.360367119315592399e-01,9.343934439512375789e-01,6.990307958357964147e-01,8.093727566433295273e-01,8.760591751813340267e-01,3.275691570708512135e-01,5.873206474571347480e-01,5.769611142428499040e-01,7.399881246401527335e-01,7.710939125825078122e-01,8.740779549034052298e-01,3.972957802253123116e-01,3.884641400790945776e-01,6.974155380000285342e-01,9.948231309026815961e-01,4.736285841772319705e-01,5.636771441575022523e-01,8.350961941571428682e-01,9.677532694542075875e-01,7.165482006201656651e-01,9.964293960816593687e-01,9.744125792842577294e-01,7.526778251438966949e-01,7.933109795183717061e-01,7.260280675164011432e-01,7.654383100140279561e-01,8.664362086300302357e-01,8.936533246783037177e-01,4.068150914163334297e-01,9.065711821612829624e-01,6.344314445684728909e-01,6.874729917492221620e-01,6.395268932345196111e-01,6.355809325042729441e-01,8.987191189576705375e-01,6.073123258005342917e-01,2.631475382020420639e-01,7.103699737019716354e-01,7.024244913600404816e-01,8.734819731158954825e-01,9.633231668875685827e-01,7.010358581867501826e-01,6.784509922757583356e-01,9.155666777501919595e-01,4.558241190165217560e-01,8.878956865121098163e-01,9.760848487336741819e-01,7.453562962637597655e-01,8.889211189555632497e-01,7.808089368649857587e-01,6.834322925263585091e-01,6.293170016881287632e-01,8.809022216898475532e-01,6.713041457741585338e-01,4.222516359136073705e-01,5.591057866780053676e-01,5.729422118284255294e-01,8.043167658488845628e-01,8.480114990336203862e-01,3.762548849070481705e-01,8.131170164581892346e-01
8.219354859766156984e-01,6.462349789943971912e-01,4.471189058866983368e-01,7.971506360696345439e-01,0.000000000000000000e+00,6.593126091835133096e-01,6.350879386072233457e-01,7.276497755029872616e-01,8.642214333869786547e-01,6.246810464444808586e-01,8.704449755787327936e-01,7.435777716831077910e-01,6.870141813242580664e-01,6.329334731460036778e-01,7.979632628731122557e-01,7.300955231488135411e-01,6.792306016000857483e-01,7.411046693887120007e-01,8.784885774132203951e-01,7.428683481125986088e-01,9.832718242579914225e-01,8.962316200338039662e-01,6.430637503616394302e-01,9.432262456011274443e-01,5.636161826172558786e-01,6.566020909722084520e-01,7.567525947965859645e-01,9.071603721277509136e-01,3.149215885265792547e-01,4.727426210600102485e-01,4.294538766288100717e-01,4.411258900252392201e-01,3.751910192184771953e-01,7.448957089441339274e-01,5.014256145280532317e-01,5.706901572136511280e-01,4.746589390628679905e-01,6.022469240920219624e-01,2.231178771922001924e-01,9.211575115205796749e-01,7.148273354986155459e-01,6.536357939993481247e-01,9.650896838477875939e-01,7.246826011112825761e-01,9.896450774270248996e-01,9.137965334761642966e-01,4.510815699882220753e-01,5.984876538563912440e-01,6.277300315405798248e-01,2.033549917780475835e-01,7.061790829440121042e-01,6.086818870557260119e-01,7.304948060224454309e-01,1.848380096303909592e-01,3.895533998990010627e-01,6.219255397854911438e-01,8.413962488712614096e-01,8.923413402384712256e-01,7.668044580164249391e-01,5.615434166774151414e-01,2.810381580978468796e-01,7.949277785118438189e-01,9.096879493507271652e-01,7.745051424050140021e-01,9.218113504234364264e-01,3.221976496177111904e-01,4.319813609877766747e-01,7.240914416545235488e-01,7.658523542773760795e-01,5.096335358386331338e-01,6.518999045343034648e-01,6.621224778291459057e-01,4.066926114176425688e-01,-1.105443764019342634e-02,1.644474555541665939e-01,4.136183130767498439e-01,6.398635144884119441e-01,5.925200319735204335e-01,1.550780245349440700e-01,4.560118808743300889e-01,6.511039410965209218e-01,8.055262398234681598e-01,8.090624446825385174e-01,6.988563887974259536e-01,2.939633420760005555e-01
1.618332485596983561e-01,6.093939496113806031e-01,9.199090508654920173e-01,8.822625296521771077e-01,6.593126091835133096e-01,0.000000000000000000e+00,1.707872558701752363e-01,5.999463365404618109e-01,6.961161024206174996e-01,9.162469709372719207e-01,8.039340302095556723e-01,6.945660588245232692e-01,9.314482075782112291e-01,6.951175865486970418e-01,6.803402568584543397e-01,5.524039251524286431e-01,8.029734918086184337e-01,5.600060502352769420e-01,8.640924542597723246e-01,7.081525145053391146e-01,8.212866004275019005e-01,8.776897066340021425e-01,4.234997245393902210e-01,8.252092551223123573e-01,3.478278908709153683e-01,9.364266040609865449e-01,8.358802634860357239e-01,5.345824622484253164e-01,5.375521925978988223e-03,7.566790867139325805e-01,3.454555030876499955e-01,8.169014407288085478e-01,9.409336805730166287e-01,4.092037004395081001e-01,7.428336205271406367e-01,5.822139348125081604e-01,1.393900028981902642e-02,-2.143689211221669333e-02,5.155968352315005720e-01,6.634510335714105533e-01,6.889938843735839979e-01,6.202443146438748611e-01,9.701300689401848310e-01,9.794431740690949795e-01,5.152577866532017659e-01,5.807802653635958379e-01,9.048367297844058799e-01,7.709494564680809958e-01,6.652911853007057452e-01,7.287802556824849454e-01,6.831576776303583953e-01,4.330174023730697375e-01,7.639171932738225701e-01,3.961589463415425838e-01,1.778831608692424404e-01,6.307894529663387040e-01,6.531299578107693238e-01,8.087420465232357802e-01,8.526947391141477262e-01,3.594498106923349479e-01,8.552749948804978519e-01,2.927211933891609719e-01,7.904725838670497717e-01,7.330389951590827735e-01,6.505028553241722911e-01,6.234569478595785030e-01,6.421626547372702998e-01,6.580313475844336013e-01,3.356682704579427856e-01,9.179046647171621442e-01,2.192067557918742637e-01,4.449685399129136854e-01,-5.734753643590989602e-02,5.149042947202909781e-01,4.165160206245279717e-01,6.196458100455380924e-01,8.369744592307488684e-01,4.794305848858200214e-01,5.965714069985860180e-01,7.385031940592105826e-02,6.333985342845640520e-01,8.417877534382645077e-01,4.005246600840789983e-01,8.774187045589871836e-01,8.132064748354077555e-01
9.991800865259259368e-01,6.231484349665641354e-01,8.636557033618611490e-01,6.486330109502181918e-01,6.350879386072233457e-01,1.707872558701752363e-01,0.000000000000000000e+00,7.676380868113397149e-01,8.788292844887757305e-01,6.035144602181963247e-02,5.361880383865094135e-01,6.381926787679714774e-01,7.060108228980739309e-01,5.842155027789658339e-01,7.917891620657263596e-01,7.141213817813694131e-01,8.178864874807494356e-01,6.252503500765732580e-01,2.260861501756667447e-01,5.342219643384822358e-01,8.175310368588323273e-01,6.585553093258077473e-01,7.236341516851660938e-01,9.663085894028862199e-01,7.387548329564560534e-01,4.919966255945422140e-01,7.158657900480549507e-01,1.314505518318764554e-01,7.498732945428245866e-01,7.635384058049295986e-01,2.497891941399283389e-01,2.087274970881917435e-01,8.477008066708733303e-01,7.619505705554292518e-01,3.197282974508510733e-01,4.983072542779073966e-01,4.483342529672292298e-01,9.515554089059319320e-01,7.842436594942321371e-01,4.978312412843871604e-01,2.728182340883564261e-01,4.734786895295716169e-01,6.516173027116904937e-01,6.716486162192064624e-01,7.521519373650326079e-01,4.861382785553203800e-01,6.899789408775793831e-01,4.726403089121952728e-01,3.500363873157344430e-01,7.895408201130681425e-01,3.633652052097997576e-01,3.453925665070437523e-01,4.667302714215731951e-01,4.352454554322681690e-01,8.870652184480289915e-01,5.177781809782074918e-01,7.224209088557356218e-01,2.639422841906354233e-01,9.913990070623108775e-01,2.461378176543997098e-01,7.228878736208546041e-01,7.580729930713289155e-01,5.233470601648950726e-01,9.948243823643944106e-01,9.501105264780885795e-01,5.989489970371373317e-01,6.168979127370052273e-01,9.198908550042916854e-01,6.346665061610431424e-01,8.062489679607875992e-01,6.345398772520386421e-01,7.343334120238493856e-01,3.609269396318476875e-01,6.456876970364779922e-01,4.604690119605212018e-01,7.078543703465763892e-01,7.241495925966960900e-01,5.289656020257502700e-01,6.826161007995945607e-01,5.811166662676805483e-01,6.537595519821404189e-01,3.343829236101376057e-01,1.110337203483088564e-01,5.620050094971429377e-01,9.832435305747434517e-01
8.919902751183357292e-01,6.645382605613725513e-01,8.982586745141196705e-01,6.480307798183895240e-01,7.276497755029872616e-01,5.999463365404618109e-01,7.676380868113397149e-01,0.000000000000000000e+00,7.195686006153243497e-01,2.932793722722367713e-01,6.498762732174918622e-01,6.879441775711817586e-01,9.049051068461561043e-01,9.176011971322701744e-01,7.922884739591924408e-01,7.269163770545403747e-01,4.360393466377409655e-01,7.600256060171821648e-01,4.939428510847470033e-01,3.399508673251562252e-01,6.549638077072624798e-01,6.182132313356245579e-01,6.668375655005447378e-01,8.495338817800408560e-01,6.505612014280709454e-01,4.153474227817515185e-01,5.071367960235317884e-01,5.038874319045367756e-01,7.397883173408038582e-01,5.766888941522201328e-01,6.813146511250959270e-01,5.854456448595820595e-01,7.602183369166269911e-01,8.665053907116981868e-01,6.544143134890951785e-01,1.940875751674009109e-01,1.893260669243201078e-01,7.865137461594753354e-01,6.445993226165670498e-01,6.950800518827952024e-01,4.852022887279204832e-01,1.122921154830499868e-01,8.653895558085910045e-01,7.789569109124483415e-01,9.410468665094470220e-01,7.069803552631845900e-01,5.155297218942485049e-01,7.859592052838972887e-01,6.015348302926832869e-01,9.798369528046960708e-01,3.055262363716025886e-01,6.179426436129661360e-01,9.344259127560037292e-01,2.493286631296856570e-01,8.350498688549006232e-01,6.093488338983145125e-01,9.169890474246394918e-01,7.425069027656705511e-02,7.367150757416861540e-01,4.073572034653085705e-01,3.742940857660442822e-01,4.931981357789452236e-01,9.416729840199058454e-01,4.043300200712701686e-01,8.609241253369832592e-01,2.408486259609383950e-01,5.537711200712706061e-01,5.941499192698915799e-01,5.848783002095386818e-01,2.436725173403749278e-01,7.220090753345199674e-01,7.212682488391870539e-01,1.146210097925598748e-01,3.357745717191650270e-01,2.870247917860920261e-01,8.616285758933727168e-01,6.230753537744746495e-01,7.909484661307619735e-01,6.761750121469461972e-01,6.814385357476525629e-01,3.889333399815323444e-01,8.388509701413353614e-01,7.243131054110907296e-01,9.617515232617531717e-01,5.438315372271602666e-01
7.110577152321472250e-01,6.456698991487216377e-01,7.714375210767816515e-01,7.455416167175336062e-01,8.642214333869786547e-01,6.961161024206174996e-01,8.788292844887757305e-01,7.195686006153243497e-01,0.000000000000000000e+00,8.414751602264214370e-01,4.231200791745819978e-01,8.823223115221248136e-01,8.169492875307430291e-01,7.365423300726551270e-01,9.563421337709830938e-01,7.414411146745918391e-01,9.654308180860269317e-01,6.003747397151258935e-01,6.928513471443356053e-01,5.494953702901660408e-01,4.636886533896465434e-01,5.128163884989882515e-01,9.561121847264215656e-01,7.988853083609868122e-01,4.153133884412539278e-01,6.971911968617886535e-01,9.147039811874296822e-01,3.061022559469233628e-01,5.856018764548697186e-01,7.543629110536225202e-01,4.979481417398015086e-01,5.236424912107945362e-01,5.974960173422604326e-01,7.431812708908817067e-01,8.586547933746733197e-01,6.506670609696824092e-01,2.020740984549307673e-01,9.829548055274508478e-01,9.200360483737362038e-01,7.952518833690799260e-01,-2.554341822356188674e-01,6.025330981138635744e-01,6.517059863930320107e-01,4.804680910900631652e-01,7.181590821430121618e-01,7.407692370072219701e-01,7.916698299990582166e-01,6.456834459511241464e-01,4.409851891865199797e-02,3.006182671208634805e-01,4.405348761285647896e-01,8.882317991788283296e-01,9.315991874901641268e-01,7.751310203571082358e-01,4.077666457665353184e-01,8.510149802624710214e-01,8.915283339981732169e-01,5.179246188475428170e-01,7.936985633704199961e-01,4.065585121893309228e-01,5.650328339441175185e-01,7.277433482435241574e-01,3.513932153604222286e-01,6.892220131347990275e-01,7.151333753027934170e-01,4.347520854117925548e-01,9.973316062854832298e-01,6.284261967695883300e-01,2.814697549042503022e-01,9.893862906067879548e-01,6.517893864833074202e-01,7.510132543781962156e-01,3.051275576244599774e-01,4.121339653078117671e-01,6.345579440696494933e-01,4.958134308516872202e-01,5.741647751925820220e-01,7.625605914081187153e-01,2.376298454942103455e-01,4.115865459472308752e-01,7.524781083351026467e-01,8.563415174542718944e-01,6.214096607451532472e-01,7.145880846063970004e-01,5.473569625129843796e-01
4.126082894767770792e-01,6.109990920706752648e-01,8.775654772989127661e-01,4.805616928294194068e-01,6.246810464444808586e-01,9.162469709372719207e-01,6.035144602181963247e-02,2.932793722722367713e-01,8.414751602264214370e-01,0.000000000000000000e+00,6.368501492360413296e-01,9.918304256909291627e-01,7.029779757764360593e-01,9.449057164897187722e-01,7.027868349411030557e-01,9.974215539029398503e-01,7.157930385372284210e-01,3.688837467204746368e-01,9.670961260893798928e-01,6.923604247375562126e-01,8.177366241102391742e-01,7.161935584927052734e-01,7.848674260302865857e-01,8.809149646603859907e-01,4.575587481376865995e-01,5.660303392207572948e-01,8.400579591896006892e-01,6.568723679738484034e-01,4.569450786942010900e-01,7.399953265362911869e-01,4.251739744958773493e-01,7.144062630103805711e-01,7.799736333239779551e-01,4.172177236893270802e-01,2.764556952550378810e-01,5.814324024738628527e-01,7.183320596614980458e-01,4.165333688123796785e-01,3.573966375449362243e-01,7.626888426440479041e-01,7.387847516636787404e-01,7.742071559567260675e-01,4.048048253667253515e-01,9.323304446802810341e-01,9.736071090540397988e-01,7.708184816990455435e-01,7.382924110318171973e-01,9.834280842476402773e-01,3.055916823376447211e-01,7.836848033843643035e-01,5.547536890758454353e-01,3.016293401982879097e-01,8.203600720901962351e-01,7.779243158598039276e-01,6.108697411185017856e-01,7.149974381351489328e-01,5.893017235551311073e-01,2.489153752734899472e-01,7.334485674826920487e-01,4.395226934416002207e-01,4.288806319089283337e-01,6.921038366130324304e-01,5.953822892000473210e-01,8.023928962842777901e-01,6.274862183705611773e-01,9.023044589446899133e-01,6.450697979683994721e-01,8.806109323223715313e-01,1.306224138927960521e-01,9.406207416514457131e-01,9.547820872910720569e-01,7.341526510265931060e-01,5.577212724193663096e-01,6.596667229552458656e-01,5.580943712192871775e-01,3.557662411703663707e-01,5.229553558022399518e-01,6.171955448267063549e-01,4.646613735874488005e-01,-1.505804825207079922e-02,9.242792515586585322e-01,9.606864234389893564e-01,8.432972788944088638e-01,2.468370623416427934e-01,9.979727189377893826e-01
8.903591870196236879e-01,4.459120363549798349e-01,6.518103497028542304e-01,7.053722449846800968e-01,8.704449755787327936e-01,8.039340302095556723e-01,5.361880383865094135e-01,6.498762732174918622e-01,4.231200791745819978e-01,6.368501492360413296e-01,0.000000000000000000e+00,6.022712383776958056e-01,8.420833630123407687e-01,8.617562839477818093e-01,6.676722080915910018e-01,7.763739751551343993e-01,7.168872487002720950e-01,5.652907869788801332e-01,6.177779062774799712e-01,6.502308765641748867e-01,7.516732367220523292e-01,4.655583770138195798e-01,8.252120766533145302e-01,8.137377395978272476e-01,1.353983587849259818e-01,6.934247765561420973e-01,8.751792221092330459e-01,9.947605968986383829e-01,4.211516796686805564e-01,1.270667180137106667e-01,5.174331475518272327e-01,2.033383235973261483e-01,4.163249821339982670e-01,7.355813430337595493e-01,5.169159618489906904e-01,7.328448907092571796e-01,6.616204637401387201e-01,6.097068310747444375e-01,3.474512875532920209e-01,7.709037448723368158e-01,2.295403314945496931e-01,4.144030556754675909e-01,9.291332972044312744e-01,2.271336953458482077e-01,8.212005164977013161e-01,8.650567774509611008e-01,9.431592349089287231e-01,2.744023120509370139e-01,7.685782622831937028e-01,5.550701465209604279e-01,7.921808665667329219e-01,9.698737625131927942e-01,2.249398850785103154e-01,9.205988197076541146e-01,8.661562440468523194e-01,3.087324065688266672e-01,9.394091891165807784e-01,9.716357186731192641e-01,5.183653821096924075e-01,6.167984430316942879e-01,4.372602580664830541e-01,9.864920650430450966e-01,5.722025122643510653e-02,7.273826988601681531e-01,7.048872108094228484e-01,8.955979765031424344e-01,9.338114487722456447e-01,8.673124367376001675e-01,2.569044484485400459e-01,6.414829561379492562e-01,9.089632794638587976e-01,7.016533852164079654e-01,2.891929209005905665e-01,3.936319737493648718e-01,4.613980136850852620e-01,8.038282843024683322e-01,8.136349616801585860e-01,9.266699575930822386e-01,3.809812739560716199e-01,4.885956359687769757e-01,6.614997677614617988e-01,8.327501905697137774e-01,5.840796813712019198e-01,4.603734757625194129e-01,7.025354529375323898e-01
7.453090574583759453e-01,8.565942268798387715e-01,5.414803544600739205e-01,7.533093383159340517e-01,7.435777716831077910e-01,6.945660588245232692e-01,6.381926787679714774e-01,6.879441775711817586e-01,8.823223115221248136e-01,9.918304256909291627e-01,6.022712383776958056e-01,0.000000000000000000e+00,8.090857077206419223e-01,9.538035451292110611e-01,2.883073717124292057e-01,7.447218009256072468e-01,8.617515458924084326e-01,3.158274802111612489e-01,9.112951885080113890e-01,9.311510934686935137e-01,6.198071657208613638e-01,7.433960092981556356e-01,6.267714666532747669e-01,6.995003531518434459e-01,6.139072935452252189e-01,7.485971579256565089e-01,7.314261271296500500e-01,8.593056975377761919e-01,7.359952358886627799e-01,7.116481683744747544e-01,7.096975018540653268e-01,6.322007961929998476e-01,4.349368793432584757e-01,9.816240148628451179e-01,6.858745583825149872e-01,4.682059292819144569e-01,1.362096582257390533e-02,8.204562346110195747e-01,8.457868026797727978e-01,4.694389367648840183e-01,1.386865531539250018e-01,9.223747318971178277e-01,9.954001937653962351e-01,4.360131957154613769e-01,6.550015686111994029e-01,9.773001964840203337e-01,9.772355530554656111e-01,6.936275731235843622e-01,7.144135210166384642e-01,8.549445617272091180e-01,7.847679154983681071e-01,6.999225324645748092e-01,9.703500736431275309e-01,2.038058252115713120e-01,9.154707609220402720e-01,6.658440541659746970e-01,4.109630584105108952e-01,5.344814055719355750e-01,5.017373162056983915e-01,6.484620918748945639e-01,5.308016620143681807e-01,4.355223657765093792e-01,9.870302643569102141e-01,6.322032454549996183e-01,8.740405550120758926e-01,9.809770568734821339e-01,9.685601477259915271e-01,6.791249034496291692e-01,6.422190503438675035e-01,5.116717647526670687e-01,6.389560752059002535e-01,6.241273850806661194e-01,7.835739343575922611e-01,2.853289285451838797e-01,4.805050493160561431e-01,6.385679256093802492e-01,6.924378787074901842e-01,4.088141052529433717e-01,2.374202401112521787e-01,4.522664288173915970e-01,5.473708227795452963e-01,4.799001865930513366e-01,6.496014088223392990e-01,6.062527362984383439e-01,8.827200990802348546e-01
9.033980390530987892e-01,6.123614828044691150e-01,6.202917605389539624e-01,4.773595918516531644e-01,6.870141813242580664e-01,9.314482075782112291e-01,7.060108228980739309e-01,9.049051068461561043e-01,8.169492875307430291e-01,7.029779757764360593e-01,8.420833630123407687e-01,8.090857077206419223e-01,0.000000000000000000e+00,8.904301988321617900e-01,6.485614346175880840e-01,6.156397701014556523e-01,7.451918755546452777e-01,8.325094761514854058e-01,9.162961485635628955e-01,6.281241085716632311e-01,4.476942919885220640e-01,6.867536026090846901e-01,7.053929462841939113e-01,5.982667312002811766e-01,2.940639480528403071e-01,3.182816286931306471e-01,8.134716316329306807e-01,8.674164055272117757e-01,4.402968124929437232e-01,4.675660577717539734e-01,2.219463316545544906e-01,5.587306337709093684e-01,7.672283313836081309e-01,8.327315979577073479e-01,1.436208366325394947e-01,2.066418983740185567e-01,2.055550320277357568e-01,9.045102507857797347e-01,6.879173803822544730e-01,9.081091086693481307e-01,5.175639474178823640e-01,5.857893336405133322e-01,8.807832029705935373e-01,7.465439143449417170e-01,2.402774076143787685e-01,8.910636080627800659e-01,8.652130351031906974e-01,6.334525952264650206e-01,9.443629928456247491e-01,6.781764274404141757e-01,9.349451775300781087e-01,7.189779676875639458e-01,7.216791812909872927e-01,9.433067140107747051e-01,9.131954806346083142e-01,6.767658078814147160e-01,6.338494002288466156e-01,7.773371369825006205e-01,7.643276303454458187e-01,2.921528435184945760e-01,5.912209573872119206e-01,9.835105633881481291e-01,6.114268715649850972e-01,7.344770247588985335e-01,4.658797845455301956e-01,7.243583752771838302e-01,4.591098671013316146e-01,8.234812897461231129e-01,3.735807123003144770e-01,6.827366262294135568e-01,9.847545421841465974e-01,9.823054855069115465e-01,4.174277625704082562e-01,5.926802887936383213e-01,9.942981810266229292e-01,8.464511447046670911e-01,9.211210715347311062e-01,6.833966742486887735e-01,7.965000781560007681e-01,6.814497637765697113e-02,7.067908996676771638e-01,6.967405422038872587e-01,8.201981698754495786e-01,6.308090475441391343e-01,8.286143782395239965e-01
6.917274560450087373e-01,9.658352516190328307e-01,2.214383872458579039e-01,9.833946195228410181e-01,6.329334731460036778e-01,6.951175865486970418e-01,5.842155027789658339e-01,9.176011971322701744e-01,7.365423300726551270e-01,9.449057164897187722e-01,8.617562839477818093e-01,9.538035451292110611e-01,8.904301988321617900e-01,0.000000000000000000e+00,6.048468779983732224e-01,6.356459590109437841e-01,9.306460686249964365e-01,9.664727523025468114e-01,5.569235361893338787e-01,6.019147319999917922e-01,4.296596710879592163e-01,4.770513309736256202e-01,4.139602503144930168e-01,9.675233063574768533e-01,3.858797207111386851e-01,4.973906467174652457e-01,4.052768717415763389e-01,6.259166096301623794e-01,7.707855719343185141e-01,5.090052431270015720e-01,4.438583850361153549e-01,4.365486747138361823e-01,3.858451679793752920e-01,8.237699947584530280e-01,7.468790277112016263e-01,4.331199667798558139e-01,7.182349110994655506e-02,1.633605198784393309e-01,7.961292417413754485e-01,6.757940685180268137e-01,4.159567767424738882e-01,6.380435432931327311e-01,8.834014536818221019e-01,9.292780475665134432e-01,8.714765358824126951e-01,7.583382228069683872e-01,8.897506085397683950e-01,6.728781035662699805e-01,9.119488859908074785e-01,9.128358827105377271e-01,9.916339581351658605e-01,8.149947813030002930e-01,7.892362200679009510e-01,4.951591221548681254e-01,7.079597641398173158e-01,9.867032546123740699e-01,9.473769722795419845e-01,6.376396256588461320e-01,4.003485396518058903e-01,5.703514371880004097e-01,4.890175215178546586e-01,5.504438504194757442e-01,6.930835700464840210e-01,7.216902398290846454e-01,8.811157053387951299e-01,9.100948742671782776e-01,7.772868887415786965e-01,7.636646093208532271e-01,3.205702733266656557e-01,7.833130111474017054e-01,9.870538146945513347e-01,8.563697713034834624e-01,6.522439557162236223e-01,6.431364137021962357e-02,1.946268419237089375e-01,6.754869232087757913e-01,6.390763655692295320e-01,9.302895184458785938e-01,3.696289218418141176e-01,6.859695730783614553e-02,6.388463267386670363e-01,6.769446457516561377e-01,3.295746666219979693e-01,6.838939166117981028e-01,4.762753500221061920e-02
9.133273189067452336e-01,6.054598846283888447e-01,8.229186687258631672e-01,7.266990117333086419e-01,7.979632628731122557e-01,6.803402568584543397e-01,7.917891620657263596e-01,7.922884739591924408e-01,9.563421337709830938e-01,7.027868349411030557e-01,6.676722080915910018e-01,2.883073717124292057e-01,6.485614346175880840e-01,6.048468779983732224e-01,0.000000000000000000e+00,6.601795407220121259e-01,5.004509841968903805e-01,8.166599113271013621e-01,9.841324615765232320e-01,6.737880336330226427e-01,7.831721933336568409e-01,7.920161741275031364e-01,3.559070351311091063e-01,9.810731978351575622e-01,6.366218128401344156e-01,8.644195786922563851e-01,6.695696782814199999e-01,9.984591390360637586e-01,-1.416259564789905667e-01,6.018641547501283329e-01,2.438543285132041549e-01,9.385175398827039217e-01,4.458754817845236862e-01,5.336148788660937115e-01,8.581804115536453281e-01,4.693247732499096214e-01,3.599305062167474922e-01,7.388946905937910925e-01,9.764675870237058408e-01,6.281779180663568107e-01,4.305400925497236408e-01,6.764956313941287158e-01,6.259442674867782275e-01,3.210859815190838518e-01,7.567470834579531624e-01,8.609184399386706765e-01,7.435939950643071228e-01,6.888917751182825899e-01,7.095407509122364509e-01,7.987498048277322793e-01,3.718024281247253038e-01,8.556264655302259214e-01,7.451293840700969895e-01,9.581442564174242893e-01,6.045886367205101086e-01,3.870287619823558622e-01,7.938616536492512088e-01,4.579470984244536358e-01,6.394384713208889348e-01,2.603630208990139194e-01,1.894605021578064930e-01,6.595956509716764948e-01,5.408578883292057826e-01,4.503129334282062191e-01,9.681205593064324821e-01,9.273696234731541033e-01,9.460416649775716946e-01,4.854803808550192112e-01,9.714744602629564740e-01,6.726186110314641420e-01,5.915504973614617024e-01,9.570959018352291903e-01,4.945154038802299090e-01,4.255967183649546626e-01,7.531912613913512855e-01,9.576087415355057919e-01,8.748460576985555015e-01,7.937325598347527711e-01,7.174779238969793971e-01,2.393302528149878483e-01,5.126792146416329077e-01,8.719272086585764248e-01,9.744466798890651926e-01,3.336006131484772208e-01,2.859347937627491620e-01
6.553537648070539845e-01,7.817791947337704439e-01,8.208900791299276190e-01,9.788028174878576904e-01,7.300955231488135411e-01,5.524039251524286431e-01,7.141213817813694131e-01,7.269163770545403747e-01,7.414411146745918391e-01,9.974215539029398503e-01,7.763739751551343993e-01,7.447218009256072468e-01,6.156397701014556523e-01,6.356459590109437841e-01,6.601795407220121259e-01,0.000000000000000000e+00,9.076539152530962440e-01,6.497844839203961165e-01,7.105328696392115839e-01,7.995586986822318387e-01,1.642519484731775614e-01,6.621441107129120152e-01,6.631107507611433416e-01,9.305607261769888172e-01,5.203122420638390810e-01,9.219831608246309429e-01,5.584900241972859947e-01,3.023361341141206915e-01,6.735674644479194839e-01,7.181077729747361582e-01,2.991046136939660705e-01,7.468301946899590371e-01,8.025359938869667253e-01,6.424949836165365635e-01,6.224008545453799668e-01,5.226172025707794822e-01,2.055799893495583175e-01,2.398259321482944795e-01,6.768206582348150757e-01,6.944715302515983568e-01,7.632561342325345777e-01,7.525415102143108159e-01,7.376958243040875329e-01,8.816989336070949479e-01,9.272210087724190863e-01,4.258919872705940746e-01,6.632288457356726452e-01,7.303094777832785933e-01,7.842613503444990641e-01,7.968184548995738137e-01,6.923507790344241020e-01,6.670456288081980656e-01,6.626663351975417005e-01,3.691744687927189794e-01,9.372173106948917809e-01,6.766321170932748652e-01,2.108762457229437781e-01,8.858102436731296603e-01,1.008888642105494199e-01,1.309902315734967904e-01,1.716800990173749097e-01,4.740875317887963680e-01,5.122294904874193922e-01,9.969384414951453222e-01,9.439872638071746813e-01,5.269664666503333095e-01,7.648268848134384124e-01,8.749337640002197158e-01,7.752236226658566487e-01,8.004712719451595460e-01,7.340200245766032028e-01,8.211397175446850660e-01,7.188287820076488810e-01,3.623572426930130597e-01,4.042671939798152536e-01,9.265996490903366523e-01,5.118695179779046978e-01,4.918325468179055027e-01,5.809975487086410650e-01,3.564738273124564705e-01,3.619931965796223672e-01,9.986500217384044475e-01,7.508644173551779488e-01,6.374653410914361551e-01,8.245405510581859110e-01
9.686263456857183707e-01,3.819158504224190454e-01,5.424923120992892756e-01,8.164814230659729333e-01,6.792306016000857483e-01,8.029734918086184337e-01,8.178864874807494356e-01,4.360393466377409655e-01,9.654308180860269317e-01,7.157930385372284210e-01,7.168872487002720950e-01,8.617515458924084326e-01,7.451918755546452777e-01,9.306460686249964365e-01,5.004509841968903805e-01,9.076539152530962440e-01,0.000000000000000000e+00,9.854533195712545934e-01,4.054034768408982803e-01,3.112690057589627135e-01,8.118511418360545573e-01,6.234846807527595347e-01,6.226419415062847129e-01,3.494697600286595929e-01,4.376063494034762025e-01,8.183100892896878475e-01,9.503659850069279269e-01,8.369045265913388487e-01,3.625657903265437354e-01,8.305033104322967485e-02,2.879786923692149170e-01,6.543499119079021487e-01,8.760692201374589150e-01,7.192735650534420877e-01,7.375518505007578884e-01,4.267364133973451934e-01,3.665859861802950315e-01,8.842250576242522975e-01,4.478535447338417019e-01,8.273259735771871792e-01,1.304447462292833426e-01,5.581785005538220101e-01,2.849436240554574784e-01,1.019036495693410455e-01,9.489371429534843028e-01,8.730038376111066700e-01,8.788447728527910563e-01,9.540153021900029673e-01,6.040900698860266482e-01,9.221117330940308277e-01,8.618723980849869459e-01,-1.157726796958144511e-02,9.661890037030560485e-01,6.087593316835141488e-01,5.562465832458564075e-01,7.533658712628512610e-01,3.467628897294164902e-01,9.602741887385373154e-01,9.741710593245869187e-01,4.943096150553794033e-01,4.238134207612699877e-01,6.900317001691190777e-01,7.874571442792774878e-01,6.032110321901492656e-01,8.835200522716211147e-01,9.623539480180361982e-01,5.799089700325055219e-02,9.310216916376135021e-01,7.207371515745094603e-01,5.567223016280218317e-01,7.406897338623470439e-01,7.941047925581918854e-01,9.547108519308095120e-01,8.935131829850575524e-01,6.172384868702912586e-01,5.386020405452287552e-01,4.185775195544734206e-01,5.098861462320852800e-01,5.308089940806777207e-01,1.285622075788493968e-01,5.060021858014892571e-01,6.001313632141221932e-01,8.496481415194581110e-01,5.087287369391519931e-01,9.418055351484097004e-01
6.604514260963059158e-01,2.078082967274182957e-01,7.557429039679317562e-01,3.981230772571996424e-01,7.411046693887120007e-01,5.600060502352769420e-01,6.252503500765732580e-01,7.600256060171821648e-01,6.003747397151258935e-01,3.688837467204746368e-01,5.652907869788801332e-01,3.158274802111612489e-01,8.325094761514854058e-01,9.664727523025468114e-01,8.166599113271013621e-01,6.497844839203961165e-01,9.854533195712545934e-01,0.000000000000000000e+00,3.179974632621177522e-01,9.972820502355156380e-01,9.683651060992527482e-01,2.139832910033379332e-01,5.819728774370843682e-01,7.252317329248902933e-01,4.267665931457408912e-01,6.621152645383443502e-01,6.024312398775818478e-01,2.315267034326142226e-01,-1.958268987946157336e-01,7.493292473075769955e-01,3.116838576174273401e-01,7.167672802480464789e-01,9.801050804876682010e-01,3.168614345144200595e-01,7.261417307308135616e-01,4.978580579066176903e-01,8.489346353684985858e-02,7.147069231373102960e-02,6.427838796210327832e-01,6.941735699800724024e-01,1.165631910542693772e-01,6.170027578573364924e-01,9.486264777847326357e-01,7.268327521534366786e-01,8.969136921210441038e-01,8.151471753027601519e-01,8.677406891643797415e-01,4.423207057542243859e-01,5.636853623417792392e-01,7.399646050461681224e-01,6.303534713812853907e-01,6.360658705861060858e-01,6.102391122143666635e-01,7.611493094861054853e-01,1.625446092919812235e-01,2.567234143455016104e-01,8.653889636350428072e-01,5.742444055220088384e-01,7.361644724320856037e-01,7.532868001169683581e-01,4.948061888387247365e-01,6.283022291576442209e-01,8.174098908869334990e-01,9.506306048132442399e-01,8.004832062458533404e-01,7.658068413554882659e-01,9.285121583276098045e-01,9.533774561343700826e-01,9.978152264189756870e-01,3.532333481696251498e-01,6.572321276564223602e-01,4.116485529500267804e-01,5.789019734074797308e-01,7.390730725120400191e-01,6.825727030302612963e-01,7.192512242408368728e-01,5.432669341275239150e-01,5.608829687097446337e-01,3.784843772750517976e-01,2.335922915906490926e-01,4.555082946188730442e-01,8.602780590256127180e-01,4.520341946134688871e-01,5.220998815041225649e-01,7.841652066294921841e-01
