0.000000000000000000e+00,7.197225744712746343e-01,9.901972391219386882e-01,2.160485248373185674e-01,9.778785079316418827e-01,8.636327013204694314e-01,9.424882745344712598e-01,8.937183715135077477e-01,7.008068783894054743e-01,7.053523140693049864e-01,5.929890353687072846e-01,6.587936808674739186e-01,9.094588512443217976e-01,9.746145042053325769e-01,8.992370361254341526e-01,7.401160221750808788e-01,3.402635618028437836e-02,8.423891173656551379e-01,4.644942236390030565e-01,9.033066549076784746e-01,9.867526601643328288e-01,5.877505122586090813e-01,3.502901502710643600e-01,7.355447438256702553e-01,6.731102914535022075e-01,9.676209699454627611e-01,9.883014875669471344e-01,6.717188141007471858e-01,2.228712465829507383e-01,6.115776516657167594e-01,5.293948592440206324e-01,6.975221986491993986e-01,7.821851933432381054e-01,8.526733288876993111e-01,6.254499932502576298e-01,4.322095895692170675e-01,6.323218047569038047e-01,8.401862954688452678e-01,5.662158459887774997e-01,7.853780015409734805e-01,7.645091365493961177e-01,7.479595157485277035e-01,9.649511557900691816e-01,9.349304071677901895e-01,6.344715800213235335e-01,9.446025842904701708e-01,5.560454670169761027e-01,9.601933494466081687e-01,7.693516116687436623e-01,3.477986790067414402e-01,6.861266360316253810e-01,8.661107942282859629e-01,4.963782449605833591e-01,8.126697551765049710e-01,8.341416512382009429e-01,2.909491440462666501e-01,7.088650333813411031e-01,2.058890895554299771e-01,9.616919929400931100e-01,6.599411660844116678e-01,9.912034536161864473e-01,7.396088772490281293e-01,9.677516945567522511e-01,8.486361392807844073e-01,9.692196443038689768e-01,6.393278262939416923e-01,6.609320225334757160e-01,7.179472463308883556e-01,9.119701737050869284e-01,8.662764031126654052e-01,8.525002574057325422e-01,9.214133310235502750e-01,4.202881552972551615e-01,7.802766591963958831e-01,7.451056348640386906e-01,9.039306822814072717e-01,9.004436858592795856e-01,9.843364513353239920e-01,5.962309424384300005e-01,6.563413954017879304e-01,6.698844323678161405e-01,6.010917436792344581e-01,7.669846672640682206e-01,7.368897375382060799e-01,2.936152683521968676e-01
7.197225744712746343e-01,0.000000000000000000e+00,9.433737512303964623e-01,1.143951796612254802e-02,3.031046954454524878e-01,9.352743041291370352e-01,4.135062402957720984e-01,2.717043149732417673e-01,4.705738188638327602e-01,5.158724970259507270e-01,6.977130615612372466e-01,7.679179373269375830e-01,5.870894086032429904e-01,6.662845882857657553e-01,7.826417384347714723e-01,7.314032447340343968e-01,6.172628406267351986e-01,7.919313097477842511e-01,6.410815271170956509e-01,9.100491605022565933e-01,6.590188515855568419e-01,6.386034357642058623e-01,8.861561136830508056e-01,9.189695413465823748e-01,6.309428467681903463e-01,5.863026782507885226e-01,8.772085530497971684e-01,9.599456901336661518e-01,4.021068066878170089e-01,5.379697343125185993e-01,2.047501351439292017e-01,6.975871917133807942e-01,8.215756000192793174e-01,4.909556363703538873e-01,5.778122474662404917e-01,5.330139839657401790e-01,2.385252097063350063e-01,4.154708023916461324e-01,6.868626542348961195e-01,8.822681230787365880e-01,7.853543844491978065e-01,6.008608723224884152e-01,2.472714248723979491e-01,7.069971173653830654e-01,6.403807641880144841e-01,9.891273562525186858e-01,5.109666618720487552e-01,3.660877656802822289e-01,7.295197781383181423e-01,4.056956294938000585e-01,3.427016501473008347e-02,6.763864292726127214e-01,8.145552021221031946e-01,8.343293459240898047e-01,5.305949930386492097e-01,6.342120749794366574e-01,8.246052795429623661e-01,1.210602022929095772e-01,8.383102618380789961e-01,7.335770171116853255e-01,2.272123554452763206e-01,5.404702473641159743e-01,6.899368792555480301e-01,8.102803866361900642e-01,6.447050520593173850e-01,7.710500224205001363e-01,7.478404755754380906e-01,5.363912833505302125e-01,3.289238616430911755e-01,4.497813526873257195e-01,8.669570285371719365e-01,7.222221451531706249e-01,7.237371593894195154e-01,4.665267807805402178e-01,7.908109576353521408e-01,4.143170003065825280e-01,7.875612686488342451e-01,5.683764929254574438e-01,4.130648859576219745e-01,3.015833169296532890e-01,8.961159617769060004e-01,7.665056616425167668e-01,8.682808545502035402e-01,4.832741286920599899e-01,4.746929965972189747e-01
9.901972391219386882e-01,9.433737512303964623e-01,0.000000000000000000e+00,6.463647003249579637e-01,8.578261316699742345e-01,6.198150172935205093e-01,4.542104405846411619e-01,9.256092296489720761e-01,9.933875924987038974e-01,8.683066297608151851e-01,9.652502886532814408e-01,9.652127601993333306e-01,8.584014676400210098e-01,6.155932054998207725e-01,1.572692645331116579e-01,8.108278953611477435e-01,7.514704021113930432e-01,7.643041561654624338e-01,9.802425376713711502e-01,9.173135259805906827e-01,5.061085070822051168e-01,8.354537382728034478e-01,6.387210712600116524e-01,9.193718571020907948e-01,6.675060288609435677e-01,8.812949570271789712e-01,7.344921393469767690e-01,8.372663883705033783e-01,2.350552051272014886e-01,4.842442450632303275e-01,5.119057127175448418e-02,8.200370977765929492e-01,8.468731075330278024e-01,9.396840957611121148e-01,6.770025802292776174e-01,2.890827589766026273e-01,2.976214043343665683e-01,4.657442828178778305e-01,8.946725323624066251e-01,5.979833855503287054e-01,7.621741964914354739e-01,7.003931999839979605e-01,9.460993561576873656e-01,9.382294827846291430e-01,8.366021834806598445e-01,6.474987371254197210e-01,6.484937533700751988e-01,8.275635435125678896e-01,7.277049556660659668e-01,8.465337986642695878e-01,8.361759130608641399e-01,7.574703758674554699e-01,7.834754165170514373e-01,9.588930775192652245e-01,5.042117375437054072e-01,9.806161935842820920e-01,2.336511264707049895e-01,6.560131763305775410e-01,9.744923427334294397e-01,4.590148726104548160e-01,6.588362889501041542e-01,7.859344963821345287e-01,9.522414942684473971e-01,8.304884486138899291e-01,6.719718702418001621e-01,8.813510967712109290e-01,9.124587295140984544e-01,8.083524911708249716e-01,8.946404629900259753e-01,7.812494184576694867e-01,8.705856800986897515e-01,7.467085629554484072e-01,5.124378904045349126e-01,5.804171511486534429e-01,4.479889958933450100e-01,6.756106582067211708e-01,6.072744639462486216e-01,9.898265082909978307e-01,7.734036747575958604e-01,5.974365603184641493e-01,7.118813372003208739e-01,6.621294619774827916e-01,8.248495684437497921e-01,9.944161336811527807e-01,7.415909580075252805e-01
2.160485248373185674e-01,1.143951796612254802e-02,6.463647003249579637e-01,0.000000000000000000e+00,8.296363619313097404e-01,7.470619322358071912e-01,6.882539923742641008e-01,7.513670879184960461e-01,8.471392439285457820e-01,6.057631615964785832e-01,9.183382704621946280e-01,7.084904266451340638e-01,3.085536395321337721e-01,7.107295896146270664e-01,5.525115085071773402e-01,6.535666327383731211e-01,9.398947132769860380e-01,6.546324660670829187e-01,9.142577495796525566e-01,8.321753710169105256e-01,9.479560902392051291e-01,4.568439665143886885e-01,9.529491175372939438e-01,9.523046782028586899e-01,7.773039503980000431e-01,6.729245627353346304e-01,7.627664181109649055e-01,4.928786447079502864e-01,4.750464146895282402e-01,9.612370765024611519e-01,3.058599096283409757e-01,6.165929885568358637e-01,6.434645576807630496e-01,5.664243511914320017e-02,7.648569246268326349e-01,7.636091566499376704e-01,3.761325490298618179e-01,4.457771367762409787e-01,7.037498322069410950e-01,4.399462812063600348e-01,7.663610334274938429e-01,8.480023038127508794e-01,8.220500027850144997e-01,7.860747437137221016e-01,8.289851101188365767e-01,6.791436925751589415e-01,9.962621482182065780e-01,6.891515837350512541e-01,7.726061527098849746e-01,4.349848427260006867e-01,6.510125070008688786e-01,6.680261328108164642e-01,4.111695714747731767e-01,4.987570175368365999e-01,7.694343630323753347e-01,7.894547619735785560e-01,8.460163023845901353e-01,6.765000444060466078e-01,7.318411662242548799e-01,3.441952168364248998e-01,6.246871072991401208e-01,3.605016406829766318e-01,7.822201241689062945e-01,9.537516245438328877e-01,9.733063496562244232e-01,7.621750022962910931e-01,6.646803791887039292e-01,6.927822021388001517e-01,7.186637750412637748e-01,6.444132163416342873e-01,6.224110150078172587e-01,5.810641313407174380e-01,8.190365893893416516e-01,4.278468701150253128e-01,1.475807153967800822e-01,8.268828332555981930e-01,6.600193548173711733e-01,8.117196920039920771e-01,3.372584135691689133e-01,2.873617854513674796e-01,8.950144232237599029e-01,8.206550150728550985e-01,6.636058656970438285e-01,8.161079166731175505e-01,9.032735690290348840e-01
9.778785079316418827e-01,3.031046954454524878e-01,8.578261316699742345e-01,8.296363619313097404e-01,0.000000000000000000e+00,6.084985223432645141e-01,4.435556188871526140e-01,9.861325859944625183e-01,4.286251090708232403e-01,6.302588685674178626e-01,9.219538379485916479e-01,7.503560445651458188e-01,8.101123666258904787e-01,5.199936176830698420e-01,4.342904246815209035e-01,2.442728577334077333e-01,9.395350118969912900e-01,7.557245265142031876e-01,7.112226818127538319e-01,2.652304994509748215e-01,8.536780663163723304e-01,6.553790050999490635e-01,7.078625744740734138e-01,8.542698006276734368e-01,8.996676496940155809e-01,7.469830987886721951e-01,6.400490523369777307e-01,7.997824621026615732e-01,3.734327634847295352e-01,4.052705556232798489e-01,6.950488055336494220e-02,8.211189427789895579e-01,6.416366324486223460e-01,7.931688632613285161e-01,2.556877909433665774e-01,6.723751389948627588e-02,4.666836200356839770e-01,1.596053623566259239e-01,6.530110298518672085e-01,7.389859895296025938e-01,9.498153997555435213e-01,4.152930638974844935e-01,6.295456092440591123e-01,4.417703987100202734e-01,8.748355646191009471e-01,9.459924806582711287e-01,4.839632062685035319e-01,6.650592579387146763e-01,-3.181850754744952603e-02,4.241989577020752189e-01,6.265032517436104342e-01,7.929590767514466121e-01,1.929031009233052596e-01,8.305636514398869741e-01,9.352218135048120384e-01,9.015124574673948343e-01,9.903982261731347769e-01,9.357927746231347044e-01,4.170839085609147068e-01,5.239479541843110599e-01,3.565450801972502859e-01,2.376661262719863277e-01,9.341343714791604524e-01,6.200061680358687211e-01,8.894808891199380563e-01,8.787390613038831289e-01,7.598774782593754606e-01,6.087149923474592939e-01,8.109668068540147878e-01,6.882861994326360255e-01,7.295576790759166208e-01,7.079926357397547942e-01,7.714689330770672093e-01,6.689253227291863668e-01,5.720612386600236743e-01,3.537450233700746294e-01,8.710137455706887799e-01,3.962065835523644886e-01,6.044006452880028579e-01,5.264498157623289654e-01,2.761854565151447005e-01,2.539240168592586944e-01,9.254916361060130381e-01,9.199024129694761687e-01,5.887646442028490190e-01
8.636327013204694314e-01,9.352743041291370352e-01,6.198150172935205093e-01,7.470619322358071912e-01,6.084985223432645141e-01,0.000000000000000000e+00,3.110156041141395322e-01,4.029580254713306942e-01,6.050461255923155202e-01,6.151340950056263246e-01,7.895091241187024433e-01,8.335448876271933649e-01,8.086830849707328239e-01,8.664835480851623695e-01,7.896215151865055848e-01,8.936513475404376239e-01,9.249251366232832394e-01,8.919309438558925551e-01,8.659258982487039180e-01,9.695755375948706956e-01,9.466280738721277732e-01,7.209870178548261066e-01,7.687930664357991439e-01,8.316823859029932597e-01,7.061969809968183798e-01,7.211242067449936677e-01,8.898093197967161805e-01,5.050420759317693076e-01,6.336355533750390734e-01,6.397628137767411571e-01,4.603781954978611313e-01,6.122824007416877157e-01,5.921404312334315190e-01,6.243370350353493192e-01,5.536635127580865623e-01,6.061862110053062302e-01,2.448413598559860127e-01,6.133431562799881442e-01,9.419548787367193476e-01,8.149622155245989097e-01,6.005540594637741592e-01,8.728617780365406364e-01,4.606053025252411781e-01,9.682414568442454517e-01,7.959389120594975164e-01,7.347738242270112075e-01,8.935303310240395591e-01,8.561292362798810229e-01,7.210933816673908980e-01,7.680641960635150589e-01,4.942208147393301609e-01,7.609296782449808116e-01,9.479796098325998788e-01,8.990572606872384576e-01,7.128888967176348901e-01,8.917711493991633542e-01,8.484142154706851846e-01,6.422162815864104202e-01,6.074951338198613104e-01,5.625545978522148438e-01,8.111364947794341695e-01,5.159862118676920018e-01,7.314926250898101667e-01,5.206527090075934172e-01,8.588477187815826142e-01,4.401917833087322651e-01,6.035629731922594887e-01,8.736501139383390235e-01,2.447754135205198744e-01,8.691694772368377953e-01,9.444822036128321940e-01,5.535888462758364881e-01,7.135724180018025997e-01,9.001318683220305150e-01,5.628595308578073775e-01,9.156738662929575501e-01,5.152480933776345529e-01,6.085367535842124420e-01,3.795360829125913327e-01,4.399909456781780914e-01,8.764451008717888403e-01,4.452154860934761094e-01,6.226218921584872890e-01,4.728424189944798739e-01,8.658764676995223120e-01
9.424882745344712598e-01,4.135062402957720984e-01,4.542104405846411619e-01,6.882539923742641008e-01,4.435556188871526140e-01,3.110156041141395322e-01,0.000000000000000000e+00,5.924966903935855594e-02,8.630029046970675299e-01,7.444856827647285957e-01,4.641844624121670981e-01,6.683510866193420608e-01,7.491540410931301075e-01,9.741497386623956256e-01,7.821980894849344113e-01,8.976972622969220383e-01,8.265456946319542642e-01,8.210928331072292474e-01,2.079854557417638028e-01,3.820431208699215930e-01,7.201962439688824880e-01,2.064361366507000140e-01,5.399173058868993458e-01,9.397447408673921254e-01,7.886422368793581938e-01,5.332080186437294644e-01,4.232949610111200744e-01,6.408866516191779050e-01,5.471967789929341741e-01,6.391122096183672330e-01,5.889728686408237657e-01,7.161015536620704003e-01,2.153237520026246021e-01,6.654213259168086925e-01,6.848684520885373050e-01,7.361394608110990445e-01,3.840546319395994335e-01,6.218965216103570226e-01,6.618158112085974487e-01,6.405385176050339968e-01,4.760703229187664420e-01,4.407290477000829210e-01,9.820500763658339682e-01,4.437655146891130165e-01,9.801774720982251443e-01,7.654533953815062519e-01,7.382544796135268594e-01,7.548009747060271390e-01,6.138231382850689588e-01,1.877430910478372073e-01,7.930487047704644077e-01,5.261636095635119359e-01,8.428087676360226377e-01,6.514285311540871648e-01,6.752994130211292800e-01,4.804711728583714869e-01,6.916135403446184160e-01,6.580212627574701933e-01,7.426471888483421324e-01,6.501006258426246243e-01,3.797152084967111985e-01,2.164928950157620768e-01,4.013967858653817999e-01,8.459360457730100702e-01,2.362842232781580676e-01,7.726544140492613844e-01,7.404567225445043421e-01,9.077360993778320619e-01,4.618179930394882837e-01,-9.476781353286722887e-04,5.888263265671788149e-01,4.945562168798041114e-01,4.293239736492480696e-01,7.483899278145298428e-01,7.351429743967037300e-01,7.475126047754186986e-01,7.359273004419709663e-01,4.962165016287317654e-01,3.418604477931520558e-01,1.712944494524032968e-01,7.456981062118355208e-01,6.290022509427783959e-01,5.924764447899193431e-01,2.766259091311738527e-01,6.822079522311721433e-01
8.937183715135077477e-01,2.717043149732417673e-01,9.256092296489720761e-01,7.513670879184960461e-01,9.861325859944625183e-01,4.029580254713306942e-01,5.924966903935855594e-02,0.000000000000000000e+00,5.613063449877360167e-01,4.530460741040067685e-01,6.453402816907646278e-01,6.213043189856218840e-01,9.997803637350891615e-01,4.272388544262277210e-01,4.551127199722775907e-01,7.269116501320238566e-01,7.575808296568222744e-01,5.964130214349736558e-01,6.583880595170671368e-01,7.597065452243239037e-01,5.028250019277564764e-01,2.553289087444793326e-01,1.713789358062672297e-01,7.501951436586480337e-01,7.890281347478556029e-01,2.595571483563264051e-04,9.124603742880216251e-01,6.481011429376983823e-01,4.437840866639390924e-01,6.325007350750130319e-01,5.126469354619856977e-01,3.258064087907767137e-01,9.014878245618226371e-01,6.084042320296569883e-01,8.546358511366309862e-01,2.252926125170467420e-01,3.503357480902345999e-01,6.155795264305056191e-01,5.855590791793769956e-01,5.280583780489982448e-01,5.341174344672945384e-01,7.723398690984975001e-01,6.637867164469197778e-01,4.081521772466891740e-01,6.435415975478561146e-01,6.819580185241971293e-01,3.206064688451779054e-01,7.325838863810242296e-01,5.225025004288101904e-01,7.017846710536492782e-01,4.496420943887834976e-01,6.531572802913759856e-01,9.366200310565035991e-01,2.428118243602433723e-01,9.219837228146120500e-01,8.822303820095411808e-01,6.896992381097767355e-01,4.946212645724581414e-01,9.246952284635785446e-01,5.290382683649853535e-01,5.776707838549612894e-01,6.804163016513188333e-01,7.035030903698218374e-01,4.736972153801451424e-01,8.899485162488492973e-01,7.288256343900437750e-01,8.441589031683391919e-01,7.915582274731357559e-01,5.891955369159391775e-01,3.084735301869361845e-01,4.783398905017641201e-01,4.690321000679230079e-01,4.434854771221423131e-01,7.467986916814446374e-01,1.304704568823960853e-01,3.123709567414549859e-01,6.622552083787534016e-01,7.536459711459267963e-01,5.065984163424512854e-01,3.822580787706233441e-01,8.359328264303907963e-01,9.880583805249913976e-01,7.016088968101147350e-01,7.090898474324263123e-01,6.258068278056441169e-01
7.008068783894054743e-01,4.705738188638327602e-01,9.933875924987038974e-01,8.471392439285457820e-01,4.286251090708232403e-01,6.050461255923155202e-01,8.630029046970675299e-01,5.613063449877360167e-01,0.000000000000000000e+00,6.697358783009988992e-01,4.496718467766775418e-01,6.862580663001204284e-01,4.266718133783669042e-01,8.931413810997032021e-01,9.898697255413139162e-01,5.555841166210748749e-01,9.821887368841675237e-01,4.874446469201353382e-01,2.738877697337754880e-01,6.710428479235166499e-01,9.325796293168595597e-01,5.440883031921014412e-01,1.627498266809628280e-01,8.660645250957392793e-01,6.509892686137209727e-01,6.581639517938558948e-01,7.348583494876496092e-01,5.097144849974590830e-01,1.372413631420394686e-01,7.436652916341902619e-01,3.972231627902150786e-01,6.407311409068378039e-01,5.516356804839427364e-01,2.597524615739828513e-01,7.481719770553837412e-01,3.757653653432525553e-01,1.731661317790825771e-01,3.719445777195823366e-01,6.626755488536942851e-01,7.823434396033280835e-01,2.593101706694229680e-01,5.410818649401423208e-01,2.206370403013439008e-01,7.501063925665960586e-01,6.404987711476028966e-01,-1.372455138760150239e-01,7.017554346849449454e-01,7.880915669514612087e-01,2.755058919939928352e-01,2.807630646006777919e-01,5.968403737984064872e-01,9.806258690703528735e-01,2.773206222657220721e-01,4.762804608589798483e-01,7.269034986701190526e-01,7.199446719313968845e-01,8.269865947379382298e-01,7.797245639558649799e-01,2.038307780774538669e-01,6.100493578756718271e-01,5.082887532483379989e-01,4.871282413556468627e-01,3.109189258288019841e-01,9.055704782512913331e-01,6.225070929370777328e-01,9.036636089972300834e-01,9.390001012215284382e-01,7.209649055466574863e-01,8.713661660984344248e-01,4.874740968456354739e-01,9.159628464547631133e-01,4.632602593719158390e-01,4.636969396632656948e-01,3.347173756617533025e-01,5.221601919531512204e-01,4.982814111380874933e-01,5.233668185013202745e-01,3.893582475217483019e-01,6.021947035237582568e-01,1.635738792576818534e-01,3.126174137604995074e-01,7.341160170049951805e-01,1.496708850547243397e-01,7.415229679775645621e-01,7.873498488303386500e-01
7.053523140693049864e-01,5.158724970259507270e-01,8.683066297608151851e-01,6.057631615964785832e-01,6.302588685674178626e-01,6.151340950056263246e-01,7.444856827647285957e-01,4.530460741040067685e-01,6.697358783009988992e-01,0.000000000000000000e+00,9.330570994159133047e-01,8.879527673344873584e-01,6.737480196910321517e-01,8.002931326933597767e-01,7.236286943686456308e-01,8.475867403405514811e-01,7.735068303815360036e-01,8.806415688579656287e-01,8.240000245525035405e-01,7.822913962151586409e-01,9.068196842353630771e-01,6.149321672651613113e-01,7.171058003059830321e-01,7.653774542224974775e-01,3.406761233274610001e-01,5.048244004479737201e-01,3.447603200230724418e-01,6.273377954689229874e-01,7.111801224659208831e-01,7.509041866676071653e-01,5.726152783219353726e-01,4.279823919769817908e-01,8.898220300388716142e-01,7.721411036008363205e-01,2.249343403971420241e-01,1.938393345173977378e-01,5.795624629072957390e-01,4.922302419197406298e-01,9.291467931607050312e-01,8.659907144321791206e-01,5.397064362297231410e-01,6.729985569543234236e-01,8.473199880488797575e-01,5.389645367321138636e-01,5.613264965280986285e-01,8.223554342607987122e-01,8.432593778986468003e-01,6.026050271876479680e-01,5.694344383978408031e-01,1.340609986370706885e-01,5.834751090208316615e-01,4.975966301924079627e-01,2.567344957398672856e-01,9.466857129828939454e-01,4.334095874910406376e-01,5.944427411264754380e-01,6.699803428202750766e-01,9.212227163883561776e-01,3.612405357129474526e-01,2.092798290479634948e-01,5.331362280539757581e-01,7.013891170801864750e-01,8.510281216761282908e-01,4.987296677571510517e-01,6.060801486482043643e-01,9.323011364816649049e-01,5.244533071979810002e-01,8.741919570921093952e-01,6.940982880443082870e-01,6.146054390178190552e-01,4.101188095569818781e-01,6.401222350013832108e-01,6.636680093459521590e-01,5.732875697691232064e-01,5.305942607269076294e-01,7.564463252619801903e-01,8.080442894843019586e-01,6.312112380186415406e-01,2.470912511543525425e-01,3.896810883077285736e-01,8.364613925855839405e-01,6.267381919798915568e-01,7.904931317772574406e-01,-1.343821166785773014e-01,6.780780016870716631e-01
5.929890353687072846e-01,6.977130615612372466e-01,9.652502886532814408e-01,9.183382704621946280e-01,9.219538379485916479e-01,7.895091241187024433e-01,4.641844624121670981e-01,6.453402816907646278e-01,4.496718467766775418e-01,9.330570994159133047e-01,0.000000000000000000e+00,8.247651306248423575e-01,9.547603192326844512e-01,5.655375219205950321e-01,7.065169178096615266e-01,6.740955026254448201e-01,9.480209164715224235e-01,7.832506815589819205e-01,8.438402914334132143e-01,5.813566287091214563e-02,4.980197914226578981e-01,9.579896330699934071e-01,9.359351108723246160e-01,5.419898906947319128e-01,5.359469303502244486e-01,4.056040947383398043e-01,7.389979940667944502e-01,6.691982859538501138e-01,8.726212742893225682e-01,5.569688666671979149e-01,4.044431679273677860e-01,7.241572283417481160e-01,8.208595699089349385e-01,4.062662938288446046e-01,2.571172869388331783e-01,6.810411112484592300e-01,3.094977817042905976e-01,9.761016778719726616e-01,9.305282708693680682e-01,9.764419689259562496e-01,9.502372600253452539e-01,7.369157186546300142e-01,6.550230491859778681e-01,8.257369250587419662e-01,8.947740197296457643e-01,9.858075374670854929e-01,6.037440478830762292e-01,9.413860665602911126e-01,9.859781672551802822e-01,3.127723820700410995e-01,6.113986013803959230e-01,6.061615675720404273e-01,6.112084259220943450e-01,8.291002538021964297e-01,9.248071054118184309e-01,7.256315414808477415e-01,4.172652877663186044e-01,8.207462000851845074e-01,7.907721213330014542e-01,6.623413264802566758e-01,4.695910173568808021e-01,2.321022620987730212e-01,4.908957089683920749e-01,6.125825240710023323e-01,8.810729648429691530e-01,6.080306265481186800e-01,8.240026942167612001e-01,8.038422064472827699e-01,1.766160821342819542e-01,9.138409857647258328e-01,9.818271627151149428e-01,7.277150086969037535e-01,9.297626250790047564e-01,2.307614231072523947e-01,1.876790868396369660e-01,7.191894804372570560e-01,5.423968062294329817e-01,3.811338968883598022e-01,5.255793011942275772e-01,4.024544741613205190e-01,5.161885621697713811e-01,7.498800119274097176e-01,4.032799376478952702e-01,8.870618566123473769e-01,8.837097242100885319e-01
6.587936808674739186e-01,7.679179373269375830e-01,9.652127601993333306e-01,7.084904266451340638e-01,7.503560445651458188e-01,8.335448876271933649e-01,6.683510866193420608e-01,6.213043189856218840e-01,6.862580663001204284e-01,8.879527673344873584e-01,8.247651306248423575e-01,0.000000000000000000e+00,7.392931105554800819e-01,6.237103722778267745e-01,1.105624646328633512e-02,7.351442631662904459e-01,6.146593392833364922e-01,7.408356430132795323e-01,7.572198829666920705e-01,5.443893584696154475e-01,7.045604352961347683e-01,8.728938747573523615e-01,6.994991528219929311e-01,8.572277370726035794e-01,6.934831684890060410e-01,4.244127746033574677e-01,3.108815792160932734e-01,4.136668617062648212e-01,5.650640965116381365e-01,-9.209471956407955240e-02,2.854324626559177069e-01,9.256110582965102473e-01,8.090600186586615061e-01,6.465857444933658105e-01,6.584230120086183025e-01,8.529165957414198695e-01,3.122903626743588346e-01,6.877098740758841311e-01,6.826435931034545712e-01,9.381057466668902833e-01,1.563382412682245148e-01,5.005035849652414992e-01,9.382845818611966759e-01,9.315434100965838127e-01,4.837497805644297988e-01,6.274601440829008503e-01,8.857887544942101288e-01,9.320338982747984335e-01,8.880803672453410069e-01,6.362622479321432545e-01,8.878120280803594166e-01,8.607947839057561445e-01,3.046143756482579956e-01,7.242378529865232117e-01,7.371802579041033532e-01,2.153583262880132687e-01,8.885212269098285987e-01,6.589741443467167503e-01,7.899873615580437214e-01,3.474395483325605216e-01,7.105642832253731278e-01,7.341359933024838025e-01,7.967302658210710931e-01,4.263522019805834340e-01,7.358204985425937927e-01,9.033549294238765182e-01,2.439575671666621981e-01,7.106276008484674334e-01,6.490360056810796641e-01,4.151354614827038603e-01,6.619726264404972582e-01,4.412602000391976920e-01,3.281610645980515550e-01,4.135991634462232169e-01,7.178071020372593924e-01,6.650480600872363812e-01,4.489536863156811108e-01,2.882744147369753485e-01,7.981059971314738988e-01,6.832272213126071581e-01,4.142584520901056444e-01,5.134748853359744070e-01,7.872847727012066699e-01,5.293371501863449735e-01,9.988544579767011378e-01
9.094588512443217976e-01,5.870894086032429904e-01,8.584014676400210098e-01,3.085536395321337721e-01,8.101123666258904787e-01,8.086830849707328239e-01,7.491540410931301075e-01,9.997803637350891615e-01,4.266718133783669042e-01,6.737480196910321517e-01,9.547603192326844512e-01,7.392931105554800819e-01,0.000000000000000000e+00,8.057072007591790097e-01,6.684828435318068696e-01,3.586704260351513129e-01,6.583420621688951604e-03,9.103608211884890444e-01,4.864834451524657211e-01,8.843912730275298451e-01,6.238523950555118214e-01,9.470717815913893833e-01,5.820504852414098984e-01,6.462468390265111440e-01,4.078204792419185543e-01,4.468528838886297594e-01,6.682464386123294631e-01,9.093630734143123284e-01,3.577373030176012603e-01,5.821197401349834655e-01,4.157155217771966171e-01,4.632872943718364112e-01,7.958686200058620042e-01,8.063753616786136780e-01,8.327480731163842131e-01,4.670747275547054711e-01,2.407472006713322690e-02,7.416568293168929182e-01,-5.880784185295376276e-02,8.466367003589927442e-01,1.774490799648280048e-01,9.513888043673068839e-01,8.175399715546084467e-01,7.444631210449633718e-01,9.313358519716147255e-01,9.988303912380508409e-01,6.485873322752747638e-01,9.912441255826105468e-01,8.956468289176909847e-01,6.831454715985222359e-01,8.147720732653259690e-01,8.821343949970498199e-01,6.020101653666910524e-01,8.815456896528999220e-01,7.217141065765824148e-01,9.471298477625105239e-01,6.074671043830713879e-01,5.289549663740642504e-01,4.145842645823754613e-01,7.031206929465202426e-01,4.528436975513991380e-01,8.915338836438261305e-01,6.528275047788191232e-01,6.203311570315284129e-01,8.086754176298323049e-01,6.095306054281750541e-01,9.953670704115258339e-01,4.713513270727587856e-01,-1.166551478308766460e-01,8.194260027142195035e-01,2.841534769866144172e-01,8.967998029768626811e-01,4.185475602392371153e-01,6.076911234797857664e-02,8.613512751600109763e-01,6.318368152307967112e-01,7.310098879265400917e-01,9.711424075483245932e-01,6.677901752911168387e-01,2.544811114103917582e-02,7.966169865419536755e-01,7.984560962015260221e-01,8.703447173183083141e-01,9.820102510352315961e-02,7.688266566936291513e-01
9.746145042053325769e-01,6.662845882857657553e-01,6.155932054998207725e-01,7.107295896146270664e-01,5.199936176830698420e-01,8.664835480851623695e-01,9.741497386623956256e-01,4.272388544262277210e-01,8.931413810997032021e-01,8.002931326933597767e-01,5.655375219205950321e-01,6.237103722778267745e-01,8.057072007591790097e-01,0.000000000000000000e+00,5.572846564916921208e-01,8.216409191857925176e-01,8.930498861599645011e-01,8.559134560345736942e-01,8.749826306731666170e-01,9.300883192293321056e-01,4.860651238852213285e-01,5.764276636510298202e-01,1.447439778809691546e-01,8.152412439875912353e-01,5.446209228389460311e-01,6.667946996168903073e-01,4.217735982329084421e-01,8.719377019357326120e-01,5.600523722824276573e-01,5.782173507073240515e-01,5.465175300722477925e-01,7.255214002165516485e-01,7.456621378330332561e-01,9.215240039736014577e-01,3.261339837598838942e-01,4.316640133549450309e-01,6.552681773781811048e-01,8.050273969883031677e-01,2.779629805109808949e-01,8.702155703972236367e-01,9.341614433497262837e-01,3.449777872836344850e-01,9.542711477482579419e-01,5.069670246269294411e-01,8.197500633895508093e-01,9.563511628892824579e-01,9.517942945994133375e-01,8.397867662987450466e-01,9.504489160213580590e-01,9.092935680709612889e-01,8.771922807307054315e-01,8.542672661546959478e-01,6.416126790347207454e-01,7.863776055037809964e-01,2.769676237658003082e-02,5.239169475526190833e-01,9.099907235034301323e-01,8.103634647516100298e-01,8.256531203117394302e-01,5.556347476859111456e-01,5.130259552307420146e-01,7.842208023978661791e-01,8.200075146106550195e-01,8.384684776816850871e-01,8.169753104218608897e-01,7.619235724016146794e-01,8.959766807369908825e-01,9.835276226599547478e-01,7.164549942034441621e-01,6.423514788134675191e-02,7.200735084700818911e-01,2.119723715860372670e-01,2.413628388939694225e-01,-2.161124344425824351e-02,8.149719702196235316e-01,6.163475306164545309e-01,5.676454328047205733e-01,5.440578440796758342e-01,5.798509536083007454e-01,5.487957456353704799e-01,8.613615108730212633e-01,9.818412996447880570e-01,8.961251595671584358e-01,7.450345716812061259e-01,3.058675635901210721e-01
8.992370361254341526e-01,7.826417384347714723e-01,1.572692645331116579e-01,5.525115085071773402e-01,4.342904246815209035e-01,7.896215151865055848e-01,7.821980894849344113e-01,4.551127199722775907e-01,9.898697255413139162e-01,7.236286943686456308e-01,7.065169178096615266e-01,1.105624646328633512e-02,6.684828435318068696e-01,5.572846564916921208e-01,0.000000000000000000e+00,6.479782114439539553e-01,8.735527451704343527e-01,6.315395664227846373e-01,2.986291964354765294e-01,6.040643005254404674e-01,8.717306688665573677e-01,5.274195297386476966e-01,4.852240719443110528e-01,9.882068904703881218e-01,7.378902981505564007e-01,6.075981711359464965e-01,8.231999954463191660e-01,6.796130739146607480e-01,3.671836843524454719e-01,4.555264060857721065e-01,3.912969834723506457e-01,1.320875519879526339e-01,9.583331216023545096e-01,6.519743837389611052e-01,5.170656477538625451e-01,2.269277585003221798e-01,2.523148100033164587e-01,3.001135524184541659e-01,8.571385681332608364e-01,7.446229706850597818e-01,4.380677123977189114e-01,4.919612764876971633e-01,9.077773742870938189e-01,9.036185852014468889e-01,8.534614910959127387e-01,9.383410010336886709e-01,9.355765456092897114e-01,4.213886704091349134e-01,7.969414972274450060e-01,5.103793186364010692e-01,4.134510089694278245e-01,5.509413914561063219e-01,8.499265740836612348e-01,6.611496941786592085e-01,9.970149108900981938e-01,8.154563963190332165e-01,5.396035583667774249e-01,7.034477994487403629e-01,5.442926492373514336e-01,6.440957304867029887e-01,5.312565355125857813e-01,8.946921469303198426e-01,3.673325750336905449e-01,3.971430067952499421e-01,6.878452471908257371e-01,5.491555780933109476e-01,6.401358729355770549e-01,7.159695118493046850e-01,4.681297611429919292e-01,7.200343679916609840e-01,6.603400440010129824e-01,7.772763627638622219e-02,2.265079396259650213e-01,4.561748282338353166e-01,7.428875821917577671e-01,1.390800323185859000e-02,7.768999009571805336e-01,9.659148670762650601e-01,4.100187743494813075e-01,2.475199530179579555e-02,8.212699117358249756e-01,6.276222325569799088e-01,7.375973236230787267e-01,-2.841819815356780854e-01,9.358960130089890583e-01
7.401160221750808788e-01,7.314032447340343968e-01,8.108278953611477435e-01,6.535666327383731211e-01,2.442728577334077333e-01,8.936513475404376239e-01,8.976972622969220383e-01,7.269116501320238566e-01,5.555841166210748749e-01,8.475867403405514811e-01,6.740955026254448201e-01,7.351442631662904459e-01,3.586704260351513129e-01,8.216409191857925176e-01,6.479782114439539553e-01,0.000000000000000000e+00,9.696803270103545591e-01,5.277083682045593527e-01,6.174898127231889244e-01,5.642976386461201477e-01,6.238980029469307631e-01,2.735470012736979095e-01,6.185650007065188888e-02,6.802104490477447474e-01,6.812100467846319285e-01,5.850795764378989849e-01,7.401695374031920238e-01,7.725496165316216857e-01,1.745248365119271006e-01,3.040613301331325791e-01,8.384121943595260196e-02,7.071816304053335500e-01,4.394634124967717326e-01,8.480756049829978327e-01,6.943655028618077596e-01,6.482620462813277751e-01,4.646487753472114957e-01,4.007177658258758712e-01,4.136764363686563639e-01,9.825357751714310917e-01,3.803021069073343474e-01,6.707728734082404332e-01,7.227872709273370777e-01,6.650371136020263307e-01,8.625584593881496787e-01,1.099255534077277045e-02,6.459333649263836463e-01,8.400003339254854540e-01,9.436309372324186429e-01,6.018633223224136852e-01,7.612316647372516787e-01,6.114835096827146987e-01,6.187290913224094968e-01,3.505976900969963728e-01,9.788250723749298832e-01,6.848999613466171255e-01,9.726249609068676749e-01,3.795946217389887245e-01,7.487646736257667079e-01,2.046777834771837112e-01,6.805555116630377377e-01,5.410840372206574544e-01,6.239093603503972352e-01,6.548008305451890054e-01,5.336392172596362560e-01,9.272866613543880032e-02,5.950828445455205173e-01,9.155320079342046391e-01,7.068781728463804370e-01,7.836483013518310559e-01,9.071927341026235769e-01,9.177327225753478812e-01,7.527326563655548641e-01,2.848444719401017899e-02,6.111816313877068696e-01,6.596513512316838357e-01,6.306995271974358275e-01,7.282241438995924465e-01,4.076151398955972227e-01,5.448700496822986850e-01,5.574895667701238455e-01,7.322386425342375382e-01,4.152569289519970064e-01,2.059355177602426035e-01,9.355208315228962235e-01
3.402635618028437836e-02,6.172628406267351986e-01,7.514704021113930432e-01,9.398947132769860380e-01,9.395350118969912900e-01,9.249251366232832394e-01,8.265456946319542642e-01,7.575808296568222744e-01,9.821887368841675237e-01,7.735068303815360036e-01,9.480209164715224235e-01,6.146593392833364922e-01,6.583420621688951604e-03,8.930498861599645011e-01,8.735527451704343527e-01,9.696803270103545591e-01,0.000000000000000000e+00,4.816491979757154818e-01,7.005792005463407079e-01,3.612994717650495624e-01,8.941883588673434913e-01,7.845634540041099836e-01,8.110639240063931554e-01,4.892896559491910491e-01,2.349563199919522949e-01,1.793211508587745084e-01,8.429434556806496559e-01,4.274347274799260021e-01,5.424144355253355254e-01,4.639224940873791780e-01,3.586929350008187800e-01,5.501800330328907584e-01,6.111818463469376184e-01,7.976369887735317299e-01,7.352095041446735646e-01,8.698279917064207778e-01,5.319289290045614571e-01,8.024535354900876882e-01,4.819903567552678014e-01,6.097543952100870079e-01,7.825106871737304015e-01,8.212552850250020020e-01,6.233078732539378830e-01,9.269182784078405790e-01,9.557790657349196639e-01,8.267816309169221389e-01,9.735037989441943651e-01,7.427764179194846772e-01,8.129066847176221744e-01,6.057078669542876881e-01,9.151007954681333878e-01,2.243307675067540141e-01,-3.783312050335457810e-02,7.801626257561126154e-01,9.274160524723440435e-01,9.509466218917612679e-01,9.023798334164262469e-01,8.584106427264835970e-01,8.547012364141690632e-01,7.784590583966176647e-01,7.412934258785802699e-01,8.553564957183090733e-01,9.225989480949744470e-01,4.635680311281433208e-01,6.062974942285587199e-01,8.760532374609013573e-01,9.626620347288183943e-01,8.729787508947265406e-01,4.428992415700827578e-02,5.659626037957932176e-01,7.351639595677648131e-01,7.625739701535350079e-01,7.529454617892795687e-01,6.910931335263822417e-01,4.704909505754704679e-01,8.670700603689533992e-01,9.442419264622203823e-01,8.696843017201679737e-01,4.945332046110166302e-01,2.063751518476857894e-01,9.224337726054623321e-01,3.277243161103120528e-01,6.936180005944453386e-01,4.053681340595728932e-01,6.170534343251189435e-01
8.423891173656551379e-01,7.919313097477842511e-01,7.643041561654624338e-01,6.546324660670829187e-01,7.557245265142031876e-01,8.919309438558925551e-01,8.210928331072292474e-01,5.964130214349736558e-01,4.874446469201353382e-01,8.806415688579656287e-01,7.832506815589819205e-01,7.408356430132795323e-01,9.103608211884890444e-01,8.559134560345736942e-01,6.315395664227846373e-01,5.277083682045593527e-01,4.816491979757154818e-01,0.000000000000000000e+00,6.110950453493482204e-01,8.313815094974454922e-01,8.179659244794189599e-01,-1.717490148380984571e-02,5.441950451640333863e-01,7.319615396229630644e-01,7.868612122472709025e-01,5.427045811819112275e-01,1.175098270836117953e-01,7.029794048599219414e-01,7.418450968262786382e-01,5.583287085987758136e-01,2.875653500715311672e-01,7.708005840992957491e-01,7.400251837619967743e-01,8.243165708501165589e-01,6.189676071782823641e-01,7.214346344350399676e-01,2.790607315171728664e-01,6.240328304009707949e-01,8.028305976491519891e-01,4.257068967242552127e-01,4.069359630342431200e-01,7.665966103685000199e-01,8.625599612559358143e-01,8.793834296552448526e-01,8.099882319171261003e-01,4.549392761764565751e-01,5.309605054765034193e-01,9.453819961030796026e-01,7.486897565274402977e-01,7.074201533237427508e-01,6.239924724286953772e-01,9.006151490929820147e-01,8.232059783424588995e-01,6.758501361135615948e-01,4.469828742421770307e-01,8.931163797037503516e-01,1.498627730292216298e-01,8.131523605269640464e-01,9.213870709592969499e-01,2.843750978279397379e-01,4.814312020932967617e-01,7.663340878118289901e-01,7.059393333620654909e-01,7.375132768479351064e-01,8.610280335105391369e-01,7.899306578724010208e-01,7.646215448466971987e-01,3.104514420019721666e-01,3.416044576556381829e-01,9.155569409260775338e-01,8.004864640773406981e-01,6.395167695006115371e-01,3.686492021541216690e-01,3.891727792418153142e-01,5.589463043081550619e-01,5.972723546245886084e-01,6.368534834784385090e-01,5.405827881812161895e-01,6.013845890396959382e-01,3.645894995062625710e-01,5.279227982574437039e-01,6.217478055786581637e-01,8.835887461810352228e-01,5.900586225262459683e-01,8.881831709391106999e-01
