0.000000000000000000e+00,6.150845652970249322e-01,8.781473057416149253e-01,7.781843586360491782e-01,9.834864025780305496e-01,9.355716643258837895e-01,9.835740155980744470e-01,7.763168964847341202e-01,6.427107550519611801e-01,5.138726459106429667e-01,7.926035125641404111e-01,8.886259477628348780e-01,2.119607571522087730e-01,9.315953831932952678e-01,8.354784826199148640e-01,8.799607025420440598e-01,7.168618734782449264e-01,7.745883143522863667e-01,6.540668479385832734e-01,6.791147696248718280e-01,6.332333760137291989e-01,6.557064235418752496e-01,8.791186667643215991e-01,8.924826261866262156e-01,4.585692404142450163e-01,6.548056827234556565e-02,3.485178739477389209e-01,5.259985206756988552e-01,8.564160219360724691e-01,7.293362770566262643e-02,5.026653637524164386e-01,9.444602941903798010e-01,6.075882661862214151e-01,8.905182464601992809e-01,4.016676297904245296e-01,4.112344475597327631e-01,2.287619920304410637e-01,9.178102306206704641e-01,1.314846941496452815e-01,9.482288373555838312e-01,6.198305852855152676e-01,8.012293579320420855e-01,9.494039773814909600e-01,8.270802085440654983e-01,8.577240890853990996e-01,8.527145088834927611e-01,1.628997987656017055e-01,9.082426002143351162e-01,8.992628772014312766e-01,6.827921343258896991e-01,5.475254537447400427e-01,6.970232112037942906e-01,8.414577695745550923e-01,8.025291210975331602e-01,7.909918247141778380e-01,8.769401557315186224e-01,9.208814749444557135e-01,8.616944901267261647e-01,3.443946866636869442e-01,3.720729809789300457e-01,6.778268923286826508e-01,7.791845155743347684e-01,7.809503526090988412e-01,7.622076078832407120e-01,7.471085450649893600e-01,8.964809089523254615e-01,2.343639390063868289e-01,7.232052966667379401e-01,9.979985414656280529e-01,6.581830770597741909e-01,7.800393477463841707e-01,7.880039251982871029e-01,3.021018996606651408e-01,7.127032195533709036e-01,6.440963433233601876e-01,7.485916810722015313e-01,4.785926557628008560e-01,7.401425422402945209e-01,5.978420358942622137e-01,9.241722521523355605e-01,6.833078853266871810e-01,7.530774309112302500e-01,8.367926981605604553e-01,3.540865736144130915e-01,7.331420816740955582e-01
6.150845652970249322e-01,0.000000000000000000e+00,9.644717711040884378e-01,6.426124050744498328e-01,6.945423201895973842e-01,7.871748222942942519e-01,5.483757101973067982e-01,5.257158939445273349e-01,4.734099363256873971e-01,4.035623287502781431e-01,6.290778810430831536e-01,4.033708733728026408e-01,7.513791931071682750e-01,2.833330486824507388e-01,2.206352323843189800e-01,4.003094614941558049e-01,9.229943317245186130e-01,6.916241085731059668e-01,6.296298519419128992e-01,9.295505417159272143e-01,5.539529828611794438e-01,6.944145275851040244e-01,6.738801135988510271e-01,8.562779877835007269e-01,7.256532939737002641e-01,9.558784744315766968e-01,4.064227620459769375e-01,7.099759133811706091e-01,3.814697680221293408e-01,6.075873180893832659e-01,2.386832723985868598e-01,5.853605803311764388e-01,8.838084317750058982e-01,7.340414686157452628e-01,7.778462935662834310e-01,6.037365793912085055e-01,2.615816851782314933e-01,5.512179835818089568e-01,8.156849802831888097e-01,9.166647668853958875e-01,7.515074183969985833e-02,4.475989856489274721e-01,9.114785554786266619e-01,7.411432624278838643e-01,8.902684881873884626e-01,5.303937295916827388e-01,7.002025602261769954e-01,2.569671602308629677e-01,5.250523272266616193e-01,6.845356458906824981e-01,-2.862180067219070034e-01,5.348381199401026631e-01,8.245491559768278744e-01,9.594254777940882661e-01,8.640273905982014391e-01,7.464952608701880266e-01,7.302559200799403349e-01,8.245717196821127359e-01,4.254550672254309163e-01,4.639492144709407850e-01,7.140981937636994292e-01,9.113191605667977369e-01,6.796248254891441576e-01,8.862150467234906071e-01,6.826203208604144645e-01,9.358797291180330769e-01,6.631834356931195495e-01,9.545523193004199491e-01,4.124311960877351524e-01,8.394287856481159604e-01,8.242382221671338272e-01,8.766302745374132677e-01,5.208570308278467342e-01,3.441364097957333446e-01,9.308785384913786931e-01,2.652020907038394881e-01,8.185217509520018586e-01,4.681051403801340660e-01,6.862291253165977434e-01,6.619529911273960288e-01,5.583785700812038399e-01,8.039153558460027105e-01,9.825757863783147750e-01,2.870695429641463292e-01,7.972535624871808224e-01
8.781473057416149253e-01,9.644717711040884378e-01,0.000000000000000000e+00,8.777686741716251850e-01,6.447107258844073652e-01,7.764294343481522587e-01,9.963549014636399193e-01,2.148511812201573112e-01,6.750038730688439070e-01,6.856586301162996833e-01,5.856536363853865890e-01,6.198544029880880268e-01,9.130446438743017312e-01,8.141624995534423315e-01,4.498740986204595171e-01,3.880148251841853968e-01,7.899097376242739665e-01,8.696003861619840958e-01,8.171987542881663513e-01,3.052475759701227531e-01,8.785849684630916423e-01,9.958130596340002416e-01,3.323530789371076377e-01,2.216869123579626455e-01,8.392173060666597850e-01,3.214503999622099206e-01,9.491048153609604743e-01,4.809869310432217659e-01,6.802904405221024131e-01,5.505107795597211640e-01,7.028675667542221284e-01,7.825321642265120614e-01,4.412134439161575217e-01,8.701562645531029094e-01,3.384434607857131905e-01,2.369696125010029297e-01,5.603909204157749846e-01,1.696786026218837298e-02,7.188875296516132885e-01,3.910562595120281593e-01,3.984351602455801777e-01,7.403928126560845868e-01,9.295999350702117692e-01,9.139874537393304355e-01,9.454783888701151495e-01,7.926861641414664206e-01,8.548354621354230520e-01,6.058929658069447388e-01,3.586748799246000097e-01,9.745704864771308484e-01,4.848825518480844310e-01,9.987453049776027214e-01,9.338371415311494950e-01,8.189121446593752296e-01,4.701157033596590762e-01,8.195347597202046197e-01,7.084326716614161024e-01,8.959054477297990760e-01,8.931165753880784264e-01,3.795366219602166469e-01,3.528896928811463551e-01,8.500850825536147015e-01,8.976546741582452915e-01,8.489528448739173117e-01,9.651234136114892337e-01,7.391307259483770320e-01,4.910524270016065063e-01,8.769641900209577123e-01,6.016499909841014349e-01,9.133217227164781571e-01,8.337567277678402666e-01,9.178428131998453976e-01,5.560828541313014295e-01,6.482304725851706362e-01,3.725365087194418834e-01,7.012159824243618944e-01,6.794794098564242990e-01,8.187124756852196539e-01,4.292686368639073158e-01,4.730658250032377943e-01,9.159965183400816668e-01,8.461930053730970513e-01,5.454993659879814327e-02,2.646200066560928099e-01,8.195458028920967752e-01
7.781843586360491782e-01,6.426124050744498328e-01,8.777686741716251850e-01,0.000000000000000000e+00,5.932985487976327743e-01,8.936447987260338621e-01,4.131541781668656155e-01,7.719889782387159283e-01,7.796066761930766642e-01,4.240678391887438003e-01,9.849606185399719660e-01,4.091911408514286586e-01,8.085531997883146360e-01,7.523206802397006676e-01,7.244785721296311820e-01,4.739157148088541938e-01,8.296546679938706648e-01,2.528194523063352905e-01,8.917074699585915143e-01,7.274765221802970139e-01,4.835472103255283316e-01,8.545651612071157865e-01,7.776707172687268299e-01,7.423002813446761827e-01,8.722281428027767181e-01,5.831146015608453803e-01,9.524077034801687880e-01,6.706243084320858694e-01,6.378996843919823023e-01,5.029187504497806271e-01,4.899161188759956209e-01,5.098540450760704612e-01,7.943985924873446791e-01,5.233380975514825284e-01,4.416649250828427187e-01,3.322419293725837885e-01,3.639648410500812004e-01,6.385534288099705691e-01,9.380032052162438072e-01,4.552941949800540233e-01,2.475942440886480800e-01,6.420598364474334740e-01,6.475878056919412984e-01,9.828408154420555931e-01,6.862858733755664575e-01,9.115671815866940308e-01,6.683610452754888964e-01,6.643686828981437698e-01,5.983459805204445203e-01,3.954581712661618953e-01,9.301319838314092703e-01,7.257810586998563185e-01,4.178921059049400810e-02,8.379043200129252522e-01,7.781636294989269231e-01,5.670729962297751392e-01,6.797097502268349967e-01,4.668624172360589797e-01,9.141412351917487245e-01,4.662250701822741594e-01,4.456890492423026817e-01,8.745599547385111139e-01,9.670464740430431139e-01,4.095652164874917789e-01,9.840669552544552001e-01,7.167049855969831462e-01,5.538399160206302074e-01,9.313596744848784414e-01,4.180650820689259528e-01,8.665928074711419793e-01,7.884030563597422825e-01,4.604217890485063913e-01,7.526308820202848304e-01,7.285247459050223640e-01,4.865970753038214025e-01,8.728745263648012287e-01,6.099834278789219022e-01,4.632226062813039058e-01,1.661383048104664861e-01,1.158911207813881350e-01,6.278694010095755562e-01,4.520659476398960486e-01,7.254186314493584753e-01,9.844987034256645619e-02,2.581436129793026821e-02
9.834864025780305496e-01,6.945423201895973842e-01,6.447107258844073652e-01,5.932985487976327743e-01,0.000000000000000000e+00,4.086209373770172126e-01,5.636117776449504069e-01,8.307172002485300188e-01,5.904975348567003124e-01,6.399991044973581955e-01,7.772455207324239224e-01,6.956365575861878092e-01,3.313168253287953613e-01,7.903219323941144125e-01,9.872670730286542407e-01,6.225899658696704142e-01,5.365651008205593042e-01,5.205412643219251567e-01,6.305280330089226837e-01,9.860198548851032418e-01,5.471509880817895244e-01,6.021179754686361019e-01,3.873504140518162497e-01,9.235032103638861622e-01,5.916818131746892639e-01,7.470792994688649769e-01,4.540175048647903111e-01,4.464326147712580628e-01,2.141309267015273909e-01,2.743217611303772618e-01,2.169094930432806101e-01,7.327642874950952567e-01,7.597660916721603597e-01,5.856873552980460529e-01,2.666753545375981083e-01,5.305967329216483286e-01,2.236283984230543198e-01,6.927804229765506250e-01,7.617900094424435720e-01,8.928440126328015536e-01,2.930119078366368868e-01,3.454726001368161326e-01,9.187920813388530394e-01,7.600937935755993635e-01,9.892410483592899428e-01,4.472034663775626973e-01,9.111134472722941524e-01,8.613400465373088899e-01,7.486029842748933572e-01,6.623125949466662776e-01,6.482842376048447708e-01,6.370888973854170745e-01,6.664267846466901402e-01,9.042647945750152960e-01,8.149968728336839385e-01,7.693888066129439540e-01,7.084307948979715608e-01,6.085850503463939853e-01,6.203676477927245747e-01,1.238169619206340583e-01,4.429876252445625329e-01,7.952193059545438203e-01,6.976467650294727596e-01,7.337299034429805022e-01,7.279191574685676125e-01,6.599420618727188659e-01,6.316066518837085697e-01,8.764145716706096545e-01,9.400120269060359135e-01,6.499252400498711779e-01,7.691439723316030319e-01,6.451033662397599455e-01,4.208720797151397353e-01,7.551798657652160074e-01,6.353892249204809439e-02,8.344941307357416349e-01,5.971056142354728147e-01,8.023504139074044694e-01,5.441868272685443930e-01,4.789511832144195402e-01,3.401470201293149004e-02,8.762804795296149640e-01,9.209264270741115421e-01,2.713351274196442731e-01,7.728208339494900825e-01
9.355716643258837895e-01,7.871748222942942519e-01,7.764294343481522587e-01,8.936447987260338621e-01,4.086209373770172126e-01,0.000000000000000000e+00,7.739244721117702897e-01,5.355713171780946968e-01,6.049605907347120892e-01,3.442419787778201457e-01,8.705825382842274918e-01,7.630805054288374301e-01,8.500392203358478893e-01,7.844196696602030450e-01,7.681740701498389612e-01,3.338857059932983651e-01,4.581231000817722609e-01,7.508110618929371149e-01,8.561372003077344361e-01,4.911277059336818240e-01,8.391334266949681542e-01,7.002046374781784044e-01,6.717053039704495854e-01,6.402991861326878809e-01,9.410117384458207557e-01,8.345539421824456072e-01,7.693352711863659099e-01,6.602469695793509175e-01,4.053503995506225199e-01,5.787459694396493992e-01,7.908342600817547252e-01,4.726463369392394642e-01,6.135100646443980565e-01,7.195165042909602571e-01,4.405928440340121655e-01,1.594130406300084402e-01,3.790804176578601581e-01,7.146666802407088959e-01,7.608797081177931521e-01,9.624329536250112449e-01,2.002595310952503260e-01,9.911900921461200831e-01,7.640619356781990223e-01,6.277632223474838291e-01,8.212164129221640740e-01,8.452712792144019271e-01,5.071323137301351203e-01,4.750305658233376360e-01,4.008077693515484929e-01,6.482332737650573495e-01,6.490977137889653026e-01,6.162059734499228947e-01,7.350009704367659324e-01,6.745574370024346456e-01,9.188022228299491667e-01,7.034535072047629622e-01,3.957807525505596669e-01,9.782332762423051609e-01,9.531965471529124656e-01,4.577289800531894048e-01,9.960089444536845971e-01,3.229388617767197101e-01,6.300364943674039431e-01,2.392022455380663770e-01,5.814602680443727856e-01,7.524793713414177354e-01,7.904500919042405371e-01,6.954323807314544137e-01,4.130255646459928820e-01,6.145645266310936217e-01,6.349924118335676937e-01,7.849748998782698495e-01,6.572946965393247076e-01,1.668421002170734566e-02,8.632440990429677274e-01,4.589958117100159662e-01,8.095965704601347790e-01,6.170717896674262626e-01,5.734154162541102995e-01,5.640407183573359351e-01,5.612383229444861676e-01,9.677289175119927478e-01,8.636487040035226714e-01,6.989829362556511105e-01,5.749935110148068906e-01
9.835740155980744470e-01,5.483757101973067982e-01,9.963549014636399193e-01,4.131541781668656155e-01,5.636117776449504069e-01,7.739244721117702897e-01,0.000000000000000000e+00,7.071364171288474498e-01,8.039135210525027997e-01,3.456475795129703710e-01,6.327820070488693327e-01,2.359958524182646095e-02,9.751746913737036060e-02,5.391315293672566122e-01,7.311153885309438216e-01,4.198074089422560995e-01,5.019801599254309910e-01,8.579942245163451053e-01,3.004562114069149192e-01,8.072682589896253980e-01,1.383826162889721656e-01,6.930113432816679131e-01,3.993020255988967149e-01,6.612139049565817217e-01,6.567088537194473163e-01,7.662659986403435042e-01,8.804849021717587806e-03,6.150188834659989778e-01,6.291029460669514961e-01,5.801994012731387373e-01,7.453521249846415397e-01,7.378730149828525153e-01,6.557022030178374372e-01,5.761473399470550261e-01,6.299872794560774647e-01,9.542461396067757340e-01,6.829220702877147886e-01,7.050402792671105479e-01,8.918303261045622543e-01,8.241125845150913953e-01,1.216590005097114430e-01,6.885236547827047193e-01,5.775648768107257691e-01,7.745433787227973266e-01,8.989367136519920143e-01,7.642330612493889452e-01,3.170773682060618603e-01,6.064572123974405482e-01,5.817612701026665389e-01,9.083254980261326050e-01,7.382587371318585223e-01,9.324533886926533732e-01,4.015445960794142843e-01,4.519982572017715583e-01,5.872736872423744980e-01,7.929357170711193170e-01,5.699153381084902659e-01,3.290365103995557261e-01,9.243498217287268170e-01,7.818609461927266135e-01,2.515211266702839510e-02,8.866611358495506412e-01,6.437799205154797200e-01,8.979099740747172875e-01,6.186177038403963824e-01,2.522143458752464928e-01,4.337164015355341462e-01,9.436583239422871028e-01,9.239654371680591227e-01,4.456234355232151501e-01,5.981055630170026838e-01,7.322779618545001146e-01,8.983819925709666254e-01,5.849235461665031055e-01,5.168013290520078185e-01,2.164552976249880523e-01,1.510570242810974906e-01,7.835111432349527449e-01,5.519736838832390857e-01,5.094117109617811723e-01,2.560229630244776344e-01,8.494621061039696608e-01,6.346590189779879321e-01,5.959360334172204565e-01,8.790151448304718285e-01
7.763168964847341202e-01,5.257158939445273349e-01,2.148511812201573112e-01,7.719889782387159283e-01,8.307172002485300188e-01,5.355713171780946968e-01,7.071364171288474498e-01,0.000000000000000000e+00,6.779636201874015278e-01,6.142522649841941629e-01,5.027846979937420357e-01,7.687968394607100908e-01,4.469107318560165965e-01,3.121417763557184921e-01,7.592945722547478349e-01,7.721919097114906538e-01,9.092619755465225495e-01,6.517080428855095420e-01,1.427552859969208887e-01,9.894711128715310000e-01,8.757291346302931156e-01,7.373435371866611243e-01,5.646370414006250948e-01,3.212279714256112417e-02,8.960163446921518560e-01,7.602670873013711583e-01,9.900439061760224480e-01,9.676520566969671888e-01,7.131604204607390196e-01,2.737389728827714364e-01,5.428226225539044547e-01,3.042466341989620293e-01,2.508205970974422550e-01,4.087104733124364842e-01,7.524150679240432238e-01,2.666903446190839189e-01,3.445777410110669736e-01,4.116386354442402862e-01,6.822611382844802064e-01,6.153987248656529463e-01,2.498629881311893453e-01,7.231075644529647573e-01,8.536297169643862759e-01,5.105741137026218457e-01,7.023971348541253601e-01,6.473378883177094423e-01,5.354246699736563420e-01,8.719122267189951536e-01,7.341368810600015227e-01,9.637392218010900624e-01,4.638118442176035749e-01,2.187043114300416258e-01,2.993689748507721848e-01,9.131255191289257001e-01,7.306415256348490761e-01,6.547707113161753689e-01,7.957796014909728211e-01,5.989268223173631611e-01,8.833826334189383012e-01,3.763521233366052821e-01,4.033043419727984080e-01,7.471045020284897697e-01,7.557535927889862393e-01,8.189927968794372681e-01,7.685295406413739094e-01,4.706150253581649068e-01,7.400287735052528681e-01,7.435382318419029302e-01,4.025427530611077609e-01,7.786226982011204001e-01,8.246183245220075619e-01,6.789632156511254957e-01,2.052731142883517934e-01,2.412757192620957059e-01,6.329730332596771314e-01,5.392073594602284636e-01,1.625539795746360205e-01,8.986298507039800487e-01,7.418085201417873309e-01,5.847972954603165574e-01,7.353200580965792987e-01,6.292687731199978485e-01,9.127785053656415348e-01,7.180955808477531566e-01,4.199535566335843573e-01
6.427107550519611801e-01,4.734099363256873971e-01,6.750038730688439070e-01,7.796066761930766642e-01,5.904975348567003124e-01,6.049605907347120892e-01,8.039135210525027997e-01,6.779636201874015278e-01,0.000000000000000000e+00,5.281261982675818922e-01,7.356851397319513763e-01,3.247972813747915799e-01,7.310786554872743259e-02,7.786192113649023083e-01,6.618845499838579283e-01,3.313216453635271508e-01,5.443866920187596659e-01,9.596288619538033693e-01,6.131009517256583718e-01,8.455033977747956619e-01,6.241918710621293664e-01,7.835610193588123940e-01,7.147492763477812927e-01,7.167606560889535627e-01,4.301350508522334137e-01,8.125138945420139480e-01,2.859200712683501178e-01,7.325006167997436535e-01,3.246031864812009005e-01,3.572803946477731696e-01,1.260113486029274255e-01,2.815614252964383502e-01,8.507050710937730242e-01,2.304531859252721138e-01,8.722125657358142936e-01,4.921836886342186301e-01,4.272111209765952489e-02,9.814598208719550465e-01,8.992063615448240288e-01,9.588781616285562137e-01,5.037106841372348542e-01,5.353686300305857682e-01,8.801610803129324978e-01,6.716194373868227263e-01,9.197142065842025538e-01,4.874967777048797579e-01,7.279763199087634362e-01,9.533412844723732071e-01,2.611119287615372153e-01,2.594609856718501639e-01,8.544757786232624053e-01,6.568786885509709794e-01,8.545672709498081110e-01,8.141849858354806013e-01,3.148648842907634804e-01,6.899572787796026674e-01,4.470937154781486345e-01,8.535320192271329542e-01,4.842017817121700429e-01,7.116200432582998614e-01,5.086101143527620438e-01,7.990214164242429584e-01,5.605707799709629818e-02,8.962992611270877985e-01,6.447657171419164390e-01,6.526750980321771589e-01,4.891491094768164460e-01,9.822624773420409738e-01,6.848327814833343741e-01,6.481058278438240894e-01,7.018450552376708229e-01,4.606144726623855878e-01,8.003978492835854830e-01,3.701373201467872964e-01,4.572185046048652390e-01,5.556066431119244253e-02,4.854402108491128187e-01,2.348930194506688718e-01,7.287947682929994953e-01,4.608486617610552116e-01,2.457817271022046668e-01,4.954200837404529878e-01,5.791438713458666454e-01,3.713193373450142110e-01,6.445876153250590379e-01
5.138726459106429667e-01,4.035623287502781431e-01,6.856586301162996833e-01,4.240678391887438003e-01,6.399991044973581955e-01,3.442419787778201457e-01,3.456475795129703710e-01,6.142522649841941629e-01,5.281261982675818922e-01,0.000000000000000000e+00,7.079623331560499500e-01,9.540236651863369666e-01,7.032982087618737665e-01,2.154598724571545054e-01,4.453649049740128762e-01,6.932855870365155493e-01,9.821157664960057376e-01,5.149786738479610326e-01,4.698336922309515051e-01,9.731602504535612486e-01,8.586301423747461081e-01,6.196300828256570137e-01,7.610116779387161579e-01,7.430099379014180050e-01,7.499087740197487584e-01,9.020176384915578049e-01,6.882289284951753627e-01,7.069602493626059303e-01,6.467916623323169967e-01,7.780249151931754037e-01,3.161140441417781277e-01,7.905649995148036346e-01,8.369900316709040222e-01,6.955629672503356176e-01,9.473098759282072567e-01,5.279564338376370181e-01,2.550812259624801737e-01,6.895896454662662212e-01,1.799971200962571447e-02,8.864865919248112736e-01,2.808813138231671669e-01,7.475831270280623997e-01,9.662516779487433372e-01,6.083973194896495906e-01,4.979929721325606629e-01,8.017437587592420867e-01,4.007720508909254353e-01,6.711705111222643350e-01,4.242553362871732681e-01,6.654487468364662650e-01,4.484004163799119591e-01,9.374923203394252003e-01,3.747036265078562134e-01,6.026690613770864235e-01,7.268949892556034742e-01,5.367335591429112096e-01,7.947097578245619909e-01,6.742025662937750630e-01,7.834343574332426341e-01,5.136581928959810250e-01,6.536587868184322581e-01,8.855095150290852590e-01,8.860611205728579076e-01,8.387372567217449282e-01,9.209186579869078626e-01,7.555831530205445734e-01,9.611603955430960688e-01,7.275239176837784427e-01,4.004189996621580483e-01,9.713123617577512636e-01,7.728699349615260061e-01,6.643671864571679686e-01,3.847062821032650737e-01,8.703244629572648439e-01,3.943870613735329655e-01,8.369029301069703664e-01,4.488540191221010445e-01,8.275454843555091200e-02,7.259894062428906558e-01,3.408696908739670128e-01,4.531592591595914876e-01,6.039132671917968320e-01,4.655592322008439421e-01,2.274021925437626213e-01,7.465162819558752716e-01
7.926035125641404111e-01,6.290778810430831536e-01,5.856536363853865890e-01,9.849606185399719660e-01,7.772455207324239224e-01,8.705825382842274918e-01,6.327820070488693327e-01,5.027846979937420357e-01,7.356851397319513763e-01,7.079623331560499500e-01,0.000000000000000000e+00,9.846786206979135647e-01,9.368424006825899486e-01,7.567923142635779588e-01,7.133402842822621492e-01,8.334429714620983365e-01,8.244719964581864735e-01,7.004991785640580781e-01,9.994918514387796105e-01,4.492517942404340991e-01,6.860393578944292692e-01,4.899612639848480861e-02,8.538059127677871674e-01,6.248736441847404510e-01,5.971155094896498650e-01,2.865045340034449994e-01,9.657130091904049252e-01,6.683482195288408256e-01,5.306489989099658633e-01,4.434633287682729352e-01,7.493802861885281441e-01,5.914180040031564722e-01,9.834954984502256581e-01,3.852007146410652005e-02,7.155696860072331411e-01,5.899824443859846834e-01,5.317895121901738964e-01,7.140068024581625039e-01,9.506228893671351265e-01,9.524383429404441603e-01,4.865839481028814140e-01,8.714218801534151515e-01,8.180705768694918056e-01,3.662284292473393377e-01,8.546656946399253663e-01,8.555791541631350139e-01,7.852074673930931059e-01,2.678073518675106457e-01,4.898931222708979849e-01,7.160858316198561724e-01,7.191929600113985410e-01,5.033984539456677343e-01,5.375226028491412178e-01,5.258194214674577482e-01,8.589644292313926011e-01,5.236600729310189051e-01,7.982717746596001973e-01,7.081385680112639580e-01,6.314068572670490376e-01,7.049961023674760074e-01,2.020463147343701804e-01,6.335095943715679523e-01,7.368221001391055403e-01,5.918022883366260700e-01,7.853399779574840034e-01,4.676991645111441276e-01,7.556039289873340836e-01,9.001510313675029629e-01,3.132366703243039466e-03,7.505630680542250133e-01,8.581149855252778735e-01,7.881721542070077025e-01,6.851629643651553359e-01,3.548840671723469953e-01,8.440099451766694960e-01,9.981703991839316892e-01,7.790213250031230441e-01,4.895606040874438958e-01,6.306589453090908348e-01,3.172272207992117843e-01,5.256468934248079705e-01,8.084154817797487569e-01,4.116333076981276151e-01,6.002683763743645873e-01,1.148111889716196821e-03
8.886259477628348780e-01,4.033708733728026408e-01,6.198544029880880268e-01,4.091911408514286586e-01,6.956365575861878092e-01,7.630805054288374301e-01,2.359958524182646095e-02,7.687968394607100908e-01,3.247972813747915799e-01,9.540236651863369666e-01,9.846786206979135647e-01,0.000000000000000000e+00,6.740147834118863646e-01,5.778054076045769927e-01,6.207334419675707426e-01,7.181684020100919108e-01,7.703358549532541844e-01,8.442030848444571633e-01,9.849288740816066756e-01,7.420210332535286391e-01,5.376093587342933855e-01,8.067526915584808389e-01,1.584101216370014387e-01,6.797487352829305607e-01,3.419665506850150249e-01,5.938516054198417216e-01,8.999463441105535200e-01,6.781466582936964693e-01,1.756031546317951275e-01,7.399480021330720469e-02,5.217187159008422892e-01,8.727355637095928209e-01,6.823602284492141790e-01,4.945303467849735402e-01,6.263506258013977757e-01,2.800229897637874221e-01,7.864607613037606360e-01,3.012577595574890688e-01,7.492596531451416464e-01,8.345146142667038136e-01,5.865544761620509195e-01,5.762279737646534006e-01,8.247895402438608636e-01,4.145331269867179036e-01,5.657600876711498250e-01,5.390190166272014194e-01,8.397270647269028387e-01,8.061309045528717299e-01,3.357794704342962344e-01,5.035627209904181001e-01,7.129726290978639636e-01,9.242596132981497625e-01,8.931403340189031370e-01,6.261318247186612451e-01,5.664039578655027940e-01,4.664019311585051453e-01,8.213147473693107603e-01,8.222468245809745335e-01,7.708262210177923013e-01,5.885076762517380544e-01,2.180524759081188813e-01,9.791987359009022285e-01,9.046598649937168668e-01,9.873124985271262144e-01,8.810054539134571927e-01,5.945466287417535689e-01,6.835669201630633074e-01,4.157687661110717192e-01,6.578908949366445436e-01,2.213707529893182147e-01,6.113256567982163769e-01,7.091008555438087502e-01,5.747481725938217156e-01,6.241128884867513937e-01,4.688582255064004944e-01,6.392011984359098342e-01,6.688526309862383723e-01,6.823753987495648765e-01,6.018867087275987515e-01,3.713624723453428644e-01,4.620420353849417072e-01,7.356176112741417139e-01,9.591274185041951394e-01,6.021052338688492878e-01,6.426163808299670821e-01
2.119607571522087730e-01,7.513791931071682750e-01,9.130446438743017312e-01,8.085531997883146360e-01,3.313168253287953613e-01,8.500392203358478893e-01,9.751746913737036060e-02,4.469107318560165965e-01,7.310786554872743259e-02,7.032982087618737665e-01,9.368424006825899486e-01,6.740147834118863646e-01,0.000000000000000000e+00,7.068944764352754762e-01,6.656100324879411501e-01,4.061316288875987945e-01,5.375990619089415778e-01,7.891319913012524445e-01,6.565303590426795344e-01,4.826755515720174139e-01,6.611697161891021413e-01,7.624220350111331479e-01,6.356740617575875607e-01,8.927494293152788973e-01,8.624325187291328465e-01,8.320844162262325261e-01,4.614422069970636198e-02,7.950867652547269904e-01,7.733788709474016532e-01,9.809658145419372088e-01,7.667530653208981528e-01,6.003041378391882343e-01,8.577571480061619846e-01,8.093615572623831245e-01,2.815071404601123262e-01,3.670387007697198944e-01,4.100966541077918914e-01,6.007917321489155693e-01,6.371649661810421250e-01,6.154805076289076027e-01,7.721073117740490099e-01,8.205946997154960343e-01,8.857517945050815689e-01,2.152326063817424917e-01,6.011746338208808771e-01,9.610023569175629721e-01,6.375293295610267030e-01,7.012230694429166800e-01,7.816127462009592186e-01,7.684963713544437081e-01,5.751826841677890600e-01,8.151171672801196255e-01,7.305494415933289076e-01,9.867269382703430791e-01,9.973202908904286179e-01,9.583416901995321924e-01,5.442998509724922274e-01,9.888117466156447488e-01,9.820655826358619667e-01,5.798445269109450129e-01,4.433898708459968474e-01,9.722109807280246985e-01,8.425694288113561026e-01,9.375966692373189915e-01,2.076746701436978926e-01,7.984453069995933738e-01,7.016576405313802445e-01,8.470327213675765687e-01,5.378101554156342612e-01,8.539406066645586213e-01,8.584595587938330663e-01,8.864340879058700828e-01,4.152609057890185307e-01,6.529753763817341961e-01,4.682338077018929900e-01,9.195233075182163152e-01,7.796225271064242124e-01,6.834850297019329224e-01,4.148494678292957705e-01,5.163733672116139761e-01,5.452988844240549415e-01,6.254732970872060038e-01,8.863877373127955484e-02,5.607838539725311655e-01,5.785888853660154929e-01
9.315953831932952678e-01,2.833330486824507388e-01,8.141624995534423315e-01,7.523206802397006676e-01,7.903219323941144125e-01,7.844196696602030450e-01,5.391315293672566122e-01,3.121417763557184921e-01,7.786192113649023083e-01,2.154598724571545054e-01,7.567923142635779588e-01,5.778054076045769927e-01,7.068944764352754762e-01,0.000000000000000000e+00,9.208224739578253493e-01,5.525191891806952027e-01,6.587765962505210959e-01,4.116869501123501252e-01,9.983774863060537186e-01,9.018591666727825418e-01,6.335441123320516565e-01,8.651448532529953939e-01,6.883163608655012977e-01,9.181186802304779349e-01,7.945153675684692995e-01,7.412227865423594020e-01,6.845710742924602243e-01,6.445727357477167851e-01,2.904963006282161309e-01,5.185953079671128396e-01,4.637804969779772413e-01,7.085544070922387139e-01,9.822831851045259466e-01,8.236578718575203739e-01,7.836928066172622609e-01,1.286713252149435105e-01,4.344767398800943869e-01,8.997124783268702908e-01,9.243890681633064599e-01,9.643580540772709320e-01,2.487607204097117275e-01,8.926327402302631775e-01,7.200769716489365813e-01,9.444170064152580535e-01,9.388998593737506448e-01,3.931977435385051178e-01,6.930053099189772414e-01,5.584376174967161655e-01,7.126224947503413398e-01,6.367263250207699787e-01,2.828794462035850721e-01,4.539350604306032211e-01,9.756474165177781988e-01,8.937147839683705630e-01,4.019422875119726402e-01,6.613032075966953638e-01,6.947090408604333911e-01,5.613462550394234807e-01,4.566222837827753067e-01,6.830737040452352637e-01,3.789513090444603938e-01,6.784278630242566166e-01,9.561674890870973664e-01,7.930311281229420750e-01,9.394460181763757411e-01,6.031299153559098736e-01,2.937134252588204930e-01,9.288352893222630025e-01,7.376384653757975807e-01,6.623151125764303870e-01,2.354355213725511375e-01,4.225548745307757259e-01,5.036879313991541318e-01,5.528784929983837637e-01,8.584517368117562386e-01,8.299511598528824807e-01,4.146081877549505634e-01,7.541775782310620180e-01,7.035418104697678254e-01,4.914089827226300611e-01,8.907246435653265459e-01,3.544177973791357017e-01,8.647150745541176686e-01,7.443286509587745403e-01,4.000771154396510765e-01
8.354784826199148640e-01,2.206352323843189800e-01,4.498740986204595171e-01,7.244785721296311820e-01,9.872670730286542407e-01,7.681740701498389612e-01,7.311153885309438216e-01,7.592945722547478349e-01,6.618845499838579283e-01,4.453649049740128762e-01,7.133402842822621492e-01,6.207334419675707426e-01,6.656100324879411501e-01,9.208224739578253493e-01,0.000000000000000000e+00,8.630560643870892612e-01,8.412547970489641092e-01,6.472079736847149434e-01,4.603027029181777641e-01,8.440118235743905295e-01,4.580988094695767621e-01,5.082123267859224303e-01,5.773461347168928892e-01,8.095677926988984474e-01,-1.404772492767332182e-01,2.492886183831423963e-01,8.869556907483531205e-01,6.531556038277198661e-01,3.665098219295917503e-01,5.191292478278576317e-01,6.019064937375375735e-01,7.670692403852702457e-01,7.868932462862520127e-01,2.802146572752097775e-01,4.748158533177269242e-02,7.575081979361226736e-01,7.511841777302987744e-01,6.549298166073194150e-01,9.626896257611811114e-01,4.398693835044890643e-01,4.322599520926731498e-01,6.441291646214180044e-01,9.167405030400539445e-01,3.420732702294231875e-01,8.369371330870780668e-01,9.301227799299340848e-01,8.362331159205934616e-01,9.878675020739213775e-01,5.025980001196792557e-01,5.872310658860598886e-01,2.480318286053521115e-01,3.556834456853034121e-01,6.179931155696360978e-01,6.872141578123939221e-01,9.048932221289529565e-01,4.630411017273564078e-01,6.394542642257617926e-01,8.601051078514967418e-01,9.574893013806148323e-01,2.416868806304337258e-01,5.519768721447408932e-01,6.924965977559469632e-01,4.606898475526601255e-01,9.094077045331310227e-01,6.883184474247210360e-01,9.099475101614405981e-01,7.508713376493528213e-02,9.419903692049242938e-01,4.862529481893320127e-01,7.424012652241952503e-01,4.800176121242237803e-01,8.437637690621050401e-01,3.007360141019744804e-01,7.315371196944704391e-01,6.238123647669400196e-01,4.886727711848828926e-01,3.961575006440684055e-01,8.113167019221968479e-01,8.028256130101413257e-02,3.455164047735194144e-01,3.084346428298574971e-01,9.495000352909163110e-01,7.389700112327404202e-01,8.915662214851362011e-01,8.261760385756882208e-01
8.799607025420440598e-01,4.003094614941558049e-01,3.880148251841853968e-01,4.739157148088541938e-01,6.225899658696704142e-01,3.338857059932983651e-01,4.198074089422560995e-01,7.721919097114906538e-01,3.313216453635271508e-01,6.932855870365155493e-01,8.334429714620983365e-01,7.181684020100919108e-01,4.061316288875987945e-01,5.525191891806952027e-01,8.630560643870892612e-01,0.000000000000000000e+00,9.450400460962978810e-01,4.904334937445289366e-01,6.910031336811032210e-01,6.602980309497673561e-01,9.957713574546038782e-01,5.145907800126499065e-01,7.962895634620448249e-01,8.727024497408530923e-01,7.107552240314911618e-01,7.800155765466054714e-01,4.493985456751611318e-01,4.506922681128162078e-01,3.392542423787627687e-02,4.260375764520977770e-01,5.153908876251896976e-01,8.208256238644000558e-01,9.328095295632196082e-01,8.960247005704583545e-01,9.649977203600289544e-01,2.861863084988440775e-01,1.249667296310680992e-01,9.964984366364909585e-01,6.736626933470826195e-01,7.261701962594642179e-01,5.200376749990707204e-01,2.625511086625794688e-01,6.399319728733030566e-01,9.621299524400628300e-01,6.079763843298493509e-01,6.202101598913193348e-01,8.143901249238101325e-01,8.425769568628249662e-01,3.317300208660186600e-01,8.422858070425880417e-01,9.708910261148603338e-01,7.932152480510459291e-01,9.930632859271161239e-01,7.418325024374498033e-01,8.316667042474285010e-01,8.519092894316686593e-01,3.640534203039693106e-01,7.826104619926113060e-01,8.097517132379927762e-01,5.851547274178885427e-01,4.802592032256192134e-01,7.675836291411851642e-01,9.437481108272696151e-01,5.122028590494656086e-01,7.302238802994291955e-01,8.758266576688377159e-01,8.871986200897313823e-01,8.308258303172199044e-01,7.471152003659869978e-01,8.360848312456151676e-01,9.268755310537394321e-01,5.346736300048499091e-01,7.830285311916327373e-01,8.170965119647922714e-01,7.119604809313970772e-01,5.106964758433045759e-01,3.005495252078759227e-01,6.195443212064165595e-01,6.076721374246998320e-01,3.813963908732895813e-01,9.505598437105502452e-01,9.888096756136228738e-01,4.750955860990942470e-01,3.176092103734643457e-01,6.386502930101787268e-01
7.168618734782449264e-01,9.229943317245186130e-01,7.899097376242739665e-01,8.296546679938706648e-01,5.365651008205593042e-01,4.581231000817722609e-01,5.019801599254309910e-01,9.092619755465225495e-01,5.443866920187596659e-01,9.821157664960057376e-01,8.244719964581864735e-01,7.703358549532541844e-01,5.375990619089415778e-01,6.587765962505210959e-01,8.412547970489641092e-01,9.450400460962978810e-01,0.000000000000000000e+00,9.395126491822667347e-01,5.961144453538762544e-01,9.460913558135891632e-01,5.295415306098659736e-01,3.430492789848761381e-01,7.489507445025410659e-01,6.268001196306054457e-01,7.368922547231371301e-01,9.915519830801790002e-01,6.001029238119494069e-01,9.465181492333567537e-01,3.679789872772150083e-01,4.956769484145292504e-01,-5.086147832162080107e-02,2.739340646814091285e-01,9.888112775985147263e-01,7.028979591650881265e-01,4.588647588245396425e-01,4.808980569766026503e-01,4.198918979929621154e-01,7.061725439860233600e-01,3.282255961443788506e-01,9.572768865175566022e-01,4.026936389880055867e-01,7.856405476387842146e-01,4.456240018231816813e-01,6.473492900843044184e-01,9.959429960001606741e-01,9.313430369694444266e-01,7.007488016600862402e-01,8.508334123939869098e-01,9.894365744607499513e-01,5.622815867264616824e-02,7.201987682740401686e-01,9.122098519902063218e-01,8.509682290338859145e-01,6.583777301509632363e-01,7.345383054462308881e-01,-2.935708234748184431e-01,4.872395032073905119e-01,8.260275247707272728e-01,9.006112399094799992e-01,6.646933431555276384e-01,4.235904813058587459e-01,6.256749264764208673e-01,9.963432631674422613e-01,9.264710081696412303e-01,6.220821114237308214e-01,7.986282955988424082e-01,8.964499298216548340e-01,5.364671016712596607e-01,5.944233585749588711e-01,9.473921804712394090e-01,5.312720824369967509e-01,6.001611098288641699e-01,5.561440479038393114e-01,5.826367741954521229e-01,5.111617188564483438e-01,4.263842142495066767e-01,8.343386285762239840e-01,8.397246728643541491e-01,7.501235962444464667e-01,2.859307195931009571e-01,9.231882333775713878e-01,9.215054183076029082e-01,4.763407285595659957e-01,3.279290005648258788e-01,2.153071834997662415e-01
7.745883143522863667e-01,6.916241085731059668e-01,8.696003861619840958e-01,2.528194523063352905e-01,5.205412643219251567e-01,7.508110618929371149e-01,8.579942245163451053e-01,6.517080428855095420e-01,9.596288619538033693e-01,5.149786738479610326e-01,7.004991785640580781e-01,8.442030848444571633e-01,7.891319913012524445e-01,4.116869501123501252e-01,6.472079736847149434e-01,4.904334937445289366e-01,9.395126491822667347e-01,0.000000000000000000e+00,8.521260558644898619e-01,7.696589945647641651e-01,6.856794958763707815e-01,7.407275721131160173e-01,6.180904434788998536e-01,3.999298626208599439e-01,4.786919788555489275e-01,6.251251413489559150e-01,5.842944634204089160e-01,4.550041623105376409e-01,6.551695293722596958e-01,4.519738483346433244e-01,3.922069652147284202e-01,7.390749959269486968e-01,9.403871151600772249e-01,4.646052210272647032e-01,5.380779961827848457e-01,2.502055116618923103e-01,2.981968076298698866e-01,6.519938402101258523e-01,7.181556421007377899e-01,6.996518690283594077e-01,5.185475993927189942e-01,6.488876688663192116e-01,8.545433100511690139e-01,6.975239613066140931e-01,5.834759570037434395e-01,7.916330647299797407e-01,2.154795255201763515e-01,9.633392366205104640e-01,7.536650353166043370e-01,2.427638057490262846e-01,5.066158657960652123e-01,7.778033856296057147e-01,6.258007256715534261e-01,6.226934926821173777e-01,6.057242233600336201e-01,4.511823245450627407e-01,7.000281129588944440e-01,8.162675630238259705e-01,9.111104141535216749e-01,6.241472501427327568e-01,7.187266875432035684e-01,6.484786874762509257e-01,9.640305296031790316e-01,7.466914656530984074e-01,7.213887059320139850e-01,6.463036122533973860e-01,8.221033267025591451e-01,9.824564663673023279e-01,6.835399105072214043e-01,7.039758278191508012e-01,4.527163054306626022e-01,8.814768465506688244e-01,7.927628834565065841e-01,2.421596835886689614e-01,1.598546292317126749e-02,9.096801365547527718e-01,9.322123928196971443e-01,-7.275044406345113068e-02,1.332356999206898429e-01,2.125951872009786692e-01,7.840824461314823690e-01,8.482090805733648597e-01,6.456859160593496627e-01,-1.520649466658455240e-02,2.111718962137900668e-01
