0.000000000000000000e+00,8.241333490123962102e-01,8.460749785916790167e-01,7.370576582632901719e-01,4.628573686238512397e-01,8.322785593166289742e-01,6.776427662255564144e-01,-1.646151677968632210e-01,6.965147210225230978e-01,9.085748451373838463e-01,1.959263913948337821e-01,6.967748921707361820e-01,8.395749160807584044e-01,2.645179769208005904e-01,8.833870176867326673e-01,7.025331276400602620e-01,9.594335303520507008e-01,5.405983402031835361e-01,9.419338845311490127e-01,6.255094249815286167e-01,8.102305938767410121e-01,9.527974283230413732e-01,9.903343898136161005e-01,4.338275397953396118e-01,7.662081137604991321e-01,6.308477211958086750e-01,7.308197562548015558e-01,7.959311888825501002e-01,4.129885129544701439e-01,6.811539822363493757e-01,6.643459143686744062e-01,9.185593850803628335e-01,8.049056932700956457e-01,8.638551164689619588e-01,9.130862997027681116e-01,3.607236651813208184e-01,2.228074565007076846e-01,8.315212236226388054e-01,8.432857324545555144e-01,8.809121473705396888e-01,9.326261315148023923e-02,2.404663775149217808e-01,9.022330745920349448e-01,7.181729766191947695e-01,4.424290764765109185e-01,8.726756085356781600e-01,9.998617859840891464e-01,6.632365055728111081e-01,2.838453817409696267e-01,1.451222009107340505e-01,9.517669196857541092e-01,7.679905608718048393e-01,3.598431708045594091e-01,8.174261598570838894e-01,6.977379334218271056e-01,1.644432234776213031e-01,8.047021823461456558e-01,7.646676753481763678e-01,9.312064724867558096e-01,3.215565698506378522e-01,6.613983574120896325e-01,6.053407169281578293e-01,4.517392739987624029e-01,8.636285843150021124e-01,2.254316583996357759e-01,8.753696481213290026e-01,6.015710763665953476e-01,9.359592936046332579e-01,6.661882484855348174e-01,5.781889717135734186e-01,4.125378470239596806e-01,8.750203381076807618e-01,4.519038844016471379e-01,4.352444912290491241e-01,8.460166761628620247e-01,8.070906265095952881e-01,9.647800854685576466e-01,6.671310363159024259e-01,5.906811562470348775e-01,2.756587027423638703e-01,6.373558484247541234e-01,8.156480318052368172e-01,8.828300397034543057e-01,4.671080289293538801e-02,8.851565666784563247e-01
8.241333490123962102e-01,0.000000000000000000e+00,8.679989561845730117e-01,8.046600131203510697e-01,4.745827644893049202e-01,9.901046646840414578e-01,6.110049443863128094e-01,6.641979523581751366e-01,4.964485812045627000e-01,7.614160404203076382e-01,8.392331396349022032e-01,7.448758501248671227e-01,5.900409985414947212e-01,6.315158254456252340e-01,4.922504181135163581e-02,8.243750837060448422e-01,4.276876046448135904e-01,9.534586242464583306e-01,6.926007024999193407e-01,8.316296226600836672e-01,9.131785660632417700e-01,7.268039492283920877e-01,4.156223385221463062e-01,1.037204754703955206e-01,7.755931451706569169e-01,6.808583948537643149e-01,9.198249442424664135e-01,5.362377995021977428e-01,1.326108121709190790e-01,3.424309109311493571e-01,9.118824117816400066e-02,5.638014652920365632e-01,9.667827394304138178e-01,6.299031885276763498e-01,7.957913290958513741e-01,3.956475639681025225e-01,6.192277498369992417e-01,7.849075770325111279e-01,9.225817519973154024e-01,6.108618611294193146e-01,4.716359373635957697e-01,6.049220736213851701e-01,7.952654674594910045e-01,6.026927547709912680e-01,9.609392529285756268e-01,9.217193691626758278e-01,6.577010644742796730e-01,8.616272932564685849e-01,6.834939622037117940e-03,8.598160289568735903e-01,9.922056983036119382e-01,9.805171450244299924e-01,4.340768983940543335e-01,9.825833900518482489e-01,7.021824534195311163e-01,7.941284829484973606e-01,7.616269045615450262e-01,5.656787919033379186e-01,6.413022525284919340e-01,6.986160864678265803e-01,3.642306410811644440e-02,9.884769696452284649e-01,8.632711707226958797e-01,7.207537700755197729e-01,6.363077352506552042e-01,9.815218522685917879e-01,8.770582063465552913e-01,8.326155119492305579e-01,6.880473197592432699e-01,5.019607484038786094e-01,5.802055745281479160e-01,4.527110060292209859e-01,4.016602849656617513e-01,6.147879982798468701e-01,2.225829831161277028e-01,6.368001955114263035e-01,9.099516163675636093e-01,5.615067015147015006e-01,-1.246671842315031087e-01,6.650289001607510020e-01,3.897097820753228081e-01,9.310456538987446073e-01,6.455193414980157085e-01,6.899244262716284215e-01,9.883728347779452417e-01
8.460749785916790167e-01,8.679989561845730117e-01,0.000000000000000000e+00,8.149522429550036806e-01,9.804357615674129667e-01,5.038716711490976996e-01,8.135240409181242471e-01,3.363691006675356698e-01,8.717869921578236259e-01,8.895673550080848146e-01,9.833785398203200856e-01,6.723626405364463432e-01,7.124894235471307402e-01,7.967998078070392953e-01,7.349648983607540709e-01,5.383951527826034145e-01,8.792247130081803919e-01,8.265756853602629350e-01,8.066073868160742455e-01,6.468338877244668161e-01,2.171718794058704050e-01,9.261097414802154093e-01,9.940921628023067225e-01,8.323497925439135026e-01,9.721040135722442965e-01,5.462289694489597114e-01,8.885399591941018915e-01,7.318486161027184522e-01,3.058731304140590579e-01,3.055000132142673963e-01,7.554035906451388449e-01,8.877379806181894262e-01,3.886767544902937077e-01,8.815537959834457427e-01,6.339918287699641830e-01,4.680848057044023625e-01,-1.082703184037669963e-01,2.216732505429173106e-01,8.330746498940915234e-01,4.635972371334594611e-01,9.784396012571651147e-01,6.153004820543988007e-01,9.252629959325331388e-01,6.885429883254269301e-01,9.107075706327311115e-01,4.266246055082226762e-01,7.937071315673371874e-01,6.904816503721046272e-01,6.760669376210738379e-01,7.331911953768109891e-01,7.094329561089617320e-01,8.910028336035025198e-01,6.414680655114034513e-01,6.886327881153189168e-01,9.318428695983402843e-01,8.389922124006643500e-01,9.903045489043545979e-01,6.639510355657601837e-01,5.437136967463019888e-01,5.576804241632916659e-01,7.176776736744683305e-01,4.857697548989294289e-01,9.948340326472101536e-01,9.036579249100882283e-01,5.143040296090433117e-01,6.844138519724342062e-01,5.520169743259351058e-01,9.849506037814111936e-01,3.771059502328360513e-01,7.054451968894809299e-01,9.378196516449512909e-01,7.800006227805804659e-01,4.412630869600532302e-01,6.948082139717566275e-01,6.154162231714136455e-01,3.138286338835455935e-01,6.569896428648004383e-01,9.251069598555219375e-01,3.278022857017737213e-01,7.092065112601058097e-01,9.912138094291516044e-01,6.977985537143390760e-01,9.114448347441513887e-01,9.797022969053654773e-01,5.679607132620909660e-01
7.370576582632901719e-01,8.046600131203510697e-01,8.149522429550036806e-01,0.000000000000000000e+00,6.448885794146157480e-01,6.944745927989833811e-01,5.941131331272689886e-01,4.612579793451580534e-01,9.415897810753356412e-01,4.609834968125636201e-01,4.606241199395474384e-01,1.459775265638908193e-01,7.578714964495461004e-01,5.553546050579162285e-01,6.564572958316583495e-01,4.234095576299358177e-01,9.898715319468157636e-01,8.212383904978496352e-01,-1.892371481549960655e-01,7.520190917966225186e-01,9.833163807684174307e-01,8.490419821860450966e-01,8.580202447455861359e-01,7.151117394804999972e-01,9.515130649869556478e-01,7.150067487130321586e-01,7.579834095609817579e-01,7.085060805205387613e-01,7.065954745375083723e-01,4.203665681681523214e-01,9.299861660709668465e-02,1.621453518122972781e-02,8.225658350282958331e-01,7.629175304483475362e-01,9.559383292418824896e-01,7.930194956178496790e-01,8.480768798427076871e-02,8.461348469264816652e-01,8.359772519336808871e-01,4.026625203728789182e-01,3.251052187996348319e-01,7.920235184492304681e-01,9.261710538884113664e-01,6.822236956553792142e-01,9.820195023626072661e-01,6.774301219036280575e-01,4.063827161548436706e-01,8.258606913010864137e-01,7.271484739583999879e-01,4.045919857840522549e-01,6.195260885077273905e-01,7.970521746866305879e-01,8.958792869806873060e-01,4.698944959391811449e-01,6.328392149570526426e-01,4.055544462435211051e-01,7.976580566992541588e-01,4.644463620697311113e-01,8.816771015772806308e-01,7.072219224262122905e-01,4.685344981792490260e-01,8.419063899272164475e-01,6.817562525945943808e-01,8.184806525919113840e-01,8.053454093523898516e-01,9.072558391893906782e-01,9.751346323152902951e-01,7.236654931284312031e-01,6.722593938077414677e-01,5.057740235340917323e-01,6.871673005336428330e-01,7.887404330073921610e-01,5.460989476200992510e-01,2.412542625457359240e-03,7.726935287094885974e-01,4.260326863887852200e-01,9.919610345651297401e-01,7.144160082453837601e-01,6.767088121594129202e-01,3.903769609470728597e-01,2.714364581390699693e-01,9.748003325186453960e-01,7.273263711240890439e-01,6.611451221272491852e-01,2.183473763786730470e-01
4.628573686238512397e-01,4.745827644893049202e-01,9.804357615674129667e-01,6.448885794146157480e-01,0.000000000000000000e+00,4.660316149801742580e-01,4.584645984511296346e-01,1.885887374706368969e-01,6.941871522675656658e-01,9.858624611710025132e-01,9.605213853644194444e-01,9.485146825315331487e-01,5.592222215519317974e-01,8.487782236745862186e-01,6.063251688075546042e-01,7.801769548761654516e-01,7.736320722090966884e-01,7.496035460242398418e-01,8.771351403679716885e-01,7.951089999969788158e-01,6.179774584189381414e-01,6.042348488345098412e-01,2.319326510019792120e-01,6.259088234386218641e-01,8.927003688067038922e-01,7.842363141230591639e-01,4.043696662722586765e-01,8.608403647234922351e-01,4.256292149992207952e-01,1.992582478635274990e-01,6.573491006710718842e-01,8.842053427714695601e-01,8.861689267908530176e-01,8.266152044658041653e-01,5.522959201695091247e-01,1.641011021496365241e-01,7.557867267043604231e-01,6.388739218496238825e-01,9.678448208263767949e-01,8.703444746376945984e-01,2.267262036603114039e-01,9.381937079714826044e-01,7.634615118184564508e-01,8.953849650748396671e-01,6.870438671875033210e-01,9.837173842435533722e-01,7.705042675065113533e-01,8.410191160068560823e-01,2.475808759333414377e-01,6.157490703723225156e-01,6.070492328092771395e-01,7.749467115361711178e-01,3.013846059174679071e-01,4.019017741078149131e-01,8.646612878948130021e-01,2.641722684308953628e-01,5.904421894871529908e-01,5.880982741201787878e-01,7.434314179111813914e-01,-2.973431812228691240e-01,4.205395899898763112e-02,9.635130387858900081e-01,7.052525649373901917e-01,7.360502693445075684e-01,6.231224211778491062e-01,8.425904675422811740e-01,6.031926747022706703e-01,7.416171834255438355e-01,5.017957553498927359e-01,9.252223701283137647e-01,6.856293990664803495e-01,6.534020649633238698e-01,1.343801085460150091e-01,1.852615117710367520e-01,5.966912432583615367e-01,7.793241034278977075e-01,3.342253040723642821e-01,9.718765250610819084e-01,1.335046793725639946e-01,4.682065233640349544e-01,4.700562695397809132e-01,7.423175684100742355e-01,7.970756695318612639e-01,5.472517282869620026e-01,6.946438902727495313e-01
8.322785593166289742e-01,9.901046646840414578e-01,5.038716711490976996e-01,6.944745927989833811e-01,4.660316149801742580e-01,0.000000000000000000e+00,1.278338860174178804e-01,8.456020363575553755e-01,7.680649968507701209e-01,9.931284568714415784e-01,4.052373545890404216e-01,6.223008161472338706e-01,4.492445558240235060e-01,7.886912886348174112e-01,3.669223386152499211e-01,6.223777091189875987e-01,6.557142237000622709e-01,5.343290365240624951e-01,3.685596734333084767e-01,7.625540208438050804e-01,9.862877374441652023e-01,6.625785093275740056e-01,3.120882869527798475e-01,8.091758557736847823e-01,7.878204734583880153e-01,2.822274170133534654e-01,6.498034406657990925e-01,4.735624292820708736e-01,3.234331395235304218e-01,5.733603221664301808e-01,2.253566913850308384e-01,6.633392133402925550e-01,9.547650434868977243e-01,8.672496643548470718e-01,8.564285934091604435e-01,4.380435667908216257e-01,3.074200616871506364e-01,9.145015524429920273e-01,2.873195532505680716e-01,1.202787938669196977e-01,4.011881108225980874e-01,6.802726560784162491e-01,9.100918928534773578e-01,-1.224985227182781161e-01,9.525290726443742528e-01,8.422806948840000363e-01,4.975187912480592556e-01,8.554306678363937655e-01,6.946719177663919220e-01,4.012636390708499423e-01,8.517283118352576565e-01,7.335178338229282335e-01,7.398491968791428564e-01,6.457846104374850293e-01,9.198425819083091426e-01,8.160247816265016052e-01,6.464951668615582792e-01,5.757128581092587627e-01,9.592426591954821280e-01,3.489868463621711436e-01,7.815069326255079663e-01,6.725641800771671175e-01,8.317069518737093548e-01,7.387307871513200119e-01,8.191194112084744239e-01,6.974216378881579192e-01,6.425507252138400460e-01,6.131184493594882268e-01,3.431503559655377233e-01,7.548624613137551176e-01,4.930387526005082788e-01,9.336697305138517144e-01,4.753219129929553421e-01,6.849642456981299699e-01,4.394224650283018452e-01,4.022200282745441724e-01,8.823215030371051038e-01,6.965738651396820025e-01,6.703808292763746568e-01,7.562013362142865347e-01,4.342335500533618942e-01,8.902259631346153279e-01,8.339988391737702678e-01,7.766231687898035307e-01,5.162960428401970336e-01
6.776427662255564144e-01,6.110049443863128094e-01,8.135240409181242471e-01,5.941131331272689886e-01,4.584645984511296346e-01,1.278338860174178804e-01,0.000000000000000000e+00,5.728123507617951526e-01,5.398437627562373553e-01,1.918339945193523466e-01,5.137124364032439328e-01,3.380539260014761571e-01,7.988805941194528915e-01,3.090193694419819392e-01,7.628820192239698095e-01,6.579676851096590839e-01,8.267042018724684027e-01,7.573694101872686657e-01,6.507924092060235477e-01,9.577291077979370737e-01,8.463881613795671832e-01,9.935206415072492803e-01,6.903171603190580985e-01,8.433316062494486953e-01,4.118433765531158697e-01,5.266043722684807804e-01,5.536328295508000652e-01,7.348504125832012734e-01,4.146755271095549644e-01,5.970811872394719000e-01,4.025774541658738159e-01,3.767730912058083748e-01,6.964558977717236754e-01,7.610749789642945462e-01,4.018835941850999460e-01,6.733785012852036012e-01,3.235618763938158393e-01,5.128643413087369263e-01,3.000670981599635190e-01,7.772616455833515348e-01,7.812319858490631708e-01,5.144020656979833017e-01,1.358615170648329318e-01,6.759800706458641839e-01,7.107614284261659643e-01,7.307603707540698545e-01,4.080224895058891521e-01,6.572599324895977979e-01,8.605017327347439515e-01,6.986173301515554712e-01,3.154204762207287738e-01,5.040869075363274554e-01,3.155010008993625048e-01,7.601481750585220576e-01,5.237062969844066274e-01,4.895634930371320914e-01,4.166053119541386629e-02,2.482363776577264924e-01,8.481691085363139981e-01,6.171797020061513539e-01,2.979573019553685698e-01,4.847442913472883030e-01,9.869624764447884058e-01,6.963240973249492649e-01,8.824821947002305933e-01,7.411267037953535031e-01,5.891345701211320174e-01,9.524074577635249783e-01,3.996015512143056281e-01,5.655520000760148047e-01,4.424273739212502554e-01,7.968385574716116970e-01,5.842167057094507232e-01,4.511455084101018698e-01,3.850458691512638199e-01,6.250468555251379454e-01,4.438013877684418573e-01,4.409244069811033701e-02,4.337936189007091103e-01,5.816883010655957698e-01,7.248905010084215339e-02,2.750636512091575447e-01,6.091520146626323573e-01,3.228134956420491974e-02,7.335107644500096225e-01
-1.646151677968632210e-01,6.641979523581751366e-01,3.363691006675356698e-01,4.612579793451580534e-01,1.885887374706368969e-01,8.456020363575553755e-01,5.728123507617951526e-01,0.000000000000000000e+00,4.239983625527835587e-01,6.014509379729212624e-01,3.825923983730798450e-01,7.057566000406866324e-01,6.112670095141961024e-01,9.670540006389105603e-01,2.647484330921016094e-01,2.662732435543555543e-01,5.513962082553779398e-01,2.246871870605902932e-01,7.593059085804381159e-01,8.021385992347209726e-01,7.451224570006769188e-01,4.878807266767746231e-01,6.323064526965956889e-01,7.782464095117602731e-01,5.161586161676640083e-01,6.112795160294018926e-01,6.832486540769825423e-01,4.487212483896027559e-01,7.791304872961316574e-01,5.124370291744966277e-01,5.283183543193128440e-01,-1.036709344089202511e-01,9.285076712834150481e-01,7.644272160833269769e-01,5.890121955658871311e-01,6.965908831415290603e-02,7.465312579286237371e-01,2.382611956247239482e-01,9.752926010980895732e-01,3.569393835639710355e-01,5.144407690136163502e-01,4.507537174719716822e-01,8.149432169367738510e-01,7.306028565789006723e-01,8.399660637982576672e-01,6.796292856947546701e-01,4.231326924670084644e-01,6.399273017644419026e-01,4.999417455124615106e-01,5.968051875251396687e-01,7.149164935875559346e-01,7.241973652745650192e-01,6.493521966761263142e-01,-1.745746367752165629e-02,7.620096100746112100e-01,9.986525865363544696e-01,5.063057532074698441e-01,4.161678256900873119e-01,8.626285751344465735e-01,6.300383735932642004e-01,7.948728239962283837e-01,3.184057595806540075e-02,6.961123009414444951e-01,6.257038193975567042e-01,5.745375076646342949e-01,5.761147901279424222e-01,8.631173920701535884e-01,6.280576634002225100e-01,5.549345832629319908e-01,4.891540809313390525e-01,2.134327354393798504e-01,5.554962069378074352e-01,3.877914262902837361e-01,7.826134185735776905e-01,2.083514795266196984e-01,6.354989817288791976e-01,7.820356553677058065e-01,7.598384754376265038e-01,7.277888008907416051e-01,1.493762276320143856e-01,9.093695666005628953e-01,8.896273121903048864e-01,4.181607940979665816e-01,7.085780554231904116e-01,5.669381141701084204e-01
6.965147210225230978e-01,4.964485812045627000e-01,8.717869921578236259e-01,9.415897810753356412e-01,6.941871522675656658e-01,7.680649968507701209e-01,5.398437627562373553e-01,4.239983625527835587e-01,0.000000000000000000e+00,6.418391675476959879e-01,7.058777212458083872e-01,4.002021404664554693e-01,5.568424966150720135e-01,5.990290405568026166e-01,7.257895628543633570e-01,8.189374580439601203e-01,5.301977534729039876e-01,3.547140842804578087e-01,4.126769034759967258e-01,9.316087383231645980e-01,8.786758076984331201e-01,7.494295244672709577e-01,6.620829547695130657e-01,2.370754189070996554e-01,7.268471405723669898e-01,4.634639058143827373e-01,9.849331735000070864e-01,7.612369232158653354e-01,2.599935759292013038e-01,3.326619542938183960e-01,7.298191843466876882e-01,8.816354716738755704e-01,7.994646887311755989e-01,3.496962903057731498e-01,6.694880064938013575e-01,5.424628116188583427e-01,2.181522311439902662e-01,9.833287971568958064e-01,8.134867864860286790e-01,7.627422504655591018e-01,8.406964457799892543e-01,7.853869731559353085e-01,8.913172709442878094e-01,5.148628937076612511e-01,7.212655146062774136e-01,4.529450797154320751e-01,3.554773449615779568e-01,3.618148855133958008e-01,6.984868175329894679e-01,9.089654520589486308e-01,9.440511412504197786e-01,3.374854810945712158e-01,8.739172078712214020e-01,9.982160994070435334e-02,8.435193548809352126e-01,8.414465652752203262e-01,4.119574132227140639e-01,8.046401911068405965e-01,9.560925673280722403e-01,7.053067882074245398e-01,4.288144165899142601e-01,4.592852024694865642e-01,6.912432250350478702e-01,6.462183140856453401e-01,4.640819277596629489e-01,3.073679880844423784e-01,8.740668723933934237e-01,9.052139769627761678e-01,5.223170399629583072e-01,6.767443919587097234e-01,9.723153013933857336e-01,6.005175871528120046e-01,4.808991560966873191e-01,9.803834558789978892e-01,6.800337008324087718e-01,4.029236565368165546e-01,9.359446649109064431e-01,3.355131623396194751e-01,2.294246573590804361e-01,4.972980290353055111e-01,3.472777950956221771e-01,7.898020847803912670e-01,7.926385599764773637e-01,7.035991666724700222e-01,7.583383547829449789e-01
9.085748451373838463e-01,7.614160404203076382e-01,8.895673550080848146e-01,4.609834968125636201e-01,9.858624611710025132e-01,9.931284568714415784e-01,1.918339945193523466e-01,6.014509379729212624e-01,6.418391675476959879e-01,0.000000000000000000e+00,4.657365419800991724e-01,6.325225237039194814e-01,7.513007463701397715e-01,4.814240943914357418e-01,8.705809158174540041e-01,3.360488845869469277e-02,4.424505296718481695e-01,5.255554897196108577e-01,5.745050003077933898e-02,3.613821462644222771e-01,8.886876321678469637e-01,7.492702837581773079e-02,7.355417409926857664e-01,8.879262733193601376e-01,4.980767793143446309e-01,8.128576829366007672e-01,8.894033613984390074e-01,4.553324008488138230e-01,5.481322924199549806e-01,4.662764228136278555e-01,6.777642585279028964e-01,1.332024121650266513e-01,6.508442922488296700e-01,6.946453020330888295e-01,2.142717587726735151e-01,4.665469564642766853e-01,5.462076008276652850e-01,4.389174439741933553e-01,9.256646368575406347e-01,3.232485408387526793e-02,4.909974277962448896e-01,7.558334540904658727e-01,8.423671907767350531e-01,8.358874476672105702e-01,9.788296085103227462e-01,4.603492588842349464e-01,5.969021221310215619e-01,9.407372419458808199e-01,4.048103099247530867e-01,9.876594627075270250e-01,9.587913450103888735e-01,4.555832933073891700e-01,5.128541319465366177e-01,7.375229998742423021e-01,7.162288880246525657e-01,5.749587070447104153e-01,3.530414259483594663e-01,6.663279408050276631e-01,9.737973547858171930e-01,1.525303555102073272e-01,7.792534387102958426e-01,8.960497788490698889e-01,7.631156603662806459e-01,9.455358891550935674e-01,8.153381841869684621e-01,7.391778989488000384e-01,3.952157682410479822e-01,6.123391145479314401e-01,6.487692540439276012e-01,8.412749857368764239e-01,9.070221614716885705e-01,4.257250572481264816e-01,5.247884744801081247e-01,7.584439025790692401e-01,4.459534737762962386e-01,6.744575588072653227e-01,7.793454126535196425e-01,5.475319318469442642e-01,5.108378313756107847e-01,4.206108634587422679e-01,8.016888558070024429e-01,9.544001566844430018e-01,7.541877871715367831e-01,4.046804406101873752e-01,8.924126305369419754e-01
1.959263913948337821e-01,8.392331396349022032e-01,9.833785398203200856e-01,4.606241199395474384e-01,9.605213853644194444e-01,4.052373545890404216e-01,5.137124364032439328e-01,3.825923983730798450e-01,7.058777212458083872e-01,4.657365419800991724e-01,0.000000000000000000e+00,6.961847742077156287e-01,6.200807221944582004e-01,5.327962048936855100e-01,6.064685417687788460e-01,4.282152208510209279e-01,5.905177736094361363e-01,9.030521295141940019e-01,9.720580971413340654e-01,8.252079361175750361e-01,8.010481097027392083e-01,9.991378750756464422e-01,7.848344779413057859e-01,9.595702100977707705e-01,5.396780512835092081e-01,5.193111018605005569e-01,7.730621161090017734e-01,7.261961609129772288e-01,9.359265812467886247e-01,5.686717992661789456e-01,6.904915802521598422e-01,7.174376673969099505e-01,9.317961386763318199e-01,7.937241170328552808e-01,4.115207233401582121e-01,4.748700050765436442e-01,4.964437551098684898e-01,8.473284033550004812e-01,7.210939060737390216e-01,9.849458137444712102e-01,7.772909311837111757e-01,7.495051043601943519e-01,7.227244374852164199e-01,7.063723134988550978e-01,9.897809193239416325e-01,8.882131746007021489e-01,2.393850128864491722e-01,7.610483148879554349e-01,5.845552628738549528e-01,7.160762543047509698e-01,7.521049410049228667e-01,6.962890524279516935e-01,9.334157821599626814e-01,4.509158595137837122e-01,7.557671627106311574e-01,7.304285129249465935e-01,9.385980313758075511e-01,9.351208030238185032e-01,8.486323278923953994e-01,3.774884034712967518e-01,4.510852412987018112e-01,5.527971920701675312e-01,4.210492570317843075e-01,5.677314151027530453e-01,3.535879326926288230e-02,6.527952157790367638e-01,6.072710795040100473e-01,5.107803932843473227e-01,2.119993294542960316e-01,3.295270090663138252e-01,8.302336200852910020e-01,7.641852026732633973e-01,5.383606346464123726e-01,4.008144995425534374e-01,7.804242422477842833e-01,7.557027977886509040e-01,7.361965328148748489e-01,4.853903084655814548e-01,5.106382192551522925e-01,7.111807888764993812e-01,9.927629548358501976e-02,5.411885313990449919e-01,9.444510507209054051e-01,7.260606466939194537e-01,4.157538978689362952e-01
6.967748921707361820e-01,7.448758501248671227e-01,6.723626405364463432e-01,1.459775265638908193e-01,9.485146825315331487e-01,6.223008161472338706e-01,3.380539260014761571e-01,7.057566000406866324e-01,4.002021404664554693e-01,6.325225237039194814e-01,6.961847742077156287e-01,0.000000000000000000e+00,8.529218014825695748e-01,9.074253952997979322e-01,7.094831568743240613e-01,9.159081609779705646e-01,9.990844508700327253e-01,6.988416592919898251e-01,8.670883012480852248e-01,6.683756096327089780e-02,8.243498790021120959e-01,7.074547222111398082e-01,4.159939760851643631e-01,7.217651142202420322e-01,6.618224111098254259e-01,8.781981046067742769e-01,9.366354237770310176e-01,8.345069473244782765e-01,2.994019950420153675e-01,5.860448472472317150e-01,6.937840844941361995e-01,4.164813368246509384e-01,7.978620752498348789e-01,9.514220551503143053e-01,5.369372763759141520e-01,5.403892976403995574e-01,3.359653865127770755e-01,3.241262734082923092e-01,7.717707931519798281e-01,2.781574759285487808e-01,2.018254829063078626e-01,3.021151181830842303e-01,9.291348413539660678e-01,7.856552117356062626e-01,6.876702989565971480e-01,7.787090639906553147e-01,2.905350879016216359e-01,7.196931177852194939e-01,6.693898463865849413e-01,9.273333212609748966e-01,7.047734644892249545e-01,6.606722609118341749e-01,4.859604563844072134e-01,6.143284882931354662e-01,4.047524271586958600e-01,6.245202981197280900e-01,6.037001769263177220e-01,5.021191255343054188e-02,7.714211080988292446e-01,3.254085991105387654e-01,1.949137428791326565e-01,4.086665480768837400e-01,8.085531662196115965e-01,4.768506185272111675e-01,5.645849019233263322e-01,4.278174502101114718e-01,7.664481321069623876e-01,8.250725551361086652e-01,4.217269026599076431e-01,6.315227597831283290e-01,8.253835136572583719e-01,9.372391748645579890e-01,3.577168660440185888e-01,6.994994497509496867e-01,4.868312684581352356e-01,7.768514711186021993e-01,8.415167026314505083e-01,5.724562299649939012e-01,6.519606889595681576e-01,5.938233204506236929e-01,6.646855556250805819e-01,7.930568824411551310e-01,7.949919814166532817e-01,6.811591720493310742e-01,7.094909699661255953e-01
8.395749160807584044e-01,5.900409985414947212e-01,7.124894235471307402e-01,7.578714964495461004e-01,5.592222215519317974e-01,4.492445558240235060e-01,7.988805941194528915e-01,6.112670095141961024e-01,5.568424966150720135e-01,7.513007463701397715e-01,6.200807221944582004e-01,8.529218014825695748e-01,0.000000000000000000e+00,5.784070155045544226e-01,9.869690375431640073e-01,9.357103759735660997e-01,7.946838558832318711e-01,8.962574051260487895e-01,2.043072420986579707e-01,8.608727259541634202e-01,8.670966695140948088e-01,4.039768580468006687e-01,7.196138096267874484e-01,8.479995404663904779e-01,6.888584753643868241e-01,3.480039924102278359e-01,6.797747255322472704e-01,6.703257940976489193e-01,7.401903556471309820e-01,4.123875769234469080e-01,7.435447824609553447e-01,3.541992827463330551e-01,7.947454952012766860e-01,8.099233941562601347e-01,4.990912393306103922e-01,-7.524877484273748141e-02,6.194589590182808525e-01,8.760844429654109922e-01,7.732474492630679874e-01,2.791885253720365889e-01,6.720761728701580839e-01,2.174757430016348581e-01,8.582110177952380070e-01,9.144755682887151238e-01,7.411294774968580912e-01,8.462822319475760136e-01,1.440486443896030477e-01,6.563032126746812800e-01,7.555193979228636003e-01,8.870553959429227087e-01,6.020899814372729919e-01,8.838263956114370545e-01,9.557937332067111269e-01,6.888077687611395827e-01,5.122105159517254501e-03,6.611455763745983649e-01,8.008158308585280327e-01,8.531001047615395239e-01,4.338342021506274016e-01,-7.696978472898394208e-02,6.431913102715293151e-01,7.327092405673552022e-01,8.258186139089840339e-01,9.925399093853165544e-01,4.686628862025830622e-01,9.095061701975206692e-01,9.894334801778634780e-01,6.590688225777106002e-01,7.669475544457579064e-01,5.887877966617311998e-01,6.133022509615652096e-01,4.547804003895995484e-01,5.643665550641001616e-01,4.787978970242793286e-01,9.139449302855017221e-01,9.424772995401823339e-01,7.304827340967992022e-01,6.515461721969256770e-01,7.621800204783955035e-01,2.120405730295905622e-01,9.889876391465548533e-01,9.036374380515399540e-01,7.517706635282236372e-01,5.501726302430209881e-01,5.331853628187425143e-01
2.645179769208005904e-01,6.315158254456252340e-01,7.967998078070392953e-01,5.553546050579162285e-01,8.487782236745862186e-01,7.886912886348174112e-01,3.090193694419819392e-01,9.670540006389105603e-01,5.990290405568026166e-01,4.814240943914357418e-01,5.327962048936855100e-01,9.074253952997979322e-01,5.784070155045544226e-01,0.000000000000000000e+00,8.888581810320490550e-01,8.107117588699487287e-01,9.856584047039780305e-01,4.469313863236629714e-01,7.167377917728655623e-01,7.003176114204751057e-01,9.817440847463945186e-01,2.703972935690599488e-01,8.813314435110078948e-01,8.437612528883851049e-01,4.296245025340917900e-01,7.265235711538875485e-01,6.645809726574005705e-01,6.848695947409501050e-01,6.803209067431568169e-01,5.481438163879427394e-01,6.062475487490343040e-01,4.486509837883907448e-01,6.216720704443837175e-02,5.434564250371256566e-01,8.785891527069467077e-01,6.058590675209345466e-01,5.529340850951847131e-01,6.245135604406253371e-01,4.645473875429623201e-01,7.347454791825732690e-01,7.645883071576058398e-01,9.798173720531564435e-01,9.181068693359091260e-01,9.427284440590599779e-01,8.973924819344505366e-01,5.708767474164280209e-01,8.156296857483258389e-01,7.645884776055951182e-01,2.647772563655721445e-01,9.121931635734323862e-01,5.758538779359473336e-01,3.018770697126406666e-01,8.032148231201967636e-01,9.207484938215568793e-01,9.361069235803168853e-01,5.632989289849567038e-01,9.996236337972792541e-01,9.637719765255466919e-01,9.675441530019828207e-01,8.369833859140932697e-01,6.492800998422133540e-01,2.824462240148346570e-01,7.534493377689084337e-01,4.855141605349467815e-01,7.211306538153384738e-01,4.621946140689321969e-01,7.632981684143846923e-01,9.785669853834737530e-01,2.952122940950487884e-01,9.140687861293794736e-01,9.959146332163338888e-01,9.919502178559844729e-01,4.968940009028208760e-01,2.358732512999704156e-01,5.032240234661371492e-01,4.385143038099237334e-01,4.122618406926441548e-01,6.330604780700352929e-01,8.018754064709201490e-01,1.461304699558640952e-01,7.164545526985084400e-01,9.776433123454830731e-01,6.212486251208720889e-01,5.566514143450909113e-01,4.557483759228741493e-01
8.833870176867326673e-01,4.922504181135163581e-02,7.349648983607540709e-01,6.564572958316583495e-01,6.063251688075546042e-01,3.669223386152499211e-01,7.628820192239698095e-01,2.647484330921016094e-01,7.257895628543633570e-01,8.705809158174540041e-01,6.064685417687788460e-01,7.094831568743240613e-01,9.869690375431640073e-01,8.888581810320490550e-01,0.000000000000000000e+00,4.969625125814109978e-01,4.432195522077518879e-01,2.229423073460140015e-01,6.618920164635021530e-01,8.499429884582232475e-01,7.138636659192176825e-01,4.162339439800357144e-01,7.559224439718261745e-01,9.770713619380093640e-01,7.242278672680745322e-01,7.234153922148860438e-01,6.512313201038558708e-01,7.883281525732914741e-01,6.730848925466439425e-01,4.956463557982260237e-01,2.481068120686651668e-01,7.223911548501189550e-01,1.470659744201655017e-01,2.955006325424288094e-01,7.274698097693713672e-01,3.006289557320041550e-01,1.532039876554424918e-01,4.975483225511585506e-01,4.707664061162232239e-01,7.640617384817016688e-01,5.860467022855100350e-01,1.499054969872627152e-01,6.560754871850649206e-01,5.067502112953731208e-01,9.296360200651858641e-01,6.454614554381618019e-01,9.433489790842048972e-01,6.586960334227589531e-01,5.912162181288247442e-01,3.764542438866608220e-01,5.308246924516201171e-01,9.092728776008942582e-01,7.762576649951937746e-01,6.181051967366025801e-01,6.933168543077818935e-01,6.659248394806910332e-01,7.471724401263233339e-01,9.703431230983152744e-01,7.652787046192831566e-01,2.419060238295029364e-01,7.067380023129941069e-01,5.583770607433558020e-01,4.938872764674313021e-01,5.457367016872027854e-01,8.873450056619597293e-01,5.579896297885326151e-01,7.664577341967588886e-01,6.452671125365710969e-01,4.680052285988939298e-01,5.951316187261561641e-01,8.418362507364018921e-01,2.839847306860278087e-01,5.813988141419695888e-01,4.379466485852494539e-01,3.178207479284756998e-01,8.542230047304100182e-01,8.135674333921837365e-01,6.937631128228530786e-01,3.607089910074022798e-01,5.462994945568176997e-01,5.038243855813804295e-01,6.448150291617550378e-01,6.751923356886305738e-01,8.405364098334506817e-01,6.148392646774269998e-01
7.025331276400602620e-01,8.243750837060448422e-01,5.383951527826034145e-01,4.234095576299358177e-01,7.801769548761654516e-01,6.223777091189875987e-01,6.579676851096590839e-01,2.662732435543555543e-01,8.189374580439601203e-01,3.360488845869469277e-02,4.282152208510209279e-01,9.159081609779705646e-01,9.357103759735660997e-01,8.107117588699487287e-01,4.969625125814109978e-01,0.000000000000000000e+00,6.955633615931722247e-01,6.719886841093257734e-01,9.869479958317666224e-01,7.529234405556953780e-01,8.237051901850759306e-01,8.330644417303428861e-01,8.048222219686864687e-01,7.847282525931241759e-01,6.199205795865464497e-01,4.135639740182343038e-01,7.918602738487912074e-01,7.644833582819990925e-01,6.289688174015470867e-01,2.695914054769460999e-01,1.743922048197381058e-01,1.109132690434939117e-01,8.751180668022515707e-01,9.775214944419758911e-01,4.112372949962547208e-01,5.089402692907103454e-01,5.715231233839461744e-01,7.304318335968560394e-01,1.289251311771551049e-02,2.303426117029734044e-01,2.224709089961403319e-01,9.241415434961370856e-01,7.744223570776280763e-01,5.934453800365224740e-01,4.586278006240584459e-01,7.347045636410987068e-01,8.870766724422423088e-01,4.564581801487077040e-01,4.617774823674796192e-01,6.313884741239390586e-01,6.750201315219481746e-01,3.971722846977260302e-01,9.998810403425224536e-01,3.826779638128772199e-01,9.388769381832162697e-01,5.758341129809907422e-01,7.314650441367946954e-01,8.070422395362469858e-01,7.960342625496794611e-01,4.991295321158927822e-01,3.902970298027815810e-01,6.469252517010555259e-01,6.266100313690978751e-01,4.532408574194382589e-01,9.388937569558635232e-01,6.449779319663351274e-01,-2.668509541325639334e-02,6.075473637202631894e-01,3.901085595095609149e-01,6.224718853712123412e-01,7.419405282831256221e-01,8.692486042508655864e-01,5.207605566238390216e-01,6.382947641470820832e-01,5.837145534192821339e-01,5.594971968364040871e-01,7.608501062265399240e-01,2.315072289302717023e-01,6.490275352871519576e-01,6.041527827699213482e-01,7.571262307468581421e-01,9.152089324675174442e-01,7.053654182401944972e-01,4.042540785646303036e-01,9.000737880862168527e-01
9.594335303520507008e-01,4.276876046448135904e-01,8.792247130081803919e-01,9.898715319468157636e-01,7.736320722090966884e-01,6.557142237000622709e-01,8.267042018724684027e-01,5.513962082553779398e-01,5.301977534729039876e-01,4.424505296718481695e-01,5.905177736094361363e-01,9.990844508700327253e-01,7.946838558832318711e-01,9.856584047039780305e-01,4.432195522077518879e-01,6.955633615931722247e-01,0.000000000000000000e+00,8.991574992224301566e-01,9.717713025719686426e-01,6.280675886600525226e-01,6.366429386267371537e-01,9.459968936055968003e-01,7.552945924851124371e-01,5.282366357565639881e-01,7.247483823028193495e-01,9.469211609325899337e-01,8.332939262987900664e-01,9.342771845122572749e-01,1.806568127632218745e-01,7.523665417776822517e-01,4.564531612293920571e-01,6.739275989680512113e-01,8.557826494534956918e-01,6.912787552590545781e-01,9.420709963118162333e-01,7.964949238498617579e-01,2.187967806200986631e-01,8.509831560879819179e-01,6.112658299163986619e-01,8.998358721014010353e-01,2.349846547365735394e-01,8.063183073393618283e-01,7.980916580930711435e-01,6.279701308287869432e-01,4.573791853672652397e-01,9.631031750319810625e-01,6.591750791897362793e-01,9.868309346648829194e-01,6.332347041964939693e-01,7.445737765171895894e-01,9.661719679040079445e-01,8.745818773438576166e-01,6.003982716036502243e-01,8.868799172953987231e-01,7.766455545124487658e-01,2.213165120065472002e-01,6.174679848005869554e-01,5.894493200366075492e-01,8.382457373597531625e-01,6.408010653718516636e-01,6.686811541946597881e-01,8.554443138346189413e-01,9.773403503282256377e-01,-1.186112624435407825e-01,9.065439330831430720e-01,6.916758205624619071e-01,9.950483318397125299e-01,8.244136680535233408e-01,7.489556483795095643e-01,8.597483887352478371e-01,5.812304491904950465e-01,8.094705452394149736e-01,7.633457237773055848e-01,3.138101804562450914e-01,8.283233991094245408e-01,7.289028147086817899e-01,8.582558563584032907e-01,7.027389745467557125e-01,5.964035529794146084e-01,5.631606009017708914e-02,9.716793352308351617e-01,7.343410211331358184e-01,7.613504156863371009e-01,6.941902943899920242e-01,8.661740028404716352e-01
5.405983402031835361e-01,9.534586242464583306e-01,8.265756853602629350e-01,8.212383904978496352e-01,7.496035460242398418e-01,5.343290365240624951e-01,7.573694101872686657e-01,2.246871870605902932e-01,3.547140842804578087e-01,5.255554897196108577e-01,9.030521295141940019e-01,6.988416592919898251e-01,8.962574051260487895e-01,4.469313863236629714e-01,2.229423073460140015e-01,6.719886841093257734e-01,8.991574992224301566e-01,0.000000000000000000e+00,6.401203141584418388e-01,9.964571629142533471e-01,9.599999921958668470e-01,6.232895157765203642e-01,4.787962632696669552e-01,6.807770623061630832e-01,2.766547772746568157e-01,6.110769448601980347e-01,7.547649657672275136e-01,8.737978027324679875e-01,9.837827607315708933e-01,4.273497446981364689e-01,1.579342127490801495e-02,6.697472357930944753e-01,2.827149250591000640e-01,7.395214238283995822e-01,5.246953703293663063e-01,7.633841144847393068e-01,5.015393304912423300e-01,5.585337278451967258e-01,7.781121450785449811e-01,4.215821428503921942e-01,7.584893902614474326e-02,9.979849389968309392e-01,6.007893750455687298e-01,8.357425224648569184e-01,6.669372941197274640e-01,9.382719324808591610e-01,5.246409341834927798e-01,2.466286460583180795e-01,5.612936589774654150e-01,5.998431296975239579e-01,7.006685705065286429e-01,9.763161481862652202e-01,5.950201673688900739e-01,4.049147322995677589e-01,9.860525410621772124e-01,9.017733476070786125e-01,2.566302602570376679e-01,7.628556497946156201e-01,9.352650287331870649e-01,5.406809277624974319e-01,5.034204400655688527e-01,6.080359479241613796e-01,9.941463986035917744e-01,6.667649983204853026e-01,7.818116948586242287e-01,9.713772111831719958e-01,7.195537353525260915e-01,6.869364040428248552e-01,5.159629617160862436e-01,6.381611732259822034e-01,9.314021280191617791e-01,1.715181682446311195e-01,7.362446023269895168e-01,8.833352488354738463e-02,2.982521158867044303e-02,-9.569693186316452493e-03,5.716487023730537631e-01,8.251819671422756519e-01,4.563469539095546534e-01,7.604117679235555816e-02,9.624241174951321254e-01,6.832447587362401320e-01,8.940631830942774583e-01,-2.042502365844569567e-01,6.476458206158826059e-01
