0.000000000000000000e+00,8.853886973529183635e-01,9.611179609627309439e-01,2.239395322515821407e-01,8.734473560572667550e-01,6.497795682492172320e-01,8.583287617095851640e-01,8.744735549978319700e-01,7.312179687757043300e-01,8.833132210004613905e-01,9.084273577844045322e-01,9.446062413847758910e-01,9.028133544114406162e-01,8.274000776628051002e-01,7.399280487690600427e-01,8.532828734684907435e-01,9.405657087172343278e-01,7.714668261023390761e-01,8.450174862824579858e-01,9.930585751252463123e-01,8.004260837631327341e-01,9.094895205018401763e-01,6.903488903803218779e-01,6.231393756540949402e-01,9.286905387811634771e-01,5.298086195629867490e-01,9.036515268553763081e-01,8.853301922800791424e-01,4.418932767177361498e-01,9.515214894662770151e-01,3.686394245766193567e-01,9.784943940786863248e-01,9.487286656424345210e-01,7.433113725977883446e-01,8.022773083653956805e-01,2.623441975888222699e-01,9.959243663769223875e-02,9.117683542485665038e-01,7.567840433145410772e-01,8.726916802171992282e-01,4.224163141742173222e-01,5.336280822683332481e-01,9.156754872853293259e-01,7.774392706396042740e-01,5.874990457760524976e-01,9.774039774892794297e-01,7.383588756986122492e-01,5.250610654693986801e-01,6.427861607415054079e-01,9.387185167835780941e-01,9.523032533612533213e-01,8.905627243064231369e-01,7.466758832757800501e-01,5.597765546633663991e-01,4.325187691057801875e-01,6.711999583656576007e-01,9.473562724432715854e-01,7.978620005487204736e-01,8.809553307341352335e-01,-5.842971060213489332e-02,4.878404718775580240e-01,6.486446545512408735e-01,8.209295498608496500e-01,7.767025798532368741e-01,8.385466571670150415e-01,8.449759272461623838e-02,5.305133834478248378e-01,9.003314543450666729e-01,4.529244289458080885e-01,9.894111661490219145e-01,6.535183162983581040e-01,9.325425696823035349e-01,5.110874887818502854e-01,5.985569522754976557e-01,9.571712398785742204e-01,8.236835383554201862e-01,8.200470781292272804e-01,9.577426969854327954e-01,7.428782499788183502e-01,5.714836597086616621e-01,8.132470067332783215e-01,5.732095267939910643e-01,8.241393953304760878e-01,4.927240920462709894e-01,4.828995861407188173e-01
8.853886973529183635e-01,0.000000000000000000e+00,4.577025834672445725e-01,9.747529965138131969e-01,4.588444763410716165e-01,6.572955200324077651e-01,6.894556220494636456e-01,2.352618234873073422e-01,7.146388613997770589e-01,4.934088697313674943e-01,6.323874474429561632e-01,8.669421933067780195e-01,7.728557666354758382e-01,6.108415241521168992e-01,7.034714700796522724e-01,8.774340853034282572e-01,9.053453486834125430e-01,8.286746339862498534e-01,6.926894537969137122e-01,6.798166634175256684e-01,-3.747000427464777794e-02,5.602590645806817538e-01,4.082341270432321423e-02,6.315793636039996883e-01,2.996235019834738167e-01,7.980224055999974864e-01,9.203511809054126802e-01,6.940883616132789147e-01,6.409766394373722642e-01,2.532603120267242769e-01,2.876699195157267352e-01,6.589470309541192172e-01,9.380116148204040716e-01,3.975496180832431836e-01,6.296485042927804088e-01,3.818582967151263885e-01,3.723201608521786166e-01,8.066843576895860179e-01,6.157637010961013457e-01,6.265470387382403583e-01,2.927094386755377253e-01,8.439285828183320515e-01,8.624118022488007629e-01,7.256550716851393190e-01,9.865103430990722622e-01,5.712709250127924188e-01,3.421503152990339469e-01,9.791160739357358533e-01,5.487783185129673225e-01,6.814174667687487030e-01,6.221652947749876095e-01,8.332539069568453138e-01,6.189265447516224539e-01,7.832683084446490085e-01,8.434443059094507422e-01,4.997549329270852270e-01,8.124804283044110287e-01,9.496748494578988176e-01,9.510102346390560957e-01,4.691633847154280668e-01,5.397381127345279861e-01,6.374023813009372930e-01,5.226752829060296035e-01,7.656389199769948473e-01,6.299632947795369420e-01,8.484775671999335023e-01,6.064927278255274334e-01,8.447419937114277744e-01,8.210596728871527583e-01,9.125222169243679682e-01,8.002524683373158920e-01,5.388911562720014592e-01,6.347615902710855851e-01,2.633106709769807985e-01,9.494812185199584809e-01,9.015105717330955670e-01,4.443251949430320202e-01,2.864487220084807606e-01,4.390976601089983666e-01,2.899111131738797420e-01,5.022796299805030174e-01,6.018197475488404891e-01,8.167988789711678743e-01,2.807565847687595872e-01,4.588349425329314446e-01
9.611179609627309439e-01,4.577025834672445725e-01,0.000000000000000000e+00,8.847716218825708578e-01,8.599078387508292121e-01,9.504602883721871009e-01,9.186206437046549045e-01,8.852086592504250229e-01,9.611178553804480273e-01,6.066701328221779654e-01,4.032269168394099212e-01,8.415798789786209655e-01,7.463146230400572456e-01,9.753933103807019833e-01,8.047269806382466584e-01,7.350692501808214763e-01,5.048258231839263255e-01,9.793904163195320534e-01,8.158269194414538017e-01,9.849646286906033055e-01,9.370013931250423811e-01,8.362344352282636839e-01,8.623420685244607142e-01,9.596945377973163938e-01,8.398439059677067497e-01,7.585367433505916246e-01,7.288489190210480917e-01,7.391589344852603771e-01,1.601419646366100957e-01,5.984147925041320981e-01,3.465358301801493845e-01,5.360690724434900023e-01,7.435316029309319008e-01,8.599440303441269196e-01,6.107164934345310492e-01,3.467648346495759148e-01,5.062972736305387800e-01,9.594907780055668134e-01,9.632573427126374099e-01,6.109852036707630329e-01,6.922597823470437728e-01,5.522381512210408072e-01,9.498992311748385431e-01,6.015425858453464780e-01,8.391738695563732975e-01,9.481583027014472975e-01,4.890892441226799003e-01,5.755029825831908113e-02,6.623701875500981329e-01,8.868317428742217290e-01,6.655765418992015681e-01,4.757909352804663428e-01,9.199115376845297121e-01,8.698324681021879501e-01,9.992129311490389743e-01,4.916230401277311701e-01,6.258406132979672520e-01,6.413653020517887660e-01,7.201952605077551750e-01,5.415349844755315001e-01,1.675506412340025397e-01,9.651335981159652189e-01,8.729412156988534122e-01,7.774704771242374468e-01,8.008201422021593574e-01,7.585015782900530468e-01,6.757247388188395432e-01,4.414648158489508645e-01,6.959228691328824823e-01,1.472233753515409804e-01,7.020832355452865103e-01,9.281240986978157581e-01,8.657120294903524194e-01,5.955184237695886340e-01,9.525977032496159014e-01,9.808741813313575086e-01,4.723134195649693612e-01,8.035195444272938969e-01,4.538993289297052480e-01,7.251791950825287048e-01,4.583065451246121080e-01,7.487450753119899716e-01,4.071313199347741940e-01,2.007490685680987375e-01,5.271728689066310647e-01
2.239395322515821407e-01,9.747529965138131969e-01,8.847716218825708578e-01,0.000000000000000000e+00,-2.016414332601370596e-01,2.954364142512934666e-01,2.928941630570895405e-01,7.196027454430634629e-01,9.494344253577602366e-01,7.499908415387660510e-01,7.898172021140382748e-01,7.992377351070838465e-01,8.520640473557958838e-01,5.224466146274269196e-01,4.840637764483121108e-01,6.007596919763894538e-01,9.038336967814837308e-01,8.951069897967942612e-01,9.050867610054331713e-01,6.355887611221309186e-01,4.130917567041471061e-01,6.640490005755538272e-01,2.031058375859163267e-01,8.514634684925913577e-01,5.558716002716457272e-01,9.368489591007178596e-01,6.729347946914207013e-01,4.406142894306732671e-01,-1.136791249903531670e-01,7.232605330302944724e-01,3.318632057048900297e-01,6.326040018635402662e-01,7.140464340172958391e-01,6.236351840775752331e-01,9.154369104467031670e-01,4.193042779473374893e-01,2.939834047837791564e-01,7.524006271944070345e-01,3.200667422230435988e-01,5.984093878772669406e-01,4.801126389959650131e-01,8.605995875555225716e-01,5.028432437894450047e-01,3.516570120069272276e-01,8.633648834595765154e-01,9.179137939719520523e-01,6.701977974080196576e-01,8.461565380262828784e-01,2.497313987306743754e-01,7.864176411191020621e-01,6.221381426488421518e-01,8.898106926849630449e-01,8.768606865325467847e-01,8.364915501422757194e-01,6.115488171039999976e-01,9.926020367013441703e-01,9.276887940072312544e-01,6.055350454313995767e-01,8.324630090786533376e-01,4.885704688796035922e-01,3.015990882527040950e-01,8.092285062561823672e-01,7.520427324515297496e-01,8.413316173255873665e-01,9.196489495468775921e-01,9.465859430506036176e-01,7.045647866174692409e-01,6.803776735425349775e-01,4.961677476891359628e-01,9.194381050816624601e-01,6.495011094446980771e-01,6.607534400247868644e-01,5.892889449060924045e-01,3.191907611432798220e-01,7.135080203830661549e-01,6.313480962603009727e-01,2.322725409624903370e-01,9.448888720228493243e-01,7.016426276105894866e-01,2.791636463375228860e-01,8.589767115218599480e-01,8.404274905496105230e-01,7.268046175970056533e-01,2.710167943395535017e-01,9.746789617964164432e-01
8.734473560572667550e-01,4.588444763410716165e-01,8.599078387508292121e-01,-2.016414332601370596e-01,0.000000000000000000e+00,9.103976578272245934e-01,6.205498866323297946e-01,3.203226455400903089e-02,7.553661713566215408e-01,9.173923876365635000e-01,9.359728067126799056e-01,4.420119589929452641e-01,6.136810038280579027e-01,2.532908479710052618e-01,7.788726492054799388e-01,9.999735872694454075e-01,9.354838110868765044e-01,9.596241399702539754e-01,4.618201289612123839e-01,9.014248002971135820e-01,8.966114715526907197e-01,5.640643265917976157e-01,4.194989133089149780e-01,9.023722212784668351e-01,6.436976386632021763e-01,9.483684226179824872e-01,6.277862127126389025e-01,5.455184123313463473e-01,5.912684935154792765e-01,4.995011512921515018e-01,4.372697458349370514e-01,2.757303549108152119e-01,5.303877456010805957e-01,6.376999840420226606e-01,7.188647081787506721e-02,3.670379007585517495e-01,-1.799362421634540521e-01,7.590904635853953364e-01,8.275214455795154578e-01,7.957275335481742706e-01,5.287117217324661667e-01,8.333239262892592203e-01,7.839536117816398031e-01,9.868795633808137291e-01,8.234789246473001034e-01,8.883521630830074622e-01,8.407599290797881375e-01,8.185724163764255268e-01,4.901614316704908658e-01,6.732892011741700156e-01,6.251892365289773990e-01,4.273016619955983808e-01,2.197273411024585135e-02,9.170636598465881084e-01,8.472554096464980367e-01,8.291659955396704085e-01,4.120155232425581904e-01,8.047205189102133449e-01,9.289553237471670499e-01,6.739688854142703578e-01,9.215589989364550982e-01,8.980076426458947214e-01,8.829073976693869730e-01,7.087840500369319008e-01,9.241532405460014532e-01,7.834168346823123796e-01,7.187708746101740820e-01,9.588381257956195558e-01,5.057267199039691130e-01,9.928565333242339586e-01,8.145759325483226121e-01,3.640133593888336128e-01,3.842099580458477881e-01,2.907424214625015657e-01,7.336588628950432289e-01,7.473369705471143432e-01,8.413202196398879007e-01,7.167055354724990446e-01,1.455815125444521740e-01,4.605954961301211292e-01,3.944109121320316103e-01,6.605287907821741911e-01,6.430067646423565098e-01,8.233670222333192568e-01,5.040843574417476214e-01
6.497795682492172320e-01,6.572955200324077651e-01,9.504602883721871009e-01,2.954364142512934666e-01,9.103976578272245934e-01,0.000000000000000000e+00,5.302846320417891057e-01,4.462015435215700432e-01,7.297264636962815798e-01,7.060751581611850458e-01,7.846790416241186117e-01,4.436126470541847944e-01,4.746649071183541291e-01,9.579868496776207110e-01,2.197967413191495023e-01,9.903818615981216933e-01,8.590265599659211437e-01,7.473334037863650359e-01,8.451610412557913898e-01,7.242007905522764855e-01,7.011275904609794996e-01,5.589632873498733279e-01,6.939100642563740262e-01,7.777685245128602709e-01,6.883943701261578951e-01,6.179544215928011175e-01,7.885167772640775397e-01,6.000862676521355743e-01,3.650863730616466518e-01,4.497509498086073587e-01,4.883349634556375385e-01,8.930704412477248333e-01,3.504337404119426957e-01,2.848079305369783931e-01,1.169125968687661915e-01,1.565332280753150007e-01,2.937097382539142765e-01,6.657560374359996480e-01,9.927082851137438713e-01,5.113362665911977967e-01,7.979614983584448762e-01,6.863807459964818003e-01,7.001032484463741712e-01,6.531710797287586523e-01,9.664866304033157274e-01,7.525670880023018761e-01,9.590765777572228812e-01,9.448544276181739532e-01,6.520092041252580906e-01,3.751997468003628322e-01,7.042594211867733156e-01,7.970315142709325507e-01,9.219116522167092320e-01,8.525888085986730314e-01,7.338369169880765153e-01,9.416632072781696561e-01,6.692570514995159758e-01,6.018616699721519581e-01,8.094732397044923644e-01,6.148074574430150152e-01,3.471293648242056440e-01,1.190520886279721746e-01,8.533036229066937040e-01,8.017972743335212149e-01,8.416180801950778889e-01,9.491559725344675957e-01,9.432881744163361670e-01,8.841397388046824402e-01,3.940860583813222129e-01,6.783938196969521162e-01,6.749480873993292107e-01,4.226694150382195869e-01,4.365231952216089839e-01,2.381429008209098863e-01,1.193684961314866178e-01,5.149154089331368089e-01,6.536510998565085995e-01,8.276902403064180236e-01,6.974778818148943405e-01,3.260990411590924398e-01,3.495808833665978721e-01,7.009291952646597990e-01,4.289170756036939647e-01,7.922872042705675008e-03,5.262402023016016228e-01
8.583287617095851640e-01,6.894556220494636456e-01,9.186206437046549045e-01,2.928941630570895405e-01,6.205498866323297946e-01,5.302846320417891057e-01,0.000000000000000000e+00,5.572884464169067797e-01,3.733568198441958863e-01,4.174751994729776761e-01,3.168954963065039321e-01,2.313415906748913786e-01,7.360663326630574321e-01,6.750270894702395941e-01,2.175092031151544814e-01,9.626711983132321127e-01,7.047969700839534779e-01,4.946600289347969914e-01,3.904251333154443726e-01,9.650725088066312018e-01,8.391524030306894977e-01,9.115621402582688715e-01,7.821022480310253489e-01,9.579355607911641535e-01,4.227018667248614303e-01,3.285201974447271578e-01,4.152135045269632618e-01,5.987179908430474429e-01,4.972021471833850681e-01,4.321197285078116068e-01,2.890836314218623443e-02,7.611078790468154276e-01,5.147939851130690636e-01,9.715992819166836547e-01,4.489150278834311281e-01,-1.876143835824406469e-03,4.739732438285154115e-01,5.069540484082748488e-01,6.670329226677287338e-01,7.274136050806512266e-01,7.358791024102458167e-02,4.986168205675860499e-01,9.208487633015856044e-01,7.370425502227391235e-01,7.409045363115691618e-01,7.079250521104467619e-01,3.967047205687555117e-02,7.217083916542478272e-01,6.617239692712723054e-01,7.273575569768864213e-01,7.134907102786436361e-01,6.841333730208173369e-01,5.990989697740622955e-01,7.250582586931277884e-01,8.434366554565536633e-01,7.544166467105491991e-01,2.291933326276681671e-01,8.148610249922135784e-01,9.901229973893634906e-01,6.788404000539755012e-01,7.323238232319628782e-01,9.579915526776546786e-01,4.357041144465420568e-01,5.194030850346080808e-01,7.881696186574411733e-01,7.808656533834622548e-01,2.228546345757985714e-01,7.618552509430198683e-01,7.170476522060940106e-01,5.246611036988982901e-01,6.600048221618944888e-01,5.159090682511123793e-01,4.282282897064449423e-01,6.021550178908280371e-01,5.016411596550639507e-01,4.542268567558531145e-01,6.848175622355878733e-01,4.218846168655527862e-01,7.919436655932471369e-01,3.383801372088428572e-01,5.234741119005892340e-01,8.145505934644249324e-01,3.325432546576970738e-01,5.966522776559026742e-01,8.070132566403919183e-01
8.744735549978319700e-01,2.352618234873073422e-01,8.852086592504250229e-01,7.196027454430634629e-01,3.203226455400903089e-02,4.462015435215700432e-01,5.572884464169067797e-01,0.000000000000000000e+00,6.471921618495262152e-01,2.287653835849068618e-01,7.223502395731014047e-01,6.850731166204043765e-01,7.064206685811775799e-01,5.954626938578400086e-01,8.790545595147555291e-01,7.955904678027649890e-01,8.160137103379003776e-01,5.608680620095428671e-01,6.614231508966447182e-01,4.944786695332900606e-01,7.142484680628963245e-01,5.788343156211712692e-01,9.411758259097177115e-01,9.631967120153458461e-01,6.955856118826285739e-01,5.949451768334761415e-01,8.074130470524184533e-01,4.160676684296263916e-01,4.377819717906316077e-01,5.485744945151611596e-01,7.692494768109710002e-01,5.133480014910485334e-01,2.718811728154980623e-01,7.449162704349762132e-01,7.680146321874563586e-01,5.508111557776791400e-01,5.569921579354593089e-01,6.244678217509064266e-01,8.211596802262394190e-01,9.094590701209096517e-01,9.658269998126467470e-01,8.758927471711268620e-01,4.593147823851931877e-01,6.169102565448928432e-01,8.396917196432550634e-01,6.742825059002142130e-01,9.813915611642797243e-01,6.985005603270969532e-01,6.271876210987573641e-01,6.250237916061708310e-01,2.577867999535098931e-01,6.342447779428784793e-01,4.536562624368053465e-01,6.092952932210994321e-01,5.363111122867697533e-01,6.389227070169164469e-01,5.975140683864528235e-01,6.846621382267561451e-01,9.939289534293943573e-01,6.715863341708622203e-01,6.476297991880646254e-01,3.803746745817056241e-02,4.603105851262790926e-01,9.057532279800996067e-01,9.860895621467171690e-01,4.753768303679132279e-01,4.209164657589725689e-01,8.758148145829480757e-01,5.224113015872259291e-01,5.684325499737438170e-01,9.289479959986182145e-01,3.944874422407499415e-01,5.490201578263066429e-01,2.444573876308767935e-01,7.748054388134404391e-01,4.689169110360950077e-01,7.479165561723648548e-01,9.483942769965947317e-01,5.196122984229334385e-01,5.838469627799481865e-01,7.510283234567732835e-01,7.353885995114872731e-01,7.489596732382274302e-01,7.204143101635780422e-01,3.322208060782682604e-01
7.312179687757043300e-01,7.146388613997770589e-01,9.611178553804480273e-01,9.494344253577602366e-01,7.553661713566215408e-01,7.297264636962815798e-01,3.733568198441958863e-01,6.471921618495262152e-01,0.000000000000000000e+00,4.611656528685998402e-01,2.417417625732790343e-01,4.275121627719365436e-01,9.808096033560614879e-01,5.146003753225287802e-01,5.616003980290094066e-01,8.049505253221813650e-01,8.937596507441032401e-01,2.464935688679759183e-03,3.714093632643248322e-01,6.207536441424799101e-01,8.210513181465934895e-01,8.533170713086648540e-01,6.513397674230217982e-01,7.959265914982903700e-01,4.299662644005685097e-01,7.095334821782892654e-01,9.049942110948343554e-01,4.281142813062531749e-01,7.500080124530598136e-01,3.210159910071355011e-02,3.152759781919681759e-01,7.023904225619079789e-01,6.304210069215223644e-01,6.724245501805540259e-01,4.512035009133727459e-01,6.845611019271072850e-01,6.231838927493356384e-02,4.780039978511624876e-01,6.403372757751640831e-01,6.086733388060459049e-01,6.096879718035871365e-01,6.461860278168547467e-01,4.044130476880953839e-01,8.784419326994434840e-01,8.808587371189265935e-01,8.434120454970001068e-01,8.901594549045698246e-01,3.873139951956173777e-01,7.714886583987426993e-01,6.827166632515770939e-01,7.262238088622681165e-01,7.834120927470838991e-01,8.403556244291310318e-01,4.769282238068555113e-01,7.676380130746078834e-01,6.376514178158592117e-01,8.164332010522927785e-01,4.048398397008587390e-01,7.413323118760072328e-01,7.304974311193961067e-02,2.299378824310590874e-01,6.019450118509706016e-01,2.746516825346472235e-01,9.074139183820143506e-01,8.259478199039033131e-01,9.692893335299055391e-01,6.758751639507531994e-02,7.972149012660849632e-01,4.260129551196188968e-01,6.786926473894911993e-01,9.461436128304827609e-01,6.190668488716821738e-01,4.706943575916173739e-01,6.237492872882994810e-01,6.963250904958316889e-01,6.346766876160048199e-01,5.283407902359140706e-01,4.120835254782573287e-01,3.852047888529830377e-02,5.108990623637391648e-01,5.685581397685953720e-01,5.811449250450823056e-01,8.967645418485168385e-01,7.006366804571804163e-01,6.479894608057067407e-01
8.833132210004613905e-01,4.934088697313674943e-01,6.066701328221779654e-01,7.499908415387660510e-01,9.173923876365635000e-01,7.060751581611850458e-01,4.174751994729776761e-01,2.287653835849068618e-01,4.611656528685998402e-01,0.000000000000000000e+00,9.767548382130117890e-01,7.713979736969042156e-01,6.337585333009294608e-01,5.371789436678959806e-01,8.278084223797885777e-01,8.488415922618333109e-01,8.010785495559111791e-01,8.876084058629565288e-01,7.795392035272438180e-01,6.860511068808363699e-01,9.633821094415939701e-01,6.531552020848130358e-01,7.384188558450031081e-01,6.939827267724976156e-01,9.579754626001814044e-01,6.568082439884974644e-01,8.562924899576516147e-01,9.144933728930993988e-01,5.479361088003842362e-01,6.198062948068430167e-01,4.873428891061696300e-01,8.927865999872578451e-01,7.190339093160547090e-01,8.654725060642891599e-01,2.865608991387750271e-01,5.568973119705958874e-01,1.564276355228952919e-01,5.095580902619402108e-01,9.370853057047977552e-01,8.978674175095981980e-01,-1.091172373007057023e-01,8.943568809574857781e-01,6.300354857048211521e-01,7.459925583099691337e-01,8.143086038441539332e-01,6.956963692812700994e-01,5.027523612138059539e-01,8.161727357850206976e-01,2.418364247020322322e-01,9.669919591123167235e-01,6.395275425006250458e-01,9.416233359839034645e-01,6.852385105479281702e-01,-9.521514357152457975e-02,4.699353548039129636e-01,8.090752046400343511e-01,1.319378300235429791e-02,7.740388215546090134e-01,6.325456955736658005e-01,7.381453110024289721e-01,7.093301378442644634e-01,8.719198954434599358e-01,8.919564783647669914e-01,9.293882905707767650e-01,7.865087090709694806e-01,4.602221201552413876e-01,7.815046388875688255e-01,6.321563287344413862e-01,6.773310697738930131e-01,9.321190251460759191e-01,8.113060607876398933e-01,7.600805950332449878e-01,7.675322345729028717e-01,1.006077450795894723e-02,5.316746284136829592e-01,3.804439204360264837e-01,6.360157050899739595e-01,7.106927137474141620e-01,3.407781625051830021e-01,2.786743638111244814e-01,7.849048186591401910e-01,9.844722213401051469e-01,8.726034203017686286e-01,4.188078172995263748e-01,5.249136846391961875e-01
9.084273577844045322e-01,6.323874474429561632e-01,4.032269168394099212e-01,7.898172021140382748e-01,9.359728067126799056e-01,7.846790416241186117e-01,3.168954963065039321e-01,7.223502395731014047e-01,2.417417625732790343e-01,9.767548382130117890e-01,0.000000000000000000e+00,6.121411908412949243e-01,8.548207791911810460e-01,9.178147277212349575e-01,7.855394905950965345e-01,6.477148360946336503e-01,6.588519957979374064e-01,7.108802194908879768e-01,8.442029269319151208e-01,9.501648862992883027e-01,6.288466560839884867e-01,1.690343619219489973e-02,7.703301786331162582e-01,8.175763477277580016e-01,6.175100550170060654e-01,9.675651319339629852e-01,8.552915976234251039e-01,7.186014199127901403e-01,5.874639656699897072e-01,6.572092508717263248e-01,1.839913672123769661e-01,4.522467458402913421e-01,6.524699517221412837e-01,8.220322971757042518e-01,6.107779237693408136e-01,6.291658280941387904e-01,2.181517065046455206e-01,7.029290083980209713e-01,4.484108124068995616e-01,9.882336414242062217e-01,4.996410850590391473e-01,2.161140345474981683e-01,2.705998717558871780e-01,9.376790007878538225e-01,8.497757464375673697e-01,4.888201227208336386e-01,7.482418421429264388e-01,8.497198852477536590e-01,7.711736809786023938e-01,8.310397601229454478e-01,5.783631849911446965e-01,2.471886528091884680e-02,6.801051139467992890e-01,8.555145670255834833e-01,5.245299020006750634e-01,8.440519197617555314e-01,6.773332903836742913e-01,5.471940174700620219e-01,9.193856456321678472e-01,-9.094268109381298260e-03,3.912755340268759818e-01,7.707760297763389667e-01,8.958265097483766315e-01,9.386843853938220406e-01,8.725650518719785254e-01,4.328083326167352363e-01,6.385892526627779953e-01,4.171306253395848374e-01,6.875244679182418439e-01,9.662653163955799984e-01,6.876097941261997137e-01,7.610408779081453412e-01,5.574898017141789452e-01,7.117898401596085556e-01,6.190194489643586762e-01,9.607362377622804539e-01,7.305384150783512665e-01,5.590296009895230345e-01,7.867235333927609375e-02,4.319395771482261726e-01,9.147309569180293864e-02,8.327501817811608920e-01,8.976006270994754122e-01,4.961317217211189817e-02,4.706964410067713267e-01
9.446062413847758910e-01,8.669421933067780195e-01,8.415798789786209655e-01,7.992377351070838465e-01,4.420119589929452641e-01,4.436126470541847944e-01,2.313415906748913786e-01,6.850731166204043765e-01,4.275121627719365436e-01,7.713979736969042156e-01,6.121411908412949243e-01,0.000000000000000000e+00,8.212375903672564093e-01,4.014768256497606158e-01,2.954111695936852966e-01,3.701225804352845650e-01,4.096108168494542179e-01,7.848024550452992187e-01,9.284259046500050738e-01,9.334771848593083066e-01,7.180562678751627459e-01,7.624777415687077342e-01,2.726712186814592848e-02,8.812581886191882541e-01,6.266731695650655798e-01,3.489903203672380105e-02,6.848882999269674254e-01,8.823658044041835513e-01,4.407687341527468106e-01,4.945961865733317642e-01,3.958383532079270406e-01,5.523786581382921224e-01,8.886790666323826082e-01,5.286410489603318164e-01,8.101470868793981817e-01,5.495816139555429469e-01,4.122016074890937354e-01,1.199505887269283477e-01,6.792116203500602190e-01,8.455355695549724437e-01,3.141557976519580575e-01,6.249765636588531237e-01,9.370691348737039128e-01,4.510716927413705446e-01,7.235755906566755380e-01,4.190715593848520215e-01,9.712735171773101417e-01,6.555596801717095135e-01,4.159018350859575719e-01,2.072916318215682896e-01,4.931500361078577921e-01,6.309405341299448855e-01,9.573489575285357711e-01,8.453979587059144984e-01,9.664368974973769344e-01,5.213937522224028065e-01,6.365665682091139477e-01,6.100432943581269862e-01,6.621823844602489073e-01,4.236519198473102099e-01,2.220217676182363875e-01,8.660358378819935643e-01,7.062046751820936219e-01,6.964062516917041146e-01,6.035030674508435888e-01,9.934601142154501074e-01,6.832301184228585234e-01,8.987992431941475013e-01,5.404704098880136476e-01,7.398523294889572943e-01,9.783646646230039767e-01,6.186601790138762658e-01,6.027132755491645399e-01,3.192438170443867573e-01,7.930955269309120093e-01,8.334183651799227377e-01,7.160219243842880221e-01,8.943003740911078525e-01,2.678652746088576175e-01,9.465213550989192148e-01,8.821367022160222504e-01,9.247802284210006052e-01,4.901021308375434482e-01,4.230373279921629814e-01,7.671139678894776104e-01
9.028133544114406162e-01,7.728557666354758382e-01,7.463146230400572456e-01,8.520640473557958838e-01,6.136810038280579027e-01,4.746649071183541291e-01,7.360663326630574321e-01,7.064206685811775799e-01,9.808096033560614879e-01,6.337585333009294608e-01,8.548207791911810460e-01,8.212375903672564093e-01,0.000000000000000000e+00,6.361484129342730443e-01,7.077932392832791963e-01,6.720921701134260351e-01,9.701417917221744069e-01,6.134589574519996313e-01,9.010546135274329904e-01,3.865734641378862912e-01,6.243227535628999014e-01,9.367658070114781577e-01,4.191869852509375605e-01,6.694366582424667866e-01,4.158051740680435704e-01,8.609212813025935995e-01,7.088449047106496481e-01,6.471388592513920290e-01,5.475473168374372923e-01,3.992372633810283844e-01,7.064518039718584719e-01,-1.790345771426208876e-01,4.960611292998351463e-01,2.303805897012697890e-01,7.969877675313850052e-01,3.136018451707415222e-01,3.010765730490196912e-01,8.512747151532176204e-01,4.170799132583255520e-01,9.126084109992451676e-01,4.032048712680962876e-01,5.107936894937588068e-01,9.639959910621442862e-01,6.288346128714074057e-01,9.337272970457105581e-01,7.249158602549777841e-01,9.868554359520592678e-01,6.865442691884445781e-01,8.614084097426032427e-01,6.622735018973578969e-01,8.573539338073214999e-01,7.707843257730088160e-01,3.427330103547402973e-01,6.172128354378778603e-01,8.582646664411559545e-01,5.249903241831804096e-02,7.121305841146240434e-01,3.440545327687297150e-01,9.013936823664823184e-01,5.011618662129879720e-02,-1.322667390856032132e-01,9.932362123152020938e-01,6.439833349314504352e-01,9.430293417300423808e-01,8.731402021871251806e-01,6.933658926451639060e-01,8.288177774490134153e-01,8.581882157446127923e-01,3.203330041115526883e-01,7.943435133574879847e-01,7.451104321616365267e-01,5.227046379338117221e-01,6.759680577776736587e-01,7.930729852471429808e-01,4.115862240596012689e-01,7.568015092807057753e-01,8.515583152889750762e-01,7.178611962700229832e-01,2.316704485100721522e-01,5.033429861683789142e-01,9.318198174869464223e-01,3.822050368160606615e-01,8.383171919885722412e-01,5.098973019892877323e-01,8.071736375074924918e-01
8.274000776628051002e-01,6.108415241521168992e-01,9.753933103807019833e-01,5.224466146274269196e-01,2.532908479710052618e-01,9.579868496776207110e-01,6.750270894702395941e-01,5.954626938578400086e-01,5.146003753225287802e-01,5.371789436678959806e-01,9.178147277212349575e-01,4.014768256497606158e-01,6.361484129342730443e-01,0.000000000000000000e+00,8.845687324021176412e-01,7.038298818677428681e-01,8.142979197792965529e-01,7.946924298150397359e-01,4.055302887381312948e-01,8.587987323681485208e-01,8.261568208449633355e-01,9.524665563483919462e-01,2.319533937151808112e-01,7.304174682212215552e-01,6.967149386972346647e-01,5.961830785308794844e-01,6.992907370485074159e-01,4.991552162611347376e-01,7.320233688625794599e-01,6.515853342710055118e-01,5.203900355705682879e-01,5.544809832350856560e-01,5.139132027145443260e-01,9.689193513745618658e-01,6.171880678649370733e-01,9.777343967167512195e-01,5.478602714135459850e-01,7.889073315863466274e-01,6.130825545573926894e-01,6.049906925744452657e-01,8.184874261179685417e-01,5.924926533718353205e-01,7.865271972024805436e-01,8.720518206567324793e-01,4.262035397135048864e-01,7.231246102156718703e-01,7.110619044842263481e-01,9.296180942095604305e-01,8.472855412904208849e-01,7.633892048665674723e-01,7.458185697585579810e-01,8.711755842211779122e-01,8.147918515757983648e-01,6.529767701384493472e-01,4.974945819460915852e-01,1.951397182381546525e-01,6.449569798026000278e-01,5.463406722776861235e-01,4.869884988907599022e-01,2.865660275481881070e-01,7.557660500973401030e-01,1.091654612060651008e-01,5.662615436552715931e-01,9.376786636871603520e-01,9.382998477053434705e-01,8.162382180799971909e-01,8.657998036105243322e-01,8.084314679662829572e-01,6.842954244435109912e-01,9.834051371204124425e-01,6.734957930018998784e-01,7.254255642413047767e-01,5.882023521672414823e-01,6.530781438838680897e-01,3.564584043526997648e-01,6.212709181208688758e-01,4.635999220141694965e-01,6.357784928041317896e-01,6.763181966343135842e-01,6.300546722075253125e-01,8.808733684077629800e-01,6.983738223481759100e-01,6.200661497137420763e-01,3.669424104277654308e-01,8.375267669457120423e-01
7.399280487690600427e-01,7.034714700796522724e-01,8.047269806382466584e-01,4.840637764483121108e-01,7.788726492054799388e-01,2.197967413191495023e-01,2.175092031151544814e-01,8.790545595147555291e-01,5.616003980290094066e-01,8.278084223797885777e-01,7.855394905950965345e-01,2.954111695936852966e-01,7.077932392832791963e-01,8.845687324021176412e-01,0.000000000000000000e+00,6.333308066316646334e-01,2.722949991093741584e-01,6.143210656453416130e-01,7.970847726302288105e-01,8.424798065264086366e-01,9.518327214884861887e-01,3.414233807652783392e-01,8.030497235879506812e-01,9.162941853909462031e-01,4.258987318700219182e-01,5.556853634681102605e-01,8.899598658733105516e-01,-5.055419658083007417e-02,5.578287642292096837e-01,7.041747335236188121e-01,3.291909953617186413e-01,6.208333884327625896e-01,7.980039041182165338e-01,4.882696633307411771e-01,6.834650057179595395e-01,2.495086913771866199e-01,8.518425454907490035e-01,3.864393549527548322e-01,6.570021253946085604e-01,7.278405153041487274e-01,5.951549477166304808e-02,2.265382279521287734e-01,9.540991812483463619e-01,8.123869931524009269e-01,9.908846853726362980e-01,6.228521386425451833e-01,5.315212035674564683e-01,2.797998530611640611e-01,2.754897961587240429e-01,7.422586200016637603e-01,8.571326955488877131e-01,7.704615004037203008e-01,6.754062470956639919e-01,4.064729874220170958e-01,6.371889813879559883e-01,6.108186795489179977e-01,7.091930922672470272e-01,8.850662373240215652e-01,8.011122531693268822e-01,4.056089002085357942e-01,2.399115029484127359e-01,6.023937907030141314e-01,6.927225129233600676e-01,7.849117879041138668e-01,8.192203356646011736e-01,6.113263856246922145e-01,9.108053503875115919e-02,9.927169006542662100e-01,5.647479569681026490e-01,3.031843102506097121e-01,4.567479953963304862e-01,3.172574709384680114e-01,3.151118540629779252e-01,6.072720096814532287e-02,2.153861429356311308e-01,6.078309314979896127e-01,4.061052342460872988e-01,5.324926284587103709e-01,7.958468241852570402e-02,2.637696268347996531e-01,4.013971103077711988e-01,7.574764346835560769e-01,5.570059175534448626e-01,9.713726503988443506e-01,7.053839709388635137e-01
8.532828734684907435e-01,8.774340853034282572e-01,7.350692501808214763e-01,6.007596919763894538e-01,9.999735872694454075e-01,9.903818615981216933e-01,9.626711983132321127e-01,7.955904678027649890e-01,8.049505253221813650e-01,8.488415922618333109e-01,6.477148360946336503e-01,3.701225804352845650e-01,6.720921701134260351e-01,7.038298818677428681e-01,6.333308066316646334e-01,0.000000000000000000e+00,8.865772770134835445e-01,8.086877247729195028e-01,9.137317120260854963e-01,7.906751545356649480e-01,8.289324376051303567e-01,6.555696317775162596e-01,4.028001429871179706e-01,9.593263147635161525e-01,1.608465221910570508e-01,9.143886141454918848e-01,7.034619644379106473e-01,9.041091877039562075e-01,5.979658730325103644e-01,2.460113966558370724e-01,2.084386217635898209e-01,3.416540685883362460e-01,8.146866744348851830e-01,7.557661498594544502e-01,6.944973821273873194e-01,5.646577078120466053e-01,3.340287994054802478e-01,5.325899792363369967e-01,6.150423822196859902e-01,6.668311063242198244e-01,6.128728525865081433e-01,6.656908721372389870e-01,6.453582672381387164e-01,4.635620283835284461e-01,6.824078508578559354e-01,6.664648056383952746e-01,2.929471290523014693e-01,5.739675634453147435e-01,5.024254588425147716e-01,6.544255635982377806e-01,5.484663269017017173e-01,7.432077234100886720e-01,9.751309744449726535e-01,6.748712479882996718e-01,7.422988043055535057e-01,6.334468308561124195e-01,9.029258377376544464e-01,9.223173511346300923e-01,6.271643069745879151e-01,5.158644473899962613e-01,5.257293295649606568e-01,5.776472913442809443e-02,7.836163906220833253e-01,8.139219694659822757e-01,7.173244914835344987e-01,9.319481788353486396e-01,6.127942163203806691e-01,6.044089036786630675e-01,7.219815001281182365e-01,6.456625565450935245e-01,9.129909419590043207e-01,7.058893277240052555e-01,3.733397743648890210e-01,5.101711605235768054e-01,7.964505055399142552e-01,5.490277140139709910e-01,9.742190250889375402e-01,5.607486072493078622e-01,1.341309533225389927e-01,2.022704322937732002e-01,6.718120932048895488e-01,6.758691020014924167e-01,4.091669304246608463e-01,7.302679174774443505e-01,8.047886935573160816e-01
9.405657087172343278e-01,9.053453486834125430e-01,5.048258231839263255e-01,9.038336967814837308e-01,9.354838110868765044e-01,8.590265599659211437e-01,7.047969700839534779e-01,8.160137103379003776e-01,8.937596507441032401e-01,8.010785495559111791e-01,6.588519957979374064e-01,4.096108168494542179e-01,9.701417917221744069e-01,8.142979197792965529e-01,2.722949991093741584e-01,8.865772770134835445e-01,0.000000000000000000e+00,8.110916834865220526e-01,8.055204365236486863e-01,8.357458788718699072e-01,8.461561158007763206e-01,3.230559898987925976e-02,7.712201362416448713e-01,3.887435217365032836e-01,6.177436203662509673e-01,9.289464420762344465e-01,4.617811574936682151e-01,7.321647757916835975e-01,4.824165940767762839e-01,4.793492989576537133e-01,4.790238374360630269e-01,7.323521489224348313e-01,-1.931847610963896844e-01,7.299338290531415252e-01,7.774543419095267804e-01,6.718652887525524697e-01,3.885317483325926302e-01,7.529631144081412319e-01,7.771876920765489194e-01,6.132326783443783347e-01,2.833401035275817104e-01,6.626902416999327361e-01,9.639946972884171350e-01,4.984507639546557067e-01,7.180087758468891579e-01,9.826036760514043067e-01,5.266892402789985494e-01,8.365881139918659448e-01,9.017226466467086476e-01,9.060856779256092342e-01,7.388473835818858415e-01,8.410107185847925937e-01,5.269495422561496500e-01,8.480675129220454078e-01,7.815669791922410514e-01,7.293568763167547209e-01,8.953995543768035192e-01,6.093773548318672795e-01,7.242014553804180244e-01,4.714566795863275317e-01,4.660986707795543582e-01,4.999447175130404264e-01,6.267295558400317601e-01,9.185649939429454403e-01,6.299238455975669781e-01,9.654703458788713721e-01,9.500380550345665087e-01,9.857286199782956393e-01,6.174093327584549984e-01,9.750708841786569492e-01,8.851355344678365489e-01,6.516065533720244440e-01,5.140765631991283113e-01,2.994033766691494014e-01,9.786381960736409980e-01,3.888035992100405958e-01,5.088549139531391985e-01,6.494669094786471586e-01,1.017287559563206795e-01,2.334289082903871770e-01,5.977268413722205964e-02,5.846838432924700291e-01,6.454711162782207357e-01,7.924595667332106075e-01,6.171583003772480591e-01
7.714668261023390761e-01,8.286746339862498534e-01,9.793904163195320534e-01,8.951069897967942612e-01,9.596241399702539754e-01,7.473334037863650359e-01,4.946600289347969914e-01,5.608680620095428671e-01,2.464935688679759183e-03,8.876084058629565288e-01,7.108802194908879768e-01,7.848024550452992187e-01,6.134589574519996313e-01,7.946924298150397359e-01,6.143210656453416130e-01,8.086877247729195028e-01,8.110916834865220526e-01,0.000000000000000000e+00,7.489202128574417028e-01,7.554012775606412378e-01,8.285828816336053837e-01,3.004798178229814987e-01,9.919550669105415830e-01,9.546166485227220999e-01,5.040675357393825662e-01,7.917881598639042728e-01,8.206655713973920463e-01,7.111521044032103056e-01,5.797309080576504847e-01,4.274812537387819855e-01,4.567299810363159018e-01,7.292281729857811312e-01,2.309503780281725871e-01,6.828671967831065892e-01,4.343753229146706807e-01,8.215940613183939645e-01,2.702914933795543817e-01,5.494458369453625313e-01,8.085360891705343223e-01,4.859762014564210642e-01,2.954632200551919330e-01,2.536328161140086745e-01,8.233838924623376743e-01,9.834208635668629794e-01,7.730523248754481713e-01,1.470941623864933656e-01,6.154764451365669631e-01,7.808941487145776295e-01,6.445193702233196209e-01,8.915583348591653579e-01,5.339071937873406393e-01,9.759862535438563746e-01,8.937118841384699142e-01,9.261553018453598796e-01,6.208876448655337166e-01,7.655865007112219178e-01,7.419311456397481574e-01,5.654481987984235625e-01,8.544704616269312991e-01,2.094351142356599138e-01,3.596950430441354651e-01,1.568048942961159098e-01,7.293977634323203230e-01,8.077428832320903140e-01,9.487307524037887907e-01,4.271573812076382981e-01,9.469522926447299094e-01,5.451269489939043478e-01,5.557217517812268470e-01,9.160679015702796191e-01,9.812760038903869386e-01,4.376232055204336002e-01,5.019056890263550175e-01,2.626805904752204657e-01,9.967161772050117108e-01,7.447539913105352127e-01,9.524490057011105737e-01,7.177021429439565114e-01,4.500954520909665191e-01,3.620267033024904269e-01,7.971555627026973845e-01,7.726326852563558667e-01,9.072689078178440836e-01,6.984080242073555933e-01,7.652718515307042058e-01
