0.000000000000000000e+00,8.078359865642269488e-01,5.538410702847116340e-01,8.337504796108153871e-01,8.372679894895448394e-01,8.948855120908707494e-01,4.191844303911884673e-01,6.269991142001156703e-01,8.218741968604689196e-01,7.963532635618049138e-01,7.694938787450157358e-01,8.821135940732560687e-01,5.281447181266135660e-01,8.064771438686968441e-01,7.330822514801810241e-01,8.734873608804178957e-01,6.685158885200218615e-01,2.571191754268765117e-01,9.309138308363302805e-01,7.198566593178635786e-01,3.435018358849402098e-01,9.723863885302683752e-01,5.881194087419154837e-01,7.520794133323156494e-01,7.823227541700726873e-01,2.281462996390399289e-01,5.299993719603852682e-01,5.836198716183826907e-01,3.197314532167162549e-01,4.100302113186752306e-01,3.854453110020817919e-01,7.095635322396759426e-01,8.815512275545495102e-01,9.551667832206311992e-01,9.630302197703028977e-01,4.425819656000024027e-01,2.683154795506860202e-01,8.762361831587599514e-01,7.406290135934062713e-01,-1.673130093846956767e-01,4.593102443745193386e-01,6.551463410176177060e-01,9.107645384510950626e-01,5.965090582486443083e-01,5.121518261531882166e-01,8.056198318873228903e-01,8.505743914655957694e-01,6.496132633652680344e-01,8.253133257444428272e-01,3.879176396296825091e-01,4.229097737822707925e-01,6.129372994156432330e-01,6.084446275845551977e-01,8.211180230808744485e-01,6.746888203973042675e-01,8.379727766949374157e-01,8.065903416061667164e-01,9.961533026814570757e-01,8.006273642611398955e-01,5.994462249201910620e-01,5.721374449094683845e-01,9.237742056344211417e-02,8.684551316634189222e-01,8.964856373854120930e-01,8.258926301993332331e-01,9.183646502217838181e-01,4.105839368982334148e-01,9.205608160605449619e-01,7.732705886192702271e-01,7.694062136845697397e-01,8.594922865099368092e-01,4.432538142725259839e-02,5.159497149569209906e-01,4.013192297740993397e-01,8.838465595176423495e-01,8.255774894751545245e-01,9.291466688925911210e-01,6.964478038392600823e-01,7.833858696545434874e-01,1.910351493141251508e-02,6.380198811253526836e-01,4.390557064843900736e-01,8.148799863210144379e-01,2.546274917513771663e-01,6.261409250514061720e-01
8.078359865642269488e-01,0.000000000000000000e+00,9.535343986122044591e-01,9.402856982410441322e-01,7.899501071846516329e-03,8.113123057429441065e-01,5.880657244847838916e-01,7.524027149094217881e-01,9.094337876580328439e-01,4.724155930342232024e-01,9.608002660945568207e-01,3.883786483538457235e-01,1.582862679496398473e-01,6.906597017949205330e-01,9.910787100127986804e-01,2.060908493555028975e-01,9.139635471782517895e-01,9.826368391084981946e-01,4.206393558370714048e-01,9.911691950900609616e-01,9.431878349528712846e-01,4.761088528793980812e-01,6.290770794241595798e-01,6.937728889194170190e-01,1.505909723845499648e-01,7.247713053347684120e-01,8.744941280926515903e-01,5.497082364183527581e-01,-4.341068275879153560e-02,7.954946419816462111e-01,3.907885381182659712e-01,6.474912496624992686e-01,9.270433656035937942e-01,2.308438362108899411e-01,7.658562892265785571e-01,3.891493395268723621e-01,4.867978783638753915e-01,8.257932811542992857e-01,8.306770598102019010e-01,9.330273412130005717e-01,4.386096519454858733e-02,7.904960470996882371e-01,5.553318282239096959e-01,8.772012537229840756e-01,9.868001635418571782e-01,7.129044242298792078e-01,9.012496991913168665e-02,5.584310784402689576e-01,7.986146077312817892e-01,9.873244397947591455e-01,9.683316030849249412e-01,7.529511776203280382e-01,6.012108348504231481e-01,9.166625848037949220e-01,8.104668657905067519e-01,9.301452392778213341e-01,9.605371253521868269e-01,6.680621810687752404e-01,7.544456966749976123e-01,4.249728960318814863e-01,5.244579318560560477e-01,8.483707341511838029e-01,7.116942156224127514e-01,8.407116451735729967e-01,6.589775972035496476e-01,9.573416065488581372e-01,3.974107540582475506e-01,9.201484228487215589e-01,8.767987523760756297e-01,4.529739881209230989e-01,8.874096699964525436e-01,6.573180216727785297e-01,6.708536523799929485e-01,9.164485947607740046e-01,7.818910558271594535e-01,4.288523805896294894e-01,6.988053418789862414e-01,6.993463352746822626e-01,5.681378447209161076e-01,6.762090810481051484e-02,4.525222732641279166e-01,8.506268305807618280e-01,7.304593023265257834e-01,3.561694376982915689e-01,2.928456941709389749e-01
5.538410702847116340e-01,9.535343986122044591e-01,0.000000000000000000e+00,9.052877656580579080e-01,2.701659142061945129e-01,6.470258224517320134e-01,6.875369827884574292e-01,7.830632161016679582e-01,9.809166414697768621e-01,6.578745916676969063e-01,6.338698290057083184e-01,7.153367398366961005e-01,7.601536966768659420e-01,8.184087762771936614e-01,7.505229239837305499e-01,8.847648755055508296e-01,4.171538219415228399e-01,7.643643404843554201e-01,6.791613380073759920e-01,6.350442790521719783e-01,8.473411370563089795e-01,9.603626605159074625e-01,2.414113914212130119e-01,7.442729206474700820e-01,7.919978964945546540e-01,8.042124725788852846e-01,7.182030129317572564e-01,8.015579505077025102e-01,5.427668572682180503e-01,5.071736331940720488e-01,4.141554472695234135e-01,8.121952752208781989e-01,5.440661276763051335e-01,9.265692553544366827e-01,5.879720131937150596e-01,1.860360433617909703e-01,9.623097546226483390e-02,8.311403066735977285e-01,8.374690179408403878e-01,5.546942917461067379e-01,4.764046270849873199e-01,4.466601065286343597e-01,8.217734770551399226e-01,9.823036587165380196e-01,3.388291851441355140e-01,9.013701983912623117e-01,6.410396760162138108e-01,9.270681205828308347e-01,7.433947729686318784e-01,9.406599542723780294e-01,7.290166010306159405e-01,7.187191807988291270e-01,9.588487583928608782e-01,7.958853700241768081e-01,9.957085586741800665e-01,4.009517475715961288e-01,8.328743045446135307e-01,9.392650473920828302e-01,3.978283172903487319e-01,7.487550006376698652e-01,5.089569820270922751e-01,7.369773605054807941e-01,9.931946067612407170e-01,6.914189194635280700e-01,5.204339847451191492e-01,5.771529260253633886e-01,8.843137673673667765e-01,6.429712693385107869e-01,7.267629812461973149e-01,8.792824307576438958e-01,5.236673083427826336e-01,8.453555153882449380e-01,6.290483981395856850e-01,6.154950321351989606e-01,9.210255017487950502e-01,9.283544129597227634e-01,9.987568196542369048e-01,9.801159882475352081e-01,2.036475031532485602e-01,3.614438314861779800e-01,8.452455470496542667e-01,8.690138040893858884e-01,8.730413044336983175e-01,6.011231224233889447e-01,6.599312660775715766e-01
8.337504796108153871e-01,9.402856982410441322e-01,9.052877656580579080e-01,0.000000000000000000e+00,6.581620356604090949e-01,9.204356566005970075e-01,5.578461889729573464e-01,5.413964600816748574e-01,3.824930577553043998e-01,6.043000926227799496e-01,3.559052711083476317e-01,8.253129312852313104e-01,7.399782790491115092e-01,2.877921581718676514e-01,6.145363989762706591e-01,4.092961785403006481e-01,8.246374147842282509e-01,7.372058439326047985e-01,9.774266512985290145e-01,7.830623730465362531e-01,9.605888932687083326e-01,3.734288788691672023e-01,7.129402350575639868e-01,8.387792417499297937e-01,7.073655887969717559e-01,9.689415954916172913e-01,6.634921778153317629e-01,9.145395419001740578e-01,2.974723560019147950e-01,2.414384197843279789e-01,4.379530621134954393e-01,6.667535096439687337e-01,2.190209906508212845e-01,7.564365968709675370e-01,8.154898536130239517e-01,5.088292145774504505e-01,5.883091447626533910e-01,5.786593281757423934e-01,8.033299274872480744e-01,7.254017137723053343e-01,7.283746346232630176e-01,2.405020535489743316e-01,7.464211738409247676e-01,4.019492409169278524e-01,9.922780154278092457e-01,9.104928671690754038e-01,9.819698979961599683e-01,9.114768018532124483e-01,7.331039200314786175e-01,5.688754846023544864e-01,7.823916041976949343e-01,5.198090769122513111e-01,7.430347870712838976e-01,2.705016199140138911e-01,9.699480781645130056e-01,7.923575457967035884e-01,9.805446110618029065e-01,4.823334215703012351e-01,9.867557778645751343e-01,5.044113823696482202e-01,3.339501777847657671e-01,4.292508368454520107e-01,9.081786913745933942e-01,8.495458233176038654e-01,6.735147618517465240e-01,6.581584429088497279e-01,8.807303190001649629e-01,8.440568035583346784e-01,3.805405474520899278e-01,8.081844395522894686e-01,8.124720121980614218e-01,6.250406995122034237e-01,6.149689490773303513e-01,4.338209267040953332e-01,7.625082462147646511e-01,7.321050417725551984e-01,4.138300521652944486e-01,3.801386569102773727e-01,5.498330319125750709e-02,7.089841625821544646e-01,4.848995470848366240e-01,6.733475347287366519e-01,9.144795316641152194e-01,7.954457543491361138e-01,5.720516358629925691e-01
8.372679894895448394e-01,7.899501071846516329e-03,2.701659142061945129e-01,6.581620356604090949e-01,0.000000000000000000e+00,8.263800704605001046e-01,7.907557398824687223e-01,7.007028789105290700e-01,6.189516511379454800e-01,6.648810831626775775e-01,6.472665771700704118e-01,9.370608535005794382e-01,6.108804709055823956e-01,2.432844147012259151e-01,8.849562080924309182e-01,7.736249496209071097e-01,7.576932043840793884e-01,1.354971536127278636e-02,2.009042047530586739e-01,7.157790894987499097e-01,9.071096168098317092e-01,6.426002506171518691e-01,4.411633584428976684e-01,5.919120721618724712e-01,6.952119684080142470e-01,5.562116552444937856e-01,4.580299179356719930e-01,6.164251027861347154e-01,9.166507722092571697e-01,2.080744015076338438e-01,1.297206141978254346e-01,5.885317499585942524e-01,7.284121364887273797e-01,7.501576761409951555e-01,9.056111298257738529e-01,7.780774654656150702e-01,2.646540407908689607e-01,2.368717374149249544e-01,8.069497784884118730e-01,9.646460597220006816e-01,1.339004439760465848e-01,5.116880311718997598e-01,9.113501902047809189e-01,7.172131987596521707e-01,9.675768184771287306e-01,9.837733063499279895e-01,8.553630627497275096e-01,7.383561667640027304e-01,9.670100729275048490e-01,6.123007498715087316e-01,5.809585775406906905e-01,2.587394045133178389e-01,5.511945254523775706e-01,6.085718233218174733e-01,9.318524742627654067e-02,8.358364514845449955e-01,1.048375268072593292e-01,9.051730524395824595e-01,5.465772238388725279e-01,2.713120975135819846e-01,4.963863323022858487e-01,5.408224482773057451e-01,3.433044259017999367e-01,8.710832224540228097e-01,9.211764455002982022e-01,9.410974584071843951e-01,5.510513348551511204e-01,8.659946226242959399e-01,2.206003801440084289e-01,9.266669311943992460e-01,8.109594567178328717e-01,6.898508068798482329e-01,5.826359382330400516e-01,3.738528359265532730e-01,6.038292819801257538e-01,3.126331432646920622e-02,9.471287411089773789e-01,7.173415020413299592e-01,3.893432154681464308e-01,3.572146242617355583e-01,7.002463624522087260e-01,8.572589804969003024e-01,8.077144971355946224e-01,9.918184035312955782e-01,6.912922230912711408e-01
8.948855120908707494e-01,8.113123057429441065e-01,6.470258224517320134e-01,9.204356566005970075e-01,8.263800704605001046e-01,0.000000000000000000e+00,4.618806685472625073e-01,2.254809104584440949e-01,6.891393527018720988e-01,9.436574932387400416e-01,9.690937834538935203e-01,6.820045433225748743e-01,4.459755574807430789e-01,7.856338446980226653e-01,9.797490377306665721e-01,3.869840929742383584e-01,9.886625149863705886e-01,4.500355971008718203e-01,7.076142286401445602e-01,7.234730144105123717e-01,9.642409737103186940e-01,5.977657555398239175e-01,7.731371676165164075e-01,6.966301595430511862e-01,6.902556773269488133e-01,9.757605313667179203e-01,9.542046967465126484e-01,7.871243081928949170e-01,3.821639706476954168e-01,4.702033095301927368e-01,1.707605995328276283e-01,4.705835673870557567e-01,7.205222053964258633e-01,9.577847498417015881e-01,6.368474619360942057e-01,5.508099745115038193e-01,6.919361453097871983e-01,3.866549340203755958e-01,7.588974117320652635e-01,9.252017576969516766e-01,5.523052871957389032e-01,7.854295373141659820e-01,7.189086325497338059e-01,6.121683248240491482e-01,9.328025003842868035e-01,3.914828113102580831e-01,4.439756171006255525e-01,6.670660368985106281e-01,7.520790346612319377e-01,6.982802966968434388e-01,5.852380328331820980e-01,8.769217738280675745e-01,9.073811529048230184e-01,6.956371627951708492e-01,6.348514591421517972e-01,9.220134953003271683e-01,6.116754269479385275e-01,5.280570390929701929e-01,8.688729858691155439e-01,1.204050450761430247e-01,7.758759819242458944e-01,9.255245204955636629e-01,2.218925629239309749e-01,9.912052176047398966e-01,7.875701604825090518e-01,4.774090321199019327e-01,6.118675031076652449e-01,7.842037032506116168e-01,4.993119584450502191e-01,7.288730439139785577e-01,6.711863447994967924e-01,6.849365968538464466e-01,9.330022195793032935e-01,4.860925357292028015e-01,4.427422983548141011e-01,9.272564704245747080e-01,4.247934801648808323e-01,7.531738459229155858e-01,5.476510263484982710e-01,1.899761341819544980e-01,9.807713414539177554e-01,8.145481649268874191e-01,6.904463314979066846e-01,2.027157736769889251e-01,7.505065783464981433e-01
4.191844303911884673e-01,5.880657244847838916e-01,6.875369827884574292e-01,5.578461889729573464e-01,7.907557398824687223e-01,4.618806685472625073e-01,0.000000000000000000e+00,4.601944148899859699e-01,7.694867768107165329e-01,5.234823225973546101e-01,4.558355127152706188e-01,4.500155718924304660e-01,7.106661960369735631e-01,8.347814117648676424e-01,7.217548575633785379e-01,7.372415330232637842e-01,7.089510802170300163e-01,5.661007565255273821e-01,4.884346430029367081e-01,8.874637452497136092e-01,4.327326060268450458e-01,6.002099296173308840e-01,7.852569248071601393e-01,9.721851987332406075e-01,7.649714994261356260e-01,3.746092564024076643e-01,3.870086636387411461e-01,1.406731984729498453e-01,6.278516205715829468e-01,4.813179016465871096e-01,2.823112335221016345e-01,3.694102612286500609e-01,7.223877015269706270e-01,7.558975526450314453e-01,5.710938967043859282e-01,5.956765533672592379e-03,8.592419512887761179e-02,5.577991460031226367e-01,7.045904897885345575e-01,6.190582535780494444e-01,7.365022509969184616e-01,7.804609770728839768e-01,4.982259580620584938e-01,6.582774000433746497e-01,9.569127583175026652e-01,4.069230523168959057e-01,8.149454136415955618e-01,7.462140403562745883e-01,4.866103086940395950e-01,8.522804609563761069e-01,4.298353429536244663e-01,6.032628909109830628e-01,6.429901762827923140e-01,3.036088889381561295e-01,4.065207862351823964e-01,7.922312633378025826e-01,7.311508822572143629e-01,7.709168814898155198e-01,6.238070714140748763e-01,5.737946916126830388e-01,3.914101075570558530e-01,4.592663174461336650e-01,6.239570963990378472e-01,8.747778143921461913e-01,5.897236875063078809e-01,6.070563354079968610e-01,8.811021030462520276e-01,6.638811598135156977e-01,5.617290849337612801e-01,7.920715681712093836e-01,5.103654254216150044e-01,2.208943065096588554e-01,6.800261589175288224e-01,7.860377690412616580e-01,6.189014557018619467e-01,7.633882510651377462e-01,7.847785576214134640e-01,5.429153350620613550e-01,2.207670121753042836e-01,5.087900214812697275e-01,7.536908681900853502e-01,4.369052633541938291e-01,5.923548738909014677e-01,6.732965256084560979e-01,9.956840639640056612e-01
6.269991142001156703e-01,7.524027149094217881e-01,7.830632161016679582e-01,5.413964600816748574e-01,7.007028789105290700e-01,2.254809104584440949e-01,4.601944148899859699e-01,0.000000000000000000e+00,6.434655193723359812e-01,7.151883868643966746e-01,9.975793709240809992e-01,4.517720025997969957e-01,8.246225545293751624e-01,7.520142039014080515e-01,3.563341185250804566e-01,3.967569649431891277e-01,9.571947311457849050e-01,5.129479588229526876e-02,4.783420226646925011e-01,6.728644360032719485e-01,8.940945715608679123e-01,7.193671336857377918e-01,5.221789847234882265e-01,6.207379556479705185e-01,7.865317950460133378e-01,4.474153160527462592e-01,6.644145132591517955e-01,5.607424094483692834e-01,3.779413076861005694e-01,2.354101291526672912e-01,1.334875112758490689e-01,6.923591816446176272e-01,6.201452857427824927e-01,6.437661652825221736e-01,7.424702649467457283e-01,2.569676886496946588e-01,2.992928352238727330e-01,8.820760358519342814e-01,8.376000906631492215e-01,6.597784817136546076e-01,1.928823926809268285e-01,4.296992532217989158e-01,6.080018781909332093e-01,7.939981359872525513e-01,8.853530623193809346e-01,9.016615565372201324e-01,9.482525508114941770e-01,6.528633402865513524e-01,2.689695999060344178e-01,4.769094200134076367e-01,7.946524393972316247e-01,7.258498651081848330e-01,4.269644682687166459e-01,7.215412806586829486e-01,5.442559067314556298e-01,7.498138534553242529e-01,7.969149446681127458e-01,4.988105256971261392e-01,9.659604923344956573e-01,3.128755709405497965e-01,2.444616390037108178e-01,9.437939365969267858e-01,3.957866804311651610e-01,9.601393402036305647e-01,7.492075922997069870e-02,1.802070252530909578e-01,4.066518342616475823e-01,6.896536368079501100e-01,4.428555116129153646e-01,4.859717369245070140e-01,4.956045316915170806e-01,2.450551005205489352e-01,1.859873615380858158e-01,6.281788544435772392e-01,4.531802790814868920e-01,7.953119224380692520e-01,7.942208428435223455e-01,7.733551337208077747e-01,5.984807634382507402e-01,2.655659543646503584e-01,6.836104196882004658e-01,6.836987631382853703e-01,6.762361766583162570e-01,4.248655751086956034e-01,6.387730207135198235e-01
8.218741968604689196e-01,9.094337876580328439e-01,9.809166414697768621e-01,3.824930577553043998e-01,6.189516511379454800e-01,6.891393527018720988e-01,7.694867768107165329e-01,6.434655193723359812e-01,0.000000000000000000e+00,1.355641601042676114e-01,5.591445293537949945e-01,4.203260907905078669e-01,7.881035947901140482e-01,4.770572661400271919e-01,2.251206592152927288e-01,7.519157751298108927e-01,8.797554854994797946e-01,5.005923279283704952e-01,4.685333768798102261e-01,8.160716347889822586e-01,9.134540152689331061e-01,4.241489771016124233e-01,8.690800421144747601e-01,9.054144341490463210e-01,6.512880385376872416e-01,7.153216016955885603e-01,8.294138158694643881e-01,6.634866845630364995e-01,3.874722499011026278e-01,5.967327492972469560e-01,4.289285474981086033e-02,8.945929957478639949e-01,5.903508245074655658e-01,9.429177131695867242e-01,8.847234070919051119e-01,5.030971021459840209e-01,4.785344952556455089e-01,5.002211734959306488e-01,9.130536242977886907e-01,5.095276856886671313e-01,6.539717125379906904e-01,9.732637250350029134e-01,9.321716580085799286e-01,5.124166417989876043e-01,6.811281961459092482e-01,6.155674366414950471e-01,5.005182841296318408e-01,7.785848359583626976e-01,3.252885579520262693e-01,4.180113011575164461e-01,9.481435238579933866e-01,7.370594157748725506e-01,6.611066784600413415e-01,4.487573066939309352e-01,9.608121806732640158e-01,6.282073615370920017e-01,3.602825308210269029e-01,6.056190966194625602e-01,8.693566642997241356e-01,-1.643518664142772923e-01,4.454294308025941729e-01,3.334435238043562816e-02,4.665771055992251615e-01,8.269308640923382914e-01,9.189960771938709971e-01,4.223721008772561847e-01,5.265574107290464934e-01,7.978177389122675933e-01,6.379313956010643771e-01,6.380066466281832938e-01,8.490437854674701690e-01,7.761038002006761527e-01,7.044852426335939111e-01,5.944862851540851922e-01,9.400841206045568166e-01,7.584819376166263005e-01,7.035927692857034677e-01,3.548877147088001088e-02,2.815166254771452325e-01,-4.453813001804779459e-03,5.866562298815383159e-01,9.224554988877204931e-01,8.849207193703427787e-01,6.060269269124600733e-01,4.127657144217443674e-01
7.963532635618049138e-01,4.724155930342232024e-01,6.578745916676969063e-01,6.043000926227799496e-01,6.648810831626775775e-01,9.436574932387400416e-01,5.234823225973546101e-01,7.151883868643966746e-01,1.355641601042676114e-01,0.000000000000000000e+00,1.576880936370534947e-01,7.264470596069678709e-01,4.453935250154030800e-01,8.691377870255038163e-01,7.977205558149601528e-01,9.911008949476733942e-01,9.481162405608882793e-01,2.840654135986213635e-01,6.283044320130029003e-01,7.213737144197847062e-01,9.842776033279447834e-01,7.456781986013228947e-01,6.724398910265110274e-01,3.853101684767423762e-01,8.992061642081656814e-01,5.647517908915070661e-01,6.137855941704072338e-01,3.968274984738375255e-01,7.326208123326545252e-01,5.188593852815410745e-01,5.444725853514088554e-01,8.159409911132783355e-01,4.310508135975473776e-01,8.265226343866015624e-01,5.447874473480152080e-01,4.881192160393817980e-01,-1.670037359262632748e-02,5.039361184568429408e-01,6.154210840323062204e-01,5.092309517607701563e-01,5.772639104772295804e-01,8.463992837784916068e-01,9.314239986341152910e-01,8.988086816797472567e-01,7.844944334478386461e-01,2.996761636613201052e-01,9.868604331241118688e-01,9.631119999928635655e-01,6.704811886159544043e-01,8.049352615307515668e-01,7.820735744382585342e-01,9.924230141276588757e-01,7.003326355432004657e-01,5.420298356205625057e-01,6.573059289211151679e-01,3.820547989564965219e-01,9.350337764234133431e-01,7.083948713129040176e-01,9.044160948164938763e-01,5.732026442816360312e-01,6.387290563062254511e-01,6.017158487793047295e-01,9.539598259386723456e-01,7.882184945123110742e-01,6.072862430555407975e-01,6.725143259427173170e-01,2.053535793042440827e-01,9.797417443246098090e-01,3.297686575591596281e-01,6.230707785557199063e-01,4.274068809828261983e-01,8.778719424035550389e-01,2.497951525024116326e-01,7.356148810550141581e-01,6.538905088419701972e-01,9.937020120412526358e-01,9.041899925189755827e-01,-1.239474808605014466e-01,7.932409881147803876e-01,3.414236717820527955e-01,9.904352527673854212e-01,6.525842485104524915e-01,8.954533364062710055e-01,9.878498313938532949e-01,6.492265679179123339e-01
7.694938787450157358e-01,9.608002660945568207e-01,6.338698290057083184e-01,3.559052711083476317e-01,6.472665771700704118e-01,9.690937834538935203e-01,4.558355127152706188e-01,9.975793709240809992e-01,5.591445293537949945e-01,1.576880936370534947e-01,0.000000000000000000e+00,9.638244859608293691e-01,9.727256000938430125e-01,7.449733932071127551e-01,7.671887664125762729e-01,8.809378254857492818e-01,8.024843581013952898e-01,7.451783723864111586e-01,4.136634965050704493e-01,8.985047735051879814e-01,9.924949974518110229e-01,6.633963584830370186e-01,9.556070887591284757e-01,2.743143799926838766e-01,7.767803310936647332e-01,5.947155456409409791e-01,4.790135468378296513e-01,4.833672436505836445e-01,4.280807442986069855e-01,2.110875254790264832e-01,4.805385797217616162e-01,2.554055734308811054e-01,7.458106516908996619e-01,8.163758742647221345e-01,6.414389159579850785e-01,7.467601580571048281e-01,-9.925705090144225362e-02,8.186670742244590571e-01,8.655796084628033515e-01,4.308480299773803091e-01,-3.801389739100816678e-01,3.242672617902981336e-01,9.030876419440742042e-01,9.761171070669441008e-01,9.154975316219731152e-01,6.105352818430421769e-01,7.635388697617457865e-01,9.020091404166764582e-01,5.842093289581367088e-01,4.614680651161864877e-02,7.190251711976378690e-01,9.854611923084182212e-01,9.218917047434250778e-01,6.633224415863233636e-01,7.462806530220078560e-01,8.756249824373019131e-01,7.222675927699163667e-01,9.167596617343043430e-01,8.102766271379617802e-01,4.868425553336590550e-01,5.604153880418580869e-01,5.943355695354077817e-01,7.485413011974199060e-01,7.683774676379594160e-02,8.285325779435643856e-01,8.030785133041722368e-01,7.756397576208480249e-01,9.999924656115339872e-01,5.503989906152898515e-01,7.688072329985099485e-01,7.155524176137636472e-01,7.021495113152288470e-01,2.814334898094350557e-01,5.549213341831927826e-01,5.125620209418386697e-01,6.451119487026070187e-01,7.122946975582596929e-01,5.803723964822984360e-01,3.235949139633480520e-01,5.240344846407669621e-01,6.936633475207703015e-01,8.016159080144751314e-01,4.675169715872507514e-01,6.112725931218021547e-01,7.725565177549340579e-01
8.821135940732560687e-01,3.883786483538457235e-01,7.153367398366961005e-01,8.253129312852313104e-01,9.370608535005794382e-01,6.820045433225748743e-01,4.500155718924304660e-01,4.517720025997969957e-01,4.203260907905078669e-01,7.264470596069678709e-01,9.638244859608293691e-01,0.000000000000000000e+00,4.027481395160044109e-01,4.214841598724239358e-02,9.191616991638753564e-01,8.693932136140732903e-01,8.146042402614231959e-01,6.597787993131224438e-01,6.064165994492066725e-01,8.926103333970755171e-01,9.834079143020459934e-01,7.136034469111146583e-01,9.523134218774874649e-01,7.306108984912633719e-01,7.841552522424040106e-01,9.458122574396936599e-01,8.737496025690787427e-01,9.299341648432913887e-01,5.946513356024954455e-02,7.083727046760845969e-02,2.703089488216461542e-02,9.737147785365285468e-01,7.215753840863329271e-01,7.624487148846288420e-01,6.974348400112008184e-01,3.729707994953173067e-01,5.562462367767805338e-01,6.337052605721628096e-01,8.496059658606163190e-01,9.175724066623830444e-01,8.935383979652256059e-01,6.475376106423766931e-01,7.886279546912857707e-01,3.102706685323164959e-01,9.737871834527277448e-01,6.052678368534720743e-01,9.381968901825812335e-01,6.906077817536769858e-01,6.090082096238218501e-01,5.146190182487774267e-01,6.725726122806959806e-01,7.318250168871590633e-01,7.024395959119130728e-01,6.214384059950461836e-01,9.999100367038223913e-01,5.249387313462023918e-01,3.960648025018832508e-01,5.374864027262867827e-01,5.505284784045875179e-01,7.792401348728726918e-01,-1.950640467532016586e-03,2.711840697891804153e-01,7.967626562032905646e-01,8.157422324052098217e-01,9.630513836621725776e-01,7.547209500940803562e-01,7.483585604319213935e-01,6.031753034932224589e-01,-1.537157873674677711e-01,8.627075950704649054e-01,8.989800538001908592e-01,7.968171754065872525e-01,5.066571007535027871e-01,7.281934962523093358e-01,5.117552412748269663e-01,5.558108218793795796e-01,3.082118604357753089e-01,4.184590833109801400e-01,5.190645434726381957e-01,4.043821564803081747e-01,9.039042475789311748e-01,5.006065946655905430e-01,8.282651912429672691e-01,6.821888392347249530e-01,2.057835781013734877e-01
5.281447181266135660e-01,1.582862679496398473e-01,7.601536966768659420e-01,7.399782790491115092e-01,6.108804709055823956e-01,4.459755574807430789e-01,7.106661960369735631e-01,8.246225545293751624e-01,7.881035947901140482e-01,4.453935250154030800e-01,9.727256000938430125e-01,4.027481395160044109e-01,0.000000000000000000e+00,7.626633624903023101e-01,4.645631598088209024e-01,3.044120994295714810e-01,9.050361468689405164e-01,9.898660487209391956e-01,8.740326620481542186e-01,8.381599474333767397e-01,6.091859051828053540e-01,6.923405631567056684e-01,5.984747313486573628e-01,7.099851055903344532e-01,6.020941150546483822e-01,3.327633763771872255e-01,5.229131989694318916e-01,4.480690415029013884e-01,5.801158321118091710e-01,6.185140563345302711e-01,2.854003134550977538e-01,5.292800862145098373e-01,7.425292365878595202e-01,8.495157671437625346e-01,9.367553593085752306e-01,2.998030406693871774e-01,2.786125008627845512e-01,6.558737413099561264e-01,8.066173175049223820e-01,8.600906358056564782e-01,7.786172076056011582e-01,8.513270622752421302e-01,8.383651423008077197e-01,8.645188484262825712e-01,8.112201242443241034e-01,9.878988225899774100e-01,7.758690290305499948e-01,3.784175254319010473e-01,6.593144690935771601e-01,6.718992617443904081e-01,6.630055002129369157e-01,6.381811931362718626e-01,4.110779057331654385e-01,4.020669855667532988e-01,7.556208314034223994e-01,6.692220932264920652e-01,6.366748852184723750e-01,7.821867196124397958e-01,7.470262252461197239e-01,5.554759511397897587e-01,5.294415544338237911e-01,8.797004292519212676e-01,9.303623857948675191e-01,9.864603210829676616e-01,6.030732945074345208e-01,2.770823449614688294e-01,7.046069882560713760e-01,6.314836853021768004e-01,5.030898143783166798e-01,6.891116607210644451e-01,9.152588231850006251e-01,7.765112120717556632e-01,7.286879792647280585e-01,1.084151043759859490e-01,6.390855999747512284e-01,8.145091550748927434e-01,5.690775489599155801e-01,6.369676376141806262e-01,4.206265806180996547e-01,5.649302149136327111e-01,2.007089834871784439e-01,7.636236760546888380e-01,9.690091596028214127e-01,4.538546155067726962e-01,6.640015756829729110e-01
8.064771438686968441e-01,6.906597017949205330e-01,8.184087762771936614e-01,2.877921581718676514e-01,2.432844147012259151e-01,7.856338446980226653e-01,8.347814117648676424e-01,7.520142039014080515e-01,4.770572661400271919e-01,8.691377870255038163e-01,7.449733932071127551e-01,4.214841598724239358e-02,7.626633624903023101e-01,0.000000000000000000e+00,7.602449329874689798e-01,9.046177806950824740e-01,9.489639359978304656e-01,6.976779391089324989e-01,6.012758356593198572e-01,6.281130422939796842e-01,4.943569350285189623e-01,9.412873594001469613e-01,8.282008718315750917e-01,9.560749543955876506e-01,6.692442117070032115e-01,5.891097948318926303e-01,6.529238025636587839e-01,1.751120818073797769e-01,5.931215278030557148e-01,7.250014742451059702e-01,5.780861290690546550e-01,2.708515527617546548e-01,5.030549514874435024e-01,7.536007961381662179e-01,6.620007950236036498e-01,1.120221742378985363e-01,4.452410034469115874e-01,5.223743309788089206e-01,9.005278001652687880e-01,9.967162238088511650e-01,6.190010894955622067e-01,7.340013282150901208e-01,8.998101010548889001e-01,8.215745730594202767e-01,9.264351688312556510e-01,9.739664346060046274e-01,9.097192674255749623e-01,2.592596828959177757e-01,8.967074478446698249e-01,5.723449031584115776e-01,7.353873127264277665e-01,9.196160192929532240e-01,2.897742341301789981e-01,4.968670002482853398e-01,6.512986959183708624e-01,9.325018762391313887e-01,3.859495812968948281e-01,1.231802750552242753e-01,7.925682956797055478e-01,6.625464590976284374e-01,2.648962037889466270e-01,5.316051821409872868e-01,8.996043206319042085e-01,6.470601359779386552e-01,8.309836529571806851e-01,6.158127906862048695e-01,4.460636110217140460e-01,5.956139528395151261e-01,5.245171484904063153e-01,7.313171146984527304e-01,6.258984262653607411e-01,7.907455617579747242e-01,4.298747918602965901e-01,4.267659717917672291e-01,6.930616241667442168e-01,7.695653495135816868e-01,8.325232774497214328e-01,5.569647684250431663e-01,1.830771544551700047e-01,1.122946392671827776e-01,8.565193612350610053e-01,8.106968051094122218e-01,6.460353536001324226e-01,-6.139582787342401371e-02,8.851351962850618760e-01
7.330822514801810241e-01,9.910787100127986804e-01,7.505229239837305499e-01,6.145363989762706591e-01,8.849562080924309182e-01,9.797490377306665721e-01,7.217548575633785379e-01,3.563341185250804566e-01,2.251206592152927288e-01,7.977205558149601528e-01,7.671887664125762729e-01,9.191616991638753564e-01,4.645631598088209024e-01,7.602449329874689798e-01,0.000000000000000000e+00,9.462808916294747075e-01,9.096914794004302696e-01,9.242349997841676768e-01,9.176012868076576234e-01,6.739885754667586104e-01,4.806679193403238237e-01,6.259343757000719322e-01,8.082356202416201008e-01,7.041070512632787715e-01,6.516115127883213010e-01,9.967091274662864819e-01,4.682127128638644553e-01,7.921961456174482219e-01,3.089578826973820025e-01,5.919108440869038645e-01,3.671319733439233346e-01,4.802737721850267594e-01,1.027923107382379686e-01,6.053627940122996431e-01,4.347646945908223981e-01,3.568636659185508986e-01,4.679589734882516616e-02,9.367909784218175773e-01,7.457017118433810765e-01,8.670634868464479617e-01,8.912329642120615514e-01,4.455062075249948683e-01,7.443379987234955975e-01,4.686858542984746467e-01,6.079094072492562395e-01,8.676990105864094138e-01,4.886111652740472433e-01,4.946604110592683901e-01,6.302837445076431289e-01,6.733525208741273360e-01,4.967175861567149076e-01,6.988194041909117082e-01,7.963317612872976570e-01,6.323670247205389616e-01,9.222454018986766533e-01,6.968339693869212148e-01,5.340837067052102149e-01,8.834698206992060987e-01,9.264497847105604977e-01,5.896749213747192186e-01,3.393033979840295866e-01,9.923869090997460007e-02,8.473924008480397951e-01,9.437397027893309476e-01,6.165497515124532812e-01,2.453786065728723043e-01,8.056941605526249939e-01,6.386512005392197544e-01,7.948937871372397934e-01,7.751931357270772649e-01,7.356523146223551413e-01,7.133609176768288540e-01,5.392399966968297598e-01,4.836340248696153199e-01,4.522595783564808958e-01,9.996344057863777444e-01,6.978577924610304128e-01,6.023470227283338474e-01,4.769909692115595345e-02,1.451182432723509552e-01,5.434863316481021167e-01,4.349869948244754481e-01,9.526758772202577052e-01,4.603240170733036152e-01,2.678820516357104387e-01
8.734873608804178957e-01,2.060908493555028975e-01,8.847648755055508296e-01,4.092961785403006481e-01,7.736249496209071097e-01,3.869840929742383584e-01,7.372415330232637842e-01,3.967569649431891277e-01,7.519157751298108927e-01,9.911008949476733942e-01,8.809378254857492818e-01,8.693932136140732903e-01,3.044120994295714810e-01,9.046177806950824740e-01,9.462808916294747075e-01,0.000000000000000000e+00,8.043237074395765962e-01,7.356321312088444087e-01,6.978083309536504686e-01,9.853795216612423191e-01,6.962923582271423051e-01,6.208606420870197429e-01,8.173889681884622949e-01,9.785855292217248147e-01,6.677547282991548316e-01,9.595767741636360704e-01,6.056925630304934582e-01,8.124864775980815690e-01,5.907793397789666834e-01,5.371863458176527883e-01,6.176291650370050457e-01,4.938065735348524110e-01,6.767436383877252215e-01,8.738256649950353339e-01,2.308267464685479498e-01,2.751023807218830330e-01,2.325634099018743517e-01,6.089965760974839215e-01,8.615421106702225718e-01,6.654820444566473814e-01,4.710720071596673497e-01,6.330940641376099354e-01,8.141335656923254227e-01,4.495817907658153367e-01,9.337216464212736433e-01,8.638571753353443405e-01,6.068325283488879007e-01,6.596764262718848304e-01,5.624818639315922741e-01,9.423435935757731308e-01,7.719874939496594868e-01,4.445823953930331807e-01,9.638534599923536117e-01,3.257663310107214438e-01,8.084999632768801181e-01,5.382998787854367251e-01,9.477139418660738279e-01,9.873059497983429633e-01,3.361551069814956438e-01,4.675155252668454220e-01,2.476594165080595045e-01,7.777741280948133884e-01,5.041212034177553480e-01,8.477384449391343058e-01,7.583580681415378333e-01,5.462708561337867863e-01,9.005753556698520290e-01,6.196590724022238428e-01,7.905973857415593553e-01,-3.308181928181374021e-01,7.702524948264295457e-01,7.559577652983179297e-01,2.263956998734010240e-01,5.451724657398033802e-01,5.699863464496301990e-01,4.946598784250969549e-01,8.576935843184954056e-01,7.502205473512769673e-01,4.957591085574893364e-01,-3.298681593927663136e-02,8.114658719447725987e-02,7.729053449322712543e-01,5.209186273341723794e-01,5.856307840410471810e-01,6.469717618035450979e-01
6.685158885200218615e-01,9.139635471782517895e-01,4.171538219415228399e-01,8.246374147842282509e-01,7.576932043840793884e-01,9.886625149863705886e-01,7.089510802170300163e-01,9.571947311457849050e-01,8.797554854994797946e-01,9.481162405608882793e-01,8.024843581013952898e-01,8.146042402614231959e-01,9.050361468689405164e-01,9.489639359978304656e-01,9.096914794004302696e-01,8.043237074395765962e-01,0.000000000000000000e+00,6.021496953846232625e-01,7.580981509901538740e-01,8.029414008193660468e-01,9.673221741458586376e-01,8.988347566926631060e-01,8.448520019385811208e-01,8.777368454015795907e-01,7.511185599771109667e-01,6.453293575980444396e-01,6.434419409930539624e-01,7.233331962608386956e-01,-1.910582080735848121e-01,2.548818434361930785e-01,3.755515195343217538e-01,6.531713129721685718e-01,8.672336885140944363e-01,6.899993476109363977e-01,6.527283308271056850e-01,6.902593996193339132e-01,3.702412918978645884e-01,6.467572526989507908e-01,4.314283710386994652e-01,8.230558055505631243e-01,7.878510667378317844e-01,6.843715674497665713e-01,4.777765895911310068e-01,8.754275193331306770e-01,8.661089398240555681e-01,6.316811968398431398e-01,7.171454125875312835e-01,1.339139882417821059e-01,7.529579427162039207e-02,9.779120184809780847e-01,8.067742827184780641e-01,8.688794673254029988e-01,6.358314514694666242e-01,7.408782205808769339e-01,6.130245657841727480e-01,6.266999399938939508e-01,8.885055805822978936e-01,3.811406901119266388e-01,9.098914896920087259e-01,2.839788557611038766e-01,5.687141814230936010e-01,6.329079423844018448e-01,6.679911129885661714e-01,9.588824832934363940e-01,9.411750789429451647e-01,8.388341735528738186e-01,5.826944687825388325e-01,8.071164710451969038e-01,9.931828012831380725e-01,7.869417073537398055e-01,7.414969693528022932e-01,8.716965501405639083e-01,9.045815207798690860e-01,7.209484292847516684e-01,7.067699490226116987e-01,8.850312076083042268e-01,9.956141896617524134e-01,6.798097964945960525e-01,2.236355415985892547e-01,3.227076734613845699e-01,9.817239784554835369e-01,2.057096359228323124e-01,6.586453111124819237e-01,5.276588949266471928e-01,8.136620385807086242e-01
2.571191754268765117e-01,9.826368391084981946e-01,7.643643404843554201e-01,7.372058439326047985e-01,1.354971536127278636e-02,4.500355971008718203e-01,5.661007565255273821e-01,5.129479588229526876e-02,5.005923279283704952e-01,2.840654135986213635e-01,7.451783723864111586e-01,6.597787993131224438e-01,9.898660487209391956e-01,6.976779391089324989e-01,9.242349997841676768e-01,7.356321312088444087e-01,6.021496953846232625e-01,0.000000000000000000e+00,6.486508148296398213e-01,8.652432820355440146e-01,4.880935262302051325e-01,9.321115037566043426e-01,6.709818292338979306e-01,8.747249085491108911e-01,5.180658261846263768e-01,6.908957188137859751e-01,5.350216605856354946e-01,5.895005559517421112e-01,7.415378064132588376e-01,3.986441184626147161e-01,3.393356575957542226e-02,7.738801739238272415e-01,2.678026861389659619e-01,6.186076691058012278e-01,8.814459411983681658e-01,4.649623466440813147e-01,2.825921801390504084e-01,7.555847976699155977e-01,6.644094518978355124e-01,3.108941887084979983e-01,9.313243919624439870e-01,6.092580295333414053e-01,8.628731284942864344e-01,7.512537716323780534e-01,8.001685999156176177e-01,6.620587740647201347e-01,8.736214950649315858e-01,3.866951457098161127e-01,3.430140972663633381e-01,8.226751732483088553e-01,1.118085986068237114e-01,8.804328185276839580e-01,1.006111980644129739e-01,5.586152950848941728e-02,9.214862768341849364e-01,6.096128490571527392e-01,4.366785952242214774e-01,2.757649063196470074e-01,6.573564699559564239e-01,5.034635491554363407e-01,4.676216799565474647e-01,7.387146164445491658e-01,2.901647856631541234e-01,9.706613267341992479e-01,9.904148926896714222e-01,2.914233732138326038e-01,7.227214893609368307e-01,9.414592157701382469e-01,7.001455286571800496e-01,3.487865557933382821e-01,3.850901131417343998e-02,7.642989579748518114e-01,2.402134842429100303e-02,3.832183763556131773e-01,7.603189467219667597e-01,4.166651596355748222e-01,4.855308985037726233e-01,5.084083841029582995e-01,7.449559714451563508e-01,2.225532679028527638e-01,6.671245473859614972e-01,8.024336030152875443e-01,4.114288480927533187e-01,3.659137961619287616e-01,-2.250622477246635722e-01
