0.000000000000000000e+00,9.978925311519700747e-01,7.276873757972595058e-01,4.463776970628537399e-01,9.466032188951154502e-01,7.984917453703402890e-01,8.672406698533002833e-01,8.205083075278022386e-01,8.127505737561461219e-01,4.975459662881702716e-01,6.432684101972699908e-01,8.871583857725788835e-01,7.940063917721461584e-01,6.969168798799947329e-01,8.540914944867430414e-01,6.065631670636810746e-01,6.590555788281853289e-01,3.930426388930402526e-01,8.516116081792989290e-01,9.503834066874006226e-01,7.611055897106682178e-01,9.749035952876823341e-01,8.127215413050875581e-01,9.857382622044489340e-01,8.949524897207585816e-01,5.849778385474306841e-01,9.049348730748023595e-01,8.523839853598723648e-01,4.654630695270284280e-01,4.428246379992375470e-01,2.159335087633749706e-01,6.054761440385522109e-01,7.308053953243932588e-01,9.819726376001268742e-01,4.011366965705664978e-01,5.539239976504879426e-01,1.204923606577678608e-01,9.581971986918697004e-01,3.271290170528987629e-01,5.826268304648474228e-01,4.402013473151131923e-02,3.092942262034182876e-01,7.090305073846578932e-01,9.116091963253082353e-01,6.390329290100970061e-01,9.244811699455338649e-01,7.347776651521752411e-01,4.270883034574934900e-01,8.543464566674299210e-01,7.521912686750129584e-01,7.630711544697330595e-01,4.577368598291950419e-01,8.771311523526450493e-01,8.376991952447173650e-01,8.364048188156754104e-01,6.098789441416959667e-01,6.791899097435896149e-01,8.777050965593996557e-01,8.751043214564968586e-01,3.751138486145277340e-01,6.737441933343518707e-01,3.460449642333618403e-01,7.453681677130888916e-01,9.922279826678502834e-01,8.700289089996711134e-01,7.627606261781617603e-01,8.951830808329400702e-01,8.785738959019593342e-01,9.011483886482497541e-01,6.854693371254035883e-01,9.712709362224448695e-01,8.731019784132170169e-01,7.041544847420518893e-01,9.870849679258797763e-03,8.342251584759352578e-01,8.781702766301660024e-01,5.696447541333028441e-01,7.623892719076963420e-01,4.904371339621067527e-01,5.867543008817280858e-01,9.568244160437541224e-01,7.715071818519800839e-01,5.137492787713590081e-01,4.856641593549793634e-01,3.595096717308710055e-01
9.978925311519700747e-01,0.000000000000000000e+00,7.686220825177079163e-01,9.465568491196519885e-01,7.975510902963822701e-01,5.299113074627505027e-01,5.562202159642810617e-01,6.410886341522474829e-01,7.681091175679484184e-01,5.448349563427034026e-01,8.721270003756871336e-01,6.394247955134966244e-01,5.138217456931264415e-01,8.383806103272273269e-01,6.915087607250972601e-01,7.632519391037758671e-01,6.440790174064620066e-01,8.942874339675800366e-01,6.240799089461102067e-01,9.760631571997866462e-01,9.524273268050224006e-01,4.172820059314907848e-01,7.233676402528521621e-01,8.712479237653691921e-01,6.651605608589188368e-01,9.226724970654052171e-01,7.835154227822858086e-01,8.009126901655035935e-01,2.559840626755568449e-01,5.510214057943100263e-01,7.902717689193283768e-01,6.425872973267017230e-01,8.417963332812039567e-01,9.825398400061305937e-01,4.010121912564984514e-01,8.761864793185537570e-01,7.329850469366718801e-01,4.978958338758575630e-01,9.033380481628003889e-01,6.757368199379329976e-01,4.088587465616365657e-01,8.685386664435423842e-01,8.603067590441185741e-01,8.222382581812494040e-01,6.523858101391222242e-01,5.533071980427363146e-01,8.054213147137251338e-01,7.754752445033874508e-01,6.502160954764218959e-01,5.851891514258089622e-01,7.048773293340302448e-01,7.776979724408357164e-01,8.399377733788278011e-01,8.311211611182013348e-01,6.857942766283176353e-03,1.751624511682168261e-01,3.772969106053429833e-01,3.364377887413394497e-01,6.516035287913497509e-01,-9.678460149034674720e-02,5.299585382177393056e-01,2.370451790153984828e-01,7.983223542732655886e-01,7.558855115588050122e-01,5.605143574619187996e-01,8.721098538871622230e-01,9.369428909337582656e-01,8.440165740264511385e-01,4.414702610126647886e-01,7.782395712114199560e-01,5.454154406013346224e-01,7.987311316709974074e-01,7.287920683496333929e-01,6.595109255548858851e-01,8.306385359275032521e-01,2.262084940804261202e-01,7.018883297625606588e-01,6.260615694772099227e-01,5.153369039076702851e-01,3.818798025285741193e-01,5.439638388154566240e-01,8.354559489503634584e-01,6.502188049158248440e-01,1.397360285548917280e-01,7.549720945882936185e-01
7.276873757972595058e-01,7.686220825177079163e-01,0.000000000000000000e+00,9.900007780090513965e-01,6.251908543932578333e-01,8.408928544052404197e-01,8.577216781230998510e-01,4.751794310962719758e-01,9.643405017741957241e-01,5.904890867013696809e-01,8.411453676705789029e-01,6.311304805382181859e-01,6.255422040187851307e-01,8.089062801118416246e-01,5.363039931896401713e-01,6.281864582122427265e-01,9.937865713286615499e-01,9.014465185825114579e-01,3.820367065534890916e-01,8.072339340077426817e-01,8.692862569636972125e-01,4.571929999847197390e-01,8.679545698078506843e-01,8.048800525967771957e-01,9.983036349593572556e-01,9.951178558915798611e-01,7.927459979568853843e-01,9.653468588292372088e-01,4.964364493592587912e-01,2.504894827479479114e-01,3.484028647917576382e-01,9.996436698345221306e-01,2.160569140713879469e-02,6.196345907363213223e-01,6.261995567326735790e-01,8.921022112058990539e-02,-3.025047602918662371e-04,6.287495492102845862e-01,4.346504354880831311e-01,8.278962705376691211e-01,5.891587445026300607e-01,8.977834621269629167e-01,6.737339414166170215e-01,8.386284718717440523e-01,9.245457919500409405e-01,8.067759480320898513e-01,9.825931121661496404e-01,6.067595406403933911e-01,9.191274201689232370e-01,9.773970873436570450e-01,8.049702825621429803e-01,7.624962607122963698e-01,6.420084747496573874e-01,8.039159891897849075e-01,9.701989066927381167e-01,7.232339070034743411e-01,5.409182979495371635e-01,5.731940195384002124e-01,6.296287385346490684e-01,2.670328875987789674e-01,5.103166572174552273e-01,8.590038088809992534e-01,9.492138743415435842e-01,5.644472095997188354e-01,5.370633048873190568e-02,8.438195734303588491e-01,4.294918337528703667e-01,8.820991162494646876e-01,8.765752196465049773e-01,9.584952863493483299e-01,5.646369220572785563e-01,7.538808981377459473e-01,8.580985403229346442e-02,9.508720817282303450e-01,6.881329910847158171e-01,8.937946223660510059e-01,9.345623529383921824e-01,9.743901044318503679e-01,5.999260419926616406e-01,1.615048982275015255e-01,3.965635165225538383e-01,9.930588510952522707e-01,3.763031717662431719e-01,4.057388044159639939e-01,8.089711971168614957e-01
4.463776970628537399e-01,9.465568491196519885e-01,9.900007780090513965e-01,0.000000000000000000e+00,3.325067665403765860e-01,6.330414056010682522e-01,4.209301914158357083e-01,9.087728933908711948e-02,9.903134014112933148e-01,9.421245851375433800e-01,8.665925736488762077e-01,5.038342532783730565e-01,7.491769606411151639e-01,6.116121582713065497e-01,6.831983377246581002e-01,9.149157837856762843e-01,8.775653840922956750e-01,9.471391570904155177e-01,8.733665663382121913e-01,5.124097455136639168e-01,8.726271518531909521e-01,7.882398405633221916e-01,8.135035597148705389e-01,8.375035371001388063e-01,7.566498668030030572e-01,7.416124135555040020e-01,8.645416222379020965e-01,7.358623095612201181e-01,7.612825845583685025e-01,7.876890343239242309e-01,5.720411773278126777e-01,5.430586779364341421e-01,5.636215664006019033e-01,9.864177094461062945e-01,5.403046149797690045e-01,6.470361366403442061e-01,3.961194646612130610e-01,5.764097151926470541e-01,9.963273125507492445e-01,9.095615124074201141e-01,4.644324393155068176e-01,7.296623939355959543e-01,6.022689599226650481e-01,4.301049890899427686e-01,9.072402923752733717e-01,8.405789126087261920e-01,7.780170342741289380e-01,9.297171923438163343e-01,4.776029038022120976e-01,8.805495980453390548e-01,6.847034246017023040e-01,8.216954281053351350e-01,9.068865901715575939e-01,9.997633637594660616e-01,6.472967414918966433e-01,2.744555680557982935e-01,2.853455529321675122e-01,5.139147871119573718e-01,5.776853469636809013e-01,4.200761685561178738e-02,3.694722445777670616e-01,9.827350799111886914e-01,9.093935646202266909e-01,9.714025931226540900e-01,8.451357896214529708e-01,6.114830892377364213e-01,4.265319623035316310e-01,6.401245246666933397e-01,4.071979378668352245e-01,5.765785498880114934e-01,9.305323830803743368e-01,8.124218294672556073e-01,1.574776653135562532e-01,6.987484106121782945e-01,3.197398976258563619e-01,8.833705708086925235e-01,3.228997906041443100e-01,7.061530813854169919e-01,2.925189409236695903e-01,1.191352690448902046e-01,5.876915747280676561e-01,3.537211800411516061e-01,4.375114449862771981e-01,4.379553274180812417e-01,7.650776296254888642e-01
9.466032188951154502e-01,7.975510902963822701e-01,6.251908543932578333e-01,3.325067665403765860e-01,0.000000000000000000e+00,6.753531192106537739e-01,4.486777024329333119e-01,-1.552285071201564559e-01,7.459983342419053143e-01,9.391995976192502038e-01,6.365651216074089680e-01,6.025813385196860938e-01,7.380076290308501541e-01,7.094134608318981572e-01,8.600454551442933138e-01,2.383462230797430415e-01,6.319819299441568061e-01,8.580298676566885385e-01,8.996010019033379157e-01,6.058081092028873016e-01,8.606728267809591326e-01,8.684453649037525702e-01,9.108983469478135753e-01,9.233971413780104331e-01,5.175748687015203631e-01,9.491499653972221839e-01,8.608425786357871701e-01,4.409998785929967191e-01,1.969996864225402045e-01,7.901413876846878903e-01,4.001770168400512473e-01,2.109410784906665115e-01,7.574860057783634470e-01,9.933596989022422941e-01,4.990082786289454231e-01,5.959208787410689157e-01,3.354559061772465212e-01,4.241210821493774930e-01,5.009068264750979882e-01,7.901688784769216323e-01,3.447863255147151085e-01,7.609947493781582528e-01,6.463837581993731041e-01,9.987694795924763058e-01,6.752144371486228369e-01,4.200381095792607988e-01,9.400289745428164201e-01,4.895993973064698968e-01,4.133298230822974872e-01,5.290582049802823317e-01,6.836044282712220310e-01,9.456058894910716051e-01,3.289555525480941656e-01,5.998923685161601238e-01,6.825441883985458036e-01,5.473578686992011111e-01,5.916469538818727170e-01,4.198705982801639869e-01,8.683768812168894957e-01,6.019117671730201957e-01,2.282064385952969621e-01,7.578080548059301647e-01,8.800545577692957533e-01,6.565152026172444977e-01,9.573063831138215463e-01,9.101835741596231433e-01,5.125763467588820843e-01,9.992480833381052197e-01,6.128721681345142835e-01,6.365609121245514590e-01,7.057492714537472178e-01,5.860619718770445630e-01,7.368753530096129323e-01,1.315399279830567203e-01,4.703155211346054521e-01,7.846710389190267865e-01,9.339019887378239293e-01,3.805143087975801364e-01,5.815212422055067165e-01,5.136630202731715666e-01,4.141998928066810692e-01,9.040512357019540035e-01,7.101958337164231416e-01,6.477901373845937893e-01,5.613720533962018866e-01
7.984917453703402890e-01,5.299113074627505027e-01,8.408928544052404197e-01,6.330414056010682522e-01,6.753531192106537739e-01,0.000000000000000000e+00,5.268465831155070278e-01,9.998123353680614667e-01,7.464802833622049549e-01,5.057240167757979243e-01,9.114866552967776370e-01,2.094582850674216457e-01,7.256042404099426468e-01,8.115450106576269640e-01,9.879879926203271046e-01,6.784364719705163749e-01,8.059716421498658301e-01,9.206708234893502540e-01,3.739222156300340272e-01,6.066121975444731529e-01,7.689875886687227435e-01,7.616408300557537814e-01,8.211292484822551030e-01,2.796400897439235145e-01,3.839350115560996035e-01,9.426603528554705624e-01,7.143821656495895622e-01,9.671722730496515874e-01,6.068064915261387471e-01,3.580252206097880308e-01,1.442870551546624747e-01,6.268293069298493947e-01,4.372883860181364657e-01,9.538362293633331213e-01,7.389952495172088520e-01,5.935578072887930379e-01,2.967120822815794146e-01,8.683833313619501171e-01,4.442896967330877689e-01,9.672056049342411255e-01,9.402803831582345895e-01,9.614247912960549591e-01,9.089451314015468686e-01,6.621120687082550083e-01,9.178880869525085640e-01,7.759864504108802130e-01,9.149260195997402922e-01,6.218631102694626156e-01,9.801146135606587650e-01,9.058222319464609429e-01,8.985322452773433222e-01,9.119603209540885214e-01,7.642419987314992280e-01,8.691227504130101256e-01,6.464201747315385660e-01,6.548678199146374945e-01,6.494664820073723366e-01,5.249675217638016811e-01,6.905123158582707754e-01,7.370843242830842357e-01,6.783792378907682608e-01,6.748778845629384016e-01,8.741716373091383829e-01,6.613211901374620449e-01,9.261581073402249675e-01,4.791255028800522897e-01,6.733309285872831618e-01,9.918603107511054784e-01,5.699202343373739321e-01,7.105310239597683042e-01,6.171312523225350732e-01,2.498974274494374925e-01,-4.455622615971799316e-02,3.757390226719812404e-02,7.076353309051156559e-01,4.718446855370771464e-01,6.902689037161353625e-01,7.242019234773640068e-01,5.909917081350466450e-01,5.825947270026359259e-01,5.301543296580493170e-01,7.142139916582385117e-01,7.989624205057758166e-01,7.494380938704801043e-01,7.252890542243053407e-01
8.672406698533002833e-01,5.562202159642810617e-01,8.577216781230998510e-01,4.209301914158357083e-01,4.486777024329333119e-01,5.268465831155070278e-01,0.000000000000000000e+00,6.092466531353594172e-01,8.672161834297797967e-01,4.463408672648406794e-01,5.221388919535057127e-01,4.203326311476707766e-01,6.339339126738785524e-01,4.152719398278409968e-01,4.131370373053350198e-01,4.405747604360302216e-01,8.274888882760362829e-01,6.586928707302380781e-01,4.455353597134080190e-01,7.544993622383142640e-01,9.314749786085808614e-01,7.602659373938439602e-01,7.075659291788672922e-01,6.482569205928413458e-01,6.565039030333279513e-01,7.038156824368788644e-01,5.100167299854796443e-01,5.703483134926652376e-01,9.366337950821781444e-01,3.599359713775602820e-01,4.813788184526853198e-01,6.329848232930548324e-01,3.711548265958061754e-01,5.271897276034249735e-01,5.581020773435283466e-01,5.676546928842871598e-01,4.593685065012063085e-01,6.926943624575746528e-01,5.633228605832533153e-01,6.754522649275156443e-01,3.150414095340651754e-01,9.070904462474842500e-01,2.544832537356435109e-01,2.548563430891473969e-01,7.284296770749338901e-01,7.522577455036149052e-01,8.922033720650753841e-01,4.611225951734931883e-01,2.114803728306655084e-01,6.462475095498748656e-01,8.320009175578348959e-01,7.847802568710243731e-01,6.061878720211623106e-01,7.048855016161398312e-01,5.599093101847760767e-01,8.292401059596377078e-01,5.663379252476693493e-01,6.080156376150147590e-01,9.248027525914572777e-01,2.283933482778559010e-01,4.414007506534914360e-01,6.497489568840311702e-02,4.592708683449555074e-01,4.307590198916322888e-01,9.787048936471882676e-01,5.087756620980847799e-01,5.123364821137729175e-01,9.883803268122557384e-01,5.377449301128824910e-01,3.686890183207779947e-01,4.195079436355225178e-01,6.845300511388868747e-01,5.531606421959448516e-01,5.229683184914040162e-01,4.514248572289439876e-01,4.975957375994682352e-01,6.792111157065896521e-01,3.222066133073243632e-01,4.498210372099210042e-01,5.565071066317381909e-01,2.452100995508574993e-02,4.380885446814791195e-01,6.846171219250598572e-01,7.111349133813451573e-01,8.337584935060042834e-01
8.205083075278022386e-01,6.410886341522474829e-01,4.751794310962719758e-01,9.087728933908711948e-02,-1.552285071201564559e-01,9.998123353680614667e-01,6.092466531353594172e-01,0.000000000000000000e+00,8.484114558479449730e-01,6.711161614531768738e-01,3.266784936485584989e-01,8.838300165667056785e-02,9.844613743143447726e-01,8.049516112494511377e-01,6.922041752609173759e-01,4.349530309073947332e-01,6.183650348629552429e-01,6.422541397773415817e-01,2.380183754250406458e-01,6.964360488735008570e-01,9.769914133838152326e-01,5.340674199167575464e-01,5.222335517255770609e-01,7.244755694113936828e-01,4.652143045001136401e-01,8.675164037142891749e-01,7.372569848770658130e-01,8.067050179092796203e-01,4.894332150171320506e-01,3.750012134018730903e-01,2.980439109538621789e-01,6.507299160388815285e-01,4.305147132940708721e-01,6.968289989061764445e-01,4.819159141579018590e-01,5.742167513197443673e-01,2.648855021230237528e-01,7.166469934876658066e-01,7.906375187325132003e-01,8.753068289101463284e-01,5.494674944611463996e-01,9.078735930827592782e-01,7.777179607176121223e-01,6.646868860081559527e-01,6.258302746090435020e-01,4.191346918687929857e-01,6.121414012838455321e-01,4.280092287957549813e-01,2.153296495904314933e-01,9.964899054913933796e-01,7.975637025008485148e-01,4.177869320290393262e-01,3.894823268831649199e-01,6.149128050393655176e-01,8.414193232451834259e-01,8.357496816465582734e-01,6.348753727762056487e-01,4.905205709473934861e-01,7.330564556353749150e-01,7.874729590365546761e-01,5.096644803467725859e-01,8.889435691642121329e-01,7.760966128924637886e-01,3.794706648143377214e-01,7.876370906993335197e-01,6.372584229588900140e-01,4.817402222721520189e-01,9.202647347881962592e-01,7.839070428682731739e-01,5.052857491788577127e-01,4.334323816075215663e-01,8.661921979304849639e-01,5.898231693879000259e-01,6.935971071776509955e-01,7.784219307793415199e-01,5.481029620107051858e-01,6.331421167652749871e-01,7.618600331239449019e-01,2.769682021313809028e-01,3.337709199483700484e-01,6.985139920157447113e-01,2.437343374457406342e-01,6.340944164186816945e-01,1.947511220754229999e-01,4.583029703134139932e-01
8.127505737561461219e-01,7.681091175679484184e-01,9.643405017741957241e-01,9.903134014112933148e-01,7.459983342419053143e-01,7.464802833622049549e-01,8.672161834297797967e-01,8.484114558479449730e-01,0.000000000000000000e+00,4.414365777015780701e-01,1.978285367912623050e-01,9.915673558816604505e-01,8.090484916323233966e-01,5.465411822451096135e-01,4.079144859433079251e-01,9.461848444878706577e-01,6.608294199551130177e-01,7.570750035564881575e-01,1.639809169534495181e-01,6.899329269904557194e-01,7.713826630979455645e-01,7.404057856565076090e-01,6.510421840285076645e-01,6.787073561003938993e-01,4.469435843244501383e-01,4.115311031042285239e-01,1.220215519973931184e-01,5.333766083124211743e-01,1.564573129831837717e-01,4.596925941442844832e-01,4.617995274011527651e-01,6.678710296840185690e-01,3.584027822456670176e-01,4.700691006417762052e-01,9.376755812846692129e-01,4.110300499321214440e-01,2.548243119963724546e-01,8.456618847112576942e-01,6.600428224478960271e-01,9.811469934381950031e-01,7.661238622281352217e-01,2.995678478864776118e-01,6.182430932620588404e-01,7.327910387327994934e-01,8.913312603689286240e-01,9.368319388359105382e-01,9.369560382088770734e-01,7.521527914942489901e-02,4.882224393769358795e-01,8.788772814313676740e-01,6.141988076137447905e-01,7.241214816690060285e-01,4.160589940729107483e-01,6.508982140299485186e-01,7.800973845868067746e-01,6.234934309610569159e-01,7.951566086231751651e-01,6.349420266640262156e-01,9.688831419639407638e-01,5.697724310120191871e-02,7.125837179305556379e-01,6.596356573274878565e-01,9.076507880605519940e-01,9.333911029657488978e-01,7.081802763985781679e-01,7.366442016712027030e-01,8.580371291978681203e-01,7.027594654848305922e-01,3.475139884409881308e-01,6.578524846744809862e-01,5.920077267747276828e-01,8.843445371258544796e-01,2.325697529580998124e-01,9.673354997756402618e-01,2.782711830606883208e-01,7.269901717248292705e-01,8.214411995524248944e-01,7.361021522557063823e-02,2.008858243190533299e-01,2.099820522416490920e-01,4.935459868674194617e-01,7.949567754157063071e-01,7.307826072533236683e-01,7.234641507509007585e-01,6.721878800653579011e-01
4.975459662881702716e-01,5.448349563427034026e-01,5.904890867013696809e-01,9.421245851375433800e-01,9.391995976192502038e-01,5.057240167757979243e-01,4.463408672648406794e-01,6.711161614531768738e-01,4.414365777015780701e-01,0.000000000000000000e+00,7.613742767313848026e-01,7.921371221322084377e-01,9.592235989596465950e-01,5.619392643636230700e-01,7.723434023318112018e-01,6.775969680160578434e-01,3.687972569352966357e-01,4.519569325118004688e-01,7.387211104526355543e-01,9.099088534281677410e-01,8.746149842730429613e-01,7.842372072691805585e-01,5.359637687079874535e-01,9.027221392434064962e-01,8.696995360980567247e-01,7.530851544282195498e-01,7.425147975324123406e-01,8.176445434730900130e-01,5.705554827595855638e-01,5.315146863176787306e-01,6.996511597264107873e-01,7.021194367898213606e-01,6.744763379819019855e-01,8.653895273659045762e-01,4.911202208337071551e-01,3.348200599686673717e-01,3.541474732158987893e-01,4.178200553278975660e-01,4.255317123989493244e-01,4.868056378190662725e-01,3.594803106077166244e-01,6.454151436964827848e-01,6.623687655937988694e-01,6.416636604115013576e-01,8.847625883912783040e-01,7.328333913126184873e-01,7.615703880238068324e-01,6.365913809210561602e-01,6.230744014604594483e-01,7.546220265459716581e-01,7.352112455114105938e-01,9.098412959181255699e-01,7.617409320594968891e-01,2.842276476250805151e-01,9.279671901950798940e-01,2.206178615878723881e-01,7.483646505189924802e-01,7.666860270067230587e-01,4.204831192072978063e-01,5.927662060992040516e-01,5.494922386663260161e-01,2.200116698264739934e-01,4.792877242249975467e-01,9.484105118033367976e-01,8.285915177616131055e-01,4.523212332952858961e-01,9.472274264868202343e-01,9.643877315636334435e-01,5.459647533935617636e-01,8.544275583383800221e-01,6.519668458025159596e-01,7.995295048894780487e-01,7.251510964866175746e-01,3.716612989752280383e-01,4.790723533836795944e-01,6.937736153780157400e-01,9.408779144983389076e-01,5.130835577439656348e-01,3.519291207200229143e-01,2.491656976801163714e-01,2.913993393696656109e-01,2.530910506628942236e-01,7.746638889793522331e-01,3.575115816382309353e-01,8.471556813939417063e-01
6.432684101972699908e-01,8.721270003756871336e-01,8.411453676705789029e-01,8.665925736488762077e-01,6.365651216074089680e-01,9.114866552967776370e-01,5.221388919535057127e-01,3.266784936485584989e-01,1.978285367912623050e-01,7.613742767313848026e-01,0.000000000000000000e+00,9.663612225080072671e-01,9.671500626516407184e-01,9.361254124042085456e-01,4.475410746870326917e-01,3.967154275529956031e-01,4.521474820307316289e-01,1.679435592610199202e-01,8.977412222773573092e-01,6.901253658470533070e-01,8.603114408390071244e-01,4.184045641969628693e-01,7.009810363427402269e-01,9.815920641974854588e-01,6.520262898198141421e-01,6.466806495118279097e-01,4.539303865606266752e-01,9.974084285773697767e-01,2.843321219278241996e-01,1.319862434891532488e-01,7.179929905667340462e-01,7.719023307457608674e-01,4.109342747729902712e-01,6.904062504068049222e-01,2.115462593014341697e-01,9.003054478740309952e-01,2.992110941325974438e-01,7.865327608850882779e-01,8.302000627891717999e-01,6.911681030425116390e-01,-3.835616366820837619e-03,9.537978870404707488e-01,8.396215051593899359e-01,7.835883134664372029e-01,8.967785890232198298e-01,7.978253854214082397e-01,6.316332491551341910e-01,4.357428909555381980e-01,7.258780695324339449e-01,8.530476653084086980e-01,7.470560212500009234e-01,8.520227205172943297e-01,7.145829792267626157e-01,4.813388639792157697e-01,7.908967779577602553e-01,8.166197398755202785e-01,6.893316891906824395e-01,9.915153331295909478e-01,9.230144097200390085e-01,5.640508174282352627e-01,7.259338410322584423e-01,5.652226001415222578e-01,7.943956488192848164e-01,9.374399792557137623e-01,7.930711705022317481e-01,7.376497299157276366e-01,6.180233009249300746e-01,9.612069082711681700e-01,2.337613647038882803e-01,9.091625266188368970e-01,9.872740120338314718e-01,9.973668190226379071e-01,6.331692243972285306e-02,4.677559590275108814e-01,5.475029701645237612e-01,7.962178868822462618e-01,9.133766870264017346e-01,7.008934158485620181e-01,5.869242598775441522e-01,8.528941351300224349e-01,6.105320004083885088e-01,6.246022159269335461e-01,7.007492722153563225e-01,5.082668336457398794e-01,5.003987353818495354e-01
8.871583857725788835e-01,6.394247955134966244e-01,6.311304805382181859e-01,5.038342532783730565e-01,6.025813385196860938e-01,2.094582850674216457e-01,4.203326311476707766e-01,8.838300165667056785e-02,9.915673558816604505e-01,7.921371221322084377e-01,9.663612225080072671e-01,0.000000000000000000e+00,6.601906020300717381e-01,9.532303993118950158e-01,5.942551998620779763e-01,7.202325907884281342e-02,6.584332256096010472e-01,8.591525703762278310e-01,4.251204468323923624e-01,9.354415853700761563e-01,6.076010595415463067e-01,7.974892976484611040e-01,9.918083992918278469e-01,7.029988976741621820e-02,3.696472349505360300e-01,5.452644200907701411e-01,6.051264795578024103e-01,6.846380052930236548e-01,-1.803339055561332671e-01,5.511094271901834096e-01,6.573022284995952980e-01,2.409670933604197152e-01,8.959981601937516693e-01,7.711802179455278239e-01,5.178752360689262701e-01,5.219657687665035795e-01,-1.537717442234851073e-01,5.738215397521189143e-01,9.602227057035964686e-01,6.174242657264068512e-01,7.274298494037224616e-01,4.148156441199626343e-01,8.302805607642119723e-01,4.269425218776566888e-01,6.265004154671963699e-01,6.638848811771040914e-01,9.720590932641833826e-01,3.231936764329877976e-01,7.248557678833218443e-01,7.625910624257815629e-01,7.801409764338910202e-01,6.641024785856559642e-01,7.784065208965718075e-01,5.304581284990349532e-01,6.258702644282155836e-01,6.011935031893300696e-01,9.024235605114183656e-01,7.186078680053948897e-01,9.121766628347567352e-01,7.289287759744643713e-01,3.138395358639186616e-01,9.702094619956752597e-01,7.055021688961840010e-01,9.365447216619383619e-01,9.573723602973260860e-01,4.630026037680244899e-01,5.874768994315037185e-01,5.032061194131023374e-01,3.092606799665242323e-01,9.259760342429218527e-01,8.113922269829919598e-01,7.894724031432396316e-01,7.187015281698364566e-01,6.528218804735421710e-01,3.211107944988310092e-01,6.239775984488998839e-01,6.435379564263959962e-01,5.487541745388667680e-01,1.405322299939002484e-01,3.399354297614354259e-01,2.046549530179952725e-01,8.789204929764604657e-01,5.490041347918740433e-01,4.821621448878695704e-01,8.746476738237580761e-01
7.940063917721461584e-01,5.138217456931264415e-01,6.255422040187851307e-01,7.491769606411151639e-01,7.380076290308501541e-01,7.256042404099426468e-01,6.339339126738785524e-01,9.844613743143447726e-01,8.090484916323233966e-01,9.592235989596465950e-01,9.671500626516407184e-01,6.601906020300717381e-01,0.000000000000000000e+00,8.556995266871487704e-01,9.768279571831480768e-01,5.673128109532826757e-01,2.537833665504974356e-01,6.379580597764842320e-01,9.771660377820402532e-01,5.990643314806952668e-01,5.880999040321929217e-01,6.663133389572735155e-01,9.414785248157435671e-01,6.214843865624644081e-01,6.268162031868050876e-01,8.820719218516233084e-01,9.127554296961111202e-01,5.102842659875976850e-01,2.973949323842436376e-01,2.461106108806468962e-01,6.233760421905787386e-02,5.157721565739357139e-01,8.024161030711901565e-01,8.787144663621203611e-01,7.893325974318476934e-01,6.833131599116192278e-01,5.566830511121385605e-01,9.656628896247069216e-01,9.789384165413572703e-01,7.092715279431245357e-01,3.868122269070216612e-01,6.054764975072728372e-01,2.756362861626912020e-01,9.189008773640804373e-01,5.428101223240879847e-01,9.297252486558630347e-01,2.334585971297282458e-01,8.770022682537529368e-01,6.188792500186820478e-01,4.582395906055977686e-01,5.801368498858290312e-01,8.799615348196087039e-01,3.374531983312782923e-01,7.084731761618819901e-01,8.695538308760996093e-01,6.110224335745493285e-01,8.555837197447588860e-01,7.327469327059186188e-01,6.124013710599792715e-01,2.773840093096159864e-01,6.192590021892480090e-01,7.849238048821515212e-01,3.195756168408189768e-01,8.762036769390688651e-01,4.083916246365179026e-01,8.408513927465737225e-01,7.848520238924865389e-01,9.453893310928432880e-01,9.907302129850570349e-01,6.469236759598535613e-01,9.488641570844950079e-01,5.790959126714011473e-01,6.443463551903219066e-01,4.714232806442685275e-01,7.525538533431237465e-01,5.818277569380434500e-01,8.524832125593174714e-01,7.003237326628326542e-01,1.863030140830501669e-02,5.064237140700438289e-01,7.238310543626712557e-01,8.339872425787285826e-01,8.843550952687960764e-01,2.735595708276548077e-01,9.869450418245497847e-01
6.969168798799947329e-01,8.383806103272273269e-01,8.089062801118416246e-01,6.116121582713065497e-01,7.094134608318981572e-01,8.115450106576269640e-01,4.152719398278409968e-01,8.049516112494511377e-01,5.465411822451096135e-01,5.619392643636230700e-01,9.361254124042085456e-01,9.532303993118950158e-01,8.556995266871487704e-01,0.000000000000000000e+00,9.786171161103708327e-01,7.519823901204515382e-01,8.410474553391125152e-01,4.260605370665082048e-01,7.704531614965755004e-01,8.874158365934468051e-01,7.588692441304382141e-01,6.025477405734076530e-01,5.248530799819298709e-01,9.415450941050322875e-01,4.918238937787030585e-01,7.992600908078194566e-01,7.554425917184742767e-01,8.350417632267030932e-01,3.022095019094711565e-01,5.192045915034508852e-01,1.607293881262459589e-01,7.727912378125688653e-01,8.790471270895207079e-01,6.131515043480338933e-01,5.782155798828011450e-01,6.898065795291907776e-01,6.670541383829935445e-01,2.938360822537302575e-01,7.582207543640120395e-01,4.761936343182046616e-01,4.214010748368268722e-02,6.811614514328023784e-01,7.686512336075533858e-01,6.704171728606727054e-01,7.265134886565649541e-01,8.441137695336944358e-01,6.257594175125729130e-01,8.093151310904119766e-01,8.136783047653511902e-01,6.419195493123575069e-01,6.018919108211607805e-01,6.153130945809537344e-01,8.433592922000548997e-01,4.630378693368712995e-01,8.720535098559067944e-01,6.495184558291289267e-01,6.221654571579328108e-01,8.620548948539480394e-01,6.269936819744144074e-01,3.582429474532721203e-01,6.965198622669172002e-01,6.781085412338236917e-01,7.416691089911517931e-01,9.013502350021136422e-01,8.687609004882890229e-01,5.526949865618978608e-01,8.775364539847487766e-01,8.530482968486190476e-01,6.621905213314447369e-01,5.612255589863766048e-01,9.462799867603994830e-01,7.224277333416813107e-01,7.932620462080195445e-01,5.745230078266451157e-01,7.888426413197762166e-01,6.431354593629681204e-01,4.251905904001881398e-01,9.823597461146813536e-01,3.959268388708505060e-01,7.417703349983519878e-01,3.109526616578068281e-01,6.668909888109961770e-01,8.301752808896034619e-01,4.681312775975599028e-01,9.130025982599108136e-01
8.540914944867430414e-01,6.915087607250972601e-01,5.363039931896401713e-01,6.831983377246581002e-01,8.600454551442933138e-01,9.879879926203271046e-01,4.131370373053350198e-01,6.922041752609173759e-01,4.079144859433079251e-01,7.723434023318112018e-01,4.475410746870326917e-01,5.942551998620779763e-01,9.768279571831480768e-01,9.786171161103708327e-01,0.000000000000000000e+00,7.672913065346786965e-01,8.399239798446391791e-01,7.547074775073836506e-01,6.538352679500707421e-01,8.809652504591314326e-01,6.940091774437828764e-01,7.731606054626126712e-01,2.693228920814214611e-01,3.093005124132782169e-01,4.394685531521673738e-01,6.895790624057887008e-01,6.686851075773292408e-01,9.022290302309269316e-01,3.140216721343034451e-02,5.602259535644331656e-01,4.313164301174856052e-01,4.242902277507664688e-01,4.210464554023896078e-01,2.536817516237626080e-01,5.614739022705397264e-01,8.902219013655098268e-01,1.729783285380153968e-01,4.459306631764073381e-01,8.056214985077552182e-01,7.334138436301532726e-01,5.467498165362395524e-01,6.895966394400122601e-01,7.077232169581180177e-01,6.388630267925361483e-01,4.739412254774147404e-01,6.511812884701091431e-01,5.947146997488478304e-01,7.812465281650307070e-01,7.107696222158319532e-01,7.718730062885266197e-01,3.483323630765355894e-01,5.262402326820246889e-01,7.449059008796109493e-01,9.561275856556716857e-01,6.234386927131487788e-01,8.843507930433446296e-01,7.122085924672745261e-01,5.212506177253214412e-01,8.144673656333724088e-01,7.015077072308180117e-01,5.075303927617753619e-01,9.831091914351774985e-01,7.236900429704270499e-01,7.894315225844545925e-01,7.343741544564215129e-01,6.798032439921246617e-01,6.945197631902579882e-01,9.805132987806393086e-01,5.380558331805416206e-01,6.315179080081296803e-01,9.959605137986136114e-01,6.218132595681957753e-01,7.683803164370879291e-01,5.240545902044336790e-01,6.705642948510337487e-01,3.845049347300130704e-01,8.575411539423510865e-01,6.851401236245521220e-01,4.892961174120765699e-01,4.758188739156895553e-01,5.367535945661056074e-01,9.185127726052173536e-01,7.181532804623506072e-01,3.364277572857847787e-01,3.630398081433522384e-01
6.065631670636810746e-01,7.632519391037758671e-01,6.281864582122427265e-01,9.149157837856762843e-01,2.383462230797430415e-01,6.784364719705163749e-01,4.405747604360302216e-01,4.349530309073947332e-01,9.461848444878706577e-01,6.775969680160578434e-01,3.967154275529956031e-01,7.202325907884281342e-02,5.673128109532826757e-01,7.519823901204515382e-01,7.672913065346786965e-01,0.000000000000000000e+00,7.411468121172128942e-01,2.031438938249839066e-01,9.861098509818216895e-01,8.100533019824586178e-01,9.823358190566553461e-01,2.666355987136610484e-01,3.796769270382949202e-01,3.746938166757772803e-01,7.208617239785246600e-01,7.901622625358823981e-01,8.006467459713643153e-01,3.956771918182877545e-01,-1.903913226209143772e-01,4.948935977035300859e-01,4.400951792061443268e-01,1.878643122328419734e-01,6.164427774200922361e-01,7.804016180305554107e-01,8.913958099242264010e-01,9.884673615463408503e-01,2.669780566952454914e-01,9.422306518792998853e-01,8.702869281260945389e-01,4.685695955892543729e-01,3.420835413282948267e-01,9.947547191674390721e-01,8.190928267306831767e-01,6.478176529435417663e-01,9.904544416894836001e-01,4.344456063455381933e-01,8.020280799064515298e-01,6.596735523730848927e-01,6.772496467742170623e-01,7.525340205972574914e-01,3.841901358859329818e-01,-1.477296454845604678e-01,5.275602751819211678e-01,8.239136324741481721e-01,9.759202074848996045e-01,7.970062491663008064e-01,7.412014388674367238e-01,7.544355396296970051e-01,7.123736083794079965e-01,6.470651203996062861e-01,3.380709725994075487e-01,6.465834675840899104e-01,3.783628311739198891e-01,8.282765222373348335e-01,6.749190679300163254e-01,6.373459970041311928e-01,6.067689359334974553e-01,5.957980178306638841e-01,6.475325259614401752e-01,7.530074480826606242e-01,8.093179294345640429e-01,8.190207065037462542e-01,6.313282469631888993e-01,-1.445319271861069121e-01,5.878347825863938780e-01,7.153300944730838218e-01,-3.966078988495003732e-01,7.942799146119852161e-01,7.971950564893220958e-01,2.720826601580004361e-02,9.095280977995474636e-01,3.000587788955338953e-01,6.269996406087070540e-01,5.934666549827938287e-01,6.903046020597386478e-01
6.590555788281853289e-01,6.440790174064620066e-01,9.937865713286615499e-01,8.775653840922956750e-01,6.319819299441568061e-01,8.059716421498658301e-01,8.274888882760362829e-01,6.183650348629552429e-01,6.608294199551130177e-01,3.687972569352966357e-01,4.521474820307316289e-01,6.584332256096010472e-01,2.537833665504974356e-01,8.410474553391125152e-01,8.399239798446391791e-01,7.411468121172128942e-01,0.000000000000000000e+00,5.161494323029780507e-01,5.457461949635086240e-01,7.545027453678978535e-01,9.746528670479027712e-01,9.035100030346858713e-01,5.685090700063192282e-01,8.547677701488828328e-01,8.954662795973322709e-01,7.137463738504856714e-01,8.500798536543592299e-01,8.451216600587184713e-01,7.657263980545383486e-01,5.087785649982425884e-01,3.272304055181612381e-01,7.085545368194273719e-01,2.715757581374267926e-01,9.798362815951843219e-01,9.059952712833976296e-01,2.926130707298439937e-01,1.024242502298069735e-01,8.591256482528825122e-01,7.464026083697576919e-01,7.592395008292638359e-01,4.487988072268113138e-01,8.005115904569876095e-01,9.173512948383859555e-01,8.990852617070587138e-01,7.482341374809143852e-01,5.374470445121445339e-01,-5.528815429879110899e-02,8.086061925072675072e-01,7.452378528873653263e-01,8.296676909995058802e-01,9.327836311412101011e-01,9.405486977202480725e-01,5.814740265688811416e-01,7.473503821766289690e-01,2.076776346747291335e-01,5.223436811531972923e-01,9.745030414296986798e-01,6.533135148494975120e-01,7.347040814323810842e-01,6.554872883110318682e-01,5.263259115979239677e-01,9.286561242627495716e-01,8.363512322190728154e-01,6.674597108522846156e-01,8.411502640774286554e-01,3.452334791990081531e-01,1.328168468208238417e-01,6.370022031948350261e-01,2.581078082946489660e-01,7.516696845202769373e-01,9.796231858226730482e-01,7.090055988022618827e-01,4.682304024453686209e-01,2.674109189962467492e-01,9.693948703243300269e-01,6.373342413486824398e-01,7.986464787191189796e-01,6.528247590440970916e-01,6.815203814452267528e-01,2.842234934356275833e-01,9.057379875333627650e-01,9.599558223704847126e-01,7.179817976231911425e-01,3.632676299407247567e-01,8.806658745924773601e-01
3.930426388930402526e-01,8.942874339675800366e-01,9.014465185825114579e-01,9.471391570904155177e-01,8.580298676566885385e-01,9.206708234893502540e-01,6.586928707302380781e-01,6.422541397773415817e-01,7.570750035564881575e-01,4.519569325118004688e-01,1.679435592610199202e-01,8.591525703762278310e-01,6.379580597764842320e-01,4.260605370665082048e-01,7.547074775073836506e-01,2.031438938249839066e-01,5.161494323029780507e-01,0.000000000000000000e+00,6.189051138887100567e-01,4.966260780759602644e-01,8.616628937243975273e-01,8.123779081017368231e-01,1.425437327106751119e-02,4.206427716309533160e-01,6.883804756831048977e-01,6.131019692633792317e-01,6.640365688410129197e-01,2.272323817364402532e-01,7.867027132706005954e-01,2.127683153057522980e-01,1.675456723360413402e-01,4.101411357239559963e-01,8.987516521900580369e-01,7.045350661924958402e-01,7.396533192586196570e-01,7.183839842342005788e-01,2.160376767042782586e-01,8.757403787640151149e-01,9.433145545372566554e-01,6.717748966846699421e-01,4.581706488857580084e-02,5.474434119023419143e-01,6.675598305456265091e-01,4.425890500155815199e-01,5.635618448236984213e-01,6.380080206633553797e-01,6.226500150363396546e-01,1.550266945338400204e-01,7.311912492609889958e-01,5.732340311871757521e-01,6.628425183565479495e-01,6.237203044925696549e-01,8.622471292273776733e-01,5.002344567493095528e-01,8.248011245371739131e-01,9.249986660893437795e-01,5.501030837208793489e-01,1.343009062715577184e-01,9.371303579969352260e-01,4.965950172834676657e-01,3.621542773776983415e-01,5.976602536148246658e-01,7.361280808254424546e-01,8.333421702046391877e-01,8.542448867220482356e-01,9.586270657803553918e-01,6.305063029290030041e-01,7.979382253706708283e-01,1.929309972647756666e-01,6.872441883487114822e-01,9.603034635008286246e-01,2.026881439954646147e-01,2.374594845983956370e-01,7.822795531659172408e-01,4.520173625039162202e-01,7.512374782189414901e-01,8.102759919609220374e-01,4.012426618102228337e-01,2.445305140159008961e-01,3.735381065405928291e-01,7.811099801087837413e-01,9.472206642286001843e-01,9.339329489841837750e-01,7.844056395723112418e-01,7.627064064006050526e-01
