0.000000000000000000e+00,8.124576582971483329e-01,5.738874636220978598e-01,7.599462456195176241e-01,8.854892959597062685e-01,9.280010228265946903e-01,8.028490978441429338e-01,9.275768445490523151e-01,6.485857115309787702e-01,8.625076401758100531e-01,9.274145123028689763e-01,8.539560181347969348e-01,8.946939419353497902e-01,8.294712837098030533e-01,6.937784930670733985e-01,8.799791702367146806e-01,5.115732531464546318e-01,9.444047609649958153e-01,7.395896693608461359e-01,7.712240661482396842e-01,6.449019159257940448e-01,8.304131506871993418e-01,7.542811060183337579e-01,8.206969894981568370e-01,6.921039579983258028e-01,8.382486558189470305e-01,8.331309954952068608e-01,4.164733360380950544e-01,4.422537973737124539e-01,7.346025910493466649e-01,5.029724517185893973e-01,9.656030031174498429e-01,8.177306656053803247e-01,8.396715479519580860e-01,8.653050779370046186e-01,4.760923028216349495e-01,-4.179521398356211837e-02,9.947116537434262939e-01,9.246760341978031983e-01,4.108889583618778873e-01,4.756402138708482052e-01,9.437658151544965346e-01,7.270086367075375700e-01,8.014716106467497658e-01,8.911398483511805413e-01,4.828951384755991727e-01,3.418822377521092415e-01,9.367577335828491947e-01,8.125490662111312101e-01,5.596264752666805231e-01,9.094055428858142109e-01,9.994678669801670967e-01,8.846627276386556105e-01,7.322637027694977041e-01,6.477037291912357553e-01,9.898082821212972338e-01,7.956709840861633243e-01,8.321916494502037409e-01,6.724699632131373450e-01,4.245534255954784841e-01,6.082201760823181536e-01,8.910499140026560960e-01,8.998007322658815310e-01,5.594054206320874245e-01,4.085203191175533766e-01,7.997073754168302351e-01,9.507880085811271087e-01,2.676728152420266849e-01,6.098456023919990310e-01,4.300557739082634945e-01,5.357911339581443722e-01,9.161631274686765636e-01,3.250383952060871828e-01,9.506267709918011510e-01,7.891683889143128461e-01,9.423202465943687489e-01,3.217452179487780284e-01,6.599557928641178739e-01,1.031187276606142372e-01,5.379354340991064909e-01,9.514106578186458663e-01,8.027610019728494972e-01,8.998589560083162242e-01,7.588554366540680718e-01,4.024354182717838624e-01
8.124576582971483329e-01,0.000000000000000000e+00,7.985933517516405900e-01,7.917817965496247723e-01,6.611375398773190470e-01,5.628624623296044627e-01,7.312782913513992122e-01,5.135556820209963638e-03,1.361321419690003087e-01,7.065584042229362538e-01,3.846368346134205751e-01,5.712105395820816778e-01,8.158485287754949633e-01,4.606209248326379457e-01,7.916115206119369585e-01,6.301830857317443080e-01,7.829085568185197852e-01,8.170826472498052828e-01,6.845128996624910700e-01,7.747973642939938177e-01,8.571960463955426990e-01,8.417000437016769476e-01,5.064755670165276280e-01,8.649179746000734692e-01,5.646482780042868521e-01,9.244028899978498082e-01,9.045008253698050282e-01,9.694439755009556237e-01,4.770508563111247047e-01,2.422308964743017379e-01,1.097086763300403334e-01,7.983855349835456972e-01,4.784823947302676572e-01,7.014385482978944264e-01,7.460383628875246753e-01,3.046805249122076509e-01,5.947871329789857775e-01,5.565437233550671881e-01,9.068224778361896332e-01,8.785484569913621922e-01,4.228201303848267978e-01,7.674697775654537590e-01,9.166550875551171540e-01,6.109227773549624763e-01,9.334480689015487442e-01,3.026919033468510323e-01,4.015334585733597028e-01,7.823310110162459141e-01,4.141888184826805208e-01,5.305007883304130312e-01,7.419096603585084715e-01,9.007239744562671735e-01,9.664045234542388840e-01,6.153991772550960748e-01,6.703176133615438292e-01,8.527414809268104579e-01,9.468502361720430027e-01,8.974429638591435721e-01,7.957081941908417111e-01,7.778074128409713239e-01,1.509629317969736761e-01,5.216419505899749787e-01,9.668955369854483894e-01,9.323482725180938235e-01,6.400937343951094149e-01,2.558731181256813647e-01,7.369437319319888102e-01,8.163577871461095148e-01,3.817670209686576110e-01,9.500615123214072311e-01,2.468571277588850477e-01,9.449406381503246966e-01,2.363093725036001791e-01,5.058281513266965623e-01,7.345069051019413875e-01,7.712754849249997546e-01,5.977374979518339515e-01,4.675924043829333132e-01,7.161540941609917388e-01,3.644906397798138853e-01,9.729745088084600368e-01,6.566011708949311965e-01,8.331358883489430323e-01,5.937961914861629165e-01,8.487150263843198372e-01
5.738874636220978598e-01,7.985933517516405900e-01,0.000000000000000000e+00,4.636518755284857463e-01,7.700945784468524735e-01,9.347333411984903861e-01,8.811527128394238684e-01,8.026938090827403505e-01,9.216925202204857559e-01,9.082700833016815745e-01,9.195427942287180967e-01,7.680058231271699176e-01,9.760311142724958922e-01,6.050871171058692655e-01,8.590618410453733089e-01,6.380177794342557496e-01,7.250657859559606067e-01,8.722343316416542036e-01,8.772152245961084560e-01,8.265988045378095395e-01,6.299304976302952941e-01,5.058500353166411889e-01,6.343125331432799552e-01,9.446008657050765089e-01,9.916693087548893448e-01,5.832762053579880757e-01,7.192969636005824841e-01,7.462065056775224470e-01,3.949019663675455011e-02,4.180136902372805774e-01,7.071778141305672394e-01,8.681144373833786787e-01,7.605305463745558603e-01,8.443096237213665312e-01,6.282761687292904851e-01,3.143705988675999374e-01,7.502123121238856163e-01,7.002047924253900213e-01,8.765661509990327893e-01,4.655898693136234501e-01,2.121641266937284998e-01,5.697268243141158095e-01,7.064685145791702592e-01,9.889914284871466066e-01,4.151670424826556793e-01,5.484004397750988913e-01,9.595943071572741179e-01,7.920690728046471119e-01,2.954607992189969834e-01,3.617193223760593601e-01,9.779994447879964969e-01,9.742725431333063568e-01,5.598544973661451207e-01,7.531367659648883217e-01,8.229730556829450983e-01,9.630083867146430610e-01,7.322032455091423975e-01,6.428367429228285523e-01,9.509474499373020695e-01,6.813442894365795421e-01,2.296986813839148045e-01,-5.421918397330838246e-02,8.621782460040362528e-01,9.354077946562837642e-01,9.272695051001783595e-01,8.301688323921329049e-01,7.511413797650243751e-01,8.721958158139233586e-01,7.519698875539193583e-01,8.701220425613536147e-01,8.409484473883027666e-01,4.845545851828520489e-01,7.239187413231709112e-01,6.190605609837912526e-01,9.025750355225243826e-01,8.637267510807415949e-01,6.914168237321732802e-01,7.688689457131442362e-01,1.754696538687192803e-02,5.185873163881503656e-01,7.784175210890681429e-01,9.093337124075276945e-01,5.493147474416815168e-01,6.356145096412526563e-01,6.220939596286988449e-01
7.599462456195176241e-01,7.917817965496247723e-01,4.636518755284857463e-01,0.000000000000000000e+00,4.069842351346784626e-01,6.595081092430170600e-01,7.448627737052156972e-01,8.612489748832816705e-01,2.413886535805176425e-01,9.924000519423690214e-01,5.366873859891927445e-01,9.571944743820473001e-01,9.795571858306413304e-01,9.357824555790692500e-01,9.054043019783865054e-01,4.409437875494851000e-01,9.527796980073033328e-01,5.509411351627554465e-01,5.354858326886420272e-01,6.948981473297106692e-01,5.652002136794040954e-01,4.805540476963064966e-01,9.380229880713829571e-01,5.779198403140352047e-01,4.691128573322884132e-01,6.697312214705002376e-01,9.303512782628512445e-01,9.965160835727449040e-01,2.824852260149841587e-01,3.264050588295595023e-01,2.654774230607369612e-01,7.249278965811918329e-01,9.210896836762059170e-01,6.470145983577269000e-01,6.983748264368744296e-01,4.175142917596706416e-01,5.214000035809603084e-02,7.560839187658906502e-01,6.260215261689977551e-01,7.918602109988428506e-01,5.068214374567197034e-01,2.570084890385963550e-01,5.741234852877235006e-01,6.778812908894873424e-01,7.322859604984771620e-01,4.085770071306057405e-01,5.007578452479206632e-01,9.825618377032094841e-01,7.995101718506210098e-01,4.496908384835477390e-01,8.644954132777253886e-01,6.152136143754407538e-01,8.979599556004640437e-01,5.722967429953845775e-01,8.881689597786973644e-01,9.914985344409589230e-01,6.536784457026959538e-01,9.243320821496310291e-01,3.850955140092400253e-01,4.907613776996767596e-01,2.851339192689348878e-01,4.282466474728852668e-01,4.908452533600684009e-01,8.372442646316425874e-01,9.823833433742610310e-01,7.916806596207287550e-01,6.360795250016380020e-01,7.337235793513575688e-01,8.599420305431734191e-01,9.113275327560929062e-01,6.556870368014874328e-01,9.215508853332803341e-01,2.138478717457327205e-01,2.833875378662005229e-01,6.843664613741549108e-01,5.726974575089037733e-01,6.966023406441299581e-01,6.467077626933744883e-01,5.546048450650497008e-01,3.749670380150542659e-01,4.113285106009270664e-01,8.708227802140870999e-01,8.111478063123948035e-01,5.071917857465819690e-01,9.449832045488111287e-01
8.854892959597062685e-01,6.611375398773190470e-01,7.700945784468524735e-01,4.069842351346784626e-01,0.000000000000000000e+00,6.301060388511331434e-01,6.587142550157405463e-01,6.768360414946356096e-01,4.505922061610593832e-01,8.850941761291721832e-01,6.561977056821767240e-01,7.088802624293270016e-01,9.638337548044995096e-01,8.399760452125984989e-01,7.287745230581310629e-01,7.831996635860875022e-01,9.802099052424221304e-01,8.400426167478927120e-01,7.617969629352624450e-01,9.482402487305359173e-01,1.420170762016935428e-01,7.885596626115622954e-01,8.942654546326322951e-01,6.716068571307569623e-01,2.990974400047863302e-01,9.837097249208784921e-01,8.103821897433609589e-01,8.458221493339952435e-01,7.935482191334821689e-01,5.256566527713186776e-01,4.604133454927294422e-01,6.214138259266405173e-01,5.033460031669535484e-01,5.252113417610118073e-01,4.875523732302353697e-01,7.955059789392915359e-01,5.831945932766942065e-01,5.439610573553831374e-01,4.800331478546221442e-01,8.979950493550329371e-01,8.848480152411244415e-01,8.506062597547303650e-01,6.323010355239330194e-01,6.202774569807699701e-01,6.220264490679987546e-01,3.272002438048535744e-01,9.656791222778615680e-01,8.131014029998483439e-01,2.167387340580957944e-01,9.452602702302187465e-01,4.346767962505668770e-01,7.159313215508713579e-01,7.569491216776672582e-01,9.176198311575878286e-01,6.047127662501535772e-01,5.641120320330603732e-01,8.463846879593203143e-01,6.024799243307502605e-01,8.134362383396191998e-01,7.504170764784963144e-01,6.636751816592549869e-01,7.536478509564987771e-01,5.453750728889593669e-01,9.641700177826140195e-01,7.690398400175503246e-01,9.226974078141229052e-01,5.535076862996843872e-01,2.180876804543365743e-01,4.500656046991004522e-01,6.918541626983268911e-01,7.373961334901683040e-01,9.228819073928765659e-01,4.304416522147233581e-01,4.655524987231516310e-01,6.986848056029417720e-01,9.852781175574927275e-01,9.554069132702059930e-01,6.179318865438329089e-01,3.317972619117123267e-01,2.398086616020450312e-01,7.443476303780662828e-01,9.602888555818461791e-01,9.684600450262006444e-01,3.005113446457238213e-01,9.847469493860225853e-01
9.280010228265946903e-01,5.628624623296044627e-01,9.347333411984903861e-01,6.595081092430170600e-01,6.301060388511331434e-01,0.000000000000000000e+00,7.498598342829239094e-01,2.466040208604530215e-01,4.717099023594616414e-01,7.281364113493975498e-01,5.593866324022095382e-01,5.676893905695811204e-01,6.041682959407682629e-01,6.410280420619225428e-01,6.001450903986730312e-01,7.649496244635978215e-01,2.668634392559761093e-01,9.049219593802846351e-01,6.334360516007260244e-01,8.180232610170193874e-01,6.390455579015432708e-01,6.424587098967740051e-01,9.454076476383397321e-01,9.732610857373436009e-01,7.342611815648453222e-01,3.987448020563651996e-01,7.746110171985320925e-01,6.867884596021669452e-01,-1.442782809827295454e-01,6.604901056631677925e-01,6.689078960733800816e-01,-1.711685163917916475e-01,7.153280523050810080e-01,4.623444776061247374e-01,5.603510201805507185e-01,4.791675494542054214e-01,2.157732649396532920e-01,6.231179843525154194e-01,8.399642245910203808e-01,6.263080987334495031e-01,7.409969488866067211e-01,7.264654086399282562e-01,7.828866484597499786e-01,9.263753750585851376e-01,7.304212915864208844e-01,7.902340996867555090e-01,8.945178508899245262e-01,8.125296182276591228e-01,9.297159850487819455e-01,6.593215169389381458e-01,7.221512563302519006e-01,6.265187075400782124e-01,4.537415034001056058e-01,4.642981182407303620e-01,7.785266901020215791e-01,6.675480146551581173e-01,5.582651484560988697e-01,6.500902812157484112e-01,8.782948013753106853e-01,4.055657920755924017e-01,4.297520208936314590e-01,7.302874695832535235e-01,6.904079279519371726e-01,8.839759778202761487e-01,7.188919739807164699e-01,7.961263144761938637e-01,9.599480222966008114e-01,5.937084784781783142e-01,6.986278320370583605e-01,3.309131337748169033e-01,6.188301404002555239e-01,5.509246457033929456e-01,4.711590609044217226e-01,6.022870839301230905e-01,7.971462779602471738e-01,7.220573966390055887e-01,5.495208919703501449e-01,7.308986335374469956e-01,3.717386073765124865e-01,2.281028524649222899e-01,3.715322111019138118e-01,9.167016923088885383e-01,4.258059261658230787e-01,3.521835584130857955e-01,6.746818944583063971e-01
8.028490978441429338e-01,7.312782913513992122e-01,8.811527128394238684e-01,7.448627737052156972e-01,6.587142550157405463e-01,7.498598342829239094e-01,0.000000000000000000e+00,4.574023706844782544e-01,6.260087163190711790e-01,5.943716911517263890e-01,7.499528993842189406e-01,4.537869677685846814e-01,7.270334773694601127e-01,7.552344085716768962e-01,4.298831438558252671e-01,9.920563026052984235e-01,3.215549131932546878e-01,5.036494778456027666e-01,7.865308438396123591e-01,6.370891518952352950e-01,9.266154006152725886e-01,7.040918630442823956e-01,6.200213648412364886e-01,8.133525086126073278e-01,7.331359239088724999e-01,7.740981906756392306e-01,3.296766192018690256e-01,1.050254972200860559e-01,6.498640772297425983e-01,7.965281945876130365e-01,5.202615769882852348e-01,9.115574098829016814e-01,4.846194222761607273e-01,3.303869033253952203e-01,5.120405246236272578e-01,5.532819368355981204e-01,-1.755604919011680143e-02,4.807521829628602639e-01,9.433472565305321966e-01,3.420294233993311783e-01,6.052182248501462025e-01,3.589695757518305275e-01,3.836411911676114173e-01,5.129570686063023022e-01,9.836113261602486002e-01,7.437808204743745488e-01,3.071236865555759810e-01,6.604130765348612542e-01,4.936297972576738635e-01,9.816215719856574706e-01,5.167655666593377051e-01,6.439500103113839913e-01,8.735089475565875894e-01,5.850823981113068006e-01,8.000674264204112873e-01,5.496957820771223302e-01,4.551819169645238694e-01,6.367780227609004529e-01,5.985276486174874178e-01,6.985961435883772941e-01,4.775386543223056890e-01,9.082150108702612412e-01,6.127069903074420232e-01,5.055029207573884520e-01,9.528384869789412459e-01,3.025371672502839004e-01,3.271824238673447516e-01,9.277978185600238570e-01,2.546026869067092302e-01,2.562123928565714359e-01,5.399754279873041352e-01,6.934510491988771230e-01,3.052540364177162013e-01,5.360908150960763674e-01,2.679515034709065852e-02,6.593585685244637284e-01,5.710875816981346720e-01,3.446606882899734270e-01,3.746901390400363824e-02,2.725688666885262568e-01,7.674681647556133024e-01,7.388306360484803159e-01,7.359453227039003398e-01,4.091153770934017331e-01,4.315386447366086897e-01
9.275768445490523151e-01,5.135556820209963638e-03,8.026938090827403505e-01,8.612489748832816705e-01,6.768360414946356096e-01,2.466040208604530215e-01,4.574023706844782544e-01,0.000000000000000000e+00,7.912771523465647050e-01,8.929590159118593329e-01,6.490667585297130726e-01,7.467015015385750631e-01,8.965365729529490846e-01,9.424347995427276858e-01,5.112936208595875165e-01,4.762453882997698673e-01,5.409734452736961741e-01,6.814850829980966251e-01,1.215543715244266076e-01,3.583832400672527507e-01,6.403063806733785279e-01,4.315642521408349364e-01,4.512833385874035486e-01,2.713960955644386663e-01,5.971041617052209594e-01,7.883996928084555655e-01,7.288153518696737221e-01,8.636419756328087560e-01,2.812218277104019948e-01,5.208901171206814507e-01,2.731464865150681209e-01,7.029661896318956105e-01,3.190574468850741474e-01,8.990258228488225978e-01,5.883804693984426848e-01,3.654184466111486951e-01,2.435533576587839699e-01,7.491045424649744877e-01,8.754017053811653515e-01,6.210984156379966148e-01,6.493552620239535500e-01,3.110088096319412188e-01,9.947841604296252527e-01,7.756667899539966271e-01,9.569688086353200784e-01,4.765641764325886376e-01,4.713179712055440840e-01,6.710190750663893589e-01,7.799570154027442026e-01,3.925404457834772987e-01,6.676642035696115363e-01,5.373660940767468475e-01,9.918022807246715811e-01,6.873737244706988880e-01,7.354583946822536022e-01,7.492762085119530902e-01,5.710929078812195803e-01,4.928110208701241834e-01,9.654809264516810430e-01,5.628881749152653269e-01,4.307136476647652756e-01,7.092711323360249009e-01,4.027521345549747722e-01,9.994637297720465607e-01,9.267526062831906719e-01,1.037264653355546573e-01,4.803997736375957839e-01,9.289620961006407329e-01,4.215289198644794344e-01,5.043729931328545524e-01,9.259766639533559829e-01,9.932916493507712996e-01,4.093935812577506050e-01,7.936650478882556481e-01,5.752725334629712473e-01,5.104135957433010296e-01,9.299358402291475478e-01,4.248464903119478220e-01,4.023413273706359372e-01,6.549437727341621551e-01,4.653820037549823430e-01,8.406907209862084507e-01,9.105012359829034452e-01,1.470398613247201058e-01,1.192071464255484159e-03
6.485857115309787702e-01,1.361321419690003087e-01,9.216925202204857559e-01,2.413886535805176425e-01,4.505922061610593832e-01,4.717099023594616414e-01,6.260087163190711790e-01,7.912771523465647050e-01,0.000000000000000000e+00,6.622042128771922220e-01,5.625716913754923859e-02,7.081083106100745095e-01,6.202926791930583050e-01,9.328036880057510860e-01,3.596530301663740659e-01,4.322788385286323587e-01,7.956220944616425594e-01,4.964290289788756971e-01,4.908309078087886301e-01,6.592305214094159593e-01,8.162827618426771181e-01,6.012163744562117884e-01,9.770288758506441296e-01,9.604941013360730473e-01,5.034681491634700884e-02,6.929949636367790378e-01,7.416602289369068624e-01,4.065092576663017487e-01,-1.660125335137895008e-01,8.336296646558324364e-01,7.692840373666783860e-01,7.814926131897228512e-01,6.993168797070137277e-01,9.647674534629558929e-01,8.948135102339934699e-01,6.225797671123531885e-01,6.532606222555844555e-01,6.426891104492149509e-01,8.019489083259709883e-01,8.589697684071065931e-01,4.814194369759616232e-01,3.246698521927828679e-02,7.851354661283596048e-01,3.917170800218003901e-01,8.738979448937261862e-01,7.586556479178910850e-01,5.332591584752746083e-01,7.465544088550972734e-01,4.308655126497994980e-01,6.894649854365718644e-01,4.971885490610075675e-01,4.648289561822516736e-01,5.523087267447743809e-01,7.022359737805821123e-01,9.622551488818549270e-01,9.419573907596914264e-01,4.595936619178949134e-01,5.525221234247650326e-01,8.361783470688385345e-01,4.446909891584513996e-01,3.139419407285546360e-01,4.604511668072562292e-01,9.722068016573308658e-01,7.172448891814077188e-01,5.208384019863976366e-01,6.007752823838959921e-01,4.643811414956987571e-01,8.449945931441954494e-01,6.509829600061990407e-01,4.395617241159141542e-01,4.001002457100646947e-01,3.602811384373649783e-01,6.352020835621808859e-01,4.643291218830240541e-01,7.032459500070550318e-01,6.091535054002484850e-01,8.811378084392154086e-01,7.223235701573691436e-01,9.899054948935301912e-01,1.039125306120036729e-02,6.157274523406752742e-01,5.504935635690763052e-01,8.470585689089316084e-01,7.755507942444332947e-01,6.388348230611531342e-01
8.625076401758100531e-01,7.065584042229362538e-01,9.082700833016815745e-01,9.924000519423690214e-01,8.850941761291721832e-01,7.281364113493975498e-01,5.943716911517263890e-01,8.929590159118593329e-01,6.622042128771922220e-01,0.000000000000000000e+00,6.980097695926830159e-01,7.439608986626432552e-01,5.190073518958744636e-02,7.787243944752921809e-01,4.154136430954400439e-01,-8.409599279996975152e-02,7.985492567954861620e-01,1.636586191726416006e-01,5.452027810452081402e-01,7.471526468652518460e-01,9.107285857321878453e-01,7.989147704895440683e-01,8.560643047400430250e-01,8.954963475131001438e-01,5.819135747703715333e-01,6.742271440273476246e-01,5.781387494653866810e-01,9.911302092515540396e-01,6.693128056138734072e-01,1.518757904013177118e-01,6.864274867435713468e-01,4.794398583908655587e-01,7.315911106777164274e-01,7.554902423155056557e-01,4.130444323636932591e-01,3.875043822982531805e-01,4.475091358206466086e-01,2.570947777773454068e-01,6.766949230700023410e-01,6.535678702194025469e-01,9.317203622927938689e-01,6.757371969133973977e-01,9.429587928595679625e-01,5.324514746189784598e-01,7.655405328117378394e-01,9.208957407244574567e-01,8.970353089115918888e-01,4.689578066444428650e-01,9.942547386429005929e-01,9.155073670436225663e-01,2.358644436841124958e-01,6.428645532620472780e-01,7.970306538962094178e-01,7.683554743658833619e-01,8.823149758836925649e-01,5.776262089351918982e-01,9.727950710452450966e-01,4.105898061343180583e-01,8.923550657399571540e-01,6.917277775219615732e-01,7.455198216276478496e-01,9.257843467253593639e-01,7.419638127256558136e-01,7.623955268554445386e-01,4.897847113420803478e-01,9.756070310398762269e-01,4.655982477945722064e-01,6.778264998786484030e-01,4.669564104032575269e-01,7.259400595826763780e-01,6.921544944794797427e-01,9.024028466438388518e-01,6.432156133881460347e-01,6.382645301324243459e-01,9.482722725314790546e-01,7.895455273976332844e-01,9.793537757203293337e-01,7.261542940678027414e-01,6.262979038403397869e-01,5.842533109444348893e-01,5.771435829650350957e-01,5.679239705686487394e-01,9.214768707176343998e-01,3.395858976636283860e-02,7.530824245238124659e-01
9.274145123028689763e-01,3.846368346134205751e-01,9.195427942287180967e-01,5.366873859891927445e-01,6.561977056821767240e-01,5.593866324022095382e-01,7.499528993842189406e-01,6.490667585297130726e-01,5.625716913754923859e-02,6.980097695926830159e-01,0.000000000000000000e+00,6.181357412028715137e-01,8.099877888130527781e-01,8.745580229905394742e-02,9.475203547382126112e-01,7.578188645709256210e-01,6.751174410471226794e-01,6.160475727360482656e-01,7.657937689736946663e-01,8.688145818643744356e-01,6.287059615298254966e-01,5.249873145608200398e-01,6.245200883629762334e-01,8.105421090011384333e-01,4.327036320637315248e-01,9.229684781267242233e-01,7.181209360692534238e-01,6.488336486302781481e-01,7.351536239078182433e-01,3.420765894400193963e-01,2.243155145675308770e-01,7.672061704741730548e-01,5.915042970929942356e-01,6.868915693804175104e-01,5.822328947327004567e-01,6.917163203675429362e-01,7.364174641886999106e-01,6.291274029693986192e-01,4.755147785520317250e-01,8.577469856660926428e-01,8.332985517576717571e-01,6.146331923549809284e-01,8.057247000982207252e-01,8.731042606826298069e-01,8.017479787629300247e-01,9.770257790848715373e-01,7.138134783500654779e-01,9.512720924077280316e-01,4.464032703875636110e-01,1.349897724869390525e-01,2.540073459796344246e-01,6.185607565470528924e-01,9.351538632030735876e-01,6.423323642965114155e-01,6.252623985102443438e-01,8.078689567039453179e-01,7.143547559111109724e-01,8.905048170449262335e-01,6.375515282473755985e-01,2.083519334339699325e-01,3.265798712601727383e-01,9.972355962680916619e-01,6.732054754910610228e-01,9.284738592480245023e-01,6.118161327140486661e-01,7.299767656517645031e-01,6.950152575559125356e-01,6.204670106504895921e-01,3.739373494833185818e-01,9.915805272521969194e-01,8.606083457983260132e-01,4.947820920144262447e-01,3.784323230803839921e-01,6.549172914028831283e-01,6.442222313759633501e-01,6.609176131096939910e-01,7.188875771167106965e-01,4.417580154815801269e-02,-3.788433038811759301e-01,2.815768546181205423e-01,7.178972869880378971e-01,2.752594028524028014e-01,7.814332168891378050e-01,1.122371936758616573e-01,7.047737532282769557e-01
8.539560181347969348e-01,5.712105395820816778e-01,7.680058231271699176e-01,9.571944743820473001e-01,7.088802624293270016e-01,5.676893905695811204e-01,4.537869677685846814e-01,7.467015015385750631e-01,7.081083106100745095e-01,7.439608986626432552e-01,6.181357412028715137e-01,0.000000000000000000e+00,5.352595980388913377e-01,8.354877309812545061e-01,5.299979629318397611e-01,7.451657372032249871e-01,7.212555466198850018e-01,9.898304953679004647e-01,4.604103257060560006e-01,6.508507090980749643e-01,6.599511166038063426e-01,6.653729708379640950e-01,5.396597254361223950e-01,7.398975654126783708e-01,7.832960084241958887e-01,7.814986111446358130e-01,8.668578541126346071e-01,9.914415226067798681e-01,7.136206602437230595e-01,8.727448089432923162e-01,4.957931507418146255e-01,6.460611918471161896e-01,7.863014577209992417e-01,5.161585705679053726e-01,7.933495811207679216e-01,2.553351808976893622e-01,5.770823801307942702e-01,9.961797220663821673e-01,6.607987122827681248e-02,6.783855951849419030e-01,6.308240136247246221e-01,3.816948069470107452e-01,2.399341729992874039e-01,5.334470203082045670e-01,8.304824580194422046e-01,8.536211889326092983e-01,7.454049903125719023e-01,8.740304385168591317e-01,6.692614101090151868e-01,6.115293942453425835e-01,9.616917549180116209e-01,7.782487967065520040e-01,5.207399604514615366e-01,9.179173839499744636e-01,8.937407126355065845e-01,7.197258118776128644e-01,9.839671833237416676e-01,9.254822387207398693e-01,8.028621037752050604e-01,4.744935877867998975e-01,8.125354831530644528e-01,6.964976225356563910e-01,9.164380389332797971e-01,2.942216459730873090e-01,3.308422657808117728e-01,5.809238431202278230e-01,6.844890433150826459e-01,8.191793848231597730e-01,4.390207877911490586e-01,9.473436091407888560e-01,4.917461592067663978e-01,9.999470504591527753e-01,2.920421924836430483e-01,3.418612044087971924e-01,7.778064868816331190e-01,3.348299986665122518e-01,8.439349599279235559e-01,7.602304475563028685e-01,7.105193778526673887e-01,4.408391248808572055e-02,7.084422024323331346e-01,6.453406479261676321e-01,6.555393085574011680e-01,2.538835592810951280e-01,6.122947934201767861e-01
8.946939419353497902e-01,8.158485287754949633e-01,9.760311142724958922e-01,9.795571858306413304e-01,9.638337548044995096e-01,6.041682959407682629e-01,7.270334773694601127e-01,8.965365729529490846e-01,6.202926791930583050e-01,5.190073518958744636e-02,8.099877888130527781e-01,5.352595980388913377e-01,0.000000000000000000e+00,5.098551247697601374e-01,9.802619520935323960e-01,8.198844817815391650e-01,8.789647522158413606e-01,9.585305941256753171e-01,7.249855117758746692e-01,7.600671952541923071e-01,9.074594072235832032e-01,9.531139843789639965e-01,5.278986942880337097e-01,8.359092964898666711e-01,6.890788062563637517e-01,8.623235082841828048e-01,7.294450035373016838e-01,9.155780605444188147e-01,6.078337914237904593e-01,2.940285320961048554e-01,1.779088925906200658e-01,6.571351725736582772e-01,7.948225059521991653e-01,5.207210673800752865e-01,5.809900408738910560e-01,2.095937690542812593e-01,5.472978842824968160e-01,4.806031198393082016e-01,8.940521182515657195e-01,7.113918538038372930e-01,7.452988015225725515e-01,6.150503304207859401e-01,8.833155929419037600e-01,8.031530239937946236e-01,8.810842599992002588e-01,8.027005205902406626e-01,7.051784788066220999e-01,9.922593965771561164e-01,8.619629233431876925e-01,9.000319029344320265e-01,8.351800858314997189e-01,6.555272561852063529e-01,5.688945418396131881e-01,9.713331233821483890e-01,4.680751377836828153e-01,2.595164020834453966e-01,8.048986902691699363e-01,5.894414208162868096e-01,9.607645279361138879e-01,6.235431166908101952e-01,4.555317576214412689e-01,9.489485785530709094e-01,9.435865284416522503e-01,6.713066235795748238e-01,6.843257321730602527e-01,4.180786313098923124e-01,5.884864641605138669e-01,8.750173441308943811e-01,5.233642926422362729e-01,7.145494927189166567e-01,7.535915979707199508e-01,9.940948179432818055e-01,4.053131130590974518e-01,2.187376050478787304e-01,-1.155088734902136594e-01,9.780728940291328888e-01,6.430274724929228025e-01,5.794921370660819360e-01,7.480997946933471976e-01,3.369529377795823510e-01,4.170930777499550768e-01,8.988742579591716408e-01,7.981911528056409022e-01,2.626652497149335463e-01,9.190337329016198264e-01
8.294712837098030533e-01,4.606209248326379457e-01,6.050871171058692655e-01,9.357824555790692500e-01,8.399760452125984989e-01,6.410280420619225428e-01,7.552344085716768962e-01,9.424347995427276858e-01,9.328036880057510860e-01,7.787243944752921809e-01,8.745580229905394742e-02,8.354877309812545061e-01,5.098551247697601374e-01,0.000000000000000000e+00,6.047833397455287807e-01,8.849304663372579149e-01,7.253135620245525494e-01,8.774847849899350960e-01,7.388178377285281595e-01,4.952312763360912085e-01,2.556805511082188564e-01,9.039107507566150890e-01,7.827526205799281156e-01,6.408792842443338245e-01,5.669803329613957166e-01,2.647502496307577724e-01,7.539173017244208408e-01,7.937006714088880033e-01,5.248435440833025822e-01,2.772856685140085431e-01,2.891791300453290803e-01,3.822172141061234707e-01,4.042007987998307295e-01,6.496684589118942865e-01,6.393672107608650013e-01,4.706106603769446006e-01,3.078824599953980390e-01,8.013149900565555983e-01,9.757961038310153379e-01,7.233273841804073179e-01,7.164463597137700202e-01,6.455408318993338668e-01,8.408500246977939074e-01,8.334759824817707941e-01,6.647037698643972758e-01,9.338214241021105533e-01,8.151550011089619963e-02,6.971455838888540590e-01,7.311000592261002184e-01,7.433267843930335683e-01,6.212853302038398029e-01,9.971814699388570347e-01,6.777406042858150625e-01,6.718753423575966055e-01,8.058579912465101414e-01,5.740879501153415276e-01,4.081571269032711613e-01,3.161516220808767708e-01,6.516545821709883723e-01,5.818863898829633730e-01,5.086109807112930703e-01,5.053861927278153754e-01,9.754752876737722289e-01,7.000548466337397358e-01,9.444482360093012785e-01,8.820249963077193556e-01,9.377657293310892594e-01,7.383663797993890165e-01,9.936051035371205042e-01,7.522947699077205952e-01,3.502561325902506795e-01,9.517276544331680910e-01,3.176794034665019195e-01,3.207112905697642735e-01,8.877061548699713978e-01,9.845335658628140418e-01,8.732932438170301070e-01,6.504542720665531519e-01,5.378765828378975211e-01,4.447657433567328567e-01,3.446886236607289433e-01,9.849220978459372056e-01,9.939036265362553024e-01,5.772357130821429427e-01,5.661959709230736104e-01
6.937784930670733985e-01,7.916115206119369585e-01,8.590618410453733089e-01,9.054043019783865054e-01,7.287745230581310629e-01,6.001450903986730312e-01,4.298831438558252671e-01,5.112936208595875165e-01,3.596530301663740659e-01,4.154136430954400439e-01,9.475203547382126112e-01,5.299979629318397611e-01,9.802619520935323960e-01,6.047833397455287807e-01,0.000000000000000000e+00,6.218126171307452044e-01,6.085851736989764671e-01,9.489525660654314632e-02,6.993116446612110959e-01,7.056350967932065732e-01,9.330877383178192153e-01,8.003417899673825886e-01,9.833124688709167227e-01,8.253992777799641356e-01,9.185671285062021463e-01,8.147992911450551157e-01,6.938004490668201463e-01,4.547934547851634202e-01,4.556014270148068812e-01,6.922875890420987499e-01,2.812618334071492754e-02,7.343147835831993486e-01,8.995507078351981933e-01,7.606877708271991834e-01,7.158545060659741166e-01,7.836553767082087285e-01,4.405262769715106996e-01,6.878920601030025228e-01,7.648635113768743610e-01,7.926247393274775677e-01,2.881300478105422447e-01,7.073638243796844804e-01,7.961496235514541331e-01,6.094663820341977845e-01,8.872442665966183695e-01,5.375767982353572005e-01,7.388634986697455442e-01,9.108142957132081552e-01,4.692499036629291242e-01,4.422006932803533852e-01,5.427472888356920100e-01,6.782211607649941687e-01,4.459174012202763993e-01,8.587887302357170016e-01,6.935382025266272343e-01,7.921845007032435326e-01,4.835623641781349180e-01,7.306351341440555647e-01,9.989199738562491993e-01,3.105725181948442160e-01,2.038316170487862455e-01,5.203309377073433994e-01,9.873771435778204708e-01,9.049788626844016415e-01,7.174249122681197743e-01,4.523504357865086867e-01,4.882038780417592705e-02,9.139218654167213796e-01,7.923927724053089205e-01,7.264915723443243767e-01,6.935364586001642184e-01,2.453638920885234664e-01,2.043179248272536663e-01,6.431675414310263073e-02,7.874449035308306311e-01,8.158527135413158327e-01,5.112579027122916564e-01,6.781206151637564350e-01,6.033284352108065907e-01,5.856543209009328343e-01,8.662251436063679311e-01,4.240087531891807426e-01,9.855241449597356151e-01,7.063439078036913843e-01,6.715491178837296182e-01
8.799791702367146806e-01,6.301830857317443080e-01,6.380177794342557496e-01,4.409437875494851000e-01,7.831996635860875022e-01,7.649496244635978215e-01,9.920563026052984235e-01,4.762453882997698673e-01,4.322788385286323587e-01,-8.409599279996975152e-02,7.578188645709256210e-01,7.451657372032249871e-01,8.198844817815391650e-01,8.849304663372579149e-01,6.218126171307452044e-01,0.000000000000000000e+00,7.002826183096673152e-01,9.051953699938686260e-01,9.976596409314184566e-01,4.437379262705534733e-01,6.224260588884300560e-01,4.551967372777140919e-01,1.877225494148000162e-01,8.152053989975693860e-01,1.459863964027728611e-01,5.527210924297185635e-01,7.181660879453503066e-01,1.099464623329965418e-01,5.677961734979337649e-01,7.402064097517324637e-01,1.795919594954001886e-01,4.399654469173718274e-01,5.435197015344056526e-01,8.538703639101362652e-01,6.611116899994166074e-01,1.670673519494871306e-01,6.774415084479724625e-01,5.988618049392556708e-01,6.427846634894311961e-01,3.535976488708320042e-01,2.417808406853898251e-01,3.766521096434451987e-01,9.724003315910532130e-01,9.127462934946253270e-01,5.829703227314559921e-01,3.509579536037362724e-01,8.522366462659736186e-01,6.630413463776464456e-01,4.696620169291955693e-01,6.854294546777847108e-01,6.726893594912097818e-01,3.144231622921014879e-01,6.627446633355402739e-01,6.582798687081110600e-01,9.248014957886209197e-01,8.217132886308489148e-01,5.157266504607167512e-01,9.424633888141433768e-01,6.447524947354992264e-01,5.109858808398912849e-02,3.041879658189118318e-01,4.865246320004729119e-01,5.029032818616251399e-01,8.414968411640695312e-01,9.746133313297851153e-01,4.934390382132159969e-01,8.336734417663258512e-01,9.207952487231386707e-01,4.650361945910302941e-01,8.890933581774465022e-01,9.219931906010268019e-01,5.155710838149797359e-01,6.687746815133681633e-01,4.644982544890451370e-01,5.111509280917083675e-01,8.948492581830201908e-01,8.370882877878506045e-01,6.767301088397146280e-01,5.480227724345168028e-01,2.193577812655257420e-01,6.054600240265308742e-01,8.623617779465680977e-01,8.501782293468255203e-01,3.923875720176228654e-01,7.083044531643523101e-01
5.115732531464546318e-01,7.829085568185197852e-01,7.250657859559606067e-01,9.527796980073033328e-01,9.802099052424221304e-01,2.668634392559761093e-01,3.215549131932546878e-01,5.409734452736961741e-01,7.956220944616425594e-01,7.985492567954861620e-01,6.751174410471226794e-01,7.212555466198850018e-01,8.789647522158413606e-01,7.253135620245525494e-01,6.085851736989764671e-01,7.002826183096673152e-01,0.000000000000000000e+00,6.026325684300845031e-01,9.109112597478120632e-01,9.256572837930373554e-01,6.541655902656857702e-01,7.781778149104998654e-01,9.541120289925053566e-01,9.970734057670804784e-01,7.690757066756730431e-01,4.034081824746793554e-01,9.293999671019356201e-01,7.060808690778551666e-01,6.806978235613920791e-01,1.259033741452135480e-01,4.188908040599919058e-01,9.158101655338960478e-01,6.127544157748109344e-01,9.347230083298309067e-01,5.289132055340017846e-01,1.398395288513691950e-02,5.639825963569682354e-01,7.201083073352749775e-01,7.682407254595525758e-01,5.647226806939806831e-01,6.298788215766895071e-01,1.863943243985645981e-01,7.005853116899198874e-01,6.721402110176575295e-01,4.066222964623107394e-01,8.308292481223222836e-01,2.003152089371098010e-01,6.641279060274031254e-01,4.599440341926142040e-01,9.458515760548679152e-01,8.729317450167758397e-01,7.935011450613955741e-01,6.185476483902669909e-01,7.884734617431046200e-01,8.470807312714319082e-01,9.015322646172989618e-01,8.388595084865978491e-01,8.824135093573260979e-01,9.815118534640909775e-01,3.464594787831419831e-01,7.100343675160438739e-01,9.721283840577322755e-01,7.188693763308411366e-01,7.639723250824873579e-01,8.950196165932958747e-01,9.062627354411924019e-01,9.149606645461038079e-01,9.281113539400054346e-01,6.918911619749793518e-01,9.004665832791520774e-01,8.566543888756896763e-01,7.316719449066133585e-01,5.664738544519152263e-01,7.454575004729373511e-01,8.536993032884618859e-01,5.596579759257021003e-01,8.427788140657332949e-01,9.855686709413247204e-01,6.960662500824690291e-01,9.866619307148208340e-02,5.573037581198454493e-01,5.232747642701643942e-01,8.995371331010875160e-01,7.878180185522765111e-01,5.199991966419919009e-01
9.444047609649958153e-01,8.170826472498052828e-01,8.722343316416542036e-01,5.509411351627554465e-01,8.400426167478927120e-01,9.049219593802846351e-01,5.036494778456027666e-01,6.814850829980966251e-01,4.964290289788756971e-01,1.636586191726416006e-01,6.160475727360482656e-01,9.898304953679004647e-01,9.585305941256753171e-01,8.774847849899350960e-01,9.489525660654314632e-02,9.051953699938686260e-01,6.026325684300845031e-01,0.000000000000000000e+00,4.218085606845876079e-01,6.479259480130217241e-01,8.592672171346118493e-01,7.367775979037405332e-01,7.366293861092446660e-01,9.215100587105690133e-01,2.329670642297664851e-01,7.668219950446055755e-01,6.514449248446230190e-01,9.796694033291029058e-01,4.894227822985973697e-01,4.414682929940346168e-01,2.213459290738160057e-01,6.236052027966921818e-01,9.268802939823592713e-01,8.488744400651065947e-01,8.341462442381630815e-01,3.076515436494871303e-02,7.881099540153939653e-01,4.308723224194055956e-01,2.886704417869745409e-01,8.690620485492526193e-01,9.313097463972995760e-01,5.871817857304624244e-01,7.383695482627317119e-01,8.901859333673927122e-01,9.272921547501936645e-01,9.134694100971239017e-01,6.075884925326571206e-01,7.455002582291414548e-01,6.743164870263718136e-01,2.955683830303997839e-01,9.686545626066347392e-01,6.482392075527918518e-01,8.346986960947212486e-01,4.369189803596725263e-01,6.461536516960001419e-01,5.481515347222306600e-01,6.451442630828710945e-01,7.045780518080444477e-01,9.029973336625037872e-01,5.162382705092193325e-01,3.700232269759821668e-01,4.792122628132268747e-01,7.525884204933570576e-01,6.938456663441145977e-01,9.131820810917424813e-01,7.422393123423000061e-01,6.611045215922374263e-01,8.719621675000674976e-01,8.547210108366851689e-01,7.088125994108228634e-01,8.731696796621944978e-01,9.979588218089795459e-01,9.867454332965885921e-01,6.554485789379000948e-01,3.443575016025903768e-01,7.324980674464035557e-01,7.998495402739995708e-01,9.215843867666155820e-01,2.403320540646097514e-01,3.321125959281701068e-01,6.681915492683767610e-01,5.740468595557670639e-01,7.111176240648849900e-01,4.780312619194008183e-01,6.454304634462952883e-01
