0.000000000000000000e+00,8.851837298031404178e-01,8.139393795802680742e-01,8.931236261847368407e-01,4.563384612314327904e-01,6.002187769978191145e-01,7.875812881498654994e-01,7.965318915157217905e-01,9.521331429633975718e-01,8.460312956885837066e-01,8.353333419031251372e-01,9.639225664655414194e-01,4.673638978320396875e-01,9.591884194180274603e-01,9.123832782531471342e-01,7.168889181040820624e-01,6.457633178034031252e-01,1.838606822419326103e-01,8.302558039901916098e-01,8.614935624825127425e-01,2.871143219795516122e-01,7.329864880658230053e-01,7.885157438150106612e-01,7.945338713892564630e-01,6.411445493105569771e-01,8.092261718054923891e-01,8.251456078611530964e-01,6.751019729221872101e-01,8.947575203128407262e-01,6.116139401752436200e-01,7.215312015848140970e-02,9.334424141734407598e-01,5.881523361298393038e-01,8.527425423208785382e-01,9.487513777243168356e-01,3.990484024027078358e-01,3.875401339701768366e-01,8.722888460454155668e-01,9.050950925964525995e-01,8.395922007409997168e-01,6.755976535164185393e-01,9.292419590283110820e-01,3.330123303849301664e-01,8.897812316307074365e-01,9.712667047027241374e-01,7.576242443449811015e-01,9.052444761019894370e-01,6.098674682729121610e-01,9.644181583845092831e-01,8.565784364968529463e-01,9.065270751815073247e-01,8.442637921789037936e-01,5.538930570934309516e-01,9.264107033293069726e-01,8.551973567516119035e-01,8.171983196144104733e-01,8.919429619548209232e-01,9.122668749387731202e-01,5.605175500355595863e-01,7.963354864825114010e-01,2.610625286704702508e-01,7.920364177373775405e-01,8.065276197627737620e-01,8.130912607322927643e-01,9.265969570015526457e-01,9.337912788922013707e-01,9.758907787100405962e-01,5.366465663273101150e-01,8.629368897529804405e-01,8.285059635364205866e-01,9.272024479566574051e-01,9.107444547917293853e-01,5.539226042381373283e-01,9.249198482452414272e-01,6.082823973786599669e-01,8.846019316632750540e-01,8.220119105800486325e-01,9.636298179456036506e-01,8.612353498466186405e-03,2.146675468655414865e-01,9.789013812008870996e-01,8.159755397411317945e-01,9.929039608851766285e-01,6.533078512802124038e-01,6.077683060734552223e-01
8.851837298031404178e-01,0.000000000000000000e+00,9.722904464276206360e-01,9.328555640194142740e-01,8.678890247703217042e-01,8.790930476609277733e-01,7.918940345714144957e-01,9.610473799120871075e-01,9.576242713634660619e-01,8.595185145628918555e-01,8.606190768707262517e-01,6.127676328706305187e-01,8.698582617495800307e-01,9.962505565847872280e-01,8.585773641326529537e-01,8.278978528401491621e-01,9.341873413544629079e-01,7.811338198087796059e-01,9.116437171905815706e-01,9.640926678625977297e-01,8.307095841946094961e-01,5.032817246584450066e-01,5.524586622220729604e-01,7.643771584121410445e-01,4.479366892676487910e-01,6.474335696169203347e-01,4.370330015397110301e-01,2.499667644259809252e-01,5.308669547898878793e-01,6.888765407206720592e-01,2.072465834817303620e-01,7.393076740395775337e-01,6.592832945325504124e-01,9.918114575437313452e-01,5.354550269312527977e-01,4.976154507691050721e-01,4.257763337940944637e-01,7.754434263237663938e-01,8.842627020309500319e-01,9.375021600903064023e-01,5.340723304101253621e-01,2.936548281705280705e-01,7.388106031742176505e-01,7.122151402986534041e-01,6.539557389106173124e-01,6.040954428272314880e-01,7.685911332399142371e-01,8.545307475530850017e-01,4.350076811956570810e-01,6.825179875244939964e-01,5.406743828555572451e-01,9.019086929971913413e-01,9.656013335840012424e-01,6.536729497438440450e-01,8.859390009827248225e-01,7.090892125898358156e-01,7.352505567008243981e-01,6.367260619820841461e-01,7.486629989842159549e-01,5.233788466212556667e-01,7.001751527872644987e-01,8.630919926521112284e-01,5.866687764885694101e-01,6.757469760986473117e-01,6.907675891543646474e-01,4.972844428133424421e-01,9.124715699697946159e-01,8.377048280206356168e-01,5.976289752218113538e-01,6.041329095285982165e-01,6.490449516071750136e-01,7.146776448405310900e-01,7.316338635182837447e-01,5.830425935815731764e-01,5.012941918641372618e-01,5.538436307612872866e-01,6.357203816279555220e-01,4.674577509733673364e-01,5.217578724298925774e-01,4.210319202914352688e-01,1.585745789527010507e-01,8.250097329301092630e-01,9.559659954071101362e-01,5.045027324296231797e-01,8.984981580010937829e-01
8.139393795802680742e-01,9.722904464276206360e-01,0.000000000000000000e+00,9.441227285517261869e-01,9.402766122801107240e-01,8.840485459078710750e-01,8.591176039415167054e-01,4.665033799282375382e-01,8.075466037352729831e-01,7.332490005419585177e-01,8.899123677416100886e-01,8.305249092282889212e-01,9.979462479761493920e-01,8.797084465039022305e-01,7.902568445528899144e-01,9.999577241177046716e-01,7.085354186484309480e-01,9.707977865102050963e-01,5.204257915214819397e-01,7.507727351968204177e-01,8.018326703991708326e-01,5.493203613997837964e-01,8.698701049641142102e-01,8.325936834817350141e-01,8.848207961082718009e-01,7.164641242014142541e-01,9.476351504549112015e-01,7.639398962969511375e-01,3.761496063463192208e-01,3.654066861684490686e-01,9.810626938619376736e-02,9.921332962024904667e-01,5.095606945646560249e-01,5.590478333118145127e-01,7.728519385010403919e-01,4.563456489766809510e-01,3.407803127438391311e-01,7.089760728664999956e-01,9.796582918013456709e-01,6.821715407112294294e-01,4.184461856026329696e-01,7.128253329617978418e-01,9.426945689901720105e-01,7.228632601302305005e-01,8.019971620197335893e-01,7.276221616953454374e-01,6.935101674910896241e-01,4.415600325495499523e-01,8.437142067312770610e-01,8.569644038559254273e-01,5.794441433637403938e-01,9.051284870919312775e-01,8.577975511021013189e-01,9.555866409942430639e-01,9.274631413878001718e-01,8.277938767798574959e-01,9.940983950942012815e-01,8.804180701433707013e-01,9.943369429842381368e-01,5.433867777508171182e-01,7.681161093470953993e-01,7.712613623197037693e-01,5.204907366489676113e-01,9.525708177242721009e-01,9.430525119830103220e-01,8.211493712717400362e-01,9.779355784833159149e-01,4.358150677827840602e-01,6.052563237720853806e-01,9.698100548584587255e-01,2.421921106502530896e-01,8.999631292057866938e-01,3.346455809321309260e-01,6.291611097225484617e-01,5.419459662276318035e-01,5.401014142813762575e-01,-9.546254667240122727e-02,7.382026834936051829e-01,6.693442682614707540e-01,3.818448064953697818e-01,6.059831185521735719e-01,8.432245707285071501e-02,6.481110836838476219e-01,9.192324235851613290e-01,6.314526763745341720e-01
8.931236261847368407e-01,9.328555640194142740e-01,9.441227285517261869e-01,0.000000000000000000e+00,2.458334300403039463e-01,7.379101442110300724e-01,9.546005486770712256e-01,9.959207038357889008e-01,7.496318563398403079e-01,9.729714002711352394e-02,6.346802964761882881e-01,8.456435156020292165e-01,8.550148414254071794e-01,9.126710266196764731e-01,9.531584817393932152e-01,9.308794856683193508e-01,3.821453097767633089e-01,5.905478502819806463e-01,9.735571947225792888e-01,6.789338834979681547e-02,7.013588969964867914e-01,6.879508149859395738e-01,4.475507818331619925e-01,6.487102155456874186e-01,2.218413467697315233e-01,6.629623382433849077e-01,8.175754390929557136e-01,7.650582888617266653e-01,7.759986771045179754e-02,4.393985360000263185e-01,2.863675878496527716e-01,9.241556873875051981e-01,8.593610497681529736e-01,8.255516726428590024e-01,9.159654267084711421e-01,3.250489072534391011e-01,3.359287890412254729e-01,3.143350375704825339e-01,8.280884352541052484e-01,3.100947693590551668e-01,2.087875547052187308e-01,4.201934570460873486e-01,8.203260332508444108e-01,6.050289286178268666e-01,7.596213893398986450e-01,6.539588452125599805e-01,6.757016997764327959e-01,5.429110398573635532e-01,4.035214295108338622e-01,3.698658415821732826e-01,8.428607182611639326e-01,-8.997421663661764324e-02,6.213468474119204776e-01,5.896482144395693847e-01,9.341863442953272090e-01,8.803052088065677072e-01,9.030096314356010900e-01,9.993976945777822696e-01,8.054549859316301186e-01,6.756817155674053055e-01,4.673294144442345366e-01,8.147294403030124199e-01,9.255299311270553941e-01,6.466390809366784342e-01,5.216283869491172842e-01,9.546041513407682588e-01,7.687595603319535842e-01,6.759684627655963007e-01,9.580572018705442172e-01,6.580373804058899934e-01,7.193754871469862922e-01,1.782400028913986301e-01,7.653754595211503808e-01,4.017300123550881508e-01,9.461682765003143203e-01,8.509148797366813399e-01,8.723849373091786541e-01,9.865406516231510770e-01,5.935699426652552013e-01,2.737197418333426335e-01,6.488707778905997703e-01,8.237574871050440395e-01,8.006044370691116630e-01,7.526138054592058646e-01,8.012403642249450453e-01
4.563384612314327904e-01,8.678890247703217042e-01,9.402766122801107240e-01,2.458334300403039463e-01,0.000000000000000000e+00,9.519454537631673041e-01,5.230936996834054664e-01,7.103999413412348529e-01,3.236941304904276118e-01,7.566263373095205580e-01,4.831750698436144131e-01,8.599007972868740746e-01,4.579365502864203297e-01,6.511482507712457179e-01,7.375427048459651802e-01,8.750077068298142136e-01,6.950383792454044585e-01,5.159305818931013699e-01,9.167788487605694758e-01,5.583438391383137578e-01,8.637679960455056927e-01,7.046739895951273924e-01,5.948815959588212854e-01,8.794557378821863391e-01,5.571003496841131497e-01,7.824017178065407752e-01,8.172959195526462439e-01,8.191442169537974660e-01,5.625587447534760033e-01,4.101200327610524665e-01,5.141560254563459775e-02,4.218698128477411102e-01,9.099892879429281045e-01,6.671856498088436505e-01,2.717597776674631760e-01,3.311836522386354953e-01,3.634359224717421677e-01,2.062786377861313691e-01,8.012579058485935768e-01,6.385352570546978246e-01,7.292244877443155859e-01,8.643420871684359685e-01,8.729913936895670190e-01,9.117839385913770744e-01,2.057296040486576993e-01,7.441845853268942435e-01,2.585674289661260006e-01,5.095615001411045730e-01,5.975848066197502195e-01,2.075633159867693034e-01,9.461695686196681665e-01,9.963171839748549141e-01,8.056777706924823645e-01,9.570258378643424768e-01,9.646024318066022119e-01,8.887087992005823223e-01,6.075364972051668921e-01,6.525446744431282475e-01,8.050588177638053899e-01,5.359948336676003677e-01,4.000138809617722058e-01,4.356757206689318984e-01,7.973105862733851357e-01,9.958669471923129457e-01,7.216715143574949920e-01,4.724712181217288753e-01,6.972759952284538487e-01,8.349049622176315522e-01,5.800864084902168649e-01,7.109026954979900115e-01,8.205132416425638953e-01,9.948701121982217455e-01,3.092437629177191560e-02,5.750205402257196896e-01,7.232309795431548505e-01,8.620438274327112405e-01,7.780791614313071758e-01,9.995758592066665837e-01,7.618051954514337698e-01,2.488005533458241270e-01,5.913399324927346434e-01,7.209108851824119757e-01,7.154614540286201585e-01,8.722717500082192155e-01,7.265094730256926869e-01
6.002187769978191145e-01,8.790930476609277733e-01,8.840485459078710750e-01,7.379101442110300724e-01,9.519454537631673041e-01,0.000000000000000000e+00,7.825486042907459083e-01,6.064871185161457845e-01,6.579194244369053202e-01,6.824470259776330705e-01,2.824897363791253890e-01,7.184760573337430900e-01,9.148983052471674204e-01,9.613321201282869488e-01,6.677318082629672968e-01,6.913728009449607859e-01,6.819950556413199028e-01,4.527383898122676609e-01,4.827610800160674898e-01,5.086978882597503748e-01,9.866623718416868138e-01,4.253428656015306730e-01,4.843050003776820378e-01,9.232117108590288668e-01,6.737099432435039725e-01,5.264730439256952721e-01,6.542830990168484462e-01,8.068033907589179377e-01,5.951411596197818676e-01,5.488814727810187311e-01,1.248865608813023477e-02,8.448320801365902799e-01,4.260497396545783744e-01,9.553531728461296391e-01,6.800571570459896797e-01,2.064159358161595237e-01,1.536696391209141921e-01,8.710472779120495002e-01,9.641089358702388257e-01,8.367239696674715344e-01,7.886507287554860302e-01,1.857584137467300223e-01,3.965853879404032112e-01,4.815479993424407468e-01,8.859647336835223541e-01,8.746349816734643179e-01,7.471652301666932283e-01,7.152810271220805260e-01,6.972921326777998807e-01,7.623025921996253729e-01,7.245450348027071552e-01,9.038763859684703084e-01,6.058679246052798284e-01,7.973303783823918467e-01,3.791650186533144229e-01,5.392752791889597885e-01,5.860716478976889521e-01,-1.048790294753484120e-01,9.720845564644949865e-01,4.868217380057320298e-01,5.679664664507425575e-01,4.757823268774973857e-01,9.986878152119369467e-01,7.752979175950962532e-01,8.944182740305015589e-01,6.052233037374650237e-01,7.446707219149427681e-01,4.563026832203177507e-01,4.888776182351934341e-01,9.182318816307680764e-01,8.495540073651481894e-01,3.413767160094746123e-01,3.300240434610309248e-01,1.045741406743625618e-02,6.825755801052943994e-01,5.621267134762580886e-01,6.023412987279472830e-01,6.996124149344261633e-01,7.137177756500231451e-01,5.377740412937537240e-01,6.606139502191752388e-01,5.402101285886456994e-01,6.331749031918761927e-01,4.081927719445817559e-01,5.013060496947535638e-01
7.875812881498654994e-01,7.918940345714144957e-01,8.591176039415167054e-01,9.546005486770712256e-01,5.230936996834054664e-01,7.825486042907459083e-01,0.000000000000000000e+00,9.778737321544357375e-01,3.150403941388079665e-01,6.184518874363257313e-01,1.116207669727104640e-01,5.101892398514575877e-01,8.886674284834334969e-01,7.127387771766905411e-01,5.140576826677812905e-01,2.379050367348955752e-01,8.440096206100157206e-01,5.615819983337875243e-01,2.327237617729711328e-01,9.079567380356928785e-01,3.966012590682548300e-01,3.894135525667909437e-01,4.436650507076556615e-01,7.053525722117960362e-01,7.848641318495348518e-01,9.601922741655017912e-01,4.109701579255509718e-01,6.320510108424610696e-01,8.559219334929903944e-01,7.726449378769770782e-01,5.452169781950921834e-01,6.911978044715033631e-01,2.018260765214811014e-01,9.471481260283433068e-01,8.874482181124633273e-01,2.140935440298367687e-01,4.966610323038651020e-01,6.032023640533750175e-01,8.733996992661460235e-01,4.476442521614937275e-01,5.490395482702740138e-01,7.264195891026696550e-02,7.967962579331726580e-01,4.413012142347568223e-01,7.165588649279076572e-01,4.345079206930375637e-01,6.507042832863711990e-01,2.410801043109313535e-01,2.970195428298471052e-01,9.058607979197415006e-01,-3.020615614412969219e-02,6.045798512501695532e-01,6.769119613668426183e-01,4.891898785435656594e-01,6.491466269532435440e-01,7.047752254009841399e-01,6.618112384131473735e-01,4.623148132291801105e-01,3.059369439243721511e-01,4.190070295348463647e-01,2.687934520311783815e-01,6.321797393554344779e-01,3.423923789367941950e-01,7.283152249637940834e-01,8.324505538408202288e-01,5.219240034991455834e-01,6.519527274564823616e-01,6.741758009385980799e-01,3.089107212523722890e-01,5.091495121717617423e-01,4.930230693501281847e-01,6.200387217971153886e-01,2.520449841171465422e-01,3.206197911685316759e-01,7.938854502671764957e-01,6.704988340564049798e-01,6.547041006466128854e-01,2.295163823549506155e-01,1.862962406342837662e-01,1.835837365116610605e-04,7.232885240132467253e-01,9.335683764829615372e-01,8.035651894216628843e-01,7.536811019680988988e-01,4.034601283386578530e-01
7.965318915157217905e-01,9.610473799120871075e-01,4.665033799282375382e-01,9.959207038357889008e-01,7.103999413412348529e-01,6.064871185161457845e-01,9.778737321544357375e-01,0.000000000000000000e+00,6.597208027917077500e-01,3.422849909880431030e-01,6.500195489409423821e-01,8.874732034622915267e-01,7.515401382363796623e-01,8.491786368054421441e-01,5.006860808317374900e-01,5.264771869979445462e-01,7.199600331737047165e-01,5.811561927716816234e-01,2.404957845528650495e-01,5.183717450855122033e-01,9.484748701313252539e-01,3.531556131972052870e-01,6.858099422886738683e-01,9.867589453464817861e-01,7.800883107655482984e-01,7.647009928977713811e-01,1.697578473684087375e-01,5.853936775557576633e-01,1.212059555228509056e-01,7.120073735745903187e-01,4.312974046132816985e-01,6.056434162191811632e-01,9.033938082709382922e-01,3.638351423920827554e-01,4.818289407746518260e-01,2.347571063309369654e-01,3.842211941730411251e-01,7.690569808443017408e-01,8.652021124067442726e-01,2.721976275753296703e-01,7.971822056223416553e-01,9.468881034368069605e-01,9.124595699891614453e-01,4.276865335943986768e-01,6.864954170668682298e-01,6.479517878749376791e-01,4.554185024803245607e-01,5.758707576180192023e-01,5.821328185270987499e-01,7.281273548305472465e-01,3.718649371979273477e-01,6.042903279513033299e-01,7.963797930605893693e-01,6.673032570035903888e-01,9.806267376750108511e-01,7.789249292827282733e-01,6.219339041178145733e-01,1.687344517371713593e-01,7.344020948804481641e-01,5.919346923801906968e-01,4.967679151016639594e-01,5.767604942161745907e-01,7.007630345451576481e-01,6.706095327755289270e-01,8.563313963247336513e-01,7.097168408687056784e-01,2.652443183160771989e-01,9.045579344521967879e-01,9.168668468114674619e-01,5.657255385501558376e-01,6.420882547740780488e-01,7.146557720637625177e-01,6.773426154670024735e-01,7.478328730054910611e-01,8.381432438386997585e-01,6.201231857961717608e-01,3.881433264199929400e-01,7.372182824729627271e-01,5.288691056473261431e-01,5.343168070456802976e-01,8.789977317538122392e-01,7.584553437777684648e-01,8.890024304474188899e-01,6.902963855513792879e-01,4.376816418553634014e-01
9.521331429633975718e-01,9.576242713634660619e-01,8.075466037352729831e-01,7.496318563398403079e-01,3.236941304904276118e-01,6.579194244369053202e-01,3.150403941388079665e-01,6.597208027917077500e-01,0.000000000000000000e+00,7.881608570068964204e-01,9.174014025716950016e-01,7.881013897331607954e-01,5.990207398176558007e-01,7.835916986237653203e-01,7.561408669274880534e-01,6.857141503287573769e-01,-8.104252371110851061e-02,9.441489451800537669e-01,7.534900297379861778e-01,9.109605038229910967e-01,2.204706327991373116e-01,3.576601562925019739e-01,6.558353603749023097e-01,6.461725698143775398e-01,4.390774057231423555e-01,7.117922143601871365e-01,7.992142554807877275e-01,7.860801919550455263e-01,7.978903633490470604e-01,3.032504343995542362e-01,3.725632110516783335e-01,2.754617830210380203e-01,6.247731328659167360e-01,8.235953293545198450e-01,5.668908864973926098e-01,3.340365107060919714e-01,7.226570614240586110e-01,7.659908780728291733e-01,6.842111293123991356e-01,7.662234116915516147e-01,1.031176980276247296e-02,7.500573263299067373e-01,9.119292480158350811e-01,4.771169531837118338e-01,8.372603879282594086e-01,9.507209724667404771e-01,6.495292462290496172e-01,4.061347843131963287e-01,6.509645321097700110e-01,5.298377529961530996e-01,6.842521088791757577e-01,5.306988049535089624e-01,8.252096437322197220e-01,5.800291357604758780e-01,9.098818908398462746e-01,7.782250514004330766e-01,5.577745890393510653e-01,6.684255320750808194e-01,6.666388153575761866e-01,7.584464698269787197e-01,4.615284098491152509e-01,8.850433999857302281e-01,8.425041171143407004e-01,9.318497175303128710e-01,9.912302704830220357e-01,3.750095335461182122e-01,6.567705974080126907e-01,8.188009989483814310e-01,5.592887114022404571e-01,7.057558275499929701e-02,9.560044327817159848e-01,6.693105613445364810e-01,3.943893824925144287e-01,7.399774901966645058e-02,8.969621174468394020e-01,8.358663157303072300e-01,8.486468664255882866e-01,4.985486160234523512e-01,5.304375896791988509e-01,2.951620415202463876e-01,6.819882777899409776e-01,9.833552221519968883e-01,8.243779382600036065e-01,3.251353303788352411e-01,6.787835775062915911e-01
8.460312956885837066e-01,8.595185145628918555e-01,7.332490005419585177e-01,9.729714002711352394e-02,7.566263373095205580e-01,6.824470259776330705e-01,6.184518874363257313e-01,3.422849909880431030e-01,7.881608570068964204e-01,0.000000000000000000e+00,7.617811478847510420e-01,8.568727027587290657e-01,8.461910134221427571e-01,9.821066676799228290e-01,5.863884882277187183e-01,9.216734599701845720e-01,8.227810573647349468e-01,3.466142903132756192e-01,7.812561089806562276e-01,9.537916845777418828e-01,8.259343795904610097e-01,6.741946055464510534e-01,8.500285075548693614e-01,7.201231761442250523e-01,5.897619612686215707e-01,6.303565239334760761e-01,9.419865301284016113e-01,9.812262244625449270e-01,2.344946697459228679e-01,7.146753376430164950e-01,5.381631365514536469e-01,3.927792758454506372e-01,7.988116892982919381e-01,4.038206366724892971e-01,6.372400047709029236e-01,2.966082725409144305e-01,1.973802400822959394e-02,1.380297862777594697e-01,8.781166497753123412e-01,9.403880056368680851e-01,5.977582142363512263e-01,3.173913757576853900e-01,7.853407476840820189e-01,6.838896691240083925e-01,9.065177450748579391e-01,7.748455994492360333e-01,9.623551562663629211e-01,7.468774638689208434e-01,5.650084279159488521e-01,5.901129668034321707e-01,8.197401054408187671e-01,6.892753513051085301e-01,9.320445724492423256e-01,6.041906137847516955e-01,4.023038412722542700e-01,8.443558342089390045e-01,6.879369061008657749e-01,6.943890050301049222e-01,9.726492601049175901e-01,4.701470054654260933e-01,2.472786488031159524e-01,4.197079841028962255e-01,8.335960946928380189e-01,9.246487587331418956e-01,9.649789953766714223e-01,4.389554179146948343e-01,7.757718096297403498e-01,7.959618661637872794e-01,6.628114032330800764e-01,6.753685976023868776e-01,9.520612026995300958e-01,4.703145509044873718e-01,6.732079812648371631e-01,7.116508782092973995e-01,6.689188548548474778e-01,4.843982666008061488e-01,4.836829865151185959e-01,6.382960871310732198e-01,5.775290727269795088e-01,3.725715218652132510e-01,7.911175931191887223e-01,5.657427830188408446e-01,8.501068127050486201e-01,1.111997152855363491e-01,8.278803236333154292e-01
8.353333419031251372e-01,8.606190768707262517e-01,8.899123677416100886e-01,6.346802964761882881e-01,4.831750698436144131e-01,2.824897363791253890e-01,1.116207669727104640e-01,6.500195489409423821e-01,9.174014025716950016e-01,7.617811478847510420e-01,0.000000000000000000e+00,1.036933953262739738e-01,4.107626117007566191e-01,4.982411365303152095e-01,4.697767981388166203e-01,6.623764222273509361e-01,8.766178308049060730e-01,5.026245537933761165e-01,6.456119826361429448e-01,2.054084241491938856e-01,8.561441354995972253e-01,6.203730499092701134e-01,8.725339825667961513e-01,6.629752736647589462e-01,6.900093576131686168e-01,9.201032118834544526e-01,6.138563800766270173e-01,6.306197682007198546e-01,5.513726088780636081e-01,5.093722343749645942e-01,7.121798567242096922e-01,9.023549980333890330e-01,5.793563638221829182e-01,7.206694454935798078e-01,2.961961301988303430e-01,6.598480701513249613e-01,4.749528603775490243e-01,2.851437341750364673e-01,9.274258199373774936e-01,8.705802834400465651e-01,3.655860818578007265e-01,5.882123722253793652e-01,2.397025324955244507e-01,8.704200922477967062e-01,9.376291207493261393e-01,7.061250581860751829e-01,4.139282279787154240e-01,2.904506863533801719e-01,6.615576995461971421e-01,1.713130510673791795e-01,4.952543690910671779e-03,8.614642325885052410e-01,6.520057168441065198e-02,5.106169181195012730e-01,9.921729026006211871e-01,4.154116688729007079e-01,7.261516614073962872e-01,8.696274796433050014e-01,8.546168354917965670e-01,3.512837897956737621e-01,6.702150350073579066e-01,9.479300934750041208e-01,9.979114519396077299e-01,7.953132135329196162e-01,9.785273549809044846e-01,6.232529054350223197e-01,7.361992328794099150e-01,9.561520825505653853e-01,8.845089515036530514e-01,8.578454769768865118e-01,6.887071074286292838e-01,6.792419602907211473e-01,4.759393582811304868e-01,7.038070870766274245e-01,7.754969338712223159e-01,5.802903135627541786e-01,4.486490634595567406e-01,3.926461369731403250e-01,6.767731331472178757e-01,3.891484797747429281e-01,8.920840996321992566e-01,7.570900298303706588e-01,4.971697428210442582e-01,1.091525324454410140e-01,9.629487765980353497e-01
9.639225664655414194e-01,6.127676328706305187e-01,8.305249092282889212e-01,8.456435156020292165e-01,8.599007972868740746e-01,7.184760573337430900e-01,5.101892398514575877e-01,8.874732034622915267e-01,7.881013897331607954e-01,8.568727027587290657e-01,1.036933953262739738e-01,0.000000000000000000e+00,2.017441729208050427e-01,4.393902673862380981e-01,6.002408866710738922e-01,5.671982166365329148e-01,8.286036657394599825e-01,7.543293454824239186e-01,1.443275147421380633e-01,8.665113784996260060e-01,9.996173979059005399e-01,8.513043626414423803e-01,8.794426632986288572e-01,6.381317865554139157e-01,7.938547649620474322e-01,9.304701563692224786e-01,7.672469894165647730e-01,7.488275312377721260e-01,5.463127902183864126e-01,5.160495203878698867e-01,-5.566368248613265401e-02,4.886811730097224693e-01,8.766744843680223109e-01,9.429267433938364196e-01,9.242826338364044103e-01,7.381073252728269640e-01,3.243912149007077694e-01,4.561857845384916788e-01,8.267437477756361952e-01,3.443480727060274083e-01,6.751098032287612405e-01,6.062194311511359679e-01,9.584617274882791804e-01,8.871627222304533378e-01,7.202891729021271283e-01,7.630518741838021590e-01,7.503511134763843904e-01,8.198277999223263501e-01,7.600635047749191298e-01,9.218734813013299556e-01,7.177314744796777779e-01,5.396529719806127945e-01,7.741210395771566111e-01,4.375475083314112057e-01,9.619634563334323873e-01,8.115123199752232175e-01,9.688037515672653921e-01,9.888499873050350386e-01,9.419490497288620645e-01,2.121088525325910135e-01,3.927290997009921236e-01,8.569253918017372129e-01,8.397477631553684763e-01,7.979672851777721565e-01,6.171521023441364218e-01,7.760391710765023321e-01,3.122806092710773695e-01,9.749836700365799302e-01,6.860557904007611452e-01,3.781710318882450794e-01,9.770228930569427872e-01,-7.959826072142184294e-03,9.695045203209180507e-01,2.746042544527952378e-01,2.316740070550664388e-01,4.461268667252250020e-01,9.668347388503858442e-01,2.789124273486547345e-01,7.021568254158083722e-01,4.914921352888719230e-01,4.084706266471554437e-01,8.952418879489282277e-01,6.623986069057330450e-01,3.774609399882742355e-01,5.540371171728777355e-01
4.673638978320396875e-01,8.698582617495800307e-01,9.979462479761493920e-01,8.550148414254071794e-01,4.579365502864203297e-01,9.148983052471674204e-01,8.886674284834334969e-01,7.515401382363796623e-01,5.990207398176558007e-01,8.461910134221427571e-01,4.107626117007566191e-01,2.017441729208050427e-01,0.000000000000000000e+00,4.300409985438690130e-01,7.725353592682976389e-01,8.841943309188103894e-01,8.526772258679592431e-01,-1.025324802271917468e-01,7.600212171431428576e-01,9.439429849696681085e-01,6.914327097394471489e-01,9.336546365689724070e-01,7.321800367929511832e-01,4.276583518345039026e-01,1.032954985410738892e-03,4.184422807287440094e-01,-8.448374891663529285e-03,8.556988935165430465e-01,6.740493564649143732e-01,6.618200573113741658e-01,7.877242949172832409e-01,7.194293402642404356e-01,9.122124913277250835e-01,7.511899062843464536e-01,3.427008650350119590e-01,8.702359904364131982e-01,3.109774899068574183e-01,9.833268458783135380e-01,6.187954161449451540e-01,6.265974757497719816e-01,9.433221538849769772e-01,9.971470553981250928e-01,7.114252156900571222e-01,7.972567408400235145e-01,9.503070383924238085e-01,6.144622217235801154e-01,8.927129028404381383e-01,9.917783894637790532e-01,7.845435901648187826e-01,8.173251189214909562e-01,8.492176705442261442e-01,7.892886556970223344e-01,9.332558685295702094e-01,9.565958174406499204e-01,7.580999421721357212e-01,7.935256464372237861e-01,4.604321525022983530e-01,6.312622586250137280e-01,6.424842376362320806e-01,3.540426493294266397e-01,2.473022064135572962e-01,8.649701880298574785e-01,4.030476390725521441e-01,8.180463943794969994e-01,4.746421026358489947e-01,6.756506070776755468e-01,7.848789805651256168e-01,4.537152509000629275e-01,7.425676854495305568e-01,1.208063910531799040e-01,7.061301296220516832e-01,4.575869338891708216e-01,3.341541465627109186e-01,6.683943307432138603e-01,6.233948887578806275e-01,8.247809191719523980e-01,6.690934993392404495e-01,9.596110290742332349e-01,6.622952136223765329e-01,3.759042343070962411e-01,7.045591923655256661e-01,5.663235865184105267e-01,6.086535122193180714e-01,7.238991536817320771e-01,6.220719009906073849e-01
9.591884194180274603e-01,9.962505565847872280e-01,8.797084465039022305e-01,9.126710266196764731e-01,6.511482507712457179e-01,9.613321201282869488e-01,7.127387771766905411e-01,8.491786368054421441e-01,7.835916986237653203e-01,9.821066676799228290e-01,4.982411365303152095e-01,4.393902673862380981e-01,4.300409985438690130e-01,0.000000000000000000e+00,8.084322058804397360e-01,4.092148129415589808e-01,9.353866759121666208e-01,9.521082694254183743e-01,8.633578214864952027e-01,7.819569112710341718e-01,9.461886175830476198e-01,8.724587959891936251e-01,7.733130739883895544e-01,4.813142995684314696e-01,9.234716782372595079e-01,9.455498646091804460e-01,8.002755251482238652e-01,6.302353076824588340e-01,5.212914790829791256e-01,3.128893496904121552e-01,6.988905436188765918e-01,4.786574901916186286e-01,6.353918451805188328e-01,8.669083577130183293e-01,5.913400599250661083e-01,3.686880188811190173e-01,2.244196017688017408e-01,8.217787703974524516e-02,7.032698682149514102e-01,7.574303096505461408e-01,1.448175772913665449e-01,6.700577357598254125e-01,7.709761328742781306e-01,7.982530393740492336e-01,2.495290385213866646e-01,6.248309948034840300e-01,9.072171429430585521e-01,6.398652898475054585e-01,1.540993667059044614e-01,8.090718805362572263e-01,9.134325029267099660e-01,1.275909549553608802e-01,8.781666881385458145e-01,9.440761948651330560e-01,9.318883622355697005e-01,9.097273042999656223e-01,7.044286246697032405e-01,8.827828600055711572e-01,6.726484584037268899e-01,5.295586713568066761e-01,5.794300019538127788e-01,8.590071314150783399e-01,7.052147240164592379e-01,8.192511447402691660e-01,6.336423495551860574e-01,9.445927601976077392e-01,8.902245920687700265e-01,8.699278336955635904e-01,6.645711251949956155e-01,7.165520450586815304e-01,1.013054510453823553e-01,4.599542798183530179e-01,6.080031495595333846e-01,6.803317304152769474e-01,4.698134428489850745e-01,8.967858720543075979e-01,3.437008078340185735e-01,8.057855139658294252e-01,3.202301934779593906e-01,3.631675481435086006e-01,2.186856580531081895e-01,7.717072669136273433e-01,7.650681256223830218e-01,2.002050178712581341e-01,7.935291053905630942e-01
9.123832782531471342e-01,8.585773641326529537e-01,7.902568445528899144e-01,9.531584817393932152e-01,7.375427048459651802e-01,6.677318082629672968e-01,5.140576826677812905e-01,5.006860808317374900e-01,7.561408669274880534e-01,5.863884882277187183e-01,4.697767981388166203e-01,6.002408866710738922e-01,7.725353592682976389e-01,8.084322058804397360e-01,0.000000000000000000e+00,7.591653876238768639e-01,3.447319694229394882e-01,5.160066175283780643e-01,4.027277524142123394e-02,8.140383888637656717e-01,7.117988257149928666e-01,5.775899403314972425e-01,4.445930067573564681e-01,9.003549335642945239e-01,2.458597718230951523e-01,2.018532473477581135e-01,9.567323273218539814e-01,8.592219409136910013e-02,-1.569387876289492223e-01,2.053775432386209521e-01,4.164067403465718797e-01,6.471712630664698818e-01,1.160138208519891773e-01,7.342357643583640181e-01,7.405392282901359646e-01,4.633629598984161380e-01,1.107715016295646449e-01,6.815261850823253198e-01,7.286571232878933380e-01,9.037998453959604772e-01,8.308427591608454899e-01,-1.729105315005486365e-01,8.324249991014088801e-01,5.199778423581755682e-01,9.318934463782622135e-01,7.821113741887963933e-01,1.284101457222491527e-01,9.215164791539881550e-01,6.359457777624368813e-01,8.303159498183034781e-01,7.618131967290890927e-01,8.925760371155005979e-01,4.373761718604847748e-01,3.530775747575591317e-01,8.451419496447541979e-01,6.916353394139554966e-01,5.922739971909638523e-01,6.296339965147508266e-01,5.401283799307916578e-01,6.210265783945496665e-01,7.363222262508832550e-02,7.665368468158948456e-01,9.834894748399445330e-01,9.770613150187583695e-01,7.017458641796019414e-01,8.111569197361675476e-01,6.631598088889439913e-01,5.242114756639681961e-01,4.092154922414620311e-01,4.367201641003598533e-01,7.167964580929252483e-01,1.655219138487486474e-01,5.195651554662998883e-01,6.435078006237007209e-01,7.212698535036903280e-01,8.556333993708322705e-01,7.435881788485368959e-01,4.863593415280862420e-01,2.800481584965410983e-02,2.373974084895237313e-01,8.357236421208300570e-01,8.317891205018548284e-01,9.180637379380190977e-01,2.354669359877614720e-01,3.301934935402190963e-01
7.168889181040820624e-01,8.278978528401491621e-01,9.999577241177046716e-01,9.308794856683193508e-01,8.750077068298142136e-01,6.913728009449607859e-01,2.379050367348955752e-01,5.264771869979445462e-01,6.857141503287573769e-01,9.216734599701845720e-01,6.623764222273509361e-01,5.671982166365329148e-01,8.841943309188103894e-01,4.092148129415589808e-01,7.591653876238768639e-01,0.000000000000000000e+00,8.132231227271260465e-01,9.873362595752804838e-01,7.289263634122523650e-01,6.292089830351702551e-01,9.126187268346127590e-01,3.630057651803952901e-01,6.755421956884432033e-01,8.161864101096659718e-01,3.440955748586653762e-01,6.070163828480762414e-01,4.032287590144579270e-01,7.571823063663116749e-01,4.141807241926714900e-01,2.426540814769336807e-01,7.357785721087339859e-01,7.846742752222632955e-01,3.286065125472726889e-01,7.086816195760470283e-01,7.974396117117161786e-01,6.044270359461526576e-01,2.964804600912269716e-01,7.952926157577466793e-01,2.589946301711737453e-01,8.569043484952509893e-01,4.928047270742316743e-01,2.413971320249481134e-01,8.512255707696659845e-01,9.042352941765143814e-01,9.641299631505444445e-01,9.960796068589307106e-01,8.608313225858704731e-01,6.372912848528975438e-01,9.995285181599617985e-01,4.591836027425721389e-01,7.517832511226492098e-01,6.803162982978930851e-01,6.688806818906178897e-01,6.474405146624504503e-01,6.617684925042260913e-01,9.672395715619719336e-01,8.541385203320503994e-01,6.633350567665480257e-01,7.528367017847289455e-01,-1.653671606864958177e-01,4.930423937955220604e-01,6.540466207416471001e-01,9.975933835107970715e-01,7.074643527833264223e-01,6.758294119161614155e-01,4.069890120796920696e-01,5.627592788380646471e-01,2.502028123254871339e-01,5.034137836276236788e-01,-1.985594326540306709e-01,8.496762380754028232e-01,5.451344889823471762e-01,4.454855826111879247e-01,3.656587763241316846e-01,8.508017591807203184e-01,6.264021041303702297e-01,9.123980501042605606e-01,4.808838274129303980e-01,4.585946396987656271e-01,4.305935570679880198e-01,8.662111920999997494e-01,8.144681566398013217e-01,6.851762654424384813e-01,6.028317678027027560e-01,7.624605861703731557e-01
6.457633178034031252e-01,9.341873413544629079e-01,7.085354186484309480e-01,3.821453097767633089e-01,6.950383792454044585e-01,6.819950556413199028e-01,8.440096206100157206e-01,7.199600331737047165e-01,-8.104252371110851061e-02,8.227810573647349468e-01,8.766178308049060730e-01,8.286036657394599825e-01,8.526772258679592431e-01,9.353866759121666208e-01,3.447319694229394882e-01,8.132231227271260465e-01,0.000000000000000000e+00,8.075276013419809829e-01,3.501177174930354408e-01,6.528741770350832141e-01,8.785601740840345286e-01,7.060234348874863120e-01,9.715647316801659938e-01,7.593980943577328668e-01,5.635528720174570738e-01,9.015902414255195785e-01,1.450116721561651827e-02,5.591213975486098997e-01,3.925614303313500475e-01,5.693160565492100256e-01,2.184328794612578062e-01,6.522702120711318940e-01,9.251191236548006458e-01,6.688859162996259045e-01,9.998367552311746564e-01,6.729639613578476398e-01,4.926866588299161354e-01,8.306038407768748799e-01,8.467981282920362673e-01,3.433329807783049858e-01,4.052404919563413754e-01,9.959872663161866146e-01,6.761556223916262987e-01,6.558415145372016308e-01,4.589550216439536312e-01,8.408780432831889362e-01,8.039874035945678843e-01,5.292152164725107966e-01,9.911534642248941429e-01,8.082827090699296058e-01,5.865824588547722263e-01,8.077288794610010259e-01,6.895283816532717935e-01,2.757921723841831319e-01,8.864684115115771812e-01,9.622617563715493150e-01,9.127512539420180593e-01,6.739435021503547008e-01,8.916470136403822355e-01,6.301829651842891789e-01,5.784750540085621395e-01,8.056869913606458100e-01,9.874386068544339645e-01,8.644190401069976604e-01,9.313304774940981412e-01,8.813939948300603122e-01,1.724129562121823507e-03,6.619632042354088863e-01,5.177399365648358565e-01,9.278793651403658416e-01,7.860877430751742612e-01,6.512183778713475091e-01,5.030503984539592688e-01,7.198513178449587047e-01,2.775862086899207326e-01,8.330421982725595420e-01,4.874118681036058165e-01,9.616829553267071118e-01,7.102214340219930033e-01,1.942056115753798551e-01,8.975135101077341693e-01,6.499364042117354856e-01,8.433670089193274766e-01,6.941951796626414373e-01,8.619557045785328775e-01
1.838606822419326103e-01,7.811338198087796059e-01,9.707977865102050963e-01,5.905478502819806463e-01,5.159305818931013699e-01,4.527383898122676609e-01,5.615819983337875243e-01,5.811561927716816234e-01,9.441489451800537669e-01,3.466142903132756192e-01,5.026245537933761165e-01,7.543293454824239186e-01,-1.025324802271917468e-01,9.521082694254183743e-01,5.160066175283780643e-01,9.873362595752804838e-01,8.075276013419809829e-01,0.000000000000000000e+00,8.173570426114288301e-01,7.760099164549620898e-01,6.035324390904529546e-01,4.765718874132560123e-01,7.092537201191700946e-01,9.863257343552030987e-01,6.373078621835418511e-01,7.357910731667266502e-01,8.802902243726059561e-01,6.089583170893761999e-01,6.285696807725157376e-01,2.269710384428889893e-01,5.760971817330275968e-01,9.388135168331011027e-01,8.320439045376455400e-01,4.565465958889524667e-01,5.161601392007122424e-01,4.011582061649422437e-01,9.081515858636152183e-01,7.813067091321935775e-01,4.008162912575913284e-01,5.330952746844580536e-01,4.362763706864929980e-01,8.243272985383430784e-01,5.805005396529487882e-01,3.191392280270456405e-01,9.813460426953224403e-01,9.784030993572305768e-01,9.282447783050050694e-01,4.736288834035670692e-01,7.643640978646663031e-01,6.556998036244828798e-01,6.408158832013299833e-01,6.288391684222808253e-01,3.152582387069471914e-01,7.306428029977591887e-01,9.244689746120913210e-01,7.067526761787326084e-01,5.480541117685184815e-01,8.598090051248885590e-01,8.898131131439688257e-01,1.970408164064298695e-01,1.015138551548620538e-01,6.192982787382659282e-01,8.001948713461182194e-01,2.549269692737937687e-01,2.648663033112179654e-01,5.991755982556167259e-01,5.113777667968136820e-01,9.434167125015635591e-01,6.550595020725455964e-01,6.946285378142189604e-01,6.004935954789213381e-01,3.363634218819201438e-01,4.301773771459027618e-01,5.528912086500300527e-01,7.468715452154711665e-01,7.445982035575476887e-01,8.652221659895862338e-01,5.173110333068537958e-01,6.974358229735284631e-01,8.766062204525806867e-02,2.160856257729505681e-01,9.175689008589340556e-01,5.540636646066832149e-01,6.324017291140352492e-01,9.041260247690929841e-01
