0.000000000000000000e+00,4.285582079623523333e-01,7.887722829239715017e-01,6.535922574362085236e-01,9.173746490797926034e-01,6.418058307541550933e-01,8.160316688520358186e-01,8.985140745754841562e-01,9.554743614125904561e-01,8.346278070788959447e-01,9.958405396167893109e-01,9.176332248038645556e-01,9.418707727946449282e-01,8.426081079064450252e-01,9.308246166632307972e-01,2.585608430450026529e-01,8.551582386181780793e-01,7.913468377398455988e-01,9.592648017781508774e-01,5.924451638560461753e-01,8.722238952395046097e-01,4.506325095212697085e-01,9.505230184745607769e-01,9.286202731808866906e-01,9.109179289711902827e-01,6.514283888523753063e-01,3.262697565126251309e-01,6.265491001298860718e-01,6.590801565010399043e-01,7.445752312945094209e-01,2.349407669322974290e-01,6.515137859001637333e-01,4.119470602893264832e-01,5.828728104280543887e-01,3.591108274543571843e-01,4.097830558044763261e-01,2.459768638661898599e-01,7.286056133886961161e-01,7.500286950525946184e-01,6.022765498262016015e-01,5.628299481679545080e-01,8.010217021032423057e-01,6.805491106960502856e-01,6.029364706609976476e-01,5.781568469934551535e-01,4.363071303616897767e-01,7.843852971198607138e-01,8.272987953502204395e-01,5.997489709674231895e-01,9.950340065405494094e-01,4.838670463294604263e-01,2.588779727934542030e-01,8.225777708688861711e-01,3.805648700546180874e-01,9.852002850605621198e-01,7.878172512986688636e-01,9.527906291733830857e-01,2.560035243014725514e-01,5.526288503488748782e-01,6.932497782540606446e-01,7.069990456979754478e-01,3.360467278366663924e-01,7.316841786899692668e-01,7.363797091322962229e-01,9.932382888699138324e-01,4.446948671522985008e-01,8.448485818536013436e-01,6.044716735921733530e-01,8.339233034003856737e-01,9.963429356429069905e-01,3.930860874078397904e-01,7.931852554168697944e-01,6.194656290584459324e-01,5.552106453687387644e-01,2.901749518489105117e-01,6.109180041780871706e-01,4.119323872414319410e-01,6.440022267847874682e-01,4.310713267692263539e-02,-1.314233100253862085e-01,7.020958805786929879e-01,9.331912737645884359e-01,4.598049325278356636e-01,4.267823310709943363e-01,4.363055688364119583e-02
4.285582079623523333e-01,0.000000000000000000e+00,9.868935437018884205e-01,8.850796854519140666e-01,5.763581691468701029e-01,6.839394682419474014e-01,5.414816329374824155e-01,1.142479612817659583e-04,7.077929201639377998e-01,7.679424351600795395e-01,9.411966108181856194e-01,6.902555127385252842e-02,6.486242272084733473e-01,8.952706146683403476e-01,4.345901167313435121e-01,5.160311500169314503e-01,6.797531949892784420e-01,6.343436726380166091e-01,6.899121499210977282e-01,6.294352273943727427e-01,8.438775428273589396e-01,8.180271393702679417e-01,5.238459338134566767e-01,7.381980013692602816e-01,7.092648006209841816e-01,5.821957195311049382e-01,9.510460085469381042e-01,6.071859459761737021e-01,3.599210788126621097e-01,4.373329764544393039e-01,1.925596487403534451e-01,8.656576815690467663e-01,8.475275095607516240e-01,4.499485233329396094e-01,4.176152355417342421e-01,2.784385381244254831e-01,2.578323666322418495e-01,8.887554458606750085e-01,9.830550460400441226e-01,9.448143613049031497e-01,4.795561679036338676e-01,-3.460156169786501867e-02,4.081967977231122369e-01,6.223586054671911283e-01,7.983654171405285549e-01,8.669257714677915949e-01,7.909296640396699107e-01,8.952987923731413611e-01,3.615937018143543513e-01,1.363682396310756939e-01,8.169100841594568729e-01,6.751956904345879362e-01,9.719851081129002868e-01,9.770909095335339467e-01,8.487805346157986097e-01,6.370471916562442383e-01,6.030243097682669307e-01,5.147627371182182943e-01,5.877696959230234164e-01,2.123000827440903737e-01,6.606409729368962758e-01,3.441031141831178974e-01,7.571783957409169430e-01,6.652281946837275139e-01,5.962593757765871638e-01,8.614667618833392604e-01,8.378846916769168152e-01,6.750606210154401765e-01,3.060306962847272882e-01,5.238651060275296700e-01,5.845993003458866966e-01,6.466050259621373142e-01,7.590805814385803707e-01,4.384733032704128952e-01,2.269133845261544491e-01,7.452448881932947078e-01,7.875706401350734964e-01,4.350317540226197321e-01,3.085055694526291914e-01,3.431480687144945474e-01,7.272628005962601394e-01,8.731272137996379801e-01,7.889929841683173128e-01,4.841465555988220260e-01,6.683108429656148264e-01
7.887722829239715017e-01,9.868935437018884205e-01,0.000000000000000000e+00,8.593928003993597242e-01,8.402654949016277186e-01,8.077279464318802837e-01,9.020157915156106210e-01,2.392146809816416142e-01,8.940674390915639425e-01,7.782596699684456443e-01,9.617847848284860612e-01,8.688371678805762999e-01,5.614317121331812155e-01,8.065025324494463632e-01,4.765204475275626184e-01,8.711216548766961276e-01,4.580176849373360920e-02,4.883282016642489509e-01,7.442661204145412102e-01,8.428402075831036289e-01,9.563747829969516667e-01,8.662409428830009084e-01,7.827404899294119200e-01,9.154291536222370906e-01,8.621043536381629568e-01,8.146367285050714058e-01,9.638091143601037469e-01,6.065944379070059567e-01,6.602950464923423857e-01,4.405492967737159593e-01,4.703901723222862485e-01,4.742918898611670486e-01,7.301734147842771083e-01,8.729138913261059729e-01,3.638696060047297842e-01,4.100302269855093940e-01,3.915644082326947828e-01,4.486899500858945733e-01,5.438338717474011652e-01,6.675188099425608534e-01,4.527732184536178983e-01,9.653737144512245516e-01,9.404009487588568250e-01,8.636045336219648760e-01,9.707126626735622654e-01,7.369650416277750971e-01,4.077709682586332374e-01,8.605938733501333759e-01,9.081270608672216138e-01,8.879383372549997100e-01,7.610562719207645266e-01,6.344571371459230003e-01,8.614674698259870977e-01,9.379611737410282757e-01,1.410546737866418265e-01,6.200766679478709742e-01,9.093974269978937208e-01,9.379915211950913267e-01,9.932587190618595852e-01,6.164979465308760842e-01,-2.778667437976763965e-01,7.112041507325178591e-01,8.112259562414679825e-01,8.228161299190969169e-01,9.769920871997752609e-01,8.381208682379522878e-01,8.775024743659086690e-01,7.103903000894953301e-01,3.376334196016218536e-01,9.824485232186630501e-01,7.983022963491059887e-01,7.659248782264469479e-01,4.853293210800896373e-01,4.629921780278928867e-01,9.836808696375960448e-01,7.740638662180370222e-01,7.859505801903812205e-01,6.795123849589882470e-01,5.765290360159768257e-01,-1.419344693618056485e-01,6.380015077558194303e-01,5.662337252663643961e-01,8.475594052742633222e-01,8.096379619109226322e-01,6.743157040742835395e-01
6.535922574362085236e-01,8.850796854519140666e-01,8.593928003993597242e-01,0.000000000000000000e+00,5.380087723803148592e-01,9.870244166594643875e-01,7.574170834100810712e-01,5.302213151141552672e-01,8.584780720351781191e-01,8.223452567184742490e-01,8.712946266025510811e-01,9.389279077188548150e-01,6.449647633286670345e-01,3.817012418476533053e-01,6.539818415054998724e-01,3.321520740502557079e-01,5.368203726142435350e-01,4.761208224926073984e-01,8.765624029967037378e-01,2.723986830761025990e-01,9.259987820272242987e-01,9.000785066600146545e-01,6.640379378909087027e-01,6.421902189184639509e-01,3.214878588628917178e-01,8.378271243298583970e-01,8.572514306604691603e-01,8.079529870868165098e-01,5.696854371535994277e-01,5.143386303745336452e-01,6.253976462254866309e-02,2.304297669512687663e-01,7.148968275438924991e-01,-6.385757364709743200e-02,7.053530332444390982e-01,7.539374119012605124e-01,4.554257316648703258e-01,3.928227473672653014e-01,5.002850500179314430e-01,8.114418087007879699e-01,7.038650025175369196e-01,5.149567688226919238e-02,9.087604978586383275e-01,7.491621507243027001e-01,7.985847205351940259e-01,7.852281809487143827e-02,8.416611454224741662e-01,4.167364001154068298e-02,9.735350200639638629e-01,9.233775397584007560e-01,7.583760052666683737e-01,4.710196788809799529e-01,9.537769770076275355e-01,7.033737532764722244e-01,9.260067712885969859e-01,7.211510730578386541e-01,9.288587862782545779e-01,7.872295335602582655e-01,4.932712436791587551e-01,1.198112457004411324e-01,7.689558861711721649e-01,7.579051435218586708e-01,2.384576620280611237e-01,7.128178065210580838e-01,2.466853637260334187e-01,7.090469849484810627e-01,7.020834892194415255e-01,9.691209066459588461e-01,2.847431091690938998e-01,7.680801101359944205e-01,9.926373527682181841e-01,2.152776404872031590e-01,4.090135973935387081e-01,4.124585554251805619e-01,7.049828082113387406e-01,9.321384466276485536e-01,8.570614805252397828e-01,9.706879510231347652e-01,4.488701829506726582e-01,2.567402336644352689e-01,7.156170731531137363e-01,9.371850797829168744e-01,8.221569545332513274e-01,1.462891628701309399e-01,7.411966423481219923e-01
9.173746490797926034e-01,5.763581691468701029e-01,8.402654949016277186e-01,5.380087723803148592e-01,0.000000000000000000e+00,8.967172193476097286e-01,7.368624287567822062e-01,8.229184812116362435e-01,-4.342219415735104615e-02,6.972125020895892922e-01,6.519064916823447131e-01,8.455007452213205710e-01,8.225813634671492736e-01,4.473957418033090438e-01,6.047487982382651062e-01,9.748819726018511655e-01,8.488785567879901794e-01,5.927448758794957584e-01,5.460464200889838526e-01,8.915236730175363222e-01,7.130460520101677968e-01,2.221892221870449824e-01,3.029378535400891193e-01,9.161184003002220688e-01,6.301774904870171001e-01,4.191446495441826237e-01,4.991350307186013247e-01,2.077909234987944387e-01,4.159349645088715741e-01,6.972571241674562215e-01,3.396147734594870959e-01,3.400096364629964230e-01,4.267986670388634329e-01,9.047164074525932964e-01,1.847554236179659026e-01,4.400643687805780302e-01,7.222031018725976192e-01,6.762850910018266548e-01,8.891842069856529251e-01,9.931704024592420410e-01,4.788807270606541544e-01,5.309793185188153020e-01,8.619820559931286041e-01,2.519824430923646719e-01,6.830945438489907096e-01,4.750138741558349587e-01,5.474326396118593951e-01,3.161000946313612947e-01,7.609559497043352216e-01,9.664892236329015729e-01,2.334308575507529904e-01,6.774063146223880949e-01,7.399778441239214244e-01,7.670695068394934868e-01,7.281804539224665529e-01,6.098801690610446968e-01,3.076202274729533115e-01,7.485472781310742452e-01,9.192550508147425692e-01,4.559229934622958114e-01,4.555330005606991195e-01,6.472784881815267788e-01,1.459498397966330074e-03,9.748921988685353979e-01,8.825656930616515572e-01,5.160401291122127532e-01,9.062189656573699237e-01,8.812431587826810020e-01,8.902437525560590315e-01,7.524878044031485524e-01,9.593697322323295751e-01,9.034390681545032553e-01,4.593119427447667213e-01,8.852794662588242547e-01,2.950119772544420593e-01,7.519877058581849738e-01,7.161802279490104839e-01,7.640191033542308441e-01,6.653506270102126363e-01,3.897234447603201701e-01,2.243106575051188045e-01,8.408862962835834676e-01,8.058506666702169863e-01,1.848189830640574113e-02,5.132675358696587864e-01
6.418058307541550933e-01,6.839394682419474014e-01,8.077279464318802837e-01,9.870244166594643875e-01,8.967172193476097286e-01,0.000000000000000000e+00,7.139325626773022071e-01,4.622094810876598570e-01,3.514307994025253068e-01,9.380284178357197744e-01,6.288848369884879608e-01,6.162525811894055128e-01,8.142214688496633990e-01,2.284623201258694503e-01,6.763265012793859832e-01,7.058285054750388365e-01,7.624975700633361830e-01,8.365604172314219378e-01,4.605303177426307015e-01,8.018931963107969185e-01,6.265014844854132070e-01,9.627658877117251102e-01,9.380728728173808317e-01,8.776325751844735734e-01,4.986048832185190904e-01,7.915592716421164798e-01,7.564502596847143545e-01,6.408654030637145338e-01,4.079094800970182177e-01,6.224845975715318502e-01,3.536859469716202575e-01,8.249009933822647467e-01,7.628667015685793862e-01,4.914606671095124724e-01,3.186266181700642131e-01,6.218618059374858564e-01,3.738591010218695887e-01,7.894909152655289475e-01,6.459723960165546508e-01,6.225919314082555278e-01,4.724612795017144595e-01,7.519020179131690185e-01,6.528338797349180211e-01,6.559342394781291219e-01,3.471808518848124026e-01,9.770115796860662227e-01,5.689712070822390277e-01,9.665119262043793125e-01,6.019092699936245960e-01,6.564242238176555277e-01,7.436084551593812320e-01,6.758479531507657345e-01,5.707861345000475595e-01,6.064376211942416051e-01,2.457029782542396457e-01,8.488278873087080623e-01,9.074550094385710475e-01,5.288033584086144767e-01,9.699906886067249934e-01,7.366375716268711571e-01,5.324185379075763169e-01,6.671779315601150673e-01,4.965851362932818258e-01,9.753301393635245287e-01,9.326185146691369221e-01,5.992898171008215202e-01,9.766684750620265865e-01,5.772825833078663038e-01,5.929235565678615538e-01,9.051360555153347143e-01,9.221424317177993046e-01,2.620664875577687347e-01,5.547862026946162040e-01,5.319619872364627078e-01,5.235690071712596483e-01,8.567976600869413595e-01,9.757262566421787131e-01,9.965087287079685829e-01,5.818037404943469104e-01,2.119507096091272358e-01,7.537976896115370362e-01,4.239187829930410878e-01,7.896057612226335953e-01,7.396066327029912069e-01,6.297125846258307957e-01
8.160316688520358186e-01,5.414816329374824155e-01,9.020157915156106210e-01,7.574170834100810712e-01,7.368624287567822062e-01,7.139325626773022071e-01,0.000000000000000000e+00,9.497518570689247319e-01,7.610962714071785318e-02,7.994334213449943993e-01,6.731158450085518163e-01,4.814911207399202864e-01,7.724067513390255879e-01,4.779204500513186682e-01,7.118531879207216084e-01,2.288536786267710010e-02,9.240690362376451361e-01,6.153776696259294354e-01,7.231610647525863467e-01,7.298915125795411019e-01,9.653630860498774169e-01,1.595764041362319474e-01,5.549009088592625760e-01,9.381078746638653598e-01,6.041547913586702290e-01,4.902009101656513712e-01,3.175684428764727896e-01,3.646318767132136207e-01,6.117730488793641230e-01,6.464331694607794443e-01,5.968821423458356978e-01,5.834352113206816570e-01,7.867246142351835836e-01,7.309328699083085246e-01,6.495787680749917081e-01,2.760789101521702316e-01,5.804912128090082835e-01,6.698169718936236583e-01,7.106174937422296001e-01,7.339867384870248923e-01,4.791951636466770248e-01,4.970300775686128381e-01,4.297197775695941746e-01,7.725975048719782023e-01,6.430401512363577154e-01,7.397715752903639697e-01,6.349786409436835033e-01,6.310479699558267930e-01,7.413219359346412407e-01,3.406238426982311496e-01,3.443944914541454128e-01,7.423821737305231760e-01,7.396908680302480832e-01,7.855680988417371724e-01,6.994857791918490664e-01,4.583392532991480417e-01,4.780593897726538311e-01,7.748191044398707872e-01,6.754811468794492679e-01,4.781066441556064417e-01,7.266248877925525207e-01,3.753265197279553878e-01,6.998825909020980340e-01,8.087709870604224971e-01,8.539023404259508121e-01,7.787639546206956975e-01,3.563437538065732380e-01,8.811396478210822281e-01,6.898671690704705206e-01,2.494058832265598213e-01,6.988265380293346984e-01,5.473726807507208747e-01,4.231521727302479663e-01,8.280124706105281840e-01,4.770929754781457754e-01,4.045871739316534432e-01,6.972822732707933957e-01,4.620919340531279840e-01,4.344054849857987843e-01,1.809078223797991603e-01,2.728235317713886277e-01,7.707693959612235135e-01,4.569101695697417309e-01,5.503131642267171664e-01,-7.247229803946064752e-02
8.985140745754841562e-01,1.142479612817659583e-04,2.392146809816416142e-01,5.302213151141552672e-01,8.229184812116362435e-01,4.622094810876598570e-01,9.497518570689247319e-01,0.000000000000000000e+00,2.493869817520047438e-01,3.530524573079654171e-01,4.625660274598759614e-01,7.997350282687368805e-01,8.233877985033924984e-01,9.749337260286752294e-01,7.633146938617951793e-01,6.384507196205712054e-01,9.454585400766434278e-01,7.268927031623272361e-01,6.204742446553735968e-01,6.271185792612214982e-01,9.297568506379262354e-01,9.259591948914130954e-01,7.264420322993615509e-01,5.769700210017545405e-01,5.737196609143527803e-01,8.953141748431355795e-01,4.978582605047151555e-01,7.102831203372356184e-01,6.324367404119728420e-01,9.289639106087448361e-01,1.541491521668574838e-01,5.585423691777749999e-01,2.855060594183745359e-01,5.816604386811702332e-01,4.216527267007033064e-01,2.376677116100596732e-01,4.516002891689355203e-01,7.694756175046230107e-01,8.093103667472044682e-01,6.451854973351982547e-01,2.690136349303509089e-01,7.368624786520274750e-01,8.048533627751990327e-01,5.498579435878280242e-01,6.310669054700999148e-01,6.910858198488510906e-01,6.279271100069815370e-01,4.054749853810791227e-01,7.016713155025602333e-01,4.005683951806778276e-01,6.248404061501325879e-01,5.459253622217810076e-01,4.588176008521449023e-01,2.904087878563101355e-01,8.912064457660443528e-01,3.148656717294742169e-01,7.449911464134797434e-01,6.288848918375115060e-01,9.474758226194851529e-01,1.562964608907732589e-01,5.652881133328612195e-01,6.263295632625057729e-01,7.283336233339918753e-01,8.974472801751123274e-01,7.798568685514084553e-01,5.709528380266335468e-01,5.466937622663683438e-01,8.872677435908788990e-01,7.897034608633710651e-01,5.443215185744919582e-01,4.214208270965436043e-01,2.781780052190582775e-01,3.874319730621496594e-01,2.398377991836214418e-01,6.940154956959129207e-01,2.127008350861149810e-01,4.258824560037712814e-01,7.511359418232070873e-01,-1.107553066244939266e-01,5.636505380148699729e-01,5.472277741547996177e-01,6.128498687148735691e-01,7.828465235135285694e-01,7.071937618059717101e-01,4.352147458656676071e-01
9.554743614125904561e-01,7.077929201639377998e-01,8.940674390915639425e-01,8.584780720351781191e-01,-4.342219415735104615e-02,3.514307994025253068e-01,7.610962714071785318e-02,2.493869817520047438e-01,0.000000000000000000e+00,9.304519692457695612e-01,7.278587616614410338e-01,6.458871127039976789e-01,4.692354898470201818e-01,9.313012179336911389e-01,7.381361358267768402e-01,5.252194560852961880e-01,8.893794256772302731e-01,6.686442954892706236e-01,7.362380305390761048e-01,8.336944721935302116e-01,8.856336439711408604e-01,7.832962174190795102e-01,6.612821675865365734e-01,8.651367068542409333e-01,6.884826172890160523e-01,9.980462158732901212e-01,4.043529996765053425e-01,8.318142773015351210e-01,3.968589462059408657e-01,7.286910971257163361e-01,3.037059494415986771e-01,4.154147651663579466e-01,7.346512290954796409e-01,7.798830917228447568e-01,9.919195864697922804e-01,3.199081044562651077e-01,3.524750117685283568e-01,7.018610285730381149e-01,7.019877790376753968e-01,7.066866349630298583e-01,3.687829531508086678e-01,8.369769986393017502e-01,6.289997269096109234e-01,5.914242489450023399e-01,4.727357445824175164e-01,5.372939253538513427e-01,4.703386788086147963e-01,6.262663447278687956e-01,4.030532986521223604e-01,4.242875269877985911e-01,9.247740702579752003e-01,9.551472277862392835e-01,7.370054731056512320e-01,4.615548095467849610e-01,8.724590141494319440e-01,4.471882508028105496e-01,5.838805732903736834e-01,5.576924826803009161e-01,7.867010456208536340e-01,5.407643604837705231e-01,2.084708706466532058e-01,6.546045323382799763e-01,5.810707347638401910e-01,9.625664050321329768e-01,9.054808456447777099e-01,5.788544533920577662e-01,4.664163566079258527e-01,9.494006200059488254e-01,5.585839179111413699e-01,6.533218981484256727e-01,6.765173124985539577e-01,2.747483378013389488e-01,5.210422578644262614e-01,7.399127638380792460e-01,3.227326710477461669e-01,3.185374689731388931e-01,9.794302869621420715e-01,6.256116495804674438e-01,9.254784729557370693e-02,6.074169288769765140e-01,7.484854569984880079e-01,6.561491536407985103e-01,6.124151205291987754e-01,-1.279446420269488571e-01,4.118009702201974043e-01
8.346278070788959447e-01,7.679424351600795395e-01,7.782596699684456443e-01,8.223452567184742490e-01,6.972125020895892922e-01,9.380284178357197744e-01,7.994334213449943993e-01,3.530524573079654171e-01,9.304519692457695612e-01,0.000000000000000000e+00,6.435765020555912486e-01,4.160451209380171544e-01,8.328241921330553632e-01,6.539922799153058408e-01,7.705132175023634566e-01,9.667286294979067218e-01,5.425294823303701275e-01,4.231376911399725715e-01,7.624934621360108800e-01,7.638114791086573208e-01,8.138608781058888075e-01,4.707525282182016824e-01,5.736025427395778920e-01,2.354017752614953052e-01,7.711556915500785703e-01,7.422262659431408949e-01,7.669705761133440713e-01,8.467872492042676225e-01,3.818515007004475992e-01,7.881548103062958610e-01,5.598260910848620320e-01,2.008466625877630696e-01,8.605546122262187625e-01,7.562857966243334840e-01,9.452191298717737000e-01,3.280678495465323419e-01,2.277448807453234525e-01,1.345406584716020704e-01,8.533150428611125937e-01,8.403298665686784741e-01,5.436659987328440469e-02,6.196996834910748486e-01,6.559802783989976405e-01,6.665986821547651431e-01,8.234296746939934186e-01,6.361023266375593899e-01,9.907362168878117714e-01,7.790465546083060744e-01,3.287497383374008431e-01,5.901331048342308705e-01,5.576430520428489190e-01,5.719117127371738940e-01,8.877410083065773172e-01,5.957129915579256751e-01,7.763044361793857151e-01,7.469782693139841445e-01,8.814768390244356322e-01,7.002800474783937856e-01,7.154107560854863213e-01,7.573566893374410469e-01,4.210087903010590327e-01,3.332341040812488719e-01,6.316495843656201314e-01,7.506670873710423741e-01,9.654783815848198003e-01,4.297571068534665750e-01,8.823600877791161201e-01,9.937404792681694410e-01,6.147928622026986867e-01,5.302925747760518504e-01,9.672298478665068977e-01,8.234167868415980251e-01,3.906602976085472578e-01,3.251032076392276204e-01,7.015372110181722354e-01,4.572642500252728781e-01,6.997874912743524689e-01,4.176799151937221066e-01,2.833999630181658347e-01,3.070048987177698696e-01,6.815041633749370220e-01,8.372624389204225137e-01,9.074273068368439166e-01,4.072354384848824171e-01,7.918631949124810276e-01
9.958405396167893109e-01,9.411966108181856194e-01,9.617847848284860612e-01,8.712946266025510811e-01,6.519064916823447131e-01,6.288848369884879608e-01,6.731158450085518163e-01,4.625660274598759614e-01,7.278587616614410338e-01,6.435765020555912486e-01,0.000000000000000000e+00,5.246748014024072981e-01,4.326431723951878472e-01,6.831730273804313969e-01,6.247703177591273915e-01,5.908043760146826084e-01,6.585483518572275985e-01,6.433029240073435684e-01,8.675479679891570095e-01,8.040166133742940868e-01,6.211559866999805113e-01,6.865841294426795471e-01,9.315430737361927171e-01,4.106782207901761850e-01,7.366744490782467514e-01,5.272847609514705880e-01,8.932437678823770266e-01,4.048186703456129742e-01,4.352406184626144148e-01,4.074279358593907441e-01,7.129924849937656628e-01,9.172703871836611622e-01,8.393575183963227770e-01,1.693063516540893321e-01,8.165034298116973233e-01,5.123236679110071412e-01,6.018274426278091838e-01,8.391550107941176950e-01,5.713508139938228148e-01,9.853854999578115503e-01,6.340834373744618224e-01,7.520179571051286427e-01,7.605808522577419684e-01,7.995703763690418242e-01,8.701428980862566664e-01,8.854032684453428947e-01,7.821092530545874499e-01,4.927666739976488408e-01,5.719376280018577674e-01,2.123395875829271195e-01,9.156878875301409648e-01,7.534870061005597419e-01,5.180184189130144778e-01,7.707299631123708528e-01,8.987360700927562451e-01,7.268715557184654008e-01,9.319746968347442095e-01,6.963312632260546531e-01,8.377697806767610000e-01,6.908051161450838862e-01,6.814053450693590142e-01,4.662458924459267906e-01,2.860817797719115152e-01,9.609416305467040065e-01,9.766732177152432914e-01,4.403791450879682712e-01,7.500188916968355546e-01,7.943937482438063746e-01,6.912684715089624232e-01,6.105518349103326026e-01,8.278578391802463576e-01,4.939768192206239750e-01,5.905483666283828370e-01,7.383884465420780252e-01,4.490548511753635896e-01,5.603180617593871427e-01,3.086975530939958245e-01,7.102610358392569267e-01,1.227034615137794771e-01,3.692441138921178645e-01,5.463238503341615315e-01,7.732070632233326579e-01,9.376028709078736423e-01,7.166150332560075054e-01,8.451414069256690809e-01
9.176332248038645556e-01,6.902555127385252842e-02,8.688371678805762999e-01,9.389279077188548150e-01,8.455007452213205710e-01,6.162525811894055128e-01,4.814911207399202864e-01,7.997350282687368805e-01,6.458871127039976789e-01,4.160451209380171544e-01,5.246748014024072981e-01,0.000000000000000000e+00,9.070004777407174590e-01,9.626102389625700306e-01,6.421965150954783708e-01,9.689621205180206642e-01,7.016873444062071696e-01,3.600922630045187423e-01,4.345428854593724743e-01,8.952845690914259524e-01,6.710674390011397428e-01,6.255611145900279446e-01,7.103039308656058370e-01,9.544313969325852742e-01,6.500811564855479840e-01,6.380614089646250431e-01,8.633215756775340921e-01,5.855742262503338402e-01,6.353458384957395566e-01,7.708980694188488636e-01,8.899469867897505382e-02,7.590768602329789339e-01,9.228678030304330315e-01,8.155838363783497469e-01,7.727052300283251407e-01,4.212648330730598967e-01,2.325392793073861597e-01,6.839951729664801583e-01,6.063482941772391221e-01,8.311962874835604476e-01,9.038936619019502516e-02,7.928228075066279246e-01,8.354537027337057831e-01,6.637272629471264729e-01,9.743877078406661951e-01,6.003605118041447364e-01,8.274113815776338310e-01,8.695209253371684044e-01,6.141360647180497123e-01,6.610970926578975115e-01,6.593763260987778319e-01,7.930247243771825216e-01,8.288027327384094312e-01,8.983293651545021241e-01,5.290844305288040506e-01,8.909368285469707605e-01,6.501893448337239256e-01,7.046713020726541599e-01,7.274818164200873571e-01,4.916409337823696157e-01,7.730335347641996702e-01,6.149227538295010120e-01,8.887523702503653533e-01,9.293628710137056270e-01,6.591335004842329148e-01,6.240863111733209179e-01,6.881041968482822790e-01,7.299613160311576587e-01,9.421778474181274898e-01,8.771192382707972968e-01,6.322478004764932047e-01,6.901975922561726096e-01,5.771942532099670897e-01,1.624295162807445625e-01,8.441714526765238258e-01,3.622834124538725775e-01,7.369789162847609765e-01,8.281731038814451606e-01,4.562729548357503107e-01,1.756422241333566725e-01,6.928468127022135992e-01,2.517466829460678346e-01,8.198299055975133420e-01,7.616591575071802733e-01,9.232948117811233812e-01
9.418707727946449282e-01,6.486242272084733473e-01,5.614317121331812155e-01,6.449647633286670345e-01,8.225813634671492736e-01,8.142214688496633990e-01,7.724067513390255879e-01,8.233877985033924984e-01,4.692354898470201818e-01,8.328241921330553632e-01,4.326431723951878472e-01,9.070004777407174590e-01,0.000000000000000000e+00,4.355523707576268166e-01,7.359408537152921648e-01,6.855356491746021907e-01,9.024189656452099584e-01,6.384163170762171546e-01,9.474312714490640275e-01,7.180214987781656788e-01,8.483900372673490731e-01,7.493965999599503380e-01,3.467627552069670327e-01,7.896807038703761439e-01,4.023832297321398022e-01,4.428724046178649232e-01,9.736930057034879349e-01,4.290987556350620707e-02,5.612583654515906906e-01,4.559213483302498870e-01,6.673890342339121595e-01,3.199737085033618200e-01,8.884752917586671295e-01,9.244369244861779800e-01,4.893324053869461676e-01,3.649949275609655208e-01,2.723566651292266272e-01,9.885780671753219284e-01,2.991412399419053902e-01,9.979952818508481815e-01,4.523459402485923708e-01,6.893725059631392593e-01,6.498278866353179861e-01,9.083803291956761283e-01,8.563991219021324097e-01,4.565207284167500101e-01,6.699657026397296544e-01,5.952386012689927508e-01,7.352039277454591737e-01,6.273557373189700970e-01,6.809796537157202234e-01,1.654276765251280201e-01,6.396160850630916439e-01,6.143297125290763105e-01,5.245975378659395449e-01,8.976545383369176623e-01,8.186014932796019661e-01,6.000776001098018231e-01,7.751842981277905498e-01,4.852687168599802980e-01,3.027294434560116598e-01,7.225693640306902754e-01,6.010580680142567633e-01,7.871863043155684636e-01,4.003936320525442460e-01,8.088696957977954405e-01,8.975343611005170974e-01,9.413675421164962032e-01,6.927151309543195801e-01,7.526562586522911324e-01,3.823789530055842212e-01,9.383806395861807870e-01,6.100192424076051889e-01,7.005352623492888675e-01,4.680814620954892868e-01,3.165270028942820946e-01,5.743810014150694254e-01,9.063292316388317227e-01,5.407701445220035597e-01,3.875536780042960205e-01,2.967006205800845620e-01,8.209003739783891085e-01,8.981081206784236048e-01,1.457729016509743680e-01,8.506009399374147018e-01
8.426081079064450252e-01,8.952706146683403476e-01,8.065025324494463632e-01,3.817012418476533053e-01,4.473957418033090438e-01,2.284623201258694503e-01,4.779204500513186682e-01,9.749337260286752294e-01,9.313012179336911389e-01,6.539922799153058408e-01,6.831730273804313969e-01,9.626102389625700306e-01,4.355523707576268166e-01,0.000000000000000000e+00,4.434369778644230431e-01,8.197411371807264979e-01,9.147626241604966957e-01,6.150143455492229627e-01,4.515288182773687375e-01,9.652506256179125277e-01,9.638232373545505549e-01,6.953553221287296360e-01,9.375295320480896422e-01,9.439086646179234430e-01,5.230541479817607531e-03,7.134878907345618693e-01,6.942878408100071619e-01,6.793870922355574882e-01,6.658729918611583365e-01,6.508594562879066459e-01,5.237375109403556994e-01,8.473135633574997438e-01,7.709436612224594976e-01,6.290667042192772396e-01,5.564281766358774028e-01,4.113130054185312190e-01,7.116126888451561605e-01,6.508489747310430840e-01,4.110135380981981279e-01,9.194171860969675425e-01,3.237668618494147776e-01,6.691616472114167991e-01,9.782423046220604101e-01,2.702912714640685055e-01,9.544464615952921172e-01,6.354369918290965202e-01,9.203074851458401540e-01,9.620702320329623802e-01,4.917822007729341083e-01,2.879373524324196354e-01,8.434052787333454759e-01,5.169251083778380051e-01,2.616549347314008900e-01,4.369652815663105372e-01,7.265766382312509597e-01,5.054852974470829263e-01,2.640075975628279337e-01,2.630649526638135782e-01,9.239244727543632907e-01,7.201973705534968628e-01,2.375067483333667129e-01,7.498360572788518308e-01,8.264418622860276731e-01,9.955240970372419840e-01,8.478596254832007073e-01,8.226001969810431413e-01,2.979124432165844993e-01,3.671522526299364486e-02,4.843384643977115545e-01,7.566174587327461065e-01,6.309549532394780336e-01,6.330250651541179385e-01,6.659750106339210607e-01,6.084786673503700394e-01,6.317459413904283894e-01,9.747223418694705988e-01,4.527049194451632230e-01,4.564260771144038054e-01,7.848683890548924236e-01,2.174812673937835672e-01,7.970184845061900614e-01,6.715010862699364313e-01,6.836012551731140974e-01,6.624357415977772945e-01,4.600427521051800861e-01
9.308246166632307972e-01,4.345901167313435121e-01,4.765204475275626184e-01,6.539818415054998724e-01,6.047487982382651062e-01,6.763265012793859832e-01,7.118531879207216084e-01,7.633146938617951793e-01,7.381361358267768402e-01,7.705132175023634566e-01,6.247703177591273915e-01,6.421965150954783708e-01,7.359408537152921648e-01,4.434369778644230431e-01,0.000000000000000000e+00,7.814027096606395162e-01,7.506742712096227121e-01,1.439437384315790658e-01,6.787524097406871793e-01,9.044626997884008812e-01,8.512480270875243393e-01,6.082440618618342176e-01,3.074917793445983705e-01,9.464416216728522846e-01,2.671764130241155999e-01,8.121302228038930204e-01,9.939958107766524442e-01,8.154102061874186624e-01,3.530003446630073372e-01,4.187595731909027896e-01,1.948395812055131182e-01,7.751524389160465711e-01,4.713508379111087665e-01,1.085263645775300656e-01,6.176957877553445053e-01,1.431015727028109585e-01,9.897199881583809145e-01,6.583628979668127990e-01,9.523393620237580182e-01,9.265358261238797466e-01,1.846543069347017681e-03,3.164752427814415681e-01,5.176431927165557889e-01,6.259950671067450179e-01,6.108366944459014958e-01,8.345847516984590264e-01,6.361428116778062858e-01,3.117021211569136474e-01,5.296121127752602131e-01,7.648885119361563678e-01,6.432514003091729382e-01,5.637911705005338447e-01,7.555482251940729421e-01,6.373773751587363812e-01,8.994878398089561911e-01,9.993089288583436591e-01,1.050323333828152156e-01,7.347490681258266321e-01,8.083600871847663738e-01,9.443749225232388467e-01,5.120404324027292287e-01,4.636198252018790544e-01,6.420277142586727770e-01,8.825920391676475019e-01,8.689907826459434270e-01,7.698408187503127387e-01,5.607539426167427177e-01,6.287051137863332029e-01,4.212623691755255639e-01,2.693204723046089821e-01,9.062072875131064187e-01,5.045425823793144859e-01,5.019321260399802753e-01,7.143714038272704903e-01,7.501499148734415146e-01,9.539599023515676901e-01,9.297019516430955477e-01,5.246976565727190511e-01,4.784069515470432687e-01,5.301324338121068402e-01,5.697505804123750295e-01,6.119341534480013944e-01,8.311166875302846702e-01,9.150653189091554340e-01,6.535424000928609090e-01
2.585608430450026529e-01,5.160311500169314503e-01,8.711216548766961276e-01,3.321520740502557079e-01,9.748819726018511655e-01,7.058285054750388365e-01,2.288536786267710010e-02,6.384507196205712054e-01,5.252194560852961880e-01,9.667286294979067218e-01,5.908043760146826084e-01,9.689621205180206642e-01,6.855356491746021907e-01,8.197411371807264979e-01,7.814027096606395162e-01,0.000000000000000000e+00,9.845077683207463792e-01,8.384001083701533297e-01,4.098869278997788745e-01,6.178626857231316327e-01,6.965230479848159018e-01,6.193150033964157641e-01,7.940476326480068181e-01,4.207282675659358429e-01,6.543971219989319632e-01,8.646645709135214464e-01,9.134602126681465872e-01,9.945960135522099455e-01,6.561326804745769570e-01,3.407615231551077151e-01,4.447873354081902098e-01,4.716321743539246825e-01,8.721191347963982432e-01,6.870944495234551086e-01,5.179898578839456924e-01,3.900830312202965278e-01,2.429913653035289389e-01,5.525273500591956211e-01,7.598625980626815268e-01,9.253416233660741730e-01,7.289169674695989976e-01,4.544980233117962287e-01,5.985305018225687279e-01,-1.564135784155744058e-01,6.191700734850943411e-01,9.215817561484332954e-01,6.883539928212519809e-01,9.555084674566052261e-01,9.831975566514286613e-02,5.260463870843337109e-01,5.036083185954435271e-01,5.139550598558352279e-01,9.409034222671674996e-01,8.627689225317335397e-01,6.383384649271569566e-01,6.586398085090918730e-01,8.238236520639262706e-01,5.935169992793869476e-01,8.287275256615821428e-01,6.538250763597296400e-01,4.894686022332446207e-01,4.534760535766638734e-01,2.542497684943310077e-01,6.807399894587894407e-01,4.592631619001107390e-01,6.362433955756575665e-01,7.433887951140514261e-01,4.107637285353170076e-01,8.740652476104708857e-01,6.805393578482918926e-01,6.058489351825783187e-01,8.492213707669331590e-01,4.030977048482433656e-01,5.818304590349092642e-01,5.760590417891527926e-01,2.730235440330430197e-01,8.814826025232628259e-01,5.999418106257321526e-01,5.308682483971094435e-02,4.645135042872795550e-01,1.878641739297396973e-01,7.846401827820213004e-01,6.576413586299212355e-01,8.145585593151201120e-01,1.240583326669634084e-01
8.551582386181780793e-01,6.797531949892784420e-01,4.580176849373360920e-02,5.368203726142435350e-01,8.488785567879901794e-01,7.624975700633361830e-01,9.240690362376451361e-01,9.454585400766434278e-01,8.893794256772302731e-01,5.425294823303701275e-01,6.585483518572275985e-01,7.016873444062071696e-01,9.024189656452099584e-01,9.147626241604966957e-01,7.506742712096227121e-01,9.845077683207463792e-01,0.000000000000000000e+00,4.961266188914510433e-01,6.688379205455334819e-01,9.565485301803104967e-01,8.960412525419511054e-01,4.776478579970491745e-01,7.610627892756030022e-01,8.338715209161005060e-01,8.082637447042558820e-01,7.609410701537416832e-01,6.645115951564601886e-01,4.711808555780019336e-01,3.060194594791453282e-01,3.550659257892234688e-01,2.761686310509796696e-02,6.214881410564059294e-01,6.935797883845770118e-01,8.892731203676578211e-01,9.336005827169416849e-01,4.530795938397075839e-01,2.798225976786498093e-01,9.883846188348606177e-01,2.888560330315830260e-01,9.794635815653984778e-01,4.121650546941277304e-01,4.799211902938790852e-01,9.347472245234638155e-01,9.293124273121255996e-01,7.226318697083523590e-01,7.422771251355756439e-01,4.631132754089444803e-01,8.711898935063744354e-01,6.001061052229195170e-01,7.043015111729642452e-01,6.347291711882615539e-01,5.033413686538923404e-01,8.722089420741987453e-01,3.256600895226499093e-01,6.843850855113203790e-01,6.645880794732924590e-01,8.522524269453601864e-01,7.313528190976996690e-01,7.750134474472500923e-01,4.932893635941855148e-01,2.723216871768446845e-01,7.377761329630903031e-01,5.033810396757953942e-01,9.086103987224875000e-01,6.184189187504808283e-01,8.022424555749769759e-01,8.111516550833107742e-01,8.190729193958640186e-01,8.214048684064295669e-01,6.945834383026039394e-01,8.036757854205545115e-01,7.345652501083366204e-01,5.830315322620008844e-01,2.125704403819983213e-01,9.021504024056749005e-01,9.005616963848231959e-01,8.807194451305977445e-01,6.320680855758469274e-01,7.057889188405077618e-01,5.256342127440192386e-02,8.147237628352496097e-01,7.598785690930904835e-01,8.436878610492581920e-01,6.242011762950034903e-01,8.846720074475412643e-01
7.913468377398455988e-01,6.343436726380166091e-01,4.883282016642489509e-01,4.761208224926073984e-01,5.927448758794957584e-01,8.365604172314219378e-01,6.153776696259294354e-01,7.268927031623272361e-01,6.686442954892706236e-01,4.231376911399725715e-01,6.433029240073435684e-01,3.600922630045187423e-01,6.384163170762171546e-01,6.150143455492229627e-01,1.439437384315790658e-01,8.384001083701533297e-01,4.961266188914510433e-01,0.000000000000000000e+00,6.051998959177370407e-01,8.306110829938843088e-01,9.278985812585908155e-01,5.546155016953648875e-01,6.755642912696895319e-01,7.299511912037104366e-01,9.529160732501447406e-02,8.760167021165823353e-01,8.922977676753023335e-01,7.584105112166283913e-01,5.888881329494601857e-01,7.857409121358654991e-01,4.529139906990145570e-01,2.723362423764741358e-01,6.615963279114206452e-01,3.465326851619763282e-01,4.305570512490886625e-01,5.732331545722729738e-01,2.222348119849926473e-01,5.645769464955059380e-01,9.032008416841428300e-01,6.801523818933483678e-01,1.584944560189480989e-01,6.385061728578249607e-01,9.629405982176777457e-01,9.986658608935137238e-01,7.519247467194624113e-01,6.750387202104705109e-01,6.675102416261349259e-01,7.731507317422633419e-01,7.422751797359005144e-01,4.077613315230734781e-01,3.865918198788869109e-01,7.480045263851881066e-01,6.449252448544339211e-01,9.733773676606689573e-01,5.242903257763357194e-01,6.430720405795076200e-01,7.853299389138534981e-01,6.796384450218081463e-01,7.878692855705300424e-01,4.195045336226217447e-01,3.064526129621374939e-01,4.675405327413351686e-01,3.545632055745823741e-01,8.491536521040614627e-01,8.050191609428265505e-01,6.282872204190477206e-01,7.490460234528015793e-01,8.142711240239500770e-01,7.176191772257989321e-01,9.302987796503231488e-01,9.007953472745640067e-01,4.832993958969331039e-01,5.502768335996744975e-01,3.368274035276741518e-01,7.286795589815063812e-01,9.118969107139502928e-01,9.439904923085173927e-01,7.624711946247108019e-01,5.080202656602832850e-02,1.292633052997791132e-01,7.102477413495953407e-01,7.032992119153353983e-01,8.014432437626842765e-01,3.628217000284222338e-01,4.315491010842822939e-01
