0.000000000000000000e+00,9.065297323972769661e-01,4.380112700563212336e-01,8.944351519251934057e-01,8.336842980313572404e-01,8.989072149673993373e-01,6.936186276914514393e-01,4.891028023474287001e-01,5.674127785137339508e-01,9.411621613959344490e-01,8.661227156158575191e-01,7.370193718741017141e-01,8.169108882672401206e-01,9.728387169602434881e-01,7.057403264668465903e-01,7.316393361861482925e-01,8.249479138917474863e-01,9.388386585107511006e-01,6.379757730902181345e-01,4.518554600617392669e-01,6.672134766720773102e-01,9.150025606035320225e-01,4.139008843749503730e-01,8.810732452491752964e-01,5.414990849076896096e-01,7.166770772920285637e-01,7.583867910146626645e-01,9.414808840189837769e-01,2.913405059337764169e-01,7.122640063724304804e-01,3.592119364714211893e-01,7.647777208641766133e-01,4.340117046397815592e-01,4.999992751186063122e-01,3.185586415345537104e-01,7.755251197031159949e-01,3.541668366533834433e-01,9.129452269311861823e-01,7.270811012160991460e-01,4.619213519272473700e-01,3.850961683689552162e-01,6.690323831094505680e-01,7.147652323258775198e-01,7.920402990759279893e-01,7.191698058740323418e-01,9.596879318356270616e-01,8.240909507988347649e-01,7.855400682023173653e-01,6.128909095807960616e-01,7.378292565005819537e-01,9.213778711948383826e-01,8.374497210547416914e-01,9.915202948243804215e-01,9.998967238374008026e-01,5.470663997888567387e-01,6.775303293023640094e-01,9.828738885618610865e-01,8.990936101555708770e-01,6.066098172293217239e-01,8.146418530118020307e-01,7.055639386984234873e-01,4.674239203972430645e-01,7.890979861836511233e-01,8.925097757695524825e-01,1.449472161003618753e-01,4.131523360622223473e-01,7.668943915998800431e-01,7.724624228330220221e-01,9.343265962654137002e-01,1.650529117744077220e-02,7.240900919051056484e-01,5.172637541840803266e-01,2.485593975453464499e-01,7.477608213570405837e-01,9.806067385682581961e-01,7.336473526061513262e-01,8.944279128989347516e-01,7.770251283571114609e-01,6.359721190257415779e-01,3.308045021577302736e-01,7.517222324853732873e-01,9.093576553763893511e-01,8.080341110726602105e-01,-2.296236274300024471e-01,4.041368871218661285e-01
9.065297323972769661e-01,0.000000000000000000e+00,6.535985975372798906e-01,9.165289045898291631e-01,4.324271091733113970e-01,3.065471340656211185e-01,6.363396273425470095e-01,2.192692913494034834e-01,5.205158236149336481e-01,7.425772876789511479e-01,5.288179421443088835e-01,8.627589269130907512e-01,4.955669514155843780e-01,6.317232202525778773e-01,4.549486970931535534e-01,5.660541708275768080e-01,9.454319355646044754e-01,3.269329947346237830e-01,6.895134203760420188e-01,8.965728521562077447e-01,8.658519696746127536e-01,8.285673168169755964e-01,6.975909200156028556e-01,9.163396035915503113e-01,1.658540695905404705e-01,4.431498710919012929e-01,8.270338270070846098e-01,8.462712792110042015e-01,5.855994325133041523e-01,2.532150007187842222e-01,2.204814759507183752e-01,8.265595064378873369e-01,7.116701548234837249e-01,7.020258504945223743e-01,3.602595461994918535e-01,7.733197655890337030e-01,1.799813377499256406e-01,1.303101638773261073e-01,8.693966572157594275e-01,6.048273855994712456e-01,5.387697187450724012e-01,6.484255425718069565e-01,8.517854137945540804e-01,7.700298313843566556e-01,8.775874447589968597e-01,8.297225852100306165e-01,1.517286033649660748e-01,7.374215770243153223e-01,9.948124825478006361e-01,8.336489093270742501e-01,6.614909804718496211e-01,8.554992297420779268e-01,6.362477032675202260e-01,6.407070612240244323e-01,6.654108177178894579e-01,9.449408635821919811e-01,6.677729228175075527e-01,1.214130111695051195e-01,5.202207834166082678e-01,7.902597219903331194e-01,4.499460417631059306e-01,4.116244619898362100e-01,9.683235695544516464e-01,7.588826048309225136e-01,4.015327595115446568e-01,6.545117298724838495e-01,5.374523066838099439e-01,9.827155066592969668e-01,5.006831057864395973e-01,6.194297242423492111e-01,8.630349810966402302e-01,5.675933112159053939e-01,3.562547939681949272e-01,4.838127563990735625e-01,9.171500118975004501e-01,8.832845927971201272e-01,6.802760111866110737e-01,3.040331068470299991e-01,1.893907786926157799e-01,5.396540788966093238e-01,7.027170127571855662e-01,5.613891845264042946e-01,7.710703419233109202e-01,4.099731478879089508e-01,2.254100051510170843e-01
4.380112700563212336e-01,6.535985975372798906e-01,0.000000000000000000e+00,7.761439184472844754e-01,9.603428583296085286e-01,3.791422960801845710e-01,4.594887396522995271e-01,8.645759990496245662e-01,7.405720692593493748e-01,6.142524931606060390e-01,9.946541761565463879e-01,3.609420194300264617e-01,8.385010549961593451e-01,6.503361433891612364e-01,6.848177548723439756e-01,9.558229782054442070e-02,9.331027489458287860e-01,8.331053198465011578e-01,8.691077692876373328e-01,9.129570002371637516e-01,8.426251843898966420e-01,9.940303763714246621e-01,7.304544107607395809e-01,8.385391069690717458e-01,8.006082442367820073e-01,9.177903010924365335e-01,9.289761249205126248e-01,2.655271326841035506e-01,6.827665885664734313e-01,5.470073008156365324e-01,3.669986524578198184e-01,9.029224531653560204e-01,9.074985588788404556e-01,7.145474549229855477e-01,4.631899253869541377e-01,3.267355091401364930e-01,2.306905043726849569e-01,9.978883221058801878e-01,8.283037928172802822e-01,8.387746908650022259e-01,2.546091444434822049e-01,6.619755969724647748e-01,4.039452686766653033e-01,8.106510160758026995e-01,9.019351782357216685e-01,6.172745475222067846e-01,7.362146830264438835e-01,8.290215626727398535e-01,8.822963398858013617e-01,2.058598633435980152e-01,8.001112114721723456e-01,9.766593236245211251e-01,4.321818144418840824e-01,9.063968733088016982e-01,6.968278056470181836e-01,8.611626235525654538e-01,9.692351871751270220e-01,8.018842945556693413e-01,9.154626219169973433e-01,7.352683002681650315e-01,7.766221519727825040e-01,9.692885863038569472e-01,9.082427684835415738e-01,8.621027828698599738e-01,9.278363658725939933e-01,3.421374441300955027e-01,8.911489468591899943e-01,8.705977520297356609e-01,9.713387058312893396e-01,6.534079534502216235e-01,3.311852090177869745e-01,9.811012129909943980e-01,6.020745673889822402e-01,7.044205805615840754e-01,8.527120217861967610e-01,9.034586930224314250e-01,9.919565049005127921e-01,8.628346828306151517e-01,3.518238547561794438e-01,6.705609454999842400e-01,9.306238241961830582e-01,9.209329667225332194e-01,9.726413072350126310e-01,8.986568754038476436e-01,9.243010219741117917e-01
8.944351519251934057e-01,9.165289045898291631e-01,7.761439184472844754e-01,0.000000000000000000e+00,6.267717929237675012e-01,9.063836719918906271e-01,3.653819160862535886e-01,9.519428828944309640e-01,7.016744443646451002e-01,8.777760552179465492e-01,8.864570408086325237e-01,2.674742671484557355e-01,7.141046556619642383e-01,4.005002803273953749e-01,3.674632699244241296e-01,6.442214587408046089e-01,8.180613266985308218e-01,8.393066753859648177e-01,9.371911080309267561e-01,6.025590188513603174e-01,8.484172415682404989e-01,9.569817933092054085e-01,8.091134752004497388e-01,7.723894011640932700e-01,4.978267390941130688e-01,6.324874588926817642e-01,4.137204600939853316e-01,6.355107077817546690e-01,2.690498228296935856e-01,6.620146923553582585e-01,5.547537489044063186e-01,9.237550016688722554e-01,3.344754434893082995e-01,7.329814617649090813e-01,9.711026587107730590e-01,6.780378187315616589e-01,3.848032271631303125e-01,7.539363687298951122e-01,7.095746542151751823e-01,9.017448748871017550e-01,3.973506412092542295e-01,9.447335024948123605e-01,7.804805726414056899e-01,6.991786373244077701e-01,8.428758006168703965e-01,4.301186949020368022e-01,8.342092498988125104e-01,8.775535959901984429e-01,4.381525889124356921e-01,8.733606041347009574e-01,6.061438735194391025e-01,8.436628015919740431e-01,-1.557183766346657006e-01,8.100321856650156693e-01,4.558128088770137532e-01,8.321439182288500325e-01,3.802889887047138373e-01,7.029841687512151660e-01,8.951272639925597074e-01,6.954772252706552527e-01,7.242822097657260205e-02,6.406577657548639948e-01,2.375699508611901767e-02,8.639691080858857841e-01,9.319446399334407882e-01,7.641183786497731667e-01,6.389464247400751251e-01,6.401876070260594798e-01,7.889187702071347452e-01,1.344560282967228459e-01,7.682326049808763102e-01,6.450356063262250306e-01,-8.965141282266320122e-02,2.443829307793635441e-01,6.936340892208013864e-01,6.988663460350663659e-01,4.835324017184944312e-01,8.327550261243737983e-01,2.439397001856344060e-01,2.656747365544385314e-02,4.024378781527310212e-01,6.656496095949129277e-01,9.189263647935050905e-01,8.213231308253246543e-02,6.770526245105179530e-01
8.336842980313572404e-01,4.324271091733113970e-01,9.603428583296085286e-01,6.267717929237675012e-01,0.000000000000000000e+00,8.806122610737429079e-01,5.233305154924590141e-01,7.209590206012904678e-01,6.822575399925487893e-01,4.501102296972243066e-01,8.946841831773925113e-01,6.473088140432843307e-01,8.060814900391023441e-01,8.423872948179775833e-01,8.679085816992265778e-01,6.397650533044976218e-01,8.258660634921648480e-01,9.689276334241119226e-01,8.487924860589427523e-01,6.113112035455795512e-01,6.095817432316699147e-01,7.254866380927085245e-01,8.243551157897456294e-01,4.459875757460898815e-01,6.720933252253574741e-01,6.259849520368536702e-01,9.908990643411639265e-01,6.367257037340312564e-01,3.068324784229422009e-01,7.159611734193159771e-01,5.835236601623421393e-01,6.469673781186700001e-01,8.959268967557896257e-01,7.290535806993765355e-01,4.506818150515299881e-01,3.329259170683960267e-01,4.645406410834849176e-01,6.263483774732236942e-01,7.913300349181789928e-01,6.348864403840245307e-01,4.579659207219710093e-01,7.125777248549373111e-01,6.607319446620207870e-01,8.452297627243537947e-01,4.748455380956929095e-01,6.303144384231981201e-01,8.443709508143270037e-01,8.227459040217627306e-01,5.921318592779702961e-01,3.660578611462941140e-02,4.236322863992576515e-01,5.475185871839798324e-01,7.480939010224102459e-01,6.651057534916673397e-01,3.526197316352353561e-01,7.222510131158438318e-01,7.831025712577674991e-01,8.075708439769289093e-01,7.766380963211156896e-01,5.951543531557510480e-01,5.003248677025959879e-01,5.377243239827153021e-01,7.884270272567714954e-01,5.040802215952733256e-01,7.679447324872257230e-01,9.257768555466090454e-01,9.542190120599199910e-01,6.314449845351466362e-01,4.667361354615214841e-01,4.148485526814940094e-01,5.252112554421444202e-01,5.944902673254285341e-01,1.759893348059865525e-01,4.291582000858989998e-01,7.742347709996446614e-01,7.113548986495338289e-01,5.091470515238281092e-01,6.288794367128662799e-01,9.209288624502118825e-01,5.933856491529612143e-01,6.765597568322826438e-01,6.550331930331173558e-01,9.393727889675445031e-01,-2.766514789911665995e-01,9.295036109916221534e-01
8.989072149673993373e-01,3.065471340656211185e-01,3.791422960801845710e-01,9.063836719918906271e-01,8.806122610737429079e-01,0.000000000000000000e+00,2.332818886272553516e-01,8.874833328512575781e-01,9.363560226700813338e-01,2.846341820784025756e-01,4.310949911786203792e-01,6.500700617334669307e-01,6.574848621811024696e-01,8.620319185979743448e-01,7.173511001357441019e-01,6.097735748380612719e-01,8.430881473460638542e-01,5.562355166387467076e-01,6.049743859637786159e-01,9.402988829984813002e-01,8.951666762322545434e-01,5.510018820766573455e-01,8.486687902519806093e-01,5.207636851110998277e-01,6.317542890858136584e-01,9.779577372708253558e-01,5.906498208725468047e-01,5.769697059459266697e-01,8.743012285239095682e-01,-1.741211258776140247e-01,4.947610399361895839e-01,4.055662631693136011e-01,4.075954902338023711e-01,6.038143784900761313e-01,8.373069349310247045e-01,5.953297804213351085e-01,5.197591638912862910e-01,3.207102051617385929e-01,7.823807141342986604e-01,8.668025399117896823e-01,6.829720962165066744e-01,8.333017313518985558e-01,9.705077436514655265e-01,3.848428345731729205e-01,8.011268658907763074e-01,7.755121987148395624e-01,8.609312618596252076e-01,2.414425304706748973e-02,7.491369464008719170e-01,9.982091509868512569e-01,4.126384685773543115e-01,9.577516861903421219e-01,8.763174414408146928e-01,6.570305978420462045e-01,8.074160119888414977e-01,9.503351205328279816e-01,4.248621202724020551e-01,3.461657049746158510e-01,8.813282689672342629e-01,7.633172331438415892e-01,4.717615731550913738e-01,9.358338368008894959e-02,6.041024073503741265e-01,8.592674219483065201e-01,6.013198847440360817e-01,5.645971664488734776e-01,6.826160807429313415e-01,3.677495103135365317e-01,5.072382582142460627e-01,6.823494912779992649e-01,9.211971518927439817e-01,4.300196444368739601e-01,4.350218263647188111e-01,6.424579923161582995e-01,9.097352760032704211e-01,7.090917917702057593e-01,6.877949838381134384e-01,6.567111139683736720e-01,3.971149202974582071e-01,5.771054842085142633e-01,2.791376678142264423e-01,6.726751208234116319e-01,9.299433219986035226e-01,3.526409131816461429e-01,8.335955487510271489e-01
6.936186276914514393e-01,6.363396273425470095e-01,4.594887396522995271e-01,3.653819160862535886e-01,5.233305154924590141e-01,2.332818886272553516e-01,0.000000000000000000e+00,6.253072276418548681e-01,7.644967576728313174e-01,2.153441651522377542e-01,4.798053952845665049e-01,2.902959749649881016e-01,7.082610856324736970e-01,4.519340400877152608e-01,6.292544300147898673e-01,6.806050289320381141e-01,6.680975248355514040e-01,5.727517572517001332e-01,6.011167968705681819e-01,7.068340648469813026e-01,6.634768633010561523e-01,2.967266602448304647e-01,7.254121085083219400e-01,8.197224633741203581e-01,5.444002471724705972e-01,4.846158657473418896e-01,4.056910794405595433e-01,5.241504022048943945e-01,4.118149194250524947e-01,-2.941899694577718716e-01,5.576642474379185366e-01,8.742745019946667195e-01,3.748621408879210248e-01,4.382998231031886571e-01,3.133387947126710094e-01,5.143814917000312237e-01,3.257132510592094521e-01,5.575971288084742294e-01,7.618549512676686675e-01,4.819340509797679362e-01,3.678283409041539498e-01,4.470114040389276955e-01,6.398226355110161467e-01,4.351985011029920192e-01,8.878902642342088036e-01,5.168501116469523815e-01,4.947122489040238769e-01,4.949000373684994125e-01,6.008781430045162519e-01,5.142771973465113389e-01,5.842933999932280464e-01,6.703061620097667817e-01,6.867867385723285256e-01,5.440353903172796546e-01,4.273781936629272860e-01,6.734558566393924472e-01,5.739373631858645242e-01,4.867847694904505751e-01,5.363684862961410893e-01,5.220509841105901438e-01,2.831343751494079797e-01,7.132672533127194514e-01,4.436716232236206925e-01,9.699654861669105843e-01,9.366165407896278605e-01,6.026526156869896900e-01,4.913281026652936007e-02,8.055021463324435471e-01,7.892824023887368146e-01,6.542183897341765642e-01,7.088395891122416526e-01,5.360988166733827720e-01,7.358371147859810169e-01,2.224448372880504787e-01,5.226582140629155715e-01,7.921685944732377305e-01,9.142593743379219262e-01,6.707933353347080851e-01,4.274256672278833324e-01,2.624082892731480765e-01,4.643264783218020719e-01,1.083141990773046209e-01,4.396592999054580453e-01,4.264939674118727320e-01,4.600975148457574493e-01
4.891028023474287001e-01,2.192692913494034834e-01,8.645759990496245662e-01,9.519428828944309640e-01,7.209590206012904678e-01,8.874833328512575781e-01,6.253072276418548681e-01,0.000000000000000000e+00,5.767778289435854244e-01,6.843611157300542869e-02,8.661499563034731342e-01,5.022755789465357390e-01,7.638862837006740181e-01,3.016907708416482481e-01,2.105240936638226312e-01,4.257710959304293885e-01,7.697948373240539599e-01,6.478205900264488726e-01,4.877644963839743997e-01,6.024944945222707737e-01,9.442039305469540622e-01,9.783021419680770769e-01,2.539728247318499554e-01,8.735835842130357243e-01,8.567711287648347440e-01,4.134974472339380536e-01,7.654530454047190347e-01,8.147085390763240120e-01,1.481507533757129291e-01,6.250975729664299818e-01,4.132285859698557329e-01,5.462116822306956054e-01,5.447645556927911414e-01,7.788059821818350548e-01,7.105830631961648214e-01,5.118027234732601682e-01,5.330549319689351639e-01,5.148519732566062546e-01,6.471956232122064723e-01,6.046842360899874480e-01,5.217470761024800563e-01,4.133490131971870318e-01,7.422677017867771454e-01,4.776125306597905906e-01,9.735814712343213717e-01,9.085404057012218537e-01,7.091804165493099665e-01,6.123475482406574022e-01,4.389554171781451797e-01,7.435771935990943549e-01,8.689502594761465692e-01,6.366648791726515766e-01,2.196457860171096288e-01,2.004681979213707721e-01,9.123847667868956179e-01,9.045457393969037474e-01,7.302631875081926349e-01,6.646934099776541371e-01,9.236178639833449999e-01,4.659709299554551376e-01,3.189831636736216725e-01,6.549820958453705932e-01,8.194047849580076148e-01,6.642513774270391025e-01,6.067300587759073549e-01,4.670357458165882436e-01,4.591350656294101440e-01,8.448992643439938721e-01,5.560775978118961405e-01,4.127802290519447803e-01,6.662815159935907561e-01,6.413790202402025464e-01,5.357854451485283276e-01,9.955018116541231032e-01,4.782059665827260719e-01,7.893980189566727201e-01,7.919468154033882934e-01,8.930387297785767897e-01,4.100162003071160521e-01,7.137353310038649923e-01,7.815627780973112282e-01,9.374594552361481536e-01,6.468053129564569348e-01,3.891264388195718738e-01,5.662533588898061021e-01
5.674127785137339508e-01,5.205158236149336481e-01,7.405720692593493748e-01,7.016744443646451002e-01,6.822575399925487893e-01,9.363560226700813338e-01,7.644967576728313174e-01,5.767778289435854244e-01,0.000000000000000000e+00,5.096749346201759900e-01,7.852195350859894063e-01,5.608044996982930464e-01,3.006881740377328471e-01,6.831141289828219776e-01,7.343283439208727614e-01,9.985338219106113522e-01,7.573836052472874281e-01,6.039414601962006524e-01,8.439992834056232462e-01,7.963460333258429724e-01,7.906367338451478766e-01,4.974468808570858824e-01,7.391701965447212697e-01,4.709888586791157739e-01,8.514917609221521744e-01,8.905207202168384795e-01,6.673167171931302377e-01,7.168710369734109245e-01,1.640885564527724272e-01,6.741969858629712764e-01,7.829576007983052310e-01,5.003664053641126985e-01,6.502801683755371487e-01,6.681558863696667183e-01,8.187419861858388215e-01,7.185822559927298459e-01,7.022461514666893390e-01,6.879568596323445417e-01,7.987714330076729485e-01,7.682317662466944252e-01,2.201254213679411376e-02,4.123267860573279209e-01,9.425447113819316325e-01,7.886401616590266173e-01,8.953674065114188840e-01,1.274684979010728136e-01,9.040854008395164954e-01,7.040132675402964724e-01,4.719199723826359438e-01,6.630257217724844221e-01,6.473356424220338967e-01,7.658232733080745369e-01,7.847600222783737145e-01,4.308220940633772367e-01,7.300009584695396070e-01,6.660962932408153181e-01,5.583918993971423994e-01,3.766924958793320677e-01,8.715419329073250676e-01,3.158372583904531794e-01,2.100488097233437768e-01,3.155850860372424460e-01,4.947991844291380059e-02,7.067216494430982321e-01,8.492126056881871277e-01,9.778175219448466127e-01,3.913254599079585283e-01,9.258338833265803425e-01,2.860615056930145839e-01,6.361205758889534323e-01,9.302377331792082149e-01,9.768050024864369796e-01,6.217147386236214768e-01,3.109798311487639300e-01,6.658650631580904644e-01,4.838793822840107839e-01,4.816716152056185751e-01,6.151255974365928969e-01,5.564986542871965813e-01,4.606663619472111115e-01,4.463049497165257895e-01,8.792287966469949367e-01,4.145609899268904441e-01,2.296532277931729038e-01,7.058107030383692360e-01
9.411621613959344490e-01,7.425772876789511479e-01,6.142524931606060390e-01,8.777760552179465492e-01,4.501102296972243066e-01,2.846341820784025756e-01,2.153441651522377542e-01,6.843611157300542869e-02,5.096749346201759900e-01,0.000000000000000000e+00,8.106050525230652504e-01,2.909021105891255177e-01,9.040393293431377986e-01,8.968095741895523165e-01,7.000952727338720649e-01,4.365500274145313053e-01,8.906850008378582872e-01,9.559840183251444579e-01,1.272171736565116673e-01,9.858946751472114078e-01,9.918779804157287217e-01,2.614630186234752629e-01,1.154240404680117876e-01,6.911764955702158764e-01,5.140490397286413549e-01,6.377961486310054218e-01,8.403046590438129071e-01,3.418668756386349372e-01,2.993342001828916965e-01,4.464624293771666808e-01,7.725696785138173039e-01,5.086044227165675835e-01,8.722416585213708107e-01,7.156417597867833491e-01,9.769970145548754203e-01,5.455125525917288165e-01,1.296696553439542765e-01,5.627748417968299055e-01,8.092360290374092102e-01,4.125257591572258908e-01,7.649519772999141543e-01,7.229205748696474476e-01,7.615023636443701838e-01,9.071986694000122586e-01,6.133425282549060942e-01,9.967953609365629575e-01,8.858080254027602685e-01,3.143276121681771729e-01,6.551717132661141196e-01,5.944826926474418016e-01,4.283616954177146829e-01,-4.185321881345960282e-02,8.819906510142004608e-02,8.928205358047746065e-01,6.591644916326326875e-01,7.388217044225061647e-01,3.047975692131444925e-01,2.464850324492458555e-01,9.411954419307430042e-01,7.790062982405605574e-01,6.445539754682054756e-01,9.533588122396587927e-01,4.542668619830701054e-02,7.909004921660168774e-01,8.691534718715880903e-01,2.561404058656694960e-01,6.780343572254051709e-01,9.858402891596874662e-01,1.308086626536398289e-01,1.296534245682106345e-01,7.588289881730547748e-01,7.341351354093252901e-01,5.310717384351162362e-01,4.128922367586497222e-01,7.419589035587271786e-01,6.946453865863166932e-01,2.377730895218063689e-01,4.064426570259163096e-01,2.950745312357358485e-01,2.854517171200502412e-01,5.140163131346819902e-01,9.078457044237332463e-01,7.342953742700959463e-01,9.706676384782345623e-01,9.533634622011009085e-01
8.661227156158575191e-01,5.288179421443088835e-01,9.946541761565463879e-01,8.864570408086325237e-01,8.946841831773925113e-01,4.310949911786203792e-01,4.798053952845665049e-01,8.661499563034731342e-01,7.852195350859894063e-01,8.106050525230652504e-01,0.000000000000000000e+00,4.618419655599387275e-01,5.781284588180197748e-01,8.760654940374493771e-01,6.142180839166449385e-02,3.114724231118382036e-01,8.779651497087265222e-01,4.992624908790426197e-01,7.432506659747690758e-01,3.616095112818565882e-01,8.344555159592855764e-01,7.712207260174555046e-01,9.530539346509857568e-01,9.118865679023270276e-01,7.699112005365449374e-01,7.498912887364861390e-01,8.034890179628546569e-01,8.042605432975781232e-01,2.839143197228002347e-01,4.866634298014409499e-01,9.027335571769740108e-02,2.654640585083803406e-01,9.765829147766253993e-01,6.514824783231966121e-01,9.666180965082497023e-01,5.067624711615233979e-01,2.519103979235354229e-01,6.937692553051639788e-01,4.095839734280346534e-01,5.976253433001278426e-01,5.159504117495335995e-01,6.036136746294857858e-01,7.620296113632711865e-01,6.882871904435914345e-01,6.872380189887443702e-01,8.323636391237427823e-01,5.199919991190362634e-01,9.449837664061833120e-01,7.995220587466705942e-01,6.970792217262076207e-01,7.397941262864891065e-01,8.552346530149599335e-01,8.527618848074782765e-01,9.837100503675306751e-01,8.799665339605373671e-01,6.304734046873105013e-01,6.459287243263455158e-01,6.453314840908142003e-01,7.810022845210105036e-01,1.256543065012983573e-01,2.243618598955537669e-01,2.174186692282127908e-01,5.532581818846143973e-01,8.460806344076024499e-02,7.163134747869750463e-01,1.807956894142878912e-01,5.207540489308134513e-01,7.260911002461153396e-01,6.845951435246840910e-01,9.697204528012142166e-01,2.860174577810128960e-01,5.628819200555343905e-01,4.270166987007258941e-01,6.964544929643470272e-01,9.821973232086627092e-01,2.729163014275474142e-01,7.799499892745604956e-01,7.047095331833080900e-01,5.840848703432934830e-01,4.517902713669063042e-01,6.136891750734683182e-01,7.507902538304603857e-01,7.274065664398539077e-01,7.029628196567261345e-01,7.118316608980117532e-01
7.370193718741017141e-01,8.627589269130907512e-01,3.609420194300264617e-01,2.674742671484557355e-01,6.473088140432843307e-01,6.500700617334669307e-01,2.902959749649881016e-01,5.022755789465357390e-01,5.608044996982930464e-01,2.909021105891255177e-01,4.618419655599387275e-01,0.000000000000000000e+00,5.958127007750355641e-01,4.946408364169583294e-01,9.234325787055600587e-01,-1.169857300581750303e-02,7.244977595906387791e-01,7.241889133239596266e-01,9.418547279706950270e-01,9.548044886270070641e-01,2.109589887612698944e-01,8.456463418510321572e-01,4.657779311863510241e-01,9.547017192532578633e-01,7.416654100817934303e-01,8.482998996732931118e-01,6.169150431177210514e-01,6.705757648934752568e-01,5.107758949791707526e-01,-1.786957245912155767e-01,7.269493671007111191e-01,7.485629486709820535e-01,6.961458604099944880e-01,8.871978405785850841e-01,7.260683878765633592e-01,4.404306130224434068e-01,2.050389518476939399e-01,7.873251220276884510e-01,6.568716529580073127e-01,5.814218058594085026e-01,5.440661733703882064e-01,7.794172060289674686e-01,6.918443076586850982e-01,4.977342644010295247e-01,9.904470622612668862e-01,7.780613073658616541e-01,7.546333817190613580e-01,6.660740724779885547e-01,1.448588530969476540e-01,4.897462752600637570e-01,6.122903425479626627e-01,7.989195434580147470e-01,7.127285516874078963e-01,6.396556311961709707e-01,7.879496959929117583e-01,2.526322199259144474e-01,7.813691347583766600e-01,6.929379589217348201e-01,7.155581517236546674e-01,6.622987141345302309e-01,6.064924132496224418e-01,8.535926127422505116e-01,6.117850052994698862e-01,9.930950568008580781e-01,9.181448767716586801e-01,6.572746598556779007e-01,8.901994912893972378e-01,6.625945414767664410e-01,9.278751862498216818e-01,3.324962730318800075e-01,6.615667952007472374e-01,4.472072548109465862e-01,7.338106860110008567e-01,2.555962166384768697e-01,9.376321054561065349e-01,9.387916203975876783e-01,8.757056751852011489e-01,-4.035082192621053387e-04,5.947486332416015431e-01,2.200892844647873992e-01,5.158269418144864060e-01,9.228144988851559871e-01,4.484238831537508685e-01,6.772389180842190992e-01,6.962263665317273142e-01
8.169108882672401206e-01,4.955669514155843780e-01,8.385010549961593451e-01,7.141046556619642383e-01,8.060814900391023441e-01,6.574848621811024696e-01,7.082610856324736970e-01,7.638862837006740181e-01,3.006881740377328471e-01,9.040393293431377986e-01,5.781284588180197748e-01,5.958127007750355641e-01,0.000000000000000000e+00,4.789631948524707417e-01,7.951345010745928255e-01,6.791024533913460060e-01,5.020011414601228683e-01,9.724981806971868536e-01,8.626560799703103521e-01,6.402172861031596440e-01,9.033872805651538274e-01,7.663596214437187193e-01,6.703022926023156636e-01,8.252999977908497264e-01,9.056789843107723170e-01,8.073108700756876921e-01,5.894760935462695084e-01,7.246682159735641227e-01,8.333564257048623469e-01,7.691006560144769688e-01,7.128762144829792202e-01,1.662344182523772806e-01,6.342790831136827512e-01,8.461776241668316212e-01,4.087242997691897251e-01,4.107992039657555883e-01,7.531286055037950122e-01,9.647754269574743136e-01,9.884629381255554126e-01,8.702786443380796655e-01,7.729145590759108897e-01,6.342929572435959118e-01,3.765335598804425699e-01,7.260991827992908654e-01,8.559263657914091272e-01,4.523626908858998652e-01,8.823271946655513176e-01,6.756329757728776197e-01,9.601497274709246410e-01,6.484377681257113002e-01,9.303468159604354470e-01,7.598919723107053770e-01,8.820723494025397571e-01,6.540728161837618959e-01,9.474058682247694652e-01,7.220354343642068073e-01,8.703826953934814536e-01,9.191001589910494651e-01,8.024196005430623835e-01,6.044098290522648131e-01,4.551540398051588387e-01,7.476784631552614302e-01,7.909071946836921940e-01,6.327054169750232493e-01,8.433138631735782598e-01,4.516131493814381503e-01,9.323925119326285094e-01,7.961112816890556498e-01,4.594468565419983497e-01,7.027822781959354170e-01,7.896696226580297573e-01,8.377781655604248368e-01,4.418597141057445943e-01,3.032443755248159789e-01,9.169598442147395279e-01,9.155715735439506897e-01,8.596969637900513383e-01,8.399519189439186295e-01,7.800054489968716309e-01,4.394203324116718878e-01,6.648581289856564380e-01,9.299252358400774687e-01,6.357547125140232680e-01,4.547595823473873922e-01,8.669231356941962119e-01
9.728387169602434881e-01,6.317232202525778773e-01,6.503361433891612364e-01,4.005002803273953749e-01,8.423872948179775833e-01,8.620319185979743448e-01,4.519340400877152608e-01,3.016907708416482481e-01,6.831141289828219776e-01,8.968095741895523165e-01,8.760654940374493771e-01,4.946408364169583294e-01,4.789631948524707417e-01,0.000000000000000000e+00,8.208521673088757797e-01,9.227792154451844864e-01,7.015651084537797288e-01,6.518759767477454448e-01,8.600995798398066716e-01,9.840487551699341751e-01,8.524314033188669093e-01,9.578448418680121090e-01,9.026794008003092840e-01,8.605989465577289499e-01,6.196822907212328202e-01,8.777990364279372182e-01,5.180055316214124961e-01,8.673237722877449318e-01,5.937434053290933100e-01,4.194339134391915636e-01,3.800265709607458242e-01,7.095559128523589720e-01,6.756755064011896739e-01,7.388574470624279522e-01,7.437242985172869414e-01,4.845954111223477190e-01,3.595387063349897439e-01,9.337719341170825915e-01,6.205587848569480425e-01,2.801230195970349501e-01,3.846959691991268526e-01,6.577161984234788372e-01,9.478180708588612724e-01,6.816338554894262325e-01,5.971497228621652775e-01,7.896639689499245218e-01,6.510279522416549947e-01,6.681152513047636798e-01,8.902107565727289673e-01,8.897199001531289619e-01,5.339933426292056695e-02,9.499932182077046594e-01,9.577855826958929786e-01,7.348746987435321731e-01,7.635817860720183203e-01,8.747530442263327100e-01,7.829068434295152201e-01,7.463449414409740745e-01,7.337437262732173782e-01,2.524086421342931486e-01,2.776584776152716261e-01,4.392757557957679970e-01,9.435559647868545508e-01,7.357995358309876721e-01,6.939544378911178812e-01,7.281678193909367769e-01,8.032206226278489902e-01,3.213186923592543653e-01,5.599345244476472416e-01,8.524996207655617386e-01,6.599366328439985052e-01,4.428475506550448859e-01,7.055378538112095921e-01,7.744702286273159597e-01,6.023870642741966375e-01,7.039233180451924810e-01,2.480090398098723226e-01,8.009864900346032046e-01,9.754751545973232574e-01,2.512994349696610619e-01,4.165912518248441332e-01,6.086696425123971910e-01,7.400085642113745088e-01,5.575836401536481413e-01,7.475645684298359850e-01
7.057403264668465903e-01,4.549486970931535534e-01,6.848177548723439756e-01,3.674632699244241296e-01,8.679085816992265778e-01,7.173511001357441019e-01,6.292544300147898673e-01,2.105240936638226312e-01,7.343283439208727614e-01,7.000952727338720649e-01,6.142180839166449385e-02,9.234325787055600587e-01,7.951345010745928255e-01,8.208521673088757797e-01,0.000000000000000000e+00,3.019671467496031769e-01,5.133832489967611323e-01,9.437667570824054275e-01,8.359563924314405980e-01,8.530035631684131925e-01,7.298556602614402200e-01,7.311140664156209334e-01,5.225385694250960222e-01,8.712903304703658591e-01,9.404119012971523528e-01,6.843924956740254917e-01,8.531546871285771161e-01,4.297849036401262257e-01,6.870979358731828246e-02,4.028052994665772824e-01,7.179381185245982122e-01,6.604430128827352142e-01,8.841099773097600700e-02,6.314420207889374081e-01,7.144876873846338627e-01,2.502086333325256873e-01,3.355284989393558237e-01,6.586134276053594583e-01,7.296441411519732911e-01,7.256601439942558240e-01,7.568492075696396926e-01,6.042713056263239180e-01,8.069307073327883773e-01,9.787321314675928585e-01,7.861455570456444830e-01,7.198498719772494780e-01,3.820002654292796729e-01,2.788488275378826486e-01,4.420397560166955397e-01,7.725967050039415085e-01,6.151961060596897735e-01,6.629172311709722321e-01,7.209560575823377171e-01,9.458584980868220971e-01,8.226915633589053645e-01,4.426033233517334686e-01,7.333135110188665484e-01,9.868309680071317702e-01,8.537973901398790977e-01,8.092768824702123442e-01,3.122423587936183353e-01,4.695842579597102051e-01,5.130212544815794251e-01,9.599694665798597093e-01,6.111875553785111048e-01,3.092177110276198571e-01,9.702448937509113858e-01,9.665037930565028024e-01,5.096783297196069151e-01,3.361704339958462157e-02,6.855973547908797983e-01,3.256981465013311094e-01,5.150545732814860722e-01,5.413939085964789566e-01,6.519637214174859308e-01,6.741183883036860891e-01,8.391448914972228501e-02,4.618536842435295720e-01,7.327163771303681905e-01,-1.311520204560739922e-01,4.140743986083800232e-01,8.360084601859925080e-01,6.337160553574829880e-01,1.891091037898439409e-01,7.889751684203765159e-01
7.316393361861482925e-01,5.660541708275768080e-01,9.558229782054442070e-02,6.442214587408046089e-01,6.397650533044976218e-01,6.097735748380612719e-01,6.806050289320381141e-01,4.257710959304293885e-01,9.985338219106113522e-01,4.365500274145313053e-01,3.114724231118382036e-01,-1.169857300581750303e-02,6.791024533913460060e-01,9.227792154451844864e-01,3.019671467496031769e-01,0.000000000000000000e+00,8.205215466289403903e-01,-2.330621653986805208e-01,5.044351408053463492e-01,8.733609832351177937e-01,6.537663207587244285e-01,6.396088457940414251e-01,1.014950387820736932e-01,8.282580480457467642e-01,5.655321968395999876e-01,5.785240344444728677e-01,6.888007961028591586e-01,7.669317298098587976e-01,8.150874024599553680e-01,5.144272293138325569e-01,6.134449263708330324e-01,7.741593428747297612e-01,8.488795013796331945e-01,8.839575344635710596e-01,6.879695276153768857e-01,8.410622794336247710e-01,2.202572212117303863e-01,6.674193083101912505e-01,8.893230633523725448e-01,7.039689043789290057e-01,5.633783535373828588e-01,5.924488212425220723e-01,9.257279720979415538e-01,9.168826387119106691e-01,6.404267190670779319e-01,5.349799015274330216e-01,6.196844493054030067e-01,7.727777529393259348e-01,6.041121512840078589e-01,5.513767193184205828e-01,3.381389115570448967e-01,3.025886420170454394e-01,8.424435154595183439e-01,3.526769848024798870e-01,9.205015021091966787e-01,7.986692401240245154e-01,5.698173186682442548e-01,6.552842924519713952e-01,4.625847341554690795e-01,2.314156162362148161e-01,3.432664928203620347e-01,6.957539999092364758e-01,9.305381585092624697e-01,9.722255005958581053e-01,7.640747086989415626e-01,9.652718273785551029e-01,7.814879470056690369e-01,8.328342514367251814e-01,5.266311403608949782e-01,9.642714636237043058e-01,5.528600799220677597e-01,8.197018712358005166e-01,7.500014573598395851e-01,5.887184579892785763e-01,2.359392453262583456e-01,9.225621997099984206e-01,8.769275181859667034e-01,9.049991742664731387e-01,7.632645343451583964e-01,3.441327826484352759e-01,3.793119652918758300e-01,6.442755884977819925e-01,6.151331407282037977e-01,7.810340279910095163e-01,6.007904868679163624e-01
8.249479138917474863e-01,9.454319355646044754e-01,9.331027489458287860e-01,8.180613266985308218e-01,8.258660634921648480e-01,8.430881473460638542e-01,6.680975248355514040e-01,7.697948373240539599e-01,7.573836052472874281e-01,8.906850008378582872e-01,8.779651497087265222e-01,7.244977595906387791e-01,5.020011414601228683e-01,7.015651084537797288e-01,5.133832489967611323e-01,8.205215466289403903e-01,0.000000000000000000e+00,8.722245479412250591e-01,4.611930360423127651e-01,5.792038381803195080e-01,6.849721686351486483e-01,6.499235412488492125e-01,8.455351071384232808e-01,8.875443916542831158e-01,6.449767587677728287e-01,9.813799484439953424e-01,8.914387047978740153e-01,8.596247687409368510e-01,4.133521058066192411e-01,5.926923134938466564e-01,2.742847246550762508e-01,7.447983194790822603e-01,7.215886454871976996e-01,8.335800793117530416e-01,9.361781031203376680e-01,7.647518982007039945e-01,2.074117997641035105e-01,4.679100076407697872e-01,4.249813509779210019e-01,5.233275322329680179e-01,3.394451350273887114e-01,6.055341108385691173e-01,8.015073617359871339e-01,4.234516240079111427e-01,8.889471314511134814e-01,9.140617781177398093e-01,7.185058112134512509e-01,9.118355580781655201e-01,8.317791708883008894e-01,7.104870663246409812e-01,4.291556643944021143e-01,9.374179608948352005e-01,7.932418478620502089e-01,2.985766584899227083e-01,6.939687637796170261e-01,8.229542292315974450e-01,7.823546369263232325e-01,9.410223139156692618e-01,6.647931096418876473e-01,7.948094319556822107e-01,4.700069330084867825e-01,8.823453228682374139e-01,7.815370142659341379e-01,9.335353512666765274e-01,8.257642937929460247e-01,7.554256725796369976e-01,4.551251628082014222e-01,9.004534547578681991e-01,7.678769098551324612e-01,8.820156468964741592e-01,7.934606323402171313e-01,8.184058935102247467e-01,5.767820529080098790e-01,2.057969048544444068e-01,9.415718751551471755e-01,3.808378506441464917e-01,6.360698973738676543e-01,9.172812491509831911e-01,2.732402647497710335e-01,6.194289939701044245e-01,5.401801861439718966e-01,8.639805521281707090e-01,8.826635113083514117e-01,2.692347118275271178e-01,5.743514515335511605e-01
9.388386585107511006e-01,3.269329947346237830e-01,8.331053198465011578e-01,8.393066753859648177e-01,9.689276334241119226e-01,5.562355166387467076e-01,5.727517572517001332e-01,6.478205900264488726e-01,6.039414601962006524e-01,9.559840183251444579e-01,4.992624908790426197e-01,7.241889133239596266e-01,9.724981806971868536e-01,6.518759767477454448e-01,9.437667570824054275e-01,-2.330621653986805208e-01,8.722245479412250591e-01,0.000000000000000000e+00,5.639217645466438888e-01,8.146382154039384371e-01,4.313281269067880119e-01,6.684046484934106358e-01,4.431101916259017615e-01,6.088981213814027571e-01,9.949412460292063054e-01,7.327032033089760921e-01,8.018870241761418827e-01,1.206344381680792693e-01,5.344200387045362488e-01,3.039486518222205280e-01,8.807883048995134023e-02,5.914607464018033500e-01,9.827133390165477822e-01,6.906883146784893457e-01,4.338552284096611755e-01,5.531408129940480478e-01,-3.186909785552205499e-02,7.544306775952027699e-01,8.740277213397589229e-01,4.359517114467775234e-01,5.370416611099784188e-01,4.788660657434217205e-01,8.550124502361148293e-01,6.817515844116539547e-01,8.594169044080902653e-01,6.248223952574295526e-01,5.910497201110870291e-01,4.276783099479787298e-01,1.879182885673773562e-01,6.065582613453756045e-01,7.500990303184533747e-01,5.850647503233586955e-01,6.891728605045618350e-01,2.758108957167809683e-01,-3.737592411557985606e-02,8.675372880779710361e-01,2.723933421620975404e-01,8.317126373930946448e-01,7.968120571706786004e-01,5.437161885040835418e-01,3.399710536822412310e-01,9.974291877102186010e-01,9.820199141757953720e-01,9.168689427176395235e-01,8.751846137706853490e-01,5.427639174345687545e-01,6.141551752804712550e-01,8.336285119803636956e-01,6.958434008220033551e-01,7.270691636262763824e-01,7.520576219472141499e-01,7.232915673657788203e-01,1.417076413191085404e-01,7.084423300197145723e-01,7.625173932354765149e-01,6.926398655193173326e-01,6.186568359380869575e-01,7.029902914420875781e-01,7.472958670668902181e-01,2.087501672478914716e-01,3.600526693902183495e-01,6.190682618469941501e-01,7.441823950004018418e-01,6.656650938324507605e-01,5.995794876016442565e-01
