0.000000000000000000e+00,8.676843093912577354e-01,9.805114941340398182e-01,7.658322884216479665e-01,3.431965095439076796e-01,1.848403320155146690e-01,4.416160511228757191e-01,7.719060390433256647e-01,4.339313378946506594e-01,6.127179938397769865e-01,9.879829501278838411e-01,5.290758413853935416e-01,8.744693344009880631e-01,6.669341478518253652e-01,4.011444654406790544e-01,7.442436522088184958e-01,6.462799820936573347e-01,5.513889026367484458e-01,9.221193796673099463e-01,9.201080898808045028e-01,3.609772411273195480e-01,9.343344832572755276e-01,7.373177269959079183e-01,9.305643955284516045e-01,7.838344756265203106e-01,9.178274768443160925e-01,6.566683136152763334e-01,5.995696827070585710e-01,5.324963012888200842e-01,4.636027123778561632e-01,3.215767239938915889e-01,8.414112878049777589e-01,5.720191361041279121e-01,8.084499748075933967e-01,7.271311638323937343e-01,5.684160097989506000e-02,-1.643748215604295959e-01,8.322665160465175793e-01,8.021528850464937355e-01,9.262995482318989726e-01,3.896187387005477509e-01,5.030119080463802961e-01,4.378385410187538018e-01,8.260650829925928473e-01,6.277372981593654089e-01,7.765331044845011910e-01,7.048054876664064938e-01,7.336232486307100453e-01,6.573307235994999553e-01,3.699237414034176608e-01,6.234864332605457582e-01,6.666298831913627376e-01,6.602616071669191733e-01,6.378553311149878224e-01,2.857910516649084243e-01,6.573647772608856021e-01,8.268690060464307656e-01,8.957127719354051054e-01,9.120398148306927411e-01,5.842869577717200169e-01,7.335828052213280159e-01,3.596364176564491588e-01,9.027027576880202187e-01,4.524245080605754366e-01,9.668868105273389357e-01,8.834724620563131348e-01,9.855278023194719017e-01,8.143322528231291546e-01,6.866646371377004288e-01,4.977302861645848675e-01,9.920597378519124820e-01,6.335760908613299325e-01,2.037921749464212950e-01,5.097263487809459148e-01,7.832999449800668312e-01,9.334228300869336081e-01,8.194479297538255214e-01,3.647666361546020308e-01,3.866455259636643049e-01,5.643447599162563222e-01,8.432347460028740693e-01,9.802080428862542938e-01,9.673942582885109998e-01,6.737358388594230085e-01,9.445949525295349591e-01
8.676843093912577354e-01,0.000000000000000000e+00,7.939415349235497965e-01,-1.941992810635398414e-02,7.147272684703737111e-01,6.349073620128521389e-01,6.433375838230771526e-01,4.757026387555598479e-01,4.840723109420521086e-01,7.199324691763322459e-01,6.217284584323223839e-01,2.894346261602795400e-01,7.289709614089329159e-01,9.165263038682114338e-01,7.344724264344297815e-01,2.702599168359674509e-01,1.037317039598369545e-01,8.536420418300985080e-01,8.018427704965414016e-01,5.833398137634843161e-01,9.531945639093362121e-01,3.380328663151630497e-01,6.997597708001884742e-01,7.295345222799272111e-01,5.663402016375900239e-01,8.176231178282190593e-01,8.033979087336907687e-01,6.288535979281555388e-01,8.968823066654655340e-01,2.859511218161734925e-01,3.928816104886763139e-01,7.686917450194175050e-01,4.553344130024200576e-01,7.982006310864299126e-01,9.080129273743121621e-01,5.322922625482813253e-01,7.737752651348672739e-01,4.976246887196624780e-01,7.666512952638012690e-01,4.818218332044631458e-01,8.284435242643647390e-01,5.601082920657725062e-01,9.109629993786968472e-01,4.723537428942901628e-01,8.874772568279395424e-01,4.414139579772793920e-01,9.543290293614778985e-01,6.430021435631089188e-01,4.315442125835809994e-01,5.198842151654502475e-01,5.055970001171432582e-01,4.205777881004165164e-01,7.462661216321437863e-01,9.372276129562906455e-01,9.069861995836068225e-01,5.255060987669667449e-01,7.012121857778444989e-01,6.366016609601227172e-01,8.290805616145456858e-01,6.141020965802930220e-01,9.585290211490324896e-01,7.000179039415227455e-01,5.809458468648672769e-01,5.342085209122825473e-01,8.971019545715146482e-01,5.255371552476771901e-01,7.640788024650330135e-01,8.489335882837540925e-01,7.126395297905204762e-01,3.511104122518630133e-01,7.242157631348200564e-01,9.463217662260804408e-01,8.502326212037957243e-01,7.658952742051413631e-01,9.496463916544868322e-01,6.090481471055418927e-01,8.013520128941282739e-01,4.972610842490281513e-01,1.068735809037334727e-01,2.974159108141224972e-01,4.605612866420757956e-01,7.135326811274854686e-01,6.172580069928936819e-01,6.855838199096698782e-01,9.046424971969925233e-01
9.805114941340398182e-01,7.939415349235497965e-01,0.000000000000000000e+00,9.765340195623583019e-01,8.502882286714039672e-01,9.511013590408009533e-01,8.730966652857441446e-01,4.602911090196311061e-01,8.911105259706493253e-01,8.534761467022979886e-01,7.226948663235867043e-01,9.343660306687622263e-01,7.053130944672484359e-01,8.145513341450610900e-01,2.118031281076247496e-01,6.492249148972498718e-01,7.891889425674472047e-01,7.346172809308373353e-01,4.702275602183317860e-01,7.283307881539262674e-01,7.243819779786668800e-01,6.557738445631554614e-01,8.131598790989408299e-01,9.582977139295839608e-01,9.930593864009391591e-01,8.617773656590923537e-01,9.381083349493193335e-01,7.821345070718035419e-01,7.858179569405893128e-01,5.797134109296555593e-01,-1.185185965353081627e-01,6.080461395523991674e-01,7.897080483781488969e-01,6.411212481808502561e-01,8.298815492825655227e-01,5.373944942212751652e-01,5.645374186650453869e-04,9.481028153273227677e-01,7.576856929556391451e-01,8.487529875866661744e-01,4.974082305320629560e-01,7.627097170688333927e-01,7.217823733700455824e-01,9.051395169071851932e-01,7.133336458555686876e-01,4.358530757737471006e-01,8.997702831833603865e-01,5.347189901407001233e-01,7.474613513187767788e-01,8.472315283314161283e-01,9.881422866520384041e-01,9.425378452415285047e-01,4.439329768558286093e-01,9.991408764608753490e-01,9.177820832857697120e-01,9.336568797904137851e-01,6.936638440149426321e-01,3.946170439911518280e-01,6.504304069610685746e-01,4.364256844488884068e-01,3.928468527074485683e-01,9.643638373915051076e-01,6.565077841209214782e-01,8.969292188149932121e-01,6.566502618284466575e-01,8.954739703958977115e-01,8.589453491100903504e-01,4.408504719581630149e-01,4.632371677592015402e-01,9.662083980989597531e-01,4.582388118379009390e-01,6.761167957624747427e-01,4.204908631041001654e-01,6.472027229061254605e-01,3.621841800777000908e-01,6.134430229932508194e-02,8.479553850086942735e-01,8.412356835996025461e-01,7.974848650106742820e-01,5.687581357094879664e-01,9.363239120056916498e-01,9.182221204150485816e-01,9.471887186471940057e-01,9.061571257423318704e-01,8.722511356225094437e-01
7.658322884216479665e-01,-1.941992810635398414e-02,9.765340195623583019e-01,0.000000000000000000e+00,8.830027935195038369e-01,4.736583470256237605e-01,5.458209797801910623e-01,6.825785908509711675e-01,6.776338737999269002e-01,8.242990670496797012e-01,7.606614823049303586e-01,8.360300434561527272e-01,5.218213249717860158e-01,9.386023487805023047e-01,7.701035246454692729e-01,3.049409242821703447e-01,2.919706352026164575e-01,8.365640919443062540e-01,6.637021059726089245e-01,6.334068649068361756e-01,9.082838558980081967e-01,4.566126296412221786e-01,6.035452320177037144e-01,5.533574888609560372e-01,7.619038565436705435e-01,9.119855207987833667e-01,8.809562925282650170e-01,7.044020834664190822e-01,4.536211816813717768e-01,3.322997632582722627e-01,5.286091192079180878e-01,-1.505283340508697942e-01,4.686222223096872530e-01,6.272952465600127869e-01,2.084552425287355404e-01,7.926184270755098904e-01,2.601806512028548291e-01,7.720421420167558058e-01,9.739355920517487331e-01,4.098578660015098629e-01,4.473148406893854845e-01,9.595950870877327787e-01,6.370681505749782314e-01,5.806972953845572771e-01,8.932783757836568750e-01,8.996723215340962643e-01,8.838753883607542994e-01,7.525636719091989280e-01,6.502101812275015158e-01,7.148467956174240356e-01,1.514996034677696668e-01,9.214653424476990651e-01,8.270140675760032645e-01,7.038288926306347504e-01,2.349486258078535006e-01,7.174495400438234416e-01,9.597031523841064171e-01,7.475296286943057256e-01,8.555708922730445032e-01,7.375883512524097352e-01,5.556937903789297417e-01,7.673794120418183651e-01,5.190432414521943816e-01,7.769619386299001507e-01,8.885349549737975305e-01,7.753194499611869572e-01,8.637608891204457962e-01,6.114618285820002663e-01,7.227740314514958797e-01,9.525323695563061577e-01,7.782004432384269643e-01,6.451880731716430617e-01,1.611760908697908168e-01,2.486692764898148778e-01,7.286153571682820740e-01,7.939876111716026585e-01,7.388493445388886194e-01,5.319910089684960486e-01,7.267835509339835021e-01,3.497583951988197937e-01,7.370589974560106672e-01,9.360574296989176979e-01,9.697495082645328779e-01,7.705962784574642566e-01,9.008346871623206242e-01
3.431965095439076796e-01,7.147272684703737111e-01,8.502882286714039672e-01,8.830027935195038369e-01,0.000000000000000000e+00,8.346704921876954009e-01,6.990616508191409562e-01,4.240663182400667419e-01,7.394799601722357174e-01,6.346599957223635347e-01,8.286439506911746911e-01,7.568413546285435167e-01,7.741501854149033246e-01,8.437640920866007477e-01,9.344133889535880533e-01,8.813577182492110529e-01,8.326198039111294413e-01,6.470774183786504041e-01,4.223446833602292894e-01,9.616047500232238754e-01,9.805311541330210545e-01,4.709055041306389189e-01,6.373482739552076559e-01,9.080224608460978342e-01,1.890746904345785850e-01,6.954161646108362183e-01,8.802905246357165536e-01,7.103351339391749120e-01,6.323110404069333113e-01,2.935867206278549579e-01,7.093149300538975632e-01,3.869838026647760554e-01,9.269887420484392848e-01,7.128105597546372518e-01,2.027935463170749686e-01,7.726087958911467268e-01,6.983283784123774929e-01,7.114495530835757142e-01,9.252638409129892993e-01,6.998532723669539379e-01,1.564561828943925592e-01,7.075160392001893506e-01,6.001818047476188411e-01,5.116463740727825726e-01,8.281351196662091185e-01,6.419432338773247704e-01,8.923632462928914322e-01,9.152612873483494393e-01,6.095323369246399281e-01,7.245890479197194534e-01,2.367218334569184124e-01,8.465908075973420654e-01,6.082735958632246032e-01,9.813122618525639274e-01,9.134687026768664175e-01,9.391927299764700754e-01,7.305057783389299342e-01,9.604808161997544502e-01,7.105180407700033562e-01,9.571352852018027990e-01,1.773023161298955541e-01,8.875603222818020388e-01,6.639026074807783395e-01,9.692821510249591821e-01,4.843108938180390455e-01,5.190539923602508487e-01,8.329118255026651818e-01,8.889786794847821527e-01,4.138131605268901003e-01,8.495255659722460440e-01,5.574234631869108281e-01,4.312762797215051180e-01,4.540455675350714704e-01,4.333039823586374850e-01,7.264619469951698605e-01,8.695633557064608166e-01,9.820716345238307277e-01,1.191804884424630812e-01,3.923368563802128728e-01,3.142218999296471083e-01,2.816137230967612481e-01,3.880920327975148076e-01,7.996278148064674962e-01,5.469041321663393740e-01,2.437830326803493708e-01
1.848403320155146690e-01,6.349073620128521389e-01,9.511013590408009533e-01,4.736583470256237605e-01,8.346704921876954009e-01,0.000000000000000000e+00,5.423894801221416095e-01,7.994695342662514470e-01,9.747327428217897882e-01,8.969049024982910234e-01,4.913276600549896789e-01,7.516460928573569511e-01,5.544886955598937739e-01,9.872652075588773668e-01,7.509805441986207031e-01,3.814589778585940061e-01,7.279208848362923590e-01,7.532827017137833092e-01,7.334579992497500811e-01,8.324718483240564071e-01,8.600165189177805258e-01,6.435759645020850961e-01,7.681702660865908916e-01,9.989930512819953368e-01,4.537990036845125363e-01,3.358363562208190323e-01,4.030691386794598707e-01,7.383478527671938352e-01,6.435172919576348516e-01,5.620300681988151803e-01,5.628477441422795602e-01,8.940081464338425210e-01,7.248411763919476725e-01,8.088601323017905464e-01,8.104875157150884801e-01,4.399814933995132016e-01,1.018697773774346615e-01,7.807866436336046156e-01,2.814650634211484648e-01,9.092263772529485255e-01,5.766399636842746146e-01,5.784007797185111155e-01,7.063679074709801053e-01,5.416059742147907308e-01,6.805673590638389170e-01,9.237420439536735417e-01,8.795650277587099275e-01,8.216697519416213957e-01,2.556268146814810183e-01,5.648042893120635011e-01,7.384542822554913677e-01,5.267947776673010951e-01,4.362763688505860160e-01,6.853790293320376481e-01,5.577684258005558560e-01,9.591769796149799410e-01,9.395285849674226419e-01,7.038239690163011764e-01,6.662090231026476239e-01,1.486073907150032569e-01,2.460578336335469685e-01,7.239372845537852541e-01,4.200313898810195123e-01,9.994790263916724093e-01,6.274520402628533944e-01,9.532545703391561709e-01,2.551701988418124123e-01,4.877005215372989810e-01,8.499697383696662722e-01,6.981697425886624897e-01,4.318228339557276807e-01,-8.399265837596903150e-02,5.175559802250478958e-01,4.695608071080101809e-01,6.783380685406058541e-01,9.730439802596194676e-01,7.091715973249002047e-01,4.380701277536954152e-01,6.504744471210202605e-02,2.395658816139955571e-01,2.518743221469216809e-01,6.762558540333616364e-01,7.721364928192435695e-01,2.852634010239719076e-01,7.527857404530695629e-01
4.416160511228757191e-01,6.433375838230771526e-01,8.730966652857441446e-01,5.458209797801910623e-01,6.990616508191409562e-01,5.423894801221416095e-01,0.000000000000000000e+00,4.156238277609455301e-01,7.871972320819946578e-01,7.206952026726415328e-01,6.804940453724901417e-01,2.689661795159806190e-01,4.833402125918503933e-01,4.670989243229256571e-01,4.120639673936905001e-01,5.874968141546113021e-01,9.335917280375172211e-01,7.712739842444559235e-01,5.818354392464856195e-01,8.383557450242995479e-01,6.174820281993771420e-01,6.311421053618186672e-02,5.554048316090240967e-01,6.196258760433166479e-01,7.340841400385688109e-01,3.839130725873973748e-01,6.783135661353294488e-01,5.878205923406386590e-01,4.764235600085980349e-01,3.844037357459427762e-01,5.165180954238761668e-01,6.091685750298972968e-01,1.311504887815069798e-01,3.406023848846884139e-01,8.001791167753701250e-01,3.309987349882679286e-01,-1.282003316299132334e-02,5.048568202089991352e-01,1.478234320133062496e-01,8.459299421183436030e-02,4.742665044089041104e-01,5.337945342878192001e-01,9.240053662187763805e-01,7.045184633660379614e-01,6.652349083871349489e-01,3.523400323596187489e-01,2.055694508856841796e-01,9.117816735037649334e-01,9.602789495260404262e-01,6.639721802314385579e-01,5.702347860579151106e-01,2.081825344255447130e-01,5.205155752210535169e-01,2.969708769183156960e-01,9.479150356219224749e-01,2.119891054432505306e-01,5.115996323608070773e-01,6.528274164281995251e-01,9.078795047760880310e-01,7.326421529348059458e-01,4.159456921086782666e-01,3.464837963670478471e-01,6.151785984687550002e-01,8.733557204558455300e-01,5.838173257827155016e-01,5.194248082194572458e-01,5.611826651395097620e-01,6.832912530616460645e-01,7.240676983477243311e-01,6.295075140185525386e-01,9.137160836492833060e-02,6.226135901178982968e-01,2.830532866686883975e-01,7.718266351066895847e-01,6.256594004776424578e-01,6.840600702949013456e-01,7.166554301194354437e-01,7.926245238281374172e-01,9.249372785415285181e-01,7.978731456756386065e-01,6.046021241648288358e-01,4.026502244498927352e-01,4.865562119499341476e-01,2.015915832135257713e-01,2.729666902707785781e-01
7.719060390433256647e-01,4.757026387555598479e-01,4.602911090196311061e-01,6.825785908509711675e-01,4.240663182400667419e-01,7.994695342662514470e-01,4.156238277609455301e-01,0.000000000000000000e+00,6.271004569815217256e-01,6.703313863189567234e-01,6.979892719501964438e-01,3.233098945379111466e-01,8.198153275457376044e-01,9.076928861226628564e-01,4.613889250828498989e-01,8.430215223734299768e-01,8.310079093667560590e-01,7.240776738259581125e-01,5.697364144369013728e-01,3.185060634031998683e-01,8.420391403146804121e-01,5.374774630160711331e-01,7.295166621146818020e-01,8.993937164989161959e-01,7.954058791279023932e-01,2.331568659287897860e-01,3.248069691482047272e-01,8.556304536826511153e-01,4.550948394705591760e-01,6.218524744269352533e-01,9.866466065405560260e-02,3.453145131110581523e-01,6.026889651464800712e-01,6.500622261635774501e-01,7.030673538856567761e-01,5.115239026281425128e-01,6.477323627322832955e-01,4.115042251694403519e-01,9.338872275068488271e-01,5.945372349087451047e-01,3.624765157111440317e-01,5.555329830272370817e-01,6.850143793934330150e-01,7.531941660914908132e-01,6.778827852333293436e-01,1.359025123530543666e-01,4.122238304686209331e-01,6.664181568167880654e-01,7.637206113273530272e-01,4.638166764220780780e-01,7.231028373833209288e-01,6.900079823604408080e-01,7.771304431346005570e-01,7.849577649872333529e-01,7.532984984356492220e-01,9.700848686765367601e-01,7.749713462048029022e-01,6.548590645820713263e-01,8.071964953418333533e-01,4.396524309588667467e-01,7.988072912195796071e-01,7.626987094420285551e-01,5.048885953710643415e-01,7.156465218627640068e-01,9.698884136084187091e-01,2.205840011342753981e-01,2.037289406831500338e-01,7.680522508933149695e-01,5.221248009263426137e-01,5.909240550758144694e-01,6.628243753086097145e-01,7.459427580947107783e-01,5.880635129661635485e-01,7.996831231234018400e-01,6.586993517708776835e-01,9.957274312511810166e-01,6.163767728952334046e-01,5.751731367059425004e-01,7.437429617946832439e-01,3.608052467215594472e-02,4.205983630441349486e-01,6.021123795649413468e-01,6.403127913579762520e-01,2.965548313076913356e-01,4.119965114234561687e-01
4.339313378946506594e-01,4.840723109420521086e-01,8.911105259706493253e-01,6.776338737999269002e-01,7.394799601722357174e-01,9.747327428217897882e-01,7.871972320819946578e-01,6.271004569815217256e-01,0.000000000000000000e+00,9.387187721670581242e-01,6.227596994012107867e-01,8.301908332701344317e-01,6.934335288214900084e-01,7.964062306924152290e-01,8.700658124560826101e-01,6.725877419719045180e-01,9.790175695488063656e-01,4.011394073472496213e-01,9.846945949309824364e-01,5.360710781820543502e-01,9.194918231736741721e-01,7.852729864701378792e-01,7.362832289425710330e-01,7.345381791186409437e-01,3.379420492510102902e-01,-1.493479012501741643e-03,7.580776019991277703e-01,7.487749614145795540e-01,5.524944207795825513e-01,-1.104526403874579454e-01,5.115095299888858804e-01,6.104805030515705333e-01,9.590773287461018537e-01,3.542078244999575798e-01,7.043319567405925685e-01,5.428468156446697446e-01,5.198988866215279447e-01,5.491655349388764318e-01,9.562278440279134983e-01,6.175023320165384799e-01,4.340150565014109230e-01,7.275803400895137774e-01,9.154869979314714801e-01,5.148493780602745318e-01,9.033791207320965855e-01,8.288880818841295461e-01,9.267881213321492728e-01,5.768398148103908163e-01,4.614046832974109669e-01,4.037046012148940433e-01,8.765037692837740479e-01,6.715921590594242652e-01,4.554601257381767909e-01,7.416878506917851110e-01,9.428371474264827246e-01,6.802965540425049973e-01,6.438574499876393853e-01,9.205082005134744838e-01,8.951446058676976181e-01,3.544385483886585142e-01,4.344159515765472768e-01,5.466263227184989804e-01,7.162949360219373895e-01,9.164229234304717142e-01,6.477454601169484460e-01,7.390996680488066684e-01,8.924762610860933476e-01,9.044153687931232311e-01,5.039001477853768396e-01,9.444529146560319832e-01,9.749874227165356011e-01,7.338436248953306151e-01,2.550115663613657935e-01,9.614868278648512900e-01,3.310525379798749390e-01,6.582246213581393057e-01,5.021633777551620659e-01,5.940940918796668857e-01,3.299004825039535405e-01,5.867427048416988811e-01,7.103936838282529642e-01,9.701294393624522172e-01,9.362065179522336411e-01,5.675775531940415730e-01,7.291335537087847429e-01
6.127179938397769865e-01,7.199324691763322459e-01,8.534761467022979886e-01,8.242990670496797012e-01,6.346599957223635347e-01,8.969049024982910234e-01,7.206952026726415328e-01,6.703313863189567234e-01,9.387187721670581242e-01,0.000000000000000000e+00,8.549790122325651165e-01,6.820179499033219850e-01,7.745511861852396596e-01,7.335243306248141471e-01,7.889706098009210411e-01,8.779556042343279465e-01,8.907901887054983092e-01,7.111675425501132186e-02,8.961629528348633578e-01,9.202878298512857658e-01,6.872980139842189695e-01,7.747170665937780365e-01,8.772102281103976162e-01,5.691057407764732456e-01,5.364413757132631133e-01,9.625530449972470592e-02,6.937617464016110347e-01,8.192431375221104206e-01,4.331822435047799069e-01,5.816135307934406917e-01,2.876272515201382385e-01,3.955085429185541956e-01,3.069246771184928058e-01,9.481437144336068990e-01,2.039639421298607425e-01,7.228502988735603374e-01,2.920666580030954473e-01,7.345253978413460727e-01,2.541011319994118112e-01,6.727451464602234310e-01,5.484040821173383762e-01,8.400337801588264597e-01,8.871096001078210280e-01,6.404883572899062738e-01,9.283304455668790478e-01,2.086364960199000307e-01,3.601659704632729220e-01,7.567535807991929708e-01,8.508053124627015240e-01,5.391534624999213543e-01,2.950416476351116479e-01,6.671286821215687279e-01,9.437662487866178562e-01,9.011583110493305293e-01,7.623634713749068981e-01,9.148598373089847913e-01,6.297220386368368450e-01,7.124721482727600641e-01,5.746572271525390851e-01,4.382191493173130947e-01,7.262008890226044899e-01,6.517747973810944506e-01,8.554576366214508010e-01,7.881963173062186412e-01,6.228890587318399730e-01,6.989802093603372235e-01,9.380179079097141770e-01,8.604654084654145274e-02,5.503589214750493896e-01,2.522310095665379892e-01,6.189142141602799185e-01,4.778606808323528354e-01,5.053637073092998033e-01,4.564310234818861334e-01,6.141501179022381685e-01,2.229167707723905545e-01,7.024246161669147615e-01,7.208277121258178655e-01,2.636185762426894730e-01,2.364489265283896968e-01,9.759268130013638576e-01,8.082479254304474336e-01,3.307719023548438275e-01,5.004932440743702360e-01,4.054180549672869449e-01
9.879829501278838411e-01,6.217284584323223839e-01,7.226948663235867043e-01,7.606614823049303586e-01,8.286439506911746911e-01,4.913276600549896789e-01,6.804940453724901417e-01,6.979892719501964438e-01,6.227596994012107867e-01,8.549790122325651165e-01,0.000000000000000000e+00,5.855530030281849152e-01,4.827298583153268874e-01,8.534949486083041048e-01,7.848725795100359726e-01,8.209976204310289738e-01,5.414344407863265207e-01,4.809030914163561765e-01,4.925033192512420221e-01,7.621141125221114754e-01,7.709789381920419959e-01,3.173665748445051449e-01,6.384351315493561607e-01,3.763168645463290662e-01,6.061850641474837431e-01,2.916877843756309208e-01,6.317321449869033323e-01,7.069042762326586127e-01,5.377448244142339906e-01,6.261765561623194865e-01,6.511553244841510324e-01,6.940932516516850059e-01,2.300014070702290359e-01,5.699551681258286928e-01,7.616121703870422088e-01,3.715275426151044003e-01,3.162678055064028215e-01,7.056028529383199244e-01,8.506641211047505369e-01,9.235714720587601123e-01,3.646674386281924529e-01,5.376368209792692365e-01,7.998370701478837441e-01,8.211823053066815703e-01,9.201444956689910359e-01,8.977909648536387399e-01,3.921271926374566563e-01,5.273735718744614331e-01,2.993840125366121763e-01,6.444277309856594194e-01,7.288296613078171227e-01,6.139779238876564849e-01,8.842997259690309475e-01,9.660099294546997672e-01,7.248252839305990847e-01,9.016310515799218495e-01,4.671743219390567803e-01,4.494290000678306529e-01,9.876463053028183836e-01,8.970562219700559670e-01,4.086016010360701833e-01,9.630826970799810649e-01,2.919458218045999920e-01,8.398787222447678946e-01,9.460057001549890821e-01,3.756654291485360675e-01,7.159277618510240249e-01,8.605925427735443556e-01,6.619375509545217806e-01,7.712711302361826560e-01,5.668240373119102227e-01,4.039358602239648821e-01,6.104252000543186618e-01,4.064382426156490924e-01,6.683761831026263645e-01,2.608406540334589074e-01,7.336291869901674367e-01,7.733374322014313629e-01,4.509183370032681659e-01,5.421807691633913073e-01,7.157444491212263671e-01,6.588972022250214611e-01,9.906503493758992418e-01,1.682710274512675130e-01,7.837863456604299284e-01
5.290758413853935416e-01,2.894346261602795400e-01,9.343660306687622263e-01,8.360300434561527272e-01,7.568413546285435167e-01,7.516460928573569511e-01,2.689661795159806190e-01,3.233098945379111466e-01,8.301908332701344317e-01,6.820179499033219850e-01,5.855530030281849152e-01,0.000000000000000000e+00,5.620392221540709832e-01,9.059921875022501903e-01,4.201949975960698747e-01,6.347506338575908957e-01,8.633866112256167735e-01,7.892483210784826397e-01,4.191943189344606857e-01,8.508613674336323873e-01,8.718605888370517532e-01,6.993123904256351997e-01,9.806046217888451100e-01,7.270353278007135600e-01,4.382604857119888342e-01,6.144974402577323414e-01,7.785011926232685564e-01,7.687518904100668626e-01,3.537056175070038555e-01,2.099914455806632385e-01,7.337023935823490106e-01,7.794539502274616671e-01,8.989091086160966304e-01,7.341661039501623520e-01,6.424242141905556203e-01,1.744693757665687073e-01,6.198398067684053325e-01,9.858006044353274655e-01,9.888107961859129436e-01,2.101424001858976098e-01,3.181505706228697217e-01,9.659346158099790802e-01,6.879724034254273146e-01,4.144022885623025454e-01,6.853990760139881955e-01,9.121087133273815262e-01,5.109015326677432967e-01,9.185886802858125311e-01,9.066211840990391346e-01,3.459063928425165635e-02,2.208813567421256674e-01,9.717362650385198419e-01,4.643763351002709872e-01,5.292763085492317998e-01,7.621565628751516552e-01,8.939165884787962923e-01,6.631131557356195749e-01,5.731938407655756684e-01,7.666966473239719138e-01,6.063137136304544983e-01,5.312229024312325326e-02,6.523494561002234349e-01,5.272983714470862449e-01,6.553107103892388263e-01,9.902301075290437238e-01,7.202036300242204980e-01,6.103974126156855862e-01,5.797805161188400724e-01,6.578029773019410387e-01,5.871444824958714781e-01,8.935498312855314484e-01,9.950635068815404383e-01,5.412204755793215138e-01,5.691722409654954573e-01,5.123769766379293600e-01,6.906830473412585158e-01,5.786928227991579021e-01,4.520885562250364642e-01,7.498637433619931292e-01,2.668575287579234012e-01,6.911230457519483839e-01,5.389139224076191503e-01,4.228807654545768124e-01,3.787001512895362687e-01,9.353734020411231809e-01
8.744693344009880631e-01,7.289709614089329159e-01,7.053130944672484359e-01,5.218213249717860158e-01,7.741501854149033246e-01,5.544886955598937739e-01,4.833402125918503933e-01,8.198153275457376044e-01,6.934335288214900084e-01,7.745511861852396596e-01,4.827298583153268874e-01,5.620392221540709832e-01,0.000000000000000000e+00,7.113513053639921591e-01,6.974058531904616665e-01,5.903290406665212542e-01,7.332548630099280373e-01,9.909337057959612949e-01,5.758587521991339608e-01,8.926178359147930452e-01,8.501545685524778406e-01,7.370561538747755215e-01,7.416042222721768162e-01,8.733535153009260865e-01,7.075303244692392468e-01,9.770317551321924254e-01,9.561114169930586826e-01,3.496830003297790590e-01,2.767819133958581701e-01,4.934039470865049792e-01,3.296043502194970776e-01,3.553405593193431633e-01,7.869811883679955766e-01,6.078457074309069341e-01,5.195921936392076113e-01,2.811852174725033571e-01,6.673709845625060977e-01,3.537957841034454765e-01,9.913872056506214392e-01,6.380154563435604942e-01,2.121946842129416866e-01,6.984647659218377047e-01,4.091092809394346608e-01,6.557613293873360005e-01,8.067984312457364693e-01,6.602731565419556192e-01,8.365038137801223961e-01,4.641986278020894252e-01,7.825299574254539481e-01,6.652223909801124879e-01,6.013342649145100305e-01,6.808014671057918132e-01,7.808756382655029915e-01,7.700701766917378288e-01,9.566866726792250253e-01,7.743680280450968567e-01,6.836135119632450463e-01,7.541021224600427120e-01,3.713864943124993712e-01,4.369124617231635588e-01,9.442225840266045278e-01,9.482344601905431380e-01,3.709207396493741093e-01,8.675486426681753294e-01,8.633123942999528788e-01,8.942308142234517421e-01,9.682081912189010042e-01,8.954700994024431537e-01,4.185896732847310120e-01,6.346715641389401030e-01,5.508399385309711294e-01,7.463827185995494107e-01,5.651285977260300797e-01,5.702387144411052988e-01,6.080427886943801097e-01,5.534491449456149237e-01,9.707491849259328731e-01,4.626400798671240211e-01,7.858924331415737541e-01,2.671517525678357430e-01,9.685361573780257860e-01,6.827693901428607548e-01,2.101595167983780488e-01,6.098593315199899445e-01,3.144151187066034359e-01
6.669341478518253652e-01,9.165263038682114338e-01,8.145513341450610900e-01,9.386023487805023047e-01,8.437640920866007477e-01,9.872652075588773668e-01,4.670989243229256571e-01,9.076928861226628564e-01,7.964062306924152290e-01,7.335243306248141471e-01,8.534949486083041048e-01,9.059921875022501903e-01,7.113513053639921591e-01,0.000000000000000000e+00,8.639753839080186459e-01,6.980336333085308542e-01,9.163492099729486640e-01,6.263921269205101616e-01,7.670936506519572262e-01,9.481393740945256443e-01,9.817573765748407455e-01,4.933617069277002054e-01,7.824605634992549685e-01,9.729992871425321432e-01,7.327195079635289154e-01,8.005046331623456579e-01,8.538561674873528240e-01,2.805963130604825495e-01,4.118039538923364273e-01,2.885177887259887108e-01,2.813321527974391167e-01,9.831365722433341725e-01,8.769371656417188632e-01,5.269493969974516911e-01,9.712920893547407619e-01,1.596092534998896362e-01,3.044986580961669409e-01,-7.666228113871499661e-02,6.487099710781735196e-01,4.776650461356873878e-01,7.063236480931958106e-01,8.357959661939039497e-01,6.370224341028558612e-01,3.137885335328837177e-01,9.142459330536295559e-01,7.526843557067288693e-01,9.492113760755772622e-01,4.023526129161358877e-01,4.557338826004566634e-01,7.179706091477474628e-01,7.732706352476272915e-01,5.280834320956984129e-01,8.357762471156726658e-01,8.076543065938373012e-01,8.407154158645265829e-01,9.528258828690453486e-01,8.833562756187252063e-01,4.676747819927812300e-01,8.334951368123743043e-01,5.445289934310642010e-01,6.055995222424349622e-01,3.004152073475519491e-01,7.041148608662856079e-01,7.038550893565600486e-01,4.237587199664453741e-01,9.580357414123339410e-01,6.605803757813012433e-01,8.827792058396937147e-01,3.397792411241314370e-01,9.212862715515299783e-01,7.019615370080694028e-01,7.559997806262800379e-01,1.964239612521601064e-01,7.457806177239962864e-01,8.733403841026777803e-01,1.996942434332829239e-02,5.531620641967589513e-01,3.350737470252230787e-01,-1.581246804091500091e-01,1.334904177714453244e-01,6.703747957712238303e-01,9.910108390605772977e-01,8.102275752956490384e-01,4.922176658450830300e-01,8.534820468172864549e-01
4.011444654406790544e-01,7.344724264344297815e-01,2.118031281076247496e-01,7.701035246454692729e-01,9.344133889535880533e-01,7.509805441986207031e-01,4.120639673936905001e-01,4.613889250828498989e-01,8.700658124560826101e-01,7.889706098009210411e-01,7.848725795100359726e-01,4.201949975960698747e-01,6.974058531904616665e-01,8.639753839080186459e-01,0.000000000000000000e+00,2.018962027043088026e-01,8.196219823952990424e-01,6.206354593136861331e-01,7.049985327505655652e-01,8.839729830324035698e-01,9.726191237485847241e-01,8.452637061406010899e-01,2.342106946389434508e-01,6.355041559643802573e-01,7.250153650616268930e-01,6.978342062570561666e-01,7.171058639492989828e-01,7.811224852252620643e-01,2.194814501414778518e-01,4.959674301672071239e-01,2.478556220168372237e-01,9.047669097559400964e-01,3.861357151891132711e-01,7.089918609780772041e-01,6.894473631976775208e-01,9.615753788494356691e-01,5.286782908676871395e-01,6.621114694017731228e-01,9.719747463220789196e-01,5.508847636199754039e-01,7.718525601866484953e-01,6.310221935242744662e-01,9.433042067029698829e-01,7.171847779491672403e-01,8.231406110739080129e-01,4.145923895606522525e-01,9.398338845916858197e-01,3.987809198345705353e-01,6.474202005449828379e-01,8.152551817214001018e-01,5.282794786758843175e-01,6.343789808249343798e-01,1.382043001480844635e-01,9.658699033015698543e-01,3.014572690885863326e-01,7.401588991060703560e-01,4.364032897722489590e-01,9.887609602572022816e-01,7.127144479573276348e-01,9.058746191366123801e-01,-1.936617719044873009e-01,5.872203955366391837e-01,5.236994766899140119e-01,5.262113917474411373e-01,8.474140309262022663e-01,7.384093568846274991e-01,6.616640366657702277e-01,5.523485515672346136e-01,6.861430267672008476e-01,9.507741967852962883e-01,3.037303767694188861e-01,2.261437115800693509e-01,5.446217123454500930e-01,2.245609818939223179e-01,8.986799588675220551e-01,7.661310503592140275e-01,3.473576970037477452e-01,6.875404870923271794e-01,3.131320369680812288e-01,2.896624025248417666e-01,4.213621961133733329e-01,9.958071335567395543e-01,8.836792721949772167e-01,7.577250915354639682e-01,9.094187255661817515e-01
7.442436522088184958e-01,2.702599168359674509e-01,6.492249148972498718e-01,3.049409242821703447e-01,8.813577182492110529e-01,3.814589778585940061e-01,5.874968141546113021e-01,8.430215223734299768e-01,6.725877419719045180e-01,8.779556042343279465e-01,8.209976204310289738e-01,6.347506338575908957e-01,5.903290406665212542e-01,6.980336333085308542e-01,2.018962027043088026e-01,0.000000000000000000e+00,8.636171952237234883e-01,8.990750595696952452e-01,6.262889714125670082e-01,5.432741243643947060e-01,5.434746543260327023e-01,6.215858355444249250e-01,7.394190768282714599e-01,8.171472162683977025e-01,7.446220429075415259e-01,6.994361442822644159e-01,6.731202484911322781e-01,7.218274624927942806e-01,3.427325830057270650e-01,4.695423767321135200e-01,6.210764455084561986e-01,6.768793195824686082e-01,6.859093696281977071e-01,7.952188606412504690e-01,4.828598718624609321e-01,3.899577827302244115e-01,3.051156272210431286e-01,7.610018880697321242e-01,8.582700797065411225e-01,6.671430094986634529e-01,7.098740688712664726e-01,6.285729896789872262e-01,7.046517812637081990e-01,4.372708507267619726e-01,7.591264874435129650e-01,8.551489861434622419e-01,4.889674468298056409e-01,9.923025345883280668e-01,7.024502158947909525e-01,7.446202084825701561e-01,8.254539650699810327e-01,-1.394820123774927478e-01,6.255349474752889272e-01,7.626060951814481736e-01,6.292496615587143127e-01,6.883748072675089924e-01,4.555733533297062210e-01,7.678685583999369513e-01,8.741956736578990750e-01,2.141452264182495957e-01,5.329227940684941878e-01,7.584774693842473159e-01,7.954923848428435695e-01,9.149913615775846498e-01,9.295781189562424274e-01,7.633040788106741914e-01,8.256780670093377683e-01,4.363144429149985459e-01,6.597272769999116271e-01,4.124261459919890682e-01,8.024403092957050898e-01,9.555427351829995919e-01,5.923616381229801497e-01,1.522401300194128337e-01,5.233181633416650325e-01,6.345008335052413351e-01,6.029777384767740500e-01,7.261989573136260478e-01,2.423780861786814789e-01,5.719703519472372211e-01,4.727221931857331083e-01,9.343876789409488737e-01,8.670336002912073514e-01,3.762696862798035058e-01,9.446025011056397025e-01
6.462799820936573347e-01,1.037317039598369545e-01,7.891889425674472047e-01,2.919706352026164575e-01,8.326198039111294413e-01,7.279208848362923590e-01,9.335917280375172211e-01,8.310079093667560590e-01,9.790175695488063656e-01,8.907901887054983092e-01,5.414344407863265207e-01,8.633866112256167735e-01,7.332548630099280373e-01,9.163492099729486640e-01,8.196219823952990424e-01,8.636171952237234883e-01,0.000000000000000000e+00,6.137208941739732415e-01,6.453113079535396368e-01,7.187791701572194825e-01,8.041747713750461157e-01,6.286093700907929849e-01,8.287038837788099910e-01,8.746508436040100198e-01,4.791551942967113287e-01,8.413605917180492222e-01,9.998893500809602486e-02,9.573424346293748499e-01,3.936452368424371295e-01,6.310765496009999864e-02,6.179310358178117246e-01,7.089053487637464457e-01,9.751505692598569919e-01,1.253930468187929581e-01,9.881535029582062535e-01,2.493712895024565723e-01,5.150386156709806373e-01,8.640987855719224342e-01,6.285382695781221996e-01,9.001397430978937964e-01,7.432370913242412058e-01,5.838605662791277462e-01,8.223889574851392936e-01,2.594779616253361509e-01,6.488104877683136262e-01,5.605621182886475484e-01,3.192115680499738040e-01,7.950443707447643060e-01,6.083702250025263547e-01,4.114259443463910149e-01,8.750818993418465475e-01,9.925980361454498357e-01,4.676342328437840257e-01,5.855268998409866033e-01,5.282141329453146072e-01,8.490687734810673515e-01,9.871581641327138446e-01,8.439803847018920724e-01,9.971642975025494238e-01,2.837057734248596974e-01,4.011539160345569677e-01,8.258814294933626288e-01,7.978707561577184082e-01,4.942922872479883489e-01,6.969880847042155825e-01,4.615453733093363708e-01,9.720433592474571061e-01,7.400867866723985777e-01,7.502030411739554205e-01,9.706853740569751920e-01,2.508540580073254089e-01,8.980090649805301251e-01,6.549611026733279662e-01,4.027508842598390704e-01,5.474761816308491014e-01,7.567742076132644592e-04,6.013896226571959769e-01,7.262926151303868982e-01,6.896249480515590502e-01,1.846770374928660974e-01,8.440372781740891339e-01,9.589965398430709831e-01,9.907926018506471033e-01,6.186310721775767352e-01,8.561896885183702954e-01
5.513889026367484458e-01,8.536420418300985080e-01,7.346172809308373353e-01,8.365640919443062540e-01,6.470774183786504041e-01,7.532827017137833092e-01,7.712739842444559235e-01,7.240776738259581125e-01,4.011394073472496213e-01,7.111675425501132186e-02,4.809030914163561765e-01,7.892483210784826397e-01,9.909337057959612949e-01,6.263921269205101616e-01,6.206354593136861331e-01,8.990750595696952452e-01,6.137208941739732415e-01,0.000000000000000000e+00,5.942503934092009388e-01,6.571012437114220894e-01,4.119226529690471761e-01,8.209002816534084479e-01,9.544391325963251793e-01,7.362213931442964654e-01,4.544157304486661775e-01,5.400668455464883166e-01,6.648594556245979170e-01,8.261209126134068104e-01,6.236836664341852687e-01,7.043946456991340144e-01,5.152483476347673452e-01,7.782099140278490035e-01,5.553108175360002008e-01,7.688641923514667464e-01,7.767192564042756375e-01,3.677105689313748260e-01,2.402970267811552207e-01,3.965487089295106626e-01,6.165848743811999100e-01,8.011399215874873692e-01,4.529849729245768453e-01,9.147444793188361789e-01,8.859396153754645065e-01,5.162643844563227224e-01,2.299399759044132019e-01,2.729809808377355873e-01,6.668238619699321523e-01,6.053244026998324534e-01,8.354925838121640691e-01,4.255250397418877673e-02,4.892166624497141791e-01,6.648126397419149569e-01,6.354553618447967844e-01,6.476789033133502071e-01,7.508582101857391722e-01,7.211876751343440084e-01,6.472606363475411628e-01,8.923232746388838343e-01,9.506377632944369438e-01,2.888977194892590750e-01,5.836425222442983562e-01,7.500851960618215575e-01,7.569349934620110965e-01,8.714830454706379292e-01,9.134802822155319024e-01,7.066694010504346313e-01,4.487532949284386286e-01,7.032500145767822675e-01,8.131515091819170316e-01,4.938956694112610069e-01,6.142591381146444984e-01,6.926755499176476816e-01,5.263462422473993430e-01,3.212551450069218717e-01,4.953773777989285976e-01,6.757372291436767320e-01,6.947653278253549392e-01,5.006644876494499297e-01,1.733387368071490353e-01,5.454167055975038814e-01,7.812490403600792499e-01,8.593685997873149462e-01,8.691783833619362021e-01,3.373085101082213266e-01,5.708511288308173448e-01
