0.000000000000000000e+00,3.109563536323675104e-01,8.287359905711511043e-01,9.452630807536432922e-01,9.234096968047655896e-01,7.607048179101909557e-01,7.823021516039843082e-01,5.423667078413952902e-01,6.296032562367399610e-01,8.544467316009658475e-01,5.132894081178234202e-01,9.997867247245868505e-01,8.644532131810885867e-01,9.810340111103599270e-01,8.851449950316697679e-01,8.572493964407315037e-01,8.606514274467591541e-01,6.728365542712952951e-01,6.771987001814406826e-01,9.557644674964762554e-01,8.198004533817639938e-01,8.394402801632543376e-01,6.174035179793204708e-01,6.561400176607584678e-01,6.078645359469040388e-01,8.961460308904092287e-01,5.398757000768005243e-01,9.207475039065134981e-01,8.384107132744089697e-01,2.297174099666460800e-01,1.514299984645558483e-01,9.737780958717285884e-01,8.005687172084383629e-01,6.197078213575757388e-01,6.530868628507107143e-01,6.576330887149104409e-01,4.012808730469547003e-01,8.610682308380485095e-01,7.410643478908784942e-01,6.145670753313235979e-01,2.799128127448975989e-01,8.859275095726829585e-01,6.540214887133541932e-01,8.162912027581247232e-01,6.764796759174802609e-01,9.392878904886475810e-01,7.962383310806302461e-01,8.425193233701290252e-01,7.194591688734075507e-01,6.251143427200085423e-01,8.011538365096654291e-01,7.890844356407505922e-01,7.253649823100076777e-01,9.101813911329453832e-01,7.557269333394702748e-01,7.862187444906307832e-01,8.337791957286423417e-01,9.558973209797498871e-01,7.887398423923630553e-01,2.087842259840676506e-01,6.367842599349159416e-01,4.871582173941850780e-01,3.067472376520964383e-01,9.369653118909209155e-01,6.347702944589150853e-01,8.071147228501274196e-01,8.096629434063342678e-01,3.485553996135887234e-01,6.056899310681324033e-01,9.604934315602944306e-01,8.707849013190163134e-01,6.663604326740266703e-01,7.591342880851927877e-01,4.965891817403798592e-01,9.366475319045781678e-01,7.422617611779016578e-01,9.881338354690132331e-01,8.352914958372856802e-01,4.417879829717702989e-01,2.697063163536841945e-01,8.981492468636295134e-01,8.116505455393291379e-01,9.857449171966592427e-01,4.079882873917013431e-01,6.540132418161095362e-01
3.109563536323675104e-01,0.000000000000000000e+00,9.845760491297570471e-01,4.895270112678693497e-01,8.768478523538432157e-01,4.878305786288296142e-01,5.088607410616237114e-01,6.968291781031610288e-01,8.135799556339747829e-01,9.686038397114208331e-01,6.351531830088303909e-01,6.906249029642462789e-01,9.957005133371948924e-01,7.291944533106543558e-01,8.126207697237678440e-01,4.845114061344467649e-01,3.458850057274800438e-01,8.380555139102956463e-01,7.330095314293290087e-01,9.836274034625662743e-01,6.445343980009299312e-01,6.588761148186919048e-01,4.971513414229811745e-01,9.042358407297622636e-01,4.367493080148095452e-01,9.143714089970433889e-01,8.006055210547399215e-01,7.097652885471278372e-01,6.583412620782804758e-01,3.288919620183401449e-01,5.151649296476294992e-01,5.722047423368926689e-01,2.234762154653200106e-01,4.960668459221841964e-01,4.683415038832848265e-01,3.463879236142608509e-01,6.933096481357976515e-01,7.095769041209010197e-01,7.514220901823679410e-01,4.107710083768714160e-01,5.775375665846649298e-01,8.286409513236026037e-01,2.314993211886837154e-01,8.238223507077696572e-01,7.663106394126902865e-01,6.850683822006542467e-01,6.374377668314810119e-01,9.628074289960987242e-01,6.358464363706448630e-01,6.303817834728410174e-01,5.716810172748655328e-01,6.989403855947665667e-01,9.120113956332324134e-01,6.844660989160499254e-01,9.220460650384980639e-01,5.089147125054410692e-01,6.669465889681401860e-01,7.695638894417689002e-01,8.808035410936930765e-01,9.672696897039697594e-01,4.078219944250549567e-01,2.501759946023930925e-01,6.254903200723278545e-01,9.936818593926068921e-01,7.750975208071232414e-01,5.818759380239869605e-01,8.507336915979560876e-01,7.948581790426765270e-01,4.306420950993353758e-01,9.183733149339963209e-01,8.400291885339291609e-01,7.999246549781544591e-01,3.611191960842075055e-01,5.458590095371085305e-01,5.042832469960967234e-01,4.766809932661227323e-01,6.924804790990517489e-01,6.826413697819769810e-01,1.744977676809038591e-01,3.294380612830061228e-01,9.058727566043794921e-01,9.648180367688643511e-01,8.910506283969671371e-01,6.971499287172513437e-01,8.697464790497990705e-01
8.287359905711511043e-01,9.845760491297570471e-01,0.000000000000000000e+00,9.338003427261952760e-01,9.014069841369400926e-01,8.942336271804184333e-01,7.811812079036760670e-01,6.542332601618854326e-01,9.227042854813074513e-01,9.266382712093067520e-01,8.016277964559990199e-01,8.779586270098709289e-01,6.942892618804211713e-01,6.056277437888574200e-01,7.314215965820005660e-01,4.149750603654881465e-01,8.999249619986505744e-01,6.422229732054636209e-01,9.035190041499571167e-01,8.398972266132510578e-01,7.118738968522705379e-01,8.334399307147665192e-01,7.730052285424862113e-01,2.840385689900225552e-01,8.422577752401675388e-01,9.967345824476775418e-01,4.095853900248645485e-01,7.379051374656878659e-01,2.877852214537666153e-01,2.209556798553440060e-01,8.195329959352248839e-02,7.403876751265388023e-01,5.690002399775495601e-01,2.129498983065832851e-01,6.934243730825289109e-01,9.934840339809056786e-01,7.937648610896911316e-01,7.793371505010627809e-01,8.975280258322034799e-01,9.932932780880493473e-01,2.245137037194957774e-01,6.066493573643501058e-01,6.891424609669053458e-01,9.254742113813390070e-01,4.564667458221297602e-01,8.264582098575938840e-01,6.275060044555538230e-01,6.427933998184561792e-01,6.258720733438647432e-01,6.162915563370280347e-01,9.506844253537678480e-01,8.672900692047822435e-01,6.678656098278034081e-01,7.345178689287328311e-01,7.486028491039047328e-01,5.470307621625545291e-01,8.660974745111482687e-01,6.733085724015464013e-01,1.836870610136498716e-01,8.245765566350833631e-02,2.815485647990231266e-01,5.416208981125232302e-01,6.165415709215975593e-01,8.153053362557080019e-01,6.734542563010543770e-01,8.296709431229510878e-01,7.704472302634799430e-01,7.041439397921953613e-01,8.940272194664536931e-01,9.109625914453609585e-01,9.270907597678674783e-01,8.281441756167063906e-01,6.781221143832475429e-01,2.879429417637311972e-01,9.597281781156216107e-01,8.203565241527778218e-01,8.782577366514952022e-01,8.825566900755537070e-01,7.133289912490384799e-01,7.252575290344217551e-01,9.887546798154860372e-01,7.419123648870725729e-01,6.062280024394467448e-01,7.888975137266753812e-01,9.456547736842034757e-01
9.452630807536432922e-01,4.895270112678693497e-01,9.338003427261952760e-01,0.000000000000000000e+00,7.849441664061905799e-01,6.447890152007277331e-01,1.238002693527880949e-01,4.222854744816866845e-01,4.358295835216354219e-01,8.050928918987954042e-01,6.899304504458699805e-01,9.721530840408652008e-01,9.682412902656474252e-01,6.622677860169620123e-01,4.682127460165831367e-01,9.674913822085362547e-01,9.567859657499286907e-01,8.521234782187452339e-01,7.804774744603110159e-01,7.954504002376312499e-01,9.026203148215734551e-01,9.154910117720708174e-01,5.868641917013500686e-01,9.223072080124308236e-01,6.001785703326819599e-01,5.903113664981430864e-01,3.825568643234785737e-01,8.120898640003277880e-01,7.505889698931675902e-01,-1.059794956591971760e-01,4.923126267103008491e-01,4.394100274961151298e-01,8.526603753977813893e-01,6.769089831912690203e-01,6.179839130940792957e-01,5.937952401131763036e-01,3.624056553255203816e-01,6.208807946890064766e-01,6.928756033542482484e-01,8.457721553242277812e-01,9.391477927407967385e-01,8.647135314721605681e-01,9.577337413554228851e-01,6.152338595224918771e-01,8.976892792938582222e-01,8.948556716674721523e-01,9.738318471750493366e-01,9.377767313851437248e-01,6.587421984118606577e-01,4.049213571747403151e-01,9.314009556883897645e-01,9.685223754520998485e-01,6.432325828430557335e-01,4.976846788661309362e-01,7.922862903338165896e-01,5.074297382576231641e-01,4.501701432488761090e-01,7.577837201288721847e-01,7.162967728374464160e-01,5.952787790917482003e-01,2.539162946026077838e-01,6.501600320771894204e-01,4.957141835332949942e-01,4.242121970658557784e-01,6.529843736967078094e-01,9.974772502044058076e-01,2.014059554251005080e-01,2.969474161695235259e-01,6.432717757141708237e-01,7.297823623852058850e-01,3.518723805685367578e-01,9.089295076806286344e-01,2.286774572959783813e-01,7.994433566944205705e-01,5.842886643623448339e-01,8.503790719179158408e-01,8.967662644589647902e-01,3.331684040466876273e-01,6.664177756095003291e-01,3.215973064798214875e-01,9.915453678791079639e-01,4.857368815438846132e-01,9.824986345733399684e-01,5.512226677997029700e-01,7.685968542364250977e-01
9.234096968047655896e-01,8.768478523538432157e-01,9.014069841369400926e-01,7.849441664061905799e-01,0.000000000000000000e+00,8.646911179620018206e-01,7.887300117692828128e-01,3.493596505690508419e-02,9.769957914529503462e-01,8.004762904396748313e-01,8.562836430196021364e-01,1.832585515616300814e-02,3.963418596545396078e-01,4.010521513905944690e-01,8.255213067102118440e-01,8.821255388557477373e-01,6.920164830253983101e-01,8.800976769924500065e-01,8.916715109969451936e-01,4.731874022222199994e-01,8.110229724775840365e-01,5.450533267879626997e-01,8.330844308068446891e-01,6.116944834988226054e-01,7.399849747370953468e-01,8.862348888190159091e-01,6.706427711579994178e-01,9.607354082192950395e-01,3.046808180957653045e-01,3.856682192030608247e-01,2.507058656572751509e-01,7.663594175834439470e-01,6.521342134173127025e-01,6.246556973671947288e-01,7.116448318112725824e-01,5.094324156718721408e-01,4.896721808959046407e-01,5.735289695124456966e-01,9.657274717945674158e-01,6.597209088060389526e-01,6.341433061381251957e-01,6.152317245008416258e-01,4.195700731930549487e-01,7.385791705987123645e-01,6.876756635292787800e-01,6.772259429002653874e-01,5.098019063637444503e-01,6.369143944840407467e-01,7.523942384735015088e-01,7.907624152135357409e-01,1.261879910389609484e-02,7.345666578317506801e-01,8.366575940073366358e-01,8.385579766923750844e-01,7.030079949644866266e-01,8.513914117257925795e-01,5.764006406919041092e-01,8.523438474867649495e-01,9.458698593471820404e-01,4.044780816969286708e-01,4.563106528375887039e-01,9.346096131629331172e-01,3.066518318604324334e-01,9.681308100719834275e-01,5.747551468218992099e-01,7.776091944002281320e-01,2.659115957247837336e-01,6.623171311800863936e-01,4.542124689764652223e-01,4.827646677054689417e-01,6.860608703557136145e-01,8.478028987621832879e-01,4.877381735389007544e-01,3.465354294197667828e-01,6.863144872454430834e-01,6.834951967367944858e-01,5.909759023355083407e-01,5.934901435698198835e-01,6.871205586963017309e-01,6.481029831658475793e-01,9.559299693027187850e-01,8.078398262750308145e-01,8.988367023341913287e-01,7.953583296547229731e-01,8.038485306646849793e-01
7.607048179101909557e-01,4.878305786288296142e-01,8.942336271804184333e-01,6.447890152007277331e-01,8.646911179620018206e-01,0.000000000000000000e+00,-1.291436221178849375e-01,7.755524831181713763e-01,7.408957589259319576e-01,7.645265532419454058e-01,9.289167962958227998e-01,6.215963224228332473e-01,6.031018356729782592e-01,6.795129715565838557e-01,8.812190120138261307e-01,8.134400139188749934e-01,7.271191955342021229e-01,7.555109978514200630e-01,5.682903297479484639e-01,8.679698611031068101e-01,6.890487007078435200e-01,5.196165224153229678e-01,8.162859156978639064e-01,9.954100058622901148e-01,9.663739881090932515e-01,1.540422348919670281e-01,8.589409753553375326e-01,8.465713620721004862e-01,6.702681417825983035e-01,6.386899108685653026e-01,7.792969117056269823e-01,3.961081098638522535e-01,9.978958789309778643e-01,9.171898413163824815e-01,6.295744759788530764e-01,3.601332977429042570e-01,6.826491573537746271e-01,7.894750277672395455e-01,3.500496560071068575e-01,9.435579303250550831e-01,4.533708735346199115e-01,7.610440299591088031e-01,7.608451520511232413e-01,8.628143872532827441e-01,9.677551950126253022e-01,6.288740029837969203e-01,1.912190123863072855e-01,6.654262937607815509e-01,5.623660540255818185e-01,5.212830283630159878e-01,8.392726549193838537e-01,7.133577458705866459e-01,8.592919434836860937e-01,5.144935356881321642e-01,9.696170752322155195e-01,5.984253247780519924e-01,6.695168506064489433e-01,8.381424011064861901e-01,6.715855769755076921e-01,4.248508261607800707e-01,7.305678473899939185e-01,7.864081988666760115e-01,7.335417512205497648e-01,4.919051379348026165e-01,6.005424771033418541e-01,8.483861546017403832e-01,8.679850259829899883e-01,6.343608217569662866e-01,7.845726329652117359e-01,8.057903581117082936e-01,6.083430981209213551e-01,9.154761408174163506e-01,6.266133607596546806e-01,6.197394407698519903e-01,3.225235968036516132e-01,7.906220611726439973e-01,6.215827681430352580e-01,1.060716777197533295e-01,5.074083772382698143e-01,1.063751540679495344e-01,6.957983486310254095e-01,1.490305823170529897e-01,7.018317699145570909e-01,7.522058331780450136e-01,2.605597520912863452e-01
7.823021516039843082e-01,5.088607410616237114e-01,7.811812079036760670e-01,1.238002693527880949e-01,7.887300117692828128e-01,-1.291436221178849375e-01,0.000000000000000000e+00,7.747916500076267310e-01,7.814345116457427354e-01,4.247472550348311282e-01,7.292904979255540043e-01,6.023345843732195171e-01,3.828655766280210093e-01,3.261400629774752202e-01,7.468824908914855065e-01,8.990293977732960462e-01,6.119258264536309166e-01,6.968024385885194238e-01,6.944620652364309477e-01,1.989758466616947385e-01,6.537004462554739659e-01,8.991378794980671163e-01,7.234609770353389591e-01,7.375334639815825932e-01,6.006139018312539601e-01,3.298089850512382348e-01,7.596230290718485323e-01,8.939980632607869016e-01,6.777132050315494149e-01,4.389655951225680530e-01,2.186806032816507872e-01,2.128165171340402062e-01,4.561773982871729083e-01,2.428994830934387283e-01,1.212528830992784940e-01,3.056665127744695454e-01,4.280638015657827200e-01,6.139692281897005666e-01,7.187503017872640676e-01,5.008148794266913395e-01,4.196766419473237364e-01,9.562826244725405322e-01,9.751829318912862421e-01,7.201253605520394618e-01,6.547157731047978935e-01,6.520934787109528008e-01,5.074049107470760545e-01,6.036174130248848080e-01,6.193308268802396599e-01,-9.715449678088351748e-02,6.305005493394744143e-01,1.230659123688627316e-01,7.380915625104336186e-01,7.326848922996056501e-01,7.541119263600684075e-01,4.852667985887048618e-01,6.351691490965178932e-01,7.545199689954236177e-01,9.429463896480719809e-01,4.873724833683629187e-01,4.087385704836163369e-01,2.118893308138766751e-01,7.152265807748705573e-01,5.561041671923365737e-01,4.684883408306658170e-01,6.835133995725235501e-01,3.453102139523613334e-01,7.610893047756397412e-01,5.316494549540128345e-01,9.583669030539022637e-01,5.284661721866243944e-01,8.335821293632228457e-02,4.717340614371695606e-01,4.527561621370282952e-01,5.860874303185956702e-01,7.159226969685195119e-01,7.394378953742818394e-01,6.060169783166386992e-01,9.854878180825475953e-01,6.014020923485585701e-01,4.465381324534370977e-01,7.536709036057962496e-01,6.039005310674645521e-01,7.202395952297737658e-01,7.420640407769003577e-01
5.423667078413952902e-01,6.968291781031610288e-01,6.542332601618854326e-01,4.222854744816866845e-01,3.493596505690508419e-02,7.755524831181713763e-01,7.747916500076267310e-01,0.000000000000000000e+00,8.201702080528848471e-02,7.162156045537382276e-01,4.728967746530581273e-01,7.429217611361536022e-01,4.794730681435399600e-01,7.112819145289517656e-03,4.067785185556155314e-01,9.938036729388607382e-01,9.828757766418625419e-01,4.532098064903354873e-01,3.645883459561491957e-01,5.874587919022004057e-01,7.941434562770093297e-01,2.489379068753808655e-01,5.941478376151757557e-01,4.041224849855407086e-01,2.303946205880165465e-01,7.929786885258529594e-01,1.541974719901963997e-01,6.363420491248892308e-01,7.171158330429222572e-01,7.322717181234632555e-01,7.229303389250987255e-01,9.165075957941976048e-01,5.084884091102216397e-01,9.696789444150163417e-01,6.421538021832133847e-01,4.633419224074541432e-01,3.554048188413433396e-01,6.213613024271323892e-01,2.883218563447423888e-01,7.133109166096053277e-01,3.085213496209099349e-01,2.277824577641859860e-01,7.733258962071448694e-01,5.038841467797960938e-01,5.154940346055767453e-01,6.650355661204240265e-01,4.066939972720974295e-01,7.375357208139299292e-01,4.769834621234342875e-01,6.526207838123780913e-01,4.921430022328669995e-01,7.144215352761821292e-01,2.618998197376085635e-01,7.914730473913246245e-01,7.918661251809724910e-02,7.163436316314453212e-01,6.873245621069256073e-01,6.820195684111586276e-01,4.411163388455087708e-01,3.107878256933094274e-01,6.323602089058228959e-01,5.756642750922783547e-01,7.066359170389580058e-01,9.379559826505182718e-01,7.831643598684294716e-01,7.866079062367742347e-01,7.337497774784029758e-01,6.576656023130510453e-01,9.424702416766098656e-01,2.496848398257899004e-01,4.491180947489444297e-01,8.699032246834704774e-01,4.929991620033385424e-01,7.476149627476457171e-01,5.514425990545531731e-01,7.130342902501664026e-01,4.158151594620242975e-01,4.178993674081440401e-01,3.538985303664977655e-01,2.319620743892341352e-01,7.351251672690134464e-01,8.066059374598832932e-01,6.012138013652869040e-01,6.963917189288501008e-01,6.390366058412587646e-01
6.296032562367399610e-01,8.135799556339747829e-01,9.227042854813074513e-01,4.358295835216354219e-01,9.769957914529503462e-01,7.408957589259319576e-01,7.814345116457427354e-01,8.201702080528848471e-02,0.000000000000000000e+00,7.548806453505154668e-01,6.658422212828551956e-01,7.006537284000107224e-01,2.310040024606941356e-01,9.149727951074865251e-01,4.415230519016912769e-01,4.342269130853065873e-01,6.930696353391211373e-01,6.568265179746060056e-01,6.364485969237927421e-01,8.456710878904925011e-01,7.788542667638703731e-01,7.150619640397271048e-01,6.736882532531440759e-01,8.858550213737413914e-01,3.069049134421132918e-01,7.856534812590659778e-01,8.189727076181563259e-01,4.920097535562129032e-01,6.084098736716712086e-01,6.196208321294623955e-01,7.521643684309058386e-01,8.750097037472676087e-01,6.360819625442832859e-01,6.898070791676786939e-01,5.676905888321933658e-01,4.693097188576352830e-01,2.353537318418245650e-01,4.718388917518140935e-01,9.635085640888917391e-01,6.099245740185764708e-01,6.803539921149046599e-01,7.693716558053539378e-01,8.089108041824532025e-01,6.592145131138341663e-01,8.891472635467162489e-01,7.122935789243260984e-01,4.016554820888577071e-01,6.417457179584794558e-01,8.596555904029987705e-01,5.469028750263297267e-01,6.291263696450523080e-01,9.917376179281603976e-01,2.975341604896835079e-01,5.670944393206173162e-01,8.180540913154794591e-01,9.305880866365030535e-01,6.410752186355977988e-01,6.654397386517150181e-01,4.310061792610602183e-01,6.055299554783926119e-01,2.739007210643760182e-01,6.930013781123538497e-01,6.360320628611672023e-01,8.086925703729708204e-01,9.602134652574739748e-01,6.797602315716531063e-01,7.565965956360903855e-01,8.679913740281579582e-01,2.356051466997979016e-01,4.370058274693624512e-01,7.393848551714115036e-01,5.575117502706352646e-01,3.960895608868144624e-01,7.237544920603372622e-01,7.328674948739692940e-01,2.559911558757181904e-01,6.590074502549168045e-01,6.814316773231494651e-01,2.089694610959847432e-01,3.081821855566509172e-02,5.323394222476327542e-01,5.296514139221569772e-01,6.892712718103451985e-01,4.003247913813924308e-01,2.485730473417904415e-02
8.544467316009658475e-01,9.686038397114208331e-01,9.266382712093067520e-01,8.050928918987954042e-01,8.004762904396748313e-01,7.645265532419454058e-01,4.247472550348311282e-01,7.162156045537382276e-01,7.548806453505154668e-01,0.000000000000000000e+00,6.932114527339302557e-01,7.519229753676400785e-01,6.753149079793280274e-01,8.849634532461051473e-01,1.784891848455466834e-01,7.211844851423305780e-01,7.800396227213323153e-01,4.693948602727497921e-01,7.487808870385395110e-01,6.060619194753569250e-01,6.530518556921866002e-01,8.659128765189965105e-01,8.867728130234910910e-01,7.631363627816406536e-01,5.550005004538643982e-01,3.388429118170498411e-01,9.069883999092221982e-01,6.149072250471546708e-01,5.444011956545840025e-01,4.396356498485052278e-01,1.703645106721447255e-01,7.301478361266249273e-01,5.763587460059496070e-01,4.063797985403556634e-01,9.315768679463445334e-01,-2.052893651962472976e-02,3.563914960072767091e-01,4.978887445937573708e-01,6.053940883219114388e-01,5.519713948507848356e-01,3.684563283106906395e-01,8.306931582856235119e-01,6.057451710726241556e-01,5.018053082697211398e-01,6.335754454776167943e-01,9.393916393195492764e-01,4.677279364046824095e-01,4.524438927772282959e-01,5.563288630456941775e-01,7.467875201552998110e-01,7.680718052690052033e-01,6.907714480735712703e-01,6.754557980443999243e-01,2.210967512612061481e-01,8.885870399852515700e-01,6.341036257922431085e-01,9.515688002278531732e-01,6.865523733058327416e-01,7.265829171159574607e-01,3.026743117035406994e-01,9.173643764874760409e-01,6.994474045638179316e-01,6.867452590368644527e-01,4.635710336314640689e-01,9.447411310635922543e-01,4.012732953393074453e-01,8.917950175019188075e-01,8.169504304875080392e-01,5.944522789086434944e-01,8.130903718121033075e-01,5.315105139033661219e-01,8.389216990216941117e-01,7.164263285623399813e-02,5.145012491200899873e-01,6.720997657498428701e-01,6.496164943880153864e-01,6.949203384330845390e-01,4.480190667958742212e-01,1.276184468153877538e-01,3.378840578343794143e-01,4.358394054548154206e-01,7.873455056173030986e-01,2.894033858867585685e-01,5.396588690449364289e-01,3.242023083768099112e-01
5.132894081178234202e-01,6.351531830088303909e-01,8.016277964559990199e-01,6.899304504458699805e-01,8.562836430196021364e-01,9.289167962958227998e-01,7.292904979255540043e-01,4.728967746530581273e-01,6.658422212828551956e-01,6.932114527339302557e-01,0.000000000000000000e+00,6.356049663574849795e-01,8.485126223379864108e-01,7.986244565014465335e-01,4.432358442038756841e-01,5.885953778725701024e-01,2.873055774286162878e-01,2.642976051828616058e-01,8.373574026933868764e-01,8.749226165978203351e-01,8.571308324640019016e-01,5.250596732026724389e-01,4.573937928956524623e-01,8.221307362739210811e-01,6.015512442560608797e-01,9.716079644605348786e-01,8.603007644720148672e-01,6.586706401641496678e-01,3.310113808276573533e-01,5.783519654643234364e-01,5.944319997499631913e-01,2.764162800822324573e-01,4.739704285044193943e-01,4.417106914634683634e-01,2.005244340161596306e-01,3.207578342390489112e-01,-1.226736703480784674e-01,2.022493394990169113e-01,9.271644515952693899e-01,6.005268452478508268e-01,5.774730975043991243e-01,9.678443155230683770e-01,6.173038305413098836e-01,-1.242393014728642719e-01,4.803620123880722459e-01,8.631177121569552080e-01,7.450995704322440627e-01,9.260039575683565172e-01,5.468157465989096355e-01,4.834354664631804188e-01,6.305736425154057079e-01,9.953608972175513880e-01,7.505598868950649205e-01,9.145360585679721543e-01,8.396658036185847829e-01,8.782407125169731099e-01,7.370942749535396299e-01,5.225257407155877720e-01,7.467513843419708586e-01,6.669934972826506714e-01,2.467722165060203809e-01,4.684898405742510819e-01,7.639502824079275056e-01,3.392693498563154053e-01,5.233048168855960469e-01,7.304060504519962471e-01,7.570923879859051686e-01,8.696278941702259013e-01,4.034688961361928561e-01,5.702005033184603250e-02,5.314393390447713639e-01,6.012431661578976350e-01,4.064754885723970146e-01,3.465917302342406692e-01,6.301067356688199173e-01,8.648274136647055021e-01,9.363045365029711853e-01,6.997726305370806088e-01,7.226339927212015180e-02,6.992003836447001630e-01,4.539716790022775283e-01,9.388512714004442206e-01,9.172510359555037240e-01,9.480699664755180001e-01,5.525929616814002632e-01
9.997867247245868505e-01,6.906249029642462789e-01,8.779586270098709289e-01,9.721530840408652008e-01,1.832585515616300814e-02,6.215963224228332473e-01,6.023345843732195171e-01,7.429217611361536022e-01,7.006537284000107224e-01,7.519229753676400785e-01,6.356049663574849795e-01,0.000000000000000000e+00,6.120282025556175176e-01,3.297805203298553867e-01,7.637791294718480062e-01,9.930408830491681549e-01,6.789821462846707956e-01,7.051617429769745371e-01,6.123182380255554058e-01,9.513586685996544556e-01,9.854979165470415525e-01,9.727324624112990703e-01,1.561383715889718693e-01,9.494087796570657156e-01,7.053604779250587375e-01,8.077779654421425315e-01,7.146316639629541889e-01,9.522758619913634925e-01,4.876871165132100616e-01,2.041136910362316426e-01,5.072323063740707960e-01,2.797640241734695166e-01,7.706200857184828390e-01,5.297133343484271562e-01,5.564841163724445483e-01,2.867188668160741138e-01,3.583820506509167725e-01,8.161670309079207541e-01,6.057793789722039079e-01,6.552751017550090262e-01,7.535667553814734410e-01,5.510186548427613573e-01,6.946242481300967109e-01,6.658637475279834961e-01,6.668995842209027858e-01,9.641918832564276842e-01,3.422545728381544139e-01,7.675840803293850767e-01,5.875540236469967148e-01,5.573862771356836721e-01,7.486394604081920701e-01,2.998454986577596681e-01,9.178697505940197621e-01,4.885782194603192075e-01,4.994286877450220263e-01,4.107915905337508056e-01,6.493186785402174088e-01,9.635716935537816941e-01,7.405755247837337851e-01,5.063873597693795414e-01,9.502565067395929432e-01,2.852893833711133142e-01,6.277649648117272774e-01,3.772063433561050338e-01,8.459640787238921211e-01,7.730046056859323222e-01,6.625709071054980415e-01,9.122218178551558809e-01,7.692066113214410805e-01,9.263745140793572252e-01,8.145056764636945390e-01,2.399007935955646542e-01,5.397305117637219984e-01,3.174024050643665662e-01,1.758622133818668054e-01,3.159786264609793505e-01,5.911348621966230343e-01,6.390982131623834661e-01,6.321294392847661703e-01,3.159610099429899233e-01,7.336610531400317159e-01,3.372992375105880458e-01,8.390870105697243453e-01,1.693471375898644993e-01,8.549348858889466163e-01
8.644532131810885867e-01,9.957005133371948924e-01,6.942892618804211713e-01,9.682412902656474252e-01,3.963418596545396078e-01,6.031018356729782592e-01,3.828655766280210093e-01,4.794730681435399600e-01,2.310040024606941356e-01,6.753149079793280274e-01,8.485126223379864108e-01,6.120282025556175176e-01,0.000000000000000000e+00,5.860316649775166864e-01,8.177963626173195832e-01,8.235286598298251493e-01,9.790389439040226849e-01,7.439288667901378105e-01,6.052178305951418924e-01,8.736857943644972258e-01,5.871146183395006268e-01,9.891967686246720959e-01,9.490523475265238984e-01,3.714291807213632168e-01,7.199034460309006178e-01,8.645014156241757064e-01,3.122681733479409361e-01,6.486872255761275685e-01,7.404184890623806137e-01,3.881986463635469509e-01,3.265655985281677443e-01,9.848314611966502152e-01,4.254929363635264750e-01,9.198157761362574236e-01,7.154113220656208583e-01,6.415436094453212945e-01,7.226467559514099248e-01,6.640034202604976343e-01,9.707758843055045439e-01,9.068096476333796785e-01,3.772391076967772650e-01,7.699995007443914963e-01,9.593810958480146756e-01,8.240614348732125949e-01,8.979762383386645785e-01,9.483854872281120008e-01,8.588255216273826820e-01,7.571340815503813104e-01,6.495856981148528941e-01,9.216538016777856557e-01,5.318430763236350334e-01,6.204208626319731579e-01,8.468981545401002009e-01,9.028337659062060094e-01,9.348533826163998306e-01,8.499153922779234538e-01,3.068533250302117876e-01,6.035464098833914770e-01,8.238002369351913323e-01,3.426308917944743127e-01,8.579522976476601226e-01,6.170458154359510505e-01,6.520600049643765495e-01,2.631763641608069748e-01,9.018179596749293925e-01,9.591519271837618543e-01,8.045979508316978279e-01,8.546773182744776820e-01,4.701000326607169821e-01,7.390859867700939612e-01,9.386123314335139689e-01,8.984625272298727428e-01,8.017704921139620078e-01,1.413538974188479659e-02,3.770644450987321594e-01,9.715065197412076081e-01,8.798535640652360712e-01,8.959737846005951800e-01,1.693156238730897933e-01,6.773373866876559735e-01,5.045410346376846267e-01,9.611035484975136711e-01,6.643367047538728531e-01,4.644728896845918276e-01,6.294269451022059814e-01
9.810340111103599270e-01,7.291944533106543558e-01,6.056277437888574200e-01,6.622677860169620123e-01,4.010521513905944690e-01,6.795129715565838557e-01,3.261400629774752202e-01,7.112819145289517656e-03,9.149727951074865251e-01,8.849634532461051473e-01,7.986244565014465335e-01,3.297805203298553867e-01,5.860316649775166864e-01,0.000000000000000000e+00,6.184868621342296535e-01,8.067643627442165899e-01,8.812156315193481193e-01,9.373356236689881493e-01,8.933597692465203854e-01,5.871966129222040420e-01,3.748443122311126419e-01,6.661394462746409451e-01,8.703541007008444019e-01,6.424460253805132082e-01,2.430410876378018004e-01,2.811950307695454399e-01,6.242764727001647307e-01,7.880210751997863694e-01,7.673080168467172335e-01,8.774364551582489735e-01,6.777315183172702984e-01,5.595261238843216578e-01,4.484565981635797449e-01,8.446525366934876100e-01,2.952296658072084967e-01,6.168767928232221642e-01,3.876854329052503711e-01,7.921505370226188392e-01,8.679003390378833283e-01,7.261332300175331600e-01,4.237440759158531689e-01,3.936195036615068865e-01,9.030059678989655891e-01,2.753011917478067061e-01,8.448002172448986213e-01,6.109076368986977590e-01,6.080434911099420470e-01,6.789359828935730423e-01,8.159213630972740328e-01,8.476430586873616724e-01,5.562144404746172111e-01,2.747857500451659218e-01,3.395314838940716173e-01,7.478045294449314762e-01,7.075898701487439713e-01,7.569308388019769795e-01,4.112086706286801618e-01,8.907784724342172611e-01,6.530624961725861599e-01,6.068370563148094421e-01,6.068504099090751280e-01,6.941935158952784457e-01,6.123278850308477850e-01,9.348634734496229504e-01,8.109631480815907567e-01,9.226463414680451391e-01,9.689264504761168073e-01,9.499082273972684343e-01,9.433154629478387454e-01,9.807743058801167146e-01,6.421699352095618929e-01,6.566126735482633592e-01,5.724306285201756772e-01,9.521538906380101475e-01,7.918845595469825582e-01,6.918304081601291955e-01,9.151588163554111865e-01,9.229090503753946129e-01,-6.914801284962729389e-02,7.345999533211442500e-01,6.407872528679787738e-01,9.782313203272869906e-01,9.670897720723135027e-01,7.838249164644728317e-01,7.591735620074917534e-01
8.851449950316697679e-01,8.126207697237678440e-01,7.314215965820005660e-01,4.682127460165831367e-01,8.255213067102118440e-01,8.812190120138261307e-01,7.468824908914855065e-01,4.067785185556155314e-01,4.415230519016912769e-01,1.784891848455466834e-01,4.432358442038756841e-01,7.637791294718480062e-01,8.177963626173195832e-01,6.184868621342296535e-01,0.000000000000000000e+00,5.396105494473011355e-01,9.657790505586426599e-01,2.449391403613060680e-01,4.123036285104055843e-01,8.110911184494530302e-01,4.624045702803302738e-01,7.111846481641280748e-01,3.634636705008941204e-01,6.594894673480838909e-01,5.989924765912572058e-01,8.344431325880927730e-01,5.054167102163410474e-01,5.677092009402414652e-01,6.472738675842084621e-01,3.886402964316787445e-01,7.624115753228055681e-01,9.645374611168777701e-01,7.247101107204725334e-01,4.768777697305257024e-01,7.191666068940458789e-01,4.364673494700656575e-01,7.786683727461432003e-01,1.215345553817961423e-02,5.016740521508251671e-01,9.630403579299458006e-01,6.312632232133301713e-01,7.400572893984007639e-01,9.492275972513808391e-01,8.397255842074937693e-01,7.404183589382209441e-01,9.842673741863136039e-01,3.918411163830030075e-01,4.685612836885904020e-01,7.649013421494105236e-01,6.432326674136851219e-01,9.901760900850129499e-01,8.384287271543376940e-01,9.719011131268471271e-01,7.885615281846912739e-01,5.732492926559769053e-01,6.419207434651734712e-01,1.339344121404549559e-01,8.574678611507197123e-01,7.193928526698500914e-01,2.545017469318963665e-01,1.549855391091696788e-01,7.323609821373091577e-01,4.780946428574288642e-01,6.104178264407904564e-01,6.043264307041197325e-01,8.726493951504332713e-01,5.205148519444640076e-01,8.928772099446126154e-01,8.640690834293334177e-01,6.541091553183957519e-01,9.949775935333458055e-01,6.273831966877450039e-01,6.288115793376239937e-01,6.576145363843252101e-01,4.917663957677932962e-01,2.099220434677949443e-01,7.462499218982934224e-01,5.627780285738863686e-01,2.913115104279423440e-01,6.305109987066390698e-01,6.087871668129826164e-01,4.571886787936281227e-01,9.079478881965057369e-01,4.731093105997034032e-01,2.205944842732742717e-01
8.572493964407315037e-01,4.845114061344467649e-01,4.149750603654881465e-01,9.674913822085362547e-01,8.821255388557477373e-01,8.134400139188749934e-01,8.990293977732960462e-01,9.938036729388607382e-01,4.342269130853065873e-01,7.211844851423305780e-01,5.885953778725701024e-01,9.930408830491681549e-01,8.235286598298251493e-01,8.067643627442165899e-01,5.396105494473011355e-01,0.000000000000000000e+00,8.616622302849965553e-01,1.694147951029491006e-01,6.497384631752445294e-01,4.644990037061599297e-01,7.289963699601496039e-01,5.303765288506734343e-01,7.310193766248722635e-01,8.810429903550462960e-01,4.425594466037051644e-01,7.619246872162512840e-01,8.264045351476699830e-01,8.120716491903122725e-01,7.271936077405897203e-01,6.729969460161462358e-01,3.621286164187204060e-01,2.259253073478519336e-01,8.988191866502535099e-01,8.637273778576102234e-01,9.377805661164873019e-01,1.690474441802923278e-01,4.974217255332392673e-01,6.019463358600459779e-01,8.460272770097572170e-01,8.258060869398445858e-01,6.878895108625949772e-01,6.893992227723593214e-01,8.048707784418840383e-01,9.332039047562568079e-01,9.401550977412805876e-01,4.045439098498121999e-01,8.815283607278114886e-01,5.130633743173655947e-01,4.174688762805772169e-01,3.419798100140740704e-01,7.643684909407565120e-02,6.179808653725352152e-02,6.592273792626688333e-01,8.324164095116499684e-01,2.597097653696879282e-01,9.004317924681747298e-01,6.767907905975001359e-01,5.824748329011866232e-01,5.695416537937195711e-01,3.372326185406304688e-01,5.600038994102811696e-01,7.056764932041325045e-01,8.912380674404383196e-01,8.238422243327989669e-01,8.946903518046614989e-01,9.356562246910182790e-01,4.573927309716012690e-01,8.192909669185881594e-01,8.489345369105065764e-01,9.887995244007399265e-01,9.769261172702325968e-01,2.223586058549922861e-01,2.796258505148899731e-01,9.644655727920261601e-01,4.154600428492853381e-01,6.676231258832465709e-01,5.018465216988914346e-01,9.041433469349490215e-01,4.979375560177994736e-02,1.138869828593262606e-01,6.797454094910639899e-01,3.645705266135408629e-02,-1.051396195147252244e-01,2.002323188046690183e-01,9.819493142199422486e-01
8.606514274467591541e-01,3.458850057274800438e-01,8.999249619986505744e-01,9.567859657499286907e-01,6.920164830253983101e-01,7.271191955342021229e-01,6.119258264536309166e-01,9.828757766418625419e-01,6.930696353391211373e-01,7.800396227213323153e-01,2.873055774286162878e-01,6.789821462846707956e-01,9.790389439040226849e-01,8.812156315193481193e-01,9.657790505586426599e-01,8.616622302849965553e-01,0.000000000000000000e+00,6.759022387632371842e-01,7.030207085210151696e-01,8.409258625682975996e-01,7.676070033694519790e-01,6.568592383609562768e-01,6.825400004864371484e-01,6.937438565173295046e-01,-1.144270361547947146e-01,9.373552936812449277e-01,7.879756820009500284e-01,6.453677939291483368e-01,6.335654644661633528e-01,3.070733080150362948e-01,7.000662326505872057e-01,6.403980880580487645e-01,8.859476189832804494e-01,6.524313632154045139e-01,7.671333423636337301e-01,7.776126260394866652e-01,-2.215132479353779105e-02,9.394898538072744554e-01,5.824257815154114670e-01,7.776883119218701568e-01,7.707626500374812339e-01,2.753754288004562900e-01,-2.252813479878504332e-02,6.833309439771934057e-01,6.158680001118816971e-01,8.526393401951872786e-01,6.982631690519575107e-01,6.429353947263054536e-01,8.403927636261706580e-01,9.606920480511033089e-01,8.043594267894308425e-01,8.271628826488343078e-01,8.221939240165831997e-01,6.301644974600514315e-01,4.630834984147741973e-01,4.399275676708140903e-01,6.681718954826391110e-01,9.476885932735933382e-01,6.052265468885473787e-01,4.690891519927913311e-01,2.032982150469799243e-01,7.668945450125024266e-01,6.355337395675340062e-01,6.687691405107856202e-01,6.224521311105415400e-01,5.888097968250025627e-01,9.847548215022015050e-01,9.127876160907560932e-01,2.654545251290628127e-01,9.363370253059264403e-01,9.870287811399478528e-01,2.594463952530883799e-01,4.752922076664002349e-01,1.956194726227824254e-01,9.009006971547746101e-01,2.625238824756513933e-01,4.183385638975801180e-01,4.798802040818537229e-01,6.047523982400255793e-01,5.263632208247142064e-01,9.176286740164792954e-01,7.217236985575586905e-01,9.230229499855066022e-01,4.090980106575570763e-01,9.883681211503858588e-01
6.728365542712952951e-01,8.380555139102956463e-01,6.422229732054636209e-01,8.521234782187452339e-01,8.800976769924500065e-01,7.555109978514200630e-01,6.968024385885194238e-01,4.532098064903354873e-01,6.568265179746060056e-01,4.693948602727497921e-01,2.642976051828616058e-01,7.051617429769745371e-01,7.439288667901378105e-01,9.373356236689881493e-01,2.449391403613060680e-01,1.694147951029491006e-01,6.759022387632371842e-01,0.000000000000000000e+00,2.957435994768262688e-01,8.443706039513008133e-01,9.069057050218719551e-01,1.164439940102319215e-01,8.008848342768617456e-01,9.697173479652059225e-01,5.088689681291975742e-01,9.768810338436930696e-01,5.923936034050569788e-01,7.043218613343500412e-01,3.500482986923809103e-01,4.092563054357157837e-01,4.397670477592119931e-01,5.634009728189143251e-01,9.245782413415403189e-01,7.323496700807102799e-01,9.086985183770355246e-01,2.847008477418448980e-01,6.361012540158752504e-01,8.820181149636530105e-01,5.409359868377772163e-01,7.934020529975724934e-01,6.830561543683021375e-01,8.340748230377607042e-01,6.619962682655460284e-01,6.554143321354393148e-01,6.132467297306539722e-01,3.679339733555673231e-01,5.201051430180362312e-01,6.898532822114534779e-01,4.559004291213082927e-01,6.423077299779055283e-01,1.221117091044492467e-02,7.908282258335070924e-01,6.718713810094393279e-01,9.570587661829361714e-01,9.903885945581676342e-01,8.313586588782466702e-01,2.163144146148844593e-01,6.941725281803281522e-01,1.484779730134211939e-01,1.319568716073555581e-01,3.138265474186551218e-01,8.405226141540491636e-01,6.364783859778241348e-01,9.277705585089599527e-01,7.385847459381804647e-01,9.453196263863569149e-01,5.383608547963819602e-01,9.567498863471706194e-01,3.464366136943120011e-01,8.628431767535869046e-01,9.390480144667813223e-01,7.444821258430134314e-01,5.384380741139191962e-01,6.720434950245369743e-01,4.191843640707942353e-01,8.058060833651796706e-01,9.885643175756743117e-01,4.360141577522205769e-01,3.996789093439733209e-01,-5.164719932315101070e-02,7.818337273343987925e-02,9.725293938800337878e-01,6.368078665128856786e-01,8.256526559095122009e-01,9.696323478964443687e-01
