0.000000000000000000e+00,4.114333374083846140e-01,7.058336324004520490e-01,9.836875915507148349e-01,9.205011999925910571e-01,8.656623075031726344e-01,7.668689923322168367e-01,7.304652276331387029e-01,9.476398986270544444e-01,8.144863545416995976e-01,6.314909850060281826e-01,6.892072605665471308e-01,8.847614649634130135e-01,7.361503238607330912e-01,7.342854431431509177e-01,4.944971455449280184e-01,9.485898383958636382e-01,5.510370296387033795e-01,8.730621601293591105e-01,6.490802879184729424e-01,9.739373711731934558e-01,6.888868412407816999e-01,6.592820626392759120e-01,8.411154161390345108e-01,8.894987456928529213e-01,6.256058848737946487e-01,8.824650981061724631e-01,5.892799398899504215e-01,2.860809586212710864e-01,6.379876537633585309e-01,3.174069906446646411e-02,8.000405426403487397e-01,8.455007556523006507e-01,3.692266062868267973e-01,4.249449224674323733e-01,-3.526496820136482135e-02,3.303020187102172489e-01,9.525480178627021566e-01,9.340196523305243081e-01,3.441059033219405761e-01,8.466158511577105417e-01,9.942826648580289639e-01,-1.702756664080648796e-01,8.910408187269049929e-01,7.239270408716995675e-01,8.873156972541039744e-01,9.318526639205955142e-01,6.328045657645383626e-01,3.524829714779692535e-01,7.729437489368331526e-01,6.227785431351131606e-01,6.115288648333033761e-01,1.480757675956141106e-01,8.203909325778833139e-01,9.974645495710394716e-01,6.312061574807825703e-01,8.834320442504014492e-01,9.631862492469572823e-01,9.533354466885473055e-01,6.364445101420918016e-01,7.753669341371683954e-01,6.168712596665395509e-01,6.982088266857678915e-01,6.186983611592066223e-01,3.539855031216361525e-02,6.481974245051844719e-01,8.568569763609061862e-01,7.412679314611015924e-01,8.163074109911260257e-01,9.550368247686599199e-01,9.525197082598119147e-01,7.452347582989075070e-01,7.689720538221707369e-02,9.448618089858233926e-01,8.687803736310875102e-01,4.358477506408886537e-01,8.285954040725734826e-01,9.267509767360098127e-01,-1.964589025284262658e-01,7.979048079982237196e-02,8.572197637741372223e-01,8.807349275994276194e-01,4.012221274721802788e-01,2.009629705596161775e-01,6.259304741231952462e-01
4.114333374083846140e-01,0.000000000000000000e+00,6.635258662196489299e-01,9.259170311169302447e-01,3.567586257207475686e-01,6.224884916299761040e-01,5.793794862730639039e-01,2.863556049224317834e-01,5.518522197880268987e-01,3.771590978671478522e-01,4.655923978031559218e-01,7.913322442178585270e-01,8.619293044308082852e-01,3.859090350931809743e-01,5.279904471567187230e-01,5.225580969218194261e-01,6.194491600368355888e-01,6.516972074863984776e-01,8.776453372240607953e-01,9.142773949377908105e-01,9.685110050260885561e-01,5.677231140489040762e-01,8.152986343548211945e-01,9.006077082228617359e-01,1.430083189057627241e-02,7.127976274731228079e-01,3.158896761140927434e-01,6.592538586850302806e-01,-6.195722909024148350e-02,5.361419785896077705e-01,4.307170569138059069e-01,7.745706710102158166e-01,7.730105927894767026e-01,7.315340961770614436e-01,4.230824804702040254e-01,7.592552987986826984e-01,3.175129569651387040e-01,6.312712080623390509e-01,8.246594346152340549e-01,4.007035151741362711e-01,3.049440574191674691e-01,8.997891901659822445e-01,5.445571478456265879e-01,5.476130729724812962e-01,8.162443100069259883e-01,9.083570190840475345e-01,8.903773889653743279e-01,9.503759644907489035e-01,7.088991367008317113e-01,5.871524001892366451e-01,6.237168042276620694e-01,8.932148023239384615e-01,9.743366568774763925e-01,4.176814209698241354e-01,6.103493441961681532e-01,7.795478142597257465e-01,6.718034006119050217e-01,6.355227329848995854e-01,6.869334505627074927e-01,7.467618980364331138e-01,3.775611413457683474e-01,7.604314758293755361e-01,7.633358309616260495e-01,6.705734756221858328e-01,8.273305511357840203e-01,6.107133331223022488e-01,7.231845639439687945e-01,9.364403122713884642e-01,4.654437368185714297e-01,7.895122748701097759e-01,2.916596163446616430e-01,4.088988406072265325e-01,7.861308877660928562e-01,9.179621783996658735e-01,2.763019146035975981e-01,8.599879680291016015e-01,9.306599018368532095e-01,8.025636332974329656e-01,5.660863619261327084e-01,1.622517120381420097e-01,5.098931323192418263e-01,9.523151739125713666e-01,4.481266349508268854e-01,6.979946647073749233e-01,4.753722846337172792e-01
7.058336324004520490e-01,6.635258662196489299e-01,0.000000000000000000e+00,9.069261601567810693e-01,9.680565743679364621e-01,8.319601664140211517e-01,8.599611221374314773e-01,8.103164466339288774e-01,8.422765945689802969e-01,8.794396375405234556e-01,6.843487947989356224e-01,9.606047615945844109e-01,4.091008409374859989e-01,7.281493842702788655e-01,8.086750560386133380e-01,7.711767075135783633e-01,6.431995564507176910e-01,7.519704193245916324e-01,6.249018159113451931e-01,4.767810356867311916e-01,7.776000419194857294e-01,7.416283108219112741e-01,8.242830788577759638e-01,6.232352085119825524e-01,9.975536083425884382e-01,5.274466760026349510e-01,8.728884078390048984e-01,6.847249972565077059e-01,4.616888546596706333e-01,4.831131339039915207e-01,4.412658838584229692e-02,7.101474877855489254e-01,8.620080716086624406e-01,9.031032733416085589e-01,9.204427979612841426e-01,4.511825535938415732e-01,6.149678227775513539e-01,3.835721520580526178e-01,4.187811000839834485e-01,8.431717043682340762e-01,5.591892465140404500e-01,8.920558880327524864e-01,3.577262398319621672e-01,7.017390652900203918e-01,7.535366038484454521e-01,8.550434184246790137e-01,6.585394286191215141e-01,9.882160477405821375e-01,8.741779578676653895e-01,5.750983662407775920e-01,9.946887272897111387e-01,8.378511309058517265e-01,5.738500117949059121e-01,4.875314682249763942e-01,4.168542553173078535e-01,6.883338770737439383e-01,9.617662474674945061e-01,4.186366656104523187e-01,8.774859433525257213e-01,2.391649544098933267e-01,5.963864121819353326e-01,6.294749613525103538e-01,8.988361497559592683e-01,-4.310719471344709453e-02,9.718564873787060021e-01,9.319980492255419691e-01,8.700963512632806651e-01,8.081740508118722133e-01,9.468685837190133903e-01,8.216190394093750848e-01,2.314502937538045479e-01,3.027507025230584126e-01,2.119248923806109075e-01,6.527621636589862053e-01,5.504121538458937035e-01,8.345645030244546181e-01,7.959518801221502349e-01,4.732695987015854699e-01,5.706750664380380034e-01,2.540930588463197748e-01,6.426322600925568063e-01,9.116439070836529490e-01,8.939693028665981478e-01,5.599636613189229450e-01,6.671943344383934882e-01
9.836875915507148349e-01,9.259170311169302447e-01,9.069261601567810693e-01,0.000000000000000000e+00,6.756306456589307174e-01,7.434202838706064354e-01,4.393988979184149657e-01,4.533241239798752598e-01,9.068593354592879852e-01,5.715240895874049709e-01,4.809926380903479792e-01,6.995550367026317495e-01,5.635272777645917719e-01,8.687347237361493502e-01,7.148827659472346552e-01,3.631512317367981829e-02,6.277691618049686673e-01,6.824901629961820371e-01,6.587804961351984012e-01,7.987040276673129657e-01,5.054349459573228565e-01,4.536909026349426055e-01,4.878643554556330031e-01,9.585831392219056335e-01,2.973729310617068688e-01,3.217219692680056697e-01,5.934097003213462118e-01,7.784948977019908734e-01,2.523236437132985177e-01,6.060674016393864383e-01,6.556118478415275952e-01,4.185656154499933779e-01,9.933217221667183239e-01,7.287181822881432236e-01,6.576847982015123772e-01,5.529282802237236449e-01,4.570111837211491834e-01,4.838991673315434228e-01,9.669838182134662397e-01,7.692573996799804137e-01,2.038848163228123567e-01,9.269644969379834398e-01,6.832864672504470605e-01,7.443367512965461952e-01,8.426011963511506053e-01,7.925711379971323023e-01,8.958630299117378293e-01,7.350140695044515837e-01,7.663592308087704419e-01,6.122653701216088651e-01,5.680237534066143734e-01,6.443347234902824239e-01,8.815478123954718637e-01,9.313269664994512365e-01,6.038280593242075778e-01,4.418317102119541651e-01,9.379015743556128326e-01,8.824866154876988000e-01,9.912511614502121926e-01,3.115743005872225746e-01,7.633034286472035745e-01,7.274033019442273096e-01,9.612338020907813529e-01,9.798858449294622908e-01,7.694738393797486697e-01,8.587613938463125596e-01,8.096015852655710221e-01,4.186701300676701210e-01,6.521074038014352814e-01,9.242487876508220790e-01,9.381759340220819920e-01,9.594540304396094177e-01,6.058037073468296452e-01,3.448514040229057054e-01,7.853339483206105420e-01,6.706602667202152812e-01,6.094126747398059818e-01,6.151730424029008271e-01,5.879642289451098014e-01,2.678005909497753745e-01,4.389369027363900222e-01,3.419032761640791729e-01,9.337560248153933262e-01,8.504513848307384549e-01,7.670465413021221313e-01
9.205011999925910571e-01,3.567586257207475686e-01,9.680565743679364621e-01,6.756306456589307174e-01,0.000000000000000000e+00,2.412182316316964503e-01,6.707527387106252403e-01,4.539184240757846989e-01,4.117584006560289778e-01,6.007969265247843360e-01,5.545287068079893800e-01,8.658011944315134878e-01,8.039861552291737157e-01,5.739252159082298688e-01,6.630141575874262116e-01,7.313909261508926285e-01,8.941960950763495619e-01,4.675748512456969763e-01,6.088905737772354332e-01,7.846895787880699968e-01,8.920645730251106631e-01,7.240877392179743133e-01,3.748809800284440552e-01,8.829285739666374866e-01,9.197907996605984016e-01,8.037099650868270162e-01,9.232024064368842264e-01,9.665799268585318904e-01,5.333472436541599748e-01,5.014829054867969704e-01,4.113999754178315205e-01,7.948295035434596034e-01,6.132566625074633571e-01,6.944757231145898269e-01,3.184567607093442554e-01,3.002187343795111873e-01,3.987601788285689564e-01,6.989676129832250728e-01,8.800321645055215747e-01,8.937050641933469430e-01,9.896639321314738558e-01,1.724081776121749732e-01,5.825775793806953207e-01,7.935459187902025313e-01,8.155272697348528999e-01,8.538325545208790279e-01,6.698888233810014192e-01,6.276163327838397699e-01,7.026788578828734311e-01,5.320366245417207374e-01,7.281001282195677105e-01,6.485553229805839370e-01,7.802393076925780990e-01,6.757609366338237500e-01,8.898421433741013908e-01,9.690744805939915940e-01,7.047243421502425997e-01,9.053763252183192334e-01,8.347357945752669206e-01,8.669266924485923287e-01,-1.057950777656875285e-01,6.162015805577869543e-01,6.323241532064041159e-01,7.648496827211099802e-01,6.697996217788836359e-01,8.907500557276132325e-01,6.082613328609091097e-01,7.374781498170515093e-01,7.264779488753704273e-01,6.844655388581505351e-01,7.822070360450984472e-01,6.232853672755804819e-01,5.487991980802838787e-01,6.277656370425386267e-01,9.073928624351359495e-01,7.307409819756885971e-01,2.471320581536040339e-01,8.427338882569264111e-01,5.367464295290850229e-01,1.683097249525080941e-01,8.050302471004088245e-01,9.136027587618462675e-01,9.948313961088663948e-01,4.406420445599688041e-01,6.447041400706036152e-01
8.656623075031726344e-01,6.224884916299761040e-01,8.319601664140211517e-01,7.434202838706064354e-01,2.412182316316964503e-01,0.000000000000000000e+00,5.491333955250508048e-01,7.465644967439457602e-01,9.725433914745671427e-01,9.199468797059319192e-01,7.423316475816645887e-01,4.977459850376537709e-01,7.317990416907481643e-01,4.748518205340500065e-01,7.382286691360813169e-01,7.723231471141762672e-01,4.326301987149590023e-01,6.418757057006514444e-01,9.618876493620786006e-01,5.942163689269547300e-01,9.363810449331297914e-01,4.403802100913936646e-01,9.419447766458303173e-01,5.751358978194589522e-01,9.397611699952492792e-01,8.754817432521613263e-01,7.864294950862136258e-01,3.489254748445257404e-01,6.104124381478481798e-01,6.808784989465422877e-01,5.000418612168581189e-01,7.519678787966129763e-01,8.445427289908182811e-01,9.389327028406484477e-01,5.740437830787467055e-01,2.978054846849884085e-01,2.505705231226013074e-01,8.895430387583952436e-01,7.069835956054096870e-01,6.408930771045929786e-01,7.098093660042451569e-01,3.845250435882502926e-01,8.602059681504257149e-01,5.471741564095655708e-01,8.075672231379711352e-01,7.292938868943156239e-01,5.272586509051816472e-01,9.039422928011460190e-01,6.408143571385170878e-01,5.399086061558923122e-01,9.766086735636564375e-01,6.873110432851825546e-01,9.571684998316738469e-01,7.337109284663271280e-01,4.392787102386014331e-01,4.524849570422549427e-01,5.472195370340999787e-01,9.105346416835110590e-01,8.107458237473536000e-01,4.285487720680514201e-01,5.132349320506912616e-01,6.987695461599576774e-01,9.207609703230775766e-01,9.179399957137256427e-01,8.601450252390070439e-01,6.083707456437986716e-01,7.123255315441577862e-01,7.551081599089068952e-01,5.409617142419828051e-01,5.916748473707635902e-01,5.978555007577135427e-01,8.088624875700733963e-01,5.629431423446019656e-01,4.154560275567271699e-01,9.549272519543190452e-01,9.764265018521116613e-01,7.312462507029160452e-01,7.078634780239931867e-01,4.983406389763677113e-01,2.132606331404436617e-02,9.685302826682887223e-02,4.393349078065651447e-01,8.783877524334013920e-01,7.922312054357334432e-01,2.857091999849347141e-01
7.668689923322168367e-01,5.793794862730639039e-01,8.599611221374314773e-01,4.393988979184149657e-01,6.707527387106252403e-01,5.491333955250508048e-01,0.000000000000000000e+00,9.444892414263613700e-01,2.455725768223484262e-01,3.739665781764408004e-01,2.349674827270631650e-01,6.196498638491164668e-01,4.424194478588220902e-01,6.485189447676970032e-01,5.438115866004449295e-01,4.065915951215419155e-01,9.745822151539871303e-01,2.141144097907286548e-01,5.925259168175511792e-01,7.601311677510281806e-01,6.691191041433965925e-01,5.823015237804511912e-01,5.524918401924820976e-01,9.278426283022489507e-01,9.466164406766495176e-01,6.024645878398879884e-01,6.640506765993590133e-01,6.136215182228136333e-01,9.669105948517234816e-01,2.421104412985790044e-01,4.671742749578361442e-01,6.134734098776467581e-01,4.292336521457964515e-01,7.527155920710785209e-01,3.718476433132755776e-01,6.562365006037498283e-01,3.730084491158444648e-01,1.689793708416965912e-01,8.159877386932899990e-01,3.509786498822544676e-01,7.646688978607423248e-01,4.274388971852351449e-01,8.047897319751993184e-01,4.045472601652965738e-01,6.117507514656370660e-01,6.876407065276727293e-01,7.420326641374337395e-01,6.367563421183364269e-01,6.117765085620551213e-01,2.764906309571707466e-01,2.492680460103178786e-01,6.782493150041224439e-01,6.301462419769654488e-01,5.471481283755622593e-01,9.265774906030557201e-01,3.180060265570727185e-01,7.859155154340125016e-01,7.795087573651693358e-01,7.802892530574662144e-01,4.550696799586444463e-01,5.075353564098487036e-01,5.850624909739738921e-01,5.662841969990606295e-01,8.311416501702929560e-01,6.307367778775613276e-01,4.484187059370354778e-01,7.315055504482018689e-01,4.798967305487572554e-01,6.482392253170159435e-01,9.196151746452435605e-01,5.815603590082945029e-01,6.884614319352346801e-01,7.749639582243940117e-01,6.629044584855789957e-01,5.887620503257053883e-01,4.454607923920808066e-01,6.274110359724315300e-01,7.127591444998148118e-01,-8.772778160472077813e-02,2.691804926074900517e-01,5.623607066747806638e-01,6.986157865398741063e-01,8.269798191791052355e-01,5.697672272006484295e-01,3.817470415045366439e-01
7.304652276331387029e-01,2.863556049224317834e-01,8.103164466339288774e-01,4.533241239798752598e-01,4.539184240757846989e-01,7.465644967439457602e-01,9.444892414263613700e-01,0.000000000000000000e+00,6.520584328989615930e-01,9.391199447086965302e-01,6.378819150809705851e-01,5.761382005913047166e-01,4.143425311986793647e-01,9.878004820171244482e-01,6.298561228705221726e-01,9.588896864964090438e-01,1.810020014488037954e-01,6.390202293861637628e-01,8.018665964465426788e-01,9.416125107286192897e-01,8.079258336419208320e-01,3.618789325713470673e-01,5.012806245547388739e-01,7.978057086095665662e-01,4.783980076292831951e-01,7.050856103590162904e-01,6.897615490315817111e-01,4.121023019892943728e-01,7.010907000511424902e-01,3.063807815905692511e-01,7.593999104264663735e-01,4.147209325467219321e-01,8.628836393627861145e-01,4.324649290025417425e-01,4.685560621201707021e-01,4.830259433680272330e-01,6.722830596571088835e-01,3.824209441451589253e-01,5.079928476137368643e-01,7.545695470331472698e-01,1.575165298289313565e-01,7.291040983463602521e-01,9.664526138077266237e-01,5.761436985620078666e-01,9.737292550257388157e-01,5.230906889754465272e-01,6.416633157529724185e-01,4.641741748847587612e-01,3.942870369953430654e-01,6.244153844848167045e-01,7.327213055415843224e-01,7.022569623949219686e-01,8.994405699151848399e-01,5.255145757898406211e-01,8.291750554425065811e-01,9.599083309843763345e-01,4.217507038716231671e-01,9.141816755740200806e-01,2.223113896493278119e-01,2.118999591797590121e-01,6.128495164284671892e-01,5.210136295270684226e-01,7.521300377013613314e-01,8.198163280399204389e-01,8.876437277277106075e-01,3.709644633408020753e-01,2.124694742033856332e-01,8.620894454239302895e-01,6.768663701089088214e-01,4.520026480994244755e-01,7.706834227528621684e-01,7.751872959852261769e-01,5.392855500678512826e-01,6.497104470599447401e-01,5.494698333145875413e-01,6.964375928368508051e-01,3.981311336401823775e-01,4.944619581820250409e-01,5.922582691523488041e-01,2.336106230504949588e-01,9.829014695584830097e-01,8.368924606630989693e-01,7.862343012460333291e-01,6.971380857772689899e-01,5.202867951599827734e-01
9.476398986270544444e-01,5.518522197880268987e-01,8.422765945689802969e-01,9.068593354592879852e-01,4.117584006560289778e-01,9.725433914745671427e-01,2.455725768223484262e-01,6.520584328989615930e-01,0.000000000000000000e+00,4.627126080258129881e-01,6.004987260054258646e-01,6.006430739602867108e-01,9.842209907495976795e-01,9.749113953473871330e-01,8.986240924662930452e-01,6.132892561457289338e-01,9.967103900342122458e-01,7.977068821879258476e-01,6.534878955629412900e-01,5.971701640321727123e-01,8.207087456095518707e-01,9.204749346525542553e-01,2.079882612788038210e-01,6.547959744208839972e-01,7.209293431547918463e-01,5.984733567836489909e-01,8.817256127668090526e-01,7.175212161121038434e-01,3.231176115986497122e-01,7.342261213858123359e-01,7.700612568224993737e-01,6.785214727741397667e-01,6.623109339481016988e-01,5.334064325805316642e-01,7.205068838543813303e-01,6.826613682442380648e-01,4.576065784213052545e-01,3.278659520854880771e-01,2.798118901121460222e-01,6.759094977588369080e-01,4.416239728360163430e-01,9.272460032282860976e-01,8.448852024059343435e-01,7.055035549017394381e-01,9.589428236215327139e-01,5.922746662866706924e-01,5.876031724654378063e-01,3.104559649778684469e-02,6.907714213001339143e-01,6.000257247572784447e-01,8.882171592231722368e-01,8.044969685455591879e-01,4.242475972719108590e-01,8.946096297284574783e-01,6.083235091867474909e-01,4.742740753471998971e-01,7.058988970745827540e-01,8.120830010576455260e-01,1.911413322508394852e-01,4.274825364587134802e-01,6.394845503115691443e-01,7.067269266416600360e-01,4.123193140394696421e-01,8.217673534991977169e-01,4.267149880424525588e-01,9.288276627927475326e-01,5.658760455618897511e-01,4.647100706318092467e-01,9.937908678223436043e-01,7.856106415946237931e-01,9.893203073072792675e-01,6.055693354496372027e-01,7.904821717009806736e-01,4.543767025419447325e-01,2.218568427180939717e-01,7.471148937271430146e-01,3.357017804422128826e-01,4.342332992227626032e-01,2.311708177723240387e-01,6.203966583483394581e-01,5.520495340175993748e-01,6.643207749674853169e-01,9.120321588907122079e-01,2.305750703475881180e-01,8.330685409098524952e-01
8.144863545416995976e-01,3.771590978671478522e-01,8.794396375405234556e-01,5.715240895874049709e-01,6.007969265247843360e-01,9.199468797059319192e-01,3.739665781764408004e-01,9.391199447086965302e-01,4.627126080258129881e-01,0.000000000000000000e+00,6.782945939159537030e-01,5.864655532760839618e-01,6.837183721101541822e-01,9.537930851943721144e-01,7.166340839298352972e-01,5.737463187456078861e-01,7.825385864528975333e-01,4.278122858431283038e-01,7.981730953333249223e-01,9.199023908945653805e-01,9.036154263090335759e-01,7.629974003671299299e-01,3.808221118442279840e-01,5.211772064453985553e-01,4.302905036548821394e-01,-6.568097788042681628e-02,9.289546482118388182e-01,7.132931472657554339e-01,2.583465163070516879e-01,4.591537085094265502e-01,6.337331419218263928e-01,4.701463356378484115e-01,7.863369156720283470e-01,5.223957266326741955e-01,7.664031400506505776e-01,3.393364458265569206e-01,3.457533533442322948e-01,4.098360268412681306e-01,7.494702852968081475e-01,6.217340868330835102e-01,2.748070836117432747e-01,1.994285912110532744e-01,6.148151547236041514e-01,3.559711347211039212e-01,6.003401794694204208e-01,9.132107837020965180e-01,9.577973213116031115e-01,4.300084432863414685e-01,-1.315081168283899204e-02,7.334716353586084869e-01,6.818652298444415338e-01,5.946412952852290212e-01,8.359871048560045814e-01,7.282986629437442350e-01,5.185135729853926900e-01,8.614210178415477870e-01,9.669204987098115600e-01,7.713654685927202603e-01,8.426048170811406557e-01,3.095785375248960025e-01,2.801486560274763504e-01,7.852381979171475512e-01,5.944818552555399815e-01,8.718645748199440604e-01,8.085572286917646068e-01,8.590364510153815081e-01,5.780599215857780138e-01,4.205429189972806903e-01,5.516466092775240693e-01,5.255132862300275765e-01,9.142837549219149373e-01,7.782771977386607754e-01,6.531435060197271492e-01,3.527785985867253338e-01,5.352655389685694320e-01,9.644209351948928033e-01,6.229819835778177550e-01,7.508199337343669511e-01,5.547075002047580083e-01,2.739203263885687800e-01,4.640127347794513191e-01,7.674509148197601327e-01,8.797994371079060905e-01,7.666814530334775668e-01,6.894093381953969590e-01
6.314909850060281826e-01,4.655923978031559218e-01,6.843487947989356224e-01,4.809926380903479792e-01,5.545287068079893800e-01,7.423316475816645887e-01,2.349674827270631650e-01,6.378819150809705851e-01,6.004987260054258646e-01,6.782945939159537030e-01,0.000000000000000000e+00,7.325906717702624915e-01,9.863867359397598955e-01,7.754579791173996650e-01,5.331307365595453485e-01,6.184997697042646791e-01,3.410261533955291635e-01,9.136949303632493358e-01,2.075483949154219299e-01,8.363484055408364481e-01,5.756915010210479355e-01,9.993979088504036934e-01,9.264822314386094160e-01,9.858910617543534816e-01,7.497235403254802755e-01,6.956026942118195278e-01,9.765330537444916192e-01,6.784933747926653602e-01,2.421142727308266129e-01,5.868747693612967886e-01,-1.595697070958442543e-01,3.808012980948951576e-01,-3.212215042604272819e-01,7.168010057478090280e-01,3.507069788480745576e-01,2.821451249967846797e-01,-1.812446440390514391e-01,5.147213227138605074e-01,8.548928641356506875e-01,7.415206061621528733e-01,6.282401914090167683e-01,6.663339976595835656e-01,7.167710150160924165e-01,7.901969508290553890e-01,4.505374418270579606e-01,8.878718826854132828e-01,4.183985778795875077e-01,6.687735154782949998e-01,7.217002719463031513e-01,5.142193454050730805e-01,8.653620394475941557e-01,2.705767750197110577e-01,9.295270160668298587e-01,8.636570398624286993e-01,7.315035374444756044e-01,9.308504481762216454e-01,-1.801385193259416873e-01,8.026230183877275381e-01,7.526987764295585137e-01,3.820802121038890387e-01,5.590201252031966606e-01,-2.632991271883852735e-02,9.142454883763135864e-01,8.321562662093817675e-01,8.855259762319763750e-01,3.008747430512817567e-01,4.421176753341091725e-01,9.917776102812740913e-01,6.057795760372185478e-01,7.980037577551172268e-01,8.915772585895012092e-01,9.389129263129760705e-01,9.760553646226275415e-01,7.662318964511204422e-01,4.855683510417496129e-01,9.626477853200042789e-01,8.549947967566757789e-01,6.316036092814167890e-01,8.091184671658840921e-02,4.010593385306552849e-01,6.004558594940493377e-01,8.777242651314147714e-01,7.709245300037882442e-01,9.557101442282823767e-01,6.013980638379391452e-01
6.892072605665471308e-01,7.913322442178585270e-01,9.606047615945844109e-01,6.995550367026317495e-01,8.658011944315134878e-01,4.977459850376537709e-01,6.196498638491164668e-01,5.761382005913047166e-01,6.006430739602867108e-01,5.864655532760839618e-01,7.325906717702624915e-01,0.000000000000000000e+00,6.517628805797631708e-01,8.518025567740870052e-01,3.860610073305250634e-01,6.851098707544692745e-01,8.972515232332570756e-01,4.804949059803771405e-01,7.534554225480318834e-01,8.717742627941698075e-01,6.882129648972332703e-01,4.312417855236321262e-01,7.343435352095676327e-01,8.946754577827226163e-01,6.333587068273698328e-01,5.620035463916936980e-01,9.156541580180832529e-01,6.613621335187519490e-01,7.450820427230441245e-01,7.093261493376932236e-01,5.157030878969564441e-02,4.578440235655991675e-01,2.557891699461893945e-02,8.886098095982816192e-01,1.100881748340530319e-01,4.191531778815494880e-01,-3.444296440551723459e-01,5.296308267276088610e-01,7.280071299763126724e-01,5.951732574313872703e-01,9.380829123468439334e-01,9.977446053176084462e-01,3.340672325729571179e-01,3.254735456310406394e-01,4.367744120977018474e-01,5.486593350009485448e-01,9.241596041018135255e-01,7.897323628865053902e-01,7.246181955141535180e-01,6.824208851550732646e-01,9.831238954706357225e-01,6.895351611372501077e-01,6.279273352696999044e-01,9.178053452630917652e-01,4.454348531652047583e-01,8.807692746057921296e-01,7.364634131938080364e-01,7.497213386715135819e-01,9.661655609687335167e-01,3.046703402608132438e-01,4.062547704907538693e-01,2.462199310168062538e-01,6.193886853486416655e-01,4.751361349678991930e-01,7.111817952172495572e-01,8.054093511940668693e-01,7.484070550198854699e-01,7.706845169371748794e-01,6.371928249861453786e-01,7.625408814397230950e-01,8.901558158414195621e-01,4.588699715978172833e-01,-1.362709461058778104e-01,4.671889196672351363e-01,6.446876269263774883e-01,7.684416314957779326e-01,8.550675590480412147e-01,4.393999806924601126e-01,1.554411066951310871e-01,1.995043481663651974e-01,4.352182756993870361e-01,4.374057184165404677e-01,3.353115949312940325e-01,4.104788749518675228e-01,5.222952305208037327e-01
8.847614649634130135e-01,8.619293044308082852e-01,4.091008409374859989e-01,5.635272777645917719e-01,8.039861552291737157e-01,7.317990416907481643e-01,4.424194478588220902e-01,4.143425311986793647e-01,9.842209907495976795e-01,6.837183721101541822e-01,9.863867359397598955e-01,6.517628805797631708e-01,0.000000000000000000e+00,7.055561677795220143e-01,8.781821653603426592e-01,4.089354877658155085e-01,6.735125360506862835e-01,9.702797932304161321e-01,8.204323883044364329e-01,8.754547539413942703e-01,6.753855888825988085e-01,2.838829564688343243e-01,8.734487935960133509e-01,7.729190896849145176e-01,6.234516150247871868e-01,9.291695904578897158e-01,7.207290456889169361e-01,9.913331023650193696e-01,4.961195166159886316e-01,8.500856052439398347e-01,3.721168926259967868e-01,2.652973512021032376e-01,5.663236129265610819e-01,6.985168104817696122e-01,4.332150252837207449e-01,6.178804216970540386e-01,2.176039546764401422e-01,9.681280575892794449e-01,7.685873951118237235e-01,7.374155486288647143e-01,5.754281097751465790e-01,6.729454021527664365e-01,9.281567433202192463e-01,9.959647284372010745e-01,9.023741815564718660e-01,9.726861787639164980e-01,9.521344451339393000e-01,7.161029036662738267e-01,1.449760199151279849e-01,4.560858408419986021e-01,4.203292226755187544e-01,9.144351991623337339e-01,8.502029363056554656e-01,7.120087914407848828e-01,6.012031323762531132e-01,9.401630710872099783e-01,9.187215047783126032e-01,8.179778264069116345e-01,7.088816908843826869e-01,2.448938876194574343e-01,6.330180662403102065e-01,9.980381193384434413e-01,6.647486789809338159e-01,6.304619477448608622e-01,9.105275663631097194e-01,4.026062486219419978e-01,8.381538935718664263e-01,8.661125829652007724e-01,5.948466233341783704e-01,8.690244219512041068e-01,8.798960087126661556e-01,6.093075844097161076e-01,4.147251167492270185e-01,6.149459196971085451e-01,7.486199798569701525e-01,9.814581677370842749e-01,9.701947881125569939e-01,6.715300329741344942e-01,2.288714126593521525e-01,4.416809434257187306e-01,7.014335762927282891e-01,8.801340364800021021e-01,4.448280951621227941e-01,2.567517222197416848e-01,9.853498345672855319e-01
7.361503238607330912e-01,3.859090350931809743e-01,7.281493842702788655e-01,8.687347237361493502e-01,5.739252159082298688e-01,4.748518205340500065e-01,6.485189447676970032e-01,9.878004820171244482e-01,9.749113953473871330e-01,9.537930851943721144e-01,7.754579791173996650e-01,8.518025567740870052e-01,7.055561677795220143e-01,0.000000000000000000e+00,8.512776939479869132e-01,5.258034244576279548e-01,8.585550557103447389e-01,4.173209529609001600e-01,3.316811657467521046e-01,4.928593232499388077e-01,6.146981355413169146e-01,7.445110729679439432e-01,6.990897535275130137e-01,9.321688675799995050e-01,7.197503440922528029e-01,9.365021891057405679e-01,9.652882449324972081e-01,8.972402726186394784e-01,2.398302612457196559e-01,2.950117998387961071e-01,1.553682465047067085e-01,7.336103100222586271e-01,5.370306666307420596e-01,9.040667610014007094e-01,8.453279786622583947e-01,6.065678198531354592e-01,2.164476219923994471e-01,8.856168099329931875e-01,8.928719574167734985e-01,6.276223608398034948e-01,5.501878263255970403e-01,6.069184303183275953e-01,7.403982632011221199e-01,8.915953155606318736e-01,8.064822728420091291e-01,5.524313533799017906e-01,7.608766919271073847e-01,7.752991180944536209e-01,9.147115035653458071e-01,7.603966199044822627e-01,7.848235187928895851e-01,9.336212054389878556e-01,2.612059797260060656e-01,9.629563549912568687e-01,7.165756858769423143e-01,9.019773489345404016e-01,5.890042961188840520e-01,7.660377701884165669e-01,6.871653863957986053e-01,8.460527435196757429e-02,6.898373933818326975e-01,7.336337223425531961e-01,6.714406901619474066e-01,9.311497815885433349e-01,7.357779870246948795e-01,8.025798024723613810e-01,8.718906433256585764e-01,9.568555594534872144e-01,3.628625613788960536e-01,4.994178967768745925e-01,7.902685415070950237e-01,7.955541838329974746e-01,2.121737858941001031e-01,3.387355669811369374e-01,3.205001001388882442e-01,9.152801878545729908e-01,7.718968949943734170e-01,4.441960087928165102e-01,5.568187524968353230e-01,4.018816129056281827e-01,6.774870731502968813e-01,7.792224726005176905e-01,8.176619931447799416e-01,2.127802388559877633e-01,7.639536852258941302e-01
7.342854431431509177e-01,5.279904471567187230e-01,8.086750560386133380e-01,7.148827659472346552e-01,6.630141575874262116e-01,7.382286691360813169e-01,5.438115866004449295e-01,6.298561228705221726e-01,8.986240924662930452e-01,7.166340839298352972e-01,5.331307365595453485e-01,3.860610073305250634e-01,8.781821653603426592e-01,8.512776939479869132e-01,0.000000000000000000e+00,6.275499216110184131e-01,6.268079095650143095e-01,6.861207889272942229e-01,7.025832776805113200e-01,9.703946793361575285e-01,6.401033455438293052e-01,5.419935161791202827e-01,3.968665872874840850e-01,7.933953318604469729e-01,7.768687093210611128e-01,6.097877400354839716e-01,4.339629824393271829e-01,7.264484134490276634e-01,7.417470353470136946e-01,3.361568999606062702e-01,3.780417387802550433e-01,6.015978981997358588e-01,9.929689441470320732e-01,6.953010860413274541e-01,4.369817487860112593e-01,7.725609080105201310e-01,4.794612905571518091e-01,6.129026324450933538e-01,9.614131717026322965e-01,7.898719545181287494e-01,7.501994526167622412e-01,2.351657026142046913e-01,6.454271615938540485e-01,5.522407979806138734e-01,7.277625841541754959e-01,6.915936969116665001e-01,5.368796457118508725e-01,2.740028505241169365e-01,6.749863448315350789e-01,7.726503416669480151e-01,5.221744013434566067e-01,7.330149272943461414e-01,4.280949466346407606e-01,9.399361110928415863e-01,9.830755595262981039e-01,6.473474194224233536e-01,4.114318899023292619e-01,8.005124906454113010e-01,6.811936060294325745e-01,5.313616001460217397e-01,9.887252898517982780e-02,8.537047873256857766e-01,4.984801359238206775e-01,9.306397240629833423e-01,9.714147614722155044e-01,6.050731713876920104e-01,7.961239542719249496e-01,8.726128070730663211e-01,5.555433890006213904e-01,6.861433274219547185e-01,4.104109218911480839e-01,6.745874891555044828e-01,5.440151385939910877e-01,4.310575520022931761e-01,5.871067940285740194e-01,5.537118557063970270e-01,4.761788993228034395e-01,8.598161420346206452e-01,7.949443470179307081e-01,3.062297768607015747e-01,8.623576537095248851e-01,7.559973191865227982e-01,9.040491122831564308e-01,8.419691045220261127e-01,7.995736935911605947e-01
4.944971455449280184e-01,5.225580969218194261e-01,7.711767075135783633e-01,3.631512317367981829e-02,7.313909261508926285e-01,7.723231471141762672e-01,4.065915951215419155e-01,9.588896864964090438e-01,6.132892561457289338e-01,5.737463187456078861e-01,6.184997697042646791e-01,6.851098707544692745e-01,4.089354877658155085e-01,5.258034244576279548e-01,6.275499216110184131e-01,0.000000000000000000e+00,7.371121329021648183e-01,8.395439839292191397e-01,7.674368583245090303e-01,8.714980029602246159e-01,9.735291252755620128e-01,8.560630392990079551e-01,4.121901998580029119e-02,6.536401474051904970e-01,6.466242077098205421e-01,4.984859551453725279e-01,6.546723276832102645e-01,6.073252931682155964e-01,7.426101206199210436e-01,5.297671599828219779e-01,4.022896567292779668e-01,6.024920765212803397e-01,7.309788544633732954e-01,6.208130628218992975e-01,5.846307434771524925e-01,2.577228781157490101e-01,1.929369595664534309e-01,4.803526789694604338e-01,6.546865912058410508e-01,2.698834545577036281e-01,2.374399144535795370e-01,6.154342566313489860e-01,9.360421383820013430e-01,8.640102797276627555e-01,9.040891205756340643e-01,6.330053050884580923e-01,8.267379790648522464e-01,6.726379207678157002e-01,3.853208105126396665e-01,2.071891919738044485e-01,6.550047909457522577e-01,6.614368964635752857e-01,9.116237530429111002e-01,6.622608213511573805e-01,7.110239194991062606e-01,9.842034898932369158e-01,2.107239432770189880e-01,6.009044845213038499e-01,-1.632738488008733668e-02,7.589016852495306109e-01,5.328479924218199049e-01,5.282455546472571983e-01,7.849608387796181974e-01,9.564184616958194551e-01,4.387767718748237789e-01,6.009451000817134236e-01,6.140843137962503917e-01,9.213857328160309779e-01,6.025278837353114092e-01,7.441447445478827083e-01,7.571836695089991798e-01,4.204520887459360368e-01,3.730119614876858947e-01,9.104492504432549760e-01,8.072312384921020989e-01,4.917063569653036814e-01,9.451525043024643358e-01,7.142651367244359228e-01,5.313402826108265531e-01,1.174892641052949216e-01,7.431780075275660202e-01,9.004872995608660391e-01,6.987602335320245439e-01,6.788360010468352801e-01,6.361044342538162422e-01
9.485898383958636382e-01,6.194491600368355888e-01,6.431995564507176910e-01,6.277691618049686673e-01,8.941960950763495619e-01,4.326301987149590023e-01,9.745822151539871303e-01,1.810020014488037954e-01,9.967103900342122458e-01,7.825385864528975333e-01,3.410261533955291635e-01,8.972515232332570756e-01,6.735125360506862835e-01,8.585550557103447389e-01,6.268079095650143095e-01,7.371121329021648183e-01,0.000000000000000000e+00,9.270585804052455803e-01,9.635420643248570061e-01,6.370368207796730520e-01,8.347870421461890400e-01,8.809603750958072688e-01,7.002326687254448734e-01,9.978958712726220259e-01,6.091740049396298096e-01,8.417958161478745760e-01,9.574401174828417460e-01,8.058116773421563073e-01,3.086614504577909757e-01,4.915639967231488217e-01,4.969672893329195595e-01,9.821169349588334541e-01,5.880681339800158947e-01,8.707504903114003936e-01,9.875420346600273236e-01,2.867497642070198083e-01,5.021476876119559396e-01,8.233481090381907785e-01,4.686465848879984852e-01,9.324018330121794929e-01,3.908637186168904543e-01,6.983879189591238879e-01,6.848130162534817877e-01,5.900048027700489639e-01,8.465620705723975181e-01,8.248455638387488520e-01,8.313488968331853579e-01,8.090943615332881755e-01,8.928347982515157932e-01,8.609804150058949501e-01,7.999957211791128842e-01,9.120198811504635072e-01,9.953178515440217478e-01,7.912652754617410800e-01,8.123633005201622570e-01,6.784564938703881998e-01,6.323364889310599812e-01,-1.516911823112689350e-01,9.116713926520271238e-01,4.019552553614577639e-01,5.641328184246449107e-01,5.190048808252779589e-01,3.695332809740498048e-01,9.873438448461130390e-01,4.325912313922535279e-01,6.548430762071116851e-01,8.385832745174935932e-01,8.146890882252296739e-01,5.403370971465912831e-01,4.394675596097198378e-01,7.910536555708276296e-01,8.672532342608716416e-01,6.889911173318679083e-01,2.904917438604552940e-02,4.714583255748776014e-01,8.770079913795593152e-01,8.497929081582100697e-01,5.967937511244005844e-01,4.991154451429635208e-01,7.559516246963052799e-01,9.140496280852929978e-01,4.700374420398995001e-01,8.384727532743773137e-01,7.633877054031826259e-02,3.694554907359030027e-01
5.510370296387033795e-01,6.516972074863984776e-01,7.519704193245916324e-01,6.824901629961820371e-01,4.675748512456969763e-01,6.418757057006514444e-01,2.141144097907286548e-01,6.390202293861637628e-01,7.977068821879258476e-01,4.278122858431283038e-01,9.136949303632493358e-01,4.804949059803771405e-01,9.702797932304161321e-01,4.173209529609001600e-01,6.861207889272942229e-01,8.395439839292191397e-01,9.270585804052455803e-01,0.000000000000000000e+00,4.595863775861976364e-01,6.411031510647736686e-01,6.281151927223554976e-01,4.281167477714862279e-01,8.061862976971140293e-01,9.235259200048722139e-01,2.470522000812080399e-01,8.931522236534586989e-01,7.638449513509198985e-01,9.015484514903078228e-01,6.143471451281795614e-01,2.680164326093921190e-01,5.938340101223453793e-01,7.221345363939617457e-01,8.051566652599840834e-01,9.820456731192179767e-01,5.897801786976465399e-01,4.304674627898603667e-01,3.198296654979549403e-01,8.418256337979515003e-01,7.417361015648425981e-01,6.241632266427881159e-01,6.009622057992938249e-01,7.698398796905764341e-01,9.907022927141817537e-01,9.287689933292258004e-01,7.243393473339595490e-01,9.641073178137732347e-01,8.203510955524812021e-01,6.995585247871286549e-01,4.059430375805880287e-01,1.339235613625875537e-02,6.775588882772618504e-01,7.192808975569509045e-01,8.567266374181763400e-01,8.623856704214682978e-01,9.058425723481171588e-01,5.371800229757598411e-01,6.612890345613182674e-01,9.603506537188507552e-01,9.972422670555999291e-01,2.725606152217663336e-01,4.733655185121217746e-01,4.137504816722391010e-01,6.789457214084602121e-01,8.837800230660805001e-01,7.077118952814378527e-01,6.301329579388961211e-01,8.117321497267272479e-01,5.261851453398264100e-01,1.305042865499568827e-01,7.576595834106827354e-01,6.322704509886601931e-01,7.524351232684878266e-01,6.508705659089859819e-02,6.135260320282980295e-01,4.671161092267880344e-01,7.084263225862916791e-01,7.037798013449582113e-01,6.184350629928524468e-01,-3.394113340723716732e-01,7.044274609693064182e-01,4.782496202087714865e-01,2.756814286442194062e-01,8.769038586721829009e-01,6.006163103996570163e-01,4.728654781403161533e-01
