0.000000000000000000e+00,8.787958265359440135e-01,9.322274845026679024e-01,7.760165258828253254e-01,6.501430249853125121e-01,3.578087030401609914e-01,6.543239481941187652e-01,9.088395341945406658e-01,6.269022279953595511e-01,8.958291736411300166e-01,9.380621697989501850e-01,6.209010217923053299e-01,5.894936664881619270e-01,9.569866851808207509e-01,8.916235734722861572e-01,9.151716638547594540e-01,7.242571971853228874e-01,8.846043063345884194e-01,6.770683389696928733e-01,9.989809568274421459e-01,4.892173699983144997e-01,7.072398400702474275e-01,7.736609956590685400e-01,8.615586964341896969e-01,6.092709149747453923e-01,5.322688291649787518e-01,5.391710566582302161e-02,6.902933901795302862e-01,7.332193584278710041e-01,4.261747712824444090e-01,2.924466910844391032e-01,8.157082998125702034e-01,8.555991917603893437e-01,7.040460082111497098e-01,3.656942523541458767e-01,3.115899413194487266e-01,2.817943528214598703e-01,6.662553827094095382e-01,7.986863537334967234e-01,7.031906134157310806e-01,1.412671392074475729e-01,9.404840140732033671e-01,8.067736753863417043e-01,8.473176475846849742e-01,9.164947211074867539e-01,8.928228365718150483e-01,7.457373686219683773e-01,8.351851186616017220e-01,6.036380828583852720e-01,8.474103660096881097e-01,6.228354122754657940e-01,9.048794172297416338e-01,8.429956707542398675e-01,9.671835625413621740e-01,6.477752804629265393e-01,9.345826320912183904e-01,9.988192635960086996e-01,8.568194047061059582e-01,8.807944760690172847e-01,3.431187379915002778e-01,9.062492330262728046e-01,9.677397403597217673e-01,7.538608694464180582e-01,7.314643027130710573e-01,9.791554708472249846e-01,9.750953196535099288e-01,4.441086850939719444e-01,9.075640127085978781e-01,7.598682203002835589e-01,8.636549972292714150e-01,9.758055975012993599e-01,7.677362072424002148e-01,2.385609567520102225e-01,6.415715060121630620e-01,9.742584922150314686e-01,2.354027186971812680e-01,6.711788018072564199e-01,7.580094829239929499e-01,4.473302793065634525e-02,7.729724860060601666e-01,9.776778155750923682e-01,8.959876957313464008e-01,9.037880265519357970e-01,4.674186694757523353e-01,7.610625648834927759e-01
8.787958265359440135e-01,0.000000000000000000e+00,9.110830854368077159e-01,8.717493710510320071e-01,7.888930528650623941e-01,9.009624927355807111e-01,9.709033689129578093e-01,7.437338951194245595e-01,2.650233722602009512e-01,8.525672566643687222e-01,6.479148129700287306e-01,2.412040836042825265e-01,5.658520773593356257e-01,9.291908573229470392e-01,9.175273593561249497e-01,6.359577614420993674e-01,9.689714769570290098e-01,-1.861811708536589838e-01,8.971826642843604427e-01,6.214303367257515420e-01,6.075382975870394775e-01,6.284376090087541167e-01,6.213381806379557615e-01,9.765255888111119553e-01,2.203551527140769350e-01,7.674762632280986985e-01,9.208163505853224073e-01,8.875516352854009305e-01,7.974617327135193889e-01,6.872608802281846563e-01,6.029770328056343054e-01,6.699087286016013332e-01,8.460337348150044345e-01,5.484276306416990820e-01,9.240208774621857524e-01,2.976174492165124530e-01,3.347537034806450373e-01,8.293222532220341225e-01,8.737860890385851231e-01,8.584284035751043040e-01,5.030379960175213050e-01,8.840191836244037926e-01,8.209237936231500443e-01,6.984381905235719223e-01,8.762106570906655900e-01,7.059887479881918892e-01,9.379531009974030331e-01,9.227027151569632268e-01,5.657368647907844439e-01,6.438887164930826579e-01,8.464372812712488425e-01,6.984408446826878558e-01,8.259595823562099204e-01,9.975131474328862158e-01,4.534674903832330850e-01,8.458661662212756394e-01,9.970031178285254647e-01,5.897010168472209823e-01,6.081828764390834197e-01,5.844719700458235190e-01,9.201075832409542077e-01,4.814418688787368006e-01,4.346150225414451285e-01,4.839505699573114911e-02,9.059238375419915723e-01,8.721734014009302483e-01,9.739387270838242294e-01,9.663807514869513504e-01,-1.420891724342897566e-01,3.642783790164446645e-01,9.856035170388566247e-01,7.711671038218916863e-01,5.782652422676157755e-01,5.770812991000507930e-01,6.476632365808014935e-01,9.730560926958051748e-01,9.871824563227142857e-01,6.514758215127836039e-01,4.293984083801694607e-01,5.004585313171111549e-01,4.941000219281744821e-01,7.364765495332139533e-01,7.949373216148072352e-01,5.400394238986669926e-01,5.431193148095890821e-01
9.322274845026679024e-01,9.110830854368077159e-01,0.000000000000000000e+00,2.435052042626462965e-01,6.034410886456957890e-01,7.851753986160630028e-01,9.850348486606407272e-01,4.419977857378459274e-01,9.824537701963353964e-01,9.708225308447800961e-01,5.305345255133143700e-01,8.053224265290284123e-01,7.072640851675043860e-01,6.986711467426843791e-01,9.244822703718339474e-01,8.864256921577552406e-01,6.685761836868597818e-01,4.476335260681990613e-01,8.124871586836753812e-01,7.065811136973699780e-01,9.308023378537626513e-01,7.869556574420513151e-01,8.969072519562814039e-01,6.519198957577244657e-01,8.060960626797532003e-01,-7.030981032924130125e-02,9.430242389319070107e-01,8.495837009183724309e-01,1.360475885163498211e-01,5.349244661499721332e-01,4.961930563554975970e-01,6.869289921371477536e-01,8.680732723380215621e-01,9.427154037003550036e-01,5.245237065272916333e-01,4.405259176261943077e-01,3.417179515087354069e-01,4.451829571773013305e-01,8.115272519894300984e-01,8.646952935118459305e-01,4.053133923073246048e-01,9.961159549442604177e-01,9.022287210755493003e-01,6.415539003503015758e-01,8.904350155614502160e-01,8.799376630546839051e-01,8.532738000459514360e-01,9.028304640274942283e-01,8.360719700505666596e-01,7.916463941420024408e-01,5.046231201805314592e-01,8.534821677767627790e-01,8.833654285576294507e-01,8.152813221890486961e-01,7.898037917837736899e-01,9.278221579304590794e-01,-2.388279320593356125e-02,9.306814207363320879e-01,8.307136864774594676e-01,7.395193807419448984e-01,4.296162539148595250e-01,9.897085854860999676e-01,9.940877304317219387e-01,9.528638292152364908e-01,6.883056143183056141e-01,3.393333891306676842e-01,5.969155318558264645e-01,4.323894834540893406e-01,7.154910807705954223e-01,6.742747999827053418e-01,9.148687455960973214e-01,9.651993857095559903e-01,8.087938563691654537e-01,5.568047960576162358e-01,4.871856575084151930e-01,8.827924481296738346e-01,9.701026458758225113e-01,5.923142473849833944e-01,7.327724063285252498e-01,2.765898671692553212e-01,9.505099264549664584e-01,4.834635216559562410e-01,8.515087347700929232e-01,7.475355592539220106e-01,7.095070728000473226e-01
7.760165258828253254e-01,8.717493710510320071e-01,2.435052042626462965e-01,0.000000000000000000e+00,9.662920453750027949e-01,6.536615061114435798e-01,7.984519380438599434e-01,5.810976593552175107e-01,4.677540923092829428e-01,8.131742116684195221e-01,9.008542728293468249e-01,6.780983594748365428e-01,3.218345901698295153e-01,9.419154769408939476e-01,5.107665310482389920e-01,8.165549766209690974e-01,5.898687000491549259e-01,9.528693785211285183e-01,6.569736240379848713e-01,7.097681481841771056e-01,9.773067004124578183e-01,5.471641203247682439e-01,6.286784468088152389e-01,3.527426568990263966e-01,7.809896667513972490e-01,9.165008765917920242e-01,9.420092597695757242e-01,3.868250327556401746e-01,4.772663126744992601e-01,4.399831793774400257e-01,3.141640808065367385e-01,5.222783756790826404e-01,9.037475651024312606e-01,9.767388129206484582e-01,8.678873502118231720e-01,5.705434273204799123e-01,3.921305240641251855e-01,9.104891640907074590e-01,9.228014107430222435e-01,7.996692716403706047e-01,7.523751078295772832e-01,6.820413912569138759e-01,7.166133668797720624e-01,7.828085320181349394e-01,1.660008870189239039e-01,8.337615842455180504e-01,5.958690680670428730e-01,8.693149088229147337e-01,2.176958406870982965e-01,6.143985588445860513e-01,7.700958769529577808e-01,7.416531114192813634e-01,6.648285329928770304e-01,8.965204883260600166e-01,7.734721593994497990e-01,8.224557702822805627e-01,5.979052564756155430e-01,7.923637593947635560e-01,6.653673476541939191e-01,5.246673447203494822e-01,7.034173015721598698e-01,8.744955125152642506e-01,3.826822210518930900e-01,8.724887266471367253e-01,7.307149745893595782e-02,8.241111211254043001e-01,9.981451809642046813e-01,3.424009094099856876e-01,8.386951278739049886e-01,6.481330811928128766e-01,8.314718957860617321e-01,7.839500236164084201e-01,6.388054353381136252e-01,8.954533107206462395e-02,3.573852164289136879e-01,4.075774654471659986e-01,8.771580535939772494e-01,6.389428470996600939e-01,3.041395309551015447e-01,2.431641770564715033e-01,5.258546678178770417e-01,6.817067192732556569e-01,8.453508465715215969e-01,6.701587071086495540e-01,9.567031678402699857e-01
6.501430249853125121e-01,7.888930528650623941e-01,6.034410886456957890e-01,9.662920453750027949e-01,0.000000000000000000e+00,7.142062571159664142e-01,8.126025880372671484e-01,5.975694552644859048e-01,2.987472465290770263e-01,8.940136620933684108e-01,8.167341457528013438e-01,6.594640977551395888e-01,7.985165169963248655e-01,9.853744289928941802e-01,6.839392364238749966e-01,9.312593439125391725e-01,6.068512401389940525e-01,5.809498354231595885e-01,9.176611958713332129e-01,6.994806786123534126e-01,8.940567379111337143e-01,6.217449483815280509e-01,9.639073572255665301e-01,1.349035663475670332e-01,7.248622180704986651e-01,7.699001839321160112e-01,2.466937867263808981e-01,6.617831470191289922e-01,5.435088150015541242e-01,5.959260957284360227e-01,6.050972438505631823e-01,7.867525506733880070e-01,7.619592888039511402e-01,7.531580373845028209e-01,5.181943174828335108e-01,7.491967218560316999e-01,7.693178969894310937e-01,3.096793635055835603e-01,9.509428081257418341e-01,7.827748019332680940e-01,-1.661212875148351253e-01,9.414661041601304348e-01,7.021457927704810587e-01,5.068644846071110877e-01,5.153279784450479628e-01,7.948645879499249833e-01,2.003891056568343418e-02,7.910954400847682866e-01,4.627256910593516293e-02,7.297247334290319909e-01,8.782353652180202586e-01,5.520909471090251763e-01,8.634724263221353890e-01,8.917833904957046531e-01,7.910262084077288591e-01,7.474707420354759213e-01,9.936164226276407163e-01,5.894636988101454866e-01,9.685477823373886963e-01,5.460408665812357398e-01,3.557031975186243367e-01,6.705272862718190119e-01,7.598484722571954286e-01,9.356821435083710892e-01,7.251713889035329430e-01,1.556889427516847668e-01,5.304187868722970434e-01,7.978670179748124092e-01,5.283577769268879010e-01,6.317152184282498473e-01,7.559806219274018968e-01,6.528807042266389082e-01,4.738601761702012083e-01,6.158829799898519752e-01,2.358354582111998610e-01,2.110361818544509993e-01,8.904423195315244177e-01,5.212571541260206942e-01,4.923775981629021081e-01,1.652736110692842875e-01,4.705455147378434511e-01,8.764668845949485920e-01,7.736398042843163347e-01,2.557114667994594415e-01,7.705913656388529986e-01
3.578087030401609914e-01,9.009624927355807111e-01,7.851753986160630028e-01,6.536615061114435798e-01,7.142062571159664142e-01,0.000000000000000000e+00,4.861153287379480492e-01,7.757690155009400179e-01,7.287818428016841210e-01,6.860999474694378097e-01,4.675704035384870005e-01,6.532933150967137337e-01,6.895845977217595069e-01,8.691788714538157823e-01,8.757423551420474572e-01,5.674205089508381761e-01,7.854880581910728132e-01,6.348970680977935599e-01,4.350056571377156761e-02,5.037219682613223171e-01,6.638640307663344897e-01,6.609685212137719201e-01,9.780239550229923307e-01,7.247223529011597165e-01,6.168284238195401725e-01,2.031017663056223499e-01,9.367818804236494046e-01,9.455802831359561011e-02,4.570013007434550190e-01,5.939843016558876698e-01,3.550705159125549515e-01,3.743449209570149927e-01,5.037724761460167233e-01,6.137502967042920421e-01,7.486730303734736580e-01,2.586991331945224792e-01,5.530965189263643556e-01,7.073304988255828540e-01,6.283059110980163675e-01,5.230786707012173853e-01,4.013377036217375959e-01,7.512703327932734876e-01,6.632230574855654259e-01,8.411116982591850810e-01,7.720313555633646629e-01,8.842798376981571007e-01,9.677749842659973956e-01,4.536669542218654816e-01,6.879302696281132112e-01,3.654867405932382685e-01,2.306427802288483209e-01,6.263921781713380765e-01,6.564783642259370833e-01,6.323782200832159806e-01,9.455283007054557931e-01,9.215436874282465496e-01,5.421572321588771226e-01,9.002983895879751453e-01,8.111797001888758629e-01,5.524679345867801183e-01,7.898869580727625461e-01,3.985517337279463890e-01,5.213101681668879106e-01,8.283862738710729978e-01,8.910745591488840045e-01,7.074942075891853532e-01,4.126170991329993765e-01,9.904328869660747880e-01,7.338263887726887980e-01,9.807564153022212405e-01,6.652702972044405305e-01,1.061116469611029650e-01,2.632372986547184546e-01,7.365021821931250212e-01,7.543865239582088211e-01,2.890021282275510583e-01,8.852880136202790906e-01,1.252986273061005573e-01,5.850394812708348269e-01,1.512409319509284145e-01,4.660467691185041783e-01,5.905523654083222329e-01,6.380561082142213181e-01,-6.499403335695344563e-02,8.318234609166282878e-01
6.543239481941187652e-01,9.709033689129578093e-01,9.850348486606407272e-01,7.984519380438599434e-01,8.126025880372671484e-01,4.861153287379480492e-01,0.000000000000000000e+00,4.019215890823488735e-01,8.805349567816396217e-01,3.458253373638296990e-01,4.751921884410431618e-01,7.310501144863892353e-01,7.255920991589339675e-01,7.868255513294000192e-01,4.836202116628520731e-01,7.231778710463920845e-01,6.047164582508662845e-01,6.430427024769886923e-01,6.552179081757596446e-01,7.749366948629475838e-01,9.204301405409668346e-01,7.895095645660872297e-01,2.536874539364356584e-01,6.323759086403176743e-01,5.768212394900577022e-01,5.663652911726442252e-01,7.132453612235907237e-01,4.283316248625603229e-01,-1.437124382678080792e-01,1.359015009433416077e-01,6.627284950147162013e-01,6.603852143950439402e-01,6.075872491455076574e-01,3.855894524960742364e-01,6.842595508897428846e-01,6.011405403972002182e-01,9.233618725772962943e-02,4.317774747699191784e-01,6.837931174801697987e-01,5.642594426001088515e-01,3.569643862669684697e-01,4.609224395189699952e-01,9.582841650646820586e-01,7.132470531956685011e-01,4.111458817365370999e-01,5.586311413136292314e-01,6.011750437975222905e-01,2.116869376610932552e-01,6.130974408136895537e-01,7.678028614273478825e-01,5.101751326975029199e-01,5.645589819628289430e-01,7.751120210958266643e-01,7.927971167291790744e-01,9.237867725618390535e-01,2.909002502839067583e-01,5.965671339423656017e-01,8.515479009161237567e-01,2.737165253120377173e-01,4.930431231371031897e-01,5.844599661886484832e-01,9.797850421021558898e-01,6.789324787258742555e-01,9.160756804535217235e-01,8.886965165027366220e-01,2.494706520590128096e-01,2.541682065214861397e-01,9.237587370842100798e-01,3.346857012774498430e-01,3.284518024379146084e-01,5.518041219383068574e-01,9.854397843010658242e-01,7.014385003073250191e-01,6.257546130707043464e-01,3.710245010737875937e-01,5.646943504771811950e-01,9.631260425801383418e-01,5.224917453265168765e-01,4.672888249508082570e-01,5.750643892394274870e-01,5.122722021352870136e-01,8.062286994209022506e-01,5.182204486935502175e-01,6.964031171434842404e-01,4.945890802841508838e-01
9.088395341945406658e-01,7.437338951194245595e-01,4.419977857378459274e-01,5.810976593552175107e-01,5.975694552644859048e-01,7.757690155009400179e-01,4.019215890823488735e-01,0.000000000000000000e+00,4.701348004142931192e-01,7.332018560752520120e-01,9.908663392564225347e-01,4.660514055043187831e-01,8.257343586181389306e-01,8.842929673878970886e-01,9.314425225540976516e-01,7.912817611087661351e-01,9.232422775369839574e-01,4.743107135239160166e-01,7.244377962120303049e-01,7.649938260904070031e-01,8.283197473252397192e-01,6.753421870737986721e-01,2.198807802853782190e-01,4.967057291654041751e-01,9.956951737109810407e-01,6.268049737735842397e-01,7.149357012102588449e-01,6.244729820817696009e-01,5.950205294141297507e-01,6.972551137375296859e-01,2.656915377890995411e-01,2.494588416142148601e-01,4.750311749635533487e-01,2.392967584572628925e-01,6.112173686258718375e-01,5.550366877326572412e-01,6.587018613991595384e-01,4.629638533247592003e-01,8.437307754302133533e-01,5.405337151670116524e-01,1.898621893052847565e-01,2.022943399321328606e-01,9.108575007030407233e-01,7.524770516774718088e-01,5.861213158542895041e-01,5.805181312212791545e-01,8.975367289430138396e-01,8.317955452783700743e-01,8.839969835990206803e-01,6.286417387290982317e-01,4.460907224486943545e-01,1.724016951096096761e-01,6.543683543257439172e-01,8.919636577539686861e-01,9.994452649670433342e-01,2.172990274420621981e-01,7.640426169946372692e-01,7.689933187753721366e-01,5.984049626377992981e-01,4.632675877159582178e-01,5.027574060575311643e-01,3.673914300541792355e-01,5.783836697950631711e-01,9.194258588876981220e-01,3.270414299732259389e-01,6.904064703451313623e-01,7.955794513509353294e-01,9.743708794785079785e-01,3.273671652616410577e-01,6.578453190220940883e-01,4.855525911077768209e-01,6.143670292271038447e-01,4.046398081410294001e-01,5.415709956062186858e-01,5.886373811110325871e-01,5.166129679746256365e-01,6.350470085246371355e-01,9.788522658402154519e-01,5.741197890121332303e-01,2.316961839512891586e-01,3.243866842876123591e-01,4.233931662513759075e-01,9.196131077742055737e-01,3.632756144385071995e-01,7.523892661138644744e-01
6.269022279953595511e-01,2.650233722602009512e-01,9.824537701963353964e-01,4.677540923092829428e-01,2.987472465290770263e-01,7.287818428016841210e-01,8.805349567816396217e-01,4.701348004142931192e-01,0.000000000000000000e+00,8.896440006472845496e-01,5.437462267969593865e-01,3.800040501671385629e-01,7.907785609342368183e-01,8.060412217290012782e-01,7.916939213615310500e-01,7.489171527989387789e-01,5.446961043472358099e-01,4.890274806775801175e-01,9.498154125456611530e-01,6.346499066757156360e-01,8.471489158277534237e-01,6.937588142998356577e-01,8.689359869519298618e-01,9.064140082936219533e-01,5.583425938149313428e-01,6.218466833721977283e-01,6.460128859826891334e-01,6.550641115556588012e-01,-1.092249336277081040e-01,2.505137207571331293e-01,5.523398147897302657e-01,4.731614240943419758e-01,6.291902388264533075e-01,5.989008762887454429e-01,7.462117653677352580e-01,9.763096676096248983e-01,4.079991254727335370e-01,4.039269258529724627e-01,7.480262579035152903e-01,7.386711284447091685e-01,5.403559250789743418e-01,5.089360308327951499e-01,9.829052579797787903e-01,8.511785004573950708e-01,8.887899308597773107e-01,9.693871016333106549e-01,5.747179410177003511e-01,8.863748028415360247e-01,5.061666745222446195e-01,6.942939420405199735e-01,6.921228160187574696e-01,9.111850629415677583e-01,8.609121896662061957e-01,8.591266703199373911e-01,6.147039480781997245e-01,8.104252019191414691e-01,7.001129766322833348e-01,9.089860797134179382e-01,9.470072744954508570e-01,5.199405399344918521e-01,-3.372650301120105332e-01,7.785805823994958186e-02,2.163604638800103452e-01,7.634013869828233378e-01,7.011253658140064182e-01,5.972678714893249197e-01,7.168479588700057414e-01,7.578024702796509748e-01,8.713165346369317055e-01,4.558322687658646344e-01,9.859445925675547340e-01,3.475308166304502122e-01,7.610266757246131331e-01,6.943938911840191741e-01,3.586403358263220431e-01,6.864893974509043151e-01,5.971878632713429891e-01,3.693409538735610287e-01,2.878182244945212132e-01,3.559966165422344120e-01,1.513722016635656586e-01,9.937011832461283278e-01,9.982046954014089923e-01,4.232496284483945881e-01,4.577335938524456638e-01
8.958291736411300166e-01,8.525672566643687222e-01,9.708225308447800961e-01,8.131742116684195221e-01,8.940136620933684108e-01,6.860999474694378097e-01,3.458253373638296990e-01,7.332018560752520120e-01,8.896440006472845496e-01,0.000000000000000000e+00,1.958239115062206104e-02,6.745821413441581704e-01,9.852076555288070692e-01,8.499616934644378397e-01,2.690070197107335415e-01,6.985160115057872376e-01,2.572444573022728553e-01,7.354890868442890417e-01,3.754911757253188709e-01,6.084728844628245481e-01,7.668659284223870998e-01,9.252716510479492840e-01,8.296567554212030959e-01,6.390012920518778339e-01,4.304839825467375869e-01,4.051540654041093648e-01,6.934408714930713202e-01,4.721332067828285517e-01,6.568867277702057361e-01,3.111465982740219127e-01,5.714273973982119115e-01,7.016565606948558242e-01,9.148878681543821667e-01,1.907630469233648485e-01,8.344396868707901760e-01,3.300815637618871312e-01,3.982191555269004035e-01,3.345758031849108693e-01,6.355392408845740304e-01,6.382150707871782069e-01,5.413671309127376929e-01,6.695000396517096775e-01,9.163044574811822773e-01,8.872476623551303065e-01,8.491008721642017143e-01,9.219428334800384706e-01,6.889330355988376731e-01,6.581944606818964649e-01,4.421097924849045624e-01,4.765172596380732872e-01,2.996223747983879360e-01,8.168645750266839700e-01,9.365073614988262962e-01,7.822706180769373185e-01,6.089073276805426760e-01,4.055474959104266031e-01,6.989417964135187233e-01,7.803743606720721093e-01,4.602017582321357159e-01,3.347048122274456916e-01,4.705173663528008365e-01,7.019200479781583235e-01,7.833990274759337069e-01,2.875347384312033072e-01,9.123264516928787371e-01,5.302212455398127577e-01,6.891036057520892877e-01,6.244850764048043290e-01,7.687076018619852513e-02,7.779600565560940151e-01,9.186102546405636726e-01,2.563164833061054582e-01,3.953244926153550720e-01,4.021666891482421069e-01,1.643352742822815626e-01,6.516854590975951211e-01,8.527094613590180394e-01,6.189056572599402894e-01,2.634029440455047388e-01,1.154173051397786171e-01,7.241107040412808615e-01,6.900002756898802048e-01,7.777855963252702232e-01,7.289079572892355197e-01,6.218424375671904869e-01
9.380621697989501850e-01,6.479148129700287306e-01,5.305345255133143700e-01,9.008542728293468249e-01,8.167341457528013438e-01,4.675704035384870005e-01,4.751921884410431618e-01,9.908663392564225347e-01,5.437462267969593865e-01,1.958239115062206104e-02,0.000000000000000000e+00,9.362481555913065856e-01,6.000997427442361642e-01,9.439843879633745827e-01,2.437484645546135753e-01,8.203800082844618924e-01,6.627581353200930891e-01,6.302246470705974435e-01,9.507595644218459485e-01,9.422482827072365952e-01,8.855141362444666209e-01,1.756009558644473223e-01,1.393452467579339715e-01,4.468789529643665270e-01,4.046831503200785107e-01,7.467603063867673807e-01,7.513548849912130567e-01,6.516021354038010749e-01,4.508207039096306934e-01,5.117575204498301389e-01,9.122298532407153715e-01,7.579470229619194033e-01,8.452956062940789606e-01,8.778377823662502077e-01,4.772150493054877485e-01,3.903376382351111951e-01,5.820769074014073841e-01,3.418077827888990061e-01,6.397706014250815754e-01,9.777431725715658439e-01,6.733494214906199371e-01,8.757528054551297902e-01,9.034053741616996369e-01,4.987175333694841006e-01,8.136853455098538301e-01,9.983721594961165735e-01,7.559078421578149243e-01,6.479389480263981760e-01,5.979232101104474673e-01,5.864905719690091113e-01,7.990145953363168019e-01,5.364098087407243032e-01,6.927439133793018566e-01,8.898615262274913729e-01,9.492208766935813502e-01,6.542636322326909060e-01,4.344160582485008804e-01,7.884830424598823218e-01,6.862402029939983494e-01,6.024002357862168200e-01,7.641586747705575444e-01,8.588901567871985998e-01,6.900091763311672066e-01,6.500035335562999173e-01,2.025076798440242909e-01,5.986843708893825333e-01,5.689925476960011608e-01,8.989504883228330856e-01,2.959178850056283228e-01,8.833968947221760848e-01,9.757961625510181980e-01,6.822433933018038354e-01,5.675840307864473688e-01,7.680349921197633378e-01,6.263196186740161986e-01,3.758414072565694486e-01,6.701548089332767244e-01,7.461968955188740260e-01,5.130857383047932041e-01,5.165163795429430493e-01,-1.875153024353075071e-01,4.053170904398412655e-01,4.145841371556779897e-01,8.778711176410632921e-01,4.019871578139288526e-01
6.209010217923053299e-01,2.412040836042825265e-01,8.053224265290284123e-01,6.780983594748365428e-01,6.594640977551395888e-01,6.532933150967137337e-01,7.310501144863892353e-01,4.660514055043187831e-01,3.800040501671385629e-01,6.745821413441581704e-01,9.362481555913065856e-01,0.000000000000000000e+00,9.959483566115800990e-01,7.320985300554105901e-01,6.114128109379483034e-01,6.203142065544936523e-01,7.676419303768768909e-01,5.285289218429213287e-01,6.282252842332852749e-01,8.543652523628163520e-01,7.843412681927401930e-01,9.913719244995646829e-01,6.716044856255154460e-01,9.478307244868202641e-01,8.655777066473405723e-01,6.417259352039444975e-01,9.782354189512194598e-01,7.056835430015068189e-01,4.986804042115979829e-01,7.569245548611599483e-01,6.310098725490769223e-01,8.896587850832629041e-01,8.653577669155509966e-01,8.606266060330227674e-01,7.614323337560024996e-01,6.493324094758060050e-02,2.949997576508244235e-01,5.909683564499823571e-01,6.268844709996006515e-01,5.324537407011087353e-01,3.218055304794529281e-01,8.908261807039817848e-01,7.836885374119442194e-01,4.461442845994172957e-01,8.824791621643172101e-01,6.456645701086998201e-01,3.513492507539273113e-01,8.582734302099568335e-01,6.536426112983618752e-01,6.204003258110826202e-01,1.376554735260953899e-01,7.850416272952511765e-01,9.382187816422487003e-01,5.429309084862067314e-01,8.252210690439768515e-01,6.025839670893281541e-01,5.560762377342001184e-01,9.018962666197843925e-01,6.010355047777847792e-01,3.569471180953520117e-01,6.564721675523939037e-01,5.822933011636248768e-01,2.461715568710959867e-01,6.954218684646141790e-01,7.678731469568695900e-01,7.057818556713889580e-01,7.857831960668425486e-01,5.833991178657655929e-01,3.671533863829578026e-01,7.345339979960356924e-01,9.758559851411974240e-01,7.012431272094821200e-01,4.314594739194801409e-01,4.901042670902412968e-01,4.643671887350016569e-01,7.877834894075408378e-01,6.033130632979949448e-01,5.979138689069944945e-01,7.397952894608720298e-01,5.103262911093360277e-01,6.210186120328536896e-01,7.525147201826436483e-01,6.691747592673764622e-01,6.686551647298688561e-01,5.366666665857826590e-01
5.894936664881619270e-01,5.658520773593356257e-01,7.072640851675043860e-01,3.218345901698295153e-01,7.985165169963248655e-01,6.895845977217595069e-01,7.255920991589339675e-01,8.257343586181389306e-01,7.907785609342368183e-01,9.852076555288070692e-01,6.000997427442361642e-01,9.959483566115800990e-01,0.000000000000000000e+00,6.894025318791364709e-01,6.292385035275022132e-01,9.515534889587227152e-01,9.556364611946694954e-01,8.108935722239490884e-01,7.193429825766466390e-01,6.163048330739668845e-01,7.238878039762295380e-01,7.749573441198720491e-01,8.885762449729384116e-01,8.520827965298011231e-01,6.692986850608628746e-01,4.383864215618570870e-01,9.521850408585117442e-01,9.699234634522538867e-01,6.462723014458777726e-01,3.102501835143130493e-01,6.689678206040823305e-01,6.671328545883985495e-01,7.422584674258210224e-01,5.877390651691196677e-01,7.941618591444243869e-01,5.244773082793610097e-01,5.807802061496328827e-01,8.464606021885857645e-01,9.126803920604155129e-01,8.022213791328566268e-01,6.613242305122459808e-01,9.908548694260703726e-01,9.935167312114898674e-01,7.961017663491799512e-01,7.411653754687211326e-02,9.722741827856207220e-01,9.652733998516049851e-01,9.434446073361590912e-01,8.311588023218803301e-01,9.207736860396641410e-01,8.751978216752518414e-01,9.565093276369908137e-01,5.530665691108036519e-01,9.017542252740055053e-01,8.043343309882946546e-01,2.922677602898267613e-01,7.017301662913112414e-01,6.856987139205303894e-01,9.571252901160215432e-01,3.289568789331248633e-01,5.253821831126808117e-01,8.909781783591694815e-01,9.550223548970763199e-01,5.487238883232340436e-01,9.230358578965347505e-01,6.576718284565823414e-01,7.560954149696335058e-01,6.893197986608099459e-01,7.261382057793672740e-01,7.365921254305578536e-01,3.661656230869123618e-01,9.850430687715675537e-01,-7.160812569927413329e-02,3.191731968893521953e-01,4.321416375636348839e-01,8.088546287376910948e-01,6.454038581480852077e-01,8.495642125677020928e-01,3.166247854022040120e-01,-5.134563847304304818e-02,6.134654835560910957e-01,9.784818324806808798e-01,8.131477425105713142e-01,6.624794296971246998e-01,7.219478885345196328e-01
9.569866851808207509e-01,9.291908573229470392e-01,6.986711467426843791e-01,9.419154769408939476e-01,9.853744289928941802e-01,8.691788714538157823e-01,7.868255513294000192e-01,8.842929673878970886e-01,8.060412217290012782e-01,8.499616934644378397e-01,9.439843879633745827e-01,7.320985300554105901e-01,6.894025318791364709e-01,0.000000000000000000e+00,3.836805157868513616e-01,7.653320852260919738e-01,7.107674888230930410e-01,8.321914405401220627e-01,4.308633106407223079e-01,7.905910552181885098e-01,8.899178633015856210e-01,8.637418002363930203e-01,6.855161088114424262e-01,5.177822678899266506e-01,5.886565186051424536e-01,7.511854745852180049e-01,9.823113385212749460e-01,6.649261988740289286e-01,1.793648629567387021e-01,3.486967952164459206e-01,3.051264974107175121e-01,7.609280341923077007e-01,9.395804092570100297e-01,6.626202248359083224e-01,7.112644718801489629e-01,5.118955103351584546e-01,3.120784148301133376e-01,5.075330935333908222e-01,2.208094688335328348e-01,5.914952766356877945e-01,5.516377651621655609e-01,1.245885821064985771e-01,6.329212840717346467e-01,7.173990375896535099e-01,5.576997499806045644e-01,6.701545621950626419e-01,6.184390537297315138e-01,9.689999582789093902e-01,7.083087260704462595e-01,7.416894030055567466e-01,9.040560351514265180e-01,7.303001782428327759e-01,4.526149972912624220e-01,9.969642829366915926e-01,8.555250095697637391e-01,8.299323250063587176e-01,7.287614791716420237e-01,5.460809158748723968e-01,7.295932799755796561e-01,3.448327731662210183e-01,7.810794602124021546e-02,6.038262349428289433e-01,6.993762682697887145e-01,8.188241120858354982e-01,9.860827398297573598e-01,9.974002053638305609e-01,8.150482865805023236e-01,8.349296146316979028e-01,3.993316307637663209e-01,7.946559803341988193e-01,7.337408941146847940e-01,2.544608819980567205e-01,2.904940629650647477e-01,5.591219188216554059e-01,5.231853032641807788e-01,6.651022993227515556e-01,8.086195281233690135e-01,9.036389304595570104e-01,2.766669223845990011e-01,5.798734170920030184e-01,6.683574053645023882e-01,9.145070469082769993e-01,7.631945778320530227e-01,6.948077103732926973e-01,6.381142880092217640e-01
8.916235734722861572e-01,9.175273593561249497e-01,9.244822703718339474e-01,5.107665310482389920e-01,6.839392364238749966e-01,8.757423551420474572e-01,4.836202116628520731e-01,9.314425225540976516e-01,7.916939213615310500e-01,2.690070197107335415e-01,2.437484645546135753e-01,6.114128109379483034e-01,6.292385035275022132e-01,3.836805157868513616e-01,0.000000000000000000e+00,4.078478208101056213e-01,7.836074267987669373e-01,3.842165598815338035e-01,6.984809633341615420e-01,9.898107780311035109e-01,8.191397160307248293e-02,2.978763006685415937e-01,1.182263575364835284e-01,1.055706850301341426e-01,6.687918033703643683e-01,4.334075246319107344e-01,3.086028427689699871e-01,9.122089906093115985e-01,3.667743866731333346e-01,2.230981054814090425e-01,7.142841451160284461e-01,3.503869391637394748e-01,5.351844506496503673e-01,6.303139004104619803e-01,7.701331080408129193e-01,7.704926189616350118e-01,5.932256534035600382e-01,7.508918559738099185e-01,9.466443884820636701e-01,4.036083818905374099e-02,4.215262744384022930e-01,5.884307223127543951e-01,8.697327526950981991e-01,2.783819837179282164e-01,6.876792831893393521e-01,9.298310514496699319e-01,8.140845217529077971e-01,6.601511680185605524e-01,6.285212143149981889e-01,7.227118948299685597e-01,6.702171002939029121e-01,4.543786954898196978e-02,5.961435168051465450e-01,7.763985914390858500e-01,6.023328736119801796e-01,5.340002056171742062e-01,4.374114225985125670e-01,4.849983230141187707e-01,7.937187288862032064e-01,4.387269518941757651e-01,4.486746455227869634e-01,8.031684629100283024e-01,4.139901554799325645e-01,6.986569655553371838e-01,6.483626254608784167e-01,7.140114818809260022e-01,8.680538116515725822e-01,6.102989542987321547e-01,8.845956619252703934e-01,4.023499682174047631e-02,9.411347280503118418e-01,7.104561030334576310e-01,9.526744680936605203e-01,4.498984663299719355e-01,7.720828436825907248e-01,6.423914377668964448e-01,6.619318350733026657e-01,9.681579056950190276e-01,3.729581830248114849e-01,2.244963979711603330e-01,9.020591807045257315e-01,8.959343896845232136e-01,9.564633466681937701e-01,6.516646448348316634e-01,9.837464640688683426e-01
9.151716638547594540e-01,6.359577614420993674e-01,8.864256921577552406e-01,8.165549766209690974e-01,9.312593439125391725e-01,5.674205089508381761e-01,7.231778710463920845e-01,7.912817611087661351e-01,7.489171527989387789e-01,6.985160115057872376e-01,8.203800082844618924e-01,6.203142065544936523e-01,9.515534889587227152e-01,7.653320852260919738e-01,4.078478208101056213e-01,0.000000000000000000e+00,6.933591586465898127e-01,6.431372846268355037e-01,4.609042383178719171e-01,9.582440857411562707e-01,7.200042352679261182e-01,9.312497556966964352e-01,5.943826863935643967e-01,6.147769292384356321e-01,7.764021729308973052e-01,5.877815200606684165e-01,8.029951943291822047e-01,6.690590462878698297e-01,2.658744808042683497e-02,3.356532943009761238e-01,5.283272695419314324e-01,6.958945957143741756e-01,7.780535523763477679e-01,9.011909295581775892e-01,7.547147934149565085e-01,5.265768353604616606e-03,3.528154349956482555e-02,6.045239994424952412e-01,6.533089319339167034e-01,6.068645359235916859e-01,4.029005540538869168e-01,9.493196446717158121e-01,9.171989193857931211e-01,9.715247174048827761e-01,8.320320743438464062e-01,9.476094203637958069e-01,8.102703141084883764e-01,6.263138027871466562e-01,7.632129233247031408e-01,6.485115420860769753e-01,3.626400085780051574e-01,4.052064106567812019e-01,8.312786887740789554e-01,9.285265925714121238e-01,7.014742700389244856e-01,5.610601655143904187e-01,5.123634378105597076e-01,7.105808795391039823e-01,9.908611091679058180e-01,6.841374931133968884e-01,4.108304986687699722e-01,5.257527955429976974e-01,7.658152147431275258e-01,8.477326079741779319e-01,8.181589759809027029e-01,2.182502640156532281e-01,7.754553628847173918e-01,5.769042033201078334e-01,4.547178166874105698e-01,7.302785962695046429e-01,7.834997168475742457e-01,6.506629474894064513e-01,8.656713846751976638e-01,7.838072774348326943e-01,9.520988762314523957e-01,7.551126411529440752e-01,9.241892123667724279e-01,7.840001466913530948e-01,1.041779057980401213e-01,7.153071208218203525e-01,5.476367870945428873e-01,9.452675629239190025e-01,6.360945304647734888e-01,1.278949738474680353e-01,9.149767311051606455e-01
7.242571971853228874e-01,9.689714769570290098e-01,6.685761836868597818e-01,5.898687000491549259e-01,6.068512401389940525e-01,7.854880581910728132e-01,6.047164582508662845e-01,9.232422775369839574e-01,5.446961043472358099e-01,2.572444573022728553e-01,6.627581353200930891e-01,7.676419303768768909e-01,9.556364611946694954e-01,7.107674888230930410e-01,7.836074267987669373e-01,6.933591586465898127e-01,0.000000000000000000e+00,8.395378239473492155e-01,2.244178218068922093e-01,8.468656293474918773e-01,6.147823307737614318e-01,8.689160786335380360e-01,9.569201914711361612e-01,7.459726313050490942e-01,7.721312327261565800e-01,4.610497213785297310e-01,5.352088351903137031e-01,6.849875784648821186e-01,3.844520554509757715e-01,4.704303404183130533e-01,5.051575586368314275e-01,9.882123582763489011e-01,7.126590019649310381e-01,9.836220097288733699e-01,6.448246406565381061e-01,-1.162544744520562778e-01,1.067196270992505219e-01,9.831947233851127121e-01,9.027986890188148816e-01,7.901610270177216178e-01,8.694768094851610396e-01,6.327059654095770203e-01,9.103173956736598793e-01,4.735974655704844882e-01,9.259174005219886761e-01,4.310226054927728256e-01,8.868225360237766974e-01,8.963841945026254088e-01,5.430154149538292119e-01,6.995314322883322555e-01,8.560142750533078493e-01,7.247372392144908471e-01,5.970175917302951163e-01,6.469984900142004003e-01,9.547587508609574058e-01,4.029122375376885667e-01,7.039627272103909927e-01,7.102431491083822657e-01,8.940293396614787946e-01,6.542556550095888213e-01,4.585042363182982306e-01,7.439924772224429939e-01,5.918369690787010917e-01,7.071186002116354175e-01,6.289582988617858916e-01,6.143722148105188463e-01,8.360852777032362626e-01,7.391480072081381136e-01,7.851319903183837656e-01,8.075395139433317881e-01,8.546074810163780677e-01,9.054069268846195451e-01,2.908631356495621767e-01,7.314777265554175401e-01,8.193806413374923325e-01,9.113864925440239295e-01,9.273123717506701613e-01,8.291213523092615389e-01,5.902018308456880025e-01,3.205529288999622167e-02,8.262362398879000702e-01,9.038545549315765149e-01,6.725655761534364840e-01,5.416535417653048912e-01,6.132300264357196662e-01
8.846043063345884194e-01,-1.861811708536589838e-01,4.476335260681990613e-01,9.528693785211285183e-01,5.809498354231595885e-01,6.348970680977935599e-01,6.430427024769886923e-01,4.743107135239160166e-01,4.890274806775801175e-01,7.354890868442890417e-01,6.302246470705974435e-01,5.285289218429213287e-01,8.108935722239490884e-01,8.321914405401220627e-01,3.842165598815338035e-01,6.431372846268355037e-01,8.395378239473492155e-01,0.000000000000000000e+00,5.574455175630302906e-01,6.743270043529920876e-01,8.417304689297544495e-01,5.680780782065164569e-01,9.926959603375496988e-01,8.616587376933416698e-01,6.909289546664914017e-01,8.797476938426617155e-01,7.318831321885135299e-01,7.140103268417019589e-01,7.520967011672672342e-01,7.082399371665469845e-01,3.834525145349652192e-02,2.651183437743639959e-01,6.441769274315725102e-01,9.072396749207088940e-01,6.370194433381127785e-01,1.536984612038726494e-01,5.929253362271402761e-01,9.266972154500670023e-01,9.138541071722242615e-01,8.809916076809809482e-01,2.529768851486296488e-01,7.011481670157727608e-01,3.775384382857885912e-01,9.366131588328057145e-01,8.836890009214821706e-01,8.980779431595873330e-01,4.927277700391978765e-01,2.428146160067619630e-01,7.909405173289949520e-01,5.216177290677942446e-01,3.059039503393260473e-01,2.297997009207301544e-01,9.197824728858436938e-01,7.645085758313491242e-02,7.023021813000508429e-01,4.708489213282011088e-01,8.468382545105714865e-01,9.558837278751703970e-01,1.675873569852502631e-01,3.219870954691030351e-01,1.396378180010299508e-01,3.484289931469799484e-01,9.746213146485311896e-01,9.574570226512959525e-01,4.497069712824707244e-01,3.983463687482143856e-01,6.867162119869644199e-01,4.470860169753917979e-01,4.929663125730370243e-01,7.240420216608972614e-01,8.106881177448742593e-01,9.101612618336103466e-01,5.420620488922659463e-01,4.772774141438528850e-01,9.352150314349284566e-01,6.211883604373379386e-01,6.224803849865431227e-01,7.946192908837306224e-01,4.077388914128954878e-01,2.941793564306832698e-01,6.294806361746206891e-01,9.476385046762125786e-01,6.541820529207089674e-01,2.438518122418568412e-01,8.097868071023717196e-01
