0.000000000000000000e+00,8.677574054925879521e-01,7.710456981018211087e-01,6.034995731318404388e-01,6.298274015530742620e-01,9.201178376161626149e-01,9.084225694025094278e-01,9.435569623031077047e-01,9.395527975332083059e-01,7.544828279377323588e-01,6.475154189710564667e-01,5.117568151690012890e-01,7.916300645570286676e-01,8.706748182646856238e-01,6.147306077325471740e-01,7.732293656036886009e-01,9.879388973121936424e-01,9.822673805488055798e-01,1.938669065674326619e-01,9.979321539068444213e-01,6.047059409770011440e-01,8.973264490807156823e-01,6.957327803186323933e-01,6.113045057372896718e-01,6.964967668095685127e-01,3.983505080733045212e-01,8.449591971133227908e-01,3.352583301032159291e-01,1.929752805910409097e-01,5.606764058134188211e-01,6.578983260673618716e-01,9.160925451957337984e-01,5.185506577844618825e-02,6.444254372368419803e-01,7.388829457589746186e-01,3.291258167919514088e-01,4.288968805376441873e-01,8.729149752733734724e-01,8.119589331230994134e-01,6.964822577411091675e-01,3.301186533764308845e-02,8.671325989717800775e-01,8.857909380836626045e-01,9.470679646900151960e-01,7.973355995059041579e-01,7.241274868158809053e-01,7.425319514709963764e-01,9.261353441758601868e-01,9.776388389746181184e-01,7.371708590191823340e-01,5.360216330714292488e-01,4.414477337876568930e-01,7.375988749148454371e-01,7.599304900923751216e-01,2.608235074344683602e-01,3.385103712464007653e-01,2.807971819623718002e-01,6.997090444931584052e-01,9.430728971886627177e-01,6.193289163763040506e-01,7.633638036697190099e-01,7.619878394399972610e-01,9.928125929757123380e-01,8.840443539717088850e-01,7.176583854288925979e-01,8.563651408418473387e-01,5.780964259134040439e-01,5.470021475277400125e-01,8.198060280617335271e-01,7.389316336933038354e-01,7.643896041515263473e-01,9.483426813626100182e-01,9.920287293347344049e-01,5.086051884462289285e-01,8.338492476677938914e-01,7.762127307415792599e-01,9.624599593024637523e-01,7.305345908835758628e-01,2.704799305152529310e-01,1.472106181269439429e-01,7.287089139613420752e-01,9.239879945632826219e-01,9.449287650268383132e-01,5.848581329435681431e-01,7.977399081532032810e-01
8.677574054925879521e-01,0.000000000000000000e+00,2.619328820893795928e-01,4.051395244051836930e-01,8.525842803543737247e-01,6.880428885338377709e-01,2.310049448413914464e-01,5.865953145480575781e-01,7.206965807207064145e-01,7.156500962371671326e-01,7.472997828392753394e-01,8.529683349091502498e-01,9.591391315565387377e-01,4.027044813404365153e-01,6.772930265957359808e-01,9.681495135134425833e-01,9.420454442406187567e-01,5.236398497006979902e-01,5.371431638202988079e-01,7.652043150371372615e-01,9.641521967302655316e-01,5.037851053672721680e-01,4.423773105453057686e-01,4.798135323731815283e-01,1.692248625003519580e-01,6.770455745350993926e-01,3.895630733650787964e-02,5.615343219971280497e-01,5.513453440151732110e-01,4.316290843302339475e-02,1.504581821125529351e-01,5.993741047624090434e-01,7.413053557216668921e-01,7.361253449427586082e-01,3.752877973903210318e-01,3.249911723748933334e-01,2.320874596038496329e-01,8.869696337921075813e-01,9.774703688886088315e-01,6.915289565452708009e-01,4.597436022589740934e-01,9.424139926064183381e-01,6.876218735410788430e-01,9.506877557644468624e-01,8.017269685186592110e-01,6.430066980759642226e-01,8.851264325042729197e-01,8.703581839444207713e-01,5.781995001937710876e-01,3.782350158004218477e-01,6.356079341749634182e-01,7.260135205161227789e-01,9.521722945187995890e-01,8.774709605859578598e-01,6.180401339072474354e-01,8.484289378035005935e-01,7.148593880032519943e-01,9.334936496792602956e-01,9.286090915940047319e-01,7.521480234880728588e-01,5.512398649596819689e-02,5.985368853581705118e-01,6.035227615261986589e-01,2.376913653065277632e-01,9.324191151332172911e-01,9.229545306691752105e-01,8.436792581227966492e-01,4.409091227628432752e-01,2.604618031642647047e-01,6.590351477206790598e-01,3.678200279427667474e-01,4.738377714971652721e-01,2.395239663953965537e-01,4.725825050251759585e-01,6.808502795214843584e-01,4.783554166924796069e-01,7.230376232772786071e-01,7.479055998072533518e-01,4.976635080336848094e-01,1.890514231951712643e-01,6.201685629084228157e-01,7.753591595300551864e-01,8.527292934420034332e-01,2.071376088488740552e-01,6.515422357640039408e-01
7.710456981018211087e-01,2.619328820893795928e-01,0.000000000000000000e+00,9.232807789656842790e-01,9.377920656888365514e-01,4.882506121137737964e-01,5.461507039075734760e-01,8.407421486460329163e-01,4.010848576013365530e-01,8.212304912119008371e-01,9.619054376867353096e-01,8.990949519052893191e-01,7.308313931989202095e-01,7.235445300707422644e-01,6.444887472328157951e-01,8.135935386317365570e-01,-1.691199006584512277e-02,9.494585553841298209e-01,8.646909126521471478e-01,5.224458321650738979e-01,8.731135885488885418e-01,8.359373104238052576e-01,8.283784227798078881e-01,8.742119907023631065e-01,2.584635686448434333e-01,3.097669247326618192e-01,9.991747591145513363e-01,6.847572891601021450e-01,3.998975812970086419e-01,2.112763271842708901e-01,-1.705102280085329935e-02,8.050725749667717590e-01,8.055012414143400967e-01,6.370305522779113883e-01,7.856256023619110351e-01,9.800844800470394080e-01,5.328117274178578722e-01,5.786576219479975247e-01,6.225103199144357280e-01,8.068831421582194352e-01,5.990555995346376061e-01,9.828567242510053426e-01,9.467035852704974719e-01,6.152341892831414416e-01,4.085700286190206976e-01,9.205155303834156033e-01,6.978677923513492143e-01,8.463729879706356485e-01,6.864517356282663352e-01,8.357372384695774814e-01,8.636438268624048176e-01,8.738976519287839917e-01,9.440034134771644325e-01,9.660817686047051822e-01,9.859661936339421118e-01,8.557287967688280705e-01,8.357304156260700889e-01,9.228298753872699045e-01,6.336977812363276952e-01,4.094255641392870460e-01,5.260012071578662463e-01,9.709084387821282913e-01,5.020937201191417731e-01,7.672337785707314950e-01,9.102794219561409772e-01,6.175039037411922394e-01,8.784449721239052655e-01,9.104901281986110817e-01,6.443180170180973221e-01,2.889923728709006268e-01,9.437935767155873901e-01,6.244214006849911902e-01,6.146429368839723129e-01,2.585096520767774519e-01,7.083316317452506006e-01,8.463601365827003731e-01,8.074433187053835503e-01,6.034517953020307468e-01,4.481602845611576957e-01,3.542232817203406769e-01,7.758535792398966180e-01,8.993096160019494745e-01,8.408808741569084866e-01,9.975335013129509321e-01,8.804742654707341520e-01
6.034995731318404388e-01,4.051395244051836930e-01,9.232807789656842790e-01,0.000000000000000000e+00,8.293734739727333105e-01,8.010922812779478486e-01,6.421147165749848673e-01,4.143789278937605181e-01,9.183977577880197973e-02,9.419857951876459135e-01,7.037013101591704789e-01,8.562284459243958423e-01,3.564473246451388411e-01,7.814010220960749820e-01,6.899066396553495961e-01,7.952607047119457651e-01,7.879577104926265285e-01,8.527871610510159295e-01,9.084826701943971017e-01,6.798778977997774753e-01,7.158115374974759471e-01,7.019876354059121359e-01,6.141112678681627246e-01,4.515478586200227240e-01,6.205551765124994734e-01,6.783510055426096308e-01,8.075737775235030114e-01,6.702885876550804811e-01,5.390116471321109159e-01,7.276683304713851275e-01,6.174919695570709743e-01,6.451560636577101659e-01,9.957145122839674567e-01,6.188310963313077284e-01,3.067699306494610645e-01,2.230051891533435804e-01,2.258208426184799833e-01,6.254547808825756672e-01,9.546863657722433061e-01,6.298871240930001836e-01,5.206831340571964617e-01,-1.221446795330174417e-01,9.643528205869363878e-01,8.959629809183569105e-01,6.912002092840984213e-01,9.160032692976616264e-01,9.638479496152223547e-01,7.701711933032547863e-01,2.182841798315467152e-02,5.717786775447436520e-01,4.350835234025240972e-01,7.963455331927602465e-01,-1.139072139170152070e-01,5.674389559676796813e-01,5.811586635032521819e-01,8.270523478566098596e-01,5.003669792017877427e-01,6.889571126625136932e-01,6.138591282186326437e-01,4.914448696213230550e-01,4.439815939847840953e-01,9.167027444921568291e-01,7.329345506335146476e-01,7.234240776669211836e-01,8.406153996088809865e-01,9.261094259399713646e-01,8.581785448317994502e-01,9.005070222595455975e-01,7.580632191562383104e-01,8.478361762544002200e-01,7.015381380279650525e-01,9.159333847470512158e-01,2.159720966464357683e-01,2.615232082409881254e-01,4.494053451726179316e-02,9.781217323487991777e-01,7.695538562291406315e-01,3.315713106964187640e-01,5.700614184850414379e-01,4.697704059960740586e-01,5.961627449008760626e-01,9.578230429637809573e-01,7.500086312382059361e-01,3.681581058132445405e-01,8.978609218896945743e-01
6.298274015530742620e-01,8.525842803543737247e-01,9.377920656888365514e-01,8.293734739727333105e-01,0.000000000000000000e+00,9.238025181133602270e-01,9.216093462879761944e-01,7.049008465478026064e-01,4.193181051435156403e-01,6.393797231691790151e-01,6.381185410864480545e-01,7.524698604939203950e-01,7.429062048885916036e-01,8.696574480202198254e-01,4.008632858703995439e-01,4.865710732599958788e-01,8.435633339917260054e-01,8.257496492630476137e-01,9.017914081685985961e-01,8.036680189548642828e-01,7.978960973716289207e-01,6.183010450837069794e-01,7.767009194385243731e-01,6.732102327303572942e-01,6.007970571373486557e-01,9.109176881517183633e-01,9.838772878830481794e-01,6.770692311202469726e-01,3.057567714445854068e-01,1.775351729411666080e-01,3.385373880940967251e-01,4.359369868456459685e-01,8.216538345024433365e-01,8.405241633031964588e-01,7.141196225730271907e-01,2.124524676774554865e-01,3.499545563382254754e-01,4.162336746378500485e-01,7.681575574310037791e-01,9.713113331814331453e-01,2.100621361830810330e-01,8.817641606563982881e-01,4.967367850280715591e-01,9.748928661723759159e-01,6.679728146236767472e-01,6.874036750646963512e-01,6.878322478499839798e-01,3.704795583115263330e-02,3.362652294273096309e-01,5.287974232508785288e-01,7.180881033697720239e-01,7.040943202942786527e-01,7.539296474260257508e-01,7.883566345330951242e-01,8.288327492280581632e-01,8.817044777949404333e-01,8.475275340196227747e-01,5.722607389221605612e-01,6.486199907986512914e-01,4.458762181566122140e-01,7.829023113912729759e-01,6.051611081674491688e-01,6.398064630302322531e-01,5.314261386761074402e-01,9.084422048390576876e-01,6.937510508618243144e-01,8.460024416329274821e-01,6.116361664450148394e-01,7.853558593639385910e-01,9.564005268318883646e-01,4.941533940295069760e-01,9.522590942291245808e-01,7.138115933032551652e-01,6.443150000158632817e-01,4.689963863656000376e-01,8.070049229001611257e-01,9.321567327085399368e-01,7.503514655242805587e-01,2.979481964699134400e-01,3.332383198499845878e-01,6.194217691321820540e-01,9.845111856361109526e-01,2.055763463219423826e-01,7.386402492170139888e-01,6.058287675879988621e-01
9.201178376161626149e-01,6.880428885338377709e-01,4.882506121137737964e-01,8.010922812779478486e-01,9.238025181133602270e-01,0.000000000000000000e+00,5.062572835944938454e-01,6.921317772194163220e-01,7.889568779134104037e-01,9.765567431841284396e-01,5.586888072837331576e-01,9.614114574208556530e-01,9.358202506510482355e-01,6.303337962670019223e-01,8.646510481998090913e-01,9.365466455317416061e-01,7.840390148168308038e-01,7.159836500840661699e-01,4.073615358459380387e-01,8.235626211328441748e-01,6.222383620874634147e-01,8.980605472227599639e-01,9.156783903186528351e-01,9.526911089122686027e-01,9.359172222305983668e-01,5.935800611684942663e-01,9.705943849717846295e-01,7.589735369833152667e-01,3.813986773144998899e-01,4.350559633773801171e-01,1.086068422846083598e-01,7.815369228487466513e-01,7.892085353657385394e-01,9.722979810060190520e-01,9.181126151468776975e-01,7.872362404624126953e-01,5.661452787681405807e-01,7.883228238846857749e-01,9.219902258727395994e-01,7.243584196253669560e-01,6.916134986774972182e-01,6.571840336454606302e-01,8.326143659953672005e-01,9.012411360516895398e-01,7.621588005784004638e-01,4.807438668927070946e-01,8.872872862059023591e-01,7.794913139023885718e-01,6.529505394301722276e-01,5.879005387933347038e-01,6.686525474595040874e-01,6.308405683626253646e-01,8.032043906413307566e-01,6.082405701425328548e-01,8.851974904598696181e-01,6.208207528241768136e-01,7.654701942624549948e-01,7.928086060838180904e-01,8.314315054968849372e-01,5.099139993876998789e-01,7.413684250205465620e-01,7.516863316432236264e-01,7.668076988033192265e-01,4.496871942259791366e-01,5.629676759547659337e-01,7.268138628287684755e-01,9.891827557931269777e-01,8.224423826466491505e-01,7.711733432432189561e-01,5.213161404963999601e-01,8.861823421641090714e-01,3.960324990234346254e-01,7.395388394995519032e-01,3.572458281286856607e-01,7.177059482573010518e-01,5.497295314600445515e-01,9.303772938528859227e-01,2.685152732768334993e-01,-1.691581856192655164e-01,5.744168524417270216e-01,2.877452034301191119e-01,9.770997590306914615e-01,8.152188690483943567e-01,7.712744533967679228e-01,6.927767006433370733e-01
9.084225694025094278e-01,2.310049448413914464e-01,5.461507039075734760e-01,6.421147165749848673e-01,9.216093462879761944e-01,5.062572835944938454e-01,0.000000000000000000e+00,6.486453940799651319e-01,4.463769694594337811e-01,3.971211225494907238e-01,6.554348092696260508e-01,7.597467382030810290e-01,5.818753450771837477e-01,6.037484070383001278e-01,4.665329746898812524e-01,1.624542636321089362e-01,5.702714718769197333e-01,5.520394179360221809e-01,2.340960053741228050e-02,8.348623890554839333e-01,7.560529442538486133e-01,5.988553717672392418e-01,6.166882306783483259e-01,6.865018336759592943e-01,7.847418117849511709e-01,7.177937720214797590e-01,6.117918091614645837e-01,5.891846495060024669e-01,4.840221303754922433e-01,6.783174170402459513e-01,2.399866590961428070e-01,5.502094274478998015e-01,7.034047927197181194e-01,2.454362287508409235e-01,3.495595164454063930e-01,-3.871206645339568819e-01,4.427560321514298347e-01,2.902548677697878166e-01,6.072281761583852022e-01,7.344888874920247890e-01,1.974255679274113107e-01,5.289417688381243821e-01,4.582457988003941773e-01,7.647035690150272291e-01,1.625315799737762357e-01,3.849637612652392904e-02,5.240092375011295989e-01,6.548700665060198656e-01,4.712416525222569152e-01,4.820951987886225587e-01,4.100032336474898620e-01,2.878189612825824417e-01,2.977475076688303468e-01,4.704116698057185797e-01,7.729686915288889182e-01,5.756759453992241760e-01,6.872382911459591348e-01,4.935579463670075606e-01,9.679905551443421796e-01,4.459582370826793984e-01,3.928030602848365804e-01,4.720484390517469819e-01,4.410297866985014026e-01,3.399461756596421358e-01,9.779078304632387031e-01,6.609490890856527523e-01,3.823880249025730649e-01,7.885041356611237617e-01,5.201150414661405152e-01,8.416644910262007784e-01,4.701750028912213830e-01,8.611888216444534283e-01,6.790356028463044591e-02,6.336938116294666967e-01,4.715687545138751435e-01,6.259464057111897572e-01,6.919868503245518720e-01,4.893630619770769075e-01,4.905710683747914747e-01,2.619367343061466680e-01,6.366577887462222529e-01,9.892384219343188789e-01,5.588378555358234356e-01,5.886235176741898556e-01,6.601005159785040544e-01
9.435569623031077047e-01,5.865953145480575781e-01,8.407421486460329163e-01,4.143789278937605181e-01,7.049008465478026064e-01,6.921317772194163220e-01,6.486453940799651319e-01,0.000000000000000000e+00,4.509732463208044329e-01,7.311442218127596204e-01,8.458258967366714121e-01,4.037949914739195068e-01,6.450023014197424631e-01,6.317069314432169902e-01,8.126965610427251407e-01,5.819401627713053360e-01,9.700790014827925800e-01,2.988167374649926544e-01,6.121512695642016277e-01,3.532092290971386439e-01,9.604442508061236117e-01,3.004708373319238124e-01,4.961827969481724665e-01,4.839520618186871070e-01,3.067268559567218333e-01,7.749058360797325129e-01,8.230343233171396600e-01,7.637677512457723417e-01,3.013493683081908125e-01,2.430328364961522603e-01,4.187383980300785069e-01,6.107675363908702248e-01,4.557852386960875024e-01,1.614682501119628702e-02,5.419940201405256675e-01,7.093399137862539394e-01,4.066661367788227954e-01,6.649634581659058519e-01,9.043660964657235235e-01,-3.413545264381129263e-02,4.324515931367429733e-01,7.912089611531608613e-01,9.855768535254649798e-01,4.719422256671737537e-02,9.119195575452396785e-01,8.644823243022177195e-01,6.949497828432776858e-01,8.280329893790342455e-01,3.998557188441086430e-01,4.884386984916373464e-01,5.095023156315185986e-01,5.314438149337302741e-01,-1.368675719503485710e-01,7.550292520859052114e-01,9.034368205776389660e-01,5.891574271747395120e-01,7.347534758202743932e-01,2.617577961758528748e-01,6.868566421742976491e-01,9.535920043821268788e-01,6.905398422203931075e-01,4.128951259416747122e-01,9.935668709162845946e-01,6.846538063209578473e-01,5.443646321776318686e-01,8.699736435430318604e-01,7.764989892000884186e-01,6.369985676457671220e-01,7.133484929070179614e-01,7.625440475405871332e-01,7.072967056339137804e-01,5.223114293487697291e-01,5.860226958902444716e-01,8.493043183920092609e-01,6.027071016131589909e-01,7.183775524776654375e-01,6.727697958815955781e-01,7.910674598466502783e-01,1.715927746530555575e-01,2.973284293925078092e-01,1.340975086644531078e-01,7.528065142333802973e-01,8.627057206326127492e-01,-1.783165534894916027e-01,5.345125931590328783e-01
9.395527975332083059e-01,7.206965807207064145e-01,4.010848576013365530e-01,9.183977577880197973e-02,4.193181051435156403e-01,7.889568779134104037e-01,4.463769694594337811e-01,4.509732463208044329e-01,0.000000000000000000e+00,8.052259320829718847e-01,4.930779723964504591e-01,5.848785772044929887e-01,7.153192289239952428e-01,5.420600911269242150e-01,8.091183110151346503e-01,6.070265864949752066e-01,9.711449314792733878e-01,6.748526740192294371e-01,3.252153751693986905e-02,8.970657508317746442e-01,5.749759262991328557e-01,6.767637442586892371e-01,4.175226053738179122e-01,8.732626880205931474e-01,2.706330382162401293e-01,6.095113781282825993e-01,9.086514144129309578e-01,5.883727060051764379e-01,2.023389503920558496e-01,8.875804181730638787e-01,3.831540376100239231e-01,7.263220582724920771e-01,8.292408733689543565e-01,6.643420972851039608e-01,8.680785630557897870e-01,3.658795347775774531e-01,5.216337145354634774e-01,5.267718311873894610e-01,9.709531727663518463e-01,5.931954928326731435e-01,4.563643896560433122e-01,3.739253355159176118e-01,9.384667718043674389e-01,6.641799769803071740e-01,9.568569390882801784e-01,5.727450257733319727e-01,-1.261650127290462886e-01,4.160239014075237107e-01,4.945619462866951976e-01,5.450697047357464520e-01,5.944975089864192874e-01,8.375033907065855265e-01,6.050302760094737886e-01,2.414705456702705144e-01,9.976602846968235516e-01,7.593916899598877057e-01,6.222812165395101847e-01,8.133847110602420161e-01,7.627459236064422221e-01,4.109731679988583575e-01,2.126905397790830876e-01,5.768450054142411076e-01,7.719987946570503468e-01,9.526971073813045310e-01,7.938147858846640315e-01,6.025964853123885190e-01,6.923880420769128463e-01,6.992557336279119351e-01,5.471693183060495347e-01,9.356698583191682683e-01,8.844446297479631180e-01,1.723879066823359174e-01,4.923637172654973804e-01,6.095965729306161984e-01,2.199404231133987864e-01,2.363479792022380177e-01,4.601615791752231566e-01,3.682586169678190441e-02,8.995532734660430796e-01,4.678914210338200874e-01,7.531214389654092844e-01,9.350447905089845912e-01,6.569854864252131499e-01,2.384512856879320575e-01,7.987917788706763167e-01
7.544828279377323588e-01,7.156500962371671326e-01,8.212304912119008371e-01,9.419857951876459135e-01,6.393797231691790151e-01,9.765567431841284396e-01,3.971211225494907238e-01,7.311442218127596204e-01,8.052259320829718847e-01,0.000000000000000000e+00,5.215966874697127720e-01,8.254230609750096148e-01,1.888190630819768304e-02,7.474587623946118420e-01,7.067745607678854736e-01,9.211334410287516095e-01,4.191460415303832066e-01,3.358059599532207673e-01,7.607722949739240126e-02,8.701542837077019810e-01,8.368184580766364622e-01,7.729249450292391410e-01,9.058893577548595699e-01,8.117229555984962763e-01,5.209881799966458171e-01,4.238875981342873911e-01,6.692996576432916900e-01,8.168031927490499999e-01,6.553250869243035792e-01,6.032400382624523161e-01,6.515580227636706967e-01,7.792284239637657928e-01,7.596394875802873203e-01,8.251061221059344808e-01,8.196948614411709855e-01,7.360877982125375585e-01,2.900296336069841385e-01,7.268770071238355168e-01,9.778214398771173377e-01,9.276037335298199515e-01,7.564207126648661017e-01,6.515264876356079427e-01,9.261333422323724252e-01,6.003111677955823566e-01,7.560748263435137506e-01,9.606244307853931685e-01,5.666390144124673345e-01,8.840263286015952460e-01,8.342989720598819048e-01,6.288709208769329706e-01,6.473546812473642831e-01,9.071138242227723136e-01,9.658613008012172374e-01,5.285976542305523829e-01,2.995609710870302811e-01,5.886368256939069621e-01,8.199804335765166208e-01,3.269310319387410124e-01,9.884448259323654895e-01,2.062061534578445432e-01,5.781873503090444455e-01,4.352889117795722407e-01,9.606451671600761966e-01,9.877383790444010936e-01,9.646468846016169607e-01,9.200351679235002633e-01,7.865000646524908934e-01,9.198647003803266387e-01,4.135804851593112286e-01,4.704358291204900344e-01,9.024340988204424541e-01,4.905019112203565235e-01,6.247730671970974647e-01,3.683442490888103604e-01,6.899797447603061018e-01,8.144295758886006542e-01,6.519566298023076190e-01,7.847125413359716806e-01,6.792217224327867786e-01,2.752578758834343109e-01,2.765187981750483748e-01,4.292341019699149607e-01,9.021600205239653780e-01,7.423090899195335934e-01,5.429266504065011212e-01
6.475154189710564667e-01,7.472997828392753394e-01,9.619054376867353096e-01,7.037013101591704789e-01,6.381185410864480545e-01,5.586888072837331576e-01,6.554348092696260508e-01,8.458258967366714121e-01,4.930779723964504591e-01,5.215966874697127720e-01,0.000000000000000000e+00,5.891771450697408374e-01,9.804472042488545647e-01,5.713934138168611510e-01,9.083666764565371254e-01,7.512974097401720064e-01,3.384724032543694472e-01,7.463515957357388375e-01,4.933528036692926277e-01,8.185752693756563891e-01,8.842041049439131051e-01,7.522017952823478737e-03,9.014857377366070068e-01,8.750638959461827238e-01,7.677257731982628508e-01,7.202566602522789685e-01,7.909013707095222667e-01,6.234157751150065652e-01,4.008565338230037356e-01,2.404442523375868723e-01,3.245445595317069526e-02,8.612983435133962917e-01,4.632757287197016294e-01,7.802369391023799006e-01,8.037988697161030371e-01,3.312444686038170660e-01,4.276886558611350808e-01,9.180847364532925825e-01,8.158913789085561197e-01,6.266645649318859368e-01,2.639090824245250988e-01,4.141045129007628334e-01,5.943371821879708250e-01,2.831647074209067139e-01,9.343558721325564420e-01,6.449151954075705850e-01,7.764010250068763552e-01,9.244422771258743454e-01,6.583554695675510882e-01,3.376624006930809552e-01,7.004122157324568221e-01,4.934535937748409373e-01,7.247953734300364159e-01,2.867079221504439390e-01,7.242455213743750342e-01,8.520939887425185155e-01,8.474651559551544810e-01,7.196738165031285606e-01,5.653333782805278762e-01,6.765649481188412695e-01,4.993805236049166929e-01,6.200739897816095469e-01,9.913623952943432238e-01,8.219540908921137978e-01,8.048833820287809582e-01,6.739146040605134003e-01,8.508194112518191465e-01,8.733496337353772176e-01,2.822984989707317816e-01,4.095734219232062823e-01,7.138712307830245019e-01,2.209269291707147143e-01,4.652679299223242970e-01,5.450136323815389927e-01,5.040437281911370748e-01,7.080841951093969078e-01,9.002734646117078743e-01,7.343005871366541371e-01,2.138991541835387200e-01,2.165970236683280592e-01,6.463488500493547173e-01,8.073777617403705698e-01,8.684343213309053677e-01,1.699046705349219755e-01,3.087324421367712568e-01
5.117568151690012890e-01,8.529683349091502498e-01,8.990949519052893191e-01,8.562284459243958423e-01,7.524698604939203950e-01,9.614114574208556530e-01,7.597467382030810290e-01,4.037949914739195068e-01,5.848785772044929887e-01,8.254230609750096148e-01,5.891771450697408374e-01,0.000000000000000000e+00,7.555507386424377136e-01,6.228872463914372215e-01,4.839355745210515147e-01,4.377537870959755661e-01,6.072186000777002324e-01,9.446476974060307175e-01,4.138783074169970488e-01,6.497727608852590375e-01,6.638369158989666508e-01,5.038593089786459478e-01,9.165848617567917689e-01,9.118928248238519219e-01,5.873210044885093239e-01,7.855975482421664324e-01,9.747247913344421200e-01,8.452719934788472944e-01,2.603970563913093894e-01,1.710665996047051052e-01,5.038663866600645580e-01,5.425806719453050153e-01,7.264773960616335291e-01,6.820138953767898027e-01,2.127663811433864183e-01,4.602170741166283774e-01,8.653652878794998449e-02,2.200667243581242716e-01,8.413396063191802554e-01,5.765793168924044920e-01,5.275839218217781568e-01,7.056219774749648010e-01,4.256825972505679512e-01,7.143355493695249248e-01,8.358390406733684497e-01,9.945583660661168057e-01,7.676897665955495498e-01,8.824122092722330724e-01,8.697074287857515795e-01,4.276834836731283618e-01,4.091939339929100417e-01,8.425201290447008606e-01,9.611706783794116138e-01,6.852434277227328341e-01,7.291767777858462196e-01,6.463565830864672623e-01,7.713000492098267546e-01,8.744023410441784661e-01,8.401929983072056185e-01,2.050000461992477763e-01,4.157839233551496316e-01,6.988178832847380395e-01,6.331016896801501259e-01,8.521023389363592271e-01,7.978471794036408049e-01,8.263877589529876611e-01,9.984091907295924440e-01,5.812343926929902649e-01,4.919868412134129759e-02,6.390471222046302247e-01,8.068511460021133841e-01,2.920945373342703766e-01,9.358143001981330533e-01,5.537513625446502386e-02,5.677370927929040745e-01,7.753111621278573340e-01,9.899323811040343646e-01,7.383426351520538944e-01,4.540891878922163616e-01,3.664337124249096300e-01,6.932538192260632171e-01,6.155990751674607075e-01,6.347086160786338249e-01,4.523933881357905529e-01,8.026524021908397755e-01
7.916300645570286676e-01,9.591391315565387377e-01,7.308313931989202095e-01,3.564473246451388411e-01,7.429062048885916036e-01,9.358202506510482355e-01,5.818753450771837477e-01,6.450023014197424631e-01,7.153192289239952428e-01,1.888190630819768304e-02,9.804472042488545647e-01,7.555507386424377136e-01,0.000000000000000000e+00,6.254699897351841953e-01,9.337037410813362470e-01,6.302841627299206051e-01,7.831659581707675066e-01,6.354678969058706883e-01,7.680552614970235226e-01,3.755771994355124876e-01,6.811055772215162118e-01,5.930916608964673653e-01,7.375633672821524378e-01,7.568933713056683610e-01,4.583924465394961789e-01,6.988007091293004791e-01,6.801887021517829535e-01,6.383282196087242122e-01,2.598861126951216849e-01,6.246309726342315072e-01,4.461415226846479620e-01,6.799981891952656676e-01,9.941243856365855613e-01,9.791594084056903791e-01,8.255254826404869739e-01,7.275133705788605631e-01,5.750793048388807005e-01,4.763615434661250814e-01,7.592001113845582294e-01,5.787072813908245017e-01,2.125688798870205010e-01,6.622013125606693862e-01,6.675226447749708081e-01,7.238905620566961074e-01,9.308310443741689699e-01,6.848154125664764891e-01,5.493589533035111439e-01,9.741226341895841134e-01,8.791981663520940238e-01,2.891688104114547575e-01,9.179976509218101821e-01,8.613355325359125514e-01,7.430393296183273044e-01,6.813771308580867103e-01,6.594099399815853690e-01,9.021315547895042419e-01,7.573886128915777727e-01,9.985031795064116533e-01,8.139852846923054663e-01,7.159446167908730674e-01,5.375323051382057127e-01,2.755676386673931999e-01,6.550417199292768444e-01,9.964165650618270753e-01,8.951813751275987663e-01,6.337018384920711789e-01,9.371741715642718518e-01,9.443151452970728332e-01,9.881707137725650458e-01,7.964298737088267854e-01,8.596280345457367744e-01,8.942256749594638121e-01,5.624045230581347088e-01,4.950387220785228970e-01,7.310061043121715008e-01,3.345799359290606012e-01,9.173521347978977891e-01,9.813131362041500605e-01,3.568403469799020788e-01,3.737251303276807879e-01,7.075350788115021272e-01,6.276136479486754682e-01,6.768696242169759403e-01,9.260957561839443519e-01,1.930932918985293067e-01
8.706748182646856238e-01,4.027044813404365153e-01,7.235445300707422644e-01,7.814010220960749820e-01,8.696574480202198254e-01,6.303337962670019223e-01,6.037484070383001278e-01,6.317069314432169902e-01,5.420600911269242150e-01,7.474587623946118420e-01,5.713934138168611510e-01,6.228872463914372215e-01,6.254699897351841953e-01,0.000000000000000000e+00,7.355011536061369926e-01,6.497987085159477871e-01,6.943601602796711791e-01,4.423637652944232834e-01,6.059781385788349795e-01,7.858937936144284597e-01,9.582131471299519809e-01,2.206753371522480467e-01,8.540016362098596936e-01,8.592811690870247876e-01,4.354854968553302785e-01,8.747639530564912391e-01,3.152105423806485507e-01,6.529630585662163922e-01,5.056420838943805895e-01,1.008048056296109857e-01,2.960258467061375742e-01,7.903738066031750220e-01,9.043435569393357687e-01,2.842801256281615382e-02,3.052548954002322623e-01,3.293767513851948436e-01,3.520506168899723010e-01,5.416333318367159144e-01,7.238862814369493304e-01,6.832573992168243793e-01,3.068648512938949025e-01,6.209282143207387472e-01,9.112892263793539449e-01,9.334431382100241148e-01,8.619182164179832739e-01,1.101712611031952921e-01,7.249198382236405891e-01,8.412727494552079133e-01,7.932134975645993569e-01,4.678706666288638405e-01,4.523890833675968115e-01,6.706463578383440316e-01,8.432950646473402756e-01,9.785954815195339052e-01,8.366902668766692530e-01,7.543893521442178729e-01,4.719244911296465728e-01,8.770891646882099657e-01,6.646493317023869363e-01,7.704171678407110146e-01,4.043355003981065066e-01,7.889721320597825605e-01,6.663802259396764960e-01,7.030763782932493156e-01,6.476068891829439567e-01,4.280188806215240449e-01,7.435454992067841440e-01,4.640891786210462611e-01,7.820965124888343833e-01,5.887467186102972594e-01,9.292248157857196933e-01,8.516983162062838897e-01,7.891016881613308609e-01,4.028864225409435340e-01,7.260819786577968893e-01,4.254427481503519903e-01,7.240491527615721123e-01,6.791364221497313558e-01,4.712812041056118617e-01,3.219157172589073301e-01,2.281475711859668742e-01,9.406249169319985670e-01,4.557242184198349588e-01,-2.633358448473454017e-01,9.771373335018566086e-01
6.147306077325471740e-01,6.772930265957359808e-01,6.444887472328157951e-01,6.899066396553495961e-01,4.008632858703995439e-01,8.646510481998090913e-01,4.665329746898812524e-01,8.126965610427251407e-01,8.091183110151346503e-01,7.067745607678854736e-01,9.083666764565371254e-01,4.839355745210515147e-01,9.337037410813362470e-01,7.355011536061369926e-01,0.000000000000000000e+00,6.598024116345007073e-01,7.098462711669285552e-01,7.495399631766793691e-01,6.714702198067938888e-01,9.243732522311833844e-01,9.989647817162828902e-01,8.061561852936391936e-01,6.252740067674050772e-01,8.976639364922921471e-01,4.530455988120781763e-01,4.656782370037095276e-01,7.225272910682039029e-01,6.742958636808240591e-01,4.243262462956659542e-01,5.798725513285671873e-01,7.801106907656858436e-01,9.963156122928642500e-01,7.840624634362978185e-01,2.145171226911654627e-01,6.224775829740576416e-01,2.744207493530742004e-01,5.876457946093293083e-01,5.408245430887429483e-01,7.278092618855434015e-01,3.443495191964762170e-01,6.586166027673124868e-01,7.183333524608167542e-01,3.320950143359249207e-01,3.861024840254386747e-01,8.515222061439765566e-01,7.250620185764014014e-01,4.191359288252179960e-01,2.608723052894221239e-01,6.727482704395266744e-01,3.272866527521154367e-01,7.524385374609836585e-01,6.581986735131680755e-01,6.969631542777546818e-01,6.282202920935499035e-01,7.623006344294842584e-01,6.746695958458839293e-01,5.377533519289067199e-01,7.935167159384270974e-01,9.478539769755165434e-01,9.831986281982034726e-01,5.834494435964835413e-01,7.613504838518801998e-01,7.909949284852517692e-01,4.748417394078243703e-01,8.279950557252694354e-01,8.033717323772060492e-01,3.455406175100446120e-01,2.333681142104982731e-01,4.561423638885282461e-01,5.141329738113138426e-01,5.491617912048403216e-01,2.406186744114106602e-01,7.170971077206022004e-01,3.670938511604939225e-01,5.840835074083499112e-01,7.134467349978270700e-01,8.968487960998742237e-01,6.839751772473304792e-01,7.900427497378085251e-01,3.663698869841354178e-01,4.080753521298076114e-01,4.778532124489820454e-01,-1.689244313073417214e-01,6.083064326902563046e-01,6.752909216654797708e-01
7.732293656036886009e-01,9.681495135134425833e-01,8.135935386317365570e-01,7.952607047119457651e-01,4.865710732599958788e-01,9.365466455317416061e-01,1.624542636321089362e-01,5.819401627713053360e-01,6.070265864949752066e-01,9.211334410287516095e-01,7.512974097401720064e-01,4.377537870959755661e-01,6.302841627299206051e-01,6.497987085159477871e-01,6.598024116345007073e-01,0.000000000000000000e+00,4.970569042896736400e-01,7.762955134268350044e-01,8.206878113519213702e-01,4.525303818433228931e-01,9.820994744656551534e-01,9.486956263190491345e-01,9.952713560069478271e-01,8.567102829586030754e-01,9.085528371393158942e-01,4.701754157478809093e-01,9.184949533189401549e-01,6.927398023279651706e-01,7.866547653776229110e-01,4.868099592098703021e-01,6.629937573996931566e-02,8.100802914104084929e-01,9.442359673042923784e-01,4.952585349153952876e-01,4.709361951607775043e-01,5.941226383997617599e-01,7.292265374292544733e-01,7.883450948937592573e-01,8.755602892995583142e-01,8.820198279424311671e-01,8.292144891494228620e-01,8.502476095002671208e-01,1.628291768752843371e-01,9.365888992524293855e-01,9.655725230669606196e-01,9.307004822717535042e-01,6.588995548049748630e-01,9.019593854355317797e-01,6.621278931198087969e-01,9.859092640519837580e-01,3.902646209641241759e-01,6.509766581540631369e-01,2.561821440696172014e-01,6.987218975340965255e-01,9.439590858565225506e-01,4.222649920983790883e-01,7.992091846813353939e-01,9.872321723750734357e-01,8.906125002544952318e-01,7.752937835400344202e-01,7.170892736048771754e-01,9.671187729794773480e-01,6.618070013735276591e-01,8.843653669067682577e-01,9.951002859096012010e-01,6.460329136259698180e-01,9.173937083152671201e-01,6.887686941037700628e-01,3.562113639743084148e-01,7.539420376625333153e-01,7.734432565274663718e-01,6.261159588744331650e-01,4.285979425514827579e-01,5.763870594848974349e-01,7.925470449626916825e-01,9.685745660722906436e-01,6.373384036861883262e-01,7.176204216891544085e-01,4.174025757686759541e-01,-1.246014087027358802e-01,2.949272394639692041e-01,6.051688114957086695e-01,2.280063494372565613e-01,4.996230094463985916e-01,7.924393120500258236e-01
9.879388973121936424e-01,9.420454442406187567e-01,-1.691199006584512277e-02,7.879577104926265285e-01,8.435633339917260054e-01,7.840390148168308038e-01,5.702714718769197333e-01,9.700790014827925800e-01,9.711449314792733878e-01,4.191460415303832066e-01,3.384724032543694472e-01,6.072186000777002324e-01,7.831659581707675066e-01,6.943601602796711791e-01,7.098462711669285552e-01,4.970569042896736400e-01,0.000000000000000000e+00,7.831205512427141802e-01,6.424892203061161045e-01,4.227711850098544999e-01,5.618262759795811245e-01,9.452780241495578606e-01,9.709553094540405160e-01,8.461313691914938984e-01,7.673219515558795667e-01,8.340602767445511878e-01,9.336980566638287682e-01,9.891121378442910839e-01,6.735581282026817940e-01,5.551005319324233689e-01,3.107723584436521483e-02,7.114544885661261420e-01,5.324852489346066919e-01,8.213125206826875635e-01,8.424027273920247083e-01,5.634772089966513242e-01,4.714223666624776654e-01,6.584829172548873899e-01,6.148299065357848425e-01,1.437155442184100407e-01,2.971817237260048761e-01,9.381492676129014052e-01,7.127169947196670963e-01,8.921783303213267624e-01,2.921697087594212761e-01,1.489959903526376361e-01,8.870614989530485328e-01,-3.628418208613171103e-02,8.487586030183154051e-01,6.849837639725772087e-01,9.065829620829121138e-01,8.537054407500432873e-01,6.821669616875809528e-01,7.787574591427697257e-01,8.807232806613206622e-01,4.219716076384307790e-01,7.177754129347037049e-01,8.716786459325713832e-01,7.830499931301020400e-01,6.710731254376869348e-01,6.942624380713216525e-02,8.690896135991429405e-01,9.923788752134430347e-01,9.772211463515648733e-01,6.134595875439092794e-01,1.800388528062145943e-01,5.489389723747297722e-01,9.457562764946771949e-01,7.002948321561012213e-01,6.058232480108954876e-01,8.232362782866687878e-01,6.503080639606756419e-01,4.630319095841751720e-01,6.712600857079804584e-01,3.447670071900790223e-01,9.994395394656038212e-01,6.644029834398378354e-01,8.005043307180813583e-01,5.719137224287292876e-01,6.927069439801573081e-01,7.064541697621535832e-01,9.896894482327953657e-01,7.700545625504460201e-01,5.677795807094661029e-01,6.888404284250787546e-01
9.822673805488055798e-01,5.236398497006979902e-01,9.494585553841298209e-01,8.527871610510159295e-01,8.257496492630476137e-01,7.159836500840661699e-01,5.520394179360221809e-01,2.988167374649926544e-01,6.748526740192294371e-01,3.358059599532207673e-01,7.463515957357388375e-01,9.446476974060307175e-01,6.354678969058706883e-01,4.423637652944232834e-01,7.495399631766793691e-01,7.762955134268350044e-01,7.831205512427141802e-01,0.000000000000000000e+00,1.688086635368715727e-01,5.664357887999600383e-01,8.082566424486928858e-01,6.839391747304979230e-01,5.473459159018380094e-01,9.219720905685117041e-01,6.494690351830384456e-01,7.198834029384270083e-01,7.515238531596823979e-01,6.108594397256554842e-01,6.836410407141034762e-01,5.517246292260769014e-01,6.799764909572076910e-01,8.375692823172500301e-01,6.159038687980203930e-01,6.514722269177680714e-01,9.965512451458961030e-01,7.266300915848347142e-01,3.016137062081440390e-01,4.426178732512986436e-01,6.594612038843884472e-01,8.581988582153861067e-01,4.656807262749566023e-01,8.479434746441354420e-01,9.974191303115098606e-01,9.125408336777609541e-01,9.646163282339886846e-01,9.448578817611791303e-01,9.468020596110851006e-01,7.781273354619896443e-01,9.547715709398930661e-01,2.224820505225936496e-01,2.309903895136637964e-01,8.932588754137354981e-01,7.251552228100121011e-01,6.962855721179724844e-01,9.715906797622241298e-01,8.231706846904074393e-01,9.124146382395139643e-01,7.190772175626256590e-01,6.178221904154429511e-01,4.287797294816675930e-01,4.288945045855966365e-01,5.478025637417119897e-01,9.195565225867057269e-01,7.176993771764362817e-01,4.014665546556342446e-01,5.577253568393351069e-01,7.038398011746799243e-01,9.158166382154606655e-01,4.287684908820972307e-01,7.400369030224377420e-01,8.955678674430185282e-01,4.150331950465094288e-01,3.790908000553222523e-01,4.807018280452827197e-01,5.998214539586966820e-01,4.720338668967988260e-01,7.163518786757923085e-01,7.241726253520229806e-01,3.831322482367325449e-02,4.194165290817423175e-01,4.374487636365093635e-01,8.093451087636530650e-01,6.724536343579313735e-01,4.662060192606599651e-01,7.164505414447805975e-01
