0.000000000000000000e+00,8.837353419280249422e-01,9.986637168799525899e-01,5.579578977281420826e-01,9.572260894647108831e-01,4.973862804492819034e-01,7.084741230194674388e-01,8.029268000641138769e-01,6.950302438888320555e-01,2.368121430176141906e-01,6.004687821569988371e-01,4.026064159967865375e-01,7.262003211271164105e-01,2.565172522181908277e-01,9.423880612103537890e-01,9.160421248609158518e-01,8.269732032757561857e-01,9.227957322617488245e-01,8.208753822509982090e-01,8.651494120036316016e-01,8.088813190663562969e-01,9.858502232548780331e-01,8.808333167545694398e-01,7.349622994475064619e-01,9.349233849989302403e-01,8.240487415676225336e-01,8.379214177775400341e-01,2.717381064272892388e-01,3.128013147011627915e-01,5.638956761415832020e-01,7.794702876456870433e-01,4.816211966050699678e-01,8.166650617088446751e-01,8.829007366576095972e-01,7.840707483261295518e-01,5.059137714743253689e-01,5.183337020759883895e-01,9.805883663580838849e-01,6.401291668943629443e-01,8.135173084204930793e-01,7.059963375742748237e-01,6.807633312034634399e-01,8.668535895393958413e-01,4.784745194368708043e-01,9.315891906382736121e-01,3.711663691073244786e-01,7.918456941363900548e-01,6.700224353443935410e-01,8.680439226430685107e-01,9.905736656616516145e-01,7.284282810642412898e-01,8.470065383029502515e-01,9.790768641222493684e-01,9.951099916773804566e-01,9.930217148561399920e-01,9.865328556228579737e-01,6.203835284486544088e-01,9.605950208216178510e-01,2.050863353374877684e-01,7.000947112406227246e-01,7.673815585783632098e-01,6.915329276030215411e-01,9.622911380097881606e-01,6.960525544267515130e-01,8.777599917022393949e-01,8.025037278013835707e-01,6.212960766029355097e-01,3.851343291040401073e-01,6.229464801339011926e-01,6.778302060197195500e-01,7.458365595253654279e-01,3.822348126572090443e-01,7.350433598879163588e-01,5.030739999161557563e-01,5.600050622481702600e-01,9.116111056723511519e-01,8.114707474317487401e-01,6.471023669057628380e-01,3.419987530071333381e-01,2.246031615990370101e-01,9.556690849365326867e-01,8.998582914957355960e-01,9.999010097168672395e-01,5.609214525839408827e-01,9.634115903488724708e-01
8.837353419280249422e-01,0.000000000000000000e+00,7.057634070347984512e-01,5.025155204416837940e-01,2.697000584112893562e-01,6.559879698770075818e-01,7.308678470286079643e-01,6.432989789827725513e-01,4.011093467884480623e-01,2.716547695179626354e-01,9.459600889607896468e-01,6.745591445370990868e-01,8.761201156788815947e-01,8.420694627501492668e-01,7.246066116419744851e-01,8.838261272764883492e-01,4.366592035178163966e-01,8.932870525773727310e-01,9.751309492365639597e-01,8.905568282979823280e-01,9.199345113710235555e-01,5.062970291867049388e-01,4.305000905605231853e-01,5.091756455824498762e-01,6.998674117722381016e-01,5.549535001147107849e-01,2.721164147952239709e-01,6.304988813740252107e-01,3.548322512929812378e-01,6.596363499847190948e-01,1.317961744919354250e-01,9.900465928110078195e-01,7.203831839528431757e-01,7.656068819533796699e-01,9.199076825191164763e-01,7.800494204344845528e-01,2.320193507323786708e-01,5.777151700030040971e-01,3.579523328171221319e-01,8.702149962557804708e-01,8.661363504578560857e-01,6.919548085962137773e-02,5.677447066445340251e-01,8.790954263756400877e-01,8.357106793431733349e-01,9.398908137088690662e-01,9.915142366998147549e-01,8.385345117551558092e-01,5.495901423026485766e-01,9.444937212224168155e-01,7.801639822675945357e-01,8.524740271558318705e-01,8.556938793764776729e-01,5.552261270074898558e-01,8.597758935133106295e-01,8.126952734654645516e-01,-1.487564050403423488e-01,6.973245036541100284e-01,6.660272183335115281e-01,2.021633930169998705e-01,6.535540678077671473e-01,7.276472495252949146e-01,2.687748312083192426e-01,5.550100918939173678e-01,6.018280269772081637e-01,9.755896458351610567e-01,2.024244497563488232e-01,8.382537293702457815e-01,7.783574854984458558e-01,7.965745132786921090e-01,8.632585936325820608e-01,7.612894627950349546e-01,4.066839590048393349e-01,5.444023381470693979e-01,6.765572756683787548e-01,8.132787160804031412e-01,7.005974432840886834e-01,7.219853300551104872e-03,2.616735162325682928e-01,2.537692453247255009e-01,9.577744573693918184e-01,9.191454160715446520e-01,7.995802499018331844e-01,7.909767325900639579e-01,4.873367365042133303e-01
9.986637168799525899e-01,7.057634070347984512e-01,0.000000000000000000e+00,6.175496736250799534e-01,9.083330012457041525e-01,7.209209837274745958e-01,8.725402037585270332e-01,6.313163318530301549e-01,6.347244896133319436e-01,9.653031582899159746e-01,9.741062412557868200e-01,8.975088997945461777e-01,3.217313674813736535e-01,9.693171834111653506e-01,9.007888665769528957e-01,9.048198288421298585e-01,6.269316938331406242e-01,6.278711986734113459e-01,9.449186782376604032e-01,1.004004589244639478e-01,9.105400235178607860e-01,6.992282177200441762e-01,9.205182428746455647e-01,4.058066972225276570e-01,5.377929616232723919e-01,8.490026215717801916e-01,6.570723855086311183e-01,5.844399129889591427e-01,6.289751848662740175e-01,7.874457918303643389e-01,1.139026779595769256e-01,3.625637764726758472e-01,6.836633421380116094e-01,5.158068544776062136e-01,9.818094057787059015e-01,4.806217144837308108e-01,2.350766797313319778e-01,8.274660312467465584e-01,4.231730174236909003e-01,9.448917427698018123e-01,5.554543937016297450e-01,5.013630802257059704e-01,7.023564126608405900e-01,7.825579550616942326e-01,7.440596122787527245e-01,6.329558233735342876e-01,7.257883438802642528e-01,5.009960320252540011e-01,8.813989603517796700e-01,8.721920645296934449e-01,8.712316217869813251e-01,6.206142455775865985e-01,8.896387948427827430e-01,8.034623963665683544e-01,8.127050234207172652e-01,3.174873519799051302e-01,9.508521895169383953e-01,4.273021544708578423e-01,8.284725164292013888e-01,3.591281692360392963e-01,5.600323368877787589e-01,7.199155954466903706e-01,9.761723863887492580e-01,6.293180046288632257e-01,6.441336977826199739e-01,3.261320049242233399e-01,7.514281995909931622e-01,6.777620303139676450e-01,8.251388536120990436e-01,6.143601693988466339e-01,8.628170772862809867e-01,8.672794285926418434e-01,5.741333844619247451e-01,5.425857896248864609e-01,6.862061721541715675e-01,9.663389154328082264e-02,6.329739979321812315e-01,8.793698979814046357e-01,2.426496540911442790e-01,2.082359850809409607e-01,3.375610526696958824e-01,8.194773218823386829e-01,9.134277307178783056e-01,7.304875394175522896e-01,9.430285800979478772e-01
5.579578977281420826e-01,5.025155204416837940e-01,6.175496736250799534e-01,0.000000000000000000e+00,8.410725055014174334e-01,8.344258646340845242e-01,3.604628718795841458e-01,7.152386753149130305e-01,7.918722657045740299e-01,8.795637657275113819e-01,6.480713583053401283e-01,9.134700150766110749e-01,7.844648672970661041e-01,8.710986841050259999e-01,4.269652153419945528e-01,8.067435296056948424e-01,6.751106393821988405e-01,8.593609513384747878e-01,8.889807244244045670e-01,9.065017735591355263e-01,5.746356704599976384e-01,6.501154020611344952e-01,6.726366112797873553e-01,5.621832239132797948e-01,6.418848243474144510e-01,6.102192648759199312e-01,9.560128235862148660e-01,7.165792411261261430e-01,4.767418985674497511e-01,4.372936880651072666e-01,2.931758502822153223e-01,3.673258937326908669e-01,7.813281021995457376e-01,6.719137053160607609e-01,5.811688432377073443e-01,5.960375120283010197e-01,2.178177472874184839e-01,4.677939670803370475e-01,8.279307563160064332e-01,6.671001494837919266e-01,3.895974339349293492e-01,6.522630379805287593e-01,9.115462044476546621e-01,9.762275071859882747e-01,6.536039979036539771e-01,7.231221161474528092e-01,9.893524569339146035e-01,8.141392874102125754e-01,1.028678154105544390e-01,4.923707872031617416e-01,9.440483320264172473e-01,6.622056636271802521e-01,8.957744396742052251e-01,8.372572468514337674e-01,7.495753102327167294e-01,9.041304260936885440e-01,6.615002405733061419e-01,9.384641904350663477e-01,9.387596053599935875e-01,7.411350024452503238e-01,7.851605427686857430e-01,7.740790699039439282e-01,7.132742748339031547e-01,9.089202567357138607e-01,9.264393527603861367e-01,6.280134069179925671e-01,9.966050734438580694e-01,8.144909803229910539e-01,4.977142902187579043e-01,4.161047114970092831e-01,8.106460116881659683e-01,6.193417270820392728e-01,2.578596993183502883e-01,3.657828780625829168e-01,4.571704163144754696e-01,6.059497292059137230e-01,7.813358079137329160e-01,3.599288580690184203e-01,3.314540397486073209e-01,1.231974615151807534e-02,5.386019915941915315e-01,4.709488884450849788e-01,8.117544995175673961e-01,-1.823672838064733515e-01,7.181282985687582610e-01
9.572260894647108831e-01,2.697000584112893562e-01,9.083330012457041525e-01,8.410725055014174334e-01,0.000000000000000000e+00,6.329063052650715226e-01,6.016294546545313260e-01,4.283206455891278575e-01,7.537732189612919020e-01,7.890363233640858009e-01,1.194543519528129816e-01,1.125260646924122476e-01,6.632064998718848470e-01,9.656089309487905226e-01,2.909953661404273140e-01,9.809773213334581632e-01,6.825666313114558958e-01,9.067285118380380426e-01,4.786635245747952738e-01,5.141454567577679047e-01,3.935586153188894709e-01,2.333055458293343265e-01,6.703967269979020926e-01,7.006877505859560040e-01,7.534020417842631767e-01,4.513308024483385084e-01,3.576606333903560309e-01,8.491661503955988399e-01,6.150533354817916409e-01,3.801242306603611620e-01,5.514703278752822735e-01,4.485006931448761724e-01,6.543361363299750044e-01,6.433987256651130249e-01,6.299831334373203751e-01,1.775998405458682206e-01,7.930386992169362603e-01,7.476184182891038033e-01,9.135606874927629795e-01,5.425172939026129404e-01,4.925348960723126002e-01,3.180613034314412335e-01,8.852466128820557500e-01,4.396136096590551046e-01,8.466933679265256085e-01,4.570402332560206116e-01,7.292141194618392275e-01,6.239152393458249346e-01,4.920993898081542084e-01,5.201918580114978097e-01,4.307462579799373192e-01,8.819898891514309502e-01,6.026587771159179763e-01,2.799386105202038566e-01,5.909575076125590520e-01,7.632985075535019259e-01,3.489877829675931409e-01,7.627072460694112044e-01,7.604076072288123989e-01,7.462967812909333531e-01,7.410987819107178742e-01,6.059534422232212281e-01,8.006060098998105667e-01,9.705478446790160030e-01,8.584544196790444559e-01,4.363978679481849143e-01,7.185772738422778749e-01,8.103119932517894863e-01,6.164362852692110151e-01,8.289896248017405433e-01,9.806700725607138125e-01,1.792486836433508091e-01,5.067521073120899722e-01,4.540636458640903705e-01,9.516116255363408216e-01,6.044925550961546268e-01,6.963967412885841979e-01,8.942863592952976504e-01,5.010898271115763469e-01,9.621481262477971086e-02,2.901333874927660705e-01,8.781176222609342608e-01,7.886023685933001293e-01,5.788129284548771958e-01,6.086088086283281129e-01
4.973862804492819034e-01,6.559879698770075818e-01,7.209209837274745958e-01,8.344258646340845242e-01,6.329063052650715226e-01,0.000000000000000000e+00,7.435906164826855402e-01,6.274064887176215022e-01,8.961307535633840082e-01,2.612395080433226324e-01,5.139537275732930510e-01,3.160962213179083768e-01,8.038452229379197123e-01,7.633927922713020786e-01,6.035727529298700045e-01,7.046394443763536186e-01,8.476809888130247828e-01,7.220135652881436439e-01,8.747817049118418176e-01,9.787690606834414941e-01,2.588088972926482212e-01,9.384596416472197333e-01,9.623257888614755728e-01,1.048626563537644052e-01,2.847741563188809222e-01,9.254363069647824069e-01,3.949156993966358997e-01,7.476955290749285332e-01,3.195176078406349318e-01,7.575385334205572141e-01,1.493342828404048139e-01,5.519481117577760276e-01,7.045898794283577127e-01,7.129131257003428201e-01,5.217063223812903328e-01,8.413318735863769549e-01,7.438124493738911269e-01,7.148982207731915395e-01,9.495384326607980707e-01,8.215725089906878997e-01,7.980422727145055628e-01,7.586654559358202432e-01,5.323600760375072349e-01,2.376791982428777816e-01,5.028994190942349674e-01,9.959365735070073722e-01,9.894805002401878546e-01,9.596290055824335807e-01,6.640526124022091414e-01,6.225753667695117510e-01,7.501957088693030906e-01,7.975009714156358065e-01,9.285729858354527799e-01,6.894943539028125512e-01,7.991468570326916154e-01,9.619662271667785980e-01,9.549899949396685184e-01,9.001583878919335868e-01,7.126409213865299019e-01,1.309252646242017037e-01,4.341412340430969019e-01,7.857147944088201941e-01,8.319988608118055184e-01,8.782550797434836021e-01,2.626448910773531153e-01,7.188147404660403250e-01,4.213673779602022385e-01,8.674723358854657951e-01,8.562841528822938697e-01,7.921426370536386319e-01,7.704100786609445750e-01,7.569532480592169321e-01,2.771869851219992409e-01,5.598619941294885605e-01,5.924156211643731851e-01,8.575344558736517353e-01,7.756298682602196237e-01,4.970218452056702207e-01,6.838701035720400334e-01,4.780212524858275525e-01,4.128468859332517504e-01,9.119485063437293704e-01,4.418203240424710687e-01,6.699466133546093660e-01,8.832127605666199033e-01
7.084741230194674388e-01,7.308678470286079643e-01,8.725402037585270332e-01,3.604628718795841458e-01,6.016294546545313260e-01,7.435906164826855402e-01,0.000000000000000000e+00,4.788872427385611474e-01,7.825441336513794255e-01,4.392226680960192309e-01,5.223107368310814236e-01,8.923365429301934881e-01,6.103716244336748753e-01,6.536801319774734331e-01,9.087509878316278877e-01,6.532328818602778364e-01,6.147447846661798776e-01,6.388873761832012388e-01,4.321946845428125128e-01,8.955389671693360087e-01,6.364988572377834330e-01,5.095442719863894077e-01,7.091758350214024675e-01,8.672729533105416611e-01,6.057005333236604727e-01,3.999298909372223099e-01,1.626894119654264115e-01,6.148342099751149537e-01,4.246515000919899308e-01,4.744433150809933553e-01,5.380318279866159736e-01,5.694824371192096502e-01,6.704437632503618127e-01,3.181393509802484809e-01,5.419898780565950425e-01,3.224432547310033814e-01,2.699775832782878027e-01,6.693193909962993349e-01,6.648654670761617869e-01,7.032883071858424540e-01,8.040750708845209038e-01,9.223565212322654139e-01,9.161757755509327694e-01,6.829532865170229172e-01,6.431776157922980408e-01,2.840079543062392076e-01,2.134068858527133628e-01,4.454393865244491990e-01,6.118168985430511020e-01,7.630639169021634638e-01,4.409036612607169503e-01,7.185933228888297108e-01,2.250365284495070006e-01,2.325246960871776847e-01,8.447210285606657765e-01,6.873205963183635081e-01,2.815522427045326626e-01,5.044473760033822973e-01,8.323954701295854797e-01,3.084269350323892711e-01,9.597438182586924826e-01,5.047740252975845276e-01,9.126574172615122826e-01,4.727163010247293351e-01,7.870852248735668022e-01,8.722480104339328522e-01,4.246581726361299824e-01,6.153842816371722924e-01,2.921405102649126118e-01,5.882693572328970832e-01,7.664156583984080839e-01,4.906492801789288372e-01,5.834316678135589296e-01,-1.924760573846521494e-01,4.556455702598439794e-01,5.862543736431145014e-01,2.682306108494469932e-01,1.283031520356147648e-01,8.502965913242372942e-01,8.557603876873220994e-02,6.985401274513295400e-01,2.166126361817709012e-01,7.218634191520532095e-01,6.056597943710382292e-01,1.433082512302229494e-01
8.029268000641138769e-01,6.432989789827725513e-01,6.313163318530301549e-01,7.152386753149130305e-01,4.283206455891278575e-01,6.274064887176215022e-01,4.788872427385611474e-01,0.000000000000000000e+00,2.587030889064032557e-01,1.928145336861178116e-01,5.199745909897280916e-01,6.613503931122262092e-01,7.845075256875242431e-01,6.512128119588456165e-01,7.336619991778781102e-01,9.968444877624562661e-01,9.198627922489269748e-01,4.511294216798046874e-01,5.884143717844182442e-01,7.207357616422038760e-01,6.826196102511680186e-01,4.976892662267808354e-01,4.290914554872521380e-01,7.645428072144000442e-01,7.532519498146417192e-01,5.957406417006916310e-01,5.580973937080034863e-01,5.977673420894547007e-01,-2.566687509179660376e-01,4.266848526957192633e-01,2.534562764017008751e-01,4.834892189929497208e-01,6.248656983837614920e-01,6.338604915489968183e-01,7.045441701016172953e-01,7.330471478643489913e-01,7.394180585814634776e-01,3.089308817039050359e-01,7.718624387804811082e-01,4.138408249896293190e-01,2.861119206114863811e-01,4.765192855341642830e-01,9.708664194690600491e-01,1.250451903819002342e-01,9.512824509458268629e-01,6.958800281914149233e-01,4.155898560159112520e-01,8.706643940370613066e-01,5.248264882373090412e-01,2.679317710178545989e-02,9.631580397909372815e-01,6.732407999905811735e-01,6.804817242462282145e-01,2.592864841932794873e-01,9.688444948284345992e-01,8.383733866727896000e-01,7.481153256938067875e-01,5.381783848285399685e-01,4.981057368294201648e-01,5.821522185454441889e-01,3.773598860959835877e-01,6.791382773814106377e-01,5.274200671966459142e-01,7.602513913432624726e-01,9.689930349958698619e-01,3.837513070567059037e-01,2.305988742374572298e-01,9.980283655694310863e-01,6.167483576905458120e-01,6.939235882978149750e-01,5.552094757274453896e-01,5.164676633848902521e-01,4.660259186836563927e-01,6.087614632449255270e-01,9.981390651440331663e-01,7.405167809013044611e-01,4.358196523289963320e-01,7.608306463168706957e-01,5.409214169602737377e-01,7.919119450856982878e-01,6.830575163467074162e-01,9.847956282758328905e-01,4.869403955803068285e-01,2.578894910809468310e-01,8.962507818644567248e-01
6.950302438888320555e-01,4.011093467884480623e-01,6.347244896133319436e-01,7.918722657045740299e-01,7.537732189612919020e-01,8.961307535633840082e-01,7.825441336513794255e-01,2.587030889064032557e-01,0.000000000000000000e+00,8.360348566793271985e-01,9.279834745809589780e-01,3.616153032473842233e-01,9.776122489422333084e-01,9.319625080608888723e-01,8.228817800558835271e-01,6.201898866173950475e-01,8.210419805771295154e-01,8.710177231662122876e-01,6.414724006900087705e-01,8.471765318933088817e-01,2.398146162616591470e-01,4.761677085995912884e-01,7.879765498867885576e-01,3.833476386807521674e-01,4.125810603526924303e-01,8.281065778102238983e-01,9.771229411623497674e-01,3.811161334500032249e-01,5.344697823459026997e-01,7.130134934140845981e-01,1.011865471797904203e-01,7.196475339795207482e-01,6.870186571672958209e-01,6.223808872238596468e-01,8.747168242477877387e-01,4.853597187510461097e-01,1.933336196328378775e-01,9.217212280612622211e-01,6.993422480223637772e-01,9.180426315784284697e-01,3.827178424827252234e-01,5.251493720086584105e-01,6.153537268292779139e-01,6.498047607062598097e-01,7.539345202036696891e-01,6.360336919521510923e-01,2.932313275036402267e-01,6.345618176865304161e-01,8.760069162767915030e-01,6.477309069039739464e-01,9.646204152115324046e-03,8.994811228456057739e-01,4.520303602175151925e-01,8.809921779856484392e-01,5.969281182030832245e-01,7.965781162220226808e-01,7.954580676135033501e-01,3.794121666489566058e-01,6.852266846554307955e-01,4.449988545920639527e-01,5.511386223356526948e-01,7.848746460167421723e-01,9.979296480641244305e-01,8.656252810577460544e-01,8.310759525956917804e-01,4.468768589905059430e-01,5.669335247732650851e-01,8.605124373673551652e-01,4.977407523239694154e-01,5.578951339036795076e-01,8.527850069981715020e-01,8.014826359812962098e-01,4.387775378453065978e-01,4.978278523907475051e-01,7.647369645736808996e-01,6.426457235338083329e-01,8.260098987151368588e-01,5.881793803255768172e-01,3.231820464103252744e-01,-1.183992061455826361e-01,4.951954485668875194e-01,7.121149248612795857e-01,-8.181598879936458069e-02,6.905118034926805981e-01,7.120287004430047029e-01
2.368121430176141906e-01,2.716547695179626354e-01,9.653031582899159746e-01,8.795637657275113819e-01,7.890363233640858009e-01,2.612395080433226324e-01,4.392226680960192309e-01,1.928145336861178116e-01,8.360348566793271985e-01,0.000000000000000000e+00,6.858706973820445363e-01,6.611777251293733393e-01,8.894823258319013437e-01,4.921417118084940867e-01,4.791558295025809544e-01,4.290021499340154199e-01,8.932008760717967677e-01,5.975040535076524550e-01,7.407836002886317717e-01,6.927244431438309702e-01,7.674904792383137053e-01,9.148743986407573692e-01,9.269773866408348439e-01,6.159616649884369632e-01,7.505498069598501854e-01,6.803458100014712073e-01,4.261044870162146170e-01,6.749182654064498355e-01,2.834457432281081712e-01,7.762531843848985424e-01,1.023729089301928241e-01,7.282110681216040771e-01,6.292949930529769809e-01,6.117462025407777171e-01,9.726537110524289265e-01,7.104126971706844484e-01,7.618840566808089687e-02,7.112014364412609924e-01,8.942178518875508741e-01,7.417104746407848781e-01,4.706080521701207497e-01,9.434754475237606686e-01,6.613977518912828035e-01,9.523488724541147032e-01,8.271368902137004042e-01,2.475874304806033044e-01,7.299962401702096981e-01,6.288832069383540890e-01,2.284540217984038779e-01,9.731025967390152243e-01,8.459148368836109100e-01,8.764505122922082725e-01,8.343353844575376321e-01,5.221845665512501178e-01,6.973542734065792947e-01,7.261427272718248283e-01,7.209839195160178127e-01,7.948648766560806322e-01,3.536544856562791050e-01,6.529197367608026437e-02,5.820277853978397253e-01,8.328057152295814669e-01,9.303552282775288118e-01,6.824380729988059890e-01,9.174363223622815644e-01,6.065271875056811313e-01,6.374221439121219301e-01,8.502480323714207699e-01,8.532274635166874344e-01,7.150514295511145590e-01,8.480758771900571702e-01,5.035916022200206399e-01,5.216713594484931882e-01,4.126103094616644373e-01,6.656986844359221722e-01,8.792621246703484772e-01,5.210584792609712634e-01,6.815051908406229986e-01,4.325084957782282524e-01,2.523413194844790208e-01,8.008575727517959486e-02,7.688422648087536171e-01,7.678569389989227112e-01,7.892978958169507564e-01,7.632921671858445833e-01
6.004687821569988371e-01,9.459600889607896468e-01,9.741062412557868200e-01,6.480713583053401283e-01,1.194543519528129816e-01,5.139537275732930510e-01,5.223107368310814236e-01,5.199745909897280916e-01,9.279834745809589780e-01,6.858706973820445363e-01,0.000000000000000000e+00,9.254477062279328203e-01,7.721994819612825189e-01,1.603322266634280568e-01,6.091381379143216979e-01,6.117349500101119109e-01,9.232255039521612971e-01,6.990732332911323565e-01,5.448001933980139988e-01,6.948596943618993160e-01,9.591167965184392852e-01,9.233496442020482364e-01,9.908957774917588335e-01,7.433293384585496488e-01,7.165250488704244525e-01,7.319768593479136776e-01,5.922302587442103139e-01,8.795869744637903054e-01,6.075073741052061660e-01,5.055029161519357661e-01,4.332672467684360318e-01,8.517855255767450284e-01,8.991054107550792152e-01,7.453063574230066601e-01,8.979132110870849948e-01,2.450799283021208030e-01,5.853026215808097010e-01,3.329036784501016033e-01,7.206332993226278738e-01,9.024828781903428965e-01,6.921312620440258634e-01,9.608927828590128062e-01,8.318134675260676625e-01,4.467142971370808291e-01,5.715852802080888528e-01,8.012663408617844985e-01,9.156445505610736335e-01,5.034618738091535262e-01,6.540825888907078056e-01,6.167109135864128344e-01,5.740481009803687362e-01,4.973956535674921575e-01,6.557238220998012901e-01,7.157951511432981695e-01,6.825145717259002431e-01,6.592250182258612146e-01,5.784816424203115259e-01,8.840726237854260594e-01,9.492550331645397410e-01,5.389376243154961887e-01,7.193837478599958146e-01,1.154746950337464176e-02,4.060103476423708724e-01,9.620469513073283130e-01,7.251780137795214021e-01,6.213925042587126191e-01,6.554750115886697204e-01,7.060957110403139891e-01,-4.752236026491785115e-02,4.554254669459562588e-01,7.740280890913511791e-02,7.064954620850205647e-01,4.554570604626743124e-01,4.376658000596987397e-01,1.496801519370294375e-01,6.406104424422891519e-01,4.991250546658819176e-01,2.785139866313565693e-01,1.711721260051324300e-01,5.367056074858903569e-01,6.885210937588455149e-01,7.778028837880391899e-01,4.319054341712439959e-01,7.666748467095196862e-01,6.067954412894414062e-01
4.026064159967865375e-01,6.745591445370990868e-01,8.975088997945461777e-01,9.134700150766110749e-01,1.125260646924122476e-01,3.160962213179083768e-01,8.923365429301934881e-01,6.613503931122262092e-01,3.616153032473842233e-01,6.611777251293733393e-01,9.254477062279328203e-01,0.000000000000000000e+00,6.560593835012479280e-01,8.339905430821030752e-01,2.068719146960824873e-01,4.801177112858917573e-01,4.133012268268622669e-01,7.871046262579149966e-01,6.005310482924314242e-01,4.334975855208593187e-01,7.843034537800634975e-01,2.898355697077844018e-01,9.216527496322848290e-01,5.850365950038378671e-01,6.868150490356311755e-01,6.267910402130382197e-01,8.920483080036556434e-01,9.890398278159507894e-01,3.529604166926549325e-01,7.492317808897671627e-01,7.010838884050843989e-01,4.195670633452145415e-01,6.309835838582961154e-01,7.556580169475749509e-01,7.890223396904074704e-01,7.319215504136520334e-01,8.797197435710946145e-02,1.164474197384768595e-01,6.450551249124779618e-01,6.157769490837307069e-01,6.241271008600635453e-03,3.857746802574761880e-01,2.891500820366484370e-01,8.942220580327476798e-01,7.178349234622994901e-01,7.588961337966904086e-01,4.702349427762445577e-01,4.914460119142178285e-01,7.661059267705448983e-01,9.654657180935918293e-01,4.058076975231045824e-01,9.721625031323644084e-01,9.985239447834208804e-01,6.829209557849300616e-01,7.011051576944035135e-01,9.042828985954546317e-01,7.140256930702790772e-01,8.423269746232586730e-01,9.481497358051564905e-01,2.514653973101014239e-01,1.943267484452448624e-01,7.989400108192794558e-01,6.331149058311461575e-01,6.321000168736079505e-01,5.261454294273695265e-01,4.344073400711139232e-01,9.217135956100686034e-01,7.017891194924895659e-01,5.687194573957621291e-01,4.439722039365653905e-01,4.327138075398875294e-01,8.540320564751323618e-01,4.400513897775514827e-01,4.886264849217067940e-01,7.780348643647519991e-01,8.973933790087859075e-01,5.174759195973094306e-01,9.980266396897687908e-01,-2.006992822758432993e-01,1.293042398636988777e-01,4.929618220098474501e-01,9.384460879858456117e-01,8.083889946824156514e-01,5.692179394520915370e-01,4.299390897735548278e-01
7.262003211271164105e-01,8.761201156788815947e-01,3.217313674813736535e-01,7.844648672970661041e-01,6.632064998718848470e-01,8.038452229379197123e-01,6.103716244336748753e-01,7.845075256875242431e-01,9.776122489422333084e-01,8.894823258319013437e-01,7.721994819612825189e-01,6.560593835012479280e-01,0.000000000000000000e+00,8.270065428856299139e-01,4.538612364834598289e-01,8.445660867614568357e-01,9.340717400233304879e-01,4.187990806731193838e-01,7.019778113549365317e-01,8.588544172579150038e-01,9.599974817053918974e-02,8.931973489037804415e-01,8.601110949967254449e-01,6.842496736799104085e-01,4.543295410623784947e-01,7.536851640411335040e-01,7.750843622140703992e-01,7.877471909361368763e-01,5.849736159698745164e-01,5.756243628142913016e-01,7.235246365412938419e-01,3.077544009229479238e-01,6.811891192157351060e-01,8.427337558548588792e-01,5.668406345143173208e-01,5.908879508015005833e-01,2.190380243554244655e-01,8.014828559051198065e-01,2.424260768708033642e-01,9.098476778175723645e-01,2.170107686474714304e-01,6.788716460000551178e-01,7.697859811498450888e-01,8.532260307738122052e-01,9.754042478853801601e-01,6.566070654298697962e-01,7.063874299346273311e-01,7.277626408749574560e-01,6.609402003069916320e-01,7.264595756281736483e-01,1.688615581996129600e-01,8.736542552421664443e-01,9.187897689404607160e-01,8.898630427529778952e-01,1.185438228104585684e-01,9.659600558116505642e-01,4.548731647095076158e-01,9.828956652419507112e-01,8.117247214713879666e-01,7.167719190026589082e-01,5.645936851527669775e-01,9.206439278248259583e-01,3.716279524765900844e-01,8.646630796459003898e-01,8.961250833194391863e-01,8.786925744051319320e-01,5.600676578418377627e-01,6.129436302923653157e-01,7.958041811350121675e-01,9.622481162375903230e-01,7.569238486649887410e-01,9.416302082919792982e-01,3.133312992330368196e-01,5.016662888240355778e-02,3.498112815854502733e-01,9.981491909335128421e-01,8.227139233995000023e-01,9.849140511631471195e-01,1.784962863710267966e-01,-9.041688628024151242e-02,3.517482527999825637e-01,8.185665968899192846e-01,7.116956476788360852e-01,2.033544346580139495e-01,6.981821590269813305e-01
2.565172522181908277e-01,8.420694627501492668e-01,9.693171834111653506e-01,8.710986841050259999e-01,9.656089309487905226e-01,7.633927922713020786e-01,6.536801319774734331e-01,6.512128119588456165e-01,9.319625080608888723e-01,4.921417118084940867e-01,1.603322266634280568e-01,8.339905430821030752e-01,8.270065428856299139e-01,0.000000000000000000e+00,6.405778976723405238e-01,7.884068650916127297e-01,9.312284482529925578e-01,4.155639121576172323e-01,1.429243838026256208e-01,4.413768023977061028e-01,8.829653703173487855e-01,9.771883273526311697e-01,3.797518718679807614e-01,9.518029595792170117e-01,4.220948787389751100e-01,8.174570904174252028e-01,7.645844450935543879e-01,9.215734287971092398e-01,5.382496434132530982e-01,4.987817152690357525e-01,2.069841761092121035e-01,6.983929664325416731e-01,4.500759497758122230e-01,9.218725537482977961e-01,9.356722195658273566e-01,2.847653880532602377e-01,4.669410449389871931e-01,5.466162666155861549e-01,7.375199073599967292e-01,5.598619762683938461e-01,4.082989196763796569e-01,5.543249460607493351e-01,7.728145338299566847e-01,6.336510020976793278e-01,6.498832377606322819e-01,4.257943119364591689e-01,7.087949493268339562e-01,8.619967358102005317e-01,7.680927437898616983e-01,5.575207284914684980e-01,4.296217722843236331e-01,8.414337650057461815e-01,6.082597063424385331e-01,8.448333360890826205e-01,9.186655566453276744e-01,7.660220902934800069e-01,4.755912297051026472e-01,8.943739017376177713e-01,6.821209271978164734e-01,4.535567413189686703e-01,2.551723355151097050e-01,4.628505961871172691e-01,6.201784564891444917e-01,6.432108291245444143e-01,8.746040372690462306e-01,7.212818127658913170e-01,4.530515898939698194e-01,6.525949639438807237e-01,7.827461295413292719e-01,6.071949885448163498e-01,7.477810099850087378e-01,6.648458937871775110e-01,2.317591523204311221e-01,2.166294707986960166e-01,6.714472434345986063e-01,7.930767871616879461e-01,4.096806284979829793e-01,4.009192342204433435e-01,6.802752308453136054e-01,2.242310631788852759e-01,6.106701849971597484e-01,9.221809098233502144e-01,8.539439718666763657e-01,6.442256716305223563e-01,4.693753662218638767e-01
9.423880612103537890e-01,7.246066116419744851e-01,9.007888665769528957e-01,4.269652153419945528e-01,2.909953661404273140e-01,6.035727529298700045e-01,9.087509878316278877e-01,7.336619991778781102e-01,8.228817800558835271e-01,4.791558295025809544e-01,6.091381379143216979e-01,2.068719146960824873e-01,4.538612364834598289e-01,6.405778976723405238e-01,0.000000000000000000e+00,5.535414731679854095e-01,7.714948877775079650e-01,6.085382416148795715e-01,3.384905835202636215e-01,9.823594743097745496e-01,6.635921748984330293e-01,8.953271556056594527e-01,7.641279159779701402e-01,9.265893989326997593e-01,8.308234960814123715e-01,5.479373168923223902e-01,8.618690795184719144e-01,8.086309420307872253e-01,4.733421716741714746e-01,4.607407995294048875e-01,3.827020165594707812e-01,6.510478911834487459e-01,7.459358324084872649e-01,3.130834892180818230e-01,7.188174467550527691e-01,3.052830529733446263e-01,2.380035029007316061e-01,6.673059276772632664e-01,5.508118607996763672e-01,9.680647708439078514e-01,5.990617555774664371e-01,8.951483487581202159e-01,4.797369148537515837e-01,7.057997150599328862e-01,9.061028680406721936e-01,4.750099797101888788e-01,9.724012061213707092e-01,7.022636850413340737e-01,6.155361370811850419e-01,7.573770085531129626e-01,8.169720187421527502e-01,3.540541073706429120e-01,8.991735375372855721e-01,4.528313933512957412e-01,7.487249689075102799e-01,9.018308670532262372e-01,4.281720877994076302e-01,5.376252607470946021e-01,5.079684678550288046e-01,6.590110493051807294e-01,1.536384384674520653e-01,2.933819121796665819e-01,7.257071347599852729e-01,9.671363982915850421e-01,7.728317896323740888e-01,9.177085363971003718e-01,6.522552869924103103e-01,6.650900370975612041e-01,4.962335804964639885e-01,6.353447910127938414e-01,6.982014908986868829e-01,2.168112355920983891e-01,5.559719707125911903e-01,4.366852753764928208e-01,7.260507216746083792e-01,7.206706875272791413e-01,8.868680702512677927e-01,5.215569374213600007e-01,3.697668081400804635e-02,2.820897332826729498e-01,6.954652071498239607e-01,6.600290950190644823e-01,8.999944861104813842e-01,5.986352919712669696e-01,4.542880786005139004e-01
9.160421248609158518e-01,8.838261272764883492e-01,9.048198288421298585e-01,8.067435296056948424e-01,9.809773213334581632e-01,7.046394443763536186e-01,6.532328818602778364e-01,9.968444877624562661e-01,6.201898866173950475e-01,4.290021499340154199e-01,6.117349500101119109e-01,4.801177112858917573e-01,8.445660867614568357e-01,7.884068650916127297e-01,5.535414731679854095e-01,0.000000000000000000e+00,8.886855213059210445e-01,4.380057239580145700e-01,6.491337307117215349e-01,9.022650920716791534e-01,9.047338706243783779e-01,9.009178508018070852e-01,9.223395400909977226e-01,4.547781053173361454e-01,7.512439825559870110e-01,7.199102279101730062e-01,8.785404943578046799e-01,7.821965771812711132e-01,5.263045275619494534e-01,1.345956563551509721e-01,5.587680251714025603e-01,5.102563316099687496e-01,9.016801163412843101e-01,6.637157464354034309e-01,3.614216710588504800e-01,3.139968427446705457e-01,3.419090344081156529e-01,6.263910016257622226e-01,7.772823917004106908e-01,5.735593970764204519e-01,6.149607336751458098e-01,5.643376704628116913e-01,3.967469539397273648e-01,5.765281888169200286e-01,9.687956519564515645e-01,6.051838733922980662e-01,4.609313985602030983e-01,7.797591255094181717e-01,7.803272568939745302e-01,2.121096020479681099e-01,4.599501652783741235e-01,9.750378632390752642e-01,7.356560994084996308e-01,8.430540315838672694e-01,6.776848571464779702e-01,8.925904124528353245e-01,8.016458286635748109e-01,6.766756370207849258e-01,8.640310375090772821e-01,7.114389302855788078e-01,6.313015585287662379e-01,5.195840877815748327e-01,7.833303562452413882e-01,6.319023010348086000e-01,7.852699153269772081e-01,9.117762798093794752e-01,6.796847972622502843e-01,4.651628231100481958e-01,5.031205184304519129e-01,7.100829671309567548e-01,8.990141129318640623e-01,6.784278569526265290e-01,5.782232243024212348e-01,4.360003272747983716e-01,6.482303104981379516e-01,6.541533361199562968e-01,7.010433983999907470e-01,7.378771102775545376e-01,7.610344345384036924e-01,5.711805342260148910e-01,6.590294487388893563e-01,8.441687105712161188e-01,6.222299816228524794e-01,9.338409235417258203e-02,4.091606560344978050e-01
8.269732032757561857e-01,4.366592035178163966e-01,6.269316938331406242e-01,6.751106393821988405e-01,6.825666313114558958e-01,8.476809888130247828e-01,6.147447846661798776e-01,9.198627922489269748e-01,8.210419805771295154e-01,8.932008760717967677e-01,9.232255039521612971e-01,4.133012268268622669e-01,9.340717400233304879e-01,9.312284482529925578e-01,7.714948877775079650e-01,8.886855213059210445e-01,0.000000000000000000e+00,9.853202338912682157e-01,7.407203904379047188e-01,9.316601879639693218e-01,6.921293966474176829e-01,8.373945929816781764e-01,9.473889254029781437e-01,9.171552273828507129e-01,6.066580653796205258e-01,9.473489756520869776e-01,9.600735311091889157e-01,6.031339507449550164e-01,9.391486916223348302e-01,4.100129457792285326e-01,7.299580436526804661e-01,6.706966431061693878e-01,6.112079387624668181e-01,6.537921536794779609e-01,7.621801593866165403e-01,2.805336314441462808e-01,6.599586122082887751e-01,8.779910201360199284e-01,8.564194190038467713e-01,9.439418387053969406e-01,5.239075584410215480e-01,5.551564460663223066e-01,4.761639330714647622e-01,6.189041284982357283e-01,6.752962946189552396e-01,8.741150775600823319e-01,7.532393247525330793e-01,8.670834683698888101e-01,3.365492066009562189e-01,8.960770207679010779e-01,9.015256441048938862e-01,9.409002569152778994e-01,6.555129752059556392e-01,6.411955071182209309e-01,6.088439140546862971e-01,4.510854251984023899e-01,9.963266673276585106e-01,7.120984815029001158e-01,5.020259216407824132e-01,7.208324006455096855e-01,4.899813179778137462e-01,1.624443895398179349e-01,2.080082561151758713e-01,8.049331477439559679e-01,8.893916588772244891e-01,9.488661977779228041e-01,9.519942990746121936e-01,3.653606043877610232e-01,6.747033866747347286e-01,9.281565953503927435e-01,5.605848551106753508e-01,7.228360809204863457e-01,3.328739026418967573e-01,4.292138546071783134e-01,9.532592088618632165e-01,4.019434842479586711e-01,8.724784563153727968e-01,8.299273312377365430e-01,3.914962373833087428e-01,6.485702959831860515e-01,6.590347858467431319e-01,8.784401179911639490e-01,7.554055461701013607e-01,5.513298615270350034e-01,2.733937936942849589e-01
9.227957322617488245e-01,8.932870525773727310e-01,6.278711986734113459e-01,8.593609513384747878e-01,9.067285118380380426e-01,7.220135652881436439e-01,6.388873761832012388e-01,4.511294216798046874e-01,8.710177231662122876e-01,5.975040535076524550e-01,6.990732332911323565e-01,7.871046262579149966e-01,4.187990806731193838e-01,4.155639121576172323e-01,6.085382416148795715e-01,4.380057239580145700e-01,9.853202338912682157e-01,0.000000000000000000e+00,7.594054383107082806e-01,8.081950604278036465e-01,2.097134168299427393e-01,4.160573407800292611e-01,9.458081481760967080e-01,8.709187717185751243e-01,5.173580760773532905e-01,8.356603990519120284e-01,5.590484938350057664e-01,6.232241643450024959e-01,1.861165951602166135e-01,6.843121090009145480e-01,8.878063426187006169e-01,8.599354832261385528e-01,-1.388979820430475409e-01,9.711388552065433055e-01,6.950849771118596809e-01,2.936290808157193122e-01,6.286392475236153576e-02,2.262233928345421252e-01,8.715475580515081866e-01,7.245879318717739492e-01,8.717963618523865144e-01,8.458776131646795760e-01,6.287514674079768273e-01,8.471557214013323289e-01,7.634066155468892667e-01,7.107264230761365376e-01,4.257574015522191391e-01,8.599814351013882474e-01,3.758309508043079505e-01,6.274714115030836092e-01,9.386525969365353550e-01,6.349358613401664408e-01,6.076926639098737537e-01,6.149755363829563226e-01,8.732113965097425545e-01,6.847641313420247400e-01,4.079194198243516478e-01,8.438392245812038617e-01,4.805214867904032960e-01,5.290670954978492491e-01,6.094968759117993518e-01,5.615997938089858366e-01,9.785719686972373932e-01,6.481442490083226815e-01,9.501826780167142994e-01,6.339223661514147290e-01,7.141249932035459436e-01,5.450939197695835459e-01,7.990492468952548055e-01,9.600463486549269954e-01,5.109970229416679333e-01,2.919402475072620518e-01,3.294733368563306231e-01,7.131090715087752274e-01,6.546275183253399410e-01,8.893902547882164278e-01,4.041827535872266064e-01,8.032906953071309308e-01,7.024968432678999619e-01,-1.038268513610383220e-01,9.850968135412552229e-01,5.369228932762636353e-01,9.425609926063223121e-01,4.197787335151971222e-01,6.752123489948512747e-01
