0.000000000000000000e+00,9.315252907025902696e-01,4.966107137248616521e-01,5.223480588167758176e-01,7.280956375099763012e-01,9.968813025763219038e-01,6.508307129724671958e-01,9.951327236501770201e-01,9.244887168735314020e-01,2.510507142655198365e-01,5.286762254879304734e-01,4.521032181348940138e-01,4.574677409159589314e-01,9.357364284098420582e-01,9.080499535443352643e-01,5.652465277508093022e-01,9.499967050340007990e-01,7.440158846213010824e-01,4.463786906145480460e-01,8.897744083627364686e-01,6.477479846653979578e-01,9.904952063191847511e-01,5.363984007443821644e-01,9.917226817102358094e-01,7.037192655639823435e-01,1.193076695451389564e-03,9.269171794094683836e-01,6.218840276280219737e-01,3.253587503088405386e-01,2.188293777486910729e-01,5.713183691333139080e-01,5.085064047810198273e-01,9.989807392436285127e-01,6.604697467888674955e-01,7.525110045013263527e-01,2.084385160561512129e-01,4.481181459995074445e-01,6.988824539215632292e-01,9.168142461355496264e-01,9.943817776855637947e-01,7.347320605752740708e-01,6.872891766018326409e-01,8.291493604254455141e-01,8.607078409741362179e-01,6.839509818203992619e-01,6.438111017261072266e-01,5.325367590607456014e-01,9.708271684218539033e-01,6.950957188417894450e-01,9.753861112982402659e-01,3.996728628886426771e-01,8.944471938781798359e-01,5.548916605524556456e-01,7.498321956263350740e-01,6.775023844504127757e-01,8.692405404426893634e-02,7.455255632329835791e-01,3.345543449452434981e-01,9.032533208122180968e-01,1.456080024506676007e-01,2.900112976439545576e-01,9.243151003910223817e-01,7.972560439375728780e-01,9.136057573989796454e-01,8.707767016307466079e-01,8.288925056391684976e-01,9.876090776483977818e-01,7.378588843931216390e-01,7.166443105198582186e-01,6.207947097107852086e-01,9.502594106709731925e-01,4.354082895398128650e-01,4.275212212306986892e-01,3.616976909263869833e-01,5.966284368789728232e-01,9.956250322056554580e-01,5.231116333131857754e-01,8.230223145238735327e-01,3.392799714295479663e-01,4.322944830273812711e-01,3.594020340183932127e-01,7.794339628334737702e-01,8.167609792678417469e-01,3.467379188659147626e-01,7.891019542616646287e-01
9.315252907025902696e-01,0.000000000000000000e+00,9.191021159108524463e-01,3.622848085623626979e-02,2.581474991237474037e-01,8.567849024975892069e-01,5.036652985949939820e-01,5.778245903417902340e-01,7.519393316330386101e-01,9.395401698780533328e-01,6.941516586063548599e-01,6.065879592465804881e-01,7.480775594455898458e-01,3.917229071380389227e-01,3.457230188477273813e-01,9.555693061369516794e-01,9.131932068262814672e-01,7.044272608788968437e-01,4.367532547494141215e-01,8.486357958310279948e-01,8.792462050250809957e-01,5.244136958434992835e-01,5.221322595348277806e-01,9.061090863026964870e-01,5.865641365281082376e-01,6.767735028975346845e-01,6.363903891849858052e-01,2.352672114711094609e-01,7.105907905719855977e-01,3.924111548417691941e-01,3.807371614248017955e-01,5.000911742183231645e-01,9.249742710090326225e-01,2.255364755300535429e-01,6.590054885729982326e-01,1.982680082920540710e-01,4.185577015449410410e-01,7.668513736686108917e-01,7.495011896806427210e-01,6.276171471356373210e-01,5.420446899585987799e-01,6.664683384812292166e-01,7.223638740524311874e-01,8.756308745750321920e-01,9.637820160259512603e-01,9.611773087602724086e-01,9.960268535020465608e-01,6.257920853771904435e-01,4.333973658803161322e-02,5.276395574693149015e-01,7.724662311599630460e-01,7.686279601186164490e-01,6.975457011652643757e-01,5.552004106373327197e-01,2.478433203882623448e-01,4.870395933172183556e-01,4.010158924946055636e-01,2.050826707979960528e-01,9.873810167478257460e-01,-5.857631468060708890e-02,5.499101057149617944e-01,6.232985832108776103e-01,9.358561648031918923e-01,2.689939459055999960e-01,9.575515408513091131e-01,4.831635591937665231e-01,8.547609826912360154e-01,5.147562303318823362e-01,8.819970123118664462e-01,1.790966637812759221e-01,2.286602251576853040e-01,6.577610162001142902e-01,6.408789283287960048e-01,2.976693755492142990e-01,6.822329157326459947e-01,4.786480071129189939e-01,6.724919396865979282e-01,5.248589659678928321e-01,3.102362230369338780e-01,4.667253487455195193e-01,6.636793527712909757e-01,7.487699266015237498e-01,6.177100546049403285e-01,6.560444955865522010e-01,6.206749356186082034e-01
4.966107137248616521e-01,9.191021159108524463e-01,0.000000000000000000e+00,7.330832206633339787e-01,8.525432438049983519e-01,6.760562984242641793e-01,9.960152946718614508e-01,7.682576269313745598e-01,8.126302333578829806e-01,9.632424366939157379e-01,9.454661725401305450e-01,7.002401857618122394e-01,8.581076043151798505e-01,9.545391817964274939e-01,9.893397706284227100e-01,8.752976647873411675e-01,9.139773298418413239e-01,8.665582013340723533e-01,8.401679467070349849e-01,7.835680950893082475e-01,4.358380959050268677e-01,8.052383147659014639e-01,9.627906508381225414e-01,3.791237257478230829e-03,7.767947874892728866e-01,8.724594959646101433e-01,5.755927636164248629e-01,7.181376723762417091e-01,5.867826184979143544e-01,4.410712630474724061e-01,2.225821829756897130e-01,9.901559296881389249e-01,8.676098194915372597e-01,1.450701245971044162e-01,8.726466224261215654e-01,5.904983770476768257e-01,5.519950718332929940e-01,4.896318288128489460e-01,8.772002098477758025e-01,9.696780576713877053e-01,8.544073219092751525e-01,5.937492805487212255e-01,4.951614427470399371e-01,3.310188186544633648e-01,6.740376972466831651e-01,7.231143078434333349e-01,8.027630936751122270e-01,7.598909068811805501e-01,9.168972653335660805e-01,6.317493953839226073e-01,9.167529485077345885e-01,8.528567594014561104e-01,9.405743813961023880e-01,6.356087424321236190e-01,8.683877628587154396e-01,6.398751718641433606e-02,9.651959345432185033e-01,9.574736521211830720e-01,8.887298397092238122e-01,5.549374987075967880e-01,3.342282872985117281e-01,9.256598045090966842e-01,7.713560010200652961e-01,6.659837299640529729e-01,8.942561071544588014e-01,8.368209441187146602e-01,7.293989931069788657e-01,6.562988244108085567e-01,7.229820101762528539e-01,2.032070087801493563e-01,8.593589104262461253e-01,5.745255383087153334e-01,3.384480499740590287e-01,5.201123125974751460e-01,7.023252328451419224e-01,9.907779587391754017e-01,6.942073385343426883e-01,9.055145346718670440e-01,6.591559424237569687e-01,2.994929909625598241e-01,8.481156165137717640e-01,8.830490979271294893e-01,2.142768171320384163e-01,7.204030650742837549e-01,9.765625174090969418e-01
5.223480588167758176e-01,3.622848085623626979e-02,7.330832206633339787e-01,0.000000000000000000e+00,7.663230087892789477e-01,8.525381197886279239e-01,6.239129225037857163e-01,4.335434915981625226e-01,5.177280571848639212e-01,4.326627910118773235e-01,6.852947314891942865e-01,2.385533389192499021e-01,9.022341385108034739e-01,8.080662827171148921e-01,8.976483215460162590e-01,4.564282394558874523e-01,8.752717933853435550e-01,4.057497868636047444e-01,8.625895532423824008e-01,8.274658873044330454e-01,8.909075412635913960e-01,6.867598984428505693e-01,9.478241808980374383e-01,9.499656499235751284e-01,4.526473738018743642e-01,8.470249952612342037e-01,4.665045154089038637e-01,6.982371289398585645e-01,7.713767631490836552e-02,2.192322834175366442e-01,6.566101422330967718e-01,8.890529106818372274e-01,6.467820283793183078e-01,8.377706223843219835e-01,8.145258230877415739e-01,7.463354103843358178e-01,2.106057367646857192e-01,8.834587789112423595e-01,8.492877834930492309e-01,9.803346062177826781e-01,3.576787683729867329e-01,9.350364271304287822e-01,7.909865219062433006e-01,6.567034470536192714e-01,3.582595648591844206e-01,6.986022938800409143e-01,6.379470896385366907e-02,6.364342885391500726e-01,5.408267585100209329e-01,6.697824099445935930e-01,9.493227291487862374e-01,5.839289887138652269e-01,4.940927666189725009e-01,7.627336990779649550e-01,8.944298364772349519e-01,8.724879553331714721e-01,-4.296790563416438835e-02,8.827573065448032219e-01,9.497156022638489903e-01,4.320718963014188452e-01,6.775278531207682420e-01,9.322913103441629046e-01,7.337460129107120643e-01,7.278293694608460873e-01,8.775309916439246738e-01,7.658944092709933926e-01,2.790058493961800057e-01,8.124306740511545444e-01,6.884419254894341700e-01,9.102641298845293161e-01,6.080661185096531973e-01,-5.903337943136133248e-04,4.907987654396871458e-01,9.321115512709696738e-01,7.527135088417145070e-01,9.080072354278295732e-01,6.893875536554545658e-01,6.998140135223931413e-01,2.466346311003682346e-01,1.057191546947698763e-01,6.829616595175642679e-01,8.004873666832591494e-01,4.300598822971979374e-01,1.375471504382715093e-01,9.130432875377840762e-01
7.280956375099763012e-01,2.581474991237474037e-01,8.525432438049983519e-01,7.663230087892789477e-01,0.000000000000000000e+00,6.003727118647654848e-01,4.562523634673360529e-01,7.123844221423184520e-01,7.727199319711657299e-01,7.475171157231091934e-01,7.379259961621991160e-01,3.150596499920316207e-01,4.830916306383533643e-01,5.217126914217967704e-01,8.288405585478429982e-01,4.261933733794139867e-01,9.105403168517387513e-01,9.060559502384495367e-01,9.204219263291107955e-01,8.395827939861244538e-01,7.259699549418439091e-01,7.542151757196542405e-01,9.220357929475095915e-01,6.677111848365278046e-01,5.970167528736749496e-01,6.529732985926584021e-01,8.242447069335755439e-01,3.803429727859569121e-01,7.703242672534750257e-01,5.217334830849696958e-01,-1.387933678475208876e-02,9.165696335133054484e-01,4.779065629415370497e-01,9.553480665355933432e-01,7.491846902805845421e-01,7.175563899078755137e-01,2.916851098872494941e-01,5.954340109952096505e-01,7.851879547095667045e-01,6.222750237732436185e-01,5.074945385651881136e-01,6.341941929562805447e-01,4.800387911054619927e-01,4.379245217230973153e-01,6.743871996997210516e-01,7.129517310328220558e-01,9.945523154495006235e-01,7.987555942210270432e-01,4.289828211944505809e-01,6.289534437212291884e-01,5.611618741881851946e-01,-9.547526538756916092e-02,3.366262847307106565e-01,6.731858046424346043e-01,8.769444439685784021e-01,8.161619749678609148e-01,4.041215988312039098e-01,2.081812713416139327e-01,4.642401572078759808e-01,9.775545581894946878e-02,6.537478289399429876e-01,7.561326408916962949e-01,7.239634380847608242e-01,4.106944051276796848e-01,5.953704778740602777e-01,8.525007551775545256e-01,9.671050347600350650e-01,2.330123942106787638e-01,-1.119534141144685468e-01,6.443391102473056131e-01,6.214378957438785323e-01,5.437839861745272785e-01,8.460023111020968933e-01,5.131170410943723947e-01,2.283004043502291913e-01,6.064290396126358340e-01,8.596999691756511686e-01,5.149877229540953394e-01,2.984947384989526942e-01,4.226609214081836763e-01,5.110736013731289606e-01,8.075885080236953062e-01,6.933242164891948445e-01,1.932253451948418022e-01,5.373300859958444198e-01
9.968813025763219038e-01,8.567849024975892069e-01,6.760562984242641793e-01,8.525381197886279239e-01,6.003727118647654848e-01,0.000000000000000000e+00,6.828676169088474524e-01,6.655489851879918817e-01,4.778653017951666193e-01,6.196686020686200669e-01,2.172251072251640547e-01,6.512485366953337795e-01,6.159095238757456015e-01,9.816171352338283196e-01,4.782638798991691864e-01,8.896592352363461575e-01,8.605698048351571039e-01,9.456945587060616720e-01,6.656158048415991013e-01,7.543517457379895763e-01,4.175890494997898106e-01,2.272732133286876899e-01,7.783929126542332710e-01,6.140298380656503685e-01,6.994111102303094407e-01,8.710736960622134095e-01,9.734250159294570715e-01,6.721499435787307020e-01,6.617429783216693950e-01,-1.776819537718888065e-01,5.934163483336738487e-01,9.725711892338392284e-01,7.283422760482166636e-01,4.133665179889335350e-01,4.388621975895077437e-02,3.558074522538294815e-01,4.017704365284053836e-01,6.280825060286141515e-01,9.917858290397212340e-01,6.736853402977758254e-01,7.351133618230467626e-01,5.879167265563614020e-01,8.529615830563817003e-01,6.468719487977256932e-01,5.059127981350441949e-01,5.532229995353312724e-01,6.582010374777305106e-01,9.805317570474698652e-01,6.572759991897777487e-01,4.630255373914297090e-01,7.843991811269332981e-01,3.691427706564834876e-01,8.793535610154376014e-01,7.571981189357462894e-01,8.617062678762749117e-01,5.574795353605769277e-01,7.449493395842456955e-01,7.628354622039452693e-01,7.153898214131801936e-01,5.410854123302129004e-01,4.565760716321435320e-01,2.530567243750703188e-01,8.171816762834521741e-01,4.214739426969830727e-01,7.401475271878739104e-01,4.867932975940971740e-01,8.985281576737024212e-01,8.951111388464527696e-01,5.532592576911793403e-01,4.329761982208869542e-01,9.657408990951369399e-01,7.838480954208536522e-01,4.588185432282037568e-01,6.094062739389232153e-01,6.857858677241824852e-01,9.371760124862088537e-01,9.278341648264178954e-01,1.457976851350321623e-01,6.637910827405167913e-01,4.329439837418138093e-01,9.710965743889324875e-01,9.555326628786127152e-01,7.644095756703248590e-01,7.662427158142702532e-02,5.006459059015512247e-01
6.508307129724671958e-01,5.036652985949939820e-01,9.960152946718614508e-01,6.239129225037857163e-01,4.562523634673360529e-01,6.828676169088474524e-01,0.000000000000000000e+00,4.522523004029561644e-01,7.506925223756613086e-01,3.538291887070734720e-01,7.201948993795708187e-01,4.988455185001485770e-01,8.949841834555642972e-01,3.124723071430147714e-01,6.358880332342791153e-01,4.083764866992873888e-01,8.351736008378097820e-01,4.454232815572333748e-01,7.958130766532200973e-01,2.723367525683982326e-01,5.401715898296925999e-01,8.540880820043457444e-02,3.467824695530564716e-01,8.615943903812718352e-01,2.176295258520567211e-01,4.894015169091440742e-01,4.211223911603181325e-01,5.263126312990760169e-01,9.118316367448372484e-01,5.199285032907167148e-01,2.383830716188029553e-01,8.735917914067745649e-01,3.080870866950561338e-01,5.007646572555527476e-01,4.850174906857178669e-01,-1.783224032079994137e-02,5.311026799111416841e-01,1.442520392052821510e-01,6.068558565654921244e-01,6.459948828068285964e-01,2.161645301359603200e-01,7.717243736870483817e-01,5.107281165852985971e-01,4.651420592875281645e-01,9.005154943505643272e-01,9.555270825851216454e-01,6.640237057454910774e-01,8.122262244170250778e-01,1.513083284465948919e-01,6.987712538351636971e-01,4.436806706022038971e-01,4.034525277335687665e-01,4.787558724841263214e-01,7.847102926076585661e-01,2.264637419811169061e-01,5.152873467341807512e-01,5.318311985127334163e-01,5.983766162138941525e-01,6.091442119798629040e-01,6.921284166559890094e-01,6.763473248796184611e-01,5.270419382639007777e-01,5.206550517006803824e-01,5.770869178162858493e-01,8.836729805262953930e-01,2.858544441087728094e-01,4.640997866648990944e-01,4.585326510359649110e-01,5.156674397172907875e-01,8.343669172236993781e-01,7.354914521942721439e-01,6.459669060261483686e-01,4.210332297313742478e-01,4.952271894873575553e-01,4.330667973507648649e-01,4.022915844395815732e-01,4.685728505694439772e-01,5.744264241027351447e-01,9.638249313341470392e-01,1.433051466545715857e-01,5.234379502559433073e-01,8.273190740001670207e-01,5.970839016203308702e-01,5.803015584362106738e-01,7.039322630068275410e-01
9.951327236501770201e-01,5.778245903417902340e-01,7.682576269313745598e-01,4.335434915981625226e-01,7.123844221423184520e-01,6.655489851879918817e-01,4.522523004029561644e-01,0.000000000000000000e+00,7.972065154029660539e-01,6.977655346393264457e-01,2.309532911238963426e-01,6.748088868813360008e-01,6.401590112001416255e-01,7.238152854009834991e-01,2.447439350968783622e-01,5.266542009486290254e-01,8.588901127555259585e-01,4.669248377803578709e-01,2.781555460683905467e-01,5.749369025793726884e-01,7.443816770409529271e-01,6.592598047013723539e-01,6.172202710434226969e-01,9.592186530418326251e-01,4.151530846260569896e-01,5.117034776096485160e-01,9.524534159798323518e-01,2.567244658001497926e-01,6.707664404002177116e-01,5.710467471449207633e-01,6.725823312115161157e-01,2.196825077222290257e-01,7.046427147150270409e-01,4.552029182434050858e-01,5.239566984586618847e-01,5.342745673872417722e-01,3.830591978410424203e-01,2.696330898795435416e-01,8.184320603947947692e-01,6.177323352562481551e-01,5.387521547510153441e-01,8.939812881897889474e-01,6.676613533571553738e-01,3.745493177293651721e-01,6.990431464412815155e-01,5.986787146008814009e-01,5.867390164363747163e-01,4.343674382293845060e-01,7.010350320865266216e-01,5.643864546851653508e-01,5.295052303040682640e-01,6.351303265073691140e-01,3.847609575931059123e-01,7.963520119637209627e-01,5.838064718624984550e-01,7.831029720737044952e-01,5.970581842259702343e-01,6.538178367831899429e-01,5.719299956041855593e-01,4.442934218698693094e-01,2.100538286835887392e-01,7.181111576616271419e-01,7.156647885432091405e-01,8.094966245978366670e-01,8.894693568086812219e-01,6.788350971738059680e-01,6.195358664412765615e-01,8.127746642789186460e-01,8.840376538346473856e-01,9.541395551490882143e-01,7.059577185716254810e-01,6.527673598834700108e-01,5.479312041260842037e-03,9.780190765415747167e-02,6.929439173513320949e-01,5.854113453105621590e-01,6.756270242169145623e-01,7.788970723904076188e-01,6.854062958442581621e-01,1.656148726663128623e-01,5.985378734938934242e-01,8.335856253639347679e-01,7.507645896243766437e-01,2.565333723103196961e-01,6.196775902545935688e-01
9.244887168735314020e-01,7.519393316330386101e-01,8.126302333578829806e-01,5.177280571848639212e-01,7.727199319711657299e-01,4.778653017951666193e-01,7.506925223756613086e-01,7.972065154029660539e-01,0.000000000000000000e+00,4.587232908573246615e-01,7.490590434233380668e-01,7.549531620679003074e-01,3.191101841452989585e-01,8.486893923865826972e-01,7.300242557678123800e-01,5.682923006148856704e-01,5.798367385615768033e-01,4.218872696044544401e-01,3.301265971760324325e-01,3.323476891549270729e-01,6.691557728308538122e-01,5.122124539928162301e-01,6.368121087439544414e-01,9.810430669171328333e-01,5.557554015165522276e-01,9.466029966060662826e-01,9.546383045086440644e-01,5.564357648122152389e-01,1.239842659829351323e-01,4.487143701935032980e-01,4.152783385888706436e-01,6.755278186204929369e-01,6.927038921022081464e-02,5.525689729648829429e-01,3.185097321569954620e-01,3.029491410596062972e-01,4.097208968436917842e-01,7.128752084476500661e-01,4.104718214186682257e-01,7.090206473224043293e-01,3.083690028735318611e-01,4.374389677581257407e-01,9.060415556717223984e-01,7.127122960251631723e-01,9.345289636417984935e-01,8.292023369126291232e-01,8.991881063636399940e-01,7.856212267132720584e-01,8.089959132889080681e-03,7.681339019137428670e-01,7.275222660480760162e-01,5.861476770223962296e-01,6.057433348458965972e-01,6.819625721945394847e-01,7.114514891220391490e-01,7.081166936064149375e-01,7.057377696381978982e-01,9.252153960894427334e-03,8.697711479567447057e-01,7.022510335961320571e-01,6.421719815561574007e-01,6.383182692427259441e-01,4.851503243988493086e-01,8.709346431668695265e-01,8.585119872581291611e-01,6.840908607920386242e-01,3.805554420293278950e-01,2.492321927587279884e-01,6.994752835259137047e-01,6.335634668609798625e-01,9.182353401820988470e-01,6.618639819904872379e-01,5.065397570498567648e-01,5.583505250328326674e-01,4.354935121750855842e-01,6.127986258022740662e-01,5.329414765711587565e-01,5.548394296711474105e-01,4.861206416561208998e-01,1.790903135194241852e-02,7.463250952842457320e-01,4.880775416102424713e-01,4.789999348009573721e-01,6.437460758069096789e-01,8.420387236191871905e-01
2.510507142655198365e-01,9.395401698780533328e-01,9.632424366939157379e-01,4.326627910118773235e-01,7.475171157231091934e-01,6.196686020686200669e-01,3.538291887070734720e-01,6.977655346393264457e-01,4.587232908573246615e-01,0.000000000000000000e+00,4.094371804135679138e-01,6.377807810468726357e-01,8.230364213270524587e-01,4.593085712298922707e-01,9.865276171795031024e-01,7.811169480576097834e-01,5.740197617650514283e-01,9.764749842534112823e-01,3.045963896554412798e-01,5.145491077762829463e-02,7.782713052240595175e-01,6.380506521253710428e-01,7.958717546627559480e-01,8.659149725814752063e-01,4.634049958816869874e-01,8.158246151124649570e-01,6.196036967038014431e-01,8.836307404339630578e-01,2.783034554417545547e-01,2.538253541296708882e-01,3.814137791590843651e-01,6.190070082260883400e-01,9.284279206429357778e-01,6.734673413250266139e-01,4.682708242491335215e-01,6.300577916761458397e-01,4.619073533203330584e-01,8.011200744136647289e-01,5.095275767669996680e-01,7.884353988418242309e-01,3.237698981529237852e-01,7.676926099215992672e-01,9.861523755766796739e-01,7.094350900194849041e-01,5.194933077397587834e-02,9.477790090384068389e-01,1.205144557953174989e-03,5.759008379669238176e-01,6.598080934255917684e-01,2.337181942496263098e-01,5.742795117152490469e-01,3.960863007951624937e-01,8.656379394355419032e-01,8.245016720964993828e-01,5.288421648200074543e-01,6.994826698537649490e-01,4.446428657116920369e-01,8.777319102646813365e-01,5.779279110957797894e-01,7.658516334423712824e-01,5.191223971614613575e-01,4.938693002390462938e-01,9.055094076646847956e-01,6.784652330475168247e-01,9.142577405094964860e-01,3.678577798954899558e-01,2.329797700082472667e-01,6.382991142336556789e-02,9.731324938404933844e-01,7.780542117361355370e-01,9.029562581070627036e-01,5.591202013864111642e-01,3.753257863160269076e-02,3.188009811597040666e-01,7.010937216118231508e-01,6.103611771279083831e-01,5.230891456280981622e-01,4.619167158651050764e-01,6.092267936571188480e-01,2.700839194570315294e-01,6.917156223891431921e-01,6.842898098851258881e-01,6.763351608737353526e-01,6.059958024682476907e-01,7.801855725193753699e-01
5.286762254879304734e-01,6.941516586063548599e-01,9.454661725401305450e-01,6.852947314891942865e-01,7.379259961621991160e-01,2.172251072251640547e-01,7.201948993795708187e-01,2.309532911238963426e-01,7.490590434233380668e-01,4.094371804135679138e-01,0.000000000000000000e+00,1.884514161719815506e-01,7.057802542687803271e-01,1.159301746243603520e-01,6.343867465025015973e-01,4.966870941218912150e-01,6.804825281282483873e-01,8.518773854820065328e-01,6.815473080497781444e-01,6.527530589705696773e-01,7.623065152158325919e-01,7.132569589744193195e-01,8.701637401667150495e-01,7.457893459951376869e-01,7.469209480150219571e-01,6.867473695963240976e-01,9.078944826205803675e-01,7.807436801732423604e-01,6.709462280101134990e-01,1.202755200786227996e-01,-2.349264758225920735e-01,9.289113813802142294e-01,2.753589945217840840e-01,6.030112387559904974e-01,6.227528724707087626e-01,4.304836554964009965e-01,2.927659575464502950e-01,5.132358433983067458e-01,9.691152551962390893e-01,8.889597286502919360e-01,3.086074798151455800e-01,6.294091139362776310e-01,8.547031092115976447e-01,4.085403373486496958e-01,9.504893208570277530e-01,8.892160258011360119e-01,8.493408866248308708e-01,4.886107327036136594e-01,4.944551690903570829e-01,7.620961768736865816e-01,4.473248802549050773e-01,7.985772483659858700e-01,6.642041146765166326e-01,7.525063053352130105e-01,7.499414928869700958e-01,4.743362158523481420e-01,8.140330737295302654e-01,6.753137845910255344e-01,5.154430289464524417e-01,4.895985357931458282e-01,4.621747034727102799e-01,4.769115625890721355e-02,6.146953625449262937e-01,6.363545262659180413e-01,7.932940750639166927e-01,9.642842193689811214e-01,5.428729989468050743e-01,6.878736233257031207e-01,5.778177522825875823e-01,7.794114314796229959e-01,8.827525083266519745e-01,7.365220499066089666e-01,6.132224068906513281e-01,7.438232479373252382e-01,6.298876128537950203e-01,5.142984196404650765e-01,6.256585361263475864e-01,6.137789694881086167e-01,5.280179812128702466e-01,3.600598840566452963e-01,6.291083017514874642e-01,7.016664012764446401e-01,7.883991852765748209e-01,5.387966354341710007e-01,7.126094690106841156e-01
4.521032181348940138e-01,6.065879592465804881e-01,7.002401857618122394e-01,2.385533389192499021e-01,3.150596499920316207e-01,6.512485366953337795e-01,4.988455185001485770e-01,6.748088868813360008e-01,7.549531620679003074e-01,6.377807810468726357e-01,1.884514161719815506e-01,0.000000000000000000e+00,8.125739262150669662e-01,5.080203159058631623e-01,3.789424245520999213e-01,6.118484046949244082e-01,7.040221291468625742e-01,9.106571521394225543e-01,6.012039641688872171e-01,9.742739918553360301e-01,7.585011338194227459e-01,8.072603371552311557e-01,6.047403785367335693e-01,5.536928287162990424e-03,9.636931657735436918e-01,7.144908981320301500e-01,4.175687325314628162e-01,7.139366661229901156e-01,5.797914032025948128e-01,3.927564869855761365e-01,2.366543242772165823e-01,4.997517514441807140e-01,9.034513505390534549e-01,5.166715962966970110e-01,6.199613436070101624e-01,4.919576347068242428e-01,2.971701039529872079e-01,6.774552731012765117e-01,7.337255257172912160e-01,8.542384948619559104e-01,5.870840170287660031e-01,6.248687154380051512e-01,2.543953392986155193e-01,9.756735444281446901e-01,1.044386455267625469e-01,4.629046220172262638e-01,6.736117259747678165e-01,6.534523518295762834e-01,2.225005914985730970e-01,3.543670514952908246e-02,2.082532699550142530e-01,4.994635832664974240e-01,7.023478637896910515e-01,4.345149557395440176e-01,9.835836707125199530e-01,6.231078750487522022e-01,5.782217887870866324e-01,9.509726871183497021e-01,7.884777135313949525e-01,7.925363008673437237e-01,1.405327381824326288e-02,6.056420807222641089e-01,8.687483895820719004e-01,9.737245582403130095e-01,7.056037821057076220e-01,8.507830255878755521e-01,9.646972084900888866e-01,9.532045262662768303e-01,4.841261102585943665e-01,6.037781534774612213e-01,8.475355067364021000e-01,7.081124228095740936e-01,4.419270700212206138e-01,3.437736407755014323e-01,4.331291657817865071e-01,8.146659005145232557e-01,7.365765281445370016e-01,4.831990825057681516e-01,1.265354736987591433e-01,3.644768465147376069e-01,5.748016156415772793e-01,9.330995697329591554e-02,9.451121439859518913e-01,4.177041670184758471e-01,7.969312306040359228e-01
4.574677409159589314e-01,7.480775594455898458e-01,8.581076043151798505e-01,9.022341385108034739e-01,4.830916306383533643e-01,6.159095238757456015e-01,8.949841834555642972e-01,6.401590112001416255e-01,3.191101841452989585e-01,8.230364213270524587e-01,7.057802542687803271e-01,8.125739262150669662e-01,0.000000000000000000e+00,9.853788666391753992e-01,7.936598000382699691e-01,6.884115786342080989e-01,6.648696217680314380e-01,9.804148542388707588e-01,6.649394789365377090e-01,5.000989345548711995e-01,6.982450926479082387e-01,9.559701351247172907e-01,7.689927480352237721e-01,8.976442957096931741e-01,5.660014281164107430e-01,6.114355915122587914e-01,7.432193923788527057e-01,9.869894009966055926e-01,5.845187596790484275e-01,7.576027281065538244e-01,5.688731944655858186e-01,8.426019350045172995e-01,6.383511969778629114e-01,9.362113498149940982e-01,7.472742986326605941e-01,2.816372637438805948e-01,5.400007951246180160e-02,9.385548638094876051e-01,4.998939906547570367e-01,6.338723444723255440e-01,5.624255922709751054e-01,8.549958761145659558e-01,9.440828522045242588e-01,6.931966043035154845e-01,9.495943328718916554e-01,6.345194699816987249e-01,7.104154693843389712e-01,8.587920440729140958e-01,7.042536486946998631e-01,7.579609286447460681e-01,9.840457146821205425e-01,7.116810494603192927e-01,3.559815051687307275e-01,8.583926986529029080e-01,7.006657358355065091e-01,2.753067779577060281e-01,7.567231672631382633e-01,7.673132923881154088e-01,5.052430995918275602e-01,6.990845223880958192e-01,7.979299996231131731e-01,6.451027796878970877e-01,9.133636387079711039e-01,5.072201606573986110e-01,8.171201610859863962e-01,7.253612817003759483e-01,6.269997150800400432e-01,6.827890248562098474e-01,4.502854481671029196e-01,7.239202046273767177e-01,8.791151832683691270e-01,5.865670966696710092e-02,7.866281107516528426e-01,6.393461125040349469e-01,7.496099206175782514e-01,8.597516322953810963e-01,7.451368671889003759e-01,8.833658771129806464e-01,2.674874328883815044e-01,8.327524267037345052e-02,4.241448928804565921e-01,4.495956090282584028e-01,6.413715141103549788e-01,6.876569325559224177e-01,6.488973911982540699e-01
9.357364284098420582e-01,3.917229071380389227e-01,9.545391817964274939e-01,8.080662827171148921e-01,5.217126914217967704e-01,9.816171352338283196e-01,3.124723071430147714e-01,7.238152854009834991e-01,8.486893923865826972e-01,4.593085712298922707e-01,1.159301746243603520e-01,5.080203159058631623e-01,9.853788666391753992e-01,0.000000000000000000e+00,8.787791870546398654e-01,2.605774985423061629e-01,5.688645912028180707e-01,9.045785615656728451e-01,3.056565401143637173e-01,8.356761611424703418e-01,7.694522779530977852e-01,8.516423638146020103e-01,8.685837217772660601e-01,9.878383938591923652e-01,4.196522852064354936e-01,9.658773456650744382e-01,6.227117055050241934e-01,8.723600396075918972e-01,5.993138278096228344e-01,5.355987009718110592e-01,4.268225302848583924e-01,8.730033580623642875e-01,8.765766314012339855e-01,6.384092836548616035e-01,6.243892718334050906e-01,1.009216101536449389e-01,3.509973139493375305e-01,4.824345663585637989e-01,4.352649025219776924e-01,8.837855533633263150e-01,2.729269173792676084e-01,8.531448159027379408e-01,7.992002180070032491e-01,9.762865760341107313e-01,5.260765592903289267e-01,5.514811245761723768e-01,8.780609709296399723e-01,7.064510118013725970e-01,7.350918659419487522e-01,4.638184033559604180e-01,9.475267376768681249e-01,7.612101873366977633e-02,7.678619662577541582e-01,7.384424874889043977e-01,5.057485296851397250e-01,8.208980960599842058e-01,9.150376797678546614e-01,7.034389695952961707e-01,4.483447256355326260e-01,6.481575409856561443e-01,4.644759300238321398e-01,6.514759484263137335e-01,6.731837672596198141e-01,8.505513338122712153e-01,4.139811156762506772e-01,7.539660026240820878e-01,4.163915495037397441e-01,6.189500762769259978e-01,7.858883270395056186e-01,7.357255532475228677e-01,6.334932892554683281e-01,7.433340936979930813e-01,6.699680433205582597e-01,5.218012504410538682e-02,6.185094172253261524e-01,6.699459436179131533e-01,5.412237024800805596e-01,9.981408899352663955e-01,6.862115485600663867e-01,3.222416567499490347e-01,7.837305562948154725e-01,8.913842802308279412e-01,6.469241319198800744e-01,8.194223226416288419e-01,8.750778243253365396e-01
9.080499535443352643e-01,3.457230188477273813e-01,9.893397706284227100e-01,8.976483215460162590e-01,8.288405585478429982e-01,4.782638798991691864e-01,6.358880332342791153e-01,2.447439350968783622e-01,7.300242557678123800e-01,9.865276171795031024e-01,6.343867465025015973e-01,3.789424245520999213e-01,7.936598000382699691e-01,8.787791870546398654e-01,0.000000000000000000e+00,9.114146024448303018e-01,8.959002594260138119e-01,2.757403008410622136e-01,5.296062267129698631e-01,8.246534737479569444e-01,7.737845394738317450e-01,8.124687555389739080e-01,3.113682947537504964e-01,4.526901768187283071e-01,3.165733439269033389e-01,7.552101657193519557e-01,5.234919346264974571e-01,4.597371957723625502e-01,7.799809373132700063e-01,6.858454866430583330e-01,1.741111552031768261e-01,7.885713210742988366e-01,4.646557525748738066e-02,8.476627923299610012e-01,2.074652975122775744e-01,3.540489903293062568e-01,6.247841908907996178e-01,7.671418125940735466e-01,8.379752162364857426e-01,4.293088173732568791e-01,3.799413197923228180e-01,8.697864320348605016e-01,7.193830965321774962e-02,8.064215736283252278e-01,8.337522337602359945e-01,5.549163662246265893e-01,7.426356024416796986e-01,5.270447590424630624e-01,6.414488622903249393e-01,7.862163382329410144e-01,8.628538433626854465e-01,7.130545470410831754e-01,9.603932026090575835e-01,6.428233075273116492e-01,5.794791566032437835e-01,8.417063714656369822e-01,4.391676219619974342e-01,4.928888370587951595e-01,9.309462756008513029e-01,7.685811611201307514e-01,5.036238973750904041e-02,4.362424108995380800e-01,4.597026827758289858e-01,4.236890018691470972e-01,4.801387611791571031e-01,6.584822788015682882e-01,6.448070553014706441e-01,8.548847868234564773e-01,7.360407155679700164e-01,8.977375779042171544e-01,4.791246033503024915e-01,7.533247298135086201e-01,9.913040462440800837e-01,4.090453868142776006e-01,6.563781216658509665e-01,5.399111051877384382e-01,6.386864178285700522e-01,5.702378737043167778e-01,2.633723407217837820e-01,2.379676925084779071e-01,2.624119764488417883e-01,6.535014765394684400e-01,7.884956959422121381e-01,7.034370070467538261e-01,6.407170479289248100e-01
5.652465277508093022e-01,9.555693061369516794e-01,8.752976647873411675e-01,4.564282394558874523e-01,4.261933733794139867e-01,8.896592352363461575e-01,4.083764866992873888e-01,5.266542009486290254e-01,5.682923006148856704e-01,7.811169480576097834e-01,4.966870941218912150e-01,6.118484046949244082e-01,6.884115786342080989e-01,2.605774985423061629e-01,9.114146024448303018e-01,0.000000000000000000e+00,8.399054912104050308e-01,8.759680476970097551e-01,4.980740825786404979e-01,8.868355038526041234e-01,5.090019439431243686e-01,6.810531338785161815e-01,5.268296121813770272e-01,9.331514114139879412e-01,6.813372301547201415e-01,9.879320878295714259e-01,9.705033343431703763e-01,5.081197443309964923e-01,6.151042189749940103e-01,6.246433380264270196e-01,1.893544071656372285e-01,4.202022373536455913e-01,7.950955335744398500e-01,9.801008818950294188e-01,4.561141398092597998e-01,5.253758762270571703e-01,2.948014083890325154e-01,7.963534569851842271e-01,9.603019996662074398e-01,8.053747805422439843e-01,5.003706810947287087e-01,8.772131989871799762e-01,9.541121835340306001e-01,2.756753749564201383e-01,9.725304477542715542e-01,6.331726886493018736e-01,8.252376533425505034e-01,6.761395428450637235e-01,6.218878030952756930e-01,7.285773326690991869e-01,5.613391214605655266e-01,8.906105393064586151e-01,9.804583097884889131e-01,4.560125524676562625e-01,6.262655172435309670e-01,7.119106477676111489e-01,7.162825276451695311e-01,8.037601275507303411e-01,7.897043479303045288e-01,2.736253809332300779e-01,7.994485193494079711e-01,7.084928247771500320e-01,6.153368719866671999e-01,1.913054079828083731e-01,8.912065011582364082e-01,8.498728136914524001e-01,5.162042260904946556e-01,6.446711086908896160e-01,7.593423827138884308e-01,4.909019515596091954e-01,8.477060574184700492e-01,5.187460093319830046e-01,5.711776981638732043e-01,1.892785617514314289e-01,4.569050470231288963e-01,6.535620054101729526e-01,9.129316581963707877e-01,5.007289321347488942e-01,3.688615593740538490e-01,5.626516345845884448e-01,9.821301186547417572e-01,8.422009069322634600e-01,6.676700508943029799e-01,4.431741061655519731e-01,4.568090614259266435e-01
9.499967050340007990e-01,9.131932068262814672e-01,9.139773298418413239e-01,8.752717933853435550e-01,9.105403168517387513e-01,8.605698048351571039e-01,8.351736008378097820e-01,8.588901127555259585e-01,5.798367385615768033e-01,5.740197617650514283e-01,6.804825281282483873e-01,7.040221291468625742e-01,6.648696217680314380e-01,5.688645912028180707e-01,8.959002594260138119e-01,8.399054912104050308e-01,0.000000000000000000e+00,9.357022644078548668e-01,8.259184299826048958e-01,6.458490963501807292e-01,8.005239010480855733e-01,5.915451024269138269e-01,8.100314428458611493e-01,9.882331741052831076e-01,6.898531919446473371e-01,8.036499050161959312e-01,9.028342664082970037e-01,7.127266395730816884e-01,6.034139211468430020e-01,3.439441746864524418e-01,2.329907039059803675e-01,7.210923417870194196e-01,5.959337274365991144e-01,6.883988964348854989e-01,8.438158758144757021e-01,7.860200156115203507e-01,5.975880446001251567e-01,4.551155690672934462e-01,6.266107575134227670e-01,8.810221090829433166e-01,2.299862360131277039e-01,6.029230932960609746e-01,9.194098394450115341e-01,2.963897551916491180e-01,8.039105611194284906e-01,8.419464694472369448e-01,6.442225912193118020e-01,7.148715111994937699e-01,8.971032440464816737e-01,8.887316444108062097e-01,6.942303151278712559e-01,9.093631966812619760e-01,7.135211311017765068e-01,9.884318170166510598e-01,4.708178189819395287e-01,6.073587689966559733e-01,3.073167499820215198e-01,9.516217850443219328e-01,8.052661840352636213e-01,4.182806214620993224e-01,6.420972441712478052e-01,9.384685103188192823e-01,6.916962943113725837e-01,9.799079582705868541e-01,6.449175085727700818e-01,2.398005894798431181e-01,6.611909627570925485e-01,8.838088521911691142e-01,9.684948375549695676e-01,9.623506360030171791e-01,9.343511861062576696e-01,5.901299420033023768e-01,3.382135562223226866e-01,4.355221983331984403e-01,9.103413928955026435e-01,8.675608511599696149e-01,5.170225386698643621e-01,7.627776633232203896e-01,2.939317717528941443e-01,2.522917870707026833e-02,8.536194465809423537e-01,3.002782763367446428e-01,4.489118828761682334e-01,7.787059862465159910e-01,8.764692606157657995e-01
7.440158846213010824e-01,7.044272608788968437e-01,8.665582013340723533e-01,4.057497868636047444e-01,9.060559502384495367e-01,9.456945587060616720e-01,4.454232815572333748e-01,4.669248377803578709e-01,4.218872696044544401e-01,9.764749842534112823e-01,8.518773854820065328e-01,9.106571521394225543e-01,9.804148542388707588e-01,9.045785615656728451e-01,2.757403008410622136e-01,8.759680476970097551e-01,9.357022644078548668e-01,0.000000000000000000e+00,4.723572588374440606e-01,8.113690159346422792e-01,9.452483666779035731e-01,2.944594888711859482e-01,4.111392063803991914e-01,7.067081984888515800e-01,2.995478601792403994e-01,6.845434044781513183e-01,9.587291281483703020e-01,8.213329129652997551e-01,6.104326427968520541e-01,3.750704675545102340e-01,5.538564226803396329e-01,4.491842328530384898e-01,7.409211674170067541e-01,7.174010282653183745e-01,6.006060528830506895e-01,5.332408324752762468e-02,3.843925793699509708e-01,9.762891796921815413e-01,3.942584965190646384e-01,7.207741086548007381e-01,3.762582210693121709e-01,8.110637227073382860e-01,8.750946670712848041e-01,7.119011142663734804e-01,9.600813894074705646e-01,9.144836645173054501e-01,8.765174801837166685e-01,5.990721131270637656e-01,6.257197917581637236e-01,7.422532374910713049e-01,8.981191799156414968e-01,1.773369228215671001e-01,4.457232749505883884e-01,6.940781464722652894e-01,9.132954392779991659e-01,6.617095190143567063e-01,2.079454534109007324e-01,8.256710817213823717e-01,6.945317493228535533e-01,2.459130292777690630e-01,2.048178907338322752e-01,7.133402918247607749e-01,7.964223272279387367e-02,8.870877831621569731e-01,3.136283386117475480e-01,-1.344269132241355247e-01,6.083362896591256730e-01,7.971973819843185538e-01,4.577265551286258671e-01,4.820138018930109625e-01,7.817691398971885475e-01,6.822214516767350911e-01,6.974386473821961863e-01,6.061470444986233330e-01,9.402572930533256157e-01,3.107522071812981457e-01,6.404441710046816505e-01,4.811696382608268707e-01,7.867521416890722596e-01,5.165279743989256156e-01,4.901084070174525631e-01,5.466488360189974971e-01,9.343896022682505187e-01,4.847447625893653855e-01,4.706623260617296967e-01
