0.000000000000000000e+00,4.744924881338912215e-01,4.160377558191822867e-01,6.530344506474309307e-01,6.116431888884210633e-01,9.298127840356560370e-01,6.060886624102027609e-01,8.082962025630257008e-01,7.277303596545595665e-01,8.630470241566248202e-01,7.667081440668956915e-01,9.746962069164160081e-01,8.287874190278927689e-01,6.785344786859091037e-01,6.452423818391735955e-01,8.629529922917856810e-01,9.937403236486588298e-01,8.907408577489137613e-01,4.358298309249165614e-01,4.076449811256126488e-01,9.802783008265705256e-01,7.246876577558585275e-01,7.022870483523147023e-01,5.571167247725641314e-01,9.386330278132563043e-01,7.996903254477114587e-01,9.445390665264394858e-01,6.305366660445016480e-01,7.861658975642851210e-01,7.839724517132649062e-01,3.957466862035888266e-02,5.721443281031564076e-01,8.637251823386259408e-01,7.339861858923892868e-01,6.401039005090156664e-01,5.536808771067787127e-01,9.734676875498710080e-02,4.277955374981599612e-01,3.114214156988078797e-01,9.063099402742473831e-01,6.883544438872267746e-01,5.525505245736496152e-01,8.678066572734126627e-01,8.410139218998627930e-01,7.488253771782469315e-01,7.660438583343441854e-01,8.962999789472811951e-01,8.859816531506089499e-01,7.537676704114029125e-01,8.959615251094470434e-01,8.926005821209681557e-01,9.953442784997088566e-01,2.782219868015676223e-01,8.960493661897040996e-01,7.484209471569113203e-01,4.722091769880307210e-01,9.100774668985490701e-01,3.981295963020049511e-01,5.642574703078413467e-01,4.244313208815712612e-01,6.274539854205388734e-01,4.178452071951164193e-01,9.180371867610574999e-01,9.210068196579062061e-01,6.973268386397430962e-01,9.830879060619628351e-01,8.845026273839942110e-01,8.629330837412066968e-01,6.034463200427417906e-01,1.776351110761498764e-01,8.443591763434625808e-01,7.696085853903491536e-01,5.033675733520894813e-01,5.280776463006884441e-02,4.806018734723246921e-01,8.326248326569605229e-01,7.420287300136692021e-01,8.197005126694262289e-01,1.452429225774401478e-01,3.509113647957769200e-02,2.735109349259108313e-01,5.325299919527278769e-01,7.312533352194006131e-01,6.225895914263483988e-01,9.551697146709607900e-01
4.744924881338912215e-01,0.000000000000000000e+00,8.583767145629084272e-01,9.654730520689758233e-01,6.087481800297064316e-01,2.355453621474687120e-01,9.036618734646615358e-01,6.283835930784349433e-01,7.095695496079611475e-01,3.572137168380062899e-01,4.788724630319223796e-01,3.269173542612836547e-01,8.857475973404693725e-01,3.392642903933149601e-01,8.991817912727676498e-01,9.245478714249000252e-01,9.989226500065417902e-01,5.832491995262503170e-01,5.258391192276119508e-01,8.344055718899026086e-01,6.768224154501402134e-01,8.930337220359038097e-01,6.329460804850195466e-01,6.475538635080688721e-01,6.562180691475488770e-01,6.444911831324581231e-01,4.799121221798469117e-01,6.916803604546742923e-01,6.494290400164834942e-01,5.764323039048478980e-01,4.372536733883296556e-01,7.290449784003883993e-01,4.359659034908202058e-01,5.830256473232178216e-01,5.508899670997066123e-01,7.470605026419743777e-02,6.118218035302709357e-01,5.396064077034988804e-01,5.910253012150066265e-01,6.406420562027030918e-01,8.881717899946730554e-01,9.308355710940366956e-01,6.568890813121412986e-01,8.534210948407179309e-01,6.325910636203313508e-01,6.753563684422712043e-01,9.119604828402315677e-01,2.591186225786705211e-01,5.749914730447746036e-01,7.035893101064736310e-01,5.638397901180727256e-01,7.832159602836469281e-01,7.541688305966229855e-01,8.028791490451282487e-01,4.182428987531839892e-01,6.349960260700617809e-01,7.570737314608881885e-01,7.944861598153296622e-01,7.219024319206236440e-01,2.846434735896999010e-02,2.944624508161417520e-01,8.239038313457134333e-01,3.295318290096878044e-01,8.478554540226399538e-01,2.689945405645604581e-01,8.531904639143464975e-01,2.433964261856400024e-01,9.849508322379890712e-01,7.224962503243455014e-01,9.040301691768178882e-01,7.625236744921284338e-01,8.808035947957048029e-01,6.392189405267341140e-01,9.584668013112717100e-01,4.839837501142653098e-01,9.467629802595161070e-01,3.450070509556182885e-01,1.999458217241536703e-02,9.644376484281548256e-01,4.326728192735407319e-01,4.697652952127591708e-01,8.791881399666487962e-01,9.652277894971279526e-01,7.369582118743853716e-01,4.169812579048337575e-01
4.160377558191822867e-01,8.583767145629084272e-01,0.000000000000000000e+00,8.753087368818335268e-01,8.296771235479747375e-01,8.120844391143170471e-01,9.328108345151168157e-01,8.491208182595617604e-01,8.712376104904303586e-01,8.328125138593422960e-01,4.908122561825647434e-01,6.675568245990853855e-01,8.652609302532097146e-01,9.368056526075781987e-01,6.364310749571995274e-01,8.467542597766369861e-01,9.917225305187966633e-01,8.420838535617582998e-01,7.434258018721713324e-01,8.283977756297786765e-01,5.572943078821626095e-01,8.665754915246426382e-01,9.816916262232330270e-01,5.395045140926126859e-01,5.752915940979934639e-01,8.722781749265742235e-01,9.610537600272246461e-01,8.092711690824390125e-01,3.268022556549127766e-01,2.603350472935950788e-01,2.463606034967085190e-01,9.078387380524982619e-01,9.564552840103044407e-01,8.712640215658360443e-01,6.495954594989341579e-01,1.398767254881368716e-01,2.401225009023889578e-01,8.399462343064064695e-01,5.267201952058571113e-01,4.655791968338449660e-01,5.412606440004045227e-01,8.733250388830811062e-01,9.491704820939933507e-01,9.142790575461633429e-01,8.811904425117678130e-01,1.244804093041970011e-01,9.953228952037931343e-01,7.685673969260520266e-01,6.184207171845297335e-01,8.059238388438801914e-01,8.368108885522546059e-01,9.812656605945797583e-01,8.552603670021844406e-01,8.677747425974898787e-01,9.790226232455222499e-01,4.521621676421460623e-01,7.989179618570837471e-01,6.438444580656208505e-01,9.145112169653888401e-01,3.454652362735408100e-01,7.484582545306177614e-01,9.700314517631837274e-01,6.730380266649444998e-01,9.381514091508460496e-01,7.562556675873564060e-01,9.493330016346682720e-01,8.476801681432686308e-01,8.515537404224868823e-01,9.357447434394280394e-01,6.545191897949429460e-01,6.369174299789573945e-01,9.032847971713129365e-01,5.796949410055574070e-01,4.362650706773226195e-01,6.083198472841274684e-01,7.392760479762059411e-01,7.222589157839678364e-01,8.884183502816412892e-01,9.467589209016356033e-01,5.660372455021351890e-01,8.531191045541228757e-01,4.578656808552514224e-01,3.454195376892720826e-01,8.340548120665289833e-01,7.224482341750554371e-01
6.530344506474309307e-01,9.654730520689758233e-01,8.753087368818335268e-01,0.000000000000000000e+00,6.939666743607773025e-01,2.976738372791808418e-01,8.065238398824060573e-01,6.130435379453323952e-01,7.925960662190836281e-01,9.014972835057175615e-01,9.188824473539499715e-01,8.582990102002825417e-01,7.719373567365963584e-01,6.562690058007342175e-01,6.372456773382356721e-01,2.712194398767968639e-01,7.954363261622259262e-01,6.818713244837005805e-01,8.150015445223867117e-01,2.898684898768800755e-01,-3.776368382468637264e-01,9.919320016776179694e-01,7.039298352335475739e-01,8.568386315860387903e-01,9.535562871899403437e-01,8.255213046048508474e-01,4.040691941931184306e-01,9.620562665612520936e-01,7.773097799844197464e-01,5.658636902984263140e-01,7.111633752535978514e-01,2.378770915052752510e-01,8.736487509500896476e-01,2.061174178980739735e-01,9.411463582349219870e-01,7.151453211433188573e-01,3.298452982703357628e-01,8.946852190966162466e-01,6.169583256280124495e-01,9.126129906148923165e-01,3.012196490482638711e-01,6.405720512946579959e-01,7.200616654974905106e-01,8.187665429659531924e-01,9.554472426845324051e-01,7.121871115838407373e-01,4.310125114333453467e-01,5.258067723760742052e-01,5.867289238778602423e-01,7.913547049500873065e-01,6.006001266563965046e-01,9.806431624935202374e-01,6.252661392724161438e-01,6.601663990162983664e-01,6.226154582112850555e-01,8.122095776034673476e-01,9.009783659215673257e-01,8.981877921947595267e-01,5.543724023997713690e-01,2.705068822239498627e-01,2.188783308407767081e-01,7.982152426531972100e-01,6.897171383034795822e-01,1.056788623851574321e-01,8.734370245715468162e-01,6.571235255646853402e-01,8.625458860243276904e-01,9.284010814751760821e-01,2.627251697397835484e-01,9.517113798034479988e-01,9.208968738952826305e-01,6.069578543239734225e-01,3.275997694580258246e-01,7.166066164710769293e-01,5.607366008772453059e-01,6.915375285771097058e-01,7.056019784000369111e-01,4.620692871228307963e-01,4.293102640519624869e-01,4.439149010186023425e-02,5.281362495828223480e-01,6.202436749905088087e-01,8.660693543538072747e-01,7.800940453888478565e-01,7.976119870719186045e-01
6.116431888884210633e-01,6.087481800297064316e-01,8.296771235479747375e-01,6.939666743607773025e-01,0.000000000000000000e+00,9.986359578421353245e-01,5.116870929172845361e-01,4.867778637232971217e-01,6.953803686715042121e-01,7.734117874748405175e-01,8.603344140706534748e-01,9.431157482552752214e-01,9.101005428819453069e-01,4.165029380537849102e-01,5.566700162519651052e-01,5.164851534278525058e-01,7.815699338939069429e-01,8.149516597817106911e-01,7.736890116343296819e-01,8.908958955071633046e-01,9.470498565211830089e-01,5.529243933422784973e-01,7.039897081985898586e-01,7.505849563032123140e-01,4.145137040553225627e-01,4.251762936280947258e-01,4.731732932372637035e-01,5.429975119403728234e-01,2.722382279286952311e-01,2.435196408575852067e-01,3.802260405120563291e-01,4.028630626845068341e-01,3.385911661497180702e-01,8.174751644614366430e-01,1.094242397215977464e-01,4.969230316859383767e-01,3.022084664207010940e-01,6.117426853701902756e-01,9.990489951242105260e-01,6.164494482589552016e-01,7.441965958419343163e-01,8.650486187323511711e-01,7.476281977308452120e-01,6.521065868077504657e-01,9.215604472600066321e-01,6.990515481331849301e-01,7.518044837271704584e-01,5.157209671776397109e-01,1.322760658719419613e-01,5.534408144525517770e-01,6.819990530482253899e-01,5.167566765273223783e-01,7.594673294890988968e-01,6.427614064213489353e-01,9.654062297066811071e-01,8.480724925083987786e-01,6.820134142028253521e-01,8.694038798746793750e-01,7.134185514809217032e-01,3.916111176644824221e-01,3.235330770136912726e-01,1.286935980579421435e-01,8.550275480700427755e-01,8.699240344218339693e-01,9.263655672129823548e-01,7.115726338991374966e-01,8.500094946013213582e-01,3.593459621848321683e-01,9.310720344277753080e-01,8.806551257985646419e-01,5.687673366329525360e-01,4.779126043692909498e-01,6.647099815615421514e-01,3.739875049342549218e-01,8.908385147668684834e-01,2.355427339463234682e-01,6.165362440553925349e-01,4.767292939806807017e-01,4.313276157469937422e-01,5.456836063359346012e-01,5.417246446894831147e-01,9.312965622835525092e-01,7.656013919691320169e-01,5.023965776979398834e-01,8.887161652615737095e-01
9.298127840356560370e-01,2.355453621474687120e-01,8.120844391143170471e-01,2.976738372791808418e-01,9.986359578421353245e-01,0.000000000000000000e+00,6.293659620370022356e-01,2.832315139333053677e-01,9.551355882457112090e-01,8.788309640245106635e-01,6.609482395792004583e-01,5.267414453354921644e-01,3.473149835312093203e-01,7.571740515171134778e-01,9.955884672660728629e-01,6.261709941336400798e-01,9.965126695675369239e-01,6.254368430985576266e-01,4.933981843720023353e-01,5.210598363088794205e-01,9.850375328361432592e-01,6.244427166573746080e-01,7.415154246084210143e-01,9.088686619248216303e-01,4.160746119630671647e-01,7.431599795318462043e-01,6.324345930397540227e-01,8.324497720304474546e-01,2.027796979664996946e-01,3.619462558190673640e-01,1.279993358740683929e-01,4.260542655876256024e-01,6.360731885622541437e-01,4.017279378984731641e-01,6.759070869863113007e-01,6.944981325580743547e-01,3.779925833132524726e-01,6.080054095793415714e-01,6.395238611387472627e-01,9.567737711292911840e-01,2.628698100117236591e-01,2.873853882647572355e-01,8.465727943362458818e-01,6.759928861338628803e-01,9.950939436852069830e-01,5.587060464791193670e-01,6.187609311862175554e-01,6.360854759185683438e-01,7.243408098879621226e-01,6.995904166407713731e-01,6.571190256736724189e-01,2.281562332604503418e-01,7.200454750388878278e-01,8.396570841518177231e-01,8.125985228840418850e-01,6.654272178405746807e-01,6.944384560113823213e-01,7.369058811088213812e-01,8.439477440366508487e-01,4.612133837634043720e-01,6.444844337712251070e-01,4.476679289221031088e-01,2.415979775624307047e-01,6.144123836040675801e-01,9.031517169003525636e-01,9.828699491034081914e-01,8.700038015647432177e-01,9.213734827164117291e-01,9.505432448234939491e-01,5.448526643725242202e-01,8.105537779760177974e-01,7.046861104024436662e-01,5.630733411139223765e-01,7.831276162743360247e-01,5.342010412547889553e-01,7.538197489808349250e-01,8.232416344416587650e-01,1.896859320333057763e-01,6.783514363245464196e-01,1.012001791497414704e-01,8.609786628746896042e-02,9.708932118159343538e-01,5.140393673865347735e-01,6.234364087664273635e-01,8.841386117962682922e-01
6.060886624102027609e-01,9.036618734646615358e-01,9.328108345151168157e-01,8.065238398824060573e-01,5.116870929172845361e-01,6.293659620370022356e-01,0.000000000000000000e+00,7.864089730703914816e-01,5.011457428647914103e-01,6.458437618879220299e-01,2.158120949833164659e-01,9.093683698298481444e-01,7.048879340998694953e-01,4.277950883398631277e-01,5.678222245314449301e-01,6.842545222857604470e-01,7.842575587408444626e-01,7.601257481009751071e-01,7.344858331777579519e-01,8.972315587620531829e-01,8.447749365077218409e-01,2.066187719041714665e-01,5.543477123743278945e-01,5.974808489224849861e-01,6.977792587136261160e-01,3.930251845081902395e-01,8.739254612909963527e-01,5.374678160448367326e-01,4.311772291724114137e-01,3.192499130166975285e-01,3.617975754994077198e-01,6.736131568954342175e-01,6.663796913562650692e-01,6.159058730547450899e-01,7.565506784441483612e-01,5.142280747586647216e-01,5.557969802480948740e-01,2.039261211358233128e-01,3.755653082538028542e-01,7.465129023792953511e-01,6.954813721320950437e-01,4.603477031211673509e-01,7.413134026957867162e-01,4.692439922310742695e-01,9.649760113029129949e-01,6.585743452374832607e-01,7.410376498749431384e-01,7.384444835003770580e-01,4.419467342729542225e-01,4.759365736248410417e-01,4.349601336565512844e-01,6.100987913989038836e-01,5.035696718030511360e-02,7.829340755140129504e-01,4.004282849123342869e-01,5.512974765237285135e-01,7.942731520302175330e-01,6.663811955722334091e-01,6.754859705022850935e-01,5.313187320964714022e-01,2.519154595380910799e-01,5.468213386172232626e-01,3.527495781599755409e-01,5.759490688966113492e-01,7.855078192396126591e-01,8.366942320511838727e-01,6.000991455539560482e-01,4.485949919946435327e-01,4.848818564827658273e-01,6.628868359123172294e-01,3.545521534389704105e-02,4.869954733886499576e-01,5.733578793504563453e-01,7.007948191156381235e-01,8.316440614460949288e-01,6.578025810291190378e-01,6.564222226276308358e-01,4.062129814481637569e-01,7.519768512111767444e-01,1.773272804688545978e-01,5.294768636940011541e-01,8.616485899084540545e-01,8.858324260653557269e-01,7.798822183747841086e-01,4.440155266695767766e-01
8.082962025630257008e-01,6.283835930784349433e-01,8.491208182595617604e-01,6.130435379453323952e-01,4.867778637232971217e-01,2.832315139333053677e-01,7.864089730703914816e-01,0.000000000000000000e+00,5.621200158519867873e-01,3.381860422180774095e-01,4.853614490548373572e-01,1.156107309930813482e-01,4.423445532449389872e-01,9.127662641640801322e-01,6.620261542069986183e-01,4.743734417495431011e-01,6.962700251525744122e-01,2.801927408095679639e-01,6.986738466007232917e-01,7.114943892925645885e-01,6.970423970067507469e-01,6.927149202065281397e-01,9.340811697867053010e-01,6.685979637129225717e-01,5.152785770362465767e-01,3.025653755394929756e-01,4.682767037750147909e-01,7.171668383262311819e-01,-8.573997220989094947e-02,4.927964057821585531e-01,3.533242792521013032e-01,7.355473834989699755e-01,7.521302711152939580e-01,5.422962806657177781e-01,6.628037856246272730e-01,1.424986590138971887e-01,2.029874726892691439e-01,6.067050927054510323e-01,7.697832268989163174e-01,4.809356984382643363e-01,5.353188741020824537e-01,6.015773150466928731e-01,9.626482747970942500e-01,9.546475252309624127e-01,7.554409823584429251e-01,4.609416792172845723e-01,7.550676350458747077e-01,3.531687414855936291e-01,3.059185782473721193e-01,6.354939134018539049e-01,9.936445755353493503e-01,8.515684997208619045e-01,7.174242277308495730e-01,5.346659452006670143e-01,9.515042583753617889e-01,7.326440514504815038e-01,5.275390892063288595e-01,6.468860344920080996e-01,6.362182959306252883e-01,3.290787295320123373e-01,5.420701507914489348e-01,4.159810319354893537e-01,7.615376175820703919e-01,9.050423825502338371e-01,9.269876865556693213e-01,5.127873356499736968e-01,6.084746625480661475e-01,9.185721256514471911e-01,7.345986277646188167e-01,5.534609303601597530e-01,4.656631081471908074e-01,5.998586683575034550e-01,4.403060228850266822e-01,4.101367370611311292e-01,7.266682034380276267e-01,9.687844659059008379e-01,8.889420682124261619e-01,5.309789583293281767e-01,7.493068633453594529e-01,7.468393328713585251e-03,6.616998779994539559e-01,9.735225713307154027e-01,8.413708894613872724e-01,2.332161755433986849e-01,8.913538189505221254e-01
7.277303596545595665e-01,7.095695496079611475e-01,8.712376104904303586e-01,7.925960662190836281e-01,6.953803686715042121e-01,9.551355882457112090e-01,5.011457428647914103e-01,5.621200158519867873e-01,0.000000000000000000e+00,3.775695348257089856e-01,8.762843083388593968e-01,6.214376234330946103e-01,7.908387589693939290e-01,6.455542200383854734e-01,6.634101755520054322e-01,8.079838764902734782e-01,5.138833176896804300e-01,4.736118872873473218e-01,3.283805824211573632e-01,7.158077155645340417e-01,9.263160620118594535e-01,6.758712121584715682e-01,1.911175404137257505e-01,7.153729906720195375e-01,4.044839441619128007e-01,7.136339305675587497e-01,5.497021396637040702e-01,6.557200635083667573e-01,6.161823332902067740e-01,7.993874843152087850e-01,3.759014643618946994e-01,4.311107880293327255e-01,7.347443624202483203e-01,5.635210613781777012e-01,6.136731599113141034e-01,-1.626289940502437248e-01,5.741966096690149790e-01,4.404679012454452147e-01,8.293551416070245041e-01,5.557357907405769959e-01,6.648343173184426136e-02,6.109784451022063356e-01,4.816044234147601188e-01,6.436940684090112219e-01,8.332076076324251845e-01,3.837319371771774623e-01,6.960379878018095878e-01,6.814366277993589849e-01,6.486902596259299658e-01,2.211238307173187811e-01,5.750771572434250078e-01,9.157196745161071405e-01,7.451572306092165698e-01,6.036238187699329849e-01,9.283087332026276339e-01,5.813895775390088838e-01,3.668596912899868556e-01,4.901323641206920545e-01,7.265437702188353164e-01,5.009612601046272706e-01,5.610940797248280543e-01,9.322848808719974567e-01,5.316682674362837036e-01,8.809250641681827254e-01,6.506630367048932273e-01,8.618854605589050255e-01,6.795685814733303243e-01,9.455100764098810506e-01,6.289340870866428901e-01,6.247610074450313800e-01,6.947245957840009201e-01,-5.213852671671065364e-02,9.100974190491267768e-01,6.459977780254280710e-02,4.150307791492158782e-01,2.347457239396897044e-01,8.050281582602057950e-01,7.745474947101007590e-01,9.275475315210751637e-01,5.868037715960330303e-01,9.274517460478848285e-01,9.589715287530368171e-01,6.873701970475319944e-01,1.969383552421360706e-01,6.105439602265714250e-01
8.630470241566248202e-01,3.572137168380062899e-01,8.328125138593422960e-01,9.014972835057175615e-01,7.734117874748405175e-01,8.788309640245106635e-01,6.458437618879220299e-01,3.381860422180774095e-01,3.775695348257089856e-01,0.000000000000000000e+00,5.151056667107317688e-01,7.614744968448825535e-01,4.679105046856836814e-01,6.005552174119395126e-01,5.248141881105667927e-01,7.325709589377511488e-01,8.149457337489880437e-01,8.031113559077258657e-01,6.058379643005078474e-01,8.150603447118556222e-01,9.522502083800820083e-01,7.393488322593571027e-01,8.021287483290113762e-01,6.839999043271477452e-01,7.547232912470565047e-01,5.694003890445757943e-01,7.591054358433532157e-01,5.254846189186419547e-01,6.553035923896856074e-01,7.785888013920175821e-01,2.601456616385038334e-01,7.002128141367716108e-01,6.702246534820731627e-01,8.601243462919523353e-01,6.050177517762626023e-01,1.543520002861432650e-01,-1.185504340531236545e-01,4.129703348796569529e-01,9.381831587506624937e-01,8.112403801766986389e-01,2.826154142293875737e-01,7.614009743542906605e-01,9.148442220589850793e-01,9.493033842678297862e-01,8.003816585289936780e-01,8.528938583357880132e-01,3.489655330943883804e-01,9.889739845069464019e-01,8.361075088747648154e-01,6.506962097780780718e-01,4.955118876898277347e-01,7.624143593560122056e-01,7.851569550751781312e-01,7.174439849764496779e-01,8.487743595125171181e-01,1.824569405490060747e-01,5.873694153075356139e-01,9.633251684402844850e-01,9.967714672342598003e-01,4.002477708551404056e-01,-4.236513033116409699e-02,6.585203848845658792e-01,6.512321192141601323e-01,4.131524455546340957e-01,7.027936388799135292e-01,9.816129998808308388e-01,9.356504886715716340e-01,9.843814545970481777e-01,4.087485249589813963e-01,9.387902735732576998e-02,7.926980314787250848e-01,6.819335776304212837e-01,5.679656450334605866e-01,4.561884514124322498e-01,9.602262748530979719e-01,6.409298968623362569e-01,4.626602065182431334e-01,3.690439958461737002e-01,1.765148438784691076e-01,4.269619496219236865e-01,7.036864449516139208e-01,8.796921267326586191e-01,5.608847057356148857e-01,4.722286143438029771e-01,9.987822162898303546e-02
7.667081440668956915e-01,4.788724630319223796e-01,4.908122561825647434e-01,9.188824473539499715e-01,8.603344140706534748e-01,6.609482395792004583e-01,2.158120949833164659e-01,4.853614490548373572e-01,8.762843083388593968e-01,5.151056667107317688e-01,0.000000000000000000e+00,6.315820115809175350e-01,4.677862964577579885e-01,4.678624484132738459e-01,7.982941461888877210e-01,7.623668412325325106e-01,5.091237447355123624e-01,6.545004373209963866e-01,9.865494308885700558e-01,9.735196694562626707e-01,4.635958578657979334e-01,7.189001236023091490e-01,7.017419390671332247e-01,9.859772453192436892e-01,9.658623979917269065e-01,6.534335768315165938e-01,6.217789442542872580e-01,6.736205281926930244e-01,7.482197764058096112e-01,4.794952775070508988e-01,5.945199865387333915e-01,6.759516544424454265e-01,3.697953875448071748e-01,7.795011660725161828e-01,2.512632739049997510e-01,4.704511692846981563e-01,3.428796411518895138e-01,8.905235275277617601e-01,7.791325933813815219e-01,6.522356031704192869e-01,5.845220388758860519e-01,3.154207702991435602e-01,4.924123392140626887e-01,6.138903798834032255e-01,9.435755027915874171e-01,4.576924760336395503e-01,6.628397190819440565e-01,7.336862759145060808e-01,7.996181241348937485e-01,8.761053427893958911e-01,2.282797738551531341e-01,7.681153317950591974e-01,6.989298990703196601e-01,7.212621823810551058e-01,8.491347656451074810e-01,8.376001150348343360e-01,6.508740496469899162e-01,6.627958578956539837e-01,9.870450581607819185e-01,2.407386192968762884e-01,7.053237113805252978e-01,7.185869437404041049e-01,9.146320785902651851e-01,5.064156997394521076e-01,8.471742880246524443e-01,9.895483550666420713e-01,8.556889196674452025e-01,2.172274548512012626e-01,1.407394866289095881e-01,5.056051818057308855e-01,8.373926358528341884e-01,8.666520604049886556e-01,5.319570622346505573e-01,8.972796618128197066e-01,6.875404687888864164e-01,9.093118573788522285e-01,5.727841091330687640e-01,2.571288933736719517e-01,3.032180144090108054e-01,3.009887536801084673e-01,4.529207152815156734e-01,7.382439654644832316e-01,6.340094139788245986e-01,8.398327470741236978e-01,6.644366203285843042e-01
9.746962069164160081e-01,3.269173542612836547e-01,6.675568245990853855e-01,8.582990102002825417e-01,9.431157482552752214e-01,5.267414453354921644e-01,9.093683698298481444e-01,1.156107309930813482e-01,6.214376234330946103e-01,7.614744968448825535e-01,6.315820115809175350e-01,0.000000000000000000e+00,2.599871869043257067e-01,4.778387184595438986e-01,9.911768671278791132e-01,9.552611223277590602e-01,7.910735059645681577e-01,4.684782529347106816e-01,7.101663016132173656e-01,5.408072484711041739e-01,8.814213875763389217e-01,7.673536366944744280e-01,7.617209072825533722e-01,5.900272933800644326e-01,4.432415573479383530e-01,3.655482933055816952e-01,7.298448476082359804e-01,7.000626042017872308e-01,4.722782537879661180e-01,6.941759957853614882e-01,4.532680785061320439e-01,2.909612737571085767e-02,4.414392154799434143e-01,8.054170666864304273e-01,8.556099643550238998e-01,8.598194133014409879e-02,-1.814435836585368000e-01,7.009844317351590082e-01,6.316571287299129756e-01,5.385859201992351242e-01,7.852339393330091122e-01,1.317047109647490055e-01,9.249169354741625382e-01,9.460561093354679096e-01,6.963725006233973946e-01,6.635803775354984779e-01,6.284747714994834977e-01,4.194243637025538707e-01,1.090016960697415133e-01,8.672959443194834250e-01,8.588760515017241914e-01,7.646434126666934450e-01,2.484368581220233463e-01,6.659305680734862731e-01,6.648420885088499599e-01,9.635091280986810558e-01,3.370499247957550182e-01,7.007453213192795793e-01,7.674093013126014329e-01,6.122377823003246622e-01,8.366735218596486889e-02,2.008094496533488482e-01,7.042895251300103077e-01,1.539131336328981581e-01,4.100798044954008792e-01,6.858666846706005238e-01,6.719759459317327099e-01,2.274057370762947450e-01,5.809829013375065188e-01,8.008969479037764128e-01,9.717255487487768129e-01,8.622983648268084389e-02,4.256077835261495301e-01,2.015617686135746378e-01,5.501930920109051604e-01,6.983737344750220455e-01,2.178164767281646763e-01,1.169603497481070953e-01,7.769043320737830660e-01,-5.222752543933692482e-02,5.191898092271551857e-01,6.590157724122718275e-01,7.369802363959686575e-01,2.284218924548168106e-01,4.374927429392051481e-01
8.287874190278927689e-01,8.857475973404693725e-01,8.652609302532097146e-01,7.719373567365963584e-01,9.101005428819453069e-01,3.473149835312093203e-01,7.048879340998694953e-01,4.423445532449389872e-01,7.908387589693939290e-01,4.679105046856836814e-01,4.677862964577579885e-01,2.599871869043257067e-01,0.000000000000000000e+00,8.140398527784334370e-02,3.010919335888078141e-01,4.638078079038480683e-01,8.005326950122116925e-01,9.765493150977856418e-01,9.183916943023026080e-01,9.285124464884917384e-01,7.640969355135767138e-01,9.172223590180573760e-01,5.377350588174378831e-01,7.366848260313219043e-01,4.683128249048915670e-01,7.885795101949772956e-01,9.574290003768296531e-01,8.525539893200612118e-01,2.648695496550009243e-01,4.842975281136215338e-01,1.646345564201371625e-01,7.501264132533049800e-01,9.363559238849077371e-01,9.284564635794391174e-01,6.245835284570628865e-01,4.742628873053726379e-01,5.441134345158379348e-01,8.647510384446621678e-01,7.210084068978468430e-01,8.130337859167098280e-01,3.957900664573305027e-01,6.621644363778337317e-01,7.798874778719211420e-01,8.616760087314973005e-01,5.503791718111282760e-01,9.641986688410528750e-01,6.951599196632443078e-01,2.970369598421784274e-01,7.171469889129171715e-01,8.423549040313342839e-01,7.287326613024197597e-01,6.214396077433396171e-01,8.125026217240803872e-01,9.894506374758424982e-01,8.088061862099718002e-01,6.696565569630594794e-01,7.386187541511116672e-01,9.763275467184646672e-01,8.488579329214445135e-01,3.009614353155521185e-03,2.971362248314170507e-01,7.273965352088085368e-01,9.731161351702062312e-01,8.404430461668080943e-01,9.274969824544511132e-01,7.841919792317684212e-01,8.419564576930729238e-01,6.246625693286089742e-01,2.346444905967043915e-01,6.414209408750753960e-01,8.153518148280609890e-02,6.779692326316881790e-01,8.662590232987879002e-01,2.116261728054382174e-01,4.510958430414630516e-01,8.626536513214352331e-01,5.911537262203414578e-01,9.398626184469089928e-01,7.879183144646524639e-02,4.087635510558938062e-02,7.484786114951583746e-01,9.926790429212101197e-01,9.791132316425268378e-01,3.171010297127916377e-01,9.725810897416196088e-01
6.785344786859091037e-01,3.392642903933149601e-01,9.368056526075781987e-01,6.562690058007342175e-01,4.165029380537849102e-01,7.571740515171134778e-01,4.277950883398631277e-01,9.127662641640801322e-01,6.455542200383854734e-01,6.005552174119395126e-01,4.678624484132738459e-01,4.778387184595438986e-01,8.140398527784334370e-02,0.000000000000000000e+00,7.248477934516865950e-01,8.014938946360675720e-01,7.700516957723992917e-01,6.356037361632030924e-01,6.236175778525741009e-01,8.329316663107072527e-01,9.357704396734004559e-01,8.947611281781131520e-01,7.568456753396970438e-01,7.894145070389120278e-01,5.221291728619571471e-01,7.413489674183021405e-01,9.104134132058148143e-01,9.461865841023303636e-01,2.423570901168655145e-01,7.352928928390781715e-01,5.570878284715246043e-01,4.616218950731644788e-01,4.157246618226885237e-01,7.176558687425225180e-01,9.048850563146200177e-01,6.625928836474663519e-02,2.412063408716409729e-01,9.918340579244757649e-01,5.180754318262105196e-01,5.053789892319386912e-01,6.340038424711590404e-01,7.613187791689500772e-01,6.510821427940965966e-01,8.429552448385636554e-01,9.270764933950530473e-01,7.120676673526104006e-01,5.156608892704647173e-01,7.001494663342482383e-01,6.625497804701878657e-01,9.984017951953952918e-01,7.714688180205949708e-01,7.446050627833242785e-01,5.721444076257961031e-01,3.346989994352054798e-01,9.681299302796873008e-01,4.899237341446294747e-01,4.848709197093404311e-01,8.266350823970596284e-01,6.149439630019591929e-01,4.225945594090493307e-01,7.226450087457331195e-01,7.004334766559743297e-01,9.082238889029690121e-01,9.595300632603895874e-01,6.293745822272799328e-01,4.800379037340325450e-01,4.597081558814793967e-01,7.640668158940158161e-01,5.190227693135305298e-01,7.466344323314749731e-01,5.998398039701269280e-01,6.320914784219495708e-01,4.602317090880568284e-01,3.582894171006468786e-01,7.616159006456562075e-01,9.219403292053115484e-01,6.807018578680155141e-01,2.176268024624902764e-01,6.696837977906417994e-01,6.451764996234568006e-01,8.632547105810512988e-01,8.115300125785477325e-01,9.428518515356787422e-01,7.711983025972197758e-01,6.446974198254318278e-01
6.452423818391735955e-01,8.991817912727676498e-01,6.364310749571995274e-01,6.372456773382356721e-01,5.566700162519651052e-01,9.955884672660728629e-01,5.678222245314449301e-01,6.620261542069986183e-01,6.634101755520054322e-01,5.248141881105667927e-01,7.982941461888877210e-01,9.911768671278791132e-01,3.010919335888078141e-01,7.248477934516865950e-01,0.000000000000000000e+00,7.173967090781346867e-01,6.661738157478649391e-01,6.073550914386383059e-01,3.564670476845199776e-01,8.989204108757682388e-01,8.775655188209547930e-01,3.808511875344301467e-01,5.953815909983166677e-01,8.326397255342466996e-01,2.438547270298923597e-01,4.466926160882334629e-01,8.023147738359772685e-01,6.647257215397825991e-01,2.984690842975591396e-01,5.754639749116576830e-01,1.062307371441754411e-01,7.072928812845583613e-01,6.680525447702300168e-01,6.792490794500001261e-01,4.405059681369355440e-01,8.951441840289018348e-01,4.455898885783268204e-01,8.221530891406861885e-01,9.771222955016674039e-01,7.042421070914546277e-01,8.228786938781881277e-01,2.217065765602310168e-01,6.223010149007007774e-01,6.533226545765484783e-01,6.151528714615530635e-01,2.262444668974665229e-01,8.687556663430029413e-01,6.606343264335611254e-01,7.836360621353215539e-01,7.345527166234111505e-01,7.680547989115251717e-01,7.396584875262566250e-01,8.650070383023679144e-01,6.548340773745574550e-01,7.486258403147967311e-01,1.914539275292128848e-02,6.876712141781635701e-01,7.640606034874718455e-01,7.172900323051358829e-01,3.866145007642876053e-01,6.904714436465651806e-02,1.260815942998629036e-01,-1.382275772739853248e-01,4.978034297186405555e-01,5.901462407331374838e-01,4.127789344434180663e-01,6.116343733729242560e-01,3.636698908070182812e-01,6.477585336906254154e-01,9.525304638715368366e-01,9.060657898310161551e-01,2.287330776426182433e-01,9.249178330734081355e-01,7.641907815492983425e-02,5.682933107434704478e-01,6.166752037593064006e-01,5.413962017995996856e-01,6.961149499104837268e-01,3.564876989490195491e-01,4.923013688644717889e-01,2.832914981283254918e-01,8.300829518113000960e-01,6.700209887572721179e-01,1.879726425601963014e-01,7.740353268098589812e-01
8.629529922917856810e-01,9.245478714249000252e-01,8.467542597766369861e-01,2.712194398767968639e-01,5.164851534278525058e-01,6.261709941336400798e-01,6.842545222857604470e-01,4.743734417495431011e-01,8.079838764902734782e-01,7.325709589377511488e-01,7.623668412325325106e-01,9.552611223277590602e-01,4.638078079038480683e-01,8.014938946360675720e-01,7.173967090781346867e-01,0.000000000000000000e+00,5.094879802430720694e-01,9.955453510626822711e-01,6.949466684159792962e-01,8.177833987859024489e-01,8.059531223858390492e-01,6.448428332511713101e-01,5.953470572031217545e-01,9.677454129316006570e-01,7.068721249741765078e-01,9.980920893099713975e-01,8.360565110208453277e-01,7.017400577117781646e-01,7.165670845853371329e-01,7.083645144568080365e-01,3.275782588491902292e-01,6.550868884463328934e-01,7.997434689970042143e-01,8.499493719286108639e-01,3.072469424267839089e-01,5.705558360339274548e-01,4.931961400721170397e-01,6.332357974430076197e-01,7.385781627501597502e-01,8.405748635687741999e-01,4.909514590663099920e-01,5.757487427054731599e-01,8.953743493580280655e-01,9.311080192888530060e-01,6.562292464841650297e-01,3.273621240835609125e-01,2.167880366245582835e-01,8.975027698254264275e-01,5.964498726518199789e-02,6.017243228856847814e-01,4.419164275528499330e-01,6.303436751275204308e-01,7.112390046133794108e-01,7.049002083255054840e-01,6.329285482736780599e-01,9.734820579963585629e-01,7.475359631755866818e-01,8.211548432416277965e-01,7.658327266408836431e-01,4.069608305312677476e-01,4.022379937567437391e-01,4.534689284558178213e-01,6.709849720422695896e-01,3.008499520426075047e-01,9.126169920495629251e-01,7.293237466513468048e-01,3.034529305636698981e-01,7.654398798863947251e-01,5.024955992421286100e-01,3.189208886489818817e-01,4.040186621026106151e-01,9.276818003862931095e-01,2.523721473837770568e-01,8.534024556643996506e-01,2.393634500055777936e-01,6.221789654492159150e-01,4.873507002400346844e-01,9.663381139951899845e-01,6.406831692743386597e-01,2.467044487784338380e-01,6.737278918701359309e-01,5.809461098758611497e-01,8.943721137720762604e-01,7.620995604385891742e-01,9.190239363699000963e-01
9.937403236486588298e-01,9.989226500065417902e-01,9.917225305187966633e-01,7.954363261622259262e-01,7.815699338939069429e-01,9.965126695675369239e-01,7.842575587408444626e-01,6.962700251525744122e-01,5.138833176896804300e-01,8.149457337489880437e-01,5.091237447355123624e-01,7.910735059645681577e-01,8.005326950122116925e-01,7.700516957723992917e-01,6.661738157478649391e-01,5.094879802430720694e-01,0.000000000000000000e+00,9.361693872170374631e-01,3.023233792124964125e-01,9.877033064367735093e-01,7.837142361841967775e-01,4.507046355632202683e-01,7.600331460511906556e-01,7.588471632136548628e-01,4.652660298358546331e-01,5.883567731452845617e-01,7.021866251479926824e-01,6.148357188312691957e-01,2.262117213464080456e-01,5.035728990758550072e-01,1.705034249606353358e-01,6.241440319591261554e-01,5.588643299269068221e-01,4.239785209754899920e-01,6.068122516509925068e-01,7.854903811676801073e-01,4.762453984520875205e-01,8.451417056357005686e-01,4.613162627438160968e-01,1.812779128103457482e-01,5.216458737295212034e-01,8.383694088135547062e-01,8.929538894389325021e-01,5.482514430495186719e-01,2.033124579338529969e-01,9.821890979066940641e-01,3.743995305052216782e-01,9.946978961966783661e-01,7.360569055203375344e-01,5.940810847027370167e-01,8.650813514434159135e-01,3.398513493869810831e-01,4.731000323516819650e-01,7.592263211698158099e-01,8.902760363394394139e-01,7.119706330804745908e-01,9.978336157778153748e-01,8.924709619505513114e-01,4.431522878026572521e-01,7.274398874500905832e-01,3.287274854877750840e-01,8.881129199862997092e-01,6.954301496186540144e-01,6.024174560195185713e-01,4.282969518220745009e-01,8.335169117546035178e-01,7.275967119744423117e-01,8.849163594977521585e-01,9.981402390810303338e-01,8.670600146635254468e-01,5.962218630177698042e-01,6.022059534580100904e-01,5.453073259983902688e-01,2.960671457323727496e-01,7.946059637070136406e-01,8.361529063454666844e-01,8.334082980534444074e-01,9.984926067372026370e-01,-2.455567098417524297e-02,3.799392878579284094e-01,3.413812834376327432e-01,7.203172855779048644e-01,6.405460982437217732e-01,4.164252312835481362e-01,9.237808159763306604e-01
8.907408577489137613e-01,5.832491995262503170e-01,8.420838535617582998e-01,6.818713244837005805e-01,8.149516597817106911e-01,6.254368430985576266e-01,7.601257481009751071e-01,2.801927408095679639e-01,4.736118872873473218e-01,8.031113559077258657e-01,6.545004373209963866e-01,4.684782529347106816e-01,9.765493150977856418e-01,6.356037361632030924e-01,6.073550914386383059e-01,9.955453510626822711e-01,9.361693872170374631e-01,0.000000000000000000e+00,9.727277349984353449e-01,9.601655960806189105e-01,6.962169637418638146e-01,4.752401608109323994e-01,8.365294459561133378e-01,9.875029653672179331e-01,2.710390812389278370e-01,8.426219978363505003e-01,4.966843336831212596e-01,9.889109610137372108e-01,7.665302439709256177e-01,4.871487218225942217e-01,2.065768090426772230e-01,4.113381506619163130e-01,6.032726020035484860e-01,6.735769361207576411e-01,7.153234184497696546e-01,1.133360530799552568e-01,7.776674034854387241e-01,2.767987474255519942e-01,9.208081117057292930e-01,6.902268585857503913e-01,2.610544212193968705e-01,6.180859120446845489e-01,8.099631089098595638e-01,9.984783642835297623e-01,9.693262152968157297e-01,7.532644859429901141e-01,5.163249267289536926e-01,7.875799909643889096e-01,6.505486670340572264e-01,6.532586618076539065e-01,9.171583906856382029e-01,7.873620947824587768e-01,8.519641710887340125e-01,9.994465051886791684e-02,9.946611932849102056e-01,7.436056922192861851e-01,7.724745781741080286e-01,9.802626926977098254e-01,7.800462070591789310e-01,6.756119123828743245e-01,9.344189793594884774e-01,6.757932453633785919e-01,9.200576803926671099e-01,6.566711685121426889e-01,8.334029614514103512e-01,7.110712415120579166e-01,6.538433804181754683e-01,7.945719441462224530e-01,6.327477510117007764e-01,6.601641160489100102e-01,3.047115396407490406e-01,9.968370776901875896e-01,4.602188609724164325e-01,2.986644489168354122e-01,3.040963191757442563e-01,7.705076226665941164e-01,4.914674622258710102e-01,1.198962540585004621e-01,4.503358033620089018e-01,1.751926226367269135e-01,8.113531737294301660e-01,8.993927363411494680e-01,7.128523899549563669e-01,1.507742093342944734e-01,7.972704280727890280e-01
