0.000000000000000000e+00,4.194248537802098831e-01,9.525918985211319079e-01,9.290297279443986422e-01,9.403218576955845176e-01,6.274215992817808729e-01,6.228255362517830518e-01,8.140759913638402345e-01,4.007202971857162233e-01,5.877460677425228042e-01,9.938721320102166246e-01,6.648118207432180959e-01,6.960886791197138379e-01,3.705715075947700887e-01,9.016027164711992725e-01,6.572339817804807582e-01,5.925036431267758363e-01,6.542722495605696187e-01,8.300093121575680133e-01,7.027838904355738769e-01,-1.419981867365555095e-03,2.587073317268319128e-01,6.033913841727425176e-01,7.026412857032825476e-01,7.139437817582685586e-01,8.220351469491066210e-01,9.972367219078970280e-01,8.631368108822844443e-01,9.332749612131899797e-01,3.298831864023694660e-01,5.522336373227337836e-01,4.803128621412097732e-01,6.227950823141773506e-01,9.421285931466620855e-01,4.777715319344760792e-01,6.440207865411473609e-01,5.000529131668300931e-01,8.307671927877633422e-01,8.361256317495047163e-01,9.987133650043218402e-01,7.478754723551415129e-01,7.624794769953826545e-01,8.396256179024519373e-01,9.899173881443753542e-01,9.268779480831506046e-01,4.492910565238179554e-01,9.473991654506768167e-01,5.126280908874607523e-01,9.749659200989275742e-01,7.776244260777549488e-01,9.499667495503091308e-01,8.231972430450075207e-01,6.014616434462911609e-01,7.233212074093851029e-01,7.867005968984184250e-01,8.063936385658737604e-01,8.482781440502318304e-01,8.458662215629535464e-01,9.963186937969673584e-01,4.799792796583061127e-01,5.842866904614867768e-02,8.070450415960916946e-01,8.159636002584981229e-01,6.125822539521875720e-01,9.173294652389136772e-01,3.753971073539818515e-01,7.321119512246978545e-01,6.876967177646766682e-01,9.275109128721010787e-01,4.560155982516541084e-01,5.776877193984015779e-01,9.881708098159580622e-01,8.537505048504588911e-01,4.903502967887275465e-01,8.560596863222630359e-01,5.927027929704925535e-01,7.131540327957271996e-01,9.360665307990223560e-01,2.728502855818685791e-01,4.606634456271260225e-01,7.698631116230452154e-01,9.706687395951574260e-01,8.524286770235498523e-01,7.692869908336794627e-01,6.752346872866157312e-01
4.194248537802098831e-01,0.000000000000000000e+00,8.696850677558314313e-01,6.884868074328240883e-01,4.301634490919641896e-01,6.528979350262769099e-01,5.435572642121681008e-01,4.642916927532977356e-01,4.580353098097353359e-01,7.977962404716236744e-01,8.742436338379738769e-01,6.908413280337235562e-01,4.960025164352163118e-01,6.260209317910957472e-01,9.949920105697265260e-01,6.120448890071051862e-01,8.235641436656951919e-01,6.665686180563580310e-01,8.567238171746753839e-01,5.081860406064562241e-01,4.419061635950084499e-01,4.527610862155968530e-01,2.776325248641636767e-01,9.476427374580040919e-01,4.542885727400696183e-01,5.330240205629015460e-01,5.675883150729748028e-01,7.785254914726997821e-01,1.041649685414569870e-01,5.852489648619223495e-01,-6.572091959457604382e-02,2.227949420406424019e-01,7.149031950893234288e-01,6.432573650609572091e-01,6.593879496946057905e-01,7.721182440381020307e-01,2.785125838583948910e-01,8.295442155648119487e-01,9.217781545256522602e-01,3.777078133584899078e-01,6.157156297770588482e-01,7.410520670763496298e-01,5.387556324610052183e-01,6.272346477294459266e-01,9.742009072886760324e-01,7.449387799038739155e-01,7.400904749371488567e-01,6.774369661108190499e-01,5.113295483672752884e-01,3.809337907997807915e-01,6.513125442663487696e-01,9.258657653969959433e-01,7.536633995176217349e-01,9.949835281823045108e-01,8.908773031413315113e-01,8.786027219344777484e-01,6.123673950460861715e-01,7.139229823983074263e-01,2.286703998277133387e-01,7.055836350120604505e-01,6.043848781893538247e-01,6.176779667430077891e-01,7.441367993186013274e-01,6.161113239839336453e-01,6.513908182035440531e-01,9.664720825171728702e-01,6.876246400950321025e-01,8.405749544655475303e-01,7.537224662801351727e-01,7.054005229000032129e-01,5.866759235108903736e-01,9.345122618817032212e-01,6.915633202323021589e-01,7.558472899504872222e-01,7.967501076638547897e-01,9.286300157795863708e-01,8.241825001687165253e-01,6.726835065802052593e-01,6.900946571226507231e-01,3.953901077361056116e-01,-1.977940346567690910e-01,8.425837121984167677e-01,8.536564087290441361e-01,4.751803550484356986e-01,4.819670385464561169e-01
9.525918985211319079e-01,8.696850677558314313e-01,0.000000000000000000e+00,4.393660481651869287e-01,8.516536596581738561e-01,8.878318177301046665e-01,7.288238073599895284e-01,8.793836961379768447e-01,9.655975378666120656e-01,6.814017574575476077e-01,6.746300994672111973e-01,6.745926306282101770e-01,8.039060988374936434e-01,9.583893445741158423e-01,8.609281958299717097e-01,9.537992169503328732e-01,7.835777402319359375e-01,8.284451850315932564e-01,6.753394312438956160e-01,3.366105870593126825e-01,8.220685149576621997e-01,8.374856690944156856e-01,9.381399034768650447e-01,5.031078119822151029e-01,7.872019711902132899e-01,2.936159260809378391e-01,6.625535312403116883e-01,8.550189458483454796e-01,3.584892886202676321e-01,2.886074874741459961e-01,1.581147911484458712e-01,8.317701519471548677e-01,7.139056268060489652e-01,9.316146232167203944e-01,6.701072960301875936e-01,1.011210883940100863e-01,3.017754585853003602e-01,9.912447169638354261e-01,6.874159108795339090e-01,9.420055123820283427e-01,3.866068292354878366e-01,6.418427117783449543e-01,4.460238793181034445e-01,9.045908850920596489e-01,6.706738532705919242e-01,9.917203202646638349e-01,6.987309650386337445e-01,7.046799882799378301e-01,6.423413310915123686e-01,8.698374928903617187e-01,6.925548989451741910e-01,6.087693191643306356e-01,8.340694101856869214e-01,6.212008629559874207e-01,9.825142185989027555e-01,9.089849877719070603e-01,8.995232761611986483e-01,7.866015220224557014e-01,9.938733970754930480e-01,3.495782009573213944e-01,6.914981205519008522e-01,7.409361793119926265e-01,9.137258196533408761e-01,8.480088747662976045e-01,8.082665077220024807e-01,4.845318665726336960e-01,6.590305987827346224e-01,8.875552977615260852e-01,5.156072719239673807e-01,9.674403814614377373e-01,8.365463383694894395e-01,6.418841449803388555e-01,7.293924876024668880e-01,6.030801021362443004e-01,2.030658740967382081e-01,6.959507323063927053e-01,6.491192410715957983e-01,7.790220110890774263e-01,2.447207829368130694e-01,2.118943157081370765e-01,9.179492139084647340e-01,9.184828646204795666e-01,9.600263822928413182e-01,8.605456780941707073e-01,9.059007408930845884e-01
9.290297279443986422e-01,6.884868074328240883e-01,4.393660481651869287e-01,0.000000000000000000e+00,1.608697680168173771e-01,8.810488780685500343e-01,7.016426072391156454e-01,4.072093605221425716e-01,7.656022707416896278e-01,8.406445896618504054e-01,9.669110449889464221e-01,9.984967712760648428e-01,8.078210107281798003e-01,9.156595716533809659e-01,4.187542684098353729e-01,4.397143633375575345e-01,6.447049881809129301e-01,4.973206981798254933e-01,9.588331893848052179e-01,8.705374124482904152e-01,6.860210857863511258e-01,9.028445833261887765e-01,8.519816126563379832e-01,9.776169902353817331e-01,4.203544093563055251e-01,9.679562776777309585e-01,8.452317580238718486e-01,7.225126839244968568e-01,7.390505316369999633e-01,4.518110701553345043e-01,5.812627995037360495e-01,9.558116373001773747e-01,8.207048598691414343e-01,9.326735070511347203e-01,9.872451291805702800e-01,6.579900328150988242e-01,2.118456337254523703e-01,7.139668301715229592e-01,9.458016019568057375e-01,7.296660924367891488e-01,5.643641897882829550e-01,6.875822425965014695e-01,9.194990960077844555e-01,6.392930878141843687e-01,8.901520411366077301e-01,9.743548602641035616e-01,4.694858422959943267e-01,6.619098864541808069e-01,7.421790448433457366e-01,8.800207342320337522e-01,7.497850563818102554e-01,6.092921550312522250e-01,8.226497299530320939e-01,6.172304856704421416e-01,5.751159883684426877e-01,8.008197966522166977e-01,9.201059210699845670e-01,6.622663481680517439e-01,8.728899371444515110e-01,6.805442755638992924e-01,4.589324364651988231e-01,8.814333127188492822e-01,9.737382697174447044e-01,9.540941750267136756e-01,8.108834147931881509e-01,9.332982744192199753e-01,8.392934975680270693e-01,8.022097935715841732e-01,7.091632030249671315e-02,9.508360377409633690e-01,8.391946336794338102e-01,6.099554964229813026e-01,7.055817538392151755e-01,2.244946175718472714e-01,3.602357801996304287e-01,7.017494591369493051e-01,7.418688998193699868e-01,3.976030808564829933e-01,7.490363541286270133e-01,2.045809314499558440e-01,1.072797815589529025e-01,8.543380911622131535e-01,4.618943664407903493e-01,6.407559250654702998e-01,7.427777822327794599e-01
9.403218576955845176e-01,4.301634490919641896e-01,8.516536596581738561e-01,1.608697680168173771e-01,0.000000000000000000e+00,1.433211705056886831e-01,9.015477547386067103e-01,7.735551865678229611e-01,7.590206597146689771e-02,7.291329851558332464e-01,8.586884304772337551e-01,7.494247376580105424e-01,8.654735042131563860e-01,6.790025390304778030e-01,3.580613917411051839e-01,7.706959383182386825e-01,2.735487774996454013e-01,9.611262782389864423e-01,8.204663995458688630e-01,8.722428839506544129e-01,7.018208447898705016e-01,5.242546826537576310e-01,5.604576634413777070e-01,9.379933812145886396e-01,7.831220419239037778e-01,8.751100371400211131e-01,9.897373355681164941e-01,4.520550730706687226e-01,7.194482905142343121e-01,3.937196907223456943e-01,6.628794982316198181e-02,7.901035661039260694e-01,7.229240970506609631e-01,6.904696493712643157e-01,8.470716872703594191e-01,5.960071206385356701e-01,5.472489971871655756e-01,5.262746895605097119e-01,9.393151296462162181e-01,4.811957575032993484e-01,6.187253154933330945e-01,6.186674938217304742e-01,6.974292541541931012e-01,8.745812830765842261e-01,9.885958782757144903e-01,7.340499372478437312e-01,9.477109827341776427e-01,9.227730184908707889e-01,7.915059167772098281e-01,7.582027298808813320e-01,4.759979265669117554e-01,2.459908061415753966e-01,1.382286057967357651e-01,5.542512883580423821e-01,7.495175350514904355e-01,4.359080079349473280e-01,9.032001164651871639e-01,7.340535888523165298e-01,9.662347019257236935e-01,6.727485570819392580e-01,9.396746093485699447e-01,4.841305725415320227e-01,6.596928839106601661e-01,8.512423523670580305e-01,9.001837974544520948e-01,9.261363248410842131e-01,2.502056741352515212e-01,6.444319245438845378e-01,-1.977572983602259304e-01,9.133293672257449813e-01,6.441633216344817559e-01,6.986048336834356220e-01,2.481556582356402862e-01,4.948270885246670026e-01,5.574341145298338240e-01,1.883157694748610611e-01,8.792722684130545030e-01,2.679909696743888459e-01,4.388168591825275522e-01,6.000775955953101537e-01,7.437643571411176602e-01,9.373164291856130870e-01,5.682920656390193503e-01,1.706412277159639196e-02,6.110466302982988651e-01
6.274215992817808729e-01,6.528979350262769099e-01,8.878318177301046665e-01,8.810488780685500343e-01,1.433211705056886831e-01,0.000000000000000000e+00,2.384401625495241317e-01,6.764334834364239546e-01,8.122149955154474021e-01,3.541487740523785455e-01,8.807086107505979200e-01,8.756964500683585007e-01,4.398103987838249962e-01,8.555223768449472521e-01,6.349125584433888969e-01,9.707656476042272331e-01,5.923417848018877052e-01,2.007657466069446006e-01,5.522492021648626181e-01,4.650078253990331256e-01,8.710424248408326076e-01,6.964338716648795780e-01,1.702132003771330282e-01,6.340851813780745694e-01,6.947576880465037297e-01,9.595152342777923948e-01,2.965078503122084985e-01,9.341164438973335038e-01,7.067038857883043423e-01,7.361798281767967245e-01,2.779550939894595007e-01,5.372912749779713559e-01,6.969017490850812901e-01,6.827701124853478021e-01,8.119031538172932772e-01,7.634011776129918658e-01,7.251510707345261153e-01,8.366496236141189868e-01,6.718321577266932465e-01,8.552568371875556297e-01,7.723933399381324172e-01,7.433942692086428217e-01,6.674346846839182001e-01,5.917627504162041863e-01,5.207726079835430788e-01,6.351667670120670905e-01,7.968488691612694019e-01,4.285620331782877268e-01,6.436988112791410810e-01,8.476884912974467223e-01,3.454968138514871723e-01,6.665096682641473702e-01,9.004229399599729122e-01,8.084059198903161825e-01,8.316747965523519914e-01,9.042900367819018959e-01,8.766547609709548494e-01,9.785541304201166302e-01,6.175077193221001348e-01,9.572962814933863029e-01,5.754759527457262713e-01,5.441342776384748836e-01,8.159561404125134088e-01,9.707020492124985855e-01,9.522825859715335906e-01,8.783452483845045622e-01,9.531134173728066372e-01,9.405022961671506421e-01,6.081359594244534206e-01,2.201960116093369946e-01,5.179695041108511866e-01,6.154492336024548482e-01,6.725168734169665319e-01,6.890884132501607917e-01,7.098692394752762480e-01,6.838105889294086026e-01,6.759516588941461013e-01,7.447430169146940226e-01,7.591293977048172437e-01,3.032806245343785401e-01,3.197050831369144808e-01,9.577369151333769981e-01,6.654542307190515205e-01,9.153359073362252740e-01,4.926287825565239253e-01
6.228255362517830518e-01,5.435572642121681008e-01,7.288238073599895284e-01,7.016426072391156454e-01,9.015477547386067103e-01,2.384401625495241317e-01,0.000000000000000000e+00,5.452530472415313412e-01,9.892931425020594638e-01,7.511304505712017576e-01,7.925339706502412263e-01,4.509456732305811566e-01,4.800796494781726098e-01,6.843955938951208351e-01,5.560739529601277376e-01,6.488981564794683576e-01,8.598348294387166968e-01,5.870907184073730356e-01,7.306882715212298374e-01,9.616548022395730033e-01,9.301398617079521536e-01,7.656490947274449121e-01,5.258162806923165622e-01,8.815334181847297446e-01,7.136627866438305379e-01,4.323872260248233235e-01,6.599790778502576671e-01,1.323313248595701930e-01,4.320452210412475402e-01,6.126592556698329251e-01,3.992586195631953050e-01,1.316173211999010495e-01,7.284736022065623207e-01,7.769992225499235960e-01,5.353601276308391776e-01,5.698864681383433162e-01,5.015845758433483681e-01,1.830173809884408920e-01,8.142250649197073642e-01,4.663452605039101750e-01,2.620089469261059345e-01,6.205430350589761224e-01,6.358521167721360445e-01,7.396991888724717690e-01,5.149038557805676319e-01,8.097573111111160404e-01,6.673002147636408754e-01,5.659844959234521244e-01,6.524206692543736974e-01,4.494762284238809635e-01,6.737966085698940955e-01,7.371386418426795206e-02,7.914177881673799542e-01,1.388048958858008608e-01,7.381945508797984612e-01,5.624526824441480333e-01,5.085726967479182736e-01,5.946077819013732002e-01,6.169101007163639849e-01,6.806870774676974101e-01,2.071337844962177835e-02,7.447528081485808027e-01,2.766588608946913830e-01,8.482243287673568721e-01,7.508379377511098518e-01,7.072616734417569440e-01,6.488905467171199870e-01,7.305934445966910662e-01,4.626960108369971847e-01,3.489469564769939192e-01,6.946630920536627229e-01,6.127026566325786128e-01,4.145672374911515412e-01,-1.150546142409815259e-01,6.483110936236887722e-01,7.427966687212412822e-01,5.970365636071442994e-01,5.140205300844109537e-01,4.838070314484467227e-01,1.919395596659120573e-01,5.436605778598218031e-01,8.816676727417388504e-01,9.679615989977819260e-03,5.595210896721470872e-01,4.262049566629971115e-02
8.140759913638402345e-01,4.642916927532977356e-01,8.793836961379768447e-01,4.072093605221425716e-01,7.735551865678229611e-01,6.764334834364239546e-01,5.452530472415313412e-01,0.000000000000000000e+00,9.047365411563463855e-01,5.802198930836042212e-01,9.098324645327746651e-01,4.492767553788871160e-01,4.668418422355720132e-01,9.345979707289117089e-01,2.322647099767098378e-01,3.221610978275818993e-01,6.872335556230696474e-01,7.971350542927713168e-01,6.817523711810740128e-01,9.233697499661729369e-01,8.383951878335682562e-01,9.715799163552767403e-01,7.011799019152410439e-01,9.947652360104750624e-01,4.029601407132048507e-01,9.145309158173363651e-01,3.796900679684616642e-01,7.513667940396789868e-01,3.071047257776787776e-01,8.453116843140547898e-01,1.749249256673903741e-01,5.069396971216821868e-01,6.158821448151070577e-01,3.622467387399500582e-01,5.963261372362035351e-01,1.280749873520631577e-01,2.802634127197477509e-01,6.299628159814031347e-01,9.567848687807839481e-01,6.719959332600488056e-01,7.882027959829936981e-01,1.786722326687177620e-01,5.434293790738410346e-01,7.954952061860709467e-01,9.378914313194729457e-01,5.207743306405480110e-01,7.652813017781190386e-01,2.559386658777828560e-01,6.101071829545617886e-01,5.972240242500997942e-01,4.868840032629773718e-01,6.569904588137398527e-01,3.375939801436524945e-01,4.129773793099163481e-01,3.873516167977009150e-01,8.076948669477747034e-01,9.737565574324030804e-01,7.129738054418819360e-01,4.469653996599837198e-01,3.735673455234630458e-01,4.743265475345064264e-01,9.033729541967514542e-01,6.132406803389329752e-01,9.383895496881802245e-01,4.989534781521260398e-01,-1.297751745290425807e-01,6.746397487891985234e-01,8.193497128820305120e-01,7.527346214444080585e-01,6.669031912489093994e-01,7.543199768613277900e-01,4.446049453021181930e-01,3.614863640583515503e-01,5.169318827442431763e-01,7.565739830262825372e-01,6.267893132772877074e-01,8.540024076914345397e-01,4.731682079187842227e-01,2.733103626149470111e-01,7.655159279107436321e-01,7.189386380724782644e-01,5.658809200806951267e-01,7.249904237367766902e-01,5.315103693926748196e-01,4.782107730017651770e-01
4.007202971857162233e-01,4.580353098097353359e-01,9.655975378666120656e-01,7.656022707416896278e-01,7.590206597146689771e-02,8.122149955154474021e-01,9.892931425020594638e-01,9.047365411563463855e-01,0.000000000000000000e+00,4.696563589048537990e-01,2.603336457746914800e-01,8.245977040651885082e-01,8.266165538640404264e-01,6.422851933823818804e-01,4.527648893980851241e-01,8.798670989076533555e-01,9.780146429580128808e-01,6.791588987647512177e-01,6.167211882755361252e-01,6.828420026603331250e-01,8.353389091290348567e-01,9.489459664887048840e-01,8.516461111838661280e-01,6.650400844571854320e-01,8.515331952809978011e-01,6.444840282069033144e-01,8.127256465537334718e-01,6.234452636639106204e-01,-8.360680601998131400e-02,7.132416887112817960e-01,1.497045210150988737e-01,2.098101662852359106e-01,3.491872662756692058e-01,6.648196039016410763e-01,5.428579846445232837e-01,7.672848981169383409e-01,2.815981013335424055e-01,4.345849177414785602e-01,4.900847625734506274e-01,6.046972773925135547e-01,2.185765330083245250e-01,4.828182485902851595e-01,6.508714636615844373e-01,6.952049711960944789e-01,4.337669385423502666e-01,4.085837724659510117e-01,7.081129941095848368e-01,7.397164291855216067e-01,3.873193234470603263e-01,9.065506887206216113e-01,7.497091263286180807e-01,7.409036141529710129e-01,7.018576070752930995e-01,7.647947490075013288e-01,4.848728602562140111e-01,8.865262422881823312e-01,4.037528810599128049e-01,9.011006314943212914e-01,8.932771064006773676e-01,9.711591285256138129e-02,5.887459518266053848e-01,4.865110529463402278e-01,5.696429665496990369e-01,8.701192276964972994e-01,6.184230346502028741e-01,5.269883353739129861e-01,7.837772457008286286e-01,8.840511857434549814e-01,4.399948517756226418e-01,4.838891894148885653e-01,9.899040410273789448e-01,9.199570016439735376e-01,2.508689653575001399e-01,6.592005856416226495e-01,5.261585017683778620e-01,8.555381001067843272e-01,7.578787030800199220e-01,7.782785490288501862e-01,6.166772822640101959e-01,7.629218393051347968e-01,2.437233088471049969e-01,7.525913051193184877e-01,9.324761796843133999e-01,8.352078890586357024e-03,7.326145456650363652e-01
5.877460677425228042e-01,7.977962404716236744e-01,6.814017574575476077e-01,8.406445896618504054e-01,7.291329851558332464e-01,3.541487740523785455e-01,7.511304505712017576e-01,5.802198930836042212e-01,4.696563589048537990e-01,0.000000000000000000e+00,6.790180139137552695e-01,6.610793362292284314e-01,9.755496873784825773e-01,9.344693672817737662e-01,7.813673488811901935e-01,9.359339429196508187e-01,8.506761547736739759e-01,7.630674011824531977e-01,8.453817666709073642e-01,6.856224014830593072e-01,6.564391282736374844e-01,7.124918097119039562e-01,2.456976148666293047e-01,8.852353628793021567e-01,6.915477526908390127e-01,8.344901807830729101e-01,7.180849232396377957e-01,9.442985070602611941e-01,6.430131066212156910e-01,4.508444134155027705e-02,5.368630176854211067e-01,5.442312854020572299e-01,7.567312777284107561e-01,7.152576370925012306e-01,7.323175412330832357e-01,5.876703063448933673e-01,5.497825718882565216e-01,6.412205619457923556e-01,8.248406886332674270e-01,5.025605663651211419e-01,4.536175514541449655e-02,2.820292614506997864e-01,8.284204674033726068e-01,8.719490955710135216e-01,9.335036807196648301e-01,9.788121149954288613e-01,8.467495285665921356e-01,8.014887715809682067e-01,6.940624489195497127e-01,8.202924713653108046e-01,2.686408568612685954e-01,7.900460784356950761e-01,5.093410351367276823e-01,4.711752647356325929e-01,8.273332303816751665e-01,9.459029027922523092e-01,6.561834716644672216e-01,7.718616029306294424e-01,6.087843589104672271e-01,9.620021919090117057e-01,3.378448254819538810e-01,4.717141084362097558e-01,6.643335906783820466e-01,7.122440476938658449e-01,8.878221298528945482e-01,7.945791750037585199e-01,8.416507716906016512e-01,8.650085903928280695e-01,6.562674811426481014e-01,2.764273601210492926e-01,7.891710857283239511e-01,4.620470759037637043e-01,2.084623698876883202e-01,4.074746179408022528e-01,7.091857301441358841e-01,2.120332798717116385e-01,9.304987596701604913e-01,7.526939481944968646e-01,3.446274539587836916e-01,2.074722168886812823e-01,6.361729696940781054e-01,6.630773258518449786e-01,8.340366885287859855e-01,-8.635527933185604965e-02,9.010782912683025225e-01
9.938721320102166246e-01,8.742436338379738769e-01,6.746300994672111973e-01,9.669110449889464221e-01,8.586884304772337551e-01,8.807086107505979200e-01,7.925339706502412263e-01,9.098324645327746651e-01,2.603336457746914800e-01,6.790180139137552695e-01,0.000000000000000000e+00,7.469595136005292568e-01,9.820607569786323765e-01,3.634411368982600754e-01,7.574967968510735172e-01,6.417149954697727310e-01,9.108412639581485726e-01,7.091019003849282631e-01,6.612852596257090543e-01,9.381763236066034128e-01,8.167057448022326804e-01,9.313334544125708714e-01,8.251847974466526292e-01,7.877378242141215570e-02,6.902834457144698677e-01,7.611645514531875101e-01,9.750817004452232428e-01,5.824923045853455106e-01,6.304877576340650602e-01,6.143176133902427116e-01,7.491688969311647295e-01,8.934502431766360164e-01,3.304754009162166328e-01,7.278264071879102515e-01,7.590128364424474361e-01,5.125895007845456819e-01,1.476914934777175115e-01,7.054383340556684701e-01,9.522381234169290387e-01,5.064361514520864249e-01,4.585756160492842626e-01,2.220568429633076601e-01,9.834361898239001309e-01,9.208660642932792184e-01,9.268269686265269147e-01,9.664538187723263896e-01,7.244989902476737242e-01,1.253886328560497032e-01,4.397996083163484560e-01,9.720096363147738838e-01,5.340875333408530157e-01,6.759299346882139403e-01,6.079785601315669252e-01,9.319536511852708482e-01,8.089768196588953408e-01,2.788487194418900472e-01,6.631633544953983161e-01,7.587266178827031249e-01,6.673275439735402159e-01,6.489064702586840871e-01,5.548540121337193209e-01,8.519940921272503020e-01,5.341233624046188844e-01,8.375165932780528344e-01,7.803869865379788884e-01,5.995473262621551225e-01,8.173570210378675593e-01,8.362898383548922343e-01,3.744825471623610680e-01,7.982425885060332460e-01,4.694814587589357657e-01,9.102180491199702850e-01,2.695287806728523597e-02,3.906817699627692653e-01,4.596225250311973820e-01,7.556161415202886644e-01,8.282012759060476403e-01,7.176538436890304018e-01,3.045239820754135907e-01,5.333825572221985167e-01,6.312518030355807053e-01,7.638534420813267722e-01,7.142854596574733650e-01,6.593587765765828168e-01,8.767563219905794014e-01
6.648118207432180959e-01,6.908413280337235562e-01,6.745926306282101770e-01,9.984967712760648428e-01,7.494247376580105424e-01,8.756964500683585007e-01,4.509456732305811566e-01,4.492767553788871160e-01,8.245977040651885082e-01,6.610793362292284314e-01,7.469595136005292568e-01,0.000000000000000000e+00,6.755157226222483491e-01,1.595333585484154382e-01,5.997740164960547737e-01,7.136766674242781550e-01,7.999744745240311428e-01,5.239334904686756555e-01,9.660256191098283152e-01,8.198622546278826473e-01,9.229547764016832190e-01,4.151411444806757944e-01,8.684135561516257429e-01,6.285737154698177731e-01,4.874289274395497418e-01,7.236339294797108357e-01,6.581602738516530993e-01,6.312670380119127511e-01,4.014038969573162641e-01,3.909596452388905408e-01,4.463213709395712492e-01,5.374588270304750948e-01,5.929488662158330925e-01,8.424379776790277274e-01,9.236903594610152979e-01,1.203976115777639910e-01,9.150847802708786394e-02,6.263803239365181019e-01,6.597806311759198961e-01,3.564466503842057543e-01,2.335152737755236685e-01,7.336405415683270315e-01,7.393825926276301752e-01,6.079343518807528435e-01,5.048423771061516518e-01,7.423142166299226963e-01,9.734056666155327386e-01,9.769089003973385754e-01,5.472374246609369441e-01,4.943750723887571086e-01,8.338678652221229726e-01,7.253956537045307407e-01,7.996939165357246360e-01,6.910593201141247421e-01,8.455389683611358453e-01,9.684228876761705740e-01,3.031381689588375505e-01,8.756722351616367250e-01,7.389494379801729851e-01,5.559221303182504403e-01,2.369049301019486020e-01,4.303486820973954075e-01,6.734950911029247145e-01,8.867196974956971234e-01,7.349193698247583617e-01,7.472336954931940722e-01,5.184145389072943866e-01,8.425796009240675843e-01,4.015311000404096498e-01,6.948078804121926577e-01,9.733056472221235378e-01,2.276239519569322467e-01,6.621472207805851884e-01,4.513723349255452377e-01,4.084330085254064824e-01,4.454017121976254767e-01,9.044486572883755349e-01,2.436558143967570700e-01,6.442260372035116811e-01,1.672602393059367254e-01,6.029154230202119491e-01,7.873608443675098600e-01,4.142906264050749687e-01,4.350506958684774439e-01,9.217693903997266069e-01
6.960886791197138379e-01,4.960025164352163118e-01,8.039060988374936434e-01,8.078210107281798003e-01,8.654735042131563860e-01,4.398103987838249962e-01,4.800796494781726098e-01,4.668418422355720132e-01,8.266165538640404264e-01,9.755496873784825773e-01,9.820607569786323765e-01,6.755157226222483491e-01,0.000000000000000000e+00,6.887767980183460148e-01,5.280580238036247653e-01,7.279683961695941896e-01,7.000825183075168878e-01,7.133171320948795691e-01,9.139194945101948298e-01,5.394700093263856688e-01,9.526816511505336038e-01,6.079629933718724288e-01,9.014741490618617403e-01,6.939984858285925817e-01,3.242980080092350836e-01,8.782184860172028706e-01,7.858969273875565653e-01,6.491610356800164849e-01,4.017064180049773614e-01,5.329996147407166651e-01,2.611439800879509776e-01,4.069413448783401610e-01,4.881895637157446233e-01,3.225754973139547399e-01,9.340804264352605690e-01,5.881177105309598474e-01,-3.525636434159151733e-03,8.247743083093790339e-01,6.077198211212280210e-01,8.165550386040261177e-01,3.409738942875869538e-01,7.939358088112613565e-01,9.315682271234746459e-01,8.165819916588661354e-01,5.806868251575335593e-01,7.937320144930452015e-01,6.155369597577734497e-01,9.521951105930525072e-01,9.070708341208102432e-01,8.430929511940886689e-01,8.541810372522294914e-01,5.878125911791829417e-01,-1.767992971007964209e-01,9.046169848107067368e-01,8.517651181311693964e-01,8.902562192356571202e-01,5.031558696233087158e-01,4.801716574676444527e-01,9.607101609324445457e-01,2.269347233798035823e-01,6.348587263733024288e-01,5.204715440529608106e-01,8.476195847328846789e-01,8.253005370164381294e-01,9.397180548437750192e-01,5.516651954630518162e-01,1.330015040880929145e-01,8.559852223068386001e-01,8.675128662699558291e-01,5.456228531471207788e-01,8.293242781501577454e-01,6.743225670288189866e-01,7.615592182588085679e-01,5.960559155557569877e-01,6.853464729545085676e-01,8.748349486403486086e-01,9.178822968450747188e-01,8.879594412423015282e-01,5.105206227978820177e-01,5.600773488014728629e-01,6.577394633810955682e-01,7.828539473190180287e-01,9.569347901143212543e-01,2.267818274027844638e-01,9.875800540801670246e-01
3.705715075947700887e-01,6.260209317910957472e-01,9.583893445741158423e-01,9.156595716533809659e-01,6.790025390304778030e-01,8.555223768449472521e-01,6.843955938951208351e-01,9.345979707289117089e-01,6.422851933823818804e-01,9.344693672817737662e-01,3.634411368982600754e-01,1.595333585484154382e-01,6.887767980183460148e-01,0.000000000000000000e+00,8.153237566758670951e-01,8.026100214656577414e-01,7.464316520183290615e-01,2.143226469135983969e-01,6.297763431302531023e-01,4.439888623999432293e-01,8.946348240569855781e-01,6.601669064733619585e-01,8.018582356063396199e-01,3.293995952566286523e-01,6.677807580813008848e-01,4.912008335701575357e-01,7.580891388572686962e-01,7.466230523648148543e-01,7.943443178860360998e-01,3.671971839288457051e-01,4.193580657881176843e-01,9.245520614649442859e-01,8.891498836673429329e-01,3.737542300926440797e-01,2.857694520383587955e-01,2.580423419634527149e-01,5.783137748435752679e-01,8.651423001740202734e-01,4.506010008538143263e-01,7.960726820836432349e-01,3.467254172429151127e-01,9.448020681432953705e-01,9.808864850746537023e-01,6.246106495625063371e-01,5.654361590017110695e-01,5.899304822475623933e-01,9.819083328102441444e-01,6.605068081945399960e-01,9.800410232526085563e-01,7.160132747891997385e-01,8.410021099293593094e-01,7.850760853712996923e-01,8.964095192475414198e-01,-1.060715412187002576e-01,9.401490881395364596e-01,9.162666020755511065e-01,7.373033968237945324e-01,9.780680805934749422e-01,5.541588683407553395e-01,6.422405355517586401e-01,4.035917647767244265e-01,5.800371253653869852e-01,9.107330806484598140e-01,8.974681402491889726e-01,8.931333348049117493e-01,4.373381386040632868e-01,8.894571885749377183e-01,9.957521219453515648e-01,8.512200524043196381e-01,7.289751804716664285e-01,8.889768428605457906e-01,9.778982276030274701e-01,1.388663327807630743e-01,3.620090592643196437e-01,6.861494197401596384e-01,7.584046338516398089e-01,8.396631122685552784e-01,9.748487282668706344e-01,6.185308927367955123e-01,1.271322710205266271e-01,8.898273856577713081e-01,6.086201597188825030e-01,4.902189541473307988e-01,1.160537522320562731e-01,8.607712218846900187e-01
9.016027164711992725e-01,9.949920105697265260e-01,8.609281958299717097e-01,4.187542684098353729e-01,3.580613917411051839e-01,6.349125584433888969e-01,5.560739529601277376e-01,2.322647099767098378e-01,4.527648893980851241e-01,7.813673488811901935e-01,7.574967968510735172e-01,5.997740164960547737e-01,5.280580238036247653e-01,8.153237566758670951e-01,0.000000000000000000e+00,6.495326362765075912e-01,6.780597243749060254e-01,8.283522537312568712e-01,4.719287108977982537e-01,8.203939951144911813e-01,9.864164032100899426e-01,4.629341121866678010e-01,6.945877943294082035e-01,6.133308718791623537e-01,5.314850524175001034e-01,5.426548503066230822e-01,7.392683837608589048e-01,7.153760821035998196e-01,3.230229158245905285e-01,4.526002811515172364e-01,6.541658754725603320e-01,6.490347921377279672e-01,2.145292578298066410e-01,5.919532057745491294e-01,4.936698348310539775e-01,3.121574814104385309e-01,3.931681649370696863e-01,6.813532340631722750e-01,3.740669764592415847e-01,2.080990807573687151e-01,9.100227989749216928e-02,7.424444000770322738e-01,9.885767456830540922e-01,7.144150760634817576e-01,9.011482637207613999e-01,9.909968712968868498e-01,6.564938219727629587e-01,7.330501556899493565e-01,9.872458648803204007e-01,2.988502474204951520e-01,4.057626077467934023e-01,7.831441009474826576e-01,9.509702046422224830e-01,6.529182409625706729e-01,8.430125538932358165e-01,9.228201806923252981e-01,6.027350706791289037e-01,9.987459047770841369e-01,4.507476494998250982e-01,5.831393526076634748e-01,7.646791869396297736e-01,8.653693469241690028e-01,4.895630907643592766e-01,7.998546718475567641e-01,7.158967155501897439e-01,2.916360241884828897e-01,9.879655509644674760e-01,7.351172675092174646e-01,7.557929900837148107e-01,4.654697368380627531e-01,1.678896822650507437e-01,5.773814698022869951e-01,4.408471293170595495e-01,4.221872347566985040e-01,2.855504007634518393e-01,5.139179115478487159e-01,9.404796910671994192e-01,6.706490613933533407e-01,5.167065906493448768e-01,2.212828548445135435e-01,8.608132454239565412e-01,8.532577043902328517e-01,9.921637367929534435e-01,5.547042974891266409e-01,4.925032376213041019e-01
6.572339817804807582e-01,6.120448890071051862e-01,9.537992169503328732e-01,4.397143633375575345e-01,7.706959383182386825e-01,9.707656476042272331e-01,6.488981564794683576e-01,3.221610978275818993e-01,8.798670989076533555e-01,9.359339429196508187e-01,6.417149954697727310e-01,7.136766674242781550e-01,7.279683961695941896e-01,8.026100214656577414e-01,6.495326362765075912e-01,0.000000000000000000e+00,9.987364366310701458e-01,1.938435010018922933e-01,6.445492823181431241e-01,7.650428067946396515e-01,5.930025032496429871e-01,4.813239874416024300e-01,8.584421423291416220e-01,9.101518226439420101e-01,7.066044026163728065e-01,7.071293986712042789e-01,9.795477383090342993e-01,5.588219007352158707e-01,-5.514292439662651923e-02,7.140897632019428398e-01,2.135756893358501940e-01,8.097395971256124980e-01,4.519923561052740513e-01,6.807420580936733856e-01,4.453167537848481405e-01,2.111959005326457528e-01,4.002230463262469451e-01,8.410148656605520578e-01,8.961696918290222857e-01,8.209816781606836811e-01,9.730593634988533580e-01,6.563876842677264234e-01,3.535100736363231966e-01,6.630691025148707229e-01,8.543110672114582194e-01,6.346048443082555890e-01,7.264822199795203383e-01,4.564658178202113947e-01,7.129787677981146432e-01,7.267392865887954967e-01,5.373153445388241245e-01,6.577374025967328564e-01,8.801558227760387654e-01,6.060755494244116637e-01,6.300074845244453270e-01,7.090069594774593975e-01,5.218154593359664029e-01,7.181059965878615614e-01,6.412705499086897021e-01,8.772934563262213548e-01,6.877942103807176411e-01,4.991399149375671529e-01,8.480894566558596637e-01,4.926553456141491427e-02,8.775996964792112109e-01,2.951033385938015008e-01,7.871088025018501133e-01,2.628477811447107459e-01,3.243762456456182885e-01,3.376404287757857059e-01,3.844142713526563782e-01,7.939316744712705542e-01,3.323495540860237907e-01,4.755805327003292948e-01,2.630497195603467842e-01,6.936286185223224932e-01,7.346513221782475789e-01,8.305659328467046576e-01,-1.973549908991126811e-01,3.803763940673149380e-01,2.605514081340594701e-01,8.642186885383429384e-01,7.181171295339774385e-01,6.372177888414807256e-01,9.656358230695882838e-01
5.925036431267758363e-01,8.235641436656951919e-01,7.835777402319359375e-01,6.447049881809129301e-01,2.735487774996454013e-01,5.923417848018877052e-01,8.598348294387166968e-01,6.872335556230696474e-01,9.780146429580128808e-01,8.506761547736739759e-01,9.108412639581485726e-01,7.999744745240311428e-01,7.000825183075168878e-01,7.464316520183290615e-01,6.780597243749060254e-01,9.987364366310701458e-01,0.000000000000000000e+00,8.577471977096037259e-01,9.859971022884089775e-01,8.386702087536744843e-01,4.064477250351234972e-01,2.358535469188122735e-01,8.411054792433029226e-01,8.419933617755460675e-01,7.881788761149567391e-01,9.154765111973840463e-01,8.589003584588843498e-01,8.707665969001112671e-01,3.623176662477933796e-01,8.431818514577398282e-01,8.444203714783862780e-02,8.992162294662410238e-01,3.527286980369512270e-01,6.098534583732255765e-01,7.674659580585406760e-01,5.616640125495426794e-01,4.033324269053584765e-01,9.277667829809952416e-01,7.076073420800734759e-01,2.115417581280642778e-01,7.786362501453470975e-01,7.568570662900910850e-01,7.266730775247869367e-01,2.621318714338631839e-01,9.895110578879038332e-01,6.465845339676650205e-01,2.106549197034560117e-01,7.989213174321159183e-01,9.414727265632828468e-01,6.182498475774667046e-01,7.241813965385919261e-01,8.948213286305526371e-01,8.297279295205339800e-01,6.138164831991912429e-01,9.486814396598105548e-01,9.108561590698641686e-01,4.013318490113516046e-01,8.649458840485786393e-01,9.722182523557543199e-01,7.042440286566030716e-01,4.506757132146729794e-01,7.708639445909024612e-01,7.146540736867563748e-01,7.435988279077487828e-01,8.029181987844815627e-01,4.982180461903851221e-01,4.440279654658947917e-01,9.851484536132029124e-01,6.984527609747913646e-01,8.906850710631299961e-01,6.155174150764022301e-01,8.724469812786266321e-01,4.367768537395416151e-01,3.622240856935190489e-01,8.953760159133898888e-01,8.094687486970465473e-01,1.138931747103907599e-01,9.820598492005064850e-01,3.414771344370516881e-01,4.764709705441739773e-01,4.645349731836005969e-01,8.172026567401292629e-01,8.224869847204132611e-01,7.746030669805274993e-01,9.288205666867479504e-01
6.542722495605696187e-01,6.665686180563580310e-01,8.284451850315932564e-01,4.973206981798254933e-01,9.611262782389864423e-01,2.007657466069446006e-01,5.870907184073730356e-01,7.971350542927713168e-01,6.791588987647512177e-01,7.630674011824531977e-01,7.091019003849282631e-01,5.239334904686756555e-01,7.133171320948795691e-01,2.143226469135983969e-01,8.283522537312568712e-01,1.938435010018922933e-01,8.577471977096037259e-01,0.000000000000000000e+00,6.802698114401368734e-01,8.208813083803541133e-01,6.751006497815765783e-01,6.288902051427824880e-01,3.209973149131104680e-02,8.501520714025044834e-01,7.132944834037506787e-01,8.201540118073790131e-01,4.107840906636929246e-01,9.103843452200294228e-01,6.633981292029375032e-01,1.106376955952020902e-01,1.807585846787976847e-01,4.422802860288819748e-01,6.194461072929128287e-01,9.145152534404989986e-01,6.109909974361416030e-01,6.094684590478602892e-01,1.091951793558973843e-01,6.420616013381279519e-01,8.459175215004239856e-01,8.839705422181436401e-01,7.189779821304903562e-01,7.317630775624420769e-01,8.149204609859004300e-01,8.483577778328909025e-01,9.362872131484860638e-01,7.547447888397281757e-01,9.824127488185175894e-01,1.636912834917725323e-01,7.757815600058961536e-01,4.701607277182182631e-01,6.501323395039254605e-01,6.419619138014833748e-01,7.728740286918248659e-01,2.252532386788161922e-01,7.520947269153016590e-01,8.727488959206164409e-01,7.435687929529976037e-01,8.501418540239391586e-01,4.786791788609672249e-01,3.521645040495680612e-01,7.164286318399524234e-01,7.972069998060230533e-01,7.517903614636445297e-01,2.295333322178075286e-01,3.147409121395941534e-01,7.224873462629000098e-01,2.336171136842146445e-01,9.661397646213604196e-01,4.070566378622762493e-01,7.801762128967797416e-01,7.127223372980689975e-01,7.968509012295609262e-01,2.978173801485080596e-01,6.899887075306482265e-01,6.038397236270688362e-01,6.497089120126018358e-01,2.130908840547116601e-01,7.189072005828711642e-01,4.509600967574079466e-01,5.524729506860062145e-01,3.247444420432726297e-01,8.929475684198293628e-01,9.839689242223912391e-01,3.496382922001137206e-01,7.986672665310421415e-01
