0.000000000000000000e+00,8.375291712430306124e-01,7.526484652785061513e-01,5.687304362663649915e-01,1.805088470329866135e-01,2.752535059376268745e-01,6.466581579246852840e-01,4.474744033292019640e-01,6.644194612725313753e-01,5.948186962377435272e-01,3.028923692846950400e-01,6.341379478506603551e-01,8.580911073747774509e-01,5.252691111333908092e-01,5.049829934208827087e-01,8.794784030554596566e-01,9.361351738330007111e-01,9.334313660496775800e-01,7.542329350997944992e-01,7.481186020356525024e-01,7.063399471842886079e-01,7.746287111911595025e-01,9.208914988442880034e-01,8.749856454035852549e-01,7.730871964402410423e-01,9.146160276390065125e-01,3.683666275825944192e-01,9.626715252464930206e-01,3.673495296484033945e-01,4.825797715837635282e-01,4.640285288649170781e-01,9.909872796829488628e-01,9.214479657355072462e-01,6.016132119933889078e-01,6.599199023740105474e-01,9.146385382796742292e-01,7.632043403952541993e-01,6.632292510314674594e-01,9.201223179681808917e-01,9.178607594151814153e-01,3.253312136447489289e-01,6.105182262445563168e-01,9.996250919410416547e-01,7.685919453586713690e-01,8.779355262631740597e-01,1.474874920691217339e-01,7.496129091449084125e-01,8.749631863365068263e-01,8.299867736354433756e-01,9.190745134430142738e-01,4.328837921190016313e-01,6.585745547241356190e-01,7.847600405544417068e-01,9.937170368871552917e-01,7.804518150705728186e-01,8.136973507449691834e-01,5.399106358219004642e-01,8.845847340291863592e-01,8.497566093241456509e-01,3.353189198476099753e-01,6.347080409792797973e-01,9.595662549859718116e-01,6.764942035371526163e-01,9.145709180751816492e-01,8.139436192192288644e-01,4.021847715847162164e-01,8.901238018929488183e-01,8.805687072251057179e-01,8.918533297615705013e-01,8.133592229100662374e-01,8.323251738266294053e-01,8.678923262042349540e-01,7.088113788418290984e-01,3.022025960957278601e-01,6.216173489576339861e-01,9.999586182477769869e-01,5.685262028068612805e-01,9.429642106428031134e-01,-1.013706192172981468e-01,5.233532744666279379e-01,7.244990652985289215e-01,9.932440084744713626e-01,6.436997501066521465e-01,5.479833156575741882e-01,4.695380462437959701e-01
8.375291712430306124e-01,0.000000000000000000e+00,9.187941419978566948e-01,8.835744779645892111e-01,9.320959113943603214e-01,8.999974784288801155e-01,6.601216614110185787e-01,9.935616503770062780e-01,7.653432368333785707e-01,5.463601769398102048e-01,1.089707781128998187e-01,5.624005970248631137e-01,7.428328528497736283e-01,7.582989278799375787e-01,8.755663646913699472e-01,-2.771881778238992067e-01,8.722245508456738516e-01,7.534954169661145507e-01,9.836699745192029054e-01,9.792705259487167746e-01,7.006547863245115026e-01,6.870917808618443035e-01,7.617682819701392383e-01,5.118651883470405339e-01,6.930257221548570268e-01,6.611675304063557856e-01,5.118850971431530006e-01,3.874471374108812705e-01,4.381900859672410720e-01,2.525588325142651414e-01,6.533852318201606169e-01,5.429224099649098134e-01,4.382530444938333991e-01,8.924407530019590196e-01,8.292490861499222099e-01,2.826386377615719980e-01,3.330813966036886842e-01,8.735211715615794903e-01,8.211926946145003958e-01,6.087669080212340100e-01,5.885955513567159292e-01,7.842921166064868999e-01,6.494218558045953271e-01,9.042539152232151878e-01,5.425713995080790886e-01,8.899428913358808924e-01,6.194055884824770652e-01,4.366710953076217150e-01,7.591144343948327267e-01,9.327526269191456221e-01,9.163811632102494276e-01,6.686815987282440643e-01,1.412756851586040863e-01,7.304145552041032552e-01,6.542962459517720486e-01,6.343502073338830316e-01,6.779703316362017951e-02,2.316333582550740844e-01,9.822260797234778629e-01,5.603858853919170269e-01,6.407628200411740194e-01,3.713497500514107430e-01,7.488025525343239286e-01,9.775452717986871098e-01,6.810569825099045405e-01,8.045113229190137272e-01,8.844793280963828552e-01,9.121465660140886111e-01,5.119329224283230007e-01,3.113795529768294545e-01,7.446771138983080407e-01,8.563115184199200369e-01,8.693599221188104131e-01,5.208451903166004815e-01,6.070052528679746873e-01,6.922319949811388540e-01,4.462198900822094694e-01,4.019180277299772008e-01,1.833550096966032536e-02,7.036491228461503322e-01,2.287416293342309781e-01,6.808948037374094042e-01,6.870389931071151368e-01,2.049537977454716775e-01,7.736082940677819764e-01
7.526484652785061513e-01,9.187941419978566948e-01,0.000000000000000000e+00,4.494867123304306933e-01,9.655343554571318432e-01,8.368626538942030013e-01,8.859946922354983156e-01,9.674213288974520264e-01,5.584360549743914159e-01,8.226547715222246593e-01,8.786907369807163137e-01,8.194043091804954493e-01,6.365395453495569233e-01,8.039936051704902331e-01,9.731548239012466350e-01,6.657701942141998064e-01,9.959638137995890927e-01,4.696997470628887505e-01,7.911523180486127460e-01,8.854276000147519587e-01,7.922205219322364655e-01,9.983031777944635365e-01,9.141440530833029321e-01,7.692265176511456914e-01,9.938067618343150444e-01,9.668219482466819947e-01,3.666816033450364110e-01,8.472134398808005562e-01,2.033570459522120455e-01,4.313416877085551882e-01,4.052019329195765684e-01,5.691977068690274866e-01,8.216372279033188342e-01,7.111083602854634256e-01,9.955056385431961807e-01,7.997604615983241461e-01,3.234900863513180402e-01,8.922643877656568634e-01,8.280205374191624834e-01,6.382723977287658723e-01,7.290386378440559811e-01,5.501473933424497753e-01,3.088129285172325211e-01,4.152061855266107604e-01,2.094300839444773743e-01,8.663824832025283085e-01,9.233045810561382183e-01,7.613610778068071738e-01,6.504549040243481350e-01,4.323740382394019033e-01,9.296743430410419062e-01,8.407846846953040965e-01,8.980440949549211016e-01,9.636589913768069948e-01,8.591210501424143553e-01,5.389489126880213643e-01,6.157791848928316769e-01,4.477399093733548940e-01,8.756544122816655173e-01,4.133663819145248081e-02,1.874041782981176185e-01,4.110176655164434201e-01,4.762071677116949675e-01,9.446267790906124340e-01,9.804083858712262511e-01,8.905559742014680369e-01,7.303287250112674434e-01,8.445137378018657826e-01,9.406456498880104711e-01,8.419059922230797133e-01,8.969722664756286656e-01,7.489582180027206659e-01,8.868971226861023238e-01,6.908610113640965000e-01,4.353452050693544795e-01,9.361822739830047979e-01,2.449163183316195036e-01,8.358055505863133394e-01,7.903862561102681372e-01,4.313704597414942388e-01,9.848938783864541469e-01,7.057441745967271141e-01,1.725406894091290402e-02,4.201135176547632355e-01,9.633946480009362157e-01
5.687304362663649915e-01,8.835744779645892111e-01,4.494867123304306933e-01,0.000000000000000000e+00,9.118897613046332840e-01,6.707124369865056224e-01,7.403045922577078386e-01,4.397287961740309337e-01,7.624524520439430741e-01,7.809209602779210169e-01,8.585048059433012524e-01,4.600657192224995584e-01,9.065394847809927770e-01,8.057340901385087184e-01,9.830747499241029308e-01,9.889480621458301979e-01,7.276648187702018378e-01,4.066809578224259702e-01,9.227987562744568439e-01,6.798004219191923214e-01,8.726429728513791506e-01,8.160570416177395092e-01,8.001659610607566586e-01,8.461607925279170939e-01,6.815593260773911144e-02,1.816183550731687024e-01,9.828099552447400189e-01,6.822281411307701271e-01,2.377378559484737697e-01,4.000738946918157013e-01,5.573484150477734378e-01,7.490070894562006476e-01,5.278148421317151451e-01,8.409905420969735479e-01,9.802227325450815210e-01,5.656933903604056679e-01,6.495872085515566052e-01,9.742557991619351654e-01,7.875749463238914672e-01,9.693311610012453894e-01,3.126269557754019490e-01,6.438127413078018613e-01,4.486372225831841698e-01,7.183794259637152901e-01,8.204262472646850490e-01,6.562808567299351914e-01,6.566877804703180610e-01,8.206009004360321768e-01,4.327126467887685846e-01,6.446423371683215331e-01,7.226550046321466025e-01,7.701794882333951042e-01,6.413041000138893777e-01,4.042905327453689690e-01,2.448306725171570664e-01,6.906114361491189069e-01,6.663400905396212881e-01,8.495902043347604016e-01,6.751832476440492448e-01,3.512311277035774504e-01,6.790780976019994593e-03,9.964364163561233445e-01,2.668870216351205138e-01,4.018404524396992916e-01,7.703887920915670762e-01,6.727143504859429690e-01,5.366723337069260191e-01,8.902495073940492887e-01,6.558349709001827232e-01,9.990510840175063079e-01,7.641524622020336999e-01,9.653867589085152190e-01,7.142001412501818303e-01,7.897492190012922464e-01,9.097311810350081629e-01,8.447021236273086764e-01,8.606561499759701750e-01,7.481865659699095117e-01,2.502424530137678516e-01,5.946872387265802473e-01,5.296405110595989729e-01,9.177926717742601603e-01,8.928308508470846894e-01,3.971593992707293519e-01,6.078682639160121193e-01
1.805088470329866135e-01,9.320959113943603214e-01,9.655343554571318432e-01,9.118897613046332840e-01,0.000000000000000000e+00,6.313117535158374594e-01,6.038007673497496341e-01,4.900712571759274772e-01,9.880176169496237559e-01,8.547522230655795195e-01,5.301591075425726718e-01,6.810645056192280444e-01,8.588920269842341693e-01,8.870313653132101406e-01,6.688678512492085559e-01,8.374213272920399964e-01,6.840648190662695916e-01,2.354386566405918813e-01,9.510323807606444468e-01,9.852631455455673759e-01,6.475679937832115041e-01,9.663630429522703791e-01,4.462503911678321056e-01,4.621333158422983312e-01,6.545913232408021587e-01,7.854697782129858030e-01,7.810977708846555956e-01,3.275583014852601060e-01,5.638543842361376512e-01,5.404194356253237963e-01,5.777011025239193742e-01,4.435631655704670717e-02,6.995007940549367031e-01,7.234919026767162586e-01,3.809527683992151581e-01,6.568792676553192322e-01,2.902439895926673952e-01,8.226686173541265523e-01,8.289912925284834699e-01,9.644725486603471509e-01,8.185048872419530275e-01,6.050255598268600155e-01,7.417802197680953835e-01,6.971654524555440657e-01,6.793907951505262499e-01,8.012531850828859270e-02,6.396975696420721391e-01,4.454937908255438561e-01,8.664560452138847513e-01,9.805540417501134032e-01,6.322552777867934681e-01,2.076629413477587838e-01,4.710714718023841785e-01,6.262637295017118300e-01,7.978380345585063260e-01,3.837317561586035541e-01,5.620137716283239993e-01,6.520481450659108003e-01,8.946378839837259012e-01,7.095131191644548085e-01,2.372868836921663283e-01,6.390765938451552497e-01,7.658856586793503229e-01,6.258959926244892502e-01,6.087098538466705344e-01,4.225076033128978281e-01,8.260156959259447040e-01,9.413629267893854902e-01,6.134437151624729800e-01,7.995912530696744902e-01,6.925449575265143487e-01,6.052468200475294990e-01,5.340154805787438175e-01,1.329004887364161058e-01,4.391704335757554700e-01,9.888136756693659546e-01,8.076933214241840409e-01,9.215131905565160375e-01,2.015779867125416236e-01,6.333009937078939999e-02,8.482860134772070015e-01,6.083388465952884738e-01,8.936735415798192639e-01,7.049846220413997777e-01,6.825191250638800167e-01
2.752535059376268745e-01,8.999974784288801155e-01,8.368626538942030013e-01,6.707124369865056224e-01,6.313117535158374594e-01,0.000000000000000000e+00,9.357702478044263028e-01,8.955536217339190586e-01,8.990965463019222614e-01,7.261022839058284273e-01,8.289339492550320543e-01,5.332376859600900243e-01,7.147227164231915175e-01,8.890587984608926408e-01,7.933677315759615212e-01,6.573121315938316167e-01,6.133937753641507395e-01,3.546677807148167494e-01,5.878954773396115607e-01,7.964512384500230802e-01,9.302983766487086248e-01,9.643416695602686772e-01,6.014997100119880979e-01,6.434521434931124162e-01,6.198197405437296803e-01,5.061509149275137398e-01,7.611336985572894065e-01,4.583509077214248939e-01,4.200468109133246863e-01,2.510571289046816257e-01,2.349272462634734160e-01,4.936978479197586256e-01,8.236595540685447414e-01,9.542509862002638288e-01,9.614388491143923687e-01,6.458377743376811919e-01,5.910911383352941417e-01,7.725318269317829056e-01,9.798653422103541510e-01,3.611544179343611494e-01,5.487448351129808888e-01,7.071754857444341180e-01,9.393252878410065509e-01,7.553226948993104761e-01,6.066001908819034227e-01,3.347618548222465185e-01,9.371006195757558555e-01,7.219186106209236620e-01,4.089338400445249322e-01,7.353162614428839783e-01,7.140183264780526340e-01,4.006735428597611448e-01,2.857418004980796788e-01,1.803426996479695621e-01,4.474558954443933478e-01,8.158869606405673158e-01,5.463942088854337742e-01,-8.229012623033875318e-02,8.708707362429628507e-01,7.424760828357028775e-01,4.226188729001414957e-01,5.834814167215640612e-01,9.319148809612377571e-01,6.268588409419838525e-01,2.369353890910424476e-01,6.470744894607545206e-01,8.967308816199426325e-01,5.883156042889741144e-01,7.686420026161282504e-01,7.704535462391153278e-01,7.232805082842931332e-01,9.070274412979261180e-01,3.543498379099471185e-01,1.452878048308509085e-01,6.019156024660742288e-01,3.677891195717067907e-01,5.959577746132972420e-01,7.369932027615462289e-01,4.742995164866086744e-01,3.236045676870070165e-01,7.284273933506824061e-01,9.188042334841849401e-01,9.700410948855235915e-01,8.943882254130407494e-01,7.076770695834622149e-01
6.466581579246852840e-01,6.601216614110185787e-01,8.859946922354983156e-01,7.403045922577078386e-01,6.038007673497496341e-01,9.357702478044263028e-01,0.000000000000000000e+00,2.759647687707579289e-01,1.591992846448402332e-01,5.328538457212250723e-01,-4.806465556499295300e-02,4.196796434801282061e-01,7.484114955368108557e-01,7.952061240418839549e-01,5.541242757519270201e-01,9.379849508474263908e-01,5.746292522319333962e-01,7.078427106186735429e-01,5.363222404694959478e-01,9.424814864350116173e-01,7.538301831326336133e-01,5.857516119831859269e-01,5.501022050315153011e-01,9.552352019828247442e-01,6.657913042104476320e-01,7.984307320898413884e-01,6.556221509450613771e-01,6.110970741043278975e-01,4.744229515878582992e-01,2.620819639633197862e-01,1.210936378050685991e-01,7.483761900630288011e-01,3.253095211267478248e-01,5.119462680770895391e-01,5.893329295611208218e-01,9.751205727657128453e-01,7.636567546208316015e-01,7.338203851918563281e-01,6.096068068821720587e-01,7.867481243088698672e-01,6.318212044766002844e-01,7.117018252845863646e-01,8.483227334197167568e-01,5.991712460274115637e-01,8.701182819995895157e-01,8.514274198655271686e-01,4.273460024970534565e-01,5.658923213392481610e-01,5.519455591780882964e-01,5.735754562361282671e-01,6.923964665968956878e-01,4.211046699727391540e-01,7.115547805143466187e-01,5.164722315556490306e-01,9.689885378658842363e-01,5.425785216394518606e-01,1.611485790815671282e-01,8.113599797926647206e-01,6.644287348855624220e-01,7.880455626611844178e-01,6.079179893256848599e-01,3.587194685198769051e-01,4.921075609501975312e-01,8.488836687581871043e-01,7.977799524536313136e-01,5.359371471502047957e-01,3.101311405636028029e-01,8.524596262752962561e-01,4.555023852742739465e-01,8.716733606016565661e-01,5.576635588673966026e-01,6.315005659757196854e-01,5.872911175274241335e-01,4.240080079729410811e-01,7.173306697778859542e-01,4.121409452413706265e-01,6.720383320091738444e-01,4.636438710409103159e-01,2.019958859873244861e-01,6.167459972909820065e-01,6.247321683890886268e-01,7.254384600038535913e-01,7.184104388744730896e-01,5.492813086074508355e-01,9.305343858216917896e-01
4.474744033292019640e-01,9.935616503770062780e-01,9.674213288974520264e-01,4.397287961740309337e-01,4.900712571759274772e-01,8.955536217339190586e-01,2.759647687707579289e-01,0.000000000000000000e+00,3.295967392761939285e-01,5.546022417436814456e-01,6.876621704017856773e-01,5.483755261882559129e-01,7.907303262163879465e-01,5.790593862730969432e-01,7.741775010790094003e-01,7.197649868968762910e-01,2.605932062022047191e-01,7.801022175524998659e-01,7.297944315223625633e-01,8.598737539145530073e-01,9.811840373143632110e-01,5.299634093807416013e-01,4.663559592495518102e-01,9.777788787909226231e-01,2.832009712641959664e-01,4.798666797873583634e-01,8.790884141539976326e-01,5.627462528045050760e-01,4.844945281817755744e-01,6.616571865701940114e-01,4.179464890150881573e-02,5.159917209654896197e-01,9.383290081337424260e-01,6.941672598822117290e-01,-2.565489887323157969e-02,7.137455519585460539e-01,5.187769617393730437e-01,9.881315299643549377e-01,7.424488979844697800e-01,3.287028788982956362e-01,4.577054535204709840e-01,5.565895233366895400e-01,9.858490806983662980e-01,8.198557820599178259e-01,9.525176077452671697e-01,5.598724027481667420e-01,6.744880756211593109e-01,8.044226306791046888e-01,8.007492526913344566e-01,6.068807867171266412e-01,3.104743981066676040e-01,5.147130366708987381e-01,4.662236691816264433e-01,7.866653765546353094e-01,9.898809936766537199e-01,9.533669901092339805e-01,7.091562378093793084e-01,6.776458941433751715e-01,6.676916401610122342e-01,7.350075938255155039e-01,5.861381295392995572e-01,6.841205583001517265e-01,4.901391278698873366e-01,8.877919244962486633e-01,9.556985326455773588e-01,7.614618747514793062e-01,5.330174932732653081e-01,9.168725421889352134e-01,7.328514475019409780e-01,2.688197142665643691e-01,6.513209498989107615e-01,7.648601345670069662e-01,3.185915373400070028e-01,5.285849285918600149e-01,5.322548859735581894e-01,3.426119633571004797e-01,6.684998521376820380e-01,5.028741161048109198e-01,3.384902428871547908e-01,4.456109896397993375e-01,4.059897751137271915e-01,8.556144128109934854e-01,6.578893999875458087e-01,3.478588883554566413e-01,7.847722778055232773e-01
6.644194612725313753e-01,7.653432368333785707e-01,5.584360549743914159e-01,7.624524520439430741e-01,9.880176169496237559e-01,8.990965463019222614e-01,1.591992846448402332e-01,3.295967392761939285e-01,0.000000000000000000e+00,7.877750050129787018e-01,5.402822898956911590e-01,5.785466978767449531e-01,7.961673819941172958e-01,7.114405727315686878e-01,6.163321211161389979e-01,7.190820205082553151e-01,8.638663517561330218e-01,-1.669967794377183734e-01,4.212168262214007752e-01,9.429487629581271291e-01,5.800703049931894562e-01,8.894191759449545653e-01,4.154364506261973844e-01,6.391689150509305417e-01,7.161712242110817028e-01,5.780319787475430848e-01,8.817137670461235865e-01,4.568403963472940088e-01,9.044867529374807091e-01,5.055911078323851449e-01,-1.491829367861477740e-01,4.044002807952049583e-01,5.857491459663081157e-01,4.045529258476630030e-01,8.962381403615504727e-01,6.061204023687212228e-01,1.253654840879900034e-01,8.949545766001858471e-01,8.429967961432723866e-01,5.589318395661833083e-01,5.854867664913809833e-01,1.214047922295385940e-01,8.880819416867452576e-01,4.311538103329389249e-01,8.473413951776338493e-01,6.909128729822567871e-01,7.922777875761377597e-01,9.517964563022731639e-01,7.971319264984253472e-01,5.186192206726134568e-01,7.714740731726789091e-01,6.826719171283216481e-01,8.529868063850102322e-01,4.868701819370300776e-01,7.256334284169028148e-01,9.788576719673038884e-01,9.033549602429797876e-01,3.436946341360936352e-01,6.209313198032915260e-01,6.795097808827380570e-01,4.921484138288762522e-01,4.914711605476437817e-01,6.684973626261963009e-01,9.558251680650353688e-01,9.289906593394458012e-01,7.336259994841107801e-01,4.116873969613601414e-01,7.120691108434840100e-01,4.719990270420033607e-01,9.348960523129580258e-01,9.040277188579171064e-01,4.520822795837065033e-01,6.554278428929769529e-01,6.149073642268754192e-01,3.938079097165395615e-01,9.050879863519181168e-01,6.994778918204570539e-01,1.578700147884231075e-01,2.643757736537711844e-01,2.307640230973126427e-01,5.538733029896583115e-01,8.757363457937411555e-01,6.994465334461141826e-01,5.937141261996177199e-01,4.446133489561674978e-01
5.948186962377435272e-01,5.463601769398102048e-01,8.226547715222246593e-01,7.809209602779210169e-01,8.547522230655795195e-01,7.261022839058284273e-01,5.328538457212250723e-01,5.546022417436814456e-01,7.877750050129787018e-01,0.000000000000000000e+00,7.103060764886122147e-01,8.467688548556888684e-01,8.988967233639281185e-01,4.815673847329092760e-01,1.240308190916699083e-01,2.368529866037228926e-01,8.697128953879668112e-01,4.599946618781660113e-01,8.435951448053375934e-01,7.172348048056086112e-02,8.260136029273584812e-01,7.340396127579783547e-01,6.689825802750817285e-01,4.262418502227467987e-01,6.871314258716769707e-01,3.069379321597553445e-01,9.933252739495117556e-01,9.242458512689311068e-01,2.627753623468672139e-01,3.993879907761365700e-01,2.692866891013572794e-01,4.410277995841579979e-01,7.641515940505596571e-01,6.608690713448417409e-01,8.927903368142072749e-01,7.163140683667322817e-01,5.392169925048735379e-01,4.137069209721478402e-01,9.729387677232665954e-01,5.835917053346929562e-01,3.144363636656947181e-01,7.793546315994202001e-01,1.923662000310834008e-01,7.737885593421972574e-01,2.723527475377028884e-01,6.367734798036562838e-01,9.248636160278455032e-01,4.045600426504406544e-01,6.237627746349742042e-01,6.178921199810192277e-01,4.320281553459195401e-01,7.962881156410064332e-01,6.624081176819394123e-01,8.445303045686425314e-01,9.322461088067532931e-01,7.270811481234153995e-01,5.042872407528943279e-01,8.186141153557905392e-01,6.863311500101582086e-01,6.095602515485020190e-01,7.546381593726271264e-01,7.999594213582972291e-01,6.026570569946052558e-01,5.325972091661007601e-01,9.575966457644564667e-01,6.187836271482789474e-01,3.580258140344501350e-02,7.379538440566868474e-01,3.622014021822423380e-01,9.282740285354982301e-01,5.736929727764602527e-01,9.423197842599566609e-01,7.648530956894741273e-01,7.007143628657663825e-01,4.807788983780562075e-01,-1.247693016334731619e-01,8.778062960286737715e-01,1.892643114006020699e-01,3.491050702970333042e-01,1.819144516743188278e-01,3.115193577918299317e-01,6.776236501926194977e-01,7.724722853761325503e-01,2.137928685984152588e-01,2.521474715597646910e-01
3.028923692846950400e-01,1.089707781128998187e-01,8.786907369807163137e-01,8.585048059433012524e-01,5.301591075425726718e-01,8.289339492550320543e-01,-4.806465556499295300e-02,6.876621704017856773e-01,5.402822898956911590e-01,7.103060764886122147e-01,0.000000000000000000e+00,9.899164519347456448e-01,7.446346102191228056e-01,4.468527034779326002e-01,7.149263617688168537e-01,1.469522639119469343e-02,8.885235138842141334e-01,7.063991314298907476e-01,8.332880815245136130e-01,6.250853838137478968e-01,7.741141603708723284e-01,7.716024432901082974e-01,9.017154505538561571e-01,9.814673468234513809e-01,1.218136276844428156e-01,6.370683635624616592e-01,7.043037077229988840e-01,9.994375846452153711e-01,7.352885056700839694e-01,7.001940335408295413e-01,4.835926783598302192e-01,6.514864596584731826e-01,7.362782351820895688e-01,5.653711525746772937e-01,6.163250667749567979e-01,4.534292778145193048e-01,2.398432323264890198e-01,5.338143962862849090e-01,4.532590549105788291e-01,7.463997253937009191e-01,7.763649436866668641e-01,8.500033156423956182e-01,6.978807594535153536e-01,9.975458312201457289e-01,6.100538198115579291e-01,4.430012741240961227e-01,9.391241521395989889e-01,7.396806438317882204e-01,4.551584314556001432e-01,6.146903279266323628e-01,8.240740193450668549e-01,7.818285379473507435e-01,6.145706668053150246e-01,8.318413363057339804e-01,8.726042920083143528e-01,6.262931060726939503e-01,7.644354654036001895e-01,9.389491870739139490e-01,8.805903580700102928e-01,2.820836667789837771e-01,9.560886434941361089e-02,4.682581776934489071e-01,7.372137764253516856e-01,9.074982835157122674e-01,9.304530549071418077e-01,9.600709604116833273e-02,8.234395374508042265e-01,9.210607823357290780e-01,3.979862556478924729e-01,8.267845986224201527e-01,7.171740480047739119e-01,5.098821539935328717e-01,3.842603845927107242e-01,4.213924155655858206e-01,7.848147078901512863e-01,6.198153248052609143e-01,9.367900300870168895e-01,9.502378009453874563e-01,2.625517743557027606e-01,5.448940340287995454e-01,4.761129925940361107e-01,7.591158358417854357e-01,4.037420906263236020e-01,5.187928402090793423e-01,6.881837098968190958e-01
6.341379478506603551e-01,5.624005970248631137e-01,8.194043091804954493e-01,4.600657192224995584e-01,6.810645056192280444e-01,5.332376859600900243e-01,4.196796434801282061e-01,5.483755261882559129e-01,5.785466978767449531e-01,8.467688548556888684e-01,9.899164519347456448e-01,0.000000000000000000e+00,5.887048871563724806e-01,6.679534074819752920e-01,9.645343353480049231e-01,2.557438513697198879e-01,4.013715487044588470e-01,9.994117127095699660e-01,6.301252156782721769e-01,8.877905821417892973e-01,8.656044128515145708e-01,4.349057973886941153e-01,8.513598099952528475e-01,9.776328843064718832e-01,4.975469084222611249e-01,2.653388997235047175e-01,9.030574091273924076e-01,9.184991833837974351e-01,4.237625246870248552e-01,4.661621581065643061e-01,5.110839164012674907e-01,6.468735234719134031e-01,9.721073899495232817e-01,9.297804856805892415e-01,5.779809588937776521e-01,3.997133511672752437e-01,3.110079435647941301e-02,5.433787156809858354e-01,8.694039388928929135e-01,9.637583954675901232e-01,4.823880260462046765e-01,9.177901354491814212e-01,5.001387418891706238e-01,6.825345035919717640e-01,7.804719625598819377e-01,3.119571962599535508e-01,9.196947895126623695e-01,6.050051199339382402e-01,4.235837592465064305e-01,9.081114516785183666e-01,7.199316959303404539e-01,5.338986375104193272e-01,6.865925510802119991e-01,6.181885377314199070e-01,6.997652895629759007e-01,6.516431628850295477e-01,7.559344998252222059e-01,8.027941633174611180e-01,9.808915240054408846e-01,1.670424727813957233e-01,7.162998778659045440e-01,6.856100666173992053e-01,4.866005131805898332e-01,9.551025906154009260e-01,7.441685317047078696e-01,6.870808048880254759e-01,5.662449980610730904e-01,7.487854036270513713e-01,8.120368873126116993e-01,9.111333457120102119e-01,6.140047992639693364e-01,4.224086325387014784e-01,4.278652036671720671e-01,7.835723595790570206e-01,5.386138751144294856e-01,7.801981948572380698e-01,6.562707025033872599e-01,4.786389813029959805e-01,2.196593458630292650e-01,2.037821346043855730e-01,6.661960724389903721e-01,9.449766777250888650e-01,6.573970344340103189e-01,7.422471942960126023e-01,8.070860899671767896e-01
8.580911073747774509e-01,7.428328528497736283e-01,6.365395453495569233e-01,9.065394847809927770e-01,8.588920269842341693e-01,7.147227164231915175e-01,7.484114955368108557e-01,7.907303262163879465e-01,7.961673819941172958e-01,8.988967233639281185e-01,7.446346102191228056e-01,5.887048871563724806e-01,0.000000000000000000e+00,8.170955407177956653e-01,6.971253406292152732e-01,7.716936768957192161e-01,9.325961163214754324e-01,7.079751726609225804e-01,9.471932330848777948e-01,8.244049386997939211e-01,5.950193664228442536e-01,6.676997427220430215e-01,9.477529739578335333e-01,8.169629711665568061e-01,5.876573408591772019e-01,8.589410671380441897e-01,8.490414727551409690e-01,7.515315563103029950e-01,7.912343307302548423e-01,7.762735383527996635e-01,5.670228722589278902e-01,7.211484346681792390e-01,8.728729609426240099e-01,6.211698259037994330e-01,6.169252592491252241e-01,9.276683215259595716e-01,2.760593276209566491e-03,2.508448774436405904e-01,7.489978473013562121e-01,6.302382863308907401e-01,3.035872492874295281e-01,4.915999186029074708e-01,7.549050113629095504e-01,8.146455239391074965e-01,9.810261531686772507e-01,7.129770732383281517e-01,4.242603363600685462e-01,6.080579949607038959e-01,5.160238793655993472e-01,6.428004185927699288e-01,9.376621968836305054e-01,4.658799182427752483e-01,7.456015391610781862e-01,9.292998121311564219e-01,9.898977021077367544e-01,5.529867169642066482e-01,4.761236867062059175e-01,6.828953919962390540e-01,8.825412694766592292e-01,6.979586117871118267e-01,7.346288422817266739e-02,4.519723549584235833e-01,9.792728968884287788e-01,7.312373827285020278e-01,8.576738602648501519e-01,9.197554691317806341e-01,9.620505436529149801e-01,8.482873865478569586e-01,8.219912682765491141e-01,8.792622493444879339e-01,8.054899387711580427e-01,9.196938430955968746e-01,6.637821735430147196e-01,3.583195864421845345e-01,4.904726755104406033e-01,6.666231831189008972e-01,7.530803130152134983e-01,6.668483378854895838e-01,2.478869729704715197e-01,5.945786026511610256e-01,7.168026052142622007e-01,2.308077262406123265e-01,9.496618853353813172e-01,4.645594348763066872e-01,9.238396003874400630e-01
5.252691111333908092e-01,7.582989278799375787e-01,8.039936051704902331e-01,8.057340901385087184e-01,8.870313653132101406e-01,8.890587984608926408e-01,7.952061240418839549e-01,5.790593862730969432e-01,7.114405727315686878e-01,4.815673847329092760e-01,4.468527034779326002e-01,6.679534074819752920e-01,8.170955407177956653e-01,0.000000000000000000e+00,9.273156287633015360e-01,4.140047528668624466e-01,9.871398898766902130e-01,8.175375680881520335e-01,2.639590508712494898e-01,8.285389935586161547e-01,9.968544803194485660e-01,3.416203406588858016e-01,6.911961538022074469e-01,8.877022350917994631e-01,7.443643316301310486e-01,5.113105312127710356e-01,8.480334181588871090e-01,9.845800760383968120e-01,7.676487352073833037e-01,6.316155586385960863e-01,4.651582978221387443e-01,4.991426186239020235e-01,8.738866958942361762e-01,9.989133444500312153e-01,6.040942394277641903e-01,7.536390758467839124e-01,4.821721968086641885e-01,9.504353470985124064e-01,9.715832451867396635e-01,9.964886055489940997e-01,5.205276022412577142e-01,2.805042428771029051e-01,9.427736477424214501e-01,7.300302211919506012e-01,7.733235200224828354e-01,6.761097144368133360e-01,3.701665283956268038e-01,5.212477680230176436e-01,8.561170549318893874e-01,3.621120485962253666e-01,7.900557976198960830e-01,7.258531788572017973e-01,6.836497824704201864e-01,8.410978397018893382e-01,8.616019085567603319e-01,9.420321512840899025e-01,8.041175453872057011e-01,9.728205938530849473e-01,5.270562727408163450e-01,5.250367356949806608e-01,4.015427466748131557e-01,5.704718585092838357e-01,7.118830998900368412e-01,5.685237911728857618e-01,8.301197525148819034e-01,8.103619958903228726e-01,5.848951369228201358e-01,8.480545452234263815e-01,5.126055362225760970e-01,8.479890254881804479e-01,9.223285033010938383e-01,8.012244644190218423e-01,5.302907477963977323e-01,7.094649404411454974e-01,3.552760915858221846e-01,5.009774609876626039e-01,8.552832872806800379e-01,7.043851984856881465e-01,5.532577944504926126e-01,5.632073183239600933e-01,8.224077727390927128e-01,9.784976016575981372e-01,2.001022338250135202e-01,2.258912101975493747e-01,6.104515813152181503e-01
5.049829934208827087e-01,8.755663646913699472e-01,9.731548239012466350e-01,9.830747499241029308e-01,6.688678512492085559e-01,7.933677315759615212e-01,5.541242757519270201e-01,7.741775010790094003e-01,6.163321211161389979e-01,1.240308190916699083e-01,7.149263617688168537e-01,9.645343353480049231e-01,6.971253406292152732e-01,9.273156287633015360e-01,0.000000000000000000e+00,6.090271154600164216e-01,7.379561216814735092e-01,9.342045657594346686e-01,3.482845885500720495e-01,6.311070667698889247e-01,9.052198856132008808e-01,7.101830839372241799e-01,7.144756210726946888e-01,8.762412162036841146e-01,1.362272966155085308e-01,6.149243321658678374e-01,8.693013827378684999e-01,7.641276963332570560e-01,5.265727462122479219e-01,5.565393084649558064e-01,4.151710307125968114e-01,9.432106032025646680e-01,5.595837146061852785e-01,7.702884632405772036e-01,6.638776800904453435e-01,5.865354461120955154e-01,3.056532088985448592e-01,2.311599793288810212e-01,6.527966007178778174e-01,7.937007283909228716e-01,8.206010075631977596e-01,6.844306832441471311e-01,8.702050891704381508e-01,9.626937520215063104e-01,9.307720723458647871e-01,9.034756360611099213e-01,7.935872412078517346e-01,6.391091108003371657e-01,8.826658964619988890e-01,8.197265534526037012e-01,7.461134883560730513e-01,4.933338400358556752e-01,7.980572276532708065e-01,7.041928045224918886e-01,6.826164616059537948e-01,6.410356493830152713e-01,8.561513249221647248e-01,6.309287275058290678e-01,5.708312233398298297e-01,2.861185047891166011e-01,6.750973060285843097e-01,8.807751857854726474e-01,5.200681121668737639e-01,8.646767536716160052e-01,7.170784269694396862e-01,2.247884272030763742e-01,8.099797482529237369e-01,8.593429956573377382e-01,7.920292968362211417e-01,7.633273359876709963e-01,9.798398463661144309e-01,6.188293371254748321e-01,7.507199189583588783e-01,2.395555236820210709e-01,4.418998464291656880e-02,4.974259867443593941e-01,9.724675226913306325e-01,2.028883407567464714e-01,5.431615771355272626e-01,7.685532556315466390e-02,4.032176702462034745e-01,8.613601218591055986e-01,7.041631187290815497e-01,5.040489392443315841e-01,6.243626223210329007e-01
8.794784030554596566e-01,-2.771881778238992067e-01,6.657701942141998064e-01,9.889480621458301979e-01,8.374213272920399964e-01,6.573121315938316167e-01,9.379849508474263908e-01,7.197649868968762910e-01,7.190820205082553151e-01,2.368529866037228926e-01,1.469522639119469343e-02,2.557438513697198879e-01,7.716936768957192161e-01,4.140047528668624466e-01,6.090271154600164216e-01,0.000000000000000000e+00,9.030796007903204581e-01,6.551277832742121721e-01,8.755075577934878783e-01,6.389773734975847663e-01,9.417358478090656071e-01,4.178129390429923262e-01,8.868586305184571472e-01,9.389889285583759015e-01,7.076417508459297290e-01,6.612409741650386863e-01,8.919829355714337105e-01,6.152580365292393827e-01,2.805821979415090150e-01,5.101879333486238899e-01,4.679693485979548595e-01,6.035598864087140525e-01,6.440287362380147096e-01,3.724578786849678247e-01,7.942683078019154852e-01,4.935344627241630699e-01,2.785725160688313218e-01,5.445490479698767983e-01,6.678505379154509036e-01,5.978652371624220557e-02,5.084420981425145092e-01,3.399214245780348143e-01,7.996418082489467061e-01,3.861229559306372100e-02,9.827793999807780123e-01,6.150506727435276488e-01,1.909920449296370615e-01,5.021666396824614464e-01,7.358468103578731379e-01,2.477885835735619546e-01,9.148703097668660078e-01,5.650001138600603268e-01,9.362697957498631318e-01,9.569957310409709095e-01,7.599342699692447356e-01,5.103496837306513711e-01,5.828417394135205765e-01,8.990594630215378302e-01,8.137067954625690769e-01,4.809416860972891561e-01,7.294683487391586674e-01,6.802330314221715080e-01,6.437988027164783800e-01,4.824320729199577662e-01,9.942309922606726857e-01,5.985522701381560395e-01,7.727311657295931058e-01,9.393634273868873841e-01,8.070857213242033090e-01,3.641875261725645574e-01,9.261494597693971098e-01,1.202439169337832792e-01,4.888564307091534111e-01,9.616723355470583323e-01,7.558012345973756929e-01,4.426782190163240371e-01,7.288694826720631958e-01,4.689465164231872429e-01,3.181439276102976943e-01,5.224551284770675430e-01,9.634778992504136053e-01,8.955612887571994252e-01,4.092316250500935282e-01,4.500951386707013890e-01,7.334882058591496445e-01
9.361351738330007111e-01,8.722245508456738516e-01,9.959638137995890927e-01,7.276648187702018378e-01,6.840648190662695916e-01,6.133937753641507395e-01,5.746292522319333962e-01,2.605932062022047191e-01,8.638663517561330218e-01,8.697128953879668112e-01,8.885235138842141334e-01,4.013715487044588470e-01,9.325961163214754324e-01,9.871398898766902130e-01,7.379561216814735092e-01,9.030796007903204581e-01,0.000000000000000000e+00,7.734922890973071619e-01,8.461172039035699255e-01,6.063770505147364487e-01,8.049098483406639248e-01,7.586174632914333138e-01,9.201703852961566898e-01,9.334949923686468587e-01,5.225432751986663210e-02,9.651730131288304149e-01,9.756795890476873678e-01,8.501512605373550135e-01,4.856721370221097622e-01,5.206648531995506923e-01,7.834642681003837206e-01,7.289649316776403154e-01,7.425079656058178879e-01,6.337885405557460716e-01,8.090375753205474307e-01,2.788115434980985574e-01,9.684071412880457252e-02,6.991042769264212975e-01,9.808395924267588883e-01,6.398818498743736871e-01,2.251311310907969099e-01,5.206370958838266727e-01,8.905736058487414564e-01,7.222762028604386986e-01,7.539016728141012536e-01,7.781332029998274669e-01,8.411383542385965084e-01,9.175880140937126006e-01,9.899457757402384539e-01,8.852114445221083150e-01,8.437727695048395926e-01,8.784816698068133034e-01,7.243513465796505013e-01,7.385992000432652915e-01,5.443576587246706094e-02,7.927569337284052775e-01,7.272707790613124335e-01,7.515047372460205155e-01,8.097835629084731979e-01,7.581436076788771183e-01,7.232164005618397784e-01,6.585030109234841778e-01,7.771102371086232585e-01,4.412009080134127181e-01,6.760352521511294732e-01,2.878999702454413390e-01,6.593576460205228251e-01,8.840358327260708915e-01,6.861491911329673510e-01,7.310264248043683022e-01,7.013814211262172638e-01,7.577310940864763200e-01,3.359087665186447080e-01,3.679735518001613359e-01,8.758988109559313617e-01,5.204492538133307367e-01,4.198635355111220435e-01,8.702499653743710484e-01,4.328743192156602748e-01,9.117787357615542154e-02,4.155188168319822184e-01,8.136189518082161953e-01,8.642821748045970143e-01,6.479280852848686711e-01,1.966003701704650553e-01
9.334313660496775800e-01,7.534954169661145507e-01,4.696997470628887505e-01,4.066809578224259702e-01,2.354386566405918813e-01,3.546677807148167494e-01,7.078427106186735429e-01,7.801022175524998659e-01,-1.669967794377183734e-01,4.599946618781660113e-01,7.063991314298907476e-01,9.994117127095699660e-01,7.079751726609225804e-01,8.175375680881520335e-01,9.342045657594346686e-01,6.551277832742121721e-01,7.734922890973071619e-01,0.000000000000000000e+00,6.926206948654171081e-01,9.983477551571439124e-01,9.092466013831961291e-01,8.408905832990498652e-01,9.954974394500317736e-01,7.984872956148163503e-01,6.596188468811415850e-01,5.574141099678693312e-01,4.011173093136687906e-01,5.128503636409057487e-01,1.687640728059463802e-01,6.290577233848470007e-01,6.016792552298023677e-01,2.130358001746509578e-01,6.016403169668903539e-01,7.184798383545762945e-01,9.445130959336419663e-01,7.697392964439208063e-01,1.953129389861718301e-01,4.583583929693426651e-01,8.791841126253371330e-01,8.292103961709070825e-01,5.148347270416646637e-01,7.155777187409898543e-01,9.816945558376050096e-01,2.111824593725917382e-02,6.806927841721850392e-01,8.378762470870071422e-01,3.523107293874477852e-01,9.644689540391515603e-01,8.996945776558593622e-01,9.514842440352284658e-01,3.080752021985375122e-01,6.617438849754057051e-01,9.248242328124397504e-01,5.378086384155120747e-01,6.712591635652112032e-01,7.292294316773704210e-01,5.303126091319028124e-01,4.953752474316385768e-01,7.459718489001729846e-01,5.689587496388176513e-01,4.430338587605969769e-01,9.553227075351378161e-01,5.344670076745747789e-01,6.246481153969399847e-01,7.357056806411964578e-01,7.831226806377598049e-01,6.960622349379761431e-01,2.295795767890090600e-01,6.994640368521529705e-01,4.670695948824652999e-01,5.530300974608240994e-01,7.094894959402464618e-01,2.652510931633483837e-01,3.291948669753566037e-01,4.493167229098402049e-01,9.746265687728616900e-01,5.373507608651847400e-01,7.374243248809321249e-01,8.912141814174593391e-01,3.743530526544425197e-01,9.538814363812757602e-01,7.838859225310043088e-01,4.083447155647384336e-02,5.708624449762752517e-01,7.802826586191212721e-01
