0.000000000000000000e+00,8.733663438575154370e-01,9.813888263062934270e-01,8.857893077695548900e-01,7.615617950355972887e-01,6.358136168068052596e-01,7.018658690141085232e-01,4.917084254740287652e-01,3.450253367473574695e-01,8.378155751436735521e-01,9.085748519716267957e-01,8.935997878898295221e-01,7.539623810568522044e-01,4.695867094446567469e-01,2.911582556275247313e-01,9.635679764834477190e-01,5.952214662927984845e-01,6.385998877220619985e-01,7.632869021256110109e-01,8.113532201713538061e-01,9.723697467788410265e-01,6.863831698270125292e-01,3.269231294698657919e-01,9.238517325264354874e-01,8.950432438966989812e-01,6.138132881815149267e-01,9.157394808328861435e-01,8.673836263934440183e-01,7.663026886053226905e-01,7.155087591901860833e-01,1.681727557483794488e-01,5.622840451282858087e-02,7.622416822275052128e-01,3.327428390063625896e-01,-1.018657405065065413e-02,5.060182201921037404e-01,7.810764500468401206e-01,5.893304091691511370e-01,8.183263795905951765e-01,9.440068856657717333e-01,2.175394501183623708e-01,4.678120346327193091e-01,6.589830944297166981e-01,8.414297115323480236e-01,6.651650405585356474e-01,8.037718939614274527e-01,5.248288338639444106e-01,4.570153074374155855e-01,8.828409836079357254e-01,9.161755403490950966e-01,5.350306252735217427e-01,9.137581065828873639e-01,6.396277764138824651e-01,7.325237838853548844e-01,7.583632796537198573e-01,6.243454917169981577e-01,8.136398678336398405e-01,9.247984265165138940e-01,8.336526121601787187e-01,7.060248739235233106e-01,2.858852960244788188e-01,8.013964502159466319e-01,4.402857912455606093e-01,9.522181807958229882e-01,6.367826979908303153e-01,8.953171270200195320e-01,4.838972898459925620e-01,5.489771757867337731e-01,6.371078264885754461e-01,9.044048645415372345e-01,9.375424538313246181e-01,8.915260891522082121e-01,3.318357913596164249e-02,6.338116080074223113e-01,9.178770397157711702e-01,9.471914021132940009e-01,9.694587349548582367e-01,7.468697434538573710e-01,3.379133372326424967e-01,7.360504854913469952e-01,9.745900424295861342e-01,7.796202950030326484e-01,5.477783233389433848e-01,5.792571895686363659e-01,9.894570702983577215e-01
8.733663438575154370e-01,0.000000000000000000e+00,4.721116981639116306e-01,8.616558864207566337e-01,7.308368731404533136e-01,7.555023403096305934e-01,2.306015434191877600e-01,6.730238976447098231e-01,5.875328603447580456e-01,7.768284656575294989e-01,8.875182220451495185e-01,8.277544756872068366e-01,6.880738382916197216e-01,7.076896188283720024e-01,5.345481825648699115e-01,1.265124153801898688e-01,9.147034547404492288e-01,7.933378588291490896e-01,7.460585243564077373e-01,4.394626184679606418e-01,4.054872742741479907e-01,1.074378022398871958e-02,8.504936261637465744e-01,9.511008595642298502e-01,6.946980358545727929e-01,7.844588619987712397e-01,6.303161755861985682e-01,9.105399243380359886e-01,5.340592664846030013e-01,3.050439325874168550e-01,5.566163142268434338e-01,7.725371781286498596e-01,3.596366434694312497e-01,4.400580228790041959e-01,4.164658956769038967e-01,3.264406196153625817e-01,6.131920806260976464e-01,9.349445102762012905e-01,7.102682910052749987e-01,6.992346274745402379e-01,4.967752817999158688e-01,8.226186996783498850e-01,9.272882955740323618e-01,7.982010689303020712e-01,7.817694752303034900e-01,4.879357177217534813e-01,5.605214839939955951e-01,8.256314129120325696e-01,6.945699871052292140e-01,7.785405489825555359e-01,7.900758721725558154e-01,7.005227901545454383e-01,6.805678342637221379e-01,9.654077473106201790e-01,6.630528793217788097e-01,6.148308411260302586e-01,7.395597078708895378e-01,9.372605139507985683e-01,8.347726696454741413e-01,6.373845024675126592e-01,4.732414714175639525e-01,7.866035034072837995e-01,5.992435550189793014e-01,8.004252101136818398e-01,7.365397141489172794e-01,7.212989343842334256e-01,6.644321909501812451e-01,9.218329232394798511e-01,5.434817504332490889e-01,9.073651327755154483e-01,6.391514904132005181e-01,7.912500680154730404e-01,5.035222708556439386e-01,6.547898306458207474e-01,8.625354970770127139e-01,4.026248254383627545e-01,6.828298419777393269e-01,6.068218047645816959e-01,4.209849147279413617e-01,5.221290571803856029e-01,6.666534860787783900e-01,9.279173314936365324e-01,8.733059238645953792e-01,5.895448805729083253e-01,4.293330731085058249e-01
9.813888263062934270e-01,4.721116981639116306e-01,0.000000000000000000e+00,9.990361651619055205e-01,8.241161132800511879e-01,9.926194701734185610e-01,1.143402944368713814e-01,8.977896321494508447e-01,4.408037838073249337e-01,9.285759622896639920e-01,6.659357764110913624e-01,6.353791859242625684e-01,8.819578128042554477e-01,7.432570736406153289e-01,8.574031788402765031e-01,7.234783408687253115e-01,7.076584419648920266e-01,7.267064329154989677e-01,9.524079109251036845e-01,5.266408835972160585e-01,6.120420320164432493e-01,6.243768313048281282e-01,9.841476189816303899e-01,9.990028800136774301e-01,6.398441871615409005e-01,9.885093555348790639e-01,6.559922092006684746e-01,8.850715396722119710e-01,6.005635571449162713e-01,6.314068804837226212e-01,3.434929461379448989e-01,7.912285483233419958e-01,9.705285212627371427e-01,7.696749300736822619e-01,9.794003377373028396e-01,2.686294958880833250e-01,5.280709391655040719e-01,9.749861385401901170e-01,1.046737231556047476e-01,8.398970102811023075e-01,5.696128259002328775e-01,7.059508257987353597e-01,6.971030615377820094e-01,8.720674289283246727e-01,8.163073278122670029e-01,9.939638397967471839e-01,9.897187622663486950e-01,8.200010453477889483e-01,6.949892494852232261e-01,6.623127984735206475e-01,8.948848101761149865e-01,8.240431071929780193e-01,6.337040452976010485e-01,4.851271665467914440e-01,6.308454895455629652e-01,7.421403441146842139e-01,9.202982108329317290e-01,9.853696383326333574e-01,8.935885388176157962e-01,4.724505007964108216e-01,9.194754747615478951e-01,9.068548741551366588e-01,7.481108641608149590e-01,8.588854574910234074e-01,6.084438364958121293e-01,8.509622784857362454e-01,-2.228392186604858660e-01,7.694123966704544682e-01,6.419332961189201381e-01,6.873486489741504890e-01,7.447399426672679512e-01,7.349254767595100324e-01,1.316497797480966903e-01,7.504959503625752149e-01,9.277199932192854437e-01,6.918315583624378151e-01,6.173648505715889634e-01,9.235605364409460449e-01,4.722073740161366606e-01,4.336771229780991832e-01,6.896969039667431023e-01,9.211775674938491587e-01,8.245104465294321727e-01,5.157532218717405526e-01,5.237284436901190610e-01
8.857893077695548900e-01,8.616558864207566337e-01,9.990361651619055205e-01,0.000000000000000000e+00,6.591050884438527380e-01,9.783717252678144627e-01,5.888492879746296538e-01,6.367774175659997038e-01,9.567881657540584506e-01,8.920187639906548283e-01,7.820079221671175640e-01,4.535079424020981853e-01,7.495061439995144292e-01,7.063627656447611924e-01,9.613854670331100083e-01,9.644808298949636427e-01,9.727788371958124847e-01,9.934913575663566476e-01,6.681415883806257616e-01,8.504253023067464001e-01,9.962562155659024921e-01,4.236380031326531515e-01,9.583624914396788874e-01,8.107278324339471931e-01,6.680924382083421875e-01,8.975485841932691056e-01,7.923732310045437099e-01,9.427609924729599689e-01,2.291583151321354705e-01,7.219100365240829209e-01,7.612151052433735465e-01,6.265118220899060786e-01,9.747533290583084709e-01,4.299627713082416203e-01,9.049985039693514421e-01,5.093864880815813789e-01,5.965276441619751235e-01,6.606348597052895677e-01,9.858022127100735110e-01,9.798806947884233232e-01,7.945129801664957414e-02,4.675110156658840443e-01,8.295511246747818701e-01,7.833026888238310281e-01,8.011114098108556014e-01,7.730226862058071635e-01,6.920823516672277576e-01,7.375160529615452099e-01,6.949791465496890641e-01,6.529919899266023453e-01,7.374170669350910146e-01,6.374970098652512629e-01,9.065703735707837385e-01,8.783166145588079399e-01,7.203474518393522263e-01,7.177836671891248965e-01,7.343855882333191198e-01,9.391328393194428026e-01,4.032789547510988726e-01,2.243021608853852378e-01,4.466221080205680649e-01,8.267624645432555264e-01,8.947386267265933224e-01,9.608565235766217683e-01,7.366860421886916033e-01,6.971025191132518284e-01,8.860895406773203753e-01,8.605876908980502060e-01,4.870391725262431804e-01,6.584204887065339129e-01,6.552613892299724574e-01,5.176983517590293404e-01,5.446256452344883092e-01,6.133987914426314303e-01,2.565854960916557626e-01,8.137878737002610663e-01,9.132239851856810420e-01,3.171181066790252912e-01,6.784062911650399208e-01,4.950831596978987892e-01,9.614804192085099066e-01,6.041678523620296337e-01,-1.642484803691086070e-01,2.578170779183475148e-01,8.809595768390038328e-01
7.615617950355972887e-01,7.308368731404533136e-01,8.241161132800511879e-01,6.591050884438527380e-01,0.000000000000000000e+00,7.567036791661636563e-01,5.729077370773274502e-01,9.235943032897300231e-01,6.469107297083926955e-01,9.428111149569317062e-01,6.444524665814929110e-01,6.769941169603714837e-01,5.025607168693904114e-01,9.067693371368908961e-01,9.775929927316691082e-01,4.231794510242113394e-01,9.682745776770190771e-01,5.237103803399785207e-01,8.757785415754680836e-01,5.745575152592263812e-01,6.625813195955024826e-01,9.727273173222293901e-01,8.730031073377940709e-01,7.246205839949099170e-01,7.459761717038946305e-01,7.375919926946343796e-01,7.878631853672231067e-01,2.312461789482077590e-01,5.548663362792717324e-01,1.609493693154200392e-02,5.836641751413235157e-01,4.156267065410313988e-01,4.860771701073527407e-01,8.793888540896411810e-01,6.806385149843242610e-01,4.145744909007635925e-01,4.711608910696574171e-01,6.089679423908863631e-01,9.151703388920153781e-01,7.389350365093942941e-01,1.791872268794185777e-02,9.513958419385779575e-01,8.258244767409733678e-01,9.141058255725069692e-01,8.599130074023331183e-01,7.915483168792214475e-01,4.216139910686302339e-01,6.648516262567283341e-01,5.517998276790717638e-01,1.659724822821888324e-01,2.174786047901890451e-01,9.283044127173837312e-01,6.994675690624756470e-01,6.808198268937525333e-01,5.007109148511654784e-01,9.462060081578731463e-01,6.522579908998137332e-01,4.268076951345249337e-01,8.527095484910850454e-01,7.711686817063480026e-01,1.438295632011639957e-01,5.166240019491390445e-01,3.880601672042676142e-01,4.421775667627525497e-01,9.164228214387569738e-01,9.685541909162602714e-01,7.088362651830083516e-01,8.317846271482187692e-01,3.226783784406445643e-01,4.210130591246452059e-01,8.623465037607470629e-01,7.848237555820497535e-01,7.427612262915107566e-01,5.367201402812270539e-01,5.042103988748002363e-01,2.239455466351802371e-01,8.987643192492138500e-01,6.703247270732266561e-01,4.392743711455348032e-01,2.098294232593921893e-01,7.606403043893282812e-01,9.398859910691141906e-01,6.190113203652853890e-01,6.226349815552243427e-01,4.914573227341886286e-01
6.358136168068052596e-01,7.555023403096305934e-01,9.926194701734185610e-01,9.783717252678144627e-01,7.567036791661636563e-01,0.000000000000000000e+00,6.067779464452229821e-01,7.119948374454672102e-01,5.781750108204077865e-01,8.179265427939198529e-01,7.883611800844263495e-01,6.500295024573893299e-01,8.014662432365137201e-01,9.379713268921366920e-01,9.160799424455022821e-01,7.261659410177552232e-01,9.901521581969359165e-01,4.430272614153011324e-01,6.566498599283645543e-01,8.182077772056381981e-01,6.332124866045643063e-01,8.783441367230706565e-01,7.601991903771398995e-01,9.030430881248492359e-01,5.596324376091744712e-01,7.976885263400288473e-01,5.029730814110037196e-01,9.456934716601552715e-01,2.769078236181060637e-01,1.264637638107529161e-01,8.697060189839683764e-02,2.296252137042170960e-01,7.692447466711106463e-01,7.557542207821510427e-01,9.168573061672942170e-01,8.441800836535116870e-02,-1.704329353675315961e-01,3.145291142427400488e-01,8.137387113863074894e-01,7.411981501134491390e-01,2.549912075187791283e-01,6.985400513581802029e-01,6.279752096652952975e-01,9.274507453304932092e-01,7.352643006939985071e-01,4.734637271550766191e-01,6.522416397498140839e-01,5.088286472855497733e-01,4.479249309967541226e-01,7.411990714990080997e-01,6.231814036502797416e-01,8.330367300556058563e-01,5.013565557551574736e-01,9.435683448930815009e-01,1.115155834241020605e-01,8.892233959105512175e-01,6.084804058099331225e-01,9.806931225502132365e-01,9.262480922873057576e-01,4.583541277579453177e-01,3.417843837126893769e-01,7.654823363929808000e-01,2.571703999839713983e-01,9.957021395386985718e-01,9.913843214261059966e-01,9.276221267663238290e-01,6.369188911904075656e-01,9.522185041623156820e-01,7.849374840272869136e-01,4.142709054449740802e-01,9.667194816266702073e-01,6.811949337082008615e-02,4.532695198437299289e-01,2.834701642882848649e-01,2.325052168351538218e-01,6.461737117603734148e-01,9.159691575580377609e-01,8.117808197855593821e-01,5.222694015718011284e-01,5.183151769338951720e-01,7.278837595459383136e-01,6.425868348459273793e-01,3.127541573405634434e-02,1.106435510451277832e-01,4.116788967122806397e-01
7.018658690141085232e-01,2.306015434191877600e-01,1.143402944368713814e-01,5.888492879746296538e-01,5.729077370773274502e-01,6.067779464452229821e-01,0.000000000000000000e+00,5.637375463597091851e-01,7.362412331877623561e-01,5.943187815061652390e-01,2.546661539184782649e-02,6.507194998285479315e-01,3.578423644330477327e-01,9.519083389318078181e-01,7.860156024076353498e-01,6.455214485590237139e-01,9.926212452487166438e-01,2.777469144535271162e-01,5.473288415921693240e-01,6.010115993910946086e-01,1.121341826742774661e-01,7.194511455198265848e-01,5.559064735078731445e-01,8.256459159729649944e-01,4.369483781692257152e-01,7.328150294210602489e-01,5.243387339578170492e-01,6.806315497055253072e-01,7.318944440116813555e-01,2.988729816826655727e-01,7.431590773057005217e-01,4.578069975337550335e-01,1.031679029982261186e-01,4.045686305822764894e-01,7.260517660818436303e-01,2.053598258100226559e-01,5.985324376277165737e-01,7.740080981600553356e-01,8.451963545991456606e-01,7.516831140731418115e-01,4.810342773374854386e-01,5.980272357315350451e-01,8.421396187661465138e-01,6.892422626416797593e-01,9.769672557959382386e-01,2.936314995088400437e-01,8.368732590672279814e-01,8.975666091390988033e-01,6.142167830118702154e-01,7.029467282196155686e-01,5.986565789717566144e-01,6.296900341815903079e-01,7.436223200244739262e-01,6.547077613198609702e-01,9.140654944259103409e-01,7.241158534851200868e-01,7.053468494941542710e-01,4.281950062348224284e-01,6.068336153260254218e-01,7.600538580930212840e-01,7.211354380121987040e-01,3.426399696768380743e-01,6.056329094737086249e-01,6.119542869297155407e-01,5.419108535288860162e-01,5.619651030765314692e-01,7.018441015974362651e-01,9.797514954953414623e-01,2.863300834590358224e-01,7.257889025415450446e-01,6.079540590794418886e-01,7.107645970457381335e-01,7.072351853162388569e-01,2.165182039612426890e-01,5.943285792516201926e-01,6.400722888378299613e-01,2.529508887272889917e-01,2.441632261739520027e-01,7.088357245901216741e-01,2.706573252366474835e-01,7.000429312402530746e-01,4.494340926848215401e-01,6.855065208852021419e-01,6.144209346359462698e-01,1.247943313001376175e-03
4.917084254740287652e-01,6.730238976447098231e-01,8.977896321494508447e-01,6.367774175659997038e-01,9.235943032897300231e-01,7.119948374454672102e-01,5.637375463597091851e-01,0.000000000000000000e+00,8.992699078628197951e-01,3.802220080196074825e-01,9.407881619471959445e-01,9.046726472752441017e-01,6.497551725358799990e-01,5.304692389868564950e-01,2.960173829149919111e-01,8.186606228643577010e-01,7.842352971358679259e-01,5.685545861440500781e-01,2.645160517384357313e-01,3.351366147045934385e-01,8.199616311939890156e-01,8.042293538922967722e-01,4.035823960192299609e-01,7.133753179218217388e-01,8.499107541437890267e-01,5.415533481297593044e-01,1.605205656621695384e-02,6.237919874045922963e-01,6.381077883515522409e-01,2.180820161576214333e-01,2.605933404000906339e-01,7.519581198437890190e-01,5.923352797795551350e-01,7.449459928223860494e-01,7.559302007312826976e-01,2.118684210296038484e-01,3.521996426260338708e-01,7.840444258827299340e-01,6.136211434517084840e-01,8.014802816671129371e-01,8.848924233666205508e-01,5.230915006243730403e-03,8.090896481416803843e-01,5.749107941527727972e-01,6.030990077948139572e-01,7.931324212401249518e-01,7.801257408457338283e-01,6.148279265390449444e-01,8.009937083804167246e-01,4.065370541025350448e-01,4.397466559737052694e-01,5.724697553584555676e-01,9.962783232585788185e-02,2.399104789738322197e-01,8.185390628058281104e-01,9.616969534610549930e-01,3.459737418291908284e-01,6.821577356828875116e-01,6.793352315927611018e-01,3.518381113688583417e-01,2.307123337493202642e-01,7.351609427816566678e-01,9.401422562139545303e-01,4.706130833358061483e-01,6.201968739299679179e-01,6.675033091747232250e-01,9.146539226638732423e-01,7.822934550811276866e-01,5.654810459116375032e-01,7.096440896890655603e-01,4.937435063126475732e-01,8.685510654329196001e-01,7.127798954017159350e-01,6.853246062025367680e-01,7.053979077343234261e-01,5.121587661380464507e-01,8.972485662480241819e-01,9.997562462971429920e-01,6.657337758399719529e-01,5.807175812846725460e-01,2.129220539824971392e-01,5.847436469074178689e-01,8.277731530972057827e-01,5.821959321738616744e-01,3.890466947662263308e-01
3.450253367473574695e-01,5.875328603447580456e-01,4.408037838073249337e-01,9.567881657540584506e-01,6.469107297083926955e-01,5.781750108204077865e-01,7.362412331877623561e-01,8.992699078628197951e-01,0.000000000000000000e+00,5.949670671018610912e-01,1.670488825887003204e-01,7.145396098582420530e-01,6.110503992852579502e-01,4.903813732720480045e-01,5.870975202781563151e-01,7.595307501961287011e-01,6.239006781220446385e-01,6.882871982397743560e-01,7.414807264052897251e-01,7.537701000801616535e-01,9.318560661190840033e-01,6.458775114050522292e-01,2.436392452482101789e-01,6.625677440954609310e-01,4.263734138958860664e-01,6.977684218818864803e-01,7.663511841570291860e-01,4.653736152440957619e-01,6.500306386048824159e-01,7.463393617552748216e-01,3.790055263174607614e-01,2.535472496021002886e-01,6.938967654851129208e-01,9.041347258162945044e-01,6.074323352746014981e-01,4.228614954379801838e-01,1.536202484727727802e-01,9.592692926904503592e-01,4.373647624412155821e-01,8.801127442967855430e-01,4.352074687296933475e-01,4.581205623571102392e-01,7.277334847835597031e-01,6.316568493535502649e-01,7.480037498495986092e-01,7.552674195949794500e-01,4.016125164836339412e-01,4.790559123361665672e-01,1.923691030288066095e-01,8.395007925087184519e-01,8.951663814916567263e-01,7.852181976269452246e-01,3.511504706587272873e-01,4.354899171494048260e-01,8.396276426615494337e-01,5.235135653290599045e-01,7.968880656713959176e-01,8.217538391207415138e-01,7.055052252231118759e-01,4.809130851752582703e-01,5.449385126650516664e-01,9.808833894879320781e-01,5.258770645556573031e-01,9.253283011061059771e-01,9.869425089367017678e-01,7.472627544351345685e-01,5.344096826421519397e-01,9.511521625724808082e-01,7.199171505082849754e-01,6.617868515381289951e-01,9.954055730964840309e-01,6.655650503254235684e-01,9.068119048505728363e-01,6.636190199541212031e-01,4.205971344191775096e-01,4.621676694201117264e-01,7.265151122754988089e-01,7.645948840911621636e-01,4.156356855766144553e-01,7.112495208883058417e-01,9.073938784082327125e-01,5.721723369568827433e-01,8.631002202141165869e-01,7.802823583164665289e-01,9.221379535330145316e-01
8.378155751436735521e-01,7.768284656575294989e-01,9.285759622896639920e-01,8.920187639906548283e-01,9.428111149569317062e-01,8.179265427939198529e-01,5.943187815061652390e-01,3.802220080196074825e-01,5.949670671018610912e-01,0.000000000000000000e+00,7.920604355827380871e-01,5.983263516009360711e-02,8.148880671943563581e-01,2.231383681633954119e-01,3.509255107676463314e-01,-3.233524448395850848e-01,7.679501291818852104e-01,6.328454543906376628e-01,6.058343834452609711e-01,8.192731916568049000e-01,9.323553254292180625e-01,9.751706366519414804e-01,8.923999682311040127e-01,5.178398476238628145e-01,6.122199548814331038e-01,8.850095780153850455e-01,6.563798873481316853e-01,2.046090964199624163e-01,7.414755808752225841e-01,5.203707644789541398e-01,5.399061319640828804e-01,4.914749004473074057e-01,9.776522640524915042e-01,7.368388405349277637e-01,8.608864206996285073e-01,4.703079655787945068e-01,2.442132990689220295e-01,4.095553310182484807e-01,7.924210268838685067e-01,4.136600494032188768e-01,5.195118248063801403e-01,6.539396042725021951e-01,5.519490348538900193e-01,6.040851349252512881e-01,6.082724179222680494e-01,5.437947863627270451e-01,6.151879341087019837e-01,8.207107210629700500e-01,5.142824760844928456e-01,9.713150957111716943e-01,8.948306914564801984e-01,4.432260078515200263e-02,9.772378074211215404e-01,3.722116826967040160e-01,3.165430218365968829e-01,8.371128466475578067e-01,2.826354695561715813e-01,2.756948461599891265e-01,8.791342879274359756e-01,2.421485182221385368e-01,2.046609144872819919e-01,4.699802494290012955e-01,7.147136248384401425e-01,7.094636900247366373e-01,5.877484403325980988e-01,4.254108477284761491e-01,6.498131044370211162e-01,7.497440147936175192e-01,5.474018996966668604e-01,8.387107407378325830e-01,7.091641260584053974e-01,3.587639943221542227e-01,3.379078140707032496e-01,6.724415035180694167e-01,2.704989369424796175e-01,5.675426567911566744e-01,8.544714570942393284e-01,8.375565933888251546e-01,7.555525898733251866e-01,5.482800690932192467e-01,3.976886692133069223e-01,8.582500825684700185e-01,2.772423346675268463e-01,6.442492730894038289e-01,7.198520268920038934e-01
9.085748519716267957e-01,8.875182220451495185e-01,6.659357764110913624e-01,7.820079221671175640e-01,6.444524665814929110e-01,7.883611800844263495e-01,2.546661539184782649e-02,9.407881619471959445e-01,1.670488825887003204e-01,7.920604355827380871e-01,0.000000000000000000e+00,8.642820533218231738e-01,4.235950922588689882e-01,6.393193545221600438e-01,8.212043744212612628e-01,7.817656364456209150e-01,7.849869413634174009e-01,7.741015183136961131e-01,9.989793883700530674e-01,6.103109197823582965e-01,6.753602679309236301e-01,6.410180684903555859e-01,9.029785718712717291e-01,9.630289891805986491e-01,6.309031927059531863e-01,2.429996543996442993e-01,8.096260764713693048e-01,2.537954338964550915e-01,1.004448879796252386e-01,6.841995417076777164e-01,7.299388862617569584e-01,5.178132399970069022e-01,6.695385926799181098e-01,8.784906955886950808e-01,9.941203972950138912e-01,3.087713704740774334e-01,6.260935790599608808e-01,1.657131818368945964e-01,7.197697568760285103e-01,7.102523890310801225e-01,7.754506284505253699e-01,9.459499101117717634e-01,8.095391023773647055e-01,6.370943690899066869e-01,6.904103285420166713e-01,9.018978235524705012e-01,6.745405687475790613e-01,9.290030801013677841e-01,3.590823301790794231e-01,6.498231717367003446e-01,6.504507914616490805e-01,5.590054316986681204e-01,6.665487100969765821e-01,8.659425213906731811e-01,9.019347655370881789e-01,6.718567978949744335e-01,6.310478351451639378e-01,6.174389652149776531e-01,7.797152588717400912e-01,6.184166687058153533e-01,7.627198127994750942e-01,5.814525962803684944e-01,6.595836429021829650e-01,7.943906236532610743e-01,5.590892508352637291e-01,7.409374146063998356e-01,9.008540141742357177e-01,3.855827453405680227e-01,6.165586979583692617e-01,7.213826980036971426e-01,8.771764899297520568e-01,6.430512133297774380e-01,7.700920694410029466e-01,9.681739460898148852e-01,8.759215969519035250e-01,8.886242387568947798e-01,6.885777979306199059e-01,6.250635624481241104e-01,6.286658761190759837e-01,3.572707780630850483e-01,2.062773255114710713e-01,8.464400889678952433e-01,6.288576731377736317e-01,3.754976784420807068e-01,5.813450804527631188e-01
8.935997878898295221e-01,8.277544756872068366e-01,6.353791859242625684e-01,4.535079424020981853e-01,6.769941169603714837e-01,6.500295024573893299e-01,6.507194998285479315e-01,9.046726472752441017e-01,7.145396098582420530e-01,5.983263516009360711e-02,8.642820533218231738e-01,0.000000000000000000e+00,6.716019365964163157e-01,6.812727250947347990e-01,4.751169720123598061e-01,6.007741097845612499e-01,9.856734247705343233e-01,7.062486917998300751e-01,4.214979414506540012e-01,8.767729682003140290e-01,8.817072778681890322e-01,1.750802912342673268e-01,3.588406489979545366e-01,8.070937286808660405e-01,9.995024557267715437e-01,5.794666457270740700e-01,9.788279421532701807e-01,8.435403255196587402e-01,6.264958787212292213e-02,7.108991524653671679e-01,5.271177577850397755e-01,6.443368673552170023e-01,9.893981907360072103e-01,7.140822294474389320e-01,7.828991919636181240e-01,2.331298851936839944e-01,9.405697936330640330e-01,8.732783677492792496e-01,8.241167943977938393e-01,8.883978858611417673e-01,4.568409715644831670e-01,1.018360414345161058e-01,5.762832188416970869e-01,6.507860208810622993e-01,8.984547284309249982e-01,3.653715323072252996e-01,9.738877905980742877e-01,9.057401051418639826e-01,2.652219189362429730e-01,8.457730408756213292e-01,4.240790310234002769e-01,6.198578195992285877e-01,7.429527546898386792e-01,9.671325990453988330e-01,6.158650961857173867e-01,7.072290695003249361e-01,6.714368264902829120e-01,5.361805705191877713e-01,6.138299004874150366e-01,3.330771459457371186e-01,3.660465505812429132e-01,6.499056796058877428e-01,6.699513546851592061e-01,9.555120480219045920e-01,9.213903142604945584e-01,7.961930003503960851e-01,8.707222010440545112e-01,6.101761387076078957e-01,2.972255469424013308e-01,8.366592645303176923e-01,2.636341419811711884e-01,4.645402769640164520e-01,2.632283169638215958e-01,2.403050585454339916e-01,5.626117187150863064e-01,8.130666797548571356e-01,6.665422284906058481e-01,5.683900873021574540e-01,8.566097746320437967e-01,7.592890367682436636e-01,6.478811400781987473e-01,7.623279660413965209e-01,8.546804181535136991e-01,5.924330321423907364e-01,9.018083192511031632e-01
7.539623810568522044e-01,6.880738382916197216e-01,8.819578128042554477e-01,7.495061439995144292e-01,5.025607168693904114e-01,8.014662432365137201e-01,3.578423644330477327e-01,6.497551725358799990e-01,6.110503992852579502e-01,8.148880671943563581e-01,4.235950922588689882e-01,6.716019365964163157e-01,0.000000000000000000e+00,9.246932780779552052e-01,4.969047276110844513e-01,6.466260238600770593e-01,8.744238655456544329e-01,8.699102344081298677e-01,5.670727842327508705e-01,7.112894321018147226e-01,7.870732411928923478e-01,7.116534130653070500e-01,1.627455155148904153e-01,5.348288479564135001e-01,3.418841740395127671e-01,7.688130776606422190e-01,5.268021664518943714e-01,3.016709742396986860e-01,3.897341379626588775e-01,6.614270816353844118e-02,3.134492686129867201e-01,5.388568821909391904e-01,6.065222669965926183e-01,3.687502178980915923e-01,2.309138838923599502e-01,3.511615910196385082e-01,1.942543202971018512e-01,8.322895950816526778e-01,7.348761567745765166e-01,5.993331922832680903e-01,4.568914508751334425e-01,8.137650364805202319e-01,4.698908320338086031e-01,4.343304910212706371e-01,7.702520989018147857e-01,4.090835948117974574e-01,4.483097178583542175e-01,9.067716261582949855e-01,9.097337701178421776e-01,9.580673390853601257e-01,7.258452361687574017e-01,9.364048985645179179e-01,6.832818274658503110e-01,8.517711892123787099e-01,8.688612682774000673e-01,9.779132126895087040e-01,8.677363072463006866e-01,6.511627914667295070e-01,9.783182030125617823e-01,6.077625492589797673e-01,2.970311372257720128e-01,7.559265127842306198e-01,9.383727971915307720e-01,8.458666796138760713e-01,6.835276652886443927e-01,6.894382491780712829e-01,8.446405133820745759e-01,5.283551606825833691e-01,5.943723965461873426e-01,5.655242585659712162e-01,2.232359503336729945e-01,4.434768454008942151e-01,5.902960996588828557e-01,6.742680092769549605e-01,6.133612412856171980e-01,9.638829183168189374e-01,9.431467359044806154e-01,6.890240215145052582e-01,3.749455478916358664e-01,3.210100922334155893e-01,9.773875625199375250e-01,6.527059521114735308e-01,9.425139274083473850e-01,7.980804102330671945e-01,7.333527700331716748e-01
4.695867094446567469e-01,7.076896188283720024e-01,7.432570736406153289e-01,7.063627656447611924e-01,9.067693371368908961e-01,9.379713268921366920e-01,9.519083389318078181e-01,5.304692389868564950e-01,4.903813732720480045e-01,2.231383681633954119e-01,6.393193545221600438e-01,6.812727250947347990e-01,9.246932780779552052e-01,0.000000000000000000e+00,7.435606023270988629e-01,8.999683498511115709e-02,7.512980986225223923e-01,4.433619699923698754e-01,7.300005498202556398e-01,9.389432988443807693e-01,7.415136678632041622e-01,5.182986234248447843e-01,5.308824434469425757e-01,1.270032547653221211e-01,2.046884957996213950e-01,7.879893146956222783e-01,6.704890111509396178e-01,7.253783094726733438e-01,6.606870050283044637e-01,5.309019325198136574e-01,4.764594833473698721e-01,3.474765434579565326e-01,8.193014893502121865e-01,7.629887422467114266e-01,8.355249855027078176e-01,7.584811886035641715e-01,3.908223757753048755e-01,4.788296660773581070e-01,6.429509423611368124e-01,9.436156766237927540e-01,3.971218463724505154e-01,3.871893586186767600e-01,3.268895182849891334e-01,8.775999197728671097e-01,8.133686775211182995e-01,1.693884346876111113e-01,5.770976831182138556e-01,9.311328917826551255e-01,4.655514497158402265e-01,7.567515749240183442e-01,4.445199604334011401e-01,4.549638737738536665e-01,7.950048447124006268e-01,8.383574577099315306e-01,6.437348473659609827e-01,6.683368586487073992e-01,4.801879619526990273e-01,9.569167661596267305e-01,7.825604679354099258e-02,7.149761242983198040e-01,7.883221964459595776e-01,7.453248293329854945e-01,9.418618270353336097e-01,9.500681320681991782e-01,7.746438652269413971e-01,9.200815303518804500e-01,1.177984162013010344e-01,8.047044223354592463e-01,5.384080164646724009e-01,6.027673576782512921e-01,2.885495175988082028e-01,9.971237715629067688e-01,5.576384703942619536e-01,6.980713216520317843e-01,4.048847313270228510e-01,8.636675373458253535e-01,4.763453393171800943e-01,4.305630096005294005e-01,3.528868545707274373e-01,3.970158255930199553e-01,7.866174605177325141e-01,7.812657889536938072e-01,6.912926084369179769e-01,6.132734869014062618e-01,9.670746675834176465e-01
2.911582556275247313e-01,5.345481825648699115e-01,8.574031788402765031e-01,9.613854670331100083e-01,9.775929927316691082e-01,9.160799424455022821e-01,7.860156024076353498e-01,2.960173829149919111e-01,5.870975202781563151e-01,3.509255107676463314e-01,8.212043744212612628e-01,4.751169720123598061e-01,4.969047276110844513e-01,7.435606023270988629e-01,0.000000000000000000e+00,9.179331406050438291e-01,9.268157262829470611e-01,5.031769053906256506e-01,3.384170970749273977e-01,4.121547074063272031e-01,7.232874492472201045e-01,4.266645491005211510e-01,5.983980333711909072e-01,8.756056782504364477e-01,7.413301879862613797e-01,4.143443498643266110e-01,6.003392182616046346e-01,8.019806602523091854e-01,3.198110431007019638e-01,7.249310306979122043e-01,1.048529595512131055e-02,1.181032756074070211e-01,7.663119601665775438e-01,6.272478198129062266e-01,3.960654418777303509e-01,5.280305931167006417e-01,4.243188768140350731e-01,8.224812872356280780e-01,2.121674409889837132e-01,9.652886220761344171e-01,5.980412818156930488e-01,7.542507879790024683e-01,6.743640810075325343e-01,6.720870669354581661e-01,5.744739653902530829e-01,5.637852698869604273e-01,8.625970121574511040e-01,3.889103166230788999e-01,8.174345175586867907e-01,8.503010764740395189e-01,6.517725037916121122e-01,8.172592147481262392e-01,8.108864365399248708e-01,7.702893685984251171e-01,9.780197353569777263e-01,6.070222206101630880e-01,4.255096396295987016e-01,8.269045069826812533e-01,8.111063538408975759e-01,2.209230199047810816e-01,4.280164665587550821e-01,5.113610816245721669e-01,4.150003482557980683e-01,2.182116091571631999e-01,9.264435635243817302e-01,6.786674602953440827e-01,6.263439964834367490e-01,4.430703123793371806e-02,8.566327190376245015e-01,7.922440939913140134e-01,6.838287583121968050e-01,9.321665692861403896e-01,7.891755031523774999e-01,7.866348750005375257e-02,4.389332333704236144e-01,6.538062696723337952e-01,8.108177597048101815e-01,3.762893991209423916e-01,6.144212423844470639e-01,6.406390366085727983e-01,6.260201099053082086e-01,7.453224141907028866e-01,9.841425841545299313e-01,3.735675156882315995e-01,2.024031438961931273e-01
9.635679764834477190e-01,1.265124153801898688e-01,7.234783408687253115e-01,9.644808298949636427e-01,4.231794510242113394e-01,7.261659410177552232e-01,6.455214485590237139e-01,8.186606228643577010e-01,7.595307501961287011e-01,-3.233524448395850848e-01,7.817656364456209150e-01,6.007741097845612499e-01,6.466260238600770593e-01,8.999683498511115709e-02,9.179331406050438291e-01,0.000000000000000000e+00,9.894959100990627920e-01,7.226964678486740290e-01,4.854054316885886289e-01,8.467010971844233236e-01,8.692568216266988168e-01,6.592943335995919973e-01,7.541111552728702039e-01,6.710300111177357474e-01,6.393829584227367357e-01,7.771313465344109606e-01,9.027476554360691630e-01,9.879217044745081111e-01,5.644350993692944796e-01,5.648218904331008261e-01,4.137035615181308135e-01,5.714758469583816058e-01,4.386909402665790658e-01,8.498289811845516351e-01,4.863329723526010340e-01,4.756264479119483579e-01,3.370230436351945302e-01,2.841398230779774159e-01,9.267925924203443966e-01,6.817306780805767463e-01,4.143246785187078007e-01,9.338354876316812270e-01,7.472935374570230938e-01,8.160866468725777034e-01,8.084161323379565056e-01,6.023953622824799181e-01,5.376673142861154719e-01,8.635211194065752771e-01,5.273578481655232242e-01,6.131453803713624584e-01,7.368445887751278178e-01,5.213485795502308395e-01,8.130714179728391056e-01,7.889372980600989349e-01,4.472749650590977510e-01,6.720884627793575206e-01,2.384094000237839406e-01,6.639999531229472396e-01,5.207980146469376459e-01,7.504568190442836295e-01,6.257041487258976353e-01,5.951146737797946562e-01,4.072084358126513703e-01,4.732707011790338036e-01,7.206453800749861305e-01,9.710188086129775131e-01,8.918479469184585895e-01,7.761254859890082125e-01,9.786035887165265290e-01,5.835291325478448865e-01,6.619170868001678087e-01,7.458567910001278056e-01,7.669877874667949680e-01,3.296825558370676257e-01,4.303163234575620444e-01,9.821281202901709362e-01,6.923794007898722569e-01,4.779294309123228168e-01,3.205395589491867869e-01,2.758377045147561435e-01,6.489727109262812821e-01,9.461265828101139697e-01,7.390493980314197797e-01,6.983553520986420793e-01,6.741856205199716623e-01
5.952214662927984845e-01,9.147034547404492288e-01,7.076584419648920266e-01,9.727788371958124847e-01,9.682745776770190771e-01,9.901521581969359165e-01,9.926212452487166438e-01,7.842352971358679259e-01,6.239006781220446385e-01,7.679501291818852104e-01,7.849869413634174009e-01,9.856734247705343233e-01,8.744238655456544329e-01,7.512980986225223923e-01,9.268157262829470611e-01,9.894959100990627920e-01,0.000000000000000000e+00,7.586263096212886303e-01,8.442276382527237333e-01,8.612781871092368702e-01,8.265893860433940477e-01,9.620202082569595525e-01,5.613892543829489545e-01,7.026428463507040645e-01,4.060370452599207369e-01,8.574002599914054557e-01,7.305494101550329411e-01,7.267954426587722727e-01,7.153789526691353151e-01,2.905559524780433334e-01,4.854280314488364223e-02,6.089471016803297276e-01,9.771881979708719745e-01,8.745923236502560760e-01,7.782145388646869444e-01,6.049202968440826611e-01,7.706482130350147397e-01,9.850563555038581720e-01,8.511864898754988307e-01,7.231447814567111276e-01,5.953697680497067601e-01,4.869334380677429186e-01,7.209227976877297106e-01,8.590886042862351246e-01,8.711661356497886199e-01,5.563006649622608268e-01,9.614989111575616976e-01,4.456430715169784063e-01,6.736824317515653915e-01,9.213624284239864126e-01,8.110803436934322930e-01,9.473474213962282953e-01,9.477916879697141361e-01,7.261741455365420261e-01,9.728444364324784210e-01,7.853134350715786915e-01,3.033989748553908017e-01,9.569579064556762438e-01,7.027084758798368691e-01,2.643733736140372326e-01,5.419766646008368216e-01,1.936760579370427893e-01,5.435778033658953401e-01,9.343200612576547659e-01,6.727106901476470613e-01,6.330126924070954564e-01,3.493516225582265489e-01,3.528640472122901439e-01,7.127066047028358664e-01,7.771126337931192340e-01,1.412345550643744896e-01,5.203161707525217894e-01,3.622616660250513321e-01,4.925668913660419812e-01,6.124988405488078769e-01,7.849621561520965241e-01,8.542284774607991071e-01,4.820516329280769563e-01,2.962014415456495353e-01,5.785189314714911379e-01,9.945614586218933795e-01,2.366426861218511868e-01,8.606801030350770265e-01,3.348986325970134681e-01,7.914300733917269959e-01
6.385998877220619985e-01,7.933378588291490896e-01,7.267064329154989677e-01,9.934913575663566476e-01,5.237103803399785207e-01,4.430272614153011324e-01,2.777469144535271162e-01,5.685545861440500781e-01,6.882871982397743560e-01,6.328454543906376628e-01,7.741015183136961131e-01,7.062486917998300751e-01,8.699102344081298677e-01,4.433619699923698754e-01,5.031769053906256506e-01,7.226964678486740290e-01,7.586263096212886303e-01,0.000000000000000000e+00,9.107522919527416549e-01,4.599939642873346890e-01,9.141770946666081255e-01,7.218172364158090826e-01,6.356825492833360070e-01,1.666716537802843678e-01,6.616682546659572450e-01,6.159409879253376907e-01,7.402876069226562716e-01,2.314572737246935186e-01,6.333555989960037991e-01,4.195448497450572911e-01,2.484496969418742984e-01,7.166258885698267855e-01,8.437397868273460722e-01,1.737130656157907238e-01,5.399902404817614743e-01,6.177017789581402685e-01,2.539435508995273039e-01,7.723289405703424038e-01,7.273693795873770185e-01,3.528758678760278711e-01,4.559832715911853462e-01,7.683333738634848809e-01,5.836655387042354315e-01,5.784341689539407305e-01,7.523920028426135387e-01,7.074944648721885887e-01,8.492115296853224304e-01,7.975017661227948862e-01,6.801343314852772437e-01,5.354036157949979696e-02,5.397968377543234109e-01,5.592251238205928621e-01,6.483840375014551238e-01,5.083181245330953280e-01,7.594425342398201106e-01,4.384034627218585944e-01,7.820782220108414284e-01,4.134724629194779233e-01,6.827071305910008547e-01,8.409499949675919295e-02,9.770944028460042396e-01,3.384621313252040853e-01,7.053195716394783377e-01,9.987042339267094837e-01,4.424398769466551529e-01,4.843886821716174018e-01,8.167414767274341347e-01,9.125051994616470985e-01,6.205847118786054217e-01,6.652171242943885066e-01,7.339042062568865710e-01,8.247645424414572490e-01,6.149771842266353872e-01,4.727300755699081480e-01,7.034983929316209750e-01,6.943214247720538301e-01,7.118248481636124669e-01,5.467028066950958554e-01,3.940155933960378665e-01,5.755763876606778684e-01,2.571795789356972062e-01,7.327535202863786346e-01,2.283406935524517345e-01,3.614805558781837291e-01,8.408652618948950774e-01
