0.000000000000000000e+00,7.675082371030613748e-01,8.038241852475536131e-01,2.073954419970844842e-01,7.081946728229177035e-01,9.842657627390788422e-01,9.915953762107374558e-01,7.016671645822820658e-01,6.439463044715941775e-01,9.976193226603644604e-01,8.125306590757664926e-01,9.905515353702816217e-01,8.478003960587205956e-01,5.206683403308034475e-01,4.503168493550495088e-01,9.494141236596238542e-01,6.367110343404634998e-01,4.114661620030334310e-01,6.382074252928070512e-01,7.904952252005558178e-01,7.930278767544136631e-01,8.616944868112949019e-01,6.804096807417260306e-01,8.520730200254904574e-01,8.823129126226229024e-01,8.971732788572123196e-01,9.182935281969464292e-01,7.478881822158452986e-01,2.319829491350645090e-01,7.706580341945443724e-01,2.481923435747289963e-01,6.020850119310390269e-01,7.532032935440545751e-01,8.543603689692079728e-01,8.739809364937920488e-01,3.999952719557977598e-01,-3.837408292164912194e-02,6.992581126757860810e-01,3.736084048721939888e-01,6.039026670895800697e-01,8.249016553714668687e-01,9.811820169815191894e-01,9.547560071863315789e-01,8.892621895638961327e-01,9.698446084207789086e-01,2.445455546252264523e-01,8.046873561446385992e-01,9.046607508347134230e-01,6.470893881115421520e-01,9.997494989097752693e-01,9.105109227923412485e-01,5.536600412526293535e-01,6.339565763824456246e-01,9.847180933249373158e-01,4.006490152016815021e-01,6.686124902955179472e-01,9.284340264376325091e-01,2.791074703740229479e-01,9.713618929804754831e-01,1.443154736691145135e-01,2.694914692510146925e-01,6.618200626336483428e-01,8.874143945038582837e-01,9.803365614189095689e-01,4.553012091240486447e-01,9.918687249581387144e-01,7.998718181420557682e-01,5.766478229870167782e-01,4.593763964200455741e-01,9.063253084116862368e-01,5.543533932378360563e-01,9.642729749570231323e-01,7.052253273158602953e-01,5.260005382687740205e-01,8.231526636452053403e-01,5.795247406120066502e-01,4.906589392595103183e-01,8.204814424316695387e-01,2.850496369664060614e-01,9.362934985159564183e-02,9.123261797646667892e-01,8.292992391549508513e-01,6.511077880336177959e-01,1.928296425572060269e-01,4.260639746191487442e-01
7.675082371030613748e-01,0.000000000000000000e+00,7.398443707077569931e-01,7.919473607078331145e-01,6.866583252767215484e-01,7.429082327205605019e-01,9.215342155192488560e-01,7.191119425806921095e-01,7.057363083310161933e-01,2.541966905665480336e-01,7.195565360537375943e-01,2.677500032061078117e-01,4.526201572994502653e-01,8.096976368123619539e-01,7.492238125670684923e-01,7.255803526240430790e-01,9.298655829414597118e-01,2.633151157041885293e-01,6.645868985695221332e-01,2.243984065852914767e-01,4.035340173354376447e-01,7.897365471455246588e-01,8.526633444853761734e-01,9.986825145081117405e-01,7.447776137076775882e-01,6.747317059703357156e-01,8.063524924356753054e-01,7.317369078826847506e-01,4.432954667385430314e-01,3.970265051474851092e-01,4.630668288885149142e-01,2.546130610787611381e-01,8.812887621477275557e-01,4.232095674821810816e-01,5.243560549349624011e-01,3.871071725668522312e-01,5.149545705947012886e-01,6.366442907968025144e-01,9.068176433511703216e-01,6.789632435756869366e-01,8.170592876984923425e-01,8.741402881376698630e-01,6.492646937038417665e-01,9.888483963935748022e-01,9.662244338796446286e-01,7.795209565473955049e-01,5.947296372388996000e-01,9.728161155139940508e-01,3.630139358768295077e-01,7.199097566646476265e-01,2.628133221735307612e-01,7.111470223485583109e-01,6.475106732225302530e-02,8.624074680248980940e-01,5.666135467990855989e-01,8.101900678195427252e-01,6.012643296367417012e-01,4.763879705233952100e-01,6.468246847597964866e-01,7.889805956926418951e-01,5.960369816569029977e-01,8.056822184763330341e-01,6.893086734150640771e-01,8.289933955852176739e-01,8.575312065800355654e-01,9.754862031212121476e-01,7.540961542780911797e-01,7.703899002682118580e-01,3.296436955593988194e-01,7.726460114757087716e-01,8.793842895125179027e-01,7.875458114332943849e-01,5.496951440396357080e-01,2.960109580974844556e-01,7.683782508021663737e-01,2.780702626460682669e-01,9.129432555442648090e-01,7.639660707927387051e-01,1.341259979753910495e-02,3.210133652017858608e-01,6.576710249128713270e-01,8.708665457955825362e-01,4.637909815808491931e-01,4.414373371595085582e-01,5.980354922920321226e-01
8.038241852475536131e-01,7.398443707077569931e-01,0.000000000000000000e+00,8.285163336543227564e-01,4.286325314030569045e-01,8.895678421692314597e-01,9.970551063644572665e-01,9.153615842003856029e-01,5.442136235448451487e-01,9.720993620484472686e-01,9.768544885052116156e-01,7.291246546120139227e-01,8.193756872306329209e-01,4.600067513618179560e-01,7.874443671412982848e-01,7.255439897370867808e-01,6.744802612406772813e-01,7.163242234320948976e-01,5.544615341340130010e-01,7.217859994266522250e-01,6.378282732157035673e-01,4.900146992698455328e-01,7.130472111181151984e-01,8.033227577867239066e-01,6.474937800227292817e-01,7.504773425845764345e-01,5.241298163914374225e-02,8.489001046932116434e-01,3.074367374567868461e-01,7.166069587095531546e-01,3.081117807733734781e-01,8.256827001974188507e-01,8.418544010337813965e-01,9.061181141059290178e-01,8.873262643681157913e-01,8.819871454247475429e-01,2.749913202167016402e-01,7.259189659529332594e-01,7.457343240547211760e-01,8.195745595268405514e-01,6.053496149772782386e-01,8.679522567577342418e-01,8.687631805122778550e-01,6.877171314997254647e-01,8.422080838640543243e-01,7.145749431895247472e-01,4.835685080234405908e-01,4.737962987217176902e-01,9.660453038824728944e-01,9.245390597836851132e-01,1.315510177778649037e-01,7.265812224485029835e-01,9.481826806896705984e-01,4.522803575589251501e-02,7.143061396685785880e-01,7.363906364649376313e-01,9.214158670221118674e-01,9.584663193408919923e-01,6.620665033824698620e-01,7.047801084214435630e-01,3.356609537618697736e-01,9.042965993154861160e-01,9.407577246855801656e-01,8.282981494307400938e-01,2.350960379781212306e-01,6.973856479867405200e-01,5.332112237373527464e-01,4.610107162021196969e-01,8.830635004996494342e-01,8.217876672890065404e-01,7.216089541531869322e-01,8.201489507261935374e-01,5.040140349770323713e-02,4.506780829621726547e-01,6.964045439446702179e-01,8.879821799126887960e-01,9.564297989908363551e-01,7.233279864825998828e-01,5.244351890269262073e-01,4.867017824709516383e-01,4.042130349729310401e-01,7.160595551560327010e-01,1.907163913406850764e-02,6.033148668216525845e-01,8.144729477648279259e-01
2.073954419970844842e-01,7.919473607078331145e-01,8.285163336543227564e-01,0.000000000000000000e+00,9.267345172504346529e-01,4.888402492098028462e-01,5.901619327925452518e-01,9.521634639236752351e-01,6.082505276491066981e-01,7.866499397744980415e-01,7.451269991268151260e-01,8.690765304691459026e-01,6.820477065602622568e-01,6.356178710780944208e-01,9.651952380353535643e-01,4.672113108569952433e-01,8.894539127252482080e-01,6.345158144171092474e-01,6.419529740074778612e-01,7.524284183156195738e-01,9.753831689980112518e-01,6.008897049610749663e-01,6.188842585690050857e-01,6.096822337828384786e-01,8.097972343511821158e-01,9.475689020246749195e-01,7.946598836482652306e-01,9.211775702273796718e-01,3.183796858495389070e-01,4.807035525485665595e-01,6.654679524404757407e-01,7.690713164942527547e-01,7.267856896521843746e-01,4.552595511945530249e-01,2.974981388147003303e-01,5.869402724139738403e-01,1.066573814725033237e-01,7.860915968897992379e-01,6.263162927637525579e-01,8.765976053085825503e-01,6.096687096877470013e-01,8.269473919463325995e-01,4.301366788722765233e-01,2.577027013841962089e-01,6.185772469355879100e-01,9.720027398095194560e-01,9.964737012932849414e-01,8.114776024241545649e-01,7.098091647363949930e-01,8.401602476226084359e-01,3.411301268871475001e-01,7.712347704422257699e-01,9.754311430919127002e-01,9.761416365371237136e-01,5.790262967328284605e-01,7.878988941914508715e-01,5.796300977455388637e-01,8.619256702853733687e-01,9.517137080906085123e-01,4.886140104597242462e-01,6.305881923030911551e-01,5.371143168191248041e-01,4.895461733824642558e-01,7.961477632131063187e-01,9.468701258126802633e-01,5.482827910439445063e-01,7.287811001527468857e-01,8.751959502402636426e-01,9.891840370603874888e-01,8.886402789605846175e-01,8.282871114244589883e-01,9.450926206918486283e-01,5.417773412685894519e-01,5.713418877910592109e-01,5.507183818550245302e-01,6.601610433165203684e-01,8.752093430810081731e-02,7.341493166000555570e-01,1.644401417377960861e-01,2.475149264512064295e-01,4.330254313074960448e-01,9.068387645031542599e-01,4.405317358244907333e-01,2.496676379673699320e-01,4.464142673075903178e-01
7.081946728229177035e-01,6.866583252767215484e-01,4.286325314030569045e-01,9.267345172504346529e-01,0.000000000000000000e+00,9.815860573733361516e-01,6.812828391856475818e-01,6.490802279595262458e-01,6.541491289560887878e-01,7.175585006768212537e-01,7.881775749746040560e-01,7.153907171099712636e-01,7.799796037719766151e-01,2.738508172103827909e-01,4.681310624512530771e-01,7.583476290300432687e-01,9.407593600232465325e-02,7.751994751028807862e-01,9.341653664553447589e-01,2.038500541116939346e-01,6.983480013876474102e-01,7.466590032109109432e-01,6.302376428628959637e-01,9.494075392898327914e-01,7.656102404674581807e-01,6.775868180125758089e-01,7.829613518520707194e-01,6.072430598211152608e-01,2.205557985179431302e-01,6.373312293535270401e-01,3.402185039934632615e-01,5.684079471286787033e-01,6.820671782052114551e-01,6.665336879632777212e-01,4.472215919367131254e-01,8.463734359023030729e-01,4.084040378780909308e-01,7.550173556442825173e-01,8.630471394218377501e-01,7.136103179592651058e-01,9.988772622795093203e-02,8.266506785532298229e-01,2.007524105492315136e-01,6.565970303098347394e-01,6.723252642990291683e-01,7.368802241068795889e-01,8.921542682769357802e-01,9.101866543889899352e-01,7.532663071802143673e-01,5.828413884243183185e-01,7.220804990504936516e-01,7.422102866790206699e-01,7.334342933543611665e-01,5.851037900272438863e-01,9.633979134330896699e-01,7.656828627291031308e-01,7.444956602574540616e-01,7.993437821549544964e-01,9.825007311261129139e-01,5.715626479265905058e-01,5.175742461832382180e-01,9.509172909742859003e-01,6.533450438769414781e-01,6.691673813627019296e-01,9.538624278688986324e-01,9.674980997277441430e-01,5.262484389777175586e-01,1.402804173079393313e-01,7.833517976055411891e-01,6.850073873348451192e-01,9.526803387972788695e-01,6.482814178497113833e-01,-1.495735712667513317e-01,5.295611830636231393e-02,5.047805861636255331e-01,2.051020322509064797e-01,6.323650303675487638e-01,7.388756305621755338e-01,6.054478330484648341e-01,5.693607622734273566e-01,5.830564171300520737e-01,9.065935689374363671e-01,7.687820641113896070e-01,6.799668631700350740e-01,6.697229820852181881e-01
9.842657627390788422e-01,7.429082327205605019e-01,8.895678421692314597e-01,4.888402492098028462e-01,9.815860573733361516e-01,0.000000000000000000e+00,8.282031744189835565e-02,5.835814033969490833e-01,7.090583747975689466e-01,2.648013292628914050e-01,9.109262144720569054e-01,5.529142444970734926e-01,9.560077982989850787e-01,2.999544975680285552e-01,7.559531196071443970e-01,6.664585618523199972e-01,8.856015611626169015e-01,6.310985465480857259e-01,4.184978475149293553e-01,7.665317173013667107e-01,7.720020120820061393e-01,7.426717476109159222e-01,-1.696809715208397185e-02,7.003967602839855644e-01,7.607268191025705617e-01,4.760564528203651280e-01,4.276535898062157615e-01,9.470721704764432092e-01,3.332988433854207622e-01,7.717970579300164058e-01,6.349095645572261359e-01,4.112880117815342351e-01,5.240518446409225817e-01,4.630373662699817650e-01,7.495239968914740869e-01,3.849086866659631179e-01,2.834271678052355248e-01,8.578172564793834498e-01,7.462289912962956073e-01,8.591594930575305877e-01,3.487904243867872012e-01,4.359315434063023575e-01,8.766608937634619014e-01,6.138868551877811885e-01,9.250721851950265417e-01,7.533075725309538173e-01,6.949569767431118539e-01,7.650492494182132841e-01,7.284797071549399261e-01,5.496345331417376023e-01,7.678610292061002207e-01,6.118100792371569119e-01,8.050866007601124030e-01,5.570225909601081993e-01,9.926795720808661017e-01,6.221403599353642067e-01,2.765971036605801014e-01,6.117289154938155837e-01,8.802417142166503172e-01,3.903640332941010205e-01,6.088834612355418230e-01,6.402716632829409393e-01,7.740554872559346489e-01,5.438452241947289156e-01,9.036725653134238812e-01,7.461575473037518336e-01,7.976330782671108288e-01,9.033103338050926245e-01,3.825507293335870251e-01,7.610360377035093604e-01,8.488930120722185668e-01,7.839046314720563569e-01,4.062904021456016368e-01,2.272230435367737778e-01,5.589204342097454647e-01,9.470332231163328673e-01,6.912401601864183176e-01,4.051714107687221511e-01,7.727143794876853988e-01,-1.677191818759356245e-01,6.903018132288751829e-01,-1.583363834637285805e-02,9.300849171338386734e-01,3.626882838838502154e-01,6.589951821371611285e-01
9.915953762107374558e-01,9.215342155192488560e-01,9.970551063644572665e-01,5.901619327925452518e-01,6.812828391856475818e-01,8.282031744189835565e-02,0.000000000000000000e+00,7.099068444875578088e-01,7.821047144018414832e-01,2.217880158015065051e-01,7.679814481857327735e-02,9.112352989412420001e-01,3.508873985063869494e-01,4.922276809961865784e-01,4.285323518912365626e-01,7.064457475772017991e-01,4.513680257515355621e-01,7.717998889221572290e-01,6.855767262957452868e-01,6.187967654308862420e-01,6.521354064558430030e-01,9.891925663076169828e-01,4.300238499271069603e-01,9.898974893363461369e-01,6.189042153391052237e-01,6.705143479476324275e-01,2.166141432505372943e-01,5.494314408148445183e-01,3.908231750955592498e-01,4.185065352479123701e-01,1.360004806654092069e-01,4.546767840336568001e-01,6.564102530299597005e-01,7.499337246113200184e-01,5.165474277046016027e-01,7.490298192664790466e-01,1.774306183290203509e-01,6.334402984654307067e-01,9.574486020131222075e-01,7.354220164451648056e-01,5.484645655124145147e-01,7.313147099419596842e-01,8.750217404893951834e-01,9.609479805711648170e-01,7.865554931334740596e-01,7.036909189120705843e-01,8.167898352180104071e-01,6.049630803851419047e-01,3.912869149904956156e-01,9.487414734846781883e-01,5.333391788392212174e-01,7.818655228573583305e-01,2.414019156480101957e-01,7.791306511074247432e-01,6.122742202270976541e-01,8.079055912731116784e-01,7.361017517183300329e-01,7.743596147716661493e-01,4.314613717119997749e-01,7.757476988839737686e-01,6.487978575552251215e-01,6.454851449218326209e-01,5.689857894841718888e-01,5.414922800011290338e-01,5.293197785746194262e-01,8.118677530593698677e-01,7.650484981537025719e-01,6.174749793228873074e-01,4.463530850652928650e-01,4.710002553774217948e-01,7.228709178032589611e-01,3.500818014940526579e-01,1.653335187259078742e-01,2.944212573341981609e-01,6.191135503445158728e-01,4.709520831042414146e-01,4.275893674258882116e-01,5.889648178723541072e-01,3.706280525592778874e-01,2.996941865268027416e-01,6.732955336019634807e-01,6.639152319175021244e-01,2.527983940369042948e-01,5.381357689289760771e-01,7.567355742694094056e-01
7.016671645822820658e-01,7.191119425806921095e-01,9.153615842003856029e-01,9.521634639236752351e-01,6.490802279595262458e-01,5.835814033969490833e-01,7.099068444875578088e-01,0.000000000000000000e+00,6.290764669014549115e-01,6.585446602831805940e-01,6.653398191814171581e-01,4.230872263980762216e-01,4.622915913582329450e-01,5.408576974177930347e-02,9.842519951860466687e-01,7.668498149418538912e-01,9.044754681734541446e-01,2.676240069237655339e-01,5.676641088001084245e-01,2.884355826554977353e-01,8.460311076259229290e-01,5.064437957213323571e-01,4.973536732368446511e-01,4.167692490062135935e-01,7.322039321629143505e-01,4.655194513185492711e-01,5.458554457587957431e-01,6.125614592015949933e-01,4.494646878694248948e-01,5.411035863741220364e-01,-1.213672476553881718e-01,8.020024916915283741e-01,6.194287231683434092e-01,2.122317408879171030e-01,5.597205494111333612e-01,6.169348015845885769e-01,3.251725717497364609e-01,8.259090611527379888e-01,1.667886086140320523e-01,6.929248069137561306e-01,3.331082972695212918e-01,4.341010921206457374e-01,6.896097023341679622e-01,7.970340104822950522e-01,9.503614740960848462e-01,4.054970523378896852e-01,8.654799566448797554e-01,5.516582111861465521e-01,3.014377927046319461e-01,5.605828496384076542e-01,4.711985565384401720e-01,6.793319253625874632e-01,7.663493039507890403e-01,7.793505247546005377e-01,7.937676810139702166e-01,7.842428354279349367e-01,4.995492998845926236e-01,9.428629997814860220e-01,9.043448191294523042e-01,5.039959565479993353e-01,5.883390767069209826e-01,7.415076843347976343e-01,7.880886190477554010e-01,9.708183823598500739e-01,9.656965700473504333e-01,7.034548855371975939e-01,5.949130193765539421e-01,9.412689023770638430e-01,5.399281758495940720e-01,9.791544546611143929e-01,3.969471784745460252e-01,-1.969640530105798981e-01,5.160878732400727698e-01,4.761047125585707307e-01,3.073556388393224870e-01,8.210548612860847362e-01,8.048906722970420313e-01,7.795447454160202572e-01,5.142405889597077007e-01,5.253023039901683067e-01,7.400953579125995052e-01,6.508112520563220649e-01,8.828762978866180333e-01,3.549350453810887762e-01,7.549989385881410442e-01
6.439463044715941775e-01,7.057363083310161933e-01,5.442136235448451487e-01,6.082505276491066981e-01,6.541491289560887878e-01,7.090583747975689466e-01,7.821047144018414832e-01,6.290764669014549115e-01,0.000000000000000000e+00,9.118227514014523027e-01,8.763186510212067626e-01,8.761615259484685225e-01,3.498623754104014383e-01,6.267510281910618763e-01,6.360357376636972537e-01,2.901707361232350874e-02,8.304256584191465063e-01,9.324679300899758605e-01,7.517113393661951637e-01,3.883511300048133053e-01,8.196270838626675825e-01,7.740046280370158627e-01,9.882581826270564473e-01,7.111852611645471667e-01,7.142090820068549561e-01,7.967642124801490588e-01,8.836142869824989976e-01,5.279557261728420325e-01,3.372393569772151878e-01,3.122741525294814302e-01,5.177334830791513465e-01,9.162970499320191031e-01,4.539073314198453502e-01,5.874450904974871657e-01,4.787754973454138030e-01,4.806330723096731150e-01,5.570869000193470200e-01,4.943432188769360525e-01,9.020844671069956355e-01,8.248916104251976522e-01,1.506919609505502355e-01,8.556640291019239619e-01,8.228303749954268831e-01,6.256361841541338009e-01,8.425686357723951581e-01,9.257862504365330647e-01,3.471620862006048469e-01,5.249590602948501772e-01,4.665926758658135443e-01,4.495131275398820403e-01,3.271777206303152497e-01,6.379769658984231206e-01,4.590164581248067921e-01,3.796317995304150372e-01,9.032958639859688388e-01,4.157849547356114450e-01,5.561435237471779036e-01,7.794895464842188648e-01,9.770572115930027390e-01,3.180796598065339653e-01,4.061855342443010941e-01,7.350836951308719058e-01,8.675666217914371758e-01,9.626656104515372014e-01,9.245612277012723590e-01,6.511433822071808208e-01,6.268513351507045694e-01,9.442391585943291643e-01,9.939112303291028905e-01,7.709346536854106979e-01,7.505762730003915362e-01,5.647847600980469007e-01,4.267533514718619414e-01,2.147878389686986023e-01,2.211387784755716734e-01,4.964329269878370310e-01,5.120387209798267225e-01,6.221635028900757147e-01,4.854600546758165991e-01,1.887108695097424460e-01,6.346299754237683111e-01,6.020879018917363323e-01,9.076070264136563148e-01,2.575387035387557977e-01,4.267413154164785838e-01
9.976193226603644604e-01,2.541966905665480336e-01,9.720993620484472686e-01,7.866499397744980415e-01,7.175585006768212537e-01,2.648013292628914050e-01,2.217880158015065051e-01,6.585446602831805940e-01,9.118227514014523027e-01,0.000000000000000000e+00,8.328147525203726254e-01,3.677413669655284489e-01,7.784987468312268843e-01,9.514857045681730519e-01,5.249109896242023510e-01,7.024998388237110314e-01,6.568480913069782989e-01,6.858666738928427264e-01,6.607829208526987408e-01,6.166948999027155320e-01,4.862180556069504167e-01,9.096343024932549426e-01,7.399702718416429903e-01,6.005251343963141641e-01,4.636863277672459427e-01,7.272524999690723746e-01,4.129748413196753232e-01,9.566158489632934359e-01,4.566725207944586917e-01,3.868158473700739064e-01,2.994474482306741514e-02,5.805014119256683980e-01,9.486444617083199526e-01,7.162561676418462975e-01,3.176239657022600360e-01,7.434318317789956332e-01,3.850003723387818155e-01,6.170655736170073125e-01,4.844494649888334004e-01,7.367226830299882234e-01,5.017167868043980183e-01,2.011110938926924385e-01,9.082132451400578566e-01,3.080937245094936827e-01,9.150497070963320434e-01,9.787922823059181932e-01,8.637983571040873665e-01,7.291656736508034253e-01,7.490021992614666058e-01,8.448856208752610897e-01,6.717093656186103878e-01,9.562506587746619768e-01,7.381747004436912674e-01,7.603504260416078520e-01,8.359886973149982525e-01,8.675927896428590191e-01,7.953733169452872342e-01,6.068731865620776711e-01,9.282078759918821476e-01,9.367525273428823906e-01,3.504895618385480693e-01,1.355934463646760457e-01,6.322552203571717433e-01,6.129594028010484363e-01,5.810055046639890364e-01,3.488946441647515218e-01,7.867084292382509059e-01,9.133408283496201596e-01,4.144946140130483653e-02,8.183539430588202546e-01,8.110920175798994602e-01,9.458929497008778942e-01,-1.379756804974731077e-01,6.969413009378988555e-01,2.763726099365619859e-01,2.233557576175023707e-01,6.764464976883850511e-01,6.677475805107437878e-01,5.379905511704085042e-01,1.213817214493610186e-01,4.682466189336331741e-01,4.944522199576626420e-01,6.851109811966572538e-01,4.533091622798823828e-02,8.028931866152152486e-01
8.125306590757664926e-01,7.195565360537375943e-01,9.768544885052116156e-01,7.451269991268151260e-01,7.881775749746040560e-01,9.109262144720569054e-01,7.679814481857327735e-02,6.653398191814171581e-01,8.763186510212067626e-01,8.328147525203726254e-01,0.000000000000000000e+00,4.898431727164985761e-01,7.575429429828270944e-01,6.994454981920013026e-01,7.261110010150242378e-01,6.163984107394939738e-01,8.009263082626768560e-01,5.336426328498212746e-01,4.405220283413527338e-01,8.232271221752099910e-01,7.439254825176599972e-01,7.274211896545126343e-01,6.873197520823064455e-01,8.764261000030555415e-01,7.173454387280808753e-01,6.448150937653199799e-01,2.438701062651822127e-01,7.560645555156239039e-01,5.467561735286590174e-01,4.122075154985493373e-01,4.184555468727863548e-01,6.601234206916043457e-01,8.454262116937730775e-01,9.915796551567686024e-01,6.502555318245530902e-01,4.966496765464670227e-01,5.302616950660397066e-01,8.730547954618990136e-01,1.940196991316712471e-01,8.741758956413987480e-01,2.644135235607603662e-01,6.500379506044797751e-01,7.816611259163674941e-01,6.329225682638435213e-01,7.960040221095228130e-01,9.991440828120889961e-02,6.189986520482484433e-01,7.120514782095945794e-01,5.219591354670671812e-01,5.047520464802695006e-01,6.250666858866716913e-01,9.990657519355403693e-01,9.554912894229427023e-01,6.732288871244938022e-01,7.005216971798260417e-01,8.534774347155098528e-01,4.353651631367015939e-01,5.463977508773659730e-01,9.973559429760032735e-01,6.968062268237067425e-01,5.342690203899695955e-01,1.029222790965556023e-01,7.869048159118283703e-01,8.054258212683186313e-01,7.238008784392440109e-01,8.329345792341336097e-01,2.925212590625058118e-01,3.933157291165479963e-01,7.825982114064220507e-01,3.690256263440485074e-01,6.721587672650345402e-01,2.208905103991907481e-01,2.105074910481739003e-01,4.361763780226871612e-01,7.147965884722615737e-01,7.174914737330219117e-01,9.672662846139363779e-01,7.981803233138216047e-01,5.134995777748762036e-01,6.658283814362882247e-02,6.167741296697608622e-01,2.817093802848565365e-01,7.770877085682524887e-01,7.572623304176231418e-01,6.327039820349604771e-01
9.905515353702816217e-01,2.677500032061078117e-01,7.291246546120139227e-01,8.690765304691459026e-01,7.153907171099712636e-01,5.529142444970734926e-01,9.112352989412420001e-01,4.230872263980762216e-01,8.761615259484685225e-01,3.677413669655284489e-01,4.898431727164985761e-01,0.000000000000000000e+00,8.900927342844749957e-01,5.341238019210148291e-01,2.455340397391221341e-01,6.807101624767815107e-01,7.598662598602233809e-01,7.311111806044371386e-01,6.983803870166604977e-01,6.828001019019368512e-01,6.926103891423329717e-01,5.585793273424143335e-01,7.510636052523993467e-01,8.499136094443823231e-01,2.478334696222291578e-01,6.400411469142404108e-01,9.288086756474986938e-01,5.733724238754038804e-01,2.248112705665333555e-01,3.961520749779420258e-01,1.036595498685656536e-01,5.424187446592161344e-01,9.780705263950686401e-01,2.112821969738418182e-01,9.661635298921579240e-01,4.862964036609790930e-01,2.096090355898271862e-01,5.817216291809421680e-01,8.591109033026387287e-01,9.355738492653868921e-01,3.145751396691204294e-01,6.487623973847133074e-01,7.369144060828382026e-01,7.843511902978347328e-01,8.338744193877251076e-01,6.519668392438282556e-01,8.472409332967906215e-01,7.914446310833040954e-01,5.912232495726116310e-01,4.950998701724789175e-01,5.285330305592080835e-01,3.891093183045345461e-01,9.836678183403381182e-01,8.943670311016125307e-01,6.550200580882585832e-01,7.706058340510046900e-01,8.420984763848069488e-01,7.535892802068318019e-01,8.668160481035347420e-01,3.726020928379706332e-01,3.439680656869673614e-01,6.684505812347393272e-01,7.088457216173020825e-01,2.935168293837776554e-01,9.477373925312433389e-01,4.355583906198740030e-01,9.503771092209174487e-01,9.022204712772501356e-01,9.487915159310822411e-01,7.476204375609347696e-01,2.624850231513708998e-01,6.468431068984269450e-01,2.267694815738737768e-01,9.297464618415369753e-01,7.562023351964702877e-01,8.675035227464600318e-01,7.123879013290570494e-01,4.995881308920344099e-01,3.394304153773706201e-01,2.863034098848158959e-01,5.136531715114572849e-01,4.918965624998766217e-01,8.945783876832521520e-01,1.490797840928239082e-01,3.033281153267006203e-01
8.478003960587205956e-01,4.526201572994502653e-01,8.193756872306329209e-01,6.820477065602622568e-01,7.799796037719766151e-01,9.560077982989850787e-01,3.508873985063869494e-01,4.622915913582329450e-01,3.498623754104014383e-01,7.784987468312268843e-01,7.575429429828270944e-01,8.900927342844749957e-01,0.000000000000000000e+00,3.291979134104895399e-01,-3.342091286562673402e-02,8.771840949628760820e-01,8.895328348773259286e-01,6.981119593528011258e-01,8.814197878896574689e-01,8.781023717993705624e-01,9.789549342966430423e-01,9.413845127825326564e-01,4.061804701926283734e-01,9.852895932884112584e-01,8.594282621672701961e-01,8.050234890015233180e-01,8.702141764718750450e-01,8.186825532861652377e-01,4.869372909671115801e-01,7.134678546088693007e-01,3.081156630710153999e-01,6.403785805648729568e-01,6.475896147895907617e-01,4.278984524829345104e-01,5.909642224465707638e-01,4.611032413879739833e-01,3.619180114739050103e-01,6.323935086318390741e-01,6.646608635692257128e-01,7.464449169707848553e-01,5.991438439777269087e-01,9.321714857998317783e-01,9.197170079873981940e-01,6.945991814509124840e-01,8.212677754273322028e-01,6.788367084227162618e-01,6.603050119986400013e-01,6.889205382325387372e-01,6.156536300032433573e-01,6.823426458704535680e-01,8.242573066456438946e-01,7.021639139140455343e-01,6.406525757085241857e-01,8.893063977584845237e-01,6.768041420162845823e-01,9.093325670575059805e-01,2.157046092080983635e-01,6.891516223315260481e-01,8.934623481551544621e-01,7.252271427370968748e-01,6.070930309289594984e-01,7.553824752962778888e-01,7.787187261937855709e-01,9.647553181993132609e-01,9.294663050974227847e-01,6.380014909007826196e-01,8.550152757117462921e-01,1.132303868094974896e-03,6.157055852402394391e-01,6.770806248351984857e-01,4.437932969341135681e-01,8.440971259839519236e-01,5.779211437101741122e-01,-8.766797836906875530e-02,4.014308856276066484e-01,3.972342508920861937e-01,8.585209091405652249e-01,6.256038519392048691e-01,3.988139815103122210e-01,5.854696070965965671e-01,7.806404605574996936e-01,7.407231169041188501e-01,5.343351126750564561e-02,-9.012816603033121932e-02,9.718862202187754651e-01
5.206683403308034475e-01,8.096976368123619539e-01,4.600067513618179560e-01,6.356178710780944208e-01,2.738508172103827909e-01,2.999544975680285552e-01,4.922276809961865784e-01,5.408576974177930347e-02,6.267510281910618763e-01,9.514857045681730519e-01,6.994454981920013026e-01,5.341238019210148291e-01,3.291979134104895399e-01,0.000000000000000000e+00,6.405246076387156595e-01,6.167215663836248529e-01,9.620684746086571870e-01,9.332792678217687321e-01,6.394654385741475044e-01,6.458756681556315771e-01,7.846837918702995740e-01,9.950632914211896551e-01,7.622099118795020445e-01,9.677819514049523786e-01,2.366130737103817883e-01,7.802682571915919851e-01,9.794704661426194559e-01,4.098464024192668420e-01,5.486022637009646541e-01,3.386458366004360121e-01,7.839102376095657965e-01,5.492052985498838691e-01,2.802991893233711118e-01,7.749932140004666126e-01,4.433660256564361246e-01,4.979904816392383138e-01,3.000344435733608983e-01,7.975503370709969841e-01,9.957970886159938084e-01,6.256626789624958329e-01,3.410221987371018781e-01,9.506798494199957261e-01,5.902646636748051234e-01,6.644136837505303372e-01,8.634782946106687174e-01,6.907364013406283032e-01,6.987010841285343776e-01,7.481211564985184026e-01,7.843890328660763078e-01,3.540755947373382950e-01,3.760201225358689170e-01,4.165024036060654411e-01,6.539604141809058913e-01,5.724898682970609443e-01,2.154970211912599631e-01,2.761497631291466859e-01,5.960090203248227247e-01,3.141593051016307037e-01,5.913131355322647220e-01,5.030080819512471324e-01,5.598156415919636197e-01,6.547393885842192063e-01,8.080636099859984656e-01,9.708807167607247379e-01,9.315701244439603679e-01,7.472812694439044945e-01,9.775957785947362311e-01,8.572826984197222666e-01,2.098931193714308474e-01,7.624586065057465945e-01,4.513556009328142937e-01,5.369870922554824677e-01,4.897481130849420383e-01,3.907274272988829900e-01,3.186762884161820075e-01,8.919488651302810434e-01,4.367757558377159954e-01,7.518848930382263651e-01,2.043216777586819854e-01,7.699744624022464290e-02,8.727986988702378657e-01,9.859188608115863062e-01,9.014732885556265840e-01,-1.276442768912927073e-01,9.377708365556957082e-01
4.503168493550495088e-01,7.492238125670684923e-01,7.874443671412982848e-01,9.651952380353535643e-01,4.681310624512530771e-01,7.559531196071443970e-01,4.285323518912365626e-01,9.842519951860466687e-01,6.360357376636972537e-01,5.249109896242023510e-01,7.261110010150242378e-01,2.455340397391221341e-01,-3.342091286562673402e-02,6.405246076387156595e-01,0.000000000000000000e+00,7.471289743873132938e-01,4.669893611947886214e-01,6.474990291487201510e-01,5.478237350066591516e-01,7.808721132064296855e-01,7.266354681754132461e-01,6.611164818234676055e-01,8.432296365729299303e-01,6.530586921267341749e-01,7.625523933417714950e-01,4.191480958987662819e-01,4.360016743983773368e-01,6.614290581502726418e-01,5.342051099903981637e-01,4.513689774383994879e-01,7.620280718229339723e-01,7.814283339307659393e-01,7.227397753027428040e-01,6.340653785896397387e-01,4.120747424638463996e-01,4.507911320574431446e-02,6.550537613543355731e-01,5.348504289942943579e-01,5.168725035934262912e-01,7.969232575921927353e-01,2.713830162757036035e-01,9.620907103037946717e-01,7.933878544054366877e-01,8.239709886459516408e-01,8.025651738498035259e-01,3.802432592365411201e-01,2.389454971277293893e-01,7.672503003826270929e-01,5.249161112981770572e-01,4.242871020064895027e-01,8.338831338913645919e-01,6.143863921239099968e-01,7.797907114348126001e-01,7.217864044970574433e-01,2.791760692134258592e-01,4.700420966365056463e-01,5.285778220069233813e-01,7.311887865113684271e-01,6.417274918521778115e-01,4.858871572693629903e-01,3.517258390268890311e-01,6.910789496290220546e-01,4.861138580327483139e-01,7.961403587017072958e-01,7.231308879660499622e-01,4.332560876675687345e-01,4.087666125541259410e-01,9.352763710488537496e-01,9.444386906414108385e-01,2.997908260831026461e-01,9.566439125344529115e-01,1.343694136318414611e-01,5.766571395369428643e-01,5.013413590896393934e-01,4.326519343573475007e-01,4.762193099848054945e-01,9.631479813864400885e-01,7.505974409355321564e-01,9.335016830739553129e-01,2.575433374865914241e-02,3.906170832559580086e-01,6.698207110815684873e-01,9.502973719148221088e-01,7.682611611830798548e-01,6.607845278617454632e-01
9.494141236596238542e-01,7.255803526240430790e-01,7.255439897370867808e-01,4.672113108569952433e-01,7.583476290300432687e-01,6.664585618523199972e-01,7.064457475772017991e-01,7.668498149418538912e-01,2.901707361232350874e-02,7.024998388237110314e-01,6.163984107394939738e-01,6.807101624767815107e-01,8.771840949628760820e-01,6.167215663836248529e-01,7.471289743873132938e-01,0.000000000000000000e+00,7.292933224963908945e-01,7.674752040265405695e-01,4.306296207140909438e-01,5.904635383683528582e-01,8.432115959373809311e-01,9.576417941008723567e-01,7.106809650672976097e-01,8.406672650731967789e-01,4.780061777594668548e-01,7.498708838352458050e-01,8.730740562368777269e-01,2.462362048288109784e-01,1.496722953204943918e-01,5.714645440956522826e-01,1.420829825132833568e-01,6.769801617088988532e-01,9.029162997213917574e-01,5.672033787647984271e-01,7.130059498082943481e-01,8.088702040524432535e-01,2.371227293940697256e-01,6.982289601875519836e-01,6.617632510283197877e-01,6.424519242795183604e-01,-4.248982670152665064e-02,1.228285109972472589e-01,9.639513505381677172e-01,8.410649114115733571e-01,7.794769558437495416e-01,9.872498367684660048e-01,9.445488029716908596e-01,6.316262294192821480e-01,8.643941429641653906e-01,6.561213621605842539e-01,7.033185631684105710e-01,8.616134514987409121e-01,8.366864583040197756e-01,5.801582416858169083e-02,9.804581784674663014e-01,3.085976373771897596e-01,8.521416537474273412e-01,7.876323880989350990e-01,6.511616166317990562e-01,5.270295624866230266e-01,4.210940974920563962e-01,5.587845156333037799e-01,6.471279782592207486e-01,7.282247555311103238e-01,9.211453388511203766e-01,6.779008240446711131e-01,7.578631122452941238e-01,4.102472297138818891e-01,7.108556742793028516e-01,6.632970656658417896e-01,8.160739895959008283e-01,5.073057083023347902e-01,9.919837923528911361e-01,8.609331206085744093e-01,4.892039664322318515e-01,8.418496024557891033e-01,7.867344859309096661e-01,7.928054137026347981e-01,5.047316206316707771e-02,5.581251989998480267e-01,7.600299294891201818e-01,9.997753387547879678e-01,9.263608300131738194e-01,6.746265653876857282e-01,7.406475276905881699e-01
6.367110343404634998e-01,9.298655829414597118e-01,6.744802612406772813e-01,8.894539127252482080e-01,9.407593600232465325e-02,8.856015611626169015e-01,4.513680257515355621e-01,9.044754681734541446e-01,8.304256584191465063e-01,6.568480913069782989e-01,8.009263082626768560e-01,7.598662598602233809e-01,8.895328348773259286e-01,9.620684746086571870e-01,4.669893611947886214e-01,7.292933224963908945e-01,0.000000000000000000e+00,7.209222163553721252e-01,8.610199981732353791e-01,9.746897683870288098e-01,6.001638879908387514e-01,9.487589136822760505e-01,4.891489355759496283e-01,6.115888507092367421e-01,6.760283469412281532e-01,7.879595539399723014e-01,7.724684212832675367e-01,7.186097982751989965e-01,6.473084459754894215e-01,3.416614331524335246e-01,7.285625492805679615e-01,4.724163600296349408e-01,6.768503999431010332e-01,4.005587320765126580e-01,8.120054545004427027e-01,8.897299347985985207e-01,4.032123413060100248e-01,5.122569725558269171e-01,9.701353815129021285e-01,6.172646151410096094e-01,3.229867669400528496e-01,6.563744299680960292e-01,7.509667109151514364e-01,4.421035508361401134e-01,9.579505027486729940e-01,9.303983432716499413e-01,7.530703212500257093e-01,9.829560854092982414e-01,6.698328600751677353e-01,5.751359872677512808e-01,9.305514145158281236e-01,9.019390903404587156e-01,7.356182464846187097e-01,6.480588329358520916e-01,4.755852888421130964e-01,9.217149925010045264e-01,9.866208246419413408e-01,7.489828691582178788e-01,7.256187858914282529e-01,4.218500628280663634e-01,6.986966252210767836e-01,8.667417710990699131e-01,7.621683512103936131e-01,9.717162515301522863e-01,8.126611537654846451e-01,7.289434407123365212e-01,6.501280111701104314e-01,9.008739781809846914e-01,7.426708749414826505e-01,9.656768371491230019e-01,7.611460614537349789e-01,7.472378867805067326e-01,7.735101042672208882e-01,6.489870737195198025e-01,6.231958201406673226e-01,5.305307195156909739e-01,8.188373665018862102e-01,2.921949963692586083e-01,6.145535805189304979e-01,-1.769288184731997449e-01,8.382624152082939206e-01,9.538335349772398830e-01,6.220954636763376122e-01,6.999229908581244830e-01,9.179643567910906743e-01
4.114661620030334310e-01,2.633151157041885293e-01,7.163242234320948976e-01,6.345158144171092474e-01,7.751994751028807862e-01,6.310985465480857259e-01,7.717998889221572290e-01,2.676240069237655339e-01,9.324679300899758605e-01,6.858666738928427264e-01,5.336426328498212746e-01,7.311111806044371386e-01,6.981119593528011258e-01,9.332792678217687321e-01,6.474990291487201510e-01,7.674752040265405695e-01,7.209222163553721252e-01,0.000000000000000000e+00,1.290322142493742844e-02,6.291502049428534526e-01,6.733986883103806331e-01,9.268128455123999521e-01,8.458338213491167767e-01,4.886571555849731907e-01,7.432012766600915032e-01,5.828806386641702808e-01,2.831120623389191682e-01,4.109998178555581139e-01,5.818562672986296036e-01,-1.815108065723464448e-01,4.169679993974636512e-01,8.594544244178310421e-01,9.416092647179317154e-01,6.011550368528932875e-01,8.847993440868724413e-01,4.648057125761546615e-01,4.270489252570132122e-01,5.186573665240608033e-01,4.504418355296962440e-01,6.635474809990455913e-01,2.904718208760398435e-01,7.241557423202744648e-01,1.000138799338848722e-01,-2.622736839192849057e-02,5.576792894250398591e-01,7.494548024189477964e-01,9.147807692511044086e-01,8.959483980308601270e-01,7.174249081785718518e-01,5.400931186410005136e-01,6.301811267293958574e-01,7.126876582189308751e-01,1.166153243666758627e-01,6.627981720626304751e-01,8.184891911531896325e-01,9.983230193576522193e-01,8.522140184892836867e-01,9.082546355063981780e-01,9.001451086420427794e-01,7.297222617171881254e-01,5.313778769397883295e-01,6.766458311261513980e-01,4.742783017219253661e-01,6.002438786211753419e-01,8.724065672976685226e-01,4.348856118175972174e-01,3.591667231287234419e-01,6.719996417211988593e-01,7.636135680686932936e-01,4.056665003785663859e-01,8.996449135413215892e-01,7.795879083637466955e-01,5.324602659331619803e-01,4.139491236696075660e-01,1.340002338764741674e-01,5.326124002398777701e-01,6.329518649833610899e-01,4.574826857564225913e-01,1.951512818653620140e-01,3.550145403490644336e-01,7.739503346983170884e-01,4.229836779768525457e-01,7.013866583796849463e-01,9.246837466118333904e-01,7.102630855362391804e-01
