0.000000000000000000e+00,8.434346969094633772e-01,8.724506189379079846e-01,7.074364963523074312e-01,9.630276382426435910e-01,9.363361254607928119e-01,7.606448150373349426e-01,6.305237916448943603e-01,8.050337686295360173e-01,6.332964105794892662e-01,9.271275705084724983e-01,9.788535239877460548e-01,9.362784452337434837e-01,6.690287833487088553e-01,7.552095178699862466e-01,6.609789970767797618e-01,9.475541567954738342e-01,9.706123785835429896e-01,5.756222216168549455e-01,8.111165363120842464e-01,9.614468540092688809e-01,9.950238696317799114e-01,9.166634212714982466e-01,9.046355936827364941e-01,3.052816322064686450e-01,7.006580973625523567e-01,1.903709419207543219e-01,7.533470930272206934e-01,3.878590325283267637e-01,5.846092129802624715e-01,5.078707693081405683e-01,7.477880542480599413e-01,9.910999571608754000e-01,7.646450263791688684e-01,9.732605646812164668e-01,1.472859070083325228e-01,5.203643082137749953e-01,8.474680931135066819e-01,9.721940844618769395e-01,6.737921695824565793e-01,8.342114859037086383e-02,8.584554368134545976e-01,9.846427083940357816e-01,7.914434874557737531e-01,7.475125008728438214e-01,4.851696406632193259e-01,7.107220535497599245e-01,6.386116695696161250e-01,7.220693858030581280e-01,9.616442769954711700e-01,9.188358777343714756e-01,5.469825681704099107e-01,6.986838239809465279e-01,9.024733209427437952e-01,5.793080930194209888e-01,6.966214089860341963e-01,8.905325635089381686e-01,2.693924807601515425e-01,9.152017118897700643e-01,2.713157201471430024e-01,5.137113766918973701e-01,6.682081827494380510e-01,6.149006031590300569e-01,6.305617270376602246e-01,6.601021619033682342e-01,7.516707704275903401e-01,9.077319437717107364e-01,4.319030603502962973e-01,9.047556533251129851e-01,8.420560210916083754e-01,8.962102215334646349e-01,9.785334811732963045e-01,3.622034988080858886e-01,3.791087651054145802e-01,6.722323560823143529e-01,8.908608194228118116e-01,8.685351191288420702e-01,8.721543673688687548e-01,-6.577629125229689233e-02,3.067556883282499536e-01,6.225107232825414227e-01,8.218536373718344779e-01,8.563949924713447626e-01,3.994903587838269932e-01,9.615704764165096119e-01
8.434346969094633772e-01,0.000000000000000000e+00,4.516144993287588560e-01,9.156786763756700198e-01,7.736347470575948293e-01,8.668614241779767360e-01,3.252365509588790449e-01,7.712323850185920371e-01,8.137890212689228298e-01,9.098917542424356242e-01,6.461191680372750934e-01,5.682689442506911881e-01,7.954925981664318080e-01,8.945403592781696611e-01,6.446860838394676829e-01,6.654569801221633663e-01,6.325830823684890358e-01,8.131091361028937037e-01,2.140999843673090097e-01,7.099604067331644064e-01,9.011955006411780378e-01,4.819284902811213911e-01,4.136489428036628224e-01,2.608061022781071880e-01,1.499653617897896141e-01,8.936406198466880779e-01,7.862650471503451755e-01,7.562708870392796934e-01,9.851647988443323900e-01,5.583568325954184619e-01,3.668048492502073987e-01,6.430815910837775484e-02,7.622560306602730318e-01,4.963737366541043361e-01,4.188673923191657544e-01,2.564112047297634200e-01,1.043231078877401991e-01,9.859811688249078276e-01,8.394037818277799712e-01,4.078972444094046690e-01,7.429420404226020347e-01,5.728918896262021887e-01,8.915873286895106276e-01,9.931146320183406040e-01,6.675226083280410005e-01,2.137869899621751002e-01,6.328061546856702524e-01,7.934556807196304629e-01,3.304564930506786458e-01,3.277470318525098625e-01,9.884986496887525620e-01,7.180126340798547169e-01,5.196094974217034812e-01,8.564061806911068553e-01,9.846569011466916876e-01,9.931207765137286536e-01,6.845821445776423264e-01,9.714392522339185820e-01,8.488398451194067995e-01,5.532019023392326096e-01,7.913545083911985856e-01,6.643197284043302897e-01,4.273374414487831618e-01,9.362806679248463215e-01,8.840438785655915233e-01,2.111638973886686421e-01,7.615209090960159966e-01,8.173643153119639626e-01,3.929931065603475826e-01,5.084389100112561843e-01,9.897016171357210235e-01,7.321425999017521224e-01,4.548053391259540557e-01,3.720083173506351648e-01,4.756988106504683733e-01,5.801775286919949037e-01,9.111192846455677952e-01,8.191094713275260952e-01,3.023591315510906763e-01,5.267433559388661618e-02,2.625989174875315024e-01,6.336932578615355194e-01,6.888702224618978853e-01,-3.670428792685143105e-02,6.886938763177511413e-01
8.724506189379079846e-01,4.516144993287588560e-01,0.000000000000000000e+00,5.114990388339168970e-01,8.671161502319357783e-01,7.732895730308397830e-01,9.815374306860495945e-01,4.562666803315443276e-01,6.336155566627970082e-01,8.359873866475696635e-01,6.714158529523610586e-01,6.507883658511630642e-01,9.353927995096272818e-01,7.298792927633395156e-01,9.698266282926597537e-01,9.383461827847801029e-01,8.631346159116556338e-01,7.177465698788744186e-01,9.901096727859850510e-01,8.570133956285365118e-01,7.193003226266345695e-01,9.725143230975330511e-01,7.564331922499720751e-01,7.004778161861184849e-01,7.874897625171743965e-01,8.676057290126122368e-01,6.058006138106056815e-01,9.611544910189011581e-01,5.433824703505680809e-01,4.738200351272752187e-01,3.025856147543609653e-01,8.574431521377615661e-01,9.311364324247280999e-01,6.080465545188029619e-01,6.417436556492056576e-01,6.246211605760254582e-01,3.710807711949041798e-01,6.619370931283876658e-01,4.567062519492773309e-01,7.404206578299323827e-01,4.508267528670502067e-01,9.752565566136236486e-01,5.148555537839492047e-01,2.586368588239660316e-01,8.492886173220917101e-01,9.014068444914867806e-01,5.374442309920216543e-01,5.059129801425203965e-01,8.269249307755450751e-01,4.642528840726321548e-01,9.133553896833396246e-01,9.638772050881966313e-01,8.990400277989052391e-01,9.616668130065817444e-01,5.371453720681268473e-01,8.447842479130842630e-01,-1.985808441176378225e-01,9.738582885963219526e-01,5.179533150234422179e-01,7.316263537456382249e-01,5.243573822072680191e-01,4.407904199642817544e-01,9.474571670085636388e-01,8.403655003272156865e-01,8.272551953177347261e-01,7.200527937851761706e-01,7.331287972219336924e-01,7.880904836844498940e-01,3.875712034008900464e-02,8.289068752284941555e-01,9.407566676457180810e-01,9.019414003813869263e-01,6.539661023572441723e-01,6.406249455119530367e-01,8.810037902266554255e-01,8.387359675954364491e-01,6.997134376321995086e-01,2.114418749394681163e-01,2.569255632963967084e-01,2.797943616820094959e-01,3.053607573938772468e-01,8.534282962795766148e-01,8.175904588125458838e-01,9.790680022745482658e-01,6.853101232824563294e-01
7.074364963523074312e-01,9.156786763756700198e-01,5.114990388339168970e-01,0.000000000000000000e+00,8.551246374869808653e-01,6.341892903305937912e-01,1.529445907568377228e-01,5.615520136053883116e-01,9.723907800411593083e-01,9.559253518845097775e-01,9.083990571762026178e-01,6.454855085072874754e-01,9.167368552556457439e-01,8.049266077268160124e-01,8.378560558987930840e-01,6.024658773632667330e-01,7.398831811915302925e-01,4.988692077653282819e-01,8.026262572855429323e-01,8.942972616868463120e-01,2.834972873973071739e-01,8.426006608358439509e-01,9.494708249971559599e-01,9.456926700856813639e-01,9.736087410675455800e-01,7.126000768170329680e-01,7.790723719765084709e-01,9.791567080262219003e-01,7.205121565788821791e-02,1.060920242081018067e-01,2.473558879511409403e-01,7.479989426557306365e-01,6.961526159522033463e-01,8.545669417070842488e-01,5.487906469307249901e-01,5.416981359676682484e-01,3.148297239405116743e-01,7.176908173935776514e-01,6.248397976974296997e-01,6.940287230123738382e-01,4.084191387848888355e-01,1.663917496520313510e-01,8.735642375071690502e-01,4.657580131740582940e-01,7.830884692169408634e-01,9.010349302033792140e-01,5.518021865516191671e-01,6.541351783461348823e-01,2.370435937252250991e-01,6.640436307700601226e-01,6.399316539751782607e-01,7.810726247937431754e-01,6.281464213646611450e-01,7.175994042795024175e-01,3.500747582263016855e-01,8.456208183428994829e-01,9.020969754321523926e-01,9.592777768301762320e-01,8.085748345580372476e-01,7.935881822894885751e-01,7.850356330367538327e-01,5.772416590092127597e-01,9.121309360444813663e-01,6.836157689624354772e-01,3.120733157041262196e-01,7.181484052016530173e-01,7.602239972246771504e-01,5.051713765751373320e-01,-1.854226111624568962e-01,5.790085843522837505e-01,8.045452127747074744e-01,4.529150026864525169e-01,6.744879499254713417e-01,3.382685406427232699e-01,2.725423984284948697e-01,8.018552767116096103e-01,8.885043979058482311e-01,1.604714634850016863e-01,3.774030363497997698e-01,2.171162881004555789e-01,5.882590070795712389e-01,4.919315255955750144e-01,8.948719657763106738e-01,7.046706105108544449e-01,7.585159372710505998e-01
9.630276382426435910e-01,7.736347470575948293e-01,8.671161502319357783e-01,8.551246374869808653e-01,0.000000000000000000e+00,8.280365800482483163e-01,6.253966137476012488e-01,4.262924344205413218e-01,8.215740820960212298e-01,7.085312219088424346e-01,6.548410669072252110e-01,6.354739524383050675e-01,8.012830116463206531e-01,4.778592087136645516e-01,7.927807106142743532e-01,6.264886391595606563e-01,4.134917620929374760e-01,7.701527975377168156e-01,6.386972550271844407e-01,9.867929383336665472e-01,8.334786859439460294e-01,5.446557571637443695e-01,6.912907523531748311e-01,8.535709006558138690e-01,4.320374199190482600e-01,9.435312232170306457e-01,4.920674408537078492e-01,2.466909698801961481e-01,7.364574617917021282e-01,6.650639628641212830e-01,5.411579909057961935e-01,4.990604825023293167e-01,9.991104852354201205e-01,5.892993528365304545e-01,7.332882566878784480e-01,4.756679954349055661e-01,5.732748651965982045e-01,5.470761464834772436e-01,3.729500977947187157e-01,8.876034449414667016e-01,4.817325937496053645e-01,6.354957527462563593e-01,6.899908410383441826e-01,8.754346931786292085e-01,5.427981302680240372e-01,9.137733104424539121e-01,6.828657539623025352e-01,8.298061977780469833e-01,7.346808081204403429e-01,9.047347518946974310e-01,6.638715582493761591e-01,9.539111202980546933e-01,4.562605921186845270e-01,4.693871975748436509e-01,5.251063715914956465e-01,5.951427384288715539e-01,6.791405207759133589e-01,2.277509977857991863e-01,4.689448788132752344e-01,4.785566449313925497e-01,4.257907048260999305e-01,5.466807511260156627e-01,6.167694308613778098e-01,6.932271042148820950e-01,7.310268461720454969e-01,6.287820848395978546e-01,8.879671195309666309e-01,9.293795472489496667e-01,3.893313907809787255e-01,9.797227216427137897e-01,7.931411731279647270e-01,3.065876281755287591e-01,4.324926017757683705e-01,5.902593677109548853e-01,-1.137695380352322372e-01,6.014182819190760920e-01,7.667693672906940039e-01,7.616622983743657205e-01,3.211199213809704522e-01,2.906406774808278359e-01,8.436428230008800044e-01,3.191609204178460502e-01,9.448485587865795843e-01,5.891081204890362688e-01,4.805822210595473987e-01
9.363361254607928119e-01,8.668614241779767360e-01,7.732895730308397830e-01,6.341892903305937912e-01,8.280365800482483163e-01,0.000000000000000000e+00,7.704865767546170696e-01,3.607513648300394449e-01,4.729152903727656954e-01,6.515501272940692479e-01,3.813837008948274265e-01,6.051110297338323507e-01,9.744939862290411536e-01,7.411581395430699715e-01,6.443258021813929037e-01,6.508153357034556219e-01,4.370458369680016997e-01,7.891276645417690805e-01,7.839730631772612313e-01,9.311315289491161051e-01,8.698051694390989130e-01,5.814335954283742502e-01,4.522002364979826328e-01,8.039113375518056603e-01,2.419212014259524701e-01,9.292578835295962625e-01,8.257914435852812263e-01,7.452545699785577682e-01,2.674997026010181855e-01,1.264359735080447800e-01,5.041146837579973949e-01,4.016669021905049930e-01,6.605449945515933230e-01,7.095550681950847371e-01,8.475428595650750241e-01,3.883192613077825484e-01,3.085368446713644963e-01,5.146718412164370537e-01,6.213946400259720004e-01,8.066649568787482849e-01,7.363890860664693561e-01,7.370156236389002746e-01,1.250146761874305623e-01,7.331744512010200943e-01,7.280443155204761041e-01,6.267998390392803820e-01,5.095772358699275362e-01,6.871963702567783772e-01,6.217187201191778367e-01,8.172773914743058921e-02,5.395264973727914581e-01,3.317112102939339113e-01,7.580433970233086960e-01,6.430839978900186882e-01,8.133835637569175603e-01,6.660536218336945424e-01,5.457891435954602688e-01,8.620126242750477674e-01,8.557121654144106415e-01,5.649904528245490720e-01,4.002925576914805328e-01,9.442112539879727873e-01,7.092754974312747152e-01,8.596945819489395513e-01,5.202073955182553444e-01,6.352001880339221973e-01,4.909522653819043403e-01,6.979371254151019999e-01,9.878334837797368984e-01,9.016368537140088124e-01,3.444715785603645886e-01,2.169407894400011971e-01,6.438205881745304726e-01,5.470605891717572611e-01,4.666212473333619104e-01,9.767118921307758050e-01,7.737602715196789660e-01,7.811322764018794329e-01,9.525101996140068472e-01,2.908410385189946767e-01,9.313023951094817621e-01,9.986926242851940083e-01,8.195485398580145686e-01,1.560112268348745612e-01,6.173114674718599426e-01
7.606448150373349426e-01,3.252365509588790449e-01,9.815374306860495945e-01,1.529445907568377228e-01,6.253966137476012488e-01,7.704865767546170696e-01,0.000000000000000000e+00,9.248319977245632595e-01,6.911131620156032440e-01,5.786591122321275149e-01,7.948315394793348254e-01,3.719326573098025723e-01,6.710249578351532573e-01,5.586087198199964909e-01,5.870499283114535283e-01,6.486723337874150674e-01,9.714273589120926422e-01,2.737375317647648965e-01,7.940760404444324738e-01,6.047052917760994406e-01,8.625450491707269407e-01,3.035714703430502093e-01,7.332014091121865640e-01,6.581554619723932742e-01,5.904746416474326853e-01,5.179332874438703493e-01,7.160545635433517297e-01,9.930481164162651142e-01,7.509705764900183045e-01,4.437466724623154168e-01,2.838149571283397204e-02,3.646403975587803048e-01,8.445755167493127491e-01,4.494054649852838867e-01,3.749029944038220069e-02,5.432372279079631383e-01,-8.270637897466276423e-02,3.003991306141508000e-01,6.514910330825064433e-01,6.484967365097943359e-01,9.670293577322686129e-01,4.871325569331902972e-01,6.162269371067424784e-01,7.874929431383221878e-01,8.979894425180908746e-01,7.147892100288034678e-01,3.668282078671943891e-01,6.175246330358455937e-01,5.582063462468385140e-01,3.722710602257377488e-01,7.121009615085308608e-01,6.028847626464978182e-01,6.720276567223077979e-01,7.873772811366478441e-01,9.662716092386269828e-01,7.793433818862103291e-01,6.299502892322694780e-01,7.602680072072713902e-01,8.687348737190350167e-01,3.631473393017023987e-01,9.715956180037153000e-01,3.121487698514086584e-01,6.852143535667574170e-01,8.434714246464856124e-01,8.253068534072206530e-01,7.813475759116647046e-01,2.797917820345702244e-01,8.692142487306258047e-01,1.223322890257693835e-01,4.646162898945453423e-01,7.638716126583029453e-01,6.034858572463820403e-01,6.663631783560001187e-01,2.930781821656125441e-01,5.008387775866952607e-01,6.819111905160522014e-01,1.870419553780602318e-01,5.871463876619094080e-01,6.218051276908854730e-01,2.820676156146605384e-01,3.191018190292730372e-01,4.338113950969908483e-01,2.520309515465588013e-01,9.519603187829857038e-01,7.555487293895069012e-01
6.305237916448943603e-01,7.712323850185920371e-01,4.562666803315443276e-01,5.615520136053883116e-01,4.262924344205413218e-01,3.607513648300394449e-01,9.248319977245632595e-01,0.000000000000000000e+00,6.478581503184879242e-01,6.346473297154284765e-01,7.821358950845543889e-01,5.616173746901842456e-01,1.057919044027688243e-01,3.445440286184726641e-01,2.111133391625006073e-01,9.000456368351767988e-01,8.707300042021525188e-01,7.259460949936731300e-01,6.343243637885632724e-01,5.283808578002417988e-01,6.665373574761233044e-01,4.842896787458804142e-01,5.962708155606257776e-01,8.972993820539547638e-01,7.049798229190323839e-01,9.565050410993614083e-01,4.538313423141460690e-01,8.819998232706033336e-01,4.040946510061435570e-01,4.397287460887304711e-01,3.909535157413237538e-01,5.631446077263910777e-01,4.849964440507588126e-01,3.802994328129359891e-01,9.274765367372217462e-01,5.406985015679348638e-01,5.537852730978158888e-01,6.432077009216125019e-01,8.099695262247237348e-01,7.287274375569102736e-01,3.144370520113342060e-01,4.941283096888416937e-01,5.336713735112801338e-01,9.942771316150642580e-01,9.985686207183080976e-01,8.581268409426313637e-01,6.596329462748156125e-01,3.750267972616975198e-01,7.948221909527222184e-01,7.997298239627960159e-01,2.208910995002615896e-01,4.982668605641791260e-01,7.805816507585470188e-01,5.175124308292823327e-01,6.318746239944111887e-01,6.452016343385789110e-01,2.252499624313562543e-01,6.036605543780607652e-01,8.179889839243481564e-01,7.490418879022573417e-01,5.940168091261577299e-01,6.368788006659169554e-01,5.992766348657325715e-01,7.620600765740599414e-01,9.573494867658564056e-01,5.436098484734905867e-01,5.962651194600633309e-01,9.000811272390261131e-01,6.108068007557801993e-01,5.639299728876445705e-01,9.591705867417310571e-01,6.678811077708094457e-01,3.354672166724749216e-01,2.171882371220111296e-01,7.453388618748499894e-01,5.983651386741489775e-01,5.407946596802000183e-01,2.869061062529488781e-01,1.877497333402205482e-01,4.317722342669838564e-01,3.190856040586093068e-01,6.708870633158812158e-01,9.330418803798493643e-01,9.920870681389218904e-01,6.873655649780731069e-01
8.050337686295360173e-01,8.137890212689228298e-01,6.336155566627970082e-01,9.723907800411593083e-01,8.215740820960212298e-01,4.729152903727656954e-01,6.911131620156032440e-01,6.478581503184879242e-01,0.000000000000000000e+00,6.909092473834137493e-01,5.921881382793274806e-01,6.166796809085025588e-01,9.562998513687299695e-01,9.067546050546134717e-01,4.723635711388041725e-01,7.302332361919502413e-01,5.506389858364205692e-01,2.057498939400723703e-01,8.963153856171031109e-01,9.561926241681787397e-01,8.859518059167871273e-01,9.576370005605044922e-01,5.421962390211734206e-01,8.807011037390276575e-01,3.809477175979841812e-01,7.451538799318977446e-01,7.859343871758946998e-01,7.493253204719695360e-01,6.133148715883974221e-03,2.346919829098311761e-01,1.130973945152728977e-01,7.225250198112271871e-01,5.404932988649795433e-01,2.591672658979982669e-01,8.611785492384257390e-01,4.002390002549001125e-01,5.185141374753017285e-01,8.595177113663630131e-01,6.613338819319283246e-01,8.926375144561354835e-01,1.954104269792321102e-01,8.437612976800737963e-01,8.283118055388821732e-01,7.209366334240121521e-01,9.844626009144382683e-01,6.429747030863369739e-01,7.683149821285423231e-01,4.955768666842390591e-01,5.090477158334578700e-01,4.281967681384306057e-01,6.286225297363262632e-01,3.590156977018807982e-01,8.763011551598821613e-01,7.668414497770159599e-01,8.710392818262896464e-01,6.183081439939365209e-01,2.682033056210084143e-01,6.857741975037228155e-01,7.710606077120620849e-01,2.045716742883501860e-01,2.184913098724119637e-02,8.067071056222173686e-01,7.663347980940659054e-01,8.290337932957422273e-01,9.008189027308310948e-01,6.902771927305484390e-01,2.452592884921933059e-01,7.689784991308832307e-01,-8.876551693596662629e-02,7.809533790558677024e-01,8.918940050658477059e-01,5.449735549753262909e-01,4.342788554088075070e-01,5.735043467698502234e-02,4.432290627338561495e-01,6.213999240275089875e-01,9.245888372712802727e-01,6.229164710255036264e-01,5.494441208724381021e-01,4.620995058165234814e-01,7.261967190237779146e-01,2.636513936533181335e-01,6.889795522370227854e-01,4.325316498614067973e-01,2.821633363827082963e-01
6.332964105794892662e-01,9.098917542424356242e-01,8.359873866475696635e-01,9.559253518845097775e-01,7.085312219088424346e-01,6.515501272940692479e-01,5.786591122321275149e-01,6.346473297154284765e-01,6.909092473834137493e-01,0.000000000000000000e+00,4.645998130242780522e-01,6.028530333890048665e-01,8.063980710240228333e-01,4.672973546477071083e-01,7.324516666942962884e-01,9.407214926567953883e-01,9.219072948939227574e-01,-3.004654307085619092e-02,9.825835487286799230e-01,2.925353251149757638e-01,8.492195528236943236e-01,4.420924932502829363e-01,8.302913637274733291e-03,6.870142697857107850e-01,3.745292352204577790e-01,9.049840538410057755e-01,2.229992627042879927e-01,7.770745236925062915e-01,5.663029850101780616e-01,5.939219135749131961e-01,5.268122346224847208e-01,1.886161473722973991e-01,9.091144508590194295e-01,4.598650032515427810e-02,8.976335785819335999e-01,2.667735196430943700e-01,2.852141500472553659e-01,4.172620504119223805e-01,6.152236598954453628e-01,5.815978776644926684e-01,8.759137303978814515e-01,7.120571799881371122e-01,4.933377604803859673e-01,8.922543658978926429e-01,9.728763245673279769e-01,5.676239130981970415e-01,8.133365599392224921e-01,8.953958793315998088e-01,8.664135181589815993e-01,5.193892316040505941e-01,4.513901989486422961e-01,8.439565914949419545e-01,4.637719489144822016e-01,8.182181525018795698e-01,1.138675758015199463e-01,5.580935616709312708e-01,8.213491305489331040e-01,2.576802138390661412e-01,7.398961907412322514e-01,4.969259642834508162e-01,1.425772016134228132e-02,5.652240363413026936e-01,8.588359985293100296e-01,8.721217058691728141e-01,6.778748570171138077e-01,8.664953537900978997e-01,7.847848587896835149e-01,8.399874515730161306e-01,9.855833239273772417e-01,-1.328609391574548382e-01,9.052157775489033664e-01,6.243124800311331546e-01,5.115455301338914795e-01,3.153581044755233709e-01,4.163601480134219157e-01,8.707745709819050273e-01,6.773202831191516005e-01,4.125743634928502046e-01,9.586856041618069257e-02,5.956153866151139287e-01,7.837852245188839939e-01,7.143571388113085785e-01,6.788360897565235419e-01,4.969237338109740998e-01,3.556401975654447378e-01
9.271275705084724983e-01,6.461191680372750934e-01,6.714158529523610586e-01,9.083990571762026178e-01,6.548410669072252110e-01,3.813837008948274265e-01,7.948315394793348254e-01,7.821358950845543889e-01,5.921881382793274806e-01,4.645998130242780522e-01,0.000000000000000000e+00,7.235977695693995848e-01,9.547958280596888780e-01,6.995357727212768717e-01,4.908083915200617819e-01,7.120638758732190654e-01,8.814824755729001593e-01,7.190686823568960273e-01,8.414147165195050571e-01,1.253299545760409167e-02,9.803816542728147621e-01,1.664869127163016160e-01,7.390669539099444796e-01,6.845122149630596953e-01,1.338789599038252009e-01,3.066071711715334103e-01,5.284167982120100415e-01,8.903415896791021522e-01,1.903020024316868786e-01,7.326796884092824369e-01,3.279441789897562520e-01,2.525876500940562597e-01,4.796049347162206211e-01,7.457518448645843456e-01,6.210153199187393724e-01,4.888421681968073695e-01,4.138409799422269053e-01,6.881863673709123219e-01,9.045363636736979407e-01,9.061681774515761845e-01,5.657761894660199298e-01,3.864942375807733921e-01,4.144423620860327451e-01,8.649487902706761711e-01,2.154409301542180022e-01,8.681874882111563219e-01,7.296550213509112037e-01,8.001940058879687401e-01,7.740297163330382979e-01,5.878029947869738425e-01,7.322010265185335820e-01,8.453271645692562730e-01,5.303366954156853996e-01,9.950428217599947001e-01,4.907159106751343702e-01,4.761781119208978730e-01,3.651885124475346411e-01,9.861799048873705065e-01,9.014901669383933447e-01,1.137308009811484159e-02,2.100371704616099955e-01,9.978489884013841404e-01,8.957428955107102908e-01,8.130502922061189075e-01,7.552264048323146239e-01,7.449572267411822546e-01,8.200943286919977204e-01,6.897942991945110736e-01,9.531752983068529916e-01,6.344400391032551934e-01,8.727333583617846724e-01,9.276712102537132409e-01,7.789585250758569446e-01,5.154106970194349824e-01,4.668562011952166468e-01,4.202572948836451605e-01,9.611121919497335186e-01,3.046116355349892113e-01,1.871719240175846455e-01,3.154327618394996979e-01,5.212704018517252402e-01,6.522923659181880662e-01,7.656811977541797543e-01,6.708405536947341652e-01,9.760451003274006609e-01
9.788535239877460548e-01,5.682689442506911881e-01,6.507883658511630642e-01,6.454855085072874754e-01,6.354739524383050675e-01,6.051110297338323507e-01,3.719326573098025723e-01,5.616173746901842456e-01,6.166796809085025588e-01,6.028530333890048665e-01,7.235977695693995848e-01,0.000000000000000000e+00,6.065871880081582512e-01,3.583039399070184761e-01,5.068940515494176902e-01,8.702996176287949304e-01,4.534917494233751123e-01,9.843321661853567939e-01,4.575613411175856182e-01,8.052104172804047666e-01,3.818988480721824952e-01,8.683131887328769949e-01,9.560545810037679448e-01,8.047691832712088322e-01,3.888525463209871469e-01,6.061930730997832084e-01,7.747669312517215801e-01,9.216553154766164990e-01,4.872157990247350523e-01,2.742419524539232989e-01,5.758912174888640712e-01,8.199118241725728007e-01,7.223853470561593104e-01,9.388460726359733055e-01,5.975076480222455411e-01,3.901573878933235484e-01,2.929666471638618930e-01,7.453438869396449284e-01,7.257329195314775605e-01,5.149158684694733479e-01,5.746303745752699976e-01,3.207155192516121245e-01,9.842767496371992442e-01,8.378175583653375558e-01,7.333786287426852235e-01,4.832372997153682181e-01,6.985422012949158432e-01,8.131916489148109939e-01,4.677231569106007902e-01,4.755178654036477659e-01,6.257904181294841051e-01,8.948664167296866978e-01,9.351487049483525604e-01,7.775465229272608969e-01,6.701509884506979819e-01,2.146924797769050319e-01,7.273762440496375214e-01,9.477527372454775051e-04,5.116881376892131739e-01,2.174264623159036514e-01,6.329993968264796544e-01,7.476850307180665789e-01,7.787806540649963027e-01,7.535428394775125494e-01,9.459852044077979860e-01,7.293367114147486507e-01,4.371150733682531153e-01,8.284787395281937306e-01,8.630884727227401410e-01,4.285753019788892115e-01,7.808802497035202128e-01,4.232000320677088978e-01,5.274460270187505406e-01,5.427953302009876912e-01,4.607807759790819024e-01,7.634757382683867721e-01,5.923451042456530091e-01,6.410442932369782021e-01,5.320652759222724848e-01,1.379451649560178572e-01,8.379228044788928909e-01,8.348359380442716970e-01,9.436897723127114501e-01,4.822944351528459794e-01,8.027390998684054146e-01
9.362784452337434837e-01,7.954925981664318080e-01,9.353927995096272818e-01,9.167368552556457439e-01,8.012830116463206531e-01,9.744939862290411536e-01,6.710249578351532573e-01,1.057919044027688243e-01,9.562998513687299695e-01,8.063980710240228333e-01,9.547958280596888780e-01,6.065871880081582512e-01,0.000000000000000000e+00,9.344156334022034605e-01,9.726617047197856358e-01,2.717131089368384766e-01,7.357168176945223514e-01,9.555478789407871876e-01,5.566871568289231131e-01,7.307493054814947486e-01,8.056246363246357678e-01,6.819239244721153614e-01,7.329041772313773517e-01,9.022029284555959094e-01,7.638847956793386462e-01,8.702379636532875384e-01,8.980976660648959387e-01,5.551225767621662532e-01,1.257117404279682604e-01,7.526827605292658596e-01,6.446910882092059536e-01,7.161176802614902526e-01,8.059004568421408443e-01,6.893663392464254303e-01,3.721361236049304244e-01,6.132411002135012001e-01,3.482623410379210305e-01,7.910184084153486506e-01,9.475960621889233382e-01,3.984611967379351194e-01,4.817549107043253565e-01,8.799729652435803740e-01,6.724925890583216548e-01,4.144912144444405921e-01,9.035363808299967658e-01,9.535070214652349163e-01,8.749834494369931326e-01,7.020932743253488484e-01,7.719167232150772051e-01,7.861857761786218424e-01,9.063694771784962523e-01,7.766367093926760390e-01,9.088555496023023039e-01,3.803585221469509281e-01,8.956121237157346204e-01,4.992164181522746880e-01,8.169303127167931722e-01,9.785305232822232302e-01,8.950511451702112264e-01,7.921628706511242290e-01,7.186394895629769630e-01,4.951697720554860682e-01,8.591807443458885363e-01,7.998047497247956494e-01,9.983230090330170725e-01,7.031089355307497124e-01,6.610300860917890375e-01,9.710025337181601435e-01,9.802324087943097286e-01,4.440149007076394372e-01,7.662422773388589681e-01,6.672347247311622986e-01,2.511115837526550765e-01,6.605904889651883494e-01,6.714830453602126381e-01,7.381885981002590524e-01,6.444935450206663585e-01,7.622067233533982300e-01,3.994140353489768480e-01,5.634388604682303431e-02,4.214509364761971355e-01,8.212090907344795632e-01,7.780404187653702230e-01,7.557966059505081269e-01,5.814513969207427690e-01
6.690287833487088553e-01,8.945403592781696611e-01,7.298792927633395156e-01,8.049266077268160124e-01,4.778592087136645516e-01,7.411581395430699715e-01,5.586087198199964909e-01,3.445440286184726641e-01,9.067546050546134717e-01,4.672973546477071083e-01,6.995357727212768717e-01,3.583039399070184761e-01,9.344156334022034605e-01,0.000000000000000000e+00,4.301655478856808990e-01,7.691343128250897054e-01,2.328906307559183708e-01,5.559907654218289030e-01,8.363564767756294094e-01,8.076961247517884246e-01,9.092674154349044136e-01,2.738125463528405801e-01,4.057095752025683399e-01,5.952139948046513140e-01,5.200735598721872854e-01,9.167400856473428838e-01,9.285320425199675709e-01,9.318038914292959829e-01,3.462983838421231364e-01,8.273477363598330525e-01,5.846381988984534761e-01,7.411516302392932021e-01,6.527098425421545835e-01,4.500843556089172415e-01,8.522462926316889398e-01,6.884009784902246354e-01,2.374855598067604490e-02,5.778775559705630060e-01,6.975644307862453042e-01,8.006976126102057778e-01,8.736847900903746966e-01,8.057849703385248086e-01,3.419229537765799964e-01,6.924334647803346288e-01,9.983891846060891639e-01,9.887899780838218522e-01,6.936162659542437492e-01,5.406530823269120045e-01,8.129084350560594752e-01,4.096136630720357275e-01,7.336334430663997708e-01,3.307444475488670044e-01,6.940811128607896618e-01,4.131847855731938246e-01,8.587759636725685874e-01,7.670131746403990869e-01,4.756217054036449010e-01,9.764730785241432232e-01,9.296126399109805316e-01,7.098377148147534399e-01,6.617007117959835538e-01,7.309681242417748193e-01,4.118902882279689703e-01,8.507731444888615435e-01,6.900340191126249634e-01,6.132746902388800381e-01,3.425007101885879646e-01,3.249372142353308401e-01,6.015815991202423385e-01,9.603074377601262812e-01,8.343070278127963091e-01,8.935651761523759617e-01,7.753409487348291718e-01,5.917936996700942087e-01,4.174883149717636410e-01,6.414711195447719838e-01,2.358965925551255449e-01,6.327451578692594447e-01,6.205804563877875824e-01,6.747157290847810573e-01,2.939315210847305293e-01,6.061778021610235712e-01,7.621672542038608889e-01,1.765935099402104191e-01,9.206117337879313745e-01
7.552095178699862466e-01,6.446860838394676829e-01,9.698266282926597537e-01,8.378560558987930840e-01,7.927807106142743532e-01,6.443258021813929037e-01,5.870499283114535283e-01,2.111133391625006073e-01,4.723635711388041725e-01,7.324516666942962884e-01,4.908083915200617819e-01,5.068940515494176902e-01,9.726617047197856358e-01,4.301655478856808990e-01,0.000000000000000000e+00,5.898247460218808413e-01,8.746735119695143723e-01,4.883559074389228760e-01,4.906417177059305135e-01,7.120899373673938992e-01,3.382040121622673645e-01,9.661640104545585750e-01,6.816937339217616909e-01,7.622206655479321080e-01,-5.272575451202310415e-02,6.499094198645356535e-01,4.579231937271783237e-01,7.240864267376538876e-01,7.635625164805435183e-01,4.412201546069955405e-01,2.245052182246543016e-02,5.367455840539973044e-01,2.023237951143304070e-01,6.324869019396340830e-01,7.068811247435488054e-01,4.103012962103692041e-01,6.894950605101198837e-01,7.519265646422162996e-01,8.104839127306865398e-01,6.919162591778793558e-01,4.104861057736668428e-01,8.303611175841706382e-01,3.354315295539711528e-01,4.376688521322931735e-01,5.480162484031073644e-01,8.310287129814789564e-01,6.061952622118267353e-01,5.284260985990827386e-01,7.511013798040705458e-01,7.029583745246857918e-01,-2.265271435382713028e-01,6.409800732803152545e-01,1.108480255085940724e-01,4.058116477309186565e-01,9.923221106704573913e-01,9.223266097327019741e-01,5.097566455178680345e-01,9.773455751483314247e-01,8.956792491834393299e-01,7.393232955197144296e-01,2.156887738577027702e-01,5.709862199809492278e-01,6.013821227375182321e-01,8.491631794595805305e-01,4.756675203211285230e-01,6.744952568873383569e-01,3.134282620121253693e-01,4.463705359781302562e-01,4.439414514686469970e-01,6.179355956400635064e-01,9.776429308874597934e-01,3.281026257108996536e-01,5.940899507374384214e-01,7.394671036979363343e-01,6.976285753588767902e-01,6.396863579107038289e-01,8.342230884260604107e-01,7.962059595935684353e-01,6.158106018149325234e-01,3.039908707975305102e-01,9.569781714279637086e-01,7.003308362837840084e-01,9.191021464898897486e-01,5.482961117562109576e-01,3.409038894047338175e-01
6.609789970767797618e-01,6.654569801221633663e-01,9.383461827847801029e-01,6.024658773632667330e-01,6.264886391595606563e-01,6.508153357034556219e-01,6.486723337874150674e-01,9.000456368351767988e-01,7.302332361919502413e-01,9.407214926567953883e-01,7.120638758732190654e-01,8.702996176287949304e-01,2.717131089368384766e-01,7.691343128250897054e-01,5.898247460218808413e-01,0.000000000000000000e+00,2.044518475389229262e-01,7.208995540689786541e-01,4.990540597492105768e-01,6.294623433421268066e-01,4.864640627191892386e-01,4.537033437119022961e-01,7.481095850575930628e-01,9.258700919390073780e-01,8.803432528377896915e-01,5.546928803649698869e-01,9.887993996500831217e-01,7.703146422449582698e-01,6.651953607533377388e-01,7.224757626964861679e-01,5.688750031384943728e-01,5.202154542779287016e-01,4.274233058477326930e-01,6.915143322422629968e-01,2.769153345617569872e-01,5.315580958205815554e-01,5.321148479324581126e-01,4.039658040398691474e-01,8.832364798157250618e-01,6.710228146296769447e-01,4.569083141513948787e-01,6.195942659532761576e-01,8.731949602320132620e-01,7.292400412152999500e-01,9.426662779593355523e-01,8.831811765496394573e-01,9.366800105235786322e-01,6.596488258754438228e-01,7.668043188872331051e-01,7.021094552362540098e-01,5.111296592211538314e-01,9.886564279086580420e-01,6.413020409352546691e-01,9.587352452828574734e-01,9.935610699601697959e-01,8.806970583104188899e-01,9.021774943019987836e-01,6.540394578435808626e-01,9.726450266643376086e-01,7.144319381071894126e-01,4.306893436904115635e-01,4.807447387506101899e-01,9.717791813664752310e-01,8.828068958529207144e-01,4.994101364910233931e-01,6.387943897263552717e-01,8.306879484581010109e-01,4.277890047062811174e-01,7.042821779640487945e-01,8.168972576223661186e-02,8.045990089968311221e-01,8.650716754960824373e-01,4.988087092780209564e-01,5.815081054823335593e-01,6.654290430105996856e-01,4.676770372222783800e-01,8.352641785537892050e-01,6.919441831900146056e-01,3.173554976710776798e-01,1.019531786680961116e-01,9.509643055994285721e-01,8.366992718245047644e-01,8.653985081561889059e-01,6.445512943904161407e-01,5.655465672177265590e-01
9.475541567954738342e-01,6.325830823684890358e-01,8.631346159116556338e-01,7.398831811915302925e-01,4.134917620929374760e-01,4.370458369680016997e-01,9.714273589120926422e-01,8.707300042021525188e-01,5.506389858364205692e-01,9.219072948939227574e-01,8.814824755729001593e-01,4.534917494233751123e-01,7.357168176945223514e-01,2.328906307559183708e-01,8.746735119695143723e-01,2.044518475389229262e-01,0.000000000000000000e+00,3.574427121692284048e-01,-4.385654662816770855e-02,8.625894041430585135e-01,8.644805997157084532e-01,6.301877305668126539e-01,8.170206729942932622e-01,5.779591639640180301e-01,5.252521085144632451e-01,6.876483855051520599e-01,9.051629039814227395e-01,8.133419169116195002e-01,5.853569738867538952e-01,7.575272886734261135e-01,-2.098708748215200315e-01,9.727753504841458732e-01,6.119085825481652696e-01,9.882649622599017913e-01,4.248483106981650881e-01,6.051375660763672615e-01,7.633325449371689553e-01,7.437143902867664469e-01,4.694480429230400431e-01,8.343216806749718106e-01,8.752855880557708357e-01,6.914542751439516355e-01,9.047589834755659366e-01,7.894679515942593095e-01,9.894843304678482276e-01,6.164512450569177293e-01,3.536518527769270115e-01,8.968627013776342416e-01,5.277973873549648420e-01,4.958960896065016666e-01,5.635499701561730301e-01,1.491727551750084979e-01,6.968028574996432134e-01,6.462301535836378896e-01,6.102960683990166224e-01,9.213898464634633356e-01,2.496703601650236692e-01,3.453050218622664147e-01,9.118058322975198804e-01,5.523740448071045028e-01,5.510376964733129102e-01,8.201022895073911689e-01,2.887898007345242046e-01,1.135231855890909414e-01,4.524725583672399298e-01,2.453359770813272056e-01,9.262424979282073423e-01,4.775995872241274309e-01,9.241665694014387089e-01,3.360527091286861223e-01,8.809065594661150689e-01,9.291479031939562372e-01,7.583219161568578448e-01,2.593633642707385278e-01,8.130340004934030196e-01,8.889096241708557278e-01,4.944602334994177006e-01,9.946306708466817748e-01,5.086000648535002888e-01,4.311266803686004678e-01,-1.176446073346920640e-01,3.386715402484227755e-01,6.647379102998070000e-01,-5.577509791527068828e-02,9.117268748155081814e-01
9.706123785835429896e-01,8.131091361028937037e-01,7.177465698788744186e-01,4.988692077653282819e-01,7.701527975377168156e-01,7.891276645417690805e-01,2.737375317647648965e-01,7.259460949936731300e-01,2.057498939400723703e-01,-3.004654307085619092e-02,7.190686823568960273e-01,9.843321661853567939e-01,9.555478789407871876e-01,5.559907654218289030e-01,4.883559074389228760e-01,7.208995540689786541e-01,3.574427121692284048e-01,0.000000000000000000e+00,7.782993820776090699e-01,5.028207210113039283e-01,9.111077584210817149e-01,6.890622194620853458e-01,7.663424693018621170e-01,7.119151216572836560e-01,1.820086960711745916e-01,4.091968314867382439e-01,6.039507408184020543e-01,8.937620207592773536e-01,4.162195593482720390e-01,6.499999821159433422e-01,6.735293090906423197e-02,6.261276577509579111e-01,5.357661301598606318e-01,4.396469962088390693e-01,3.248174499634985946e-01,3.359744737139478965e-01,5.239939850707756586e-01,5.824914183398247625e-01,6.155920777212973150e-01,9.289704835850658426e-01,5.033151925889426392e-01,7.286613409575337652e-01,9.974336490337860628e-01,5.804497752427970614e-01,5.138955685533437290e-01,8.523200714956307156e-01,9.610233654325149866e-01,2.782405418087999238e-01,6.724154740091023985e-01,7.938379453466033464e-01,7.120787873330086670e-01,8.473782772846409905e-01,8.070893179716625010e-01,5.180740379573854915e-01,8.435465161701756198e-01,2.378680089234516681e-01,6.232137280165234161e-01,6.111896736934102625e-01,7.464507369624516775e-01,7.154862394389250868e-01,8.000727997791595714e-01,6.905296070136314190e-01,5.122769624971462710e-01,7.036309614371645260e-01,3.419679695277393350e-01,9.378072584557120006e-01,9.660417552018769616e-01,8.466698572717874516e-01,4.194691960533172281e-01,8.289570951727079917e-01,9.322688480659863108e-01,1.987318268509559727e-01,5.557214363234672660e-01,6.552338621545260589e-01,2.685948068523220655e-01,9.081553739721374141e-01,9.981718428395112142e-01,7.984769375455070817e-01,2.832391622820540356e-01,2.158723366627373630e-01,6.527152370401092529e-01,8.092585757124913792e-01,6.619581304400461441e-01,2.534348785405121651e-01,4.537255141874274034e-01
