0.000000000000000000e+00,8.355980030336576103e-01,9.535658298153921741e-01,9.510063590832688041e-01,6.185864513270384890e-01,9.644620445753891991e-01,7.625837823833939710e-01,9.572686201342515133e-01,9.550777668019285738e-01,9.651550776917184882e-01,2.435325759031319315e-01,8.503681596169510026e-01,4.381290982980600157e-01,8.605668167178779360e-01,9.597717612341286619e-01,7.011909027584336540e-01,9.625610816960886718e-01,9.062986426104119309e-01,9.317084823010770567e-01,7.950270597732900235e-01,8.964159278229276717e-01,9.008479610224874312e-01,8.719775311505915116e-01,6.315485901125776902e-01,6.907476275949842037e-01,8.582556860393989462e-01,9.504399488040500277e-01,6.749683618162574117e-01,4.624101383785091390e-01,4.261839976790889328e-01,6.950272164174851053e-01,8.787250542729332370e-01,7.155368444885220613e-01,7.662360534005705492e-01,4.819776667936999104e-01,6.931817102721070656e-01,6.423465988690892914e-01,4.265589197325878601e-01,3.519073306941039592e-01,9.617609992894953219e-01,5.274964216472578515e-01,8.951606702545361616e-01,9.243267526571612436e-01,8.898402254527678634e-01,5.052799457460627197e-01,8.232904505847942200e-01,9.268813332213761136e-01,9.114674693184654508e-01,9.555505560787282970e-01,8.767729971647040266e-01,8.587049277239440226e-01,4.011359344277798944e-01,9.986519048401820697e-01,8.446463173549425552e-01,5.886646179562152748e-01,7.760653628722122832e-01,4.637360492835161940e-01,6.173935557323203538e-01,8.595652718507093004e-01,3.699009203627309228e-01,7.025145272231179128e-01,5.286698913661135313e-01,8.338806748014132575e-01,9.467433141880543523e-01,6.294571502093549986e-01,5.187335637437633373e-01,7.042849438629765757e-01,7.748059275134092649e-01,9.631665038332218876e-01,6.685106230085443579e-01,9.002830403873141041e-01,6.717924681400616604e-01,9.602001959342217896e-01,7.750990512248236985e-01,5.462478026934032282e-01,9.586389201160745444e-01,5.224827579447004489e-01,9.413471084958247026e-01,3.210887113943541871e-01,2.175355991733824434e-01,8.473689828924733103e-01,7.498450724266629841e-01,8.329143631618834975e-01,2.499816196057373999e-02,8.108010986843691148e-01
8.355980030336576103e-01,0.000000000000000000e+00,7.436659844754749393e-01,8.174124567594739377e-01,5.668280723050086456e-01,8.653059684610548974e-01,6.557727166845189748e-01,7.873002311160673949e-01,3.273743056276013919e-01,9.947624051856855942e-01,1.084743442735787711e-01,9.987376272205664707e-01,6.792038256071949442e-01,6.287349355741901347e-01,5.260204712351321810e-01,6.812867885385343047e-01,8.216192482787660900e-01,7.460462103301617187e-01,7.530860572001819575e-01,7.745490715660106051e-01,9.215305949539569497e-01,6.977936396447711465e-01,5.292588017257359168e-01,8.563541758702264417e-01,1.282122096302893699e-01,8.246159111797903840e-01,8.876577755998271702e-01,7.377951894427178248e-01,6.722336323661162183e-01,1.758629857074206770e-01,3.906488590529778593e-01,7.605153324075357713e-01,7.303219619125478346e-01,7.273662456925037434e-01,8.804060151352867125e-01,3.992728650925169154e-01,5.354350746393538030e-01,5.639499741887231687e-01,8.842829965587361007e-01,8.694024870497989443e-01,3.278584856851747276e-01,5.619764836658187601e-01,9.643693600120174514e-01,9.781203439169239289e-01,6.102550652195244396e-01,7.974628116323382310e-01,8.487363656969255654e-01,7.113360383852433966e-01,1.510281998795815483e-01,8.243302980108455635e-01,9.750226145989631110e-01,8.461653957210295562e-01,7.122955825654301298e-01,8.393668532476273869e-01,1.995459278542149051e-01,6.428591770120047899e-01,5.522027941261020700e-01,8.831427252444064013e-01,9.393232328495335626e-01,3.899622228727319118e-01,1.203613984978721962e-01,8.714382050025023529e-01,9.458616957741514675e-01,8.214762461579911967e-01,2.562512984125413507e-01,7.163869203706602073e-01,6.957528079469246229e-01,4.698750063306045277e-01,7.851105103934381546e-01,4.894988683781213989e-01,9.252646789836527219e-01,3.782094773679807731e-01,2.666664901537099119e-01,3.974779625977304387e-01,5.442125280115628350e-01,9.285898370990756101e-01,6.386825171346228736e-01,3.738740336285776844e-01,6.013782124413459274e-01,3.355002702210465593e-01,4.421108559282790340e-01,9.481295957926118012e-01,7.297970409057616958e-01,7.558630402661857817e-01,-3.397711704859822102e-01
9.535658298153921741e-01,7.436659844754749393e-01,0.000000000000000000e+00,8.041622159743599951e-01,-7.487274357754172827e-02,9.484006689891204545e-01,6.488479267992365296e-01,8.099359021266679948e-01,3.916686735691513599e-01,8.876735033083141824e-01,8.903081278496887130e-01,9.821864450874280283e-01,7.324080656806410961e-01,7.972233724821717882e-01,8.392259141409499357e-01,6.253044756293084649e-01,3.005590435599385102e-01,8.353655867962436199e-01,4.700098510284049236e-01,7.179584118378641300e-01,2.658535723318566912e-01,5.172947431576371269e-01,6.529253933844362257e-01,7.803842138339194268e-01,8.603613890445354073e-01,9.901040388277869697e-01,8.388209630034580977e-01,9.118155216473800007e-01,1.772104022203001283e-01,4.465813861307021404e-01,3.192486053387993961e-01,5.569189854649857496e-01,7.585115069355130579e-01,8.148211334507204917e-01,6.420567944412718386e-01,3.873532044639799166e-01,1.937155347348568091e-01,5.668734487267005351e-01,9.267025903478989246e-01,7.389572917370375027e-01,2.365707418547619567e-01,6.050560902175001754e-01,7.057051561782341498e-01,9.735903202045266269e-01,6.344097038525642329e-01,7.258039965753730893e-01,9.680244233389080355e-01,6.381594396091637700e-01,9.592678108879687526e-01,7.632308351204183383e-01,6.860799684548792854e-01,8.029800853425951290e-01,2.077420779987837751e-01,4.235659511166924851e-01,5.953776995168762465e-01,9.625960933417653242e-01,7.631181480208855117e-01,6.178861989200306049e-01,7.381838130224888106e-01,7.385842140621103891e-01,4.778864310135355620e-01,6.056445019267603369e-01,4.368171708533503672e-01,7.066500262160012591e-01,9.838930012929052449e-01,6.520978248084662310e-01,9.816373048087446707e-01,9.015098317111399640e-01,1.327122701460933252e-01,6.215093396892392708e-01,7.382578567394305624e-01,5.544958035424419895e-01,8.985325047532845000e-01,6.520334906949423193e-01,9.973046301054009355e-01,6.734742757186933382e-01,8.856389552097718720e-01,9.440783850595159121e-01,-1.409633438429817032e-01,-6.121049822812463237e-02,8.197900245483018544e-01,8.315390413797670854e-01,9.981062568802013812e-01,8.885467557177963993e-01,9.701425199138377087e-01
9.510063590832688041e-01,8.174124567594739377e-01,8.041622159743599951e-01,0.000000000000000000e+00,-7.782968243220371451e-02,-1.057161466442932407e-02,5.579774990648759259e-01,6.105013483404565511e-01,9.224522346303515308e-01,9.981607419371707479e-01,7.139086251857079679e-01,5.275683439771130523e-01,8.779337721099934599e-01,7.003583778064923493e-01,9.663549670954234561e-01,7.605200057111933809e-01,7.634821449869098053e-01,9.479782353875183531e-01,2.447375459990031310e-01,9.612164033398054030e-01,6.828293902624967826e-01,7.033916351652423904e-01,6.739516543096029100e-01,9.589146751012779246e-01,6.872895837586886492e-01,5.072661509212028630e-01,5.471127761498443265e-01,5.074245410939853818e-01,3.631895870619454847e-01,5.382273539176890553e-01,5.472852905633984744e-01,7.250651315472715908e-01,6.634889416956799568e-01,5.176180133909386027e-01,9.649839063746776802e-01,2.827492691707389483e-01,-8.409723747019674789e-02,3.931199086101810902e-01,7.922461140563177295e-01,8.880859692446211318e-01,9.940503641390414646e-01,4.670669753041405969e-01,8.529663225130217352e-01,9.985111548854155306e-01,7.877989064110324513e-01,3.402186273595086963e-01,9.969308810432184753e-01,6.622482187139941967e-01,6.055452132225840334e-01,7.319753756920198695e-01,5.341445885017093165e-01,9.675007192208744389e-01,6.509342245015128370e-01,6.991410791328611651e-01,6.353448728960883196e-01,6.982202038533866784e-01,7.501329951274600116e-01,6.685827545313017817e-01,9.935352307871343491e-01,4.681035001201800938e-01,3.350137984112938616e-01,7.365817964695621223e-01,7.136912913210547993e-01,4.629158668073295457e-01,9.842221471523879828e-01,3.747167384939676382e-01,7.697570637084190093e-01,2.591479969876072653e-01,5.011702031490112841e-01,2.025317934512334550e-01,7.133606997244337222e-01,7.960130609768498733e-01,6.098955058924019346e-01,7.350998764453765544e-01,7.273037523811419769e-01,8.495827854751907271e-01,6.222557699150583765e-01,7.895798733580268181e-01,5.146868419575618692e-01,2.602112880461027178e-01,7.580122465359180328e-01,5.039618225463745604e-01,7.383353016394783586e-01,4.707641500569311188e-01,7.273308011580018606e-01
6.185864513270384890e-01,5.668280723050086456e-01,-7.487274357754172827e-02,-7.782968243220371451e-02,0.000000000000000000e+00,7.733918665119212665e-01,6.750782556710525073e-01,5.229271326957973809e-01,4.659505799270391435e-01,6.772058929194317844e-01,4.806986729491370958e-01,6.882427954892026412e-01,7.303034854436387668e-01,7.862665757443219050e-01,7.527542255304855434e-01,9.570214982789733149e-01,6.715957356662443090e-01,7.857203502809587681e-01,5.536005762655216156e-01,2.183584750910854688e-01,6.854130657836859930e-01,4.130725948553033711e-02,7.706837374743025215e-01,7.729750675572675256e-01,8.281961245531594962e-01,2.906660989386485316e-01,7.529002252659078298e-01,5.771712985898977966e-01,5.945386648349924030e-01,6.086198512338523159e-01,6.529051814254230868e-01,6.531009602685290405e-01,6.999884885605152096e-01,9.765732618807745347e-01,7.465976954071851246e-01,5.825583587536343755e-01,5.899099611139151378e-01,5.901975083480727191e-01,9.948621018271590621e-01,2.137688711491132210e-01,6.781666358957803009e-01,9.906889578602318114e-01,4.310733115541679483e-01,7.403833322061017519e-01,5.253339458818032659e-01,4.081359719725908275e-01,6.904668701648379869e-01,8.582944935817469201e-01,9.019145361073759304e-01,2.378311469809592515e-01,8.783439811818153364e-01,6.818612761554865287e-01,8.787673717728226030e-01,8.873188924532020572e-01,4.452307430156007273e-01,9.844535957826341388e-01,4.637300528603275906e-01,7.964320958721327059e-01,6.724380538906826743e-01,5.166887827379912368e-01,4.862619694539714321e-01,9.937340100961105094e-01,7.753795721318454959e-01,6.582053499163693644e-01,9.172160573014807028e-01,7.769615060316844568e-01,8.104899171778047196e-01,6.832685674961238576e-01,4.115808788384094363e-01,6.519321311671933961e-01,8.260632507921404910e-01,2.160709189633566452e-01,3.758559015586199203e-01,7.388367346540994918e-01,2.640990621422052431e-01,7.003141094627137742e-01,6.127735946553732882e-01,9.775046748239631933e-01,6.460723424789317493e-01,7.075591481240224301e-01,7.359719258725361257e-01,9.532321733159865307e-01,8.791707391360863433e-01,6.314784545006467686e-01,7.479297091212164794e-01
9.644620445753891991e-01,8.653059684610548974e-01,9.484006689891204545e-01,-1.057161466442932407e-02,7.733918665119212665e-01,0.000000000000000000e+00,5.211568202708105613e-01,6.017036261855016610e-01,5.389913151783076728e-01,9.134597133831828808e-01,9.728599278034258946e-01,7.798216709897277665e-01,7.574444177935558686e-01,7.771770698438118519e-01,4.279856612791042014e-01,5.995079515614067933e-01,4.043321014685501424e-01,7.506242234551577797e-01,2.858115034419821954e-01,7.956625387652186410e-01,2.403033643124576069e-01,5.182604029103076160e-01,4.626671416077153265e-01,8.485709682812238031e-01,5.239915659786856805e-01,5.510911157218238987e-01,6.043438144112710519e-01,2.737606592497992541e-01,6.861228616572210282e-01,5.023582360380733913e-01,-1.404200270227697334e-01,5.099508218496945355e-01,8.892787201040603939e-01,6.885073833576563773e-01,6.237590199140049529e-01,6.647442231359861342e-01,5.300272769925951089e-01,6.134458802565753155e-01,9.178309403915573261e-01,9.295503805721088142e-01,4.044533358958660729e-01,7.097610578915791724e-01,2.536486453764720816e-01,9.831532743662165785e-01,9.505652573695774210e-01,4.224950701415942644e-01,5.399657490434540685e-01,9.020315708052778492e-01,6.795298430652817467e-01,9.338968199088967248e-01,4.840400664680380438e-01,6.649082412271167808e-01,8.375880268523472338e-01,9.615695907096859507e-01,9.268038060656463850e-01,5.723411521476340358e-01,3.483673036534576939e-01,6.359481254299191866e-01,7.148352542679828892e-01,6.715733200406561743e-01,5.437389692583902701e-01,1.038907385687577734e-01,5.524145704397912526e-01,4.664530327328734738e-01,8.244107788419589022e-01,6.639759948824252023e-01,9.246373758358065187e-01,6.718431702010186912e-01,8.898385004949664889e-01,9.505078776563072873e-01,9.054067923695007236e-01,5.201510551370427948e-02,4.303263070045786898e-01,5.322067878924460205e-01,6.869798538043364600e-01,6.464497853746076217e-01,6.693841057896353641e-01,7.653510480732406140e-01,4.818522363026878641e-01,4.456205941850101548e-01,9.871231855521426235e-01,8.959993176021399108e-01,9.013021021651321796e-01,7.070838616375955121e-01,6.094456581575451448e-01
7.625837823833939710e-01,6.557727166845189748e-01,6.488479267992365296e-01,5.579774990648759259e-01,6.750782556710525073e-01,5.211568202708105613e-01,0.000000000000000000e+00,3.608500376357229866e-01,5.557931002346157001e-01,8.159947138379235465e-01,3.092697598883337728e-01,6.750219559455921114e-01,7.463394187809392344e-01,2.525263783071052814e-01,8.713890702302063904e-03,7.299990844468927653e-01,5.041338364443488373e-01,9.525595011679672819e-01,6.545386391566376805e-01,6.625744868142242616e-01,8.675715045438420203e-01,6.820121293349069580e-01,7.607954322555143811e-01,7.729546030640688237e-01,8.234313695461932536e-02,5.499542820603164905e-01,8.065090201875074749e-01,4.805868372476831407e-01,4.434635268430159316e-01,2.896362142628651770e-01,2.449724529586421728e-01,5.977159530205060634e-01,7.718861241434833431e-01,4.593675956324877463e-01,4.722237698015592233e-01,7.111541628084134814e-01,6.471250536576169665e-01,4.596118408290347235e-01,7.686991949859474094e-01,4.327315111799640013e-01,2.439110475049229287e-01,7.758627232363476400e-01,9.842405789196873034e-01,2.365481386421759979e-01,7.163418390002279645e-01,5.154302832773935972e-01,6.778314830068321584e-01,4.023086436565744273e-01,5.505803896066893133e-01,4.994051347560107823e-01,4.848141749176065329e-01,4.724965990101397950e-01,3.369048991711678931e-01,7.375151700749866812e-01,3.082047820381914605e-01,3.348063551544949723e-01,5.940630787218552644e-01,6.039939381203480728e-01,5.481269415465587214e-01,4.457267871055378694e-01,5.752869415852072121e-01,3.645158736724344317e-01,6.257777171315761500e-01,2.953328905500368085e-01,9.468189487535754179e-01,2.847623367169773920e-02,6.908015488337363452e-01,8.732844916949760172e-01,7.316612606323522616e-01,7.572156427586250738e-01,7.458189963260689614e-01,5.086058060847629125e-01,-1.703247116461190092e-02,2.178330968150769542e-01,4.610309697951982533e-01,1.549144421921540282e-01,9.259814856468449040e-01,6.356105855491878120e-01,6.179150278824740994e-01,5.703526736146610210e-01,4.998729322106688078e-01,2.349911945587724316e-01,4.665886910739734939e-01,4.751531850041402771e-01,4.640472902545032530e-01
9.572686201342515133e-01,7.873002311160673949e-01,8.099359021266679948e-01,6.105013483404565511e-01,5.229271326957973809e-01,6.017036261855016610e-01,3.608500376357229866e-01,0.000000000000000000e+00,3.427823264334310949e-01,6.372868040626070707e-01,4.961871559812920385e-01,7.798063731956867972e-01,7.522664909336512773e-01,7.749047042165346788e-01,5.675119286125416274e-01,5.374694980766965280e-01,6.321581228898076610e-01,5.105755321391983736e-01,5.820017038405150833e-01,9.627058580505287733e-01,9.472943057063774042e-01,4.056510119012666227e-01,3.788665174844383920e-01,6.369101553285625439e-01,8.366667388885926648e-01,4.077471128080711327e-01,3.132368187539509297e-01,7.429590714960406794e-01,6.212396371220990643e-01,4.141771332797307137e-01,7.696037759019538349e-01,4.739911532435078234e-01,5.546894922300251718e-01,7.514237403423393857e-01,7.930268796590065339e-01,6.959619008587107913e-01,5.702144419506799400e-01,9.441296644985590625e-01,6.834106970966669081e-01,8.470817889176579518e-01,2.637159181843370948e-01,8.612249019757522994e-01,1.954787597786472320e-01,4.537378631525397776e-01,4.341456695175778813e-01,2.941246081823438788e-02,6.716423775391676676e-01,9.361398240074467747e-01,6.115522261870518506e-01,6.232383754149742883e-01,4.953686125282464325e-01,9.064147920253132762e-01,6.227938665558120368e-01,6.551236003009142106e-01,9.252338284016639047e-01,9.488861888164582536e-01,3.300203317296231953e-01,7.280684265895066565e-01,6.060327782818996090e-01,5.418489992335305816e-01,7.491041059810406022e-01,6.557303217519150351e-01,7.205767373595864944e-01,7.161805216425295439e-01,9.988474679273514623e-01,9.005093788565714519e-01,6.592093322889180929e-01,5.801179182362602438e-01,4.614703376775111110e-01,5.819741618514681081e-01,6.218688671258101319e-01,5.246770202466435329e-01,5.324811091713057554e-01,2.620168537923570629e-01,6.544099864783798903e-01,6.182672433840245008e-01,5.728971740412349689e-01,5.067775817630719715e-01,5.930915263133860194e-01,4.578032299613746248e-01,6.046527067192518645e-01,3.754624214940006643e-01,3.835622430494940449e-01,6.543942137697260630e-01,6.709162790580407432e-01
9.550777668019285738e-01,3.273743056276013919e-01,3.916686735691513599e-01,9.224522346303515308e-01,4.659505799270391435e-01,5.389913151783076728e-01,5.557931002346157001e-01,3.427823264334310949e-01,0.000000000000000000e+00,5.436897315573270273e-01,9.695858352640780442e-01,5.377089911777274134e-01,8.937900023591212051e-01,8.658857703143678641e-01,5.611051579138224277e-01,8.983681981048237120e-01,7.027218344047880816e-01,7.713244052932335393e-01,6.508582739411236107e-01,9.386911000358900692e-01,8.804857713261079466e-01,6.796601649198424910e-01,9.027247971199866550e-01,7.206197351699493714e-01,3.565321904753189219e-01,3.595000774366470253e-01,8.693915221753798495e-01,5.479511388785225368e-01,2.774302638715201441e-01,2.545840696382515866e-01,5.760680669499282924e-01,5.427457525580025033e-01,9.545989492651888453e-01,6.792193732206250889e-01,6.286729755805258169e-01,1.287941844916178080e-01,4.909805857587370981e-01,6.880862402798904043e-01,3.032289906025786297e-01,8.248368322375211337e-01,5.196277386859931013e-01,4.513013371716659283e-01,5.426956176823606315e-01,8.097691770051278493e-01,9.336551920522264680e-01,7.618434275239535092e-01,7.689576752392172088e-01,6.327276880038820162e-01,3.613097373236861531e-01,4.937187017807531109e-01,8.815065237626221739e-01,8.558039948621447568e-01,4.597132611950299763e-01,9.776221170596390841e-01,7.602236798727711742e-01,9.707960614380604092e-01,3.132430717016961297e-01,8.644674547275994492e-01,9.348236611622522396e-01,4.923322132205409929e-01,-2.852572922228864272e-01,5.731854705891128443e-01,5.514344345667830938e-01,6.238639077419311230e-01,7.185393960693591264e-01,7.683754568377383354e-01,4.381024022632150627e-01,6.471302882097547116e-01,5.285096773330876241e-01,7.873658132524852249e-01,8.483151891930305055e-01,8.269698298699105221e-01,9.000456056767459634e-01,2.259477601127893309e-01,5.733726219931420953e-01,2.432591664174278967e-01,2.849532781137598114e-01,7.998007952823849021e-01,5.116360979135829989e-01,2.699947724450564301e-01,7.526851620026052681e-01,9.488487864760341006e-01,9.151917321807715444e-01,3.024137700822150387e-01,9.075465051062395760e-01
9.651550776917184882e-01,9.947624051856855942e-01,8.876735033083141824e-01,9.981607419371707479e-01,6.772058929194317844e-01,9.134597133831828808e-01,8.159947138379235465e-01,6.372868040626070707e-01,5.436897315573270273e-01,0.000000000000000000e+00,9.043497370986047779e-01,6.298046231440275200e-01,2.705404567769252866e-01,3.867981070355401840e-01,4.141360567368239098e-01,-1.296580996239956041e-01,8.260652974697657580e-01,9.397827307133619357e-01,7.582529279865402039e-01,6.233780894956739704e-01,8.223655262222470119e-01,2.208028398185615804e-01,8.710599212982147455e-01,6.520499963289699830e-01,7.819136655979491701e-01,7.486001503674208912e-01,5.452504050389084256e-01,7.636035198082159470e-01,7.340878611454687563e-01,2.315404082543587594e-01,5.322490604983319828e-01,7.777138365983780055e-01,9.963251853531456259e-01,7.436727794398514391e-01,8.622874398693475273e-01,7.301507412731780278e-01,3.195096088695754677e-01,9.898035343184292678e-01,7.079117358574253949e-01,6.978410789453121099e-01,3.044689690973466090e-01,6.373843558695769795e-01,9.859274734495430126e-01,3.782554203942687376e-01,8.150877675358370045e-01,8.047943103797365882e-01,9.745070124924699595e-01,4.552523228076880701e-01,7.781946625295179665e-01,9.322595768560583140e-01,5.272655197634108504e-01,5.965325356791355560e-01,8.970489461592007219e-01,2.554680488598401467e-01,9.088618641109389440e-01,9.564132665072717643e-01,8.269623260613120364e-01,6.334473053638487450e-01,9.499532448673305707e-01,6.834977789641896173e-01,3.377824214770966949e-01,5.978036057837838868e-01,7.655811599304143122e-01,4.772452135181118327e-01,9.708792913075294795e-01,9.583145307884133324e-01,4.421797871266482938e-01,9.631359600889752848e-01,1.477611759951170667e-01,4.033803132918062362e-01,7.952036135772648784e-01,8.559101404798546975e-01,6.137650313285649695e-01,6.594388417750838283e-01,4.788547829038353187e-01,4.265190631557696510e-01,4.782666166638042671e-01,2.430787952444119493e-01,7.689568599584453157e-01,4.817813006633848982e-02,9.005641872669465364e-01,7.677641747304160269e-01,9.776417798205413456e-01,6.840932415441443037e-01,9.169007059742754207e-01
2.435325759031319315e-01,1.084743442735787711e-01,8.903081278496887130e-01,7.139086251857079679e-01,4.806986729491370958e-01,9.728599278034258946e-01,3.092697598883337728e-01,4.961871559812920385e-01,9.695858352640780442e-01,9.043497370986047779e-01,0.000000000000000000e+00,7.820917247367306091e-01,9.528107820008425710e-01,4.983708779807977662e-01,6.855954885977677549e-01,7.215366396421099004e-01,9.031970780248836927e-01,6.655493430292499513e-01,7.801587497196265097e-01,7.220454538425582491e-01,9.449339597717046901e-01,6.700198834794199865e-01,1.073720732285414620e-01,6.995411116816955266e-01,6.249388496173241547e-01,6.203400046383255040e-01,6.148112790871277378e-01,7.348616821562379275e-01,7.666760936518991487e-01,4.382192397431669550e-01,1.524864544118003096e-01,5.623135534985372885e-01,5.255569158423636367e-01,8.396230208923849414e-01,3.848839686955513040e-01,1.216021564645879266e-01,2.350537200587088371e-02,7.790681727262717127e-01,8.699915397959464558e-01,6.653069008473102564e-01,2.144850983916775089e-01,7.338818367892676608e-01,7.485467571826838196e-01,6.644434574748647737e-01,5.996539526704320888e-01,9.211667172605633169e-01,8.604170930700989484e-01,7.104539869302051169e-01,7.326656966261135828e-01,6.699784648244128116e-01,7.849207197696237426e-01,6.896966947388756264e-01,7.538856077111570908e-01,6.649600929000005767e-01,9.380632466368562516e-01,4.533169432786934294e-01,5.874536994426935443e-01,4.598344688873854391e-01,6.377764002759332973e-01,4.917305187942284106e-01,3.695290856372174804e-01,4.526055540864110105e-01,4.277807114023267632e-01,8.140752141006222242e-01,9.083357481749936291e-01,8.015331249517334555e-01,6.455930809759096167e-01,8.066251020316886899e-01,4.549395702679234210e-01,7.936835856535976452e-01,4.392106997548078651e-01,9.760073670666893353e-01,2.091775679691951217e-01,2.301239907471815394e-01,7.770960043460923838e-01,4.336781973877982255e-01,4.227028369993318102e-01,9.601766209561377607e-01,7.436252917316912292e-01,4.361923224171679325e-01,7.722193397679237847e-01,5.968971198220029972e-01,4.366681927871097768e-01,3.375414925316887471e-01,9.629510972302252059e-01
8.503681596169510026e-01,9.987376272205664707e-01,9.821864450874280283e-01,5.275683439771130523e-01,6.882427954892026412e-01,7.798216709897277665e-01,6.750219559455921114e-01,7.798063731956867972e-01,5.377089911777274134e-01,6.298046231440275200e-01,7.820917247367306091e-01,0.000000000000000000e+00,5.484979870939840074e-01,9.172775149478895607e-01,2.571742924572579803e-01,3.049727342890392601e-01,6.175694251436116833e-01,6.544673392191575623e-01,5.223073615485074317e-01,4.155727167816770096e-01,9.039351886294226812e-01,9.051638683120611928e-01,2.706673545279736914e-01,7.031717882808050657e-01,4.196889569118675833e-01,7.844835255990800782e-01,8.923004761929489437e-01,6.265060092670524661e-01,4.652975486018910423e-01,8.280455162932416346e-01,6.276961394205737843e-01,6.905588277186940349e-01,7.559549237479634698e-01,1.488996602582941253e-01,5.812908463901422795e-01,7.067149786413853274e-01,3.012315004566798460e-01,6.884791096731782689e-01,6.095771544791461771e-01,7.908907773346236514e-01,5.908439853960728572e-01,4.777665256473989652e-01,9.527389064187462564e-01,8.706541823780932221e-01,9.222772306941305898e-01,6.457282133015278536e-01,4.514532809611783715e-01,2.910305340504992233e-01,9.736767506785499737e-01,7.264925107136775972e-01,6.192843536722015818e-01,9.071712918877181675e-01,1.359733466946641822e-01,5.812347488455080757e-01,5.404367715449945875e-01,8.654156815580833495e-01,6.829302191535886468e-01,7.714640352508075338e-01,4.193968068425279472e-01,9.025536919353488452e-01,-6.454984178137473938e-02,5.292326314365394246e-01,6.292907812356668407e-01,8.782483597898566030e-01,7.028412750824738486e-01,8.906441097726736089e-01,9.612505797407584485e-01,8.948480452157269172e-01,6.708232868892042289e-01,9.428957834933859861e-01,9.148519650724425967e-01,6.120362202987160716e-01,2.181422290378420281e-01,5.855231094851973683e-01,7.669281245883950993e-01,7.708647573692961608e-01,9.694531647634676563e-01,1.550230140734332185e-01,4.533948980296447773e-01,5.923363547942835927e-01,1.690228964023990921e-01,9.691214373012543293e-01,6.249513403589358473e-01,6.190818634215550231e-01,7.362744305240997988e-01
4.381290982980600157e-01,6.792038256071949442e-01,7.324080656806410961e-01,8.779337721099934599e-01,7.303034854436387668e-01,7.574444177935558686e-01,7.463394187809392344e-01,7.522664909336512773e-01,8.937900023591212051e-01,2.705404567769252866e-01,9.528107820008425710e-01,5.484979870939840074e-01,0.000000000000000000e+00,4.230125567102964168e-01,5.329370875259064055e-01,8.099606432555663815e-01,6.429315945936437959e-01,9.947515472526223812e-01,7.969877730500922741e-01,5.201192375546855873e-01,8.293674660721613856e-01,9.438767558298298832e-01,6.459371589069867747e-01,8.332471694665513073e-01,7.568089686804565508e-01,4.462101207707178663e-01,8.201170186227950687e-01,7.708245107330851109e-01,3.780038396298182612e-02,6.112335884002584319e-01,1.833056609610456134e-01,7.012929934957375933e-01,-1.949289568277826623e-01,7.481260146546092615e-01,6.315424201717646513e-01,5.280763837465429766e-01,4.803348620781370260e-01,6.087951634373045540e-01,7.753952810056631284e-01,9.513365278266621150e-01,3.313674576171292685e-01,9.047340622254174125e-01,9.335588344797607352e-01,7.449951034527183547e-01,7.318018602360779612e-01,7.997150160479414849e-01,7.861220457819533269e-01,7.774890401656281425e-01,5.737448501059320138e-01,2.700432974064902458e-01,8.679383369227617884e-01,5.491111930757295312e-01,6.476261891029444495e-01,8.795217860839669166e-01,8.646728562198294776e-01,1.203652629557451226e-01,8.368251070592354068e-01,7.826541519470104902e-01,9.127644340661165145e-01,4.995365465605762223e-01,6.992323307850190073e-01,5.536424308179943576e-01,8.081200394461730552e-01,8.445246775572804454e-01,6.162193143167676856e-01,8.650430056438351833e-01,8.197757264281311240e-01,8.281698641879920997e-01,6.496629195951668656e-01,6.019796012302260912e-01,7.549018454861711191e-01,8.627802733644728272e-01,4.445934365639083174e-01,8.173274193356083739e-01,5.756972471743548869e-01,9.921046738173584512e-01,8.457223227626998741e-01,5.083275709305065115e-01,-1.055301154971384769e-01,1.953178667088479314e-01,4.637587295115159769e-01,7.705057189043269528e-01,7.239589767843185308e-01,6.950575321203839030e-01,7.204952857152739920e-01
8.605668167178779360e-01,6.287349355741901347e-01,7.972233724821717882e-01,7.003583778064923493e-01,7.862665757443219050e-01,7.771770698438118519e-01,2.525263783071052814e-01,7.749047042165346788e-01,8.658857703143678641e-01,3.867981070355401840e-01,4.983708779807977662e-01,9.172775149478895607e-01,4.230125567102964168e-01,0.000000000000000000e+00,6.589672413664062756e-01,7.034500645897009408e-01,4.823549719890917742e-01,9.156888564149037180e-01,8.374343926569104146e-02,7.605072488908647399e-01,5.864514864672227823e-01,5.324456143169474798e-01,6.972400154543849649e-01,8.042925565898900730e-01,1.077779734665029743e-01,4.407373562121981725e-01,6.642417370149803491e-01,8.617501339371625990e-01,2.176579655616865394e-01,7.949602347457241924e-01,2.906399233320459685e-01,6.559508678931497139e-01,6.337115091785305854e-01,3.614287424781765234e-01,5.000179843499678034e-01,6.052774836933820790e-01,4.728218511500063004e-01,8.363239972998322003e-01,9.406508083934514985e-01,7.575077202918005792e-01,6.525647571377728440e-01,8.725055015259572944e-01,9.467790141021592554e-01,7.940231747458914580e-01,9.571519974213341664e-01,9.291798385179698139e-01,6.629757171480342715e-01,9.677635117133773779e-01,8.330217605328800179e-01,6.157058639581682868e-01,6.352320773205278881e-01,2.440977544765556839e-01,9.380401989721945943e-01,5.206281118895262905e-01,7.375415974738739333e-01,6.452995136092780637e-01,5.908943001693409691e-01,4.569946180712427530e-01,4.413449210927383737e-01,5.221800674647100182e-01,7.540740680008898300e-01,9.970755038342720145e-01,8.189332058366365352e-01,8.966516307955929577e-01,6.321160033357937635e-01,8.952238818767556117e-01,7.630120954303072356e-01,9.377499336719681278e-01,6.609175587709931188e-01,9.044353826593852785e-01,7.193501371784180032e-01,4.189228095770743399e-01,5.925488957314393179e-01,7.930085274987612731e-01,4.301497665915700597e-01,6.980650788697093656e-01,9.980118411355848318e-01,4.340918849660890255e-01,4.896485065039851703e-01,2.852927493204249765e-01,4.322864425703604740e-01,4.182347649375156018e-01,2.072924327779342157e-01,5.269086127291657817e-01,8.909181426525960568e-01
9.597717612341286619e-01,5.260204712351321810e-01,8.392259141409499357e-01,9.663549670954234561e-01,7.527542255304855434e-01,4.279856612791042014e-01,8.713890702302063904e-03,5.675119286125416274e-01,5.611051579138224277e-01,4.141360567368239098e-01,6.855954885977677549e-01,2.571742924572579803e-01,5.329370875259064055e-01,6.589672413664062756e-01,0.000000000000000000e+00,2.553151343865047163e-01,8.136988031859347936e-01,9.320436304390556925e-01,7.634298891303348267e-01,6.505634120000564069e-01,9.369655225332182980e-01,9.719658995802019641e-01,7.705473654068015765e-01,8.603794530552749675e-01,5.113323655769853593e-01,5.452562173625805642e-01,9.782810511566012446e-01,8.204477783669599233e-01,5.692233766554402608e-02,5.472595148724601621e-01,5.218908535852530006e-01,1.389841885857359682e-01,6.470547681420576458e-01,6.995373288335275941e-01,6.878329297936470743e-01,2.436271210584978753e-01,2.837863943074552253e-01,4.171122149725857708e-01,7.995668367900320428e-01,7.630010600889216565e-01,4.930612884586768607e-01,6.733244210775538585e-01,9.126027868872131910e-01,4.031688458242387862e-01,6.116821224304387350e-01,6.163636000620263955e-01,4.353656026437637272e-01,3.373036968154483617e-01,7.918695643417381635e-01,7.443776649472402251e-01,6.549561889331979581e-01,7.615940356358137375e-01,9.202520755502194838e-01,5.016112696483450151e-01,2.636964526130205488e-01,7.035055606561163577e-01,5.801113141523088768e-01,7.996689022541249026e-01,7.900843103516979049e-01,4.237016237911769290e-01,6.053635210259129540e-01,5.284652655871582283e-01,4.991186917684563573e-01,7.609023453364494038e-01,9.974110221132952425e-01,6.384553517744803175e-01,5.750902970476562404e-01,7.314958075102899748e-01,5.419003173813957686e-01,7.286890948939998003e-01,4.030692362155484654e-01,1.834357133734270673e-01,6.917893028137415135e-01,3.950234839486015392e-01,7.267615385583880983e-01,5.814150263671653551e-01,8.955946359457913619e-01,6.211625520824545221e-01,6.475468572146264590e-01,5.670398870260072721e-01,4.630261736350180790e-01,5.840390821860008685e-01,6.292381861637166285e-01,-1.345497225301777178e-01,6.352862718479705961e-01
7.011909027584336540e-01,6.812867885385343047e-01,6.253044756293084649e-01,7.605200057111933809e-01,9.570214982789733149e-01,5.995079515614067933e-01,7.299990844468927653e-01,5.374694980766965280e-01,8.983681981048237120e-01,-1.296580996239956041e-01,7.215366396421099004e-01,3.049727342890392601e-01,8.099606432555663815e-01,7.034500645897009408e-01,2.553151343865047163e-01,0.000000000000000000e+00,8.997544708850786499e-01,8.844220141039517147e-01,5.435160324101557805e-01,5.830568062730725476e-01,8.798844019696937246e-02,5.387573094319471068e-01,9.733565503990559975e-01,9.897691700537556425e-01,5.893984460575203421e-01,6.119818108528189970e-01,6.269155173653249147e-01,3.492402698345168366e-01,7.389524717056724645e-01,4.605300013293842087e-01,6.554619182396111132e-02,4.478484265301189704e-01,7.124353936314564706e-01,9.256585243193848900e-01,7.410624857401491017e-01,5.799225800334952829e-01,5.886193313954074524e-01,7.853490540525639441e-01,6.289170022927826897e-01,7.006239633381805554e-01,6.644951214134965367e-01,6.081172021507382786e-01,6.882450492857038471e-01,6.687500459676175568e-01,6.480241743369919982e-01,7.535538578089560069e-01,6.052414623198550947e-01,4.277350767910182983e-01,4.292694792674857096e-01,5.943043023312819528e-01,6.634316430846453061e-01,7.076124591465507985e-01,7.058326649075874482e-01,5.397594203137956459e-01,6.119944282099228916e-01,8.924386968520382490e-01,7.293419018165476775e-01,9.832936104360832097e-01,8.690015689446348723e-01,7.199937429282670109e-01,9.165682964383662368e-01,7.389854768834448473e-01,8.128996756459305750e-01,5.023980327014198055e-01,7.537087839659244448e-01,5.268695166066406088e-01,6.036867360662315773e-01,9.526574964199558959e-01,8.478754643696478910e-01,5.504266761084362081e-01,7.921452096786956165e-01,7.722986544663273945e-01,9.050738495955377161e-01,6.725651039867027725e-01,4.790957366776207316e-01,9.274477160329102077e-01,8.005902359129322132e-01,7.110349513237811392e-01,4.428392727325073386e-01,7.408999302079718463e-01,3.145626658217557936e-01,8.160755440746558786e-01,9.333152678662510748e-01,3.456047267018912406e-01,4.378766133164972429e-01
9.625610816960886718e-01,8.216192482787660900e-01,3.005590435599385102e-01,7.634821449869098053e-01,6.715957356662443090e-01,4.043321014685501424e-01,5.041338364443488373e-01,6.321581228898076610e-01,7.027218344047880816e-01,8.260652974697657580e-01,9.031970780248836927e-01,6.175694251436116833e-01,6.429315945936437959e-01,4.823549719890917742e-01,8.136988031859347936e-01,8.997544708850786499e-01,0.000000000000000000e+00,9.054357809210280550e-01,6.841196443184169862e-01,6.654301259880417430e-01,6.824782353430860482e-01,8.704521982655336609e-01,5.619751990651150608e-01,4.681665545320950472e-01,4.243181341656375172e-01,7.916331413587791577e-01,5.362181190463968239e-01,5.409800881610048462e-01,6.155744765656150363e-01,4.564870032661985100e-01,4.065129688605829683e-01,5.553475435245301961e-01,7.625651041061869417e-01,9.869264922862414080e-01,1.125645348860514761e-01,7.547087147054862832e-01,5.934245964493295444e-01,9.976298184300131933e-01,7.138852311548261609e-01,5.152016750720278537e-01,5.931340725225734412e-01,8.995449706521762012e-01,8.529957972226632767e-01,6.304677593704897109e-01,7.824605496663703530e-01,8.291407244962116785e-01,8.148434872609631174e-01,8.398971781790962599e-01,4.234071440345825721e-01,8.135920912706401387e-01,9.606311237793683233e-01,7.740932318110649302e-01,8.256164434841365418e-01,6.254534819696778714e-01,5.981582110294370036e-01,8.193651017524118396e-01,9.717597007330829317e-01,9.935317087328292551e-01,9.538915432696114527e-01,-1.340855528324878809e-01,6.066272496736599962e-01,6.951386284847353991e-01,9.438562727011361453e-01,7.522656108155395538e-01,9.926173414094217051e-01,8.697285453761059992e-01,7.269391407901246716e-01,9.748131279309909525e-01,6.911564133188305981e-01,6.626023048569206209e-01,6.005351303802347607e-01,6.428206704056205201e-01,7.699710353577314814e-01,6.647880935344226971e-01,6.577220982222142798e-01,8.016883647394332790e-01,5.504889746072587631e-01,6.167816512088272196e-01,4.524255074300491675e-01,9.001348340406755896e-03,7.518873392612372974e-01,3.527535905079886569e-01,6.320559820947492247e-01,4.101468635291247722e-01,8.793339527250623178e-01
9.062986426104119309e-01,7.460462103301617187e-01,8.353655867962436199e-01,9.479782353875183531e-01,7.857203502809587681e-01,7.506242234551577797e-01,9.525595011679672819e-01,5.105755321391983736e-01,7.713244052932335393e-01,9.397827307133619357e-01,6.655493430292499513e-01,6.544673392191575623e-01,9.947515472526223812e-01,9.156888564149037180e-01,9.320436304390556925e-01,8.844220141039517147e-01,9.054357809210280550e-01,0.000000000000000000e+00,7.488177319753532846e-01,9.660864377000847325e-01,9.356323228830325522e-01,5.131224770452572637e-01,5.112537703663316835e-01,7.679321474094182864e-01,9.951406772121491606e-01,5.064141715435789282e-01,8.118681158633029860e-01,9.386509802962816895e-01,5.073963694477967579e-01,6.681970072937588601e-01,-2.892090504176525467e-02,2.427590218129487831e-01,4.972114411325181393e-01,9.180237375490610807e-01,7.249330230159312105e-01,5.273737742336678247e-01,6.491700450457291716e-01,5.411722779748244783e-01,9.090682130954211848e-01,7.485863749799612776e-01,5.882009856480209242e-01,8.943043780328001624e-01,6.010026782374473520e-01,5.074824050351272042e-01,8.387146671548653121e-01,7.808402220410375350e-01,8.539694258056123033e-01,4.606594264412939843e-01,7.807800529087961516e-01,6.023849036492506803e-01,7.440991976107519390e-01,8.603663508348915467e-01,9.974044496658334147e-01,4.252795870389654009e-01,8.430068193692539236e-01,2.436429096738003675e-01,6.715159815436479995e-01,7.588064720300476962e-01,7.919936820124635624e-01,7.369195096286060842e-01,6.355382929944660697e-01,5.011485023246277093e-01,6.800062042641548121e-01,9.921294568210479170e-01,9.735855350943665165e-01,5.395616550644151133e-01,6.245505916834551696e-01,8.537911102637053551e-01,5.054671257194469636e-01,2.858954647735348908e-01,9.037201295707385507e-01,9.471353420866837070e-01,2.997448023880470713e-01,7.954964509648639881e-01,6.599492881106973075e-01,6.273647261704379252e-01,8.459805127460621188e-01,9.152201473813845745e-01,2.809577347141726800e-01,2.303267308424934157e-01,4.439621467003174726e-01,9.088165741860269042e-01,6.949305014072285624e-01,2.725592300710694138e-01,5.954805902849944488e-01
