0.000000000000000000e+00,4.129906453785339715e-01,8.314353327291347240e-01,6.611404058680364626e-01,9.389893578499971527e-01,8.722223130601323149e-01,7.219655326134510887e-01,9.887442389301970280e-01,9.785578468304139133e-01,8.407581948308737729e-01,8.794302918246680312e-01,9.354782561212320324e-01,9.575518898050783267e-01,8.854383058835030296e-01,8.346442176428302551e-01,7.269989334926353353e-01,4.487685208562315897e-01,8.458615629624147703e-01,6.680744210560195517e-01,2.957152542480311896e-01,6.137912172778677844e-01,7.455269165055149472e-01,8.947101282344436246e-01,5.067595682719238104e-01,1.627988930502369813e-01,7.545225144351532798e-01,8.449575993163777055e-01,8.380943499815720621e-01,5.350939847367237601e-01,2.725793392690357697e-01,6.704960773993254852e-01,9.061579570180179344e-01,4.719972689969340607e-01,9.905706051060717554e-01,7.957483704146485204e-01,9.506538296363254981e-01,6.010516070979572412e-01,5.122783326585323982e-01,8.507880830209211265e-01,9.755612217732928526e-01,4.482233769038582172e-01,6.292391441319794554e-01,6.659321485025135878e-01,8.514384179170150224e-01,9.018345169186118282e-01,9.060643759856724655e-01,9.371619989665779249e-01,9.833199965922947428e-01,8.589212912950436873e-01,4.549933011880876177e-01,6.548848689725631500e-01,7.187482315713429326e-01,9.277546897395085868e-01,8.113122532855148172e-01,9.964476673018635156e-01,7.920795939701639199e-01,8.479802701990303282e-01,4.079111480136858869e-01,8.082194463856623434e-01,7.305379997916862100e-01,3.347780617535011105e-01,9.284378345471991922e-01,5.041542403588086252e-01,7.665899276122857264e-01,8.783585697170430695e-01,8.641222344083751006e-01,9.741608999996586027e-01,3.528858349760587432e-01,9.678559303503844191e-01,8.257100343275461940e-01,7.766613643258821753e-01,8.248969311106255642e-01,7.308669248667171159e-01,7.476980458113292594e-01,8.964502112755602381e-01,6.451126147713021064e-01,9.444670968401497335e-01,-6.726626725267761953e-02,3.353237091273602449e-02,6.458690170731213875e-01,5.301849782824379353e-01,8.474671137912375141e-01,5.505804993778771195e-01,6.266278538114061769e-01,8.437720776910517806e-01
4.129906453785339715e-01,0.000000000000000000e+00,9.522329794115680368e-01,4.233130346493012564e-01,9.807497498083632692e-01,9.180788441881052586e-01,7.273618056826111067e-01,3.155603600064844638e-01,6.366976641307571239e-01,7.618090936833834537e-01,9.476834318889204578e-01,3.244302270953496881e-01,8.875440554057825171e-01,9.259197597905127752e-01,3.190971003009009099e-02,6.196433365142224314e-01,8.362105041642655667e-01,6.329752207091494665e-01,9.079934227867887397e-01,7.010276099257816140e-01,9.869597513528096666e-01,6.747318192977315165e-01,5.332472971941463191e-01,6.553952761223136303e-01,3.262186503456629971e-01,6.312695816230119439e-01,5.044382004004991371e-01,2.290059069122981072e-01,5.225868129706132681e-01,5.705588152927781875e-01,5.542244321657028294e-01,5.898492051346990728e-01,7.700010439626486791e-01,9.429123708693468719e-01,1.569493536384469479e-01,8.797585648743881936e-01,4.618806624566442753e-01,3.604243622890853094e-01,4.838476235296098049e-01,8.950217549433935327e-01,4.390361808524007037e-01,6.190511609875375409e-01,9.637990784283588797e-01,7.872246224513845814e-01,8.641229829214943647e-01,7.572163223655968833e-01,3.138697709110510603e-01,6.176530615921635992e-01,2.731741105921137169e-01,3.707553900173071737e-01,4.445007270078489281e-01,2.881451541873346622e-01,6.180067285432102597e-01,7.418675024718410782e-01,8.452925052109576676e-01,8.193660912515328132e-01,6.493832316445846686e-01,9.656767025297914309e-01,9.382469178656549502e-01,4.015101379438028584e-01,5.034164001865062410e-01,1.694524047660099855e-02,7.544908395998435324e-01,6.111135572848236386e-01,9.100677469025909572e-01,5.400988809597132567e-01,9.025957091703958879e-01,5.189680630415802742e-01,2.574269859084437617e-01,3.841215347710252165e-02,3.046956342994746048e-01,6.681992877743777592e-01,5.821134703114133613e-01,3.371944706571958772e-01,5.600671448440198708e-01,8.490829823762520157e-01,9.067412772051496317e-01,8.343741991858517615e-01,3.790940482295138136e-01,2.607870966936343127e-02,6.010540479914121548e-01,9.507210886415601303e-01,8.505414053665953933e-01,1.683139051839805944e-01,4.074004272594683451e-01
8.314353327291347240e-01,9.522329794115680368e-01,0.000000000000000000e+00,8.619228571500772151e-01,7.216092367852322553e-01,9.997066681408502964e-01,8.897434532005059626e-01,9.517390333844273353e-01,7.425764640343570644e-01,7.458608610616564993e-01,-1.377249742731903592e-01,4.345846405221366893e-01,6.777250061631890921e-01,5.622082256817982904e-01,7.976529420972540141e-01,2.127445636110332217e-01,7.437215019449637810e-01,9.855420581336598040e-01,9.342507640403416858e-01,8.248904309975748639e-01,6.963527615662356007e-01,9.793632566230754399e-01,9.975440036667313493e-01,9.267654831645908420e-01,6.848186667468731947e-01,6.866325359207727796e-01,9.026922896640864336e-01,6.736917554505635897e-01,3.900353969508039698e-01,4.094883478441295743e-01,7.903814747986791511e-01,8.966171357047172386e-01,8.537313955705658763e-01,8.028325199443130389e-01,8.124606376010343745e-01,8.142190746546671409e-01,8.233939814133495877e-03,-1.193620944319408322e-01,9.650791499232325155e-01,8.698832713475335154e-01,4.121697184647853396e-01,8.835854779372409595e-01,6.496538672058433939e-01,2.753844230859736064e-01,6.278423572439767453e-01,6.968506522771503731e-01,6.057340575186103138e-01,7.329424818037860723e-01,9.431363358581718037e-01,7.690812284060513093e-01,8.489603878615626931e-01,9.398840131815899834e-01,4.846449510556071205e-01,5.201068345066264254e-01,6.244741478343880381e-01,9.201492264718659220e-01,8.425360208212679947e-01,8.729109513547647081e-01,5.028919611645656929e-01,7.015935598922881100e-01,5.101673858154156527e-01,9.167355944475061857e-01,6.608885033107649853e-01,9.101161062170363136e-01,4.562995633252630578e-01,9.535856040855495985e-01,7.789402566167582531e-01,9.233429836377544664e-01,8.274061838965123261e-01,8.544898646559939692e-01,8.499103325281359700e-01,5.574223285589393617e-01,2.225054040539498901e-01,5.486655456743738668e-01,5.200435311253122084e-01,9.262678651777362937e-01,9.966370134120586810e-01,4.380949476876524473e-01,4.314195677568268272e-01,2.580169922667840399e-01,5.156208288448193011e-01,8.226146675794301366e-01,8.010978384283240494e-01,7.447637242255440437e-01,4.106312676317824817e-01
6.611404058680364626e-01,4.233130346493012564e-01,8.619228571500772151e-01,0.000000000000000000e+00,9.966788029331541399e-01,7.561356969106559633e-01,4.033392369060179172e-01,3.028860105473656361e-01,6.466432934476786798e-01,8.477889522200725558e-01,6.413052901703997222e-01,6.791301815087354143e-02,1.923797123858579650e-01,9.559337920594372928e-01,3.224965732219097769e-01,8.648588645753114701e-01,9.748535540667213617e-01,7.233194612734832329e-01,8.178581188840283733e-01,8.814983508887930252e-01,7.261450952610805087e-01,8.559108580881680250e-01,2.429882363709665871e-01,9.193146652548653819e-01,7.337768140294577135e-01,9.444377953270953752e-01,6.530899381346514376e-01,7.265472918570923255e-01,5.039165162076946203e-01,5.359999990244491697e-01,7.048277276001142511e-01,7.641324932382912438e-01,8.498906630186836564e-01,4.735803896612948427e-01,5.154471390327377556e-01,7.212209296762379651e-01,2.233792872270354835e-01,2.228464471350198595e-01,6.392259960862406443e-01,5.544843315599168321e-01,3.862339509141042848e-01,6.824805294965445857e-01,4.998130095094571734e-01,8.222930397207290909e-01,9.633450162402800165e-01,4.427854253605628676e-01,7.291270908423552743e-01,5.279698041929303809e-01,6.472583099452813293e-01,9.811603930226463488e-01,6.143946283033400180e-01,6.664679338802845798e-01,6.083949405460051807e-01,7.834031616231601491e-01,5.441572359538123793e-01,3.432973388151606686e-01,5.787984161065543587e-01,6.375864509196267349e-01,9.670460806161543799e-01,4.546408794139921716e-01,4.120880714378975518e-01,3.568154267545587954e-01,6.027341897848212948e-01,4.961279114297681980e-01,3.541480265319398302e-01,8.718238161772067230e-01,5.336713805932818966e-01,4.067341523691979654e-01,4.331934000741397561e-01,8.635223698508323054e-01,9.439663249205877404e-01,9.311841168716650241e-01,5.761575438896118229e-01,2.011679384108086555e-01,4.171894632631001354e-01,6.319180047738514050e-01,4.365299659974684054e-01,4.210635185425198879e-01,6.706682709130572240e-02,-6.868773713816883619e-02,8.354849639038084419e-01,9.131993965060470897e-01,6.053816889473163654e-01,9.331122851623840919e-01,8.749534303740672536e-01
9.389893578499971527e-01,9.807497498083632692e-01,7.216092367852322553e-01,9.966788029331541399e-01,0.000000000000000000e+00,6.086546680181307289e-01,6.269003170645235379e-01,4.265620541186529446e-01,4.664161494248857398e-01,9.940708432004822237e-01,6.334665394359361157e-01,8.073112753896825033e-01,8.733760211227674652e-01,4.003568094362369156e-01,7.219658415957659336e-01,6.809133954655917087e-01,9.247111874801898779e-01,2.930477197174939374e-01,7.698481183762415636e-01,8.724469196045023800e-01,2.286339095910327468e-01,6.653219951088447104e-01,5.389420202904796620e-01,8.020265294616484297e-01,1.812976390976950292e-02,2.608460902351761312e-01,4.713458655855790602e-01,4.605792911538932333e-01,6.149936922574211762e-01,2.248779148575450471e-01,2.250788289879449011e-01,4.780014314808188058e-01,6.724111328392023967e-01,9.905392333728519905e-01,7.571808613199372262e-01,4.129223833072950267e-01,5.095726792585407727e-01,7.890860595538056188e-01,7.367332299178264154e-01,3.123353938391979501e-01,4.551125588029595881e-01,7.372986111610543292e-01,9.227237521072549908e-01,7.371400513785163477e-01,8.447896922252791096e-01,5.130258649627883472e-01,6.089519063831008161e-01,6.604320987716384428e-01,7.405575374853072823e-01,5.754822384592360729e-01,6.755892587764522617e-01,6.315631163808065329e-01,8.266500861186741878e-01,6.754398006728459247e-01,2.350665204378748208e-01,8.122403788227677834e-01,6.848049539062308622e-01,7.721325359228000673e-01,9.311891521383522941e-01,6.270165948897317154e-01,1.364863274084207878e-01,8.542119108917094472e-01,2.457147973861984469e-01,8.746327965437313834e-01,8.005026505527167435e-01,2.724926498939135855e-01,7.971795183427197173e-01,5.426711789532812080e-01,7.317809020565072542e-01,6.305524673778269973e-01,6.309531874450478028e-01,8.536053442558753090e-01,2.641898773216462826e-01,7.288831682139589319e-01,1.892910610196020249e-01,6.759096749993922515e-01,3.066933683084666074e-01,2.528217507887149385e-01,3.135586399576377747e-01,2.147832022697491322e-02,4.885152202789214138e-01,8.992780709555235896e-01,5.781875320454186173e-01,6.092482786885278223e-01,8.585430853285872521e-01
8.722223130601323149e-01,9.180788441881052586e-01,9.997066681408502964e-01,7.561356969106559633e-01,6.086546680181307289e-01,0.000000000000000000e+00,3.729891291717192248e-01,7.715011911329603400e-01,3.021270085204530997e-01,4.567288348866605507e-01,7.827453248655119600e-01,7.867939743003077302e-01,7.929097565852651908e-01,7.287336963851310800e-01,5.491118546590501026e-01,7.327304186752238158e-01,9.176845661661192644e-01,5.085872334663117389e-01,5.156745457817922818e-01,9.108045869653469406e-01,3.740999492461350440e-01,6.407218337988298540e-01,9.318744347914075243e-01,8.153304834993509997e-01,5.084116787144182803e-01,5.380222885609822203e-01,5.929766353076825203e-01,8.376149897846155712e-01,4.399686497082531123e-01,8.973785678953180023e-01,5.384930078633002326e-01,9.278900814749018178e-01,6.314420411036288927e-01,4.238109608718463872e-01,4.926125735875744871e-01,2.194536170943104103e-01,5.550700610843363192e-01,3.767847908536033907e-01,8.234489834300628974e-01,6.305971780662567028e-01,2.516983030586699144e-01,6.550062585256063441e-01,8.675505038190409746e-01,5.154630308372700753e-01,7.352054757719606037e-01,7.755951852257954027e-01,9.134093585105347302e-01,9.761285376325578023e-01,5.269229243210316049e-01,9.293932021334158078e-01,7.310168035838402467e-01,5.235149890286430185e-01,5.672017563196301015e-01,7.000151071630429378e-01,6.181276806527129519e-01,7.470582822821065783e-01,3.816395702675471346e-01,9.072588443374767220e-01,9.057698127173769986e-01,4.111932660589012745e-01,2.440522854492540861e-01,9.733041890867010215e-01,6.250819955900610569e-01,3.256468776465917259e-01,6.341094059823738638e-01,7.847002541690902833e-01,7.962424891025702278e-01,7.303801434417195315e-01,5.054008807777052859e-01,7.959860530049429617e-01,8.314735195403909485e-01,7.413247652586577585e-01,6.372818685809751305e-01,6.251935908723553759e-01,4.462042004388822591e-01,4.737186039407042526e-01,4.700885947876822235e-01,7.407141687741538583e-01,6.300400769568080817e-01,4.662069953158281543e-01,5.139822386025930667e-01,8.862236295246618267e-01,5.223963588027917826e-01,5.282859163654960444e-01,7.827311543623780565e-01
7.219655326134510887e-01,7.273618056826111067e-01,8.897434532005059626e-01,4.033392369060179172e-01,6.269003170645235379e-01,3.729891291717192248e-01,0.000000000000000000e+00,6.848220879262205685e-01,4.479936308359664943e-01,4.318258030642770917e-01,3.466880543782915325e-01,7.988711749799356499e-01,3.051770106397507232e-01,9.786282817039777537e-01,5.546866643538409525e-01,3.155376119298943238e-01,9.044236373891594294e-01,5.724637967475370015e-01,7.132382293176707799e-01,6.225746585992713023e-01,8.119013675064017388e-01,6.127833351262740313e-01,9.081055079989870382e-01,4.589325409853297622e-01,2.174786768839196138e-01,3.018895357785513212e-01,6.460426442513582668e-01,3.863152589301664386e-01,5.594830928627365640e-01,5.715604913801424214e-01,7.368908404624825437e-01,6.737625416763651787e-01,8.519315877908586465e-01,4.912418340097384206e-01,5.478111198229012047e-01,7.882316304015118957e-01,2.226402003611691049e-01,7.691935882251424994e-01,8.612301617659041675e-01,5.418759698844036743e-01,3.231579944601758458e-01,2.079273294314947784e-01,3.112096937774497807e-01,7.239597464983293928e-01,7.900501077413437656e-01,4.711448446937072099e-01,3.673865518778980377e-01,7.444100722348082622e-01,7.030592445079149044e-01,3.899195584554108196e-01,6.853900965627682806e-01,2.634276239782896711e-01,3.547439390779549839e-01,4.098158437073941007e-01,9.438392990053104947e-01,3.613325861103959813e-01,1.743578780111002258e-01,5.664272345452641133e-01,9.843118579862468742e-01,2.824082978877827665e-01,6.031792780222249295e-01,6.590071648232387336e-01,3.167222408212799767e-01,9.802571155818520232e-01,7.183128405306523634e-01,5.907899999517676193e-01,7.576970859153399074e-01,9.401140983220045433e-01,5.692001564486152132e-01,7.360001786284789960e-01,6.107434158246703992e-01,8.254965358398714814e-01,7.564705260650860241e-01,4.880349026118340761e-01,5.078771917316129425e-01,5.956962549199305013e-01,7.694248633185352126e-01,4.845307689250547556e-01,3.255593090254512156e-01,3.134805681479854167e-01,6.369531445947311799e-01,9.759941477357307882e-01,5.822279124827093311e-01,4.453016050685547622e-01,4.530844676377041025e-01
9.887442389301970280e-01,3.155603600064844638e-01,9.517390333844273353e-01,3.028860105473656361e-01,4.265620541186529446e-01,7.715011911329603400e-01,6.848220879262205685e-01,0.000000000000000000e+00,7.285357156679520552e-01,5.170300388228916688e-01,7.303758292629681792e-01,6.890412062006882055e-01,6.446435181080940602e-01,8.184024210879312644e-01,8.753157126640148666e-01,4.126052937152813738e-01,9.817046158007378676e-01,3.612992529984913603e-01,4.147835526410015294e-01,4.944685724796198389e-01,8.542888700388975298e-01,4.122438447785077287e-01,7.090393663691751946e-01,6.231887925589996158e-01,6.656489175103564859e-01,1.451526918681724510e-01,7.586402424271672107e-01,3.526477150884285150e-01,7.458414319954194127e-01,5.608694335452049096e-01,7.392871673097967111e-01,8.868743350741963294e-01,3.517268894259966694e-01,8.158645917653705171e-01,4.909713300697705618e-01,7.137875242244985374e-01,5.652555459481323208e-02,7.261397160579213805e-01,7.043769673229188788e-01,2.705653863037804086e-01,9.709576136352069398e-01,2.366885430228827802e-01,8.148909662312098234e-01,9.898946856293049379e-01,8.642840023375220060e-01,3.952888718470649598e-01,4.307699731121508724e-01,5.002014563205298137e-01,3.684170080771711486e-01,2.947734813770792051e-01,7.466640110981759282e-01,7.716270522616142102e-01,7.314848835772298496e-01,7.652160867214569118e-01,7.354415140972484499e-01,5.434060818902264334e-01,2.702168682901597840e-01,5.590087004608378374e-01,7.829273647008420101e-01,6.080269623287557490e-01,6.387750784576450291e-01,6.550150902072486847e-01,-6.996170563166753675e-02,6.757440898512342420e-01,8.045381443289102430e-01,6.863953292283371255e-01,6.810886784110974368e-01,9.095813706562312362e-01,6.762973685751598740e-01,3.505481576077765227e-01,8.020856087077153918e-01,6.399597976865333271e-01,6.007223750853372124e-01,3.896443570222999919e-01,6.849927722829320942e-01,-1.020922890576235476e-01,5.349359676258389484e-01,7.120553552197702585e-01,3.984963659926433199e-01,2.022101112950718815e-01,2.658258261261211008e-01,6.286024071147724435e-01,8.662972665322483667e-01,-1.997832533760710849e-01,5.047112387550632961e-01
9.785578468304139133e-01,6.366976641307571239e-01,7.425764640343570644e-01,6.466432934476786798e-01,4.664161494248857398e-01,3.021270085204530997e-01,4.479936308359664943e-01,7.285357156679520552e-01,0.000000000000000000e+00,7.680019567367929456e-01,6.278611481361089375e-01,7.810510669517438664e-01,9.350169914976380614e-01,2.105736258221218571e-01,6.329841353916084712e-01,6.261077352294910359e-01,7.560301091034125065e-01,2.689632569162895281e-01,6.314825465430332629e-01,7.201308894249669468e-01,9.876812746227481288e-01,6.529552059733153557e-01,4.931696730967922715e-01,5.392711991513274850e-01,1.759207563570440447e-01,6.669046953438425573e-01,7.448522868623285165e-01,6.843203921449110272e-01,2.000853727787477720e-01,7.129881836840665787e-01,3.311779379882785479e-01,4.291994907285232030e-01,7.562205690726194751e-01,9.862634085139587725e-01,6.920752781151220390e-01,7.949725947882421151e-01,4.732008342552956326e-01,9.730199265556891408e-01,6.008128809319726038e-01,9.667355199226402851e-01,3.528310444875147889e-01,4.861475906023848270e-01,6.987652230507745976e-01,9.337392801757398164e-01,9.786590590279460322e-01,8.411733690550741160e-01,9.183022390868361695e-01,5.303372689672254392e-01,6.826191760708865131e-01,7.975738822334019762e-01,8.126220053381992547e-02,7.930777761809899573e-01,4.653149146087134924e-01,8.969835875434538641e-01,9.726399592993953958e-01,6.973447561739088973e-01,3.760912678487794425e-01,9.512992492081734364e-01,8.133337669407505466e-01,9.881258168464441827e-01,7.957698542913169693e-01,9.761266814067520725e-01,7.327591932242231154e-01,9.402205108571251024e-01,9.530663493704493172e-01,7.906810786129170321e-01,4.467363567178871953e-01,7.921270018835200322e-01,7.143350113725042139e-01,8.138213663359272765e-01,9.356217894324718731e-01,6.012609330287626008e-01,6.982683541508203362e-01,3.512972118348344219e-01,8.572287986839609297e-02,8.780798348051283009e-01,9.218292466151170039e-01,5.252096743045807647e-01,3.133225623017072969e-01,5.582817722195111410e-01,5.505273626348778926e-01,8.603688129473561208e-01,6.768808052334025493e-01,6.361535536948396130e-01,9.177372550940436913e-01
8.407581948308737729e-01,7.618090936833834537e-01,7.458608610616564993e-01,8.477889522200725558e-01,9.940708432004822237e-01,4.567288348866605507e-01,4.318258030642770917e-01,5.170300388228916688e-01,7.680019567367929456e-01,0.000000000000000000e+00,9.944596667425584791e-01,9.407743223259317222e-01,9.465155747214302195e-01,3.363875438679091445e-01,7.043095998965135385e-01,5.759471704577476814e-01,6.244569777711048708e-01,5.567137619568880424e-01,7.390595403624420356e-01,8.754706000362360019e-01,5.741993456964213927e-01,6.602053727907445380e-01,7.681878976215026356e-01,9.748308710056524662e-01,7.239653598618817076e-01,5.223298659274522304e-01,9.514931619716187061e-01,3.989401122954210344e-01,7.135334708578675578e-01,3.148697362880590322e-01,3.687116231869246308e-01,3.759645871158637243e-01,9.771026785855169150e-01,6.985359532846387998e-01,6.512316818843999489e-01,4.843672346261278516e-01,2.341449017315019310e-01,8.514082390038880677e-01,6.472663400234311970e-01,8.597780445233034197e-01,3.765203671447546752e-01,4.536486296123811712e-01,7.583372962457165523e-01,7.987696298767110736e-01,7.776359598100742732e-01,3.942848181830223009e-01,9.012493682263071904e-01,9.371624166652527954e-01,7.253820741651291204e-01,4.809055593749770874e-01,5.607762009685773874e-01,7.540598360064735273e-01,6.577691842498879504e-01,5.617603893902607393e-01,7.344219407073576678e-01,5.237126230724999942e-01,6.615799141231892833e-01,6.832290016080631023e-01,8.667067229279770135e-01,5.859473824079443061e-01,2.236855639838622178e-01,4.837230066132036654e-02,9.648880727850586148e-01,7.733225291194281148e-01,9.426987862625045844e-01,6.300272033804016347e-01,3.690732496665458107e-01,9.188981899366548411e-01,4.948154149127453882e-01,7.254656181179144347e-01,5.481357072368747002e-02,6.936165078748389723e-01,5.688474681628321594e-01,2.587241317280929431e-01,7.714623018696434853e-01,5.098125044434254072e-01,4.294463523258630899e-01,5.695518537348616128e-01,7.808208381557828481e-01,1.210582177552040756e-01,2.463334948777481936e-01,4.622694977313422937e-01,8.898976103779862035e-01,6.417161768973246305e-01,1.848175025244679359e-01
8.794302918246680312e-01,9.476834318889204578e-01,-1.377249742731903592e-01,6.413052901703997222e-01,6.334665394359361157e-01,7.827453248655119600e-01,3.466880543782915325e-01,7.303758292629681792e-01,6.278611481361089375e-01,9.944596667425584791e-01,0.000000000000000000e+00,8.265532363253150772e-01,9.354738656451900836e-01,5.070113619361814594e-01,8.328898100880123279e-01,3.407159705724157606e-01,2.009903696565851217e-01,3.296733764100993613e-01,8.986134293523220240e-01,6.366020923909935236e-01,7.477197040582219678e-01,2.761171224316864015e-01,4.287753176479517925e-01,9.224532159296667810e-01,9.875543164676687802e-01,3.337254968320463311e-01,8.802096987259979688e-01,8.188513829363289753e-01,5.580844095402621718e-01,7.372440118874916681e-01,3.466950364944766383e-01,2.735577379566774825e-01,8.559874885306948400e-01,5.674864572089827197e-01,7.509826001804559281e-01,-8.718906664630722558e-02,3.561983669615517156e-01,6.872437892243495883e-01,4.759206720965986070e-01,8.460686558392529477e-01,3.323545909854573877e-01,7.655832095794350423e-01,6.227643712352952665e-01,6.781292004777957905e-01,8.328943011203323588e-01,7.968852000982024064e-01,7.472412995491013454e-01,8.133689231985453683e-01,4.086685129749116352e-01,6.119983291663555480e-01,6.444407277189901917e-01,8.396798509551983702e-01,5.347637726516982770e-01,3.349244043108386970e-01,8.369759982518168995e-01,7.941132444323448780e-01,6.342220876080205683e-01,8.455029793619307510e-01,4.403277623719866751e-01,1.936766311376120764e-01,4.715944288704587706e-01,6.534703572617310829e-01,3.579839913318888511e-01,1.384779121480530784e-01,9.342457870800654485e-01,5.872138777317300606e-01,6.055652918890921388e-01,9.523627620727809218e-01,3.392161169375623730e-01,4.593503224732764512e-01,9.645699472352221582e-01,4.140284438400707590e-01,6.452653455334280697e-01,9.273251785979229334e-02,6.428769145682156072e-01,9.843100315229960096e-01,8.221498135110970606e-01,3.210270265657591549e-01,5.895277937257616951e-01,6.944580661743298133e-01,7.021145410920383023e-01,8.718090541301558583e-01,7.785064346459066309e-01,2.199605848919488071e-01,9.954227675054181379e-01
9.354782561212320324e-01,3.244302270953496881e-01,4.345846405221366893e-01,6.791301815087354143e-02,8.073112753896825033e-01,7.867939743003077302e-01,7.988711749799356499e-01,6.890412062006882055e-01,7.810510669517438664e-01,9.407743223259317222e-01,8.265532363253150772e-01,0.000000000000000000e+00,9.889187547635275299e-01,9.494795639049709024e-01,7.380157345244704459e-01,6.749858352142732443e-01,7.302052869812628577e-01,6.092422574000850855e-01,7.080462688480827493e-01,8.263990441890026739e-01,9.193879890088466622e-01,7.023267422895688172e-01,6.938251642071915359e-01,6.347346692594255657e-01,9.626087262587271765e-01,9.733482417154628585e-01,6.305725644237202276e-01,5.635032822960927001e-01,7.283670284028160857e-01,2.498237791933509977e-01,1.220544089835797208e-01,5.889040608623461459e-01,9.268153448267379968e-01,7.713360341918863439e-01,2.415245392665325563e-01,1.364786939858444181e-01,4.695651953048579075e-01,4.899768526748869979e-01,3.626982667165249419e-01,8.677990658620777786e-01,7.935084830423435598e-01,6.320604066052721848e-01,7.806549946115853844e-01,8.480590964794310072e-01,6.573020011513868166e-01,4.396303036392752994e-01,4.778791526550213442e-01,6.658646905410815497e-01,4.800406743745477822e-01,5.163059308619192267e-01,6.891288492162624957e-01,9.440240401015526084e-01,5.409349085435652960e-01,6.279045009193414684e-01,8.363544427948655935e-01,6.047253035437990532e-01,6.206575955024175029e-01,7.128195087133557539e-01,6.781128171239891866e-01,7.108909485091260416e-01,2.492669445639932868e-01,5.233908354322570622e-01,6.495413399220564266e-01,6.902461987762800177e-01,7.225354805443349182e-01,8.176458241526004533e-01,6.776937797716120482e-01,6.133624950684805066e-01,9.661384947160172043e-01,8.502791332270686064e-01,9.062445528488362045e-01,6.507529896641348621e-01,-1.531525438081493828e-01,7.188533682743946107e-01,9.262062061202451790e-01,6.027308217316819094e-01,6.986061669247357608e-01,3.305190059420665682e-01,-1.142790418925276191e-01,2.283160731999052673e-01,4.478715150497810660e-01,7.434835503626867625e-01,6.537157729499684100e-01,5.154190028492391384e-01,8.166418116543168182e-01
9.575518898050783267e-01,8.875440554057825171e-01,6.777250061631890921e-01,1.923797123858579650e-01,8.733760211227674652e-01,7.929097565852651908e-01,3.051770106397507232e-01,6.446435181080940602e-01,9.350169914976380614e-01,9.465155747214302195e-01,9.354738656451900836e-01,9.889187547635275299e-01,0.000000000000000000e+00,5.970213122220987545e-01,9.329388154528204247e-01,7.973085642552490970e-01,7.498448233229849658e-01,4.439362181215372738e-01,7.919825078214315361e-01,7.436366958745342925e-01,6.878899056421711178e-01,7.907153474863816145e-01,3.356023565187347124e-01,8.878165741145893630e-01,5.056911606469529641e-01,8.076169558512975577e-01,9.444713833266251690e-01,6.369657893241289504e-01,7.357714073075735106e-01,3.868182997821915103e-01,-9.944300131980314539e-02,4.290953062427090847e-01,4.955795996620894761e-01,6.084869411158752017e-01,7.314173411063003005e-01,4.542339359088252287e-02,4.473163460106078237e-01,4.047810997319912785e-01,6.728564281525860613e-01,9.083993099295707419e-01,7.531943081919274530e-01,6.311794800304922903e-01,5.177916874951182802e-01,2.585383068813914553e-01,7.804395357205583528e-01,6.614051587084331940e-01,4.470311983872423678e-01,4.078873147570970525e-01,6.303620908676429435e-01,9.166971133408556849e-01,7.031712301370152129e-01,5.041939715849973469e-01,6.672466385994129112e-01,8.072173192549969567e-01,5.760208923024047190e-01,8.570261592563090947e-01,8.436884154522710233e-01,6.985162467808996301e-01,2.793763551478659624e-01,5.035713337958065694e-02,5.923773908715725955e-01,5.740640498616327303e-01,7.465036939255194071e-01,9.351956993742807089e-01,6.792580488436710251e-01,6.208146260781903791e-01,6.182778027016013755e-01,6.428125353340765624e-01,4.746677072572123013e-01,9.499471369199601334e-01,7.670901509415067876e-01,3.416006253874619841e-02,4.655139257433847932e-01,8.125095534818495002e-01,5.593456414945023880e-01,9.291098756648895618e-01,4.171737120936037657e-01,-3.244261439048554685e-01,2.394806823673044094e-01,5.904947319185189780e-01,1.891785840199006752e-01,9.125299906579413811e-01,9.906996274398935931e-01,4.908368126478861448e-01,6.909585953133737801e-01
8.854383058835030296e-01,9.259197597905127752e-01,5.622082256817982904e-01,9.559337920594372928e-01,4.003568094362369156e-01,7.287336963851310800e-01,9.786282817039777537e-01,8.184024210879312644e-01,2.105736258221218571e-01,3.363875438679091445e-01,5.070113619361814594e-01,9.494795639049709024e-01,5.970213122220987545e-01,0.000000000000000000e+00,3.607478547570182048e-01,-4.712057261849472711e-02,7.013238794189333714e-01,9.213067145355531284e-01,8.037933754894331928e-01,6.802819437710697636e-01,6.028377549852502737e-01,4.432832148536284267e-01,9.986560209493661189e-01,1.986241125329004098e-01,5.816710143831371749e-01,8.409160496124247208e-01,4.883984529033599253e-01,9.371286206296930432e-01,8.688009443563239342e-01,3.883749874708029015e-01,6.222338589814696563e-01,7.158736351498609096e-01,7.663831049961533637e-01,7.884357201534651916e-01,7.449172222712583391e-01,2.896198227776339840e-01,4.588437705073739603e-01,8.667242918671198559e-01,7.515271924749196142e-01,6.572214373533961096e-01,7.459628688810669983e-01,7.767501662659798134e-01,8.513660703159281473e-01,6.881711404147851097e-01,8.164650223258266282e-01,7.879935061703986499e-01,7.484192110168348400e-01,4.902963581402275950e-01,2.778487344544146032e-01,9.406960230755182506e-01,5.190136088969132810e-01,6.269713462694646022e-01,5.416164249977615253e-01,6.063867117094254855e-01,8.735229359939575833e-01,6.005746988161361211e-01,6.162123420742334767e-01,8.376579380486045556e-01,8.451371918782677461e-01,7.541515012639439242e-01,4.107562155269807169e-01,4.953225351305940438e-01,3.354189982553182903e-01,7.973309273113929896e-01,6.403286509286958417e-01,2.394646406646857018e-01,2.893477684291360652e-01,9.841903604853720067e-01,4.415402399851962589e-01,8.163940125399601344e-01,9.568904763893931742e-01,5.723355651988488724e-01,4.380453077030073694e-01,2.362742075226319793e-01,6.089347711192957258e-01,5.302428974845458942e-01,8.872318314421219210e-01,8.858956959681907328e-01,7.582140799905291439e-01,1.107630172556200165e-01,4.850802894070637694e-01,4.295543473259835765e-01,8.708752022456711650e-01,6.768438438025468074e-01,4.663033777857928941e-01
8.346442176428302551e-01,3.190971003009009099e-02,7.976529420972540141e-01,3.224965732219097769e-01,7.219658415957659336e-01,5.491118546590501026e-01,5.546866643538409525e-01,8.753157126640148666e-01,6.329841353916084712e-01,7.043095998965135385e-01,8.328898100880123279e-01,7.380157345244704459e-01,9.329388154528204247e-01,3.607478547570182048e-01,0.000000000000000000e+00,3.157327895557529018e-01,9.460663888265709032e-01,5.076183941737330008e-01,9.439526224523577813e-01,8.956770062539071153e-01,7.399373851294285265e-01,5.461980385671513227e-01,6.484581716426933706e-01,8.384167415312238081e-01,3.106805728631177321e-01,7.786209616522555832e-01,6.320039870522550229e-01,5.806965046355181403e-01,6.013451163736341920e-01,7.321809686317923838e-01,1.724967262161443138e-01,5.044776658901282129e-01,6.168016126124881149e-01,6.620697377942776907e-01,2.284362526067080512e-01,7.393012757958395964e-01,4.078710189138867181e-01,6.126080219727854104e-01,4.039986692893302034e-01,6.991675188579946632e-01,2.114004219917964000e-01,2.013719046942587521e-01,7.235039916506562641e-01,6.350586913931017818e-01,7.970401757819374211e-01,7.242365413046391032e-01,9.344334527047903904e-01,6.315474939351368722e-01,6.294090973847000781e-01,7.667882545812324535e-01,5.600978064176140858e-01,4.193734947153855419e-01,8.457784125237165496e-01,7.646487861482468285e-01,8.755417960288168766e-01,7.033371370111780596e-01,3.826557119061836376e-01,8.727479595164201465e-01,6.652020157703120162e-01,2.274784792939697209e-01,2.435256254518177732e-01,6.866850432686478767e-01,7.111282219102234015e-01,5.974356383803918202e-01,8.873639744723234024e-01,2.163478871853515562e-01,7.861208476839495196e-01,9.826578787613964305e-01,7.731704307987605773e-01,6.640453155073988700e-01,8.202768230287027507e-01,4.798832803450148177e-01,7.342700116577247638e-01,7.183089951985396349e-01,7.127628638644313286e-01,7.673890275247937653e-01,7.843931061270107419e-01,7.924219721170542297e-01,7.632547175281517715e-01,3.270261737771891219e-01,7.707858343750811914e-01,6.714793540395004312e-01,9.835944963189550139e-01,4.006369672838730467e-01,6.129278858825932819e-01
7.269989334926353353e-01,6.196433365142224314e-01,2.127445636110332217e-01,8.648588645753114701e-01,6.809133954655917087e-01,7.327304186752238158e-01,3.155376119298943238e-01,4.126052937152813738e-01,6.261077352294910359e-01,5.759471704577476814e-01,3.407159705724157606e-01,6.749858352142732443e-01,7.973085642552490970e-01,-4.712057261849472711e-02,3.157327895557529018e-01,0.000000000000000000e+00,9.126245597686764022e-01,2.631137629597583572e-01,8.794730563353533315e-01,8.248357216145834059e-01,5.148955223401709969e-01,9.572496570233011148e-01,3.127158106803720750e-01,8.046691993560063372e-01,4.808840420701286367e-01,7.609375419493416004e-01,5.983426226852495144e-01,5.277380389031387509e-01,5.261426628065457578e-01,4.481159495570843365e-01,4.433085349295647903e-01,4.814074597174056169e-01,7.067250573249181933e-01,9.429513943095710893e-01,4.298218575524996865e-01,2.888039387462973048e-02,6.276845089622186125e-01,6.005800652693853436e-01,7.333794000703041105e-01,6.688553066331918151e-01,6.351780731511321720e-01,9.290098877354696638e-01,8.815254187131364993e-01,8.457270280588141675e-01,4.049979383802106425e-01,8.823470260465652304e-01,7.118398356142430217e-01,6.745906488536490553e-01,1.883393141796479986e-01,8.646971665512971361e-01,7.283903136687723823e-01,9.518073988261019913e-01,7.622443420280342607e-01,9.294411294491043973e-01,7.501854969355189473e-01,9.130535646723594301e-01,7.778375436359529216e-01,9.196484848895238873e-01,3.639954816871698862e-01,4.960224038268997715e-01,9.103966580805884501e-01,7.363657305103092909e-01,6.369781056882015680e-01,7.805605054726999503e-01,6.609054657797663879e-01,8.152023191919880452e-01,6.378576595957043960e-01,9.202947752950115801e-01,6.614592448633636046e-01,7.941431943755268286e-01,9.975669507018298798e-01,3.983744669107410208e-01,7.342882731646263039e-01,3.839838598577710038e-01,9.461018282645514699e-01,8.491609790261771540e-01,7.652750758023635358e-01,4.916760688550292357e-02,6.392190792292651302e-01,2.494528214760156903e-01,7.365153133601456403e-01,7.605547609291409827e-01,7.076714206726971712e-01,5.765789333834365760e-01,8.256567722343254312e-01
4.487685208562315897e-01,8.362105041642655667e-01,7.437215019449637810e-01,9.748535540667213617e-01,9.247111874801898779e-01,9.176845661661192644e-01,9.044236373891594294e-01,9.817046158007378676e-01,7.560301091034125065e-01,6.244569777711048708e-01,2.009903696565851217e-01,7.302052869812628577e-01,7.498448233229849658e-01,7.013238794189333714e-01,9.460663888265709032e-01,9.126245597686764022e-01,0.000000000000000000e+00,9.820625696549742933e-01,7.059806864143741700e-01,8.781210482085379798e-01,9.350136909170259081e-01,9.908718335440808156e-01,9.972631152583459890e-01,2.991909072573502582e-01,2.414921637704998680e-01,6.065820879446349734e-01,2.735344031296828571e-01,9.315611937065211290e-01,2.299682562026959531e-01,2.020333788805570574e-01,8.012973934168761136e-01,8.008619388560573871e-01,8.917234841851113814e-01,8.054280310562813572e-01,6.066196888003383414e-01,4.757101215318537690e-01,5.359620425615420070e-01,8.401305551118216641e-01,6.262524187911683304e-01,6.114517252032768413e-01,1.119178196121456276e-01,8.114838153545568256e-01,6.334280859648985240e-01,8.372481890632511581e-01,8.207621002379725805e-01,2.749355837221755250e-01,9.469169603091396326e-01,8.177916652362144934e-01,4.390014694350423685e-01,7.256816077613379434e-01,8.665496087639699141e-01,8.394892570139977916e-01,9.480401088860966885e-01,4.751660767353830250e-01,2.830159939764443355e-01,7.834926553933957427e-01,2.453096290802887769e-01,8.971569181170994112e-01,8.513261529141367134e-01,3.708573837306724519e-01,4.868050164642329092e-01,5.595930260588156679e-01,5.133308924714289345e-01,6.422430344734104679e-01,7.087408523686921091e-01,8.440422418664352833e-01,7.981063811639320660e-01,8.882751285401778718e-01,3.632726825027963180e-01,8.073262163660821500e-01,5.019302826167920673e-01,5.278520554049415114e-01,5.183749293964026172e-01,2.602344159905459753e-01,7.803053450487903442e-01,8.381465829450625016e-01,5.003930279653718838e-01,9.846593722342008581e-01,4.443035521003945720e-01,2.529580669051407216e-01,5.634636469884966026e-01,6.790280342307241090e-01,7.846611248732004995e-01,3.220919436072462727e-02,7.640359446993065795e-01
8.458615629624147703e-01,6.329752207091494665e-01,9.855420581336598040e-01,7.233194612734832329e-01,2.930477197174939374e-01,5.085872334663117389e-01,5.724637967475370015e-01,3.612992529984913603e-01,2.689632569162895281e-01,5.567137619568880424e-01,3.296733764100993613e-01,6.092422574000850855e-01,4.439362181215372738e-01,9.213067145355531284e-01,5.076183941737330008e-01,2.631137629597583572e-01,9.820625696549742933e-01,0.000000000000000000e+00,4.755925538666539998e-01,7.087945098075134620e-01,9.874751559024376180e-01,6.201353969387611853e-01,5.988926801437256531e-01,6.434107598855924870e-01,8.115720426776205088e-01,4.543502887373340182e-01,7.136373215389416602e-01,7.678840987439564669e-01,5.210563059394561769e-01,3.514638895255469686e-01,3.715400428359915130e-01,7.097645476016496424e-01,7.363401464918938322e-01,6.816271888665351719e-01,4.458307693465309862e-01,9.767177620023848039e-01,4.569435409431192863e-01,7.799425506293363730e-01,9.347096985412490788e-01,7.606211856644887748e-01,5.684272947469126702e-01,7.870006101479634086e-01,7.296605154343721589e-01,6.194742239120482052e-01,4.717887973444495620e-01,2.572908211658988531e-01,3.150274733422560591e-01,8.838120231056721676e-02,3.541856875104856250e-01,6.812332861803077622e-01,6.783327847810454170e-01,5.618503460738308863e-01,8.658217760194550916e-01,6.959108442822939944e-01,8.596185367321539372e-01,8.277558209497427599e-01,7.370738444111821774e-01,8.075501972754114410e-01,9.915774237331667074e-01,2.477758389110588932e-01,4.671991384890344379e-01,6.063283613032303121e-01,5.847224041570688868e-01,6.178508609126729390e-01,8.788412078847789299e-01,9.382755515235380317e-01,8.014106256773760872e-01,8.432750697873642176e-01,6.107005808003069802e-01,5.524489941500914103e-01,9.584207692598422090e-01,7.927868577528890404e-02,7.559486024543775606e-01,2.313742579590035153e-01,6.919279174565022839e-01,7.353783554966150104e-01,6.811995542802036230e-01,8.206471796396271889e-01,1.763168311791072362e-01,5.748150305469370558e-01,3.307250228551449345e-01,2.076338381225594776e-01,7.277118734636262021e-01,2.877965164577724888e-01,5.613933394131945809e-01
