0.000000000000000000e+00,1.624164224012962232e-01,7.573595495119148646e-01,7.740178951215513914e-01,8.846683414395014600e-01,9.386577324968783387e-01,4.342864430699513445e-01,7.081310647418275206e-01,6.401162756883477245e-01,8.728596208751261409e-01,8.833560275297273057e-01,8.795463869705868465e-01,4.453439125245279295e-01,3.844816444251116794e-01,5.670634250744582827e-01,8.113027748116359295e-01,9.455867262142707563e-01,8.601204725110008775e-01,8.053552115005757628e-01,6.698025871554814659e-01,9.501082717031512637e-01,7.192450517866842974e-01,9.988377374575023726e-01,2.859239907514367629e-01,5.804257180507069735e-01,9.331266919784169112e-01,9.690774344406974938e-01,9.842037501149720757e-01,4.178499401748522191e-01,6.505394634670361720e-01,3.377430951224786870e-01,8.992670591148106407e-01,1.958165224832517787e-02,7.475910853234168929e-01,7.247689977104421200e-01,4.068808240116892350e-01,7.967477385712516957e-01,8.510918578686516023e-01,9.435825847056696913e-01,8.528721126144065412e-01,6.368286844391363166e-01,5.682001158400803442e-01,7.093406825571205720e-01,7.009487783819834394e-01,5.414802042539879068e-01,9.933065772961454654e-01,8.993171159849616680e-01,8.674481846925939932e-01,4.565383535038032847e-01,7.846714763302976570e-01,9.282681316845922126e-01,8.654767943988384005e-01,6.377287681548602372e-01,9.867378364904035859e-01,8.917759070330797400e-01,8.236097403777545845e-01,3.624348373404671086e-01,3.890510433780629551e-01,4.027878897693664140e-01,3.848487437041836490e-01,4.300605706875338385e-01,4.826440803790865708e-01,9.293627595658316976e-01,6.391603205798450649e-01,9.396405168412763631e-01,7.353987460772206664e-01,6.308161348595596740e-01,8.407594148281940516e-01,8.539502352428264276e-01,7.998023796030943044e-01,9.577867210077533056e-01,6.590544919431507997e-01,2.122036089131486558e-01,5.307076118644945550e-01,4.734628782133539215e-01,5.969892385197852480e-01,6.856689292692645932e-01,4.585235490547684423e-01,3.955387750598483021e-01,4.988710519361293505e-01,8.050742774249988187e-01,9.199425031492102223e-01,7.507485973572207705e-01,4.388497287791964241e-01,5.931894182832226914e-01
1.624164224012962232e-01,0.000000000000000000e+00,9.469269110275881918e-01,9.748743591480031334e-01,4.328744369163817218e-01,9.979022413956017967e-01,8.819057268175959363e-01,5.295163568190485170e-01,7.615834911550946051e-01,6.616565386179890096e-01,3.697391443560156254e-01,8.532641000875027526e-01,8.315134803947931141e-01,4.850846758923307300e-01,3.951811710051257309e-01,8.995876724006697245e-01,9.533719264583915276e-01,9.401521743904435180e-01,6.820272240457841972e-01,9.381253996432601383e-01,4.562879589164587912e-01,1.622160493188106178e-01,6.992303467867244660e-01,8.563180549142912490e-01,6.620089883266440101e-01,9.716413523645179851e-01,6.574493277821471526e-01,4.256077408040975785e-01,2.276501102115671971e-01,9.502647831541966017e-01,2.435564166861645119e-01,9.152982372307378878e-01,6.013866741458628873e-01,8.760815702236992575e-01,3.240980513183842060e-01,3.838708074003570614e-01,3.744164165645986198e-01,8.513218523831036499e-01,9.343684494748604186e-01,7.905225929663584061e-01,7.257865944248568235e-01,6.514691040340031547e-01,9.443495163876272080e-01,7.760919234483518725e-01,6.257547132276228830e-01,8.229775502271950982e-01,8.195739991984131168e-01,5.933679836634366822e-01,5.606909056041247119e-01,3.795081730108079698e-01,4.833863053556834988e-01,8.998527235051183570e-01,7.252146893742676959e-01,7.044024005409361688e-01,3.859556854631218670e-01,6.759977569141530918e-01,8.641153773973613283e-01,6.197518003639534978e-01,8.509328593435591115e-01,2.609536307794572130e-01,4.217255171076062514e-01,5.579095025096687532e-01,9.099722707855598669e-01,8.242184615301431094e-01,9.052250544126009268e-01,9.554401791812179301e-01,7.482835332855807264e-01,7.751180552195465756e-01,2.662295971778916304e-01,6.460232373574806841e-01,9.351064308848066053e-01,1.188476994374193380e-01,7.285847482242620021e-01,3.008746905543054906e-01,4.989873374017896879e-01,7.173467962150222865e-01,9.773466966699051461e-01,6.391720970252855460e-01,6.774991747406323706e-01,8.286890059250628590e-03,4.774467821786433364e-01,8.106638443922375981e-01,9.735701319641892892e-01,7.310687292188917663e-01,4.485138643729320584e-01
7.573595495119148646e-01,9.469269110275881918e-01,0.000000000000000000e+00,9.791576354606121857e-01,6.400698016517570865e-01,8.000832203499461670e-01,8.059704373001739253e-01,6.325786226294316528e-01,9.505157606423554340e-01,5.455069940690959740e-01,4.447880575372360479e-01,6.953736625377902048e-01,6.844912083161128757e-01,9.005913592266401313e-01,8.824843070035180981e-01,8.761991573445954140e-01,4.384032715454294071e-01,9.713335608307663849e-01,-9.721947205757952570e-02,8.504144185026536462e-01,8.467355800677298650e-01,7.815739575751829982e-01,7.350404026349577347e-01,6.935317259607072238e-01,8.385920616707638331e-01,6.287928132214349874e-01,8.315052291309349419e-01,9.046610170042745924e-01,6.136017921982260814e-01,3.992055874578107622e-01,1.207336889896808291e-01,8.389968152810870494e-01,8.146109634456464299e-01,8.074832987503351989e-01,4.734649212053374523e-01,3.907383374911633789e-01,3.260298090015364414e-01,7.938095987805253717e-01,8.359602633941707328e-01,5.388772913346979720e-01,7.801974341166120208e-01,9.581565644210214838e-01,9.250314315798185971e-01,8.460006938338920923e-01,9.129788023656886242e-01,8.792826283900865292e-01,8.040515707386425293e-01,9.674063336660705392e-01,6.195824104670782928e-01,7.143276595038405841e-01,8.230659302521433629e-01,9.044155270931305557e-01,9.509830046615895816e-01,8.586407445178101394e-01,6.917187927451294849e-01,8.230051000649515336e-01,9.322791086285164841e-01,6.303543532175558406e-01,3.445078436510495834e-01,3.740225660606373292e-01,3.895344157563908061e-01,9.902592699072981786e-01,9.700017450690756604e-01,4.766795263914234693e-01,7.380273663888420321e-01,9.365550955120938159e-01,6.387091113296125000e-01,9.140763135089224889e-01,6.539558612812111926e-01,9.648836786564838341e-01,7.863221255103849394e-01,8.405025339374585513e-01,5.568367883922986650e-01,7.546485084607074123e-01,9.764230477188071688e-01,4.201392256414017146e-01,8.923177439418610302e-01,9.865560353504164715e-01,6.267395792205847638e-01,4.483177833264355150e-01,9.031843054586703445e-01,2.063120257443624428e-01,5.340369992779332442e-01,3.107425673326721927e-01,4.386823412167839553e-01
7.740178951215513914e-01,9.748743591480031334e-01,9.791576354606121857e-01,0.000000000000000000e+00,8.864144061241261419e-01,7.116230014121633918e-01,1.060634833843757951e-01,5.701919629667071693e-02,9.599615216349264291e-01,8.728012488262114621e-01,8.771734819118924831e-01,9.884114795648006879e-01,4.620928775931762433e-01,2.619972878268344088e-02,8.178886776798353075e-01,9.293918304638881800e-01,2.199493837188309098e-01,2.022806744461003725e-01,8.000214399427842960e-01,7.069195499082974177e-01,7.681652971416682574e-01,7.490718613049627272e-01,2.504460908341121228e-01,4.135173359765784151e-01,5.347163512516521777e-01,7.412907948896126920e-01,9.869220435003331904e-01,9.267100554149205749e-01,4.693817769617778524e-01,6.954428548849093950e-02,4.271945040562807883e-01,7.873539682636980785e-01,2.219429142561340496e-01,9.880183144013897634e-01,2.452855350931496814e-01,5.725978333498944473e-01,5.589248257070907056e-02,7.332732743748717752e-01,9.127360662002298453e-01,6.816830836811679228e-01,8.030641440799489716e-01,5.337782748564957602e-01,7.594814130188694001e-01,6.762068929253330918e-01,7.614882055867220334e-01,4.048883210231203900e-01,7.059291000504523961e-01,9.655140119212508587e-01,3.269653996654691142e-01,7.419903366093728581e-01,8.459667418128327121e-01,6.317346883650024614e-01,9.120818662564230683e-01,9.294339408838593330e-01,8.741527011804718361e-01,7.186355921052330897e-01,6.775087160767276906e-01,8.626113489429506620e-01,9.502542861756270165e-01,5.364950208714822644e-01,2.620652842080981038e-01,7.419010140753923288e-01,7.983109622014306073e-01,8.748677213728603963e-01,9.964865636078725775e-01,6.302382737031316795e-01,7.659938601187931129e-01,7.489633459659802428e-01,1.516996388731260414e-01,4.524659042553908495e-01,7.060536895670492807e-01,7.653645937037303337e-01,9.170650614086675034e-01,5.028658222073461026e-01,7.186249093700610713e-01,8.830046393440015295e-01,7.015873322337083939e-01,6.273763519748755124e-01,3.147503173958846601e-01,5.935932080314223480e-01,5.165277613018122160e-01,7.155384926503879361e-01,8.095533447716952713e-01,-1.149006082239591026e-01,9.741385070860395512e-01
8.846683414395014600e-01,4.328744369163817218e-01,6.400698016517570865e-01,8.864144061241261419e-01,0.000000000000000000e+00,9.073531368979899092e-01,7.747517793752712878e-01,6.198194133361374369e-01,2.431157847410209683e-01,4.721763606971248750e-01,7.880869153852205766e-01,2.680098455143569702e-01,8.578535720558062572e-01,8.393859391101153866e-01,9.618450261555147041e-01,8.181041647665275862e-01,9.969572616047557290e-01,3.846217875351757298e-01,9.775029053888438790e-01,7.361266387250602339e-01,8.621454019912244693e-01,9.227861250656514969e-01,8.351693197154036463e-01,9.293725890169585169e-01,6.020974182419708276e-01,9.024152658023131268e-01,6.245245426778467390e-01,9.981864848378403376e-01,4.357836650000268541e-01,5.318415968701519780e-01,4.154895940248315989e-01,5.879774846160159552e-01,9.397820599225645832e-01,8.290800062543206561e-01,4.956881383925772488e-01,6.670780948043766312e-01,7.079335932319475999e-01,3.748871220915206675e-03,5.600448657917116435e-01,5.791289685194775938e-01,3.386647459025512452e-01,7.019859097419425265e-01,6.315315306463675782e-01,9.708050243236312493e-01,6.698885635486857559e-01,7.549963048404675359e-01,9.661374090988431584e-01,7.279514405355911322e-01,5.794152362133859757e-01,6.515538943822359874e-01,5.297913673148912928e-01,8.585545271126284739e-01,9.602446972708741368e-01,8.813544819999938884e-01,8.162185719138590478e-01,6.328512849837437670e-01,6.512214586683526818e-01,7.803563473355463742e-01,5.472687218009798515e-01,5.490995130309868077e-01,-3.593147307953140634e-01,3.126203222933786607e-01,9.722455589555698552e-01,6.697339383987159778e-01,7.318882849938798119e-01,6.484148869270986992e-01,6.083559237915949769e-01,6.136902279556850637e-01,5.583407995196275619e-01,7.675906617870780213e-01,7.551253928737561294e-01,6.777744785440731334e-01,-2.668076987932435085e-01,8.033888257156419632e-01,7.049374097435170405e-01,8.457490056128000866e-01,7.657437878763106998e-01,2.843879490471694083e-01,2.434069415871031317e-01,2.010484299921119766e-01,9.648350720932663549e-01,4.096791290144630726e-01,9.947733743799278550e-01,6.583836269998781798e-01,7.109737547935386370e-01
9.386577324968783387e-01,9.979022413956017967e-01,8.000832203499461670e-01,7.116230014121633918e-01,9.073531368979899092e-01,0.000000000000000000e+00,3.560707553091269073e-01,4.964014930686443394e-01,6.158917528414469267e-01,5.210594617096390158e-01,8.577219126065740440e-01,5.188491189625026312e-01,2.456945610902453447e-01,9.921520278940226811e-01,3.100411200212527252e-01,7.974101088467867582e-01,7.735498834589331629e-01,6.353376106763797271e-01,6.241618028720455902e-01,5.936602896375662297e-01,9.927246405693181952e-01,6.843970741132250346e-01,9.045212672445912538e-01,4.581378684083380337e-01,6.362882623904857482e-01,9.847118271824017999e-01,7.604577075653733420e-01,5.589656429345198907e-01,2.088031254013701377e-01,5.448713284142743252e-01,1.922973874826762186e-01,8.076424188642139512e-01,7.379571726109973584e-01,4.222481519563983654e-01,2.935265244097694515e-01,5.538669608871923389e-01,2.597419643715827564e-01,7.507700160580129678e-01,8.093071824228795785e-01,6.337144867463955222e-01,-1.882736541894097781e-02,8.179652192449731185e-01,6.988192528303697193e-01,3.885432654684646270e-01,8.740497512703410132e-01,5.408115811421626562e-01,5.406375124888278538e-01,7.469941835195993418e-01,7.911622820856969440e-01,6.758936043738835719e-01,7.980263894710163397e-01,6.548975132896226459e-01,7.037399756804630924e-01,3.814358530008646331e-01,6.183077061279460551e-01,7.190715213319082144e-01,9.991783156139846245e-01,6.070969067953669862e-01,8.717973839654100665e-01,4.254977561358108673e-01,-1.473970778064178089e-01,6.929709689592234052e-03,9.601817421390532736e-01,6.892625706267493380e-01,9.028268392232770001e-01,2.325542420986152214e-01,6.934673527363650614e-01,8.119312076508876652e-01,5.057448163052146173e-01,7.334744185965703656e-01,8.715506871921012699e-01,6.038551807504053404e-01,2.657024356920184571e-01,7.539201894658853487e-01,6.647151580505361590e-01,7.553417542438337628e-01,4.565977824638549065e-01,6.428868437806533054e-01,4.236576347677909610e-02,4.708452912837816084e-01,6.203629794736560399e-01,9.938864823077717681e-01,7.862937993511156520e-01,5.650660236327156305e-01,5.525639119798322341e-01
4.342864430699513445e-01,8.819057268175959363e-01,8.059704373001739253e-01,1.060634833843757951e-01,7.747517793752712878e-01,3.560707553091269073e-01,0.000000000000000000e+00,3.358262479957974111e-01,5.728312160133893771e-01,7.276334153763622248e-02,4.419983248581445534e-01,6.794123225649084663e-01,5.925741656350926867e-01,8.857926620474024793e-01,4.321674752214503257e-01,3.632357925775218099e-01,6.950350348589625638e-01,3.196508141889026211e-01,5.754457746685485153e-01,6.868407280473762810e-01,5.218936685009981646e-01,6.519499137019879598e-01,9.630349419887107576e-01,5.552336622699928226e-01,6.674302393153932478e-01,2.781083977737392465e-01,7.951296789666715270e-01,4.321182867148624651e-01,2.011256648227633670e-01,5.091370935229656558e-01,3.978228166072879102e-01,4.979821305920569818e-01,9.897613284576893822e-01,7.387546679128053073e-01,4.024720165943340699e-01,3.003611034871677132e-01,5.361089986757640036e-01,7.856661338552797247e-01,8.399092574911892761e-01,6.090638712594244053e-01,3.037993464091643392e-01,6.891384495942509680e-01,6.567592899804445272e-01,3.661910220302412311e-01,8.246640738871504617e-01,3.900607571275486185e-01,6.408834493784292263e-01,7.987553589846394519e-01,4.323503114409217307e-01,8.186986693011625293e-01,6.853591829537478697e-01,8.911489450993417272e-01,7.079981028638053786e-01,5.604697645680742912e-01,6.850781752084535992e-01,6.768285767202483205e-01,6.858282913235654865e-01,6.436882290890947322e-01,4.705079684059663148e-01,6.109108174820380155e-01,5.383847551748695004e-01,7.070919518576581630e-01,4.979668656791069736e-01,7.364726240686458869e-01,8.533340951124206430e-01,7.811109649095550056e-01,7.394613888694165915e-01,8.601415512228318683e-01,6.156145260368524053e-01,2.396734074121222302e-01,5.259528392368372218e-01,1.978707231019039003e-01,4.543768337848648753e-01,5.183277857701302782e-01,7.246446367760368545e-01,5.128400910343585695e-01,2.853399329396256734e-01,2.556475288555656311e-01,3.461841250622927912e-01,3.362722918141139994e-01,8.930187160067885044e-01,5.328377606105371145e-01,6.185541680254422747e-01,7.346600731262882267e-01,6.441677751746540670e-01
7.081310647418275206e-01,5.295163568190485170e-01,6.325786226294316528e-01,5.701919629667071693e-02,6.198194133361374369e-01,4.964014930686443394e-01,3.358262479957974111e-01,0.000000000000000000e+00,3.207568592131319063e-01,7.629705017056305216e-01,7.105070573688947455e-01,8.981337365663686345e-01,8.036186410852375062e-01,5.782175512645690851e-01,7.257329721436696079e-01,5.392792839902349478e-01,4.769232118724508473e-01,4.629694818415209800e-01,6.441558932238724555e-01,9.150660952116589364e-01,8.757945154957866851e-01,8.687349208255826793e-01,8.990135447780457367e-01,4.478909383571609282e-01,1.413761286676254725e-01,4.434624785360612997e-01,9.750918052886721477e-02,5.017713764110989239e-01,6.590111064392728535e-01,4.512036291349226791e-01,1.405023774145594539e-01,4.907974944546679152e-01,4.170044628594571923e-01,7.030824183332609056e-01,3.687099391012889082e-01,6.719274326807064268e-01,3.613359354151401970e-01,7.313657246427028857e-01,9.382231665445619484e-01,6.517949201485564448e-01,2.813613928171726508e-01,8.268769101276020050e-01,5.993350245744379912e-01,8.794122498566682156e-01,7.847238184235496572e-01,4.612657308890972807e-01,5.153931235506211683e-01,4.897872699346727532e-01,7.835380004503202933e-01,5.599633703375473948e-01,8.444282967175900101e-01,6.295821149882508960e-01,8.972341586988333839e-01,4.937983047136785819e-01,6.694135538615848535e-01,5.071163028259693117e-01,5.387727489475772069e-01,4.832178782924207439e-01,6.461488316394801146e-01,5.482682837547527832e-01,4.147841346071836077e-01,7.694328450573847400e-01,4.190445713626771984e-01,7.929702832483093156e-01,6.275153074292544320e-01,5.951780958328749538e-01,3.562107798320044427e-01,8.483695487621586429e-01,2.258990822236590090e-01,8.800961012490329249e-01,5.653079284656165049e-01,6.496881629245954137e-01,5.255800209869810891e-01,3.380305901179588846e-01,7.361847232165636967e-01,4.938570208422301544e-01,9.006274929370228222e-01,3.561565512169044823e-01,7.033612737118184466e-01,3.731300596585078733e-01,6.832463658082309488e-01,9.608928681597074251e-01,8.972592652549393755e-01,8.048868613696146257e-01,7.795032975247684348e-01
6.401162756883477245e-01,7.615834911550946051e-01,9.505157606423554340e-01,9.599615216349264291e-01,2.431157847410209683e-01,6.158917528414469267e-01,5.728312160133893771e-01,3.207568592131319063e-01,0.000000000000000000e+00,4.366324702077553077e-01,5.532890918197841401e-01,1.964915424230980201e-01,9.797619385434364059e-01,8.586815878657834133e-01,4.779556019632758002e-01,9.065455241454917212e-01,9.441526222159117854e-01,8.974139771404516797e-01,6.693133399486890234e-01,4.918648255225745447e-01,6.614871491750511368e-01,9.996851905629705604e-01,7.006320528729423902e-01,4.584472360555168491e-01,6.858349308454966264e-01,1.399487537680470239e-01,9.809034665231273209e-01,9.461343589725224046e-01,3.714885416161332055e-01,5.024977841529015832e-01,4.173527735735549915e-01,7.545801989927884978e-01,9.851763900040217958e-01,6.679696888598598559e-01,4.705748356159169532e-01,4.443238578587422882e-01,-1.436232235580895966e-01,7.249331639614604583e-01,2.858743237187826303e-01,9.320646835283644682e-01,5.179818229925557960e-01,7.799395871211309839e-01,4.789445741381789801e-01,2.497766345500874174e-01,4.685893044463514401e-01,6.372234681720040372e-01,6.938248163071129015e-01,5.486333456409219211e-01,7.342984936008856156e-01,5.340881679495429468e-01,8.224857061699273331e-01,9.556875921363812143e-01,2.165698080702726791e-01,4.298004248186147458e-01,8.273836710308324349e-01,9.419938330059980380e-01,5.425216905222511876e-01,8.317028696535427867e-01,3.697654550529698714e-01,5.948979647582102182e-01,4.653594158379944501e-01,5.062498480683725877e-01,9.415070876434332714e-01,9.159037437499449874e-01,9.545155025003391192e-01,6.671891415468746978e-01,6.051559952613788651e-01,6.152634053445229512e-01,7.947294884182526387e-01,5.262785049261105019e-01,9.531988948254042082e-01,7.045148459154355614e-01,2.808147983347265009e-01,1.385033121267798539e-01,3.007672529512345205e-01,9.685914450543036125e-01,6.844277582422466644e-01,5.652059250047329897e-01,-9.587758902312708276e-02,2.016903745881233889e-01,4.621865195843784524e-01,6.407564260660171263e-01,8.118651982048733506e-01,7.082354113804493201e-01,8.077444545738998727e-01
8.728596208751261409e-01,6.616565386179890096e-01,5.455069940690959740e-01,8.728012488262114621e-01,4.721763606971248750e-01,5.210594617096390158e-01,7.276334153763622248e-02,7.629705017056305216e-01,4.366324702077553077e-01,0.000000000000000000e+00,7.425654663162459812e-01,7.721872055369549681e-01,5.602963809922181238e-01,6.876663298077989595e-01,8.694353986395612077e-01,4.550463045094876313e-01,9.331433485812743456e-01,6.024751118710743869e-01,3.240107992429462902e-01,5.948665873017693340e-01,9.306372405133610526e-01,6.198541175515074331e-01,7.245846937342188543e-01,7.717280418315018986e-01,5.577385443161141376e-01,8.647869563218399946e-01,8.457346731687418462e-01,5.048015299487294133e-02,1.514956350111871519e-01,4.275452292972362067e-01,7.217279554457902702e-01,9.229228098050076268e-01,9.887738974602428010e-01,4.352226589830907599e-01,8.704415382140071600e-01,2.194570901963993348e-01,3.594793516113308218e-01,6.689059504029992720e-01,4.060983045138623626e-01,4.198996681287457400e-01,2.124614235470928814e-01,6.001813868598513402e-01,5.559030679323707647e-01,6.511028585807449032e-01,8.077209878999176418e-01,5.785315810810620629e-01,9.321093115284251329e-01,7.683034135252325703e-01,8.082623478984722887e-01,2.601019525815735922e-01,7.163260800227101432e-01,8.169805644011141066e-01,7.016190105418977918e-01,6.859383969112824442e-01,9.294944169541403678e-01,9.162414551490087877e-01,7.809370166128660751e-01,9.492609327668343200e-01,5.465009059578803674e-01,7.511111689707441474e-01,4.283555119071837947e-01,9.699274850385688485e-01,7.471855838186627352e-01,8.302502155561000130e-01,9.689753632669418915e-01,6.148038055709043048e-01,8.598395326316577991e-01,4.801539447264319138e-01,4.012838610289830577e-01,6.561101757883086583e-01,2.482055042495386887e-01,6.940952159068234373e-01,6.760643804692387793e-01,6.873424845629507729e-01,8.167920717299717581e-02,9.200570935700984609e-01,6.690360950096350123e-01,4.611404580653793994e-01,3.843692792725630913e-01,3.275741132200706840e-01,4.948178569839198904e-01,8.976719659668055407e-01,6.360368639214831754e-01,6.071024211510397395e-01,7.052212339489341009e-01
8.833560275297273057e-01,3.697391443560156254e-01,4.447880575372360479e-01,8.771734819118924831e-01,7.880869153852205766e-01,8.577219126065740440e-01,4.419983248581445534e-01,7.105070573688947455e-01,5.532890918197841401e-01,7.425654663162459812e-01,0.000000000000000000e+00,6.518553352167368864e-01,4.206705066979929963e-01,7.254430635650215287e-01,2.689592636143449678e-01,4.186795988735831919e-01,1.888091404665084572e-01,7.165051166295586249e-01,7.672983194990078415e-01,9.882417216137107108e-01,5.407231572449002766e-01,4.803851434840050172e-01,8.513801955997319926e-01,9.443200277966538048e-01,5.207073578126624191e-01,7.733221942216795819e-01,6.588366498396660553e-01,6.703638170644512506e-01,-1.493570989999538079e-01,2.781870693540837158e-01,5.294331363022271031e-01,2.188255860724757362e-01,3.326811748420714365e-01,8.024749395521417750e-01,7.035812133785930289e-01,7.518482235337936581e-01,2.752761092292448919e-01,6.606230164192615772e-01,6.920151195942545463e-01,6.705290299617521210e-01,2.214674987930656258e-01,4.806614240126748649e-01,9.750652189093462763e-01,8.818802812295166715e-01,8.739665975139951914e-01,4.484792507323000499e-01,6.922886937078384095e-01,5.571742273767832376e-01,6.279649899837793647e-01,7.569005023290984457e-01,5.133486037422292370e-01,9.506076881389140532e-01,7.706566200234348241e-01,6.780246423944122913e-01,9.575560962053225600e-01,8.201491560857807617e-01,7.418557546692786664e-01,8.899202992632995191e-01,7.834709611121956074e-01,2.172727410663174985e-01,4.872173680616450619e-01,7.664209954131074864e-01,7.658458245987270763e-02,6.298870965007258294e-01,8.123472499396009461e-01,1.009915471987432450e-01,7.056056787472448910e-01,3.689231847611545989e-01,7.425133794443410373e-01,9.132621405033354289e-01,7.871735612454053843e-01,9.307131706881415223e-01,5.145965979382769451e-01,2.005757848764308238e-01,3.542011890017988662e-01,5.225251341103763769e-01,6.836590832817089902e-01,6.933876740980683406e-01,4.735468733632826055e-01,6.374973912926856778e-01,4.544913712766423530e-01,6.861483843800962878e-01,4.862574119087498814e-01,9.843720980588981373e-01,5.623074038277302567e-01
8.795463869705868465e-01,8.532641000875027526e-01,6.953736625377902048e-01,9.884114795648006879e-01,2.680098455143569702e-01,5.188491189625026312e-01,6.794123225649084663e-01,8.981337365663686345e-01,1.964915424230980201e-01,7.721872055369549681e-01,6.518553352167368864e-01,0.000000000000000000e+00,9.594429300330981070e-01,6.285058057293786415e-01,7.638126594344538667e-01,7.955030843091633885e-01,4.184536608669173763e-01,5.919551250341366089e-01,3.482288859354928379e-01,9.108557191930571895e-01,9.811131139256755729e-01,6.327295192129859247e-01,6.727722906488425858e-01,8.925679352687768686e-01,5.406508981017534854e-01,3.635684754438938127e-01,2.668125186767939527e-01,8.174209001903740557e-01,6.703203481810212638e-01,4.259994301091799551e-01,5.417340031448956150e-01,4.460030300968456096e-01,8.122541854876951239e-01,6.702138708734497463e-01,9.733191133120355776e-01,3.082949675293322200e-01,2.571199604722747556e-01,6.694588436613005955e-01,6.041887264456690110e-01,5.174099418395041727e-01,3.332176890954797743e-01,2.913805271627075699e-01,9.210533439349462004e-01,3.451237079512667894e-01,6.610159107080835206e-01,7.787868939726548811e-01,8.490014167131545442e-01,2.148204684415100929e-01,5.867617375777256505e-01,7.054558090587267349e-01,-1.892544234996884067e-01,6.512640018865202274e-01,8.870011147008620700e-01,7.883341358409649002e-01,9.715676359808883555e-01,6.626770241223005620e-01,7.920745450221794437e-01,6.572499192646291677e-01,7.197486084982259724e-01,3.707888154954545046e-01,4.925176502732606099e-01,4.262429557579994199e-01,8.417068463176746729e-01,7.448795091433272342e-01,7.588816425427102885e-01,4.936954404000011287e-01,6.396342822798791738e-01,8.620633388941735253e-01,7.280837646886785253e-01,3.279303632842811567e-01,8.959513385047072065e-01,5.082770455178114988e-01,1.398484235470931758e-01,5.351838493751083226e-01,3.725845804641856329e-01,7.073540401211892981e-01,8.988783211643115445e-01,6.381388468419832982e-01,4.614848429996932788e-01,5.280592193224032949e-01,8.630573857356931278e-01,6.541226472709921191e-01,7.689887648882230975e-01,5.742709270038492964e-01,6.242463955447904445e-01
4.453439125245279295e-01,8.315134803947931141e-01,6.844912083161128757e-01,4.620928775931762433e-01,8.578535720558062572e-01,2.456945610902453447e-01,5.925741656350926867e-01,8.036186410852375062e-01,9.797619385434364059e-01,5.602963809922181238e-01,4.206705066979929963e-01,9.594429300330981070e-01,0.000000000000000000e+00,2.267914993223553166e-01,7.565639158301045164e-01,8.247428108350738363e-01,7.437442348930785041e-01,5.897753077285217138e-01,9.345146103667663073e-01,7.540658146462451139e-01,5.614193623298446845e-01,6.896643050131484598e-01,9.374234063794897320e-01,9.782282596152211962e-01,6.375754381229954415e-01,8.711552916144520431e-01,8.605873680547722060e-01,6.981766269474447562e-01,2.555002999199507130e-01,4.950034389795775480e-01,8.912783902959202642e-01,6.032437065366423878e-01,5.160640510038010387e-01,7.831220259095843517e-01,6.046599010564449594e-01,3.703009434425744706e-01,1.052969136941076800e-01,3.058696506375506163e-01,4.427115051385768774e-01,4.200916078110937812e-01,5.226360867619792572e-01,4.019992289237559469e-01,8.768494232895338580e-01,3.301708246020559900e-01,8.973724765653786628e-01,9.174332654602074255e-01,6.939826817243218704e-01,7.837150319269837739e-01,9.394209073452529646e-01,5.473090891201917163e-01,6.127221511684950439e-01,4.402621811152462317e-01,4.572026031718707251e-01,1.835520514524748570e-01,6.899306898172841152e-01,8.767973857592870068e-01,7.938532792162149576e-01,7.568558861584180342e-01,8.325533530609448007e-01,5.654781558243182626e-01,7.079044416863941036e-01,7.725181399487164313e-01,4.741337490176557590e-01,7.412840125019287685e-01,6.619949145157453252e-01,7.003454555875584520e-01,8.208106740251394084e-01,7.107608781133550879e-01,6.828047982433743668e-01,2.150564333565823938e-01,6.729284302888223213e-01,4.763714053111242630e-01,9.868130855227421616e-01,2.416281925090666693e-01,6.465204494952152547e-01,7.742189797700124165e-01,8.735616439031874680e-01,8.174582508594473440e-01,6.615024913410535445e-01,3.207318082452937924e-01,3.085749098518928979e-01,9.992172811530027898e-01,8.093036733677607675e-01,7.523016303746818956e-01,7.132392676732628445e-01
3.844816444251116794e-01,4.850846758923307300e-01,9.005913592266401313e-01,2.619972878268344088e-02,8.393859391101153866e-01,9.921520278940226811e-01,8.857926620474024793e-01,5.782175512645690851e-01,8.586815878657834133e-01,6.876663298077989595e-01,7.254430635650215287e-01,6.285058057293786415e-01,2.267914993223553166e-01,0.000000000000000000e+00,8.423324430128033002e-01,6.186426701912023374e-01,5.073482985394687228e-01,7.023408189989697181e-01,7.783867968289455153e-01,8.603600508390977231e-01,9.030715126925454861e-01,6.396432446533396599e-01,8.657371282920913735e-01,8.706508356470653576e-01,5.319949277381608166e-01,5.426056647928570453e-02,9.354718634309072689e-01,7.693126976976868425e-01,7.494975489328568052e-01,4.176891255148759696e-01,2.828089057924800254e-01,8.546518406157055381e-01,7.012114419685175903e-01,4.839593896868900624e-01,8.544639635483802786e-01,2.341267506949586685e-01,1.895344390692508402e-02,8.045034876045467076e-01,3.407227390512003184e-01,5.472392198424731458e-01,2.922858616556240907e-01,4.669101683113277557e-01,3.306164831398288872e-01,3.982881028759185371e-01,9.287392661028893714e-01,6.685618389310102883e-01,6.064274156510228719e-01,6.420201948673069925e-01,5.400402694616214250e-01,3.384990701354922971e-01,1.981508252729143882e-01,9.947397570154653534e-01,7.953535918947574057e-01,7.243000025850552248e-01,4.245699417369782624e-01,4.056686034685269004e-01,3.255124437390451986e-01,2.472244620715376429e-01,6.265150385557303192e-01,4.455554683957391737e-01,4.723970499100406117e-01,5.017320291708685653e-01,9.493353292496862217e-01,6.474549601596866211e-01,4.902644888744399077e-01,4.793397701176381198e-01,6.620765544521362012e-01,9.384552077826137095e-01,2.843105348207049521e-01,9.456828774858649922e-01,7.195918195776636050e-01,8.934045950499569511e-01,7.809057997380373095e-01,1.175477652807861012e-01,5.317566620247188292e-01,6.883953012786262482e-01,1.488646523944194555e-01,9.297694982520470219e-01,6.521384153408615880e-01,4.874007129961696605e-01,9.512725913068343919e-01,5.621397600110692450e-01,7.477174824494966510e-01,7.817026379645860557e-01,3.235713413025721463e-01
5.670634250744582827e-01,3.951811710051257309e-01,8.824843070035180981e-01,8.178886776798353075e-01,9.618450261555147041e-01,3.100411200212527252e-01,4.321674752214503257e-01,7.257329721436696079e-01,4.779556019632758002e-01,8.694353986395612077e-01,2.689592636143449678e-01,7.638126594344538667e-01,7.565639158301045164e-01,8.423324430128033002e-01,0.000000000000000000e+00,4.657843872778005267e-01,7.435017749183802094e-01,6.505269174060842596e-01,4.177781171984071840e-01,6.363664932913397632e-01,8.934870079653104424e-01,7.341383443841171808e-01,8.545979621995704045e-01,9.407852820850092224e-01,1.226034429450041235e-01,6.835088209803686921e-01,8.541824543063429864e-01,6.821045333953792422e-01,4.675415499752359483e-01,5.607129823902924359e-01,-6.055312036616600224e-02,9.103033666266115986e-01,6.752361296097183496e-01,8.421811484201171538e-01,6.814062294560585542e-01,5.782311733879543780e-01,6.346027947106069877e-01,5.389764029350033736e-01,4.080370886302900901e-01,7.611676838277121604e-01,2.528436492194245933e-01,6.776461224318781618e-01,9.376576003189647235e-01,8.654611277522600288e-01,2.431867692364657330e-01,3.734846293089366664e-01,2.828359032514801696e-01,8.184822804801604734e-01,8.149659576313219578e-01,7.684465192767204744e-01,4.054353452196045593e-01,4.546811203718427175e-01,8.449712833796878542e-01,6.279335133435756111e-01,4.369547158993473679e-01,9.273327007809567535e-01,6.221934014232822774e-01,9.621970834231633463e-01,6.532903030084142859e-01,1.359418891373296023e-01,4.244224134850871910e-01,6.390641827405576514e-01,5.969968784349457547e-01,7.057464185114350474e-01,9.793483406770592259e-01,5.105490335005739011e-01,9.072382068714772707e-01,7.079726640422655537e-01,5.102289877140883112e-01,5.816542397041635226e-01,9.653147407915734224e-01,2.131379417370507512e-01,5.752683957863097275e-01,5.911796025631033125e-01,4.473598358437859135e-01,6.853657080444490735e-01,4.383237379087945307e-01,6.750709625166791961e-01,5.674963705199308484e-01,4.417997580420333636e-01,2.630255734878299556e-01,7.324616816048803436e-01,9.468147538209015224e-01,2.935162215861517043e-01,1.452002003110897110e-02
8.113027748116359295e-01,8.995876724006697245e-01,8.761991573445954140e-01,9.293918304638881800e-01,8.181041647665275862e-01,7.974101088467867582e-01,3.632357925775218099e-01,5.392792839902349478e-01,9.065455241454917212e-01,4.550463045094876313e-01,4.186795988735831919e-01,7.955030843091633885e-01,8.247428108350738363e-01,6.186426701912023374e-01,4.657843872778005267e-01,0.000000000000000000e+00,6.995095974502726355e-01,7.046015640801990276e-01,4.767786980956411069e-01,9.179609278127652816e-01,7.775671418598555373e-01,5.389333304684408299e-01,8.981791788026421974e-01,8.393018892128834008e-01,7.747566668389784805e-01,7.643349821638075747e-01,7.333284457489058772e-01,7.705239067415818877e-01,6.763697645145223536e-01,6.119316459759599480e-01,4.212695429091111721e-01,4.291609247404910565e-01,9.455101954114111251e-01,5.611540380618007529e-01,5.663781164075198937e-01,7.750938155658338991e-01,7.620895214210759994e-01,1.199654609234804270e-01,8.909083174316437814e-01,7.487130826899004443e-01,1.494849077979839846e-01,6.164903132936127017e-01,7.056497357235946843e-01,8.850794990058120648e-01,7.293713778271360137e-01,8.278951351705526873e-01,6.072397969103648929e-01,5.092888415271704661e-01,7.494953048860304445e-01,7.506277225925135355e-01,6.441082022503201721e-01,-1.063493019001907069e-02,3.187081618092080237e-01,6.144896439424534229e-01,7.128128332878642670e-01,5.117841902771645968e-01,5.232784833794452695e-01,7.255186404597537830e-01,8.259251103408039585e-01,3.514287533199874636e-01,6.280126533810969081e-01,7.786491792577835414e-01,7.448566287961637666e-01,9.261204230856245889e-01,2.913379054771995658e-01,9.507613878475779101e-01,8.394216048808098574e-01,8.275160056970378708e-01,8.701611392950042712e-01,9.319791343431801378e-01,1.732600587845694873e-01,5.147110068887950085e-01,6.465708264584344445e-01,2.702845359024634853e-01,5.798399134018831225e-01,4.014476754714779716e-01,6.301598627288272914e-01,8.248182873805747217e-01,5.244073114123092294e-01,6.780154489431157172e-01,2.896006572498944776e-01,6.738076767503562436e-01,9.759436369543692535e-01,7.906454106585314445e-01,7.971800034218410325e-01
9.455867262142707563e-01,9.533719264583915276e-01,4.384032715454294071e-01,2.199493837188309098e-01,9.969572616047557290e-01,7.735498834589331629e-01,6.950350348589625638e-01,4.769232118724508473e-01,9.441526222159117854e-01,9.331433485812743456e-01,1.888091404665084572e-01,4.184536608669173763e-01,7.437442348930785041e-01,5.073482985394687228e-01,7.435017749183802094e-01,6.995095974502726355e-01,0.000000000000000000e+00,4.726283124135203795e-01,9.796202048168491938e-01,9.901341534551104662e-01,9.380108722355937623e-01,9.134684355285547230e-01,6.925944475311817117e-01,2.215096968355405871e-01,6.348907100082831212e-01,6.659614656537474753e-01,9.244948007157891556e-01,7.853952498036049779e-01,3.504830273495316284e-01,5.039392779594803473e-01,2.252411963042292575e-01,9.219974675974776934e-01,3.702368476699148259e-01,4.727408996162266730e-01,7.871762607903245446e-01,7.879116477917326167e-01,6.186451992618724471e-01,6.217275781904225695e-01,8.781135074302801602e-01,8.536713175101147133e-01,4.118450646934634363e-01,9.926168918331750302e-01,9.248344217604191897e-01,3.194942645480769450e-01,9.330274726619804948e-01,9.280238709446684275e-01,8.192185603598892696e-01,8.953910083295759659e-01,7.409346438642605559e-01,4.515757003123873625e-01,5.278281624008014372e-01,6.600786940419647308e-01,7.672537187249555135e-01,5.562076261593036364e-01,8.083726119732201898e-01,8.412711576029445748e-01,8.336130254005780227e-01,7.269565070986296895e-01,8.485970823587131173e-01,6.012582234436910644e-01,4.591849828470941919e-01,8.839228093146138665e-01,6.178707861658194744e-01,9.748945580259363863e-01,3.970694113312417395e-01,8.741384533098954801e-01,6.533429955820007073e-01,8.110322871942504674e-01,4.322787157448902962e-01,8.240156394056958877e-01,9.016544673724613546e-01,7.678464071236350552e-01,9.170866344204430254e-01,1.656216582025611395e-01,6.929595761133638954e-01,9.167507860021874011e-01,8.039383558402676266e-01,9.092912290357747507e-01,-1.270949324121245505e-02,4.143379504944825209e-01,6.915363858960897891e-01,9.191272387894173779e-01,8.332081053429566397e-01,3.435391278660412384e-01,8.810143899344029528e-01
8.601204725110008775e-01,9.401521743904435180e-01,9.713335608307663849e-01,2.022806744461003725e-01,3.846217875351757298e-01,6.353376106763797271e-01,3.196508141889026211e-01,4.629694818415209800e-01,8.974139771404516797e-01,6.024751118710743869e-01,7.165051166295586249e-01,5.919551250341366089e-01,5.897753077285217138e-01,7.023408189989697181e-01,6.505269174060842596e-01,7.046015640801990276e-01,4.726283124135203795e-01,0.000000000000000000e+00,4.663641765546390205e-01,7.505334531479388449e-01,6.613620725036053472e-01,8.974810863553124296e-01,9.894573904009194010e-01,7.949852247100991365e-01,8.293436977433237267e-01,7.286109636800177647e-01,5.458262825669639717e-01,6.013769632552308231e-01,6.099931538761287353e-01,5.553848400321893530e-01,3.326172907172499915e-01,5.038302264375245088e-01,3.665922400694126004e-01,3.265748705338736291e-01,6.922641696708814463e-01,-1.879723042562057578e-01,9.228182250862778657e-01,5.349649033939503084e-01,8.354885510708341956e-01,7.349222844895548779e-01,5.189427945895535021e-01,9.433610890864737586e-01,2.782482751226011963e-01,9.893605465460361126e-01,9.927450096971464077e-01,6.952586218704542853e-01,8.870703035817760762e-01,6.345662228924067172e-01,4.402064595391297908e-01,6.869918056392759764e-01,9.171629719678130455e-01,4.236104776498265667e-01,4.565562885266382098e-01,8.344209966493892905e-01,8.624114523581267733e-01,9.060608969428131099e-01,1.124787075871146458e-01,3.560285503138329588e-01,8.859517770736743403e-01,5.137889961926224158e-01,4.023075998330530312e-01,9.802781681967849270e-01,5.064324569279246013e-01,9.512280883836600198e-01,8.926309505434854019e-01,8.011404981917635837e-01,7.832025923253110866e-01,6.737654752193467100e-01,3.161823901368216450e-01,6.417325716198565289e-01,6.648967877215427036e-01,9.734735735182287186e-01,5.145884516570712330e-01,8.344865049123235679e-01,6.216294129913454425e-01,6.467459716276041659e-01,8.982677634933666777e-01,4.629014284849343186e-01,1.820308465230843775e-01,2.376213809702307916e-02,2.595979317260109775e-01,5.244953569859960307e-01,6.010262942606279246e-01,1.238713287527512946e-01,5.318268027182717628e-01
