0.000000000000000000e+00,8.671870789524862566e-01,9.091512626278744902e-01,8.078191180476770317e-01,9.220297147073136523e-01,4.171318383859783374e-01,9.640379477415623732e-01,8.612699397233427590e-01,8.882299963351955041e-01,4.634413200219773543e-01,6.726678809772697054e-01,7.836742775952985074e-01,7.059389571869787439e-01,8.738163681934545401e-01,8.777549844913745680e-01,9.368371661796972560e-01,2.341876008979922041e-01,8.813571356431681991e-02,8.574659969722392416e-01,5.263679025545731083e-01,8.229514169501466192e-01,9.361089053488943490e-01,6.389238595853099500e-01,7.945168741460375550e-01,9.933772592918069799e-01,8.562467947688656711e-01,9.742108293625653115e-01,7.957404490055617341e-01,1.578871020034770534e-01,4.563567085892478725e-01,2.024121965435131953e-01,7.378587811773984484e-01,8.015128994932079198e-01,4.948683815842718769e-01,7.212429243314568694e-01,5.345940270775197956e-01,9.730857176515383955e-02,6.283104955731979580e-01,7.687524196560800993e-01,8.923017252103846442e-01,2.956109248750230512e-01,9.104925892072025517e-01,4.888938396660376107e-01,7.531771664297539637e-01,8.053609802955971064e-01,6.890469051470217154e-01,7.545326704277909302e-01,8.140142656861822923e-01,7.276112991460319535e-01,9.517697707117229733e-01,8.445526647317482816e-01,9.823356579987538861e-01,6.878779285745237893e-01,7.121901812937719844e-01,6.866413859877605885e-01,5.830055756900242026e-01,7.844080103688793049e-01,9.527517459911183373e-01,7.175777340667883752e-01,2.500641019901179152e-01,2.177226382275747607e-01,9.078837339790529759e-01,8.921008807807460084e-01,6.299029778979847727e-01,9.835911080533953355e-01,2.113685617411738549e-01,6.806830204331338896e-01,8.638108180450750906e-01,6.105352435804540789e-01,4.631982594923846341e-01,8.310678910469416758e-01,3.714080002768505029e-01,4.778407245981208806e-01,4.574232112706450581e-01,8.452212064521461565e-01,7.483273033370261285e-01,4.429319319741210070e-01,-2.721147580042437841e-03,5.205386870065451532e-01,8.177649383869792232e-02,8.890401040100853747e-01,7.490979854864148191e-01,8.411510202468723829e-01,3.006350998896267779e-01,8.002675840386410666e-01
8.671870789524862566e-01,0.000000000000000000e+00,9.838307644379391537e-01,3.134638862373477219e-01,6.164543420376251692e-01,9.477009239115020689e-01,6.268873719013274837e-01,6.869422517055080446e-01,7.068446614662310390e-01,7.535514292894842647e-01,7.192873437702022033e-01,7.279471054611850178e-01,8.165676875098961673e-01,7.769519680563767849e-01,4.698025933652297814e-01,6.977555495408443997e-01,8.820126824734995097e-01,8.103180059341873465e-01,6.308655733377842578e-01,9.194110880805784758e-01,8.270046159000749020e-01,6.753810390542790421e-01,9.550318015116578962e-01,7.359756140516523493e-01,7.618303889311104360e-01,8.985111700826581282e-01,8.324729302215154725e-01,6.957856358741197900e-01,7.096728769439063222e-02,4.364360790212946928e-02,5.881583967380705769e-01,6.820107632921083018e-01,5.717540015440181200e-01,5.897536556335010172e-01,4.664783735550139809e-01,5.323822062098499952e-01,7.879283729683582427e-02,9.361736170610372998e-01,6.067514641206983583e-01,6.320605212847792975e-01,5.335603504862633795e-01,8.289778620893730743e-01,7.373499894645619834e-01,7.591026996035961094e-01,7.993145487146664507e-01,6.207330815532546842e-01,7.956005233606802118e-01,3.445357801850933432e-01,4.916552351951933852e-01,6.218660546681070711e-01,5.842886422963666782e-02,9.032594016993832353e-01,8.194519826651889272e-01,6.616636833831464060e-01,6.296596403751986148e-01,9.690273995954850061e-01,7.979583293863687921e-01,9.947703985074993760e-01,6.667638693404466244e-01,1.833863707189944958e-01,2.561071494336947252e-01,7.349084725706725996e-01,6.057098293163466485e-01,9.721867417845467818e-01,4.935313282982644600e-01,7.745547876586486025e-01,7.997782970322160345e-01,7.137874814479032715e-01,7.621421062882909325e-01,8.006378221925649630e-01,5.987266556867301137e-01,8.517735978815293985e-01,2.274725387403695454e-01,4.788619577048256470e-01,2.774226680584543359e-01,4.427997542709941059e-02,3.038981367148967938e-01,3.026632934861039348e-01,2.291164200008101726e-01,4.108351783849774064e-01,8.430752945635955342e-01,9.919682462433073722e-01,3.169870824870439918e-01,5.571023341322116629e-01,7.370363082294433266e-01
9.091512626278744902e-01,9.838307644379391537e-01,0.000000000000000000e+00,9.550982650172126220e-01,8.799134352095530076e-01,5.948792213130140727e-01,3.312018506894588432e-01,5.942102487545833922e-01,6.045624904911494069e-01,8.446974100659643270e-01,9.647282278178876957e-01,9.127764192532972221e-01,7.035935990948176677e-01,3.453297415644945856e-01,7.324402916116437012e-01,8.963249688195916720e-01,3.895064322201771678e-02,5.419344605755229694e-01,9.050542919926364283e-01,9.341602164631330751e-01,7.396792658844490997e-01,5.239334187682318511e-01,8.576145430863209018e-01,7.387040304068280827e-01,8.449770010153654365e-01,8.125670385684052865e-01,7.652746957807864403e-01,5.293493019259651877e-01,2.561655678871220254e-01,5.349457751701622993e-02,7.120311171148164808e-01,4.506980880862162531e-01,8.557844492190702645e-01,9.582396841764592166e-01,8.646106640403158350e-01,4.113408528641453454e-01,1.253987230865902247e-01,4.979052823600630950e-01,7.951186544869306427e-01,9.424935328547259239e-01,3.397621292261935322e-01,5.942285685241059934e-01,6.950943085353660233e-01,8.493389439821315001e-01,7.766516032310704087e-01,8.746293983091462110e-01,8.970711001403807172e-01,9.022132287786013283e-01,7.555284689183426883e-01,3.421617728556609617e-01,8.506494161205020443e-01,8.045143706674326989e-01,8.380980016076000627e-01,7.933610203099454861e-01,7.104735529764000246e-01,8.485253149849889542e-01,6.314951066278798875e-01,7.238145609409549763e-01,8.162485581721089511e-01,5.297495628577623128e-01,4.913892347054507614e-01,9.104832749269973213e-01,9.018792986002076573e-01,6.995068040027209166e-01,8.171050246045794552e-01,7.383825049656365103e-01,9.402448577807905883e-01,7.908637162541301002e-01,9.683362573823495190e-02,9.219495671333998166e-01,6.478363541633425093e-01,8.919616406917718621e-01,7.554001013169193701e-01,5.800245131560357592e-01,5.677265165872478203e-01,9.826494697735405071e-01,6.161243134544445166e-01,7.994723430031790423e-01,6.809850645821513559e-01,1.123586323065326326e-01,3.170687120010298177e-01,4.062268128301873560e-01,8.851863068506742316e-01,9.147570651924223917e-01,8.035649868158355469e-01
8.078191180476770317e-01,3.134638862373477219e-01,9.550982650172126220e-01,0.000000000000000000e+00,9.241291039727125289e-01,6.775935717328550600e-01,7.554052165091668103e-01,6.376581513295300763e-01,8.036764456838657589e-01,8.603770955155518596e-01,3.077450204190078642e-01,6.050419699608292623e-01,5.733141804903063576e-01,7.090604676046957655e-01,7.136297389689092441e-01,9.474529609369299887e-01,7.051534597714861352e-01,5.037302552866678163e-01,9.349567440460518908e-01,5.956032538834304946e-01,8.099495634565757607e-01,7.564357116799317327e-01,6.963976804182590019e-01,7.303216688146922930e-01,5.131875779359799106e-01,6.923564208199557424e-01,8.701282751278243133e-01,7.351781112532331797e-01,2.531947178363802009e-01,7.566690624584104796e-01,-1.635843855679081638e-01,6.731446939115388606e-01,3.338554227686663656e-01,7.151264466527520458e-01,7.460869548031627829e-01,5.427779000272595633e-01,5.522538447920537497e-01,7.865225815107443896e-01,9.964850958592195163e-01,7.638097756969004504e-01,3.101414477071605669e-01,5.174921688424524158e-01,9.230263088747727718e-01,6.324450683193657552e-01,4.748529209101389204e-01,5.914509926183770805e-01,1.850721411094855551e-01,9.198793908386200258e-01,6.715954789486364707e-01,6.330009562317693295e-01,7.885184018127880945e-01,6.883154927217788321e-01,7.170775818238209753e-01,8.774050694618097390e-01,9.946919404854781543e-01,1.024364136096385380e-01,8.683041851239612363e-01,6.122922607289316144e-01,5.023324339478644207e-01,5.901357338476082015e-01,5.393889265752854767e-01,2.476656703491817157e-01,9.964505131915220026e-01,9.398691759834244541e-01,7.916422963732666629e-01,3.583718085456181202e-01,5.440208512271755836e-01,7.086315124678872479e-01,4.798957614769200908e-01,8.107754823451076565e-01,8.129635379643377346e-01,7.910829591015866580e-01,6.048529184883348897e-01,5.483651363588557537e-01,8.124777234511481039e-01,2.607059065880643622e-01,4.329839196345866004e-01,7.945693782397840188e-01,1.413056078202765131e-01,4.214243989328750883e-01,6.269457484907680067e-01,9.284929539018256239e-01,6.373925089056183824e-01,7.487142993840032457e-01,6.778224095242959546e-01
9.220297147073136523e-01,6.164543420376251692e-01,8.799134352095530076e-01,9.241291039727125289e-01,0.000000000000000000e+00,9.354446042274933149e-01,1.672266712072184025e-01,4.353545444623039273e-01,6.911772046656200486e-01,9.589386765463565609e-01,9.215245780322693925e-01,7.782734980464274255e-01,7.798149738224696703e-01,7.761052323398267561e-01,9.026660000055943822e-01,-1.229993959941666493e-04,7.265428336723526170e-01,4.386398747730411163e-01,2.877719102582261823e-01,6.902476172606437643e-01,9.539687498900115692e-01,8.503520523135114084e-01,5.024819124971526829e-01,8.332477072066660773e-01,6.039183712390230330e-01,6.967968280500900224e-01,8.744944229362130450e-01,6.927455756380245244e-01,6.505506972552736744e-02,6.767738677701211625e-01,4.410490916113554705e-01,9.405553423626700216e-01,9.166291192313913427e-01,5.304357756369116883e-01,7.927400224432353815e-01,3.758934168004410964e-02,6.833788905434912131e-01,9.947993912264608829e-01,9.647193368119438839e-01,8.540523622364930567e-01,3.693625381894743986e-01,6.149871513437557002e-01,9.153347787303551808e-01,4.753990485634035368e-01,8.234867254905817724e-01,2.835835081688611869e-01,9.302325796950472458e-01,5.947839408078701151e-01,8.926366947015533793e-01,8.956238584055414842e-01,6.345787996982634738e-01,9.308416405853724429e-01,3.991243905360448152e-01,3.855223755141379827e-01,8.101559213300739692e-01,9.509558936912854143e-01,9.558737926114272421e-01,6.288652591375810674e-01,7.734745819823034552e-01,3.983429274045586777e-01,2.088452948581895063e-01,8.404167249017802099e-01,4.108993303883826664e-01,8.149916999613991964e-01,9.247164910909453361e-01,4.354481798096357381e-02,5.122548527053013556e-01,8.940520341365687518e-01,-9.520503175055820833e-02,4.602842009138189416e-01,8.432146606884571849e-01,7.246152977502480219e-01,7.791208059940861741e-01,4.219175967100220470e-01,7.201544323466643194e-01,9.468985078833235258e-01,3.528707009744828094e-01,4.560738751952376213e-01,6.813751464396095026e-01,5.541732409561725969e-01,7.372997669833876166e-01,7.385437505564718119e-01,4.509382067596103272e-01,5.894680367812766830e-01,7.554643099813080909e-01
4.171318383859783374e-01,9.477009239115020689e-01,5.948792213130140727e-01,6.775935717328550600e-01,9.354446042274933149e-01,0.000000000000000000e+00,2.010715230376718954e-01,5.788921367345316593e-01,6.652410193050497522e-01,7.020175907862418185e-01,3.155464250019089367e-01,6.116175247533801596e-01,6.583105290328996606e-01,7.903832973340686463e-01,8.661962871882336046e-01,7.536535754567209588e-01,6.530534757093495735e-01,4.006330485425416699e-01,8.832938036000500537e-01,3.237166075763198148e-01,8.622478456595267238e-01,6.407188374455701219e-01,8.628992651608380360e-01,8.264566905097396887e-01,5.983502371339148862e-01,4.856335327710170069e-01,5.704427339628812543e-01,7.782705482238285732e-01,2.453554376072354104e-01,4.039527750378656967e-01,1.259166888036141463e-01,2.454922800045102327e-01,9.480537579592218655e-01,6.654650592363635653e-01,5.885885990809500701e-01,2.573433863116010578e-02,2.863557940140961100e-01,7.475042212189213497e-01,6.984701554334458162e-01,6.891194500320865224e-01,4.824442828348019519e-01,5.805061841369967279e-01,8.853995131669099017e-01,8.575769195540767775e-01,5.324632391744632542e-01,4.667069458384706104e-01,7.748299921885078989e-01,6.323308088668446736e-01,6.631345963508759045e-01,4.168835588094628730e-01,4.549815484201416571e-01,6.989977586573719037e-01,2.951952697057211861e-01,8.179308688410500405e-01,6.366699359707931327e-01,9.002755527086915288e-01,9.676738085293752345e-01,8.436847030460105090e-01,6.136271567322907350e-01,4.466526233609691143e-01,4.442982096918711155e-01,3.006702153217668538e-01,7.319330978997447279e-02,9.773732903141332251e-01,9.097072210044104823e-01,9.361411249552926694e-01,7.620730343437448484e-01,9.302848097323723753e-01,7.052030941914598783e-01,5.455427933196687063e-01,1.948663438157608174e-01,8.655399087915052192e-01,5.096702023676236148e-01,5.332255919452922877e-01,8.586169823865492656e-01,6.707417168326557100e-01,9.022940365957423658e-01,8.642780726860788132e-01,7.481610626088099902e-01,2.921699331305837588e-01,4.470453952275054155e-01,6.768807574820175921e-01,5.968552997054443754e-01,6.060267807970818321e-01,6.283013454569881251e-01
9.640379477415623732e-01,6.268873719013274837e-01,3.312018506894588432e-01,7.554052165091668103e-01,1.672266712072184025e-01,2.010715230376718954e-01,0.000000000000000000e+00,4.109410448434778207e-01,5.658588881106436652e-01,5.527464316596573113e-01,2.504112921524436763e-01,4.010790637005375858e-01,7.610674327027049380e-01,6.014050450894016242e-01,4.326765946987566336e-01,9.577165974345883126e-02,9.409259667498519608e-01,5.987609948311372055e-01,4.229468859627905641e-01,9.940451403625749638e-01,8.638974185002337158e-01,3.942938140321707863e-01,7.835151390161523288e-01,8.026549081684029030e-01,3.075661065531323235e-01,8.181662009857758600e-01,6.429145030899447999e-01,6.538429361082100932e-01,8.241470065613362150e-01,4.112169133920482444e-01,4.381941176960431061e-01,6.834493607307500218e-01,5.330758340149701624e-01,4.813576262621475643e-01,4.540342534269687924e-01,3.127787156035152782e-01,1.969665438054359896e-01,4.893718447809523031e-01,7.682792484870673011e-01,4.273039897603335691e-01,1.402390173027141251e-01,6.409269566370519033e-01,7.239560376532693242e-01,8.477067581903858784e-01,5.959347042373788206e-01,6.747501016295964771e-01,4.490461601309462814e-01,4.117027652070363031e-01,6.541723981761397022e-01,6.479781879104590248e-01,6.385229561697870482e-01,9.736290728678377304e-01,5.282880074217004562e-01,7.030408348916958872e-01,4.337051742246564312e-01,7.960867503888131580e-01,3.818624810055990526e-01,9.864939209412304510e-01,3.815117815087133435e-01,8.449364751408113827e-01,6.090232186024053807e-01,9.272581734070465265e-01,2.772703775227468026e-01,5.953754659418291073e-01,6.963924799812426514e-01,1.054497049624951999e-01,2.757804365738409924e-01,9.885574060964170684e-01,3.716750070205073198e-01,6.779435939351847740e-01,2.205098070687441791e-01,5.792711190015344958e-01,2.589710854162433074e-01,2.138981870215280467e-01,6.281710225255686675e-01,6.393838646599122599e-01,5.303971533980489372e-01,6.068519415715911691e-01,4.673617789781807641e-01,1.949951685760106246e-01,3.571246867279200821e-01,3.106219272795564534e-01,8.730442699815816887e-01,5.437875038864494748e-01,9.222673126616113271e-01
8.612699397233427590e-01,6.869422517055080446e-01,5.942102487545833922e-01,6.376581513295300763e-01,4.353545444623039273e-01,5.788921367345316593e-01,4.109410448434778207e-01,0.000000000000000000e+00,4.697179356804541683e-01,2.232929987172416753e-01,4.211434178082683610e-01,6.425253759986020441e-01,9.672621641586609531e-01,7.612537954425160347e-01,6.147589037003360346e-01,8.225373748856248390e-01,2.385932172043697119e-01,6.289684052026638383e-01,9.999249134118874949e-01,9.656966915416221875e-01,4.163371349606357352e-01,7.894027627496025268e-01,4.228816613082506115e-01,1.455263219090902060e-01,4.147577933983299103e-01,8.886303553685637180e-01,3.208727270958010580e-01,7.128374591353180412e-01,2.412702822205693709e-01,3.839502799261789168e-01,2.118937721826292253e-01,5.755969966106804225e-01,6.994359808151512370e-01,4.157540661467564180e-01,5.702786073406569400e-01,5.422686395794381609e-01,3.337019644752597936e-01,7.100745745675741682e-01,8.865232121528857645e-01,3.218719587735521248e-01,8.310070279171700644e-03,3.861832632849460101e-01,9.835823069571258959e-01,8.145909282985037692e-01,9.384520037433992101e-01,9.397231627304507562e-01,7.094353736573653091e-01,6.399756048188852686e-01,6.701512222434100607e-01,4.967220975578028885e-01,3.967766744903400422e-01,6.181573603582298793e-01,2.433949930504295256e-01,6.252460660295304784e-01,8.892432808908244946e-01,9.726853886215769407e-01,5.050146872290938171e-01,7.057081500761858139e-01,8.918289507709257213e-01,9.985455594369103960e-02,5.326897193236440620e-01,4.960752581790098259e-01,7.213021488102864254e-01,9.968276244443001755e-01,7.014487410381108345e-01,5.861823533194117086e-01,5.215523987923746940e-01,6.243001504609145824e-01,7.593232098276048170e-01,7.768558545584242081e-01,8.009497487067217536e-01,6.006143804441521628e-01,5.187504366702735403e-01,6.941611475276447951e-01,3.628264142820306626e-01,7.881191323748991673e-01,6.370553387434105819e-01,4.751021859598246744e-01,4.476339369845409588e-01,4.458310103629700705e-01,5.623320184171507474e-01,7.019278126183217115e-01,9.524870020851231578e-01,7.036839578367969361e-01,4.010427717586135810e-01
8.882299963351955041e-01,7.068446614662310390e-01,6.045624904911494069e-01,8.036764456838657589e-01,6.911772046656200486e-01,6.652410193050497522e-01,5.658588881106436652e-01,4.697179356804541683e-01,0.000000000000000000e+00,8.626334605082324192e-01,5.656305733782734935e-01,7.735414519697854097e-01,6.896930660333956409e-01,6.350979490889080425e-01,2.921942634233724578e-01,9.580600583272771420e-01,9.592879413417223500e-01,5.115992759460536998e-01,9.474021153534999407e-01,5.686948743339744761e-01,9.447588391782305584e-01,5.866122581398034441e-01,6.837145160980171443e-01,8.167482669080590174e-01,5.370220628488049375e-01,7.900530693474459021e-01,4.087339581882452055e-01,6.261794982568876788e-01,3.150002743789639958e-01,4.320601618503282504e-01,2.973621627144767965e-01,9.887065836901873794e-01,7.542146130478744048e-01,9.176861224514549775e-01,4.289575590329064436e-01,4.995020007353525027e-01,9.847725052169020721e-02,9.576156944356738476e-01,4.426671678139919019e-01,6.757643945732131341e-01,5.603378869859864109e-01,6.076664169260269643e-01,8.590360620448451723e-01,5.508539313189456665e-01,9.704376241785579449e-01,8.972847099301934914e-01,4.690411298449881361e-01,6.995536119179144308e-01,8.778905448148232038e-01,4.948220339315896887e-01,1.950626386183447192e-01,1.140406046166646536e-01,7.307969183502424082e-01,7.880416366498921299e-01,7.897388478354367969e-01,7.834162359193928005e-01,6.986686591850825856e-01,7.860255303509871005e-01,8.542793426190371520e-01,8.116065990853675860e-01,3.097023966490844438e-01,6.742065830234248436e-01,9.336995690041633988e-01,9.806959735351230556e-01,7.099294776030932175e-01,6.868028179619410922e-01,9.730217735241055710e-01,3.004387588209738724e-01,5.392839350549403221e-01,4.500712494196930646e-01,8.129438631898892043e-01,4.625561377243842531e-01,7.305875773785858174e-01,8.868233583461678782e-01,5.300935735593552689e-01,7.515184356582871317e-01,9.351152844878807269e-01,5.204923139489607831e-01,2.576312267834667269e-01,-1.136077230919738806e-01,4.915695805536639540e-01,5.603237827413690697e-01,7.490111837496752356e-01,4.480431711762381530e-01,3.995604425724900155e-01
4.634413200219773543e-01,7.535514292894842647e-01,8.446974100659643270e-01,8.603770955155518596e-01,9.589386765463565609e-01,7.020175907862418185e-01,5.527464316596573113e-01,2.232929987172416753e-01,8.626334605082324192e-01,0.000000000000000000e+00,9.203684599047269321e-01,4.959429785958571202e-01,8.047734754888834496e-01,6.667360110121884897e-01,5.211597224971584730e-01,7.389977486062064838e-01,9.815219626339766190e-01,2.270002095409971166e-01,8.337763585108383113e-01,9.040295775584886728e-01,8.053356046371347166e-01,6.364679227910390313e-01,9.071241187598408917e-01,7.324005459278788432e-01,1.356196045846784493e-01,9.589862358323152369e-01,7.831330667373819221e-01,1.044023051750859327e-01,8.847373951743910947e-01,3.093684530028683044e-01,3.014574711560643605e-01,2.303868640061096928e-01,8.063637356254432786e-01,9.120489642515656747e-01,8.991371765114736236e-01,8.391943779889559085e-01,1.066313246929673914e-01,5.391141738882309076e-01,8.854919832936384294e-01,4.220192936472578760e-01,5.984936393448697656e-01,7.353118795670837704e-01,8.493352742507161990e-01,6.290983477698844917e-01,8.710582113203826360e-01,8.754592313419942151e-01,7.867564751594783301e-01,8.604332982686629938e-01,8.539865239937705077e-01,8.339495228346488487e-01,3.225295359359296454e-01,7.919938865368043590e-01,9.163326170525104564e-01,7.777856799163727075e-01,1.912512553810049587e-01,6.101122518341843826e-01,5.445438941966417312e-01,7.109184702526363253e-01,9.371538809285573368e-01,4.693384005084452193e-01,6.208516884091386245e-01,9.877609860607357017e-01,6.775226088267661817e-01,9.645901822360555267e-01,9.602654600009450370e-01,4.658666187179118512e-01,4.427495059873743366e-01,5.779136639316238000e-01,6.564584032808696845e-01,9.864693012652199222e-01,6.469282771730117121e-01,7.635436059791875785e-01,3.798179195424050691e-01,4.512632090771473981e-01,4.145923189860771796e-01,5.367535117456317950e-01,6.136628276553941497e-01,3.525150906546079682e-02,5.705982607590008859e-01,7.353390869877752811e-01,7.400840527614236386e-01,8.339241010844603563e-01,7.100187657010670339e-01,1.548486044224796354e-01,4.449938035316320373e-01
6.726678809772697054e-01,7.192873437702022033e-01,9.647282278178876957e-01,3.077450204190078642e-01,9.215245780322693925e-01,3.155464250019089367e-01,2.504112921524436763e-01,4.211434178082683610e-01,5.656305733782734935e-01,9.203684599047269321e-01,0.000000000000000000e+00,8.084534071139544142e-01,7.014709515144625929e-01,6.057730481061257555e-01,4.083994561033462145e-01,9.641672990616561023e-01,6.199460493274779882e-01,7.258454732788001129e-01,4.678081230341375740e-02,9.740411759852478646e-01,5.785362561864535458e-01,6.411110719423951387e-01,9.950956995466427868e-01,8.680393449800062333e-01,7.520605674567713006e-01,9.531376653833376622e-01,3.462623276793685978e-01,8.275991505031774498e-01,6.611694461631603126e-01,-1.983410791380680882e-01,2.974970405482959546e-01,8.995336790321835085e-01,9.300564397935419114e-01,9.587715102848822779e-01,6.373261132874510349e-01,4.042091957853130024e-01,2.727290804638204946e-02,7.770069412346121140e-01,9.714443124415185205e-01,8.284583823584092954e-01,5.365799066227959768e-01,9.494593778571768228e-01,4.232698016643339223e-01,4.523873137299473934e-01,7.214343213068485916e-01,8.867553911164645086e-01,9.027557774756812536e-01,4.761779861288103488e-01,7.460914226015774586e-01,5.198983864173871705e-01,4.449347549930409706e-01,7.028728637948452596e-01,8.383678712367540475e-01,6.828152115952985657e-01,6.948772446855876472e-01,8.013944418690760463e-01,6.163557150201647294e-01,7.773683291893408454e-01,8.442253740192869893e-01,5.506396626003070560e-01,4.583298525143310598e-01,8.153989985574113808e-01,9.940604664280514591e-01,8.955026588561979528e-01,7.936125875433110988e-01,7.728781552464634164e-01,2.775625066446814060e-01,8.926124152598646777e-01,4.924675563265364375e-01,8.685752589487327757e-01,5.972193797180121999e-01,5.368555799970311515e-01,7.956587367657448340e-01,2.682368981690405607e-01,5.583455801423948817e-01,6.131603685835816941e-01,3.912990354817259542e-01,7.045053490142639818e-01,1.600081008460371157e-01,1.274753488500460497e-01,5.559711305357061262e-01,8.390218318413916743e-01,9.015518122938175338e-01,6.823096651642410748e-01,2.623155197015091256e-01
7.836742775952985074e-01,7.279471054611850178e-01,9.127764192532972221e-01,6.050419699608292623e-01,7.782734980464274255e-01,6.116175247533801596e-01,4.010790637005375858e-01,6.425253759986020441e-01,7.735414519697854097e-01,4.959429785958571202e-01,8.084534071139544142e-01,0.000000000000000000e+00,2.107868415131015638e-01,4.487681638008990115e-01,7.146482082074366859e-01,3.444200858972257251e-01,5.664732008340532809e-01,2.057281858942902608e-01,7.788974638681963603e-01,9.570361065304232584e-01,9.347113320062131470e-01,5.841736957172832811e-01,6.989843102261575902e-01,6.051914016632055082e-01,5.660651411302639602e-01,6.405640295814850615e-01,8.510680314664405000e-01,4.175366981711423064e-01,4.909750906153102501e-01,9.203337470555102984e-01,4.536981770772001155e-01,8.725238017729611828e-01,9.199682103199899874e-01,3.366943292342545746e-01,7.128221596457795517e-01,5.518146693523269253e-01,2.034899624420803410e-01,7.645156339313609051e-01,3.181723078393196014e-01,8.339884106291836074e-01,4.097406952497275601e-01,4.185563996369422446e-01,9.425001012753658758e-01,1.615138461576305640e-01,9.217923944438067840e-01,6.156873736392741714e-01,7.749889361360651208e-01,6.597137417345415589e-01,8.345015947931514466e-01,4.763044473987984029e-01,6.690402320048516316e-01,6.591024508749429023e-01,8.192899337683585692e-01,4.914687834702288205e-01,5.493550981578869674e-01,9.307305911100300921e-01,5.225216674353307944e-01,6.728452932511369555e-01,6.450425519919368300e-01,2.822988422237190376e-01,5.367547831883296983e-01,6.020988564782677743e-01,8.606906073601769958e-01,9.148695009365337416e-01,9.860147889633921192e-01,2.438776863671113238e-01,7.259284848906852883e-01,7.638225078228257914e-01,6.486514569024555144e-01,5.586990452072795321e-01,4.292308997046145880e-01,8.633389907538053798e-01,5.622747248414271537e-01,9.918885421557687154e-01,-1.835385828449624390e-01,3.211495450759178638e-01,6.149816553944184028e-01,7.449023894868418427e-01,4.705471848322671513e-01,5.436140136617828578e-01,-8.459881372104771646e-02,7.813257045663610789e-01,6.849287794685429143e-01,-1.957117087120965326e-01,9.965220975129167602e-01
7.059389571869787439e-01,8.165676875098961673e-01,7.035935990948176677e-01,5.733141804903063576e-01,7.798149738224696703e-01,6.583105290328996606e-01,7.610674327027049380e-01,9.672621641586609531e-01,6.896930660333956409e-01,8.047734754888834496e-01,7.014709515144625929e-01,2.107868415131015638e-01,0.000000000000000000e+00,8.781269294279789861e-01,8.595580684249344294e-01,6.003538790053835061e-01,6.342238605156005349e-01,6.567814307995830658e-01,8.142900517858345788e-01,7.054815528648892275e-01,7.358415367268119622e-01,8.480018025096486278e-01,1.043233566102149540e-01,8.925329426902749441e-01,7.144760052795036120e-01,7.784266235426416936e-01,6.103117799786427211e-01,9.857717835175977550e-01,4.611416410744147154e-02,9.116291752822689443e-01,1.159165257379797358e-02,6.564287337220089391e-01,6.195025213418343668e-01,9.436968097767187702e-01,4.569001312594989095e-01,3.019494266283933095e-02,2.682517094614839115e-01,8.785316256572787141e-01,7.584945915919563131e-01,9.719763901418917440e-01,5.922068166973378789e-01,8.239906993264910495e-01,8.907832964664276210e-01,9.713076244987745023e-01,5.857619011153697430e-01,8.503348082344769354e-01,7.777148150987849284e-01,6.633089702475409855e-01,8.874716627003431321e-03,9.447710441743359944e-01,8.974930035023570563e-01,8.806224335165389050e-01,8.745604012152331519e-01,5.555576273857009140e-01,4.282535230108055480e-01,2.782024572233389725e-01,9.479942013683150259e-01,8.801199302079113496e-01,9.453822569455649916e-01,6.532490244316734029e-02,3.783916575665948745e-01,4.559415503287782556e-01,9.209635694985637278e-01,7.056222223803302329e-01,8.274479999391544105e-01,4.249098525721175523e-01,5.228171396702960827e-01,8.225385629671626564e-01,3.022124331214286475e-01,6.434639586403908540e-01,8.404278665165613171e-01,6.081605657090183303e-01,5.141283571144814601e-01,3.739215196403689601e-01,9.962012688966931373e-01,6.065193572003998446e-01,6.097113509620712968e-01,7.691336305164875320e-01,1.093553798959340795e-01,3.058424951030592198e-01,3.723226047502377067e-01,4.054875921450909471e-01,9.734245572301856164e-01,1.836980070397111475e-01,9.650616701131489172e-01
8.738163681934545401e-01,7.769519680563767849e-01,3.453297415644945856e-01,7.090604676046957655e-01,7.761052323398267561e-01,7.903832973340686463e-01,6.014050450894016242e-01,7.612537954425160347e-01,6.350979490889080425e-01,6.667360110121884897e-01,6.057730481061257555e-01,4.487681638008990115e-01,8.781269294279789861e-01,0.000000000000000000e+00,5.397001889673714858e-01,6.138498303496329189e-01,7.611533079723822315e-01,7.006557523308746260e-01,9.018165664724950847e-01,6.085506595465608459e-01,7.506381839507377807e-01,7.999975966880294997e-01,7.567681729403480384e-01,6.282714614088580340e-01,4.262958686288039201e-01,9.109735456059544489e-01,5.570119797238499704e-01,6.321532432773487864e-01,4.356740976991291259e-01,5.529129544146983433e-01,7.830284644812844919e-01,6.474160989904801378e-01,9.844093733862884221e-01,4.824704605255233925e-01,4.522707027179228012e-01,3.524859814112318857e-01,4.976869577257347355e-01,6.332049573200140280e-01,9.341997991170108984e-01,9.586186583739075839e-01,7.405176611298907030e-01,4.717078243909891277e-01,3.258223169989762358e-01,7.692670911543852963e-01,8.053300332652079119e-01,3.261721947614363293e-01,4.037000030603898337e-01,3.187533525448348892e-01,8.566951761868437654e-01,8.065938427512719944e-01,5.201042510092241944e-01,2.134997136372082660e-01,6.673586274166093402e-01,7.542022452537593402e-01,7.569843589455145239e-01,6.700580435810286062e-01,8.708614578503887094e-01,8.557201022754118425e-01,8.942774301111243718e-01,4.543143772610828135e-01,7.575984382838530928e-01,8.244369098516824979e-01,9.407844289900463286e-01,7.593905390462383220e-01,8.905614825511070087e-01,6.049999599486349799e-01,6.279063946396344909e-01,8.524291901566850571e-01,6.125436293490749140e-01,5.315558671276434666e-01,8.146658838923122037e-01,7.443144040082741997e-01,6.238138323623774184e-01,6.766881770722040779e-01,6.835518703063460100e-01,9.912154490773193993e-01,6.787412935026587713e-01,6.656538663790583232e-01,2.281330541668958323e-01,5.899384038320392154e-01,7.006914007242136533e-01,6.626817037510728259e-01,9.034636196077567849e-01,4.558517866395451756e-01,6.138199675579315562e-01
8.777549844913745680e-01,4.698025933652297814e-01,7.324402916116437012e-01,7.136297389689092441e-01,9.026660000055943822e-01,8.661962871882336046e-01,4.326765946987566336e-01,6.147589037003360346e-01,2.921942634233724578e-01,5.211597224971584730e-01,4.083994561033462145e-01,7.146482082074366859e-01,8.595580684249344294e-01,5.397001889673714858e-01,0.000000000000000000e+00,6.446354603902686442e-01,8.214997125401887201e-01,7.822030410934290856e-01,3.226549620313964306e-01,9.836167171754018890e-01,4.201284790365995003e-01,6.500517183770386787e-01,8.559172406193998883e-01,8.920158312407928669e-01,9.573845360722255116e-01,7.778952880628355881e-01,9.110656056431407634e-01,6.245316116147591190e-01,-1.478686087148427530e-01,3.658734623154409338e-01,6.499821880555541054e-02,8.214656400387601032e-01,6.805674481916120788e-01,3.612783972102406871e-01,4.807171660987507034e-01,4.085146455801391685e-02,5.329164588790753498e-01,5.317733417309867816e-01,6.525012034412789319e-01,9.671008249645183241e-01,3.396927952202376533e-01,5.557784983834090919e-01,9.953034027381660875e-01,2.205787069324479099e-01,5.834867420329702403e-01,7.198630662481629860e-01,8.558714589390228333e-01,7.985459705060353741e-01,4.607296391721307227e-01,2.874654531919419997e-01,5.839909045038992330e-01,5.399001778969069187e-01,7.577140367137179533e-01,6.907421700991059899e-01,2.567507750211650563e-01,8.020438056839310770e-01,9.942284342421459087e-01,7.009313612030115825e-01,9.044482490779528483e-01,7.567261677776508932e-01,7.880276153838736697e-01,3.699849126966233692e-01,6.912077834949004185e-01,4.896089696800422497e-01,8.044575182841390282e-01,7.907174998884214379e-01,4.067424411004617602e-01,6.076691400623199790e-01,4.001800022521092015e-01,8.904070861366082390e-01,9.706967764478783289e-01,6.783464165899933951e-01,2.976813447030830506e-01,7.822890053126027032e-01,2.979704214624507852e-01,6.366496388564240050e-01,7.371561102832553392e-01,7.075198462136511601e-01,1.514220315342592604e-01,6.566070313217843291e-01,5.935777177393865012e-01,8.408349642595919216e-01,6.629710436172238097e-01,3.465299485021891002e-01,9.058252631283454370e-01
9.368371661796972560e-01,6.977555495408443997e-01,8.963249688195916720e-01,9.474529609369299887e-01,-1.229993959941666493e-04,7.536535754567209588e-01,9.577165974345883126e-02,8.225373748856248390e-01,9.580600583272771420e-01,7.389977486062064838e-01,9.641672990616561023e-01,3.444200858972257251e-01,6.003538790053835061e-01,6.138498303496329189e-01,6.446354603902686442e-01,0.000000000000000000e+00,9.392745791141401401e-01,4.814326308971259571e-01,7.365303035034043155e-01,7.090759559329847805e-01,9.633176831024667930e-01,9.617134612385030978e-01,2.676402511724341182e-01,9.684395529520634094e-01,9.094994926556075887e-01,7.955019520449558845e-01,8.006045126359800923e-01,9.450855734420972043e-01,6.246275101154742382e-01,6.118611937684802493e-01,4.717629736104673177e-01,6.815406133249031218e-01,4.204190573041975965e-01,6.336754609910127956e-01,5.567257300396863950e-01,4.770535930261515789e-01,3.757017557456292511e-01,4.685412255256703462e-01,2.552482177431023569e-01,7.282158682726310728e-01,3.338503326273533078e-01,9.661831010704714506e-01,9.268471883847837489e-01,4.372873571965629202e-01,6.365302050509065168e-01,8.957221278597852221e-01,7.087677768564112357e-01,6.060287734565598106e-01,6.939566132897010409e-01,2.118024108525715099e-01,7.706423416507457436e-01,9.950025123657075810e-01,7.720917961931152984e-01,7.691003405234195789e-01,4.803304764194233911e-01,7.433962541368609456e-01,4.003261643581507156e-01,5.589139050739946324e-01,4.906729562669516209e-01,6.992033653671592131e-01,5.482325586993109789e-01,8.982396499871051487e-01,2.973894661002491890e-01,7.442049253042385404e-01,7.406486260558999835e-01,2.927781384819507782e-01,7.709954813873229895e-01,8.856069822184203799e-01,3.254555427426858438e-01,8.134309637555251493e-01,8.864892810949107638e-01,7.579244452215490035e-01,3.507325453269758420e-01,9.835861952238373895e-01,8.963286439908848546e-01,9.625004491226502035e-01,8.884916182432447407e-01,9.570642397679701707e-01,6.268859330028979659e-01,2.643327975935834129e-01,7.608722591287052639e-01,6.500616876620197715e-01,6.268692489013450997e-01,6.254464861557644806e-01,3.260557466064506731e-03
2.341876008979922041e-01,8.820126824734995097e-01,3.895064322201771678e-02,7.051534597714861352e-01,7.265428336723526170e-01,6.530534757093495735e-01,9.409259667498519608e-01,2.385932172043697119e-01,9.592879413417223500e-01,9.815219626339766190e-01,6.199460493274779882e-01,5.664732008340532809e-01,6.342238605156005349e-01,7.611533079723822315e-01,8.214997125401887201e-01,9.392745791141401401e-01,0.000000000000000000e+00,6.813729038979001729e-01,7.731379889796183846e-01,9.429099791027740762e-01,7.890109851221888126e-01,8.180790212994457633e-01,6.738890634763344822e-01,7.374885381981783894e-01,4.087624214543950085e-01,8.101258950990805063e-01,4.983550559236958333e-01,9.831692707282039256e-01,4.487079155385651497e-01,3.605324937391899409e-01,4.140736226155508071e-01,7.981230441355824379e-01,1.462317458079489575e-02,9.783192463890195700e-01,8.835169765192243396e-01,4.650533100324776847e-01,2.426371426821336552e-01,6.604891261184424600e-01,7.268602963212531520e-01,8.829994010870408916e-01,2.286119167468880498e-01,7.967566059495803099e-01,6.530705622761281415e-01,7.779107284232175124e-01,7.434796099925211621e-01,9.611103041925602719e-01,8.234259119671902827e-01,6.622981348777385868e-01,8.541749545444438096e-01,7.302418536253967307e-01,8.764997279788325768e-01,9.245472444394762235e-01,7.268167553431318373e-01,5.940360219920727269e-01,6.978111293893792810e-01,8.838790104811163895e-01,-2.071300774277479995e-01,8.600234138778711790e-01,8.430054389572404494e-01,7.851194521686547523e-01,1.771793970553939834e-01,8.332422289186793840e-01,9.161062691602642749e-01,7.645829162102272258e-01,6.229924248431560896e-01,7.199439885571815578e-01,6.088282469002045394e-01,1.008255191062428502e-01,9.622003332484847515e-01,9.885190306812877692e-01,6.040357976456742772e-01,5.550895956106035589e-01,1.502477731631862989e-01,5.843269428875690341e-01,4.758348029223185005e-01,8.157901736195539710e-01,6.850943183204346587e-01,6.949109821845109725e-01,-1.758311026493467599e-01,5.787940684562561389e-01,5.789662674122382224e-01,5.711230874095174492e-01,6.253833128519585838e-01,3.451130236817062658e-01,7.961620352231351117e-01
8.813571356431681991e-02,8.103180059341873465e-01,5.419344605755229694e-01,5.037302552866678163e-01,4.386398747730411163e-01,4.006330485425416699e-01,5.987609948311372055e-01,6.289684052026638383e-01,5.115992759460536998e-01,2.270002095409971166e-01,7.258454732788001129e-01,2.057281858942902608e-01,6.567814307995830658e-01,7.006557523308746260e-01,7.822030410934290856e-01,4.814326308971259571e-01,6.813729038979001729e-01,0.000000000000000000e+00,8.694222908165942787e-01,9.248395110649217932e-01,8.218022094408825584e-01,7.791971642846747814e-01,5.983099540440268704e-01,4.277659851888710452e-01,4.432295071410595200e-01,4.033249483921367839e-01,1.063432076548011945e-01,5.864174133993467208e-01,7.655295472643153243e-01,1.777333607102623558e-01,6.007290861900996815e-01,9.872547049316318102e-01,6.985393952645129190e-01,4.072918015543778303e-01,6.065563836810156095e-01,5.934335593817399168e-01,4.573724580086588887e-01,4.349591803105683496e-01,4.824846148408162838e-01,6.621206038266258531e-01,5.326110964965209416e-01,6.948306304829041657e-01,9.902313985207186198e-01,8.337642355533988470e-01,9.455791588318893659e-01,2.550343482949932183e-01,8.663967054049617200e-01,7.252167045266877388e-01,3.786581244628894338e-01,2.418613567253322383e-01,4.812008561340869184e-01,6.211202826587952641e-01,8.250224020539473901e-01,2.913100890948865374e-01,6.049350593446936042e-01,6.225751828616492567e-01,6.607125236009242508e-01,9.112316341170619838e-01,6.852115148255608634e-01,7.857447221298305973e-01,6.118161978360316944e-01,6.864236219047660237e-01,4.635575793797681587e-01,9.162947171381727873e-01,7.015915866616476704e-01,2.623261784471503377e-01,5.595214497817690980e-01,8.242472030108001224e-01,4.378121966884123140e-01,5.694706923128888265e-01,6.456260508445487156e-01,7.220521084742538287e-01,5.439123135084690253e-01,5.136887511233848569e-01,5.893515006641736331e-01,7.252356760884473008e-01,5.274655847146854093e-01,7.588836632583645381e-01,2.068422060001502694e-02,1.781038106379728703e-01,3.608915928751805779e-01,8.348535834454144933e-01,3.490211491697066126e-01,3.052483941824403191e-01,3.966356804928735658e-01
