0.000000000000000000e+00,6.139752455763662908e-01,8.127348364013645687e-01,6.723955195995936496e-01,6.559976381545287172e-01,8.841702341818850064e-01,8.188700135080145825e-01,6.232616199439349192e-01,9.061568796152228433e-01,8.509754535636875339e-01,6.629107247645518175e-01,8.420602241835825064e-01,9.797696982677425170e-01,8.746667592116359469e-01,9.812314807275381856e-01,9.884090999512423759e-01,7.816438576208439848e-01,9.271354721243662000e-01,9.954818655353218082e-01,8.505569337695454424e-01,4.267998965684777768e-01,4.233860428001225973e-01,6.302397105259652799e-01,9.222715260820228966e-01,8.654379728368620794e-01,4.285433958026839130e-01,5.165768717428498302e-01,9.213710691543478548e-01,8.905845105900394021e-01,7.720139949786650746e-01,2.058746050957227791e-01,4.035588912791622240e-01,9.625231864026224660e-01,9.088194593411293987e-01,6.078486490135993625e-01,6.426906583657312488e-01,7.804810123655784304e-01,1.973401775805228020e-02,7.156083948926146299e-01,8.412046814140236028e-01,6.450546126828327065e-01,1.042638642481487632e-01,7.064390409490698408e-01,6.155748617385466970e-01,5.260669743296407797e-01,9.122031548300989501e-01,7.709677946147425187e-01,2.418546281326701963e-01,8.607148971020726069e-01,4.032369353925058797e-01,1.302531996070237577e-02,6.309959104621641890e-01,8.028104830556666016e-01,6.162176096036529049e-01,6.441957273052312249e-01,6.611697032654512141e-01,9.337536175421525808e-01,3.406058779071708953e-01,6.491974390653103555e-01,6.147472257401561668e-01,3.407264904086266810e-01,4.676914840840893928e-01,8.553089102990890646e-01,8.849332326445227270e-01,7.881966907885628038e-01,6.269411401055450250e-01,8.469088591958991996e-01,6.277640032816249605e-01,6.586734024165906698e-01,8.692728713158274223e-01,8.896045610203597853e-01,8.971498405392726028e-01,5.485697375358066230e-01,5.009716422875061248e-01,6.116680488955990036e-01,7.011970319998586110e-01,6.227210633978551568e-01,9.563993853550183388e-01,4.940231752913432084e-01,4.428261044979257544e-01,9.704149053347724818e-01,6.584170472735835222e-01,6.874378495841357850e-01,7.883985954290857467e-01,9.577534598663082210e-01
6.139752455763662908e-01,0.000000000000000000e+00,6.442621577720591963e-01,6.285051181214201810e-01,3.510328464413162153e-01,6.273420306387693657e-01,6.788900894405102138e-01,5.041224194474805964e-01,6.653067042677232035e-01,6.750965169236784469e-01,8.104654864963493077e-01,9.435173795254403473e-01,6.181148932980224942e-01,6.490624190155369622e-01,4.958227814391680810e-01,3.706944172051528374e-01,7.444709985019475340e-01,8.008701738386485580e-01,5.424108197909045526e-01,7.975308804347585045e-01,9.237507713369887963e-01,2.812289254962319074e-01,7.463481299557271909e-01,8.449099797146797375e-01,6.512724299500474157e-01,6.631381042419873806e-01,6.448822590516378739e-01,8.785080813813166412e-01,4.299486817731489330e-01,3.484237808851659013e-01,5.856113881178893754e-01,2.425470197817226337e-01,7.947890542557379812e-01,9.652674997425813030e-01,5.703240887888997301e-01,6.997001359306330714e-01,6.089365576376903899e-01,9.615705407622568979e-01,7.818068027542474097e-01,8.459138911456023369e-01,3.210955852378074016e-01,8.656490785188722947e-01,9.587047347478361292e-01,9.297385708059575649e-01,9.322459041481736541e-01,8.554533235482455478e-01,7.866028757874781174e-01,6.111010736492571427e-01,5.783346949045384822e-01,7.812403344982050690e-01,2.199774702184462694e-01,6.230952865805371443e-01,7.934951869322675044e-01,7.786484084236469094e-01,9.092718646729036625e-01,8.985326083717878332e-01,5.617543523965032870e-01,7.571771369724262790e-01,2.818396863394124208e-01,7.311811744317692208e-01,5.601835034297191207e-01,5.607680556322351961e-01,7.792915793489123555e-01,7.725315489141315606e-01,6.640187540533876165e-01,8.040022360092604625e-01,6.751743495156135033e-01,5.891509097858748101e-01,5.907780263070006033e-01,8.477610394048377129e-01,8.744241950828851584e-01,2.756402595434836456e-01,5.311500604078293053e-01,2.262382982418771615e-02,6.882415189995537697e-01,7.098468425524070424e-01,7.458278791483685666e-01,7.053245907904889256e-01,9.661611201972397645e-02,2.350104807131203066e-01,7.141109401961953651e-01,3.273945140690504279e-03,7.767007458032572087e-01,1.880973086186681076e-01,9.558813497191964714e-01
8.127348364013645687e-01,6.442621577720591963e-01,0.000000000000000000e+00,8.338703489792105294e-01,7.318068472903269672e-01,9.586475462966813632e-01,6.546800710082540942e-01,4.757679852850925650e-01,8.717520099535622791e-01,9.732188957707732513e-01,4.751074359554646187e-01,9.017182546647842800e-01,6.611232924481020845e-01,8.600373803374724568e-01,8.313347543110888305e-01,7.562249500700912730e-01,8.302972932492402869e-01,4.645234732181151571e-01,9.072258502466755692e-01,9.036863291332023485e-01,7.123203292912521079e-01,6.508088344389655333e-01,5.042217171095066952e-01,6.440679064620334904e-01,3.370740857960468073e-01,2.296184774735226530e-01,6.116711365942144596e-01,6.793445629400928221e-01,7.057502007659341992e-01,5.163022604208838962e-01,2.692441454265139811e-01,9.724993201979894586e-01,9.956543223440316170e-01,7.754101593291826688e-01,9.374506964838672518e-01,3.676946839986933169e-01,2.299735214719666465e-01,8.867139714590003274e-01,4.070746139592789636e-01,9.171220704589801986e-01,3.400728542406337152e-01,7.649037703928162069e-01,9.782365241851753712e-01,7.771211863648131990e-01,7.635474049988753009e-01,3.354529929659709753e-01,9.435648411011750003e-01,7.793496838253313186e-01,9.805502827135124111e-01,9.963593167539402939e-01,9.108755975375461000e-01,8.146051174506382386e-01,7.222657946625461456e-01,5.898951700133310272e-01,6.497455419558433309e-01,7.916730124914399536e-01,8.866731788151805960e-01,8.923035641867674839e-01,7.262726120271402186e-01,7.726453689633515365e-02,6.512645336249851535e-01,3.642396408643119310e-01,9.632742207728394179e-01,9.074793154536566764e-01,9.535982944161225383e-01,7.032989989930564789e-01,9.953931076136840472e-01,4.623660709395528423e-01,6.016954125565320277e-01,7.068580352992268612e-01,4.478291906403096823e-01,4.450211030967999859e-01,3.951644733430670353e-01,5.657636256460431001e-01,5.410193390587784146e-01,9.242435156420030218e-01,7.530892463169629458e-01,8.850014058802163630e-01,2.703254673601803715e-01,2.674243454388403052e-01,7.888137863706135011e-01,9.309180432551877882e-01,6.593299993060768305e-01,4.533220259988602341e-01,7.743375710290364422e-01
6.723955195995936496e-01,6.285051181214201810e-01,8.338703489792105294e-01,0.000000000000000000e+00,6.264369821115025605e-01,9.668999890669629504e-01,6.103863913558164045e-01,7.514570196382761580e-01,9.345719790062585464e-01,6.316054280456147030e-01,9.440481406885097293e-01,9.253790615240002904e-01,6.736877731061643448e-01,8.633431508940472288e-01,9.958108283965598773e-01,4.561854625780948913e-01,6.604037523679309185e-01,1.774670384753232466e-01,8.288838266656192166e-01,4.405426539136459430e-01,7.463676596832812260e-01,6.095142598871872153e-01,6.439760215568315349e-01,4.609487608847148699e-01,5.102293653751291957e-01,9.683460411006297175e-01,9.463885670591769550e-01,9.070263126931301656e-01,5.460745998514625610e-01,6.795205970489955893e-01,1.765777977164350310e-01,6.987425367853187241e-01,2.686605393713036305e-01,4.766610942785687310e-01,9.674133847932947505e-01,2.366474967188867129e-01,7.402919443671777955e-02,6.703398311454709102e-01,9.068329417986756846e-01,6.817090153052022261e-01,4.524976451997574367e-01,9.352265442047691391e-01,6.623401799804811141e-01,6.484820101578258056e-01,9.135790976870640234e-01,9.868440117260218747e-01,5.052523672037573244e-01,9.036276041027614392e-01,8.886708182694789127e-01,3.522549320568534315e-01,7.609463161484960603e-01,6.546189380826099580e-01,9.295526104737634743e-01,9.789780258395963664e-01,9.253805449471310673e-01,5.484751660672984030e-01,4.728925785787548852e-01,9.775123561980939568e-01,6.019346103121733238e-01,6.959967980504854212e-01,4.266150579763713369e-01,6.274105168473008698e-01,9.884031489570803686e-01,8.437545439127658309e-01,8.633455725677493531e-01,5.796942223061417598e-01,3.983649116136039336e-01,8.451413129750899866e-01,7.216051861365726516e-01,5.661580118029762021e-01,8.688927131166552797e-01,6.251407996303375292e-01,3.852924883368115117e-01,6.574482059744156670e-01,8.044104391855274594e-01,8.689630687662619479e-01,6.955525249799018317e-01,4.822946602692678164e-01,6.516246675843401226e-01,4.031611942764590784e-01,8.936725662334269460e-01,8.720348765728898055e-01,4.797416981128095892e-01,5.658606550745532981e-01,8.021968086432755829e-01
6.559976381545287172e-01,3.510328464413162153e-01,7.318068472903269672e-01,6.264369821115025605e-01,0.000000000000000000e+00,6.433928735102570906e-01,6.006923727638336930e-01,6.558809242717497101e-01,8.512526947058578486e-01,5.568580047150969436e-01,8.909107436409315905e-01,6.520441925439444120e-01,-1.869896130321897776e-01,9.627469857907569040e-01,3.273030955219259353e-01,6.065983525395313158e-01,8.455310210303650376e-01,9.758535384917044198e-01,7.514597106952718431e-01,8.827733063636826749e-01,6.509677387984905694e-01,7.800159183995494239e-01,8.512021234279869564e-01,8.882338656636515895e-01,6.818498094201088655e-01,9.102564440667810786e-01,7.308324448489019742e-01,4.401081775451719524e-01,2.309973396453923744e-01,3.090564897707365200e-01,2.435946444384320120e-01,6.827273858176177157e-01,6.368611203590647252e-01,4.340949252801014624e-01,6.934666884631699446e-01,5.559537434126136102e-01,6.707215675614499606e-01,9.211495675221708090e-01,8.980320677999316104e-01,8.245286735918396781e-01,4.631171236716559170e-01,9.715426259103554507e-01,6.233487314673955559e-01,5.487501722169498830e-01,8.832535833390617874e-01,9.543978388197811302e-01,6.088759429777110821e-01,7.407003544662432715e-01,7.591523916323775767e-01,6.793133276638094742e-01,-2.580395346809574719e-02,9.270480955361303232e-01,5.493258578766766487e-01,8.892587899443068489e-01,8.498617590582351333e-01,8.980966852827404479e-02,2.516785510212876664e-01,8.482257415276376333e-01,4.212320059736309741e-01,8.998305951043102935e-01,5.308524212416227961e-01,6.547266962159603576e-01,9.032629056345313767e-01,9.734321826505661912e-01,9.170254305185975285e-01,8.525172445131957710e-01,8.795253472048331078e-01,1.984078043696683447e-01,7.333879882785804272e-01,6.856540748876698288e-01,8.432165639570580185e-01,6.112524675018685683e-01,4.856455368446843113e-01,9.471043394142152072e-02,9.887553178268269072e-01,7.915769534345126202e-01,6.119473780309757638e-01,6.897970024585448057e-01,2.481294985196515201e-01,7.482519691669186068e-01,1.933995275091673627e-01,9.522379674674018579e-01,9.778918906697380287e-01,1.806888463926378252e-01,3.200847994616794479e-01
8.841702341818850064e-01,6.273420306387693657e-01,9.586475462966813632e-01,9.668999890669629504e-01,6.433928735102570906e-01,0.000000000000000000e+00,4.684585803944624205e-01,4.364317258894681029e-01,8.495310190724754129e-01,7.827031740810572735e-01,9.745942518365602325e-01,4.287155325133084061e-01,9.459037023460782345e-01,6.814605366680152043e-01,4.062109810453261582e-01,6.043865003966548688e-01,7.174063952724790694e-01,6.482950650907883805e-01,7.752968890043494543e-01,5.673057300834749572e-01,9.328644605738338758e-01,8.565503782431349578e-01,9.101487624328079562e-01,6.899619997712698183e-01,4.596946796672534696e-01,7.383680674849864012e-01,2.653202458410122144e-01,7.202830769001608013e-01,4.141224824885020306e-01,6.230514917969200983e-01,3.155765469751992125e-02,6.793318139490462926e-01,6.493253342754459201e-01,9.683648329718915759e-01,9.793059734887693546e-01,3.407469672718402842e-01,2.094329614231529024e-01,4.464010600699144793e-01,7.821382872323322522e-01,7.505294595909645095e-01,3.572850003799061258e-01,9.108257596387036026e-01,6.716600142610484880e-01,8.151658989143759637e-01,4.859261280566545271e-01,9.440480545296909831e-01,6.370223617172707797e-01,4.037547481064643340e-01,8.090381209771816406e-01,5.322848394601346067e-01,5.967617568690465335e-01,6.447369578926217537e-01,6.995962051608838328e-01,9.479852412409001117e-01,6.693642932648635746e-01,7.276237717602169752e-01,6.487023984727380288e-01,8.478779618050275024e-01,5.545378828779068403e-01,6.940872670572415526e-01,7.091411819416321149e-01,6.603571392519316796e-02,6.070377803957092144e-01,8.484626787635950462e-01,6.658905245217694446e-01,7.449641828951323319e-01,7.937369481635148105e-01,7.794367536530087959e-01,4.310560119085881103e-01,5.465164984888810640e-01,9.937034875375492238e-01,6.700224795253146848e-01,7.442398743325259192e-01,7.270051692924212050e-01,7.504126337028380611e-01,8.010469288351840245e-01,6.409220197313196810e-01,4.619811113057690211e-01,3.213767960922997435e-01,6.803563477360701217e-01,1.736556423004219640e-01,8.402784170298724931e-01,6.201378648078820222e-01,7.963680772815023845e-01,8.761642056116052402e-01
8.188700135080145825e-01,6.788900894405102138e-01,6.546800710082540942e-01,6.103863913558164045e-01,6.006923727638336930e-01,4.684585803944624205e-01,0.000000000000000000e+00,2.692637462443546181e-01,3.427531260885989806e-01,5.256297368082913923e-01,4.807618993475891722e-01,4.757980703632538333e-01,4.665268009415707851e-01,9.368089093019785762e-01,1.765302936818733959e-01,3.506509154442822851e-01,9.269787514553078367e-01,5.534286348948667111e-01,1.802501760495406058e-01,8.602427635092347868e-01,9.880903053467803288e-01,4.535985928843133674e-01,5.422751098548826976e-01,5.321662791075717491e-01,5.834689038493037216e-01,5.304526879710849130e-01,2.776152002484613135e-01,4.401523865135207880e-01,6.881850634241150066e-01,3.534260938364244264e-01,6.514354493641576482e-01,6.362923457431760577e-01,7.849479414329514348e-01,8.447211725622032485e-01,7.538677040755152881e-01,5.720574566402631955e-01,-2.622201141263093560e-01,4.124571351974197775e-01,7.187271498865370756e-01,7.013622420344233221e-01,5.669117582647545950e-01,7.141122911953026176e-01,9.036856875794055943e-01,8.332074926831635198e-01,8.037364931150612346e-01,7.871411708111117900e-01,5.173673296842875580e-01,3.479949188990728581e-01,7.060025711482230681e-01,7.717500328017359301e-01,4.425604714785251748e-01,7.186241349834932013e-01,5.044145996772193552e-01,7.787235553373673680e-01,9.056389893881379161e-01,9.586494389933351012e-01,6.520744234233680769e-01,5.611352498962584034e-01,6.084538772263156092e-01,5.406455376690105785e-01,6.656426267887342041e-01,5.679671373713794935e-01,4.865564761845755370e-01,8.337555640925331524e-01,9.152695585050779625e-01,5.799762041429461501e-01,5.008023964149896923e-01,8.250775038842789177e-01,3.115298026297996237e-01,3.184187811488790043e-01,5.402736068974169914e-01,4.238317133146393134e-01,5.291974188386067146e-01,4.913439612415422264e-01,4.968208212947615721e-01,5.114168402728126450e-01,2.009001818810892681e-01,7.295868872579751585e-01,7.062021687447170848e-01,2.967246994115546044e-01,5.006016244138893345e-01,8.140600909878639158e-01,5.056576921938519265e-01,9.755561454997060400e-01,9.428195336787904557e-01
6.232616199439349192e-01,5.041224194474805964e-01,4.757679852850925650e-01,7.514570196382761580e-01,6.558809242717497101e-01,4.364317258894681029e-01,2.692637462443546181e-01,0.000000000000000000e+00,2.212457989378494305e-01,4.638125883555395124e-01,7.730408650137423621e-01,4.271507714038240699e-01,7.328628599567634794e-01,7.798271632547898458e-01,2.592212697185797277e-01,8.732950013228453212e-01,6.123890069895151500e-01,3.980974014000303596e-01,7.053423250392503174e-01,9.528305586273676520e-01,8.598335328690285273e-01,6.247389903604471106e-01,9.762607561762084440e-01,7.846571286408543511e-01,7.301627034305584463e-01,7.365289983667415719e-01,1.282630368263298903e-01,4.235427785734512951e-01,4.246793584810299449e-01,3.764867624382040034e-01,5.455272171914492541e-01,1.661559099423902675e-01,6.983246108599995283e-01,7.762630884881562832e-01,4.102809516100383025e-01,4.189428615397473021e-01,2.960875071308371465e-01,2.659038310110648506e-01,8.100017593184698494e-01,7.580918211476366242e-01,8.521652903631462550e-01,4.899544533995356943e-01,7.663525947390580351e-01,3.251132326311532150e-01,6.297558727054815009e-01,2.910520107059723638e-01,6.629765715798580095e-01,4.437695926152305237e-01,7.455793231249749908e-01,7.985021668604841416e-01,3.794501675452477407e-01,4.694955328863988919e-01,6.598748267511381771e-01,6.468638929979110275e-01,3.592706783797442460e-01,6.128426562008078005e-01,5.673750190446920083e-01,4.470170696240247654e-01,8.231658976413378515e-01,4.056546528020287257e-01,6.812620222934370195e-01,6.932793937949275342e-01,9.430101996771523831e-01,2.892485161999240884e-01,5.470438068981371416e-01,6.718921915487937602e-01,6.186862068823585359e-01,4.762424447672992112e-01,6.085771333889525847e-01,6.416310437002766820e-01,7.615673451243039072e-01,4.456544634871307808e-01,5.322700419573674901e-01,5.449604680616630947e-01,6.078791925878556102e-01,2.492585678873782684e-01,7.489866203545850754e-01,5.494721959770579867e-01,1.653678856686964516e-01,5.166283420848347824e-02,6.928942698506221909e-01,9.376052714450161529e-01,6.568770900073516161e-01,5.762712352258394510e-01,4.319794164481058907e-01
9.061568796152228433e-01,6.653067042677232035e-01,8.717520099535622791e-01,9.345719790062585464e-01,8.512526947058578486e-01,8.495310190724754129e-01,3.427531260885989806e-01,2.212457989378494305e-01,0.000000000000000000e+00,3.509199073308522099e-01,5.409247261112282157e-01,9.036762009527555817e-01,1.572674609951435765e-01,6.410787177888065402e-01,9.348591950736677703e-01,7.731919054753165765e-01,8.525571281667677637e-01,4.974718680013454630e-01,9.952644845610176816e-01,6.597489559200782061e-01,8.987910522220035059e-01,2.560129831783539145e-01,7.524431384434573378e-01,8.088285577646711078e-01,5.406285439296770745e-01,8.735166991345335585e-01,2.975060001147413757e-01,4.305924174226042900e-01,6.935307588011244695e-01,3.497541281843559724e-01,2.137010608238833209e-01,6.134819487499275636e-01,6.439794360966897280e-01,6.216479546244321197e-01,4.472779637824300658e-01,4.951069521083308889e-01,5.373195487918985824e-01,6.662926591107847241e-01,6.486203683637316031e-01,7.652842495766035702e-01,5.048969547019640514e-01,4.996474755520171618e-01,7.765424140480410298e-01,4.537838749791235360e-01,6.104473656000196646e-01,8.241757459628459292e-01,9.259343606648257063e-01,8.149444494186701693e-01,6.411943108454594142e-01,5.297559408472993919e-02,4.969219423878462050e-01,5.816192737845518046e-01,8.141860806519616300e-01,6.882427327008348028e-01,7.797049352377896092e-01,7.613361096196875621e-01,8.462425955538400713e-01,6.562774755401232785e-01,6.695909695649884252e-01,5.264140884958591338e-01,1.768810109962886956e-01,5.662939628957422977e-01,6.195735726951143718e-01,5.714480861726295435e-01,8.602080026080810571e-01,6.158831563092243000e-01,4.743609449501232089e-01,7.264131155936077722e-01,4.842385439159805904e-01,4.625943778721362531e-01,6.369830538376881623e-01,5.644615670808528218e-01,8.455040907122105542e-01,2.642627024926766932e-01,4.030448432931813540e-01,6.089752528905805207e-01,4.778920828439239266e-01,9.709215536528312818e-01,7.038318901525206783e-01,7.228701599839989500e-01,9.003415007821619076e-01,4.743032264545196108e-01,7.019595069774970941e-01,7.961180987486953242e-01,2.967943311837781817e-01
8.509754535636875339e-01,6.750965169236784469e-01,9.732188957707732513e-01,6.316054280456147030e-01,5.568580047150969436e-01,7.827031740810572735e-01,5.256297368082913923e-01,4.638125883555395124e-01,3.509199073308522099e-01,0.000000000000000000e+00,9.982619905556309181e-01,4.697728330496601656e-01,7.546450011220929843e-01,6.469741739349211818e-01,5.451942107372946822e-01,6.735723935468145296e-01,9.962834963137573441e-01,7.628193017727763481e-01,5.478936512252152724e-01,9.616752329234705687e-01,9.606960062644187559e-01,7.410657537720674037e-01,7.930306465996571630e-01,6.351203578148258977e-01,5.753184247352978176e-01,4.092177377504054858e-01,2.304656494987078197e-01,8.271042464761263480e-01,4.561220413285856368e-01,1.428380851448342037e-01,4.813831156600719696e-01,7.985652247827085271e-01,8.805207020235626958e-01,6.536374492200381914e-01,6.870873368681715831e-01,6.338518553071461614e-01,3.696040582247787643e-01,1.066865638025892848e-01,6.250784236522046733e-01,5.201533234185387045e-01,4.688487694302629905e-01,6.370343208612370134e-01,8.441425316971028492e-01,6.815982438809194965e-01,6.063918009947125709e-01,8.718005222899111173e-01,8.938207130958922830e-01,8.540150961947712283e-01,2.019190879710453801e-01,4.415298490078774507e-01,7.202006253478888675e-01,5.776751644278085296e-01,8.315400718972770777e-01,2.966464833119378253e-01,8.016613872865632207e-01,8.941065889479096196e-01,7.695982208499950739e-01,4.061675286464446755e-01,7.212861069755270860e-01,4.730710954180267214e-01,5.511852787905164863e-01,7.714696189897057854e-01,5.468708162974242892e-01,7.967433633662458492e-01,9.835825492831133943e-01,7.053751112086966701e-01,9.522334004352206449e-01,7.682266178487344721e-01,5.809684386388320743e-01,8.752673020554675443e-01,7.758941098511333845e-01,5.314234382739533302e-01,6.407660925897543658e-01,3.316684814115343771e-01,3.280379115155375169e-01,9.809345256353811937e-01,5.382302174566849784e-01,7.000402366107776331e-01,7.561354847175216776e-01,2.888170271794249233e-01,6.895509264424173335e-01,7.170734688833765302e-01,7.431236747318782365e-01,2.970062402964302462e-01,9.325399970898418101e-01
6.629107247645518175e-01,8.104654864963493077e-01,4.751074359554646187e-01,9.440481406885097293e-01,8.909107436409315905e-01,9.745942518365602325e-01,4.807618993475891722e-01,7.730408650137423621e-01,5.409247261112282157e-01,9.982619905556309181e-01,0.000000000000000000e+00,7.094666909043400027e-01,6.356840355419898225e-01,3.243778067731474812e-01,7.430447237949808770e-01,7.648419875438674520e-01,1.896295913862553473e-01,4.890277917096490512e-01,9.293700394716691848e-01,8.873056530002169096e-01,8.411371952858115453e-01,6.072444053361982785e-01,7.261767321933345620e-01,6.940855616159972152e-01,6.217289536934131888e-01,6.225596236054761201e-01,7.398347469881422223e-01,6.037162164097468198e-01,4.503243386377854818e-01,4.194314574789685945e-01,7.295005801472469464e-01,2.674565970089257672e-01,7.320740199556139416e-01,7.357067497838905012e-01,7.589998529860785270e-01,4.246103814758077633e-01,6.952252083424856899e-01,8.823213580938680245e-01,8.826362751458202149e-01,8.250366262037457377e-01,4.486508355754430522e-01,4.042853587819468242e-01,5.547782593789598593e-01,8.934870722825264400e-01,9.800640540678585699e-01,5.004330678573035707e-01,8.820424496979594187e-01,8.518947617550742812e-01,4.015579358378353336e-01,9.404670608815932642e-01,9.982018426269149147e-01,9.753512971847697610e-01,9.491307880705780464e-01,6.814680610885166523e-01,8.060752731431689577e-01,4.216239146282195760e-01,5.884084576201046302e-01,5.588919905813567457e-01,9.354284687285450151e-01,6.280517323782970340e-01,4.863874414308111405e-01,8.732829964683537227e-01,8.724940226412843947e-01,5.504324278685249761e-01,7.251456317132763951e-01,6.943715580585898550e-01,5.667290254742430866e-01,8.922913813077706369e-01,5.850978812602288803e-01,9.534669412348671935e-01,7.487963535685245864e-01,9.463192833850795349e-01,1.349055842876830114e-01,8.493213415232584440e-01,3.741177769677520026e-01,8.734107986096628640e-01,6.278084621119589537e-01,2.122883328851478957e-01,2.874309393788579414e-01,1.596952182441589985e-01,7.670624225342441704e-01,7.008236838329156004e-01,5.849111876000294696e-01,6.757211415125603526e-01,4.266734736378287041e-01
8.420602241835825064e-01,9.435173795254403473e-01,9.017182546647842800e-01,9.253790615240002904e-01,6.520441925439444120e-01,4.287155325133084061e-01,4.757980703632538333e-01,4.271507714038240699e-01,9.036762009527555817e-01,4.697728330496601656e-01,7.094666909043400027e-01,0.000000000000000000e+00,9.791278498425283194e-01,5.674840966724157276e-01,7.773661912407588970e-01,9.992888481105400844e-01,6.092777257189877504e-01,5.698406828523072676e-01,6.125958553005591556e-01,9.162629883478268233e-01,9.917484047231180933e-01,6.367888352949611086e-01,5.851614796352793135e-01,9.939218788524727399e-01,4.167116526804446885e-01,8.468936979066279402e-01,7.337762008154065096e-01,3.983856935172305769e-01,2.980525466729204709e-01,4.599166005786629041e-01,4.732500400280829633e-01,3.099813962837267844e-01,8.157339746843272899e-01,6.601976964912270596e-01,6.501136807514924509e-01,4.387056652010994373e-01,1.363814618304069054e-02,3.190634152175014782e-01,8.160627398423094814e-01,6.002696865115940694e-01,4.207064505831022982e-01,9.180625301991388598e-01,9.970210248436530698e-01,8.334366636514705107e-01,6.576952792144412641e-01,7.946080694497905661e-01,6.480938867036311057e-01,9.313377904031729937e-01,3.350356389243583366e-01,8.311099309559780712e-01,7.046377588115787516e-01,9.510196751501199808e-01,2.665395735040255176e-01,7.312319789566913419e-01,9.412071283575339509e-01,6.512792674186009823e-01,7.411345734321770351e-01,8.501614533977843724e-01,7.439194122578218771e-01,6.905790218807642544e-01,2.272890393088591310e-01,5.977973892333461325e-01,9.518552259767758539e-01,6.494096397386261987e-01,7.514716254257752803e-01,6.441597596692700822e-01,3.474251669854921953e-01,7.673310545122389303e-01,7.816424053828968654e-01,8.913218061838336093e-01,5.607532969001116641e-01,5.106259743746901503e-01,3.405220411385657675e-01,8.064572556932492198e-03,4.233266665150944852e-01,7.172596817100237443e-01,6.407923766033440938e-01,6.046730044958948946e-01,2.311104728322313506e-01,2.088570742866450725e-01,7.642261551724334190e-01,8.704343056313935678e-01,9.224679454435615877e-01,7.148459716234617511e-01,4.029927657687916720e-01
9.797696982677425170e-01,6.181148932980224942e-01,6.611232924481020845e-01,6.736877731061643448e-01,-1.869896130321897776e-01,9.459037023460782345e-01,4.665268009415707851e-01,7.328628599567634794e-01,1.572674609951435765e-01,7.546450011220929843e-01,6.356840355419898225e-01,9.791278498425283194e-01,0.000000000000000000e+00,-2.024513100620093375e-01,9.352932975758445622e-01,9.137077501112957911e-01,-1.634578208698697632e-01,8.224605532935251873e-01,6.800563159333983254e-01,8.287270194007347879e-01,8.867841882958850119e-01,8.367818173970549278e-01,-1.114400228887874600e-01,8.973667879167960271e-01,4.074669844583630463e-01,9.521894207651265818e-01,5.894572968790221523e-01,8.807404395442367528e-01,6.447795291216397162e-01,2.198089442958699458e-01,2.947200930047449430e-01,5.366920332347827616e-01,9.388136453422395444e-01,9.305725489600962241e-01,8.258011963743238093e-01,1.321451958663938109e-01,2.694633558283467956e-01,4.804716124070662620e-01,5.666139506446236096e-01,7.196637355719130991e-01,9.595129759003300229e-01,9.045335172198893936e-01,5.618666766874572671e-01,4.118430723714456287e-01,9.875124648564068686e-01,6.620997417023969378e-01,3.787427295571840213e-01,7.316658617526423658e-01,6.952589458226319241e-01,5.997732509057148720e-01,5.048327984858947959e-01,8.703002533950571218e-01,9.253143635163397773e-01,2.887841614318005790e-01,5.505928961248625075e-01,5.420004124259479861e-01,7.323707452503427362e-01,5.005440790315867083e-01,8.711239126542557054e-01,4.024764195204861839e-01,7.189709155020629350e-01,7.292303173236258651e-01,8.116016722490221325e-01,8.592239949063756876e-01,8.679642985058957372e-01,4.886297116653846029e-01,4.200365081063742179e-01,4.132608166405104533e-01,9.042856697194023852e-01,9.943403959328709352e-01,6.163257275631374155e-01,2.816540116748491585e-01,5.423351506319371573e-01,7.913967844652270989e-01,3.774432193799137636e-01,8.504176962964862252e-01,4.186980714103415435e-01,5.158407979049668413e-01,2.159028678965538572e-01,3.430185346871955088e-01,8.309211302374917008e-01,8.744253092590906773e-01,9.236876038845337478e-01,4.421339956825821038e-01,8.874734314561476545e-01
8.746667592116359469e-01,6.490624190155369622e-01,8.600373803374724568e-01,8.633431508940472288e-01,9.627469857907569040e-01,6.814605366680152043e-01,9.368089093019785762e-01,7.798271632547898458e-01,6.410787177888065402e-01,6.469741739349211818e-01,3.243778067731474812e-01,5.674840966724157276e-01,-2.024513100620093375e-01,0.000000000000000000e+00,2.839851041835737000e-01,3.066753379455506856e-01,8.851731265423657957e-01,4.085469236546402927e-01,8.646752863123602362e-01,6.021613521231473642e-01,8.829393112634277285e-01,8.965365792243281673e-01,8.848652712513598306e-01,9.867735853035941584e-01,9.902373868457621242e-01,7.441053981752927537e-01,8.038013440299641710e-01,9.162145150138025773e-01,3.170556093728175706e-01,5.960918932942738113e-01,1.349642516350274268e-01,5.007414068993182310e-01,8.715204296438959775e-01,4.033242785103582362e-01,5.925505081004009966e-01,4.781998644490036976e-01,6.300302902060443966e-01,6.897474687135349836e-01,8.083294397058815584e-01,9.472592173871523524e-01,2.249461431170882431e-01,8.937086311749976586e-01,3.908848549856135390e-01,9.565656081598916671e-01,8.494899265517882325e-01,7.065507096666172604e-01,8.687559985473747304e-01,6.988455163932233427e-01,9.848401080125850360e-01,7.378136178258623001e-01,5.142694226016052417e-01,9.844189863550321107e-01,8.241351571344346372e-01,7.976306304518583357e-01,9.985296446779199364e-01,8.246684720449822814e-01,7.256981822736110477e-01,6.955015432400757369e-01,8.744852539692290483e-01,2.530211616272812214e-01,4.132185624433644400e-02,6.303437953955359774e-01,6.289743373351724953e-01,9.776332685978333936e-01,9.080110632859547115e-01,9.718725487509412009e-01,6.900549794979637941e-01,4.752572302502062196e-01,2.295054353884220244e-01,9.096360517222341624e-01,2.843224627529595816e-01,9.171132337005063473e-01,5.382278670726056147e-01,5.693579630757846788e-01,6.819274085782536243e-01,3.183995103920984615e-01,8.520561730887035168e-01,6.833198258420524196e-01,6.284986628891992000e-01,4.518252477813673729e-02,5.573826159605668185e-01,4.381728484025965153e-01,7.303779518194165599e-01,7.905779875305224413e-02,-1.544824996147955432e-01
9.812314807275381856e-01,4.958227814391680810e-01,8.313347543110888305e-01,9.958108283965598773e-01,3.273030955219259353e-01,4.062109810453261582e-01,1.765302936818733959e-01,2.592212697185797277e-01,9.348591950736677703e-01,5.451942107372946822e-01,7.430447237949808770e-01,7.773661912407588970e-01,9.352932975758445622e-01,2.839851041835737000e-01,0.000000000000000000e+00,6.758703584838081646e-01,8.403053613523798759e-01,8.907761861956678962e-01,9.981291698104435284e-01,8.601453229882897178e-01,9.844929470975869457e-01,7.451320072711395959e-01,6.471110440319101098e-01,9.810995033294592771e-01,1.873050787771757264e-01,5.882440801268867814e-01,9.005360172297577348e-01,9.503414129264629029e-01,2.239791247088676052e-01,-2.790676896622391046e-01,5.639294998519960300e-01,3.950993276779766750e-01,4.912771272772492037e-01,9.771475032681997686e-01,7.640237747428846316e-01,5.521864312501476579e-01,3.919600334828414745e-01,5.718896491451895825e-01,9.450416849397258456e-01,3.690399866401961049e-01,2.528876825359814284e-01,3.230304811271426657e-01,8.353263406032382932e-01,3.998493499238451876e-01,6.098743128370948119e-01,7.540725572115062336e-01,6.204762469904862021e-01,9.503245418927902533e-01,1.337587493078600254e-01,3.169466402761149104e-01,6.972610382777157945e-01,9.360090116673531746e-01,8.202529199065972110e-01,6.792320449146111994e-01,1.263563739632096450e-01,7.323916180309556490e-01,5.589297047331331925e-01,8.434632944288872336e-01,8.340327766407851229e-01,5.509824890000779574e-01,2.664624998431674996e-02,6.101866624688415675e-01,6.154665591455861229e-01,6.591019886369642311e-01,8.162247449553893253e-01,6.245747619269519380e-01,7.600454319372277334e-01,9.651594332612248861e-01,3.510445817094808296e-01,5.574305559459570292e-01,8.756267352304283325e-01,4.450652542537996692e-01,5.403542921798357712e-01,6.014745456147477798e-01,6.105538437976593125e-01,8.519413045928928563e-01,9.993369605599020655e-01,8.585323654543324245e-01,4.665740018139336587e-01,4.260932797484794365e-01,7.211846321393138304e-01,6.427042892353157510e-01,6.248400577679554813e-01,6.985208796838009437e-01,3.326818521819493446e-01
9.884090999512423759e-01,3.706944172051528374e-01,7.562249500700912730e-01,4.561854625780948913e-01,6.065983525395313158e-01,6.043865003966548688e-01,3.506509154442822851e-01,8.732950013228453212e-01,7.731919054753165765e-01,6.735723935468145296e-01,7.648419875438674520e-01,9.992888481105400844e-01,9.137077501112957911e-01,3.066753379455506856e-01,6.758703584838081646e-01,0.000000000000000000e+00,6.834940987919027044e-01,4.866335896964584795e-01,7.159019083163963293e-01,9.898857312649591567e-01,8.295523852225168415e-01,7.662728894486457998e-01,7.581637578730042737e-01,5.024483392580696428e-01,4.289060514753578746e-01,4.191109916402079305e-01,9.735056815494668170e-01,6.272379163142051128e-01,5.531318605015091983e-01,7.748278618524668815e-01,2.679972682860950473e-01,5.050009421391601361e-01,7.735229781824628503e-01,6.074894122029300680e-01,4.659122345376665031e-01,7.335605210705845591e-01,7.266107581785678782e-02,9.814774213957009330e-01,8.227134887420558540e-01,7.094252155068687671e-01,3.816034905919040154e-01,6.788187323281738017e-01,6.070883207300425966e-01,6.523342643930907236e-01,8.106674193924962024e-01,8.777914528019676865e-01,9.982173369870673829e-01,4.092466082936652150e-01,4.987720267637727467e-01,8.508804300051159286e-01,7.878076579042245786e-01,7.805131677558984071e-01,5.322144757424330797e-01,9.022508871628003302e-01,3.315399622200005947e-01,9.334286381159345725e-01,9.978124213441035284e-01,3.686268299299192419e-01,3.275247206038204295e-01,4.070688357284170666e-01,6.117553200236863775e-01,8.540860641993500701e-01,8.118702554727349474e-01,7.200521578537986134e-01,6.988793927631371528e-01,3.884355950680226099e-01,2.078910844946909864e-01,9.113377117556663576e-01,2.160508486972257669e-01,1.170221705819867453e-01,8.083173003445386362e-01,8.092430840640404410e-01,3.892053752814635392e-01,6.187474708961635539e-01,6.854946069029108635e-01,6.917328351192513214e-01,5.820631318645987928e-01,5.339525374045905881e-01,4.417871620989562431e-01,-7.499478834157255469e-02,6.525380422075280906e-01,5.239377528246826898e-01,9.031961854245589283e-01,2.447255931662333309e-02,7.596868656768123174e-01
7.816438576208439848e-01,7.444709985019475340e-01,8.302972932492402869e-01,6.604037523679309185e-01,8.455310210303650376e-01,7.174063952724790694e-01,9.269787514553078367e-01,6.123890069895151500e-01,8.525571281667677637e-01,9.962834963137573441e-01,1.896295913862553473e-01,6.092777257189877504e-01,-1.634578208698697632e-01,8.851731265423657957e-01,8.403053613523798759e-01,6.834940987919027044e-01,0.000000000000000000e+00,6.800540839252900982e-01,7.070273462421551303e-01,9.181709909677693293e-01,9.026443878784237151e-01,9.588263366935195764e-01,8.667197876186085725e-01,5.185264092645830436e-01,5.003893824601851614e-01,8.090528622857451335e-01,5.454620911975038844e-01,4.211411231611916772e-02,5.265904082289771804e-01,1.495341900606447505e-01,2.204851467865400969e-02,3.542820215799544759e-01,6.468732501379542699e-01,9.023883588533333500e-01,8.146257494085176187e-01,5.413505019313236133e-01,5.897242480555486832e-02,6.246960637923917314e-01,9.385945857536491799e-01,9.183823107281766651e-01,8.383962176816437406e-01,7.039660150793878302e-01,6.111098623125144069e-01,4.782390161336809165e-01,5.221343364654082997e-01,6.236510641445365266e-01,6.625869425417668657e-01,9.869699070764000881e-01,9.985928338665420734e-01,5.649191559267219276e-01,9.025258132918407838e-01,9.826115195532014734e-01,6.661276800650931529e-01,6.574128241475110102e-01,2.952271417742855508e-01,4.672096787875864576e-01,4.593443145958325813e-01,8.404746185636660094e-01,8.965950829784817833e-01,5.210651796941090375e-02,5.679400093530302396e-01,7.063043667838108108e-01,6.335571916632563028e-01,6.463745968132292852e-01,9.935148689693904522e-01,7.112595402225040386e-01,5.701186078253671630e-01,8.116401505747060652e-01,1.938284164968291923e-01,8.237349689240849315e-01,6.501853110644200129e-01,8.420304306761047242e-01,4.954560365916739206e-01,3.249152120089981999e-01,3.353313434027836992e-01,4.866557357028821196e-01,9.196529682340881875e-03,4.058052776265084205e-01,3.009645657696415899e-01,6.878747496105028780e-01,8.550482973333900505e-01,8.155549240058667104e-01,7.016061404993783057e-01,5.834531555132416170e-01,8.707915634464449273e-01
9.271354721243662000e-01,8.008701738386485580e-01,4.645234732181151571e-01,1.774670384753232466e-01,9.758535384917044198e-01,6.482950650907883805e-01,5.534286348948667111e-01,3.980974014000303596e-01,4.974718680013454630e-01,7.628193017727763481e-01,4.890277917096490512e-01,5.698406828523072676e-01,8.224605532935251873e-01,4.085469236546402927e-01,8.907761861956678962e-01,4.866335896964584795e-01,6.800540839252900982e-01,0.000000000000000000e+00,7.099542385339062678e-01,7.733613487782702300e-01,6.620219527825638162e-01,9.016398160430794118e-01,5.139815534731171365e-01,9.513407177226769207e-01,6.660802944976623730e-01,8.839969191679932781e-01,8.067092686814461011e-01,9.073433244319463187e-01,6.104257032648702230e-01,1.276284176810497106e-01,5.606941624523718026e-01,4.335458203764899210e-01,6.181955062485982033e-01,6.087113347584131029e-01,4.153471795607848183e-01,2.740765872974313400e-01,2.687006302568745730e-01,5.995459549329126281e-01,7.315672866123840157e-01,9.124401286998566896e-01,4.561383388572327613e-01,6.134929612930701825e-01,8.722280477058770298e-01,6.160451124694092950e-01,9.699471878783912926e-01,9.218496846409881540e-01,9.967987162368480147e-01,8.975293679284563897e-01,6.556032617071607671e-01,5.062795028669428987e-01,6.416882248719122384e-01,5.017843480788816146e-01,7.275790346293253830e-01,9.346487072412428265e-01,9.607246494834086326e-01,8.449626520229771565e-01,4.353169031149746460e-02,5.485126844987215922e-01,6.995815119882710098e-01,1.505476787858309184e-01,7.657612305048461243e-01,6.317166576475010675e-01,5.765120489548827276e-01,7.868108733062936233e-01,7.179780471593113500e-01,6.187130085212148023e-01,8.146045248238610315e-01,9.225063108194438977e-01,8.758757653716463532e-01,4.475687809324064848e-01,7.465460604648668230e-01,7.053500889030457355e-01,3.480718768731159152e-01,5.398131844127681545e-01,6.730487291300157882e-01,4.379824333701103911e-01,1.927289665168833432e-01,7.854604353231650071e-01,2.683372543531366006e-01,-3.448621831974738039e-02,5.074545174717123297e-01,8.380957450779418227e-01,7.777175345700704234e-01,-1.230025656767708975e-01,7.293447547314305668e-01
