0.000000000000000000e+00,7.627846711782246825e-01,9.415435986107212329e-01,4.672796585095566613e-01,6.989451204350125568e-01,4.938771761436288044e-01,5.092994529091223743e-01,2.531937373625225973e-01,9.692320203284374713e-01,8.286588390449518560e-01,4.153177511748974426e-01,8.499175665196621043e-01,7.502154205668249976e-01,6.198675519486871455e-01,9.208713964779253747e-01,7.408246346195440646e-01,8.705287980926936786e-01,8.960591253029303038e-01,6.579214450601362785e-01,8.440183073367356625e-01,8.973560097854623718e-01,8.353330431037839787e-01,8.676263323121202742e-01,9.906649810401664258e-01,7.114513305220360184e-01,7.540045621565562017e-01,9.333051486452381695e-01,9.317189821247879866e-01,6.783861766528693771e-01,4.290420824999705562e-01,5.101014123464983063e-01,8.337154018028496427e-01,4.690086892027557353e-01,4.322025367320473377e-01,7.225054137479887117e-01,6.995541898937771563e-01,2.588017396870484488e-01,4.502661105597507984e-01,6.097698402413380681e-01,1.014170800879912737e-01,5.397178013037885469e-01,5.196563360541324172e-01,9.247476401216568886e-01,9.403348786019783967e-01,6.480372911357246135e-01,9.996323080077879064e-01,6.146966372049231797e-01,3.873409066411801494e-01,9.811164317922348443e-01,6.314651712245776816e-01,4.157396552683370050e-01,6.482004060386851174e-01,7.694011465327917909e-01,9.634954432953064529e-01,2.962775811956922523e-01,8.392553492165737428e-01,7.778492782323316312e-01,7.877837577927445656e-01,7.232928808915911612e-01,7.349839292184427997e-01,5.170865565205935432e-01,7.672540656974415896e-01,8.090929938178776926e-01,4.492453144627407968e-01,7.743727906612318801e-01,9.448297347490356435e-01,7.591120838325330356e-01,5.320062247594898874e-01,6.533113646067059133e-01,7.094063155269330068e-01,9.897633352297952047e-01,9.665996885700329777e-01,6.536951486052364757e-01,6.624975244753280590e-01,9.661235314719143208e-01,9.016830300164608847e-01,9.246329857624593362e-01,6.202351744370575570e-01,5.348543408074964978e-01,5.372284768781554649e-03,9.766526108550843688e-01,8.321375881998004376e-01,5.152598568724294781e-01,1.346128932156081814e-01,9.998726393283533520e-01
7.627846711782246825e-01,0.000000000000000000e+00,5.716515054199591273e-01,7.454603452157393395e-01,9.289297154205724549e-01,9.050687318612489485e-02,2.070507086517000550e-01,7.366647839208588788e-01,7.316866369949691640e-01,3.797383054536547786e-01,6.834115486599925404e-01,6.798436239647389634e-01,6.591343820738422288e-01,5.351939450310339019e-01,8.176938817011895066e-01,8.281841308892168296e-01,8.496571690780916342e-01,8.157713420637358048e-01,4.510681775126156867e-01,4.922664597473073722e-01,6.037626890708859273e-01,9.338292491586610566e-01,9.550029855544744928e-01,7.037455865349814266e-01,8.396361438503220365e-01,4.179831037870763710e-01,4.991670671288316319e-01,4.049319095447608263e-01,2.543541869783118581e-01,3.493740130496456042e-01,2.356185083881006670e-01,7.698293713215536016e-01,7.668209527466443021e-01,6.945377587537597819e-01,4.231127457051345186e-01,2.704408605157946344e-01,4.721955169432550115e-01,4.287915749585848868e-01,8.661087082575349427e-01,5.826518778419350619e-01,3.392152005836746032e-01,4.413282657224489314e-01,8.496555918401182961e-01,4.807679808292490975e-01,8.733291234721871632e-01,5.627152543501948712e-01,9.012926897897562961e-01,4.714004022771323132e-01,2.776689845885894070e-01,8.506513769538723846e-01,7.646875686274081652e-01,6.291576157963990612e-01,9.691255251344120802e-01,8.328804306452419759e-01,4.099824724002941179e-01,7.277441428545805557e-01,7.754241041828449088e-01,8.581642324796966426e-01,8.914577580558513681e-01,5.066669861463825031e-01,4.801590776895049428e-01,6.398987584687190200e-01,9.016000916782469510e-01,5.624893537534297189e-02,6.691605835766015753e-01,5.279448611005937986e-01,8.417099350958229254e-01,6.996584009858117792e-01,4.870437577365328008e-01,7.585399959952714433e-01,6.429103903665014386e-01,7.334672425124693085e-01,7.852106139128890439e-01,6.113318803248801725e-01,5.498689763358122207e-01,5.222861063134239812e-01,7.795313106386907442e-01,6.435048383656903903e-01,2.456324865723220618e-01,5.077716927133495428e-01,6.416919827360206829e-01,7.931192791629058103e-01,9.941448225035105501e-01,1.673027687299282196e-01,9.095939558576098261e-01
9.415435986107212329e-01,5.716515054199591273e-01,0.000000000000000000e+00,7.550017565486617510e-01,2.270153091112734473e-02,9.845985219482860096e-01,5.871702109986361995e-01,9.729208615832281026e-01,8.059707723278523028e-01,5.701287507621288775e-01,8.449293187915165593e-01,2.648990264751208135e-01,9.454003150954526369e-01,1.468867930748750661e-01,5.135830435595372112e-01,9.080477577097275654e-01,8.793317282137008695e-01,5.833145991319076407e-01,7.388588203368671170e-01,6.420957199171005714e-01,8.034606251243381347e-01,8.591470896780549760e-01,9.778835903778313465e-01,8.622526262963364774e-01,8.802146286770032857e-01,9.219972198933021890e-01,5.708456211420558368e-01,4.616960158141387160e-01,3.091575831693171850e-01,1.818060399916706649e-01,1.697928315322063883e-02,3.564511405161804314e-01,6.342579490170116019e-01,8.673131898084613933e-01,6.246637872545153236e-01,6.105145756677313740e-01,6.013604478720637747e-01,6.988507426346145524e-01,5.073674389148690178e-01,8.294329352334035566e-01,5.156796092897982797e-01,8.408015661730766643e-01,9.718770032024427463e-01,8.180156368019221302e-01,9.423121993571119681e-01,8.933225622020340984e-01,9.416945266012213267e-01,8.771105147155229265e-01,3.078174239874230111e-01,9.749343424376291090e-01,3.546725715199518514e-01,2.552772672773937629e-02,8.246841420493157271e-01,6.583452448105090449e-01,8.657937647727835806e-01,9.418234559040038478e-01,5.017527235329176660e-01,7.100507101704750523e-01,8.048122824309942303e-01,5.701192588271523087e-01,5.541984367496137764e-01,8.129116827724603978e-01,8.614411983987064758e-01,9.634026792002741146e-01,7.097548358102223620e-01,9.275999348529839761e-01,9.866533915529176468e-01,6.270034741301810932e-01,9.425444746621259862e-01,9.605577763478613251e-01,4.739533469836331170e-01,8.007117086618615875e-01,3.905684051192850337e-01,2.870289135084820309e-01,9.263939132778264973e-01,4.164965890655361047e-01,8.363299956132396185e-01,8.635618799637591048e-01,1.799780682536530618e-01,2.911959444516877826e-01,9.419840893412492200e-01,8.767086381346249624e-01,5.426507658790312716e-01,6.832510473779244142e-01,8.778839694717477382e-01
4.672796585095566613e-01,7.454603452157393395e-01,7.550017565486617510e-01,0.000000000000000000e+00,9.307441751368437100e-01,4.829789671334941970e-01,5.473232051472356474e-01,5.019520194036500849e-01,4.994412317976369975e-01,5.431975354601317196e-01,8.521620079723413177e-01,8.146282623136478218e-01,8.057223990744558639e-01,5.139403553391060919e-01,6.926273636233394315e-01,4.471594428632690299e-01,8.656797333924073357e-01,7.335114144814889325e-01,1.418705765102225846e-01,7.107998408606829299e-01,8.945409785590328067e-01,7.659685829655049627e-01,5.680899219362894881e-01,8.528120644267226380e-01,3.608389374035836372e-01,4.009670105220873859e-01,6.511156393173496149e-01,6.120601277861139611e-01,2.112676670981220028e-01,5.383179639599935395e-01,4.086331203087260056e-01,8.992652308681768625e-02,8.584540765742263435e-01,8.470733878648768478e-01,9.184620052504151033e-01,5.543645806602509607e-01,3.384243713377240725e-01,5.723762659330140501e-01,9.788506853863310209e-01,9.605435683150760351e-01,7.563229615763382707e-01,5.512499772539738441e-01,9.696854989782786038e-01,5.143387747938763521e-01,9.785265697810736629e-01,8.184289579990482455e-01,9.553894976875381140e-01,6.915866810770912032e-01,8.979273575847864786e-01,3.435130320187688158e-01,7.968639184496528749e-01,7.147552069763040139e-01,6.246701359416030330e-01,6.541401505846440312e-01,4.089443989162721005e-01,7.050038232390446469e-01,9.499048952875048801e-01,8.450795741353434032e-01,6.151354768208605606e-01,3.978161347968220962e-01,2.731542642507688856e-01,9.979928108885152138e-01,9.562637849648449873e-01,9.484165948889486941e-01,2.056040961234438802e-01,7.815251949139394583e-01,6.425661658778314411e-01,6.454817267817473114e-01,4.641191936992487554e-01,3.961193852293675155e-01,7.774332365953693369e-01,6.021700714392348441e-01,2.860455641173421659e-01,6.453826507277571345e-01,6.224586091352896089e-01,6.896959634057572286e-01,8.922021602148716424e-01,7.111798065418970527e-01,5.138425825443216910e-01,1.655189565128642459e-01,8.777843797149651461e-01,8.918326547336586918e-01,6.875400142342347198e-01,5.456845788982680467e-01,9.697990416497040966e-01
6.989451204350125568e-01,9.289297154205724549e-01,2.270153091112734473e-02,9.307441751368437100e-01,0.000000000000000000e+00,9.181629279976929459e-01,6.621722672581388247e-01,5.206881892666370693e-01,2.667390686731835325e-01,4.512544232611491735e-01,9.949618115969592891e-01,8.762790592197799988e-01,9.141683353774721077e-01,7.870029801618616538e-01,9.645894679593415288e-01,6.868825823376371043e-01,9.327877136049262941e-01,5.780321749278848342e-01,3.915198614610243544e-01,6.860507620408248242e-01,7.158179119137013657e-01,9.108332441826720860e-01,4.127685848912846511e-01,4.811568168572464832e-01,5.863914551318160084e-01,6.982450525919201567e-01,8.195327622513959298e-01,7.695478501982900843e-01,2.305154849205894585e-01,6.290277253608036467e-01,1.008093412732708610e-01,9.240585360083612976e-01,8.799497754150344964e-01,8.482852024771629917e-01,9.922418543177700112e-01,7.627865229903427746e-01,1.145175177602954508e-01,6.565743634082257252e-01,5.181067331015085653e-01,9.870238391263924660e-01,4.919798190892378797e-01,9.191089160095514687e-01,6.662269371341238422e-01,5.531394230836936821e-01,7.004347619430445482e-01,4.551434096072942137e-01,5.077621069792584985e-01,6.063404644266091603e-01,8.340381452869143342e-01,5.339770590485750645e-01,7.673089029160505836e-01,6.454156659192694656e-01,8.786140811978033760e-01,6.689718729069288328e-01,7.752904946513154982e-01,7.375976260853038813e-01,5.744315092838050418e-01,7.126832432888574598e-01,2.630941633257798395e-01,6.592254651171757240e-01,4.638085213506802917e-01,3.929529875269254235e-01,2.798734604983010854e-01,9.329419090372433887e-01,8.286170067832431263e-01,6.543708764006272993e-01,6.014321017936528069e-01,9.775979246250060539e-01,5.617036324932911384e-01,6.036623254246049619e-01,3.795798923868703989e-01,8.218278089740912451e-01,4.705670539061292956e-01,3.220828792943698504e-01,8.607493834698959345e-02,9.163751292455498687e-01,9.747178082756645656e-01,5.423709368417106713e-01,4.885706641204409784e-01,5.173564311186816811e-01,2.495347594108142109e-01,4.651739882886862798e-01,5.885710248219172547e-01,3.576012553499889890e-01,8.674928027369024353e-01
4.938771761436288044e-01,9.050687318612489485e-02,9.845985219482860096e-01,4.829789671334941970e-01,9.181629279976929459e-01,0.000000000000000000e+00,9.617603359888551307e-01,7.922953111083700373e-01,4.031677878972301787e-01,9.178337839330159564e-01,8.855788977633173298e-01,4.177048270522102369e-01,7.340386201079162065e-01,3.817266126296091633e-01,6.518335421716888733e-01,6.251461837397179755e-01,8.152783811063861741e-01,5.033524216306707322e-01,7.966284991812897509e-01,9.887611784671574977e-01,6.010916675696817979e-01,8.628291167440635956e-01,6.213105324231715798e-01,8.865516127095400822e-01,7.151921998701893379e-01,9.632820242068629302e-01,3.606450383415131800e-01,5.330832442093000889e-01,6.653181174410355281e-01,4.775048432875839133e-01,3.253092917942539408e-01,4.657096018831917705e-01,7.170152079291393088e-01,6.882018561480262031e-01,9.611952614091363589e-01,2.821114440634139298e-01,4.971821000575990523e-01,8.702593825923102266e-02,5.167380835934787253e-01,7.603879381564266904e-01,4.752402952989870366e-01,8.516134975033839982e-01,9.950454337901878388e-01,7.490829210511883440e-01,4.284087207282941123e-01,4.723736770707426258e-01,6.781945581065150774e-01,4.854391147172929522e-01,6.174248217099539415e-01,5.760206249668490264e-01,8.557917235257868072e-01,9.548936826980183312e-01,9.912188616185881873e-01,7.502062842533238074e-01,3.511428167599786043e-01,6.842226116448365536e-01,6.286763834062467637e-01,8.398919676020910607e-01,9.811541069426071848e-01,5.145929137240183859e-01,6.439785301403944118e-01,7.202914244035594216e-01,6.896141953595454899e-01,8.230056465134313326e-01,8.672059269970020523e-01,3.617752233465183487e-01,7.438391312598773286e-01,6.002677561998319700e-01,6.575796901361936619e-01,7.443216863432736696e-01,8.821631332192989561e-01,7.787202292820549765e-01,3.568567837005772736e-01,7.161201346612128260e-01,7.566572610766491014e-01,9.942384598050756361e-01,5.022275492842727118e-01,8.233719033851859548e-01,9.937090779357544978e-02,8.511633371415060212e-02,7.824816160022146638e-01,7.560882988398263116e-01,9.569459140169517264e-01,6.624033585966067061e-01,5.362333457502009848e-01
5.092994529091223743e-01,2.070507086517000550e-01,5.871702109986361995e-01,5.473232051472356474e-01,6.621722672581388247e-01,9.617603359888551307e-01,0.000000000000000000e+00,6.642238296294729061e-01,5.613509788125510269e-01,7.032962006710341551e-01,7.897217616598191103e-01,7.416015403013616059e-01,5.896885030327704280e-01,3.115517962889981507e-01,7.966453875914931704e-01,4.675853603057580354e-01,9.353219225924710445e-01,5.838863517540262560e-01,7.590039966347641442e-01,8.370422167868093455e-01,6.368763860009821753e-01,5.546370864601279926e-01,4.716377300571080733e-01,9.414830501086068892e-01,7.843662359675089846e-01,7.007348267315137713e-01,9.660814206040597707e-01,6.424607801875265034e-01,6.630750465921857462e-01,6.100880855008231629e-01,5.286686240053100061e-01,2.543346397185542451e-01,5.677807680841693294e-01,7.216465659777042685e-01,5.915062782592299673e-01,5.443011076955395211e-01,2.623004552577859472e-01,-2.137511759552646051e-02,8.901822965071414240e-01,6.425110555847522997e-01,8.067360019949646466e-01,7.473988323051675708e-01,9.777549274589772965e-01,8.699515763073476515e-01,7.199690464243204691e-01,5.956060273729659738e-01,6.803621808667084103e-01,7.740285189136453248e-01,7.144964740599408781e-01,7.689601402979637790e-01,6.384023321276817153e-01,3.342735656984562875e-01,5.025737812748314326e-01,5.497398652754109660e-01,4.125758274803240089e-01,6.202136483239995002e-01,5.507297993019830695e-01,2.432401384649741094e-01,8.802841658732336594e-01,3.265591410566170971e-01,2.362138891249130346e-01,4.634252261912565896e-01,7.275112030120175488e-01,6.147101500599159163e-01,8.581094792051831011e-01,7.147498661306622703e-01,2.313859172549769805e-01,8.504838168184135627e-01,2.862748425210720482e-01,8.721737882843562106e-01,5.698757315393740974e-01,7.003805218988952142e-01,3.785135605974923045e-01,3.223457939319535059e-01,3.075239643061142836e-01,4.802356008189372916e-01,5.045323733045963266e-01,4.000296126195647672e-01,2.942709288859028938e-01,3.781888730546858479e-01,4.972931010435828192e-01,5.802636431091319213e-01,4.770470471536560897e-01,1.984771761639615995e-01,5.332252833805398717e-01
2.531937373625225973e-01,7.366647839208588788e-01,9.729208615832281026e-01,5.019520194036500849e-01,5.206881892666370693e-01,7.922953111083700373e-01,6.642238296294729061e-01,0.000000000000000000e+00,7.931872003533704252e-01,6.056767944622504229e-01,2.474394509127905428e-01,6.579033276081647230e-01,8.580658435418176966e-01,5.087774817601175004e-01,5.073948741853432365e-01,5.583261236872191224e-01,7.187591517342883929e-01,8.970704089899750322e-01,7.595537490420560811e-01,8.991326610373306938e-01,6.781824535883055338e-01,6.996810583941696082e-01,6.361841122648521640e-01,8.094390587675686088e-01,5.427336909499320683e-01,7.922743349471497165e-01,6.293608260843266411e-01,4.232002030616701660e-01,2.940225629562177589e-01,6.200348905687219636e-01,2.728183362553513458e-01,6.864086692139423906e-01,4.903633543210638157e-01,7.793322501964307092e-01,9.425633739106306086e-01,5.373587687045715544e-01,-1.183638006785640573e-01,5.598506393232681733e-01,3.219835756346801081e-01,8.594326587020266750e-01,1.257520596921502063e-03,6.650957649111431946e-01,9.173914710523296545e-01,5.846812891502171095e-01,6.861889268771722561e-01,2.998946750640623105e-01,4.867217321028826649e-01,5.929699938403978354e-01,5.159735308027545431e-01,7.096074763092032889e-01,4.921418723313651378e-01,7.517383574133896795e-01,8.598198680396450522e-01,6.218788685822018714e-01,6.829884923965960919e-01,8.349049990370562835e-01,5.462679517915494110e-01,3.096397310011870241e-01,9.224684763206190130e-01,7.997174882403795815e-01,6.061626159682395043e-01,3.483253239453989458e-01,9.670724588243702069e-01,2.178737468107949937e-01,7.268967585964504208e-01,5.236579784667869664e-01,8.328302478720722712e-01,9.675084941084911572e-01,9.415138044986290922e-01,4.483771578416377301e-01,9.088568597090337375e-01,5.410689471379362958e-01,5.554779130542747412e-01,1.950109956224435059e-01,6.160259818605114956e-01,6.408330022272173965e-01,4.552899967097246425e-01,1.083004450242789352e-01,6.726901839771354252e-01,1.015105240869932646e-01,5.783322687816914165e-01,9.675157127208399155e-01,8.352843455022297414e-01,4.219169119006114382e-02,4.704134082352070534e-01
9.692320203284374713e-01,7.316866369949691640e-01,8.059707723278523028e-01,4.994412317976369975e-01,2.667390686731835325e-01,4.031677878972301787e-01,5.613509788125510269e-01,7.931872003533704252e-01,0.000000000000000000e+00,6.218050964928497626e-01,7.223953084903229627e-01,5.484129649078359758e-01,4.431913650345352118e-01,9.783298591813414102e-01,2.520208972438311434e-01,7.814631500918751694e-01,9.181573858458337289e-01,5.045896686516067042e-01,6.016344125045710589e-01,9.303347261709734584e-01,7.394024797107503488e-01,3.050921206808356323e-01,6.730485627609348320e-01,-1.331060984457899110e-01,7.956424477980994503e-01,7.953522380397772817e-01,2.334154465858909178e-01,4.964170001731181836e-01,7.611149309698641563e-01,9.002975695317811944e-01,5.833525537834741148e-02,2.288590471963205808e-01,9.910144543834153996e-01,6.188471478299865103e-01,7.132449437540401282e-01,4.508267558826028476e-01,1.321966274878570713e-01,7.927119134414399859e-01,5.558186595524299278e-01,6.054081970027127557e-01,5.266261253263918585e-01,9.317872297852611840e-01,9.666685862696043907e-01,8.372998522445719294e-01,3.352165106646730619e-01,4.764640647605349888e-01,4.050913709567142140e-01,8.012479748969757454e-01,4.319535505038192835e-01,8.120614375439519916e-01,7.259848635738350708e-01,4.353465710503396924e-01,6.609395561401899544e-01,5.077541847375813822e-01,9.332534472352840282e-01,9.384202944087591813e-01,5.025483514422934839e-01,8.570104689173773105e-01,9.373294559632801004e-01,4.196791015527384650e-01,6.162306568646001015e-01,7.087379571778776866e-01,7.696303944496821758e-01,8.672478564770425002e-01,4.829144744062955907e-01,7.599939381807192529e-01,3.866933029202527239e-01,6.986939551159903061e-01,6.115836685517309634e-01,6.693579308009802720e-01,2.694996800957821237e-01,2.272278188192670412e-01,5.023896023796222687e-01,6.495758252434805646e-01,9.377360448793988779e-01,3.553751560992237657e-01,7.393150658733167457e-01,7.736422223606187476e-01,6.782494030854689937e-01,3.229420170851576843e-01,6.416971664817689991e-01,9.521888928306256883e-01,4.296441488271828257e-01,8.236691028824907335e-01,8.241449934376272601e-01
8.286588390449518560e-01,3.797383054536547786e-01,5.701287507621288775e-01,5.431975354601317196e-01,4.512544232611491735e-01,9.178337839330159564e-01,7.032962006710341551e-01,6.056767944622504229e-01,6.218050964928497626e-01,0.000000000000000000e+00,9.216779080958330539e-01,7.991737244599742551e-01,6.465249451860309859e-01,7.261861537567134706e-01,9.843740480037036500e-01,4.889722535509788415e-01,4.964592355033733417e-01,7.169498964821123810e-01,4.560282122750334288e-01,5.870110716184928634e-01,6.925109790590165959e-01,5.069997690286858205e-01,7.997942705479652581e-01,5.761749920477341469e-01,7.675497694283826000e-01,7.831427709941675142e-01,9.623805979266680799e-01,6.509851562628943267e-01,2.878081933013083016e-01,7.625117794959580531e-01,6.130185462552774078e-01,7.292157320048635594e-01,7.698629789996099815e-01,9.942436795497378021e-01,1.308476522349468797e-02,2.792453264732691065e-01,4.611239171806411075e-01,4.181136836795486533e-01,8.164581124442749083e-01,8.308308255791245767e-01,2.402841247363153854e-01,5.136408338123492623e-01,8.667356347687935614e-01,8.633172895053128348e-01,9.151009540497989647e-01,7.026507186815954542e-01,5.782998047333554048e-01,8.512413262290409177e-01,5.098033283123114545e-01,9.517069465159432307e-01,2.312367703172789613e-01,6.087964967929818672e-01,4.467342557520372903e-01,9.678709678469603617e-01,4.593472660759936876e-01,8.238524935647426606e-01,4.335851395189878610e-01,5.883190692599811200e-01,9.890588672904094825e-01,6.671204074514220927e-01,4.776390733910017006e-01,6.270547837243038991e-01,5.421098127220014273e-01,9.759169246447227941e-01,6.710179734613477276e-01,6.542748795752040269e-01,6.960724847306057894e-01,7.154769476012596829e-01,4.665148172222027823e-01,4.573137424233620352e-01,7.597186789215735203e-01,7.294374494046739210e-01,7.526424885130326148e-01,6.105842190217088961e-01,5.211097889262824578e-01,5.641342648551767036e-01,5.709723951652747598e-01,7.546602894577981724e-01,3.123139012435505735e-01,4.626702542120554318e-01,2.452941245426592809e-01,2.165332962327613520e-01,9.251028892958315097e-01,4.005636844265608176e-01,7.243501681417335858e-01
4.153177511748974426e-01,6.834115486599925404e-01,8.449293187915165593e-01,8.521620079723413177e-01,9.949618115969592891e-01,8.855788977633173298e-01,7.897217616598191103e-01,2.474394509127905428e-01,7.223953084903229627e-01,9.216779080958330539e-01,0.000000000000000000e+00,7.365430303990676553e-01,8.177181780873848949e-01,7.550717590563328363e-01,8.040991866064479687e-01,9.017414830637386913e-01,4.603900418219704083e-01,8.101709279370440386e-01,7.998953635168040144e-01,8.274052821436150840e-01,8.806495244833300040e-01,8.443125256542425294e-01,8.096016368333573965e-01,7.798733105210500227e-01,2.603194669975270603e-01,8.095600380739306212e-01,9.181737319971802203e-01,9.061371700729983214e-01,5.111616246254024887e-01,2.474124062406660718e-01,3.698055344647319664e-01,7.034939308648582301e-01,5.940613516479026357e-01,8.161507917084390717e-01,7.875874599437311385e-01,7.843068768340160091e-01,1.869220787973697173e-01,6.066600930547357828e-01,8.600263344042904379e-01,7.672075427580579143e-01,2.724914039942684107e-01,7.468019444809388396e-01,8.095792915742189289e-01,4.781276821118913278e-01,6.294796215108966475e-01,7.798330597897648042e-01,6.693861758418964136e-01,7.420793465233939123e-01,6.279118724821817210e-01,6.085138718309215378e-01,9.059185708336514598e-02,9.770440970236152767e-01,8.160944746396496807e-01,6.304491128215459206e-01,8.963582247212175114e-01,9.158435324489341278e-01,6.263304512353308207e-01,7.606209000450167013e-01,4.755985362397165406e-01,4.515225445536588667e-01,5.480798065823491161e-01,7.000687528786846414e-01,8.898479130825727168e-01,6.231273548630318349e-01,5.287163265582063287e-01,7.289745013867449108e-01,4.686099219128933568e-01,6.724248371997150198e-01,8.588989413995320454e-01,5.453673443008402733e-02,9.663912774311419485e-01,6.830929616760682554e-01,-1.876854567036823074e-02,6.011485860884540067e-01,1.106499491697704729e-01,6.890180432548477230e-01,5.219699999128645240e-01,3.736115982029186711e-01,5.561087502778561120e-01,4.986076726981823470e-01,3.938492144622492974e-01,9.531215468176209571e-01,7.226584738297487931e-01,5.246877997876828736e-01,6.930843036947403890e-01
8.499175665196621043e-01,6.798436239647389634e-01,2.648990264751208135e-01,8.146282623136478218e-01,8.762790592197799988e-01,4.177048270522102369e-01,7.416015403013616059e-01,6.579033276081647230e-01,5.484129649078359758e-01,7.991737244599742551e-01,7.365430303990676553e-01,0.000000000000000000e+00,9.768052810948486542e-01,6.603955915825845402e-01,8.527814618879564490e-01,3.035933930964874738e-01,9.730831704106767122e-01,8.349485827201129640e-01,7.741688840634227686e-01,3.967113603421842383e-01,8.790526306379052857e-01,6.402490529163336053e-01,6.695722183513949100e-01,8.257538789926988088e-01,7.087561296564184321e-01,6.036840867574098102e-01,9.166080331822836769e-01,7.564658018099660319e-01,1.631582483147494544e-01,7.550354143841437882e-01,6.605960818613588748e-01,4.916294071675806482e-02,9.760606487729330816e-01,6.658141495090361683e-01,4.857173778977513234e-01,5.834018531827900311e-01,2.021521931204387224e-01,4.033028964864388555e-01,7.251690137717060614e-01,9.370292621177792602e-01,8.769369305245972024e-01,6.199090312526400748e-01,9.318182051894802198e-01,8.803631654448954569e-01,9.910532966634298946e-01,9.132730584006401031e-01,8.315177885107054578e-01,8.919213660631146734e-01,6.676687638604643649e-01,1.392959721612303525e-01,8.235348193406782924e-01,6.590416968088425032e-01,4.558273263088480909e-01,6.399580097934925993e-01,6.467659126755681553e-01,4.882563335110259861e-01,4.832300415294927820e-01,9.444321280527481210e-01,7.793030018308753082e-01,9.243441235312881421e-01,5.411235573809714504e-03,8.448150362323485485e-01,7.511013758768193549e-01,9.862925569360664335e-02,7.601947699389834945e-01,7.927069005314439920e-01,9.060323834721556446e-01,8.602384618608791556e-01,4.636104381956726583e-01,9.382983257965570312e-01,9.033937327366310388e-01,6.219826392694813855e-01,6.561445657643327767e-01,2.280207473454468059e-01,9.949804465376816953e-01,2.542960180487550681e-01,5.488540862490071115e-01,6.012038906817813722e-01,2.808406216502556951e-01,4.183600457777336690e-02,7.680620978522003650e-01,1.247111037482626777e-02,6.345706666450245947e-01,2.077193188752669284e-01,8.705114950813256369e-01
7.502154205668249976e-01,6.591343820738422288e-01,9.454003150954526369e-01,8.057223990744558639e-01,9.141683353774721077e-01,7.340386201079162065e-01,5.896885030327704280e-01,8.580658435418176966e-01,4.431913650345352118e-01,6.465249451860309859e-01,8.177181780873848949e-01,9.768052810948486542e-01,0.000000000000000000e+00,9.208961028254585290e-01,6.509681964735157811e-01,8.205844898121581465e-01,6.835344112972145947e-01,8.867576040336920817e-01,7.287908917193540725e-01,4.785670534170787249e-01,4.641250077484296299e-01,6.728535153297754423e-01,7.165738931242773280e-01,9.858806728659214036e-01,4.038416315562756709e-01,8.530379771160575553e-01,9.468109758523117758e-01,8.749473736980677430e-01,-1.260817335550616647e-01,4.092044048940275403e-01,7.424740733627719358e-01,4.091058836390985554e-01,7.444320979819123441e-01,6.000222659151696059e-01,7.129869989270644082e-01,5.933029013016500874e-01,5.187261649805506858e-01,4.708718096583139889e-01,8.528271844632153709e-01,7.613961736289959203e-01,4.157141648619284702e-01,6.362931306067868276e-01,6.391651864048708553e-01,6.469030881826562940e-01,6.474710020082889983e-01,7.749171588580607839e-01,7.644211577772505040e-01,9.836588404057819979e-01,7.090188875639116262e-01,8.701325654610160276e-01,6.722582236497456343e-01,6.999339300659969121e-01,2.075161412900014546e-01,8.387451928614733099e-01,8.314373760933674307e-01,5.639719344409559465e-01,5.900229251811552889e-01,7.478288526889270704e-01,6.692109557051534319e-01,7.127565357764763521e-01,5.738516398186614964e-01,8.983792613395015225e-01,9.325353487333845059e-01,4.194220331598466078e-01,5.116482594217339752e-01,9.482954261988802980e-01,8.996563687208768423e-01,5.327902934340733587e-01,6.710973712030035010e-01,6.871305112339214372e-01,4.174514782960101478e-01,8.767037324629189943e-01,3.616084201585206825e-01,2.330848111356235153e-01,7.582811119053205484e-01,9.417811014989287965e-01,8.773834687010190203e-01,2.284958545326439827e-01,3.932543631409952667e-01,6.949731527873979908e-02,4.442408089548730010e-01,6.669018409601771280e-01,5.216724693990781869e-01,2.684073490853190469e-01,7.604730871646887547e-01
6.198675519486871455e-01,5.351939450310339019e-01,1.468867930748750661e-01,5.139403553391060919e-01,7.870029801618616538e-01,3.817266126296091633e-01,3.115517962889981507e-01,5.087774817601175004e-01,9.783298591813414102e-01,7.261861537567134706e-01,7.550717590563328363e-01,6.603955915825845402e-01,9.208961028254585290e-01,0.000000000000000000e+00,8.408817302885607248e-02,8.659977442330546449e-01,4.323869829511210461e-01,7.471785057276356667e-01,4.198446371357509310e-01,9.668528591749605550e-01,8.759471387959578692e-01,7.097759631328154351e-01,4.817843647669499685e-01,6.411232040425463019e-01,7.714319291197386796e-01,6.196642273797625666e-01,6.105639751613458621e-01,9.170617670123952792e-01,5.541156157897181300e-01,9.312657164655020470e-01,6.941415168474456276e-01,7.213449438887706844e-01,8.855363323197231740e-01,8.687590119370037778e-01,2.359477417476744110e-01,5.757429333259018733e-01,4.154802468514819935e-01,7.850500675992987398e-01,2.297827963666012607e-01,9.429257527064777156e-01,7.643348672345124939e-01,3.185871012486998222e-01,9.747121264567890631e-01,6.172755183668885426e-01,9.203936034780175746e-01,5.997279351528738145e-01,6.594975594993165435e-01,4.135335949391436006e-01,4.991377871388374410e-01,8.568339804474549570e-01,8.637345975739694204e-01,5.638318226444782866e-01,6.439519777645548171e-01,5.258306566191609521e-01,9.079892497351528258e-01,6.000873072745263048e-01,3.227031675458325033e-01,7.456344630988770428e-01,7.889145517787371498e-01,4.404441794185809389e-01,7.955765546971851343e-01,9.877384918818788995e-01,5.631728612616999641e-01,9.278438852559669492e-01,9.964636261932853234e-01,8.232277129878666777e-01,7.137669990083236327e-01,8.914177886872604040e-01,8.184730027905690042e-01,7.212391786677501138e-01,9.882798685104488001e-01,7.103727742988775740e-01,2.609914132693384459e-01,7.292190379383616250e-01,6.447769775975518147e-01,4.157888872317788698e-01,4.183496784276881653e-01,3.754589848058522139e-01,6.705293377315004744e-01,6.828755655733199648e-01,7.320311896338889124e-01,6.965658490394944780e-01,7.442655183330260105e-01,7.028440528963288969e-01,5.072508622193957484e-01
9.208713964779253747e-01,8.176938817011895066e-01,5.135830435595372112e-01,6.926273636233394315e-01,9.645894679593415288e-01,6.518335421716888733e-01,7.966453875914931704e-01,5.073948741853432365e-01,2.520208972438311434e-01,9.843740480037036500e-01,8.040991866064479687e-01,8.527814618879564490e-01,6.509681964735157811e-01,8.408817302885607248e-02,0.000000000000000000e+00,9.432037089747986602e-01,3.865930697900692437e-01,5.134040383904675542e-01,4.283288055974021069e-01,9.660702533931911917e-01,6.407582581225097496e-01,9.288398918454777720e-01,4.043401287545277389e-01,9.524796619855927515e-01,4.919818973460366451e-01,7.683112954439159648e-01,6.807559408001726542e-01,6.321831961155606194e-01,5.489482910710760111e-01,9.135263713147573350e-01,1.973758994008654177e-01,5.340556102322073784e-01,8.529324800186200983e-01,6.103089450245668957e-01,4.291467552531568752e-01,6.751953318616018551e-01,4.791275869913451113e-01,9.309342159358129365e-01,8.879433407825753077e-01,6.750181342343093416e-01,5.881714554832810915e-01,7.983998465244226406e-01,7.339646222895538363e-01,6.531924660908352553e-01,4.897072571490478365e-01,6.086735018438462763e-01,9.806798563045571182e-01,5.505556876318926651e-01,2.232677435659457810e-01,7.515801925183864807e-01,6.783565127858161015e-01,8.336211089893268422e-01,9.078109524493960247e-01,9.706166349529522508e-01,8.118971368831429114e-01,8.287100757514609395e-01,5.963290109090113589e-01,7.370524786103715975e-01,3.980781933366950298e-01,7.665587023437634429e-01,7.110420714175742507e-01,7.995630915203173483e-01,7.858747653511817255e-01,9.535510668731771444e-01,9.459279850739706896e-01,7.206995382857279697e-01,7.318055431529274513e-01,9.347402719504277480e-01,3.342485558360792641e-01,9.410595411136282173e-01,7.573866586990847249e-01,-1.921244360632504145e-01,6.206587038166971881e-01,6.824639243755357132e-01,6.995564654169267316e-01,7.465348238467396369e-01,6.126403401870081922e-01,6.090762983918722728e-01,7.887511398732054424e-01,2.372797133627563004e-01,3.176588076910369929e-01,7.388055435547190575e-01,9.695379275515985107e-01,4.329372766928324401e-01,5.202150256854610744e-01
7.408246346195440646e-01,8.281841308892168296e-01,9.080477577097275654e-01,4.471594428632690299e-01,6.868825823376371043e-01,6.251461837397179755e-01,4.675853603057580354e-01,5.583261236872191224e-01,7.814631500918751694e-01,4.889722535509788415e-01,9.017414830637386913e-01,3.035933930964874738e-01,8.205844898121581465e-01,8.659977442330546449e-01,9.432037089747986602e-01,0.000000000000000000e+00,9.015448008282420655e-01,2.629397957262328278e-01,4.647875006812995369e-01,6.188855949982583482e-01,4.397622773393295992e-01,5.773282268164878772e-01,9.720606999088226008e-01,7.093506428135755160e-01,6.999810892315566635e-01,4.367553615439269121e-01,5.717429280251883350e-01,6.995945802484805354e-01,7.176379901616897206e-01,4.749884872816372283e-01,7.164909846436576801e-01,5.408504437187081626e-01,7.259378358548000953e-01,6.053538544644774255e-01,6.280141584637044527e-01,5.223008813756325752e-01,4.218184190821772095e-02,7.586800747132558254e-01,6.116917646261365027e-01,9.538178539749725404e-01,8.609708300803611269e-01,5.778686064511017184e-01,9.438173852186780843e-01,4.105127456028058730e-01,8.019542533678999385e-01,9.678097272713137578e-01,8.991252063290071650e-01,6.858039160444507898e-01,6.674567549819817591e-01,5.045262149881540870e-01,4.347231302157141819e-01,8.586956992103601527e-01,9.055655316368396157e-01,7.803829142814734388e-01,2.020754439836039418e-01,4.465638661338823256e-01,7.049252153877657578e-01,7.064765694060356482e-01,8.328146904042168508e-01,5.625778171515843917e-01,5.994131066982302247e-01,6.082137928291367901e-01,6.079237564819079953e-01,9.903070019792630241e-01,8.256799039905805548e-01,5.592930007450823693e-01,2.218679076661541627e-01,6.222078310514451704e-01,5.998577645252946011e-01,6.324046999178357664e-01,7.317635666285950968e-01,9.041472038854978521e-01,2.321024723672098222e-01,8.532015298259378877e-01,8.614892200682451318e-01,8.456945362784495934e-01,6.187051378253632938e-01,3.736227980112154512e-01,5.480614370088850162e-02,4.168529258617210687e-01,2.979864835263369427e-01,8.175835489195915073e-01,5.466806603335685466e-01,7.133403596822360804e-01,6.216540702278501307e-01
8.705287980926936786e-01,8.496571690780916342e-01,8.793317282137008695e-01,8.656797333924073357e-01,9.327877136049262941e-01,8.152783811063861741e-01,9.353219225924710445e-01,7.187591517342883929e-01,9.181573858458337289e-01,4.964592355033733417e-01,4.603900418219704083e-01,9.730831704106767122e-01,6.835344112972145947e-01,4.323869829511210461e-01,3.865930697900692437e-01,9.015448008282420655e-01,0.000000000000000000e+00,5.750940557100276962e-01,4.899263175608802312e-01,8.723493771691906984e-01,5.375315622740931554e-01,8.936094355993224880e-01,8.709613070692041603e-01,9.848997837226710628e-01,1.169744911045179914e-01,6.582800351726938448e-01,8.405829177482369019e-01,5.778922540474593639e-01,5.642443159666084007e-01,5.626294084476295421e-01,4.599874854684334879e-01,2.612439975449954432e-01,8.501512529175259125e-01,7.911173482863027573e-01,9.985207800293287583e-01,3.479620809186794173e-01,4.348731786552614831e-01,5.246593530345213807e-01,2.549640825970098668e-01,2.894881444122320846e-01,5.654099715722984421e-01,6.735172746340498673e-01,8.382952068730737949e-01,6.619986906852083353e-01,9.783697823233434843e-01,9.595162891043831355e-01,9.946057491618138791e-01,2.437574920137325074e-01,3.131347237712267528e-01,8.501834529249071570e-01,3.550218784532662708e-01,5.159525997835568978e-01,9.850156688691265039e-01,6.138565167452330051e-01,9.741541615272835131e-01,6.806346611318629947e-01,8.114951187602394977e-01,8.709076819757277654e-01,9.841398094923303752e-01,4.257799364460967406e-01,4.939544070481991511e-01,9.200417074906147574e-01,8.448460889208451174e-01,7.114484294066688586e-01,8.897252292141891727e-01,9.612556204076075916e-01,7.921962907629137574e-01,6.496160542737715593e-01,6.966050664921727975e-01,8.215591090833321841e-01,9.492105988437804509e-01,6.830466824040481999e-01,4.790114785300371159e-01,6.175903911147796466e-01,9.656617543772292311e-01,7.349658960794778206e-01,7.131243674921807774e-01,7.144230994336401297e-01,6.144562652991167884e-01,5.892996554709415413e-01,7.759934770360754630e-01,6.356503125662202880e-01,6.670011017018759869e-01,4.067370293800066650e-01,7.729048051045824819e-01
8.960591253029303038e-01,8.157713420637358048e-01,5.833145991319076407e-01,7.335114144814889325e-01,5.780321749278848342e-01,5.033524216306707322e-01,5.838863517540262560e-01,8.970704089899750322e-01,5.045896686516067042e-01,7.169498964821123810e-01,8.101709279370440386e-01,8.349485827201129640e-01,8.867576040336920817e-01,7.471785057276356667e-01,5.134040383904675542e-01,2.629397957262328278e-01,5.750940557100276962e-01,0.000000000000000000e+00,9.520078544767820450e-01,7.661653651955689925e-01,6.419664280135004564e-01,-9.604520451495147937e-02,5.017383841938727329e-01,6.788287181595871189e-01,4.362991115265577730e-02,6.085097835647924613e-01,7.534001966433987452e-01,8.594789152163252455e-01,5.578068064521359837e-01,7.444803340178189899e-01,7.889421209455272921e-01,2.096689194076382934e-01,9.342721482731077831e-01,1.832269842618862998e-01,4.801408454175117857e-01,5.888390030261458907e-01,2.136721006859648164e-01,7.545945756952522343e-01,6.734772313791556053e-01,6.110867836087805482e-01,5.431405814565180012e-01,9.093381152850351645e-01,7.522669151037938429e-01,4.478923294571621194e-01,5.362438531911312145e-01,8.052935848526066032e-01,7.588230887735196717e-01,8.680589792397604976e-01,4.314739827371985026e-01,8.264769248192269657e-01,9.742256490935276014e-01,1.080165191102219480e-01,8.241229931436524492e-01,5.686170441177771373e-01,9.729739260544976176e-01,6.490601749709742352e-01,2.511954737435363461e-01,7.919841856942657632e-01,6.048650407330802281e-01,1.434028505412048363e-02,5.344804081105474225e-01,3.151520668829808636e-01,5.054349231024457545e-01,7.667339319632830996e-01,8.800608456711616068e-01,4.872342720936785332e-01,7.915804160878749940e-01,4.000413706625164934e-01,6.450093113970870595e-01,9.653622258011012036e-01,9.825474168948621356e-01,9.231869035799824541e-01,6.515562471751094042e-01,2.925090404393762000e-01,4.033456600431810646e-01,8.805846602235221088e-01,5.147951217596197226e-01,7.627128959723212809e-01,9.453141499159148364e-02,2.144023976391410680e-01,7.535504994132024015e-01,9.038101186094793515e-01,8.115349410961517629e-01,5.937202121422688883e-01,4.194507523209445865e-01
