0.000000000000000000e+00,1.517063093186767908e-01,8.079312326510877940e-01,9.336724840971735162e-01,5.226566107158587826e-01,7.287131026427743352e-01,8.429464720342538797e-01,7.844853599904425545e-01,7.715432390738512503e-01,9.537617531714712715e-01,6.497914330718859155e-01,6.865341470021155690e-01,9.638181737008530980e-01,9.494533577655742684e-01,6.650756680921042774e-01,8.290865818596976355e-01,5.252999150927509797e-01,8.021833618220031159e-01,8.801855855064240064e-01,8.015073826935377177e-01,4.992076779893562799e-01,8.524567208382316519e-01,8.545410299869126147e-01,9.674835075996637279e-01,3.676547218461615474e-01,8.775468966801416304e-01,8.665756944607586609e-01,7.305789109882230292e-01,6.985385229881945213e-01,6.584922893552234147e-01,6.992991947416857812e-01,9.465876029397015667e-01,7.426711338907521220e-01,8.346579292243221371e-01,7.560341449083755050e-01,8.613227428048458867e-02,2.257353691558862951e-01,7.092369857352565088e-01,5.548592282745795634e-01,8.396460981695526016e-01,5.745243397957843223e-01,2.721326622103359960e-01,5.529846402923382920e-01,8.732006445510467341e-01,7.298220364231831070e-01,7.066387401044040839e-01,7.411135210284202079e-01,7.096868594686721599e-01,4.733265437110330542e-01,8.598848603285209613e-01,4.522430743911903250e-01,9.632332305580947329e-01,8.506657020742973696e-01,7.913703888144959508e-01,6.799693672180535664e-01,8.021284418543823680e-01,7.438117002036677139e-01,6.376217427523486192e-01,5.308594178074326209e-01,-1.022417536038494057e-01,6.898812199916970478e-01,8.717578629909169541e-01,9.546864482098831317e-01,5.566201127937059345e-01,8.754412538587004189e-01,8.826023258272611693e-01,8.882846715698451412e-01,9.246554487026522606e-01,7.857953494290957908e-01,9.253745317720122321e-01,5.672327179576832634e-01,9.358377101428667633e-01,2.274654251233255431e-01,4.819606149511042603e-01,8.996440364109749011e-01,8.828236459390046420e-01,4.330795560603234451e-01,2.743674192875862894e-01,4.321924003722983909e-01,4.118858004812191997e-01,8.345282381374530267e-01,7.280263966709796808e-01,9.972799263750051768e-01,8.336745245832862805e-01,6.989477375403713166e-01
1.517063093186767908e-01,0.000000000000000000e+00,6.795597915472798567e-01,6.393205404934679814e-01,6.190964137100138931e-01,9.743761359257260279e-01,2.687107167220184056e-01,7.129041880771743722e-01,9.590907943207213071e-01,6.398543114036553403e-01,6.093099668553000337e-01,9.186491772722870097e-01,6.443700140788196640e-01,8.637188604738449405e-02,2.881627953097649075e-01,9.901467194505917391e-01,6.475529678245004472e-01,6.190551227304494919e-01,5.703580228193831925e-01,8.231139420727211498e-01,6.562979081627317024e-01,8.048024540196010435e-01,6.352283284876898417e-01,5.167027091192895050e-01,3.728884162355223797e-01,7.145032358420062568e-01,7.470476399512309129e-01,6.814216551853594650e-01,4.637396936620578058e-01,4.450214812031645928e-01,8.151548818770332216e-02,8.286446327303265136e-01,3.832682007017760295e-01,9.041635161391469167e-01,6.862589448986117224e-01,4.215960365461500770e-01,5.868940759969116794e-01,7.676032881749025316e-01,4.955763738032024079e-01,9.244980821699453344e-01,3.572356592070040637e-01,7.875835776222102069e-01,7.576444708036385034e-01,3.330395507404583233e-01,9.004333121302088294e-01,3.187368937252558765e-01,2.830412160409782052e-01,6.477693225554523870e-01,2.132277932216539162e-01,6.824865868943469360e-01,7.403072934698718965e-01,6.652385048564229963e-01,8.427118210840934820e-01,8.603351400265637494e-01,4.648986759266431901e-01,9.097388466758420389e-01,9.622147892829082672e-01,8.161777519548010229e-01,7.193000607649562284e-01,2.336101318237308044e-01,2.286327029787769416e-01,6.055466230476916900e-01,4.910932590613376614e-01,7.817568191001644795e-01,9.547222359315881146e-01,3.475474703890922279e-01,8.001553869738665670e-01,8.253414600902154730e-01,4.652409419821543213e-01,8.576774251671217542e-01,7.396125586909494398e-01,6.474115352501368381e-01,6.550580322613221984e-01,4.243630360427348980e-01,6.721824865919557856e-01,6.986852047791722864e-01,9.556392770904216238e-01,6.246190543889057478e-01,2.124906251203236285e-01,5.187006161077122313e-01,1.143574299886582213e-01,8.620334495458555901e-01,9.483139675647864753e-01,7.001531809219309066e-01,4.274381189900351985e-01
8.079312326510877940e-01,6.795597915472798567e-01,0.000000000000000000e+00,8.805323078979033768e-01,9.848681950643014549e-01,8.429748286603706564e-01,6.714121569048856486e-01,3.868112193568675750e-01,9.596208624839654977e-01,7.253010266190642596e-01,7.988711974457087805e-01,9.259067738610275988e-01,9.399438455118271918e-01,9.301037638938943752e-01,6.884506622496202599e-01,6.840879351306922151e-01,6.803626570947228780e-01,9.389820043371513991e-01,6.521694935940606230e-01,9.071168628590163818e-01,7.159546938982691566e-01,8.862089071011843844e-01,9.117711093542085754e-01,9.204722698884914012e-01,2.751784719796884215e-01,8.179322483134584543e-01,4.198019966440703632e-01,6.126413236045887833e-01,5.246755774882323475e-01,5.646457679762587611e-01,6.170941992435149404e-01,4.855446715313483930e-01,9.540657848765716764e-01,8.910834254249100361e-01,9.735509190410718272e-01,4.093960540386247238e-01,2.123327852357398959e-01,7.594780821536942783e-01,9.711755084494112511e-01,8.693854254797398484e-01,2.935286821068018304e-01,9.356775434394087876e-01,6.145511157858185580e-01,4.199168126729803108e-01,8.551792417409401770e-01,8.956445206793220981e-01,7.440006461639843138e-01,9.220911078922069404e-01,7.057671951521904408e-01,6.920516937713120376e-01,9.570864692563868514e-01,8.537981709426971655e-01,8.340322176677281707e-01,6.961094661085552859e-01,7.030333497455295566e-01,6.807476751055823172e-01,8.490189141749382440e-01,9.663205890754181793e-01,8.517139371911399692e-01,7.799002459268169485e-01,3.142933023454242414e-01,6.865910669087608165e-01,4.829988297664171704e-01,8.326425151542975467e-01,9.530863489174015157e-01,9.128598092031857680e-01,7.496396643780225411e-01,6.058062337703443712e-01,9.896162219460369336e-01,6.583156324472316800e-01,8.180111494216872892e-01,8.817777985207152502e-01,2.910404229948163057e-01,7.684596229452652638e-01,6.652212327358485444e-01,7.994656287402418515e-01,8.296434181147294140e-01,8.988348004978513606e-01,5.626171041754803870e-01,1.003530963546356847e-01,4.344699508805182075e-01,8.214942853864651839e-01,9.365923331171218669e-01,8.723004286775876137e-01,8.062652325820692800e-01
9.336724840971735162e-01,6.393205404934679814e-01,8.805323078979033768e-01,0.000000000000000000e+00,7.384779605761514487e-01,8.159567692123119720e-01,5.409529433111113228e-01,7.657216179284741520e-01,9.456601701293269047e-01,7.247767161220830534e-01,7.141004109025272939e-01,4.010575003319962195e-01,8.709351221489296524e-01,4.022777771998289897e-01,8.794010139424252026e-01,6.543828442000214629e-01,4.579430022021903635e-01,9.545179618873355087e-01,8.222533526434290252e-01,6.724426917959424044e-01,6.968334454597641114e-01,8.379259181328670980e-01,6.117461180803149823e-01,9.948651464961704161e-01,3.748745591566737811e-01,7.260297828314723478e-01,7.633487685368364195e-01,7.689633225097235458e-01,8.360042647201983979e-01,6.425155123286264702e-01,6.535220563241893599e-01,6.539336013803789260e-01,9.624841537014307002e-01,9.875173690087257761e-01,4.726146490025016633e-01,5.936897670043488340e-01,2.772687863803997566e-01,4.738542496190093489e-01,9.911915283917347441e-01,6.912590527020597841e-01,6.565459165464850866e-01,4.004525024062268734e-01,8.379167239756599717e-01,3.909811921886360286e-01,8.863853771511965851e-01,8.072342277104185282e-01,7.740244853270069614e-01,4.394263343351059170e-01,5.688166780909045261e-01,3.228214947262736390e-01,9.937902039569450618e-01,8.758441363457623030e-01,7.464397048507791510e-01,4.400811426804002724e-01,7.371791692814723129e-01,9.765195146050779096e-01,5.982089184435488427e-01,4.834088971858903072e-01,7.566279758095423302e-01,2.842977692896365705e-01,4.465666951261733630e-01,6.941538160060184426e-01,7.069695415639795089e-01,3.435511932081031228e-01,7.203025224851338226e-01,8.840093096888961277e-01,8.335823993718278757e-01,6.855572020246185616e-01,4.054555271739870292e-01,9.433320613429807544e-01,8.354874137512501298e-01,6.115894102194809889e-01,2.701526189379949705e-01,2.456404002593871039e-01,5.529996722791906683e-01,7.852764507711710307e-01,5.830969223392592493e-01,4.019707127287782122e-01,4.804542938477758818e-01,6.011080930287334700e-01,8.639814481507809285e-01,7.018983598951944458e-01,6.006330917622160204e-01,7.739394836266917377e-01,1.507017794981434511e-01
5.226566107158587826e-01,6.190964137100138931e-01,9.848681950643014549e-01,7.384779605761514487e-01,0.000000000000000000e+00,7.272965804599503814e-01,9.935039295497941625e-01,3.480397011507778138e-01,3.455885295699951953e-01,4.134130152462415220e-01,6.184751448126762918e-01,5.485329761679729188e-01,5.316269557851307503e-01,8.300122952406095989e-01,6.441382020625130433e-01,8.970458681391498823e-01,6.139235634716007084e-01,8.249958909885262148e-01,8.146416110564472790e-01,8.095208639336398670e-01,1.063275073921569752e-01,7.403723609454493371e-01,1.100983960318663579e-01,6.228824646643602581e-01,6.709901687760397859e-01,9.611545497407754102e-01,9.627579849922529576e-01,5.090341243462966903e-01,5.001709032963563839e-01,5.635255351045981298e-01,7.808327765729425884e-01,4.986662435618182676e-01,7.421590128310867618e-01,7.647936908828170122e-01,2.886308151916431863e-01,2.359418438949508201e-01,3.940693045957911478e-01,8.257645203478740648e-01,7.080486914990202774e-01,4.057180784555587394e-01,4.483340323642505676e-01,7.652320130138463572e-01,7.728959256280960588e-01,5.015715561811160406e-01,7.470091685117293823e-01,6.026396545749326261e-01,8.979031929590637340e-01,7.904808875514132138e-01,6.355624437455666964e-01,7.804864535904625367e-01,8.564056540452960053e-01,4.151760964822546751e-01,7.138442792711849894e-01,8.154263470550839887e-01,7.238143184842578126e-01,4.212564950141726161e-01,8.921019995761152455e-01,9.671468025020957260e-01,6.573295970305406133e-01,3.429221202677458225e-01,4.010893337137643178e-01,5.571331646125240455e-01,5.380736168109140349e-01,9.906691422130959879e-01,6.270511165853540625e-01,3.822173461971539732e-01,5.693254547549790878e-01,8.337836972178561679e-01,7.914674433907128437e-01,6.040732435941043033e-01,8.104487701049760684e-01,6.315724894051730764e-01,7.199758354659127613e-02,5.267991426164133628e-01,9.541369284019427521e-01,8.251857779976397023e-01,4.641453339300281034e-01,2.921986621466814427e-01,7.854218637031893380e-01,3.087516103542301549e-01,6.943473888393237869e-01,8.646175155258086775e-01,8.843496608991450181e-01,2.331634817388393288e-01,9.713697043601399184e-01
7.287131026427743352e-01,9.743761359257260279e-01,8.429748286603706564e-01,8.159567692123119720e-01,7.272965804599503814e-01,0.000000000000000000e+00,2.399712774260168435e-01,6.754693575653376580e-01,4.710275934444362322e-01,7.210849083275974181e-01,6.966838194322293454e-01,4.051877521631038759e-01,7.366943239568218837e-01,5.291065573237501152e-01,4.569089352671020787e-01,6.825052851516695274e-01,7.191535330175601315e-01,8.952829409654383674e-02,7.106206419397445018e-01,6.994870436288784799e-01,6.539368454369918204e-01,4.321404830513625450e-01,7.235407201850205805e-01,4.563117776477349508e-01,7.931209340553605491e-01,6.605715271113549170e-01,4.346329704257189119e-01,9.851714145877761286e-01,1.933662623252186963e-01,4.553808341923514802e-01,-1.071354554090472727e-01,4.438097346806256782e-01,7.887224791323612649e-01,9.462024859845604707e-01,6.821676384234492962e-01,2.680085358451391175e-01,3.356789489345393118e-01,6.306015556762160079e-01,6.485234489778151090e-01,7.187093856433207639e-01,-3.161369087403748113e-02,6.289059063370417979e-01,8.404219326407939006e-01,4.121655514159202616e-01,9.071789043433069466e-01,7.494633028708393985e-01,6.510952912529981429e-01,9.573166164728298400e-01,7.276279379891853472e-01,7.507376278657551527e-01,8.969954759108335063e-01,7.423339652261291555e-01,8.812731745947369744e-01,7.159386058225530869e-01,6.644280206387517262e-01,9.357043820605459583e-01,9.622368642947358719e-01,6.288344115530295486e-01,6.925886351883330239e-01,5.592165343115912401e-01,4.064135836254765266e-01,4.046949900645054887e-01,9.314565972708237496e-01,9.050252402225021919e-01,9.115767331223156855e-01,9.361998132836580888e-01,4.905362669150769017e-01,6.929868641870252643e-01,-1.171282217700007483e-01,5.229453176010656623e-01,7.347734817962311427e-01,9.196574092264895306e-01,4.662330134453404051e-01,2.505561532681344072e-01,4.924797410614367710e-01,8.682542621652810100e-01,5.074091594080832879e-01,7.353594084930497043e-01,2.535285774017961846e-01,6.960392266252006799e-01,6.268084758840668513e-01,6.244301927201300062e-01,8.952293288336511390e-01,4.859704545155809075e-01,7.297188946581985025e-01
8.429464720342538797e-01,2.687107167220184056e-01,6.714121569048856486e-01,5.409529433111113228e-01,9.935039295497941625e-01,2.399712774260168435e-01,0.000000000000000000e+00,6.099242768903577749e-01,5.068921402812187615e-01,7.138625080671610057e-01,6.072940953144838616e-01,6.979914249811879356e-01,7.033167581393346968e-01,7.420936019677181195e-01,4.012447891785904663e-01,3.807004847942997428e-01,8.313535849080980755e-01,6.577243309086349132e-01,7.187381083407123894e-01,4.559774586389125917e-01,9.580466910884024578e-01,4.210563037845954648e-01,7.556953738211092952e-01,9.538757364846208731e-01,6.410065483905901251e-01,5.138867897755889924e-01,5.852574068736084989e-01,7.182518455221080789e-01,3.208897141035178535e-01,7.354681761549358709e-01,4.533028478655627413e-01,6.914196663863032555e-01,3.031289580939385830e-01,6.327804602029736269e-01,5.440584155205085981e-01,2.947201766060946193e-01,4.908773499801531437e-01,3.585821505499403039e-01,6.322613313982530237e-01,9.240543031134446084e-01,6.439785659455847799e-01,5.837355585686305748e-01,8.558683880012977196e-01,5.724740712254214881e-01,9.151966678030560853e-01,5.546940553067589708e-01,-3.896040033081046294e-01,5.406394355997780066e-01,4.374929015692217149e-01,4.776448868119439473e-01,7.468929109125680421e-01,7.822392828845440294e-01,6.610450959852679498e-01,7.578769896939691053e-01,4.101631414681077836e-01,7.688690589555363664e-01,8.297965743932627092e-01,5.578474287797580144e-01,8.280560596389119343e-01,5.502100259189683928e-01,4.105377738038185620e-01,7.960971770930895808e-01,4.248968203342449179e-01,7.346656527916041179e-01,6.853284178025026430e-01,7.434795503986660892e-01,5.954520044900736275e-01,7.809214464301716951e-01,2.644856998679688265e-01,7.330622420489679714e-01,3.869388289839148509e-01,9.133845128961805004e-01,4.287873163450174885e-01,8.786762599949122787e-01,4.129247021624150582e-01,3.004480123596781072e-01,7.758064253328035287e-01,7.781350534251821882e-01,5.660061039055713783e-01,2.772121005171241936e-01,4.664778653966066835e-01,8.565887329028147867e-01,4.822849770356203991e-01,5.796423381131947661e-01,9.861706731675946580e-01
7.844853599904425545e-01,7.129041880771743722e-01,3.868112193568675750e-01,7.657216179284741520e-01,3.480397011507778138e-01,6.754693575653376580e-01,6.099242768903577749e-01,0.000000000000000000e+00,8.253303720421609757e-01,5.990499968160077904e-01,7.960844630894527985e-01,7.702037873456716310e-01,4.267673995931688391e-01,6.686276863994194963e-01,4.893032410168725033e-01,9.080972600956639385e-01,8.483948437127371012e-01,4.142081463105579120e-01,5.592747435211037343e-01,6.975319817334418859e-01,5.122854248230812590e-01,6.789851121160571656e-01,4.130625785996595578e-01,8.748895835539016730e-01,8.181025597736200083e-01,7.815391350665794601e-01,5.557159455520588320e-01,6.418748060377615916e-01,3.826786235610070142e-01,4.766488729604592134e-01,3.011573349041209435e-01,4.296627321842061975e-01,9.197946878107434721e-01,4.227124663808189409e-01,9.614169157242827835e-01,7.160751440109224264e-01,3.318331800990609315e-01,3.063177012832747903e-01,6.938137790023167772e-01,5.871084561162824844e-01,6.954787250227286721e-01,7.484955469931080518e-01,5.302703649428093247e-01,7.156425007427287266e-01,6.897128637624531100e-01,4.581087345459576299e-01,5.657604383814194282e-01,3.364180672503183089e-01,5.861051653002788964e-01,6.921889784667506484e-01,2.569236066689722375e-01,3.057678673592529872e-01,5.540550459723032617e-01,6.891535085378582837e-01,7.445054620071891449e-01,2.761066248117126642e-01,6.196747302010252589e-01,4.326849517097053344e-01,6.805453055582011412e-01,4.895727553964860923e-01,5.055277556421939877e-01,7.990725075262214983e-01,4.530441216910944813e-01,9.547946368760057423e-01,8.282387876628193313e-01,7.605789883528009110e-01,1.437445470225816035e-01,9.278120604490781576e-01,7.584356236522783457e-01,7.497464023607969263e-01,7.780593626219396430e-01,6.433177814155981444e-01,2.611938266922670393e-01,7.999432030902873247e-01,5.907887723090604615e-01,6.285019372149056593e-01,8.973815031844005752e-01,3.400980875307595408e-01,2.222299066844787563e-01,3.963095365183404994e-01,5.686052856194976357e-01,9.014978957236461365e-01,7.410649645856155487e-01,4.064952915127013622e-01,4.894419359776213119e-01
7.715432390738512503e-01,9.590907943207213071e-01,9.596208624839654977e-01,9.456601701293269047e-01,3.455885295699951953e-01,4.710275934444362322e-01,5.068921402812187615e-01,8.253303720421609757e-01,0.000000000000000000e+00,5.200143282021647551e-01,5.572383528476513304e-01,6.658313996246044697e-01,8.769633565138171827e-01,4.047836208812250480e-01,6.789606919734479940e-01,8.655378161149913652e-01,4.266596584555674698e-01,8.076402933916920768e-01,6.319787473316261783e-01,8.319055888222200990e-01,7.297007686219957323e-01,6.396026633897400338e-01,5.729218188916954668e-01,3.272481331122049086e-01,6.874797014251440297e-01,7.784304481858649039e-02,9.985497763847644981e-01,3.852824046347558262e-01,4.088579035239847115e-01,3.324368088085833950e-01,4.015630364848707945e-01,7.243893733660462519e-01,9.633316535917350043e-01,5.444730483876158988e-01,2.375997982853120805e-01,6.634563523642617033e-01,5.570695857155544273e-01,6.063775401835233003e-01,9.794650100609736398e-01,6.977494129859856953e-01,1.719786215710330801e-01,5.416136372987482295e-01,9.292263394378923458e-01,6.138751498619581248e-01,8.579544144754490675e-01,9.524681602284454929e-01,8.982796985783497723e-01,5.855037396661241234e-01,9.107074332719649057e-01,9.776990375252108123e-01,7.827210819113498141e-01,9.058370124005497015e-01,7.552463746708514281e-01,3.487364494035515294e-01,7.127399517348689262e-01,8.760057428212549846e-01,6.917173737720744287e-01,9.811877788266892830e-01,8.002607637639955751e-01,6.293854557944921213e-01,2.737711385860476798e-01,5.388222772407909034e-01,7.342264845803411211e-01,9.901703072031277086e-01,9.767346693090890319e-01,4.917659518227298077e-01,5.983274940463847447e-01,9.999363660906006590e-01,8.945159951039112212e-01,5.927372760264617568e-01,8.031645868610822747e-01,5.939306326517319601e-01,4.661071808425302776e-01,2.135729928594479743e-01,1.206076038678114276e-01,6.746771032460436857e-01,8.656356579706478982e-01,8.074748652556218431e-01,7.365222838737568445e-01,2.751525818026499537e-01,7.537743377814192236e-01,7.029527494403142729e-01,8.994503273734534288e-01,6.184755831469785914e-01,7.466900815805032066e-01
9.537617531714712715e-01,6.398543114036553403e-01,7.253010266190642596e-01,7.247767161220830534e-01,4.134130152462415220e-01,7.210849083275974181e-01,7.138625080671610057e-01,5.990499968160077904e-01,5.200143282021647551e-01,0.000000000000000000e+00,9.480804155416377998e-01,7.775159577677038802e-01,5.332649146737300505e-01,7.113922330520339177e-01,5.214778435881811669e-01,9.157762365353701028e-01,7.727955068205838440e-01,5.395435161021832071e-01,4.153148147897883224e-01,4.493321802184195302e-01,8.751674089204640739e-01,9.417425984829697061e-01,9.359936496562696329e-01,8.215187563502510670e-01,4.777455147331434726e-01,7.859660269372130692e-01,8.729105566688872830e-01,9.946174105637944907e-01,5.427151375038943293e-01,7.940047386948186903e-01,3.303040401033352502e-01,6.175015021849032948e-01,8.953138862293156253e-01,5.955619944166017365e-01,4.342836932239345638e-01,6.011047592969335218e-01,1.071832518124429257e-01,6.887097178093729566e-01,3.450259971076763965e-01,8.694487427466230933e-01,4.211140062002232537e-02,9.592943987590101251e-01,5.773066431678589572e-01,1.044694724801468189e-01,3.911896429192883162e-01,7.734940349113926805e-01,6.211559728809628034e-01,9.933463309834006383e-02,6.747843948932081837e-01,6.066345490706208654e-01,6.699009274669851521e-01,7.083040249441341363e-01,6.426108503007800232e-01,5.825168965037976765e-01,-1.462167567701535276e-01,6.508043963927715447e-01,3.763849376412685133e-01,6.268493075261593050e-01,9.469687800591221061e-01,3.953911398534456501e-01,1.242562569561364572e-01,3.006545312409776849e-01,9.244760727626429864e-01,9.747053318451146531e-01,6.203892414440668190e-01,7.771948063233011794e-01,9.778469408353740455e-01,7.109296194326139018e-01,8.221801332614508961e-01,9.837428945715458450e-01,9.421535387914232729e-01,5.056947618875717865e-01,2.726897011873570253e-01,6.455823412218087975e-01,9.010636674281308212e-01,6.390399216138307192e-01,6.785316082553362049e-01,7.568451926302692812e-01,4.323447245916056669e-01,7.338914483527304577e-01,2.476687578598493200e-01,7.134576029400144792e-01,8.980128145497797698e-01,1.014273353018362994e-01,8.845957632730493403e-01
6.497914330718859155e-01,6.093099668553000337e-01,7.988711974457087805e-01,7.141004109025272939e-01,6.184751448126762918e-01,6.966838194322293454e-01,6.072940953144838616e-01,7.960844630894527985e-01,5.572383528476513304e-01,9.480804155416377998e-01,0.000000000000000000e+00,7.383406184641995162e-01,6.162676206984952776e-01,1.493462676390614474e-01,3.743451186128438080e-01,5.860068729750180783e-01,9.717868611742909168e-01,4.740313229571363474e-01,7.064684307786007755e-01,8.337832555016732039e-01,6.495722718158736253e-01,4.608570241049754213e-01,3.944542170082392385e-01,8.881820670184071842e-01,2.675113701301234936e-01,3.816223828154143849e-01,9.549554666265704927e-01,5.325550978125583867e-01,6.729720037720593462e-01,5.727994855613424141e-01,2.760648535509068191e-01,5.622036660836058353e-01,8.355742446622146380e-01,9.286208650548817278e-01,3.481571549047657310e-01,7.614468046683909863e-01,2.423371972541777108e-01,3.598297780999679674e-01,9.806882353512571537e-01,8.036411643727612297e-01,4.887268166873037223e-01,4.782472480640611034e-01,9.487473203265653909e-01,9.660844337809716409e-01,8.968710766163430215e-01,4.852356302904571872e-01,4.319669479049288996e-01,6.629952255864708377e-01,5.004382153982543935e-01,8.941250052349070110e-01,6.820612559892698101e-01,8.658350932955646284e-01,9.725603339473211095e-01,8.173275259352908995e-01,8.748886790016798809e-01,8.712463706612576519e-01,6.991465487015086078e-01,9.965544536454911118e-01,8.525475750835583844e-01,1.332263421592034536e-01,3.305668049701967481e-01,4.745178351920635862e-01,3.184609341340771671e-01,6.442966164962542486e-01,8.243126050114761849e-01,4.926858846885294185e-01,6.829817265347204458e-01,9.309623500152103270e-01,2.243462031666329515e-01,6.436048736344203158e-01,8.702372279798344934e-01,7.016042372635978852e-01,6.451842751541135845e-01,9.857048485141935990e-01,6.931809375622036695e-01,6.465852039011370511e-01,8.235402240824520881e-01,3.294543247484365001e-01,6.618634210176362886e-01,9.759458465311565689e-02,6.741758511877142812e-01,8.276765690033917044e-01,8.194451323602658377e-02,4.063133260333605667e-01,3.805092691114509984e-01
6.865341470021155690e-01,9.186491772722870097e-01,9.259067738610275988e-01,4.010575003319962195e-01,5.485329761679729188e-01,4.051877521631038759e-01,6.979914249811879356e-01,7.702037873456716310e-01,6.658313996246044697e-01,7.775159577677038802e-01,7.383406184641995162e-01,0.000000000000000000e+00,9.609160273965136057e-01,4.390681860831001648e-01,4.127946044550722671e-01,9.134679287856968533e-02,8.787170552160773473e-01,7.030556087128136955e-01,7.915149920893472801e-01,7.300130438826863966e-01,7.283378587839888230e-01,2.262539152940004905e-01,7.218879673719130752e-01,5.753974093509429677e-01,6.027369764602280577e-01,9.996057871160746178e-01,9.654170689250752835e-01,3.018122375968873006e-01,4.564960073299667020e-01,4.889124423585258228e-01,1.267632651152023893e-01,8.945133300924102970e-01,6.587604451488618951e-01,7.559427359565957794e-01,5.218226519377462402e-01,2.597088261911398299e-01,2.321145599064267651e-01,6.600211537157346653e-01,4.405193522917787430e-01,4.931504099784731476e-01,2.522221249340336757e-01,6.297174453552770723e-01,8.797099197778364132e-01,7.205193434024951271e-01,3.387498276330083158e-01,9.475037650736214401e-01,6.495019857129710195e-01,8.276477357888624153e-01,9.226236852778647579e-01,9.875543030323147287e-01,7.587695937337104457e-01,7.299234542375868662e-01,8.481237845110722873e-01,8.445573475881418268e-01,7.481254257814810016e-01,5.909199460597449605e-01,3.569709877659158481e-01,6.985289398711608255e-01,9.518376050927782606e-01,1.602651478601717638e-01,3.689755957777766104e-01,6.026981124768343578e-01,5.495402810212587363e-01,9.364319285918751845e-01,8.854086325802266177e-01,9.094011718025218904e-01,1.279011837873959001e-01,8.275759624909823087e-01,4.539740421482122978e-01,5.349955819864739004e-01,6.042102763623002915e-01,4.684098619433188504e-01,2.137817205832436285e-01,4.958409498483667965e-01,4.535671800732782866e-01,5.355436202633301335e-01,8.894187240201667510e-01,4.959074017376645660e-01,7.672794247595264849e-01,1.283344037742816524e-01,8.888214453393959991e-01,4.222302957618586650e-01,7.645607146418924582e-01,-3.461592193469401058e-01,7.956739412697120262e-01
9.638181737008530980e-01,6.443700140788196640e-01,9.399438455118271918e-01,8.709351221489296524e-01,5.316269557851307503e-01,7.366943239568218837e-01,7.033167581393346968e-01,4.267673995931688391e-01,8.769633565138171827e-01,5.332649146737300505e-01,6.162676206984952776e-01,9.609160273965136057e-01,0.000000000000000000e+00,7.272004069178291674e-01,7.350569091756655737e-01,5.875908505970484086e-01,8.170281892342077246e-01,5.825325279060050709e-01,9.218935230277927051e-01,6.122052122796095563e-01,7.553478921374330302e-01,9.429099976496645441e-01,4.928764165256543928e-01,9.017117588045234777e-01,4.381388209757132168e-01,8.720096798948469008e-01,9.794180553928024668e-01,9.103847157735438511e-01,4.079652954589780278e-01,6.488834892792088027e-01,5.296427048341569854e-01,5.614624765176162713e-01,9.295186601712341901e-01,7.819157155621467847e-01,9.393547832663748931e-01,3.330206580906300839e-01,6.543780845940472268e-01,7.640845594579545041e-01,4.755131538897087173e-01,9.388541524234645941e-01,7.022266649644101077e-01,9.137854158963291118e-01,8.692640640944925279e-01,9.123400639281836755e-01,4.805843268876743291e-01,9.201111704009632408e-01,7.112583737049511523e-01,8.565727361268840045e-01,3.880903586713357889e-01,9.537115176905159863e-01,5.413396014435396530e-01,9.781470682738124811e-01,7.605830165864274628e-01,9.997177076132122142e-01,6.417270340133587325e-01,9.617289213597361996e-01,8.997640647849253215e-01,5.551187699196662440e-01,6.883936998729587309e-01,2.060873844516712405e-01,4.749701245278306616e-01,8.876410915468321283e-01,8.965189897910585959e-01,5.378744226226098712e-01,8.866984178491801316e-01,9.283481750450752745e-01,8.382260133690894177e-01,7.322445328053966973e-01,9.063942721177964401e-01,7.687138244778031204e-01,6.169568924272541555e-01,8.337951667772770525e-01,5.823881053667185892e-01,7.902660319649175147e-01,8.934342024237632574e-01,4.794828798664929614e-01,2.700910493982180971e-01,6.567647454742524538e-01,7.212188754793156242e-01,4.845561928649585459e-01,6.826892457450156604e-01,7.324378444909096508e-01,6.830073319033522772e-01,6.028899270973755442e-01,9.116076018362252453e-01
9.494533577655742684e-01,8.637188604738449405e-02,9.301037638938943752e-01,4.022777771998289897e-01,8.300122952406095989e-01,5.291065573237501152e-01,7.420936019677181195e-01,6.686276863994194963e-01,4.047836208812250480e-01,7.113922330520339177e-01,1.493462676390614474e-01,4.390681860831001648e-01,7.272004069178291674e-01,0.000000000000000000e+00,1.688308555654852439e-01,8.147264290350781923e-01,8.713905724746904280e-01,6.651054317628747325e-01,2.479564916570500266e-01,9.176238923376326406e-01,6.534416219797793968e-01,8.587348882884098256e-01,4.021299669117412434e-01,2.095120524520212857e-01,6.207676098058712011e-01,9.896408857156334671e-01,8.090987182631357300e-01,6.513487099210838460e-01,7.281438659075130104e-01,2.243518833508510446e-01,1.775624176480705696e-01,6.626469138883523957e-01,5.315150502910128694e-01,2.019864695374077035e-01,6.819747490978563809e-01,7.750207906496207055e-01,3.081085028669461323e-01,9.252318719337898623e-01,9.080203267599119554e-01,7.826095224201795597e-01,7.898833676093925948e-01,4.427107668894091907e-01,9.637940398324976732e-01,3.733816971690432363e-01,9.488046437484142226e-01,9.941344846256350287e-01,8.748258222376903426e-01,9.054045482426601454e-01,5.339200239875625531e-01,7.180375481010020655e-01,7.104746426072989784e-01,2.646778310545221946e-01,4.651373742498569053e-01,5.179342571474586654e-01,9.244736573786977996e-01,9.113426213178166257e-01,6.852908452453843058e-01,7.279526046162789754e-01,9.461467115677766326e-01,4.827327915251434787e-01,3.786411359501627022e-02,6.017951964629874029e-01,5.880266463266892174e-01,8.958194178560238141e-01,9.483827531656302545e-01,2.428224330651131690e-01,5.106001592812449141e-01,6.661600010356738544e-01,7.753319585063021824e-02,7.146924236390713725e-01,6.254595781880253336e-01,9.785000900232821985e-01,6.849269267161768315e-01,4.496966954913049208e-01,6.445883406954645567e-01,7.917010781205970904e-01,9.499104271370062413e-01,5.635911653059970661e-01,6.955317780162416641e-01,5.868094737523441573e-01,5.994793337192416693e-01,7.206743564542498204e-01,-2.061584888276450367e-01,7.900493175215708153e-01,7.973833778365071456e-01
6.650756680921042774e-01,2.881627953097649075e-01,6.884506622496202599e-01,8.794010139424252026e-01,6.441382020625130433e-01,4.569089352671020787e-01,4.012447891785904663e-01,4.893032410168725033e-01,6.789606919734479940e-01,5.214778435881811669e-01,3.743451186128438080e-01,4.127946044550722671e-01,7.350569091756655737e-01,1.688308555654852439e-01,0.000000000000000000e+00,4.255694718298679707e-02,7.672235834086268413e-01,7.825500236234215201e-01,-2.518292699240537447e-02,8.452039442489924781e-01,7.492179190185902504e-01,9.532747012993952884e-01,2.187920429260228339e-01,2.202164639817951741e-01,5.256895024921034443e-01,7.274222169277435590e-01,4.164901799318722619e-01,5.227298237077704357e-01,4.681713480187349452e-01,3.908474859111586985e-01,5.085130567538022062e-01,2.814274965390278771e-01,7.445084234151954083e-01,5.307822306715973548e-01,3.657167626271425054e-02,7.721535175122362649e-01,2.879206679899357635e-01,4.307853175381253785e-01,2.015570985301775864e-01,8.470705733557523098e-01,9.460843094178359447e-01,7.968638946489104979e-01,9.254505993746198200e-01,6.172562111978662225e-01,9.103446796821853537e-01,7.446515681540278875e-01,2.069646053367646954e-01,5.330017919715457353e-01,4.138099806367606659e-01,7.335436078317740805e-01,7.638196561839556420e-01,5.365332480666898940e-01,5.620948880979511619e-01,6.820680580329770981e-01,8.858353264997949061e-01,9.991464519867134797e-01,6.162698280629649306e-01,6.338676183259293051e-01,9.783969693121750133e-01,-6.728692903817803939e-02,6.423956237714255613e-01,6.811175953499055691e-01,3.396711709304300886e-01,9.718922251860845352e-01,9.039369379006778615e-01,2.005799539506543661e-01,5.128003494973798482e-01,8.582168431358936367e-01,7.778839902640261039e-01,8.064039085882476199e-01,4.635054425491104135e-01,2.960736940228925196e-02,5.754247952170858937e-01,6.822324364651937145e-01,6.039896237488957542e-01,4.642327788531385724e-01,6.681820448374176102e-01,7.108841173340391117e-01,9.458405650546656274e-01,2.406056743235019668e-01,4.134340089672450258e-01,3.220512312103565589e-01,1.833142667519673530e-01,-7.189243837561309913e-03,6.493119976748096267e-01
8.290865818596976355e-01,9.901467194505917391e-01,6.840879351306922151e-01,6.543828442000214629e-01,8.970458681391498823e-01,6.825052851516695274e-01,3.807004847942997428e-01,9.080972600956639385e-01,8.655378161149913652e-01,9.157762365353701028e-01,5.860068729750180783e-01,9.134679287856968533e-02,5.875908505970484086e-01,8.147264290350781923e-01,4.255694718298679707e-02,0.000000000000000000e+00,9.413695359195904944e-01,4.984862196514628918e-01,6.112825728118729263e-01,5.957151273236571676e-01,9.391239505079838068e-01,6.917311903141820650e-01,5.981494312468385033e-01,5.202632759850072119e-01,6.076308377786048265e-01,5.903043944263995924e-01,6.618595490943777193e-01,5.552447166696566905e-01,8.097897305636035936e-01,7.059878444799426722e-01,5.359651635165437744e-01,4.648096821802270018e-01,8.865923596497160553e-01,2.495341631509273017e-01,6.197722442737766402e-01,7.466184769322998793e-01,2.821601654131502546e-01,6.097465962697128372e-01,7.224172447697065902e-01,9.303209874619089437e-01,4.692058480457251268e-01,3.962694367125290107e-01,9.193807189417189107e-01,3.344726941731118730e-01,6.688484474664164736e-01,9.451244915012028125e-01,4.755106163664120644e-01,8.606733977940781433e-01,7.496645077045579475e-01,6.025221918691352485e-01,7.210406570586662678e-01,9.741651689973361838e-01,5.183538262985569745e-01,7.587984127671546508e-01,8.243341340436366460e-01,7.667116954896284753e-01,7.165584944155577451e-01,4.015227627558245471e-01,6.302266787681666260e-01,5.920624922787365296e-01,2.497964269229557555e-01,6.144357368434876232e-01,6.106104143192624401e-01,4.905671646878613235e-01,7.178405003072250157e-01,4.309508733450023721e-01,6.224770863267383714e-01,9.358374225763996801e-01,-4.608576821725773875e-04,8.314412577592016351e-01,8.624820625500757565e-01,4.633805010580212547e-01,7.843942824887509824e-01,1.577611451847044099e-01,4.941701601898383367e-01,3.701838469110403373e-01,7.091116555894871887e-01,8.311953150570526860e-01,5.617216803151335869e-01,5.011011878924123142e-01,9.083615986870696712e-01,8.401949323960480331e-01,7.695438393080018535e-01,6.606546845044448668e-01,3.308010826693563722e-01
5.252999150927509797e-01,6.475529678245004472e-01,6.803626570947228780e-01,4.579430022021903635e-01,6.139235634716007084e-01,7.191535330175601315e-01,8.313535849080980755e-01,8.483948437127371012e-01,4.266596584555674698e-01,7.727955068205838440e-01,9.717868611742909168e-01,8.787170552160773473e-01,8.170281892342077246e-01,8.713905724746904280e-01,7.672235834086268413e-01,9.413695359195904944e-01,0.000000000000000000e+00,9.705701958722314782e-01,8.290906650918571374e-01,9.247435789408582352e-01,9.675387618054083205e-01,7.906290809996556757e-01,9.028070485625265817e-01,9.864568005356375568e-01,5.650204180206861437e-01,7.120493140257854181e-01,9.980431313429662943e-01,8.285320970445373412e-01,6.325437425830237048e-01,4.451461968498638400e-01,6.988698285547763345e-02,8.914137073614537554e-01,8.938702197705239438e-01,6.007191755396285027e-01,4.942796706758513792e-01,4.898078085487631017e-01,4.196840910649927148e-01,9.864390857150299174e-01,9.326568458577152443e-01,8.773749662256349335e-01,4.148719477551858770e-01,6.495773875562801392e-01,2.756997409532535026e-01,5.501952589260633575e-01,7.752494917107768391e-01,6.706578834936223199e-01,4.573004433738625529e-01,8.986074641506480720e-01,7.526577005522071540e-01,7.715157171403445036e-01,4.195106389154336091e-01,6.161288477737216773e-01,5.546872340877502250e-01,7.482607772641066690e-01,9.529712874802604983e-01,8.481387374291234904e-01,9.100932030329741407e-01,8.241901234962536460e-01,8.923954881568120223e-01,3.705072839263368611e-01,3.972483161266912033e-01,6.471101171709685573e-01,8.121667910686574121e-01,9.767916347973297775e-01,9.541049730783386362e-01,6.363221150402126325e-01,9.476311570050319766e-01,2.406365965069955093e-01,4.458917632198469150e-01,7.018702382901372827e-01,5.731562760636701448e-01,7.618723784995795612e-01,6.767607045554011602e-01,6.357020291273254298e-01,8.079621125945820603e-01,7.212433967237651400e-01,2.907775535142160250e-01,8.400405069257368407e-01,1.120642168421096541e-01,2.921288929752465791e-01,9.356290549788289779e-01,8.843025159687556425e-01,8.195815197365756699e-01,3.559220274429311659e-01,8.749549305731147975e-01
8.021833618220031159e-01,6.190551227304494919e-01,9.389820043371513991e-01,9.545179618873355087e-01,8.249958909885262148e-01,8.952829409654383674e-02,6.577243309086349132e-01,4.142081463105579120e-01,8.076402933916920768e-01,5.395435161021832071e-01,4.740313229571363474e-01,7.030556087128136955e-01,5.825325279060050709e-01,6.651054317628747325e-01,7.825500236234215201e-01,4.984862196514628918e-01,9.705701958722314782e-01,0.000000000000000000e+00,7.817857566136239278e-01,9.869679328286984354e-01,8.443558988872664761e-01,6.392659941600437046e-01,1.431441401144009362e-01,6.530412180742768413e-01,6.075193849577389393e-01,8.236475945531764875e-01,6.897626782800135858e-01,6.054709328009487690e-01,3.795698039246628852e-01,3.732956509678747037e-01,6.141365893153335476e-01,3.905218233446772214e-01,2.512906490733041731e-01,2.296579080876611223e-01,4.004733921628690352e-01,7.317097385313562352e-01,4.449514990111541612e-01,6.421557784747781161e-01,9.566004881834380136e-01,5.584922351340269042e-01,3.700254259816456726e-01,4.981517205092650391e-01,8.132516038334219877e-01,4.521857645928493152e-01,8.596297238117999173e-01,7.093913394149252705e-01,9.372363618644293792e-01,7.371929802780194940e-01,3.480019715355397447e-01,2.308262564129391348e-01,7.623616231697630807e-01,5.451597194199382379e-01,9.059514211384538385e-01,3.802942337961957020e-01,6.727701565341017709e-01,3.209181887681352707e-01,4.665481062457909611e-01,5.668618464961585612e-01,8.266422557562581597e-01,6.870899479821807043e-01,2.669029114028655947e-01,5.346866670143892719e-01,7.482824978468277655e-01,6.530061450719931715e-01,8.964593530302696900e-01,4.104759483175265400e-01,4.453580717134458800e-01,8.571716160994073963e-01,3.411972838987293866e-01,8.088354589383972559e-01,6.242688465087343763e-01,4.453428663059687542e-01,5.425997868093251908e-01,5.941926141519876525e-01,6.399267326082870300e-01,8.968541338231947879e-01,7.870671989061104323e-01,3.617556884016931429e-01,6.340385188246234760e-01,2.704228192705985245e-01,6.642186079629008866e-01,-1.576924145951089373e-01,5.813772028845947126e-01,2.393666007244883986e-01,4.205233581721986580e-01
