0.000000000000000000e+00,7.575655817867561481e-01,8.022713092593065642e-01,7.389253552997995245e-01,6.711469841796685598e-01,6.434974614981063823e-01,5.938429099135333900e-01,9.262849439071356716e-01,5.672473972672599229e-01,7.102869653260275307e-01,8.125238455884424837e-01,2.787392578795391818e-01,9.042717193270221054e-01,5.295467335442384238e-01,5.849666596855102041e-01,9.135779942487445293e-01,9.871017163998883071e-01,4.506231349232991401e-01,7.999266502131060497e-01,8.300756188504527788e-01,9.789390777452062764e-01,8.629388839297869040e-01,6.941489775922421446e-01,9.057769176973948788e-01,8.400816869646482443e-01,8.053417115820638017e-01,6.145918364449101112e-01,9.476557756879848693e-01,8.049423106697481956e-01,4.067355473718481940e-01,7.036197204477848688e-01,8.342710754290828534e-01,9.320564612363418933e-01,7.789394950143289087e-01,9.454327621085355515e-01,5.271162666805364605e-01,3.082179957801993719e-01,5.050916958005885471e-01,8.922886121574223894e-01,9.436819303706203144e-01,9.786702185199724902e-02,8.282459834505285778e-01,2.312852240805509108e-01,8.311047109073755879e-01,9.179506657861596919e-01,6.344882037709625999e-01,8.661658797032287804e-01,9.064690779667705645e-01,9.067378423265289866e-01,9.427549175730103315e-01,8.770142855362627055e-01,8.073182658621181895e-01,6.351901474796782798e-01,6.161183937776962827e-01,1.322969902166957201e-01,5.737539854298633335e-01,9.448392258614410899e-01,6.173940585991316565e-01,6.828192175501495154e-01,8.276643182496863649e-02,4.785236500749074917e-01,8.552659762919128106e-01,9.490952959831365776e-01,8.921252541569111294e-01,8.998057461586854711e-01,7.560689009342699274e-01,9.047373992087084371e-01,7.295066212764994562e-01,5.040600296614304865e-01,8.494477709180017211e-01,8.411532010607106757e-01,6.725325663761132500e-01,5.586028220432673885e-01,8.771596612802150528e-01,7.690488379547361086e-01,8.399797072761362449e-01,5.339435373960935705e-01,9.551188770324250399e-01,7.180018970624467700e-01,5.144560303263414625e-01,7.530464097834821402e-01,9.370831962493428868e-01,4.484681298721820975e-01,5.006281962780745332e-03,9.534175411029964797e-01
7.575655817867561481e-01,0.000000000000000000e+00,5.081022083950385015e-01,4.673576390943782188e-01,6.527106957861272818e-01,3.244603047809191398e-01,5.079016772228363008e-01,6.106211310578509854e-01,7.401164815751973824e-01,9.465534620997061444e-01,9.573836713174785906e-01,7.995085547525425662e-01,7.728066082093941747e-01,6.007880598117069093e-01,7.149592264870536784e-01,9.860110839269492500e-01,7.766978513229183534e-01,6.500361249402748509e-01,5.703141643553770734e-01,6.399820943756435732e-01,9.520825454617111161e-01,8.869714664948125105e-01,6.842673470115285816e-01,8.892836027593331583e-01,9.889543881994671271e-01,4.645796102468818245e-01,7.119764567285699064e-01,2.880085130358889800e-01,3.436638872894970387e-01,5.214078289463310867e-01,4.556111572630796580e-01,8.688418131599757732e-01,4.122766022216762249e-01,9.148035854709349879e-01,4.049646890467668015e-01,4.319182598093488368e-01,1.461179831487742324e-02,9.514296593530497947e-01,8.959382955319459274e-01,8.915811700772523496e-01,8.732015754979878253e-01,4.721011892159738266e-01,9.030655780916700959e-01,2.944091839493022666e-01,8.950155766692107218e-01,5.008138430857673740e-01,7.123145804400604630e-01,2.559169624949190758e-01,4.474309661588748432e-01,6.547996260108810418e-01,7.885965444469232866e-01,8.449156767401942991e-01,9.431003873049965680e-01,8.757085813683980202e-01,6.756278690953477772e-01,9.212159102792585319e-01,4.296925624219088413e-01,1.363963683170177354e-02,7.271480023764579359e-01,6.292645981488063089e-01,1.673450331790021783e-01,4.923842435147993135e-01,7.658853034200139298e-01,8.757117820276976161e-01,9.846918026883313413e-01,8.336624308153045559e-01,5.595139140111987652e-01,1.743293239912434567e-01,3.612327294035835301e-01,8.028804235297868352e-01,9.589798101257615004e-01,7.162461500315818741e-01,2.341502978294585091e-01,3.569646102086669881e-01,8.176453403870092007e-01,6.448636987242156726e-01,6.527788005145424011e-01,6.691525027497084999e-01,5.873398420600287606e-01,3.670529796653428933e-01,5.197841040953913305e-01,5.062520557764854656e-01,9.452222125911741157e-01,4.427538847205340633e-01,9.757235809992923503e-01
8.022713092593065642e-01,5.081022083950385015e-01,0.000000000000000000e+00,7.566562641126142186e-01,8.873392931910450976e-01,4.493924848750116552e-01,9.663619403390528717e-01,8.488754528488281492e-01,8.412282498213372595e-01,5.810188789660258868e-01,7.820029880722850768e-01,5.036754087927723944e-01,8.310008358540088569e-01,8.885770581755304542e-01,8.942476519729308793e-01,6.755819095409880681e-01,6.211212691477545622e-01,8.852121987528497327e-01,6.688680874644914454e-01,9.707648120687338844e-01,5.992167690859924178e-01,8.686972283714857745e-01,9.123759587519267855e-01,7.997261914501440083e-01,9.725634948329990870e-01,4.561559027054405413e-01,9.483771914862753061e-01,8.003274692048611971e-01,7.741747423729948840e-01,2.524883103513123062e-01,1.516638868029879239e-01,6.815025169449899778e-01,6.014131902386775641e-01,5.926065449386492823e-01,7.908483660074370203e-01,3.567774128864618088e-01,5.388776830004035068e-01,6.069677152283768917e-01,9.910700640794847249e-01,8.394876482061530698e-01,7.901119283380544367e-01,8.141812265578635133e-01,6.962125410230400879e-01,8.590189786565478602e-01,4.816849719837372756e-01,8.683946113521425758e-01,9.530453006136906380e-01,7.063614315349956430e-01,5.863152259194795990e-01,7.446671442290214715e-01,7.712106660474565833e-01,7.973473809374678201e-01,8.079311560340353138e-01,7.831612523699116313e-01,3.780897426068750011e-01,9.784847043368055663e-01,9.229934932296366412e-01,6.988802161578095973e-01,7.899715750857548846e-01,3.203759837560083978e-01,5.697631437083836570e-01,7.206059118449207324e-01,4.221972326538855347e-01,9.804767260165174747e-01,9.091135553288389737e-01,6.038111051734870172e-01,6.801188096559668272e-01,7.775516697118156628e-01,7.685057063862841265e-01,8.507916090105223095e-01,7.009673203326616253e-01,8.424171177773345232e-01,4.090362378385796749e-01,4.958925379497652330e-01,9.215230442822099910e-01,8.461108520483988649e-01,9.618292223185491707e-01,6.132969165698423097e-01,4.687042816339622164e-01,5.029892826660173899e-01,9.212786153632896990e-01,6.433336990180880122e-01,8.043035481176958879e-01,6.398365309975945214e-01,8.457053436912913558e-01
7.389253552997995245e-01,4.673576390943782188e-01,7.566562641126142186e-01,0.000000000000000000e+00,5.310679542041898404e-01,7.747805811562704648e-01,6.862513496502363752e-01,4.016378945410387646e-01,3.570600817887749079e-01,6.641945764635115435e-01,8.312792388214403916e-01,9.772739072855446407e-01,6.380731160752318720e-01,7.474879573038497593e-01,8.839193002432526036e-01,6.074447275931647017e-01,9.760194140872769930e-01,5.919006858027058282e-01,6.376148138248871611e-01,7.643638934806999963e-01,9.128218508707734991e-01,9.353482866339828394e-01,8.559207667734873848e-01,8.128430815656932928e-01,5.065966390495167948e-01,8.213504610379119830e-01,7.403177159063933921e-01,4.078284600679624727e-01,3.285443845963703646e-01,5.559085758763309126e-01,9.906719861265233639e-04,6.931220241151073713e-01,6.349726042871906007e-01,4.738432053640281860e-01,4.856432596636890420e-01,7.332641203388367002e-01,4.490711090545068118e-01,6.341688921852181027e-01,8.420815686907711095e-01,9.800412018184848639e-01,5.760596978885640373e-01,4.967000677373185624e-01,5.622586605496363577e-01,8.256622871930492380e-01,9.117840722814644083e-01,4.316326564014733580e-01,6.239479293952705508e-01,6.623365090624414586e-01,7.697990801734746480e-01,5.863834319291163499e-01,7.214608982971345563e-01,4.730099574501682169e-01,6.362217404560474021e-01,6.688400380286851910e-01,8.771008931716856027e-01,7.375730961168405209e-01,9.716301055660633290e-01,7.393538884365435937e-01,9.782672180302375287e-01,5.923127944476449525e-01,5.831638968447224736e-01,5.967902071012018972e-01,8.826529976606521943e-01,9.364810525659386098e-01,9.111200144947189106e-01,8.979879095090991248e-01,9.512214647481549434e-01,9.556923966667348891e-01,7.951217035114708231e-01,9.441234745629969449e-01,9.407828990299281768e-01,3.874533604308341150e-01,9.002542308615139044e-01,4.687874503598096210e-01,7.378019840938989660e-01,3.289976318529554966e-01,9.463449951467054477e-01,6.379637540480462832e-01,1.795944163361078705e-01,4.521692705771595544e-01,6.056988114382263477e-01,9.554208975254219194e-01,8.201947889682974502e-01,6.640652890454116219e-01,6.615015833426196590e-01
6.711469841796685598e-01,6.527106957861272818e-01,8.873392931910450976e-01,5.310679542041898404e-01,0.000000000000000000e+00,9.606596378089793387e-01,5.857657388534878162e-01,1.056729332942638877e-01,3.527641612067707322e-01,6.380102827187001946e-01,8.800354335898503688e-01,9.908398300666552139e-01,6.514367072178259832e-01,5.434867418686386564e-01,6.475822001472251177e-01,8.667582843088846856e-01,7.179813653826242481e-01,7.784067812360088157e-01,5.057150031168951010e-01,9.004887183823836461e-01,7.613409871207916790e-01,7.276623686807791591e-01,8.913308226279910151e-01,9.806329780797626849e-01,3.810549018282940459e-01,9.542847718551537017e-01,9.997588255245585254e-01,9.709275770790277704e-01,1.728926223579063948e-01,3.070188013155629725e-01,5.379068426850398543e-01,3.856734636919140757e-01,7.950547742656097761e-01,9.753061004613396978e-01,7.137014258082078344e-01,1.582923896142657272e-01,3.956040583466334248e-01,4.257121191444216968e-01,7.658084787542902561e-01,6.226207238852314862e-01,6.643093311245171773e-01,6.128510594565526048e-01,9.459425748859560112e-01,7.205724378414485320e-01,7.741298857843158521e-01,7.253261878056027623e-01,8.287309985953141833e-01,9.182885800023743439e-01,4.678843590578407041e-01,6.031636395348866087e-01,7.118440874531558604e-01,8.145439185747421762e-01,7.747605235661280121e-01,6.544554563502253952e-01,5.214875112959292958e-01,9.832220125049401238e-01,2.568095938908004916e-01,4.845657135518053327e-01,7.575370434154898858e-01,5.209508715166746295e-01,9.545954323536265385e-02,9.402763683227242097e-01,4.638876343097138033e-01,9.269894140537475735e-01,8.192771274096322109e-01,6.304754393497478127e-01,7.141889860933295919e-01,9.214782271459852625e-01,8.564682765241541373e-01,8.723013353007700310e-01,9.252854003443554687e-01,9.251574933261610401e-01,7.339834273933981690e-01,4.283621885950776864e-01,7.652511379385127377e-01,7.141860594814787300e-01,9.447639089907199361e-01,4.365819249189530904e-01,7.223660415259958167e-02,3.272098386997439601e-01,7.175237921767568805e-01,9.882216578545215402e-01,8.999886459074127876e-01,4.729599888755373627e-01,2.443026249089157165e-01
6.434974614981063823e-01,3.244603047809191398e-01,4.493924848750116552e-01,7.747805811562704648e-01,9.606596378089793387e-01,0.000000000000000000e+00,1.038551682651265157e-01,7.672766021268564440e-01,7.485677761057740742e-01,5.939268167605074034e-01,5.351202764517564159e-01,8.279586953370369207e-01,6.093835308879548274e-01,5.959283386026142937e-01,6.655859021248132779e-01,7.807804239582342154e-01,8.351388447093632816e-01,8.274525352008942347e-01,9.689622411246491263e-01,5.629442144686542804e-01,8.908356215966392044e-01,9.305709360077308867e-01,8.933696669858207651e-01,9.634822198110132296e-01,9.296367494255283193e-01,9.336476888408812291e-01,4.156103391606856268e-01,7.668208695352726201e-01,4.410091747552957742e-01,4.909345569064149650e-01,2.865242693694358134e-01,9.824762463673673007e-01,9.138380897096782807e-01,5.931136732154633773e-01,7.448301839833838534e-01,2.036661090130831298e-01,4.703015618298947986e-01,6.322123445776771655e-01,4.904201889313485330e-01,8.279895493436602028e-01,2.933051849542248068e-01,5.773116257908265103e-01,9.759845557401903848e-01,5.592872950610543459e-01,9.016701882197007967e-01,6.857613495124215142e-01,7.754866011415557647e-01,9.010030922426951472e-01,5.645786230919056514e-01,3.871751259883537966e-01,6.051441637390554407e-01,2.602439693007776444e-01,6.725390497195778972e-01,9.514413111247483901e-01,8.828760102341710603e-01,9.757893821175135374e-01,6.317256526917159887e-01,2.502945314769439156e-01,3.835856543333192592e-01,4.425799287240567148e-01,5.683708414652843821e-01,7.675665899507713164e-01,6.233773385642088494e-01,6.746785956966103726e-01,5.897606044317866836e-01,4.875260985730311414e-01,-3.176905377689470678e-02,8.877774272850006421e-01,7.678184456358018162e-01,9.664620813543154387e-01,9.825443832204678873e-01,7.314882548616183922e-01,7.186986995020920865e-01,5.931254346924426102e-01,8.370358368995408638e-01,6.504286566076173948e-01,7.509206076960501797e-01,6.836772770178625169e-01,5.913574118931429480e-01,2.295089888989277349e-01,3.414430372891285037e-01,9.050387750853016167e-01,9.225041524553582173e-01,2.744921530436574830e-01,9.167520739134759067e-01
5.938429099135333900e-01,5.079016772228363008e-01,9.663619403390528717e-01,6.862513496502363752e-01,5.857657388534878162e-01,1.038551682651265157e-01,0.000000000000000000e+00,6.174850673822133151e-01,2.983062413864516760e-01,6.879969065814653950e-01,7.907865393363622264e-01,6.392096371150645107e-01,4.917771840782838022e-01,4.672557041069624884e-01,6.928147541669942289e-01,7.303457960290941076e-01,7.469116842368747067e-01,3.384809365828652661e-01,5.967803288861031064e-01,6.773502000996272088e-01,1.580145727317345539e-01,5.931770704279296647e-01,5.266324154665078527e-01,7.903269841268756313e-01,4.060924382464913274e-01,6.052465171605849736e-01,7.284180919140093025e-01,8.650068978315222923e-01,1.428040237539013602e-01,5.256119694771147488e-01,1.759493426945058225e-01,7.168820654131213832e-01,6.745925632542769668e-01,5.289665555616121506e-02,1.870325743465421631e-01,5.942326568866018732e-01,3.262516484476763456e-01,4.510838274492001143e-01,8.950273989021358956e-01,6.973832151887361386e-01,4.322910034233202747e-01,4.951503935048966465e-01,9.921365722537711651e-01,4.546051156098836477e-01,7.900250180783252585e-01,3.600029141981945235e-01,6.442500257276875253e-01,6.879316074705843498e-01,7.185609851698576689e-01,5.260530470676439974e-01,6.132920137076723899e-01,7.947486124723113221e-01,-6.517942806897661367e-02,4.611729268368721657e-01,6.178435675305292696e-01,6.210542999918867713e-01,6.811041179558471326e-01,6.036007357452940481e-01,8.771260286855011579e-01,2.127041240588946613e-01,7.520270594555574784e-01,4.256467449946969572e-01,7.186664036162881963e-01,5.759553082117402356e-01,6.677015682091073101e-01,2.666157998767683113e-01,4.340746018974127041e-01,8.535970982002309970e-01,6.552153116322061432e-01,5.313773897665043933e-01,7.566772283082002781e-01,9.549888992903963203e-01,2.057956160105447185e-01,2.058273854586095131e-01,-5.147794659714599597e-03,7.964355362489277113e-01,1.089346876859852015e-01,7.773150358653122538e-01,1.776548364247689249e-01,3.603545166490256246e-01,7.407617620430498873e-01,6.792098018512824353e-01,3.692497012290311131e-01,2.738293060168391913e-01,8.228838667492751613e-01
9.262849439071356716e-01,6.106211310578509854e-01,8.488754528488281492e-01,4.016378945410387646e-01,1.056729332942638877e-01,7.672766021268564440e-01,6.174850673822133151e-01,0.000000000000000000e+00,5.801458978708603498e-01,6.422352095289898255e-01,7.061854285839643808e-01,5.420483728999841988e-01,8.466724525207066643e-01,8.119470346536140637e-01,2.138569725727783866e-01,3.587646289937281852e-01,9.176263531165864684e-01,6.052789355479518685e-01,2.904214041015577563e-01,5.782432101793781865e-01,8.543941080985785197e-01,4.202035521688187170e-01,6.789354525641637661e-01,7.155112508978663799e-01,4.921582356045625106e-01,3.727931491875484116e-01,9.607105309264275528e-01,4.537340980113892530e-01,3.947652273980375437e-01,4.184742579127154749e-01,3.792480138831708786e-02,6.403098275003988871e-01,7.021377963890720331e-01,6.831423265154648039e-01,4.252351498066640478e-01,-3.932600571610009865e-01,2.116168909889304395e-02,4.173796559702073194e-01,6.711504393531763091e-01,4.135134084572167912e-01,7.210066949330093955e-01,-1.087984781504552217e-01,8.765878912195406159e-01,3.356918420430184402e-01,7.535304274049372530e-01,4.039324367931600435e-01,7.817666378746803701e-01,6.712641614843000148e-01,6.052526012310900372e-01,4.127957526829069135e-01,5.165139753742409301e-01,9.996171064596761635e-01,6.292210423459058122e-01,7.709139582089640230e-01,6.621635940691608102e-01,5.499302826220312523e-01,7.449770872028302904e-01,4.068459816445047506e-01,7.871544043463409857e-01,7.598762088193438125e-01,4.165246676230319189e-01,6.272888779265075598e-01,7.081076717677083909e-01,5.710283348540126092e-01,8.075415144435530435e-01,4.266031047433029855e-01,6.904339175374539783e-01,8.182124411543895137e-01,6.649494230658578031e-01,6.826539068746545480e-01,7.421115633435364511e-01,4.232727166483331582e-01,5.021700790997215558e-01,5.364043467817245503e-01,6.586442685098270466e-01,7.137092823555652998e-01,7.873185148182191284e-01,7.259305819985386599e-01,4.624174335150919024e-01,3.938552940294497429e-01,7.530922116910108155e-01,7.601174747719221525e-01,9.435546263771594777e-01,7.403060231530075308e-01,7.956112129404431244e-01
5.672473972672599229e-01,7.401164815751973824e-01,8.412282498213372595e-01,3.570600817887749079e-01,3.527641612067707322e-01,7.485677761057740742e-01,2.983062413864516760e-01,5.801458978708603498e-01,0.000000000000000000e+00,6.643390964234410223e-01,9.452802262043883408e-01,8.928957987197779778e-01,7.455305840330255229e-01,8.114609155782108729e-01,6.270400131880918826e-01,4.927027519423703428e-01,9.918099394465844654e-01,7.016225432882913227e-01,7.437415009801147114e-01,9.968433046951861165e-01,6.054196634198646398e-01,7.742840503042156541e-01,6.996610120882221784e-01,8.895587245117305697e-01,4.419987561980536217e-01,9.761003076578441684e-01,8.170454987692173932e-01,6.468158202873668383e-01,5.364401216666709882e-01,7.494104910131642594e-01,4.255645174453152602e-01,4.294752109841030174e-01,5.400744277250445480e-01,4.202619034474702753e-01,8.758898528261457317e-01,5.135981903523346714e-01,4.157490202896197418e-01,6.521975289362038630e-01,4.377032422711937820e-01,6.960219930869211424e-01,4.426138642861081052e-01,2.670637445715261515e-01,8.825594476983282810e-01,5.660443092280065258e-01,6.930571512879384333e-01,4.640054947157568610e-01,4.346034877021075493e-01,7.766109305918204031e-01,7.541905145374937502e-01,8.094676997570817711e-01,7.482275702487015678e-01,6.792677186684115131e-01,9.092362294653689725e-01,4.322454010263672153e-01,8.609175767646786159e-01,4.808059164483091674e-01,6.714118113833273949e-01,9.604997718559249442e-01,8.854255211648967006e-01,6.086563681086794020e-01,3.024855734089000325e-01,5.757388494659153588e-01,9.165427665323693240e-01,8.133102444803416153e-01,9.343951893153743526e-01,3.650558898284050890e-01,4.648760323190718191e-01,7.225534415390474363e-01,3.218804501268272000e-01,2.327262970897757965e-01,6.646743286575587106e-01,6.653098205772408624e-01,1.316853452819308212e-01,6.519227592524978743e-02,6.737853914563650681e-01,6.429725466456666094e-01,8.070992836182871999e-01,9.354366529049599199e-01,1.220144573683933642e-01,2.940241970573696517e-01,9.125612352949694639e-01,9.294631739070642329e-01,6.693208578474957315e-01,5.424594673990584814e-01,7.785320276064668921e-01
7.102869653260275307e-01,9.465534620997061444e-01,5.810188789660258868e-01,6.641945764635115435e-01,6.380102827187001946e-01,5.939268167605074034e-01,6.879969065814653950e-01,6.422352095289898255e-01,6.643390964234410223e-01,0.000000000000000000e+00,6.653552722937232655e-01,6.702720160632847923e-01,7.243116043813051519e-01,8.962193636711395239e-01,3.622555502096321267e-01,7.459295234458709345e-01,6.433907424837742584e-01,7.960592783576723175e-01,7.718324181885813928e-01,8.231597846672581431e-01,8.858431891327629426e-01,4.428669575165663508e-01,5.034427962730589901e-01,8.395229988008791056e-01,5.169912501929653237e-01,8.782007072546432758e-01,6.694109019380993786e-01,8.629857057144366683e-01,5.633689877512599864e-01,5.475010112064910839e-01,-1.868532229192011451e-01,6.072030032815063372e-01,8.886473373674242948e-01,4.898444156517669512e-01,5.802347834302434837e-01,7.223289150522758939e-02,4.365521044651700655e-01,6.035602943772130358e-01,5.399710031998183890e-01,8.613619105766359141e-01,8.623229114998063327e-01,6.078605143148988477e-01,9.166014451284235642e-01,9.058169049875064438e-01,7.589297803221728422e-01,9.054407115827902697e-01,4.648433792494097716e-01,9.896579895746090427e-01,3.358125117311642760e-01,4.148030217648381868e-01,3.093730667198341111e-01,5.514144120291570861e-01,7.035469814581908343e-01,1.114862981071845227e-01,6.869320887948486831e-01,4.675824293956634681e-02,5.234943025314751086e-01,2.538183897243444509e-01,8.410413083493870623e-01,5.704143199503798334e-01,2.488270063695279533e-01,7.314494889377948228e-01,6.152056239747050181e-01,7.632861756042108592e-01,7.389878888541199231e-01,7.992621519678962949e-01,2.805077155879112105e-01,7.097223889407805464e-01,7.607877796124500325e-01,8.179523371000332332e-01,2.767486042561579374e-01,2.364740255563309301e-01,3.182133199116651823e-01,2.516715104559254512e-01,8.243669115762223276e-01,8.572377051624509026e-01,5.223360483650935082e-01,8.204929474842175274e-01,4.655678055608203358e-01,5.943081987310518954e-01,6.976592154494927200e-01,6.698969935013568966e-01,6.051588619335125374e-01,4.642429334454747369e-01,6.258588382142413753e-01
8.125238455884424837e-01,9.573836713174785906e-01,7.820029880722850768e-01,8.312792388214403916e-01,8.800354335898503688e-01,5.351202764517564159e-01,7.907865393363622264e-01,7.061854285839643808e-01,9.452802262043883408e-01,6.653552722937232655e-01,0.000000000000000000e+00,5.410174253290567226e-01,7.353260644623036413e-01,5.101497483534196409e-01,7.617433067116463619e-01,2.613657807780660480e-01,6.699363606274729710e-01,8.531588507129733712e-01,8.607717321845780312e-01,8.353368088605530595e-01,6.673273642624062418e-01,3.786830828192637721e-01,7.059377774466294442e-01,9.116732081261923470e-01,6.152018001445616058e-01,7.330772166390333577e-01,3.908203698985139862e-01,7.172090554194189282e-01,5.487995445535074346e-01,3.270834786167660657e-01,6.612354633088065592e-01,4.698212422227839857e-01,8.036060205800333867e-01,8.357193812392964549e-01,6.829084020470450600e-01,2.834531351874922667e-01,1.405975001686587678e-01,7.631471228346727864e-01,7.497265911576123099e-01,9.469506916922171280e-01,-3.570324766185634102e-02,2.281760062469473105e-01,9.054371988014084938e-01,6.241673455470706511e-01,8.252918764360046566e-01,9.556746065817580682e-01,4.700337374108348176e-01,5.106067704822197378e-02,4.011768244021491348e-01,4.834699047939526872e-01,4.361376070311671072e-01,6.299988557688042112e-01,8.591024578621020424e-01,6.338786917515076835e-01,8.259328215845332943e-01,9.506574635020557107e-01,6.724191275089475006e-01,6.214619893619284241e-01,7.766995021078171302e-01,6.998385289005375487e-01,4.229799639633183839e-01,7.779428317154808425e-01,6.912392113012819639e-01,6.716151119831124117e-01,9.968871298167789607e-01,9.839548885545197354e-01,7.335769775385494462e-01,4.506837609745222850e-01,2.621636595041783591e-01,2.701467306858549855e-01,9.504531721821853907e-01,3.447347273353089103e-01,3.230933754844999006e-01,2.934787138629324499e-01,2.506735876782836270e-01,2.975295523708174628e-01,7.831157922320128861e-01,6.845474615321107681e-01,3.618591435628958908e-01,4.216335788636119131e-01,6.038659540722984831e-01,8.429382299319497784e-01,6.131585424732923784e-01,3.821126955477701648e-01,6.479921565625796909e-01
2.787392578795391818e-01,7.995085547525425662e-01,5.036754087927723944e-01,9.772739072855446407e-01,9.908398300666552139e-01,8.279586953370369207e-01,6.392096371150645107e-01,5.420483728999841988e-01,8.928957987197779778e-01,6.702720160632847923e-01,5.410174253290567226e-01,0.000000000000000000e+00,8.547300031696819511e-01,8.158935591861274927e-01,4.223516781308296608e-02,7.674583893151576408e-01,9.517621774788610489e-01,6.292299990561540657e-01,7.816895368505938357e-01,9.047107936671938688e-01,5.119621112392404028e-01,2.378566264886369241e-01,6.141686862762342214e-01,7.012918525088643884e-01,8.457982163363002570e-01,7.752874385117732858e-01,7.892216772891172960e-01,6.014311825154233793e-01,2.036223311257151503e-01,2.402752202611750931e-01,1.158320557904934933e-01,7.292616794623685283e-01,8.179496204092987499e-01,6.807612889983496451e-01,4.238587769657248816e-01,2.980755534914424909e-01,4.811035036551574717e-01,6.103415591341244673e-01,6.901470504739362077e-01,9.011439509118686075e-01,7.662418949287861381e-01,9.200297169960384158e-01,7.954033908223564486e-01,4.366471321744938017e-01,4.046432997054731917e-01,8.941055567106098723e-01,6.129447856900209768e-01,8.639199759730705752e-01,2.041828248548899771e-01,7.645889620336973058e-01,7.280123875068071904e-01,9.632544196683672233e-01,7.414588824298602443e-01,5.795684794822884012e-01,7.927146391023323080e-01,9.666552215187673713e-01,8.919101273858078827e-01,8.338384942457180982e-01,8.890382398440348499e-01,6.338704477599823583e-01,2.822217550528262064e-01,5.190936824616687595e-01,8.425032048388056971e-01,8.773841208486783394e-01,9.946183039936237202e-01,5.719244130677594296e-01,9.178233493066004778e-01,6.823806500580246182e-01,7.231856136235557120e-01,5.605102150616658729e-01,8.999498475794490693e-01,6.159527417994126175e-01,7.892607990451355748e-01,5.969635309545787694e-01,8.024871360286230937e-01,7.941025756579054296e-01,7.230607526861231316e-01,4.775451567667635677e-01,1.354669085950598872e-01,1.049822172765303291e-01,2.288716071818513997e-01,4.871512234965039712e-01,6.114349536249311656e-01,7.221870725001726665e-01,5.763905895029104443e-01
9.042717193270221054e-01,7.728066082093941747e-01,8.310008358540088569e-01,6.380731160752318720e-01,6.514367072178259832e-01,6.093835308879548274e-01,4.917771840782838022e-01,8.466724525207066643e-01,7.455305840330255229e-01,7.243116043813051519e-01,7.353260644623036413e-01,8.547300031696819511e-01,0.000000000000000000e+00,6.594220700648415479e-01,7.207563638517628934e-01,7.280251478270244325e-01,8.037665778306715136e-01,6.766779882333253671e-01,7.046498398016716180e-01,8.652734347296583417e-01,5.385379611407304923e-01,5.024697291870577898e-01,8.972592749415450042e-01,7.787574061391135949e-01,7.067258664914142230e-01,6.931005375495843390e-01,2.682714852782975279e-01,5.012256033077169270e-01,5.460982636387061717e-01,7.098800569905983071e-01,3.263247930951632680e-01,6.959511108574178984e-01,8.763954698096252383e-01,6.450710526752145846e-01,6.767090781897520113e-01,6.638984179374285421e-02,7.009234510413533403e-01,6.797931735639112238e-01,9.894068474192143636e-01,9.570960443052618505e-01,2.314797123247390453e-01,4.690359979868409801e-01,7.574223750040200986e-01,8.259468619402771106e-01,2.441337291968125045e-01,5.391020118082271440e-01,8.336503092858680297e-01,7.104141574325533171e-01,4.289026672497407988e-01,8.045285491193495675e-01,4.270755497484799434e-01,5.887914824983543349e-01,6.034946372079038612e-01,9.232264683558198959e-01,4.822938638887267482e-01,2.048151084710070347e-01,9.066688432677301179e-01,6.774035036111328845e-01,9.251892326995195814e-01,2.776974270046974058e-01,7.365994732632571429e-01,4.352807201688826955e-01,7.256483561703733765e-01,7.318093830801011279e-01,9.817790400504013970e-01,9.951560438511715123e-01,1.965912249345879159e-01,7.032492991495510326e-01,6.206857019035565415e-01,1.538971949951016271e-01,6.438336232115124957e-01,9.621787344134218323e-01,6.727213955038454651e-01,7.010284366590693317e-01,7.352482087298012337e-01,8.155226119277884100e-01,7.804584761215449529e-01,5.286245812685979040e-01,7.742535175293371319e-01,1.661799000639425927e-01,6.424661406343220582e-01,6.726690865473304859e-01,9.938362741763204777e-01,6.789408347879589689e-01,3.102126008624373488e-01
5.295467335442384238e-01,6.007880598117069093e-01,8.885770581755304542e-01,7.474879573038497593e-01,5.434867418686386564e-01,5.959283386026142937e-01,4.672557041069624884e-01,8.119470346536140637e-01,8.114609155782108729e-01,8.962193636711395239e-01,5.101497483534196409e-01,8.158935591861274927e-01,6.594220700648415479e-01,0.000000000000000000e+00,6.843710683930965821e-01,2.037074945031341344e-01,9.847375251480932068e-01,7.493064812948436737e-01,8.111703517836411637e-01,7.777706156043040497e-01,7.008984072151352995e-01,6.334795223125453401e-01,4.105434710719511049e-01,8.437428735715561956e-01,6.009102687274542332e-01,-1.440773289947187563e-01,8.811590862182931971e-01,8.453928707057495329e-01,5.917646951410528988e-01,7.848133889086570392e-01,2.830128943067687919e-01,2.144790339623691700e-01,8.711449300259153095e-01,4.151246382799187451e-01,9.903717211281823918e-01,3.527537513276033376e-01,5.312300677431956997e-01,8.557520409294819830e-01,9.661777764318180139e-01,9.467113941595319826e-01,6.599354789721345593e-01,9.091769417792030517e-01,7.191420912363895024e-01,9.090652788829802766e-01,7.192015148822122894e-01,9.394995782173536369e-01,6.285250327050164731e-01,6.331639849892735095e-01,8.880137444194503571e-01,9.085483325832011126e-01,5.313286968191757165e-01,6.500526413674313497e-01,8.498998626122160616e-01,6.423547196512644497e-01,8.164670527169903824e-01,9.625237722969715026e-01,9.163483589479721747e-01,6.449146235986491504e-01,1.479713801450390810e-02,3.280205391276494464e-01,3.397214508216113149e-01,6.218086298390186339e-01,9.505025029816043247e-01,6.737706626113868502e-01,4.121228627923315124e-01,8.592966977147524776e-01,2.358001858411279961e-01,7.644176360146321958e-01,5.577508766411369834e-01,8.219064754578351284e-01,2.422352416543345766e-01,2.253586407386154733e-01,6.418523332691838945e-01,2.993664365768676228e-01,5.123273194225629323e-01,7.678999362143620333e-01,4.272492528517564669e-01,8.260920591220810572e-02,6.633925442855346244e-01,2.886559901178986087e-01,9.361601186849564105e-01,9.837363390476320246e-01,8.367546890995243292e-01,2.441265730068941653e-01,3.121980405571904774e-02
5.849666596855102041e-01,7.149592264870536784e-01,8.942476519729308793e-01,8.839193002432526036e-01,6.475822001472251177e-01,6.655859021248132779e-01,6.928147541669942289e-01,2.138569725727783866e-01,6.270400131880918826e-01,3.622555502096321267e-01,7.617433067116463619e-01,4.223516781308296608e-02,7.207563638517628934e-01,6.843710683930965821e-01,0.000000000000000000e+00,6.106058276330569301e-01,5.526678877477833041e-01,4.035203480738772663e-01,7.087652406992931420e-01,7.421163118335826203e-01,7.264640244292261961e-01,8.810075866596315253e-01,9.663999452200791040e-01,8.950651498967883146e-01,4.668142790050821000e-01,6.721963815643335061e-02,8.094809676936868259e-01,7.553747391260782207e-01,5.044046130944571660e-01,5.226721300916116197e-01,2.321138772465754507e-01,9.331742660286101998e-01,6.046655120954331775e-01,2.118517206361843208e-01,8.193677502441436555e-01,5.397011527006208009e-01,4.776672617102731278e-01,2.164342222354632417e-01,8.599815147004928884e-01,5.825704234440954865e-01,2.834869135029976506e-01,9.892774582004717487e-01,9.871708070456268747e-01,5.511786581097077864e-01,8.804538950684234200e-01,4.994672540354249679e-01,4.692194468565140664e-01,6.364188080780939227e-01,9.025777471474614178e-01,7.974924832349756798e-01,6.044007674670465180e-01,6.798287507479154890e-01,6.795155199348059671e-01,6.228828087843389927e-01,7.388138087708768786e-01,4.902348404353827349e-01,9.434198153444247614e-01,7.182747828709239446e-01,8.438485816731349232e-01,8.308588520433165536e-01,8.924767071433761245e-01,9.490823635066131247e-01,8.773066269794962402e-01,7.338477442849289378e-01,9.194704526999691874e-01,6.094835413963580750e-01,4.973345851534021200e-01,9.125787162697868160e-01,9.629004513820118571e-01,9.211320808696655815e-01,7.242705195971603782e-01,6.270647568348319822e-01,7.250876795564038524e-01,7.941524878901706774e-01,3.681538795529464697e-02,4.441461275301906153e-01,6.965660019001034264e-01,7.383451863534338244e-01,4.318685116003977836e-02,2.047481231368722121e-01,4.694631722580026034e-01,7.642316257916023092e-01,8.681045618026598243e-01,9.883199776229414368e-01,5.199172212503589963e-01
9.135779942487445293e-01,9.860110839269492500e-01,6.755819095409880681e-01,6.074447275931647017e-01,8.667582843088846856e-01,7.807804239582342154e-01,7.303457960290941076e-01,3.587646289937281852e-01,4.927027519423703428e-01,7.459295234458709345e-01,2.613657807780660480e-01,7.674583893151576408e-01,7.280251478270244325e-01,2.037074945031341344e-01,6.106058276330569301e-01,0.000000000000000000e+00,2.737356043021033167e-03,8.389432021635586656e-01,3.094032533655213246e-01,8.193724127290962223e-01,9.621511065355351500e-01,8.819604290451061868e-01,7.481712712744905680e-01,9.802769032842817420e-01,5.946775311790170049e-01,7.264230559263596954e-01,8.173118823990339621e-01,-3.912753976167810399e-01,3.988197814574824807e-01,3.029584382524200814e-01,1.554691983635718699e-01,5.478820117628486752e-01,-1.805338647892404391e-01,1.646708530129280812e-01,7.596354265972963260e-01,8.080844801079161144e-01,4.231847156440712854e-01,5.643760521494715077e-01,7.254960046966817400e-01,7.522310093835286038e-01,6.510135664586260695e-01,6.521722544805987898e-01,3.967385581290552299e-01,3.666485900886606863e-01,6.054724189735983808e-01,8.375630943687369934e-01,9.233057845690761933e-01,7.167553125231197475e-01,8.611886583295917941e-01,9.972452092259536105e-01,9.394396061082846972e-01,6.457717714368044204e-01,6.903254977867535613e-01,7.675213415635714354e-01,9.634038029815511495e-01,8.238411001127307065e-01,6.156735309616792051e-01,3.179233407403808664e-01,5.245470915535237477e-01,5.933686162500999978e-02,3.748548233157489862e-01,5.535029305764701535e-01,7.023864307139251473e-01,6.481239780424106200e-01,9.220511384672536170e-01,9.206360357999674449e-01,4.801176711907055306e-01,8.389570950903217916e-01,6.477785650819761765e-01,8.558653038019060633e-01,8.766694435769140092e-02,2.581720322750784002e-01,9.470367137174776628e-01,5.763445175266573850e-01,4.047755217453286036e-01,6.471002868178947764e-01,8.009939789473793370e-01,4.090258635867927151e-01,2.912072901668026903e-01,3.044500469862327363e-01,6.404808561185707516e-01,4.322668889393360692e-01,7.203998321373135116e-01,6.247176179805178364e-01,6.320248933173349126e-01
9.871017163998883071e-01,7.766978513229183534e-01,6.211212691477545622e-01,9.760194140872769930e-01,7.179813653826242481e-01,8.351388447093632816e-01,7.469116842368747067e-01,9.176263531165864684e-01,9.918099394465844654e-01,6.433907424837742584e-01,6.699363606274729710e-01,9.517621774788610489e-01,8.037665778306715136e-01,9.847375251480932068e-01,5.526678877477833041e-01,2.737356043021033167e-03,0.000000000000000000e+00,8.649867157085571190e-01,7.468802373847275300e-01,9.955076467972442389e-01,9.570917425607432527e-01,5.646982359873696788e-01,4.000713593592516992e-01,2.855382818909857900e-01,4.464256674703930838e-01,9.608188729980915443e-01,3.675485018867932219e-01,8.147119318904149088e-01,5.208572641381465917e-01,5.111446877102142627e-01,6.129468341770152318e-01,9.426806092886118593e-01,5.920059743929075857e-01,6.243581529966405474e-01,9.546529019786474946e-01,2.594240745908300561e-01,3.775543994539055648e-01,4.253076698226868069e-01,8.979197381382799659e-01,9.727887219179548461e-01,4.001347562111856604e-01,5.934751663215949158e-01,8.187221332244871697e-01,9.591700153545180685e-01,6.405648795901129899e-01,8.926989853207564218e-01,1.565816721661185407e-01,9.877534017653544218e-01,7.527295423778600503e-01,6.898010940774765842e-01,9.420070618036793797e-02,4.581101643901315801e-01,5.266468701315518697e-01,5.959438945110377972e-01,6.764891169508893132e-01,1.981402017373683488e-01,2.815075094855838400e-01,7.780734174846104523e-01,8.591924458242004015e-01,6.533203905331349537e-01,4.062842831820425715e-01,8.611771136149741768e-01,9.604116323986465753e-01,9.010232530046257127e-01,7.206310251121977872e-01,8.217310352067164203e-01,8.680989299311183682e-01,6.017939075881874045e-01,7.957891641680197026e-01,9.943916832609589473e-01,5.831280451016469524e-01,8.057311481437179346e-01,3.143185110044708908e-01,7.876967308419624558e-01,8.068564606740328271e-01,6.328531483822065207e-01,7.282808120162170828e-01,6.992705869876354452e-01,-1.896386160278570598e-01,5.736210443820641824e-01,9.210774690282896859e-01,8.625085501948280831e-01,6.375659327573972579e-01,2.346971341765122232e-01,9.598540574043519236e-01
4.506231349232991401e-01,6.500361249402748509e-01,8.852121987528497327e-01,5.919006858027058282e-01,7.784067812360088157e-01,8.274525352008942347e-01,3.384809365828652661e-01,6.052789355479518685e-01,7.016225432882913227e-01,7.960592783576723175e-01,8.531588507129733712e-01,6.292299990561540657e-01,6.766779882333253671e-01,7.493064812948436737e-01,4.035203480738772663e-01,8.389432021635586656e-01,8.649867157085571190e-01,0.000000000000000000e+00,5.810133574119665800e-01,7.628756378550431982e-01,7.134267860222401891e-01,6.099004845250309836e-01,6.010629194224001992e-01,8.672366628563975555e-01,4.121080347680343148e-01,2.821524563208827607e-01,6.608560938074814484e-01,7.610774455530980864e-01,4.680160486840925227e-01,8.988435850022232776e-01,6.833210214146892003e-01,4.457209812524857151e-01,9.158380906875593919e-01,3.649227723009569324e-01,7.318192349845487055e-01,8.251989126261571883e-02,7.269163312098905205e-01,6.773318567612988117e-01,5.736980041523368490e-01,9.168951060821706189e-01,5.704804654277593201e-01,7.862727048535138596e-01,9.773602633265868755e-01,9.109375143560778376e-01,7.594916149561330432e-01,6.374591228684165500e-01,9.464979913496874842e-01,7.553270904395589236e-01,9.193275709760061476e-01,9.050126017088104824e-01,5.678882950707299093e-01,3.829869154732505887e-01,5.358649876883130325e-01,6.812111807333134372e-01,7.118588620318825333e-01,4.355485758172451538e-01,7.426779359362828403e-01,8.998488613756038257e-01,8.084798407924621566e-01,4.821715351478340628e-01,4.471781582324833582e-01,4.679615729909737398e-01,9.759060501143447253e-01,5.960471203850081778e-01,7.355654014514798611e-01,8.089858418583979471e-01,4.600630725754936701e-01,8.839392594834241113e-01,6.708002955563985292e-01,4.652699931320988247e-01,6.363027218499496263e-01,9.522265399426401711e-01,2.698075322658443631e-01,2.821108463199445415e-01,3.651373395859864868e-01,3.972698407184825364e-01,8.613672235359720597e-02,6.350175360326833218e-02,6.700663299490050573e-01,7.972377462854605135e-01,5.756191553466807331e-01,6.589590949803160180e-01,7.204520023092378933e-01,1.296085099347260294e-01,9.006189654540345257e-01
