0.000000000000000000e+00,8.913330474041517570e-01,9.115176300649137087e-01,6.836829497027790969e-01,8.062251836325956544e-01,8.206365983900891781e-01,7.159062517750794941e-01,6.326834416853718279e-01,7.423099667618522357e-01,9.675248840135500794e-01,8.751698003496162226e-01,9.801282532422924687e-01,8.258155772972251008e-01,6.839255757263806856e-01,6.348176430271167403e-01,5.114975493028435238e-01,6.019961496883432517e-01,9.542489442791352028e-01,9.323630235689400747e-01,8.562320890426233788e-01,9.506796390112562944e-01,5.001436295886759753e-01,9.372804461884434168e-01,2.827864605468429215e-01,8.197151762504170103e-01,8.964807127451385194e-01,-1.374753073704260142e-01,7.774710327460575554e-01,5.141723538696456597e-01,3.844810935233234916e-01,1.708446103859901921e-01,2.599116923634066101e-01,7.409957937253833782e-01,8.386452150571670483e-01,5.567762595088717736e-01,4.573205790342121935e-01,4.559061852774465851e-01,5.370467224563079123e-01,9.882846607529627292e-01,2.117542312028826146e-01,5.288104529183935698e-01,5.263430121095732384e-01,9.109085327953696520e-01,9.835106481560627056e-01,9.883461279764518270e-01,8.626984962551832448e-01,9.320674410142664179e-01,9.070454537097023540e-01,8.034441131006772041e-01,4.366451695938058375e-01,6.376324408344427042e-01,9.403234561404660852e-01,8.128120282100933514e-01,7.317055496635178624e-01,6.910197569786507010e-01,2.117402585877650179e-01,9.318042952984546545e-01,9.017808906392845714e-01,9.644356338290639430e-01,4.520585193320105777e-01,2.180504813802076891e-01,7.828416871631055374e-01,9.031892251444034736e-01,9.987386464339005343e-01,9.549724564019024253e-01,9.973382393327483442e-01,9.095495580187971107e-01,8.764068528680515335e-01,8.789054949223528146e-01,7.539220553547345549e-01,8.840157421200870447e-01,5.414662949222033284e-01,5.540707528698868289e-01,4.310915002726047884e-01,2.561325667988859633e-01,9.229779217427620530e-01,7.154432168055654406e-01,6.257073098703210823e-01,2.664834800750038313e-01,4.937210902683430991e-01,7.068614157038654033e-01,2.438049153562728000e-01,7.155985109458646853e-01,7.907506008714688672e-01,6.990582980664850066e-01
8.913330474041517570e-01,0.000000000000000000e+00,9.910913607558580196e-01,5.071720617902220063e-01,6.651294419195872276e-01,9.986410546085024986e-01,7.358185460128958688e-01,7.729647411321699524e-01,4.738416862560674292e-01,6.512932200258021442e-01,9.495586054563796008e-01,7.513045612863363809e-01,6.260639219660312227e-01,9.510280004660999209e-01,6.271742138481246620e-01,7.380379511896106859e-01,8.276427649009084897e-01,8.872176143688980110e-01,6.385630167632601051e-01,9.757770036700983418e-01,6.499352950270920193e-01,7.052159532643338391e-01,5.560584256877154630e-01,8.942525849299809426e-01,7.355524677602807149e-01,9.705089997745941499e-01,7.154263734117015661e-01,9.120233434066220557e-01,4.691584096632059886e-01,4.308429714756452089e-01,6.305103221700251170e-01,7.086585540796874749e-01,9.154765795962175323e-01,9.374153288512536708e-01,6.808871495199444457e-01,7.970251679985576043e-01,3.907798173128340657e-01,6.670310612082256396e-01,7.360581559925695183e-01,8.051197731419996728e-01,2.425018893039067036e-01,8.693522670217671555e-01,9.046579328577785128e-01,6.715634943770668608e-01,5.520004298292743306e-01,6.726765665235822089e-01,7.497769581750716172e-01,8.944725508899046273e-01,6.207041094405908455e-01,9.652320604233035617e-01,6.159516082910475587e-01,1.366912285461284460e-01,7.297951793695653944e-01,8.628826183232976010e-01,8.423693437312514964e-01,7.523401217909385652e-01,6.268204227223912461e-01,8.819030347861891439e-01,7.035090131655616918e-01,3.683411184758217383e-01,7.127730078613030429e-01,4.064035426978993559e-01,7.777615364480751081e-01,8.194856523541361737e-01,8.475879957257148600e-01,7.852987565797061587e-01,8.077829359995826186e-01,2.162846749798856272e-01,-2.894737743689423937e-04,6.146620612022348773e-01,4.402582295055940120e-01,7.526708216025301823e-01,6.088910675422359864e-01,2.112719917815623349e-01,6.676035989751647470e-01,6.079112595352496040e-01,8.640251096600700675e-01,3.688645990609169811e-02,3.668781360096597943e-01,3.966891332942158455e-01,8.001083231305322618e-01,9.739719429180666577e-01,8.934286218999113460e-01,9.311552797207580667e-01,4.141933590490648465e-01
9.115176300649137087e-01,9.910913607558580196e-01,0.000000000000000000e+00,5.457287000292947443e-01,9.512651977490576005e-01,2.185389553960008502e-01,2.075289220565457449e-01,6.880900708149865208e-01,4.814361933381142711e-01,9.213471281825353909e-01,9.874274588567411026e-01,8.725911561915458137e-01,9.265880788586032812e-01,4.736373005713909179e-01,4.421348090865717673e-01,9.278891326054808930e-01,5.551972443519528899e-02,9.665339276143560809e-01,7.333875908935946208e-01,8.155827396111063887e-01,-9.997493443347180153e-02,6.024373564829550443e-01,8.656931788350017420e-01,8.263203664537926985e-01,4.611582966341848944e-01,6.520149470320558693e-01,9.493290241994942757e-01,8.001243139242369962e-01,4.867986458235247782e-01,4.656473297055016003e-01,-1.563899705769515314e-01,9.079107181525387649e-01,6.866098233450876887e-01,6.605222087468691772e-01,4.598895578886243451e-01,5.657515764995064700e-01,5.610251799999088629e-01,5.239131266873857662e-01,9.112212988414593040e-01,6.994662403580760301e-01,7.254855357723294373e-01,8.823408423114675880e-01,2.985943444721644302e-01,6.577520457324692593e-01,4.432471464030010022e-01,3.948559393948393170e-01,6.706562211352644631e-01,4.910113577905057536e-01,8.750313653112085088e-01,6.037737425742740749e-01,9.468668835093374536e-01,7.483317689114290516e-01,9.453172249290276996e-01,8.746194923232539775e-01,6.569133652274525836e-01,8.878035749544898048e-01,5.200540437319700615e-01,5.672839164286683777e-01,8.907703726079253537e-01,4.345038680096149353e-01,5.661155329405407471e-02,8.587552674674314712e-01,6.275349281801940737e-01,-1.065706808508290471e-02,7.826812005555032759e-01,9.390541178203868355e-01,7.849493489660889223e-01,7.130158262849702888e-01,8.345839831891295191e-01,8.303829059914619171e-01,9.771475224918765301e-01,8.335005824516281692e-01,7.977399407666887488e-01,4.325114907201647041e-01,6.368284390750391655e-01,8.697698774976968528e-01,7.618407808745848442e-01,2.206569038580526720e-01,6.847286873123161755e-01,3.038897129368573480e-01,7.678635235311068730e-01,7.669193437578553096e-01,7.239661981608640495e-01,7.109576415656396753e-01,8.736784597894182713e-01
6.836829497027790969e-01,5.071720617902220063e-01,5.457287000292947443e-01,0.000000000000000000e+00,9.375408394942386092e-01,2.248455291735656780e-01,9.490436258736922870e-01,1.329826026992716459e-01,6.619933205995294223e-01,4.478489718879674064e-01,6.823747627242132685e-01,6.872662201950016092e-01,7.823801685848346121e-01,7.702283738749460262e-01,6.689333019076313391e-01,9.335163133850546968e-01,7.461429465451829834e-01,8.113378641256470125e-01,7.963622735252635643e-01,7.707322812825054825e-01,8.786358717109703509e-01,2.101584549194806043e-02,9.495587678392058972e-01,7.207496313404019306e-01,1.449741011702328219e-01,9.902137632111547294e-01,7.135020580643288701e-01,9.996234971380409950e-01,3.190192727490085978e-01,6.502016839075055454e-01,3.062391297823311986e-01,4.288254907822846018e-01,9.472635374105428108e-01,5.455375414255377031e-02,7.804428886048364600e-01,5.452228247209196521e-01,6.457081088105154354e-02,6.820713905254500720e-01,4.387820004367447568e-01,7.420515753948913051e-01,2.165253206228004088e-02,8.821042510509662371e-01,8.553769398330889062e-02,9.627269386019281505e-01,8.961300035304649025e-01,7.989572095853644251e-01,8.406281898434675437e-01,7.332783423417064128e-01,3.909143020175160355e-01,5.357256951321721639e-01,9.261648065340226665e-01,9.699625566570320157e-01,8.327216125662352253e-01,8.836503251746129495e-01,6.604066472180916136e-01,8.319062092950955112e-01,9.961645252329499600e-01,7.318674427116580450e-01,7.177320084470993899e-01,5.980888218039617232e-01,7.095071445304812485e-01,8.457637941387110558e-01,6.958966876938477153e-01,9.111007558502172143e-01,9.835158705127429180e-01,8.717728362927847918e-01,7.801585596130899969e-01,9.263304329207046051e-01,8.011707312210911702e-01,7.573007995841711804e-01,6.930721393315057988e-01,4.131981489808231323e-01,6.080448768227585399e-01,7.968775784804328355e-01,5.334282106607463048e-01,9.391122891891144908e-01,9.450018824299500908e-01,7.816613736310094041e-01,3.097549948014037269e-01,1.951451768151066801e-01,9.953569117736942307e-01,7.745475932787749818e-01,6.048376008773643786e-01,6.746793882412375210e-01,8.689881100296671379e-01
8.062251836325956544e-01,6.651294419195872276e-01,9.512651977490576005e-01,9.375408394942386092e-01,0.000000000000000000e+00,8.277071490954959199e-01,7.550962132941044791e-01,7.025120952223331550e-01,9.859361256840275534e-01,9.711314773110147902e-01,4.230587365407406653e-01,2.139185793121060608e-01,4.776414242390668585e-01,7.463161603991165238e-01,9.836778863144297613e-01,9.712998604986492479e-01,9.423973959477331963e-01,8.094636779212109889e-01,4.368101904625766863e-01,8.886410310965824344e-01,9.227461977663102832e-01,9.037088234737780112e-01,9.578193842326699903e-01,8.515546577288826136e-01,2.580555166285351532e-01,9.392564885054119905e-01,9.385908947209170572e-01,5.311229362173741642e-01,4.158685330553584802e-01,4.617723155744865027e-01,5.767614537294273314e-01,7.362396012538939827e-01,8.842049130319958872e-01,5.408002689552491304e-01,5.336909946963922513e-01,2.032317059716118590e-01,1.561395697320833165e-01,7.329823520862043251e-01,8.727134323705528773e-01,8.030579395220636130e-01,5.912285881160802559e-01,9.259305301215661199e-01,6.644600333376826651e-01,3.967750975132077196e-01,6.771234263012153587e-01,8.768610719363840733e-01,8.516970023685279667e-01,9.063718191594821727e-01,4.103154086647260446e-01,7.135693148171841083e-01,6.643132336379342640e-01,8.308285800314354486e-01,6.432038835454007009e-01,8.317909071326381465e-01,8.168015847193802470e-01,4.723136322519551622e-01,9.380060570210689841e-01,5.071031375860300949e-01,8.173490555106858180e-01,9.315185595071721059e-01,5.892601940907213898e-01,8.708986742142573734e-01,8.990206282070487553e-01,8.377390849279637841e-01,8.303086096813355743e-01,7.472284774277994090e-01,9.556910780395491134e-01,4.107110970433072716e-01,2.954502807455900437e-01,9.385077001008487185e-01,4.653736355619186305e-01,3.390920786177569202e-01,6.176878948047570539e-01,2.665247039122795730e-02,7.608573438969016278e-01,5.064081578083419188e-01,4.994941281108891129e-01,2.116234228325696853e-01,6.519360319957192562e-01,5.037578013311293512e-01,9.673850685666472993e-01,8.254538501450614518e-01,7.183720815288335837e-01,6.980943907042393981e-01,4.202345285563380828e-01
8.206365983900891781e-01,9.986410546085024986e-01,2.185389553960008502e-01,2.248455291735656780e-01,8.277071490954959199e-01,0.000000000000000000e+00,9.256650426516528363e-01,6.759476554806590487e-01,9.403620526830743787e-01,4.179179501763727878e-01,7.157137681291789733e-01,2.897819402875547179e-01,9.751347380028743128e-01,2.182668177461310477e-01,5.345840996845614423e-01,4.975953375777402155e-01,4.218594980516766624e-01,6.139350643918778383e-01,7.719538611838430153e-01,8.529476240808727683e-01,9.668947571027018961e-01,7.524929434055750432e-01,8.428377219760889716e-01,7.008576163292553618e-01,2.944937579173410591e-01,6.974355500215596582e-01,9.796587784099637375e-01,7.941795795927893975e-01,4.840923197070869377e-01,1.855556610420121544e-01,3.026716825312000259e-01,9.471536563067599612e-01,8.238284070195728281e-01,2.350570518317910973e-01,5.882637771067124044e-01,1.260772145112663140e-02,3.852565363255882058e-01,6.756028486007331635e-01,7.504785453146963770e-01,9.578562128996598313e-01,4.940946658302049488e-01,4.173129844840896552e-01,7.769174590298086880e-01,9.820053430330697442e-01,6.564979922142544222e-01,4.659969091243888473e-01,5.909982665941115876e-01,8.729423306580342823e-01,5.760603131585996239e-01,6.938370231793173915e-01,6.689538045283826007e-01,1.152611359025390025e-01,6.687400337744098255e-01,9.896586803939932953e-01,8.483629418882485673e-01,3.534665784816337641e-01,5.195777950554689717e-01,2.715576402399411116e-01,9.069989088807302036e-01,4.670425156832296310e-01,4.053316034403327550e-01,6.492473857261207293e-01,8.886220833541471631e-01,5.862501978529197633e-01,8.244688329309375341e-01,7.380755262460985122e-01,6.240653768689125025e-01,9.019856375702421936e-01,8.541748792535739376e-01,7.978299151905625664e-01,6.804552835383597120e-01,7.531115699198351887e-01,7.926925479993538470e-01,8.118927084100563407e-01,1.989923831565931500e-01,6.662014036103318659e-01,9.983569018404168105e-01,6.990074538092460044e-01,6.676300300494589779e-01,4.502250535005978826e-01,6.234159713649108925e-01,6.248293266965005976e-01,9.324105375826480246e-01,1.522957932554180882e-01,8.914045270400619003e-01
7.159062517750794941e-01,7.358185460128958688e-01,2.075289220565457449e-01,9.490436258736922870e-01,7.550962132941044791e-01,9.256650426516528363e-01,0.000000000000000000e+00,4.062557390384756717e-01,6.575677350778033059e-01,4.028547585313666524e-01,5.874677697723404979e-01,6.593615399618945050e-01,4.683340053640548950e-01,6.708767082867121978e-01,4.091716079183007060e-01,7.293659849862915712e-01,9.235048465769748471e-01,2.790317550914714340e-01,4.877634919622255150e-01,5.852491114987230514e-01,8.188890242958043464e-01,8.091425294153695713e-01,3.078854411456921625e-02,8.868527439709062987e-01,6.078429946482007962e-01,7.185163654542638945e-01,4.116273541132697833e-01,7.765948609138891845e-01,7.769285631623588095e-01,7.693621678498469008e-01,6.870352637147947306e-01,7.590426475339865364e-01,6.873368992220230123e-01,7.351680638657149824e-01,7.968230676731549167e-01,3.341033723229744901e-01,-9.369685376811165423e-02,5.246320224407889921e-01,3.504708217580366769e-01,5.033489916606805892e-01,6.562309063307071311e-01,4.485771719702131288e-01,9.768530889626360070e-01,6.007296327760724974e-02,8.513847944024667269e-01,7.373253945207259852e-01,6.517287351173497445e-01,4.295730501431528348e-01,7.033779354842323306e-01,7.639359215020199434e-01,5.747452196495701493e-01,4.637590652787788870e-02,5.588345518326891526e-01,3.782925028121733035e-01,8.915067962488676390e-01,5.201623433123280238e-01,7.135927836214973619e-01,6.119747987018557822e-01,3.652296958357859058e-01,9.664138769923212857e-01,1.792490937899648973e-02,3.220855779835594124e-01,4.230193771937231229e-01,9.748656469949135150e-01,8.816861399417462719e-01,2.495682103615531333e-01,3.930088084098457002e-01,8.229708918638038995e-01,5.461289594812270831e-01,6.438328065598646344e-01,5.997275275837441466e-01,7.467278082649213555e-01,9.629138080831871616e-01,2.881607061355958010e-01,7.219878845051792560e-01,5.141393712236369540e-01,6.173645769988128640e-01,5.617105009209268918e-01,5.864847743333594376e-01,1.907872429764690680e-01,2.005974964671383698e-01,8.141239257430964438e-01,6.369513174306400405e-01,6.724415752532629797e-01,3.685468726057214983e-01
6.326834416853718279e-01,7.729647411321699524e-01,6.880900708149865208e-01,1.329826026992716459e-01,7.025120952223331550e-01,6.759476554806590487e-01,4.062557390384756717e-01,0.000000000000000000e+00,8.529081406633446383e-01,2.664875920170513002e-01,3.210558086237231268e-01,6.226498875719275183e-01,6.726823421054382024e-01,7.570812697514985867e-01,4.724960428666774570e-01,4.396608393226132394e-01,7.675039849930789249e-01,1.239838878225491270e-01,5.590695377763155172e-01,8.898480191262754246e-01,8.866279093217308560e-01,7.980178462413829443e-01,9.356136341102500031e-01,7.869497282458013387e-01,5.326353988612676504e-01,5.565108627005416198e-01,5.397289178271701404e-01,6.310764770021444203e-01,6.258358079896652049e-01,6.363824337268237930e-01,7.934780246460261255e-01,5.220318676995437945e-01,6.668356719876172845e-01,7.748775612801702684e-01,7.288728430683265591e-01,3.000588139882834349e-01,5.357066242662872346e-01,6.850960972260176085e-01,8.730047448273412503e-01,6.529750735067694212e-01,3.879796191559061747e-01,6.934860825108065674e-01,9.278415461887811189e-01,7.680577286913861101e-01,7.510960448294352609e-01,5.973162689436364303e-01,4.309802797385888229e-01,6.755607515038674071e-01,6.884466976004779415e-01,-7.838628695939468816e-02,5.666061103250114028e-01,8.510728595369991822e-01,7.385730097599432220e-01,7.681967014765354040e-01,6.754351610934761219e-01,8.933834267925725436e-01,4.663695356414752080e-01,6.521861574671514727e-01,8.224075919906381760e-01,4.691821945252225845e-01,3.084323529187755764e-01,4.382247797407198275e-01,4.443598578245858133e-01,8.059308321610597625e-01,6.243310736151009843e-01,9.864625571295329021e-01,4.802201800484004468e-01,9.062319988539211391e-01,5.015615694839018479e-01,4.979472741842418948e-01,6.768994696162912161e-01,2.104269738972135984e-01,7.907480968380311559e-01,4.700673575635548884e-01,7.479052833965491587e-01,8.087807985999357907e-01,4.318671882155600272e-01,1.240095272984854946e-01,5.076570574875668429e-01,4.357195168033818899e-01,9.721271561400842698e-01,9.541180206043368139e-01,5.362644623361230156e-01,5.648969552601265098e-01,3.793706094532260931e-01
7.423099667618522357e-01,4.738416862560674292e-01,4.814361933381142711e-01,6.619933205995294223e-01,9.859361256840275534e-01,9.403620526830743787e-01,6.575677350778033059e-01,8.529081406633446383e-01,0.000000000000000000e+00,6.684810128791672523e-02,3.367827275428345035e-01,3.548673883443314025e-01,7.118154336922692949e-01,-3.683108351889791132e-02,6.668763583340845402e-01,7.330997262510609014e-01,8.126688505626027403e-01,6.489627608151105065e-01,2.776163016221749325e-01,9.637589877828267593e-01,9.241985408575084104e-01,2.970675360676431898e-01,9.550448498137502629e-01,8.341962606949916426e-01,8.351265554703508620e-01,5.463288564398440794e-01,9.351350414711853132e-01,7.121465718024897473e-01,6.605455943348566006e-01,5.252812674753273292e-01,5.269460488931826392e-01,4.200453024201806773e-01,8.512073201714269732e-01,6.034315137355537040e-01,2.377880336764700286e-01,1.825668755904837626e-01,6.884747056843555368e-01,3.331051014911510233e-01,6.690628280469943512e-01,3.286686799702847467e-02,7.584942635110009101e-01,5.032054961041491081e-01,9.762864442676024712e-01,5.456653678833124355e-01,4.596498147210449359e-01,9.465690854338730809e-01,3.765493942062532740e-01,7.607693656670573290e-01,4.520336339308587692e-01,7.256887217912655341e-01,8.843994645994501802e-01,7.154290281187799527e-01,5.123858133323250241e-01,6.537949121876924785e-01,9.613983554057963232e-01,8.978766921765577447e-01,4.855169558443880318e-01,6.752847440958307246e-01,6.875950054597897987e-01,3.212156474282461538e-01,2.929722464150015249e-01,7.711837042165754497e-01,9.247106557325495135e-01,6.830695365279381148e-01,7.581627043515913877e-01,7.719883998944068182e-01,4.762062431380399974e-01,8.803516528603615443e-01,2.439476225280012289e-01,6.708294602878569490e-01,8.447788747435773793e-01,6.122100782756693116e-01,5.748097968406156166e-01,6.466412944966187792e-01,4.514732986693137384e-01,7.949578043023473040e-01,7.266202501471246133e-01,3.568906441731271029e-01,6.279279340623317163e-01,5.254372992715127255e-01,9.119550219679244396e-01,7.020538422067895690e-01,4.299917954474614668e-01,6.471851771423502431e-01,8.809702413430322565e-01
9.675248840135500794e-01,6.512932200258021442e-01,9.213471281825353909e-01,4.478489718879674064e-01,9.711314773110147902e-01,4.179179501763727878e-01,4.028547585313666524e-01,2.664875920170513002e-01,6.684810128791672523e-02,0.000000000000000000e+00,6.287277753737630093e-01,5.732120769326142229e-01,9.177597720032791839e-01,6.731429851174244305e-01,6.746758488690778321e-01,6.088014536546172417e-01,7.952538481957891481e-01,7.343386025135053563e-01,6.133311659831059970e-01,3.092500808779675148e-01,8.935720713541572824e-01,7.518619271641789892e-01,4.126180518380267448e-01,7.877111548210209424e-01,7.747715978442801799e-01,6.996572190077576803e-01,9.715457145415058449e-01,6.732855177457963691e-01,4.522542045924703435e-01,7.633852509598069158e-01,1.831127203346501198e-01,6.311545195213315029e-01,4.062384649626364364e-01,8.821074568717982567e-01,7.382930665569250595e-01,7.516754882061991161e-01,2.506346741948174972e-01,7.494474233431469568e-01,9.002848838992285607e-01,2.248076526220601778e-01,3.479203980085534553e-01,4.189220260073775459e-01,2.355316673468653144e-01,6.185102152123285180e-01,8.088907432613373638e-01,8.840713520063455677e-01,4.461116048952969426e-01,7.463267411132217255e-01,6.608162265428929594e-01,7.047137905288300974e-01,7.787176905340287281e-01,4.157209900016878845e-01,8.433217310401884825e-01,6.528816445085784403e-01,6.198055978806542576e-01,9.637871457923152807e-01,7.438860966553693110e-01,9.403508831409617130e-01,8.145364170003478455e-01,6.996189174539220179e-01,5.731710891376153860e-01,5.444755042571273185e-01,5.779059264879066182e-01,8.228967976164371922e-01,9.477715866296447800e-01,7.412108277555650160e-01,2.362567147718452887e-02,6.350592871852824839e-01,6.488015606641109878e-01,5.527039258082364626e-01,6.207224515627228767e-01,6.386288867620133480e-01,7.595911003061319722e-01,5.199494197232270576e-01,5.027085978221910167e-01,7.392734077190232789e-01,7.406669350178534117e-01,5.113842511124052637e-01,5.328454817751678840e-01,3.467718406671691511e-01,4.976160222244239151e-01,6.435080325978128624e-01,8.952374555828983560e-01,4.312882083625780294e-01,2.840449945203771809e-01
8.751698003496162226e-01,9.495586054563796008e-01,9.874274588567411026e-01,6.823747627242132685e-01,4.230587365407406653e-01,7.157137681291789733e-01,5.874677697723404979e-01,3.210558086237231268e-01,3.367827275428345035e-01,6.287277753737630093e-01,0.000000000000000000e+00,5.842811725936836176e-01,9.772878754147655833e-01,9.697160031692347859e-01,7.662030856179213867e-01,3.046985652022997093e-01,9.740145740782066852e-01,7.108397204949611359e-01,6.212367980025483849e-01,6.010476651800396031e-01,8.204905592994965469e-02,9.767044199797523252e-01,6.887636094054077063e-01,3.702402316246978797e-01,2.110908171004394207e-01,7.731817572602504018e-01,5.441030211736301858e-01,5.338948994570194007e-01,7.478097463717431337e-01,4.802845025775601684e-01,5.191702831938147522e-01,2.617354669902883235e-01,6.017673397740456176e-01,5.673175307659827915e-01,4.382460119258757558e-01,6.212608050631769352e-01,3.444853859660542694e-01,5.082513919668076863e-01,6.350970905679587108e-01,9.627496084703712764e-01,5.917674344176721002e-01,5.689424847869166690e-01,9.125760352888464544e-01,6.684117411642338524e-01,9.548066075678399711e-01,9.575879152614377166e-01,9.041685565400555680e-01,4.154530639589008034e-01,4.698123189887756790e-01,7.967854348231575567e-01,6.508487434419027995e-01,9.423185449067629227e-01,4.204386496827658415e-01,6.933125846204938325e-01,6.060101011600711463e-01,9.836708077260079008e-01,6.699419955334582344e-01,6.869085474551679393e-01,6.066779192221198880e-01,6.003553555789031826e-01,6.800503048534413120e-01,7.738606444230949899e-01,7.544288401776583219e-01,8.721232075055549426e-01,9.200578671542820608e-01,2.066978089030546417e-01,8.958380722725390877e-01,7.606877729232452978e-01,2.501325216406289353e-01,7.948216954185340910e-01,8.679783043677488097e-01,9.468207226164530033e-01,6.427918226784363753e-01,3.664997831751684032e-01,7.018816017269113861e-01,6.370733609087699811e-01,9.600592059028256742e-01,5.050696356632817796e-01,5.303718506556018841e-01,3.089514627545536518e-01,2.291488815209379026e-01,7.154294814445026907e-01,8.898590393992495962e-01,6.041994825975477434e-01,4.874653901074784690e-01
9.801282532422924687e-01,7.513045612863363809e-01,8.725911561915458137e-01,6.872662201950016092e-01,2.139185793121060608e-01,2.897819402875547179e-01,6.593615399618945050e-01,6.226498875719275183e-01,3.548673883443314025e-01,5.732120769326142229e-01,5.842811725936836176e-01,0.000000000000000000e+00,5.793043583027518428e-01,4.685957888360652857e-01,7.714717908354885578e-01,7.407468496277667125e-01,5.706250061847472077e-01,6.551949870599712566e-01,8.971827830609228061e-01,9.279208415905144669e-01,8.954248987708136598e-01,6.858474609398151900e-01,6.148998541430225062e-01,9.399540835338008327e-01,4.700779159487538106e-01,4.349743853623521117e-01,9.538994876641546661e-01,4.640632165992077396e-01,2.753932126197053409e-01,3.486779495761572756e-01,2.593441331627254209e-01,3.827594611371984978e-01,5.630890088346165445e-01,7.591401694490540475e-01,8.784242055656579229e-01,1.128232894780677315e-01,4.538842319785009183e-01,7.190661171673961016e-01,9.311955849813131625e-01,7.437504978309437131e-01,8.341021470375291624e-01,9.798254068016576390e-01,8.375758975688317731e-01,6.152034543338845696e-01,8.099261334689504821e-01,8.804286833969588999e-01,9.067163859504637768e-01,9.162342145266235693e-01,5.097099590407414560e-01,7.853649795704471526e-01,6.005078688556413358e-01,6.975404835112428703e-01,8.328624375910055333e-01,9.256326443965501305e-01,7.872140400526157489e-01,4.385749330195105045e-01,8.327239030363683403e-01,8.281211863171347165e-01,7.510043034263034212e-01,5.624096633808535195e-01,7.422689286933559227e-01,5.810622477908686800e-01,7.900896862421473710e-01,9.178888532578212134e-01,8.300274339862190320e-01,4.139617324257330866e-01,8.042565641243658581e-01,9.728134054469497194e-01,6.682728248479302691e-01,8.551321785373301454e-01,9.749802945439320911e-01,7.943561181422126305e-01,5.770379060911410285e-01,2.627685699275200126e-01,4.061412737639451542e-01,6.259401715826782286e-01,7.412836536413668354e-01,7.682832670552538490e-01,4.161283144136398993e-01,1.719493608964196563e-01,3.358766612717882794e-01,9.792068095170283204e-01,8.388125839309514831e-01,5.680700552025408356e-01,7.645053577975513548e-01
8.258155772972251008e-01,6.260639219660312227e-01,9.265880788586032812e-01,7.823801685848346121e-01,4.776414242390668585e-01,9.751347380028743128e-01,4.683340053640548950e-01,6.726823421054382024e-01,7.118154336922692949e-01,9.177597720032791839e-01,9.772878754147655833e-01,5.793043583027518428e-01,0.000000000000000000e+00,7.966098972664331646e-01,7.253143226722068571e-01,6.245813892953460122e-01,6.092255787509619491e-01,6.056321789170459047e-01,6.036132613335554176e-01,7.155666322626521580e-01,8.510470536372822803e-01,4.824527847832013050e-01,8.932450663738965568e-01,7.187318050548269222e-01,8.854328190674193300e-01,6.288878032546872943e-01,8.035677425466429824e-01,4.237547415952652718e-01,9.215035455605234960e-01,3.377878014643120319e-01,1.092843301453384763e-01,5.727427598291174871e-01,6.743888087019186406e-01,9.571136473016375046e-01,7.999611289735258923e-01,7.006626661796594435e-01,6.769645001224200431e-02,4.397569614435670182e-01,7.850432644751411670e-01,6.174375801101339434e-01,7.903168900290223897e-01,9.263455113131432439e-01,8.168356983915777692e-01,6.117456321733524272e-01,8.310414494958457965e-01,9.772817682119229188e-01,9.255961684446176729e-01,4.215503318857736770e-01,8.544119968761327844e-01,8.895708950293568229e-01,7.598159314233453587e-01,7.812250280308716821e-01,4.880579889775712443e-01,8.038562692021539169e-01,7.145260497682736078e-01,8.368517619382467299e-01,1.092791364411632299e-01,7.010650810568894720e-01,3.102458436776956985e-01,4.256652818349595524e-01,4.484685659863780205e-01,7.146146908964929878e-01,8.273644529292950578e-01,8.096747952965441808e-01,8.399427263430403467e-01,9.714747250969553161e-01,7.314899325154555765e-01,8.211954438057850192e-01,5.455908405464187094e-01,9.164893273512975114e-01,9.377669831970298908e-01,7.964090204644423965e-01,7.731630508176071670e-01,2.296721765237557944e-01,6.018275534335622012e-01,8.253315766342804727e-01,9.866459068089078466e-01,9.934923902196198808e-01,5.104951859008818316e-01,3.441268712941830676e-01,5.987918206825699752e-01,4.513786120025438664e-01,9.112893634097077866e-01,5.325497875781484702e-02,8.971338121266884125e-01
6.839255757263806856e-01,9.510280004660999209e-01,4.736373005713909179e-01,7.702283738749460262e-01,7.463161603991165238e-01,2.182668177461310477e-01,6.708767082867121978e-01,7.570812697514985867e-01,-3.683108351889791132e-02,6.731429851174244305e-01,9.697160031692347859e-01,4.685957888360652857e-01,7.966098972664331646e-01,0.000000000000000000e+00,2.789388178617642766e-01,6.574697692795157256e-01,7.780954463710486602e-01,8.024375691885833328e-01,9.331073192928677207e-01,9.986269284670733493e-01,9.033008958920355491e-01,2.046192103044070232e-01,5.179272702424745356e-01,8.226417562775434345e-01,9.014048423197421611e-01,8.679472202318994078e-01,2.833595188316448965e-01,6.089361684442760048e-01,6.918663748939858360e-01,5.239401673030916751e-01,1.538455973855216152e-01,6.910013308645893693e-01,7.773241981614235074e-01,9.379435317038711251e-01,6.011539049076849439e-01,3.353205836607465740e-01,6.978527372437791643e-01,8.987154294733615822e-01,8.601295300046024606e-01,9.535318806971189165e-01,2.232890292455738390e-01,8.542316483477921940e-01,9.324362980976230730e-01,4.702617913456777488e-01,6.391716543585913568e-01,8.527500022691869574e-01,5.731668348625140741e-01,9.472587304208542891e-01,9.235792731629606234e-01,2.208585605160376386e-01,9.192671769834998008e-01,9.694754499978226470e-01,8.547590462219942786e-01,4.263221049229282134e-01,5.790482206807926469e-01,8.051033223384171933e-01,9.642857381467031530e-01,6.772137697301852111e-01,8.860577011334921371e-01,3.738649004979479606e-01,3.129076151464401656e-01,8.401902737944473287e-01,9.075161761835680574e-01,8.677528235646475574e-01,9.697333572191015882e-01,9.464454209380729344e-01,2.106685374946631883e-01,8.438658902435887121e-01,7.219164299048760336e-01,9.150200187421749787e-01,8.361572401570664947e-01,5.444284894193519575e-01,2.356016946065131457e-01,5.082021162204836129e-01,5.176466983370944241e-01,8.350492193145420128e-01,8.690960227442465769e-01,4.955325845381424177e-01,1.306280183577319121e-01,3.918383008503939502e-01,6.402479439099867387e-01,6.320134648747488537e-01,7.092195926861319943e-01,5.756409790517318381e-01,7.040006709879446101e-01
6.348176430271167403e-01,6.271742138481246620e-01,4.421348090865717673e-01,6.689333019076313391e-01,9.836778863144297613e-01,5.345840996845614423e-01,4.091716079183007060e-01,4.724960428666774570e-01,6.668763583340845402e-01,6.746758488690778321e-01,7.662030856179213867e-01,7.714717908354885578e-01,7.253143226722068571e-01,2.789388178617642766e-01,0.000000000000000000e+00,3.675724318341967445e-01,8.304214705925910822e-01,5.270477834005627971e-01,6.699049714514065945e-01,9.998652830770444755e-01,9.011056783302836548e-01,6.492229778476927837e-01,6.664145607273253002e-01,9.121256313637560176e-01,5.586365380755452525e-01,7.162926923521032441e-01,6.131902301187545090e-01,2.448447177091761517e-02,5.693172567545687901e-01,5.225930982403439451e-01,-1.512798386725343336e-01,6.737132411837346568e-01,6.971938445134451268e-01,4.430295727450339616e-01,4.185910320686851427e-01,9.576916137922255601e-01,5.847380950976155400e-01,6.165615445334847733e-01,6.677373329882108077e-01,6.347824027159959526e-01,3.212197689188027172e-01,4.952456483540710330e-01,1.268964300210142226e-01,8.432235181033713722e-01,9.123601977427870935e-01,8.157467674125151724e-01,7.059916864568024364e-01,7.763046201845449357e-01,4.951085785907467507e-01,8.248646608053630258e-01,6.877572059591687825e-01,9.647135163537102764e-01,8.538649792492295498e-01,5.679957936673741825e-01,9.292807667553135698e-01,4.774177203328743291e-01,7.715567562890477404e-01,5.801135723839743186e-01,9.407888902981161872e-01,5.926891955794479916e-01,4.246658204803959585e-02,1.539102599574599106e-01,1.213613503429225304e-01,8.235918964225242833e-01,8.263081833069013671e-01,3.532701297862855805e-01,7.536723075359049728e-01,9.548400865053855435e-01,2.065448037205830645e-01,7.490961890919727306e-01,8.200158613506685068e-01,7.660636584735930343e-01,7.545076128552588024e-01,-1.633322685402155694e-01,7.748998228934127486e-01,7.770798869214053939e-01,6.462765953371264471e-01,9.665604123335229669e-01,4.052847276870688020e-01,2.173541730092045376e-01,1.956391954425187318e-01,8.231228123007993114e-01,8.238997189899591733e-01,3.129113842534283485e-01,3.610705247573162135e-01
5.114975493028435238e-01,7.380379511896106859e-01,9.278891326054808930e-01,9.335163133850546968e-01,9.712998604986492479e-01,4.975953375777402155e-01,7.293659849862915712e-01,4.396608393226132394e-01,7.330997262510609014e-01,6.088014536546172417e-01,3.046985652022997093e-01,7.407468496277667125e-01,6.245813892953460122e-01,6.574697692795157256e-01,3.675724318341967445e-01,0.000000000000000000e+00,8.038965638275192838e-01,8.928652812440360798e-01,4.061114697234591842e-01,8.640790710855890122e-01,8.435082753758748053e-01,6.428969256101439989e-01,6.152910157972231175e-01,6.336116383393540774e-01,5.507077795873043247e-01,5.074265379937265008e-01,9.481889188703668259e-01,7.576797669790542589e-01,7.721759690333540593e-01,4.812763125443593193e-01,8.943314920274293353e-03,7.821554962486338969e-01,6.207974397666425892e-01,-2.792428121268645813e-01,7.068066535645641801e-01,1.303127092965282174e-01,5.553499744802031096e-02,2.379178392672074982e-01,9.586350674285017970e-01,6.001821063145580393e-01,3.835661466667081299e-01,3.744947733066095186e-01,6.243697780444867895e-01,6.363347858212176078e-01,9.956321024663659092e-01,4.368867842410031899e-02,5.540048813860517507e-01,8.241183171176205136e-01,4.550971568864211614e-01,7.577610043864484446e-01,7.849826965375398258e-01,4.623288964581026561e-01,9.404113985438821155e-01,2.414230241545184952e-01,9.161194240996317628e-01,8.900438817911828782e-01,7.114024949979643742e-01,7.003366570042437456e-01,9.580685940580490056e-01,6.508039798322420300e-01,5.112598333764344360e-01,6.693655947527926697e-01,6.359139163712760334e-01,9.242675973947873658e-01,5.035598958623574983e-01,9.491878196695417991e-01,2.035211320782935318e-01,6.515090602266410125e-01,4.383504516788617744e-01,6.325069208627279727e-01,6.216172848193496359e-01,6.945468924120729026e-01,6.559718149928611686e-01,5.090476932201732918e-01,3.372798697940997403e-01,8.484409252089178954e-01,9.613932230316473149e-01,4.253298348548065766e-01,6.334863643423761514e-01,4.173288163117663818e-02,7.670934642440235818e-01,8.134495244191635166e-01,9.550888553420709970e-01,5.973435414946431932e-01,7.581176290569272558e-01
6.019961496883432517e-01,8.276427649009084897e-01,5.551972443519528899e-02,7.461429465451829834e-01,9.423973959477331963e-01,4.218594980516766624e-01,9.235048465769748471e-01,7.675039849930789249e-01,8.126688505626027403e-01,7.952538481957891481e-01,9.740145740782066852e-01,5.706250061847472077e-01,6.092255787509619491e-01,7.780954463710486602e-01,8.304214705925910822e-01,8.038965638275192838e-01,0.000000000000000000e+00,8.939411343814545052e-01,8.813134932486437201e-01,5.428526042650281269e-01,6.448556886680557598e-01,9.556209890805557050e-01,6.082423953749181988e-01,9.597762177166870856e-01,5.997430972510362501e-01,9.662118884640618077e-01,9.988410198237372972e-01,2.666893664932283858e-01,4.708835012663030728e-01,5.119298479872309571e-01,2.827317853584579432e-01,6.395077832468272216e-01,9.732759997040718591e-01,9.496743730339476386e-01,8.136852864315915479e-01,7.254884561811139054e-01,2.691108495465470152e-01,7.914000997559691442e-01,8.565349070783908614e-01,8.936977943313437756e-01,5.162247660518302084e-01,5.316264499885702266e-01,7.195428894061274283e-01,8.334679193160942079e-01,7.809544797067307087e-01,5.681435834008428110e-01,8.719149572790174663e-01,9.023348894272348319e-01,4.730177442172307511e-01,7.421326381832814567e-01,3.440138882976597756e-01,5.384027379576369343e-01,6.700165291132349488e-01,9.948550805769720284e-01,8.196685821418495665e-01,2.191779918086448065e-01,9.946078818244695752e-01,6.377789886355313964e-01,8.013588583359331219e-01,-6.170158710486831066e-02,4.036629179192905426e-01,7.397467226879341773e-01,9.306229310151203915e-01,7.173029522460278029e-01,8.845537532684106807e-01,6.150794788702386162e-01,7.412476118414813575e-01,7.076625761632338030e-01,3.422898723264060639e-01,8.653233697820490455e-01,5.441750808347034507e-01,9.416810725582043240e-01,3.912756598669299146e-01,3.443262149653951165e-01,8.407296920380927796e-01,7.508942963717946117e-01,5.552882645419081609e-01,9.411927240969563124e-01,7.505557055445916115e-01,4.150682381259530040e-01,6.072316009806562054e-01,5.642164232894936182e-01,9.766395519965881400e-01,7.621475635604250121e-01,6.165725934463535118e-01
9.542489442791352028e-01,8.872176143688980110e-01,9.665339276143560809e-01,8.113378641256470125e-01,8.094636779212109889e-01,6.139350643918778383e-01,2.790317550914714340e-01,1.239838878225491270e-01,6.489627608151105065e-01,7.343386025135053563e-01,7.108397204949611359e-01,6.551949870599712566e-01,6.056321789170459047e-01,8.024375691885833328e-01,5.270477834005627971e-01,8.928652812440360798e-01,8.939411343814545052e-01,0.000000000000000000e+00,8.746658398917153132e-01,9.127705543617143924e-01,7.575623988867069558e-01,7.054552976377692630e-01,5.991082011521358108e-01,4.095924470921173954e-01,6.085440589559554941e-03,4.322249531172796533e-01,4.877395360382151268e-01,9.854957232857112226e-01,6.448502767727988250e-01,4.344424102715060965e-01,9.009560192337638662e-02,2.843714977231137087e-01,6.897776752239301867e-01,9.048219077759640516e-01,2.831449395966826876e-01,6.850312791848338634e-01,5.943835057615634021e-01,4.418812946637046823e-01,8.568539287494021384e-01,9.756943611496913249e-01,5.108363638693095288e-01,3.770467219870838882e-01,8.578640965793064010e-01,6.252652009677284184e-01,9.391201814314461549e-01,7.060073328136780013e-01,4.892739663000376105e-01,5.243321083186769371e-01,4.305963350271781453e-01,3.769532822292382956e-01,5.480400542903896000e-01,7.736855631915169340e-01,6.769643079828573384e-01,8.939666319660648508e-01,9.194348364895875703e-01,2.488825906644719366e-01,6.214180628310331800e-01,7.213452131249974419e-01,3.244003349421835658e-01,8.345577242479299551e-01,9.611101425470052195e-01,8.626549503626087523e-01,2.421816227531690680e-01,8.129755597477549278e-01,5.264840320131354279e-01,6.900270474173008095e-01,1.613690911267199601e-01,7.114870293389146116e-01,7.081174698994922023e-01,5.061652695073728392e-01,6.837949542434674788e-01,9.260943316737536568e-01,5.661775088008129675e-01,5.066617782645264079e-01,1.483164337526232113e-01,6.481325345381980796e-01,7.145367729643785637e-01,8.036569690167004731e-01,4.395877420023210358e-01,2.607605752188165149e-01,3.377827246185304277e-01,8.554879929692315033e-01,7.514651611280558363e-01,2.713072282791906265e-01,9.930667041478120627e-01
