0.000000000000000000e+00,8.811182306648648321e-01,9.395245902952932271e-01,6.173391090249225055e-01,5.929120464021649939e-01,7.389440448487256674e-01,9.780242645237197108e-01,8.351733487767032393e-01,4.130382016255838007e-01,9.883735250983367582e-01,1.524531081497726981e-01,7.970596031355060562e-01,6.280310695916304642e-01,7.159952291252982270e-01,8.194936436269147917e-01,8.946754669353140788e-01,7.043154777054336790e-01,9.247512155906203457e-01,5.179935624303384500e-01,9.222355708332171664e-01,5.628678151359034487e-01,9.371502799527937633e-01,6.274594808102879062e-01,7.058243175069734976e-01,7.168569102430771833e-01,9.047471409477128024e-01,5.055677366628223979e-01,5.775146164587852127e-01,4.175020901050651156e-01,5.268579538838944476e-01,2.486221072917937092e-01,4.206170312298214697e-01,8.136540950788407889e-01,9.601707955639089409e-01,9.954797460463138403e-01,8.783748831777029586e-01,-9.346973536317021436e-02,8.937750901048016061e-01,6.572502533034778605e-01,1.905334573805061715e-01,6.487262702237166501e-01,9.652938337191298013e-01,7.823091107543533873e-01,9.788520599573170555e-01,6.816967762384151808e-01,9.965317830945583655e-01,9.778273295453994152e-01,7.090111122524885845e-01,9.549765006474438822e-01,5.832090061907186929e-01,8.299183199152213586e-01,6.362522381537927263e-01,8.080152544643195434e-01,7.874095884897768238e-01,8.637759176989038279e-01,3.481318149091557901e-01,3.183411118848467614e-01,6.811246423634172986e-01,9.402236539192392328e-01,2.396945472333587845e-01,4.559503052199285200e-01,4.757606513673105497e-01,5.750126762695035865e-01,6.699677930299107187e-01,9.698001322481393238e-01,8.197675751363023844e-01,9.555499028242350201e-01,5.054762320780397111e-01,9.699580615743369494e-01,7.687140365541382803e-01,8.342812518475284378e-01,3.718497654316948314e-02,7.504563885498372056e-01,6.131604831448318471e-01,7.325581060812633716e-01,7.911017477070982906e-01,9.769708953130957774e-01,8.397621925532143816e-01,4.801583812824514741e-01,2.278112032325164960e-01,8.519066992916267678e-01,9.737516813118961556e-01,8.155815253599453252e-01,7.239669091401692569e-01,8.660021669739050854e-01
8.811182306648648321e-01,0.000000000000000000e+00,8.385731868007935130e-01,8.781021141478388969e-01,7.292325955106008228e-01,2.347845193897437066e-01,6.833297631902903735e-01,4.177095145214071992e-01,7.836026784065299733e-01,4.272347177019247266e-01,6.128918346637450831e-01,6.052808225120072105e-01,2.300608144464192928e-01,4.058359261679009844e-01,4.985180112331267788e-01,8.839995773404681900e-01,6.160667924527537531e-01,8.840428731138711971e-01,8.214808177972304781e-01,9.348019599814073599e-01,8.899020666131808310e-01,9.799667802919793669e-01,5.287003421839128192e-01,6.251515846693604939e-01,7.909118416400966467e-01,9.065087454371176801e-01,9.214786289477875370e-01,4.874453973271853924e-01,7.606157964412317840e-01,4.651363142620207336e-01,7.305460428512562665e-02,7.115503380000274269e-01,9.296937607764962364e-01,7.089158359190704806e-01,4.155225543826663870e-01,5.942436631053802376e-01,2.532203662123003185e-01,6.735634423180203445e-01,4.338196567819294081e-01,3.386559328782955403e-01,5.946161868550632335e-01,6.625674011634347105e-01,9.220731184202812791e-01,9.660309557799521274e-01,8.947154561248413795e-01,8.239998600087835579e-01,6.983554052026118564e-01,3.379899119197838919e-01,7.168860532940868335e-01,4.984592092935744567e-01,6.202089809403623644e-01,7.692501480871253294e-01,5.947878971212177124e-01,5.604304633241520284e-01,8.830486483492574479e-01,7.511980580466832702e-01,6.544056569903422549e-01,9.569953318965036537e-01,9.423748370654522200e-01,3.984018113154046414e-01,4.687732967852781818e-01,-1.285948435140641388e-01,8.327800174052859550e-01,9.133514249051717382e-01,9.322207007027019099e-01,6.571565501280758337e-01,9.690729426586468520e-01,8.144072594753164474e-01,1.427993894651296072e-02,8.088360321667659170e-01,5.409667073363719769e-01,7.204390181920818925e-01,5.736714261164170825e-01,6.947201262848169412e-01,8.775416863094549491e-01,6.295626800554026126e-01,4.645872636754333485e-01,2.484616415976181325e-01,2.060682640188363779e-01,5.552445335349170952e-01,7.713795384023525159e-01,6.508396750697809097e-01,3.951493710302718121e-01,7.384777245716260818e-01,8.324784383821948186e-01
9.395245902952932271e-01,8.385731868007935130e-01,0.000000000000000000e+00,7.210596092976704341e-01,8.502110045489752466e-01,6.553374223399907050e-01,9.832169322843574699e-01,8.440420870240944451e-01,8.644810698669567195e-01,9.735304955610145639e-01,6.528150915782251484e-01,8.103152029965687841e-01,9.871690354032296444e-01,6.222612528174714663e-01,7.505568546255276807e-01,8.680073418923623940e-01,7.061606910326034825e-01,7.105521501562390707e-01,9.344379316038124994e-01,8.612809748450048764e-01,8.367750162879896703e-01,8.360579785658034391e-01,9.169171743346161696e-01,8.527740619321271254e-01,7.366306997683008673e-01,8.686588271585089505e-01,9.557338207234588046e-01,6.156309378152237111e-01,2.973382874057760583e-01,4.883113952152056125e-01,5.392896599858537643e-01,5.118953366456479026e-01,8.575364737881603361e-01,9.433813505250940867e-01,5.160564436430377100e-01,7.867237696995833529e-01,9.096942670377067275e-02,8.420247221115906289e-01,9.906090794594595295e-01,9.516110574390472809e-01,3.676091139438633082e-01,4.624875661349674427e-01,9.105961743723969271e-01,8.061735258326466758e-01,4.246675719141341787e-01,8.502568528613314580e-01,8.025538989188747419e-01,7.917249351182529260e-01,7.695214271048015364e-01,9.004046039244627542e-01,6.530657832817834407e-01,9.088002659242093717e-01,6.902414839451834760e-01,5.573882294906147283e-01,8.725983831829069448e-01,8.089967277567216009e-01,7.712117047083624222e-01,7.378888139325870954e-01,8.595707780137942233e-01,4.758678389006582021e-01,4.967209535662011066e-01,9.105178303060761369e-01,5.638777793765711310e-01,3.372487962505432701e-01,9.701577567550120351e-01,9.038229947692865140e-01,7.796965214677538114e-01,7.202507138573750467e-01,7.757695745200502424e-01,7.074539426137327336e-01,9.891234339907473139e-01,6.514891276351255645e-01,7.626010325585605987e-01,3.243792292763409968e-01,8.696579480054474898e-01,9.331520306233751505e-01,5.468071730559788124e-01,8.915256665584703200e-01,-1.772859149429954206e-01,6.058434564858996563e-01,2.501835058100138065e-01,5.903288257408811912e-01,7.977376549571818520e-01,6.647793022371550897e-01,8.620963843136850713e-01
6.173391090249225055e-01,8.781021141478388969e-01,7.210596092976704341e-01,0.000000000000000000e+00,9.846813938211889106e-01,3.312810842127960065e-01,6.267423478002862591e-01,8.348121004312292204e-01,9.933407233137483416e-01,9.871686703721167522e-01,4.552878764351012131e-01,4.916647907820562158e-01,9.111488232766817852e-01,3.291407695296637986e-02,7.849502162156039020e-01,9.269107582363045328e-01,6.679711388794324911e-01,6.104888540322361834e-01,9.365369449201081942e-01,6.689239069073601440e-01,7.491661225341146313e-01,9.974094662882954099e-01,8.805030546790358625e-02,6.364164337205254762e-01,9.638814115654726900e-01,8.006608359417990428e-01,3.642592819270167870e-01,5.620893078164999057e-01,3.464724826516781264e-01,7.346285490785844363e-01,4.007546006299946839e-01,-7.145195789697539324e-02,7.831975398571282554e-01,6.495793991178062665e-01,7.853690355121827338e-01,6.252491491983402927e-01,6.908581223867085175e-01,6.563549085391109372e-01,9.247063227973628674e-01,9.966458338613710666e-01,2.257218445979412569e-01,3.586663869363246882e-01,7.306499900390881486e-01,3.173649568770937068e-01,9.272202336376078602e-01,9.102739735090469297e-01,6.473217160731133957e-01,8.258112210503955053e-01,6.162454889800779156e-01,7.967346455428329088e-01,5.979166530040155303e-01,8.741246707840404362e-01,3.377050842534060071e-01,5.317210650013348694e-01,6.749140723159546829e-01,9.603562141305097555e-01,6.169991597424283603e-01,8.412797559278566428e-01,7.595570902383773637e-01,9.625412682234486539e-01,7.377537641049022321e-01,9.283405842421239562e-01,3.283736271042469457e-01,5.263050995612790217e-01,7.737513516932931212e-01,8.988725873727408944e-01,8.943727406884826037e-01,7.082017570669197903e-01,7.169853857226995419e-01,8.252166012185301325e-01,8.662899455386405823e-01,3.255018874682839014e-01,5.195873569535285341e-01,2.650891876070767261e-01,5.904018671299101628e-01,6.778346167906559305e-01,6.633349221711879462e-01,1.972427889562858860e-01,5.078263516172065728e-01,7.009044017963644846e-01,6.711744394499841171e-01,9.211469509689900192e-01,3.986017302174897359e-01,3.374077668767793137e-01,7.896476359752205854e-01
5.929120464021649939e-01,7.292325955106008228e-01,8.502110045489752466e-01,9.846813938211889106e-01,0.000000000000000000e+00,7.514021383016591393e-01,3.023697105457897605e-01,4.076710975067866505e-01,9.951116509255591991e-01,9.123138572026570081e-01,9.903855343661563948e-01,6.861894747911371217e-01,5.374481730343925179e-01,6.354052687109970066e-01,6.446637922650988450e-01,7.936058285441556226e-01,5.005851376155058263e-01,8.328740632712021696e-01,7.510561686783756574e-01,2.255740882142690529e-01,7.051414870809744606e-01,2.293091619871746867e-01,5.524626278988507000e-01,7.948756715628035874e-01,5.686216305238116497e-01,6.669641136652380009e-01,8.507100912600744635e-01,5.208441168621239514e-01,1.396123431758677924e-01,4.766189642472565824e-01,1.217435664704402259e-01,7.375615847902659006e-01,8.446221714956512194e-01,7.609386888281401973e-01,5.917533874281697415e-01,5.909575784522618225e-01,7.767935392857305832e-01,9.284976124011943277e-01,6.932091367391246539e-01,8.748810098777304312e-01,3.396770741423567053e-01,8.077590559470072540e-01,9.051533413754075941e-01,6.467142044638175546e-01,9.983934529097279187e-01,7.572788794089273523e-01,9.846947039058379092e-01,3.492098553395582838e-01,4.389203142664258595e-01,5.211927974241139516e-01,4.893111515537396095e-01,9.430967241120079558e-01,9.794709916953476814e-01,7.991928220117561210e-01,5.514209965326670737e-01,6.791443831098952222e-01,6.633471656696031671e-01,5.898539369456685666e-01,6.599474262992564011e-01,3.321691369972547547e-01,6.472448595814144223e-01,9.864429793182629691e-01,9.248957145432705751e-01,8.792817766873646246e-01,8.281440913749904542e-01,4.912023519202451949e-01,8.462808710625916442e-01,9.669961321034773460e-01,6.747071266172068871e-01,7.979412678319715013e-01,7.415991570501820895e-01,7.703395306491706007e-01,6.540649136213320114e-01,4.179370889482412199e-01,8.311201178693065073e-01,8.605305984772465555e-01,6.930770677720516915e-01,7.478079725085529095e-01,1.948425761279863958e-02,4.606257274013385028e-01,8.206484670912591595e-01,5.688107902734254040e-01,9.904840356867179452e-01,4.402823887304878614e-01,8.122600797300700837e-01
7.389440448487256674e-01,2.347845193897437066e-01,6.553374223399907050e-01,3.312810842127960065e-01,7.514021383016591393e-01,0.000000000000000000e+00,7.549097293274308340e-01,6.436910372625193055e-01,5.662844276832723622e-01,7.789726953484255034e-01,9.673229159757342766e-01,9.511316507251426078e-01,5.618541505179444062e-01,5.273286860920660679e-01,2.771376517464066089e-02,3.001890488418071379e-01,6.364241536147504652e-01,7.712940742872641531e-01,3.843119628678782762e-01,8.028681700371074204e-01,8.924151151760222334e-01,7.975168941315343707e-01,6.765719964456441415e-01,9.758373332806116185e-01,5.052576948797485867e-01,9.332054959957576390e-01,4.764769913315031746e-01,6.883435567344640127e-01,2.317205444111337387e-01,3.820792560666894655e-01,4.455650272093656938e-01,6.509570690986660191e-01,4.074048196441155123e-01,8.600646893994410291e-01,8.982812312833450274e-01,4.548767596372561006e-01,5.734462091053909027e-01,6.568417800656076722e-01,8.367616482882807016e-01,4.406685672772149287e-01,2.052244315751123871e-01,9.674850649095172450e-01,6.441900591678751953e-01,9.324509614748103248e-01,6.238962192132337936e-01,3.107014614010659148e-01,6.956564806195727479e-01,5.946673910733833029e-02,4.526643150673621552e-01,5.184143216359273776e-01,7.000309160923618990e-01,6.504782838268322598e-01,7.128001936836779739e-01,6.428766790968446498e-01,7.750938970060803346e-01,7.709044725506692952e-01,-6.575951901415746925e-02,2.902092435227565104e-01,7.038161042390983502e-01,7.795288013606389566e-01,4.010067762694879967e-01,7.014567499025063935e-01,5.857026290389859557e-01,9.476945200695112703e-01,9.692038005499474806e-01,6.394789615033770191e-01,9.695670901421143961e-01,8.210929925408078089e-01,4.382539610757359982e-01,7.463866470672445574e-01,6.205562764023246913e-01,6.537879371927616257e-01,8.429568582101669705e-01,2.911522199575684589e-01,6.870845207399012278e-01,8.392292771910186966e-01,6.672703734244191942e-01,6.390642905847432331e-01,2.350869831042705083e-01,4.822487362044148851e-01,6.834374132078872011e-01,4.044027497489364187e-01,8.428194952275122054e-01,6.894486072224508266e-01,2.315108194122345586e-01
9.780242645237197108e-01,6.833297631902903735e-01,9.832169322843574699e-01,6.267423478002862591e-01,3.023697105457897605e-01,7.549097293274308340e-01,0.000000000000000000e+00,4.211225857649071314e-01,4.626913778305472569e-01,7.700342144368161890e-01,6.603896488296712684e-03,5.995777090939672371e-01,8.032508064326342456e-01,9.168098080535154182e-01,1.975035932346430878e-01,7.754737776186050313e-01,8.927860531382311171e-01,4.714411467762768537e-01,2.532852603573165773e-01,7.610077900915569460e-01,9.104186794220079371e-01,6.044434229940897074e-01,6.408613615694777055e-01,7.216845005458201179e-01,4.178697471387866624e-01,3.314572569270125557e-01,5.876380423213090065e-01,6.769452871564733965e-01,3.767659102090081258e-01,8.995763857211501735e-01,7.050110755723855149e-01,7.907415801942894173e-01,5.185700788534471917e-01,5.469177641572262605e-01,4.034162840931205807e-01,5.733656522322208016e-01,1.846903725098759663e-01,5.161886116369615030e-01,4.917393460165702113e-01,4.567474507703041531e-01,4.391807559718866050e-02,8.169582712125248447e-01,8.066644802848731421e-01,6.800073758207356711e-01,6.363966788369540550e-01,6.573977078930793860e-01,6.928078800919471592e-01,6.337077131696389198e-01,6.547546909214265742e-01,5.243750537416548285e-01,5.925382350888344085e-01,4.367312138474666594e-01,9.955408257403904893e-01,6.108730896482914563e-01,8.768846418900003714e-01,2.977963125008472600e-01,4.960395936438344866e-01,5.798174496930557087e-01,6.840405560642619509e-01,8.369638515352796349e-01,3.814099815954534733e-01,5.757577483828316689e-01,2.180557900119006187e-01,4.338671487463903187e-01,2.328127319171211518e-01,5.339272095295326537e-01,5.209704097602945172e-01,6.747593283671713404e-01,7.572508830551202275e-01,7.532904322826475818e-01,4.748956237888667942e-01,6.924647793653162520e-01,6.375221012896348238e-01,2.809498626723264669e-01,7.464276782986208891e-01,4.287468941943206602e-01,8.970597380454545799e-01,4.677345234218982517e-01,3.839164734824689340e-01,5.787577262475116502e-01,-8.836205510617120562e-02,6.412802477303762849e-01,9.083570551704671647e-01,3.371202366297583186e-01,5.294014485662237313e-01
8.351733487767032393e-01,4.177095145214071992e-01,8.440420870240944451e-01,8.348121004312292204e-01,4.076710975067866505e-01,6.436910372625193055e-01,4.211225857649071314e-01,0.000000000000000000e+00,4.034598668402747945e-01,7.325775246573982269e-01,7.210205421330523334e-01,1.821483081265722406e-02,7.644801514097780970e-01,8.371396399531287891e-01,4.775397717148286980e-01,7.720077320520347675e-01,8.481962455894431763e-01,8.148452541748444355e-01,8.674576350689168214e-01,9.523168593035529206e-01,7.675478189805912121e-01,4.161134486567783508e-01,3.219234548403723251e-01,6.745820082470325163e-01,5.936139095896841855e-01,6.829207074261529620e-01,8.775695200137129115e-01,2.443838619465819040e-01,3.035788386650229431e-01,4.451120968145138579e-01,2.334521640093290551e-01,5.174673940133215355e-01,8.315729377917903120e-01,7.954955050916411308e-01,5.954987270898732810e-01,3.783424830867523347e-01,2.422379493007872642e-01,6.529837202048981437e-01,9.216564504540540881e-01,6.674942540934420965e-01,5.182281685516737513e-01,9.542415554185372795e-01,8.437012321412167282e-01,4.938507103339049853e-01,9.494595487383890031e-01,6.527347132785181749e-01,4.305485255576107506e-01,6.633515513754943971e-01,5.905333852568377395e-01,6.494353956793521565e-01,2.804749399187372871e-01,7.684112599841789182e-01,5.306321289657618401e-01,6.931460648622362886e-01,6.567229727323233845e-01,6.548779708802344723e-01,3.237559106310030632e-01,5.137726895520643433e-01,5.901616994897502799e-01,4.027174722158559650e-01,4.879273143933217649e-01,5.688162808020635897e-01,4.349897857587895489e-01,8.838689639434567091e-01,8.578147405457606789e-01,4.198303195600877613e-01,1.040823509029854405e-01,8.545576272040416033e-01,7.330294270862611761e-01,8.029317396812571950e-01,7.118017929077515848e-01,8.267556819384390687e-01,3.853130769024440960e-01,5.573592359542463015e-01,6.494137813199314380e-01,5.132030337326662917e-01,7.165011260780415059e-01,7.033096594142089764e-01,-2.833642579572739906e-02,4.967498126901331301e-01,6.117866899850139539e-01,9.146828229878697369e-01,7.938228336903505600e-01,6.023486124752182036e-01,5.691640751198852044e-01
4.130382016255838007e-01,7.836026784065299733e-01,8.644810698669567195e-01,9.933407233137483416e-01,9.951116509255591991e-01,5.662844276832723622e-01,4.626913778305472569e-01,4.034598668402747945e-01,0.000000000000000000e+00,6.832022838787227270e-01,2.001699494400314139e-01,7.996549508905632653e-01,6.512086043131617430e-01,9.133474715431235680e-01,4.434629474625784717e-01,8.791841117698712127e-01,5.316174578483352509e-01,3.629302011429934582e-01,6.732181563297330307e-01,8.646404429241317802e-01,7.252763628997663803e-01,5.614797875309408548e-01,4.089088904804725200e-01,6.821718236493898857e-01,6.231607698918709692e-01,7.093625387952996464e-01,7.182167474766157911e-01,5.568272443214805634e-01,6.330367311899054439e-01,3.755723059403967001e-01,5.267289109520858492e-01,5.810979784383223379e-01,5.499328667434324469e-01,6.444139632634948711e-01,9.692229333814507131e-01,9.640054511050134556e-01,3.823943332806461343e-02,8.382585497274236408e-01,8.277119976354196940e-01,6.205981868739102181e-01,6.598006394271258568e-01,2.676888346825027076e-01,6.754754755282909029e-01,3.388174835958487341e-01,8.247614320027963908e-01,5.577713028785924454e-01,6.535718714211994351e-01,6.489352785017344916e-01,6.912967771650470050e-01,6.691967168718448988e-01,7.929463941226100321e-01,6.193202070226825340e-01,9.824515296468054881e-01,5.216179222582580932e-01,8.914881524091069487e-01,8.016606882802450595e-01,7.789784049745327454e-01,5.156849143883210917e-01,6.509310541240277415e-01,6.497242775681003613e-01,5.432874450495617236e-01,9.288744494171320421e-01,7.525837334842935267e-01,6.306961618201375463e-01,9.198761146158874746e-01,6.292879144471020814e-01,5.393308836674653994e-01,5.702584609828926787e-01,4.068779500394453241e-01,8.830654363863935652e-01,8.993559342746124674e-01,7.137681330399326951e-01,2.125621014221915350e-01,4.712392895426154582e-01,7.693631298091102577e-01,6.159125592104471858e-01,4.339529793303263938e-01,3.637407893111211932e-01,4.364825530071239634e-01,1.052699474053516715e-01,5.011741236372654340e-01,8.070451915301745105e-01,9.012713949234455457e-01,6.988321591540767042e-01,4.360045086148218729e-01
9.883735250983367582e-01,4.272347177019247266e-01,9.735304955610145639e-01,9.871686703721167522e-01,9.123138572026570081e-01,7.789726953484255034e-01,7.700342144368161890e-01,7.325775246573982269e-01,6.832022838787227270e-01,0.000000000000000000e+00,9.712973056285748585e-01,5.095268012575964178e-01,6.138988899562389800e-01,8.309031411848614157e-01,5.646070383231022172e-01,6.290313733157328890e-01,7.544220704020599966e-01,6.565796224921102153e-01,7.242052207941416242e-01,7.205072640363541225e-01,7.852410274051750960e-01,7.386011375252325983e-01,9.470578392130881706e-01,8.169608788199061999e-01,8.123922758409334310e-01,5.961792807165399166e-01,6.707593014467081449e-01,9.256153440069733174e-01,4.379832228960421903e-01,5.203331836125801857e-01,3.297728988108473147e-01,3.610080547703469755e-01,5.431624942745073570e-01,9.264173783018723185e-01,3.510921756769658231e-01,2.761664349942163921e-01,3.650221534812432556e-02,3.843324664828888793e-01,3.504025871214722088e-01,6.155651572871907451e-01,5.087175592716329797e-01,6.860332796490697937e-01,9.036902421171830735e-01,8.901507954054652672e-01,9.962015734813751688e-01,8.775129662138558828e-01,8.475986229820877682e-01,8.670612532146660945e-01,4.884945153659818184e-01,3.701741328713224477e-01,4.352283245774605236e-01,4.111156809725678429e-01,7.740819489029764355e-01,9.456630352588275557e-01,7.554181463260069007e-01,5.889000772572040576e-01,5.108135298181142314e-01,3.650720807329526085e-01,7.767353000989833944e-01,3.719375731094469173e-01,6.028432491316668695e-01,9.768783571226336004e-01,5.862503760190254098e-01,9.255492946637829954e-01,9.650081273436712515e-01,9.788251413294566383e-01,3.190381030893112979e-01,9.558887124986173989e-01,7.331193838778005123e-01,6.876117252354440046e-01,7.551908970177008129e-01,5.758062284071172598e-01,9.110814637749764522e-01,1.792433929000467330e-01,8.419006945638072281e-01,9.389502008209860140e-01,9.197842820850736789e-01,4.862294400537431338e-01,5.352193446385409281e-01,4.643221216815901498e-01,4.613791106279536147e-01,6.138300025261655968e-01,7.724026574606897011e-01,3.683213950415140658e-01,7.982281694167389086e-01
1.524531081497726981e-01,6.128918346637450831e-01,6.528150915782251484e-01,4.552878764351012131e-01,9.903855343661563948e-01,9.673229159757342766e-01,6.603896488296712684e-03,7.210205421330523334e-01,2.001699494400314139e-01,9.712973056285748585e-01,0.000000000000000000e+00,7.547425041465561923e-01,6.924194361253527275e-01,7.684913885264426092e-01,6.343068701887774052e-01,-1.820651493780210128e-01,6.422473509131700897e-01,9.078726225596376320e-01,7.309127881772802260e-01,9.044672987509653206e-01,9.256438553565342620e-01,3.837237015236186211e-02,3.423581781451261880e-02,2.675814041602844751e-01,3.260230502419778631e-01,7.737276159090327177e-01,8.425816758252363536e-01,7.824817500364833478e-01,5.000653747319862008e-01,9.200729089790535831e-01,3.195165907805482819e-01,7.776711924360379946e-01,6.852594425917594156e-01,2.737167328958430290e-01,9.440043259712077584e-01,7.312811332599327141e-01,5.845612987653872050e-01,3.884694662837807622e-01,9.097870775049092806e-01,6.008712582486972487e-01,6.421203805365471862e-01,5.651580034279191089e-01,9.697804163328536120e-01,9.191100921586768946e-01,8.747234926807565536e-01,8.300632889260967096e-01,6.933316472344276393e-01,6.649226493608972888e-01,7.763740483922983993e-01,6.960638062537780613e-01,9.912394786703933036e-01,5.941249487131470275e-01,6.968054059383412824e-01,5.927957280028038900e-01,-1.689304629513485589e-01,2.195863879963307896e-01,2.344995584709960723e-01,9.719127032454845105e-01,5.977678192189110895e-01,-1.704503003194901556e-01,9.106622763687258759e-01,7.798216198550388389e-01,6.128006737093819600e-01,8.515589206363818331e-01,9.708954922379032793e-01,6.752827056051271537e-01,6.546129715538511196e-01,9.720315873202682866e-01,7.165231651612508079e-01,3.479215276092859632e-01,3.395255429707526584e-01,5.138514128593106856e-01,4.335802296542213830e-01,2.140175627389925006e-01,3.428673202932087660e-01,8.684990198533932837e-01,4.836469527475266705e-01,6.138872155352514959e-01,5.520885764271794838e-02,7.516274119202137616e-01,5.553351985927237333e-01,4.944138419062679146e-01,7.088529092871218573e-01,6.408961090951434958e-01,7.125558560848194167e-01
7.970596031355060562e-01,6.052808225120072105e-01,8.103152029965687841e-01,4.916647907820562158e-01,6.861894747911371217e-01,9.511316507251426078e-01,5.995777090939672371e-01,1.821483081265722406e-02,7.996549508905632653e-01,5.095268012575964178e-01,7.547425041465561923e-01,0.000000000000000000e+00,9.552956428950247769e-01,7.887740003336258798e-01,8.034857993617710026e-01,4.003283499557427350e-01,6.364762129600759488e-01,8.199204936021982082e-01,5.815663904708908705e-01,9.938822595111167502e-01,5.575496187910714552e-01,7.548091958754330477e-01,8.493622713109165723e-01,7.470020714178647880e-01,9.096790937619516626e-01,6.752396680453010003e-01,4.792473234544894489e-01,7.775528429122702256e-01,9.788377504787186822e-01,5.304586307218466246e-01,-6.298087104389457624e-02,6.983761204072871376e-01,9.748311070628286057e-01,9.224454943458306744e-01,6.669971603756342793e-01,2.483547488791714164e-01,2.575278445287633722e-01,7.855257420255035150e-01,9.540099722789434633e-01,8.825115799039088271e-01,2.816959542537655348e-01,8.936134784468027226e-01,2.855992624399203983e-01,8.782081873278424489e-01,5.472301853865370047e-01,5.539997752471510495e-01,9.164955956205836363e-02,7.200308421598793363e-01,9.519461757237880351e-01,5.054931676317724332e-01,6.263527364463583602e-01,6.294794774491047074e-01,7.554827960219943073e-01,7.927896429050391713e-01,8.925171992501138574e-01,7.813897836763492588e-01,1.721524711891538606e-01,9.635618490479581633e-01,9.759356040868141235e-01,5.217380502946431520e-01,3.422349392751986574e-01,8.419477589106086901e-01,9.707420314567589692e-01,7.118329944086886352e-01,8.761975049058159382e-01,6.633953336572914194e-01,7.013549876498073044e-01,4.641479738653723208e-01,6.154923982923489190e-01,8.678463063941921352e-01,4.239869839088979964e-01,6.299808422509352024e-01,5.624576456731249507e-01,5.578542749349717500e-01,9.584434694238095354e-01,7.460834097806616771e-01,9.888632881907307715e-01,8.697091792642908104e-01,8.501940073271396781e-01,3.666700850267351486e-01,7.501127190289078595e-01,9.314141498850140310e-01,2.714742272004905255e-01,2.010859130733315125e-01,4.464100323549700100e-01
6.280310695916304642e-01,2.300608144464192928e-01,9.871690354032296444e-01,9.111488232766817852e-01,5.374481730343925179e-01,5.618541505179444062e-01,8.032508064326342456e-01,7.644801514097780970e-01,6.512086043131617430e-01,6.138988899562389800e-01,6.924194361253527275e-01,9.552956428950247769e-01,0.000000000000000000e+00,7.797181899623437662e-01,5.241396632206297701e-01,9.066757414282935468e-01,7.881487083082034939e-01,9.528469886629100660e-01,8.544268693365368872e-01,9.811836730823961794e-01,2.786973423762225122e-01,7.609008399585016624e-01,8.185332370807851810e-01,5.850300345909685840e-01,5.078878803150486121e-01,8.039544946045066309e-01,7.177039556846510626e-01,8.807827404400423443e-01,6.020947429333967094e-01,4.380601661401778424e-01,4.700687328503932449e-01,7.372433006677343581e-01,6.433204033711727998e-01,7.830150364892027870e-01,9.318261032346837336e-01,4.158164073562287122e-01,2.648911179064579180e-01,6.737164919513192185e-01,9.736869679144578571e-01,9.724689230139319518e-01,3.719403651522955601e-01,7.267127861961938384e-01,9.238541258028644121e-01,7.384023494198626025e-01,9.942040956272016894e-01,9.940333900159122882e-01,7.470202438780679799e-01,8.124407656157363045e-01,9.928345568774403773e-01,7.114886891877159059e-01,9.986682849310738463e-01,7.111417424855366320e-01,7.030925414658327766e-01,4.085953295888905545e-01,8.073538750814031051e-01,8.460413212501527447e-01,7.239891065912139601e-01,5.405105096130211617e-01,8.190289606215548357e-01,1.770515426927961322e-01,4.614645952188593525e-01,6.822171093838197420e-01,3.300251705243722466e-01,8.832782497410976985e-01,4.269357754504928271e-01,8.992773749156431906e-01,2.476467714871397885e-01,8.909305641896875239e-01,7.154342262578041733e-01,6.450372192761522072e-01,6.404651488823361882e-01,5.091860950910384043e-01,3.280069797193882475e-01,2.018385465619604857e-01,5.729045969020383211e-01,7.841527527803168196e-01,7.803419918996742366e-01,9.085087187357908656e-01,3.597177650839035734e-01,4.984903575607664838e-01,5.352138033544538986e-01,8.885684111436878974e-01,4.488523672713919943e-01,7.912134344075920644e-01,5.897180879285308652e-01
7.159952291252982270e-01,4.058359261679009844e-01,6.222612528174714663e-01,3.291407695296637986e-02,6.354052687109970066e-01,5.273286860920660679e-01,9.168098080535154182e-01,8.371396399531287891e-01,9.133474715431235680e-01,8.309031411848614157e-01,7.684913885264426092e-01,7.887740003336258798e-01,7.797181899623437662e-01,0.000000000000000000e+00,8.557671520357121864e-01,7.749982983196435082e-01,8.262101903026631833e-01,9.910796423210019856e-01,3.190305894070346038e-01,8.837268555553978722e-01,7.343545680167734568e-01,6.530123049645611966e-01,8.977507695432059842e-01,9.685710264941999048e-01,2.230552376537912052e-01,8.681100723201905511e-01,6.781986481813302436e-01,5.733973847234951071e-01,5.697970624724468802e-01,3.304907445855024273e-01,2.962793073963128632e-01,6.211305905904076496e-01,5.946855289772958741e-01,9.952473052498775896e-01,8.406990452760572108e-01,1.484727904487082584e-01,1.545019142684958269e-01,5.675712348903179105e-01,6.682699897289611224e-01,6.476826052369166753e-01,5.494269495911592305e-01,7.618898596937678791e-01,7.408768401755414512e-01,5.189691784541319297e-01,8.779005110973367998e-01,9.056465509094834276e-01,7.956984524729511232e-01,4.403751884719913079e-01,8.768237490040560189e-01,3.054897341060753835e-01,7.369829039940051230e-01,8.360802946607883701e-01,2.299091851326598712e-01,5.951951584696975051e-01,7.074314498507960902e-01,7.549395016019365690e-01,7.153699159320320300e-01,9.514909882994877499e-01,8.750042702907055991e-01,4.580648625900454740e-01,7.420555168281736114e-01,6.774406105005879031e-01,7.694789386048972446e-01,7.843784151147537020e-01,7.924438355979775972e-01,6.743811957157512804e-01,9.519431758181891023e-01,8.116466545812581757e-01,4.968303690761546321e-01,8.062527177748247675e-01,6.831105323507052907e-01,4.258748959758900110e-01,4.000791071475788829e-01,2.389777772187162141e-01,5.667754941552954895e-01,7.172925390646788246e-01,6.597519367178215077e-01,6.819452072664201614e-01,2.348898814080915276e-01,5.458892377220487813e-01,8.207432948912617432e-01,5.907433592515587417e-01,5.477557268934211132e-01,8.406639932835936468e-01,9.153858902355361815e-01
8.194936436269147917e-01,4.985180112331267788e-01,7.505568546255276807e-01,7.849502162156039020e-01,6.446637922650988450e-01,2.771376517464066089e-02,1.975035932346430878e-01,4.775397717148286980e-01,4.434629474625784717e-01,5.646070383231022172e-01,6.343068701887774052e-01,8.034857993617710026e-01,5.241396632206297701e-01,8.557671520357121864e-01,0.000000000000000000e+00,8.323321741146331165e-01,8.176983159549636726e-01,-5.676374477206638791e-02,6.825552038263607013e-01,9.710627569479992616e-01,9.358737515048001221e-01,6.849126482479258593e-01,9.820307503595949727e-01,9.326581072441806342e-01,7.719786434216571180e-01,7.067787343596051430e-01,9.537629230306238215e-01,3.663443375735441210e-01,7.306942112831048552e-01,5.087188368274836447e-01,2.732467442016734971e-01,8.109743069948684990e-01,6.745899016078055199e-01,7.421937016933541909e-01,2.908668653580561703e-01,4.468480668850799975e-01,2.330988259727515277e-01,3.586072794054664947e-01,5.249539230637924048e-01,8.182490285578729594e-01,3.937654303276831858e-01,2.724320719225823417e-01,7.467405135006418559e-01,9.849417172948125021e-01,9.555668168070097224e-01,6.496554922469616189e-01,7.160105405714882743e-01,9.938763005507560422e-01,5.948421991722363522e-01,9.498836943644888287e-01,7.039563139911173550e-01,5.312408340755829794e-01,7.059674818947947461e-01,5.670578419846734608e-01,6.577873589900644635e-01,1.959963108520312858e-01,4.205064150107074017e-01,7.439879993704762162e-01,6.273119305523525702e-01,5.741389292194467586e-01,3.038185664073819181e-01,6.016849081451849379e-01,4.634704765791454739e-01,7.152482340799052318e-01,9.156982985953846521e-01,6.605889439234567950e-01,6.888506341391801291e-01,5.913444991485073965e-01,7.355590748878277907e-01,5.867718955574009465e-01,8.366261995470556379e-01,3.989121544705471756e-01,4.364557196897203006e-01,2.109507516527797666e-01,6.763131408917479881e-01,8.870918417118325294e-01,9.019939253702551341e-01,8.517028131662733870e-01,1.987436000108483147e-01,2.119257969790075691e-01,5.807408119367227783e-01,9.491508188722952433e-01,6.906070390488493471e-01,7.479838211340837928e-01,7.486566286142661841e-01
8.946754669353140788e-01,8.839995773404681900e-01,8.680073418923623940e-01,9.269107582363045328e-01,7.936058285441556226e-01,3.001890488418071379e-01,7.754737776186050313e-01,7.720077320520347675e-01,8.791841117698712127e-01,6.290313733157328890e-01,-1.820651493780210128e-01,4.003283499557427350e-01,9.066757414282935468e-01,7.749982983196435082e-01,8.323321741146331165e-01,0.000000000000000000e+00,4.948941528622053387e-01,4.086333095299934937e-01,7.022427919073269686e-01,9.280898949861596803e-01,7.999156948536721989e-01,8.113193875172443059e-01,8.425097308009402708e-01,7.743889574836411160e-01,7.336726333450208637e-01,4.337147505946857828e-01,6.002057513481819928e-01,7.420519205999979162e-01,3.366229561520630575e-01,4.261031651759289440e-01,5.756056375291899174e-01,6.458516808332001036e-01,6.271231838734866448e-01,9.347437572206387379e-01,5.369042749047439056e-01,5.908957595683907993e-01,4.113219402333542218e-01,7.069111830140454300e-01,8.955501213814665018e-01,1.546268940822700388e-01,7.168481047138721696e-01,5.072433388794894693e-01,8.992647735664299757e-01,5.904139923569959869e-01,8.714591295930901316e-01,3.050239717344448986e-01,8.118833551722710595e-01,4.171738142493889856e-01,1.230217428066828801e-02,8.617667828043940048e-01,5.574081144049299885e-01,6.716729352633746819e-01,9.018699270575579741e-01,5.614680497694982675e-01,9.547644004886735036e-01,6.195188055588645160e-01,2.841921936528383208e-01,2.835107033020088929e-01,7.636446967053817092e-01,5.454747854778677629e-01,4.008405079945046579e-01,8.863229736576041518e-01,6.422643980559452626e-01,8.102195660776315700e-01,6.989118563369538517e-01,8.164542438782406153e-01,8.615143475430285802e-01,2.769754309923417868e-01,2.018513072863276914e-01,8.766559689839727998e-01,7.820388580524129107e-01,6.472209940012761953e-01,7.483278046117910476e-01,6.162432744432750908e-01,6.037039962063246445e-01,9.949660766107095711e-01,4.454013492107826711e-01,6.987700089374704326e-01,7.187277399412725920e-01,8.064649772976462128e-02,6.525599742501504430e-01,9.052241723767495696e-01,6.742142483787633145e-01,7.920363512962701469e-01,9.410897343822464123e-01
7.043154777054336790e-01,6.160667924527537531e-01,7.061606910326034825e-01,6.679711388794324911e-01,5.005851376155058263e-01,6.364241536147504652e-01,8.927860531382311171e-01,8.481962455894431763e-01,5.316174578483352509e-01,7.544220704020599966e-01,6.422473509131700897e-01,6.364762129600759488e-01,7.881487083082034939e-01,8.262101903026631833e-01,8.176983159549636726e-01,4.948941528622053387e-01,0.000000000000000000e+00,6.394967409063376795e-01,2.933338848569750357e-01,9.975275983805869107e-01,5.821500922386265708e-01,9.425191956435283736e-01,5.544904429223720399e-01,5.654372302334174094e-01,7.535120934487893329e-01,4.304548532420025553e-01,9.869972293513740169e-01,6.422141884706765724e-01,5.236326512069729988e-01,7.656344551821389066e-01,3.259293534334616327e-01,9.955097210752698045e-01,4.245442852813626766e-01,4.159319351746648130e-01,4.943393388988907011e-01,1.768691405359973101e-01,3.105788889400216135e-01,7.296717531450542804e-01,7.476633182284577739e-01,7.082019737195244247e-01,6.148942659097709207e-01,4.667214924187068625e-01,7.918539020981516519e-01,9.093475548076244142e-01,7.890389151116999900e-01,8.356091534733283144e-01,8.663337204291035043e-01,8.892368622969893943e-01,8.817315993654029072e-01,6.584007678921877105e-01,7.064694319118827170e-01,8.242889742018042476e-01,6.097914344953632160e-01,6.417074938802951323e-01,7.769949844180047416e-01,9.541679668677662818e-01,9.601213584569647796e-01,8.234560865993564294e-01,9.959838265181987227e-01,-1.064830935744113249e-01,7.957858773122431506e-01,2.193055274012032652e-01,9.865278298272692759e-01,6.296582123742456849e-01,8.976298498149012373e-01,8.147654692075166905e-01,9.060889210077808231e-01,6.100031890665928991e-01,6.423408774884347139e-01,4.065528532599271827e-01,8.270120329823990035e-01,4.583257852029118951e-01,1.831369193343874158e-01,4.404578449702748477e-01,8.157809241165719927e-01,4.608088772971504210e-01,4.975889257556473377e-01,6.462576704063498489e-01,4.908588803755839503e-01,4.070842545692190395e-01,7.931437656006351533e-01,6.101142984467012864e-01,8.702173264263464159e-01,4.687479434128273281e-01,6.898077298822481440e-01
9.247512155906203457e-01,8.840428731138711971e-01,7.105521501562390707e-01,6.104888540322361834e-01,8.328740632712021696e-01,7.712940742872641531e-01,4.714411467762768537e-01,8.148452541748444355e-01,3.629302011429934582e-01,6.565796224921102153e-01,9.078726225596376320e-01,8.199204936021982082e-01,9.528469886629100660e-01,9.910796423210019856e-01,-5.676374477206638791e-02,4.086333095299934937e-01,6.394967409063376795e-01,0.000000000000000000e+00,3.409487784643174674e-02,9.705186310142047690e-01,6.706429411650236538e-01,5.447166781001721025e-01,2.326029934036385749e-01,6.157875135720800586e-01,4.455272753858486867e-01,4.694888149252573473e-01,1.113266268391399499e-01,8.087163895501278121e-01,9.845559684551252744e-01,6.151972122316756719e-01,3.295070663714050330e-01,3.977713745519435851e-02,5.740399583236797110e-01,7.818266972133466330e-01,2.703867241416472167e-01,1.717544198008742473e-01,4.923507969335277901e-01,7.902252244768216416e-01,8.657321020180539506e-01,9.109889750928197305e-01,6.271282238612942983e-01,8.597932981584537337e-01,8.639796414203280150e-01,4.660371658001371542e-01,9.615620076690443163e-01,7.117046216704731032e-01,6.132273200986261275e-01,7.169310341729665526e-01,7.361117577291649283e-01,7.391235307373695829e-01,2.559224629901283854e-01,2.306855633338812939e-01,9.396213916677327305e-01,5.549224287735166072e-01,8.878105781018740261e-01,4.632337276817319882e-01,8.403012499963398163e-01,7.897337924216293326e-01,6.195857367674019178e-01,5.314447074443449243e-02,4.739772428045912478e-01,3.549812836701069507e-01,6.387074889779892350e-01,6.174246118643336168e-01,8.271246502980384996e-01,5.962540101161390993e-01,7.138668752440084919e-01,8.504825953718652132e-01,9.244012195304157631e-01,5.970711333829605838e-01,4.864074142507376353e-01,8.184624172746122195e-01,6.400271200201956834e-01,5.623395588437887227e-01,9.913598209621075075e-01,5.902174535617370488e-01,7.394714493592282611e-01,2.755496763854786146e-01,4.933707014456513162e-01,3.349691578733492436e-01,3.381414046945863117e-01,9.554164870529857634e-01,9.660232717103329758e-01,9.010197284718063360e-01,5.597550000806721382e-01
