0.000000000000000000e+00,9.449951049921114787e-01,7.271686057383510704e-01,6.636903342880626777e-01,8.420428021945284280e-01,6.804125567595926682e-01,8.078614400567920573e-01,8.054292383192664939e-01,8.828447202759621693e-01,6.239399335034405691e-01,2.594545940801671335e-01,6.551895760213046760e-01,6.044416362700014700e-01,8.534029057693076625e-01,6.807846782201939506e-01,9.099836151918365701e-01,7.017229607311650241e-01,6.488781947912182213e-01,9.776295351159474123e-01,9.678652316684193124e-01,9.594664516849283897e-01,8.168625855574394024e-01,6.684547489029207812e-01,7.127195467755674807e-01,7.988468842000492343e-01,8.988501539740928470e-01,8.605739837125092606e-01,8.214978232208309805e-01,6.227600726041051526e-01,7.619926429012784386e-01,2.089725832036365416e-01,5.521528999892252321e-01,8.693350899133074350e-01,6.806938394497729083e-01,9.887629949373538674e-01,1.008485763524111928e-02,5.763028623370139991e-01,7.688658249533056877e-01,7.032798007393160633e-01,6.089393139251108034e-01,4.310344858431030546e-01,9.738210682381672756e-01,7.303433543079700385e-01,4.912845702173337381e-01,8.756015669481158614e-01,8.533592353459941160e-01,8.805819355599193710e-01,6.503016159720762523e-01,6.312129014381007153e-01,5.130545320040914570e-01,8.551074711722562727e-01,5.681891360773644317e-01,7.603227374410611583e-01,9.720950471562942452e-01,4.153695252639841851e-01,9.877919154726357842e-01,9.316090706856657855e-01,7.670788864096192983e-01,6.907584892463110027e-01,6.617247468354157114e-01,5.755018168344805396e-01,4.259333046728713268e-01,9.049678241013936475e-01,6.304247912381979457e-01,3.376233129071636307e-01,5.592473388894825259e-01,9.071266358655507567e-01,8.869180161290493025e-01,8.659258435678576227e-01,8.894844763596652104e-01,4.723828553959348309e-01,9.229988797544078638e-01,4.693413254240452193e-01,9.454863547370480070e-01,8.302799549654171773e-01,8.064240006885918799e-01,9.681371915998282507e-01,9.632290472141638027e-01,2.065151534902587571e-01,3.331094368216330759e-01,8.705462143630912086e-01,8.761265815360839149e-01,7.943990500496571627e-01,9.135874282089020415e-01,8.236027561527770047e-01
9.449951049921114787e-01,0.000000000000000000e+00,8.556092944220570207e-01,2.176096880414798429e-01,8.458248100963958738e-01,8.035713675235741649e-01,5.041538362024043929e-01,7.492286761702765530e-01,4.217307690274549326e-01,6.174319514604696968e-01,7.878578048082173213e-01,7.158035082636827751e-01,8.004508159868798378e-01,3.395503717689994372e-01,7.620772704457250413e-01,7.893259243658888868e-01,9.698636921226272412e-01,7.155263882988477375e-01,7.599597358141310099e-01,8.783509907842826925e-01,9.834306250380345782e-01,7.408657667334602737e-01,7.548840152587098506e-01,4.997234637471986152e-01,5.291360774950580881e-01,2.055238570949172172e-01,-1.169497160422411919e-01,5.438528559778634808e-01,7.834941729928655008e-01,5.231834745753128901e-01,6.445760459750173865e-01,-3.150666698212331585e-01,8.537752117393824225e-01,7.737946120921659343e-01,8.627933117966815058e-01,2.491147870249974805e-01,2.573333581456005437e-01,3.779591133742697950e-01,8.211380301808709481e-01,6.164434814932039375e-01,2.168161869945163800e-01,3.260493620466207165e-01,9.356696336514100931e-01,6.221769477459674347e-01,9.692181863180423518e-01,6.319398915365621594e-01,7.301932056634153900e-01,7.558745002466655816e-01,6.817986709778410814e-01,4.918217599657430106e-01,6.175837262545411793e-02,5.133894559150070647e-01,8.077452303620384910e-01,7.748863521716506941e-01,7.690709501156399730e-01,4.845509872201996249e-01,7.614392372256023611e-01,8.814931038915897465e-01,8.417900184856182966e-01,5.657748721772736245e-01,2.654895327731698340e-01,9.749410295208902344e-01,9.504625637208496958e-01,4.635176834005926838e-01,7.064421364285378147e-01,8.414760618114995872e-01,2.667616805478509323e-01,6.591113419335832280e-01,7.880525190611392672e-01,5.159073834455467633e-01,8.462732727845312386e-01,8.909590688543727044e-01,4.302461240365798578e-01,6.129990978932055024e-01,6.395560877619996809e-01,9.720914189174012510e-01,5.215374733756241721e-01,4.071855083453092550e-01,2.975167919428186036e-01,5.758529220433619145e-01,4.031845582845946518e-01,6.899155558253339260e-01,6.322423268593950763e-01,7.432841913494089292e-01,7.621399606496438439e-01
7.271686057383510704e-01,8.556092944220570207e-01,0.000000000000000000e+00,6.290629404084342458e-01,8.543847373963461278e-01,7.844223434603372347e-01,6.777927139989285976e-01,7.823107593713625185e-01,7.914413427355350139e-01,7.261801812864228101e-01,9.486897255461317346e-01,7.657296268296291952e-01,5.771991954316155748e-01,8.988265157938187810e-01,8.568525611319643964e-01,5.767496482733946994e-01,9.940875651461247298e-01,9.540622867643772098e-01,9.887588738336612337e-01,7.585912673768899772e-01,8.407443254249304943e-01,8.262075913795208226e-01,6.969699025056206310e-01,7.609585878088366284e-01,8.915451314432106811e-01,5.975287373079847253e-01,6.807335667639000665e-01,8.336321289060031337e-01,6.793143566558719204e-01,6.063968223672465685e-01,4.536223081625770370e-01,7.792014414311372317e-01,9.273408328673771184e-02,6.576702964951190999e-01,8.289565585359409683e-01,1.402252900661033475e-01,4.347400809846219127e-01,6.405491231729593116e-01,8.483713328394560937e-01,8.641350071561940682e-01,3.293896395442743597e-01,9.648025502957149335e-01,9.472033674640982781e-01,7.542691044132702194e-01,9.372791306250490839e-01,4.041003744834875677e-01,8.516241207630461663e-01,4.343382352100997323e-01,7.987923329312038856e-01,6.644727547116966448e-01,9.650866044744834671e-01,7.044357974619145368e-01,9.973909564278065076e-01,4.358285377692203144e-01,7.000250110436839757e-01,4.436356020581983528e-01,6.831180964330639815e-01,4.736938648661821460e-01,9.205270600656224600e-01,4.333759909841616853e-01,8.405573750496841967e-02,8.295080191960371163e-01,9.261455502891464686e-01,9.972340664748211569e-01,4.635344223554767051e-01,6.642786375441913638e-01,8.365315722923790664e-01,5.231211149718248965e-01,6.061728740512397628e-01,9.582952670454013555e-01,6.265429979106419411e-01,5.806950829106010126e-01,5.058595889972001824e-01,3.500505934607963110e-01,8.048997873145785631e-01,8.734270286485318335e-01,7.502695965837058445e-01,8.502989857721630074e-01,7.628773674034721175e-01,1.181636808452384349e-02,8.900923171341478257e-01,9.309871010555780257e-01,8.931195385822492394e-01,7.013858268726649303e-01,8.776782854382183530e-01
6.636903342880626777e-01,2.176096880414798429e-01,6.290629404084342458e-01,0.000000000000000000e+00,5.924069679170342884e-01,7.356119710328603567e-01,7.409107567370560865e-01,6.962385992744044572e-01,4.463512142353492362e-01,9.149874901012986506e-01,8.610453262997920243e-01,8.450035645315712163e-01,7.391618938851782783e-01,1.273910103434184593e-01,6.391545106549089139e-01,4.028487954856452835e-01,7.019097715738860099e-01,1.844383938718295313e-01,3.860958032622759106e-02,5.983657561772948337e-03,7.859094675116844453e-01,8.111504580228714456e-01,9.312944433268177669e-01,8.959664285147821428e-01,4.471198351260500803e-01,9.042679436526682712e-01,9.552485526734362242e-01,2.506787256050438395e-01,2.210419175040422290e-01,4.196087130737851667e-01,2.420373240443577934e-01,7.615777382991023581e-01,3.859892348320352884e-01,4.828549012813380115e-01,4.512757417092237433e-01,4.976278081933047659e-01,1.196128655865473234e-01,4.253387949446619798e-01,3.147530571339005045e-01,7.775228293425624493e-01,4.597257264759561646e-01,8.677452611760143597e-01,7.807548943491404714e-01,9.841838263227592476e-01,9.037373587250229212e-01,9.217608257875293809e-01,9.431965781993645326e-01,9.001100508913847387e-01,6.448294302757857643e-01,5.881395041115027311e-01,6.809957706129206034e-01,9.699833664777418596e-01,8.856067339465001353e-01,9.671229740044348100e-01,8.131937023441357937e-01,8.213196160834967952e-01,7.085317648412281510e-01,9.985653263656529832e-01,2.183271715359589027e-01,8.124283431710840331e-01,7.665350722746598899e-01,8.896773836148538228e-01,6.601895740183917338e-01,8.905413266646029502e-01,6.989071341443521268e-01,6.794430133814757244e-01,8.557799387377641454e-01,4.748244084027180012e-01,6.830610564673754714e-01,8.247457499606208886e-01,8.657145769811637193e-01,8.795174623059511809e-01,4.631979166567379291e-01,8.318199836441498851e-01,7.635280794408247917e-01,9.056093369217907973e-01,5.441462580212564903e-01,8.642638004149734154e-01,4.371758980431986741e-01,4.438326737352243229e-02,2.919742407771687143e-01,8.572336339470061350e-01,6.088727017352726367e-01,4.968705009661036898e-02,7.723155270463142319e-01
8.420428021945284280e-01,8.458248100963958738e-01,8.543847373963461278e-01,5.924069679170342884e-01,0.000000000000000000e+00,8.259484535122352256e-01,6.140947485082742796e-01,6.606111494248416705e-01,6.560684532437521810e-01,3.287592040103550772e-01,9.924478810504617776e-01,9.201392139946115156e-01,7.172180027583286988e-01,7.198545077172034956e-01,2.499831133451440313e-01,9.248448000500596455e-01,8.734230160755268590e-01,5.534598221140710761e-01,8.243974446835079517e-01,9.732230496854692436e-01,3.236609717179458334e-01,7.319200325839895216e-01,7.691611362384925821e-01,8.557550304763201776e-01,9.661579208271021679e-01,7.836833597685088915e-01,9.614783552760388652e-01,6.598746164911306611e-01,4.542390596806189507e-01,7.823126271559753819e-01,2.857296100442590636e-01,4.186168422711784021e-01,6.420044195136159759e-01,7.125655814300255742e-01,5.806048720906686889e-01,8.809150519919568822e-02,2.956725707500755251e-01,5.316240940185559261e-01,8.172301480555914655e-01,8.258346905835016738e-01,5.052090717810580056e-01,7.953007034841035328e-01,3.667097024289773244e-01,9.079185504802297357e-01,6.837192788575353619e-01,4.474522502058684847e-01,4.932759397656988343e-01,9.743843339057323139e-01,6.179597719758513907e-01,5.479530843916942118e-01,9.099612771130716204e-01,4.823390559491470553e-01,8.309493030040205896e-01,9.122541225940213883e-01,7.763390636183328253e-01,7.864630540222669053e-01,5.607224213223075404e-01,3.407550353306783020e-01,9.281658625635367255e-01,4.330919454416601866e-01,3.108309000940545630e-01,3.668453949333562170e-01,6.080236466070985113e-01,7.392914867957380842e-01,9.370936864604277883e-01,7.714362971813418790e-01,7.817051257586627999e-01,9.115846215032242794e-01,4.453035197965501402e-01,5.834034835378164585e-01,7.811680802043360350e-01,8.520161236701015994e-01,4.932938474810323881e-01,8.049348624454080170e-01,6.400950925056946295e-01,6.236811096388316100e-01,7.708096887563715693e-01,-3.101127607182603829e-01,4.852207836800732643e-01,5.504144965118871191e-01,5.885392637883746225e-01,5.657345972433681647e-01,5.541641578143787772e-01,9.225974893912558539e-01,8.003199453151927933e-01
6.804125567595926682e-01,8.035713675235741649e-01,7.844223434603372347e-01,7.356119710328603567e-01,8.259484535122352256e-01,0.000000000000000000e+00,5.855986086959521497e-01,7.521957134899369679e-01,9.915389147452327023e-01,6.568577046216997894e-01,5.740936150294199125e-01,6.152526399380210398e-01,7.042929440443455036e-01,6.030368817750315635e-01,6.704279940241483216e-01,6.512525860369252628e-01,9.304575849782171781e-01,9.559497980244539006e-01,8.277530933619579034e-01,7.996694371099063448e-01,8.641796802815877587e-01,6.625180462572045625e-01,5.654996976336714720e-01,6.231675059119823334e-01,6.753345725685987455e-01,3.588497552093232179e-01,6.114241885493890694e-01,6.950420041427485263e-01,3.663977831287321685e-01,2.753003583622849471e-01,4.544343028469006729e-01,5.444395664964354342e-01,9.974854616856614342e-01,8.974748264008322041e-01,6.898932195085424324e-01,5.026246695368133954e-01,4.451959608112090461e-01,7.919462719025380792e-01,9.289579527761626654e-01,7.731037135365237400e-01,3.692828986099931932e-01,7.605444299065623470e-01,4.776464833455104642e-01,9.955280465675924173e-01,9.624125433407055841e-01,2.231551720288431073e-01,4.504025865187913924e-01,5.934610043148637049e-01,2.314384475262120100e-01,6.777873572804018476e-01,8.741560556320296937e-01,7.658976542342090799e-01,-1.695801206633838487e-01,7.588904936976825777e-01,6.673904941128722124e-01,4.022223261765973668e-01,7.662954382418870614e-01,9.875306308258477994e-01,8.576398187771374637e-01,4.270654223830863128e-01,5.883352157573720209e-01,9.251703619360620579e-01,8.527609065035333114e-01,4.117792818941303779e-01,8.512868561878155216e-01,5.555610711410896574e-01,8.386015759551095350e-01,4.119826434022080819e-01,5.741816133739182648e-01,7.986589921692811567e-01,2.272655296738651520e-01,9.112423740676196537e-01,7.744571024426107897e-01,9.457830138170592038e-01,4.478910704353423200e-01,9.316758703481241577e-01,4.263441125963353673e-01,7.874634116862412325e-01,-1.508090533517401632e-01,3.558790269032154896e-01,2.488838236351945121e-01,8.451300528310959903e-01,3.761057510968338624e-01,5.712485842176833195e-01,4.293344984296555422e-01
8.078614400567920573e-01,5.041538362024043929e-01,6.777927139989285976e-01,7.409107567370560865e-01,6.140947485082742796e-01,5.855986086959521497e-01,0.000000000000000000e+00,6.300960254539215155e-01,2.903218963328256241e-01,4.562248631885063577e-01,1.884729123410454898e-01,7.250596589267854775e-01,5.798496050549991621e-01,7.415843481895281197e-01,8.340948151663948318e-01,9.020940545139262134e-01,8.303997402250633542e-01,7.174814233358586257e-01,6.101642601151644474e-01,8.558526209909216309e-01,9.237749654924278797e-01,6.443544063876585071e-01,5.096157101944897017e-01,9.203969342227080741e-01,7.916486744367750017e-01,7.702435020009980038e-01,5.151561225731570159e-01,7.445598089711159551e-01,6.376896078784475286e-01,5.225675570553307558e-01,9.967505558109877040e-01,4.081688529930700415e-01,7.077613988241351350e-01,5.001789688023018376e-01,4.001940885707666040e-01,2.522584196430268655e-01,4.128132400736662655e-01,1.108967831977670793e-01,9.339791529573009399e-01,7.152572275716377881e-01,3.899209228454825760e-01,6.895874032689184308e-01,6.711387547467576598e-01,4.074811754354336624e-01,9.346505260195533404e-01,4.336885369354668840e-01,4.311738600760584017e-01,7.686781920076128927e-01,4.885515663994507429e-01,7.433897777149864883e-01,9.672812313393428507e-01,7.141404461474848420e-01,6.426521884588316524e-01,3.289897585719422923e-01,9.625229059747719695e-01,-1.953521371464062018e-01,8.679985964215441996e-01,4.968240368691995146e-01,9.972253194262730158e-01,7.378655467285133440e-01,4.038750799058978824e-01,9.278361780439442486e-01,3.321813215247900741e-01,4.146393950857748534e-01,8.367122990000764871e-01,9.522307956793720773e-01,7.333351227593062349e-01,8.839184490199052391e-01,6.030693873742861699e-01,7.935387808391419773e-01,5.896209690526399427e-01,4.992151483940302503e-01,9.136083185204909585e-01,6.461971000263705411e-01,7.331239340090420775e-01,3.027987841004589620e-01,3.195237511423053567e-01,6.655952198065870906e-01,3.477014667190728714e-01,1.883617139349987035e-01,3.706364365471310762e-01,9.191034061440939151e-01,7.965796695332310051e-01,6.958726868621452066e-01,6.966646094661608224e-01
8.054292383192664939e-01,7.492286761702765530e-01,7.823107593713625185e-01,6.962385992744044572e-01,6.606111494248416705e-01,7.521957134899369679e-01,6.300960254539215155e-01,0.000000000000000000e+00,7.598799125275296218e-01,6.916480996040542673e-01,2.117034413191101194e-01,9.677461991581782774e-01,8.099816523876721686e-01,9.005698984229200121e-01,6.797302748303774012e-01,5.767714974532511807e-01,9.061668807386437097e-01,1.799807671424094035e-01,3.470531833047314496e-01,7.386240895439697418e-01,9.342982916735768084e-01,7.718692636268728036e-01,5.454452279744850252e-01,8.557873606948396272e-01,7.035322048325396427e-01,5.138067369111491978e-01,4.170633333087869210e-01,9.315482056482827788e-01,6.002621757864490259e-01,8.543633097169427426e-01,3.607920331258223645e-01,7.515496231490151890e-01,4.984414531379635083e-01,8.643498975151768793e-01,5.762230360774279747e-01,3.242831740578155375e-01,7.344728455341083262e-02,6.637368492467579095e-01,4.692954328206960790e-01,4.170318954669176015e-01,2.584926071857343022e-01,7.052407924795354166e-01,9.930636845048272932e-01,5.671118810415811673e-01,4.627987004112114611e-01,9.621709231192325795e-01,5.748098412318423112e-01,5.605749540291684596e-01,7.843044426464840235e-01,8.013895203136099932e-01,6.562987178672788913e-01,6.031088036479418379e-01,6.693040253562838604e-01,7.021241563629551097e-01,5.805570876649789325e-01,9.601457620465823073e-01,6.594791811995486253e-01,2.327886453864771998e-01,9.008482844757923491e-01,5.263854752879809640e-01,3.870500610538823993e-01,4.649272028854375405e-01,2.692782292770298236e-01,7.864873621685535277e-01,8.495552296920904078e-01,3.853915119306973169e-01,7.190302697913666385e-01,6.358720623173659270e-01,5.305235067152376249e-01,7.508493199997516854e-01,3.605610178786819997e-01,3.513746309257972378e-01,5.642535116623933478e-01,5.835705186704231995e-01,2.801437898169581442e-01,7.556647712235813330e-01,4.344107136450541806e-01,7.151204496743021055e-01,3.905993233261930708e-01,5.272020895630833426e-01,4.911843604721062295e-01,7.807308706116135033e-01,6.850173520186120246e-01,-1.300002785814502460e-02,6.959757444975931406e-01
8.828447202759621693e-01,4.217307690274549326e-01,7.914413427355350139e-01,4.463512142353492362e-01,6.560684532437521810e-01,9.915389147452327023e-01,2.903218963328256241e-01,7.598799125275296218e-01,0.000000000000000000e+00,2.155802758509838823e-01,6.434129956013638907e-01,7.454903295847223887e-01,9.401132971929528903e-01,4.329374758121110611e-01,4.893274886310466920e-01,6.388256802716177907e-01,9.067601577552508729e-01,9.785243656019575464e-01,7.187740321970148560e-01,6.231037874497008522e-01,8.492894012435654449e-01,9.807961680881844835e-01,8.005156337737919792e-01,8.575849895048514027e-01,5.680556368378254506e-01,8.707908890160195314e-01,9.990713478784788437e-01,7.910079953717323864e-01,1.682864681107005753e-02,7.726948330109570939e-01,5.962914480293590724e-01,4.322327604216216757e-01,7.391803898777185022e-01,7.525803553832701720e-01,8.155969096387105655e-02,3.196777377996334324e-01,5.146961143500775049e-02,6.778765918770881527e-01,4.765523764627218606e-01,9.729555668105616117e-01,4.655063056527690701e-01,4.529960230852137504e-01,3.299754372236421984e-01,4.318709568160067902e-01,4.002185583414560877e-01,6.397259858309999325e-01,5.088059711132858487e-01,7.208705954500255197e-01,6.147651569900479673e-01,9.381638273332928435e-01,5.375726975539641961e-01,7.411563777865728397e-01,8.656024588841619849e-01,8.674551697199728295e-01,6.655833724633611892e-01,7.667999038854054206e-01,7.081745221862669748e-01,9.255420036164521136e-01,9.645759924240944194e-01,8.243394337142162520e-01,4.431241836264772638e-01,7.123177450656390519e-01,5.116738534300165897e-01,7.842644413706614248e-01,9.599652821288935378e-01,5.766197194379664159e-01,5.122454131280911316e-01,8.487884249642323464e-01,6.097339666533480029e-01,4.153942884801504754e-01,8.789119413655490654e-01,6.424481696250254892e-01,2.685718920815263200e-01,8.397067954398695910e-01,6.296271200411884816e-01,2.648153070428755362e-01,4.682045195143400007e-01,4.829386850590854374e-01,2.761443921150367742e-01,5.542953378885782101e-01,2.475228931598331683e-01,4.740393062365313437e-01,7.238613955867561067e-01,4.079623802602482252e-01,4.397697645798464006e-01
6.239399335034405691e-01,6.174319514604696968e-01,7.261801812864228101e-01,9.149874901012986506e-01,3.287592040103550772e-01,6.568577046216997894e-01,4.562248631885063577e-01,6.916480996040542673e-01,2.155802758509838823e-01,0.000000000000000000e+00,7.166472510993793232e-01,8.577438710834677238e-01,9.676302375852851023e-01,4.435596781690044899e-01,7.484394756078571742e-01,4.119482415834154754e-01,9.030991303123426794e-01,5.814010424340585459e-01,3.907572618902662720e-01,7.063929194093963027e-01,9.509110324501555134e-01,4.236234133233933163e-01,4.566024074826934842e-01,4.966289879646775263e-01,7.338026537981171549e-01,4.937208751840529986e-01,7.473458065149186647e-01,4.522045599460352006e-01,1.322474910024026007e-01,1.763581068949908806e-02,3.753257928957380862e-01,3.809485646277409598e-01,8.963726935366058690e-01,6.357590168316805679e-01,4.226184371617550672e-01,6.622059002724396404e-01,6.386430552701903851e-01,6.839434411751559306e-01,5.355731726331466325e-01,5.220381289993673013e-01,4.526460235305561075e-01,8.714401299592323680e-01,6.508607758754032524e-01,6.526900312236066926e-01,6.688734483625804472e-01,6.201657003741863905e-01,8.826566717122205086e-01,7.345059800378076487e-01,6.984870170923516142e-01,6.880632231016686751e-01,4.387560242491076457e-01,8.311129093710799554e-01,9.183062947272914167e-01,5.829932256122075662e-01,6.945969284622141027e-01,3.706280027010300238e-01,8.065649760545092750e-01,7.526148918902726415e-01,6.073781865533789404e-01,4.511633890199947539e-01,7.907158075089129046e-01,4.088836144655433325e-01,8.413973217151320405e-01,6.914358869942116570e-01,9.736447925420045335e-01,4.150771569969646246e-01,5.870669961441814522e-01,7.907366584080102179e-01,6.670301776170717289e-01,6.312883974665883802e-01,9.835205612044763956e-01,6.535618891949603881e-01,6.556800839084159227e-01,4.708894430823113431e-01,4.480533926220307550e-01,4.541658758367448923e-01,8.409054264365681819e-01,5.379261010947432586e-01,6.211870771559311333e-01,7.789494785119402964e-01,6.814494372628880914e-01,5.684143567147681431e-01,5.010955834382152529e-01,9.368910177869960165e-01,8.227074275511307988e-01
2.594545940801671335e-01,7.878578048082173213e-01,9.486897255461317346e-01,8.610453262997920243e-01,9.924478810504617776e-01,5.740936150294199125e-01,1.884729123410454898e-01,2.117034413191101194e-01,6.434129956013638907e-01,7.166472510993793232e-01,0.000000000000000000e+00,5.302939775642347975e-01,6.402211145112377544e-01,9.451252030728440889e-01,4.535781115236439676e-01,4.076476313228662995e-01,8.682647311607136764e-01,6.701426514593278316e-01,4.907602775265907935e-01,9.792810273859015036e-01,7.911707839086720151e-01,7.481335583083877916e-01,7.347507904216910024e-01,9.641018788031432418e-01,7.415132653693727871e-01,7.252229540701879973e-01,7.972938135822804639e-01,9.359719578392462491e-01,7.787261655004628080e-01,4.585043981771754207e-01,7.694846293644550528e-01,3.596024335055789667e-01,8.845640781307613221e-01,6.115517636081192476e-01,8.238918928974328093e-01,5.545293690755377369e-01,5.790021163544439853e-01,7.127221383687898371e-01,8.577365445505636954e-01,9.791614347196881951e-01,1.490793018903633915e-01,5.286508758228131155e-01,3.853091412696481033e-01,6.875076379356404033e-01,9.533516966468058573e-01,8.853856909191366586e-01,9.901267638825346218e-01,8.304814677024930925e-01,6.999836547795317276e-01,6.262760592660093772e-01,5.732656903569398610e-01,9.078374578391606997e-01,9.411484461411270264e-01,9.146051271973741903e-01,6.657570714199516626e-01,8.433578967478838617e-01,4.252187689430146911e-01,7.623957619077615933e-01,6.501270080664612872e-01,6.359520682551988990e-02,5.220707995212896524e-01,8.051974585334061851e-01,5.249932467943558834e-01,3.921049248839507673e-01,1.205319903091132683e-01,7.404908602503363912e-01,9.826779992476090131e-01,5.003655606782160259e-01,2.195384563367157593e-01,9.679933227258601391e-01,7.944852133203945677e-01,9.054960166684049572e-01,6.042503942633039582e-01,5.454959405523976956e-01,7.286878794543212301e-01,1.968907083831526184e-01,8.470318501012054080e-01,4.900488478865258068e-01,5.681821916493074998e-01,6.776423719616690988e-01,4.009271011827731379e-01,7.862457534136713111e-01,8.615877749285277831e-01,3.460182080013012307e-01,9.136379650395174412e-01
6.551895760213046760e-01,7.158035082636827751e-01,7.657296268296291952e-01,8.450035645315712163e-01,9.201392139946115156e-01,6.152526399380210398e-01,7.250596589267854775e-01,9.677461991581782774e-01,7.454903295847223887e-01,8.577438710834677238e-01,5.302939775642347975e-01,0.000000000000000000e+00,6.537746498567116316e-01,8.718145179601660688e-01,5.680191220213837155e-01,5.481301196194388048e-01,8.583417534712087793e-01,9.204947400668442858e-01,4.015588540639326576e-01,7.778933190883952076e-01,8.599852207293130490e-01,7.389022624567371800e-01,4.304515585258080757e-01,9.543643079387845729e-01,3.434638805108588544e-01,6.877820194411203847e-01,9.848520538970929605e-01,6.239400716593296314e-01,2.630619184666811439e-01,4.516277198482081950e-02,2.046812822063772686e-01,6.192946977927793473e-01,6.793328002436426205e-01,8.600286246608853657e-01,9.849645281487942050e-01,4.764960810717832063e-01,4.546816822112793588e-01,9.825281868816894137e-01,8.201334163970780411e-01,2.332677735364735438e-01,6.552695086867340590e-01,7.995433970452954231e-01,7.076635197383323028e-01,9.515920372653110526e-01,8.413072918921700172e-01,9.829362330469251230e-01,5.209676622468359941e-01,7.793994567911135540e-01,5.547079686716700486e-01,5.960426741594475608e-01,7.286443526279222649e-01,2.965882643300656318e-01,8.545847630147724860e-01,1.813521836815135957e-01,3.557589488025905133e-01,4.935533026151113778e-01,6.948248136535517538e-01,9.057612939905388405e-01,9.491195170608455189e-01,5.229927303752399809e-02,4.773432139180523448e-01,5.728873616765216559e-01,6.461667748875422612e-01,9.126930617726083383e-01,6.450545513371577222e-01,7.760402246661473047e-01,7.877972770071055564e-01,9.208870775988593493e-01,6.549969378366247152e-01,9.114819060260781480e-01,4.041053877816181972e-01,9.034256655548780213e-01,6.083006044543756152e-01,7.435737791260477181e-01,4.846693996464702114e-01,6.655607878233930075e-01,6.526065067765648431e-01,9.419175422208507786e-01,4.318411731431812672e-01,5.473235542378568352e-01,2.007757206397634275e-01,9.534987077435329583e-01,7.667346766734131069e-01,6.006725561946629766e-01,6.294377135162048109e-01
6.044416362700014700e-01,8.004508159868798378e-01,5.771991954316155748e-01,7.391618938851782783e-01,7.172180027583286988e-01,7.042929440443455036e-01,5.798496050549991621e-01,8.099816523876721686e-01,9.401132971929528903e-01,9.676302375852851023e-01,6.402211145112377544e-01,6.537746498567116316e-01,0.000000000000000000e+00,3.457295633869762463e-01,6.108438294038650573e-01,5.457803731763438693e-01,9.770715424747706823e-01,8.092342030014549881e-01,4.218078640036106441e-01,8.004529952528537384e-01,8.023287770026668042e-01,6.391517304923274301e-01,7.673729414529780746e-01,8.046962328148196120e-01,7.027602475955418981e-01,8.074372412081515238e-01,9.997037393342702583e-01,7.043302356099803152e-01,4.006863433825419429e-01,7.434667370839902478e-01,7.470321138114033310e-01,6.838231218561376945e-01,8.138843657620969951e-01,9.574705234461162728e-01,9.097685956128140905e-01,7.545929046147673569e-01,4.822245798959123864e-02,7.657671482878058988e-01,4.827098791874513406e-01,5.181200893459280143e-01,2.149075969358368310e-01,8.869639488475491440e-01,9.710745631796393607e-01,6.037720291583835719e-01,8.463518501787279380e-01,8.052138760687923558e-01,9.165269034923593239e-01,8.938543751186508457e-01,6.539123570432350263e-01,9.592089325894830321e-01,8.817873867026179147e-01,2.589587419963009784e-01,9.020360810593307521e-01,7.221780480737508556e-01,2.577750241731392444e-01,2.207685072283527838e-01,9.152529998023449798e-01,6.693685590175333378e-01,9.589583512188522008e-01,5.981012963948469929e-01,8.344923285410249525e-02,8.215270388762189180e-01,8.583565986984276197e-01,5.960949498476295627e-01,8.114820085600781274e-01,8.317551861709988614e-01,9.018407377118105028e-01,8.400979661622922645e-01,8.742511484600877791e-01,9.293351974739070265e-01,9.624144501928001416e-01,4.057665289245743212e-01,4.098459375664376680e-01,2.116448317680945934e-01,2.319092958190677456e-01,8.423993302892776036e-01,9.694060894444538334e-01,4.313180899736848151e-01,2.878067332314857008e-01,9.971437060730044266e-02,5.882909379961932528e-01,7.610470765481860411e-01,1.023891449609858201e-01,3.298354812373949230e-01,5.372555094685116384e-01
8.534029057693076625e-01,3.395503717689994372e-01,8.988265157938187810e-01,1.273910103434184593e-01,7.198545077172034956e-01,6.030368817750315635e-01,7.415843481895281197e-01,9.005698984229200121e-01,4.329374758121110611e-01,4.435596781690044899e-01,9.451252030728440889e-01,8.718145179601660688e-01,3.457295633869762463e-01,0.000000000000000000e+00,1.075565780121316845e-01,5.933548492340487979e-01,9.274737467447279338e-01,7.112406133707422917e-01,9.014935874345273437e-01,3.195472980779209271e-01,4.139142787787907229e-01,7.499930022313745503e-01,8.394551350383017141e-01,6.786942380686614706e-01,7.398861883273095685e-01,4.204025245867944460e-01,4.638966991864423850e-01,8.619331724968715136e-01,6.574375268498569014e-01,1.051236092740152339e-01,2.279030772757526246e-01,7.012834511142382876e-01,5.183337576640056898e-01,4.071650261215443711e-01,6.847186178141060342e-01,4.838487865269633925e-01,3.803031786843450446e-01,9.194806302969198430e-01,6.158498171870084859e-01,7.675369276111219108e-01,3.451505030257920326e-01,5.419814194648584493e-01,8.903753462170119759e-01,9.957391426435253656e-01,9.170938506537225088e-01,2.228116934226543333e-01,6.475163610670912062e-01,9.327455237960200485e-01,2.946667523695139027e-02,9.661340219390566197e-01,8.953618255141775339e-01,7.072195299306783811e-01,7.546858645482815708e-01,6.035640878589441094e-01,6.667816655661703562e-01,7.508436496039874175e-01,8.206006208614756714e-01,2.578783008193661352e-01,7.691234726809786926e-01,5.965875256306080177e-01,7.685381184762267726e-01,3.993470501476020784e-01,2.079579257087261768e-01,9.055322176082398755e-01,8.475997541822818393e-01,6.653350153595706251e-01,7.224086902137796251e-01,6.049468060355113197e-01,7.895887702433213029e-01,7.623669447609242589e-01,7.906563697933497448e-01,8.144193955420196973e-01,5.149634640852361889e-01,8.544774879451783045e-01,7.084312633189403519e-01,9.144970452446978815e-01,9.196943437363847007e-01,5.097834341358155053e-01,6.122149109708203696e-01,4.590919092662855139e-01,7.403898993997908295e-01,4.493458318393781514e-01,6.841162823252491254e-01,1.096616875454502760e-01,6.294403847554712605e-01
6.807846782201939506e-01,7.620772704457250413e-01,8.568525611319643964e-01,6.391545106549089139e-01,2.499831133451440313e-01,6.704279940241483216e-01,8.340948151663948318e-01,6.797302748303774012e-01,4.893274886310466920e-01,7.484394756078571742e-01,4.535781115236439676e-01,5.680191220213837155e-01,6.108438294038650573e-01,1.075565780121316845e-01,0.000000000000000000e+00,4.829265330110730225e-01,7.561685118662891947e-01,8.557004754128105795e-01,6.929421269111759596e-01,9.390063506711944230e-01,8.139100509771168834e-01,4.906281486421990579e-01,3.909422662270333193e-01,5.833502819708384912e-01,7.556623892754752436e-01,4.103540931442940520e-01,8.888522494899206983e-01,6.422870106522885481e-01,4.687106451984744404e-01,7.181659853685948836e-01,-1.950818883407199333e-01,4.815809824371424797e-01,2.527237396814481230e-01,1.483962144395512828e-01,7.711483803741328025e-01,1.269200493705163468e-01,6.307240024235751807e-01,8.953361877734513641e-01,3.241398488946526935e-01,4.171632620605796871e-01,4.387993100354393716e-01,7.094046111790023312e-01,6.318596113709127327e-01,5.966104491822222800e-01,9.683516142880514987e-01,9.898281719743436957e-01,7.622432860430854440e-01,7.071108545324589212e-01,7.704412702022602755e-01,4.441477260208046562e-01,5.485573047933202107e-01,9.990098777603526603e-01,6.227917267050689931e-01,2.542222400674871152e-01,6.344742264521292530e-01,6.196043694288718706e-01,7.268405888592367470e-01,6.723156987451095468e-01,6.167293532524812383e-01,6.826303738876503546e-01,4.390120861893992421e-01,8.706335221924735857e-01,5.778347713941528463e-01,9.548021894520253294e-01,3.871940190799144088e-01,4.669866400970826281e-02,6.782543796887010590e-01,7.167383339134794085e-01,4.751222221516142596e-01,8.923307826028495926e-01,8.527920203758780904e-01,9.252257450362491031e-01,2.982709845738581445e-01,4.826427582313475018e-01,3.881484144973573747e-01,8.237366650208641783e-01,9.385505820098005714e-01,5.509593924429510015e-01,4.790647304541381657e-01,1.194483881483316967e-01,8.088130925669252402e-01,8.629849487195058177e-01,2.571325073754845425e-01,2.383353193202713827e-01,1.591767909298891781e-01
9.099836151918365701e-01,7.893259243658888868e-01,5.767496482733946994e-01,4.028487954856452835e-01,9.248448000500596455e-01,6.512525860369252628e-01,9.020940545139262134e-01,5.767714974532511807e-01,6.388256802716177907e-01,4.119482415834154754e-01,4.076476313228662995e-01,5.481301196194388048e-01,5.457803731763438693e-01,5.933548492340487979e-01,4.829265330110730225e-01,0.000000000000000000e+00,7.627795484964102757e-01,4.362012643719434535e-01,6.907381986733598378e-01,2.397613090102206912e-01,6.620026383921839841e-01,6.411852565492450751e-01,1.323431193349356716e-01,9.934740399798529520e-01,9.555157439029398070e-01,9.037902655079652625e-01,5.634296014330899549e-01,4.731076438233344783e-01,4.480025024058845173e-01,7.359306908978550943e-02,4.350086666216879117e-01,7.953206180942449244e-01,9.382288878589640779e-01,7.674245947961207959e-01,4.168406970132904066e-01,6.366428250036660907e-01,2.957269358485422606e-01,6.432981521413251302e-01,5.741462406887715142e-01,9.842264762604131523e-01,9.421144952288371677e-01,5.951486429206385154e-01,6.240906946533313349e-01,8.365238838969015767e-01,8.564915508411947709e-01,8.075513737665798164e-01,9.722244430864437348e-01,9.505407878560401258e-01,7.579644501859126304e-01,7.700870191831348244e-01,7.880218709100335062e-01,5.687785217524574666e-01,6.214098616605149283e-01,-1.077810475436583038e-01,8.042917036750266702e-01,8.529991637067706467e-01,4.844474727583095164e-01,9.724261355474550506e-01,8.513564387167418257e-01,5.720679123856144965e-01,5.542199570077075421e-01,7.015821419593588626e-01,8.383206506947324943e-01,5.218564483207822624e-01,6.621938023745744806e-01,1.326204154964595316e-01,9.224845089462133663e-01,8.929325337406878171e-01,4.158220746513298094e-01,7.274377520849697465e-01,9.920651463191467734e-01,5.180901634251037224e-01,4.902846970345129396e-01,6.922396759844632319e-01,7.566740560510732960e-01,4.706528118959689699e-01,9.125132766835429843e-01,8.428259085045962662e-01,3.172284561310716455e-01,6.961582982358209826e-01,5.619953643065050963e-01,6.736231932955571988e-01,5.652215176977516409e-01,7.898443477618117825e-01,7.223164856085269037e-01
7.017229607311650241e-01,9.698636921226272412e-01,9.940875651461247298e-01,7.019097715738860099e-01,8.734230160755268590e-01,9.304575849782171781e-01,8.303997402250633542e-01,9.061668807386437097e-01,9.067601577552508729e-01,9.030991303123426794e-01,8.682647311607136764e-01,8.583417534712087793e-01,9.770715424747706823e-01,9.274737467447279338e-01,7.561685118662891947e-01,7.627795484964102757e-01,0.000000000000000000e+00,6.107461046452343778e-01,6.390844481424113876e-01,9.268551543073956234e-01,8.898792064387145428e-01,6.491610519911606980e-01,7.885843420904264933e-01,8.157986803951824406e-01,7.780372395576955480e-01,5.503008975564924743e-01,9.007509442752080764e-01,8.797826310213400225e-01,4.467053768128718128e-01,3.194448809885062635e-01,5.778539044320687434e-01,7.317680639073977922e-01,9.440709777820361914e-01,9.434526658769206708e-01,8.767756604419358890e-01,5.059674988634955684e-01,5.125293083216315715e-01,9.364947397432323850e-01,9.095569872300341974e-01,7.081426909851769036e-01,5.258888855345031921e-01,9.613333035773004021e-01,9.696927322831149221e-01,9.165188061189388780e-01,9.050081234911916406e-01,6.798638855747545229e-01,8.296411317512152328e-01,4.222707625537052145e-01,6.755592651119781689e-01,2.067275080854909519e-01,7.659527531722934990e-01,6.346153985680516030e-01,5.377208321848895300e-01,6.822343871863681963e-01,7.941446573952499755e-01,6.639547856817139548e-01,6.504408629466144065e-01,9.206875869130317636e-01,7.588871419866053403e-01,4.276639833336883800e-01,4.080353821341331511e-01,4.625876806505294647e-01,8.872735897648014181e-01,9.437095114825917452e-01,9.093258137373202432e-01,4.599188617346337549e-01,9.657592321959111992e-01,8.620220877992816888e-01,4.217833285739328586e-01,7.964269871496936215e-01,6.794452470735551364e-01,6.004182055768705339e-01,8.355128579552049961e-02,7.895696407332200017e-01,6.600128228167717603e-01,9.578405530554362501e-01,4.144257439261818665e-01,9.807908245151100157e-01,1.274748598655229548e-01,2.260168771303820712e-01,9.282536823428417794e-01,7.759735888198724396e-01,8.223304706322714930e-01,4.888763178647327345e-01,9.619282795748321790e-01
6.488781947912182213e-01,7.155263882988477375e-01,9.540622867643772098e-01,1.844383938718295313e-01,5.534598221140710761e-01,9.559497980244539006e-01,7.174814233358586257e-01,1.799807671424094035e-01,9.785243656019575464e-01,5.814010424340585459e-01,6.701426514593278316e-01,9.204947400668442858e-01,8.092342030014549881e-01,7.112406133707422917e-01,8.557004754128105795e-01,4.362012643719434535e-01,6.107461046452343778e-01,0.000000000000000000e+00,5.357526447541436365e-01,9.466927812190916169e-01,9.431102393346434409e-01,2.101868606295959896e-01,6.984671393656706195e-01,8.720623481391701626e-01,5.346779245911076339e-01,8.141714479859487597e-01,9.814847937021577984e-01,4.761071975448957216e-01,2.174612455156743063e-01,-1.092418992682505641e-01,2.163466975528626768e-01,8.785092221861309225e-01,6.340669738053448246e-01,5.647914419616311132e-01,8.969350518841572306e-01,1.548962786261725566e-01,4.043580991204518416e-01,7.122561642054989761e-01,2.007962654283084181e-01,3.865394236988627386e-01,3.990647095020981028e-01,8.286925250876590043e-01,7.040290444322327978e-01,7.471949542188335291e-01,6.794064110631414799e-01,8.380243730554194359e-01,7.296988876542793712e-01,8.440268027315164234e-01,5.542186783050170318e-01,3.682603835858815899e-01,6.464561889779402160e-01,8.389354511953130977e-01,6.718388419036872561e-01,7.806693136368868524e-01,9.244545064953030300e-01,9.314245436964958547e-01,8.930745026784349117e-01,2.011744689631919381e-01,8.846613186066122347e-01,6.391303795349952965e-01,3.111671372071680985e-01,4.581163013712832854e-01,7.696056652678551213e-01,6.757294448148964960e-01,8.050858392300818123e-01,8.110638250073161082e-01,7.162804214386306878e-01,9.799243980773125751e-01,9.267537347569421158e-01,5.747636656418542156e-01,7.990200618102896168e-01,6.259851132991586242e-01,4.883878184509953257e-01,4.332641451229453655e-01,7.464165957463013701e-01,5.180007234991917953e-01,6.490717481557255475e-01,6.432905549966756453e-01,7.451064522235582022e-01,2.741797553453206859e-01,7.169733837792844344e-01,9.822154294450494705e-01,5.402025399650214332e-01,2.840163748927965748e-01,7.260138385297190133e-01
