0.000000000000000000e+00,5.127466469381207759e-01,8.447615484884767323e-01,5.372490000636624963e-01,7.662980809462971443e-01,9.972500133669751632e-01,8.407809918724441500e-01,9.060911225902975596e-01,9.606154854927996256e-01,8.998479873539433349e-01,8.015751901153206349e-01,4.469698750531112541e-01,8.298995573882961274e-01,8.365050613567693860e-01,5.999315175658770372e-01,5.145702465282985250e-01,7.541020551601242961e-01,8.732699287321280535e-01,6.142297228584903124e-01,8.935949202411870296e-01,8.455306740673302901e-01,8.257728570048359362e-01,9.314734482832101037e-01,8.514135027983318338e-01,7.245181618411536961e-01,4.105230495347955144e-01,7.617190068102019929e-01,7.179781941257368238e-01,2.649660372586971624e-01,3.019345361149634588e-01,2.097897171690684681e-01,2.726739690501860380e-01,9.966307329369448187e-01,5.650209673511255026e-01,3.389633350482899599e-01,1.896181719701318658e-01,3.201653593759192784e-01,9.820321078091964750e-01,6.729250980971285268e-01,8.145492435933606723e-01,6.444704793100594076e-01,7.677362640490396073e-01,9.239611916832155547e-01,8.215858306645936748e-01,6.461875068140011669e-01,4.922835712122828333e-01,6.858669790389936294e-01,1.071096285818080168e-01,8.230406169801459670e-01,7.502029192394310542e-01,9.014665554600398423e-01,6.449530035281105800e-01,9.775455051136985318e-01,7.987556274665752465e-01,6.492064280890841310e-01,8.147713388358943654e-01,1.582497141271936580e-01,6.760529814006783766e-01,7.659042245238927293e-01,4.131633283278794977e-01,4.238677747254135930e-01,8.381330713006600597e-01,8.316644293749287931e-01,6.332527783978681990e-01,9.037222911891977795e-01,9.345902514009742923e-01,6.964643767864520107e-01,9.885863306443231080e-01,6.950984681391320086e-01,8.759501980505151053e-01,9.614680826943688974e-01,8.043818414198831146e-01,5.293822200370642550e-01,5.117674855562436287e-01,9.030157891148845595e-01,3.191283763830379261e-01,9.571907864619372264e-01,-4.430489364253142881e-02,1.432949454618457630e-01,3.794581576241318199e-01,8.598858330486548462e-01,2.628843962383796140e-01,9.540596698478592819e-01,3.063461971392786864e-01,9.948191585570508311e-01
5.127466469381207759e-01,0.000000000000000000e+00,7.607676994248142588e-01,5.424967368977859916e-01,9.984143405108752978e-01,7.104997222543697477e-01,4.771655586504529034e-01,3.344077203680928534e-01,7.621700752486570973e-01,4.333814028151014019e-01,8.895793783784934350e-01,8.967824378979399880e-01,-7.596064491029332066e-02,2.397469658004035553e-01,6.211356896756865531e-01,1.610198905561566474e-01,8.531081236487740860e-01,7.638264506796578202e-01,6.250709771563280892e-01,4.344591192218890674e-01,6.772864089160212098e-01,6.174205489090266452e-01,2.206738550399636178e-01,8.323982755593744010e-01,9.588189116329531858e-01,7.060621040112295965e-01,8.404791596403958787e-01,5.160871145511897184e-01,2.284783554518055870e-01,5.538319123163781832e-01,1.801395924637173573e-01,9.818125833361622812e-01,9.363002836969291920e-01,9.558600160653615285e-01,8.038737925636474380e-01,7.307984204329610600e-01,3.679994890596399032e-02,6.643000207245285393e-01,2.504858340174571651e-01,5.845482011927107813e-01,5.130671069369022730e-01,8.551650373943685546e-01,8.286400554822431763e-01,9.137037751304740718e-01,8.862111841230380094e-01,6.174334534318877132e-01,9.732656892817067584e-01,5.931835013618707020e-01,3.823728510955233251e-01,1.622111042541740655e-01,5.891085338971411289e-01,3.224385993487721147e-01,7.800945962140002354e-01,7.393179416172950269e-01,2.752176433280758006e-01,7.563051750875142698e-01,5.607610266194628101e-01,8.198757630654830431e-01,5.215271349917443011e-01,6.034291587005946589e-01,7.545024575769425645e-01,7.476308882442713744e-01,6.301306346746758935e-01,6.987921762379248891e-01,7.935793469946963441e-01,8.101414056650926288e-01,7.258823250967270102e-01,6.245643314300046711e-01,2.165154362682507050e-01,9.935248121464345106e-01,9.308763324413465989e-01,8.169434318828119324e-01,3.383665100817860316e-01,2.358120876815855416e-01,5.840192888628918944e-01,4.635615275027526461e-01,8.811127675767175260e-01,6.527358414601749370e-01,5.608835910915759282e-01,5.850054093262326838e-01,9.608521509391270143e-01,7.125077890657786073e-01,7.878760650506505536e-01,6.898605195427117698e-01,5.677722334785586522e-01
8.447615484884767323e-01,7.607676994248142588e-01,0.000000000000000000e+00,9.217753472726726294e-01,9.116057941686755983e-01,2.761453411014712644e-01,9.125029234713906146e-01,8.903932020313608531e-01,7.610224261527297474e-01,8.158380641816798118e-01,9.018273229515648692e-01,5.910803425426727209e-01,8.182992438338579921e-01,7.314937413738272776e-01,8.966285598335378415e-01,4.011020713775172997e-01,7.191839580210751537e-01,6.698762666237182417e-01,6.811003165529574410e-01,9.142805508994489294e-01,7.736514491753628819e-01,9.830293693584040149e-01,9.578118549194970521e-01,2.785990231130264227e-01,9.394358565730180910e-01,5.905385085963308356e-01,4.670123862253683922e-01,8.101613327502633632e-01,2.518330817595751392e-01,7.451112603288743141e-01,3.338375930822459065e-02,6.816832408981797764e-01,9.360979185970406125e-01,8.072903198411712777e-01,6.186488005778526533e-01,5.969397923363526370e-01,7.669945285629076875e-03,9.497099092496029682e-01,3.436968099840952418e-01,8.746969049496595705e-01,4.358459818172600864e-01,7.780397127973756044e-01,8.345473746016538463e-01,9.155505368491040352e-01,9.588924855735058150e-01,9.306889661682649084e-01,8.063637515201798056e-01,9.019852243514724366e-01,7.371045409310794660e-01,5.545543667184830161e-01,9.294960390859146049e-01,9.368203171079010350e-01,2.966162677245685608e-01,8.157147352598177470e-01,9.912731948064190668e-01,9.669097202909479050e-01,6.371227111454580427e-01,5.621232569471766860e-01,8.660613402397946414e-01,2.269402908944526398e-01,7.949064856325265271e-01,7.542225245025448999e-01,6.374016138954428090e-01,9.970514499884151061e-01,9.104499087865485230e-01,9.883825847026983524e-02,6.731387006207736334e-01,5.980079519821890344e-01,8.372423410046802017e-01,6.158917768726432929e-01,4.341283274092221367e-01,9.823997358816675129e-01,3.699565821507443397e-01,2.777368605267208634e-01,6.172067399987171132e-01,7.309449992951573272e-01,9.887316058460595691e-01,8.213000160735922650e-01,5.350451035544163680e-01,3.396741502802693713e-01,5.949971811317985582e-01,6.682260662133570062e-01,7.242598147288341615e-01,9.970046540250762090e-01,7.088704346337335593e-01
5.372490000636624963e-01,5.424967368977859916e-01,9.217753472726726294e-01,0.000000000000000000e+00,7.263204883465803618e-01,9.072379461218370578e-01,5.575700421902247683e-01,6.906576248006685015e-01,9.324492841785358976e-01,8.226158533024537922e-01,9.615243381507390108e-01,9.733782777051793733e-01,7.602488264136735285e-01,6.449026577117159542e-01,7.550921316291666630e-01,7.144593897828224183e-01,8.888782660132473756e-01,4.221842828273262294e-01,9.493121364452596911e-01,3.482346033812533381e-01,9.476376395491534765e-01,4.766692608079192706e-01,6.675555264094156227e-01,7.062087213820822384e-01,7.442601541343418781e-01,9.619051563577780684e-01,6.828311631732787435e-01,6.222098429677966891e-01,8.785963862703072280e-01,6.092900805411904930e-01,5.412837394754058118e-02,6.419918642718969171e-01,8.586347133750283911e-01,8.757147262095452689e-01,9.256208838056132482e-01,8.561090931680070959e-01,1.278664141971639634e-01,4.861243668852838762e-01,9.189682457785297576e-01,4.754164698307387638e-01,4.165284033133794805e-01,9.167430619734934227e-01,1.293078231202861306e-01,3.925924533272450168e-01,9.155827401972004287e-01,8.668968187305340356e-01,5.333616141958228418e-01,8.687089633874474082e-01,9.533470672309887206e-01,9.045864228893107928e-01,5.851952028793705463e-01,8.945100759062653006e-01,9.397691502139350339e-01,8.420005333798779024e-01,7.002048030641846443e-01,8.573717645825826850e-01,9.199970415662689360e-01,7.314440157660639930e-01,6.583161270530816234e-01,5.084678510329796453e-01,7.227633080165450918e-01,5.554865987421546691e-01,5.836244352063393315e-01,6.665855974495694669e-01,4.084375595197364817e-01,8.912969495315062884e-01,6.769265530245298645e-01,6.927303630972615478e-01,7.956390530214119128e-01,5.427602375003695023e-01,7.883442347466869116e-01,5.541900449932815054e-01,5.720419263122631381e-01,2.593867039502958383e-01,4.973027847892655395e-01,8.728283678076632635e-01,5.044961256112227010e-01,5.257865542131554548e-01,5.477285799893014673e-01,5.940191723255940914e-01,7.345287104986027993e-01,8.216415528243998789e-01,3.744622158667044731e-01,7.933623204751540925e-01,4.826222360726952765e-01
7.662980809462971443e-01,9.984143405108752978e-01,9.116057941686755983e-01,7.263204883465803618e-01,0.000000000000000000e+00,6.620791350232076988e-01,6.290303633462103194e-01,7.684320737229516363e-01,4.612701926864254398e-01,4.522863125826040442e-01,7.208821411928739709e-01,4.674966809920547695e-01,7.958010246725069070e-01,9.921305207744310906e-01,7.871527849680196587e-01,4.765634072713460789e-02,9.768373351378244474e-01,7.463884188152886123e-01,8.682080997684669121e-01,9.131859913239710469e-01,8.897288928721198698e-01,2.340315873657544676e-01,5.283931827952295102e-01,8.188934016631373991e-01,3.815402621957504348e-01,8.783035816868938195e-01,9.541375263694154008e-01,7.316879956298842913e-01,2.882606051347029741e-01,6.549387835142617131e-01,5.235533250758048762e-01,9.195981945515203648e-01,3.000979879234435543e-01,4.227119681824159647e-01,8.952593321001587334e-01,1.516709072205923992e-02,2.940094584650847498e-01,1.565592037420046045e-01,9.553449632317283502e-01,9.023011053217659949e-01,7.232633738458258410e-01,7.291812667728210240e-01,9.394662631705229527e-01,4.280862234971173352e-01,9.438545385900475315e-01,9.733530991210540551e-01,7.058299491129177428e-01,6.956537205056692041e-01,2.293126454555044769e-01,3.506333809190450568e-01,4.488128380597871669e-01,8.770814335014018859e-01,7.238257214278335239e-01,9.117036477486882839e-01,6.574082374710645826e-01,6.727684909026544480e-01,5.468950255344134925e-01,7.792833241490830787e-01,7.267766347467073951e-01,6.675356202385669402e-01,2.671605441874456144e-01,8.600671901105647610e-01,7.081432592665032333e-01,8.430086621366734700e-01,6.087033598206081919e-01,7.496217588107200180e-01,7.092647140785252047e-01,8.199944152739232495e-01,5.301477650122818908e-01,2.668645369284873836e-01,7.466631536941190639e-01,7.005339652008668594e-01,6.984991452897327813e-01,5.532348323718057070e-01,6.214241951374499529e-01,9.347063282856155064e-01,5.525243127488246309e-01,4.391587775809311367e-01,-5.396429875319402880e-02,6.899648066797393620e-01,9.147515893347275551e-01,9.311348256537264056e-01,6.610128493589191301e-01,6.912134686254880478e-01,4.288236948557407335e-01
9.972500133669751632e-01,7.104997222543697477e-01,2.761453411014712644e-01,9.072379461218370578e-01,6.620791350232076988e-01,0.000000000000000000e+00,7.168308214263088285e-01,5.332026202346238364e-01,8.962515623663092068e-01,7.041574270320735129e-01,4.556427853884265078e-01,6.330156482535304052e-01,6.422189340480526365e-01,2.743310221996941856e-01,7.353086854567956188e-01,3.020790571946815883e-01,8.672695727439874158e-01,7.844708165774760822e-01,8.365049215901471102e-01,9.273449629753601764e-01,9.636178599040595705e-01,2.000608385593571070e-01,8.742600697654435704e-01,7.709724813718120684e-01,7.827610829381037583e-01,3.520425907476587568e-01,6.384372178607576886e-01,7.227905172374124998e-01,4.561025347041720579e-01,7.522733888656920609e-01,5.432420737085399409e-01,7.928064932122148578e-01,9.292162670215818876e-01,8.078104033890927127e-01,8.554256311273076285e-01,4.936468249830562316e-01,5.118291343080964007e-01,8.731494799745985746e-01,5.875766947720445499e-01,7.413033059099287669e-01,6.438564914829194574e-01,4.144498789694492924e-01,8.420878223134398155e-01,9.267402436043019609e-01,9.923572427945239749e-01,9.222492603228753527e-01,9.508612944127635691e-01,5.524695239251264933e-01,6.757922619714690216e-01,7.092916850637116521e-01,6.876679105014479321e-01,6.394571154965997817e-01,8.012628957619573056e-01,9.885673446187404068e-01,9.719438174310518486e-01,5.725328279869118520e-01,9.055633464182915038e-01,7.035046961085976713e-01,8.096613424533253278e-01,3.191511168399543408e-01,6.990794332885418294e-01,6.779933622667635440e-01,9.326923323213645034e-01,7.831445592199143269e-01,8.897668651098415982e-01,4.887194545855268468e-01,9.310587002702849224e-01,8.458185594004725694e-01,7.008892683979813798e-01,7.210313888085383427e-01,4.074394042195146892e-01,8.504610475077793996e-01,7.207195511443658109e-01,4.366342935329448061e-01,6.856550717227533065e-01,-9.338120598982214970e-02,6.507140251110127283e-01,7.116249618949322953e-01,5.810871939558062138e-01,3.174533399042977488e-01,4.467301930358636985e-01,8.240877410550950799e-01,9.161478376837312032e-01,7.167331179967101340e-01,7.128641820347115798e-01
8.407809918724441500e-01,4.771655586504529034e-01,9.125029234713906146e-01,5.575700421902247683e-01,6.290303633462103194e-01,7.168308214263088285e-01,0.000000000000000000e+00,2.130805815259166069e-01,7.490651601183723196e-01,4.779656946033434828e-01,5.117072031400623500e-01,7.937650370628007712e-01,2.531869569529826558e-01,3.591517035292897120e-01,7.594144920728538306e-01,6.998369878451531356e-01,8.534462582665141017e-01,4.913087711420709436e-01,5.752882922835310664e-01,8.600399510417899851e-01,8.840109549163942537e-01,6.319286035124731526e-01,7.694138447321368091e-01,8.937938994094648537e-01,4.714186290490209319e-01,6.483544125455530382e-01,4.367371864012761784e-01,7.307344679719154357e-01,7.229785170634731584e-01,4.601611209827133897e-01,4.600680980689933475e-01,3.506265877218909810e-01,7.642359436871883904e-01,-1.002602218161297021e-02,5.673070831999402763e-01,2.924630818122549436e-01,6.296075891166905691e-01,7.833012981786340312e-01,8.142229706025656544e-01,6.603239765200579203e-01,5.635056266962963356e-01,7.411149246497040766e-01,5.341786173644385016e-01,4.598754208170844904e-01,8.178082376347844962e-01,6.113084879022756546e-01,4.618654539709106110e-01,7.697265012532699124e-01,6.266389703603167938e-01,6.840718843780611014e-01,3.909955648070401191e-01,8.925778586838798434e-01,5.053046512490619868e-01,7.535935443472676631e-01,9.726320944323594286e-01,3.464485386840213121e-01,-1.195877714733473152e-02,6.119279563436355041e-01,7.983940536938342047e-01,5.053380948898688052e-01,6.362803470868098055e-01,9.882149914952718106e-01,7.413305470953448495e-01,6.767573470568954974e-01,9.171831334269886504e-01,9.698860997569488385e-01,1.618306224222132994e-01,8.455794309252889773e-01,4.229859855112617084e-01,3.771587549152887187e-01,2.905859118951981124e-01,5.295590000487133686e-01,1.089856977850093139e-01,5.430762635545574035e-01,7.554038889875949181e-01,4.547059136349388964e-01,2.259687677990923627e-01,2.750115211626598666e-01,5.730711156986696420e-01,4.565543170754532420e-01,1.570615753817498073e-01,8.902129362368532695e-01,6.838740757350115773e-01,4.824869366935696791e-01,6.628773432848892311e-01
9.060911225902975596e-01,3.344077203680928534e-01,8.903932020313608531e-01,6.906576248006685015e-01,7.684320737229516363e-01,5.332026202346238364e-01,2.130805815259166069e-01,0.000000000000000000e+00,9.512107475490034769e-01,8.457479214887679841e-01,4.830336653546570269e-01,7.594233438944226755e-01,9.364092462313919896e-01,5.600205520290767458e-01,4.146369694644845838e-01,7.275517290148704186e-01,4.144689620634806615e-01,9.391663638837441930e-01,6.592399625009668362e-01,3.023190084442730075e-01,8.799117712386248513e-01,9.244408469115652505e-01,7.195484182926016326e-01,6.753040149082003563e-01,4.578825602111573079e-01,2.960495916335930677e-01,7.145574166204302635e-01,6.424203376278837530e-01,1.516718245886286565e-01,6.256719866169103694e-01,5.291529307435314383e-02,8.196532129670804079e-02,6.970048754863410467e-01,9.257300023743613160e-01,7.318812099650613412e-01,3.043208128023373038e-01,3.483396794195849910e-01,4.491936023287768087e-01,-8.200438383364877515e-02,7.340872495572845491e-01,4.509357153352439029e-01,7.807274621466560038e-01,6.262376101604580914e-01,2.758907065940079950e-01,8.859200693472335519e-01,6.318106711240873974e-01,9.677979257962865400e-01,9.610184591048411828e-01,4.667057314639178056e-01,6.860587967510648477e-01,7.501963931732102964e-01,4.809292906851202476e-01,6.327291866004157717e-01,8.811140872803120416e-01,5.200135019419731552e-01,4.473193423881646758e-01,6.107047268912619842e-01,7.231928847505069147e-01,3.179314597998024183e-01,8.307386647461769691e-01,5.270865001164327657e-01,5.336474582640060582e-01,7.153805159203546760e-01,9.951437395411504294e-01,9.588074506874773029e-01,6.761529314904637378e-01,6.111515576021381291e-01,8.090369123720502209e-01,7.592039243375339197e-01,-1.734263758604940031e-01,7.831509783431174210e-01,9.327024017839167236e-01,6.047130720049656016e-01,7.351320115744796047e-01,6.969628377681755804e-01,9.964407884577201058e-01,6.142289217548103641e-01,4.519941765404402179e-01,2.781012230861101275e-01,5.138139408301303224e-01,7.426571998828660481e-01,3.130352438428953277e-01,9.641778491709276366e-01,9.328588841451254110e-01,6.230438586856075212e-01
9.606154854927996256e-01,7.621700752486570973e-01,7.610224261527297474e-01,9.324492841785358976e-01,4.612701926864254398e-01,8.962515623663092068e-01,7.490651601183723196e-01,9.512107475490034769e-01,0.000000000000000000e+00,9.892576150643561661e-01,4.180947758281025051e-01,8.420024862366773943e-01,8.331150872895169979e-01,7.425231242732752701e-01,3.891851388775720011e-01,3.837646231826865595e-01,3.567503928891473386e-01,2.424088105335471810e-01,6.397222187920452718e-01,9.072183139447113076e-01,4.319584118609817169e-01,4.486229306878875556e-01,9.360422840555874258e-01,7.794409249024706332e-01,5.292989886486630935e-01,7.836648535907567714e-01,9.948841207095200367e-01,6.358753312037188632e-01,3.362742947671414351e-01,8.026622500134373839e-01,7.880040772776362168e-01,3.548436633341865015e-02,-1.718796416257785398e-01,7.055337519019104775e-01,4.908163583662509266e-01,3.235088430165750095e-01,6.545827070734895337e-01,7.982281329790397173e-01,9.496936326532879891e-01,9.133896972866799580e-01,7.185323531067489000e-03,6.700900922054051634e-01,7.566907146802034356e-01,4.403016715981643570e-01,6.340603805911896318e-01,7.683607675996892983e-01,9.534469261666957962e-01,6.782774256278927272e-01,4.287992753848350880e-01,8.275682283821036433e-01,6.683868291037441400e-01,5.061533542845406686e-01,9.938137556209083456e-01,4.065936361855743697e-01,7.275547626611894581e-01,6.359509921414073785e-01,2.280919655616599762e-01,4.331060787475137785e-01,2.444427937061598444e-01,3.043259587991900550e-01,4.820080919036974221e-01,7.821043707355959107e-01,3.165295303950581562e-01,5.708373991694144500e-01,8.680101055667454046e-01,7.656906664837443977e-01,6.545062724249588459e-01,8.233734669727976740e-02,8.346577776988369779e-01,4.256241679415164181e-01,9.000331047604608337e-01,7.167298826213581719e-01,8.360564694989072732e-02,4.639153137045450848e-01,1.663836332026886189e-01,4.239976480394472280e-01,8.133572267914774834e-01,1.935369718627398816e-01,4.482151260754533850e-01,4.176345582759357078e-01,7.925695303105364520e-01,5.248548507673370667e-01,8.907554996900596267e-01,5.699049321120837064e-01,7.350186026876519563e-01
8.998479873539433349e-01,4.333814028151014019e-01,8.158380641816798118e-01,8.226158533024537922e-01,4.522863125826040442e-01,7.041574270320735129e-01,4.779656946033434828e-01,8.457479214887679841e-01,9.892576150643561661e-01,0.000000000000000000e+00,6.153585965174981354e-01,5.408295789933431630e-01,6.507974246823763353e-01,5.194923553957523366e-01,7.257209404199445046e-01,-1.345811241927373503e-01,8.009440016164083298e-01,6.368018687656697985e-01,9.196702725191127081e-01,7.098085143556681631e-01,9.527278065244874083e-01,1.585611846753168797e-01,9.550640739546204516e-01,6.975844983017027712e-01,8.196630795085995125e-01,8.998037405154063473e-01,5.367650569454709419e-01,6.246651202683368709e-01,4.794145312245947088e-01,7.329439756514102289e-01,2.862064116304301534e-02,7.805979498724308074e-01,3.660528812770924567e-01,8.874685871153006334e-01,7.410593790706039297e-01,4.605259339459935597e-01,-4.627871558968643662e-02,5.368063490337711130e-01,6.678780335476498520e-01,8.752152770679049176e-01,4.111335064269913131e-01,6.418407369803996732e-01,8.972238850100505703e-01,5.463534955611463184e-01,9.910094151509970528e-01,7.910897466792927712e-01,6.262451998883452609e-01,8.733775609007872198e-01,6.086798098836005977e-01,6.643174014752828427e-01,7.822260963730033323e-01,7.146743637509284097e-01,7.672714083834951682e-01,5.823416192974156802e-01,7.106033086481754468e-01,5.869240942592598431e-01,6.604569448216589533e-01,9.941411048280398566e-01,8.787878199960528214e-01,2.438533396878564685e-01,9.123299449710324804e-01,5.185524738026827674e-01,7.003710003902821057e-01,4.940729240745259099e-01,7.198355034002992259e-01,8.873118526186553057e-01,7.644020608025303698e-01,8.015796670642195698e-01,7.754972548563872081e-01,6.983978271683075612e-01,8.103847922118581071e-01,4.866351358187486209e-01,6.980081327612877029e-01,5.942703823697053078e-01,7.298157384672607773e-01,5.356414869230891052e-01,8.706375113004605204e-01,5.866306985078851843e-01,4.960538406408178114e-01,2.959007336161561530e-01,5.082447024934997337e-01,9.199412774378799007e-01,6.909980829806181557e-01,6.337156948354929487e-01,5.771356184440331605e-01
8.015751901153206349e-01,8.895793783784934350e-01,9.018273229515648692e-01,9.615243381507390108e-01,7.208821411928739709e-01,4.556427853884265078e-01,5.117072031400623500e-01,4.830336653546570269e-01,4.180947758281025051e-01,6.153585965174981354e-01,0.000000000000000000e+00,9.310062480510371552e-01,9.069050957417491565e-01,7.048072181404229086e-01,6.595294121195426351e-01,3.666414431237738913e-01,7.962273015418013244e-01,6.647138569343873371e-01,6.831230504082298483e-01,9.701223050322720365e-01,6.064242286176206864e-01,4.183113748710205471e-01,8.295075997963676784e-01,8.530731370483376486e-01,7.325038134191325101e-01,3.389904899964587548e-01,7.371380245764014294e-01,2.952912801444786406e-01,1.544213189650525120e-01,7.934944845345028863e-01,2.032909174008333264e-01,7.721917906604928161e-01,6.304830160608977385e-01,8.464608823734846021e-01,2.001505058542216164e-01,1.073319064455158095e-01,6.933069155371570647e-01,7.816662624344581367e-01,4.340744964775004044e-01,5.565687159815593255e-01,2.936383394966695093e-01,7.059460431774743361e-01,9.129986773330553973e-01,8.928268991158019308e-01,8.217548771073159841e-01,9.825966976872999581e-01,5.282476420183803700e-01,6.759652580774596631e-01,7.492880343713412827e-01,5.639016929358153796e-01,8.232272857866148597e-01,5.717554412938899988e-01,4.699812295786903182e-01,2.598205483826062645e-01,2.603097140446234414e-01,8.570459614941540183e-01,7.839972626650668630e-01,1.366230534532414109e-01,-1.124951523045398805e-01,9.989584636208093116e-01,7.092330417032608469e-01,2.294089685167959858e-01,2.346238492837114387e-01,7.782611143000058851e-01,7.553277475843949151e-01,9.547001765732699985e-01,8.918013311466580495e-01,9.665891134174697807e-01,5.584995135564903013e-01,5.020729787952635803e-01,8.905242360327000339e-01,6.905000593687721233e-01,4.156897149498141042e-01,2.724420161415291863e-01,8.672503645837592590e-01,6.583258189822616124e-01,7.911976747161566514e-01,6.096134941226268866e-01,4.637383136340393341e-01,3.667585838588456881e-01,5.766527682449320569e-01,9.945189805350048706e-01,2.355259215875237511e-01,7.975785030896871408e-01,4.719364891157500908e-01
4.469698750531112541e-01,8.967824378979399880e-01,5.910803425426727209e-01,9.733782777051793733e-01,4.674966809920547695e-01,6.330156482535304052e-01,7.937650370628007712e-01,7.594233438944226755e-01,8.420024862366773943e-01,5.408295789933431630e-01,9.310062480510371552e-01,0.000000000000000000e+00,9.417472318424924271e-01,5.437491816512368681e-01,7.349198412469314379e-01,6.719066015293705396e-01,9.554036856692424973e-01,8.125733837306667873e-01,5.132751274950281273e-01,7.399172675225649254e-01,4.784444771662089702e-01,9.483515143212660758e-01,7.099496201733471734e-01,8.742869004718348824e-01,5.504153266791187438e-01,8.996677814524125516e-01,8.506829643908834226e-01,2.500104748290410406e-01,7.387476322381406613e-01,1.939531918145752654e-01,4.820794944306827090e-01,4.533493199826714171e-01,9.382813271594375726e-01,8.094762905950200205e-01,4.777979423468740605e-01,3.997084964802807838e-01,3.184354637072680516e-01,6.292795462278834018e-01,8.342240415079404947e-01,8.369912286526222100e-01,4.251409581416948358e-01,8.602843286299353132e-01,5.488831939785523417e-01,2.113369419224347123e-01,9.671315580886177266e-01,9.783567937916524127e-01,6.829977400065964099e-01,9.055891866679822710e-01,4.978290083065013416e-01,6.985312905206116918e-01,6.144092616879471835e-01,5.279301174169495070e-01,6.827584947170927121e-01,5.614790287571095329e-01,7.273607074228013447e-01,7.639991143849957922e-01,1.551775646144962773e-01,4.021465067407642979e-01,6.038235868119683492e-01,4.138978546041308104e-01,2.579133314960620205e-02,5.777768767256681315e-01,9.038027735724606382e-01,6.535455166708158403e-01,6.746614186640664812e-01,7.145079087031660503e-01,2.174933799282147417e-01,8.175767093691722609e-01,8.612633389892245805e-01,9.207058673972952079e-01,4.655432941430349691e-01,6.463442840934180422e-01,5.233770684931881023e-01,4.252022477625084784e-01,4.488623601421684595e-01,5.978406126666548914e-01,5.219161937233066650e-01,4.524441526056124929e-01,2.876931106591131826e-01,3.419408578226203477e-01,5.544734748957278470e-01,7.860496251075130836e-01,9.268490779940277147e-01,4.861580856116844984e-01,4.351656175071478838e-01
8.298995573882961274e-01,-7.596064491029332066e-02,8.182992438338579921e-01,7.602488264136735285e-01,7.958010246725069070e-01,6.422189340480526365e-01,2.531869569529826558e-01,9.364092462313919896e-01,8.331150872895169979e-01,6.507974246823763353e-01,9.069050957417491565e-01,9.417472318424924271e-01,0.000000000000000000e+00,1.665470585565520245e-01,8.027980147092333985e-01,4.857815766368798749e-01,6.443373584066988125e-01,8.450194702234503641e-01,9.161198170643732874e-01,8.987726577961855368e-01,9.188212411609196772e-01,9.620531982390692072e-01,6.388416312476485892e-01,6.288145985817052974e-01,6.278229503417579460e-01,6.628205838780538706e-01,6.138487539544521532e-01,7.711497338109112309e-01,4.435024602444651021e-01,3.488806303796776476e-01,5.533454020917170091e-01,4.310513932792234826e-01,7.790929157805044358e-01,8.626040082611370341e-01,6.756961883698812121e-01,7.101949819486758075e-01,8.881770004044916567e-01,9.951382554266374747e-01,8.000222930133500387e-01,9.880583757611554052e-01,4.707654170461338383e-01,9.931683014265774156e-01,6.526624351359749943e-01,8.776710469516426638e-01,8.768575252686650057e-01,2.948835477897195911e-01,4.327442907892814494e-01,8.925972627691588501e-01,5.403579217043346095e-01,9.610925839536001991e-01,9.242421619329591609e-01,5.947322475673993969e-01,7.561853161951717084e-01,7.270973029564934409e-01,6.541055320685177366e-01,7.389007433397749569e-01,2.741348839045539276e-01,8.918100845714527214e-01,8.642941596354001277e-01,7.341795531808485709e-02,7.582631058656400524e-01,3.632583759803885703e-01,8.655222981128349868e-01,9.820406055127562928e-01,5.728817239242716131e-01,9.954915504294878925e-01,8.302572131786251086e-01,6.923334624788052283e-01,3.837372540983936819e-02,6.925253792525730701e-01,9.496030843195022442e-01,7.934555586622178414e-01,3.859993130607416445e-01,5.560927876564236705e-01,6.563676854777986680e-01,6.722902098648009250e-02,9.778343814417560509e-01,7.184883341561157932e-01,7.751420508925371822e-01,3.697153711546620203e-01,3.365618625865862690e-02,8.718858181022781650e-01,6.579994460975495674e-01,4.484373252896042272e-01,5.505024683927850493e-01
8.365050613567693860e-01,2.397469658004035553e-01,7.314937413738272776e-01,6.449026577117159542e-01,9.921305207744310906e-01,2.743310221996941856e-01,3.591517035292897120e-01,5.600205520290767458e-01,7.425231242732752701e-01,5.194923553957523366e-01,7.048072181404229086e-01,5.437491816512368681e-01,1.665470585565520245e-01,0.000000000000000000e+00,4.623526046772545861e-01,7.097621867561489939e-01,6.352128885818161264e-01,5.604698548680864256e-01,8.348239533750153596e-01,8.722933465244971929e-01,9.990271020377603506e-01,4.674071862058459814e-01,4.425985089208497869e-01,9.044566174735030328e-01,7.000855534615026965e-01,8.436897914202379223e-01,6.456343551868037878e-01,8.706633936885147529e-01,4.908334941190080070e-01,7.402775139940929172e-01,7.112863948692240701e-01,7.990637692234425771e-01,6.380194882424491398e-01,2.180984176302445676e-01,6.662739369154766500e-01,2.289358325135443795e-01,3.913661967346986348e-01,2.397574608312234845e-01,8.838893968357870445e-01,6.879505208931934179e-01,5.644281149958723098e-01,7.411135602936732569e-01,4.988689799150581861e-01,1.172415713594495562e-01,9.429001750662640013e-01,9.895134709261115269e-01,7.617127037293359715e-01,6.278920165756967098e-01,4.290065861044861650e-01,8.453563131972600120e-01,4.989907182406171371e-01,6.404314456980653159e-01,7.281867201649203647e-01,6.819624506745909365e-01,7.933433915462638764e-01,7.843810070615503394e-01,7.402062290138361478e-01,8.285830303551366960e-01,7.353994046633088866e-01,1.713357902886969153e-01,3.330150412064584176e-01,7.194086081527726328e-01,5.054276669718161807e-01,5.127963886388322567e-01,8.510857006198673247e-01,7.357671833756505020e-01,7.978827502650445158e-01,4.942540109512104651e-01,1.584855977678242267e-01,9.748595009321777694e-01,7.910961890965428900e-01,4.423032015631782055e-01,5.255532044206088216e-01,4.014241209709178415e-01,6.095609543486961712e-01,9.184071398500676109e-01,6.081041406729129628e-01,5.067845210534358547e-01,7.501370645157487971e-01,3.164095495967856331e-01,3.207969976125412681e-01,8.362838589566981007e-01,6.419734312006776245e-01,1.455306957874988871e-01,9.546140849612096968e-01
5.999315175658770372e-01,6.211356896756865531e-01,8.966285598335378415e-01,7.550921316291666630e-01,7.871527849680196587e-01,7.353086854567956188e-01,7.594144920728538306e-01,4.146369694644845838e-01,3.891851388775720011e-01,7.257209404199445046e-01,6.595294121195426351e-01,7.349198412469314379e-01,8.027980147092333985e-01,4.623526046772545861e-01,0.000000000000000000e+00,6.723182342976268266e-01,9.502864729329263405e-01,4.533740236154871206e-01,7.621682185112741426e-01,6.811066573443896877e-01,8.856307619973142753e-01,7.129094792271741809e-01,4.098644354918280497e-01,8.592830875526986656e-01,1.365689611361512457e-01,9.453121768954536597e-01,6.528232183567912461e-01,7.884820778220390514e-01,3.187969096813085823e-01,4.731564834653854135e-01,-1.348564600018841708e-01,7.318188382795413061e-01,7.505514852919603630e-01,9.772298083425066118e-01,5.130261203185508823e-01,5.839966114525285690e-01,7.598502790515161420e-01,4.961215045038577243e-01,8.170745233638697647e-01,9.321199058332901854e-01,4.125791634997090784e-01,8.407302052183744934e-01,7.248087486042946725e-01,4.073546713632740790e-01,8.355711656270550236e-01,9.477697662686417335e-01,1.977978410329299663e-01,9.294578149066661243e-01,8.979206973308692108e-01,8.605055388391623650e-01,1.649557569200318097e-01,4.320415037690885640e-01,8.710106861045380233e-01,2.621088714839790029e-02,8.684310825715705340e-01,9.815418370539725768e-01,6.610585959670034484e-01,1.062709355645742870e-01,6.270622947315789286e-01,6.697121736032868311e-01,3.318578124828628489e-02,9.612870851048095355e-01,4.751035415938013595e-01,8.407708271958693746e-01,6.707455951914307324e-01,5.296784345076478440e-01,9.143957367427253402e-01,9.723362512899266230e-01,4.138839887775963011e-01,7.907349111252693907e-01,9.504615329401168156e-01,8.749422731046245794e-01,2.498394438141899321e-01,5.586518504496560400e-01,3.142470414453221172e-01,4.414732771824271262e-01,8.122733214298812898e-01,7.322723430333273331e-01,5.154748547410389348e-01,3.097907978478248725e-01,7.219803245070876008e-01,9.141597843436340964e-01,6.856494757082025604e-01,6.860025034474310779e-01,2.399191433818876062e-01
5.145702465282985250e-01,1.610198905561566474e-01,4.011020713775172997e-01,7.144593897828224183e-01,4.765634072713460789e-02,3.020790571946815883e-01,6.998369878451531356e-01,7.275517290148704186e-01,3.837646231826865595e-01,-1.345811241927373503e-01,3.666414431237738913e-01,6.719066015293705396e-01,4.857815766368798749e-01,7.097621867561489939e-01,6.723182342976268266e-01,0.000000000000000000e+00,7.197374786205685826e-01,7.768749656936837500e-01,9.320458985703232724e-01,8.180468866778587422e-01,8.401481647220478965e-01,8.395818445866873869e-01,5.513525215632288923e-01,9.985093676192005052e-01,6.893432468648470479e-01,8.835792173165066821e-01,7.917790390354586538e-01,5.135487253197068558e-01,7.659618860534040952e-01,4.172095473591732606e-01,5.198924599082491715e-01,7.407542067273952258e-01,9.656402227805604976e-01,6.110105816084613339e-01,1.793319896358881449e-01,2.118706165072814229e-01,4.282754796925715701e-01,5.816780132203893672e-01,9.154978276406697812e-01,6.154050194883222691e-01,7.383325428800390222e-01,7.724750723109724548e-01,6.577579146833418822e-01,7.004677183040166621e-01,7.680396208696604887e-01,6.026208974442911481e-01,9.445383749146416541e-01,6.395560943790195019e-01,6.810313906674262396e-01,7.413686908936731879e-01,5.904190613742440474e-01,5.282024728425017690e-01,9.172095584003341351e-01,3.419044180736801053e-01,6.581797253093981670e-01,6.429820236187299143e-01,5.530728299441085571e-01,5.626908247192099477e-01,6.791624514059292350e-01,5.991281198216993342e-01,7.212959549522663938e-01,4.973390429325860174e-01,8.824228601078316636e-01,9.902096495508143636e-01,3.762280737082940307e-01,9.474515898815051296e-01,4.264877098759888296e-01,7.629736865736835849e-01,6.849813099848397480e-01,7.576977252738754665e-01,8.211026291961764922e-01,8.858207908938878772e-01,2.587392706349797566e-01,3.936159742720003463e-01,3.483344146577329603e-01,-1.585616067603792256e-01,9.032096841837445877e-01,6.292130982484249735e-01,4.398710060469052108e-01,4.643260443918987290e-01,7.676005620358339332e-01,6.512986860752272289e-01,7.579501520297178274e-01,6.911444584931839552e-01,5.119476309420197824e-01
7.541020551601242961e-01,8.531081236487740860e-01,7.191839580210751537e-01,8.888782660132473756e-01,9.768373351378244474e-01,8.672695727439874158e-01,8.534462582665141017e-01,4.144689620634806615e-01,3.567503928891473386e-01,8.009440016164083298e-01,7.962273015418013244e-01,9.554036856692424973e-01,6.443373584066988125e-01,6.352128885818161264e-01,9.502864729329263405e-01,7.197374786205685826e-01,0.000000000000000000e+00,9.680535503975039591e-01,8.053648643914377292e-01,8.192085542032805368e-01,7.128988121973410808e-01,9.187983331757029193e-01,8.193764039514936925e-01,8.800630575209449358e-01,6.297369354982698120e-01,6.228391294904582765e-01,9.015141903793423284e-01,8.020366785249970487e-01,6.681719035434798837e-01,7.062981475337627435e-01,5.498043650725167319e-01,8.373292090648191133e-01,8.158039361442068760e-01,6.102193892052762969e-01,9.501068049183308828e-01,3.652628384456518829e-01,3.173929122553791338e-01,9.310565085736848268e-01,7.956607296499882409e-01,5.555903971415216969e-01,6.514588680388589959e-01,6.634113410725316351e-01,9.019520206510897031e-01,6.829549091096408509e-01,6.242934904961086051e-01,8.090584753442267019e-01,7.710081919896183411e-01,6.127351848367260656e-01,9.888718963280329621e-01,6.353478183072959196e-01,6.701832408194309254e-01,9.669596618621512096e-01,8.596870624767444236e-01,9.479120080572885909e-01,9.518398592435561856e-01,4.339887881182824536e-01,7.499825003256765932e-01,7.751969347142192435e-01,9.263357178792491764e-01,5.030307891619475447e-01,3.290813404008273158e-01,6.594103209058541637e-01,9.318977316098864261e-01,9.522241620797886608e-01,9.994900433969036158e-01,7.194051686272142643e-01,7.256256912982032015e-01,7.328190699601747626e-01,6.434663836593976782e-01,8.342467861269048379e-01,7.204459971065521051e-01,8.148443393175999194e-01,2.670787209012056018e-01,5.255168193889792061e-01,8.914707075287142679e-01,9.900734671126238950e-01,7.022498552972190611e-01,7.334151330871990782e-01,5.432400977150944055e-01,2.933166469764396656e-01,7.002957304156863794e-01,6.259207551774903511e-01,4.323392381751968161e-01,7.952924736645504700e-01,5.814674408667773742e-01
8.732699287321280535e-01,7.638264506796578202e-01,6.698762666237182417e-01,4.221842828273262294e-01,7.463884188152886123e-01,7.844708165774760822e-01,4.913087711420709436e-01,9.391663638837441930e-01,2.424088105335471810e-01,6.368018687656697985e-01,6.647138569343873371e-01,8.125733837306667873e-01,8.450194702234503641e-01,5.604698548680864256e-01,4.533740236154871206e-01,7.768749656936837500e-01,9.680535503975039591e-01,0.000000000000000000e+00,4.375673487417110485e-01,7.943768694728616797e-01,6.749565566226592983e-01,9.197138637025180641e-01,4.920992095097250218e-01,4.712680295221756133e-01,2.499627301706624505e-01,9.184973169263360715e-01,9.238006233625647434e-01,5.323374910565281670e-01,6.764743487613796014e-02,5.566338823440712957e-01,7.638437537746165518e-01,4.996192131772108080e-01,8.710262089204052760e-01,6.351746177162829188e-01,9.770083442171098032e-01,4.087797990479408172e-01,4.022287401595271428e-01,5.321783949411276193e-01,8.756968898566503956e-01,6.632829803842703598e-01,6.200283405365608624e-01,7.319153027890297203e-01,8.043620526729446940e-01,7.955194179348679118e-01,2.869624287713000155e-01,3.391159800846399452e-01,6.879218267925103492e-01,4.043422029306035781e-01,7.196593004516150804e-01,6.680231009815228438e-01,8.379080675653751697e-01,5.152386296992728099e-01,9.740801446678926112e-01,5.439152048562370112e-01,9.489713945383727589e-01,2.899711658144937254e-01,8.649115533773721332e-01,4.827016801147453462e-01,9.877264091578362715e-01,5.644967238241431762e-01,3.356456238417389604e-01,7.942698288843981214e-01,2.063228227313643748e-01,7.437509803688926446e-01,8.334852380408734884e-01,8.174373855203161954e-01,7.891614939685082097e-01,2.737745488783593362e-01,7.454448055774963722e-01,9.595987476560723373e-01,9.436589870681234560e-01,2.004197654161553044e-01,4.578599090526411231e-01,2.524554356859339266e-01,7.472844601653838570e-01,5.237004518486307880e-01,9.681055618228078252e-01,5.499274805148366418e-01,1.460559002864458833e-01,3.149944986530087698e-01,5.298085934766746385e-01,9.539181119853896718e-01,4.621262422471273945e-01,5.681475776492372898e-01,6.322242497273299344e-01
