0.000000000000000000e+00,8.460816440332072919e-01,8.913918292864101423e-01,8.457512080632003659e-01,5.916279737298151264e-01,9.791252082576493709e-01,2.943823677070774858e-01,6.117649919148554494e-01,9.416599079384355697e-01,8.503490334998420330e-01,7.283615664091840358e-01,8.272550773930101853e-01,8.233986598790032918e-01,7.065685332359201709e-01,9.205686063132604291e-01,8.723958800339712827e-01,7.814559005522077051e-01,9.656455905883345459e-01,7.214988467242022807e-01,7.807412991306396099e-01,9.808046520010887948e-01,9.485275595993509778e-01,6.338855073910655280e-01,8.875710177429563252e-01,5.463787788067423490e-01,7.387668968605255460e-01,8.427342179192407468e-01,6.397205089114308407e-01,7.348047881705052076e-01,4.606661460288395959e-01,7.998133468568408011e-01,9.874221477037462558e-01,9.187901843275242397e-01,9.217369987324373071e-01,8.876245190321206957e-01,4.582456294661680918e-01,2.953268619227306102e-01,3.465586187174233834e-01,2.269332580207997219e-01,3.367665358193718678e-02,5.139854143037719814e-01,7.926096637614921114e-01,6.084412030785413261e-01,8.201975274848132269e-01,2.654883745403914252e-01,9.244297174494908731e-01,8.541658401718061899e-01,4.065911673778755953e-01,6.424106074644733155e-01,9.947272693264165300e-01,2.369081674362699119e-01,8.529312742992960494e-01,7.257623937437888140e-01,6.806287711766660919e-01,8.719123202196890077e-01,9.812933007865268786e-01,6.731137267450857387e-01,8.916765082736264336e-01,9.531747165657661336e-01,4.139628056965928837e-01,6.726455692638658723e-01,4.320679503557662837e-01,7.810074831043252175e-01,8.217293551028684861e-01,8.325497384977939008e-01,6.856864709203577268e-01,7.568618038081369459e-01,6.298299473368814683e-01,8.734396729156008732e-01,8.563415726047475252e-01,9.599569808388149772e-01,9.679800592206976306e-01,7.469910027232959937e-01,7.803466493486439504e-01,9.132392430367731739e-01,9.178317691667210454e-01,8.578408241926833711e-01,7.242840599422022407e-01,3.088623858038817005e-01,1.979907419048459460e-01,7.829894831990573678e-01,7.025376666684262084e-01,6.408109052436459230e-01,4.307623187831758349e-01,7.999653965800366251e-01
8.460816440332072919e-01,0.000000000000000000e+00,8.082568254516149242e-01,2.259347316714558906e-01,8.375450630350345094e-01,7.177854014899974766e-01,7.539838278759095624e-01,2.214890471934953253e-01,9.093373258813409743e-01,7.734829464733623539e-01,4.621735650565147457e-01,6.995070074802656190e-01,7.649982592684601013e-01,4.189014471404414186e-01,8.321741658601630176e-01,9.487623424509767922e-01,9.190367450352040501e-01,6.082449936332166018e-01,9.688951830163868850e-01,9.037412391381177690e-01,6.208909419188652912e-01,7.709784201454299435e-01,4.112570003329564794e-01,6.899411079150578052e-01,6.277487517393283145e-01,8.952010957408658154e-01,6.890880133164963839e-01,6.919541975409164714e-01,5.645734773626804870e-01,5.621624119186957591e-01,3.460694095865324282e-02,5.503838859140613993e-01,6.223205286874815556e-01,5.271449619073088622e-01,6.297610191496495480e-01,5.780990031861047429e-01,5.578341653174034853e-01,6.319991399745105154e-01,4.901540868887661606e-01,5.346757239321126010e-01,7.224561656385737329e-01,9.024209360043293771e-01,9.212729242208403946e-01,6.031289307011453715e-01,9.834906785823299691e-01,6.172709334501765843e-01,8.465947207860096135e-01,2.610055907583256340e-01,7.358523567480946825e-01,2.306411554529896046e-01,4.815685906610927547e-01,6.653540510634639027e-01,2.524351358748030960e-01,4.249959562984534922e-01,9.998038133276776485e-01,3.577421545960310922e-01,8.308447569943332445e-01,4.173020414592572003e-01,7.213748776168035226e-01,3.262693603736287473e-01,6.260264365031216194e-01,5.551342430272698802e-01,6.410624201297427938e-01,7.694167286591516719e-01,8.405513871543709437e-01,8.727994390485860343e-01,8.447763812929889315e-01,2.996049878268718936e-01,3.270268119344534874e-01,4.132157949369590910e-01,8.941498087569127451e-01,5.080496876337101675e-01,5.965068192039117978e-01,1.164490767377773239e-01,9.511432913820461188e-01,3.524484608426100563e-01,4.637303815865855272e-01,7.286286443884310016e-01,4.344648504180093629e-01,3.031316313231351978e-01,4.502287936706432236e-01,6.852457713334751954e-01,5.027599629312266005e-01,3.860049352743529782e-01,-1.844448142000685853e-01
8.913918292864101423e-01,8.082568254516149242e-01,0.000000000000000000e+00,9.429558088284235584e-01,9.184383981169532696e-01,9.070402332126775713e-01,6.080440173321975950e-01,9.395494612079118291e-01,8.702454047626101419e-01,8.541852401354863566e-01,8.392261626400743246e-01,9.328983773177260685e-01,8.514550157107908523e-01,9.099915268362442911e-01,9.402089294151700916e-01,5.187817467045856556e-01,9.221160838292097317e-01,5.624823673465710883e-01,5.981488483409951318e-01,8.785037281037539891e-01,9.777949104888793430e-01,6.990952891113926260e-01,4.133754552755141143e-01,9.503018203925248653e-01,1.957145135573714889e-01,9.585817021433954421e-01,8.608430224161728317e-01,9.087908745913024777e-01,4.416881999595761443e-01,3.322319042651600274e-01,7.530655120346213538e-01,5.397913321324274705e-01,4.842470185236519287e-01,9.109487318241726861e-01,6.322691834920711740e-01,4.390331423937502420e-01,4.041337547387120754e-02,8.767796279953445904e-01,5.811284974263128955e-01,8.750787711814294045e-01,5.734383533752359652e-01,8.061268856001662098e-01,9.388455748628474762e-01,9.561962381949781209e-01,8.292532153459764022e-01,8.346334899791640893e-01,8.708724902130087209e-01,6.298265520784180893e-01,9.151310093064681794e-01,8.513970346153729718e-01,7.346743817317288316e-01,8.872365946866141995e-01,9.696603892312972706e-01,9.132078395925390391e-01,8.238090482802267189e-01,9.831878056877708660e-01,9.410956848743530223e-01,8.431105658805652103e-01,8.628211885605424625e-01,7.933825622832685331e-01,7.641090164141639551e-02,-1.472757956689562386e-01,9.652724505475374084e-01,5.424411402163462625e-01,9.666559569065253932e-01,9.823239974221659176e-01,9.482244248026719946e-01,6.115512337595565562e-01,6.741263556152840009e-01,7.962357553252796816e-01,4.974498895825060218e-01,8.075286470605498312e-01,4.117718635167615937e-01,1.815934039070388195e-02,9.474545787252952600e-01,8.306389523797070851e-01,8.755814565305239938e-01,9.025033739801757715e-01,4.679977344984945775e-01,4.874996364019594242e-01,8.548057992940768512e-01,7.850480104129531345e-01,6.137623735183402873e-01,8.133242628990609013e-01,9.973077492767457031e-01
8.457512080632003659e-01,2.259347316714558906e-01,9.429558088284235584e-01,0.000000000000000000e+00,9.665023563936474549e-01,4.318276022917201251e-01,3.993889229641701087e-03,6.063077241403558304e-01,9.997296354423286235e-01,7.962687979614642142e-01,7.628297769693950237e-01,7.168067489964019545e-01,9.565183780692597670e-01,9.617786087929880434e-01,9.381367543850889223e-01,8.319991188278611505e-01,7.089489039579058849e-01,7.387491633057979845e-01,8.373396605945305771e-01,2.916272081424785001e-01,8.123568678098513907e-01,4.026548941364292977e-01,6.703465639391958941e-01,9.390111910035138232e-01,1.756365587079483093e-01,9.453622836860083867e-01,8.791303902046774255e-01,9.200496320861003552e-01,6.636869448643496483e-01,6.688966981873347706e-01,4.873883389190950544e-01,7.512075946937459836e-01,7.487674903426370099e-01,5.173849219356131401e-01,6.999019667861950955e-01,6.512519896203613490e-01,9.378157707502232654e-02,3.300941197404749783e-01,9.603170958047203554e-01,4.154148245240391057e-01,6.365154090412636911e-01,8.575214946526099613e-01,8.810506057938645164e-01,6.025071198328761923e-01,8.084403197555118936e-01,8.166428584941246571e-01,4.937279369983302857e-01,7.690239481306884173e-01,8.360667985674508085e-01,8.926174271624958134e-01,7.926938434650255827e-01,6.936552547468372021e-01,7.221380386616468305e-01,6.863661570834623804e-01,1.040532680180920322e-01,9.300950496805460155e-01,9.330550749520655218e-01,5.620503102229366110e-01,9.363577742767588141e-01,7.595859214443756446e-01,6.395839627812012207e-01,5.242612689472363474e-01,6.850505096338213029e-01,9.263856279696932594e-01,5.852682593433088387e-01,4.187054269082094993e-01,9.138030510723776922e-01,5.688330239826488999e-01,6.604008484933781009e-01,5.179881110731091587e-01,6.440053134689389669e-01,3.030868869989037928e-01,6.521244943127195715e-01,7.985756378552228973e-01,4.059542974372888358e-01,7.802295277784307981e-01,8.295824464636777362e-01,5.943414897539641695e-01,6.697360693216637406e-01,2.983651826838899512e-01,4.943252480480441191e-01,9.461360719267086772e-01,5.695607736213841310e-01,6.400875107090937544e-01,7.606347117031414529e-01
5.916279737298151264e-01,8.375450630350345094e-01,9.184383981169532696e-01,9.665023563936474549e-01,0.000000000000000000e+00,8.404968118360807150e-01,9.510143150256111788e-01,7.203663360972474283e-01,5.987458170634503141e-01,5.283780432434613816e-01,7.658022212694977071e-01,4.703931114592126983e-01,5.456453489128664236e-01,6.956245181235015673e-01,5.692915786452741322e-01,2.478742603192408134e-01,7.488048579668211691e-01,8.384051980411290073e-01,7.190900916617051220e-01,8.282411025177676134e-01,9.140244414821889762e-01,6.074363499750096151e-01,5.979402560679236700e-01,5.296467932388657651e-01,4.518492212870464653e-01,9.207631564354321618e-01,4.500571380758840445e-01,8.175737361526476121e-01,6.625730356839163449e-01,4.171535148439732832e-01,1.814016751837225216e-01,6.370322478714247616e-01,9.038600807479962862e-01,9.606095114971124893e-01,6.694307097943160700e-01,3.903388542672516226e-01,4.343932216565682958e-01,2.488109207042062676e-01,7.688842914664991701e-01,6.885261758913878705e-01,6.563583883077879211e-01,7.346545189980518975e-01,8.535768152451062019e-01,9.188791062767782680e-01,9.065278408195620585e-01,9.871529975803928769e-01,9.682735918135342290e-01,6.099948021748450300e-01,5.614594771035846810e-01,2.535885646278104866e-01,6.124714766343616335e-01,9.193115719178868162e-01,8.024182147287353128e-01,7.701876223875435690e-01,9.901622821913487194e-01,6.580454242431375000e-01,9.496683279119825238e-01,8.155013135691139281e-01,6.231796809411666027e-01,2.865872202692846260e-01,5.788502525978524993e-01,4.606491884183147034e-01,4.579362022437858393e-01,5.685866179490119965e-01,6.724383953324353236e-01,5.040541660167322524e-01,9.417889034683922800e-01,9.834222159155282528e-01,7.083821671455351465e-01,9.733484012363129434e-01,6.223554149452579232e-01,4.685266618142983619e-01,8.217811038845369564e-01,5.217829678602134980e-01,5.468944787841676369e-01,6.092239860330683765e-01,7.700182621041737896e-01,6.279576999452800568e-01,3.346457596805406665e-01,3.751369837867313262e-01,5.212337174161914000e-01,9.870315260575254213e-01,2.100172540135679111e-01,2.827950494122735692e-01,2.152266993352680291e-01
9.791252082576493709e-01,7.177854014899974766e-01,9.070402332126775713e-01,4.318276022917201251e-01,8.404968118360807150e-01,0.000000000000000000e+00,7.617689166954120239e-01,6.982767531332760846e-01,-5.833115467980201641e-02,6.198857259616307180e-01,6.359139579193159308e-01,9.257229212173775368e-01,6.553101257623861198e-01,2.304965846697458187e-01,2.609821316665115187e-01,6.929212472006557322e-01,6.720906876065365632e-01,6.864372754861788328e-01,8.208061441734589847e-01,7.727779694840695157e-01,7.841761715004332833e-01,8.918662053794573774e-01,3.034833257177428911e-01,7.309037182577189373e-01,6.479665959347722382e-01,7.471865015146819111e-01,9.480002098172904956e-01,8.919597948581645674e-01,5.154471048931711374e-01,7.831926384568959065e-01,3.992667398093956432e-01,6.428139948419657745e-01,6.470302361286048853e-01,9.924564432282336757e-01,8.172019968846218063e-01,5.099067283239745452e-01,2.928759331094963336e-01,7.861177436854300815e-01,7.962290970134944246e-01,6.526677187964677884e-01,3.965134463553925404e-01,3.186376366102051105e-01,8.400038626902961436e-01,8.025338080913756444e-01,7.029838428673075290e-01,6.642325145793859242e-01,6.026544213366900049e-01,8.090386435856732339e-01,6.296485327943867061e-01,8.436591772186166072e-01,8.800497520561665343e-01,4.993515607380368815e-01,9.861128330423738486e-01,5.746161104694139654e-01,6.036114940645641580e-01,4.576759137387617082e-01,6.068903733411357138e-01,4.674500246267712655e-01,8.440399076525807454e-01,4.224533139591662989e-01,2.863549158333714706e-01,3.446454732923819320e-01,7.828194148912411832e-01,9.778644300172263382e-01,7.147657667942423076e-01,2.903938151443464788e-01,8.595300574262337845e-01,9.599768688048687659e-01,9.152357301002312928e-01,4.324470137866095465e-01,7.902512486686692483e-01,5.906262125706456256e-01,5.187351822957778635e-01,3.827189292105727669e-01,8.500040675419200387e-01,9.341825529222006486e-01,7.343297010551155246e-01,-1.569468163948564698e-02,5.057968979302343016e-01,3.039092267033430828e-01,3.424765580414346200e-01,8.685243909964361908e-01,8.788090708099730586e-01,1.510794491737824652e-01,5.980381045048073219e-01
2.943823677070774858e-01,7.539838278759095624e-01,6.080440173321975950e-01,3.993889229641701087e-03,9.510143150256111788e-01,7.617689166954120239e-01,0.000000000000000000e+00,7.978340396866785422e-01,-4.373082305288919502e-02,5.714874941369991745e-01,7.559549771853213418e-01,1.269749411202483191e-01,4.414729732880912638e-01,7.097870879285289591e-01,7.341611497140538845e-01,4.024441982865430978e-01,9.420950503159759570e-01,6.459841602354181589e-01,7.946163335509226489e-01,7.472528653139354216e-01,8.259586475745492873e-01,3.001554441039577803e-01,3.408397522329217333e-01,8.593586313323648973e-01,4.172743916197830805e-01,6.206838373178553692e-01,3.256622283030783382e-01,7.437369322988853781e-01,9.890790444800685588e-01,5.710848071859018216e-01,1.000647793480218539e-01,6.607530480182824961e-01,4.751333136052580675e-01,6.590058309777517831e-01,4.208471363374890473e-01,5.685184965480387653e-01,7.108324087404328528e-01,6.127700308564772991e-01,6.384951259431346227e-01,7.588230916189584452e-01,7.690505245376595689e-02,2.652548171928925114e-01,9.898790551574612184e-01,7.484033279487297685e-01,9.890128529001779301e-01,4.589569413783788909e-01,3.864675792322694869e-01,7.715387121480440369e-01,5.629648640480368060e-01,1.121119003335118436e-01,7.997794352002585150e-01,4.642373891049209056e-01,7.861400532043909539e-01,8.558072414516749715e-01,6.662437239794277710e-01,3.452254212408120693e-01,6.691649708529380236e-01,6.856855399125166839e-01,8.339880413790714542e-01,4.867851575671537923e-01,4.158672945058863313e-01,8.403550070128773530e-02,7.313982730005403887e-01,4.626083317605663159e-01,5.929928117009941602e-01,5.000571716179132986e-01,5.178360744082478595e-01,8.644357481347078043e-01,2.779994808463580047e-01,4.972781600614313291e-01,7.145498765013431619e-01,4.770351810671947801e-01,8.100891766364709534e-01,5.957041222109031864e-01,7.267050355076993817e-01,4.128208109121239699e-01,4.618057411776806953e-01,4.329550935417214030e-01,3.668477040306999948e-01,3.363878209342858749e-01,6.239604964022604783e-02,7.300930321694415470e-01,6.640831538850504590e-01,-8.834501566605613976e-02,6.207909945283014430e-01
6.117649919148554494e-01,2.214890471934953253e-01,9.395494612079118291e-01,6.063077241403558304e-01,7.203663360972474283e-01,6.982767531332760846e-01,7.978340396866785422e-01,0.000000000000000000e+00,4.287626259850731425e-01,6.581012301987309021e-01,7.662580237868598099e-01,4.070420189020735324e-01,7.318451759419752900e-01,1.221910830019539221e-02,4.147757881294624749e-01,2.329449068964941083e-01,9.600545715759425391e-01,6.303346156082265672e-01,9.370811634630036302e-01,8.274944066158791411e-01,5.009197201895524421e-01,4.965879732975665428e-01,6.847417254642513829e-01,7.830888817825354398e-01,4.233465577630513010e-01,6.126490226623786811e-02,7.484267371758033249e-01,5.055983147858504889e-01,3.933573964453205285e-01,4.431949249247035816e-01,2.085096217890353154e-01,2.026020280656244121e-01,7.033374866654628077e-01,5.879251262389527666e-01,9.134371271218854060e-01,5.352702516353113893e-01,5.224244170741105808e-01,4.503663716635215863e-02,4.790856062651087099e-01,2.350636216083069607e-01,6.143190969388657718e-01,5.766513164071038755e-01,2.678614462383494543e-01,3.877590144056168864e-01,9.661184762920171920e-01,4.048522675934022597e-01,5.357256614362589930e-01,7.974819864084605747e-01,7.005483398188814270e-01,7.899601772928851462e-01,7.574926667510788469e-01,7.179660653433066475e-01,5.680967939768502006e-01,4.628019665083683010e-01,7.250709952531524394e-01,9.721254455513862469e-01,9.659933995634772952e-01,2.594098503018344992e-01,8.696407175702858261e-01,4.974814356404319571e-01,9.172742313207048470e-01,6.351715663422945468e-01,5.191326872243220425e-01,6.669432984798373543e-01,7.994424335580223584e-01,9.393061923657476386e-01,9.916521456968849790e-01,9.232550243439096027e-01,8.830053928849594946e-01,4.603439681039867004e-01,6.341471239333901222e-01,8.999681208064043425e-02,5.815754072238079608e-01,4.392472988070698636e-01,4.060200932988586864e-01,5.864428165650521496e-01,4.494174312762304613e-01,4.136194492490347652e-01,5.124815753000117047e-01,5.843787978784313886e-01,6.353447126282454338e-01,5.421426938557940556e-01,1.413604136282364532e-01,3.253258013712193586e-01,4.237774617685216016e-01
9.416599079384355697e-01,9.093373258813409743e-01,8.702454047626101419e-01,9.997296354423286235e-01,5.987458170634503141e-01,-5.833115467980201641e-02,-4.373082305288919502e-02,4.287626259850731425e-01,0.000000000000000000e+00,8.378578895253259162e-01,7.646929520456036133e-01,5.063189055397185889e-01,8.841767794242104683e-01,6.722317842897056472e-01,6.360797475647713695e-01,8.801442276212474436e-01,5.069281247682023706e-01,5.954454023047365263e-01,5.841439575285218844e-01,8.269316736958859382e-01,9.298959820070168414e-01,2.943375951773408716e-01,7.265574327612995820e-01,8.271471101632310585e-01,5.910328473831513163e-01,7.575664601763021366e-02,6.955188665760686506e-01,6.214819907047530734e-01,7.194409275371925760e-01,1.387638334583255195e-01,5.600860424104093793e-01,7.690749829283665129e-01,7.035500808561613306e-01,3.682002760883221759e-01,9.865610630308996321e-01,3.041226539883318258e-01,3.905287307605611602e-01,5.574179636708466168e-01,6.643130795606655425e-01,7.607893234938269966e-01,5.891566826354935893e-01,4.559099554196755499e-01,-7.743341562128108757e-02,7.001953439112207356e-01,8.955704324971609509e-01,-7.935932956300625896e-02,9.192489996766667337e-01,6.367156551745687398e-01,7.595769888948361581e-01,3.000934641233796163e-01,4.115394974525556915e-01,6.257943298675151533e-01,6.698491920144713507e-01,6.633373849305777004e-01,7.291085323378861949e-01,7.102587920858617343e-01,2.096931017755367666e-01,8.728662344159910935e-01,9.028301162088258058e-01,3.168477055038707024e-01,8.004390353896843058e-01,4.251723010440007777e-01,5.072436784879484906e-01,9.281116300835868804e-01,7.857771795432842987e-01,2.173064765742470095e-01,6.064694629498794676e-01,8.648546614467809146e-01,7.465639640388976872e-01,7.808935783673863762e-01,8.623553471426017580e-01,2.473234555990175831e-01,4.241335574449374146e-01,7.752977990460367952e-01,6.648915086061837343e-01,9.299412699682796379e-01,7.299362880511756080e-01,6.343237262659200404e-01,1.867845747689971803e-01,6.474847093469299208e-01,2.658337413760756829e-01,7.178706479438604626e-01,6.133949939237043347e-01,5.332840329327761530e-01,5.459790597190332662e-01
8.503490334998420330e-01,7.734829464733623539e-01,8.541852401354863566e-01,7.962687979614642142e-01,5.283780432434613816e-01,6.198857259616307180e-01,5.714874941369991745e-01,6.581012301987309021e-01,8.378578895253259162e-01,0.000000000000000000e+00,7.475582972171581631e-01,4.410289588687847373e-01,4.798406811517552661e-01,8.665386494584418342e-01,3.024200433470723426e-01,2.609297357551741969e-01,9.697072438877463174e-01,-4.803957756137289259e-03,6.199224102914906442e-01,8.811012288272156434e-01,9.284999428857171333e-01,6.275182871201268053e-01,9.091941510191268172e-01,7.965103674901305997e-01,6.287295412709134057e-01,4.492623226664179681e-01,7.324605092121395655e-01,6.386421013569277827e-01,3.411429753332410053e-01,1.245157152221800373e-01,4.587431935769454849e-01,8.687557258595774989e-01,9.468704556506890579e-01,9.124059774185868665e-01,6.698165892190427462e-01,6.709683240494511702e-01,3.745637588332575429e-01,2.637636092791950659e-01,7.083656299342118157e-01,9.509871842885611049e-01,8.470118673661399811e-01,6.825842131594580531e-01,8.854824008682656844e-01,3.400658786366985153e-01,9.445171027806347208e-01,9.897305945522119064e-01,3.157654310589621538e-01,8.418066725704860254e-01,5.123784909041692037e-01,9.427939122828878915e-01,8.009453992600428229e-01,8.150739066909358232e-01,2.754308298162320146e-01,2.183034570355456283e-01,8.783312025828600156e-01,8.773056618447879762e-01,6.658850504956369543e-01,6.128488566378896829e-01,-5.981300651778800881e-02,6.833398194328481612e-01,4.384958410304244381e-01,7.710326801393603269e-01,5.060599414175910304e-01,6.405990191632181530e-01,7.875098406576206411e-01,8.192014120803339239e-01,9.018285803873508089e-01,9.750220540370964084e-01,5.477269223874057236e-01,8.763299390758159113e-01,5.403427481210424377e-01,5.420283949896004261e-01,7.191058062762277769e-01,2.256436565706039787e-01,1.971253350348149969e-01,7.067260375039123854e-01,8.908242052897620278e-01,7.324401619827622945e-01,8.194398349272506987e-01,1.998722856652761781e-01,2.629909269599630672e-01,6.445865215324699804e-01,1.626331443843710423e-01,5.523587453862652819e-01,9.849333478557564803e-01
7.283615664091840358e-01,4.621735650565147457e-01,8.392261626400743246e-01,7.628297769693950237e-01,7.658022212694977071e-01,6.359139579193159308e-01,7.559549771853213418e-01,7.662580237868598099e-01,7.646929520456036133e-01,7.475582972171581631e-01,0.000000000000000000e+00,4.838546137662880220e-03,9.113557061264443426e-01,3.203335598336485290e-01,6.639290185514963305e-01,9.416214520413749289e-01,7.547938847167424692e-01,5.493773259450467350e-01,6.431293515395853921e-01,7.043870708968444916e-01,9.419914788389218696e-01,8.375231006421514079e-01,8.796042155682556318e-01,7.943596664169046973e-01,8.856648887022600114e-01,7.228814027270311637e-01,3.244963383814880031e-01,3.303345556730902244e-01,4.828236162847596713e-01,3.393599366717702237e-01,1.367119151156865053e-01,5.117261549745129035e-01,6.281615071227674152e-01,8.330149177195177446e-01,9.940811604290550330e-01,7.928177582485909092e-01,-1.818282675469901633e-01,9.343326334173490677e-01,9.742407303009149588e-01,6.776810489671382109e-01,5.745299746123944118e-01,7.766079311832166931e-01,6.775545650282071009e-01,4.474783711703982370e-01,9.998446148437198921e-01,8.681054384351758468e-01,8.057661588065057057e-01,2.064647088502135630e-01,7.364409343178125456e-01,6.584402586773315802e-01,5.142203435766340425e-01,7.328100540666380169e-01,4.334426419521544838e-01,4.203956112009357149e-01,5.686449398580400993e-01,6.163283260268993535e-01,3.680420786682429557e-01,8.648818499413620797e-01,9.708320123901911236e-01,5.892122307065318365e-01,3.941075249977961104e-01,4.521667065286686382e-01,1.552269782254193098e-01,5.759960245529569534e-01,3.449220341418884339e-01,9.499232069753948959e-01,6.298253102293682737e-01,4.820090507606937802e-01,6.376038587695990190e-01,7.376642032276244931e-01,4.327736184040884004e-01,9.968966917739334743e-01,5.060076742909499492e-01,3.478248614861764176e-01,5.967348275291675108e-01,6.959435254426471484e-01,4.012057258276264804e-01,4.627638601698690901e-01,4.398859611020114468e-01,-6.181794189841727238e-02,2.630297909489078823e-01,7.728249315510358208e-01,7.793301210449647964e-01,7.125384186807984799e-01,9.532364485398356901e-01
8.272550773930101853e-01,6.995070074802656190e-01,9.328983773177260685e-01,7.168067489964019545e-01,4.703931114592126983e-01,9.257229212173775368e-01,1.269749411202483191e-01,4.070420189020735324e-01,5.063189055397185889e-01,4.410289588687847373e-01,4.838546137662880220e-03,0.000000000000000000e+00,5.475841818109062897e-01,6.712056259124833391e-01,3.518289340617629657e-01,1.921881603434774655e-01,6.693214812471666164e-01,8.252659927411134522e-01,4.190617471290175589e-01,9.327699264720666905e-01,4.653524870122021651e-01,5.686389337861952331e-01,3.973046681915473055e-01,4.488229875816164838e-01,4.334396915936475914e-01,5.294307159853500755e-01,7.348788776938488532e-01,4.072765131347679812e-01,1.218195770773532749e-01,2.144541926671438559e-01,7.281634353287057548e-01,5.168549596185767481e-01,8.530788416026966470e-01,9.289127442888651665e-01,6.969685965686640561e-01,3.375177192493178380e-01,6.430450997473452501e-01,6.017517877147356975e-01,6.751364916639682745e-01,4.977256426786856869e-01,3.229815721014898666e-01,6.485288796190595839e-01,7.386996600034424487e-01,5.318211215600836539e-01,7.748915147473741660e-01,7.794780511166485848e-01,6.406681817621703301e-01,2.205988620115351406e-01,4.155907934624402111e-01,6.187714959095066414e-01,4.848781140492317565e-01,3.341127858889400004e-01,9.164763292697301056e-01,5.810473136703664387e-01,7.430932144070663270e-01,7.053427129440547061e-01,8.342001154627883830e-01,7.085879932200411790e-01,9.787955012270835864e-01,3.695567245666546707e-01,6.505599035824395360e-01,9.787709541890109444e-01,6.505421476242204681e-01,4.271585681355947323e-02,6.358903175932411056e-01,6.196373124140946986e-01,7.945749450645388512e-01,9.789836479555328319e-01,4.473844227126536621e-01,8.741319700201938270e-01,8.243226907422613881e-01,7.868691170966444215e-01,6.506060145078766954e-01,3.676014730589871604e-01,7.828516911897615005e-01,6.836995015852800339e-01,8.978726685458522372e-01,7.763603663974210090e-01,3.308702219548440571e-01,5.875509984697429022e-01,7.026508289338146973e-01,4.510840406393085145e-01,7.810454990148876231e-01,8.668820563480755803e-01,8.580268957051992995e-01
8.233986598790032918e-01,7.649982592684601013e-01,8.514550157107908523e-01,9.565183780692597670e-01,5.456453489128664236e-01,6.553101257623861198e-01,4.414729732880912638e-01,7.318451759419752900e-01,8.841767794242104683e-01,4.798406811517552661e-01,9.113557061264443426e-01,5.475841818109062897e-01,0.000000000000000000e+00,9.446687235129087590e-01,5.893286448752057538e-01,9.215294241968055022e-01,4.223509185967441182e-01,8.324721434909254647e-01,9.314027638821679167e-01,6.032010830755374364e-01,6.112526370589307367e-01,3.983376681811259257e-01,6.488206101829557815e-01,4.207996681701680619e-01,6.626993287716335113e-01,8.058588947307004924e-01,7.654132013097748599e-01,4.975851711833108593e-01,9.613399081960121162e-01,4.738121193144878007e-01,5.678335171595927378e-01,1.272377093732564128e-02,7.924328128403552718e-01,6.865284521660560690e-01,9.629315055776577204e-01,4.272352630574801080e-01,3.763634186953254135e-01,9.651424566100065272e-01,9.378548300459846887e-01,1.239850785649273118e-01,4.341424712236128802e-01,8.535582428834252999e-01,7.556505557732421385e-01,8.996196705958779960e-01,8.331719083661531799e-01,9.992255121304337573e-01,7.490165717374762666e-01,9.094138784261032171e-01,9.211679133827059829e-01,4.749315328229290478e-01,9.671671604362653829e-01,5.194457131997044508e-01,9.567468273316132032e-01,9.611371963904961069e-01,9.954792070154707684e-01,2.950995614482860296e-01,6.686964038705566216e-01,9.331154382089179578e-01,2.484545530479200237e-01,6.412586415833749776e-01,2.047084672148812845e-01,6.601405908904494080e-01,9.783836296894869999e-01,9.144134026992970510e-01,8.611472105876265548e-01,6.801863676810894210e-01,8.334450930529323509e-01,7.415681068190929093e-01,6.326236148502091261e-01,6.411781119190900213e-01,7.583896145417268198e-01,7.975794062242078653e-01,4.311691527201577112e-01,3.065585671098404741e-01,1.787125315633308897e-02,7.944381623765504052e-01,4.904197501563888340e-01,5.843603532698108394e-01,3.271176904908080774e-01,-1.532496952224913778e-01,-3.626291134506706704e-02,4.517397073206859681e-01,6.612860313211982310e-01,2.853218833484708616e-01,7.644140587794550079e-01
7.065685332359201709e-01,4.189014471404414186e-01,9.099915268362442911e-01,9.617786087929880434e-01,6.956245181235015673e-01,2.304965846697458187e-01,7.097870879285289591e-01,1.221910830019539221e-02,6.722317842897056472e-01,8.665386494584418342e-01,3.203335598336485290e-01,6.712056259124833391e-01,9.446687235129087590e-01,0.000000000000000000e+00,4.027937505410789654e-01,6.161186298684878659e-01,8.023216163598649864e-01,7.164540370960101878e-01,7.668830720652469735e-02,6.950338652676836260e-01,1.625313462911975870e-01,5.403865712113906650e-01,9.393178413717534481e-01,4.971011618205068983e-01,6.441366232758186650e-01,7.724545229747559194e-01,9.836589390787292553e-01,9.073909085687331677e-01,4.882575588460029148e-01,4.043549901512176192e-01,3.728601197765574193e-01,7.327778293996696224e-01,8.708365765838435024e-01,6.872059853460855683e-01,8.140829938797700116e-01,7.939441251335348504e-01,5.158630156129636601e-01,5.826334405680763107e-01,8.331365869502778132e-01,8.932332631831716441e-01,6.001034382674647061e-01,6.316682527713334272e-01,8.165304789492573434e-01,8.982130528391285562e-01,9.495106042239902511e-01,7.462975493366315050e-01,6.963066953293148842e-01,3.835199049562463269e-01,7.229892998338670607e-01,1.680133550597868730e-01,8.279121562039544191e-01,4.416745715632527380e-01,3.374942893792368670e-01,9.061283524296601666e-01,8.494148359545586890e-01,7.231018202087803326e-01,8.432347537529081283e-01,9.019304428300940479e-01,6.624478125358985725e-01,9.320806061269227838e-01,2.329475854235406596e-01,3.437403763765093379e-01,9.308348248255901014e-01,6.852031831334064460e-01,6.879703678913796638e-01,3.294590686584586425e-01,7.952284670635429986e-01,6.707723650972453600e-01,7.895841497860622837e-01,3.348485607652947893e-01,6.866610885355645122e-01,7.005033808997167544e-01,8.534767457021860126e-01,5.726524834097502792e-01,4.184047596392053148e-01,9.256680275211498499e-01,8.579998590451110019e-01,9.207200936976354111e-01,5.091548889981978299e-01,8.625349900828714611e-02,2.035709085354081849e-01,8.661320486002491714e-01,9.748612271882775016e-01,-1.376383098625130474e-01,6.196849383796998456e-01
9.205686063132604291e-01,8.321741658601630176e-01,9.402089294151700916e-01,9.381367543850889223e-01,5.692915786452741322e-01,2.609821316665115187e-01,7.341611497140538845e-01,4.147757881294624749e-01,6.360797475647713695e-01,3.024200433470723426e-01,6.639290185514963305e-01,3.518289340617629657e-01,5.893286448752057538e-01,4.027937505410789654e-01,0.000000000000000000e+00,6.332516357998565493e-01,6.021386953117524587e-01,5.412537690002500179e-01,3.110063490362435235e-01,6.187072271252274103e-01,6.807563139267891472e-01,7.031164535481688738e-01,6.378506847163416538e-01,6.481940415794851251e-01,5.653395893531013572e-01,4.865997049583369871e-01,2.628758642476026752e-01,7.188735528625387339e-01,2.265310651715212176e-01,4.352472646416408186e-01,2.629494095325851655e-01,1.042829096745585410e-01,4.223500925434632292e-01,4.716482481730126519e-01,9.504505533115357174e-01,3.837915393313940937e-01,3.461499238057410555e-01,7.118106866044866532e-01,8.539518179611438331e-01,9.830624514373376144e-01,2.623095726695960916e-01,3.640957782503666529e-01,8.655975429411723043e-01,4.500974678163246478e-01,8.809372412060083590e-01,6.337852920216540120e-01,6.588807654015558235e-01,6.653240282497187019e-01,8.660298106988083555e-01,5.467466758648651393e-01,5.735836403042804399e-01,7.151866788065182057e-01,9.382699995463679166e-01,6.043303714535911420e-01,9.788503412555301653e-01,7.821881556959545678e-01,9.879343157174167445e-01,7.337185012344145107e-01,7.451187681291530085e-01,7.389674559605108328e-01,7.750982339675236421e-01,7.785974622176183857e-01,6.915930574894176841e-01,8.307852337489312067e-01,8.036185182387302062e-01,9.876819407353930602e-01,7.517751588130117124e-01,8.483851984115028388e-01,6.088834131279228234e-01,4.651746855980496559e-02,1.338376060097284659e-01,5.065209209236060106e-01,6.232322326596637652e-01,7.296145968240735913e-01,2.254007943541622150e-01,6.307113763707199450e-01,5.027798483367666993e-01,3.513350897254308713e-01,7.669624853501825212e-01,1.662409030308543700e-01,7.945306355827990163e-01,6.385958204199018162e-01,4.559301021371328644e-01,6.635866265215418780e-01,7.185715410816047033e-01
8.723958800339712827e-01,9.487623424509767922e-01,5.187817467045856556e-01,8.319991188278611505e-01,2.478742603192408134e-01,6.929212472006557322e-01,4.024441982865430978e-01,2.329449068964941083e-01,8.801442276212474436e-01,2.609297357551741969e-01,9.416214520413749289e-01,1.921881603434774655e-01,9.215294241968055022e-01,6.161186298684878659e-01,6.332516357998565493e-01,0.000000000000000000e+00,9.177540748125569969e-01,6.147944717135442882e-01,8.191714644737742024e-01,6.161999441636732966e-01,8.165208397683045849e-01,7.985060108089736541e-01,7.666527388277080135e-01,9.969791138449567436e-01,5.720290550160961329e-01,9.361683706280332640e-01,8.748517711831014232e-01,8.998119686686748553e-01,7.770118087816194619e-01,5.198671064924695884e-01,3.396140928807265258e-01,6.508632199358747039e-01,3.444824690344738816e-01,6.004924465323081550e-01,4.891201620613430112e-01,7.762755023528421505e-01,1.281784438923890546e-01,6.716852633424985619e-01,7.979752866446612192e-01,9.487629847067394762e-01,4.580754473043537334e-01,7.985953259654718916e-01,8.211206980317830029e-01,1.382910092763588172e-01,7.796220176628835263e-01,9.354428956523100913e-01,6.360334162726436480e-01,6.774986215341451956e-01,6.047296644474341454e-01,9.509069284354241258e-01,4.850866190350445195e-01,8.375558253573033296e-01,5.297105981331464708e-01,8.911025617364051188e-01,6.450659129259158631e-01,8.188828677399219158e-01,6.441599090440724984e-01,6.897992827997526666e-01,4.102872178880697662e-01,5.486562566718441447e-01,5.766981434761574432e-01,5.201349363984368868e-01,7.177019717106721819e-01,7.748254761450440453e-01,9.860569932369049884e-01,3.641050559589383839e-01,8.112277739754276684e-01,9.919222500854256719e-01,5.552519108172351281e-01,7.869337734338935908e-01,7.608194062835538229e-01,3.570282488695031287e-02,6.111418557944476859e-01,4.284705843287019422e-01,6.779269246619952227e-01,5.855572100155420623e-01,9.918005317138717247e-01,8.083561188236152439e-01,4.209802826467240466e-01,2.169945738273425795e-01,5.987215812264374826e-01,6.119102852880072829e-01,3.063305047828815408e-01,3.434861438635872233e-01,4.880325027295782658e-01
7.814559005522077051e-01,9.190367450352040501e-01,9.221160838292097317e-01,7.089489039579058849e-01,7.488048579668211691e-01,6.720906876065365632e-01,9.420950503159759570e-01,9.600545715759425391e-01,5.069281247682023706e-01,9.697072438877463174e-01,7.547938847167424692e-01,6.693214812471666164e-01,4.223509185967441182e-01,8.023216163598649864e-01,6.021386953117524587e-01,9.177540748125569969e-01,0.000000000000000000e+00,6.237026042580972041e-01,6.004497494211977759e-01,9.423683694505089470e-01,9.524591571732580197e-01,7.652304674145118391e-01,5.789326177276720164e-01,8.753270394626666562e-01,4.326816908859187349e-01,6.126324216802268019e-01,8.962523797721871910e-01,8.803799531973742765e-01,5.619362495665144452e-01,2.175176021271500448e-01,4.588725476568210060e-01,5.637627884440310488e-01,9.877042509545543858e-01,9.666622879281412395e-01,5.122899314666171655e-01,3.687554878615033616e-01,2.243724428153497097e-01,4.296517771526987550e-01,6.074669110304583564e-01,6.038677401210074125e-01,6.535542442279150821e-01,9.606708253131616138e-01,8.631038552370215999e-01,9.070727467170752734e-01,9.260101782705140172e-01,8.338322634078253470e-01,9.156369705632875222e-01,5.916228565069114875e-01,7.297283407296361046e-01,4.676635526965280398e-01,6.473725401429529791e-01,8.575857690777607401e-01,6.833630734616815694e-01,8.950811184747680116e-01,6.410742198159790073e-01,7.294277490063527658e-01,9.155673146305112198e-01,6.718900845200582728e-01,5.053528454023848981e-01,8.613021796218737203e-01,3.677820490806833487e-01,6.595013125301765200e-01,8.240832326545338704e-01,9.954882238292541707e-01,9.014730190557949108e-01,9.176446833620868215e-01,8.370982687716804760e-01,9.576123071648338092e-01,4.930754861277658052e-01,7.240229907108546303e-01,6.460285521826287791e-01,8.340354595662206050e-01,5.784926767758721278e-01,6.924036022384921774e-01,-6.731379283202637565e-03,8.491363467031373125e-01,9.203806180442920537e-01,8.910819829000918846e-01,2.685768324640034344e-01,1.290228546545623134e-01,9.246060861379536977e-01,7.215498554884459681e-01,6.588165436132522590e-01,7.426573153679023598e-01,4.669270926775600516e-01
9.656455905883345459e-01,6.082449936332166018e-01,5.624823673465710883e-01,7.387491633057979845e-01,8.384051980411290073e-01,6.864372754861788328e-01,6.459841602354181589e-01,6.303346156082265672e-01,5.954454023047365263e-01,-4.803957756137289259e-03,5.493773259450467350e-01,8.252659927411134522e-01,8.324721434909254647e-01,7.164540370960101878e-01,5.412537690002500179e-01,6.147944717135442882e-01,6.237026042580972041e-01,0.000000000000000000e+00,6.363460886929149796e-01,8.127231791747275835e-01,9.584155173009318851e-01,5.767591701182395170e-01,7.032393297665970877e-01,7.255486418627603573e-01,7.684008058164352173e-01,9.652726545796056490e-01,7.318627598700746528e-01,4.002842531503932877e-01,-1.306081621015494076e-01,5.120966115122015383e-01,2.128483876284884280e-01,7.296773313493418733e-01,7.714352171642193667e-01,5.444310668378095075e-01,7.468358877210817814e-01,7.763254716287504298e-01,2.168410221567952656e-01,7.924592298883378350e-01,8.262341896727447565e-01,9.655900910561117101e-01,5.971496110779587196e-01,6.690457916561149965e-01,5.189946661610209677e-01,8.824783787355175990e-01,8.001708365952016067e-01,8.098589297452121194e-01,7.409826882568257833e-01,8.138331589582689096e-01,5.985935680591869534e-01,8.196736599005134405e-01,1.119382828197861834e-01,6.422470184604794907e-01,7.257493235336084370e-01,6.989678419617868788e-02,4.455097658738110256e-01,7.184149009183994350e-01,6.442302662374330691e-01,6.445647225966528726e-01,7.015367941932393325e-01,6.182873132330678478e-01,5.988112779052612300e-01,8.198608960129846190e-01,6.789372332256999876e-01,5.134374736124235339e-01,8.023475158122056472e-01,1.098483467041329598e-01,6.929087383939549483e-01,6.428246114313662662e-01,2.284871940002569379e-01,7.504693169761051941e-01,9.511583699598449293e-01,3.281263611264542690e-01,5.363346812050298063e-01,6.530584878722474063e-01,6.544669389095965073e-01,7.451084888052995625e-01,5.381033292940421431e-01,6.940703761641163760e-01,3.020528615622883883e-01,3.357099097176741154e-01,8.449921525188218707e-01,8.277492878676639965e-01,3.946483903324824460e-01,2.852584705557841827e-01,1.300980913440935860e-01
