0.000000000000000000e+00,7.174885076428114683e-01,9.740771305956499315e-01,8.663562477499006098e-01,9.680679726274908914e-01,9.534467185532419231e-01,5.023885396629914624e-01,9.455544624114377017e-01,5.179898272300620388e-01,9.560732517808303577e-01,8.014561519142691104e-01,4.934057199411481243e-01,5.198909973504253212e-01,6.854653201823408537e-01,4.171454293378262790e-01,4.417337586577991249e-01,9.351159421815111727e-01,5.389508260037041421e-01,3.510049202275845603e-01,4.342950134193978018e-01,8.122014561573379643e-01,9.927818259405933876e-01,7.164174749671530229e-01,9.970798813845606068e-01,4.378874152248213303e-01,6.726410728248128912e-01,8.360427249191784149e-01,7.293892147811869009e-01,-3.598890699812137273e-01,6.086961253097388225e-01,3.972993447011979179e-02,7.747131633015773566e-01,8.562464037767693048e-01,8.464297390003299171e-01,6.482181612939645898e-01,1.171627999152963923e-01,4.954673399001692236e-01,9.868600102333704438e-01,4.864510164386215973e-01,9.313919525064039417e-01,2.623661396213914920e-01,8.073038914025204571e-01,5.391551129222695860e-01,7.089791611097774338e-01,6.413765870461913821e-01,7.588474837906069581e-01,2.791249601885766873e-01,3.557143060089381637e-01,6.320852716502688429e-01,9.116181573774119196e-01,7.754825531822485685e-01,7.697045363035069920e-01,8.922588637716122317e-01,8.568909566042639536e-01,5.704329189624294250e-01,9.350210033295980327e-01,6.613619122576841480e-01,8.445562521772637110e-01,6.442621231211415056e-01,6.294838653576120269e-01,4.739718109251073175e-01,4.928891883085826375e-01,7.346686331701289818e-01,8.467043045602034024e-01,9.722548763800235028e-01,9.904433976995652422e-01,6.668626179809155063e-01,6.684805034683506397e-01,7.322501887295418399e-01,4.372389562444329858e-01,8.893463225207068890e-01,6.846184788430816903e-01,5.800203242118604635e-02,1.686782061810952749e-01,7.807636136896219936e-01,7.542248317396111901e-01,8.081299497187841574e-01,9.538433512572612738e-01,3.602385034287635124e-01,8.023032333019453066e-02,9.995974513355645463e-01,4.401461961197584705e-01,8.119009364544427232e-01,4.983961809357384531e-01,6.531767206164593720e-01
7.174885076428114683e-01,0.000000000000000000e+00,9.870383044929947891e-01,7.265303738905058983e-01,9.787740848431525365e-01,9.999177779654139231e-01,9.775157253558836024e-01,5.718735145996227676e-01,4.525370561630141508e-01,8.067160398019089795e-01,4.894985974782258831e-01,6.655219665387830386e-01,8.199335832535099566e-01,7.277834955242497017e-01,4.267872519607393555e-01,8.901036821060408499e-01,6.424381734829666124e-01,7.005580791156224008e-01,8.653977883300252305e-01,8.573850945848949801e-01,9.099457879384224013e-01,8.693544342658274804e-01,6.360171996555931129e-01,3.116390459880097330e-01,7.627336382423249850e-01,6.287159476343071596e-01,7.181558328214094900e-01,8.292621614852521139e-01,2.432415708649141861e-01,2.620366884957096021e-01,6.979735577161415572e-01,-1.034656120889166364e-01,7.731880581957938370e-01,2.193833343184776741e-01,7.346160799405203612e-01,5.602643056987494097e-01,1.706911903334251135e-01,8.553693524653822600e-01,9.140810240534029685e-01,4.577573557529571180e-01,3.929337087250391047e-02,2.684346110468057711e-01,9.640719891653575235e-01,6.261416885044615022e-01,9.606774531042906462e-01,8.054213523305437938e-01,5.627929434437329848e-01,5.561539427773523059e-01,9.173320719579569626e-01,6.729236420748829772e-01,6.478970727676995889e-01,7.022026886519402433e-01,8.150131575844058451e-01,9.995304867925351999e-01,9.007575493427060209e-01,9.914659892358645976e-01,3.662732103803656436e-01,8.974668454832087638e-01,6.419180194640268233e-01,7.357875543854057732e-01,5.964120905076315537e-01,5.564972446066840384e-01,9.667404279025223479e-01,4.236590037177082602e-01,9.948965230067752241e-01,4.185798965519580417e-01,1.626063334131294669e-01,6.793933815908804741e-01,5.842938205856055278e-01,6.368548826349601510e-01,6.645550125673633790e-01,6.817427370651661933e-01,3.977474566059802652e-01,7.272862408474701779e-01,7.925782596421014903e-01,2.631859581614583443e-01,4.117983676128800230e-01,5.338682228922460027e-01,5.652045905474112342e-01,4.216551898147264388e-01,3.849436119446811855e-01,8.895408267844467920e-01,4.545366795415330952e-01,7.628024493440058174e-02,8.689226408437824567e-01
9.740771305956499315e-01,9.870383044929947891e-01,0.000000000000000000e+00,9.094227725038780408e-01,8.195291782167305472e-01,9.884495000390299824e-01,4.972865902379263736e-01,8.194422461891873732e-01,8.766684002335334291e-01,9.121308310536503372e-01,4.505957372813163553e-01,8.509400373872817447e-01,7.428194259181172265e-01,9.134121847731149213e-01,6.346530290667171670e-01,6.324799158330343118e-01,9.762960403722112934e-01,5.736743864629559875e-01,7.704101709609800785e-01,9.975732472720009181e-01,8.426861487021606312e-01,9.174023480011723741e-01,9.049172676759713596e-01,7.657112365285861921e-01,9.868531318857034496e-01,7.545238396631251954e-01,8.278323871850160609e-01,6.783600153049391679e-01,6.102717437272463519e-01,5.328978420701103724e-01,6.513137983571948286e-02,6.805294293026347141e-01,7.843567489009120042e-01,7.263912088348274398e-01,9.301453490327563633e-01,7.949418655283527757e-01,5.951831059810902547e-01,4.690981593974689612e-01,7.952635500135878388e-01,9.222420842731362534e-01,3.263529974405903200e-01,8.164436936292041036e-01,7.676138707161326291e-01,8.865307782763964806e-01,4.973856262982447873e-01,7.069693327619867018e-01,7.960168473136481904e-01,8.025011765721210555e-01,-4.329046996509128276e-02,9.973143356620050026e-01,9.606087928263606912e-01,8.160052513435783750e-01,6.841492511125920606e-01,9.271714213117134840e-01,6.592790286036084302e-01,9.894726617321639717e-01,2.165103406829223254e-01,9.677555396401646970e-01,8.989339761983127230e-01,4.228473984652136863e-01,3.703505111695338803e-01,7.531741132556047935e-01,8.829416401540318704e-01,7.351427165798396501e-01,6.278814685553801844e-01,7.995757681557742469e-01,9.096189754503491987e-01,9.519253016458422145e-01,4.471307287749317627e-01,5.770129805975721116e-01,8.142194566952747348e-01,6.762299781291845058e-01,5.392765756588349113e-01,4.888024853469452036e-01,9.132130156211998306e-01,6.484422356567935974e-01,9.342279202309351493e-01,9.921536532953378895e-01,3.968360131677469704e-01,2.854707551159020307e-01,2.284389972393954457e-02,9.141400351419166626e-01,7.639744316969772076e-01,9.698126827095630009e-01,4.928698400254418743e-01
8.663562477499006098e-01,7.265303738905058983e-01,9.094227725038780408e-01,0.000000000000000000e+00,6.539161237619600664e-01,1.896104276013696743e-01,6.544050438263743219e-01,5.124031361500941406e-01,8.746065814990793275e-01,7.197633783894704651e-01,6.948888808961002361e-01,9.364992513624038617e-01,8.908435489121756534e-01,9.181895397195247721e-01,4.934236431409402823e-01,5.269722068320533692e-01,6.608757925988045789e-01,8.764471408857964496e-01,6.038567355806089276e-01,-1.135936680711954194e-01,7.972228722976683057e-01,6.700148203485856158e-01,5.381662971214826729e-01,8.908842973373489738e-01,5.843757556491171457e-01,8.430633114475213352e-01,4.176471412333245814e-01,6.389275523900348475e-01,5.929007185450836381e-01,2.947986084847369903e-01,1.816392964684704903e-01,7.752990361404429320e-01,6.385259628516049002e-01,6.393578078050634605e-01,4.177669585850611322e-01,8.117468939330434452e-01,2.387537381421894478e-01,3.692740202559739449e-01,6.220588858550116784e-01,7.786333501367692644e-01,5.952313415616237169e-01,2.141818428687871367e-01,8.821866886517742978e-01,2.856632000379038527e-01,5.942856177602107159e-01,6.018076945715851167e-01,9.818500671925223244e-01,8.552159736103686072e-01,9.326766826781351938e-01,8.825196428339865395e-01,2.956246482874672621e-01,9.651145797493673184e-01,1.658069814181435953e-01,5.319432751044333996e-01,9.221380584937887148e-01,5.108390626492892439e-01,3.575447246665966472e-01,7.367295150969430662e-01,6.552643875159375186e-01,6.531283191172480018e-01,5.550141497615304065e-01,6.681063101856592468e-01,7.992535569764306347e-01,7.540784812426067907e-01,9.851885623424649907e-01,8.369357474523637652e-01,2.756632040641319725e-01,9.658024362920071271e-01,5.924627014159243865e-01,4.053989687305139533e-01,9.752109079951751802e-01,6.085063939426527124e-01,1.311196692448111101e-01,6.404574841158052756e-01,4.281056917994706112e-01,-7.638194336616074831e-02,6.383218994119195244e-01,6.187540797741796217e-01,5.211187609608911586e-01,4.908915142011793242e-01,4.051493097981746505e-01,9.946529682640263825e-01,6.404119489847872604e-01,4.747165527323130574e-01,8.725686406531489858e-01
9.680679726274908914e-01,9.787740848431525365e-01,8.195291782167305472e-01,6.539161237619600664e-01,0.000000000000000000e+00,8.050358545784327413e-01,2.557448043110019387e-01,6.137605795688582111e-01,8.707651823025113202e-01,6.957005977781646200e-01,8.262890391702002457e-01,7.280443137710184143e-01,9.060180335534938623e-01,6.093601250027864680e-01,6.962928091476477954e-01,8.182678895824695431e-01,6.384279266572020495e-01,7.551987716028223385e-01,9.689499622230950404e-01,9.021117230555777411e-01,8.686627347630084817e-01,2.316210030016107868e-01,4.829017643358868295e-01,6.743931604156183646e-01,7.448827186212565454e-01,3.458311619726915920e-01,9.996759282362863708e-01,6.463285246908281323e-01,7.542629203214462619e-01,5.498142011028951393e-01,1.327890610200652688e-01,2.062367889812226074e-01,5.212901944198889970e-01,7.768452157543874748e-01,6.125244355210631708e-01,7.947345538268474341e-01,5.787978014822322548e-01,8.736575020230746835e-01,9.802561562858230770e-01,7.842823473146935953e-01,8.917914237491769702e-01,6.617578396254154560e-01,9.947687799958269128e-01,3.575997514054118920e-01,7.376675637498140148e-01,6.940982551770837894e-01,9.960376468249235726e-01,9.425898711447578959e-01,5.719759443568904755e-01,7.614164388743540623e-01,5.321044411114511652e-01,8.331216808101510329e-01,6.682536203265345698e-01,8.699133643781438163e-01,8.349306310403501463e-01,6.536188948037002788e-01,8.926711841697990701e-01,6.366605090448735904e-01,8.034111494870292969e-01,5.507621783457496978e-01,1.372049010146314529e-02,9.687359502372265840e-01,5.529519142251257957e-01,6.530327517924683356e-01,4.914618114298487939e-01,8.146638227297476886e-01,6.148118822359690538e-01,9.249139211678257810e-01,4.281359941521073464e-01,6.549667626058127690e-01,6.460535493613444036e-01,2.483005349083360069e-01,3.081979560978549415e-01,8.923827777961632624e-01,6.008435128668069281e-01,3.737564645190719625e-01,5.420589674176019557e-01,5.011460071162807672e-01,6.323766231941295723e-01,2.658281874873296147e-01,1.913663008307686375e-01,7.376282555728287393e-01,3.094577097813615563e-01,-6.263071232169847846e-03,2.138829277413076269e-01
9.534467185532419231e-01,9.999177779654139231e-01,9.884495000390299824e-01,1.896104276013696743e-01,8.050358545784327413e-01,0.000000000000000000e+00,6.265563631723363169e-01,7.237157546027297439e-01,7.451604972675150984e-01,4.486367149140776944e-01,1.403234575049614741e-01,8.860267662218851425e-01,9.001919999364826896e-01,7.865830202609833677e-01,4.484071629419000837e-01,5.175768867357194436e-01,8.063072516679729018e-01,5.770564407073547342e-01,9.331492558751811606e-01,4.486709525225694439e-01,7.251797687229940559e-01,1.909754561843282072e-01,6.546370517765983665e-01,7.614870785800952335e-01,7.659190256339687419e-01,9.512276048672030360e-01,8.340866346995488012e-01,9.979712818527671780e-01,7.995917589134098336e-01,7.642959665407460523e-01,2.114675388885045026e-01,4.298066378568587975e-01,7.639680546864870969e-01,7.266311947462354981e-01,2.334330795510503598e-01,1.440773140438434963e-01,3.382500644530254119e-01,8.907712652931981667e-01,9.246077208382517121e-01,6.686333262400270261e-01,5.944047159740670772e-01,6.178502136555854563e-01,9.071356955510043729e-01,8.013893062671737511e-01,7.201047920267564795e-01,6.247666738803288045e-01,7.163139644872710265e-01,7.497911806927722855e-01,7.753676060250328517e-01,7.997692778394414059e-01,3.158284289780814436e-01,4.983377041168488564e-01,7.032627723266935416e-01,4.504295714330645017e-01,5.699444824875351534e-01,9.159123643673984239e-01,3.141600092676024580e-01,4.318160061083642920e-01,9.794356971978634974e-01,5.044049048625062204e-01,5.218692549642112155e-01,6.095108811414168271e-01,3.606388172920321766e-01,8.008837594802944437e-01,7.030776521374146881e-01,8.291819095027435083e-01,8.774945135542763230e-01,6.319667981049136296e-01,7.035995113812927304e-01,7.564698772948953431e-01,7.616643733979509001e-01,6.830716102196521256e-01,3.918468246635414820e-01,7.624844141415934584e-02,6.707335669213319029e-01,7.177284129513858968e-01,9.139370437467334574e-01,5.943147625725242467e-01,3.089254947287410902e-01,4.740986967014034215e-01,1.147184095643521140e-01,9.921995218264842986e-01,9.852168306983660750e-01,7.822304265478279284e-01,6.705903307892039367e-01
5.023885396629914624e-01,9.775157253558836024e-01,4.972865902379263736e-01,6.544050438263743219e-01,2.557448043110019387e-01,6.265563631723363169e-01,0.000000000000000000e+00,2.806659458299359811e-01,4.826594947866402752e-01,4.372076145138226178e-01,4.082113975235895365e-01,4.858099162210102184e-01,-1.759354923083198685e-01,4.366097535827108689e-01,6.767988914520920440e-01,7.141544987521719623e-01,4.549114521071370709e-01,3.558844699906494324e-01,4.096943076988465715e-01,8.757042097960398008e-01,7.758472858548632889e-01,5.986173764791744567e-01,3.621945234443824102e-01,1.515005577948074292e-02,7.034334395284231878e-01,7.472438294503899181e-01,1.607376923714815553e-01,5.405840643784923794e-01,9.532302520754762920e-01,7.697860512367784569e-01,3.007135700153324431e-01,4.394014601177600454e-01,2.296220103416054259e-01,4.413835680876156409e-01,7.159291818207075275e-01,8.509245436625920700e-01,3.988010428538125707e-01,4.013109126312829900e-01,6.322478123781826165e-01,7.258986254472628019e-01,2.228909973819530876e-01,4.294187178123368698e-01,8.321857491338485735e-01,3.224019175262474723e-01,8.548126631144981058e-01,6.895017225109687509e-01,4.098795243418891787e-01,6.228304237444879377e-01,5.261996889705082836e-01,4.963341701481892021e-01,1.480065585229924929e-01,6.574049820680690770e-01,2.715489236042504251e-01,5.386358251539631325e-01,5.684942411474472879e-01,7.861600924814223790e-01,7.032938531120348502e-01,4.394233272248944666e-01,8.925826612548543038e-01,5.882549433880081002e-01,4.726622855614874830e-01,4.751856080631510770e-01,4.080421673181040543e-01,7.510162020089712342e-01,4.230845206884509269e-01,6.553933658972842524e-01,2.331415068641625177e-01,7.184501812101721230e-01,6.308178960037525984e-01,7.590791266818641692e-01,4.076424120465789169e-01,6.955939982855299242e-01,2.949272135682166618e-01,2.832786569202104254e-01,5.185620080039754498e-01,6.671578135313778191e-01,6.348439149064417641e-01,5.792523124875018636e-01,6.352497302707305060e-01,2.300586494939045601e-01,3.383723842737800247e-01,6.756722079187891250e-01,3.548409208448356500e-01,1.773001501827689008e-01,7.565796365965014036e-01
9.455544624114377017e-01,5.718735145996227676e-01,8.194422461891873732e-01,5.124031361500941406e-01,6.137605795688582111e-01,7.237157546027297439e-01,2.806659458299359811e-01,0.000000000000000000e+00,6.839872381451858052e-01,4.094728626363924179e-02,5.461505486322248970e-01,4.284673967785550541e-01,6.721245188471394183e-01,9.119877127251421189e-01,2.558831483618347891e-01,6.878829267203044884e-01,8.613360160379732733e-01,7.068223865158546060e-01,4.296033921372379716e-01,4.695106701273845107e-01,8.386519732795726101e-02,7.597711180337216597e-01,4.210090659530351664e-01,8.651726401342954009e-01,7.062640914676165949e-01,6.399519665273123437e-01,5.117982268966952963e-01,7.710976140986591787e-01,6.845251037913441250e-01,6.261150139081199661e-01,5.200389146513477723e-01,5.493123343832219119e-01,7.591195913934071227e-01,6.645668243061524372e-01,8.386055264733827119e-01,5.300559179748560723e-01,3.981351961904158743e-01,6.845427102305519096e-01,7.614624443525868092e-01,6.248903798154494815e-01,2.714302131273462759e-01,9.411377701528808037e-01,8.440175103815024116e-01,5.759481844802361028e-01,9.341902372452486336e-01,3.938095429532492142e-01,2.726072508605265066e-01,2.904327477959579018e-01,7.421928838638256476e-01,7.139160559540739248e-01,3.793057716189749407e-01,5.594445709327794392e-01,3.173293083834958783e-01,2.917925120385518600e-02,5.721369342006927816e-01,2.421995644874481990e-01,7.367387603626796011e-01,5.969580144394119881e-01,9.946537572913393133e-01,4.250797215022583675e-02,2.691602140346425753e-01,7.427795288308580712e-01,9.647650074077736004e-01,6.937443906096421031e-01,8.955916901778818717e-01,4.039763696946283567e-01,5.171291164090421333e-01,6.124447945188914444e-01,6.035094652661963099e-01,2.473027831283277078e-01,4.911394286540818332e-01,7.178080997029278043e-01,7.657629315665077652e-01,7.094178017533263603e-01,7.957649552780570179e-01,8.319554250751752811e-01,5.475335108143986051e-01,4.257529747024698108e-01,2.426198331054463253e-02,2.955221250310823833e-01,6.835825921262509430e-01,9.353701948659903787e-01,9.587410524772866927e-01,3.393914383539740065e-01,7.331372293216259495e-01
5.179898272300620388e-01,4.525370561630141508e-01,8.766684002335334291e-01,8.746065814990793275e-01,8.707651823025113202e-01,7.451604972675150984e-01,4.826594947866402752e-01,6.839872381451858052e-01,0.000000000000000000e+00,7.707400472054429796e-01,6.738695846500629694e-01,7.953808987369408445e-01,3.401149942182749575e-01,4.225774064766414928e-01,9.663072512177899309e-01,6.556561423840701064e-01,3.109817320417893605e-01,8.303425356321543216e-01,7.976567282415576443e-01,7.463032179075297368e-01,9.591605825293004761e-01,9.004181563025447366e-01,6.543146325633190097e-01,4.863698813515207608e-01,5.727887004782702407e-01,5.216037970286646619e-01,8.514878534668868237e-01,8.054747941976803105e-01,2.846029763269098400e-01,7.253443269039721031e-01,4.251571875819719071e-01,4.416120044238901476e-01,8.084884802978443696e-01,6.793403365006476236e-01,3.455233644507076374e-01,5.814929269836247583e-01,3.875389484227177994e-01,2.116477925549256067e-01,6.007366939895220082e-01,8.876492285593260423e-01,6.502155231950219605e-01,6.026587102864536805e-01,3.352588627060593129e-01,6.830401689980621915e-01,9.019960390038784803e-01,8.637362580140690582e-01,4.259845627926948097e-01,5.280384588324938955e-01,5.886450902577822220e-01,7.746860215450011022e-01,6.012370819775997299e-01,6.017106489795923663e-01,5.352726252619467440e-01,7.430719254738277213e-01,6.059940726591284132e-01,7.268345088776007046e-01,6.727883965249232823e-01,7.200226340937062597e-01,5.266333644807001946e-01,2.940869882812973124e-01,5.331363081694213690e-01,5.082725707506168256e-01,2.346382111907681645e-01,7.854316429519423437e-01,6.395381281236276472e-01,3.559290381750780385e-01,6.685274500904205830e-01,9.031266823967976087e-01,5.601864591042909902e-01,7.272763385860447904e-01,4.956138229752679036e-01,2.517531104112964435e-01,6.060655846539314551e-01,5.652035032536253389e-01,6.563109004221583387e-01,1.947742120795251941e-01,9.891845705598212302e-01,9.739697648474696656e-01,7.174602643745532360e-01,6.661129455364712681e-01,6.053215739445958476e-01,8.488092436239877969e-01,4.312991889796817802e-01,7.338148755195427198e-01,3.111944710928198909e-01
9.560732517808303577e-01,8.067160398019089795e-01,9.121308310536503372e-01,7.197633783894704651e-01,6.957005977781646200e-01,4.486367149140776944e-01,4.372076145138226178e-01,4.094728626363924179e-02,7.707400472054429796e-01,0.000000000000000000e+00,6.081801394461333610e-01,2.386501901479876897e-01,6.798197391805751444e-01,3.971250685556991789e-01,4.494658544393246857e-01,7.734118680377110033e-01,6.052945601860149072e-01,4.857025442471242238e-01,7.136718988076905523e-01,8.508783441648732904e-01,7.054611548429007284e-01,7.031245357415900621e-01,2.842528177991812122e-01,9.397982600703237432e-01,9.472226747202043828e-01,7.127415059436201794e-01,4.307346066184871702e-01,6.199631169263150055e-01,2.908777137020283066e-01,2.875927790638054260e-01,4.337671429146220392e-01,7.138582638522021906e-01,8.999028033775811064e-01,9.944451386883274013e-01,3.043247084533486357e-01,4.095807964060002027e-01,1.522990991619056766e-01,4.446229744010958829e-01,7.467787021897436261e-01,6.412903957569413560e-01,3.545317856562832382e-01,6.362385223395350398e-01,3.399265343499845438e-01,8.131313353830463830e-01,6.739436102737639267e-01,9.577934656476468911e-01,7.455521407539598133e-01,5.262351432652224714e-01,7.875757377662380154e-01,5.386609237402245620e-01,4.041369049501013500e-01,9.833773284570715978e-01,9.133868759254328840e-01,7.022254290303320268e-01,4.049403515220041383e-01,5.539138729445732823e-01,7.147213055319497910e-01,6.683598679829023670e-01,7.026208063143483118e-01,3.831491891435760966e-01,7.832870036987144013e-01,7.944249971020334034e-01,6.622995534161569831e-01,2.341762767210990581e-01,6.379031144530531439e-01,8.561496011966259756e-01,6.383860378848590367e-01,9.679899763967295678e-01,4.042130511991559594e-01,8.410405277922237133e-01,6.208047953749202819e-01,7.134067827320033084e-01,8.288189226374935714e-01,7.305282929040034512e-01,2.554800387742068857e-01,7.670894323170958096e-01,5.154822060598996947e-01,8.088970664548849054e-01,7.006051590527014039e-02,5.321277572955133151e-01,1.040730597569948235e-01,7.779856554194828355e-01,7.306029111385123898e-01,7.717661326194462657e-01,9.107718012161717391e-01
8.014561519142691104e-01,4.894985974782258831e-01,4.505957372813163553e-01,6.948888808961002361e-01,8.262890391702002457e-01,1.403234575049614741e-01,4.082113975235895365e-01,5.461505486322248970e-01,6.738695846500629694e-01,6.081801394461333610e-01,0.000000000000000000e+00,5.730066991665874188e-01,9.686994301824997100e-01,6.584544084915411322e-01,7.497954419402281800e-01,7.211858831875177511e-01,9.280389508920333652e-01,9.856752021392664043e-01,7.090105382036947512e-01,6.573369201839034393e-01,5.720394167714882849e-01,5.309672955437784170e-01,7.692848792444754169e-01,9.064171347017370151e-01,2.836399409049661369e-01,9.296304945393371044e-01,8.229759574997689286e-01,7.390851120390126150e-01,8.302720166543030578e-01,4.845528067433698127e-01,3.881974727005435000e-01,8.210980641526081092e-01,5.615115078788612824e-01,8.429809610322229751e-01,7.541206996581368838e-01,8.908335123531183619e-01,3.339237723624236542e-01,3.015256779884235572e-01,4.734493502033558787e-01,5.856921673443474807e-01,2.650791812026928040e-01,7.645584392454394251e-01,9.122190422988908365e-01,4.744939445805270162e-01,9.685830813296694153e-01,8.665074022149773514e-01,9.985230503228815779e-01,9.749680222881818015e-01,5.874238663915959391e-01,9.952413610005870215e-01,6.466482674541034203e-01,6.474696667834649588e-01,6.441131521336157517e-01,9.777124864646502544e-01,8.087510865014353456e-01,9.224141726826302623e-01,7.831829962356923192e-01,9.333739759755972365e-01,7.473985441479085168e-01,3.373376833809026420e-01,4.298835399787500067e-01,7.329822999016434304e-01,8.005179273765530290e-01,9.961072155775672066e-01,8.070860449601257036e-01,7.810641102028569316e-01,4.935699931916925909e-01,8.129947919409213908e-01,5.996180023770179002e-01,7.812509015564992332e-01,6.631211547443620624e-01,3.627050601547673891e-01,4.889291296318508118e-01,5.368162362084467620e-01,5.132532723598196567e-01,8.673242471365154582e-01,4.603038853880944137e-01,4.861286117858956701e-01,4.622288553046376980e-01,4.224078536360574287e-01,9.949861144398465251e-01,6.301762436034691328e-01,7.650426088031525573e-01,6.226866213046858833e-01,5.394353501730035916e-01
4.934057199411481243e-01,6.655219665387830386e-01,8.509400373872817447e-01,9.364992513624038617e-01,7.280443137710184143e-01,8.860267662218851425e-01,4.858099162210102184e-01,4.284673967785550541e-01,7.953808987369408445e-01,2.386501901479876897e-01,5.730066991665874188e-01,0.000000000000000000e+00,6.772194961783115641e-01,8.777880150727839226e-01,5.928422667324778628e-01,6.850425307834041577e-01,8.639000205824837186e-01,7.270547980303426749e-01,7.653608982995373511e-01,8.738275024367785360e-01,4.764308921579756828e-01,-1.386597791815445957e-01,7.990235109335459551e-01,8.172121071954584481e-01,7.520720152915791878e-01,6.061974118073106821e-01,2.431635722977751601e-01,7.695785586398220524e-01,6.622960988340875765e-01,5.781494456157691975e-01,4.350828918555230684e-01,3.997580249793576956e-01,5.736681666470133667e-01,8.391274819062111145e-01,5.989708775715675282e-01,3.525459405294134596e-01,7.728610375625146744e-01,8.933113651180200065e-01,8.344138574532391495e-01,9.731784869085263745e-01,5.785372681074615331e-01,9.992757429187693052e-01,8.538576809344557983e-01,9.702950999952514310e-01,7.498412434787591341e-01,7.060917580260985815e-01,9.621680083943526807e-01,7.457494572106997399e-01,6.995818965749414087e-01,6.718209122728452387e-01,3.085318795800229275e-01,7.718927615035696688e-01,8.084099520046050813e-01,7.520468311490082769e-01,7.076147952627063198e-01,7.216854280106599351e-01,5.464431333202010022e-01,6.172462807986354161e-01,5.442522034036438860e-01,3.967814113549558153e-01,7.639185135423677275e-01,5.625069137173919209e-01,6.786352388930353419e-01,4.307408224371982453e-01,7.558214562761574884e-01,2.842615628377009318e-01,9.267179994679153321e-01,9.269437180294052281e-01,7.796444416863390625e-01,9.361785324942761832e-01,6.668732242213445405e-01,8.454662491234250510e-01,7.838823730056900807e-01,5.000361707701356240e-01,2.396770178638758797e-01,9.734005680263271287e-01,9.979727997594682876e-01,5.029629668593104119e-01,5.780115700256222011e-01,3.680222565949300972e-01,7.140014449000696706e-01,9.410570699114891857e-01,6.222919823733327194e-01,2.411899182325912272e-01,7.517991993446994092e-01
5.198909973504253212e-01,8.199335832535099566e-01,7.428194259181172265e-01,8.908435489121756534e-01,9.060180335534938623e-01,9.001919999364826896e-01,-1.759354923083198685e-01,6.721245188471394183e-01,3.401149942182749575e-01,6.798197391805751444e-01,9.686994301824997100e-01,6.772194961783115641e-01,0.000000000000000000e+00,8.546597417514664174e-01,5.439547985212440651e-01,5.486789861976721916e-01,9.687296962697641289e-01,9.325267471225713312e-01,6.768267816425077577e-01,6.582049161748854127e-01,9.793482403873944309e-01,9.855267101494278315e-01,8.646550655588572942e-01,7.910825103289137461e-01,1.041119115213510055e-01,8.846432927006362412e-01,8.815255881566953500e-01,5.567416062224590512e-01,3.980527088828501037e-01,6.493607743820271061e-01,3.971883477630778758e-01,3.837110753627733795e-01,9.284832969656621193e-01,6.353137523176295431e-01,7.950629193246209203e-01,4.100363951842174726e-01,2.816196266454532027e-01,9.371909534327086400e-01,6.139915828206435888e-01,8.350270143708791171e-01,5.213886974233965521e-01,9.013004198710983239e-01,5.862314161157169412e-01,8.122572000270797954e-01,2.946272658906421982e-01,2.507454349941424243e-01,8.348343434312222033e-01,6.358620659135029163e-01,2.755414231042335738e-01,6.610687576796410170e-01,6.641779592047785119e-01,7.744438247069673764e-01,4.605241449347992622e-01,6.179227036971044473e-01,7.849487263080823229e-01,5.823977751489521903e-01,7.882835166591437570e-01,6.796747117655702608e-01,7.022848928582864358e-01,7.077185627760694819e-01,4.255299527177366370e-01,6.521645080153644081e-01,7.515525992243462516e-01,9.321515186740889636e-01,6.194809029392651656e-01,4.636292976104677832e-01,8.712682768859945082e-01,9.925163961822347503e-01,7.377991482484838048e-01,8.693266804749786303e-01,8.853104015758532785e-01,8.090069333010292407e-01,-1.301400374968384455e-01,4.561426129063718693e-01,7.438597571240979089e-01,8.297432872939972670e-01,7.662426603653552659e-01,6.264844634850441629e-01,4.998837274023102406e-01,7.962662367965966936e-02,6.492433777143300500e-01,8.181176162355543457e-01,8.189022168309770811e-01,5.863175674104528223e-01,6.743589925117955408e-01
6.854653201823408537e-01,7.277834955242497017e-01,9.134121847731149213e-01,9.181895397195247721e-01,6.093601250027864680e-01,7.865830202609833677e-01,4.366097535827108689e-01,9.119877127251421189e-01,4.225774064766414928e-01,3.971250685556991789e-01,6.584544084915411322e-01,8.777880150727839226e-01,8.546597417514664174e-01,0.000000000000000000e+00,6.937071693020873120e-01,7.749102535038161488e-01,8.645734759130825342e-01,8.167615708334367008e-01,6.661434785352299270e-01,8.607407766961405748e-01,7.931966021016163548e-01,4.081885852540692028e-01,6.855972517950037481e-01,8.350557856763064501e-01,7.957821096547821327e-01,7.843782328409140137e-01,7.126929750454610302e-01,9.412798370250307078e-01,5.245536315661850635e-01,5.840315021826250064e-01,8.999582735972256886e-01,5.067710345537010941e-01,5.541067482826582680e-01,8.581987733130950202e-01,7.413382042154402773e-01,3.077457809708665226e-01,5.398192190401787105e-01,7.711151623192925575e-01,6.981486678954919034e-01,6.123582496625153970e-01,7.263020004694121790e-01,6.306440484359816523e-01,5.211416922647582606e-01,8.340118140599031005e-01,4.466661783799122376e-01,7.655856590632830194e-01,9.036834376797908686e-01,2.818921105889172218e-01,3.446741702643144611e-01,9.927904113950404286e-01,5.567199568342146021e-01,8.608531205602634184e-01,9.740034286812256914e-01,8.161414919364833320e-01,7.260004206840896535e-01,9.343053706159605287e-01,9.267020488027826186e-01,7.975717906995083428e-01,8.056840602215094016e-01,5.773216604245978711e-01,5.235808916031113869e-01,9.507870827203870334e-01,9.094897461287627660e-01,4.717621985339268686e-01,9.392806623857248294e-01,7.034639622914757862e-01,6.590069486812626387e-01,5.395994436313820142e-01,1.811708635008961732e-01,8.526011236238936197e-01,6.631602365876498872e-01,5.159667755185352034e-01,6.264620842260100186e-01,6.919987967409632068e-01,4.185865536792223729e-01,9.466922926986726106e-01,9.898585839466629288e-01,7.309226312348823251e-01,1.696914830152546627e-01,2.805521855274184517e-01,9.353177502576903724e-01,8.343784845645221271e-01,7.403863670690100651e-01,7.465911963021123476e-01,7.009016448035950697e-01
4.171454293378262790e-01,4.267872519607393555e-01,6.346530290667171670e-01,4.934236431409402823e-01,6.962928091476477954e-01,4.484071629419000837e-01,6.767988914520920440e-01,2.558831483618347891e-01,9.663072512177899309e-01,4.494658544393246857e-01,7.497954419402281800e-01,5.928422667324778628e-01,5.439547985212440651e-01,6.937071693020873120e-01,0.000000000000000000e+00,6.762427899976756196e-01,8.862220035914276650e-01,3.258377097394618005e-01,8.684850896939250164e-01,7.734643343375930957e-01,6.633033533727881181e-01,2.755104659117738053e-01,6.666487207138951376e-01,7.562588610864979799e-01,5.170276474382841103e-01,7.723110360268738983e-01,9.982534598169531259e-01,4.679354424920813549e-01,8.447505789980952473e-01,7.740361740451989769e-01,6.974747072454765551e-01,7.052074421101656165e-01,9.416777543509245729e-02,7.650390445822830010e-01,8.436738945621178321e-01,5.202514497757003697e-01,5.612151986903268774e-01,7.306651453819381636e-01,7.824601654389485850e-01,7.966910580729371638e-01,3.004118068100768979e-01,6.551020298476893933e-01,8.632248549974835816e-01,5.214372704230650912e-01,9.834505689198143052e-01,7.987295647269493371e-01,7.211810275492602784e-01,8.846053152339236059e-01,9.855440189774078430e-01,5.109702776713808126e-01,6.632304885529110017e-01,3.873964264537151925e-01,3.813864264121552550e-01,6.531581702666614531e-01,9.389004197479098313e-01,8.923130150369491531e-01,8.294018882171136919e-01,7.307977826584644010e-02,2.929537081214115268e-01,6.354783854373747820e-01,4.908195030596665953e-01,7.112444608164700810e-01,8.267404373304689802e-01,3.539454907302472808e-01,5.137189073996387689e-01,6.816467860413889523e-01,9.505805802694982098e-01,8.786348103450378755e-01,6.525573068957920553e-01,8.924588721869418650e-01,7.412923999612922032e-02,5.437848426203871766e-01,1.722589075820842308e-01,3.615860352073307360e-01,6.070155326968033060e-01,8.140948086701581266e-02,9.390373712874195977e-01,7.264549996798395082e-01,4.906771567268999878e-01,3.028231953406768096e-01,8.260648405557505791e-01,7.375332103831431230e-01,4.082991543037925997e-01,7.552376908150324475e-01,7.574344801656609505e-01
4.417337586577991249e-01,8.901036821060408499e-01,6.324799158330343118e-01,5.269722068320533692e-01,8.182678895824695431e-01,5.175768867357194436e-01,7.141544987521719623e-01,6.878829267203044884e-01,6.556561423840701064e-01,7.734118680377110033e-01,7.211858831875177511e-01,6.850425307834041577e-01,5.486789861976721916e-01,7.749102535038161488e-01,6.762427899976756196e-01,0.000000000000000000e+00,9.300987416193722268e-01,3.272964760230193670e-01,6.579841516845224003e-01,8.695629707631271632e-01,7.841272079837916520e-01,6.786886540643533028e-01,4.756342217981034959e-01,7.616214018198227409e-01,5.720344216870550946e-01,5.084525008083548014e-01,8.145801476442215971e-01,9.361996530349593337e-01,5.687304179576873064e-01,2.177717050865082271e-01,5.156969926046223174e-01,8.384605760110755424e-02,5.077725494493156022e-01,7.367591144710610163e-01,8.722489730942766251e-01,2.648606643214296286e-01,4.772160425125197558e-01,8.901934399807643894e-01,9.761788457512421413e-01,5.707701767811960147e-01,3.763489261479034953e-01,5.995695581969617827e-02,7.381856772800736710e-01,6.898507113861521711e-01,9.679001759580363462e-01,7.480544107421077671e-01,6.303833107390368617e-01,9.511583295857469755e-01,7.017525983974157722e-01,4.622783090523064908e-01,6.434750784751762653e-01,3.102608320066298497e-01,5.482020981070609977e-01,6.958202574977918609e-01,8.260674657834679024e-01,8.759488527469520003e-01,9.292754807662556571e-01,6.748826128471407948e-01,9.270237435815458227e-01,3.267319790697698068e-01,6.960989641351994495e-01,2.504247121486069538e-01,9.139324808145219414e-01,9.116487563852138098e-01,6.285848867753430769e-01,-1.633417920796459699e-01,7.366883501631344977e-01,6.594415285629640078e-01,3.460383780236810924e-01,9.921356326501770129e-01,7.093054912565278647e-01,6.786573139907514651e-01,2.024267329116894998e-01,6.007609859075621062e-01,8.762977467591999137e-01,8.301684090565549790e-01,7.585279648138367747e-01,9.727570506761473723e-01,2.579610340415623426e-01,5.240877758680994036e-01,7.925618983487645597e-01,9.092482186796030375e-01,8.751487406050425522e-01,1.532619530007361952e-01,7.538409359892408457e-01
9.351159421815111727e-01,6.424381734829666124e-01,9.762960403722112934e-01,6.608757925988045789e-01,6.384279266572020495e-01,8.063072516679729018e-01,4.549114521071370709e-01,8.613360160379732733e-01,3.109817320417893605e-01,6.052945601860149072e-01,9.280389508920333652e-01,8.639000205824837186e-01,9.687296962697641289e-01,8.645734759130825342e-01,8.862220035914276650e-01,9.300987416193722268e-01,0.000000000000000000e+00,4.865361105179851764e-01,9.494901102431223539e-01,7.142990973393313903e-01,7.779217755778126131e-01,8.386339162200130426e-01,9.515449783147905682e-01,7.707364149627229377e-01,8.319434704626926802e-01,6.841320275271327578e-01,4.464268876556871657e-01,9.607886134375779319e-01,5.472803585634061774e-01,5.146188283102408612e-01,1.913962637770874609e-01,9.652807925746268447e-01,8.214281414260597991e-01,9.610176127564796777e-01,9.635524251137638219e-01,7.712994784394933134e-02,3.490363171672309361e-01,7.883081552001197645e-01,6.265894347305878131e-01,5.345407842451443958e-01,2.225242004508538041e-01,7.103783326702709511e-01,8.711745935198991209e-01,3.365343795781759462e-01,8.490060065909111886e-01,2.263671155352623976e-01,7.858832760389462546e-01,6.660801852472124640e-01,9.555979705627070109e-01,9.921009047338671394e-01,3.337276313151990026e-01,7.719888331059193698e-01,6.780746657153519097e-01,6.496391199695071839e-01,8.327001903701065633e-01,9.039358123326068917e-01,9.897669644119516663e-02,8.797008993331381088e-01,7.305590222257438704e-01,7.220785416131902945e-01,7.424587318005114733e-01,9.647543813676311419e-01,4.872570958288090504e-01,8.992169171725025167e-01,9.154186962748209755e-01,9.823725947334245312e-01,9.828962623088485229e-01,6.474791006658762171e-01,3.204874119242758224e-01,9.109831200520023264e-01,5.877265575685330923e-01,7.907484283807248993e-01,2.812279626539859190e-01,8.543120437077929286e-02,9.334578686041579143e-01,6.502629248818880825e-01,7.633753244074440447e-01,7.173705035180305556e-01,1.516704061643275314e-01,5.939744950529627365e-01,8.253246438483096137e-01,2.752192492357217191e-01,6.234857189591429538e-01,3.286340278302606749e-02,-1.078093127785931110e-01
5.389508260037041421e-01,7.005580791156224008e-01,5.736743864629559875e-01,8.764471408857964496e-01,7.551987716028223385e-01,5.770564407073547342e-01,3.558844699906494324e-01,7.068223865158546060e-01,8.303425356321543216e-01,4.857025442471242238e-01,9.856752021392664043e-01,7.270547980303426749e-01,9.325267471225713312e-01,8.167615708334367008e-01,3.258377097394618005e-01,3.272964760230193670e-01,4.865361105179851764e-01,0.000000000000000000e+00,7.322896781723141624e-01,9.875275193040440325e-01,9.536542544326691573e-01,7.287419124524322500e-01,7.639511422383097328e-01,5.049572449249342121e-01,7.453481853583587835e-01,7.370381275816186850e-01,4.847616741058141110e-01,7.458352939143158000e-01,2.083284625050617622e-01,7.171859914246763168e-01,6.267410568176317032e-01,7.397054516775477540e-01,6.875156443763745795e-01,6.378274457256758456e-01,7.184587954664986009e-01,5.046004979555882564e-01,3.833657318707934802e-01,9.432678970051189271e-01,7.278682622344103681e-01,6.114754464112189813e-01,-4.835993763803966838e-02,4.038252020552007271e-01,8.608031141206500259e-01,9.269769270989930421e-01,8.618267011675846412e-01,3.456895006724780561e-01,7.396595615767482812e-01,8.882562256017945135e-01,6.081035063328020795e-01,7.275103451312441294e-01,6.846479874389600484e-01,9.332828173541958261e-01,8.905241478618970419e-01,7.968751390229713572e-01,8.562487914054444094e-01,7.881977892139570008e-01,8.112641867355172565e-01,7.320725030496054719e-01,7.540738222243202893e-01,3.434721536183382717e-01,6.689441122160149078e-01,5.762553071451697040e-01,9.486274628051865054e-01,8.899565822015444994e-01,7.099297301178532082e-01,5.888379011761071258e-01,4.278027213462801126e-01,5.749595119205153093e-01,8.136604655269920050e-01,6.116743244194643436e-01,7.485990604199257437e-01,4.610534168424651469e-01,4.206939658757979372e-01,3.495490023886829167e-01,6.378291826989734847e-01,7.639405824941882805e-01,7.907510295827246960e-01,8.708316441215371295e-01,3.200442742977065436e-01,2.614990045211542657e-01,2.531975297789014756e-01,6.940578598908735408e-01,4.960811528916689306e-01,2.505134923860248275e-01,9.499518200835128656e-01
