0.000000000000000000e+00,8.171036456384336288e-01,2.722416570048252771e-01,6.249373852884346769e-01,8.501494184108758789e-01,7.336552343343899496e-01,7.078691043344342848e-01,2.265912098415637232e-01,8.501838184008323474e-01,6.116657835394836429e-01,7.957326826296244882e-01,5.596505676880080271e-01,6.346177514381403650e-01,9.604369566266254266e-01,8.400543663582237253e-01,7.744360083975920794e-01,8.514078593805524120e-01,1.806924554289096041e-01,8.201359374270789093e-01,9.646062631940220955e-01,7.230780909292153780e-01,8.946163809665107491e-01,4.531001575127335257e-01,4.231332882307499710e-01,6.993048008039870478e-01,4.276350424972474862e-01,9.263624656606430641e-01,9.430610062849327235e-01,2.374143929262944319e-01,5.790034663247881630e-01,5.198488675530285041e-01,2.889267381460628448e-01,7.350269358562558919e-01,3.016067428170959297e-01,9.750494510195503173e-01,9.142259793266264145e-01,5.246506151029597387e-01,7.440142280849679768e-01,6.422225091295501453e-01,7.269820004932054935e-01,5.734286417624332444e-01,9.544584629964036893e-01,9.514654261300004023e-01,9.106298740401499447e-01,7.615330014868642028e-01,1.924202817599215964e-01,9.719592950958005906e-01,7.989655223994518440e-01,2.609672874180348975e-02,8.496440921622587794e-01,5.756072861160638210e-01,1.894948173376977407e-01,9.799868737201103963e-01,9.379646794973952595e-01,8.251888214943405853e-01,8.609502338084665807e-01,4.183588458866536741e-01,8.026044633073580181e-01,8.403149602516211125e-01,6.153836077420428152e-01,-1.489409335970889037e-01,8.717717900379000628e-01,9.457947891362274984e-01,6.755619566735626691e-01,4.130233589005598560e-01,6.356690695226508980e-01,2.726308166044600356e-01,6.208421944245153812e-01,6.970992724030501408e-01,9.721403893097899651e-01,8.290582657563670965e-01,5.921833577342976440e-01,3.359359512535174952e-01,9.037772565600510344e-01,8.090320492454944334e-01,8.306072573622822475e-01,9.322157133585231570e-01,8.962977357082045904e-01,5.729408516804710416e-01,4.773707843911748627e-01,6.845010971976501768e-01,2.479103953205963884e-01,1.686976194943825835e-01,6.066354595109706427e-01,3.118392698134949126e-01
8.171036456384336288e-01,0.000000000000000000e+00,9.480921927660995729e-01,7.621655103509479279e-01,7.053051147065254600e-01,8.861621738759950517e-01,5.583221229616308623e-01,7.331100532951072557e-01,8.949341002305803983e-01,5.520532097541799299e-01,2.481071076769471029e-01,9.895229852647199342e-01,9.585520747337064051e-01,7.251347256558947629e-01,9.302755688284101154e-01,9.557784355582895630e-01,2.103413866416514733e-01,7.581074147754632842e-01,7.593013468293516866e-01,9.978218100349970365e-01,8.053394679761951558e-01,5.952891000329223470e-01,7.200302561738249896e-01,9.929463441143165925e-01,8.497346871499297238e-01,3.019048210302275326e-01,7.280765747868336302e-01,6.641064865234173054e-01,4.463184385125433806e-01,6.022324296770046326e-01,5.763306278386727266e-01,6.339382674292102227e-01,6.000829875208129049e-01,3.913340130615580170e-01,9.529650159172844415e-01,6.117910696629053069e-01,2.415289847635828657e-01,6.972851205665785423e-01,7.804761684806733602e-01,8.956537787268641360e-01,5.357246592687665565e-01,4.259066094771837285e-01,9.201646003184967837e-01,9.928089431214424110e-01,9.404677836581064598e-01,-1.942581297365108539e-01,5.386083001444443852e-01,7.858029758730463721e-01,6.460860923672496758e-01,6.910372177368543367e-01,7.672645368111472575e-01,4.898699753603831808e-01,7.373130833468137801e-01,7.808467902140390215e-01,6.183183311822817441e-01,9.493156668665619913e-01,4.401204892164854443e-01,9.818627762217073673e-01,9.044422178389101008e-01,4.463874746206787369e-01,5.750324385615723788e-01,7.516131888584701715e-01,9.909499536958200627e-01,6.883971910991233401e-01,9.107177062494257180e-01,5.550484457121837023e-01,7.449672746887487929e-01,8.677260834206329543e-01,9.409567552151421044e-01,7.478066058102668112e-01,8.061750599962490549e-01,3.694266167819562630e-01,6.298521192184632911e-01,3.734356531479311458e-01,4.277940314279277678e-01,9.715657857667407971e-01,7.136458995685744933e-01,8.507139849458229541e-01,4.520428661348027122e-01,6.944008961111113043e-02,3.459357113333862976e-01,3.553877431888607941e-01,9.055200960135892929e-01,1.237856611641882792e-01,2.356929026676593264e-01
2.722416570048252771e-01,9.480921927660995729e-01,0.000000000000000000e+00,9.425673945534002174e-01,8.849480696700925408e-01,7.749948654370171219e-01,5.314364429148406010e-01,6.352102744883814101e-01,8.638811318582720888e-01,9.205347090120501452e-01,8.427321028404732850e-01,6.365311306055971841e-01,7.985554900172203707e-01,5.008169431718101361e-01,5.936626007979715069e-01,8.842546250616183379e-01,7.290551740159945115e-01,7.555822311167053051e-01,6.041173831855440879e-01,5.411173484998557104e-01,8.972616782837408156e-01,6.554529312479943082e-01,6.105057758029187598e-01,6.933023770998977264e-01,8.412179592165830444e-01,8.301650159571533072e-01,5.702941090029347571e-01,9.805363852012936032e-01,5.665745961858413837e-01,7.518611126725888161e-01,3.450908071259912724e-01,8.602543976620879995e-01,6.577473832983503632e-01,7.187460103273601852e-01,8.694634350322115734e-01,5.979562738265880029e-01,4.668069838001953631e-02,8.958278539538311325e-01,9.276594568242182426e-01,7.925525947822753547e-01,1.357772466701218650e-01,9.731624734495564200e-01,6.351363296784859891e-01,6.949424030875823999e-02,9.355877934303413745e-01,8.982446106698196431e-01,9.081646255536534040e-01,7.842744774844772060e-01,8.313265117144393868e-01,8.835591963361432155e-01,7.812204003580839329e-01,2.869029975932916865e-01,7.189827295083127678e-01,8.024148944463512789e-01,8.643657096101471371e-01,8.979126057507585967e-01,8.335356003160935279e-01,9.506625681540932238e-01,9.525126328487828475e-01,2.211824479842830760e-01,3.325352227568805774e-01,7.718446525545236137e-01,4.379692955146125000e-01,8.407079324638626616e-01,4.171816470884906480e-01,6.515685461907347875e-01,9.142289525202932365e-01,4.940067167224438949e-01,3.225339884782995048e-01,8.030922104354728530e-01,9.742125010217221881e-01,7.595510540299412749e-01,4.414782674614103342e-01,7.637638590556835583e-01,8.226519540852894607e-01,8.980634110388312497e-01,4.948976188443413027e-01,8.342587074672485059e-01,5.544404722354772524e-02,7.722131099527902443e-01,5.718678941306261088e-01,7.831220625782376876e-01,7.008220395660613722e-01,6.053207181399383741e-01,8.088460549639262531e-01
6.249373852884346769e-01,7.621655103509479279e-01,9.425673945534002174e-01,0.000000000000000000e+00,6.212891360711920719e-01,7.921604545754888926e-01,4.645198018062304257e-01,7.436079527747851969e-01,8.400191425320344685e-01,9.927177776946674026e-01,6.554118194981921608e-01,7.403577989860066211e-01,9.487345765733470326e-01,6.797127146259478447e-01,7.576534941951507118e-01,4.189490916862159686e-02,4.636430739792686273e-01,6.083745869453816013e-01,8.042705115433438356e-01,4.441215435744924611e-01,7.127884575699851011e-01,4.160318581410318295e-01,6.153640644851630093e-01,2.362554795952955533e-01,9.991248923555043904e-01,4.714089712358131012e-01,6.512025859592307508e-01,5.187255300103845723e-01,2.497213177181969446e-01,-1.204194768715454306e-01,-1.805072598157176356e-01,4.626399322364617706e-01,7.824957887408386936e-01,6.915648882465810221e-01,8.619534262585636375e-01,7.827461612859708540e-01,2.764402301469353063e-01,2.418961703590382095e-01,8.611429424751897432e-01,9.941568627818975212e-01,6.170447111243833049e-01,4.901667630708894663e-01,8.206658390195423758e-01,7.584543048788705555e-01,8.680355090214392222e-01,9.343462512774236561e-01,7.146937142962873635e-01,5.273854385804672695e-01,4.024601788766255517e-01,6.534974210619586277e-01,8.164095803692350550e-01,2.857074495028720795e-01,9.634302131110873413e-01,9.833390326300892603e-01,6.081808800566933515e-01,9.708577337697497089e-01,3.515320280217494320e-01,7.534359736731500723e-01,5.081332870806277713e-01,6.340249074204414859e-01,4.740212479970776771e-01,4.595525721743368153e-01,7.106477155192212347e-01,9.065355476970387016e-01,8.202598860127158220e-01,7.148378604428928806e-01,6.119042298687015213e-01,5.559742473337679902e-01,7.960948934945253352e-01,6.127895167334710402e-01,7.655025024654501520e-01,8.736529005697835082e-01,4.510115792041657357e-01,1.635142803521767371e-02,2.725068977233823242e-01,7.644134125962582793e-01,5.462558400334446285e-01,4.183935933732721435e-01,6.617680474760945231e-01,2.518919942824203728e-01,3.023854290800600531e-01,5.041523438560517878e-01,3.082541956981732501e-01,5.998445233292768464e-01,8.472637868977206388e-01
8.501494184108758789e-01,7.053051147065254600e-01,8.849480696700925408e-01,6.212891360711920719e-01,0.000000000000000000e+00,8.665531434528837007e-01,6.345376213883409111e-01,8.059186057501072087e-01,9.934534433557627997e-01,7.014125501922200412e-01,2.806800155753609305e-01,9.271087045101380486e-01,8.187239402372992192e-01,4.280768398530627739e-01,6.080130102740092246e-01,8.916217970059518994e-01,6.772015205234178659e-01,8.739593627153570132e-01,5.513991127288911942e-01,5.925787985732670071e-01,5.439815100528878622e-01,7.839892083688756452e-01,5.872237913913925800e-01,7.609461169570459482e-01,7.438690641694341021e-01,7.543801400828974435e-01,8.862936070314910708e-01,5.765213306572101182e-01,5.683148322668103436e-01,4.878918987724143452e-01,3.803970477395066663e-01,8.054575282637791434e-01,6.232969992704233686e-01,5.307956130274107398e-01,6.662866504608280227e-01,4.503229337584995773e-01,6.662265256556604287e-01,8.600437324096160685e-01,9.962833167771563136e-01,6.693968830894915234e-01,2.248722739206150956e-01,7.875471399213289647e-01,5.344782342353637805e-01,7.162642381366656208e-01,7.998248485394214846e-01,7.506027734245079852e-01,6.535498259169225665e-01,8.489369104849039394e-01,6.768829902334736470e-01,2.679451602434905766e-01,7.431330238861107995e-01,7.276497302662499056e-01,8.365568325834904506e-01,3.731134398682706133e-01,7.413028142466184800e-01,2.177070876480668438e-01,6.623434699146677485e-01,7.478410429645419022e-01,9.519024730696707959e-01,7.586583440267267164e-01,6.536510175942835676e-01,7.612849896414006778e-01,6.549530181775478077e-01,9.466298777649375662e-01,9.062339599280057056e-01,6.549225988145871424e-01,9.620215330686332500e-01,4.946745623624465571e-01,2.555146704317337245e-02,8.834871992608288593e-01,8.790397312091452475e-01,7.332739462745753167e-01,2.334117580048766238e-01,6.563597408362433772e-01,6.785105009701825063e-01,8.582083530063875365e-01,7.753856500274343144e-01,5.690414059239307099e-01,2.467736143469290047e-04,6.478045673052860165e-01,6.131369746649638630e-01,6.837206896090783914e-01,6.314041720747978204e-01,8.716559550132843004e-01,8.258584417231684682e-01
7.336552343343899496e-01,8.861621738759950517e-01,7.749948654370171219e-01,7.921604545754888926e-01,8.665531434528837007e-01,0.000000000000000000e+00,5.030158220453970763e-01,2.528893813871174734e-01,7.326473463967209110e-01,4.202189078226215568e-01,9.928278188381219893e-01,4.675710326834536801e-01,7.382430765335686873e-01,5.545405990164752330e-01,6.884163333859936174e-01,7.743733646597918963e-01,9.324364329393828310e-01,6.231479379133068042e-01,8.032928593491457381e-01,5.340475384907116263e-01,4.787678080813986825e-01,8.819411298086043960e-01,8.386595349408257904e-01,8.058456670379132714e-01,4.835870831976173956e-01,4.315308265076155392e-01,7.953451066300986083e-01,8.014698686228021174e-01,6.440650361142427061e-01,2.142198323166323581e-01,3.957219668439059812e-01,4.483986083411959367e-01,5.318023579541275581e-01,4.127556610026457129e-01,4.845773337431352745e-01,7.487612601339201923e-01,5.213256664315955025e-01,3.633043445232452262e-01,8.321210666212838225e-01,3.397121846356609964e-01,5.965570898363006247e-01,7.401533577708442335e-01,7.911844278942383735e-01,6.730479436953726857e-01,5.474830824603443835e-01,2.262468581238211152e-01,2.899783992889118367e-01,8.691776495828066329e-01,6.340746700977147876e-01,6.903664386099607198e-01,6.669997581058397795e-01,9.125744227962784283e-01,5.668683839554786719e-01,9.719304830349673185e-01,9.353283169908644945e-01,6.437860841070724982e-01,7.095795658016222918e-01,3.198883642466385235e-01,3.114423891575695547e-01,6.183326186358910626e-01,1.058215310166556455e-01,4.312909634079521437e-01,2.500501454571322779e-01,7.691282582455747363e-01,8.958081560914221697e-01,2.813045782827173213e-01,8.717825486174687333e-01,7.941608778341111563e-01,5.280804391555196098e-01,5.562622054144537032e-01,7.091520579412378122e-01,7.368846584821716617e-01,5.056473940166316128e-01,7.468097306116862066e-01,1.614702860795755590e-01,-5.951199915036128885e-02,6.895038557480477337e-01,4.081205750149972666e-01,3.408256915398228948e-01,3.600351010962699050e-01,8.197774443979641834e-01,6.724686226640946840e-01,6.790581448663393083e-01,5.196296122150803609e-02,7.926040382059538203e-01
7.078691043344342848e-01,5.583221229616308623e-01,5.314364429148406010e-01,4.645198018062304257e-01,6.345376213883409111e-01,5.030158220453970763e-01,0.000000000000000000e+00,3.890538936088557831e-01,-6.911183284502767088e-02,3.163933312680828336e-01,3.531799977435711169e-01,7.599436531851885279e-01,4.814848775171005624e-01,4.544390807147259959e-01,2.202104271470374519e-01,9.613545227530958526e-01,9.356961535674799268e-01,6.906511217860137331e-01,5.384741264358727797e-01,9.211786339608761809e-01,6.073279512916576195e-01,4.883243060852007211e-01,2.377372283690803167e-01,7.588699321502778705e-01,8.920967890878092055e-01,8.890551624857943036e-01,6.355298753351369401e-01,5.542602676012159391e-01,7.560109180326676226e-01,4.676215546334259177e-01,1.163968693264028033e-03,6.710515176670341919e-01,7.029286472652985784e-01,6.876626988941398899e-01,9.760820485716952266e-01,4.787244096944907601e-01,1.912540095244014693e-01,5.458837074741366147e-01,9.335562979961024022e-01,5.029850654434969703e-01,5.652697636392403080e-01,6.918557420433695260e-01,8.881900023458265681e-01,3.370925846082265531e-01,4.789083311597346349e-01,7.049558214164846071e-01,4.822981151297998648e-01,3.555690519482734846e-01,5.299325742181846266e-01,6.666328383286345138e-01,2.360644348927723735e-01,7.980346988663983288e-01,4.203729784960718030e-01,6.603466795774842746e-01,8.204640739363480151e-01,3.979076573368917069e-01,2.596038243270122892e-01,6.029930140940257255e-01,8.239705393742925432e-01,5.402081721051031904e-01,3.376330727075786964e-01,6.844412528187503453e-01,6.337281802471640413e-01,7.093914070455733523e-01,6.771470188257922018e-01,4.992000051963420004e-01,6.508118996092817632e-01,7.497974227429194949e-01,6.815930167320821687e-01,3.041869716414480895e-01,8.945236270842196191e-01,4.496956690598641337e-01,8.322718325790965377e-01,7.722483707737001213e-01,6.130177094077962074e-01,2.642513501077852767e-01,3.328398071991253149e-01,-4.695321708310989939e-02,6.351011542055824410e-01,6.050905244949331685e-01,4.544545137204453189e-01,7.329710623278674619e-01,7.166536861591930041e-01,3.210160453342405379e-02,6.348340004093657729e-01
2.265912098415637232e-01,7.331100532951072557e-01,6.352102744883814101e-01,7.436079527747851969e-01,8.059186057501072087e-01,2.528893813871174734e-01,3.890538936088557831e-01,0.000000000000000000e+00,7.923970728047846634e-01,7.033136687612381310e-01,4.796426173251230884e-01,3.072068565209899460e-01,7.624469348872741081e-01,6.028165495814469255e-01,3.468521686460387388e-01,2.936284066688769068e-01,6.961319043582605559e-01,2.806488500270513109e-01,4.788780850107384746e-01,9.623326340705360415e-01,5.857140784603427353e-01,7.910972950932400050e-01,8.747891174799642400e-01,8.074126861343617900e-01,6.958111223988887595e-01,5.798654261389533104e-01,6.698208839668512438e-01,2.931673079004981086e-01,4.247327803368230459e-01,7.072171698470411938e-01,3.491444461071813166e-01,5.241630178758011072e-01,7.317982544107386467e-01,7.536174661487518023e-01,4.372038314436244577e-01,2.344275078704277093e-01,-3.088634110664046362e-01,6.943380384331572230e-01,8.859510657373348419e-01,7.454784182594055286e-01,3.393811219018759706e-01,6.271804479120409725e-01,6.125257896463996987e-01,8.548061262776236457e-01,9.472104296110525068e-01,7.546517322383093918e-01,2.988959125170182474e-01,8.820169870089137332e-01,4.265275950500972413e-01,1.387072423709289903e-01,7.716322634793840174e-02,6.441097859059308206e-01,2.731870250941236256e-01,6.868613967863514969e-01,9.120540317858343293e-01,9.207310078860656555e-01,7.680578948857685884e-01,6.861304200581004320e-01,8.882505619494065474e-01,7.732276638925392742e-01,4.373290563818973964e-01,6.591011235302292048e-01,8.500859457474744252e-01,7.721615698772722469e-01,8.286766913619084685e-01,3.152892859670380354e-01,3.700657135214290294e-01,9.629989240095861991e-01,7.126260809657901651e-01,6.347680070368875160e-01,4.770059209212795803e-01,6.186945774462876413e-01,3.881819303153370426e-01,6.786550513339544288e-01,4.728529201908385771e-01,4.243831447091693798e-01,5.760031885408100072e-01,6.841702259758070115e-01,3.512698933842543503e-01,4.098535464561103292e-01,2.660256769992564996e-01,7.574500280229850002e-01,8.234037472753390485e-01,6.039924118646428086e-01,8.939759805998493958e-01
8.501838184008323474e-01,8.949341002305803983e-01,8.638811318582720888e-01,8.400191425320344685e-01,9.934534433557627997e-01,7.326473463967209110e-01,-6.911183284502767088e-02,7.923970728047846634e-01,0.000000000000000000e+00,9.571495903964194474e-01,7.612671929859884390e-01,6.793175603172072474e-01,6.274034166489286246e-01,3.239221864566602105e-01,7.500616439355063392e-01,5.483668480639859455e-01,4.013957668606272233e-01,6.077869809029292636e-01,4.901385648154821806e-01,7.571774387564594866e-01,6.202046781333123704e-01,9.425991709514228711e-01,7.382949749422509367e-01,8.343959773400604352e-01,9.482355942687540340e-01,2.772702870799411690e-01,8.065726993822820434e-01,7.829823162979818729e-01,5.539987590567669873e-01,4.548018799135067902e-01,3.744827580289853408e-01,6.103478808273923306e-01,6.694022264012194912e-01,6.114428584650778431e-01,6.685990791765448193e-01,3.478136879553010985e-01,2.989228151359720198e-01,5.279249070776639297e-01,1.990831654554657548e-01,8.017009948882484194e-01,7.076598257842975359e-01,1.239058945801318479e-01,6.137630141142077500e-01,6.642731944471544914e-01,8.983868028428029229e-01,8.540401240049753095e-01,1.086897465599701296e-01,8.339079071265025345e-01,6.032317783748678552e-01,4.800443208690182151e-01,3.723434570016083134e-01,9.791682850782488234e-01,8.185459690314490500e-01,6.958549123748342113e-01,9.967707036567901024e-01,2.353345522006978496e-01,5.309298330803760013e-01,9.470758389393822974e-01,6.704147180893773594e-01,6.665459212362099262e-01,9.612641033072798491e-01,6.349827205907569994e-01,6.261833586685887632e-01,5.405697056932332600e-01,6.706830822281016902e-01,7.847951750078571154e-01,7.345275026857984724e-01,8.427076027789031087e-01,4.297378143395973460e-01,3.376646873985456043e-01,9.153631182275936418e-01,6.883373146984445023e-01,2.609364166015097908e-01,2.613376473807835221e-01,5.640530425513555768e-01,5.584257811520666470e-01,6.758354283743613911e-01,3.459725989845268551e-02,7.250920107315357299e-01,2.515626148945143137e-01,7.652523601236370654e-01,9.267904267518642936e-01,8.552486919092053830e-01,2.136498507563569793e-01,4.645254528396213223e-01
6.116657835394836429e-01,5.520532097541799299e-01,9.205347090120501452e-01,9.927177776946674026e-01,7.014125501922200412e-01,4.202189078226215568e-01,3.163933312680828336e-01,7.033136687612381310e-01,9.571495903964194474e-01,0.000000000000000000e+00,7.213303597955715851e-01,6.657352887637274508e-01,7.560437293535245962e-01,6.155930842181739360e-01,5.790462567558469775e-01,8.277500060994446018e-01,6.582792602590618047e-01,9.165498034319644605e-01,6.179589677368857448e-01,6.375470111345563629e-01,7.136657277937850097e-01,7.235987794573967014e-01,2.977585467546511877e-01,9.104596440364266519e-01,5.497326873383600043e-01,9.176974502954456936e-01,9.696713577494263658e-01,9.233409854749782264e-01,6.566930612377904763e-01,4.413847238257753713e-01,4.098285135805309620e-01,6.028222896281220100e-01,9.398590708285732287e-01,9.887387489031418397e-01,6.353168503808933609e-01,4.047257022773931290e-01,5.894250278965441209e-03,7.768348674462680625e-01,8.902599779928894730e-01,4.355901294692750003e-01,9.682301099250437137e-02,8.968782959934180621e-01,7.982320824145461291e-01,2.667142963743002748e-01,3.726891957116149623e-01,7.158837204020441769e-01,9.644545287253696308e-01,6.551514055877871723e-01,9.582837268249748686e-01,7.550176773910485251e-01,5.907059293226848418e-01,4.068838021269343130e-01,9.913832914563343035e-01,5.028385865293962809e-01,7.540572897975236222e-01,8.353374999299030268e-01,7.913275529054760726e-01,8.447012470969138542e-01,6.730980692277295230e-01,6.611522880365420241e-01,5.127140846711968347e-01,3.002403945316987066e-01,7.595058822995610637e-01,8.332172062324046946e-01,2.379596837346850124e-01,5.968357722150903211e-01,4.351930203520070761e-01,9.462195045375686453e-01,6.360200721778193067e-01,6.132537078517686924e-01,7.942713126370301024e-01,7.699482882640624748e-01,7.338147619513243347e-01,1.847838881972645730e-01,6.792911264628378465e-01,7.877778907911884287e-01,5.600933079922824076e-01,4.734159266901184493e-01,-3.060419794999678089e-01,2.436604599348785039e-01,8.497173184743784802e-01,6.409819915076888641e-01,5.715015895137058877e-01,1.086736189968956490e-01,9.386832329830714361e-01
7.957326826296244882e-01,2.481071076769471029e-01,8.427321028404732850e-01,6.554118194981921608e-01,2.806800155753609305e-01,9.928278188381219893e-01,3.531799977435711169e-01,4.796426173251230884e-01,7.612671929859884390e-01,7.213303597955715851e-01,0.000000000000000000e+00,9.691605014421525999e-01,9.695729681122039478e-01,7.992215565566602731e-01,5.739018652149322497e-01,7.471903140225060191e-01,7.278594190559497523e-01,7.790322848165825986e-01,7.958854450828463101e-01,7.429045352585463835e-01,9.960187332074259547e-01,8.235669522301892753e-01,8.014332525326598455e-01,8.487977240778513677e-01,2.500569438158392055e-01,4.990077227457484499e-01,7.660714309306433378e-01,7.357548867686667382e-01,3.407548749434772400e-02,5.361095274672713629e-01,2.558625864759027715e-02,4.071532251882911124e-01,7.956067650002679459e-01,7.497889812364100237e-01,6.167217433002070148e-01,8.602328796459024485e-02,8.511142067584738513e-02,7.253680614268565030e-01,4.797967582043458079e-01,6.318308881443900349e-01,5.588970702193223339e-01,1.815143825240925907e-02,2.930089795112268969e-01,7.353840275358705103e-01,9.778279476881597265e-01,6.622323883161949087e-01,7.701306661594106151e-01,6.772835126032167308e-01,5.022403335346741216e-01,9.394676258988667872e-01,-5.051183603897732577e-02,7.829662887622723666e-01,7.856252524216238431e-01,7.171817381514236089e-01,1.240107529731324237e-01,6.463757230445925650e-01,9.498593948302633816e-01,8.498809007926422243e-01,9.692661646590089441e-01,5.734924066344974092e-01,2.341591431167269199e-01,9.165847757046579058e-01,6.823948328838325139e-01,7.562032694607473404e-01,9.329202551819274492e-01,2.706648612121761999e-01,7.039911021418275849e-01,6.127110120099973356e-01,7.327494839326462728e-01,7.596233685686472059e-01,5.235871923327968247e-01,6.598719111083185540e-01,4.937633878108119156e-01,2.812061010718279186e-01,3.545676090810255809e-01,6.414574256108572792e-01,8.936704268704973586e-01,6.411806566199603763e-01,5.217938357061071564e-01,8.994876404097751355e-02,4.062100178611466328e-01,6.758007561197179047e-01,9.897414480889827892e-01,5.812170264840561540e-01,6.056948049171559934e-01
5.596505676880080271e-01,9.895229852647199342e-01,6.365311306055971841e-01,7.403577989860066211e-01,9.271087045101380486e-01,4.675710326834536801e-01,7.599436531851885279e-01,3.072068565209899460e-01,6.793175603172072474e-01,6.657352887637274508e-01,9.691605014421525999e-01,0.000000000000000000e+00,9.635101862548199891e-01,8.847194324353798711e-01,4.755999201657341580e-01,7.503844041822278488e-01,9.889924981807993731e-01,7.102496848922408290e-01,6.466070335444491501e-01,6.883517118101069032e-01,9.585028579976986318e-01,6.599655148968239793e-01,9.351593477982358404e-01,3.290062143913393689e-01,6.684906401802029885e-01,7.763667139014027718e-01,3.405032428846564985e-01,9.487066754391622059e-01,2.615339593960944731e-01,4.633374988546805073e-01,3.293485165373784274e-02,4.591470563404095317e-01,-1.299293060558189827e-01,7.419917821021807525e-01,7.243605887527162501e-01,6.620265225192862868e-01,2.256874303635447998e-01,4.893286184133788241e-01,6.440629351925053481e-01,7.379854897910649303e-01,6.379896778106273203e-01,6.221547364234287780e-01,9.605096916172333188e-01,6.933233842163301075e-01,8.887113008116794832e-01,5.428589109154819958e-01,7.174547654701437516e-01,7.664969129696201922e-01,6.301721739073512518e-01,8.013803175279451407e-01,8.201635783077271258e-01,9.820121886782922083e-01,7.095117702254818415e-01,5.671670323725854779e-01,9.001780036306041843e-01,5.603028831605847415e-01,9.573021845295923704e-01,9.891216426929958505e-01,8.285947823981814064e-01,6.409331117833355629e-01,4.830279238403542008e-01,6.795416315250688566e-01,9.452920543708372980e-01,9.318634982422269175e-01,8.834183965074773326e-01,6.304033177853748393e-01,4.343117862961992093e-01,8.523158549620521995e-01,3.098634722955219134e-01,7.949937202479506748e-01,5.980934983859625964e-01,7.315506784308283272e-01,6.533496425460909585e-01,3.746568009191570958e-01,7.578414135217459435e-01,6.933446413518155049e-01,6.201877317678033963e-01,6.285917368633273661e-01,2.416448365784593377e-01,3.988831773649673673e-01,3.755511205144012044e-01,6.692722661905234904e-01,8.282889748764471483e-01,5.668917601115903704e-01,7.359450054335288094e-01
6.346177514381403650e-01,9.585520747337064051e-01,7.985554900172203707e-01,9.487345765733470326e-01,8.187239402372992192e-01,7.382430765335686873e-01,4.814848775171005624e-01,7.624469348872741081e-01,6.274034166489286246e-01,7.560437293535245962e-01,9.695729681122039478e-01,9.635101862548199891e-01,0.000000000000000000e+00,9.508523755060871441e-01,9.087809037036821413e-01,6.100684636070579092e-01,8.792140830946270080e-01,7.983162124772151813e-01,9.299975019546300459e-01,6.349830347430444055e-01,8.770126643118435483e-01,6.989629558084270444e-01,8.350474418102707963e-01,4.866624791510801296e-01,8.143390702485079347e-01,9.169775430741444744e-01,8.579987989707539286e-01,4.354097224004968014e-01,5.269720478044269685e-01,7.291568916157546987e-01,5.062845326749572106e-01,4.028527952648079391e-01,8.169952024405879865e-01,3.349090740360241569e-01,2.417323743424407700e-01,6.159620962729465132e-01,7.972868721939991854e-01,2.327834081877915851e-01,7.127646778520844162e-01,8.405391285188283934e-01,7.295446204905559062e-01,9.196432641957583698e-01,6.414488882872753095e-01,2.607616640687834830e-01,9.555431279935218125e-01,5.225499676541253136e-01,8.454556918288407275e-01,8.011002847197404853e-01,7.999825720335989043e-01,9.877817143535370104e-01,8.284651293719331733e-01,8.133317350521672706e-01,5.657265186661960543e-01,6.541930528928758815e-01,7.067080936708773908e-01,6.263865832262697220e-01,6.845067280348962058e-01,9.536648850612174932e-01,7.245342607802901513e-01,5.801557775027723629e-01,2.436270354363790358e-01,5.098799905210161798e-01,9.627706038985426318e-01,6.610890462167842152e-01,6.238206106030065312e-01,6.729797699095744212e-01,8.373894919181092966e-01,9.105784498526160453e-01,2.884295490526247452e-01,7.270854509910926744e-01,9.006439511679091847e-01,3.345551768975851270e-01,5.406145411420535396e-01,5.139395724737442217e-01,6.778942642509913075e-01,7.979345965848481104e-01,7.079701687438048063e-01,8.390259556693516751e-01,2.967295529684599309e-02,4.967996584107527980e-01,5.366015883542287757e-01,9.493998051592296150e-01,6.918634965221421851e-01,9.711268804691717271e-01,7.560307973351427790e-01
9.604369566266254266e-01,7.251347256558947629e-01,5.008169431718101361e-01,6.797127146259478447e-01,4.280768398530627739e-01,5.545405990164752330e-01,4.544390807147259959e-01,6.028165495814469255e-01,3.239221864566602105e-01,6.155930842181739360e-01,7.992215565566602731e-01,8.847194324353798711e-01,9.508523755060871441e-01,0.000000000000000000e+00,8.795720304615599616e-01,3.807714163343111080e-01,9.979935426932814435e-01,8.788444839703566380e-01,9.334191782203169474e-01,9.860740802851225562e-01,6.557581616625912657e-01,3.113059369635898244e-01,5.440386737447704402e-01,8.728088449365559720e-01,4.874580229004911724e-01,8.541115714388129998e-01,6.150885355236076490e-01,9.852342332232066902e-01,7.644647071513832604e-01,6.081394390407934836e-01,4.611325713024338468e-01,7.638678558289008214e-01,4.972113145363741271e-01,7.300754687846116031e-01,6.215672581178622869e-01,4.259065417614990579e-01,2.461301102391651729e-01,7.610937862951785426e-01,4.141916151627364484e-01,4.651096837536981554e-01,5.195189897161438530e-01,7.613756109447828990e-01,6.861522406007426467e-01,5.627761157126878189e-01,9.449220456929524614e-01,4.473339401714045427e-01,5.198218245616805788e-01,2.461461121723444168e-01,8.046453023325621512e-01,8.040256982499127680e-01,8.638946578623734052e-01,8.154871206788288918e-01,8.558673540137535785e-01,6.508771865780478283e-01,9.050314987246635967e-01,7.862925609377761083e-01,8.707491214240741240e-01,8.082047306094893857e-01,8.971476530724834531e-01,5.097829200050526532e-01,4.672354063258269408e-01,7.955716185509628113e-01,6.626067285035815990e-01,8.525235471558181288e-01,3.858255682652125262e-01,6.917361742350595089e-01,3.355202551264088728e-01,6.881249730650650376e-01,6.449875813927820056e-01,9.024858739800887264e-01,3.203812885025336763e-03,9.262029457093559071e-01,5.802942839031111077e-01,7.905312015200335329e-01,6.879386112450928126e-01,2.922859692847085133e-01,4.619758370230506173e-01,6.450441777248574482e-01,5.191700827705939547e-01,4.495440614473368846e-01,9.556047371259618339e-01,4.476426237672991859e-01,3.764517744573657732e-01,4.954744797448160099e-01,1.716883242095628981e-01
8.400543663582237253e-01,9.302755688284101154e-01,5.936626007979715069e-01,7.576534941951507118e-01,6.080130102740092246e-01,6.884163333859936174e-01,2.202104271470374519e-01,3.468521686460387388e-01,7.500616439355063392e-01,5.790462567558469775e-01,5.739018652149322497e-01,4.755999201657341580e-01,9.087809037036821413e-01,8.795720304615599616e-01,0.000000000000000000e+00,2.237187107390552487e-01,9.147087239414726234e-01,6.039808372214263699e-01,4.974676153073261942e-01,7.916464461480807735e-01,6.506917229407006564e-01,4.749287891210367540e-01,6.064432939903410258e-01,6.588400241248012490e-01,6.985369100747287341e-01,8.050391687917396455e-01,6.849218361071934824e-01,8.337456509701836049e-01,4.560618112319850259e-01,3.795009557761532260e-01,3.433200900969334279e-01,2.639611403528643319e-01,7.627824459785323974e-01,5.706736435931530904e-01,4.829900614487764865e-01,5.310314340885368134e-01,9.320450154884554750e-02,8.951333842667380525e-01,8.940471227015578393e-01,2.394729817835849761e-01,6.390223293662965487e-01,6.205401043664198202e-01,6.572082830863891223e-01,8.160529349485067252e-01,7.507626539072737026e-01,6.444373170856411148e-01,5.414780318191105835e-01,6.786899028271982104e-01,9.286851977430582439e-02,6.648556111581068739e-01,4.401629820013494010e-01,3.154540282503995874e-01,6.657734222508688848e-01,8.556042817209346119e-01,4.601590263714971374e-01,9.947210177939014297e-01,5.601603710933189539e-01,5.635757254445247222e-01,8.673130014544840893e-01,4.895978551089053554e-01,4.096534614217066106e-01,4.022624149949973749e-01,7.018071720771268396e-01,5.282268292921851183e-01,5.728658243716358012e-01,7.282722501098222168e-01,8.248458308998195543e-01,9.393512085534305722e-01,6.121694229923255737e-01,7.295757947665727494e-01,9.925120743883177887e-01,5.217278643847338415e-01,5.928262440051315085e-01,3.822332325114323193e-01,2.061352215421591028e-01,3.564076988543116720e-01,8.674816466015595751e-01,7.043059217811110662e-01,4.547775615357259604e-01,5.508225515532311212e-01,6.271129637369841081e-01,9.007702027416524260e-01,3.744011757300698129e-01,7.193981161659162016e-01,7.936083656046453161e-01
7.744360083975920794e-01,9.557784355582895630e-01,8.842546250616183379e-01,4.189490916862159686e-02,8.916217970059518994e-01,7.743733646597918963e-01,9.613545227530958526e-01,2.936284066688769068e-01,5.483668480639859455e-01,8.277500060994446018e-01,7.471903140225060191e-01,7.503844041822278488e-01,6.100684636070579092e-01,3.807714163343111080e-01,2.237187107390552487e-01,0.000000000000000000e+00,6.117492735026058837e-01,4.289422806424101342e-01,5.213223413266644402e-01,4.684983248416669244e-01,1.702355529552915803e-01,8.349049819444609444e-01,1.262153228457240095e-01,7.427480187543304968e-01,6.997638159141610359e-01,9.286483034408810067e-01,9.262284783148827527e-01,2.319134306242356947e-01,5.743858086513913275e-01,6.815555443690647364e-01,4.348326841853011326e-01,2.908374676068598008e-01,8.444999597941220681e-01,8.603310767520876146e-02,8.306574942240851911e-01,7.612454239041427373e-01,4.497518460386772943e-01,8.432760220247160765e-01,5.125320137476989668e-01,8.063929514723351399e-01,8.460218472968644710e-01,7.282119030311755559e-01,5.003826109924288668e-01,5.724858060630318990e-01,8.690504898228881281e-01,6.338731599900000457e-01,9.213371861182022560e-01,5.142461494362857710e-01,1.855414914406702254e-01,7.023735722276825966e-01,6.007684836854916277e-01,6.406748520779530498e-01,9.798345071189876743e-01,9.586190476413162243e-01,9.726738231344799201e-01,6.174924693237806572e-01,6.039027345165420835e-01,7.310938506041442242e-01,6.232884620949999954e-01,3.957742995052987434e-01,7.047765940897918746e-01,4.871560296268923063e-01,5.211067967034282988e-01,9.420808078261805329e-01,8.442620978251743624e-01,9.978160629973238382e-01,8.827822259400645022e-01,6.184186651613506891e-01,6.830572228768232446e-01,7.207288359959408419e-01,9.108901098530542972e-01,6.661221365881049294e-01,8.408517057351999613e-01,9.147892588076274034e-01,5.815763622381723286e-01,2.664978132732703231e-01,4.708300080968260137e-01,8.524014443894525339e-01,4.373383520920934298e-01,3.014936708909580765e-01,6.666818487129813064e-01,4.504670242196964214e-01,8.035197788157356635e-01,7.766100879238022614e-01,7.775610727712415349e-01
8.514078593805524120e-01,2.103413866416514733e-01,7.290551740159945115e-01,4.636430739792686273e-01,6.772015205234178659e-01,9.324364329393828310e-01,9.356961535674799268e-01,6.961319043582605559e-01,4.013957668606272233e-01,6.582792602590618047e-01,7.278594190559497523e-01,9.889924981807993731e-01,8.792140830946270080e-01,9.979935426932814435e-01,9.147087239414726234e-01,6.117492735026058837e-01,0.000000000000000000e+00,6.157244813483270240e-01,1.154566598626337176e-01,8.140715772668198902e-01,8.186670675940905806e-01,6.461614961581678696e-01,6.456029862173058298e-01,4.946978793452101453e-01,6.937712307405841106e-01,7.060284917200054799e-01,7.937094574294631943e-01,8.879335643451289339e-01,4.831778510163357576e-01,2.600283445267370652e-01,5.341840454817888828e-01,3.055710524558880037e-01,7.903667756103910369e-01,5.287684814608586414e-01,7.782798905361142383e-01,7.522079322582991834e-01,3.724511486359507462e-01,8.477978277775559679e-01,9.677619099884712250e-01,6.385139092545351058e-01,2.134839620131632754e-01,2.015901297274630966e-01,7.195500963546502815e-01,5.036339024463916125e-01,7.396425941908821855e-01,9.487629955883536415e-01,7.753371419768745332e-01,8.631826156789864646e-01,6.915303810546464813e-01,9.168831033130588892e-01,5.428529989121877453e-01,6.194345019942162356e-01,6.011340766499124744e-01,9.562600367158258230e-01,6.457169930552905113e-01,7.211017903079508518e-01,8.414817073686936544e-01,-3.061232514077205091e-01,9.205099920493152732e-01,6.537689951829945834e-01,3.130658043212785069e-01,7.017109007491315609e-01,9.683305120750137496e-01,7.655318800554781200e-01,9.293737788307764314e-01,9.448877985815626879e-01,6.643391605940147659e-01,9.229492640521209657e-01,2.257921119086603867e-01,8.271303467376825980e-01,6.757615471216350533e-01,9.045696868115556954e-01,5.710949444815670573e-01,7.975582115793303783e-01,9.616962931719776897e-01,8.803637800381670653e-01,3.458957121784462796e-01,7.757956867205424434e-01,5.195451971977957939e-01,5.903638233509354155e-02,6.329069417941787234e-01,4.426385858657616024e-01,5.064461226819969575e-01,6.339731945922479905e-01,5.114638938576995253e-01
1.806924554289096041e-01,7.581074147754632842e-01,7.555822311167053051e-01,6.083745869453816013e-01,8.739593627153570132e-01,6.231479379133068042e-01,6.906511217860137331e-01,2.806488500270513109e-01,6.077869809029292636e-01,9.165498034319644605e-01,7.790322848165825986e-01,7.102496848922408290e-01,7.983162124772151813e-01,8.788444839703566380e-01,6.039808372214263699e-01,4.289422806424101342e-01,6.157244813483270240e-01,0.000000000000000000e+00,9.104067411350543759e-01,7.525262523617477495e-01,8.009884884099990332e-01,9.399041229955706900e-01,5.109974010755504725e-01,5.962857096417004676e-01,3.457433936447555367e-01,6.190682088251293624e-01,8.615566370949102604e-01,6.976144762522047404e-01,3.153075357430421000e-01,8.101776574522767671e-01,7.904330993047785636e-01,4.004139071764887259e-01,5.260745910450533858e-01,4.001030618836996511e-01,2.074314538965758570e-01,3.640914268979348334e-01,-1.425641743968241726e-01,5.871728952804210477e-01,7.602759880615241883e-01,7.551386809006801482e-01,5.852434826064822904e-01,9.505666961813028504e-01,9.888754701272379766e-01,6.873754667066668267e-01,2.828076842254996781e-01,8.358590741700651083e-01,9.789632842282032232e-01,7.737200207450449785e-01,2.770239716226920446e-01,5.633778871092551821e-01,3.446922323715723158e-01,5.750940752128297362e-01,3.060585210291864033e-01,8.029779783256753012e-01,8.848265914101985929e-01,7.874034216729670632e-01,6.456671837708689576e-01,9.696726295779153348e-01,7.917833870853310252e-01,5.859602371630732165e-01,3.491196935152857117e-01,7.270875764449181711e-01,7.301276758536333622e-01,7.978454373374280761e-01,7.198729202990701292e-01,7.167985918272484769e-01,2.167855189025238161e-01,5.911569984263636002e-01,9.798216222377853502e-01,3.498114064239958854e-01,6.699003979798100472e-01,8.331906170577125792e-01,2.294956471218931315e-01,4.109069099643601897e-01,2.480340479301519907e-01,4.548181434849565274e-01,7.187199290571668620e-01,6.339636427925355866e-01,6.020685177151849921e-01,4.296828230797373749e-01,4.708439729199633828e-01,8.546058799611390144e-01,7.400935601366317451e-01,4.980370372247734378e-01,7.558956479693325070e-01
