0.000000000000000000e+00,9.376696185250341653e-01,8.045734495244730722e-01,8.607734201928674000e-01,4.497421341910296522e-01,4.786611829901316062e-01,8.215518242110939617e-01,5.556447079531600108e-01,6.844379924131706039e-01,5.471793720344303447e-01,9.387790514533493891e-01,9.812789101101671019e-01,5.882502922843293458e-01,9.317890688512071584e-01,9.977233264469053120e-01,4.139710416352198608e-01,9.075751349836778115e-01,8.228111977756026318e-01,2.258570505820852448e-01,8.177478880164047448e-01,9.107942674541121830e-01,9.482955322633674911e-01,2.147419144799621038e-01,2.846005566897826244e-01,8.032933945958938837e-01,8.301294122193858538e-01,8.984855250005464589e-01,6.429118076399188420e-01,5.121925129748722272e-01,5.212757961663783135e-01,3.044069884052869046e-01,9.967277334757969065e-01,5.442982746637208269e-01,4.127324841906063746e-01,8.399713876398327006e-01,2.039540468555970099e-01,4.823938928073930876e-01,9.675579114863108732e-01,7.776008678726760159e-01,8.738244445383032133e-01,7.635569965144968219e-01,9.160209302097265249e-01,9.544443648115956691e-01,8.270990089907745979e-01,8.604490461963458792e-01,9.050390975398522331e-01,8.914055510597439502e-01,6.108699516957303288e-01,6.688965676942588701e-01,8.221948704939461283e-01,4.459114661253172907e-01,7.050621951387477937e-01,6.459317852592210141e-01,6.456774546015533467e-01,9.147476951900631592e-01,9.396882831038280148e-01,8.141196393171857837e-01,9.187075779391321584e-01,5.705630462131422442e-01,3.402047100624885356e-01,6.237349999540885426e-01,8.040842688838919505e-01,4.768236299398715405e-01,8.422000400211524518e-01,8.538878758351555742e-01,4.337283471089261044e-01,7.922500364004566586e-01,8.190225226553138338e-01,6.894037659296667897e-01,9.457920619469544210e-01,8.961091070046489637e-01,9.997516901523684218e-01,6.231544236386371560e-01,8.757858677989281970e-01,8.180332238016908564e-01,8.391011189506087931e-01,9.489573595942533135e-01,4.927953091503130545e-01,4.192598247094893593e-01,6.057133651430584020e-01,2.638807068862419891e-01,8.172448332693024176e-01,5.174504066566536498e-01,2.432890481066306843e-01,8.803388580137971875e-01
9.376696185250341653e-01,0.000000000000000000e+00,8.076749780678676993e-01,4.262254223845961532e-01,7.152820397259627150e-01,7.402478093357273137e-01,6.168569488192195971e-01,6.003987882705236201e-01,8.389385158677614696e-01,8.553188768966721867e-01,2.418153352266601275e-01,7.357458158795670000e-01,9.383150541385794075e-01,5.922154578653049395e-01,7.310364441856521678e-01,7.877082672858002343e-01,9.148597849330385445e-01,6.873355187271054101e-01,9.179716734279801393e-01,8.906975958699766549e-01,8.393686924183796361e-01,6.327313035996975366e-01,4.202603907464521615e-01,9.255114310743942641e-01,2.067540067950127680e-01,6.531720660365609721e-01,5.815910206118856118e-01,9.323936141389554955e-01,3.895509479072027936e-01,4.520016477198361970e-01,6.421163065266319858e-01,7.257029062624614779e-01,8.595103681932463324e-01,7.134911272200643584e-01,9.657786113696271713e-01,5.083343004959066658e-01,5.452897986382081452e-01,5.194234658727461262e-01,9.512129458601570331e-01,8.878052063615944345e-01,4.350751398636283351e-01,6.095526888900512086e-01,8.963574007608906546e-01,1.415978205592057504e-01,9.807453062361422003e-01,6.388757606326644911e-01,8.389129923967582059e-01,8.031432723687048636e-01,7.442363309129547133e-01,6.170191955700929931e-01,3.728761659607996437e-01,8.325946381450167744e-01,9.806549527165691060e-01,6.615563889029828504e-01,6.498500301182288386e-01,8.701549676919091425e-01,6.575058915160220119e-01,9.916149085589045509e-01,2.494362523022849998e-01,6.993599871816319480e-01,1.086801169515725640e-01,7.945238410526209716e-01,6.887445889221838202e-01,5.721639622810108516e-01,2.654490995813492682e-01,5.614048404756727395e-01,4.358005105078674446e-01,6.023241659329106046e-01,5.440163070924862732e-01,7.405551043155106372e-01,5.640896369239618569e-01,6.049925244787388579e-01,4.547870737817600872e-01,4.101234997601604232e-02,4.649376348519026481e-01,5.354201960341180566e-01,9.239478322146985612e-01,6.464378080555290840e-01,5.448677028740562811e-01,3.834973555742479112e-01,2.330725895467166686e-01,9.256832069296240251e-01,8.305502015668290161e-01,3.538974660598481758e-01,7.686296275936684852e-01
8.045734495244730722e-01,8.076749780678676993e-01,0.000000000000000000e+00,7.320660054661608518e-01,9.353892583353894397e-01,9.212466720561884870e-01,8.848662999606897728e-01,9.674170430357340589e-01,2.453947751076874517e-01,6.383976364497316869e-01,9.914682533230230188e-01,6.596690839623606806e-01,9.774731926080368893e-01,4.743307382883128476e-01,2.974278956313860522e-01,9.215048078073145854e-01,4.850109068834639325e-01,6.388033553859180369e-01,9.102441141642554356e-01,5.059992949833809206e-01,8.972711926030183527e-01,9.837275208444660191e-01,8.846813217407877294e-01,5.701689253692945325e-01,6.740502821151301838e-01,3.235428193883365111e-01,8.202378464128142754e-01,4.493889710447865338e-01,3.125241191544403940e-01,3.707473885575126582e-01,4.325053027654803262e-01,6.904341912995892727e-01,9.332825056111329065e-01,9.218877391301723012e-01,9.786560824659089608e-01,6.291098691218492966e-01,4.854241432030227399e-01,7.659467562291294440e-01,6.116613641618648956e-01,5.718121191702041362e-01,5.389811921229770153e-01,5.671406639046867593e-01,2.790689002199007729e-01,6.976436325331089039e-01,7.694490596495024981e-01,9.635907690061688013e-01,7.007624659041281623e-01,7.971280083283520668e-01,6.354774738133484036e-01,6.383458935660893951e-01,9.659376151771487118e-01,7.962399573530358765e-01,8.532550815443755710e-01,9.132476130378799350e-01,8.404689181439412016e-01,6.077890065192377289e-01,9.471763363435129479e-01,9.067355039001939732e-01,6.863019210999267150e-01,4.962184059694743632e-01,2.889936014989047397e-01,6.945311058421375083e-01,6.323338795100599263e-01,8.961285335523214712e-01,8.729843729597557278e-01,5.502598667730038834e-02,7.583350939563031634e-01,9.227771561611206597e-01,7.530955836373309786e-01,8.202524761135273623e-01,4.643687705628955498e-01,5.018694666377746527e-01,-3.224735491533953224e-01,4.492714512568626306e-01,7.224385632084504572e-01,9.064883260877839577e-01,6.179858679868694971e-01,9.095391617894755809e-01,-1.970152299264504026e-01,2.995468271566831264e-01,6.916435059463696966e-01,9.662058493943288529e-01,8.158470078138063686e-01,6.264049990830069525e-01,6.674995833287775682e-01
8.607734201928674000e-01,4.262254223845961532e-01,7.320660054661608518e-01,0.000000000000000000e+00,7.471620733991988228e-01,6.282084203948059553e-01,6.121885012392543901e-01,6.167468277762696571e-01,8.242015263516625501e-01,3.276989357197066521e-01,9.376888186095576616e-01,2.698293725581181746e-01,9.744559824513081558e-01,7.041025358115292621e-01,7.436895205380251728e-01,2.571823034434245758e-01,9.670803327626081858e-01,7.009534962340873143e-01,7.993022661027257003e-01,6.318705943892816146e-01,4.732825871632016512e-01,4.923562807213704984e-01,5.902666090668937660e-01,8.496107843925856384e-01,5.055433865472046540e-01,9.630243518557248805e-01,6.078297403230495943e-01,8.941427429249141356e-01,1.253407642491323470e-01,4.703123484534967313e-01,4.489957150161094646e-01,6.533450702324302695e-01,9.385687973584466715e-01,9.869082551632416545e-01,6.038851164616451106e-01,5.149352283513928263e-01,4.791077669526380700e-01,6.997283421621508515e-01,5.725560154666072821e-01,8.888513115701031087e-01,5.588975650690110042e-01,6.822561981896454464e-01,8.118065908576663769e-01,8.742534557194379108e-01,9.140496824926093167e-01,8.269442910511386469e-01,9.072131028536325470e-01,6.453937080123819392e-01,5.442968511457064729e-01,8.028058152674716341e-01,7.312712205018193634e-01,7.251402087281029196e-01,4.643571967390045518e-01,6.214575893188633016e-01,7.379336838391088449e-01,7.993534454757647012e-01,9.884708222403897349e-01,7.852326701540037757e-01,8.970737164356780147e-01,7.899229073003883883e-01,4.988401654181952027e-01,7.788729649048189430e-01,6.932128329806886979e-01,7.206992548084230066e-01,6.103593029839919915e-01,7.685111013254846135e-01,7.558501480431873976e-01,9.981453885439539597e-01,9.849787452692184697e-01,9.298905575355809194e-01,5.376805307292827907e-01,9.091167538853935914e-01,6.667992985914370507e-01,6.988516757201325147e-01,7.107488132547563620e-01,7.668486178280256027e-01,9.133496714126958516e-01,6.774995187743456659e-01,7.095393707369661573e-01,4.699476725376069419e-01,9.326270884101343084e-01,2.830520683889736766e-01,8.960074989940958190e-01,3.745689068767501517e-01,6.856620593403771613e-01
4.497421341910296522e-01,7.152820397259627150e-01,9.353892583353894397e-01,7.471620733991988228e-01,0.000000000000000000e+00,9.820936694295815395e-01,1.949625495690030519e-01,5.597513519953405403e-01,2.805051522473800962e-01,7.877118878658442291e-01,5.777543947518262168e-01,8.120882269154922062e-01,9.288350602325929906e-01,7.890841140333555437e-01,6.696671650964323153e-01,7.892828136061190714e-01,9.906533142683672244e-01,2.515054055756683060e-01,8.987604276567208172e-01,8.475595624783149873e-01,5.428158130447292562e-01,5.558075708197298681e-01,9.514592467612876803e-01,7.071391276825699235e-01,5.594284850319601876e-01,7.665946709379974910e-01,8.832470911614354048e-01,9.133170878434579976e-01,2.057051105839283467e-01,7.381914885887721489e-01,5.476356273383807816e-01,4.601229794975326137e-01,6.437182250136342931e-01,6.746749580422900516e-01,2.144279924511081625e-01,2.584778673163380391e-01,7.789865038613685844e-01,3.185031467326161492e-01,6.746474898257990294e-01,7.134737222389090361e-01,7.725033600161661518e-01,6.126629052309600088e-01,6.899439126545714451e-01,5.339345080147145373e-01,8.706894280133339326e-01,9.932050202619108203e-01,6.782734710066681272e-01,4.346147173106282846e-01,9.274729702044138824e-01,3.719888229616833408e-01,6.544120087789195850e-01,9.136697783626173131e-01,6.351581013080140892e-01,9.011893371010520903e-01,7.757883344141050519e-02,4.077106068654475779e-01,7.482410360968613228e-01,9.018538830315582233e-01,6.745200641303037425e-01,2.138326294744533063e-01,3.760181416721534164e-01,9.257566061998248053e-01,9.778074372849689944e-01,7.884433390186289525e-01,6.207265047281659287e-01,8.443066310189181189e-01,6.408051459992289978e-01,8.501238706094207398e-01,5.987898462572178726e-01,8.983381778380388205e-01,8.647307245063249326e-01,8.945568994162124143e-01,7.068944880975736034e-01,4.770425103184736670e-01,6.881279802772640730e-01,9.194393589900877739e-01,6.881223626532985138e-01,7.955620434812032959e-01,3.925906552586049258e-01,4.877897852586300376e-01,8.669870627305868993e-01,8.833641608090037067e-01,8.098226688614866831e-01,2.453287104704740818e-01,2.670807801626744471e-01
4.786611829901316062e-01,7.402478093357273137e-01,9.212466720561884870e-01,6.282084203948059553e-01,9.820936694295815395e-01,0.000000000000000000e+00,4.060686066333301092e-01,3.039187232211316148e-01,6.773297687838195635e-01,7.689264050848421128e-01,7.562352874065452202e-01,6.989529663408988736e-01,9.158585419765342683e-01,6.387106707621110768e-01,4.801680377348814255e-01,9.807703467482808968e-01,8.824992163457811012e-01,8.165646990925812254e-01,8.229407345162190746e-01,8.300166222153696483e-01,9.030104224035373495e-01,6.084954743446711056e-01,4.203742372346657152e-01,5.509019627746503112e-01,2.154661114347077855e-01,8.447130624251597553e-01,9.381294206665613533e-01,7.862679574956817907e-01,4.818214950378307826e-01,5.581637354211471669e-01,4.087084040445966293e-01,7.241086764784259167e-01,6.771061623883684044e-01,7.111981827378340837e-01,3.962896105060956797e-01,3.759149457576919096e-01,3.168488471064553336e-01,7.732484811532056579e-01,5.424915719653247148e-01,8.601765409319253042e-01,6.769482912898570071e-01,4.373293970163415478e-01,2.302266633757299175e-01,5.122252893928348483e-01,9.472416172724105188e-01,9.882809510321584057e-01,7.439379150153070386e-01,7.161948322668578726e-01,7.794600814600485261e-01,8.057224694371444285e-01,2.896930212023907658e-01,3.773479053084607959e-01,6.571633191991937961e-01,9.924616569267369348e-01,5.303919097675362515e-01,6.353367791491327798e-01,9.454005775301759229e-01,5.094432829848545286e-01,3.140971601918580713e-01,9.926916500781279851e-02,4.574527217120653577e-01,5.004607030467617124e-01,5.802970206588892177e-01,9.701597831783546066e-01,7.917654704376484442e-01,9.783014958125747507e-01,5.235115355618454869e-01,6.215091679613061748e-01,6.163565097846245289e-01,6.580250305102385289e-01,8.817680823065008333e-01,5.970753533474286723e-01,6.690106615690918357e-01,5.819284255130701133e-01,6.638557654299789279e-01,6.862065118631398564e-01,8.709885694297002656e-01,5.283004999963556436e-01,5.561842701590149485e-01,3.895638464845169180e-01,4.919595040047481382e-01,9.645482486971520553e-01,9.331330595990351418e-01,3.803962564037481897e-01,9.139789278913548198e-01
8.215518242110939617e-01,6.168569488192195971e-01,8.848662999606897728e-01,6.121885012392543901e-01,1.949625495690030519e-01,4.060686066333301092e-01,0.000000000000000000e+00,2.184656969701564977e-01,2.601628907030598681e-01,5.229560547141027804e-01,4.408271866192355337e-01,8.485124173783344936e-01,5.479988642400153154e-01,5.490167102100373953e-01,6.324588343245918232e-01,1.142869958159421495e-01,8.800948002148309968e-01,3.078034853761341116e-01,9.072274867121480346e-01,9.651182490504953693e-01,7.083114251456158472e-01,-1.712347480279252376e-01,5.126359444131557419e-01,8.166527307937705427e-01,7.767923819676627595e-01,2.044533341391077674e-01,5.372964720083942547e-01,3.897147745351677850e-01,4.877517580468276326e-01,6.422330195293589616e-01,3.033707519454115764e-01,7.700917160253941685e-01,6.745409137069906524e-01,6.260365608643052582e-01,5.284409579877143992e-01,3.046334845129107238e-01,5.945667645527483725e-01,7.987122343328734164e-01,6.675823704798599101e-01,6.318770635366556254e-01,4.231758834929211233e-01,1.146537263481723773e-01,6.424330898984539351e-01,7.123935314894140891e-01,6.363926888033641927e-01,2.325861833378926324e-01,5.144408363803066875e-01,3.395424142015024405e-01,2.048481124040777979e-01,6.835820288475629170e-01,-1.541767791588486425e-01,7.175376756731204342e-01,5.828802440891656111e-01,3.739090955978179864e-01,8.314940490145329433e-01,2.539549549917125004e-01,6.970423478355946001e-01,3.975856710853740150e-01,7.796281557660231787e-01,8.091153711590304276e-01,4.176145613589124506e-01,4.196986699140192734e-01,1.662783080540554126e-01,6.130226655284304327e-01,8.672738392058936263e-01,9.212673345085445331e-02,4.000761774962028894e-01,5.006393645099876943e-01,3.177397785903287586e-01,8.307311715767706772e-01,4.309505333270676752e-01,6.436546019820692521e-01,4.702828698535207463e-01,2.295705150973452804e-02,9.599326723834273878e-01,7.693749496176914837e-01,5.397866980879515442e-01,4.786288304009294614e-01,5.820103528060905917e-01,5.001048265231602397e-01,6.504654608471377442e-01,7.268619140429957159e-01,8.849681616052845756e-01,5.999513845108307430e-01,-9.664480575602207857e-03
5.556447079531600108e-01,6.003987882705236201e-01,9.674170430357340589e-01,6.167468277762696571e-01,5.597513519953405403e-01,3.039187232211316148e-01,2.184656969701564977e-01,0.000000000000000000e+00,3.855953109983465965e-01,8.479627863954832812e-01,7.480306869179007556e-01,4.299156183646566376e-01,2.486840911335939652e-01,9.779645394400898750e-01,7.687146984830437457e-01,7.834732583281809326e-01,1.685457732051096058e-01,5.243247965816606460e-01,5.891155684223142730e-01,8.414618328768120881e-01,6.828506096715518670e-01,6.463396756729810066e-01,2.649782094516708320e-01,5.299868927831090648e-01,8.797191636401878734e-01,2.213699011099707070e-01,4.383129092656876113e-01,3.641868299836975575e-01,8.155124120440061519e-01,9.392094621246059594e-02,5.559597100077120491e-01,5.786677982981045520e-01,-4.997185107162716022e-02,5.636293067238328236e-01,5.918746042448763678e-01,3.424203079006838402e-01,1.331771778896938541e-01,3.796444600437504091e-01,9.189227502105588030e-01,4.534340780505681234e-01,5.569552983380205990e-01,4.044536781289808092e-01,4.431735527083905390e-01,4.728095487619928261e-01,8.232359584200282798e-01,6.663360988264398488e-01,7.176313624418372283e-01,4.964847573957436033e-01,6.009266629332091769e-01,1.153780159708288899e-01,8.684807946981604188e-01,5.409612162693958615e-01,7.646602365811538959e-01,2.177784980229186262e-01,6.188385605543701429e-01,8.131489358006505075e-01,9.441798391575524363e-01,7.832732543853309082e-01,6.328755129187020323e-01,5.798526699809056772e-01,2.852255183921422743e-01,4.539386974366633187e-01,8.673649004468571011e-01,7.783447327374783953e-01,7.811697061882347803e-01,5.172732000527274776e-01,6.647852086559278284e-01,9.426703879216689064e-01,2.278167206391641386e-01,2.938100845489338142e-01,7.446886800750637248e-01,5.507552078288446840e-01,5.367256258353071408e-01,3.263166710202952125e-01,3.358750637266619821e-01,7.417100880075326863e-01,5.668399749335391036e-01,6.825174816129092603e-01,2.028411443222758737e-01,6.349255964229751914e-01,5.989030575236964360e-01,7.762541786285566126e-01,5.378846631346894530e-02,2.297583172355821546e-01,7.359899321449345777e-01
6.844379924131706039e-01,8.389385158677614696e-01,2.453947751076874517e-01,8.242015263516625501e-01,2.805051522473800962e-01,6.773297687838195635e-01,2.601628907030598681e-01,3.855953109983465965e-01,0.000000000000000000e+00,5.884058095094995000e-01,7.761464078551763013e-01,7.211315952179159217e-01,8.932153125635337032e-01,8.260643940060889978e-01,9.101091262550166094e-01,3.635003108407395267e-01,8.879321667473142332e-01,7.060317577080904572e-01,4.274569602393624157e-01,8.946259853902432946e-01,8.280210444983369111e-01,5.096102251287691898e-01,4.456639850354054966e-01,6.280493026015007141e-01,5.197552627339212528e-01,8.482233488166153190e-01,7.740764247572614609e-01,9.380477914741567336e-01,2.701622434425029473e-01,2.136112925297462550e-01,7.330755135077957618e-01,5.245230303412036221e-01,6.759953754486840438e-01,4.844901672020371919e-01,6.785331679975270536e-01,2.840983293240155749e-01,1.527981712798134363e-02,8.335819462092695087e-01,5.252752943097303007e-01,6.221425574893353350e-01,4.882525585478516006e-01,5.248616805852102107e-01,7.479295763299473876e-01,9.144876837898547883e-01,9.715140361684445613e-01,8.107049337797878064e-01,6.998655130817380554e-01,8.349396108666634619e-01,7.197512809418298296e-01,4.672418975223356918e-01,8.356279083255426787e-01,5.281124049064127579e-01,9.230976626020300779e-01,4.318719979972185374e-01,9.775014473034981943e-01,6.419203331018726866e-01,9.616997048029460871e-01,6.123302371654333331e-01,8.050264952907955074e-01,9.775883710676541716e-02,5.561401024421579464e-01,6.115940104366336394e-01,5.546340962408858877e-01,6.180796056141097949e-01,8.238089611590936334e-01,7.833688855757374725e-01,3.682604172775988394e-01,8.363193324924673711e-01,7.073023357906502717e-01,9.722903765233115170e-01,9.074286384608178935e-01,5.714009321072888170e-01,2.391631508574854625e-01,7.843290043490185326e-01,6.102680762857602970e-01,5.866326345256788199e-01,9.091217851204452804e-01,6.108292071383389921e-01,2.955444671711402460e-01,3.260739821122723425e-01,6.082722270030407330e-01,8.617348009336632808e-01,8.029520241077671150e-01,3.384065261709938155e-01,4.918782522319375961e-01
5.471793720344303447e-01,8.553188768966721867e-01,6.383976364497316869e-01,3.276989357197066521e-01,7.877118878658442291e-01,7.689264050848421128e-01,5.229560547141027804e-01,8.479627863954832812e-01,5.884058095094995000e-01,0.000000000000000000e+00,7.128486599468909501e-01,5.790309323137523556e-01,7.149685135685488468e-01,8.917387808107323233e-01,3.984157336521157444e-01,7.369987639852391137e-01,9.026398751452101576e-01,8.770734720081085900e-01,8.512292009996003106e-01,7.499895675100882730e-01,8.524809075947606951e-01,3.408990483544114269e-01,8.133626968897027520e-01,9.300544349286904433e-01,6.538349458786566482e-01,8.562019604606837531e-01,9.558624909179405105e-01,7.408794969563932131e-01,4.617688564644353844e-02,3.501229789106540258e-01,1.704055211194626107e-01,3.233941422412610622e-01,6.026631996189678597e-01,8.617917174756497545e-01,4.227267775317810616e-01,3.622205821211373911e-01,3.901964803847119967e-01,4.813456231184838341e-01,9.943807079716973085e-01,9.140321234088827351e-01,9.884363348212891198e-01,7.437891459186256604e-01,4.122233476784786799e-01,5.212169100036763147e-01,4.667838103580493891e-01,9.815911672363264451e-01,7.748712470969154609e-01,4.782593412276932021e-01,5.372850125384519560e-01,5.713704845592806336e-01,4.708277974153899370e-01,5.289664664228914681e-01,7.597201649303593207e-01,9.525450134428002924e-01,4.770723396333231836e-02,8.014232987317271295e-01,4.154306206690264736e-01,7.004223353040177624e-01,6.624009482141166583e-01,4.752558404238208523e-01,4.705917196248759343e-02,6.958832475370008153e-01,2.251949418679533577e-01,7.570924654682131827e-01,8.627707775856308103e-01,6.159868512807642471e-01,6.121642532315502150e-01,7.641054956136507093e-01,5.335637052300279404e-01,5.987900734698221594e-01,6.371509916431135068e-01,5.688595494725182666e-01,4.899812436850995434e-01,5.331463571898855669e-01,7.989072255123659261e-01,4.662950024842240637e-01,6.169581198621828522e-01,6.886117319120148572e-01,6.298410593654288903e-01,5.590442565565428845e-01,6.131405954926845148e-01,6.600439017114705376e-01,2.528519468910188639e-01,4.238425467295570681e-01,6.752097239620316049e-01
9.387790514533493891e-01,2.418153352266601275e-01,9.914682533230230188e-01,9.376888186095576616e-01,5.777543947518262168e-01,7.562352874065452202e-01,4.408271866192355337e-01,7.480306869179007556e-01,7.761464078551763013e-01,7.128486599468909501e-01,0.000000000000000000e+00,9.842789491427776927e-01,9.609650633072286396e-01,6.868240466989739001e-01,7.728357353742483227e-01,5.351933042853772582e-01,7.741470603326032762e-01,6.255269856588469013e-01,9.819733239618690934e-01,9.600389930347751344e-01,9.931256637503161899e-01,7.770121511015404270e-01,8.060624399814818597e-01,6.657127604641173146e-01,2.205065478861568118e-01,9.126385754980221865e-01,8.561259622451228291e-01,9.248824367163763771e-01,8.496610125542363168e-01,4.718337225630067078e-01,5.957947430481115303e-01,3.185483947274396765e-01,6.125759554200054247e-01,6.085118537295665098e-01,6.704535474909792958e-01,-1.111989834626375684e-01,7.047326557667956681e-01,7.792460734261934530e-01,9.541347358509407739e-01,6.157046566116137765e-01,5.637807563488196338e-01,2.448029435898444461e-01,4.760663229997083024e-01,5.327577073382554484e-01,4.463568184297443397e-01,8.706509808989594257e-01,8.956321562721409890e-01,6.756659125721293790e-01,5.011416773131405211e-01,3.429392951145246449e-01,7.485562630746346313e-01,6.167816685178590941e-01,7.492744914695056435e-01,4.971364763714986590e-01,8.736641009786578760e-01,5.924071259412818646e-01,7.390013500411940495e-01,7.035891141105851121e-01,7.856824909861903627e-01,4.343708571058408907e-01,5.924011166320115596e-01,5.737114791300470529e-01,4.371717095308266798e-01,8.309339477443555833e-01,9.144091149310181743e-01,3.777098242718446297e-01,1.776468366955991085e-01,3.887626678076949727e-01,7.119146553022944746e-01,8.663268822298674232e-01,6.004371292907124680e-01,9.615610236074012551e-01,4.672813493195638324e-01,2.822645679486494030e-01,9.422858728009009255e-01,7.842602752781003828e-01,1.481332507664169240e-01,8.057424983454789524e-01,4.201162471421704958e-01,7.301054201531449739e-02,6.284153507810734673e-01,7.542134276151862826e-01,5.956481372808963837e-01,2.045949247463632603e-01,2.031210300661446810e-01
9.812789101101671019e-01,7.357458158795670000e-01,6.596690839623606806e-01,2.698293725581181746e-01,8.120882269154922062e-01,6.989529663408988736e-01,8.485124173783344936e-01,4.299156183646566376e-01,7.211315952179159217e-01,5.790309323137523556e-01,9.842789491427776927e-01,0.000000000000000000e+00,8.330454545799091948e-01,4.322294880195277633e-01,6.394080766193113163e-01,2.906053069762816743e-01,5.774629240463851065e-01,3.914295508465958084e-01,7.304403713619491700e-01,5.172135863437715697e-01,8.311580272905910727e-01,6.631863607822301443e-01,3.404980186604631420e-01,8.056329528433432419e-01,9.007513624540486319e-01,9.268075210144465226e-01,9.452947612292298407e-01,4.392796797813496301e-01,2.756133041754588175e-01,4.584065421812254515e-01,4.907022650197804259e-01,4.787109069651149240e-01,3.963967414251675647e-01,9.323940983062469767e-01,5.314087343664294361e-01,2.562609364896465403e-01,4.495027307380984882e-01,7.505595297469204175e-01,7.254351053348759848e-01,6.111814605619330099e-01,3.707104926955839264e-01,4.621799504269864522e-01,4.911133877081836907e-01,7.226456793937054979e-01,9.642764219085980804e-01,9.218917482071717906e-01,6.150853733931220813e-01,7.238287775675288360e-01,3.874820372451720507e-01,4.917808000495888510e-01,9.832714912200427593e-01,5.148956345864683648e-01,9.279815813810192715e-01,8.132604198477656476e-01,9.136583947011281959e-01,9.957596561111795586e-01,5.853702027961120713e-01,5.650307095720921158e-01,8.606375041523905978e-01,1.530294848749868264e-01,3.523314773219721197e-01,7.300079363964872003e-01,7.308187540371396951e-01,8.076071086026743728e-01,4.272603592540608619e-01,6.198878645228961259e-01,4.839561546116474822e-01,5.271561872112779934e-01,7.004997659055480774e-01,6.098233946248124981e-01,7.243355878219699395e-01,8.260396088606396514e-01,2.176009799215277707e-01,5.969973859363357782e-01,7.311487952252062605e-01,-2.474530081451111196e-01,7.572600753683744745e-01,7.519170642598215215e-01,3.864105999213164333e-01,-2.966001341361651500e-01,9.768381898877664948e-01,7.027279326683274485e-01,2.726601904547982791e-01,2.359454934232958490e-01,4.339810164437500895e-01
5.882502922843293458e-01,9.383150541385794075e-01,9.774731926080368893e-01,9.744559824513081558e-01,9.288350602325929906e-01,9.158585419765342683e-01,5.479988642400153154e-01,2.486840911335939652e-01,8.932153125635337032e-01,7.149685135685488468e-01,9.609650633072286396e-01,8.330454545799091948e-01,0.000000000000000000e+00,7.604506624901998801e-01,8.693544691466478236e-01,6.314041787550196405e-01,7.157348846777270568e-01,8.076743163244144430e-01,4.074269367657324947e-01,9.555476776421092389e-01,6.995151857182709820e-01,7.090532042465497176e-01,5.523501848776398715e-01,6.308256834140612002e-01,6.657171536583582627e-01,7.589038643383784200e-01,6.634052193634438765e-01,8.677831331243767155e-01,6.145119606902745835e-01,4.848841787704852302e-01,5.580035030561876219e-01,6.683707336759229234e-01,8.131660889708512974e-01,9.074830691130695293e-01,3.836799257183113321e-01,4.593346408484879073e-01,8.332457459103553843e-01,8.763981790608383893e-01,2.650982419548608693e-01,8.877546589861836646e-01,6.298500189080437073e-01,7.778026514636005029e-01,9.052271187264425700e-01,9.867425105087226367e-01,9.069684903524034558e-01,8.686140470846148709e-01,9.146766678387119320e-01,7.233064792889903893e-01,7.524203779203848530e-01,8.449882118663027963e-01,7.272760715006197918e-01,8.021928134533106158e-01,9.013951036826548524e-01,9.040873498733966729e-01,5.795726318884094619e-01,7.717822944846892685e-01,8.531376598870770156e-01,8.772403886551832786e-01,8.807945217794321824e-01,7.624802964767599667e-01,1.179029570566727525e-01,7.576527582259603433e-01,9.004220710692247831e-01,9.081775667152042208e-01,9.171668578889025092e-01,6.385488125743782328e-01,8.194307048157847273e-01,6.987669927021445959e-01,2.841815299790644289e-01,6.804709732516771581e-01,7.661176767375110774e-01,6.888096902885335604e-01,6.688973562898992142e-01,9.415531931922022091e-01,5.428048090836881112e-01,7.907941932536795004e-01,9.939861135051222263e-01,8.289352569746311072e-02,5.372767974438167338e-01,3.660854295195707375e-01,7.055800553690602106e-01,9.500096967215458932e-01,7.376027560728714016e-01,5.225062503536863634e-01,7.710749178383714542e-01
9.317890688512071584e-01,5.922154578653049395e-01,4.743307382883128476e-01,7.041025358115292621e-01,7.890841140333555437e-01,6.387106707621110768e-01,5.490167102100373953e-01,9.779645394400898750e-01,8.260643940060889978e-01,8.917387808107323233e-01,6.868240466989739001e-01,4.322294880195277633e-01,7.604506624901998801e-01,0.000000000000000000e+00,8.100331067301292931e-01,6.993942342102608123e-01,7.295013612455759633e-01,5.208154823995059246e-01,7.622413104162560904e-01,8.244310390161613267e-01,8.879277273935499704e-01,9.069133198953137631e-01,8.441545387940498912e-01,8.611859069580996007e-01,7.223821307435791539e-01,9.456805753045500751e-01,6.159504365076103882e-01,8.825777207063040253e-01,4.334114453017472446e-01,5.422317881850912125e-01,4.730868804649457915e-01,5.749740203727757848e-01,8.480561525830867531e-01,7.978216985395798488e-01,6.229502006392991786e-01,4.907512809925463904e-01,5.362276382122372897e-01,2.769792309569977240e-01,7.366645282408856854e-01,6.371311524369791535e-01,3.370484480135238492e-01,6.297451778616331985e-01,8.130884213462142851e-01,7.887044573653695378e-02,8.908601371635578303e-01,5.829700651807391276e-01,9.944198916247768416e-01,4.101773725542946503e-01,9.282178933735987236e-01,6.058257211297372047e-01,4.523608035972364605e-01,8.740567251836165452e-01,6.662375748778418538e-01,7.798199230423128459e-01,8.166883274483607291e-01,9.964814365196261736e-01,7.483998484006488816e-01,6.457912502678357924e-01,8.152228070136606775e-01,5.406079797806324638e-01,6.611137385171945713e-01,4.270052882503321268e-01,9.938361720227119056e-01,6.499069093137042064e-01,5.165030852140233275e-01,7.030284940341334776e-01,9.209401606068542412e-01,9.013297558108518404e-01,7.090811697504636468e-01,8.833030607232706943e-01,7.595085419122356019e-01,2.377625140652562807e-01,-1.186129226862088354e-01,6.297308235831656775e-01,7.344465684570008479e-01,9.079460398361292039e-01,5.889399276120133031e-01,6.190221694466219171e-01,5.683589045062469314e-01,2.392974375301457068e-01,3.488164479811252106e-01,7.914284536201386944e-01,6.154251499536965708e-01,7.829240430029482667e-01,8.159745650378663617e-01
9.977233264469053120e-01,7.310364441856521678e-01,2.974278956313860522e-01,7.436895205380251728e-01,6.696671650964323153e-01,4.801680377348814255e-01,6.324588343245918232e-01,7.687146984830437457e-01,9.101091262550166094e-01,3.984157336521157444e-01,7.728357353742483227e-01,6.394080766193113163e-01,8.693544691466478236e-01,8.100331067301292931e-01,0.000000000000000000e+00,9.460299057497929542e-01,4.603548679983823222e-01,6.491085421378960385e-01,8.509862828850571770e-01,3.751425595264343826e-01,6.754739908610416510e-01,4.096426181047208570e-01,6.215260208158480681e-01,6.383485200620935274e-01,5.591314651037341266e-01,8.192268820223340686e-01,7.140127956587788427e-01,4.043649790201758187e-01,1.284086719583696912e-01,4.306824488129947781e-01,2.449296630457363511e-01,5.988721611535113842e-01,3.284353315458218292e-01,9.729991731228859742e-01,3.493313850363326534e-01,9.853003372220264788e-01,6.919236472497275470e-01,9.328902936428125070e-01,2.332739329547241225e-01,8.372668645812173516e-01,9.952679637310006822e-01,1.414094985648264580e-01,3.479133041253376080e-01,4.700836283231697443e-01,1.537933338572873010e-01,9.072945362896411847e-01,7.417115557257677461e-01,4.494654224836840961e-01,6.352632501217879701e-01,9.176264223496820582e-01,6.933971386320201269e-01,2.397951264711363772e-01,7.534882643174622974e-01,4.466795977122097194e-01,6.762207047661744630e-01,7.497211312240540382e-01,7.431387944462165551e-01,7.808987429804072899e-01,8.983957018783672588e-01,3.938554244048868558e-01,6.012943552577552087e-01,8.225104292745828438e-01,7.946211388583674928e-01,6.844481278942695646e-01,6.833494311415343470e-01,3.929860345713904746e-01,7.683476128777140257e-01,7.506320233756514915e-01,2.361390061076616975e-01,9.904022885991770053e-01,6.452125883687211960e-01,9.245169805252895223e-01,2.342232829608221212e-01,5.528077442526331264e-01,1.297783879906057036e-01,6.834087519062800320e-01,5.362582564630987703e-01,6.752049052139386109e-01,4.154285679835136857e-01,5.132398413532474057e-01,5.688188867549408556e-01,9.174306753160084149e-01,9.677959993985368881e-01,-1.710848727543762271e-01,9.441048923466209830e-01
4.139710416352198608e-01,7.877082672858002343e-01,9.215048078073145854e-01,2.571823034434245758e-01,7.892828136061190714e-01,9.807703467482808968e-01,1.142869958159421495e-01,7.834732583281809326e-01,3.635003108407395267e-01,7.369987639852391137e-01,5.351933042853772582e-01,2.906053069762816743e-01,6.314041787550196405e-01,6.993942342102608123e-01,9.460299057497929542e-01,0.000000000000000000e+00,6.889310714239863520e-01,6.978017854395925923e-01,4.868836728561437566e-01,7.670599707005898438e-01,6.107691756630212465e-01,9.785606777057604955e-01,1.768972643962042346e-01,9.754376310231418490e-01,2.894251481599022791e-01,8.634870431858641115e-01,6.055596707898573960e-01,3.433998435453826659e-01,4.700944793196820681e-01,4.405278557055716249e-01,4.972514631908586669e-01,5.709742920845847225e-01,8.847662151439609213e-01,9.463883298750869200e-02,8.902398612376288822e-01,-1.332235401589326185e-01,7.282918542182601485e-01,7.089086712033302318e-01,9.188805182999859600e-01,4.365061913428199825e-01,9.521083766839665286e-01,6.029648957406088527e-01,7.561120372941557699e-01,6.075784849148179179e-01,3.297234866984787294e-01,4.526811654645991889e-01,7.090360197020364463e-01,2.486173792420125483e-01,7.990023393378020700e-01,4.767736681237203511e-01,8.049701901157129136e-01,7.332011166198996177e-01,6.603741357657020306e-01,6.651868777634852847e-01,7.406675339667816438e-01,6.932526445610655008e-01,5.870381943190010610e-01,9.520813410871225013e-01,8.898271080608869399e-01,9.405360449262439859e-01,7.576149592107013497e-02,7.016504337758454612e-01,4.994725784305794614e-01,9.746716803286292752e-01,4.379671533657224503e-01,5.317771540161031485e-01,4.936255144350011337e-01,6.793398772018135467e-01,4.701372805067750016e-01,9.180898617457283750e-01,6.821466411911120131e-01,4.357725085331169979e-01,7.778892827499559459e-01,7.501859108819729505e-01,5.655365393785578565e-01,6.400740538735305574e-01,6.377197436371191408e-01,3.276368327090084607e-03,3.622731497420716984e-01,3.395767488457515082e-01,5.177455237422899925e-01,9.024661347217383112e-01,5.647885483805361595e-01,5.276942360202488969e-01,5.825807868905484854e-01
9.075751349836778115e-01,9.148597849330385445e-01,4.850109068834639325e-01,9.670803327626081858e-01,9.906533142683672244e-01,8.824992163457811012e-01,8.800948002148309968e-01,1.685457732051096058e-01,8.879321667473142332e-01,9.026398751452101576e-01,7.741470603326032762e-01,5.774629240463851065e-01,7.157348846777270568e-01,7.295013612455759633e-01,4.603548679983823222e-01,6.889310714239863520e-01,0.000000000000000000e+00,3.942310665995077956e-01,9.240902540575455237e-01,3.925227507960846740e-01,9.398698403970168203e-01,6.668301557516068678e-01,4.612397190722161144e-01,9.128249650462447740e-01,7.980311653581207976e-01,8.296632151417142609e-01,9.072065749854630878e-01,7.027834292281923689e-01,3.419090293942916858e-01,5.284455740179979655e-01,7.166719828986823915e-01,8.125933078239587770e-01,7.460614086019058400e-01,8.911569480933800858e-01,9.617733626799224167e-01,6.621242011769253866e-01,4.924502906232113286e-01,7.999915356283191503e-01,7.312379380678242224e-01,6.641789366941730499e-01,3.229553031849767830e-01,9.663861475018846736e-01,6.368664694995944675e-01,9.827514834922670417e-01,8.513939112616691895e-01,8.146501003446386946e-01,7.163189958760624032e-01,8.597085214601485337e-01,6.677556470896415242e-01,4.917282286141010927e-01,6.049398193846551308e-01,4.420078806138512673e-01,9.598156771074944915e-01,8.627782436152475753e-01,6.616544955451540977e-01,2.919359480381196192e-01,4.277040267224895276e-01,7.873369770157121472e-01,7.376015740002361820e-01,5.931259896249256869e-01,3.300803138358139877e-01,2.222813758799022099e-01,6.865320428167052125e-01,4.933207152442154464e-01,9.267360992723416846e-01,8.258539610734682013e-01,7.234036825685616900e-01,8.939715288305101204e-01,7.666954398773941914e-01,7.508830032847877423e-01,9.170180444781659279e-01,9.755864890307535120e-01,4.491463945622293785e-01,8.843611015984460810e-02,9.918117987108814315e-01,6.750449156141956619e-01,9.994968961895644988e-01,5.209239054369206867e-01,6.557536008639618386e-01,3.050311161500509072e-01,8.674611295460605831e-01,8.128186664714672771e-01,2.876151207434416990e-01,3.816869156235825900e-01,8.064508062134769784e-01
8.228111977756026318e-01,6.873355187271054101e-01,6.388033553859180369e-01,7.009534962340873143e-01,2.515054055756683060e-01,8.165646990925812254e-01,3.078034853761341116e-01,5.243247965816606460e-01,7.060317577080904572e-01,8.770734720081085900e-01,6.255269856588469013e-01,3.914295508465958084e-01,8.076743163244144430e-01,5.208154823995059246e-01,6.491085421378960385e-01,6.978017854395925923e-01,3.942310665995077956e-01,0.000000000000000000e+00,8.355911912530309404e-01,6.100607956561134859e-01,2.440389092940754012e-01,9.645067125007058539e-01,5.984902233877135158e-01,3.820265062967380665e-01,7.432751616424660979e-01,5.976155016500327433e-01,9.093142644311115186e-01,9.315963214524611846e-01,7.660683078337111596e-01,6.483130633324695191e-01,6.402429068584623018e-01,6.139548152418314864e-01,6.681942434793611829e-01,6.622375864673872847e-01,2.203730614896550755e-01,7.835114627734929282e-01,3.658530560059155556e-01,5.850929458999215571e-01,9.277191460548029900e-01,9.606761696086634217e-01,4.905194605911633032e-01,6.802696182982499451e-01,6.689948335705347970e-01,9.904607317139875189e-01,5.689896329310734080e-01,7.637936226053568811e-01,6.286226100270888573e-01,7.855249127697260247e-01,7.461845465546563805e-01,7.539926591325207816e-01,3.884014410664771155e-01,2.713454011376119634e-01,5.288117864857873052e-01,7.698374438755601901e-01,5.212405032765305979e-01,6.191846886079795942e-01,5.605514985692835461e-01,7.885769148625568770e-01,8.681590880141869526e-01,5.411481455182989286e-01,7.892378301061988566e-01,6.346292536631037429e-02,5.471356832998151010e-01,8.340226653150870639e-01,9.939169127426772388e-01,6.518569610508700984e-01,9.511301850475126773e-01,6.493712074215397534e-01,9.339988981568636550e-01,9.368762635277488870e-01,8.141676222630140902e-01,4.417964557659142533e-01,4.613914438271684570e-01,4.898135914707915650e-01,6.159423771757884802e-01,9.404214384543715388e-01,6.891786464713639537e-01,3.799083045415041493e-01,1.089869895446294312e-01,5.444188641597051959e-01,3.551844571313256434e-03,8.259712968018353418e-01,6.195478238667065929e-01,6.239831211007459411e-01,6.207876215462075908e-01
