0.000000000000000000e+00,9.683761923749388822e-01,9.528414161345609701e-01,6.477536405138298869e-01,6.177138555883625592e-01,8.893466520009449816e-01,8.452473573610496116e-01,5.810779961872689636e-01,6.598052753067499276e-01,6.583356396198910554e-01,9.219845128200598872e-01,9.314151036691018515e-01,7.882034281221312888e-01,4.640879244999637221e-01,8.602948991345948926e-01,6.912475325645722757e-01,6.937948649307874582e-01,8.471264186571054733e-01,4.638234558590377254e-01,6.939296761090866239e-01,8.479015878772446779e-01,8.626995218326442005e-01,5.916208070307245048e-01,6.130368167544295588e-01,9.303267459338079304e-01,8.354918984725424602e-01,9.422771436159838032e-01,7.893808098788115402e-01,3.466493443206162262e-01,3.879847239288414240e-01,5.341107724827016678e-01,6.050751404579913784e-01,-4.265670598618814813e-02,8.629979672819415581e-01,7.895214423105827439e-01,4.993365321545308877e-01,4.044618911141641959e-01,9.052624522688519360e-01,5.202197146842673092e-01,9.539535644468496445e-01,3.775459068511913263e-02,8.929675152146629991e-01,3.938229623294960402e-01,8.336801454644237053e-01,5.518270980719882646e-01,9.299619878214068214e-01,9.918895392727202776e-01,6.412085579265234259e-01,6.013820557715174875e-01,6.528180619592239831e-01,7.356409378574020330e-01,3.256137039320076143e-01,8.559193478832011204e-01,7.896393674299637677e-01,9.176531528570812668e-01,9.641146751872183840e-01,8.929095311806803936e-01,9.419676488653518920e-01,6.152996867816690196e-01,6.472913208375968841e-01,2.094925866611755394e-01,8.151926759596327399e-01,9.824100937791921950e-01,7.859854160964712122e-01,6.796935379477009320e-01,8.061185405924192748e-01,9.250111242640265408e-01,9.083292804600434645e-01,9.582908140927599572e-01,7.963048927073156369e-01,4.493726682752699486e-01,8.896579472007636324e-01,2.777378494880106685e-01,5.531948625488968263e-01,4.864247016504549270e-01,6.926700579446946060e-01,8.823977513271745732e-01,6.112430025173006820e-01,6.980424703917686990e-01,-1.842879941320118842e-01,8.587701522366661955e-01,3.045607638022708175e-01,8.441794296190593405e-01,2.708398534244180200e-01,6.199978796185099394e-01
9.683761923749388822e-01,0.000000000000000000e+00,7.377852784844002310e-01,2.319080475383876183e-01,5.304931181947978303e-01,7.426878662724878399e-01,4.054934293653029709e-01,9.827065700141655036e-01,7.092596486776812093e-01,6.581362985498471208e-01,9.257601660709243729e-01,6.466074145446961685e-01,7.154306768130430649e-01,9.246979936357180296e-01,6.865431564734209013e-01,9.926046699679488272e-01,6.547321670099891522e-01,6.758361062403291930e-01,9.375919865404063192e-01,7.290247337539009775e-01,2.166580475412593354e-01,6.375057618368811241e-01,9.443509729281217568e-01,5.690586418593739371e-01,6.717681938044004486e-01,-2.210443766372334196e-01,8.533478468529949179e-01,3.369040117324888922e-02,6.354698852092622863e-01,5.294797750830335659e-01,6.686536386584831515e-01,8.710077523411130507e-01,7.220768799221963796e-01,4.046664731014177896e-01,9.102173217271807282e-01,2.467792427857422033e-01,7.785483033111064710e-01,7.609807263427157409e-01,7.541152425224308953e-01,8.710159520209099782e-01,5.945065031738382411e-01,7.286552424472327871e-01,3.460637500758797502e-01,6.737883578452279476e-01,8.364743932950658989e-01,7.387682439638852960e-01,8.253393047740082977e-01,2.278226809736065284e-01,9.570409772752285216e-01,6.306369094129938846e-01,2.084169351368771184e-01,9.792737804858493433e-01,4.328394514377281732e-01,9.379367231208275424e-01,6.610646847066388165e-01,4.512245089147480792e-01,6.361885338374080323e-01,6.236732764830920095e-01,8.736515885514797297e-01,7.579877321861414607e-01,1.789814528371417024e-01,9.799341587303597167e-01,3.839116872510227596e-01,7.123140763534836495e-01,9.917443156900189738e-01,8.952643416645760244e-01,8.502004758150014663e-01,7.778390014301387323e-01,5.501913285980108981e-01,4.497835812701052038e-01,9.910559222190036266e-01,6.898970252815711524e-01,3.015213316750695038e-01,3.743519962046219507e-01,7.761833165619034247e-01,7.487891799689807559e-01,7.312045939745979162e-01,3.150534683184983420e-01,5.065249384306890201e-01,5.735787448104577857e-01,4.576543119995798992e-01,8.727036462870413347e-01,4.825913520134783585e-01,3.718073462861877232e-01,6.841560143248036630e-01
9.528414161345609701e-01,7.377852784844002310e-01,0.000000000000000000e+00,8.088463409273797255e-01,8.113681707724613723e-01,7.029171300505395736e-01,7.391479354775877253e-01,6.930055197630253794e-01,8.944533933312400764e-01,5.267712900475901572e-01,8.321767916219422467e-01,8.405179636076589578e-01,8.663243489514605988e-01,9.378108838693344218e-01,8.450346919999760509e-01,6.099532994862748581e-01,9.639351223254073731e-02,9.777954995582697206e-01,8.253259560195072009e-01,9.408737840634784355e-01,4.860563695817937679e-01,5.098080928194157480e-01,8.908657143653448962e-01,9.591471927824717358e-01,6.408536693462503209e-01,8.156878543828668393e-01,7.509630498956407774e-01,9.270419922768132759e-01,5.630627849282673347e-01,6.166354383185960186e-01,6.452422799844361734e-01,8.361098255951026070e-01,7.325473601965337700e-01,9.469004394796133317e-01,6.158965680167516332e-01,4.548564158677836922e-01,2.200446115616102316e-01,4.901213978786851388e-01,9.291936866124085315e-01,7.320930477713042395e-01,9.259738329947628799e-01,2.044484866804007483e-01,6.023992788329597392e-01,6.733653588138367452e-01,6.261318222027952851e-01,7.931586925594223958e-01,8.439141069673888884e-01,7.268226346932380455e-01,7.781454472458370075e-01,9.458805889666755951e-01,9.633763140824960214e-01,9.509136095738596195e-01,9.631758158937395731e-01,8.808972855644019440e-01,7.120219004333482316e-01,5.426461534449346091e-01,4.704840130961087108e-01,6.824939431283985058e-01,8.911415845230674648e-01,7.769687507650882008e-01,5.393724051840043110e-01,8.150093965538471874e-01,9.248002522493654620e-01,8.838639871025639749e-01,9.835324574408985665e-01,7.658463109053961215e-01,9.932716737304302379e-01,8.383512553763193820e-01,9.448517874697648367e-01,9.796975363274185167e-01,2.649371392607774434e-01,9.728351087738196235e-01,2.336775152030286795e-01,7.026342702528821649e-01,7.153822500790586458e-01,9.558793512714514051e-01,4.323202521789072938e-01,8.699544386203242885e-01,5.958774330126703767e-01,4.494666560085174706e-02,6.406057217884125743e-01,8.056864110561888781e-01,3.473441021519866334e-01,4.732736489492590515e-01,9.268336594731738654e-01
6.477536405138298869e-01,2.319080475383876183e-01,8.088463409273797255e-01,0.000000000000000000e+00,9.067048276505239590e-01,9.512073189735474887e-01,5.908391666092480676e-01,7.670355413230280917e-01,6.847983269742593526e-01,6.810767991976764968e-01,9.616109679552042877e-01,7.088855117312157228e-01,7.083861508647231187e-01,9.892421126937247511e-01,3.157197371014203169e-01,8.301092789836774788e-01,3.347122041611463317e-01,3.018156018594245205e-01,7.400152828913075798e-01,6.551397964740793833e-01,9.845021724397757801e-01,9.928387207386920599e-01,6.941335923030576005e-01,7.389616367394522545e-01,6.326676246631411926e-01,8.291155186890231121e-01,8.895054847880289328e-01,7.872986647473873001e-01,7.080279968574703098e-01,5.483560511220748612e-01,7.479191214532148191e-01,2.695675943729425317e-01,8.949293956027764008e-01,4.683527337480718478e-01,9.969371306573586722e-01,5.418673640145508230e-01,1.577648960144435383e-02,7.024974057490349644e-01,9.231013229009594756e-01,7.375501551065120065e-01,5.778093246287822060e-01,9.274993547864708310e-01,9.911645616805835335e-01,7.833991092772735199e-01,8.632737241370294079e-01,2.123567447411466025e-01,6.649111519644790302e-01,6.465810865452052969e-01,7.186884702621924026e-01,4.559483563082072921e-01,7.361277123462225402e-01,8.361398129507572330e-01,6.682610963158062134e-01,6.538457752068116413e-01,2.670922096683026603e-01,9.443703566561520990e-01,7.320807368168282814e-01,7.626225991108891433e-01,-1.806829908174243937e-01,6.550383152377634577e-01,2.121628557600969966e-01,7.397743141179649040e-01,6.785128059823501978e-01,7.492412437982582940e-01,6.587298176092524216e-01,8.172705465927839752e-01,9.081867065411730611e-01,2.563955875697807585e-01,7.726850342906583791e-01,5.791101212312917967e-01,9.809739114930022819e-01,8.495072777510587203e-01,3.606430809920218583e-01,2.341058286535813993e-01,6.475717565585495938e-01,8.191541437066455211e-01,7.902162760260629248e-01,6.375983679182420927e-01,6.351562713693853501e-01,4.917963935543140375e-01,7.683637901662501157e-01,8.673219424427371926e-01,2.719254246800545949e-01,3.490140797364262859e-01,9.416552724657258899e-01
6.177138555883625592e-01,5.304931181947978303e-01,8.113681707724613723e-01,9.067048276505239590e-01,0.000000000000000000e+00,6.721843795358266593e-01,6.322992539141297774e-01,5.444263633190822294e-01,9.303314813592306054e-01,8.306091712212342326e-01,4.396282028832148581e-01,9.299620837600166556e-01,9.467040634216178363e-01,9.114738388537959590e-01,3.714027419771934735e-01,7.609310582891207764e-01,8.403251825930015961e-01,7.341485433544034933e-01,5.584969522103057082e-01,6.366333218539796945e-01,9.179051006207988861e-01,7.978015856932738625e-01,5.082487533492145992e-01,9.271166343610544036e-01,6.900481422845002044e-02,4.819948863782370641e-01,4.478977704095025714e-01,6.660854684127299752e-01,5.654234096297781065e-01,7.294029100711765246e-01,2.349880143879719829e-01,-4.532392027131404433e-03,2.116068762180303431e-01,4.853168127651824038e-01,4.069965298127681264e-01,4.248918322252883684e-01,3.450908658924223271e-01,3.785074108908358936e-01,4.818833066834658091e-02,8.697424380850937720e-01,5.136356751194514070e-01,6.594895458390526155e-01,7.452461220982266044e-01,6.916158318120064763e-01,5.097104825533836925e-01,8.210172162922924066e-01,8.478217823604655701e-01,8.784618546130582573e-01,6.182447404728288465e-01,6.278265519232043568e-01,5.254107730964588940e-01,9.261991089272807454e-01,9.834006790928628838e-01,8.293670449351723262e-01,8.133535680126415812e-01,1.207030842473088561e-01,8.100180533622333146e-01,7.593029647324232023e-01,7.289235819908763681e-01,4.776585005651858840e-01,9.088666851327997787e-01,6.573366614837298227e-01,8.054626662833733741e-01,9.070198736281648300e-01,4.058970944876350573e-01,5.496543310372620228e-01,9.672151933978065941e-01,5.802434964226136360e-01,4.277031713377907329e-01,5.779996687669420874e-01,9.263069847093500231e-01,6.036087519153375824e-01,6.959793830650333746e-01,1.078514494250251005e-01,7.347134783897418808e-01,9.917267750383197411e-01,7.712961039861591095e-01,5.180278724169004034e-01,6.382330804185993856e-01,4.310298102909300710e-01,6.779509448139982020e-01,6.052608100379454070e-01,6.422085202986885788e-01,3.212328149896442331e-01,7.063671716393461475e-01
8.893466520009449816e-01,7.426878662724878399e-01,7.029171300505395736e-01,9.512073189735474887e-01,6.721843795358266593e-01,0.000000000000000000e+00,8.617540774833820638e-01,7.044095261454728085e-01,5.955324851225392013e-01,6.984991584127605568e-01,2.966923922126247781e-01,7.866568037922110346e-01,7.073448194480816964e-01,6.545963550218921734e-01,5.220203485656438325e-01,6.852638014998436722e-01,8.294928972480049012e-01,8.780740151548722672e-01,1.603258816775732232e-01,8.702651149584372803e-01,8.599626745713868647e-01,6.206960433433386104e-01,8.220197026867411827e-01,8.263010899402183362e-01,5.125551873875955344e-01,8.598475269935098586e-01,9.387783408255246931e-01,7.513323045933297806e-01,7.330325140736357881e-01,8.390975245465732701e-01,1.294528469169695939e-01,4.826624489222631764e-01,5.610548488973416958e-01,9.451582018883299963e-01,4.107559503940567680e-01,9.987574732769999297e-01,3.012028886426414420e-01,6.715991481024794485e-01,6.406096391415987412e-01,7.524665024012689996e-01,3.267570486071507130e-01,6.896607420763428697e-01,9.717781676518951750e-01,8.597758580585597166e-01,8.464130144357409069e-01,7.356523002290846769e-01,8.908794458726486676e-01,5.249469872011627292e-01,8.746752051731290223e-01,6.785727615679592040e-01,5.727534150218278608e-01,6.229813731616790085e-01,9.987596285304478627e-01,9.674995655584430754e-01,9.921721661433411388e-01,5.888381629820474972e-01,8.747258514174579558e-01,6.884785441572868203e-01,6.869046054999603523e-01,7.549277334042215903e-01,3.693360183555556286e-01,2.840067690563437552e-01,5.330419555099246143e-01,6.462171278766962734e-01,8.151883773923994658e-01,5.024895262297310872e-01,3.292150129579772821e-01,7.144077150286332056e-01,6.624721742850739892e-01,6.977383408496493633e-01,6.525822221296145864e-01,7.077809546189809398e-01,4.883930264489327877e-01,7.913406312493164174e-01,2.733864776735134838e-01,6.782845537070312236e-01,3.443235524545953385e-01,4.419130760288917381e-01,3.785559922336890759e-01,5.963747123097145053e-01,3.412399942616617388e-01,3.698806535223554404e-01,7.172083064208604197e-01,4.311709291538893818e-01,5.820263661675805222e-01
8.452473573610496116e-01,4.054934293653029709e-01,7.391479354775877253e-01,5.908391666092480676e-01,6.322992539141297774e-01,8.617540774833820638e-01,0.000000000000000000e+00,6.163401253686091597e-01,6.712755327889723400e-01,-1.465601416993600192e-01,3.251973621586625590e-02,7.933967640975303492e-01,4.910052975523212515e-01,4.551096604369011533e-01,7.580137983184457307e-01,3.902113102344124673e-01,6.308283477856494459e-01,9.331606506929316369e-01,7.617765161180479749e-01,7.351005933221952393e-01,8.472103106910879866e-01,9.301070876778230745e-02,2.961817711286143795e-01,9.140533318754308079e-01,9.892442054542780472e-01,2.365867573046004368e-01,3.194741482561780921e-01,6.062042511103540310e-01,4.362795966815694593e-01,4.291821040674499432e-01,3.424473218208958780e-01,2.063044220408491447e-01,7.955764655774628658e-01,6.247299543428515289e-02,4.165016214551763851e-01,7.485346868256375075e-01,3.279690124285704611e-01,5.514882635075361028e-01,5.150849114332349821e-01,4.247360997687079642e-01,7.651392458818149223e-01,9.374235019271623948e-01,9.548894467734703184e-01,8.812978170692022939e-01,4.601010852968971387e-01,3.463357801143127634e-01,4.025082012187698455e-01,5.830715334859749577e-01,7.576105566022972582e-01,4.388614449956881880e-01,-3.056066450452957217e-02,6.751624155952031803e-01,9.760617327829995693e-01,6.426275929231911599e-01,6.717827969422328627e-01,5.622410015501130287e-01,7.601876467859342013e-01,7.764821605601464061e-01,8.928618303361268715e-01,4.371261863361646238e-01,2.005278073716629805e-01,7.914626968670589457e-01,6.930025061200376646e-01,8.035010144800330822e-01,7.557350255426309449e-01,7.281716683391890044e-01,7.918037400084894095e-01,6.737821152150216264e-01,-7.494480181961876708e-02,6.294913066450099626e-01,1.351257348228293853e-01,6.686200516451572540e-01,4.178083755443774971e-01,8.477063575065041379e-02,6.607449852392125456e-01,-2.543379900134440375e-02,5.974789951444147151e-01,1.902293579600433937e-01,6.845532523057346053e-01,5.356926233962775452e-01,-1.747030263940855810e-01,4.228540187096302416e-01,8.780987436416670677e-01,5.248609937073867027e-01,6.398431055291296798e-02
5.810779961872689636e-01,9.827065700141655036e-01,6.930055197630253794e-01,7.670355413230280917e-01,5.444263633190822294e-01,7.044095261454728085e-01,6.163401253686091597e-01,0.000000000000000000e+00,3.793180751589544930e-01,4.640766612281177483e-01,5.180273527071364015e-01,7.359769893904350990e-01,6.058816039055290315e-01,2.508440891378621029e-01,2.528380815103552504e-01,9.718331339590836615e-01,6.232825289738261887e-01,9.456806858830797413e-01,5.599945996768891376e-01,6.329271486199964381e-01,9.180637146980236141e-01,8.532065413109293228e-01,3.394104254428395029e-01,9.981400341290449507e-01,8.804799037334788414e-01,6.649523684670602952e-01,4.094884852136810860e-01,-4.061588578411948203e-02,6.049980770616535386e-01,3.381249212960335537e-01,2.639116360147214513e-01,2.417399664560332950e-01,4.510638277656176531e-01,7.169565290783110889e-01,-1.670453132577602862e-01,3.432105466586270470e-01,7.087474543366437674e-01,6.159802721687489546e-01,9.151792296041032504e-01,6.554331987775560142e-01,5.791535518449562048e-01,7.699132371321357748e-01,9.115607744568331450e-01,8.358579608619294554e-02,4.531242756134504224e-01,7.223067848167761262e-01,8.891821334893799944e-02,6.716348359732230433e-01,4.987620288075104713e-01,6.355859637103596915e-01,6.937727922428330585e-01,5.984158860005597269e-01,4.682152491258263494e-01,3.164042324000441719e-01,6.987533559993334142e-01,6.634680752463011366e-01,4.313723669368242919e-01,8.794290713626099487e-01,5.181200621060172429e-01,5.375187145886526352e-01,8.996027900968938118e-01,6.733304544440277262e-01,5.491742555817223925e-01,7.018707188568894528e-01,7.126258039008401823e-01,7.658841598444517951e-01,2.697947841003135450e-01,8.513792014113069628e-01,1.709738705179930929e-01,7.305966865111657160e-01,8.573130570136762163e-01,8.301594940911438680e-01,8.044319938496468092e-01,6.114256724745767979e-01,4.157572518098093944e-02,9.012580738569517802e-01,6.461466872383715421e-01,7.625633217370305639e-01,1.395636521546146092e-01,3.798344275538689252e-01,9.252019031467832999e-01,9.232578412920184885e-01,8.508552568806871941e-01,4.595703513501852022e-01,-1.461547130434132646e-01
6.598052753067499276e-01,7.092596486776812093e-01,8.944533933312400764e-01,6.847983269742593526e-01,9.303314813592306054e-01,5.955324851225392013e-01,6.712755327889723400e-01,3.793180751589544930e-01,0.000000000000000000e+00,4.262364175660106058e-01,6.640465781929523192e-01,3.800808413264992192e-01,7.879199218831445251e-01,6.622231293015155007e-01,7.163949473519335420e-01,5.229215164575925501e-01,6.675848781776220209e-01,2.197587872464115966e-01,-7.340930044453161663e-02,6.603870848598771826e-01,6.850067227166490857e-01,6.874674552564236096e-01,5.985816132263785949e-01,5.623386407497759087e-01,6.386449656858473878e-01,6.841624384356063127e-01,7.277817936324002535e-01,3.932038314674318746e-01,4.265150904226949202e-01,5.214250299541135503e-01,7.990096562714033013e-01,3.662596254933002671e-01,7.706916375185132173e-01,4.839175753472705899e-01,5.971947825617709427e-01,5.650718401211100028e-01,3.688200960740242174e-01,6.621102228518702670e-01,4.143085853377561634e-01,6.141044934313516501e-01,2.980178501324706186e-01,6.062893532028074128e-01,6.484178521825736397e-01,6.361837665801161057e-01,6.436467891404271668e-01,7.318770332665666123e-01,2.483426691878155568e-01,6.901740120515723609e-01,6.679036347919081740e-01,8.956868033121916373e-01,6.492916100710226512e-01,6.255373908547482431e-01,5.324574862858113544e-01,6.590068579258719916e-01,8.979909886541973529e-01,6.554424833688735630e-01,2.972165910136157496e-01,9.270576266624237505e-01,6.366521665189447399e-01,6.163905784308960634e-01,8.760884750823506595e-01,8.081614556059902865e-01,7.339580441766359042e-01,7.482924148108064388e-01,8.331886449454330990e-01,9.514233464713283128e-01,6.711261468327934798e-01,7.379536602431726600e-01,7.268499155329881667e-01,3.452653033283724637e-01,8.543775208055632842e-01,9.376719130862480878e-01,9.849151783554278561e-01,5.330717874091230879e-01,6.464623915224328998e-01,7.090229092471840300e-01,9.981184443381168059e-01,2.929163113726715451e-01,7.044239618111959311e-01,8.449737362831065690e-01,3.589167413792770378e-01,9.353226121683260175e-01,7.622280545936264140e-01,5.496378228219825912e-01,6.876822091059042741e-01
6.583356396198910554e-01,6.581362985498471208e-01,5.267712900475901572e-01,6.810767991976764968e-01,8.306091712212342326e-01,6.984991584127605568e-01,-1.465601416993600192e-01,4.640766612281177483e-01,4.262364175660106058e-01,0.000000000000000000e+00,6.560066622328611929e-01,2.375571410633652292e-01,7.654669099645983188e-01,8.678078017687126389e-01,8.800697625225122334e-01,7.566877526701200063e-01,4.707848501540982111e-01,5.245412135156848343e-01,5.591932966944692662e-01,8.370324640478206124e-01,8.852145925226249101e-01,5.213399764992269203e-01,3.003272931606361107e-01,6.092866122839252219e-01,6.915994559152351950e-01,6.212222813088863482e-01,4.859376054628191111e-01,4.263974873247404762e-01,9.720615530882106281e-01,2.609960597981095809e-01,7.004856557613082790e-01,9.521095471778064923e-01,8.483372597346738875e-01,6.174115218179657694e-01,5.190525464772849373e-01,6.493190624364774122e-01,1.256719239181922354e-01,4.985693682927901382e-01,9.270356569853828166e-01,4.653734319055821134e-01,4.687141980821589171e-01,4.659171425985851323e-01,1.193496679093892648e-01,9.168359621902093526e-01,4.125176992129674369e-01,6.813588654518220045e-01,6.993530988570639817e-01,7.819237929659551556e-01,8.182764578035860437e-01,5.122371668485483642e-01,4.902333684782285150e-01,3.021371961943201678e-01,5.917401372422945727e-01,6.978406957752164574e-01,6.936086485504850963e-01,9.180620106292236571e-01,6.471753079538666853e-01,3.125078534516876339e-01,8.177379961029623834e-01,7.442859530550890446e-01,5.050124704592694469e-01,5.385073929168918694e-01,7.875163072570767753e-01,7.697204972765492315e-01,7.977822350971601750e-01,7.728694514923243331e-01,8.065692966253726892e-01,4.574535284677703761e-01,6.661943117026908334e-01,4.532427120348616056e-01,6.023971244691335158e-01,8.088973364082993056e-01,2.165398301010361404e-01,5.806145888166330815e-01,6.651776435238295759e-01,5.974723097746161837e-01,7.046227832816787107e-01,9.136762355663039514e-01,7.123637340766015846e-01,4.603262200591399234e-01,4.620166249897158517e-01,8.586333415738134356e-01,7.980832931514009188e-01,6.626902611725604686e-01,2.064201808608456257e-01
9.219845128200598872e-01,9.257601660709243729e-01,8.321767916219422467e-01,9.616109679552042877e-01,4.396282028832148581e-01,2.966923922126247781e-01,3.251973621586625590e-02,5.180273527071364015e-01,6.640465781929523192e-01,6.560066622328611929e-01,0.000000000000000000e+00,2.333646547646630875e-01,7.827708069944701030e-01,9.039169208455365423e-01,7.528054669832422441e-01,9.804514450348367216e-01,5.815320079237993323e-01,3.242719813777612536e-01,6.699606854955195701e-01,6.318486475877655995e-01,9.195519840669075240e-01,4.146842240100239718e-01,4.769304139485591731e-01,7.089841274458247300e-01,5.298885681213656440e-01,3.800560135563983977e-01,4.449918325613258507e-01,4.984593826263447047e-01,6.665957673306549536e-01,7.031816499902370232e-01,4.319240753034967600e-02,7.505562281358704180e-01,8.870672325886542753e-01,6.771294331104127373e-01,7.574432637162519244e-01,3.309872442581900803e-02,5.474274250772314110e-01,1.084587947067006397e-01,9.534265713683631738e-01,7.251571494171830112e-01,-9.327188024287570711e-02,8.583513198431956814e-01,7.020043077710621526e-01,5.118125427926344395e-01,8.781687748289997986e-01,7.487992659871882672e-01,9.805742630546681049e-01,9.419407241029960076e-01,5.516659048436060031e-01,9.814439181720086003e-01,4.525440688794674648e-01,6.507025951547524834e-01,8.772309385060592657e-01,6.039540181268084895e-01,7.643545485820767427e-01,9.983713108796359315e-01,7.661864244868985541e-01,6.806835488652901445e-01,9.394530185836175162e-01,4.649888606537533331e-01,7.503415918626208381e-01,4.595528031177136263e-01,9.342749888462125174e-01,3.528550247250467065e-01,8.337592921282021008e-01,6.198433879205001995e-01,5.356011860010496672e-01,6.892721972637577688e-01,4.135319309042246316e-01,8.303016092820175720e-01,4.061093260387243498e-01,7.783515867334817040e-01,5.611946186458983687e-01,2.497881804858879951e-01,5.072343676697135262e-01,6.483899302843690871e-01,8.223611454982602265e-01,2.296067285974900674e-01,7.946306317112586948e-01,3.475077444172316454e-01,7.781331859265240292e-01,5.020871827512145558e-01,9.510520488003302297e-01,4.766059162083414180e-01,5.539305665177045590e-01
9.314151036691018515e-01,6.466074145446961685e-01,8.405179636076589578e-01,7.088855117312157228e-01,9.299620837600166556e-01,7.866568037922110346e-01,7.933967640975303492e-01,7.359769893904350990e-01,3.800808413264992192e-01,2.375571410633652292e-01,2.333646547646630875e-01,0.000000000000000000e+00,6.995791776905622150e-01,8.318484476941322425e-01,8.133472597913227187e-01,7.953484997830950753e-01,3.286233579503003988e-01,8.363757487075337282e-01,9.645845690539180950e-01,7.491227882134903204e-01,7.348619282335664415e-01,5.146438805373255709e-01,7.980082819043429199e-01,8.793586190072640862e-01,6.191204468307520692e-01,6.806892014697185633e-01,5.880065171303601179e-01,8.348303858917125453e-01,5.055679770277284879e-01,7.457608535506475844e-01,3.216297759025277259e-01,6.503420145836676936e-01,9.588443540991067326e-01,7.149619833396566593e-01,9.772859421607448249e-01,2.317827708333159431e-01,5.657629372894100728e-01,9.959610320203362566e-01,9.980005245306944328e-01,5.251914181034084139e-01,4.534963161803790554e-01,5.584528051866007869e-01,6.082278812552077696e-01,1.846727440370868889e-01,8.258721632740548824e-01,9.980912787086212434e-01,7.720765060259553447e-01,9.792263550206175005e-01,4.090926843986452122e-01,6.433871951476490825e-01,1.984480366405556306e-01,7.610550672041442866e-01,7.708660237683883087e-01,4.828132111861077602e-01,4.385631112102595375e-01,4.668235622243265270e-01,6.385610656034499399e-01,8.735601699111332774e-01,4.395072232728648998e-01,6.731845673549342601e-01,5.507455536006485852e-01,8.992473409359985625e-01,7.217702139686437146e-01,9.597685324002095397e-01,9.511044277192082230e-01,4.052134529111898198e-01,7.478886506274561308e-01,5.958081241206777401e-01,2.601054696717682857e-01,4.879820664085280368e-01,8.138089954414592375e-01,7.322529396970689497e-01,3.044167006684513899e-01,3.541664870410362598e-01,5.706585800921509105e-02,7.827545729924541007e-01,9.671016886350216613e-01,5.611176768307210017e-01,7.334466308083874564e-01,4.948083611872691745e-01,5.688625172351668979e-01,9.818594776376113886e-01,6.931131827035158510e-01,4.433807472268735950e-01,6.606250118208184530e-01
7.882034281221312888e-01,7.154306768130430649e-01,8.663243489514605988e-01,7.083861508647231187e-01,9.467040634216178363e-01,7.073448194480816964e-01,4.910052975523212515e-01,6.058816039055290315e-01,7.879199218831445251e-01,7.654669099645983188e-01,7.827708069944701030e-01,6.995791776905622150e-01,0.000000000000000000e+00,8.336827990411500577e-01,9.460641951148474060e-01,9.617664391312616967e-01,8.536405702440960086e-01,6.931232868498411470e-01,3.036790722699408418e-01,8.282712114676261672e-01,3.337042628680881862e-01,6.983343762472369320e-01,8.306706863260777673e-01,6.899460781743063098e-01,2.524566615891516985e-01,9.329922742011751424e-01,6.625144876220290246e-01,6.036982345298436137e-01,8.661037435731857581e-01,2.489533103132023917e-01,2.219817391904740089e-01,8.711025285897060488e-01,4.954573556092495279e-01,8.255008083647336070e-01,7.580164729083286312e-01,6.069812422910808580e-01,4.348479642954351521e-01,8.964387291608534314e-01,8.233979262559153467e-01,6.048895892989797352e-01,9.398298346230882228e-01,5.786147364990033015e-01,7.404742332835987373e-01,9.283895983509469207e-01,8.084334897281997279e-01,9.450443123292943115e-01,6.629181257481262524e-01,9.256992676164454981e-01,6.989548313436204641e-01,8.551283461108640793e-01,7.425646564185146570e-01,8.260330491654640506e-01,3.927334989463900916e-01,7.098733066376072820e-01,7.189543677832832547e-01,6.984078368134540860e-01,8.347261334433970781e-01,7.362410979405590306e-01,7.056456095618330870e-01,6.811702014298224306e-01,4.288190866715130833e-01,2.837503918566384176e-01,6.857402423470331243e-01,9.716042322128057851e-01,9.999184958250320054e-01,2.049887518648872420e-01,4.645252433076935694e-01,8.413789268706743929e-01,3.106201286338624579e-01,9.209594142232081504e-01,6.559811889997366752e-01,9.906249886613160971e-01,4.946654632776955607e-01,4.049400739956798279e-01,6.055667815512587593e-01,7.580610526140763028e-01,7.786376491685994550e-01,5.920323145095223172e-01,4.541417890669024460e-01,3.125521855350846812e-01,7.219559807268594032e-01,8.623633915021292617e-01,7.631937869659798368e-01,3.570434772167999093e-01,7.165423405433254400e-01
4.640879244999637221e-01,9.246979936357180296e-01,9.378108838693344218e-01,9.892421126937247511e-01,9.114738388537959590e-01,6.545963550218921734e-01,4.551096604369011533e-01,2.508440891378621029e-01,6.622231293015155007e-01,8.678078017687126389e-01,9.039169208455365423e-01,8.318484476941322425e-01,8.336827990411500577e-01,0.000000000000000000e+00,8.017388759363178741e-01,3.931258150846635435e-01,7.258447691402578617e-01,6.135316375207158224e-01,4.734874760901105484e-01,9.803371013065762529e-01,7.049343306271019793e-01,5.766202261813895280e-01,7.008598806078755183e-01,8.294967638224375328e-01,4.802263970145574934e-01,9.158453353098223726e-01,4.357906864707175587e-01,6.183344180542263979e-01,4.658608938178185888e-01,3.447483019267865711e-01,1.886580814980105825e-02,7.036006535843004617e-01,9.355339495356234103e-01,2.610345550206030416e-02,5.180674736531407643e-01,4.991053008735644725e-01,-1.262722534427402898e-01,8.834872618402053179e-01,7.554205360242732814e-01,1.965455254968027088e-01,6.353499406208161504e-02,7.859994245335720775e-01,9.669988710477016580e-01,8.671364405266301922e-01,6.312213071784328333e-01,6.047488083656715752e-01,8.877478711171090664e-01,2.038708462681438349e-01,9.020079584207565393e-01,7.882386521699389359e-01,6.545922957513833351e-01,9.562929062589802243e-01,6.440130661609597684e-01,9.903106479474317325e-01,9.191330949027785024e-01,5.038877500195728665e-01,9.670164702240402477e-01,6.474890869189543485e-01,4.289796137439028656e-01,7.576148369029226393e-01,5.928393718390062572e-01,8.392503424769783837e-01,5.354166247493842290e-01,8.090216133910087537e-01,7.015584238497580838e-01,6.963732509707595275e-01,4.541077725583927971e-01,8.478442334869391583e-01,7.071500909684439451e-01,3.776156159070291896e-01,8.511015250878621874e-01,5.851665283109273030e-01,5.649847325900368977e-01,7.210918617370124517e-01,7.096456343899726349e-01,7.772037417416128857e-01,6.406349573808880482e-01,5.777687788599336072e-01,7.718280682323559461e-01,1.860374797580558459e-01,5.181408136958872701e-01,9.683680771149056898e-01,6.640259363057460229e-01,6.781885069480204642e-01,9.719828357486498538e-01
8.602948991345948926e-01,6.865431564734209013e-01,8.450346919999760509e-01,3.157197371014203169e-01,3.714027419771934735e-01,5.220203485656438325e-01,7.580137983184457307e-01,2.528380815103552504e-01,7.163949473519335420e-01,8.800697625225122334e-01,7.528054669832422441e-01,8.133472597913227187e-01,9.460641951148474060e-01,8.017388759363178741e-01,0.000000000000000000e+00,7.717952361568543029e-01,7.213193395553372245e-01,8.953271207182290636e-01,7.507372075368403674e-01,8.541377892472163946e-01,9.948983881899808868e-01,5.754253310012195088e-01,6.661261840837769954e-01,9.824873546013472847e-01,6.893923418031970840e-01,6.088883298840324088e-01,9.462671123386333649e-01,5.552711054549039904e-01,2.719409904696745151e-01,-8.950716029275940233e-04,4.359343189535191398e-01,5.874168186245758427e-01,7.077207260877410588e-01,5.661166829340198436e-01,4.114526273427711045e-01,5.625750917679731566e-01,3.459306174727949656e-01,7.695204142638558675e-01,6.192180932540568561e-01,4.471059531449181890e-01,4.464244035642155883e-01,6.350396840906860074e-01,2.640883129910073235e-01,7.801303383859435892e-01,9.876892048738012964e-01,6.623517765634381327e-01,7.655164208570383044e-01,3.325154776666792156e-01,5.038443710474715953e-01,8.038492052295713730e-01,6.694954912521671186e-01,7.397939727193271198e-01,7.226341809736498423e-01,2.954133787187611104e-01,6.348166012840059658e-01,8.079134960693240552e-01,7.347903575370258178e-01,3.884132394759750584e-01,9.722120954635065093e-01,5.998912062340160389e-01,4.533388602535435297e-01,3.295757491320033122e-02,5.627771528716497551e-01,9.917733691052257328e-01,9.825537549614042909e-01,4.533688574452997000e-01,4.596294258909078279e-01,8.089547746515122206e-01,7.614932205556539380e-01,4.365032518782723248e-01,9.848732067609970997e-01,4.203436196864288044e-01,2.732527313645687350e-01,2.809631958643648009e-01,6.989910750226249192e-01,2.603529906948693351e-01,7.784882550508208654e-01,5.215934531428357834e-01,2.111320940134061575e-01,4.150095854455969624e-01,8.066223994221261018e-01,8.166036719105305153e-01,6.715436933447267442e-01,-2.298609344999667514e-01,2.744956134018679550e-01
6.912475325645722757e-01,9.926046699679488272e-01,6.099532994862748581e-01,8.301092789836774788e-01,7.609310582891207764e-01,6.852638014998436722e-01,3.902113102344124673e-01,9.718331339590836615e-01,5.229215164575925501e-01,7.566877526701200063e-01,9.804514450348367216e-01,7.953484997830950753e-01,9.617664391312616967e-01,3.931258150846635435e-01,7.717952361568543029e-01,0.000000000000000000e+00,8.309898069179419977e-01,7.550209117066409847e-01,9.071885614820667243e-01,5.356208111845960351e-01,9.202757255994659102e-01,5.462072033390421577e-01,9.250979558155862925e-01,2.605945306593716593e-01,5.712628579887789604e-01,3.005694011067002736e-01,4.598668830899818039e-01,7.806936844341478832e-01,2.806507175894206729e-01,5.003733126645700802e-01,4.601045170073992940e-01,6.686031666446501376e-01,9.492623562022487471e-01,4.282414039751843982e-01,6.186093438723361260e-01,1.441273416414803055e-01,-2.852426094843424909e-01,8.068932612743072719e-01,8.310000094661147418e-01,7.448404617932757876e-01,1.903222360696464610e-01,6.317904028103319414e-01,8.673950256892992705e-01,9.472100523221160806e-02,6.632559498735495218e-01,9.104165226182526771e-01,6.142901168318629646e-01,6.435697277424529128e-01,5.988350131168793666e-01,4.216926710733225891e-01,2.650819008831528656e-01,8.922350335175264213e-01,7.975755945099134436e-01,5.446957489041521772e-01,5.337269150612798940e-01,6.020606742552924162e-01,7.633832513363020267e-01,8.234751951354337685e-01,5.689339723049915420e-01,6.144141050254089409e-01,6.028635630881399310e-01,7.926536475905145984e-01,5.464583681791719272e-01,7.287295081389499884e-01,8.869456346914090794e-01,5.397277261144888261e-01,6.650360106853058229e-01,7.071841463391190796e-01,7.502027009910104960e-01,8.101233760859940514e-01,8.968003271435829316e-01,6.410081012670681977e-01,2.836553153130026428e-01,6.151750837823158902e-01,5.472902572475942806e-01,7.827207131783087135e-01,8.480540502758086019e-01,5.301073591667626594e-01,4.518832050244406817e-01,8.577766200088189352e-01,3.556929590698311161e-01,4.818864067960006436e-01,9.946350650510674685e-01,7.626533755055401320e-01,3.836462122093542426e-02
6.937948649307874582e-01,6.547321670099891522e-01,9.639351223254073731e-02,3.347122041611463317e-01,8.403251825930015961e-01,8.294928972480049012e-01,6.308283477856494459e-01,6.232825289738261887e-01,6.675848781776220209e-01,4.707848501540982111e-01,5.815320079237993323e-01,3.286233579503003988e-01,8.536405702440960086e-01,7.258447691402578617e-01,7.213193395553372245e-01,8.309898069179419977e-01,0.000000000000000000e+00,2.539443001522203591e-01,9.650566838307448325e-01,6.498117259601403628e-01,6.324634135528669487e-01,9.965934600929937659e-01,9.466218830897069614e-01,8.575916229026464555e-01,9.522925877776727832e-01,8.933530299693173693e-02,3.459840448379448707e-01,5.940862469487933062e-01,4.453698088193585591e-01,4.611357577306044453e-01,3.790961418891618528e-01,5.154018833723599258e-01,3.131014975152824897e-01,4.339785048783657839e-02,6.321765993409098616e-01,1.964790718900761846e-01,3.703482428974397278e-01,8.448811704116795385e-01,8.320466841553881832e-01,7.082532996516496260e-01,2.037325810705504781e-01,1.617185761115477183e-01,2.618539025825891708e-01,5.795534723886940354e-01,6.080446404834667362e-01,9.168209391188902879e-01,2.329517927895548568e-01,7.725120916547596472e-01,8.227666023657455030e-01,6.629179784966318101e-01,9.247154273259923229e-01,6.102649130981881997e-01,8.501534266174762822e-01,9.651415157103723219e-01,9.039845899914391580e-01,8.737900260236716177e-01,7.633444667889797142e-01,9.827529402961772131e-01,9.271674613047474756e-01,8.319273666735792494e-01,4.865435730400512471e-01,5.075427584653710023e-01,8.595886350174763990e-01,7.886395455096859575e-01,8.259405128158844311e-01,7.804832286058985824e-01,7.370640489350492874e-01,9.789117775671859478e-01,4.080863219438539136e-01,7.590099602535307355e-01,6.788632147449826792e-01,6.630028425544032267e-01,6.487526290723363287e-01,3.679477816599389106e-01,9.136961494714532783e-01,7.616084289310791622e-01,5.085047974315113350e-01,7.932161160216759654e-01,4.784504932503338415e-01,4.871822984303175175e-01,5.688777754359024552e-01,7.718405958523579802e-01,4.050938413615249867e-01,1.523253109502617220e-01,6.604754888103250288e-01
8.471264186571054733e-01,6.758361062403291930e-01,9.777954995582697206e-01,3.018156018594245205e-01,7.341485433544034933e-01,8.780740151548722672e-01,9.331606506929316369e-01,9.456806858830797413e-01,2.197587872464115966e-01,5.245412135156848343e-01,3.242719813777612536e-01,8.363757487075337282e-01,6.931232868498411470e-01,6.135316375207158224e-01,8.953271207182290636e-01,7.550209117066409847e-01,2.539443001522203591e-01,0.000000000000000000e+00,6.615008965974797928e-01,5.695841233288856387e-01,6.425450994017399831e-01,9.872453058226772216e-01,7.718531023478645281e-01,8.272633076154600751e-01,8.531962245558124547e-01,8.018804096668415982e-01,9.220710222431143244e-01,8.327212115417182980e-01,3.784030745041318533e-01,2.376821106916214010e-01,5.209962249354685992e-01,6.954555867112393042e-01,4.198254060135158672e-01,7.498645472915277388e-01,8.508447771237580559e-01,2.900363193802978912e-01,5.107969726755939160e-02,8.143433138328167731e-01,9.587544096764802903e-01,7.748223592189640296e-01,4.522911182448322021e-01,9.243268432309401650e-01,2.007109563189956591e-01,7.036722450306578391e-01,8.458857554639676035e-01,3.585418982627666118e-01,9.166212566967603115e-01,7.612865513661963845e-01,7.470325928309774488e-01,4.205318706262875517e-01,7.572446890164451494e-01,9.313090171817005603e-01,8.959643097050159488e-01,6.770797231952404571e-01,8.110721716214426280e-01,5.991430431936365375e-01,7.195630354139420648e-01,9.127467171817299496e-01,7.984952701607326286e-01,4.825226701102275362e-01,6.896598879288542427e-01,7.104964078783443382e-01,9.719915978183745198e-01,2.619409880602546759e-01,6.732049306960079527e-01,5.845066101629854405e-01,1.398257062924263272e-01,8.828488148470345909e-01,7.547213601773845593e-01,7.536076554881461220e-01,7.016131825611559014e-01,8.921349771478307433e-01,7.485941865590421962e-01,3.423925543554835471e-01,7.345863789016734424e-01,9.284153642078304403e-01,9.056374851816642035e-01,8.357581027919908090e-01,-1.407974886293852923e-01,2.965719246278454846e-01,6.685362311961258186e-01,7.414243185358089239e-01,8.390648272056029644e-02,5.777857488491449089e-01,7.964517002248450162e-01
