0.000000000000000000e+00,4.084925976159347050e-01,9.186832330662603185e-01,9.754883365139016549e-01,9.992904476689594695e-01,5.272006524772510083e-01,8.535991648131067144e-01,5.121313011002233129e-01,8.382857179592357877e-01,9.108100443154906189e-01,9.279629766162597049e-01,7.482823312551851735e-01,7.512574024808736928e-01,6.110799056940815488e-01,5.872143118597117351e-01,8.605805366623275887e-01,6.301889399242029954e-01,6.232259605462459051e-01,9.034303938806048651e-01,9.695372446909447106e-01,4.611392438347042821e-01,4.710650718426618866e-01,5.034468187549390183e-01,7.887709517033008044e-01,1.527433326550520221e-01,9.153832270101189827e-01,9.756980171222755516e-01,8.761169482795148067e-01,8.874875883220559314e-02,4.535292765576787732e-01,2.052918305430997126e-01,3.835447287633442226e-01,9.049462944447618229e-01,7.607744712649326946e-01,8.685472910311315964e-01,2.584835355342661178e-01,5.060783247527494977e-01,8.316546209439609205e-01,9.106350250291421755e-01,2.700237338944420640e-01,8.790914307709453146e-01,8.866156833563314521e-01,6.097661314523574738e-01,6.346285028269879058e-01,6.132672897255766475e-01,7.681474307840147064e-01,6.492699755468330780e-01,6.063948380465121746e-01,9.561431960898533200e-01,-7.461593496908730527e-02,8.411591924464191239e-01,7.680985510341516997e-01,6.749966963762316086e-01,1.598374655047632154e-01,9.609635264579208247e-01,9.256216040019993319e-01,6.114630296590344294e-01,7.090224221475339705e-01,6.395822546804852404e-01,4.352267900673301160e-01,2.983318206622372903e-01,9.757640350946135133e-01,6.906376262663809218e-01,7.968176702507139275e-01,6.733048618246912920e-01,8.733738806744015815e-01,9.593632572009780368e-01,6.716197032388103727e-01,7.366780048387097102e-01,6.551851819668850219e-01,9.507907181718008305e-01,9.446133288273296236e-01,4.860401789234385372e-01,1.549202137509246915e-02,9.908324303061297744e-01,4.346623374958378805e-01,6.631663322286904805e-01,6.610859838373563946e-01,2.143447618792809761e-01,3.580833943155643517e-01,7.664614406695784421e-01,8.977643609099815736e-01,9.704819757708208483e-01,3.582990178633665979e-01,1.935533134622885454e-01
4.084925976159347050e-01,0.000000000000000000e+00,4.802295141567716197e-01,7.786581197667775678e-01,7.505087604278420921e-01,6.104083001129322339e-01,6.913229773658140509e-01,4.649466541562902733e-01,9.349942991981321505e-01,8.566129204225947369e-01,9.797774068374430767e-01,5.528955696039304923e-01,8.135402288000276316e-01,9.553330548643893527e-01,5.282626262362020153e-01,9.018252580763589377e-01,8.459001996795878497e-01,9.221069747685534113e-01,9.743094670016676506e-01,4.254063948683218244e-01,7.899962422434363418e-01,8.610710908420804444e-01,6.262375110411101398e-01,8.288250503618990184e-01,2.174427521368152080e-02,4.191023862271271438e-01,5.033601077603516716e-01,7.816812025658201879e-01,7.436447000344559299e-01,6.153011357256628067e-01,5.884719966625443499e-01,3.028146441777039843e-01,3.481040692615889331e-01,6.261303224335803552e-01,2.705260759355439526e-01,4.856578849252549679e-01,2.230779972273321810e-01,6.528176810273496056e-01,9.774920444747935422e-01,9.112198012794486823e-01,9.705564545531285559e-01,8.969334722164076235e-01,7.404297376833332001e-01,5.749553360211724362e-01,2.619892442611782557e-01,6.489152418710850689e-01,6.343298458603434664e-01,3.676185244319828405e-01,4.258311017157210276e-01,7.392988488125429303e-01,7.116676391652148048e-01,6.907613830056350546e-01,7.015626702496269296e-01,6.271228317009700515e-01,8.188827271905063654e-01,7.205327519361701682e-01,6.153919177338920132e-01,6.266774170708355740e-01,7.588668627679489020e-01,3.246699932040455483e-01,4.203017546069614530e-01,3.568386634692434223e-01,6.740111910390920169e-01,1.276251854043269629e-01,8.062679068091457291e-01,2.526623490176339026e-01,7.609397654680289946e-01,9.392297174640151791e-01,6.899162295688364699e-01,7.678558203458932807e-01,6.675300600840048393e-01,6.141777768011810190e-01,5.271390327240518259e-01,8.717724933512123187e-01,4.571672805903654324e-01,8.779092607284907368e-01,2.368725315431580714e-01,6.743447748376152351e-01,2.951893043173826614e-01,3.833865823023314690e-01,4.703190564379860494e-01,7.650101460684901600e-01,9.547716443093857697e-01,5.139652808534177497e-01,7.042095687359357647e-01
9.186832330662603185e-01,4.802295141567716197e-01,0.000000000000000000e+00,7.839657478096666576e-01,5.840587249881398213e-01,7.856410778147350227e-01,8.968262796875334786e-01,8.433032498152633893e-01,8.819689191570568854e-01,8.237219557283886884e-01,4.397103027361484173e-01,9.128476630830854033e-01,9.195679539449573836e-01,8.940823174252838790e-01,8.430486486370690757e-01,3.525609983226457578e-01,8.299877492553132674e-01,9.621442088236870083e-01,7.198709741167298448e-01,3.296193683316279710e-01,8.102159149800043370e-01,9.871804313800430775e-01,7.367066645868617369e-01,7.450816120721410751e-01,8.629234772958960242e-01,3.890640825204060294e-01,6.306082280084925884e-01,8.132948348041617592e-01,5.979199356851246927e-01,7.203990740327246289e-01,5.176822864584792461e-01,9.492029546559138664e-01,8.306011036163497563e-01,8.127459404799516340e-01,8.956743166291343261e-01,2.456234741951770217e-01,5.309051861902864822e-01,7.706660464819015122e-01,8.409898196659556513e-01,6.368481077174338312e-01,4.405938850599186996e-01,6.557532430365393683e-01,3.318739398604687585e-01,7.938837334639829990e-01,8.180227753241027244e-01,8.201944827162755969e-01,9.002833485429280191e-01,9.764175701821746767e-01,8.776783232476343954e-01,7.358288915203098357e-01,6.375271375373634530e-01,9.942815346946720645e-01,9.475435350864893636e-01,7.400945586081895122e-01,8.398753890048608062e-01,7.241880967393894419e-01,4.204848012270716584e-01,5.663812708991944334e-01,6.296966030293819072e-01,2.120419014885542297e-01,4.222154588811212195e-01,9.624440076165514668e-01,8.784082826503886166e-01,7.467659353740083716e-01,8.681560395647482942e-01,6.367348440460058878e-01,7.247722270425140945e-01,9.818691394570522313e-01,8.006656978251307510e-01,7.920872178195297320e-01,6.576447910300657895e-01,7.591729440168116794e-01,2.690521380402643992e-01,1.239024684645847751e-01,9.047094560172247446e-01,9.164894859373480251e-01,8.011321527171018086e-01,3.179088241379121049e-01,7.134654425754163865e-02,1.089660849242153340e-01,7.307021674154143831e-01,8.210131523690592514e-01,8.845755163933581855e-01,9.308091684171527769e-01,9.550628460031004296e-01
9.754883365139016549e-01,7.786581197667775678e-01,7.839657478096666576e-01,0.000000000000000000e+00,9.478884421877482591e-01,7.510817910095886063e-01,6.248235049098630478e-01,9.518129580163009473e-01,8.476238968207749913e-01,6.960638049141747441e-01,4.046543201292718828e-01,9.512688783448332019e-01,8.325459386160745101e-01,9.948673812252224469e-01,5.545474576224221908e-01,6.593437666397097274e-01,7.156597968455584713e-01,9.767585599507577765e-01,7.977637507629018465e-01,8.486775552941352441e-01,4.800669351511898664e-01,9.580045107826049566e-01,7.822920818419252242e-01,7.295130441095523111e-01,3.537048961801219082e-01,4.535426393617696950e-01,7.054290201703439234e-01,6.864709003788980191e-01,4.582929575276092904e-01,5.665914350936488431e-01,-6.445945311494702401e-02,3.528443593532794020e-01,8.331251591302606396e-01,7.691901948905974784e-01,9.916982341522153632e-01,5.177059139242750074e-01,7.576908324280818841e-01,5.837611276891968570e-01,6.993819054775163302e-01,8.445494720751125506e-01,7.040286647671990528e-01,4.131198051513279568e-01,8.637869276255298878e-01,2.814082731427883233e-01,8.156348583127861485e-01,6.406493821482277529e-01,1.267674246612195688e-01,7.935643061803185905e-01,7.581681298882367859e-01,6.979972760692849665e-01,7.491294814392699397e-01,9.622151296262068110e-01,9.911976313802665084e-01,8.969229666303294435e-01,8.258055903878330772e-01,8.142817841264562428e-01,5.847051685071923410e-01,8.372054849942266452e-01,8.960158350230262858e-01,6.617588389153731265e-01,7.264408855034334422e-01,9.526096870264116889e-01,8.673345523973952087e-01,9.443343062680596978e-01,5.516686791544666013e-01,6.552444857945494139e-01,5.013539571235398062e-01,6.663048948637112501e-01,4.590440163396840023e-01,6.041681766492847938e-01,8.940173596653629984e-01,6.817314825730165229e-01,6.626156357642990491e-01,7.148077056701389598e-01,4.044363125086966049e-01,5.665080725916826765e-01,7.535029941288797772e-01,6.429656657963238597e-01,7.541194755882719702e-01,3.222473892526347417e-01,5.437368322622192496e-01,9.387170740529483526e-01,8.451471752150989669e-01,2.327184991295971894e-01,9.520303137463874688e-01
9.992904476689594695e-01,7.505087604278420921e-01,5.840587249881398213e-01,9.478884421877482591e-01,0.000000000000000000e+00,7.947751677667183046e-01,6.214051402502591970e-02,7.274911116953322043e-01,7.789538414411794065e-01,8.476141969198207615e-01,7.830486300311416681e-01,8.746984217099578185e-01,8.395353150686097887e-01,8.996977112953107314e-01,4.005597405000635991e-01,7.010165545814336374e-01,9.247699960004291952e-01,4.745534835544983343e-01,7.270052424445815342e-01,8.628040772300691330e-01,7.832198319095791117e-01,7.520371712965979727e-01,7.866716059622567148e-01,7.109687155297688133e-01,6.091707496218243811e-01,7.830307518730709182e-01,9.379235835148147515e-01,9.913539648077012156e-01,5.058036009800265242e-01,4.518940665180569694e-01,3.343574983064875883e-01,5.923946998259215224e-01,4.542176447620712709e-01,8.042586029652134538e-01,2.989484540549675051e-01,4.561555969436068558e-01,4.222769963116537184e-01,8.532844925588662921e-01,8.465450873679442045e-01,7.341721341782390109e-01,4.403880601989833554e-01,6.942794413152304500e-01,6.037837245265438302e-01,5.463101293570373773e-01,8.860728247296768556e-01,8.328704690761721263e-01,5.967839044285473404e-01,7.855706162456370656e-01,9.866538199547119081e-01,4.781716245624991202e-01,8.227755284089899313e-01,9.174114680657905474e-01,5.928660249978955354e-01,4.582778794353123408e-01,8.954177171990904682e-01,8.741685306563415914e-01,7.793590720857866971e-01,9.157420673056176907e-01,9.203493137788195666e-01,4.378701843791124593e-02,4.119307131676417377e-01,3.027294734351311523e-02,9.402982816093434781e-01,9.024846114179690959e-01,6.911229602328636812e-01,9.345677500611937472e-01,6.454040422622649986e-01,4.882492328905687629e-01,6.030261868908542988e-01,7.329994545368860859e-01,5.711753478495138481e-01,6.783838031773714583e-01,5.818908498489864245e-01,1.251598339383992731e-01,1.164753749726464421e-01,9.069418607949256694e-01,2.655262801085024327e-01,7.109521295497303051e-01,1.660139281404765521e-01,3.996765844342270446e-01,5.572513192366290724e-03,7.010156641807845368e-01,8.466518755746209601e-01,6.500593314714824267e-01,7.182918780581120100e-01
5.272006524772510083e-01,6.104083001129322339e-01,7.856410778147350227e-01,7.510817910095886063e-01,7.947751677667183046e-01,0.000000000000000000e+00,5.665629592927041713e-01,6.929370445019323865e-01,7.797746628341702957e-01,6.473443050083996786e-01,8.244580038588298354e-01,6.891597776745482795e-01,8.344569293268460086e-01,7.497734894338123901e-01,4.373995180709130404e-01,7.882754252422625729e-01,6.118291847604775402e-01,6.376590681377507508e-01,4.488882165769755850e-01,9.313917339584538713e-01,7.189387596750739240e-01,8.839197478466084279e-01,4.321528717088662375e-01,9.331324648707766123e-01,7.604542416985456965e-01,7.969425510402183832e-01,6.938600778212529185e-01,5.683101933682155327e-01,5.311767381099163909e-01,3.860086835656095783e-01,4.491749376661718918e-01,9.217646358568994946e-01,7.811553566047586550e-01,9.759193516142089520e-01,9.431841082294466494e-01,5.513435287095109771e-01,8.910137399283837856e-02,7.862846457213585882e-01,8.886620237614720752e-01,9.257337265772161983e-01,7.161540396982781775e-01,9.102002589809875532e-01,9.959909393865875593e-01,3.179683553296401843e-01,8.704572106278853916e-01,9.482463561055398671e-01,5.419637222535680365e-01,6.444654199958810281e-01,5.023423208164591314e-01,5.202229617679107188e-01,9.525615521344699133e-01,9.436164739287397074e-01,6.360184615124016005e-01,5.890136527937770428e-01,5.620329608253702425e-01,6.838969536425256734e-01,8.821154329028169094e-02,6.771918597487189828e-01,8.815563434776578777e-01,2.751045243728718614e-01,8.040935536954677554e-01,6.091675692110084528e-01,9.304562423854996212e-01,8.835552489772414697e-01,9.029659866556525305e-01,7.924360700419392778e-01,9.961434312235343258e-01,8.584288151685717239e-01,2.842686809754984001e-01,9.370614645251893471e-01,7.629519253520238298e-01,6.309066910511872406e-01,3.311177739659834640e-01,2.700776909497690226e-01,7.733564227779052835e-01,8.921574664718572301e-01,7.200805144595118223e-01,6.635093721613137818e-01,2.250131147374108687e-01,4.842467827541183101e-01,6.081434541108462488e-01,9.649362546824110654e-01,8.498368019562739795e-01,4.009017779658744507e-01,6.466602432650205845e-01
8.535991648131067144e-01,6.913229773658140509e-01,8.968262796875334786e-01,6.248235049098630478e-01,6.214051402502591970e-02,5.665629592927041713e-01,0.000000000000000000e+00,2.444172985956410415e-01,3.538432486893179352e-01,4.145266892455161667e-01,7.046221878064194977e-01,6.277046584441966504e-01,6.295706820662760883e-01,4.303311605585585231e-01,4.485653724229954897e-01,9.894838646520679459e-01,8.395557049248463244e-01,4.982540520442527709e-01,3.448668395001771581e-01,9.791092470528326430e-01,7.958515157985646127e-01,6.203085427816101838e-02,6.928850332217252328e-01,8.662826582704379330e-01,2.725378902625921196e-01,5.343269133868399079e-01,8.577167028743377664e-01,6.026206866987683375e-01,4.184436487787016046e-02,2.710715500718059445e-01,2.245886639523691497e-01,6.009773689130100127e-01,7.316695752857499402e-01,2.446122286269178103e-01,5.448714141657624577e-01,4.530160691512222781e-01,2.708458904604185702e-01,7.408951635938924030e-01,8.532521117797347010e-01,7.311526541666630852e-01,2.316911659132450674e-01,3.783340707568719208e-01,9.101412570495469589e-01,7.594526816137837644e-01,4.642750631563240526e-01,7.275587194036574612e-01,4.215826782374159087e-01,6.032848666095047552e-01,6.162088356124150179e-01,9.531273304836924698e-01,7.141352941027921952e-01,8.296801032622700411e-01,6.534277204112619586e-01,5.535463381152454510e-01,9.138754004246403273e-01,6.879231331242903202e-01,3.713165899127216507e-01,7.814374383819119307e-01,4.970997897987894376e-01,6.987953563711907234e-01,3.891291140379095626e-01,9.850501383736474104e-01,5.696656755234665859e-01,9.914708696197074289e-01,9.913035780783324702e-01,3.065989882702896963e-01,5.792696885274347673e-01,9.312519479149046209e-01,6.865643057609071009e-01,4.438761606560114314e-01,4.983522049693177580e-01,6.848227707393651498e-01,4.150909958824652857e-01,4.611324496293989772e-01,7.696031166845803684e-01,2.918209993102215960e-01,6.072312867345410758e-01,7.942323978821382857e-01,2.822795723005928070e-01,2.021988491495788076e-01,4.977326224835215696e-01,1.760228114186671300e-01,9.898213844462993016e-01,4.179986264747558855e-01,6.559564704519571521e-01
5.121313011002233129e-01,4.649466541562902733e-01,8.433032498152633893e-01,9.518129580163009473e-01,7.274911116953322043e-01,6.929370445019323865e-01,2.444172985956410415e-01,0.000000000000000000e+00,2.811916794632628447e-01,9.314381278191056213e-01,8.059876118826300173e-01,4.867527201859581099e-01,6.748888589242214575e-01,8.751411058740511395e-01,6.046791209093651531e-01,5.196551741512224210e-01,9.354874764590627167e-01,6.948618108947408611e-01,4.505877243161947043e-01,9.630791314380480195e-01,9.568059458528742622e-01,7.655962647164847867e-01,6.867203128112020494e-01,9.957125440957244056e-01,4.066651701934825280e-01,4.278837351152307011e-01,4.666980059988676821e-01,6.807832431602914847e-01,5.715851571321589608e-01,7.692846670988389146e-01,5.382970997772019706e-01,7.089306961550476682e-01,4.769401796104950630e-01,5.765689150361341664e-01,5.079205630411940398e-01,2.005255177964317403e-01,4.438679679126587563e-01,7.831056387866393020e-01,8.514813999187593740e-01,4.336042322701167961e-01,1.449416164853623845e-01,5.237736410112834307e-01,7.979114263093977089e-01,5.734355987335197913e-01,9.302634907506672768e-01,5.270801996934326716e-01,2.293666405304365941e-01,4.360575811959983561e-01,4.099883693368611137e-01,6.531680757869160470e-01,5.058642560895895146e-01,4.098564058192124548e-01,3.461216110955369629e-01,2.106382258358200366e-01,6.391936510658962067e-01,8.978556718079101495e-01,9.252240077380837757e-01,7.918077545286311691e-01,3.532357032419540799e-01,5.641336645239676262e-01,4.330201035429720458e-01,3.779698405374592451e-01,3.718035793723400984e-01,9.002489573115282084e-01,9.627576395872810000e-01,9.153718527932651616e-01,7.472858772434733954e-01,4.133926736962144632e-01,5.113831703651295912e-01,9.182928387821838179e-01,5.383113957412170025e-01,7.482382298997015679e-01,7.671186647693375438e-01,5.671407784860524881e-01,2.635385582653816394e-01,6.444566457461651243e-01,7.015231430893855702e-01,6.019206941435487623e-01,3.828092078791784925e-01,3.659404616704306501e-01,6.875902608529800286e-01,4.650082240571458136e-01,7.224540651402888702e-01,6.012704449210696245e-01,7.492976878987085421e-01
8.382857179592357877e-01,9.349942991981321505e-01,8.819689191570568854e-01,8.476238968207749913e-01,7.789538414411794065e-01,7.797746628341702957e-01,3.538432486893179352e-01,2.811916794632628447e-01,0.000000000000000000e+00,6.464496913045516546e-01,9.715710603137256429e-01,8.925680996661065070e-01,7.876495740791158440e-01,7.988291568165925005e-01,6.463390406335560723e-01,8.981852526381780555e-01,8.108411804063309081e-01,6.151087710390871210e-01,1.155317050329574269e-01,9.424145132802178582e-01,9.755755430929686778e-01,8.773211084827277073e-01,8.764216169191562100e-01,8.758736529697661588e-01,7.187172437158501070e-01,7.722013682389584632e-01,5.605647285449202322e-01,7.571753898202714383e-01,6.920166068222624034e-01,5.545270837584376222e-01,4.398943609444926350e-01,4.933726508309174141e-01,6.293663063409496994e-01,7.067275008344993115e-01,9.950645854722481864e-01,2.477215116888836222e-01,9.647899445118058442e-03,5.399422975149915649e-01,7.009533074894218618e-01,3.023083150337153580e-01,4.865010413563717329e-01,3.824323430326362905e-01,9.680916138731399112e-01,9.716096853576343673e-01,8.872822006620696422e-01,4.983531155999341711e-01,4.587310943714107969e-01,5.974368297699735875e-01,7.891157600209729450e-01,5.868072020576686754e-01,9.292638447907605181e-01,7.876789113792157515e-01,7.536621584170228871e-01,5.724459407099101727e-01,8.662889441016241587e-01,6.558846214405781305e-01,2.962604360966977768e-01,5.248204458612065748e-01,8.847214946341854791e-01,4.131591560743217567e-02,2.122158605972123135e-01,6.982002014505870324e-01,5.007125407044575871e-01,6.709351660463893641e-01,8.896237354883173021e-01,9.316898699887463664e-01,6.975079991790965606e-01,8.537513340302251841e-01,7.849806267913488345e-01,2.689616823566554626e-01,8.946021463735157608e-01,5.325857231302058015e-01,8.883432722345144250e-02,2.696774598511700871e-01,7.958887341178830788e-01,4.996797354285058002e-01,8.098428849847549849e-01,1.184682397832450586e-02,3.841689464767160112e-01,1.245780456077777709e-01,5.268653587324322318e-01,9.106688294482210289e-01,5.411145820842742094e-01,6.654030432051001309e-01,9.813264092797038263e-01
9.108100443154906189e-01,8.566129204225947369e-01,8.237219557283886884e-01,6.960638049141747441e-01,8.476141969198207615e-01,6.473443050083996786e-01,4.145266892455161667e-01,9.314381278191056213e-01,6.464496913045516546e-01,0.000000000000000000e+00,8.735933595318726708e-01,6.990774227965371734e-01,9.417480394344563965e-01,6.488008400436346967e-01,6.761618131371160967e-01,7.304767201682318412e-01,6.251180998659047194e-01,4.066226969417987558e-01,4.073178821872528443e-01,6.098422101422443786e-01,8.910640271212516561e-01,7.767095264537975385e-01,8.232093539097941060e-01,6.178808151132719750e-01,6.464638747168933719e-01,2.924956490744092807e-01,9.275972719093855678e-01,4.616789695858432574e-01,6.462265523628039077e-01,1.014608661248699861e-01,5.456569686256209639e-01,5.847648912971917801e-01,9.067060267163303822e-01,6.856879533194262244e-01,6.179711727537621213e-01,5.298999243085114053e-01,2.784598529526212674e-01,9.916889391554057909e-01,6.184848117760758379e-01,8.692140648696820016e-01,1.211538834648320795e-01,9.784990065138609028e-01,8.915842260300428368e-01,4.692351258048667040e-01,9.724494978753027707e-01,5.550384941138319927e-01,4.919361352031004220e-01,5.362417440858802120e-01,7.245589627564027468e-01,5.793550387787447242e-01,8.401443778562802667e-01,5.021915031941760477e-01,9.891434280514180832e-01,6.999942009215009975e-01,8.855437025416709185e-01,9.292117675039019975e-01,4.820105804989955889e-01,6.528553413394539984e-01,9.601279989100103274e-01,8.663079087227859576e-01,7.504733168595491000e-01,1.496269547645281695e-01,2.696117213898503451e-01,9.578979166599304040e-01,7.776229505937536368e-01,9.975888707064539673e-01,7.273051889218864474e-01,9.518953329294015386e-01,4.494633666687609108e-01,9.601354422399028810e-01,9.697210615330752459e-01,7.185929962971366880e-01,7.181891974951165603e-01,3.756815482188025079e-01,6.077211468752088397e-01,3.276321416439710310e-01,9.033579675876589610e-01,2.739219926924684745e-01,3.404022127217566918e-01,1.090368685755731537e-01,5.103515143454986358e-01,9.010229205424310495e-01,9.539097642002101196e-01,6.506611748338289036e-01,4.234703350673145184e-01
9.279629766162597049e-01,9.797774068374430767e-01,4.397103027361484173e-01,4.046543201292718828e-01,7.830486300311416681e-01,8.244580038588298354e-01,7.046221878064194977e-01,8.059876118826300173e-01,9.715710603137256429e-01,8.735933595318726708e-01,0.000000000000000000e+00,5.849859519600262431e-02,8.855886859926400678e-01,9.215947370971226960e-01,6.521437616191223530e-01,7.769364632612419941e-01,9.784584972422902815e-01,4.598946411596323558e-01,9.824077406310576244e-01,6.339696892241353243e-01,7.824790938726107203e-01,9.493621086525667607e-01,6.989276444991848747e-01,5.013146244017766540e-01,7.383475994013576349e-01,8.394549041499552722e-01,8.038500534727963664e-01,4.029431266399798872e-01,7.101475716786179726e-01,2.134335639376117033e-02,2.527263809065843914e-01,7.498337914523741654e-01,6.582781304693980928e-01,6.425701898980902271e-01,9.535703238384776737e-02,5.963385313057495418e-01,2.444990152449316445e-01,1.360875823959975806e-01,7.143047319238000625e-01,4.209670758887150699e-01,6.423564783000725864e-01,9.839877077568404129e-01,8.975175202030095667e-01,8.613719170301256112e-01,8.408219872413061902e-01,4.581821805462053532e-01,8.434815114069654785e-01,7.862651385496275402e-01,7.090634563339854868e-01,6.819492118986998364e-01,8.247756864694751888e-01,7.264990135572257923e-01,8.725603819878959833e-01,6.010600262901119040e-01,8.598935226599578874e-01,9.107888811391188222e-01,9.912624725076211174e-01,9.521687861992258473e-01,9.700697734125054428e-01,5.519935448567448999e-01,7.075360742575471651e-01,5.881204095125145415e-01,6.721286616609397635e-01,4.287664190539374198e-01,7.172951117319286141e-01,6.577572211056651463e-01,7.505215906029576445e-01,7.842994925217209312e-01,6.506957517628377818e-01,6.860071459364449620e-01,8.387081833158275268e-01,1.537444383009637094e-01,2.161948940626460536e-01,2.332424904284055578e-01,7.882445771061643569e-01,8.714512281655866222e-01,3.989776286504508884e-01,6.152478438628408153e-01,5.138299993374931818e-01,4.965530236036921896e-02,4.630377692833668180e-01,7.247365164388226422e-01,6.380358738031296495e-01,6.969723705127943703e-01,1.086656360466236731e-01
7.482823312551851735e-01,5.528955696039304923e-01,9.128476630830854033e-01,9.512688783448332019e-01,8.746984217099578185e-01,6.891597776745482795e-01,6.277046584441966504e-01,4.867527201859581099e-01,8.925680996661065070e-01,6.990774227965371734e-01,5.849859519600262431e-02,0.000000000000000000e+00,9.295361587775277101e-01,2.524173223076843220e-01,9.981962423322435773e-01,7.049095763340134102e-01,7.717938427126421752e-01,7.041339321484654246e-01,6.695612157372491380e-01,6.919123205092053697e-01,9.810077740986815620e-01,7.094532640565561765e-01,6.048679556776680455e-01,8.271189973256032335e-01,2.963261313243458206e-01,7.372699204682529039e-01,8.685924705922970501e-01,6.324969421721177154e-01,3.965420214119109721e-01,3.535224359071845734e-01,6.928702398291595177e-01,7.443134614882033206e-01,7.165882895634213545e-01,9.378788355239614516e-01,4.887626736850613218e-01,7.199076477137593688e-01,3.708311342523904486e-01,2.839638533543960008e-01,6.160737375382377978e-01,2.327714807739208747e-01,5.267745401615820944e-01,7.036187691393185339e-01,9.075141733550231571e-01,8.665309432530163836e-01,9.554598306085859694e-01,9.095715082394323359e-01,7.478464513729247143e-01,5.828205339521365103e-01,4.468095531477490057e-01,4.553408575752528886e-01,2.364119576440419646e-01,8.529011042500225237e-01,9.406579923558630041e-01,3.146248009867851914e-01,5.559882431540732473e-01,8.890304002813698148e-01,4.102461525505118889e-01,7.897270314221475074e-01,6.593664040059037390e-01,5.228310575565705554e-01,-1.114088848574191076e-01,6.910714821151084930e-01,6.291127354344845379e-01,8.104337076393218764e-01,6.494631044078332804e-01,6.998906894225715991e-01,2.196580920060051817e-02,6.237203822020257471e-01,7.106227926751590429e-01,5.009759256118153647e-01,6.649722625664541420e-01,8.896045439359666629e-01,5.870351259091168838e-01,5.598616590505131052e-01,4.404847864309782146e-01,9.206929101918475133e-01,5.403703993084800761e-01,7.264718807879749773e-01,6.432530113467422872e-01,4.786753464946521541e-01,8.703449777971459245e-01,9.419378576857355689e-01,7.836159391218627812e-01,4.928594415403980689e-01,4.198774063526682920e-01
7.512574024808736928e-01,8.135402288000276316e-01,9.195679539449573836e-01,8.325459386160745101e-01,8.395353150686097887e-01,8.344569293268460086e-01,6.295706820662760883e-01,6.748888589242214575e-01,7.876495740791158440e-01,9.417480394344563965e-01,8.855886859926400678e-01,9.295361587775277101e-01,0.000000000000000000e+00,6.277834234198244046e-01,8.197147928285217766e-01,7.732130291033522118e-01,7.354319406899733069e-01,9.537253836691188535e-01,6.008257861193662119e-01,9.470671340721762421e-01,6.561919335853694246e-01,7.700882495025070940e-01,8.747356780508733776e-01,6.105235860817150861e-01,5.005449075466238407e-01,4.015307814501352102e-01,5.955211589259588045e-01,6.887688555611947150e-01,5.423865488823722547e-01,2.339027387538943070e-01,3.049217757776446214e-01,6.524197103065977332e-01,6.991572875933976805e-01,8.795896625972361438e-01,2.172463177282913382e-01,3.159886752432765622e-01,3.963945540618392105e-01,9.754093947529464126e-01,8.781427620898839548e-01,6.516893957115521552e-01,3.108979566425155161e-01,8.360142587350928300e-01,8.027016493364910188e-01,9.462931525512665587e-01,5.522931299531744775e-01,7.609138529453651767e-01,6.952736101028532678e-01,9.601812895796167924e-01,6.642382457212846480e-01,9.494765638502282723e-01,7.981695694124064655e-01,8.769965205444398837e-01,7.102425175220546949e-01,2.170774649020711655e-01,4.523607396727874486e-01,6.415540453851877878e-01,8.529546621051210531e-01,8.291285288377149287e-01,8.815177613481666175e-01,2.925325064284628462e-01,4.625519535722578679e-01,7.389400607986034153e-01,9.594799220904731696e-01,8.690916149688012737e-01,9.138422168131079548e-01,9.958524664555941097e-01,9.300119541202951368e-01,4.804643422478479531e-01,6.506848960151661032e-01,8.644882376790817835e-01,2.701296343553604706e-01,4.968844916308522430e-01,6.946316900410657302e-01,2.349768692577568208e-01,8.916384499426804888e-01,6.693693687776904877e-01,4.183982380402169188e-01,9.428518427226310061e-01,6.432331157570458924e-02,3.471004555760588972e-01,6.812873755418447086e-01,9.639697595776604011e-01,7.996282119907862640e-01,9.853868400855133602e-01,3.746819988816643132e-01
6.110799056940815488e-01,9.553330548643893527e-01,8.940823174252838790e-01,9.948673812252224469e-01,8.996977112953107314e-01,7.497734894338123901e-01,4.303311605585585231e-01,8.751411058740511395e-01,7.988291568165925005e-01,6.488008400436346967e-01,9.215947370971226960e-01,2.524173223076843220e-01,6.277834234198244046e-01,0.000000000000000000e+00,8.764042035953609755e-01,4.590625451948340818e-01,7.042667915161491266e-01,7.598088292350055895e-01,8.721374440793929761e-01,7.865244608921753144e-01,7.925930485088291677e-01,9.518140276938042987e-01,8.326309690049923384e-01,6.561444964932512391e-01,7.279809223385655947e-01,5.013031457971686145e-01,6.558446696943907028e-01,4.864624682131191702e-01,4.552935005729153439e-01,6.789418452327687648e-02,2.297745505476064265e-01,5.196168426168523702e-01,3.247802165927726192e-01,8.812986985749657887e-01,5.235875539219534414e-01,4.045160061313367028e-01,3.861732499316784528e-01,2.782566007435942068e-01,2.121728261518217584e-01,4.996222895831305411e-01,6.713245383191894788e-01,8.879853982600871554e-01,8.959629260675173734e-01,8.528264371535585475e-01,8.999444306569138741e-01,8.094045713701547573e-01,4.705912123603671060e-01,9.121960512665584497e-01,9.916902552923009262e-01,9.003447524322012452e-01,8.208475512876767244e-01,6.612962582882543350e-01,8.886344115513267194e-01,7.405623189240347903e-01,7.932325559509119106e-01,5.705966360163964302e-01,8.965121990343247749e-01,6.833460604084903300e-01,7.860882660039631986e-01,6.060477408560146495e-01,6.377317975668881367e-01,5.826569695980314822e-01,5.159821378152332771e-01,3.654816399770175472e-01,6.863105891218334031e-01,9.863799296319076815e-01,6.348459086473987600e-01,3.215294885599330188e-01,6.422867783717679524e-01,9.500898919134082021e-01,4.939880279935569551e-01,3.072487254879244789e-01,2.092805863774952202e-01,3.107085761420265158e-01,4.391895659725089107e-01,5.066593837594614014e-01,6.177851010473049964e-01,7.954124955406421948e-01,7.071983169615182474e-01,2.988284150350620783e-01,7.294775069809231738e-01,5.501264865308175267e-01,8.922581873051087520e-01,7.013611585655545877e-01,6.580016092131200089e-01
5.872143118597117351e-01,5.282626262362020153e-01,8.430486486370690757e-01,5.545474576224221908e-01,4.005597405000635991e-01,4.373995180709130404e-01,4.485653724229954897e-01,6.046791209093651531e-01,6.463390406335560723e-01,6.761618131371160967e-01,6.521437616191223530e-01,9.981962423322435773e-01,8.197147928285217766e-01,8.764042035953609755e-01,0.000000000000000000e+00,7.652469945053793632e-01,5.673942008509451629e-01,2.299258139743895757e-01,1.493277134497569270e-01,9.141545279898937171e-01,8.585351539015136924e-01,6.660276417316060016e-01,4.526852861815877094e-01,4.969240702485565042e-01,1.313348467073883197e-01,7.270390365404132416e-01,8.280638275572081985e-01,7.699213685291058651e-01,-3.102177311726928011e-02,3.119966609857076634e-01,6.722175017404361519e-01,7.305422710406747067e-01,4.408981502054947765e-01,6.437582548662935666e-01,6.064588708012257356e-01,3.000381805792604051e-01,2.597477221019396376e-01,4.054487036924710464e-01,8.875747689940622909e-01,5.916911791608943094e-01,1.540420719906405722e-01,2.469656477807100764e-02,8.795232699095970608e-01,3.868630092421473377e-01,9.311608777277092797e-01,8.036696932527999104e-01,9.028613377341128121e-01,6.427470411168073605e-01,6.511503907820209713e-01,4.855490139143196493e-01,7.957838591893573454e-01,4.255890695196867246e-01,8.165163860162218956e-01,7.927543918533026535e-01,6.668082781877977538e-01,7.586030576358874233e-01,8.306717208800065144e-01,7.807002091364509955e-01,8.046184836588877731e-01,9.089317325726105068e-01,3.860143976238862296e-01,9.466735880897484412e-01,9.283995467005703439e-01,8.208352858124349227e-01,7.534530180717351477e-01,6.288498274345086791e-01,5.845005637215316963e-01,9.071163551142951142e-01,1.017476442495308525e-01,3.039213726076557265e-01,4.732643856789858772e-01,6.923436630526786928e-01,-1.817430152380692943e-01,2.905419349922655492e-01,7.479741111169744272e-01,8.261510978245901748e-01,8.049291279367939422e-01,4.111909374055025546e-01,4.662124749462577267e-01,2.538087146712802444e-01,2.424647834269572644e-01,9.039642867260563319e-01,9.626056823259671047e-01,7.588757996581989573e-01,5.670631160281038863e-01
8.605805366623275887e-01,9.018252580763589377e-01,3.525609983226457578e-01,6.593437666397097274e-01,7.010165545814336374e-01,7.882754252422625729e-01,9.894838646520679459e-01,5.196551741512224210e-01,8.981852526381780555e-01,7.304767201682318412e-01,7.769364632612419941e-01,7.049095763340134102e-01,7.732130291033522118e-01,4.590625451948340818e-01,7.652469945053793632e-01,0.000000000000000000e+00,8.641283342722702043e-01,8.730315227689556812e-01,2.188737567066836864e-01,5.182570037484853787e-01,9.697252106667033633e-01,9.474753518261331831e-01,4.222383772399690982e-01,8.549419853848454487e-01,4.503999458158933766e-01,5.138384555752287808e-01,4.540618096526771175e-01,7.773290323840560401e-01,4.788681385085224451e-01,4.877446244976821887e-01,5.691174562114743596e-01,4.250767410489164067e-01,6.081395432302453274e-01,4.316677931261018730e-01,6.155852363033441632e-01,6.602881364096163663e-01,5.590141756849424937e-01,8.776493438838816052e-01,6.321003155988411670e-01,7.338042952284106191e-01,4.764106439330525467e-01,6.318504102955568857e-01,7.400017557955472780e-01,8.304621779865449804e-01,9.263122199174254057e-01,9.643451949588813799e-01,7.026889474408636316e-01,5.065938403000225937e-03,7.148065769044773532e-01,7.687812943688075995e-01,6.576189794476997585e-01,4.897898615335014028e-01,8.738477522482196447e-01,8.997196087629675265e-01,9.922089889890258751e-01,9.475098801451475872e-01,2.069622328019286861e-01,7.678733086313259681e-01,5.017930901373172103e-01,9.014914919994895248e-01,5.812929471620185140e-01,6.226247534577208365e-01,6.652487854680085855e-01,7.964968512698716863e-01,7.636255759580296010e-01,6.668841601312028855e-01,6.081770584646047917e-01,9.036601814922415876e-01,8.080022838325993106e-01,7.501745554131182825e-01,7.498254322342789990e-01,7.272133999995049614e-01,7.928460681562656820e-01,5.034886080138751829e-01,6.111693784081199121e-01,1.160887930804146012e-01,4.297046192668408371e-01,5.666979128945600630e-01,4.030033054103475676e-01,6.131809819625586577e-01,8.815825010761663139e-01,5.810031785769892432e-01,4.350594742517329139e-01,6.215724018566067821e-01,2.184875041206916224e-01
6.301889399242029954e-01,8.459001996795878497e-01,8.299877492553132674e-01,7.156597968455584713e-01,9.247699960004291952e-01,6.118291847604775402e-01,8.395557049248463244e-01,9.354874764590627167e-01,8.108411804063309081e-01,6.251180998659047194e-01,9.784584972422902815e-01,7.717938427126421752e-01,7.354319406899733069e-01,7.042667915161491266e-01,5.673942008509451629e-01,8.641283342722702043e-01,0.000000000000000000e+00,6.315612325755318723e-01,7.787491935972549184e-01,7.731798536027283397e-01,6.658867355540795119e-01,8.266202747152144870e-01,8.186453480512587699e-01,8.968744522568801170e-01,3.325820798621790808e-01,5.242318310456792751e-01,7.437178954477998705e-01,9.759665369059754569e-01,3.454146397946903368e-01,3.722296349824729678e-01,7.644838097337217642e-01,8.347223112955943769e-01,6.790492406954371507e-01,9.299428422571303088e-01,8.357415209308302062e-01,7.101851822839074790e-01,5.296913463387155074e-01,6.452592651755325592e-01,8.536177710234208460e-01,7.894426180497645662e-01,3.743855816413739213e-01,9.562252473370016492e-01,7.513409876142504995e-01,9.586148013211930330e-01,7.535583023067569108e-01,3.259099365283009697e-01,6.427585831544680994e-01,4.174762979245874028e-01,5.114294833779670091e-01,6.190002054049797975e-01,6.369404188777744169e-01,9.833012055152329234e-01,8.446261119737136225e-01,9.297576387906705264e-01,5.186302232360380238e-01,6.850071387563460013e-01,9.251852586198915374e-01,2.366084408598531919e-01,9.645505907732414563e-01,4.286886427180549020e-01,6.965166694759190591e-01,8.184670426353134465e-01,4.020004152467129277e-01,6.440079123271239547e-01,9.323829569638051318e-01,7.616336464677366802e-01,8.164910461084976534e-01,6.992788146834162388e-01,6.647363007775884958e-01,7.097802367925324374e-01,6.494489122768177802e-01,8.239025962867493336e-01,1.434324070138801727e-02,6.842366095420389094e-01,2.428791618887740367e-01,6.322005690470697825e-01,9.800935318991293999e-01,8.074034806586993795e-01,2.669223544756755273e-01,1.113285470892758644e-01,8.222511259554419194e-01,6.405912499474099020e-01,7.200803583991267631e-01,7.382285602226381638e-01,7.471072798185178776e-01
6.232259605462459051e-01,9.221069747685534113e-01,9.621442088236870083e-01,9.767585599507577765e-01,4.745534835544983343e-01,6.376590681377507508e-01,4.982540520442527709e-01,6.948618108947408611e-01,6.151087710390871210e-01,4.066226969417987558e-01,4.598946411596323558e-01,7.041339321484654246e-01,9.537253836691188535e-01,7.598088292350055895e-01,2.299258139743895757e-01,8.730315227689556812e-01,6.315612325755318723e-01,0.000000000000000000e+00,5.413143000792666193e-01,6.867083967410747558e-01,7.890769879546534193e-01,6.251699634715434106e-01,6.213503160836749695e-01,9.990357575380038879e-01,5.919455296521357601e-01,9.174020615423874592e-01,6.103541120899076411e-01,4.992164297950802965e-01,2.743409751257013807e-01,7.593903362316518635e-01,5.947843489287891749e-01,6.650687979835461228e-01,8.230638714813438561e-01,8.733806592990334128e-01,6.386694454218143635e-01,4.937266104376966114e-01,2.922791854926680699e-01,7.406017503081842035e-01,7.863652582784036449e-01,7.329958233186605332e-01,6.705093315986939695e-01,5.264625383646367451e-01,2.804032917882638420e-01,1.873103601396555462e-01,8.736539772507235790e-01,6.645712366624503264e-01,8.827837920020050744e-01,6.364645489240536858e-01,4.466842032499119819e-01,8.538005655613307709e-01,3.454570193617922946e-01,6.911733182950062782e-01,4.771979084585917241e-01,6.926506283803346431e-01,6.982860345310097916e-01,5.345318990587194508e-01,4.978338548472350800e-01,8.261736137975456140e-01,3.524754545512133186e-01,4.994489990392404488e-01,5.681437633165331569e-01,6.723840892117531887e-01,7.085604511748493373e-01,6.832531017317026167e-01,4.771277036929032489e-01,6.793948111113327082e-01,9.989229190375665812e-01,6.570815711600838105e-01,6.925972774584608915e-01,3.329640289022449684e-01,7.414069355843199149e-01,6.272135519623777133e-01,5.797427661078583538e-01,6.645171592214963452e-01,6.295020633738246385e-01,4.842115138353212389e-01,8.810435135024964337e-01,2.029872107332119646e-01,2.874682386218112562e-01,6.785914372054938082e-02,6.743653238278499717e-01,9.436831809462052911e-01,9.453967191637892009e-01,1.802322350863951317e-01,8.390586478570231099e-01
