0.000000000000000000e+00,7.962126741038556554e-01,6.330830144807645388e-01,7.376022037580234336e-01,9.787560850006055135e-01,9.262779003164192115e-01,8.075219262724702141e-01,9.892181971638664972e-01,8.332850314035532557e-01,5.466206180666463021e-01,8.716416521771042092e-01,9.575414876981885870e-01,8.270434455817091690e-01,7.128014665841692077e-01,7.542418814882769773e-01,6.527474976235586590e-01,3.935989982098084816e-01,5.050164612150990218e-01,6.320236820232133512e-01,3.628342510099122897e-01,8.576313015042859034e-01,7.025394582790428499e-01,8.195076767436471066e-01,9.198267474464096871e-01,4.789823545144774597e-01,9.350280376250115211e-01,6.431965059866986412e-01,6.637580373556647428e-01,-4.235309637195613930e-02,2.709477803793278183e-01,1.020662762811470892e-01,5.552806231614602073e-01,5.403963714924713280e-01,6.409773615333590469e-01,7.923570929963175136e-01,6.296086309055692887e-01,4.763794881621457034e-01,8.154033268947453728e-01,7.336611338550956818e-01,9.096416872466378534e-01,4.551546523080642337e-01,9.713926099268525016e-01,6.355761112437282589e-01,9.508528548165908756e-01,8.606966016280712672e-01,6.704142447735145227e-01,9.859829968590571037e-01,4.001362042824735954e-01,9.497025519191567566e-01,9.069685668595612871e-01,9.869533771588208104e-01,8.431658861166582142e-01,9.617874779748357694e-01,9.505940553808687188e-01,5.428539985747335983e-01,5.239500793434502812e-01,8.474821742690299420e-01,3.576474094122745750e-01,6.199958969960137622e-01,5.810879952452654429e-01,5.123664910274921408e-02,8.621781012584051052e-01,9.003659315827610143e-01,7.272835840924288808e-01,8.394252462078617416e-01,9.628750509306452932e-01,7.670446193156104098e-01,9.594125572246333666e-01,9.407567542697163887e-01,6.255406618981912414e-01,9.565058572857776387e-01,6.361170558282859266e-01,3.697594215195253442e-01,1.250699841373988652e-01,8.319631100698202664e-01,5.067318674183357574e-01,9.481038995643455980e-01,7.899075361534229067e-01,4.212684031793584305e-01,6.587799814004846599e-01,8.779248569241601130e-01,8.066475798115183560e-01,8.777363016247311522e-01,4.485923494454174820e-01,6.628813600344273249e-01
7.962126741038556554e-01,0.000000000000000000e+00,5.823753334263883641e-01,9.531491980976533052e-01,9.214945739627938837e-01,2.243320456107507632e-01,3.169936845142076187e-01,7.080868707013457941e-01,7.718932056638495576e-01,7.294628435088408303e-01,8.483357934181557924e-01,9.129886992381123223e-01,9.726726153808791242e-01,5.188422296654345844e-01,4.122950068013336300e-01,5.643785877383550309e-01,3.045247465673661114e-01,3.706579554700726309e-01,9.228704681358895767e-01,9.819522930245597747e-01,8.186636078764221169e-01,5.592066883514845710e-01,9.767009984418377755e-01,5.895715127265712674e-01,5.332425817619275143e-01,6.892376190283430182e-01,9.791538459493802637e-01,7.451129928510702438e-01,2.102370917070031375e-01,4.450116788794183931e-01,1.490768457362134924e-02,8.174333759160109514e-01,6.175131059995107030e-01,6.710952470393909408e-01,6.670533568665631963e-01,3.492406741940453641e-01,3.184932331710021436e-01,8.176745225603018197e-01,5.357560675056740607e-01,7.943138440215491425e-01,7.684300585602269473e-01,2.497192039501664740e-01,6.592326753207138346e-01,9.935485134822157338e-01,9.891322886156033167e-01,9.600313687662873630e-01,6.663320023131900083e-01,8.461316051562078888e-01,7.761194556987190962e-01,5.602179024760183257e-01,4.451621149193114024e-01,9.372800018625634388e-01,9.610002435227886775e-01,9.916249045864100609e-01,5.386111472722245885e-01,4.714133872854856522e-01,3.164575874380758380e-01,7.201228345616434989e-01,5.488439160951144036e-01,5.487167206485287219e-01,7.955297531072087480e-01,6.072856593964782723e-01,6.714214141165272265e-01,7.869141215034398673e-01,9.956914698020675747e-01,6.348382759797930319e-01,3.485484492863686334e-01,7.642903101021414347e-01,6.257598535914000726e-01,9.032480938816659366e-01,7.662434633392485317e-01,9.299844567823872810e-01,3.826693128397924415e-01,7.659516303518358882e-01,8.474268835243533582e-01,8.322180512425322307e-01,4.435194205209830876e-01,4.019465144228426268e-01,4.812127938887800771e-01,3.797340922696033072e-01,4.635876708585480177e-01,7.537040530609552258e-01,5.964930141677174946e-01,4.671995656025026422e-01,7.817469106948184976e-01
6.330830144807645388e-01,5.823753334263883641e-01,0.000000000000000000e+00,9.688052669494618963e-01,8.792702127298437365e-01,2.299627706368843616e-01,8.574016749988221386e-01,9.136779762974135410e-01,8.756640834010998020e-01,8.002976733837525725e-01,8.849741486481441655e-01,9.225268010128665486e-01,8.061866580098490109e-01,7.447060549044056676e-01,3.800682214755734534e-01,9.520667975685759288e-01,9.919662827851662978e-01,8.639011108104515113e-01,6.495759913240349848e-01,9.202847411175800740e-01,8.894163551091079922e-01,2.212211847366694628e-01,9.049211230615579193e-01,8.345208039168372505e-01,4.116086038385475820e-01,7.578702057783115453e-01,7.863334766210007265e-01,8.457961065185717331e-01,7.053970000919319583e-01,2.257799800380100362e-04,6.846180745962023861e-01,6.059381250471069791e-01,9.905606643511722931e-01,7.862213660599060017e-01,6.992786893749826094e-01,4.183731596444895673e-01,4.242980133315586433e-01,9.022264821335431728e-01,2.028237746293319321e-01,5.332893375253798807e-01,7.154863339793356980e-01,8.849848782856636342e-01,9.343198758777669921e-01,6.632560171069631361e-01,8.474213890460288168e-01,6.447474332002796071e-01,6.821967372652877337e-01,5.406230835398491141e-01,9.300061259175728123e-01,9.491753753504841296e-01,7.706162261624334153e-01,4.161459146933073061e-01,2.067459999983737862e-01,8.429413226337019172e-01,5.160414140520693804e-01,7.823488631575128416e-01,3.130838503843141885e-01,6.575226095813413441e-01,9.184449189847313511e-01,3.802347382857212271e-02,7.434644352521505573e-01,7.487742169715034812e-01,5.813826300499368438e-01,8.721266191512214716e-01,9.796687414966945839e-01,8.850039386488447457e-01,8.217331341710585324e-01,9.380443892591702193e-01,8.541638921433685194e-01,8.105087246349749197e-01,9.607099562894192424e-01,8.463426513890258684e-01,7.502174129730189156e-01,7.913473260793356390e-02,3.750956007922923163e-01,7.789141386715621174e-01,9.564454761810281536e-01,3.364537053799915300e-01,5.604034637024422061e-01,7.567260444196453051e-01,4.518329050034939343e-01,9.122591835729541021e-01,4.239947927352823998e-01,6.019405395598621533e-01,9.181002940850571115e-01
7.376022037580234336e-01,9.531491980976533052e-01,9.688052669494618963e-01,0.000000000000000000e+00,7.986112171909458546e-01,7.888543107407463006e-01,2.570357036049397692e-02,7.886319158959271824e-01,9.854095781602413284e-01,7.988015671441162091e-01,7.507735631426519785e-01,8.725675669981283189e-01,8.235850953830610166e-01,7.224566542708166228e-01,7.361751477895452922e-01,9.336582463745349836e-01,8.307186131742013702e-01,6.969140610690782722e-02,4.721172779524898111e-01,6.789136934701267556e-01,8.454313243225460850e-01,5.212444357152772323e-01,9.027326363207004434e-01,6.986131734963195727e-01,3.977455686385167333e-01,3.395745514014659738e-01,7.474059288770080745e-01,9.492010581775202072e-01,7.840660544470444693e-01,4.097807008792484496e-01,2.063903421195813215e-01,3.064549928104303156e-01,9.365714024506068824e-01,6.706548949346927690e-01,9.163190697135954466e-01,3.712722487918483916e-01,2.378625386570636102e-01,2.363069076147819303e-01,3.678314852539950053e-01,8.353211251517906888e-01,4.135955678360738186e-01,6.356741115747502890e-01,9.807335694968940532e-01,6.442414040798352115e-01,5.472229001423740691e-01,5.787771280596800683e-01,9.219207395800428362e-01,9.090205424719099980e-01,6.929162047248040857e-01,8.768820458255319750e-01,6.665610697942642160e-01,6.338925895421114731e-01,8.114400200158219389e-01,7.440674032532930138e-01,5.029619993851013326e-01,6.649936349747955777e-01,6.034000452436432127e-01,9.811386731824200957e-01,9.640781978604850977e-01,2.649993985572701161e-01,5.890843991068792640e-01,6.319379870942497535e-01,6.492963697904285958e-01,9.961135840471164737e-01,6.136487707227399335e-01,2.402736799496295872e-01,9.225397020254174629e-01,9.233655295953976383e-01,1.094208087841144900e-01,8.589621563129663517e-01,8.159276916994558926e-01,8.253607579546788919e-01,6.436862166358008341e-01,1.809663306849372821e-01,3.547815409856727165e-01,9.952643002840391162e-01,9.961676824499805516e-01,7.016509755410577087e-01,1.973647191746542018e-01,5.039005286292279617e-01,8.165547158495047864e-01,6.970966428571723217e-01,5.430242803061636758e-01,5.191803590870948115e-01,9.564273903381088626e-01
9.787560850006055135e-01,9.214945739627938837e-01,8.792702127298437365e-01,7.986112171909458546e-01,0.000000000000000000e+00,6.586830470529843051e-01,2.855829707187761413e-01,7.349979160898962860e-01,6.509108680005247782e-01,6.421804803591085742e-01,8.039622157591328477e-01,9.210472831638143454e-01,3.983657904664339999e-01,6.994441967829149176e-01,6.841859525950269028e-01,6.628699909574058413e-01,6.432444376217854032e-01,9.066597381763792374e-01,8.608021837885628802e-01,5.558427114694493021e-01,8.268654438976668075e-01,2.504216066967032694e-01,5.744183916208727148e-01,6.165857236482080728e-01,6.744955056880558297e-01,9.378411459964162145e-01,9.109834938458735154e-01,8.112662630602825997e-01,7.761259003446668858e-01,3.695239045486030660e-01,3.824624746933098507e-01,7.402793421892441827e-01,8.691340618736838053e-01,9.333141488945555508e-01,6.394979593996549250e-01,5.466044423346752001e-01,3.419613760105572053e-01,7.249827120914760226e-01,7.200307284988749501e-01,3.896029536319520759e-01,3.843715549035642276e-01,6.941243294062298119e-01,3.388225325299207835e-01,8.358370332298636907e-01,6.882243411397159782e-01,2.578638958587519681e-01,6.746628008018387135e-01,7.286270128982439420e-01,4.555991565226022999e-01,8.990504298734918187e-01,7.774444763837521366e-01,3.546098617614824589e-01,5.813071934350910741e-01,6.205194437178730427e-01,6.168671124279283546e-01,7.297399094067040792e-01,7.140204052013033875e-01,5.834458072499515424e-01,9.814161240373311390e-01,6.404501246396899772e-01,2.250139433945913536e-01,5.961161513850676830e-02,8.720016711363197670e-01,9.842285313858402107e-01,5.902208808060460665e-01,7.040011567315118679e-01,9.888726296656664694e-01,4.099110958133281302e-01,4.078404803262603573e-01,8.630454183292700643e-01,8.910332709999223555e-01,9.823426521996552196e-01,2.903914541381464320e-01,5.415818436167385563e-01,6.941233531933874712e-01,9.039598876818983886e-01,7.682824410423738648e-01,4.304281792427734898e-01,-1.048170084564504501e-01,2.241423413031596035e-01,9.301763214549574332e-01,8.066899430264261595e-01,9.324365629998281335e-01,3.879620052837947641e-01,8.548164540544095358e-01
9.262779003164192115e-01,2.243320456107507632e-01,2.299627706368843616e-01,7.888543107407463006e-01,6.586830470529843051e-01,0.000000000000000000e+00,2.007901858076390211e-01,7.920514348180005548e-01,7.669534569120252110e-01,7.895285103579590125e-01,4.041958762934115268e-01,7.194141369880604486e-01,9.689539693426891809e-01,2.670680661338049044e-01,7.098451926058100270e-01,-1.830620620158580070e-01,4.259882740605216433e-01,9.975486054543512004e-01,6.532947406445333005e-01,6.594156810604236973e-01,9.670472552720508208e-01,7.490115015495178996e-01,9.507363762020866194e-01,6.831768220584985007e-01,1.537028861523633827e-01,2.332809747843991866e-01,8.898381466799530903e-01,9.269437235229522898e-01,9.111997044782561561e-01,6.464406918412943792e-01,5.196678071625900897e-01,7.450102265810960578e-01,6.423654636861881873e-01,4.731348207063282851e-01,6.602439114665173969e-01,6.849665117126361169e-01,1.552389085057521434e-01,3.286353049607265708e-01,8.193069634847132132e-01,8.220666950289339248e-01,1.780157057793693709e-01,7.142412892798714052e-01,5.151578102132184922e-01,9.187265448587543792e-01,6.332090929243846533e-01,9.293654035412342029e-01,6.831970226309853622e-01,7.080423954177283985e-01,8.451165557077460200e-01,7.189273535745949184e-01,3.515921940485401409e-01,6.071815048013827765e-01,4.507523463215205584e-01,6.906897034805961066e-01,8.398482261781978764e-01,8.150927478173466412e-01,7.960654953080656959e-01,4.188453417967342163e-01,9.444906865797255691e-01,2.401896547981854368e-01,4.872233977780227598e-01,7.289258412655490460e-01,4.453724861604312912e-01,8.533085804001778740e-01,9.061201439002483093e-01,6.075130515632184425e-01,9.266155584841898607e-01,7.668639585866003916e-01,6.199585234611731943e-01,6.975661179195759010e-01,4.250989085565118342e-01,4.955646499122983162e-01,7.534436532683963517e-01,4.119850817301338175e-01,5.937635826868641331e-01,6.311043920581723699e-01,5.951091033492512672e-01,2.910664239813908205e-01,6.391618032812897976e-01,4.321600247868760403e-01,2.558533503355665539e-01,6.203254840587588692e-01,5.609277343453511477e-01,2.641749640327910598e-01,8.979003534143816800e-01
8.075219262724702141e-01,3.169936845142076187e-01,8.574016749988221386e-01,2.570357036049397692e-02,2.855829707187761413e-01,2.007901858076390211e-01,0.000000000000000000e+00,2.019232328786197961e-01,7.188871966469324581e-01,7.354769787374971779e-01,9.751918093554075018e-01,6.658141556375699599e-01,5.769918789542993753e-01,5.802193339803064509e-01,6.515460030804591796e-01,7.214282553529980380e-01,6.311277942851093448e-01,1.847137131363475737e-01,4.615391407899158693e-01,2.554464316138650437e-01,4.722286524433249588e-01,7.202514303876915713e-01,7.662579295561677828e-01,4.735190613632604406e-01,5.906014731629993797e-01,6.948560253009564702e-01,6.636592204148599183e-01,9.285150097842923556e-01,5.219405625879215416e-01,4.769559150930318125e-01,6.010863709951085321e-01,8.832781184305613653e-01,1.059152741697164668e-01,5.306967352389418968e-01,8.220667253874224256e-01,7.034626701171874386e-01,3.464945645405549945e-01,5.811171923320351818e-01,7.435704776781622005e-01,7.861479519220342382e-01,4.299361704906147219e-01,5.490984954674706930e-01,6.481512667790529925e-01,4.687660590080134915e-01,8.245486899683003301e-01,7.548047278745935174e-01,7.479992842558614852e-01,7.578050604186572503e-01,4.026792743614290848e-01,2.223309723288072470e-01,3.015658954710226936e-01,1.010384570207056940e-03,7.227644225352842788e-01,4.276436581910134094e-01,4.094253007521467813e-01,7.109264099141210380e-01,5.607904430395388440e-01,2.186714075296315174e-01,7.355837772984877843e-01,4.922287685330891116e-01,4.540207822854664399e-01,6.759480607874530644e-01,4.553106457809152907e-01,8.159523143591368433e-01,7.663986004615437331e-01,4.637604391116658675e-01,3.379512864189998522e-01,4.551350192394966188e-01,4.617809574294057251e-01,4.676627867778748171e-01,6.023933943618143827e-01,7.160559855308347155e-01,2.874083363066903263e-01,7.746674042761223511e-01,5.735649361645420719e-01,5.760134293159688834e-01,4.146843551478580081e-01,4.860038656352480557e-01,2.663488730379493519e-01,3.825015769623192341e-01,6.099185662093649096e-01,6.611739882242301247e-01,-3.359518041208497952e-02,6.923881207661221060e-01,7.471743383994724486e-01
9.892181971638664972e-01,7.080868707013457941e-01,9.136779762974135410e-01,7.886319158959271824e-01,7.349979160898962860e-01,7.920514348180005548e-01,2.019232328786197961e-01,0.000000000000000000e+00,2.103938854986300289e-01,6.542479855313791948e-01,4.941828358157900336e-01,5.161090778394654688e-01,4.321358768351720725e-01,4.305152716733152141e-01,7.233053700828903088e-01,9.747034092830677565e-01,9.255571054553628496e-01,7.750569459309104570e-01,7.180265462006845123e-01,6.928264314129125578e-01,8.089763028544322276e-01,6.338133654842371678e-01,2.833042869088799320e-01,6.442243753411108775e-01,5.210071134250788827e-01,4.946548535508838440e-01,4.161927697281838645e-01,6.357953295190749143e-01,6.766162383906433320e-01,1.646223652707446972e-01,7.441891664290591901e-01,3.176312020252728963e-01,4.898931908181476391e-01,2.483582702036030709e-01,4.516580853567633280e-01,-1.481276138358699201e-01,4.527880339263501419e-01,6.540751164640875581e-01,9.197131136434432142e-01,1.309069672882889890e-02,4.419207755760863887e-01,7.779833923679702057e-01,7.853406399309484920e-01,5.317877949849609820e-01,8.570046710195251549e-01,5.364838378504238614e-01,5.425743299333973813e-01,5.690267241393901498e-01,6.465721040640496353e-01,-3.419380803618884967e-02,6.234152651960914726e-01,7.867052452075116165e-01,6.140140897346848536e-01,6.485343934678783340e-01,9.597541571557526296e-01,8.430871873640773950e-01,7.888052394791360555e-01,4.813822902870325549e-01,7.281959672290508889e-01,5.344083736062671397e-01,2.658583253127643764e-01,5.323790640252475947e-01,4.147179332363385984e-01,8.585132128510800653e-01,9.231211864191228855e-01,7.268754181719276897e-01,2.313565436882783211e-01,4.754158015163590933e-01,6.897871723319339843e-01,4.200014510469147755e-01,6.000486123784294357e-01,9.422398177307482747e-01,7.643456402259430904e-01,4.222433476275560399e-02,6.015613133339700047e-01,8.813373282866048264e-01,4.384624524386431799e-01,7.533584032388122020e-01,4.340718031769184027e-01,4.223831499211549434e-01,4.996632210859764944e-01,9.602154625729317772e-01,9.700059740341947512e-01,6.483517757751177113e-01,7.294685866146745079e-01
8.332850314035532557e-01,7.718932056638495576e-01,8.756640834010998020e-01,9.854095781602413284e-01,6.509108680005247782e-01,7.669534569120252110e-01,7.188871966469324581e-01,2.103938854986300289e-01,0.000000000000000000e+00,5.485489920170329992e-01,7.238574379207234344e-01,8.737990264333563850e-01,7.397910964573364279e-01,6.687448589807190036e-01,8.258320648142538634e-01,6.027695519474464136e-01,2.373857514128810131e-01,6.082216650208384090e-01,9.884097393404513987e-01,9.696478079472538036e-01,1.275332214658324026e-01,6.472202478148790794e-01,8.869853631440163255e-01,7.651877918723249961e-01,1.560994322568466375e-01,2.988804860439702171e-01,3.741045968528870502e-01,9.371107352322926021e-01,6.311538882022850183e-01,3.502010728745807988e-01,5.801665015327250874e-01,9.045759877408621197e-01,7.525446058715745679e-01,9.211365054754365733e-01,8.098902550983740900e-01,2.509786668649038877e-01,5.395923067034773535e-01,8.876744272799949043e-01,7.288443999728732026e-01,3.099098019581190688e-01,7.195884534098633267e-01,4.000129132388592912e-01,7.476071589274709828e-01,7.578164171315573405e-01,9.336126610792824243e-01,7.984891442650597915e-01,6.449484810389400913e-01,4.971204981307151827e-01,7.325727926098064557e-01,7.579702332809266085e-01,7.031592148347907134e-01,9.023647139221143698e-01,8.758808324031621684e-01,3.703131074369224729e-01,8.666954013751390073e-01,1.963695529412998186e-01,6.515989240753439216e-01,6.854703180693142439e-01,6.571549383997781213e-01,7.660305324580755082e-01,5.753077161979035514e-01,4.121435567718350623e-01,5.556961212429308850e-01,8.885189983696576421e-01,9.456023521371834661e-01,8.345579332807417927e-01,2.722854622524196744e-01,7.230976480154853725e-01,9.034953274015801172e-01,3.296109408746308311e-01,8.800761081869572511e-01,4.888196094692986993e-01,4.896021500900485934e-01,3.391289536817764239e-01,6.731368158747892405e-01,6.216603714301190964e-01,7.301412569755664217e-01,7.308150308824366004e-01,3.310758871464332120e-01,2.104432378751581179e-01,6.452409334905385707e-01,4.466978607343456420e-01,4.134435506113932624e-01,2.245620722947524461e-01,2.137868317049207989e-01
5.466206180666463021e-01,7.294628435088408303e-01,8.002976733837525725e-01,7.988015671441162091e-01,6.421804803591085742e-01,7.895285103579590125e-01,7.354769787374971779e-01,6.542479855313791948e-01,5.485489920170329992e-01,0.000000000000000000e+00,7.846352395896192267e-01,7.742673037223376520e-01,8.696380712805471536e-01,6.647833185185501037e-01,4.662213864660587626e-01,6.886153593640969017e-01,8.796623622689101474e-01,5.783702571393432024e-01,8.809972276171631478e-01,5.268858156764307799e-01,6.837839323825687377e-01,7.454517661186780275e-01,6.698087352803504535e-01,6.284383832204177844e-01,3.909248036241860236e-01,6.111441974702273017e-01,7.934323649347300167e-01,4.987944985419787702e-01,6.202920533359554955e-01,1.681142916975502111e-01,2.818880869452689009e-01,7.935463792059880284e-01,7.611380573892646551e-01,7.522338960119190343e-01,4.136662484406025131e-01,6.891314426836044893e-01,6.294756126396106044e-01,4.243452883969929257e-01,8.147019846222830486e-01,7.692579364832826672e-01,1.585357937495824321e-01,3.874455555841433418e-01,4.538671503743538227e-01,6.602131870299250416e-01,6.162020638783449744e-01,6.458188735014883664e-01,9.555350260664746687e-01,8.518460533153972003e-01,7.911303083169285433e-01,9.068844717282691370e-01,6.688234207589954794e-01,7.694171107603799964e-01,8.754601238480634873e-01,9.602758852142714296e-01,8.895559328310530534e-01,6.848015728799637936e-01,4.133771876438594450e-01,7.236510442506015606e-01,7.121379721250352679e-01,9.907166288043209867e-01,6.715582091800673670e-01,9.216008727119020527e-01,3.800405293021806297e-01,8.638761707765680864e-01,5.039967767049735592e-01,4.773013198971942650e-01,7.229432427486067736e-01,8.786069356832028054e-01,6.279494850077139700e-01,8.331095524990199674e-01,8.100840899413941365e-01,3.511935881025168849e-01,2.650994045295611556e-01,2.282157637658565053e-01,4.036442867493345577e-01,6.216190146816972240e-01,6.672676690088319429e-01,-4.055731571261744772e-02,6.270329470806189631e-01,1.537435556309475204e-01,6.941759146484828280e-01,4.023659551207564578e-01,9.018240270519551904e-01,2.900355173747007007e-02,2.287182883143192014e-01
8.716416521771042092e-01,8.483357934181557924e-01,8.849741486481441655e-01,7.507735631426519785e-01,8.039622157591328477e-01,4.041958762934115268e-01,9.751918093554075018e-01,4.941828358157900336e-01,7.238574379207234344e-01,7.846352395896192267e-01,0.000000000000000000e+00,7.683410284016007896e-01,7.809639450952831075e-01,8.614670439994631668e-01,7.910006698898246480e-01,3.967304479484520252e-01,7.408241449257590983e-01,9.410837762543627916e-01,9.092975498365917231e-01,2.986274217275609599e-01,2.376909600218574392e-01,9.005887791801375775e-01,9.584387393508687625e-01,5.213813184361353326e-01,4.172703290040685742e-01,8.925306934220507138e-01,7.743740592846501958e-01,2.613921379666264699e-01,4.142108362529356436e-01,3.273094135831734475e-01,4.307633863167840138e-01,7.266119798070126423e-01,9.454836800642923977e-01,9.163521555381266559e-01,4.419712695594203988e-01,6.590073199837562790e-01,4.353156551319134482e-01,6.102466668542440020e-01,6.045715833537237405e-01,7.146903182837561763e-01,8.366494217237971931e-01,6.430406713909442296e-01,9.190795913260670913e-01,4.630778806711903783e-01,8.190544288483970758e-01,6.403895374290027309e-01,9.111961721216546017e-01,9.998550720556245164e-01,6.892204117711882017e-01,8.694180725059689196e-01,3.368965824884506688e-01,7.361260209674305166e-01,9.483466965046418728e-01,8.687586818674045697e-01,9.678691054862140764e-01,7.588742929743763632e-01,7.655083400736850674e-01,8.092168709415092920e-01,2.737109169036843204e-01,4.941709744174487828e-01,3.294072299138796067e-01,4.430335647050329673e-01,6.456815927255205034e-01,4.833801486051044760e-01,9.424071684782417968e-01,5.775094671416948211e-01,7.405331093161251488e-01,9.623704317957310073e-01,1.272849697913759626e-01,7.208992744638385020e-01,9.429958155613277215e-01,9.147824189244442294e-01,2.724163442202789595e-02,3.117366734920927751e-01,7.440467200280743709e-01,8.237278924136858249e-01,7.208771500078400285e-01,8.624356725466820750e-01,5.426348653564524449e-01,3.139512127157789018e-02,7.597950737190030113e-01,8.666516751170447730e-01,6.102479762503536520e-01,-1.905110412244539475e-01,9.337298237683656632e-01
9.575414876981885870e-01,9.129886992381123223e-01,9.225268010128665486e-01,8.725675669981283189e-01,9.210472831638143454e-01,7.194141369880604486e-01,6.658141556375699599e-01,5.161090778394654688e-01,8.737990264333563850e-01,7.742673037223376520e-01,7.683410284016007896e-01,0.000000000000000000e+00,8.629619214534843818e-01,5.246409915041305716e-01,9.817469929170625775e-01,-1.966682341546148183e-01,9.629808887462155687e-01,5.080654540764232285e-01,6.513762883409424109e-01,9.000550899755674905e-01,8.692600528784464320e-01,8.604390547216314022e-01,6.136095453164338576e-01,9.015883242877430481e-01,2.193678620327139117e-01,7.998364551633549979e-01,9.995063042030223333e-01,8.462744710495327949e-01,7.422170344057710256e-01,7.738829813469991770e-01,7.249819283228275957e-01,7.631154643235704693e-01,6.836052403235949315e-01,9.114288041491173109e-01,4.602240377581452435e-01,5.727758702598100271e-01,7.549580748249254403e-02,7.180705015940114233e-01,9.598697097006994028e-01,9.410598138270603874e-01,2.312763507305096722e-01,8.478657382208056870e-01,9.563260668970466893e-01,8.884346078230281885e-01,9.344680116140102744e-01,9.509989727187693198e-01,8.416431663681607223e-01,9.481710568531616090e-01,7.502918179721621561e-01,8.639756914720071457e-01,8.445321526775858567e-01,4.937673950995696281e-01,8.962706168324457989e-01,6.410212020898198304e-01,4.648815227279523565e-01,6.511533507054638736e-01,7.827126067431638967e-01,6.191758422400164275e-01,9.477274377761499835e-01,4.710599316512853463e-01,5.748376617411632417e-01,7.597453778972463878e-01,2.243589477452459791e-01,5.438633517679427598e-01,8.194359202398393549e-01,6.434525936459117856e-01,9.167680138051707006e-01,9.493134991389210464e-01,3.346013753611429831e-01,7.691370474196739249e-01,7.741484371067369752e-01,6.937456336808527357e-01,7.457899730077794942e-01,2.498845628118054329e-01,1.479772632131381715e-01,8.540194861639710533e-02,8.963053736381106917e-01,7.107823272801238046e-01,4.010299611463406105e-02,2.359586897532406913e-01,8.605675900073956885e-01,8.891070747803380137e-01,6.009598411532173223e-01,8.001682051687571962e-01,7.519243221106581831e-01
8.270434455817091690e-01,9.726726153808791242e-01,8.061866580098490109e-01,8.235850953830610166e-01,3.983657904664339999e-01,9.689539693426891809e-01,5.769918789542993753e-01,4.321358768351720725e-01,7.397910964573364279e-01,8.696380712805471536e-01,7.809639450952831075e-01,8.629619214534843818e-01,0.000000000000000000e+00,6.185164541859118348e-01,9.550914999510080605e-01,6.871253430189713240e-01,6.325265988049093568e-01,7.924517900118954739e-01,9.583003442647314296e-01,2.969977643715731586e-01,9.071161256305620979e-01,9.718160858296783777e-01,8.314934948803930359e-01,7.916318105130286664e-01,5.389614744368411703e-01,9.508753602602907362e-01,9.607316014685849392e-01,5.711203815658100202e-01,5.306125440490592204e-01,7.338919867716315881e-01,6.436373719350618750e-01,5.424390634190096039e-01,2.098556451416729030e-01,8.099668493455740581e-01,8.016703131170291874e-01,1.327900352707691300e-01,3.261483760942022192e-01,7.821533594209826301e-01,4.986839082615437957e-01,6.537533122986451950e-01,3.365531842252799111e-01,6.338264305359024853e-01,7.728712681836213960e-01,6.437808749548469267e-01,5.558925545099833165e-01,9.436231879925789379e-01,9.333809479449483026e-01,6.581798070835787051e-01,5.085916886029070438e-01,7.371686407508412087e-01,6.128200986386499460e-01,8.879497754660480302e-01,5.064730825256101854e-01,8.208410771623543267e-01,9.219091984282401508e-01,7.118700141500422518e-01,9.704234326437686242e-01,9.987743216988740347e-01,8.432817738527780271e-01,4.872352121209423403e-01,2.670248733857090717e-01,7.769637711177936890e-01,8.899566119472135384e-01,6.202291930312734403e-01,9.704671249206030526e-01,5.169034348509966570e-01,5.222687015666783727e-01,7.511570892788043130e-01,7.304946475123069716e-01,3.087461640048021483e-01,3.238199162463490377e-01,8.014995132803862665e-01,8.837855714239470917e-01,4.009733938656688812e-01,4.730250962756044619e-01,7.064651258126438682e-01,9.921200720421370356e-01,7.611318464043399512e-01,4.436067374539779395e-01,1.527407169249031006e-02,9.414425232017514800e-01,6.374461182408688309e-01,6.800404366787351496e-01,6.520892470314274547e-01,9.623080317540673168e-01
7.128014665841692077e-01,5.188422296654345844e-01,7.447060549044056676e-01,7.224566542708166228e-01,6.994441967829149176e-01,2.670680661338049044e-01,5.802193339803064509e-01,4.305152716733152141e-01,6.687448589807190036e-01,6.647833185185501037e-01,8.614670439994631668e-01,5.246409915041305716e-01,6.185164541859118348e-01,0.000000000000000000e+00,6.993201796174602913e-01,6.432162374272608618e-01,-1.789876064623004970e-01,5.400564165078872714e-01,6.110820650523951514e-01,9.603097642768122499e-01,9.473059252521170981e-01,1.404234234421527228e-01,6.250790425569687780e-01,3.369199039275974084e-01,2.974329894482242720e-01,4.972096949686271028e-01,9.033713603270492332e-01,4.409083995537207423e-01,6.526148071203747847e-01,6.068598531136664143e-01,1.458825823943641492e-02,8.408057040350280786e-01,9.034709658179554959e-01,5.690295829463891675e-01,6.620987913385028012e-01,6.910011456241803574e-01,5.491768066856406172e-01,8.377698380781600784e-01,7.157016628026948712e-01,4.685574455120433690e-01,4.983846504703252633e-01,7.069652383760539616e-01,6.028622418651805592e-01,4.857195457692974339e-01,5.616022701048946075e-01,7.040646737054622184e-01,9.010481013251044891e-01,2.398599845540544118e-01,7.593090614259602189e-01,7.754592688529557964e-01,6.731151018482158799e-01,6.293030680946261057e-01,9.821128284949987020e-01,8.915986925806222985e-01,8.060586941288653273e-01,9.471562282514652820e-01,6.352202089593157464e-01,9.492379901762835193e-01,8.930965714662835175e-01,-1.737254810645572911e-01,7.000540157232862937e-01,3.477569495749561201e-01,7.173363760302216008e-01,9.000736764877935725e-01,5.549879101203880616e-01,2.202931728969535069e-02,8.722369091243941108e-01,7.098992928393293989e-01,9.614339906685368531e-01,6.010677770014898336e-01,7.982878264960825421e-01,7.504897592596078137e-01,3.132166097386265835e-01,6.423385486242656484e-01,8.038465919809688609e-01,8.415736246178426860e-01,2.122693057525515681e-01,9.666397067467363824e-01,3.509285771266358878e-01,2.852070513607683488e-01,9.940172684825820948e-01,4.160229144873399676e-01,5.041327279513900805e-01,5.626023259072568949e-01,1.679817036639985606e-01
7.542418814882769773e-01,4.122950068013336300e-01,3.800682214755734534e-01,7.361751477895452922e-01,6.841859525950269028e-01,7.098451926058100270e-01,6.515460030804591796e-01,7.233053700828903088e-01,8.258320648142538634e-01,4.662213864660587626e-01,7.910006698898246480e-01,9.817469929170625775e-01,9.550914999510080605e-01,6.993201796174602913e-01,0.000000000000000000e+00,8.302263318174999407e-01,9.784156660182998788e-01,5.661766149528693060e-01,5.165216314737518521e-01,9.264854036582801378e-01,8.103133611103510159e-01,2.663197960881328319e-01,9.957708894988254178e-02,9.415642813248350507e-01,9.737911563650578639e-01,7.753141738436278851e-01,8.638571483189851907e-01,7.475267953781871144e-01,5.712634916457435263e-01,6.978466607101179164e-01,-1.175395810978449584e-02,7.744756426486788525e-01,4.520241479518270489e-01,5.821705532351262313e-01,7.617100529834075484e-01,3.964328418864155323e-01,3.952734856716983991e-01,5.107388675643578235e-01,6.878407367498050595e-01,9.762454096482940935e-01,8.802777520323115112e-01,2.129647759421330611e-01,7.503196208352270746e-01,3.779538710436224358e-01,5.640997378720322697e-01,4.045240279600629263e-01,7.269030050424142297e-01,7.535284707024358930e-01,4.564393577698835358e-01,7.056949967041942218e-01,6.177546149191166514e-01,1.331770312352081875e-01,8.303597313413429992e-01,6.901669592788859386e-01,8.956577218815446884e-01,3.987270869608801060e-01,3.109981174293972583e-01,4.944665875616548467e-01,6.294743792653005876e-01,2.114151776675295968e-01,5.205144010933187015e-01,7.604943445148830694e-01,9.117702570960161124e-01,6.279258269455901820e-01,8.015874746468976131e-01,4.357718531364256354e-01,6.112553231474098236e-01,9.553733914726787457e-01,3.902029763217492730e-01,7.812484318187375987e-01,9.012024502295407080e-01,6.170183145343139941e-01,6.791334251566973901e-01,2.899343031272172966e-01,3.676199867559128975e-01,6.363764138484350186e-01,3.632137509290296329e-01,6.252215843841218978e-01,5.566837180264718743e-01,4.181926154069243173e-01,5.380259826949974622e-01,8.356332132138940549e-01,9.856954136181809156e-01,3.117518223135515992e-02,6.431264599831134632e-01
6.527474976235586590e-01,5.643785877383550309e-01,9.520667975685759288e-01,9.336582463745349836e-01,6.628699909574058413e-01,-1.830620620158580070e-01,7.214282553529980380e-01,9.747034092830677565e-01,6.027695519474464136e-01,6.886153593640969017e-01,3.967304479484520252e-01,-1.966682341546148183e-01,6.871253430189713240e-01,6.432162374272608618e-01,8.302263318174999407e-01,0.000000000000000000e+00,9.767702878795179178e-01,8.485434336768087338e-01,9.042354477807031943e-01,7.615061631342107118e-01,9.249621819588832450e-01,8.673191180212778129e-01,9.887905899778576257e-01,8.987258556047652558e-01,8.554917026554865744e-01,2.188739035717306436e-01,7.815193738005106194e-01,8.943332968515668169e-01,6.060235943439414852e-01,4.572444305950260079e-01,-7.946068744233075742e-02,5.984398012094053199e-01,7.574024630276828818e-01,7.310116914431759039e-01,2.995791646726898572e-01,7.420340759157920685e-01,4.307495078557604246e-02,6.318172605526600760e-01,7.210582722238528808e-01,8.431005099033909156e-01,3.616465774810163625e-01,1.349263404289525459e-01,6.094033424229658991e-01,3.706049559968270790e-01,9.631558738604091285e-01,4.881882265757285233e-01,6.192426521724028188e-01,3.422830552361769141e-01,7.517548581131207053e-01,3.824470836041218291e-01,1.872212149497730627e-01,6.508345748030130995e-01,7.952725280644918904e-01,8.095329583154963204e-01,9.263477085451004012e-01,9.102947297780936697e-01,5.418106668257147707e-01,8.307807194237833981e-01,5.187700258859151425e-01,1.831385102464237746e-01,5.019918220083771088e-01,7.611569821265766755e-01,7.612680698466248730e-01,5.765117988511242464e-01,6.511972349092864931e-01,6.567667888223593931e-01,1.320430423932945352e-01,2.816050520277349478e-01,7.749746991469350643e-01,9.686107351609843930e-01,6.233035100161602449e-01,8.972280556513987371e-01,3.528183985636093034e-01,6.821347489539894005e-01,7.561656441351557456e-01,3.537140748488163400e-01,8.284628913156785179e-01,6.923855239102240100e-01,3.097189134206955186e-01,9.942904659906471876e-01,7.430221863450474640e-01,8.705954911814984820e-01,6.581137927592968229e-01,6.283099917209089558e-01,2.223196060225296738e-03
3.935989982098084816e-01,3.045247465673661114e-01,9.919662827851662978e-01,8.307186131742013702e-01,6.432444376217854032e-01,4.259882740605216433e-01,6.311277942851093448e-01,9.255571054553628496e-01,2.373857514128810131e-01,8.796623622689101474e-01,7.408241449257590983e-01,9.629808887462155687e-01,6.325265988049093568e-01,-1.789876064623004970e-01,9.784156660182998788e-01,9.767702878795179178e-01,0.000000000000000000e+00,8.528974670692394122e-01,6.326388260326077928e-01,8.320458154709277077e-01,9.283774394229458160e-01,9.539778749222553866e-01,-8.097956362000369168e-02,8.638858400815102589e-01,6.828788008899867590e-01,4.884706334553501894e-01,6.156047518213748626e-01,9.121184985212965612e-01,4.852315124379837918e-01,3.539266642995243517e-01,3.655871770673384535e-01,4.446268337422488170e-01,8.350372946345980818e-01,9.542903196448164760e-01,8.087840470370281087e-01,9.777189510078120316e-01,1.191917801333843285e-01,1.460412537219043794e-01,6.785505655112046286e-01,7.674265871314844834e-01,2.054047156001355956e-01,9.414316057385463399e-01,9.588431357306390623e-01,7.335043303612515109e-01,8.282352356266516891e-01,4.146324395715738631e-01,6.060484168012834072e-01,7.045128980048371847e-01,8.652491932706469768e-01,8.151324892360439778e-01,9.063434653850505063e-02,6.671098427208050907e-01,8.974876300969200082e-01,9.053158954642803735e-01,7.016574268282274041e-01,9.325610637611854159e-01,7.674911613368222696e-01,7.990376156191073553e-01,5.123165854662904417e-01,7.047688714338598004e-01,3.322734143522568795e-01,8.409931367671144020e-01,7.172627828364220859e-01,9.970760482683944659e-01,7.786772337098946117e-01,4.160270629858316416e-01,4.484773766330489297e-01,7.343682889015208382e-01,8.089961919189815331e-01,8.808482049725865348e-01,8.369442275289105115e-01,7.889418684525578707e-01,6.270416635440370090e-01,4.127616199463459146e-01,8.890942995615704891e-01,6.179344650321049182e-01,9.027981726947601482e-01,5.034175407628019849e-01,2.960076169567479321e-01,3.522268798173630033e-01,9.217668302732153762e-01,6.059357579471105204e-01,7.311543417480639295e-01,5.220544631099440780e-01,6.277597237681601383e-01
5.050164612150990218e-01,3.706579554700726309e-01,8.639011108104515113e-01,6.969140610690782722e-02,9.066597381763792374e-01,9.975486054543512004e-01,1.847137131363475737e-01,7.750569459309104570e-01,6.082216650208384090e-01,5.783702571393432024e-01,9.410837762543627916e-01,5.080654540764232285e-01,7.924517900118954739e-01,5.400564165078872714e-01,5.661766149528693060e-01,8.485434336768087338e-01,8.528974670692394122e-01,0.000000000000000000e+00,7.485729731933815634e-01,4.654782864989957525e-01,8.975843439141296676e-01,7.217823819618435222e-01,8.914349518444434350e-01,8.057238487725716380e-01,7.453632849048316134e-01,6.212474964486686124e-01,9.064067647719495913e-01,8.761040290733977942e-01,2.381976779965150892e-01,4.293688336880968626e-01,4.750850183723578368e-01,3.579703502984827868e-01,9.949099617627608083e-01,3.098117139611534787e-01,4.109548804037285730e-01,7.247271883905226364e-01,4.676070681351599534e-01,5.562345983795693449e-01,5.666652761056227838e-01,6.957883223521919014e-01,6.758619800368382835e-01,7.607720596886198283e-01,6.651887466942838500e-01,4.173750876586007630e-01,9.575757821831124561e-01,7.743389960623671131e-01,7.075738689264117198e-01,7.974833155202929458e-01,6.224198546622031758e-01,7.635977256297749038e-01,2.253807386078667263e-01,3.480166795300092542e-01,7.023015438772638452e-01,7.254467151651364798e-01,7.147418942684484744e-01,6.793329295938804746e-01,9.015332488417141521e-01,7.067895209918595434e-01,8.295392461101894765e-01,2.152143151545467537e-01,2.361796575028302647e-01,9.622454477187951660e-01,5.592602811050185752e-01,7.634144427447755454e-01,3.060645325588061683e-01,9.664303374448338646e-01,6.756876071139310547e-01,9.562021469779983240e-01,1.808735745048248994e-02,6.333251672884010475e-01,9.320741909430538819e-01,6.400930672939045829e-01,6.119206190868096140e-01,3.359911107167725675e-01,7.167828862838394599e-01,9.588857790836711192e-01,6.026508932552110398e-01,6.055224975130193421e-01,4.482055335083558467e-01,4.549369509431591685e-01,2.867310518180447576e-01,9.499771955281322011e-01,9.053055910974414644e-01,5.082241758674124199e-01,3.152008768343328993e-01
