0.000000000000000000e+00,9.589134938489615179e-01,1.386679280656697433e-01,7.270890314168445556e-01,5.529976361551874886e-01,5.136841947875950831e-01,7.516098420279850867e-01,7.994369743862874689e-01,9.357335958455433866e-01,9.078646648016285292e-01,7.878437967592655244e-01,9.661012553000006831e-01,7.655780089296978508e-01,4.392278699422240695e-01,9.779325610319383744e-01,9.796630773440700990e-01,8.570835695069813909e-01,7.211140951710851565e-01,8.302988177878495302e-01,6.597895785325958995e-01,6.261617761613533784e-01,6.806411231796828387e-01,8.430498963896850828e-01,9.562462905785473755e-01,4.202873383758434778e-01,6.935878459787384598e-01,8.331959193954080467e-01,7.072279455946253179e-01,4.625719134313373004e-01,3.747106245982821937e-01,4.235430557030764875e-01,3.669982642229470127e-01,4.009612852553727791e-01,9.516895337067293736e-01,9.805051725763758164e-01,7.876484089308839476e-01,5.924856266653391046e-01,8.058157646926771278e-01,4.738625205269999530e-01,5.762944401681494577e-01,5.410599802414536308e-01,8.603465000743499846e-01,9.793496520875136779e-01,7.202326369475311463e-01,6.365006957861760739e-01,8.384201990923511039e-01,4.967145514834225284e-01,6.670143146089350106e-01,4.989899616167955410e-01,9.417829418447547507e-01,9.264013769779775309e-01,9.333068147949661331e-01,7.941507982297845158e-01,7.367705682168463888e-01,7.441539257048392919e-01,8.411293248065421224e-01,7.438700205719722680e-01,8.568091545760605499e-01,2.726084479944462791e-01,6.679694526688679801e-01,5.067813663515867706e-01,8.902999592008448149e-01,4.362316511783395634e-01,7.728871973594024780e-01,4.561408353487103606e-01,8.923314790707911337e-01,8.745501574134069145e-01,7.621137551384249420e-01,3.197729437972592903e-01,8.146985722170694277e-01,5.185690066467596449e-01,6.590815172367622266e-01,8.717205532698871773e-01,3.398953756692656425e-01,9.141836433502613657e-01,6.272598880070574534e-01,9.431365267960061249e-01,9.279564384680868416e-01,4.324147756258815978e-01,-3.755282546517887954e-02,7.684730916300315240e-01,8.421570785425825934e-01,7.139120319598366571e-01,4.718778404574229257e-01,6.353483164317279552e-01
9.589134938489615179e-01,0.000000000000000000e+00,5.377700284469381087e-01,8.820343600734058542e-01,6.367619498309722292e-01,8.659733413747970898e-01,7.951142578618586310e-01,7.396857656034263595e-01,9.931846350073798568e-01,6.323276713435636021e-01,7.156357295948480024e-01,8.350202384459708416e-01,7.814089383961893009e-01,7.613805934390047714e-01,5.581101405292312467e-01,6.515088657210077461e-01,5.960439827649212097e-01,6.326319694314482822e-01,8.682507412738279529e-01,6.064675422468517318e-01,9.574310823872475007e-01,6.295741924570446013e-01,5.728121806316458509e-01,6.783600724134655202e-01,7.416675640654022406e-01,3.884308701802698938e-01,6.615376206026823969e-01,9.120952475497021705e-01,6.766247181658290311e-01,4.076634164525477777e-01,7.063691887488771082e-01,5.381910956610500563e-01,8.826701014119240352e-01,7.754715818648015846e-01,5.573694616340770791e-01,3.607773606731990990e-01,2.955792489592877770e-01,6.518532705149546747e-01,8.600509413112193968e-01,7.225490482527057168e-01,3.214612797074074546e-01,8.278927798318236331e-01,9.026277250446861355e-01,6.415935264927312698e-01,9.093590447551520572e-01,9.562985115932887137e-01,8.212604423166262047e-01,8.300817579998487350e-01,6.325007494222653071e-01,6.645814510720370327e-01,6.837898287888851678e-01,9.466222440427102258e-01,8.639479169901121969e-01,8.085185837316402058e-01,8.583962329727513607e-01,9.639432038979295347e-01,8.886318119298248774e-01,5.191264698822942725e-01,6.930072560406516091e-01,5.043620178939237642e-01,6.510404748667134589e-01,9.954804912533510297e-01,8.731059318846027262e-01,8.060795850086825975e-01,7.185721826389330769e-01,3.072498038795546099e-03,5.170666331251395631e-01,9.383736152839590172e-01,2.826476846652816732e-01,8.011284735122941036e-01,7.503673128761227940e-01,7.581023658970992285e-01,4.739232126116761368e-01,5.843684506760652431e-01,4.040471038381844293e-01,5.522810543145787454e-01,7.772570825869377087e-01,7.532245848474745653e-01,7.165966262723970637e-01,5.912137521206207724e-01,2.840394099158358721e-01,9.159700364253947624e-01,6.362556160364389868e-01,-2.901289587888685739e-01,6.768796755731133485e-01
1.386679280656697433e-01,5.377700284469381087e-01,0.000000000000000000e+00,3.253566810102086482e-01,4.067679369630023967e-01,6.246475066662917630e-01,8.803515683227598476e-01,7.709661061129853277e-01,9.116375664751277252e-01,4.052764401068116307e-01,9.498918719326641114e-01,9.542096111850073559e-01,1.229933297213581245e-01,6.307441767566609458e-01,6.061626855952848558e-01,7.121055996098220042e-01,7.534491710918469476e-01,6.243521629391646233e-01,5.474546837227384222e-01,9.969252645884305597e-01,8.372105207010627215e-01,8.992146751013186945e-01,6.157540426281783441e-01,9.619739921948240458e-01,6.369684229037231304e-01,5.774946844020252268e-01,9.186231977461418730e-01,9.143238296435737267e-01,4.722247199951367103e-01,4.822674876361501828e-01,6.954518408966970343e-03,9.404038682386051118e-01,7.713314922098963855e-01,7.309224098461670760e-01,6.416017453527566028e-01,6.109502212019481959e-01,5.875094345432700926e-01,6.148223224769097106e-01,8.698572741848178413e-01,8.328297036804206410e-01,7.545783841302955430e-01,8.555794775183286349e-01,9.471611194483329221e-01,8.470810781508235632e-01,9.359446859762564630e-01,9.812947905870068599e-01,5.197874671053877016e-01,6.443640560063649270e-01,7.463781183232141014e-01,6.705877526063150906e-01,6.332540094707055367e-01,8.444971508387149051e-01,6.513235483124033554e-01,6.769370466925042074e-01,3.679116638151052054e-01,7.046222304374805123e-01,8.974638278646090983e-01,6.491907510533317938e-01,9.319732310057734503e-01,7.211159855861493106e-01,4.772387197594694652e-01,5.775840415494460922e-01,5.594528531903338875e-01,7.047802952671547994e-01,4.133356894736658349e-01,8.278753664728482065e-01,6.471976382752363532e-01,9.834602967740722068e-01,8.755188450186288662e-01,8.539039259175875696e-01,6.227796513345368323e-01,7.551199477003458504e-01,2.973033250623259294e-01,4.528451445140147524e-01,8.864742596666687069e-01,8.347318165889641151e-01,6.503827900391245809e-01,7.729992975246088305e-01,-9.652187550284267725e-02,2.120152417662346800e-01,6.019127388149286828e-01,9.322835947123032652e-01,7.859538208434428963e-01,8.447688558172091744e-01,9.982357690077723333e-01
7.270890314168445556e-01,8.820343600734058542e-01,3.253566810102086482e-01,0.000000000000000000e+00,7.685397392713061437e-01,8.308000357417678616e-01,7.984792543855070424e-01,7.645438494849956523e-01,6.892045043870026477e-01,9.726429491226005197e-01,6.226760009815189845e-01,7.988622752981257014e-01,7.570064162593561630e-01,7.898861080789105760e-01,6.010858896896302817e-01,-1.013878813947311358e-01,9.891180908103343050e-01,4.263977436440344326e-01,6.966827280307038572e-01,7.583251085008757553e-01,6.692522348234912766e-01,5.139207934973176739e-01,2.508863636407451247e-01,9.240980091670292218e-01,7.461400379344215184e-01,9.867905390162498014e-01,3.153689457018665765e-01,3.271737210373957261e-01,3.475580168069022924e-01,6.040387810252206835e-01,4.596739227421158258e-01,4.980567905988052546e-01,7.979923695644236536e-01,9.413114158388036223e-01,5.496890538699725770e-01,6.548905219833895952e-01,1.423253026456236803e-01,3.430877631307587272e-01,6.474560058405463003e-01,4.399594088404182868e-01,6.275541484632030098e-01,6.316124495668291594e-01,5.593721477346283999e-01,9.497364607635228051e-01,6.235984046177872608e-01,6.860734671751592684e-01,7.673161807356815300e-01,9.404184737127398996e-01,6.435667971869333259e-01,7.632071769766975988e-01,4.114117381421337760e-01,9.241827677800845686e-01,5.452680422243965097e-01,8.738545986885435379e-01,8.672613076768593832e-01,8.011642004096398706e-01,8.973597617163363571e-01,6.095777080583162366e-01,9.377021312453167612e-01,7.554741598517124013e-01,5.759422762824546460e-01,8.974271703222154173e-01,8.813029744694256262e-01,7.613460052567343483e-01,7.782518419424230283e-01,6.399034465746434863e-01,4.757811831208306197e-01,9.609139437811065054e-01,6.583999975515528735e-01,6.634165807288147088e-01,9.578415752691410434e-01,7.816606423722042285e-01,8.980503706711918666e-01,5.517872091054308870e-01,7.186713859440495566e-01,8.869012933082978112e-01,4.365275483909036858e-01,7.055925665320244011e-01,4.470516443893859937e-01,5.329912796709410788e-02,7.655097525121634661e-01,9.344456511441685542e-01,9.562711148930340688e-01,3.652528053768752114e-01,9.277369684031190333e-01
5.529976361551874886e-01,6.367619498309722292e-01,4.067679369630023967e-01,7.685397392713061437e-01,0.000000000000000000e+00,8.079739438101145588e-01,3.531773751789661908e-01,8.355960471301291381e-01,3.904092794264191202e-02,8.810155493087784562e-01,7.645777360443073434e-01,8.991506212126557651e-01,6.360133299115640071e-01,9.265121821467318108e-01,3.376947241230168761e-01,2.051140253715486028e-01,8.791844047304161469e-01,2.290004800103199456e-01,8.857994497324878092e-01,9.208774761537706910e-01,8.850904584739319736e-01,7.106911776721650531e-01,9.829694772218551257e-01,6.303169287702860002e-01,9.020003185114849886e-01,3.620612151135221835e-01,8.833842177997991429e-01,7.238776642029230990e-01,7.241162334097696052e-01,4.902089382159453002e-01,2.510990167684744589e-01,9.112716000172015329e-01,9.278175867767095575e-01,5.272933994489370502e-01,3.929889640593227096e-01,7.473391736583613332e-01,6.936827641280014500e-01,7.899008051035558697e-01,6.432983519978960896e-01,6.699966912428666488e-01,7.908526518696832319e-01,9.403884546988610094e-01,4.160089794318728718e-01,3.426559026973694522e-01,8.538487600809691047e-01,4.330826970031276257e-01,7.527487717032140813e-01,4.931433813266176691e-01,6.876978813388885392e-01,6.572897351415339928e-01,2.533694512446038605e-01,8.711041079603342174e-01,9.277592685475315459e-01,8.862099107350874805e-01,6.885194855103324851e-01,2.345097634629740579e-02,3.939542615450107865e-01,8.002588915732872232e-01,9.845804736622562059e-01,5.411558030343127657e-01,5.432486551433498567e-01,6.319998361108031260e-01,5.394370348173679330e-01,6.832789169737686352e-01,8.502896451371226849e-01,9.697697926262838219e-01,6.524796735916962298e-01,3.328827432044039192e-01,7.768079242669374551e-01,3.937266221241049191e-01,3.264633120121079313e-01,8.465361582941755003e-01,7.648595002835824053e-01,4.539445810828103278e-01,8.121531813557940627e-01,8.420551469141419609e-01,7.496633298356946140e-01,6.235873359265148297e-01,7.394381636674218772e-01,1.344061477065209287e-01,5.292571805608847768e-01,1.020110896570824155e-01,5.103124248517177941e-01,7.623975648846348374e-02,7.177642659406917591e-01
5.136841947875950831e-01,8.659733413747970898e-01,6.246475066662917630e-01,8.308000357417678616e-01,8.079739438101145588e-01,0.000000000000000000e+00,7.478211451056092363e-02,4.652491635801159764e-01,9.551862293531105941e-01,9.399818455355273272e-01,9.201460319832569512e-01,4.535613030645513910e-01,4.486067992181894670e-01,8.540994786544262585e-01,6.973289997650905514e-01,6.673442150104698101e-01,8.376695719987978794e-01,9.948048499077338791e-01,5.421291214093935107e-01,9.681301552804050248e-01,9.486571585396167405e-01,9.582920352736569169e-01,9.978081860021046356e-01,9.994556743187426040e-01,4.934542181700694030e-01,9.241023951630955580e-01,-1.387954718570214574e-01,4.459881926294818055e-01,4.158684724097412577e-02,3.496631940312643350e-01,1.606096149155739894e-01,6.891153142100546747e-01,6.116073647901768551e-01,7.767989767276425317e-01,4.906818959170193284e-01,4.236956539421580237e-01,5.274970662352688189e-01,4.202056932918878940e-01,4.572528173917835836e-01,8.615963086925290115e-01,7.805017424455855668e-01,3.792419587577465223e-01,7.696179187386763543e-01,8.604078275217119653e-01,9.492209937765158090e-01,3.025239510386053543e-01,5.270374130224917408e-01,7.618643131316521488e-01,4.014875203317592733e-01,3.591156991236727491e-01,7.921934830835718477e-01,8.297114588896604692e-01,6.462416341639185546e-01,5.484491067715741019e-01,5.129839403103152451e-01,9.159819670624791410e-01,4.972238212462690155e-01,8.476947061431466812e-01,7.401398971967161344e-01,5.805450516022514496e-01,8.039085209714400548e-01,7.690584735640011438e-01,9.980629059314451990e-01,7.796856578541699889e-01,8.730667936998466327e-01,6.792774770821142782e-01,5.497240661931079853e-01,9.619342776316968102e-01,2.076023337613680797e-01,7.727637680792698305e-01,9.641114016723378866e-01,6.513548453738537969e-01,8.044233642262568207e-01,6.171521954179531866e-01,7.726291595389800371e-01,5.355214034359675468e-01,7.101441180432424005e-01,4.966405611773413442e-01,7.021571886029768228e-01,2.436781466504549243e-01,4.225147144679398670e-01,9.509846754329372986e-01,9.167263463729836692e-01,9.863871408852491474e-01,9.088755628831360900e-01
7.516098420279850867e-01,7.951142578618586310e-01,8.803515683227598476e-01,7.984792543855070424e-01,3.531773751789661908e-01,7.478211451056092363e-02,0.000000000000000000e+00,8.663217855197786754e-01,4.499942083470437892e-01,6.380090577616418512e-01,3.169940606269529559e-01,7.646381387379829198e-01,6.078096561706968215e-01,5.552133959858018830e-01,4.202407544116334992e-01,4.159996676259208326e-01,7.022133352588130206e-01,2.772935557366182358e-01,1.830291817482563588e-01,3.192176868865063688e-01,5.621931132991424551e-01,9.841779488020552247e-01,5.920767475000248137e-01,7.901200351814947620e-01,2.416214920567578139e-01,3.170409439379492933e-01,6.974784975673643528e-01,8.004944726218959916e-01,4.539901845916061718e-01,7.273628621043133347e-01,3.929750432959456252e-01,2.345222358061143098e-01,8.010643691246362996e-01,7.669123638905104290e-01,7.494960286860927745e-01,5.549801110825310912e-01,6.795802567033756292e-01,2.648899935232193470e-01,7.431324197909484619e-01,6.619867366639348161e-01,4.922797205815478971e-01,9.815830948207953099e-01,9.451945529927985312e-01,2.854773737682971824e-01,2.067887747003944177e-01,6.334993030832400951e-01,7.341267187009758999e-01,7.421740270866958866e-01,6.393488430319784754e-01,5.393814453473926296e-01,3.311609984510102689e-01,6.912880849094477087e-01,7.596496137514057168e-01,5.395926762489376971e-01,8.129646272444407407e-01,7.073019354609383358e-01,4.411331160636946525e-01,6.071765460668596681e-01,7.730681794539131513e-01,1.735470985150757706e-01,5.717008759662354223e-01,8.712732792994741793e-01,4.343627698017665795e-01,6.408792908771023811e-01,7.128170981298584952e-01,6.653703965192476755e-01,6.803618216077130798e-01,9.767043193258251321e-01,6.606389904103119326e-01,4.384954768289790472e-01,2.366379961869382043e-01,2.929601926047069038e-01,2.565672471757761142e-01,6.098716338353541433e-01,4.918804900419328496e-01,7.251075777235664876e-01,1.970299135436677784e-01,8.173347360260561079e-01,1.921843466555709645e-01,5.580966729832929074e-01,5.729963706861093131e-01,5.830297616481820988e-01,2.249541523173001489e-01,3.212618307896856207e-01,2.111201586088438109e-01
7.994369743862874689e-01,7.396857656034263595e-01,7.709661061129853277e-01,7.645438494849956523e-01,8.355960471301291381e-01,4.652491635801159764e-01,8.663217855197786754e-01,0.000000000000000000e+00,3.219654588880417889e-01,7.830294152435159916e-01,4.478954906148907567e-01,4.386887663807891302e-01,9.933207705753144268e-01,5.585951727272144840e-01,4.417983321852559930e-01,3.035763763969212548e-01,5.201089813071628765e-01,7.366495629143519075e-01,6.600066353677742637e-01,8.070172245594342542e-01,9.216413615777145907e-01,5.012826449440601628e-01,7.370068833890328630e-01,7.438103192559810672e-01,6.595606705757675048e-01,7.481510108760506261e-01,4.315186155481110508e-01,7.751624447069628276e-01,7.500919623309104667e-01,7.931196020112278866e-01,3.367477972057604518e-02,7.701022753037272128e-01,5.123708266880336870e-01,6.262698840966161029e-01,6.926759326089427793e-01,3.970751811212568927e-01,1.860054397569805007e-01,8.015699788093229028e-01,8.422976032942510738e-01,6.702810932639927666e-01,4.714402533445661847e-01,9.065747599296918313e-01,8.510631437503750618e-01,3.107031090889446068e-01,5.387134682746154146e-01,6.779823607362230886e-01,3.485633748519676445e-01,6.357637067067125614e-01,2.173792923191218973e-01,6.389431122327227097e-01,8.567901629371431627e-01,5.450436227805405265e-01,5.643022030882482998e-01,9.063776469832867111e-01,8.274008847904278374e-01,3.065928759609984899e-01,3.605453439599402010e-01,5.583086552671470137e-01,8.905411761050047170e-01,6.324622351991410207e-01,3.070458417640272164e-01,5.348850768420941870e-01,7.700525331735369461e-01,9.096896851091754721e-01,9.403335394274430215e-01,6.991432382108925259e-01,5.263465928609348810e-01,7.811720350614168584e-01,7.185380605544060550e-01,6.879155529939382507e-01,7.054036354349489946e-01,7.138014651844161174e-01,2.547373222522995584e-01,9.082267402446810856e-01,5.840190138077290261e-01,6.056354147670731658e-01,7.277668006953494917e-01,6.208431359954211803e-01,5.904320637278099859e-01,3.571312605144290053e-01,4.973205676154606181e-01,2.826975895400620775e-01,5.554328132218957492e-01,7.480314194190174071e-01,4.877825896585309962e-01
9.357335958455433866e-01,9.931846350073798568e-01,9.116375664751277252e-01,6.892045043870026477e-01,3.904092794264191202e-02,9.551862293531105941e-01,4.499942083470437892e-01,3.219654588880417889e-01,0.000000000000000000e+00,7.666187658694624263e-01,9.340500523279942069e-01,6.743314338642669714e-02,9.460891790270823387e-01,6.180597772090077324e-01,7.888367565460867592e-01,2.276386340665410291e-01,7.380038857524260365e-01,7.535991821742751284e-01,3.903074735839048293e-01,6.946900556947528393e-01,9.912997320646214083e-01,9.319505653688289204e-01,7.164647109056787588e-01,4.121325722273003755e-01,6.182334018404915810e-01,1.127210042657207922e-01,7.282026256622923244e-01,7.039530301185439320e-01,3.603789098406178226e-01,3.392904772103143562e-01,3.707288997996334157e-01,5.158327229325698760e-01,2.338269668870466833e-01,4.441879919558764933e-01,6.443658033129768814e-01,7.616405922276490992e-02,5.381050379894599667e-01,6.569523565601341764e-01,6.622132849774252650e-01,7.771631115204037377e-01,2.490774383236915579e-02,8.244663455148614206e-01,8.245719464433647339e-01,6.153182522069943206e-01,4.476207655402710817e-01,9.333862377631686469e-01,7.118940820074569631e-01,3.860034775083265313e-01,6.771713004665432800e-01,5.390525832733095157e-01,3.026097766676522083e-01,6.878671373115222698e-01,6.865488839091884454e-01,2.733550736612066490e-01,9.744116529931041715e-01,8.378727980070741488e-01,6.459053823762482827e-01,8.528225625803840249e-01,8.636621411118811098e-01,3.779489511482769792e-01,5.690901484101130725e-01,7.892179135830621473e-01,9.286742575886499651e-01,7.406326200899442380e-01,2.447720069615281213e-01,8.859907875992057980e-01,8.366063976627788890e-01,6.083099822602326956e-01,4.158316658977271318e-01,7.961539110243498474e-02,7.991750531724270967e-01,4.308612818431010183e-01,7.192904835149258602e-01,4.492074118364183799e-01,7.096950264457995150e-01,6.980952573283564222e-01,7.884800794103850041e-01,5.481194628291210513e-01,6.580392609734797560e-01,-1.511180259597683928e-01,3.962521265576077756e-01,7.298686592413846652e-01,5.974399813993040986e-01,7.493870249763510127e-01,5.706584449023175409e-01
9.078646648016285292e-01,6.323276713435636021e-01,4.052764401068116307e-01,9.726429491226005197e-01,8.810155493087784562e-01,9.399818455355273272e-01,6.380090577616418512e-01,7.830294152435159916e-01,7.666187658694624263e-01,0.000000000000000000e+00,4.199437278505187554e-01,3.762110682155215269e-01,6.448167855589268527e-01,6.587090658677650090e-01,4.203276128169108894e-01,3.600037601566734580e-01,7.602649182751890500e-01,4.114886760953848643e-01,8.238150248558233635e-01,6.242343467708241223e-01,7.390461669778203291e-01,6.968301151904922053e-01,7.475185436920320781e-01,9.252253884230016157e-01,5.495907388494326584e-01,5.159756304643297042e-01,9.683221687412462142e-01,4.178667185570829057e-01,4.036603838624610585e-01,7.451243466985978392e-01,3.593031190431522637e-01,6.007859249537259583e-01,5.169776797119989276e-01,7.198786195535840093e-01,6.492667382503196638e-01,7.569164707313436047e-01,5.917700330082805715e-01,9.787527152809887276e-01,9.603494593893129316e-01,6.181935711308189640e-01,2.453375550455563769e-01,9.353957133382848621e-01,8.430216820724039106e-01,5.383210466483401291e-01,8.271943785608534272e-01,9.148534956646693361e-01,6.386567300142141912e-01,7.995530425592334289e-01,3.518366187973732684e-01,5.518851565422385752e-01,7.780309947318263530e-01,8.521072294871544495e-01,5.515957773135872211e-01,6.400078558119001171e-01,6.804195927710504632e-01,7.962929650968018080e-01,2.513423390985171646e-01,3.986192300433975544e-01,8.971847349834439767e-01,4.501460336274964447e-01,7.091848766583762620e-01,7.868738905789505189e-01,7.221780064703928748e-01,9.609415614855542076e-01,2.854545031933907184e-01,6.722246488127546771e-01,7.922829568183620275e-02,9.456473937484077830e-01,6.556342017149984214e-01,8.847994624221661164e-01,7.279926440026202039e-01,9.953325080976487271e-01,7.128384569167319773e-01,2.945470024194987366e-02,8.127610002349900942e-01,5.775681716167762048e-01,4.991501881368988203e-01,5.871708677134735987e-01,1.195974768018983649e-02,2.063263161165919124e-01,2.205803890626613639e-01,8.181366753375163281e-01,7.573878708273302784e-01,4.059098065448610848e-01,8.357402704287210105e-01
7.878437967592655244e-01,7.156357295948480024e-01,9.498918719326641114e-01,6.226760009815189845e-01,7.645777360443073434e-01,9.201460319832569512e-01,3.169940606269529559e-01,4.478954906148907567e-01,9.340500523279942069e-01,4.199437278505187554e-01,0.000000000000000000e+00,7.950326202119646357e-01,4.161247903349709065e-01,9.075095294629336173e-01,6.193525684751365334e-01,4.717056521694412002e-02,8.186457287049347942e-01,3.317701934269371988e-01,9.279954758077544330e-01,7.945035163839426762e-01,7.302828261445679647e-01,9.416218507475324628e-01,6.524691441962180427e-01,3.495836479135246977e-01,5.234930953793770492e-01,8.280142217931775184e-01,6.299325466928191730e-01,7.182310460504889305e-01,4.708242033552283434e-01,6.325246143689559064e-01,2.210963964288774342e-01,6.326640814430215531e-01,2.971833649225461005e-01,9.374628685097483594e-01,7.537736606886837887e-01,6.018696702155067468e-01,2.296665010593768874e-01,4.743363142765786855e-01,9.702515448295881972e-01,7.339862609820363426e-01,2.485333085265212516e-01,7.851608718418685573e-01,9.132019785898333186e-01,5.028343256658247551e-01,9.127044741938786787e-01,4.897439293125803728e-01,8.744066417904140520e-01,7.596533382260689526e-01,2.594611470874373382e-01,5.037185187547421616e-01,4.830372413067002824e-01,8.682246906243002993e-01,4.046925943311252549e-01,9.825607623759344822e-01,7.931319504766203288e-01,9.504264860638156343e-01,8.587007732834274210e-01,8.532895109028956204e-01,8.809297159360842677e-01,3.169798728491987072e-01,5.738259599886526008e-01,6.974733431845047127e-01,6.444519048218577684e-01,7.695055536614614500e-01,9.292988696469376420e-01,8.819291905794257591e-01,7.843812890836190377e-01,9.919874264801171737e-01,9.129109261282614129e-02,9.860269878891390061e-01,6.214077713848951134e-01,4.168923110660792686e-01,6.797863122163763094e-01,5.232551750986014216e-01,5.237293625327261726e-01,3.261104297411788755e-01,5.096141831283423906e-01,7.239800771519809830e-01,9.445075503041061582e-02,4.137183326819677820e-01,9.985006677599139735e-01,7.699568163365065887e-01,8.583726604229598989e-01,4.074170732667898864e-01,8.475095569060928646e-01
9.661012553000006831e-01,8.350202384459708416e-01,9.542096111850073559e-01,7.988622752981257014e-01,8.991506212126557651e-01,4.535613030645513910e-01,7.646381387379829198e-01,4.386887663807891302e-01,6.743314338642669714e-02,3.762110682155215269e-01,7.950326202119646357e-01,0.000000000000000000e+00,6.463639628093366118e-01,8.902632736825250026e-01,9.036656788459261624e-02,5.857871789705535459e-01,7.794340286759080527e-01,9.897090782261481756e-01,6.357150755797431607e-01,6.929064093472078190e-01,9.082327001767092067e-01,4.493702303686991084e-01,6.250103799147511685e-01,8.914779085492491317e-01,4.090132334379539270e-01,9.450164857858551759e-01,9.290583003928560846e-01,5.243196710006760020e-01,-2.826469099246997629e-02,3.209133096945936958e-01,2.473378294067803962e-01,7.406349544385829597e-01,3.256372080879476050e-01,8.540939670889620139e-01,5.459934940189450359e-01,4.693462973931106785e-01,-1.326300642403245855e-01,6.837517725451583983e-01,3.432908102514689586e-01,8.862312256916149433e-01,4.332876884450256871e-01,4.672298388764238308e-01,4.375599898471492222e-01,6.044658926139602206e-01,6.194422802250190152e-01,5.088359607936077111e-01,2.866750282434366026e-01,6.987352486586642097e-01,8.515699574336802469e-01,8.050146158539362995e-01,6.110411384892688869e-01,6.386756335530876516e-01,2.522509437311627467e-01,4.247963870273142595e-01,5.470810279722746472e-01,8.421466955627466833e-01,1.689751062661676295e-01,3.880919417612769262e-01,6.704002413541814143e-01,9.880621818561501346e-01,8.532543462067054829e-01,3.835441341300634965e-01,6.899739414966973294e-01,9.266647777998417990e-01,5.910718223843138830e-01,7.677103041732306066e-01,5.954444965881253715e-01,9.652392832798700750e-01,4.442123978456399280e-01,7.191086249949368847e-01,6.552929822786240921e-01,8.878924161156112049e-01,7.266896535774959309e-01,2.311507319599459265e-01,4.668844149925797660e-01,7.709142223634126712e-01,9.189198558337616785e-01,7.727055180093365117e-01,2.750318493869919889e-01,4.609710298985212895e-01,5.239394823674305979e-01,8.131829076555331381e-01,6.991691495625842467e-01,9.461767435947651128e-01,7.271909124119841916e-01
7.655780089296978508e-01,7.814089383961893009e-01,1.229933297213581245e-01,7.570064162593561630e-01,6.360133299115640071e-01,4.486067992181894670e-01,6.078096561706968215e-01,9.933207705753144268e-01,9.460891790270823387e-01,6.448167855589268527e-01,4.161247903349709065e-01,6.463639628093366118e-01,0.000000000000000000e+00,9.700881972802197772e-01,6.624554472062977872e-01,5.604601712297416771e-01,4.909948121473121097e-01,5.877997971915013276e-01,9.664909453544031637e-01,7.812152690255329546e-01,5.704074798065134067e-01,9.315458261415375807e-01,9.049566789615264284e-01,9.144247852517813913e-01,6.474260067341528480e-01,7.688516443805016864e-01,4.388915178486495483e-01,8.190445102358988594e-01,3.724076052047153862e-01,7.847235397925935718e-01,2.736382444919898127e-01,3.387829240608989378e-01,5.925307869010276729e-01,5.561947904412178900e-01,8.049431284981838353e-01,9.813760383379933616e-01,2.475500802161369751e-01,8.382098846598711184e-01,8.863826780257694216e-01,7.172624434478843680e-01,9.472093701596735471e-01,6.119288359726035020e-01,9.850305369946086298e-01,7.355627217383229333e-01,9.977025662206671086e-01,9.971403828909136680e-01,6.702707453564955564e-01,7.572499161067993700e-01,6.542852317380229987e-01,7.186505393201085834e-01,7.459365354439537743e-01,9.671913176059807604e-01,8.656718660077531435e-01,7.657184007387062286e-01,6.930016543049359878e-01,6.008444294927074436e-01,6.061879847138481603e-01,6.546622057474326128e-01,8.349456220804933881e-01,6.120759716016643814e-02,4.855090593145992561e-01,8.205249495175388486e-01,7.854784288978842177e-01,9.323755570750542621e-01,8.196210622900591547e-01,6.942279583365184026e-01,6.464486146048771253e-01,9.020681403042177804e-01,3.576628434038292559e-01,4.118989691530873798e-01,5.214524864624607847e-01,7.324960274382721348e-01,5.631901548781090838e-01,3.269596138389793127e-01,2.494164399788373065e-01,7.096194304164893385e-01,8.313105667368129170e-01,9.204542746690107524e-01,5.404917784518792779e-04,2.767845689126154363e-01,1.244043622475605841e-02,8.260730959653419525e-01,6.174045124912791449e-01,4.398772730952836829e-01,7.404186163146346811e-01
4.392278699422240695e-01,7.613805934390047714e-01,6.307441767566609458e-01,7.898861080789105760e-01,9.265121821467318108e-01,8.540994786544262585e-01,5.552133959858018830e-01,5.585951727272144840e-01,6.180597772090077324e-01,6.587090658677650090e-01,9.075095294629336173e-01,8.902632736825250026e-01,9.700881972802197772e-01,0.000000000000000000e+00,8.362005232422122791e-01,4.464892903537263646e-01,7.853453510969315987e-01,5.788892157308679343e-01,8.239839253844645217e-01,9.038518959549025622e-01,4.038526243212465783e-01,5.277937008386183182e-01,8.474992048377597564e-01,6.597466711483843671e-01,9.246947551428618128e-01,8.280510230974004182e-01,9.137374857009935569e-01,9.204965059088303647e-01,6.577935093967016700e-01,2.343835293276077814e-01,5.445861600941264147e-01,5.206797631780551994e-01,5.906399606115197987e-02,5.818648972352742366e-01,2.858028572732276285e-01,4.477414701325200252e-01,5.365980237875702663e-01,2.539213093898369245e-01,7.550177143285414783e-01,6.932738654683939794e-01,8.478051014808104524e-01,7.048853736107768553e-01,8.746758620766345027e-01,8.978714523101867240e-01,7.930971459723661354e-01,8.975869672665872656e-01,8.439239138395294715e-01,9.366139659866300482e-01,9.207186249863607008e-01,6.249333302694507486e-01,8.930917338183752552e-01,5.604946830328131346e-01,2.701961399811458886e-01,4.983120475078355871e-01,8.371872953740809864e-01,5.874035881418135929e-01,2.412316220266863265e-01,7.860221842672558967e-01,2.886886196222734347e-01,5.749215486314817047e-01,2.677005231472901481e-01,8.547103613184172666e-01,6.655097317751128561e-01,7.497593094608647757e-01,6.449739303694482784e-01,5.585786646806373268e-01,9.385554016104268316e-01,7.245667426974262693e-01,9.632676618771075783e-03,7.245084745327531328e-01,7.976931641454175770e-01,4.707130275135475994e-01,4.501134001817419864e-03,6.961746400868997764e-01,8.192617711954417459e-01,9.742818698451894965e-01,4.437482332170684662e-01,3.278278038395386895e-01,5.163882633946207390e-01,2.569408391588504648e-01,6.856767376069629050e-01,6.867796569884452307e-01,4.476049430879683877e-01,6.064757431396953224e-01,9.034480011626794260e-01
9.779325610319383744e-01,5.581101405292312467e-01,6.061626855952848558e-01,6.010858896896302817e-01,3.376947241230168761e-01,6.973289997650905514e-01,4.202407544116334992e-01,4.417983321852559930e-01,7.888367565460867592e-01,4.203276128169108894e-01,6.193525684751365334e-01,9.036656788459261624e-02,6.624554472062977872e-01,8.362005232422122791e-01,0.000000000000000000e+00,6.291511144122924337e-01,7.666526368596692231e-01,6.511962433128668515e-01,5.089160049050212020e-01,4.041188944911410230e-01,8.761391727024037124e-01,7.024478299165320960e-01,3.033637938919778176e-01,9.135911336833605345e-01,5.207357345685398320e-01,7.001833145394552593e-01,9.731707333040909846e-01,6.432328847651530568e-01,4.999384068490601019e-01,4.505793862748254108e-01,5.609089274433187722e-01,7.394453765693114189e-01,9.181329677654885835e-01,7.897350757828528467e-01,5.024045299620968352e-01,7.040705242874778502e-01,4.564511745868859993e-01,8.709645631642362051e-01,9.755253614573453635e-01,3.590249811470504482e-01,5.072584146888567957e-01,7.903921712498975793e-01,8.444149614502123313e-01,6.797510282747227794e-01,9.928698560860379496e-01,7.684476881234724166e-01,5.227293717746472890e-01,9.465357149238045054e-01,2.617046709171465535e-01,4.317633344390375272e-01,7.797783960074926579e-01,6.859664008033046212e-01,8.859822914940103100e-01,6.557330355277098954e-01,7.570974864365217494e-01,6.667105092268305055e-01,9.094446844900423432e-01,2.501125418477147533e-01,5.421006862060639975e-01,8.248957755816734849e-01,5.084486530329934695e-01,7.908945506704473383e-01,6.711043692639200309e-01,7.694056485067384266e-01,8.533268349343949843e-01,4.922453632474890206e-01,3.021851823349240296e-01,7.617501115556695179e-01,5.589255846661370652e-01,1.247571624636111265e-01,3.106801491741782439e-01,9.048649073397678766e-01,5.125813495048676671e-01,5.734071719470913431e-01,2.643431866787146478e-01,6.363304436865275804e-01,9.433841921137873232e-01,4.220724801143733718e-01,2.344894416560129036e-01,1.130753249882330835e-01,9.816120425142653705e-01,6.161593366814852590e-01,9.228435561484844563e-01,5.548726253604305825e-01,7.965173602009321119e-01
9.796630773440700990e-01,6.515088657210077461e-01,7.121055996098220042e-01,-1.013878813947311358e-01,2.051140253715486028e-01,6.673442150104698101e-01,4.159996676259208326e-01,3.035763763969212548e-01,2.276386340665410291e-01,3.600037601566734580e-01,4.717056521694412002e-02,5.857871789705535459e-01,5.604601712297416771e-01,4.464892903537263646e-01,6.291511144122924337e-01,0.000000000000000000e+00,7.334594122042913389e-01,6.910711795890522868e-01,-1.225641020997512709e-01,8.683816714843717310e-01,7.032799351699129398e-01,7.282714639635020637e-01,7.888403578093873270e-01,7.104495056671636388e-02,4.539730406227426851e-01,2.996232094092795006e-01,9.940082750369909625e-01,5.500039132986245249e-01,5.794678962970780667e-01,1.940371302925240071e-01,2.482224558973331052e-01,3.515255615162526937e-02,6.059572502524611659e-01,4.890191784607592074e-01,2.916304709109252546e-01,8.444508519141437075e-01,4.892349426141049396e-01,3.961811281693027320e-01,8.085729687358897966e-01,8.996082603501550645e-01,3.311847123307336549e-01,8.938290245475880580e-01,9.985919277360784108e-01,9.889300524618211963e-01,8.861789902646503014e-01,3.987949358601356464e-01,7.816580854449697302e-01,9.905286131637144331e-01,6.987941932690251434e-01,5.983086639833070652e-01,7.884638738797997704e-01,6.225207434279483865e-01,9.519903810434180436e-01,4.955162663955311464e-01,7.184416731786799071e-01,3.567714457219987034e-01,4.566102892885549602e-01,9.596087369011638835e-01,8.511679671457909047e-01,7.702245300360438529e-01,7.172151691692064679e-01,2.377581639655522439e-01,9.332935890974696225e-01,9.486703495308809186e-01,4.890072379511690159e-01,4.337461753303348821e-01,6.227006607042797626e-01,8.597053770330908007e-01,4.491532630211439447e-01,3.732640784247748256e-01,8.614851992343224296e-01,8.721694129167688603e-01,6.125112768061035107e-01,5.056154584226145721e-01,6.865021250172025358e-01,9.628986027288467531e-01,8.658961832500834399e-01,9.329998359084341608e-01,4.754810466355726128e-01,2.373079592361362553e-02,4.765343396406813703e-01,9.976494828406776705e-01,3.896152075208522136e-01,5.459092283628392828e-01,1.293333806544841313e-01
8.570835695069813909e-01,5.960439827649212097e-01,7.534491710918469476e-01,9.891180908103343050e-01,8.791844047304161469e-01,8.376695719987978794e-01,7.022133352588130206e-01,5.201089813071628765e-01,7.380038857524260365e-01,7.602649182751890500e-01,8.186457287049347942e-01,7.794340286759080527e-01,4.909948121473121097e-01,7.853453510969315987e-01,7.666526368596692231e-01,7.334594122042913389e-01,0.000000000000000000e+00,6.946475567269070339e-01,8.222230274940466321e-01,9.313557831055153668e-01,9.236723650924523188e-01,9.799891327155598741e-01,9.687572786317997231e-01,6.250435040557841271e-01,7.794827941672970439e-01,7.028515326629024562e-01,9.081068368698737014e-01,7.054957929612866163e-01,2.258071179617365809e-01,2.256505550897535683e-01,2.350491521084185909e-02,4.478144556783568153e-01,9.419286209619838202e-01,6.877261749925341894e-01,8.814508607059224898e-01,5.875819671063828853e-01,4.996950411429528643e-02,7.822840075518668890e-01,8.004534353596777230e-01,8.431370174571057863e-01,9.854490234812731675e-01,6.394054817327828877e-01,8.755734828431536165e-01,9.059594535089960932e-01,9.171226394556534212e-01,6.458713169420829958e-01,6.164043309392533976e-01,7.494726831163608383e-01,4.570403800349009393e-01,8.965357901910910865e-01,2.067110955670365957e-01,6.081662937846761263e-01,3.664291635741218078e-01,7.497330105648584153e-01,4.307081594280754433e-01,2.693721375413990482e-01,-1.228775495735697776e-01,6.580127389933760895e-01,1.070964608442137589e-01,5.283318849246391169e-01,1.147030238266438795e-01,8.391605532618147123e-01,9.223064951340835815e-01,9.507711938362835014e-01,3.859425652923238470e-01,6.923669953848747838e-01,8.307963780562329648e-01,7.560614918444067412e-01,-3.884964101809254000e-01,6.402351187272428135e-01,6.929397381863885430e-01,7.736703851030857226e-01,4.912229210096020759e-01,-6.406867587858761093e-02,-5.189865083536829293e-02,9.087538458499500038e-01,8.460758179395547751e-01,7.837653518416695109e-01,3.845756560071775798e-01,-1.298380908694934943e-02,5.366422937042140129e-01,7.805211483027809649e-01,8.397838755711807268e-01,8.389058588813642636e-01,8.984441766784397876e-01
7.211140951710851565e-01,6.326319694314482822e-01,6.243521629391646233e-01,4.263977436440344326e-01,2.290004800103199456e-01,9.948048499077338791e-01,2.772935557366182358e-01,7.366495629143519075e-01,7.535991821742751284e-01,4.114886760953848643e-01,3.317701934269371988e-01,9.897090782261481756e-01,5.877997971915013276e-01,5.788892157308679343e-01,6.511962433128668515e-01,6.910711795890522868e-01,6.946475567269070339e-01,0.000000000000000000e+00,1.865954602248197369e-01,7.987355081851446048e-01,8.281145299624870226e-01,3.595713370930640473e-01,9.247936098345622691e-01,7.725197000859251872e-01,4.106507440989853874e-01,6.054749024096491850e-01,8.956858599939359067e-01,7.777055588558341448e-01,2.403766909511501348e-01,1.325531841930316923e-01,1.164658665129314763e-01,5.196995022948684984e-01,8.321050465035911836e-01,6.019344548396079464e-01,-3.817552548484819952e-01,5.054773638201014441e-01,3.213162464157384712e-01,5.671053827419261228e-01,8.500313013453275612e-01,2.105786047180440226e-02,4.322098513664593966e-01,7.916589922899708309e-01,9.427603374227022659e-01,6.302083841285667232e-01,7.073355015335776041e-01,5.682561780488057934e-01,5.441757596573517652e-01,9.028180216469492425e-01,7.722734167006276573e-01,5.001935694468109261e-01,5.013321851981749067e-01,7.799588250146385349e-01,8.851368145705150736e-01,5.428420523220516269e-01,6.863702857329136986e-01,9.680648473209081395e-01,7.768924542426862700e-01,4.897271273962958138e-01,9.926482128321514331e-01,6.788990055707608828e-01,4.183872035645840315e-01,6.700189947405388313e-01,9.747871086932771156e-01,9.844026539135001252e-01,8.504354647104400700e-01,6.969194584926654557e-01,8.440374401167813900e-01,8.551583978072412329e-01,7.462381429813750300e-01,6.329756102846059163e-01,6.323862521963304895e-01,9.762894876517252962e-01,4.389163650558572938e-01,4.470561118134951384e-01,5.901490862704998897e-01,4.616277489441209525e-01,6.749816521555944693e-01,4.687960136019900803e-01,5.463808797948145335e-01,2.791213097601490389e-01,9.414080241075539757e-01,4.137084584619171168e-01,7.892148445782919408e-01,9.020991203485827503e-01,2.553461046864700101e-01
