0.000000000000000000e+00,7.350067939725283273e-01,7.354832326652389618e-01,9.995108996009554048e-01,8.169910294593951683e-01,6.462911542508833485e-01,8.132479655967593812e-01,7.515643379389095324e-01,7.442847980663783725e-01,9.406938294951431301e-01,1.752291472924846216e-01,9.031337210911304370e-01,8.198227198723848641e-01,9.105744432728626325e-01,6.102441140566372546e-01,3.235329400983651960e-01,8.823758800633620947e-01,9.488107368003491082e-01,6.028393852546238829e-01,6.458337627897812183e-01,9.475511836429492130e-01,7.023963603522200838e-01,7.030539734474993141e-01,8.121552884202580813e-01,6.880862141821995071e-01,6.065430141578210810e-01,5.917421376605147554e-01,7.977300595928087379e-01,3.792566435365183480e-02,9.957891176978002357e-02,4.564043849942578390e-03,9.820728189764817984e-01,9.783659997946487774e-01,5.928762993847772611e-01,9.104781298152127000e-01,5.313539891851034591e-01,5.833236659033044225e-01,8.103619469711077494e-01,9.521805702876565691e-01,7.813432210588988625e-01,2.721413752058433055e-01,8.779215819768333429e-01,8.871472667583141236e-01,5.539391843638912238e-01,9.908916166742298692e-01,9.966163257928150054e-01,6.964816139710432452e-01,9.848649359348172760e-01,7.926545820338453119e-01,7.326734236833775116e-01,8.603619787886427339e-01,9.209752918268691024e-01,5.262799466434833207e-01,8.289066358849558336e-01,6.667476002916684630e-01,2.276191538805687198e-01,7.520640629425446866e-01,7.246473952875538416e-01,9.549926957156351648e-01,2.475023499942431982e-01,2.759912269235378912e-01,9.531163009291365729e-01,9.638495029739660991e-01,9.661129187048748124e-01,9.452956315793533681e-01,8.496227247558025830e-01,6.045217054413218882e-01,9.366059799449171219e-01,9.198031669672130928e-01,8.318466518410930766e-01,7.360643445972169241e-01,8.975144180831764462e-01,4.155643688443461659e-01,3.980569757676548082e-01,8.411988707293677203e-01,9.280377423611719800e-01,4.885301501532239299e-01,9.225366799386442995e-01,7.340207575998197731e-01,2.501821313718518569e-01,7.378092606296693390e-01,6.310749017356369617e-01,9.569138831713710491e-01,2.471940396851339886e-02,8.851240544807188471e-01
7.350067939725283273e-01,0.000000000000000000e+00,1.295249731091462353e-01,6.940307588109615455e-01,6.313639227878263815e-01,7.638728101381923041e-01,9.962709498596814539e-01,3.584869253916080911e-01,8.640272138594408124e-01,2.353943693738498877e-01,5.977130702498089088e-01,8.410076155026298128e-01,3.489642465470095267e-01,8.668365974431124776e-01,4.503040082914076536e-01,8.767570984997608008e-02,7.918600366501843402e-01,7.645206772107950854e-01,9.629198436484431856e-01,8.814175931141416953e-01,9.518209209879189281e-01,6.598738263173101748e-01,8.008895297260217871e-01,8.229153202947352419e-01,5.614968533600783740e-01,7.467820033956249492e-01,7.453309206131712994e-01,9.052533798385371533e-01,9.022986541162271168e-01,4.350355584196031189e-01,7.968755691589166634e-01,4.944816275795539950e-01,8.512113114690479376e-01,7.349357193909550334e-01,6.419124186744434857e-01,2.080028028803223572e-01,4.473784299852305857e-01,8.196172659637441793e-01,1.909868889169922257e-01,6.203694077204947588e-01,3.565008199315138765e-02,4.584191695033111857e-01,8.711409706383704821e-01,9.459713687349079470e-01,9.169236471973859492e-01,9.978325927142397411e-01,8.023823397678002678e-01,9.509431515828890014e-01,6.401355135873136870e-01,4.341827424648291855e-01,7.015776455622277918e-01,6.454461363170593824e-01,8.794498083190515070e-01,4.915340662083156342e-01,7.149938273777420861e-01,7.947790162430825589e-01,7.272949186851780379e-01,8.665150452529495340e-01,6.269034002836391117e-01,6.539147127775821744e-01,2.587497755270341537e-01,7.840308470723815759e-01,7.725359986499956699e-01,6.227348172518063496e-01,7.123053740175125936e-01,8.508278473594554914e-01,6.048628359335241900e-01,6.576084687494049286e-01,7.203256204623423864e-01,9.545694189301971999e-01,9.268073177083500092e-01,6.852223178222865974e-01,7.759148961614639184e-01,2.278470797828173744e-01,7.819181889699751142e-01,6.360681717279266234e-01,5.261185913165203898e-01,7.610008942431036871e-01,2.457241959017852362e-01,3.521342525030636272e-01,7.872975867796668803e-01,9.515966139535151358e-01,7.342258670619192795e-01,3.511896958927082646e-01,6.271812085144782278e-01
7.354832326652389618e-01,1.295249731091462353e-01,0.000000000000000000e+00,9.634021459854534841e-01,8.773712211087206780e-01,6.574956294676513879e-01,8.800569708149206249e-01,7.570553302083844471e-01,7.198805954397591300e-01,7.983969985259082858e-01,6.672892632703363303e-01,8.027463748818474132e-01,9.001121195591580415e-01,9.285297268194574460e-01,9.882299063372677050e-01,9.996058486016207167e-01,4.339189289481958367e-01,7.764155595021525746e-01,8.784345031593756570e-01,2.911610041770305024e-01,6.196138128034518466e-01,5.112246433568004012e-01,7.441445322608271074e-01,7.344831377249581017e-01,9.462755849214103954e-01,6.827547702453589107e-01,7.936222947565598762e-01,3.060517523233561438e-02,5.155513277303659381e-01,5.068675970353543336e-01,6.553450782162426602e-01,4.017810940903243644e-01,9.026571834214983658e-01,9.325326671965663561e-01,6.017898910386416667e-01,2.957034537433710364e-01,2.911758757918184726e-01,8.147615726875351294e-01,4.184541044909361740e-01,8.434638443171277311e-01,4.979460105302169204e-01,9.054765805352653629e-01,2.325569926080682803e-01,7.398855716545170713e-01,2.845614630104901788e-01,8.902000106587649730e-01,7.402091131076101727e-01,4.003029263050373876e-01,8.598860698880235187e-01,6.837816865650307996e-01,9.071606703974456343e-01,9.700974970587410429e-01,6.630575909211916530e-01,8.392420304722745250e-01,9.373407199011012381e-01,5.842670737412467563e-01,4.167874473469171392e-01,8.932565089695239102e-01,9.155849932314101824e-01,3.153846358205212447e-02,1.551729171540110752e-01,9.426612830019001077e-01,9.973278087214444421e-01,7.794546367562507072e-01,7.140171631604966818e-01,8.778409312977860646e-01,6.046071492817920445e-01,8.287042377457977116e-01,9.159698767630968241e-01,6.499570318549297010e-01,8.371116686715549537e-01,7.203600599254023074e-01,6.515628663187418290e-01,3.835512964740426245e-01,9.697692483688703513e-01,9.888345631192020369e-01,8.263434574641161934e-01,9.673755431899265789e-01,7.172304769404959091e-01,2.354835846144752720e-01,5.570837361065588134e-01,5.655224732561993095e-01,7.658567962504840843e-01,9.022412360000946485e-01,9.322350178605285365e-01
9.995108996009554048e-01,6.940307588109615455e-01,9.634021459854534841e-01,0.000000000000000000e+00,8.534625119167190688e-01,4.480141398432251898e-01,-1.688965497171664165e-01,8.487088863165449526e-01,9.766663764398763048e-01,6.556829807803093990e-01,7.361874171778385323e-01,6.531357218331841352e-01,6.566716602789264279e-01,6.052980962790545094e-01,2.149825682025744422e-01,8.968922713506692901e-01,8.388692141393444546e-01,8.062029735393321239e-01,8.131263875513873307e-01,9.034086286703389979e-01,9.640290674266414062e-01,4.337323623278451223e-01,6.510075941007223976e-01,4.604837893662838688e-01,6.505243565600375977e-01,8.805733260815723495e-01,9.183433216370725516e-01,6.596699506613082908e-01,7.539788052973153132e-01,5.366390356017533003e-01,3.822928250876115319e-01,4.192223720654064678e-01,7.344591716504638157e-01,7.525339997217017629e-01,3.514296045423659365e-02,4.570071148327497501e-01,5.555069886246990496e-01,7.685409783144038220e-01,9.036366450506932990e-01,6.968888023741295346e-01,4.654750136858000209e-01,7.155571418345180179e-01,8.306247710238382487e-01,7.789546706194476755e-01,6.812928445106702924e-01,8.752934229827880053e-01,9.681110717239864716e-01,-2.269796606318819077e-02,9.977763354641855376e-01,7.260349833241026563e-01,6.668260000083179317e-01,6.149605775680897501e-01,7.479541609490658605e-01,5.281938826762362371e-01,9.535384552264449809e-01,5.192001432701027763e-01,4.546788900955404666e-01,9.426807749610150999e-01,9.625661921725040537e-01,4.276276293305468768e-01,9.388055330980725754e-01,5.243742004489793107e-01,5.627362221554317312e-01,8.424326672148091388e-01,8.711407812704365927e-01,4.304336728257472378e-01,4.567577673535347382e-01,5.188749387421343062e-01,2.903200318438607930e-01,5.032382299180413465e-01,4.615052131617871645e-01,8.445183601587717970e-01,3.969253549549112137e-01,1.276544578927580054e-01,2.390630977345003239e-01,1.369192875256211583e-01,8.735592542502734759e-01,5.457132499484294019e-01,-1.327860863173899175e-02,3.280475171435384141e-01,3.682679784266295608e-01,7.114841284901786134e-01,9.962835607386451020e-01,5.952088113856603968e-01,3.592979649450224189e-01
8.169910294593951683e-01,6.313639227878263815e-01,8.773712211087206780e-01,8.534625119167190688e-01,0.000000000000000000e+00,6.405802308352693819e-01,6.196911854810119857e-01,4.077965191186341820e-01,4.619108582170801114e-01,6.072212646882808595e-01,6.898567627430746141e-01,2.369901572348161178e-01,4.893518009613439523e-01,9.498460147856173652e-01,6.151380733022273617e-01,4.206006901429604761e-01,4.219675746008079154e-01,6.800987213070291970e-01,9.788246470377665043e-01,7.603816595524927058e-01,8.663257605131277073e-01,6.764683975379383041e-01,5.936203470442196206e-01,8.329035194941420972e-01,3.629606731094188743e-01,3.523505879903155447e-01,7.718365842520159559e-01,6.084002693010108764e-01,9.449192918841184952e-01,3.822879090239937883e-01,7.380681693815405175e-01,7.912264719366003396e-01,6.023500098451085583e-01,8.404234382640600742e-01,5.672955790884171012e-01,3.857036137818313226e-01,1.983324089018023706e-01,7.400322171127111659e-01,1.713365758104304359e-01,7.300285865289992682e-01,7.805048538930355884e-01,6.935919984546139450e-01,7.225482591467724536e-01,6.268394481468370083e-01,8.101644479263974130e-01,9.933853159513521547e-01,6.243606143167518274e-01,7.110833376479647194e-01,6.523033705263080462e-01,7.421979138955666633e-01,9.255262914334208002e-01,7.332392981024978829e-01,9.238669376610172401e-01,9.825596651763451872e-01,5.797863765427675453e-01,4.222074249656903588e-01,8.483135381123939611e-01,9.906180239854600611e-01,6.733819758872718886e-01,7.278573652517312809e-01,5.206924989677377269e-01,7.587225775123147553e-01,7.646979560307428647e-01,2.577089022090882642e-01,9.440169005532721425e-01,7.660030233088350737e-01,5.952987048745927989e-01,2.811777403709867507e-01,4.502986656699551338e-01,9.531114312827789758e-01,6.173832888434240829e-01,5.973040426051448026e-01,9.361866702386061334e-01,6.072758830281438369e-01,5.633602331258946716e-01,4.163193550849604296e-01,9.683928165832904611e-01,9.486776711998144984e-01,5.243896182148044538e-01,3.099503452588804331e-01,5.286284029389098915e-01,6.118095728154437918e-01,4.272105454447169270e-01,5.550838128791626414e-01,6.966978646404288211e-01
6.462911542508833485e-01,7.638728101381923041e-01,6.574956294676513879e-01,4.480141398432251898e-01,6.405802308352693819e-01,0.000000000000000000e+00,6.618047721208598633e-01,5.779721939459029345e-01,8.984805978924934600e-01,7.877693226976352214e-01,8.527550656033708876e-01,8.690259422602094608e-01,3.681615542862309853e-01,4.451065302986336181e-01,6.648083355566367647e-01,7.652385504174881170e-01,6.942990087934096666e-01,6.049125172499122405e-01,7.068247501559182799e-01,9.328539246192998347e-01,8.844532401333254912e-01,4.271855765187639875e-01,8.491566469032856279e-01,5.368417843822294033e-01,6.957479823958708787e-01,7.303849209139984255e-01,9.817584131699675920e-01,6.827490646256523243e-01,2.169824529857175555e-01,6.875931851267271799e-01,6.422027177633933270e-01,6.072208606585697277e-01,5.730988454122749598e-01,4.426722329373131704e-01,5.568643751412616361e-02,2.890523836065191365e-01,1.218116407034718351e-01,4.234671031918645356e-01,9.944847783382093631e-01,8.089341190001216875e-01,6.769553529759172461e-01,5.429975578344763409e-01,5.746310583144005335e-01,8.598214348702306609e-01,9.031340065691705332e-01,6.757807673927380687e-01,7.129876316988910112e-01,4.477299921850421138e-01,2.401711584809272937e-01,9.160646975499034950e-01,6.602080791570301699e-01,9.647039646842626714e-01,7.708829829979267911e-01,6.800881159046023861e-01,8.363274364866721822e-01,7.649627088432169320e-01,6.038050355368205224e-01,9.848840178237803222e-01,9.387492519384388334e-01,4.024658104196106034e-01,3.511073279957960258e-01,6.389310419647743489e-01,6.825816035286603745e-01,9.196641750075539301e-01,7.929168811502602665e-01,6.241551660116076983e-01,8.677985437722474105e-01,6.105205106771393053e-01,4.331255919572942759e-01,9.359097429699407833e-01,8.047881178265953173e-01,9.082486254153741001e-01,5.536178663310995507e-01,8.281657766030373624e-01,2.105110221765325029e-01,7.739688052160704768e-01,8.930630254843491267e-01,7.845619688962592875e-01,2.685773339558181760e-01,2.992929390747991678e-02,2.539489886872051683e-01,8.756370378736684223e-01,3.008405239133596920e-01,5.743986023460941892e-01,9.341655681523759469e-01
8.132479655967593812e-01,9.962709498596814539e-01,8.800569708149206249e-01,-1.688965497171664165e-01,6.196911854810119857e-01,6.618047721208598633e-01,0.000000000000000000e+00,7.457836366120285110e-01,7.619538081110743821e-01,4.780224289490134781e-01,5.138527312141027981e-01,7.077190052090817085e-01,5.140674837656423746e-01,6.630862216373378804e-01,-9.985549628936274402e-03,7.165703732646343527e-01,9.320874965172152304e-01,6.543944627309179474e-01,3.878940002536129805e-01,9.298501818297186805e-01,6.528541754868688596e-01,4.229013146116307187e-01,5.670349321067296167e-01,8.295069185361293451e-01,5.346364043279672185e-01,9.032420317409981525e-01,4.094296034119936367e-01,5.503511507304005290e-01,7.917596898509098313e-01,6.773986058727514692e-01,1.879399892994274290e-01,4.725493847365547229e-02,7.649305731880300385e-01,1.078143164043685875e-01,8.576878213681081720e-01,3.451412693387825859e-01,3.660554213645247357e-01,5.982909839997601065e-01,8.139682129702873192e-01,7.137265935934745675e-01,3.614988100818649075e-01,5.666732521740390771e-01,3.044177954225799065e-01,5.532533240076868974e-01,6.841334527992137815e-01,6.058660462901603871e-01,6.691675477814580386e-01,9.970696363487479008e-01,7.685244106701306643e-01,5.643379379140855967e-01,6.260081047948107269e-01,8.238344568997992834e-01,7.232000243094587333e-01,7.626675844279675598e-01,8.553644218589109283e-01,7.265724865048268644e-01,5.100584940327774763e-01,8.331021381119284586e-01,4.110598485347015107e-01,6.065914899001199068e-01,5.150304786151674308e-02,5.685230787461621471e-01,4.235014057106986085e-01,8.168169342095025209e-01,8.968557518190047873e-01,9.878130027365170651e-01,7.181709582311986140e-02,9.750145379356499609e-01,5.714432300080248828e-01,7.576446930271479863e-01,3.268987142560682013e-01,4.111643816154927356e-01,2.200079505078898490e-01,4.262859729810053455e-01,7.677702591029589296e-01,8.733030914194768179e-01,7.034304401408614238e-01,7.243397958114020652e-01,1.464145300195882765e-02,4.915610921491068153e-01,2.928099322098580704e-01,8.141102346363058295e-01,7.116171248964243690e-01,9.252546081859552851e-01,7.272142048474370402e-01
7.515643379389095324e-01,3.584869253916080911e-01,7.570553302083844471e-01,8.487088863165449526e-01,4.077965191186341820e-01,5.779721939459029345e-01,7.457836366120285110e-01,0.000000000000000000e+00,9.978778782956833071e-01,4.771361666425912307e-01,8.392516733239918647e-01,4.965775141379463742e-01,6.519395558695901816e-01,4.381579119399655053e-01,4.266277466860363687e-01,9.073342589483860410e-01,7.631577973155072581e-01,8.661655407590349576e-01,6.817708649764974149e-01,7.687088855429669021e-01,7.715675241469825973e-01,6.679722361773343664e-01,5.708904950701672032e-01,8.330830049858654052e-01,5.178947154879549597e-01,4.726156527114678818e-01,5.603883949901842243e-01,4.512643319593145907e-01,5.694727479646977120e-01,5.529575295925968220e-02,6.915846793417037564e-01,4.427983397106992070e-01,5.964743806274096505e-01,6.233463320012840869e-01,2.675346735108230511e-01,6.320443078714932383e-01,4.497453125263978224e-01,7.528123719938450975e-01,7.307301918666297968e-01,6.654977312214465091e-01,5.804932800080655486e-01,2.253452089541831682e-01,6.825565634972990958e-01,5.304215236870062355e-01,8.633163031192853110e-01,7.948262571264557153e-01,5.455302464504432347e-01,8.612817359091415881e-01,7.033366171836581415e-01,9.300453007386079163e-01,5.810878921467778069e-01,8.011810423313912022e-01,5.886479360475083134e-01,7.831913732772995962e-01,8.461438003688394049e-01,6.199185427177987817e-01,7.879724602592015348e-01,5.380682296733821923e-01,9.310445623337249010e-01,8.294307637740901962e-01,-1.739270659419147602e-01,1.714363999474191325e-01,4.418695026443130724e-01,7.340669261871274331e-01,3.088361636871150839e-01,6.300979819826835193e-01,6.635563038931813207e-01,4.442601267980049728e-01,5.838064440379697739e-01,5.392280238205164888e-01,5.285547129571779301e-01,5.924584886696810937e-01,6.486335806626989386e-01,7.183936030681534746e-01,3.429690808090677945e-01,7.646307023060398000e-01,5.985789475156693129e-01,9.487308073607864101e-01,9.781052550839344772e-02,1.604848486668413177e-01,9.246103719692960743e-01,7.103620660204086334e-01,6.324088378016889944e-01,5.565632561965757619e-01,6.298657940686487322e-01
7.442847980663783725e-01,8.640272138594408124e-01,7.198805954397591300e-01,9.766663764398763048e-01,4.619108582170801114e-01,8.984805978924934600e-01,7.619538081110743821e-01,9.978778782956833071e-01,0.000000000000000000e+00,8.303987580572160798e-01,5.587963608362624957e-01,4.856097385807078837e-01,8.414908129456850627e-01,7.172213101153015469e-01,-9.966206880628947218e-02,6.463644433592254934e-01,6.089404226998563763e-01,5.380223662602044987e-01,7.066518214763541916e-01,7.670239809490984051e-01,9.333207093796564990e-01,4.906623170516767329e-01,5.673179826457745989e-01,2.076321425141854360e-01,4.407263162142844304e-01,5.877761485783390416e-01,6.345704148240447484e-01,8.801731310784305373e-01,4.165155876270594804e-01,6.083244469471540961e-02,5.960132380702037186e-02,3.487809489311630706e-01,7.235811677222800942e-01,5.212546495208465469e-01,4.850158878151981101e-01,2.335320015914231495e-01,5.846053466175402669e-01,6.214536044610661225e-01,6.748022007523999388e-01,7.574652927493391585e-01,5.866557132479028880e-01,5.317157341991226582e-01,3.348473673103327108e-01,9.200131392495134453e-01,8.140794661834444002e-01,7.692611811973326663e-01,2.057549211273551892e-01,8.318682315328143062e-01,3.577220212387161036e-01,6.839799284334220353e-01,7.265630902964164139e-01,5.636058728967249243e-01,7.096470067664970571e-01,8.555858494277818194e-01,9.390009054509883546e-01,1.729298838534959470e-01,4.583185469357490827e-01,7.600965360800884252e-01,7.747817585926076722e-01,4.164174459895258473e-01,5.583077388200611280e-01,5.485953657148318063e-01,2.178147716240810550e-01,8.753016679314673532e-01,9.061510598544878503e-01,6.282207811542771525e-01,7.286173071268781110e-01,9.811298484156554256e-01,7.615039291346752393e-01,9.214693015444201940e-01,9.704576945421139467e-01,5.301817220452921253e-01,2.315016511111021025e-01,7.576391081652008586e-01,7.074369058710131553e-01,9.869553977007143875e-01,7.756314906099881501e-01,7.458642652366258563e-01,7.694983101231687994e-02,3.389153594896969768e-01,4.966324288104100732e-02,2.410040462471078060e-01,7.584435654617651679e-01,4.857976556400852020e-01,3.023179567995920580e-01
9.406938294951431301e-01,2.353943693738498877e-01,7.983969985259082858e-01,6.556829807803093990e-01,6.072212646882808595e-01,7.877693226976352214e-01,4.780224289490134781e-01,4.771361666425912307e-01,8.303987580572160798e-01,0.000000000000000000e+00,8.692128034089035005e-01,5.408245345321525122e-01,3.028704749218625869e-01,5.926963972390089097e-01,6.234525724655248791e-01,8.481109713958797647e-01,6.375278234585768367e-01,7.712651350924228932e-01,7.568908262712071844e-01,7.683036357280451645e-01,7.750321771356800671e-01,7.352889493776666452e-01,5.037089813477687583e-01,8.466405610461753550e-01,6.390883019317636915e-01,1.523087991028076738e-01,9.760437157883642412e-01,8.157509078634308519e-01,3.352575203976380092e-01,2.920693533411854448e-01,4.858075131202932995e-01,3.730501178346776192e-01,6.769112972784697702e-01,7.726009718555361117e-01,6.810693799848929197e-01,4.200003938736304177e-01,6.370411756913805235e-01,5.376973180725476142e-01,9.103346093206590162e-01,7.310274907293780045e-01,6.311279212372429281e-01,8.458450837078665963e-01,9.615068631533659760e-01,8.755732783384846396e-01,7.395939758820118115e-01,9.893913596714316583e-01,6.839034165849220415e-01,7.204036393020651907e-01,8.345048057276076570e-01,6.652290899770760824e-01,8.050454778162311475e-01,5.442291921679617284e-01,6.291265529132720191e-01,6.370989308658839834e-01,5.402019933884596448e-01,8.002139762130822120e-01,2.269618943369460240e-01,7.987074910087694768e-01,8.119409624274531723e-01,5.200950077503491142e-01,3.236328707600407695e-01,2.015279979240401365e-01,7.142115443140659714e-01,9.261831147674794984e-01,8.936138523097455488e-01,5.661846578075425684e-01,6.205799937776227404e-01,9.635464982153234548e-01,6.712618178525425749e-01,6.116983712701684617e-02,5.418709225907039073e-01,6.966743837972927400e-01,1.053580823448538872e-01,7.226742738880804762e-01,6.379587360954023234e-01,3.214082202092891638e-01,7.747161798083413986e-01,9.310904948186171648e-01,5.751113524046564951e-01,2.178894757475781929e-01,5.708921554457375702e-01,8.469600662412390957e-01,7.636953647794684219e-01,6.156913590649076840e-01,2.407199589032007758e-01
1.752291472924846216e-01,5.977130702498089088e-01,6.672892632703363303e-01,7.361874171778385323e-01,6.898567627430746141e-01,8.527550656033708876e-01,5.138527312141027981e-01,8.392516733239918647e-01,5.587963608362624957e-01,8.692128034089035005e-01,0.000000000000000000e+00,8.781439023478689876e-01,6.052958494150295632e-01,6.703295512790194977e-01,5.418323473223740638e-01,6.567467808170801558e-01,4.202577739516097366e-01,4.000895425398525718e-01,6.265416050049353869e-01,5.325933343822106814e-01,8.827930778467826256e-01,7.726436149019898503e-01,3.710704144215101197e-01,7.335765019396419673e-01,5.856437591618345317e-01,7.715537640843190825e-01,3.742440999963370096e-01,6.557779860102690428e-01,3.143645834968357700e-01,5.078245794347161501e-01,1.979545480094256904e-01,7.420773995943570622e-02,6.100725333514458448e-01,1.647624758211088114e-01,-1.651888530910612940e-01,3.957906486905482524e-01,2.448434896983891773e-01,7.127043844173043263e-01,5.242338201114828955e-01,7.421727640237508750e-01,7.429857924205738318e-01,8.624891311438305230e-01,5.948545777581676353e-01,9.491758827395246900e-01,9.471240935560292229e-01,6.430822296950808870e-01,7.799032036212145691e-01,5.158364218092492681e-01,4.569125140753986791e-01,7.547560564564400609e-01,8.074206075540347749e-01,3.038636787194182176e-01,5.883046835110912198e-01,7.562122163366989946e-01,5.105295544796597529e-01,7.723969666489504116e-01,2.791367723923559030e-01,9.907917021816861070e-01,9.026026872029180304e-01,8.132268608119955777e-01,4.073848276237774235e-01,6.338700263744383445e-01,6.463417574431832291e-01,6.935711574413837566e-01,6.046333440041152807e-01,6.228553229841561345e-01,4.770800115945404984e-01,9.295388721507064078e-01,6.813472132723785712e-01,7.279325744034224055e-01,9.498795921095728456e-01,9.019069246960559338e-01,8.780903624721839718e-01,3.670798307966481877e-01,4.087724066155158376e-01,9.055391937332024632e-01,9.607062432324000589e-01,3.019188895403878692e-01,3.418473720602800414e-01,3.135358939394967681e-01,5.069660691084709736e-02,6.473490289994279223e-01,6.619788732212111837e-01,2.622732282429418582e-01,5.677358303834506570e-01
9.031337210911304370e-01,8.410076155026298128e-01,8.027463748818474132e-01,6.531357218331841352e-01,2.369901572348161178e-01,8.690259422602094608e-01,7.077190052090817085e-01,4.965775141379463742e-01,4.856097385807078837e-01,5.408245345321525122e-01,8.781439023478689876e-01,0.000000000000000000e+00,3.154400204208072100e-01,9.377860466588029409e-01,8.463185196411202593e-01,7.725016327882084921e-01,7.647412147364824886e-01,8.346911966179511033e-01,3.704327538848780077e-01,6.932766353427229911e-01,9.645364500169808508e-01,5.649472854838907265e-01,7.256999266568062712e-01,9.882768312842643565e-01,5.751657516554370408e-01,8.996309671510803740e-01,6.249500673434577047e-01,6.153856718611079302e-01,5.422132124506404693e-01,4.016434997113177419e-01,6.776248139192505571e-01,6.551552265034821243e-01,3.319049829885566405e-01,7.078239196043648596e-01,2.098788482621853635e-01,5.951793153923129465e-01,1.521358439054621980e-01,5.730060864495227779e-01,8.651988892965186695e-01,9.378201365811392742e-01,3.825808025220368558e-01,7.667339635708223522e-01,2.230034711300850347e-01,2.494868418288108125e-01,8.284739283100714946e-01,5.142230677719319409e-01,9.631335143082628836e-01,9.750884074404935209e-01,4.681318898267715634e-01,4.401492450351830454e-01,6.870765312719468998e-01,8.505593353409252044e-01,7.111824390652622396e-01,9.678642160433690300e-01,9.155530585227317220e-01,7.084636543335820491e-01,4.785086178032325055e-01,7.707141841962075191e-01,9.873781065735471874e-01,4.203794511047712068e-01,6.271148388583682731e-01,7.499602055364555930e-01,4.713301154604367382e-01,7.938335174714676867e-01,9.948153923197127213e-01,7.312696352582287451e-01,7.686600620002854711e-01,8.524548769637578793e-01,7.270460437595257508e-01,9.110266935319076831e-01,4.940764527134584583e-01,9.340620275247375481e-01,2.000444750520710691e-01,5.955000106798397086e-01,9.407386430069097916e-01,6.548348867713332799e-01,8.112062693428716553e-01,4.436516045549158127e-01,6.781197874217113064e-01,5.600074853890668614e-01,5.443161647154387550e-01,8.998157778647143390e-01,9.278301841513602044e-01,8.703987670464125026e-01,5.706885918523927348e-01
8.198227198723848641e-01,3.489642465470095267e-01,9.001121195591580415e-01,6.566716602789264279e-01,4.893518009613439523e-01,3.681615542862309853e-01,5.140674837656423746e-01,6.519395558695901816e-01,8.414908129456850627e-01,3.028704749218625869e-01,6.052958494150295632e-01,3.154400204208072100e-01,0.000000000000000000e+00,6.460920863617267695e-01,7.902831015950069204e-01,4.919567195689020789e-01,4.875629609637534001e-01,8.409032228244890383e-01,7.540345103952883488e-01,6.875898753730161905e-01,8.409529160131690162e-01,9.462470151640479665e-01,9.742817061417126112e-01,9.481998452311855008e-01,5.615397623464114529e-01,6.558762367244702629e-01,7.160996170992345311e-01,7.682966632516436967e-01,6.505582428437830522e-01,1.656462334500953537e-01,4.782087701954984560e-01,6.088956658000328481e-01,5.186157577510622785e-01,6.505800112265354151e-01,7.440917384735634688e-01,2.828429881202534912e-01,4.919491173450662447e-01,8.541883944947967766e-01,8.983650993093814652e-01,9.070746521322926581e-01,4.791550363027475834e-01,6.361213251417616732e-01,6.969430612921337920e-01,8.748238973874531421e-01,8.716005224363706505e-01,8.351790314925097158e-01,8.510129804295445410e-01,5.952379803830825100e-01,9.251784854689927284e-01,9.791845513490824437e-01,5.570527517245410509e-01,8.105825848754447671e-01,8.901710928703813197e-01,8.222313384389035029e-01,7.804182302919906444e-01,5.975535177952007171e-01,9.536185690218235145e-01,8.442509379709961514e-01,7.974804540080913107e-01,2.453017392710616640e-01,2.589595541223660424e-01,8.178608133341420672e-01,9.739924547584090098e-01,9.565947906864582517e-01,9.037494115538878825e-01,8.282292802949177135e-01,8.925393327886970152e-01,7.637206020550866281e-01,7.489296193563690363e-01,6.611955627843666417e-01,8.791647368332842216e-01,9.157485718095523808e-01,4.501449630849255201e-01,4.207728807230906587e-02,2.559530077361316211e-04,6.101855865924488143e-01,4.739664396316212169e-01,8.603330504266656353e-01,7.726355215443936331e-01,1.925705405562184724e-01,6.754677147587895281e-01,5.978837993167407383e-01,4.900926391448185981e-01,6.185405963913994665e-01,9.231251802003485052e-01
9.105744432728626325e-01,8.668365974431124776e-01,9.285297268194574460e-01,6.052980962790545094e-01,9.498460147856173652e-01,4.451065302986336181e-01,6.630862216373378804e-01,4.381579119399655053e-01,7.172213101153015469e-01,5.926963972390089097e-01,6.703295512790194977e-01,9.377860466588029409e-01,6.460920863617267695e-01,0.000000000000000000e+00,4.732966884214939718e-01,4.657153032986012242e-01,7.031697498547639924e-01,4.998305620026360363e-01,6.412134807768062883e-01,9.262766546427592118e-01,6.875706673382995238e-01,9.782984081255886588e-01,9.691483063886094929e-01,9.353298060915261614e-01,7.580004997086129404e-01,6.473413541031740603e-01,8.951149179146774548e-01,5.600996983477748437e-01,6.192609998080562672e-01,5.791100966565112529e-01,3.102540521587122679e-01,4.167294365604350959e-01,7.512938598537647339e-01,8.528880521830113637e-02,8.123362283926682803e-01,2.194561101992192065e-01,3.638848773362010069e-01,5.145671752617864136e-01,9.471282473302364835e-01,6.333885227012995278e-01,9.825131924425873908e-01,7.429149121691731583e-01,8.029967876652305270e-01,6.564209808933257895e-01,9.271288552786710602e-01,8.073151036022455651e-01,4.282149683240538129e-01,5.759495994506785843e-01,7.314744871145163474e-01,8.188853029294780317e-01,6.536949898470924003e-01,4.453850835990060264e-01,6.737481263409049737e-01,6.263143894664624511e-01,8.109358041352365820e-01,8.171539159461552737e-01,3.350804390235174735e-01,6.079340486024640278e-01,7.550555827377881668e-01,3.020546294231973850e-02,7.054984369347249151e-01,4.864828208043635582e-01,8.553527370033320310e-01,8.852456553068279721e-01,7.762896182564713587e-01,5.146733568735254449e-01,6.929092978653020873e-01,4.070025627109793431e-01,9.183895892193318922e-01,9.206019863061305486e-01,2.604396916744606827e-01,4.558975068620884086e-01,2.606382120461214202e-01,4.997953770649333216e-01,7.145529030895959588e-01,5.540699831531513686e-01,7.301600893530882930e-01,6.388520741100089939e-01,6.563615160401473081e-02,2.211532707001931664e-01,2.390280371970101014e-01,8.724120039184393161e-01,8.197664098383408704e-02,9.147542740193571609e-01,6.138904158216917928e-01
6.102441140566372546e-01,4.503040082914076536e-01,9.882299063372677050e-01,2.149825682025744422e-01,6.151380733022273617e-01,6.648083355566367647e-01,-9.985549628936274402e-03,4.266277466860363687e-01,-9.966206880628947218e-02,6.234525724655248791e-01,5.418323473223740638e-01,8.463185196411202593e-01,7.902831015950069204e-01,4.732966884214939718e-01,0.000000000000000000e+00,9.197103281729386293e-01,9.145384565037758540e-01,6.756723709975509529e-01,2.727181553626281119e-01,7.026916532105788038e-01,4.237191813213255775e-01,7.881862764915148478e-01,7.816449905924685027e-01,6.451638078171899604e-01,6.731762115778708866e-01,2.735654280246401227e-01,6.943041964708126512e-01,6.118033898932653258e-01,6.488711040630910087e-01,3.718173699082651384e-01,7.830102987688027927e-01,7.294774676096340560e-01,6.325294045528547793e-01,7.306559543807635837e-01,9.033755611213792891e-01,6.788512762242514542e-01,4.390042367048672123e-01,4.065375849706252542e-01,7.697164179458999556e-01,5.358441675879269672e-01,3.479135609985545274e-01,9.843094351784161811e-01,8.153542849296409045e-01,4.842711126205317962e-01,7.384742282938157043e-01,6.244009152040967958e-01,6.481965866198713400e-01,6.321908738933900151e-01,9.931498790209798422e-01,6.842774781272534801e-01,7.876608691982978083e-01,-3.300728122602575865e-01,6.687414709764137877e-01,6.476864313996695266e-01,5.728971918081883219e-01,2.089331408207713292e-01,3.598109881498172125e-01,8.930576103011693689e-01,7.474612749866278438e-01,4.122082117810865198e-01,6.398318954774362410e-01,6.149540014820962242e-01,8.646573126705920931e-01,9.048993513785090759e-01,9.776179190346899750e-01,9.952706890422806651e-01,4.044717202394875200e-01,5.216772952125607876e-01,4.250359652150419443e-01,6.827428777522382974e-01,8.636541164482880450e-01,8.117054193558372877e-01,4.178741654358044122e-01,3.362145303156726106e-01,6.011489531815433773e-01,9.440959325976255867e-02,8.751261541486540230e-01,3.834759629405938286e-01,4.428260472426650551e-01,2.512066306082982314e-01,3.504945526568100655e-01,8.470859061110800337e-01,6.346523703570761121e-01,-3.265395769949065441e-01,7.571902950385678288e-01
3.235329400983651960e-01,8.767570984997608008e-02,9.996058486016207167e-01,8.968922713506692901e-01,4.206006901429604761e-01,7.652385504174881170e-01,7.165703732646343527e-01,9.073342589483860410e-01,6.463644433592254934e-01,8.481109713958797647e-01,6.567467808170801558e-01,7.725016327882084921e-01,4.919567195689020789e-01,4.657153032986012242e-01,9.197103281729386293e-01,0.000000000000000000e+00,6.710576884884640325e-01,9.545351950916137751e-01,7.899919283106561219e-01,8.973340093423063379e-01,6.895465361455099806e-01,6.504064211634411619e-01,2.459350210188687436e-01,7.851064357913509761e-01,3.145586340804878422e-01,8.653481439025407784e-01,1.975583893457894813e-01,4.793477936306310694e-01,4.774984074532269140e-01,2.278441118919653507e-01,5.115896982545351523e-01,2.910766955422042224e-01,3.908113252695997186e-01,3.570330567314707881e-01,4.388661124147361647e-01,6.122341682109233574e-01,2.082265376081045283e-01,5.704683499199534324e-01,4.610849429965688251e-01,6.948913557654147199e-01,5.136060123771325481e-01,7.247779588225115033e-01,9.256454663672363248e-01,3.954451186434768672e-01,3.099483483100750059e-01,9.426887867806585941e-01,3.302211621102699723e-01,7.213336353126298395e-01,6.495771723828214217e-01,7.062008158792226764e-01,9.717397204557151058e-01,7.627938249084247335e-01,2.914818986906981269e-01,2.154244684692770417e-01,2.267795581318952092e-01,9.754380032997593819e-01,8.781588756404579144e-01,4.418208000999279128e-01,6.781928234358545193e-01,4.300730012460384222e-01,2.928507648391212026e-01,8.051654145723076139e-01,9.429143906970864908e-01,9.705126642229205958e-01,4.214513585758872249e-01,7.329900631715973169e-01,4.451713488312513123e-01,8.910362438656322936e-01,7.342746033872664668e-01,5.719398461457063654e-01,8.162470176125642407e-01,6.550181720519552275e-01,7.323595682822328090e-01,4.216052643803104294e-01,2.296909196232821970e-01,6.782801933431716890e-01,4.733605053557921050e-01,4.071169347421890183e-01,2.953821866740377056e-01,7.855661661170848520e-02,3.966470724445744223e-01,9.254883212229082501e-01,7.336644422578327829e-01,2.131518188411188619e-01,7.403798395750412764e-01
8.823758800633620947e-01,7.918600366501843402e-01,4.339189289481958367e-01,8.388692141393444546e-01,4.219675746008079154e-01,6.942990087934096666e-01,9.320874965172152304e-01,7.631577973155072581e-01,6.089404226998563763e-01,6.375278234585768367e-01,4.202577739516097366e-01,7.647412147364824886e-01,4.875629609637534001e-01,7.031697498547639924e-01,9.145384565037758540e-01,6.710576884884640325e-01,0.000000000000000000e+00,8.259077136949358744e-01,8.374085615751911682e-01,6.739402356699201180e-01,8.972378049375715481e-01,9.354145921828275201e-01,2.550465538976431357e-01,5.649909882024594099e-01,7.994500160359675062e-03,8.287882443642353714e-01,4.837376446604841340e-01,9.050513315483826871e-01,7.241567857152434451e-01,3.951857488030120491e-01,4.142581573958753483e-01,9.188317843488842396e-01,7.102819262301850456e-01,7.512637938743697008e-01,7.988205654240807529e-01,4.729678834015600408e-01,4.326396236840753806e-01,8.075843895565930630e-01,6.502684822059325853e-01,7.437869927575069262e-01,7.663928003485559470e-01,7.276950745853463243e-01,9.047759346124748525e-01,9.888346584312297516e-01,8.148514206737862420e-01,5.523323583448436214e-01,8.338064246187835149e-01,8.961187797243472808e-01,4.034682347869474328e-01,8.874029827118483649e-01,7.191852989634794913e-01,8.843327052555203238e-01,7.748002980507746607e-01,9.636430680958865680e-02,9.406654804238449019e-01,7.819261268022765776e-01,4.961252321506541829e-01,6.904494049863357796e-01,8.838462029051329383e-01,5.713192635166361999e-01,7.877558642843200953e-01,8.943157278796082243e-01,2.884374222915013844e-02,6.788240745535781828e-01,6.182229938289469651e-01,6.827924799368331188e-01,1.328483621942579684e-01,8.306813843873694925e-01,6.972290139524457420e-01,5.550846845457592105e-01,3.292228479029458144e-01,9.522397721855290209e-01,3.340687991368833654e-01,6.822682736467819975e-01,8.533642220808691503e-01,8.540091126201388994e-01,8.577151242349209115e-01,8.752009545240647670e-01,4.324613250388623653e-01,7.674396933964385825e-01,8.377443481876027942e-01,7.101308228925600208e-01,6.573933766624975306e-01,6.130852581645191979e-01,8.752379638733176481e-01
9.488107368003491082e-01,7.645206772107950854e-01,7.764155595021525746e-01,8.062029735393321239e-01,6.800987213070291970e-01,6.049125172499122405e-01,6.543944627309179474e-01,8.661655407590349576e-01,5.380223662602044987e-01,7.712651350924228932e-01,4.000895425398525718e-01,8.346911966179511033e-01,8.409032228244890383e-01,4.998305620026360363e-01,6.756723709975509529e-01,9.545351950916137751e-01,8.259077136949358744e-01,0.000000000000000000e+00,9.166345867067132724e-01,8.493192097839350474e-01,7.782442811878997890e-01,7.327150092394799641e-01,6.851241388421940304e-01,6.408036807428134640e-01,3.498407195148297566e-01,7.933846981276000410e-01,9.740099554242430679e-01,9.479609011480908398e-01,4.179176018748232413e-01,7.376041153184154098e-01,5.053738261885137861e-01,7.490495222808071230e-01,3.116651672676894469e-01,7.463190680464081295e-01,2.683249154254572777e-01,4.960924360421516410e-01,5.331500907505409836e-01,7.228152446321706170e-01,7.396809658037025725e-01,8.512216889227796068e-01,5.671465179526963274e-01,8.641769686427811514e-01,9.614358255584605217e-01,8.279371116414737664e-01,2.517849718350785304e-01,8.815183720277857127e-01,7.640302136840726455e-01,2.764774069106687993e-01,7.660640008583738947e-01,5.304647713077556004e-01,7.051129275610976688e-01,6.432686742686430925e-01,4.195650842426791316e-01,6.184601104785049097e-01,8.238216221704247610e-01,9.801741221344114630e-01,3.717991269140603627e-01,9.467673283710147381e-01,7.784463698583619085e-01,6.174234721030662509e-01,5.867364900007094874e-01,-1.014273770896753635e-02,8.958625368617565421e-01,6.652619846505039014e-01,7.301056054691981156e-01,9.969140209937434882e-01,9.255490266878444450e-01,8.237168965899680506e-01,2.340698379254764205e-01,-2.487906856444721537e-02,8.499868499837950342e-01,9.563052459079337542e-01,9.681525489535918183e-01,7.608456762342860058e-01,3.136107443984101351e-01,6.220772139942519763e-01,9.280077386468682521e-01,7.233230667477145159e-01,2.131421198309614573e-01,4.149090795009141575e-01,7.551042833023760004e-01,8.497706583249332590e-01,2.258263091513655341e-01,2.127447098545769688e-01,5.575517719279211581e-01
