0.000000000000000000e+00,8.610895653607972822e-01,8.986239362300660893e-01,8.434531905261387630e-01,8.483234523699790808e-01,7.437598059418613072e-01,3.629826341873003681e-01,9.447460775479294970e-01,9.033517013820262509e-01,5.309995255303188166e-01,9.687300055805581067e-01,8.962326635532761321e-01,8.875002265146266778e-01,6.571797764879134807e-01,7.705174524529294633e-01,7.270260711482090521e-01,9.466372453565059519e-01,8.048876052718648699e-01,5.511850891823198983e-01,8.483996810864834481e-01,8.106312215084634509e-01,6.782523301193196241e-01,9.698683261616665163e-01,5.416477287048336864e-01,6.126930120008980962e-01,9.843555249050318645e-01,7.026910564789642377e-01,7.140165466988904752e-01,3.018578724525650125e-01,7.132272801994329336e-01,4.390098051476616914e-01,9.423392504130040370e-01,8.071852756765414139e-01,2.076636058982982980e-01,8.680275279125677645e-01,4.397474680384008683e-01,4.700573686692927078e-01,7.935574583164966000e-01,9.268519557372500994e-01,7.143524095102987692e-01,5.457913561683621628e-01,8.141715928421212611e-01,6.042166843793248532e-01,4.100438776548982478e-01,9.485452543706177631e-01,8.137761029216881159e-01,8.017270633599751228e-01,8.996137176406371339e-01,7.084464000721899524e-01,8.061712817720608770e-01,9.188987466946353377e-01,9.971376100585204183e-01,4.526419395903160114e-01,2.094267916430389842e-01,6.565204998906883915e-01,9.591351128710626783e-01,6.736169837722100207e-01,3.432526821026772312e-01,6.739658265194702347e-01,3.245305013626956780e-01,3.131379695633916826e-01,6.819349683710718146e-01,8.864285088058592166e-01,8.059926426379309117e-01,6.231034886180780719e-01,9.366765218961152772e-01,4.455289997250500011e-01,7.899531390384678664e-01,8.622643119457727989e-01,7.151915144476509445e-01,7.488338057201969766e-01,4.129804075794774043e-01,7.839336286799329923e-01,2.906097950372166228e-01,9.974326212913542378e-01,9.931389168750150986e-01,1.050296811189649210e-01,7.163450577000312069e-01,6.915609530009320105e-01,2.978468656477585297e-01,7.061019320878240135e-01,9.029303559163340820e-01,5.889700768277132958e-01,3.135300414062612839e-01,7.187328537291178820e-01
8.610895653607972822e-01,0.000000000000000000e+00,4.562887532180677219e-01,9.630463850383371716e-01,8.485908527535878099e-01,3.967113496579915966e-01,7.821877776505248292e-01,8.115996033827189704e-01,9.301025237613492758e-01,9.146164941511548685e-01,6.646774796047303369e-01,9.801313118551612247e-01,7.408719799008420814e-01,8.719761882718477519e-01,9.177896729869385872e-01,6.848091510972487139e-01,7.942472982947729188e-01,6.754002274723065469e-01,7.179708684691742393e-01,4.730390284108010324e-01,-1.570112920479552199e-01,1.654022334063596361e-02,8.834829188935178212e-01,8.324407873656531898e-01,6.637168344530232078e-01,8.340455774133047617e-01,6.329833976531797912e-01,6.523268346159580844e-01,3.300729947224805838e-01,5.800920647894399762e-01,7.320671324240269895e-01,6.494288500893800054e-01,9.664212100484458334e-01,6.920671424504525326e-01,8.588128246458436310e-01,-1.907404570364168717e-01,6.091841369770734094e-02,7.357934503097803836e-01,7.690038268084264939e-01,9.523112296090756601e-01,9.352182559154215147e-01,7.509578177217992589e-01,8.388738903848024231e-01,9.332954731283514827e-01,8.329207749853474452e-01,6.439566463206365388e-01,6.890191631770455905e-01,8.886179376882186176e-01,4.108412332375955822e-01,3.323226543203118277e-01,5.684544905044461860e-01,9.797213217688464093e-01,9.043523100575252549e-01,7.547541639334868213e-01,9.473271937151754862e-01,6.033624411670831522e-01,6.609224591662182791e-01,8.374041951545669882e-01,7.498489225937076119e-01,2.331626116349989064e-01,5.720449141811999594e-01,6.411278147235440761e-01,9.515383191496992188e-01,6.964099775608203480e-01,8.289670710400893761e-01,7.481783727046420474e-01,2.757992228733308071e-01,4.515363186760838476e-01,2.881855426063973380e-01,9.803027209269054021e-01,4.644425837127359458e-01,2.000167014918438901e-01,-2.012627074607326316e-01,4.316381293489536253e-01,3.878306334074715367e-01,3.322607816360407806e-01,8.585637736101887629e-01,5.342847788105933304e-01,4.182475811657715981e-01,2.262819048245712783e-01,5.359230879523620983e-01,4.190049029902210287e-01,7.037611680244878487e-01,3.482736856151960048e-01,6.385271112964955309e-01
8.986239362300660893e-01,4.562887532180677219e-01,0.000000000000000000e+00,9.149979491172850476e-01,8.316951820838138776e-01,9.253208552694499600e-01,9.489642286343479283e-01,6.013838554861006269e-01,8.010537161962769659e-01,8.263141542592421507e-01,8.191200465254365737e-01,7.667147780614645969e-01,6.470715687107875258e-01,9.906968873225578953e-01,9.706423062364021304e-01,8.465360143138715987e-01,5.797035955541650631e-01,7.955353470794754855e-01,9.502919809937956375e-01,7.525466810403096396e-01,6.618259749859867203e-01,9.829179726684458274e-01,6.990122640554197186e-01,8.978019108901535983e-01,8.900320701813919655e-01,6.071541473641514086e-01,8.667479557797079792e-01,7.963034507421431485e-01,2.364874796721926908e-01,7.113030055418323450e-01,6.109198558509224553e-01,8.868883612425509932e-01,8.780833899333450043e-01,7.866150593204548347e-01,8.230695780910282089e-01,5.877093167320114331e-01,2.383909218949941677e-01,5.830634128371773306e-01,9.043950605429962319e-01,9.294373687079292568e-01,4.701257572360994508e-01,4.780318020819814273e-01,5.563614374031170540e-01,5.787564714853764558e-01,7.714557701765138997e-01,9.341588093100482437e-01,6.588919065400505870e-01,6.241855466558281496e-01,7.162742642631830803e-01,8.875247073775837103e-01,5.110980721170879093e-01,6.406059047491866609e-01,5.659849897714882561e-01,9.103494719829506865e-01,9.993917721852731972e-01,6.828648961939738360e-01,9.093695755131987468e-01,4.838531973830854094e-01,3.073154172368797437e-03,1.809064407777297712e-01,3.361614879190863991e-01,7.328543467751718055e-01,9.573687715820220490e-01,4.579939484911758618e-01,6.427363492361304331e-01,8.189935661619299756e-01,8.236219466886774976e-01,5.431246372930674804e-01,9.502266444427802661e-01,9.001287933172988920e-01,6.149025745829904688e-01,4.094176171348958282e-01,6.266294734421908874e-01,7.232033467261718140e-01,7.178386792048569998e-01,6.333376070601277608e-01,9.915766374307051212e-01,5.672375668070852583e-01,7.330503230792410063e-01,4.404656198052544491e-01,8.840279499515517614e-01,9.030167440497461895e-01,9.983238948996214779e-01,4.648366577637190189e-01,9.156274543017062229e-01
8.434531905261387630e-01,9.630463850383371716e-01,9.149979491172850476e-01,0.000000000000000000e+00,6.834175409863938455e-01,9.046157872962853341e-01,2.575621654823743722e-01,4.576582451862141743e-01,5.698870963409755630e-01,9.598577906898246859e-01,4.045990990899983597e-02,8.650950681530754638e-01,4.479351393602560294e-01,7.468592634158353061e-01,8.778767862880305639e-01,6.514456968050394980e-01,9.474780612108444355e-01,7.436878906083009833e-01,9.748386498904958453e-01,3.931666545931948864e-01,6.511891456382661314e-01,8.440783386461946369e-01,9.740615885334179547e-01,9.717034957729052680e-01,4.637984691225301992e-01,6.470619138379376523e-01,7.968276709687101000e-01,8.825215233519340119e-01,2.877509507612684425e-01,2.363919704955609602e-01,5.340179484904582496e-01,6.085798902712524772e-01,9.554859380658163870e-01,8.593815662869179750e-01,7.497931333957054134e-01,4.440319663330034028e-01,3.091945722259200058e-01,6.609040364261083988e-01,9.181261978451710215e-01,9.235740981383233628e-01,7.782483519654244120e-01,9.595162031932793489e-01,7.315032656320826776e-01,9.194671985040310247e-01,7.556874646702511633e-01,7.071391107301145951e-01,7.758096567740718763e-01,3.563000100430360195e-01,4.884755510185741501e-01,7.209015735685669890e-01,8.153034868976543059e-01,6.440311579900334094e-01,8.885856212510662155e-01,6.070756861811917870e-01,8.991501184057095752e-01,9.227132779602595924e-01,7.361025157196645630e-01,5.704080215428927181e-01,9.095105390040213456e-01,4.250332791069524330e-01,3.939795768577602497e-01,8.559538391665344470e-01,9.875731960497382556e-01,9.520791560261550046e-01,9.661209049920560510e-01,7.159096581557357064e-01,7.346890683628104490e-01,8.811805374278358638e-01,7.582269101396258426e-01,8.559953006981220192e-01,8.442551522796717389e-01,9.548259681487992756e-01,3.562609412458268010e-01,6.333486955425489395e-02,6.542472329648609808e-01,9.328078197055372778e-01,1.837265290689858027e-02,4.687376617207841267e-01,2.671151384137659957e-01,2.470417649161888440e-01,4.938575090473449891e-01,7.806991836371133253e-01,5.655531814549267233e-01,1.269885884880034288e-01,8.792254731984607830e-01
8.483234523699790808e-01,8.485908527535878099e-01,8.316951820838138776e-01,6.834175409863938455e-01,0.000000000000000000e+00,5.553951412385374486e-02,2.455073622055325977e-01,6.474942047585762195e-01,5.977065592513797210e-02,5.295033802673805301e-01,8.426824978458133941e-01,5.790225793963530432e-01,8.717056169911727714e-01,8.668664570267760050e-01,5.931006099602398329e-01,3.801197115701455687e-01,4.626268815997789524e-02,6.238077642535989620e-01,7.683623026538359824e-01,8.589647750793490966e-01,4.478256236540160695e-01,6.968285000638377857e-01,8.194804465958415163e-01,4.394705080702230315e-01,4.262130503518834490e-01,5.042312268090446414e-01,6.290232867951220941e-01,3.147250811675554871e-01,2.825089955553469201e-01,7.121575848751662274e-01,7.893479520955951623e-01,7.730348589613921240e-01,7.705677471147367452e-01,9.688358721049569189e-01,8.427228297006941204e-01,1.752319605010428660e-01,3.412934931742049871e-01,1.780110335435229896e-01,7.078597469375522699e-01,6.502706512003946226e-01,5.945744023186779748e-01,8.337969702368357439e-01,9.123086751800425498e-01,6.080453675681969372e-01,9.134009158443477938e-01,6.517948415678674612e-02,7.316995875554244133e-01,7.716243662166482054e-01,7.041886234663646826e-01,4.447784113411482054e-01,4.040475529851557113e-01,6.460318481739599772e-01,9.948692321873866540e-01,7.125885399908002960e-01,8.609186359560256907e-01,5.953047712170060901e-01,4.341505774376935300e-01,6.289647388416623741e-01,8.880129478182470226e-01,3.458828495888691679e-01,6.528707298007946358e-01,8.324555621847539166e-01,6.850318888761779412e-01,5.244605378676832075e-01,4.262050184980409329e-01,8.055152653241232086e-01,9.201572157418130837e-01,9.284692024505811769e-01,5.637814752684292552e-01,9.176176911407033510e-01,9.346210191501952425e-01,2.626149677212776257e-01,9.314509486428623405e-03,3.104060343748216155e-01,4.381837701335352109e-01,8.036456620780251248e-01,6.996098532901623424e-01,7.971575891437773231e-01,7.184291178150670198e-01,3.242999629064200612e-02,8.294004022228126383e-01,6.360987021809654252e-01,7.590892698061263433e-01,2.747927463251648161e-01,6.819516848185455116e-01
7.437598059418613072e-01,3.967113496579915966e-01,9.253208552694499600e-01,9.046157872962853341e-01,5.553951412385374486e-02,0.000000000000000000e+00,4.287033698480225419e-01,6.031170906991658587e-01,8.823674851234138972e-01,9.696015958909948163e-01,8.308237282802312107e-01,4.910409961667102086e-01,8.940930302859479983e-01,9.992698888682728375e-01,6.480320891529296468e-01,5.229209084695156662e-01,7.810005356999307757e-01,6.127707608406446349e-01,2.317321717383586388e-01,2.549986523403717786e-01,9.221793683630263860e-01,4.127003205555627163e-01,9.315644740257826850e-01,9.068606356680971592e-01,9.821806606868738188e-01,9.503717081701389402e-01,9.358595318636623306e-01,-4.348023680118068279e-02,-5.551094517819779584e-02,4.025568223251597133e-01,5.699184890193734754e-01,6.332538754072036813e-01,9.613876563788367191e-01,7.060921430467621551e-01,6.033804588864479790e-01,6.673236889716525067e-01,3.054865446205636825e-01,6.624598114945242644e-01,7.819077547254371652e-01,9.614136525590446514e-01,3.730282178874869126e-01,9.621758904276414004e-01,5.129374909406416716e-01,7.723549869341187479e-01,9.424848396198119982e-01,6.524391491518880537e-01,7.974450401149519863e-01,4.906091870405281385e-01,7.370279682207726557e-01,5.472869686864919592e-01,6.032366493800628282e-01,8.677347939567207069e-01,4.864082158135589751e-01,6.647811521660991207e-01,8.931282997251109856e-01,5.290095675284738341e-01,6.033331764167245703e-01,9.780681911555073604e-01,7.533135905948035171e-01,7.514712534041626535e-01,6.715044286725642131e-01,6.102952680759895498e-01,6.453037719846020925e-01,7.112540192737838440e-01,8.344017770959363256e-01,6.403161867416164998e-01,4.368267856928824133e-01,7.249118174594655351e-01,5.622276505572216809e-01,6.944464082763357471e-01,8.326685504053679132e-01,4.902742582844892283e-01,5.006752010425632449e-01,6.086518310662352160e-01,9.312585486291957704e-01,6.012016972824946182e-01,4.084178902099127040e-01,6.076646106666384606e-01,5.571734221615609606e-01,7.381857930852808725e-02,6.772920189276337988e-01,8.573078009181519521e-01,6.770495169406007818e-01,5.708107467193743734e-01,7.914155893994851976e-01
3.629826341873003681e-01,7.821877776505248292e-01,9.489642286343479283e-01,2.575621654823743722e-01,2.455073622055325977e-01,4.287033698480225419e-01,0.000000000000000000e+00,6.853270290667659026e-01,7.016256509000998731e-01,5.195548165994562373e-01,6.058456269695849938e-01,7.210833896554593725e-01,2.250785339132080898e-01,7.937226039714952996e-01,5.616056207956338087e-01,3.475523629113733692e-01,7.496671054227523889e-01,7.639780657393538954e-01,6.776871181312256187e-01,6.900374624437426441e-01,2.319883948887647429e-01,8.503777064283510878e-01,2.798159873407812248e-01,9.497961061419561979e-01,7.791728979727696736e-01,2.651706975740118488e-01,-1.125453607077989415e-01,2.423860358523430292e-01,4.383266787818088095e-01,3.894538727805143541e-01,2.427136932569431416e-01,3.255911044618657879e-01,6.487858581919255796e-01,6.902551866618790166e-01,9.342359673317718327e-01,8.276759864408036460e-01,3.494347705677479654e-01,4.399235814271821865e-01,9.005693192246959633e-01,3.058669786794738776e-01,7.134733038501311908e-01,7.806208989092680017e-01,3.332094394390882064e-01,5.712151171909756187e-01,9.831092398182925685e-01,4.517575949831066917e-01,2.073238806091390607e-01,6.412140338257529271e-01,6.315443902859634306e-01,6.400195881070174231e-01,6.414113528136975440e-01,5.300763045548484431e-01,9.530909775149305485e-01,4.140379979164778845e-01,8.146510711940678773e-01,9.144542915216826717e-01,9.670816737058416379e-01,4.552868994212780351e-01,8.304140034539625459e-01,6.679598342555925772e-01,5.948784169162721902e-01,8.725971817497932825e-01,6.393850243735833550e-01,6.822286750708812519e-01,9.349151827317507824e-01,7.005559430910250907e-01,8.637976384377579198e-01,7.810332217383542108e-01,4.544892553800487511e-01,4.081742090522040844e-01,7.446180153845982641e-01,6.130860253184094999e-01,3.586130852878779418e-01,3.677540033426383026e-01,3.596324114965020469e-01,6.265231373176425311e-01,6.094427523068234320e-01,5.496795817742028412e-01,6.380887288243211053e-01,2.776497012467241676e-01,5.760232010028990546e-01,7.756906403614204359e-01,3.316461294484898126e-01,3.414732487898216595e-01,4.927425291818854358e-01
9.447460775479294970e-01,8.115996033827189704e-01,6.013838554861006269e-01,4.576582451862141743e-01,6.474942047585762195e-01,6.031170906991658587e-01,6.853270290667659026e-01,0.000000000000000000e+00,7.849556977545977254e-01,7.008790057203644341e-01,7.153847596498743577e-01,6.562917849861724662e-01,6.711885651096275440e-01,6.174414845202617075e-01,4.916543000723716528e-01,6.403245125998805465e-01,6.263645493445808565e-01,9.316253397522306079e-01,6.920515078570069756e-01,9.055906245108752417e-01,8.468318141292103807e-01,7.995904735185794809e-01,6.362950731077303690e-01,9.848360336531400971e-01,5.810981222826994141e-01,4.837066079266167939e-01,7.063328012701876046e-01,5.175887256947694359e-01,7.339517169917474382e-01,3.101933577155005506e-01,7.072528637238965077e-01,2.869660243914229358e-01,7.042052116619348379e-01,2.118427982243729912e-01,5.729898818332719301e-01,5.141528964325768891e-01,3.633597976554779896e-01,6.654770960033538074e-01,8.815264939926654719e-01,4.865029085551834664e-01,2.939033288832840762e-01,7.666479964164024663e-01,6.386552011067599954e-01,7.612015609957635265e-01,8.585725023623261842e-01,6.543702887643267907e-01,7.081136093217119676e-01,7.245856243776065408e-01,6.568307390301759696e-01,4.127256184807353567e-01,3.825178830833561583e-01,5.271287913713514905e-01,7.343588410594539262e-01,9.405955202070057641e-01,6.000800210256079792e-01,6.947586230092873683e-01,5.762118032631691200e-01,9.500760798261151940e-01,8.721684290727941269e-01,7.510862198367208586e-01,6.319269953766607495e-01,3.056485919817826802e-01,4.449394143381809053e-01,6.737715075447364699e-01,6.511942705723301472e-01,4.582812895122172492e-01,2.483216409723217055e-01,5.139281455797546361e-01,8.129881847449910159e-01,5.359398259430238065e-01,8.438313832670996106e-01,2.676120981493910339e-02,2.681673308169829073e-01,5.232717127974818583e-01,8.795282169616406298e-01,6.716278646418443188e-01,4.811463117448941396e-01,5.135034459413886365e-01,5.329971483820291622e-01,6.523111485883933414e-01,7.425317165499240035e-01,8.196344068883735234e-01,4.690375358088434976e-01,4.895874077756213194e-01,4.516795863238168285e-01
9.033517013820262509e-01,9.301025237613492758e-01,8.010537161962769659e-01,5.698870963409755630e-01,5.977065592513797210e-02,8.823674851234138972e-01,7.016256509000998731e-01,7.849556977545977254e-01,0.000000000000000000e+00,7.549101527692660962e-01,8.749295505769618675e-01,5.426711546978338907e-01,6.032186744074169438e-01,8.690200801363066052e-01,9.076047233889293908e-01,7.355013512943797682e-01,4.476524986014020491e-01,1.561072970474392252e-01,3.152339595458421573e-01,9.866777222005737036e-01,7.223419020039191230e-01,5.724421621588634546e-01,4.119556251979605843e-01,8.279004804185061683e-01,4.922918172978749118e-01,7.619521068423752430e-01,9.572866209613069000e-01,4.946272066550525537e-01,7.794679429102794321e-01,3.843271929550516885e-01,6.544761035758900336e-01,5.651155530350330247e-01,9.625911724594786723e-01,8.935601080910474669e-01,8.762424266305713916e-01,2.577646935803999950e-01,1.327533276806348306e-01,9.212812045695923935e-01,3.735299462289671801e-01,9.743077834445179608e-01,8.388470490834251114e-01,7.707758254821842625e-01,7.798880349451970950e-01,7.484182819486882021e-01,4.583357345194994381e-01,8.206507622077753306e-01,9.722617686488299604e-01,7.742967854591635835e-01,1.605532028657230270e-01,4.687134827018637484e-01,-2.515901935651540522e-02,6.670302260483568224e-01,4.856379289770741403e-01,5.380801604677349914e-01,4.623497400236792343e-01,8.676331207254113220e-01,7.280461872068212381e-01,8.179527187155511969e-01,9.010594572527718116e-01,4.388005819952808251e-01,3.447662434934098408e-01,5.330922730308794710e-01,4.293740493828939186e-01,6.726117325384662893e-01,3.301834114376566154e-01,6.632942693143278889e-01,4.916155146990579539e-01,8.676825849881470987e-01,5.007665500599546293e-01,6.825677648788636143e-01,9.768655811106786713e-01,7.721926979010701464e-01,-5.268895227455158703e-02,9.201801331867205391e-01,2.659102831017302604e-01,5.392027454328821578e-01,7.040557792129313874e-01,2.829981565318156478e-01,2.910047088079895095e-01,6.943990609495361011e-02,4.250118610682218634e-01,9.300654460954075331e-01,8.455237165879879724e-01,7.976856852552088872e-01,9.665451573521419704e-01
5.309995255303188166e-01,9.146164941511548685e-01,8.263141542592421507e-01,9.598577906898246859e-01,5.295033802673805301e-01,9.696015958909948163e-01,5.195548165994562373e-01,7.008790057203644341e-01,7.549101527692660962e-01,0.000000000000000000e+00,4.878573276613793475e-01,4.877172868764865776e-01,6.332368763499571784e-01,9.727448350175863512e-01,6.510505781501401135e-01,9.392618495839255566e-01,8.385105738022864408e-01,5.226885624299040245e-01,7.819707773874555734e-01,9.903767888583077106e-01,6.527748230929808493e-01,7.775008532203677714e-01,7.099732833789681452e-01,9.226609632868947308e-01,2.220478245129571260e-01,9.268791127450024536e-01,9.031389086722610982e-01,9.107876863919859289e-01,3.079973680935367275e-01,7.651983025113464620e-01,4.785749832994492525e-01,9.475069138001742663e-01,8.324464651301112239e-01,8.801085881933674582e-01,8.445387765702948579e-01,4.151270136273348399e-01,7.093940033296312064e-01,5.834350444806972735e-01,4.928462443333099796e-01,4.103917371283077875e-01,5.012541889964265973e-01,7.371843304846695810e-01,9.825516316512088455e-01,8.060089362947820968e-01,7.042424665131303829e-01,7.914206762375146642e-01,7.528152397805614182e-01,6.682053408237970116e-01,2.758710603413160323e-01,9.417353020383354423e-01,7.334883921332335799e-01,7.686326349358324483e-01,7.591160550987140487e-01,5.766787140134693734e-01,8.580775457205037648e-01,5.017918124090351428e-01,5.875331744008733814e-01,9.070408029985647103e-01,3.273527964468261886e-01,5.122397024305974655e-01,4.837298942939180502e-01,5.983388034945218426e-01,5.203507240010514234e-01,6.059547160739122695e-01,3.055582737159978635e-01,8.468593644985478175e-01,4.761650544971399723e-01,8.730439549630311102e-01,6.211857565752597621e-01,9.084024043426356387e-01,6.362389042496715552e-01,4.485165744514671982e-01,6.501055188628597215e-01,9.212093361111969303e-01,4.032244311005960258e-01,6.175493557097951891e-01,6.547128824630477073e-01,9.040147869228207789e-01,7.868593776401033857e-03,5.508642963123020486e-01,7.353670178085018883e-01,6.136822937711763348e-01,9.240857523348063873e-01,9.164173588663847292e-02,7.619605336094928960e-01
9.687300055805581067e-01,6.646774796047303369e-01,8.191200465254365737e-01,4.045990990899983597e-02,8.426824978458133941e-01,8.308237282802312107e-01,6.058456269695849938e-01,7.153847596498743577e-01,8.749295505769618675e-01,4.878573276613793475e-01,0.000000000000000000e+00,4.985839936939182038e-01,6.135873280861194878e-01,6.804919243118984218e-01,8.242004149689802217e-01,7.849633188578443166e-01,5.037076945256130367e-01,9.661279146087567993e-01,3.108413029534463634e-01,2.405962421126904560e-01,6.067863207398016545e-01,7.698727764073283186e-01,9.017807033178737441e-01,4.805575321067621641e-01,7.483308431536227490e-01,6.244504593525511682e-01,9.065509458013812916e-01,7.910112752655154011e-01,-5.750473004559941703e-02,4.497185890661924423e-01,2.689097117591815467e-01,8.791592702750672395e-01,6.701505639226165156e-01,9.932720626944180342e-01,6.636360799346378014e-01,6.967224615152344258e-01,5.679831300714197617e-01,2.409969435832525209e-01,8.069499924792301604e-01,9.941934008204201811e-01,5.469165131435586025e-01,6.532686143857490135e-01,7.438990886141511050e-01,6.030016355062092215e-01,7.483781334347400227e-01,9.963277145313688132e-01,7.946947470948932946e-01,7.145100572060592015e-01,4.628987460556375222e-01,7.091761123433503178e-01,9.726558498681174836e-01,4.300142503767582225e-01,6.916343831299734957e-01,7.337006050899202991e-01,8.347728703590404642e-01,8.076049224760022405e-01,2.191432936706321499e-01,7.809230618175251326e-01,9.389894499605733191e-01,4.160406536809923561e-01,7.328431562851248637e-01,6.668932795647620759e-01,5.585706502017898645e-01,8.079385647420833649e-01,9.297952092666973423e-01,4.578194885422354754e-01,3.812924850685744382e-01,9.526122114118669160e-01,3.141480625889450096e-01,5.927475642998110139e-01,6.298669754191036363e-01,7.299535405853406766e-01,4.766752958882303770e-01,4.491736157908249871e-01,4.667907494507369526e-01,8.132554161229970102e-01,7.801016519269630134e-01,2.613626830035286064e-01,5.066820444202064788e-01,5.474958154778302166e-01,6.199325251242568946e-01,4.037900486350284313e-01,7.924563410720003587e-01,1.500142895476340443e-01,5.298092175880134702e-01
8.962326635532761321e-01,9.801313118551612247e-01,7.667147780614645969e-01,8.650950681530754638e-01,5.790225793963530432e-01,4.910409961667102086e-01,7.210833896554593725e-01,6.562917849861724662e-01,5.426711546978338907e-01,4.877172868764865776e-01,4.985839936939182038e-01,0.000000000000000000e+00,8.730500767938560447e-01,7.846022146254668650e-01,6.533060600900382209e-01,9.825884305754992720e-01,6.794421704732642731e-01,7.373357525465218387e-01,8.894507019981877649e-01,8.042442673689841337e-01,8.317977676522795294e-01,4.158684885419932087e-01,6.030026324160688844e-01,7.341982996641961412e-01,5.508749953465192917e-01,8.712773318060385019e-01,9.483114411656918818e-01,6.913247056223459364e-01,6.861403285714362532e-01,2.149705918342037225e-01,2.806474782912696253e-01,7.880217966363640691e-01,7.112347798274972765e-01,4.645725358703695074e-01,5.095699079722242342e-01,1.784833586424579011e-01,5.078559364060631909e-01,7.628202982526773868e-01,6.562190902801433579e-01,7.436205594465022939e-01,4.116038376027180146e-01,7.418963173984092219e-01,8.669648007095379638e-01,8.710672608513773119e-01,5.234743891340651878e-01,7.685592886633481058e-01,4.057930667847930994e-01,6.332281647476714070e-01,6.825298745102233999e-01,8.661823124159897525e-01,5.416221430408714177e-01,2.560535257364267014e-01,8.208526740471659977e-01,7.180175441833180905e-01,8.495179696719823426e-01,9.486234962317944275e-01,9.688769820368327013e-01,7.080330197737080278e-01,6.942693011003251424e-01,5.353047827874436448e-01,6.224443936131628385e-01,8.085023581622191591e-01,7.580612513566817867e-01,9.465836774988002356e-01,6.620913088043378636e-01,7.953738253630407984e-01,5.840498548343988627e-01,9.597560850154339684e-01,4.989158052542422839e-01,7.385471336481708171e-01,9.698922032914183422e-01,3.394958734118657118e-01,5.187024193667655325e-01,7.424531249853488779e-01,7.924537211069397902e-01,4.597267002932420299e-01,9.177093709941146482e-01,6.139486713582832378e-01,2.258395703603567339e-01,4.064252350211629006e-01,5.720199185134816622e-01,6.901151183989674420e-01,8.214393249055054191e-01,3.220552680081048558e-01,6.279910177687068051e-01
8.875002265146266778e-01,7.408719799008420814e-01,6.470715687107875258e-01,4.479351393602560294e-01,8.717056169911727714e-01,8.940930302859479983e-01,2.250785339132080898e-01,6.711885651096275440e-01,6.032186744074169438e-01,6.332368763499571784e-01,6.135873280861194878e-01,8.730500767938560447e-01,0.000000000000000000e+00,5.730242866224206644e-01,9.214034571405540497e-01,6.013621671635003274e-01,8.688872341144360245e-01,6.317473680302574390e-01,6.678385936135359247e-01,9.953291689558741995e-01,8.129876031768660249e-01,7.790393883490529525e-01,7.653687206033743529e-01,8.638231661824438135e-01,6.599719626880102830e-01,7.961613078511041719e-01,9.505147713360354578e-01,8.018460287174659085e-01,9.099273643084109242e-01,3.572960787151778783e-01,7.427474337473227717e-01,7.267314530064648004e-01,6.933961988353649630e-01,8.770532334578913236e-01,8.631915725846078802e-01,5.106219889689370683e-01,6.927280902776137284e-01,9.964065706253834032e-01,6.416963294061321932e-01,7.679903985233509367e-01,7.513191106657537421e-01,4.499813056545498013e-01,9.342834269560675864e-01,6.532370112281793428e-01,9.762844661149112646e-01,3.681550979837623361e-01,6.222278568382861863e-01,9.972675170405516099e-01,7.063748295612005679e-01,8.768584665276935031e-01,7.565945751426597088e-01,-1.585333542300186860e-01,6.324422995768210765e-01,7.961807189751126668e-01,9.391450708481621223e-01,7.903714579721279332e-01,8.818383918792722653e-01,6.452919584291513244e-01,5.733810619264158026e-01,6.870866068023405715e-01,4.926020099548944486e-01,9.198819432653436712e-01,7.812518197263708108e-01,9.507546668277258028e-01,6.232568593784731936e-01,9.958103712586729994e-01,9.619549816620730498e-01,6.405731388345852206e-01,5.339458963290349969e-01,7.118123910204897653e-01,-6.735318864055453436e-02,8.968194750958559114e-01,2.420131982198354126e-01,7.944712683972431355e-01,5.554680165855022667e-01,7.061425732580856041e-01,7.669434358452006384e-01,7.391756867827929955e-01,5.516699032268688185e-01,5.247390304324280885e-01,6.312207909537683737e-01,9.545249774217235972e-01,6.680023897756607321e-01,6.083031270763286091e-01,9.774982753158041326e-01
6.571797764879134807e-01,8.719761882718477519e-01,9.906968873225578953e-01,7.468592634158353061e-01,8.668664570267760050e-01,9.992698888682728375e-01,7.937226039714952996e-01,6.174414845202617075e-01,8.690200801363066052e-01,9.727448350175863512e-01,6.804919243118984218e-01,7.846022146254668650e-01,5.730242866224206644e-01,0.000000000000000000e+00,8.333957004773078214e-01,5.565254008759622506e-01,8.419364535734665811e-01,4.266345994871234559e-01,5.280809392417684656e-01,8.176006526761689930e-01,7.338521092793593992e-01,7.909451983587609813e-01,8.601074304071860688e-01,9.751842139312096869e-01,6.398504245532949941e-01,3.866855100460354633e-01,7.620398508587937769e-01,9.345664848690355964e-01,7.152888475388249345e-01,4.685942889301057956e-01,2.393038966567142267e-01,6.368537247794299194e-01,1.847330021481682072e-01,2.836632142217243024e-01,4.005960192296269540e-01,7.990928766341196532e-01,7.003277964884078166e-01,5.583253282194582390e-01,8.276135099485184554e-01,5.074937530898747662e-01,4.945513663832482587e-01,4.840407284945459909e-01,8.969930278968499815e-01,8.110663051574173998e-01,8.868476505900793061e-01,6.158571133320984714e-01,9.764874102062699457e-01,6.861369258461197385e-01,6.433596255909752593e-01,8.229966459475297480e-01,5.588465937632873803e-01,9.283900001654519230e-01,3.977376186373396960e-01,5.412320023318301088e-01,7.634984107152317234e-01,7.190703039545882636e-01,4.684990739497496559e-01,4.715998655366741010e-01,6.302369611530436178e-01,6.425770975398137352e-01,2.985864737139274361e-01,7.597455578242588992e-01,8.913647993187538976e-01,4.850614115022537920e-01,7.254829841741752272e-01,8.106776894657770072e-01,5.925161257849800300e-01,4.739695673884298244e-01,5.225056157000866897e-01,2.935071607512027003e-01,5.035062307696511752e-01,8.189800084440105321e-01,3.150956956492637628e-01,6.236503982259018475e-01,6.394728263106845834e-01,1.428863315069874851e-01,7.970164129867455260e-01,5.231819066088584380e-01,7.764895776140905426e-01,1.795376558838538417e-01,5.847662154363407749e-01,8.829641596816371063e-01,7.348524955346488197e-01,2.020855947053326607e-01,5.148577763161875653e-01
7.705174524529294633e-01,9.177896729869385872e-01,9.706423062364021304e-01,8.778767862880305639e-01,5.931006099602398329e-01,6.480320891529296468e-01,5.616056207956338087e-01,4.916543000723716528e-01,9.076047233889293908e-01,6.510505781501401135e-01,8.242004149689802217e-01,6.533060600900382209e-01,9.214034571405540497e-01,8.333957004773078214e-01,0.000000000000000000e+00,6.580428188782867505e-01,8.875022119169927448e-01,9.857910255508953723e-01,6.522701526354343082e-01,8.184296383727879265e-01,9.847661438386724475e-01,9.360945929427910706e-01,8.287695322792626440e-01,9.099679452023354820e-01,2.812028413381484904e-01,5.772696746627065112e-01,6.418594427938837388e-01,9.703715590079962094e-01,4.292535967710436884e-01,4.254522512481899166e-01,6.722541826350429683e-02,5.628938752763150699e-01,7.972824505967701647e-01,2.638027659821602366e-01,6.348797913434426343e-01,7.587984175240356510e-01,3.879276218631193540e-01,6.571576525814262215e-01,8.641747607636209860e-01,6.500987315887201135e-01,5.125557395812821992e-01,8.628532207815390320e-01,9.160400660733083456e-01,6.705767150406929389e-01,7.809615596834211804e-01,7.529451879535702385e-01,6.875443271915776533e-01,8.818638880340461395e-01,6.042616921916330597e-01,4.002602024814395087e-01,6.894478895464291046e-01,6.164425631469426792e-01,8.275081274390917452e-01,5.946870142780444901e-01,6.400409691242665566e-01,8.113549764066017023e-01,7.312350014479152005e-01,6.108987453357550557e-01,9.224365106817136173e-01,6.405427259360906289e-01,5.835642549684424418e-01,6.871416311653707476e-01,2.547019133755823450e-01,9.944329764491981472e-01,7.104760660639662939e-01,6.890328662364157974e-01,2.011670622029190780e-01,9.510085641028315218e-01,7.606442001623721083e-01,4.957860877198130289e-01,9.414573393671575863e-01,6.388460322261818591e-01,5.982435889435748777e-01,5.612020775098252034e-01,8.814499653056614425e-01,8.544450112812318476e-01,7.859754302001682458e-01,7.397088972610731394e-01,6.117377662446397135e-01,9.612990460560016936e-02,7.430989518030133301e-01,6.523804793180534300e-01,7.461393488587042544e-01,6.522147502314276091e-01,7.291575382779742487e-01
7.270260711482090521e-01,6.848091510972487139e-01,8.465360143138715987e-01,6.514456968050394980e-01,3.801197115701455687e-01,5.229209084695156662e-01,3.475523629113733692e-01,6.403245125998805465e-01,7.355013512943797682e-01,9.392618495839255566e-01,7.849633188578443166e-01,9.825884305754992720e-01,6.013621671635003274e-01,5.565254008759622506e-01,6.580428188782867505e-01,0.000000000000000000e+00,4.502696842687829992e-01,7.084697528198258265e-01,6.065213638890677439e-01,9.434255645292497494e-01,8.613289048760157662e-01,2.418884824980986337e-01,1.178975827799529363e-01,6.722915763457569804e-01,6.204637542830744312e-01,8.727567832324096830e-01,8.937279276784536597e-01,4.314354590748266105e-01,7.875432598281686403e-01,7.260898284585967088e-01,4.236864429348560224e-01,3.206341840731769532e-01,6.332928187030771872e-01,6.867143540564966120e-01,4.508593896087770281e-01,4.872523054349344185e-01,5.281876805782137474e-01,7.779672378030690894e-01,2.770362445265500684e-01,7.655596475909294263e-01,-1.363257864651681306e-01,8.625321635274512122e-01,8.593233540114504354e-01,6.654734908145398808e-01,8.562964578253080550e-01,7.207522438786733154e-01,5.259083825315324923e-01,9.078841316919832316e-01,5.309346030418923279e-01,6.970132395948475112e-01,6.680585458500722940e-01,6.730219738765107484e-01,7.862965296608032117e-01,6.721885790002196659e-01,6.404683698152024984e-01,2.710245345046279342e-01,6.383707470539607964e-01,8.544545588497870492e-01,9.340654203530450728e-01,2.788412717337666602e-01,7.436872311170741323e-01,7.544735400322215568e-01,9.628909989075286058e-01,5.387059999301336832e-01,8.921818866519236613e-01,7.278461410482588434e-01,9.655181263720881146e-01,6.466850648808895041e-01,3.130081608871360110e-01,9.215033903461525844e-01,6.958908485320413062e-01,3.366695146935325816e-02,4.800126111528863482e-01,8.736452370739440365e-01,6.497087096658979988e-01,4.067470469644117181e-01,4.307548033547360933e-01,6.782503832589483750e-01,6.226800951893626257e-01,-4.859941403858328290e-02,6.079537479190509908e-01,8.153704627802541571e-01,6.680158909525736322e-01,7.426129256864619776e-01,8.999409166898713064e-01
9.466372453565059519e-01,7.942472982947729188e-01,5.797035955541650631e-01,9.474780612108444355e-01,4.626268815997789524e-02,7.810005356999307757e-01,7.496671054227523889e-01,6.263645493445808565e-01,4.476524986014020491e-01,8.385105738022864408e-01,5.037076945256130367e-01,6.794421704732642731e-01,8.688872341144360245e-01,8.419364535734665811e-01,8.875022119169927448e-01,4.502696842687829992e-01,0.000000000000000000e+00,6.371544118369086851e-01,9.789602214879805642e-01,7.407386475575794549e-02,6.804698834210672898e-01,7.937975974319666506e-01,6.470606498791270367e-01,9.209478978699159324e-01,5.278156263830260375e-01,7.463361408851930667e-01,9.677199536051177553e-01,9.579519256097469571e-01,4.270699766089044447e-01,1.855057759954719110e-01,7.451406089496224183e-01,5.550760806983598972e-01,7.491451658210905862e-01,6.762851278238865005e-01,9.702325290277598047e-01,3.880384365571720728e-01,5.502173941836624449e-01,9.218536213151733438e-01,9.952300387777404111e-01,7.238495037830686707e-01,6.957314755968204700e-01,5.323154612529787943e-01,8.739026180862916604e-01,9.543724746954205251e-01,7.036826566283450601e-01,2.909441407774296939e-01,9.764446850762472652e-01,7.373800774245087286e-01,2.355441711983310704e-01,9.926338768784933597e-01,8.840971258246281828e-01,9.485784066223452715e-01,9.961057376195925350e-01,8.161000291698355946e-01,9.685518313510722566e-01,8.018199819474736145e-01,9.519669476391083851e-01,6.513355778710393507e-01,9.202583394435106534e-01,5.759854101354922040e-01,4.840342475872244088e-01,4.222740701400500840e-01,6.671918422620899403e-01,9.932387402137118348e-01,6.716876035278573909e-01,5.651994997830310785e-01,4.253351936987348481e-01,7.910017917519975850e-01,6.939496930894307747e-01,7.554703136541973674e-01,6.590535224685395432e-01,-1.719348778823689694e-01,7.757768284593071773e-01,6.924330757707725104e-01,9.060013063000791345e-01,9.118173885714991878e-01,5.136656074970941122e-01,8.466152516767364578e-01,5.362677478099221462e-01,4.010521336079386767e-02,8.614391549131825698e-01,9.900261838280685067e-01,5.340359618856439505e-01,4.375256779268182905e-01,6.153544773339806317e-01
8.048876052718648699e-01,6.754002274723065469e-01,7.955353470794754855e-01,7.436878906083009833e-01,6.238077642535989620e-01,6.127707608406446349e-01,7.639780657393538954e-01,9.316253397522306079e-01,1.561072970474392252e-01,5.226885624299040245e-01,9.661279146087567993e-01,7.373357525465218387e-01,6.317473680302574390e-01,4.266345994871234559e-01,9.857910255508953723e-01,7.084697528198258265e-01,6.371544118369086851e-01,0.000000000000000000e+00,7.960133909997415547e-01,6.055484102756338860e-01,6.177360782740383138e-01,9.130609118130029733e-01,3.054904380621856902e-02,8.907085175775131258e-01,4.814090938749535642e-01,4.033732290223377426e-01,6.597033107802463547e-01,7.690049264880449709e-01,5.433201632233155554e-01,2.535305126823730534e-02,6.004253036473605754e-01,7.761286112730305664e-01,7.112712206397985293e-01,7.993274812856270284e-01,5.634804143157643441e-01,-1.139435531832440479e-01,1.981602457099779224e-01,2.879229257152845500e-01,9.736075244296857889e-01,7.073544592503897555e-01,6.180562422388494737e-01,2.606477861089804837e-01,9.411418299090037465e-01,9.349251714215935927e-01,8.332174643630935185e-01,6.488718217833275848e-01,8.313761693332809566e-01,9.024970530264152524e-01,6.526026721134885467e-01,8.971605044765554871e-01,5.085037383409133360e-01,6.909042857142618788e-01,7.172766068074480916e-01,6.612846158267742247e-01,4.993811545531190998e-01,3.817767099733353486e-01,1.007777686052838684e-01,9.607341485356446498e-01,9.346706053604079134e-01,5.253434237659944106e-01,6.280527183307488270e-01,8.836519465549583785e-01,9.518400436068974457e-01,8.772089564440891385e-01,7.605789932991605662e-01,8.659724097266168208e-01,4.765737740107091058e-01,8.818632258268455093e-01,7.381753660301255682e-01,4.167813175441242302e-01,7.098713636058655574e-01,6.188238920327154835e-01,3.884622211069884701e-01,6.175973573896575974e-01,4.851143560117927578e-01,9.549217203987686586e-01,9.486642159024841758e-01,8.869377135704391291e-02,3.972306612600272624e-01,3.615995348486509275e-01,6.267677929954801330e-01,8.824163784994081272e-01,4.400208217288229529e-01,7.034627767702296142e-01,6.086496535387697637e-01
