0.000000000000000000e+00,3.828153480873418557e-01,2.324352959413402420e-01,5.663878045892789537e-01,9.562138028093498665e-01,6.443088104920456916e-01,5.580216627198434365e-01,9.887616091457234191e-01,8.920428509793472127e-01,8.376773730812312468e-01,8.584982907037681521e-01,1.326565563978638618e-01,6.751313420092366346e-01,6.078954905501404715e-01,6.544799859628757099e-01,5.870943364828393740e-01,5.951387233128679899e-01,8.234233669589229310e-01,7.800342689359418547e-01,6.798359245186743616e-01,8.647755435997940276e-01,8.603771853440077555e-01,9.859678970511305263e-01,9.251381498096603595e-01,2.427697608867370738e-01,9.289329443620869542e-01,8.023392582989369304e-01,9.724494955754005021e-01,3.044317884457793943e-01,2.103792380493796355e-01,2.304297708732687133e-01,6.524844094475020784e-01,6.681323765017609384e-01,9.233762391316585605e-01,2.953130550513431984e-01,6.358985376986561189e-01,8.481419138604791297e-02,9.023914939967535576e-01,7.819738301072158837e-01,8.621043068353840821e-01,6.430772288403412418e-01,7.605910914589188998e-01,4.629588331618410546e-01,7.984799681576789654e-01,4.218253722741213685e-01,6.072345866361362754e-01,4.389888443242273564e-01,9.608078889437479120e-01,4.891770132577495933e-01,4.230503113109752578e-01,7.944122975917171647e-01,9.475294650249975748e-01,9.754275964359514495e-01,9.657848834947808658e-01,6.647061054067602281e-01,9.811172342554458359e-01,8.613307820007468640e-01,9.417565473187849978e-01,7.521219159617772432e-01,6.697692036017666162e-01,3.318420358495401956e-01,7.763511004992735831e-01,8.560855190254227365e-01,9.326754008525121042e-01,4.274463059351167882e-01,8.536084402029734397e-01,6.602544326440570321e-01,9.048587155653609049e-01,6.602988828299898305e-01,9.794042507875057035e-01,7.388243388993183114e-01,9.506864466905470268e-01,9.001832442466163320e-01,5.079506269055914514e-01,8.825728225115904158e-01,9.369746799823590599e-01,8.043933039994695111e-01,5.532781278414999893e-01,7.234428235113042893e-01,5.122301086518851188e-01,5.393527669032726068e-01,6.459832779678050807e-01,9.271120015908917988e-01,9.539172166303940825e-01,4.550087005008047747e-01
3.828153480873418557e-01,0.000000000000000000e+00,4.733780655003292370e-01,8.834792372140157779e-01,6.176690723780720038e-01,8.249321635364886829e-01,5.691136087484811590e-01,6.299142122699881163e-01,5.051476275016009154e-01,6.608386364770285626e-01,7.329092336561474630e-01,6.081697827720048410e-01,5.131295180356402197e-01,8.891193833246019418e-01,2.616158705201902523e-01,8.596150497942781632e-01,7.647608646812606992e-01,6.410844106632411776e-01,6.123353164531232240e-01,4.322085702471983315e-01,7.587656556084996229e-01,8.098394568729068155e-01,6.833044747997760737e-01,9.211556311123578755e-01,5.510536107467632894e-01,6.937173106496055119e-01,9.155454569341386906e-01,9.002651415290227055e-01,5.997338136803114228e-01,5.457833527903280801e-01,6.299790010901131776e-01,5.416608778627229892e-01,6.654829278478120447e-01,5.274287697818891285e-01,5.406233621862381877e-01,5.810248420662023072e-01,5.232033084117450050e-01,6.240249460501744450e-01,8.259804874528541285e-01,4.648749982571449557e-01,7.710750724641789455e-01,6.475227540597059406e-01,4.298295013576351464e-01,9.800398185557789299e-01,9.439830210380832920e-01,6.402887298012310824e-01,9.626826999983142397e-01,8.952215815517147179e-01,6.617132934918609211e-01,6.745697983383136531e-01,9.480046718668663219e-01,5.032871749581525611e-01,4.755820522510403325e-01,7.702880858983034429e-01,7.006514548226643324e-01,1.646196774028878540e-01,5.578611728539180081e-01,8.112981147157629636e-01,7.214289576328664078e-01,4.042086488322602783e-02,1.972434858472734975e-01,4.265088951499447223e-01,6.429111643918562491e-01,5.172754549571217941e-01,7.053870943687754469e-01,4.061204212224625021e-01,5.144098024576276851e-01,4.430333662472310530e-01,4.625131735935301691e-01,7.041731919403237949e-01,6.170814376742763674e-01,8.844471923441590278e-01,4.986002114915413230e-01,7.227358581346071675e-01,1.299381994640889659e-01,6.336642146438152823e-01,6.847873757689196816e-01,6.481434562665574495e-01,9.639042173107378320e-01,7.433434225036470444e-01,4.774050336540101025e-01,6.244791256584645289e-01,9.356108571618757530e-01,1.284844147938524195e-01,8.508970457620428363e-01
2.324352959413402420e-01,4.733780655003292370e-01,0.000000000000000000e+00,6.138209117726081132e-01,8.885127509133853296e-01,5.476803551544040527e-01,6.352688872686388377e-01,7.027645903426321672e-01,8.439042261658004085e-01,5.820258012232734091e-01,9.253693206415873895e-01,8.146801395462281992e-01,6.597594973064845325e-01,2.315903527978259158e-01,6.464153440516832161e-01,9.193817123723229123e-01,5.718098704221558082e-01,2.883785011336736925e-01,9.780602462980338974e-01,6.757824365381468468e-01,9.620567000865816176e-01,9.053268570196447707e-01,9.760194981693447458e-01,8.386402460102502232e-01,1.395529751125737516e-01,7.826043351842603135e-01,9.973294746263987598e-01,8.890213784181740797e-01,5.932009982970443129e-01,6.948327569408851989e-01,4.838484786019068284e-01,8.222182552381239740e-01,9.957698884088854729e-01,6.552006494902330447e-01,8.566088974986407756e-01,6.390863938701434321e-01,2.210448402456207384e-01,7.318854946655125593e-01,6.051487530450384567e-01,2.876972802163224041e-01,5.357568733264915783e-01,5.601617455327352335e-01,7.416946831158369724e-01,9.923526351377298660e-01,7.384101585358712194e-01,8.039067660066464560e-01,4.010259931378062914e-01,8.054027626957712682e-01,5.425423916586062933e-01,8.704782348751870513e-01,6.346448956374394212e-01,8.866656003697575006e-01,9.910389957664386129e-01,9.290968847448163315e-01,7.835677898397395147e-01,8.868338010816264605e-01,9.315196452150815709e-01,6.948500825655039570e-01,9.041161534528052712e-01,6.249501845020951629e-01,5.728726572072438961e-01,8.315790727283574046e-01,2.500198524339852235e-01,7.426176659671366309e-01,3.639769216290552611e-01,7.355821549933024839e-01,9.609857145921515409e-01,3.183130579061786009e-02,7.597940565969041327e-01,9.263097327545217752e-01,9.336368245344798256e-01,7.327080514876398443e-01,3.561129203080550809e-01,4.111250949114223507e-01,8.726413640452697074e-01,7.223970955191936216e-01,7.910302875800445666e-01,7.194587908244312047e-01,4.256204168681045341e-01,5.680414539736413637e-01,7.834823159060427811e-01,6.174604472826511481e-01,8.094140654064324591e-01,8.481119529945858604e-01,8.707412282754305455e-01
5.663878045892789537e-01,8.834792372140157779e-01,6.138209117726081132e-01,0.000000000000000000e+00,8.082482939369656227e-01,9.131177943261534757e-01,4.149072642022833546e-01,4.600466070812602726e-01,7.281243742504784899e-01,-1.423344178864469900e-01,7.210824138082985169e-01,9.687732989346832246e-01,5.378676238799990905e-01,7.767809241596234093e-01,8.112667494361752718e-01,8.386112272798097456e-01,5.143217315135244494e-01,5.203988708138526098e-01,8.750247901383484406e-01,7.490163330414242315e-01,9.259007748874739097e-01,8.022667664832082712e-01,8.329423742597815705e-01,8.613683600704802323e-01,3.770103921822329229e-01,8.415299655021625247e-01,9.128063447853828061e-01,5.598437389990494895e-01,4.170321599732334378e-02,3.369200096759967789e-01,5.773820906852615842e-01,2.179288557145105387e-01,9.646206503145574596e-01,7.921932375826532535e-01,7.282116814060524135e-01,4.511937401096320910e-01,4.947474038690580778e-01,4.041100721557702724e-01,7.180277820038183378e-01,5.716238513311322489e-01,7.602065145342118413e-03,7.043537693771249053e-01,7.610307304809906803e-01,8.464326463120982469e-01,5.453454083681049669e-01,8.460765204139449880e-01,3.597987394742620526e-01,9.964842668107558588e-01,7.861510774220205056e-01,6.012346480185924991e-01,9.279670331696618923e-01,6.668033181267146725e-01,9.279243059945787575e-01,9.311795356268619539e-01,8.498959237036413095e-01,6.769127927794098554e-01,8.577255171805058254e-01,6.809150271849054858e-01,9.194396270104596702e-01,7.550923311683312988e-01,5.989424708007216047e-01,9.784896440787359539e-01,6.899302398098171585e-01,9.304281660977313795e-01,7.145186876619454841e-01,6.924966647948235243e-01,4.285102041095446013e-01,9.622572751009744740e-01,7.245546220788910974e-01,8.726400936305355183e-01,8.724453402451567419e-01,7.804049423696131083e-01,-2.098528125173301229e-01,9.742094005860659767e-01,6.849003443234076283e-01,6.640305544045057573e-01,8.558455213867514066e-01,5.741624648172016787e-01,6.019800194618696310e-01,3.023146778643893695e-01,2.744625447435263821e-01,6.124153477345563035e-01,7.396744164241528807e-01,4.220672262958176102e-01,8.524539202286820494e-01
9.562138028093498665e-01,6.176690723780720038e-01,8.885127509133853296e-01,8.082482939369656227e-01,0.000000000000000000e+00,7.822322646757500220e-01,7.181720014815012876e-01,7.934313886951132044e-01,7.343089994919653751e-01,4.262201435764483848e-01,4.652237733542060050e-01,6.472434297408534709e-01,6.955390505202438955e-01,6.601214277496219029e-01,8.592466037812923618e-01,4.228486003599160048e-01,8.790288115832249893e-01,6.779663328409675227e-01,4.040400973707415355e-01,7.918914755441337494e-01,6.749446437510567831e-01,9.275416324141528834e-01,6.642877193341484299e-01,6.069533630258907575e-01,9.370923122869552202e-01,6.024342100446060666e-01,7.035490752124381464e-01,8.812728157452766053e-01,5.607787896986256015e-01,7.553058811487259883e-01,4.012570368911516638e-01,3.981109032815753901e-01,9.520501655146562658e-01,9.740984229512296144e-01,7.757701974285347024e-01,6.028914568335099755e-01,3.399427984521061763e-01,9.608777691640217888e-01,7.674138359809288268e-01,6.544852167407165799e-01,1.309793822288421727e-01,4.654695120001204889e-01,6.510845318483725608e-01,7.637063279521660863e-01,8.573449689834808929e-01,5.485971884462332859e-01,9.737803414011854120e-01,8.015442505290578667e-01,9.672751383077154985e-02,4.606944950323320631e-01,8.661305348280337046e-01,7.605244973299878364e-01,8.404793903642221453e-01,6.659136560867631172e-01,9.013669818374682174e-01,7.177640561462658164e-01,4.043697481414180173e-01,9.043786425783084670e-01,6.218111682055114109e-01,6.415713971912569979e-01,3.642314131427257795e-01,8.421222704376988277e-01,5.097682306471614799e-01,5.078892654203406298e-01,5.567016132674538209e-01,8.450684308616791540e-01,8.424915000225345896e-01,9.364419477116450174e-01,2.405490867043415804e-01,6.639364883329792466e-01,9.501457011259208940e-01,6.931105010272798905e-01,5.359792769978710680e-01,7.894689600056394863e-01,6.481805106453488730e-01,7.524788193763934929e-01,9.314172146078372183e-01,7.990846944831968557e-01,4.428905356042325825e-01,4.071573928389994323e-01,6.421479639409813922e-01,9.654661040023365670e-01,7.915672054384141898e-01,2.690280523273403945e-01,2.008406806021192370e-01
6.443088104920456916e-01,8.249321635364886829e-01,5.476803551544040527e-01,9.131177943261534757e-01,7.822322646757500220e-01,0.000000000000000000e+00,6.856433253705367381e-01,7.015307394501921756e-01,7.528191055967408118e-01,9.103513347935279221e-01,6.046913803440427948e-01,7.985625578135800984e-01,3.613751451964068440e-01,9.187351026208516735e-01,7.448611374437790200e-01,7.493417095303080977e-01,9.737941728319846613e-01,7.622717932874154556e-01,7.261218781064868732e-01,8.757781692614429181e-01,7.215382408135426751e-01,6.311671571422701188e-01,7.255892859843087184e-01,6.280099841432280616e-01,7.161947376469179893e-01,4.781225031752634469e-01,8.660467689587605378e-01,5.706924446753074420e-01,6.358788855429958753e-01,1.593669680905483166e-01,4.994017745726851004e-02,9.189262020408409670e-01,7.164291077156345056e-01,7.160765065576174537e-01,5.565103549365464364e-01,5.205384324386148620e-01,3.836042090400174631e-01,6.065941469080547988e-01,6.724111630773519366e-01,6.736417577606490514e-01,2.259380153870668706e-01,9.109881664117290834e-01,6.268413674277817371e-01,6.507142536284800105e-01,8.887047450789636871e-01,4.659742685633322390e-01,9.121963830127233219e-01,7.327486926678355994e-01,5.899334297265688143e-01,4.916100120683434271e-01,6.932251494935087743e-01,5.951703733765133508e-01,9.125136023382115491e-01,3.785334030527608973e-01,7.237442721962062953e-01,7.467103048214940308e-01,1.913919472624572293e-01,7.190676053151682234e-01,6.185980417841708823e-01,6.752638795167387187e-01,2.982086810376050612e-01,6.991418761126643178e-01,9.283877636245474463e-01,7.260687831538434889e-01,7.119107709706687936e-01,4.029099479064259248e-01,6.028625578755905101e-01,6.328601298184806101e-01,6.107196030117466590e-01,7.147412852022635432e-01,1.680932400435414253e-01,7.944789942279590900e-01,6.908380957371420550e-01,6.836002956974506217e-01,6.873111114275887168e-01,7.964457454256765878e-01,8.991842056100396441e-01,4.330863789359655214e-01,2.001742487976063967e-01,2.874460530932487767e-01,9.177401373929063855e-01,8.371165936853379730e-01,7.755811480183774087e-01,4.263610519058909087e-01,2.584244861013772487e-01
5.580216627198434365e-01,5.691136087484811590e-01,6.352688872686388377e-01,4.149072642022833546e-01,7.181720014815012876e-01,6.856433253705367381e-01,0.000000000000000000e+00,7.894476871715419009e-01,4.599522969910391224e-01,5.083273629140271366e-01,7.101874593033649097e-01,6.786685335930657814e-01,2.382436425300500649e-02,4.715294860932980336e-01,5.701318567426852946e-01,9.010332190612626579e-01,4.888922530892327867e-01,5.040009933164604217e-01,3.101313168429640221e-01,7.581248601933244791e-01,8.475710547270209894e-01,7.925635046156580543e-01,1.174998785218614450e-01,9.904367567564988928e-01,3.896914168074813167e-01,6.287574376425095757e-01,4.517963271058161312e-01,6.114750729896979431e-01,8.133533708257113526e-01,6.942722213708765189e-01,5.339064813832357093e-01,7.162360957587915467e-01,4.425013778685604193e-01,6.860527450188395049e-01,5.642781120028099728e-01,2.006916105902518677e-01,5.535341728114870907e-01,9.450602748762080285e-01,6.945628283975288086e-01,7.209353702195591129e-01,5.354644262965533308e-01,7.475749506954471046e-01,9.816817848843023553e-01,3.437347216402802941e-01,8.425785494862396696e-01,5.349328649903797306e-01,7.120046988047644687e-01,2.197560411712207729e-01,7.038900175501924261e-01,1.433932252797606999e-01,3.877278726268010844e-01,7.425911428676472692e-01,2.036200735645615767e-01,-1.480644893741669132e-01,7.508805384341477041e-01,6.923145569643500696e-01,2.746649195103258445e-01,2.431266878848172830e-01,8.965708005576664696e-01,7.137902214812801294e-01,1.646378971561041071e-01,2.851397230025151108e-01,6.844773631142492265e-01,9.546269837438889905e-01,9.186095207142154218e-01,5.559107707782167118e-01,6.772129021154091877e-01,8.153081978564782339e-01,7.064163250921514647e-01,4.234217664009260473e-01,5.783446735417506757e-01,2.233047071401108308e-01,7.640337568476766039e-01,4.439788308272762385e-01,3.278746767611971924e-01,8.015185887393662112e-01,6.075096974203330058e-01,4.848356787259280321e-01,4.683256797967882412e-01,4.532716391546151580e-01,7.600155622285278412e-01,8.164595895069817200e-01,5.057738589310128985e-01,5.789691454323946385e-01,7.101244760987565074e-01
9.887616091457234191e-01,6.299142122699881163e-01,7.027645903426321672e-01,4.600466070812602726e-01,7.934313886951132044e-01,7.015307394501921756e-01,7.894476871715419009e-01,0.000000000000000000e+00,5.962177147363121460e-02,5.647458346209293101e-01,4.868377760242427188e-01,7.239825431197268735e-01,8.197992467671585404e-01,7.342723910901972628e-01,3.925241551386802197e-01,4.807920984242853857e-01,7.838831955214099478e-01,7.286363049170261341e-01,8.389156053592650153e-01,8.761981613670163371e-01,6.917333119946458275e-01,6.709942853922604700e-01,5.539887320854598451e-01,6.386058101329484815e-01,4.155854367000300087e-01,5.827841215573892342e-01,4.437379925370708578e-01,4.490069424182588365e-01,4.632397272807464716e-01,3.942664695159427968e-01,2.564010734678090746e-03,7.928419736881553437e-01,7.793166440213571411e-01,8.713125249025797103e-01,5.179747241029917237e-01,2.696273992867763702e-01,4.602204887875315231e-01,8.261373722462155289e-01,9.925424144677122973e-01,8.805131078522281385e-01,7.051531053290848172e-01,6.463706844827930842e-02,3.456682957467172024e-01,6.396442626185487867e-01,9.181469284125661767e-01,4.162705174498911864e-01,6.242236280919896130e-01,6.908769156350932361e-01,5.917933350325100816e-01,5.996740084059895004e-01,3.885153891499442125e-01,1.771656456754436559e-01,8.959930122714272471e-01,5.609373791719283187e-01,2.745190919127311613e-01,4.905548197246915043e-01,9.482882800529307543e-01,6.665938941442292043e-01,6.251643393248319525e-01,2.008231482264604129e-01,4.671017677990124684e-01,2.934110905092311428e-01,9.526407831979114560e-01,9.882174357658777275e-01,4.285124180307144925e-01,4.259877312049059617e-01,6.861076262926175673e-01,9.604277354637034136e-01,8.387443130304741423e-01,6.533056743582477122e-01,5.982530718951690751e-01,8.435982295668725817e-01,5.171564851033632060e-01,3.360841073206494167e-01,6.974307321738284493e-01,5.896249462894707083e-01,7.292781860806466510e-01,4.013087567539508349e-01,4.318225986761078938e-01,7.013273281809144777e-01,7.194632469149102594e-01,7.263316610527296158e-01,8.865300361456552869e-01,1.735438244815186160e-01,9.891051768509778741e-01
8.920428509793472127e-01,5.051476275016009154e-01,8.439042261658004085e-01,7.281243742504784899e-01,7.343089994919653751e-01,7.528191055967408118e-01,4.599522969910391224e-01,5.962177147363121460e-02,0.000000000000000000e+00,5.009263734202267226e-01,7.587471731915920170e-01,7.888267509771196284e-01,9.162023973193808013e-01,7.981857295130854180e-01,4.795009558058974664e-01,7.867175750448363036e-01,7.618980966042170344e-01,5.740177987498901180e-01,9.974984597748659532e-01,9.491045776832756076e-01,6.796720831777711691e-01,8.269114013238333394e-01,7.268354976574958881e-01,2.336783988127058287e-01,1.389179617763908470e-01,2.242618551225414314e-01,5.974820624381064205e-01,4.817477990257211240e-01,5.373812466083784933e-01,8.859870327581664817e-02,7.816487399082716961e-03,4.949921981406509852e-01,7.208097349268987042e-01,7.600063816022193386e-01,6.792402230807839114e-01,4.943996330630021085e-01,6.280361279789037354e-01,4.379596620865475742e-01,9.994604699077620502e-01,8.375275085562207122e-01,2.033893155224142935e-01,6.867740914087863136e-01,6.121319331486686499e-01,8.372170598201293945e-01,9.598579419686794623e-01,6.838171450967208687e-01,6.349584855202203837e-01,5.416016930376915672e-01,6.975184870850477115e-01,6.593514859508996517e-01,6.788532680620564808e-01,7.492482481675950545e-01,7.945133546303745353e-01,3.939183694033068228e-01,5.199278350344705979e-01,8.346825258922828672e-01,4.467676883264989907e-01,4.850174847239024922e-01,7.036747416286165402e-01,4.295649567796585577e-01,4.520710881298369288e-01,6.961089083274991651e-01,4.093439694806498830e-01,8.702502790003485700e-01,8.601925366878815371e-01,9.506098930523222412e-01,4.235628504624013857e-01,6.785723097357045930e-01,7.272109989977741940e-01,7.926470795157041227e-01,9.145995207404741256e-01,1.543405815440952455e-01,8.709801635578789947e-01,1.364407510073572805e-01,5.373823377068753793e-01,4.495268438263682609e-01,8.464541421799186560e-01,5.908227534633030409e-01,5.547576360136150658e-02,8.227837522128458869e-02,6.732128336534926039e-01,6.078767620501116520e-01,7.727563560962467104e-01,1.584110062045867295e-01,8.323491758148676700e-01
8.376773730812312468e-01,6.608386364770285626e-01,5.820258012232734091e-01,-1.423344178864469900e-01,4.262201435764483848e-01,9.103513347935279221e-01,5.083273629140271366e-01,5.647458346209293101e-01,5.009263734202267226e-01,0.000000000000000000e+00,2.722179770603132543e-01,8.002746811040435393e-01,5.721344473530239894e-01,9.801962054808108782e-01,7.648108173699498247e-01,2.589783803890348679e-01,8.818668144015907595e-01,5.072432044932978501e-01,7.622540298205637832e-01,9.233144739609500107e-01,4.974974363976028546e-01,3.645318248004165984e-02,8.572920211741769103e-02,5.673801330381258445e-01,5.337612082168770034e-01,5.942413490645548357e-01,6.059574111593649670e-01,4.132147269741605067e-01,8.103171937396513869e-02,-4.703066970254457524e-02,1.045351321167043573e-01,5.463884009993590363e-01,8.974318214703623786e-01,4.638966407729472330e-01,5.858462195163602892e-01,2.934785095609659944e-01,3.026874752515034683e-01,8.794810985021467298e-01,4.519488594703725548e-01,6.260777336835827711e-01,6.350539401248003202e-01,8.294527835764045065e-01,3.938012190913855459e-01,5.772555982022993248e-01,8.609163820753109597e-01,5.451992211803999844e-01,9.650167181193987087e-01,6.961410063017468008e-01,6.311079430249136868e-01,5.157604451031976289e-01,3.857521930987904968e-01,2.642014998579136908e-01,6.711515424773655258e-01,7.783854887283289115e-01,4.860363244357194246e-01,6.263319733755472463e-01,6.399220815987194388e-01,8.569025369794799341e-01,6.634301601170986551e-01,5.830070684771121448e-01,3.393404685093411866e-01,9.661834389328229911e-01,4.335920523315036079e-01,9.183832143213530586e-01,8.340660684230997157e-01,7.248562855332184585e-01,7.298944380107729168e-01,9.169305403938724508e-01,3.250748304936437183e-01,7.697621362097624154e-01,7.511595865799181038e-01,7.354810300016760838e-01,-1.746792996244215523e-01,8.645177785175248708e-01,2.386254003905445842e-01,7.358305045800722644e-01,9.066702033397052718e-01,4.990865916315586071e-01,2.360694123235391739e-01,2.548317677618154864e-01,5.464785435573362715e-01,6.205213999468909281e-01,6.746237723993613322e-01,7.948141518521790738e-01,4.435516811078631938e-01
8.584982907037681521e-01,7.329092336561474630e-01,9.253693206415873895e-01,7.210824138082985169e-01,4.652237733542060050e-01,6.046913803440427948e-01,7.101874593033649097e-01,4.868377760242427188e-01,7.587471731915920170e-01,2.722179770603132543e-01,0.000000000000000000e+00,8.132767067005779449e-01,5.801199653790705124e-01,8.498863563689207368e-01,8.202800704410068144e-02,8.018188324173931569e-01,9.365780011371724889e-01,7.867978038125168494e-01,7.348738128924301449e-01,6.979147403369577729e-01,5.232058707039874967e-01,9.534815320793882387e-01,6.648154759098429123e-01,9.630706290451667151e-01,6.672534000468964832e-01,8.067545566699743098e-01,9.348595026397230612e-01,5.676090504436264172e-01,4.701143983860008868e-01,5.298078923033199272e-01,4.890863637488015447e-01,7.489190047799709760e-01,7.927513578374126846e-01,6.506714150283491316e-01,9.964044538246074056e-01,4.132137687520948122e-01,7.603460007475247862e-01,4.213861752165313224e-01,8.470912617116297394e-01,6.750625581909658335e-01,5.838155793506786262e-01,6.329916326586325637e-01,8.382090110022684115e-01,9.837110579188446113e-01,6.205400402968265228e-01,6.012437260657833571e-01,8.717057809392639856e-01,6.251753667119189228e-02,1.485096017791059375e-01,6.170605943946264604e-01,-3.535278368836494156e-01,9.121618326142001409e-01,8.347991675006150025e-01,5.364579030178975305e-01,1.408310720627106993e-01,7.031087372836150040e-01,7.990246220882099015e-01,6.464059874158719632e-01,8.971550627044361237e-01,7.861529221692348246e-01,-1.252719497086077216e-01,4.259178906441628554e-01,7.296164943164767935e-01,6.021300510934708416e-01,8.296341782367536721e-01,9.815268328928732355e-01,6.752466463634989591e-01,9.324414513095480306e-01,6.543753103956985173e-01,3.564895476392354601e-01,7.241973771926493164e-01,7.113923949753114817e-01,2.613249953938668879e-01,5.540223896506200063e-01,7.953208469046944007e-01,7.318596355810946807e-01,9.873322327144287147e-01,7.138996005902707997e-01,1.070377705645384481e-01,2.698212695813124173e-01,5.717894448173443944e-01,9.261733950391493053e-01,8.450184983003681261e-01,3.062555918020771761e-01,8.577066272962554638e-01
1.326565563978638618e-01,6.081697827720048410e-01,8.146801395462281992e-01,9.687732989346832246e-01,6.472434297408534709e-01,7.985625578135800984e-01,6.786685335930657814e-01,7.239825431197268735e-01,7.888267509771196284e-01,8.002746811040435393e-01,8.132767067005779449e-01,0.000000000000000000e+00,6.953017061925412801e-01,3.960960301974989634e-02,8.808684715937740162e-01,8.250935002874834057e-01,9.525822497428583224e-01,-1.983021431799525947e-01,7.494078169488355146e-01,8.260292242342937019e-01,7.689693347040490456e-01,4.135179716825951313e-01,8.463044941900771390e-01,9.659889192725714668e-01,7.160037308887164942e-01,6.731600234673585925e-01,4.317421916273435079e-01,5.353049984917046533e-01,1.522372128957827364e-01,6.672032908458601641e-01,2.564771126367756948e-01,6.835843625552143754e-01,4.853169859231407091e-01,3.517204815590975198e-01,8.918802720991332311e-01,7.889961938750960080e-01,3.786144319131122260e-01,4.201086840324715910e-01,9.861629241008282865e-01,8.423732254418321297e-01,2.702869959816531775e-01,6.700255488780686441e-01,8.768244302575340932e-01,3.937890288349392143e-01,8.868398841842934921e-01,8.430834717031208125e-01,1.231075666369553512e-01,8.147049492929342440e-01,9.621195742170102205e-01,1.883987979500729992e-01,7.453027544394502657e-01,7.688787996509806044e-01,8.499979430393340696e-01,6.830572695839296493e-01,7.972340696821453854e-01,9.123419037669341369e-01,2.684639109895664011e-01,7.470584176811129185e-01,7.709219180792112880e-01,5.849534384532628639e-01,2.707674446666718526e-01,6.993996561866199224e-01,4.018684480717340524e-01,9.257476322911643019e-01,6.843082302890843849e-01,2.028642601200604800e-01,9.389553747369860925e-01,9.168684835545456435e-01,4.080768729845121179e-01,8.525490765345612454e-01,7.764189593008001822e-01,9.637915119444858680e-01,5.202166708142373919e-01,2.645200294312854972e-01,7.974323643596022970e-01,9.185892249529328257e-01,7.064306642673942038e-01,7.672587944075673905e-01,2.463303700159955728e-02,-1.592390917850387277e-01,6.605824239585930124e-01,3.281517894134847180e-01,6.554838920686433257e-01,5.020546594411940955e-01,2.912470573226481618e-01
6.751313420092366346e-01,5.131295180356402197e-01,6.597594973064845325e-01,5.378676238799990905e-01,6.955390505202438955e-01,3.613751451964068440e-01,2.382436425300500649e-02,8.197992467671585404e-01,9.162023973193808013e-01,5.721344473530239894e-01,5.801199653790705124e-01,6.953017061925412801e-01,0.000000000000000000e+00,4.816652828448009793e-01,4.318047128842895099e-01,9.376791668017809833e-01,9.764310549303455433e-01,7.730316498454489205e-01,8.537808472410161054e-01,9.650472640165349558e-01,5.072453272748910225e-01,6.401571018633963606e-01,7.821244055911754645e-01,9.917826852413218486e-01,6.944341200356569654e-01,1.067612309750178429e-01,5.504903567506465034e-01,6.915653096967753211e-01,5.515768352950137787e-01,2.058917218219997181e-01,2.779882416628022268e-01,1.565439610435736262e-01,6.981081241280948646e-01,9.233136323816812929e-01,8.922648419225449601e-01,2.851350783150805729e-02,6.784908804924716375e-01,3.908326596809534870e-01,7.772358251812326868e-01,8.732716292860607243e-01,5.281595970556038910e-01,4.504200045933290930e-01,8.700294468343267029e-01,9.817014401061713302e-01,8.683150342921652776e-01,7.559830945954286729e-01,9.959936335481425207e-01,9.492232432104505957e-01,5.025010287191357117e-01,8.340081454923482518e-01,9.442716717795871517e-01,8.196935500798144814e-01,5.111104039610977479e-01,6.150952416970372205e-01,9.565241287004866422e-01,5.274348697451649581e-01,5.674409991198191561e-01,8.771968269121933615e-01,3.274780318085718234e-01,5.402909383687763967e-01,6.117709328559329807e-01,7.198433357573477132e-01,7.174942204451829619e-01,8.590212137224066957e-01,7.547913717089682617e-01,6.080747339593248757e-01,7.289605126327245443e-01,9.503367216074121160e-01,7.764063943982998373e-01,6.445418588421851780e-01,5.300467493395918384e-01,6.307920922753387227e-01,7.136959001318572415e-01,5.449752635247725463e-01,7.260156044903612882e-01,9.244979308826826170e-01,8.341863001403405642e-01,7.684160714603127662e-01,2.599603488467693846e-01,5.979248540358117481e-01,3.028255234400888396e-01,6.940193971089635427e-01,9.902499908170235843e-01,5.576853045344021265e-01,7.673631530245949017e-01
6.078954905501404715e-01,8.891193833246019418e-01,2.315903527978259158e-01,7.767809241596234093e-01,6.601214277496219029e-01,9.187351026208516735e-01,4.715294860932980336e-01,7.342723910901972628e-01,7.981857295130854180e-01,9.801962054808108782e-01,8.498863563689207368e-01,3.960960301974989634e-02,4.816652828448009793e-01,0.000000000000000000e+00,9.350821303837311138e-01,9.507788832389014733e-01,3.693438824128295606e-01,3.793959106426283423e-01,6.026756020568017069e-01,7.877845492262102178e-01,-1.498932861637919389e-02,8.454350741418734660e-01,4.688221799950723634e-01,7.376525352275943304e-01,2.579137180325873913e-01,4.717362434275291783e-01,6.088595985578669767e-01,8.531931416689489955e-01,2.690573123876921491e-01,5.317229662845059934e-01,2.174583857733463077e-01,5.725518218860032871e-01,4.667461738417094663e-01,8.957450871942813642e-01,1.745436567520456117e-01,5.197821787035700192e-01,2.023520688379467636e-01,5.819679777231413498e-01,9.231136731177246313e-01,7.853774363224536037e-01,6.979861944259284634e-01,7.537338088629028654e-01,6.679523943367755567e-01,4.070862587559859747e-01,3.452886714248413758e-01,9.839607587470693417e-01,5.537909787123208583e-01,3.262820542552862246e-01,6.053824237138129005e-01,9.466307607925985579e-01,8.000206499912150271e-01,1.539272453605552426e-01,7.604104944197579430e-01,2.576584339600877516e-01,7.060900844208966021e-01,8.836241752020080886e-01,6.021393617015379229e-01,7.865490287390091151e-01,8.889980061774271913e-01,2.018906566432071004e-01,6.485644225568445442e-01,6.136461448413852438e-01,7.694791627139796475e-01,7.725067520586713643e-01,8.628227766727405434e-01,6.085763435189345261e-01,9.043712558812027069e-01,2.954962637397827163e-01,7.146956535560605728e-01,2.995794819402529119e-01,3.575846164574364439e-01,9.340725509149703232e-01,5.703419300384386936e-01,7.376881902440306504e-01,4.282885585519467520e-01,6.941534321829487819e-01,7.198065260371345753e-01,8.332236286722028984e-01,2.558873908674421660e-01,1.471770039007989639e-01,9.594211906426313163e-01,7.708500802498681193e-01,2.601951440256564663e-01,4.208586105747327832e-01,7.337912281371404832e-01
6.544799859628757099e-01,2.616158705201902523e-01,6.464153440516832161e-01,8.112667494361752718e-01,8.592466037812923618e-01,7.448611374437790200e-01,5.701318567426852946e-01,3.925241551386802197e-01,4.795009558058974664e-01,7.648108173699498247e-01,8.202800704410068144e-02,8.808684715937740162e-01,4.318047128842895099e-01,9.350821303837311138e-01,0.000000000000000000e+00,2.087186988595439441e-01,4.106135377328806180e-01,7.376003583719956680e-01,9.262760618194033624e-01,7.713151174103909380e-01,8.417987886202046299e-01,8.819448595045067396e-01,8.312937600830793139e-01,6.752396504418513024e-01,6.797555857643726718e-01,7.066871299103670845e-01,9.995179179644548828e-01,4.962053334655257553e-01,-1.034995042979031526e-01,7.655877816432025140e-01,2.618779623995449723e-01,5.900059116138913762e-01,7.070993262392593071e-01,3.762710201986740888e-01,8.995785492397903038e-01,7.415075293171528026e-01,3.941674338143662526e-01,8.437639806248744545e-01,9.524332874883461031e-01,8.495832837417821581e-01,4.199973104790293288e-01,3.454496067903670142e-01,7.619439482219537707e-01,4.155796523746896898e-01,8.870526591293589336e-01,5.054273894154572844e-01,5.310839188812663814e-01,7.733966782976913201e-01,7.285927129385533219e-01,8.760500099426886678e-01,4.110468846195242110e-01,3.117604377258250681e-01,3.611365541002911628e-01,4.241983146627493761e-01,8.960225662825336279e-01,8.934057859723285588e-01,7.562440854928120793e-01,5.676415056118984115e-01,1.900080855922437473e-01,7.040454741784302195e-01,7.412435444627967218e-01,5.732321151418562355e-01,8.673136958241693950e-01,9.922954825304163284e-01,9.521411516029936184e-01,6.704708805963915941e-01,6.303870618620515121e-01,8.238525215066039298e-01,6.313106727488294601e-01,5.366306053600620185e-01,6.096075310541156922e-01,6.351828298948383189e-01,5.647133022611807718e-01,2.800008494412749571e-01,5.281510645977941509e-01,4.905627194267174751e-01,7.908210103093390453e-01,7.063852157662471321e-01,5.551061189070363167e-01,5.804489633717717645e-01,2.297869455103887792e-01,6.433262341117762517e-01,6.917205399970682844e-01,8.157330958171075119e-01,4.305117231097261854e-01
5.870943364828393740e-01,8.596150497942781632e-01,9.193817123723229123e-01,8.386112272798097456e-01,4.228486003599160048e-01,7.493417095303080977e-01,9.010332190612626579e-01,4.807920984242853857e-01,7.867175750448363036e-01,2.589783803890348679e-01,8.018188324173931569e-01,8.250935002874834057e-01,9.376791668017809833e-01,9.507788832389014733e-01,2.087186988595439441e-01,0.000000000000000000e+00,9.448629401725590071e-01,7.053206725848473191e-01,8.990077092684957139e-01,6.392932673714597502e-01,7.954015874325643942e-01,9.792707504105706562e-01,6.703239762274356695e-01,9.248998437318768362e-01,5.896196726287472600e-01,7.536750664701008517e-01,6.014212342924819543e-01,1.596651846969217026e-01,6.532247943247727617e-01,7.378362596231621273e-01,3.899343098957795961e-01,6.002566512720320935e-01,9.616040582858527141e-01,9.743154104515634462e-01,4.101456646687133833e-01,4.402692756915938532e-01,5.863022705625274833e-01,6.402411273045868212e-01,6.999130399145864212e-01,7.399571398608612016e-01,7.304764383511712644e-01,9.608706506433122296e-01,7.858558636452064317e-01,5.899607709027318014e-01,8.283512820161773593e-01,9.645700148269727991e-01,9.940599108134122730e-01,5.847011876560013199e-01,7.927741983403779891e-01,7.099024395750819227e-02,9.695096769431003070e-01,4.174171779725621145e-01,9.631616880596164387e-01,7.797122035379441263e-01,8.948533266091033278e-01,5.963677523220867194e-01,4.457190869910894748e-01,4.002114056070122938e-01,3.198561850705995413e-01,7.429442455195631734e-01,4.376008297648310008e-01,7.453443590353908688e-01,6.104557571656522574e-01,7.744267953305463692e-01,7.070318983779260158e-01,7.739304672466433832e-01,6.696717469988280325e-01,8.148241627835154377e-01,5.149945030479118335e-01,6.578688435467822115e-01,6.279830362013866241e-01,2.634026733035432777e-01,7.440670362333490218e-01,3.458144613066029827e-01,4.060244010249726143e-01,7.394698176936587153e-01,7.710653811687275816e-01,4.082461520075401640e-01,5.128888690759033642e-01,3.551057404027924136e-01,5.542628076096385303e-01,9.690037578216653680e-01,6.436119225083285489e-01,7.708176470125116531e-01,8.708598719269138311e-01
5.951387233128679899e-01,7.647608646812606992e-01,5.718098704221558082e-01,5.143217315135244494e-01,8.790288115832249893e-01,9.737941728319846613e-01,4.888922530892327867e-01,7.838831955214099478e-01,7.618980966042170344e-01,8.818668144015907595e-01,9.365780011371724889e-01,9.525822497428583224e-01,9.764310549303455433e-01,3.693438824128295606e-01,4.106135377328806180e-01,9.448629401725590071e-01,0.000000000000000000e+00,3.905203396338416955e-01,8.943056051928071071e-01,8.766267411790650277e-01,8.663176506165177759e-01,8.918132128555287252e-01,9.883243749388510579e-01,9.922392527251192584e-01,6.882966754295022360e-01,7.091300494896446427e-01,7.460574239678766650e-01,6.705523065297905871e-01,3.738825892281141261e-01,4.364133809962649768e-01,6.613071951963451767e-01,6.246077993655735350e-01,9.100081188994949555e-01,8.075198711939236551e-01,6.688051523633886664e-01,2.252655619936548836e-01,2.859139662330503762e-01,6.441726642714875606e-01,4.790580607785032141e-01,8.704768346627614894e-01,6.941213393720966351e-01,7.833532707205805856e-01,8.813455164347538950e-01,5.041280507084414664e-01,7.354742792197249690e-01,8.203528683476065675e-01,9.595584382292419168e-01,8.110666466570558564e-01,6.929806592621783334e-01,9.142908348150029507e-01,7.036099380848729323e-01,7.689417450705943180e-01,5.940654078849350039e-01,8.217080830243860268e-01,8.964157433609487580e-01,9.175362126664411422e-01,4.888610179895150898e-01,9.838185456126198325e-01,6.135799552853131722e-01,5.339511779177175121e-01,3.571132062734486690e-01,8.587901573513756492e-01,6.241660456070158292e-01,8.007766885846930860e-01,8.445496930389471135e-01,9.581679711721358128e-01,2.541092365460624336e-01,6.338929240338250226e-01,4.542252061946474018e-01,4.630632401007744314e-01,6.775485195427015661e-01,6.644425108324883977e-01,7.803074847951622095e-01,2.776549544865282160e-01,9.697057235925881091e-01,8.916953709869919198e-01,8.530266226560551113e-01,6.319990047784480591e-01,4.298688049822642077e-01,2.614540795195486877e-01,8.314730659510768396e-01,9.180606013258282294e-01,7.761361035793736818e-01,5.154944325477619493e-01,7.608283852945487702e-01
8.234233669589229310e-01,6.410844106632411776e-01,2.883785011336736925e-01,5.203988708138526098e-01,6.779663328409675227e-01,7.622717932874154556e-01,5.040009933164604217e-01,7.286363049170261341e-01,5.740177987498901180e-01,5.072432044932978501e-01,7.867978038125168494e-01,-1.983021431799525947e-01,7.730316498454489205e-01,3.793959106426283423e-01,7.376003583719956680e-01,7.053206725848473191e-01,3.905203396338416955e-01,0.000000000000000000e+00,7.199908562046847260e-01,6.126501635757255482e-01,9.346974411542284811e-01,9.249177448490883968e-01,7.536239563966379285e-01,4.459173775529863271e-01,3.381913562243762383e-01,9.235675802849340199e-01,9.023997426784173825e-01,8.983620335933113488e-01,5.318766627411671832e-01,4.473430618610308440e-01,6.482072464759869312e-01,1.724127072498514712e-01,8.488091881747648060e-01,5.147190593691932659e-01,9.431787618605189660e-01,6.271647823549866274e-01,2.985002727004813505e-01,6.505998764560857461e-01,5.912971138175993069e-01,4.023010688968207682e-01,4.205405984212292059e-01,2.664961637551047091e-01,8.884007231850670205e-01,4.453384348793761327e-01,4.452448322700525152e-01,7.788027282247269589e-01,8.487500148673882139e-01,4.470213106475524056e-01,5.369914351020104171e-01,6.762992369502876522e-02,9.771928140988733746e-01,6.048206868790001467e-01,7.523315295569197314e-01,6.674915289022345100e-01,4.881185893971022871e-01,2.961152621257074347e-01,6.227689042576767253e-01,9.547163034667368597e-01,7.731011579419579949e-01,7.712449062921946652e-01,1.444277887645862568e-01,5.326398974519295226e-01,6.406573607774910251e-01,9.994227332200805725e-01,8.569297066186756240e-01,8.422009647240629171e-01,7.319428937103886756e-01,7.369226803906572254e-01,2.826684351921382454e-01,8.579343800969496669e-01,9.349669271848880525e-01,6.408482345204969954e-01,4.352495906781856938e-01,2.650267688482449979e-01,8.279937160745430846e-01,7.547472719212616754e-01,4.712815543864710688e-01,4.495789105330270097e-01,5.185946810592194645e-01,3.495358441740376576e-01,8.585245623605548548e-01,9.182816836857010667e-01,6.631644201040214348e-01,8.083792181089305418e-01,5.241565778442440759e-01
