0.000000000000000000e+00,4.506079259057271247e-01,9.754943879354140979e-01,8.668462245479253703e-01,8.624878616287121602e-01,5.130953694678874744e-01,4.236264047954180212e-01,7.652713530792810692e-01,9.637078851778152488e-01,7.200921904743056157e-01,9.909367259650854187e-01,7.247705734687837076e-01,3.148155621725035047e-02,9.809874428305124239e-01,9.916577751621051817e-01,4.398256962281988369e-01,7.783019596857878586e-01,6.196544939607436797e-01,7.383691407133577966e-01,9.081145514880629710e-01,6.588881734504132837e-01,7.034870207471101144e-01,7.155799131844531313e-01,7.991076450386593866e-01,8.713283232950685964e-01,3.490613377146144503e-01,6.419957663046251817e-01,9.029646909101786134e-01,6.473522110730841606e-01,6.643033327015643863e-01,1.059334295596865427e-01,9.648896448362200839e-01,6.939777887166411752e-01,7.920434913505198793e-01,1.950250815775615987e-01,2.269679662185932201e-01,5.644851966017317979e-01,9.107494416365523593e-01,8.340860016902088558e-01,7.302478244624537318e-01,5.387413030061424246e-01,9.708319284045875408e-01,4.176917804538453072e-01,9.352167211892481458e-01,9.473097119472140282e-01,7.057466341159750467e-01,9.420393724642046607e-01,6.384403416503213746e-01,7.189482616170140838e-01,9.572220627865029030e-01,7.062323238484846666e-01,7.048395210104423381e-01,8.449366699464797570e-01,8.844698646949771259e-01,6.904913012455962118e-01,9.427738083037917605e-01,9.650937628932235723e-01,8.128195743172277332e-01,8.401482437699971939e-01,7.206991555775672520e-01,5.718376905905812047e-01,8.387359921273613850e-01,6.766069874110142157e-01,7.627228531762891839e-01,8.282250357332062718e-01,9.679552940491509272e-01,8.536086181241321347e-01,9.345767156096479455e-01,6.797932772475776542e-01,5.802284956814711681e-01,9.856948941329481961e-01,9.887348134168209013e-01,7.312252292066157011e-01,3.638593191077530986e-01,8.245696781586002722e-01,9.945518362153336067e-01,8.854388341534805695e-01,8.002635736686447565e-01,5.836858581071727725e-01,4.411847000493349658e-01,6.449443320094373489e-01,9.125988883181890277e-01,9.421266647650839987e-01,4.091689042183602742e-01,7.909828219134710237e-01
4.506079259057271247e-01,0.000000000000000000e+00,8.693326745711819070e-01,7.265979790742799205e-01,9.132330048479819773e-01,6.243527383192241098e-01,-1.806845320184946035e-01,6.615928392100303146e-01,5.672542324371373512e-01,7.695151544066736182e-01,7.197708917700178510e-01,5.369540180099168225e-01,5.416665793793459249e-01,8.882962376541676530e-01,2.976761131840725549e-01,9.389193156872300827e-01,7.026605936342239511e-01,3.934920081254930091e-01,3.162888011230715057e-01,6.809632613961229541e-01,9.606108483033503065e-01,6.617470658599435840e-01,5.962734851002275960e-01,6.723318264448980841e-01,5.983475769047259529e-01,4.955907956349491772e-01,9.841263554500581101e-01,6.891658833998829392e-01,7.581295108708301367e-01,5.128247979051719918e-01,4.572795355439549514e-01,6.804766212856219187e-01,7.877472842609245518e-01,9.190103900778977541e-01,1.178349675905063232e-01,4.815836816747989801e-01,2.536265314156347928e-01,7.455486695822379772e-01,8.965366603320225058e-01,9.997990188875044426e-01,1.456611840723569529e-01,6.118652080119821868e-01,8.536059896228036514e-01,5.387886948306038759e-01,8.019771627238415634e-01,8.561452855180502475e-01,9.426893942490832679e-01,8.813120972742315429e-01,6.723359417141636651e-01,8.943372559819521284e-01,7.556314859295221176e-01,9.717269649224840045e-01,6.810713295290332647e-01,8.856310048543405422e-01,7.206013709587614224e-01,8.142700616111202550e-01,5.171623495212428478e-01,7.403730599663020939e-01,6.282672281165712080e-01,4.354842301929198745e-01,5.834299525991164526e-01,4.786207593837937813e-01,9.434590110166473087e-01,9.521599387694674732e-01,9.710819226292268791e-01,6.023035195089927463e-01,9.310459216648964142e-01,3.689859070176332301e-01,7.108597442174353631e-01,6.617240789262751610e-01,6.650020367305197189e-01,5.604094532183035993e-01,3.823223948352989510e-01,5.951143915804627538e-01,6.030589808912312222e-01,2.944647490594716199e-01,8.244736106521146635e-01,3.131612608489167116e-01,-9.852831543602703912e-02,-4.403233834136408009e-02,7.828898505718420164e-01,5.256189035046557878e-01,6.759210058761512263e-01,4.777595408750265338e-01,5.071178162862030048e-01
9.754943879354140979e-01,8.693326745711819070e-01,0.000000000000000000e+00,8.639267352321844395e-01,9.557139442874508228e-01,7.363333551531513477e-01,9.165714213008959721e-01,7.439409745182504752e-01,9.895612626353966768e-01,8.011760274201352727e-01,9.389021002744646349e-01,9.587895313879645220e-01,9.656020348891919403e-01,5.793160561412284970e-01,8.467623348270038042e-01,9.672116925338162252e-01,4.778108728268537497e-01,8.503397987550730397e-01,9.225227578412362739e-01,9.784688165306131280e-01,9.415769773800026776e-01,7.739189028481676669e-01,4.016111842729595538e-01,8.564619114516194287e-01,8.725885199817027260e-01,8.493872618943104635e-01,7.410499355740371996e-01,9.273719158561607445e-01,7.683278640776450841e-01,1.610019747476005847e-01,2.676487642780179810e-01,6.508709244686687878e-01,7.868320648225710645e-01,6.031590248705559487e-01,6.183760991674899232e-01,2.962734209860394818e-01,5.998515115248335139e-01,9.681648310181745209e-01,8.499959815591544565e-01,7.563082497677976468e-01,9.251730729561808975e-01,9.653121371837030118e-01,3.929520166536171755e-01,5.549370136077625970e-01,9.365700338565333682e-01,9.528049667751352647e-01,9.562977797126220869e-01,7.927093148725615768e-01,9.877151637083965152e-01,8.313140136163180705e-01,7.651034165850713054e-01,8.956372218196487767e-01,8.553510282684619881e-01,7.267659184240777837e-01,8.036861955851594130e-01,9.077668993188169333e-01,9.037337463000824078e-01,9.590392180243739739e-01,4.525396345470054649e-01,3.734927992564583965e-01,4.506161224515176644e-01,7.144807368439657358e-01,6.619596462294998762e-01,8.940209236043289431e-01,8.714629470821493307e-01,9.167011292628780561e-01,5.191301273694932661e-01,9.587642559866939029e-01,4.119146961987365518e-01,9.618333407518591116e-01,9.047626091833186335e-01,5.990110741537602035e-02,2.245861558510796052e-01,5.648363390893047509e-01,4.884503948199073742e-01,7.067033632664696530e-01,6.571535670169903476e-01,7.988081828887799718e-01,6.067667948360699892e-01,2.413890610519464630e-01,7.785550155356240065e-01,9.561453745755570388e-01,6.494513509196135903e-01,7.330647388083106897e-01,9.348041582146859874e-01
8.668462245479253703e-01,7.265979790742799205e-01,8.639267352321844395e-01,0.000000000000000000e+00,8.130102908140731666e-01,7.130792620677605109e-01,4.857124355419285555e-01,5.157300687586240384e-01,7.436100522640962662e-01,2.454639670269990748e-01,1.705615565058654082e-01,7.932698713246363331e-01,8.881829715128525260e-01,6.276093887260658644e-01,5.597984296052538333e-01,9.186019844225931097e-01,5.000476179529663723e-01,9.499868721981011843e-01,8.462587594446669970e-01,8.536732791529357822e-01,4.832908879350499287e-01,5.982035597731050203e-01,6.746617035216423419e-01,6.413181127279690141e-01,6.404171016253934479e-01,4.200062824374876658e-01,8.049487728403047493e-01,9.127866447373170766e-01,6.701300419250413309e-01,7.538684226449707815e-01,4.014036114847004122e-02,2.243764249220409901e-01,8.296610172121277049e-01,9.391729509105506413e-01,9.166979554729378643e-01,5.535675627350633565e-01,5.255686228804381521e-01,6.373280350203459378e-04,9.709305692451907221e-01,7.511997663940301884e-01,2.172988112553070617e-01,8.602737500413281113e-01,9.650345213316028348e-01,8.808651471944511924e-01,7.680867096119911031e-01,4.518007474493070386e-01,6.667970226404160705e-01,8.490300774902184155e-01,5.053554268312732134e-01,5.795616857480716533e-01,6.108830336534621930e-01,8.265563237003935582e-01,7.666123860318485583e-01,5.434833486122350177e-01,7.309203304434894743e-01,4.389329400194421082e-01,2.562684531914888320e-01,5.893293361935818542e-01,7.316771308755875003e-01,6.127094484639831196e-01,4.661068411202430872e-01,9.708195871415634670e-01,7.649243811564264695e-01,5.368293205498263498e-01,9.975592421731452886e-01,6.248794142545486263e-01,6.687173415500905493e-01,6.190594192259102346e-01,6.164235422964634559e-01,9.642447635102068260e-01,8.624059402944239672e-01,9.081504963044640943e-01,2.108475972102122342e-01,7.419215391527542725e-01,7.606198636981110761e-01,5.646392880068527020e-01,6.663151050471063375e-01,7.484401117175946139e-01,5.904737449513497438e-01,3.057886424610815612e-01,8.096256494343091470e-01,6.657522887993814198e-01,4.480669435467714568e-01,6.590053384685812254e-01,6.890052430978067521e-01
8.624878616287121602e-01,9.132330048479819773e-01,9.557139442874508228e-01,8.130102908140731666e-01,0.000000000000000000e+00,4.624074671500206790e-01,6.483470308141650040e-01,5.101066309789008546e-01,4.219920333273161073e-01,7.826380569341810922e-01,8.760830259441574341e-01,6.799486901431615049e-01,9.899546695217297243e-01,6.391323296766955320e-01,6.062068065636577741e-01,9.868764339950961695e-01,9.908347784442989026e-01,7.856955722051883750e-01,5.224960168262356985e-01,9.103671733068489091e-01,8.355638823876863075e-01,7.089232981573250214e-01,9.342700611273693223e-01,9.415063382535402425e-01,6.069771984381540086e-01,8.402450038451781955e-01,9.034652845907977792e-01,5.822655915794563430e-01,6.701389027575379576e-01,7.634093133923575136e-01,3.559929011375843055e-01,6.583456133006069244e-01,6.459402386912082017e-01,7.164432383354740752e-01,7.417372599057783233e-01,7.601703087478957066e-01,5.706773030581802075e-01,2.587943489162262134e-01,6.803660613438101690e-01,8.148361509875873265e-01,3.150696471136169574e-01,5.861512374257612512e-01,9.495473245238716942e-01,9.914969233207084898e-01,9.397736640686497056e-01,8.906957562252213467e-01,8.231144474818947732e-01,6.663801414378319743e-01,7.421664665251891391e-01,9.178149814461006306e-01,8.390494664225088828e-01,7.921548267068411198e-01,6.253115211892958936e-01,9.097002852280139384e-01,8.840452394077000786e-01,4.609922807693572766e-01,5.724460689982665551e-01,9.554890041972459169e-01,5.900137061228983848e-01,3.154052978147316444e-01,5.687708241989971603e-01,7.134689280219154162e-01,9.072324391045998304e-01,7.213391582923625034e-01,9.402120416108564749e-01,9.227074312703351655e-01,4.802819890947896964e-01,8.416471158296945365e-01,5.716613118483566680e-01,6.984761952269048502e-01,6.288171151569738049e-01,5.856810026049124041e-01,4.780601515599194884e-01,7.294052303898601597e-01,3.219515304685557355e-01,6.408293781571811065e-01,5.802264684106145376e-01,7.426141186673971273e-01,3.160451565104105964e-01,3.014473415470487194e-01,8.895257933882249057e-01,8.625964113717590198e-01,8.326998513530992074e-01,5.294280492047325204e-01,4.734548152185580339e-01
5.130953694678874744e-01,6.243527383192241098e-01,7.363333551531513477e-01,7.130792620677605109e-01,4.624074671500206790e-01,0.000000000000000000e+00,6.327916634674889407e-01,9.566238218053931819e-01,9.756370321974146276e-02,7.117955763743807340e-01,7.295122819664520142e-01,7.484132830965519734e-01,4.889390002491345588e-01,6.112456064037049552e-01,2.255620036416051966e-01,1.286749781641505219e-02,8.798004745944926208e-01,7.901620812052277953e-01,8.004192683077210324e-01,7.385423312614637359e-01,8.420383222097043152e-01,8.513927381091721536e-01,6.429678671604964757e-01,9.525059359605591025e-01,7.630711204493603184e-01,8.721726132486045113e-01,5.781477621779732567e-01,6.105246450673789127e-01,4.246820573075852367e-01,5.091031046728928811e-01,1.403411906447954993e-01,3.591872481405109507e-01,7.654339001053562797e-01,8.549589654191974697e-01,2.504980050402454972e-01,4.927624488698176264e-01,2.012749887723144782e-01,4.573773149126291182e-01,6.260605530573049027e-01,7.315318728499959899e-01,6.530480876107669364e-02,5.802871397543644116e-01,9.782714175439379822e-01,4.378130126871208616e-01,6.139613639725168825e-01,6.191239122639754511e-01,6.620645500907745840e-01,6.109931150496442642e-01,4.394542734788019489e-01,7.561007643163877301e-01,5.420958353576054156e-01,2.832468464000759134e-01,7.284715324139906523e-01,9.999432193898898369e-01,5.385029462288472013e-01,5.026806656855867805e-01,6.810061728929036606e-01,6.560670654833299364e-01,5.375238275364102591e-01,6.661360431838680984e-01,5.554720280540681454e-01,7.991966875672693593e-01,5.114981849426460947e-01,6.115460769638842997e-01,7.260668188546282042e-01,7.656974078445224485e-01,6.333231207950484887e-01,4.008543364123978159e-01,5.072428176132821598e-01,4.726953387319722255e-01,7.612701747962165033e-01,4.860195480710008398e-01,1.928916436803912726e-01,9.826796634456022028e-01,1.655936537832065070e-01,6.362717604626484391e-01,5.241844714317388521e-01,4.882707522447802817e-01,8.401060292550281972e-01,5.862401482614957304e-01,8.570219351829204690e-01,8.573147749716838462e-01,8.054737741061604450e-02,5.347247830198613716e-01,7.237550997648161122e-01
4.236264047954180212e-01,-1.806845320184946035e-01,9.165714213008959721e-01,4.857124355419285555e-01,6.483470308141650040e-01,6.327916634674889407e-01,0.000000000000000000e+00,5.342344612856853026e-01,6.602812464129295122e-01,2.923352969741442875e-01,5.832740978146659927e-01,9.362982744595615969e-01,3.513445273252234213e-01,4.148032248547032785e-01,4.968988546629073411e-01,6.239684986456311977e-01,7.786292166642521106e-01,7.258237726338075957e-01,5.646112517773570483e-01,4.441389289877292201e-01,8.142298938351439919e-01,6.169480793565975674e-01,6.180022682716227456e-01,9.393439739956831458e-01,4.793610578958223400e-01,7.936850874403783562e-01,5.213404611655350074e-01,9.816702707201289124e-01,7.723534306346383493e-01,4.404958122536834497e-01,2.524405858980539041e-01,3.882711122394605363e-01,3.758969612831885021e-01,4.806212706566286297e-01,5.229639454539212196e-01,5.470090421725672947e-01,3.407739528569160292e-01,6.464384701735687022e-01,4.077657230290540058e-01,3.802493248950418181e-01,7.690424766299985837e-01,8.987959789703287017e-01,9.631451831045687584e-01,5.013326913632497606e-01,8.336123504749338720e-01,7.758080981047883462e-01,7.710728687432173434e-01,6.343698631774020713e-01,4.834182831002875602e-01,4.563385571711970345e-01,2.744013911451056997e-01,7.695583863478481224e-01,6.352637348709289089e-01,8.559293039605977427e-01,6.479212147694221047e-01,3.762695169799679107e-01,3.351652540440920314e-01,5.593692955458484661e-01,7.951185916999350400e-01,4.363480130758708442e-01,3.550410757702526232e-01,4.972769239248567841e-01,5.704135323863399609e-01,6.094931535181659088e-01,6.074196504044168110e-01,7.158098321902562899e-01,7.827106203101380499e-01,8.517860902434223336e-01,6.562337430964666485e-01,1.547821162021206787e-01,6.065459646533258864e-01,7.044038694014389534e-01,1.850997363126698561e-02,6.733764088983456020e-01,6.504281501093854834e-01,4.497621307546152969e-01,7.743798870050064842e-01,4.250282713922990396e-01,5.372025258490122912e-01,2.697075124795310641e-01,6.074383244988859065e-01,7.043910926612616530e-01,6.706931721015030323e-01,7.717441413811674256e-01,8.052910018122169111e-01
7.652713530792810692e-01,6.615928392100303146e-01,7.439409745182504752e-01,5.157300687586240384e-01,5.101066309789008546e-01,9.566238218053931819e-01,5.342344612856853026e-01,0.000000000000000000e+00,7.222492356255900692e-01,4.048884577693090403e-01,6.408535993921787854e-01,8.370369787445417487e-01,9.706777604147154292e-01,7.321468208653633125e-01,3.790355097630064840e-01,4.065801743667248336e-01,9.982613185225306385e-01,5.065464617156477667e-01,3.293909297736636876e-01,8.522010077816500884e-01,9.303994915334038440e-01,7.055487437030266706e-01,1.979618132913286699e-01,7.070618022157068028e-01,8.595438590194215411e-01,5.306197581456388868e-01,4.672851538747135880e-01,2.014200810953661880e-01,1.161492013205695228e-01,6.665983738472941456e-01,2.598817672967529968e-01,5.942015144168638630e-01,7.250071289617818771e-01,7.962589284623844410e-01,5.613630344713282927e-01,6.837691773142271501e-01,4.914340078777107990e-01,4.528934314022803331e-01,6.040649358880146869e-01,2.375787748876918570e-01,6.849986593389049139e-01,5.056861577660471951e-01,6.378243068671045624e-01,5.015900258770076281e-01,8.123988902206502605e-01,1.351086043075193713e-02,2.361146683302919880e-01,5.898349302107199765e-01,4.107556126752279768e-01,7.159108504710404164e-01,7.918413992890611652e-01,6.393782533351781705e-01,7.466945137442027036e-01,4.336983976558501097e-01,6.281209034130826874e-01,6.097572643065101161e-01,6.440694164297611213e-01,4.491965543885864665e-01,8.128919725295177257e-01,4.796419596281342734e-01,3.773160775849809800e-01,4.047355047657771321e-01,7.754136697915072762e-01,8.955777295775462221e-01,8.549212407262940516e-01,6.956336886301729416e-01,7.400163298719799609e-01,9.612250144136659236e-01,3.642744702122525657e-01,6.931939660503296796e-01,8.826823936270457027e-01,7.910893831262570952e-01,5.736901833877483536e-01,8.056483858487544225e-01,9.687747435334921331e-01,9.522364999713393008e-01,5.202775661295027110e-01,7.204922122354970870e-01,4.365330051835132619e-02,1.216175659007859011e-01,7.258811846487510655e-01,6.673439227717762323e-01,4.411521267704735516e-01,6.571661318897304982e-01,5.518612007369978478e-01
9.637078851778152488e-01,5.672542324371373512e-01,9.895612626353966768e-01,7.436100522640962662e-01,4.219920333273161073e-01,9.756370321974146276e-02,6.602812464129295122e-01,7.222492356255900692e-01,0.000000000000000000e+00,6.174997663581666130e-01,9.932644291704918471e-01,2.623655079500691878e-01,7.946101495373176782e-01,6.962148056858780132e-01,4.304085707377841019e-01,7.143950749075624884e-01,6.965679860280802327e-01,9.280392632056748692e-01,7.452706875634945716e-01,8.789147886044778035e-01,5.335052573108520768e-01,7.355831996036943377e-01,8.159632461550501148e-01,5.883234515415518562e-01,6.302887791515322524e-01,6.145188010162373482e-01,5.241610398128082604e-01,6.417256372765157701e-01,6.161031350426953157e-01,5.422306780369336998e-01,1.864317675363972582e-01,4.922868415556826971e-01,9.758135361896995708e-01,9.107998832606908346e-01,1.118103412144489939e-01,4.435055920262989670e-02,7.924144436630875532e-01,7.176653634144087857e-01,3.023813464486108105e-01,5.527854515345334008e-01,5.695197846522249696e-01,7.515084260759530288e-01,9.173283284641208235e-01,7.787421518839233725e-01,7.177746653812788757e-01,7.889681585935003350e-01,5.620203728264707710e-01,6.728938077493742398e-01,3.855770848107049897e-02,3.869200612249015792e-02,7.976251070187175829e-01,4.719567457194472349e-01,4.541299746040595164e-01,9.180609860470233530e-01,3.251816462808679864e-01,9.887327992983689917e-01,5.289296361656141698e-01,7.412697807396264604e-01,8.414130385381702881e-01,4.085951455015444100e-01,7.424481526310126034e-01,1.985069817958898253e-01,6.381013650354757649e-01,8.847948730274775020e-01,8.765807169981991720e-01,5.885906050289684277e-01,2.962570467473245595e-01,6.723803046209835266e-01,8.440131816758281724e-01,6.718054292348717427e-01,7.967973060846407218e-01,9.972290910265384500e-01,6.598674927890322284e-01,1.973658773915034637e-01,5.652197083382113352e-01,8.224674923888940503e-01,6.118110834126643249e-01,7.363057634857737010e-01,3.044572099967487455e-01,-7.604962918441943165e-02,7.513291877730131629e-01,8.693487859052446698e-01,9.589711872172239637e-01,3.840214174214033882e-01,5.622372417326514382e-01
7.200921904743056157e-01,7.695151544066736182e-01,8.011760274201352727e-01,2.454639670269990748e-01,7.826380569341810922e-01,7.117955763743807340e-01,2.923352969741442875e-01,4.048884577693090403e-01,6.174997663581666130e-01,0.000000000000000000e+00,6.436639343120895695e-01,6.687377258215216891e-01,9.745617837731863631e-01,7.091370701285854006e-01,6.849390422249219679e-01,3.603249370052800105e-01,8.641058552460642028e-01,7.947945818533106443e-01,9.521780827503618649e-01,7.537607350962555186e-01,8.608745871961251961e-01,5.833695499443644072e-01,5.362126238172378878e-01,6.627905507402892527e-01,8.003939090864236050e-01,8.871268324315479958e-01,9.747650448421996128e-01,7.361666186238050580e-01,6.563309940115521490e-01,5.803679484777951592e-01,1.017850575261379648e-01,2.659200195972644676e-01,7.138840968788939811e-01,9.085370768966977151e-01,6.805903670167506858e-01,3.328352611603986322e-01,2.068790296901303338e-01,9.239410030972559917e-02,8.942601375707515121e-01,4.382784745726337472e-01,3.281463318907682503e-01,7.060809077518958032e-01,6.759557715766217889e-01,7.875001945957538219e-01,9.111898164635772179e-01,7.823708540526218558e-01,8.411301729070873590e-01,2.374587941917375156e-01,8.007157970736852315e-01,9.073357249015383541e-01,7.857168701962250479e-01,9.270555283956860571e-01,7.563100010693691866e-01,6.542822146914910597e-01,7.700045578914680444e-01,6.476400130440456149e-01,6.185138229995290615e-01,8.548372495458250730e-01,8.023172069199430156e-01,6.635438585514328302e-01,5.910648611667959074e-01,6.113323852953288506e-01,8.532652643383210611e-01,9.203116785158673707e-01,9.639671999313956796e-01,7.321302253490004075e-01,9.146516638568502611e-01,7.183646700827074350e-01,4.533056468980179998e-01,7.155434105250674248e-01,6.688181905019385809e-01,5.464552426837123722e-01,5.240799149371143661e-01,5.379639160196453274e-01,4.010629338089505280e-01,2.130531804366418425e-01,6.906639151441282820e-01,5.462301192674927641e-01,9.190046917252447933e-03,5.009785764175956890e-01,4.067929009792841666e-01,9.689367416871778049e-01,7.423622299644339062e-01,1.527120354204318797e-01,6.866545689936321972e-01
9.909367259650854187e-01,7.197708917700178510e-01,9.389021002744646349e-01,1.705615565058654082e-01,8.760830259441574341e-01,7.295122819664520142e-01,5.832740978146659927e-01,6.408535993921787854e-01,9.932644291704918471e-01,6.436639343120895695e-01,0.000000000000000000e+00,2.176243752282370492e-01,6.297137289345654532e-01,1.451851109088506953e-01,4.201623868258317351e-01,9.268472356005753587e-01,8.075967746141258230e-01,8.480537628184012799e-01,5.988535419601819232e-01,6.348614923321584946e-01,6.240799295530089497e-01,6.346685532355175186e-01,7.726092911891713211e-01,8.284108203859039676e-01,5.562526530100204702e-01,6.907008929260992636e-01,6.100959332860573792e-01,5.852762958485410172e-01,7.226521622374759701e-01,4.472811661815093709e-01,9.941979713023573872e-04,2.551819709041246997e-01,5.364425835146489074e-01,7.674001275414724654e-01,3.042550633275505900e-01,3.673333839281345270e-01,1.949768173799344972e-01,9.260159433854029398e-01,9.322454832120794510e-01,3.081746432808831759e-01,5.765598138194240052e-01,6.097504574464358562e-01,8.466118388713690379e-01,4.688617938956122777e-01,7.374044468458357260e-01,9.518148269905315484e-01,9.064321328784632481e-01,9.653852218577168021e-01,5.198960314287365270e-01,7.008858768874947076e-01,6.854889216030242149e-01,4.743624864543905528e-01,6.120965162569373952e-01,9.170006704406968856e-01,6.200988033850703962e-01,5.015713710787559343e-01,9.291342780356577347e-01,7.055503686530943952e-01,7.251410632538628498e-01,4.687771436876073672e-01,7.881900524343057324e-01,1.679906144570860738e-01,2.229653073188145873e-01,8.798080794229361512e-01,7.351475477472020348e-01,2.097392891914766702e-02,2.779880831010387854e-01,8.003161527148630050e-01,3.854012643497857216e-01,7.794732112566327142e-01,7.529300370397424835e-01,9.708759025692911271e-01,5.228068060786382754e-01,2.365701690887958564e-01,6.068813288273885442e-01,6.601877772631947749e-01,7.054817807247694139e-01,5.739776438480201914e-01,7.712299202443813062e-01,1.899984028815509818e-01,8.012212117405904666e-01,-3.027483190611421349e-02,4.871268657235998667e-01,7.216931850758647737e-01,3.403559634256736466e-01
7.247705734687837076e-01,5.369540180099168225e-01,9.587895313879645220e-01,7.932698713246363331e-01,6.799486901431615049e-01,7.484132830965519734e-01,9.362982744595615969e-01,8.370369787445417487e-01,2.623655079500691878e-01,6.687377258215216891e-01,2.176243752282370492e-01,0.000000000000000000e+00,9.957418580175320111e-01,4.491055981322515378e-01,7.455375410305760120e-01,7.617658507815194824e-01,6.626861396170070639e-01,7.153806754029461423e-01,4.889670153826511934e-01,7.332966219843159994e-01,7.387806058088157712e-01,9.246280063723287812e-01,7.625143856380651730e-01,6.827447023209733956e-01,7.508579145265100729e-01,9.944280476321302187e-01,8.318491497496074416e-01,4.226996776466677153e-01,2.688207867818374064e-01,1.995128567087367244e-01,4.439355997037527368e-01,7.016404769184153567e-01,4.395163980441725848e-01,5.391864931773032721e-01,6.049633489665895425e-01,5.870276967155451109e-01,9.499550967618085318e-02,5.950242689596401124e-01,3.496234555053147064e-01,6.476512530024368663e-01,3.173620269059218013e-01,6.249519981779679823e-01,4.001731206365989335e-01,4.652467627146535389e-01,9.365579332931457390e-01,2.219564296741741161e-01,4.873419128054142235e-01,5.005568767058876656e-01,4.217294398616281970e-01,3.058759672944856844e-01,6.515603109975767193e-01,4.108705591819012404e-01,4.284380428273203423e-01,6.074998479718001221e-01,8.795570903031427745e-01,7.667169823790438432e-01,8.880529510170953600e-01,7.904072398508581454e-01,8.666191000819837287e-01,7.842987696037024836e-01,3.764847092985508792e-01,4.745780577808423328e-01,7.387726092525377375e-01,6.493837729650552282e-01,9.204216614852782641e-01,3.308636690527467228e-01,3.161668305439402915e-01,7.161039742494672566e-01,4.562000935603847673e-01,9.898420822971107924e-01,7.087552769885990811e-01,7.843631913337539840e-01,2.518760354634564935e-01,9.626013539924734852e-01,3.348204593307915200e-01,6.687359504028220769e-01,8.731364079910902687e-01,3.500444949953677720e-01,2.099534882082449427e-01,2.810363777617988501e-01,6.301299697224043150e-01,6.333643192716067460e-01,6.983759758870319301e-01,6.968280823793067125e-01,5.015275958000421364e-01
3.148155621725035047e-02,5.416665793793459249e-01,9.656020348891919403e-01,8.881829715128525260e-01,9.899546695217297243e-01,4.889390002491345588e-01,3.513445273252234213e-01,9.706777604147154292e-01,7.946101495373176782e-01,9.745617837731863631e-01,6.297137289345654532e-01,9.957418580175320111e-01,0.000000000000000000e+00,8.074568389655892853e-01,9.486484077439377716e-01,4.025638888393976433e-01,9.092308527164940646e-01,3.792390705369265702e-01,8.252080604420394261e-01,5.758131841675946383e-01,9.415192810126358225e-01,9.344888430643836230e-01,6.857111743084510769e-01,7.902342257525420965e-01,4.701144510194334436e-01,4.798637706617555065e-01,9.572566771494402937e-01,9.073133888674631553e-01,5.878762560441084251e-01,5.054469728105449589e-01,5.011084255998643489e-01,5.216241024314628438e-01,7.167066840693554486e-01,7.876861610866010555e-01,5.881028072853610178e-01,2.782348341580628270e-01,2.859333567730221737e-01,8.706433085406974914e-01,4.627301867749378794e-01,8.098645997345790271e-01,6.552458125502034214e-01,5.888888505779164007e-01,7.762861950325602445e-01,6.854246891582821410e-01,8.704372697075226650e-01,9.100591438061613747e-01,7.892954835422558713e-01,6.581643051398636812e-01,8.758878586954370604e-01,9.587508093844135937e-01,9.527959827017279393e-01,8.934551802526849995e-01,6.631837098367373562e-01,8.346135333943451862e-01,6.059752264217305173e-01,9.434091529157790923e-01,9.457797582068638853e-01,7.389206463477075992e-01,6.269060280615931235e-01,4.133235790064016535e-01,1.887407874930856766e-01,6.586656086242019814e-01,7.964429756184140397e-01,9.650204614173141238e-01,8.981050753443218237e-01,6.913494956799638436e-01,8.792832382407664849e-01,9.294584669446004366e-01,6.704655115509312591e-01,6.277469276372620310e-01,8.218417106195973210e-01,2.371097686523067627e-01,4.935530558617143293e-01,4.842855222767031287e-01,6.578017951871121261e-01,5.818416808197153234e-01,8.913145048513483326e-01,5.217563189991842876e-01,6.917263289020835204e-01,1.561236966070103094e-01,8.310217170288070054e-01,7.996174904904453928e-01,6.288778967075375759e-01,8.950869390975162432e-01,5.699887063860102909e-01
9.809874428305124239e-01,8.882962376541676530e-01,5.793160561412284970e-01,6.276093887260658644e-01,6.391323296766955320e-01,6.112456064037049552e-01,4.148032248547032785e-01,7.321468208653633125e-01,6.962148056858780132e-01,7.091370701285854006e-01,1.451851109088506953e-01,4.491055981322515378e-01,8.074568389655892853e-01,0.000000000000000000e+00,6.734674848390878044e-01,9.961237091493782003e-01,9.809540140371970640e-01,4.398465986058220922e-01,7.288261407469291964e-01,6.752138007137401532e-01,2.877175890516529000e-01,6.837854893207341300e-01,4.058179362853925332e-01,9.971523711805156953e-01,4.428126258257042980e-01,6.390736526520586214e-01,7.178732990507106226e-01,8.638616664339355822e-01,5.550856547435736865e-02,7.497821847130841100e-01,3.416618012099617019e-01,6.246022111194002857e-01,8.784640947585511395e-01,7.658310910727070819e-01,6.402313973519907497e-01,2.420200724259624347e-01,4.754867309047450252e-02,9.490553245504358415e-01,6.352623722712062992e-01,8.286449775433398779e-01,7.157079281645252200e-01,4.393746611162857030e-01,8.064408187470439859e-01,9.570599914638225902e-01,6.961982321508973781e-01,6.713457103214401922e-01,3.949493958865297749e-01,8.045581115269480055e-01,3.139749766446640056e-01,6.021675411581147719e-01,7.128849143475763928e-01,9.628252549592720699e-01,7.986565262485576522e-01,4.028580673034451998e-01,5.547645839058477080e-01,3.429071302247247433e-01,4.150792713641015541e-01,4.052686275378368785e-01,6.301734701521362059e-01,4.506833225873767002e-01,2.244822232118899585e-01,7.375059282654479187e-01,7.369171722014921100e-01,8.859941301481744080e-01,7.945674396458376476e-01,2.675289704227113985e-01,4.406257293411818821e-01,7.344037270270924456e-01,6.564292307300922946e-01,7.315331712763982752e-01,3.021595949011357529e-01,5.710155369360548905e-01,9.174466317829497175e-01,2.923115324261571502e-02,7.366104088794951377e-01,6.890201923078961288e-01,9.326621475432289587e-01,7.774405357037253994e-01,-2.412563837431194735e-01,2.004689958779040937e-01,7.820239775442935359e-01,6.705104283716341040e-01,4.785116092664341569e-01,1.429190384595765417e-01,8.459402059271088348e-01
9.916577751621051817e-01,2.976761131840725549e-01,8.467623348270038042e-01,5.597984296052538333e-01,6.062068065636577741e-01,2.255620036416051966e-01,4.968988546629073411e-01,3.790355097630064840e-01,4.304085707377841019e-01,6.849390422249219679e-01,4.201623868258317351e-01,7.455375410305760120e-01,9.486484077439377716e-01,6.734674848390878044e-01,0.000000000000000000e+00,7.805055819371105041e-01,6.314996467079799780e-01,4.681815615732864422e-01,2.161262680251970214e-01,4.527216500015979195e-01,5.319079339508600013e-01,4.471218636152778370e-01,8.271181073173760057e-01,2.124749659852982198e-01,7.990944935107330283e-01,5.699208629005727555e-01,9.845025144098955572e-01,2.575410754078980013e-01,3.625188198140310014e-01,7.205762880387013292e-01,5.111729394992281517e-02,7.570101895471275100e-01,4.722975834705935849e-01,6.884653445030122221e-01,3.002311897113473238e-01,7.367751762205348998e-01,3.394378605615607780e-01,8.877507872591431370e-01,9.099157455578539277e-01,7.408779459917609334e-01,3.242746089264039178e-01,6.884706197343093415e-02,9.133282856143615236e-01,7.468869542514062765e-01,2.613508556040291531e-01,4.124711258922295065e-01,5.484595730998379493e-01,7.889318952369984705e-01,6.802969850883475722e-01,7.205879197533655578e-01,7.371258010738342970e-01,4.778107627983306238e-01,9.502069872363545500e-01,6.060666473603364413e-01,6.359646678046265711e-01,9.259269333791989576e-01,5.638762949583918660e-01,7.456659465482289306e-01,9.842691488518200416e-01,1.180006822317001824e-01,2.685234024204892211e-01,3.684553983514262665e-01,7.353484911162893045e-01,5.793151754953129728e-01,8.540654598665752273e-01,7.901862804723456257e-01,9.233858124955484081e-01,9.829358598329114294e-01,6.404283978784599540e-01,8.076743139235863511e-01,8.898700256664386909e-01,9.843752549035269528e-01,4.160051749310532676e-01,5.466729225760920130e-01,1.760477047959547181e-01,7.092245105191448129e-01,9.254531676045474331e-01,4.299117146352837149e-01,5.479892058194260063e-01,2.029335710514146018e-01,9.068190981029677911e-01,8.638723383289741431e-01,1.868482395982064836e-01,5.497167161785986300e-01,9.132849046747384403e-01
4.398256962281988369e-01,9.389193156872300827e-01,9.672116925338162252e-01,9.186019844225931097e-01,9.868764339950961695e-01,1.286749781641505219e-02,6.239684986456311977e-01,4.065801743667248336e-01,7.143950749075624884e-01,3.603249370052800105e-01,9.268472356005753587e-01,7.617658507815194824e-01,4.025638888393976433e-01,9.961237091493782003e-01,7.805055819371105041e-01,0.000000000000000000e+00,4.061381419934454451e-01,7.219405001792496002e-01,3.122881389833739862e-01,8.328317506177054241e-01,1.529888394359447956e-01,4.923445710320182300e-01,9.703980023023299761e-01,9.316332799480465665e-01,6.243268509986321657e-01,3.312323942783074182e-01,9.090032130637382135e-01,7.650159549867170394e-01,6.068741928238620131e-01,6.874520297554163051e-01,3.208780252050058568e-01,5.197623088096763322e-01,2.917920346372643303e-01,7.225098313454080268e-01,8.013775169341911253e-01,2.848265473317466157e-01,5.836075419773223416e-01,4.840233895329787428e-01,6.915911614952426900e-01,9.717151213425728740e-01,7.311232722745630852e-01,4.864198311905522099e-01,4.847286357161560422e-01,8.292508085326565359e-01,7.848953197041129703e-01,8.270133530345286088e-01,8.548898245439990884e-01,5.214638724371269962e-01,6.274378567991053535e-01,9.883448072057691158e-01,3.856316499329597303e-01,6.262605487510595204e-01,7.792867584366949263e-01,4.629595229728756256e-01,6.940479592232747796e-01,3.089786805205512743e-01,7.792082504878514726e-01,5.892333587293723252e-01,4.767935013877475647e-01,3.867239850032752058e-01,7.727038946975248734e-01,6.420245141701449443e-01,4.905670181414303888e-01,6.687814124920694603e-01,8.500121812830964130e-01,2.536393664237999168e-01,6.130066409102468139e-01,8.200741159598620156e-01,5.426097276880399445e-01,6.189687901129975467e-01,4.421761263260005070e-01,9.729481237638688551e-01,9.646463236492841542e-02,6.991615784052886973e-01,6.480014381428992332e-01,8.085229094863649602e-01,4.751610589273430607e-01,6.495866375279759630e-01,6.888210309008020449e-01,4.960231093130071378e-01,6.344711003517389258e-01,9.983244376266786624e-01,9.409129865468319753e-01,5.065557189015402750e-01,4.076267813278768304e-01
7.783019596857878586e-01,7.026605936342239511e-01,4.778108728268537497e-01,5.000476179529663723e-01,9.908347784442989026e-01,8.798004745944926208e-01,7.786292166642521106e-01,9.982613185225306385e-01,6.965679860280802327e-01,8.641058552460642028e-01,8.075967746141258230e-01,6.626861396170070639e-01,9.092308527164940646e-01,9.809540140371970640e-01,6.314996467079799780e-01,4.061381419934454451e-01,0.000000000000000000e+00,4.045871407998145042e-01,9.321375893629131326e-01,9.664639758257962399e-01,9.010070657944629913e-01,4.855532973659492657e-01,4.840410725605592823e-01,6.464346050072375949e-01,6.694510408060323492e-01,5.511097529586922450e-01,9.236022380019834888e-01,7.698464679044347836e-01,3.876434109721816901e-01,-1.790356083621702510e-02,3.318946991816804637e-01,9.409809176695052013e-01,7.159181573559597611e-01,5.046178209415369542e-01,9.438706229181405005e-01,4.132940200401540864e-01,2.040348859770149681e-01,7.864223603777412697e-01,8.380744881640425081e-01,8.920468829966363700e-01,4.373352156037982330e-01,8.636749141480547509e-01,5.006800159890203439e-01,8.534915398143299026e-01,8.750731755118770216e-01,2.564690403764707805e-01,7.249917178473072044e-01,5.761456905133000017e-01,2.813593253197100852e-01,9.266312468514935619e-01,8.213228146647794103e-01,5.821341396785078004e-01,9.671649368404480196e-01,9.462692533366077186e-01,7.989752611221898615e-01,8.517773351312154517e-01,8.262748275394324882e-01,9.012969422817327381e-01,6.845759002082145717e-01,3.082618958647581620e-01,5.295595986116294895e-01,9.713261742578985780e-01,8.754836519756781232e-01,7.841255702381991766e-01,9.169842598213204798e-01,4.290863042678454975e-01,9.744374729505882460e-01,9.216875645931328354e-01,4.601929540121639794e-01,6.367410924230090252e-01,8.715181329348113959e-01,8.895782325769933108e-01,6.690033800632481098e-01,7.392969361779964110e-01,9.713673688053590105e-01,6.724353859527609778e-01,8.334116324916223117e-01,6.775132523559270759e-01,5.738631087597030334e-01,2.071684204304622412e-01,8.546980406597616264e-01,8.303354125199552405e-01,6.762386904606971783e-01,4.247912680866108293e-01,8.890310345168885853e-01
6.196544939607436797e-01,3.934920081254930091e-01,8.503397987550730397e-01,9.499868721981011843e-01,7.856955722051883750e-01,7.901620812052277953e-01,7.258237726338075957e-01,5.065464617156477667e-01,9.280392632056748692e-01,7.947945818533106443e-01,8.480537628184012799e-01,7.153806754029461423e-01,3.792390705369265702e-01,4.398465986058220922e-01,4.681815615732864422e-01,7.219405001792496002e-01,4.045871407998145042e-01,0.000000000000000000e+00,7.883154527331606154e-01,8.451434499494909769e-01,6.518122554755264586e-01,6.098526771321189921e-01,7.515052933614406738e-01,9.876360719297787583e-01,5.402289657934629119e-01,7.729089373118149808e-01,9.014585299992823320e-01,6.348349579721866975e-01,2.439524279560417175e-01,3.400809814307462764e-01,7.225342566452280790e-01,8.922743567695825551e-01,8.899349725101498576e-01,9.277877544289471201e-01,9.548104261974201812e-01,6.399474398450265555e-01,9.470005061195166385e-02,6.762768595562524965e-01,8.148728741811275267e-01,5.101786673043622322e-01,4.200764725778466935e-01,6.479957148265140798e-01,4.743324772671936862e-01,8.410280657508331092e-01,8.202011135190111490e-01,7.226306021648291056e-01,7.736359032548367765e-01,6.302201833580299839e-01,2.052547162731335403e-02,3.176657390624138336e-03,7.590806935076958029e-01,6.175928053849715216e-01,7.733556481174549413e-01,4.254773987641435884e-01,8.185329086825645639e-01,7.417624784420371320e-01,9.849070735654650299e-01,3.917299315174055385e-01,2.637105320745189441e-01,5.558865316193278838e-01,9.647727785720296989e-01,7.630602062339908453e-01,6.842561269861739959e-01,9.452110925408475639e-01,9.863189895248302141e-01,9.727691541380499851e-01,9.575591327027346278e-01,9.378953252278949826e-01,6.284519776337457175e-01,9.962026854935569498e-01,2.015306631940817217e-01,4.399610106291064193e-01,2.705178494356011432e-01,5.061865937326004428e-01,9.688740267166114917e-01,5.205226894800789594e-01,9.277003354742416885e-01,5.076768726445201052e-01,4.111997337432101163e-01,2.228723493500790742e-01,7.201371190475698292e-01,8.350713755893319767e-01,9.419528140396663529e-01,5.810765365438059771e-01,7.108195083129601466e-01
