0.000000000000000000e+00,7.234880422392175880e-01,6.326511135182786294e-01,7.573592698036062387e-01,1.668403744218301676e-01,9.557691336243663294e-01,9.661414793775698895e-01,9.454684174363745530e-01,6.013361380935177136e-01,6.339426644698449298e-01,3.759910684168723538e-01,9.273493904494148898e-01,8.277144234623806662e-01,4.433498103807285706e-01,7.082505459052440555e-01,5.018174355338332893e-01,8.192334718551267381e-01,8.879229666301369228e-01,9.395883322495087731e-01,6.601587372340296245e-01,8.467642456810030582e-01,8.794912046251830429e-01,9.134847004790193070e-01,6.686391319424042079e-01,9.508843511193032505e-01,7.292203528606466811e-01,6.043657629070211534e-01,9.824758371453217176e-01,8.380873644094954944e-01,5.431053357966370010e-01,4.749803852013655403e-01,6.873822540833269823e-01,4.912279574453903286e-01,6.885801268993555491e-01,7.417485561477268341e-01,2.131799760466363547e-01,1.108467634288337056e-01,9.392006835264204989e-01,9.747864295145314273e-01,9.334497740692738743e-01,5.200927740534675436e-01,9.875904277496054817e-01,1.421661898742500596e-01,6.666896562215203215e-01,7.187306106424127261e-01,9.196002495518077469e-01,3.012118531889969586e-01,9.926826995323886349e-01,8.984656523972304187e-01,8.939323801742294906e-01,5.941812716174657005e-01,8.211172891093377890e-01,8.175396211525519652e-01,8.864083145355657889e-01,6.296090532822714581e-01,6.036820644713170037e-01,9.444370672346380502e-01,9.671647181975533414e-01,9.165138727610064873e-01,2.473199483676505328e-01,5.377270493934581674e-01,5.534316992181418371e-01,7.188604955947761610e-01,7.685657075206799860e-01,9.211525919879834934e-01,8.206133365414288727e-01,9.644831227826904385e-01,6.117697938863438933e-01,6.644638742739892301e-01,8.438121953559570843e-01,9.048898910431935061e-01,7.932666980211934282e-01,7.984494815548367486e-01,4.457305152374438917e-01,9.315947235628027068e-01,9.637128188676397089e-01,9.528127785307449749e-01,5.814185032262384478e-01,3.596717416314633153e-01,4.166726142882763995e-01,8.179185916393413303e-01,8.701617750282037989e-01,4.432602375649626891e-01,2.674907855242701915e-01,8.084926417089421946e-01
7.234880422392175880e-01,0.000000000000000000e+00,8.507816365108930023e-01,8.771068341977289462e-01,7.995829958300563201e-01,7.534651913145277158e-01,4.927335744227270831e-02,6.765778378945210836e-01,9.986353998802766085e-01,2.310949264722000351e-01,3.133052494328005255e-01,7.939476038397539348e-01,5.608484740188572903e-01,7.076536121083371045e-01,7.030126061189392317e-01,6.355951741685867962e-01,7.882481566606100998e-01,7.066437609094634587e-01,7.970967407545351824e-01,9.344736412779178769e-01,8.878936590844602739e-01,7.142383769692808304e-01,7.102058467131960873e-01,5.963104878399037023e-01,6.799606785055289926e-01,8.011166395442739230e-01,9.952329164293918229e-01,7.545525053678713290e-01,7.850569061298319218e-01,2.954875231534765390e-01,2.274457899282969209e-01,7.961661657742498122e-01,7.166357847396612746e-01,4.402322247560556123e-01,9.306426553979474381e-01,4.404952548201035989e-01,2.332802103006060002e-01,2.648746396714475315e-01,7.096022695215852272e-01,5.702654183515608599e-01,3.489607605083238084e-01,4.215512630058074195e-01,8.297026781287073494e-01,3.163613949235443701e-01,9.731662226643997826e-01,3.946356871032163927e-01,6.504206552180092915e-01,7.962633358046569132e-01,7.375466227823914700e-01,7.906191119684375934e-01,7.496729723613513308e-01,2.793629267678564565e-01,6.748195715258821226e-01,9.918019245896800840e-01,1.641881155948994586e-01,8.668231235481141939e-01,8.673623366648806066e-01,4.317879943667146669e-01,8.769226946632294739e-01,5.193361685749285916e-01,7.966116453271505637e-01,5.944006257749898658e-01,7.621042014164060019e-01,9.682628259183804209e-01,7.560833968203986011e-01,8.472538484139664483e-01,8.624721598127387256e-01,9.206286516027366584e-01,2.548785353946735888e-01,2.642495014602128101e-01,9.251096856932353729e-01,5.448557339065381866e-01,5.174030330541191658e-01,2.645418489811739507e-02,4.278047137966276003e-01,9.618839255477372729e-01,8.356751610817042542e-01,5.189690783321152523e-01,4.193588697392574005e-01,1.804019963297877338e-01,5.601477402872118150e-01,8.744495498313579196e-01,6.950372643850142307e-01,4.974956295365147163e-01,7.011749752649319989e-01
6.326511135182786294e-01,8.507816365108930023e-01,0.000000000000000000e+00,8.464756506554308446e-01,7.074586014642435527e-01,7.225095155036401762e-01,4.902735210896452256e-01,3.116988998531687316e-01,5.205465285142951704e-01,6.501390997737998001e-01,7.218952406247668430e-01,9.611600011922947218e-01,6.321868690916847555e-01,4.140290702691323821e-01,8.155091567390043705e-01,7.710582136693474586e-01,5.961464127986721984e-01,7.502134170676227898e-01,7.689702980484177663e-01,6.431398390904522477e-01,7.692107174272407866e-01,8.579263805785553032e-01,7.893401312688135274e-01,9.484935172546102855e-01,4.572341206994175455e-01,9.032599595780184121e-01,8.695296875701521433e-01,9.349402473562736793e-01,4.223244407662616884e-01,9.413907019307876656e-01,6.300125506597635816e-01,8.628317438878736478e-01,7.581032890590329032e-01,7.777171103868782964e-01,6.709263410089101320e-01,7.419221666939010973e-01,6.639576820404182733e-01,9.092004059808985739e-01,5.298795084679034373e-01,3.537474052622153198e-01,5.312722252117534766e-02,8.781378993720222459e-01,3.143283791152872708e-01,9.470318568064911569e-01,8.322064035863637743e-01,9.036652990548208475e-01,8.924800387402538338e-01,9.265467626037715565e-01,9.652336427583937395e-01,9.985444054755230336e-01,9.760525259353645122e-01,9.505314692383082242e-01,8.276167842836831268e-01,9.507913152897062847e-01,9.762733207712723793e-01,6.376841978953294854e-01,8.112683608184003692e-01,8.319214491611442996e-01,8.551118985173060683e-01,5.291921566765428464e-01,7.385678735856634480e-01,8.172540611910591446e-01,4.862983401606498224e-01,6.515834360961856309e-01,5.843664067456384448e-01,9.450698771218462024e-01,9.871526822621217168e-01,9.466566361698487420e-01,1.181831427070515056e-01,2.258097736681697054e-01,9.572514120457533693e-01,6.749768766573877032e-01,3.607509309254588459e-01,2.573119657646112390e-01,9.549850858076192051e-01,9.599101199231684367e-01,9.451484712542097544e-01,5.137699225163278038e-01,5.769841101190517074e-01,3.047000767441360725e-01,8.395817258564668428e-01,9.773653492594929215e-01,6.168676970094916223e-01,9.401385041463102832e-01,6.672357413447038699e-01
7.573592698036062387e-01,8.771068341977289462e-01,8.464756506554308446e-01,0.000000000000000000e+00,9.522723007552260643e-01,8.911345923288607196e-01,6.522698228110622720e-01,5.825879158474344122e-01,5.607813285802802916e-01,2.138681233809718377e-02,8.773514838257491233e-01,3.315227231273182307e-01,8.326049843466876155e-01,6.877432785709196583e-01,9.403649802492347609e-01,6.633580288839406869e-01,4.241955796250976296e-01,3.663011550975763253e-01,6.398184300944642633e-01,8.637607662869638547e-01,5.863526201005602179e-01,8.558463196889930513e-01,8.051342663956656542e-01,6.047165750111320737e-01,3.780771989909225139e-01,8.487797915849889518e-01,6.116089479124753314e-01,6.912414237885654567e-01,5.630596605370263852e-01,4.881317835803056573e-03,5.902954423209461066e-01,4.988326169136823585e-01,4.468651445946766332e-01,3.794608894173582825e-01,9.389181787983043037e-01,6.668621075616203431e-01,7.861677649306600402e-02,5.899915694031866442e-01,5.217903731476620788e-01,7.355834116004402734e-01,7.025005076573719309e-01,8.128665552313859566e-01,7.029977660608063283e-01,7.217489600306372655e-01,7.235426278638433795e-01,9.630908716794097657e-01,5.573546603378253250e-01,8.166249094532873620e-01,5.305216680342381697e-01,6.030519025192015992e-01,6.266590426453986229e-01,9.229947006765008011e-01,4.652843814808856338e-01,8.887385508686631574e-01,6.649495177316065986e-01,7.835902984707200369e-01,9.325284459163258877e-01,9.422592879894660101e-01,6.436398997547194689e-01,7.476808101055206768e-01,6.019004348715902841e-01,7.476156534030853340e-01,3.859964331169266627e-01,5.682511441465400992e-01,8.500001539607374701e-01,7.756373684640768262e-01,6.755674007294057981e-01,9.506086455049858053e-01,6.129022861230496444e-01,7.682628052131932339e-01,4.922890688524188540e-01,8.047000680013188800e-01,3.503627447095840619e-01,5.765478723426957774e-01,3.028385033805386928e-01,8.098596278140003379e-01,8.817144096601613468e-01,6.704374486739732575e-01,6.053718097018361277e-01,5.483243066932751431e-01,9.988536164733263778e-01,4.164842381714405906e-01,9.106606682724229795e-01,4.738551336477767606e-01,6.013707469603544187e-01
1.668403744218301676e-01,7.995829958300563201e-01,7.074586014642435527e-01,9.522723007552260643e-01,0.000000000000000000e+00,4.654993897564568828e-01,1.455642137601026731e-01,7.516068239106583615e-01,9.063871811965961145e-01,4.466401622982428266e-01,9.145577276343330730e-01,4.756729155294212585e-01,-5.076429340023261294e-02,3.672910426570179521e-01,7.848142518261396194e-01,2.253922056523930406e-01,8.274272816752129556e-01,6.438963805770554494e-01,7.844182038226127363e-01,6.819755339005072470e-01,8.317843157228900219e-01,6.292617696295357277e-01,7.468614909112822886e-01,9.272446522665862556e-01,6.766494020122122421e-01,9.032224396248978993e-01,1.746037515463705891e-01,9.362299693982455429e-01,5.280942734672604555e-01,2.851676818780664591e-01,2.975960423279295775e-01,4.730355059368938631e-01,7.421093461447653139e-01,9.695591946259203286e-01,7.009830510432253359e-01,7.834918247186586360e-01,7.709286681931396545e-01,8.884152171123380626e-01,9.769870160062718023e-01,6.901846194764149622e-01,4.932248034858354169e-01,4.922037526218038250e-01,6.894926936357245184e-01,7.945440408353365846e-01,4.445727291945424930e-01,8.464817893656406689e-01,6.206327994052052155e-01,7.358885914067146983e-01,8.313053261983539555e-01,7.170607030540929738e-01,9.131941973837662818e-01,5.202025965373007210e-01,6.476872028635284329e-01,6.510949486142081355e-01,1.223796174201654818e-01,4.967249103213222106e-01,9.631817243510085724e-01,9.871731097269660360e-01,5.682600052296951088e-01,4.172381561729064381e-01,6.765555797848913366e-01,6.601151343802718063e-01,6.325898895228275753e-01,7.721616348598437929e-01,9.968130538895745296e-01,2.185517833567026669e-01,7.013895156822298471e-01,7.050473144465413400e-01,7.073049243387603546e-01,6.339643126745808654e-01,9.680699178152780693e-01,7.894962798350748656e-01,3.815113924212754082e-01,3.515585182851109769e-01,8.699232948930486486e-01,4.537663003106390813e-01,7.710506232613074662e-01,6.169502158829481830e-01,1.667552443103825777e-01,4.997144156028934248e-01,3.957413254386659140e-01,9.073133503285633061e-01,8.224585737721632483e-01,3.433696640674486211e-01,9.259329973344716525e-01
9.557691336243663294e-01,7.534651913145277158e-01,7.225095155036401762e-01,8.911345923288607196e-01,4.654993897564568828e-01,0.000000000000000000e+00,1.108397394254640594e-01,3.771852300952017734e-01,6.659443901485403439e-01,9.665668407390444195e-01,8.872572512955639867e-01,8.666358340145869921e-01,7.145099155192322637e-01,2.318506184187373032e-01,7.885203862501541927e-01,5.361032350520349432e-01,7.335974082915672767e-01,7.063405504030939586e-01,7.914340383403858370e-01,7.515086966891340037e-01,9.060249385231560204e-01,4.595172488951044243e-01,6.973734971935734439e-01,8.429381478840901609e-01,3.907810434436871927e-01,6.692454388802960841e-01,6.581065977109870069e-01,9.063872217495004824e-01,4.608816275388060157e-01,4.888204915535716011e-01,4.444265979615727447e-01,4.484373529255771262e-01,9.695601062901643141e-01,2.298490315831900332e-01,6.825293952001337816e-01,3.414982072535686086e-01,3.219844990612522606e-01,2.916349003078125834e-01,6.410060964021447871e-01,6.082433707708895243e-01,5.302702940958547995e-01,9.543720461188625048e-01,6.239793592623639196e-01,6.765565220288614068e-01,8.815961445625962734e-01,3.119061674639172499e-01,9.978846308287161460e-01,7.245283143068136367e-01,7.825028671310210182e-01,6.857203534306419712e-01,5.357388339255610976e-01,7.348570955212282430e-01,2.447042683517713091e-01,8.680098969627907390e-01,7.808460452959448128e-01,6.974713741211504558e-01,2.907813223920642232e-01,4.744901519395649525e-01,6.425037120929718570e-01,4.133005812513427246e-01,6.350584994953687445e-01,5.226743588612542402e-01,2.438442615785474665e-01,8.355115205622579699e-01,9.230646518627254604e-01,8.500865228087953751e-01,8.812645341952296540e-01,9.194090778366166283e-01,6.616318775883264225e-01,7.305893676676533666e-01,7.586451709373202013e-01,7.028640254440214896e-01,2.781501316991323303e-01,7.266030474213420742e-01,4.858130517462808662e-01,7.820013375064639449e-01,3.134625045067552795e-01,5.817454309626389763e-01,7.254457553158730754e-01,2.736515229277735606e-01,7.092612428524340817e-01,9.134282111006126748e-01,5.747693541590908062e-01,5.876727556319912837e-01,7.607417341418932777e-01
9.661414793775698895e-01,4.927335744227270831e-02,4.902735210896452256e-01,6.522698228110622720e-01,1.455642137601026731e-01,1.108397394254640594e-01,0.000000000000000000e+00,5.719548286117888125e-01,2.927171583326741988e-01,7.353471620621656601e-01,6.094051048403843485e-01,9.350150383354081940e-02,5.639485428809819512e-01,3.152986818845404660e-01,4.286907586313550844e-01,1.880680706030162241e-01,8.871756602203476616e-01,4.101890858956709907e-01,4.066729545519252587e-01,8.237317616231232265e-01,6.053306199812032995e-01,5.710094039110015229e-01,4.457572216156397427e-01,7.508960877164352343e-01,7.832932892512813883e-01,7.330585105705531568e-01,5.073523344552912651e-01,7.651905999378556533e-01,5.930292618189804132e-01,6.750345035000256955e-01,2.836287807645789250e-01,1.756104764748298713e-02,5.954181393155972835e-01,6.898053387770227696e-01,7.304130298035520497e-01,3.268306229046084033e-01,5.297318116108265529e-02,7.200112745625363297e-01,5.674736839487710682e-01,2.077879599686143289e-02,5.379896474087246805e-01,8.111194223749356169e-01,8.587952794252841082e-01,9.682648091269432378e-01,5.118320569448332469e-01,4.354050639207829865e-01,5.263530501192243971e-01,6.120370485743097388e-01,5.846037834434262281e-01,6.672571519590915212e-01,8.128042412877759526e-01,5.038558894992711812e-01,7.078344272029112316e-01,5.585562992591395215e-01,3.464896303373247166e-01,6.246501049939231498e-01,6.529041712657868146e-01,7.584632786615844724e-01,7.172938070306120739e-01,6.278997341950027788e-01,3.011820449344465578e-01,5.962248455792624746e-01,8.063677698629410084e-01,7.925466845288120510e-01,9.814202026976652782e-01,9.824045352567056799e-01,7.321594304197032860e-03,7.485147818644187767e-01,3.430388964965704890e-01,3.335937427921900067e-01,4.211024695259066863e-01,6.810297639289057958e-01,5.843553495650422036e-01,7.356715837076934772e-01,5.011824558394443185e-01,4.668400566433882903e-01,4.088523010138907510e-01,5.068430970145616499e-01,2.411927158595911225e-01,4.279657868102788587e-01,4.276773221330127939e-01,6.383362261095070211e-01,7.837818840170025503e-01,4.590071789424645110e-01,9.088661827793694803e-01
9.454684174363745530e-01,6.765778378945210836e-01,3.116988998531687316e-01,5.825879158474344122e-01,7.516068239106583615e-01,3.771852300952017734e-01,5.719548286117888125e-01,0.000000000000000000e+00,7.286474083797497281e-01,4.012838713384931366e-01,5.529127204126399464e-01,5.806484346784411832e-01,6.824505006866139478e-01,8.005294075837001699e-01,7.435145951638979511e-01,4.964759721946296889e-01,7.157307077829386799e-01,7.826153808651231669e-01,4.999834421979778565e-01,8.001510836517302661e-01,2.828556447763658777e-01,7.654863111939910203e-01,5.404443099489866231e-01,8.373561799765146807e-01,5.337587197680182527e-01,6.565550056865347983e-01,3.155911342708510592e-01,4.368386035774822207e-01,6.659973353299402099e-01,7.517986086951009561e-01,-6.873151273865343858e-02,3.277882232272945617e-01,7.871999399893593319e-01,9.350569598178719577e-01,9.422642146129006635e-01,2.189772611723926621e-01,4.280840706446262800e-01,3.309491645878809285e-01,9.276882035767713974e-01,2.517569110816296196e-01,5.155561702249481515e-01,6.206300313592646445e-01,7.088403015791481243e-01,5.876692889658047259e-01,9.656180580350731679e-01,5.508887721282419436e-01,6.281038100453378847e-01,6.976117076171758358e-01,3.868308840426211148e-01,2.635587433030865956e-01,5.280800157638434467e-01,7.410112400046822145e-01,7.956936946932009480e-01,8.790986504010164237e-01,6.716256036666099494e-01,6.007791273317224512e-01,3.244435628200195154e-01,4.657074617218969759e-01,9.044547366523943976e-01,5.361387528867298524e-01,2.237922240182302902e-01,7.426074443208654507e-01,4.226841330119849860e-01,9.154965056705839377e-01,8.913058843000791764e-01,6.945819829173081050e-01,9.741193279732258681e-01,9.695604803505313285e-01,6.267739174369136856e-01,4.358377549770384163e-01,6.440122287697594983e-01,7.447046073420620083e-01,4.244244646536975418e-01,4.034071324603700770e-01,5.899589754589160684e-01,5.680533894535220174e-01,4.044847650422978558e-01,4.051279816505266584e-01,7.350961154888134841e-01,4.943451167605513175e-01,6.436909414456573053e-01,8.416802594198803389e-01,2.253162929778379509e-01,7.481652619740953858e-01,5.901775278284902004e-01
6.013361380935177136e-01,9.986353998802766085e-01,5.205465285142951704e-01,5.607813285802802916e-01,9.063871811965961145e-01,6.659443901485403439e-01,2.927171583326741988e-01,7.286474083797497281e-01,0.000000000000000000e+00,6.396447670269878039e-01,7.274682775019386538e-01,9.796915747354624227e-01,1.919890873652954286e-02,8.824685014646094228e-01,9.654747094186678646e-01,8.290015542261219839e-01,4.676402102831496155e-01,7.447053706849360299e-01,8.914524896080877614e-01,9.550647441640220947e-01,2.366963456763978846e-01,6.814854725605576924e-01,3.343000365236293847e-01,6.908236134918944726e-01,7.413564014152773662e-01,7.800042593219050913e-01,6.600411380756943114e-01,5.925222300494812355e-01,9.276539807647133928e-01,5.540873114286279932e-01,3.822976576308674268e-01,7.571739475457582857e-01,5.118342321616828894e-01,6.195549135323675793e-01,2.099315631487423950e-01,4.881488893604779555e-01,5.567557125316631161e-01,6.807083150418566930e-01,8.418269250210482779e-01,7.928025057601824077e-01,3.860113506593377819e-01,5.325369228305280034e-01,8.552799833565152277e-01,8.928388111396207139e-01,8.298712209352783198e-01,8.477402866830487937e-01,6.001345274532426943e-01,4.929443886239155415e-01,5.751018808689901674e-01,3.027025419919582294e-01,2.594427233631910884e-02,8.837867939742755086e-01,7.085987872544512456e-01,5.794494193065211629e-01,7.553682258611129630e-01,8.230249057343789199e-01,6.661334532988538726e-01,7.046327076122876898e-01,4.250868218533748744e-01,5.068074146517569378e-01,5.620697712699980197e-01,7.816888445233589611e-01,4.607265646893839994e-01,7.551052787260528198e-01,8.800618147600853813e-01,7.983682279624335631e-01,8.574291585632856094e-01,9.870806915336604037e-01,2.472681132351046140e-01,8.159641495413949563e-01,4.824727206338310093e-01,6.142176322142975931e-01,5.032064266494300497e-01,3.912729786290695122e-01,7.501206540110907373e-01,7.015757876326416120e-01,9.578653013433064967e-01,5.159659647910683766e-01,-9.018189999881962016e-02,2.772105041453603036e-01,5.413182501422515447e-01,9.478450606291285441e-01,8.468274006340792415e-01,5.653079306468550280e-01,6.186789152907610223e-01
6.339426644698449298e-01,2.310949264722000351e-01,6.501390997737998001e-01,2.138681233809718377e-02,4.466401622982428266e-01,9.665668407390444195e-01,7.353471620621656601e-01,4.012838713384931366e-01,6.396447670269878039e-01,0.000000000000000000e+00,7.493715383438689370e-01,7.796389712708409192e-01,7.060220344693152184e-01,9.164347000932234755e-01,6.914993320879340155e-01,4.665365955037993340e-01,3.248502515804698176e-01,5.320985511124293188e-01,9.027624105740091887e-01,9.288268975459258447e-01,9.032577729601706240e-01,5.575687419129741196e-01,7.395896636974117477e-01,8.836320638022315821e-01,7.583281514817979962e-01,7.924843747120537962e-01,8.649575551598980283e-01,1.878317038690322655e-02,6.815515813186358018e-01,5.693264871442620806e-02,5.937499716842109532e-01,4.618158297193200590e-01,6.830714569281270965e-01,9.615071964838347585e-01,1.426012277737207512e-01,1.736690943254300401e-01,-1.443396460809789339e-01,4.990042183096570771e-01,8.851021652876833734e-01,6.419459533914608773e-01,7.801947789596350713e-01,3.155095172416124139e-01,8.937313209103467937e-01,6.384276664524394240e-01,8.986512945084282888e-01,8.548040822580553755e-01,7.004215272118355928e-01,9.393364165009386868e-01,4.658123210989481011e-01,6.933235944487556868e-01,9.157881689686631077e-01,4.406444157293707975e-01,8.883888238260502224e-01,7.876925503696123876e-01,7.199892811477706100e-01,5.884275093565864978e-01,9.402433577075578475e-01,8.009602567152334096e-01,9.058832105067379237e-01,4.915113221679515698e-01,6.644076243882627297e-01,3.170327950747581225e-01,8.415885210377470615e-01,9.935618926330873624e-01,9.562705765171324312e-01,7.165729917759816603e-01,4.563525747481064765e-01,9.440563501347497555e-01,9.462882712243116945e-01,8.772952360763328628e-01,8.173264476421496783e-01,7.848712000566245850e-01,5.592731386246405645e-01,3.871790537492791895e-01,6.193904300563393139e-01,7.311841426182865700e-01,7.024256644528030780e-01,8.442397589584458295e-01,7.150727378879299101e-01,5.252675884081771107e-01,4.356191992395050949e-01,6.423932438292554448e-01,3.680165644536510516e-01,4.443997890479515211e-01,9.129847062463316565e-01
3.759910684168723538e-01,3.133052494328005255e-01,7.218952406247668430e-01,8.773514838257491233e-01,9.145577276343330730e-01,8.872572512955639867e-01,6.094051048403843485e-01,5.529127204126399464e-01,7.274682775019386538e-01,7.493715383438689370e-01,0.000000000000000000e+00,9.818706094670219819e-01,6.078227041155768173e-01,7.079191367806317858e-01,4.376632438490608568e-01,5.296156833796614727e-01,7.065963890618387477e-01,5.540756982749276416e-01,5.678161990857365504e-01,8.909282403872818001e-01,7.630446511670903043e-01,4.249021139868864871e-01,6.816035078798743374e-01,7.408716820642289314e-01,3.596966204812856449e-01,7.683079524721834197e-01,6.173825808311823593e-01,6.465586146881994178e-01,2.565333896427663962e-01,4.166898071706878759e-01,6.015036545672260981e-01,5.268745156855880740e-01,7.795225742785039103e-01,6.536449575956966296e-01,7.519684199030158833e-01,1.918854504188603205e-01,5.336463214998815596e-01,6.309958948997302919e-01,8.221073890481624957e-01,8.162985819327809311e-01,7.510095813005541743e-01,9.117394066513072604e-01,8.655141035148391504e-01,9.609080147207474942e-01,9.948139905166457631e-01,9.009202855177559366e-01,8.255449620560589841e-01,6.715559656166519842e-01,7.948672462545031125e-01,9.173457352501463991e-01,6.200884119074147049e-01,8.803185221903574442e-01,5.898658266378468129e-01,3.727609004685318306e-01,9.684304571889053026e-01,9.156525052569830514e-01,6.796889596117852150e-01,8.918370133271308342e-01,6.613381784831013910e-01,3.176632388460188250e-01,9.711335018895667082e-01,4.010878597060222317e-01,8.152305856298679432e-01,8.290562512820712771e-01,8.125370853274886951e-01,6.992173484709591769e-01,9.968338512841038446e-01,9.269141127435778227e-01,8.884730828849443096e-01,4.755209154681824257e-01,5.574602502671114346e-01,6.467419221715271505e-01,9.015315992438662773e-01,1.684093625468143507e-01,4.255753126315988677e-01,9.944105233057684012e-01,8.454678466863687625e-01,4.468945045322794685e-01,-1.668068206499387363e-02,6.028584362216986986e-02,5.598476602531718971e-01,4.038790834319554990e-01,4.025580972833998628e-01,6.319363943823910201e-01,2.012940723312810765e-01
9.273493904494148898e-01,7.939476038397539348e-01,9.611600011922947218e-01,3.315227231273182307e-01,4.756729155294212585e-01,8.666358340145869921e-01,9.350150383354081940e-02,5.806484346784411832e-01,9.796915747354624227e-01,7.796389712708409192e-01,9.818706094670219819e-01,0.000000000000000000e+00,4.785662815792694480e-01,4.257909957369712672e-01,2.045745699447213684e-01,1.447996927479178186e-02,9.584653424866211857e-01,6.227507764773300147e-01,8.026954260599430402e-01,5.177217467545484064e-01,6.820660067635800905e-01,6.290751407699923803e-01,7.312678824052609716e-01,7.386007169953514584e-01,5.004873652460393174e-01,8.611081938729607810e-01,7.156302561281301378e-01,-1.574533409787869098e-01,7.942908787025815265e-01,5.385734753361766103e-01,5.167175754748811745e-01,5.389545650296936330e-01,9.501855197722197666e-01,8.652346833879051013e-01,8.710556016238971688e-01,4.663438950417432283e-01,1.049481436084017116e-01,9.268998178149252531e-01,7.100627635093732515e-01,3.640207740158393213e-01,5.338526953329789659e-01,6.323768278647341479e-01,9.027545200372290024e-01,6.170362094960653021e-01,7.568151744316695684e-01,8.202151043827754506e-01,7.814744003584124243e-01,6.006196447837611752e-01,6.012673298183823789e-01,6.604105078586794964e-01,7.104641467674898125e-01,2.884675220531944806e-01,7.229147440406871183e-01,5.593599574362830840e-01,8.739124436253531414e-01,3.471409671419746212e-01,-1.130787152537595097e-01,4.699349843707542607e-01,6.459524132102032468e-01,6.494029241353618254e-01,5.691482859360716962e-01,4.789028431668911900e-01,8.953691585028035194e-01,6.328364551004234118e-01,9.388911790057888895e-01,6.372304070690729683e-01,8.807758886015957245e-01,7.534502375559180010e-01,5.185901522782494499e-01,3.067642712784161008e-01,6.771931832472538604e-01,6.344346681827358614e-01,8.975729249968341650e-01,1.506175319840035165e-01,7.866178175082110258e-01,2.390661331301256465e-01,9.356228038691916105e-01,5.948957145375795008e-01,5.867428447954916582e-01,1.321401758490318989e-01,2.905825409719161589e-01,4.404123247062813884e-01,6.762958849319494758e-01,7.378356485360171302e-01,7.925913151835923820e-01
8.277144234623806662e-01,5.608484740188572903e-01,6.321868690916847555e-01,8.326049843466876155e-01,-5.076429340023261294e-02,7.145099155192322637e-01,5.639485428809819512e-01,6.824505006866139478e-01,1.919890873652954286e-02,7.060220344693152184e-01,6.078227041155768173e-01,4.785662815792694480e-01,0.000000000000000000e+00,5.573046380460753291e-01,9.702882922436832924e-01,5.072365239026868089e-01,6.142569777175664880e-01,8.667105214922565803e-01,2.991969047569349449e-01,9.522024539256909170e-01,7.212908857110721383e-01,3.365873446467039232e-01,4.321526402182780391e-01,8.120412287443244947e-01,3.034796255763383410e-01,1.217913222811672913e-01,9.579805838868871160e-01,4.674663728788227002e-01,5.789880135270595446e-02,9.228051299852285672e-02,3.321544357251403623e-01,7.721595002519555662e-01,6.159065605618541106e-01,7.974601253429507430e-01,5.243171054246893448e-01,3.884987312057144315e-01,5.961939240575018228e-01,8.772985671294698529e-01,8.143994488855061942e-01,6.827654005266956538e-01,5.285648180863622425e-01,5.427507451600482868e-01,5.522760826438746218e-01,9.017741686515867716e-01,9.170789662460027136e-01,4.503475479425028127e-01,5.340909452991465106e-02,3.693196276419893342e-01,2.995445027986934905e-01,9.494900113908026906e-01,7.183935790028069812e-01,6.623012595522554946e-01,7.963153825007499576e-01,8.920130729846630357e-01,7.693830990466674624e-01,4.294699172930757092e-01,6.048665209987797997e-01,7.176978609236412954e-01,4.714603529473000432e-01,6.168147290979937303e-01,4.909244657624145525e-01,7.701234642636982652e-01,5.600653516765032869e-01,6.797085932289173016e-01,5.831864518840351730e-01,6.959389824490768151e-01,7.486686743074990602e-01,8.935410410656010605e-01,6.931103999078900291e-01,6.939903605961526001e-01,6.191390049196269230e-01,7.981561194775945722e-01,6.667789718332424176e-01,6.412141106438583593e-01,8.315286655075875277e-01,9.563093931174303508e-01,5.724895980968216502e-01,5.624298010804026360e-01,7.953480198884097518e-01,6.157055955523946938e-02,7.026403813460430081e-01,9.664551292607079791e-01,7.347885094562908170e-01,7.429289361057672680e-01,7.589800021992479939e-01
4.433498103807285706e-01,7.076536121083371045e-01,4.140290702691323821e-01,6.877432785709196583e-01,3.672910426570179521e-01,2.318506184187373032e-01,3.152986818845404660e-01,8.005294075837001699e-01,8.824685014646094228e-01,9.164347000932234755e-01,7.079191367806317858e-01,4.257909957369712672e-01,5.573046380460753291e-01,0.000000000000000000e+00,5.570944387707413847e-01,7.803604707814193464e-01,7.237310861146771801e-01,6.394814996357472969e-01,7.672309737128806262e-01,9.008900292674013599e-01,9.987615164167856774e-01,7.955819289043805087e-01,7.709459829261251507e-01,6.946931411223176145e-01,8.916672964734684292e-01,9.806968707020471410e-01,3.654117985784409717e-01,7.379290496184721659e-01,7.008308840571825238e-01,4.987680549769122340e-01,4.144688471802729368e-02,7.365312226715077237e-01,9.584858182039631691e-01,5.567577332543948154e-01,7.259398863921724399e-01,5.854462598635165049e-01,1.423120769113672690e-02,9.013794083417989711e-01,4.397391705960340680e-01,6.917170177033118428e-01,7.353055728311579387e-01,3.486732598270760874e-01,9.492428893031753523e-01,4.381729679693376900e-01,8.260985218051141166e-01,9.361159234699822917e-01,8.691560728900515898e-01,8.587775709029400462e-01,5.839191107460957042e-01,8.885510049238717345e-01,7.998413169752236485e-01,9.471763600755130907e-01,3.113180750181604450e-01,4.804136956182493146e-01,8.713253347770005819e-01,7.563256836106260206e-01,4.710141985075164128e-01,8.377148280585391404e-01,9.358952377612380635e-01,5.614070353428490812e-01,5.726697719723990998e-01,8.085814727458846551e-01,4.289711710717029058e-01,3.501052561796538787e-01,8.158440936816544475e-01,6.200923409413330312e-01,2.423834289709674294e-01,9.906434100413504806e-01,7.174001609519834455e-01,6.030807131250558450e-01,6.471437497234937553e-01,2.142004218109483937e-01,5.715403372577065877e-01,9.962252981020158337e-04,4.359339911199611693e-03,6.297947047666102582e-01,8.297648824474144202e-01,4.020475899724638147e-01,4.963646496617791781e-01,5.837290763407774197e-01,7.953914804507161707e-01,9.407708656084347032e-01,8.543565805857874507e-01,5.504492248182126790e-01,9.315671547772701455e-01
7.082505459052440555e-01,7.030126061189392317e-01,8.155091567390043705e-01,9.403649802492347609e-01,7.848142518261396194e-01,7.885203862501541927e-01,4.286907586313550844e-01,7.435145951638979511e-01,9.654747094186678646e-01,6.914993320879340155e-01,4.376632438490608568e-01,2.045745699447213684e-01,9.702882922436832924e-01,5.570944387707413847e-01,0.000000000000000000e+00,6.635366496387195001e-01,8.092316507019462479e-01,9.502565808011436133e-01,6.853550071178742265e-01,9.803186768114717786e-01,4.056190268112327413e-01,7.404322785379008343e-01,5.699223163643754031e-01,5.330150238660371631e-01,6.414300352061176325e-01,6.712316149314064839e-01,9.881843532057367208e-01,5.871804333448402691e-01,3.713343835818394556e-01,7.049216556220118113e-01,1.040042852948422913e-01,8.565510138899603554e-01,7.523657084565187336e-01,6.098400399376984193e-01,5.130200763967646127e-01,3.298538132000653489e-01,3.570600606023519585e-01,4.010893701776694908e-01,6.813629512461190085e-01,9.928531990852130784e-01,1.592597690539517830e-01,7.242521204693336268e-01,8.735706158718965497e-01,7.743671777983078819e-01,9.968415905086102091e-01,7.517238088529483164e-01,6.235862500651447871e-01,9.773555960026734102e-01,6.235040760126754344e-01,6.988589359013788194e-01,6.494321817954665788e-01,6.352580484903479485e-01,9.474251223757037543e-01,7.098511521989051554e-01,6.129162026841443733e-01,6.101236022008720283e-01,6.424098999003120536e-01,8.506345129720347398e-01,7.103263201511955671e-01,2.029142181290264080e-01,7.853009681467664205e-01,9.979072883524280346e-01,7.476548329216436972e-01,9.837967494762646092e-01,8.054228668839211736e-01,5.721446923970703313e-01,5.605217977261569562e-01,7.012164894288500649e-01,5.907730186591415578e-01,3.606038997538784097e-01,4.991831366016489802e-01,5.829725118999785627e-01,3.711896780716463784e-01,6.099008234228446845e-01,6.391735133027398597e-01,3.994942543289397019e-01,2.763855457178823749e-01,4.876391131887177766e-01,4.120583222120899336e-01,2.633945573885931313e-01,8.439125918428789230e-01,8.872766049620300910e-01,3.995776076194511028e-01,3.761865374370240156e-01,5.556237798611260992e-01
5.018174355338332893e-01,6.355951741685867962e-01,7.710582136693474586e-01,6.633580288839406869e-01,2.253922056523930406e-01,5.361032350520349432e-01,1.880680706030162241e-01,4.964759721946296889e-01,8.290015542261219839e-01,4.665365955037993340e-01,5.296156833796614727e-01,1.447996927479178186e-02,5.072365239026868089e-01,7.803604707814193464e-01,6.635366496387195001e-01,0.000000000000000000e+00,5.611627552886133685e-01,7.824194335186411831e-01,4.805451504070773483e-01,6.390875216576525908e-01,6.126512950525534462e-01,4.274935203858820087e-01,4.057123738069757235e-01,9.641727792904145611e-01,7.734386014276557475e-01,9.567579188297336001e-01,6.943778747713785782e-01,6.730472856036713303e-01,2.019971431780254734e-01,5.156246732349181183e-01,3.052865371325962363e-01,2.361171293986228659e-01,7.883470227702056299e-01,9.250353713110442966e-01,4.796354003149140843e-01,5.164290113102949498e-01,2.006849261330612422e-01,-8.985623909908439788e-02,4.428323721397985357e-01,8.032651675489312915e-01,7.277765338109384308e-01,4.588099395339412245e-01,3.880389914064796275e-01,7.588840762225781411e-01,8.440607072225657648e-01,8.143857666147180652e-01,6.985728406112279298e-01,-3.691784341202477560e-01,5.792729526384776673e-01,5.036186263589736978e-01,8.560500855867695380e-01,5.365985840579104993e-01,9.155696437819044187e-01,3.124240061663222656e-01,8.595855970185189987e-01,9.335385737820454111e-01,7.637060412309696344e-01,6.635032127278883696e-01,9.157581924572250065e-02,7.244927332320155733e-01,6.381227707228599444e-01,1.047570125563626608e-01,8.333148693327100398e-01,8.949938913325312662e-01,6.277391201991867620e-01,6.540099583809760864e-01,9.824929414386098792e-01,5.180022767503739134e-01,5.314771996516491903e-01,3.371996599538775730e-01,8.436903144609527727e-01,8.814949015967865620e-01,2.513555693236494415e-01,6.651486566354037899e-01,8.520661996980491981e-01,3.664088917794304789e-01,6.088570583740852138e-01,7.947349074384559842e-01,3.706007684387633283e-01,7.643451576186937046e-01,6.497056870176479704e-01,8.827272333875556543e-01,9.845892054447704655e-01,4.335962882481090852e-01,8.757688138903253483e-01
8.192334718551267381e-01,7.882481566606100998e-01,5.961464127986721984e-01,4.241955796250976296e-01,8.274272816752129556e-01,7.335974082915672767e-01,8.871756602203476616e-01,7.157307077829386799e-01,4.676402102831496155e-01,3.248502515804698176e-01,7.065963890618387477e-01,9.584653424866211857e-01,6.142569777175664880e-01,7.237310861146771801e-01,8.092316507019462479e-01,5.611627552886133685e-01,0.000000000000000000e+00,6.214498747173269333e-01,8.815301092507557001e-01,7.643717922896007266e-01,4.494183170766825053e-01,8.889660948106988814e-01,6.111125232645728822e-01,7.220247103291113078e-01,4.140352969829881324e-01,4.157212129841234560e-01,6.058665162291843043e-01,9.772886213905518371e-01,6.502682561412376216e-01,2.480790766198671393e-01,4.880734124623796744e-01,4.677363471986510368e-01,7.167433077874465486e-01,7.973761925618434443e-01,7.284703737254467626e-01,4.095953836238162005e-01,2.627183474975662847e-01,7.141359208293232008e-01,7.808522483857397445e-01,2.073919979403067437e-01,4.674829617307183494e-01,4.012318161647280279e-01,6.705285188553561371e-01,9.743459702096958219e-01,-9.944628998679069798e-02,7.061926626096840520e-01,8.086417416594234853e-01,8.408620487300438873e-01,6.541847229468900071e-01,6.300095237918279523e-01,7.220671071043645028e-01,9.997191928993316434e-01,8.414336887712050572e-01,9.381295805929475984e-01,8.063804225725559327e-01,6.808661497685462027e-01,5.061347303489077687e-01,5.605226311116140447e-01,8.595503313927537192e-01,6.056909926182650894e-01,4.479683071908956982e-01,9.188651726361509731e-01,6.455376531171881371e-01,8.476345489193607419e-01,8.411518182894330842e-01,4.787734663530204271e-01,6.344720777227524922e-01,6.875024297484861879e-01,4.665776051687957615e-01,9.327173946597019372e-01,8.326364388757280244e-01,8.017289809059416905e-01,5.332197920094615684e-01,5.910451100854330342e-01,7.971019039004403339e-01,4.512810293545418960e-01,8.651969490399112894e-01,9.428806787721881744e-01,3.007875376990205019e-01,4.122970212180513405e-01,9.488642644325206987e-01,9.412346125907934402e-01,9.025394159811860328e-01,3.617570366852188579e-01,8.209456565531335626e-01
8.879229666301369228e-01,7.066437609094634587e-01,7.502134170676227898e-01,3.663011550975763253e-01,6.438963805770554494e-01,7.063405504030939586e-01,4.101890858956709907e-01,7.826153808651231669e-01,7.447053706849360299e-01,5.320985511124293188e-01,5.540756982749276416e-01,6.227507764773300147e-01,8.667105214922565803e-01,6.394814996357472969e-01,9.502565808011436133e-01,7.824194335186411831e-01,6.214498747173269333e-01,0.000000000000000000e+00,7.588024918571282251e-01,4.246117256254638983e-01,6.890158993123526310e-01,4.666694311595868117e-01,9.822628406669005052e-01,7.228498516380761352e-01,9.008671344326669717e-01,2.982610738508195136e-01,6.716334956636667020e-01,8.727983548564960392e-01,6.448316135736057442e-01,3.742509907880736675e-01,5.877227060941928038e-02,9.872408266508916341e-01,6.653871529562334075e-01,6.842948415765129910e-01,6.594516870498162708e-01,3.032743771960071458e-02,2.109026210110580279e-01,3.677147907347135258e-01,3.911957189722287120e-01,9.646667278816166702e-01,5.646719690464121477e-01,7.519524888154468512e-01,7.953810301568124963e-01,9.333228027529524296e-01,9.211788370761013756e-01,8.925116094483126483e-01,8.834484802142159587e-01,7.362784854168031856e-01,6.367036806691646067e-01,6.001565521008701554e-01,4.992925482208420140e-01,8.066806489820228521e-01,7.170814529515765479e-01,4.994354168415173212e-01,8.488827485646698312e-01,6.257733804531087074e-01,8.008399957132479319e-01,7.461803401126244628e-01,4.673993879555118913e-01,5.085235329098612977e-01,-7.516956929284572542e-02,5.839926171801269605e-01,9.790712541487355258e-01,2.192254646539924801e-01,6.327658517253405002e-01,5.762275118285518083e-01,4.703223587482370238e-01,7.917892220259321601e-01,7.353740174147427311e-01,6.032364945787745958e-01,4.365436903584928863e-01,6.099504988147281814e-01,3.362857109261332411e-01,9.803051514184099036e-01,6.448628380186597342e-01,5.120848820780177224e-01,2.798403547567084315e-01,3.582345673177144141e-01,5.600138755707773433e-03,5.083131455720510949e-01,6.719573743222604367e-01,6.608383208120693908e-01,7.365099954187004361e-01,7.385366302284896989e-01,5.820964423141145039e-01
