0.000000000000000000e+00,8.556594763631503175e-01,9.413133056045994707e-01,6.308720168008637996e-01,7.524808768750937960e-01,3.670801519861081053e-01,6.147978256016228826e-01,7.364874796506666321e-01,9.162106381608962069e-01,5.183531198868465140e-01,6.700812501528202736e-01,5.805075257951313183e-01,4.448666085936254233e-01,4.011520510850701271e-01,8.113660158706119674e-01,9.505032979280272354e-01,8.550250547790785305e-01,7.161217716837893210e-01,7.062994227129915092e-01,9.773201763529917319e-01,6.894727193310530300e-01,8.545624605642812011e-01,6.219966602052616755e-01,8.015532276088782604e-01,7.646711483112502705e-01,3.362899138358884099e-01,8.123904807469554124e-01,2.199526681663742100e-01,9.072381372757013507e-01,9.849148990248447755e-03,7.999165296273220704e-01,7.845822646339164486e-01,7.303770970047575029e-01,9.023383560402483683e-01,9.229525799653748308e-01,4.524428301995103152e-01,4.239852585012158226e-01,7.347608872971544969e-01,8.218984351900845420e-01,9.984717649954657492e-01,3.030891273059042601e-01,6.333531983192377535e-01,5.879898004828212343e-01,8.460640467857314384e-01,8.141660393598311174e-01,8.326458158982464886e-01,8.765554710325047516e-01,9.985234200968433615e-01,5.941271719751940461e-01,9.331085286776938936e-01,4.024620577786659492e-01,8.609403163234785605e-01,8.982020940867868619e-01,8.350660084777674630e-01,6.080623473610147212e-01,6.787230918050990436e-01,4.891488237412681128e-01,8.126812517710093609e-01,8.767995577896675607e-01,5.555192135146752586e-01,6.179154539797363510e-01,9.575342114415615891e-01,8.590843136378396583e-01,6.046991380706433494e-01,9.901396405663180911e-01,9.329916349526391484e-01,8.386189319275380027e-01,6.785531015004397926e-01,3.097649197375125785e-01,7.397965320020529756e-01,4.504797398973861555e-01,9.371290690665038392e-01,5.895631900806032055e-01,5.309887281843148621e-01,7.988428253660332379e-01,4.916254729643794730e-01,4.251446769618665855e-01,8.981474855550750647e-01,6.571250773962713509e-01,4.993628133612665887e-01,8.895386293708510417e-01,9.607801799639333895e-01,6.061076217272413080e-01,1.681535035694317268e-02,9.582797634131985376e-01
8.556594763631503175e-01,0.000000000000000000e+00,8.712905596501284711e-01,8.368653420670910670e-01,8.377505125699871158e-01,6.888551459158464008e-01,6.324891139158050901e-01,4.600652301964228696e-01,9.485197990238394272e-01,7.622465471956064720e-01,9.150314655000734154e-01,4.337609670117767990e-01,2.403641085450868853e-01,7.541598672710601026e-01,8.304000894738784444e-01,8.721346856757081767e-01,7.659463263065028338e-01,4.418113588878004316e-01,7.246944169304601058e-01,6.413125491765591102e-01,8.669513558335529835e-01,4.774662602279891033e-01,7.778007830778898013e-01,6.375396719279049496e-01,4.513692053426321404e-02,6.434493003702628222e-01,7.115512428017758406e-01,1.255912097060342403e-01,2.421571715577078288e-01,6.646258357421448437e-01,5.698725662715989904e-01,4.667089729290621047e-01,7.017096626066835485e-01,4.200197326100771900e-01,2.199604964523090012e-01,2.685242247782143599e-01,1.755616290792391121e-01,4.159242663284364872e-01,9.731809029472399120e-01,6.166175400470401691e-01,6.189951490962012359e-01,6.268622992033446861e-01,6.954315859744929496e-01,2.658449743442772295e-01,9.423283669875621715e-01,8.567986565458183268e-01,7.901030352379208033e-01,6.313795113332494324e-01,5.516188359511746686e-01,6.224244081995120581e-01,5.501544771667226108e-01,9.633771078792319198e-01,6.265629809268287165e-01,7.689120345223018349e-01,9.435723848213706244e-01,6.631893586710116972e-01,-3.034368046568135524e-01,9.476607659343266876e-01,9.404017277340754877e-01,4.831512419213243037e-01,3.269089876788973115e-01,5.319841809376761876e-01,6.746653866615953676e-01,7.688077983393379888e-01,7.486063416278871951e-01,4.560184878318900292e-01,5.704028459571653942e-01,9.976955223179927446e-01,4.123143636502144549e-01,9.792279384838492584e-01,7.424827899033019651e-01,6.509365368974919797e-01,3.975662024895451063e-01,7.604739644818714339e-01,7.355048891719148108e-01,8.103283320211009944e-01,7.933561119131737893e-01,4.774007947907129012e-01,2.045338346898081527e-01,1.937519347710195058e-02,7.308294572865237093e-01,4.029049779534459308e-01,5.454777816035143445e-01,6.428454895337472053e-01,4.965179565005685136e-01
9.413133056045994707e-01,8.712905596501284711e-01,0.000000000000000000e+00,6.263180068481558616e-01,8.877666721805416161e-01,4.719619036767089826e-01,7.144979135216757982e-01,5.162908548648982299e-01,7.059952205312209905e-01,6.253419353810177883e-01,2.728330337327216637e-01,6.973560124533465521e-01,5.390434142045794630e-01,6.894003650242265246e-01,3.048395536123165717e-01,6.904633436596921969e-01,9.141396993953376793e-01,8.236552416042698388e-01,9.291613420026481052e-01,8.451293378001557555e-01,8.178625511647371615e-01,9.291279403723783359e-01,9.030666960220431472e-01,8.669174947345044124e-01,8.959708666830260571e-01,7.828864671649113927e-01,9.300450403113449394e-01,9.505872654909311992e-01,7.053568495543397487e-01,5.107535103538276555e-01,1.306594345240553734e-01,9.339593705185601502e-01,5.834765124781488010e-01,8.336358603415630064e-01,6.196625441000279677e-01,4.289250794609396067e-01,5.830942548347217702e-01,9.307713720015667880e-01,7.876378106900679965e-01,6.144679377644736151e-01,3.605976533969765807e-01,6.755506947254237282e-01,8.764310198833821230e-01,6.826220510659082308e-01,8.737858416987276389e-01,3.460656982716316943e-01,7.623334957892111685e-01,5.068724159960932285e-01,6.101496915925315179e-01,7.022890796333223218e-01,8.350675546836655583e-01,6.074032246724734296e-01,9.208110578984924910e-01,9.547645226894537762e-01,6.022703847400703303e-01,4.701257918953313242e-01,9.179008985400257670e-01,8.952276215806302950e-01,8.656696646254543603e-01,5.603707027059989798e-01,4.025088666961833539e-01,7.330857953766083401e-01,7.883638522812910221e-01,5.245102149795513591e-02,6.700989159828460995e-01,5.165773648513428684e-01,9.840229689478887654e-01,5.353479060452669414e-01,7.354422884328566390e-01,8.147663043636917957e-01,9.134239029931950915e-01,6.535050383927202278e-01,4.438826410967421920e-01,7.207100254895024705e-01,4.806576861731665651e-01,7.730151569355285801e-01,7.075800015917107499e-01,9.936153153277208494e-01,5.403388741382620930e-01,6.349823926103568272e-01,8.426333683758538973e-01,9.382655848214458416e-01,8.971881255226128449e-01,8.650910608533295409e-01,8.965247397470712531e-01
6.308720168008637996e-01,8.368653420670910670e-01,6.263180068481558616e-01,0.000000000000000000e+00,6.127602772124267627e-01,5.849470128365595878e-01,2.431555957621998054e-01,4.772764389532284657e-01,7.645869977903027026e-01,4.052641458587259993e-01,6.760516723581616594e-01,8.230191896631802173e-01,7.803017155571079222e-01,6.744802266961884563e-01,9.446378085281648129e-01,7.898070888406096834e-01,7.547586774319617886e-01,4.595403691703372484e-01,7.974559871431410318e-01,6.773860566071545630e-01,7.282627977069182634e-01,5.676411231768947463e-01,4.691192764478873123e-01,7.980268462159801901e-01,5.486321227172503701e-01,7.095960508530212429e-01,9.297153838920724223e-01,3.147872214344706876e-01,1.973587323015247030e-01,7.863346109524894656e-01,3.378562593970579342e-01,8.282408581812454873e-01,8.068589772530280202e-01,6.123191209392153667e-01,7.045646295465138875e-01,-1.936566309716931111e-01,2.627972621665205510e-01,9.663783167119530670e-01,8.165731075897395552e-01,9.534529067277064396e-01,7.844646382832743958e-01,6.314936467513189156e-01,6.749944755562188314e-01,4.126194376158862642e-01,9.885853499502590402e-01,6.139236432733325977e-01,8.009320222041823589e-01,8.544665150132553233e-01,3.007844625518177883e-01,6.515608000033986658e-01,8.014920760148148693e-01,6.285719602676173023e-01,8.393155391045105107e-01,6.026305818654756896e-01,7.054214819555983951e-01,7.223990662315769029e-01,8.385868876693283180e-01,8.491337953230301272e-01,6.234869958051226790e-01,7.313898745787119626e-01,6.661401194507089452e-01,3.384857290921572948e-01,6.592630049303391804e-01,3.450705554415184340e-01,6.224804085621208349e-01,3.565782366224281436e-02,7.872187343408693083e-01,8.464165545213537811e-01,7.977522942551340535e-01,7.423649540786975143e-01,9.832520356157260499e-01,5.213349479537867648e-01,3.225589167941532720e-01,5.311551909676340832e-01,7.006514547793566416e-01,6.000137864206845917e-01,9.999202225823784485e-01,1.715377421921810905e-02,2.000408639384907983e-01,4.381908849332052380e-01,6.845913409124000371e-01,5.495930205829506754e-01,7.654304795658726235e-01,7.178612300773016264e-01,9.006903495402601711e-01
7.524808768750937960e-01,8.377505125699871158e-01,8.877666721805416161e-01,6.127602772124267627e-01,0.000000000000000000e+00,6.809797634536649547e-01,4.617831207935167992e-01,2.692982860573092108e-01,9.087670044824188720e-01,5.141650994786275408e-01,7.063772996818867833e-01,6.766323343316262839e-01,8.251305352392186432e-01,9.327035178407470095e-01,8.338507551934059014e-01,4.470683207989532004e-01,4.608934181920646966e-01,5.216143757467514019e-01,8.340472393929648787e-01,8.953089191212542097e-01,8.514623078646212928e-01,7.260751083355441171e-01,6.694804812415695583e-01,9.035989215169555333e-01,9.768753829410974365e-01,7.016721854375296274e-01,8.472434742717078748e-01,4.562370247361783870e-01,7.608656621869507308e-01,6.756577319020589112e-01,4.163564299611942632e-01,6.818861845107040409e-01,4.803501895822907541e-01,7.865536073376571125e-01,9.003756358244643376e-01,4.840904155187706337e-01,7.900056862955366910e-01,8.896071010651194211e-01,3.479602367453668021e-01,7.609462854012264410e-01,7.883620833582738463e-01,7.555499500086169107e-01,5.699168281805450098e-01,9.549803779984313845e-01,9.285316018556996065e-01,9.294397145381725345e-01,8.269257114990182789e-01,7.167974740778022547e-01,4.115788370350244585e-01,6.747804530211219953e-01,7.421797496075344114e-01,4.401578992935611945e-01,6.003038389178518841e-01,8.745828978645743268e-01,6.083503652135553441e-01,6.826400038375387558e-01,4.042752561953252277e-01,5.586126536803275311e-01,8.827265235501660090e-01,2.822298482283053800e-01,5.504014999307887956e-01,9.754727086800243363e-01,4.083131589584404475e-01,8.951609730477411153e-01,8.167984108951682476e-01,8.360980336899743737e-01,1.431248147031129458e-01,5.934057314865518462e-01,7.831359326742455274e-01,-1.902777439639935231e-01,8.459383080254204712e-01,7.700374390345419151e-01,8.475074130937072514e-01,1.800306894606528152e-01,5.076069141524822692e-01,9.362089760262204408e-01,5.719977331546225452e-01,9.007944914857707319e-01,2.053151539788609647e-01,2.488998886683576606e-01,-1.038641969094759171e-01,4.643510104464462218e-01,9.078404628618425010e-01,4.978185101742935714e-01,2.460091338418422535e-01
3.670801519861081053e-01,6.888551459158464008e-01,4.719619036767089826e-01,5.849470128365595878e-01,6.809797634536649547e-01,0.000000000000000000e+00,4.962198921818608555e-01,5.902145550459231282e-01,7.060427344488324763e-01,6.139689150103627702e-01,2.281131277225863507e-01,6.662833371965251050e-01,2.763584523029576356e-01,8.124098404955621966e-01,9.644747630787602333e-01,7.208334099020692332e-01,7.007117439620016430e-01,8.502827355403096421e-01,3.248554697968853988e-01,4.058401915987311925e-01,8.781826890119445173e-01,8.463508576838972841e-01,8.629876100188159649e-01,8.950813673928154079e-01,5.951067455491352298e-01,7.029504688951350166e-01,5.710658959936850687e-01,6.649600700423514699e-01,2.300230520819947500e-01,3.184699053861601570e-01,6.123311797032909842e-01,4.474291323211747606e-01,2.812626103761273200e-01,8.588442199123798027e-01,9.347535412771919017e-01,3.571546561656663288e-01,5.114503948079424100e-01,6.388831263932578386e-01,5.268120900721767752e-01,4.099914574856459160e-01,3.368956041731818729e-01,7.138807571825070974e-01,8.217790842529674178e-01,4.650758929993872859e-01,9.686380475134808155e-01,9.365156992516853185e-01,6.636802108724739746e-01,5.218772451699064119e-01,6.521764249575106032e-01,7.836465583130661772e-01,4.320296282416932199e-01,7.746256603206288505e-01,9.673701689125392411e-01,7.163403495057867332e-01,9.132283625423810447e-01,7.795155272018976511e-01,7.450644726037392029e-01,4.578474942848096974e-01,8.328589877811657383e-01,6.878639979266154558e-01,6.052580150681928783e-01,6.175872435910887415e-01,1.943787887845976337e-01,2.772484999993183319e-01,8.717247505427483389e-01,6.827376295485042268e-02,8.696540683228708435e-01,7.180686435826998393e-01,8.607530083133848597e-01,9.257458916985639163e-01,6.086439178467308864e-01,7.459230642035323822e-01,4.510191739627492091e-01,7.042992173781614795e-01,3.783703921054764052e-01,6.541722754873242618e-01,7.179475285420573449e-01,5.759821806354011864e-01,1.516751197048973356e-02,4.503966828726160276e-01,7.294811554529087028e-01,2.630591332265248550e-01,8.458623198263874876e-01,4.946074339476792536e-01,5.356942324004799749e-01
6.147978256016228826e-01,6.324891139158050901e-01,7.144979135216757982e-01,2.431555957621998054e-01,4.617831207935167992e-01,4.962198921818608555e-01,0.000000000000000000e+00,4.503525338395118482e-01,6.330147246091408775e-01,7.289218240506658564e-01,7.316999445541921832e-01,5.649744964460685637e-01,4.929307384338464937e-01,4.066217915437795871e-01,9.170713334299973596e-01,9.536636418356256861e-01,9.106929224056879990e-01,7.957299221297823300e-01,6.870561773646804982e-01,8.304090796665070107e-01,9.664357392359932408e-01,2.066385486601447774e-02,3.643019665084047398e-01,3.242189239208719265e-01,5.472145284043076208e-01,4.784631515298163329e-01,9.149578034450455144e-01,6.521386663443423659e-01,6.318177193402206848e-01,7.680399243475296567e-01,-1.043625236017112490e-01,6.034249567145563153e-01,6.383224275327413766e-01,6.795403912028249449e-01,6.714838473952153830e-01,2.643052698582247229e-01,5.139446580285872423e-01,9.378974397854522582e-01,9.974093828236412218e-01,5.123252505817760261e-01,6.515345817508814141e-01,5.672741035315655989e-01,8.803149166940942294e-01,7.056724181679230323e-01,2.746079488067098007e-01,3.980889979235003873e-01,-9.840963352059388380e-02,6.364070276577988849e-01,9.954986114372210704e-01,5.034156978446097108e-01,3.451937389847604676e-01,6.943954398764299318e-01,6.243704217097230114e-01,5.442486013456390159e-01,6.629298600852813195e-01,6.947856209647744752e-01,9.013810357475969537e-02,2.853647627666150988e-01,7.067548328415791392e-01,6.110555878021904919e-01,7.740104608687988774e-01,1.659195433654838958e-01,3.718122579266947003e-01,7.458989278363410413e-01,9.772867077955414983e-01,-1.119439684527562262e-01,3.578133409734732817e-01,9.487084917049984911e-01,3.518333153203804242e-01,7.791807905908347820e-01,2.096087588576282523e-01,7.791738055458118373e-01,2.053388787861640252e-01,5.344741111065587358e-01,5.514919700127072222e-01,2.264219483841359015e-01,6.202818664432568907e-01,9.195039740317204613e-01,4.476954934869396552e-01,2.261041471117886947e-01,5.024523329656755966e-01,6.016114658759901257e-01,4.335669420894651682e-01,6.035480929643325387e-01,5.085911531144401421e-01
7.364874796506666321e-01,4.600652301964228696e-01,5.162908548648982299e-01,4.772764389532284657e-01,2.692982860573092108e-01,5.902145550459231282e-01,4.503525338395118482e-01,0.000000000000000000e+00,-5.552164378731147543e-02,4.749129426500351414e-01,4.928912451880301804e-01,8.509666343059190119e-01,7.200680607804196276e-01,1.236853799110691071e-02,4.943665124143903911e-01,6.845520940566198753e-01,9.862670302968836733e-01,8.023148391599528306e-01,7.664980544698362097e-01,8.193354373830645798e-01,9.717611473883985829e-01,3.801477150680117323e-02,5.750301300207039112e-01,8.784697876722793453e-01,1.886786592274392604e-01,3.928239222258866903e-01,8.284080101772537397e-01,6.029415492733067872e-01,5.893422264932024479e-01,1.957744150385682946e-01,3.618785475945605623e-01,6.161111131493323123e-01,5.176125880438784410e-01,7.305218815015692702e-01,3.195936159699223067e-01,5.590881166520736967e-01,5.090766144672800309e-01,9.994832990877597911e-01,5.136802814474531464e-01,2.540428014143669144e-01,8.036063630703541572e-01,8.966843354789574283e-01,8.993520566071980804e-01,3.103224177560002239e-01,9.038184272029332611e-01,5.766622128506778688e-01,4.826696770381561086e-01,9.915898508833193015e-01,4.372175208423939030e-01,2.200507575509090263e-01,4.240570729592354482e-01,7.124120402175537770e-01,6.651387263336195899e-01,5.102948704222773912e-01,9.407459848029253724e-01,9.253680555788569295e-01,4.693732946146630947e-01,5.440888627211406536e-01,9.634852770327113625e-01,5.086996272536430386e-01,7.545876255377336195e-01,7.129342042487759601e-01,1.201891410310010067e-01,6.863315647272336673e-01,8.176132246125030756e-01,6.790249550555321756e-01,7.267704119711763111e-01,8.204630417125604591e-01,6.280389954552098031e-01,9.908810014640386798e-01,8.897347203490730827e-01,2.335625854489998543e-01,3.557487159459895576e-01,7.581151752925969767e-01,4.371551718991938951e-01,7.226325451964238367e-01,2.684277951609070345e-01,7.355801316299240833e-01,5.572586526608362956e-01,2.580892990597493108e-01,6.952493886693552616e-01,6.119342954690605296e-01,6.790259735439994060e-01,7.015589300569372577e-01,6.464138704240260935e-01
9.162106381608962069e-01,9.485197990238394272e-01,7.059952205312209905e-01,7.645869977903027026e-01,9.087670044824188720e-01,7.060427344488324763e-01,6.330147246091408775e-01,-5.552164378731147543e-02,0.000000000000000000e+00,5.042170858805270495e-01,2.708998020435681164e-01,5.816671381488824899e-01,9.475155967833244208e-01,9.760119205566879508e-01,6.193574253710872890e-01,1.508110246057106640e-01,9.317851477117946590e-01,3.928992997512619767e-01,6.306742656197906749e-01,1.787398281703322656e-01,8.791052061662479877e-01,8.200178423409530959e-01,2.044586790751608263e-01,6.584805416527749200e-01,2.758407102084112772e-01,7.667299324450699283e-01,9.599152309160933205e-01,9.360904204778148774e-01,4.554185617756913440e-01,6.171240550444880846e-01,7.792714564761825669e-01,7.177680333179251582e-01,3.946727430192068509e-01,6.480358080456019021e-01,7.392712592698986729e-01,6.473173148956594680e-01,5.477693764943084576e-01,5.346693799779357326e-01,9.473468459034714018e-01,7.151295165807680654e-01,5.522400928393416536e-02,5.588881733935918694e-01,9.727780785452397883e-01,9.197374106047947473e-01,9.607863281274862111e-01,6.384543198095131711e-01,2.358382211907638082e-01,7.197554067719126314e-01,7.658322855079308100e-01,5.248551570136449351e-01,3.057948882679859537e-01,7.113151856996717814e-01,5.011835678535093708e-01,6.254854316740255937e-01,4.039990768342395233e-01,7.391661718270385872e-01,6.990515099881229322e-01,7.021489095954439597e-01,9.516156923292379277e-01,8.196686003828055345e-01,2.925966356724908901e-01,7.000743307249065461e-01,5.117717170041914398e-01,4.474275882480470701e-01,8.464668859813107016e-01,3.137458829792210135e-01,7.182752086199559738e-01,7.644916593510380221e-01,5.736736438302478952e-02,7.443054658370416021e-01,7.618335226589879605e-01,7.488415514855424338e-01,4.582383873923578377e-01,4.223760192730727225e-01,5.164060702808449532e-01,5.755249532563522230e-02,2.812081194371317538e-01,3.217909582383305933e-01,4.870025913389359196e-01,9.152053225858820806e-02,3.515965783242215315e-01,7.325930262657128766e-01,6.407215411565116980e-01,8.319852148720153773e-01,3.415933789858711656e-01
5.183531198868465140e-01,7.622465471956064720e-01,6.253419353810177883e-01,4.052641458587259993e-01,5.141650994786275408e-01,6.139689150103627702e-01,7.289218240506658564e-01,4.749129426500351414e-01,5.042170858805270495e-01,0.000000000000000000e+00,9.628477557507022500e-01,7.064919435627624589e-01,4.808494065590316335e-01,3.243914000112522317e-02,6.849583346717157406e-01,6.811104449839716635e-01,9.692234253586231585e-01,7.666811093252661191e-01,8.644275474071573262e-01,9.353957667513707053e-01,9.620715572760765166e-01,6.050304047304300159e-01,-1.348895826503276330e-01,9.422396192593410769e-01,5.448149314275794186e-01,8.246488663340308944e-01,8.449698943314110089e-01,6.205825675586659207e-01,9.605872992030140001e-01,2.401335867020627513e-01,3.640331878345038907e-01,8.611705384134997754e-01,6.715083613927176343e-01,2.268468009207662839e-01,4.864499856570981273e-01,6.019569365468624422e-01,3.623047712084311867e-01,7.302281052808384798e-01,6.124080492685248789e-01,9.949835481406803517e-01,8.214660471148973464e-01,6.542945481997752832e-01,5.456502780153213994e-01,8.592516412109411084e-01,8.641200469754021229e-01,5.690032607000041764e-01,8.245260482928569168e-01,5.661849976165842513e-01,5.600630381783060496e-01,7.335142924165081180e-01,9.251450227838267093e-01,7.324691192156076447e-01,8.649315253168539108e-01,4.727395449018481632e-01,9.571768829064859485e-01,4.930268223409174921e-01,6.649450232237330560e-01,7.392684361051363728e-01,9.132358999850067605e-01,6.523681726310668338e-01,5.296014736171783532e-01,9.047843645786678435e-01,4.595762594910937637e-01,8.850382439172150839e-01,6.722089848827841330e-01,9.268653805766237097e-01,4.650705129219997458e-01,6.161587192591513329e-01,7.431390142799156884e-01,7.564769990141158029e-01,7.832393967419999381e-01,6.327631783906660923e-01,4.081156138037577152e-01,9.937612273943211560e-01,4.319334108643001491e-01,4.298428042382246850e-01,7.518031801619377008e-01,4.808317364136511229e-01,6.523016802474431719e-01,2.445387851697258808e-01,6.396259556063035312e-01,7.606709293272809758e-01,9.769268034888312080e-01,7.111961454079327449e-01,6.783622626238151598e-01
6.700812501528202736e-01,9.150314655000734154e-01,2.728330337327216637e-01,6.760516723581616594e-01,7.063772996818867833e-01,2.281131277225863507e-01,7.316999445541921832e-01,4.928912451880301804e-01,2.708998020435681164e-01,9.628477557507022500e-01,0.000000000000000000e+00,7.930092377549227134e-01,3.105554778544031835e-01,8.928005603506224963e-01,9.716033974954347840e-01,8.216553992589873401e-01,4.563642998345492918e-01,9.542394039263686345e-01,7.850343252276489325e-01,9.791410108274284374e-01,5.086749999010139467e-01,7.396065217767385791e-01,9.377345440437856450e-01,9.795488346691989534e-01,3.799221131009794528e-01,5.769586692250336935e-01,7.536942906609375159e-01,4.603836158999117245e-01,7.405996637590537279e-01,4.422698936802946235e-01,1.879300119653644352e-02,7.471232685289885822e-01,4.097612628100110177e-01,6.221260667537908962e-01,4.308574933806392226e-01,7.995121405436576012e-01,1.477861342049326988e-02,-8.390047405129068270e-02,8.802381346863547007e-01,6.590144121618271011e-01,9.102701843729240627e-01,7.938539388608275571e-01,9.101797647774120259e-01,6.897854233213720487e-01,8.673158443697589481e-01,8.231030511386896453e-01,9.673226984424972974e-01,9.774573912285380306e-01,4.000217052094823256e-01,2.984883329360297211e-01,7.009797561605379812e-01,8.176688434465861910e-01,7.133829407178881032e-01,7.739744624574201870e-01,8.322057253899436402e-01,8.016332565352939366e-01,3.957074751295540649e-01,8.096133043053140854e-01,8.575842373958318943e-01,6.631965063371038083e-01,3.228292116312328486e-01,9.276317298305214454e-01,5.068749983590985497e-01,8.263422077333963944e-01,8.442539235169643774e-01,6.488632219190009209e-01,8.548829131639301693e-01,7.392078686790110043e-01,4.660302861573382693e-01,7.002975385475606052e-01,6.435548764094313201e-01,7.657764597582302768e-01,6.662698305847225902e-03,5.229636153539487520e-01,8.457234704937879322e-01,9.541489244391088143e-01,6.044810375013716097e-01,6.705810082180035936e-01,1.669290582524784183e-01,2.556065627746098023e-01,4.703683658075249463e-01,6.922834888909955575e-01,8.933471399926756762e-01,3.472337495271540231e-01,8.796755006668313115e-01
5.805075257951313183e-01,4.337609670117767990e-01,6.973560124533465521e-01,8.230191896631802173e-01,6.766323343316262839e-01,6.662833371965251050e-01,5.649744964460685637e-01,8.509666343059190119e-01,5.816671381488824899e-01,7.064919435627624589e-01,7.930092377549227134e-01,0.000000000000000000e+00,7.691542511722302411e-01,8.185063190351916651e-01,6.756821962045650443e-01,8.683969739202325178e-01,8.776890773844551186e-01,3.600217926910285193e-01,5.408814552984912982e-01,7.885078027185449256e-01,9.651626430945857427e-02,5.856952055997676210e-01,6.759201639582055332e-01,8.782058038843403303e-01,5.688545967073608267e-01,7.430578670177134804e-01,9.242830951388936178e-01,5.262772282684391456e-01,7.196829874986768738e-01,3.813929762939093360e-01,6.160160699458416822e-01,7.262806161499084645e-01,9.375698934265457307e-01,6.510135081425729719e-01,9.104010535783643165e-01,3.873812034931425341e-01,1.863517741730979504e-01,3.366422451144377992e-01,4.866953451944527886e-01,6.046055254631022002e-01,4.212895068716767666e-01,6.422108715374547083e-01,9.266643429533478749e-01,8.226152478469043183e-01,6.783549713088413702e-01,9.425057055374570503e-01,7.565403224563822526e-01,8.736352546563455057e-01,6.994702359780918810e-01,5.297811135485617218e-01,6.197664379067104878e-01,6.411326425446838284e-01,6.751708068230968252e-01,9.844689333996652358e-01,6.623592853406351511e-01,6.440370545174651795e-01,6.779570344007063154e-01,4.231600174019789495e-01,9.894462089415572148e-01,8.535648683013747906e-01,5.246844139762559811e-01,7.269111419742981806e-01,6.655963001317453109e-01,7.149995023803594751e-01,6.247676142488152173e-01,5.927942244631946300e-01,7.076660540723140880e-01,8.256527724607394259e-01,4.284800324590222198e-01,8.589960364188704567e-01,9.437642344692251939e-01,4.106948136611032751e-01,6.845146614743791158e-01,6.684712503332889133e-01,7.334477297611680102e-01,3.751680491679256768e-01,4.195869827596339641e-01,4.352596549957005179e-01,3.623546589550508124e-01,1.006709442907354757e-01,6.935966017127418448e-01,8.487598925668055072e-01,6.394444388491474784e-01,6.973514765007976512e-01,7.543945305184538430e-01
4.448666085936254233e-01,2.403641085450868853e-01,5.390434142045794630e-01,7.803017155571079222e-01,8.251305352392186432e-01,2.763584523029576356e-01,4.929307384338464937e-01,7.200680607804196276e-01,9.475155967833244208e-01,4.808494065590316335e-01,3.105554778544031835e-01,7.691542511722302411e-01,0.000000000000000000e+00,4.371031894060687373e-01,8.769959077360658384e-01,2.863255345430683052e-01,9.335215508788431427e-01,9.427547974533575514e-01,6.752672107281865177e-01,4.774456751275092392e-01,8.971000865141908198e-01,8.044186603237787336e-01,8.637776205031864052e-01,6.879039950441150353e-01,4.884740984117064361e-04,8.628829116323687431e-01,6.251723266309436866e-01,9.787661464266206313e-01,6.459127902529160359e-01,3.128608599874690421e-01,-1.507570753062212887e-01,9.174075993974787346e-01,6.198161315701234964e-01,6.889451976270587474e-01,8.440277523900103773e-01,7.152499963695883034e-01,3.630448502664461730e-01,6.670363100156633251e-01,9.259516261608726762e-01,4.689727448324851888e-01,8.731216696774720676e-01,2.572500857857920042e-01,8.610105129260994250e-01,8.480353844471198999e-01,7.164801217273500944e-01,5.411533261058193434e-01,9.212467114263724888e-01,9.096244244524728240e-01,9.827623868846052657e-01,2.832805338440582132e-01,6.285203193303776636e-01,7.051495714323975372e-01,3.480829442926266504e-01,8.349370162835467735e-01,4.563004456251532059e-01,7.248651174378055728e-01,9.025220387359521590e-01,8.060477757824321410e-01,9.376603507185214958e-01,5.971615808764044742e-01,2.541338288833101533e-01,4.174412588875928698e-01,9.231710445698410039e-01,5.633110127399243439e-01,8.542818608084085108e-01,9.045036971040745222e-01,6.367877174740559365e-01,5.882608821403222388e-01,2.235913701834508494e-01,7.287214375106674247e-01,6.519629624105236498e-01,4.818500640820493897e-01,5.217813253480684255e-01,5.476412233501488647e-01,2.147317187818603423e-01,7.314488495161195480e-01,8.595975785938578806e-01,9.253822603786863166e-01,4.633766015398089744e-01,6.867625207249128394e-01,5.081478327961623798e-01,4.679610983409675518e-01,9.041878844953203931e-01,4.608300824056700828e-01,9.916985903585080475e-01
4.011520510850701271e-01,7.541598672710601026e-01,6.894003650242265246e-01,6.744802266961884563e-01,9.327035178407470095e-01,8.124098404955621966e-01,4.066217915437795871e-01,1.236853799110691071e-02,9.760119205566879508e-01,3.243914000112522317e-02,8.928005603506224963e-01,8.185063190351916651e-01,4.371031894060687373e-01,0.000000000000000000e+00,5.506057861615518689e-01,6.212365621970162843e-01,7.354818174490349580e-01,7.793119203446484677e-01,4.202122476831195441e-01,9.891085459711677075e-01,8.752615965755750072e-01,5.020376266311190605e-01,6.706071913084792335e-01,9.385168115222342067e-01,7.875619993779305883e-01,2.592998858241878923e-01,6.082014947028054064e-02,6.041915705935133607e-01,7.736864313493585499e-01,5.656589293016376363e-01,2.400223996575800434e-01,7.328702660744761399e-01,8.425537303951942114e-01,6.890649790978520262e-01,7.317733458670899749e-01,3.362186101263588967e-01,5.063482178718531346e-01,9.189429419080157313e-01,8.691370190595550937e-01,7.472549279008607881e-01,5.281990129458193906e-01,4.169423617989368447e-01,7.459166890518743598e-01,3.115345715256220838e-01,6.766322595088084535e-01,7.959486280302491279e-01,1.198104349834229754e-01,5.809756145561180141e-01,4.588068396977227348e-01,2.798495679395723856e-01,8.598988650656050892e-01,7.347568145342102675e-01,6.593885271088006927e-01,4.324096281008099618e-01,8.737564828665335126e-01,8.147083904698438905e-01,5.609676644944860957e-01,8.887646569757994275e-01,5.036904260261891864e-01,4.324489055728299447e-01,7.899122546978958326e-01,7.787310750706679663e-01,6.859503119350622846e-01,9.987257371866822275e-01,8.210257277655168551e-01,4.110036072378391303e-01,5.212771368278408257e-01,8.817929751817352724e-01,8.988468031919372159e-01,3.343069509511271686e-01,9.491697972217041368e-01,5.183260591027520903e-01,2.579604256307924670e-01,8.069138894912586402e-02,8.518442464642950185e-03,5.833680449566689408e-01,8.977057153026825054e-01,9.866713759138042716e-01,-1.533536910727804625e-01,5.474268043748146129e-01,8.749757556099424516e-01,7.849883788723959199e-01,7.713588650577259953e-01,3.213367177492588156e-01,8.919416728756379698e-01
8.113660158706119674e-01,8.304000894738784444e-01,3.048395536123165717e-01,9.446378085281648129e-01,8.338507551934059014e-01,9.644747630787602333e-01,9.170713334299973596e-01,4.943665124143903911e-01,6.193574253710872890e-01,6.849583346717157406e-01,9.716033974954347840e-01,6.756821962045650443e-01,8.769959077360658384e-01,5.506057861615518689e-01,0.000000000000000000e+00,6.940831369062566703e-01,4.081633511150855043e-01,7.761128315353503782e-01,5.558152328236338757e-01,5.055248277220831810e-01,8.162867127514631393e-01,7.539999401144416025e-01,8.108532844709627208e-01,9.689731309535855042e-01,4.234140574218628883e-01,6.539207540636807758e-01,9.424228491323614065e-01,6.579925355245770380e-01,9.235459694284795518e-01,4.511412714154224290e-01,-2.575970796222157300e-02,7.756664633652127216e-01,6.859229405206775931e-01,4.230865726062040810e-01,6.190687579003703034e-01,2.854254415393836508e-01,7.615312944930159311e-01,5.333792144337243801e-01,7.095785159081952065e-01,9.045730669725071671e-01,7.981640370700393561e-01,7.284215146771712002e-01,9.752168776326928246e-01,4.591756862918563442e-01,7.726241104487465705e-01,7.460778751443444268e-01,8.884706533281964136e-01,2.229695131043148704e-01,6.605760994302891653e-01,7.443578616879995558e-01,2.478432627475064820e-01,7.195038815430916390e-01,8.329321110802078154e-01,5.147815831949135168e-01,7.448513324849377337e-01,7.675683519521806497e-01,5.254221458508716580e-01,5.796580446777439555e-01,9.327183933622739120e-01,5.574538869577740918e-01,4.100693727506732333e-01,6.829197343137181075e-01,2.141449247239450293e-01,7.758083470028802608e-01,7.606199562742942399e-01,7.999429374970259410e-01,6.896219391345814742e-01,9.451528084701005250e-01,4.662095630355999609e-01,7.460896399833968351e-01,7.806774871770643109e-01,8.128563071586952793e-01,3.225853464838192020e-01,7.579742400933837665e-01,7.996319395503680427e-01,9.668792801972915241e-01,6.944777146046748895e-01,6.417828811911271414e-01,2.366873754191546608e-01,3.451415831980396698e-01,9.479914611365228838e-01,6.070335800257782299e-01,6.928028176245201175e-01,5.641125816327556830e-01,4.313111189752071861e-01
9.505032979280272354e-01,8.721346856757081767e-01,6.904633436596921969e-01,7.898070888406096834e-01,4.470683207989532004e-01,7.208334099020692332e-01,9.536636418356256861e-01,6.845520940566198753e-01,1.508110246057106640e-01,6.811104449839716635e-01,8.216553992589873401e-01,8.683969739202325178e-01,2.863255345430683052e-01,6.212365621970162843e-01,6.940831369062566703e-01,0.000000000000000000e+00,9.668378940394559695e-01,2.717610766391132526e-01,8.178012647939310042e-01,7.437970797986110938e-01,8.455704552453913170e-01,5.455140652311466498e-01,7.377166511668233895e-01,9.265749213316100130e-01,4.559171213632506880e-01,2.208205207908280621e-01,8.334865250923546576e-01,6.851431275040169577e-01,2.431881334595824840e-01,5.353733107467483210e-01,9.102843353420263239e-02,8.092842068602325023e-01,6.112617503946501385e-01,8.469193112164339343e-01,7.784186197153819542e-01,7.955784604588889142e-01,4.331793613055583414e-01,3.234809764250631270e-01,3.937083088757894478e-01,8.687357724096920197e-01,8.133326015669992692e-01,9.945546831913714136e-01,3.375642099276838781e-01,7.504903081859395364e-01,4.719377671461553181e-01,4.930449337108938623e-01,5.417145654672750332e-01,9.090693407619261368e-01,9.873422886994035474e-01,4.609457584837587385e-01,7.394712513392434072e-01,-1.092155942701482640e-01,8.430066288369337801e-01,8.522494905036335222e-01,6.849183116010424399e-01,4.415846891105142391e-01,7.228823896503254742e-01,4.918082226637784937e-01,6.116979079377560247e-01,3.964496635300622795e-01,3.193726672165049796e-01,6.951577068512890811e-01,5.306125120181932608e-01,9.884762422093651413e-01,9.861697873923981339e-01,9.115397474296067504e-01,9.033933994245997301e-01,8.390621096735197959e-01,9.436336623540694246e-01,8.531259752937119245e-01,7.855662754210734899e-01,8.581834471341454051e-01,4.755420124717475439e-01,3.002661635420680319e-01,7.683650418037556440e-01,8.208773831777314012e-01,9.709927671154257034e-01,8.924506390102315834e-01,4.985049564804506783e-01,6.954237458580829756e-01,7.782298214299164796e-01,9.451089418141391807e-01,8.077376857296142409e-01,6.235856901335827818e-01,9.804343307107872274e-01
8.550250547790785305e-01,7.659463263065028338e-01,9.141396993953376793e-01,7.547586774319617886e-01,4.608934181920646966e-01,7.007117439620016430e-01,9.106929224056879990e-01,9.862670302968836733e-01,9.317851477117946590e-01,9.692234253586231585e-01,4.563642998345492918e-01,8.776890773844551186e-01,9.335215508788431427e-01,7.354818174490349580e-01,4.081633511150855043e-01,9.668378940394559695e-01,0.000000000000000000e+00,8.620557418304592989e-01,8.256471524102352300e-01,7.460171553498241570e-01,9.307694249121627461e-01,8.936505055740302517e-01,9.772667639338417089e-01,7.508878520986653760e-01,4.391483384899197429e-01,9.212758081273173527e-01,9.495089791216260178e-01,8.494642615367168359e-01,5.422190839604056345e-01,4.715817564943453055e-01,3.427891742416676601e-01,8.774059913056669879e-01,9.485734592704624379e-01,9.840297871209666702e-01,5.454897974598161836e-01,3.815324066147190302e-02,2.084107855883778060e-01,9.585660686132978503e-01,8.659883250098895369e-01,5.371594330927123018e-01,6.417678111429993004e-01,7.827698467677459693e-01,9.757691385493444391e-01,6.609863992612516892e-01,5.236734008558974196e-01,6.375813985892465618e-01,6.969513223183517736e-01,6.501790056885926594e-01,8.097437144018028166e-01,5.673396715102286825e-01,7.866134168270848548e-01,9.734188874663473046e-01,9.448422913178424754e-01,8.729793497129134661e-01,8.633906901415532298e-01,4.683236027057078865e-01,8.707011611932677919e-01,7.224643153500928117e-01,6.649875750907134897e-01,7.074239710052951935e-01,4.367335636151216116e-01,9.648943760875799969e-01,9.710812043526281245e-01,6.617737861260232224e-01,8.438190683348877341e-01,-5.086389629236987009e-02,9.416743514070050614e-01,7.602293206727042119e-01,1.916992908075295654e-01,3.206037421705668633e-01,7.926127391962840552e-01,8.996130702829636672e-01,5.818694851956998093e-01,8.891825380260220957e-01,5.421526932377325192e-01,9.747533939007816395e-01,8.582010917790420246e-01,6.634980192264907650e-01,4.239386460365475173e-01,1.783215313015663883e-01,8.962900351432099288e-01,6.909943405772890346e-01,8.078397998250100853e-01,4.800734715571384759e-01,6.378420251688785569e-01
7.161217716837893210e-01,4.418113588878004316e-01,8.236552416042698388e-01,4.595403691703372484e-01,5.216143757467514019e-01,8.502827355403096421e-01,7.957299221297823300e-01,8.023148391599528306e-01,3.928992997512619767e-01,7.666811093252661191e-01,9.542394039263686345e-01,3.600217926910285193e-01,9.427547974533575514e-01,7.793119203446484677e-01,7.761128315353503782e-01,2.717610766391132526e-01,8.620557418304592989e-01,0.000000000000000000e+00,8.764423004405702544e-01,7.088311431011927732e-01,7.234126871408697035e-01,5.049372237670173291e-01,7.938951415650395971e-01,9.730871908514402424e-01,6.049236935382668046e-01,6.845425321510458794e-01,9.788994124710269640e-01,4.678727733206184958e-01,9.267669452689631937e-01,6.079520748204362279e-01,2.686527182762705745e-01,7.941493699117316840e-01,7.116898517867192853e-01,4.566716879098590698e-01,4.282458913267639389e-01,2.581988762183287101e-01,4.954190410104107323e-01,6.476356821905816519e-01,8.124600841452299660e-01,7.999078118668375703e-01,2.315715515877492803e-01,6.417869632790564882e-01,5.260242294452881495e-01,6.046994145233730578e-01,9.672708570520831550e-01,6.152631771351514400e-01,6.165364415580482094e-01,9.968382579283819878e-01,1.202022709631457853e-01,4.800504646261665176e-01,6.569359251875538375e-01,6.597574678294725326e-01,7.987150935602362889e-01,6.131522938128264322e-01,7.105969505907678840e-01,4.310253606529352854e-01,6.493731171800338764e-01,9.127914576620128617e-01,8.404359420945402004e-01,6.581754681476096325e-01,1.844945648046862896e-01,8.271753548834120950e-01,5.611981046485357005e-01,7.409184929418964893e-01,9.406397170697622379e-01,7.850016902603269564e-01,7.487127426959403476e-01,8.383898731233738744e-01,6.595885904686831225e-01,7.751158421237975826e-01,9.490107965132905665e-01,9.537177459753672926e-01,7.094996481804212163e-01,-2.030419039694045247e-02,9.381614037641555770e-02,6.697036704463263934e-01,6.032808548082739808e-01,6.563294149002327771e-01,5.426369376069126726e-01,-1.338190150766167263e-01,8.238461612319203375e-01,8.632849949686109969e-01,9.196523643662843917e-01,6.452285481542872070e-01,4.535549779262984527e-01
