0.000000000000000000e+00,9.474748451177573694e-01,6.135100773485717696e-01,8.461937570949524812e-01,8.016086779572708654e-01,8.308767117054401963e-01,6.997582205664645283e-01,5.969707494065126241e-01,7.698023398578378584e-01,6.602841825833828393e-01,8.869384737281030828e-01,9.656610445498559070e-01,8.998531064893527942e-01,7.865638297497581366e-01,9.376692889310702661e-01,4.665789863237431168e-01,8.538436902110585480e-01,8.249441331482872952e-01,9.068761362255306491e-01,6.155254558771127149e-01,7.508956770549110038e-01,7.139113694235043051e-01,8.226557361756177134e-01,6.170411625301585046e-01,8.359093793592649035e-01,8.345226425393094116e-01,7.508286160723827152e-01,6.025539739977088249e-01,4.952796514206003753e-01,5.555799294743497541e-01,5.261506154883445197e-01,9.942684171771668522e-01,9.857025962479460945e-01,8.000832393806515119e-01,6.690362222465767728e-01,3.261613381206666107e-01,2.036541981335394935e-01,8.963530376954723655e-01,8.988121313335344365e-01,6.634665320003851896e-01,3.770595226451786686e-01,7.931404786279697694e-01,9.956528407395623947e-01,7.213520929158502293e-01,7.603928519527947127e-01,3.593976665900061596e-01,9.946737639265779141e-01,6.731733801879159484e-01,9.319387412290734973e-01,9.082366390030001124e-01,7.645857898968575483e-01,9.420249315460823558e-01,2.734010246927551790e-01,8.083034573632371655e-01,8.928480509765894801e-01,5.402368096965894928e-01,9.088384405316730641e-01,2.316873222989369874e-01,6.071422738789521434e-01,-1.559104817307189195e-01,2.317894249785291128e-01,9.648616384265764623e-01,8.912100169503384128e-01,6.498731512019598755e-01,9.160920136424084426e-01,5.939682713903988720e-01,6.859510384005624850e-01,8.094267952430003188e-01,3.143221118689397131e-01,6.261613796317019309e-01,8.809246703866049355e-01,8.318673500186171132e-01,3.522022763517016486e-01,9.139023195768434249e-01,8.508141865476628318e-01,8.706923112935462949e-01,7.029136535858396817e-01,9.186240601477613232e-01,5.696003955497226379e-01,5.389313601135320431e-01,9.803975241282940623e-01,8.445091490896772246e-01,2.998575500376043923e-01,6.129527767232195723e-01,6.972113572729949915e-01
9.474748451177573694e-01,0.000000000000000000e+00,5.060773521385035778e-01,9.074332605744828140e-01,3.423146387210275754e-01,8.625581985814610997e-01,6.715018841369322367e-01,8.867824128480700230e-01,5.274556440709762262e-01,7.919688287660037185e-01,9.655610090509015864e-01,6.853925105768410297e-01,4.109962055206022313e-01,9.061486525075800325e-01,2.566238623754465986e-01,9.388919178573644775e-01,2.626022589077642855e-01,7.637150145453825978e-01,5.055946474306830529e-01,9.204136923826917727e-01,9.879023189886850798e-01,7.352983729984406969e-01,6.464040258622881785e-01,9.788813770205329057e-01,4.974905283277840651e-01,7.846688809565264267e-01,9.511339898106883073e-01,8.108356038209201255e-01,7.116005094708798273e-01,5.862771531306043560e-01,2.700557266708046300e-01,9.687525233941661762e-01,3.162108954587320442e-01,4.270641584823660075e-01,4.290701629386474147e-01,2.764855272720304624e-01,3.738554284498243896e-01,6.810670134024052746e-01,7.835082135839044337e-01,9.059113415147154180e-01,7.955166181419479621e-01,3.184040072634468088e-01,7.641493788276669807e-01,5.054531817732554888e-01,7.988704635727543746e-01,8.144652104789174007e-01,8.919332439069912466e-01,6.697686711991087671e-01,8.003139110996191352e-01,7.363811148680637908e-01,5.625884282390758440e-01,9.991595780381842262e-01,9.657170853640715258e-01,6.556033937430147951e-01,6.634093495821962172e-01,9.614978132866732752e-01,6.808686982836630319e-01,3.099809833475239418e-01,9.879210708710111088e-01,7.808071999006658270e-01,4.715379552911866945e-01,7.227323020372528051e-01,5.573714460470966525e-01,7.270431318247898567e-01,8.615223700923930750e-01,7.008975455129747845e-01,6.093642066229837395e-01,9.029000187743613237e-01,5.846812398986848125e-01,6.864076618013962294e-01,2.702050341898403207e-01,9.714278321407155969e-01,5.482681408253906596e-01,4.083570113705842219e-01,7.011151470874927849e-01,7.303710340924141065e-01,4.071866416835096536e-01,6.320949396176028801e-01,5.352401160197141072e-01,6.329605103640768560e-01,4.999302162127762794e-01,6.073468974291905687e-01,5.034451272336873950e-01,4.049727651219702240e-01,4.989774255999497865e-01
6.135100773485717696e-01,5.060773521385035778e-01,0.000000000000000000e+00,9.532435911458150279e-01,9.196553711744281934e-01,6.098272588046960152e-01,7.683723338953817317e-01,8.968548095769227624e-01,2.143099025056368345e-01,8.506333123626912407e-01,7.260749619776607489e-01,9.219880584265451873e-01,6.937898575749030794e-01,7.509267897740259379e-01,7.975585376135398974e-01,8.135073596783861660e-01,9.103489014027124071e-01,8.088166769908196052e-01,7.336315030665618853e-01,9.135867542227389393e-01,6.659271153659759301e-01,6.372298818846028334e-01,7.131578861260455815e-01,6.374888882900918707e-01,7.227801552852062272e-01,7.031735707425256221e-01,9.975684137646094740e-01,6.471483683663962205e-01,2.428677038935233568e-01,8.511031889550363383e-02,5.225773907572980326e-01,8.104696076593967957e-01,9.646842260053589690e-01,7.388929116924951579e-01,9.796779271860237559e-01,4.901607196484644713e-01,4.117293089253803995e-01,8.446709166274253278e-01,8.607316904513401257e-01,7.431359300421347402e-01,8.758009681568252880e-01,8.097284662655411802e-01,8.070762667321259576e-01,7.387398240183600251e-01,9.399466246534472491e-01,9.087164715773045076e-01,5.748399388219416206e-01,5.852885729289085681e-01,8.093437098791682605e-01,8.077011712651021025e-01,4.205490394794909603e-01,8.495730808810727508e-01,9.810520896748703423e-01,7.948486873682097942e-01,2.605326836671296720e-01,9.559176027896506556e-01,9.143511181404437860e-01,7.233976307309948339e-01,8.679819059047162444e-01,5.414996549136600335e-01,9.243182609728006760e-03,9.887253190804516922e-01,7.910397908137076772e-01,1.070959461632416988e-02,8.768071363816599684e-01,6.246077677952543983e-01,7.226362688597474104e-01,6.848991495771294957e-01,7.140468495106510050e-01,6.079157524908006538e-01,7.240060211889470798e-01,5.258901284705064239e-01,7.611407247259424080e-01,7.431412312121826735e-01,8.530725776894158008e-01,3.436029662794481965e-02,6.751253794584670676e-01,8.613998718336181026e-01,3.950544202139040229e-01,4.985932858910673282e-01,4.159191081355250175e-01,6.603960854991300922e-01,6.267633596984606426e-01,7.927346755824185021e-01,-8.051889694677161202e-02
8.461937570949524812e-01,9.074332605744828140e-01,9.532435911458150279e-01,0.000000000000000000e+00,5.894557705524066105e-01,3.527043751435348096e-01,6.191503019039814593e-01,3.438998315120890270e-01,7.550251312239275592e-01,4.854668777348181141e-01,7.435164214061461552e-01,7.008057715503847040e-01,7.913448726099108210e-01,6.633871671383019253e-01,8.746692878630593082e-01,9.902027102422616966e-01,6.402003419905628601e-01,6.217294674185770420e-01,4.844032778143086970e-01,9.678994536599737630e-01,8.784839598220182122e-01,9.810366333966704655e-01,6.243075686468071428e-01,9.481908645327772334e-01,4.405223154463352442e-01,8.469080559917674389e-01,8.995293849769179229e-01,6.339939231577692569e-01,8.506820373197269136e-01,2.087005151225741206e-01,6.185577937820715411e-01,5.162493361562462413e-01,5.364577741720775172e-01,9.653499279303973113e-01,9.756692660199031142e-01,3.211299963944553304e-01,1.645835786429259567e-02,9.869188754500202165e-01,8.606046759535974644e-01,8.165051059639947262e-01,7.251698966029938020e-01,8.762023397788135659e-01,9.778443215177274883e-01,4.264586897893357098e-01,9.382200912091021028e-01,8.873664289117672022e-01,5.571445246118879036e-01,6.970833209557386612e-01,5.231108229188026482e-02,7.221113874030765656e-01,8.248941635582905940e-01,9.346896203298401540e-01,6.581565445713822848e-01,9.065975235240153474e-01,8.492075752472265648e-01,5.902158499800782554e-01,8.396600514402318138e-01,8.927500574707060155e-01,5.924168013855755088e-01,9.166108572522196907e-01,4.516501845261215453e-01,2.925090319827772234e-01,6.284831676303832548e-01,6.370939834995896778e-01,8.181937655678082066e-01,7.853781863157228704e-01,8.131746240152939453e-01,8.600872936837826721e-01,4.525725317339451270e-01,9.093944241979652343e-01,9.359809402768644038e-01,9.740486102735963492e-01,5.948783334154944535e-01,5.081172307357444407e-01,8.845597017427870856e-01,9.113098155244706566e-01,6.602804544396440045e-01,7.304750467009484272e-01,4.112671844835867896e-01,3.392859193444047738e-01,8.474856274567181824e-01,6.976630130185219603e-01,5.277558833191305920e-01,2.189444716026867632e-01,9.236602805170585073e-01
8.016086779572708654e-01,3.423146387210275754e-01,9.196553711744281934e-01,5.894557705524066105e-01,0.000000000000000000e+00,6.368256357334011186e-01,5.500899090246591516e-01,6.651963209136075861e-01,6.962890552964640101e-01,9.351460643884002000e-01,9.678831555922646768e-01,5.832638470357328631e-01,9.257232526153711394e-01,5.335147652365478388e-01,8.194569348003720721e-01,8.002651401210204574e-01,2.346468341683725367e-01,9.117901695469436962e-01,3.912102150267609407e-02,6.513803521730865409e-01,8.059508398911385818e-01,6.267064625597823513e-01,5.458117134837345841e-01,6.606270925555760565e-01,7.261563698481661167e-01,9.621617385916499954e-01,4.666246058237262240e-01,7.013185438923973392e-01,3.723441038690505911e-01,3.693561090546783054e-01,4.092865919852556322e-01,9.262466652127865352e-01,6.738630094903433898e-01,7.392280463899962850e-01,7.226141495159438266e-01,7.288125103033831209e-01,4.088295567417085663e-01,4.974996662955571414e-01,7.113385384172353776e-01,6.772662464401772997e-01,7.916440932432809996e-01,8.176416051821535635e-01,8.859343675802782148e-01,6.917236127958207303e-01,1.736529727204329798e-01,8.186570548105106537e-01,8.493008879789438748e-01,8.341383385747168644e-01,4.682112283305961409e-01,6.965752113245142763e-01,8.433610064507197634e-01,9.945179758471348608e-01,8.257037332252166184e-01,4.898931959315903639e-01,8.644747973585117373e-01,6.350540649988482000e-01,8.232581314770214265e-01,9.171506371203901331e-01,7.044522412325526783e-01,3.955100119703457429e-01,1.135393688425115066e-01,9.999819033285713976e-01,3.671802240163888897e-01,5.004796099552942801e-01,5.641238012639233912e-02,5.415099646494947461e-01,8.580284163650635509e-01,5.688468460452809072e-01,9.457851611570600170e-01,6.552003749566606139e-01,5.830758753541741557e-01,4.834961669285908203e-01,7.766818630125761347e-01,7.033934589138262083e-01,7.010900761596330355e-01,5.536972574845707706e-01,7.491582646352697994e-01,2.770678550273121266e-01,3.416024967923726452e-01,7.464150590348611614e-01,7.272295509525271706e-01,7.052882186154234567e-01,9.291973680739967767e-01,2.290589159598259150e-01,4.734703608996084223e-01
8.308767117054401963e-01,8.625581985814610997e-01,6.098272588046960152e-01,3.527043751435348096e-01,6.368256357334011186e-01,0.000000000000000000e+00,4.408176885042980331e-01,5.472404215026186458e-01,1.778965393692289454e-01,6.291110076614292446e-01,4.722481929901344855e-01,7.808577278313089121e-01,6.473693820871784244e-01,9.556821064120257780e-01,8.136517426567874134e-01,7.864751155101705749e-01,9.844818150550795899e-01,8.136687993268902908e-01,9.236385423084371160e-01,8.487324377228734340e-01,6.368010731770997745e-01,7.427874936681140294e-01,7.817379789377204569e-01,9.037802157630927535e-01,7.208338941403354960e-01,5.804700632124583093e-01,9.633378118779432064e-01,7.732223145434332645e-01,2.158573574943660200e-01,7.292266128945926740e-01,4.582752351723572981e-01,8.945211895574237682e-01,4.947681545886985499e-01,8.286647798589324987e-01,-1.127874812079982109e-01,7.134885550168069690e-01,3.944763019696723161e-01,7.633646488911983718e-01,4.521181052331389449e-01,7.407197621481674821e-01,5.976966844109702359e-01,7.694317658557721096e-01,6.060921568966814998e-01,7.110516432976273782e-01,7.318924572816338792e-01,5.831038163084402148e-01,6.316044052657502350e-01,7.579044617879699963e-01,7.241849829538913319e-01,4.566851213205814219e-01,5.829134429242111004e-01,8.158565201793736010e-01,8.456099060245432231e-01,9.371131514274843033e-01,2.552659004441210633e-01,5.824207864967954063e-01,1.255818510286141054e-01,9.132532712448813150e-01,6.159088767169835776e-01,4.881973108844288034e-01,5.827944854797829644e-01,4.363101465118559563e-01,6.500201981103992388e-01,6.654311836811147574e-01,9.208742232437165942e-01,2.065888268677639750e-01,7.297889639514477667e-01,5.372240886517337666e-01,6.688717765236871227e-01,7.261939166879236573e-01,8.704242983889470819e-01,8.230684355327547719e-01,5.083568763468528928e-01,2.583132342290284100e-01,8.396159746076897745e-02,7.951001438646649877e-01,9.483962170417457038e-01,6.857968752370190435e-01,4.562386367875995163e-01,2.021811175427459251e-01,4.319814520096109112e-01,4.410783919964524902e-01,9.877317144396827731e-01,4.996014738156326351e-01,3.820043314414324209e-01
6.997582205664645283e-01,6.715018841369322367e-01,7.683723338953817317e-01,6.191503019039814593e-01,5.500899090246591516e-01,4.408176885042980331e-01,0.000000000000000000e+00,3.517289853986966808e-01,5.685791835303339870e-01,5.737754118033645545e-01,7.041767593695041905e-01,6.329195714882359658e-01,1.341089495879794480e-01,9.030812930585854215e-01,4.752902892642998367e-01,2.782291639779682080e-01,9.128273536188760140e-01,4.508875579513942911e-01,1.641436711239714352e-01,4.063148057376519406e-01,6.985880719739582245e-01,2.610502559413025447e-01,3.548024016239014200e-01,7.471427507611013707e-01,7.876741625991534601e-01,3.581606146708917748e-01,5.325107654843753702e-01,1.084866340817814967e-01,9.094065956222862068e-01,5.698136397610944481e-01,2.485162267636829569e-01,7.868662017277336940e-01,4.753508511941922920e-01,4.660759348820830983e-01,6.996360955471123688e-01,3.093652451566752948e-01,2.909081120098412909e-01,7.804733095203345572e-01,8.344201899824638113e-01,9.754970576457543396e-01,6.963382868673843040e-01,5.856816277638269286e-01,9.204123409565846403e-01,5.449618720769716651e-01,8.451401608814221866e-01,7.904846417092680211e-01,4.714228159637540161e-01,7.099225985149500984e-01,5.806643470142089924e-01,7.102929502210935109e-01,6.636971539061702341e-01,1.275550364926421876e-01,7.919073054555586522e-01,7.143348833969103140e-01,6.690214143101133049e-01,8.546399073920077916e-01,7.667592949109867106e-01,1.049559221979803197e-01,6.566640722760248572e-01,3.078981899851063742e-01,2.970813192858173801e-01,4.431100390905526876e-01,-3.056287261336401162e-01,6.293420318747341424e-01,8.030328691225222526e-01,7.276231728956052969e-01,3.667253290539810862e-01,9.610937927848532958e-01,3.739427534261228203e-01,5.684491289286888183e-01,9.629174824268686983e-01,4.863657567113726099e-01,7.975494585244663481e-01,6.421979539534721226e-01,6.408303758029418873e-01,4.331258428295601814e-01,7.692660467086580578e-01,5.913529638319864334e-01,-9.283479773942782121e-03,5.248364010641921595e-01,4.692685160894544683e-01,6.953896167042069587e-01,7.477840258552130859e-01,8.171726982489141422e-01,7.099068920637818803e-01
5.969707494065126241e-01,8.867824128480700230e-01,8.968548095769227624e-01,3.438998315120890270e-01,6.651963209136075861e-01,5.472404215026186458e-01,3.517289853986966808e-01,0.000000000000000000e+00,8.315790217216049163e-01,2.763696312633486252e-01,4.670187907925598680e-01,4.335579125005683543e-01,9.480889037907339612e-01,6.031763174592749133e-01,7.034075141659360542e-01,5.769540654235826294e-01,3.155002616939565074e-01,4.794848843841231778e-01,8.286550694106751269e-01,7.692928315137985695e-01,8.641139999873593824e-01,5.747218740402557646e-01,5.353588814542604712e-01,7.283983484856542123e-01,9.315823044856441637e-01,7.763641244238498329e-01,6.838378597494663147e-01,4.778619414325195880e-01,3.848552316341509183e-01,6.556403320241995791e-01,1.019967263412091124e-01,4.266051031964305240e-01,6.911028019092266828e-01,7.952468927591167525e-01,3.908844458459492244e-01,4.439657634151052412e-01,7.289888170817292457e-01,4.846635194373553057e-01,6.818355750194157183e-01,6.365999361782124222e-01,9.252358595061538349e-01,5.663847546303197866e-01,9.138616212424885976e-01,6.793369889016067642e-01,8.234953808207474690e-01,9.181769599114827374e-01,4.670933326141573083e-01,6.792071905062081472e-01,8.452232501365243289e-01,7.129190871967875376e-01,6.617319836716064607e-01,4.852440337032786211e-01,7.566128564523110223e-01,4.469503817481112473e-01,4.517067977151026370e-01,6.684500822519636731e-01,6.482130971449322487e-01,4.106333921012256805e-01,9.508650765620056955e-01,6.736399898289168187e-01,3.725459245787861029e-01,5.126538223055704391e-01,8.749811959942540573e-01,6.392744623962399730e-01,9.715699120259388977e-01,7.626444949770401216e-01,6.162385946524708835e-01,8.313313761925988921e-01,-6.119373100318703518e-02,6.204584981728491488e-01,6.932220051191133603e-01,7.206703236501090792e-01,6.695690956127438032e-01,4.121676857102816172e-01,2.988446851565188522e-01,9.956673663055300993e-01,7.346405165969551732e-01,5.822043542850322551e-01,3.995047416825127096e-01,3.974048518669376362e-01,2.537542424896101489e-01,7.401356865287779252e-01,9.424301883009215119e-01,6.774076670002903144e-01,8.458665256711175306e-01
7.698023398578378584e-01,5.274556440709762262e-01,2.143099025056368345e-01,7.550251312239275592e-01,6.962890552964640101e-01,1.778965393692289454e-01,5.685791835303339870e-01,8.315790217216049163e-01,0.000000000000000000e+00,7.265201246099050048e-01,7.750308483531528347e-01,7.945624858116948630e-01,8.197073100944755053e-01,6.306205208070094770e-01,4.598592292623191469e-01,7.570439079874728971e-01,9.543484553480495736e-01,7.382403075149439609e-01,9.617574419203133163e-01,9.316106913655660682e-01,9.677407211628173966e-01,8.228056581724999541e-01,8.933892181698204205e-01,8.303352033267590304e-01,3.732819883066459954e-01,4.082210892878656017e-01,6.056641905753705757e-01,4.965431257968642154e-01,1.770616910094723329e-01,2.600635250610610072e-01,3.395535641993258080e-01,9.559495346827201478e-01,5.539879091897479402e-01,6.447719397669438024e-01,6.104932392164937882e-01,4.746140095199439801e-01,4.557091367687526318e-01,4.605486487911511495e-01,4.005527895374236813e-01,7.049868502207431442e-01,5.131019154255125336e-01,4.935563126463831662e-01,4.839270242560678170e-01,5.607654688042409408e-01,6.336746615824363493e-01,8.824619407971134866e-01,8.565689460385726983e-01,3.901768987012836920e-01,7.022289335026626889e-01,7.490788773229407616e-01,6.588457986659141952e-01,6.109079054851848101e-01,7.184318508383824575e-01,5.010494792380977280e-01,8.054906100151236759e-01,2.942024431128400508e-01,7.237436891020532226e-01,9.048826320669722811e-01,9.909948246506878888e-01,6.550611613072254702e-01,5.540748780265069007e-01,8.798933257227760096e-01,7.298805191021175975e-01,7.141770149565837000e-01,2.960882776226254898e-02,7.706688584800095443e-01,5.147143079056448745e-01,8.652208192511656737e-01,6.717640167455083411e-01,4.689493814834619356e-01,3.486076721949964430e-01,7.654769040636744126e-01,5.545187131999488317e-01,2.466574676402049360e-01,2.762718286055855788e-01,6.497785979216350594e-01,9.721050124870037612e-01,9.610470575465367427e-01,5.247740721810930653e-01,7.383206554684708101e-01,2.112725123965551038e-02,8.151836880688080322e-01,8.217045210555168344e-01,4.689316895353554115e-01,6.428895875110525182e-01
6.602841825833828393e-01,7.919688287660037185e-01,8.506333123626912407e-01,4.854668777348181141e-01,9.351460643884002000e-01,6.291110076614292446e-01,5.737754118033645545e-01,2.763696312633486252e-01,7.265201246099050048e-01,0.000000000000000000e+00,9.425822376535031299e-01,-1.884466977538001298e-01,4.201297589251147824e-01,6.094859112302224435e-01,5.530355523120809025e-01,9.868677616747951742e-01,4.265294768941887416e-01,7.709864649652177215e-01,5.649677190315366415e-01,9.831394482723689876e-01,6.362278562767613721e-01,5.455455618915877603e-01,8.411940301791512864e-01,6.801315253367874458e-01,6.200882688231211803e-01,6.245442612333966803e-01,7.339171763145534433e-01,7.115984254461803216e-02,3.019036018898544338e-01,6.832545300576379210e-01,4.073720149258995837e-01,4.907227679064158909e-01,6.109351330063308438e-01,5.769147703797476989e-01,4.510825350407480783e-01,7.045424847538006574e-01,1.454052610460924710e-01,2.843070073237074502e-01,8.988612368526489593e-01,7.773401618248733103e-01,4.868443598821250995e-02,6.983348033364282781e-01,5.635665471249543534e-01,9.206317291025143401e-01,6.119959657662950026e-01,9.944803431924322812e-01,3.886492624478840030e-01,6.099542653189966579e-01,7.350584524329677460e-01,8.989488842127397739e-01,6.594266293170440996e-01,7.020701975879213297e-01,6.723049161327224743e-01,8.685054421123103996e-01,8.743030949773126226e-01,9.582418091312147057e-01,7.901060458517197294e-01,3.691288525314300184e-01,8.698555524349131929e-01,7.524484264474828876e-01,5.842616115958311207e-01,6.799926543755216990e-01,9.763768811160232763e-01,7.524159851326827075e-01,8.435376568257764163e-01,6.576325070137452045e-01,8.973286389943679886e-01,7.713627490608540027e-01,5.667643312998933702e-02,9.327268016610509305e-01,6.771637415543217964e-01,4.391751256448669927e-01,5.522297337535475581e-01,2.601733676270001072e-01,4.773947428904540269e-01,6.858210504738775359e-01,7.491280450395788604e-01,6.678041268107623996e-01,7.595633420669279934e-01,5.418059416017504404e-01,7.134942604718726988e-01,7.926850915057694902e-01,6.413793589746885626e-01,5.291554884876206177e-01,7.070357070351054318e-01
8.869384737281030828e-01,9.655610090509015864e-01,7.260749619776607489e-01,7.435164214061461552e-01,9.678831555922646768e-01,4.722481929901344855e-01,7.041767593695041905e-01,4.670187907925598680e-01,7.750308483531528347e-01,9.425822376535031299e-01,0.000000000000000000e+00,9.925281252915325592e-01,5.933756811836106149e-01,5.774292757760436379e-01,7.145545894501560413e-01,5.651159409225018360e-01,7.575241975563765662e-01,4.983734874197822684e-01,9.427693627595400416e-01,6.557505784501724833e-01,8.336574843380282207e-01,6.575959029288795943e-01,7.983790410362932022e-01,9.545084105831022070e-01,9.838512321386746473e-01,8.669535100113945347e-01,8.745557969481865257e-01,2.485675914519642760e-01,6.572573515413246970e-01,2.223349496823763538e-02,7.035494076020910592e-01,6.451638400131918250e-01,4.646828796348524415e-01,7.275691296940184349e-01,4.875556341848884534e-01,5.650353419322786674e-01,-4.165429567775058572e-02,6.789091457449742961e-01,5.863111139764916047e-01,6.764548073300582498e-01,4.623227798127481081e-01,6.365250894065479503e-01,6.606758764999229872e-01,9.248979472115125278e-01,5.307439863346512521e-01,6.308932663009246822e-01,9.692791706743528746e-01,7.528474733256403928e-01,4.994371475579552078e-01,7.242034564136999863e-01,4.761969425976362857e-01,8.287766570930564791e-01,4.253087492268332603e-01,8.843784336578215388e-01,8.947273960056273401e-01,4.699824318238269294e-01,9.323781496833697391e-01,6.958018967080298323e-01,3.991135882826534198e-01,2.347152559100476044e-01,2.438628747840273225e-01,8.621721227955009281e-01,7.287441398244426383e-01,8.097690218306986543e-01,9.006615274645747293e-01,8.487131661304416763e-01,7.175850226799664888e-01,8.045459062977673437e-01,3.721899516040554357e-01,2.188207440514746138e-01,4.010670835105851761e-01,4.915830575592925467e-01,6.327780283564499175e-01,4.033174647954243519e-01,9.530491405182628384e-01,7.912496152317538556e-01,9.086287825279719677e-01,8.056024927558538273e-01,3.443330776793052106e-01,7.432885947143537120e-01,9.165519613946395694e-01,8.706292006644188453e-01,6.020203730253096408e-01,7.005686209196637648e-01,5.739514054292607081e-01
9.656610445498559070e-01,6.853925105768410297e-01,9.219880584265451873e-01,7.008057715503847040e-01,5.832638470357328631e-01,7.808577278313089121e-01,6.329195714882359658e-01,4.335579125005683543e-01,7.945624858116948630e-01,-1.884466977538001298e-01,9.925281252915325592e-01,0.000000000000000000e+00,3.547726001667744211e-01,6.728923178811566652e-01,7.154736084758734904e-01,2.410792593148318175e-01,7.536317769607456807e-01,6.992982182698059823e-01,2.038002050205349469e-01,7.220362772311608168e-01,7.007870165266943951e-01,7.770854106783482707e-02,-3.469392116053027220e-02,9.898492077859222249e-01,6.369775030708131336e-01,7.831601323084339539e-01,2.299452841069229980e-01,9.081354589053690640e-01,2.100778282322288970e-01,7.854663002226098811e-01,-3.000013766438848761e-01,2.967844204482198989e-01,1.319253005516456134e-01,9.237573122915740953e-01,8.667048864906143901e-01,2.509289295172689171e-01,5.379403211112392391e-01,4.303861952416185299e-01,6.634994007601892063e-01,7.213734113508334378e-01,3.986950968348903501e-01,4.024148234875618013e-01,7.382542306556820755e-01,7.293544760775166891e-01,1.743958903803900229e-01,8.989975719469838200e-01,3.470319175592957994e-01,7.510943325675139004e-01,4.218163714267280651e-01,6.765537486178048177e-01,5.461610122458016026e-01,1.313169700075449142e-01,7.833697843965483631e-01,8.280620734014360051e-01,3.367688465941399145e-01,6.947648802146171310e-01,9.364674470332858824e-01,9.194900699642970521e-01,8.853985781487527795e-01,4.197409740615508644e-01,2.320178551695548097e-01,7.734949829528183773e-01,4.997560399244526663e-01,7.852232426281342548e-01,8.631542931724827117e-01,4.250437312994468364e-01,8.955410019131739841e-01,6.491485241167207487e-01,3.739072503881634146e-01,6.414768210318240182e-01,8.693607364993578557e-01,6.716545645997372693e-01,5.316179506429936641e-01,8.091157638841925959e-01,3.230719411571824629e-01,3.923625298057502597e-01,-4.191607121723661677e-02,6.536580405878699152e-01,7.959398298762669910e-01,2.524072910834176953e-01,3.927037011825836865e-01,7.517508257775052938e-01,9.433322390504703669e-01,1.988540632208043446e-01,5.905721238756393987e-01
8.998531064893527942e-01,4.109962055206022313e-01,6.937898575749030794e-01,7.913448726099108210e-01,9.257232526153711394e-01,6.473693820871784244e-01,1.341089495879794480e-01,9.480889037907339612e-01,8.197073100944755053e-01,4.201297589251147824e-01,5.933756811836106149e-01,3.547726001667744211e-01,0.000000000000000000e+00,6.640109525100621468e-01,7.344070898894854427e-01,7.456458966714332171e-01,9.542720019068995363e-01,8.397624084686843293e-01,7.931517891747810189e-01,9.807706910662495892e-01,9.227363228641609627e-01,6.534421475404642576e-01,9.624493651580747766e-01,8.415278821829406120e-01,4.414525056358211130e-01,7.598839336346444595e-01,9.685955451332732835e-01,9.412676142780652677e-01,3.870867914190276871e-01,6.567069703626157162e-01,4.693758179824023546e-01,6.667273768367933950e-01,7.870450609464533231e-01,7.315944495344804954e-01,7.292397934606084098e-01,2.306293083449562908e-01,-1.639665365811128761e-01,2.871866191167788407e-01,8.663393255241056412e-01,8.576279140808624746e-01,4.833463104375428365e-01,7.965697134033229432e-01,8.988143186399076834e-01,8.573471205096454550e-01,9.156155356184262351e-01,9.743728756670335667e-01,8.258503319039111057e-01,9.097207019572834952e-01,8.734340138437781675e-01,4.674669153667176946e-01,3.943712445690724655e-01,9.917495424137965365e-01,9.167892675619055964e-01,8.707153841021817442e-01,8.861034583511958607e-01,9.628736660632881694e-01,6.033797655412567185e-01,9.423444151671909186e-01,9.671346017396016403e-01,5.551034788395597941e-01,6.699408559503771121e-01,7.485066006597449473e-01,4.867565603306960864e-01,6.020594200156499376e-01,7.256165383975213823e-01,6.077621377805498826e-01,6.286560917296791784e-01,8.493727494818634760e-01,7.001580888989800133e-01,6.787999786504470556e-01,9.359268434262792979e-01,7.251597289657658596e-01,5.754335386839348754e-01,2.144187164583954142e-01,8.254657932447418967e-01,5.138673855453721462e-01,6.929344513403421502e-01,6.490153415121615588e-01,5.586816653971717894e-01,2.114817655515885408e-01,6.455759439405337474e-01,7.895160953473718823e-01,7.141819186620887994e-01,4.916206708396187453e-01,6.573927012074520793e-01
7.865638297497581366e-01,9.061486525075800325e-01,7.509267897740259379e-01,6.633871671383019253e-01,5.335147652365478388e-01,9.556821064120257780e-01,9.030812930585854215e-01,6.031763174592749133e-01,6.306205208070094770e-01,6.094859112302224435e-01,5.774292757760436379e-01,6.728923178811566652e-01,6.640109525100621468e-01,0.000000000000000000e+00,6.234540372643331274e-01,4.225875674864683629e-01,8.367814532053257093e-01,9.401180520190507428e-01,8.372318921596515473e-01,8.815579182013527637e-01,9.619420142885983793e-01,7.270580190610669291e-01,9.485983542894095288e-01,7.072594524990325482e-01,9.288871864174128579e-01,6.190343637524163833e-01,8.586640376518447360e-01,6.970704282205079094e-01,5.912223819078077369e-01,5.065350593104640531e-01,3.642515493992827813e-01,6.729373607085148423e-01,7.150470185668036383e-01,9.733305425834880564e-01,7.164046845974405553e-01,6.908589549008854469e-01,5.830766130593522112e-01,5.479214378186045842e-01,9.773132024716096877e-01,4.340093935794317459e-01,7.840146640536981293e-01,5.294755453467074879e-01,7.591077977680041888e-01,4.625558236075431595e-01,9.164381897003701649e-01,2.640360557508296124e-01,1.699954745836387560e-01,7.682244685235436465e-01,7.466789971361749156e-01,7.390491915685657442e-01,9.491176101000088350e-01,7.316236276155775320e-01,4.504942796601580923e-01,1.805738987271441054e-01,8.252818296818329458e-01,6.350076530174937339e-01,4.039677048963752903e-01,8.067309151833520486e-01,7.935078556468886379e-01,3.608636281025632414e-02,3.840595008573876035e-01,6.418231877740664393e-01,6.975812389945510450e-01,4.697398423515362076e-01,8.024315018440991709e-01,7.012362294377152416e-01,6.280513591652266969e-01,9.184373214880778846e-01,5.953006090379453497e-01,8.916688297065177293e-01,9.239312132764574415e-01,6.606778473223635650e-01,4.165440432504554646e-01,6.115452061880708445e-01,5.924286960911218092e-01,6.990787642155406045e-01,4.853866488873516682e-01,6.575161544133467650e-01,-5.416283027145821216e-02,4.575764229896747692e-01,1.484560803858318012e-01,7.991915738216687215e-01,9.848098167615260135e-01,7.655828586302158012e-01,8.214452313104252390e-01
9.376692889310702661e-01,2.566238623754465986e-01,7.975585376135398974e-01,8.746692878630593082e-01,8.194569348003720721e-01,8.136517426567874134e-01,4.752902892642998367e-01,7.034075141659360542e-01,4.598592292623191469e-01,5.530355523120809025e-01,7.145545894501560413e-01,7.154736084758734904e-01,7.344070898894854427e-01,6.234540372643331274e-01,0.000000000000000000e+00,6.521149917530334461e-01,6.723432007648607600e-01,4.032246631334907572e-01,4.182512032381163758e-01,9.388094210180075727e-01,8.702551048404475464e-01,7.609597666073357747e-01,3.806266387981876997e-01,6.996232133985835766e-01,9.182701949847930090e-01,4.762428595565766365e-01,6.129664177854714513e-01,4.844647260244799303e-01,4.823636020227985433e-01,2.614791707277381305e-01,9.926277270482170012e-02,3.211674697826041869e-01,6.237049993541800008e-01,6.558231567050383237e-01,6.694538166877694874e-01,7.403573766844909754e-01,5.765064078773283196e-01,6.044954292746309577e-01,9.929279633969246843e-01,6.878954981381002476e-01,6.648589183230009247e-01,8.161779109148492584e-01,9.855486363569576636e-01,7.777265139047260245e-01,6.052774079746666702e-01,6.804246292621796144e-01,-6.720384549818747555e-02,6.871968774442022143e-01,5.289978347917835277e-01,9.195460372732987553e-01,6.704456880742136748e-01,4.019150755225932570e-01,8.172078095364737615e-01,5.379809513667876963e-01,8.146832191793482725e-01,1.019899741121307601e-01,5.576727294274539393e-01,7.347924254843158920e-01,7.007889947782699469e-01,9.435955821663569720e-01,6.418919695128100233e-01,7.852617271387850595e-01,6.820947667679505555e-01,9.514722418287917538e-01,5.871629340196101721e-01,3.822053194109458207e-01,6.083986436898153327e-01,5.691246430130136869e-01,5.823152259011123988e-01,7.625609120358476378e-01,8.102426832103750698e-01,4.264918889850405348e-01,2.714167773057347688e-01,4.703131564912624296e-01,3.094067209278871244e-01,8.250964575191513939e-01,7.213990721083320956e-01,4.773445141419920268e-01,5.086954671723915578e-01,-1.886093864835882705e-01,6.920248842092842079e-01,8.067515036373946735e-01,5.940659006770392381e-01,7.927643850572675399e-01,7.678210806084238005e-01
4.665789863237431168e-01,9.388919178573644775e-01,8.135073596783861660e-01,9.902027102422616966e-01,8.002651401210204574e-01,7.864751155101705749e-01,2.782291639779682080e-01,5.769540654235826294e-01,7.570439079874728971e-01,9.868677616747951742e-01,5.651159409225018360e-01,2.410792593148318175e-01,7.456458966714332171e-01,4.225875674864683629e-01,6.521149917530334461e-01,0.000000000000000000e+00,8.908341403224069310e-01,4.229575702837086726e-01,5.657735425905386917e-01,7.448427787921522158e-01,4.184283813881805036e-01,7.052992700239666402e-01,2.801121635570223978e-01,6.393935954548136680e-01,7.087647805719000660e-01,8.497030978303985460e-01,6.933549756434895794e-01,4.898938843008422417e-01,7.253957849729015805e-01,2.628802862771185134e-01,3.402498381161029872e-01,6.967786752411234685e-01,7.895720785940532060e-01,7.370475742810997932e-01,7.095625111996249901e-01,3.422989445905669781e-01,2.156445611883102409e-01,8.004748221275801434e-01,4.596261234835009590e-01,6.307510813456643772e-01,8.520765221626258601e-03,6.525703541434004773e-01,9.052592937771507531e-01,9.649236114597921077e-01,9.508106731749963458e-01,8.506055144375586075e-01,9.880740398571368210e-01,5.684085379620669176e-01,6.618947607481425743e-01,7.622390966873199281e-01,5.928633779955032601e-01,7.257908578368036379e-01,5.873663705608204166e-01,9.545503587993089400e-01,5.859352387059620915e-01,6.494474903110725172e-01,9.769269188955579386e-01,1.381219549478736874e-01,6.369547457184284722e-01,3.227995599675298477e-01,4.111658474227911086e-01,8.333570329773444252e-01,6.870533876514196558e-01,8.754183764300415005e-01,9.760587746554837407e-01,3.824729224191009691e-01,8.232438806684093668e-01,8.833761516887937981e-01,4.279658834115991906e-01,2.221578323436229629e-01,6.533379715677645194e-01,9.882139586141668319e-01,2.204217426201395269e-01,4.930115455363173194e-01,4.386580431924284040e-01,7.547653566264806990e-01,7.886010988148903778e-01,1.803155178191844510e-01,2.582608638639417031e-01,2.778456419816263123e-01,7.463268093717175811e-01,6.983805323831252521e-01,8.508967022178884898e-01,6.398308678572485197e-01,7.105812630513934636e-01
8.538436902110585480e-01,2.626022589077642855e-01,9.103489014027124071e-01,6.402003419905628601e-01,2.346468341683725367e-01,9.844818150550795899e-01,9.128273536188760140e-01,3.155002616939565074e-01,9.543484553480495736e-01,4.265294768941887416e-01,7.575241975563765662e-01,7.536317769607456807e-01,9.542720019068995363e-01,8.367814532053257093e-01,6.723432007648607600e-01,8.908341403224069310e-01,0.000000000000000000e+00,5.680043072477332089e-01,9.958429429167394709e-01,3.907881142947880471e-01,8.711795817582322909e-01,5.053476069405332671e-01,4.648927391269789822e-01,7.096352366846356841e-01,7.895989427790226500e-01,8.333937435339964228e-01,7.816143685217141757e-01,9.990366512598647386e-01,4.355884227502459516e-01,3.437613729392220985e-01,3.774774996296267338e-01,7.149125929634743137e-01,9.436291051611545022e-01,2.299832615245483436e-01,7.690494186082412753e-01,6.191815802821571957e-01,7.183587452421449360e-01,9.796903589068293172e-01,8.658420246998048686e-01,3.586711962114872421e-01,2.206767300061318604e-01,9.995812812889137700e-01,4.067736011911159411e-01,8.798020687290246666e-01,7.058834028054242760e-01,7.139781649577043865e-01,8.228717729228761657e-01,8.212668371780055265e-01,7.016766725672399785e-01,9.229192833114628902e-01,6.334043868373029351e-01,7.045713245223098609e-01,5.168277685548561262e-01,6.355112285738363509e-01,8.985154813482775227e-01,4.747599512868060923e-01,8.922224497196390436e-01,8.544264539980163109e-01,1.509134885411904103e-01,6.633114851387357236e-01,6.799938017310251936e-01,6.088460241543784957e-01,9.673133526974743157e-01,2.151329720540729462e-01,6.783570167001674589e-01,9.006436552796220907e-01,9.887564436500403398e-01,9.693106689277699584e-01,4.388206020516557948e-01,1.678780671994126727e-01,9.914013056280881475e-01,6.592600308948713961e-01,2.273652432326121187e-01,6.147208247122449842e-01,6.578234160542315578e-01,7.010107925621896774e-01,8.874944632491290619e-01,5.085087232606283481e-01,5.450261210516464949e-01,7.822422667379939076e-01,8.081578569727962957e-01,6.036127152562714704e-01,5.356949504550848618e-01,7.895965326967687714e-01,7.281786083347463467e-01
8.249441331482872952e-01,7.637150145453825978e-01,8.088166769908196052e-01,6.217294674185770420e-01,9.117901695469436962e-01,8.136687993268902908e-01,4.508875579513942911e-01,4.794848843841231778e-01,7.382403075149439609e-01,7.709864649652177215e-01,4.983734874197822684e-01,6.992982182698059823e-01,8.397624084686843293e-01,9.401180520190507428e-01,4.032246631334907572e-01,4.229575702837086726e-01,5.680043072477332089e-01,0.000000000000000000e+00,6.767344780998825193e-01,5.012072929882517291e-01,9.732537604470196113e-01,2.191471243662487800e-01,7.964296888224059456e-01,9.321051200157470795e-01,4.450082181591413222e-01,8.463042704867055344e-01,4.265917804929547086e-01,5.922681541614813749e-01,9.202963369262092685e-01,2.567820666705888377e-01,1.646932923358888357e-01,9.323603237249910025e-01,3.744895968622102833e-01,7.051231154508506016e-01,5.760181822156457132e-01,7.545622829679375920e-01,5.529037424323139938e-01,4.321149403374003883e-01,9.867413054738878309e-01,8.941459275506351556e-01,4.338247332077780904e-01,7.664655306859393669e-01,9.234188703327472769e-01,9.647815957333112369e-01,5.063908588659694621e-01,8.632698497516523295e-01,9.203445562728648222e-01,2.792325265961325131e-01,4.553241976345159814e-01,7.740595284804472342e-01,7.576137972894899653e-01,4.976398183500506112e-01,9.547458054723240162e-01,8.011056793339088600e-01,7.803041127085481587e-01,6.337372760005769434e-01,6.440477817068616107e-01,8.202645036180362670e-01,3.301542462741821615e-01,6.470676055367989843e-01,5.347865967368307105e-01,8.378845083861911069e-01,4.231350434794116655e-01,9.359923635003417619e-01,9.381273764039848029e-01,3.240849583397069078e-01,7.368524280240463797e-01,6.612142272505390217e-01,4.302592920512603447e-01,7.390150036343875461e-01,8.081437985650646860e-01,6.223085204439725571e-01,2.829627112677765011e-01,9.458052706234111318e-01,4.734068040553927048e-01,7.457227888557224071e-01,8.296361104757375982e-01,2.929098849832373896e-01,2.553028769130347153e-01,4.626503129766006417e-01,4.262091532328286525e-01,5.625197094886041915e-01,9.151735210389174702e-01,2.343121456646171663e-01,7.387157082044301104e-01
