0.000000000000000000e+00,7.291965306354166731e-01,6.928739913235343328e-01,6.901436940543583809e-01,8.771665772015323492e-01,6.584852050328379169e-01,9.962096448659883974e-01,7.489053332011529340e-01,7.963875442446848307e-01,9.698763124461389218e-01,8.869963579356393568e-01,8.748903678576823717e-01,9.180546338986527166e-01,8.587053687953978276e-01,9.885513648881396609e-01,7.307894018934707470e-01,6.099928532726845987e-01,8.480017747004721107e-01,9.179420503420683275e-01,3.959089664858880253e-01,8.992706021298960684e-01,8.199484472472371444e-01,8.241743659835306657e-01,5.979409620228666178e-01,8.632723405099456127e-01,8.427724983917304069e-01,7.816417011016646432e-01,6.455093487517464812e-01,6.299854813423698685e-01,2.129019570629062108e-01,4.812117379264811978e-01,8.572070435732082050e-01,4.342346992583296372e-01,8.027553496169566039e-01,6.303382646355989438e-01,4.626938570201006296e-01,3.795416569433982534e-01,9.229180635260134657e-01,7.636842098384557520e-01,8.659569353305203165e-01,8.245708714041819487e-01,4.531705484073899615e-01,9.261282243446909979e-01,7.146372992309462102e-01,9.682623496711973976e-01,7.863544833038229598e-01,6.868135267181204595e-01,6.399028790383426424e-01,8.257129104463081237e-01,5.800458819078273542e-01,3.559997133324981355e-01,7.791576885955424636e-01,8.306519529959687231e-01,8.980738723850349992e-01,9.744676161998786501e-01,9.316618234498574846e-01,-2.405518056350336442e-02,8.096030275890848671e-01,3.844346654025441179e-01,3.152183369827957771e-01,5.529559306924239914e-01,8.686376123861071497e-01,9.105880801200261221e-01,7.730654209306960789e-01,9.905599951758321531e-01,6.299304755777354048e-01,9.745125657981180689e-01,2.738674740857126033e-01,6.238822086526845112e-01,6.178606931194841057e-01,7.740121189691382408e-01,6.870821675353010471e-01,7.600209668877225266e-02,6.122146649389849093e-01,8.533415795556729133e-01,9.894520193158369281e-01,8.051169062029019940e-01,6.209536074110987292e-01,6.896858787017177139e-01,7.553979999791728961e-01,8.362763352350967017e-01,2.899160981862062281e-01,5.985727653032311135e-01,7.269856042923734663e-01,9.926923466400385809e-01
7.291965306354166731e-01,0.000000000000000000e+00,8.069757424055360451e-01,6.073960334700456709e-01,4.708907102797607602e-01,6.791339589314632219e-01,6.119928671855167090e-01,4.043141387849146784e-01,8.333405403639383424e-01,9.053744975104260906e-01,8.895669373764282239e-01,1.280214594711253928e-01,9.319624903005480077e-01,5.473039047347776354e-01,6.710725720335111166e-01,3.142867841281043323e-02,9.701901105239419953e-01,4.973143497236558463e-01,6.344797233900254518e-01,7.153930066725082693e-01,7.952304514744015229e-01,8.535397870078589300e-01,8.958910913347125637e-01,9.322845796185125211e-01,3.966191031557760316e-01,6.650395460793793179e-01,7.135706638707274285e-01,8.081552758387025026e-01,4.456683543778844903e-01,6.214149123044198086e-01,6.123958374246736280e-01,6.350632673003373529e-01,2.603853351598877097e-01,8.002373275243732653e-01,9.140842394449364416e-01,3.543710178507999409e-01,5.757428850143915255e-01,4.461988113803244671e-01,6.055273206118730878e-01,8.597445251977632319e-01,6.182040536074353554e-01,6.977520303279338698e-01,6.202162528656698370e-01,7.233576624154308687e-01,9.028001710084623266e-01,7.044298627569859361e-01,3.858031373252426288e-01,3.851996424038667266e-01,4.539982597935350306e-01,6.379076182481727697e-01,6.180847421998229008e-01,8.195346678578823152e-01,9.860048013479941753e-01,6.044539082162129207e-01,6.972360342817972567e-01,5.175352033116951134e-01,7.667711252935739408e-01,2.739209816693478627e-01,9.463971454150322815e-01,5.366137697906664394e-01,-9.338720829956585756e-02,7.869452276071807750e-01,4.721176377307300109e-01,6.901849793456805715e-01,9.682557631736803394e-01,7.410675497903967957e-01,9.230814837537970607e-01,7.308390282528033355e-01,5.322604435319939764e-01,8.013530800918972075e-01,9.997508287594600862e-01,6.489781983351369243e-01,5.733193400343469248e-01,3.337240410763160359e-01,4.256257170643979459e-01,6.149208099117854376e-01,9.176039486937401790e-01,4.328672637955484070e-01,7.662863141693995184e-01,4.506017090509391032e-01,4.469157778475317255e-01,9.430300289160867822e-01,7.808544150105236614e-01,9.775914673623008477e-01,6.539033976037109674e-01
6.928739913235343328e-01,8.069757424055360451e-01,0.000000000000000000e+00,9.145058925006653849e-01,6.997274464551469508e-01,8.459043653965858667e-01,8.148314712881670197e-01,5.491886206337922571e-01,6.482249854130859301e-01,9.781974854651315221e-01,7.734332255618459051e-01,8.942465683975280299e-01,8.177102525276739309e-01,5.607712021709214678e-01,9.335529520656052904e-01,9.059845817505908228e-01,5.360356936484313994e-01,9.362579289745912581e-01,9.266053960780472609e-01,7.678595771422772609e-01,6.271382981764229703e-01,9.004087246441255799e-01,8.784186828104427747e-01,8.842079962308346808e-01,6.874945334421826981e-01,7.699552673570824179e-01,8.952392728352517315e-01,9.764137949610400824e-01,7.902379958756307055e-01,6.566249150493093101e-01,2.127510051297851479e-01,8.201615747484540808e-01,8.224295071435189231e-01,7.547573622082659472e-01,8.737869205654711369e-01,7.375544216348773885e-01,3.689316905068957819e-01,9.754202078003376686e-01,7.581612433252341576e-01,9.304562815698156353e-01,8.422635024030735718e-01,9.816104421407466640e-01,9.463107333242148922e-01,9.495609058874443509e-01,8.395256323233203366e-01,9.648550241226444557e-01,9.957870784660034502e-01,6.592911279985553819e-01,5.776121605733245401e-01,9.629942886024073223e-01,7.347577710744429558e-01,8.435266640289363904e-01,6.897480043905969138e-01,8.913772432084625663e-01,7.526879009064384451e-01,9.457278016573948953e-01,8.785060666531937512e-01,8.037256371512544462e-01,6.858225985132275770e-01,1.946268534859356414e-01,3.614083782806467027e-01,9.951496212935917463e-01,9.233138678792200960e-01,8.225130531009547941e-01,9.919577519711926250e-01,7.061449512941473383e-01,-4.326358662794746457e-02,6.678551157615919553e-01,5.804853061479886556e-01,6.194335449923742409e-01,2.127915687756694874e-01,6.159890158922768366e-01,6.914947705024822033e-01,7.618881888447247563e-01,9.555144218236237830e-01,7.721606175167619046e-01,6.048427319679404723e-01,7.509750030368465001e-01,5.936044014563515159e-01,3.858175717655865089e-01,6.560460696795519242e-01,8.765535812680633754e-01,6.587033671900923704e-01,9.764510090225650973e-01,8.871455297871291279e-01
6.901436940543583809e-01,6.073960334700456709e-01,9.145058925006653849e-01,0.000000000000000000e+00,8.449576450203781786e-01,7.576444816740938171e-01,5.572084706184938785e-01,8.564006278176982123e-01,3.213621522828986610e-01,5.326189324537039527e-01,6.635185597783145317e-01,7.912458980103960204e-01,6.296315988610374781e-01,7.096673038156028346e-01,7.443448169602912001e-01,4.105109376881421190e-01,2.130276746793462461e-01,3.190262024487628967e-01,5.561861206065552565e-01,9.660063907203217948e-01,6.833827329494758240e-01,6.934256216721300659e-01,2.930879536245721839e-01,7.636061538371635704e-01,5.271624638163806553e-01,7.743606261216878783e-01,9.993697359742025332e-01,7.110116021025392197e-01,6.864541644762983674e-01,3.442939872563219872e-01,6.865647907295765462e-01,4.668642653922247532e-01,6.693281810185162106e-01,8.735799382635078825e-01,6.892577153697557746e-01,6.291267457330476098e-01,4.656440865815822394e-01,7.641139678156309012e-01,9.122214197230636978e-01,9.773011200899033302e-01,3.362310653758789347e-01,5.326074136066653031e-01,9.737895382475953987e-01,8.784507796278627767e-01,8.986671008405782146e-01,9.867176284082057602e-01,7.640589223182489009e-01,8.241372255649730416e-01,7.047044941629453385e-01,8.525848259341439750e-01,7.308782443081860425e-01,7.812064055049594558e-01,9.627191112526185535e-01,3.710055553035646048e-01,8.803923126876534999e-01,7.007033395815437382e-01,7.239870411721944787e-01,9.176383325642956112e-01,9.261576924390240162e-01,4.697163726442425968e-01,4.624738779292230095e-01,6.002644289557884649e-01,9.582904244058009224e-01,7.445712948019822530e-01,3.728460834891310083e-01,5.859033053847677586e-01,9.900798486472048854e-01,4.336363008709979705e-01,4.538383602189913768e-01,8.490413230694188185e-01,4.591670706626008180e-01,5.258561777053756270e-01,3.370255486799747513e-01,4.374784237091194905e-01,8.134769647505356582e-01,6.555919869472531802e-01,9.584408325552521424e-01,6.852306055425370079e-01,7.355025715152820887e-01,1.542528059333724555e-01,8.626869216417989428e-01,7.666936944162441314e-01,8.758895319337614005e-01,7.278691446952468835e-01,6.567175520747050577e-01
8.771665772015323492e-01,4.708907102797607602e-01,6.997274464551469508e-01,8.449576450203781786e-01,0.000000000000000000e+00,7.343719642462915864e-01,4.414369501396498419e-01,3.741181643415042446e-01,7.306908983122677448e-01,4.213839401424195885e-01,9.536449465531835479e-01,8.851658371682106230e-01,9.687291252972536348e-01,9.690444249418213030e-01,8.622638620145874899e-01,6.929257692929821077e-01,8.601264074082072275e-01,6.888318371689797770e-01,2.590667130286029018e-01,8.741528111451645211e-01,9.883491721119775919e-01,7.162325913241769371e-01,6.800800245473184180e-01,8.789603764977689249e-01,6.230535084945906243e-01,8.265635817238882188e-01,4.506267073790541366e-01,6.307367454900661974e-01,6.090191248833763948e-01,5.989545534790181591e-01,5.472319894471661117e-01,6.216371418508034319e-01,7.120416807639224910e-01,9.241740183256528240e-01,9.853159777753595083e-01,2.266427329472512353e-01,4.925179302526884184e-01,6.864362526169064393e-01,4.055845638716231161e-01,7.851097775796782585e-01,4.181405802163004615e-01,3.313303440051193482e-01,6.651378825832036101e-01,9.438956460659878589e-01,6.091490998131706691e-01,4.709109763671154303e-01,6.391311820915369646e-01,8.778085534328403661e-01,3.363628176630729105e-01,6.053028612650854789e-01,6.199162077666195980e-01,5.963498857788777086e-01,6.384215111361368766e-01,8.620149849688782950e-01,9.114501734642834752e-01,5.086382376688973750e-01,7.016705252626869171e-01,6.630898650529010174e-01,8.880543372506489730e-01,7.105618446851860170e-01,5.419849557087307312e-01,5.943659798721605547e-01,6.000932582094750112e-01,7.239178347575289107e-01,6.274449442704227442e-01,8.633743751775564412e-01,3.202087956064952889e-01,8.935274786740702302e-01,8.917444641628622382e-01,7.643961730335515625e-01,6.636428009070719503e-01,4.323066397283972240e-01,9.524065870832904013e-01,7.903146325933616545e-01,4.997836362955886402e-01,9.748566952863300106e-01,6.991448734178665747e-01,9.222472585332108785e-01,8.640410286710559218e-02,3.891844032756124339e-01,1.594724690287602775e-01,7.347130085633447605e-01,9.175537099739962121e-01,6.334724755777498828e-01,9.790798318332849526e-01
6.584852050328379169e-01,6.791339589314632219e-01,8.459043653965858667e-01,7.576444816740938171e-01,7.343719642462915864e-01,0.000000000000000000e+00,7.477609944237723072e-01,7.130788929696837419e-01,7.580674508064619843e-01,8.759432054472312545e-01,5.925838031684571572e-01,8.119393176504232645e-01,7.123218338863225307e-01,4.733760183594833415e-01,6.474601295044086768e-01,5.540399703427401068e-01,9.466481962731114752e-01,4.230760315460046495e-01,4.438747200248534530e-01,6.760378411622052219e-01,3.564896849015740665e-01,9.969278446432473517e-01,7.900655825324727211e-01,7.046180032370858992e-01,6.505205346134297351e-01,3.780453472067988457e-02,9.700438136115588916e-01,9.966035537407512690e-01,7.503047877368185237e-01,1.928338163684882867e-01,7.947324079550036613e-01,5.210927889209708841e-01,7.894776227920436984e-01,8.552513768349364609e-01,7.132649330469833515e-01,3.677405800632989052e-01,4.784262704574145930e-01,6.582740916527211050e-01,9.502717009599899178e-01,9.894785077564041131e-01,4.373995165219279890e-01,4.159614774620712385e-01,7.554155872637138280e-01,8.502157207689615692e-01,6.700000608473497543e-01,6.834713737084903151e-01,5.760409635876586609e-01,7.757810996621213873e-01,7.873041965166708289e-01,9.688040764445178532e-02,6.296626882847344842e-01,9.062222346080953672e-01,9.780570815753891756e-01,7.443629734056156355e-01,8.512041585745546701e-01,4.140294327428257759e-01,7.051229113328759679e-01,7.565104032484214480e-01,9.402108216818263475e-01,4.354357756828273751e-01,4.542647856936982698e-01,7.008296940292151334e-01,6.070050057600446802e-01,4.414929000403342019e-01,8.714718364336795364e-01,6.842470765684824929e-01,7.017886699739765977e-01,8.738227605875572568e-01,6.147153939592391730e-02,5.499738460648921912e-01,8.148222248488344865e-01,5.332717501947383809e-01,5.513388323148906700e-01,5.639493749046562421e-01,6.888291054929703838e-01,9.343464184711156584e-01,7.640136129108320295e-01,9.393109652933100406e-01,7.726707574428814951e-01,2.149737875458400393e-01,7.922717333635047599e-01,6.037047728505396949e-01,8.715509267008990646e-01,7.332317296916003313e-01,3.438858201751163746e-01
9.962096448659883974e-01,6.119928671855167090e-01,8.148314712881670197e-01,5.572084706184938785e-01,4.414369501396498419e-01,7.477609944237723072e-01,0.000000000000000000e+00,6.636357403451821346e-01,1.088138763641012807e-01,4.376799952175735031e-01,6.654330929949582307e-01,7.934083979298698353e-01,3.674318764701167139e-01,6.618185912109861846e-01,7.373253550394807121e-01,3.354022934458165683e-01,6.432091037698670632e-01,5.613356345853278695e-01,5.199542451400257503e-01,6.117945040843628668e-01,4.851688163098067941e-01,5.510952078648512220e-01,4.935161593516834699e-01,9.288283248893731692e-01,6.006090605757062884e-01,4.672033464272622449e-01,5.141220005799580495e-01,7.585338550535756230e-01,4.975436078217841951e-01,5.898087761180589306e-01,6.932547997263781570e-01,4.039231757568509940e-01,-1.462094054700900092e-01,3.601177331476622667e-01,7.301655325602727231e-01,3.014751214518442968e-01,1.665318616040570299e-01,2.227976437353054451e-01,4.789547676948296973e-01,4.162054031203021309e-01,5.550124297756724445e-01,6.977707349908202072e-01,7.328087400576389632e-01,5.039152531526233103e-01,8.947610129046881244e-01,5.359900199250310360e-01,4.761835657451887194e-01,1.363128542409699773e-01,8.532655123928581942e-01,9.829175236945746352e-01,6.066157261925069211e-01,2.437653999045734932e-01,2.716984805463386055e-01,4.763954412020841578e-01,7.508824635243057655e-01,4.371647231868272532e-01,5.605027520231312677e-01,4.755507922984346103e-01,2.435458330728564047e-01,6.795757452251731667e-01,7.167225558423831466e-02,6.205137227933499311e-01,6.767385520520300402e-01,8.294382835335066817e-01,4.164316149310763882e-01,9.114449880510590019e-01,4.621142265861344356e-01,7.482110317825748647e-01,3.298312692594873585e-01,7.433796004711353822e-01,5.635277935143017114e-01,6.033152608655916183e-01,7.877972509342201501e-01,2.088830467394717505e-01,8.962361604161632744e-01,5.893674087735546463e-01,2.928616885358088506e-01,2.875960723159557419e-01,7.453801886579375369e-01,2.662534567625772230e-01,3.209531656968425128e-01,4.802841865138288147e-01,7.962920158388894221e-01,4.027088212904261777e-01,3.527816346103630485e-01
7.489053332011529340e-01,4.043141387849146784e-01,5.491886206337922571e-01,8.564006278176982123e-01,3.741181643415042446e-01,7.130788929696837419e-01,6.636357403451821346e-01,0.000000000000000000e+00,4.121615344369823908e-01,2.701642752204882481e-01,9.094655403719458242e-01,7.335741535866387997e-01,7.014694578448649187e-01,7.561143583009574121e-01,9.879754547139772969e-01,6.159778527878263521e-01,6.833220811130404915e-01,4.140638905609950737e-01,2.773171442615368076e-01,9.325823154578897212e-01,7.479403689627576179e-01,3.879389122341102558e-01,5.807172519866257154e-01,7.467183141723476858e-01,4.352885869165210031e-01,4.276463027371004699e-01,6.756438981893764240e-01,6.445848582160861318e-01,4.715305915281000626e-01,7.669783299527874743e-01,3.819183481943953518e-01,6.230996436731108812e-01,4.243835496288529407e-01,3.826238476559016832e-01,7.599786990606395287e-01,2.085173226736323771e-01,4.801742959094358332e-01,4.989160217828423338e-01,9.155757248990950004e-01,8.327190946878831879e-01,4.794001904827310256e-01,6.832491606323177757e-01,5.218329714105593986e-01,8.670172324984904977e-01,6.109455314869608467e-01,6.750435306601582086e-01,7.458824373098160709e-01,4.974978689640296436e-01,4.331741622769583744e-01,9.841046387657632621e-01,4.476548617339975444e-01,7.409543676320065053e-01,6.066387490254440129e-01,4.029215525262210829e-01,5.899986384990312249e-01,8.055042404716273863e-01,7.090800986934207017e-01,4.126669185437774612e-01,5.833896456871847658e-01,5.214185247273129820e-01,3.706450135218950503e-01,9.183162488293452608e-01,6.294641925194275345e-01,3.477528318608825719e-01,5.216580694305679167e-01,6.671993013704987652e-01,6.900632837496921690e-01,4.939391955595162087e-01,8.939617751199214757e-01,4.658993418395588337e-01,6.785993991361369826e-01,7.912915894422106744e-01,6.311155224057100055e-01,4.023018121397763380e-01,4.507710114537648027e-01,7.235624043203274791e-01,5.396187867058054310e-01,9.138779966412250433e-01,1.001292244901512973e-01,5.091038078596892280e-01,3.021334462302551760e-01,5.950267797202161146e-01,8.190624219672896222e-01,7.503315874714060474e-01,6.658051732938063960e-01
7.963875442446848307e-01,8.333405403639383424e-01,6.482249854130859301e-01,3.213621522828986610e-01,7.306908983122677448e-01,7.580674508064619843e-01,1.088138763641012807e-01,4.121615344369823908e-01,0.000000000000000000e+00,6.987162748579779370e-01,6.140213255557226413e-01,7.601583496076977919e-01,7.434925647545566063e-01,5.851577052550659408e-01,6.236001800092115799e-01,4.717144697344376469e-01,7.742546405903022455e-01,4.055216982263181724e-01,4.904679239398847534e-01,4.425327066902649542e-01,9.355581074555825438e-01,9.986178849147862024e-01,7.136373442495478336e-01,9.917179686926436144e-01,4.851342555003965162e-01,2.815742503789359086e-01,8.291909506831945942e-01,6.903844220730941394e-01,6.130566454324857251e-01,6.622792560690432540e-01,7.798151285145508149e-01,4.333045825110768967e-01,8.633358401620032652e-01,4.387058220888805926e-01,9.961793459765828640e-01,7.119649075256611059e-01,1.236149785569489734e-01,9.830090189792355382e-01,5.643790260695883410e-01,6.388996036973553228e-01,4.721343978967861843e-01,6.378004371162622199e-01,7.259310909815748225e-01,1.562240777488101973e-01,9.042160405915059540e-01,9.124234243573021708e-01,7.052797147422783519e-01,6.447284510371003030e-01,7.020062640235241735e-01,4.684082125544978825e-01,8.264791512286584485e-01,6.015011317623830678e-01,8.466916929946202153e-01,7.104344631638356278e-01,8.704819421518681377e-01,7.631916703839065619e-01,5.320639759227465682e-01,4.715697588497951842e-01,5.774379396622297822e-01,5.705065526228523254e-01,4.665421861222238675e-01,7.335074967869150697e-01,8.042346522634101769e-01,8.230669579642674316e-01,9.025300511161856720e-01,5.596334276207858283e-01,8.759563817317082002e-01,7.185613051548003227e-01,7.712850588377342387e-01,5.791548790400046220e-01,8.354892246859962901e-01,4.688022453952197521e-01,3.327628916083826827e-01,3.312086728919945156e-01,8.606129848644377134e-01,8.784943813804629853e-01,8.772771886727235291e-01,2.667970218977233632e-01,3.726510262848833355e-01,8.385213760953121043e-02,5.269336300666918049e-01,4.622507134920282312e-01,9.756457142862596799e-01,6.683445278133454126e-01,7.536701644435239711e-01
9.698763124461389218e-01,9.053744975104260906e-01,9.781974854651315221e-01,5.326189324537039527e-01,4.213839401424195885e-01,8.759432054472312545e-01,4.376799952175735031e-01,2.701642752204882481e-01,6.987162748579779370e-01,0.000000000000000000e+00,4.352569919614577287e-01,3.038955941845028486e-01,6.214124772099111071e-01,9.302233075978492138e-01,7.258945468914460575e-01,1.815459845750139467e-01,9.858353648652575796e-01,4.633368476986542417e-01,4.985920413269494533e-01,6.006315975709275445e-01,8.155935579818233139e-01,6.247633017795681809e-01,6.010254886148020947e-01,7.342729779909076271e-01,2.969443428428368281e-01,8.761894792059083947e-01,9.736861438553012782e-01,7.021804130440495451e-01,6.787373516374113347e-01,3.212774222291907567e-01,2.583727288796898724e-01,6.669714511360890219e-01,8.119038084880895179e-01,7.595645553968287667e-01,1.001169137464086312e-01,3.625580215995583555e-01,1.482038845009890637e-01,6.543301064078654861e-01,9.080266282422304602e-01,8.238961619064096853e-01,3.227935805718217255e-01,9.635710389880366433e-01,9.065905499533828404e-01,6.131979289231509478e-01,7.481917564009503696e-01,2.672485249210710401e-01,6.528321525950654403e-01,7.133301110500405162e-01,7.859572298344460473e-01,5.549047092577491513e-01,5.395815053239870762e-01,9.680207228351849214e-01,8.156934475301602649e-01,9.668477547844690489e-01,6.557799054553747897e-01,1.750283853724452637e-02,5.375241500489809088e-01,4.537944378169921356e-01,6.717539088744165499e-01,6.466531435650673121e-01,3.985206821578899383e-01,3.282838149033795450e-02,1.889821426002587790e-01,4.246975793865339632e-01,9.887724907775141681e-01,3.090812718261732317e-01,5.578123625842008604e-01,9.585237552653342874e-01,7.371638861513035712e-01,9.913332198668040052e-01,8.973211397579012871e-01,6.752339135489231481e-01,5.418751543733322379e-02,4.887555330447427848e-01,3.075721329384780711e-01,6.601928628698434665e-01,9.431754323237331317e-01,9.837157948685244790e-02,5.555036088854600207e-01,2.662084926294541742e-01,5.826602925626391816e-01,5.139687384649498370e-01,9.786265239164281260e-01,2.477511095807705677e-01,5.128348313649077062e-01
8.869963579356393568e-01,8.895669373764282239e-01,7.734332255618459051e-01,6.635185597783145317e-01,9.536449465531835479e-01,5.925838031684571572e-01,6.654330929949582307e-01,9.094655403719458242e-01,6.140213255557226413e-01,4.352569919614577287e-01,0.000000000000000000e+00,2.237034280967408473e-01,6.710892289473040506e-01,2.413736601720479491e-01,7.227999169339894836e-01,3.042893279794426364e-01,5.694136175148180046e-01,6.552466405735493105e-01,6.236005269223277026e-01,8.715654119421110124e-01,9.122539763045797168e-01,8.649369688324690664e-01,9.248500677089281918e-01,5.912913369185216483e-01,6.572728106016135774e-01,5.156438802698026791e-01,6.551947813886582761e-01,3.708991370061504034e-01,3.732630486973049777e-01,3.877605744266681143e-01,8.934574210495842550e-01,6.510264310990002690e-01,9.728617124041957220e-01,8.113284637494495577e-01,6.210021180233428195e-01,6.629380118590111337e-01,4.306669826446449245e-01,4.849842734209149908e-01,7.326693998596616186e-01,5.069667288315414799e-01,6.953656748473109328e-01,7.229343116928661495e-01,-8.288686987799198658e-02,6.902071165045288170e-01,6.172934953762874155e-01,6.880614620914117241e-01,6.481332986349898073e-01,7.613479372375056009e-01,6.732607515128974374e-01,4.966360566146110767e-01,1.846654870751822386e-01,4.282830262214723516e-01,6.601643909836820701e-01,-1.525872571651101794e-01,6.033205741462501770e-01,7.048078612109491825e-01,5.769199847721822039e-01,8.496816274478246056e-01,9.464437651636508075e-01,6.419649563316037755e-01,7.369040846515465537e-01,5.647116162267173944e-01,5.974851107092850055e-01,7.578371528389812317e-01,6.465683904078312061e-01,8.703458236204552056e-01,6.984486740996497245e-01,6.367742590783584955e-01,4.031495129387345222e-01,3.939179280111123616e-01,6.032554408918955335e-01,6.960179190050118647e-01,2.822073277112206457e-01,4.832306186678885229e-01,3.200597313167189983e-01,6.799897624977189192e-01,5.987711641409028118e-01,2.093193242720181035e-01,7.460879819323850137e-01,1.177545739380927436e-01,4.571981537052494660e-01,7.802170274555335627e-01,9.801175443159769740e-01,5.026462406886185175e-01,9.394163967830790885e-01
8.748903678576823717e-01,1.280214594711253928e-01,8.942465683975280299e-01,7.912458980103960204e-01,8.851658371682106230e-01,8.119393176504232645e-01,7.934083979298698353e-01,7.335741535866387997e-01,7.601583496076977919e-01,3.038955941845028486e-01,2.237034280967408473e-01,0.000000000000000000e+00,8.994042391712373519e-01,8.424627279493678012e-02,9.013747490463285272e-01,4.543055454980620134e-01,9.673206702056690309e-01,5.788666594079959760e-01,7.947978711382377437e-01,4.147823604999496538e-01,8.369217323629700722e-01,7.462336944121377158e-01,6.473903891388642640e-01,2.486852598990897389e-01,4.656936418012045387e-01,9.386626100280328622e-01,9.153956209867365468e-01,4.813720676465439441e-01,3.378089110887739777e-01,3.940745387738127103e-01,3.319919840946992107e-01,4.170890952344276092e-01,7.732906455745243157e-01,6.739667258557455742e-01,4.460946192984673320e-01,1.364842259400226299e-01,1.642806487817800587e-01,4.563543722063138630e-01,9.545427852036749705e-01,6.794012285081940661e-01,2.752361951043524324e-01,6.259560559309961247e-01,5.394677574313631041e-01,8.456487500935655488e-01,8.267457306608843037e-01,6.643815596566756687e-01,5.603124902428445742e-01,5.698315340605186741e-01,5.821341396255544920e-01,4.480628879412775212e-01,4.933676567360261167e-01,4.369197225206832291e-01,2.264855101712492103e-01,6.901953913848942745e-01,8.697096399739137063e-01,6.022478937755183503e-01,2.754860418953314349e-01,6.822134003892347254e-01,2.627759800044370819e-01,3.469516348948534779e-01,2.607535505534045450e-01,6.976068203412700841e-01,9.807879843811000420e-01,8.021458462589702298e-01,9.053502840927827311e-01,5.317755842271311151e-01,4.381946498086413677e-01,9.596590123575545750e-01,2.254321289611790347e-01,5.447779963826268057e-01,8.141496390234712610e-01,8.303710712721222853e-01,5.995534713409407246e-01,6.066152955069761266e-01,9.878728381222873223e-01,4.921010413391613825e-01,8.160271105482482801e-01,7.395869556669112388e-01,2.197633164279550744e-01,-1.180027729895765654e-01,3.030054725857854736e-01,8.326828532741699096e-01,6.810482529715784494e-01,6.976507404570749804e-01,4.644768794359351305e-01
9.180546338986527166e-01,9.319624903005480077e-01,8.177102525276739309e-01,6.296315988610374781e-01,9.687291252972536348e-01,7.123218338863225307e-01,3.674318764701167139e-01,7.014694578448649187e-01,7.434925647545566063e-01,6.214124772099111071e-01,6.710892289473040506e-01,8.994042391712373519e-01,0.000000000000000000e+00,5.752102907120524300e-01,8.421257554723109440e-01,8.530049779291219991e-01,4.687601501775124913e-01,5.373853453396917335e-01,7.890512222795603714e-01,9.855810002344920218e-01,6.520856491711887193e-01,8.228013670180382988e-01,8.518425999063875542e-01,6.336281383259644295e-01,6.267582159734511604e-01,7.782080002322740997e-01,9.051767521990484733e-01,7.128514734979175538e-01,5.577599618822517424e-01,7.337976837288793241e-01,6.599927079629540616e-01,9.434664960069012452e-01,9.989038919121557836e-01,9.027808895352936736e-01,9.775917071298479977e-01,3.107915838905529471e-01,2.399604320559661219e-01,3.716241497189953225e-01,3.684317412934189351e-01,8.860357227047699347e-01,3.430598765409546558e-01,8.012234092059167256e-01,9.755243082750726380e-01,7.189120216585699330e-01,8.711258082240309619e-01,6.087971400165123059e-01,7.098121563999925110e-01,9.194048170196338354e-01,9.317084299062150521e-01,7.545903047986801671e-01,6.508766830937086079e-01,8.841298364228498130e-01,5.250695988392022340e-01,7.647300652843623814e-01,8.458328022933699897e-01,6.900516718644547076e-01,2.135765781602276536e-01,7.853182016878850202e-01,8.948382620223707118e-01,3.221391864005823669e-01,2.995883748496736554e-01,7.589932971922537241e-01,6.714084451382028584e-01,1.777022888476849083e-01,7.188476389578064563e-01,4.278367540250800349e-01,7.902888528184313088e-01,8.698971089190320471e-01,6.077358594624666932e-02,8.339591311322085421e-01,6.494190556103783818e-01,6.997179672544863172e-01,5.284150812785367579e-01,2.172027551609358176e-01,4.209602777618628999e-01,9.979157482204786822e-01,8.758458404715063761e-01,5.765169604694575511e-01,2.023706771171713825e-01,1.324333530618015953e-01,9.376560172329529985e-01,6.884022403926144396e-01,6.432999073690541803e-01,1.562644366295650178e-01,9.235520576902613854e-01
8.587053687953978276e-01,5.473039047347776354e-01,5.607712021709214678e-01,7.096673038156028346e-01,9.690444249418213030e-01,4.733760183594833415e-01,6.618185912109861846e-01,7.561143583009574121e-01,5.851577052550659408e-01,9.302233075978492138e-01,2.413736601720479491e-01,8.424627279493678012e-02,5.752102907120524300e-01,0.000000000000000000e+00,8.112217234905270136e-01,9.529115804629870734e-01,8.522403038793713304e-01,4.449936026099766129e-01,9.935703877922192895e-01,8.462945239006571807e-01,9.694029966510188112e-01,9.537577316886913792e-01,8.958600479230474090e-01,8.760108953539471610e-01,4.635082488277375568e-01,9.266098070570139011e-01,9.026813771237854889e-01,7.052664469096782129e-01,-1.538253251949932843e-01,3.315083579483822374e-01,3.774976589255094606e-01,7.299178852256077432e-01,7.755609985534371864e-01,8.039312184872401401e-01,3.856308789758230438e-01,3.176227372262360737e-01,2.820921233906083514e-01,5.976152968413193239e-02,4.355583067158871335e-01,5.617686440245743817e-01,6.227397964807671604e-01,7.643826654022489731e-01,2.692625459309553326e-01,4.882689471451894803e-01,7.577848573364467377e-01,8.157904845201361388e-01,7.677743005738190130e-01,3.511194984761212279e-01,8.167384651475964041e-01,8.550463558114651530e-01,8.644808125930013576e-01,7.555118914625914561e-01,4.974230181226360070e-01,6.141955167722414899e-01,9.539103180293921902e-01,3.510965615690901376e-01,8.584328562744896196e-01,8.221272867368866200e-01,8.139728596979711739e-01,4.291033068501028946e-01,2.537428251539149415e-01,7.308391787075321222e-01,8.265651126343793731e-01,9.363369067455888928e-01,6.112958694554314620e-01,7.402420483060542233e-01,7.779938265835407707e-01,8.787599802602750199e-01,6.461414894228141304e-01,3.587692730431384369e-01,9.296901087463913527e-01,8.969724481553849049e-01,6.227735317652021152e-01,6.240331520719207825e-01,5.058010996132848991e-01,4.299020487357617104e-01,4.487569783178672056e-01,4.712604699402272446e-01,3.976026057535747560e-01,1.850663694278907312e-01,3.584605688743813245e-01,8.275876750966644213e-01,9.851560522091235006e-01,7.704424050311733385e-01,4.383953175974791838e-01
9.885513648881396609e-01,6.710725720335111166e-01,9.335529520656052904e-01,7.443448169602912001e-01,8.622638620145874899e-01,6.474601295044086768e-01,7.373253550394807121e-01,9.879754547139772969e-01,6.236001800092115799e-01,7.258945468914460575e-01,7.227999169339894836e-01,9.013747490463285272e-01,8.421257554723109440e-01,8.112217234905270136e-01,0.000000000000000000e+00,7.035439886308112456e-01,9.679989049014969815e-01,4.640934657859780432e-01,5.187580102793568626e-01,4.692387801481300302e-01,4.495904030882953428e-01,5.179678942153523868e-01,5.430487168343482995e-01,8.089841074233439233e-01,2.623088681151230506e-01,7.493449541179186824e-01,9.093146057006077365e-01,4.363164535318999615e-01,4.581469513228436652e-01,3.560122484628218675e-01,5.190360252324464074e-01,5.068727235963041977e-01,6.581840226574504626e-01,6.829616599474116478e-01,5.252609734696627175e-01,7.453730373756539684e-02,4.236431480966647567e-01,5.709074098854610702e-01,5.519724679933351030e-01,7.372092610875593532e-01,9.867625385239942037e-01,5.186532007333605199e-01,9.597762406895423704e-01,7.496336759970066987e-01,5.056927274504952052e-01,8.575473924042189555e-01,6.258943260700235989e-01,6.957340728885501591e-01,4.231716343223761445e-01,6.290687302321004148e-01,7.878530888970745050e-01,7.886121454014954901e-01,6.686118153624380778e-01,1.156827715791920452e-01,8.349333490578866313e-01,7.227238659656336495e-01,7.234871998003303828e-01,7.537693412867072507e-01,8.012618659428982770e-01,3.016042215720604602e-01,8.230604793134665975e-01,4.256917449597646952e-01,6.820463959117144537e-01,9.970201664819685616e-01,8.817557204138113391e-01,5.621807049205038709e-01,8.404921775673726003e-01,9.056212735118552848e-01,7.415771037031035906e-01,3.298220564890034234e-01,9.655510356506370462e-01,3.997975390788253147e-01,3.591430455587671933e-01,2.625363945601469906e-01,5.990959544083106492e-01,8.421688298705091169e-01,4.739327947739926938e-01,5.157701808480206207e-01,9.349281359411983905e-01,6.631969958882928395e-01,8.896759003073914096e-01,9.545488582302290581e-01,8.518155488045292545e-01,6.778627250136183280e-01,5.248746022383028453e-01
7.307894018934707470e-01,3.142867841281043323e-02,9.059845817505908228e-01,4.105109376881421190e-01,6.929257692929821077e-01,5.540399703427401068e-01,3.354022934458165683e-01,6.159778527878263521e-01,4.717144697344376469e-01,1.815459845750139467e-01,3.042893279794426364e-01,4.543055454980620134e-01,8.530049779291219991e-01,9.529115804629870734e-01,7.035439886308112456e-01,0.000000000000000000e+00,8.157302444390763796e-01,7.697219823020535756e-01,5.132979614215910091e-01,7.956346545353736310e-01,8.952760228788925190e-01,5.485352662396879575e-01,1.097712494201288393e-02,9.056876614297573180e-01,4.163372695664540046e-01,1.465266817949014699e-01,4.240095613978265288e-01,8.951143614120242731e-01,6.939679216688707797e-01,7.370382023582321418e-01,2.845031696334242577e-01,5.085712329873861570e-01,7.913910104967473158e-01,9.196875507516273363e-01,2.149316669734059881e-01,6.368154596898530917e-01,2.063292675607654725e-01,6.021630388377147147e-01,9.179389747571560232e-01,4.103033425847797955e-01,4.366656792080368388e-01,7.100074217574219304e-01,7.340919277072798232e-01,6.227851133052868526e-01,4.606998399898928342e-01,7.364523082086740224e-01,9.146962231986702774e-01,8.387430845797130274e-01,9.389991932433365829e-01,9.207794118368498593e-01,7.051215612258361354e-01,7.248299486910942946e-01,9.410638171571188426e-01,9.293334110708286744e-01,8.634328901262223743e-01,7.922994931014022413e-01,8.236450225463924912e-01,8.930829764314303088e-01,9.883479888977737549e-01,7.278565836234619502e-01,5.562775049370075608e-01,7.781787604647250056e-01,6.186968263039298588e-01,2.921820332807002485e-01,4.709163116542253724e-01,7.127046597524948623e-01,7.730214624267206514e-01,2.124369052388718759e-01,6.864695637049281762e-01,4.354382130760739988e-01,9.067686686210325586e-01,5.625315941992545810e-01,4.524556595074958332e-01,5.105018995267436299e-01,9.343705140511533447e-01,7.679316486367153693e-01,4.989398609146438179e-01,6.867652813341026397e-01,1.387152363343279737e-01,6.734418151315240131e-01,4.372597834757978585e-01,6.096471022565965736e-01,6.143781068522979893e-01,6.911947662098359701e-02,8.884842456632224827e-01
6.099928532726845987e-01,9.701901105239419953e-01,5.360356936484313994e-01,2.130276746793462461e-01,8.601264074082072275e-01,9.466481962731114752e-01,6.432091037698670632e-01,6.833220811130404915e-01,7.742546405903022455e-01,9.858353648652575796e-01,5.694136175148180046e-01,9.673206702056690309e-01,4.687601501775124913e-01,8.522403038793713304e-01,9.679989049014969815e-01,8.157302444390763796e-01,0.000000000000000000e+00,6.942626032645665690e-01,5.651666411229457898e-01,9.443173790065637618e-01,9.558550136929788721e-01,8.350897913622670199e-01,3.297001393133159874e-01,8.159204561267904277e-01,5.452639675565525978e-01,7.951401043286142611e-01,6.499374615234769781e-01,5.973297294055502915e-01,2.899501350029745628e-01,-5.855637259641768844e-02,4.745807095116403307e-01,8.036323427637634964e-01,9.234713258460880425e-01,5.803662627881547298e-01,8.669343404983006485e-01,3.091759519046021198e-01,4.293875665012158449e-01,9.521561947568649709e-01,6.384964035362273860e-01,6.779114955287313116e-01,3.489647952250921614e-01,9.042772412322506170e-01,9.681702060560029022e-01,9.849746712953252326e-01,8.392540412978221065e-01,9.205794380538276922e-01,1.591327816492942374e-02,2.729192715511529754e-01,9.105345411218983553e-01,8.360444488445650801e-01,8.800867731164554453e-01,7.682360284267600870e-01,9.568717323800248753e-01,8.252279136595941367e-01,7.016388619231500590e-01,9.648869053125468387e-01,5.447382995469474132e-01,8.746553263959854219e-01,8.683320566768879534e-01,3.309173359732164865e-01,5.400123674789933936e-01,8.531040032906466175e-01,9.932831481682119490e-01,5.536070871811274996e-01,9.442376743639234737e-01,7.852911557438964074e-01,9.585258530937593724e-01,8.675408532540683781e-01,8.201326998729894235e-01,7.640286089874609443e-01,-3.589920569234794634e-02,9.867369870179893976e-01,-5.010728397778888010e-02,7.961927615252379908e-01,5.439892850957794845e-01,8.660367710242669048e-01,7.366825586695858741e-01,5.780569396934476245e-01,6.963045817514246227e-02,7.642144538927687220e-03,9.723599190943456039e-01,1.261190348569903863e-01,6.995387047687323667e-01,2.032016353023970434e-01,6.387280581332162033e-01
8.480017747004721107e-01,4.973143497236558463e-01,9.362579289745912581e-01,3.190262024487628967e-01,6.888318371689797770e-01,4.230760315460046495e-01,5.613356345853278695e-01,4.140638905609950737e-01,4.055216982263181724e-01,4.633368476986542417e-01,6.552466405735493105e-01,5.788666594079959760e-01,5.373853453396917335e-01,4.449936026099766129e-01,4.640934657859780432e-01,7.697219823020535756e-01,6.942626032645665690e-01,0.000000000000000000e+00,2.796894301056235821e-01,9.292297247564529350e-01,8.030192602372064892e-01,3.527658743499706429e-01,2.004554708852395728e-01,9.669233110211516991e-01,7.925080253866041424e-01,5.121755587806789967e-01,8.575873623685368319e-01,9.298848713289891155e-01,4.149547950498836957e-01,2.229025799057089141e-01,2.834153951634288959e-01,8.295093639004759156e-01,-2.771337237129749553e-01,7.972867313342169027e-01,6.770553415559086297e-01,7.092409666772214738e-02,3.969455985015768462e-01,5.049505039377600868e-01,7.334302755633312909e-01,6.845212434138491231e-01,6.572217341326912488e-01,8.570462158444291934e-01,6.423225978598793295e-01,7.115057099113710759e-01,3.754164504664569413e-01,6.518298261292365670e-01,6.584124752612576792e-01,5.470055996678192534e-01,4.062421658593849960e-01,7.396304572166080282e-01,6.898968102797407020e-01,6.860413931458245740e-01,9.251378185300220824e-01,2.160070001141528861e-01,6.315069105915523950e-01,7.580720533939062644e-01,4.431936127516324375e-01,9.242903981438097549e-01,8.017014468452301479e-01,2.739538632857629885e-01,3.082664262703248559e-01,9.203852763555641081e-01,9.096185058438938098e-01,9.612041562458935040e-01,6.021284761769444271e-01,7.438556144150905158e-01,7.236624587537452413e-01,9.275274592381458350e-01,4.015164919425092682e-01,7.641691311250633500e-01,8.049513071691336563e-01,6.309859299727523796e-01,4.817088106796392211e-01,3.737044535093119180e-01,4.240497999188929668e-01,6.767188765550748997e-01,7.317312445877852678e-01,4.515264345542905899e-01,8.570119983870218006e-01,2.372182962784771809e-01,7.132510001586875870e-01,9.575218678216508295e-01,7.999974128490368042e-01,6.133257957800933857e-01,9.308758659280252923e-01
