0.000000000000000000e+00,9.439055555610207371e-01,7.878949946551740968e-01,9.103523343099326759e-01,7.916623279790183654e-01,7.222055808622958040e-01,8.536610857747252146e-01,9.990039674194287622e-01,6.402902780731563048e-01,8.567715188847739860e-01,8.450462870063314424e-01,7.628559260521056151e-01,7.866337697657816985e-01,6.801733035536382532e-01,8.598172280458034056e-01,8.679681651055074498e-01,8.549288625923949780e-01,4.017889435488209426e-01,2.820947961504477464e-01,6.426269074301231843e-01,9.295078285647349059e-01,2.551205407995039698e-01,7.134902882485597564e-01,5.562480308194679424e-01,7.456997541230998561e-01,8.915032665374853504e-01,8.967137874921775609e-01,3.005641862290182043e-01,2.695052402010786885e-01,6.584166770801729296e-01,4.393444619181902100e-01,8.849229951655553927e-01,8.240952184762040389e-01,9.941167542557649561e-01,8.991510391670312075e-01,2.876065972996864617e-01,7.561149966374975939e-01,9.074279050562680249e-01,8.707189916286154352e-01,6.043626842794749265e-01,7.229003151452688680e-01,8.826564425239147305e-01,9.473567535567446463e-01,3.151202948570152595e-01,8.701822897123381306e-01,5.101671971372858660e-01,9.863942769581021119e-01,5.064143419384398159e-01,9.407471399827969094e-01,9.198774267944536120e-01,6.009810517368571192e-01,9.856300078223462213e-01,1.846655901071051487e-01,4.370935876079955484e-01,4.058969055796041725e-01,6.551219622257372643e-01,6.952111583265926376e-01,6.696825055280387629e-01,8.160795565722593903e-01,7.311783587631666137e-01,6.803933149795554636e-01,9.779517841522495925e-01,8.593848193579822770e-01,8.606888231243298160e-01,7.271446734481038510e-01,8.556885381157521842e-01,7.080683472365805198e-01,8.073097924029790651e-01,7.862023804346081057e-01,6.798654655312562634e-01,6.285057504226755354e-01,8.162953900574101418e-01,7.196320129539641730e-01,9.332690089696243918e-01,9.895464969506758690e-01,7.612791951709535487e-01,7.283636230862690075e-01,7.573881746767003875e-01,6.921724616582467515e-01,2.128016623291123233e-01,8.247045242136664678e-01,7.891347822144006985e-01,8.437994470503923372e-01,-2.204484998324563738e-01,7.579104094160864502e-01
9.439055555610207371e-01,0.000000000000000000e+00,1.173370242234824251e-01,9.064591080307393689e-01,6.636201698259983628e-01,2.309830603448545239e-01,3.821002462509590636e-01,9.775569975476737783e-01,9.028979821343593448e-01,1.907830973074422717e-02,8.004960482049282566e-01,9.307090659547269107e-01,9.507543088068448611e-01,6.951323222124843326e-01,5.521443253403878204e-01,4.955740053479795737e-01,7.154931793030095966e-01,9.091808722980538882e-01,8.653741714745345481e-01,8.873465862216677325e-01,7.597185442524562182e-01,6.630263918635378451e-01,7.124207741587677001e-01,9.598160087219799186e-01,4.267747989339404358e-01,6.179515926502507916e-01,8.701876036394170510e-01,7.187422052065758349e-01,2.040095146595620745e-01,3.341479298837334300e-01,6.190556043684082299e-01,7.161774911856478854e-01,8.225689859414179184e-01,6.840810163357993190e-01,8.352674261901327224e-01,7.190454961010678270e-01,6.971097487523333358e-01,2.707760961420011547e-01,7.777204514511755207e-01,7.513270585616754760e-01,3.237033420977535325e-01,8.376884722550926865e-01,6.796878931141974167e-01,8.832456537559054688e-01,7.873306023823301025e-01,4.406219021781455636e-01,6.122158562844263185e-01,5.945102123023617846e-01,1.865971153472914187e-02,7.117418270391411284e-01,4.678238825908208609e-01,8.220628595468929545e-01,7.765264133695188864e-01,6.472479308741946324e-01,6.949885467678141859e-01,3.025932963751043481e-01,7.659253052281580487e-01,7.909352018351192282e-01,-9.446006575962288820e-02,7.181079300058068604e-01,3.770480730084078136e-01,5.832180338273766917e-01,9.608875935193612605e-01,7.594303896495507855e-01,9.970824435699757737e-01,2.945936348811726835e-01,7.666758635488573059e-01,9.913364126427232081e-01,7.818190063822687552e-01,8.620863374364424736e-01,6.201307561597837470e-01,9.845417492223238476e-01,3.573656376212982488e-01,8.794333760253346399e-02,8.301616624477402562e-01,6.995620541811583548e-01,9.224387021782419760e-01,7.505002268133313947e-01,6.594233709502764773e-01,2.574390109389794179e-01,7.228349145396204545e-01,6.127044015159992529e-01,4.425764300004589313e-01,2.242917332976501477e-01,7.862525329018344999e-01
7.878949946551740968e-01,1.173370242234824251e-01,0.000000000000000000e+00,6.227623656365235405e-01,7.416875874416425374e-01,7.029200193698810217e-01,5.948369976828997707e-01,8.510265822686040593e-01,8.864994411157742782e-01,6.252757296785300678e-01,9.178601600582247944e-01,8.483542561576830066e-01,8.426478800040648753e-01,9.442806595182932083e-01,4.078727642459575309e-01,9.691504126946470787e-01,7.032338842767862364e-01,6.898740320675631477e-01,6.677827535600947551e-01,2.857914916602701805e-01,5.408543190783923205e-01,6.718842029093106127e-01,9.258795173312558413e-01,8.723468348637775094e-01,9.476292110438196969e-01,6.424828115463837586e-01,8.644319509388267431e-01,9.307707310217788743e-01,5.083593074364374242e-01,7.515326084385869354e-01,5.378436375344177733e-01,9.903704227075452726e-01,4.490106330446592131e-01,3.341951497014908901e-01,5.401912022469370633e-01,9.831268583271139949e-01,2.067456622682095069e-01,7.636326108890532094e-01,9.491568816485800308e-01,7.522321498430422082e-01,4.230466282558510982e-01,8.108209643053799764e-01,8.131167683105310351e-01,8.645077943072957405e-01,4.825401021526358747e-01,8.625355073611217227e-01,6.089390225992623584e-01,8.031229254622193059e-01,9.859033621222254018e-01,9.188725081934514538e-01,7.734954622660762391e-01,6.651845406388268156e-01,8.740898786604389681e-01,6.093211423858889697e-01,8.867322867864487757e-01,6.055775160480734165e-01,9.673231632585710393e-01,7.898078590016303080e-01,7.042015765725131438e-01,4.782711473997887097e-01,5.930926206046300830e-01,6.217533616268100527e-01,8.983531900763946920e-01,6.691765172231164405e-01,7.351843031445425281e-01,2.219601395084218054e-01,8.918404541549377340e-01,7.371924294620266771e-01,8.780216350183884799e-01,8.834213245668676162e-01,7.621405526538072017e-01,8.509025251032560355e-01,6.227506912081690604e-01,1.269061439566387950e-01,8.618305315290873958e-01,8.087596282282837334e-01,1.996449144029890654e-01,9.137397962615659841e-01,4.257076314161463149e-01,3.781565757677600725e-01,8.275696919771865501e-01,6.526562645671264429e-01,7.379770195020519674e-01,9.626899177864921553e-01,8.553308990968253589e-01
9.103523343099326759e-01,9.064591080307393689e-01,6.227623656365235405e-01,0.000000000000000000e+00,9.816498573195543420e-01,6.556901717303840194e-01,6.621920140935141363e-01,4.481010049014919061e-01,8.673223096741068394e-01,3.084158457545054244e-01,5.728776149684999819e-01,7.517542213866753587e-01,8.382848644741610622e-01,4.441841263834838682e-01,7.135751261566981585e-01,6.077104059627347343e-01,3.624782146753683376e-01,7.628896020347408768e-01,4.886420510567361930e-01,9.669411986740034104e-01,9.880263229706631734e-01,8.427520561187678005e-01,7.256988911864632463e-01,6.023473437540352027e-01,8.122597386061570779e-01,7.900156934538195008e-01,7.695951070628529456e-01,6.581448691123286121e-01,5.542386527564558962e-01,9.503263119843927687e-01,5.528365688856328175e-01,6.156321257848905715e-01,7.013444666941578420e-01,9.605866452346250028e-01,6.067019231060455375e-01,1.216776523625271583e-02,4.996065615558671347e-01,3.829595149145346156e-01,8.001330512365537606e-01,7.152521515425809273e-01,4.858066662458122020e-01,9.643374108776150422e-01,6.208675482855644523e-01,9.816022003736222246e-01,7.524935497631012327e-01,9.000216985637663480e-01,4.259335435679809656e-01,4.093875863957232575e-01,3.053363440800509476e-01,9.524960283088667046e-01,9.278138989936712822e-01,9.114336600440517966e-01,5.210247735024342575e-01,5.553914472397262214e-01,9.993462777649149142e-01,2.103010592512744026e-01,8.461241781138220119e-01,6.671497133486408160e-01,8.400236161441245741e-01,5.348008105303748705e-01,3.631639505269949608e-01,3.159422770265482017e-01,9.527460334120559926e-01,9.870221845758208046e-01,9.620125099662586443e-01,8.871160846178278714e-01,5.743365504644064590e-01,8.387889663482547276e-01,5.092228709878702242e-01,5.643932769111001946e-01,8.926214353198251850e-01,8.432787718577487990e-01,4.120153120818880188e-01,7.928224036161011234e-01,9.205643174324598110e-01,9.833142385343881520e-01,6.418146312688313149e-01,8.304773672940051199e-01,-3.907782381117884118e-01,3.089032315070875945e-01,5.293214612639568495e-01,6.060071141250713556e-01,7.714605568802473945e-01,1.990742483294598575e-01,7.414618453023639200e-01
7.916623279790183654e-01,6.636201698259983628e-01,7.416875874416425374e-01,9.816498573195543420e-01,0.000000000000000000e+00,6.674173472554357778e-01,3.977786827634576250e-01,5.163416845176753700e-01,6.462930594097404668e-01,8.057032751484943800e-01,5.058644615975274039e-01,9.314053729065586706e-01,7.984385320747909853e-01,6.648236572691075263e-01,2.451885248829551722e-01,5.152541860908113058e-01,6.865125239525463607e-01,4.901023522524388110e-01,7.110865799995951253e-01,4.768737478846745703e-01,7.982730548004510762e-01,7.409672318877708053e-01,5.290246225247593470e-01,9.653864677980761311e-01,9.567797156140849246e-01,8.231072186524911460e-01,9.965837055307080750e-01,2.725648421504807128e-01,3.618079368424560460e-01,2.743620422698883621e-01,2.532686681491766456e-01,7.230529926382063266e-01,8.851206048889258549e-01,8.328126813241842896e-01,3.979692742015980000e-01,3.424967671593953655e-01,1.292869908119912703e-01,6.888367553781586938e-01,9.628525282367021987e-01,2.389630234665833797e-01,5.881219761256811784e-01,2.823497793295822178e-01,6.540685045487649729e-01,8.486083918631825984e-01,9.953006122194943961e-01,9.189390704034130497e-01,9.744117819937814229e-01,9.998298571022683490e-01,2.279674378936281109e-01,6.397047171300002111e-01,8.883273862153693301e-01,3.616176036068852184e-01,2.228452289205844761e-01,6.771354787235561723e-01,9.033408825114248586e-01,5.088986717195906895e-01,5.733683639108193564e-01,5.986830294277205589e-01,8.668386273082514526e-01,1.169093974232568584e-01,5.926802644570730028e-01,2.403847264573819587e-01,9.766516917364725936e-01,6.774282198190026971e-01,9.425165403743140935e-01,7.153261850578478409e-01,3.704790109942619480e-01,6.377356609310387281e-01,4.339841745204668366e-01,9.850837373297633981e-01,6.249735639596954995e-01,5.840579825032864436e-01,4.375536238242320186e-01,5.186222306439165486e-01,4.693229681216133931e-01,5.009450324689088685e-01,6.698163102140334280e-01,6.083132716431342013e-01,3.454520323716258057e-01,5.981975834280084392e-01,5.917181322422617740e-01,4.452784010865423192e-01,7.817467271830412789e-01,7.703129770490354522e-01,6.616140202693194805e-01
7.222055808622958040e-01,2.309830603448545239e-01,7.029200193698810217e-01,6.556901717303840194e-01,6.674173472554357778e-01,0.000000000000000000e+00,7.936277114688096157e-01,6.977449813134010137e-01,5.434677392059276135e-01,8.104646684325913508e-01,6.404695681575283128e-01,6.505613450708552792e-01,9.294897201910516937e-01,1.127507572487470439e-01,7.304434645628733458e-01,6.719757429268496951e-01,2.670292394055416851e-01,6.731261154993178897e-01,8.936008014577025982e-01,8.691464235125951898e-01,2.547599370453811907e-01,2.710362830847153903e-01,6.171049076932910715e-01,8.459368258810899821e-01,5.662448270529738537e-01,7.833918968952412465e-01,7.585088526153155319e-01,8.371598775283929372e-01,4.333543694362142484e-01,7.089645406914071302e-01,5.111648347615432159e-02,9.583322572700078146e-01,5.686456710043985563e-01,8.906907674926182183e-01,8.474470605348201069e-01,2.054916257108944933e-01,7.312056132851864065e-01,6.052827111433609630e-01,4.312755530132224568e-01,3.565860812470440788e-02,4.781428918150001373e-01,8.905228056584691965e-01,9.105368913663201003e-01,8.994389686865948974e-01,7.729091966269492353e-01,8.639837181157213886e-01,8.966434298063732378e-01,6.054486384003061605e-01,5.548981369211738457e-01,9.960952228806283504e-01,8.640625725797328460e-01,6.582803810611691508e-01,9.650284258625120293e-01,8.326797262946122880e-01,6.728531074971214609e-01,6.914558626483067183e-01,7.465692914710765349e-01,9.934950427651642046e-01,6.648758209300524857e-01,4.994641215988132599e-01,7.819909488293822486e-01,9.791187953857174442e-01,4.189281878647780899e-01,7.017731900529758926e-01,9.940270955468384351e-01,4.923067479845490979e-01,4.790273545671812072e-01,7.628293904690733873e-01,2.145364540996236580e-01,7.546155875296423066e-01,9.772709975064208798e-01,9.056894714528628265e-01,9.202935781489992584e-01,4.864374947215090450e-01,7.029434231340838668e-01,7.328921898783176125e-01,7.122883106409259035e-01,3.214434630764222423e-01,7.027604814853902759e-01,4.178488676351267417e-01,9.351338279115998242e-01,5.260550876248759611e-01,7.421294959991455720e-01,4.390133415086311941e-01,6.643442174243533449e-01
8.536610857747252146e-01,3.821002462509590636e-01,5.948369976828997707e-01,6.621920140935141363e-01,3.977786827634576250e-01,7.936277114688096157e-01,0.000000000000000000e+00,5.448486692663543352e-01,6.684773717247994851e-01,7.460039573701326976e-01,3.284386354884675230e-01,6.176133366436659111e-01,2.406744318177712061e-01,6.221118449819812435e-01,5.196215270551698406e-01,4.354272009126324283e-01,9.791005047493063218e-01,7.223367810495981978e-01,3.676509428799017432e-01,7.963198398698618785e-01,7.013107725613837440e-01,-1.704861117935933257e-01,7.379105754691769326e-01,9.154852941879831896e-01,3.345333958998312207e-01,6.123072249406690259e-01,7.617309137597845226e-01,4.125477636797632019e-01,7.187631091195738620e-01,3.683750345436580531e-01,2.172094723996575716e-01,5.346721935296334660e-01,3.823513586320732571e-01,5.145429501067222411e-01,2.305392862171731505e-01,2.597604213676890650e-01,4.930596028784952622e-01,4.203257885711589315e-01,9.997297591315282839e-01,7.115576048656170327e-01,9.915715940558169628e-01,5.185683787039536974e-02,4.165753227061554931e-01,2.171868984339763720e-01,8.502783445626519443e-01,4.157921456057905307e-01,-1.619144277238182827e-01,3.002832935735693098e-01,6.440409963776143609e-01,3.762950543058081188e-01,5.283429094131637527e-01,5.664180267646622413e-01,5.189753408682161728e-01,6.705933179128219235e-02,6.591051330631927385e-01,7.297553657327470189e-01,6.853132870603377835e-01,2.986108955751132221e-01,5.988557019886268096e-01,9.379453124544399056e-01,2.050555787723463141e-01,9.114794486822871411e-01,4.703405339580464806e-01,9.335187668718764042e-01,9.478131723960059318e-01,3.016603040688444759e-01,5.972536880972658668e-01,6.975293590985086611e-01,1.782733374267344850e-01,2.041802795608930465e-01,7.902602572716082019e-01,4.774263922419103023e-01,2.765905143448333936e-01,7.665512133146216156e-01,4.493936949596827324e-01,9.485174190364608071e-01,7.922593391539397567e-01,3.493290269489331967e-01,3.706882033984397196e-01,1.375479513618672323e-01,6.077179380726014379e-01,7.371703635158698420e-01,7.456950567195215207e-01,-5.656451871015996669e-02,6.304584592893713868e-01
9.990039674194287622e-01,9.775569975476737783e-01,8.510265822686040593e-01,4.481010049014919061e-01,5.163416845176753700e-01,6.977449813134010137e-01,5.448486692663543352e-01,0.000000000000000000e+00,1.944485474578987183e-01,8.352675748981635007e-01,7.524247493938052145e-01,5.377505092464873737e-01,7.046607391211855420e-01,6.571363803095054967e-01,6.468219173432390168e-01,6.100855250412292596e-01,9.299469024736122247e-01,7.978673609034921954e-01,9.539540625111497807e-01,8.760390967926177108e-01,8.422906167591809323e-01,7.352998901277705279e-01,7.310135299610758253e-01,4.181710581053839637e-01,4.236266844169068180e-01,2.347336175287948745e-01,8.819689152059018156e-01,7.208892747161964598e-01,6.290694441789744795e-01,5.532365718783593955e-01,3.732671482923340944e-01,3.303820890525570042e-01,6.994757656869778906e-01,4.982606703234037093e-01,6.326722494650841577e-01,5.375026045938336994e-01,3.530964956107255359e-01,4.169617357197989427e-01,8.590759001878872647e-02,4.246122219326972091e-01,4.186507034607181432e-01,5.184370643919148369e-01,4.090347819375687033e-01,5.758944640313790053e-01,7.853710938461077040e-01,2.858724110482128156e-01,7.683699257244748226e-01,5.758329450960895102e-01,5.586099781600203373e-01,4.203110518843272136e-01,6.402557085926766645e-01,5.842259456009971652e-01,6.928050242112598900e-01,7.988116841950237967e-01,8.239864678270337750e-01,7.546649541482109980e-01,8.519374015690019952e-01,6.534475295639896597e-01,6.017036367920354234e-01,6.246097979407965184e-01,7.066759890589870974e-01,7.915131144377709482e-01,6.262023453773377657e-01,9.933912516764349387e-01,6.221434740123231721e-01,8.632956647553903240e-01,2.028177245430539399e-01,8.622308445498452212e-01,8.557158235713031580e-01,4.258937111515329610e-01,4.869997025704468352e-01,5.350305650120359413e-01,5.582070650248717181e-01,6.320466343994862735e-01,3.036483165667966388e-01,3.230172956194451994e-01,7.219291228372257674e-01,4.554657189488501845e-01,1.824802375156635015e-01,2.368911063742036860e-01,9.399961231962941088e-01,8.649100592619408667e-01,6.719354291830174075e-01,2.547300206498230857e-01,1.443229349789464655e-01
6.402902780731563048e-01,9.028979821343593448e-01,8.864994411157742782e-01,8.673223096741068394e-01,6.462930594097404668e-01,5.434677392059276135e-01,6.684773717247994851e-01,1.944485474578987183e-01,0.000000000000000000e+00,7.034640477058514696e-01,7.816455516585818497e-01,4.918021602570951112e-01,5.797979247901303701e-01,8.259583121360773994e-01,7.441314050133341906e-01,1.920007261372087826e-02,6.218074829721156327e-01,7.772580545977101352e-01,6.979360461027886986e-01,7.045540088377840737e-01,9.625855447546629584e-01,6.806705286014795853e-01,7.026262416048872916e-01,9.906869201678786263e-01,7.694641080452737647e-01,6.965323461656230952e-01,6.215771139268189138e-01,4.317569397452465929e-01,6.066550868718074696e-01,7.176698005316819451e-01,2.537654528687535160e-01,6.768316674264650556e-01,5.323732926243746055e-01,9.836911488208958110e-01,8.937838780061819755e-01,7.577454808131195430e-01,2.016269574640852935e-01,9.889687723788115337e-01,9.413368454147408304e-01,7.088515077476275072e-01,6.102694142267421906e-01,6.880285348019596903e-01,6.156605512055269847e-01,4.946147329264641290e-01,7.185798761532236067e-01,6.823217730066855058e-01,6.127314684987381632e-01,5.678318894466598543e-01,7.099038124579645226e-01,7.684731460341218678e-01,7.609284711897120745e-01,7.975290732990826248e-01,9.857544159403999195e-01,8.399939985442418378e-01,4.468682889119066776e-02,4.910108826964648121e-01,7.992319801597254081e-01,2.184703117462232780e-01,7.437739566170828986e-01,7.428548569269063373e-01,7.287444849957709359e-01,6.608871427577180935e-01,7.045846280795374783e-01,9.159405293850276797e-01,9.707865394749924937e-01,7.583483443569936089e-01,7.022684048992695605e-01,7.943746364571432350e-01,1.428440084308686131e-01,2.538729319749502000e-01,5.536740698367238478e-01,3.284778418802339894e-01,5.545718296769008848e-01,6.780890244922772592e-01,2.831329737563177962e-01,6.367663260745444198e-01,9.877037332575945294e-01,9.143685123232038192e-01,4.212446990994347384e-01,8.436053472172794221e-02,6.847646839266169350e-01,5.394217891666488462e-01,6.805988833596805510e-01,8.597923924262379503e-01,6.565557488565469946e-01
8.567715188847739860e-01,1.907830973074422717e-02,6.252757296785300678e-01,3.084158457545054244e-01,8.057032751484943800e-01,8.104646684325913508e-01,7.460039573701326976e-01,8.352675748981635007e-01,7.034640477058514696e-01,0.000000000000000000e+00,9.520438654330396488e-01,9.306707001238322396e-01,8.640124538287935474e-01,3.361474092024264726e-01,4.601945513795636655e-01,8.001114343699097242e-01,5.343972814779061054e-01,9.201943728952099999e-01,8.637410666567667539e-01,5.316103101766675998e-01,2.844875269317880262e-01,5.169421099776052575e-01,7.023864708546525559e-01,9.143900617409614906e-01,4.388121321864461022e-01,7.380801934388494523e-01,7.486135027396840780e-01,7.588004879526635271e-01,7.772347235204007942e-01,3.893848084568810597e-01,3.863632886161817992e-01,7.936957165071886200e-01,6.765534975810590934e-01,7.454427655148169185e-01,8.901189304208958486e-01,4.323119153642692725e-01,2.701506760833648491e-01,5.591323284079100508e-01,8.667995727640002146e-01,6.073042708818485735e-01,5.700774509505552867e-01,9.604432397443710689e-01,5.251823738376992790e-01,7.284851217890522257e-01,8.886825377124801806e-01,6.051650118592497574e-01,-3.005698649012380486e-01,8.061759876244241063e-01,2.340171692294427119e-01,6.349714589949501109e-01,7.109442938090562158e-01,8.531271450991187999e-01,9.631348751502353256e-01,8.176738226077746585e-01,8.030014626568013902e-01,6.469019967320572828e-01,6.631184924231602329e-01,3.884963607039760847e-01,9.619927141710379326e-01,4.707310563156351102e-01,6.937042221761998695e-01,5.821555075053412853e-01,8.228132501966211043e-01,7.574735163287535933e-01,9.990575382454568443e-01,7.009998329616188295e-01,7.722373053518355457e-01,5.679870758122874674e-01,1.066657792042243202e-01,6.166053377970919236e-01,8.150389049583520729e-01,5.332135421689275789e-01,4.139768509087567439e-01,4.872116871769266999e-01,6.376414099250664602e-01,7.395622700939346039e-01,7.543182601047601077e-01,5.755577985587700951e-01,5.464208744794478712e-01,7.981681447528072848e-01,6.876923766677625061e-01,5.519314309959303388e-01,4.817559381100715021e-01,5.212081501934062722e-01,3.680022210107024572e-01
8.450462870063314424e-01,8.004960482049282566e-01,9.178601600582247944e-01,5.728776149684999819e-01,5.058644615975274039e-01,6.404695681575283128e-01,3.284386354884675230e-01,7.524247493938052145e-01,7.816455516585818497e-01,9.520438654330396488e-01,0.000000000000000000e+00,6.877820831208590890e-01,4.581093781185843761e-02,6.300338756397378948e-01,9.835484909150722377e-01,6.732123308090978142e-01,5.897752214717095764e-01,5.019281060172422482e-01,7.108292032475348465e-01,8.373242460032104262e-01,8.560604876820080422e-01,7.850154273288297846e-01,7.859827324211505761e-01,5.746215698346210932e-01,6.514218230772930163e-01,5.695472790199430646e-01,5.223867152635093269e-01,6.065625459861822000e-01,5.481510284582418180e-01,1.774455594058169383e-01,6.604939034734708114e-01,7.672112231134333715e-01,8.051841868193296836e-01,4.624129583705487434e-01,8.995638007375498235e-01,5.199486079630755153e-01,3.502341874429358848e-01,6.747525620666042778e-01,7.601363955095741254e-01,6.474150380988508147e-01,6.261118134516348022e-01,6.269911776844991902e-01,4.561413151347855077e-01,7.840398527869399947e-01,7.763237773419247034e-01,8.579760477257185602e-01,3.311421518539506836e-01,7.168778829554678378e-01,5.907594677758066792e-01,6.234158176056662226e-01,9.288991757067051047e-01,9.149428441544663615e-01,8.320741821252103376e-01,9.455863390802838886e-01,8.745053917693372814e-01,8.543418698147319246e-01,9.385108106095645386e-01,9.633712254988542334e-01,5.697447904643930805e-01,7.951084340832995645e-01,6.810964929422449465e-01,4.935758982645978565e-01,9.315250143862354726e-01,9.769737084781962011e-01,7.793626243223557015e-01,9.055905971736116777e-01,7.837261535655906108e-01,6.447825815633687618e-01,3.714537441589725875e-01,4.911740037682441051e-01,5.331077135987694060e-01,3.343797852429326589e-01,7.694811676408996881e-01,4.304004033699008747e-01,5.233112497478188407e-01,1.065515750100390485e-01,6.915404376029969935e-01,2.358632372361957608e-01,5.207792719714479102e-01,4.455407139359419677e-01,2.590685680738710195e-01,9.630014140729613592e-01,8.732234411731130130e-01,9.219241006994478571e-01,2.596547040787660077e-01
7.628559260521056151e-01,9.307090659547269107e-01,8.483542561576830066e-01,7.517542213866753587e-01,9.314053729065586706e-01,6.505613450708552792e-01,6.176133366436659111e-01,5.377505092464873737e-01,4.918021602570951112e-01,9.306707001238322396e-01,6.877820831208590890e-01,0.000000000000000000e+00,6.615691974937096820e-01,9.631348707395928077e-01,7.901978568329239838e-01,2.203912396721574019e-01,9.954258016959343092e-01,5.713356669397449128e-01,5.841916053236712036e-01,4.195008255104517580e-01,9.595057869052995292e-01,9.339179233076475573e-01,5.954334149931812536e-01,8.738545449693464473e-01,3.407393566385557016e-01,5.261080605380399344e-01,6.097241387005898350e-01,7.988240502734262893e-01,5.424763654366406840e-01,4.106654096998478276e-01,4.221704732083028100e-01,5.821544647046863474e-01,4.620225018455850763e-01,9.301467376772755147e-01,5.224103775455499754e-01,3.921133403637488968e-01,4.827123084391402585e-01,3.021328950788415568e-01,8.217343365413977141e-01,8.665022511490469981e-01,5.992961596464376761e-01,4.233614582460159398e-02,8.526719469709509447e-01,6.765816772480217622e-01,6.392105857361645160e-01,8.171977550495176379e-01,6.441497699364617802e-01,5.774969795228744873e-01,7.226523117232430682e-01,6.276244286881111911e-01,5.409761053678905363e-01,4.278631743579597302e-01,8.118198303549524208e-01,7.485923147374182740e-01,7.455260762185178525e-01,7.530134167824904523e-01,5.748262756407136465e-01,6.594927816831359646e-01,8.452254278175276303e-01,6.363490578089769922e-01,2.616023250410174916e-01,7.905226572207587621e-01,5.845228028161886247e-01,7.646466924111876562e-01,7.750904072368165476e-01,4.114628662213865029e-01,8.151108520810871338e-01,5.364813342280001507e-01,8.267513351208719552e-01,6.495140363571054731e-01,7.761154849364246822e-01,4.871321651899309102e-01,2.215319979218144386e-01,3.938816273579295313e-01,6.380636066900964298e-01,2.498057789665972805e-01,9.374294293620436536e-01,2.961617340444047675e-01,4.583408013672696790e-01,7.195382671248480577e-02,5.980459733071610273e-01,8.734199495926631140e-01,9.213764401370313495e-01,7.491434829149224983e-01,5.428325227934717168e-01
7.866337697657816985e-01,9.507543088068448611e-01,8.426478800040648753e-01,8.382848644741610622e-01,7.984385320747909853e-01,9.294897201910516937e-01,2.406744318177712061e-01,7.046607391211855420e-01,5.797979247901303701e-01,8.640124538287935474e-01,4.581093781185843761e-02,6.615691974937096820e-01,0.000000000000000000e+00,6.415572559013817955e-01,7.203043964238783348e-01,6.786589455779425961e-01,6.616255924889691276e-01,6.574851148940777934e-01,6.690717313166260061e-01,7.392395151827699795e-01,9.121351519525285889e-01,7.433908303403342632e-01,3.342500199051638421e-01,8.409724725728796590e-01,4.973087216425050583e-01,7.306841015792566729e-01,8.260712877173636004e-01,6.207836762091664129e-01,4.252635412547165483e-01,4.250735529551896708e-01,1.005058361822357416e-01,3.336628684602501727e-01,6.084253486045242409e-01,6.163583357192295997e-01,7.748714702937198329e-01,1.331606043943373563e-01,-1.126946717008412840e-01,9.697839471091714847e-01,9.862354176666128236e-01,6.196599940247082827e-01,7.999997997134609129e-01,6.663324034855544475e-01,8.732304412033948804e-01,5.299485760833078096e-01,4.276668268149619867e-01,7.401162188535550523e-01,7.862026463390695552e-01,8.530588521832830340e-01,7.373495362767161776e-01,5.199515557461554804e-01,4.751688029378411393e-01,5.507829157508145057e-01,6.641229406698809790e-01,4.462037355948228479e-01,7.100892110661245482e-01,8.678750601319445979e-01,6.667847532161224056e-01,7.715179928280144761e-01,3.520442878098944961e-01,7.810650991388841113e-01,4.249915305354559636e-01,2.511601867839477475e-01,3.256129878307383874e-01,7.761714189654371765e-01,8.597438289049635918e-01,3.428067293562512274e-01,8.665474026567951960e-01,8.739593268779657365e-01,7.607276495510328918e-01,6.484176644038379678e-01,6.211359847605478768e-01,5.306078287957004536e-01,7.281734549339543561e-01,2.854356584813670938e-01,7.603158449102890293e-01,6.572201489014579678e-01,9.829682201540214104e-01,6.718721802841681745e-01,7.426183549379450355e-01,4.466123478136263536e-02,6.520007191426755444e-01,4.512755410283729729e-01,9.536720514084807698e-01,7.030822860793335682e-02,6.855236940146164359e-01
6.801733035536382532e-01,6.951323222124843326e-01,9.442806595182932083e-01,4.441841263834838682e-01,6.648236572691075263e-01,1.127507572487470439e-01,6.221118449819812435e-01,6.571363803095054967e-01,8.259583121360773994e-01,3.361474092024264726e-01,6.300338756397378948e-01,9.631348707395928077e-01,6.415572559013817955e-01,0.000000000000000000e+00,4.559072794309852461e-01,8.349933741233994677e-01,9.154998087052561573e-01,9.247356089114027178e-01,6.916785017396775981e-01,4.513709938954491574e-01,4.243057455711794490e-01,9.471722253314229789e-01,6.677007474215723715e-01,5.769171781584077341e-02,7.629595075792802161e-01,7.430065328052187779e-01,9.919089170078454476e-01,9.272524554748604597e-01,5.353518236415816256e-01,4.600401378795793139e-01,6.695480172425450904e-01,8.048817239963232950e-01,5.858726370949235429e-01,6.706676321812921060e-01,4.519203290250736194e-01,3.447271228961351075e-01,5.206513058951196538e-01,4.725015402700979417e-01,6.492602430385739920e-01,5.850644296055940163e-01,3.444009756960529911e-01,8.228646662071440465e-01,9.221957300481316011e-01,8.442935407530596237e-01,7.987103130662616124e-01,3.708345184712235065e-01,8.061272965996959528e-01,7.852541482848846011e-01,7.438706449458265535e-01,8.759902162894261934e-01,9.413946101621534224e-01,6.630424424438321473e-01,9.894105487399618148e-01,6.577311719987239957e-01,8.737233441902921838e-01,9.740865502169026025e-01,6.040786721527774406e-01,7.786900997760556331e-01,9.349834164686113835e-01,4.756419937079076066e-01,4.256254072701998736e-01,6.183895508417641684e-01,7.457072698460729399e-01,8.446301901165753634e-01,9.942913218268540909e-01,6.631340173567858987e-01,4.016069060707769811e-01,1.934971691464796861e-01,5.157535509607926727e-01,7.107591008863405335e-01,9.859690942383422252e-01,4.753162616576745401e-03,6.808946873544508005e-01,4.777301348394594194e-01,3.666202908558026663e-01,6.746006212779162015e-01,4.835720496568092774e-01,1.404751887035211866e-01,7.004017174774610499e-01,1.781343246814754422e-01,8.424877862634287951e-01,9.718481080500824820e-01,8.832407906636101647e-01,6.381651054173765880e-01,7.091841046260155546e-01
8.598172280458034056e-01,5.521443253403878204e-01,4.078727642459575309e-01,7.135751261566981585e-01,2.451885248829551722e-01,7.304434645628733458e-01,5.196215270551698406e-01,6.468219173432390168e-01,7.441314050133341906e-01,4.601945513795636655e-01,9.835484909150722377e-01,7.901978568329239838e-01,7.203043964238783348e-01,4.559072794309852461e-01,0.000000000000000000e+00,4.910663984146746985e-01,9.695099792312655840e-01,6.431941849187533533e-01,7.489532992211790363e-01,3.741589019495714652e-01,8.224317571076369404e-01,8.935971974995158273e-01,7.293889288518834446e-01,8.057834764210679568e-01,6.868244370979113000e-01,6.389993437844635471e-01,7.552838322366313140e-01,4.013398945024200803e-01,5.386374159340002743e-01,6.972106639852347909e-01,3.406849505934233524e-01,9.310898462846273205e-01,8.144098322358030995e-01,6.268059964643106774e-01,7.801647090453205369e-01,2.289751271524284593e-01,7.708781842059623246e-01,2.275185970464801422e-01,9.259445901632445963e-01,9.451542592538118015e-01,4.557557846056369821e-01,9.302575163065279762e-01,9.293796347622707010e-01,6.755614478696141401e-01,8.657413971237987171e-01,9.549081013251037309e-01,3.583790878875290353e-01,9.293012166038746580e-01,9.209087167579619315e-01,2.002983555549166794e-01,7.997965840410337091e-01,5.658452081246350129e-01,6.842710711090010944e-01,7.182345131349504586e-01,4.057355497320919158e-01,6.355639240529653566e-01,7.169853657873331843e-01,8.126399002783371017e-01,6.709724777712661181e-01,2.130865207906389169e-01,9.638639825621720947e-01,3.780719589394400115e-01,4.091796621759089536e-01,6.465110425055866639e-01,7.830942260939359745e-01,8.214082441330989859e-01,4.389045373898400326e-01,8.124087521089529140e-01,6.043346160825159297e-01,5.406608489885049718e-01,8.895657721864020928e-01,7.181485580676314484e-01,6.182738959129236989e-01,3.761810320982482692e-01,6.773649318690884158e-01,8.945552546649606640e-01,6.846336523163509824e-01,4.036993472878535050e-01,6.825238248897418369e-01,4.047060232652273104e-01,4.618781577221595103e-01,7.150850440468169422e-01,8.853296530537068110e-01,7.270916787455559138e-01,4.584552121786495404e-01
8.679681651055074498e-01,4.955740053479795737e-01,9.691504126946470787e-01,6.077104059627347343e-01,5.152541860908113058e-01,6.719757429268496951e-01,4.354272009126324283e-01,6.100855250412292596e-01,1.920007261372087826e-02,8.001114343699097242e-01,6.732123308090978142e-01,2.203912396721574019e-01,6.786589455779425961e-01,8.349933741233994677e-01,4.910663984146746985e-01,0.000000000000000000e+00,6.130404289479501889e-01,4.051200241736200303e-01,4.142578752968303357e-01,9.304752055771745578e-01,8.672666037926151095e-01,3.947598243832463050e-01,3.327400204957771113e-01,6.396370960388491067e-01,5.610149588776988105e-01,8.274984001494162245e-01,7.296544694215005844e-01,6.326040694548535903e-01,4.382473217062137216e-01,6.161865704738841432e-01,-9.110003675943560697e-02,4.588290438058258980e-01,6.132040423365261450e-01,-3.468844659936241026e-01,2.934638287322885453e-01,7.142220953474631706e-01,-3.012487060611632184e-02,2.359830223384779546e-01,8.629807501980091278e-01,9.370944131622829243e-01,4.401162049080051819e-01,6.349007477930236343e-01,3.189000576689026145e-01,8.941355211861398145e-01,8.631383109783288266e-01,8.872168216750873082e-01,4.118478718985446041e-01,5.812492590750463206e-01,4.307442492363620090e-01,4.299952406822843409e-01,5.763022114318914202e-01,6.978164966294058136e-01,9.412608809181636227e-01,7.478425531752079802e-01,2.772535206754684900e-01,5.788362189477825881e-01,7.825672032134156630e-01,6.851944373135954169e-01,9.918682192620701388e-01,7.014705556211662252e-01,3.313861557053596751e-01,7.858959610213878122e-01,4.953905851885584410e-01,4.478851390544669742e-01,6.625505712500330269e-01,6.621714810467967949e-01,7.840867944283596014e-01,8.516036261693158416e-01,2.406924884026869493e-01,6.888369798852478354e-01,8.555183855839283424e-01,4.515995726802857768e-01,4.163487947121113919e-01,7.503764212035122227e-01,4.820203424297417882e-01,4.835901010672045142e-01,6.788236201771258305e-01,7.368035530254199994e-01,1.325654929141653615e-01,1.498019307675207967e-01,5.066671247794523048e-01,9.138250962696276014e-01,4.964646755646183740e-01,2.383617931151610914e-01,4.334264941959594664e-01
8.549288625923949780e-01,7.154931793030095966e-01,7.032338842767862364e-01,3.624782146753683376e-01,6.865125239525463607e-01,2.670292394055416851e-01,9.791005047493063218e-01,9.299469024736122247e-01,6.218074829721156327e-01,5.343972814779061054e-01,5.897752214717095764e-01,9.954258016959343092e-01,6.616255924889691276e-01,9.154998087052561573e-01,9.695099792312655840e-01,6.130404289479501889e-01,0.000000000000000000e+00,2.104526623985823741e-01,8.204294266177598605e-01,9.797041027557998882e-01,7.172535261144640240e-01,7.818642744307795489e-01,9.618432054438519341e-01,7.045025084118345937e-01,2.608160773848539060e-01,5.604271393704151061e-01,9.812241800571996908e-01,4.241978866519298119e-01,4.481800515976032684e-01,4.369335539857482215e-02,7.126133095055240396e-01,5.943545554850329093e-01,4.577016935810864218e-01,5.449042527093531652e-01,4.748538942121151019e-01,3.990579922263712276e-01,1.644104691182739220e-01,7.401386496179642727e-01,4.789639890464318372e-01,8.547007486684021771e-01,6.016078688744643799e-01,6.907686816127245333e-01,9.869178014594314208e-01,7.247122811563849742e-01,7.085512099105234496e-01,9.514415884201169460e-01,6.586451995009056093e-01,9.115367668501187515e-01,7.103116779955768179e-01,8.430036583352291668e-01,5.445964788180458482e-01,4.963022121236661532e-01,6.485024945834675369e-01,8.201832490857676738e-01,9.608111224564568342e-01,7.056829520305946124e-01,3.090032336677113745e-01,7.323321968085207967e-01,8.696742138159848645e-01,3.079215080603042720e-01,5.419402113134504928e-01,9.574471207719477128e-01,7.926943304154597802e-01,8.605123558824501195e-01,9.482001359652119099e-01,6.738337270899791287e-01,2.348387849374839464e-01,6.368254243816211524e-01,7.498350559331919962e-01,6.902317442401119107e-01,6.941877619147570622e-01,2.208319133564412007e-01,1.272959476581878302e-01,5.980640088914308539e-01,9.988086607883752688e-01,4.511334750177161124e-01,6.144334242600620888e-01,6.706828958173728372e-01,5.495960982165677411e-01,4.854055624327137664e-01,5.475423154143175264e-01,7.725048235227052196e-01,5.990968684352651064e-01,2.385129353101179961e-01,8.398264967664051950e-01
4.017889435488209426e-01,9.091808722980538882e-01,6.898740320675631477e-01,7.628896020347408768e-01,4.901023522524388110e-01,6.731261154993178897e-01,7.223367810495981978e-01,7.978673609034921954e-01,7.772580545977101352e-01,9.201943728952099999e-01,5.019281060172422482e-01,5.713356669397449128e-01,6.574851148940777934e-01,9.247356089114027178e-01,6.431941849187533533e-01,4.051200241736200303e-01,2.104526623985823741e-01,0.000000000000000000e+00,8.276710616441755874e-01,8.307430612302442174e-01,4.761474321040475299e-01,4.467809317993087226e-01,4.154299920353210496e-01,8.856817412602271400e-01,6.101999292577533485e-01,5.247017034387204681e-01,8.822223111064169121e-01,7.219556443910848387e-01,5.057978614717230093e-01,2.471028167235502226e-01,3.804739661863925093e-01,6.172562578481275430e-01,3.412209166404241434e-01,6.644691694865392240e-01,3.670636768764522495e-01,4.709814748531087059e-01,6.438011839337072495e-02,2.878858096451314963e-01,7.085464710178426273e-01,9.693807120169752878e-01,6.105651263600441192e-01,8.157992987542902474e-01,9.461726009536001181e-01,2.961705430662406879e-01,9.648487487694815679e-01,9.970418327987835561e-01,7.615171234930974142e-01,7.812865724852364746e-01,9.180010218279915923e-02,9.747290738664117216e-01,6.753765093901266114e-01,8.905940838876988952e-01,5.881335160592684463e-01,7.250921013063587051e-01,7.870473168210166959e-01,5.900772365385962281e-01,8.481788877184823772e-01,3.497340220950548861e-01,9.614338438207995496e-01,5.416645844616200245e-01,2.174653030037445867e-01,5.291711428828587138e-01,8.048021481716945980e-01,8.275257641876210268e-01,9.398822205731763857e-01,7.537803818608308504e-01,8.077172360086937175e-01,7.406420218940455713e-02,1.481783576317226014e-01,8.727937474031930432e-01,5.158375246585921170e-01,4.824224697831283049e-01,6.677233511847980862e-01,7.066820819372426898e-01,7.724863183203498629e-01,6.021967275444713996e-01,7.484519058630585420e-01,7.405832700654924050e-01,5.448114420539840186e-02,3.540832439236752949e-01,7.738373160478040358e-01,7.241693201993613105e-01,7.122150884350856304e-01,4.076834448958104873e-01,9.392735566569599959e-01
