0.000000000000000000e+00,6.049579553418362732e-01,2.781710598959626357e-01,8.635519434131709859e-01,7.842709682834368978e-01,8.028298578983146250e-01,9.264726104999391199e-01,4.077496664217806766e-01,9.924834908179547277e-01,9.062717154912819373e-01,8.207135251136420395e-01,6.574872891766333494e-01,7.915682536757668863e-01,4.393197451965299427e-01,9.955959500862172629e-01,8.767803040588777463e-01,6.054043618193106768e-01,2.443356554987152762e-02,8.910524867775229119e-01,8.185867397156558756e-01,8.835749508397875429e-01,9.120987288529841530e-01,8.398373363899303001e-01,9.269418636034616465e-01,6.928595916352342510e-01,6.437359984129822355e-01,3.104053727584576428e-01,8.649353883899011386e-01,4.780910532981421657e-01,2.925696363429102775e-01,5.571636478719479424e-01,9.670565282092704606e-01,9.098099809741861943e-01,7.858471971407302581e-01,9.430590939007456042e-01,-3.408825752569230594e-02,-8.882524165872320021e-02,6.764692375383050127e-01,7.796699878020114660e-01,4.833573410166084328e-01,4.901868406949052570e-01,9.524560544966338416e-01,-3.416225160142050687e-01,7.959621994716190585e-01,7.971678642743063037e-01,9.214110559125078259e-01,9.450253541264475032e-01,7.865197085149936429e-01,7.224881010940921167e-01,9.443165008982998820e-01,3.489180746997722071e-01,4.475742503733644573e-01,6.751049681148124648e-01,8.528782016391371901e-01,6.165419752935532571e-01,8.878868927946658163e-01,7.048021816906540060e-01,8.681697363395664002e-01,9.420892574960685328e-01,4.439967850823250961e-01,4.926560049150415788e-01,6.561630688144454160e-01,9.163996576450963438e-01,6.297334948454723635e-01,9.820723531148242147e-01,9.653608880482414945e-01,8.250897085553444699e-01,6.001197319612565639e-01,9.311581879071665346e-01,7.466743937478921289e-01,8.881294398050005867e-01,6.899105908722473757e-01,6.408194845768176995e-01,3.467739389946687956e-01,7.345642366972517934e-01,8.111460125114299258e-01,9.479695987435284854e-01,9.140478019499401752e-01,3.809517074778289158e-01,1.505475211988663853e-01,5.441423783222882893e-01,9.730796656609891349e-01,5.594202583197571688e-01,7.754126569631977217e-01,9.591825921783317943e-01
6.049579553418362732e-01,0.000000000000000000e+00,8.239856023642636584e-01,6.476962103831750417e-01,6.024706898822963508e-01,6.317296868730443160e-01,7.695652820807428185e-01,4.534884620322102156e-01,4.428985423060278759e-01,9.756019516021923188e-01,4.433845556292332346e-01,3.776244655662979732e-01,7.044154747699197250e-01,9.743881424726010820e-01,7.033212132816157869e-01,6.636098611115095469e-01,8.755962550662343968e-01,9.387483327470019789e-01,6.453006673035233121e-01,8.516634867706496248e-01,8.682864888989328955e-01,5.676635228919300058e-01,9.011953074730714164e-01,7.324046917593886041e-01,3.867600088820400406e-01,5.951354307148700729e-01,4.487287743842741650e-01,9.629683229796551780e-01,6.932604055636175655e-01,6.555282754850764171e-01,7.430516096159004436e-01,5.331589331354117389e-01,3.355762937864972262e-01,8.089681132390642571e-01,9.292799063241163893e-01,4.519765675821523221e-01,6.887847924158723156e-01,4.495988236898216805e-01,3.644464494860628623e-01,6.163536028683693768e-01,1.349203905348561883e-01,2.816229186072753410e-01,4.589504104162450138e-01,9.526370742389218549e-01,8.472055369994290208e-01,8.320437986862054824e-01,5.799329642228830961e-01,4.252837439790276286e-01,8.809230995208937598e-01,2.046171336189467893e-01,6.298895068253484997e-01,3.693563707476896774e-01,9.674641202691687258e-01,1.662032460841372794e-01,8.450763755480703576e-01,9.407958099549400544e-01,6.793483594569749151e-01,6.230838096692549177e-01,8.868351443835673642e-01,3.114107282935338894e-01,4.710265459676588051e-01,6.306237058766465120e-01,5.362735222319725548e-01,9.533513725246380854e-01,6.590430648583581741e-01,4.429477297748039555e-01,8.658454692255462826e-01,6.755756546082268832e-01,4.306368833865424350e-01,8.609173659051575500e-01,5.047927361332626983e-01,9.177632138784767024e-01,-7.680194751931691821e-02,5.779218822813497747e-01,4.526463393782033662e-01,4.405262980933293271e-01,5.636866218046246990e-01,4.489165535225033699e-01,4.007972682845237777e-01,3.927958435325357156e-01,7.189059245328951464e-01,8.116423845835292195e-01,9.448131381900422010e-01,6.020121770686824858e-01,7.272816053735666753e-01
2.781710598959626357e-01,8.239856023642636584e-01,0.000000000000000000e+00,9.019642119992303808e-01,9.879511882880317453e-01,3.595240562576055288e-01,8.608951581219185245e-01,8.740248964492302042e-01,3.087209006188024185e-01,4.297480300511368201e-01,6.519601254223802433e-01,6.849859710211864128e-01,8.122606963376043376e-01,6.038982804637894608e-01,5.324647129372095389e-01,8.754826827457556915e-01,6.796620221321728605e-01,7.378729975861360035e-01,6.765479502020652625e-01,6.464684528746583725e-01,8.883037411739278522e-01,8.816064201877492623e-01,6.988865343391690299e-01,9.735069956785487033e-01,6.585654319682863189e-01,3.759776116764439458e-01,9.975137999824277291e-01,8.256533103882666147e-01,5.023270622517264083e-01,5.639412388915451269e-01,5.756596606643112901e-01,8.584678847215775344e-01,9.012802241907131862e-01,2.721012224130083257e-01,9.406819010172782214e-01,5.310113431093377301e-01,2.481509340955168896e-01,8.864547582195846376e-01,8.336637933529535971e-01,6.115469169296687824e-01,3.049945023258200383e-01,9.228271890789305765e-01,7.993007931287798851e-01,9.076715203127515563e-01,4.753773149205169357e-01,-3.261574072717710049e-03,9.579006501374937033e-01,6.650453716162809670e-01,8.653205911057320066e-01,7.108076251328097062e-01,8.670221391630661412e-01,8.234584186878661782e-01,9.417797454272113233e-01,7.229095840922522553e-01,7.204512120617829751e-01,9.397983594925165551e-01,6.480246300142237237e-01,6.628164637826368111e-01,8.398276427196883498e-01,5.138418727328998292e-01,7.963902606155758290e-01,8.333422509495169717e-01,6.612370119177628514e-01,7.737093391195699610e-01,5.497537020839533550e-01,6.691363088546495863e-01,5.869399306921505577e-01,8.920646709256502271e-01,7.505716074569961371e-01,8.576921664477243912e-01,3.517297785739584848e-01,7.469178527411005630e-01,9.403304942708550218e-01,2.861894105709653080e-01,8.728054427256817238e-01,9.599156530250434471e-01,7.080886167426568845e-01,9.539418407728732507e-01,4.659600859277926999e-01,-4.053928070819057261e-02,9.552752121349727954e-01,9.060584470422934356e-01,6.567808740174293503e-01,8.568396504222708376e-01,6.207255353608072124e-01
8.635519434131709859e-01,6.476962103831750417e-01,9.019642119992303808e-01,0.000000000000000000e+00,4.994959409055774735e-01,4.949401366750624254e-01,4.618591612306088834e-01,6.962256478844290886e-01,3.675721760738640542e-01,8.775451424383329257e-01,4.299334200468866163e-01,6.992885352444150326e-01,9.401342185542903573e-01,7.671138774809205252e-01,7.251641709967842075e-01,6.563130912624469682e-01,6.950221231154449786e-01,8.807469012093447347e-01,7.046176123290477378e-01,9.924514014050858091e-01,9.624958756569936824e-01,9.388520001252396163e-01,8.900832597184284989e-01,6.030175059147681038e-01,1.999742167201213339e-01,5.806464437940133116e-01,8.124620891725437000e-01,9.868267342880477910e-01,6.505039543724917550e-01,4.175665466066567633e-01,2.845689476268482565e-01,7.600870220915326714e-01,8.215733703021488310e-01,5.242885976567195350e-01,9.631427554480934683e-01,5.586357248090554339e-01,4.420217830081287214e-01,7.196313250373442827e-01,6.241109266304315506e-01,6.150042019026930040e-01,3.711277210572422325e-01,9.392459270087485379e-01,8.021826465281932661e-01,4.527467716175128665e-01,9.057339866706118903e-01,8.176556064026141435e-01,9.393104489129459056e-01,3.246667189881848326e-01,6.636170870747017947e-01,6.270570319365862400e-01,9.133001784309929816e-01,9.371037912784601076e-01,8.093890633688386460e-01,5.075934548748621822e-01,7.846233563935236521e-01,6.451189326687508663e-01,8.707260033111940967e-01,6.414247564444469640e-01,7.312307407795715086e-01,5.409977590552877968e-01,7.966106510918636863e-01,7.049675925531666554e-01,7.931665367451192772e-01,3.151686984503628275e-01,6.393637166814613026e-01,3.762557692552397914e-01,7.961026258714373194e-01,9.229317240778917020e-01,3.035819148169679460e-01,8.326874101650524329e-01,4.068832106635335011e-01,7.583461762545530283e-01,4.176445521690059226e-01,4.584146121385354600e-01,5.078133592780286198e-01,9.475770249544323010e-01,6.781542829606443945e-01,2.151970986736199409e-01,3.943490261243405293e-01,6.784218289384620348e-01,6.801259978300059350e-01,2.919861629394163716e-01,7.402280236750518050e-01,7.573942689771487324e-02,8.676776893404236635e-01
7.842709682834368978e-01,6.024706898822963508e-01,9.879511882880317453e-01,4.994959409055774735e-01,0.000000000000000000e+00,4.893329906866155654e-01,6.823309567938922182e-01,5.774232507877875564e-01,7.717834018602142132e-01,6.790307862518122350e-01,9.663876093366836617e-01,7.883702332553866876e-01,8.557175743021500081e-01,7.656869632718563690e-01,7.103431853106281224e-01,6.371045357222647754e-01,6.142977116127051884e-01,7.512356900242338487e-01,7.464372745954876986e-01,5.227861791030442573e-01,8.095064648114908001e-01,3.841523104703264274e-02,5.491103176415697007e-01,9.405055088819080922e-01,9.034060269438530799e-01,8.088096641796668207e-01,7.882081970629795098e-01,6.355443616545463081e-01,8.140562621568137036e-01,4.023403222853954020e-01,4.462781135362159715e-03,1.843973166245048978e-01,7.469892553542811786e-01,9.910559279525789078e-01,7.262675732938963513e-01,3.406091466982338334e-01,3.954715641499200601e-02,7.103336290743020864e-01,4.437807293066531877e-01,9.803883230847980634e-01,7.494241977206496097e-01,3.409038969448796585e-01,8.321549579749373260e-01,9.685449611961988170e-01,8.333575054752876410e-01,4.360099289755817176e-01,7.321301534989501647e-01,6.623250721091473725e-01,5.771308224769510220e-01,6.694597184973453130e-01,9.809798459497259815e-01,6.324226306112189500e-01,9.203270965529404268e-01,9.189484441174770035e-01,6.634757221048616094e-01,9.205941227819832706e-01,7.279265934201962773e-01,2.884499798776212209e-01,7.398992461003215393e-01,7.603993095985662753e-01,2.451806246195518679e-01,6.945634721109201770e-01,4.366634590687138995e-01,9.959102424329493441e-01,7.110503846257242300e-01,4.584384343280671348e-01,8.413898420227774455e-01,4.763102640274680111e-01,1.604725130525598842e-01,6.233979847259966123e-01,3.051728365949215593e-01,6.516014158682646995e-01,5.066693431174373874e-01,5.249200656383056218e-01,5.221795040081408379e-01,6.149748767693953289e-01,4.267895272289274899e-01,7.370141351571736221e-01,6.020176364472246133e-01,1.653476615529589910e-01,5.507967305755713250e-01,8.312939997376691537e-01,5.283788222999787898e-01,5.174263357000227215e-01,7.614686879259464636e-01
8.028298578983146250e-01,6.317296868730443160e-01,3.595240562576055288e-01,4.949401366750624254e-01,4.893329906866155654e-01,0.000000000000000000e+00,7.517967833568218738e-01,5.659607714301202464e-01,5.819074845483873659e-01,9.545576525877355056e-01,5.911196955884583382e-01,7.003117561292990789e-01,8.929273949738837368e-01,7.840036323482354463e-01,4.625731995511802030e-01,6.785987019452905944e-01,9.422038155123934056e-01,7.297784198963700453e-01,8.863307629344999161e-02,6.199235288175023451e-01,8.738299884846936205e-01,8.383195484942420617e-01,6.481301813487095886e-01,9.856995535541120956e-01,3.019880497530199603e-01,8.519072689592338543e-01,9.387162396770873940e-01,5.614559312154309145e-01,5.456928535237057787e-01,3.335897396897841150e-01,7.988360250941868301e-01,6.785903417318058795e-01,6.984207582669931247e-01,3.176004701011799214e-01,4.741118627903152527e-01,2.715012066114446121e-01,2.652405364749692573e-01,7.861091601665963768e-01,8.954536538190894790e-01,9.793021068557580255e-01,5.536253952644818455e-01,9.650447911532454848e-01,6.418050751296878742e-01,4.225668538563659427e-01,2.550718801018880821e-01,6.831752220814830689e-01,8.345974891759541103e-01,6.519376727027896834e-01,6.410532440323425396e-01,7.979948053036691746e-01,4.544187446854364154e-01,6.242157795144908095e-01,9.840528259445013859e-01,9.701925120781254019e-01,7.369833411009689694e-01,2.387121795039422456e-01,5.762767301702941269e-01,7.694434659399739251e-01,6.487064751827431586e-01,5.578344763049994937e-01,2.317809825454370531e-01,8.851679331293819120e-01,6.014520197119632705e-01,7.701848464852002474e-01,7.949322766675803731e-01,8.584743400778024336e-01,8.086020837576691767e-01,5.626670429880171742e-01,6.524388172771454775e-01,9.062553288136635521e-01,7.071750549992451562e-01,9.132987121783512352e-01,5.277753569154441937e-01,2.589567272334008519e-01,5.035975985756104834e-01,6.901375605161772508e-01,9.700685017907910712e-01,6.704988684319903580e-01,1.172516075445270145e-01,-7.805227036919512584e-02,3.357643969265438066e-01,5.191320108437678105e-01,5.181101783354919998e-01,7.191334840618598401e-01,1.913662927482483456e-01
9.264726104999391199e-01,7.695652820807428185e-01,8.608951581219185245e-01,4.618591612306088834e-01,6.823309567938922182e-01,7.517967833568218738e-01,0.000000000000000000e+00,7.575303355689327889e-01,7.841701866226059581e-01,6.182790546376470964e-01,5.499173525126942463e-01,7.553779405618741283e-01,8.995139745220461780e-01,7.821320529080533213e-01,8.360440939823535755e-01,2.705286468416740475e-01,7.728654586636362067e-01,7.929219834136654876e-01,3.736899702211392560e-01,7.948412878866346620e-01,9.134165208798696867e-01,2.421998379058427076e-01,7.943497480934168520e-01,5.144555513388673340e-01,2.845146586982322257e-01,9.209834161522347795e-01,4.364562331846403853e-01,8.324718186879263015e-01,4.098558068897715234e-01,3.239755467531644229e-01,6.865503751898328622e-01,7.250766249933868757e-01,5.271065025699701589e-01,2.437899485018583667e-01,2.717064164556150518e-01,2.034354030688444448e-01,2.436047475572004628e-01,6.977958510843403905e-01,7.430719762294022424e-01,6.184002777038246634e-01,2.169843119269977416e-01,6.156815406089692910e-01,8.376971147787835026e-01,4.964778031972947869e-01,5.071930920778878749e-01,7.224112432028693132e-01,6.598886306511300148e-01,5.796189692172275532e-01,-5.879250588029530378e-02,4.026766940268766137e-01,2.250274732310630632e-01,3.441227765415397766e-01,6.942019120575845248e-01,4.543803796402044459e-01,3.945079433391419088e-01,5.776327717034784870e-01,7.834322965587789955e-01,7.512445739274280498e-01,8.858981886352061963e-01,6.421360036207084399e-01,2.865397822264524885e-01,5.538603795003620434e-01,5.358270087396704850e-01,8.010224059472551561e-01,8.080663862604214875e-01,7.184255515895544564e-01,5.833091644787100627e-01,9.436617154370711136e-01,-1.222330587323599838e-01,4.569534361313308257e-01,5.961713471216394805e-02,8.705221757684805661e-02,6.765260957875371961e-01,5.851637537597869088e-01,5.407409910301047562e-01,5.079605120703618582e-01,5.997157572412117332e-01,4.962532387197931549e-01,9.575205628665198754e-01,2.035335850997821994e-01,7.992513010967856601e-01,8.292938532571266785e-01,2.236773272405391533e-01,3.492291058839330775e-01,4.924920615096037846e-01
4.077496664217806766e-01,4.534884620322102156e-01,8.740248964492302042e-01,6.962256478844290886e-01,5.774232507877875564e-01,5.659607714301202464e-01,7.575303355689327889e-01,0.000000000000000000e+00,5.069819465851806983e-01,7.540381683816055336e-01,5.587746670395159487e-01,5.536335263594334144e-01,9.369342805800854324e-01,8.566616732745457874e-01,9.408878147964960803e-01,6.252948031456402322e-01,9.359057807027980624e-01,5.760794189063906945e-01,-5.142874084429963077e-02,1.730344970657685666e-01,9.003501649348946145e-01,4.013690422196519725e-01,5.144828704586639212e-01,8.974861014277383253e-01,6.389461059109800001e-01,6.076967749538527697e-01,6.229244222601942882e-01,6.290655114671663828e-01,7.781050493474214180e-01,5.054806863634411229e-01,3.914643753661785075e-01,6.583557752250043249e-01,8.633946171804578462e-01,4.545251926400308840e-01,8.158005248496503770e-01,4.581371888263793823e-01,3.479047383478766076e-01,9.871292076104708491e-01,4.718489160046903663e-01,2.557033086177692427e-01,5.319628439752955851e-01,7.467077340547264575e-01,9.172192872617664916e-01,7.230880963544507045e-01,8.857182414359277001e-01,6.441822893016821983e-01,8.178201059489281777e-01,8.202658706434763358e-01,6.420906631202436543e-01,4.076597637971576260e-01,2.866814143886426969e-01,4.179524743671132747e-02,2.824687274780320334e-01,7.222695366179816556e-01,7.526953846928999825e-01,9.643624390977778571e-01,7.080349679554746034e-01,9.022936819136392339e-01,6.019903096851174640e-01,7.727968744581618088e-01,1.959110451438009770e-01,4.921513171462527647e-01,5.422443111395183202e-01,8.708692165982589994e-01,5.959631789048043249e-01,7.879666509465411695e-01,6.936101856645962016e-01,8.351977578529907742e-01,7.387331748132919262e-02,7.131179495824108150e-01,7.878167118245205103e-01,6.385797719480442725e-01,4.851890831427704276e-01,5.408103093976492914e-01,6.238321716946201301e-01,6.833479838722515964e-01,5.791485218064513774e-01,6.954526861629687362e-01,3.392547674955012083e-01,8.015098668169323703e-02,3.690498919705833547e-01,8.847330507487974893e-01,8.270323703887131339e-01,7.078620688385417470e-01,2.129994561167932454e-01
9.924834908179547277e-01,4.428985423060278759e-01,3.087209006188024185e-01,3.675721760738640542e-01,7.717834018602142132e-01,5.819074845483873659e-01,7.841701866226059581e-01,5.069819465851806983e-01,0.000000000000000000e+00,6.991375452036253657e-01,6.466059106787928057e-01,3.076090049715399788e-01,7.949537018024359636e-01,7.333801273842975865e-01,6.431172180000589433e-01,5.772097116835824826e-01,5.978341133431039900e-01,7.251025815066612923e-01,3.120482566073587427e-01,4.206768753286475038e-01,9.732408758856392339e-01,4.768151234260885052e-01,2.401210444988478299e-01,9.756996741859859101e-01,5.233496790729441628e-01,4.716619481251360657e-01,6.217814571856163930e-01,7.049694050497223863e-01,7.244156566307208278e-01,6.214182785636459538e-01,1.693078883253591460e-01,6.137179683808738906e-01,9.578029593409951303e-01,7.715679096796703718e-01,5.374729651007441600e-01,3.194446402407505325e-01,3.584165236636966956e-01,6.453487456495536900e-01,4.195798395325451291e-01,6.993366376599539080e-01,3.254887480954457013e-01,9.958106394502079795e-01,6.651620986036046457e-01,8.289059971270700267e-01,7.337348612423297833e-01,9.412377425380565876e-01,7.166118221904781427e-01,2.098461773879734260e-01,5.227272543143738348e-01,9.685292091182028384e-01,5.469326647423772281e-01,4.651336486572769657e-01,8.027776087480961165e-01,4.300087781963785050e-01,2.547899337159883482e-01,6.586715045077691233e-01,7.741087526831079701e-01,8.727082630322875456e-01,7.686427137006532906e-01,4.335131694716642392e-01,1.337223843770130169e-03,5.716345877723394420e-01,4.598158158964673614e-01,8.127135753797897211e-01,4.664382744927120794e-01,3.493869031711567541e-02,6.893591712906343982e-01,8.367886188913598033e-01,4.458671476704438308e-01,7.873304999369117319e-01,9.590172568300237010e-01,5.551756205351278117e-01,3.959890820363150266e-02,4.149094955987545075e-01,5.888770364033238947e-01,3.964178326772601624e-01,2.331604973179073892e-01,6.621799356264119751e-01,4.003986632323593420e-01,1.557654546606696278e-01,2.200776214901215000e-01,9.617343231287236449e-01,6.589881952397582676e-01,5.488903273474935451e-01,6.438699013272712879e-01
9.062717154912819373e-01,9.756019516021923188e-01,4.297480300511368201e-01,8.775451424383329257e-01,6.790307862518122350e-01,9.545576525877355056e-01,6.182790546376470964e-01,7.540381683816055336e-01,6.991375452036253657e-01,0.000000000000000000e+00,8.595366487281360657e-01,7.791929768355152497e-01,8.323093343320844273e-01,8.504413398438726013e-01,9.976285048847295389e-01,3.627510475219838382e-01,6.789994201215707736e-01,9.475085167422352406e-01,5.106957934289195755e-01,7.409675006251998930e-01,8.345899161741794359e-01,6.360922196095361025e-01,6.014540443728076946e-01,7.080319851546439391e-01,7.742428429170641335e-01,2.474383473164569192e-01,8.061069460169372203e-01,6.839868471437059450e-01,1.055464841262923753e-01,3.325657376815128741e-01,1.032235751836872162e-01,6.854278752304783229e-01,9.944764687693028460e-01,9.901519513704363229e-01,8.250944086229655694e-01,4.026838367167039356e-01,7.046520948961798592e-01,4.741878016299330145e-01,9.516657290809478198e-01,8.503396760968005008e-01,4.965003390171100484e-01,9.114025511426931958e-01,9.117007925284805747e-01,4.113694668776884944e-01,8.693501061007835595e-01,6.409632634887107994e-01,9.964875896919023202e-01,8.048767102250193872e-01,7.691213220401823536e-01,5.516702430899702581e-01,6.341401711885304993e-01,8.963377486784179782e-01,3.492676539827292981e-01,6.978819121101516032e-01,7.505700866012824379e-01,9.033280784436136246e-01,6.457590281454783643e-01,6.021992000162593173e-02,5.326463692805000205e-01,6.991731114022556870e-01,5.868583165256862078e-01,6.552080496968413215e-01,8.915538639516404906e-01,8.411722517132773635e-01,7.975825631330353271e-01,4.975077847596909852e-01,6.238456792891461378e-01,7.893668821807738878e-01,6.576250308128164246e-01,6.026783961981426740e-01,9.275302528260435109e-01,6.123331720826468150e-01,2.634472979156784467e-01,2.865013412064737475e-01,3.086577782977952267e-01,9.363885427966512909e-01,4.757173956316180785e-01,6.778353318525572879e-01,-3.367175967286423210e-02,-1.625081254683595766e-01,9.313906367753298499e-01,9.983423052819859755e-01,5.510899515736508159e-01,2.139682963430470097e-01,8.629689753817174624e-01
8.207135251136420395e-01,4.433845556292332346e-01,6.519601254223802433e-01,4.299334200468866163e-01,9.663876093366836617e-01,5.911196955884583382e-01,5.499173525126942463e-01,5.587746670395159487e-01,6.466059106787928057e-01,8.595366487281360657e-01,0.000000000000000000e+00,6.892816747588845772e-01,7.018950192293801349e-01,5.706459844212542487e-01,8.018998499581410089e-01,9.497963810218109648e-01,9.986015322677748163e-01,7.310006510804113455e-01,2.493595946883204184e-01,6.484741425360064371e-01,8.536177294382949476e-01,6.127253128409724248e-01,9.372840135848279353e-01,7.994308197051036569e-01,4.953019462626878644e-01,7.244720916807656508e-01,7.548591635144230594e-01,7.812036240177682167e-01,2.848344384598178181e-01,2.577413747372250263e-01,5.721882258485752049e-01,4.588409788247653776e-01,6.714010600276779650e-01,4.395654482299963806e-01,6.219681605246906164e-01,6.297052767919981697e-01,-8.936986933245387454e-02,2.422862920917536189e-01,9.768516827070867770e-01,9.651549832040766663e-01,6.775499703641503224e-01,9.030333906796813581e-01,8.694633309294020895e-01,8.878110975164104079e-01,7.604989309346616988e-01,8.265175202860697290e-01,9.105949461560124414e-01,9.260223749932134929e-01,7.658194746037629841e-01,6.673190067020584593e-01,4.077499628708248225e-01,2.586092404642651443e-01,4.729042919168572334e-01,6.955747294520479018e-01,7.839252556298262897e-01,9.808797862732812067e-01,7.901469730321875051e-01,9.149340273135849744e-01,9.720880278765130500e-01,5.600599986627428084e-01,2.008483941463598543e-01,2.858928250416696848e-01,3.314141108736271546e-01,8.311261117185463343e-01,9.003258543493717347e-01,4.796261094281437792e-02,9.011132390937586223e-01,7.959115788957709103e-01,6.424895736869293827e-01,8.851410234787108200e-01,9.476190664156247667e-01,6.395553980728042598e-01,4.825740632242166983e-01,1.456687220032268637e-01,3.226147203542616970e-01,4.860989627692339776e-01,-3.434646697813881211e-02,6.540692401605192607e-01,7.476259546040527892e-01,2.902341942481646564e-01,5.328053602102535979e-01,6.356001662321495438e-01,8.196045967604225213e-01,7.657850626608041500e-01,8.930222696908217683e-01
6.574872891766333494e-01,3.776244655662979732e-01,6.849859710211864128e-01,6.992885352444150326e-01,7.883702332553866876e-01,7.003117561292990789e-01,7.553779405618741283e-01,5.536335263594334144e-01,3.076090049715399788e-01,7.791929768355152497e-01,6.892816747588845772e-01,0.000000000000000000e+00,3.905949593104539597e-01,9.286627626789475398e-01,9.399131550152692860e-01,7.022866448178620713e-01,2.918233334733476014e-01,7.248815298886275293e-01,5.658841912042720246e-01,6.354669403763765212e-01,6.740656414044350342e-01,7.002543348278947866e-01,8.931117969749454710e-01,7.982956510881833445e-01,5.566717344454776839e-01,8.083996718934574055e-01,7.743625630404922244e-01,6.483020270573028876e-01,4.514180345723916021e-01,6.660532166465740200e-01,3.144814608187262439e-01,9.212409566471766453e-01,6.077177166720718615e-01,6.957960534949007014e-01,8.966070103390437751e-01,-2.261978428769270688e-02,5.009449346652057322e-01,4.545449557347047698e-01,9.394605644190860971e-01,8.997203347937743345e-01,5.713873675637314298e-01,2.752265843855683514e-01,5.379292779367677024e-01,9.087014162631857905e-01,6.405586234408577884e-01,8.326045931065266803e-01,8.588457653003598313e-01,8.198470194825847601e-01,7.929339796292562692e-01,9.475040460772152784e-01,7.348719754295912621e-01,9.709142023048926706e-01,6.248202536552711628e-01,7.703663479131667158e-01,5.938794467230839036e-01,7.219110649804989510e-01,6.508918347076170230e-01,6.925025192422508136e-01,9.465167001004110015e-01,6.273742070492848155e-01,3.669441267008238805e-01,7.159071867600342864e-01,9.949494427928127216e-01,6.765873887757650751e-01,8.519462361923977323e-01,5.397536566914800105e-01,7.046522785491468044e-01,9.744427421169569170e-01,3.796200483843319984e-01,5.006655141945112186e-01,7.604683930259623637e-01,5.977840670775204091e-01,9.797867128730050057e-01,2.075392581868364394e-01,5.624654527115824365e-01,7.629865203806622809e-01,6.144295039264042746e-01,7.196967186482960965e-02,7.302442013853845948e-01,1.935516086619151199e-01,6.438319539083472431e-01,8.470722882378136642e-01,7.072149112346015620e-01,5.713176814375721113e-01,1.021540657858100581e-01
7.915682536757668863e-01,7.044154747699197250e-01,8.122606963376043376e-01,9.401342185542903573e-01,8.557175743021500081e-01,8.929273949738837368e-01,8.995139745220461780e-01,9.369342805800854324e-01,7.949537018024359636e-01,8.323093343320844273e-01,7.018950192293801349e-01,3.905949593104539597e-01,0.000000000000000000e+00,5.379966019165264290e-01,8.089888980157756704e-01,6.195698609776929544e-01,7.633583929098871623e-01,7.001650723554034839e-01,8.121173380370529937e-01,7.984317639832465563e-01,6.507643090624505300e-01,9.976018333480263234e-01,6.062640164564783163e-01,6.438661259327412845e-01,6.284152670553674325e-01,9.046055030142955422e-01,6.541425591592575639e-01,9.687817863563616960e-01,5.613111138698643199e-01,2.458174520750323055e-01,7.196531943526440767e-01,-5.135881562147301405e-02,8.429009920306606007e-01,7.386825970376875716e-01,6.094299423750267897e-01,7.112757503661433223e-01,7.325694754662245289e-01,7.974000566063760287e-01,9.753883641357321554e-01,6.637955975799747499e-01,1.388584336036515210e-01,6.699921113347468982e-01,8.685057306184434944e-01,7.459711074933509378e-01,8.917378970543771155e-01,5.319419264672556880e-01,9.701401892496167578e-01,5.324269876555658421e-01,7.549024320620310036e-01,8.948122317014508553e-01,7.179899339267188374e-01,6.730406667238001406e-01,7.851264165143089224e-01,3.092483666681218879e-01,7.274963601328944263e-01,8.079259956833289014e-01,8.649698708574772299e-01,6.316691314517020039e-01,2.406218724546962950e-01,3.873832498374616407e-01,4.521649950025651843e-01,9.903680973532803522e-01,8.855723649602308400e-01,6.261218174465678077e-01,9.822098527318963157e-01,9.263698302451647271e-01,8.066376744817004285e-01,5.117433715888205503e-01,5.781109569427010930e-01,8.106235241087083043e-01,7.947262620889231632e-01,6.687208613146257141e-01,5.933969024497691702e-01,1.707210306663476951e-01,5.173623486879017630e-01,5.338323903408064702e-02,4.249958669524787624e-01,5.789389109430480573e-01,4.568038232098028395e-01,2.637285377615244952e-01,5.857205759656063382e-01,6.786527827506099175e-01,2.171851225754121151e-01,7.553299458251327980e-01,6.434082056925756188e-01
4.393197451965299427e-01,9.743881424726010820e-01,6.038982804637894608e-01,7.671138774809205252e-01,7.656869632718563690e-01,7.840036323482354463e-01,7.821320529080533213e-01,8.566616732745457874e-01,7.333801273842975865e-01,8.504413398438726013e-01,5.706459844212542487e-01,9.286627626789475398e-01,5.379966019165264290e-01,0.000000000000000000e+00,5.159565813653473887e-01,2.216701480674342639e-01,6.428450459372155867e-01,4.495195777771314738e-01,7.097838085449701406e-01,8.049498713039118236e-01,9.968219622418146297e-01,6.944556437726649989e-01,7.093147871345667488e-01,8.825458680798771161e-01,1.039804440112576667e-01,7.445203523385020006e-01,9.266840435824452715e-01,7.650384787492442440e-01,4.806492402933948416e-01,4.152857867014769777e-01,9.353793308219822134e-01,7.572503679694634338e-01,7.948062959176538378e-01,5.784325549953130974e-01,8.811682449335281331e-02,5.907439607084528088e-01,3.955575287256305472e-01,9.126998798318576300e-01,8.797873403468225995e-01,7.491637933072557987e-01,7.110022026263880246e-01,7.013494877124986093e-01,8.338332235185844654e-01,3.555196134672691244e-01,7.515042334269822488e-01,6.337110275874675569e-01,8.079378292759726854e-01,6.655064275246395100e-01,8.384594755504961583e-01,8.821489135067578369e-01,9.470643003559662265e-01,3.719366006571314109e-01,5.338587868715720663e-01,7.824353378922939140e-01,4.829029366770494214e-01,5.835383230541363320e-01,8.388096894894245814e-01,6.703946274255223603e-01,2.471060344000773346e-01,9.276521837950650884e-01,6.607020816875076585e-01,9.444815926724888788e-01,4.256910297130673815e-01,8.496206982696299370e-01,6.918288992227107359e-01,6.155545223346605699e-01,9.925399647535679826e-01,8.039288913632556266e-01,7.445971087825907775e-01,5.106316598922647776e-01,8.950519777990459946e-01,7.783622244402720325e-01,6.618818801457502232e-01,6.025146645842285320e-01,5.640421467267504596e-01,7.341447168950532287e-01,3.385357584692092470e-01,5.548190720433053835e-01,3.779956446279099103e-01,1.285634022491793371e-01,4.890439747240617474e-01,8.143366384554578952e-01,6.282449856875124139e-01,4.957961508916274296e-01,6.448368568050659722e-01
9.955959500862172629e-01,7.033212132816157869e-01,5.324647129372095389e-01,7.251641709967842075e-01,7.103431853106281224e-01,4.625731995511802030e-01,8.360440939823535755e-01,9.408878147964960803e-01,6.431172180000589433e-01,9.976285048847295389e-01,8.018998499581410089e-01,9.399131550152692860e-01,8.089888980157756704e-01,5.159565813653473887e-01,0.000000000000000000e+00,4.736746426621405576e-02,7.693047243236743604e-01,4.313382980556371149e-01,4.713009224202427960e-01,9.716179482100741893e-01,9.132183578943587898e-01,6.287640231399012070e-01,7.546051338465900038e-01,9.960572250940376016e-01,4.853960342768408043e-01,4.506579909278440876e-01,6.356767181453577553e-01,7.561978544235377075e-01,5.859738568511689838e-01,6.479526432741585795e-01,6.104006226159216508e-01,6.655739891064268443e-01,9.325287966843722742e-01,7.118714156905097123e-01,7.266078213185329648e-01,7.204453244773645348e-01,4.857256834834414727e-01,1.908861630223182837e-01,9.984056316974655454e-01,9.732857388321357606e-01,6.097740392163278900e-01,2.795011926953991366e-01,6.090414357571690696e-01,7.009180403041178620e-01,9.072278823557126115e-01,9.599130337933560186e-01,7.013981536519474647e-01,5.693596790950363751e-01,6.428005744664527787e-01,3.037259288592331075e-01,8.213134405942509320e-01,6.031484033427273461e-01,5.394752812745090553e-01,8.359571216649486214e-02,9.470221432700218767e-01,2.533966135485936633e-01,2.337223668040418756e-01,6.268598597851851029e-01,9.109265429193454944e-01,3.824809520404418572e-01,4.794626436552126281e-01,9.514053307969317919e-01,6.130395429924716533e-01,8.387331914836904101e-01,9.092866070199344675e-01,9.279712039517311606e-01,9.766957385588004303e-01,7.703866901780634935e-01,7.646519450848526800e-01,4.672036108861539749e-01,8.115999095251947848e-01,7.139496182576455796e-01,7.180532141358606513e-01,4.633332869249986996e-02,5.346733296755629139e-01,7.825950333738053155e-01,8.251641331469784513e-01,9.542115142785849713e-01,1.030756327327367466e-01,1.257770848627717299e-02,6.468872830310633537e-01,6.821595434577197858e-01,9.263777184122649055e-01,3.246073196719588272e-01,9.403418804856251978e-02
8.767803040588777463e-01,6.636098611115095469e-01,8.754826827457556915e-01,6.563130912624469682e-01,6.371045357222647754e-01,6.785987019452905944e-01,2.705286468416740475e-01,6.252948031456402322e-01,5.772097116835824826e-01,3.627510475219838382e-01,9.497963810218109648e-01,7.022866448178620713e-01,6.195698609776929544e-01,2.216701480674342639e-01,4.736746426621405576e-02,0.000000000000000000e+00,7.683032506005519346e-01,4.255998572556791704e-01,8.630098385272095829e-01,7.553015236026014989e-01,8.466203049810738790e-01,5.872790738610942363e-01,7.139411495174633471e-01,6.725827757938476203e-01,4.781684472535090435e-01,3.264815136057720446e-01,6.057781025460147184e-01,7.931521664855544218e-01,4.706379193073631506e-01,2.466089053503008333e-01,7.668280818898260964e-01,7.084745284148945554e-01,5.015636425312600677e-01,9.925293015467524516e-01,4.609367491506368153e-01,7.364541061336068450e-01,3.403211639965394997e-01,5.001491340149709641e-01,6.181122362633371115e-01,8.458993645733704492e-01,4.378757920981829477e-01,5.756033226172267980e-01,2.301206057750058431e-01,9.964769835696181133e-01,7.778256184659283479e-01,6.056442692085848289e-01,8.274556864128219669e-01,9.780525136330266989e-01,6.379549271864489723e-01,6.922036869767740352e-01,4.332254811918120896e-01,7.885223907749416838e-01,-4.691647420802669277e-02,7.878340747272700728e-01,7.250395439241107409e-01,2.539245805165064040e-01,9.664777050346726739e-01,7.294524138207525432e-01,6.616360414772511911e-01,6.204259406162825341e-01,5.905410455840256478e-01,7.303128821470251664e-01,7.035927880161944037e-01,6.808002471228578045e-01,8.093143728571728923e-01,9.692510801615236149e-01,6.303727765534669070e-01,7.461821662724792414e-01,3.803944744218331619e-01,-7.522704420596661168e-02,1.674653025394129968e-01,6.454671386174175574e-01,4.171849705531200381e-01,4.070900618066965460e-01,3.580018172388421682e-02,9.591556624193573466e-01,6.318497008251894309e-01,7.332286997885379964e-01,5.036466860831294579e-01,4.327538163165559615e-01,4.898347922717014580e-01,7.177698109159951212e-01,9.618961293478108798e-01,6.775250569939073042e-01,6.584893457521348026e-01
6.054043618193106768e-01,8.755962550662343968e-01,6.796620221321728605e-01,6.950221231154449786e-01,6.142977116127051884e-01,9.422038155123934056e-01,7.728654586636362067e-01,9.359057807027980624e-01,5.978341133431039900e-01,6.789994201215707736e-01,9.986015322677748163e-01,2.918233334733476014e-01,7.633583929098871623e-01,6.428450459372155867e-01,7.693047243236743604e-01,7.683032506005519346e-01,0.000000000000000000e+00,3.229110575787859094e-01,9.050319530346083718e-01,8.748264854394270928e-01,8.771904157722693052e-01,7.749799020420129469e-01,3.642825907343812952e-01,6.066625987390927843e-01,6.164140418369397079e-01,4.843809846963754162e-01,9.205716427173186167e-01,7.620883303896397454e-01,9.470756905153906446e-01,3.327233863260845581e-01,3.094965325028987690e-01,4.187222679839583406e-01,7.119516695258653050e-01,6.804531175823228528e-01,9.742823539157636770e-01,6.804749276341437447e-01,3.078685667639290413e-01,4.146166658170037378e-01,2.116032223986943905e-01,5.293115350439641098e-01,9.320143253043017273e-01,9.052115922858827712e-01,7.435260445181309796e-01,-1.951897013307951900e-01,9.902562501951356344e-01,6.060761646333050479e-01,8.729771266268721019e-01,9.592159877268717771e-01,9.915116086558959374e-01,6.572954417941589966e-01,4.360367154266035494e-01,9.094829653054414820e-01,9.527803883308869626e-01,8.840296332547835645e-01,8.660948803619052949e-01,5.725709564249782391e-01,8.658526336145574431e-01,4.809761540035250582e-01,9.393283127535516641e-01,1.397691457592822040e-01,5.014324663930431747e-01,2.503114770339456285e-01,6.371807128273410115e-01,7.975638409426222264e-01,6.803710248346206413e-01,4.628893979651594326e-01,8.402076219378331601e-01,2.352109736267753159e-01,5.796558633096686730e-01,4.773191998955630400e-01,8.861996477075424483e-01,9.527855822590493018e-01,8.590357954683156549e-01,5.466620897158890324e-01,7.530076622292725119e-01,7.324224584532729176e-01,4.351201020365884076e-01,7.322170588398926316e-01,5.851863758374133972e-01,7.055501103458997059e-02,5.618356767425680687e-01,9.331988850624154397e-01,8.015921883575181095e-01,4.949253459634983532e-01,4.531042971557392995e-01
2.443356554987152762e-02,9.387483327470019789e-01,7.378729975861360035e-01,8.807469012093447347e-01,7.512356900242338487e-01,7.297784198963700453e-01,7.929219834136654876e-01,5.760794189063906945e-01,7.251025815066612923e-01,9.475085167422352406e-01,7.310006510804113455e-01,7.248815298886275293e-01,7.001650723554034839e-01,4.495195777771314738e-01,4.313382980556371149e-01,4.255998572556791704e-01,3.229110575787859094e-01,0.000000000000000000e+00,6.775020766849493281e-01,9.433022397318564511e-01,7.683128596569254176e-01,5.268360427419889191e-01,8.661397562416360829e-01,9.871626316006747448e-01,8.563655285629541147e-01,7.164620868238754658e-01,8.571481966861526081e-01,9.844702172130745943e-01,2.472448660959279954e-01,3.121380493155697100e-01,-1.650192668528503437e-01,3.781889901758291872e-01,5.381852179628715538e-01,6.383026307553213430e-01,6.912563217088328882e-01,5.813523289463593535e-01,6.427521145256229751e-01,2.733747419069440521e-01,4.135392645517860233e-01,7.578744064384445034e-01,7.543400957045647282e-01,4.062680973512115545e-01,9.875207361795683703e-01,6.958203296235364599e-01,9.630872274930331045e-01,5.206766151404274012e-02,8.302181949684787066e-01,9.474496071563400790e-01,7.460020749547078278e-01,9.288392081048220117e-01,8.603224847595113411e-01,6.019362593599355549e-01,9.082274592353103415e-01,6.170148538559819817e-01,9.233591843090063200e-01,5.616868749112232662e-01,4.131128966462455088e-01,6.695888010756408937e-01,8.308168769772691364e-01,5.465354466247992482e-01,7.450505853761442143e-01,7.437296833586217737e-01,3.006485128686236519e-01,9.270473407121690990e-01,2.470234493224767180e-01,4.891736500221584016e-01,8.785130832862830808e-01,8.696645072619392236e-01,7.195340808691915724e-01,6.452626491186733704e-01,8.217517652413515172e-01,2.153434566224155799e-01,5.009926392041686993e-01,3.864172244401308243e-01,4.538730272824804679e-01,4.272381596547162319e-01,7.798455728792040853e-01,3.016263222316081793e-01,3.867130460074316156e-01,3.629187578140279369e-01,6.069969002441653050e-01,8.549812010270705365e-01,9.901727965774766993e-01,7.610322482466548299e-01,6.179740765770204147e-01
