0.000000000000000000e+00,6.842427652136119365e-01,6.535625547206895813e-01,9.663950059230121958e-01,6.902177864807870211e-01,8.243504806659599504e-01,7.544801678803145784e-01,8.787683683570020055e-01,8.362773955830744566e-01,6.744175721417841052e-01,8.530489723243728228e-01,9.155446538554030678e-01,8.854748219668862053e-01,4.542427361187111323e-01,9.352010072103891236e-01,8.525670673149049472e-01,9.063175176454899562e-01,9.604344319152482434e-01,5.485019841054679102e-01,9.256275348116405066e-01,4.984530393209453680e-01,8.545143856882200240e-01,7.581188569119750031e-01,7.044552028275183897e-01,7.311179774360697659e-01,6.473524571276267903e-01,2.457204015493167915e-01,6.393834088676035865e-01,7.430491315953258180e-01,7.513975809348123480e-01,6.149742351916522853e-01,9.025812607538067356e-01,5.879652755701361144e-01,8.981745899633897245e-01,2.751484573434531122e-01,4.191009716212020231e-01,7.645296943316182148e-01,7.110270673501465355e-01,8.599116130798272195e-01,9.060530966028288447e-01,6.529415512777059227e-01,6.392543311006989581e-01,4.463013527405507164e-01,8.182512116093865195e-01,8.520185818334097272e-01,6.813145200809194169e-01,9.352694158892923548e-01,4.997139722015032648e-01,9.893025389353613530e-01,4.692448196441382224e-01,7.668076631295659418e-01,6.591715819454579961e-01,6.185591395726853792e-01,8.705370578373903268e-01,7.553011244204814734e-01,8.546960274661327128e-01,9.877671913382515267e-01,6.839240704267427473e-01,6.871596969313218395e-01,6.139343197309743427e-01,4.246313390998889270e-01,3.034930211621974516e-01,4.587849401530597615e-01,5.743734585063001719e-01,6.157900934775626389e-01,6.475074566864965631e-01,7.420344152674220872e-01,7.908518935190007593e-01,9.460268410438467113e-01,8.387191619778511242e-01,6.260306807801809814e-01,8.227847843958892016e-01,2.871349502654152452e-01,5.821167805161431286e-01,8.743376507389247765e-01,4.269781866148230076e-01,5.141984070516745220e-01,9.631482446207476622e-01,4.126034464221481901e-01,6.812619684346705728e-01,7.549372222610152283e-01,9.390448442384294880e-01,7.850558847297058884e-01,7.579108341764980716e-01,6.887731940649497453e-01
6.842427652136119365e-01,0.000000000000000000e+00,8.034383787356429441e-01,8.408668044746699932e-01,2.379117446064950292e-01,9.120791612893822675e-01,6.675461661609807251e-01,8.125714769356250367e-01,9.926357963902858739e-01,7.752011350174821125e-01,7.221122933150529999e-01,8.446020327851615495e-01,9.051665318808349570e-01,9.568166927525745269e-01,4.574555161949730997e-01,8.284971236736302647e-01,9.957104833650904929e-01,9.933371614962621665e-01,6.180337316308199824e-01,9.398836890574355785e-01,9.378455477477287694e-01,5.530002028147116278e-01,1.091364526694319076e-01,5.408283747933497754e-01,3.034727502022139811e-01,4.520671056658672193e-01,8.886506350412869404e-01,2.741718706194749000e-01,2.383544394048791593e-01,5.884190935918964804e-01,7.522245560154858790e-01,7.856155204269529291e-01,7.276699749142145901e-01,9.506111488667274845e-01,4.744803593994813551e-01,3.454974724378780948e-01,4.135614700922538717e-02,6.208675148063445004e-01,9.274735138015943736e-01,6.362866243417840684e-01,4.615054359707279064e-01,4.491811701219882158e-01,8.729504978016977557e-01,7.540859250969472738e-01,3.277716380426511922e-01,7.969414726353963863e-01,8.325965277313116530e-01,4.094295978845378658e-01,4.112156589826099218e-01,8.046903895850975319e-01,7.810550429418133822e-01,6.437135817115283709e-01,7.226277605790613068e-01,7.045377911092960410e-01,8.791238539087771198e-01,5.755322314604088829e-01,5.119851768019187954e-01,9.787347971831817928e-01,8.159065970789329825e-01,5.677655590669382635e-01,5.410497069597861586e-01,4.063075073690878836e-01,8.090537365971453010e-01,4.379392058572810775e-01,9.382664450098501252e-01,7.408676909222711160e-01,6.791201252969573110e-01,6.151262952680465190e-01,8.793699517319296666e-01,7.241306852841015163e-01,8.427249794649546155e-01,6.806361274926299165e-01,5.720999080536038894e-01,7.800207650256720804e-01,4.124547750777660116e-01,4.067317515046736109e-01,9.258387438823005855e-01,6.845624622924173855e-03,3.458497764754591142e-01,3.523603976729126064e-01,4.353827641977200957e-01,9.140712661497581992e-01,6.537494672555037578e-01,6.257214348544190008e-01,5.706043838032793802e-01
6.535625547206895813e-01,8.034383787356429441e-01,0.000000000000000000e+00,8.637949051868237804e-01,9.638469033334801095e-01,6.821014060744544638e-01,9.364601144786793840e-01,6.872799029267238069e-01,5.663008735978791730e-01,6.282270760899355544e-01,4.259897855823896462e-01,6.519643671900261506e-01,7.785614159364548925e-01,7.377027671885247884e-01,4.714313080871006534e-01,8.406727976048444795e-01,5.826078138861924272e-01,6.133901908689428639e-01,7.800835436645353616e-01,4.669322342722826980e-01,8.357328505233877491e-01,9.045760540530478622e-01,6.635401805167095990e-01,9.251090056204369638e-01,9.484764780322548772e-01,2.141892430659049218e-01,7.540614408558193871e-01,7.264072806337746879e-01,6.715131338129949334e-01,2.469134869907934349e-01,5.337345156224861942e-01,9.369516318493344986e-01,7.045557187940713062e-01,8.476147234511312023e-01,9.021935717662635801e-01,2.640913492603720325e-01,-7.236199776590837573e-02,9.145966000604863755e-01,9.803628121939822471e-01,7.135601133522728734e-01,-7.756073642670444079e-02,9.708422150465478850e-01,5.633936518452580255e-01,6.186087086753537800e-01,7.358684681808838057e-01,6.549276128693417576e-01,7.744876416080298531e-01,9.629702805869195803e-01,1.655753605750361623e-01,8.009713619452077937e-01,4.406995569923099487e-01,6.184994408892695583e-01,9.769002196090832424e-01,6.547619436838496565e-01,6.345863069745116825e-01,4.235398132378014324e-01,6.855537952192036766e-01,8.269493453062920496e-01,7.810168492667693974e-01,1.288380896532621278e-01,5.555504628024262592e-01,4.639007603863629092e-01,9.416753007363648509e-01,6.721988692969808055e-01,6.898481662387795366e-01,9.401789305951738784e-01,9.702593895590643225e-01,8.751711512808699744e-01,9.831633963311414703e-01,7.378591484144472190e-01,9.676039773876854433e-01,8.513305525906655902e-01,2.818404823697184258e-01,9.787341864049591000e-02,6.231297493987234537e-01,8.746833873385286839e-01,9.296964087071258875e-01,9.113632269497653482e-01,3.510035025767814232e-01,2.884913020818562490e-01,9.805571209793358944e-01,9.136758482771604184e-01,6.506723147759183590e-01,7.055237447854083577e-01,9.306372758150964764e-01
9.663950059230121958e-01,8.408668044746699932e-01,8.637949051868237804e-01,0.000000000000000000e+00,6.915346233602722714e-01,6.974290122316647578e-01,4.617611483791426719e-01,7.469139287601532784e-01,7.305731059546738404e-01,8.060836495954463166e-01,8.466181935921074375e-01,7.859134559717240176e-01,4.678728155281116630e-01,4.774707341805413119e-01,1.925795428831201250e-01,7.400558034831995480e-01,8.219056020340307356e-01,2.915503086700961255e-01,8.749480198679162601e-01,9.442382762419270215e-01,1.671897836223562583e-01,4.167649192875656494e-01,9.994577916471959478e-01,8.378173525170161673e-01,6.869977323118571233e-01,5.470951226543586676e-01,8.405830122068542742e-01,6.603316844230102678e-01,6.826348303936591311e-01,3.185293631805054537e-01,4.672377762185672134e-01,8.052265726956799874e-01,5.880142991768237959e-01,6.941591114106605565e-01,9.870202907840719408e-01,2.328893534328855819e-01,2.988302410086726146e-01,9.022126738882735308e-02,8.537937876023239392e-01,9.722812772382747326e-01,4.306834739699398895e-01,7.799922201812867772e-01,9.035280468063185966e-01,8.402628559192283353e-01,7.810899115676317450e-01,7.512122841339209378e-01,6.259973746574730713e-01,9.452117869328598987e-01,1.615464709715888070e-01,9.280609900829404069e-01,8.365497445228327056e-01,7.402559638391338348e-01,5.061917500338526388e-01,9.528529830381357035e-01,9.363379438980478087e-01,3.506276654605936516e-01,9.253072136553136540e-01,9.620208747387134496e-01,6.810813403462055993e-01,1.321923197850082277e-01,4.316719623678709761e-01,9.687645127343177398e-01,7.976881491024512272e-01,8.409219129550374872e-01,2.731794716093059461e-01,8.101246914989593817e-01,9.612645048864812969e-01,9.158167664282040876e-01,4.743328765473885378e-01,6.299323861654432255e-01,9.909903361994600868e-01,8.774735411248065775e-01,4.066690566386317318e-01,4.197683368026179362e-01,9.429474518681435491e-01,9.454701404018253097e-01,6.700777216980300377e-01,4.993100472262405609e-01,2.349956182988007236e-01,5.647204173136100014e-01,6.138578331859484427e-01,9.858664780292256680e-01,7.674641018110113233e-01,6.404400326787690334e-01,7.161716428127248291e-01
6.902177864807870211e-01,2.379117446064950292e-01,9.638469033334801095e-01,6.915346233602722714e-01,0.000000000000000000e+00,9.300539587756595505e-01,5.573271279545494172e-01,2.659709999143602954e-01,5.796062825716320477e-01,8.877502199596911669e-01,5.829906889661490288e-01,6.101143737865506456e-01,6.418869822235692135e-01,5.238026623932146020e-01,6.571836487981727037e-01,7.708789954825449042e-01,9.297544418501474395e-01,7.839809183794912428e-01,9.335143230449264307e-01,7.399701701251121255e-01,9.748389904260923444e-01,6.325330250428446988e-01,6.004922440867203060e-01,8.800197153903731584e-01,4.465761289556857139e-01,4.313316356787975092e-01,7.322817222938725612e-01,7.082943750498899016e-01,5.659767284930778963e-01,8.096575233205958178e-01,3.510738127852263135e-01,2.311608769837820987e-01,8.347509999738184083e-01,7.662303837062494072e-01,4.430257728273542805e-01,3.907049653891464525e-01,1.409771530393051919e-01,8.822266740873077051e-01,6.593472455705478019e-01,7.120200361151972634e-01,4.526022000119123700e-01,6.783345135661087433e-01,4.577317054717295886e-01,5.960703644259401912e-01,2.014749558588606673e-02,7.672262455478081611e-01,7.616299325225650563e-01,9.356131866489652005e-01,5.647895732275413083e-01,6.456970118409391945e-01,8.169288398024687758e-01,7.754907397144443770e-01,6.528244725792357039e-01,3.168143821034901664e-01,8.478096274034410129e-01,5.513821226091250027e-01,9.669001186637440348e-01,3.370825444129044168e-01,3.076523948144309628e-01,6.233531274334015437e-01,5.803226330719333248e-01,6.611275099975743030e-01,6.566273305231660196e-01,9.240484614836841359e-01,9.606446408404918369e-01,9.135572708415063969e-01,9.138657633939677449e-01,8.246988415329578048e-01,2.115500075787271339e-01,9.700987671573431115e-01,8.181751866966041620e-01,9.289859873445939220e-01,4.731130569522285501e-01,2.804889668490156973e-01,7.946482341905071189e-01,4.026976426818571486e-01,6.488664992972591472e-01,3.693861705508524329e-01,2.945681159387474324e-01,2.620121263560044600e-01,7.732152153965232699e-01,8.536073511210695575e-01,9.906115185860897565e-01,5.373137940814366464e-01,6.783610182724872928e-01
8.243504806659599504e-01,9.120791612893822675e-01,6.821014060744544638e-01,6.974290122316647578e-01,9.300539587756595505e-01,0.000000000000000000e+00,7.505447930856621319e-01,4.442060926210707472e-01,8.321996440292819264e-01,7.904902742504200663e-01,5.530617213630023565e-01,4.641487983832435216e-01,9.003403742449845870e-01,6.925222358020138858e-01,7.565294940628983777e-01,7.080099458936295331e-01,8.539020197455775563e-01,7.532388167467494178e-01,2.959772764829324831e-01,6.833576117986542853e-01,8.671886846550200811e-01,5.978040925094674218e-01,2.519599831940596002e-01,5.965957923896385573e-01,7.555742538628946736e-01,6.485730513395498997e-01,9.498217572719773738e-01,6.194404283310516179e-01,2.484661060429154966e-01,4.858302402055293956e-01,4.595194226697172923e-01,4.751150908916022542e-01,7.641310810519129637e-01,6.133807965849955579e-01,6.320424760968518241e-01,4.675538110747464726e-01,1.489260609623669629e-01,6.285829198239238913e-01,6.862916856711460678e-01,7.451018034805857448e-01,2.021959693599008068e-01,7.500456147199314749e-01,6.211905025642346923e-01,8.733881617078457227e-01,9.081130099953482748e-01,8.883597666147113880e-01,8.539105598668446095e-01,6.617304782530150087e-01,5.115425883968001131e-01,6.806752341553772290e-01,7.419367574915877173e-01,5.967390131824988897e-01,7.235072928226445876e-01,5.883582579206552143e-01,4.849667078980004487e-01,8.269113788576243351e-01,6.180875252953852428e-01,6.192820044708730043e-01,5.608364585905063482e-01,5.397232304591150776e-01,4.605471734601489509e-01,7.587663832761440963e-01,9.932088797157219151e-01,6.987840995862497628e-01,7.908146556057717991e-01,6.704690364922529788e-01,7.600110880641668398e-01,6.749547825870254592e-01,4.121533973501564918e-01,1.523428333817926708e-02,5.383259129447568458e-01,9.004039468860028927e-01,6.217042577373793621e-01,7.272849719079813591e-01,7.247386566924625129e-01,6.071063715192960286e-01,4.393637712918050386e-01,4.382729905328943687e-01,4.637255810076088003e-01,2.027451803055243529e-01,6.901033759984106508e-01,7.346987708573325948e-01,8.092263949987160698e-01,2.981432276125974834e-01,8.505191856649430004e-01
7.544801678803145784e-01,6.675461661609807251e-01,9.364601144786793840e-01,4.617611483791426719e-01,5.573271279545494172e-01,7.505447930856621319e-01,0.000000000000000000e+00,7.940365297667825173e-01,4.173422770747970967e-01,8.157348764830003596e-01,2.736418408080441567e-01,2.868131021597049024e-01,7.038819662527687759e-01,6.301999849395522046e-01,7.089010565075896109e-01,5.745586678020362381e-01,3.007828389428441884e-01,6.053905403281993891e-01,7.731384845722126808e-01,8.018236517501736715e-01,8.220299443501181136e-01,5.095914525273017581e-01,3.698465964680091034e-01,7.069891946123785242e-01,6.512792010478321014e-01,6.567509472374911672e-01,5.407171425222163652e-01,4.050209589736868399e-01,4.370690567755142197e-01,7.647030270230021909e-01,1.533765372385844650e-01,6.320475801324727527e-01,3.329431639873680626e-01,5.378581074421426855e-01,7.200775211732035608e-01,3.590618924050742455e-01,2.126227633562671193e-01,2.964854652466091256e-01,6.982191914457946957e-01,3.814141056959620135e-01,2.098144256185408008e-02,1.651056770724085299e-01,9.562586665658781016e-01,4.960847405877682470e-01,9.168221639053724115e-01,4.032739245341622203e-01,3.554559458858179699e-01,4.169321144367388321e-01,2.028976433159086212e-01,1.349300806985923029e-01,7.798602785926709302e-01,8.800614613288466892e-02,5.536861371282802979e-01,5.333446349860646724e-02,2.278889584878019126e-01,7.873152444942159711e-01,7.741884763674543590e-01,7.538419842970789375e-01,7.208541018058299832e-01,4.793738452595456834e-01,6.615876568376762856e-01,3.353071401319508427e-01,5.473195210100085806e-01,6.891200898438998301e-01,8.883426168972359260e-01,6.534520973848113590e-01,5.640623623733672654e-01,8.826670855630660562e-01,9.786862011235675229e-01,7.198221941294584703e-01,7.508269299207199765e-01,6.463070039785231424e-01,3.057760200568495068e-01,2.829329570782498915e-01,5.763882954684409476e-01,2.149373391653803256e-01,6.711886822541520692e-01,2.227708169327281273e-01,3.330420811082519528e-01,7.791891679422768835e-01,5.493143001900306910e-01,5.027661443013798914e-01,7.890332649063092063e-01,7.914025758362928098e-01,7.916615101042906444e-01
8.787683683570020055e-01,8.125714769356250367e-01,6.872799029267238069e-01,7.469139287601532784e-01,2.659709999143602954e-01,4.442060926210707472e-01,7.940365297667825173e-01,0.000000000000000000e+00,7.564347405662537049e-01,7.967362048371976480e-01,7.674413806295055096e-01,1.447885875004389089e-01,7.939262011716536893e-01,9.883987626122378023e-01,2.079781183627569530e-01,4.448716466767653754e-01,7.650958828745736406e-01,6.421938185206241823e-01,3.018411559100540598e-01,6.052489252239069417e-01,8.843755183357183691e-01,7.561868361921764148e-01,4.199973095521798983e-01,9.512535483414229498e-01,7.517279406161674338e-01,9.357218486968856830e-01,5.251952089356605180e-01,7.345484232945028724e-01,7.329887975684097334e-01,6.302616797299839257e-01,2.593251076622921092e-01,5.521284187984095704e-01,5.980254078465976342e-01,5.106914846859677004e-01,-8.757739448531121074e-02,1.096356486125341645e-01,9.498429038546801761e-02,6.933995773109686844e-01,9.656340727075238828e-01,5.414434179315914530e-01,1.154410567254748332e-01,8.259911951731319091e-01,4.456603228981864118e-01,4.761115307791980444e-01,9.684335750813312105e-01,7.538231473229577428e-01,4.493640084801515666e-01,6.906992355063296118e-01,4.185660928433266315e-01,7.569282478029637495e-01,6.147087456596519450e-01,3.108145468917715704e-01,2.710356018686749247e-01,8.925091309248581739e-01,4.188500327888604602e-01,5.804033696876863546e-01,7.052879689633081428e-01,6.885295614354073335e-01,6.975896414447412264e-01,9.055605626896903182e-01,-3.026813548544371457e-02,6.097882831811843873e-01,9.769717865655885847e-01,9.009375737819161900e-01,9.214054710373931201e-01,7.119916441588288736e-01,6.231000610821062491e-01,9.646360274823942982e-01,7.789334983659171874e-01,7.566243280629079138e-01,6.582242050969819847e-01,1.291696312090082760e-02,5.617398512478284367e-01,6.869954004465085307e-01,5.182178776744487125e-01,7.475083808338647273e-01,7.594262998787234542e-01,7.642478372628577210e-01,6.762950638994316699e-02,-1.636005070346868151e-01,6.101496916532457293e-01,6.365603629114590101e-01,9.669962386689924250e-01,5.724803371143925013e-01,7.539103454141784511e-01
8.362773955830744566e-01,9.926357963902858739e-01,5.663008735978791730e-01,7.305731059546738404e-01,5.796062825716320477e-01,8.321996440292819264e-01,4.173422770747970967e-01,7.564347405662537049e-01,0.000000000000000000e+00,6.916348540971745118e-01,4.524845323174236378e-01,7.541365649015621120e-01,8.244026967924378280e-01,7.987786754589706328e-01,3.741265435918230686e-01,6.123300503891903057e-01,8.677234305862180364e-01,7.439343925944432723e-01,4.420021899484177230e-01,9.455025843208770819e-01,6.873656711772498928e-01,9.783794304285851062e-01,6.632959917386203053e-01,6.877509060357256399e-01,6.296396029342440359e-01,3.389645710860502703e-01,6.999521853637453717e-01,6.580939343080579595e-01,4.045150765084122857e-01,4.724539210121647681e-01,3.139590212920992385e-01,7.268394111576745864e-01,6.187750213310450054e-01,2.580234579318190294e-02,7.866151781927201991e-01,5.643663017019183714e-01,3.063599580852295889e-01,4.216046833361635215e-01,7.806382412867401976e-01,7.868526056895300824e-01,7.153030633916916958e-01,7.975380329518100275e-01,6.689953121243843448e-01,7.471979527330918636e-01,6.524188664702841312e-01,9.861396216284945559e-01,4.412379187074612630e-01,3.873264130038378550e-01,9.056417805386393072e-01,7.574525658653259441e-01,5.343536688029417725e-01,7.383960202810607720e-01,6.372972793802657021e-01,9.866279325304910808e-01,7.179511926973559666e-01,9.477521777704540629e-01,5.593767313909021599e-01,8.033693139954298790e-01,9.691683105090742600e-01,3.027006052068417219e-01,5.972287898201211753e-01,6.560719689748064631e-01,6.503531676183468280e-01,6.137156960118065330e-01,4.647115292623218985e-01,7.533452002068274922e-01,2.956573973467464533e-01,7.995619155531960009e-01,7.485601983655820746e-01,4.212035132028102979e-01,7.464122607288730116e-01,5.218967787037246397e-01,9.853014910246687963e-01,3.356630498228653225e-01,3.533706590402723169e-01,9.020624542399990897e-01,7.451612898621891024e-01,7.832113105322071611e-01,5.019435994287846370e-01,5.387103049062811344e-01,6.414530067099850630e-01,6.794403572220488741e-01,9.239009670277920083e-01,9.714412878003022556e-01,4.323333871345491630e-01
6.744175721417841052e-01,7.752011350174821125e-01,6.282270760899355544e-01,8.060836495954463166e-01,8.877502199596911669e-01,7.904902742504200663e-01,8.157348764830003596e-01,7.967362048371976480e-01,6.916348540971745118e-01,0.000000000000000000e+00,5.925438141579734141e-01,4.323164706527011791e-01,7.084172051791487457e-01,7.093418642670626939e-01,8.155503180620669035e-01,7.939566715432428978e-01,8.605293610598525600e-01,7.806416791615946593e-01,6.155356445308666213e-01,8.728927878594258116e-01,8.209327881014507611e-01,6.610026561643922438e-01,8.879432450869204629e-01,9.519189729311106074e-01,2.729037505001604691e-01,7.140690832014959799e-01,8.041325148791090838e-01,3.242296398256641621e-01,2.412515199028068824e-01,1.974355742532851454e-01,4.375638989595571626e-01,7.003352788903935977e-01,9.435198197022838240e-01,6.609854432529903567e-01,5.294673569293992799e-01,4.293129725747372727e-01,3.406760238602541957e-01,4.742252724981313450e-01,8.916656770890039052e-01,2.989997264810054789e-01,5.349667078066320247e-01,9.222793886316927869e-01,9.939735551926996981e-01,7.257841841108917391e-01,6.110010321975984926e-01,7.059074355121207622e-01,6.457889154609166571e-01,4.695798256776188562e-01,7.115608884236700460e-01,4.365913105188367060e-01,3.742290967367492005e-01,6.351972407372343810e-01,7.156867938104072291e-01,7.304562692890350650e-01,9.126887211172284298e-01,4.977472859701360663e-01,6.100962984833709912e-01,7.919580942618423824e-01,7.285868101424837207e-01,2.620535902123488636e-01,7.568302946259675146e-01,4.759339328614729525e-01,8.233859575950130960e-01,8.108927553601616989e-01,6.283203841798666867e-01,5.495875751253178620e-01,6.711309185241712827e-01,3.790280615952517085e-01,4.517833781864609155e-01,7.618323064044320025e-01,6.412444155678485025e-01,2.420242228622006553e-01,-6.885486991349848429e-02,4.302088483974242372e-01,5.437521699490242000e-01,6.213819939597169384e-01,8.107090168371973160e-01,4.786083911088328535e-01,4.753759230985576401e-01,1.421109126859197991e-01,9.579943248937781153e-01,9.123444891779043386e-01,8.433761462279101284e-01,6.269091306367716721e-01,9.446374616092261256e-01
8.530489723243728228e-01,7.221122933150529999e-01,4.259897855823896462e-01,8.466181935921074375e-01,5.829906889661490288e-01,5.530617213630023565e-01,2.736418408080441567e-01,7.674413806295055096e-01,4.524845323174236378e-01,5.925438141579734141e-01,0.000000000000000000e+00,4.521461090367176472e-01,9.815096796055051698e-01,9.491026934993217479e-01,9.881754784759371191e-01,7.085601247236572586e-01,5.537092322041238246e-01,6.551678876329973811e-01,2.072637797028267226e-01,7.914207793630519960e-01,9.038887544777191030e-01,6.199584395119825952e-01,7.091059071326264451e-01,6.027599246027492974e-01,6.958652347934618509e-01,8.051806367115372787e-01,2.055738331563537746e-01,8.438184063739844198e-01,5.280126720370270643e-01,5.778685315049799653e-01,7.739697999740767775e-01,9.331679694252845714e-01,7.185424869032418504e-01,4.284915841436588435e-01,9.934860119901753883e-01,1.440596309453201496e-01,4.666085378475913759e-01,4.983626694791888911e-01,8.807151651906521828e-01,8.819023353159913814e-01,2.272535378312334486e-01,6.049982525488927232e-01,7.941833227223493719e-01,9.725986734695462044e-01,7.651948717291147117e-01,9.576216201026068742e-01,9.043018039899429761e-01,6.531822206240258666e-01,6.060229929355491763e-01,4.039131544206130409e-01,6.222126929817454188e-01,5.864488528294413694e-01,7.959960555773599733e-01,7.089372534823721317e-01,6.973995738932611266e-01,6.050436288459651868e-01,6.473838128539238790e-01,6.738395024508638809e-01,9.670934710137519819e-01,3.809164178280426832e-02,5.257365320293967415e-01,9.090228373038802268e-01,7.422249084050472900e-01,7.809646403290781969e-01,7.706910537582687404e-01,7.380859284181776614e-01,5.926702757353574658e-01,4.851523768908023171e-01,3.117830036135442739e-01,1.903298579440722837e-01,2.754602602742001749e-01,3.326204967698231929e-01,6.223970365202894373e-01,5.318959275202415071e-01,8.414302660437520398e-01,-3.694880725884359118e-01,5.642689871345496488e-01,7.243885821077867826e-01,4.723159943143760975e-01,7.266712422742673816e-01,7.117331571178737715e-01,6.101851467820569308e-01,7.814857197068425521e-01,2.664623372735597795e-01,7.110015173071418948e-01
9.155446538554030678e-01,8.446020327851615495e-01,6.519643671900261506e-01,7.859134559717240176e-01,6.101143737865506456e-01,4.641487983832435216e-01,2.868131021597049024e-01,1.447885875004389089e-01,7.541365649015621120e-01,4.323164706527011791e-01,4.521461090367176472e-01,0.000000000000000000e+00,6.862014970836608496e-01,6.837990306523976658e-01,6.416923326871915023e-01,9.097471319203495055e-01,7.223408500237703533e-01,9.821808804544650551e-01,9.057511844139328749e-01,9.230482812564126949e-01,5.377381547400590378e-01,6.654096001660265713e-01,4.183075039649623572e-01,9.842219487104569842e-01,2.276519640349266016e-01,5.636578036417490001e-01,9.030025263511466393e-01,7.272521382837686676e-01,2.327217063369737826e-01,7.947034918464931375e-01,5.721456665734758751e-01,2.235426391925132983e-01,2.135522688512433154e-01,6.179220466648920329e-01,5.787620479557504805e-01,5.236314778348886145e-01,5.578198921192304427e-01,5.638178272109185540e-01,6.333275546510079845e-01,6.026365526826633623e-01,7.910456985879756875e-01,7.442201656245603925e-01,7.826919920773703909e-01,4.710502621999248518e-01,7.685147387931721141e-01,6.047444009571070200e-01,9.960095925592158395e-01,5.111029664575920117e-01,4.741810287698549065e-01,3.299738174221955589e-01,7.700670364810416890e-01,7.625649681707610261e-01,8.837526985890846731e-01,9.983477438706203078e-01,4.237607610426902816e-01,9.335967630453441135e-01,9.476079234686235475e-01,6.160354427837756441e-01,9.091821553716675774e-01,3.331775895333822790e-01,3.829774433117673071e-01,6.767857851056540142e-01,8.580510588920112758e-01,4.152401731426679232e-01,8.544525059307319648e-01,5.876563506901508749e-01,5.410742465035234261e-01,9.652287717603974526e-01,-1.935273941782629792e-01,4.266281359341431711e-01,4.535123472994765370e-01,7.922579264232216811e-01,6.978098862858548301e-01,5.749596397941981740e-01,5.693861452610042839e-01,9.659698055991706722e-01,3.664872560061759321e-01,5.568755450937532547e-01,2.680317889727257818e-01,5.562870758383551273e-01,4.854058503987300766e-01,7.010826875736717589e-01,9.417323382123301556e-01,7.571724818911291788e-01,6.870487727860817850e-01
8.854748219668862053e-01,9.051665318808349570e-01,7.785614159364548925e-01,4.678728155281116630e-01,6.418869822235692135e-01,9.003403742449845870e-01,7.038819662527687759e-01,7.939262011716536893e-01,8.244026967924378280e-01,7.084172051791487457e-01,9.815096796055051698e-01,6.862014970836608496e-01,0.000000000000000000e+00,9.079839398166571485e-01,8.089066897623390373e-01,8.073421768304841484e-01,6.048396772619644285e-02,8.778212882767459924e-01,8.423074561284763506e-01,8.416511974638732907e-01,9.924522293898598857e-01,6.033010098998972115e-01,8.186656225412877186e-01,6.503569800021521408e-01,4.398821543757981956e-01,6.924281776170984060e-01,9.881993038791996309e-01,9.860930816162167822e-01,5.072658667335943061e-01,6.069635435398363921e-01,-1.277242266136635607e-01,5.665581244007233952e-01,4.106628466638393982e-01,8.710783049216167528e-01,2.369711435542005418e-01,5.079620654196188578e-01,5.358125084100529012e-01,9.066634087910752093e-01,6.160771291774882474e-01,6.223064505338481434e-01,3.888573760482479935e-01,6.192392244261755163e-01,9.979065547147625281e-01,9.528826231238921585e-01,2.151983012455996325e-01,8.190929375261127854e-01,9.201981501316656153e-01,7.040443763622464823e-01,9.423951331056057423e-01,9.315121704139778247e-01,9.345009160693318329e-01,6.004545205922372508e-01,9.582036110352448732e-01,4.306261486805075256e-01,6.373335333379082090e-01,7.988122099608289117e-01,8.823631784383906274e-01,4.419511592879896700e-01,8.992639980942822575e-01,7.730691986704193441e-01,5.325107885486074499e-01,7.105584512456905033e-01,7.710449835502618532e-01,8.891667429334161321e-01,9.627243632064720336e-01,7.443322737262914046e-01,7.551388820184197215e-01,8.099200065060205844e-01,8.819158253542641601e-01,4.119774236362332420e-01,7.511204073260313585e-01,4.560858860327961506e-01,4.001363820331505505e-01,4.885121540310635169e-01,7.337379526926008921e-01,8.533100162683111556e-01,6.666094100636431596e-01,6.921910932284408569e-01,4.137043178502244345e-01,1.641308485951926133e-01,6.875060536423495128e-01,9.055531144311749214e-01,8.986746515801069535e-01,4.396270582278183348e-01,8.220200604568723701e-01
4.542427361187111323e-01,9.568166927525745269e-01,7.377027671885247884e-01,4.774707341805413119e-01,5.238026623932146020e-01,6.925222358020138858e-01,6.301999849395522046e-01,9.883987626122378023e-01,7.987786754589706328e-01,7.093418642670626939e-01,9.491026934993217479e-01,6.837990306523976658e-01,9.079839398166571485e-01,0.000000000000000000e+00,7.742152091054090857e-01,4.716720936019821453e-01,8.906354321876958080e-01,5.187320813107415551e-01,8.924308967565806050e-01,4.654027493619404265e-01,2.386579693559668924e-01,4.412820189905586332e-01,8.759586433310561082e-01,9.512633977845792455e-01,8.759863262871277201e-02,8.399378652637836673e-01,9.494803125733654037e-01,6.714963225258370194e-01,3.406625958527428888e-01,4.985138531399616602e-01,2.826944333165467005e-01,3.452692690148334576e-01,8.636974455660176853e-01,9.486947204715086013e-01,9.416541608452809742e-01,7.942724573276250810e-01,4.010042785105276675e-01,7.734842150838423525e-01,6.634212995164499027e-01,6.589156887917604344e-01,5.164149443214207658e-01,7.665144160865505762e-01,8.488593039295364573e-01,4.087564662185173558e-01,8.662057519282897466e-01,5.211971479052519562e-01,6.645469531309524669e-01,1.159740855854891894e-01,8.174300599277328772e-01,5.820829308945159042e-01,6.433526418408461733e-01,8.380428424720071101e-01,8.235454320348303270e-01,4.951101646856146954e-01,6.914163079560068370e-01,9.392109865695980053e-01,6.559989223163960326e-02,5.335084567791693599e-01,9.580824874129723057e-01,3.073609058770553348e-01,4.495084869141279804e-01,7.121330590421622864e-01,5.219001406094322393e-01,6.148974430610247843e-01,3.265176461640947880e-01,6.713908835780874051e-01,7.986253003810172002e-01,8.065399056772203368e-01,7.420878915048877145e-02,8.169781268926332718e-01,6.720122788725648721e-01,8.916771240741556692e-01,4.671268160117574286e-01,4.705502363182553216e-01,6.251215966835244053e-01,5.745759870576571116e-01,8.291143974772071656e-01,6.577624128876775611e-01,6.805850029935878176e-01,7.332251824277621344e-01,2.093643625238207628e-01,9.358766624354168950e-01,4.995171167186638894e-01,4.495650377906029727e-01,1.186467141965922151e-01
9.352010072103891236e-01,4.574555161949730997e-01,4.714313080871006534e-01,1.925795428831201250e-01,6.571836487981727037e-01,7.565294940628983777e-01,7.089010565075896109e-01,2.079781183627569530e-01,3.741265435918230686e-01,8.155503180620669035e-01,9.881754784759371191e-01,6.416923326871915023e-01,8.089066897623390373e-01,7.742152091054090857e-01,0.000000000000000000e+00,6.360071891891755369e-01,8.018250474215287138e-01,4.410266585851818077e-01,8.358749116546614344e-01,5.239494209280012305e-01,8.854894084431053081e-01,9.842108115588731054e-02,6.140577286103838794e-01,7.550303492225743929e-01,4.866426299641353204e-01,2.945515601295880526e-01,4.368413110280942591e-01,6.476119714061716603e-01,6.816253558924907363e-01,7.616736708536888667e-01,7.970998264986538517e-01,7.184527395169967301e-01,8.206441891456728310e-01,4.493178949954815260e-01,8.276565759322316307e-01,3.245388532430874551e-01,4.252858782660779435e-01,9.547004334865167863e-01,6.558882682662637853e-01,9.992021209298151962e-01,5.063456562228145774e-01,6.969400216081947930e-01,9.546268577512125875e-01,7.716331072052560192e-01,7.890074460561782299e-01,5.214097186688437802e-01,7.375203905511663605e-01,6.981275818132881561e-01,1.322753440453236506e-01,8.718153622001928449e-01,4.500703314516109610e-01,7.053554035198880134e-01,3.426391768748033861e-01,7.915746118566416856e-01,4.068587069658617383e-01,6.164082889494392203e-01,5.011130850229914557e-01,7.755265163796380978e-01,7.706283239802593776e-01,6.288602283700561735e-01,9.062615590963798429e-01,4.975463625798251521e-01,6.226503811601393767e-01,6.706126116719902663e-01,6.026649902534241265e-01,1.748227811729237066e-02,6.252634948444695251e-01,7.529133264110894341e-01,6.384437566000428221e-01,7.759970949384531469e-01,9.869484881786203534e-01,9.888737475725942749e-01,6.404262211510854952e-01,2.150443733709399841e-01,6.416872677783238554e-01,5.321268322281347274e-01,8.175584806030973262e-01,4.781581137850849927e-01,6.473775374548703665e-01,1.432552167148268552e-01,4.342086907375669047e-01,8.224115873625346129e-01,5.868929465803014445e-01,4.575044494842810394e-01,2.836093685376135931e-01
8.525670673149049472e-01,8.284971236736302647e-01,8.406727976048444795e-01,7.400558034831995480e-01,7.708789954825449042e-01,7.080099458936295331e-01,5.745586678020362381e-01,4.448716466767653754e-01,6.123300503891903057e-01,7.939566715432428978e-01,7.085601247236572586e-01,9.097471319203495055e-01,8.073421768304841484e-01,4.716720936019821453e-01,6.360071891891755369e-01,0.000000000000000000e+00,9.934534048502043913e-01,9.364451709718218941e-01,5.101786954001770180e-01,9.917926429276880951e-01,7.337852631452412844e-01,4.839033170977136145e-01,7.893099335058950672e-01,7.207773261760979100e-01,8.282540478762555614e-01,9.997125625494849288e-01,9.485841973959360240e-01,5.645887342218780525e-01,7.628276682975450029e-01,6.682394889758164203e-01,7.274316686454316283e-01,7.695217819069433141e-01,7.772290330007083359e-01,7.704226146681107945e-01,8.431024855939673879e-01,3.310818614063734122e-01,3.965445876820384852e-01,3.454765220889727262e-01,6.210485244825532103e-01,9.251615218979849509e-01,4.106925566210928857e-01,7.555873820031221433e-01,9.288842079704101584e-01,8.247567370743715820e-01,9.949759888755798087e-01,7.578583267234961784e-01,6.925719569175744494e-01,8.979513207971582256e-01,2.514184196403650429e-01,4.350659729387981733e-01,6.097193123349997634e-01,8.504824148029245245e-01,8.474187463916309504e-01,5.581507833918673001e-01,9.510329864207467399e-01,6.146841961908108276e-01,6.366407207451704187e-01,6.268037520616559499e-01,2.920240693091481488e-01,3.602466970503259702e-03,2.597182690984354281e-01,6.800319113493281664e-01,7.379335239517321732e-01,9.607381874724103543e-01,5.112467552891383216e-01,5.928594686298616079e-01,4.100380313443404701e-01,8.962421796851786082e-01,9.651545427491610152e-01,7.057085678444936505e-01,6.266834327519558157e-01,8.997820930487908375e-02,4.521742412563079516e-01,2.632386931260207175e-01,7.025685307805477064e-01,8.925188741696299388e-01,4.461920467703343052e-01,6.381071125825107382e-01,2.594109332357270592e-01,3.598067430164595959e-01,4.476619570136901038e-01,8.796587285710395498e-01,7.686327075937260389e-01,6.811065693250175634e-01,8.834197640653904671e-01
9.063175176454899562e-01,9.957104833650904929e-01,5.826078138861924272e-01,8.219056020340307356e-01,9.297544418501474395e-01,8.539020197455775563e-01,3.007828389428441884e-01,7.650958828745736406e-01,8.677234305862180364e-01,8.605293610598525600e-01,5.537092322041238246e-01,7.223408500237703533e-01,6.048396772619644285e-02,8.906354321876958080e-01,8.018250474215287138e-01,9.934534048502043913e-01,0.000000000000000000e+00,3.905254909460056378e-01,6.478578875226424783e-02,6.237674347920139084e-01,7.737964839255064842e-01,8.663825732619515607e-01,2.719409900276225089e-01,9.426521343676056430e-01,7.229305199932399839e-01,9.512729941109215881e-01,8.858544375508231594e-01,3.916040964346678699e-01,4.883181887699033497e-01,4.062440434879882600e-01,1.870920990802160400e-01,3.493445882704907524e-01,6.138497249128559430e-01,9.269603395591751172e-01,9.791592432228259923e-01,-8.471210659802687337e-02,4.866023397006560836e-01,8.456549563069202247e-01,6.222796527258640520e-01,-2.026807993015450615e-01,6.212491301716205339e-01,7.676934635244847538e-01,7.834191005972259703e-01,9.937192091101737512e-01,8.810641832713373978e-01,9.359933321669160478e-01,8.192936629377510771e-01,8.347212270434698489e-01,2.372882341526373340e-01,7.077620503477565217e-01,7.797467954593494399e-01,9.309754623660919659e-01,8.403853743822785605e-01,9.167749481771251263e-01,4.653267282660707993e-01,9.526551759786863194e-01,3.706497068925492244e-01,9.184339946081335748e-01,9.001853510309006934e-01,6.338730401653465130e-01,6.433790354082039586e-01,8.639724653842384416e-01,8.209298065750630924e-01,6.733969179379150072e-01,8.102463573971665500e-01,9.160686623756253422e-01,4.619927299030565648e-01,9.341790895214978629e-01,9.924602869459263343e-02,5.011448353614127438e-01,4.871596109533387620e-01,7.085468313881243541e-01,4.100717555263941883e-01,7.299599702313129823e-01,5.899740565197320041e-01,4.215065874901308685e-01,-6.732921824670043409e-02,7.934568054836461659e-01,7.867630617564467244e-01,7.761678036796174629e-01,7.776868408797379395e-01,8.091657737852232524e-01,8.141981067615310375e-01,3.877866702216392625e-01,8.326311581160138475e-01
9.604344319152482434e-01,9.933371614962621665e-01,6.133901908689428639e-01,2.915503086700961255e-01,7.839809183794912428e-01,7.532388167467494178e-01,6.053905403281993891e-01,6.421938185206241823e-01,7.439343925944432723e-01,7.806416791615946593e-01,6.551678876329973811e-01,9.821808804544650551e-01,8.778212882767459924e-01,5.187320813107415551e-01,4.410266585851818077e-01,9.364451709718218941e-01,3.905254909460056378e-01,0.000000000000000000e+00,6.324831929611582915e-01,8.233116882796430724e-01,6.831836795527995720e-01,5.485738272377111979e-01,7.243259464400372272e-01,4.449467570074532863e-01,6.643364537594915742e-01,8.702013473326720705e-01,5.574417169450098797e-01,4.393481369118918956e-01,4.890412534111071574e-01,2.608918692279809659e-01,7.742409985325380273e-01,3.394234649315973629e-01,9.183116689606543037e-01,6.014385008346847528e-01,7.083659671230834176e-01,5.809842828557458816e-01,4.385051645709771018e-01,1.882533336745781938e-01,9.156290256872133826e-01,9.885451503133750872e-01,2.343623515491925213e-01,4.479886427892150191e-01,9.339602814520658880e-01,5.943765760275323551e-01,1.833446729966062283e-01,8.169389760117689026e-01,9.669042797416228519e-01,9.092096839737692227e-01,5.717289282349459212e-01,8.309624331565715893e-01,8.386931061755860117e-01,6.481748136307570185e-01,3.952830228565570314e-01,8.239579910360231851e-01,4.228971366558522682e-01,7.968112307600213606e-01,6.072541838975190620e-01,7.034666498625493647e-01,5.100739470706541212e-01,3.263869282499883839e-01,6.962873097695374547e-01,1.184146719841905365e-04,6.949000817955146569e-01,4.560216517928415425e-01,9.953101525153758011e-01,4.390894720577143695e-01,9.037449709957149357e-01,2.545439308054174843e-01,6.928645998986346921e-01,-1.137494285706868724e-01,8.028062265246883600e-01,6.884371628509150520e-01,5.270228019556830734e-01,3.134031214958088452e-01,6.922709155240549528e-01,7.913767721727653637e-01,9.440188293447298040e-01,9.972791506763538649e-01,4.199134278820542132e-01,3.464883583033462333e-01,8.687887215926497486e-01,5.564216627734467346e-01,6.072456708588611640e-01,1.518580623355227088e-01,6.051396152249806093e-01
