0.000000000000000000e+00,6.182667564894485102e-01,8.596504293767371907e-01,9.069994461562786991e-01,7.449064164134152621e-01,6.268793773808448710e-01,5.565769668373857781e-01,4.685136059042571688e-01,4.161136605043512238e-01,7.934999685355952348e-01,7.742377714451826876e-01,9.747791802514836901e-01,7.590846841308378501e-01,9.161435217314005675e-01,7.314715373356422967e-01,6.764232129650344927e-01,5.229644225309937333e-01,8.178734263554826578e-01,5.808766871402291088e-01,9.122959059839204077e-01,9.294468287262153128e-01,3.352981545166007216e-01,9.369113944735222299e-01,2.733685498696705740e-01,8.201201228300186719e-01,9.449996396107924745e-01,4.897650101806566014e-01,1.271910104722775436e-01,4.535029321606633967e-01,2.628100462833755646e-01,2.445319657834566784e-01,6.154292329629962310e-01,9.627366852589549495e-01,9.270447880643158944e-01,7.840226464264814510e-01,3.660451512089157866e-02,1.441438954853475722e-02,7.654599018390096932e-01,5.102097069954562025e-01,9.682426564473671782e-01,2.488743689621923660e-01,9.443826600457345677e-01,9.625307961095413978e-01,9.762062199980227062e-01,7.065055074933432877e-01,5.484992186531943981e-01,8.412175625774609422e-01,9.321659126923154126e-01,9.709787618708970447e-01,8.593437271690713697e-01,7.944743851869588980e-01,9.667899730354542198e-01,8.484802139226628181e-01,2.480096667485128248e-01,4.294243658012185660e-01,5.413725080396397660e-01,9.361001403277188215e-01,9.436825821997141261e-01,8.946799527685165287e-01,3.091366007428241747e-01,3.510212660052187683e-01,7.225119373224366814e-01,6.187976558811496552e-01,7.025520955859173577e-01,9.695675070779163907e-01,9.082049841114739896e-01,9.150821142316433177e-01,8.061550905645975540e-01,7.449142026107405945e-01,6.265499267718765974e-01,4.210822116221485389e-01,7.471232933106943808e-01,7.411491646022854152e-01,1.818593524062996625e-01,8.933306355229786444e-01,8.773394780993883924e-01,6.406326268555306847e-01,8.977387087422450396e-01,7.874192741559947750e-01,4.400857384734124800e-01,5.034301593070940051e-01,7.420953544102654176e-01,7.642090978532589673e-01,6.921519142986756190e-01,6.323265547970489120e-01
6.182667564894485102e-01,0.000000000000000000e+00,9.317575948862758528e-01,9.297213782799236270e-01,7.623887389410791693e-01,8.110869277979176895e-01,7.966984449615488462e-01,5.929225268594942033e-01,3.554331208411335430e-01,1.285398958483031095e-01,9.140257444918717944e-01,7.565531221262554729e-01,6.289113447953587066e-01,9.848989300542909664e-01,7.446294218705524770e-01,5.236653994319206973e-01,8.200681676948061716e-01,4.606802448629375712e-01,5.383699712372199686e-01,9.730803535050848163e-01,7.447109258339235094e-01,4.384270099610613758e-01,9.396453642987719901e-01,6.328508141459412428e-01,9.470093770388675336e-02,4.896667013633723142e-01,7.733851099481254820e-01,7.107559820661061289e-01,4.878205729223582532e-01,2.449610362313719147e-01,5.089926315810952007e-01,7.466001198920626525e-01,9.734435616152684601e-01,6.145478147169789462e-01,6.384232624730770134e-01,6.211410167567681384e-01,5.662380502297720275e-01,3.494527454487293405e-01,7.000949786276559061e-01,6.784705249911068270e-01,3.365786822882954055e-01,2.388027530257069153e-01,8.032166208528130902e-01,6.087802926051351093e-01,9.783642681455336776e-01,6.785388620744968735e-01,9.821342864356323865e-01,9.269047901364618758e-01,4.537376813831918154e-01,7.045126644193153709e-01,8.723410880018912517e-01,2.581809204341952158e-01,8.970275490517923833e-01,5.830453987803757565e-01,8.432819447483012043e-01,9.465682898653550170e-01,7.333618490572604287e-01,9.896713334261360018e-01,8.084507526302460167e-01,4.344620976295161530e-01,2.692960469239054078e-01,8.318122160108895047e-01,4.320156979636072814e-01,9.617846106534231332e-01,4.784408277227794049e-01,8.178313893836466342e-01,7.166806158432962315e-01,6.333532095204013057e-01,7.236347534814220328e-01,9.879944974967787008e-01,7.621286562990970959e-01,6.247489681554572183e-01,9.828748155003302900e-01,3.897050412718900958e-01,9.632706561152000191e-01,9.903394939350187443e-01,-6.033689714432344253e-02,6.283660718686939761e-01,3.657256104360879778e-01,4.567533416487924436e-01,6.393169264258007356e-01,3.462044501904869565e-01,6.376987496036589098e-01,2.014399188070337132e-03,5.451578804271581813e-01
8.596504293767371907e-01,9.317575948862758528e-01,0.000000000000000000e+00,8.197698893420379829e-01,3.265831498304494485e-01,7.554092780192550594e-02,6.375171365848077976e-01,7.063348329549855587e-01,6.065846704061591543e-01,8.471940235522100737e-01,9.112383532386794105e-01,8.434066873864382030e-01,5.022913255041615566e-01,6.117350911521273193e-01,8.911483148219766504e-01,9.479670349322789624e-01,8.669473644879600593e-01,8.266444309132304769e-01,4.438080403330911250e-01,6.436106868842480511e-01,8.862964970797615472e-01,9.643292370208065289e-01,8.516241561303506957e-01,7.147236962383434200e-01,3.810757542872920678e-01,6.482745250626510414e-01,9.984213500157959054e-01,9.955976655158108590e-01,2.328702212428164775e-01,5.996115952829601525e-01,7.785394921206088004e-01,4.609073241788368969e-01,8.848753854665980523e-01,6.773903086229828840e-01,8.702496442935054866e-01,4.227831903939571756e-01,6.562305528626038997e-01,5.622220926115674144e-01,9.307162987688568645e-01,8.460095486956683564e-01,8.972237404412299888e-01,6.663057205341588185e-01,7.986504755395921196e-01,3.569261220642696575e-01,8.520468897251478602e-01,9.674195908186355997e-01,6.247871201202390701e-01,6.734813115921046700e-01,8.859075349170804081e-01,8.518768018557790755e-01,7.396018610370131974e-01,9.022285884035263770e-01,9.577734469073957424e-01,8.728518706194644539e-01,9.408786551850205626e-01,7.367573974701588924e-01,6.815154616318951364e-01,6.371506066970674675e-01,8.810025569819059932e-01,6.214088529262281613e-01,5.125336539538090097e-01,9.067665345435287350e-01,8.528630543299182687e-01,6.712060029675139816e-01,9.944101868510453190e-01,7.500455325818439212e-01,8.727725988405837798e-01,2.952250683166850465e-01,7.523870047991964016e-01,3.745027032032353098e-01,9.952196739262714198e-01,9.034917824398795982e-01,8.092804773587114475e-01,7.995988797371194057e-01,9.355592260143862360e-01,6.379693900520079231e-01,5.648972669493514953e-01,7.213814926671713312e-01,4.603405661372758084e-01,1.929430369949670376e-01,9.116763462494729131e-01,6.738669848387457417e-01,5.247332541992912880e-01,9.635387166639816092e-01,6.616535737027855468e-01
9.069994461562786991e-01,9.297213782799236270e-01,8.197698893420379829e-01,0.000000000000000000e+00,3.117313476404103278e-01,9.203156993651465667e-01,8.846329984211372122e-02,6.948930693419903548e-01,7.153342111486007404e-01,9.156269395577737447e-01,8.589657514604726041e-01,6.937902636136494827e-01,7.127056747720051932e-01,7.661628507418448697e-01,6.844764967165661851e-01,3.618586464417433146e-01,8.615074699982543383e-01,1.666890851691830711e-01,6.262715880246280120e-01,9.578853227613981502e-01,7.577248142281927112e-01,7.561912110250814667e-01,7.861652701122440190e-01,8.750820698766212935e-01,9.395300955452198233e-01,9.540407422635417412e-01,7.089159858747062781e-01,9.206552499284270663e-01,4.795333219528278290e-01,6.864747758191710458e-01,2.652745982742905073e-01,4.037059642235870105e-01,6.352614830118333833e-01,7.667578807672675856e-01,9.826147279962145209e-01,5.004411682097309466e-01,3.570030888212216702e-01,7.868960548880229444e-01,3.198265924496677126e-01,9.315031238194781960e-01,2.122301860943406893e-01,8.477779137005729826e-01,7.093220326853163504e-01,8.832080755391412685e-01,9.667385941007217154e-01,6.111944016677682834e-01,4.958821377533290109e-01,9.988047872023360085e-01,2.625290492375734752e-01,8.103073894390981913e-01,5.238624475893201016e-01,8.279534659671697883e-01,7.807470813238104324e-01,8.879523152414892095e-01,4.973650712623288728e-01,3.705370899179953881e-01,7.127189929247158551e-01,9.328209429404417108e-01,7.442848337764385036e-01,4.628989039928221305e-01,5.970570812649105275e-01,8.111402956124045271e-01,9.489536291633741127e-01,9.181966302628226106e-01,7.279246608842177002e-01,6.749937307774429573e-01,9.967168003681358135e-01,7.609580236009356735e-01,2.918288854434878399e-01,8.616486279772556101e-01,6.057041550417274767e-01,2.416969509166462249e-01,7.314371747691525982e-01,8.975582691065170371e-02,4.602912220178814184e-01,6.018825635962055109e-01,2.494510043222878115e-01,5.857300097051082455e-01,7.647744169475072518e-01,4.191001963545173958e-02,2.924711570149158835e-01,5.805204061340774047e-01,8.944360603969510048e-01,3.468913845985430733e-01,7.402370900339222404e-01
7.449064164134152621e-01,7.623887389410791693e-01,3.265831498304494485e-01,3.117313476404103278e-01,0.000000000000000000e+00,8.415905011623259213e-01,6.386808513225252781e-01,4.286716508106062640e-01,2.338782780733959510e-01,6.398355138690343669e-01,7.299367283478307433e-01,7.557213486802832891e-01,5.459771242228027566e-01,5.404698160167054066e-01,9.518979779464799007e-01,6.905959749116885593e-01,5.373623392135453702e-01,8.653567615350508113e-01,6.812773399678162534e-01,8.229345804557616217e-01,8.028855346300591833e-01,6.862735205109928849e-01,9.955074871714734153e-01,9.291939733272183144e-01,3.394715951861832504e-01,6.833162335762995587e-01,7.815379420782911923e-01,9.270976786631398570e-01,6.149195778008698099e-01,2.849152748137697908e-02,5.575815788365597880e-01,7.623952554439159535e-01,8.844957064028087235e-01,6.941098655019161123e-01,6.453605909846515942e-01,2.397102841709029264e-01,5.525859852215297963e-01,5.657595259469276883e-01,9.417964454405080010e-01,9.703540783264276159e-01,4.059517952031354016e-01,7.344713168396065361e-01,8.975260257105748263e-01,7.828488985724665339e-01,8.132185034502377174e-01,8.712511989779171406e-01,9.205287143117106829e-01,8.923914691475405281e-01,2.603218556819675289e-01,5.378038035537814343e-01,7.885524921922275610e-01,6.148992987628476570e-01,2.230970926234261409e-01,4.155868207092460187e-01,7.243948093305385694e-01,9.243424726836982908e-01,4.970925386359613118e-01,7.892701109214949051e-01,8.768302538912913224e-01,4.160124220299840636e-01,4.042936064324323397e-01,9.786860094651310682e-01,8.169065944766906728e-01,8.413073363094538681e-01,8.266687712034501700e-01,4.268915421938656585e-01,8.959608634546307737e-01,8.593008127419543563e-01,8.609132687904244019e-01,8.850929669771758768e-01,9.522054331427711737e-01,8.123631571947238506e-01,5.814726693097156396e-01,8.926341180592324287e-01,6.240365355407542225e-01,-1.829594204136143765e-01,5.149379898425668900e-01,2.941804071467273296e-01,4.565799881986969400e-01,5.703680218426395720e-01,9.020176712052168089e-01,5.026941884968179064e-01,6.426966160877514156e-01,-2.005201109110801849e-02,7.995084924872575272e-01
6.268793773808448710e-01,8.110869277979176895e-01,7.554092780192550594e-02,9.203156993651465667e-01,8.415905011623259213e-01,0.000000000000000000e+00,7.571493962596925753e-01,7.532633974569433732e-01,8.264969922581931749e-01,6.921147123850673877e-01,7.834592777501855343e-01,7.971209273344078694e-01,5.118645472679541619e-01,7.788040287870913181e-01,6.411962419680585779e-01,8.941487956299936091e-01,7.001134166885131238e-01,6.099865981568090012e-01,9.151958110989835138e-01,9.747119601869828065e-01,4.002321631524740631e-01,6.887358094319783186e-01,9.062824276880780960e-01,8.461687505072084114e-01,7.113878904887214194e-01,5.463066639347765596e-01,9.311647697351881359e-01,7.592608208254129076e-01,6.494149984685684274e-01,4.482322557859998446e-01,6.880002467223019780e-01,6.096009314847307126e-01,8.006482812774513569e-01,8.427867412091825106e-01,9.868809695691254102e-01,4.013307788829644784e-01,4.057835041693430567e-01,7.017306936923656258e-01,3.268257590626865161e-01,9.762476421243851954e-01,6.478417909140633535e-01,4.318150833491736229e-01,9.084197271406355689e-01,8.312909991320966974e-01,8.223735021783832311e-01,9.111622739963194384e-01,9.836452997970834833e-01,4.202535432799441861e-01,7.426005232136274614e-01,4.654636079212981503e-01,6.286344153217777730e-01,4.825495816064195864e-01,4.447494358756920452e-01,8.135525655688944369e-01,7.135762234116691527e-01,6.969389487024704177e-01,9.796566416482278550e-01,9.768763096395879364e-01,4.670683224537958145e-01,7.424365556596336235e-01,5.839824984538417585e-01,6.132972344399928444e-01,9.999658456242985771e-01,9.184873266628962307e-01,4.854695650499598614e-01,6.573985947167249044e-01,6.189214456804230657e-01,6.921771183233437208e-01,6.076647293925357962e-01,6.405817483386352373e-01,8.457654079241219147e-01,7.833481615994368763e-01,4.770166571761088603e-01,3.713349270413637826e-01,4.247110241595897784e-01,6.907581235058669611e-01,9.227237879836753809e-01,7.904977165294524433e-01,2.361275860773405788e-01,4.697661333436922160e-01,7.350264494908078650e-01,9.417429906276066909e-01,7.621016149026652586e-01,4.451640613368559873e-02,4.722800086986989054e-01
5.565769668373857781e-01,7.966984449615488462e-01,6.375171365848077976e-01,8.846329984211372122e-02,6.386808513225252781e-01,7.571493962596925753e-01,0.000000000000000000e+00,3.209184444217576537e-01,7.299430085644413868e-01,7.968749062274331774e-01,5.483278292487121508e-01,8.914667830457866371e-01,5.310120409768191996e-01,5.360679432031206781e-01,6.443621163886981140e-01,4.344190997707224611e-01,8.487594817562759131e-01,8.481192759284910121e-01,1.106645841702912358e-01,8.050554658153055154e-01,4.334920763288530599e-01,4.575833761126374966e-01,5.840788339865791157e-01,9.263953922383780792e-01,3.786547308196351880e-01,7.483131872350122782e-01,6.175465022338477716e-01,6.128556137239540291e-01,2.255016568369050123e-01,4.143116269171078225e-01,6.429380570122986693e-01,3.515251519809695635e-01,4.122231559917314270e-01,9.038891370142848602e-01,2.552307572165705141e-01,5.527974107638899959e-01,3.202012153749880241e-01,3.308412761620282971e-01,6.792817803917449160e-01,4.336935302383179147e-01,8.762529999690641391e-01,4.302388629107432028e-01,9.195932955926007235e-01,9.106373759636408882e-02,8.315531330510499419e-01,3.033466730366891073e-01,6.436041154368490336e-01,7.367747284008079323e-01,6.344570449291314640e-01,7.017476532872366501e-01,5.912138812672493859e-01,5.013380289955071678e-01,5.149535106355134229e-01,6.246893423812948098e-01,6.675626219180880172e-01,6.435856607729741885e-01,5.488822752949938932e-01,2.948131768008824816e-01,7.482133767731166119e-01,5.608365859146766663e-01,2.620406623411437042e-01,4.117565317260534763e-01,5.931561096491344554e-01,9.838711732643953267e-01,5.972712743465269369e-01,4.066693785403509009e-01,5.390666498041408738e-01,3.747683655344020703e-01,6.901938172398749405e-01,6.129734428538996527e-01,6.041778750895201444e-01,4.084237246399786136e-01,5.089828289464700672e-01,3.408474986796485862e-01,4.953988490747454621e-01,1.275616756772814109e-01,9.446781902402009434e-01,7.044972638939978049e-01,2.558158371509169915e-01,2.889263869395532480e-01,4.657959372596915393e-01,9.625491836866485462e-01,5.677307618054450167e-01,7.129359072321823643e-01,7.166860054571483341e-01
4.685136059042571688e-01,5.929225268594942033e-01,7.063348329549855587e-01,6.948930693419903548e-01,4.286716508106062640e-01,7.532633974569433732e-01,3.209184444217576537e-01,0.000000000000000000e+00,4.189506963944888418e-01,5.366703425041783326e-01,2.125521094383411302e-01,7.478187510367834134e-01,6.034553382435434710e-01,9.687536694349363486e-01,7.463154676629467632e-01,8.766511649966438613e-01,6.658424192627274696e-01,4.369330153455192045e-01,7.971856522754473540e-01,7.129725011035844551e-01,4.855937242062950410e-01,7.229811618534947026e-01,4.491878119386988888e-01,8.211148357428226241e-01,8.728148125842689620e-01,9.613405515413995239e-01,4.271937936303052963e-01,7.177765287572160924e-01,5.397805476965708005e-01,4.145585328435262285e-01,5.516646299903263939e-01,3.181852999532867043e-01,4.464267428238992141e-01,6.960890991576336173e-01,8.292359836177327914e-02,-1.583133498509492476e-01,5.393605322969177163e-01,1.637817004264184029e-01,8.245004093516380417e-01,6.549215757922050019e-01,1.505218325495345510e-01,5.133972375551116851e-01,7.941415793400808942e-01,5.565342184307235929e-01,8.083359108586807285e-01,7.288925492821866081e-01,3.598258400319261918e-01,7.964269071518673693e-01,3.304147764809404197e-01,9.589699613652387100e-01,6.514214975446723788e-01,7.813995420216813814e-01,5.819534492311790874e-01,4.970642042655938897e-01,9.046027274363003245e-01,6.283219154349802826e-01,6.144073754928798259e-01,5.241703328555731289e-01,7.005191885910041494e-01,5.690899516674972070e-01,4.311714165135822618e-01,6.783619058398682178e-01,9.501706879236671011e-01,8.000204871064454659e-01,9.623732004987599620e-01,5.621161361331018513e-01,4.256400390266880107e-01,9.378863373138260906e-01,2.209048497841634984e-01,7.567509338798275031e-01,6.785824336888827135e-01,7.567147159105869214e-01,6.653570361170469960e-01,4.957126608952440172e-01,9.902022139418247271e-01,7.019673580181526873e-01,9.284511985354856334e-01,2.462210985083003179e-01,4.260429956495164205e-01,3.683314375696986609e-01,3.843024166239397688e-01,7.500894556648400879e-01,7.907372687178857440e-01,7.369424885111264256e-01,9.573281392668433476e-01
4.161136605043512238e-01,3.554331208411335430e-01,6.065846704061591543e-01,7.153342111486007404e-01,2.338782780733959510e-01,8.264969922581931749e-01,7.299430085644413868e-01,4.189506963944888418e-01,0.000000000000000000e+00,7.070227157240884797e-01,8.987051569309651988e-01,3.976007304114081986e-01,6.138997821504373897e-01,9.407268301406037647e-01,6.776796943801007833e-01,7.985775016775142898e-01,6.133277452135225127e-01,6.939536382086134436e-01,7.227074691887015456e-01,3.133919178159942365e-01,8.271505285909734884e-01,9.971980388298515852e-01,9.445888479757443834e-01,9.823538071429224194e-01,4.259142853363903081e-01,4.743754807131236872e-01,7.521698820005838781e-01,6.888139478485926226e-01,4.434473400031274104e-01,3.916352413835978430e-01,2.067141297325503398e-03,5.214626659251794250e-01,9.253220493683974590e-01,7.949067486223644341e-01,4.050117198742641533e-01,7.633010653593144124e-01,5.311006200725439941e-01,4.759568581809690557e-01,8.504629482437358057e-01,3.870673706205807196e-01,6.485633853556533879e-01,9.723560253471199566e-01,9.408163116905779999e-01,9.877297565560148040e-01,9.754400510372308597e-01,9.241304555292388923e-01,6.294844421465471962e-01,6.072422122797183075e-01,1.327080861634934716e-01,6.704206640766632308e-01,8.512944596266267538e-01,6.137173192179065095e-01,8.151153112220238528e-01,3.913343877358001488e-01,7.412752054325518758e-01,2.850971952530579889e-01,9.666773971920358255e-01,6.452149104247566491e-01,3.671479419368753327e-01,4.661543370697947553e-01,7.816501702547307140e-02,7.235842173710554937e-01,8.056072734793822132e-01,9.042795933594106605e-01,5.649357029072437086e-01,4.596584303855559828e-01,5.412610484912165898e-01,9.020937118371581409e-01,5.661805856307373652e-01,6.876821799837303795e-01,2.418664096763033788e-01,6.698831421123861984e-01,5.055835925360316896e-01,5.122865512398905308e-01,3.680776838286313746e-01,6.835662732719410828e-01,8.915673769893487366e-01,7.818761982619295559e-01,7.496327071871855541e-01,3.062318328163162739e-01,3.739590985078786733e-01,5.961318209299546478e-01,6.196464386734038543e-01,3.368391833280648395e-01,9.154589201897335160e-01
7.934999685355952348e-01,1.285398958483031095e-01,8.471940235522100737e-01,9.156269395577737447e-01,6.398355138690343669e-01,6.921147123850673877e-01,7.968749062274331774e-01,5.366703425041783326e-01,7.070227157240884797e-01,0.000000000000000000e+00,9.947270157311368655e-01,4.589402561590302798e-01,9.842132096630150651e-01,7.483988535785265350e-01,6.605571645690613281e-01,8.086719313476298243e-01,6.493276802390872682e-01,2.416940827701180572e-01,4.772504380591762185e-01,8.211180208678283687e-01,6.972486219600765311e-01,4.503912255679717869e-01,9.124489288668155007e-01,5.071597950737485316e-01,3.166614893145319187e-01,7.942515584398854855e-01,9.863398894716766119e-01,7.998622181614709614e-01,5.957582143231455740e-01,9.119048837036277666e-01,2.883492237200329100e-01,6.622630348835678582e-01,9.944569138811765185e-01,9.506279757072156888e-01,9.504323769009959122e-01,8.826828550299190557e-01,2.583278201664635509e-01,6.003920225595588134e-01,8.391411759324389763e-01,6.351204067920867002e-01,2.506666064156579110e-01,5.423077399534128595e-01,7.524113238959322381e-01,6.268433043243313296e-01,7.488798022501432783e-01,2.192372428276736715e-02,6.361070253441677425e-01,9.542926289595670131e-01,4.433506896051265245e-01,9.777655199618826565e-01,-6.356153291071992006e-02,6.981005221556949580e-01,7.504697422803765505e-01,5.711162372284280808e-01,5.614520103364833981e-01,7.241081973769414315e-01,4.898104112865975801e-01,7.367102350843381942e-01,6.360323408312451576e-01,3.098887083852307489e-01,8.121470067047651398e-01,8.769695233155530012e-01,8.331337699733688540e-01,8.867938215691169024e-01,6.069160771012962474e-01,6.062643318595876130e-01,7.252005496884663671e-01,9.697272996605741380e-01,6.823489404214874154e-01,8.937042164858678417e-01,7.078308476424162166e-01,6.084431411168077508e-01,3.817718179638260878e-01,6.559028243797468960e-01,9.289746971750896254e-01,6.053738815946596574e-01,7.394897188436015956e-01,2.489889268355969798e-01,5.049364011079429115e-01,5.492362799265653184e-01,6.740357602514531754e-01,9.200919001507857908e-01,8.997796515519147498e-01,3.180062125910034787e-01,6.900064914164669716e-01
7.742377714451826876e-01,9.140257444918717944e-01,9.112383532386794105e-01,8.589657514604726041e-01,7.299367283478307433e-01,7.834592777501855343e-01,5.483278292487121508e-01,2.125521094383411302e-01,8.987051569309651988e-01,9.947270157311368655e-01,0.000000000000000000e+00,6.472629886209744221e-01,3.470442768105771458e-01,7.896041905147789253e-01,8.544624646870766504e-01,7.848762314776512872e-01,8.537373204796979698e-01,4.507650449225417133e-01,8.066016013815121566e-01,9.391072011777723549e-01,7.013069587860976117e-01,4.851798005781868817e-01,5.246741668361937228e-01,6.468838737498879832e-01,7.163768420704494932e-01,7.327461158874044589e-01,8.452675377057858874e-01,7.246127079924020720e-01,2.115237264434739750e-01,5.548425446840931086e-01,7.676586610850446579e-01,5.293775213563637339e-01,4.142091674326812689e-01,5.758361260548943150e-01,6.952183988797313585e-01,4.599949400850396608e-01,5.683532106297299880e-01,2.941047709780586494e-01,4.312878196081127991e-01,5.465026033338884481e-01,5.365107308255379071e-01,8.779579568692004177e-01,8.338512286268940921e-01,8.921374582819502352e-01,9.098163945247217388e-01,5.134771811655273188e-01,2.363798805251518531e-01,8.738174987938425176e-01,7.001495752106778880e-01,7.361299814844052269e-01,2.155790953385604281e-01,6.964132497068364902e-01,1.724273260233145366e-01,6.317271149835164135e-01,9.753566114174607726e-01,7.861027308379257006e-01,5.803981912374365226e-01,9.809418922030455068e-01,9.975070814665216723e-01,9.573583713817939156e-01,4.254140155190818673e-01,4.093607471225952366e-01,8.809210846236776860e-01,9.493434133920648499e-01,9.356859343342036617e-01,4.441674920045122210e-01,5.836229964853332230e-01,8.715161194032300385e-01,6.263801217443496494e-01,8.137426434839273304e-01,6.147276297564892300e-02,6.300158980713164159e-01,5.313846281799659010e-01,6.006814702835208131e-01,5.472577950258835644e-01,3.725514608559055141e-01,8.781557822551180337e-01,3.696658071260611189e-01,5.255337784222740422e-02,8.362166111139357483e-02,7.328040244165492378e-01,8.963944512082674398e-01,7.826761788903764394e-01,6.751825631671080075e-01,9.449987164158484276e-01
9.747791802514836901e-01,7.565531221262554729e-01,8.434066873864382030e-01,6.937902636136494827e-01,7.557213486802832891e-01,7.971209273344078694e-01,8.914667830457866371e-01,7.478187510367834134e-01,3.976007304114081986e-01,4.589402561590302798e-01,6.472629886209744221e-01,0.000000000000000000e+00,7.158576883575391570e-01,3.822708908621402779e-01,6.515739409028292739e-01,6.012162287291659135e-01,4.588963161512370492e-01,3.389153772270376841e-01,1.562657772953234547e-01,9.127945757745808963e-01,6.744691925852392966e-01,4.542667891657661827e-01,5.512534339259951288e-01,5.890494487293569392e-01,4.536519502943623938e-01,9.764064156473539757e-01,5.023597774878493238e-01,6.470548604556339845e-01,6.039825386949563280e-01,6.884905344006223560e-01,2.915930161584928126e-01,6.722454037022792539e-01,7.102266092668775288e-01,6.865489587095280344e-01,7.143920338048420637e-01,4.512720369005176480e-01,1.964061667060406635e-01,3.556538276539068510e-01,7.711978241558884450e-01,3.554416794428200133e-01,4.518905287845106367e-01,8.295226379155010710e-01,6.546757617274709951e-01,7.568132074589537517e-01,8.543421925826788499e-01,7.715986712176030604e-01,7.302626321387645225e-01,4.023502814788723070e-01,-1.642906152465076208e-02,2.362321183407450897e-01,7.976184560874787222e-01,6.238839264726290246e-01,8.973789026957792458e-01,7.523585335938278718e-01,7.029717781985753700e-01,5.742619644433253345e-01,3.318266480769677118e-01,6.299120680734541233e-01,8.021504454577386145e-01,3.023174888537387694e-01,7.972129839661158401e-01,7.336776593190926787e-01,1.637119496863450804e-02,8.169060363670183067e-01,8.966065162521010823e-01,7.722233772962119325e-01,6.754916461979043607e-01,7.922993350446017047e-01,5.653726249816329874e-01,6.483907707285747613e-01,9.504616711447801958e-01,6.669601248886827261e-01,4.218420956627275675e-01,4.874938825105741280e-01,6.146540371183569773e-01,8.895814106822529377e-01,6.156271120451447532e-01,7.267739563708015549e-01,2.799863441572651435e-01,2.550733852419836967e-01,6.227848866783858295e-01,9.873601635022435374e-01,6.531563168428075050e-01,5.745349187913926237e-01,5.609098949200491679e-01
7.590846841308378501e-01,6.289113447953587066e-01,5.022913255041615566e-01,7.127056747720051932e-01,5.459771242228027566e-01,5.118645472679541619e-01,5.310120409768191996e-01,6.034553382435434710e-01,6.138997821504373897e-01,9.842132096630150651e-01,3.470442768105771458e-01,7.158576883575391570e-01,0.000000000000000000e+00,6.981865181913362584e-01,7.131952029654634595e-01,6.974188739744781040e-01,8.838810702255708307e-01,9.462162248871146542e-01,8.137639258459247182e-01,3.303585977904120036e-02,7.145560973128302074e-01,6.413304512416273528e-01,4.522088949686294268e-01,5.899071251359376822e-01,3.328312438294404041e-01,8.884294932061866934e-01,6.644855986999154140e-01,4.806484016305343498e-01,2.059358789284903013e-01,8.347295104105435515e-01,-1.690175344716158545e-01,5.507796287684806336e-01,9.074605499717210977e-01,7.873973636735938086e-01,7.500405597239563349e-01,7.702363882955135521e-01,3.375304339485467597e-01,7.856825490561285541e-01,8.669977302999575253e-01,9.805267514137627760e-01,1.621804607085616245e-01,7.215173526387029801e-01,7.757937104334406975e-01,4.972384998460900873e-01,4.669321998511910543e-01,8.836570826795593359e-01,9.386762217604202041e-01,6.255880192941263296e-01,5.671842265274069650e-01,6.311163411230632514e-01,2.028896584822275917e-01,9.090397671298754423e-01,7.929110158041511314e-01,6.407477123248713768e-01,8.580772914070849966e-01,7.404355554657578997e-01,9.835854717257557223e-01,6.259210177823053556e-01,9.279123037832613941e-01,1.526280622424489725e-02,1.574726469901330528e-01,9.405805574918967293e-01,7.616785908791817716e-01,9.882536292438397485e-01,8.429023369356628548e-01,3.559202009586029947e-01,9.216966736194989185e-01,8.686348903767876495e-01,7.418390145641918787e-01,8.734832457237491354e-01,7.826425652127850796e-01,7.178528349601231984e-01,2.422468313426642816e-01,-9.934947050361214727e-02,5.328794268076023632e-01,7.926888172425252677e-01,8.581329836051908577e-01,9.767843219468291815e-01,9.864854381008492101e-01,2.000381437543420904e-01,7.479875094031723792e-01,9.936131262086980165e-01,8.605534566800480123e-01,7.005866022941840132e-01,9.887534061999669888e-01
9.161435217314005675e-01,9.848989300542909664e-01,6.117350911521273193e-01,7.661628507418448697e-01,5.404698160167054066e-01,7.788040287870913181e-01,5.360679432031206781e-01,9.687536694349363486e-01,9.407268301406037647e-01,7.483988535785265350e-01,7.896041905147789253e-01,3.822708908621402779e-01,6.981865181913362584e-01,0.000000000000000000e+00,-1.412385953826222895e-02,6.569799033774533781e-01,7.105659340536084612e-01,7.328477653650524726e-01,3.682152132746174811e-01,4.740779641676486911e-01,9.867030474016529329e-01,7.656959115124094273e-02,6.766446362838196560e-01,4.790877203410529028e-01,8.454483081158099544e-01,5.399981077319362388e-01,8.574103863242967805e-01,4.511523614120284686e-01,4.105259899915825739e-01,5.440519561691744554e-01,7.852870525661320711e-01,3.292889325689537516e-01,7.397301714816071350e-01,9.925982717814739731e-01,6.597184522060941525e-01,4.080749056106737216e-01,6.740152511305432803e-01,8.183835833528012582e-01,9.880008135997866425e-01,7.585560926858090358e-01,7.345812360487989912e-01,6.820320569724562798e-01,5.482730723979259979e-01,6.242636927885676368e-01,7.031979381631224824e-01,6.977004696468989131e-01,7.632649817323782226e-01,6.103646597497303095e-01,8.760767790864012472e-01,2.345060973116127601e-01,4.893111419672319107e-01,9.390678559487790622e-01,9.351348389609555056e-01,7.775362294996910340e-01,7.059874433444258690e-01,8.979237135588372665e-01,2.750775953637394355e-01,2.293052559439248961e-01,7.804582423413864989e-01,5.884033185525365806e-01,3.193961092825878256e-01,6.424709878379333272e-01,7.490447622194302824e-01,3.264225543716878786e-01,6.579140108299156298e-01,9.199356401103612191e-01,8.447756079417030328e-01,7.110542447489498485e-01,6.809723924606166934e-01,6.092400421115753417e-01,3.396741548416943868e-01,1.910264391805578388e-01,3.384057064067954590e-01,3.178176090114033792e-01,5.685820089825235346e-01,4.101085888322839601e-01,7.356979079101194641e-01,4.836130941151841611e-01,2.673090536218290514e-01,5.847486352584903013e-01,8.828282436143742862e-01,6.704860033112720608e-01,7.391306370129455683e-01,7.430026585127940120e-01,8.994443564640408617e-01
7.314715373356422967e-01,7.446294218705524770e-01,8.911483148219766504e-01,6.844764967165661851e-01,9.518979779464799007e-01,6.411962419680585779e-01,6.443621163886981140e-01,7.463154676629467632e-01,6.776796943801007833e-01,6.605571645690613281e-01,8.544624646870766504e-01,6.515739409028292739e-01,7.131952029654634595e-01,-1.412385953826222895e-02,0.000000000000000000e+00,5.088447791957136923e-01,5.832324606706462689e-01,2.673144158009063687e-01,9.567128429163787029e-01,6.842175500655753861e-01,8.540122360848252381e-01,6.684877738225589727e-01,1.741004988125637587e-01,4.858298594777664681e-01,1.466578834751944005e-01,6.730830697388549000e-01,7.950190990222014698e-01,2.279356723122620276e-01,5.988970025865032465e-01,4.390211717161351390e-01,6.833963733388961348e-01,3.137594775125961966e-01,7.911513537108143534e-01,8.407908219222302026e-01,6.272201109473886094e-01,-1.447719254982378356e-01,2.685608449304474621e-01,3.421980372043609275e-01,6.920109090598878243e-01,3.987201793783545778e-01,7.398391013356638846e-01,3.857604720041900997e-02,6.559085072531533056e-01,3.765451836229445348e-01,9.566468177990495869e-01,6.200457443731067775e-01,7.730094824989622859e-01,6.122477003486703762e-01,4.775652943184868771e-01,7.428965452926379331e-01,4.140284485588898722e-01,5.131727927704731185e-01,4.842512793668171667e-01,8.324496190585120026e-01,7.131487172685797571e-01,7.890541204604122338e-01,6.928593980435674426e-01,9.429359521144462519e-01,4.986937706608721710e-01,2.546195603509896488e-01,8.397517696105469831e-01,8.761796281817781917e-01,7.364031349387840653e-01,9.399996978050613183e-01,9.878704894101535405e-01,7.473788068024668219e-01,5.639033020127657281e-01,4.711365550625895016e-01,3.396196425826387977e-02,5.193998577808875972e-01,8.971963259197834883e-01,8.224555941626739974e-01,6.360206411389282000e-01,4.821593588289871946e-01,5.254429123680046665e-01,5.399282426042228966e-01,6.402052030975966534e-01,7.741276554626512763e-01,-2.699660947295665636e-01,2.205303861498500717e-01,9.414792398616386171e-01,6.822446843579027531e-01,7.214976587386228157e-01,-1.347370580195300649e-02,8.302224486249930591e-01
6.764232129650344927e-01,5.236653994319206973e-01,9.479670349322789624e-01,3.618586464417433146e-01,6.905959749116885593e-01,8.941487956299936091e-01,4.344190997707224611e-01,8.766511649966438613e-01,7.985775016775142898e-01,8.086719313476298243e-01,7.848762314776512872e-01,6.012162287291659135e-01,6.974188739744781040e-01,6.569799033774533781e-01,5.088447791957136923e-01,0.000000000000000000e+00,8.464966557067771236e-01,7.650574116594535123e-01,5.407689245640623366e-01,8.481675561657743279e-01,5.946184634407633007e-01,4.892961608450535071e-01,6.477156798863857867e-01,9.111849024553574372e-01,8.174130778058412705e-01,7.218280053579837485e-01,9.683061832478988551e-01,4.741495233028191203e-01,4.955808925395473463e-01,5.849080920719178511e-01,7.593309384108448690e-02,7.923075652899920218e-01,1.043673431996953171e-01,8.232865586668760560e-01,7.780951931104762576e-01,5.696161675653758083e-01,2.003413804147985144e-01,7.493650462181109528e-01,6.475192750296706601e-01,6.574436064549767922e-01,7.964812170878850239e-02,8.141135477246833618e-01,8.261544999781337273e-01,8.422009063273561136e-01,6.671850582941951657e-01,4.534773494395412108e-01,4.994201807733021914e-01,3.251029279209332046e-01,6.357809838049983675e-01,5.725448280122270583e-01,8.912742362285055453e-01,8.942404096998193275e-01,8.607460455419065903e-01,3.267305569021772271e-01,4.517046752698138934e-01,6.392464074926700324e-01,4.340773934511933940e-01,4.201182722741041431e-01,8.529195163151311876e-01,2.415207846730735852e-01,7.420593611042720639e-01,7.322328672970290775e-01,4.847741567318742950e-01,7.084376700700497631e-01,7.928591740435710911e-01,3.849039636791649066e-01,8.875448758496293777e-01,3.938095205576017666e-01,3.468255583503184747e-01,6.841804730216403119e-01,8.416885965496500033e-01,4.100464015343077140e-01,5.389073310208533085e-01,4.485288013755891479e-01,4.930994962308079543e-01,2.420363562534340041e-01,8.995573962992838846e-01,6.582433744342658377e-01,6.167951636525481618e-01,3.531905493410995023e-01,5.478924515840337683e-01,6.160707836616946542e-01,9.050921395931694757e-01,8.691293265704472248e-02,6.981841329527673778e-01
5.229644225309937333e-01,8.200681676948061716e-01,8.669473644879600593e-01,8.615074699982543383e-01,5.373623392135453702e-01,7.001134166885131238e-01,8.487594817562759131e-01,6.658424192627274696e-01,6.133277452135225127e-01,6.493276802390872682e-01,8.537373204796979698e-01,4.588963161512370492e-01,8.838810702255708307e-01,7.105659340536084612e-01,5.832324606706462689e-01,8.464966557067771236e-01,0.000000000000000000e+00,8.547699320210053742e-01,9.231644067263671261e-01,9.872377138356079884e-01,8.771025003289836253e-01,9.776024152712877724e-01,6.295600604365971797e-01,7.843361118938674270e-01,2.148557238146935888e-01,8.666672314169538982e-01,6.499063804524337629e-01,7.176294197117873974e-01,5.530494761648183655e-01,6.988867879500035851e-01,1.682854750350508688e-01,9.071745130230194354e-01,8.357320351396877456e-01,6.652244666765716463e-01,7.611542279523129118e-01,6.833153571547428973e-01,5.662038911798153995e-01,7.231421097470382975e-01,4.106793284639722597e-01,7.801305177061740315e-01,5.964197242899120788e-01,9.853151677865960023e-01,1.789479870054436761e-01,6.994882341079915467e-01,8.330703345273866578e-01,8.940196642436061270e-01,6.589604247885115784e-01,4.556929246235941200e-01,9.500134329806050326e-01,3.468403619420826756e-01,6.819997853293570111e-01,8.221544887779170807e-01,8.019627964443362123e-01,6.919362317407122820e-01,3.821896105135998423e-01,8.192706284538799899e-01,7.349975673198442250e-01,9.367224189628753361e-01,6.702981138540645700e-01,1.793269521208747108e-01,6.494995869340097761e-01,4.579500136534968568e-01,9.017564396893902323e-01,7.066262866632984085e-01,4.514966213786484328e-01,9.146118255683676201e-01,8.552064859338331937e-01,7.629951100970066014e-01,6.669681731043810569e-01,9.804965256697703024e-01,8.423682737017882394e-01,9.508981535411267227e-01,4.128915465059270762e-01,6.837202403201341205e-01,8.793789669646295826e-01,8.825640289478842160e-01,9.330225872088556693e-01,5.690077949546321623e-01,4.638237743371439459e-01,1.487044575707874849e-01,9.395232816797776110e-01,8.797477885331828062e-01,7.948616180689556110e-01,8.247560787442255181e-01,9.112249807076069352e-01
8.178734263554826578e-01,4.606802448629375712e-01,8.266444309132304769e-01,1.666890851691830711e-01,8.653567615350508113e-01,6.099865981568090012e-01,8.481192759284910121e-01,4.369330153455192045e-01,6.939536382086134436e-01,2.416940827701180572e-01,4.507650449225417133e-01,3.389153772270376841e-01,9.462162248871146542e-01,7.328477653650524726e-01,2.673144158009063687e-01,7.650574116594535123e-01,8.547699320210053742e-01,0.000000000000000000e+00,9.434091545521270383e-01,8.645131458040468120e-01,1.154899476725100849e-01,2.031566606387260610e-01,7.033827442517998074e-01,8.083805049830175005e-01,4.805312871862152391e-01,9.408438052221201886e-01,5.811607631710472566e-01,5.567282051855109160e-01,4.088536630689555418e-01,4.625935521516760796e-01,7.036175566251875457e-01,7.438589053552648878e-01,6.276965396192455415e-01,8.792601398709690708e-01,8.060315827266198996e-01,4.394300400684815755e-01,3.505013058568894335e-01,-1.798034937536381883e-01,9.162776175549407487e-01,2.732939142958301648e-01,6.554370203549066964e-01,8.268958515891652317e-01,6.338896190064896574e-01,4.600145711956956651e-01,8.267492315175847262e-01,6.938792213227386041e-01,6.141075141457706943e-01,7.991003544747610210e-01,6.355732674795199211e-01,5.381128014106493218e-01,8.987696137235567928e-01,6.440720338635420594e-01,4.552374956139305651e-01,6.799040574743080434e-01,9.906663513021460865e-01,7.770924584606176966e-01,6.557089180740496293e-01,9.397967047924340456e-01,6.714732971474846046e-03,5.478554208791114322e-01,2.371132167489138909e-01,5.655202494260695989e-01,9.073029984660957448e-01,7.446546184885014519e-01,7.485338811434957274e-01,8.460421583416481983e-01,7.715948812186921302e-01,6.793847801739467673e-01,4.962841977155940110e-01,8.525568764417179590e-01,7.094610316968200658e-01,7.840474450723683431e-01,2.664384676821096587e-02,4.072237698288139196e-01,6.293367312397648572e-01,8.712805021484257839e-01,7.914200691644263097e-01,4.414319845225203043e-01,2.870923353923784949e-01,7.337905457740395709e-01,8.189302263990201336e-01,8.216279764474513359e-01,4.730508932596743654e-01,4.061539673087811164e-01,6.746784986424944064e-01
