0.000000000000000000e+00,7.261734780276265511e-01,9.285431429260974090e-01,4.287284120292524925e-01,2.306499956320471612e-01,6.191137278145829592e-01,8.884250564685076679e-01,2.483893479660711778e-01,2.762550125711070170e-01,8.297703478573155156e-01,6.154039875716299512e-01,9.826920349431285118e-01,9.039211083791505175e-01,6.726542162047972617e-01,5.028828610011218947e-01,9.272347742611805055e-01,9.061491082148011023e-01,8.406431610909070873e-01,8.776417945493467654e-01,8.807708643342858634e-01,6.166965337998449037e-01,7.660803613728559558e-01,9.158429133568141145e-01,9.148663424190458526e-01,9.451415169667225502e-01,8.385986981383887207e-01,6.490248633858812788e-01,9.807109735153285435e-01,6.830645700944406595e-01,2.982460008248840055e-01,1.619598868330331953e-01,9.638055929907654029e-01,6.212612169021268782e-01,8.816721218459467879e-01,8.003225777285577491e-01,5.962005443014645190e-01,6.042695166257623374e-01,8.474031541769154741e-01,9.776085802622168641e-01,9.540101628421020497e-01,7.878211045144147828e-01,7.874387589162940015e-01,6.518677733489219861e-01,7.105791721781717918e-01,8.378773721918431061e-01,8.584535680368039490e-01,7.797807689728273317e-01,6.127426260838305661e-01,8.094469778002704174e-01,8.490338318480318280e-01,9.224312426977238077e-01,6.180327697688473565e-01,8.726253883953196677e-01,3.760294406155148539e-01,9.226343297494723483e-01,8.899198020948059229e-01,9.975593833998380733e-01,4.455327199620091050e-01,7.640819382360243273e-01,4.858211310546907413e-02,3.058390941539735897e-01,8.951673605524325117e-01,7.858336628358064679e-01,7.207688228627275873e-01,5.521616970425498039e-01,7.768486698773913179e-01,9.631044587189667716e-01,4.306509603631734073e-01,7.395043296890775331e-01,8.802570104140110541e-01,8.570628155118876768e-01,4.274604743333381141e-01,3.551838862810847153e-01,4.221426962411041761e-01,4.979957805609466215e-01,2.298753025489405355e-01,9.564213802052973223e-01,8.387310720742803261e-01,4.642524277011879086e-01,5.931145435476922190e-01,7.039335696553398192e-01,9.736847716895625782e-01,9.241755468597019352e-01,7.966945038488166819e-01,2.622163616090238472e-02
7.261734780276265511e-01,0.000000000000000000e+00,3.211713008753184218e-01,5.185810325664319542e-01,7.744806348568226140e-01,8.495693232575288745e-01,4.426935526861094927e-01,5.199586955509272190e-02,6.878967158253347369e-01,8.253768911703563971e-01,8.369754789606916878e-01,7.891578709485239651e-01,9.022807703320363526e-01,8.917099094600149378e-01,4.565558110005786263e-01,3.532651136901006073e-01,6.901818164384767584e-01,6.661605931324978691e-01,5.559209819625263727e-01,8.578375960298034730e-01,7.313689716080666869e-01,8.168117024912612267e-01,5.694858680414789376e-01,6.497555756054416154e-01,1.736805556900617442e-01,9.567081594495870922e-01,7.681337150840488182e-01,6.215878013837115024e-01,3.961035967956880732e-01,4.848940319056032067e-01,2.977343770138605183e-01,6.246913681771664173e-01,7.310944831206377392e-01,7.237468826444704018e-01,8.945062232962146531e-01,7.551391695666448411e-01,5.475951513532255621e-01,6.018584726416131847e-01,8.425057157844311195e-01,7.985125716144239050e-01,4.117745096756953993e-01,7.140718746642823467e-01,8.365534062419368588e-01,9.899005365561339698e-01,9.789320528227629659e-01,7.973420050757540345e-01,8.627322306911661132e-01,9.063843224151042488e-01,5.307743251881598123e-01,3.880203793596816997e-01,8.227009178774790099e-01,8.104909970459488466e-01,6.029477977038923964e-01,6.481677878227207756e-01,6.765332531484604672e-01,1.929351813746235100e-01,5.474210754889925479e-01,8.515645913043264903e-01,8.416684024599992986e-01,5.660865498090824621e-01,7.990180968627697000e-01,4.134320940292548485e-01,9.632310496077819417e-01,8.169905617542514431e-01,8.680415261711293962e-01,8.348343263265427527e-01,6.055051855139584882e-01,9.279171702876380934e-01,5.434393632849158218e-01,6.588679581557155274e-01,4.562293708587058516e-01,4.381268826043832609e-01,6.424661852814029794e-01,2.095673382631751680e-01,7.860948757209997861e-01,5.162110372108928980e-01,7.596808600027016301e-01,6.757109713359406022e-01,5.727720536674607565e-01,5.035233349550146675e-01,5.351700670146418704e-01,8.634490818386324484e-01,6.892909571591354645e-01,7.792199532831493025e-01,2.666238386546163075e-01
9.285431429260974090e-01,3.211713008753184218e-01,0.000000000000000000e+00,9.034802732027745753e-01,5.280022431973456776e-01,8.914291209537466010e-01,7.399769885045650586e-01,8.147355905805343523e-01,8.913543637623164706e-01,8.757452245221422071e-01,8.521900899024118514e-01,9.187774529586431038e-01,9.351894612439420884e-01,6.971663927036991781e-01,8.349616843031077984e-01,6.775257955489760731e-01,6.006101936675243280e-01,2.369268957628141437e-01,6.597747768364622400e-01,8.501527406913688134e-01,4.989920622960087315e-01,8.947936976124978292e-01,9.351223244162873982e-01,6.379049596018728785e-01,8.902078767111540891e-01,8.238654338338974314e-01,2.462085401956003172e-01,8.145440089618360968e-01,2.679134099450731221e-01,3.044965384618290027e-01,6.221010716776939065e-01,6.627907584232504146e-01,8.127375575696526022e-01,5.885488013144610786e-01,9.741987024470026846e-01,5.499008256048643073e-01,3.847335388007380730e-01,5.459256933633305220e-01,9.021840606249906802e-01,8.651771724027945698e-01,3.647279283793011251e-01,4.809269027362614857e-01,9.309636539287946544e-01,9.209100573662932776e-01,9.573987893328319565e-01,5.776546717459620783e-01,9.482456160245869015e-01,6.150630096630301802e-01,5.535482995512897020e-01,9.762846306262199514e-01,7.926802014725889967e-01,9.577793957813229841e-01,7.036041430171529054e-01,6.161951213580413311e-01,8.675839342916047414e-01,9.886213482729555579e-01,5.207899964477992194e-01,8.433723252673435145e-01,6.921619094917518256e-01,4.725939749617478203e-01,5.832403136380575059e-01,8.565716533790623810e-01,8.044966735874818919e-01,4.098880828005935228e-01,9.761055103912520403e-01,8.243233277270272108e-01,2.517522630607580414e-01,7.712660338826843320e-01,9.059245041637195017e-01,3.913953830086066565e-01,8.126657074973331341e-01,7.311214361053620658e-01,7.783812826520228878e-01,-3.909677477147280311e-02,6.420630833612377408e-01,4.541734271982502125e-01,9.260589364032003612e-01,9.592574338272641388e-01,1.186801880694897116e-01,-1.917806585352973547e-01,9.700998557822536617e-01,7.619869962501959471e-01,6.314613686779650958e-01,7.012149497706107182e-01,6.996537209661672918e-01
4.287284120292524925e-01,5.185810325664319542e-01,9.034802732027745753e-01,0.000000000000000000e+00,9.248738871661819072e-01,4.074832439059437594e-01,6.727989221151028376e-01,5.616351672709886111e-01,6.272686178477909769e-01,7.070942345707212917e-01,7.480635824998104200e-01,8.646409789067510676e-01,4.058973973423726789e-01,6.682703510334113695e-01,9.458862451808107696e-01,7.253998214959842539e-01,7.033650560966324683e-01,7.000697242156226352e-01,5.959842595980845426e-01,9.694739143541044601e-01,6.711614231446572099e-01,4.693751525155914761e-01,6.283849045552966084e-01,9.342555175714467586e-01,6.371295651302593122e-01,7.170905064027996989e-01,9.587116851584405186e-01,8.264717226015053653e-01,6.953748010873013197e-01,4.925284719344294460e-01,9.016392442395609885e-01,6.206274997018634831e-01,9.488437223294096112e-01,9.017949211760906136e-01,7.320385440642590558e-01,7.250377099693874339e-01,5.770605254289336017e-01,9.767065988593527370e-01,8.783640032195128011e-01,6.435732642368242606e-01,3.554635447732343856e-01,7.977928847960638059e-01,8.094466162281819255e-01,7.733457478870386925e-01,8.488763481769214803e-01,7.655830032654967754e-01,6.524608113921739339e-01,8.107405731541142968e-01,6.012114302478736017e-01,5.219634309537497519e-01,9.544985996649359983e-01,9.251258783468442326e-01,7.917764969732162816e-01,7.579902447931708975e-01,8.277503553944856041e-01,7.795222436971466218e-01,4.453161358347093035e-01,7.126751488054479111e-01,5.889424194319320405e-01,7.125491045776783938e-01,6.762520877260403962e-01,9.621673452123596926e-01,8.989463955100976955e-01,6.017720010798113250e-01,6.676071949972153252e-01,9.004256910819697923e-01,9.581817913497381323e-01,9.702397908355139267e-01,7.363379898442033999e-01,8.915625833387123000e-01,7.925682733395378321e-01,7.456946333233918089e-01,6.310663275135027783e-01,9.385766691826054053e-01,7.828781116973766441e-01,7.205295369459944199e-01,8.077717144425606843e-01,5.245731829635761345e-01,6.143874424711517346e-01,3.409732187725689201e-01,2.062921417042624661e-01,7.356525593979000854e-01,6.091550772234082256e-01,7.198430933480977068e-01,5.450374136002641423e-01
2.306499956320471612e-01,7.744806348568226140e-01,5.280022431973456776e-01,9.248738871661819072e-01,0.000000000000000000e+00,4.080198797816907419e-01,7.542763302306292328e-01,6.390457428694674702e-01,4.369435436137383832e-01,8.937389350690774226e-01,7.453672883017505857e-01,4.755488684209928651e-01,8.138005946048504358e-01,7.449025280444534491e-01,8.753666387499892121e-01,5.334074342229793153e-01,6.138045686516389043e-01,7.678022155959509654e-01,6.247211746652182596e-01,1.167545303084144837e-01,8.563277144992497147e-01,9.130382041740099375e-01,9.670704247561845435e-01,9.304373871089942627e-01,5.861950939313401721e-01,5.938943798200942148e-02,8.806296883320343660e-01,4.245665893900162358e-01,4.359557513439076271e-01,5.968810034306297752e-01,6.766474860763761479e-01,9.652420738550646639e-01,7.413405159012735890e-01,6.637375945808102751e-01,5.420432134142292302e-01,2.490422787331067755e-01,1.146065301859358621e-01,4.335890206697246563e-01,6.236399038371347459e-01,8.419675390527661119e-01,4.901101897224296455e-01,2.244421369151313184e-01,9.332850162409778161e-01,8.082311792440231013e-01,5.523067413814635174e-01,9.101097035710944416e-01,9.652562057864380041e-01,9.419753141860219836e-01,4.541912901327752050e-01,6.803113595531761204e-01,6.501451124253807556e-01,9.895353420113048859e-01,9.475268996013226364e-01,7.864670209437429893e-01,8.900613864332045377e-01,2.469539306812879587e-01,6.887708064854033418e-01,7.853893590798268765e-01,8.692338274972845058e-01,8.846078499147745910e-01,9.016141519909003366e-01,4.127443069450417168e-01,8.560878844359411932e-01,9.423344023170758810e-01,7.445137922857880675e-01,7.047968597126219592e-01,1.067592068048180132e-01,6.959934812384447333e-01,5.303763971695933943e-01,6.335316539203239561e-01,7.407894813514205312e-01,5.513642959669837751e-01,-2.798654491255399002e-01,2.375525205262310480e-01,6.655690795999671949e-02,9.980848678130460616e-01,7.303357523272968610e-01,9.044230731475436658e-01,2.232558302407572082e-01,3.669025414029983834e-01,7.482884350613377977e-01,1.822169268665569108e-01,7.568454109620780246e-01,8.776384629274091020e-01,7.352368457378031241e-01
6.191137278145829592e-01,8.495693232575288745e-01,8.914291209537466010e-01,4.074832439059437594e-01,4.080198797816907419e-01,0.000000000000000000e+00,9.784500764747199320e-01,4.032804604070235888e-01,1.564986572570954346e-02,5.537741016025332641e-01,8.715632731556730572e-01,7.076335665206284764e-01,9.427029601923822000e-01,2.126124359002990183e-01,8.509605286183184736e-02,1.411687858291870157e-01,8.821454589773233268e-01,4.967682110532213868e-01,5.305008793136065659e-01,8.718899481070409019e-01,5.687823915493794846e-01,5.240784107312685958e-01,7.722914872996879954e-01,4.000264668557171333e-01,6.749479687601802613e-01,7.013521092322220207e-01,7.858354148612660683e-01,5.643432397600133266e-01,1.854064100857923114e-01,7.140136854920720033e-01,2.776844335267085184e-01,3.110936048874120563e-01,6.755629160093044039e-01,7.618399769149331036e-01,5.366442743506067981e-01,5.983307119510421490e-01,7.936877325262939875e-01,3.040763499266279091e-01,6.081876352939988850e-01,8.295774941588794915e-01,4.207300290011807276e-01,6.413352780099401684e-01,4.269050392330411836e-01,9.421209802175162240e-01,7.331560962425176520e-01,8.885300074066442289e-01,1.765335369221785466e-01,6.537260085621153793e-01,6.449802808080467020e-01,7.881720538348957472e-01,7.148592574786706288e-01,1.450122702811511635e-02,5.549399953967310006e-01,6.257901143211576089e-01,8.262325599090359907e-01,5.030254043651918860e-02,7.954026754172277558e-01,8.491886320676891309e-01,9.213169039679172112e-01,3.702938928369397392e-02,2.312865286376416529e-01,4.347192360529948951e-01,8.252180402169627671e-01,8.842117083405676148e-01,8.594477280151215925e-01,6.446717039658605986e-01,8.910642546330733715e-01,9.118109958496475320e-01,2.158113187602838656e-01,5.208853405345122978e-01,8.223405665942585818e-01,3.180856032891181129e-01,4.903230014400242198e-01,7.070083783832930013e-01,9.015988609843481605e-01,7.868490022075314005e-01,6.267366216993697225e-01,8.951592834812498456e-01,1.777413524797738786e-01,2.410923815282466354e-01,8.115520404145215583e-01,7.749395021586382715e-01,8.797147852936115786e-01,7.286213452246625977e-01,8.853003955950047299e-01
8.884250564685076679e-01,4.426935526861094927e-01,7.399769885045650586e-01,6.727989221151028376e-01,7.542763302306292328e-01,9.784500764747199320e-01,0.000000000000000000e+00,9.955163767892090121e-01,7.529157436032928308e-01,6.659122612301496824e-01,7.974733764660002500e-01,4.101534890935455424e-01,7.664666726898139437e-01,6.993336995467963613e-01,4.303890192690484895e-01,4.325982852777648380e-01,9.781849549464597393e-01,5.648841374159019324e-01,7.766978139417075599e-01,5.625079660089035150e-01,9.029653007473783521e-01,3.839284547289427696e-01,6.920577862828408700e-01,6.832887965298214406e-01,-1.519138379555797225e-01,7.541788104228399625e-01,4.388286583831981780e-01,8.730930521056361471e-01,6.717415008623832673e-01,4.805734973848861391e-01,4.501940484606195558e-01,7.453730184743414533e-01,6.831109841634208646e-01,4.022777597230561275e-01,4.355766033645783741e-01,1.453162189822663208e-01,3.647164456104410313e-01,8.462578338566255631e-01,5.113775234935845626e-01,1.043098008556472278e-01,4.411098925015273786e-01,9.718058022109072880e-01,6.477124389155159978e-01,1.021277773356762258e-01,9.503238231549785420e-01,4.080283899715273499e-01,9.942986209801479847e-01,2.910812652585581528e-01,5.940083718854589634e-01,5.083537692777658767e-01,5.626711974191219712e-01,5.168010437772334598e-01,4.505453770313439521e-01,4.202261993618306990e-01,2.821877345625558586e-01,7.128309401260151112e-01,5.853025200395716166e-01,7.807291351244021183e-01,4.479612914957429304e-01,2.826922179180123562e-01,7.225904887187591941e-01,3.910836332533871307e-01,4.758448382340120797e-01,4.734947806225944245e-01,9.605689225310248824e-01,2.932453280777312377e-01,8.612669402292005838e-02,9.156933180682688134e-01,5.387237602572382267e-01,7.157570232222606466e-01,6.185593339920600897e-01,8.256185405665339427e-01,8.444272359898650215e-01,3.493194922804496727e-01,5.358153489913469736e-01,6.379747886525448664e-01,5.430925972247521161e-01,5.875846635866692758e-01,4.461516902760677139e-01,2.503749254767743682e-01,6.446963444552130662e-01,6.271600956093457135e-01,8.883070629425241505e-01,-1.709943518096598003e-01,4.853707561454887465e-01
2.483893479660711778e-01,5.199586955509272190e-02,8.147355905805343523e-01,5.616351672709886111e-01,6.390457428694674702e-01,4.032804604070235888e-01,9.955163767892090121e-01,0.000000000000000000e+00,6.610449432224859700e-01,-3.485018486981774077e-01,2.607057111366179458e-01,7.613680252411363369e-01,7.476065130466014175e-01,4.190035673947479777e-01,4.580947380198427399e-01,8.783798448055026853e-01,8.641532905034146061e-01,3.685278983119659735e-01,6.163732904643238752e-01,8.163602936555451883e-01,6.174109952415930413e-01,5.084128421869072989e-01,3.253977336260609476e-01,4.342583079807692537e-01,4.941517075703354966e-01,6.054437682652329400e-01,5.364940731429086729e-02,9.857876490678688652e-01,3.677429072660187703e-01,2.124552322460383502e-01,1.950783824760630725e-01,2.803607557820493312e-01,9.637009633387426666e-01,4.808893456453543491e-01,4.978662681286508684e-01,6.481958979121428266e-01,5.544982086401522015e-01,9.857908045091120508e-01,6.212798588471084571e-01,7.482306796988820174e-01,5.161954780456530223e-01,8.312427862586572180e-01,6.048912131980570539e-01,6.673124158454769583e-01,6.475078894030499299e-01,9.805386076452261568e-01,6.844882681250104017e-01,6.863472954557999772e-01,6.563079257253041643e-01,6.299184911775120854e-01,4.742165182894986231e-01,9.712505069677974667e-01,5.082063029073217164e-01,7.718403496942315423e-01,7.887471521665108121e-01,2.205172259790726952e-01,4.403412426042321859e-01,3.605527323893478187e-01,7.910640296888994394e-01,2.839917839792488463e-01,1.713841610810040716e-02,4.701301176682780580e-01,8.134057963940612979e-01,9.104825910042615433e-01,8.689440335432758733e-01,5.433060645188568794e-01,5.364694055568087760e-01,-3.630248139841611987e-01,4.665135843757653999e-01,4.100204687668400072e-01,7.049297806311684012e-01,5.372613249042179628e-01,2.177686188992970784e-01,5.399551830550024523e-01,7.948855877108348400e-01,5.981140224852339315e-01,2.527987076053350712e-01,7.449834477083026041e-01,1.399915951025204053e-01,3.894535788909769813e-01,6.754322216727237649e-01,4.546466346341679898e-01,8.758133723391317016e-01,2.770661141516031489e-01,5.419222738076806545e-01
2.762550125711070170e-01,6.878967158253347369e-01,8.913543637623164706e-01,6.272686178477909769e-01,4.369435436137383832e-01,1.564986572570954346e-02,7.529157436032928308e-01,6.610449432224859700e-01,0.000000000000000000e+00,4.883580790259477444e-01,7.822722665073977844e-01,8.225705246682417648e-01,7.041995174876138908e-01,1.148508583134772165e-01,6.849752833814394259e-01,8.638043556252550381e-01,7.951194381695809721e-01,6.788521637685961396e-01,5.314815418631734234e-01,9.042263751564625363e-01,5.618422571126183707e-01,3.842291051001079927e-01,5.621047582464017145e-01,6.270383512198675069e-01,4.312026608092274227e-01,6.392943858913306965e-01,6.651329044532918733e-01,7.987175555294028229e-01,6.720695381179546679e-01,2.219258988245705888e-01,4.333615439603181185e-01,3.987647506238665152e-01,7.723990492540354635e-01,3.906463220648249690e-01,6.331728666026064101e-01,2.569280196466707800e-01,3.419283592891521062e-01,4.189181952319810942e-01,8.921057554995857064e-01,6.602194533736167603e-01,8.793775480821469648e-01,7.438171152226392691e-01,9.938124633442130262e-01,8.186270035527861699e-01,8.476555177416166265e-01,6.629248937624541149e-01,5.507004009337777006e-01,8.694870421646121450e-01,6.278558633342359308e-01,7.757815516652515342e-01,2.313929650639124647e-01,9.234421890503269337e-01,6.947405528851191558e-01,5.642147872303300282e-01,1.599392407094691326e-01,7.508834972871407665e-01,7.057325615987031231e-01,9.514892602814877254e-01,7.372842667280431472e-01,4.288329890641641162e-01,7.934219185148196907e-01,7.654636370478492546e-01,9.122216444460924389e-01,9.174754245205750669e-01,1.824260880536048846e-01,1.916581333846816004e-01,7.848090930199537185e-01,6.593137550525256518e-01,6.375714639599119327e-01,6.616420228791161096e-01,9.975879591335308216e-01,7.845565243699587077e-01,6.098776666564061921e-01,2.511378098638015754e-01,4.070469596587523720e-01,8.689587947367960474e-01,9.257423999197968989e-01,5.748277404521713319e-01,4.587536495317530161e-01,5.303864280141999954e-01,5.611362524700618248e-01,6.417716069026206949e-01,5.787598741563304561e-01,2.836337842221773320e-01,7.769948184884530873e-01
8.297703478573155156e-01,8.253768911703563971e-01,8.757452245221422071e-01,7.070942345707212917e-01,8.937389350690774226e-01,5.537741016025332641e-01,6.659122612301496824e-01,-3.485018486981774077e-01,4.883580790259477444e-01,0.000000000000000000e+00,8.055035443441762588e-01,4.101577647952252548e-01,9.932734117018331421e-01,8.019907742088970837e-01,7.856152184112564774e-01,7.131844340404361882e-01,9.375819321626398528e-01,9.840153680656652524e-01,7.272740911707605838e-01,8.328404754275839927e-01,7.774975804540847912e-01,9.312035811529877360e-01,5.380020801906590933e-01,5.482175860312445970e-01,5.985878720515857010e-01,3.638449038717777029e-01,6.801828360714694544e-01,6.122231273511199445e-01,7.571786357267644707e-01,5.389489080538346633e-01,4.562027581170869928e-01,2.269024871407021304e-01,9.670073256857474320e-01,5.444997039252708060e-01,3.268057623174032145e-01,7.911827051531872268e-01,4.001632089490950173e-01,5.562317499014548527e-01,6.033886219660650196e-01,2.348507550074872552e-01,8.375775687123543367e-02,9.315724028680849589e-01,8.636301288772361140e-01,7.474210746790286297e-01,8.536136825418851881e-01,3.212115480348703977e-01,6.205446556219188503e-01,3.068216181216469884e-01,8.857890695283179294e-01,7.756080959897302396e-01,9.174175787607925514e-01,8.237215267884493430e-01,8.870700522768166785e-01,6.995059987442638905e-01,6.783019445589647534e-01,5.905963107776809329e-01,6.344906927734744739e-01,9.978198043410027029e-01,9.727965895006166486e-01,4.315760052853322426e-01,3.751783421271582819e-01,3.511093125797882797e-01,4.417274203118325970e-01,5.844462097309572890e-01,5.764415227625858673e-01,7.970512801158454730e-01,8.885315798532631426e-01,9.828542985837731560e-01,3.542859716998795205e-01,7.416794143579723553e-01,3.911742120842383041e-01,7.636865878316545508e-01,6.675832471765514864e-01,7.886481991208478259e-01,5.740505228930542492e-01,8.995593096431112601e-01,6.713399617279686149e-01,6.196824091753909691e-01,4.566859732077172551e-01,-1.826503239878782547e-01,7.798865096109177664e-01,4.489256147869352676e-01,7.709455201379881162e-01,6.891489879669272789e-02,1.434939451777623824e-02
6.154039875716299512e-01,8.369754789606916878e-01,8.521900899024118514e-01,7.480635824998104200e-01,7.453672883017505857e-01,8.715632731556730572e-01,7.974733764660002500e-01,2.607057111366179458e-01,7.822722665073977844e-01,8.055035443441762588e-01,0.000000000000000000e+00,6.629573450434392834e-01,9.526706304321165275e-01,4.059222990085767924e-01,4.373207427787056956e-01,9.512230221611451819e-01,7.784540603270010406e-01,9.538812559033569283e-01,6.850053047580080268e-01,7.177413426191519008e-01,4.410358584050584896e-01,4.031363243887607362e-01,6.837564652840282253e-01,8.777252111173555749e-01,8.656656568916816230e-01,9.561611923810350300e-01,6.814887603726466070e-01,7.266413420121389244e-01,2.526348425321381375e-01,5.446982660349086736e-01,2.960465174010640799e-01,6.140145638746005163e-01,7.159996809097307624e-01,8.317460698396500485e-01,4.195512787184558223e-01,3.952618685262441756e-01,-3.518259630056280729e-01,7.745258503493138713e-01,5.302263002483265097e-01,6.896901080602242384e-01,3.175641347121332392e-01,4.674055942235966210e-02,9.765397915805753559e-01,9.790610604869378619e-01,8.133137902527254326e-01,8.534856075894107219e-01,7.747205861785492198e-01,9.400755348146727641e-01,7.285058726885577096e-01,2.113893450283786668e-01,4.860901309370112555e-01,7.951462795757956448e-01,9.692996311893986583e-01,9.367183644633885198e-01,8.002294609203881581e-01,8.006227647302628370e-01,8.097025016215109172e-01,7.102030702850240518e-01,4.166768636620095112e-01,4.488263916560141786e-01,4.817414413148503050e-01,9.702481366143298480e-01,5.588944654514309551e-01,5.023268709117851838e-01,8.630682044542298259e-01,6.017921382146010911e-01,8.060871510636831161e-01,9.050014133865115218e-01,3.273755168540667393e-01,4.335504776122774406e-01,8.648132017249281489e-01,6.185530701650958640e-01,4.908560420629168863e-01,3.328460756978958157e-01,4.644295102822078025e-01,9.253886243856002114e-01,4.803763793880508337e-01,7.788699509908170171e-01,1.234541263594269717e-01,6.680064690744558220e-01,7.366367484575851998e-01,8.950161753464642711e-01,5.271981160534865429e-01,6.412045003594172288e-01,5.823651472972439791e-01
9.826920349431285118e-01,7.891578709485239651e-01,9.187774529586431038e-01,8.646409789067510676e-01,4.755488684209928651e-01,7.076335665206284764e-01,4.101534890935455424e-01,7.613680252411363369e-01,8.225705246682417648e-01,4.101577647952252548e-01,6.629573450434392834e-01,0.000000000000000000e+00,4.528790274830449825e-01,7.465892569329450890e-01,7.560390355503719961e-01,2.784448895334898366e-01,8.608639542924498844e-01,5.460039076057625618e-01,2.294418709256517419e-01,9.049922574905646666e-01,7.111818595479223459e-01,7.394374126358658206e-01,7.173089834693696654e-01,8.063154368080815981e-01,2.728051686750192495e-01,-3.725117761991623144e-01,7.402709193662952991e-01,7.815316119520310245e-01,6.434515084958515319e-01,1.924883437243693485e-01,7.171523113401724325e-01,5.329673995377599560e-01,9.819628030825859888e-01,8.827907381272720455e-01,7.674898978598068133e-01,4.614761334567574758e-01,3.752047977507592669e-01,9.280544031092401447e-01,8.185447938474345042e-01,5.243840725680438686e-01,3.381713191895063808e-01,9.050690723865392195e-01,5.442249299669097429e-01,9.564055067311463265e-01,8.968380114114959945e-01,7.807026939617935923e-01,1.228379591367856627e-01,5.397460907144711051e-01,7.818790971447331373e-01,5.608371142339589888e-01,3.889800487315967503e-01,4.036889671923274414e-01,7.285857546873225621e-01,8.560179483069896289e-01,5.863148332712453392e-01,8.686423067893265237e-01,4.786905425707811967e-01,5.672864176698824146e-01,4.899781279498708897e-01,9.805215751308924421e-01,8.626460987024076044e-02,8.977600601802414593e-01,9.978035813182039027e-01,6.468461946087143977e-01,9.016203837344404226e-01,7.804386340656667143e-01,4.775059494204358379e-01,9.594349217711716227e-01,4.380836880091286689e-01,7.850658817936394529e-01,6.539960219990808010e-01,7.395460540176331810e-01,7.350356791226496656e-01,7.191749588835105733e-01,6.324909890320102868e-01,6.327361265793486345e-01,6.525708863999244436e-01,5.441316020496094197e-01,6.980984725088061893e-01,4.717273959950211704e-01,2.124984696323393291e-02,9.954561326442741276e-01,4.876481651914699733e-01,2.515663769862276355e-01,2.773421305145656324e-01
9.039211083791505175e-01,9.022807703320363526e-01,9.351894612439420884e-01,4.058973973423726789e-01,8.138005946048504358e-01,9.427029601923822000e-01,7.664666726898139437e-01,7.476065130466014175e-01,7.041995174876138908e-01,9.932734117018331421e-01,9.526706304321165275e-01,4.528790274830449825e-01,0.000000000000000000e+00,5.579364845868912681e-01,4.247437650739896431e-01,5.228485713103524501e-01,9.815967894619264111e-01,6.095481608771536886e-01,6.207772975351349976e-01,6.520355151524399595e-01,5.845144563218804823e-01,7.135226346709820922e-01,5.974201378260051154e-01,9.556858607088112301e-01,7.459220474265690903e-01,8.960421098212641988e-01,8.831567242729951861e-01,9.601758554893036202e-01,7.729173169399294885e-01,4.084891828993422735e-02,7.038803199735799154e-01,1.147627812845502665e-01,7.490263359220590278e-01,7.655210970383404812e-01,7.853812577840471043e-01,5.249364679340067230e-01,5.984121337340494451e-01,6.685135908956105766e-01,8.749414645007137503e-01,7.624765703212845747e-01,3.084497050550517039e-01,6.019185405003840694e-01,4.532824527051249608e-01,5.584845503665614164e-01,5.840645614651321926e-01,5.266849230524944803e-01,6.871165703187454010e-01,5.376286480392685752e-01,7.413023121948226768e-01,9.961714403794983408e-01,3.456024773823993534e-01,6.135477717018991139e-01,9.408988480828169854e-01,7.551980049062039235e-01,6.269949996780807000e-01,3.854864892497127798e-02,5.093424873206763293e-01,8.030038285989531399e-01,5.005183368391051824e-01,8.860611527611744753e-01,5.130338350327865449e-01,7.646139644427680793e-01,6.174969636442488863e-01,9.142894184901605437e-01,8.885011772807752672e-01,6.487960196799604784e-01,9.528594477911713767e-01,7.593183455448728747e-01,8.942243009590475911e-01,9.710440526284254137e-01,4.402139112193895198e-01,9.431542163679984547e-01,7.930000497616552790e-01,1.239665813233705588e-01,2.140210356555982685e-03,9.973143782738752572e-01,9.576595095062653273e-01,6.062077498074787130e-01,5.618628820446784911e-01,5.673469401050578176e-01,7.038208543467875389e-01,8.173006898128839515e-01,9.176415083824167596e-01,7.020144915105087646e-01,7.959108920720147085e-01
6.726542162047972617e-01,8.917099094600149378e-01,6.971663927036991781e-01,6.682703510334113695e-01,7.449025280444534491e-01,2.126124359002990183e-01,6.993336995467963613e-01,4.190035673947479777e-01,1.148508583134772165e-01,8.019907742088970837e-01,4.059222990085767924e-01,7.465892569329450890e-01,5.579364845868912681e-01,0.000000000000000000e+00,8.535294340655399381e-01,7.202793310668518245e-01,3.503262578173411690e-01,7.936544623061512205e-01,4.162151570660073130e-01,8.289901633966264560e-01,9.816497665604975165e-01,4.527552170557588851e-01,9.158537539478438516e-01,3.759375783558603912e-01,4.799293552845007027e-01,3.844966425342533078e-01,6.935871371625025317e-01,8.885811426223042542e-01,6.000625162110806432e-01,3.509315450541272696e-01,5.253405455604663876e-01,7.809210354478681726e-01,9.966377599973325063e-01,7.750396175408680310e-01,6.824121241166496432e-01,1.692086291968039058e-01,2.418793574943648717e-01,8.221237618827524907e-01,6.344996545951153699e-01,6.153742261798900159e-02,6.464528528707216282e-01,6.362079501959916339e-01,7.372701492626492215e-01,6.981806769981578897e-01,7.974877947897301977e-01,9.576338321239770135e-01,5.467262109862159880e-01,3.142506837370677708e-01,6.049184407593100055e-01,9.328505191170437527e-01,6.969050997048267249e-01,9.859125272706908971e-01,8.912969305852158630e-01,5.517293791334052511e-01,8.786509576302226066e-01,5.912660420311408593e-01,7.721883929382512557e-01,4.745613195712052867e-01,8.207822256072027090e-01,7.318151564993432556e-01,5.241677579926361519e-01,5.214243022889509215e-03,9.592099933327508099e-01,9.784684365261333561e-01,4.064172948335030844e-01,9.654486069889383071e-01,7.917356306321258197e-01,8.107839676520157690e-01,6.772422144812508815e-01,5.622957582861994874e-01,4.749857421500229826e-01,9.847658121189782898e-01,3.918952007819214711e-01,7.696163756768734654e-01,4.806640667326175786e-01,4.775944766066939073e-01,6.116227800840809969e-01,6.605266024364977451e-01,7.572585923454351331e-01,3.221620269878597842e-01,7.634206692775145076e-01,9.487413637103446762e-01,8.066330084893459373e-01,5.762118872701459393e-01,6.822929439775644589e-01
5.028828610011218947e-01,4.565558110005786263e-01,8.349616843031077984e-01,9.458862451808107696e-01,8.753666387499892121e-01,8.509605286183184736e-02,4.303890192690484895e-01,4.580947380198427399e-01,6.849752833814394259e-01,7.856152184112564774e-01,4.373207427787056956e-01,7.560390355503719961e-01,4.247437650739896431e-01,8.535294340655399381e-01,0.000000000000000000e+00,2.063227195928660496e-01,7.465992172287140294e-01,4.540850872772164148e-01,3.831637617061679491e-01,6.716465374328662863e-01,6.532773469425343649e-01,9.451869288084364662e-01,4.729769485763540282e-01,9.828750724287786955e-01,9.217454246692912134e-01,4.556235623450567984e-01,5.344634261627750904e-01,4.460520277054319527e-01,2.827302906868880625e-02,5.731984989776433004e-01,2.402528654312243994e-01,6.168745295585383870e-01,6.930514584318334670e-01,2.552069805956659887e-01,3.141195567836352898e-01,3.992441473067007696e-01,7.193827789384665827e-01,7.920267916336933833e-01,8.609666390012330472e-01,7.642355230774515729e-01,6.661834078268422665e-01,5.055348531934691358e-01,8.154408557117425183e-01,7.173570403572793186e-01,2.407658934443098198e-01,7.952029632301154116e-01,6.072143801250500239e-01,6.952649157813232117e-01,5.617947716871147801e-01,4.763935423827069804e-01,3.006518758852934070e-01,5.567917391233939695e-01,4.984909136489850678e-01,7.336138516282122435e-01,8.718203283617821375e-01,8.879108847874154220e-01,5.339865132567214179e-01,6.341233756054360793e-01,9.953745356078691486e-01,7.162235288107301479e-01,4.545643289739908499e-01,7.549149926646105957e-01,9.577444635032907883e-01,9.726843072286776026e-01,9.805332992655970692e-01,6.086854627160409592e-01,5.814590608614658152e-01,5.621598367688173115e-01,2.969308447706230369e-01,4.099697166633539669e-01,6.740913976637870064e-01,4.060961609995386024e-01,7.256704192749884041e-02,9.067304676030728539e-01,8.274916038236825866e-01,8.271957838446117872e-01,9.526410356504994015e-01,4.842525378884965370e-03,6.040018970430975909e-01,1.035121331346688378e-01,4.591926308181552563e-01,8.114472337087330622e-01,7.772051781287941941e-01,5.049190110223932271e-01,6.044584059387252406e-01
9.272347742611805055e-01,3.532651136901006073e-01,6.775257955489760731e-01,7.253998214959842539e-01,5.334074342229793153e-01,1.411687858291870157e-01,4.325982852777648380e-01,8.783798448055026853e-01,8.638043556252550381e-01,7.131844340404361882e-01,9.512230221611451819e-01,2.784448895334898366e-01,5.228485713103524501e-01,7.202793310668518245e-01,2.063227195928660496e-01,0.000000000000000000e+00,4.107442518167138124e-01,5.160549042208338877e-01,6.039542647814215570e-01,9.853639696761735678e-01,9.501305127239186854e-01,8.528789491131321121e-01,5.210737756868355497e-01,8.608799715289834342e-01,3.514399741958196266e-01,6.104342752061471256e-01,6.465706896840942575e-01,2.721825998457578777e-01,4.049193629354588264e-01,3.573242099662609084e-01,7.888623652755089033e-01,5.334206093897320144e-01,6.958765181106176811e-01,6.058471698872518463e-01,9.672504168451276918e-01,4.489808378011679868e-01,3.696717972308483646e-01,8.462059019416663386e-01,9.586007446618383110e-01,9.348145876883607874e-01,2.712159752736314489e-01,4.996932189207697189e-02,5.444074935052489739e-01,6.627446188862173848e-01,6.628155033477877156e-01,9.187592147330910786e-01,9.278738795233896219e-01,4.886317304983243126e-01,5.349873318054252369e-01,6.667979086213389195e-01,7.571619203460611125e-01,1.382294404084397355e-01,9.572058834739384237e-01,2.514664989437497833e-01,-2.989285510325107031e-02,8.481649928220594825e-01,7.153227551375620497e-01,8.721431551340335098e-01,7.713623025985800741e-01,4.360941652894895770e-01,4.633306041024008032e-02,2.317245420316714211e-01,5.978433123842241681e-01,9.679628933704929883e-02,7.171289268292246888e-01,9.611559235127038470e-01,9.703544745661791815e-01,9.735450240704612845e-01,7.246133951811303264e-01,4.841029554127227463e-01,9.584126430339257041e-01,6.407726725253886091e-01,8.638567971401300838e-01,4.444298636982212947e-01,7.559254771400010231e-01,9.251043400535143846e-01,2.165236014504639261e-01,7.316407987609947483e-01,4.208072993701778564e-01,4.404962065913399782e-01,6.995551538440349937e-01,7.808228192865134254e-01,7.863529822915229506e-01,6.870864575184403300e-01,7.961822703366823184e-01
9.061491082148011023e-01,6.901818164384767584e-01,6.006101936675243280e-01,7.033650560966324683e-01,6.138045686516389043e-01,8.821454589773233268e-01,9.781849549464597393e-01,8.641532905034146061e-01,7.951194381695809721e-01,9.375819321626398528e-01,7.784540603270010406e-01,8.608639542924498844e-01,9.815967894619264111e-01,3.503262578173411690e-01,7.465992172287140294e-01,4.107442518167138124e-01,0.000000000000000000e+00,6.974848810492496609e-01,8.407120567796708688e-01,8.678030413285795497e-01,9.631360248325245843e-01,5.604167998622616720e-01,9.350570018414203766e-01,6.721753525378373340e-01,4.108989950229784416e-01,7.517214979888822146e-01,7.703882533760419982e-01,7.307773883259977010e-01,3.765041032751684225e-01,2.941998853300336059e-01,4.536491142764396134e-01,4.727781498937339566e-01,7.662576722826003328e-01,9.498832769819388622e-01,7.846417934229424906e-01,7.625677842974107890e-01,6.143175102850840785e-01,9.165311398049461600e-01,9.030117597740074942e-01,3.223651588308404925e-01,4.868444931376768037e-01,2.830423991090947888e-01,8.565863356769850556e-01,5.091358461562572879e-01,9.416831536553025295e-01,4.963547033775858042e-01,7.297581082669573060e-01,6.289502214739332020e-01,9.708515232797542138e-01,6.254550291669880302e-01,9.523279109358835370e-01,4.624094639100824744e-01,9.582268794248559596e-01,6.869115693110753318e-01,9.159394886644701694e-01,8.574961109907827117e-01,4.343494886696589452e-01,6.150642061683769812e-01,9.778452921293233624e-01,9.763373814024911557e-02,6.823226658202047323e-01,8.310634252606574623e-01,6.414159987039107502e-01,4.341653440971964262e-01,6.351684691171862740e-01,9.219699379386288030e-01,9.270071018828952569e-01,3.389012308623614578e-01,5.871216517228509124e-01,8.970069158513401808e-01,7.211962529172375458e-01,1.829728879705000422e-01,7.506019938814338932e-01,4.271545827863177935e-01,6.059919220407725682e-01,9.097294234000475877e-01,8.339752823986720243e-01,9.407708591248925556e-01,6.259134983510658001e-01,3.918060997813648805e-01,8.024364853674462728e-01,6.307148796236724531e-01,6.025969919166818123e-01,5.770885108750175574e-01,9.788884060451017444e-01
8.406431610909070873e-01,6.661605931324978691e-01,2.369268957628141437e-01,7.000697242156226352e-01,7.678022155959509654e-01,4.967682110532213868e-01,5.648841374159019324e-01,3.685278983119659735e-01,6.788521637685961396e-01,9.840153680656652524e-01,9.538812559033569283e-01,5.460039076057625618e-01,6.095481608771536886e-01,7.936544623061512205e-01,4.540850872772164148e-01,5.160549042208338877e-01,6.974848810492496609e-01,0.000000000000000000e+00,7.881315311362184772e-01,6.613983948740451702e-01,8.579683187322912907e-01,5.041545693830321584e-01,4.746392901423726607e-01,8.285346292303261695e-01,6.709110986326687343e-01,3.023570910581394600e-01,5.093854886124771220e-01,8.549309766410976286e-01,1.467911133315374650e-01,6.691789589107854930e-01,6.100986914139882034e-01,4.704519360697560493e-01,2.637253525353264738e-01,9.158624733482786384e-01,6.309395624319580342e-01,4.453991027299430971e-01,5.798209929417932340e-01,7.206702999313684410e-01,5.674573103009319386e-01,5.183490266205760255e-01,7.592575929822560632e-02,8.794001629633618755e-01,9.172200433913629825e-01,5.759846429730193229e-01,7.900981368754499412e-01,7.969156188947995600e-01,8.709968607151223896e-01,9.666291419850704392e-01,6.940948449387834840e-01,4.390098740619029494e-01,7.999145293736491524e-01,7.999382385268658524e-01,7.605262345170398230e-01,2.995200742519767423e-01,8.747898057224388069e-01,6.881012943718808339e-01,8.310967232462362908e-01,7.302080401300184986e-01,6.153634726913180808e-01,4.781475449292686419e-01,6.766453362362829793e-01,9.330000845972026280e-01,7.346948682187374180e-01,8.508883129749090779e-01,8.777720654674928680e-01,6.334444314612647231e-01,4.786428513325181600e-01,5.510212433106687069e-01,8.606909211393863890e-01,5.410165195541852823e-01,8.335741312218688526e-01,6.778964038585584273e-01,4.561714543766040575e-01,9.874575172198272188e-01,7.879552512497838279e-01,9.940858148438801445e-01,4.648983173286717063e-01,3.538081159360224603e-01,6.902138521239149505e-01,2.905631504285987043e-01,9.116354228182239616e-01,3.475520967072628364e-01,6.241834282491187658e-01,5.043497395930260918e-01,9.487073751289427648e-01
