0.000000000000000000e+00,6.658244577548796395e-01,8.217198278800605937e-01,6.343917094405646662e-01,8.052146644885466165e-01,8.161952315335146979e-01,9.485420806134844396e-01,5.012113769638562033e-01,8.227929230897635948e-01,8.178242235287783712e-01,7.951218816131947476e-01,8.613493126248673581e-01,7.387432434295920780e-01,6.853483981858049523e-01,8.405307328757819496e-01,8.145624247211419311e-01,2.076168007261331439e-01,8.938447112745114831e-01,8.912066233520924419e-01,6.271977655298917043e-01,9.227593213808333861e-01,8.782738382304953184e-01,9.791425282869289370e-01,6.458229749118462593e-01,9.280966727408224148e-01,9.872958408872942737e-01,8.814214014513761519e-01,9.874656831907234755e-01,9.446917428017399289e-04,4.596462064748646492e-01,1.572253430825204801e-01,4.687781260306065345e-01,8.558605667301526498e-01,5.688976590942586009e-01,8.770513115094962231e-01,9.766467633212666533e-02,3.279603754096043766e-01,4.673598706713902318e-01,8.708593169871544637e-01,2.705609476416545589e-01,4.964356773336073836e-01,6.494104732471661645e-01,9.676220941430759837e-01,6.434262669388750577e-01,5.967697995194011229e-01,8.275944322849441148e-01,4.559513946941098905e-01,9.108926350693510310e-01,9.507870711927574048e-01,8.385860836700728127e-01,8.059821518179763888e-01,8.646431648940309245e-01,8.967018122613626963e-01,6.154127393144179919e-02,9.805349793916016132e-01,5.453640165209888702e-01,8.870708946250336346e-01,6.166001955726939654e-01,9.356532795712000361e-01,6.090845892322330757e-01,4.971592126552021318e-01,8.357719090247596183e-01,9.878296096420117189e-01,9.197798960861958140e-01,8.748165775102952901e-01,8.429395134360762043e-01,7.456436814017048942e-01,7.703168533909412474e-01,8.954171821751265581e-01,7.766013099336434022e-01,5.206102594862835886e-01,8.183794381409535967e-01,3.178022157498437972e-01,4.604945182542607984e-01,8.968146745129891295e-01,8.372207563181058854e-01,8.507689237548758943e-01,2.307354783556806732e-01,6.380325961364297083e-01,3.017054128370842414e-01,5.243747849785875825e-01,7.669353556786711046e-01,5.138565808100312715e-01,3.310577891660930749e-01,4.224062557822456654e-01
6.658244577548796395e-01,0.000000000000000000e+00,4.263822223500868258e-01,3.905555331055566848e-01,9.404497275235939036e-01,6.592617541512404422e-01,7.929043272297853218e-01,4.168208454458809942e-01,4.090281109631458967e-01,3.465537192817103040e-01,8.349236225371734488e-01,2.784570458081596089e-01,8.471256957644286434e-01,8.240983173982298071e-01,6.238230121831148667e-01,5.930556738984450460e-01,8.324821708315262025e-01,9.975264563092168801e-01,7.002410529330469480e-01,9.186748603336486463e-01,9.063803200456370668e-01,4.519009120152637782e-01,7.183834435193809931e-01,9.702362244125553037e-01,3.104799599128210685e-01,9.992934715799310919e-01,7.827678719956748798e-01,2.797214594394385467e-01,4.790847167902806403e-01,3.686439481558574927e-01,3.689253929986074931e-01,5.690075025843677192e-01,6.041522906365898171e-01,9.605453093067276571e-01,8.411298350113309841e-01,5.998933878816354870e-01,2.894974753151176583e-01,8.514434603163683057e-01,4.461953981286870818e-01,9.064276093906300513e-01,5.112995179201118741e-03,9.473264834815562363e-01,7.884331540741489341e-01,6.617055930382116369e-01,8.654203327015735914e-01,7.957595132447523589e-01,9.723555081752817131e-01,6.120836940170537588e-01,7.825031533103468107e-01,6.655000876205390270e-01,6.671421539902603337e-01,9.825497592052522267e-01,6.437540042724538836e-01,3.032391296725970298e-01,9.289844625729344330e-01,8.049832673907421077e-01,6.660621312291357121e-01,7.709464101146846771e-01,9.495431707903688734e-01,7.143765642130908144e-01,5.145737061994563044e-01,6.514960663370074068e-01,7.521100390419059867e-01,8.849844974953841037e-01,7.252775077322530795e-01,4.646522077398541617e-01,3.187493634518692720e-01,2.557028890602675020e-01,5.751051840862166920e-01,9.964248111116392748e-01,6.582891147200280457e-01,5.577510197761654798e-01,2.009863801558787744e-01,6.041826064531138352e-01,4.457542911376975447e-01,6.325582550498103362e-01,2.603050885917653767e-01,1.188277278968333239e-01,-1.558660083187056455e-01,1.191795975786547751e-01,6.255477771953189547e-01,8.807332335821140834e-01,4.784243068304795399e-01,1.577259661273592017e-01,9.668393364428728987e-01
8.217198278800605937e-01,4.263822223500868258e-01,0.000000000000000000e+00,9.769059281657771487e-01,9.796959098172459690e-01,9.113978726985678680e-01,4.620687684161659536e-01,4.928588890849582294e-01,9.570331542129046909e-01,7.541752982719694964e-01,6.352410499022721480e-01,9.397725269529217940e-01,7.920964137726211884e-01,9.260639587444131626e-01,6.496683218305084884e-01,8.751172794501214103e-01,8.519061358067389067e-01,8.769648427604110896e-01,9.287249275572821983e-01,5.604507507588841753e-01,8.983546903677683826e-01,2.168161720424877925e-01,8.653159616751672223e-01,6.674834190124612210e-01,8.762908572127144913e-01,7.575844872350452341e-01,2.141809931394596800e-01,6.696408789405974282e-01,5.956464700374455301e-01,5.466095087489588611e-01,4.700793770557854523e-01,5.393482770347909350e-01,7.941828176303180609e-01,7.239449716079172648e-01,7.296047067232928063e-01,4.819543572045686258e-02,1.474684580930138711e-01,9.922180205331148084e-01,7.007918472567254975e-01,4.486182734672943817e-01,2.312692711540664248e-01,8.388127264521747506e-01,8.084767647846500260e-01,8.007595395182974807e-01,2.018515129936928887e-01,8.234930417708978823e-01,3.498521085135092856e-01,9.433254846088390266e-01,9.456936243056034419e-01,8.296177952277393741e-01,9.436228071385300842e-01,8.183115000187439758e-01,9.730347982210587610e-01,8.932476076634684459e-01,8.987683630720525452e-01,4.744671136590637994e-01,8.986328878902700712e-01,4.156572341830738759e-01,6.977680325862463118e-01,7.502731175280241693e-01,5.725515080025609382e-01,7.224315618470783518e-01,8.822622774174184723e-01,6.558637517442237330e-01,9.677767841036979402e-01,6.706212185452860020e-01,1.156858952366594251e-01,9.841656193708133715e-01,7.639264288071285769e-01,9.628674580396922034e-01,3.979951931898453310e-01,6.635940646780802421e-01,1.305303145951088595e-01,5.934437711005638993e-01,9.012197468645869458e-01,2.608155386278114829e-01,5.725547587451087495e-01,3.882129176761676126e-01,7.742059489258461547e-01,2.274877101136217605e-01,7.233668021863799424e-01,7.222818141996623087e-01,6.557160735798468476e-01,9.089590018044800823e-01,8.158457182643076289e-01
6.343917094405646662e-01,3.905555331055566848e-01,9.769059281657771487e-01,0.000000000000000000e+00,9.988834011274696500e-01,6.083209177792628930e-01,1.924010433619364191e-01,2.749586415040722875e-01,9.659947198777067978e-01,8.359784309876845398e-01,9.618233018995901995e-01,7.049198131078537877e-01,6.498237672076375704e-01,8.820915103569686444e-01,9.000581128341023085e-01,9.703665493787765328e-01,9.605494338274505051e-01,6.573843844804754255e-01,8.097944945001572803e-01,9.163697862670918681e-01,7.647451480597891038e-01,9.487505849643778078e-01,8.717196230160159098e-01,7.756099246763227262e-01,6.121016263616186892e-01,9.633452708540481968e-01,6.739897238442609240e-01,7.053239786262259781e-01,2.282442123112765064e-01,5.101386399592381382e-01,5.864324201160258099e-01,7.110329705945008794e-01,7.137964180277549531e-01,9.928485982598285187e-01,9.444433537393951417e-01,4.042307922898059069e-01,-3.410382910605230800e-02,4.295932921609728616e-01,8.124258460197570919e-01,8.472505386098982960e-01,7.467066262709840530e-01,8.387030409618154714e-01,8.728403526937319468e-01,5.980272776942394675e-01,8.767239335130672107e-01,9.447292348985772970e-01,9.303064048512162953e-01,7.478838832868822672e-01,5.379806838512660727e-01,8.512978676847970938e-01,9.417487433658691121e-01,8.606252033835977144e-01,9.442215275043082112e-01,4.363166766206426073e-01,8.118071049086562629e-01,7.820259214331483077e-01,7.622224050323609390e-01,8.011532684401716509e-01,6.742634018436144405e-01,2.715689770409039361e-01,2.297353303615709552e-01,5.438418480383330200e-01,7.721403309094351242e-01,8.370984276668436141e-01,8.200215789788474208e-01,2.145143915137614210e-01,7.456399111703866378e-01,9.276999260469346309e-01,2.032145907312479793e-01,6.609269830869792806e-01,8.252461772484995794e-01,3.513479913336418625e-01,7.471572398258088388e-01,4.325817088450126802e-01,2.684187915625113052e-01,9.170142061988193483e-01,9.759404189986176092e-01,2.397985298260756903e-01,2.265664758100835452e-01,5.373290979947603629e-01,5.495036755854695310e-01,9.909125003681216182e-01,6.185480950436306191e-01,4.041560401790924573e-01,8.440357997541559909e-01
8.052146644885466165e-01,9.404497275235939036e-01,9.796959098172459690e-01,9.988834011274696500e-01,0.000000000000000000e+00,5.777814025170964207e-01,9.920888513446025625e-01,7.926580128789308954e-01,7.341726844019932363e-01,9.279862254734309035e-01,9.049872226807449405e-01,7.266498376669991988e-01,8.965608284871262601e-01,9.572996023427833290e-01,6.373712667533300014e-01,6.938995791104815014e-01,8.339003713014510044e-01,9.887754584388701584e-01,8.943257176961251220e-01,9.961340580862021454e-01,8.848426961931536994e-01,9.376859406444011391e-01,9.022453428474528359e-01,7.991583023961963406e-01,8.549108058627795659e-01,7.496712210398416287e-01,8.429597913301205558e-01,8.652108720507457607e-01,-1.777458574617304665e-01,2.059091549818910794e-01,2.598240780662124383e-01,7.467427128610335529e-01,8.189940904195270877e-01,9.612162430650299516e-01,8.693589348781372017e-01,4.540495450924114662e-01,3.161146507794399541e-01,9.550050031555865626e-01,4.799111645999982745e-01,8.308101984942057872e-01,7.805328875396141397e-01,9.995372144798618796e-01,3.761813757772481948e-01,5.539085185065653061e-01,8.724865027811586904e-01,9.597675362325748250e-01,9.430735658637970920e-01,7.550579975770510543e-01,9.022989001911795315e-01,5.933729609223188373e-01,6.933851777544223216e-01,5.097666748034809237e-01,5.255321506453629610e-01,5.652569982794499737e-01,8.559314070851735679e-01,9.095544809787022844e-01,2.838267428907193524e-01,5.755830782020349146e-01,8.618180902774067453e-01,7.506151592079569612e-01,3.414537796103793710e-01,5.418734442554720143e-01,4.299892335606726457e-01,5.774072546818928009e-01,6.763654177653559696e-01,6.137033327150712703e-01,9.036020831247689733e-01,9.492347590798793089e-01,3.356846558643809542e-01,7.907410603994262654e-01,9.487646118240031790e-01,7.865182719462510130e-01,5.294785408431609275e-01,2.037245750335374139e-01,4.126877955915313478e-01,6.984756235318674289e-01,7.356855107123255744e-01,5.673590667364348805e-01,3.659620609576696992e-01,3.063252406365730707e-01,6.953898086520792221e-01,8.425401226963079582e-01,2.092460555919217202e-01,4.357993387533472540e-01,8.081280579673441045e-01
8.161952315335146979e-01,6.592617541512404422e-01,9.113978726985678680e-01,6.083209177792628930e-01,5.777814025170964207e-01,0.000000000000000000e+00,4.058278275366320464e-01,2.341489585073983637e-01,3.314052410161433260e-01,7.090643183403211314e-01,8.034693196508018165e-01,7.258207827279713475e-01,7.012065134064758842e-01,8.929996249532049513e-01,7.348380638999845171e-01,8.165092649834292393e-01,8.788681437113721184e-01,3.274095603879497718e-01,7.061514602982809086e-01,4.449342987751124245e-01,6.794468977414699351e-01,4.964275679196078483e-01,8.532180307136316699e-01,9.074781118323217433e-01,7.424521726290462809e-01,7.606128878155377082e-01,8.477549325950664016e-01,5.297524775252966389e-01,1.075000635286860462e-01,6.367675689792238192e-01,6.494446147119848495e-03,5.318558764558415364e-01,6.689261812710136645e-01,9.217186261628254051e-01,5.804671967714812864e-01,4.064559115181045623e-01,7.630831216274307494e-01,6.288433562429067702e-01,8.866922771134815306e-01,9.240433645364732884e-01,1.086940984413401062e-01,1.080968733809146987e-01,6.067177134714636377e-01,7.610020686506870913e-01,3.702983940773814098e-01,9.266164567113929218e-01,6.079796422646228660e-01,7.375982175669600904e-01,9.517242772371081738e-01,7.696222809630318684e-01,1.706596478056473243e-01,9.635605128565448707e-01,7.088468924564591545e-01,6.037805993675954275e-01,5.361731694118175851e-01,9.402125954453780521e-01,2.626679520973596582e-01,9.581987960239722879e-01,4.769951520321091820e-01,4.217677108772450167e-01,3.086206314830008957e-01,9.276360221820720842e-01,7.573113577605010693e-01,9.204605680509905241e-01,5.796096707937142822e-01,6.738333833565238740e-01,4.544763834091022359e-01,7.300925299224987342e-01,9.467969754456917464e-01,7.633931096009244355e-01,5.202310972056951588e-01,6.912328911086479399e-01,8.568086195396205085e-01,6.093838662357635716e-01,5.900120289319887856e-01,3.968658235491904773e-01,3.628618705816634149e-01,8.040552236089351101e-01,1.627919195992816315e-01,4.944724151535048184e-01,6.968982104238635733e-01,9.208969368172612580e-01,9.385339096717580931e-01,9.113103036005967272e-01,3.861515650445176417e-01
9.485420806134844396e-01,7.929043272297853218e-01,4.620687684161659536e-01,1.924010433619364191e-01,9.920888513446025625e-01,4.058278275366320464e-01,0.000000000000000000e+00,3.702784696101693029e-01,7.482133896863977229e-01,6.967456211076399342e-01,6.015650724524580495e-01,7.559848571763603253e-01,7.358271522414912003e-01,5.466178857725038087e-01,4.036589043175767832e-01,3.344109218465763922e-01,7.470140585220118590e-01,6.757114378553422673e-01,4.631691523705875335e-01,7.097329521861639456e-01,7.675202310338102851e-01,2.493313537779879574e-01,9.409377718199968266e-01,6.533567351698634784e-01,5.971009046249192709e-01,6.970007411443455148e-01,1.632359719812952470e-01,7.762381110572049714e-01,2.498790372721660380e-01,4.331333351072666482e-02,2.968675597521779341e-01,6.146921647104410802e-01,2.887620613011787074e-01,3.546598885731814255e-01,9.315307187785648591e-01,4.435485447064112519e-01,5.578191970720892678e-01,6.479698189003302300e-01,5.558515597723248103e-01,8.589937873669659663e-01,3.393027172494798571e-01,4.042837840567335417e-01,6.916028782490802884e-01,4.064648110874143350e-01,9.327924075434114171e-01,6.837788938539481887e-01,7.066565513318296965e-01,5.903424222560312851e-01,7.944951932216353097e-01,4.315910624233278425e-01,4.487276724662198069e-01,2.046965162091174961e-01,5.464136655426159450e-01,6.340159686010685691e-01,7.692433345377724940e-01,4.902387542521104979e-01,9.891602850098428767e-01,6.879359453337773322e-01,6.259647137740895761e-01,6.487207509959302953e-01,5.488037203566724642e-01,6.390639201563818039e-01,5.985019172227163953e-01,6.816026848788606651e-01,7.686448425925973549e-01,4.435490540351414990e-01,4.868682393249553764e-01,8.555504894673543470e-01,6.845979266030719490e-01,5.887100687552149214e-01,6.234694744490953955e-01,4.023823663548399265e-01,2.748686548640852934e-01,9.375794028044277528e-01,5.655625536393134034e-01,5.761888290829876302e-01,6.343057533576634821e-01,7.588352080908294939e-01,2.147871068090780322e-01,1.622107943122906848e-01,4.176830371726538704e-01,8.099697086299242343e-01,7.002591477120664321e-01,2.243681038018659479e-01,9.873351903356009096e-01
5.012113769638562033e-01,4.168208454458809942e-01,4.928588890849582294e-01,2.749586415040722875e-01,7.926580128789308954e-01,2.341489585073983637e-01,3.702784696101693029e-01,0.000000000000000000e+00,3.978469101139811004e-01,2.800215272151554968e-01,7.729184275671530102e-01,7.442384822301895131e-01,1.598523436022178945e-01,1.712081319610754271e-01,2.855392129346550623e-01,6.553042777019216780e-01,9.791496499488004934e-01,7.613909010025206037e-01,5.754011390789350866e-01,9.607903026528522572e-01,5.620389069859481612e-01,3.088444514231505900e-01,5.880098004575646797e-01,7.511313786920011948e-01,6.307330805489324010e-01,1.512691629551285444e-01,8.452755457576129894e-01,9.811626145183642844e-01,2.333942886248881465e-01,7.344125520389050976e-01,5.846611427475740808e-01,7.660433716498848966e-01,5.390045785267614242e-01,2.793649956174301119e-01,5.425515032552860051e-01,2.380284095511485121e-01,2.304110821486690108e-01,7.303078315901478934e-01,6.909481221557589592e-01,4.111384063580293402e-01,5.663949796187011110e-01,4.359436448554624421e-01,8.484415515509544647e-01,7.334986807971519696e-01,6.791027462250431856e-01,6.952713720993171087e-01,6.659596126909447245e-01,9.757513037596448058e-01,4.522499998775725283e-01,1.394040039497994321e-01,5.219608101851984649e-01,9.357732097190210041e-01,2.350048263418484384e-01,7.619595564720162972e-01,9.331482075245386421e-01,8.528453205781920676e-01,3.227456245350208697e-01,5.829161068582883187e-01,-1.566760338615525716e-01,1.077487526053773764e-01,2.049429830398269703e-01,6.749199559292948791e-01,4.991626166936216635e-01,6.563794807086336114e-01,9.641661589943341104e-01,9.053134660230122144e-01,6.371043445144153328e-01,7.885902541898432982e-01,4.682346975719938742e-01,3.826293544942157565e-01,7.348369416128259779e-01,3.804885270375411022e-01,7.330244911108558803e-01,1.770005136954427016e-01,7.061403290464809412e-01,4.543663715087553623e-01,7.836315271515088554e-01,5.239255016510477869e-01,3.431804404377483131e-01,2.707611949636580251e-01,7.085095316659645315e-01,4.518878769615619628e-01,9.494455289841792212e-01,1.958017111024759616e-01,2.899025781250458289e-01
8.227929230897635948e-01,4.090281109631458967e-01,9.570331542129046909e-01,9.659947198777067978e-01,7.341726844019932363e-01,3.314052410161433260e-01,7.482133896863977229e-01,3.978469101139811004e-01,0.000000000000000000e+00,4.108704928634140940e-01,3.091549626530889494e-01,4.887461503784792383e-01,5.635391706537162815e-01,1.952981192323176018e-01,6.103356979275462724e-01,8.565672519547795627e-01,5.187525447164753611e-01,9.410326311106674835e-01,2.620061780829953113e-01,6.686574692471007886e-01,7.552312134509319153e-01,3.171527419747015020e-01,5.153193941036957604e-01,9.571436067496078559e-01,4.218031066542936025e-01,5.640214743635343364e-01,6.853370294522844741e-01,4.832846926411178967e-01,4.900442060818978596e-01,6.875888440922586220e-01,1.604787651702774542e-01,2.567180198882750286e-01,9.445388483116173850e-01,8.132108102783394132e-01,7.298700266357666111e-01,5.991642387588447249e-01,2.181255267689196364e-01,5.888687939842920382e-01,7.047182120621192647e-01,2.763298455347110161e-01,6.937222301831624804e-01,4.089318746336446098e-01,3.026692234711855223e-01,9.248106752026437061e-01,9.970418307089270460e-01,7.567977244208400345e-01,6.953413797895023896e-01,3.716810750914892880e-01,7.842921556541613270e-01,5.818955377918719751e-01,9.434123825389596485e-01,4.778988023601782320e-01,6.899421599106543290e-01,8.033347064350474520e-01,6.205691817264875620e-01,5.327441060664640515e-01,6.689534281275053562e-01,6.121226745358973043e-01,8.505539595533060382e-01,3.054466799890482309e-01,4.520212923299878338e-01,5.874012704418578590e-01,6.054688918714563606e-01,9.092788492448298232e-01,8.020713477809018332e-01,7.558894855226603315e-01,7.508421268820697492e-01,8.713772314598959845e-01,6.461695021096660607e-01,4.431373890175029362e-01,9.178655065094971643e-01,6.355919770679502312e-01,6.017997862284285571e-01,2.404637703322477504e-01,-3.796320696289273711e-02,3.161521705596276877e-01,9.950228809174452849e-01,8.720569728602398651e-01,9.328836226492802641e-01,4.228429350898983419e-01,9.631174181390069755e-01,7.206961993382094978e-01,6.893067269343353676e-01,2.156565631718653508e-01,5.749275029979471485e-01
8.178242235287783712e-01,3.465537192817103040e-01,7.541752982719694964e-01,8.359784309876845398e-01,9.279862254734309035e-01,7.090643183403211314e-01,6.967456211076399342e-01,2.800215272151554968e-01,4.108704928634140940e-01,0.000000000000000000e+00,4.985139042122754827e-01,7.265700856133121555e-01,8.977748824272553385e-01,4.137668036975181707e-01,2.748832295648047652e-01,3.777409769460923217e-01,6.354442137810127900e-01,7.058229499077280922e-01,9.339529410122431319e-01,6.822019151410133597e-01,6.735260742004098855e-01,9.894722925142707126e-01,6.168612508583624088e-01,2.764885078265143514e-01,2.821899154709796020e-01,7.979341135805642082e-01,6.630443603185149914e-01,4.537049724103354165e-01,5.879767992403157617e-01,6.910416403779950922e-01,7.627155917167619537e-01,3.654713116389734368e-02,7.056427906816362672e-01,8.666920564364359869e-01,3.613226014069104586e-04,5.085501278259275670e-01,4.220979074187226066e-01,8.317858090529807180e-01,8.857258293597007892e-01,9.155505783014663557e-01,6.188995240517383145e-01,7.116783457968589577e-01,7.666154252262362689e-01,2.161794593414083088e-01,8.365502558168437242e-01,7.028873442125161963e-01,4.821625473456003785e-01,5.430411757897530833e-01,7.995377532259816400e-01,7.065406177077260264e-01,4.388126262676842471e-01,6.240893834783657335e-01,8.155190057617741628e-01,4.763964257551275283e-01,8.291100560877359138e-01,9.461887102546565620e-01,8.799804629596832406e-01,9.810008932110285684e-01,6.459644724220486856e-01,4.643805129998120895e-01,3.334897455210368289e-01,6.452605393695737268e-01,8.474061408883681867e-01,6.055545965161939215e-01,8.899401392510343234e-01,7.375494454917029818e-01,9.645066226943276311e-01,6.143453278575091714e-01,4.256219006316528386e-01,9.339183606984945429e-01,4.520447303882315082e-01,8.483668375248263338e-01,5.011511309500242817e-01,8.582351129877685558e-02,5.467609325563458356e-01,6.109876142343957373e-01,7.812432233571919848e-01,5.245709197563817039e-01,2.348581792252720235e-01,3.336954008445638387e-01,7.566885907246255760e-01,8.502682490935520310e-01,8.289051835592824435e-01,4.373951894709052768e-01,6.063652806057504563e-01
7.951218816131947476e-01,8.349236225371734488e-01,6.352410499022721480e-01,9.618233018995901995e-01,9.049872226807449405e-01,8.034693196508018165e-01,6.015650724524580495e-01,7.729184275671530102e-01,3.091549626530889494e-01,4.985139042122754827e-01,0.000000000000000000e+00,5.266442760004333978e-01,6.671081455214333822e-01,7.567820666690930898e-01,9.687627347982981085e-01,9.804329374493788718e-01,7.188195348114658767e-01,5.187252595665070576e-01,8.890529999724446908e-01,3.965253943646820933e-01,9.564168840140164773e-01,7.490258490453822748e-01,6.647766485100741196e-01,8.687395655228021818e-01,5.144554752016684551e-01,7.625098260326632627e-01,9.626322039679287013e-01,9.998285558597941325e-01,5.555703319628064740e-01,4.282488233988899773e-01,4.706284140143663919e-01,4.413089269812185411e-01,7.668933148290005830e-01,8.141247745299076133e-01,5.647794822467939735e-01,2.314998689092246098e-01,1.055251620022895215e-01,4.558566068632211032e-02,6.408639285951334141e-01,8.683421126212215180e-01,7.409763109183229446e-01,5.656808921980034377e-01,4.468861189961699232e-01,9.165786743737951436e-01,5.607890219266166154e-01,1.061683633331822474e-02,2.667514974284671547e-01,7.683624159613974269e-01,4.152802552681748582e-01,8.709004870054970482e-01,6.289342627958126597e-01,5.812743196434051463e-01,6.243863033882333102e-01,5.379375415904658064e-01,6.585797090131499942e-01,7.468222459748591335e-01,7.739132323116959533e-01,8.992011577596659144e-01,7.160477414078419978e-01,5.435859074366802268e-01,4.893133877024029577e-01,1.660194147986395960e-02,2.921556311811730478e-01,8.242640615356744416e-01,6.035487976083043771e-01,9.167764281223558243e-01,9.271121513412712289e-01,7.753335310476112685e-01,2.811107456002022165e-01,8.755475547852331619e-01,7.087129962535190231e-01,6.315933524579948888e-02,2.689922496929744722e-01,6.214013604302093263e-01,4.115309644733614602e-01,6.827826040536215668e-01,9.001812429757829470e-01,7.126953137791246506e-01,6.052803290244755940e-01,-6.290732727610545694e-02,4.268771408461556893e-01,4.103875802888240498e-01,4.848176103565371431e-01,2.313868697820259668e-01,4.059050700132432188e-01
8.613493126248673581e-01,2.784570458081596089e-01,9.397725269529217940e-01,7.049198131078537877e-01,7.266498376669991988e-01,7.258207827279713475e-01,7.559848571763603253e-01,7.442384822301895131e-01,4.887461503784792383e-01,7.265700856133121555e-01,5.266442760004333978e-01,0.000000000000000000e+00,6.645444491723130342e-01,4.661144416848038152e-01,7.382379496068581792e-01,7.190073627146085222e-01,6.464881537069703255e-01,6.276052971143385451e-01,7.580873825142663280e-01,6.702899228962283518e-01,6.973586103236222300e-01,4.626829784502475285e-01,6.747214544980399964e-01,9.723123796535637631e-01,4.240584732361888931e-01,5.360850261827221352e-01,8.059462158517531893e-01,8.557568125585446328e-01,6.730796880434709584e-01,4.133668101156755953e-02,3.932018490546015377e-01,7.877927858195994393e-01,7.479163735050387007e-01,8.258330505181346037e-01,6.258075308986352780e-01,7.320151544785110653e-01,3.666206587668268124e-01,7.507029025009788192e-01,8.955034946297408815e-01,9.134451572494792781e-01,6.962882916580899195e-01,6.595783624271671641e-01,8.626615062889926300e-01,9.459588141017243323e-01,7.412813336103849515e-01,9.630547285715037598e-01,7.648498446291968067e-01,3.868343829725635896e-02,6.478733296745337045e-01,3.629941343164557743e-01,-1.647957965935560598e-01,4.997833355018107548e-01,6.250951685068308894e-01,5.445607390785885960e-01,6.181450783253957804e-01,1.518171474568871249e-01,9.654820586244541314e-01,6.094976531076234938e-01,6.491646626719753677e-01,5.618580530555098429e-01,6.001755693050481177e-01,7.835820135318947166e-01,9.068949912752239939e-01,5.285979426335177811e-01,8.477708056130154324e-01,3.311572297661030673e-01,9.522521873847711316e-01,8.187318897496431713e-01,7.005153405897226460e-01,4.382482734360483856e-01,8.961771491916604715e-01,8.547493973668824907e-01,6.223014535750612808e-01,5.678592783342810701e-01,2.217782427637122189e-01,6.789437241357429986e-01,9.291481151282977580e-01,3.576102077879744767e-01,2.668490377799791480e-01,2.818496072150384890e-01,3.204383361965520982e-01,6.577328144520010467e-01,8.982862863140503862e-01,2.327115205381382612e-01,9.561282156187249637e-01
7.387432434295920780e-01,8.471256957644286434e-01,7.920964137726211884e-01,6.498237672076375704e-01,8.965608284871262601e-01,7.012065134064758842e-01,7.358271522414912003e-01,1.598523436022178945e-01,5.635391706537162815e-01,8.977748824272553385e-01,6.671081455214333822e-01,6.645444491723130342e-01,0.000000000000000000e+00,6.220004529329047349e-01,8.211283067172379102e-01,6.064803319412584992e-01,5.181642488653342982e-01,7.438940143036013586e-01,7.356846730507005105e-01,4.340569111555574455e-01,5.405869628364243784e-01,8.156106807541884107e-01,9.524077664194556814e-01,4.116293382099732168e-01,7.428297278275253213e-01,4.520834410303838369e-01,9.107739064561296560e-01,9.972770407520983316e-01,8.374159799951625960e-01,7.357264760067346865e-01,4.373334867338037335e-01,1.380027729931490310e-01,3.085323310649903394e-01,6.167635860044494711e-01,7.453036271682782488e-01,6.270469188980515307e-01,6.893072025111118828e-01,8.149618719269431377e-01,9.203908482246002665e-01,7.642315449374739167e-01,1.718711432902991498e-01,7.148158211809853002e-01,8.564833281096155826e-01,6.447577076405047736e-01,7.493957398243131784e-01,5.126886945073170221e-01,7.462163553499936430e-01,9.766716643360863204e-01,9.362601671866018771e-01,7.300860925779946164e-01,7.948307681842287087e-02,9.113958093813384620e-01,5.631713804822013891e-01,8.592003074097874782e-01,8.149014995781029835e-01,8.459292269101078565e-01,8.034254600154748793e-01,6.531455746176768606e-01,8.820759548089541768e-01,4.767868751396597271e-01,7.935518359912425712e-01,8.150999890173317164e-01,8.635181235285847023e-01,9.941660143400261607e-01,6.238678007781928159e-01,9.447891003277723021e-01,6.385278069121207434e-01,7.305461338023364615e-01,5.508794411419901671e-01,6.436069731618130341e-01,8.472145442341153521e-01,2.722458229421013676e-01,5.684946155135989221e-01,5.589428783493399777e-01,2.725259617301675763e-01,7.913986965885917435e-01,8.264119380622736433e-01,7.999557835202519840e-01,6.025371350478485599e-01,6.732567644321688638e-01,3.404709955870647287e-01,7.923053453152730796e-01,6.962240646569021196e-01,8.723192579961904780e-01,6.493632122148677022e-01
6.853483981858049523e-01,8.240983173982298071e-01,9.260639587444131626e-01,8.820915103569686444e-01,9.572996023427833290e-01,8.929996249532049513e-01,5.466178857725038087e-01,1.712081319610754271e-01,1.952981192323176018e-01,4.137668036975181707e-01,7.567820666690930898e-01,4.661144416848038152e-01,6.220004529329047349e-01,0.000000000000000000e+00,2.546410382083098001e-01,8.411327695793346937e-01,5.938721846225321066e-01,3.245449937706999521e-01,9.772638479279435186e-01,7.252880071269813822e-01,9.930058479551349127e-01,4.216949281643934677e-01,1.012419876073318570e-01,9.874509325780749247e-01,3.514755828964765128e-01,7.470735658735829787e-01,8.962930522786383136e-01,1.739181629551854735e-01,2.446893770112689714e-01,5.728987702042847435e-02,3.620070564208877073e-01,6.081722128682164330e-01,4.083364942525962160e-01,6.275576215754550269e-01,8.745085424346809022e-01,6.606594292357979015e-01,4.498702178412251618e-01,8.916930352777199253e-01,8.464925434953789463e-01,3.147934641346797902e-01,6.735182171864213529e-01,5.874573245724404869e-01,9.961189535101475645e-01,8.158532048212532306e-01,9.271705033777379867e-01,8.222629606326541385e-01,4.307098949241392472e-01,7.031185649322703179e-01,7.546058843435949903e-01,8.526008298655776141e-01,8.656764547307276292e-01,8.433261630103837669e-01,7.430877780085114459e-01,8.673244990569759505e-01,8.068453619344598815e-01,8.912292027245757309e-01,4.734532460173437873e-01,8.079911444101346429e-01,7.557008650229632973e-01,6.272940161808077120e-01,6.794555919843048297e-01,5.521430306976398139e-01,9.417590205027892569e-01,8.760444669178996113e-01,8.585012867710133388e-01,6.148350969414991818e-01,7.759426823417535646e-01,6.157659820085259472e-01,4.164752935771069975e-01,6.544533861692525267e-01,7.324004538564274913e-01,4.173479711283952787e-01,-3.086285103311466882e-01,7.301454840335981356e-01,6.177158456352956906e-01,9.245189367211240627e-01,4.820456285121449413e-01,5.234531534116856344e-01,4.111562984605822701e-01,7.419969833471576348e-02,8.503092455794012405e-01,7.864653470323856865e-01,8.530427411959905504e-01,3.766892299731029459e-01,6.222899867350423220e-01
8.405307328757819496e-01,6.238230121831148667e-01,6.496683218305084884e-01,9.000581128341023085e-01,6.373712667533300014e-01,7.348380638999845171e-01,4.036589043175767832e-01,2.855392129346550623e-01,6.103356979275462724e-01,2.748832295648047652e-01,9.687627347982981085e-01,7.382379496068581792e-01,8.211283067172379102e-01,2.546410382083098001e-01,0.000000000000000000e+00,4.074050917764445168e-01,9.709138006066353466e-01,3.203596798015113656e-01,6.619794227321171842e-01,6.850575556791933529e-01,9.152596859136070684e-01,6.778262101773446791e-01,9.916079117525815612e-01,9.100648034517381246e-01,6.675290327666573154e-01,3.206993028672672774e-01,2.530389829006599589e-01,4.407887729118770692e-01,7.332337844551715111e-01,6.216652847288383077e-01,3.045759651344518426e-01,8.892730435570785907e-01,7.925548218189766292e-01,4.389909325933420980e-01,7.757492220354899048e-01,2.088535248872377958e-01,5.732123927031436139e-01,8.471213334928557881e-01,3.925130603993923772e-01,6.105967937201418616e-01,5.974714102500109369e-01,3.124500776266014856e-01,5.720028959993223028e-01,6.895828159856612904e-01,6.998407691103936124e-01,9.168153339217938180e-01,8.138298682079697643e-01,4.822154265056511346e-01,7.845693203308543584e-01,5.955265419352768763e-01,8.778127878255327365e-01,7.557450429580186979e-01,8.815607242178498115e-01,7.921035033749954657e-01,8.286087542744130507e-01,9.519029619611625304e-01,6.796053506131036759e-01,8.254268912152590287e-01,9.629496729836799496e-01,4.515829859208198571e-01,6.502102068376789390e-01,4.447661837538646190e-01,2.533229683783785879e-01,6.993755593534923820e-01,7.238227080152730419e-01,6.978841441141573343e-01,7.286751587306296019e-01,8.014372039015431604e-01,6.386678386170629995e-01,5.205541739348756858e-01,9.089561377136765596e-01,7.834362962951056941e-01,9.663268366608381843e-01,5.611849779046235165e-01,2.773242459350056532e-01,4.937184131116117425e-01,9.569491024295383452e-01,5.259739032463722763e-01,6.653273333484625018e-01,2.639867327461523638e-01,8.681616719883165079e-01,8.826910309085709283e-01,7.675059215141448732e-01,7.184164862097526250e-01,7.710013454936630595e-01
8.145624247211419311e-01,5.930556738984450460e-01,8.751172794501214103e-01,9.703665493787765328e-01,6.938995791104815014e-01,8.165092649834292393e-01,3.344109218465763922e-01,6.553042777019216780e-01,8.565672519547795627e-01,3.777409769460923217e-01,9.804329374493788718e-01,7.190073627146085222e-01,6.064803319412584992e-01,8.411327695793346937e-01,4.074050917764445168e-01,0.000000000000000000e+00,8.129131750470112161e-01,7.396541263974472091e-01,7.297485712658409174e-01,9.126591590970621892e-01,4.683482409029436355e-01,3.373438614350267595e-01,8.282135156229549766e-01,9.396345756677020322e-01,6.689207902177050080e-01,7.618326208615099349e-01,9.157401843086069304e-01,4.262520906437187729e-01,4.315880631788125976e-01,4.800057014152293577e-01,2.276179019514090185e-01,4.717198987879961947e-01,-3.924665512592530048e-01,9.247746510162160316e-01,7.047744099971428033e-01,3.416902759532409739e-01,3.798887156079889804e-01,2.234450888032361027e-01,8.098800428547355823e-01,6.694277493565548021e-01,2.557596886728109586e-01,6.755506212673516586e-01,8.687994270806237429e-01,9.210061387978913938e-01,8.350039770653774340e-01,7.434017336793738995e-01,7.438191205555713115e-01,9.916741652554695863e-01,4.742696122516678048e-01,6.435137122878827887e-01,5.968210849739612467e-01,6.265761065016246523e-01,9.691047923574622747e-01,1.670785349784765506e-01,7.458146339458964214e-01,7.250796178488926325e-01,2.256367365540710435e-01,9.080261545698850023e-01,8.788478449802147319e-01,4.902342483387051031e-01,5.080733579812389822e-01,7.532458382820423903e-01,9.522843046624832608e-01,7.992650995968832994e-01,5.269838648350113619e-01,6.350468930617981789e-01,3.789825637152154370e-01,9.392532263416228933e-01,2.087044141708145617e-02,5.618438667758838267e-01,4.803476508904975240e-01,5.686337550693933984e-01,2.721218815525021650e-01,9.157527441485634190e-02,4.646362714046081699e-01,8.587667283318953793e-01,5.699277255798981257e-01,7.332922364550951144e-01,4.654280872731535457e-01,3.169336476580950634e-01,7.855546499001729854e-01,8.189422301792951275e-01,9.072108647179186747e-01,2.701141067273228336e-01,7.608017658150666440e-01
2.076168007261331439e-01,8.324821708315262025e-01,8.519061358067389067e-01,9.605494338274505051e-01,8.339003713014510044e-01,8.788681437113721184e-01,7.470140585220118590e-01,9.791496499488004934e-01,5.187525447164753611e-01,6.354442137810127900e-01,7.188195348114658767e-01,6.464881537069703255e-01,5.181642488653342982e-01,5.938721846225321066e-01,9.709138006066353466e-01,8.129131750470112161e-01,0.000000000000000000e+00,8.906122422310621678e-01,6.074149733692340014e-01,5.573754768667329440e-01,8.007052446061936335e-01,8.396079659484905200e-01,7.349467643482719970e-01,7.930912972224551938e-01,8.839025652469134631e-01,5.435215842777147977e-01,6.938092652444968200e-01,8.719434924734569270e-01,4.158729659413582525e-01,3.930501396457727337e-01,-4.296739555818362977e-02,2.893793222679030830e-01,8.256377737979390119e-01,8.219447473033307805e-01,8.289824657229555305e-01,8.075934209411490816e-02,1.978208522199287334e-01,6.246492483962988729e-01,6.540368323616667645e-01,9.142903538840545519e-01,5.215999188744077086e-01,9.746365470784253970e-01,7.065343064645583926e-01,8.857567807927804182e-01,8.154043270089345041e-01,7.906849978712942040e-01,9.016078233172903911e-01,6.818323570980832082e-01,6.804442989729916347e-01,9.121405843756100751e-01,6.986216537472287325e-01,4.080136827521457787e-01,9.218106283483789021e-01,3.911992563682960000e-01,9.364716585055083975e-01,7.303594715960916028e-01,4.899709391214014387e-01,9.360604877728442297e-01,9.892391779374501981e-01,2.264242581839092938e-01,4.461580952657387966e-01,9.535543023041967992e-01,8.443389037031522326e-01,9.672546563399033737e-01,8.420057658108358600e-01,6.170228962118252669e-01,7.760844928422742095e-01,7.862595942968674256e-01,4.282817442465717828e-01,7.586933803495093942e-01,8.060678067508514344e-01,8.077912788014698364e-01,6.817165899308282873e-01,5.521322246251383348e-01,8.389777790875463381e-01,9.657187564894826881e-01,6.767204821010183169e-01,3.047016633297180976e-01,6.241149557607410525e-01,4.451712542140882634e-01,8.535051913645835819e-01,7.149808699702155934e-01,2.399409652318134356e-01,7.119602527547335136e-01,7.923715336661735220e-01
8.938447112745114831e-01,9.975264563092168801e-01,8.769648427604110896e-01,6.573843844804754255e-01,9.887754584388701584e-01,3.274095603879497718e-01,6.757114378553422673e-01,7.613909010025206037e-01,9.410326311106674835e-01,7.058229499077280922e-01,5.187252595665070576e-01,6.276052971143385451e-01,7.438940143036013586e-01,3.245449937706999521e-01,3.203596798015113656e-01,7.396541263974472091e-01,8.906122422310621678e-01,0.000000000000000000e+00,7.595463588388344789e-01,7.280069546342982090e-01,3.694088042581971099e-01,7.560568377644634186e-01,6.319292253450046193e-01,8.121529661570620062e-01,4.388700551560110186e-01,4.257108527852796476e-01,6.457034418460916303e-01,8.880031830330361586e-01,6.850212789095566635e-01,-2.905467298628958139e-02,5.721031788004884433e-01,7.915848513088223903e-01,7.236559705844055612e-01,8.404057175246463229e-01,4.121354181759104840e-01,7.219140087615865120e-01,-3.382606202044313726e-02,7.417148496832016713e-01,9.767826940650344847e-01,9.279318272095793407e-01,9.977608046045827184e-01,3.664217289767911501e-01,4.357807941489116876e-01,7.827361684665544717e-01,9.138575662054551074e-01,5.869619468954514474e-01,6.786451336755701114e-01,7.721702775340447689e-01,5.206052275316299660e-01,5.686506898794934095e-01,5.422675948189741718e-02,8.739044847424117801e-01,6.532915360961528695e-01,4.316256583582944728e-01,8.104898483972216017e-01,8.874224491936266723e-01,8.535411533021298736e-01,6.047989300718469297e-01,9.164213894500514712e-01,3.671241903692485375e-01,4.591139296340018272e-01,2.036281046918441973e-01,7.504665713584028897e-01,8.040902257922262208e-01,8.933495611837964923e-01,9.578963089242519269e-01,7.124144351611749748e-01,8.787263269065734850e-01,1.429648815625960134e-01,9.759491642121349564e-01,9.503004116442343996e-01,2.360945742881827014e-01,-6.254081494851829182e-02,5.977633614921440408e-01,4.383543741047859488e-01,7.676289353216373401e-01,5.373370592310351412e-01,7.799128096784352371e-01,-6.593599849486772579e-02,5.571611088820418445e-01,4.033152483343525052e-01,8.328967326382047398e-01,5.020107098051821426e-01,6.757537498166492629e-01,3.090914881873481068e-01
