0.000000000000000000e+00,9.432557538524121155e-01,2.017910831606384015e-01,9.230669387555342498e-01,9.455940132566793555e-01,8.704887009860033942e-01,8.967451252478007007e-01,4.923828214946116000e-01,8.731371369708722519e-01,8.860985758680575142e-01,8.392160175955541979e-01,6.856557360505221022e-01,8.845786517578321240e-01,9.234509709850520220e-01,9.586105777213296264e-01,9.661061051713362158e-01,7.156167311597605440e-01,7.571243891570349493e-01,8.086346681111357126e-01,4.735884480646257999e-01,8.246975492688065623e-01,3.662986145590050313e-01,7.775012150519241549e-01,9.945914431603229966e-01,8.790395539686226556e-01,6.765962422492510786e-01,7.733132467418389888e-01,8.792043811078547044e-01,7.347640023971633294e-01,4.825598213649965884e-01,7.728125914750301195e-01,8.178030642849458687e-01,8.189392665453792963e-01,3.713680877438088057e-01,6.139371961480042383e-01,7.817003123199163239e-01,2.381493198111678811e-01,7.881071593544020093e-01,4.536848518670310582e-01,9.337781868034236155e-01,5.525608397900432234e-01,9.730374254096113562e-01,9.545749018272539077e-01,6.239400176758591599e-01,5.690978187949278233e-01,9.880658160655091393e-01,7.956651171687117996e-01,8.524790418086423127e-01,9.288125824767052841e-01,7.994094721950372184e-01,8.706576477573239048e-01,7.309492067753529110e-01,5.820452732828930165e-01,8.310884290249329620e-01,8.920287926620421581e-01,8.507307324426818251e-01,9.639347311132835383e-01,6.033013307635106681e-01,7.478985883332657236e-01,5.768262499001275412e-01,5.564997220824815516e-01,8.559331836717625208e-01,8.651209631733817185e-01,5.371915571984365867e-01,9.201729089543614348e-01,7.125975519832601357e-01,7.019512733874955224e-01,2.820360439992047885e-01,8.607734388245029677e-01,9.529456969534173538e-01,8.016631671589989905e-01,8.872843207660239262e-01,4.666927462045800667e-01,4.619323708309585608e-01,7.847038539436206328e-01,6.929528817913984673e-01,3.357093510452890950e-01,8.381662841108066253e-01,2.379843455340309444e-02,5.694292957230316921e-01,8.138163516477975312e-01,6.298832744803376515e-01,9.582658403532940961e-01,7.947904539372825372e-01,8.082870462854264693e-01
9.432557538524121155e-01,0.000000000000000000e+00,9.256310670763994164e-01,6.450036717873708358e-01,7.900682411081221268e-01,2.889836460708430921e-01,5.149510878755457766e-01,4.250888981066762717e-01,4.507357605274385226e-01,3.399864443528864966e-01,6.227909096676895739e-01,4.022729634752446604e-01,8.234375073589582650e-01,9.893999956980630284e-01,4.995037742318277907e-01,6.897307279581027517e-01,1.768401994450419235e-01,5.582844615574851233e-01,7.774118049426285149e-01,5.380721505314282060e-01,2.674256087443074859e-01,5.906238531122000035e-01,8.514715839875108827e-01,7.625620520432216942e-01,4.389008472794199145e-01,9.216354461386674357e-01,9.187658059697736412e-01,6.199856880667079517e-01,3.567023662403369100e-01,9.667886442575933659e-01,1.376277336487225500e-01,1.166147399284484937e-01,9.635541139214230943e-01,6.782761895369677774e-01,9.290101748959656708e-03,3.808827021545250213e-01,8.545268250386470754e-01,5.377463649027705017e-01,9.932581546313509202e-01,7.355987566957790103e-01,5.185795608218218833e-01,6.876696284135124237e-01,7.501392670767978998e-01,5.254265372731246053e-01,4.906930727865806419e-01,7.309222420799537101e-01,9.619549115761447666e-01,7.002219429578638854e-01,9.263306486806108797e-01,6.186638501013116409e-01,8.037083066210599647e-01,7.050965430115619936e-01,6.762790787755367239e-01,4.676025374870905749e-01,6.699196689596200738e-01,4.154861924564831055e-01,8.245714807419067816e-01,5.820623708421640563e-01,6.871959066428816598e-01,1.351678513519141700e-01,5.658946754700382442e-01,7.397680542935494152e-01,6.304787789934446218e-01,8.910120830313497109e-01,9.877311229475267407e-01,7.565510280618320538e-01,3.602579076097988109e-01,7.682205973432689738e-01,7.236779678216079814e-01,6.391694414642354882e-01,9.005639420814932627e-01,9.468505915614986446e-01,7.003232809873150000e-01,4.343046803221626284e-01,7.233960346430392541e-01,6.249387397959852430e-01,6.884296898482311633e-01,4.049307059989915580e-01,4.488402988035959384e-01,2.819649709315769082e-01,8.602375123225856068e-01,8.613945980090039756e-01,6.034458561488783568e-01,6.200560845924737441e-01,8.706223657648158865e-01
2.017910831606384015e-01,9.256310670763994164e-01,0.000000000000000000e+00,9.949903271660658355e-01,7.085858207925685992e-01,6.078689404020307663e-01,9.075028211097414532e-01,7.640864798318153239e-01,8.363667556109908308e-01,9.431953813977773660e-01,9.891209063804402568e-01,9.714158708021662925e-01,4.054892861106916269e-01,9.037386028443563646e-01,9.446890170884526539e-01,8.415211343904054342e-01,9.701627499912715002e-01,9.280260471114147869e-01,9.870266895268067220e-01,8.762889217239837603e-01,9.256346509460171568e-01,7.439149791146036916e-01,5.514522535013949289e-01,8.002949828745361538e-01,8.949665443255663266e-01,7.470340179026879746e-01,6.462713546629379469e-01,8.003747073139989565e-01,6.911454252140289967e-01,2.206217148956581275e-01,5.363487516907980979e-01,9.263108212927335661e-01,9.481480376999690263e-01,6.962255743767610250e-01,9.772469373717969088e-01,2.318537061799469945e-01,2.074022748844648600e-01,9.296216593681574381e-01,8.384625913004021269e-01,9.622169947823819847e-01,4.299069096651884081e-01,6.374224070363339045e-01,8.451505002703948444e-01,8.750917682682702869e-01,7.207700369435844356e-01,9.188526622009300926e-01,9.599126565960929280e-01,9.578695426230858789e-01,9.372248036858130682e-01,3.521773013516982243e-02,9.304089918317365315e-01,9.069084827551542327e-01,9.208975305499230712e-01,7.580999628634980114e-01,8.346420965405174641e-01,7.675167211466211725e-01,8.540339688994587064e-01,7.123487828097702090e-01,7.364867258931288019e-01,2.792575950073483693e-01,4.229549699214644187e-01,7.570318076878406188e-01,8.074139554761805559e-01,7.028154993267009543e-01,8.119315841415549739e-01,6.935201329432358897e-01,7.294414319533231161e-01,8.298721680869736161e-01,8.691715305700669081e-01,9.138975625112385481e-01,4.057975246471942077e-01,7.623200827378306954e-01,3.978450877629149396e-01,7.888827666114056614e-01,8.083792902199933295e-01,8.652010636391895826e-01,5.900629817007763123e-01,6.720742730687282451e-01,5.998673407656286427e-01,3.038077795028671924e-01,9.874398397149261042e-01,7.824164910514797011e-01,4.229789231385805426e-01,9.429145551599205088e-01,7.929896908564979530e-01
9.230669387555342498e-01,6.450036717873708358e-01,9.949903271660658355e-01,0.000000000000000000e+00,9.203036587898424381e-01,9.715450721436985626e-01,6.654608987366481543e-01,2.656013289877619254e-02,8.435731486675998037e-01,9.475634939483217334e-01,6.111328590085123302e-01,7.472827809756734663e-01,6.473778187344195745e-01,9.910160066142967850e-01,6.161088932402886131e-01,6.149055068635902455e-01,9.007010230467292766e-01,8.205248284891731858e-01,7.934426932611400307e-01,6.801413972407265307e-01,9.015669186261600077e-01,6.077287951217053008e-01,8.963811141724932208e-01,6.339348363075666404e-01,5.535413756769813620e-01,9.115260217654208574e-01,8.043792705552501587e-01,6.457618557022002381e-01,5.843144205211908693e-01,2.529297423296479330e-01,4.046603040783686711e-01,6.301861224668937611e-01,6.788670618455944217e-01,8.465692388668721868e-01,8.232759731435458361e-01,6.359709939757630659e-01,5.024484090214219600e-01,8.031665792928968095e-01,9.300755996147582749e-01,6.211207936020141096e-01,3.112003030876746013e-01,7.485651465403421190e-01,2.078156833725875452e-01,4.164653549284898504e-01,9.985510405243589460e-01,1.112272878450764058e-01,6.349676140475736252e-01,8.775273141377279984e-01,5.650608253971276529e-01,6.473869247111256886e-01,7.671779036089521053e-01,8.752147513468083728e-01,9.131910241632864578e-01,7.956494294154538016e-01,1.246450008414664579e-01,8.098730929024458014e-01,2.630681035986083272e-01,9.645675747085383778e-01,4.893716340982234292e-01,4.952112919701864291e-01,6.433365803267802052e-01,8.596085572584619694e-01,4.085375168427598513e-01,8.991790165293395143e-01,7.692464125282866272e-01,8.836835941929996885e-01,9.169208923416962698e-01,4.000266267252902685e-01,5.877968928085555156e-01,6.356313584463608723e-01,7.481138907646923686e-01,9.379464804810098144e-01,5.676218373796236838e-01,3.951058573051847711e-01,6.117675825817568969e-01,9.978315564947672911e-01,6.123592332569949281e-01,7.502862615195957652e-01,2.312338353815936165e-01,1.602126291782957346e-01,7.427914078969071188e-01,6.791759122026199691e-01,7.228061255164852650e-01,3.898728669324527663e-01,9.081491688766982762e-01
9.455940132566793555e-01,7.900682411081221268e-01,7.085858207925685992e-01,9.203036587898424381e-01,0.000000000000000000e+00,5.115986345990307660e-01,7.146106996270685796e-01,9.480165227251750037e-01,2.589528820215744598e-01,9.597941312699879157e-01,9.313742441569614616e-01,6.768424032517010858e-01,8.612785168432002258e-01,8.434803183770127610e-01,-2.806360011800339005e-01,6.567296385624311617e-01,6.826033383031397950e-01,7.834773556262104588e-01,7.791327437975743564e-01,8.752053180924238562e-01,4.344865160237712520e-01,5.347584277928515428e-01,9.392228951952699134e-01,4.159803400904306114e-01,4.102757594328660384e-01,8.938785046305530724e-01,9.210354210189879431e-01,9.097767874043314329e-01,7.497630870809666170e-01,1.877334662514586749e-01,5.595434356388659936e-01,6.745075754390832401e-01,6.444818969460286429e-01,5.297130475361795376e-01,6.331084980557734054e-01,6.568332883383336540e-01,7.974607358914638511e-02,7.114454274073794826e-01,7.644500198135284474e-01,7.007942455788811476e-01,4.776476841277478846e-01,8.280485636286976092e-01,9.692465390784181789e-01,4.180634680021355076e-01,9.725573795105542096e-01,6.484251074838773832e-01,9.332092861905272319e-01,6.107109652607994876e-01,2.934526166355672649e-01,7.639159239126404044e-01,6.465573993657975915e-01,1.328097394635381900e-01,4.899186858210571316e-01,7.376135913213952566e-01,1.247358997544599640e-01,8.102698097061972193e-01,7.413494660315007589e-01,6.346721981722015515e-01,9.645043323868413010e-01,7.596186827595631241e-01,4.788908074664265380e-01,2.730321774588659878e-01,6.680631300505696091e-01,8.035598172473529255e-01,4.907821688953634687e-01,8.569391811940116899e-01,6.525825577408219669e-01,6.162177441920363430e-01,2.588700027781249968e-01,7.036078872839839349e-01,4.257265010409185257e-01,4.503451428400342405e-01,3.864948981214014756e-01,3.076828697192829920e-01,7.579468603309913455e-01,7.485997302872871018e-01,6.794439044973210606e-01,6.942488896862674119e-01,7.459681598015812654e-01,2.856505982052954806e-01,7.432669148159205541e-01,8.351374997787801568e-01,9.118953140578088812e-01,6.422400711299784959e-01,6.900600388741559010e-01
8.704887009860033942e-01,2.889836460708430921e-01,6.078689404020307663e-01,9.715450721436985626e-01,5.115986345990307660e-01,0.000000000000000000e+00,6.167913111427835160e-01,4.115356967823550205e-01,6.002100965517216391e-01,3.412671275006096128e-01,8.586500959592807680e-01,6.555198127011244713e-01,6.867055469425470404e-01,8.543697841438696594e-01,4.431896032406315578e-02,7.907551379590559426e-01,9.568059285036343287e-01,7.451785630446046138e-01,9.954377054404647263e-01,8.243081373793259559e-01,9.154494628372426002e-01,4.998794413672294490e-01,7.655493586421158181e-01,7.171088635168879621e-01,3.615098585612732673e-01,7.878315261541870562e-01,7.733746099094829241e-01,5.492463216349126043e-01,2.006044346450744364e-01,9.207612648020260249e-01,6.749690764459209680e-01,7.256901499663263033e-01,6.793707508773747517e-01,9.619935068621713325e-01,6.400633612122953453e-01,6.170666922417858968e-01,7.055339925241480570e-01,3.756859382276462878e-01,6.026285029394956583e-01,9.502278503700968271e-01,5.339672019100897282e-01,7.916583722394072709e-01,3.698112396279537029e-01,6.242274547452998368e-01,8.319090883234597777e-01,9.785226125918913276e-01,5.486534188546554613e-01,6.115073702335777073e-01,4.469295613562677683e-01,3.385282982576847538e-02,8.888308647585011490e-01,5.142440393966487555e-01,8.550878710460205756e-01,5.681072640599401646e-01,7.679781911403049666e-01,8.743364245413856040e-01,4.467317238006695002e-01,8.655914879744379675e-01,8.396786092584639372e-01,1.428889774821104908e-01,5.013157672749655180e-01,9.743637274185001917e-01,8.425027574532187868e-01,6.078249798629113965e-01,7.058836181611819471e-01,9.199648005648396465e-01,8.121827631751803445e-01,4.797266703694594847e-01,6.616684342802238161e-01,3.656231163732690526e-01,9.095064160045722712e-01,4.929899276849935563e-01,7.047826276102179266e-01,5.473608854556257786e-01,9.863121380699904073e-01,8.609773147483121836e-01,7.573552306202511186e-01,8.587063413606995654e-01,5.373767326112779408e-01,4.833129394590386929e-01,9.457807953987060756e-01,5.175856569348874503e-01,9.235386394398742427e-01,1.645817348951713888e-01,2.391365773105182113e-01
8.967451252478007007e-01,5.149510878755457766e-01,9.075028211097414532e-01,6.654608987366481543e-01,7.146106996270685796e-01,6.167913111427835160e-01,0.000000000000000000e+00,-1.185199901798420635e-01,9.414690718712986905e-01,5.414952575930557233e-01,7.684729964969925220e-01,4.047044291891120360e-01,5.379084171756881583e-01,1.131466923327651974e-01,7.149553268047310617e-01,-4.117598812303119304e-02,9.079049233019187426e-01,5.045551385540395506e-01,4.197960051889582100e-01,4.683410869769450424e-01,3.774431782493174459e-01,2.557708357940670085e-01,6.244670036141910519e-01,9.944039238542711212e-01,8.276065978340573226e-01,5.845602805000313928e-01,5.489512440097775725e-01,7.665814021978472059e-01,9.710220249611258847e-01,7.765762613337318099e-01,7.811563765557282268e-01,6.242469247645424657e-01,4.166671209958595634e-01,2.746812566440965941e-01,3.166302987082162401e-01,9.974950821715422924e-03,-2.340101187239766178e-01,5.983405914184500851e-01,1.200124803111649457e-01,9.594207923270933192e-01,5.082103349658529945e-01,5.931959142715674815e-01,6.283041729736646985e-01,4.487044843332463340e-01,4.572865328030252807e-01,5.991812053282710160e-01,7.537632442783785969e-01,6.678759885383952488e-01,5.489150190659082551e-02,5.527212996366499542e-01,4.681117391892789525e-01,6.114493338965090174e-01,2.871320705545866714e-01,5.724384322730540209e-01,8.151413783514347422e-01,4.042231297249587740e-01,7.547195175396078648e-01,5.548301899672102300e-01,7.584188883527056557e-01,1.496395067205722185e-01,1.621217028792592274e-01,5.180959457166552928e-01,6.404886101178588476e-01,9.280905049841394749e-01,9.962684948929435569e-01,6.095717648414591405e-01,9.342166881591215111e-01,5.423229249676170260e-01,7.389909652338186863e-01,3.825064663985200397e-01,5.199963802276232894e-01,3.377389758762168182e-01,7.734511079987109738e-01,6.277185258919330824e-02,7.536723601186325894e-01,5.809902006074094682e-01,6.228058392835154056e-01,4.971377539581861016e-01,6.469555898854076892e-01,5.300825384741031376e-01,3.539991535703508330e-01,9.764540034948435698e-01,2.170595825991285532e-01,7.286629991145693319e-01,1.721067040699270356e-01
4.923828214946116000e-01,4.250888981066762717e-01,7.640864798318153239e-01,2.656013289877619254e-02,9.480165227251750037e-01,4.115356967823550205e-01,-1.185199901798420635e-01,0.000000000000000000e+00,7.936310992618016424e-01,4.819900434973644066e-01,7.117247485394068152e-01,7.966223298408606213e-02,9.799357866300889564e-01,8.645993926478369174e-01,4.774695818277730486e-01,2.526800152313362080e-01,9.608234946772422624e-01,8.370002230557159750e-01,5.901635334279964340e-01,3.885554222025255355e-01,8.982978728676008773e-01,6.807762317015568776e-01,6.788783062129769563e-01,8.773891192682430340e-01,4.936224901559948530e-01,7.289511886157638010e-01,2.615425740056539494e-01,4.218995845488486274e-01,7.545447653288174239e-01,2.854123254574492674e-01,6.606082515447480041e-01,-1.040985402502019319e-01,6.897796678283957261e-01,7.080186384909907815e-01,2.337129705925596324e-01,5.343079858179925479e-01,5.520305216435206219e-03,5.953841098762937545e-01,5.840572187204932098e-01,7.442099372348972564e-01,5.328323590828505374e-01,5.843735732188433118e-01,6.003063723114161476e-01,6.668518104437969329e-01,8.042943900639711874e-01,3.577420467815151661e-01,9.905669872415692190e-01,8.460076236733726773e-01,5.812979126450952272e-01,6.856545573503121105e-01,3.012062222045446269e-01,6.197820014144199696e-01,7.897945576098124310e-01,8.412016840491721714e-01,8.820573148450059353e-01,8.518129866969466057e-01,5.870182938750705404e-01,4.728407380584966901e-01,8.751971599702473847e-01,3.688156252613867259e-01,4.892803866979206218e-01,7.130416628127016487e-01,7.425439508611060280e-01,5.901944204001439154e-01,5.068983891382580209e-01,8.825801784971490926e-01,7.779988959390784498e-01,6.438202847574681087e-01,5.473690954441512435e-02,5.334077922422919560e-01,4.985886814719618365e-01,5.077048298333427523e-01,2.991407127353961637e-01,3.736856252710961668e-01,7.129442931756224677e-01,9.512687751843489359e-01,7.887358591245665629e-01,6.562516276828008754e-01,3.474857593707608716e-01,2.631909468519515460e-01,4.196825715779937682e-01,4.038389559808253648e-01,6.138447102599292604e-01,4.352384877725856693e-01,3.965499706740581720e-01
8.731371369708722519e-01,4.507357605274385226e-01,8.363667556109908308e-01,8.435731486675998037e-01,2.589528820215744598e-01,6.002100965517216391e-01,9.414690718712986905e-01,7.936310992618016424e-01,0.000000000000000000e+00,3.310102847973601659e-01,5.635780988867588048e-01,6.845467889433902720e-01,8.370059878174297419e-01,9.187994864885181689e-01,7.583974414754651727e-01,4.420799781383327742e-01,5.001540567533336867e-01,8.843095317444188419e-01,7.955264244692503706e-01,8.579330523141338594e-01,5.369624232657486118e-01,9.955930346628676375e-01,4.802988674718532969e-01,6.150636218292232504e-01,5.244248217633400433e-01,9.878379763417259873e-01,6.544721975031030370e-01,7.970716280741851900e-01,6.485127476820623516e-01,2.570226777572056642e-01,6.280860453491542428e-01,5.528992996342770860e-01,6.635554442594138180e-01,8.210010237395873878e-01,7.562652076885956198e-01,3.642622518216016569e-01,3.653105926693857031e-01,9.180128655560569895e-01,9.777337742289706757e-01,8.175327699629079126e-01,6.259235381271193166e-01,9.935722993496338695e-01,9.142372648698037230e-01,6.863278998945536724e-01,4.399338717256367493e-01,4.891589622042065710e-01,6.858073871607652805e-01,6.513966674792315281e-01,2.417363643982656796e-01,6.482903755338518259e-01,6.782343301318021211e-01,6.319066323191588896e-01,8.058568447550934488e-01,5.704976099661800415e-01,4.596160196632584349e-01,5.913380249039275061e-01,5.900594061445763039e-01,9.677830473626519714e-01,6.518229326946605173e-01,4.032079104375825285e-01,5.021115846563446450e-01,5.396761894235726498e-01,7.845333948323636175e-01,4.919231462589703230e-01,5.028420621822172754e-01,6.270055768698256093e-01,4.179367225483465731e-01,8.664481642568957476e-01,4.755530281787589963e-01,4.206090399624369258e-01,9.208806706251733143e-01,5.037400711591869529e-01,7.356261589964450121e-01,3.530601143015044130e-01,6.255202062725927492e-01,7.075695750591187716e-01,9.862133879581838070e-01,7.393351940108729980e-01,2.229067292056580718e-01,1.054252825261879356e-01,8.592612343301293532e-01,5.684345704590536563e-01,6.841554793311885874e-01,9.732979397833536606e-01,6.281938344767071802e-01
8.860985758680575142e-01,3.399864443528864966e-01,9.431953813977773660e-01,9.475634939483217334e-01,9.597941312699879157e-01,3.412671275006096128e-01,5.414952575930557233e-01,4.819900434973644066e-01,3.310102847973601659e-01,0.000000000000000000e+00,4.689003318801185927e-01,4.377313056684485337e-01,7.802980546824753727e-01,7.102259384044744550e-01,3.989382033162673924e-01,6.220005568760884618e-01,8.866096796398974522e-01,1.376865750517393683e-01,1.665853682976518868e-01,3.856706083133505936e-01,7.854431453769035176e-01,6.453300642704823398e-01,4.325675662938593263e-02,7.313695972230039866e-01,4.547342415873490973e-01,5.422897901304621904e-01,3.137443615145870668e-01,7.363609277099585348e-01,3.780366967390037525e-01,2.403192828995726060e-01,1.059129011856549396e-01,3.647805011219303895e-01,8.876073941945633594e-01,8.515545790093554945e-01,4.692295109640368111e-01,4.391282543955282724e-01,1.991412449654058059e-01,6.569520682945114709e-01,7.733507932666238149e-01,4.545065461744827728e-01,4.468922801509686571e-01,4.315512881660592548e-01,8.760516515640573987e-01,5.999722799594502387e-01,6.191643498003511770e-01,6.920008962849364398e-01,7.102565721734501736e-01,7.155155472551859575e-01,5.603886450008275233e-01,8.621865210581421968e-01,7.724634145040500943e-01,7.392798028937292987e-01,9.446575515564471504e-01,7.238140286610078578e-01,4.047792577568307681e-01,6.539374078704681681e-01,9.376654292492125897e-01,9.383399714188925822e-01,5.296688467359033092e-01,7.519010714842908616e-01,5.592578700601469333e-01,6.535967619881449808e-01,9.616975875106467120e-01,5.780474574955879463e-01,9.079245461790249605e-01,4.146457510600941587e-01,6.121330407969254317e-01,6.392523568062069561e-01,5.283043533677360681e-01,9.558188989116246370e-01,6.689595170404276647e-01,6.384002131005532821e-01,6.625714481547815282e-01,7.150906331547911554e-01,5.581015467237557814e-01,5.735002156545315755e-01,6.423063960488940571e-01,6.502494362806587880e-01,4.781572614880377770e-01,4.519928246110054837e-01,4.428744343024637042e-01,8.069606969376956762e-01,7.657757602984267553e-01,3.152570346634854803e-01,7.385835793966382123e-01
8.392160175955541979e-01,6.227909096676895739e-01,9.891209063804402568e-01,6.111328590085123302e-01,9.313742441569614616e-01,8.586500959592807680e-01,7.684729964969925220e-01,7.117247485394068152e-01,5.635780988867588048e-01,4.689003318801185927e-01,0.000000000000000000e+00,6.522725609735428032e-01,6.740233514211437793e-01,8.914005195985531538e-01,2.361864472296868744e-01,8.397382933410550976e-01,9.601413323284176959e-01,4.236980925684820654e-01,7.219462807632598400e-01,6.742255125401998006e-01,3.848617561810034893e-01,9.730394423278124760e-01,7.445347579612623390e-01,9.187902590634963174e-01,2.158341713496721437e-01,9.706370268999677808e-01,3.458030643117816494e-01,6.570515225438116058e-01,1.658679545608124362e-01,4.347195091861539851e-01,3.891332049059884057e-02,9.162579135251517348e-01,8.054669014425106521e-01,9.174877122963316367e-01,6.812713322132396554e-01,2.473861400961885892e-01,1.604092625366546898e-01,4.060951771401951627e-01,6.106892205422977948e-01,7.500996608664584064e-01,5.297567990985179165e-01,9.732652951285162279e-01,8.775668884920585500e-01,6.093460688104060941e-01,7.195219810231746616e-01,7.596077668716416653e-01,7.998609874972746336e-01,4.092926410516175006e-01,4.265974677015500482e-01,7.083812729761287397e-01,6.208847459874150543e-01,7.076964404647659856e-01,6.488093953661383528e-01,5.819843433616315176e-01,7.089733168047597234e-01,7.842472737560781670e-01,5.472218414481961890e-01,7.464441671002801648e-01,6.370539818395444254e-01,6.115987067568207092e-01,8.209630492546171610e-01,7.033060656887651918e-01,9.951296383229215614e-01,8.044814911665437718e-01,8.401464176237256609e-01,7.688400722028081447e-01,6.191894249872400557e-01,6.078881702154084188e-01,5.669066446825966610e-01,6.190967457440673671e-01,3.026348829872963497e-01,6.484561846130700857e-01,5.638578540856535870e-01,4.568478507293622370e-01,6.205818694209187525e-01,8.772845769478740952e-01,4.508813400552686423e-01,6.674331838812705975e-01,3.583322965270387961e-01,2.326239825184365229e-01,5.616530281623741683e-01,8.024492501281749179e-01,8.627127687278792756e-01,5.440514901600659314e-01,2.772155640714648039e-01
6.856557360505221022e-01,4.022729634752446604e-01,9.714158708021662925e-01,7.472827809756734663e-01,6.768424032517010858e-01,6.555198127011244713e-01,4.047044291891120360e-01,7.966223298408606213e-02,6.845467889433902720e-01,4.377313056684485337e-01,6.522725609735428032e-01,0.000000000000000000e+00,5.017482511013011681e-01,5.146499745560588757e-01,7.576046806615051032e-01,7.238822506183177907e-01,9.742211716970176072e-01,1.788106810096869448e-01,6.000242236176732691e-01,6.795261409207039582e-01,9.520482719531321303e-01,5.699668972870519656e-01,4.794225916781640895e-01,7.228888353297840963e-01,6.945689933865298871e-01,8.416983700670119806e-01,8.312191794732417538e-01,2.150371485158977802e-01,6.666409317138597412e-01,7.182660028917580153e-01,3.497098322597662068e-01,5.621575659463012853e-01,9.306353849178019555e-01,7.700569821622530453e-01,4.732049739423574986e-01,2.615825682116406647e-01,3.218943956177418020e-01,5.545657983166261129e-01,6.408497111208739661e-01,8.630523782979014902e-01,5.340315976041426493e-01,6.572303865889045360e-01,5.973362623151556861e-01,6.027617412417513032e-01,8.729221241194754510e-01,3.983116429972184402e-01,8.513324781856089762e-01,2.877961787394106019e-01,8.856003755447817705e-01,3.804210557753719968e-01,5.505390204977027580e-01,4.989548496861591631e-01,9.017444404428650584e-01,4.790073778403385329e-01,6.675562589626933274e-01,6.681764496138136167e-01,7.787769385024663205e-01,9.680416104180065151e-01,2.712997692296265084e-01,5.634910414284781677e-01,5.835069232885121693e-01,6.085021690911510683e-01,6.367141468339219124e-01,6.994782378563643155e-01,4.789316715045925932e-01,8.619275229538059246e-01,7.674962738261901229e-01,5.979744149924746122e-01,6.768619599865546288e-01,8.427878150847242233e-01,6.457568873856818215e-01,4.026001121192023802e-01,5.846563708316285801e-01,4.437030689506482051e-01,5.003244174340788497e-01,8.317028336713021552e-01,3.386540376617413473e-01,5.648516511245801341e-01,4.097575268729263254e-01,7.426887073079454504e-01,4.401129138341261515e-01,9.738360062921385119e-01,6.283310285296326292e-01,-3.859105668722015436e-02,6.245035691400262490e-01
8.845786517578321240e-01,8.234375073589582650e-01,4.054892861106916269e-01,6.473778187344195745e-01,8.612785168432002258e-01,6.867055469425470404e-01,5.379084171756881583e-01,9.799357866300889564e-01,8.370059878174297419e-01,7.802980546824753727e-01,6.740233514211437793e-01,5.017482511013011681e-01,0.000000000000000000e+00,2.468062033323668580e-01,9.800605678000864351e-01,6.561865075900832345e-01,7.832935824621308774e-01,7.035559982507576526e-01,7.162890113964834882e-01,6.613295437970313495e-01,7.560280233139669015e-01,4.593899683987907601e-01,7.331534775650749847e-01,9.207515357955087243e-01,6.402437471210813413e-01,5.570398918051645554e-01,1.404552773733621918e-01,9.682789531937767702e-01,7.837844149978266950e-01,2.270149367397781837e-01,3.627749539680963364e-01,2.501319964613492042e-01,8.747102848420726939e-01,8.254922367993189347e-01,8.369608348137917986e-01,7.501461234672759382e-01,4.858793863297778404e-01,5.182769112871046246e-01,8.263474685674663256e-01,5.829983822990214559e-01,7.077860397652153968e-02,6.132522738763376280e-01,9.413287621040965503e-01,7.947340508812528181e-01,9.678477156992777442e-01,7.809103167718853822e-01,4.694352628103289349e-01,9.178025631048021271e-01,9.969493498777939333e-01,6.697843731940325007e-01,8.174974130537706607e-01,8.011077507448616242e-01,8.606425912012314328e-01,6.277690995530086360e-01,9.401950567035926021e-01,5.955579402204791428e-01,8.949616216447421335e-01,8.685184590234418245e-01,9.138309743229912074e-01,4.599122475281674505e-01,-2.364605582474779144e-01,6.035044573220054165e-01,9.737301165796110602e-01,9.767284711161839938e-01,8.533296414803490659e-01,2.710306188434651320e-01,6.287249329367565753e-01,8.710824090333044722e-01,6.762401803163496927e-01,9.572784676499199730e-01,8.189053116312260405e-01,5.069680232465969549e-01,5.178181143728278757e-01,7.529744022173672224e-01,7.501430210373860596e-01,6.974616309752195153e-01,6.095247594261011814e-01,3.961204661482755629e-01,4.765979448212789849e-02,2.014373485909885519e-01,7.396038217411869953e-01,7.385680310032169960e-01,6.850646438507035363e-01,9.593104014850328820e-01,4.563640947990817986e-01
9.234509709850520220e-01,9.893999956980630284e-01,9.037386028443563646e-01,9.910160066142967850e-01,8.434803183770127610e-01,8.543697841438696594e-01,1.131466923327651974e-01,8.645993926478369174e-01,9.187994864885181689e-01,7.102259384044744550e-01,8.914005195985531538e-01,5.146499745560588757e-01,2.468062033323668580e-01,0.000000000000000000e+00,8.377061819842573920e-01,7.576511126416171082e-01,9.190617122310337228e-01,7.558027030826628412e-01,8.165974150631645223e-01,6.101070422519037084e-01,6.072565894600646663e-01,6.924828410406156376e-01,8.875620190655062469e-01,9.891672818843049164e-01,7.084781564976170287e-01,6.412140221037634369e-01,4.147620362669270366e-01,-1.160685613405732508e-01,6.631886709964385229e-01,3.462535503110258928e-01,7.769525664583825098e-01,8.716018691429447962e-01,8.809250842815186111e-01,8.599481039559597750e-01,9.005234182209649330e-01,7.697084043654880414e-01,-1.532211076724521726e-01,5.055655204771035693e-01,6.126094153812123855e-01,-9.092107660349596499e-03,7.647283116407915804e-01,8.189882032248969601e-01,8.591405207869984295e-01,7.109187355959908361e-01,6.434682887025353626e-01,1.589733532966836060e-01,9.032014887525758873e-01,8.647066247968928643e-01,5.492818502146232795e-01,7.477737566951249137e-01,7.220018949148629961e-01,6.189829707214647980e-01,8.370021293233641524e-01,5.604162037092330628e-01,4.202238150767000358e-01,6.208375302216881941e-01,9.547609811534725210e-01,7.302890427786603578e-01,8.280929391637769088e-01,-3.152283521929686305e-01,7.265400038105243041e-01,8.349008717055153017e-01,2.627341981080457134e-01,5.460589130975277428e-01,4.597172610969030293e-01,7.006784126159572024e-01,6.643643245958321675e-01,6.293520007720994069e-01,9.080553195870232353e-01,9.925870069008807528e-01,9.865457359577738394e-01,6.408001692249729597e-01,4.695036693004671635e-01,8.254034286308070678e-01,7.267690687525598658e-01,9.778043797775223256e-01,7.723141248781740797e-01,5.787364154775187508e-01,9.471690264488696887e-01,3.212150036397223851e-01,1.969277773079737559e-01,8.117208926935930435e-01,8.017020894114990082e-01,8.713240113104597784e-01,9.473498421112354073e-01
9.586105777213296264e-01,4.995037742318277907e-01,9.446890170884526539e-01,6.161088932402886131e-01,-2.806360011800339005e-01,4.431896032406315578e-02,7.149553268047310617e-01,4.774695818277730486e-01,7.583974414754651727e-01,3.989382033162673924e-01,2.361864472296868744e-01,7.576046806615051032e-01,9.800605678000864351e-01,8.377061819842573920e-01,0.000000000000000000e+00,6.685486281970143274e-01,4.851170701829279341e-01,7.185931856264609063e-01,5.133261309038409381e-01,9.409840706142185152e-01,6.528686803916309289e-01,6.784967307007775394e-01,5.124662892384633794e-01,6.920969695053773574e-01,4.864081321035641503e-01,5.730799093633581753e-01,9.386062689345628929e-01,7.946231551283142736e-01,7.285283147541922188e-01,7.798612477373809693e-01,-1.936019358371309507e-01,5.125376243767678641e-01,3.214685206386513339e-01,2.550058212828040238e-01,4.429856099567444638e-01,2.297551468876248282e-01,4.718901582910105530e-01,1.324476413561128108e-01,8.843716986500738120e-01,5.581034376764255622e-01,3.798211816770429294e-01,5.701532975021654792e-01,7.034101087208021186e-01,2.454682822898474615e-01,6.513553594949854642e-01,8.842071838809341111e-01,3.085882725344780142e-01,5.177548372867272208e-01,7.410575211020477004e-01,4.979637797656246700e-01,-9.772082864512499079e-02,5.218944622631601638e-01,7.751216592799788918e-01,5.349643722732592144e-01,6.206840483507009010e-01,6.038300759101686843e-01,9.146456862895914197e-01,6.244304372533988623e-01,4.800217752464347454e-01,4.016568917680945483e-01,5.701353797738734075e-01,7.790773878807514263e-01,7.833070353900273286e-01,8.867247275450047539e-01,9.882165810255765237e-01,4.482986457146715398e-01,7.532492327087467743e-01,5.508658535559285419e-01,2.690448368820151925e-01,9.482359724340231333e-01,7.138655395957432814e-01,7.658389208138109971e-01,6.818104270338979367e-01,2.758980353112591155e-01,7.255893285824748240e-01,3.877087607857677698e-01,8.268418280651151919e-01,2.595826977871342756e-01,-1.280126268738436268e-01,5.396768377825568175e-01,2.474932440024538161e-01,9.273302041260773620e-01,2.482468917357172067e-01,1.966806811645019637e-01,4.285875301895036293e-01
9.661061051713362158e-01,6.897307279581027517e-01,8.415211343904054342e-01,6.149055068635902455e-01,6.567296385624311617e-01,7.907551379590559426e-01,-4.117598812303119304e-02,2.526800152313362080e-01,4.420799781383327742e-01,6.220005568760884618e-01,8.397382933410550976e-01,7.238822506183177907e-01,6.561865075900832345e-01,7.576511126416171082e-01,6.685486281970143274e-01,0.000000000000000000e+00,9.595604081710612521e-01,9.531563037597692301e-01,5.548538493623389467e-01,8.131406015338157323e-01,8.687525390501050770e-01,8.045344976271932014e-01,5.969694414279207439e-01,8.299008624295308723e-01,6.051829088395503931e-01,9.487802284544409881e-01,6.159786956762414167e-01,9.365783265601190788e-01,5.457702126091176220e-01,5.011143745377546477e-01,1.892865110091668801e-01,6.943723621800356183e-01,5.376515486567527979e-01,8.453101146625500162e-01,8.219871834330910731e-01,5.073431417257474596e-01,4.361822664508416825e-01,7.308317934438769425e-01,6.864397046064785179e-01,7.038556095481529606e-01,5.750542632043851299e-01,7.308566530535780537e-01,8.198052745540949093e-01,8.275253506034657702e-01,8.224491290316683356e-01,9.710133719759413973e-01,4.979303842562078919e-01,2.714824682957294177e-01,6.938623051401872077e-01,8.412692247919338895e-01,9.446193440227158566e-01,6.088896088369218917e-01,9.664463103455844806e-01,6.911035593276566580e-01,7.473425752033732161e-01,9.393988276766171985e-01,8.355338455919376628e-01,7.383584873456505715e-01,2.147775288091562929e-01,6.740489437545519325e-01,-8.720742515427239161e-02,2.952820815633336315e-01,7.910261328935975778e-01,9.686906581795122761e-01,8.536873912165843237e-01,6.800739796458483699e-01,9.731286120444136989e-01,4.310751989102608039e-01,7.909070328006044814e-01,3.772797758623117059e-02,9.933361677746274099e-01,4.915296659208246988e-01,4.819344484245847160e-01,5.113076797915978577e-01,6.801842604389718439e-01,6.831227859904696054e-01,9.781125375393591170e-01,4.619468733832936547e-01,2.482990083968066863e-01,4.295418080543446093e-01,1.557075023772214184e-01,6.785856750774950097e-01,6.910711799296720415e-01,5.364922271632458495e-01,9.638372785772600926e-01
7.156167311597605440e-01,1.768401994450419235e-01,9.701627499912715002e-01,9.007010230467292766e-01,6.826033383031397950e-01,9.568059285036343287e-01,9.079049233019187426e-01,9.608234946772422624e-01,5.001540567533336867e-01,8.866096796398974522e-01,9.601413323284176959e-01,9.742211716970176072e-01,7.832935824621308774e-01,9.190617122310337228e-01,4.851170701829279341e-01,9.595604081710612521e-01,0.000000000000000000e+00,7.843338306130402948e-01,7.658269829851320765e-01,7.458783815971785636e-01,7.605228200284521733e-01,6.033242956626897469e-01,8.688608421300851870e-01,5.742266333541459211e-01,7.633014977660769196e-01,7.531936808080428314e-01,8.753084270734371453e-01,6.435341998299558552e-01,2.173421311470436490e-01,4.029546675950574919e-01,5.098305105521798719e-01,7.863587399585003634e-01,5.898688666467407637e-01,5.327957379438462704e-01,2.896075810453411781e-01,3.780655181668131082e-01,4.416289096550675697e-01,7.276058034824138820e-01,8.668041478424977075e-01,8.535858764510727559e-01,4.317066218845344583e-01,7.069695900324868276e-01,7.673198709294121178e-01,4.432325215562627485e-01,7.044902438427315117e-01,5.536662081880525665e-01,6.827265363616970006e-01,8.135166538434681627e-01,7.746518744710977344e-01,6.216638261397291476e-01,7.806219540471326379e-01,9.934509221876963725e-01,8.661211263029472418e-01,7.173250796618508840e-01,8.556938069273364311e-01,3.913515087111045787e-01,9.794836254234349227e-01,5.948134717912842984e-01,9.103407090301450788e-01,2.192901362068635784e-01,6.244159868853488282e-01,7.192881282496670359e-01,8.219397290580092719e-01,9.007227091060613366e-01,4.180767641848010530e-01,4.059336164735776187e-01,8.539827574457204973e-01,9.435694156341389860e-01,7.273191324778881528e-01,4.626290134150552458e-01,4.662435925432228956e-01,9.215101334455250148e-01,8.485466209275441818e-01,7.584262959425027706e-01,6.329491433686711410e-01,5.496946230347711237e-01,3.887987619857644073e-01,6.224764025551703384e-01,4.185907215134725412e-01,2.493342692515701509e-01,9.714890525447408276e-01,7.396900704575571917e-01,4.281079046412738509e-01,7.254996147409943363e-01,7.515205961782287503e-01
7.571243891570349493e-01,5.582844615574851233e-01,9.280260471114147869e-01,8.205248284891731858e-01,7.834773556262104588e-01,7.451785630446046138e-01,5.045551385540395506e-01,8.370002230557159750e-01,8.843095317444188419e-01,1.376865750517393683e-01,4.236980925684820654e-01,1.788106810096869448e-01,7.035559982507576526e-01,7.558027030826628412e-01,7.185931856264609063e-01,9.531563037597692301e-01,7.843338306130402948e-01,0.000000000000000000e+00,8.625863131796983607e-01,4.778899405972548697e-01,9.713627093983701055e-01,4.478813855562323032e-01,5.571421568714138850e-01,7.716216321069275796e-01,8.491222416508257265e-01,4.814711999988354196e-01,6.505055452590167153e-01,7.575294748380072551e-01,5.315131190681942064e-01,7.914153147448039771e-01,4.320306118781945814e-01,4.600150402370922764e-01,6.375109052226508588e-01,7.491908104831778159e-01,6.230396933841216844e-01,6.562221318018761629e-01,7.999797781774115046e-01,3.250424137567758942e-01,7.432639292947461618e-01,6.489594535960896415e-01,1.822349942005832557e-01,1.172879965043042011e-01,8.303656508298032923e-01,7.274184717434211134e-01,9.738349003811972437e-01,4.994634710991625592e-01,7.454424952040434871e-01,8.320334113932182918e-01,6.380854187528979260e-01,8.763251930109419163e-01,4.505595423153737067e-01,2.332979192822604020e-01,4.092817397599178286e-01,9.755071336863000431e-01,8.203206355280481255e-01,8.625691901391030481e-01,7.790424507167853507e-01,8.919814713496972969e-01,4.659991436144425014e-01,7.253046869568499089e-01,4.121217060375318431e-01,5.740223252309412105e-01,7.402793163462644266e-01,5.630996909159995401e-01,3.192442299825059004e-01,8.366536996765108203e-01,9.095256972038160415e-01,9.270325369589254016e-01,4.886759427068548267e-01,8.888593629951595521e-01,6.994205081365636456e-01,7.305031015125874605e-01,8.258510767887259352e-01,1.430581806143726986e-01,4.432427930939281668e-01,3.238141393218696429e-02,7.726397764076223806e-01,6.771379854132892895e-01,1.552655672835926148e-01,4.174575038923786785e-01,-1.544385380387006124e-01,9.868614404131046403e-01,9.784519612754001283e-01,7.453376462485459264e-01,5.257188232564373731e-01
