0.000000000000000000e+00,9.257399262315103572e-01,7.318892753060997070e-01,9.131160445915784685e-01,8.587318092232155697e-01,8.535505936229456081e-01,8.948252173832553780e-01,8.767902839900870715e-01,9.406063520170291348e-01,8.427081621809481282e-01,8.265809979128235785e-01,7.774628391227846880e-01,2.583136260414847230e-01,6.210849822286126365e-01,6.240318954687750219e-01,8.729821050742383459e-01,9.339615364747073656e-01,8.659335343995591128e-01,9.296306704916768027e-01,9.234290302233367775e-01,4.567442097921252664e-01,8.681983542142475141e-01,8.971859305037492849e-01,5.954323879736727054e-01,8.704311486985084612e-01,9.790147595951461668e-01,8.692889281047776473e-01,6.477228121972301578e-01,7.473831551970856468e-01,3.384668124966355718e-01,-5.314060403162312873e-02,8.286571648363202369e-01,9.622201175272918627e-01,5.196096519476758324e-01,8.108803445635789364e-01,7.769813944919241600e-01,7.943784959829651715e-01,7.112918499656772919e-01,6.604665578572281870e-01,9.471457040996188459e-01,2.084813316571813568e-01,4.299638813553264272e-01,8.471451633110524959e-01,8.018522306249610265e-01,9.697028000216980637e-01,8.902607662645273257e-01,6.936202174803869358e-01,9.477049836543703920e-01,7.041980495984521138e-01,8.039824059815859902e-01,8.278925857164997071e-01,8.214766440539505998e-01,4.788387468474323838e-01,8.156460593625564082e-01,7.837080228036161778e-01,4.231725454941508979e-01,7.376005281267700164e-01,7.028349792117630779e-01,4.290307338205286980e-01,3.348693314559084699e-01,4.618083840508224736e-01,6.891441833549021290e-01,9.473232462725461600e-01,8.776997963739113784e-01,8.303336639374341299e-01,9.884321520413420492e-01,6.932194135325250306e-01,6.365092627216711874e-01,3.264237440508360177e-01,9.282374658996941363e-01,5.520499320392476816e-01,7.811999899455941421e-01,9.113858983693988725e-01,6.098868521394431585e-01,9.196562616357698561e-01,5.647067593740519031e-01,3.917186480409453608e-01,9.187812458688578987e-01,5.550653985418022573e-01,5.154741246322321890e-01,7.365145809720327064e-01,6.540550957176387570e-01,9.923185811414030333e-01,7.588767500862633186e-01,4.401003758027134949e-01
9.257399262315103572e-01,0.000000000000000000e+00,8.011375092262693620e-01,8.605349371379680257e-01,6.483295859004558626e-01,4.742143079248942739e-01,7.810724335655103712e-01,7.211924252491985765e-01,7.952841847098215400e-01,6.056151086933084793e-01,9.603093905014610243e-01,6.175460284149302259e-01,8.201587654217764589e-01,6.387782586395114315e-01,7.095964909727460190e-01,6.307103667449902584e-01,4.996598210242789717e-01,5.503702928771481151e-01,8.449364109208659102e-01,7.366736517632948011e-01,9.069563170371370830e-01,2.591894969988589592e-01,6.422483931944764635e-01,9.233361094973411287e-01,5.802446254129888237e-01,6.211147949311350835e-01,6.648909722649798404e-01,8.471170085865880051e-01,6.681952769167827100e-01,2.019890489966954528e-01,5.207847691064133588e-01,7.152250619365588813e-01,8.081217479361102463e-01,3.034993661703144219e-01,9.212698382424637789e-01,4.558197202452912156e-01,2.825978915178121165e-01,2.880539064203039845e-01,8.670737917223331204e-01,5.751442270056625894e-01,5.439204876447993886e-01,6.319187261672416511e-01,6.821320165900980337e-01,8.747373457056278889e-01,8.808694501179210601e-01,2.744533166878396213e-01,6.545722124828026178e-01,7.761794160827530931e-01,6.518212832372864973e-01,6.289887865922978438e-01,2.835853653311160016e-02,8.483131738617093465e-01,9.288051278150734058e-01,4.238853096632565487e-01,3.633885939957324229e-01,4.090440630757146145e-01,5.330672822496982377e-01,6.327039189301449928e-01,4.333191476671907627e-01,8.769233463464237710e-01,2.863735652583541125e-01,3.967210294521111152e-02,6.938951930243657529e-01,5.293343345357020002e-01,6.772503315998763540e-01,8.731405805833052369e-01,7.600350515099482118e-01,4.726931755701655469e-01,7.899755940539299193e-01,7.124851987829179389e-01,8.002180492827418723e-01,8.050344562030883333e-01,2.605980545064104925e-01,4.393732291374441434e-01,3.862467502260593655e-01,5.716966634275856274e-01,1.601071487156967843e-01,9.714187728356797891e-01,4.050114650529210714e-01,3.796709851838729888e-01,5.530099757820478024e-01,2.243686135889726985e-01,8.155594479520236195e-01,2.613858602541918041e-01,1.639605888624228458e-01
7.318892753060997070e-01,8.011375092262693620e-01,0.000000000000000000e+00,8.048325469872279481e-01,7.347576394818000622e-01,7.815825196346550818e-01,2.927060263848823007e-01,3.760878889766426925e-01,8.943070493154167133e-01,8.959144112773496094e-01,4.848949264170389628e-01,7.544677722913042395e-01,7.391036528662792149e-01,9.640410400657757339e-01,7.069959136037763381e-01,7.916887538656615098e-01,5.873565168133146885e-01,7.989088746373189664e-01,8.678131100535582121e-01,9.475221383611539538e-01,7.393863071180775126e-01,6.303665077746311018e-01,7.044723737575023792e-01,6.568697763408506418e-01,7.499045636971237716e-01,1.070607184432446624e-01,7.192042515193846075e-01,9.807596102518454373e-01,6.513788417276988874e-01,3.832343472333864520e-01,5.714684982269688795e-01,9.725812529504354043e-01,8.186570713402110400e-01,7.610922858178627015e-01,7.574035507280493240e-01,7.944285552488130620e-01,2.226825162910763822e-01,2.565027028680065824e-01,8.273983254753854988e-01,9.896939635029826654e-01,2.422666079016782062e-02,9.782701410644140116e-01,1.626155170570776631e-01,8.407339723481992433e-01,8.482647063777284391e-01,9.920945507889281645e-01,6.221701892648132670e-01,9.437307304460182955e-01,8.073553528013520664e-01,6.823052358793634253e-01,8.835780304731494228e-01,8.423939832789071325e-01,9.628094532102857706e-01,7.388110342689195864e-01,3.331152387703812945e-01,8.510336449413680171e-01,7.370111067591920140e-01,9.619229821397823343e-01,9.454015464867587815e-01,5.705920176284057233e-01,5.192347379509030247e-01,8.889271434691816687e-01,2.914203306964705531e-01,9.549809684602422744e-01,5.351503960136914095e-01,8.132877569112159089e-01,8.370988138633477238e-01,7.164885639144695784e-01,9.906275480342214834e-01,3.838466283938160029e-01,6.759764033602257971e-01,8.268006347547053325e-01,7.410816349616196064e-01,7.367759234887615305e-01,8.266542566782743018e-01,8.868485477375468440e-01,5.210097238837404499e-01,5.604707338256619265e-01,7.665822475019017368e-01,5.161532304039861963e-01,6.200445544796400199e-01,9.191501893202407292e-01,4.164729922235534398e-01,4.079792262829476379e-01,5.380198981971943128e-01
9.131160445915784685e-01,8.605349371379680257e-01,8.048325469872279481e-01,0.000000000000000000e+00,8.115356046335647777e-01,7.376829116138884368e-01,6.838752523966226127e-01,7.552923834552364157e-01,6.756685203027267272e-01,8.940954449750284638e-01,7.243927295163417046e-01,8.375151289693869572e-01,8.647034576405716599e-01,8.604222366356729657e-01,9.642896975787993430e-01,3.035414293426224042e-01,6.208397702405458185e-01,9.489345842488869920e-01,7.528739511916979765e-01,8.985820360767331483e-01,8.016899884304206081e-01,6.473793713984072884e-01,9.456930596570578551e-01,6.959067419558243595e-01,-1.236471535138493616e-01,3.562029374765133261e-01,8.215483192236241461e-01,7.533145989789862274e-01,4.073605318475128634e-01,2.370096215205493018e-01,5.842619407908027362e-01,2.672122299984839300e-01,9.521730479162566763e-01,7.713957427073164785e-01,3.381637912783954092e-01,5.427977289631279456e-01,1.880975660211853251e-01,6.282907540365409993e-01,6.448222496361895040e-01,4.762054824283431520e-01,4.499026903141830069e-01,3.759876073239417638e-01,2.908016369416733804e-01,3.370007339962355353e-01,8.511239450981498145e-01,6.925294141390849756e-01,9.388419376829935104e-01,9.875453537325104003e-01,4.370171359289899415e-01,7.067502168545444219e-01,-3.052824352840613487e-01,4.506340905287418708e-01,7.103737044315567850e-01,9.271055131637268021e-01,6.855090758623720859e-01,6.115127554810573240e-01,2.352140480033657055e-01,7.511203116668068169e-01,5.574645298668130522e-01,7.687166991032134966e-01,4.449554391318334967e-01,9.041028931710010097e-01,9.957414158487130074e-01,8.619876525521735777e-01,8.930501805181656483e-01,2.220148404178787227e-01,6.463989897232916837e-01,9.161372324281001900e-01,3.136377588111658454e-01,3.483967983915594591e-01,1.036890627250044300e-01,8.183953055002066712e-01,2.575775883134984734e-01,5.461846746669281050e-01,2.479011816155904102e-01,8.473820388160518968e-01,8.709122554838035768e-01,9.923652109582794534e-01,5.100313813051631229e-01,5.018883822508265480e-01,8.288649449784557532e-02,7.046942238166818973e-01,2.772244621783646612e-01,7.656903195377179339e-01,4.616200017505490694e-01
8.587318092232155697e-01,6.483295859004558626e-01,7.347576394818000622e-01,8.115356046335647777e-01,0.000000000000000000e+00,7.884002451489438013e-01,4.587693892838197729e-01,4.563120119528120688e-01,7.061699194716815065e-01,8.249086117133569429e-01,7.331354664093459039e-01,6.707887740889006967e-01,1.207693554232543154e-01,4.404749601836460138e-01,1.123946710313893371e-01,6.396513834952139987e-01,3.379707666310941550e-01,9.813478131983621733e-01,8.544867003809287764e-01,4.281016455404711984e-01,6.457585647487232849e-01,5.024058156878876691e-01,4.568619173399517952e-01,8.416776884657262148e-01,3.414739609247396945e-01,7.350340855499891690e-01,6.422940758938309180e-01,2.659663944365860955e-01,1.377023431013239818e-01,1.224910496203367727e-01,7.575008971550066805e-01,3.836163623492953034e-01,7.571037055671109295e-01,8.185215345599263781e-01,8.907182801694459862e-01,-1.677205365336724430e-01,1.196079293582077464e-02,7.068346595778265407e-01,8.833847304035538084e-01,8.191885632703510556e-01,-6.168898086524557400e-02,3.247541113273142432e-01,8.777900330236423354e-01,6.246398424080171763e-01,6.785406255684245380e-01,8.670209682228241510e-01,6.208152931987950263e-01,8.079655282660164195e-01,7.147619337340517243e-01,3.586965782590965102e-01,9.345488965365347234e-01,6.146858707324385218e-01,9.774013219167729805e-01,5.441143570429034515e-01,4.918792394331363838e-01,9.124196561446524800e-01,7.628398096255796235e-01,3.249084958871876760e-01,8.481690805865975680e-01,5.133138895048255934e-01,6.433915045045803804e-01,2.603438129301916537e-01,6.767531937945244769e-01,8.962366658266813779e-01,8.001831829916397076e-01,9.534041845278747873e-01,4.739226091044833611e-01,6.380064544447883179e-01,9.735474587499212129e-01,8.953549698347569308e-01,9.720101202876434421e-01,9.134677573587630661e-01,4.141887109686224200e-01,7.445834956449576270e-01,8.309277607867671112e-01,4.142567845964500450e-01,9.660918558934031841e-01,6.850892867530500308e-01,9.886593000436568746e-01,3.427563730056719660e-01,5.479971601045110496e-01,7.013753680820263847e-01,9.494212631909988431e-01,4.600934113029985784e-01,5.470083609197498031e-01
8.535505936229456081e-01,4.742143079248942739e-01,7.815825196346550818e-01,7.376829116138884368e-01,7.884002451489438013e-01,0.000000000000000000e+00,6.064752798455226301e-01,1.871167079668556443e-01,6.421990922903428878e-01,6.100347324684829431e-01,9.289318974620133229e-01,8.163547492639967595e-01,9.483633624912877202e-01,9.697071835184384314e-01,3.129894472680598838e-01,7.652037981626347296e-01,2.524811686013004874e-01,9.797199565397340937e-01,8.833260474844780719e-01,6.584365843121698925e-01,1.803113991923287196e-01,3.942053603950114171e-01,9.018193517916953672e-01,9.353848914929446812e-01,3.797893482090612949e-01,9.132476541327750885e-01,8.811353034692981367e-01,7.979700026816956004e-01,5.073362267621377847e-02,2.222092859850743896e-01,4.180671691986156402e-01,6.605854165673625822e-01,6.283539005987877069e-01,9.653257258615662861e-01,2.328389331418972141e-01,5.297928998728579364e-01,9.520090961670657492e-02,7.252038218001750636e-01,9.136540263850265742e-01,9.687256103874105628e-01,5.352138403228617891e-01,8.967719557674940223e-01,8.018094096392880399e-01,7.918062901189419911e-01,8.305383565307906668e-01,9.589968315833096169e-01,5.315963380762199764e-01,4.440938143606870669e-01,3.369513348751750348e-01,8.543802854685065284e-01,6.518189559058615856e-01,6.789988305197457441e-01,9.874900987363612881e-01,9.303176308414369267e-01,8.033809254348109885e-01,9.974534161257890830e-01,8.108358886105760943e-01,5.066560880353394580e-01,9.493564927137465581e-01,3.826303444507851426e-01,3.973517393366264305e-01,6.837050815354550615e-01,5.140947288540869131e-01,9.907737505140851164e-01,4.664573513716724906e-01,9.199125834951212832e-01,3.120917620521540536e-01,6.530259959486758303e-01,2.477021026408360582e-01,7.618276053894588173e-01,9.342611453617950534e-01,8.068971305658884097e-01,4.148155532178217086e-01,4.108341809965264657e-01,7.125746852331072967e-01,3.976234537182160578e-01,9.828530669931174746e-01,4.488980021139815091e-01,5.776256157427286375e-01,4.219370936955396667e-01,4.061377339868263436e-01,5.073294530046290607e-01,9.101584734104456453e-01,5.591458426848302521e-01,2.771879198436705272e-01
8.948252173832553780e-01,7.810724335655103712e-01,2.927060263848823007e-01,6.838752523966226127e-01,4.587693892838197729e-01,6.064752798455226301e-01,0.000000000000000000e+00,2.998204820043628982e-01,5.962868578199900238e-01,5.769268408752196153e-01,2.397304735624929406e-01,3.541941326681356528e-01,6.278327171772244419e-01,4.005203982218347170e-01,7.786509500510938597e-01,7.778726071491077754e-01,8.451055192962018126e-01,3.236921767970420416e-01,4.798337067675125800e-01,6.526673071864613762e-01,1.263889580025580883e-01,6.219109800446552816e-01,7.524700130259702746e-01,8.410388657586348460e-01,5.365728086025794985e-01,7.845080684516483327e-01,8.294233004606020865e-01,4.131853186051054339e-01,-2.516086754896273980e-02,2.070597721321853490e-01,3.967452239329370967e-01,6.799663526932160362e-01,8.060409250045960095e-01,2.768235131995954168e-01,7.913983973750076117e-01,2.112078297841609165e-01,5.713064189198061582e-01,3.385210718249489492e-01,4.029739012466069248e-01,5.063017442803040558e-01,6.040983209246169050e-01,4.237198411086527394e-01,9.269338669459965541e-01,5.910295484593310888e-01,9.893343019325503418e-01,3.014818148260166586e-01,2.931327428416521941e-01,7.620972065625890579e-01,6.065919622991410298e-01,8.307377404833671264e-01,8.266376034119837790e-02,5.939249214648483211e-01,6.731016909407683269e-01,-7.150140270969948530e-02,8.068018379145214247e-01,6.330200766077194174e-01,5.108559920787654196e-01,7.759171358727854351e-01,5.572943269239778452e-01,6.835220388615188547e-01,4.018939293217156927e-01,-1.991945078112820899e-01,4.791043438692358936e-01,3.288455594155486050e-01,8.647288210642916084e-01,3.377734566997734889e-01,4.700451575706705021e-01,9.380915665162118389e-01,1.183201982488837622e-01,4.527436697450177294e-01,2.822868113183286676e-01,6.024301542919971997e-01,5.246253316840010505e-01,6.046381105365463693e-01,6.682347570558868632e-01,5.476628452402010350e-01,5.178947851241253453e-01,2.457976094099175168e-01,5.841522273861884385e-01,4.271264665364831181e-01,3.712915204295943461e-01,9.614856092107622043e-01,5.916832281238516567e-01,8.242144819653625110e-01,2.996940247938748580e-01
8.767902839900870715e-01,7.211924252491985765e-01,3.760878889766426925e-01,7.552923834552364157e-01,4.563120119528120688e-01,1.871167079668556443e-01,2.998204820043628982e-01,0.000000000000000000e+00,1.075636288626354437e-01,9.442519347973987731e-01,6.778127499910876486e-01,6.352691798720206950e-01,4.417018923596797708e-01,7.250288032662784987e-01,8.963031040771309854e-01,5.039098620147401952e-01,7.001485245447023331e-01,6.527993189116717554e-01,4.557607601620449755e-01,8.840908835562066859e-01,8.538562091366466156e-01,4.509241945688732267e-01,7.447072656463689100e-01,7.252147163555922038e-01,6.480027889973452027e-01,9.387210830344852042e-01,9.090010626443372210e-01,8.693176309436491112e-01,6.900010230126978339e-01,6.464996182227498167e-01,1.042634123476886554e-01,6.792233563553303766e-01,5.465648047593090197e-01,1.484792240946991859e-01,3.410680552903676555e-01,7.790264698362454610e-01,3.558453279692223026e-01,3.528799942689671010e-01,6.882681942633892547e-01,4.561145239287545117e-01,7.964316243778943871e-01,3.477911805990965277e-01,9.819778059595445363e-01,2.123449621206313365e-01,7.591748757023527583e-01,6.815553817561436079e-01,6.514577398325956947e-01,6.106925680467276685e-01,4.692727846816301396e-01,4.672671646565043635e-01,4.705601765553141802e-01,-1.728978597220530156e-01,7.222633085635362660e-01,7.057196443670724628e-01,7.687078230189270389e-01,6.408397371324749958e-01,7.315720902327977893e-01,1.303835898697088547e-01,6.471492430618439595e-01,7.067285834290510937e-01,3.164219860537408335e-01,-2.958425722854597373e-01,7.474911631200972240e-01,7.635249441993652297e-01,7.699881940487863785e-01,7.457429542007425471e-01,7.885599103760533302e-01,9.522254759921905398e-01,4.707749354653227303e-01,7.915774281460983275e-01,6.165217373193767614e-01,6.002609104917057126e-01,3.678117145929042930e-01,2.877826890816755911e-01,8.067262700124784303e-01,2.496531972701624968e-01,7.703531148564897180e-01,4.094243191724332709e-01,3.514403958744449774e-02,5.251343767212963698e-01,5.055528574188983271e-01,6.292225801212801839e-01,8.397569837967701067e-01,5.758853170198862115e-01,4.939504488429414808e-01
9.406063520170291348e-01,7.952841847098215400e-01,8.943070493154167133e-01,6.756685203027267272e-01,7.061699194716815065e-01,6.421990922903428878e-01,5.962868578199900238e-01,1.075636288626354437e-01,0.000000000000000000e+00,5.595416744910334250e-01,5.529072550636225936e-01,2.602095444468073282e-01,3.648217080661797507e-01,4.998689343821093312e-01,7.091704607889658396e-01,8.029860553391497957e-01,3.859585310914379619e-01,7.290543690659437859e-01,2.508469107457803049e-01,8.595615025480671800e-01,8.752279485001303039e-01,5.223301992603914812e-01,4.019527881953092741e-01,8.976186524790583654e-01,5.976637282061649792e-01,6.267129273561931058e-01,6.390870621059259182e-01,7.620057390664681796e-01,4.135527445505614019e-01,2.924834003161077001e-01,3.519355367321826966e-01,8.432805836115356835e-01,6.976073848168401481e-01,9.951031636702218908e-01,7.386620918151709514e-01,4.603658947202396434e-01,4.745684711550082202e-01,5.073954709228406523e-01,7.820627295872233375e-01,7.255004754466859440e-01,6.596427656437091613e-01,5.261244075550308708e-01,9.691819864745976343e-01,7.897040836011914866e-01,8.192069695275241425e-01,8.161960190993827746e-01,3.945153823417809624e-01,5.094448592708326062e-01,6.081840010628873916e-01,8.452438782239705128e-01,6.567949521658502654e-01,5.066421990050052893e-01,2.330312488551717354e-01,8.610572125732247617e-01,7.526490370800382745e-01,9.728963678921853653e-01,4.961558111981888564e-01,2.132059231618851081e-01,8.026166600016250152e-01,2.265139917595066776e-01,5.471906139179747441e-01,-3.361349078033780691e-01,6.876418253004781267e-01,9.924657351428549656e-01,6.241814692758475003e-01,8.936914821701684719e-01,7.941647346850582156e-01,7.830745295852251653e-01,5.253432284753052628e-02,5.335375032968602271e-01,3.813717825738148770e-01,7.249518266147305656e-01,6.204523066886037386e-01,3.609257277871608105e-01,7.766321482976209500e-01,5.141198019676774811e-01,6.957213628526559557e-01,6.936829750149910989e-01,7.780068170079593726e-01,4.816530125354673841e-01,9.841925474766148874e-01,8.785756871703791493e-01,5.567973696151093943e-01,8.156409449560892977e-01,2.145497000421255074e-01
8.427081621809481282e-01,6.056151086933084793e-01,8.959144112773496094e-01,8.940954449750284638e-01,8.249086117133569429e-01,6.100347324684829431e-01,5.769268408752196153e-01,9.442519347973987731e-01,5.595416744910334250e-01,0.000000000000000000e+00,8.815082445818003265e-01,9.717345568555235680e-01,5.916105539591445250e-01,7.017813508202092043e-01,6.838155878903037221e-01,2.598332566519051534e-01,8.127967630959740397e-01,4.637623046950643535e-01,9.234000068716469167e-01,7.948408351599202115e-01,8.523987356655153835e-01,8.001201094819053727e-01,6.170912637422433233e-01,8.863970916514809506e-01,5.633281170654212966e-01,9.755723135479713592e-01,5.281335651492347072e-01,6.618473400438777965e-01,3.514618094173438401e-01,4.876106833717363531e-01,4.467363636369605095e-01,7.735290085021493400e-01,8.538094650420654519e-01,5.136594208875554513e-01,7.575515192708044410e-01,5.725720254342980819e-01,4.082980380986057090e-01,9.439143684173327831e-01,8.175739773213508421e-01,4.443962552263402976e-01,9.382801659031958508e-01,6.217606880367166911e-01,9.486980317398751028e-01,6.238163158245342288e-01,9.917093787980491015e-01,7.662524957980255680e-01,4.406548987818499907e-01,2.754195803367405770e-01,5.667183390446263180e-01,6.408496380888146771e-01,6.509324759515524583e-01,6.523523784727285335e-01,9.860066040605630633e-01,9.102145502786813669e-01,8.611311246614917758e-01,8.963277103702675941e-01,8.994001422278509184e-01,9.308667136544616083e-01,8.737898790668049420e-01,7.918906464459634087e-01,7.316296952762542105e-01,7.546760012516693372e-01,7.114761114658115781e-01,5.278140903578215637e-01,8.003579281298913717e-01,8.323020506694841503e-01,5.375295190205482410e-01,9.282802723015969315e-01,5.974759636193446299e-01,6.390459149734669664e-01,9.606875495025612999e-01,9.343992639551194079e-01,8.443675377367392265e-01,3.671511448266742139e-01,7.394712415610937839e-01,4.612267755125337154e-01,8.570931376711938832e-01,7.332545396995632236e-01,3.002187788792764489e-01,5.069845165188551217e-01,3.657306483702028599e-01,9.221938472828795641e-01,6.226881404740247650e-01,6.785048728800039397e-01,5.846445536512795416e-01
8.265809979128235785e-01,9.603093905014610243e-01,4.848949264170389628e-01,7.243927295163417046e-01,7.331354664093459039e-01,9.289318974620133229e-01,2.397304735624929406e-01,6.778127499910876486e-01,5.529072550636225936e-01,8.815082445818003265e-01,0.000000000000000000e+00,9.909202691863081558e-01,9.783492037531976715e-01,7.608961301516808939e-01,2.010755249941922063e-01,1.350395570387488975e-01,4.884135711607599517e-01,6.872945459886361519e-01,8.809376800313974964e-01,9.569563612968797761e-01,9.956003154363264329e-01,3.663212644474339585e-01,8.894382263196126681e-01,8.934364342401053261e-01,6.837364761443807115e-01,6.548704390764950034e-01,7.058534532090938729e-01,9.416075752154815515e-01,4.457177301174838902e-01,2.575091867354362130e-01,8.107091006746337536e-01,6.388322021057758482e-01,4.052048712268445652e-01,5.657351692784454711e-01,1.866753985480518185e-01,5.362479969477138564e-01,1.833803720295752449e-01,5.340869587301010357e-01,7.283658564724579954e-01,5.652410606089798284e-01,2.424017535908722376e-01,8.879083435031378535e-01,8.449922626468269193e-01,3.143693113139655049e-01,9.907337527077936246e-01,6.248587133792532500e-01,9.562149188264068567e-01,9.440084636777862359e-01,5.075146789353247589e-01,7.294360406866443602e-01,9.913185948725868890e-01,4.799654832217064571e-01,3.054558857532950755e-01,9.568394191856036679e-01,6.796872156544861987e-01,7.761801651310340500e-01,7.120262402812560509e-01,4.750145152208150590e-01,9.877232895452544570e-01,1.974034699412115235e-01,6.872197825516733749e-01,6.090979128572834300e-01,9.763058700606741525e-01,7.499046069488792821e-01,8.067029837125688774e-01,9.861101758014881868e-01,9.327736477197208220e-01,9.262520559898523853e-01,-1.178298780316181238e-01,7.293565944039539506e-01,9.286577051317861375e-01,1.508399420598190988e-01,5.810762426950958348e-01,3.710801694429428643e-01,6.129695833090217372e-01,8.128708669594570946e-01,2.461786197388910469e-01,5.733686255309620172e-01,5.377726864286079822e-01,4.041098708585662003e-01,9.601235448933308214e-02,9.067585201001843176e-01,2.935678650526892253e-01,3.759451195159462245e-01,7.467029576468714458e-01
7.774628391227846880e-01,6.175460284149302259e-01,7.544677722913042395e-01,8.375151289693869572e-01,6.707887740889006967e-01,8.163547492639967595e-01,3.541941326681356528e-01,6.352691798720206950e-01,2.602095444468073282e-01,9.717345568555235680e-01,9.909202691863081558e-01,0.000000000000000000e+00,7.787088800075333550e-01,5.240142749362967090e-01,6.822817308695119376e-01,8.111759321150384672e-01,7.931063313200404918e-01,2.431517291626770771e-01,7.228753516504144994e-01,8.132389952573774172e-01,6.925703555532709554e-01,7.659920045032894143e-01,6.783726258292472888e-01,8.270956888782428074e-01,7.836607367120377310e-01,9.290809646903402941e-01,6.835818037103390532e-01,6.859397495319708993e-01,4.024948664567354339e-01,4.599894536817794588e-01,-1.880943201241467855e-01,5.799540304588142181e-01,9.282643780864736627e-01,7.764634927032957323e-01,7.578697701841998757e-01,5.027613840317218807e-01,7.633706345737907295e-01,9.433469918600229098e-01,4.785634233918564795e-01,8.984490629839411158e-01,4.665861950132625391e-01,6.130774687365672104e-01,6.512688136559532381e-01,5.047379721907626626e-01,8.686358962786758786e-01,8.282220947494728369e-02,7.374917053891391072e-01,7.854055679084619435e-01,5.456047696600511143e-01,5.095314719489574262e-01,5.401638029470912095e-01,6.514372882440602197e-01,6.446396355255001875e-01,8.968187226349917385e-01,8.436064054876422080e-01,6.635492071514621504e-01,7.310514469455010600e-01,6.609810454882577568e-01,8.592772963627239857e-01,7.608713762470441511e-01,5.457479340547912727e-01,3.815612712270269880e-01,8.549048029704559015e-01,6.196137597543016629e-01,4.560344857679525243e-01,7.836184656251447000e-01,7.343126910890692693e-01,8.015492969507732601e-01,6.791941427822266730e-01,6.546854130107961911e-01,2.226955413521608251e-01,8.618325785640745806e-01,3.353969613034663011e-01,-1.726560613311102776e-01,6.636378189062510646e-01,6.256306615972694329e-01,4.017063464624293645e-01,7.122146190815797917e-01,3.574917058710618267e-01,5.009000667912795191e-01,7.409437904586260171e-01,7.939585309328804907e-01,9.331492380465361558e-01,3.116140592732346004e-01,5.625329766806710374e-01
2.583136260414847230e-01,8.201587654217764589e-01,7.391036528662792149e-01,8.647034576405716599e-01,1.207693554232543154e-01,9.483633624912877202e-01,6.278327171772244419e-01,4.417018923596797708e-01,3.648217080661797507e-01,5.916105539591445250e-01,9.783492037531976715e-01,7.787088800075333550e-01,0.000000000000000000e+00,1.850138826497479405e-01,7.357888372232056495e-01,7.213126457922898194e-01,9.858055848533506804e-01,9.633475947751606316e-01,8.176114879474308816e-01,7.677447663655538879e-01,6.068063910315851794e-01,4.639163686758067673e-01,4.789599419551313075e-01,9.436432079726506661e-01,8.320119853841645430e-01,3.025567544475728510e-01,5.076906663654059404e-01,6.227289373579429910e-01,7.197895897991157810e-01,3.779096424904389018e-01,4.099324889378180847e-01,5.344632715849988447e-01,6.444868733997116683e-01,6.697503938018170011e-01,2.210091589668032597e-01,6.808745098114617200e-02,7.493761249753008169e-01,5.833914548338245964e-01,7.792820502004285110e-01,8.516995767563159125e-01,5.929665965473887024e-01,9.192492433212480218e-01,7.268593813268332537e-01,8.060525610908644278e-01,3.578348811717749212e-01,5.842877277487531495e-01,4.281711784499693807e-01,8.498554913311380243e-01,2.274229093482838804e-01,8.529169478858021902e-01,4.961390088763369399e-01,5.101453821832498958e-01,9.399439658927335461e-01,-7.322944123631150437e-02,6.137380653636953509e-01,6.284500610737339121e-01,9.260007432211878609e-01,8.710917018983277416e-01,6.782530439119510701e-01,2.173309936032915834e-01,7.170528429706402029e-01,9.315445879193132717e-01,1.998971785302031678e-01,2.810991340217101619e-01,8.100746191915267902e-01,8.166847692134390213e-01,5.300973753675111144e-01,9.798809040467735265e-01,7.918569998785394137e-01,9.554775879819297213e-01,4.521616963155304370e-01,9.011866142065289020e-01,9.547894168981981844e-01,7.406612559866194712e-01,2.942665129841890437e-01,8.484217144103289865e-01,9.958024446291674492e-01,6.862841076981289756e-01,4.516521571806434432e-01,9.989997220612259476e-02,6.276966806191789372e-01,9.395881071515015392e-01,8.536925995046545923e-01,2.644308818818883466e-01,9.373220677356945973e-01
6.210849822286126365e-01,6.387782586395114315e-01,9.640410400657757339e-01,8.604222366356729657e-01,4.404749601836460138e-01,9.697071835184384314e-01,4.005203982218347170e-01,7.250288032662784987e-01,4.998689343821093312e-01,7.017813508202092043e-01,7.608961301516808939e-01,5.240142749362967090e-01,1.850138826497479405e-01,0.000000000000000000e+00,6.558804555712871576e-01,6.150080818207287470e-01,4.838297953913849314e-01,5.807548622974899599e-01,8.491349230396680881e-01,1.550734649506978480e-01,9.356952726306092538e-01,7.448886924136295384e-01,8.399369075720128919e-01,8.244190579801159435e-01,3.933514735102785487e-01,4.866344439250424592e-01,4.777186572383836372e-01,4.269207731872044498e-01,7.515824855213115718e-01,2.514640819767466340e-01,1.800716240910037735e-01,6.343487662664922810e-01,8.992598373142699497e-01,7.553903373064104754e-01,6.340688845618444036e-01,9.700650238764070288e-01,2.770104029049398342e-01,2.099790977362119004e-01,8.759832502920381625e-01,9.853152596915220052e-01,4.533002655648402657e-01,8.650164242137757808e-01,8.977113311715591015e-01,6.750156240527140916e-01,9.707726217359881060e-01,3.286958232575166727e-01,7.485083473155652589e-01,5.900239873265571422e-01,8.390484414558042614e-01,7.281795910957803430e-01,4.894269082234768975e-01,6.822558119002680721e-01,6.727096745524678845e-01,1.188284939358028730e-02,8.951669582122180335e-01,6.896674273782524844e-01,5.173586712042509417e-01,6.062158802031211158e-01,8.966619156320726480e-01,8.414940969697306539e-01,4.025008434994141182e-01,3.739927890840715752e-01,8.433557235633275528e-01,6.505074464066976647e-01,6.124591310860584281e-01,8.507758781299663842e-02,7.182930163430255588e-01,9.503726835092974889e-01,-6.407676257152364330e-02,8.620575997334065654e-01,6.699700081541504204e-01,7.105988888467575926e-01,7.902554505121973660e-01,8.469093166023245953e-03,5.484056955372680342e-01,7.249648949992626434e-01,6.890618231469465282e-01,8.730940611337658641e-01,7.116446807719357670e-01,6.380404697682477977e-01,4.570409528412823774e-01,6.717941365247023233e-01,7.339673852183579150e-01,4.930175450548798244e-01,6.128708822974522352e-01
6.240318954687750219e-01,7.095964909727460190e-01,7.069959136037763381e-01,9.642896975787993430e-01,1.123946710313893371e-01,3.129894472680598838e-01,7.786509500510938597e-01,8.963031040771309854e-01,7.091704607889658396e-01,6.838155878903037221e-01,2.010755249941922063e-01,6.822817308695119376e-01,7.357888372232056495e-01,6.558804555712871576e-01,0.000000000000000000e+00,7.759178938702221418e-01,9.339649029668478653e-01,4.310750472319974103e-01,7.099789621996923650e-01,7.013093455062001658e-01,9.225609088335843255e-01,6.034581550390363258e-01,6.290048614736051258e-01,5.166129598012482171e-01,5.357337361707128487e-01,4.089628035932474925e-01,7.419820171208542092e-01,2.927604459356884514e-01,4.852521823595368211e-01,9.036139919883300065e-02,6.040305984722199595e-01,7.803031421276668267e-01,7.270556022813058350e-01,4.751031852342917361e-01,8.528067706415515259e-01,3.495137883928035039e-01,5.453678971258389963e-01,8.726020121273861951e-01,6.790893942886427892e-01,9.088026927738463989e-01,4.724293848741717983e-01,7.992579253375831083e-01,5.449439263302544578e-01,7.091956407533328566e-01,8.266570704971131223e-01,8.629413522022246763e-01,8.149386473725741542e-01,6.782628728921804573e-01,6.583811485555866039e-01,6.696948711581436342e-01,7.606295478023321621e-01,2.220173403518390653e-01,7.539989833477820369e-01,8.718064873825612793e-01,7.790575078783910090e-01,9.245606645886539354e-01,9.205227414685971388e-01,7.205279860210758169e-01,9.202822043952026965e-01,7.288150810012058445e-01,5.148023381579059921e-01,8.212570047278702212e-01,1.209321666639044390e-01,7.968155567570591735e-01,4.845573140114785571e-01,6.054017380012406413e-01,5.700927738326162508e-01,8.800366762050619851e-01,2.072547096549350876e-01,7.155429166869762270e-01,9.648407860647475465e-01,7.050612179606986496e-01,5.516741683345919300e-01,3.051706174367538327e-01,8.107483126351302527e-01,5.930720078191381583e-01,8.866483503785247411e-01,7.998995532557271471e-01,5.019240821379797879e-01,3.692611794965940386e-01,5.496159786765439925e-01,6.856661019617343866e-01,8.434378813956311394e-01,2.315366341664276129e-01,7.888869872953887530e-01
8.729821050742383459e-01,6.307103667449902584e-01,7.916887538656615098e-01,3.035414293426224042e-01,6.396513834952139987e-01,7.652037981626347296e-01,7.778726071491077754e-01,5.039098620147401952e-01,8.029860553391497957e-01,2.598332566519051534e-01,1.350395570387488975e-01,8.111759321150384672e-01,7.213126457922898194e-01,6.150080818207287470e-01,7.759178938702221418e-01,0.000000000000000000e+00,6.223933667360134203e-01,5.094692123288639962e-01,8.322700793559648647e-01,5.349696076181464921e-01,9.290090816950522523e-01,6.692143614881366220e-01,4.715855879816747698e-01,6.343348909785373468e-01,8.810574403058824000e-01,-1.342729122221169857e-01,9.642797269048245523e-01,4.709948831789321777e-01,3.442609929795673596e-01,5.372520654171840659e-01,6.223821741124222484e-01,3.736589094760269791e-01,8.946032648050933345e-01,5.830880626350388729e-01,1.176756568195251040e-01,4.762530446290275665e-01,3.020309715208119861e-01,4.842722859815455361e-01,3.952295667874894392e-01,5.603721044398883855e-01,2.131885136864933583e-01,7.637753318242552769e-01,6.475998951574195583e-01,6.929678050809043865e-01,9.962854145385153792e-01,6.022141754014039838e-01,8.909135476497965778e-01,5.762635091888546057e-01,4.930611003701239614e-01,7.477201493710323721e-01,6.374639196595217605e-01,6.269121494787435189e-01,5.121682748513672889e-01,7.613566930767028396e-01,6.547171602019448144e-01,9.674348031760319211e-01,5.616903914661119934e-01,8.771550192871382379e-01,3.438523511813997846e-01,4.460207654011795197e-01,3.390896326904875580e-02,6.867947663093262323e-01,9.914244618764826988e-01,8.178093551465787092e-01,6.974991453315859680e-01,7.985741551303143781e-01,6.355808748122706575e-01,9.716823353771990579e-01,5.159283855918807005e-01,6.071363624634233958e-01,9.253977659337297990e-01,6.713355032412609003e-01,2.550269739119637169e-01,4.130781924544113526e-01,4.880207102234258021e-01,6.048366938587003139e-01,1.268004791195956604e-01,4.824200291003624130e-01,5.863620094710639830e-01,3.150742961152701027e-01,4.801058558207877414e-01,6.442123851139399671e-01,8.579175162869383531e-01,6.567329925866678408e-01,7.176995207674117250e-01
9.339615364747073656e-01,4.996598210242789717e-01,5.873565168133146885e-01,6.208397702405458185e-01,3.379707666310941550e-01,2.524811686013004874e-01,8.451055192962018126e-01,7.001485245447023331e-01,3.859585310914379619e-01,8.127967630959740397e-01,4.884135711607599517e-01,7.931063313200404918e-01,9.858055848533506804e-01,4.838297953913849314e-01,9.339649029668478653e-01,6.223933667360134203e-01,0.000000000000000000e+00,7.661639586112998224e-01,5.916504417516578185e-01,9.150226868987596518e-01,9.643600272471688495e-01,6.264903255448294184e-01,8.569218588975949791e-01,6.589643570946142059e-01,4.077177476536837375e-01,9.132549469472337478e-01,7.428200564751059609e-01,8.025325548443783541e-01,4.914380287052027008e-01,5.238460685529369165e-01,3.010285475283455137e-01,8.071314083750893431e-01,8.373308828497495471e-01,7.429705962877091174e-01,8.033914745559462833e-01,5.144144936425067982e-01,6.937843980127605947e-01,2.155534100621427362e-01,7.516055331576336762e-01,9.352400595226455504e-01,3.159025361687827771e-01,9.148284155320750566e-01,6.305493791787345481e-01,9.725518185118949832e-01,9.220620114279486357e-01,7.353932095267832203e-01,7.777158365156975339e-01,6.732047511137204676e-01,6.857007341766113706e-01,7.776874536462099474e-01,7.800594921031953621e-01,9.358330269001712276e-01,9.342643570001590847e-01,9.522494570492276988e-01,9.139203602416975381e-01,3.687515745190247385e-01,5.292262741983478902e-01,7.842556770424611301e-01,6.974680165649106423e-01,1.902276354898645994e-01,8.941409650109656271e-01,9.315303416016295079e-01,9.706103043281752996e-01,9.898410223718776546e-01,7.722752549394806820e-01,9.066234714011104368e-01,5.042888940004154330e-01,8.085769828113175128e-01,6.389449270740175102e-01,5.757471626979461243e-01,7.319982622046642406e-01,7.796764331488995614e-01,6.519900815735640842e-01,2.646328701914491544e-01,4.106901731492908492e-01,5.520849767029579747e-01,7.343050616792919927e-01,5.971797169426651397e-01,4.835606296542208637e-01,2.616540370043597408e-01,9.077127916003230323e-01,9.910566728542035131e-01,6.251246227217699403e-01,5.740321835341027912e-01,9.155407856191284388e-01
8.659335343995591128e-01,5.503702928771481151e-01,7.989088746373189664e-01,9.489345842488869920e-01,9.813478131983621733e-01,9.797199565397340937e-01,3.236921767970420416e-01,6.527993189116717554e-01,7.290543690659437859e-01,4.637623046950643535e-01,6.872945459886361519e-01,2.431517291626770771e-01,9.633475947751606316e-01,5.807548622974899599e-01,4.310750472319974103e-01,5.094692123288639962e-01,7.661639586112998224e-01,0.000000000000000000e+00,8.313623102157324807e-01,8.169419059541437322e-01,7.079586314409729297e-01,7.063805821948013763e-01,3.219619834936718883e-01,6.637180895331992181e-01,5.569153218658380311e-01,4.806785075181947975e-01,7.600577368098324627e-01,7.114482770204256790e-01,7.277036785217144699e-01,4.438041641456579867e-01,2.739073835834820447e-01,4.797867578971603542e-01,4.982731563624331339e-01,7.402179805882497243e-01,4.485603761232521136e-01,3.327501794184457573e-01,5.909343993632074632e-01,2.157510640087803022e-01,9.438854876438951269e-01,4.136416915663447269e-01,4.534407682957131147e-02,6.271155849563868623e-01,8.676914324371809428e-01,3.641573517514682390e-01,7.949310825761999322e-01,3.029851059436857730e-01,4.597727903131996752e-01,6.272275441237339377e-01,3.285903021484621322e-01,4.262246251116583728e-01,6.976215081285465081e-01,7.343392457594989375e-01,5.712749408874575607e-01,9.544298953710598221e-01,9.201016926535138252e-01,8.959697594218662964e-01,7.900915537857366999e-01,8.668532740183405583e-01,4.596374085572790813e-01,2.624045595260038333e-01,4.332968237905615583e-01,-2.946494408171035362e-01,9.601207177731654330e-01,7.064197278563316695e-01,9.626302583679033908e-01,9.271180441420318052e-01,8.921977037653926468e-01,4.444492740291380306e-01,6.394268522423656176e-01,6.203782434557442160e-01,6.995668464731789049e-01,4.516054907133675855e-01,4.784723420564365171e-01,3.446160019562334309e-01,4.859156740840177569e-01,9.896160930554693813e-01,8.227614029276917318e-01,9.639930149790907343e-01,7.197595500872149277e-01,3.984551091350170271e-01,8.501005154895528992e-01,9.020000056178898440e-01,7.952337762860846038e-01,7.529220900420159346e-01,7.085679992925697501e-01
