0.000000000000000000e+00,4.410022135354587092e-01,8.444576064393154446e-01,7.489314987659778655e-01,7.625079398067680092e-01,8.811688825909244072e-01,6.452004830097261001e-01,9.028661652901671664e-01,9.025022289505654216e-01,7.449097350036024690e-01,8.138029686342581615e-01,9.044623217070308918e-01,6.005385635339026695e-01,9.322304341588949494e-01,6.225882457116912461e-01,8.646209055659185294e-01,8.997431934343432802e-01,8.057215197068106072e-01,6.000769803430661131e-01,5.432986125049144022e-01,8.027799321044869485e-01,6.746133648404952776e-01,8.492130543820159971e-01,8.396668360228678463e-01,6.318882484670502730e-01,2.047486129275409572e-01,8.345569265171035589e-01,9.057674370898561866e-01,7.434735119672554182e-01,7.826233646985046866e-01,4.722616511010230833e-01,9.003260683626891359e-01,2.101736584817902875e-01,7.959500312534432132e-01,8.400567790529904766e-01,5.579649019173000823e-01,1.934131496133911776e-01,9.407306442354573806e-01,5.661921049192282229e-01,4.900176359098696866e-01,5.995754993067080596e-01,9.487622826911177309e-01,9.043456494544838131e-01,8.694408551879969638e-01,8.478434818399158690e-01,3.134897006433334798e-01,5.049768408263725084e-01,4.020921939197208972e-01,7.444325702804830414e-01,9.263013963450359434e-01,6.106699978385864425e-01,6.831885375064803423e-01,8.419945427964126150e-01,6.748108570405615403e-01,9.778462800460676618e-01,8.555748474504566436e-01,5.642623028086766190e-01,9.197816431601157916e-01,6.190477771528140050e-01,6.136818879439231988e-01,7.209261324413972494e-01,8.118803199693674921e-02,9.837178847585481556e-01,4.654503838404320248e-01,6.594026897699092338e-01,8.434279285129027137e-01,6.474634927044986554e-01,9.471689010261636898e-01,9.053284077569325738e-01,4.635735350256436349e-01,4.582947282041662240e-01,9.554559027941667004e-01,4.153827926118662250e-01,2.932876926668306350e-01,8.080692469959807056e-01,8.016829221109555981e-01,8.301185474701975320e-01,1.485829270024539017e-01,6.025342064522383190e-01,2.515533500190347826e-01,9.837121431942080774e-01,6.998708025438219460e-01,1.945330351365407440e-01,3.374639388494850567e-01,7.222755181055542373e-01
4.410022135354587092e-01,0.000000000000000000e+00,8.759616028225086781e-01,6.800707518751155645e-01,6.194078541665367643e-01,8.485405844041439272e-01,6.071731580524836192e-01,6.837000281316762962e-01,9.166901236883673310e-01,5.787550135416961172e-01,6.292658684977432415e-01,7.259916648414190821e-01,8.471581203043606623e-01,5.584559442383478789e-01,7.315789169114795820e-01,9.906738564020032278e-01,9.018167810296323639e-01,7.022750241987324449e-01,7.225358329422028048e-01,9.169981581902187928e-01,6.261059404410591611e-01,6.499899721223664217e-01,3.612948622210414573e-01,4.622839045554444359e-01,5.543352260801934772e-01,9.039855387833942713e-01,6.783240838588331378e-01,3.955569371686314950e-01,7.518621853672295963e-01,4.957203090467440232e-01,1.863519296164337924e-01,4.970262607363106766e-01,6.406610826716006013e-01,9.767599213559610138e-01,7.041060142771851105e-01,4.545158723487290747e-02,1.782366626875376558e-01,6.676073636157453528e-01,8.368165173941064516e-01,5.261466008043209630e-01,8.219839070080192656e-01,6.858138817114851626e-01,9.112444523552927222e-01,2.350820157324603477e-01,9.376722714590287611e-01,7.945193641385035477e-01,6.929475996894579604e-01,9.282501515618133414e-01,7.066114688263065435e-01,6.547535054346633743e-01,9.589458649953152003e-01,9.210490471241919996e-01,9.809237600011608826e-01,5.128808553284084359e-01,8.190943655402572743e-01,6.130704521240524230e-01,3.095815794736400672e-01,5.171819046156161948e-01,9.065612426426046255e-01,9.721964290444129464e-01,5.249378345851595240e-01,5.046155548183254291e-01,7.334646187384913363e-01,8.823122323184044991e-01,8.820605379501085253e-01,2.351415704444503874e-01,5.088226264253125075e-01,8.940885685817205886e-01,7.817466223253950464e-01,9.778496317375682256e-01,8.515015617666028547e-01,5.872750689903909471e-01,3.556354175357451797e-01,7.569242226379799821e-01,3.954564875531061396e-01,4.764149671526468621e-01,8.639233683211738901e-01,7.254536818194905479e-01,1.011657829107313611e-01,3.115263315558500778e-01,5.868866334968870779e-01,7.490430139487789241e-01,6.767561554406666957e-01,6.702654530720840720e-01,7.291719791983337640e-01
8.444576064393154446e-01,8.759616028225086781e-01,0.000000000000000000e+00,7.322506635026945210e-01,7.104251100051259815e-01,9.089286368486133583e-01,8.717375583111330872e-01,6.274570023800638552e-01,8.022865536273856568e-01,5.590442200281211527e-01,9.025366390662642457e-01,6.732484275472317981e-01,6.959633105678624254e-01,8.192437672309449415e-01,4.044008265675929081e-01,9.477053200667622246e-01,8.123859932095810477e-01,9.642302620793625767e-01,9.914450099098255365e-01,7.881823681199596754e-01,8.085439030847416664e-01,9.830521246360586218e-01,7.944078322409355852e-01,8.909355905039385570e-01,9.227505212729079087e-01,9.874564544215579387e-01,6.995076980626968588e-01,5.765687540750701334e-01,3.676683524421705540e-01,7.004291679242712343e-01,3.625946022947704739e-01,5.062441605562677527e-01,7.393796926361509980e-01,8.841770141567734109e-01,6.646581836453127057e-01,5.647820085673385115e-01,6.135841834196464895e-01,5.865535622872046773e-01,8.730430731161364921e-01,5.420295919185303957e-01,6.253454967999767522e-01,8.333075873419818480e-01,2.868302753956893936e-01,7.128444441904177031e-01,6.326463247784770427e-01,8.714969949986415276e-01,7.323679275027147328e-01,6.686239229737813705e-01,7.924493639350937979e-01,9.489021994347391908e-01,7.322646656559437250e-01,2.324892162048561584e-01,9.104442371512276866e-01,9.041011345512510733e-01,3.315502935195491774e-01,6.930480683627526783e-01,8.956639023799799482e-01,8.495866912352865175e-01,5.988402647944846002e-01,4.077476687898311525e-01,3.997747429397401353e-01,8.536126936453609648e-01,9.984923766777200616e-01,5.057032463739077333e-01,7.762342369507579942e-01,9.103294228811504851e-01,8.966371633032315103e-01,7.815612258505910681e-01,7.716370378709115352e-01,8.755654154268537326e-01,9.531675498874832009e-01,9.911862708213591278e-01,7.273777789860843557e-01,8.048027426274706464e-01,6.961413959645056382e-01,9.257997767031077574e-01,4.288089523730143626e-01,8.751099549883153417e-01,6.318831060820224721e-01,-1.412681467947256297e-01,9.111381864545888831e-01,8.473947690070064986e-01,7.842105863423286527e-01,8.426232809039173599e-01,9.740894601511436157e-01
7.489314987659778655e-01,6.800707518751155645e-01,7.322506635026945210e-01,0.000000000000000000e+00,7.184697725331962159e-01,2.198618244108204167e-01,5.318011964878970321e-01,9.934145431630579948e-01,6.666971253082523141e-01,4.852169823018586542e-02,8.770128208525548308e-01,8.193191567992045288e-01,6.968552402501629883e-01,6.058842325548285945e-01,7.002848911082094618e-01,8.607383968501065574e-01,8.342893417697352376e-01,7.829879467518221503e-01,6.276837611433599973e-01,9.663576352084859433e-01,7.051823515641987283e-01,9.188255719308999758e-01,9.310491740661882565e-01,6.105975642289397376e-01,4.891255646929187351e-01,4.174494724642414667e-01,9.221701869735314805e-01,8.574293767017673318e-01,6.929153938774534893e-01,6.221874197755752900e-02,1.573172778875513503e-02,7.633947149939854793e-01,4.091056947110990882e-01,4.475734031209701591e-01,8.296899608538007564e-01,4.505788052220210255e-02,1.147861453822186101e-01,5.425632685415427980e-01,9.799682403223052285e-01,7.512261803212850753e-01,6.431300468190535025e-01,7.211641815250160459e-01,7.075393642978867748e-01,-2.518510992582564945e-02,6.996380336882661588e-01,6.881449357264423083e-01,7.167518492866781221e-01,8.337836955890911561e-01,3.568733847418928962e-01,4.102567643395017005e-01,8.485061011424677169e-01,3.875709939403969573e-01,8.560288264310759176e-01,2.274902934643653896e-01,8.372543225071207296e-01,1.638771743800583325e-01,6.695642868659341662e-01,7.329468185173687589e-01,6.509400307140101871e-01,7.290380813705422680e-01,5.255189737831108543e-01,8.015228580344370135e-01,6.962030213819899727e-01,6.352134630408288185e-01,4.553532024293784897e-01,9.222139552253665329e-01,3.977904033295608377e-01,9.548148905786641993e-01,2.151716825582659642e-01,6.301869589225954638e-01,6.272668609180680477e-01,4.540377791918424610e-01,4.127026298612163080e-01,9.094422919991477228e-01,9.751197790541442645e-01,6.682880125917071146e-01,2.660847423469639428e-01,4.115686107850627939e-01,6.873596136508939303e-01,2.775354444289417355e-01,4.653159747007612479e-01,9.021415285523366467e-01,9.924877855076779110e-01,5.673179535905070736e-01,8.936073638531001340e-01
7.625079398067680092e-01,6.194078541665367643e-01,7.104251100051259815e-01,7.184697725331962159e-01,0.000000000000000000e+00,8.696900889141702118e-01,7.945223444514115663e-01,8.756516096883897315e-01,9.215605854394868235e-01,7.695668161508764094e-01,6.066927977022409380e-01,6.659461425054616912e-01,9.437925652538123877e-01,9.123738713967642910e-01,7.002921762667809746e-01,7.391804808205227895e-01,4.210471830715967721e-03,6.799829932860333992e-01,6.923744894350843948e-01,7.434780488533984100e-01,7.841993900706156762e-01,2.157243202771622070e-01,3.176314682771097520e-01,8.705596553486358857e-01,5.553101989921952475e-01,9.446769731465304298e-01,3.281733569407934148e-01,7.846695721477712215e-01,8.157089119960894141e-01,6.601077140302838986e-01,1.231793363325237589e-01,3.859348310866161924e-01,8.277085339217639115e-01,9.321044357833163652e-01,6.650661196733564928e-01,5.301112184631863178e-01,2.452184676513397554e-01,5.688813639188172733e-01,1.976148896949199152e-01,3.822295652403696620e-01,2.617617267903615819e-01,8.646032964664573939e-01,7.624500691641232786e-01,6.436650834830690560e-01,8.495866945435155415e-01,6.810543852916033369e-01,6.142851429058969748e-01,8.554501144403441337e-01,3.397931233970761383e-02,6.338349707517070275e-01,9.509607779908939573e-01,8.637856426354884043e-01,9.211120919808426510e-01,8.537108570883463754e-01,9.556692765345941032e-01,9.658854398280660725e-01,7.268895282205514174e-01,4.815782857490210622e-01,9.806008843297733257e-01,7.206205047641378592e-01,1.328046602520912556e-01,2.622824688978578900e-01,7.792757456507302116e-01,8.500217262898517312e-01,6.530413606160133666e-01,9.523025778659636176e-01,8.043381863457280678e-01,9.590674785716292172e-01,4.270713918389443253e-01,8.654776941291222325e-01,9.207803255372837281e-01,7.992770375163860130e-01,4.321489820820631489e-01,7.352172740040914256e-01,6.772409261809508862e-01,5.098677510429487914e-01,7.564924593949179377e-01,7.343466667748861365e-01,7.412906552153701867e-01,7.229042681881330257e-01,8.790427991100399074e-01,6.632919089555209258e-01,8.108816548483539499e-01,4.544448445690739691e-01,6.281710444161666684e-01
8.811688825909244072e-01,8.485405844041439272e-01,9.089286368486133583e-01,2.198618244108204167e-01,8.696900889141702118e-01,0.000000000000000000e+00,3.961968255406961847e-01,9.239501846666626772e-01,3.787037276645948553e-02,7.013765148147186324e-01,6.401284725356390926e-01,6.255478968354317715e-01,8.745759714480454416e-01,6.788307515434204298e-01,4.918605472592705863e-01,7.900773751579348581e-01,3.220933830241388685e-01,7.384268490814054342e-01,5.807848076883583843e-01,9.442311745270602907e-01,9.331389787570998351e-01,7.681445839841177792e-01,9.917364681731913878e-01,8.810965409562906414e-01,5.692794798079681140e-01,4.783408648228230642e-01,8.729326485811000902e-01,6.077684846554228804e-01,2.759838424690737591e-01,5.217125589922497753e-01,3.022540122366775828e-01,8.152348591238268716e-01,7.580509469457210603e-01,7.753572620016240258e-01,7.253601263864173365e-01,5.756608249745993611e-01,5.297702427605603948e-01,8.528105777741149529e-01,9.408510777345719944e-01,8.502317244203443369e-01,5.432178140183663295e-01,6.147078506358967243e-01,9.184423293161029234e-01,9.489745903660690152e-01,4.711248392045250255e-01,4.889210228790030754e-01,6.566308963275512278e-01,6.391181510551693368e-01,4.209865357321609380e-01,5.488122740283033485e-01,7.230377317692668893e-01,8.088260167820588986e-01,4.118239243933328741e-01,6.881964383425911436e-01,8.197575194980926128e-01,6.997552095643471137e-01,5.604059598301568412e-01,9.990205187537576359e-01,8.344186866167331296e-01,2.434694254434545679e-01,5.020425497066555165e-01,9.837632114345882250e-01,6.841731772374892717e-01,8.697371426261752969e-01,9.157743310005815873e-01,7.710847743442819091e-01,6.805340617250750235e-01,8.696019499285182475e-01,6.972188257166044290e-01,7.443829320930952509e-01,5.842482381208504716e-01,9.659367011156450022e-01,5.127138326372953081e-01,8.798295414686128080e-01,6.249214334357207079e-01,7.940948335384699908e-01,7.428787535797294339e-01,6.380551929849415105e-01,3.567797327053677803e-01,2.123862955895841620e-01,8.237326159430413686e-01,7.261868682713383816e-01,7.580335349761244679e-01,4.637961343042721341e-01,4.192918149843083420e-01
6.452004830097261001e-01,6.071731580524836192e-01,8.717375583111330872e-01,5.318011964878970321e-01,7.945223444514115663e-01,3.961968255406961847e-01,0.000000000000000000e+00,3.736502826453874104e-01,7.924134186511937461e-01,2.917847978348592775e-01,6.748298292622926242e-01,4.283828748475479453e-01,7.434694140122648509e-01,7.686733324728705075e-01,2.544078656976251351e-01,6.439006378692955224e-01,6.412686079971621211e-01,6.726423390313309714e-01,3.603458499961343930e-01,6.019019987665732430e-01,6.136823571099100372e-01,3.556040205995981696e-01,3.463219783525356976e-01,8.877865778058965374e-01,4.327234225458716499e-01,6.307143256966544209e-01,6.894240287874159323e-01,9.881583103533055912e-01,7.005386063794192264e-01,3.292447854068626389e-01,3.338425134395359706e-01,6.887446822321554585e-01,6.736971967959429763e-01,6.266132701446615050e-01,7.500647440031049662e-01,7.381968185260098236e-01,6.556107488100403335e-01,3.837161067124792435e-01,8.930613063149416275e-01,3.542121167352989541e-01,5.779820713732604087e-01,5.552732681157482864e-01,8.876764199538993427e-01,5.958675939551891787e-01,9.057253508317196777e-01,3.430283633875881311e-01,7.253426438961679823e-01,4.337109419482921280e-01,6.038097925554963830e-01,3.580302061075919529e-01,6.954295422853332687e-01,7.341748620594771291e-01,2.096272957076987867e-02,7.399001771477923262e-01,8.450672551024407397e-01,7.268822189567034631e-01,6.198268836963973794e-01,6.152342802967399882e-01,8.357182164504580735e-01,9.839122354586766761e-01,5.294711928242185062e-01,5.772421530656736133e-01,4.597217589082740474e-01,9.391500247218941277e-01,9.959007609106873549e-01,3.632577927347401259e-01,7.675458091717367592e-01,1.315915269340157678e-01,8.017570981057007273e-01,5.584423990304097085e-01,5.293673089851207436e-01,3.203979421457222587e-01,8.527823704142163674e-02,7.685549264664230940e-01,9.636645930328318066e-01,5.243463008444071427e-01,5.970104839690016929e-01,6.173652846164359165e-01,4.354752086193710570e-01,3.613769278582953381e-01,3.589940606649392185e-01,8.524670521867113715e-01,7.209800482466770521e-01,5.514391702034264764e-01,1.270544751714024478e-01
9.028661652901671664e-01,6.837000281316762962e-01,6.274570023800638552e-01,9.934145431630579948e-01,8.756516096883897315e-01,9.239501846666626772e-01,3.736502826453874104e-01,0.000000000000000000e+00,5.770888600835631932e-01,2.015697443731058747e-01,5.798378274017770284e-01,5.132172189468467982e-01,6.096099853540998259e-01,6.835809347344259379e-01,6.951259498984885266e-01,7.666594172401578478e-01,8.134910899400971118e-01,6.248223854723390369e-01,7.532403829342548818e-01,8.040259618420511067e-01,8.716402881396836388e-01,6.431211912473859815e-01,7.785447888790741899e-01,7.520124135965872147e-01,1.768559616573278370e-01,6.211050799955554202e-01,7.967062874752882662e-01,6.124382985146324954e-01,4.491444547862642467e-01,8.257868011751214876e-01,2.361808328766087928e-01,-9.449226783104471006e-02,2.023852235618175954e-01,7.275014642921250052e-02,3.367433808829414787e-01,1.726832748196167541e-02,3.373686364107492119e-01,6.000780427271756867e-01,9.894869457617494479e-01,6.932818763339461121e-01,3.854882434180336714e-01,4.021038653480790148e-01,4.118337902220380320e-01,6.189190619590379666e-03,7.665355959869046831e-01,5.160549289747318191e-01,7.621961662655659664e-01,3.358804676776163123e-01,9.538617418704182782e-01,4.619646252546066312e-01,7.811266200270299276e-01,7.321596484431869278e-01,6.925894408512598410e-01,4.030984705421764014e-01,8.765934526775210900e-01,4.821320960969233127e-01,6.738041593312916744e-01,7.811150552584290585e-01,9.224485288219140822e-01,4.960703142857147419e-01,7.797401336878529987e-01,9.107314357996892928e-01,9.986378530445503277e-01,9.041221582433726089e-01,6.683493728354235053e-01,9.273951666206422528e-01,9.085083629980119646e-01,7.004155160981544448e-01,6.937063580906794868e-01,7.044921965433204036e-01,5.656208545420529088e-01,7.210756927385584270e-01,7.422741134955332942e-01,4.115873577874753497e-01,8.202366908203589935e-01,6.769516207324588475e-01,5.820003758985862197e-01,9.942320186210824584e-01,4.119028772882559752e-01,6.494775937863813686e-01,7.956866092824318448e-01,7.875709911141050013e-01,6.751942562381926249e-01,6.440119747978214626e-01,8.094051985887229517e-01
9.025022289505654216e-01,9.166901236883673310e-01,8.022865536273856568e-01,6.666971253082523141e-01,9.215605854394868235e-01,3.787037276645948553e-02,7.924134186511937461e-01,5.770888600835631932e-01,0.000000000000000000e+00,7.358074246236985250e-01,6.990811916892221145e-01,7.560070452711210587e-01,8.698687390567376720e-01,5.665841609721071759e-01,4.028545193170841587e-01,8.165981270367139722e-01,9.975617286683154950e-01,9.189221534880108733e-01,6.764977204437503389e-01,6.737556306924961103e-01,4.085295576200685952e-01,7.885209294136221736e-01,5.927563041827997870e-01,6.669524437481171297e-01,8.418901323776945000e-01,7.287208587917788360e-01,7.448857473311967237e-01,2.009336224127024617e-01,5.720658325535814548e-01,5.337540088950430972e-01,5.819494820454508277e-01,6.950411645792774484e-01,4.479791326342595914e-01,4.050631484839882779e-01,7.615381662352087577e-01,2.793368746704218974e-01,5.194111872738392810e-01,7.604409853573781408e-01,8.567350986135918722e-01,6.021886788330914619e-01,2.664395220280718624e-01,3.251727319933628291e-01,4.059742638978443563e-01,8.527180443664635900e-01,5.066129567564761071e-01,7.822953305605480079e-01,5.018881455732772112e-01,6.145993203989681408e-01,6.640702254752829381e-01,7.221654701303226176e-01,8.584668681474127983e-01,9.774313542315091752e-01,5.673078573315670781e-01,6.060345664109384467e-01,5.109728276170087957e-01,7.749542739910183498e-01,4.570695874975441164e-01,2.819215254191909104e-01,7.712000681904043198e-01,5.865621832172016603e-01,4.590667461653677450e-01,6.996290629064021438e-01,6.663394114928093970e-01,8.730369214138358203e-01,7.783578309707556153e-01,8.895934975109318632e-01,5.266775344305113515e-01,7.166481383565621588e-01,6.072686968748659542e-01,2.687999425647499274e-01,9.415342827568600192e-01,8.836206558093048224e-01,5.634726242120738915e-01,7.809351109166469129e-01,5.853956491666343354e-01,8.321542563744902532e-01,5.320663370524738589e-01,7.436824019006207376e-01,9.473902945707682322e-02,4.135510182484757324e-01,4.792699487273108794e-01,9.771231979743039142e-01,6.684623507749132276e-01,7.630784050869794388e-01,5.702390070216453166e-01
7.449097350036024690e-01,5.787550135416961172e-01,5.590442200281211527e-01,4.852169823018586542e-02,7.695668161508764094e-01,7.013765148147186324e-01,2.917847978348592775e-01,2.015697443731058747e-01,7.358074246236985250e-01,0.000000000000000000e+00,2.513817709954396795e-01,6.042925560650652672e-01,7.220400356035039380e-01,9.036345079335674768e-01,3.756383548430256014e-02,9.080200400032990560e-01,6.137667175692612664e-01,6.726343703064322499e-01,6.005096271445135026e-01,8.756052301649741576e-01,6.890929001511248986e-01,6.963623863775497691e-01,6.735253435361183705e-01,8.245592348293711016e-01,4.080676663801656168e-01,6.971555056197484834e-01,5.628386189042544618e-01,9.204643360741767699e-01,7.226092652880276024e-01,4.734966577680511657e-01,6.145398847949786747e-01,7.607813338791596935e-01,6.895285581048407053e-01,7.705560687713878254e-01,9.366509562143722212e-01,4.885856649061059431e-01,5.544914568930354726e-01,9.839774872329292155e-01,9.099953285799878833e-01,4.743019401772830546e-01,7.739040723472587757e-01,6.182990762543371099e-01,7.182961332684968392e-01,2.400657439126200887e-01,7.767665359955003845e-01,7.693931120365333776e-01,6.461661753502137007e-01,8.264187629731192253e-01,7.977358346738765427e-01,2.844087362652977791e-01,5.702484283664586151e-01,7.387307245285417157e-01,4.164061956794901653e-01,4.340824320588516638e-01,4.018778921627958467e-01,7.528155004973167141e-01,9.976814315739016559e-01,8.170198976841936966e-01,7.244287810672931371e-01,1.089907111706550913e-01,4.943817570773691439e-01,9.645586164058946865e-01,6.487590829654483748e-01,5.401423080839264923e-01,9.543399671976066090e-01,3.081753587456987353e-01,8.740153751325689946e-01,6.719633786878377313e-01,6.562774517359097892e-01,7.401003367971874525e-01,7.462062671439791961e-01,9.322122130709902255e-01,6.652663311155299075e-01,3.348065756801421600e-01,5.423368823725780441e-01,2.972347328132265987e-01,9.740318603603219660e-01,7.532721605066740045e-01,2.291062287064810632e-01,5.682909051858845428e-01,6.365293139287204749e-01,9.877360680963591655e-01,6.538229058947527816e-01,5.362345446810011795e-01,8.849412574342561122e-01
8.138029686342581615e-01,6.292658684977432415e-01,9.025366390662642457e-01,8.770128208525548308e-01,6.066927977022409380e-01,6.401284725356390926e-01,6.748298292622926242e-01,5.798378274017770284e-01,6.990811916892221145e-01,2.513817709954396795e-01,0.000000000000000000e+00,7.440476332690398875e-01,9.009855521583007842e-01,4.747035088953123205e-01,5.547186953107259288e-01,4.419908880949381946e-01,6.098656551865208053e-01,5.136556037160741051e-01,8.704989316724327519e-01,4.562027108540019360e-01,5.786892873176009422e-01,2.422424997152571591e-01,6.983407792596473262e-01,7.242098667307141913e-01,6.485118316533471372e-01,4.471452277322938151e-01,7.228658498289527445e-01,9.373503958739791697e-01,3.082612409513678098e-01,6.628559936320080892e-01,5.122924151964406425e-01,1.121427925059280961e-01,7.049605011122330733e-01,3.446395267665917084e-01,3.224126225576398608e-01,7.788314677213401538e-01,4.389939305799243630e-01,5.510569213907235975e-01,6.322931986056815612e-01,6.029392852998257668e-01,7.249192883826492961e-01,8.802909334010808884e-01,9.245005962590573390e-01,3.420505631804324764e-01,5.988372059589728291e-01,7.485196620270049284e-01,6.201351008030481227e-01,7.548548783388394634e-01,8.616646402614129840e-01,7.265587270318111246e-01,9.476761420338327691e-01,6.890804451732237546e-01,8.312440664718764305e-01,7.877552285370957863e-01,8.682936218755272773e-01,7.597723519914982848e-01,7.799711703622096426e-01,8.892971939726945774e-01,7.690065409595419066e-01,7.074853172855787020e-02,9.639394523173260010e-02,8.572939788847812048e-01,7.592817685417017071e-01,9.502172935387491748e-01,-3.187939103634037652e-01,2.233014282650809812e-01,6.819436886998402336e-01,9.894100233542867384e-01,5.343025035302202408e-01,8.021456893170644253e-01,9.427510723967732487e-01,9.150773790688712106e-01,5.316307262528330302e-01,3.929510614657583667e-01,2.660435020411076601e-01,9.074387379969065526e-01,6.910672814639363670e-01,2.758231962426201944e-01,2.651773578998726788e-01,4.032442847493024063e-01,3.970876498304675151e-01,8.377114019633390418e-01,8.485085384468765701e-01,2.890682595222847096e-01,4.898969467457708893e-01
9.044623217070308918e-01,7.259916648414190821e-01,6.732484275472317981e-01,8.193191567992045288e-01,6.659461425054616912e-01,6.255478968354317715e-01,4.283828748475479453e-01,5.132172189468467982e-01,7.560070452711210587e-01,6.042925560650652672e-01,7.440476332690398875e-01,0.000000000000000000e+00,8.274270667880402330e-01,7.019111242966684650e-01,4.372556629978026632e-01,2.116191596732687197e-01,8.947373810087811963e-01,5.677244324492758398e-01,6.329401681242660116e-01,9.950747776332306005e-01,6.278316275201847318e-01,6.774729030054014167e-01,7.837243552347052944e-01,9.185891013000904159e-01,1.402415252198077091e-02,5.119134928551724029e-01,7.040909434386238841e-01,4.798583461602130562e-01,3.537256900720275876e-01,4.288422442385113609e-01,2.953040892067479439e-01,7.654806274289061019e-01,9.026829496063959457e-01,7.838452395757520286e-01,8.354440626537616987e-01,2.738339616306575408e-01,5.425998995993311924e-01,6.242910146105068447e-01,8.371172534760664696e-01,3.771905576307878483e-01,5.107106504692084936e-01,7.653337734144136650e-01,7.668221079084157621e-01,7.499210986767014253e-01,8.534403838790524111e-01,9.569773142701422097e-01,7.104810002386614531e-01,4.811623131231674844e-01,4.978845999479408202e-01,5.109001819099896480e-01,8.883541438405609947e-01,6.828335839014255670e-01,8.194378942687092771e-01,3.606493579384391635e-01,7.707663364489309998e-01,3.195945885140481502e-01,5.768646585455288189e-01,9.401918962868557328e-01,6.303024922723826640e-01,5.373366587389293292e-01,1.900062203742381439e-01,9.471578920014503966e-01,7.613064724605806965e-01,8.981546881362211243e-01,7.079930281294100070e-01,7.437105484588903970e-01,4.457473972927991634e-01,9.686684727784683480e-01,5.506310571641082063e-01,3.625196522966568358e-01,6.210516575711140241e-01,4.314751229490848550e-01,7.250997742811546853e-01,7.653006025769570897e-04,6.965642961862126281e-01,6.382069090100961350e-01,6.190510057248194142e-01,7.199926360291252214e-01,7.789901474625755551e-01,4.857399667743089178e-01,6.912283024518023344e-01,6.970084649537111599e-01,7.913856885128696117e-01,3.950522888121869025e-01,6.548780260448876511e-01
6.005385635339026695e-01,8.471581203043606623e-01,6.959633105678624254e-01,6.968552402501629883e-01,9.437925652538123877e-01,8.745759714480454416e-01,7.434694140122648509e-01,6.096099853540998259e-01,8.698687390567376720e-01,7.220400356035039380e-01,9.009855521583007842e-01,8.274270667880402330e-01,0.000000000000000000e+00,6.727385570244264201e-01,2.757725650617796620e-01,8.577595289266671807e-01,7.364043445723780223e-01,9.102598299740520815e-01,2.664388243669217893e-01,8.463054356664447830e-01,6.624709857469534002e-01,5.012247203997517442e-01,6.557722298589908627e-01,9.678492087348762318e-01,9.340310315015168952e-01,4.213018362421633300e-01,8.190546001992916603e-01,8.821138476434446929e-01,3.703131887299784264e-01,1.686579836593169457e-01,1.521044228378503060e-01,4.091083795219985220e-01,6.079578156512542852e-01,6.243351960207763618e-01,7.062585356621240429e-01,8.666601674233483099e-02,4.711220860896269680e-01,5.893185178483768549e-01,9.518518362382691889e-01,3.451997576051983874e-01,2.904034849466593515e-01,7.222277858344632318e-01,9.356780553136799794e-01,4.401922134865840497e-01,9.751513759691780026e-01,6.126147333312862431e-01,7.069688148469492894e-01,6.429858664616447950e-01,7.226897671829707326e-01,4.373946539848025394e-01,7.600361755588748158e-01,5.586362265628053159e-01,9.977171493281457026e-01,7.090778256071873509e-01,8.092972981329557003e-01,6.005867159647203524e-01,6.711453389830890348e-01,8.103924542632943151e-01,8.847900046529643125e-01,6.621944139847402155e-01,6.501900810526635155e-01,4.550158298288651815e-01,9.611058180986522537e-01,7.840225646003633475e-01,8.300950342697416273e-01,7.531891847776521765e-01,5.046405730177606630e-01,6.662276363615096120e-01,9.623792647115245735e-01,8.054586416203549648e-01,8.766982774096373499e-01,7.124783122089893839e-01,9.808079991773160922e-01,3.671438937737642738e-01,3.445238998326648483e-01,6.988059422759029804e-01,9.102960604267724687e-01,8.938523657567176706e-01,3.074555332156296908e-02,6.175936048764447683e-01,4.405152496993999245e-01,6.152849401362079362e-01,1.047251760242512708e-01,7.540857329112067298e-01,8.311672817337759644e-01
9.322304341588949494e-01,5.584559442383478789e-01,8.192437672309449415e-01,6.058842325548285945e-01,9.123738713967642910e-01,6.788307515434204298e-01,7.686733324728705075e-01,6.835809347344259379e-01,5.665841609721071759e-01,9.036345079335674768e-01,4.747035088953123205e-01,7.019111242966684650e-01,6.727385570244264201e-01,0.000000000000000000e+00,8.664232622454250965e-01,9.926571398595267492e-01,7.275123085113789356e-01,2.854156640608017659e-01,8.323947066554147067e-01,9.644196336292399918e-01,8.635122980135883086e-01,5.174528898180961178e-01,8.787478701551889593e-01,4.289995675561008026e-01,2.789088538712610199e-01,9.830288936930412502e-01,6.774907277197818045e-01,9.614028022419964792e-01,2.148075787940949555e-01,6.403873267141639569e-02,4.868133119030487177e-01,8.786763291193442349e-01,8.564799201083336255e-01,4.194470242695142459e-01,9.827111147384173240e-01,3.668332803444422918e-01,7.654524964229194595e-01,6.808576207658831869e-01,9.350637967154341590e-01,3.058950036758585900e-01,4.609986382058017806e-01,4.255090836671210908e-01,4.119477683663098633e-01,6.651167481318662755e-01,8.108361224912183918e-01,8.494249055235039148e-01,7.374824056079460899e-01,6.408042752237633755e-01,5.821233107595753520e-01,9.079438328896102250e-01,7.802086367738032546e-01,7.504792370155132231e-01,9.220873759467334008e-01,2.236871333346056034e-01,6.873155620659682219e-01,9.130279048114060547e-01,5.682327254777967962e-01,5.857531630102755793e-01,9.519358834384764601e-01,5.888172719725524029e-01,4.540445866535227082e-01,9.717398864444611872e-01,6.835903106988928668e-01,6.046654368318830075e-01,8.378247163668983699e-01,7.063107254881345609e-01,3.994289747609629515e-01,7.392413594534337218e-01,5.609778337752360233e-01,7.709129268812586755e-01,4.640952539663152909e-01,2.496280863073384593e-01,8.150748001511648466e-01,5.858932996031698259e-01,8.631212986029328516e-01,6.237154503009051387e-01,4.882560818014031745e-01,6.028209584120713949e-01,2.294185575831860224e-01,6.460234353151659281e-01,6.309667713133203515e-01,4.760245087131381170e-01,7.969098332289065167e-01,7.753259534438341483e-01,6.009320636942109273e-01
6.225882457116912461e-01,7.315789169114795820e-01,4.044008265675929081e-01,7.002848911082094618e-01,7.002921762667809746e-01,4.918605472592705863e-01,2.544078656976251351e-01,6.951259498984885266e-01,4.028545193170841587e-01,3.756383548430256014e-02,5.547186953107259288e-01,4.372556629978026632e-01,2.757725650617796620e-01,8.664232622454250965e-01,0.000000000000000000e+00,6.082018108910417498e-01,8.471723069737526757e-01,1.280372919736840788e-02,7.968304940634081124e-01,7.426367557835767963e-01,9.446491987153988745e-01,5.402984588227537355e-01,8.086750163445661777e-01,6.516553497095958214e-01,3.960266089730144490e-01,6.570201295892783566e-01,4.672792652450031836e-01,4.851252826292283271e-01,5.686156424067660975e-01,6.896712561852501588e-01,8.898780310046496833e-01,4.102551944082646340e-01,4.433496678288101900e-01,7.745001762250642852e-01,9.990348058440536860e-01,8.589197214323891494e-01,-1.908587759438929721e-01,2.095825049412090302e-01,8.062267554578107509e-01,7.007837771876195276e-01,2.727772073555587151e-01,7.601450658985322573e-01,8.131139320404449089e-01,3.877438050454295460e-01,8.189389006050051822e-01,8.812581587983470133e-01,9.833896600236428087e-01,6.253669813924578325e-01,6.137196808164766537e-01,8.873839359742732302e-01,7.419952597765016034e-01,6.860844146813421807e-01,8.174718641343922121e-01,8.980319080045502389e-01,7.783823171925976503e-01,9.869994105385010430e-01,3.859277863333708258e-01,7.134747057901662526e-01,5.601404295490899354e-01,7.947317171701946403e-01,-9.680018119354184825e-02,1.616953316457331868e-01,7.817234389396587879e-01,8.239162777440078855e-01,8.746042940662563936e-01,6.077610160919449944e-01,1.244466583465540926e-01,8.013459526771556929e-01,7.173570998458590475e-01,6.722761503445409126e-01,2.112365598890208473e-01,4.101432206360742239e-01,6.628726599934532393e-01,3.183921931664314142e-01,3.537933101757028131e-01,8.983730852501864428e-01,7.988479739878188157e-01,6.939764356199569217e-01,2.784997450101005523e-01,-1.282544004825192929e-01,3.130624417421959960e-01,3.440174492086254393e-02,2.070015195936648345e-01,1.233437297674519484e-01,6.626108447865152185e-01
8.646209055659185294e-01,9.906738564020032278e-01,9.477053200667622246e-01,8.607383968501065574e-01,7.391804808205227895e-01,7.900773751579348581e-01,6.439006378692955224e-01,7.666594172401578478e-01,8.165981270367139722e-01,9.080200400032990560e-01,4.419908880949381946e-01,2.116191596732687197e-01,8.577595289266671807e-01,9.926571398595267492e-01,6.082018108910417498e-01,0.000000000000000000e+00,6.387298899747982928e-01,9.970750701589483622e-01,9.303464040085930309e-01,7.629046059057364992e-01,7.612433959435287445e-01,8.017824602354373109e-01,7.499321244882759530e-01,5.822413042259267923e-01,9.137596486839675292e-01,4.584068351967780508e-01,9.791496393284017108e-01,8.452255356617549564e-01,4.682406520150206863e-01,3.370468985922603355e-01,3.451695740845472926e-03,7.854626321783968468e-01,3.713641555528736093e-01,6.317578640238536991e-01,7.699151150175723712e-01,6.483819242846645681e-01,3.626923788741132082e-01,9.087891399635077416e-01,8.176508301480279739e-01,6.651374761231610977e-01,7.834628739258397978e-01,7.388513116256383295e-01,8.655364260930308307e-01,6.502772694037809442e-01,8.329376095708745931e-01,5.053268410661446719e-01,4.507029546366061457e-01,7.229519624671418843e-01,5.778727093188504860e-01,2.024527944319698403e-02,6.882850376516811419e-01,7.958765585114265795e-01,9.245131420219637741e-01,6.544318787901727275e-01,6.415338820780203122e-01,7.513946443237692341e-01,7.204814894426787575e-01,9.425108829726318582e-01,6.399137756484614137e-01,6.335689916635034447e-01,5.599543765262323669e-01,8.846650255836123744e-01,4.858119886670182463e-01,9.053348221182483391e-01,5.528319807098857064e-01,6.781484963148036726e-01,7.904196332313681017e-01,9.099403776726110449e-01,3.976652789487413742e-01,8.776942608590844186e-01,6.815103854593039800e-01,7.233838635902589687e-01,5.229343786858111631e-01,3.514319117877198750e-01,4.346163305401728461e-01,5.741365853257788254e-01,8.980295834338994920e-01,9.318606913830476124e-01,5.831220461958124268e-01,5.554601405656599544e-01,7.919268107896924036e-01,6.738795772734359479e-01,9.363862111786573905e-01,5.355695975658594232e-01,9.652229056603975899e-01
8.997431934343432802e-01,9.018167810296323639e-01,8.123859932095810477e-01,8.342893417697352376e-01,4.210471830715967721e-03,3.220933830241388685e-01,6.412686079971621211e-01,8.134910899400971118e-01,9.975617286683154950e-01,6.137667175692612664e-01,6.098656551865208053e-01,8.947373810087811963e-01,7.364043445723780223e-01,7.275123085113789356e-01,8.471723069737526757e-01,6.387298899747982928e-01,0.000000000000000000e+00,8.245980276206389403e-01,9.642752993420095065e-01,8.231753112520978632e-01,8.428298546239717526e-01,9.578762138755464450e-01,9.615628882732388805e-01,6.120756078347756590e-01,7.733897717772241220e-01,9.296804348573973753e-01,5.992758897415806363e-01,4.236183138266422787e-01,1.283658431519057452e-01,7.076009983827531435e-01,1.508777696461187090e-01,8.906778192234209302e-01,5.463394386156948945e-01,7.960727589881493316e-01,9.471970080805489633e-01,9.524741305714656825e-01,-1.090185736173552439e-01,5.837615365271660028e-01,8.486576823855630503e-01,7.537366400146309209e-01,4.121750730959796716e-01,9.034194093996945618e-01,6.368296218129307906e-01,5.908812137603026704e-01,8.341770240274929415e-01,9.832142380992038300e-01,8.544240815881196660e-01,8.984406152018398206e-01,9.455316262284250151e-01,6.402137287331371995e-01,8.947915059255449055e-01,4.982136135237377195e-01,7.039296917240401852e-01,8.199469883485759336e-01,9.863206142371856444e-01,9.041379429783643618e-01,8.932921100250977853e-01,7.588154924117334055e-01,9.430380678147645135e-01,1.245560322334199610e-01,3.850251431354075882e-01,9.928928687482873050e-01,6.122267314522096271e-01,8.909780580710695563e-01,6.377459780961129976e-01,7.268880457353878999e-01,5.072706555875483581e-01,9.385008423934222410e-01,2.736431418595280385e-01,8.966358167887497066e-01,8.616199459615067058e-01,8.188125274703977885e-01,5.093808961777054334e-01,5.129662931652164692e-01,2.924232863971915619e-01,8.406089520533275294e-01,4.830782782073015924e-01,7.574317971685662343e-01,3.009281950071585610e-01,2.018840479539317778e-01,7.204751777214705166e-01,9.700846801509189765e-01,9.873135408371721544e-01,4.406625522878930834e-01,9.404075994522976822e-01
8.057215197068106072e-01,7.022750241987324449e-01,9.642302620793625767e-01,7.829879467518221503e-01,6.799829932860333992e-01,7.384268490814054342e-01,6.726423390313309714e-01,6.248223854723390369e-01,9.189221534880108733e-01,6.726343703064322499e-01,5.136556037160741051e-01,5.677244324492758398e-01,9.102598299740520815e-01,2.854156640608017659e-01,1.280372919736840788e-02,9.970750701589483622e-01,8.245980276206389403e-01,0.000000000000000000e+00,6.416049275509668748e-01,7.668193313445234027e-01,9.992470200922158874e-01,8.050530217840213831e-01,6.246374231435231072e-01,9.120321884943379809e-01,7.374240388379174060e-01,1.136415655681270592e-01,6.555561006324722717e-01,6.264518779391957670e-01,6.155759611136296661e-01,7.223626142599037792e-01,4.728447470083795290e-01,6.450043014958054544e-01,5.958817738835855415e-01,9.640386371624990458e-01,-3.551323087104291121e-01,4.894413988092879420e-01,6.560030902594742308e-01,7.211601821749578090e-01,9.178468975990136114e-01,9.127148228886832193e-01,3.824242211204562647e-01,5.977183957951477389e-01,8.909669481707670480e-01,9.852409011980689524e-01,7.461908019229894773e-01,4.548726102687613571e-01,8.379569355892877436e-01,6.396399521575539815e-01,-6.510747750287854130e-02,6.690899320084208179e-01,9.540053290851677747e-01,7.045325856869020242e-01,5.683229024246267969e-01,6.165147215711730411e-01,6.935413026641193968e-01,8.526184139932517780e-01,8.368539463417387081e-01,9.943171977188780541e-01,2.207849488374227787e-01,8.741287574725489229e-01,6.068035638398145970e-01,6.585175098708575536e-01,6.095119559776380758e-01,7.885769513300415756e-01,8.761152702437379203e-01,8.047680146479800900e-01,8.806296037117883335e-01,6.356348843897262624e-01,3.293745831010181369e-01,6.345657975788228100e-01,9.258307106984579038e-01,6.237269288210356422e-01,5.224429938355372727e-01,4.698260321094896996e-01,3.837092004752939989e-01,6.176272727858019840e-01,8.188990915840995699e-01,8.014529756793975501e-01,3.435665825241976945e-01,4.329499437964976494e-01,7.671809875277260105e-01,8.487479486793612082e-01,2.866973043421917611e-01,4.664107920400936691e-01,9.492780386916602753e-01
