0.000000000000000000e+00,9.107195256226342517e-01,8.046651715937680471e-01,7.759907193793385005e-01,9.889071532514848162e-01,9.610421036939780226e-01,6.028536004280329319e-01,6.930181923357817686e-01,9.564543642266731815e-01,6.469280836686328584e-01,9.792267035469024439e-01,9.036387029214275612e-01,9.852730956567865572e-01,6.971819398363551246e-01,3.054615948883594445e-01,6.046965589170838484e-01,7.295648656064182003e-01,2.667109348281270220e-01,6.589187076838163293e-01,7.814973449460446142e-01,8.053471908728820905e-01,8.999770713384774856e-01,7.364033766394202374e-01,8.325508175344770168e-01,6.359504460092429978e-01,6.169112560533077660e-01,7.091041989615169960e-01,9.535547200660672296e-01,2.006540360265793854e-01,1.875831658219569709e-01,1.675771603624669759e-01,8.728176230590183327e-01,9.819618341295750508e-01,7.309062817155365099e-01,8.625061989227876813e-01,7.868251226689505495e-01,5.474366031606016092e-01,6.477500946132683790e-01,4.427673047214260027e-01,9.554936392253347011e-01,6.250331236252409939e-01,8.361461278824205978e-01,9.890137460540727732e-01,9.437383119819783284e-01,8.076351578440854606e-01,6.336127358402572352e-01,7.353390157896007029e-01,8.357305623069357647e-01,1.891757865041283904e-01,9.448260983469587426e-01,9.271902347284503021e-01,8.308521142756796207e-01,8.333312592400878849e-01,9.994453497510481510e-01,8.688249609866114387e-01,9.205754610830858553e-01,8.695315045095644013e-01,7.940108027225671883e-01,4.231372978100702009e-01,9.760593702503640029e-03,3.357326133100071441e-01,8.922441141148503840e-01,9.408271654087991820e-01,6.280940577334519492e-01,9.675089733909226775e-01,1.312506926202379291e-02,7.531789407823675786e-01,7.310421936887259164e-01,6.227636087553195532e-01,9.494851404618298574e-01,6.851409106403694160e-01,9.032580376466620153e-01,4.300883545865929469e-01,3.857551522121179799e-01,7.002610076552560070e-01,4.800619789445544350e-01,4.988634032760281278e-01,8.162214374257685812e-01,5.420868530265002816e-01,4.062307196941780107e-01,8.329910136781947250e-01,4.143869462979088425e-01,4.379722394990611112e-01,9.063956570282590830e-01,6.934177926966710315e-01
9.107195256226342517e-01,0.000000000000000000e+00,4.914641983536079950e-01,7.208969536285818602e-01,8.889819004131985780e-01,5.636978807699672966e-01,7.978553015145293248e-01,6.984299360316742478e-01,6.436459721273121160e-01,6.558300428907345436e-01,7.291036007625808502e-01,-1.252486085994559684e-01,9.450931543932060697e-01,9.266087544287129329e-01,2.584256132024603247e-01,7.280013352259830928e-01,7.952755267350148927e-01,9.834271317736067441e-01,7.800857498907429743e-01,9.745060123438282762e-01,8.879404140497063613e-01,6.885236098470391974e-01,2.669541847939786994e-01,8.749739642777100146e-01,6.782232189720849291e-01,7.681612423708954474e-01,5.872012136004413074e-01,9.603365463791420087e-01,8.266640325111872523e-01,4.587475676886973996e-01,1.089489203900884801e-01,3.435590106294602597e-01,4.465118403790592772e-01,7.245663883076266520e-01,2.029477016698542080e-01,4.496448130978187296e-01,2.312460345391543215e-01,5.908958832370532210e-01,8.135757622723821525e-01,8.837014440626581591e-01,7.535757524452952882e-01,8.257465612295331603e-01,3.937244684974858244e-01,1.598304183102757237e-01,7.167970929238535183e-01,7.568324150876708512e-01,6.454869641521004953e-01,7.157538478871040555e-01,4.453329998747502794e-01,6.891744045988971168e-01,6.689774084155087897e-01,8.134632379478002884e-01,9.502463268701518695e-01,9.492638586001526102e-01,8.723608994793314864e-01,9.059003394401118348e-01,6.671631923094986094e-01,9.288233472219761255e-01,9.314316798145640952e-01,7.626546780779693835e-01,7.442381580834789290e-01,7.267432600576932966e-01,9.410059550969874786e-01,9.341267494672965688e-01,7.498574498919708953e-01,7.580041567251348811e-01,8.829756598303941661e-01,7.893787053144447619e-01,6.066825427084631128e-01,8.652099494463356688e-01,8.872765408744843763e-01,6.515134202854868661e-01,2.154344292786096737e-01,7.913593116853723242e-01,6.045227950128568839e-01,2.841852678706509594e-01,4.392399383036700300e-01,5.116498985752087059e-01,2.296424617219092884e-02,5.962496016564133861e-01,7.580992799042485242e-01,9.968471798759153124e-01,7.336976329471388558e-01,7.525924188078506605e-01,8.298240172428980044e-01
8.046651715937680471e-01,4.914641983536079950e-01,0.000000000000000000e+00,9.321555172194453398e-01,9.227963007827928443e-01,8.323549779825332173e-01,8.347794904052585618e-01,9.930452046190403337e-01,4.004808598220561677e-01,9.217512741175106772e-01,8.744515807559491982e-01,9.334175878805242021e-01,9.138942224436321649e-01,5.296069762392934255e-01,8.983112451464423387e-01,7.993920980816510147e-01,9.461809161782317457e-01,8.759430522228360827e-01,9.051286155612644491e-01,8.167545331812200438e-01,6.167595376757931680e-01,8.419880393050572787e-01,5.079202691177541196e-01,7.088028441651997857e-01,6.733301818448893528e-01,6.618679558217706038e-01,8.312755331970963502e-01,8.158774467737083258e-01,5.559952794653687524e-01,5.589999674341967761e-01,6.778287618577359952e-01,9.081332751652603230e-01,7.743181988156332407e-01,7.739707880760593461e-01,9.591924847452740766e-01,7.013959077901292805e-01,3.850721941023664829e-01,4.239528660805315097e-01,8.578915588776303558e-01,9.400145969750373087e-01,5.149757119776028347e-01,4.289255346270893776e-01,5.705185585662375658e-01,9.922467400105379198e-01,9.753823274044503000e-01,9.312882182723043467e-01,4.804367817581205458e-01,7.276093243901976537e-01,9.501460752293967582e-01,8.581225029159066375e-01,4.944643251238220460e-01,9.389916623845745436e-01,6.262652994660355965e-01,7.971705873312955326e-01,6.446114500764188460e-01,5.623842533566013602e-01,9.856958280053849109e-01,9.389129232614554788e-01,5.720214012606691378e-01,5.725117104287816838e-01,5.642179225812411492e-01,9.202264596576665845e-01,8.105971825323625701e-01,9.049523064898504776e-01,6.628921683175377222e-01,6.846852788708602811e-01,6.602223136159139916e-01,7.226485162265650075e-01,8.169602845719498019e-01,8.303962208913108212e-01,9.109109413009747191e-01,2.181889284446701383e-01,5.302682170158908859e-01,2.257966932819889805e-01,8.954846332014225752e-01,5.855668239909718187e-01,7.475960560652022968e-01,6.686877639860808742e-01,6.641203317099211301e-01,5.561623197639432581e-01,8.456199217084994224e-01,7.718564352562538033e-01,6.363393298918420538e-01,9.907089304009430997e-01,9.651403740500791306e-01
7.759907193793385005e-01,7.208969536285818602e-01,9.321555172194453398e-01,0.000000000000000000e+00,6.348546694020545944e-01,6.849740628636792339e-01,3.675589714914784256e-01,5.979122535651364423e-01,7.605412161025825180e-01,8.874382623410388415e-01,9.028983527550059618e-01,9.764750759706906091e-01,6.817441481326765862e-01,7.140871901019976153e-01,6.094795903502135959e-01,3.199492135218921507e-01,9.502137850176266554e-01,9.411013857254383330e-01,2.342864002602950135e-01,8.050611033517671711e-01,8.914366506608788487e-01,9.993778411583539301e-01,7.809904609069056036e-01,7.592573630251032712e-01,5.033243084457974525e-01,9.882443843040717990e-01,6.636931912587864524e-01,5.101003336783433983e-01,4.891881121884917305e-01,9.903726495776672412e-01,4.432079002518983235e-01,7.706085042912204086e-01,6.814143180052524285e-01,9.313812044489726549e-01,8.239089268791438547e-01,4.698894431988296372e-01,7.032891186279205398e-01,4.805252547262980345e-01,9.191389928381247243e-01,8.778664499235259155e-01,4.113184181346540846e-02,3.918205496605419169e-01,9.217353002269474960e-01,6.997505814654709777e-01,7.747523872422479307e-01,6.181117769593955646e-01,8.665799654983630251e-01,4.540124268416947939e-01,7.155284825203565013e-01,8.063077910051966724e-01,7.455578851633735127e-01,5.758910579167477728e-01,9.704095588759242830e-01,6.335386345905320571e-01,9.477703099519648733e-01,7.184848340599552241e-01,9.875128685115367455e-01,7.105154403507276673e-01,9.073216139727779961e-01,7.453119763902293915e-01,2.857294913837437611e-01,6.712694404008355820e-01,8.393839163112167823e-01,8.825609874335668126e-01,7.710344447164710902e-01,7.973652101350355847e-01,8.238177073107482151e-01,8.354155517833878886e-01,5.319128747629147114e-01,9.731509356480516626e-01,8.564791988088595875e-01,6.619195045209738115e-01,4.282786388241630049e-01,4.016875623549436836e-01,6.606658344533951066e-01,6.611389391077753253e-01,8.377604281484168913e-01,4.585486759373665344e-01,5.993053835150499165e-01,8.917650199163529301e-02,6.149370162317440158e-01,6.717812898043593606e-01,5.839797600270366651e-01,4.866560090939181515e-01,5.044633745455924245e-01
9.889071532514848162e-01,8.889819004131985780e-01,9.227963007827928443e-01,6.348546694020545944e-01,0.000000000000000000e+00,8.161596994393297555e-01,4.006485778170491008e-01,6.897563098512803359e-01,8.682035482954987282e-01,9.815414124006535124e-01,2.803559750175721454e-02,9.051650302712738183e-01,9.589464173034190075e-01,7.955471842148653661e-01,4.190970964425696499e-01,2.423615485188613250e-01,6.243839690968017164e-01,8.264216101317205521e-01,6.381162431283674552e-01,8.357802986600962880e-01,9.414775009009842544e-01,7.342359319299174292e-01,9.246859230644997041e-01,5.371756651829406870e-01,3.229535133946148662e-01,9.656770333356886615e-01,7.028292815795297299e-01,8.085483832079340960e-01,7.347652730014075928e-01,6.706895830165211514e-01,-1.868872574445733514e-01,7.532291667870408824e-01,8.962066804311407120e-01,8.245347594450752604e-01,6.499653333263661903e-01,6.909684506464729425e-01,6.424731572995593387e-01,5.209172334543363814e-01,7.668249396807617080e-01,8.945162018529501102e-01,6.157450807588928932e-01,6.548079414866239123e-01,8.859497696106246600e-01,9.114134204326148625e-01,8.345527403377945852e-01,7.345253865038010588e-01,7.948362655623512074e-01,9.170061514274772119e-01,7.803881156773151417e-01,7.297037698597389488e-01,9.310319321874935827e-01,7.183126552687273403e-01,9.045075166965087510e-01,5.121222651879329124e-01,8.746700323396788823e-01,5.450027434893217615e-01,6.750936675232719342e-01,6.221901811121192116e-01,7.221477092464811953e-01,4.989991700654937135e-01,2.253581079622700434e-01,9.422496199869783151e-01,8.777002725442581976e-01,8.889387756034230481e-01,6.378143157495573812e-01,6.702884123595632092e-03,7.556278591064687911e-01,6.508283759762900633e-01,7.779022669180635230e-01,5.371489119085139929e-01,9.278555915787372044e-01,7.775936341581318745e-01,5.048257101803015345e-01,-1.241966503648775227e-01,6.985812732004679226e-01,9.051615763870796139e-01,7.994924917318277924e-01,9.331933748119355387e-01,4.475772270463863611e-01,3.365445058138855083e-01,2.121586882739932012e-01,6.525603699264979074e-01,7.528286010183232735e-01,3.867417938848074499e-01,6.338899857219533196e-01
9.610421036939780226e-01,5.636978807699672966e-01,8.323549779825332173e-01,6.849740628636792339e-01,8.161596994393297555e-01,0.000000000000000000e+00,4.048272312355702951e-01,7.673482131882339852e-01,7.464834186722885123e-01,6.460819508300266190e-01,8.158019268901469667e-01,6.941585960512791642e-01,4.818173052230461106e-01,5.470289816923542547e-01,8.640563211895874174e-01,7.168187184532393008e-01,7.486054098304731896e-01,7.517597856418742897e-01,7.066710782742676722e-01,5.959389270611895606e-01,9.859951905709227749e-01,8.712882394590031332e-01,9.388073556615799120e-01,7.461262302433455673e-01,7.655558287202736123e-01,8.029130354620322985e-01,7.909723976614786434e-01,8.416061622564549038e-01,5.309517942878443364e-01,3.389537469332113417e-01,4.955346460172670442e-01,5.258480824746321058e-01,8.219626038626985931e-01,6.646070831398309675e-01,8.005082876078462029e-01,5.627363484923743053e-01,5.294643418586919559e-01,2.482968608886228501e-01,8.170003326292755164e-01,8.760488616006034679e-01,9.515248983937442118e-01,9.012600011529231514e-01,7.475986345139935541e-01,1.362308055892092751e-01,4.141139081360284968e-01,8.858857612565138595e-01,9.933311664776197647e-01,8.254588288909658900e-01,4.383234632249284335e-01,6.773914934319785752e-01,8.310504445053563671e-01,5.010944352006914126e-01,6.045659526943054640e-01,7.858438469588305830e-01,9.089745631800956183e-01,8.293901704153091581e-01,1.122738389869808034e-01,5.926155580865570816e-01,7.186640505607265750e-01,1.862928207504170944e-02,6.459946496526448589e-01,4.477206710850558102e-01,6.080079019656788875e-01,8.027198670969486471e-01,8.462545497714164533e-01,3.730018420102432786e-01,9.588225621326295078e-01,6.707230442918532543e-01,2.210841910483040684e-01,7.416089477996884449e-01,8.835879162181324853e-01,4.566802473819033814e-01,3.197961190941171483e-01,5.111153445242441196e-01,2.672740390220740281e-02,6.868378619387475181e-01,7.337929814268804307e-01,7.135949488377346661e-01,2.316117586830850894e-01,6.989759172066358772e-01,5.364812088326756934e-01,2.014782364536734649e-01,6.953173829413886731e-01,5.198009569343600145e-01,6.630344229311585513e-01
6.028536004280329319e-01,7.978553015145293248e-01,8.347794904052585618e-01,3.675589714914784256e-01,4.006485778170491008e-01,4.048272312355702951e-01,0.000000000000000000e+00,7.248171844045974144e-01,3.176958618938491852e-01,4.802878597797513582e-02,2.335053275545851403e-01,6.098538981651271396e-01,3.110667553544173569e-01,4.093314412179963613e-01,6.331831801519623992e-01,5.493044560505582624e-02,7.151397862819562912e-01,6.816070667938014527e-01,4.088628743691712364e-01,4.650689759777080212e-01,6.232607342408641449e-01,2.283265276023351831e-01,5.076208545373004366e-01,4.100317103446642353e-01,4.807919226209048102e-01,6.648692997987307729e-01,7.852668972333459729e-01,4.963295689819213208e-01,2.822439903293504360e-01,6.821715296086465763e-01,4.728240988729317529e-01,3.038896502554203627e-01,2.975136758917031332e-01,3.134470141374632313e-01,6.352717984086277969e-01,6.372351268339830899e-01,2.899144719979365181e-01,3.472490834938994908e-01,7.181893990036513076e-01,2.750786760192158731e-01,7.172840927129124911e-01,7.994585522107477971e-01,5.605588329362118927e-01,6.272574738979372899e-01,7.796491267937438741e-01,5.920815874592733064e-01,6.633145376457527664e-01,6.177398594837096857e-01,4.734523712752182756e-01,6.850125967617038958e-01,6.177485287982396045e-01,3.889277410565845083e-01,7.441282915805380593e-01,7.474971877082208227e-01,6.695093459901684252e-01,4.941733319453534556e-01,5.831292341041295346e-01,7.518804030101717828e-01,6.252600504016543326e-01,7.784811761422492093e-01,3.636075181188368477e-01,4.978745175129153377e-01,7.850584479446480746e-01,7.461088493032310698e-01,9.474316119636304601e-01,5.686148776909665248e-01,3.613968488172127902e-01,8.232874520011446151e-01,4.518428041797230565e-01,5.748206158163886581e-01,9.635863087665662574e-01,3.958321110875215876e-01,7.474047602361151288e-01,7.504472401347457300e-01,5.837217967878238767e-01,7.555043212228378380e-01,1.432911359317347588e-01,2.505628810275913887e-01,3.039381994953477273e-01,2.077132538030368458e-02,4.963726212187339892e-01,9.217256749315279052e-01,4.650148460796159067e-01,4.502621341238473018e-01,7.127462158148047955e-01
6.930181923357817686e-01,6.984299360316742478e-01,9.930452046190403337e-01,5.979122535651364423e-01,6.897563098512803359e-01,7.673482131882339852e-01,7.248171844045974144e-01,0.000000000000000000e+00,5.683678966155479850e-01,3.030946590811502972e-01,5.895087242990886267e-01,6.962350775971669625e-01,6.261477590531487891e-01,7.927803971385178894e-01,4.922682990946811721e-01,7.413450851990696089e-01,7.916178772832640487e-01,6.379543961082952963e-01,8.556757360175794025e-01,3.254295880322194412e-01,8.636335710171423319e-01,6.229739978612542917e-01,5.312480375115636866e-01,5.895096114319532399e-01,8.459454073035520549e-01,7.557799653561433351e-01,5.594744601276584461e-01,5.671805172981202459e-01,7.832137265398931847e-01,6.869598438406809837e-01,6.326054795613842430e-01,7.578197355376631306e-01,7.154872314794842314e-01,6.456338634251440611e-01,7.424327265093096928e-01,5.195815547761765130e-01,4.034312251831420615e-01,6.948855132117635891e-02,9.788736219284535078e-01,7.557931664002447425e-01,7.511528287900043344e-01,4.379820286769671722e-01,9.015929415506281908e-01,5.131391647731942118e-01,8.153447301821531434e-01,3.791719334507153150e-01,2.107276716185232934e-01,7.541512370333866011e-01,3.127391101785608196e-01,9.182676312547173314e-01,6.915102452630426111e-01,5.166601450074166380e-01,5.634721727692647564e-01,7.617482496321642538e-01,5.799323449403448461e-01,8.486410562920789769e-01,7.285182416322434351e-01,9.051093077192112757e-01,9.215633397197194876e-01,7.236052855268471085e-01,6.033613909687218779e-01,8.110383215898800957e-01,1.919858988070268779e-01,8.675190845367295456e-01,6.039716734218768535e-01,3.280470312993131743e-01,4.554631693518934044e-01,3.093089700491135630e-01,8.121648056979063890e-01,9.505358760233573179e-01,7.216398712598677267e-01,3.265982189467634411e-01,3.453630360898065632e-01,2.893539383837179790e-01,8.127136286018356026e-01,5.883955771818862868e-01,3.978637163900177187e-01,5.241483386885257278e-01,7.002753823742206007e-01,4.059285644317436326e-01,8.066241036132836273e-01,9.348410664396689107e-01,8.693164628610066114e-01,5.516117522970569453e-01,5.804318862588250250e-01
9.564543642266731815e-01,6.436459721273121160e-01,4.004808598220561677e-01,7.605412161025825180e-01,8.682035482954987282e-01,7.464834186722885123e-01,3.176958618938491852e-01,5.683678966155479850e-01,0.000000000000000000e+00,2.729494861215686075e-01,7.546948932492281159e-01,8.070201207472195160e-01,8.402629814878714853e-01,9.516085895866228661e-01,3.182750729815921331e-01,7.208043609572720722e-01,6.722332680747000744e-01,8.203936543446415097e-01,4.731221215529259339e-01,8.288711931136031330e-01,9.379058969440019489e-01,6.447734366234820769e-01,7.393024243559509490e-01,6.750167946001555119e-01,9.572783478682105329e-01,8.041478384245583921e-01,9.731397246854951444e-01,4.632319871814623014e-01,2.663188568906990072e-01,3.127797405989427570e-01,5.204865471353581352e-01,4.748597754758589473e-01,7.619272272502367604e-01,6.195387025725651586e-02,6.642294287388653684e-01,8.854280159521716875e-01,1.111032903986391568e-01,5.228502487874746585e-01,7.891742842137607905e-01,8.981791766618593131e-01,4.102112507676524689e-01,3.790543347151621445e-01,9.824849995396537361e-01,9.811866520079490783e-01,9.144600651555279125e-01,8.528580478458210878e-01,8.776547824017489896e-01,7.579462403277825722e-01,9.993395140936951471e-01,6.578438392265537615e-01,4.436308366802354519e-01,3.103175143430610405e-01,4.467662433621211737e-01,6.043819143060419341e-01,9.639903736728187011e-01,4.351149678910024021e-01,6.702483192382331367e-01,6.905369526077044240e-01,6.650458928293260241e-01,6.976164591680467097e-01,2.051933064704916654e-01,9.853570378248792672e-01,3.708406517379704281e-01,6.374993173666564372e-01,9.793278240636429377e-01,7.321302405718510542e-01,6.807244156965078785e-01,7.074604677070897019e-01,6.984958404611580907e-01,4.623270782727882944e-01,8.481434475719427102e-01,9.125255008946374646e-01,7.724040698830532403e-02,3.952474764598109536e-01,6.613418749222095272e-01,8.188347621534243226e-01,7.167035989604574331e-01,5.761790161061540738e-01,5.307224528665732688e-01,2.671912617825711878e-01,9.968269178822923848e-01,8.870139163642837277e-01,8.645714461593347888e-01,6.421410618316806262e-01,8.637194139270782944e-01
6.469280836686328584e-01,6.558300428907345436e-01,9.217512741175106772e-01,8.874382623410388415e-01,9.815414124006535124e-01,6.460819508300266190e-01,4.802878597797513582e-02,3.030946590811502972e-01,2.729494861215686075e-01,0.000000000000000000e+00,7.418367936558887266e-01,8.883624846245413709e-01,6.327014341049825852e-01,6.821374216554181302e-01,5.170928898581168554e-01,5.291596643336082817e-01,9.968411693937477835e-01,7.459782732894264523e-01,8.104097029284293985e-01,8.865533699262441170e-01,9.055268621326272305e-01,8.958184108038387272e-01,6.256013222517153860e-01,9.522568204486291377e-01,7.564221631326492057e-01,7.317690248134052222e-01,8.343620930250258416e-01,6.733612843226650657e-01,9.865814493514127870e-01,7.545436024814040632e-01,-1.270276577301233389e-01,8.401311700276165029e-01,8.449747268932983335e-01,2.378097717699343971e-01,6.390151565824599977e-01,7.503374969882212753e-01,2.285491282041079986e-01,5.237343363551116848e-01,7.555504721331889328e-01,6.477394336807220654e-01,5.501741174895810049e-01,5.623489655986045888e-01,8.899542809564481294e-01,6.654853907522594314e-01,8.469023563499715745e-01,9.878839420716769570e-01,8.116223608953707647e-01,8.442458427140013821e-01,4.257451039074537924e-01,7.636651276842294500e-01,7.849666089267762770e-01,6.190851991528462106e-01,2.987745902031242462e-01,9.924528374507286532e-01,8.047681569849541861e-01,8.209289899488758646e-01,7.285876990938174869e-01,9.505011233718394514e-01,8.318980649802433236e-01,2.422470043886304769e-01,7.173007239185547057e-01,-3.280983074656727005e-01,6.029904568265954667e-01,8.777175824504477308e-01,8.118789101765293559e-01,8.261638202046466262e-01,5.830767405557734095e-01,7.316835590175156945e-01,3.959993274529324259e-01,8.706826913283379765e-01,8.549888257138184011e-01,8.900926269282540826e-01,5.133053588923892629e-01,5.696678037595481747e-01,7.098590889937661519e-01,5.883105201783266347e-01,5.680998254982995155e-01,7.917383931659586205e-01,-7.406587564998967643e-02,1.660784934398423229e-01,9.254810482461974797e-01,6.648478153096426535e-01,6.994813557163832574e-01,7.057028345297600147e-01,4.950278556724152512e-01
9.792267035469024439e-01,7.291036007625808502e-01,8.744515807559491982e-01,9.028983527550059618e-01,2.803559750175721454e-02,8.158019268901469667e-01,2.335053275545851403e-01,5.895087242990886267e-01,7.546948932492281159e-01,7.418367936558887266e-01,0.000000000000000000e+00,9.086250854997531823e-01,7.148726654143139347e-01,7.159858759919601745e-01,6.010785228293836768e-01,8.944106537065265039e-01,8.404551697459383686e-01,3.376748413531667214e-01,9.979742501371281493e-01,6.143645905005947760e-01,8.184686843566133518e-01,6.376683041329485047e-01,6.981300773489143019e-01,8.124531847098863668e-01,9.826968162210750757e-01,6.092825401113555195e-03,5.703698503038310275e-01,6.493563741965756586e-01,6.430765689543069819e-01,3.484061099216655411e-01,6.237148289859574257e-01,5.786142442741033509e-01,9.730121166743654904e-01,7.304466120112508287e-01,8.632126924542034008e-01,1.733022009495122084e-02,3.668153354624499318e-01,9.315507678762401378e-01,6.780413802561655601e-01,8.922793234101087378e-01,2.963253724995378868e-01,7.623316547661700415e-01,9.287648895774590629e-01,9.653097108698283080e-01,4.926181295637802604e-01,4.797910289759020896e-01,5.946931218419049259e-01,9.277413162422394333e-01,1.281011213510372948e-01,6.496353980003022333e-01,9.746971727996570634e-01,8.420196582499476223e-01,3.772644271687992656e-01,2.143131272764907946e-01,8.185051661616390417e-01,8.075983879109527308e-01,7.601113483121588743e-01,6.080584800633026532e-01,7.105533098352636578e-01,6.400797227568222336e-01,1.798958936955302179e-01,2.449363926810896874e-01,7.122962831989084753e-01,3.600387065411792542e-01,9.067589347766771279e-01,4.813961685234005583e-01,6.298956047206042408e-01,7.889368171403354779e-01,7.340091317426306050e-01,4.771669365117741091e-01,6.325203640380965275e-01,7.197223816217386272e-01,3.380692429092373996e-01,7.547734636535137209e-01,5.405987684979464136e-01,7.293548575058783623e-01,7.293181694239724289e-01,9.455263957805413177e-01,3.961413338785736427e-01,4.112102086012118241e-01,7.916776335137809539e-01,9.133081437951132697e-01,9.375153078572400211e-01,3.240881741064117749e-01,7.071132050148535297e-01
9.036387029214275612e-01,-1.252486085994559684e-01,9.334175878805242021e-01,9.764750759706906091e-01,9.051650302712738183e-01,6.941585960512791642e-01,6.098538981651271396e-01,6.962350775971669625e-01,8.070201207472195160e-01,8.883624846245413709e-01,9.086250854997531823e-01,0.000000000000000000e+00,6.067098299974190700e-01,3.887516564894917259e-01,5.451994176886925114e-01,6.733114786266073404e-01,9.861221248020446417e-01,7.299093615136098556e-01,6.431435065786287320e-01,9.156774001410928898e-01,9.749392447865981026e-01,5.419066785949421261e-01,4.226215999177044269e-01,4.966839989806352551e-01,4.284086768359316455e-01,6.323449135157986900e-01,6.797738643976347639e-01,7.435908660366333800e-01,2.946587276187085380e-01,5.033326929460476551e-01,4.283346216178742782e-01,4.063743478582541035e-01,2.282880910624028870e-01,7.212999039447673955e-01,8.800813552380892801e-01,4.872554847991975024e-01,7.824979591197575024e-01,9.375785863563002032e-01,6.531305169613156325e-01,8.859934380463470038e-01,5.196388052733540430e-01,8.527169806317985712e-01,8.581457242288388354e-01,8.158344491660584064e-01,9.042762600972279463e-01,5.362070451982536845e-02,9.640014531901208716e-01,9.303670977057474367e-01,2.490934688656255003e-01,4.126913944872255824e-01,7.226280036243504235e-01,7.143250321426037885e-01,7.875007574614720784e-01,5.709250611473409842e-01,4.248963653827401155e-01,6.118495876700135172e-01,6.530770868207772528e-01,6.409020403897894846e-01,9.508544245997673228e-01,6.933242747973633602e-01,4.439326724577843941e-01,7.967594240507726022e-01,6.141493573463074895e-01,6.740528842797259834e-01,7.475518704043586649e-01,8.929442717062957557e-01,6.184548603061155170e-01,8.078885232601260569e-01,5.657589336845287864e-01,3.086706446978929597e-01,9.249708502363430673e-01,9.623609742789157595e-01,6.033884738812894666e-01,7.551252308839472294e-01,7.746488499099872804e-01,6.589217637636775038e-01,7.611382492102851671e-01,7.124423888592337217e-01,5.257376904432371489e-01,7.409616112948105293e-01,3.941976684036852530e-01,8.461862580254877475e-01,9.547470024345703354e-01,3.386771991765687995e-01,9.427516639871462711e-01
9.852730956567865572e-01,9.450931543932060697e-01,9.138942224436321649e-01,6.817441481326765862e-01,9.589464173034190075e-01,4.818173052230461106e-01,3.110667553544173569e-01,6.261477590531487891e-01,8.402629814878714853e-01,6.327014341049825852e-01,7.148726654143139347e-01,6.067098299974190700e-01,0.000000000000000000e+00,8.018088756375625348e-01,6.191506543036602306e-01,8.106329767986084622e-01,8.732751211931810698e-01,9.139816830993173769e-01,8.833009098494227704e-03,8.690846804752452304e-01,6.986078212165170997e-01,4.115253070061006269e-01,2.573040373198456909e-01,4.242042023568967091e-01,2.686539358998791260e-01,6.871087025704236684e-01,6.866940317306373665e-01,7.696793448636465307e-01,5.691143607408911675e-01,8.782217914637605038e-02,6.576122911831354667e-01,3.060014733295391975e-01,6.076644304099990679e-01,8.010058870367696704e-01,8.347731105663451778e-01,6.977782945998604047e-01,4.142309645504708149e-01,3.036800506698245083e-01,9.245955295444733268e-01,9.280840102319356522e-01,4.943373940947575762e-01,8.060486384271955407e-01,8.265504558245689859e-01,8.256955901133071762e-01,7.578566587528574594e-01,8.344422039030808813e-01,5.206075351261912898e-01,4.137487424340758890e-01,8.921313895812964523e-01,9.345222480356127903e-01,4.440782119373583581e-01,3.766913618488860749e-01,9.623168529976294794e-01,7.214587554602792663e-01,5.241593517330316310e-01,9.497982334120440573e-01,8.704181454245247807e-01,3.839197502189729549e-01,6.530978285505893988e-01,5.513715770047156184e-01,4.310932811865682557e-01,9.723807069640777456e-01,6.494982557557572589e-01,8.422981528523234562e-01,6.277900084623843080e-01,9.391583856488641135e-01,3.862367991383869326e-01,8.583470948625313568e-01,7.571668951148380344e-01,4.402193414702701424e-01,9.320470928114619191e-01,6.698570997145489869e-01,4.871166068315641584e-01,3.604445854577619235e-01,5.427596892231921766e-01,8.886349340552456288e-01,6.438354953747642551e-01,6.461437522177021497e-01,3.276168586033828545e-01,-2.510822390338257604e-02,4.449859197467216920e-01,6.199958325947229065e-01,6.375020640805376670e-01,5.535022499722217493e-01,8.553885112591892437e-01
6.971819398363551246e-01,9.266087544287129329e-01,5.296069762392934255e-01,7.140871901019976153e-01,7.955471842148653661e-01,5.470289816923542547e-01,4.093314412179963613e-01,7.927803971385178894e-01,9.516085895866228661e-01,6.821374216554181302e-01,7.159858759919601745e-01,3.887516564894917259e-01,8.018088756375625348e-01,0.000000000000000000e+00,9.374422058885560904e-01,8.150752202626529996e-01,6.834639248761690267e-01,6.462916385087419391e-01,5.960055942154853792e-01,7.203438878502558262e-01,6.651495484592291341e-01,6.833259044503107171e-01,5.777674831100299002e-01,9.793510682009909374e-01,4.565175011255409587e-01,5.349258412486466163e-01,2.428334459687798430e-01,8.194537885343108341e-01,6.399015111424219970e-01,2.742659209462937064e-01,4.452793112279628263e-01,7.540265335273184100e-01,5.805916610720504023e-01,9.240135629489858449e-01,4.144453548416225375e-01,7.851011361166870817e-01,2.018415194734727858e-01,8.619983884241664285e-01,6.430149738094179668e-01,4.658793919625624502e-01,3.941693998321283976e-01,6.741425347579570460e-01,7.318143578744162880e-01,7.076898442793393418e-01,9.528594139707904365e-01,8.774428266681839617e-01,9.383397632951219203e-01,3.898318710056467573e-01,8.456965317315998654e-01,6.555276870471015149e-01,9.219108211656218410e-01,7.027813503279466412e-01,3.131281027808168749e-01,7.495628333445655267e-01,7.693964873177370212e-01,7.563516025858474379e-01,6.840168768547673084e-01,4.666812686738163185e-01,6.206179357839902710e-01,4.258053852490016888e-01,3.430701911661267478e-01,9.160750234368505440e-01,9.251470179520500103e-01,9.117396698371557084e-01,5.248225149685483704e-01,8.726494689859436438e-01,6.124769613763775267e-01,6.492987332280943935e-01,4.465926881724502917e-01,2.638874650061612814e-01,4.145187853470055916e-01,8.122948391159245940e-01,7.852115980481066959e-01,5.441029898269658105e-01,9.032177018314894168e-01,9.912386336288270261e-01,4.734318429097592595e-01,6.718883732156410993e-01,2.468429133373888432e-02,2.085591940929915622e-01,6.686975305624706101e-01,8.980569482438297557e-01,7.144600049137885822e-01,4.235786784215765377e-01,6.692375757531111580e-01
3.054615948883594445e-01,2.584256132024603247e-01,8.983112451464423387e-01,6.094795903502135959e-01,4.190970964425696499e-01,8.640563211895874174e-01,6.331831801519623992e-01,4.922682990946811721e-01,3.182750729815921331e-01,5.170928898581168554e-01,6.010785228293836768e-01,5.451994176886925114e-01,6.191506543036602306e-01,9.374422058885560904e-01,0.000000000000000000e+00,6.193519623705918686e-01,5.989386916372591019e-01,9.267837911321666899e-01,2.435675791637365861e-01,8.277819379722736182e-01,4.312453087061822177e-01,7.418751030852537287e-01,8.356122107999069959e-01,8.079808422866407991e-01,5.438526819831572823e-01,6.746473423284513604e-01,8.351503898864808262e-01,9.227613056960652926e-01,6.146203662511225962e-01,7.279044183681468994e-01,5.032468745561751167e-01,3.219645570105997279e-01,7.451910331945331700e-01,8.430143096092488353e-01,5.649356127962422702e-01,9.488753810309361048e-02,1.261276974600900047e-01,1.171713935302821086e-01,7.988090621697077065e-01,3.812435330259150712e-01,4.776590492720557135e-01,7.409258033228036666e-01,9.349526475785950863e-01,7.955628675022158314e-01,9.792786596991615022e-01,7.437535779071777764e-01,4.316843860363789864e-01,7.272229574669296648e-01,2.162038065619526495e-01,3.593874060180272112e-01,7.301045004612940481e-01,7.623462672376127847e-01,9.369312630370995043e-01,6.951561130814867262e-01,8.739264938670145977e-01,2.403734776141274176e-01,9.945196187051730252e-01,8.943474566384518321e-01,9.300712338024621495e-01,2.825326026537425816e-01,6.647307742514312334e-01,8.249381405426452485e-01,5.271238583730938343e-01,9.738341788319357928e-01,9.861820047472937834e-01,8.796795829474247652e-01,6.597323811954359796e-01,6.736889168535299399e-01,9.516487109812048484e-01,6.686112641845813886e-01,7.255194107744120657e-01,6.424166454743379662e-01,9.006426953476380781e-01,6.947156206777165277e-01,6.560986091390190733e-01,7.350374193194904038e-01,7.684848212944307422e-01,4.619310026262046232e-01,8.961942862685662314e-02,-3.200068957997983521e-01,4.309509882930344649e-01,9.633962908707066619e-01,8.969525031126437398e-01,5.208108727129153737e-01,9.815589491430909419e-01
6.046965589170838484e-01,7.280013352259830928e-01,7.993920980816510147e-01,3.199492135218921507e-01,2.423615485188613250e-01,7.168187184532393008e-01,5.493044560505582624e-02,7.413450851990696089e-01,7.208043609572720722e-01,5.291596643336082817e-01,8.944106537065265039e-01,6.733114786266073404e-01,8.106329767986084622e-01,8.150752202626529996e-01,6.193519623705918686e-01,0.000000000000000000e+00,6.365572136683552706e-01,6.114790078267379192e-01,5.529859594717903004e-01,7.213222995619583688e-01,8.254947751823275004e-01,1.824480176621785243e-01,8.649870886578470142e-01,9.527821934535667392e-01,5.080567541240420537e-01,9.623185003526107950e-01,7.119278439471847797e-01,8.816566140821199271e-01,3.949765857652776102e-01,3.636378981382307196e-01,4.003658814654826870e-01,-7.591260652041588453e-02,9.299061793664051834e-01,7.482170284581326491e-01,7.879554686520457984e-01,5.256487224483308296e-02,6.461555675609156335e-01,5.351919163754972342e-01,5.998715582009928049e-01,9.805553298791116479e-01,8.547654039638767909e-01,4.672210139974345977e-01,7.944342166689187801e-01,8.098578488170554701e-01,9.922849696749196369e-01,6.637765728088044215e-01,8.604625225481011830e-01,5.742591708583302812e-02,6.319357549541788632e-01,4.529642511689724871e-01,5.461684489657466779e-01,7.788612586743589583e-01,5.120468193287396330e-01,8.627625842218075158e-01,9.305836163442035014e-01,7.130068992754452495e-01,7.501018707549230724e-01,7.048081115430437915e-01,8.301796650627564222e-01,2.765526642333477891e-01,3.947495297199486997e-01,-9.848651668226116040e-02,9.019025476553720333e-01,5.378762555603935347e-01,6.528383286109080696e-01,6.269672966019326221e-01,5.912024501810657640e-01,6.517045948658245491e-01,5.327785179781425740e-01,5.061374167885177577e-01,5.293434415017383987e-01,3.071047907867264781e-01,3.725124986003965910e-01,4.259190672415225642e-01,4.205076502861275212e-01,5.362514038569368147e-01,7.579084271276130824e-01,5.301872747852768297e-01,9.996971571065493833e-02,1.882267277039676723e-01,6.045621325337837693e-01,9.148686449348539806e-01,6.310112532774061478e-01,2.256646252837644639e-01,9.162454083674408389e-01
7.295648656064182003e-01,7.952755267350148927e-01,9.461809161782317457e-01,9.502137850176266554e-01,6.243839690968017164e-01,7.486054098304731896e-01,7.151397862819562912e-01,7.916178772832640487e-01,6.722332680747000744e-01,9.968411693937477835e-01,8.404551697459383686e-01,9.861221248020446417e-01,8.732751211931810698e-01,6.834639248761690267e-01,5.989386916372591019e-01,6.365572136683552706e-01,0.000000000000000000e+00,9.989412389883409737e-01,4.957404648138619696e-01,9.450925004878910629e-01,7.581162959526335232e-01,6.803953852728559237e-01,8.232683727049525668e-01,9.912368943360672091e-01,9.327900471624451795e-01,7.672902478166542251e-01,4.281886902194278477e-01,6.159609393706361180e-01,3.442620240758940131e-01,6.411985826608488370e-01,5.608056942479366924e-01,4.911675517401011826e-01,4.631415269830904125e-01,3.093953337088418687e-01,8.830848791611695114e-01,4.724627227172149002e-01,2.171411690228915725e-01,9.961798052634669443e-01,8.859144440998194536e-01,9.878503964068326981e-01,3.084661651229301249e-01,7.712149027028902815e-01,4.720411505554178433e-01,8.021771685037263344e-01,8.535544702955135676e-01,9.911529459091981131e-01,3.649764371311201572e-01,8.484945038271989315e-01,7.279467129507933842e-01,6.411616997815242636e-01,8.544692327988909764e-01,7.797032961103206317e-01,5.644436210463545933e-01,8.423612475744804984e-01,8.108090165549608486e-01,9.594508925797033960e-01,8.633244264513841859e-01,6.328765523092961809e-01,8.469759573892007287e-01,4.999351831408636593e-01,5.418094598217100266e-01,3.578382297867567230e-01,-1.724902764252007614e-01,9.241664566235041622e-01,7.863383514555025711e-01,4.273646447655654046e-01,8.727535356093849561e-01,8.780845873029432536e-01,4.943726110397340667e-01,9.471248882232121691e-01,6.084559435099734515e-01,9.851539500687037654e-01,3.063547385146988544e-01,6.648652150019472851e-01,7.249174400087369241e-01,8.504429648464129077e-01,4.110512621136711009e-01,7.347258319985361386e-01,5.288929113306329866e-01,3.133304591997747579e-01,3.090078240765175566e-01,2.865274609167736339e-02,8.743257130698792734e-01,6.603587662431489314e-01,7.077428986502305452e-01
2.667109348281270220e-01,9.834271317736067441e-01,8.759430522228360827e-01,9.411013857254383330e-01,8.264216101317205521e-01,7.517597856418742897e-01,6.816070667938014527e-01,6.379543961082952963e-01,8.203936543446415097e-01,7.459782732894264523e-01,3.376748413531667214e-01,7.299093615136098556e-01,9.139816830993173769e-01,6.462916385087419391e-01,9.267837911321666899e-01,6.114790078267379192e-01,9.989412389883409737e-01,0.000000000000000000e+00,7.868347292190712716e-01,7.002992157014878982e-01,8.395744192884710966e-01,5.057192373733586654e-01,7.521468252775995733e-01,8.283101635558769438e-01,4.926921227047448282e-01,4.307536425348420517e-01,8.136183315667087079e-01,7.231473147053582018e-01,6.074478873889690433e-01,4.038993560072998701e-01,5.844093314516811688e-01,7.484007767871649897e-01,9.210182783701318376e-01,6.479608836562870122e-01,4.663689222947493551e-01,1.259426453695332015e-01,3.133166683202623926e-01,7.490441900792984553e-01,4.329319452137196933e-01,9.138604094248903298e-01,4.686004079866505356e-01,6.651410353260654995e-01,3.990592662626228915e-01,3.726334898309742183e-01,8.519405078607642512e-01,4.884508131347103377e-01,9.730355503549343865e-01,5.821099290044576824e-01,8.570234231655229351e-01,4.379609223795996598e-01,5.820745337191811641e-01,7.832421538213749646e-01,4.700922194724124759e-01,7.091096481512493277e-01,7.936604901768888887e-01,2.802529387194356292e-01,5.706568071850661727e-01,4.208276888483424849e-01,5.182874613750063642e-01,2.386094780982210561e-01,6.978428424859485224e-01,5.168801743780216951e-01,6.556035316029058535e-01,6.970482582302316432e-01,8.702731344935481506e-01,5.522817031648522557e-01,9.173059254120206063e-01,9.486158503704906764e-01,9.594053381469384023e-01,6.742117762875228237e-01,6.060660515210369859e-01,7.211635805754983419e-01,8.215201962140044056e-01,2.282844476224630409e-02,3.908858639167647198e-01,4.709324351558498156e-01,9.409362023242582307e-01,3.862324215510359871e-01,4.308100371098867454e-01,5.442114517995232381e-01,7.256040676340186346e-01,9.094337124108069492e-01,6.747182357411894982e-01,4.814727332706468244e-01,7.138732232287928747e-01
