0.000000000000000000e+00,8.303181418607891162e-01,2.736519949245920791e-01,9.421587765881104248e-01,8.182659620559656899e-01,7.749126769965538619e-01,4.549077566659759930e-01,8.294916599876233088e-01,9.416848960946331282e-01,8.173559095704049371e-01,8.261943911321454337e-01,8.122260400196170682e-01,4.960643762706878346e-01,9.526438564342198934e-01,9.593384702912922668e-01,9.869001907598609069e-01,4.875417207625266092e-01,8.078230010515836668e-01,4.585734147025445351e-01,8.331946218105841240e-01,6.001860445033426750e-01,9.071723460725525934e-01,5.957213540991125322e-01,9.592381488107750709e-01,6.463858089089612458e-01,2.914737348052304222e-01,3.159698302023974392e-01,9.625479209065355146e-01,3.919490857109881876e-01,7.658301639905926717e-01,3.341397158621323138e-01,6.547290318509633167e-01,6.841619493732883361e-01,6.431842796165150311e-01,8.594731932632947435e-01,6.597047937427589215e-01,5.268864144662557258e-01,9.130619717057211204e-01,8.408757533616358915e-01,8.688312693918218699e-01,4.717152447543321303e-01,6.713310284276055029e-01,9.381796312804647764e-01,9.314341283580556130e-01,9.704388109980424115e-01,6.049227207809496631e-01,6.169544567017678505e-01,3.191998522460008370e-01,9.887669076988768735e-01,9.219865876829553830e-01,9.393077279458531548e-01,6.519147556670958910e-01,8.619314617430471337e-01,6.313851269407282363e-01,9.840581351945772992e-01,9.681566266133685428e-01,9.226545077877521539e-01,9.426429826018878355e-01,6.308395821059432640e-01,3.475395405395807491e-01,6.352947136433307884e-01,9.303797048576419870e-01,5.458089799877882120e-01,6.888433198179452210e-01,8.607080420012283017e-01,8.636218208300903143e-01,5.846938741663072481e-01,9.252756613458918977e-01,8.203555512634408409e-01,6.670909770734259059e-01,6.885088433237083194e-01,9.353098244279032247e-01,2.127647918957390472e-01,5.308362246361197911e-01,6.066864613094157255e-01,8.909447871108786554e-01,5.423426012375314187e-01,4.228544272728216313e-01,4.500128052628438735e-01,4.794430072121892983e-01,9.726532099937261755e-01,9.343504351206154412e-01,9.921373861228365010e-02,4.477264379871139788e-01,5.129184747224937446e-01
8.303181418607891162e-01,0.000000000000000000e+00,8.194016574421295607e-01,8.428988547161424538e-01,3.488068544212431510e-01,2.701291716787095898e-01,7.110407873775882459e-01,4.933719203367170070e-01,4.702607710401170427e-01,7.018301908873760819e-01,6.554613341188335607e-01,2.185755971651896501e-01,2.079862373183922475e-01,4.576957123853214737e-01,6.403077809410724353e-01,7.738221641666639394e-01,2.653570665674264140e-01,6.260390584321822161e-01,4.283722685254572338e-01,7.784599413318415984e-01,9.617764464719693596e-01,8.064590724370668262e-01,2.905843930413624099e-01,8.829959454551525866e-01,6.755665936713310948e-01,6.394950461965691613e-01,6.175125770676936909e-01,5.157840999060918641e-01,4.934257586784443483e-01,-1.661651214406634491e-01,4.297411941388864509e-01,5.304144672398894977e-01,6.378849701102217162e-01,6.612634421500609427e-01,3.812325445324669104e-01,6.588957319393253798e-01,3.881685166276691579e-01,7.716501604543959392e-01,9.259207176121224681e-01,7.823290269008807973e-01,3.103383681230844626e-01,6.234337716987188305e-01,7.201277430518180367e-01,5.493859544511371373e-01,8.728841636978351692e-01,8.022622395636206383e-01,6.251101925897604161e-01,6.697869235969148294e-01,8.467627624777109840e-01,5.431360076682105742e-01,8.959989285495342237e-01,2.329691384944072297e-01,5.937933882533457108e-01,6.486227589723625453e-01,7.643314956083417933e-01,9.774838921322790419e-01,4.905602029582089574e-01,6.824001540252886411e-01,9.457030909605929070e-01,4.012916210316676002e-01,1.176032161196062797e-01,2.358032450161309801e-01,9.614035928157657063e-01,4.416129904585157639e-01,8.660690344348854763e-01,4.258889195634046887e-01,6.585813033136479477e-01,8.880370565764077462e-01,5.804789076765375366e-01,7.334596447142078812e-01,4.311538877478019449e-01,6.792468422389990046e-01,2.370880907541266791e-01,5.817129310992477098e-01,6.673765631048717006e-01,4.977844139642543797e-01,8.780344565734563567e-01,5.008612068795805783e-01,5.156590121696945639e-01,-1.626301282506357471e-01,5.923578341461381846e-01,7.728431691976205276e-01,7.284786053649024984e-01,8.418550214086427397e-02,4.218538797968549026e-01
2.736519949245920791e-01,8.194016574421295607e-01,0.000000000000000000e+00,8.296573848535671036e-01,9.219836202284052984e-01,9.754010375398256549e-01,6.600772027838940348e-01,8.507893294686232899e-01,8.828820031646322786e-01,6.252053946356448400e-01,9.679435315718081245e-01,7.287213188622175819e-01,9.518396677717706478e-01,8.056289773217572003e-01,9.396096058839467080e-01,8.750800108549132705e-01,6.920575308603756914e-01,6.094160211828115736e-01,7.257472106878107843e-01,6.393967161296810753e-01,5.270288546542261088e-01,7.094724929214063502e-01,9.255216776388091038e-01,9.924907350436570352e-01,8.545579022351967868e-01,1.498152529786705711e-01,8.287598243218216032e-01,9.830706642598288081e-01,7.240000427665072014e-01,7.398851477480641314e-01,6.115515979691505954e-01,8.806999457627295858e-01,8.180481830036502311e-01,9.599991284725046814e-01,9.732433697019995389e-01,3.870946263479929650e-01,7.284947494436421200e-01,8.298719217766384881e-01,9.317753605547394180e-01,8.473511982367528672e-01,6.166153422973639220e-01,9.860114179671873869e-01,9.975921369522742221e-01,8.835280995375555113e-01,9.065854615227941782e-01,4.737072969864800087e-01,6.541861572813585379e-01,4.000761994228906326e-01,8.450388838628634103e-01,7.092832918668463549e-01,8.252552352893642862e-01,9.197477864895674537e-01,8.251779170502823169e-01,9.123970163431190938e-01,9.446386821297776404e-01,5.022308524972083354e-01,9.510116601463720620e-01,9.286432284121521885e-01,7.899236914893731365e-02,7.602045314932426301e-01,5.227253091110901639e-01,9.518538826018290155e-01,9.630849121338489471e-01,6.621740154282879098e-01,9.707855661324097385e-01,6.696437677387947485e-01,8.311493158164038331e-01,7.066389667146955045e-01,9.024280235105494041e-01,9.857732468768864997e-01,8.542298150258953449e-01,7.200823886040930155e-01,5.606294046611219883e-01,6.558871127780157018e-01,9.463952723337168971e-01,8.917555535150289980e-01,9.595937313898079690e-01,7.010296153642600059e-01,3.080204536823816230e-01,3.185775998238395967e-01,9.399954040006591738e-01,7.545916731898969498e-01,9.961711378867406097e-01,8.953971301831727958e-01,9.389543235126471821e-01
9.421587765881104248e-01,8.428988547161424538e-01,8.296573848535671036e-01,0.000000000000000000e+00,9.396073775894970836e-01,9.745886292918137794e-01,7.164055278891221512e-01,9.549536246748970836e-01,6.460762809570060883e-01,8.059870817921457320e-01,7.777718975932215173e-01,7.548198791994500390e-01,9.561059317585711703e-01,5.419644693201257635e-01,6.811788566357919184e-01,9.476535698160362120e-01,9.049398026407751150e-01,6.782318996639677966e-01,8.407124307434379884e-02,9.735570175371363044e-01,4.290092800440457599e-01,9.281848242346929512e-01,7.409357212481573196e-01,8.501651198262896170e-01,7.845324038313953308e-01,8.319800934868052389e-01,7.042738210108462349e-01,2.268718984022513596e-01,3.368298121096947595e-01,2.922441922165964212e-01,2.666969193650122194e-01,6.523760168672027016e-01,7.842229622113174869e-01,6.160318362897612143e-01,7.997743115250803836e-01,3.979757695358129288e-01,2.623984372998753312e-01,4.860112177212171369e-01,8.198342402053812039e-01,9.277853157721339672e-01,5.767735986948858695e-01,8.061441846449983739e-01,6.203741386673460312e-01,7.214201525626877665e-01,9.615629121871240859e-01,4.569137211373750507e-01,9.411445260185248296e-01,9.990877586055628701e-01,7.451494600478971719e-01,5.743990483640920575e-01,8.944144722254168123e-01,6.247430508141447181e-01,4.791807726555293856e-01,7.260584530609422993e-01,9.468549750421663136e-01,6.737058141430911640e-01,5.802190785084884173e-01,8.564831914542339053e-01,8.013385501178431625e-01,4.568000560594524528e-01,6.768490430313549577e-01,6.589091664210269261e-01,9.096723586018388152e-01,8.244576836229512429e-01,9.562752407890503514e-01,9.969841118100715160e-01,6.794657028693024126e-01,9.153081096329772626e-01,9.534550193464473855e-01,9.213867467909961917e-01,8.710380686132048744e-01,7.953423887562853789e-01,5.777417342492892349e-02,4.225673417120328623e-01,7.996433522239573266e-01,8.468914245293077681e-01,8.066016260626772683e-01,5.710780452297909981e-01,3.916931538988308592e-01,4.080077204820735659e-01,5.717959599048973995e-01,8.193184906602460904e-01,9.963704472929226785e-01,5.394852673774258589e-01,8.772524612749867945e-01
8.182659620559656899e-01,3.488068544212431510e-01,9.219836202284052984e-01,9.396073775894970836e-01,0.000000000000000000e+00,6.252591089363763732e-01,6.426866422789097033e-01,7.333450836884858326e-01,6.460346002571508706e-01,9.811291908376594817e-01,4.389631594333177067e-01,6.096072213838272802e-01,8.252903330739005394e-01,7.339486070758788339e-01,6.019960766398708696e-01,4.235476566082514438e-01,8.057653451280160084e-01,6.400433402655109072e-01,9.946676422111673244e-01,6.187614322731419536e-01,9.137559392435964378e-01,7.757759032481783557e-01,7.203935477651184360e-01,8.292901478762776390e-01,7.251979757947711880e-01,7.722071616389823978e-01,3.705096647240633256e-01,3.646997606635980493e-01,4.676089723262706610e-02,3.216868291388600976e-01,1.183156842779342910e-01,7.605526446029314824e-01,7.166698886454101469e-01,9.613375928582161833e-01,6.306508346754113870e-01,3.450217500450264430e-01,5.125511137227717340e-01,6.927385407324070377e-01,6.075852613190632079e-01,8.986924101176504420e-01,8.705106902478974840e-02,7.727815254898093844e-01,9.488343877362459544e-01,8.439494023932798683e-01,9.003630115366537678e-01,6.953645820285443424e-01,8.393295257095279016e-01,6.624014189445672773e-01,6.442329297676891997e-01,9.353762591823338024e-01,5.862882806349800635e-01,8.416111499228823289e-01,7.054151121818955650e-01,6.947879071357823122e-01,9.763774063719012908e-01,4.869137419342921547e-01,8.844229057938562955e-01,7.684424896197381560e-01,5.825778049034564532e-01,5.623159334740450710e-01,3.569518570475137542e-01,6.263082023629551465e-01,5.888904587714890448e-01,7.546180809611868767e-01,5.297121802931336054e-01,7.275686872518968284e-01,9.293073817550151494e-01,4.622873107807216608e-01,5.099939370747630374e-01,3.679152663227689551e-02,8.023106864016564810e-01,5.743382038578659365e-01,7.423350920646598627e-02,4.032930122860587940e-01,4.784849090040265152e-01,6.834699706878124559e-01,8.008275196713083854e-01,5.555198096946599717e-01,4.374352934611071553e-01,1.906853035545492681e-01,2.108564792952370148e-01,8.592488564481228774e-01,9.782718725298937823e-01,7.470163151386731426e-02,5.307808521130527035e-01
7.749126769965538619e-01,2.701291716787095898e-01,9.754010375398256549e-01,9.745886292918137794e-01,6.252591089363763732e-01,0.000000000000000000e+00,5.766906455847353730e-01,9.084592720033770608e-01,6.952222866996304873e-01,7.318382171730782870e-01,5.920042344197027351e-01,5.208144562651924048e-01,5.646776518613001450e-01,7.679508500441052377e-01,6.822051754824086656e-01,8.949478925900018478e-01,9.136735551909402897e-01,4.654305235033818766e-01,7.112116806112586120e-01,7.073180012825850405e-01,8.054290863858305505e-01,6.445434787927656339e-01,8.335644130442408928e-01,8.985655714531246563e-01,9.403921572897493419e-01,8.686796184735156023e-01,9.743513004445991665e-01,2.456820946487048643e-03,8.356455904443863547e-01,7.732496640104787877e-01,4.519793263482914658e-01,6.240740855078860116e-01,2.915865440302650713e-01,8.978181396609804521e-01,4.891447347148702440e-01,4.709794223544303549e-01,1.789078984546282336e-01,6.754332322239349207e-01,9.914919036228482252e-01,7.970641211094964262e-01,8.694303625123501744e-01,8.726498342908411976e-01,8.412436277702292076e-01,5.956617241365737003e-01,9.677473318209257602e-01,6.399535265684228591e-01,9.163775630346624457e-01,7.187016707878067789e-01,7.243370881769455316e-01,8.122973291823819553e-01,5.342992736393344100e-02,5.531982534284041186e-01,6.594941569417364091e-01,7.104623659334293739e-01,3.522992249861336411e-01,7.962722642646302695e-01,9.928385442924305693e-01,8.731969762633624565e-01,6.809322946225356832e-01,6.419920129291500910e-01,9.939841954374967203e-01,-1.310835587006345393e-02,9.991561696035817786e-01,9.446138153907415180e-01,6.527473903989799986e-01,4.676960548335102885e-01,6.864975979334549949e-01,5.080883060639411752e-01,-5.787084493044158950e-03,8.592125596609111460e-01,4.686580954102263497e-01,7.646933977622978329e-01,5.790081273867138112e-01,3.310445640760771857e-01,8.922895986846212102e-01,9.768020702846270664e-01,6.068005402188364483e-01,8.724290195108310719e-01,5.111884631668832668e-01,5.089434214371958420e-01,8.702223684209289267e-01,6.899968526044343298e-01,7.094857014463571421e-01,2.528112921471513674e-01,2.076803431368001718e-02
4.549077566659759930e-01,7.110407873775882459e-01,6.600772027838940348e-01,7.164055278891221512e-01,6.426866422789097033e-01,5.766906455847353730e-01,0.000000000000000000e+00,2.244232701646405037e-02,6.299939722465509595e-01,7.810474356132299789e-01,5.421217340150608077e-01,6.161696476277671586e-01,6.792960654175395074e-01,6.601125283224057450e-01,7.191134449311074039e-01,5.991965014428748404e-01,9.667709667795117978e-01,6.980017567224803265e-01,4.298190753806718223e-01,7.361447541912771175e-01,9.041849660325848026e-01,6.126488578110973471e-01,5.623688182030764371e-02,6.057863645097513183e-01,7.026433559272191598e-01,5.431741997232206742e-01,3.859679776700570275e-01,5.966808507523444494e-01,6.610411317333445558e-01,5.370643065790716708e-01,2.804720052627308058e-01,6.012314323017359241e-01,7.104689492557006991e-01,4.196089568341592746e-01,6.450554159217889438e-01,6.612295713083298221e-01,5.671473563882449831e-01,2.551659758303059800e-01,9.093746539549936170e-01,5.314997212461576304e-01,6.875331369273264270e-01,4.589072488134535166e-01,8.961387320261262612e-01,3.130013231975011245e-01,8.815621342233666002e-01,6.100466294247416377e-01,6.407058271567515062e-01,5.977825227813783338e-01,6.113132995870379505e-01,4.558103305951371476e-01,7.187670875506232404e-01,5.770515431146484575e-01,4.104040537731403759e-01,4.860593139808528917e-01,3.449812234486522300e-01,1.524328585098222444e-01,4.331653894996677079e-01,4.236178541929326302e-01,7.907195276208902612e-01,7.116159523603995396e-01,6.913208941714389377e-01,3.889739201250250744e-01,7.601537549198273958e-01,9.864453906649539583e-01,4.812987146342043165e-01,7.500139193430516160e-01,7.549020939047710321e-01,8.303003375358741778e-01,6.966830308426589236e-01,6.853850131583824057e-01,7.472980964953098715e-01,4.315009673522997580e-01,6.813883088334135030e-01,4.609414493676361468e-01,4.049054444602586122e-01,5.385785586171909500e-01,3.357129766619271205e-01,6.437148687154004012e-01,6.630468268398075349e-01,4.896920574085677491e-01,8.652283006593638470e-01,9.436790535153122272e-01,4.928272473467114612e-01,5.287425074103585532e-01,2.970913691767211873e-01
8.294916599876233088e-01,4.933719203367170070e-01,8.507893294686232899e-01,9.549536246748970836e-01,7.333450836884858326e-01,9.084592720033770608e-01,2.244232701646405037e-02,0.000000000000000000e+00,2.823213273079240304e-01,7.807489475061439865e-01,8.335121271681659172e-01,7.956614998869488975e-01,9.445743708836640273e-01,4.887474212318752564e-01,5.999439637926827773e-01,6.190607702423740477e-01,4.092236898395541500e-01,4.694665304013936336e-01,4.608322596917349134e-01,4.244541030696429296e-01,5.185867494345233197e-01,7.649328575398729457e-01,6.317625146538178305e-01,7.957591759933332343e-01,5.361631584364491276e-01,5.048717088035061806e-01,5.145140900620387425e-01,6.491142532822262723e-01,3.765008520828544425e-01,4.214817714040909324e-01,7.048924083000322749e-02,6.165876891298871509e-01,5.142295507674903288e-01,5.296846483144116435e-01,2.432872473715896322e-01,1.913430240207917576e-01,3.244243606618174569e-01,8.126342686642122892e-01,6.954682075224928317e-01,5.005431871422074686e-01,5.713783350412660056e-01,6.707477684743500257e-01,7.132498366607339380e-01,5.324603214462747536e-01,9.767527293399052013e-01,5.698471510920013472e-01,4.366092569086417741e-01,6.902134904905404822e-01,2.420137683548436447e-01,7.670515091956574272e-02,7.424455740266322490e-01,7.963455427125172292e-01,8.557818207664177335e-01,3.104321739010072467e-01,9.937718016654222275e-01,7.068447203397366652e-01,5.493210887640516127e-01,5.715859449014464300e-01,2.183870660031295430e-01,7.079762545703556231e-01,4.753444505457669611e-01,5.668919182983248040e-02,1.851951011119066515e-01,5.685923884156272035e-01,8.319060186260116563e-01,6.633697674043969039e-01,9.924650319467233084e-01,9.021499528871289586e-01,7.193142451278864424e-01,7.030807656956228335e-01,6.066227978056754067e-01,3.413554879872239267e-01,4.586078104029436830e-01,6.115286549822859241e-01,4.797139396334790251e-01,6.663624138889054915e-01,6.641591949191373301e-01,7.345092993676036741e-01,6.303978596910282395e-01,3.426845022011237862e-01,3.368598889670918473e-01,5.747667008469794503e-01,8.965209300515247781e-01,2.603371955285485040e-01,2.373036654471662454e-01
9.416848960946331282e-01,4.702607710401170427e-01,8.828820031646322786e-01,6.460762809570060883e-01,6.460346002571508706e-01,6.952222866996304873e-01,6.299939722465509595e-01,2.823213273079240304e-01,0.000000000000000000e+00,6.431303975452096200e-01,4.885714750369413717e-01,6.415281088519591002e-01,4.161762433725679777e-01,6.438615103066790413e-01,1.709526490495260342e-01,7.438279122938920018e-01,6.145753274773839703e-01,4.936036576593328951e-01,3.294578648917084740e-01,7.690329739725633162e-01,7.612419635538227869e-01,6.098232961463183610e-01,-1.182303528442276014e-01,8.981636607288724372e-01,5.635273109859791907e-01,9.118929581798760342e-01,9.891796372910890423e-01,3.899050628226130577e-01,6.351282487354866779e-01,2.200214716651283098e-01,7.663440782991925992e-01,3.643803028984714532e-01,9.074778336417740343e-01,9.505583641778992954e-01,5.349119140370517389e-01,4.731703566249932935e-01,5.464350297432335468e-01,2.996407853243945318e-01,9.479063627851858076e-01,4.881076123733566474e-01,3.944707261881495453e-01,6.230181835212388330e-01,7.221825406631368072e-01,3.735401476102137575e-01,9.366620141243559017e-01,9.860330747972725352e-01,6.741035563126823726e-01,6.391800432439409541e-01,7.955019004261967286e-01,9.423736363115196024e-01,6.500637946145820800e-01,9.273405506424484690e-01,8.602250870294844143e-01,3.512096253561519665e-01,8.287209820542386085e-01,8.902414845776651653e-01,7.741898428620800354e-01,8.651025987325041688e-01,9.043882595305117178e-01,5.645815823608530959e-01,4.649357127470772344e-01,2.808554787947361020e-01,5.488511637777490071e-01,9.611422352467735575e-01,9.438645848110420733e-01,4.982113399470746717e-01,9.562931779137251453e-01,9.259005513319389369e-01,8.689538034782828824e-01,5.771451646387752987e-01,3.310311754235478188e-01,6.790295322011997703e-01,5.975460534785692612e-01,5.361982285367987711e-01,7.645343080118227608e-01,2.994281892658081645e-01,7.555149850947147083e-01,4.352297540194807746e-01,2.300648085315013247e-01,-6.759628660634176001e-03,9.378712197224161606e-01,6.158901666748575199e-01,7.324881298886580794e-01,9.061496218585940454e-01,9.060316039896038065e-01
8.173559095704049371e-01,7.018301908873760819e-01,6.252053946356448400e-01,8.059870817921457320e-01,9.811291908376594817e-01,7.318382171730782870e-01,7.810474356132299789e-01,7.807489475061439865e-01,6.431303975452096200e-01,0.000000000000000000e+00,9.796253953636233636e-01,8.339568491935283046e-01,8.752990299819980446e-01,9.690045105122420122e-01,6.212607195613945033e-01,5.396475039154650100e-01,2.988000058614120324e-01,6.346151482057714732e-01,4.666404116753168352e-01,7.146248034005451277e-01,8.853025033784781561e-01,5.044067368876847812e-01,8.282504206901668553e-01,6.215928292649570697e-01,-1.534464251272344981e-01,1.632652606228572612e-01,8.531802321203524331e-01,6.203363931717765789e-01,5.478977796302219039e-01,-9.304263831325521039e-02,1.191523129116499047e-01,4.004780909753611895e-01,8.158323644448365330e-01,5.105679790841523014e-01,6.658734598973885532e-01,6.768395409279257535e-01,2.371997814162453144e-01,1.146173456721105155e-01,8.142701971316329557e-01,4.021215983416740469e-01,3.779648809398484244e-01,7.535981311367161428e-01,3.333046043520230262e-01,7.692877464713094859e-01,8.325880650403506555e-01,9.604806727465909910e-01,4.322435303000822238e-01,6.334675641899693010e-01,6.724740177052429546e-01,6.859611700420988889e-01,6.232883254880700052e-01,7.685888412824803950e-01,4.317690368825090053e-01,4.200133520898974293e-01,7.367484980109393344e-01,5.523295074341074695e-01,5.524801543593271802e-01,8.869962448877948269e-01,8.170023224104657755e-01,5.464952690272236735e-01,5.831696835541101409e-01,9.345896925606116401e-01,2.708804406692347233e-01,8.689447544762785025e-01,4.364794038658045272e-01,7.242062532741401215e-01,8.972708239907766226e-01,8.842199263647427809e-01,9.105576695573038837e-01,7.768378320185547192e-01,4.503411027991345295e-01,9.616737557960884919e-01,5.326123476890165520e-01,8.103218531499689625e-01,6.332750699556048968e-01,3.638603733110342686e-01,7.238712462989411733e-01,5.522358444573129965e-01,5.022932704818637850e-01,2.264778083501769734e-01,5.412213993753411945e-01,7.689096032872139164e-01,4.666113010360979918e-01,7.883074438525980998e-01,4.720009319497199818e-01
8.261943911321454337e-01,6.554613341188335607e-01,9.679435315718081245e-01,7.777718975932215173e-01,4.389631594333177067e-01,5.920042344197027351e-01,5.421217340150608077e-01,8.335121271681659172e-01,4.885714750369413717e-01,9.796253953636233636e-01,0.000000000000000000e+00,6.593588855880635480e-01,5.858275914727130163e-01,8.027544059088199679e-01,6.637423598596789986e-01,7.483975794601817055e-01,7.408231230337262163e-01,3.186212760811720779e-01,6.277987348058197137e-01,9.482455523637823847e-01,4.211447786355225764e-01,8.611246736834552440e-01,7.412514302250277076e-01,6.896398668680526756e-01,6.146908937078264801e-01,7.942335659231628542e-01,7.654333173351975939e-01,8.613368657442377341e-01,2.193071104836401830e-01,7.569296547485466764e-01,-1.422163862193587813e-01,9.136334175905754806e-01,7.520987846886113548e-01,5.473454667470798451e-01,3.234715326450448569e-01,4.326456959679680914e-01,7.645830997483796798e-01,5.500051873295466187e-01,8.589046321890174696e-01,5.524337661466517391e-01,5.384445551606705793e-01,5.654103694783508827e-01,2.343119928317431155e-01,8.351132866612843708e-01,7.758900329361293480e-01,5.703061758337177878e-01,8.888421253299697566e-01,6.970570672174838389e-01,5.326194225708790198e-01,7.278074900963297234e-01,7.256396726939113861e-01,8.113437963399574571e-01,8.554160856619708042e-01,4.652071351340059113e-01,7.499451168743265228e-01,5.205402747878440373e-01,7.026639560259050343e-01,6.419493033154957118e-01,4.116589331688526587e-01,8.107121616686151222e-02,4.776652926510386310e-01,6.927096907791645553e-01,6.799096475810522122e-01,9.577265130138660210e-01,7.899043775337276641e-01,9.088710652305178606e-01,3.412539779488795721e-01,8.053476221284563419e-01,3.270521934783739426e-01,3.044111197211818998e-01,8.440042565670959895e-01,6.037869251521459368e-01,3.652883161383002619e-01,4.902678460231056912e-01,5.724311303359459480e-01,8.912698434363633959e-01,7.456928350834688413e-01,3.093204007727989868e-02,5.190993025206832590e-01,4.666339048942857448e-01,6.202937468899338835e-01,8.626578928647334887e-01,6.965964258651228258e-01,5.925915665716491310e-01,6.720974632890646117e-01
8.122260400196170682e-01,2.185755971651896501e-01,7.287213188622175819e-01,7.548198791994500390e-01,6.096072213838272802e-01,5.208144562651924048e-01,6.161696476277671586e-01,7.956614998869488975e-01,6.415281088519591002e-01,8.339568491935283046e-01,6.593588855880635480e-01,0.000000000000000000e+00,6.679290239215855962e-01,3.492509914421173395e-02,9.141664437659101639e-01,5.608085061954378725e-01,6.027403454216272438e-01,5.582782691203869163e-01,8.616099178569591732e-01,8.692858994795893413e-01,8.368436486586443568e-01,9.727782868809471406e-01,6.550188356607786755e-01,9.883970271560336140e-01,2.257928359226965553e-01,7.118535536866389402e-01,9.072590094601032940e-01,9.785994580245034324e-01,7.211927136088305268e-01,5.198710226279015245e-01,2.821039085348363562e-01,2.367214793184175270e-01,7.849404138369514561e-01,6.963360893493658610e-01,6.733612725640695240e-01,9.195241135996665705e-01,4.927611339563111037e-01,6.101225040285283008e-01,9.120063750187580309e-01,9.767111109433491700e-01,5.733667898656025219e-01,6.265014279240498363e-01,6.298105581345120330e-01,8.883572239703417806e-01,7.650521261668792317e-01,7.694467118663476102e-01,9.116264687357114038e-01,8.766087073288348908e-01,-6.668318741176459952e-05,9.090919568106702320e-01,5.263029484477504960e-01,7.992888436921543605e-01,8.798370314125070202e-01,4.546553791981714499e-01,1.068734766139762919e-02,9.768246244935108180e-01,3.712023875948998186e-01,7.487136766452952008e-01,9.375826836160608968e-01,6.969665789340263595e-01,5.069350955421743077e-01,6.007916486983828630e-01,7.203927470099085184e-01,9.147283652159714507e-01,8.254825161113370502e-01,7.067337710051274646e-01,4.372390475389560383e-01,9.708784446901485010e-01,6.372288755174969621e-01,4.570373986729681648e-01,8.922290469281816128e-01,1.411272130218308440e-01,4.984767570649281110e-01,1.955705948618442769e-01,6.758976218852479345e-01,6.939097869168320276e-01,5.898077344526455601e-01,7.567017930248428614e-01,9.903640196428542541e-01,4.400833546638112104e-01,7.243451278656796166e-01,8.664484341794266298e-01,6.846316205603626415e-01,2.363328116124282507e-01,6.282288531053707992e-01
4.960643762706878346e-01,2.079862373183922475e-01,9.518396677717706478e-01,9.561059317585711703e-01,8.252903330739005394e-01,5.646776518613001450e-01,6.792960654175395074e-01,9.445743708836640273e-01,4.161762433725679777e-01,8.752990299819980446e-01,5.858275914727130163e-01,6.679290239215855962e-01,0.000000000000000000e+00,7.820566716123935613e-01,8.557078366800436875e-01,4.842877948191387505e-01,7.564612203837491888e-01,9.929379895729002481e-01,5.776006466315207755e-01,9.213498130766932803e-01,3.908522127287566983e-01,6.819862936559339950e-01,8.866334683204958322e-01,5.024479506158863185e-01,7.309515998018294436e-01,6.247193176050734875e-01,8.506135083958067389e-01,8.210443251503044548e-01,7.376980799305541403e-01,6.104013392619231926e-01,4.077306650025067647e-01,3.551015785719736084e-01,8.696381549257602428e-01,7.422477211960856192e-01,9.902121250595563584e-01,4.304535804282958456e-01,5.658356801059005736e-01,8.786861578250347860e-01,9.598609933061748034e-01,4.530250008766222858e-01,4.429301019828887909e-01,4.124103671983546104e-01,8.856185085867926965e-01,9.872598049307453882e-01,7.069464587584952664e-01,6.777077049577260315e-01,3.436159177522629671e-01,6.813500084305323945e-01,9.002572717675564329e-01,7.631208650065863797e-01,5.564157225662414996e-01,4.638384419070628040e-01,8.105343525530052107e-01,6.766686513484652110e-01,7.187467244648896303e-01,8.091313539438420577e-01,8.181745012330210454e-01,9.756509790840441898e-01,8.675514841887276285e-01,3.163089993681715839e-01,4.754150373914687866e-01,8.380678553783358353e-01,1.432751943118818760e-01,9.114054039822155895e-01,9.915149772092481939e-01,6.863842705576748138e-01,7.989852565553204888e-01,9.823115144751750627e-01,7.005316919619081206e-01,9.511165413437542293e-01,5.813877949484738128e-01,6.856501972727501171e-01,2.460591942742296756e-01,2.994209932270694430e-01,2.352124108312391160e-01,8.313667864201568225e-01,1.312681157881436522e-01,6.769222731465907028e-01,2.496952732284070386e-01,4.137837477465580727e-01,1.285854168864268843e-01,6.636157798794439788e-01,8.624402888566948810e-01,3.240801883566469810e-01,6.721258620360814895e-01
9.526438564342198934e-01,4.576957123853214737e-01,8.056289773217572003e-01,5.419644693201257635e-01,7.339486070758788339e-01,7.679508500441052377e-01,6.601125283224057450e-01,4.887474212318752564e-01,6.438615103066790413e-01,9.690045105122420122e-01,8.027544059088199679e-01,3.492509914421173395e-02,7.820566716123935613e-01,0.000000000000000000e+00,6.397625946146168197e-01,4.376002283265483794e-01,6.494911432076415636e-01,5.743147830231744022e-01,7.648894832609436367e-01,6.905485394176971159e-01,7.398205773978686617e-01,3.645359725149085461e-01,5.274587872899065832e-01,8.101962007649806674e-01,7.356285913077668104e-01,7.292975093538981435e-01,7.216044665843385220e-01,7.527963639269033003e-01,5.482987593469618171e-01,5.688761627741913962e-01,6.922122349801884678e-01,8.395630698490335053e-01,7.597473728787467184e-01,3.420723131264155614e-01,9.255941911106227993e-01,6.240189283391662789e-01,4.818598746329626481e-01,5.245935554582163984e-01,9.692413241876843832e-01,-1.200768463462928010e-01,4.168588076817744126e-01,4.738755988858067703e-01,8.679066328803386465e-01,5.862906642514060795e-01,4.814696326349521271e-01,9.941393592692868708e-01,5.538504221950281137e-01,7.008930346977704229e-01,7.130910500738999458e-01,7.943190471671732755e-01,7.498749644886663068e-01,6.582704981971928548e-01,8.844836912585144484e-01,6.312396314230092065e-01,7.357092419491872981e-01,7.337761701023697292e-01,2.959150300416693025e-01,5.196892798610945885e-01,7.428568589093517138e-01,4.308864604701969636e-01,6.812621821594596616e-01,5.090612592499333955e-01,4.997517245901978433e-01,9.906264324750198025e-01,9.737069331091370294e-01,7.459166274585141698e-01,4.729928782505367080e-01,8.702041866754901545e-01,6.179165299541166112e-01,5.578306233531271641e-01,6.617322248354431391e-01,6.114352307528073682e-01,3.800963228469073640e-01,7.773354318613514558e-01,7.413688202835524432e-01,8.413132026656867657e-01,8.145127633232018827e-01,9.912569462623934680e-01,7.959019997040756023e-01,1.805038951154184501e-01,8.247925175633101791e-01,9.915328555566638169e-01,6.609813145083378583e-01,5.788969972858823976e-01,4.480793185169596460e-01
9.593384702912922668e-01,6.403077809410724353e-01,9.396096058839467080e-01,6.811788566357919184e-01,6.019960766398708696e-01,6.822051754824086656e-01,7.191134449311074039e-01,5.999439637926827773e-01,1.709526490495260342e-01,6.212607195613945033e-01,6.637423598596789986e-01,9.141664437659101639e-01,8.557078366800436875e-01,6.397625946146168197e-01,0.000000000000000000e+00,8.926749530269481037e-01,4.520086138081482185e-01,7.132283269091462818e-01,9.574271452478508859e-01,8.316371574452229298e-01,9.119462642605949965e-01,6.830212728980805670e-01,8.182942773742036824e-01,6.697355627161880598e-01,6.165981917336484930e-01,6.279759085216045644e-01,4.958650881053809356e-01,5.772037464618966496e-01,7.223781302418401662e-01,5.247718511409433795e-01,3.986698110017085073e-01,8.253319211919322163e-01,6.808634031005519338e-01,7.312456581359314534e-01,7.583864122765656690e-01,4.522385416531677360e-01,3.883780266558656269e-01,7.145333251728671620e-01,9.103691685788338761e-01,7.712455492271397262e-01,4.744446699788542054e-01,9.952568935992004429e-01,9.054721955208747675e-01,6.741411737604552368e-01,6.744294548949211210e-01,6.129907915848621380e-01,4.776249279721866414e-01,9.087546262889110160e-01,5.055191117837881665e-01,7.479686203496547225e-01,8.308458691296517484e-01,6.283911759730548274e-01,9.903155101855927178e-01,7.471397373118076057e-01,5.034107213942217163e-01,9.255599034780497281e-01,1.509982775277631528e-01,8.566616154267238104e-01,9.781364870427056157e-01,5.313201658651502957e-01,1.851587857663760939e-01,7.156992662746570755e-01,4.853693142388212922e-01,9.921791815591471941e-01,5.393352067735687205e-01,6.993000128688585670e-01,6.774689784660229419e-01,5.296662918054158009e-01,5.450362599183931067e-01,3.031871406334205599e-01,7.418484363647975810e-01,5.091797197961803745e-01,4.028039073891947486e-01,5.109338888243419863e-01,7.642196586911604861e-01,2.901254257893098321e-01,1.549714258433682879e-01,5.876281230483419993e-01,7.066865501801381511e-01,7.950308595228822162e-01,9.948791994365411284e-01,7.771149223358729818e-01,3.942049784652325028e-01,4.209533834910733630e-01,6.204875782143751684e-01
9.869001907598609069e-01,7.738221641666639394e-01,8.750800108549132705e-01,9.476535698160362120e-01,4.235476566082514438e-01,8.949478925900018478e-01,5.991965014428748404e-01,6.190607702423740477e-01,7.438279122938920018e-01,5.396475039154650100e-01,7.483975794601817055e-01,5.608085061954378725e-01,4.842877948191387505e-01,4.376002283265483794e-01,8.926749530269481037e-01,0.000000000000000000e+00,8.243932246937758501e-01,8.857680973914111577e-01,6.866347137256441080e-01,6.345296867040727262e-01,7.908671480741529258e-01,8.194398482258261618e-01,7.713007249107700636e-01,6.660278696902905970e-01,8.274766357903484693e-01,7.237473955950559645e-01,6.772030543245524115e-01,6.025612001963515096e-01,6.349595286318222565e-01,5.880794189793412396e-01,4.397666515825328082e-01,8.783536837857086610e-01,3.848000788709391440e-01,7.301821331791047420e-01,5.067035511649721213e-01,6.122613589185823546e-01,4.745882795000807564e-01,5.957184902976835339e-01,9.560730785452949965e-01,9.208358704803777384e-01,4.507321145982192689e-01,1.535129095533553367e-01,8.241569591383894888e-01,7.895518612648099177e-01,3.283807927712039110e-01,4.015705594289527558e-01,9.473154842440993928e-01,2.245511218453559166e-01,7.624764809917730091e-01,7.711170984030096820e-01,9.695595593400626599e-01,7.400715858006228220e-01,6.274594733859107931e-01,6.380034053730395671e-01,7.801474935008233524e-01,8.507164536207697525e-01,6.573466331770749793e-01,9.485008711244833357e-01,5.878674735178930355e-01,4.263909869392016883e-01,1.960132088153127006e-01,5.546516128298669690e-01,4.589805400664048185e-01,9.773146699009100935e-01,7.932357420551577887e-01,9.515244866975662852e-01,7.184903908081806678e-01,9.037128223309650599e-01,1.722861407854884286e-01,6.117309362083425128e-01,8.201364291611854540e-01,7.122172506766721867e-01,4.756491850783470809e-01,5.355005715687772838e-01,8.462751029052777429e-01,6.413175385488285585e-01,9.023132588007027888e-01,7.744385944869791594e-01,6.149118267194005893e-01,1.889117313432212286e-01,3.572980296658624377e-01,8.535606019648505072e-01,7.367920972000336910e-01,6.031581929264240305e-01,7.173372884918594039e-01
4.875417207625266092e-01,2.653570665674264140e-01,6.920575308603756914e-01,9.049398026407751150e-01,8.057653451280160084e-01,9.136735551909402897e-01,9.667709667795117978e-01,4.092236898395541500e-01,6.145753274773839703e-01,2.988000058614120324e-01,7.408231230337262163e-01,6.027403454216272438e-01,7.564612203837491888e-01,6.494911432076415636e-01,4.520086138081482185e-01,8.243932246937758501e-01,0.000000000000000000e+00,3.954465930676623886e-01,6.498806032303673375e-01,9.167510897481536691e-01,5.202521274006556284e-01,5.182898580930221932e-01,7.608775514493364422e-01,4.950533500348971438e-01,2.432859647842159356e-01,7.897655605749109853e-01,5.715922523353904605e-01,8.882437935181319855e-01,4.620527106554179753e-01,4.618256218579612216e-01,2.920606306962788556e-01,9.767422651816384249e-01,8.493025304309388401e-01,4.238374078652378252e-01,6.944884260522445896e-01,6.924538864845534158e-01,3.827013386935296246e-01,9.012307699393133920e-01,8.972443537914456257e-01,7.330472794688182026e-01,7.114495624670232887e-01,9.704223436119526758e-01,4.331573691431185313e-01,8.117157592076353900e-01,9.872819631267680807e-01,7.963743418523463458e-01,6.323991407907634255e-01,6.685890190293374280e-01,7.560066221002306186e-01,6.913728959238579774e-01,8.061653705959850313e-01,6.361783220380761161e-01,5.235174526106758375e-01,6.734943196926833631e-01,2.134568003759839683e-01,5.652396512894843905e-01,6.861344144254821753e-01,6.844188173452765700e-02,9.544427208508974303e-01,4.611632628537531975e-01,5.916453392184812810e-01,4.806415245203557451e-01,8.578118276603098336e-01,9.338972085623905572e-01,8.453224068935387692e-01,9.426732780880298090e-01,3.920969681566018883e-01,9.543174283367179545e-01,6.434050215949490559e-01,8.822625089127521525e-01,7.971028050408550669e-01,9.891694660669680950e-01,4.711807568108520305e-01,4.401870535187201172e-01,6.182585570573320144e-01,6.565764789178742955e-01,4.611944625884237814e-01,8.950245725677880015e-01,3.579977811708917601e-01,2.372219119419927136e-01,7.634701938024273105e-01,8.193307852949013315e-01,8.916154519525052446e-01,4.877634675460175151e-01,6.905321358470872806e-01
8.078230010515836668e-01,6.260390584321822161e-01,6.094160211828115736e-01,6.782318996639677966e-01,6.400433402655109072e-01,4.654305235033818766e-01,6.980017567224803265e-01,4.694665304013936336e-01,4.936036576593328951e-01,6.346151482057714732e-01,3.186212760811720779e-01,5.582782691203869163e-01,9.929379895729002481e-01,5.743147830231744022e-01,7.132283269091462818e-01,8.857680973914111577e-01,3.954465930676623886e-01,0.000000000000000000e+00,6.461612743130884517e-01,8.726905152321132730e-01,7.424427372536889225e-01,4.601788474930321726e-01,8.783430609358899854e-01,9.332589177970482819e-01,5.487192145299988333e-01,8.757370975533358415e-01,8.541053088568577589e-01,6.583251557882023874e-01,2.048495469635705224e-01,3.228590476027130562e-01,2.334736038314937090e-01,6.612893376484880736e-01,1.548622932175241010e-02,3.521062670252889104e-01,7.507040955436637963e-01,5.271207523552986496e-01,6.368901421576924626e-01,9.652491734409458513e-01,6.534011868483311503e-01,9.085177675525745178e-01,7.994438529405044624e-01,9.861989785524898355e-01,6.232804323855801742e-01,7.086527792793010372e-01,9.835090010137714778e-01,5.853894779749703181e-01,9.448567660172545457e-01,3.353181909135285466e-01,6.774635764492218382e-01,2.836756229066759172e-01,8.684226695755039582e-01,7.337746072763529082e-01,8.326801578041436169e-01,7.971074494752981021e-01,7.455742287040820759e-01,8.988631751840832074e-01,2.474837205955200958e-01,6.115823103614921319e-01,7.151051151065873634e-01,-2.412917421709945276e-02,6.366202072688887936e-01,6.526877140295478386e-01,2.793485244437279857e-01,6.079105730787008888e-01,9.764878892341259942e-01,7.144821114022301689e-01,5.494084473268903146e-01,6.390104720133364946e-01,3.931419654555312615e-01,9.245078151820781409e-01,5.123804216073012396e-01,6.819321452678720474e-01,1.737966164063929897e-01,6.373738735425773516e-01,5.472167040879439837e-01,6.639564945650482386e-01,8.674763847190032351e-01,5.045140110727920346e-01,2.410439019416168449e-01,7.179441844656918592e-01,8.046833734142595507e-01,4.472535404181195440e-01,7.078864291194463254e-01,7.784755991570202482e-01,6.030451493857625911e-01
