0.000000000000000000e+00,6.897052199076783019e-01,9.494849524763570026e-01,6.147256913272970413e-01,6.909140097471339059e-01,9.988540155199464587e-01,8.857819044742976100e-01,9.673154122568400348e-01,8.751550891918724595e-01,4.688481164603129359e-01,8.132457134716525315e-01,8.036120528146367681e-01,2.637789405995286107e-01,9.023682540818007691e-01,4.087531944048589105e-01,4.131786533161034281e-01,8.162260528503981760e-01,9.164030337362006895e-01,6.013014122139818118e-01,9.718464704186950964e-01,9.874234000704047443e-01,7.418056903656622403e-01,6.563943923129643698e-01,4.659774361785178343e-01,8.237665970195591214e-01,8.815415881005271848e-01,7.951127974664264908e-01,9.027367521392865024e-01,7.758459553151155763e-01,5.238837781778515890e-02,7.574247905995553642e-01,9.217199491895808894e-01,9.109500880029950398e-01,8.307616654003203704e-01,4.415391085416495720e-01,6.234453215945279236e-01,7.045117882143958621e-02,6.993468585875399768e-01,8.089143378646450611e-01,4.286294328705924084e-01,1.673349540410526970e-01,8.403667834356611799e-01,9.957802914898091773e-01,8.704453942102393649e-01,8.062787774486588344e-01,7.911842010422649452e-01,8.857830000204461873e-01,6.782611702073367832e-01,7.300664716411541244e-01,8.826802991065100246e-01,8.756398496286021960e-01,3.222585720272919119e-01,5.589966944099171720e-01,4.819650363335243881e-01,7.965692196535412162e-01,8.965110992041628313e-01,6.381560589512516035e-01,6.934201218671061095e-01,6.170859084451302268e-01,2.855346344255942428e-02,5.565341861398080958e-01,3.527993204648768311e-01,8.473880407950368232e-01,8.089857497529857611e-01,9.511069311583014718e-01,8.709425703076263403e-01,7.268044248940130903e-01,9.433655306776381755e-01,5.086656666315678699e-01,7.362619371764843601e-01,6.112114221585287499e-01,4.212729697106323279e-01,3.956237781802052211e-01,2.607647202481499504e-01,6.327812149277338705e-01,6.481751959037675981e-01,7.426116691599559116e-01,8.996323616111808752e-01,2.664009854315713688e-01,3.618772764187728197e-01,7.901083489204729915e-01,5.221657806090511666e-01,9.734942483162343230e-01,6.187496442366794414e-01,8.211265543941020928e-01
6.897052199076783019e-01,0.000000000000000000e+00,9.283937511087817507e-01,6.845260523256073704e-01,7.967576580025685917e-01,8.643045522451829887e-01,6.441000719563216848e-01,6.056253925111079184e-01,9.360617272611294615e-01,8.774909755492642516e-01,8.033477954364250939e-01,7.060777314120503245e-01,7.353318347129772503e-01,4.735703826363203417e-01,2.868358698465883205e-01,8.287382333028645576e-01,8.530029079339084275e-01,7.130661262907910247e-01,6.482510335009855629e-01,3.113072113198467328e-01,7.769772592654505816e-01,2.402854678414984568e-01,5.452244278372292419e-01,8.893826657431883609e-01,6.486201766285172310e-01,8.964561248260234372e-01,8.101299636594386788e-01,5.955174550807526002e-01,3.338713193262062839e-01,1.126218484550717547e-01,5.467892337729053365e-01,6.285723355456876993e-01,8.384507336381714637e-01,7.010382363300460273e-01,4.040560682115359459e-01,5.367603052434191113e-01,1.981101046728060977e-01,5.458237550565210316e-01,6.946933760892439746e-01,8.420959822269884487e-01,2.258949000949393437e-01,2.708935736924117932e-01,9.255236046640430425e-02,9.689932275513059023e-01,8.588921153382843565e-01,9.665672598692832684e-01,9.563882635739250349e-01,5.419515556435980930e-01,8.240577088367853076e-01,9.891544597901160696e-01,8.507065270342075713e-01,7.540701645992241575e-01,8.552130221351846862e-01,6.585116694741940391e-01,4.614923537506678275e-01,9.608065627956706711e-01,6.755778671750692910e-01,7.681568607361084489e-01,8.129050315574454233e-01,3.557414688589609630e-01,2.285994487239478290e-01,4.066338821651880320e-01,3.131897654161837075e-01,6.818638765447250227e-01,9.467269840608233400e-01,7.917738545655679250e-01,7.963108883309283348e-01,9.589757712940258916e-01,5.594878678155925655e-01,9.090612564855740096e-01,7.461163721960539785e-01,7.869099428441445054e-01,5.378275357351580688e-01,6.364221397604203911e-01,7.581225104561751804e-01,9.967146968453165501e-01,8.015784531686518388e-01,6.383644837668435157e-01,3.755518675235322013e-01,5.005272988904770903e-01,7.173293283266903853e-01,3.527783528390677770e-01,6.941166083388606856e-01,3.477964099341402937e-01,9.723193892351100764e-01
9.494849524763570026e-01,9.283937511087817507e-01,0.000000000000000000e+00,4.695117115183891077e-01,9.856165101893470393e-01,9.302902028143237301e-01,8.152350567286110739e-01,9.328805528373884659e-01,8.210771032353403331e-01,9.616398058570649887e-01,9.922423532809233615e-01,5.601342278839429589e-01,8.113072577179216704e-01,8.643138904837726066e-01,9.228415575255374259e-01,3.291196000919711651e-01,8.720730971059702519e-01,9.707853867676237147e-01,6.656543651055478739e-01,8.786371019914299696e-01,9.897594281584105591e-01,8.016719804778654757e-01,9.900458238194115301e-01,8.858195140173401594e-01,9.696437772530114296e-01,9.626205500999637232e-01,5.784440934898273934e-01,8.354703382693779989e-01,5.483970870688295030e-01,4.469444406658214519e-01,6.335719190779831589e-01,6.671866107287316439e-01,4.958458176146669505e-01,7.088860878540304000e-01,9.219576598743828288e-01,4.991961558265607390e-01,-1.255953664864497554e-01,8.545426324328585510e-01,8.324342467047622929e-01,9.283311852115692098e-01,6.628612974026123483e-01,4.003407981828387974e-01,6.754042737280122610e-01,5.691757052897867819e-01,4.130515877677341519e-01,7.324323507519119314e-01,9.211639880319255624e-01,9.090610466925552746e-01,3.421671772518380950e-01,4.909116986680692185e-01,8.834226036823016326e-01,9.298060304102937490e-01,9.489918637700881510e-01,8.496146556673291883e-01,9.604286383320705944e-01,9.016452335286269104e-01,8.396087163202008430e-01,9.391616362569045195e-01,7.326654074733109923e-01,5.399909778964966378e-01,6.690907911679438991e-01,7.646617560600672547e-01,4.571191707010654470e-01,5.360338318671262758e-01,8.397380955553186421e-01,5.106042762078931707e-01,7.577314056033714884e-01,9.509245789521650893e-01,5.674522010141713757e-01,7.085188778907727247e-01,5.569009007520614452e-01,6.441912091043091593e-01,2.757762038894184808e-01,3.759399578206190085e-01,7.173254021338516528e-01,3.344406689388935705e-01,6.881662195032797191e-01,9.500217889322953857e-01,5.479361280272609935e-01,4.370279585889872420e-01,9.541134440893149771e-01,7.943849195675234398e-01,8.690143046331478827e-01,3.711754761894215937e-01,6.844804782710801616e-01
6.147256913272970413e-01,6.845260523256073704e-01,4.695117115183891077e-01,0.000000000000000000e+00,9.180308137392160228e-01,8.270916326873495317e-01,6.650808244711480244e-01,5.229825637092879731e-01,7.794128039717722611e-01,7.246981617103795958e-01,5.965698563618835326e-01,4.383926986112245960e-01,8.812098134831899410e-01,8.840799897262555662e-01,7.875156441066111235e-01,8.047338792389917561e-01,4.612557241251753481e-01,6.687547026474711664e-01,9.661244192203796155e-01,3.122087091673158010e-01,8.915930597892774978e-01,6.048725644822584568e-01,6.770032000009765794e-01,9.860606763702677302e-01,3.356923299090862622e-01,6.975638389326719313e-01,2.422164366728026819e-01,7.771741151538819059e-01,5.357724806349030144e-01,3.816186783168367125e-01,4.547668710681499471e-01,3.706921592284358191e-02,8.176837431032373260e-01,3.803821770650278600e-01,9.540505583598742900e-01,8.305157425887004230e-01,2.192138972207466896e-01,4.114873679880158841e-01,8.402756471461039212e-01,5.842168066425652562e-01,2.169374233955943532e-01,9.642661013874203046e-01,8.944584431848819905e-01,4.596792487249218295e-01,8.257518555119658377e-01,5.295270321183674911e-01,9.526938663145441133e-01,7.700964026219048186e-01,7.114076788130241358e-01,7.933670754864711183e-01,8.432130508130089019e-01,7.971941784189675584e-01,8.879533023544766701e-01,8.835173416743843378e-01,5.597648974032581881e-01,9.365798193089526213e-01,9.048195465386343894e-01,9.575264687079874104e-01,6.120218744477375905e-01,3.550049177629926445e-01,4.759284388969978186e-01,4.573448345457472031e-01,4.313431234616456056e-01,9.419871371488218736e-01,8.064115341389738179e-01,8.915130685345574735e-01,7.780665237501217524e-01,7.071046256204465141e-01,6.937739178236118631e-01,8.149223957273102892e-01,9.231040355039419332e-01,9.357431345799510636e-01,1.677807647914336120e-01,4.785823120743756820e-01,5.436484284822032942e-01,9.891810860423155827e-01,7.571982113657659275e-01,7.487839319013360750e-01,4.280918974319789516e-01,9.687689497779883308e-02,5.027877842484009818e-01,8.545169052903797136e-01,8.744580900352976194e-01,7.025082416675414443e-01,6.005443087485616838e-01
6.909140097471339059e-01,7.967576580025685917e-01,9.856165101893470393e-01,9.180308137392160228e-01,0.000000000000000000e+00,6.726944673739507774e-01,7.713856174813975564e-01,5.646492389416775115e-01,7.303618427348026465e-01,9.541878719012619747e-01,7.957969301367815440e-01,7.491508447970951501e-01,6.025088487521933489e-01,6.333554402405975337e-01,5.564293875688880453e-01,5.770319218660511229e-01,9.889234202912660088e-01,7.651416230186645073e-01,8.746150293701374645e-01,7.326476433677271416e-01,8.768748605988792022e-01,3.854354931851979860e-01,5.778131088008249261e-01,9.406696004437373748e-01,4.239906539331536051e-01,6.434452678840438811e-01,9.223647531871344007e-01,9.785645669009758185e-01,6.328934751131710668e-01,6.351686179189334203e-01,6.927027319254786333e-03,4.715673314139253169e-01,9.304157572586633229e-01,8.639440367202535498e-01,7.831886817153609348e-01,5.289696651968357477e-01,2.682898057475766596e-01,9.951185378884457311e-01,9.605744999636917081e-01,7.258442925295144343e-01,2.320169271896721230e-01,9.161889778058012190e-01,9.590888128975788574e-01,7.558451657666631629e-01,1.482740160640022287e-01,9.766484539534564524e-01,6.635512570441095548e-01,6.108802003819825410e-01,4.643996586160141771e-01,6.652257789202455918e-01,7.556586165840259994e-01,8.438232887425746176e-01,6.444101610683000692e-01,7.355217366092955400e-01,7.366529825809398080e-01,8.002200899632576636e-01,8.548078655657979086e-01,7.879806706354771650e-01,6.336463958251286055e-01,5.630079962448137909e-01,3.398835884355936310e-01,6.156813187627020456e-01,9.309101889524250550e-01,8.541179466817732102e-01,7.829106085458696906e-01,5.562237605632350812e-01,6.818939670431688471e-01,9.448767113673088858e-01,5.048602375415262022e-01,7.699286886398110097e-01,9.760598302003796745e-01,6.634628542332074996e-01,4.991103720992269843e-01,8.993432822916537228e-01,4.777706887161152771e-01,8.658403485783596754e-01,4.671972261548686944e-01,8.114035911826046332e-01,4.660957634457535415e-01,6.987245690415075927e-01,4.167741496940243207e-01,6.750430252814825227e-01,9.435070270770183898e-01,4.064097538792205144e-01,8.091586201989170446e-01
9.988540155199464587e-01,8.643045522451829887e-01,9.302902028143237301e-01,8.270916326873495317e-01,6.726944673739507774e-01,0.000000000000000000e+00,2.696672623202085450e-01,6.525248734573568798e-01,8.532064918369429707e-01,6.838807138061732127e-01,8.311065657663947448e-01,8.095337396716242306e-01,2.135162106706942065e-01,9.523463718980397230e-01,8.566937270841169516e-01,6.022076152208303279e-01,9.240085808029208092e-01,8.118963329854006483e-01,6.106037552974108440e-01,2.690536689203751330e-01,7.305607452372960831e-01,7.647128329811184733e-01,7.244311304996734480e-01,8.407470056307098094e-01,6.002737471873882402e-01,3.671906319787269224e-01,9.459360539500909493e-01,6.235010265826895770e-01,3.151875228011892793e-01,6.878286715285890640e-01,1.369784336513642786e-01,3.455168406704344219e-01,5.810102672525425671e-01,5.465770580879514284e-01,-2.889363934611590690e-01,5.785762050649768673e-01,7.395397184803585711e-02,9.129458760911621784e-01,9.211997176857901204e-01,9.025286409505008933e-01,4.855461458167653621e-01,8.075852498516471467e-01,8.249939218770787619e-01,9.419477351667410181e-01,8.098539625612551918e-01,6.243107702740706699e-01,8.674203171787553401e-01,4.107607307159753529e-01,5.367997733168973218e-01,8.603685966682886876e-01,8.542567955879007968e-01,4.485045608867297973e-01,8.240867574972539078e-01,7.759074758653300430e-01,8.175498445158041472e-01,7.931572599211802466e-01,6.039418012648417600e-01,4.025665602230114604e-01,8.701704056947819899e-01,6.233968703031576020e-01,6.839941817588255368e-01,8.882360395343634751e-01,9.992498211266103159e-01,5.428964463391505735e-01,2.868620515374463720e-01,6.549659240273072447e-01,5.332277710996150555e-01,5.627713357261613369e-01,6.345701912017178703e-01,7.785984313735976325e-01,9.151323978527180492e-01,7.022644626346470353e-01,3.987657900369764308e-01,4.365259243729527339e-01,9.426171824687707979e-01,4.822175035951478117e-01,9.085671622171325179e-01,7.058294816760378732e-01,4.837608100256449162e-01,5.651086249761165803e-01,6.100080785663687388e-01,9.985480565831348354e-01,9.315086589439014464e-01,4.714579516520467362e-01,8.015062541564529353e-01
8.857819044742976100e-01,6.441000719563216848e-01,8.152350567286110739e-01,6.650808244711480244e-01,7.713856174813975564e-01,2.696672623202085450e-01,0.000000000000000000e+00,5.872440374248139028e-01,1.700336180560233501e-01,6.765581049648468071e-01,4.536464672414772803e-01,7.133637148761189373e-01,5.022991782918462267e-01,4.982781714589624156e-01,6.230641722640438696e-01,3.041407054890251094e-01,6.989872479538400407e-01,4.156012415025640561e-01,2.892080064316958632e-01,2.957998000651163584e-01,9.618958152998785538e-01,3.210501769750380707e-01,7.151032833376441689e-01,7.142197467324349347e-01,6.609110658212236089e-01,6.775027401233525426e-01,5.710037155695555366e-01,6.768696994897250852e-01,2.949166993120402314e-01,4.221834318164628952e-01,7.545053425792302981e-01,6.628745034465778341e-01,7.394493468691036853e-01,2.366800384885039132e-01,3.983304896684707330e-01,5.967773553309636547e-01,2.025860936876728302e-01,4.142149003165275234e-01,7.151120183956739540e-01,7.286961344708786648e-02,4.650557027140358457e-01,5.477684911734452822e-01,9.753141883324148997e-01,5.282826211966927810e-01,9.257101968425534011e-01,6.505872494926542293e-01,5.191913184048462249e-01,4.287785226328377775e-01,5.007075103057549992e-01,6.011710161149093068e-01,8.116278407910828552e-01,3.842892394366583808e-01,9.101998740866724669e-01,6.913482816847660306e-02,5.806313171032189135e-01,4.997203151737095173e-01,5.521209150894936801e-01,6.691130584796806113e-01,1.947387473404008085e-01,7.529632144583709996e-01,3.989458429909156223e-01,5.289610637205214294e-01,6.302909227671450454e-01,8.030845266325511433e-01,4.017876095649293711e-01,3.810662956594082496e-02,2.633210551248986175e-01,9.577384436695306480e-01,8.240572695293323369e-01,6.653275879278097715e-02,6.550808625035595689e-01,4.797914120381701619e-01,6.487574355153744587e-01,2.646631424349240036e-01,7.839059238594735524e-01,5.873942105387630619e-01,4.103674354996106888e-01,5.907280045861639239e-01,4.065401712333253648e-01,2.202247678655867569e-01,7.949501873945696850e-01,8.123934247420676602e-01,6.014731391266021632e-01,8.328029887365693273e-01,6.003972890387259120e-01
9.673154122568400348e-01,6.056253925111079184e-01,9.328805528373884659e-01,5.229825637092879731e-01,5.646492389416775115e-01,6.525248734573568798e-01,5.872440374248139028e-01,0.000000000000000000e+00,5.897743323304621699e-01,7.326688403647616532e-01,4.851059744404321306e-01,5.863732895786927246e-01,7.249657140991468962e-01,4.113429922277796469e-01,3.287140246799838961e-01,6.061813580603702123e-01,6.147687123917595642e-01,9.287335357427446425e-01,3.547803200900636611e-01,9.711886867134323920e-01,4.860821978575467495e-01,6.715964145972916910e-01,1.518476439790482635e-01,7.967589582137589721e-01,2.874144181644122664e-01,-1.838832646945309790e-02,9.216022138913840811e-01,5.639386301945898960e-01,7.548729625209795735e-01,3.380626270523768850e-01,1.954535733618950333e-01,4.738998933689615445e-01,2.542612910419882466e-01,7.918190538076510521e-01,6.495502833641786378e-01,5.120832592964411623e-01,3.792596938386532113e-01,5.545121149694844931e-01,8.250134762445084924e-01,5.294785771362966464e-01,2.285403844373691540e-01,7.035021947321663527e-01,9.056583944422239574e-01,8.073377180660995522e-02,8.857129921661299754e-01,6.110704924575084407e-01,7.586194952207738762e-01,3.591032240315259472e-01,4.217339654306271890e-01,9.829730420278190994e-01,4.308866686386466638e-01,4.349751102555353688e-01,4.412739108363424312e-01,7.308107097896883175e-01,8.076108888158014532e-01,5.516114775736353781e-01,3.471336810050980048e-01,5.245209298832321787e-01,7.993700658909550505e-01,4.662316208405498097e-01,4.388348211701111889e-01,7.196894278632322006e-01,4.751397934958030422e-01,5.821594488722532379e-01,6.555651954262406989e-01,9.836661088743094972e-01,6.150382817451556239e-01,9.861602686286230490e-01,5.825588148239652098e-01,6.782356878730804173e-01,5.169487459746994196e-01,5.964254826392876296e-01,4.028970478322884685e-01,5.003909184379992103e-01,6.562598643889768768e-01,9.889717949189507085e-01,4.256333226072283038e-01,7.960471759536678071e-01,5.594274094560283128e-01,2.003729086526898906e-01,2.698315083681820381e-01,4.756125925804931542e-01,4.021485358869447135e-01,8.846911756575555341e-02,5.574469585666971261e-01
8.751550891918724595e-01,9.360617272611294615e-01,8.210771032353403331e-01,7.794128039717722611e-01,7.303618427348026465e-01,8.532064918369429707e-01,1.700336180560233501e-01,5.897743323304621699e-01,0.000000000000000000e+00,7.975334821709428867e-01,6.831774547009196175e-01,4.064311027487194083e-01,1.681535347251593704e-01,7.409754515919595441e-01,4.289593701919787727e-01,7.126221203846512253e-01,5.073220517182822631e-01,7.298739327344294647e-01,8.344635108121049027e-01,2.810610540465308671e-01,7.395548360667307808e-01,6.187292173231326853e-01,3.743074239749577536e-01,9.627768569421515377e-01,6.749919325102663459e-01,4.797243406876595673e-01,7.622727413067569291e-01,8.533979702731484540e-01,6.808575420107068066e-01,4.503901346680380668e-01,6.056920584998326529e-01,6.581251647193298027e-01,8.517434723416933418e-01,8.181693939477646671e-01,4.549598715222543110e-01,7.279591055008487466e-01,3.759508050183332228e-01,7.533990695315225805e-01,6.587454862759400953e-01,8.413716909140700473e-01,7.250080604139094165e-01,6.484783715592222775e-01,5.951976945625225834e-01,5.878556861958107449e-01,7.243906927899591564e-01,5.623259358395853447e-01,9.280055960623180278e-01,-6.544656060405656950e-02,7.712305596680997244e-01,5.644819118883179776e-01,8.169060914590924316e-01,8.549055569950895217e-01,4.075431413752972909e-01,7.585000970423805278e-01,6.118433019882510981e-01,8.604600720533073233e-01,6.655237866055675466e-01,9.203667523318174171e-01,8.405655510877810821e-01,6.340637760729223027e-01,2.306731556843288344e-01,9.389643784631770407e-01,6.455449708885948601e-01,9.659100668893778607e-01,7.195776874679471469e-01,1.100284538779528198e-01,9.353923495853587733e-01,7.349891122499531138e-01,6.137729342059246029e-01,7.045355160927216920e-01,3.347771288100139797e-01,9.582867247930756394e-01,6.390237156535225616e-01,7.689658737319485793e-01,5.183694068793888166e-01,6.994819822553022259e-01,8.896872000001629921e-01,7.073256283668393207e-01,7.916391591278323370e-01,4.528613140556281280e-01,3.776822994357609264e-01,8.057612134185055952e-01,9.378158360764566881e-01,5.727984670254684385e-01,6.929956448889306175e-01
4.688481164603129359e-01,8.774909755492642516e-01,9.616398058570649887e-01,7.246981617103795958e-01,9.541878719012619747e-01,6.838807138061732127e-01,6.765581049648468071e-01,7.326688403647616532e-01,7.975334821709428867e-01,0.000000000000000000e+00,4.222978354091928566e-01,8.004783214124462365e-01,7.811286476583961802e-01,3.140229677100956907e-01,8.073483342243058525e-01,7.516647124506126154e-01,8.684761948526750208e-01,8.353603265377158582e-01,9.633812103885590616e-01,6.122011786485179741e-01,8.235305566335519023e-01,8.199573975895370070e-01,9.677209038423684184e-01,7.912511840258225071e-01,5.606216118534108617e-01,4.163384438803878762e-01,6.545632661184949130e-01,9.402210328661602112e-01,7.247241558702018915e-01,3.100632969419038210e-01,3.628778750146601645e-02,4.257916998556507959e-01,7.019374813552629044e-01,3.612930444197554047e-01,9.454021371081624547e-01,3.034473398921546661e-01,3.276334194221822704e-01,9.549921327734073317e-01,2.538259869092716059e-01,7.803067517494162164e-01,4.949669156194209108e-01,8.406370822009655297e-02,6.295596663162943418e-01,3.286628172471290910e-01,9.377197275555250178e-01,6.063505644966358243e-01,5.041187537813660580e-01,6.085898748910296696e-01,4.926349552087994077e-01,9.662026653111035479e-01,8.718361778622107927e-01,8.919339891237564322e-01,6.654684300646802608e-01,4.360404136492735394e-01,7.158925547201848705e-01,6.712224964187140097e-01,7.922160926835533079e-01,6.885444660837809483e-01,8.003675036198696358e-01,4.545440905856324987e-01,4.202200715911145190e-01,7.843117288935338438e-01,8.565589104359767614e-01,5.919184994483177586e-01,9.352286895754329255e-01,7.254707530724049391e-01,9.759786073300591447e-01,6.831575812979668871e-01,4.742994720235821915e-01,8.271912368146178141e-01,8.564934708982367972e-01,9.302377589158328242e-01,5.735461354596688155e-01,6.741775367883531267e-01,8.238946675225644611e-01,6.774004909904034477e-01,3.721384734082960888e-01,7.691787960547398217e-01,5.210393164624256279e-01,3.991754370979103683e-01,2.571893008380964352e-01,7.444844350577096703e-01,6.510976658920020199e-01,7.898363765142032422e-01,7.396313571181293289e-01
8.132457134716525315e-01,8.033477954364250939e-01,9.922423532809233615e-01,5.965698563618835326e-01,7.957969301367815440e-01,8.311065657663947448e-01,4.536464672414772803e-01,4.851059744404321306e-01,6.831774547009196175e-01,4.222978354091928566e-01,0.000000000000000000e+00,2.031202737144690781e-02,9.126380365218683677e-01,7.930052588960421200e-01,7.801853308821975475e-01,7.690015252292071724e-01,7.142797563252402115e-01,5.293899948325028193e-01,4.239814818746756586e-01,4.052529813638641176e-01,7.872795897952098443e-01,3.017299937056078796e-01,4.081669108186526396e-01,7.758548800190844252e-01,-3.528156775043136961e-02,8.998424745915527545e-01,9.778468868630404431e-01,7.077119614947128268e-01,7.057375372758784016e-01,3.944826421843259379e-01,-7.424367411102966718e-02,2.539008089554880554e-01,7.473468308705062402e-01,4.118624512101464186e-01,4.000708857631219036e-03,4.640754211516235905e-01,4.230367476164083040e-01,6.817013781246137327e-01,8.520138957424814308e-01,6.785012597160697823e-01,2.110038794866972989e-01,9.954218551147676619e-01,4.320717242030150951e-01,5.352186678543187082e-01,6.653874039691801690e-01,9.593008647133528521e-01,3.786383689071239900e-01,6.961420221296132915e-01,6.062673148689394775e-01,7.452807716050690034e-01,3.485662542065439129e-01,5.454779730271461791e-01,5.590188573793961613e-01,7.116465755759628919e-01,8.268764401833222921e-01,6.463410295864833177e-01,2.046186791281707218e-01,6.156029290569018375e-01,9.728909140069266215e-01,5.212844650670537261e-01,3.749201485583447679e-01,9.086026210626271249e-01,8.512613144895405659e-01,9.804372622701713613e-01,9.139429047036714548e-01,8.185375323716607143e-01,5.584713885133308908e-01,8.028779503003091733e-01,7.335606363887481329e-01,6.126762911730744277e-01,1.287737362856946899e-01,5.874830681752520878e-01,4.221777973144842377e-01,5.198240419463658057e-02,7.113180806161745195e-01,3.260021489409800077e-01,8.997593216902167734e-01,5.497144428867499766e-01,2.586784151186409808e-01,2.205684231751304514e-01,5.314870748819328083e-01,9.185296067998491854e-01,9.389184678723541122e-01,3.679676264231539901e-02,3.783194821387709794e-01
8.036120528146367681e-01,7.060777314120503245e-01,5.601342278839429589e-01,4.383926986112245960e-01,7.491508447970951501e-01,8.095337396716242306e-01,7.133637148761189373e-01,5.863732895786927246e-01,4.064311027487194083e-01,8.004783214124462365e-01,2.031202737144690781e-02,0.000000000000000000e+00,9.341588861560934376e-01,9.210571369181720369e-01,9.352302888133678938e-01,2.582574375204982342e-01,7.081994424780410080e-01,8.533428752906919712e-01,8.193247017202798244e-01,6.405282767826725454e-01,6.549871354787863975e-01,6.237630065048401784e-01,4.715931228797946573e-01,7.115611820693577005e-01,8.147283031248934160e-01,2.138534689363983110e-01,9.063043327188143872e-01,7.895219827182340389e-01,6.483786588812071594e-01,6.315498379655820615e-01,7.410281189773338002e-03,6.910832459430414909e-01,9.721571296134960960e-01,9.082653083111781323e-01,5.898106888282302895e-01,7.734955777882090988e-01,3.848239021793060100e-01,7.953452244117693581e-01,7.646381034181601866e-01,7.036975553724161836e-01,3.910658682659010621e-01,5.810823127584063830e-01,6.530410048168124870e-01,6.186107917172083415e-01,7.359954411754072723e-01,8.609768536941015959e-01,6.505539973619768324e-01,9.009798819651210211e-01,3.469573680382439518e-01,7.849407622198855128e-01,7.420259818155363618e-01,7.207136251766373958e-01,6.383786825188004777e-01,6.901807085452924539e-01,6.248851669730666192e-01,6.920772954886700301e-01,9.557044520917837849e-01,7.258639489994114236e-01,8.820916579103104116e-01,7.366440959024728174e-01,3.645326331615056370e-01,-1.774593309261102980e-01,5.379275841832937832e-01,3.385766466646734640e-01,6.820079538397336716e-01,6.356475515837636259e-01,7.631751414433408653e-01,6.412751804566554359e-01,6.241563115037652709e-01,6.802269122819418756e-01,7.608779223076657106e-01,6.940643052125632373e-01,7.089639437209296902e-02,7.831169460452699349e-01,7.551980156714845904e-01,8.752525509057652517e-03,3.356635183407136735e-01,6.990040135925307263e-01,3.220632252979580556e-01,3.314441468251788647e-01,6.473354971522594647e-01,4.714021810823854075e-01,9.899980097532616874e-01,6.109081744920009660e-01,5.213751922359253221e-01
2.637789405995286107e-01,7.353318347129772503e-01,8.113072577179216704e-01,8.812098134831899410e-01,6.025088487521933489e-01,2.135162106706942065e-01,5.022991782918462267e-01,7.249657140991468962e-01,1.681535347251593704e-01,7.811286476583961802e-01,9.126380365218683677e-01,9.341588861560934376e-01,0.000000000000000000e+00,3.913759115703399072e-01,8.325719791580610263e-01,9.179129423754862627e-01,6.079433381136585268e-01,6.124953872345998418e-01,9.350498917064047344e-01,9.151664873596414562e-01,6.465595930013969816e-01,4.057303567038915149e-01,7.387784778570496425e-01,9.784372058803022520e-01,5.298242814154965341e-01,7.889708497948306753e-01,4.160942650265704312e-01,4.036685271862314739e-01,4.239771726353756542e-01,5.345378633368038646e-01,-1.504098660503144502e-01,5.976420762716253554e-01,6.562740843276264613e-01,9.713482918184002113e-01,8.403864515241183941e-01,2.848059188486536941e-01,1.922792126555301628e-01,7.399851722820846023e-01,6.696084446606761498e-01,7.282323334257707614e-01,7.417468535718603206e-01,6.323661434640903689e-01,8.134295082099181062e-01,7.156697199664744380e-01,4.284020393515241554e-01,8.464106347758328930e-01,5.085283572808493302e-01,9.018283976495834464e-01,9.314171117695995150e-01,5.644383546465716606e-01,5.950836666880370274e-01,8.468835229736536574e-01,7.966394483109089375e-01,2.921288439833785167e-01,7.309154034820455337e-01,6.105503129469751489e-01,4.372166270905618601e-01,6.555952623249724498e-01,9.268167723343057052e-01,5.815481447442515384e-01,5.178935933132834402e-01,6.176958285515063984e-01,4.147234335856255782e-01,8.568938458965773552e-01,4.505300463455718663e-01,5.512623492840699191e-01,6.043497263131479835e-01,9.834789990704384532e-01,6.812491081803581094e-01,2.635334933642686783e-01,6.501659703782772803e-01,7.257268983067182155e-01,5.582068885363822286e-01,3.182430481667661848e-01,7.542156270303143062e-01,8.116121863493518385e-01,7.338029936658289065e-01,6.836434749350450701e-01,4.782054154184571804e-01,5.140346383114925422e-01,9.749939779351427527e-01,9.837772750750787276e-01,4.430987319632609944e-01,7.959040283193884457e-01,8.102075490870698227e-01
9.023682540818007691e-01,4.735703826363203417e-01,8.643138904837726066e-01,8.840799897262555662e-01,6.333554402405975337e-01,9.523463718980397230e-01,4.982781714589624156e-01,4.113429922277796469e-01,7.409754515919595441e-01,3.140229677100956907e-01,7.930052588960421200e-01,9.210571369181720369e-01,3.913759115703399072e-01,0.000000000000000000e+00,7.069407178750651832e-01,3.095085337126460279e-01,8.805410282431700431e-01,6.389341936100820796e-01,7.780461806976617378e-01,9.790859316479380015e-01,9.608561143024189066e-01,4.110574669966493011e-01,5.217687025894686137e-01,8.454289952991932422e-01,3.050302825069726165e-01,9.240533117766422944e-01,4.998868094138383400e-01,2.133920449495064209e-01,4.025561958271270946e-01,3.672235088721704788e-01,5.711106164778955163e-01,4.213873828511122688e-01,4.286148536867276371e-01,4.941733716788885289e-01,7.278072546181980629e-01,4.306382047059794660e-01,4.384366712305897695e-01,9.816809780780567651e-01,9.941794914117578763e-01,6.317102149308451153e-01,6.275326828816846225e-01,8.508762375371632380e-01,8.101355563139488458e-01,9.895296305804853754e-01,7.655931029396410015e-01,6.117874016343315402e-01,3.987786399823089467e-01,6.673759464843643796e-01,7.332765216642185557e-02,7.906368588073011683e-01,7.956493046739032682e-01,8.918302822079050562e-01,9.146245296440234096e-01,7.917491673482679460e-01,8.994540225400795563e-01,8.594767681922844682e-01,8.884624986454796591e-01,8.943661131549180965e-01,8.934903493710949496e-01,6.324743921598676710e-01,4.977466307302343962e-01,1.270790013428379772e-01,5.006400542917444074e-01,4.705433031412270539e-01,7.390325021753215706e-01,9.409380395660709162e-01,8.525571611922596604e-01,8.172430871766241944e-01,1.695542474733919558e-01,7.064689725981820878e-01,2.427171734250237189e-01,7.662257831851424505e-01,6.538671787193242046e-01,5.432262685249976686e-01,4.822188665313001388e-01,4.482220611421751100e-01,8.977288758918537948e-01,5.171985977373910748e-01,6.008631858259793068e-01,2.173471045397546431e-01,7.331362690120635239e-01,4.817309833952391762e-01,7.945606237272144767e-01,7.148380968628614829e-01,9.179936089832807511e-01
4.087531944048589105e-01,2.868358698465883205e-01,9.228415575255374259e-01,7.875156441066111235e-01,5.564293875688880453e-01,8.566937270841169516e-01,6.230641722640438696e-01,3.287140246799838961e-01,4.289593701919787727e-01,8.073483342243058525e-01,7.801853308821975475e-01,9.352302888133678938e-01,8.325719791580610263e-01,7.069407178750651832e-01,0.000000000000000000e+00,4.642562669916444618e-01,9.853707242905879182e-01,5.928622517420356619e-01,7.012908157141712895e-01,5.051946698649929512e-01,4.759263093526381327e-01,6.785980492639795969e-01,9.215166835601404927e-01,9.156115607210693064e-01,8.900222674614314267e-01,1.372055262012194243e-01,8.773241556352133763e-01,8.704284883233188719e-01,4.220984495527880798e-01,1.995659705681774310e-01,2.447793172306110543e-01,4.247758686448427912e-01,2.287095002142672528e-01,5.685050743629980197e-01,7.203281067945994653e-01,4.431395294628352466e-01,2.560061765934304456e-01,5.197280515029651937e-01,9.023049157501902284e-01,6.308262939192996743e-01,7.354890963229597789e-01,6.274246521354950312e-01,9.852240878877355224e-01,7.331729081217177590e-01,8.267235458824624406e-01,3.045193537431616360e-01,8.922984794335591108e-01,9.252086175367522092e-01,2.915929280897677778e-01,7.873747604174207160e-01,6.641486374013174654e-01,7.418481967248541364e-01,5.317796479534950826e-01,9.689186216310186062e-01,8.390437482348319653e-01,9.026684644008119429e-01,5.931402850043143715e-01,8.494107639722024983e-01,9.949823435830548179e-01,5.112610988832412273e-01,4.156532961169181473e-01,7.654809735799317227e-01,6.634882588799250192e-01,4.888400646165677599e-01,6.630616827134986346e-01,6.561940510244106406e-01,4.639857552131911866e-01,4.064471410378197036e-01,7.259710212517225258e-01,6.167787007006567679e-01,8.588351226855429621e-01,5.983784919725998463e-01,3.163173646319897281e-01,2.259286086953756212e-01,4.561048508881314079e-01,9.912959437069046587e-01,5.175535591669807589e-01,7.194683971334954187e-01,4.300098331229734172e-01,2.211129006450571199e-01,7.202824880848791578e-01,7.466642273115040584e-01,6.318129115007451446e-01,5.789210426608624310e-02,6.867777242727812759e-01
4.131786533161034281e-01,8.287382333028645576e-01,3.291196000919711651e-01,8.047338792389917561e-01,5.770319218660511229e-01,6.022076152208303279e-01,3.041407054890251094e-01,6.061813580603702123e-01,7.126221203846512253e-01,7.516647124506126154e-01,7.690015252292071724e-01,2.582574375204982342e-01,9.179129423754862627e-01,3.095085337126460279e-01,4.642562669916444618e-01,0.000000000000000000e+00,6.444100000891961333e-01,9.605342547067730052e-01,9.020147048956050906e-01,6.138144908995194493e-01,6.234068532802602425e-01,4.701811093245538142e-01,7.209520556338433472e-02,6.949274223582917465e-01,3.769491912834346259e-01,3.735440734071081570e-01,9.252119288202557135e-01,7.489809096498045715e-01,1.134520525709107330e-01,5.928841153068454828e-01,2.222726890070074804e-02,9.193625988356968204e-01,4.293612467125453303e-01,9.019666737910958521e-01,4.988344984935524362e-01,7.072262379602897164e-01,7.705797406986329978e-01,9.297161717936469616e-01,5.488712025009829798e-01,7.177930755085802639e-02,6.974966276560815581e-01,7.093823127837095566e-01,8.304370296425451770e-01,5.185081146064425273e-01,8.076051035830889013e-01,2.445893019457747730e-01,6.883648208816141034e-01,5.660993081668106441e-01,4.104036207088980204e-01,7.684000213600638007e-01,8.403055300658297533e-01,2.544114495595524161e-01,6.162471804334809233e-01,7.962288012076847998e-01,6.454556496830236023e-01,8.513554002164152035e-01,3.457955729475422624e-01,6.171896748592595738e-01,9.431919081445253594e-01,5.548468741853573860e-01,5.991421921633897085e-01,7.334155898220751091e-01,5.630182286013971638e-01,8.424199974905715038e-01,7.716499978002044902e-01,4.325532404583875556e-01,6.851990707304252970e-01,7.665417779559221545e-01,5.614349854191754696e-01,7.688552166908824148e-01,6.565594880485707829e-01,9.204630826200687066e-01,-9.087067316877740775e-02,7.017203824045874505e-01,5.060803273040699324e-01,7.317672478804999603e-01,4.972660783767299808e-01,9.322813276668224791e-01,7.172787054874517343e-02,2.601226851512494775e-01,7.678365444744473800e-01,8.434124997870269258e-01,6.137651549005167517e-01,1.018531041254144842e-01,8.378669760670421907e-01
8.162260528503981760e-01,8.530029079339084275e-01,8.720730971059702519e-01,4.612557241251753481e-01,9.889234202912660088e-01,9.240085808029208092e-01,6.989872479538400407e-01,6.147687123917595642e-01,5.073220517182822631e-01,8.684761948526750208e-01,7.142797563252402115e-01,7.081994424780410080e-01,6.079433381136585268e-01,8.805410282431700431e-01,9.853707242905879182e-01,6.444100000891961333e-01,0.000000000000000000e+00,9.734214085140928674e-01,9.597896074496540253e-01,7.856839388880102470e-01,7.481747024627742881e-01,6.846865335810561337e-01,7.590054591240876780e-01,9.941776294872560760e-01,9.941798153019369977e-01,8.151422431205525010e-01,9.760825742053252929e-01,5.908815924061572300e-01,5.383321986494122857e-01,2.199370441226325135e-01,3.816061943915295407e-01,8.403014326724667082e-01,8.290383240296931300e-01,8.628995847270551911e-01,9.106078835861451948e-01,1.580872947229995662e-01,5.065420953239629931e-01,8.697382541527975963e-01,9.273202535310611783e-01,8.631103066094397702e-01,5.666002779607349771e-01,9.256515708647424789e-01,9.138923417529426496e-01,4.404561919609158438e-01,6.987394721872433045e-01,7.832166785069502035e-01,7.584317470687724771e-01,5.121211335735661452e-01,6.351789626812593959e-01,8.894058184241391274e-01,3.760875449760476275e-01,8.922106035700432258e-01,2.029427092243135389e-01,3.586678581763061424e-01,8.036434606412005133e-01,7.121874217006919361e-01,6.846652655204740201e-01,9.171387906374086629e-01,9.630907138309946491e-01,4.581793603235206902e-01,5.789775518064121940e-01,7.935350458317511624e-01,1.096495349010521148e-01,9.354309833713551070e-01,6.593591551924254945e-01,6.983182639139381420e-01,8.918887674318229930e-01,7.948057210646246595e-01,9.319530170079810549e-01,8.743285444991496513e-01,2.933075200714413411e-01,7.183910411191898326e-01,4.615499386719792985e-01,1.962224962413321172e-01,9.768136316479499870e-01,9.512337211492807310e-01,8.823150052877816174e-01,9.980815173729351564e-01,5.923541084439327975e-02,6.117829027404628889e-02,8.889020712492629039e-01,9.456992479313786060e-01,8.805861652192007449e-01,7.996479486671790315e-01,8.498661665745378402e-01
9.164030337362006895e-01,7.130661262907910247e-01,9.707853867676237147e-01,6.687547026474711664e-01,7.651416230186645073e-01,8.118963329854006483e-01,4.156012415025640561e-01,9.287335357427446425e-01,7.298739327344294647e-01,8.353603265377158582e-01,5.293899948325028193e-01,8.533428752906919712e-01,6.124953872345998418e-01,6.389341936100820796e-01,5.928622517420356619e-01,9.605342547067730052e-01,9.734214085140928674e-01,0.000000000000000000e+00,7.133003992855997399e-01,2.514223535949159927e-01,7.736849634718172553e-01,7.284774352227834093e-01,7.789306631944326043e-01,9.445884860489140999e-01,7.937996829660074471e-01,4.497144315101968548e-01,9.780570043194577456e-01,7.362078763505333079e-01,4.106842970128959935e-01,-1.824335860760997186e-01,2.269042609648414810e-01,5.520053169454144371e-01,5.131746588702537082e-01,9.857931523878423752e-01,5.567987654481016957e-01,4.817653541008962148e-01,3.617755651257273386e-01,4.834019696139716937e-01,8.056363542433659930e-01,9.637596059366017043e-01,6.425345739935353073e-01,6.863006019542474689e-01,9.651470702484502562e-01,6.930807741538219657e-01,8.930604788201639277e-01,9.539615679965408601e-01,7.549042197654221020e-01,1.976134403076462986e-01,5.411694394970822941e-01,4.915981409630236221e-01,4.593092413550968200e-01,6.374911378883992841e-01,9.992478939700507601e-01,7.589078417100645346e-01,7.369951735239359536e-01,6.132632536131935597e-01,8.630875846065724222e-01,5.292990862537000352e-01,4.532513921274791691e-01,5.483288316017306263e-01,4.941790304293151026e-01,9.550794156102988541e-01,8.421423307365507593e-01,8.740858376526272622e-01,9.437493726522236948e-01,5.265220282743019453e-01,9.930259828791052623e-01,6.736074676263426042e-01,5.531967036299579865e-01,3.290624165055791583e-01,6.233502613744299481e-01,8.288153212757365385e-01,4.768245169401586492e-01,7.142956525868999762e-01,7.938342799134745498e-01,3.116191070973676758e-01,9.104453730232001663e-01,5.766100670596716604e-01,2.004586032751630442e-01,2.170693387736284674e-01,9.389075730632802097e-01,6.042467856159907669e-01,7.139275209177975423e-01,7.919947190505735035e-01,2.395685076759885290e-01
