0.000000000000000000e+00,6.282720700309603057e-01,4.003820012121401262e-01,5.755241185518006342e-01,9.668826171941484748e-01,8.633563294629787999e-01,6.036766816607853636e-01,7.027013746857005971e-01,8.697824315661457639e-01,8.600127861838500198e-01,7.288849388104673421e-01,7.857104374656159740e-01,9.652891583875711223e-01,7.752453584316842949e-01,7.510427351100132931e-01,8.909111800797762104e-01,9.456733987841240419e-01,8.705880060227213502e-01,9.788627219897030329e-01,6.265606151739274710e-01,8.076901081816119099e-01,5.486683309516243723e-01,5.381435843664720275e-01,8.988074615407010137e-01,8.928392400419109531e-01,7.584342864235996684e-01,6.647557108748716193e-01,8.327228727499005334e-01,4.113624503574006552e-01,7.840482029280577692e-01,5.360949766208098488e-01,9.277655228606082050e-01,7.267544999551550644e-01,9.107194246673444571e-01,7.309929591139789906e-01,8.424452122567337442e-01,5.012099845746382787e-01,7.219534885357206111e-01,9.249988354131971624e-01,6.448665893522902426e-01,1.655095603793419606e-02,8.126853470944210844e-01,9.047124719566732587e-01,4.526020781020252959e-01,9.133237549486082907e-01,8.883702991668130933e-01,9.613547649814335738e-01,8.692096991261197836e-01,7.730050666768388812e-01,9.172706597855810884e-01,6.607881174930319013e-01,9.616275288458462356e-01,9.916006930595306912e-01,4.124924475156844794e-01,7.144496805516655780e-01,9.887088544071145346e-01,8.661132942340898921e-01,7.456052297274587959e-01,9.325851614692145519e-01,5.076633344684440274e-01,2.170169956526577515e-01,6.827922899237531817e-01,9.985591559878062018e-01,9.710184473838021635e-01,9.536260990504115131e-01,7.397763752460498887e-01,9.251473686051474576e-01,4.238996032367627897e-01,7.236652241313402678e-01,6.718586789475659016e-01,4.203645708728320218e-01,5.113045742552931039e-02,3.429986621347989040e-01,4.684092892468878500e-01,8.638083324261948137e-01,4.293776257240365934e-01,6.584509062508718813e-01,5.851472034933897781e-01,-1.317998990104141122e-02,6.015065060277611231e-01,9.186998630019934664e-01,8.078275478527183751e-01,8.071175507748324929e-01,3.533039257641564235e-01,2.750474632477875603e-01
6.282720700309603057e-01,0.000000000000000000e+00,9.136152796135023069e-01,9.550832186028150872e-01,8.096490646991491014e-01,6.012445524389584683e-01,3.775781209076821687e-01,6.169035601129663204e-01,6.979133568025285284e-01,9.607827693701078697e-01,9.002267983495324533e-01,6.870693734540482822e-01,6.930727163462231388e-01,6.111029756422101666e-01,9.132054980016385271e-01,-1.870235138983195322e-01,5.862306498315825731e-01,8.383173707097473226e-01,9.658018870098128428e-01,4.969727230379220040e-01,7.829065104224590677e-01,7.907950467830644481e-01,3.902005979021190285e-01,8.349229950294831948e-01,2.791590211952946210e-01,2.106395674128246076e-01,5.838280753239183385e-01,7.395595525885606536e-01,7.541748242408349290e-01,7.434998645309660592e-01,4.005009012197852658e-01,7.681257398992364926e-01,8.345386010061883741e-01,6.747803074938809598e-01,9.799775149420492104e-01,6.927890368868478976e-01,2.491425269978228274e-01,1.421304555781704726e-01,8.345659412887267425e-01,9.335690033637522589e-01,3.550840138131995949e-01,7.095419040205991346e-01,7.983220817947692671e-01,7.709337190701016640e-01,9.650671641602219797e-01,6.773520974353013369e-01,7.711090975935077640e-01,6.717959391758002718e-01,5.338591150968119425e-01,6.790649397815323729e-01,4.743352727676701797e-01,6.682305946917448392e-01,6.531256647844015939e-01,8.731783229161114157e-01,9.955435284023586018e-01,9.409706321119478689e-01,7.440257558700400509e-01,4.601742601081281192e-01,9.689175868239866540e-01,3.368648832016538641e-01,7.786841758986167150e-01,4.939440362854569111e-01,8.934329783089163257e-01,9.260873958018724927e-01,8.822240709800647229e-01,7.729733034961040472e-01,9.095785590568690182e-01,9.136102378679104019e-01,7.393699227918226757e-01,6.066465456624487995e-01,4.716356818657951311e-01,6.192740773522963371e-01,6.822311391220653443e-01,-1.400241909586846245e-01,4.760027399103498036e-01,8.297945061137589340e-01,7.881090516402986523e-01,6.758409593623866396e-01,4.262262582952109358e-01,3.429086536735179713e-01,6.008371190847161536e-01,9.407026366352911895e-01,6.545081049251446625e-01,4.980186032595366741e-01,7.171739776878763850e-01
4.003820012121401262e-01,9.136152796135023069e-01,0.000000000000000000e+00,8.985935838454484070e-01,7.690526387863936275e-01,8.776768318823244819e-01,8.713917174854769465e-01,4.599592489357344771e-01,9.943034254406708516e-01,8.681856942151157108e-01,6.718006977420261094e-01,9.620825045821839172e-01,9.700236982148049414e-01,7.927334968583334973e-01,9.476651524497987644e-01,9.141559098672491501e-01,8.043340345448378725e-01,3.110354224122774958e-01,8.548326110715718240e-01,9.443852295628618609e-01,6.045084522485824063e-01,9.348128839034652859e-01,9.191929999437504772e-01,6.948026545575902713e-01,7.642658923444441976e-01,6.862797248524356020e-01,6.776827326955481290e-01,4.203662443636780877e-01,7.549972605473299625e-01,2.149280119657522581e-01,1.213842445885179588e-01,2.334481714552729681e-01,9.241630020806461676e-01,9.884202336907998987e-01,9.738312710093131042e-01,-1.141405865206718273e-01,2.979242110718124947e-01,8.959527757145472338e-01,6.853412020678849581e-01,9.604652379617628633e-01,4.339754715572115007e-01,7.424079512634554900e-01,7.589945871207373074e-01,8.603447400402077783e-01,6.878239848360301334e-01,7.632290009318569712e-01,6.029421575607054606e-01,5.753754367112540180e-01,8.246312639310934278e-01,7.981404760191352921e-01,8.267574970601503370e-01,6.883274031517235825e-01,8.986380994577473080e-01,7.273974876113311616e-01,7.061538614466761343e-01,9.129012170122466907e-01,9.321698888601916977e-01,8.435721642606693882e-01,6.103647041564876918e-01,7.244901916414375753e-01,6.156446673930268121e-01,4.341374042483417406e-01,7.944919759898069200e-01,5.466309573063367067e-01,8.714188040019721360e-01,7.809463381230561385e-01,8.019840052953715048e-01,7.831746080623321893e-01,9.070717045922936927e-01,9.751614951768348138e-01,8.315213899303171008e-01,7.863159749282199185e-01,9.342622768730978189e-01,3.453278764854700311e-01,9.580117571030442036e-01,9.779291067076349986e-01,9.081028404598507908e-01,6.326159586397268608e-01,3.545148229599258682e-01,4.331292855659288898e-01,7.286747469015031342e-01,8.092635852358126547e-01,7.657767448567840418e-01,9.171961492527983539e-01,9.505247862735902720e-01
5.755241185518006342e-01,9.550832186028150872e-01,8.985935838454484070e-01,0.000000000000000000e+00,9.036423455368048918e-01,8.163868540118266459e-01,9.004365816210208040e-01,7.691228890241461613e-01,9.997744532474897028e-01,7.638493961109200647e-01,6.568515511726735756e-01,4.535090940362449530e-01,7.822602327556480439e-01,4.122962124205492573e-01,3.954281958494672011e-01,8.477398317659273763e-01,9.870288266042015479e-01,6.276372416641444740e-01,1.862924924150490824e-01,4.549622011760260931e-01,6.983328736893700261e-01,8.150177859958803728e-01,2.483700547158773364e-01,9.693378822465099631e-01,6.347951008605774437e-01,5.639901715196826704e-01,6.759954173290113610e-01,7.126922880604452670e-01,7.749151705288527259e-01,7.507805615732111582e-01,5.041275504893694137e-01,5.254154217545186079e-01,6.810004207359604544e-01,4.598225326802101165e-01,9.883528312199867383e-01,4.357271072622284636e-01,6.561298004532198913e-01,6.564729293903770468e-01,6.321481568546400975e-01,9.210265799643062579e-01,4.695246403369907062e-01,9.077250544197021931e-01,9.631041348693126780e-01,7.731453181243703732e-01,5.740335592668098785e-01,5.088156425639098757e-01,8.693152930965664105e-01,8.140254586948291182e-01,4.370041595114170785e-01,9.051111456503274644e-01,6.870798069337731295e-01,3.150114461117990983e-01,5.879645410742934120e-01,9.683626757170614718e-01,9.536649463107159663e-01,7.133054619473857549e-01,8.393698066889334619e-01,7.542918823850505161e-01,8.761065700408754431e-01,4.928319848793803470e-01,9.004780349935037620e-01,4.881176035384294787e-01,6.016549406638940223e-01,6.531739878912079522e-01,9.622938991744038884e-01,4.653085880999089374e-01,6.489795343633641966e-01,8.031003111032287700e-01,2.176489854071210761e-01,4.573432956413320816e-01,7.062144282593387778e-01,6.291643073712431811e-01,6.101757573209500851e-01,3.030054721953578944e-01,5.163387530198721986e-01,4.101035504863260184e-01,7.464131417131687485e-01,7.771706792791571727e-01,2.327509368962183411e-01,5.932127336101189474e-01,3.449850266454366210e-01,9.634664216544897020e-01,9.528601363530037061e-01,7.271885731450189461e-01,6.049616399487410812e-01
9.668826171941484748e-01,8.096490646991491014e-01,7.690526387863936275e-01,9.036423455368048918e-01,0.000000000000000000e+00,8.349837814980605177e-01,6.542518941189572335e-01,5.409996459771937438e-01,8.121499184103703195e-01,6.033358165705953180e-01,9.836919206310436037e-01,5.351571740517324649e-01,3.858470615392791681e-01,8.551674681754155571e-01,5.143681714232276603e-01,6.368021997935165990e-01,6.972835016471472525e-01,9.256794711201357106e-01,7.634329102147798807e-01,3.016050660558753510e-02,9.192269016867107290e-01,5.185022484714061353e-01,7.907739741734567396e-01,8.234676264537322821e-01,5.930924138126172362e-01,6.637175729222286602e-01,8.179177682692219120e-01,7.164371132188412927e-01,9.113622755293561140e-01,6.524684638414637305e-01,2.863161471706160977e-01,7.706880863066579712e-01,3.566516414129297097e-01,7.099817934223231486e-01,6.550629754594738952e-01,1.557648434734898168e-01,-1.893677705349510187e-01,-1.081381886518914537e-01,8.131066320993637353e-01,9.889131532918863376e-01,4.486795788696211207e-01,3.283285807826400449e-01,8.676757896554732064e-01,8.835226015871907590e-01,3.625413887333960306e-01,9.128628112432888297e-01,8.730746393190836896e-01,6.255640245370540642e-01,7.819834684041448991e-01,4.152172880319049408e-01,2.569534092570956441e-01,9.352974483746254730e-01,8.379790862001246232e-02,6.654664980666754603e-01,8.767565836932829093e-01,8.557458804178568190e-01,7.006028468075695681e-01,5.184371966651656338e-01,4.501394085694055414e-01,4.751490844941818059e-01,7.363509014477310766e-01,4.648316178660857334e-01,5.177063208455265908e-01,9.392623230066651230e-01,9.471673503611621747e-01,7.978866631849375057e-01,8.140203367870648687e-01,9.060318155301929632e-01,2.626927574425054202e-01,6.038263680631691388e-01,8.695511507672298857e-01,7.989868316251891311e-01,4.694328094819574249e-01,4.564271357525441775e-01,2.171634576720487819e-01,6.033381053089863499e-01,7.457297358872474469e-01,5.683884541105701516e-01,5.679391238586278812e-01,3.387319744684729739e-01,7.676712033247746758e-01,4.412568982315480670e-01,3.093725349524593105e-01,7.627032739101389236e-01,7.495854589494268527e-01
8.633563294629787999e-01,6.012445524389584683e-01,8.776768318823244819e-01,8.163868540118266459e-01,8.349837814980605177e-01,0.000000000000000000e+00,5.357781126365187552e-01,5.474453067369164927e-01,5.567647027395363768e-01,9.650099536981879833e-01,9.250072748579747373e-01,2.078616674435155021e-01,8.341101530130726749e-01,9.342059674760504473e-01,6.151285586729265953e-01,7.996736326696742836e-01,1.870446919193697877e-01,6.104738590665822473e-01,4.527192551433041334e-01,9.138574385135431744e-01,7.001282975139093701e-01,4.604173297001821763e-01,7.023112333688327213e-01,2.146133361019000318e-01,2.767862567010148656e-01,9.540964069359884059e-01,8.092480778401938135e-01,5.636273001950232731e-01,2.419137216955815906e-01,6.283439884599497649e-01,3.332199898630831547e-01,7.606086504434955708e-01,7.070213893073770128e-01,4.841851308767251005e-01,6.312215338092106443e-01,2.768774650668776593e-01,4.527970177884551028e-01,6.490501900554788151e-01,9.069101098852926368e-01,9.976589096122592260e-01,2.926724912824656480e-02,6.670220327433538099e-01,7.929315692158542817e-01,7.739469399499084856e-01,9.152587753219642019e-01,9.376215928249399534e-01,7.139366560093685088e-01,6.074758462011452531e-01,4.434237774523591136e-01,7.525382708206207472e-01,5.583193141911215740e-01,3.638249336622103591e-01,6.986937589832636908e-01,6.724299382429536065e-01,9.978321539593604239e-01,7.468379094777592986e-01,4.646902144435109960e-01,8.573869703619924065e-01,9.248777634303346762e-01,9.802886875260150568e-01,4.860874402525015570e-01,5.452390803216076165e-01,9.929388809315458087e-01,9.445194891099291112e-01,8.156782308452656949e-01,7.517077942997528739e-01,3.146841589926779315e-01,9.431572170167931146e-01,6.204356878142825993e-01,8.729491550874598493e-01,9.692721553352591224e-01,7.247330000794669491e-01,4.948625701200252691e-01,4.168675289554292229e-01,8.573987189721377078e-01,7.962920589222521883e-01,4.277073565626181573e-01,2.806676487373471751e-01,8.378179935551204327e-01,5.126987960271462974e-01,7.574392425598461820e-01,6.166059351511952169e-01,8.798253479966363644e-01,6.717813733464181869e-01,8.220529713939794814e-01
6.036766816607853636e-01,3.775781209076821687e-01,8.713917174854769465e-01,9.004365816210208040e-01,6.542518941189572335e-01,5.357781126365187552e-01,0.000000000000000000e+00,8.665164400364185893e-01,6.977169377186278609e-01,8.989144245854554516e-01,3.951106076579570248e-01,1.597903652460023194e-01,6.669015343895668968e-01,8.232104939183491066e-01,6.823064576170324580e-01,2.476113329628453763e-01,6.369791867200800262e-01,4.411020795527731964e-01,6.936297785796278204e-01,9.535014822468104168e-01,6.779561520719302736e-01,3.524087483899353002e-01,4.165327276715485305e-01,7.329761682947668611e-01,9.112264806894093683e-01,7.902331631909785825e-01,6.661483737732826205e-01,7.373229622897342628e-01,4.018916090008833875e-01,5.445596465308760736e-01,5.194831366926605520e-01,6.870520243954931772e-01,7.674020721986624105e-02,2.908594903356773176e-01,4.170789239539952065e-01,3.635995869095362543e-01,-5.505275897753417191e-02,9.844310576330260742e-01,4.927489617449563597e-01,6.699192592674219071e-01,3.669990489265489986e-01,2.729020696180747829e-01,4.083467341275883733e-01,4.379202958297223613e-01,8.656046946285824717e-01,4.804513336344727881e-01,2.238712464805255320e-01,5.422720298908723091e-01,6.704569776198596731e-01,-3.395860687635476882e-02,2.875439540783669146e-01,4.894772166388854928e-01,6.709157303089875457e-01,3.916981881526392928e-01,8.058483912732760102e-01,9.783563734388459610e-01,6.779604824513741912e-01,5.970566938633952159e-01,2.870486229879850026e-01,7.188178864993870487e-01,5.528499879428935282e-01,7.935502017405954289e-01,6.185608824273548523e-01,9.728347846486766759e-01,9.353116026984881204e-01,7.128189529737427588e-01,4.999382397559159474e-01,9.534417318957280063e-01,4.198472614782316481e-01,7.854739034144311294e-01,6.690544400075385534e-01,5.039402044073303388e-01,6.111461770299284751e-02,3.043126108432350208e-01,6.187390534648053997e-01,7.679187967953871041e-01,7.912022823026465534e-01,2.615711342930278072e-01,2.518096865723669087e-01,5.179154559349209430e-01,5.777438304060715790e-01,2.367912795930570691e-01,1.938133075504210046e-01,3.401764358813592626e-01,7.244230285811664727e-01
7.027013746857005971e-01,6.169035601129663204e-01,4.599592489357344771e-01,7.691228890241461613e-01,5.409996459771937438e-01,5.474453067369164927e-01,8.665164400364185893e-01,0.000000000000000000e+00,6.416686262379223127e-01,7.901272436160198254e-01,2.521348370826942409e-01,8.569525945040854520e-01,8.120203170068265308e-01,9.876472806218488110e-01,5.958237879682841687e-01,3.011550068431152472e-01,7.305843517619055039e-01,8.898864245357460678e-01,4.237793385779926036e-01,9.563302676291860482e-01,6.164298153416982728e-01,8.043054996530792089e-02,8.883695905155613026e-01,2.593025535755426048e-01,7.564287203977299034e-01,4.793851862123396090e-01,6.072867851456370536e-01,6.707892920578004681e-01,3.555356496806550970e-01,6.003035215803464997e-02,2.332847172181593265e-01,4.872262017058599515e-01,6.423950158473366034e-01,8.625352044198849599e-01,6.543720875979031071e-01,3.812611378298099707e-01,3.214148756973154719e-01,4.842661952925342295e-02,7.515375357466045347e-01,1.990984376618653018e-01,4.067165690546960533e-01,8.007482131435750272e-01,8.307407445974617222e-01,6.006585460846985969e-01,7.578564845088608948e-01,6.821413993342838600e-01,2.381708897862166718e-01,9.130286015218310736e-01,9.282880568456144399e-01,5.698794137942166937e-01,7.213406218522787627e-01,3.031927050163815140e-01,5.017889180439840668e-01,5.129667347396167365e-01,6.861446555571480976e-01,7.358588883976606709e-01,5.599422587198196188e-01,7.650323250082973203e-01,9.481151686110638188e-01,5.067690404978514307e-01,5.186876942101932286e-01,7.080358111515879793e-01,3.631763527660747393e-01,8.801033860602643921e-01,9.575427598001791107e-01,7.814983621597106911e-01,4.373249104864875281e-01,9.213967423520657007e-01,2.972053527508026205e-01,6.064600000229516397e-01,9.850553233792102015e-01,8.513264874728334597e-01,4.854580597523812380e-02,6.535884738112884840e-01,5.279951073676358853e-01,6.377964547238924586e-01,9.693667109278822913e-01,5.064779309651641359e-01,4.509639462392672216e-01,3.577215426362143624e-01,7.036550846636218104e-01,4.572410219112186813e-01,7.688858978906019104e-01,5.503070634520498272e-01,3.277899297427921965e-01
8.697824315661457639e-01,6.979133568025285284e-01,9.943034254406708516e-01,9.997744532474897028e-01,8.121499184103703195e-01,5.567647027395363768e-01,6.977169377186278609e-01,6.416686262379223127e-01,0.000000000000000000e+00,2.365712166316246146e-01,6.965520581888298146e-01,6.326345077645334491e-01,7.803468808949982627e-01,7.996500471391204679e-01,5.635304304556073562e-01,7.388149215768702316e-01,-1.137369929917433492e-01,4.840286317146332007e-02,4.461146635814654954e-02,8.559967811164720386e-01,7.019322368601729201e-01,7.829413366680781916e-01,5.941682071145840682e-01,6.536231752922223581e-01,8.657150532936948029e-01,7.371748661740503694e-01,4.786276452331431619e-01,5.552525719185484876e-01,5.081011652178750726e-01,7.852028602514792288e-01,4.145474244420431775e-01,5.973498449227561125e-01,6.317500159929609893e-01,6.973061905484697620e-01,7.207791102582503662e-01,3.867148447007627832e-01,3.317167353909254990e-01,3.544086619073736344e-01,9.442585689894096301e-01,8.667114829144313415e-01,6.924438997530901752e-01,5.554589446889989235e-01,9.381739501625935285e-01,6.371876626872404747e-01,8.897098981319773170e-01,4.173871311195623268e-01,4.275694594323236064e-01,1.475381476318617657e-01,6.374579368500803422e-01,7.893473718109366155e-01,5.268320544291764662e-01,4.183276065999058657e-01,4.747505095401949871e-01,8.335010954525469140e-01,6.755503693726124803e-01,4.682724650978290493e-01,2.474240126707417387e-01,6.785557502906607308e-01,8.288223736532494001e-01,5.561860796200016610e-01,5.745348969647050552e-01,1.327565395559933692e-01,9.057227805713734536e-01,2.219876068690014304e-01,8.312380690966125751e-01,3.563168200033229871e-01,3.551158816209548652e-01,8.861561557864249261e-01,5.735445692737271006e-01,5.693371925289194557e-01,8.894175275801505798e-01,7.881798860086334235e-01,5.209577090433175073e-01,6.494717098202936745e-01,8.082362826592699445e-01,7.038278389808101387e-01,9.393097265829557507e-01,7.458896525103482222e-01,3.317837547925915898e-01,2.707220910650883772e-01,5.493810843706429248e-01,9.075606988170161760e-01,8.180985110105104541e-01,7.936943436806636054e-01,6.443058250198612225e-01
8.600127861838500198e-01,9.607827693701078697e-01,8.681856942151157108e-01,7.638493961109200647e-01,6.033358165705953180e-01,9.650099536981879833e-01,8.989144245854554516e-01,7.901272436160198254e-01,2.365712166316246146e-01,0.000000000000000000e+00,6.315113871276872848e-01,9.776808328237264201e-01,2.988522309097400576e-01,7.529312635282402466e-01,3.967308219296071803e-01,6.013934712734065879e-01,7.249916995898595395e-01,5.058234046342420243e-01,8.736493196072230294e-01,8.568646080854531721e-01,8.040275859852560325e-01,8.444314321820548530e-01,9.676836682416128932e-01,8.117007865274636913e-01,6.432381075713471397e-01,4.826571687737228333e-01,7.341973206883202208e-01,9.068405967987182015e-01,4.085281133525507924e-01,7.718012000593925670e-01,5.173858282448760004e-01,5.372445414505928607e-01,7.153289780892834182e-01,8.296254097437858466e-01,7.780200629391101907e-01,5.290038521859351528e-01,4.261942645463208112e-01,2.675270802950996951e-01,5.294276049222105263e-01,4.227060774699639145e-01,7.227931286358497687e-01,9.619977083052063671e-01,7.399949467513236012e-01,6.696289452741855941e-01,9.108987765649545487e-01,8.434705155512047803e-01,2.553657248789045209e-01,9.098803106698852838e-01,1.794994707143275914e-01,6.508276275316742243e-01,6.117061177228243496e-01,1.797645296087682087e-01,6.810076676054469536e-01,4.810841560724343213e-01,8.638017376011800641e-01,9.657963014251869094e-01,7.634723085393321229e-01,9.738794215637083251e-01,6.065295824964042071e-01,2.801794791639669047e-01,5.344377222847240816e-01,8.211320349642595717e-01,7.083319142074233632e-01,8.597715411532211860e-01,9.038403455672627818e-01,9.027613263417775258e-01,1.393287340570077415e-01,8.056635555753042244e-01,9.720498091851841327e-01,4.580038964319890771e-01,8.557290976573604935e-01,8.341256476425623623e-01,5.147663518879220801e-01,4.169511196881606763e-01,4.144394166617655917e-01,8.556890738856692824e-01,4.752304061851174710e-01,9.965192879421711503e-01,4.808959507701197067e-01,-1.883661261890556826e-02,7.332513081487320727e-01,9.656363689034556108e-01,6.852289827836133274e-01,2.984523492155188307e-01,7.549573993180160869e-01
7.288849388104673421e-01,9.002267983495324533e-01,6.718006977420261094e-01,6.568515511726735756e-01,9.836919206310436037e-01,9.250072748579747373e-01,3.951106076579570248e-01,2.521348370826942409e-01,6.965520581888298146e-01,6.315113871276872848e-01,0.000000000000000000e+00,8.151612661460354570e-01,7.946201322288093394e-01,8.539243424947409178e-01,8.315037367163143900e-01,4.114654288591120812e-01,6.242786740119752320e-01,6.774786918016435511e-01,5.056571176306546844e-01,7.666546348963383384e-01,9.958235016590134547e-01,7.271360806864812787e-01,4.924919813576392746e-01,9.170844900743130301e-01,9.634444436736508965e-01,6.582595955313436109e-01,6.155953271731847698e-01,7.020728722512877829e-01,4.914519635141192944e-01,5.533946549605850418e-01,4.954534484608199563e-01,7.826405207377163942e-01,9.103868059814674840e-01,2.010586686528014755e-01,7.240675763103492368e-01,4.923605725188956450e-01,5.760145068928521628e-01,5.800952442585117774e-01,7.478075107514811082e-01,6.192962019298667853e-01,6.017727391888347821e-01,8.874881805148125968e-01,7.258180597047706462e-01,7.346146336807771737e-01,6.895902209997513133e-01,5.528051207741661033e-01,6.600182539268121262e-01,9.114605201923862143e-01,4.516717201699080309e-01,7.827804787764149896e-01,6.634415668861535220e-01,8.846548701963403705e-01,7.502307215582265654e-01,3.798964682112161428e-01,1.020330043687766031e-01,8.239488634897214059e-01,8.174829785030917062e-01,4.973098407137323540e-01,7.477266304378038519e-01,5.951015043996111809e-01,4.459588182881107365e-01,6.832352825988765588e-01,6.329904126195572411e-01,6.699552292488502037e-01,6.111762853622411118e-01,1.554908629428328887e-02,9.866515205896276841e-01,6.695882043355839697e-01,5.013456211635425319e-01,9.650606383365125662e-01,9.819543363137664960e-01,6.238782677899583629e-01,5.224652841394721303e-01,7.250952033417649989e-02,7.076487120926117091e-01,7.409013102635508830e-01,8.721204732676477445e-01,4.816368217491275860e-01,2.518296022077881058e-01,7.964568360586819773e-02,1.881197768922669433e-01,8.956084918184636923e-01,7.335296482672297724e-01,6.377690279727180611e-01,6.348368848748608961e-01
7.857104374656159740e-01,6.870693734540482822e-01,9.620825045821839172e-01,4.535090940362449530e-01,5.351571740517324649e-01,2.078616674435155021e-01,1.597903652460023194e-01,8.569525945040854520e-01,6.326345077645334491e-01,9.776808328237264201e-01,8.151612661460354570e-01,0.000000000000000000e+00,9.429770978158882322e-01,6.336888908176254720e-01,6.069936873015797651e-01,7.383668846637068128e-01,7.737800306820514784e-01,6.790684252161673928e-01,6.905728001875610644e-01,1.269004884731878835e-01,6.053757588860283478e-01,6.397041706265771399e-01,4.051395352568699093e-01,5.635447345398190144e-01,5.583665379749298552e-01,9.995710388075766950e-01,7.334077343162360707e-01,6.860884933679598507e-01,7.874639080480996256e-01,5.150622510548780175e-01,1.142501149493388157e-01,6.418646502400618958e-01,8.452481281706233363e-01,9.431123480752459098e-01,4.558861699507225640e-01,6.160399080148997175e-01,4.931336164995309135e-01,2.127452467947605619e-01,7.337118845402250678e-01,4.779866744998798600e-01,5.642872577848971893e-01,4.112480787312789987e-01,9.099917230656439093e-01,5.309175768127772921e-01,4.614804921388954151e-01,6.213955178125856182e-01,9.670270731964495381e-01,7.441530221925943822e-01,3.228853350218328644e-01,-1.660207618485750047e-01,7.210984957701821463e-01,6.997135800702737329e-01,5.890196228263524514e-01,8.011896375173503948e-01,3.452396546561872226e-01,8.453642359109213578e-01,9.769750599256835644e-01,2.066795672492005576e-01,4.551714425725531532e-01,8.342742156821620902e-01,2.789777517146097563e-01,4.789265712331848279e-01,3.355825650407767702e-01,9.853696589952881668e-01,7.338089539315377774e-01,9.342053431192398616e-01,4.698252257165290713e-01,6.635532761668793134e-01,7.234632073953114473e-01,6.671251087412601866e-01,7.020745543114879084e-01,6.702935616217866599e-01,4.057210323761780146e-01,3.857401873074619569e-01,2.055493143243613263e-01,6.342853930078546920e-01,6.178152402629414341e-01,4.284383003638235765e-01,6.010880844225520159e-01,3.542931711045220755e-01,4.668100902959207987e-01,5.737449437565186328e-01,8.134060035414812928e-01,6.164698616402429776e-01,8.482753286394747461e-01
9.652891583875711223e-01,6.930727163462231388e-01,9.700236982148049414e-01,7.822602327556480439e-01,3.858470615392791681e-01,8.341101530130726749e-01,6.669015343895668968e-01,8.120203170068265308e-01,7.803468808949982627e-01,2.988522309097400576e-01,7.946201322288093394e-01,9.429770978158882322e-01,0.000000000000000000e+00,4.053775947222915121e-01,9.605421957353086349e-01,6.742078428422985104e-01,8.883850824843871896e-01,9.110757053180225107e-01,7.723638610427296936e-01,7.393070294406836052e-01,9.269520593062613445e-01,8.105452743403170901e-01,6.308501924573580721e-01,4.421397645606617854e-01,6.285998074968012217e-01,8.162373089769066059e-01,9.746714279596384589e-01,8.222800091059796479e-01,5.589807247059405126e-01,3.669901411558272875e-01,2.336273067626552513e-01,6.087795721001874050e-01,2.419798177797813921e-01,9.039315449303890748e-01,2.866415571497279435e-01,-9.525712692033740103e-02,1.175639685320772898e-02,7.935574276613551747e-01,5.650533301111164697e-01,8.625904085826843204e-01,6.943893577374704584e-01,9.041965444772686045e-01,9.675518001490273079e-01,8.582101384826589241e-01,8.112084343739058845e-01,6.535411561009720760e-01,9.941683495577571250e-01,7.639977207288813910e-01,5.905565695200950538e-01,8.024530195933429200e-01,9.559208755449749573e-01,7.178538031922548912e-01,9.770284215175675246e-01,5.627642734637505750e-01,8.325704804388576186e-01,6.208654210284505481e-01,2.600507072638692518e-01,8.124585869133669203e-01,9.553060235101031861e-01,7.621689282388981468e-01,1.884201764384678748e-02,5.500487607167126036e-01,3.155273288053555003e-01,9.221050530529592004e-01,7.354017044116843982e-01,7.535921993486767168e-01,7.403383320866072648e-01,8.654663483907737431e-01,6.240728786860996191e-01,6.328985179042294629e-01,2.113304918294792167e-01,2.890712699821322909e-02,7.957169957077318001e-01,4.973649522120558997e-01,5.903259617734374354e-01,9.549616626486032711e-01,7.651895625007263391e-01,9.151632557872713125e-01,3.390914835829698104e-01,3.103802385878586811e-01,4.668782645657978403e-01,8.558899853716057660e-01,5.917864611700345279e-01,7.229824535513798001e-01,9.440082531645737074e-01
7.752453584316842949e-01,6.111029756422101666e-01,7.927334968583334973e-01,4.122962124205492573e-01,8.551674681754155571e-01,9.342059674760504473e-01,8.232104939183491066e-01,9.876472806218488110e-01,7.996500471391204679e-01,7.529312635282402466e-01,8.539243424947409178e-01,6.336888908176254720e-01,4.053775947222915121e-01,0.000000000000000000e+00,6.027581891120339375e-01,8.606201520965034435e-01,8.443213488701786229e-01,9.760563859728621505e-01,9.812047219159955036e-01,8.158111426865204407e-01,8.777861073567722050e-01,4.723064334759201621e-01,3.684880459238231154e-01,9.365722355526856502e-01,4.729600078317760525e-01,8.178235168306832170e-01,6.217472275278336236e-01,4.810133474651235863e-01,2.068475892528229276e-01,9.720240774089139446e-01,2.420708151869517821e-01,6.983651114723266051e-01,9.531815169821765688e-01,7.698528910738148268e-01,5.864782443101341780e-01,7.549006017853284733e-01,3.310878056936095715e-01,6.801710601604423756e-01,6.983737752024220535e-01,4.464021958893291675e-01,2.749744740542066079e-01,6.471919609166564280e-01,7.371212462767999796e-01,3.379452460024398031e-01,9.682631431678586642e-01,8.548808400068272917e-01,4.007090442899939875e-01,9.925660012164201351e-01,6.448292922405107763e-01,9.933212941639664173e-01,7.555653232007136788e-01,3.395919365376238730e-01,6.658394136424132803e-01,4.843369388312916413e-01,6.688207028753941907e-01,6.492782334510991404e-01,7.195872126633517940e-01,4.829062443233764768e-01,9.555493576224236563e-01,4.656720662401384603e-01,6.843591770395099916e-01,5.840147075582771130e-01,7.559596442727782861e-01,7.891135911904139100e-01,7.401627264856008859e-01,8.640252100736565133e-01,8.805399598643023351e-01,6.343244171383302099e-01,5.179153652213666081e-01,3.392926394416678204e-01,9.444240351440438275e-01,7.605382224298807836e-01,3.225357885014346060e-01,4.585090288872677999e-01,3.164908923038214222e-02,2.835756181803776310e-01,3.956052453840253058e-01,5.904426672654142783e-01,5.503026524923320117e-01,5.235272962793634521e-01,2.839836550683944583e-01,1.802086829374129062e-01,7.913626238753751485e-01,7.690580710130908715e-01,6.401558664806688004e-01
7.510427351100132931e-01,9.132054980016385271e-01,9.476651524497987644e-01,3.954281958494672011e-01,5.143681714232276603e-01,6.151285586729265953e-01,6.823064576170324580e-01,5.958237879682841687e-01,5.635304304556073562e-01,3.967308219296071803e-01,8.315037367163143900e-01,6.069936873015797651e-01,9.605421957353086349e-01,6.027581891120339375e-01,0.000000000000000000e+00,2.467476895533272374e-01,9.953784148827423683e-01,8.403677409019482125e-01,8.152566202090948400e-01,9.751122348423578723e-01,2.636230328976945092e-01,5.824609540196792334e-01,7.522172566782687753e-01,2.265454473034381466e-01,6.190498741027602447e-01,6.305483889270809827e-01,6.266985445268369315e-01,9.739706998363120150e-01,7.508116999244612844e-01,2.859541995143677351e-01,4.414595274821004334e-01,7.312895479101230167e-01,3.304414698321313515e-01,3.768415391062055475e-01,6.090574510097276351e-01,4.357665939887815920e-01,2.219257398917148516e-01,7.054127939523320290e-01,8.769476125981654491e-01,7.776874140563891924e-01,6.843044989791463584e-01,7.509059605258592285e-01,7.036356499628075856e-01,6.711927055867037417e-01,8.775627348067081002e-01,4.100664539190952973e-01,6.272541117543637412e-01,3.169686427135295914e-01,9.185453347361055565e-01,6.556151841757469345e-01,8.892073180210930960e-01,6.007750008939967135e-01,8.215768954930128265e-01,3.791053893826840104e-01,6.511853048685838363e-01,8.788244367784507904e-01,5.162199131219432635e-01,8.830852559632988985e-01,7.044036278509284710e-01,6.450491791690767807e-01,7.081852958081150673e-01,6.226665201743055711e-01,4.380389242230800506e-01,9.836567257388022512e-01,9.244932342998545272e-01,7.061236973286788565e-01,4.265240433119407149e-01,8.042738298013442089e-01,4.757339017346858268e-01,9.637076839139046003e-01,9.544046746264825964e-01,7.560435507536655830e-01,6.897711342388177513e-01,7.824581280791061966e-01,2.832351486486670566e-01,5.866347872214753290e-01,5.469292885076455502e-01,1.504839429539061579e-01,6.640118426721641764e-01,3.927416563572772579e-01,9.970178121402678562e-01,7.384950075932340541e-01,8.140556727617297428e-01,6.051826535179338773e-01,2.367221062648560692e-01
8.909111800797762104e-01,-1.870235138983195322e-01,9.141559098672491501e-01,8.477398317659273763e-01,6.368021997935165990e-01,7.996736326696742836e-01,2.476113329628453763e-01,3.011550068431152472e-01,7.388149215768702316e-01,6.013934712734065879e-01,4.114654288591120812e-01,7.383668846637068128e-01,6.742078428422985104e-01,8.606201520965034435e-01,2.467476895533272374e-01,0.000000000000000000e+00,6.951202854765735628e-01,3.119290213404146694e-02,9.051915019142976471e-01,7.710714747186628859e-01,8.916633975765839715e-01,4.029347134903675243e-01,6.693835517379881361e-01,9.272216249931156673e-01,8.776766030535658736e-01,5.717539981604318200e-01,5.750722298049356640e-01,6.481693228728003797e-01,5.707763493887316741e-01,7.127411602386712897e-01,2.071097417724455103e-01,4.273959120790746802e-01,2.692180001824181490e-01,9.531490842774025252e-01,3.567682127139507053e-01,3.776649022558840607e-01,7.712099849746645308e-01,6.579358946422338983e-01,9.167375301752637151e-01,6.108306795020360669e-01,4.695211323033982587e-01,2.727574629285779428e-01,4.426490884416965366e-01,8.589650718004313568e-01,3.238432553703542438e-01,6.245673504713080693e-01,8.777707238860698036e-01,7.965896783881170062e-01,5.335504896240804706e-01,6.789981742771469264e-01,5.389634009397864522e-01,7.408399856768308478e-01,7.221125829659369444e-01,5.069198549090060402e-01,8.781582627905452076e-01,9.877818093697550150e-01,4.056043588799598254e-01,9.734416556210498950e-01,8.387881141848310129e-01,5.222470638778848873e-01,7.693263805468758543e-01,7.318014863307010787e-01,6.073409543859367155e-01,7.572732148799580232e-01,6.230828991481596191e-01,-2.171022430749550425e-01,6.444464874555654310e-01,8.226775571809975540e-01,6.369947060438680975e-01,8.043087421126600134e-01,5.809037663756656533e-01,6.046723839296000991e-01,2.220866508791727312e-01,5.225496711807393613e-01,4.160355094902017381e-01,8.459276511483577732e-01,5.608971108202922551e-01,7.262263689386414534e-01,-1.094820903020146952e-01,4.887060281435044451e-01,4.729984434849606734e-01,5.694829357732252850e-01,4.194226283696586566e-01,4.288400434830285102e-01,8.821958376792699008e-01
9.456733987841240419e-01,5.862306498315825731e-01,8.043340345448378725e-01,9.870288266042015479e-01,6.972835016471472525e-01,1.870446919193697877e-01,6.369791867200800262e-01,7.305843517619055039e-01,-1.137369929917433492e-01,7.249916995898595395e-01,6.242786740119752320e-01,7.737800306820514784e-01,8.883850824843871896e-01,8.443213488701786229e-01,9.953784148827423683e-01,6.951202854765735628e-01,0.000000000000000000e+00,4.671078959359612481e-01,4.653852956517732786e-01,5.385813141879114418e-01,3.764624230281554684e-01,9.841827798542049921e-01,6.427595321598290612e-01,4.414809055464713472e-01,9.719233608626386134e-02,6.301897320264023827e-01,5.731127027399807172e-01,7.176116366613940478e-01,4.418903228085827029e-01,3.043729310802977261e-01,3.236789237146628917e-01,8.203943969047544638e-01,7.543400844345510281e-01,8.395070381058118425e-01,5.785790901189341584e-01,5.515999552532512284e-01,1.014396999352637635e-01,9.934065291977147716e-01,9.371666816406819533e-01,7.727301676740111480e-01,5.465458883599388917e-01,4.455082008789734704e-01,6.561654637597363893e-01,9.499194890912677769e-01,7.405007157174861021e-01,3.284293919145425678e-01,8.015511254351154191e-01,7.516096996181149681e-01,6.555023982804674132e-01,9.077125957894003339e-01,8.616271021899616356e-01,8.652916073998613566e-02,9.148883000462770809e-01,5.941288648874328837e-01,3.115154750805713135e-01,9.230613860667136183e-01,8.740742274568109593e-01,6.596099804941243372e-01,9.159881611389030232e-01,8.639719760253071756e-01,4.216015610813362291e-01,6.153648649446771257e-01,3.464107736218491329e-02,8.604176403119008221e-01,9.550048908448581786e-01,8.775718671450584152e-01,9.462599334658197137e-01,6.317587357365205269e-01,6.997967651685941259e-01,6.427376823079125057e-01,6.619360517080112860e-01,5.868034480316214330e-01,6.324965246392920681e-01,5.992910096057308955e-01,7.371005134872078424e-01,8.053252541825228761e-01,6.135170581655403632e-01,7.130015471474094868e-01,2.657543849210603493e-01,7.469914434729998387e-01,5.960601349599911059e-01,9.784999978881046001e-01,6.643439011240893644e-01,6.270452997894476743e-01,5.207048468528313601e-01
8.705880060227213502e-01,8.383173707097473226e-01,3.110354224122774958e-01,6.276372416641444740e-01,9.256794711201357106e-01,6.104738590665822473e-01,4.411020795527731964e-01,8.898864245357460678e-01,4.840286317146332007e-02,5.058234046342420243e-01,6.774786918016435511e-01,6.790684252161673928e-01,9.110757053180225107e-01,9.760563859728621505e-01,8.403677409019482125e-01,3.119290213404146694e-02,4.671078959359612481e-01,0.000000000000000000e+00,6.759665411292012926e-01,2.609744692344430073e-01,8.404104261992728642e-01,3.257879121450121818e-01,4.787727750500014867e-02,5.853700255978023792e-01,5.011766318799109055e-01,9.493967156023708220e-01,9.983314657281679994e-01,2.599573830321686985e-01,4.405935258758275630e-01,4.094821673553155073e-01,2.499501119036157404e-01,5.375039184926515556e-01,6.266081020436146121e-01,9.222839714594726068e-01,7.098991572351871504e-01,2.138776329083541261e-01,4.669099287995327474e-01,9.773885818374900003e-01,6.905137667383829392e-01,9.440311304771162870e-01,4.160220414215891616e-01,5.862090810715073763e-01,8.397363778580623217e-01,7.334176156540179736e-01,8.871324737984800368e-01,7.264076528714789038e-01,6.282695604736059369e-01,9.361532103578459330e-01,8.987498785563564629e-01,2.603597983086388679e-01,6.955980455594393819e-01,6.617735842248305689e-01,5.004827109631236892e-01,9.689104296596395827e-01,8.579104385415079470e-01,8.874866456322432207e-01,4.117244989784720754e-01,8.886809100479474699e-01,8.788616255136356692e-01,5.638818130838170184e-01,4.589254872906571303e-01,7.124913886847682454e-01,9.012973061724398605e-01,7.023637470020792639e-01,8.542087010707877237e-02,7.190235342270188124e-01,8.915285888709980622e-01,9.908625347877294542e-01,6.536607781584184984e-01,5.767643482617159645e-01,9.572969055392699378e-01,3.896243676687359825e-01,7.850156926283216041e-01,6.906460484597063409e-01,4.865742465898539315e-01,6.759495045690538939e-01,7.053214290817388932e-01,7.670587663726416983e-01,5.429297030095385779e-01,2.529260961011016162e-01,9.976926155445062783e-01,7.589466479271572696e-01,4.945144466278131867e-01,7.997255194652337362e-01,7.065746441955319535e-01
