0.000000000000000000e+00,7.736766236150431908e-01,6.814970749675887118e-01,7.156211941434242885e-01,7.490287009828848763e-01,5.735443410149059229e-01,7.031274576620244465e-01,5.181276723345284996e-01,4.038617458769070967e-01,7.098196057703521911e-01,8.695671106196749545e-01,5.112354392842763939e-01,7.760971656837682975e-01,9.327872959052188051e-01,5.399492423379494976e-01,5.438691063859477648e-01,9.201791502263078071e-01,9.582603221079604161e-01,8.665683052787204188e-01,9.158627309612960010e-01,7.633120352997411207e-01,8.672275063019707630e-01,5.658791729065723031e-01,9.949046217149788429e-01,7.188533149902456287e-01,4.789300572682911872e-01,8.567696538028255482e-01,6.425244229545186148e-01,7.036192296883116981e-01,5.687161174550531273e-01,9.346471500020010759e-02,8.058884189114696728e-01,6.286749330835468275e-01,8.698618122673644759e-01,5.879011989572038299e-01,6.846792320597533399e-01,1.793133312693433734e-01,7.234271931676031775e-01,8.770904824498922947e-01,9.624532943160932774e-01,9.228063230190036714e-01,6.039699045492079588e-01,8.365445703523248788e-01,7.259660329398806011e-01,3.554095287607476061e-01,9.665681638499816763e-01,6.271371418552046384e-01,5.982972878671570793e-01,5.697290208333678496e-01,5.185223580751803230e-01,7.848268264576025999e-01,6.221077173494677925e-01,5.623873728829547058e-01,6.160623042954139761e-01,9.721440723966042752e-01,7.143425243895662469e-01,4.901224933341687962e-01,7.533766110698502105e-01,6.414968001568074341e-01,4.495633961670493228e-01,5.562197745750950828e-01,8.321067359576942435e-01,8.002758363598599933e-01,8.846831011505904563e-01,7.525344782129846921e-01,6.138365089107856720e-01,9.688697695255734654e-01,6.825315749048543879e-01,9.098060261507198154e-01,9.076731216616354958e-01,8.695963383139226899e-01,7.067192270247583119e-01,5.302337624028449214e-01,7.764562784623539882e-01,6.096542850238360067e-01,9.411066124757075935e-01,6.987370257706916332e-01,8.076511114254100177e-01,4.883682626375719926e-01,-5.325415125448604292e-02,5.974072745709055887e-01,6.713159520351953402e-01,8.799466367343359297e-01,1.644780547293794026e-01,6.122780399291845033e-01
7.736766236150431908e-01,0.000000000000000000e+00,7.323661156586983578e-01,4.678121571985746630e-01,6.033533717266578167e-01,6.841231929439886006e-01,4.417697852590593000e-01,2.313790741051796052e-01,4.907331961745627358e-01,2.451628399051088425e-01,7.836710225327967461e-01,4.124686070745890443e-01,5.829135545078503178e-01,7.371372348232687610e-01,8.729310417450852899e-01,7.485259017495002887e-01,6.908933536117360941e-01,7.734244874645732626e-01,7.615196915150894696e-01,4.763184272399141883e-01,6.372857925293555770e-01,5.734642861820187232e-01,3.944374993699473753e-01,5.127376933415049853e-01,6.604105448809189927e-01,9.130860588029207081e-01,6.769475118712345862e-01,7.325662748561339033e-01,8.494618142831312779e-01,5.379506929677230209e-01,1.207375269593595757e-01,3.853016796440699721e-01,6.595334884398078579e-01,8.218548229102560221e-01,9.440039600263756547e-01,6.963449536444126231e-01,6.504863217329327485e-01,3.748110111651291043e-01,9.734707279971286376e-01,9.347285815599108982e-01,4.407266901586658903e-01,7.202536939657748771e-01,6.443180475932590578e-01,6.421439682363097035e-01,5.162274788540445192e-01,5.991224035111759605e-01,4.038485172133243206e-01,7.067339663304147424e-01,9.888924300228391084e-01,5.839407248142214346e-01,7.039053372197238145e-01,6.198040724105962074e-01,9.371608434281970545e-01,3.848173764844269873e-01,9.118460316780155894e-01,5.598054706461500496e-01,7.127386164884849107e-01,2.512279189892514530e-01,6.482231304446144371e-01,5.694635138357871940e-01,7.939112108160693015e-01,4.673417469084669151e-01,8.916698761527859229e-01,6.430765177905632957e-01,6.407315282243535304e-01,7.328209652399340079e-01,9.273985885036200028e-01,9.757284100359319146e-01,6.759338479694195767e-01,6.051266186040384909e-01,8.955327059495440389e-01,5.522561416959430591e-01,7.090599781936961499e-01,2.527956162996410072e-02,6.415523676550717314e-01,6.722299969757473681e-01,8.197839593827566107e-01,7.219449868399547832e-01,3.391678980622135353e-01,3.475967195588302028e-01,9.362928196592964492e-01,8.692128804740989478e-01,8.456159617449675592e-01,5.768373429285532650e-01,8.891297385707693790e-01
6.814970749675887118e-01,7.323661156586983578e-01,0.000000000000000000e+00,7.374853119523506750e-01,6.457808767983828080e-01,7.280516925720227350e-01,9.456901956386591923e-01,8.725655054724136273e-01,6.962935215038926762e-01,8.116191786776999484e-01,8.883728620049461400e-01,5.434480968648560673e-01,7.409729656126530228e-01,8.498065077064458350e-01,6.336137342147339924e-01,9.454785591281821278e-01,6.762785288658559324e-01,7.569468910502560322e-01,8.410164510551794148e-01,7.021888106321818590e-01,9.136199271417098089e-01,8.765187795240531043e-01,6.850992325957367957e-01,6.511235396882747439e-01,8.137340560510081255e-01,4.851849199380694477e-01,9.084818689938936043e-01,7.589787524283682085e-01,5.356661920707268543e-01,7.333518516028403322e-01,3.110348857779435816e-01,8.026693722951364629e-01,-7.912023386015344661e-02,8.038876629136268992e-01,6.233162922357622371e-01,3.306919759900053268e-01,3.652363193987664264e-02,4.625353569344209381e-01,2.262724880438757302e-01,8.212915529831007477e-01,5.622975394476469324e-01,4.479232924407758332e-01,6.019868440166840085e-01,9.634979923231006271e-01,8.459390730695173222e-01,4.063717291188055358e-01,8.482672325929396795e-01,9.990865722549745476e-01,-3.959835320178561879e-02,9.625403506950691579e-01,7.497606575261908102e-01,8.636611101314833894e-01,7.445004618229668081e-01,4.811054156785184444e-01,8.960389971589940439e-01,5.523829985098154260e-01,7.862424109671822814e-01,7.706269410827911726e-01,3.826841832258565113e-01,1.288759046882561321e-01,3.635406777960617508e-01,8.281763331931955019e-01,9.760955148810699367e-01,9.666225446264989918e-01,9.447459808700702233e-01,7.004726539682109010e-01,7.648745871454130096e-01,8.862733490360058530e-01,9.049051400431822323e-01,8.301557441249483027e-01,8.846585856128068581e-01,6.639604584815127220e-02,4.468068499269146066e-01,7.884413587177645510e-01,9.642151555822208175e-01,5.802413950758621430e-01,9.378129059580678772e-01,9.166799586697172986e-01,3.658225620323809490e-01,2.041178325944623118e-01,2.348560890549455105e-01,8.297620423263982747e-01,7.398214807518507241e-01,8.049114931411396334e-01,6.521614580359381685e-01
7.156211941434242885e-01,4.678121571985746630e-01,7.374853119523506750e-01,0.000000000000000000e+00,9.960571901679627915e-01,7.923062180514415243e-01,3.797641717785018578e-01,6.792326209667737258e-01,9.903368413954805050e-01,9.793740775189165859e-01,7.374273128544623912e-01,9.940939714343184352e-01,9.900585680855658044e-01,5.692320723300192675e-01,9.396312556638153346e-01,9.581573528296749576e-01,7.370560554004438325e-01,9.705689148068367134e-01,7.602412521176038496e-01,9.100861327219413877e-01,6.452500748984958401e-01,6.749133410534799982e-01,9.012604984140839548e-01,9.276132377333001777e-01,3.127678934259638943e-01,6.989728162837478553e-01,7.318323944319304886e-01,8.145608987206057749e-01,7.382776803216235528e-01,4.792073109850848445e-01,4.905271403646522255e-01,6.334620948414645403e-01,9.648047116479033791e-01,7.436674201301748388e-01,8.908384393623579589e-01,7.824131239708046470e-01,6.491415804297710757e-02,3.946948550794057153e-01,5.711450701957837550e-01,8.591786285921254596e-01,1.939252968800249388e-01,9.036267537325266552e-01,9.038313455667233987e-01,6.107918558261697939e-01,4.830247174426264833e-01,8.383559866067686883e-01,7.903630336261836531e-01,3.804070750720558447e-01,6.439083782748487028e-01,7.313388722244289486e-01,3.862740594559442853e-01,2.029273635378147644e-01,6.403754909629539860e-01,8.385121960156625143e-01,8.415621750305181115e-01,4.281558460735909732e-01,5.370181967981648707e-01,5.031946849746025130e-01,8.688735317872517960e-01,9.588576503375549898e-01,2.699883401058065791e-01,6.819149880264185892e-01,7.735769469116710040e-01,6.978023871890968177e-01,7.914601902645022058e-01,6.668463294085323900e-01,8.692471117473047348e-01,8.750257492756156052e-01,5.439806575253337551e-01,4.058194577689981930e-01,7.348570094470143754e-01,7.837593666300997075e-01,5.611119324480198234e-01,6.803733698318304990e-01,6.052615401359088265e-01,9.215912541773058075e-01,7.822525405704696677e-01,-6.219883615226515228e-02,4.142482259930209687e-01,1.319045997030664219e-01,5.282420004291749072e-01,8.211446131396306081e-01,7.876378070710589041e-01,3.995394485904039117e-01,9.262785676890997744e-01
7.490287009828848763e-01,6.033533717266578167e-01,6.457808767983828080e-01,9.960571901679627915e-01,0.000000000000000000e+00,6.838157956641516266e-01,6.694670354757041864e-01,7.731685944045812997e-01,9.316747059344248072e-01,9.936035898396067267e-01,1.174462697202969114e-01,5.160216406189233052e-02,7.002078945016082523e-01,7.605116810137533268e-01,4.192941696071406099e-01,7.790427000165784932e-01,5.844145834827266794e-01,4.945129335721231700e-01,7.161108297622889030e-01,8.298766587738495293e-01,7.643497593585599770e-01,6.203153091454215451e-01,8.941742420238497635e-01,4.188799680415144500e-01,6.243407078153510037e-01,8.837727415702882894e-01,7.597773215038600148e-01,6.472928757611358108e-01,7.856514567324980325e-01,5.665424972778653201e-01,1.369899307581932679e-01,7.976489248139897459e-01,8.739673627664588107e-01,9.622942746524574265e-01,9.846375127214372913e-01,3.267379624221367074e-01,1.892380811304798516e-01,6.282668635949452129e-01,9.059890220233094427e-01,7.935751196847657951e-01,4.324194347836447516e-01,4.167313651172930289e-01,9.444318056002843909e-01,8.483472020440592232e-01,8.066971639845134101e-01,7.407459539700416151e-01,9.934187135466148177e-01,8.956721453286832224e-01,6.669760819162109389e-01,6.549358679023415952e-01,6.688537624697259432e-01,6.097411210551041405e-01,6.814215145073293511e-01,8.574107165155745447e-01,8.248955793576092654e-01,9.274006905693001901e-01,4.909719573649100055e-01,9.458167623279699621e-01,8.193176437765630205e-01,4.968778860202247016e-01,5.842154055973546312e-01,1.266573778239139803e-01,2.613401048103506930e-01,6.604279516589993682e-01,9.809711264910575546e-01,4.200736661176911468e-01,7.376510392057331611e-01,6.148320027405920207e-01,4.997651768881355427e-01,7.530754500817002928e-01,7.386515564928454181e-01,6.464023611052580609e-01,4.872917178181679909e-01,4.789800231963993182e-01,3.257760444240116460e-01,9.890508039880021585e-01,9.001606750163111403e-01,6.782180122005057044e-01,-2.326489439687451366e-02,5.090845241607088179e-01,4.526731083951533452e-01,6.231464826662405088e-01,5.536740957738763846e-01,6.638711188818781084e-01,7.917128488819704657e-01
5.735443410149059229e-01,6.841231929439886006e-01,7.280516925720227350e-01,7.923062180514415243e-01,6.838157956641516266e-01,0.000000000000000000e+00,4.088693407720929707e-01,7.932361841936661495e-01,6.598503042661636453e-01,9.632338829974935734e-01,5.297896692193966306e-01,3.228694881490639101e-01,9.666519437975119589e-01,6.952074567902110092e-01,7.950294354315600165e-01,9.661099247191511363e-01,4.611216155790205384e-01,6.712227902503720145e-01,6.111463073137262114e-01,5.939490593081881986e-01,7.700347987222482260e-01,9.734801273243892661e-01,8.438433011236529113e-01,9.616851932745058562e-01,8.100436707582840956e-01,4.896397700536966879e-01,7.451879979212573391e-01,9.968314565498459512e-01,4.528359108468547611e-01,7.896622758180088519e-02,3.922740151097582340e-01,7.033616261043326157e-01,8.116115485727480872e-01,1.316296672328558584e-02,7.908667995896989655e-01,9.495514795905082295e-01,4.020149734452725387e-01,7.214487990928224459e-01,4.959960638393561272e-01,8.978862562311122897e-01,9.410047663775855664e-01,6.509227617083043205e-01,9.977738421178166117e-01,6.679097261328135193e-01,4.851634039408065924e-01,7.114719576766920239e-01,6.047595294793357557e-01,8.877824995239002037e-01,5.378306889841218963e-01,1.731220407055001909e-01,9.425091502260785070e-01,2.009493521996524590e-01,6.531019656054544154e-01,8.362069333458698184e-01,7.087701250835345412e-01,7.337510654941612476e-01,3.546122446731966305e-01,6.534800609978245189e-01,6.108039948916403894e-01,5.116611788360503343e-01,6.136972569614952411e-01,7.081816688132190896e-01,7.347884283823931106e-01,7.495340629267107646e-01,9.499389524705721677e-02,7.836445457550262894e-01,7.959862784803717339e-01,8.874138913152278541e-01,7.742537915035475615e-01,4.049468766349676452e-01,8.869435968084484756e-01,2.501958110891140397e-01,9.921606445403474694e-02,5.147984100098725868e-01,5.310035463434570335e-01,8.862846055075318530e-01,4.332036355551944773e-01,5.618856260431897010e-01,2.795558141081501136e-01,4.595666591412059798e-01,4.829916236537245555e-01,9.589256618461843296e-01,7.891883779216387618e-01,2.309820923516237579e-01,4.477285691046525851e-01
7.031274576620244465e-01,4.417697852590593000e-01,9.456901956386591923e-01,3.797641717785018578e-01,6.694670354757041864e-01,4.088693407720929707e-01,0.000000000000000000e+00,7.967890751045352271e-01,5.893262140160334672e-01,6.871754667560864283e-01,5.062429626238146296e-01,7.445856398327780346e-01,6.914667607253648374e-01,7.064430924368024778e-01,5.559081264223380003e-01,4.231261355939940350e-01,5.030093426087896280e-02,6.935533221534605497e-01,9.062194582985251268e-01,8.882780899794050500e-01,7.466316679794615663e-01,7.430514284838650729e-01,4.300078512201237491e-01,8.778046277344140336e-01,4.158411812655889994e-01,7.732204791006500599e-01,4.455314017729478659e-01,7.097073116190172337e-01,3.733649294221375037e-01,5.573084961234194834e-01,3.620676342479146603e-01,4.866112237782926897e-01,8.925198006718555455e-01,2.719824546009007582e-01,1.537596783629172903e-01,4.015892679828098610e-01,8.381199487123043579e-02,6.550186480160960500e-02,8.551129307522934431e-01,7.945044549111446308e-01,4.598220203737654055e-01,-1.608592452568667897e-01,8.541226927477324482e-01,6.714764995905917466e-01,9.525560105304626823e-01,3.659965866484374830e-01,5.971581589196723883e-01,6.827305460853263508e-01,3.590921132766279888e-01,6.878817571041139223e-01,9.699102933277378158e-01,4.897024009091108243e-01,4.602907689130334434e-01,6.296342459114504519e-01,9.269849502484726056e-01,9.795225213404408215e-01,6.286564125260444280e-01,5.251222768619265846e-01,9.718679480517886660e-01,4.695497890095197691e-01,2.315500872182027214e-01,6.598914770032843213e-01,6.357407230544109833e-01,7.004186136171298704e-01,6.387776734217815999e-01,7.182738812402380546e-01,5.171420938680834078e-01,9.586628628679784159e-01,4.082930838021237574e-01,4.967946504472200986e-02,2.552685569967064749e-01,6.076885355066392880e-02,7.336426892579415160e-01,4.223697516933676566e-01,6.976501880696017732e-01,5.334290484316480674e-01,5.490496043500692203e-01,6.262584597784224272e-01,-1.438022399368160398e-01,3.247723544008953578e-01,4.546993197892255645e-01,6.688266711334438508e-01,7.204337250711024820e-01,1.526098873781229770e-01,3.482974813685376647e-01
5.181276723345284996e-01,2.313790741051796052e-01,8.725655054724136273e-01,6.792326209667737258e-01,7.731685944045812997e-01,7.932361841936661495e-01,7.967890751045352271e-01,0.000000000000000000e+00,4.156432697730811365e-01,4.318293882620769519e-01,3.641215859726776305e-01,6.511105290483074626e-01,9.069158947045747876e-01,4.390722089740500822e-01,4.414143006448709716e-01,4.017550309614676407e-01,8.330546191408666479e-01,8.253838000796215324e-01,5.965587420461243573e-01,7.416373601008037220e-01,9.354016517345905557e-01,4.389582972419967533e-01,2.125962538149898662e-01,6.416509175315394664e-01,4.157373625625735425e-01,2.790224093651791359e-01,6.563792761706912504e-01,4.333249131563587375e-01,5.127974547136906480e-01,5.733282319743853161e-01,5.335806682366587284e-01,4.163138304837457615e-01,4.532496360305824923e-01,7.005425436616568025e-01,9.815762064512909557e-01,4.524393404099702476e-01,3.462310906706270730e-01,7.763937317544447048e-01,8.766825065288512686e-01,1.478220120312037089e-01,5.641377849720581317e-01,5.516641574799190373e-01,8.190667213213682629e-01,4.635258823228929348e-01,7.687706117007777618e-01,9.826845686782412770e-01,5.791201512605875790e-01,7.725724455105879018e-01,2.716095880826155037e-02,6.887159701613720930e-01,6.932308857416442649e-01,7.099797337798063879e-01,7.671074306807430521e-01,7.478794730451849837e-01,7.225491240927615078e-01,8.332617872668980352e-01,3.352249938624146663e-01,5.913476758110691733e-01,9.123785740155520019e-01,4.265793613839592990e-01,4.347711839488420105e-01,5.233184288171942589e-01,4.404234611808604538e-01,5.680458640643120116e-01,9.330779846731369620e-01,3.733995353048299437e-01,3.786903562268745249e-01,6.490026220673555946e-01,7.378880486226869762e-01,4.641496739938442140e-01,6.530071561643397970e-01,3.811241036717185060e-01,2.019074662674055221e-01,4.690900072849351621e-01,9.497004092542707943e-01,9.739507997266092509e-01,6.945882778919451050e-01,6.188226206940530272e-01,7.876674684097675350e-01,3.026256062367249644e-01,8.553468093836219532e-01,6.870212575957848067e-01,8.743001162219764533e-01,5.984124457912235462e-01,6.791819952622580869e-01
4.038617458769070967e-01,4.907331961745627358e-01,6.962935215038926762e-01,9.903368413954805050e-01,9.316747059344248072e-01,6.598503042661636453e-01,5.893262140160334672e-01,4.156432697730811365e-01,0.000000000000000000e+00,5.845128110877466643e-01,7.062464823479260856e-01,9.185972960142533283e-01,7.839720428746779213e-01,6.707518800979157536e-01,1.144416854246866067e-01,9.538655587706323935e-01,4.977599526817552689e-01,2.212461925050337661e-02,6.406538333729110413e-01,9.652406940216086140e-01,7.362361293906034554e-01,9.252053814410834409e-01,7.885746794537329407e-01,6.301722801780805794e-01,7.708861094662655677e-01,6.284366452984180285e-01,8.956273799139005121e-01,7.495235672462363663e-01,4.503304418962976730e-01,4.204359588221820987e-01,7.135425483915185385e-01,5.749126617047120025e-01,7.469328755310411516e-01,5.927855068391518767e-01,7.290993125574761757e-01,6.497942815452482090e-01,4.884885887409325944e-01,5.203848181260010142e-01,8.297971371898162918e-01,8.408947812178136916e-01,3.480199837294806198e-01,3.315141763793239549e-01,9.409122790815485082e-01,8.084733093046221342e-01,7.420048231598952437e-01,7.020051317614300901e-01,9.570352067194707324e-01,1.783705838685295808e-01,8.862026400501998857e-01,7.298881431258440466e-01,9.011119347273672808e-01,4.772000290526090538e-01,8.542146636333707299e-01,6.991643185171332597e-02,4.334006002182290151e-01,7.218041147364055998e-01,2.134541675398166360e-01,3.907268994322177225e-01,8.761017616056213653e-01,6.279528903203464019e-01,4.567987550832314225e-01,7.855472439856392430e-01,8.528116516723820428e-01,9.978348193153959711e-01,9.911050444718250141e-01,4.433626986054270414e-01,9.257963717849715390e-01,4.927172957231573114e-01,4.569679569620464510e-01,9.317432980076401083e-01,8.927824739570618950e-01,9.678308300469222747e-01,8.466157390545987482e-01,4.948082232754413834e-01,2.272411287063958729e-01,8.956279161347613371e-01,9.522668112075293179e-01,6.365671963698900093e-01,2.538637074925128578e-01,1.579810084308321816e-01,3.234164808623331000e-01,4.667770469569658687e-01,6.179687567001292958e-01,4.448852633111476385e-01,9.042799121396868367e-01
7.098196057703521911e-01,2.451628399051088425e-01,8.116191786776999484e-01,9.793740775189165859e-01,9.936035898396067267e-01,9.632338829974935734e-01,6.871754667560864283e-01,4.318293882620769519e-01,5.845128110877466643e-01,0.000000000000000000e+00,8.270301951101417526e-01,3.260883526181141967e-01,6.896062398051117093e-01,7.869724054826698900e-01,3.953394348914925915e-01,9.003901526045117176e-01,9.138785023049565970e-01,8.434124443011323802e-01,8.126208469513583887e-01,8.699059670261976018e-01,3.014456261474307008e-01,7.281784433587400462e-01,9.673980623473903417e-01,8.821765734239441770e-01,5.156878777071745024e-01,9.863254553109683798e-01,7.658455487699068476e-01,6.937649417155373754e-01,2.657626274299441094e-01,3.621162067130740958e-01,3.124442857796267958e-01,7.845953699752157284e-01,3.618104761564253646e-01,6.741881759542043273e-01,5.731632471494747527e-01,6.120556071169446222e-01,2.931766468710783058e-01,2.737059905379581881e-01,9.999026980756167138e-01,8.373702087337888678e-01,3.648326319789105265e-01,4.191902533461350222e-01,2.689357059954063378e-01,7.228150211892959698e-01,5.585549645376657324e-01,6.840388366116765262e-01,6.082320232218861866e-01,8.254336684673146962e-01,6.976515064741583005e-01,6.261637785564224679e-01,6.474485323287444416e-01,8.788469831575893565e-01,6.858306622818187703e-01,3.525400034260310345e-01,6.031146672865976832e-01,8.516711313793700056e-01,7.729125808174297507e-01,7.575438843856588944e-01,9.325681595977800553e-01,6.329017567319026316e-01,5.034430374487415261e-01,6.387689712916070350e-01,9.756542793792483126e-01,7.545280509935703428e-01,8.002268084451353847e-01,8.201555109553402279e-01,6.181771338719458386e-01,9.648485491485861987e-01,7.639355538473054930e-01,8.343194219065365180e-01,7.305421196816694884e-01,6.667597820052125757e-01,4.601242540084081734e-01,8.610737635725291828e-01,7.766711678965825261e-01,6.429142899830048163e-01,8.730872806723306567e-01,2.891371453819451820e-01,7.676142510532575347e-01,3.887196604578441184e-01,4.349363531554498730e-01,7.561381435651597371e-01,9.749203951174337801e-01,3.348728114791026389e-01,6.886582483597787352e-01
8.695671106196749545e-01,7.836710225327967461e-01,8.883728620049461400e-01,7.374273128544623912e-01,1.174462697202969114e-01,5.297896692193966306e-01,5.062429626238146296e-01,3.641215859726776305e-01,7.062464823479260856e-01,8.270301951101417526e-01,0.000000000000000000e+00,6.985632685658775820e-01,7.117030054105401016e-01,6.222891907011950385e-01,7.453687863950458903e-01,7.058137414667631226e-01,5.257253081979725851e-01,5.139823241782878194e-01,8.597313687099049639e-01,9.547861492057765354e-01,9.742839848429272198e-01,8.526871549559281727e-01,5.388044732723191732e-01,6.537354724906577763e-01,4.233723276090770038e-01,6.763936007663632344e-01,9.930151426514007840e-01,2.549953100269993223e-01,2.224708375710420516e-01,5.633138013497029917e-01,7.832661398719614754e-01,3.125078806812712773e-01,5.372988116333436981e-01,6.201872120968305868e-01,9.862483407627574694e-01,3.161347278125288540e-02,7.981499122395385726e-01,4.341974563307020585e-01,8.369561485705149240e-01,7.253471576764396467e-01,6.956031837139289298e-01,7.018861314820391550e-01,1.574465922881362889e-01,7.291524922110943496e-01,9.265603880728239261e-01,9.194091107560640186e-01,7.998518441417745706e-01,9.043094306623454814e-01,7.707277397784598749e-01,8.489433432639917898e-01,9.235703823120298139e-01,9.106557190590353068e-01,6.926771765577157680e-01,1.699110563928290032e-02,5.944165147497508794e-01,6.540749639114062930e-01,7.872648864046263295e-01,6.923371577967727397e-01,6.680040312604886843e-01,5.461950810280525870e-01,5.118865317927812075e-01,5.585609429050069075e-01,6.020199306695949160e-01,7.873792720889067898e-01,8.794552875203259790e-01,8.506577920410051119e-01,6.852236198414293211e-01,6.236308229363158873e-01,5.334409095228558328e-01,7.889967267927627814e-01,9.365035444086721172e-01,4.808328974746221007e-01,5.375239556312532141e-01,6.613553385508895710e-01,6.844605655027864444e-01,9.654224539518960757e-01,6.572772390186986113e-01,4.099911400661083727e-01,4.273806071517136651e-01,3.704900249996764261e-01,5.493561832741822304e-01,9.418143311399576056e-01,7.869432663995497013e-01,9.296916350738509971e-02,7.254359384136235822e-02
5.112354392842763939e-01,4.124686070745890443e-01,5.434480968648560673e-01,9.940939714343184352e-01,5.160216406189233052e-02,3.228694881490639101e-01,7.445856398327780346e-01,6.511105290483074626e-01,9.185972960142533283e-01,3.260883526181141967e-01,6.985632685658775820e-01,0.000000000000000000e+00,6.141178139816420023e-01,7.774224054740146439e-01,8.202662205307243992e-01,6.323210104869185777e-01,9.466965984261870304e-01,5.474387350689424725e-01,4.552749695139677866e-01,6.876455706829237569e-01,6.772733524016988360e-01,6.784534887937532233e-01,7.671235241292315710e-01,8.973360072176059798e-01,6.211782135958467954e-01,1.392356468808281789e-01,8.274332679117913925e-01,6.179534223256054615e-01,-3.149876781423865957e-02,2.764777036878217631e-01,3.050333992681986128e-01,3.989070204368034833e-01,6.453621122561091772e-01,6.120785099985823763e-01,4.495999724273538889e-01,4.043883002690896733e-01,5.517651129327646453e-01,4.884959380377404958e-01,4.390377370878854046e-01,6.089229346161990630e-01,4.973897715006703191e-01,-3.649993232915678121e-01,7.545856458561552849e-01,8.404883571441673640e-01,9.455525320798181532e-01,6.141278784459572870e-01,7.876422055185600124e-01,4.881427018508799343e-01,8.041123657817291770e-01,7.086338613432563438e-01,9.040060802960739883e-01,8.216415593121134675e-01,9.959321961483716956e-01,9.760434834234120727e-01,7.677264799155474329e-01,6.906294874912225490e-01,8.727096252424787481e-01,9.384222354027178525e-01,8.747641157266312639e-01,1.338148555159199976e-02,8.965940711121562767e-01,3.650799442408916295e-01,3.973197108377714004e-01,6.333411864042843842e-01,8.690007663797088000e-01,8.176678851320964281e-01,9.588330822647452845e-01,9.518229645259222993e-01,7.717154132808645706e-01,7.878935513030440596e-01,7.584807234488668559e-01,4.493386170280735947e-01,6.624631706062773517e-01,4.860283161538321850e-01,8.704840905755382163e-01,7.173170783737853329e-01,5.739672504980346535e-01,3.930618336737081719e-01,6.215873175824722097e-01,1.714797218996479966e-01,2.011306658195966823e-01,9.231764316786693625e-01,8.784115906641608573e-01,9.404496802880600581e-02,7.331092431074889282e-01
7.760971656837682975e-01,5.829135545078503178e-01,7.409729656126530228e-01,9.900585680855658044e-01,7.002078945016082523e-01,9.666519437975119589e-01,6.914667607253648374e-01,9.069158947045747876e-01,7.839720428746779213e-01,6.896062398051117093e-01,7.117030054105401016e-01,6.141178139816420023e-01,0.000000000000000000e+00,6.838524252829790706e-01,9.515521699068172357e-01,6.015397288859141156e-01,6.815407696792595837e-01,9.167564876614132663e-01,8.976845610957593369e-01,9.564982972408063722e-01,5.787745079785809876e-01,3.297480336358591391e-01,8.329674809182412432e-01,6.496175714762654207e-01,8.311662275403999267e-01,7.256652940261389961e-01,6.008679755202240846e-01,9.742055445062991481e-01,6.546265675359961289e-01,3.642717833721764165e-01,4.787364825646633348e-01,4.231229012561489866e-01,6.146224819662950978e-01,3.093504266456010288e-01,8.901321091779531569e-01,3.325519405462316058e-01,-7.522563443091395685e-02,9.783725135509262483e-01,7.677010215158663886e-01,6.192607919989114862e-01,7.730022191476356719e-01,8.504870757375854184e-01,9.142140296309514413e-01,8.762132809644426201e-01,2.609993948800443664e-01,7.207074145153211653e-01,3.552625665605145810e-01,8.717243779249254088e-01,7.525604834136748744e-01,9.543567474695052733e-01,8.790349844087080866e-01,8.650090493756180665e-01,8.372432893977572732e-01,9.376891362902511906e-01,4.397203239876334435e-01,8.098687389504489742e-01,7.732920113821738495e-01,4.069189504056935358e-01,8.291285691484803211e-01,3.882205396037959888e-01,3.355854991184310521e-01,4.843027291108344401e-01,2.288139197909233036e-01,6.410431541978969250e-01,6.164635014392101375e-01,8.175284783820377932e-01,9.900697873474925137e-01,8.907531181173896639e-01,2.475875467228119964e-01,8.591936897751174529e-01,9.731743593722443908e-01,6.031086509152193686e-01,5.415889585286555175e-01,4.320270910357871808e-01,6.921432851492540506e-01,4.765835667449114799e-01,4.339873960962192800e-01,9.846557968981645148e-01,3.197643461400474507e-01,4.719015384660499857e-01,5.554853265884979185e-01,8.579274313619061898e-01,9.518290017640911316e-01,6.103972301899448505e-01,6.808417753939617345e-01
9.327872959052188051e-01,7.371372348232687610e-01,8.498065077064458350e-01,5.692320723300192675e-01,7.605116810137533268e-01,6.952074567902110092e-01,7.064430924368024778e-01,4.390722089740500822e-01,6.707518800979157536e-01,7.869724054826698900e-01,6.222891907011950385e-01,7.774224054740146439e-01,6.838524252829790706e-01,0.000000000000000000e+00,8.866171615825696461e-01,8.493886587669632338e-01,9.088713559860776003e-01,4.829287899538369233e-01,7.776711897924132311e-01,8.677151228284025741e-01,5.395101504204886655e-01,5.236331094404729214e-01,5.380454064943325232e-01,5.500108143790840565e-01,4.573697139448198445e-01,3.962510085352796141e-01,3.671914719156109119e-01,4.295274779657954900e-01,5.605703378492029598e-01,4.719226968738026717e-01,3.873323218610159602e-01,5.353334629145766188e-01,6.006463220546502946e-01,7.864700987530399701e-01,2.090628092891280432e-01,5.256820577568637187e-01,7.798058895664381485e-01,1.921689267329927120e-01,7.275191468546480245e-01,6.620948452802879469e-01,6.034788893002394072e-01,3.115920064728159855e-01,6.819544588708290611e-01,3.167949045380132334e-01,-1.450870237256125239e-01,9.710988962786538670e-01,3.943472724947152397e-01,8.908122512019310824e-01,5.960436287007102596e-01,9.163978458519808079e-01,7.478416995767402931e-01,6.304834922643172135e-01,5.355845977773383559e-01,5.770894617797500681e-01,8.293287363958975478e-01,6.119723664422491716e-01,8.308615871647161422e-01,9.308109670308637451e-01,7.572081704566520077e-01,7.723852837206705013e-01,4.306319236661193539e-01,5.772247710380594699e-01,7.889813493110442444e-01,6.418003846205976304e-01,8.372297703749272957e-01,8.078256620528029286e-01,9.573214603966344605e-01,8.874734302731758229e-01,2.115391352866626273e-01,4.239995729001618807e-01,5.974310019512900638e-01,8.783464026328000607e-01,4.227129038375881942e-01,4.592819531081046569e-01,5.358930643525603443e-01,8.139724026733875517e-01,7.682656696197757151e-01,3.688519844761574129e-01,7.554012321141571062e-01,3.707362588359522926e-01,8.578647631463143242e-01,4.028777339891013165e-01,7.177510069898174194e-01,5.202266684456117174e-01,5.495208292523141580e-01
5.399492423379494976e-01,8.729310417450852899e-01,6.336137342147339924e-01,9.396312556638153346e-01,4.192941696071406099e-01,7.950294354315600165e-01,5.559081264223380003e-01,4.414143006448709716e-01,1.144416854246866067e-01,3.953394348914925915e-01,7.453687863950458903e-01,8.202662205307243992e-01,9.515521699068172357e-01,8.866171615825696461e-01,0.000000000000000000e+00,5.090862870857365552e-01,6.598730207438769924e-01,3.037052830583734098e-01,7.653992735931541835e-01,7.257415229531911649e-01,6.498754225937108941e-01,5.815051078566054743e-01,8.231615028211278773e-01,9.310389647333244811e-01,7.874276039006660177e-01,7.181285643367767424e-01,8.728039796512485626e-01,7.576031831022379537e-01,3.355436659929501575e-01,5.305056118986279934e-01,4.213475341919333261e-01,3.762947254550627063e-01,5.505466858389981288e-01,3.089339992047940853e-01,6.521887761740821077e-01,3.281288634378043967e-01,7.244476687561768324e-01,7.240709587698065386e-01,5.540720771966644032e-01,8.059151193939056990e-01,6.387332159309863089e-01,5.126286673843438724e-01,6.830216864729214965e-01,8.093896430844405021e-01,4.448589781375481000e-01,7.122155735846781299e-01,6.991756401774890106e-01,7.375290318560334679e-01,8.857228039823702437e-01,7.100316040392953276e-01,3.134268363820181813e-01,2.257742629402288703e-01,7.489699950200328082e-01,5.931534859630853695e-01,8.764804912386534586e-01,8.074597054004383212e-01,6.946267606313041298e-01,6.734419847195500797e-01,6.649987395414609370e-01,5.622801403136028497e-01,4.543391479715089276e-01,2.690038166872891767e-01,9.451272761734997863e-01,7.584618873040019915e-01,4.959958735253761630e-01,7.616129919543274118e-01,9.850118830917858892e-01,8.372692529555026963e-01,4.913171637850051454e-02,4.130236423168021642e-01,8.934900512016626939e-01,4.134422433721133827e-01,5.792019096329529271e-01,9.321894888861186335e-01,8.435033724552876144e-01,5.983823822226387312e-01,8.807247602719403545e-01,2.451089912637671175e-01,7.326199283519662098e-01,4.461564226501483765e-01,5.038038548591332599e-01,9.735682336366670020e-01,9.026599222476506812e-01,9.335410088442526177e-01,7.543268491184921265e-01
5.438691063859477648e-01,7.485259017495002887e-01,9.454785591281821278e-01,9.581573528296749576e-01,7.790427000165784932e-01,9.661099247191511363e-01,4.231261355939940350e-01,4.017550309614676407e-01,9.538655587706323935e-01,9.003901526045117176e-01,7.058137414667631226e-01,6.323210104869185777e-01,6.015397288859141156e-01,8.493886587669632338e-01,5.090862870857365552e-01,0.000000000000000000e+00,9.847270014483668898e-01,5.778454944589078712e-01,8.105894976347822745e-01,9.230778282612632779e-01,8.738487116416573386e-01,9.986787158401126963e-01,8.305102220728087792e-01,7.881686290719346066e-02,7.713637142864487872e-01,7.084184407129768823e-01,7.750497245337306662e-01,6.967042075522802413e-01,4.051699888613327638e-01,4.585685169660161375e-01,6.091372942292012649e-01,3.385492897115975341e-01,7.021129419276396222e-01,9.370769809043882903e-01,2.350035234085028901e-01,7.943339208768966930e-01,1.211044990091980633e-01,7.185760533020584262e-01,3.083159742791165003e-01,9.330132201221921218e-01,5.044501538919761163e-01,4.661122740397816711e-01,6.889391693790760662e-01,3.463872726523370416e-01,3.174378800396084888e-01,-1.473155763896014103e-01,8.717905574933986212e-01,3.629469269256634378e-01,7.288437577166149151e-01,7.316888359394898567e-01,7.075744752453099196e-01,8.486095943351793514e-01,7.195666047255946385e-01,2.505667648791168878e-01,8.568521481236086590e-01,6.225338186180557898e-01,6.038320734850501914e-01,3.326885947449659264e-01,6.353089011387780261e-01,3.072974959341698287e-01,5.660612108199839509e-01,5.782462356200220865e-01,5.569837791961764761e-01,6.009125270844600797e-01,8.207844282422023241e-01,3.909030355751744734e-01,9.196383029077274118e-01,7.023033482669145400e-01,4.383898382044034703e-01,9.964704808320719032e-01,8.349509432417189236e-01,7.357263894323148312e-01,3.350516424298771723e-01,1.390157740801112318e-01,9.260585855620311335e-01,4.985604901867792815e-01,2.390696566825042946e-01,9.927482920559849155e-01,3.369269952759477160e-01,3.405831202436298000e-01,6.720864122861129886e-01,1.111961187357806691e-01,8.137874342475779343e-01,4.666909792604093665e-01,7.928466705428681705e-01
9.201791502263078071e-01,6.908933536117360941e-01,6.762785288658559324e-01,7.370560554004438325e-01,5.844145834827266794e-01,4.611216155790205384e-01,5.030093426087896280e-02,8.330546191408666479e-01,4.977599526817552689e-01,9.138785023049565970e-01,5.257253081979725851e-01,9.466965984261870304e-01,6.815407696792595837e-01,9.088713559860776003e-01,6.598730207438769924e-01,9.847270014483668898e-01,0.000000000000000000e+00,9.512672299422185729e-01,8.845318298091424669e-01,7.073333132146119029e-01,5.430561223604591925e-01,3.904130423305245401e-01,8.115912092161808866e-01,9.874909622196093029e-01,3.338797669202645535e-01,7.437512960508654292e-01,8.574637149653465684e-01,7.659605366107993252e-01,-9.723405908385697460e-02,5.617565529779865452e-01,5.384034845845189210e-01,6.147374927926285704e-01,6.393835364173783287e-01,6.727164748334651945e-01,9.562737514131189887e-01,2.867018390877442147e-01,3.129637982855940082e-01,9.972813825196359394e-01,7.321281351680846150e-01,8.444932139030608687e-01,4.475387931213665738e-01,5.800466806450317314e-01,8.907794296547243418e-01,8.901888462853270179e-01,7.413545993274097690e-01,6.689984593932006840e-01,6.582308630259197102e-01,8.286842890117515070e-01,4.008188688570581970e-01,5.159827021594265428e-01,9.072271331291097418e-01,6.198234581396189213e-01,8.639945703230197394e-01,9.186497468514482900e-01,6.157260564062242425e-01,6.400363551209127255e-01,6.948174228854997470e-01,9.888717274022169601e-01,3.613741337822501398e-01,6.645589524365422829e-01,5.532545977290600492e-01,9.010574933193530311e-01,9.482728453499766896e-01,8.023011998484924634e-01,4.354607601008263496e-01,5.562963589224494410e-01,8.725136436321450084e-01,9.652729581177306173e-01,4.975119806133763700e-01,8.780685774715585312e-01,6.144982833784856657e-01,6.045427716681580632e-01,9.682898908710058095e-02,3.590075375864126839e-01,4.252287661088446358e-01,9.668168573854232228e-01,8.051247413510669304e-01,7.980420551824357611e-01,8.657704106304840719e-02,5.689242331571988665e-01,7.016332790116726059e-01,6.058694059927789421e-01,5.112931406492798869e-01,2.567619603603080169e-01,9.363898365298394255e-01
9.582603221079604161e-01,7.734244874645732626e-01,7.569468910502560322e-01,9.705689148068367134e-01,4.945129335721231700e-01,6.712227902503720145e-01,6.935533221534605497e-01,8.253838000796215324e-01,2.212461925050337661e-02,8.434124443011323802e-01,5.139823241782878194e-01,5.474387350689424725e-01,9.167564876614132663e-01,4.829287899538369233e-01,3.037052830583734098e-01,5.778454944589078712e-01,9.512672299422185729e-01,0.000000000000000000e+00,5.286412251806329454e-01,6.724869770586896500e-01,8.932435124511682867e-01,5.619683846134103655e-01,7.329818652582379412e-01,8.948110149140349190e-01,7.116756902796688156e-01,5.243809261927131482e-01,9.419668936484727473e-01,8.821485857891556703e-01,2.967699711831957021e-01,9.258151384927226779e-02,3.095415288092215333e-01,9.522426794434888375e-01,2.724904847216478854e-01,6.141388554465376792e-01,6.507741232541996990e-01,6.584815970823272302e-01,-1.218501622110435140e-01,8.817610640496713614e-01,9.844534006546135085e-01,2.330920677903771110e-01,7.983485793037794487e-01,7.549956419574164190e-01,6.003348460758317628e-01,6.884756531702291849e-01,6.819309885452562447e-01,4.087378034244228964e-01,2.097415401206866037e-01,8.051857508706748989e-01,8.616798414358172176e-01,6.105318045797467619e-01,7.871681302277360182e-01,1.612824383515478188e-01,8.137058924883707745e-01,3.914008025364489329e-01,8.178386313283642073e-01,5.800372302616155773e-01,2.796340864994483755e-01,6.577088651111907547e-01,7.005173363642198670e-01,5.987368940281831975e-01,7.494276148593706499e-02,8.024643158708836266e-01,7.479894192362617211e-01,6.012248521030643111e-01,9.223072360849781104e-01,4.499052128274544926e-01,4.357206337694043419e-01,9.678671316031747240e-01,3.914291351006201070e-01,9.438755186158839239e-01,6.853819219301547916e-01,4.196249739021311598e-01,4.453911473834396006e-02,7.750243082861382193e-01,4.014655758367017269e-01,7.205513113588257745e-01,5.235789205547002334e-01,6.658386286851946112e-01,6.956387857199770597e-01,5.794564482125194038e-01,5.713191645143521624e-01,8.451220956168274956e-01,8.169946196413814254e-01,4.045587013095892082e-01,1.262905387253019651e-01
