0.000000000000000000e+00,6.064351092429123291e-01,8.440764348004432538e-01,7.886897984312377652e-01,9.335480258751993610e-01,9.920755418979714246e-01,8.566443729499156889e-01,8.219516176152580345e-02,4.518209324168572238e-01,8.863083054404284900e-01,4.847464612135972684e-01,8.479602032762590946e-01,5.702191569299208673e-01,8.003963391303466901e-01,3.561225714288127064e-01,8.863696105225093991e-01,8.907448260189376743e-01,7.350023078968250800e-01,8.104305954830138825e-01,6.523009629888099070e-01,6.974059882719996217e-01,7.558276773722636399e-01,4.402389932680352835e-01,7.177395870527317756e-01,6.567006601009012234e-01,8.901116848615566735e-01,7.819798503183612581e-01,6.509603701474997450e-01,1.862476662015235540e-01,3.495544678013604578e-01,4.414490751405657915e-02,8.623653624670963858e-01,6.994865327363790630e-01,8.138653929077959148e-01,3.015525531161337702e-01,3.993860171475206444e-01,1.987214645280915570e-01,8.833689843099538086e-01,8.701837038154679460e-01,8.851022286561589514e-01,2.042429128043593278e-01,8.949330531197960958e-01,6.925631673373421338e-01,9.731861585800174463e-01,5.120201289448194082e-01,8.277930608523156319e-01,9.389173446322096606e-01,8.706463968237075912e-01,8.536252950134541884e-01,8.136952307146186891e-01,8.023695500456101692e-01,5.966832414175955446e-01,7.247624873784573873e-01,2.265850708659876978e-01,6.774554282783461501e-01,8.930178634479396527e-01,8.358052658271082347e-01,9.902604802038939003e-01,4.359556656389307339e-01,5.484461918501497557e-01,1.376019286678125397e-01,9.497625003089281703e-01,9.809647569350619101e-01,8.542611367885356577e-01,7.314606756320962688e-01,7.712168239819310323e-01,9.224871344433420717e-01,8.160628603270725367e-01,5.113852495405810661e-01,5.388770243662495407e-02,6.573436240405570175e-01,6.766453678207030586e-01,5.266532954956083534e-01,3.377138263377568034e-02,2.433073448267693561e-01,6.423741033282940327e-01,7.893492737659277836e-01,9.903963262477937235e-01,2.026834864438945838e-01,5.800633007049071921e-01,6.846377294624538257e-01,8.660917147570363905e-01,6.368230899662821187e-01,8.180416655626253641e-01,6.276385573477442081e-01
6.064351092429123291e-01,0.000000000000000000e+00,9.015459214163821233e-01,5.362939268951265603e-01,4.642947051803037462e-01,3.639708942311797868e-01,1.992576573207214402e-02,4.479247091521870727e-01,1.666161311748697305e-01,6.083199683625619691e-01,2.581071981843504060e-01,6.547679469812113240e-01,8.217419097917842974e-01,5.539228712816303135e-01,2.173191948908839155e-01,6.263092079461476391e-01,6.996225435800496051e-01,8.218658201362580851e-01,6.251307316647306545e-01,8.404915820330132181e-01,9.051849281024135774e-01,7.524713718651530048e-01,2.938940059849681763e-01,3.909912697777337964e-01,7.558390839742635814e-01,9.082953675804301685e-01,8.669751252638844274e-01,4.558885092366001812e-01,2.979190420929037630e-01,9.592668699436589508e-01,3.039258854051780645e-01,7.487873513792924207e-01,2.993056638297719174e-01,8.089072656731443045e-01,7.627379415437579580e-01,4.139659790747002854e-01,1.470969356118999316e-01,4.885797267515665232e-01,9.666245462410345546e-01,8.277616552026201280e-01,2.849946448548205669e-01,4.334715881388401248e-01,8.625878837452668479e-01,1.669633766260344709e-01,6.199604372718700018e-01,6.928183750391048168e-01,7.415027424295466130e-01,6.191731249984611107e-01,6.065907296754792233e-01,3.353963776999938640e-01,5.311781434326977580e-01,7.373913833635041826e-01,9.482482316265614664e-01,7.767323313060267020e-01,9.366051734943539042e-01,9.698334779182873344e-01,4.996984249394923472e-01,4.924008753792744053e-01,4.214266922926784842e-01,4.065602068569558192e-01,2.575657043478692398e-01,2.317849744822642333e-01,3.314657545588237664e-01,4.381140921470557115e-01,8.662767670438428214e-01,6.437911580971074077e-01,6.039990322042295690e-01,8.250744348390814942e-01,5.398789970706727726e-01,5.002228437935578587e-01,7.872055276149675374e-01,6.539567932674384965e-01,6.246958484419039559e-01,7.929318902439785877e-01,2.568542761758978443e-01,7.407537629231571996e-01,9.629622689813202019e-01,4.120095138753975261e-01,4.048409661471415455e-01,5.942020534238274809e-01,9.442666152641780997e-01,6.841142128163382186e-01,7.746884515726972786e-01,4.996602589476096257e-01,7.540830195035227446e-01
8.440764348004432538e-01,9.015459214163821233e-01,0.000000000000000000e+00,8.199330205895662971e-01,7.881990697599012829e-01,7.814327811233866550e-01,8.847437334104583107e-01,8.839524337492180583e-01,5.529548523562922702e-01,8.076519582342638337e-01,9.985984823014986134e-01,7.872993579090354910e-01,7.604901093948903679e-01,6.843777193983581197e-01,9.895639693293110106e-01,9.334227706351582166e-01,9.562318936208837883e-01,9.619020433275089488e-01,8.886158371471061246e-01,8.275637317024929773e-01,8.045050023200820410e-01,6.744809577956126789e-01,9.147139457237741800e-01,9.706433878703715212e-01,8.653897807176331725e-01,8.854370450943724880e-01,3.512166295908208946e-01,5.731631198390446658e-01,5.254859322539884303e-01,4.844278241033623811e-01,3.165021859319423481e-01,9.343372122179058881e-01,8.722883473115911057e-01,8.680380302048015251e-01,6.596810519756257651e-01,1.110458491619476240e-01,2.968270471131553845e-01,8.786185741259073811e-01,8.638860971645854203e-01,5.482216513392279555e-01,3.933083648250562669e-01,8.859085110670357199e-01,4.757830734437971110e-01,6.280581272056501296e-01,7.862812121266324894e-01,7.186830929043067639e-01,8.648633128413119042e-01,8.882989633996288825e-01,7.416733691856283173e-01,5.359570988394520841e-01,9.454922337723312697e-01,8.994171933533783303e-01,8.242975026764551849e-01,9.198201737997282468e-01,2.838879929583776884e-01,3.821790586746866003e-01,8.181358467123700517e-01,8.753141106441868491e-01,9.574637011136916120e-01,4.387796058342922634e-01,3.830841452373929812e-01,5.669240846927670052e-01,9.278371912821016254e-01,8.315196646121113533e-01,9.088047585151014518e-01,9.904311180839651119e-01,2.006340403679341411e-01,9.360147363564369494e-01,4.885002895575380477e-01,8.709660166876407317e-01,9.009546893437120341e-01,9.224740366506981037e-02,6.231525423469307379e-01,7.447388385845815639e-01,9.783892185316068746e-01,6.477613765309513383e-01,7.840162022686051335e-01,8.377609374579263468e-01,5.275787987333715456e-01,6.895719392186755448e-01,8.814393516962112374e-01,7.514709492336911767e-01,8.290876474481491121e-01,8.679420965295833179e-01,9.186975581262996071e-01
7.886897984312377652e-01,5.362939268951265603e-01,8.199330205895662971e-01,0.000000000000000000e+00,8.905218996909874951e-01,7.085721279153038843e-01,8.773559126416117238e-01,7.039607961849708717e-01,1.925912734228783091e-02,3.669165399416397522e-01,9.969087942064199792e-01,4.544176453417141381e-01,2.091038548394062446e-01,6.114763898772197503e-01,9.464105407673936154e-01,6.051556639809224647e-01,8.759050459127902810e-01,9.130532416758111447e-01,9.009579408092635022e-01,9.907265306748616052e-01,9.954356504205973399e-01,8.944496991869635982e-01,9.562383562216818511e-01,9.896077025539855576e-01,7.167372108467066072e-01,6.772076719227074770e-01,7.758132446295826767e-01,7.888452561996619483e-01,3.189271909701307250e-01,5.110020722219150713e-01,5.531154683997114851e-01,5.910785493719821204e-01,7.745154551260334808e-01,8.148733314599155841e-01,7.281958377409931682e-01,1.686181995775815901e-01,1.563253237476039045e-02,4.957975846972642597e-01,4.104592671690864836e-01,5.801930160655688340e-01,7.257873441151798666e-01,9.586559769520969221e-01,9.459564354035864264e-01,7.424965485740970816e-01,8.749077696469020893e-01,3.846249763463055471e-01,8.747271121283767270e-01,9.049954260946011519e-01,7.172024374906768029e-01,3.602991282122627315e-01,5.665680813149609474e-01,7.105257019700453869e-01,7.488790385313723874e-01,9.364295315577080281e-01,6.139289261618173787e-01,8.235754724385270231e-01,9.853791118938790561e-01,9.118827899918380275e-01,8.615027410138655917e-01,2.146849000333502788e-01,5.425490461898132555e-01,7.819975295496246481e-01,6.168995110473101118e-01,8.931107050592440588e-01,8.813517766571711265e-01,8.313765318000502225e-01,9.877887347158980091e-01,7.399513314652741425e-01,6.445274647878648233e-01,9.397709120039171582e-01,9.299400325458596628e-01,5.180702091600352110e-01,5.676913943356306502e-01,7.294030849839124864e-01,8.399073064149875645e-01,7.425089708136209943e-01,6.208285859157437470e-01,7.235368350155908512e-01,3.216845996611912284e-01,2.103821308316977390e-01,6.210995244167086815e-01,6.941154415894958962e-01,4.260276001060292472e-01,5.992491743127503767e-01,5.918177191640596746e-01
9.335480258751993610e-01,4.642947051803037462e-01,7.881990697599012829e-01,8.905218996909874951e-01,0.000000000000000000e+00,9.967807477791778004e-01,3.940543089853614650e-02,9.592284437487101911e-01,4.062526564974298648e-01,3.086538431569251784e-01,7.508180653824619855e-01,7.612305357513295956e-01,6.450434961431441572e-01,4.662062187677815661e-01,1.169617393760856161e-01,2.783400386873384827e-02,8.022893647893027946e-01,9.102945833848370416e-01,8.902929221918376435e-01,7.681842145145922895e-01,5.173084430405531231e-01,6.295718044840777905e-01,7.400761507399518102e-01,6.619654824896072931e-01,6.094762834900958604e-01,6.978331762442425701e-01,9.625374052742075026e-01,6.366322785648717009e-01,6.146711197848343522e-01,3.219955462387960599e-01,7.110990389447572335e-01,7.824157682523520396e-01,8.534167007081033818e-01,2.824387449263220384e-01,7.214688707272056689e-01,4.487075277571137000e-01,3.281289374753871835e-01,5.692820586722761034e-01,7.390501569957075301e-01,9.640303862824658454e-01,7.611035083085937458e-01,6.246738183397169131e-01,8.836308642472986419e-01,6.853894005644073362e-01,-6.028177034127779610e-04,6.285144637511862475e-01,6.430262319424242534e-01,8.568390891489325867e-01,5.062156618542572595e-01,6.877507764068137019e-01,8.020393701603826253e-01,4.613888269895580763e-01,7.215661900144479945e-01,3.815420775390111485e-01,4.711196827301204482e-01,6.265015840523153745e-01,8.565043820679959508e-01,9.073032102533388210e-01,6.475438571317333469e-01,3.046919045378549407e-01,5.483519531166455296e-01,5.411239450437431708e-01,7.416384764421973808e-01,7.028139716828856187e-01,9.088594652684522934e-01,5.951218621965465028e-01,2.459449314966633549e-01,7.368404059293043318e-01,4.376657601539126752e-01,7.974050368478482476e-01,3.585046296204756899e-01,6.241080423654166154e-01,5.399623116839954440e-01,5.704755457987166212e-01,5.444484005692089568e-01,6.016593799330549608e-01,5.894096861511610719e-01,7.851983689912653830e-01,6.584526511138045768e-01,5.892592031319098256e-01,4.785655295147748234e-01,8.534357398069560841e-01,7.021395205775395887e-01,7.508963522136523350e-02,5.430462685709160908e-01
9.920755418979714246e-01,3.639708942311797868e-01,7.814327811233866550e-01,7.085721279153038843e-01,9.967807477791778004e-01,0.000000000000000000e+00,7.392566922600795065e-01,9.348134859681962450e-01,7.198961066873600378e-01,7.939037112670279672e-01,7.074251532429017830e-01,4.162420143246897131e-01,8.560872764616462849e-01,6.842637766685214507e-01,7.995730833825189787e-01,8.101293511754619203e-01,8.303902210464859657e-01,8.413763389779138624e-01,8.472812967699223652e-01,6.849922294077649410e-01,8.126023842087604088e-01,2.570148277380165380e-01,8.641736173231999718e-01,4.827557682325237520e-01,4.386171344077838818e-01,1.675892373762972176e-01,5.517650882047013816e-01,9.750278874989826150e-01,8.696104761656404669e-01,-1.073287922289497542e-01,5.777933863533442072e-01,5.836100896966867069e-01,6.740192962755818806e-01,4.916319028213750886e-01,8.840228951073387798e-01,7.150682127833701829e-01,5.748110008003269877e-01,4.603467595887505981e-01,3.242688920958102794e-01,5.865478403124908535e-01,5.853757391567321333e-01,8.630383895769876412e-01,7.234526789533297642e-01,9.436743336554913597e-01,8.280376180100843531e-01,9.684266545400687098e-01,7.381988587153920367e-01,8.989951283630669421e-01,6.842026515843301349e-01,-8.863156378178942141e-02,9.664132142406489656e-01,8.488793742249871599e-01,9.043961425598453507e-01,6.333167699154574892e-01,7.067926236348323066e-01,4.467636220701676764e-01,8.972628463036819157e-01,8.667227472851932735e-01,7.535497324619910842e-01,3.462349711502948901e-01,6.538127682229535331e-01,6.166922545386321897e-01,4.835694791541148563e-01,8.962044819380977634e-01,5.711122651553331986e-01,7.023200974463912338e-01,5.930001221073163409e-01,8.330792934028079522e-01,5.337599164217918801e-01,8.092254206803272121e-01,5.462342339832692018e-01,7.554314712295306933e-01,5.978973068776961552e-01,5.060804350961527476e-01,8.791122974004509372e-01,7.417578852782192866e-01,8.484619716197940864e-01,8.461673229169538457e-01,2.707619178215927014e-01,7.775644461803964402e-01,5.546476961518379545e-01,6.184728205991246730e-01,9.459128609929141618e-01,6.199221698750803644e-02,6.643832257248450945e-01
8.566443729499156889e-01,1.992576573207214402e-02,8.847437334104583107e-01,8.773559126416117238e-01,3.940543089853614650e-02,7.392566922600795065e-01,0.000000000000000000e+00,7.657636756313190851e-01,3.241031810208778730e-01,7.402086183145659692e-01,7.470571610630524217e-01,3.273419020400629154e-01,7.935782317152069165e-01,7.007661176671805547e-01,6.223510834439790473e-01,1.858539023483252173e-01,3.196014686578370345e-02,7.448395755856113132e-01,6.053967687819281629e-01,4.039851939292545824e-01,6.149524415102443076e-01,5.941821253709146378e-01,6.741133321554372282e-01,6.602495896229193528e-01,2.916347218719978485e-01,5.061365733239617803e-01,3.781476934841663251e-01,6.679194266408633451e-01,4.028744813164240601e-01,7.459973187293210684e-01,3.561231158891437487e-01,2.336403874818368254e-01,6.083546386281512008e-01,4.676388902477669474e-01,5.400210275321630782e-01,6.495984491260707872e-01,2.280106041027209762e-01,1.389339917556887127e-01,2.497149915337198434e-01,6.830773005788891572e-01,4.740804198904708389e-01,3.757631500708634165e-01,9.384291636005501758e-01,4.549314659736485855e-01,8.046336534736281410e-01,4.126922714391490499e-01,6.644436490147738184e-01,3.312836179457627206e-01,5.502622768236238304e-01,6.897122010678083948e-01,3.822473158557512241e-01,7.429893590829511618e-01,1.748583979495443906e-03,1.371043919668562816e-01,7.966944397706160474e-01,5.387366861052741429e-01,5.656896867232653614e-01,8.820201479530298538e-01,7.251682660332435804e-01,3.383889538498129346e-01,4.211630215343884487e-01,9.276425603342793869e-01,8.109860433152283887e-01,9.899917692248390022e-01,7.839259355970619181e-01,6.285977831933421411e-01,2.116864659849509445e-01,5.999762183688805983e-01,1.638517997952129157e-01,6.690906337297520823e-01,2.374244129673140080e-01,4.768067617686959636e-01,3.646616377124862751e-01,5.809185824494969008e-01,6.151698102926835832e-01,9.727112359986703760e-01,3.539702199644014780e-01,3.178310716312947592e-01,3.004470093527691343e-01,3.962981892132335648e-01,8.350016229367251963e-01,4.195781292447937627e-01,6.792818049685233062e-01,7.947003941277268613e-01,2.875989977171634071e-01
8.219516176152580345e-02,4.479247091521870727e-01,8.839524337492180583e-01,7.039607961849708717e-01,9.592284437487101911e-01,9.348134859681962450e-01,7.657636756313190851e-01,0.000000000000000000e+00,2.932833190872280449e-01,7.512361442112969190e-01,6.339670299200177439e-01,8.088060669154760740e-01,8.124936949170474820e-01,6.825083293099630799e-01,-1.733676822834532560e-01,4.572110986005697431e-01,5.392191994025238300e-01,6.548906811009337359e-01,5.750638627764151911e-01,6.332514994193114699e-01,8.110767740034964257e-01,7.016657573221718458e-01,6.024652687688050179e-01,9.863180997481824086e-01,7.543386742476922979e-01,2.145679852482432759e-01,6.284569638307819783e-01,7.727648034291405565e-01,7.159857977222173764e-01,7.310449249577234410e-01,4.033069729398722769e-01,6.067937453557064043e-01,4.308552269872702456e-01,7.045833412932369644e-01,7.514308642008231676e-01,7.295313510496359566e-01,5.564806889414760649e-01,3.327993694928148560e-01,8.900395776301746054e-01,5.246764665646095338e-01,7.809928778351177270e-01,4.212774664262930457e-01,8.797262591092582795e-01,4.457449701934022568e-01,4.665723093004972566e-02,4.009057070732349182e-01,7.968469513084130984e-01,6.957954172761248168e-01,4.418392350319820250e-01,5.701407925968320356e-01,9.746729124330765215e-01,7.257222805791717635e-01,7.828545193913891698e-01,7.237302937939723568e-01,8.140562649883957835e-01,2.342702976562021921e-01,5.361931961900142651e-01,3.424465747746791022e-01,1.426988773620074258e-01,7.035148150618839580e-01,7.192902167765153898e-01,7.278996121898818616e-01,6.077856426657745059e-01,8.399647904911475838e-01,6.657618614916795963e-01,4.029642095000280921e-01,7.730536288730793792e-01,8.848735508221204915e-01,7.563193232308437208e-01,7.961579181250122428e-01,7.792812763620551308e-01,5.530014446752051782e-01,4.136398035956633246e-01,4.902670184436903056e-01,6.948757174806390324e-01,9.915326319440588287e-01,7.063417707387321665e-01,4.262871832029875296e-01,7.734798724279785542e-01,5.428778522876773899e-02,7.670279586578393483e-01,9.638261706902871984e-01,8.654607350670746602e-01,7.920148220301324038e-01,4.860931814246438054e-01
4.518209324168572238e-01,1.666161311748697305e-01,5.529548523562922702e-01,1.925912734228783091e-02,4.062526564974298648e-01,7.198961066873600378e-01,3.241031810208778730e-01,2.932833190872280449e-01,0.000000000000000000e+00,3.289690183973275062e-01,3.808649226473156402e-01,2.477656450567811419e-01,7.420268808037753239e-01,8.156122992093877144e-01,5.514251048708105341e-01,6.961020040377394746e-01,4.822888629386580250e-01,6.157045558226269533e-01,6.471410304840925498e-01,6.499615122007009749e-01,5.009448219647741896e-01,7.160023479974930716e-01,5.129770884048874269e-01,9.391297606708496337e-01,3.045377544031631356e-02,4.760269103148569991e-01,5.773131685465198171e-01,6.758037543071484521e-01,2.816084161155154031e-01,2.190821744043465746e-01,3.523860154539845135e-01,6.818594782261250264e-01,7.592870519212513436e-01,3.909719368224321423e-01,2.887687300274537905e-01,6.579254487558143516e-02,5.747593541328857025e-01,4.928421053359816617e-01,9.686662588950779584e-01,7.604536945275122140e-01,5.632959767719636357e-01,6.909933692866684352e-01,7.832729727675513676e-01,7.611329320567175039e-01,9.179198373904469133e-01,7.445647556887882157e-01,7.807362149295506981e-01,9.711772687778867930e-01,4.326430772830925919e-01,5.828629922427811527e-01,2.982542687834379702e-01,6.281955528002920452e-01,6.319587815574085887e-01,6.498034121549101094e-01,8.058949034337076212e-01,7.847163567343000690e-01,9.299112366510651206e-01,7.303532138906743132e-01,6.122761178553283168e-01,4.281738078240105438e-01,8.761267125275175038e-01,6.614286949175258723e-01,6.965357925766761937e-01,8.423846345412225878e-01,8.155488049066147438e-01,4.859037135270984908e-01,9.032801399678228593e-01,8.632683400952501085e-01,7.799202850434950873e-01,4.591562092380390564e-02,8.978903586623497857e-01,6.603273049331401801e-01,2.947248851618575749e-01,4.636313850942203052e-01,4.783601441487199679e-01,5.229412435478755228e-01,9.322602969422573160e-01,9.032424620343496580e-01,3.782063665456508739e-01,3.130151071402966778e-01,6.124818433577313703e-01,3.384132217040469737e-01,6.398993195826442326e-01,6.294341401199914365e-01,3.516566882117334591e-01
8.863083054404284900e-01,6.083199683625619691e-01,8.076519582342638337e-01,3.669165399416397522e-01,3.086538431569251784e-01,7.939037112670279672e-01,7.402086183145659692e-01,7.512361442112969190e-01,3.289690183973275062e-01,0.000000000000000000e+00,5.330544391858398345e-01,6.251006408934264291e-01,2.873099323208543332e-01,4.204060003545267432e-01,7.762179879715960240e-01,-8.897121797391109588e-02,6.761604851922895509e-01,8.614986413673262344e-01,4.022720747904169336e-01,6.332790413373156069e-01,4.410581318512219462e-01,5.278008563169032108e-01,7.001020746854420551e-01,8.337327569708770092e-01,9.766169770526534899e-01,6.713419501551511903e-01,6.977121122126512809e-01,4.319066452130196354e-01,7.466295210572789776e-01,5.190374936394773764e-01,1.872678077402762653e-01,7.660629938148147966e-01,9.858749978735715791e-01,2.702706570059935087e-01,-8.501724037104357867e-02,3.218148920689922199e-01,2.811669815839094588e-01,7.647901100324021595e-01,7.123798924905554442e-01,6.354061286993555324e-01,7.260221522036041097e-01,7.292892173057020644e-01,8.845500509021353430e-01,7.911976544746626150e-01,9.646177843825055609e-01,6.083041641054375281e-01,7.719486385295244446e-01,2.160284453558120321e-01,4.962443350731571279e-01,7.163953245154602856e-01,2.961895086664369514e-01,2.532608626587506406e-01,7.484162473395385984e-01,8.476022980376259897e-01,9.816018167839161146e-01,6.708840129650288642e-01,4.725842276931691566e-01,8.342877857556143528e-01,7.801399193059507242e-01,6.715045968391585296e-01,5.152213222827274341e-01,7.324775925537961863e-01,7.934505600200165709e-01,9.538496954374694470e-01,6.818874191934015672e-01,9.585228247083714681e-01,7.827312038681509820e-01,9.654218110251477913e-01,5.405309161810493146e-01,7.313556292587142238e-01,8.876188454068775213e-01,7.752071771979587300e-01,-1.474375821942357778e-01,6.245176873807747331e-01,8.051526501480175124e-01,7.376534378912735779e-01,9.735872066626192201e-01,6.319872791330616302e-01,9.323987602857133350e-01,2.876825801938995841e-01,7.108030870812341862e-01,9.867508558728081969e-01,7.293818461822045851e-01,4.222683119296347098e-01,7.341280707896528090e-01
4.847464612135972684e-01,2.581071981843504060e-01,9.985984823014986134e-01,9.969087942064199792e-01,7.508180653824619855e-01,7.074251532429017830e-01,7.470571610630524217e-01,6.339670299200177439e-01,3.808649226473156402e-01,5.330544391858398345e-01,0.000000000000000000e+00,9.986023974069238029e-01,9.964914592317515307e-01,5.535862070068189311e-01,6.833473896024194749e-01,7.048701775212452558e-01,8.777561974810225154e-01,9.440018263207856641e-01,9.496635532066423080e-01,9.628130911407698500e-01,8.199900051836898074e-01,8.233400745211129079e-01,7.347836864555075120e-01,7.552986511568564598e-01,8.778438321393718935e-01,4.924546789675737779e-01,4.059409479097028095e-01,7.217437772168604493e-01,4.122011897523921720e-01,3.252274609135807903e-01,-3.960531697131212114e-01,5.526967405178201398e-01,6.546407812634043033e-01,9.506651201029150400e-01,6.552236336084976687e-01,5.507692683029234981e-01,5.525877381689878742e-01,4.759839369216236626e-01,8.674273079679546417e-01,7.281891116632220884e-01,2.356044821555105528e-01,4.525611600421724501e-01,8.776968353699454717e-01,8.474586805417732016e-01,4.844960845658437543e-01,5.777390015996650696e-01,4.112841706646598317e-01,9.762865895249589476e-01,6.185658931547335371e-01,4.543296905874412150e-01,3.101271215159261962e-01,6.575675032197156877e-01,6.623904840872630873e-01,7.895627712352903949e-01,3.357139154839609563e-01,4.961352833435709875e-01,6.140342977421632265e-01,9.917123152883046133e-01,8.877454373640657481e-01,5.286259423728687512e-01,7.088373874603879354e-01,8.443187475641229511e-01,5.601362235607092455e-01,9.465476980145459684e-01,8.501153247716690675e-01,7.930814654907507588e-01,8.185993562660834888e-01,6.634608583911064672e-01,7.043311009531723066e-01,7.510279782534267090e-01,5.493676802605873544e-01,5.028692235897457286e-01,4.105687781965867145e-01,9.960927101531575900e-01,7.711254563961241759e-01,7.161639543885023329e-01,3.636489654667018900e-01,7.441851610089580404e-01,5.733881816201391590e-01,5.630166138213408278e-01,7.535453474944973085e-01,6.840773386016002489e-01,9.038859753853356604e-01,4.306234508144651252e-01,9.261637461886516043e-01
8.479602032762590946e-01,6.547679469812113240e-01,7.872993579090354910e-01,4.544176453417141381e-01,7.612305357513295956e-01,4.162420143246897131e-01,3.273419020400629154e-01,8.088060669154760740e-01,2.477656450567811419e-01,6.251006408934264291e-01,9.986023974069238029e-01,0.000000000000000000e+00,8.691231851335792236e-01,6.235063557623106156e-01,6.188946155434533747e-01,9.866129925637672216e-01,9.597829448169631350e-01,6.779723338565741830e-01,4.545095505978615225e-01,9.102627653901960159e-01,8.874676231525834291e-01,7.855258758855966361e-01,7.779116884725216785e-01,8.141773095421498407e-01,7.099683762927304631e-01,8.422091986598311264e-01,8.031034090478259557e-01,7.059492548526539180e-01,2.540310557122960611e-01,5.889742694266340006e-01,3.399508860288696366e-01,6.699438032093687490e-01,7.443603230294647544e-01,5.087917890915411023e-01,7.368434875297763531e-01,2.437823551768502905e-01,7.601287282505877485e-01,6.000305350895960288e-01,7.969830089326864764e-01,4.620936611600480748e-01,2.723179428252959222e-01,7.353364543879472581e-01,6.574232833288984335e-01,9.617150216304917176e-01,9.733266404828384566e-01,5.124127146490624618e-01,6.427747526380493959e-01,2.727716040373079909e-01,6.038217691273292109e-01,5.465001500408962487e-01,7.573979455974780839e-01,6.186751509906214253e-01,9.873257860125510543e-01,6.391152841538726426e-01,8.524925392610023245e-01,7.207031526558519419e-01,7.317529606018079447e-01,3.652084997136220146e-01,7.750140117602086764e-01,5.197333223564615245e-01,2.025946490894482144e-01,5.451028769144342645e-01,6.239533924626903261e-01,8.765563957742316115e-01,9.198436114122620078e-01,8.118981189345563232e-01,8.286998522365970343e-01,8.106833385626044386e-01,3.358297575653490519e-01,4.896532456856660387e-01,6.054751600092449504e-01,5.448890183454132563e-01,2.870051615738142270e-01,3.304001863926274152e-01,6.661236714345453169e-01,4.525147654286038601e-01,6.360540474310051318e-01,4.750534000526014933e-01,7.357697495827144607e-01,4.046109410317105803e-01,5.164835287552898002e-01,6.878341574772910416e-01,9.977991742628884442e-01,3.328647349969559022e-01,9.149147543430131702e-01
5.702191569299208673e-01,8.217419097917842974e-01,7.604901093948903679e-01,2.091038548394062446e-01,6.450434961431441572e-01,8.560872764616462849e-01,7.935782317152069165e-01,8.124936949170474820e-01,7.420268808037753239e-01,2.873099323208543332e-01,9.964914592317515307e-01,8.691231851335792236e-01,0.000000000000000000e+00,5.364731239058851964e-01,9.278094893428914247e-01,6.916384567458824240e-01,4.679203950892371067e-01,7.642874997171626994e-01,9.017710448795581701e-01,8.422874783351042005e-01,6.759948352620362977e-01,9.416765346693711791e-01,8.173625249395021219e-01,7.575267944447783286e-01,5.562575452392901632e-01,6.819977096015314988e-01,6.052962578628490187e-01,2.290494323539429278e-01,7.375915925427963815e-01,4.719751094206875996e-01,2.412449930945452792e-01,7.288503950939192455e-01,7.073854658261964357e-01,8.227783864797657554e-01,8.058660150552023893e-01,6.705811672620460850e-01,6.690651971627855632e-01,9.814256240569960710e-01,9.154819490223928824e-01,1.320825201322282927e-01,4.596033795427795221e-01,7.747051501958958086e-01,9.126495287023501657e-01,8.777699849449667191e-01,9.319426335601035394e-01,4.349149309187163581e-01,4.080740708372855852e-01,9.189419926510865588e-01,7.963105686547489181e-01,2.039354136634889958e-01,7.237785864044070649e-01,5.537658601038402129e-01,8.012471945499767267e-01,6.515692154301602201e-01,7.060184718700981410e-01,8.415602850863971307e-01,6.077762497381510309e-01,6.427014108272266490e-01,8.224297604267885031e-01,7.212488406632513449e-01,2.156318158009481456e-01,7.348471710194035555e-01,8.319869536062027837e-01,6.922818707101137115e-01,6.331313649082284112e-01,6.508176260519210610e-01,9.866051281510388460e-01,8.876197703338070122e-01,5.481894826900591822e-01,8.659720659555473210e-01,6.569759340247002255e-01,6.473492850248551145e-01,3.875153745658157511e-01,4.717766474306182012e-01,7.276598118430123163e-01,3.075489925891601306e-01,6.520513106443234230e-01,7.463221037381113643e-01,7.135224448027168709e-01,3.816491317369112846e-01,8.561959749312113566e-01,8.813127882193186879e-01,5.267107376411499509e-01,6.621922629477620115e-01,6.453666546709333485e-01
8.003963391303466901e-01,5.539228712816303135e-01,6.843777193983581197e-01,6.114763898772197503e-01,4.662062187677815661e-01,6.842637766685214507e-01,7.007661176671805547e-01,6.825083293099630799e-01,8.156122992093877144e-01,4.204060003545267432e-01,5.535862070068189311e-01,6.235063557623106156e-01,5.364731239058851964e-01,0.000000000000000000e+00,9.656004918654619296e-01,3.443275141402838968e-01,9.281658920604464180e-01,9.488590691548643985e-01,5.571381837327116227e-01,9.762109552588978945e-01,9.044343719517802249e-01,7.287832229796280537e-01,8.268036434604477680e-01,4.223788573959258996e-01,9.300784935036989776e-01,7.919817824839752163e-01,6.607086044879083575e-01,4.794062347987312900e-01,1.930563616510313218e-01,3.761643082277228989e-01,3.025349483654412031e-01,7.092664484100220657e-01,9.982272722470515447e-01,4.016853418100527207e-01,6.377327774504889524e-01,5.581259604376350714e-01,9.800115166775080766e-02,5.666959172884153961e-01,9.651458395104869359e-01,6.238456859478945793e-01,2.919363984569235404e-01,8.124490532199369897e-01,6.916639121625787201e-01,9.901570127905372498e-01,8.335099912898099594e-01,8.242001500582479823e-01,2.502611545907651447e-01,2.702836618216991615e-01,7.194746417408592887e-01,7.085390734635643728e-01,7.804618664448250698e-01,2.360562990943361195e-01,4.828025938727607130e-02,8.099483578251356342e-01,7.122734657873570630e-01,7.687712254591312355e-01,5.805932843596413040e-01,6.813072107241300301e-01,9.093693356489443991e-01,5.560201596511259448e-01,7.407358495324722902e-01,4.147643601744351871e-01,9.686463670112503976e-01,6.632137013781997936e-01,9.856130997513830039e-01,3.833338601492688458e-01,6.399425287365617665e-01,6.655343900514457678e-01,8.874838783317797741e-01,6.565441942006573495e-01,7.520679501159795999e-01,8.515934024097062682e-01,6.819317306247429933e-01,6.946472647525079314e-01,4.385417508890860905e-01,6.917290200823632551e-01,5.153057114851977705e-01,9.458734164769549979e-01,4.420897502244776067e-01,5.556777429632884235e-01,9.954619226444290092e-01,3.314233757923659152e-01,7.127781153974114270e-01,5.097943952611082574e-01,8.243149251267247735e-01
3.561225714288127064e-01,2.173191948908839155e-01,9.895639693293110106e-01,9.464105407673936154e-01,1.169617393760856161e-01,7.995730833825189787e-01,6.223510834439790473e-01,-1.733676822834532560e-01,5.514251048708105341e-01,7.762179879715960240e-01,6.833473896024194749e-01,6.188946155434533747e-01,9.278094893428914247e-01,9.656004918654619296e-01,0.000000000000000000e+00,7.764088873847370120e-01,9.978699778077573246e-01,7.109107211533383097e-01,5.902107498441749867e-01,9.571707089489903675e-01,9.828104290212518190e-01,7.789578691390597331e-01,7.926947501947332331e-01,6.996295807246727394e-01,3.586849828810465546e-01,6.315874029644277243e-01,4.033882780722747308e-01,5.477252410933688420e-01,2.811150680036186289e-01,8.011736858125789729e-02,5.503078132130805322e-01,6.766612091748305247e-01,5.960948080697132667e-01,7.564066996894269757e-01,8.243172114847859833e-01,2.255563146765423854e-01,1.716616978682020400e-01,7.661003556997983965e-01,8.070625558665777133e-01,9.327264586564416593e-01,7.700935236963490915e-01,6.968150979200955497e-01,9.612189060398210749e-01,3.080164064348343556e-01,6.030630870195724524e-01,6.531971368634906794e-01,7.710588062332796033e-01,5.313824144445942199e-01,9.904751226254824292e-01,1.909690959930934392e-02,5.957138837102442519e-01,4.454974406372489981e-01,9.730541771320951883e-01,6.243698915812642136e-01,7.173151378552650170e-01,3.949176420171496837e-01,7.072239207171633346e-01,2.791854088862662231e-02,9.395235404996007400e-01,4.761575666966650355e-01,3.105687424238173788e-01,6.318486500461053534e-01,4.586710045943028224e-01,5.020362027164576579e-01,4.163479711507452330e-01,8.837209461476883687e-01,4.763842006657765249e-01,7.083907908786012397e-01,6.046361009582751356e-01,5.328119995133273612e-01,7.068678908934429295e-01,5.356261011888852064e-01,5.153237716999332640e-01,4.688044720536868049e-01,4.033716497662616640e-01,7.365521223415739671e-01,5.312452100406753752e-01,7.551582381275525613e-01,4.676564254469998128e-01,3.759968489479212916e-01,2.587468274953040881e-01,4.628468278753979925e-01,3.817187540875296436e-01,4.232664577593303612e-03,9.595109761165844242e-01
8.863696105225093991e-01,6.263092079461476391e-01,9.334227706351582166e-01,6.051556639809224647e-01,2.783400386873384827e-02,8.101293511754619203e-01,1.858539023483252173e-01,4.572110986005697431e-01,6.961020040377394746e-01,-8.897121797391109588e-02,7.048701775212452558e-01,9.866129925637672216e-01,6.916384567458824240e-01,3.443275141402838968e-01,7.764088873847370120e-01,0.000000000000000000e+00,9.230975905946345872e-01,6.065139107657655515e-01,5.258064124758476954e-01,7.979629278962044880e-01,8.387511820618964720e-01,7.533859498247311715e-01,6.272459868704844954e-01,6.019313968282818950e-01,7.885538356638961410e-01,7.473332979296832823e-01,7.539691289370554772e-01,5.371487332594410136e-01,6.777807110020847015e-01,5.019966004723552810e-01,3.081423966734748721e-01,9.502248749140207451e-01,5.301150775030896156e-01,9.440255460565731838e-01,4.766036474048274130e-01,4.998545873655101390e-01,4.287482210802437965e-01,7.672096036994837664e-01,8.646312266143397762e-01,2.324827916913963510e-01,2.573928021032725888e-01,7.467518456365617174e-01,6.833723598959379197e-01,9.484486090847292772e-01,7.874743895558524720e-01,7.768595481517743817e-01,8.818652663168288219e-01,9.970909649350658821e-01,1.424196430088737475e-01,5.837400947655285721e-01,8.627965414674184652e-01,6.032063362477856350e-01,9.309082788300608868e-01,6.766008141862627223e-01,9.738100438927610458e-01,4.449631922940134321e-01,4.246642203226605461e-01,9.337684692835931388e-01,8.174158621971140404e-01,5.218056295160466984e-02,6.756396792993728528e-01,7.341303496396477390e-01,4.182427219337273017e-01,9.567848216066756617e-01,6.542220600371245753e-01,9.647663151951175742e-01,9.983086858298965138e-01,9.392892001372136201e-01,3.855536015029865649e-01,5.335955803816175846e-01,7.713392799512501785e-01,7.434389968567666207e-01,3.387243708725243829e-01,2.754173137388573056e-01,4.658666394389493481e-01,-1.759587757844900402e-01,6.035102045464162401e-01,4.508360250058803254e-01,5.485015110285088591e-01,2.371730749309396147e-01,5.953829332279478859e-01,9.130733400241856090e-01,6.621418933910232507e-01,6.067900574844632411e-01,8.960977074645949392e-01
8.907448260189376743e-01,6.996225435800496051e-01,9.562318936208837883e-01,8.759050459127902810e-01,8.022893647893027946e-01,8.303902210464859657e-01,3.196014686578370345e-02,5.392191994025238300e-01,4.822888629386580250e-01,6.761604851922895509e-01,8.777561974810225154e-01,9.597829448169631350e-01,4.679203950892371067e-01,9.281658920604464180e-01,9.978699778077573246e-01,9.230975905946345872e-01,0.000000000000000000e+00,7.968931405694863468e-01,8.966647240118833517e-01,8.596450689428807301e-01,9.036919196037571655e-01,6.450902380683977144e-01,6.251241931753254155e-01,6.887763254999454965e-01,9.566788863107289487e-01,6.091790720524844494e-01,8.599619705808512204e-01,7.582758592681206888e-01,5.002147948952506695e-01,5.177948062785284744e-01,-8.162274324317236873e-03,4.243427763842523293e-01,7.233826507011744678e-01,8.577907699498676930e-01,9.763886513465919181e-01,4.539768896460817937e-01,3.161764716107208217e-01,6.017006140577070283e-01,9.032367110718704240e-01,9.918378843863246974e-01,5.315573427763402581e-01,6.226729680297832248e-01,6.276841746205467087e-01,9.200598374969972681e-01,7.892709033717433265e-01,8.570913321742982260e-01,5.094781114726101290e-01,6.815951454949950028e-01,8.428485292956084951e-01,3.651465319096945938e-01,9.085806751542023774e-01,8.204540937255487831e-01,3.698607562593325682e-01,9.725021919102022627e-01,8.980024587012013226e-01,7.578189263483622318e-01,8.201580101850817206e-01,8.642484707952261536e-01,9.150922259345088960e-01,4.090106250895139128e-01,8.565982755304388796e-01,9.921161459099623325e-01,6.791669023028106267e-01,6.864438029610651082e-01,7.826950313510616652e-01,3.337203919227155202e-01,9.507163460334573379e-01,9.122089232255340407e-01,5.982638499138696053e-01,3.165539421169549228e-01,8.937437843910090995e-01,9.178866569428636435e-01,4.359304837967144519e-01,4.826234743469804411e-01,6.305482574374537963e-01,8.556421589161382624e-01,6.220202460844800330e-01,8.510417278616049241e-01,6.625962098264628342e-01,2.182897800731821714e-01,7.687011595734881686e-01,8.926118723564471225e-01,9.122449134832882889e-01,5.963828794186929461e-01,6.644172921512931929e-01
7.350023078968250800e-01,8.218658201362580851e-01,9.619020433275089488e-01,9.130532416758111447e-01,9.102945833848370416e-01,8.413763389779138624e-01,7.448395755856113132e-01,6.548906811009337359e-01,6.157045558226269533e-01,8.614986413673262344e-01,9.440018263207856641e-01,6.779723338565741830e-01,7.642874997171626994e-01,9.488590691548643985e-01,7.109107211533383097e-01,6.065139107657655515e-01,7.968931405694863468e-01,0.000000000000000000e+00,6.396946467970359151e-01,8.215331861340384734e-01,9.017768397368240985e-01,6.183620872964277204e-01,7.723158261786432499e-01,7.604261496610924542e-01,4.012937184700446913e-01,4.425649870911976813e-01,4.560901553547501708e-01,6.717118868643485730e-01,3.322821149479778802e-01,7.154107695948600520e-01,5.504647141795596665e-01,-6.253056505964305067e-03,7.681278641467350621e-01,9.489170249340833641e-01,4.915583715601974379e-01,2.557829341687995472e-01,5.932869345077911305e-01,7.250090657222093560e-01,8.354806025928509516e-01,7.152657418258095978e-01,4.648838946358295754e-01,5.378965305322004342e-01,4.326789890069583366e-01,4.051082464916497816e-01,9.242478619194208767e-01,6.129852814554762608e-01,6.837438852879818008e-01,7.907903430043434767e-01,4.502685538343921823e-01,7.926604258269547287e-01,7.965750379395519776e-01,8.453111562030329873e-01,8.526044249987870804e-01,4.235457020843675924e-01,7.917550625239599960e-01,7.232494659794338476e-01,5.772054704824287619e-01,7.447750771882419851e-01,6.617601299356169475e-01,1.108841635731847713e-02,5.497622258520439287e-01,9.030234056091861472e-01,6.969577211252815374e-01,9.361515612649660145e-01,7.039484583837436471e-01,6.289046145175603009e-01,6.938393516333822841e-01,7.765007442724420894e-01,4.202894829461788495e-01,7.656165035503667005e-01,6.153448975294005807e-01,4.154558976649673219e-01,9.161611135440260734e-01,5.671538546077761200e-01,6.759145088188147632e-01,8.412237304427776508e-01,4.943985471280005761e-01,7.178577579468572445e-01,-6.292377552697045462e-02,2.761770413635039612e-01,4.693296012876406742e-01,7.178295723992841326e-01,6.672232886600132362e-01,6.259820163563816209e-01,6.485164256862858689e-01
