0.000000000000000000e+00,8.385332762743390456e-01,9.325647153851004401e-01,6.483194226371726820e-01,8.187425332878347506e-01,2.260842394772891728e-01,5.949253964764846803e-01,6.606448855751350102e-01,8.882095908801894701e-01,7.202594749336983515e-01,7.764350211455548489e-01,8.997693353110428616e-01,9.357811890999635507e-01,8.414473989183091085e-01,6.172721712603941313e-01,6.812676500714017758e-01,9.610442600182662609e-01,9.152558021335225336e-01,9.598255552000859447e-01,6.027634533755600321e-01,9.698809566229127377e-01,9.944058808743634348e-01,8.494738495577616177e-01,8.725545091495530148e-01,6.164350772590094785e-01,9.800803762890062387e-01,4.719029415545956674e-01,7.342265002447802003e-01,3.747714200772477855e-01,9.916351160134638798e-01,2.012424388602007674e-02,5.553453485140977808e-01,9.534488431534022812e-01,8.966344905990244474e-01,4.626010458938042968e-01,2.281314586253256893e-01,3.156381204310038102e-01,8.999475616288580282e-01,8.995145946613574139e-01,8.365634855114270074e-01,2.072483921175740096e-01,7.295596327088291755e-01,6.778559336704201854e-01,9.264131598436677884e-01,7.274902151567864683e-01,8.328023929286881843e-01,6.665877388983061369e-01,7.635372404081948172e-01,5.522770499522157150e-01,6.828709639795242925e-01,9.181172069286140935e-01,8.623449379301599826e-01,6.309999847792557848e-01,8.387694221713410947e-01,2.790531412523943877e-01,9.880880586167914981e-01,8.672065892059965808e-01,8.506997284821519179e-01,9.086349927832854112e-01,2.481205377528578615e-01,4.455537462203452148e-01,8.812504268567781240e-01,9.144371786114570133e-01,6.366279373789711649e-01,8.892112799729062766e-01,9.728318260160646602e-01,9.520746111669226019e-01,9.458612896488818311e-01,6.115459004079615291e-01,2.378639948735357945e-01,9.971135541603133312e-01,8.043748459958922625e-01,5.784303677279446498e-01,7.478391788717428934e-01,7.357399197986876915e-01,9.803984219633948838e-01,8.840459177192346862e-01,6.844163054913288136e-01,4.665969939300908531e-01,2.651807867137596086e-01,1.011176899573817912e-03,6.917906009777637921e-01,7.542169596114087771e-01,5.562964436457877859e-01,3.196755294481311016e-01
8.385332762743390456e-01,0.000000000000000000e+00,9.793361085994092274e-01,8.715037024819858313e-01,3.986441931307371789e-01,9.788376658628996640e-01,6.333572280501291729e-01,2.309232663178840128e-01,6.631631103386885773e-01,8.222720014134241584e-01,7.470912335464648946e-01,3.795350857596582195e-01,8.796982226157533669e-01,9.304316104674910104e-01,7.300979572649143323e-01,5.121918813746183519e-01,6.560758772259962512e-01,9.501586275106443935e-01,9.109664797407850401e-01,7.223501056827481559e-01,2.378148786577996832e-01,6.510062193087018390e-01,5.375395343825770667e-01,6.227283854670662144e-01,1.727265849996214575e-01,8.244407001505458243e-01,7.303472993919402079e-01,6.843069237953006700e-01,6.682404747157200120e-01,2.906327992779789149e-01,2.583275665011826594e-01,4.236449772608700814e-01,4.536082386678951806e-01,7.128022584413017393e-01,5.101566882763717281e-01,3.297423658079398079e-01,-1.024038880746446362e-01,7.903783708120982743e-01,9.284631513969821004e-01,7.479212326802907596e-01,3.969118418565786843e-01,7.883762526808795190e-01,7.678691383501088374e-01,8.891453323004375742e-01,5.165639925384998277e-01,9.348710643827264910e-01,4.882790439767092372e-01,8.870464013799008729e-01,7.590056111077233547e-01,3.161207467305045538e-01,7.346253628252514822e-01,6.997138557160083039e-01,5.467737726036691059e-01,5.946497244600469356e-01,4.187549189425980867e-01,8.156524966793814446e-01,7.314878727296219019e-01,8.879112218451864491e-01,7.929738718238603656e-01,5.196056830451682984e-01,1.391939046338262764e-01,8.877954866147383939e-01,8.280160237367969467e-01,1.727036415723934293e-01,9.892304499569644083e-01,5.979178363015131836e-01,7.903708474462722844e-01,5.451872271009348125e-01,7.059853986109886348e-01,9.657047250755064205e-01,9.821411056312013832e-01,6.114379374580518611e-01,6.975924070402262922e-01,7.120146343396617228e-01,6.823637965104216718e-01,6.948278276703910572e-02,6.507961654222998993e-01,4.197088308812441104e-01,4.521463388075185885e-01,3.852148072713628135e-01,8.369464918266309450e-01,9.856570507679305315e-01,6.625745012257394650e-01,6.051021373734560838e-01,6.392086687775659914e-01
9.325647153851004401e-01,9.793361085994092274e-01,0.000000000000000000e+00,8.984500358768948702e-01,6.153691101164507904e-01,4.614315764607320181e-01,9.693120795499672315e-01,8.211213873204538105e-01,9.271936713534900676e-01,7.396129389786341157e-01,8.132603735454567717e-01,8.053764232100601994e-01,8.096301711709597004e-01,9.484931004620797967e-01,8.962380214997976990e-01,7.576169958794818360e-01,1.299271176018932522e-02,7.341082995315878490e-01,8.401792758953721130e-01,4.395790538957707883e-01,6.987428454592478078e-01,9.843766378259566352e-01,4.891631485789366685e-01,8.174217688273449633e-01,9.146727095369465710e-01,9.824099958940686328e-01,7.539916938833521876e-01,9.391418584685302662e-01,4.856453831528326770e-01,3.398395548662539456e-01,4.582130525837845858e-01,7.867727079397501821e-01,7.065290358836492368e-01,8.791855878015037984e-01,8.780566642707092750e-01,7.438721144113483730e-01,2.106266561817792815e-01,9.780908350619543778e-01,6.676205812408042561e-01,2.330984437038972623e-01,6.332979322524215915e-01,6.385445709646553336e-01,9.636281169552212145e-01,9.042781731274068813e-01,8.261873675454801669e-01,2.653824839341111796e-01,9.741888903960416179e-02,4.484760315074496906e-01,8.009203293174869120e-01,9.357524084111592533e-01,9.230149493549288930e-01,7.220606105415346976e-01,9.461020767600225589e-01,8.249228450215614350e-01,8.859012921988759226e-01,9.727147086732854664e-01,7.870709438777011568e-01,9.225385373727714722e-01,5.074528621769719416e-01,6.519820212024008965e-01,4.918685296508847338e-01,7.075343649309665528e-01,8.160866484109965402e-01,4.642232981213453291e-01,7.232136201745210657e-01,8.702262406316900734e-01,7.343368605936784199e-01,6.090356497523389256e-01,5.583652455741506815e-01,9.285024697809427519e-01,8.409579485615830130e-01,8.674813104821552656e-01,-2.133659720483538358e-02,4.707818212584610196e-01,9.910807929221633339e-01,8.674485150738810990e-01,9.530074000270896128e-01,6.081304583946641751e-01,4.614546641951323136e-01,5.607707627663466310e-01,6.119431764384740680e-01,9.766869345022987092e-01,9.036584351991653330e-01,7.885196642205860584e-01,6.857496956904551855e-01
6.483194226371726820e-01,8.715037024819858313e-01,8.984500358768948702e-01,0.000000000000000000e+00,9.089086000833633827e-01,6.814536268041040401e-01,3.390700327725825192e-01,3.525985671685253342e-01,7.074979615466902017e-01,7.759292165686387799e-01,8.369828833970376358e-01,4.022992516677652008e-01,9.373734474248688331e-01,9.174823056376728569e-01,5.473732240530829740e-01,6.436186847505879216e-01,7.653953122134917741e-01,7.040400592892902543e-01,8.060894181057338681e-01,9.952037652315266492e-01,7.726183746901520433e-01,-1.531084104992317396e-01,7.437273369770027731e-01,5.836346429596683816e-01,7.086853693750628791e-01,3.668144426743994435e-01,4.670982958165992294e-01,9.155018381347945766e-01,2.878325971355442103e-01,4.386244356267325339e-01,5.678435863741029266e-01,5.523977551156074028e-01,7.812109694132026716e-01,6.680421706648111968e-01,6.385639257123837398e-01,7.764976267690144596e-01,2.183848790907645110e-01,5.010730718901403868e-01,9.715245182645511068e-01,9.765077063369413946e-01,6.736660816027369991e-01,8.729410870535208034e-01,8.409701491934740147e-01,9.295660673406529462e-01,8.610622175115083543e-01,6.170280257359073151e-01,9.536149686381094615e-01,7.725519061710978130e-01,9.107124833791561125e-01,9.534399859162498991e-01,8.893969018268516047e-01,8.547831600753058590e-01,8.573337058504667541e-01,8.686789624648388886e-01,9.083162276520219125e-01,9.111103272024321242e-01,7.868553496982131357e-01,8.094333670548345960e-01,2.773465105722660029e-01,2.269282323790893785e-01,2.679468859220175969e-01,8.273566760470094650e-01,9.389378758600674946e-01,9.844914905036663555e-01,4.421906555756919821e-01,6.987551911810209182e-01,8.650058882381195247e-01,9.925430182754410025e-01,6.195881512470986507e-01,8.691943199260272479e-01,8.302705413709440263e-01,7.868065519441030942e-01,7.744319929664363888e-01,8.392598568686890914e-01,3.364676573613265553e-01,6.115449907540274621e-01,5.722678999322060589e-01,5.775765363589429047e-01,4.080709472063896448e-01,4.646392573168735551e-01,7.575799004881661469e-01,8.787013756633847983e-01,6.088226320875257391e-01,6.273718113349260328e-01,9.624356029695662063e-01
8.187425332878347506e-01,3.986441931307371789e-01,6.153691101164507904e-01,9.089086000833633827e-01,0.000000000000000000e+00,6.491750196497861891e-01,9.888453808904551501e-01,5.616950747930742338e-01,6.240149242391606066e-01,2.320897361720971608e-01,7.340704878073879280e-01,9.253243255124731226e-01,8.675381155609732664e-01,4.256254310463218893e-01,4.620325066401023140e-01,7.509468960394934944e-01,7.567443553426163039e-01,4.306957117505341159e-01,7.717258527290171699e-01,7.942658952026073749e-01,7.235801104679063789e-01,7.590781996392063080e-01,4.226426577966415077e-01,8.925328562704127888e-01,2.964107873985528663e-01,2.825375329984079475e-01,2.826611509878561579e-01,8.879671370832862287e-01,4.712023258833235584e-01,2.251062153863034043e-01,6.607572625312769787e-01,3.648807990080789043e-01,4.689040665921849205e-01,7.794670098626379495e-01,9.828531452859170514e-01,5.726799636908196378e-01,5.985261272281676703e-01,4.468970101378182957e-01,4.503184541461493495e-01,4.599922140805119408e-01,3.240935969975693998e-01,7.475327427662511459e-01,6.891230310007279147e-01,4.603345636402761953e-01,8.676786003262637603e-01,9.494237933427323028e-01,9.406168893414703636e-01,1.518812166398277042e-01,6.668553928768159444e-01,6.175970388821938606e-01,7.004017963546760317e-01,2.975113285822373888e-01,3.081080736324091074e-01,5.628634303585303700e-01,9.832976488057474374e-01,6.088192117575896845e-02,8.055482432965360706e-01,7.823088185314467369e-01,8.084244373755409274e-01,1.330736626104762343e-01,6.970355444469852335e-01,7.273679627248027524e-01,7.725277074355191287e-01,7.327440565577716391e-01,2.425405768128202355e-01,2.946634124343645023e-01,8.883317368553641513e-01,7.288793352667241043e-01,7.268617729863905419e-01,6.351874704945034145e-01,2.733131927840147801e-01,5.432362433820800973e-01,6.059743710050077281e-01,4.194899791704307379e-01,5.801466409232571841e-01,7.492275739032553394e-01,6.864671768693541010e-01,4.372688359763983734e-01,-3.529180256282060113e-01,5.482239424772711311e-01,4.279422460355957192e-01,8.750632816958210380e-01,8.580173471492996695e-01,6.751222297760659519e-01,4.574513651677881154e-01
2.260842394772891728e-01,9.788376658628996640e-01,4.614315764607320181e-01,6.814536268041040401e-01,6.491750196497861891e-01,0.000000000000000000e+00,7.775876881056710266e-01,7.274264709588840194e-01,6.703424385273728525e-01,6.545571501693704386e-01,6.075345554188077424e-01,7.474603683465295134e-01,9.126451904160630679e-01,8.604401700469002656e-02,6.094120732603751645e-01,3.405576513882477840e-01,8.215258508567380158e-01,8.612814009239842805e-02,8.897441636273777377e-01,9.013738258005241644e-01,6.650784757260070901e-01,7.031148584412185709e-01,7.495297067415522818e-01,9.374912946528832780e-01,9.398813770953629021e-01,7.349081053533852437e-01,5.210240752388068941e-01,5.937855993984457736e-01,5.800743995052272117e-01,1.887326069241194171e-01,7.350639083000584106e-01,5.598265533021444806e-01,4.282508175506104520e-01,9.811398210102147965e-01,6.821672287747587715e-01,5.519317402159442665e-01,5.183753448917205464e-01,6.698856715576602117e-01,3.470494419959424537e-01,9.313874175343088702e-01,7.940880399646673693e-01,3.269838246374079382e-01,5.283699448835250667e-01,8.908391436446511102e-01,6.392527807583793242e-01,9.296696476754423566e-01,9.994808404936452728e-01,9.853407461762779818e-01,5.086633506155709972e-01,7.835240375695806669e-01,9.896126390554764729e-01,6.271411711553035451e-01,7.170009514441646470e-01,7.273458374252215197e-01,9.913755755048425655e-01,7.866521722051214027e-01,9.411062857039045326e-01,7.831081527438765733e-01,2.757247813376651480e-01,2.644652214624777509e-01,2.112544356636498200e-01,6.274517052947364837e-01,3.923620708697319603e-01,9.260965305896088351e-01,5.416646906282853724e-01,9.524329690060102660e-01,6.027918892609307466e-01,9.517028890800753871e-01,-1.337234196918702378e-01,1.400748350230148209e-01,9.472301380284740002e-01,3.490820121403240828e-01,2.717042598657738450e-01,1.165165058882654397e-01,5.979028588658165111e-01,8.509453891183771379e-01,9.310519373552410549e-01,2.336951581290449831e-01,5.698045440901070569e-01,5.912393740164869627e-01,8.171134166761757633e-01,5.964009483307596282e-01,8.264745325438357382e-01,3.076081532627524817e-01,4.873599743689804864e-01
5.949253964764846803e-01,6.333572280501291729e-01,9.693120795499672315e-01,3.390700327725825192e-01,9.888453808904551501e-01,7.775876881056710266e-01,0.000000000000000000e+00,6.359994502690911045e-01,5.840018095099409612e-01,5.296223575501503023e-01,7.858804977810315284e-01,8.366313055946464905e-01,6.492875003154595648e-01,7.751080452878414961e-01,5.960181037518943459e-01,7.937654476279186744e-01,6.204856708386827790e-01,7.476579711792596949e-01,9.016579931194026454e-01,8.415747936450211908e-01,8.244219091393255594e-01,2.216184046275850583e-01,8.800985540435471433e-02,6.232932672145069519e-01,8.948012661585122984e-01,6.474257191393225641e-01,3.011086627451672881e-01,3.402052733166662235e-01,6.589510466751984374e-01,3.861520098239460408e-01,2.667184515692485602e-01,7.933377043834768383e-01,6.591457046700481825e-01,3.833607019304884345e-01,7.435670926358648458e-01,3.266829772265815723e-01,4.391824192180703856e-01,5.514452193050649598e-01,4.178005167368107897e-01,3.895291172888152853e-01,5.294877928499809316e-01,5.398579406108201528e-01,7.256689860369949230e-01,5.297610464372669581e-01,7.718877918787382386e-01,4.836047219775671535e-01,7.979599338669824959e-01,3.742196585141519538e-01,8.916757241598244343e-01,6.781822629953386805e-01,2.216522555043128340e-01,-4.901309852301485859e-02,5.523525778807685249e-01,4.428574124478312224e-01,7.502956756268736038e-01,4.435196630916695693e-01,9.245756204147205157e-03,7.225224759840369604e-01,4.308665520616488109e-01,7.763961843723248268e-01,4.307689543356034712e-01,6.848146975654711976e-01,7.158688049900705508e-01,8.602830891823119996e-01,9.104344740415613035e-01,6.807731104583911730e-01,8.964183484882731756e-01,8.753760040773300721e-01,6.355263544557000488e-01,4.783280202221800725e-01,7.846950123824295020e-02,5.234724596091051563e-01,4.521394082305280615e-01,7.850378065778086389e-01,5.838661581113450127e-01,8.032149697004936639e-01,9.998127991653726898e-01,9.197408382478325928e-01,4.377511260337166865e-01,5.269262906170127936e-01,6.539289253723529205e-01,3.319889846035294911e-01,6.891772938258109438e-01,7.415826944299606094e-01,6.711575266670861684e-01
6.606448855751350102e-01,2.309232663178840128e-01,8.211213873204538105e-01,3.525985671685253342e-01,5.616950747930742338e-01,7.274264709588840194e-01,6.359994502690911045e-01,0.000000000000000000e+00,8.039260775992713715e-01,6.740473461516894860e-01,2.994546799622991307e-01,5.224428306480082274e-01,8.214933347799369123e-01,6.861174774132292598e-01,8.598614119606046158e-01,7.197011563980161286e-01,8.164279881197300526e-01,3.310757890593710728e-01,3.778090720282810122e-01,9.249596119650373982e-01,7.513181830323039101e-01,7.156335952395318500e-01,2.370731807967325078e-01,9.705473921484218947e-01,5.843593957938368888e-01,3.269446843822180204e-01,6.804473576449583394e-01,5.115342960221397339e-01,5.437164056526186950e-01,6.810237575156867784e-01,4.152978523936410316e-01,5.613304479749604559e-01,3.234321812129169471e-01,5.629333357236412372e-01,3.076327822351553887e-01,7.157565159897703033e-01,3.167017608040818000e-01,7.702481611031209985e-01,5.902500620937095599e-01,5.532235316047977580e-01,5.294547087392174056e-01,9.461715349201333947e-01,6.786823331481363075e-01,6.022561311239621462e-01,9.674373547659367301e-01,6.546442110543262416e-01,8.880499311853998767e-01,9.526354398782448385e-01,4.077954687956929503e-01,7.917008793955255808e-01,5.180258215452459014e-01,8.421277081341483478e-03,4.858270872705524046e-01,7.471749024030952535e-01,7.676381686792920211e-01,9.742104291948801009e-01,7.453075393113595126e-01,5.143545209272391006e-01,8.434424231030767105e-01,3.985210993501640542e-01,8.469241322848615194e-01,5.123825191850596150e-01,5.479183870609474205e-01,6.770432833622526125e-01,9.888844003984990083e-01,4.376378164260887327e-01,6.677412784343498275e-01,1.876153148354298139e-01,6.113515964725940721e-01,7.469013205486515483e-01,4.757050243945093460e-01,6.365433657272329127e-01,7.393995925320082652e-01,5.951829395862525685e-01,5.397839514921165538e-01,6.634467272443215213e-01,5.981358818172071157e-01,7.780079252862676098e-01,4.615714962596005888e-01,2.468686768329333148e-01,9.990223961776594219e-01,6.207711053688644842e-01,6.046409559991738902e-01,2.246572247387859655e-01,4.719899358394639699e-01
8.882095908801894701e-01,6.631631103386885773e-01,9.271936713534900676e-01,7.074979615466902017e-01,6.240149242391606066e-01,6.703424385273728525e-01,5.840018095099409612e-01,8.039260775992713715e-01,0.000000000000000000e+00,6.100261362406996790e-01,4.328574595727757157e-01,9.061969503397144798e-01,6.698438314666771420e-01,9.752836785323391044e-01,6.363417023959581087e-01,4.006220955591044408e-01,5.282903045252212992e-01,2.290203128156848011e-01,6.888390589939480391e-01,9.034405379478396281e-01,8.319891250201788546e-01,8.571706714036333441e-01,9.422606019549233380e-01,6.481383694908469106e-01,7.551711321045913028e-01,7.887914894642570340e-01,9.788559249976023224e-01,4.040740546991040683e-01,5.615448467832920842e-01,3.148109719008893581e-01,3.408822356474613402e-01,5.286222363948698266e-01,7.259192408868642143e-01,6.587213275670767976e-01,3.877168868921067602e-01,6.114542494570773812e-01,1.486475601341208375e-02,7.742999445338570874e-01,9.340775958494225151e-01,6.524162002297069218e-01,6.022060859913357378e-01,5.480525556209298044e-01,8.348313990412621344e-01,9.417490325907724724e-01,6.848053681687369387e-01,6.615304044020159369e-01,6.131857433385107248e-01,5.512212697815206397e-01,5.960711836622707427e-01,8.590258858493261540e-01,2.153577789079389460e-01,1.503622110029195769e-01,8.877795825310876854e-01,6.909443539534224632e-01,5.468883797780368372e-01,8.307242566548940221e-01,4.717481634180600292e-01,2.769378142325104042e-01,4.634288386867759790e-01,4.341068544551846542e-01,3.378043843587034134e-01,2.952158696581617670e-01,2.770228838805270377e-01,3.619626602959576944e-01,6.345640174078617246e-01,5.661174708304463898e-01,6.189130818569479331e-01,9.076508007472313677e-01,8.205353423598341633e-01,-5.446551252241635388e-02,1.692462274662531914e-03,7.296591818973326982e-01,3.763577860068725855e-01,6.940957337901259017e-01,7.099160052411787047e-01,9.566339399227989926e-01,9.855208747898006605e-01,7.868973894170050443e-01,4.109864311560194050e-01,8.887067040467899748e-01,7.385608044749062406e-01,7.623735729152482099e-01,9.154801048279086473e-01,1.149194438170442756e-01,1.759555630710208651e-01
7.202594749336983515e-01,8.222720014134241584e-01,7.396129389786341157e-01,7.759292165686387799e-01,2.320897361720971608e-01,6.545571501693704386e-01,5.296223575501503023e-01,6.740473461516894860e-01,6.100261362406996790e-01,0.000000000000000000e+00,8.410188979012017674e-01,5.412957284444234185e-01,8.885255192206177322e-01,4.102017138486285242e-01,9.967454029881303024e-01,6.185869413102211833e-01,9.581479024219389240e-01,6.079667227141041241e-01,9.684158946603707019e-01,2.428453202298551938e-01,7.761973469524126035e-01,1.911306817025552329e-01,8.774737175045297377e-01,9.118508578818461663e-01,7.374662159211931023e-01,4.245469287591765450e-01,8.576777341786013809e-01,2.024974930342149371e-01,4.060418612702453300e-01,5.265825257664227266e-01,7.258726889314297548e-01,7.625911133433589395e-01,4.307910648462415781e-01,5.384717818544018098e-01,6.502979242112547631e-01,4.547817458604190288e-01,3.091353406554068206e-01,5.246400624001689161e-01,9.636360507292143218e-01,6.042600917452407572e-01,3.993226950251418383e-01,3.242390039309269167e-01,9.997378922393618250e-01,9.248795212747563665e-01,2.908218973154540477e-01,9.488560990266983186e-01,4.460278704706872599e-01,8.110041557065938989e-01,4.506020517384662916e-01,6.823862165942650160e-01,4.056724483552839877e-01,7.883764560384363129e-01,6.704430873513900213e-01,4.786743781718465485e-01,7.529391953264119586e-01,7.551669197924788524e-01,7.881439200823484592e-01,7.350889428285576344e-01,6.532225079909063092e-01,9.349863850637009088e-01,5.291705222493157112e-01,4.891321531746611884e-01,7.507123815184830740e-01,6.533693581368140713e-01,7.221151686984597085e-01,6.336632229893425228e-01,6.979645920615643595e-01,8.960786236811179029e-01,5.241099253055535589e-01,8.593794753868733149e-01,8.107548982556184169e-01,7.724083663584557780e-01,4.460880977156039262e-01,5.793804589976307984e-01,7.651540323450434222e-01,7.216537519349967011e-01,5.588164395473687041e-01,4.262358589045751600e-01,3.049267247288718341e-01,-9.695502399731112386e-02,9.861785299313914344e-01,6.078882084905197214e-01,8.696387338558952962e-01,7.539354922901546630e-01,6.799204126813864768e-01
7.764350211455548489e-01,7.470912335464648946e-01,8.132603735454567717e-01,8.369828833970376358e-01,7.340704878073879280e-01,6.075345554188077424e-01,7.858804977810315284e-01,2.994546799622991307e-01,4.328574595727757157e-01,8.410188979012017674e-01,0.000000000000000000e+00,7.032425356192832933e-01,9.309081224934931953e-01,6.787179611015522473e-01,3.467556051756616187e-01,5.230962442503404031e-01,4.496756261491372531e-01,7.891125166738590657e-01,2.239120378253854626e-01,6.452016464115468697e-01,9.631626205078094305e-01,7.710513293014807923e-01,9.491226724463759368e-01,8.502395882289168760e-01,1.142625165774096008e-01,6.871407663585156200e-01,4.931938943991108770e-01,8.337888227590625201e-01,5.662093929032578909e-01,6.355595010711999615e-01,1.000253906968177064e-01,4.986491489708837488e-01,6.881536370396889035e-01,5.440560806976701969e-01,8.863257916476112719e-01,4.983798691712022499e-01,5.896516464541567970e-01,4.934694693545446653e-01,9.199896285023584364e-01,4.276088212741072092e-01,1.098168876124589188e-01,2.473051952763796191e-01,8.868532967787812193e-01,8.942926968272143506e-01,7.741285421141786971e-01,7.824842698004190744e-01,8.645704486596399452e-01,7.068276761871976344e-02,6.404571189140871867e-01,7.604945502168947158e-01,9.668245727699074088e-01,6.330856419237592680e-01,9.487820574777530158e-01,9.379844166066215738e-01,9.875738240656308786e-01,5.154054619590158204e-01,8.042134705388047644e-01,4.641603114444454725e-01,7.228922456475601610e-01,5.356632183036242889e-01,3.967046571664319121e-02,2.262158521035148306e-01,3.779088610745269250e-01,8.966304417640060809e-01,9.878627000828519300e-01,8.520715652621349001e-01,3.883781383898943229e-01,7.802477008058564811e-01,5.487410263957723799e-01,9.702489637252671439e-01,8.620319816180984640e-01,5.521588080658349496e-01,4.922974686205746075e-01,6.232970877347423500e-01,6.857637665829280360e-01,6.332735926921853054e-01,7.122330452875379470e-01,8.956845436512456127e-02,6.141811554091362035e-01,-2.668877544502357146e-02,7.113906197986267221e-01,-1.656767589849060252e-01,7.274116897574979257e-01,2.341911955038885329e-01,4.115461131437522790e-01
8.997693353110428616e-01,3.795350857596582195e-01,8.053764232100601994e-01,4.022992516677652008e-01,9.253243255124731226e-01,7.474603683465295134e-01,8.366313055946464905e-01,5.224428306480082274e-01,9.061969503397144798e-01,5.412957284444234185e-01,7.032425356192832933e-01,0.000000000000000000e+00,7.209927548144393628e-01,7.698630355783402379e-01,7.429354214823475910e-01,8.511582729080331422e-01,7.299591004323854326e-01,2.995987796536008774e-01,7.916244184996921174e-01,8.027520954476872195e-01,9.658951714024330837e-01,6.905014859658666904e-01,6.115961412023993571e-01,7.347212292953115842e-01,7.001034135113282098e-01,9.367672627117548112e-01,6.007004410804139827e-01,7.050892184059789347e-01,7.256484258071292937e-01,5.027031106256021342e-01,4.510462968489688529e-01,6.868965046700213906e-01,9.782675474068260879e-01,3.177063181358195654e-01,6.944954524577277855e-02,4.434471132070326727e-01,2.887215761838036188e-01,4.836490218861255741e-01,8.411840992323271760e-01,9.791021951968283954e-01,2.574979665200238799e-02,4.612134213027246354e-01,8.543210414387495399e-01,2.881331235603962204e-01,9.450966775578080181e-01,7.708995424342265368e-01,8.501235052998129538e-01,9.286033024665457658e-01,5.173096773632972906e-02,6.755488334394781358e-01,7.987728882537579178e-01,5.568184458740438325e-01,9.949293546635837870e-01,7.003481093627542675e-01,9.984575861004117980e-01,7.700936220601440896e-01,7.221087307307325620e-01,9.085308240184485351e-01,6.113663352392941785e-01,4.594350090412117060e-01,6.249217098721736585e-01,4.779673124703996967e-01,9.471537834344829765e-01,7.519341196572038033e-01,9.420464455997458186e-01,9.273476362233867842e-01,8.602918094184455189e-01,5.204822488059106939e-02,8.644867947442268497e-01,8.360971806781277715e-01,4.615091728580344999e-01,9.090929109969171362e-01,6.730575340612704460e-01,5.545420092267117074e-01,8.199336294561467842e-01,3.636700276409958743e-01,9.411147805001323086e-01,9.697322698841966959e-01,4.425361361160212725e-01,1.615846241790176441e-01,7.335739563162523291e-01,9.631363621305213396e-01,8.467175738087239223e-01,6.002169782656936459e-01,4.383724637425536197e-01
9.357811890999635507e-01,8.796982226157533669e-01,8.096301711709597004e-01,9.373734474248688331e-01,8.675381155609732664e-01,9.126451904160630679e-01,6.492875003154595648e-01,8.214933347799369123e-01,6.698438314666771420e-01,8.885255192206177322e-01,9.309081224934931953e-01,7.209927548144393628e-01,0.000000000000000000e+00,6.925808130720393363e-01,8.876627302417443577e-01,6.856515747182546638e-01,5.435859560635758481e-01,3.823545040011846474e-01,9.672889336399488336e-01,8.573470699823153574e-01,4.347233661744855926e-01,5.029798569659743590e-01,7.657494482503668376e-01,5.542410470720717797e-01,4.749402566232121536e-01,9.079671554157608959e-01,3.772163578595628675e-01,8.760582899045179506e-01,6.543525643967570415e-01,1.010206630107334247e-01,5.663224699145670282e-01,5.230898690008085605e-01,7.539358972257541591e-01,5.174675759387977747e-01,4.655700073489721369e-01,2.138341166150825867e-01,2.959732293757649790e-01,4.765713580649723613e-01,4.872200376926033583e-01,5.346053604973237672e-01,7.445679033375045552e-01,8.006262913213570975e-01,6.952549750546805907e-01,9.190126498633933716e-01,8.883353941754008609e-01,3.319600249368432898e-01,9.606596345490779898e-01,2.822720055498506020e-01,6.181615950819364658e-01,8.032955088589187609e-01,8.620833514744821180e-01,9.206913229377186036e-01,6.241572391298634281e-01,7.467923109626286582e-01,7.163786438769281784e-01,6.925739010911532434e-01,9.084422969978944717e-01,5.012326391750822063e-01,7.415246156902985941e-01,7.537472011376411540e-01,3.592203570061685419e-02,9.409201469699086662e-01,8.880620548241165979e-01,6.836946635781357973e-01,7.354079913047355532e-01,4.406952668102714354e-01,9.869053183896183690e-01,8.717965001430805216e-01,6.600982305739272471e-01,4.460579006373630584e-01,9.140170562350261596e-01,6.061390798583201622e-01,5.825151375872283932e-01,5.167496740030772528e-01,9.476693982281457762e-01,6.154358107956173773e-01,7.191799876615282416e-01,7.341769531168595986e-01,7.892117650894129310e-01,7.372148644804717987e-01,4.541225873958863457e-01,9.224215420303374380e-01,7.918369356673471415e-01,6.922128063953937316e-01,8.694981202328069259e-01
8.414473989183091085e-01,9.304316104674910104e-01,9.484931004620797967e-01,9.174823056376728569e-01,4.256254310463218893e-01,8.604401700469002656e-02,7.751080452878414961e-01,6.861174774132292598e-01,9.752836785323391044e-01,4.102017138486285242e-01,6.787179611015522473e-01,7.698630355783402379e-01,6.925808130720393363e-01,0.000000000000000000e+00,7.133988140188103344e-01,8.066515135657733593e-01,8.842329133082751369e-01,8.815628461206279631e-01,-4.319862048815617528e-02,8.708963432095986335e-01,6.088961974036790625e-01,3.114689574616336110e-01,5.670515554633799304e-01,8.212971842013454538e-01,7.603214965773803513e-01,8.114067898203288776e-01,7.364667541479629209e-01,4.185814200966324616e-01,3.721175287947945942e-01,2.715912845698644218e-01,3.837507894009347664e-01,7.086117500055992835e-01,9.293255116528181814e-01,8.919887240943702444e-01,6.851170769784450387e-01,4.354992939334214608e-01,6.477973477940732749e-01,6.478732146201426900e-01,8.120344554438874152e-01,-1.126541296648352342e-01,4.214104003676564236e-01,7.809593361995221805e-01,6.579017060737988309e-01,7.761752022883066093e-01,7.005428580221816359e-01,8.335610063082031784e-01,7.595487396182438733e-01,6.016327895375318535e-01,7.024102337290670794e-01,9.798645840177347965e-01,7.810852808723824925e-01,6.335194830330385107e-01,4.442940333294833621e-01,6.160595669771403715e-01,7.289024308136478059e-01,6.973176597254272524e-01,9.595449087545742106e-01,8.941898068303780756e-01,9.838893511059192409e-01,7.581153090143202267e-01,5.823851958001540208e-01,4.713233295345437002e-01,5.726240177847513602e-01,9.367266336760911027e-01,8.749631376304979336e-01,5.414166213819704421e-01,6.540552234673535636e-01,6.123319146425699744e-01,6.885687907309069322e-01,7.175073689250799358e-01,9.006958298241686256e-01,8.105016234140433040e-02,4.229699358839831835e-01,4.575912144534397541e-01,3.924649229175526388e-01,9.286299940752280602e-01,4.450140329343666989e-01,2.253340946986381876e-01,3.660073359047276709e-01,1.300514148723454222e-01,5.438707335252235264e-01,9.132279236475271400e-01,7.982296189914936946e-01,5.388463111597937560e-01,6.039027587909391315e-01
6.172721712603941313e-01,7.300979572649143323e-01,8.962380214997976990e-01,5.473732240530829740e-01,4.620325066401023140e-01,6.094120732603751645e-01,5.960181037518943459e-01,8.598614119606046158e-01,6.363417023959581087e-01,9.967454029881303024e-01,3.467556051756616187e-01,7.429354214823475910e-01,8.876627302417443577e-01,7.133988140188103344e-01,0.000000000000000000e+00,6.367841253571973059e-01,2.221762031562295181e-01,5.348591565815992155e-01,5.331869728356606331e-01,7.602313398759378282e-01,1.302662287829408627e-01,7.015641188738540590e-01,7.962831461987691650e-01,7.157436000024958167e-01,5.422963516370065129e-01,7.972187403319661581e-01,6.217784263359698027e-01,8.590363191039855906e-01,6.547364644477803308e-01,6.813132949368571056e-01,-2.426884783899072029e-02,6.139207067033263243e-01,4.629060223322745693e-01,3.378092803611390527e-01,6.403984792993193675e-01,5.267063714605290103e-01,2.958570769906399001e-01,3.522179728236505269e-01,8.361441373791239640e-01,9.898174997489868066e-01,7.369355095437736258e-01,4.875747980723205699e-01,7.258516807981593155e-01,7.299377255019080524e-01,8.057976736698231335e-01,6.951191018052083059e-01,3.533529451488990336e-01,8.895002664567226436e-01,5.073279469151448229e-01,4.204226499661501970e-01,9.671411743025684071e-01,3.587674112337608801e-01,9.923961163589694046e-01,6.880151982984146208e-01,8.130182017055909149e-01,7.689393775702704215e-01,7.101532099538633291e-01,6.210484402165525886e-01,8.438157518476480101e-01,6.479427515042031072e-01,1.829217988276066187e-01,3.880005969851754166e-01,6.030847670962113938e-01,9.810532398409860244e-01,7.863121741980694246e-01,5.994476303239001380e-01,6.845040118121219486e-01,7.584755418356279311e-01,7.394967280810567090e-01,7.044306279493390832e-01,6.010536395733844239e-01,4.668523852877302094e-01,4.600225289399829665e-01,3.825395025738300148e-01,7.620687267211656568e-01,5.411241484710861416e-01,7.116323533890932529e-01,2.670303701338042623e-01,3.117245269227516546e-01,4.146847985919728252e-01,5.079410252879923426e-01,5.055848031946368337e-01,9.355920151212040459e-01,9.310409537679388281e-01,5.650926049617830405e-01
6.812676500714017758e-01,5.121918813746183519e-01,7.576169958794818360e-01,6.436186847505879216e-01,7.509468960394934944e-01,3.405576513882477840e-01,7.937654476279186744e-01,7.197011563980161286e-01,4.006220955591044408e-01,6.185869413102211833e-01,5.230962442503404031e-01,8.511582729080331422e-01,6.856515747182546638e-01,8.066515135657733593e-01,6.367841253571973059e-01,0.000000000000000000e+00,6.408655672670472425e-01,6.346399250141940840e-01,7.350948503490746244e-01,4.030670675274627968e-01,8.539511686293830284e-01,5.003300477117800238e-01,6.654989290795789714e-01,6.276397355370718634e-01,5.373191598455566709e-01,3.915791995175021967e-01,9.288511116517890187e-01,6.184562089820446751e-01,6.192852915143234327e-01,6.335828161202042841e-01,2.902775988421303910e-01,5.028793870828051071e-01,6.732772612161822545e-01,4.481275180885193610e-01,6.374190801191937927e-01,3.159556058008480273e-01,8.827071854387680272e-01,7.916092584971146096e-01,4.909644619572230417e-01,5.352403408532802054e-02,2.302694444163720100e-01,1.640249334509458201e-01,9.869724574005417361e-01,7.430208820092616406e-01,8.043667931688762707e-01,8.901263742536110746e-01,8.839161017899032080e-01,9.633444757251157231e-01,7.057372001774054882e-01,4.775194029441298671e-01,5.917714320177931420e-01,8.268217352111877361e-01,5.837399882324464384e-01,1.627078846423466729e-01,8.840914496107787901e-01,7.154799503264891447e-01,5.554848030476327025e-01,2.537810375182122380e-01,8.191169432328692102e-01,3.770081093945729656e-01,5.171004990478917929e-01,4.278322558241222096e-01,4.239701448936994965e-01,4.722919256165580282e-01,9.350603122228263731e-01,9.724009523839403091e-01,8.791621898335817420e-01,8.400148041033637103e-01,1.768654024128918090e-01,8.879365255086113518e-01,8.958841756139086510e-01,3.766798525426847677e-01,4.541695191689480438e-01,5.252758272183717381e-01,5.497135570788860282e-01,5.396806660110168297e-01,6.975306874354162412e-01,5.461498788612113575e-01,3.959879363759425397e-01,2.865420331547156030e-01,6.425963997780438364e-01,8.969935476175646683e-01,7.380668778603373115e-01,7.980259792803974239e-01,7.483254602532056765e-01
9.610442600182662609e-01,6.560758772259962512e-01,1.299271176018932522e-02,7.653953122134917741e-01,7.567443553426163039e-01,8.215258508567380158e-01,6.204856708386827790e-01,8.164279881197300526e-01,5.282903045252212992e-01,9.581479024219389240e-01,4.496756261491372531e-01,7.299591004323854326e-01,5.435859560635758481e-01,8.842329133082751369e-01,2.221762031562295181e-01,6.408655672670472425e-01,0.000000000000000000e+00,7.816071240044226709e-01,9.514769014346730058e-01,4.709368548691165168e-01,6.889945871506636399e-01,7.789414894286733615e-01,8.146540291512651688e-01,8.177648178237096888e-01,8.965929464241567670e-02,9.189235211745845344e-01,3.895811129116381055e-01,8.095910332024486289e-01,9.372707258746891812e-01,4.760078017837731656e-01,8.144967553985144049e-02,3.728985376392019990e-01,8.204383720423663595e-01,8.350879307712610888e-01,6.923682499349691488e-01,4.935539014521350132e-01,4.334171657208478190e-01,6.784097315344566059e-01,6.615232175600520570e-01,4.256214710932370027e-01,-2.394175829654429932e-01,5.842498742246960974e-01,8.859746340156734457e-01,8.144215330903761263e-01,4.490699250452944158e-01,4.867686424978993065e-01,6.721174328932915110e-01,3.814272167273781711e-01,5.776746927620944883e-01,-9.197193254289537379e-02,6.248651416305539552e-01,6.358039488221997049e-01,8.171288948173904831e-01,7.258175424166650735e-01,8.738955499586973374e-01,3.171794478997733147e-01,8.838611706943103608e-01,-8.607142969570491520e-03,8.720524108716865008e-01,5.163002302820889344e-01,5.218325827971037612e-01,9.321131575269409053e-01,7.416473311841611515e-01,5.493244231520133525e-01,8.770318951347573222e-01,5.722672128056064400e-01,4.126300506473254970e-01,8.495614658898660299e-01,9.944343977053604622e-01,9.900113008478350629e-01,8.219919956095183000e-01,7.552461445237652615e-01,2.650968180476462321e-01,2.464442835337255500e-01,7.142213159577399662e-01,9.693464711067795170e-01,5.521187954215471816e-01,7.973408331428031293e-01,7.963961540464408184e-01,6.929591226601949927e-01,4.014258108139466263e-01,8.547804330019929120e-01,5.605634731275506155e-01,4.475412034173494313e-01,7.569048107690579119e-01
9.152558021335225336e-01,9.501586275106443935e-01,7.341082995315878490e-01,7.040400592892902543e-01,4.306957117505341159e-01,8.612814009239842805e-02,7.476579711792596949e-01,3.310757890593710728e-01,2.290203128156848011e-01,6.079667227141041241e-01,7.891125166738590657e-01,2.995987796536008774e-01,3.823545040011846474e-01,8.815628461206279631e-01,5.348591565815992155e-01,6.346399250141940840e-01,7.816071240044226709e-01,0.000000000000000000e+00,8.325983833048130611e-01,8.367789174790065676e-01,8.321716157578161743e-01,8.176012832613063219e-01,5.627318280780602144e-01,6.641144914715461089e-01,6.606935456388318695e-01,7.659276658473845867e-01,8.845004672293445003e-01,8.536131139778329047e-01,4.476250345835451339e-01,3.796316217145760952e-01,2.920121100889908061e-01,5.934143496484600711e-01,7.047069918810093814e-01,7.824687061415552813e-01,7.391850635662799984e-01,2.891194335538331897e-02,1.989803419647383220e-01,7.317671607378383181e-01,6.000419333619697593e-01,4.092833620834165353e-01,4.605047507413995156e-01,2.720476881687848292e-01,9.477493504918198530e-01,2.560206748411614219e-01,7.521064928025003038e-01,7.621776573233247642e-01,8.794634605775578651e-01,7.742231515113765505e-01,5.395723183602100237e-01,6.384040040813540040e-01,4.375184652922046724e-01,8.259821659579050790e-01,7.888716727468101375e-01,8.496151423704301209e-02,8.149738137800149884e-01,7.113411234317841281e-01,8.581015031134052728e-01,9.322262512315737659e-01,7.757819924293243297e-01,-3.854325241542675973e-01,5.926169490407344753e-01,6.837405888411834942e-01,7.618716580421358575e-01,8.988752239924098220e-01,5.728737493720005292e-01,8.466632680879724315e-01,5.654351424646666402e-01,6.067210351051672834e-01,2.381788194236857947e-01,9.903912387432523001e-01,8.754280528010738305e-01,5.969455547729048961e-01,3.029111841980460240e-01,2.428125361571142338e-01,6.929942869287452067e-01,8.172644266301191118e-01,8.516314839751752963e-01,6.230563510593821741e-01,5.665911749072241044e-01,1.252053594423040150e-01,7.269778723184328051e-01,9.568558886209265202e-01,8.035730652217507597e-01,7.395728465847839495e-01,6.023097645023016700e-01
