0.000000000000000000e+00,8.782285592681345898e-01,9.275856910016798684e-01,6.879469595547420546e-01,6.187693117832642198e-01,8.925422070165267563e-01,9.051982532344197141e-01,7.474818869034467461e-01,8.726940824834927835e-01,6.243535822771751898e-01,8.171970780477421092e-01,6.554599474276737725e-01,4.300624167080606686e-01,6.168684565580148105e-01,8.307225045103864280e-01,7.062399459540590341e-01,9.801396553474734930e-01,6.639379234628925985e-01,9.813278968720735573e-01,2.609676846504611625e-01,9.211608709064048606e-01,6.595743201777630738e-01,9.686675952890402286e-01,8.560364987754524035e-01,9.160167881317550220e-01,6.479718193714354424e-01,5.711035285354973956e-01,8.822254856845440640e-01,7.088946633833216326e-01,1.242393243429152777e-01,3.972552612781258818e-01,6.195331336774807518e-01,8.612332986679290814e-01,5.017743740036658684e-01,1.423482670762067637e-01,7.827347708996524878e-01,6.449789998343560260e-01,8.846405536660663094e-01,7.478673329951558424e-01,4.522542415011124306e-01,1.149611019686636731e-01,1.914566700378839137e-01,8.638154576653552796e-01,8.962428167676842472e-01,7.099318630030061472e-01,8.730080724790969526e-01,4.924594112551132219e-01,5.811369614584332988e-01,9.413177430728527639e-01,9.162536891396390049e-01,8.430150357857059129e-01,9.049542323116597231e-01,6.955083247622269038e-01,9.893696362142969658e-01,7.910836591782328675e-01,5.748220568363083816e-01,4.326026316070303301e-01,7.405021791998854797e-01,9.534634665324347447e-01,5.030414521988445520e-01,3.704755751933448416e-01,8.133825674786463455e-01,6.834748794686993367e-01,9.705614294723003965e-01,9.240684416196009998e-01,9.496342387397807006e-01,5.076656904726846165e-01,8.811321514675001243e-01,6.583661341296939140e-01,6.773676064599442048e-01,8.277307323610341161e-01,9.803296424765693962e-01,6.165642670488545862e-01,5.322706534017681568e-01,8.566938646562327619e-01,5.498819714017223470e-01,6.259677593026350406e-01,7.279126016661455756e-01,6.694705136971984549e-01,-1.750425187189885712e-02,8.163290556277927879e-01,8.585593120277031920e-01,7.793236024702446807e-01,2.442114732233413663e-03,6.711727686173138974e-01
8.782285592681345898e-01,0.000000000000000000e+00,7.187391180608356800e-01,8.529365674463099678e-01,6.141458136652033772e-02,4.982530527334068093e-01,4.114397569282800537e-01,6.772252866603301058e-01,4.514830786803575857e-01,5.256842522950617713e-01,7.007312775772358560e-01,3.109639753323882871e-01,7.817541289763707546e-01,5.638173706867151136e-01,7.727361509633635661e-01,4.035067729386399016e-01,9.041597861105049594e-01,8.189686261511955889e-01,7.892172782898458916e-01,2.516670279509654051e-01,9.357906032650500361e-01,9.058908890929288082e-01,8.998517027623853526e-01,7.626421657124627940e-01,3.951318106378003403e-01,3.579723143327195878e-01,7.711512963959394895e-01,4.866446883011563140e-01,5.559099805314102749e-01,5.513579103353928312e-01,2.438961526273595304e-01,9.462472288137232512e-01,9.668794823703704688e-01,7.108586181489299216e-01,6.879663656666515914e-01,4.976617819033982149e-01,4.953622921501611986e-01,6.228917218851114379e-01,7.803448700996610254e-01,6.818824388213404752e-01,2.914348703472080526e-01,7.732156150124975813e-01,8.189568616938194268e-01,8.767864836312929677e-01,9.011548345714462949e-01,9.462915377966836239e-01,6.631714940245656553e-01,5.911322948155001145e-01,6.611966866109627583e-01,4.864715449011833837e-01,4.594341562206027962e-01,4.773327418242616638e-01,8.193725048649311837e-01,6.667547411935270674e-01,9.694569245852460160e-01,4.742570180195786467e-01,9.853969080650497592e-01,4.682431890186424250e-01,6.650807811909045242e-01,6.005408950626741627e-01,3.299816258924531676e-01,5.871191657768617400e-01,8.547416434448067424e-01,5.703894365173615144e-01,9.237484087499558960e-01,7.854874921909572594e-01,2.733905027518009900e-01,6.362436742851407256e-01,6.758691676418536742e-01,6.279313268188069230e-01,7.860372697330274550e-01,8.338667939341413149e-01,5.811142489366309949e-01,4.593969296271714908e-01,7.845208698895822508e-02,4.295947337930847709e-01,8.767099991081079846e-01,3.561237000634765448e-01,2.249698102660181998e-01,3.439458794483789550e-01,7.965800959278287463e-01,9.788315790870933952e-01,9.232494155942944092e-01,1.447257639292060527e-01,5.309295859042544308e-01
9.275856910016798684e-01,7.187391180608356800e-01,0.000000000000000000e+00,5.542303015209530948e-01,8.769960360564812429e-01,8.857910981841401465e-01,6.688349226577881002e-01,9.547542555329617819e-01,7.693096913602687215e-01,6.441492746193072660e-01,8.718433948501843611e-01,3.282443927452635135e-01,4.097118584147843579e-01,8.396691685248627302e-01,7.724342232554775034e-01,8.175232456680625592e-01,8.703901188947555934e-01,8.104086763675204530e-01,6.964069686149396698e-01,5.718614587832582252e-01,8.444997383391037449e-01,9.143618526603753960e-01,6.494702441796359471e-01,6.362675237872639222e-01,7.456161471721418632e-01,6.175111090633910171e-01,6.906794984514300628e-01,6.995216095683990387e-01,5.805524790218367093e-01,5.680403758719294594e-01,5.682538616837149448e-01,6.682032847813295096e-01,8.566519037556347138e-01,3.436096362567279128e-01,4.548497488097009156e-01,4.808383963146681817e-01,4.965048946742178226e-01,6.500797080591040888e-01,7.085459367115241047e-01,6.663271697174825148e-01,7.207287902218395548e-01,5.272265759835665921e-01,2.537963354880941602e-01,8.648115903245623404e-01,8.461254816423008362e-01,9.282420567436429071e-01,9.807229981120637596e-01,8.503006325431292645e-01,9.868316562690122584e-01,9.171768325041332881e-01,9.425137333020255914e-01,7.505249499995972906e-01,9.032474969925259334e-01,7.695607256609356961e-01,6.839204626507693341e-01,4.373812371161561741e-01,7.242095220159651126e-01,6.283136963338059600e-01,9.073800434602506959e-01,3.462859548321288727e-01,2.562769364364677616e-01,8.758529956036614772e-01,4.654660164100070663e-01,8.491569107176066833e-01,8.933375382860402336e-01,8.397044934558327567e-01,8.168686550866315343e-01,6.588796097197247015e-01,8.003638936169975571e-01,4.206084539807587452e-01,5.318375097827685583e-01,5.344536777490922486e-01,5.203517613022028421e-01,7.648921397952015422e-01,6.116357231168125796e-01,7.576079862023774592e-01,6.827193835045984871e-01,9.250879033062542334e-01,4.524311597157270604e-01,3.705633928612082073e-01,8.426387636303018791e-01,9.920445954773194908e-01,6.509644887110794809e-01,8.476066153941070880e-01,8.144414902735865880e-01
6.879469595547420546e-01,8.529365674463099678e-01,5.542303015209530948e-01,0.000000000000000000e+00,2.422314519775741193e-01,6.958100617239881824e-01,6.569909529558106698e-01,2.320626395348784066e-01,7.767339200098535290e-01,9.467818162615907474e-01,4.874605021688342976e-01,3.941098552476053340e-01,8.079835140214516320e-01,8.979899790717791319e-01,8.775956684298928945e-01,8.445680396827874858e-01,6.386770745850135489e-01,1.509729233205411025e-01,9.655195327150060125e-01,8.495435891206686296e-01,8.391216496860736118e-01,7.124104670955406782e-01,6.495985329482127923e-01,9.272163766077518021e-01,7.845909994834548984e-01,9.059211138303473465e-01,7.285253300000100740e-01,9.050592333938913825e-01,4.584182065814552121e-01,-1.394869464620676625e-02,-7.604301108655869834e-02,6.430455228381806165e-01,4.439349606587510433e-01,7.580581496164062738e-01,6.644929094005130876e-01,4.144441250311039493e-01,6.785551143466646007e-01,7.424495802386695820e-01,7.088080541760329867e-01,9.119547075533749325e-01,3.888811793548931917e-01,8.531795526280210318e-01,6.293746409985249146e-01,9.754631226200032312e-01,6.593433920132529824e-01,7.308458947484584023e-01,7.655267603684782207e-01,9.744341156403621973e-01,7.581548714607433404e-01,5.992248262155122074e-01,4.658325162473283543e-01,8.331710525413891233e-01,6.196312460718791382e-01,7.534664460246458528e-01,4.166151708614609372e-01,8.596527282896293531e-01,9.158820936141696123e-01,7.506913248107455194e-01,9.557046280004440897e-01,2.609596699872013259e-01,5.478211887317914197e-01,5.199127468331351531e-01,4.731078069687122412e-01,7.124788792737843934e-01,8.862587837843747263e-01,7.909809636074154326e-01,8.521849400900701754e-01,7.809862119928152602e-01,2.603154649774898632e-01,4.815568107271228637e-01,3.382656599793854024e-02,7.133299730353700463e-01,8.733130005229776671e-01,3.967264007424377015e-01,4.028731300892140488e-01,6.882712717723501461e-01,8.352617248424409890e-01,4.011600410336657041e-01,5.799196842624299020e-01,2.223089079007157243e-01,7.984441913391054912e-01,8.220378737565859906e-01,9.373725917745734382e-01,5.222964917165336951e-01,4.548925172171618958e-01
6.187693117832642198e-01,6.141458136652033772e-02,8.769960360564812429e-01,2.422314519775741193e-01,0.000000000000000000e+00,7.118608125777095008e-01,6.079673390932430754e-01,9.614593392355348378e-01,8.119964987948274926e-01,9.654868133277482167e-01,5.978430934365568383e-01,4.919600095003370255e-01,5.414126805622243577e-01,5.304651479640081213e-01,7.065184498727501705e-02,6.646285575169929016e-01,4.786272291387178579e-01,7.204148301940629384e-01,7.640608722749148152e-01,6.705593830433377311e-01,7.038403955718096627e-01,6.783898979526509221e-01,6.698520158461376273e-01,5.636160625245245637e-01,9.700861107960764285e-01,6.005156545210348362e-01,8.191616135931286680e-01,6.704702118135710265e-01,5.740362765792191846e-01,6.801720768031869202e-01,1.653945620093975194e-02,5.426674862065338223e-01,6.448158670674605242e-01,9.338176074007676908e-01,1.281160663094132457e-01,2.266269959858244754e-01,2.913523873172239043e-01,7.813908761080644583e-01,6.182450328294878394e-01,4.362072468963463789e-01,2.536640621186181388e-01,8.455558431473946257e-01,9.857073581893580627e-01,6.258802356643421438e-01,5.536473024193089287e-01,8.917357728961974317e-01,8.810410458183456361e-01,4.403815244864905387e-01,6.404042158044512822e-01,6.099745208779998595e-01,6.512731033216845322e-01,6.212843308771041073e-01,6.992637245621916575e-01,9.399040781648458909e-01,6.714143020829039799e-01,9.210451181407516286e-01,5.315304173089850925e-01,5.933358444722369729e-01,8.653129274899559187e-01,2.626431665055780629e-01,5.889868507230173744e-01,6.438776723287474857e-01,5.902150544043009983e-01,4.758539794025557490e-01,8.597075395967970213e-01,8.033429589398854986e-01,7.703098999288447990e-01,9.212730642283827320e-01,6.909650364604053019e-01,4.155782274274818500e-01,4.545144404395144444e-01,8.549514402943305669e-01,4.893255628228758147e-01,2.589790744850005155e-01,5.396368703463456651e-01,6.128446947643801934e-01,2.192148388544097326e-01,4.705688090397416867e-01,4.745483397602887066e-01,-1.754696882492642607e-01,6.497929208186392636e-01,6.791302456918656416e-01,9.585847737110280153e-01,4.723808368426093973e-01,7.216270159199669187e-01
8.925422070165267563e-01,4.982530527334068093e-01,8.857910981841401465e-01,6.958100617239881824e-01,7.118608125777095008e-01,0.000000000000000000e+00,3.431639448463453257e-01,6.034406603903613719e-01,9.128922794247523731e-01,6.852091838506343402e-01,5.249358479898115215e-01,9.857277649868012581e-01,6.041318979855839766e-01,9.703370219260246676e-01,8.059789961742038766e-01,7.180137657807101892e-01,6.272618418884099434e-01,4.088145502163063050e-01,2.864926544158738486e-01,9.846724545890012115e-01,9.057143215748394427e-01,6.873270294675377645e-01,7.649125202484113872e-02,4.462093343152943037e-01,3.089938351648301995e-01,6.065493079003199117e-01,6.676230667601983360e-01,7.412549258577709743e-01,6.360982328009787690e-01,5.831884210904872967e-01,6.737969111616737283e-01,8.608345388778493312e-01,4.486104953398051265e-01,3.923926512964324709e-01,3.138518349451735467e-01,7.449115918980673268e-01,6.969403988288690455e-01,7.643662234350978579e-01,4.776999161099411140e-01,5.328644844765587640e-01,7.427061913043292440e-01,3.634639029517651165e-01,8.175359871071823381e-01,8.799993858908743416e-01,4.820092515110027120e-01,9.132812791290049192e-01,7.965593013816074652e-01,7.283497335912001436e-01,5.905892336791604968e-01,7.496617100029281389e-01,3.358721495733864026e-01,6.772750046754046904e-01,8.855137982099018368e-01,8.449781553830589820e-01,8.916929686872722138e-01,7.777890081997483884e-01,6.809305905607136999e-01,9.164575087390454122e-01,8.766631829130715481e-01,7.890368159855265517e-01,-2.935520858142456890e-02,-1.543238105980815345e-02,8.828692102610644632e-01,8.464371501089905658e-01,7.293758046383311822e-01,5.381621723347126407e-01,4.579379745137648894e-01,6.530818109163344376e-01,9.702365685720585331e-01,6.378860575478024764e-01,9.153447036809962967e-01,4.095099768931993456e-01,7.439039808105621931e-01,2.866064388698156273e-01,5.095418130818065716e-01,7.514312442429721406e-01,5.577484984004754676e-01,9.967532165390857735e-01,6.134920757526817203e-01,4.675336120398914108e-01,5.014952719983076790e-01,7.195574748284827571e-01,7.921077039138075815e-01,6.326485414180585409e-02,7.776349955740987641e-01
9.051982532344197141e-01,4.114397569282800537e-01,6.688349226577881002e-01,6.569909529558106698e-01,6.079673390932430754e-01,3.431639448463453257e-01,0.000000000000000000e+00,4.903743588247380658e-01,7.602055021094638043e-01,4.718814756945136080e-01,7.928878345587128118e-01,8.384454332731801074e-01,5.553615881740163740e-01,6.967803748313601275e-01,2.523854287792976492e-01,4.272060105612223713e-01,1.481082877088356065e-01,9.082858019747492850e-01,2.696770564102383139e-01,9.455280751058747768e-01,9.590555736621184657e-01,6.404708233219872371e-01,6.298499746462473681e-01,8.824345696467891242e-01,4.574251229195503976e-01,6.188791007707566960e-01,3.637192237755916269e-01,6.564909367455801226e-01,6.011103200068539376e-01,7.431030417055303205e-01,2.008296003691270246e-02,4.600869931633555510e-04,4.555700175084116399e-01,9.385659940145276714e-01,4.812960859173637806e-01,2.733896027895321712e-01,4.230375958001788006e-01,5.273306489776050654e-01,7.634374433976723884e-01,8.245663530194090596e-01,4.219226108648395646e-01,3.497374220379421139e-01,9.398531933393602378e-01,4.776975062345736878e-01,8.764667204342139195e-01,8.626478381903464054e-01,7.035987835696680959e-01,4.772823450786145560e-01,7.588193066305705115e-01,6.826368427895859181e-01,7.367970644073070785e-01,6.706855610540831680e-01,4.641301912504006699e-01,2.894324210959108856e-01,6.873642994677767737e-01,2.937617347664999157e-01,2.098501283308546461e-01,3.134027404723763177e-01,9.924940758963022303e-01,5.590710506635426791e-01,5.120009446815185772e-01,4.415574017001377416e-01,4.099849237868238294e-01,9.309979401006041044e-01,9.691443055668823581e-01,9.267262969659025851e-01,4.629229326020128932e-01,9.353530440182115102e-01,7.562277354453974532e-01,6.967302093605147739e-01,5.703804920807313827e-01,9.426729937462147157e-01,4.065602853281026219e-01,2.575573143750606309e-01,7.981018110344416661e-01,7.436740076687416989e-01,6.116426802880718938e-01,1.623105752999299545e-01,4.187531932207644858e-01,7.473710432631605061e-01,3.070455933091750245e-01,9.884506692730818944e-01,7.568730383689938890e-01,1.261441916414756115e-01,7.604862708808565186e-01
7.474818869034467461e-01,6.772252866603301058e-01,9.547542555329617819e-01,2.320626395348784066e-01,9.614593392355348378e-01,6.034406603903613719e-01,4.903743588247380658e-01,0.000000000000000000e+00,8.008172061525590246e-01,5.063199074452747750e-01,9.173289614627683219e-01,8.425971639131025759e-01,7.137761678374283658e-01,6.762523585557796979e-01,6.580149042087093392e-01,8.170533286293800712e-01,5.807456551145524504e-01,9.285133307635469180e-01,7.036118979180622235e-01,7.977096268624160880e-01,7.990268358416858785e-01,5.568937829804065931e-01,4.521223915382787117e-01,7.240039871190555587e-01,7.861146553101368006e-01,7.042620501478122907e-01,8.413430975991489369e-01,2.951326983364844225e-01,6.327934653237873297e-01,4.739916737086135035e-01,3.641665578879750842e-01,6.926781285437190183e-01,1.278845975441953442e-01,3.811903770901657884e-01,6.303168729439810603e-02,6.623764934196365584e-01,5.248059795943962325e-01,8.240201920535583646e-01,9.378749196483191497e-01,2.840363374756245118e-01,2.130403934574639779e-01,4.161625215868858252e-01,7.193828245181455028e-01,5.875835238472764122e-01,6.958384385038016706e-01,5.679292301094112094e-01,6.305087511627659458e-01,5.692563052966285175e-01,6.342135670956103866e-01,5.659496907139074384e-01,8.726675298493895561e-01,5.774202679281382755e-01,5.780762315720324729e-01,8.264760074295098846e-01,4.624368919357392249e-01,6.878488562629765379e-01,5.822413450097865262e-01,5.978523489993747830e-01,6.536919658551576529e-01,2.233095906868371450e-01,4.755191008216965165e-01,6.028995679366595528e-01,2.201844611430914256e-01,9.269937164996152612e-01,9.551778223660649658e-01,2.593346709115242898e-01,4.212461254050241521e-01,8.600755438597897928e-01,9.272976747220070814e-01,8.224979052942733571e-01,8.401920331578024426e-01,7.273648837396684552e-01,4.957067973252245463e-01,7.567184478032010775e-01,4.803049654284121117e-01,8.730001018429847104e-01,4.084888304018650662e-01,6.912954292536227507e-01,2.963822913679646787e-01,5.642208151170949870e-01,5.402033540821948865e-01,4.157407253129245528e-01,6.818299556647559045e-01,6.492261365370013415e-01,4.530494584032032646e-01
8.726940824834927835e-01,4.514830786803575857e-01,7.693096913602687215e-01,7.767339200098535290e-01,8.119964987948274926e-01,9.128922794247523731e-01,7.602055021094638043e-01,8.008172061525590246e-01,0.000000000000000000e+00,4.016965679656002708e-01,3.379264052285492204e-01,5.515628327175828849e-01,9.654438483482158384e-01,9.198516223997922348e-01,7.771914104286212766e-01,7.342516094833082541e-01,9.413063286787913819e-01,4.919992791941137367e-01,7.741243396937722565e-01,6.706001293971914912e-01,5.839811132471334210e-01,6.542943974364298088e-01,5.709764716207177404e-01,6.874785063853642297e-01,8.193495143294783345e-01,4.808999514927359553e-01,8.675225921058797862e-01,6.700116200951813372e-01,7.996701829435977071e-01,6.342755711170026123e-01,2.480025643974710092e-01,7.262181455975520450e-01,2.437543027869853440e-01,4.816004473807937170e-01,1.291240388231872371e-01,5.940165961866930022e-01,4.558681634436541064e-01,4.728764931595081933e-01,6.724898060495649865e-01,7.582189010264912543e-01,5.251792851667560491e-01,8.669395553470069515e-01,7.054723637393993663e-01,3.340226532575797380e-01,7.380354778028045404e-01,7.270633074065204760e-01,7.274517962307593955e-01,3.768095887520628295e-01,7.563538842440713506e-01,9.635367393431829575e-01,2.079299357575375984e-01,7.005848723278693679e-01,5.168245835466601656e-01,4.502921635615063645e-01,9.333958608498378329e-01,7.734147060174236810e-01,7.013664192194702940e-01,6.886527887289229932e-01,8.814914040941738138e-01,5.388995160911967952e-01,7.875719098505495896e-01,8.816343608459475956e-01,5.189847660166280185e-01,4.187103808480290290e-01,4.241276811806278246e-01,3.745478111493070195e-01,6.582468855351818471e-01,8.877590988607941824e-01,3.004970035060917088e-01,4.733699735839858036e-01,8.310024484061299122e-01,7.123522815969498545e-01,4.258872845406078689e-01,6.127005698384876409e-01,9.504705778783950620e-01,5.787690605934114885e-01,7.436926289383355426e-01,9.048940122297370880e-01,4.790099386366705181e-01,7.433363361157405702e-01,4.245641355178115806e-01,7.381052049579049923e-01,7.415961727710169704e-01,7.297413241441212950e-01,6.749020799281078009e-01
6.243535822771751898e-01,5.256842522950617713e-01,6.441492746193072660e-01,9.467818162615907474e-01,9.654868133277482167e-01,6.852091838506343402e-01,4.718814756945136080e-01,5.063199074452747750e-01,4.016965679656002708e-01,0.000000000000000000e+00,5.097761482052773907e-01,8.214858253090151496e-01,6.888562252745356052e-01,6.234428196765650076e-01,7.885858690156604123e-01,7.465999755068203347e-01,7.911579827271673082e-01,8.658893412437784765e-01,7.110051119179048307e-01,9.392951459626115440e-01,6.272139319345748643e-01,8.951332566359907483e-01,7.830539349869389820e-01,9.049947698499073434e-01,9.092822174675558866e-01,5.213719234706648553e-01,6.702280343641239257e-01,8.247982580253556684e-01,5.018264626297610498e-01,6.942080484202928226e-01,1.054108218206871728e-01,5.531680091693811363e-01,6.594555455435917590e-01,6.262888765499798893e-01,5.743536901215082757e-01,2.448921817078479335e-01,3.994497379578186846e-01,2.511475190850129269e-01,8.496061913450722036e-01,8.685487581714192995e-01,3.300291314000922682e-01,7.127882067744674144e-01,5.155739609513939614e-01,7.031948333355381164e-01,6.760039687101475625e-01,8.860404510932486932e-01,6.922665944103306712e-01,5.469378221136196316e-01,6.772971897230949390e-01,7.135374685422091190e-01,2.972953030713490485e-01,8.283437121724486207e-01,5.628476183924904230e-01,4.618480935308015844e-01,3.980812172288819006e-01,9.307921861208160452e-01,9.328071914809021870e-01,2.125943135740033518e-01,9.789962989024161288e-01,4.698382765935996130e-01,3.676175500644026650e-01,3.860743650039852870e-01,6.212250650138102515e-01,4.366893242767736494e-01,7.084190099405962560e-01,6.001689669830984064e-01,2.353866670259742722e-01,5.714852131216081599e-01,7.507369193732229551e-01,7.928366190009805692e-01,9.269560023553159445e-01,5.560626398776119528e-01,7.656206184737901488e-01,7.636608988154589550e-01,8.689781737514677973e-01,5.905527193465611724e-01,7.480127576117474586e-01,8.489747089061375207e-02,2.074164769218085069e-01,2.879966623897406430e-01,7.514710429921604984e-01,8.326714835116215685e-01,8.123767732854093593e-01,5.432254929567804647e-01,6.105400872177815241e-01
8.171970780477421092e-01,7.007312775772358560e-01,8.718433948501843611e-01,4.874605021688342976e-01,5.978430934365568383e-01,5.249358479898115215e-01,7.928878345587128118e-01,9.173289614627683219e-01,3.379264052285492204e-01,5.097761482052773907e-01,0.000000000000000000e+00,9.433160178471431401e-01,5.372407295576698827e-01,8.966227522055906229e-01,7.232358852457929643e-01,9.168810560416910116e-01,5.144889842760347332e-01,6.336054258904848524e-01,5.066687325580390144e-01,6.092196065389916537e-01,7.759188934572068541e-02,3.618373928915104287e-02,8.262402280322294068e-01,2.238047475176562773e-01,7.534923547997856019e-01,8.731954608332364032e-01,8.275334212031510983e-01,6.479608627725574888e-01,3.989460813379497872e-01,2.367664736454526409e-01,2.079775134805038617e-01,4.003095345646632275e-01,6.114315463300360465e-01,7.370909544249663048e-01,6.321897490316890078e-01,5.516511659546640134e-01,3.957042067130541740e-01,5.848631427739396926e-01,6.279384849851642469e-01,7.132543208685160341e-01,4.498210554100162684e-01,9.534779544796851969e-01,5.751413012074317876e-01,-8.210430809746695202e-02,9.693276639822481222e-01,3.445929124865245718e-01,7.338532785221035804e-01,4.866513572031807011e-01,6.475612189984850664e-01,6.978965524867352110e-01,-1.590732800909323841e-01,7.376897147748400219e-01,2.106528729864563521e-01,9.322389558212380578e-01,8.655059219896877876e-01,5.400253636189822348e-01,3.008005447658650411e-01,9.717736142445612124e-01,8.269842449956641417e-01,1.298466950077713233e-01,3.962872628124156082e-01,9.657046250112448771e-01,9.585965038520373183e-01,7.680730102417936411e-01,8.936231997852152054e-01,7.523638007845057096e-01,6.415577363843435466e-01,7.490268751391570001e-01,4.693059067354385938e-01,7.723936791124778045e-01,8.711126606424202112e-01,6.053548795530064863e-01,5.509980234528650822e-01,5.488247224043599770e-01,9.960796368400925971e-01,7.132122572980816866e-01,6.124840844699743769e-01,4.557391673601833282e-01,1.497735234631488999e-01,5.028542754400406878e-01,4.072788133335847327e-01,4.235581190137279739e-01,4.020769233907406370e-01,7.638362236013271911e-01,9.995902495239296082e-01
6.554599474276737725e-01,3.109639753323882871e-01,3.282443927452635135e-01,3.941098552476053340e-01,4.919600095003370255e-01,9.857277649868012581e-01,8.384454332731801074e-01,8.425971639131025759e-01,5.515628327175828849e-01,8.214858253090151496e-01,9.433160178471431401e-01,0.000000000000000000e+00,7.887758172205703300e-01,8.596298061336848928e-01,6.946134708432002425e-01,7.603900495423285832e-01,6.148077879709327176e-01,6.643505226328851876e-01,5.694622984774828645e-01,2.484795619291508273e-01,6.718554376866373024e-02,4.911202943975278012e-01,8.173995712331276753e-01,6.232119061051156761e-01,2.424153082728587039e-01,5.531900978496032684e-01,7.763430404370632587e-01,7.340904409132459341e-01,3.410243482247223845e-01,4.571014782450574798e-01,4.576896390514769708e-01,8.794318517398390656e-01,6.183223731249715138e-01,6.032943992908044173e-01,8.773782217912028392e-01,-1.091602340768230706e-01,4.744163721660237254e-01,9.591469933288336858e-01,9.817787917516802576e-01,9.938291067962949921e-01,5.704885576711691275e-01,6.166910296399361613e-01,9.239445272260726760e-01,9.781256560017677071e-01,6.621963554323931911e-01,4.882988110225567335e-01,7.339614324270978818e-01,7.591732239233516255e-01,4.713123046454358311e-01,5.472247330560362499e-01,1.274807219046990570e-01,4.122783747378121477e-01,4.736178766269815155e-01,7.003319140908033091e-01,8.925025649615162537e-01,6.738516389196570477e-01,9.093770528156512878e-01,7.129916936355498169e-01,5.113867988519864571e-01,5.629653698265976169e-01,3.874903462673568999e-01,9.616971219867942455e-01,8.927107427579493715e-01,6.526932898214528045e-01,5.370893242276139068e-01,5.867148542098351571e-01,7.111629418302533034e-01,6.302607847411187958e-01,9.834559722348358290e-01,6.323199279654491134e-01,7.845218886764420141e-01,6.895819293436153963e-01,4.958898103326202511e-01,8.589812336192629294e-01,7.674116158010748645e-01,7.420772367211926346e-01,8.617553607343202415e-01,8.283881162739410442e-01,4.188310815082934013e-01,2.440067653325324604e-01,5.504559864435568661e-01,8.874522828063250435e-01,8.224285643840776316e-01,2.558631109831677186e-03,9.428427134288286382e-01
4.300624167080606686e-01,7.817541289763707546e-01,4.097118584147843579e-01,8.079835140214516320e-01,5.414126805622243577e-01,6.041318979855839766e-01,5.553615881740163740e-01,7.137761678374283658e-01,9.654438483482158384e-01,6.888562252745356052e-01,5.372407295576698827e-01,7.887758172205703300e-01,0.000000000000000000e+00,6.283536130371942807e-01,8.168775954548147533e-01,6.701958582587448365e-01,9.398502080398377645e-01,3.309134613815927772e-01,6.313493159411461830e-01,2.701944363623841605e-01,6.719892904817230672e-01,7.615534808706873049e-01,9.281339383889597450e-01,8.328847989134509078e-01,5.197354283687517507e-01,9.931339298736379106e-01,8.563488020387465260e-01,9.954720405357604385e-01,5.412211699307543089e-01,2.922573938253897330e-01,6.727032172157705325e-01,4.009231073418533242e-01,9.600522764333717651e-01,8.213880437941383228e-01,9.215370969168575899e-01,4.457666887569554093e-01,3.058524628909974896e-01,6.103639748553720823e-01,9.154143299440073989e-01,4.333866890235749114e-01,8.995044342423913486e-01,8.709548328097374004e-01,4.173787564521090343e-01,9.229537080551093453e-01,9.648950034855159341e-01,5.699124581541092915e-01,8.217439755343101115e-01,8.304459463431788091e-01,4.274725172459855616e-01,6.414298843034302866e-01,5.496117653358745248e-01,9.519731061624852053e-01,8.772475325475919128e-01,6.280677097026551303e-01,6.139935600090126178e-01,5.182188478724921721e-01,6.631024497519993899e-01,9.391099085675436164e-01,3.283791314302093589e-01,4.184554383195880911e-01,4.786647856387973299e-01,2.359475042058092331e-01,8.390916208590079028e-01,8.636237718771788696e-01,7.815743464078956926e-01,7.302291311373302340e-01,7.219430276667538893e-01,7.216425561454880011e-01,9.704740548258324884e-01,8.749490232934797884e-01,9.856086583003395019e-01,8.455871337345467476e-01,2.252987894289387172e-01,7.190122461651679009e-01,3.441922854713696522e-01,6.545417141183460519e-01,6.307044686585443483e-01,8.927058985143547787e-01,5.065184420698949364e-01,5.792662795779410789e-01,3.051594861207218012e-01,7.202804479593827303e-01,4.308389392228140213e-01,9.053586124440476945e-02,8.378597548285857677e-01
6.168684565580148105e-01,5.638173706867151136e-01,8.396691685248627302e-01,8.979899790717791319e-01,5.304651479640081213e-01,9.703370219260246676e-01,6.967803748313601275e-01,6.762523585557796979e-01,9.198516223997922348e-01,6.234428196765650076e-01,8.966227522055906229e-01,8.596298061336848928e-01,6.283536130371942807e-01,0.000000000000000000e+00,7.749674518330832429e-01,4.186098121564718610e-01,9.253005956528445042e-01,6.698908807727471659e-01,6.043840566008557014e-01,7.254556128480471600e-01,9.160831015000144850e-01,9.666037865778245308e-01,9.371995177425113122e-01,2.529029409457260735e-01,5.654401006457795420e-01,4.567537635473266633e-01,5.898221602814903708e-01,3.546954020857939760e-01,4.294838333638379968e-01,4.900225424271409391e-01,4.484616324994111780e-01,7.521819110571636990e-01,8.796582778878032638e-01,9.166616204125520584e-01,9.893685464308139554e-01,-1.147952278739853837e-01,7.433649723232430562e-01,5.386693866991010271e-01,8.610399665531580649e-01,7.212149473134461530e-01,6.082081657698027444e-01,1.028549640053833536e-01,6.409671503434992701e-01,2.714327000573205084e-01,3.158720460198667923e-01,9.316250580939647863e-01,9.816722632409939919e-01,8.878123568383546882e-01,8.468680237152906853e-01,4.724994440529622364e-01,8.477636720305585794e-01,8.174184002241592362e-01,4.324502391361588760e-01,3.933321900293667017e-01,5.622984479100436861e-01,9.946992660013430632e-01,9.292738503960443763e-01,4.662242046139057350e-01,4.700613980309584772e-01,3.227579404365297222e-01,5.889421096235518682e-01,9.355322637509299044e-01,7.342742107670340301e-01,9.931746872085721600e-01,9.283562238957058232e-01,8.930247235101714809e-01,6.716312661817530616e-01,8.141865669486983981e-01,4.027563745675056817e-01,7.696692579188774141e-01,8.749604974300562166e-01,7.130565912871138501e-01,6.950153201267130765e-01,7.185635241142772633e-01,4.963086023924896395e-01,8.296929134420151231e-01,6.186747785116948617e-02,9.893352572627175379e-01,7.125270721047953504e-02,9.662261141352120053e-02,6.214040319382263533e-01,9.866828211364883083e-01,4.493172988792512590e-01,3.395783226090766660e-01,6.004005196525774579e-02
8.307225045103864280e-01,7.727361509633635661e-01,7.724342232554775034e-01,8.775956684298928945e-01,7.065184498727501705e-02,8.059789961742038766e-01,2.523854287792976492e-01,6.580149042087093392e-01,7.771914104286212766e-01,7.885858690156604123e-01,7.232358852457929643e-01,6.946134708432002425e-01,8.168775954548147533e-01,7.749674518330832429e-01,0.000000000000000000e+00,7.767094281835308367e-01,8.618018212803195688e-01,4.330521874319898656e-01,7.674136448830894963e-01,6.567844703600217438e-01,8.716748481460889764e-01,6.013934739792117234e-01,5.331008397483574801e-02,9.374678937116134314e-01,6.461149805286940939e-01,7.568001778475157426e-01,6.634635146614908940e-01,7.976392592870349407e-01,4.273323206216329551e-01,1.329404145590941944e-01,2.385826691041098568e-01,6.778451319742736514e-01,7.391241109866807379e-01,7.545942923205696262e-01,8.088082909714756630e-01,5.743080844753140068e-01,5.130949653553726897e-01,9.408493690789919706e-01,8.353175656487760170e-01,3.578909286798636069e-01,7.478169323405563507e-01,5.947865360914271760e-01,8.232777418574825923e-01,5.577777091743059135e-01,7.727583855958531922e-01,5.710326617746852573e-01,8.859653497402800726e-01,6.405202389693005482e-01,7.579754084861546337e-01,1.716779620113128568e-01,6.800800995482521039e-01,4.620349317841242476e-01,7.225468498401097506e-01,7.252795614062643725e-01,7.524576303586620885e-01,6.175845834373386856e-01,6.737441131463051125e-01,7.937819982429575871e-01,8.452530936773752224e-01,4.150507224376499549e-01,4.379000230553613537e-01,6.660087642722274381e-01,1.889346859889823038e-01,8.794407951740832452e-01,9.333134036959691571e-01,2.167403495690014004e-01,7.714741635651474194e-01,7.122726184481427136e-01,-3.130884479625659078e-02,4.038735663702714418e-01,5.508054233900951946e-01,7.119844058544718690e-01,7.099090597898807253e-01,5.700102662682431376e-01,4.360426361763385383e-01,6.883631824372211661e-01,6.467962534470549363e-01,6.330083468838491045e-01,3.541025187376074801e-02,4.422025150665436777e-01,7.590686715579856303e-01,8.992885772215081230e-01,5.498186872351213950e-01,7.768684155748207809e-01,6.590419474206977712e-01
7.062399459540590341e-01,4.035067729386399016e-01,8.175232456680625592e-01,8.445680396827874858e-01,6.646285575169929016e-01,7.180137657807101892e-01,4.272060105612223713e-01,8.170533286293800712e-01,7.342516094833082541e-01,7.465999755068203347e-01,9.168810560416910116e-01,7.603900495423285832e-01,6.701958582587448365e-01,4.186098121564718610e-01,7.767094281835308367e-01,0.000000000000000000e+00,9.195737208662331241e-01,9.137042557028709489e-01,5.563687075509883284e-01,8.361723140578189994e-01,4.073280592250814736e-01,6.374304169090512229e-01,7.469374916275982601e-01,7.168584576186588508e-01,5.707638132415500387e-02,7.088023792840163484e-01,9.144476080136727525e-01,6.317325197041517848e-01,7.812461882526819945e-01,6.221832864993058765e-01,3.892190294357911196e-01,2.396827629412893457e-01,7.825436265920617807e-01,4.323353984271582906e-01,6.464345748572561945e-01,2.185171984039569748e-01,4.364125926100752562e-01,6.168869266204057844e-01,3.913670220206777461e-01,7.060549523837874597e-01,8.582941366487121249e-01,8.269993049785504535e-01,7.081578034469175886e-01,8.701815628091134069e-01,7.711158046825010715e-01,9.948668697823710438e-01,6.710150236707138616e-01,7.795833550097451548e-02,6.530951677970628921e-01,9.176117799690820531e-01,9.107685059720616039e-02,7.217209641648649754e-01,9.148461180231225454e-01,4.339324769826702899e-01,9.902895056068840018e-01,8.277521713012044868e-01,7.877914714334854906e-01,9.455619530623233793e-01,9.468491584875015077e-01,2.208209955120739587e-01,8.884068618007945339e-01,4.667908823888063385e-01,9.386561661391955580e-01,6.648891058881215566e-01,3.202745225706324916e-01,5.291701690551302573e-01,9.859029836210913000e-01,8.906028504806063895e-01,6.051854189602765555e-01,6.667684685904762265e-01,8.958441543714453781e-01,9.948482852598776738e-01,6.923082592282858716e-01,6.574952404058074240e-01,4.726631250015655428e-01,2.353876179816455916e-01,7.210668815765158834e-01,6.078413545574887777e-01,4.358541594268385277e-01,2.426560656225839607e-01,7.810127496506147349e-01,7.738234353443199653e-01,3.037613988983060009e-01,2.952387114405586876e-01,6.038041923922805587e-01
9.801396553474734930e-01,9.041597861105049594e-01,8.703901188947555934e-01,6.386770745850135489e-01,4.786272291387178579e-01,6.272618418884099434e-01,1.481082877088356065e-01,5.807456551145524504e-01,9.413063286787913819e-01,7.911579827271673082e-01,5.144889842760347332e-01,6.148077879709327176e-01,9.398502080398377645e-01,9.253005956528445042e-01,8.618018212803195688e-01,9.195737208662331241e-01,0.000000000000000000e+00,6.000821076935582976e-01,6.588965192063033216e-01,3.184041221633721053e-01,6.221151785516941812e-01,6.995504886980945525e-01,4.694868988457519543e-01,7.892997286228272680e-01,6.846294153815318806e-01,6.987516299434531897e-01,8.726847033270769272e-01,6.658250998297798873e-01,4.367543673435481666e-01,5.673125735703159478e-01,2.544365111618029363e-01,8.986527940351972665e-01,9.142388810136621302e-01,6.029271752698140974e-01,9.481741410679924709e-01,8.895953386785983019e-01,4.349783840012751979e-01,6.767408931299446762e-01,9.669145887853032306e-01,6.585390230424066349e-01,2.761630098848518733e-01,9.718259287171818750e-01,6.380911809210102481e-01,6.290179182453355944e-01,8.653997126478352175e-01,6.021421872469090442e-01,9.489735309867624036e-01,8.310657528374846281e-01,7.806434963767098223e-01,6.774366737752246515e-01,5.273356687227288564e-01,8.135855095446309360e-01,5.946724569028475349e-01,9.837967239569931355e-01,8.230743812121301684e-01,8.233621273537539142e-01,8.023162636477390031e-01,4.140328908169271238e-01,6.561470422307259520e-01,3.311506615202305381e-01,-1.827632117897692865e-01,7.775041801253286256e-01,7.062719939824108062e-01,4.107481178502582209e-01,6.051690017829712831e-01,9.917101671599345414e-01,6.169565451817441426e-01,7.814995715337584858e-01,7.194216376567790228e-01,7.189918886355575189e-01,6.036757010280787705e-01,5.887642611970340667e-01,3.968432654374844937e-01,5.800036625565138104e-01,6.792898260643144281e-01,6.165932991548382924e-01,9.182404337455070120e-01,7.220746994421451959e-01,7.833937363814262866e-01,2.833564972017060812e-01,5.769727506834658737e-01,4.931733937095833520e-01,2.310156169713993846e-01,7.178106171005075309e-01,7.923473124822617564e-01
6.639379234628925985e-01,8.189686261511955889e-01,8.104086763675204530e-01,1.509729233205411025e-01,7.204148301940629384e-01,4.088145502163063050e-01,9.082858019747492850e-01,9.285133307635469180e-01,4.919992791941137367e-01,8.658893412437784765e-01,6.336054258904848524e-01,6.643505226328851876e-01,3.309134613815927772e-01,6.698908807727471659e-01,4.330521874319898656e-01,9.137042557028709489e-01,6.000821076935582976e-01,0.000000000000000000e+00,3.449632068324299805e-01,7.679315106161699322e-01,9.718508332225315183e-01,5.614985326455955716e-01,5.699224534016518184e-01,7.945295978430959583e-01,4.483390981291339172e-01,7.930575112167714824e-01,7.821487082481056730e-01,5.266414348054015981e-01,5.652838999985185797e-01,6.346161304022097660e-01,4.264427974756662687e-01,9.592806049708628713e-01,6.047536454437504316e-01,9.630032771650042234e-01,4.485060471045334562e-01,7.385508148977639742e-01,1.558895384394690942e-01,6.428953221205289115e-01,8.678308255553255357e-01,8.032651348772859023e-01,3.662658275040466260e-01,7.132555396007186355e-01,9.119374431758445754e-01,5.950154162184037032e-01,8.948144750155346827e-01,9.598546528950933077e-01,7.972200824408859354e-01,5.690124977462733824e-01,7.633461864350423731e-01,7.287288908015447930e-01,5.535750104041490260e-01,5.797958956809418085e-01,7.618630990781711798e-01,2.879040729746585869e-01,8.480809763179525396e-01,8.013752602321945195e-01,8.230491550073738560e-01,8.282119940248103829e-01,9.203246876654097575e-01,4.907080137230077771e-02,4.985611831114941106e-01,4.589654318863204407e-01,9.184000435221386649e-01,8.222058815907730134e-01,7.327837167486519476e-01,6.115561894033897383e-01,4.790625078456527408e-01,9.935050084525178793e-01,5.900901965571752061e-01,6.172161160442429795e-01,7.489503100477715725e-01,6.276785926296655216e-01,2.012617378830912629e-01,5.523597497705604598e-01,8.854267543585777611e-01,2.550546368320795176e-01,9.818897339970834581e-01,6.247747841375939082e-01,2.428071353049894854e-01,3.591713445927047221e-01,5.064976507543038631e-01,8.873444912563197562e-01,7.441103790681883323e-01,7.090005620119168572e-01,6.348127723382754883e-01
