0.000000000000000000e+00,8.597748180112497751e-01,5.994615400392520055e-01,3.589275953780689532e-01,9.959352761353653660e-01,7.042436927263939772e-01,8.366099657492156449e-01,6.756284309111342257e-01,7.904604980872746989e-01,8.209194423149726028e-01,5.294089106117448873e-01,9.249384511993453684e-01,7.972303990018014819e-01,8.659894399632515061e-01,6.383741938358515888e-01,7.770296720906058052e-01,7.690026617832121936e-01,3.722493305400443320e-01,7.854689830662238137e-01,6.544385406497235103e-01,1.941408623037956804e-01,3.790220025853180963e-01,4.283982355378449514e-01,8.839929137240019053e-01,7.596035942599315138e-01,7.641098835359413366e-01,6.219080993698403725e-01,7.144856424397543204e-01,3.171094815110269555e-02,3.917409209738536013e-01,2.868491209646364393e-01,8.053081236945603960e-01,8.347541326225453862e-01,5.409603970693368513e-01,9.856757047537852978e-01,2.766853054845859750e-01,3.194278676273875073e-01,7.394859066566875638e-01,7.690067929790008749e-01,8.736306143703197469e-01,4.382921382286463219e-01,7.251635495535981857e-01,5.314131368145067480e-01,9.224329830314528245e-01,5.556967883161594290e-01,8.411785500469297627e-01,9.654276227763290974e-01,9.860939015251712902e-01,6.032857385146256357e-01,9.845366549438893111e-01,8.914054337023937791e-01,9.077060977655065921e-01,6.329664080830186279e-01,8.611636856632348680e-01,7.977820897803195033e-01,7.429303258296734436e-01,8.106084902474137710e-01,8.145889143517067721e-01,5.807604010192979338e-01,3.926134942490488999e-01,5.022324178715171783e-01,6.184470524459709795e-01,4.071002514401405592e-01,4.641272767556261503e-01,2.069982373495817818e-01,8.822923537649199899e-01,9.182545940237326620e-01,7.264100999426511551e-01,6.234636645529829657e-01,8.562975610245531222e-01,5.690606520890739706e-01,8.952598913517643142e-01,1.761966359739127186e-01,7.107410016357764704e-01,9.404377256706508703e-01,9.066316436331972595e-01,6.478246885099935293e-01,8.012038568582721121e-01,2.862837710850502093e-01,4.107084621210165265e-01,6.047600674813504718e-01,8.134683299447923455e-01,8.881240638058313097e-01,6.602510962209977574e-01,6.196076438402231545e-01
8.597748180112497751e-01,0.000000000000000000e+00,9.773293691176133668e-01,4.532047157806494697e-01,4.305122108060476238e-01,6.956573115109767613e-01,7.878558852877411978e-01,7.179565518525007350e-01,1.300496577407106724e-01,5.635775127137234719e-01,7.648137567748732879e-01,4.448458389696516302e-01,2.171069814090068051e-01,6.746160513224122024e-01,6.822149887725730277e-01,6.104800752351111637e-01,8.137584696593247457e-02,9.235792392509890592e-01,8.435454677751582642e-01,7.010000185607240253e-01,8.720847769034144603e-01,4.531454653887699302e-01,4.733262667592019191e-01,8.855306042679358391e-01,6.365160154243143520e-01,9.823289714499213732e-01,4.507791110709976068e-01,6.007416876332655198e-01,4.541493220739638570e-01,7.576255528280626539e-01,4.050650744259824965e-01,5.055092075812737118e-01,9.978978095661409364e-01,9.295807351321678791e-01,5.597942789423366872e-01,7.619151595340531991e-01,3.729887185110729586e-01,2.266339990349681144e-01,6.226093001965562479e-01,4.354910013507444222e-01,3.049578640132269980e-01,7.831433743435598505e-01,6.307942195366337268e-01,3.528432847167679021e-01,9.006535999084658295e-01,6.347719818325346930e-01,6.453878356289135532e-01,7.560804744242430875e-01,2.553089373775030424e-02,9.598831095919798662e-01,7.344331032486093314e-01,2.092678837510826284e-01,9.452985189351723605e-01,2.972345733348994434e-01,8.525553668939999108e-01,9.062846756973655937e-01,4.687817567308780187e-01,6.781899219728568795e-01,3.682667408981968871e-01,7.945451933670154565e-01,3.372837011666458551e-01,4.239188204478369082e-01,2.962579745490207528e-01,8.128773799506867626e-01,6.432086995609307412e-01,4.196854580548611824e-01,8.705512956999581498e-01,6.254602272185693090e-01,4.420348542790407120e-01,7.893013601652607569e-01,7.105341311986659303e-01,2.830434919993673470e-01,3.954048262433131899e-01,5.697142987993026875e-01,4.188805697595599509e-01,6.474748793198611407e-01,9.785120178928192747e-01,4.289242733632590010e-01,6.326262267973208342e-01,5.957757935735965571e-01,7.804307261146161689e-01,8.706288523120103706e-01,8.507542030253062437e-01,-2.858923133746583134e-01,6.355155667982191892e-01
5.994615400392520055e-01,9.773293691176133668e-01,0.000000000000000000e+00,8.468247289955750379e-01,6.252913990438117020e-01,8.235883074383762992e-01,9.237804504582759479e-01,8.696608957149010166e-01,8.688588848553586708e-01,7.892268802591879684e-01,9.382221720853036739e-01,4.998720374786687071e-01,6.123988296876941018e-01,8.526677751870944677e-01,6.996974108288760430e-01,7.064764198593588285e-01,9.571715359764749742e-01,3.816056132846761262e-01,9.796187253625753266e-01,5.808781149757882289e-01,9.587962377216422416e-01,6.246392368005678764e-01,6.931860774743082709e-01,9.090911455672426866e-01,5.339705412962194586e-01,9.281711496591202870e-01,2.007656984699053848e-01,6.702070323807406416e-01,6.136040984756313543e-01,8.669565313476345070e-01,6.006928116697242137e-01,5.691874815032748058e-01,9.500897522113862514e-01,7.345514748259152071e-01,9.316570164641750917e-01,7.213242018806378386e-01,5.332466024877714483e-01,9.729325353426814260e-01,7.888979876662733925e-01,3.843457238512640872e-01,1.579936204667510002e-01,9.915142363767557310e-01,8.615783508888779085e-01,6.698204041920179375e-01,7.033675331869196912e-01,8.592117153955115549e-01,6.446010312823576838e-01,6.223003646994768046e-01,9.697496279810263742e-01,7.226130985141202556e-01,9.498438424572358540e-01,8.490131366807971425e-01,6.551034906183605955e-01,8.985814273530434715e-01,6.962238117685275451e-01,5.226710279179448415e-01,6.519195283686332054e-01,9.884499169686132847e-01,5.941110108258912392e-01,4.767542682001743026e-01,1.441450334432441693e-01,8.862388293800976813e-01,7.584004113812561343e-01,7.045580386746108648e-01,1.348167026523647838e-01,9.972545719550194310e-01,7.481820747996200671e-01,8.402500337956122500e-01,9.396085770482026645e-01,8.578883176956572099e-01,8.822232521034278907e-01,9.605604345274756373e-01,4.943018214950477551e-01,-2.313593081871312407e-01,8.317846251815661507e-01,4.945693489069480364e-01,9.966138744427066598e-01,8.554185143523298507e-01,7.196880121685402809e-01,5.758319677167059725e-01,8.900907590733285746e-01,5.222394576859565873e-01,9.967470536727864872e-01,8.363279551135645029e-01,7.242838154110102789e-01
3.589275953780689532e-01,4.532047157806494697e-01,8.468247289955750379e-01,0.000000000000000000e+00,7.827883926480673216e-01,6.376314585313539451e-01,4.887033300761077781e-01,4.454020060516284407e-01,5.069166676124308157e-01,1.211665573884618541e-01,8.338611653362527631e-01,7.004550063557958284e-01,2.476775243351611033e-01,6.061516001616467086e-01,6.311364581003522378e-01,4.632018309569189141e-01,4.472370219777239697e-01,7.722808995348476868e-01,8.992954109579827104e-01,6.314019665314947183e-01,8.540664987420416576e-01,9.792886891056689080e-01,8.126518009399879006e-01,2.777203406441679512e-01,4.501679386442551389e-01,2.907393817261772484e-01,4.590550206177290704e-02,8.648026993089635850e-01,4.874186195954847145e-01,7.780927351921260726e-01,5.917465101898089497e-01,7.316134346430606117e-01,7.790309209349448594e-01,6.063312805906113656e-01,9.702518711574027455e-01,5.232768144104866792e-01,5.646412294159666168e-01,6.776895922196278788e-01,6.731801866573163817e-01,6.934918187946982338e-01,4.426397292687088147e-01,8.764177129769672447e-01,2.622799363894023905e-01,9.285498481023324313e-01,9.489057913354803642e-01,2.331882203851739777e-01,4.417458516342785968e-01,3.903422270737960109e-01,4.397190238978192500e-01,9.694561767346033809e-01,9.467943275597805464e-01,7.163659643888639073e-01,5.757410153666711050e-01,8.661950738223307411e-01,5.836847539357905568e-01,8.425502779283673416e-01,7.832686958537574129e-02,5.730447562959729568e-01,6.433736362103328332e-01,5.089780787383795246e-01,5.912711249975679539e-01,8.778076520538879990e-01,7.408044345821450660e-01,8.003688764741984096e-01,8.104851366475955832e-01,6.060085584742753717e-01,7.710555524199675936e-01,8.146666449467795390e-01,5.400354161019010890e-01,6.435758962740407707e-01,8.403937776257631720e-01,8.162493416190450546e-01,9.733810280479368027e-01,3.068626517789742048e-01,6.728526155886600524e-01,5.458730784523782020e-01,7.959798832916172850e-01,3.528305385765397872e-01,2.682679945756386575e-01,3.443303729909866218e-01,5.892784970376782061e-01,8.062685765283699180e-01,6.992000088458681928e-01,4.019248742604266678e-01,3.092297596034159768e-01
9.959352761353653660e-01,4.305122108060476238e-01,6.252913990438117020e-01,7.827883926480673216e-01,0.000000000000000000e+00,7.470674635180540868e-01,6.904671093426744122e-01,4.174962180532979517e-01,7.081601878770018565e-01,8.928240239045307503e-01,9.209657905043354686e-01,7.694984460799237924e-01,5.656800562070174454e-01,4.677638674800735363e-01,6.952041676612981114e-01,8.541022596559870728e-01,3.220982864073066998e-01,7.639920171317572395e-01,7.803867535557219570e-01,5.968406577870217777e-01,8.635507753419003896e-01,9.035962720590263730e-01,4.125113716788742502e-01,8.842289607738327284e-01,4.515701312611489215e-01,7.460554860674389888e-01,9.944100283928125616e-01,4.023515779843802598e-01,3.356791428695907742e-01,7.179454736959632877e-01,6.596939708935225521e-01,7.201211535902667382e-01,8.787442286759936660e-01,6.610168118433598083e-01,6.490706837212167901e-01,2.949184289132448789e-01,7.688662208934293751e-02,5.736724654936076195e-01,8.583369917248738767e-01,7.723726068278247148e-01,2.035246474322749410e-01,6.852246900450679190e-01,8.507958392641192802e-01,5.249278784134860931e-01,8.037158775651090936e-01,6.503880110857332975e-01,6.153391370232548230e-01,8.779577309514096095e-01,7.533264579142807671e-01,7.667795559443264519e-01,6.012140784928483583e-01,7.137312624680290929e-01,6.019943608901993093e-01,9.856204972774083028e-01,9.374476428821502116e-01,9.641146956119012179e-01,6.798551731434812062e-01,2.792840531231348677e-01,5.958011846229906983e-01,1.408669476036067125e-01,4.616605661097362145e-01,5.106168688375991582e-01,7.954312659164410881e-01,8.641705433362053546e-01,6.343012015141953341e-01,7.128631834742211737e-01,7.853550259254656885e-01,8.248455360075649390e-01,5.621172784899545194e-01,2.973050386973890569e-01,9.258578331224067703e-01,6.759602966028428472e-01,4.636914387172161867e-01,2.056640252875353014e-01,5.852456916966589651e-01,9.428853908445505860e-01,4.957162540377945126e-01,6.373042503074048959e-01,6.263195001321454347e-01,5.069177723736044694e-01,7.765324191581884916e-01,5.276283997523312230e-01,7.324590016802731141e-01,4.165030600397502947e-01,4.991002362994419461e-01
7.042436927263939772e-01,6.956573115109767613e-01,8.235883074383762992e-01,6.376314585313539451e-01,7.470674635180540868e-01,0.000000000000000000e+00,6.461607478402182636e-01,5.546209908533186184e-01,4.795738322611488025e-01,7.798546921221952699e-01,4.633268327257435981e-01,3.288680318598612429e-01,2.183111185465172466e-01,4.769924388377080327e-01,9.994429447080692697e-01,8.653117522020731256e-01,9.478192473829173403e-01,9.419159308483509019e-01,6.884937525666890989e-01,1.668665906312633285e-01,9.451940784191498190e-01,8.494713321936301353e-01,7.068227827852862077e-01,8.735340082468938672e-01,-3.809854827907355190e-02,2.044719617312897586e-01,8.690924285559478157e-01,3.117020612280723135e-01,2.246160454292326358e-01,2.554240215803371683e-01,3.174672822709878051e-01,9.712766243712507297e-01,6.609559355113092671e-01,7.579927926382200587e-01,4.791979664195165078e-01,-1.273066391492611027e-02,3.510734103400485751e-01,4.828430457434851886e-01,9.659926914390551955e-01,6.981125932152781877e-01,5.568689852181291089e-01,9.802325627261596619e-01,7.836013818345386461e-01,4.637337007283738877e-01,9.982732522260876484e-01,5.176087761044708691e-01,4.451862049681861722e-01,9.141106576450398480e-01,4.611307975252225688e-01,2.387232967466432904e-02,-1.201975206753412295e-01,9.707881480202608104e-01,4.668132926033714547e-01,6.022356000287465427e-01,9.433123798547260463e-01,8.180292787178456981e-01,3.185600392013162030e-01,8.716574363088591682e-01,4.943767981986489923e-01,4.258015082690681519e-01,2.577317000901425681e-01,9.681634342844712693e-01,9.957502876312738227e-01,6.089234716453453267e-01,8.592964869766129832e-01,6.968238048735120316e-01,8.135745310134014918e-01,9.577977876667864710e-01,4.881071107196761627e-01,8.729691581450177429e-01,9.598332667672609952e-01,7.897827458763729824e-01,9.435905221108730201e-01,7.786114600008133824e-01,6.759490131372459798e-01,9.785580407918059720e-01,6.317372527869541399e-01,8.712654152216711134e-01,3.290812184313686162e-01,7.954843898414898362e-01,7.236396007341678871e-01,8.004134178605668559e-01,5.137156665747748541e-01,4.104958000095388360e-01,8.919647495269091841e-01
8.366099657492156449e-01,7.878558852877411978e-01,9.237804504582759479e-01,4.887033300761077781e-01,6.904671093426744122e-01,6.461607478402182636e-01,0.000000000000000000e+00,4.925056514382400996e-01,-1.239388135526141993e-01,6.841444175772778413e-01,5.278867240135761696e-01,6.875036849531738214e-01,7.538673245635595377e-01,3.038050928016818863e-01,5.726427510253198072e-01,5.244465126630154517e-01,7.452817059269831734e-01,8.473310826437271404e-01,6.864174614389578766e-01,9.698079984100480555e-01,7.187242750512832234e-01,4.072733231089336048e-01,3.315067497353231252e-01,9.473696149761229313e-01,6.377662184604818707e-01,4.745180396975099968e-01,4.427734936908064856e-01,7.182908401040531965e-01,6.501155878098306973e-01,7.405557080091456079e-01,7.552565665884231061e-01,4.377242399524415850e-01,5.298140027754796311e-01,2.094559961733645781e-01,7.065450653009549553e-01,2.049100571291058714e-01,8.795003881153073966e-02,6.963226753001868774e-01,7.047614317643154935e-01,3.982895761151477032e-01,7.535656224033736306e-02,4.508096114373523755e-01,8.814434898321293899e-01,5.122490618967437959e-01,9.497663752279257299e-01,5.645854717018676805e-01,4.678633616117482408e-01,6.488660585186357688e-01,9.419498247639402910e-01,7.626479561779700989e-01,9.215968312171703147e-02,3.789374719651395201e-03,6.090826537988078826e-01,6.977162890604783341e-01,8.080027138079627358e-01,5.569140822085151266e-01,9.528895778144501616e-01,3.250730238446154496e-01,7.347016604937612883e-01,1.992603748699967037e-01,5.058436643182347980e-01,4.256162291160395794e-01,5.630068309581495178e-01,9.160563814761529811e-01,8.511497926651412360e-01,7.403040724190436128e-01,8.429123994351416238e-01,5.425192288685630748e-01,7.562932972252482955e-01,9.628871035835481207e-01,4.241935131950942406e-01,7.017256485290123136e-01,2.079841800281769515e-01,8.893874637346849132e-01,2.025745055966699515e-01,8.484751074080701949e-01,6.811028619976584597e-01,3.865135318660362640e-01,5.162468978000199771e-01,5.603282026173397323e-01,5.874184179656121163e-01,7.578616790569373540e-01,7.241456885891428552e-01,5.331151088941467053e-01,6.108797359782452974e-01
6.756284309111342257e-01,7.179565518525007350e-01,8.696608957149010166e-01,4.454020060516284407e-01,4.174962180532979517e-01,5.546209908533186184e-01,4.925056514382400996e-01,0.000000000000000000e+00,1.010915100414485485e-01,7.646723859461315165e-01,5.030528167659877870e-01,5.886027683630362661e-01,4.905062715575704280e-01,8.728123830556278051e-01,5.621502091893285646e-01,3.919412819954265492e-01,5.260447465992799110e-01,7.567014530967683950e-01,5.500103330687864389e-01,8.508912079432935371e-01,6.332730120584870726e-01,8.226938394834256707e-01,7.110392340547510015e-01,9.497779422273990857e-01,5.011126561788444844e-01,8.432624467690709169e-01,6.221076587829673654e-01,5.553868939067453381e-01,6.098637955945673816e-01,5.573926606301350395e-01,7.620565989399743501e-01,6.826067924731683556e-01,5.980993921152834014e-01,9.205279334476298425e-01,4.039292385824857501e-01,4.131515933739057234e-01,6.053937474520595385e-01,8.854438345463992999e-01,4.505327777249432675e-01,6.967309301991071457e-01,2.582192455003746168e-01,7.682102569595464225e-02,8.473176244366023013e-01,2.563983306721325239e-01,9.863269359224891009e-01,4.762100346377717841e-01,5.633293708647643117e-01,6.449754747811969890e-01,2.654450290657955902e-01,5.487475348269098552e-01,2.647895839245028582e-01,6.027525125185230204e-01,5.806329504603572333e-01,6.746045674643136314e-01,2.456322504991833577e-01,8.156154639807149387e-01,7.357971026248653901e-02,5.671588287879908430e-01,9.820450500779639436e-01,5.077241488397170599e-01,5.753657831847487358e-01,4.729047323835089411e-01,2.417523898532573656e-01,4.015410669770550500e-01,8.742426786887586010e-01,8.006634345151328880e-01,6.450484174269636162e-01,6.359031778330175300e-01,9.386148457210448104e-01,5.971612831063000115e-01,5.107480263707149248e-01,5.070071287121671322e-01,6.836593941396780227e-01,4.123009197221740862e-01,4.386860505109462238e-01,7.816345926090655372e-01,8.880180374677891786e-01,4.067422525150121704e-01,2.443810520123839702e-01,2.268145571841106434e-01,4.393523029613534137e-01,9.236230429016353272e-01,3.107494353574419277e-01,4.239849483785640971e-01,4.245472619661235791e-01
7.904604980872746989e-01,1.300496577407106724e-01,8.688588848553586708e-01,5.069166676124308157e-01,7.081601878770018565e-01,4.795738322611488025e-01,-1.239388135526141993e-01,1.010915100414485485e-01,0.000000000000000000e+00,6.567195764295854499e-01,6.910073335442542541e-01,9.197946543216435344e-01,8.045277525798596452e-01,7.844041857887249503e-01,7.120948351188849390e-01,6.778562504874099393e-01,7.612332109967174798e-01,6.959774521112289669e-01,3.940202401886052641e-01,9.177047388999167721e-01,9.530746863010000069e-01,3.216561608623422219e-01,4.943215752165209254e-01,6.341675116011818991e-01,9.994554039416590763e-02,5.440769764609481030e-01,9.607979472138747923e-01,3.546156895749706939e-01,2.729987993157919623e-01,9.925590445010123997e-02,6.893837756394114447e-01,3.543538506982507608e-01,7.697589841590831705e-01,6.017865698267784724e-01,5.833447980885887452e-01,2.371722926944778709e-01,3.807593960054794224e-01,6.630443725651238296e-01,4.315045841790726144e-01,9.700281288209253727e-01,6.704000500676342567e-01,4.005677442974882041e-01,9.305332857103237876e-01,7.353115928840960880e-01,9.936376361261763934e-01,9.432206412093383507e-01,5.734625461273388236e-01,7.281957491347516020e-01,9.610781051164091204e-01,4.898976388239993374e-01,6.467561826695865657e-01,6.365700557997158171e-01,9.397071642683110237e-01,7.539795490013436741e-01,5.498474193576948776e-01,6.335437988018973732e-01,9.185070341688915674e-01,9.831169457866529848e-01,9.483092832647346260e-01,3.148859928007731734e-01,8.771612896866315401e-01,4.053867123545111806e-01,4.031931922543103841e-01,7.802005129300942921e-01,7.800081753973837628e-01,7.850126140993705093e-01,3.279396369287947838e-02,6.754343102976682056e-01,5.296385852675213890e-01,9.266380327798651173e-01,8.619509525755018053e-01,5.072207032955090567e-01,3.879071485508406303e-01,7.686462619174972977e-01,4.556399679420817805e-01,6.118517869104549423e-01,9.749791061936479153e-01,6.320046648983845827e-01,7.345213267591997885e-01,1.410047710873900961e-01,8.030664343302688080e-01,8.105761814972818335e-01,7.598192657929004890e-01,7.472988106323580348e-01,5.276545029791832597e-01
8.209194423149726028e-01,5.635775127137234719e-01,7.892268802591879684e-01,1.211665573884618541e-01,8.928240239045307503e-01,7.798546921221952699e-01,6.841444175772778413e-01,7.646723859461315165e-01,6.567195764295854499e-01,0.000000000000000000e+00,8.621932214251188942e-01,7.255958287690305042e-01,5.778332542687472095e-01,7.406973081156887906e-01,6.550334910178685632e-01,6.142203841699253042e-01,6.451434476679526187e-01,7.848559947322418795e-01,1.043549769326293231e-01,5.277726350419826851e-01,6.375156629719991308e-01,6.267921194781712613e-01,4.720179346764185047e-01,5.173186649223483480e-01,7.936097898245351168e-01,7.314032844583006066e-01,6.191539820840252784e-01,7.758293074231055186e-01,3.938217723533447012e-01,5.589696398619662387e-01,4.127113306740381460e-01,1.311614347892332832e-01,8.840490722827504255e-01,9.966726566711441304e-01,5.837847512152012364e-01,7.884589245710631467e-01,3.911809006186679483e-01,7.446875277699908091e-01,7.000315972530065656e-01,8.714197639912604210e-01,2.764715141865272882e-02,8.659315977994668234e-01,6.058539631003920789e-01,6.165058102995262246e-01,8.497068422123861264e-01,4.095509495270035494e-01,7.846748335763403803e-01,6.936479185346832166e-01,8.726362074284257364e-01,6.762970231922358355e-01,4.076309120726188118e-01,4.524582625748583276e-01,5.060471252129935538e-01,6.464629835189333873e-01,9.679196539084421458e-01,5.364839469926886428e-01,8.579297768871413377e-01,7.035833282300860692e-01,8.474513721621947937e-01,7.159888897436129662e-01,3.885653365941970083e-01,7.710723517088101664e-01,6.645841301101660381e-01,8.118026569559479988e-01,9.842201919063432447e-01,6.180400407661453821e-01,9.434109891143859228e-01,9.050318077578363152e-01,8.261074166322500689e-01,9.797307661671970092e-01,6.451751614274753299e-01,5.005375210322676738e-01,2.164768680187383401e-02,9.805174828443914414e-01,9.925025636028192988e-01,8.260099926809798543e-01,6.649386556687403305e-01,2.816590334951525887e-01,5.313960711028297146e-01,4.842739819550452296e-01,3.684990924209289309e-01,9.871182142361767387e-01,5.779068177314241606e-01,5.623532188958050293e-01,7.783953579874776096e-01
5.294089106117448873e-01,7.648137567748732879e-01,9.382221720853036739e-01,8.338611653362527631e-01,9.209657905043354686e-01,4.633268327257435981e-01,5.278867240135761696e-01,5.030528167659877870e-01,6.910073335442542541e-01,8.621932214251188942e-01,0.000000000000000000e+00,4.364350875286061582e-01,4.959226238888416183e-01,6.815297057596633179e-01,2.704648587977659391e-01,7.788993875106839937e-01,7.354372300749052460e-01,1.897440775121213008e-01,3.771019656376359830e-01,5.149154592292216615e-01,5.408918411208809562e-01,7.866466190668915948e-01,4.954619113671653308e-01,9.785469401006777757e-01,8.290755231155940708e-01,7.597071273745283904e-01,6.023422707439179957e-01,9.220980367828569557e-01,-1.030306387307850374e-01,2.619616096968119257e-01,3.875527299719664920e-01,6.620041648966343839e-01,9.673191040042696809e-01,6.628544375388460974e-01,4.548023577676760243e-01,4.447848765549897165e-01,6.329368731505677914e-01,4.305023126050585569e-01,6.000171385175209204e-01,8.737132917372469887e-01,3.862895694919404876e-01,8.597680107636135327e-01,6.361528832910259279e-01,9.859001127816550136e-01,8.289496972510983497e-01,3.815591874782279236e-01,8.365192604403374199e-01,6.169479309978783688e-01,7.618090736313424260e-01,6.278064593007691707e-01,5.352615435403123012e-01,9.303647339872912481e-01,5.229214404773186997e-01,7.654602497776370473e-01,7.775477229268419332e-01,9.295669656042543361e-01,8.707693119821757755e-01,5.836043994156223658e-01,8.416740029166467352e-01,2.240367268325557659e-01,5.838625026601101942e-01,7.347162876563534395e-01,7.956781491820849039e-01,6.216752189958832941e-01,9.068457056246510550e-01,5.390489307939801966e-01,8.525254219775282305e-01,8.152554268403894300e-01,5.922481080178677582e-01,5.010932428073653355e-01,6.369190296351535663e-01,6.041096799918863613e-01,7.391599535305868329e-01,6.533785659573067006e-01,2.566311546587853876e-01,9.872666856768577137e-01,7.014463007042571752e-01,2.524485433134386336e-01,6.740225003215034594e-01,3.242031912652972858e-01,7.414799439099024614e-01,4.638175118503806149e-01,8.703773698774236456e-01,2.653420967794717922e-01,9.037952818529815247e-01
9.249384511993453684e-01,4.448458389696516302e-01,4.998720374786687071e-01,7.004550063557958284e-01,7.694984460799237924e-01,3.288680318598612429e-01,6.875036849531738214e-01,5.886027683630362661e-01,9.197946543216435344e-01,7.255958287690305042e-01,4.364350875286061582e-01,0.000000000000000000e+00,9.190556433377941037e-01,6.425628501460723951e-01,6.051727864387179689e-01,3.126742963304877110e-01,7.158298810695102876e-01,6.043623731556865275e-01,7.369752212543154712e-01,9.850228910638759716e-01,7.462619028812591537e-01,8.383152387111205694e-01,9.069326391063473602e-01,8.139814551246810082e-01,8.837967145303458061e-01,7.901654146992720396e-01,9.713884979192346503e-01,7.760823766461548701e-01,7.337342724344341205e-01,4.410238562809581930e-01,2.362309506522120295e-01,5.320339328975194348e-01,5.843030030180021983e-01,4.209363237901567745e-01,4.887654216086168013e-01,2.971940320702056715e-01,4.511576407804916422e-01,7.887107040739833597e-01,8.543255025547082937e-01,6.887564336795412023e-01,7.035247339696127922e-01,1.431995257840530389e-01,8.651463518279787213e-01,9.542300370618945760e-01,8.871203307041723995e-01,6.458086188432005104e-01,6.499901490023713979e-01,4.180371279722938649e-01,7.441633791021147193e-01,7.388080338414512171e-01,4.395872532369635155e-01,6.508290163231225112e-01,8.298166034187831608e-01,6.365217308843980071e-01,6.847236550421250678e-01,5.559641038810765323e-01,8.477906269411894513e-01,6.947700659608444518e-01,8.765093335393832064e-01,2.189424134701130620e-01,2.276836253859581827e-01,7.981440429040739248e-01,7.924785610450676421e-01,9.883777091009751103e-01,6.256215919149037408e-01,4.419476790923812515e-01,9.717121732188631622e-01,8.114184354812987721e-01,3.629323676259640363e-01,7.132110951740407989e-01,5.016592990811089559e-01,6.213209599603737310e-01,5.833206710523189953e-01,1.109986991320448535e-01,9.916786711282293831e-01,7.025011102426398368e-01,8.730461050191293815e-01,7.738605915562336568e-01,1.284463391519724274e-01,-6.272045863403444277e-02,8.133054390557202806e-01,5.789052904648023246e-01,7.938514762825252813e-01,9.671725020328665323e-01,7.881581825379013750e-01
7.972303990018014819e-01,2.171069814090068051e-01,6.123988296876941018e-01,2.476775243351611033e-01,5.656800562070174454e-01,2.183111185465172466e-01,7.538673245635595377e-01,4.905062715575704280e-01,8.045277525798596452e-01,5.778332542687472095e-01,4.959226238888416183e-01,9.190556433377941037e-01,0.000000000000000000e+00,9.924057070812363213e-01,8.562977062398602346e-01,7.833585620105032454e-01,6.234708218682041281e-01,5.687376322961719133e-01,4.246868527087186429e-01,8.373480558294834619e-01,8.686386421777276823e-01,9.132922884062302238e-01,5.460112519911781703e-01,8.734748265095986230e-01,6.119148429973439995e-01,4.652119040664631777e-01,9.536728686560661528e-01,9.595351436310746163e-01,7.749823847144908795e-01,5.350997422397125725e-01,4.050555692880886127e-01,6.763307209655881058e-01,8.004333789243855968e-01,1.655609571389511647e-01,6.105168476559771351e-01,5.363903024014511356e-01,7.936513329775490844e-02,3.852597920810590382e-01,7.502662845874357167e-01,6.752483189101641248e-01,3.011328205893599175e-01,7.122738343602231792e-01,9.805892665285933507e-01,5.987754498285916549e-01,9.270849079444625218e-01,2.039022627455847059e-01,8.215287926110335093e-01,5.865111260073267996e-01,7.175457103552098648e-01,7.071211016874883182e-01,8.087428424793494663e-01,7.420062505274034326e-01,4.180781692492115953e-01,8.630398250912501013e-01,6.264613505644960334e-01,6.149303558896254129e-01,8.370254195005681908e-01,8.447974648796822139e-01,8.742421462663865217e-01,6.565708562733639786e-01,2.229012644225828454e-01,7.377792111332944769e-01,5.630233251911722636e-01,1.527556562189903711e-01,8.516985688353880812e-01,7.291062111868921169e-01,7.802606308022657089e-01,8.669486063570610579e-01,5.152965750568255787e-01,3.703501686883483024e-01,2.278105116780825556e-01,6.568465774809101321e-01,9.163483822089826814e-02,9.909341781437646102e-01,4.391943251494991318e-01,6.768452711408855516e-01,6.953224396701849219e-01,8.077262617991244342e-01,5.487591011262393792e-01,4.739237023383008340e-01,3.877011297669158418e-01,8.461343179596964026e-01,9.909168319781707090e-01,4.062935787916082120e-01,6.518371996840259808e-01
8.659894399632515061e-01,6.746160513224122024e-01,8.526677751870944677e-01,6.061516001616467086e-01,4.677638674800735363e-01,4.769924388377080327e-01,3.038050928016818863e-01,8.728123830556278051e-01,7.844041857887249503e-01,7.406973081156887906e-01,6.815297057596633179e-01,6.425628501460723951e-01,9.924057070812363213e-01,0.000000000000000000e+00,8.467644746504582320e-01,6.314568614151342407e-01,7.358288112808253345e-01,8.668752894271970488e-01,3.612802762666532108e-01,8.912710248467626828e-01,6.610498097886765567e-01,3.871316429924815949e-01,7.024992956432498659e-01,8.150147219319406888e-01,4.184494536287564070e-01,7.334707143134987506e-01,6.226412815016081348e-01,9.075543213837291567e-01,9.050589562511421882e-01,4.979122829472589218e-01,4.028165538432674775e-01,4.654467538968823370e-01,6.509153518061598920e-01,5.928715156492408989e-01,9.458694927586370760e-01,5.248084013441527418e-01,5.012699277597114644e-01,9.006446920923613098e-01,8.001414020062199706e-01,7.759165898898094937e-01,2.466733712430663472e-01,8.857092909896459032e-01,6.132176304158928337e-01,9.628852813838866265e-01,2.336730687697374242e-01,6.695268012824985293e-01,7.277768211147293831e-02,8.215217900022911968e-01,5.704963784651009284e-01,8.017298252469177156e-01,9.449916119528914971e-01,8.169455285893048035e-01,6.606323242244309668e-01,9.080680204838486036e-01,7.270874722522695510e-01,6.926078583347246020e-01,5.173846456203026190e-01,4.861818072818713810e-01,6.274942404368646365e-01,5.892296478109874114e-01,4.652228353142655037e-01,9.534874834678477296e-01,6.020850645567819015e-01,8.170904950382800180e-01,9.978546373361396604e-01,8.887747948217934735e-02,6.218201129870496446e-01,4.436176937878743010e-01,7.952082161863431864e-01,5.138469056881653785e-01,6.207789174595070847e-01,4.250632178084106094e-01,4.933424764108945149e-01,8.573223823862996529e-01,3.696327734696531753e-01,8.977005601501604204e-01,6.708049982849202397e-01,7.098973596107059914e-01,2.715118875245260410e-01,1.369664184009159180e-01,6.122938275981982814e-01,5.886033089847909627e-01,9.065370591851210635e-01,6.273761079975135324e-01,9.857467241394122226e-01
6.383741938358515888e-01,6.822149887725730277e-01,6.996974108288760430e-01,6.311364581003522378e-01,6.952041676612981114e-01,9.994429447080692697e-01,5.726427510253198072e-01,5.621502091893285646e-01,7.120948351188849390e-01,6.550334910178685632e-01,2.704648587977659391e-01,6.051727864387179689e-01,8.562977062398602346e-01,8.467644746504582320e-01,0.000000000000000000e+00,4.002116232242424188e-01,8.978038910300231157e-01,7.453672524853267589e-01,4.838986330408078795e-01,4.905296913488352839e-01,4.049995229062127722e-01,5.972538711551487189e-01,8.305771846630444211e-01,7.683440191550107157e-01,9.293344550209128307e-01,2.927649800752280540e-01,7.820614602315902886e-01,7.778579657672354264e-01,4.460025247287477401e-01,-1.038895813427611753e-01,6.887177789496096159e-01,7.797543830456720171e-01,4.833695664670310532e-01,3.646313315921317910e-01,5.655373123720222051e-01,2.604268980808947531e-01,1.399490299709146568e-01,2.010897646432886487e-01,6.793851977303047018e-01,9.026979989759423839e-01,1.084380254028009666e-01,-3.854526055211748847e-02,2.939807347325187892e-01,9.340804021089832432e-01,3.084944177942329224e-01,3.243239541096825107e-01,6.446550313400141174e-01,7.744059904590082644e-01,9.894924319475209007e-01,6.208158130530262442e-01,8.651803447394308400e-01,6.129051665397008408e-01,2.491340051095188579e-01,4.216390715569407477e-01,6.822863202813326255e-01,7.958811218215693373e-01,5.540960248354928064e-01,7.814510050335079505e-01,8.455232197562522201e-01,4.443494739363928470e-01,3.245166842342654401e-01,2.475612243730969664e-01,7.117721887224187638e-01,9.731558980946882764e-01,8.591974872949130759e-01,7.995683010626191134e-01,6.807094341083953504e-01,9.304777022745808202e-01,7.695186697522612418e-01,7.859805923978879783e-01,9.778706898563728211e-01,7.440743359164880832e-01,7.062191743485750628e-01,5.215029643093072043e-01,9.757191930910258382e-01,6.746135227836875803e-01,8.791331766359546940e-01,1.076626828946967429e-01,5.674390572626576423e-01,1.102590458399232559e-01,4.646788541655657578e-01,9.075165494700131452e-01,7.568031626942011147e-01,5.028515184049704434e-01,7.869902932269960960e-01
7.770296720906058052e-01,6.104800752351111637e-01,7.064764198593588285e-01,4.632018309569189141e-01,8.541022596559870728e-01,8.653117522020731256e-01,5.244465126630154517e-01,3.919412819954265492e-01,6.778562504874099393e-01,6.142203841699253042e-01,7.788993875106839937e-01,3.126742963304877110e-01,7.833585620105032454e-01,6.314568614151342407e-01,4.002116232242424188e-01,0.000000000000000000e+00,9.608903799767876119e-01,8.341034033397111136e-01,7.582458493067916194e-01,6.643859730622792004e-01,8.168397188901989070e-01,6.815830797537878460e-01,6.600524568599571706e-01,6.930999602053024011e-01,7.265623422750820959e-01,7.730378087005496113e-01,7.322391061199925444e-01,6.325573503434414047e-01,6.422917534649088545e-01,6.936930190338752578e-01,1.860487508106767607e-01,9.351939427274423844e-01,8.144449652904239834e-01,5.450531494978362312e-01,6.224868157052515505e-01,4.682942453571092289e-01,5.819733573428812479e-01,2.988919004280898295e-01,9.549184322265426017e-01,2.492349339979359202e-01,3.841593470649447006e-01,1.532789498027183894e-01,9.469574789092362055e-01,3.500353723977625009e-01,8.369593993416970523e-01,6.468937053833909712e-01,9.125776773063575265e-01,8.741837672766710199e-01,7.502976056095272961e-01,5.710802127890902691e-01,4.848755286778613782e-01,8.825142295988784857e-01,6.779368478020365574e-01,8.752063151429386734e-01,9.332708105917280061e-01,7.644873033328412060e-01,1.845307107890296894e-01,6.193052716669504854e-01,3.734393415815485673e-01,6.922942238690011907e-01,2.430051261881385760e-01,-1.881957672417749750e-01,9.648980006802303500e-01,7.253637879968640734e-01,8.276888902533349190e-01,4.075594151876864024e-01,6.544935329620479303e-01,5.606656462768099258e-01,8.424566271059055200e-01,7.953491185984694345e-02,6.851874020057574510e-01,4.937792655422013621e-01,2.288805781380497395e-01,3.661151532211960324e-01,5.571800062292655564e-01,9.508241742271090757e-01,2.607897727133383636e-01,7.453043740933640304e-02,9.350296633996559859e-01,8.323291535711443978e-02,7.623791211421589997e-01,8.268640194822979295e-01,7.447347773040481345e-01,5.460847924437053358e-01,2.784392754749928089e-01
7.690026617832121936e-01,8.137584696593247457e-02,9.571715359764749742e-01,4.472370219777239697e-01,3.220982864073066998e-01,9.478192473829173403e-01,7.452817059269831734e-01,5.260447465992799110e-01,7.612332109967174798e-01,6.451434476679526187e-01,7.354372300749052460e-01,7.158298810695102876e-01,6.234708218682041281e-01,7.358288112808253345e-01,8.978038910300231157e-01,9.608903799767876119e-01,0.000000000000000000e+00,9.176073524678992621e-01,8.129745259555041237e-01,5.818287279739302598e-01,7.970105726910015065e-01,5.292278179961683593e-01,6.846745444758821630e-01,9.643870202043292039e-01,5.164260017182694673e-01,7.110568634256034803e-01,6.232980158999088527e-01,8.732389878297771579e-01,8.157850677398584827e-01,8.416246533642171568e-02,5.535715998040312558e-01,8.676642207876327229e-01,9.135207056207643728e-01,7.723903948672887765e-01,3.226281636387378082e-01,6.550440022016066344e-01,5.060558983597340799e-01,7.596703801717626936e-01,8.981165015270247132e-01,8.423036102353109733e-01,6.571102024111515894e-01,5.632086813247292323e-01,8.384932323878631077e-01,9.959232849898058682e-01,9.610095334640971210e-01,9.188253176659288979e-01,3.604454485583727941e-01,4.702815409775324973e-01,4.160302655918631243e-01,6.572273945224867964e-01,5.904487240560936101e-01,7.774189640883973906e-01,6.944113370680040642e-01,7.449037388544819116e-01,7.509774530048474173e-01,6.103088534165971302e-01,9.691194679380367161e-01,9.799677520492704463e-01,9.845889232341684671e-01,6.823155997042688881e-02,7.487311687098359148e-01,9.627906294353796302e-01,6.968810165010639324e-01,4.163753331719277084e-01,9.759675508381243647e-01,6.029198188173422457e-01,9.470084720986948756e-01,4.483633400611776731e-01,9.983873143725203736e-01,6.770228555891466549e-01,6.515457407671009227e-01,7.091179849020118331e-01,5.911293766368076463e-01,6.753268786185414596e-01,9.521041076703248285e-01,8.502814390801360922e-01,8.227008001063652598e-01,6.505568273876631835e-01,2.114411363877506944e-01,5.706707264716104344e-02,9.268451272429567567e-01,8.478201403436751438e-01,6.529238457179173949e-01,2.473103663677838626e-01,8.193598548459126718e-01
3.722493305400443320e-01,9.235792392509890592e-01,3.816056132846761262e-01,7.722808995348476868e-01,7.639920171317572395e-01,9.419159308483509019e-01,8.473310826437271404e-01,7.567014530967683950e-01,6.959774521112289669e-01,7.848559947322418795e-01,1.897440775121213008e-01,6.043623731556865275e-01,5.687376322961719133e-01,8.668752894271970488e-01,7.453672524853267589e-01,8.341034033397111136e-01,9.176073524678992621e-01,0.000000000000000000e+00,9.005445731754517791e-01,7.504386391414488156e-01,7.889656249991172654e-01,5.730818348731019363e-01,7.429972259398056611e-01,8.629103803033514319e-01,3.085241705548629199e-01,7.094205612407668005e-01,9.611031574142477885e-01,7.691274483963878028e-01,6.970118776569829144e-01,3.810284586834675191e-01,2.452926077944774796e-01,7.375129519463692329e-01,6.483706532554960322e-01,4.606352540171294585e-01,6.349322279656266499e-01,2.164758717371273455e-01,4.040925225653475561e-01,6.017110606879344514e-01,9.731579862133757919e-01,7.687262320809720162e-01,2.724514259561595098e-01,6.016045055101788552e-01,8.540104624506585917e-01,9.339652787281156332e-01,6.158793528404412632e-01,5.641334304924716658e-01,4.984618331712240002e-01,6.050914804231848354e-01,1.718725776322314602e-01,6.428882056982391235e-01,6.688841321622783775e-01,6.091681257678932537e-01,6.187440652211422254e-01,6.900177080895528725e-01,7.184297700423227795e-01,9.196802229629253977e-01,3.615698195036664564e-01,6.753168036159168386e-01,8.803649415516437982e-01,7.384477033059488882e-01,5.354801208055796069e-01,5.558902281063672346e-01,7.482440610007781157e-01,5.013092897494815237e-01,5.605482349753485583e-01,8.991531675880837238e-01,6.805832040873331934e-01,8.459681170696315977e-01,1.374531697799773189e-01,3.590621879714626097e-01,9.771001627124625832e-01,7.150307027152189576e-01,4.159671801879188946e-01,7.432984576033773161e-01,6.553546246077076587e-01,7.112005290826378667e-01,9.846844745327323345e-01,4.602088596116006847e-01,3.158530350324061375e-01,7.647952820384859018e-01,4.257304730128752546e-01,5.319615828949346703e-01,5.121572566082697175e-01,4.035578903495203318e-01,7.443575555678736411e-01
