0.000000000000000000e+00,9.174158915141733539e-01,8.798047128971901998e-01,8.469634862244275197e-01,9.711083558806080651e-01,7.620711610381623036e-01,9.380922812717491510e-01,8.564908299696003535e-01,7.879067936543913131e-01,4.146997065069797372e-01,9.562360386774877430e-01,9.052842030615075863e-01,5.330181903032786828e-01,4.232082543851278800e-02,7.888422041012772556e-01,5.168386580353171444e-01,9.138220578138390726e-01,9.338028604910022512e-01,7.494913237942580908e-01,8.890307906338723587e-01,6.787813673464508923e-01,8.081020851066533783e-01,8.135704872182419889e-01,8.702240032168396811e-01,2.548893482489762441e-01,7.568464463741788606e-01,7.721239855097408178e-01,5.464098311118090745e-01,8.675785588548838856e-01,4.200086413140953767e-01,6.207386739753968374e-01,8.644486584496257064e-01,4.386301409273381524e-01,9.139053768490777996e-01,9.429993502738356348e-01,7.966642391882521324e-01,3.640091474305754415e-01,6.211997137299005711e-01,8.298607159628246244e-01,4.851482825377621544e-01,3.795215030044578053e-01,9.960554644366065302e-01,5.104736223250092575e-01,6.074287274173600926e-01,7.522788681808952882e-01,8.222605219653824626e-01,2.644170109693143589e-01,6.750702496107918726e-01,8.596689001291022425e-01,8.085010451225127515e-01,9.216802101890637644e-01,9.628212207685826751e-01,5.826280440173876585e-01,8.940339572751042629e-01,9.622382704986580659e-01,9.668425828560205382e-01,8.989790179369006040e-01,9.998850097985542140e-01,3.794069592241516853e-01,1.682347325369132063e-01,5.497332646265700173e-01,4.312854818865097251e-01,6.624317489094235789e-01,6.169361319468991134e-01,7.142447720042762738e-01,9.589828006539181660e-01,5.931211134318762346e-01,6.275897872187545801e-01,7.541629856517783059e-01,7.492738825479869913e-01,7.484304383079524170e-01,5.526287843895372198e-02,6.551076217992555240e-01,6.481527184902631245e-01,9.799554787093065489e-01,6.111034183040364720e-01,7.252344350174103615e-01,9.279705660197645756e-01,6.687803642820463468e-01,2.125534537829811277e-01,8.238829489527701444e-01,8.722574560510514274e-01,8.667003160538475637e-01,2.224841030663944896e-01,9.707620143079149777e-01
9.174158915141733539e-01,0.000000000000000000e+00,9.222539805858246398e-01,6.856965284514441317e-01,9.137773090487547045e-02,4.784546136931475124e-01,3.563740712421393786e-01,7.597749054448913464e-01,5.822360899204610529e-01,9.776695311257683763e-01,9.233841424912532236e-01,7.586211598922664168e-01,2.837551286745793044e-01,6.058970642277479168e-01,5.063558037746871410e-01,3.118592287685650333e-01,5.676456542098828884e-01,8.904641710667712262e-01,7.801066912477681026e-01,7.314255025254534637e-01,9.253642635374458303e-01,7.996833428190620596e-01,9.677018763818576730e-01,6.806130167312441914e-01,4.487520221873738668e-01,8.584634243694151401e-01,6.013760758641941706e-01,6.904313613614835310e-01,5.651608263283569578e-01,2.464630304384568538e-01,7.903707512633435517e-01,3.312671256921879692e-01,8.233772985748366580e-01,6.564685016862010780e-01,6.682794609988331747e-01,5.645270916551716756e-01,7.011472273418248857e-01,3.915152866594298064e-01,6.969438278058150971e-01,8.781174461494216654e-01,-3.948219426870425153e-02,7.128652766908969429e-01,8.326287333961986947e-01,4.722557351874045461e-01,9.305770723299715552e-01,8.466921111282428303e-01,8.606555215356288535e-01,6.465530393498805095e-01,7.836901731147156713e-01,5.656504839840450494e-01,5.253408665284675649e-01,9.313313255942633484e-01,7.407995852631152900e-01,4.476242679161513971e-01,9.202537901845502244e-01,5.790759936061434798e-01,7.311822984770305345e-01,8.450947444982237489e-01,9.714273206092334245e-01,4.693982559464665583e-01,3.441160549167242566e-01,5.955478000736811328e-01,6.055766116010335987e-01,7.573591328914462961e-01,5.318737020105575031e-01,6.337987826694844173e-01,6.484356666129948987e-01,9.283983907397969082e-01,5.678023367121165510e-01,5.999331421973945755e-01,9.062047917064124380e-01,2.080833909446905827e-01,7.964400403031530740e-01,5.525787661855428023e-01,5.138827720499148377e-01,9.996332346575027561e-01,4.690955784022586839e-01,7.801270348552769018e-01,3.271263846877390802e-01,7.350832886188396476e-01,7.044923805675136208e-01,6.319699681174369976e-01,9.899424149289006714e-01,7.239442401450212339e-01,6.844146883590259689e-01
8.798047128971901998e-01,9.222539805858246398e-01,0.000000000000000000e+00,8.131880976376463233e-01,9.153883095561432537e-01,5.486802654443859728e-01,6.646382352759666601e-01,7.319025260442432179e-01,7.756067215946288451e-01,9.103923570125733722e-01,8.120463449085815189e-01,7.341329510989083040e-01,7.422934080163939852e-01,9.400074046666595518e-01,9.753458231579029691e-01,6.501507224776186256e-01,4.964483586040758789e-01,9.974467294522769700e-01,8.206556790520060929e-01,7.753762681343143726e-01,8.855400501027643756e-01,7.489572717471191243e-01,8.489511476335245277e-01,3.914961472951226096e-01,6.550703805338350394e-01,1.694950509986659082e-02,9.730465385345592466e-01,8.572431279048282615e-01,3.702096085875644649e-01,7.899142908705788502e-01,7.432144481412489290e-01,8.840731684080348485e-01,8.731152480475180555e-01,8.105427774324720502e-01,8.183829252801421150e-01,5.385329324573980836e-01,5.277726843439841664e-01,9.310937776414837108e-01,8.695888945502325829e-01,8.693463801211571695e-01,5.510014185211935533e-01,9.402494490412185435e-01,2.429703552378083553e-01,8.373158943289408240e-01,6.644148762776392880e-01,8.014139373882149808e-01,9.713654298218857841e-01,8.315152755476419300e-01,8.158051408214800349e-01,8.986179069267300479e-01,7.493533450124097994e-01,8.037116110426533178e-01,6.711107086587394521e-01,9.715736537433488085e-01,8.062690528012999014e-01,7.059040343594725764e-01,9.876963991577751845e-01,9.786855025620927462e-01,9.225183154398959307e-01,8.739055843816770919e-01,2.209486815594780273e-01,9.717498837114445509e-01,7.168528173956620897e-01,9.028661956904947550e-01,3.732705343063275616e-01,2.626680505557035805e-01,6.593787590105223417e-01,8.753598285498189746e-01,5.883542254898816992e-01,7.712048127293839039e-01,3.467413812390132133e-01,3.089594910096133407e-01,4.593555552710096856e-01,5.448775952909656883e-01,7.196953591955634888e-01,8.200865865807993593e-01,9.588366482333428031e-01,9.970314240492297309e-01,2.451559106624932038e-01,2.122841419223642223e-01,2.518080837758919222e-01,9.798409221652675249e-01,7.697221692982360031e-01,9.651280828427530878e-01,4.450195915463585616e-01
8.469634862244275197e-01,6.856965284514441317e-01,8.131880976376463233e-01,0.000000000000000000e+00,6.649433515873235390e-01,9.578944236095030540e-01,7.037059870615780532e-01,8.535135567031018056e-01,9.672705816672504398e-01,7.579679159418620804e-01,3.176003253155210149e-01,9.072653732352630174e-01,7.393548372502333210e-01,6.599444604174680151e-01,6.723221165959661905e-01,9.682486212147871640e-01,9.226374617293204849e-01,9.518315799208468819e-01,8.346784325191998200e-01,9.131024302522658953e-01,5.877075963383853185e-01,9.299971679170218053e-01,9.854146156921148592e-01,8.400044707273882638e-01,1.430082839115323114e-02,6.965342773927668540e-01,7.249266840873515028e-01,7.448406070551036873e-01,7.585498537878923031e-01,2.820084751004759971e-01,7.505494353389602358e-01,9.900083967592239187e-01,9.790998908760105701e-01,8.084896901684656134e-01,9.542415524339116217e-01,6.265760492568938078e-01,3.313191559840762412e-01,6.187077820318273025e-01,9.921831927667636997e-01,8.794824816052599914e-01,4.311375911614911960e-01,9.219430396922891902e-01,6.023666506075301408e-01,7.970153997177856775e-01,8.049505079670210561e-01,5.900326432095942542e-01,6.697079981923761416e-01,5.439347453124537823e-01,5.041330679926840919e-01,6.188702081134156430e-01,6.768641369514667439e-01,8.147549724437684882e-01,8.510240848110052214e-01,8.584487084835887849e-01,5.263730711880098001e-01,4.251441937881522137e-01,9.724228915291964759e-01,9.943961492788253587e-01,2.170032081976820959e-01,6.542083772132163411e-01,3.834689202273014463e-02,7.326374671259842097e-01,6.567829974838925722e-01,9.332694875629157227e-01,7.678878587771220676e-01,9.520058074470281184e-01,6.728406833386432195e-01,7.688824205168914849e-01,3.795272536160018140e-01,9.412601630296433264e-01,9.562567423767300845e-01,6.435428848851365569e-01,6.695260589473405188e-01,5.580491012550072849e-01,7.219447260153422086e-01,8.402558739008175737e-01,9.423929245265112442e-01,3.893721278436065303e-01,4.288556193845152187e-01,-5.120327459968682104e-03,4.322478298137066854e-01,6.140210010666792284e-01,8.794536429643176056e-01,4.579699286498556954e-01,3.808971024439604669e-01
9.711083558806080651e-01,9.137773090487547045e-02,9.153883095561432537e-01,6.649433515873235390e-01,0.000000000000000000e+00,7.409378471439885816e-01,7.902641898354673122e-01,4.895086613600603265e-01,8.986813921733515231e-01,6.282486871311032672e-01,6.509488589186745999e-01,9.911268363488281441e-01,7.250520180644084434e-01,9.717270286825520076e-01,6.913691703821419621e-01,4.638268629359530437e-01,7.421361408104951707e-01,6.243265851338813954e-01,7.124397867688649910e-01,6.650023261355207937e-01,9.396226605979312030e-01,7.933290347672019571e-01,4.906159949841208956e-01,9.571122173600178362e-01,7.560400157366942153e-01,4.486775933573790009e-01,9.516854980667223129e-01,5.802054849425052341e-01,5.684450940504639505e-01,4.249388972915115192e-01,5.463445301310922986e-01,2.635103802652166149e-01,7.231662112336822990e-01,8.024830847832450376e-01,4.782064591150990140e-01,4.313412755485582784e-01,5.853324865980812364e-01,5.418349788115977006e-01,6.331261022754901546e-01,9.796432264539323143e-01,3.298966968250718335e-01,9.840430476528199133e-01,6.337198011799655140e-01,7.112413289317665033e-01,8.968431204172901960e-01,6.136237212298023547e-01,9.419602641342468274e-01,3.036351704499979376e-01,3.088464937205638861e-01,5.628342890968833778e-01,6.094923659637843105e-01,7.431908032398774067e-01,8.837072109840801160e-01,8.985680705450607153e-01,6.355268463355900899e-01,6.705655913390857759e-01,5.442571163159983794e-01,7.063860243507382730e-01,7.606067580988469246e-01,7.064042903822259634e-01,3.356419387466695325e-01,-1.166921035146068486e-01,8.571032157735211099e-01,9.474198371163295995e-01,9.411335682017820670e-01,6.667851244904867691e-01,9.985405930996571477e-01,7.740040407069432860e-01,6.220824762577851219e-01,4.364078370852765287e-01,4.399487369323761277e-01,9.505768950413806540e-01,-1.202366465748955643e-01,4.209170612777780596e-01,2.216989214328537738e-01,8.279977423951841997e-01,6.193774046263046396e-01,7.626490454176245715e-01,-5.658883560858862793e-03,2.785039668134480784e-01,5.404813503355071491e-01,7.019395547267429647e-01,8.781109839046465915e-01,7.531944016820569798e-01,6.350692416584009514e-01
7.620711610381623036e-01,4.784546136931475124e-01,5.486802654443859728e-01,9.578944236095030540e-01,7.409378471439885816e-01,0.000000000000000000e+00,6.930919512667361726e-01,5.074409600471659898e-01,6.356058159582043121e-01,3.696603331071011134e-01,9.588742181723145519e-01,4.185997143961088796e-01,6.805638918522406433e-01,6.191647519953399348e-01,5.859534993914037315e-01,8.695107824954935172e-01,8.743517917235523740e-01,7.682084819422035915e-01,7.395485800609737925e-01,5.626563871021386110e-01,5.620580614264344410e-01,9.426451605297277991e-01,8.635834852362234138e-01,7.511889233407085253e-01,4.164817941095440013e-01,5.519708424901526023e-01,6.362270223288402082e-01,6.125033798056419565e-01,6.909137263038193089e-01,5.683448236464426762e-01,4.935515614420836195e-01,4.535624554697578192e-01,6.063187287816442783e-01,5.115143588407999875e-01,5.303482352982091808e-01,7.599663120257686977e-01,3.493958767320988201e-01,3.034778638146439778e-01,8.222094276656564116e-01,6.652548631559800363e-01,-2.161888701063463536e-02,7.417877514506041603e-01,8.469626145987785293e-01,4.651880242575829882e-01,9.747365769076391517e-01,4.493171090069759122e-01,9.829359330012275020e-01,4.797504694149175020e-01,6.743003610553583993e-01,4.033237506674960948e-01,2.136188657294403048e-01,5.177863741506329998e-01,9.466975286252959920e-01,9.485705846117483686e-01,9.371373323709504266e-01,9.202671703488229937e-01,6.069998748391017829e-01,1.277961014837061815e-01,8.043875997501140906e-01,2.119246275830896642e-01,3.235045731527033674e-01,6.020545103245800167e-01,9.759998198612991338e-01,8.068562364136582232e-01,9.847789317408816023e-01,2.361002128708194203e-01,9.526118807326011684e-01,6.671632210896628612e-01,7.533836625342176241e-01,6.703838286246538436e-01,8.104613921555939848e-01,6.273218069876909109e-01,6.582643452460530398e-01,3.476774681267160716e-01,9.532312957948857468e-01,4.658276065126407822e-02,7.247707629684125852e-01,6.709011167191420988e-01,7.425026921866504370e-01,4.228635154972433252e-01,6.995209029793062472e-01,6.373339373769910665e-01,2.933056663397396457e-01,-1.159702415084670341e-01,6.795511837353287454e-01
9.380922812717491510e-01,3.563740712421393786e-01,6.646382352759666601e-01,7.037059870615780532e-01,7.902641898354673122e-01,6.930919512667361726e-01,0.000000000000000000e+00,2.462740906890017734e-01,7.080009588649330832e-01,4.242008643840188276e-01,6.765498029280141434e-01,5.095009354216083475e-01,9.829660197326076654e-01,7.132042989582707548e-01,4.597966549639808109e-01,7.466884914490148351e-01,5.937989286264871991e-01,2.864505422118734934e-01,6.502078598570155687e-01,8.944793796229393301e-01,7.027390791861295449e-01,6.680784390882613666e-01,7.445096194791043231e-01,6.467531455718270594e-01,6.238597868086882547e-01,7.215073842140024007e-01,5.060676749058889978e-01,5.624331511287572472e-01,7.533720706619815299e-01,4.213284941391808314e-01,3.601767025862505633e-01,6.191031647629601231e-01,5.162975290941802520e-01,7.587406337476990670e-01,7.284030794599591907e-01,4.668273244044747750e-01,5.302566962751311674e-01,6.779632994560025328e-01,7.496676390177050564e-01,6.819227556637088572e-01,5.418534457421400052e-01,5.711926912912000942e-01,8.580804820542711209e-01,7.639692967476737762e-01,9.902440326420003380e-01,2.255824816510969555e-01,5.178879969172653919e-01,6.603252943391182406e-01,6.409850156348211314e-01,6.983101539226437282e-01,4.961443558547343202e-01,7.983004614939430699e-01,8.924744273478839585e-01,6.169854995400124720e-01,7.040127293662612473e-01,6.979648054811168345e-01,4.372773284688092899e-01,7.082684266328892475e-01,9.625769949200216891e-01,9.280855057800597718e-01,2.379364676566086134e-01,5.917679316146688961e-01,9.274781938532146164e-01,9.944821923826565602e-01,8.555540260674103781e-01,5.731103388157468004e-01,7.003386279119445668e-01,9.445306096484826774e-01,6.267328503103716253e-01,2.616998963675541967e-01,4.879150521594926571e-01,5.873810759226805178e-01,2.237757505853087969e-01,7.437993647163477773e-01,7.609669999665042983e-01,5.515440204931203461e-01,5.066300417778560883e-01,6.414968297296819166e-01,2.735679871775344996e-01,5.793967788611237291e-01,7.489294962892255603e-01,9.822895314377657616e-01,8.537335318831107411e-01,8.499609910028758097e-01,9.114474901768728765e-01
8.564908299696003535e-01,7.597749054448913464e-01,7.319025260442432179e-01,8.535135567031018056e-01,4.895086613600603265e-01,5.074409600471659898e-01,2.462740906890017734e-01,0.000000000000000000e+00,3.719609185320880140e-01,2.800331530467168872e-01,4.060518837770644707e-01,2.690825722601023484e-01,5.416577931804439361e-01,4.647536460478031706e-01,4.531771418831084808e-01,6.231913409338787346e-01,4.145878533058121040e-01,6.853112871182944765e-01,5.083650391467349205e-01,7.299268750162511976e-01,9.166475887038963988e-01,4.612870583645912181e-01,7.413463669903510578e-01,7.704778881261236112e-01,6.079736196102315526e-01,7.796098104265739570e-01,5.448363043542205908e-01,9.825553110868808782e-01,7.332853501097518212e-01,-1.179511766576812337e-01,2.721460831438097805e-01,1.910395914958989971e-01,8.902564265197075999e-01,9.449935624434616654e-01,5.646372424192165340e-01,6.493001847474429988e-01,7.514518627406139295e-01,8.857711940436630016e-02,9.832244829139120679e-01,8.838742837101432048e-01,6.791260344650439373e-01,8.394104102201934703e-01,6.041171416822493923e-01,5.461668588468326924e-01,9.917918589064450563e-01,-2.984161026846018916e-02,8.287413325977709411e-01,6.738674133605883076e-01,8.174241405683163597e-01,5.039014373395548363e-01,6.920428815649963816e-01,5.593719218627497547e-01,6.635707487911817193e-01,3.615835230866480954e-01,8.227037508845032043e-01,4.990131268376414853e-01,4.344720741341117076e-01,7.388919619782510217e-01,7.013842837609552960e-01,7.164139541891519913e-01,-1.559763949350070900e-01,4.258530536520296339e-01,9.234175275260302351e-01,8.965525346955238728e-01,2.449568056309337771e-01,6.229658395067346754e-01,6.903289794131788337e-01,8.129311246437935790e-01,6.179496018593187978e-01,1.612089051323257680e-02,7.311256516619865087e-01,6.016599220780890489e-01,5.651612187747709903e-01,1.934174760809398708e-01,9.936843266531520946e-01,8.242389901061718538e-01,3.820378854839460159e-01,9.326089935114498797e-01,4.904595374553384901e-01,7.555228019465860811e-02,8.066586731894136442e-01,8.703511808022655893e-01,6.331422201876913958e-01,-3.100506573305781277e-01,6.354504972761575443e-01
7.879067936543913131e-01,5.822360899204610529e-01,7.756067215946288451e-01,9.672705816672504398e-01,8.986813921733515231e-01,6.356058159582043121e-01,7.080009588649330832e-01,3.719609185320880140e-01,0.000000000000000000e+00,7.230719656896891223e-01,6.409382901025144630e-01,4.842723420659235112e-01,7.918453660978164166e-01,8.889879379960852201e-01,6.816959162629459001e-01,6.687038174848654037e-01,8.964462013507151772e-01,7.962341309409846080e-01,9.461563263642454036e-01,9.472739506463951908e-01,9.788367744781090174e-01,4.173953777872180249e-01,6.467549405445760513e-01,6.068167774918878932e-01,2.638864144072927131e-01,5.644070439128583416e-01,8.880274194879584915e-01,6.907337454905483343e-01,4.382208158140857845e-01,-1.079458749600062245e-01,4.692568055776293878e-01,6.460208038831115607e-01,3.048831210631178790e-01,4.580756620634495180e-01,4.285172562672274754e-01,5.405671422446860497e-01,3.086658122234984258e-01,6.240846591735406124e-01,7.918000663353099711e-01,2.414261203352882634e-01,5.348672346382137288e-01,6.322682115105537903e-01,8.578514609416741932e-01,8.400465247817224812e-01,6.704358377820427428e-01,8.863871497314937953e-01,5.651523838865132321e-01,3.929309997732134407e-01,3.280066543575440585e-01,6.417353424985882127e-01,6.557338509268018090e-01,7.597122832009878257e-01,6.053740577602617634e-01,4.570525159446212071e-01,8.003660380623218717e-01,6.835931750154955466e-01,8.844112092397350411e-01,7.716636197223656346e-01,6.289472381419295433e-01,2.339092343409195085e-02,8.716644535456984366e-01,7.889498762907339868e-01,6.170706189287933352e-01,9.144101723854666242e-01,9.268532415140807723e-01,5.938278692396696812e-01,6.109290423664095471e-01,9.919016629328042400e-01,3.285324726186130695e-01,5.766846900334926529e-01,7.349539055216484096e-01,6.719329421336451835e-01,5.312624869425472962e-01,4.574433344445043015e-01,4.198227216744989110e-01,7.876261043213800273e-01,6.650413802279517839e-01,9.734053084086637941e-01,3.397274153890670334e-01,5.699488537797237075e-01,2.729590528795569071e-01,7.810866420492629247e-01,6.262083158613819256e-01,4.842291612573195181e-01,1.381532571750819505e-01
4.146997065069797372e-01,9.776695311257683763e-01,9.103923570125733722e-01,7.579679159418620804e-01,6.282486871311032672e-01,3.696603331071011134e-01,4.242008643840188276e-01,2.800331530467168872e-01,7.230719656896891223e-01,0.000000000000000000e+00,7.657501663554511229e-01,9.545501367963115102e-01,6.327866645203839013e-01,8.872200867070294539e-01,7.513052873860823766e-01,8.880033268849867323e-01,8.324841158822973708e-02,6.727583704242354745e-01,8.371870771065819117e-01,7.302225631240746306e-01,9.335174655576909952e-01,7.376594600310454330e-01,1.299401140975689761e-01,2.595686472278450063e-01,5.802031244091564455e-01,4.595505497795032701e-01,6.652172709375925308e-01,7.944043581215782801e-01,4.965424469109387395e-01,6.584530536708307347e-01,1.821518255961780963e-01,7.203799320574114651e-01,7.184908165742859287e-01,7.615902526911058068e-01,7.149682679292088672e-01,2.482875685657821296e-01,5.458554921000977611e-01,6.382995864961742427e-01,4.969797019217194189e-01,6.689116765377316476e-01,3.564194303575828338e-01,8.845102304840237739e-01,1.455146050722226359e-01,4.244669376649053416e-01,9.352453689650088720e-01,9.781142595310969856e-01,8.751100434080728574e-01,6.063378540465759192e-01,9.263052250995582604e-01,6.556500314771873672e-01,8.547436738642382181e-01,7.705400278083877064e-01,8.545289764118769726e-01,7.493627785475502900e-01,7.966160682549420224e-01,3.481621987493678794e-01,4.378775812872367501e-01,6.488645356556306254e-01,7.302160329334501654e-01,9.584797640759930015e-01,7.263168283822937221e-01,8.316367836291529425e-01,8.298569959301396182e-01,9.377350093379589469e-01,2.334942920934289234e-01,6.406449886463148058e-01,7.098798840526093779e-01,9.264136275043962643e-01,7.889853743139463305e-01,6.705471068414337044e-01,2.014077958009464209e-01,5.352694907488431131e-01,6.428493749984602879e-01,2.978105333362009999e-01,7.653103520950276240e-01,6.124919976400919897e-01,9.564879966615976725e-01,8.766872959537235221e-01,7.916482505488872112e-01,2.850196282216004295e-01,8.863188223538039923e-01,7.152470851887943182e-01,5.969160066674925602e-01,7.991368426521877621e-01,7.178127995686933716e-01
9.562360386774877430e-01,9.233841424912532236e-01,8.120463449085815189e-01,3.176003253155210149e-01,6.509488589186745999e-01,9.588742181723145519e-01,6.765498029280141434e-01,4.060518837770644707e-01,6.409382901025144630e-01,7.657501663554511229e-01,0.000000000000000000e+00,7.508304142771103917e-01,6.208852314950661366e-01,7.193777400378167375e-01,4.417179452490345715e-01,2.801414185251326905e-01,3.095221749518765053e-01,7.281990893994469971e-01,5.362809510929600343e-01,7.347570975972336216e-01,7.023936861824613409e-01,8.580291877406649448e-01,8.781796191668305163e-01,9.941296938106354286e-01,6.904868404875419419e-01,2.006724205685271045e-01,9.715347446345314886e-01,7.119495370077257856e-01,3.037685338021447676e-02,-3.677191426987580503e-04,2.522243685490318521e-01,3.029640787479025432e-01,9.260798694447136548e-01,9.078687955718801605e-01,4.070851702996849952e-01,1.645735553579331656e-01,3.937432372837013084e-01,8.291284690772732224e-01,8.194948913859438910e-01,6.906808586366328662e-01,5.997076723302849910e-01,3.932463598523016635e-01,9.944211450873169378e-01,9.537196024862514276e-01,9.125903838562436921e-01,6.888003695873913257e-01,7.599245915669564644e-01,9.444779758349108878e-01,7.004803353684995182e-01,4.436478373286082966e-01,9.878659862485883458e-01,7.849206148596690191e-01,9.644554489234193895e-01,7.020377544463364261e-01,8.456985550544444674e-01,3.133491266886726523e-01,8.368806937556794168e-01,9.706937407615375824e-01,9.446915606577305224e-01,6.432218924728148046e-01,5.859848205390247866e-01,7.933204959179251947e-01,6.473019386370041373e-01,6.943806683792231871e-01,8.824166103754338408e-01,8.803031657316656711e-01,9.540010972000680933e-01,6.816946567572963467e-01,7.490724164579716238e-01,6.528055332571678360e-01,7.506818366651076824e-01,7.933723535483103717e-01,4.804811107250253066e-01,4.874470857849693139e-01,4.846818581545422333e-01,7.840166240483751325e-01,7.828531574073663846e-01,7.867307644790364485e-01,6.608145118061179435e-01,3.100862529489720187e-01,7.508550254984773797e-01,9.198005057093372461e-01,6.867186464377653676e-01,6.591116551647878685e-01,7.226058838447606547e-01
9.052842030615075863e-01,7.586211598922664168e-01,7.341329510989083040e-01,9.072653732352630174e-01,9.911268363488281441e-01,4.185997143961088796e-01,5.095009354216083475e-01,2.690825722601023484e-01,4.842723420659235112e-01,9.545501367963115102e-01,7.508304142771103917e-01,0.000000000000000000e+00,9.279471001947826592e-01,8.099850442376551607e-01,7.006068086428633990e-01,8.784733507021905696e-01,8.818492547437454254e-01,6.887481319591991502e-01,2.493099865850606778e-01,5.013953056213332760e-01,8.268870194731094969e-01,5.673838187003131805e-01,4.924290641011860870e-01,7.762977638356667320e-01,6.633500724200195320e-01,8.754327065095970362e-01,9.375406275220680152e-01,8.780726623608191561e-01,7.886083677417110582e-01,7.130303375793188847e-01,4.870786571518678221e-01,9.005697898016732372e-01,9.016839364035476034e-01,9.215831379200078999e-01,7.568637609596753357e-01,3.810010838550096368e-01,3.511961221878159289e-01,7.698951440906783850e-01,6.520701102228556589e-01,7.808040543678068657e-01,2.056639804285313178e-01,8.767073288627404981e-01,6.646568740753536764e-01,9.078939317528585962e-01,9.526047266477815079e-01,8.041262132963414855e-01,6.695462490385518661e-01,7.348407567818274755e-01,3.313214468891295672e-01,4.152161604825972685e-02,7.965192357811442525e-01,9.805038413481558246e-01,6.808435718293461836e-01,7.957845634137725721e-01,6.683880683978351556e-01,6.819246351506453863e-01,6.186115667408390584e-01,2.332748454068516719e-01,6.783524590230102236e-01,5.568722848837488471e-01,5.177581581654890908e-01,1.806945448361527706e-01,4.668450959658797528e-01,9.921044316323719414e-01,8.075746066685662861e-01,5.639063284173814194e-01,9.246410783436499470e-01,7.229116015166118236e-01,4.681459172717623574e-01,7.770229438558587942e-01,6.929329301736879554e-01,6.757619681023384617e-01,6.297850049907721681e-01,8.726142037249021155e-02,5.555456779008614010e-01,3.505990315268869839e-01,5.247435273074280149e-01,8.010814757390271046e-01,-2.062190364099353024e-01,2.351632079468165826e-01,4.461286452688307813e-01,4.758559403856141845e-01,9.195846235400051416e-01,9.608922277245547372e-01,3.720496337161794953e-01
5.330181903032786828e-01,2.837551286745793044e-01,7.422934080163939852e-01,7.393548372502333210e-01,7.250520180644084434e-01,6.805638918522406433e-01,9.829660197326076654e-01,5.416577931804439361e-01,7.918453660978164166e-01,6.327866645203839013e-01,6.208852314950661366e-01,9.279471001947826592e-01,0.000000000000000000e+00,-9.697859468227444657e-02,5.796953348718264509e-01,9.310800215398923330e-01,8.070482289280391797e-01,6.764584920248942757e-01,5.437881574259622042e-01,9.200408683927935316e-01,7.828964510022643486e-01,9.992458822056954348e-01,7.182688816144079391e-01,9.173519217301718820e-01,7.232429620912750323e-01,9.051615246333090115e-01,9.396092429509841359e-01,3.962669504710306656e-01,3.291154880321641718e-01,4.497764000141022400e-01,1.860870052099118099e-01,5.516594963207531732e-01,4.117015941010114810e-01,7.214877726625548160e-01,8.818531485327941732e-01,5.224552634660645234e-01,4.296807267990587764e-01,8.950298294768270768e-01,5.112613797612243216e-01,7.193649407619449043e-01,8.972425467776610208e-01,5.869037651155395441e-01,3.210347180137594347e-01,5.859217107510004130e-01,8.789922904562377237e-01,7.921262008711271729e-01,2.609521650143170057e-01,9.573578388086999569e-01,8.016128150006645026e-01,6.283116694378408917e-01,2.823487599584487140e-01,2.837089824307766905e-01,6.612313060990971936e-01,5.870294196054290925e-01,7.838331252714175745e-01,7.949128111438901190e-01,6.478825881970132761e-01,9.327066331240588815e-01,7.439955709730196043e-01,4.767703135771317324e-01,5.987922906461828898e-01,7.796794421339741099e-01,6.265308178133641714e-01,9.316959560750339708e-01,5.511796153591550507e-01,8.817629494193045536e-01,7.203273033358360555e-01,6.782739658888835566e-01,4.291881512082056371e-01,8.105330642649873907e-01,4.654759097868839124e-01,7.148597504304732286e-01,5.344696480390653814e-01,4.814069485613096666e-01,3.139758124282818752e-01,7.926130886793001373e-01,6.274040396202872349e-01,7.833338510331129267e-01,3.078150732066649020e-01,2.389790941431094440e-01,2.762411847056353564e-01,9.432037328560207712e-01,4.840691719765805590e-01,-1.143747707555421850e-01,6.811723536757066100e-01
4.232082543851278800e-02,6.058970642277479168e-01,9.400074046666595518e-01,6.599444604174680151e-01,9.717270286825520076e-01,6.191647519953399348e-01,7.132042989582707548e-01,4.647536460478031706e-01,8.889879379960852201e-01,8.872200867070294539e-01,7.193777400378167375e-01,8.099850442376551607e-01,-9.697859468227444657e-02,0.000000000000000000e+00,5.588470144366568526e-01,6.167860979924062459e-01,8.352930966036744564e-01,4.259173316299989520e-01,5.935541754538886661e-01,9.841541266085320760e-01,4.741545973436790962e-01,4.110430068416845995e-01,9.387251389300943494e-01,9.613415251450836418e-01,5.778496311149643461e-01,6.696179073668325765e-01,8.189960146119246165e-01,5.071173561603418145e-01,7.044757178463736391e-01,7.771369502301752608e-01,7.908245735702427170e-01,7.110701608189078371e-01,4.249419985923205134e-01,4.345074045117652828e-01,9.690446797799804335e-01,6.213291182216795772e-01,3.730931701222955921e-01,4.015988347751255905e-01,5.907277355999523971e-01,7.303403783388733306e-01,2.802235278853987266e-01,7.264189655513627608e-01,9.131928655404485395e-01,4.451319250396665872e-01,4.072339112590321886e-01,7.828719834511269626e-01,8.435432599453172031e-01,9.405134033433406593e-01,3.191690358105884195e-01,9.248862891197551228e-01,8.084618310783046047e-01,8.899430825370099329e-01,3.954744112432652114e-01,7.657186774056572443e-01,9.435916593202137159e-01,6.786407315049659550e-01,6.887495475714262572e-01,7.446436449683924153e-01,8.050227518412058636e-01,7.320269749968304485e-01,5.064329144084086520e-01,6.754510573145675600e-01,9.707795572100480497e-01,9.374580808340262639e-01,7.300736163735072060e-01,8.607043008142714058e-01,5.439358454908367335e-01,8.486085397509358641e-01,5.216185588455641842e-01,8.406101287814282674e-01,9.892138990376899699e-01,7.111721292619878065e-01,2.794747656448643980e-01,7.489286215633242927e-01,7.631415510290451287e-01,6.451409866286578199e-01,5.531477429639239940e-01,7.372615210828262766e-01,3.866199525005156734e-02,6.136349400175166169e-01,6.456470683513250153e-01,2.836995573204952326e-01,6.396848503214566106e-01,6.830649964618030756e-01,8.335036562766574564e-01
7.888422041012772556e-01,5.063558037746871410e-01,9.753458231579029691e-01,6.723221165959661905e-01,6.913691703821419621e-01,5.859534993914037315e-01,4.597966549639808109e-01,4.531771418831084808e-01,6.816959162629459001e-01,7.513052873860823766e-01,4.417179452490345715e-01,7.006068086428633990e-01,5.796953348718264509e-01,5.588470144366568526e-01,0.000000000000000000e+00,7.779912646071683868e-01,9.058241642768146695e-01,9.181974715845278023e-01,6.795955435116849408e-01,8.600137071904592201e-01,6.894477869572348538e-01,5.609528631329896431e-01,8.008202306486529309e-01,8.492576806150486934e-01,5.292345031092842156e-01,7.547073197035853998e-01,9.716031853168871635e-01,2.312986602384266843e-01,7.505283317155876377e-01,6.873829776219950727e-01,2.982366091309572309e-01,5.959295719800208335e-01,9.600450949312859805e-01,8.876961130152267732e-01,4.951880571943421128e-01,4.161308717632991039e-01,5.158117302462542630e-01,6.875133768719167149e-01,9.804589896610863553e-01,7.667264163997078441e-01,4.602581199229494567e-03,5.331725796164219489e-01,7.172017295378824153e-01,4.067604190285237231e-01,9.344689698073900264e-01,9.060682464522774593e-01,3.960590590543906775e-02,8.908915019716938666e-01,4.286989109802367137e-01,6.543863831113659879e-01,5.982723537689966786e-01,5.918488095883778222e-01,1.710050334889090529e-01,6.573593135672024523e-01,4.908941770903437751e-01,9.078603138770410252e-01,7.084303844293518004e-01,7.668012003669749665e-01,9.660888008814667582e-01,5.217044124508828373e-01,5.722290821299838015e-01,3.515149280275238208e-01,5.025302157634747857e-01,7.465301662853751630e-01,7.603694640080236322e-01,4.332337560170156920e-01,7.241380136953988744e-01,8.164887185345912624e-01,9.446592620375404703e-01,7.149162062804530482e-01,9.162470307339839470e-01,7.391282144485769035e-01,7.784078158252103474e-01,6.903394256636009585e-01,5.300936213428280031e-01,5.384779641930774741e-01,7.795697395892640102e-01,9.357068601231278704e-01,8.516101235606064745e-02,1.839084162762173735e-01,6.704297976688221583e-01,9.745082776908288169e-01,3.601611996900609958e-01,5.484134170141627962e-01,4.052362926304089452e-01
5.168386580353171444e-01,3.118592287685650333e-01,6.501507224776186256e-01,9.682486212147871640e-01,4.638268629359530437e-01,8.695107824954935172e-01,7.466884914490148351e-01,6.231913409338787346e-01,6.687038174848654037e-01,8.880033268849867323e-01,2.801414185251326905e-01,8.784733507021905696e-01,9.310800215398923330e-01,6.167860979924062459e-01,7.779912646071683868e-01,0.000000000000000000e+00,8.280873343801370412e-01,7.526147001435743444e-01,6.844617537928499029e-01,7.015487903814418003e-01,7.807409179824185141e-01,4.385836691019455724e-01,7.387741015714341941e-01,3.560353097014549162e-01,5.920218225955307112e-01,9.823484258455310592e-01,7.725952576488972490e-01,1.456819481490433110e-01,7.365605279783721260e-01,9.395624060933389643e-01,9.271109504496517772e-02,3.421795831516791786e-01,8.077871332962532902e-01,4.210687236629637731e-01,8.500721911995112734e-01,2.128649747442676043e-01,5.844510428772805577e-01,4.226466798030048544e-01,9.002359228553324932e-01,8.359645148836573059e-01,4.194822521205273658e-01,7.023741859829936152e-01,9.244853989470438460e-01,6.918149577931808070e-01,9.776400392884484480e-01,7.181568907306531413e-01,7.848080350236872338e-01,9.259026905833012133e-01,4.518430382399916123e-01,6.956225277838306020e-01,6.964044011972133630e-01,5.211507395286992805e-01,8.019695994278596141e-01,6.598352123305397665e-01,9.856449578004509160e-01,7.392738441275997774e-01,4.308444437020640949e-01,9.925764369313203606e-01,7.280257265313487824e-01,9.103378546307952512e-02,5.244858904877761629e-01,2.389138641207902425e-01,8.620440187508762175e-01,7.655785865458764050e-01,9.161642505687593863e-01,4.832787793892310280e-01,9.857648257639820555e-01,7.182281465373302476e-01,7.814135818191539906e-01,4.946193534670709768e-01,9.398015494337488285e-01,6.681350304254942696e-01,6.477953733562399341e-01,7.173069432146543800e-01,2.202905816608802803e-01,7.947629618073910329e-01,8.824774870933702609e-01,3.291936928559575093e-01,3.129758162725176929e-01,4.258476297645722997e-01,4.369988456751644490e-01,9.339951236439142379e-01,4.772347971457073790e-01,8.775891028678440842e-01,5.656246078960938117e-01
9.138220578138390726e-01,5.676456542098828884e-01,4.964483586040758789e-01,9.226374617293204849e-01,7.421361408104951707e-01,8.743517917235523740e-01,5.937989286264871991e-01,4.145878533058121040e-01,8.964462013507151772e-01,8.324841158822973708e-02,3.095221749518765053e-01,8.818492547437454254e-01,8.070482289280391797e-01,8.352930966036744564e-01,9.058241642768146695e-01,8.280873343801370412e-01,0.000000000000000000e+00,7.751901776711347392e-01,5.575336782620088361e-01,7.860161331934629736e-01,7.770814650667243750e-01,6.167625667900037412e-01,9.099859497829414501e-01,9.088055363255472807e-01,6.624967693293901672e-01,6.802004418316160983e-01,7.818860984300405326e-01,9.439511667154831809e-01,6.878802278113859137e-01,5.019832450626484643e-01,5.086513457813557348e-01,8.133482869282374628e-01,1.709880916043215182e-01,7.576413180235122002e-01,9.510426711379098563e-01,2.425451694004769898e-01,4.380574561533981393e-01,9.369332667628007538e-01,9.145858150493230143e-01,3.633209284529541616e-01,4.355443049058949079e-01,9.656385702114290703e-01,8.994829388157327132e-01,6.251952051620550677e-01,8.258937976638348610e-01,3.818865755433835663e-01,6.478854567659519947e-01,3.165883554708597836e-01,6.072153920818955664e-01,9.631272936775217008e-01,8.004550258756469860e-01,6.825914305164751950e-01,6.953866257063987533e-01,6.917667350730242193e-01,8.321797149883747302e-01,4.498046008072740243e-01,6.959343757811974340e-01,6.380134958510653709e-01,7.778535717361589885e-01,5.506892801941950522e-01,5.196362497586682894e-01,4.327631927674795986e-01,8.974409335297079959e-01,9.101645333108638880e-01,4.235599508558691717e-01,6.291549842542856208e-01,9.254348844421410591e-01,9.383733110328246196e-01,-3.377421276660494964e-01,7.463601802449914002e-01,5.177005455709707826e-01,7.673827808611248802e-01,3.898151447969910866e-01,5.602015380369752551e-01,6.111696702021915950e-01,8.479250688136745762e-01,8.897059457013913875e-01,6.718581631220856831e-01,4.096789119492645348e-01,5.339218106175472878e-01,3.957701971066650559e-01,7.751121861963987669e-01,2.192208441720149004e-01,4.112753853595257358e-01,8.679456737588874260e-01
9.338028604910022512e-01,8.904641710667712262e-01,9.974467294522769700e-01,9.518315799208468819e-01,6.243265851338813954e-01,7.682084819422035915e-01,2.864505422118734934e-01,6.853112871182944765e-01,7.962341309409846080e-01,6.727583704242354745e-01,7.281990893994469971e-01,6.887481319591991502e-01,6.764584920248942757e-01,4.259173316299989520e-01,9.181974715845278023e-01,7.526147001435743444e-01,7.751901776711347392e-01,0.000000000000000000e+00,5.332303340200320596e-01,8.974138175146980645e-01,5.777382561165209651e-01,5.018702841365944023e-01,5.682340896654711759e-01,7.867222315737385507e-01,5.721262621476010946e-01,4.779479197743913832e-01,7.983164329430852968e-01,4.628823649681843011e-01,5.078287131015971623e-01,3.917819956310342189e-01,6.923866677789326518e-01,4.429990404276121230e-01,1.644796254337517194e-01,8.857601804886734431e-01,9.891305298800358026e-01,8.107377459693789756e-01,5.361198421128098301e-01,6.074211441297251435e-01,2.243159851165765495e-01,9.612054420395891308e-01,1.792235362741106675e-01,5.664940963788410722e-01,9.561012410298370678e-01,7.460249254166341215e-01,6.796082091227858557e-01,8.321717906562149381e-01,4.091933952454118728e-01,7.747269098686273558e-01,7.932791851318654608e-01,9.712623799033591743e-01,6.521304677187367282e-01,6.309751598247984594e-01,9.325975274860881514e-01,6.793711543757829929e-01,9.965628170734570634e-01,7.022168546124941679e-01,7.078442103155956344e-01,6.637779049636665096e-01,6.905583252327500698e-01,6.050470971931348751e-01,6.080777033593912639e-01,4.946073407968487601e-01,2.185637989738168085e-01,5.636097152625569873e-01,4.282492532509006855e-01,5.271795244888898280e-01,7.523059355499919221e-01,7.508341160223508393e-01,5.039263019995566806e-01,1.230483845651975106e-02,8.996658382975006862e-01,7.777920317879518652e-01,5.465704671662352521e-01,7.987309488160725390e-01,3.966901514007917795e-01,4.086825488616738222e-01,6.965407692779077564e-01,3.733415121477547949e-01,5.451724838699510967e-01,5.160313730367452889e-01,5.455967489642614687e-01,8.138814518041352919e-01,6.842820030863810965e-01,4.462040011721641330e-01,8.973783755138196039e-01
