0.000000000000000000e+00,9.401166592865017879e-01,5.612497845738262381e-01,9.044762697629803450e-01,9.202035510858164180e-01,6.856855028164314803e-01,8.582765411305283143e-01,8.827269095186280889e-01,6.914000250923306723e-01,9.880718501557421707e-01,4.441291371277602540e-01,9.896638128031931547e-01,6.846510851486994342e-01,9.212841304325720682e-01,9.878020886540376244e-01,4.308035933405746642e-01,7.429150430254309878e-01,6.718402517942734242e-01,4.351635507174285711e-01,4.710804025498248615e-01,9.699033290786436279e-01,6.104030449305647421e-01,9.602084581731967772e-01,6.020157957168221774e-01,3.575035927213865428e-03,5.709669678243918245e-01,8.671609335828538434e-01,7.378132059802895437e-01,5.089508883818492091e-01,2.134846527041981967e-01,4.395140697910687733e-01,5.886837148238233119e-01,9.090169438524715595e-01,9.453485916750005158e-01,7.089138927790423761e-01,6.603532763007681217e-01,5.700495780637062637e-01,7.080634132922859481e-01,7.315646655392538111e-01,4.433787045434841034e-01,3.319571841191047978e-01,8.377306060926716924e-01,4.599077489763412907e-01,8.809353051678251445e-01,8.770223772985499266e-01,9.863019029859628750e-01,9.373530747273796093e-01,8.465739280090709418e-01,7.077563145805650935e-01,4.867635739960948227e-01,6.708357535882364386e-01,7.106852909928906836e-01,9.838683978278989217e-01,2.028819037832145511e-01,7.121079937044376695e-01,8.615924138110293562e-01,9.165403940333423094e-01,8.286689628022747556e-01,3.145906186343734867e-01,5.878865610255472607e-01,7.172356051010631006e-03,8.192993056396465912e-01,8.287034349545842060e-01,8.182125565496214392e-01,8.264448422580443765e-01,8.118191785047673692e-01,8.969619457107599336e-01,8.116900210848756458e-01,7.437068724190651903e-01,8.943252866811205459e-01,3.235665677549046104e-01,9.414425122759142450e-01,8.143336984183267013e-01,2.309476074726510286e-01,9.097461831560338386e-01,4.369632964452431212e-01,7.086627474972611029e-01,5.261294127249664943e-01,3.062076709721707202e-01,2.974494183277508474e-01,6.627245787545542610e-01,9.518815522068482249e-01,9.745655479324938364e-01,1.501506047390270826e-01,1.367524460494735639e-01
9.401166592865017879e-01,0.000000000000000000e+00,7.863768188238721146e-01,6.937387363077157643e-01,9.325475891259030758e-01,2.003165346641069267e-01,2.700810844581686410e-01,8.226742629651615513e-01,6.530259712889325829e-01,6.665141958274068967e-01,8.338478752348061906e-01,6.765743431358413051e-01,9.139164608738654660e-01,3.950522854385355442e-01,6.459825172729534160e-01,-9.419991356940382587e-03,9.977695940949689035e-01,8.114466384008400812e-01,4.753590251415857892e-01,6.319247139136293656e-01,6.371603603092758084e-01,7.310472696428418349e-01,4.566584359105691493e-01,4.163283706445100596e-01,4.846838900838286723e-01,8.240015915895183563e-01,9.787481491975131842e-01,8.864361894576432421e-01,3.397969881957381144e-01,7.873056591785844160e-01,3.452727760886610264e-01,8.808544649955678540e-01,7.439102599593147014e-01,7.259964241513751082e-01,6.116374108717589353e-01,1.259193884225403848e-01,3.353117566777701342e-01,7.084036349742730554e-01,8.145111953575767672e-01,6.742141154704530681e-01,4.008674534384346622e-01,9.152570293016651926e-01,9.461760588097201108e-01,3.014872197331610604e-01,6.288969851639468756e-01,9.622126988127921443e-01,9.190063911516428430e-01,9.895859705469993717e-01,5.057741532986931299e-01,6.318864811876986343e-01,7.603577251048394547e-01,9.960174757461676132e-01,7.146058437144164888e-01,8.216397854244740229e-01,7.227700637535249273e-01,4.956815754768497673e-01,7.601277858802912846e-01,7.329052954853862989e-01,5.258213540011422715e-01,4.145855792306052390e-01,4.221547359978969349e-01,5.986848596753381324e-01,8.325544735407804930e-01,2.090255178867583830e-01,6.563690248751375966e-01,8.433353918389371318e-01,7.848485251828688503e-01,9.276782008591334394e-01,1.359624666135080540e-01,5.645438546843082328e-01,8.080218264681816587e-01,6.201570500009139231e-01,6.109615412185992467e-01,2.348548125687613675e-01,4.845804657352648093e-01,4.933957860775122772e-01,9.133182126976525650e-01,1.749535642172675154e-01,4.237461481292768006e-01,3.535433323414354234e-01,7.259422455163359045e-01,8.862915016667629597e-01,4.383551918110444728e-02,3.524159865928612190e-01,6.518246989455241946e-01
5.612497845738262381e-01,7.863768188238721146e-01,0.000000000000000000e+00,9.133745982126321161e-01,3.907801832676818243e-01,9.794687333804728002e-01,8.878872165895477231e-01,9.491110322690317069e-01,7.237608342046615295e-01,7.945088741316612690e-01,9.120447453066785615e-01,2.387519345951121807e-01,6.839514672042849019e-01,9.063454168240184794e-01,8.722403559562625919e-01,4.364263461710820025e-01,5.752200087167250731e-01,9.395445896752075907e-03,6.814260230418640596e-01,5.240653392783888309e-01,9.593086943554219870e-01,9.981066921116164004e-01,7.052978297478693648e-01,8.330332363412056296e-01,9.719851634093333859e-01,9.178853417809228477e-01,4.409213626314280599e-01,6.460238968483551503e-01,9.190755423095544607e-01,4.512501141851313347e-01,9.511723728075823781e-01,7.610148533802826298e-01,9.041028131491962716e-01,8.427522130689439894e-01,6.456468921450965182e-01,5.843107486422891572e-01,6.954417885594782467e-01,6.408778507642236555e-01,6.927701622891235811e-01,7.697209820277419734e-01,2.535443041055854829e-01,6.007083232040353327e-01,9.171863637380820444e-01,8.853657778732201278e-01,5.601893183441735147e-01,6.999842303910347452e-01,9.272938835881728847e-01,8.667447563542902689e-01,9.337595664123097272e-01,8.905101870576023204e-01,9.874921476059659309e-01,7.823200079166665599e-01,8.732818145142583477e-01,9.195830504948195872e-01,9.382322713033002248e-01,6.590736749685937035e-01,4.980880541541920503e-01,8.993283579520774396e-01,9.973549586400305422e-01,2.691399472651321845e-01,3.393958266811896163e-01,7.560985610023375214e-01,4.960258398742842245e-01,3.617539152958318960e-01,6.399098298273364627e-01,8.640362376753056850e-01,3.897221471062375375e-01,6.612118451481656667e-01,7.854373121207931518e-01,7.218344215641531170e-01,7.476121353261705460e-01,9.790079742927718653e-01,1.894904221434748348e-01,2.981704737264678218e-01,9.403251875547633531e-01,8.828788590231768652e-01,7.944401753987702097e-01,6.023854443924230306e-01,-3.291293599202832487e-02,3.667749663035047014e-01,8.557908049361041547e-01,6.437450936266656543e-01,9.394174334122815662e-01,7.054088944027642194e-01,4.176580249389608701e-01
9.044762697629803450e-01,6.937387363077157643e-01,9.133745982126321161e-01,0.000000000000000000e+00,8.625044327858009119e-01,5.697228666947227183e-01,7.858739049638309160e-01,6.169197489791609090e-01,9.349731160842381650e-01,6.587463757185799684e-01,7.885888006786954119e-01,7.211183745891952546e-01,6.708142348057385407e-01,8.225129364078049843e-01,5.936142867439535564e-01,8.266649513735434551e-01,4.292696016628942957e-01,6.083977589823281740e-01,7.148035346816853375e-01,4.269757954995479499e-01,6.297380055231487361e-01,9.334616632457141128e-01,7.479362560018354422e-01,8.531752915194161790e-01,2.369538368196905664e-01,6.022525098220079531e-01,5.634134593082417153e-01,8.721111541330143213e-01,6.728513510218280258e-01,7.249251208069328323e-01,1.264338269725559516e-01,6.419406170973421810e-01,8.997442240056794382e-01,6.706565951880854026e-01,8.247038115402768321e-01,9.650793590602176064e-02,2.233067576414478894e-01,5.351407538238979189e-01,9.455104362657564820e-01,2.284885027157707582e-01,5.217633242117285519e-01,2.438667163002050109e-01,8.209643087540052786e-01,4.958383967645478840e-01,9.073785582982860642e-01,6.050419260637703855e-01,8.401400344039626766e-01,5.725450253328175920e-01,7.191666466045500972e-01,9.540085453289540718e-01,8.541511740350138382e-01,9.267270891689797230e-01,4.098168092543277297e-01,6.368791203079346985e-01,6.062782033486401323e-01,8.332913091805737027e-01,9.579806858774540801e-02,7.289143966598918833e-01,8.134706427061799694e-01,3.577551127222119431e-01,3.385338059357317353e-01,4.643077846633146821e-01,7.079586575089868994e-01,8.985178663336923499e-01,2.823275746720197987e-01,3.900759915294486069e-01,7.654804230957017452e-01,8.369694359362822578e-01,4.099694371224149037e-01,8.805226486203077130e-01,1.786123845057624171e-01,6.003118050340318090e-01,2.707780825909305022e-01,1.301670392377358432e-01,2.671288539803887696e-01,7.345242884990937915e-01,2.164717371005027702e-01,3.312367237963916855e-01,3.855512605834655604e-01,2.933452994794853996e-01,6.238282200886093865e-01,3.411304523057445692e-01,8.258577493056648011e-01,3.771544509623239172e-01,8.610020697847486915e-01
9.202035510858164180e-01,9.325475891259030758e-01,3.907801832676818243e-01,8.625044327858009119e-01,0.000000000000000000e+00,5.128086761946047956e-01,4.842002062311366317e-01,7.745345019371697726e-01,5.175187060097722336e-01,6.712223529655920728e-01,9.868617975296114508e-01,6.053106677638546707e-01,6.114369825993810625e-01,4.679787862168123258e-01,6.763056662278771336e-01,7.929426271654160807e-01,8.343726109688236470e-01,4.559413049064418022e-01,8.342276743289437357e-01,5.462175907580349432e-02,9.673850454209675931e-01,6.042956442471375533e-01,4.820637715899558362e-01,9.505552395050593795e-01,6.041773290044314404e-01,8.292845145138898477e-01,7.291554718080262010e-01,9.622685845235428026e-01,5.951961983126543565e-01,4.768421290038248883e-01,-1.560439021964097894e-01,1.809477031622013302e-02,5.223231174560564183e-01,8.660404585651917397e-01,6.324407695230631621e-01,6.555520381041166633e-01,2.723034135830472158e-01,8.675346524069577070e-01,8.603803521710510216e-01,5.345790069754550178e-01,7.513401815026781172e-01,3.497419062066658424e-01,7.776786262952407602e-01,7.703915266023341202e-01,6.911061463683008110e-01,4.660826560638097193e-01,8.639131432126812005e-01,9.493297198954123717e-01,7.780712996363458034e-01,6.454034375707504712e-01,7.153788981154285409e-01,6.385012437657227036e-01,6.922892161256219978e-01,9.846262393995997009e-01,7.481141115539152731e-01,5.065367746107494185e-01,6.359284854840139278e-01,7.217076933304908959e-01,8.955690990801440377e-01,7.128631070973924233e-01,7.916882682830002071e-01,3.475539146492616638e-01,1.412328226432935929e-01,8.353814805828458923e-01,8.764209120159742739e-01,9.419257966217278177e-01,3.868644429317237288e-01,7.528542775473729964e-01,-8.990616416918228992e-03,6.616688907683813126e-01,6.240460590024895504e-01,7.528586398695233939e-01,7.799558739385288320e-01,7.180573661042053413e-01,7.793746130773518410e-02,1.649518804352051449e-01,4.870288569745050422e-01,9.815150195355860641e-01,2.575183539119501597e-01,6.299292829029747853e-01,4.107274928327560026e-01,6.560689750449348878e-01,7.547389503797901078e-01,9.334235541009464066e-02,5.845478763755975748e-01
6.856855028164314803e-01,2.003165346641069267e-01,9.794687333804728002e-01,5.697228666947227183e-01,5.128086761946047956e-01,0.000000000000000000e+00,4.691975312572265744e-01,4.328138611730718011e-01,4.804039054437111989e-01,6.546507227938290763e-01,8.393032338734215392e-01,7.394562103911080098e-02,8.168924197808343779e-01,4.083831247056653457e-01,7.245033016492926636e-01,6.184245977515625547e-01,4.579397133199634706e-01,5.812761496764980995e-01,6.235184197282720442e-01,3.557198506421441198e-01,9.229443939142214504e-01,7.321960342543583078e-01,6.764597357000894373e-01,8.943719759297967808e-01,5.489998551266593863e-01,7.357528782611562068e-01,4.418523197371966860e-01,9.652638813241248839e-01,1.512746832617022641e-01,3.705122681118721006e-01,7.577157130304669197e-01,5.498780105892424608e-01,7.116469383199299781e-01,6.079553491767198947e-01,3.954650587446593146e-01,7.258903845673431166e-01,4.026414495406273608e-01,5.644983383643877861e-01,7.556147466073580565e-01,9.153752334479118291e-01,3.658950667652903777e-01,6.246916809031926032e-01,7.341201191997085429e-01,9.639940020192621084e-01,9.975176872474502687e-01,2.420600072030171801e-01,7.434492682380204887e-01,2.535878560126619830e-01,6.496417980157096483e-01,4.707075708308945394e-01,4.408694871834981099e-01,8.211931326346840754e-01,8.138873568258702118e-01,5.730178850693132819e-01,4.310086986085102656e-01,8.555424394468031934e-01,5.870514166051836735e-01,6.258347976761065024e-01,7.287231822049821117e-01,7.689208577613177997e-01,5.033121927221765324e-01,6.619589194749655459e-01,5.887140047723542491e-01,7.289411050899249345e-01,8.074614091970039320e-01,7.799799494503071307e-01,2.204869929254335559e-01,8.349706863046146843e-01,4.814140723640997765e-01,9.830522284544493949e-01,4.507889605245493647e-01,6.493185434045239957e-01,4.547965682357151262e-01,7.256212891062558956e-01,3.844536075338687020e-01,9.735437499843238029e-01,6.325684489959618739e-01,9.269199110607860836e-01,4.930539150410466753e-01,4.604316302104350389e-01,8.155562873345453268e-01,6.537454779372893210e-01,8.616113316097706587e-01,7.920531253926849091e-01,4.444728050260370877e-01
8.582765411305283143e-01,2.700810844581686410e-01,8.878872165895477231e-01,7.858739049638309160e-01,4.842002062311366317e-01,4.691975312572265744e-01,0.000000000000000000e+00,8.517719724169918738e-01,6.332383217589854230e-01,6.760207588738904594e-01,7.798281317699954363e-01,4.096811703303895880e-01,8.276396707244463302e-01,7.287793541471173642e-01,6.922671206671451305e-01,6.393572932887644500e-01,5.507726603844670388e-01,7.362661744602240210e-01,7.295342490204234087e-01,5.844032952630529021e-02,7.525048287908721045e-01,6.708656514370617829e-01,5.943121091917056287e-01,9.620548976402285568e-01,4.653499397753176337e-01,5.559373492171265640e-01,8.245643983122953324e-01,7.591223433654689101e-01,5.105677271903992231e-01,6.259896159011423267e-01,7.664152982512990597e-01,3.669852807453877208e-01,7.493647712841782216e-01,2.310649634665213892e-01,5.393293337934087495e-01,2.728430058445673878e-01,1.999752929015001512e-01,6.110659666091082798e-01,5.592271812785910567e-01,5.789407899626193288e-01,4.641317959676090621e-01,5.155426521060804124e-01,5.727166758439734551e-01,7.322043807828167994e-01,6.430684528384831289e-01,5.225204322443043337e-01,6.845971360688122287e-01,6.181711922386132763e-01,8.846840843606098570e-01,4.039039781644888638e-01,2.683225103723236304e-01,8.074088680712710256e-03,7.223942946449157798e-01,5.428800318498206989e-01,6.975788694944780044e-01,7.224770415727124195e-01,7.016056379637869433e-01,9.572016441589820124e-01,7.442118729589886073e-01,7.628149995493593849e-01,4.893268966375057261e-01,7.898440935607802249e-01,4.595191162986343447e-01,7.119688741904814933e-01,9.686459443536024061e-01,8.893458761233615784e-01,4.096197567116233729e-01,9.511251669966268585e-01,5.693648223366778449e-01,9.827363430562172653e-01,9.074332485900540313e-01,4.621454190168201581e-01,9.877433862527185138e-01,5.559817136582760888e-01,2.914415976006607956e-01,6.955211235195439823e-01,3.792682967442528863e-01,4.441436601399237905e-01,2.169116386676634700e-01,2.903545648244670319e-01,6.917189355710865462e-01,6.616501256505520345e-01,7.911562170618449130e-01,9.074882731211616482e-01,5.352752899592916336e-01
8.827269095186280889e-01,8.226742629651615513e-01,9.491110322690317069e-01,6.169197489791609090e-01,7.745345019371697726e-01,4.328138611730718011e-01,8.517719724169918738e-01,0.000000000000000000e+00,9.538407097988189642e-01,7.118952708143592156e-01,7.973853213346647761e-01,2.988105559526239574e-01,7.778475419478608766e-01,2.161947312060820414e-01,7.029943022650740891e-01,5.271706908585018780e-01,4.441109872723883467e-01,7.662007121522688147e-01,7.944910246082667049e-01,4.692028505663929372e-01,9.131393256140578618e-01,5.708691533865071360e-02,4.122470579292390469e-01,9.950086257357330100e-01,8.104529933443418432e-01,2.391990464045762321e-01,6.969360823245125403e-01,5.312451087250840143e-01,3.911540089676848186e-01,5.869457118666359108e-01,-3.933605442222383175e-01,5.045931207055357470e-01,9.825891697782934697e-01,8.408723409292423456e-01,9.245682461313209366e-01,3.663832267819647215e-01,4.184132176406263337e-01,7.136735224779332531e-01,7.459781983828213114e-01,6.596034793711085253e-01,3.846072450302882167e-02,4.122341988670178425e-01,7.810310913810815103e-01,8.744517911685800726e-01,7.533896498445600276e-01,7.475649006923230644e-01,9.253341972527534542e-01,7.597461535572018754e-01,4.087137065540343839e-01,6.800948290940093122e-01,8.820406845272146246e-01,6.019853013222564719e-01,4.323521899856848094e-01,4.218027523175821303e-01,9.409188523144405014e-01,3.649519086557335701e-01,6.269880196908947934e-01,3.090819670478877623e-01,8.475810172256651454e-01,4.747810716226694705e-01,7.966230199071092088e-02,5.291427730196252011e-01,3.591293656341938423e-01,9.401492637351074322e-01,4.781004612909933726e-01,2.378663177734817447e-01,5.545585105816028815e-01,9.057158904909418107e-01,4.746317234141899100e-01,-7.265735950438417801e-02,2.802403221622219998e-01,6.098258407911660850e-01,5.541089761061378516e-01,2.738222906731445638e-01,4.927582015829966577e-01,7.704372563002616081e-01,6.845849224817361911e-01,8.295328841208776671e-01,6.501901107009099290e-01,2.712751855854977912e-02,7.435742378025447241e-01,5.202598211737878842e-01,6.353833523881862178e-01,8.590647717590498278e-01,6.133613503638786213e-01
6.914000250923306723e-01,6.530259712889325829e-01,7.237608342046615295e-01,9.349731160842381650e-01,5.175187060097722336e-01,4.804039054437111989e-01,6.332383217589854230e-01,9.538407097988189642e-01,0.000000000000000000e+00,7.198253212512571997e-01,6.576765467540304222e-01,8.515765197696142375e-01,5.564164169018966932e-01,9.078857119226497741e-01,8.522968240437942544e-01,4.866381618266572007e-01,4.188893135805777934e-01,7.993288536268730038e-01,4.213908637607333696e-01,1.473240395403542236e-01,7.403152278499450789e-01,4.459317298839459154e-01,6.838208508733641944e-01,6.431520090313515015e-01,1.118278651354758513e-01,7.335954523337490096e-01,8.272106619900450042e-01,4.602285556904406327e-01,6.318908832388134833e-01,3.234773528330224801e-01,4.545159048082418884e-01,2.170648545897057025e-01,7.678790857293120720e-01,6.487900289872384763e-01,4.629501114560897190e-01,3.839497999562512254e-01,1.204654757069954923e-01,8.506186251887523087e-01,7.224420543360264846e-01,8.376709780957088958e-01,5.807991105720898828e-01,1.281787779512559566e-01,9.888705092375980055e-01,8.692263821762422626e-01,7.224687421200864934e-01,7.422206894683819334e-01,7.528584256140666842e-01,8.388043516273238076e-01,4.923653139699439296e-01,7.323519923706920398e-01,5.419560184730917163e-01,7.812830419247689395e-01,8.696261120096385744e-01,2.869613831813069282e-01,9.629004744764423362e-01,3.509632120302433878e-01,8.666224735906361554e-01,8.778537957856471508e-01,5.310333812105891838e-01,7.142041199162406651e-01,4.365987783995682325e-01,5.341700868187471141e-01,6.229041267578271368e-01,3.809453350680578332e-01,6.810872688195094282e-01,7.832922632253458417e-01,7.883292325048451010e-01,5.035260388268593124e-01,4.630537738994224828e-01,9.506800728759836616e-01,8.409953175227310451e-01,7.110080511172878204e-01,5.564403214694521038e-01,6.480526676891437132e-01,4.259092418885581655e-01,6.574747557165583345e-01,5.980911985317488577e-01,9.239269458090650922e-01,3.734865678169405623e-01,3.135554161739321777e-01,7.913481122363146270e-01,9.407099142535649827e-01,7.247332189698977301e-01,2.630272326151741544e-02,6.805009079146023820e-01
9.880718501557421707e-01,6.665141958274068967e-01,7.945088741316612690e-01,6.587463757185799684e-01,6.712223529655920728e-01,6.546507227938290763e-01,6.760207588738904594e-01,7.118952708143592156e-01,7.198253212512571997e-01,0.000000000000000000e+00,5.981675619184011472e-01,3.783805998430226358e-01,9.382940254269769298e-01,7.962116944490578163e-01,3.303357904855936944e-01,5.811100271824590768e-01,9.517172450619548751e-01,6.855533067333964281e-01,1.078202939103448943e-01,6.116323628439679361e-01,9.794320909325053837e-01,7.245238328135106265e-01,9.758745220192599490e-01,8.202304735256287227e-01,4.978250754079565632e-01,8.886782631021302725e-01,8.925677149638479024e-01,6.614522205681646616e-01,4.424017951354093370e-01,2.890403520452433650e-01,6.596197464454844894e-01,5.958428820868749698e-01,8.679510464078020737e-01,6.558853400916235810e-01,4.252039125306976142e-01,1.100706980357316622e-01,3.091925887952149954e-01,5.076255597838746220e-02,7.408922449820982692e-01,8.706561766694044247e-01,6.716500159281020288e-01,7.001042791346793193e-01,9.332226494090891666e-01,8.938203946600019600e-01,6.546558100486021825e-01,7.299594980892821772e-01,8.776310874421803243e-01,9.829285952305273355e-01,4.290802956535537671e-01,8.561838926887604950e-01,5.610082324785595764e-01,6.707639611339790697e-01,2.970301447925643434e-01,7.489347690320280471e-01,8.684494034523918549e-01,6.699675232932047475e-01,1.095026768910853515e-01,1.614827003993024868e-01,1.640117915567949336e-01,6.013333893928087814e-01,3.349293526028682688e-01,5.348388744711755072e-01,7.014482420202765578e-01,5.876281632397095667e-01,2.442276757532635123e-01,3.812738173595565661e-01,7.643446549281764923e-01,8.269903569782739439e-01,7.917932310049269340e-01,4.242945613554410800e-01,8.445115526415314378e-01,6.846772102793853287e-01,7.656917899276354245e-01,3.432836129163339134e-01,8.462739587648826500e-01,7.011633775944980940e-01,4.163836423126596187e-01,7.385166909109308619e-01,4.783178494374693002e-01,4.548321743756223445e-01,4.347078710319985939e-01,5.815168385963505049e-01,9.882649326484251873e-01,4.902789297432074700e-01,4.247740638989629947e-01
4.441291371277602540e-01,8.338478752348061906e-01,9.120447453066785615e-01,7.885888006786954119e-01,9.868617975296114508e-01,8.393032338734215392e-01,7.798281317699954363e-01,7.973853213346647761e-01,6.576765467540304222e-01,5.981675619184011472e-01,0.000000000000000000e+00,6.693871213806594778e-01,9.131300287705449437e-01,8.606176026837687454e-01,6.365007674054257159e-02,5.348560203792953605e-01,7.728211883337186006e-01,3.327556889195923961e-01,7.620180351179056677e-01,7.173131298310173598e-01,4.620149596292202898e-01,5.797603439882518250e-01,2.506629730213140173e-01,9.145843293566761067e-01,8.772478611589477060e-01,5.689158023919884677e-01,8.895922845382886468e-01,5.519347964808334339e-01,7.467023488193249570e-01,5.968553849972539904e-01,2.583741612200539661e-01,7.270242655636465212e-01,9.153590945908054444e-01,7.901903125042615272e-01,4.122012452130264237e-01,6.477521434504729392e-01,7.745523918722907464e-01,3.583621980661860218e-01,7.612397107421449149e-01,6.963802752753527336e-01,3.066534566667846184e-01,4.409512386272590456e-01,9.049549327776444940e-01,9.043054469268464457e-01,7.464521101644528978e-01,9.082011807952891091e-01,8.518651931801046739e-01,9.396484728043805745e-01,2.594146031314985557e-01,5.188509596126387180e-01,4.832099914048293976e-01,7.113779474714785334e-01,6.223893210397291043e-01,7.804175490219207312e-01,8.794189500513052149e-01,6.113180269857879656e-01,7.855234114029189252e-01,9.363085124213520460e-01,6.841178650935830774e-01,7.316773013138896387e-01,5.446546793312739831e-01,9.008899995611241440e-02,8.471718202390428054e-01,6.986925424150003394e-01,9.663696753856656496e-01,7.651343475337519795e-01,7.058774654389309289e-01,9.900791863528544123e-01,-7.591714601133986440e-02,2.320539168226410376e-01,8.491381183972134261e-01,6.938925097587563817e-01,2.428725732951672878e-01,6.912937670967983506e-01,5.099387292195962651e-01,8.511694419089271824e-01,8.021627499641260650e-01,5.315867719780216216e-01,7.222427639777245778e-01,-1.414253219840944653e-01,4.654824500374312168e-01,9.015789260187306864e-01,9.959173963922871575e-01,5.787122410736339484e-01,3.855560158090228229e-01
9.896638128031931547e-01,6.765743431358413051e-01,2.387519345951121807e-01,7.211183745891952546e-01,6.053106677638546707e-01,7.394562103911080098e-02,4.096811703303895880e-01,2.988105559526239574e-01,8.515765197696142375e-01,3.783805998430226358e-01,6.693871213806594778e-01,0.000000000000000000e+00,8.782983701947832955e-01,9.588063517380022160e-01,2.585668570236641650e-01,7.889918511413408497e-01,6.499540101268557191e-01,1.446363242585753106e-01,7.202235087336119612e-01,8.331770342820258302e-01,6.454322631106916841e-01,7.084189454262304064e-01,5.473311196306821502e-01,8.569876105055159732e-01,7.033899564955180539e-01,6.937371397919002147e-01,9.526823387935615672e-01,8.089080757368442010e-01,2.633327961796855798e-01,4.673967732285187471e-01,-1.439479152356043512e-01,4.282621740515480391e-01,9.945137115883679879e-01,5.204233275809562187e-01,4.540631675471592521e-01,7.059131191388331450e-01,1.465822188518066949e-01,9.189200295595428836e-01,3.295586552011520176e-01,5.008398814762177187e-01,3.212982812911359121e-01,6.925399942927906727e-01,9.704736495025826359e-01,4.997953850516159147e-01,7.588943270124551832e-01,8.984206261942142557e-01,3.793918330686856244e-01,5.400028091688322540e-01,4.461596992169493681e-01,2.954781629783421182e-01,8.538748985153029603e-01,7.631057234162680336e-01,7.897015494587074080e-01,2.304108072612919555e-01,4.918707374166971236e-01,4.032413655626589377e-01,9.394132523011933245e-01,6.012692733101298037e-01,6.896204415400547516e-01,6.463100149107429138e-01,2.832877250190369844e-01,6.266489123827783114e-01,9.006303780280129345e-01,4.588882816303082035e-01,6.885206135746820832e-01,7.764413833132960407e-01,7.609614513199152164e-01,8.630832366761943542e-01,7.224920451495634444e-01,4.758569613498057072e-01,8.355692898484755604e-01,7.341264810278064212e-01,3.039088204791849934e-01,3.490591208478891483e-01,9.509061094071862286e-01,8.249449601549236899e-01,9.268487719139923975e-01,4.890264915638552479e-01,7.998592306648898420e-01,8.967226977327902651e-03,6.447556849124271849e-01,9.311567983540643967e-01,6.764956492572170577e-01,5.879721797165714525e-01,6.672076518318542648e-01
6.846510851486994342e-01,9.139164608738654660e-01,6.839514672042849019e-01,6.708142348057385407e-01,6.114369825993810625e-01,8.168924197808343779e-01,8.276396707244463302e-01,7.778475419478608766e-01,5.564164169018966932e-01,9.382940254269769298e-01,9.131300287705449437e-01,8.782983701947832955e-01,0.000000000000000000e+00,4.084377331169095071e-01,7.153244527561305466e-01,9.152300426654382814e-01,8.169652930555783010e-01,7.018431443899945110e-01,6.926496300375936110e-01,9.314812710857843792e-01,5.524028926548074647e-01,3.921969423094729956e-01,7.869716432421739460e-01,6.431467813421580804e-01,6.031848209401593497e-01,5.142135152789988339e-01,9.922190204254219825e-01,8.729709750513547917e-01,7.224851231894259262e-01,2.893897129017649617e-01,6.645463085914312673e-01,7.168793437023747162e-01,5.592901014925667491e-01,8.176798523713830757e-01,6.946002598344673817e-01,5.003713252051479321e-01,2.416537477675566870e-01,7.692536824043892940e-01,6.595062008776382267e-01,6.545773126772594930e-01,7.285439313466217648e-01,9.548686532738797084e-01,1.774630271058850323e-02,9.174761681068863695e-01,7.702229915801801496e-01,6.724269029943750198e-01,6.608623534557513945e-01,5.099284159605407263e-01,5.171610228377218066e-01,8.183419815212188420e-01,5.852227975290520412e-01,5.249220484582627355e-01,4.348477964495433556e-01,6.826049040241880528e-01,5.482376322988917750e-01,4.192838207597807121e-01,8.886287904469845067e-01,7.927629861248545184e-01,5.983661128791587513e-01,4.796921877022353731e-01,6.919262585138598043e-01,6.812359285968264677e-01,7.963183474793712469e-01,8.423580048797890685e-01,8.260505356098136742e-01,9.022318127511017583e-01,4.922503622681831947e-01,8.724314715966861034e-01,6.804297557701168842e-01,7.417131293476609821e-01,7.481031526158486988e-01,8.755717682763098919e-01,8.840957138934425474e-01,3.289110927619743330e-01,7.925128939675776252e-01,3.337056476680271278e-01,5.595946585147466568e-01,9.038640968451218116e-01,4.137476717880042010e-01,3.163265841708349235e-01,4.638514696112918112e-01,6.103887302223652833e-01,8.401342473221222740e-01,8.802694402361349590e-01,6.855811355052542355e-01
9.212841304325720682e-01,3.950522854385355442e-01,9.063454168240184794e-01,8.225129364078049843e-01,4.679787862168123258e-01,4.083831247056653457e-01,7.287793541471173642e-01,2.161947312060820414e-01,9.078857119226497741e-01,7.962116944490578163e-01,8.606176026837687454e-01,9.588063517380022160e-01,4.084377331169095071e-01,0.000000000000000000e+00,9.638488488214307370e-01,3.504690437379970325e-01,7.897006049293515684e-01,6.030923301474633291e-01,6.959670588873042574e-01,6.740152000775080365e-01,8.754945477708078183e-01,7.770440225600867556e-01,4.656551403857622229e-01,4.223806490570286010e-01,6.501226260452149797e-01,4.893540762264095290e-01,6.080168892680964943e-01,2.956977211293643770e-01,3.173211444166240125e-01,4.820694386130491282e-01,4.551942843713853715e-01,2.711410359823588911e-01,6.410627070602712418e-01,4.491340311696929155e-01,3.989472380122603967e-01,4.461115017805468708e-01,2.592187085283806924e-01,4.975305739152606765e-01,9.872372176631508678e-01,7.750663529900636561e-01,7.001539599375938838e-01,6.914534509637879633e-01,8.731368704068115383e-01,6.019141171159663184e-01,9.288514931004345776e-01,6.362052744723308839e-01,7.621907298977095291e-01,6.628984366449069965e-01,7.232633236106273955e-01,7.310699423997736313e-01,6.446032725191402912e-01,6.978494672159449852e-01,8.821421239751952026e-01,7.603024604913922735e-01,7.431086798776679325e-01,7.909711610062317710e-01,6.641963429655057816e-01,3.434102315090148405e-01,9.927151957760854684e-01,1.847373208418608970e-01,4.017061475089066525e-01,8.574655137853108844e-01,8.268508564403992400e-01,6.155282163700196429e-01,9.434637690795166787e-01,7.700048200222353589e-01,9.773101676381253933e-01,6.276784386150201511e-01,6.539633219635589967e-01,2.289925773973107426e-01,7.736202570819955548e-01,9.173297449531150338e-01,4.024844867640860469e-01,6.847937743534366906e-01,9.884369760827680373e-01,7.327226146354541836e-01,9.934123946540265315e-01,5.852038051111876360e-01,7.015463399094200581e-01,5.352852957389513389e-01,4.824766365451261807e-01,4.356049850282396330e-01,8.828395216188953398e-01,9.285865966134136951e-01,9.237198919146341058e-01
9.878020886540376244e-01,6.459825172729534160e-01,8.722403559562625919e-01,5.936142867439535564e-01,6.763056662278771336e-01,7.245033016492926636e-01,6.922671206671451305e-01,7.029943022650740891e-01,8.522968240437942544e-01,3.303357904855936944e-01,6.365007674054257159e-02,2.585668570236641650e-01,7.153244527561305466e-01,9.638488488214307370e-01,0.000000000000000000e+00,8.073434060388848810e-01,9.174968614782537113e-01,9.279033513925392107e-01,4.056569844760626875e-01,6.976666794845228781e-01,9.830980810612874876e-01,5.524485951294760833e-01,3.914130899346739412e-01,9.805314236158017005e-01,9.181265734876132845e-01,5.134039250310262759e-01,4.948144179608901516e-01,7.680359971717611867e-01,6.805777958175270870e-01,1.480496927875357416e-01,3.282292674988310788e-01,5.377698101223483684e-01,7.527120765271297920e-01,9.192203785895848300e-01,4.058208334296808939e-02,4.561190171543631489e-01,5.369955972890834150e-01,6.632017518737131079e-01,5.205416765574196747e-01,9.479299280935880034e-01,5.896739759163095451e-01,9.746902382875669568e-01,4.167493627528210953e-01,4.698295758603229788e-01,6.741595074112856079e-01,7.942635332185705721e-01,6.329184557151796842e-01,5.290032591285938057e-01,2.104636088218914680e-01,4.525896281742831095e-01,6.652742406106111339e-01,3.492858979937395469e-01,9.889525335741684575e-01,2.813791402439653755e-01,7.727539245799208700e-01,6.041818338343424299e-01,7.411336769553588111e-01,9.700634631798055185e-01,8.072133990210438315e-01,6.849529803500449265e-01,4.105815485849206303e-01,4.942047399602244040e-01,8.230939567230745046e-01,6.852561805478150081e-01,9.977631704034191085e-01,6.200542209505276459e-01,4.098339622447401687e-01,4.978857459561822352e-01,8.020130568609104005e-01,6.568178522045295953e-01,1.338607285883864628e-01,8.116335772524887471e-01,-8.446083452415098503e-03,5.607073108501575698e-01,7.562091033293885101e-01,9.642969967223362637e-01,7.248217240184422483e-01,3.102305639168289608e-01,7.544917773927540053e-03,7.712135122833418954e-01,6.586022871888543850e-01,8.161969503155778183e-01,7.491798132102778229e-01,7.470802818151397462e-01,8.581498067004847408e-02
4.308035933405746642e-01,-9.419991356940382587e-03,4.364263461710820025e-01,8.266649513735434551e-01,7.929426271654160807e-01,6.184245977515625547e-01,6.393572932887644500e-01,5.271706908585018780e-01,4.866381618266572007e-01,5.811100271824590768e-01,5.348560203792953605e-01,7.889918511413408497e-01,9.152300426654382814e-01,3.504690437379970325e-01,8.073434060388848810e-01,0.000000000000000000e+00,9.758673106337003578e-01,6.138551527132931618e-01,1.425995971932101924e-01,9.979005735449597569e-01,9.499559524481291373e-01,4.259529628077619035e-01,8.485039592018703836e-01,7.953845262413294925e-01,2.792229823374350328e-01,7.324092200238438988e-01,9.802758535152770181e-01,8.341761801684827171e-01,1.049723103412721487e-01,6.717786481627106010e-01,3.341039756640972191e-01,7.096994364789178666e-01,1.896280176603757917e-01,7.344656035789429716e-01,7.067071643504563294e-01,5.162126099463211215e-01,2.111067494827935098e-01,4.725835057993311716e-01,6.798389191481306604e-01,8.481330841271593479e-02,5.330015604660168771e-01,1.397512036963050042e-01,9.971492568001718571e-01,8.507886324583565640e-01,6.632740229627616113e-01,8.005304408765213653e-01,8.327525131908990463e-01,8.317880024879416023e-01,4.321468242473480714e-01,3.237753331784430921e-01,7.698528547698874069e-01,6.845297179465777981e-01,6.710661264182700148e-01,9.433763135822397228e-01,9.439662413380793815e-01,6.680520061117231068e-01,4.965455904225931083e-01,6.768794826436419498e-01,7.949836392753295566e-01,4.707686516667906051e-01,3.451085872499129459e-01,7.533321986817178573e-01,7.808879537090981371e-01,6.193445668703116969e-01,6.865579235980111550e-01,3.993752956604892379e-01,9.250382985339032915e-01,4.881292225732347112e-01,1.929881678249551757e-01,7.153391397606351232e-01,3.484476274791006301e-01,9.951458984265093566e-01,6.057395816515271925e-01,5.762105853075498718e-01,4.459055431381635515e-01,6.655255757899516400e-01,8.426972054645139876e-01,4.056670532678309793e-01,6.339620891842599748e-02,5.496123667912339306e-01,6.696183164905076257e-01,8.712694308397179732e-01,9.131847183974084459e-01,2.734219610474620255e-01,7.880073805605971593e-01
7.429150430254309878e-01,9.977695940949689035e-01,5.752200087167250731e-01,4.292696016628942957e-01,8.343726109688236470e-01,4.579397133199634706e-01,5.507726603844670388e-01,4.441109872723883467e-01,4.188893135805777934e-01,9.517172450619548751e-01,7.728211883337186006e-01,6.499540101268557191e-01,8.169652930555783010e-01,7.897006049293515684e-01,9.174968614782537113e-01,9.758673106337003578e-01,0.000000000000000000e+00,9.135070565862749570e-01,6.130135248752399679e-01,4.698494584916211858e-01,4.772120801537503287e-01,7.533911230058961683e-01,8.099258156069908399e-01,9.806554491783470162e-01,6.318405535324145283e-01,8.350798903059329925e-01,9.014952873753389051e-01,6.835771728523161173e-01,7.552162442700665057e-01,7.930163853407111718e-01,2.930891328850066535e-01,5.952894756387099306e-01,2.334338607584448000e-01,6.490062952539250585e-01,4.009739996045867394e-01,2.073668955791339308e-01,3.812664597281326673e-01,5.722646941264684095e-01,7.044195034129315802e-01,8.811261276155264444e-01,5.686812662412911168e-01,6.916595755804367807e-01,3.413290030786071405e-01,8.397533656334293939e-01,8.630260402454681401e-01,7.190646876451437519e-01,9.376753282485253971e-01,8.767477537058341319e-01,6.205961008795346512e-01,7.188132796099430122e-01,9.002621767399321406e-01,9.369810458168273959e-01,9.536405254386617347e-01,6.068929514861595154e-01,4.709986565814422432e-01,9.614049036605000209e-01,6.040985380920224079e-01,7.987249289072216873e-01,9.788548677607440407e-01,1.738285352901828285e-01,8.810018930542125037e-01,5.656401436189019138e-01,8.508138516084351455e-01,2.979324396793793239e-01,6.111417254089770434e-01,7.027446773711064631e-01,8.732080831284498856e-01,8.639607500080888070e-01,8.355330421224833604e-01,7.339585746166980007e-01,-6.897984505116996901e-02,5.254168014420257382e-01,5.454023412943125315e-01,2.002777478544379708e-01,6.818796739058893275e-01,8.856599765689423531e-01,6.015837231583238687e-01,7.669780579115590413e-01,5.364648997230555549e-01,1.723512593610513621e-01,4.666471798040975338e-01,4.495768278721363198e-01,9.157382006697821764e-01,-4.898858813061160444e-02,9.667996381553535246e-01
6.718402517942734242e-01,8.114466384008400812e-01,9.395445896752075907e-03,6.083977589823281740e-01,4.559413049064418022e-01,5.812761496764980995e-01,7.362661744602240210e-01,7.662007121522688147e-01,7.993288536268730038e-01,6.855533067333964281e-01,3.327556889195923961e-01,1.446363242585753106e-01,7.018431443899945110e-01,6.030923301474633291e-01,9.279033513925392107e-01,6.138551527132931618e-01,9.135070565862749570e-01,0.000000000000000000e+00,7.255020946100995127e-01,6.750727011949211320e-01,8.640337812328223732e-01,4.034967614261253388e-01,7.567607179175734888e-01,3.268870902682068924e-01,5.785328617783686012e-01,6.817355237167341819e-01,8.940228049923355513e-01,8.654751552296383599e-01,4.374197229343439464e-01,3.426582481305752714e-01,7.944307566569528412e-01,9.211344508371956952e-01,3.982092193014036274e-01,6.144113183402956091e-01,8.467449711900539855e-01,6.310956636784487150e-01,2.851298316225218121e-01,9.991566312448834086e-01,7.887236502993931753e-01,8.705992134032867202e-01,6.578844751919973310e-01,8.117045083359132329e-01,8.292382481653608473e-01,8.178550312792574051e-01,9.977134351221110808e-01,8.717817664975850978e-01,4.932497495930509013e-01,5.732693377468379703e-01,4.119476494263160093e-01,4.937071636183046341e-01,4.604065655063803719e-01,1.365968471837961662e-01,5.483687621227233411e-01,5.621462068534155421e-01,7.343308893031675888e-01,6.056900625308085928e-01,8.539653573784232732e-01,7.235698668719844351e-01,9.214925371837643375e-01,3.889319292878238854e-01,4.961214928005581726e-01,9.064732748532851048e-01,2.911579948406654017e-01,7.021863840676844104e-01,4.591209672771701111e-01,7.529398326563760957e-01,8.352287325237087723e-01,7.086940218698620786e-01,6.828077053279575370e-01,7.937771289803663421e-01,8.998767983140455451e-01,5.662745420997017387e-01,3.400945945664791692e-01,4.944111419344123792e-01,9.224782704438104775e-01,6.328751657128525165e-01,5.661102883209114811e-01,4.729104983376202775e-01,5.606430988276088767e-01,4.586401615264042164e-02,7.844207172159118890e-01,8.606775108024805609e-01,7.999923764969545381e-01,5.280151133362034344e-01,4.166889593499821243e-01
