0.000000000000000000e+00,8.552915908055271910e-01,9.664223468002396400e-01,8.564836133907585136e-01,8.432292185970337028e-01,6.326342334283466817e-01,7.063405678146333910e-01,6.332964727280782080e-01,7.074444105027276608e-01,8.809794849739408518e-01,6.565887195240793783e-01,3.168588703381962635e-01,9.813885500320945754e-01,8.554962961476593186e-01,7.261393997007923318e-01,6.664127060951431369e-01,5.400534861328670083e-02,5.311912367292553894e-01,9.686121469651578497e-01,7.966716571126949420e-01,6.951658801900352236e-01,9.040979832179000253e-01,8.467676878508959559e-01,9.402761637072737377e-01,8.026021525642842436e-01,8.705431601187409996e-01,6.986080277128285942e-01,9.883079333110755815e-01,4.703825126108880927e-01,5.116413409203220963e-01,9.208339016712472347e-01,6.639526828635456956e-01,9.323538249313181314e-01,7.001081336607378747e-01,9.285762177197179890e-01,7.941966137469713694e-01,1.109411213811914571e-01,4.345327804956611306e-01,4.537338692182859567e-01,5.020654460051392487e-01,7.136550325380733861e-01,8.108283124454673807e-01,8.067430763632944535e-01,9.855019496637861254e-01,8.342116986646879173e-01,9.442448248499295538e-01,7.524047965016156247e-01,8.772966681518731269e-01,8.386237084388926677e-01,8.919159303884980350e-01,8.381773459689509931e-01,4.206725890014409996e-01,6.086177329193293017e-01,6.262032587936536832e-01,3.376362180942393820e-01,7.755246460000219111e-01,7.692503647331477845e-01,7.038654220431079800e-01,5.123433929615454074e-01,3.806720965064641082e-01,5.161268250989111683e-01,8.287823798865505687e-01,8.320356520207115025e-01,5.359548403276108708e-01,5.485163741677961946e-01,6.268075943045017251e-01,6.054447864046360595e-01,8.192916316451718250e-01,2.478822146429958961e-01,3.668819479914984250e-01,9.250976916729469757e-01,9.921944551539889634e-01,3.434505385256768073e-01,7.700213101723781817e-01,9.034620876644352538e-01,8.954779120878566534e-01,6.254960420442290392e-01,7.225619730786103645e-01,4.654738489295911497e-01,4.515780078096539030e-01,8.237084104729542888e-01,4.536371534183151755e-01,7.590260824054750888e-01,7.993910103007926260e-01,9.552853859867393993e-01
8.552915908055271910e-01,0.000000000000000000e+00,7.959924302279477448e-01,3.576106890561511764e-01,7.535213215266446385e-01,6.845890574051399780e-01,3.829268930303398877e-01,7.500682758321127741e-01,9.800460264146719780e-01,3.076184131789199139e-01,8.359383545605737487e-01,9.437802445655939509e-01,9.601808989895712632e-01,7.009813794907792106e-01,2.481880487911051758e-01,3.910993799106059904e-02,-1.257240875509902656e-01,8.724576136395538750e-01,4.684981513923004437e-01,6.776543495197795419e-01,5.196470225619924665e-01,6.421692540022968521e-01,1.536866535455219118e-01,9.900388554452590473e-01,5.839578841195752767e-01,8.639854203637952201e-01,4.687104690780962701e-01,8.113049865300160368e-01,2.146763420891108221e-01,8.036908605870605182e-01,3.566140940185286157e-01,7.042163827568673762e-01,4.608083661317884383e-01,8.856195073528247974e-01,9.288515997097080978e-01,2.586493199170817880e-01,5.958814854204796951e-01,9.702833397428807238e-01,2.923071977830730694e-01,9.301400734428083572e-01,3.056596783773791737e-01,6.399872366166878823e-01,7.604489869390482770e-01,3.280203740094139730e-01,6.460724718558424895e-01,6.146844948822254295e-01,8.697214380591296035e-01,4.585060432514470041e-01,3.190471041036700983e-01,1.923618028953258952e-01,7.047733527649395757e-01,3.974304983762161902e-01,9.671673242253716607e-01,6.103400734702671970e-01,7.375154299206400088e-01,5.247446542875281450e-01,2.478895845432988188e-01,6.733808817336237595e-01,7.282665936092835857e-01,4.979769617845155594e-01,2.926159456964701477e-01,4.691912353410577774e-01,5.133966543887984457e-01,6.219558595685201752e-01,8.677360651728438512e-01,6.671058316849022285e-01,9.626046227390734344e-01,9.067118347195933792e-01,2.444732062535005246e-01,6.401468263716494356e-01,9.149442468854771526e-01,6.465102608851417409e-01,3.639363650625465074e-01,7.946087627215594473e-01,6.418100703808578000e-01,9.968477479496065108e-01,7.018707586529026043e-01,2.898115698085425018e-01,2.646502134880795998e-01,2.753636229902595711e-01,9.409369196971615334e-01,8.188928248414911737e-01,7.514443672612504121e-01,7.286232407744835937e-01,7.778239469564731667e-01
9.664223468002396400e-01,7.959924302279477448e-01,0.000000000000000000e+00,7.828910175036537522e-01,5.121710892101734025e-01,9.713696883868983001e-01,4.195652190482889732e-01,6.419631369633691520e-01,9.960008871767276339e-01,9.238679392587714201e-01,8.588344111037572448e-01,2.554310975843421261e-01,8.147068068810098262e-01,9.769563078068621564e-01,3.544680404317378519e-01,6.894675381998017771e-01,8.301572008149022963e-01,8.269980328518431456e-01,6.653407233428555445e-01,5.185984180882863281e-01,7.716487815558412677e-01,8.376919897313672703e-01,6.930373699451596314e-01,5.330020364200125371e-01,6.054458838370176954e-01,2.093454302568425740e-01,5.934348136034430787e-01,6.484475671627674132e-01,6.709535936837511816e-01,5.161718991543537971e-01,1.135331551347594642e-01,4.039939000611588171e-01,8.459639934989506838e-01,6.604529441752960972e-01,5.631839339818264234e-01,4.880852780400867785e-01,4.972545127084468386e-01,7.312035672653244278e-01,9.973590815047861380e-01,8.883795174279289775e-01,4.665325115933017242e-01,8.091157828153598963e-01,8.692301194287140875e-01,8.440537694296859073e-01,7.948615337191885510e-01,7.853342410200114809e-01,8.691175668940746002e-01,9.922509057816070177e-01,9.782172880236842394e-01,6.972937853105025674e-01,9.202838086746429891e-01,1.440612326052890801e-01,8.583034359259121837e-01,8.666120845813025664e-01,9.246733788564956980e-01,9.316085292420052122e-01,2.135389053998809628e-01,8.454167792358285860e-01,9.818300790949806567e-01,3.736582325625861234e-01,7.805821842400914035e-01,8.129873905970815828e-01,9.831190428081899579e-01,9.377998257767889978e-01,7.734067402679776215e-01,6.876796212975013756e-01,8.306622987945367909e-01,8.131036649449040477e-01,4.304316212624030857e-01,8.069801538964618270e-01,8.968893168687085415e-01,6.252908574983930823e-01,3.992457845445178122e-01,3.125755362911961099e-01,5.898540899569439944e-01,9.965334022225008637e-01,6.750551593918683313e-01,4.258177546990163376e-01,5.057174376653517101e-01,1.435792404334197518e-02,9.017345864590360360e-01,2.049330852505961142e-01,8.767084889695081484e-01,5.414800773140466816e-01,5.713297717722922719e-01
8.564836133907585136e-01,3.576106890561511764e-01,7.828910175036537522e-01,0.000000000000000000e+00,9.959319076291605066e-01,9.216223917229374729e-01,4.441397804766766821e-02,7.500910953196617825e-01,6.116891029388457079e-01,3.820408424715453499e-01,6.036732281792007715e-01,6.578941556803186153e-01,2.792825026378318309e-01,7.074962204553958411e-01,9.336551439705373934e-01,5.253354838675553529e-01,9.861646049936620972e-01,6.878643660655275882e-01,7.703909702223010747e-01,4.593510273836958757e-01,8.088189773516426540e-01,9.535338629109593178e-01,5.732626899471215953e-01,5.815849861226340956e-01,3.847942957229296690e-01,9.959298281873378844e-01,5.235216927846723101e-01,4.330157655634222502e-01,2.983186555084299529e-01,5.484528079517541066e-01,6.384637980652330125e-01,8.312198821449908737e-01,9.843963655449701200e-01,3.404948637666914135e-01,7.543027851792492022e-01,5.097949633481646536e-01,4.799713970199841473e-01,9.365782188320013191e-01,4.495098977150395192e-01,6.050346573541920403e-01,3.690842015941064869e-01,7.981609474381837765e-01,4.149912320717538683e-01,5.632718105548628618e-01,9.589756169272533048e-01,3.595524885345220412e-01,6.474356257254969549e-01,8.669707849871217675e-01,7.466316508672266039e-01,9.496599921606294625e-01,8.227929990627638190e-01,9.612948836511973072e-01,6.650813756786652098e-01,2.141844874151643818e-01,7.310581201803102447e-01,7.641435349352909689e-01,8.101969010586351772e-01,5.866858664581283689e-01,9.601608308654550061e-01,5.183314211078882128e-01,7.167878774245762807e-01,6.441705808844133685e-01,8.568834316626503522e-01,4.549810497058425773e-01,5.493319929908756505e-01,8.654768029799747575e-01,4.411834095697780844e-01,9.434177431995861562e-01,7.425066576844643329e-01,-7.794146875530709451e-02,7.189224399088893769e-01,8.643481880619049429e-01,5.200166770690307638e-01,1.117720070493790213e-01,7.230727067406943487e-01,8.120293598228348619e-01,7.215163038029710485e-01,4.920632348708425807e-01,7.966372154692629159e-01,1.567090528593866397e-02,9.508810014281163792e-01,6.989630179836471280e-01,7.983478715848215668e-01,2.880475122508476260e-01,4.579628599948334933e-01
8.432292185970337028e-01,7.535213215266446385e-01,5.121710892101734025e-01,9.959319076291605066e-01,0.000000000000000000e+00,5.462166248088802245e-01,5.397365467122313687e-01,4.928735735600526247e-01,9.090258726823519098e-01,8.380788867852758672e-01,5.963630797146102225e-01,5.933449544286775179e-01,4.028661428867413297e-01,6.107798665102593949e-01,2.969368555008816690e-01,5.201164122318728822e-01,4.814970003401156662e-01,7.651687323504816618e-01,6.639842160992952547e-01,9.736184510796397351e-01,6.106197055415942820e-01,9.481493695511169495e-01,4.081598504893603208e-01,7.476016069762432270e-01,3.448890875559398328e-01,4.011274915793516804e-01,8.588335676754501602e-01,7.041069308980305586e-01,6.431567218362624905e-01,4.092977579536544175e-01,3.536517725300580839e-01,4.337404632743375732e-01,5.663870325378143056e-01,7.001398217475456320e-01,8.041737408904292561e-01,7.225641863480880556e-01,3.022674406779883860e-01,5.574543489547452157e-01,2.257815717878571271e-01,6.202098428384610340e-01,5.636598737602148690e-01,8.956162922515851221e-01,7.118450411211062479e-01,6.658011285079158403e-01,9.594837558047938364e-01,9.012006313143338110e-01,4.107761328904114828e-01,4.469218981715032957e-01,4.262708852014820415e-01,7.949561815690666666e-01,7.283642141635725542e-01,9.462023588992205525e-01,8.632562825636780346e-01,9.028021580822394032e-01,9.123791988290118615e-01,6.844142262718885261e-01,6.535153916078648706e-01,9.732398951133613973e-01,9.534511545271951993e-01,7.407510237161702982e-01,5.391693002446515948e-01,9.864991091761778907e-01,8.610993100852920579e-01,9.934445533509757009e-01,9.638415802211969252e-01,2.500821061308818316e-01,7.262833064857645571e-01,7.723782809585311160e-01,7.281359242505516249e-01,9.965285532104510846e-01,1.914558256544575121e-01,1.252040163222297720e-01,7.898976017480769940e-01,8.222624807524053780e-02,6.823537910249777294e-01,9.002852985562120880e-01,2.791863497419291296e-01,7.194107298964921293e-01,4.044753388589262810e-01,-1.912239970889543228e-01,5.668364375555811074e-01,8.973944772128791270e-01,5.207649309409425609e-01,6.314525035458582458e-01,8.886455462407769623e-01
6.326342334283466817e-01,6.845890574051399780e-01,9.713696883868983001e-01,9.216223917229374729e-01,5.462166248088802245e-01,0.000000000000000000e+00,6.733456293450824637e-01,6.224663306691520237e-01,8.266783292281777440e-01,9.548102336315977823e-01,4.134751100602167551e-01,2.890878647574149016e-02,9.157167389564456750e-01,8.218481389359845179e-01,6.071851484347087213e-01,3.396751387393276422e-01,3.918531370717247553e-01,4.207204327557387269e-01,6.311914921459333971e-01,8.119275020408099897e-01,5.506970540122170243e-01,7.496672321596282718e-01,9.816884592782115782e-01,8.090834435810969616e-01,9.376696547731769305e-02,7.939812106713193263e-01,7.283245804037622451e-01,4.120971756105589190e-01,5.738147408156735185e-01,6.389884701115724486e-01,3.129065990552431370e-02,6.374862815503349323e-01,8.818329424217535850e-01,4.412151387256496027e-01,4.693531847752110964e-01,6.562578951807332972e-01,7.714021345581356659e-01,9.882939316711116806e-01,9.815422500799938499e-01,7.132072525388529760e-01,3.699967591159164515e-01,7.803827968235208523e-01,9.571067282610113969e-01,7.315858591202448746e-01,8.115130579382392462e-01,6.281609161697714327e-01,3.080354998034184888e-01,5.199724372899046099e-01,5.377235312918451915e-02,7.505592618130157989e-01,6.972664818145698495e-01,7.621087637827224093e-01,7.937030101582550623e-01,2.657184312025521189e-01,6.600957863271276205e-01,7.465922665455699825e-01,8.142004073714765866e-01,2.775664338373970419e-01,7.463068211530239360e-01,2.799670585793440636e-01,7.497391503585125461e-02,7.539890212557004423e-01,6.140662730807877612e-01,6.095242889220494620e-01,7.890504394016868428e-01,4.311386918684123604e-01,7.321575229880855629e-01,2.144535142607627287e-01,7.071587746703961175e-01,5.216190012320662817e-01,6.127372983683438967e-01,4.338468801486139448e-01,5.419587570205168792e-01,-1.230438315747173633e-01,5.138596208872684423e-01,9.689507277793709683e-01,8.302247061099192749e-01,5.150019660861248072e-01,2.259931185552461197e-01,5.200174700552617768e-01,3.507695863383001322e-01,9.962056415742992499e-01,2.839336284362758978e-01,4.437727851201901941e-01,9.974080430930927221e-01
7.063405678146333910e-01,3.829268930303398877e-01,4.195652190482889732e-01,4.441397804766766821e-02,5.397365467122313687e-01,6.733456293450824637e-01,0.000000000000000000e+00,7.856501740005999990e-01,7.655730021104452110e-01,7.294143384859816948e-01,8.115534570244727908e-01,7.094933584953843075e-01,7.446990476287290717e-01,4.052479112879559531e-01,4.452902496326472392e-01,5.544796647622206587e-01,8.977597975496112159e-01,7.040927590514606260e-01,4.676130138141317838e-01,8.837717590583286098e-01,8.914342792651435143e-01,3.881812444373689552e-01,5.616055054901983867e-01,2.389620469773941769e-01,5.813083074770462044e-01,4.159238247099769081e-01,4.978296266624679944e-01,4.241208453510604826e-01,4.242819939079661706e-01,7.558569963334277331e-01,2.975244572630272866e-01,7.225188084949005773e-01,4.411390706093121783e-01,5.507674740613849318e-01,6.406854456810654463e-01,2.514657129788330781e-01,6.102024996089838726e-02,3.876508277480422704e-01,8.616477461744151967e-01,7.771331821657054828e-01,5.437279176899245670e-01,3.310782864977967477e-01,4.155966092433308612e-01,6.608842176857226969e-01,6.150920233789459735e-01,9.476244062321580452e-01,7.918879333846218227e-01,1.640099794305966419e-01,2.669918650343083288e-01,4.292047615422693863e-01,8.229485897190781385e-01,6.152726432900175180e-01,4.803792836589483306e-01,6.177555420181383150e-01,9.578963765230996685e-01,5.371636129150104688e-01,4.339566007131254732e-01,7.897512727436909463e-01,7.658135008886995942e-01,2.424352301466297654e-01,6.074996542440619374e-01,5.554912307603900867e-01,4.213053033029475758e-01,8.142967200260184946e-01,6.812639169766863123e-01,4.756697026605498646e-01,4.280688820784479542e-01,5.155667343166636662e-01,6.776062120948986855e-01,7.725230214249650951e-01,5.401794761904387121e-01,6.197034483983032693e-01,6.562946908830176174e-01,4.922367887314851864e-01,1.849523331041806606e-01,4.468615766378032927e-01,3.914473234478482166e-01,6.942175451080606630e-01,5.642642274170760475e-01,2.946420053965178032e-01,1.833432687897039171e-01,6.331336993052825157e-01,4.026749432668523254e-01,4.992707034359551432e-01,-6.900604837496021604e-02
6.332964727280782080e-01,7.500682758321127741e-01,6.419631369633691520e-01,7.500910953196617825e-01,4.928735735600526247e-01,6.224663306691520237e-01,7.856501740005999990e-01,0.000000000000000000e+00,5.450014799701911050e-01,4.526267746602807840e-01,4.926191336258652909e-01,6.989017185747341543e-01,5.453296366771442916e-01,7.010732474866938624e-01,8.755002456721050486e-01,5.280273673680621060e-01,9.541853139868725631e-01,5.793661718872514244e-02,6.767185684411486379e-01,8.549885815747209072e-01,8.809531722824130995e-01,2.687486170168589816e-01,6.262713471456332615e-01,6.156451011694331621e-01,2.466120589012967823e-01,9.617654366701589019e-01,7.258888054061610751e-01,7.483691309493075705e-01,3.507536011046537006e-01,5.082856531780507447e-01,1.892170598250703661e-01,6.696424513543438595e-01,5.595335782291466220e-01,4.583673489990613414e-01,4.459912189596311194e-01,4.603597456085712913e-01,2.274702704060037051e-01,4.505869859458217497e-01,9.185667073946873762e-01,1.058983414233101022e-01,7.880092156148017501e-01,5.992690191259384402e-01,8.721337429197720814e-01,6.081221776860263883e-01,7.942354895824803585e-01,4.598148400515986167e-01,2.892811191394544235e-01,8.350970601385060421e-01,3.875139538641979575e-01,4.906993166770496906e-01,2.255259527862774616e-01,2.279830877425825519e-01,7.163845868381147897e-01,7.390539846913921629e-01,9.110353474731499590e-01,9.877735991149335648e-01,4.161744377780393633e-01,9.232813360177424267e-01,9.572357451892461455e-01,7.292042738130080082e-01,4.885215218014541394e-01,5.340999448332590660e-01,3.852905788821532340e-01,7.758044895183748846e-01,8.901550476226610664e-01,6.469818969747433979e-01,7.594436147294899575e-01,8.246951852381633197e-01,6.645798841665168100e-01,5.912381029910764862e-01,3.659889118915037320e-01,6.069836426539197971e-01,5.879492535873037662e-01,4.462867456809833655e-01,1.004502773547024247e-01,9.417546396159766076e-01,2.406268555394477648e-01,5.131665257278948955e-01,6.241344363243080950e-01,1.626784693710230656e-01,5.087322793397108800e-01,8.153235902649781375e-01,5.149320711231615277e-01,6.557958280548721319e-01,6.071388415870460076e-01
7.074444105027276608e-01,9.800460264146719780e-01,9.960008871767276339e-01,6.116891029388457079e-01,9.090258726823519098e-01,8.266783292281777440e-01,7.655730021104452110e-01,5.450014799701911050e-01,0.000000000000000000e+00,4.313723306455049533e-01,6.938061422026140512e-01,5.823021349217762932e-01,9.043782382829086419e-01,8.921646161824673404e-01,5.027978111697900543e-01,5.373690286870734800e-01,7.245895345966765211e-01,6.984314987995988711e-01,7.954971463113775787e-01,6.500834431463479168e-01,3.415291302354478420e-01,7.297169864909734960e-01,6.737972635847468972e-01,8.509932330008062040e-01,7.615407755873082607e-01,4.076762984581868698e-01,6.864396633485329025e-01,7.339296225340836699e-01,5.338094748844638415e-01,3.487837372453241880e-01,3.216948733511898473e-01,9.686673877833766877e-01,8.447284370212532201e-01,5.526855236452226094e-01,6.633501211663224151e-01,3.776246074403761810e-01,4.404853517161383403e-01,5.469656484220110082e-01,8.907274987137627775e-01,5.735530762050384812e-01,3.562759689336202351e-01,5.823784975535398756e-01,9.432249821163507519e-01,4.312472183136077941e-01,8.145848882996955531e-01,6.782409594646662265e-01,7.408885135320736337e-01,8.563293515107366360e-01,4.043025206585397768e-01,6.804707965155563087e-01,9.194522902472157533e-01,5.917714838340454309e-01,9.974177478600969593e-01,9.087436579877413712e-01,7.854192307624610070e-01,7.999636956986957426e-01,6.150894667309045882e-01,6.045655528575274440e-01,7.330573393786818936e-01,4.156440043183444177e-01,4.103852373769933948e-01,4.502215062380607868e-01,3.270639720950563323e-01,9.321854125960613580e-01,6.981105423832114631e-01,6.093662368483807601e-01,4.504964055392968736e-01,6.093647039153469169e-01,6.288233805174512359e-01,6.036383056671073000e-01,9.070245827786967974e-01,3.066300441556580030e-03,5.706614214327137002e-01,7.149116021958543676e-01,2.790538706764411070e-01,2.815940157786693820e-01,7.454653002999755973e-01,5.370716351848133785e-01,2.572189250679128292e-01,5.008968623963659939e-01,6.679752253617707858e-01,8.386564100714402059e-01,9.296538324209666637e-01,6.872709395443838964e-01,5.018888469185666112e-01
8.809794849739408518e-01,3.076184131789199139e-01,9.238679392587714201e-01,3.820408424715453499e-01,8.380788867852758672e-01,9.548102336315977823e-01,7.294143384859816948e-01,4.526267746602807840e-01,4.313723306455049533e-01,0.000000000000000000e+00,9.607666046945185778e-01,6.030216807172751325e-01,7.600007090781980557e-01,9.447303994934029836e-01,6.852994496154929394e-01,2.773798850937914673e-01,5.265189858230017173e-01,7.652218181959586918e-01,4.035755219083370648e-01,6.798529620083513247e-01,7.691549972486351194e-01,5.881394746923824801e-01,3.945211645671344303e-01,9.888832123722552936e-01,7.549758352271004336e-01,9.537537611601822896e-01,9.565559715484097669e-01,6.962658244036384891e-01,2.838460679067197345e-01,6.929069510121357300e-01,5.343255908105777330e-01,6.116932229095614071e-01,7.227641587110359422e-01,6.675663247246105270e-01,7.157500333858108910e-01,7.069365380309035052e-01,4.799798079771401826e-01,8.640251773272377145e-01,7.021578863345565580e-01,6.829384958083750679e-01,7.210971177789585740e-01,6.323974652072648084e-01,8.865684481767219793e-01,6.926187831163920228e-01,8.351447583893183424e-01,9.853704902727125070e-01,9.252745114539702165e-01,9.469813314754792488e-01,7.371092372579231000e-01,2.497891624186502901e-01,6.625809216284054282e-01,9.074333767166894438e-01,6.391827020931366565e-01,6.510462097885374444e-01,7.403971423732519375e-01,7.581380608185060987e-01,6.809437802964699582e-01,7.578160909702430503e-01,7.523425582404414946e-01,2.644782567780197269e-01,6.444435268352021184e-01,6.385316016720392618e-01,5.634222620756560440e-01,6.542853291355491541e-01,-1.117398266665166062e-01,8.736393258488941438e-01,8.442564370227961801e-01,8.986454851450845771e-01,5.327910835272575696e-01,7.582192016092268450e-01,9.287712274697023096e-01,3.172569496679700785e-01,6.950762001028580883e-01,5.759720702214741195e-01,4.109871220305957862e-01,7.880144157614017431e-01,6.779581058632363488e-01,7.949179418922357465e-01,1.178952895816218205e-01,3.155361670218270187e-01,4.492740456710546115e-01,5.524643498441936806e-01,7.513950641000468611e-01,-9.147780013634626561e-02,6.732457247419485480e-01
6.565887195240793783e-01,8.359383545605737487e-01,8.588344111037572448e-01,6.036732281792007715e-01,5.963630797146102225e-01,4.134751100602167551e-01,8.115534570244727908e-01,4.926191336258652909e-01,6.938061422026140512e-01,9.607666046945185778e-01,0.000000000000000000e+00,9.467256843295137614e-01,9.715029255032556765e-01,6.942510757082410722e-01,5.963915551361111955e-01,4.239287073153235053e-01,6.680057729466186700e-01,9.314463728331887626e-01,9.477749588975975525e-01,7.688371521036977407e-01,9.481018084969471404e-01,7.943126341365615017e-01,6.268630059149887801e-01,5.508513788958203650e-01,5.298266214113034334e-01,8.242874892774539886e-01,7.098810797855408250e-01,6.446393340132394734e-01,5.874670713377012632e-01,9.159178454149329296e-01,5.895013297855287160e-01,5.257227888300725072e-01,9.545355426068780069e-01,8.193938468304592382e-01,7.576818690531557099e-01,2.960505630411635059e-01,1.888920656257153663e-01,6.731146410053228113e-01,6.424840995503804386e-01,5.612771512734047175e-01,3.210846106976453229e-01,9.904995029032842568e-01,4.586520925300808793e-01,8.824291716420727960e-01,9.582210279240959139e-01,8.606651013746522416e-01,9.258700092018754546e-01,7.027117287059836404e-01,5.243420182207694236e-01,5.556964907507668805e-01,2.538661482405235037e-01,5.005624173196387972e-01,7.145538774433670692e-01,6.703562982181214824e-01,5.421663940127251502e-01,9.766545092236463832e-01,5.542461671682122337e-02,8.318433710167716377e-01,9.413167663627762805e-01,8.306518994033756931e-01,7.482293063674598788e-01,5.067913200407361263e-01,3.431949187566875059e-01,7.713443075517967262e-01,6.171716546386953883e-01,9.407392144007578061e-01,9.868866725810553353e-01,9.779120255286075647e-01,7.176062883826096472e-01,2.548403472097298672e-01,4.768211442031950464e-01,3.668062339957827156e-01,7.677302991548016209e-01,5.188705035216834016e-01,6.484240675838693901e-01,9.926033284641366805e-01,8.701834748632426564e-01,2.685386854649634003e-01,7.887931166436054076e-01,3.066483892008707857e-01,5.818607034577332193e-01,8.546823936475147487e-01,5.433410870572902285e-01,8.393877446484980798e-01,9.331860766185112732e-01
3.168588703381962635e-01,9.437802445655939509e-01,2.554310975843421261e-01,6.578941556803186153e-01,5.933449544286775179e-01,2.890878647574149016e-02,7.094933584953843075e-01,6.989017185747341543e-01,5.823021349217762932e-01,6.030216807172751325e-01,9.467256843295137614e-01,0.000000000000000000e+00,5.626116013621791367e-01,3.635430375954561422e-01,8.579831560231164778e-01,9.758400782192245826e-01,6.567813898471898115e-01,4.174568036567979923e-01,2.839949512544052701e-01,9.767862191655056758e-01,8.003235327523950948e-01,7.746756252289118683e-01,5.544325581539717440e-01,6.283269599014992268e-01,8.267558050225436439e-01,7.553467542020554371e-01,9.317381777233669782e-01,9.579171630991072384e-01,7.930865600595349285e-01,1.049755692936324425e-01,6.844088125543525969e-01,2.097963248695222105e-01,5.396411591630030369e-01,8.939653605957953442e-01,6.084828615482948955e-01,7.790831965264193304e-01,1.043805837219309411e-02,4.224716529657065456e-01,7.749610908014905597e-01,7.169707618974641150e-01,4.097035474319836723e-01,7.124893284702570329e-01,4.407231421113493863e-01,9.333006338057007190e-01,6.014073556488278571e-01,9.696596530196102126e-01,9.177623480759669050e-01,5.318514519394850204e-01,4.261038026383419108e-01,5.922210004208067202e-01,9.820752158136458743e-01,8.333705817193359788e-01,8.816552290969263961e-01,2.622433886105833278e-01,6.993007502271905151e-01,7.763460009748364143e-01,5.913382411420943230e-01,5.289561712198174170e-01,7.559777641398777170e-01,3.198266693601589106e-01,4.657351794090602848e-01,8.355475283265907382e-01,9.534073239232585539e-01,8.297016181904344201e-01,6.223033399976758417e-01,5.394473197111868679e-01,3.591509533405000676e-01,3.314199044074924716e-01,4.338212819013989030e-01,3.106144480437111888e-01,7.088939209896565341e-01,9.065789076651352696e-01,2.143106643007480772e-01,3.634884134982559467e-01,5.629990132056191809e-01,6.942112076201113480e-01,7.262455604606276038e-01,9.096019942451830653e-01,7.859821646610657409e-01,4.632238989508499216e-01,4.777595533132157346e-01,9.014614954987654194e-01,8.272424612857692816e-01,4.246610799480396992e-01,9.874988504237622866e-01
9.813885500320945754e-01,9.601808989895712632e-01,8.147068068810098262e-01,2.792825026378318309e-01,4.028661428867413297e-01,9.157167389564456750e-01,7.446990476287290717e-01,5.453296366771442916e-01,9.043782382829086419e-01,7.600007090781980557e-01,9.715029255032556765e-01,5.626116013621791367e-01,0.000000000000000000e+00,9.361077127936678899e-01,9.419353522269640067e-01,7.566339140309764622e-01,8.903179295999824605e-01,7.723686143130452653e-01,5.135814298087614249e-01,5.401994407760348782e-01,7.214618289664349593e-01,7.707689066802417832e-01,4.098006733214323294e-01,6.479603347834368421e-01,5.996711246920597427e-01,6.282783306691470671e-01,3.557485049028543678e-01,7.571688074719741257e-01,4.178430564354371768e-01,4.350671842875537543e-01,4.576552634623052840e-01,8.572014502398170865e-01,7.274559547168528706e-01,7.796317228927710508e-01,6.556587951132164527e-01,4.163850690739417382e-01,7.976307288481386815e-01,6.074674885145527892e-01,6.056141158854450035e-01,8.634793962483284790e-01,7.060070142035669294e-01,7.112727507581225739e-01,6.442403485340051361e-01,6.956142040263558757e-01,4.558856764805259143e-01,8.508957079902490506e-01,8.031431585855053346e-01,4.559590052116042624e-01,6.216034554571033821e-01,7.984668182560029637e-01,7.657212895053879809e-01,8.325896012237006261e-01,7.735104048214986872e-01,4.968526129457863649e-01,7.389537430834328680e-01,4.714229108717128414e-01,8.886873933619758859e-01,5.823038304383083563e-01,8.160694856754696636e-01,5.652970616453389940e-01,6.678358089298562783e-01,7.428277490045429587e-01,2.813224630031365900e-02,5.035329656598996895e-01,9.674873086049556870e-01,6.517411838843498728e-01,7.052471265179462989e-01,5.934065815108033881e-01,2.579210181651006226e-02,8.870222532795278836e-01,8.618544917878991907e-01,7.887651358356031484e-01,3.912090243372310927e-01,3.526836335536959188e-01,4.347654567511852752e-01,5.989626229001774327e-01,5.110954421576145990e-01,8.166197331174446239e-01,5.502826577979168521e-01,6.178368582751315140e-03,9.110901058463520830e-01,9.065508166200055840e-01,7.443856101330257324e-01,3.485110809657073205e-01,7.671656879059787215e-01
8.554962961476593186e-01,7.009813794907792106e-01,9.769563078068621564e-01,7.074962204553958411e-01,6.107798665102593949e-01,8.218481389359845179e-01,4.052479112879559531e-01,7.010732474866938624e-01,8.921646161824673404e-01,9.447303994934029836e-01,6.942510757082410722e-01,3.635430375954561422e-01,9.361077127936678899e-01,0.000000000000000000e+00,9.254870347485737447e-01,7.312897372196077717e-01,2.581883885736191986e-01,4.698944803326007280e-01,6.402175716035994890e-01,7.132310601792621885e-01,8.650241407071679323e-01,7.999805291936862295e-01,4.217874405968156659e-01,9.108758840765354137e-01,8.283523524402668370e-01,3.491786556530401264e-01,2.015676944791734704e-01,6.549325504990021196e-01,4.658774691550169877e-01,4.867219340789193383e-01,7.626137423226039269e-01,2.080195733829005023e-01,3.384404199692928605e-01,7.887675196297885272e-01,8.068690951082350127e-01,3.108539347687209187e-01,7.266960063355225596e-01,5.633097180971777806e-01,8.988049433214156947e-01,4.523287654397368796e-01,4.404551662030868897e-01,6.116204371935760609e-01,6.324804619322306198e-01,7.884686245902294832e-01,8.064089212703973164e-01,7.230823240753748715e-01,8.287467017822666149e-01,6.482750428108279284e-01,7.932985909766361310e-01,8.105214624203385121e-01,9.160815795288833607e-01,4.533428840355309686e-01,6.923270956817352273e-01,8.536337865017491477e-01,4.879132675570390654e-01,6.626801682132053006e-01,8.781828752886616796e-01,5.737470632344993104e-01,4.531466468250932578e-01,6.193245112964296251e-01,7.918411151816053817e-01,6.093347377399186415e-01,7.826139786691272970e-01,6.532998024186414954e-01,9.918544068596530927e-01,4.905444635980941159e-01,6.231771287611878041e-01,9.873432503361336821e-01,4.023224370536601646e-01,8.376356274752334574e-01,7.565737029420710469e-01,4.488475657499188531e-01,3.989989620847865792e-01,7.009730437399436243e-01,1.142369293784780970e-01,4.883569600524236831e-01,9.761706076618867911e-01,5.228800908747986975e-01,6.272507893002740031e-01,3.718299712695888881e-01,8.611974476457502359e-01,7.828728339620778520e-01,6.398819313204147097e-01,5.184605528490948689e-01,4.797773199509359210e-01
7.261393997007923318e-01,2.481880487911051758e-01,3.544680404317378519e-01,9.336551439705373934e-01,2.969368555008816690e-01,6.071851484347087213e-01,4.452902496326472392e-01,8.755002456721050486e-01,5.027978111697900543e-01,6.852994496154929394e-01,5.963915551361111955e-01,8.579831560231164778e-01,9.419353522269640067e-01,9.254870347485737447e-01,0.000000000000000000e+00,5.194215973960685240e-01,6.860995784269814379e-01,5.775197856400782204e-01,9.545487913395555024e-01,9.390706970702000778e-01,8.879231754412512112e-01,7.339869648106718270e-01,7.129186513175674866e-01,9.184566626771646369e-01,6.095169662278827616e-01,3.447865754807357686e-01,8.956802219276808197e-01,4.511141412471756373e-01,5.468361167465309869e-01,6.864886861402162976e-01,6.146330204269876418e-01,7.215500029343731025e-01,5.435378209340141487e-01,7.405491012181202315e-01,5.284134271298543961e-01,2.282995093543911946e-01,4.497935455882325351e-01,9.158064592498663670e-01,9.118227340929735414e-01,9.262187204747687197e-01,7.228217969214842942e-01,9.693616650868666085e-01,8.868537535557897700e-01,4.969985722136235906e-01,7.913249277255491876e-01,9.083816843339914682e-01,5.270298266284602073e-01,7.367465518812850167e-01,5.352403679410354664e-01,5.988615336959461910e-01,5.964549919258044230e-01,2.867073743859853696e-01,9.730981710832629084e-01,7.476821567352459619e-01,9.561012000763544627e-01,8.412991231811378645e-01,5.055155333239603754e-01,8.289094911570149549e-01,8.412936130921667699e-01,7.993634310327100145e-01,6.679024985503094758e-01,5.405077726219907897e-01,8.352771128071265760e-01,9.879370009978203360e-01,9.462980335413244681e-01,7.649437511865835315e-01,2.169067496119166938e-01,7.357940631359582984e-01,4.165955554843721043e-01,9.433425738355538659e-01,7.880372646064841557e-01,5.750946584527137917e-01,4.712511972932597049e-01,6.198845606500811289e-01,4.354655698366056149e-01,4.821303268739451919e-01,9.899959845789787494e-01,6.880561409431282804e-01,5.903719197119100537e-01,3.215062847893858655e-01,6.810725937670291108e-01,9.544262928859345019e-01,8.057535208804450511e-01,5.336505959252730857e-01,7.162734828585191060e-01
6.664127060951431369e-01,3.910993799106059904e-02,6.894675381998017771e-01,5.253354838675553529e-01,5.201164122318728822e-01,3.396751387393276422e-01,5.544796647622206587e-01,5.280273673680621060e-01,5.373690286870734800e-01,2.773798850937914673e-01,4.239287073153235053e-01,9.758400782192245826e-01,7.566339140309764622e-01,7.312897372196077717e-01,5.194215973960685240e-01,0.000000000000000000e+00,8.847381822723445755e-01,4.967532178331673931e-01,4.467223588284778835e-01,6.880306830132504325e-01,9.332287100789832257e-01,8.980802351598280442e-01,7.668372714043992788e-01,6.859587689228170415e-01,5.886334442148155599e-01,5.962795009052284101e-01,4.776287013596250963e-01,8.041266394800973272e-01,4.544482457623525429e-01,-4.254597760000819462e-02,2.721437299205922700e-01,1.940923783143901904e-01,6.716768370847193692e-01,9.604670238622525780e-01,9.127130439432121767e-01,5.034418331760713849e-01,5.520535228301051145e-01,6.849787600586334513e-01,6.356488119140983883e-01,5.042622710939870245e-01,1.216580820946907004e-01,-5.214762605435033227e-02,8.069737009244462023e-01,6.279539009498240620e-01,8.017906828434691047e-01,8.400139633435443898e-01,4.322985786287472099e-01,9.054935157873047480e-01,7.802392398981770061e-01,6.274374147553343217e-01,4.024113194596863341e-01,8.711346622967138797e-01,4.883001252270871007e-01,7.311920200590061869e-01,9.541888167695529166e-01,5.667239963916593792e-01,6.210185369981459091e-01,5.396952409103246140e-01,7.077527319346526014e-01,3.761607210034999538e-01,2.935180177423687420e-01,8.071116565294064182e-01,6.975606055665209970e-01,9.127124701023684450e-01,6.833230711633252463e-01,8.637394041025626690e-01,6.104921279635682207e-01,7.214941380616146649e-01,6.001987726577192594e-01,7.357785226989853600e-01,3.375416135115497096e-01,7.646402281352331354e-01,7.225562651576666884e-01,4.576463512576000037e-01,8.111928702207683584e-01,6.016164887255688321e-01,5.755393764363097020e-01,2.958546995060716833e-01,7.465717521251939992e-01,5.245001984441383103e-01,6.461813878027637958e-01,7.564724918061345171e-01,4.124818077899649049e-01,6.274106755155092197e-01,7.528639433995870656e-01
5.400534861328670083e-02,-1.257240875509902656e-01,8.301572008149022963e-01,9.861646049936620972e-01,4.814970003401156662e-01,3.918531370717247553e-01,8.977597975496112159e-01,9.541853139868725631e-01,7.245895345966765211e-01,5.265189858230017173e-01,6.680057729466186700e-01,6.567813898471898115e-01,8.903179295999824605e-01,2.581883885736191986e-01,6.860995784269814379e-01,8.847381822723445755e-01,0.000000000000000000e+00,4.765135107466595965e-01,6.681560944390386725e-01,6.980791203175814585e-01,6.360897101625431205e-01,6.411606409526690031e-01,9.846260939406802359e-01,7.119030744212218043e-01,6.247096327300167840e-01,9.118525047366748959e-01,9.767057921160554601e-01,4.040590706216348749e-01,5.630053937803515263e-01,9.437462461033929717e-02,1.872619720649506270e-01,6.860412859229177984e-01,4.609849895351214588e-01,9.622697539034681391e-01,8.106287753952764463e-01,7.552460274121537420e-01,3.393673590977909216e-01,9.121853613508689174e-01,2.088538478930799802e-01,8.100627278862113645e-01,1.460616427205264356e-01,6.243360862381863718e-01,9.492336962945772116e-01,8.431877017025862786e-01,9.500141966909372293e-01,8.309810487996313055e-01,6.585368234345692073e-01,8.346705333964178353e-01,9.930648286919356860e-01,8.010844174161535491e-01,9.816891329934045451e-01,2.526369870346156787e-01,6.580831644455388263e-01,8.765985913673546293e-01,6.578701703403210255e-01,8.879889166426941927e-01,6.646057205315780703e-01,9.401177081958054238e-01,6.669420601707591878e-01,2.143117271976426874e-01,2.925694196708126804e-01,9.747556623678550469e-01,6.416688908548637826e-01,8.258789623283268044e-01,8.328416306934086633e-01,9.898326787846858377e-01,8.971076552613900246e-01,7.588272750048168369e-01,4.566387604865932426e-01,8.078744332362445268e-01,7.568111109292343652e-01,8.351373435610973672e-01,2.857467488133307310e-01,4.579302115803012829e-01,7.530016891090413056e-01,5.243753319440825900e-01,5.241762134050300670e-01,9.592606297296104589e-01,4.615526410537537094e-01,3.186684281223446380e-01,7.034189542651342331e-01,8.819836297051135698e-01,3.148191288904296503e-02,7.070336880086480758e-01,6.877497283549115492e-01
5.311912367292553894e-01,8.724576136395538750e-01,8.269980328518431456e-01,6.878643660655275882e-01,7.651687323504816618e-01,4.207204327557387269e-01,7.040927590514606260e-01,5.793661718872514244e-02,6.984314987995988711e-01,7.652218181959586918e-01,9.314463728331887626e-01,4.174568036567979923e-01,7.723686143130452653e-01,4.698944803326007280e-01,5.775197856400782204e-01,4.967532178331673931e-01,4.765135107466595965e-01,0.000000000000000000e+00,7.210378393513365847e-01,9.687562871644006535e-01,4.914845436540876689e-01,6.419355219151616776e-01,8.677853627317693164e-01,7.534586646947889488e-01,5.678029966153803620e-01,5.844185330281819191e-01,4.240901907595835407e-01,6.080951442839931387e-01,6.226474175466187866e-01,2.099293111541297441e-01,3.557974110453462346e-01,5.865827999702193374e-01,7.698112863219662705e-01,8.958796863221296647e-01,4.411683547989977972e-01,2.219008441862635461e-01,4.870346824862547552e-01,6.611670846399353429e-01,6.847604131958386908e-01,7.861251340526613784e-01,7.553660406679499895e-01,9.888832179460824712e-01,6.567155031782947461e-01,9.780544019279864276e-01,6.477778002425886861e-01,9.465243209314494477e-01,6.851836841437872749e-01,4.911252625606671862e-01,4.173239528780940955e-01,6.202162101791659499e-01,7.276961917681035175e-01,7.373873218384725536e-01,8.610010909538640123e-01,8.801932828139792386e-01,6.665706845068635200e-01,8.666232735601651083e-01,2.953761376681482420e-01,1.154540380040261494e-01,9.470014917996991688e-01,7.232933363288367445e-01,4.919583642381634148e-01,6.903833004614932101e-01,3.625530059652221637e-01,6.593659877148100312e-01,9.072605292593389770e-01,-3.884423119748250941e-02,4.721067196257046628e-01,8.201920613611736188e-01,6.236082670797227223e-01,9.984430534857527961e-01,2.280589277001127957e-01,9.075599905538336287e-01,4.491743559406696229e-01,3.266592615396466531e-02,6.610550725631705316e-01,7.991739550384091562e-01,1.035637638093668544e-01,6.945491809799460292e-02,4.182785346363845358e-01,3.460547499188078024e-01,2.866577218205013655e-01,6.214744148496037512e-01,5.979143012650907085e-01,7.941030020237251907e-01,6.350709805359386895e-01
