0.000000000000000000e+00,3.642232866484508280e-01,9.319543166669119749e-01,-9.310082049285252348e-02,6.260249493112888253e-01,5.086141109174535657e-01,5.708025048232958643e-01,2.715523781876332254e-01,9.772060709209294815e-01,8.009331297896117308e-01,9.370547425673565467e-01,8.342161611568903457e-01,8.384910592269834151e-01,9.542710038321156052e-01,7.437811462569783316e-01,7.807312166243455254e-01,9.146449357394558222e-01,8.909125485457325411e-01,8.082063688135099344e-01,9.726107419123311004e-01,9.322867387874389511e-01,8.845476755173335981e-01,7.891954761515485028e-01,7.037530030203013043e-01,8.680256438745070913e-01,6.899349448600050616e-01,7.949391896837687543e-01,7.280609187361595236e-01,4.405205910450131768e-01,6.746631876318690546e-01,5.166552402133826050e-01,9.682169765749304435e-01,5.781509956359056623e-01,8.914772306803804280e-01,7.866030689218114214e-01,4.336815566883270301e-01,4.046890484739633642e-01,7.022251608958014479e-01,5.362414569026127120e-01,8.427866150586269534e-01,5.670498996066786201e-01,8.033951423103277145e-01,7.380063864796072570e-01,8.696914852973322008e-01,8.200339612016946944e-01,7.527193322901820638e-01,8.564938386528826442e-01,5.919276238413366809e-01,7.758325505746311856e-01,7.332323466835273251e-01,3.694757544795158610e-01,9.858235818870962897e-01,6.415603612304051628e-01,6.581983750364466257e-01,7.058701852103911323e-01,9.934240540326153557e-01,5.521171587948778825e-01,9.473112387092825770e-01,7.912601700085550860e-01,7.852626191296774305e-01,4.023521360007971670e-01,6.536861288437344486e-01,9.766150644293140060e-01,9.214749776307818996e-01,4.522639821718368869e-01,8.242104347150117638e-01,7.359121727954676118e-01,4.208756215727979533e-01,8.372354523658959158e-01,8.677709044414955164e-01,7.348146609252188544e-01,6.011760601217966959e-01,6.575638976532670599e-01,5.022601783069087222e-01,2.296851465494312849e-01,7.616355491222557283e-01,9.526121152491124899e-01,5.600742701974540383e-01,2.499791022731573942e-01,2.947432574534386562e-01,9.119108961407448311e-01,7.727994469727172966e-01,7.564466908812172985e-01,4.548502411091490116e-01,7.142996682180392520e-01
3.642232866484508280e-01,0.000000000000000000e+00,1.236208761436131676e-01,7.658669497173060670e-01,9.403992124137372510e-01,5.535137298965420172e-01,-5.551187831761364433e-02,5.526993823747086143e-01,4.896077821739178160e-01,6.906249570545164307e-01,6.117297059925612679e-01,6.245110365618761206e-01,6.421981204681859179e-01,7.343606558786029970e-01,7.786430291141748228e-01,4.883846823993136521e-01,9.312212760568574499e-01,9.767917343292460419e-01,5.544538869843410600e-01,6.067172361814736625e-01,9.942109912037895292e-01,7.947878405578687744e-01,1.540235062773556186e-02,8.012295544065377584e-01,5.022634879088101467e-01,4.840425265149045364e-01,8.786463937836490601e-01,4.920222620096150745e-01,6.152905006068298821e-02,3.096388252167996957e-01,6.668144565825323555e-01,5.800404927904119212e-01,5.316851619406695040e-01,2.825108800164778944e-01,7.889241923540581958e-01,3.827846005194708578e-02,4.365410524778978729e-02,7.867619632180827827e-01,9.239384681139188871e-01,7.783959865955503155e-01,3.057785376684286627e-01,5.106520079578049653e-01,9.223809825922910655e-01,6.698110477114778138e-01,7.570606796050184384e-01,8.838832511085539245e-01,7.882332283633217695e-01,6.053473445715247259e-01,5.287136247776740294e-01,7.272899429844649211e-01,3.812964060104538921e-01,8.242707066745742495e-01,2.856335577029833761e-01,9.941723930292215572e-01,6.088041522192311206e-02,8.650633917035157605e-01,7.841772373005921892e-01,8.269381404084253928e-01,8.744440172534309608e-02,2.268819003366244202e-01,3.836676208273267497e-01,8.896360315161873089e-01,7.706824298316415911e-01,1.024052240054008078e-01,7.884741647637478756e-01,4.092032124418931716e-01,7.199672068035007921e-01,8.620531887097560020e-01,1.660669624606153083e-01,6.941948402870844470e-01,6.307634183195386379e-01,4.384604903657152164e-01,2.145507824350323303e-03,5.595653500662121083e-01,-1.461961303079054031e-01,3.954161933611564095e-01,6.219217031301464971e-01,6.523298256460648981e-01,6.989403985651897466e-01,4.829032772086599423e-01,7.095622303091557725e-01,6.270314528400591225e-01,5.167011302321860011e-01,4.777837167751812775e-01,6.414446824861591567e-01
9.319543166669119749e-01,1.236208761436131676e-01,0.000000000000000000e+00,9.764348609319435379e-01,2.697206152024051451e-01,6.997784265375035506e-01,6.713304016247003680e-01,7.124102857451266591e-01,9.030086712020568562e-01,9.465507449046491883e-01,7.737904363842349476e-01,6.299567809444556188e-01,9.958060210479746654e-01,7.622784344261581690e-01,6.577300369193491703e-01,6.456388946548012875e-01,8.190412620062877957e-01,6.138169660761851887e-01,5.245330819053526383e-01,9.726932765805137437e-01,9.034680256323894820e-01,8.225670624044257861e-01,7.690136968497730541e-01,8.432344135910787575e-01,9.067585125909448651e-01,8.985975402288768343e-01,6.309516468216008755e-01,8.020392413963123301e-01,2.010735653770614750e-01,6.610619144300663441e-01,9.337879678466554090e-03,9.515553626322148517e-01,7.840207415996053308e-01,3.825863366542817667e-01,6.344678323784731511e-01,6.762862854788694034e-02,3.480184470625701243e-01,4.254816819886918511e-01,6.143237588325878296e-01,6.278450960302756068e-01,4.204297328743428208e-01,8.621195676188038171e-01,4.681006026097352390e-01,7.843345547844546850e-01,9.769039083994563999e-01,5.350662269787370695e-01,8.478794095820191279e-01,8.691133953266414469e-01,9.688211130656686487e-01,9.285835481073514419e-01,5.341001700605818581e-01,8.358944058216152273e-01,4.039537817828428024e-01,9.900270276281248893e-01,8.382485487979416394e-01,6.567576068060470007e-01,6.923006627838620419e-01,7.847237743137612798e-01,7.191977689094667392e-01,2.013724773788154454e-01,2.348304655301949040e-01,8.792583506164407536e-01,6.427271417300929324e-01,6.507658067084668430e-01,5.608297701721096651e-01,7.910348268382743075e-01,8.340777260374097057e-01,8.943776045852466217e-01,9.074923123797743463e-01,6.648792065023345632e-01,8.087750441735572782e-01,8.885518427188247026e-01,2.569654166145608487e-01,6.628974304234112047e-01,9.661884369105331327e-01,6.799691642843321837e-01,6.502252331801017249e-01,4.159308146961240849e-01,5.139947633823949147e-01,2.705537645860639495e-01,7.867643154522444560e-01,4.706212791637734427e-01,7.193855457635057737e-01,8.914881007973848304e-01,9.204585896761564578e-01
-9.310082049285252348e-02,7.658669497173060670e-01,9.764348609319435379e-01,0.000000000000000000e+00,4.998273878999580644e-01,6.534090601423642175e-01,7.419905782380031845e-01,9.440403557039109828e-01,6.286093104611841786e-01,5.126598434043598829e-01,6.734957014391972363e-01,9.228271210268407243e-01,9.271980437038276346e-01,6.732706805194964561e-01,5.633943762075204198e-01,9.485496884582256261e-01,8.297857090859367402e-01,8.634546948625385632e-01,7.318449787232774728e-01,7.086990771897274666e-01,7.505359553936067352e-01,5.420005652438514288e-01,4.288373243652002231e-01,7.198514958928943219e-01,9.944677561533455945e-01,7.904168904725443756e-01,9.645956609681605176e-01,6.220563404553899334e-01,3.309507494492273105e-01,7.710970524472680054e-01,6.224493684847828279e-01,4.108007643610492310e-01,9.218562542123350800e-01,9.261983960283488582e-01,6.963202134016011069e-01,-3.257735864127872527e-02,5.154113968723860184e-01,5.449587618512995446e-01,7.401825442771863273e-01,7.864951837741833707e-01,3.154158891438327839e-01,9.818985061647833579e-01,5.526962822798200392e-01,9.731559729169393380e-01,8.855122699916696538e-01,7.790598625448904579e-01,7.959674664364719820e-01,2.823096988770211757e-01,3.864457784089567194e-01,9.292204226467576378e-01,7.481877551725043540e-01,6.301510180627792890e-01,8.392656044424221529e-01,9.284933876361760596e-01,6.270162215019253749e-01,7.277635113818062829e-01,7.407685923564328867e-01,7.522777449751508749e-01,7.403447964364830991e-01,7.532987095564768198e-01,6.049135035749543254e-01,9.616747666125280425e-01,8.369687298529803199e-01,3.931188768717200355e-01,8.701488471124250168e-01,4.562304884012824968e-01,4.958192119142302290e-01,7.277117296313034833e-01,3.277600727085202559e-01,3.878062737529047177e-01,7.525017893440265615e-01,8.428288955280472949e-01,3.444384289462958382e-01,8.199407930309399531e-03,5.235689874603930427e-01,4.503994414911139180e-03,8.682729229777693680e-01,6.353613447232291378e-01,5.301904467573285151e-01,2.724663227492127859e-01,3.181706962980925257e-01,8.715210769203496355e-01,5.217043331533555151e-01,2.774673487355083235e-01,6.052612612634516998e-01
6.260249493112888253e-01,9.403992124137372510e-01,2.697206152024051451e-01,4.998273878999580644e-01,0.000000000000000000e+00,5.636565541041493876e-01,7.770223030262379815e-01,9.465990193075745074e-01,5.343737442903033763e-01,7.335869643528705186e-01,8.284780565714081613e-01,7.953991061202628776e-01,7.700966774677999727e-01,6.086939905680902596e-01,2.591467288802097313e-01,8.938936942148731912e-01,9.417836295198308560e-01,7.824108569453325224e-01,4.722773532806887609e-01,6.234591522903838445e-01,9.707384054120743455e-01,8.146379529410358034e-01,6.942278459265451840e-01,3.392719393229448599e-01,4.701497082235848168e-01,4.170185500576240045e-01,3.397877961684669379e-01,5.063366668616111621e-01,4.096588981609226576e-01,2.898912698934722476e-01,5.933580521839529887e-01,7.140652306946566608e-01,6.688961021369380644e-01,7.240158911422636123e-01,2.167884720252225561e-01,4.661113315671019941e-01,4.081508766066793692e-01,5.353155328091934173e-01,9.868472004659990526e-01,8.990165939858201227e-01,4.234168119461099306e-02,6.891634293592756588e-01,8.926760901980311802e-01,5.706360815792081986e-01,7.399874255754876895e-01,6.670754030389294265e-01,7.727609060759519366e-01,6.843690945837849204e-01,6.291519626101356177e-01,8.669425339322134327e-01,4.248076580433753358e-01,6.195216839420751853e-01,6.484567832995100645e-01,4.390567107462313157e-01,6.677742037886623683e-01,8.861366822586124181e-01,7.530753161110692595e-01,6.510692977111987023e-01,1.744986276509517126e-02,4.353135144914764831e-01,2.118625739204419711e-01,9.449692652280107241e-01,7.385211802105656753e-01,4.256877277583960284e-01,4.463813284858013652e-01,3.693871993713995217e-01,4.589379055873851754e-01,6.133817420297265066e-01,4.996160217656697711e-01,2.866598050815956644e-01,9.425419541270555479e-01,3.381282477773086548e-01,5.182530064984827156e-01,3.304910102825793228e-01,6.714457700234980342e-01,5.828831282545119397e-01,9.335927651675982597e-01,7.586476807815136780e-01,5.213953512477971231e-01,8.161100388093307789e-02,9.155987973739483365e-01,9.237676900351299292e-01,8.997693892204571275e-01,4.931448182571170902e-01,5.811204774355132052e-01
5.086141109174535657e-01,5.535137298965420172e-01,6.997784265375035506e-01,6.534090601423642175e-01,5.636565541041493876e-01,0.000000000000000000e+00,5.741668730842809376e-01,8.145315814316442804e-01,4.950705700289620426e-01,7.601726838128675112e-01,7.858353722667308361e-01,7.851527187357779658e-01,9.433179081588506376e-01,6.082273385417493738e-01,2.574562253837732184e-01,4.168606926293874082e-01,9.872539512572069409e-01,-2.119275580965631900e-01,9.199370820869753329e-01,8.015021206161251355e-01,7.002579416890178932e-01,6.079274099496781991e-01,6.206578362134624882e-01,6.513739783548931905e-01,8.420892249082165826e-01,7.796078643643409301e-01,6.204226812493400800e-01,7.929661306004300858e-01,4.515698981440803839e-01,7.652573167157692424e-01,4.938751833541824010e-01,5.443904589023458307e-01,6.052696012690087501e-01,2.050191602674040214e-01,2.032418185020905266e-01,4.786138722167538329e-01,-1.230538796659882139e-01,4.922709143274347499e-01,8.654546437176298124e-01,7.808065134479661440e-01,-8.701047861877803102e-02,4.024648898209760572e-01,7.431931030918920156e-01,8.387374578867192731e-01,6.663941725395463589e-01,9.966187374232386986e-01,6.112772126820054108e-01,8.639557679392860789e-01,5.330161779004853884e-01,6.557337139107035640e-01,7.468762959752875963e-01,5.080274961188785410e-01,9.853441830315416983e-01,6.766384359879576982e-01,9.399645959389466565e-01,5.996135997923557337e-01,4.850032070019737462e-01,6.585104550877507457e-01,5.342682964580629523e-01,4.692308454281965413e-01,7.117285601171824405e-01,6.488658230597346144e-01,9.092292654378274497e-01,6.100161664662409056e-01,7.842287192324798317e-01,9.407962834958897291e-01,8.155071462730245635e-01,9.579246424957222894e-01,5.605414447497292230e-01,8.182662408986116631e-01,4.931949585687814830e-01,6.132556457753507440e-01,5.582794932929987519e-01,3.843649683566141562e-01,4.889831666962645151e-01,7.070736714421059776e-01,8.792977950106207752e-01,3.218145681902872535e-01,7.959207654132507415e-01,6.077759537038938120e-01,4.945185745136748690e-01,9.493177368917771197e-01,9.346305422658022222e-01,3.160666750822879734e-01,8.862835578674737036e-01
5.708025048232958643e-01,-5.551187831761364433e-02,6.713304016247003680e-01,7.419905782380031845e-01,7.770223030262379815e-01,5.741668730842809376e-01,0.000000000000000000e+00,7.395118220872840542e-01,6.766889971327774145e-01,5.828563460701994270e-01,7.781706825541030437e-01,4.700922614388914900e-01,6.159225128775634994e-01,7.867708733413150135e-01,4.491851740633471812e-01,2.335981049289931888e-01,3.094635339085466397e-01,4.902809325482518910e-01,1.745176221425537855e-01,8.462328283057927170e-01,2.548322775417957708e-01,2.795213083765727413e-01,5.938911360492904468e-01,9.494899129018017359e-01,7.567670773121845107e-01,4.135649338442671796e-01,5.292414839798877946e-01,5.147949367067770066e-01,5.117848711246110183e-01,7.158876624332060068e-01,1.684961011650738527e-01,7.024075725829770356e-01,8.653667756747805972e-01,6.526860514786300138e-01,6.215883989959356537e-01,-3.258731862019359493e-03,2.774681677991808759e-01,3.192853538612775433e-01,6.373810678067415303e-01,2.648957219399115243e-02,3.003020522569346262e-01,6.373192097089416253e-01,9.878045509458475149e-01,7.832981848353615106e-01,4.477287634941618522e-01,7.303376549815385754e-01,7.704556799147275203e-01,7.750367525295380755e-01,6.581669702159946844e-01,9.840496563246181605e-01,7.655317901512873613e-01,5.854534268218136717e-01,3.916939766994630978e-01,6.724305469948250735e-01,8.476349554093414174e-01,4.185793134857539455e-01,7.410951172591787595e-01,3.452688798088899835e-01,7.458009284937322514e-01,5.503741807438722322e-01,4.195974785172431609e-01,6.435018031573762620e-01,7.184072826386407318e-01,7.089504189297574088e-01,8.993540904753762888e-01,3.272818485201042793e-01,5.941554700188000915e-01,8.418645322349596061e-01,3.597263771647484232e-01,7.393031540798715717e-01,4.073828605086616816e-01,7.118029445220880325e-01,2.513187262626896956e-01,6.648312752707138396e-01,2.954210158157409283e-01,8.678133790346439502e-01,8.386158169698697540e-01,7.010630621586638744e-01,1.215001134799549298e-01,2.681719126210797555e-01,3.465300263366672961e-01,9.353618968528535360e-01,1.084550297789732415e-01,6.259627025163448932e-01,6.397650606391322992e-01
2.715523781876332254e-01,5.526993823747086143e-01,7.124102857451266591e-01,9.440403557039109828e-01,9.465990193075745074e-01,8.145315814316442804e-01,7.395118220872840542e-01,0.000000000000000000e+00,6.529469724199663538e-01,8.779473515675035866e-01,3.850152101497468227e-01,5.347225287626119483e-01,8.119764791327920284e-01,8.279615085152453036e-01,6.857781840154887343e-01,5.095979143082705054e-01,8.943402350069410423e-01,6.533557225160653292e-01,7.371178817315920950e-01,9.577817714760569201e-01,8.348765023291705445e-01,7.158096151021487996e-01,6.070435131047519084e-01,7.814157805985221250e-01,7.840593890522251641e-01,6.643931670790834687e-01,4.617111317420665717e-01,4.932622928378328497e-01,5.772310040961156075e-01,8.223676003878003238e-01,3.617850149805018622e-01,1.897870402582643168e-01,4.855015804961285708e-01,5.202074176156141760e-01,8.899342163353181068e-01,2.046703569540907208e-01,1.753841097986306441e-01,6.727724913634358650e-01,3.316688856665710450e-01,3.641984274862362092e-01,3.098311595854441047e-01,7.124747510879555490e-01,6.567809015745432744e-01,6.667628557592893968e-01,9.579926840904875451e-01,2.664890262317439751e-01,5.599279456317576287e-01,5.285661032530837300e-01,6.199549296972562962e-01,9.586903399827646499e-01,6.259713164431747190e-01,8.089780666609365234e-01,8.517923327407129763e-01,8.369846204011704982e-01,9.428003001840377095e-01,9.219541301139779765e-01,6.358850103134771059e-01,8.590530702044053557e-01,8.345281206503387672e-01,6.867985294071150548e-01,3.924405527512935254e-01,6.804342651071189074e-01,5.509751571205137033e-01,7.275728271116327361e-01,8.252843171429810054e-01,7.344875365812392198e-01,6.467357501221120408e-01,8.964745898298606130e-01,8.249873838825708683e-01,7.094468324842868601e-01,9.375026508219261867e-01,8.546031056814292759e-01,6.493647882693174278e-01,5.928167202392853330e-01,4.761923980681966873e-01,6.783063569933565073e-01,8.434020372404634758e-01,6.894112674095043136e-01,4.816749587330501070e-01,5.260491479031793594e-01,5.883188284747811192e-01,9.162746175066548426e-01,9.781398570657983127e-01,6.256136209288905015e-01,7.312102787451463248e-01
9.772060709209294815e-01,4.896077821739178160e-01,9.030086712020568562e-01,6.286093104611841786e-01,5.343737442903033763e-01,4.950705700289620426e-01,6.766889971327774145e-01,6.529469724199663538e-01,0.000000000000000000e+00,6.154306094860275689e-01,3.228339972045364825e-01,5.893469763939244155e-01,2.407315539834528895e-01,6.764077333111202517e-01,7.634163819317359989e-01,9.629515208762647882e-01,6.721372270783624314e-01,5.560785964577501933e-02,9.131537937739473421e-01,8.455804657671854851e-01,8.570399316049629457e-01,6.762337585049107425e-01,4.932218012482281200e-01,9.795028076365090985e-01,7.989333566134247944e-01,6.066913534126063823e-01,9.318683640593421469e-01,6.744579157680241632e-01,5.111344035289505650e-01,5.879708586555800753e-01,5.230312737332629691e-01,7.737322863749741542e-01,7.324342060224273698e-01,6.077642118329764642e-01,6.484963023962869721e-01,4.075418487839989612e-01,6.676712169144030096e-01,7.180402144712295653e-01,9.575415694191684590e-01,7.138211537363994275e-01,4.777541888148681970e-01,5.742546403204545902e-01,6.393994294752517460e-01,8.515378261648758329e-01,3.813842643463566384e-01,1.892271998564778457e-01,6.028526791803773266e-01,4.262845086376838566e-01,7.845170355936674778e-01,2.557940483852711999e-01,4.668826133885349838e-01,5.533988640867997244e-01,9.196377026628834717e-01,6.832681010424035417e-01,4.005453983686653452e-02,7.661471151874102992e-01,6.653582416234474772e-01,9.676735806723093525e-01,4.601362643107531625e-01,4.698959073058163183e-01,4.301227386891992022e-01,5.145267336005854286e-01,7.373301228921858019e-01,8.441881690953589867e-01,8.325029019889020887e-01,4.125290678995931493e-01,8.039790715775541052e-01,9.628360449814781230e-01,5.121435895821592199e-01,4.739449430698360888e-01,8.950101932828179452e-01,8.219978764317079634e-01,5.493117141201889764e-01,-7.677974692543632074e-02,3.853865558692373128e-01,6.790613488913612716e-01,9.734336832135198625e-01,4.077437460422115856e-01,2.706856582729588734e-01,5.542131940221759479e-01,2.878273643405515614e-01,6.082504098393446412e-01,7.228326840907786099e-01,-3.769987721377499046e-02,8.061932811156540257e-01
8.009331297896117308e-01,6.906249570545164307e-01,9.465507449046491883e-01,5.126598434043598829e-01,7.335869643528705186e-01,7.601726838128675112e-01,5.828563460701994270e-01,8.779473515675035866e-01,6.154306094860275689e-01,0.000000000000000000e+00,9.878425483921193795e-01,3.915891390499144364e-01,9.107150521210364280e-01,9.610741775111082408e-01,8.389045733896225432e-01,7.783837337922944188e-01,6.304417674399929172e-01,8.283937827016962796e-01,5.953247029097641363e-01,7.283193753623687927e-01,5.060644355000717409e-01,5.781743322347315805e-01,9.833145874504081174e-01,3.035882079928383659e-01,4.844839745513127016e-01,2.481206799545324637e-01,8.011286395417175354e-01,6.720876861529753166e-01,4.339896207250127924e-01,5.492912827414999644e-01,5.922391218440549165e-01,8.149810004494149052e-01,6.686555081923526433e-01,9.628737870886068251e-01,8.434701043731164249e-01,4.957854463950456259e-01,4.025239400067884832e-01,7.986220913338207827e-01,8.488375524833358110e-01,9.610580921251706821e-01,3.881374857007972023e-01,5.855759521260895939e-01,8.722550415806373802e-01,9.413496919343127267e-01,8.530508113723076491e-01,8.922623169799364096e-01,7.256299006581509170e-01,6.277433540555557023e-01,2.386880235282944906e-01,7.694199205969872724e-01,5.178087385891809724e-01,7.721077810055532176e-01,5.141309532525618620e-01,7.197050247202110285e-01,7.629991366194821545e-01,8.638847780205801685e-01,5.496799267434551162e-01,8.687303162420456637e-01,9.959471184396675447e-01,3.378153714188325552e-01,6.709859554522714653e-01,3.678838858082195684e-01,-3.387745715593620810e-02,8.952583148155921489e-01,8.933396814730868440e-01,6.269300346836853555e-01,8.314835430346679823e-01,8.946307441075908029e-01,8.756846170722548672e-01,4.153547295352344459e-01,9.854276305426493687e-01,6.636195531681911008e-01,8.242290776410174935e-01,5.373844700974181876e-01,1.235684514678542234e-01,5.340796534053833255e-01,6.056641450865557497e-01,6.767003716042940820e-01,3.190175112331717910e-01,3.201569463102511004e-01,2.473583303895664498e-01,7.338234195460473508e-01,8.863921055523688031e-01,3.058567666795642959e-01,3.414975321298893141e-01
9.370547425673565467e-01,6.117297059925612679e-01,7.737904363842349476e-01,6.734957014391972363e-01,8.284780565714081613e-01,7.858353722667308361e-01,7.781706825541030437e-01,3.850152101497468227e-01,3.228339972045364825e-01,9.878425483921193795e-01,0.000000000000000000e+00,6.690881522058395037e-01,6.789414046083680487e-01,9.684163695260250559e-01,5.027118947823738804e-01,7.424023897464270272e-01,6.344154757447888482e-01,9.834328945739557737e-01,6.626089077283994211e-01,9.859153358901238118e-01,7.799542160493118104e-01,9.337900324849331968e-01,2.214006409589668323e-01,8.722467548588365149e-01,6.655122998677597268e-01,6.573174282324973916e-01,6.801045769353630810e-01,5.984026238973059186e-01,5.491468286174311375e-01,5.141037960620795655e-01,-1.395614307226472617e-02,5.292687756371461383e-01,4.115922967886838091e-01,6.808243799686024555e-01,9.914567165212732069e-01,7.289475370063695780e-02,2.931519768684316962e-01,4.258609275806095606e-01,9.001924246563844934e-01,4.189223242253136137e-01,7.398640408793951684e-01,7.424887151187776757e-01,9.691785554645006018e-01,6.416709160204285833e-01,5.123625914127066805e-01,7.524967854706521297e-01,6.662965551060652247e-01,7.986473767082727937e-01,5.609165583326787552e-02,5.311705594954807541e-01,7.716397794878793182e-01,6.496181553983665369e-01,8.508661481422881145e-01,8.163164634759233484e-01,5.129274004403617804e-01,8.781673805650080933e-01,8.357966484642018745e-01,7.389080435124741886e-01,4.507942055857669383e-01,6.913163697129206531e-01,3.477629260234038622e-01,6.752217828697282265e-01,6.615183028282057842e-01,5.646508341788917251e-01,6.625345804534239491e-01,5.208155970800998347e-01,8.319695621173577305e-01,9.556863909608297458e-01,7.268021160046954643e-01,7.576558722182079597e-01,6.489363987466222339e-01,6.048779169872111616e-01,5.779281146924242218e-01,5.898112193500880673e-01,3.117933302272318796e-01,2.935136716466312246e-01,8.938905120469795573e-01,5.084864792870045225e-01,6.304944847412197184e-01,2.577536975100729877e-01,8.870629169794376212e-01,9.448401895986285881e-01,7.088653200554760891e-01,5.072246048649258210e-01,2.740898683367697930e-01
8.342161611568903457e-01,6.245110365618761206e-01,6.299567809444556188e-01,9.228271210268407243e-01,7.953991061202628776e-01,7.851527187357779658e-01,4.700922614388914900e-01,5.347225287626119483e-01,5.893469763939244155e-01,3.915891390499144364e-01,6.690881522058395037e-01,0.000000000000000000e+00,7.666179654928112486e-01,2.003767961407760256e-01,4.319438105959240715e-01,8.628492468512887204e-01,8.004673662184913496e-01,6.172155503475722504e-01,4.053322846098262877e-01,6.690913468292547517e-01,5.059705272591457081e-01,9.791785711435284645e-01,4.126253163983296113e-01,8.240243966097555717e-01,6.591019685689284424e-01,4.267599496833094364e-01,9.295561316892723136e-01,2.726021492735569152e-01,2.831800083035821425e-01,1.618591260801467702e-01,7.721230726873684613e-02,8.059330953155779964e-01,8.070981965076068354e-01,9.932171577488080327e-01,3.501764054431006357e-01,4.012565092933050859e-01,2.262922086457765380e-01,4.911771304977098351e-01,9.216468216763554766e-01,4.569684593859689170e-01,4.860763298366475027e-01,7.530655871773210830e-01,9.621371170404363626e-01,7.921145779097564787e-01,8.352577433066232793e-01,4.456575289602371925e-01,8.552391497856076663e-01,6.370473518977295413e-01,8.593774567537890707e-01,9.673754980264919201e-01,7.508909228171610772e-01,7.346663312272934121e-01,9.454098911606572120e-01,7.043747943363717345e-01,4.097038628525221937e-01,7.671201052348231020e-01,7.810839939313178881e-01,6.084722722778292958e-01,9.547900855670921061e-01,5.215962982275850202e-01,6.010333916371430885e-01,6.173710914104250103e-01,5.357212080433201296e-01,8.118120853512234003e-01,9.581641193180709948e-01,6.180836099287426721e-01,6.152059700446310675e-01,7.241729286693713297e-01,6.135450907546252663e-01,9.999594718947997229e-01,7.728223568867216287e-01,7.319874232876675268e-01,9.246076991343393781e-01,2.876921613094808317e-01,7.985918655840991143e-01,9.021892035745346927e-01,8.825748561174707740e-01,5.277625680753863513e-01,4.139694186738777648e-01,2.079983004652355416e-01,6.329286658856514425e-01,7.742361598257995192e-01,5.850618626306000047e-01,1.175445166112582540e-01,6.582857929978366274e-01
8.384910592269834151e-01,6.421981204681859179e-01,9.958060210479746654e-01,9.271980437038276346e-01,7.700966774677999727e-01,9.433179081588506376e-01,6.159225128775634994e-01,8.119764791327920284e-01,2.407315539834528895e-01,9.107150521210364280e-01,6.789414046083680487e-01,7.666179654928112486e-01,0.000000000000000000e+00,9.282137988249999916e-01,8.256557024186852445e-01,9.598200082362217112e-01,5.053240523477117163e-01,8.674010624319590246e-01,6.555350173386080836e-01,4.721008710896517635e-01,7.642916566355334451e-01,4.695107002283069875e-01,9.325125506034821488e-01,2.429002220526189915e-01,4.791626786877901112e-01,6.341162449939986567e-01,7.794075288960873316e-01,6.518705300205258624e-01,6.551138330674868282e-01,7.835571097729905343e-01,-1.213050008825848208e-01,3.543443030147963024e-01,7.527781438532814562e-01,5.407835919055650198e-01,7.195178585599129040e-01,5.122957414104037932e-01,6.122211193157729436e-01,4.697379590384206383e-01,4.144282704685690044e-01,7.546891890974983808e-01,2.092146462309368016e-01,8.616598465763646297e-01,8.601733544363567852e-01,9.705619125617118703e-01,8.756906182675254779e-01,8.690655237323948734e-01,7.675788205229510108e-01,8.330314369234704808e-01,5.937550370786709442e-01,6.958082499381342823e-01,8.896612791412842336e-01,6.584496344218963015e-01,5.830948477879903669e-01,4.216983199215315614e-01,2.821161336799763442e-01,6.666638207660656734e-01,8.108716872203250992e-01,8.004656889814932841e-01,8.491688357264619569e-01,2.857292075167074397e-01,4.664750530946338847e-01,4.316787539245464655e-01,9.447845611256504572e-01,4.228527567428632672e-01,6.385292780002775892e-01,7.920171694552879949e-01,7.126544473165223881e-01,8.076296451163433865e-01,5.162314918907918715e-01,5.627172861826624795e-01,2.201991723673396573e-01,8.824549730081668875e-01,3.243018654734972639e-01,6.924388061474274769e-01,7.319467761728384314e-01,9.941816882318889048e-01,6.620811161541944045e-01,9.536489784688932936e-01,5.462938745282996944e-01,1.002681805868100018e-01,3.484523705180943565e-01,7.156712317398852274e-01,9.385837895947902743e-01,4.138174662909989143e-01,8.169341882650320574e-01
9.542710038321156052e-01,7.343606558786029970e-01,7.622784344261581690e-01,6.732706805194964561e-01,6.086939905680902596e-01,6.082273385417493738e-01,7.867708733413150135e-01,8.279615085152453036e-01,6.764077333111202517e-01,9.610741775111082408e-01,9.684163695260250559e-01,2.003767961407760256e-01,9.282137988249999916e-01,0.000000000000000000e+00,6.081888223789387871e-01,7.135641818397304714e-01,9.930579422261989198e-01,4.216137992746860630e-01,1.756061501209982001e-01,9.054486341077772060e-01,8.761454017231422586e-01,9.462715306679366778e-01,8.891079273397162197e-01,9.768003676463605789e-01,5.893596947771867489e-01,9.693146468940154747e-01,7.557319992260729258e-01,5.810997466006959655e-01,7.698155810912679087e-01,4.365248473111324468e-01,4.962492972182840356e-01,-1.475255436897792705e-01,4.541901984988723218e-01,8.328944334031080921e-01,5.791613144317908635e-01,5.789923091348102568e-01,4.271734747867166337e-01,5.249144665915770336e-01,7.244782362467300230e-01,5.737358212097165566e-01,2.349974193655183785e-01,8.147281840931680508e-01,7.808514305723273097e-01,8.330503664020942889e-01,9.848771080693088376e-01,7.906949364264593827e-01,8.276098209640126990e-01,6.041906378882245798e-01,9.871565803426027852e-01,6.607183064398990391e-01,7.077365640740201913e-01,9.182123016905483492e-01,5.552871106354924091e-01,9.723859982780327371e-01,6.330736013536935047e-01,4.353925064680472801e-01,3.811073208113340272e-01,3.216904795362521274e-01,9.137801649032361029e-01,4.466755595347528529e-01,5.621007276371317030e-01,9.255821421244302405e-01,6.515738731236677683e-01,5.385867106448648522e-01,9.395777865695774667e-01,4.053099759058447216e-01,9.854928523605260837e-01,9.085399416143582485e-01,6.858710308580751036e-01,5.780394851850220173e-01,7.783496769080876510e-01,9.433002082862924631e-01,6.980867494849223309e-01,5.239761149266713991e-01,7.906101358121712108e-01,7.212545544202282333e-01,6.088626625781006219e-01,7.775531905409607258e-01,7.348809526318853536e-01,2.851066547554156339e-01,4.381997446926371720e-01,7.693069827745092626e-01,9.647632681161149026e-01,7.328290845343792270e-01,9.572942584248038678e-01
7.437811462569783316e-01,7.786430291141748228e-01,6.577300369193491703e-01,5.633943762075204198e-01,2.591467288802097313e-01,2.574562253837732184e-01,4.491851740633471812e-01,6.857781840154887343e-01,7.634163819317359989e-01,8.389045733896225432e-01,5.027118947823738804e-01,4.319438105959240715e-01,8.256557024186852445e-01,6.081888223789387871e-01,0.000000000000000000e+00,8.862444918455394394e-01,8.964560416927208619e-01,5.900255197095514159e-01,4.917450420164933278e-01,5.064329082741266808e-01,6.868416434651023472e-01,4.991536270315846124e-01,7.553682372801125977e-01,9.298617202572618812e-01,7.960131344596380609e-01,9.519451638130050908e-01,9.866697580251548860e-01,7.423521878553281939e-01,5.453777206090729690e-01,6.159277897872530438e-01,3.729874129638417468e-01,3.443045458547744353e-01,6.801544283795855073e-01,4.487275335734055015e-01,4.997849847467528694e-01,5.827386233179773223e-01,5.626984696207943948e-01,8.626055815432467355e-01,9.963771585331129277e-01,7.675666196066135427e-01,8.955062207362961546e-01,4.580443246215136210e-01,5.573919467086849711e-01,5.409663541820147747e-01,9.627689833419804666e-01,9.466511916666837667e-01,8.672774417397972613e-01,9.248967667088945355e-01,4.052415077435372326e-01,5.541709895748117010e-01,4.625141749393671398e-01,8.476447432226011935e-01,9.132557749024231564e-01,8.156352039799996678e-01,9.339687522213451221e-01,8.600954111401325486e-01,4.337148658239508570e-01,6.772636250393871959e-01,6.436300542207147313e-01,7.854741485367113807e-01,6.518834453227190240e-01,6.440773622357501837e-01,8.522946296363598240e-01,6.750751605861793347e-01,9.113475550805176795e-01,8.610239432366829648e-01,8.863894104412656239e-01,3.027673876257468422e-01,9.864072716134706376e-01,6.048932388715420050e-01,7.273627171400904867e-01,1.662838659210381653e-01,9.939920497529106669e-01,3.177753466464681154e-01,6.716378642829503587e-01,9.179205793168913052e-01,5.427456644548306341e-01,5.145914627041815459e-01,7.496133755364819962e-01,6.109240270953396612e-01,6.602813110619313308e-01,9.572293212749933833e-01,8.942572382372123707e-01,8.606731904435358516e-01,5.867263703500087413e-01
7.807312166243455254e-01,4.883846823993136521e-01,6.456388946548012875e-01,9.485496884582256261e-01,8.938936942148731912e-01,4.168606926293874082e-01,2.335981049289931888e-01,5.095979143082705054e-01,9.629515208762647882e-01,7.783837337922944188e-01,7.424023897464270272e-01,8.628492468512887204e-01,9.598200082362217112e-01,7.135641818397304714e-01,8.862444918455394394e-01,0.000000000000000000e+00,7.163356527379116656e-01,9.220318274160005378e-01,2.745336539487449046e-01,2.953425773703876045e-01,7.951480013097637078e-01,4.179352086802591848e-01,7.912857796238921271e-01,8.652188936405886821e-01,6.188128570640105686e-01,6.602317506521040436e-01,6.837761248540350500e-01,6.961581101635690993e-01,6.115697503815966662e-01,1.676687592353295342e-01,5.488682638234529954e-01,6.237744479823031235e-02,9.585933499532977020e-01,4.206417032618465779e-01,4.629156992842136109e-01,2.945700969444018519e-02,2.830700169005631595e-01,2.624550664624008545e-01,6.863039509392734328e-01,8.599986330368925014e-01,5.311875780388118917e-01,7.870659360098929413e-01,7.569197615679760238e-01,5.151858054353949390e-01,6.826979964132565692e-01,6.744735075884584763e-01,8.363189019660530743e-01,8.528798611508513483e-01,4.410689934008006352e-01,4.488575101723677463e-01,6.027216161849139331e-01,8.855567326279503160e-01,4.417571461409546263e-01,7.744238261600959738e-01,7.321106297665332940e-01,8.668963939374150218e-01,3.457667409354138188e-01,2.032030800160385398e-01,7.572107248476800390e-01,3.637960282356216268e-01,4.952186285793603870e-01,9.411489405210136105e-01,-5.519653401947837157e-01,7.832775452690522444e-01,8.603475531861394243e-01,6.035579600063727401e-01,8.382950761056215949e-01,6.128733817307389087e-01,7.649033067973833866e-01,6.450527866368445107e-01,4.261807532278376054e-01,5.922474162247581830e-01,2.915057058693065750e-01,4.358218427912576298e-01,4.624237706182598995e-01,6.129673403908657559e-01,8.805979776261673164e-01,5.821306190154297289e-01,6.698942762369952675e-01,4.339340849180930437e-01,8.498877312620183311e-01,8.684259714266651109e-01,5.198515983776271776e-01,6.998708921233277591e-01,8.672841418995175244e-01
9.146449357394558222e-01,9.312212760568574499e-01,8.190412620062877957e-01,8.297857090859367402e-01,9.417836295198308560e-01,9.872539512572069409e-01,3.094635339085466397e-01,8.943402350069410423e-01,6.721372270783624314e-01,6.304417674399929172e-01,6.344154757447888482e-01,8.004673662184913496e-01,5.053240523477117163e-01,9.930579422261989198e-01,8.964560416927208619e-01,7.163356527379116656e-01,0.000000000000000000e+00,6.501909690441680656e-01,8.056356436175371449e-01,7.753279073460367377e-01,6.282913955526631122e-01,8.371253931380463476e-01,4.002579925536847716e-01,6.195792300892920546e-01,2.097119221147477064e-01,7.511634900058152819e-01,8.433131858154729876e-01,8.216144252068818821e-01,2.713419399617709726e-01,2.724903323757548179e-01,4.985551835488437056e-01,6.325194676895591339e-01,7.639744050284762444e-01,7.682797901996718526e-01,8.375850662144108671e-01,1.329596159946275918e-02,4.995049078382093333e-01,9.555748066499744064e-01,7.596498583654639480e-01,2.353824868610508714e-01,7.964355428635627732e-01,8.240126511053307290e-01,8.166501786864330814e-01,7.570646936260541082e-01,7.776582609890418940e-01,6.874559167100332546e-01,8.298996201744255341e-01,6.822715239906980145e-01,7.611210123848227704e-01,9.655700735453469630e-01,9.377537535915284606e-01,9.140661023446452482e-01,6.872994760420970684e-01,8.450580070579677416e-01,9.549784865099799624e-01,8.388397526739718169e-01,6.549186852316246643e-01,7.887265880576626031e-01,7.781118155028555750e-01,3.706939687339379508e-01,4.655182290342125273e-01,9.480545562617430644e-01,8.831954136276506384e-01,5.391738338655911456e-01,7.187334281515902479e-01,8.551711192591840982e-01,6.734448007350353205e-01,6.651225448088569081e-01,7.407651626057687455e-01,9.585870795786832765e-01,6.457283377887113041e-01,8.212717890888538985e-01,4.127392517814694739e-01,2.924911576557377435e-01,9.548703271752001509e-01,8.134402802676007349e-01,4.281363773359467273e-01,6.872143030912930550e-01,3.791489686058485131e-01,4.415550495541760712e-01,9.652876207501172034e-01,9.846575148513250220e-01,4.180776323618050072e-01,5.296983555315963876e-01,6.623935416219123296e-01
8.909125485457325411e-01,9.767917343292460419e-01,6.138169660761851887e-01,8.634546948625385632e-01,7.824108569453325224e-01,-2.119275580965631900e-01,4.902809325482518910e-01,6.533557225160653292e-01,5.560785964577501933e-02,8.283937827016962796e-01,9.834328945739557737e-01,6.172155503475722504e-01,8.674010624319590246e-01,4.216137992746860630e-01,5.900255197095514159e-01,9.220318274160005378e-01,6.501909690441680656e-01,0.000000000000000000e+00,7.326134173701248642e-01,9.213177799831260284e-01,7.151745509436608916e-01,9.233285281215106721e-01,6.896521696834343462e-01,7.755402987086187361e-01,2.055671485966166778e-01,5.801550669911479385e-01,6.819473109480762574e-01,6.020000838795714904e-01,1.417100287011738985e-02,6.150358105263677988e-01,1.837421296847536745e-01,4.421280431477420114e-01,6.989614156494265984e-01,5.298980933206616228e-01,6.640874455012448774e-01,2.795084471360774758e-01,2.912798882142385581e-01,8.816076003935935379e-01,6.096215972595405708e-01,5.340451200251242758e-01,2.321244990263485186e-01,9.360454990140392173e-01,4.899725320904930737e-01,6.666211248075479823e-01,6.857548795994121704e-01,6.208880477012841403e-01,6.136924534927532537e-01,2.367951219787080008e-01,4.655239410131520872e-01,4.765361414325495759e-01,2.888781209340868239e-01,9.336839203954330202e-01,7.782388171362294438e-01,7.664538834930718636e-01,8.433170508043961178e-01,4.010652328634618513e-01,7.007750396100845824e-01,9.885688446933451612e-01,6.423060995391647321e-01,4.070346377403322169e-01,5.376405976664098141e-01,7.160592476660577743e-01,5.472764335220287046e-01,9.923493693901339618e-01,4.438561806423360068e-01,5.551816756499685646e-01,9.329372522937111611e-01,6.369396249201439986e-01,7.567707143173623141e-01,2.546543571179508691e-01,6.389292672239846871e-01,6.891596837747872017e-01,4.898419392119182092e-01,7.835480840760135068e-01,6.143852563736789119e-01,7.803279787435031256e-01,8.251768072598048009e-01,6.803154650851575003e-01,3.722420960592989214e-01,2.559010641690311894e-01,5.847999278749460572e-01,3.020490821009081950e-01,8.699091426668796867e-01,3.403598581272270218e-01,4.266127541218247554e-01
