0.000000000000000000e+00,9.219135622956537990e-01,8.534928244022639277e-01,8.608275556420030838e-01,4.145173648804283961e-01,8.679247680720439950e-01,7.266572866474401149e-01,8.991081386409177645e-01,4.387171406556886893e-02,6.160487402941685620e-01,8.760163854216593826e-01,7.627499941890458768e-01,4.925829402210551988e-01,8.649329663322805617e-01,9.209780264137827910e-01,5.440199661924024488e-01,7.561200214230013872e-01,5.142595785724437540e-01,7.153189501102865666e-01,7.150025410610557630e-01,6.328332962150531316e-01,8.436301194874860077e-01,9.775844063124299321e-01,6.383197888545738552e-01,2.424457688700301650e-01,3.711632763052655770e-01,6.970536952591485091e-01,9.190000022368387533e-01,5.861089102561941599e-01,7.985219263332108408e-01,6.463236055045157302e-01,8.971599473850188078e-01,8.196241801111698866e-01,9.876230392256641899e-01,8.714934748493193828e-01,4.859093577307554424e-01,6.812815941936035090e-03,6.802073145801110776e-01,9.386281552104371873e-01,7.452767437972136477e-01,5.372320622596753470e-01,6.383262153970847841e-01,7.978849769041052031e-01,9.162375359816906650e-01,6.893623606567852447e-01,8.443402951929598332e-01,7.032318980508601713e-01,6.279104871262273235e-01,8.000866351607165416e-01,8.955825220973133716e-01,8.719408187923515241e-01,9.566136401152145474e-01,6.312798610401130217e-01,4.797358841748345371e-01,8.309415832301969562e-01,7.628259247949185085e-01,7.199938018877420909e-01,8.927272383291191549e-01,4.910294157196608000e-01,9.113034677868083744e-01,3.964686782336145354e-01,8.930298857902103649e-01,5.500591459961441387e-01,9.674230695469272501e-01,4.703106239092867957e-01,8.754219481892324684e-01,9.148951278388243180e-01,7.789192442635157754e-01,5.656044772390693698e-01,6.451415469395449520e-01,9.821289389371599121e-01,6.646636653327298028e-01,3.309130867312130020e-01,7.372148874529337315e-01,7.028587673208016584e-01,6.640671414281846818e-01,6.579271176577135005e-01,4.947346459751746917e-01,4.358089835962939973e-01,1.579952297061973376e-01,4.210735322373293510e-02,7.970278067872461625e-01,8.841748247146086204e-01,6.347495199355309703e-01,5.331867647678352196e-01
9.219135622956537990e-01,0.000000000000000000e+00,8.566382425532490519e-01,3.969985571717229988e-01,5.702366152333864235e-01,7.498854532838689080e-01,7.081327662569427694e-01,5.897634455270958087e-01,2.747233144882905709e-01,5.331726764822045661e-01,8.168342003288810993e-01,7.788587018396946338e-01,9.057205735412110492e-01,9.062224643377785327e-01,9.144784975100606061e-01,4.287528167388187095e-01,7.088195602731826028e-01,7.878770962937018396e-01,4.856927023016802680e-01,6.244337835076517740e-01,8.265277125415529946e-01,4.006135094334872804e-01,3.051747034149308174e-02,8.483159602832499591e-01,2.306683360930997517e-01,6.710610953874587281e-01,8.915283240143775378e-01,2.984735808950074176e-01,9.482178513793804164e-01,6.571759423090230978e-01,-1.841316355698630614e-01,6.460490761403960835e-01,9.532793758605546675e-01,8.810638789945770544e-01,9.652394120783917009e-01,7.873827841119187543e-01,2.065242323793662349e-01,5.979024732648385854e-01,9.065941245045946451e-01,7.163380576850975068e-01,4.512029098266228666e-01,3.384282690855577869e-01,9.067097381735093053e-01,9.272654701103261177e-01,9.491021432772273059e-01,5.996524384073739222e-01,6.732508136158854573e-01,9.792930576875551463e-01,8.908024841635167057e-01,7.336201103675680235e-01,1.538296654854254351e-03,7.885727965140916229e-01,5.412280331553578350e-01,3.684746973728080244e-01,8.226463652012369066e-01,7.971701800212600553e-01,5.470289803420254060e-01,3.416527849515693660e-01,8.104899918321981644e-01,3.999303198630622669e-01,9.878656317323891711e-01,9.123800944885718245e-01,8.477686533422003068e-01,9.290645768601802912e-01,6.046826666737423750e-01,9.201262355830787110e-01,2.702410588240318767e-01,8.587312793917368792e-01,7.964508814249342539e-01,2.589841207905227982e-01,6.581617246849922331e-01,4.919148705432295765e-01,6.905575564695383139e-01,5.733269938035475688e-01,6.392718143581763712e-01,6.753918600311593634e-01,6.399865236881792374e-02,4.433479047564286013e-01,3.774161870944574559e-01,3.311589400989808363e-01,6.952260035296792262e-01,6.346588172212923595e-01,7.210114924929793556e-01,4.655452540999878708e-01,7.013890189508052986e-01
8.534928244022639277e-01,8.566382425532490519e-01,0.000000000000000000e+00,8.738462466375089832e-01,9.742049974726052497e-01,8.657458373119933936e-01,4.092631308304214843e-01,6.249752284480715181e-01,7.642185478707951285e-01,8.456584532912480023e-01,6.451915414654252334e-01,7.807177259719213502e-01,2.680235868451619208e-02,6.565360488900737757e-01,8.734362271941258360e-01,6.931636716774016715e-01,9.213992373635683242e-01,9.170358417518861271e-01,8.656068445466713612e-01,9.582542138582708091e-01,6.420917398462984149e-01,9.344065884541193912e-01,9.342480350029880309e-01,6.817623133145155334e-01,8.744384473897566235e-01,9.187417719549413331e-01,8.504545775561624943e-01,9.595542563305133887e-01,4.114622268792566540e-01,1.020863609029953739e-01,-1.879085176050577233e-01,5.684462185452046068e-01,9.716748318035655085e-01,9.876134191573953114e-01,6.193348628490087382e-01,5.454877677845032524e-01,5.872379228704484033e-01,7.814287420567137543e-01,8.988288660006769071e-01,8.725543409046214727e-01,3.692649923546501567e-01,9.320875534650807648e-01,5.197974390140223111e-01,6.744572119746624628e-01,9.248162521029875682e-01,9.543797629367883895e-01,4.756450177209409769e-01,6.466707817622260324e-01,8.738264630102918762e-01,6.312849200616971190e-01,5.845534835675965102e-01,9.699328802859141785e-01,4.934509911323274878e-01,7.988998504246693777e-01,5.763220074133492687e-01,7.864311993304067272e-01,6.012852659093534946e-01,8.096719760943096311e-01,7.108411560187355427e-01,5.332634494870386321e-01,7.530134675021533663e-01,8.036807299594297405e-01,9.772991473943393181e-01,7.298684780982003240e-01,6.393408150439928717e-01,8.274197253271194930e-01,8.335152491503869943e-01,8.534377867814822993e-01,7.728508071109976285e-01,7.185654059448139952e-01,6.574398413875252034e-01,8.906244098331189685e-01,8.384682228359399692e-02,6.573998113549256450e-01,8.167825498294420949e-01,9.193166671110660770e-01,6.584288537159795895e-01,8.299355279899942595e-01,5.852943081556583049e-01,4.593000231091197705e-01,8.320291377571618074e-01,8.813503996643783367e-01,6.471535259328418110e-01,9.064994213087531616e-01,7.920413326433624057e-01
8.608275556420030838e-01,3.969985571717229988e-01,8.738462466375089832e-01,0.000000000000000000e+00,6.009333787289853346e-01,4.908215122570214195e-01,6.550916856263935273e-01,4.495661918290163039e-01,5.389322006352041949e-01,6.664881026590809832e-01,8.637366411915936570e-01,7.902241540505579032e-01,6.842278576054198203e-01,7.106649381216288974e-01,9.446121469772107426e-01,7.611346730154049389e-01,8.173084543741853114e-01,8.178574712941926173e-01,7.947561847480457686e-01,8.369785809687778633e-01,8.156018564084747124e-01,7.897357174985119022e-01,9.114954133502274347e-01,9.964218708645731226e-01,5.331548984502867405e-01,7.868946786769303037e-01,6.633682856813959416e-01,5.908598110554793559e-01,7.649524990582324824e-01,4.117732017959905289e-01,4.190812966554992025e-01,5.226569255274986503e-01,9.464981400065868300e-01,7.867827409673772143e-01,6.417818314786785105e-01,7.618607131309885760e-01,2.766094065311523464e-01,6.923574138367034614e-01,7.645606009635105282e-01,9.378772335625312762e-01,5.871252287177717299e-01,8.981912778282087340e-01,8.537264750051647422e-01,9.590780734784579709e-01,6.184429980112133851e-01,6.982349870718430607e-01,9.172113023714516533e-01,8.914311917223874948e-01,6.795507395464756017e-01,8.843257367096194477e-01,5.866144496181249224e-01,4.415029847664256879e-01,5.434737503882804965e-01,6.486614959861563001e-01,5.830757778891051957e-02,8.774133886368770119e-01,7.529004086953370312e-01,7.251730941129532759e-01,5.485818374121659291e-01,7.668923885043372746e-01,6.846915525665865365e-01,8.565922805161709785e-01,6.120429975336726391e-01,8.832080419361914014e-01,9.814191697608938281e-01,8.606947495512707880e-01,2.406171751201066633e-01,8.944399774334401698e-01,7.986499474648862673e-01,5.493980707332811741e-01,5.186900366795035300e-01,6.485125488571327201e-01,4.787644609754337921e-01,6.710462207874792195e-01,7.390040210335676596e-01,8.587897333053406967e-01,8.817431572420398878e-01,3.011948657235667404e-01,6.555405841017979407e-01,6.972464221191923550e-02,7.279875746739687958e-01,8.315313284918476322e-01,9.241252863442461774e-01,7.332704776464941121e-01,-1.578164998722599299e-01
4.145173648804283961e-01,5.702366152333864235e-01,9.742049974726052497e-01,6.009333787289853346e-01,0.000000000000000000e+00,6.429963936741770469e-01,6.724979444203063039e-01,2.861126466577734728e-01,2.962502153378586134e-01,6.972081402858842925e-01,3.051201614428135089e-01,6.704265288721129590e-01,8.644559082714409204e-01,9.629372157392146470e-01,9.057939599663351604e-01,5.830425030038687284e-01,1.460310168980664958e-01,3.092958140326875216e-01,8.450387389641500491e-01,9.163363107549263864e-01,4.278481536333921809e-01,4.373932466782960438e-01,9.076680767283427098e-01,6.516505872876681149e-01,7.893738647893138172e-01,9.150104482600946998e-01,5.205523089288015548e-01,9.581750291668055253e-01,3.046205787312188940e-01,4.052264178130141614e-01,4.292375423335996754e-01,8.118183322685764702e-01,9.797975260265869846e-01,7.965861998450597392e-01,8.744275892046019516e-01,7.377137113628237097e-01,4.998417793557674571e-02,2.715293752123544291e-01,9.914875848252351354e-01,8.533505909769631970e-01,7.704663685996515632e-01,7.234893152771820768e-01,7.648856822634325647e-01,8.687297204425523667e-01,9.521834632905445961e-01,9.139875466859538333e-01,7.471489719413746400e-01,6.261083450323391419e-01,7.554862547306596676e-01,7.933474870236552068e-01,6.999603188515676200e-01,6.671799937792950441e-01,9.474395845083471990e-01,7.795189521479422012e-01,5.093733181688006040e-01,3.848634760300164714e-01,3.970556740974173771e-01,7.716533558969514983e-01,9.480615278991471051e-01,2.419297567494730905e-01,7.564352180969695638e-01,6.426616924046383295e-01,8.476807854690783239e-01,5.665320711973039769e-01,7.402742556799598583e-01,4.798857504482033076e-01,8.610593242132630332e-01,9.473202894517366301e-01,1.291876523101773838e-02,6.106611441290176190e-01,7.624551757750201997e-01,7.203120551649411230e-01,6.353301612269138809e-01,2.126972035774442049e-01,2.922446316642543507e-01,7.433182846664705412e-01,7.310677940215186688e-01,6.242578270918104355e-01,3.632117301540516152e-01,7.200498330942943781e-01,9.611428046729504349e-01,3.793474849734757015e-01,6.617051596787870693e-01,4.089306831184432722e-01,5.789347116483625211e-01
8.679247680720439950e-01,7.498854532838689080e-01,8.657458373119933936e-01,4.908215122570214195e-01,6.429963936741770469e-01,0.000000000000000000e+00,-2.611673712095258226e-01,3.859121865229608872e-01,7.712156500517141078e-01,9.868830003586899213e-01,5.365464727170905501e-01,6.736110074143124571e-01,5.142462802971977665e-01,6.899723154028456484e-01,3.157536277294585303e-01,7.610245459509366039e-01,6.668950673641138582e-01,2.922806250927175720e-01,5.281141031212071013e-01,6.267628449299199600e-01,4.385592104750866138e-01,3.152988322799500920e-01,6.924402372354768742e-01,8.266473085988967906e-01,3.140281702967258615e-01,9.151795489782968973e-01,1.161499527742601706e-01,7.984932241330020553e-01,8.838437949864091925e-01,2.768099636902340288e-01,9.672509574519359832e-02,2.450255588014647185e-02,4.285164653944301127e-01,9.337498415868564772e-01,3.420165772535386228e-01,7.614949420444583339e-01,-1.061070808497083656e-01,6.082106374334083077e-01,7.589379241945601873e-01,7.121706936174759806e-01,8.593260919983989332e-01,8.866909716020869858e-01,8.627920033783456066e-01,4.495246698075103797e-01,9.483306440173356888e-01,8.722543347618911813e-01,9.180555254500378792e-01,4.216045314047520698e-01,2.511289065220475014e-01,7.970410009532054030e-01,9.501232851365311038e-01,2.894090449760589046e-01,7.162786472566560203e-01,1.863475829153033725e-01,9.711833719908053997e-01,8.560987262535248998e-01,5.819964923753662145e-01,9.743069504856791685e-01,8.205475744836245866e-01,4.553518148830737466e-01,4.647725161599931543e-01,9.553997639099678363e-01,8.949686693901023338e-01,9.919209488639955108e-01,6.700078830713339650e-01,9.609562584729562928e-01,4.172495905581627973e-01,8.280479314994529938e-01,2.761907025818896577e-01,8.517187709121771810e-01,6.434297262344591539e-01,7.839920225010038601e-01,4.378847210213092089e-01,5.029707297728343018e-01,6.642494504183938941e-01,6.483572465472006163e-01,8.360675190473193519e-01,5.506145835519242748e-01,4.605184116766271596e-01,2.509486338862362276e-01,5.747185785442220363e-01,6.964756565155746371e-01,6.620577848317428238e-01,1.164366337204644081e-01,8.019051205016592965e-01
7.266572866474401149e-01,7.081327662569427694e-01,4.092631308304214843e-01,6.550916856263935273e-01,6.724979444203063039e-01,-2.611673712095258226e-01,0.000000000000000000e+00,5.189589016047793102e-01,6.854409621414130349e-01,6.481974482126700021e-01,7.893918014895483504e-01,7.827068341539787921e-01,3.931527644265386812e-01,-1.410325235324611792e-01,5.899827865284754669e-01,1.832831322197089330e-01,7.853207043884548044e-01,7.443939848763162503e-01,7.574022684296013441e-01,8.376604982682530620e-01,8.219682845553991646e-01,7.377024943379791866e-01,5.414423287561802578e-01,4.071785924768550058e-01,3.327957492332474232e-02,1.473065462568310113e-01,5.002097965827881909e-01,4.268979382583149018e-01,3.331280615248717325e-01,5.201281077753473481e-01,7.819625101481726404e-01,6.444668649495461921e-01,7.484944803821380610e-01,9.152339184785656112e-01,4.425268661935901626e-01,3.589889481440562413e-01,2.779144633878113391e-01,5.059054269425995454e-01,8.788740024180616839e-01,3.551936139406083326e-01,7.524332418234576103e-01,6.823512699021156980e-01,8.300934459110159702e-01,6.799516587831311298e-01,5.336131845481644209e-01,7.096072959937916869e-01,7.711543144484349632e-01,8.658198675442173586e-01,5.453725199452451600e-01,3.856398045825376042e-01,6.361324964813108718e-01,4.887556941399734400e-01,2.373357865777304121e-01,5.068387483273252281e-01,7.193308557390434288e-01,7.919260564826535731e-01,7.633120917698884567e-01,6.391166707744004860e-01,8.218145234506050167e-01,3.986253573564689789e-01,3.685453616348123851e-01,4.695565052831134345e-01,7.573640118635946994e-01,1.186217659603713975e-01,8.119209635008248771e-01,2.332924491653771137e-01,9.577098581216053619e-01,9.013636766101447151e-01,2.479678219765278357e-01,5.984116902610152611e-01,7.296061862356627570e-01,2.740631018558243315e-01,4.145955070235717854e-01,4.752420661680651914e-01,1.901994025161131141e-01,5.751047799822602835e-01,6.245302184725020078e-01,8.764464067074777542e-01,4.221866696311218914e-01,2.440552699841565532e-01,5.819633105056871702e-01,6.498752648254970676e-01,4.214212183081595953e-01,3.131167391885679163e-01,5.140714975523363872e-01
8.991081386409177645e-01,5.897634455270958087e-01,6.249752284480715181e-01,4.495661918290163039e-01,2.861126466577734728e-01,3.859121865229608872e-01,5.189589016047793102e-01,0.000000000000000000e+00,4.534439753552041430e-01,7.360458461692015453e-01,5.031268653185860806e-01,1.865419642223062890e-01,6.043937856989781698e-01,6.557914386920380423e-01,7.888359574521621731e-01,7.675580776424035800e-01,6.786064349020891617e-01,4.148310523876111988e-01,2.552158222459391945e-01,9.156474961658920275e-01,6.677127840810098691e-01,5.966695433189244113e-01,4.648655442591096559e-02,9.649219793079558682e-01,6.200360101708186633e-01,5.704491368435714582e-01,7.042001319888318012e-01,8.267408143606477244e-01,4.671619199627788377e-01,4.502519686588334902e-01,2.958357186716043530e-01,7.087369491700502566e-01,6.971109381849254216e-01,4.248542252511174067e-02,6.997691307921793946e-01,6.342980653976697525e-01,3.614034239625583261e-02,2.317916979328349947e-01,9.462348637925209749e-01,3.787777948132652339e-01,4.673787109271909102e-01,4.270000395489367828e-01,6.246309560612326450e-01,7.287395835309116165e-01,9.053548420994602663e-01,8.686810406058598222e-01,8.476769577103383524e-01,7.788184401755233743e-01,8.454018937724363525e-01,3.651903208151670022e-01,4.290357354673935975e-01,5.555554553905117654e-01,8.972086758371047299e-01,6.430819540665091427e-01,8.602220897863178672e-01,6.008376379644173593e-01,5.516205115664041259e-01,7.159736698321540471e-01,6.220326617541337422e-01,9.047937258383873527e-01,6.252751857353717746e-01,7.186725002928877615e-01,-1.510344869097006160e-01,3.729456277548351406e-01,6.236490472684674824e-01,6.623608784398788973e-01,4.980542920383140282e-01,7.093394930957195310e-01,4.454264467401037875e-01,7.796824683761135466e-01,9.076696338378921203e-01,6.339300539630291498e-01,6.339310128022692670e-01,4.373105325181210756e-01,7.606901830495511607e-01,7.823144862577449121e-01,5.425123554656109404e-01,7.200314460361130209e-01,5.521369225174604933e-01,5.963180834469387070e-01,4.126043499040265572e-01,2.749243314161415874e-01,9.750239384963457212e-01,8.418574555355458067e-01,5.832203005878714430e-01
4.387171406556886893e-02,2.747233144882905709e-01,7.642185478707951285e-01,5.389322006352041949e-01,2.962502153378586134e-01,7.712156500517141078e-01,6.854409621414130349e-01,4.534439753552041430e-01,0.000000000000000000e+00,6.808550447291596974e-01,6.106785635262698131e-01,8.651354769975867498e-01,8.691191996752049009e-01,9.511125592284849217e-01,3.357517437716506237e-01,9.289193913482467480e-01,6.396790336990536563e-01,5.198149420217266226e-01,3.955814939050688039e-01,8.324377974360908095e-01,2.962566127362450952e-01,6.995768829098005792e-01,6.784770636490119466e-01,9.649247757232649603e-01,7.388045220195498253e-01,6.783217655702941107e-01,8.457111442590756756e-01,9.343005078066050073e-01,4.038048137168636642e-01,4.105518740296146274e-01,2.153699321870753414e-01,2.862870263474428523e-01,3.617146011743749834e-01,9.521828535944788507e-01,6.477379589448184483e-02,5.669194843684506324e-01,6.695077470180300638e-01,7.411255848295602577e-01,8.192666438114150074e-01,4.770223938581276690e-01,6.411813310496436991e-01,9.950109416046986066e-01,7.014336255284361332e-01,6.135424136084073332e-01,6.460516439543799727e-01,9.406751056294451185e-01,5.768444419258726974e-01,4.098948822054091501e-01,7.557010365464857937e-01,9.557177545337633973e-01,2.975360768534009437e-01,4.078963242761766139e-01,8.142966529551555199e-01,2.976339327840977211e-01,6.203154798899028766e-01,7.928013088444774148e-01,7.513858545330928118e-01,8.094236459133303807e-01,6.067260404737714330e-01,5.839601882139868749e-01,4.786519275550094044e-01,7.727297669498741639e-01,9.872383102907522634e-01,6.859000424607505364e-01,9.467467998039682531e-01,5.205952674160966298e-01,3.576391026645512339e-01,9.250578586256341662e-01,1.753926304201050279e-01,7.902702431865213928e-01,4.309348778838848482e-01,7.611201320441773888e-02,6.954570993182335181e-01,5.329927682065310757e-01,6.886564293683377080e-01,6.658903939022731144e-01,9.468589408110374972e-01,1.438074527784568291e-01,1.114465321064456171e-01,6.704626275566958338e-01,5.756922766464859231e-01,8.471861352791434374e-01,7.762844264165131847e-01,6.357313860139753858e-01,6.263799237193669045e-01
6.160487402941685620e-01,5.331726764822045661e-01,8.456584532912480023e-01,6.664881026590809832e-01,6.972081402858842925e-01,9.868830003586899213e-01,6.481974482126700021e-01,7.360458461692015453e-01,6.808550447291596974e-01,0.000000000000000000e+00,6.721929179557394329e-01,5.269222125959113212e-01,8.643348561421189125e-01,7.811498494432072004e-01,9.790857333740524693e-01,6.754202999809527652e-01,9.841620694406580938e-01,8.009188311908662650e-01,6.697286967842350780e-01,9.386568169832235631e-01,6.625573447537540517e-01,7.631516154403839014e-01,7.553580302418130277e-01,5.431627255030297974e-01,4.907275055545224363e-01,7.099672011006655792e-01,9.338542666779496848e-01,3.593728256342850758e-01,8.447161339729423180e-01,3.920530652031668506e-01,7.574949270548638758e-01,8.404907337039261295e-01,6.665609668816905309e-01,9.746581089962867983e-01,2.705116411651023456e-01,6.473330172817911565e-01,4.913087713232744402e-01,7.179692187126672787e-01,6.042942209761026362e-01,6.823094046145158353e-01,5.676198699019499028e-01,4.410425832284716186e-01,8.128210207632803330e-01,9.408971005025794643e-01,8.430465226927196243e-01,7.746116607250700392e-01,6.486824150486824037e-01,8.442100007676526241e-01,4.683750068630525565e-01,9.656914677131314129e-01,9.996580515973290115e-01,8.525714313747869699e-01,7.078444047323144694e-01,4.980086777134324905e-01,5.413733215720144543e-01,7.567394441247726755e-01,5.462499244952985222e-01,6.319339473819564068e-01,5.334473211362137368e-01,2.158229122541636680e-01,6.893097034222478436e-01,5.617316923913218130e-01,8.129225588380004641e-01,8.678502063727844273e-01,9.258130551701514444e-01,7.108979690510447425e-01,6.483033511343306854e-01,9.990785261171104548e-01,7.757189627401277487e-01,7.149623945398134728e-01,6.883868672508146602e-01,9.225670167876812711e-01,3.111712561292339085e-01,2.779464674523337009e-01,9.332375811519065534e-02,6.028462577096304065e-01,8.681647021704905764e-01,7.667088727952333649e-01,9.451416629493404331e-01,5.895056293374890677e-01,8.872692207957864063e-01,9.851239984389774662e-01,6.620900176660402536e-01,6.836537312613424344e-01,6.852197206183068268e-01
8.760163854216593826e-01,8.168342003288810993e-01,6.451915414654252334e-01,8.637366411915936570e-01,3.051201614428135089e-01,5.365464727170905501e-01,7.893918014895483504e-01,5.031268653185860806e-01,6.106785635262698131e-01,6.721929179557394329e-01,0.000000000000000000e+00,7.598395057381183149e-01,-1.101333513647650281e-01,4.692639165231236587e-01,7.837260313215647090e-01,7.685687930627385089e-01,4.015906646946573177e-01,8.700822956935980734e-01,2.125289640375843392e-01,7.455764952355249386e-01,7.861503552299041742e-01,9.350046407246520586e-01,4.910165824233282406e-01,8.725355373043258700e-01,5.183972906330820418e-01,8.028886549144825802e-01,5.435936271472151526e-01,9.172154519761521740e-01,6.891979525700741016e-01,3.380512744384062129e-01,4.327812250702640640e-01,9.197895131606201868e-01,8.068404357941294514e-01,7.635039523392128658e-01,6.714117129085538371e-01,1.129530339547471507e-01,3.398799346622399242e-01,5.595756072129004499e-01,9.750592125689858669e-01,9.941024558069198047e-01,-1.356894480655412294e-01,4.505048255753823505e-01,7.382627395174283791e-01,7.178273248810322915e-01,7.218138876171427132e-01,7.147738307402533575e-01,7.475141056691083641e-01,8.760676374709996939e-01,6.469013278012166746e-01,4.051166956514642425e-01,8.241905384616404762e-01,4.234488517247912975e-01,6.359831564056930286e-01,9.200400264594532640e-01,9.563844530504312935e-01,8.370145777447370872e-01,7.469457619092674250e-01,5.012407002595120620e-01,8.311632545584819454e-01,5.080808834994534617e-01,3.205541276615499480e-01,8.229208873567426252e-01,6.888260595840323131e-01,8.006359662114026499e-01,6.898883931744340670e-01,7.912994571184666093e-01,8.800491775583835219e-01,7.521095613778882027e-01,5.369775677093311383e-01,8.705687625717972722e-01,7.750580990615103527e-01,6.757515952005455073e-01,3.477067978912644630e-01,2.573315791678691955e-01,7.049124405500030166e-01,9.236683244950494309e-01,6.012145420416110664e-01,6.825149406496134885e-01,3.737494961051248676e-01,2.693800353864494457e-01,4.948191256761448886e-01,9.968636445896666975e-01,6.413828357985175144e-01,6.122639202970882044e-01,9.781141109240381049e-01
7.627499941890458768e-01,7.788587018396946338e-01,7.807177259719213502e-01,7.902241540505579032e-01,6.704265288721129590e-01,6.736110074143124571e-01,7.827068341539787921e-01,1.865419642223062890e-01,8.651354769975867498e-01,5.269222125959113212e-01,7.598395057381183149e-01,0.000000000000000000e+00,9.607871999940389429e-01,9.498635653183690186e-01,7.270989996748729034e-01,6.477693414341965106e-01,8.566527017522401755e-01,3.808889224276142960e-01,9.043933515885196339e-01,6.639440572375758798e-01,9.577169381794530256e-01,6.664015693016085429e-01,9.816755422423815158e-01,9.819471178903984576e-01,6.282689328395995032e-01,8.432846449640095665e-01,7.222158598349897041e-01,7.035165980584831003e-01,7.623010814358182063e-01,5.035488273782148250e-01,4.743725677572043775e-01,5.761847073004133790e-01,7.883021725551248027e-01,6.812722590488667906e-01,9.722520579090460080e-01,7.389271348733836842e-01,2.417910036218081926e-01,6.809912940095510514e-01,6.924144560183108643e-01,9.460957406453399665e-01,6.887653054401531305e-01,6.731267115181147620e-01,9.094849351794647152e-01,9.803818398572806680e-01,4.085651279546272940e-01,9.828761233767980832e-01,2.590737854183751132e-01,8.721060981031559800e-01,6.804057648960937232e-01,7.976310559206443163e-01,5.936453758557179716e-01,4.923952004865557730e-01,5.705108494037466338e-01,4.538654674878524475e-01,4.402680075554858408e-01,8.923444874358242851e-01,7.641979031337461370e-01,4.321536379457159294e-01,6.541273674614831446e-01,5.914694825003241618e-01,7.666812238296345505e-01,7.084297655148700246e-01,9.117604061659454473e-01,5.836053288707815367e-01,8.922328012472595660e-01,8.171828483174720104e-01,8.466701110986033507e-01,9.394509404466092617e-01,5.140332404752016027e-01,9.477262081773131230e-01,8.475672740437107944e-01,6.773522555446300775e-01,3.322812518404625326e-01,7.352120914642994443e-01,4.394133312400285707e-01,7.278621406684963047e-01,8.117858407887703631e-01,9.747251924829208880e-01,3.979564191895483272e-01,4.217715890232929254e-01,8.735782795352182717e-01,5.929670351048939025e-01,6.589298566293847470e-01,6.067569575047013775e-01,7.734222669119220628e-01
4.925829402210551988e-01,9.057205735412110492e-01,2.680235868451619208e-02,6.842278576054198203e-01,8.644559082714409204e-01,5.142462802971977665e-01,3.931527644265386812e-01,6.043937856989781698e-01,8.691191996752049009e-01,8.643348561421189125e-01,-1.101333513647650281e-01,9.607871999940389429e-01,0.000000000000000000e+00,7.840884788284036011e-01,5.948039026403013629e-01,4.106424218558553108e-01,7.456257117312621308e-01,7.109039527530675029e-01,3.126180033753204190e-01,9.527458800020782714e-01,6.298192881474391491e-01,8.939266562737860911e-01,8.707947043487235250e-01,6.050362201820190799e-01,5.800506872377633183e-01,7.829835206532042013e-01,4.980468366806239389e-01,6.942214598211953192e-01,4.537884173970045398e-01,3.873512442875138850e-01,2.450864089148775682e-01,7.728968906901996228e-01,8.777223169472500031e-01,2.288438941056138987e-01,6.647158595346840393e-01,4.046767480846560350e-01,4.020163324951021577e-01,8.137302901671574773e-01,9.864413269966677555e-01,5.834929498178317298e-01,3.705055695989045716e-01,6.816948711434153152e-01,9.141305089980943377e-01,4.620640675353536175e-01,9.803550976329774569e-01,3.655730918624748860e-01,5.158923205059768868e-01,4.477896846164919897e-01,8.331500451703850452e-01,4.985684472679474677e-01,9.051647584633302213e-01,5.810905531451797668e-01,6.476627080805928971e-01,9.493949568000197292e-01,7.518157782585704885e-01,9.695033327836973802e-01,7.615506972754215731e-01,7.817417898156457934e-01,3.814723137120425989e-01,2.402286240077924073e-01,4.930087176002011518e-01,8.890862341407566038e-01,6.122499937446092000e-01,9.195765231275984108e-01,4.687043366165221658e-01,8.433316238229607853e-01,9.212865514919335030e-01,7.974608858768206243e-01,6.804294514942813565e-01,7.260061442166667600e-01,8.462546519024137792e-01,4.269769980702559087e-01,6.133754956203520958e-01,3.429911152659937956e-01,3.014225059525111328e-01,2.525256094106168026e-01,8.437630937190747638e-01,7.166869936746810277e-01,2.580004195376044418e-01,7.759072116273373343e-01,9.989505961433463588e-01,9.376644991767270065e-01,6.595634277420068248e-01,4.438140862063876257e-01,8.020777619636698663e-01
8.649329663322805617e-01,9.062224643377785327e-01,6.565360488900737757e-01,7.106649381216288974e-01,9.629372157392146470e-01,6.899723154028456484e-01,-1.410325235324611792e-01,6.557914386920380423e-01,9.511125592284849217e-01,7.811498494432072004e-01,4.692639165231236587e-01,9.498635653183690186e-01,7.840884788284036011e-01,0.000000000000000000e+00,6.484659805847300396e-01,5.314633431775439565e-01,9.599788252156890023e-01,9.395871979572284483e-01,9.668669802311101735e-01,7.836850537438507791e-01,4.656144082237754223e-01,9.193260121564681420e-01,9.511128089535995089e-01,1.728412172239337519e-01,1.348344350507938161e-01,9.796854820998841529e-01,8.842600650978440502e-01,7.184208942852876589e-01,7.991911766763785119e-01,5.307174010600462788e-01,7.235684025286975851e-01,7.874176889545488889e-01,6.664559736944538626e-01,5.916263717157137503e-01,4.590309220057677275e-01,4.982306038700967665e-01,5.362732200350669443e-01,4.006242098648187255e-01,5.623899871092430391e-01,4.053652112484075198e-01,5.359527463323892071e-01,6.236652243183091748e-01,6.252012729952842740e-01,8.804684587948437002e-01,9.760207675867828003e-01,6.286443900862962453e-01,9.614070284036853042e-01,9.933580899870511072e-01,8.922003438336538750e-01,8.726724949603684722e-01,5.179593619547628869e-01,3.455411634487809414e-01,8.503567710562595083e-01,7.208191238262270373e-01,8.602171696874622020e-01,8.720925854033675373e-01,6.160597855401004352e-01,8.080449436440710898e-01,8.600436503715256364e-01,6.197622342809782081e-01,7.755858361830033632e-01,9.444913984073390889e-01,8.941410136076154425e-01,2.824779250463687053e-01,2.819702327382354601e-01,6.602575709198752474e-01,5.533876404638864432e-01,8.131479223043395210e-01,7.458985837160256871e-01,8.028948679918830322e-01,8.502233901181188713e-01,8.623696284147716051e-01,2.006133339543164362e-01,3.072657363598399471e-01,4.493414449791230947e-01,6.104728111655221001e-01,7.197677624250067296e-01,7.130807880245065844e-01,3.291447041699810949e-01,5.520459300511303402e-01,6.482465375056910561e-01,9.392737338979222361e-01,8.537867348892415054e-01,7.201587251182804961e-01,9.759926907905989157e-01
9.209780264137827910e-01,9.144784975100606061e-01,8.734362271941258360e-01,9.446121469772107426e-01,9.057939599663351604e-01,3.157536277294585303e-01,5.899827865284754669e-01,7.888359574521621731e-01,3.357517437716506237e-01,9.790857333740524693e-01,7.837260313215647090e-01,7.270989996748729034e-01,5.948039026403013629e-01,6.484659805847300396e-01,0.000000000000000000e+00,6.226700412086082492e-01,4.601091185580344911e-01,9.750091546914873009e-01,7.011095903453555822e-01,4.230592017686654049e-01,9.940212256121502277e-01,7.743184500846974627e-01,6.999266740711839185e-01,4.308807782969785727e-01,6.438897856845094969e-01,3.112363062832894656e-01,8.277424192738048747e-01,4.242561540109183738e-01,3.655106824416020084e-01,6.253088751246808075e-01,3.826557861561329377e-01,6.722660995628062519e-01,9.111610380339491000e-01,5.704458592203460743e-01,6.147590491209259378e-01,5.861692460013913086e-01,1.870763658067159108e-01,7.669429510917005199e-01,7.195170777557168273e-01,8.092561660988031313e-01,5.827402263729110077e-01,7.947034708518740942e-01,6.819042631957257239e-01,9.027950394084433006e-01,6.345070727964464696e-01,9.284651976506149706e-01,8.853103177972445614e-01,2.769854777622243747e-01,4.486108911754576600e-01,9.512340710774905839e-01,9.540475474460778926e-01,8.692863939123700590e-01,9.430886560536830832e-01,9.732739961492111735e-01,9.455247841236257278e-01,6.925103659113130972e-01,6.156579105778918759e-01,5.863182581977421926e-01,8.074165276484981391e-01,-9.942204751378795613e-02,3.859691597595218404e-01,2.660279969104789588e-01,3.098188101377741255e-01,9.076873522664493654e-01,9.657887998413035024e-01,6.582521620403843088e-02,5.471953533734146280e-01,6.916731757590097729e-01,6.054256485838175328e-01,5.729064246424468987e-01,4.644299984151631921e-01,8.638234641019830740e-01,4.830424393802322802e-01,5.663162763985574166e-01,4.853457954367753624e-01,7.321502335687971597e-01,8.958345913780154657e-01,-1.262508024625427772e-02,5.484026372012817951e-01,3.155835761767383785e-01,9.813520757568464647e-01,9.788322872988980405e-01,8.397421529677592256e-01,7.235338166068473464e-01,4.472390688790929825e-01
5.440199661924024488e-01,4.287528167388187095e-01,6.931636716774016715e-01,7.611346730154049389e-01,5.830425030038687284e-01,7.610245459509366039e-01,1.832831322197089330e-01,7.675580776424035800e-01,9.289193913482467480e-01,6.754202999809527652e-01,7.685687930627385089e-01,6.477693414341965106e-01,4.106424218558553108e-01,5.314633431775439565e-01,6.226700412086082492e-01,0.000000000000000000e+00,2.635064350317932180e-01,2.825045899176570341e-01,8.419442059578078341e-01,6.819108958724710012e-01,5.926214111048275779e-01,6.354511131528519652e-01,6.415987109157127444e-01,5.312505017902762194e-01,7.178441972424548512e-01,4.234610008695784966e-01,8.704924622180544302e-01,7.083062473958149363e-01,4.784878592557836874e-01,2.482063554447229148e-01,4.183483646287831231e-02,4.876611853464696278e-01,7.856949961766587220e-01,3.540463340573967166e-01,2.435452932208440335e-01,2.691239390202071480e-01,3.474627428771530635e-01,2.193908555858796461e-01,4.522183100984532023e-01,6.991765238021062645e-01,3.940505913106315816e-01,8.254337394039221731e-01,6.126776483940409301e-01,7.841974501948705267e-01,8.409326909460584920e-01,8.826564285930813547e-01,6.198437705882621218e-01,8.731992684735431220e-01,3.285697661284218141e-01,5.783432594144621852e-01,9.354444742017249403e-01,7.169522828742227460e-01,8.052512653249382923e-01,6.571611213455788025e-01,9.937159005254964095e-01,8.870684132186572590e-01,5.480095806100743205e-01,6.741506925725988530e-01,3.984427154985120678e-01,5.652189928066132518e-01,6.990165000467266632e-01,-7.520452070076738549e-02,4.801883307722659699e-01,6.982462453741284936e-01,6.961426323860038234e-01,5.166760378470351966e-01,8.258745659932531513e-01,6.084849627123927185e-01,4.597073042496955808e-01,4.546176706227937903e-01,8.088041684040118140e-01,7.289444959081553543e-01,6.141766015955276714e-01,2.125162699210592643e-01,7.735638401567828115e-01,4.969580851203290184e-01,9.169061677047186665e-01,7.673323052697813562e-01,4.617023085959838791e-01,7.870799589942354402e-01,4.935367970944897764e-01,9.674079561310808817e-01,7.756153291434170205e-01,4.289700603492068720e-01,5.003197221891818591e-01
7.561200214230013872e-01,7.088195602731826028e-01,9.213992373635683242e-01,8.173084543741853114e-01,1.460310168980664958e-01,6.668950673641138582e-01,7.853207043884548044e-01,6.786064349020891617e-01,6.396790336990536563e-01,9.841620694406580938e-01,4.015906646946573177e-01,8.566527017522401755e-01,7.456257117312621308e-01,9.599788252156890023e-01,4.601091185580344911e-01,2.635064350317932180e-01,0.000000000000000000e+00,8.306464558437495205e-01,7.563440243056215317e-01,6.102663039740311435e-01,9.688606457149016027e-01,6.021077638715928160e-01,8.127024571262734254e-01,2.471989308486274850e-01,6.169405664970389891e-01,6.557580292120498422e-01,7.175851260229708650e-01,8.197226091330820363e-01,5.262388831866464667e-01,9.422864760281088881e-01,6.255004482932069454e-02,9.926398243957922363e-01,8.131331476868772778e-01,7.091018883919503191e-01,7.160024191121546755e-01,1.757978024768968028e-01,9.020552799816888845e-02,7.687742885313648689e-01,6.652223194085953306e-01,8.643994527401770434e-01,9.025992588843451125e-01,8.263507286377365091e-01,4.388893935349939546e-01,8.216318284010922790e-01,8.050681844045427527e-01,4.831848597423550329e-01,9.365209860801027020e-01,9.501100521003528199e-01,9.179208977928816626e-01,7.934140232000583826e-01,2.098840854210111406e-01,9.487405333401871532e-01,6.726423228106488406e-01,6.083712489288330971e-01,1.987057427632426543e-01,6.802146670751393343e-01,6.669058467178925476e-01,9.231673720048751974e-01,5.549976565373282433e-01,5.288134156605454050e-01,9.784036003382132751e-01,8.036974005925305864e-01,6.905449243656974767e-01,3.860288385366676955e-01,9.577708188395366307e-01,6.887965769222289536e-01,9.389313868972071209e-01,9.170904454150056173e-01,3.324649186363226594e-01,7.206185670286346934e-01,9.492632150528784729e-01,8.775397815615990638e-01,4.129514087436513270e-01,5.576764698647646012e-01,8.989392293019153879e-01,6.924748817040692339e-01,8.970074237336167489e-01,8.233063799154675122e-01,6.481958865149253235e-01,6.232291328950688714e-01,8.607336230583269021e-01,8.858471741282806233e-01,4.781748060909633002e-01,2.218290210878761104e-01,3.549101967786700840e-01
5.142595785724437540e-01,7.878770962937018396e-01,9.170358417518861271e-01,8.178574712941926173e-01,3.092958140326875216e-01,2.922806250927175720e-01,7.443939848763162503e-01,4.148310523876111988e-01,5.198149420217266226e-01,8.009188311908662650e-01,8.700822956935980734e-01,3.808889224276142960e-01,7.109039527530675029e-01,9.395871979572284483e-01,9.750091546914873009e-01,2.825045899176570341e-01,8.306464558437495205e-01,0.000000000000000000e+00,5.646989662691115353e-01,7.156615995919619611e-01,9.664690158174060741e-01,7.568072035090205318e-01,6.998223070247111544e-01,2.608755702296912671e-01,5.848468578669229201e-01,4.333390172277086227e-01,6.552077855907015858e-01,8.586200141761449744e-01,4.041352670545660386e-01,6.020530676554006755e-01,1.754432225482838170e-01,7.852530106702937385e-01,7.024129694924081679e-01,8.326160575047367729e-01,9.289325992327008841e-01,7.646354775919951274e-01,3.632958613285589555e-01,4.917187240291870931e-01,9.039714401128096100e-01,6.739620327999937821e-01,3.750576445286215588e-01,8.223624483471267954e-01,5.736655859446416761e-01,8.833019800476471506e-01,6.822767174075705654e-01,5.964827241937449287e-01,5.718783049383792116e-01,8.898063727605770579e-01,9.749033788942987888e-01,9.129449367562340045e-01,5.531405423861123216e-01,5.625570728216162664e-01,9.962707812916042904e-01,4.273761183306529765e-01,8.609148386888352267e-01,9.861012366606625168e-01,6.878329560291056577e-01,8.257166907125952360e-01,3.495723293595905945e-01,7.804160341341105367e-01,2.082444265887419266e-01,1.626963397222292995e-01,6.098598349976379618e-01,6.684063905780226467e-01,7.254018595029187999e-01,8.625209361303036726e-01,9.588255101867190211e-01,9.225630143741031519e-01,6.272883895705479995e-01,6.086848931707556920e-01,4.469226667371859474e-01,7.004174564734118036e-01,6.326872577909791184e-01,4.225788858637735124e-01,4.843762178234959359e-01,5.986643236544095803e-01,7.361681090406205774e-01,9.179315967758839845e-01,-3.962881496166310580e-01,2.426544591842435261e-01,6.411614126143738712e-01,3.864347183494569737e-01,9.202740571177008277e-01,5.512054094986058583e-01,7.364717610406696924e-01
