0.000000000000000000e+00,5.913560510909791068e-01,9.895166324567283844e-01,9.001379971527889712e-02,8.884574012617556527e-01,9.059477954860959414e-01,2.756649412630242657e-01,7.931886035239590349e-01,9.549721879720965978e-01,2.782393494427141678e-01,8.666103451445666961e-01,8.823340991781243314e-01,8.607148229360795932e-01,7.748457341316350444e-01,6.479477922039230675e-01,9.452990633838848078e-01,5.188658686246476748e-01,9.409188298881054902e-01,9.776311857367715463e-01,8.082655929616177071e-01,2.225851064799268531e-01,9.820038327306627179e-01,8.113054971771981316e-01,6.466744428710253789e-01,8.550376912015293929e-01,5.815856209898538909e-01,9.303028325011336586e-01,7.290613715502817227e-01,5.832959285729601984e-01,2.068343289062754831e-01,4.203406019694646001e-01,8.286088575306888027e-01,6.271599441219329885e-01,4.061831942968003317e-01,9.790619475333628419e-01,8.288658395334747020e-01,3.448816849495450754e-01,6.043668675687974279e-01,9.951223629196223053e-01,8.262076771176630752e-01,3.653516968670244558e-01,8.014085220563246237e-01,7.611483573763281330e-01,9.909128753904286047e-01,7.433282273815761121e-01,9.859526602536878848e-01,7.316807437895661570e-01,9.593829557167731226e-01,4.314654925516800965e-01,9.351279951403695945e-01,8.293934479076374711e-01,9.846467505209021143e-01,7.200422805698913908e-01,6.124765365585003174e-01,6.262783306080083046e-01,7.375842677884376641e-01,7.971832616412458661e-01,8.717401935269988300e-01,6.240350660665416882e-01,5.221814587772671823e-01,7.236857726119303447e-01,6.692143811563420197e-01,6.592083047901245996e-01,6.953148429091449145e-01,4.910212654313555469e-01,9.688890604729689660e-01,3.473845894687870861e-01,4.095435748557292865e-01,8.298266120892006104e-01,8.044763849539430245e-01,9.826352274719073465e-01,6.867166415487909736e-01,4.626822007426915073e-01,6.864431537064235034e-01,7.285224842081042818e-01,7.678700009446912667e-01,7.701327575422426408e-01,7.075439726480186042e-01,6.515149630885060938e-01,5.082091853933479175e-01,3.498682456426386311e-01,9.079015584577097009e-01,7.966166616741505724e-01,1.001652887937528463e-01,9.921287139994882098e-01
5.913560510909791068e-01,0.000000000000000000e+00,5.018073734020292997e-01,8.380347748038816658e-01,9.322628869022433484e-01,6.514886440119009858e-01,7.243993578213228091e-01,2.709211406227385877e-01,7.079096929611414790e-01,9.960025875650737603e-01,7.466139610936852744e-01,9.233625238770909460e-01,8.010348537572379302e-01,6.281737045709773204e-01,6.577124745373746917e-01,3.122358554842603051e-01,5.752034433292045890e-01,2.734283448827810603e-01,7.583773872816503836e-01,6.999937942536873514e-01,9.346613411438520203e-01,7.295109358575466718e-01,4.615247622632533964e-01,6.523354458581749338e-01,6.404222174069285067e-01,9.246868095603466564e-01,7.190728498373144539e-01,7.463870059307380345e-01,6.001615009826749558e-01,7.009069966952833353e-01,2.038654580508622582e-01,3.654232009443568741e-01,3.400062316058235501e-01,7.224078214731365355e-01,5.737924036904585856e-01,9.480886588138581761e-01,7.286957448489279621e-01,6.906307458625232654e-01,8.804082991134680736e-01,9.497694023834797328e-01,6.551334441346353676e-01,3.701793130215746963e-01,7.689424371654913770e-01,4.379316828879417645e-01,8.204935257110460567e-01,8.641458073400892781e-01,6.535616454507849893e-01,8.056822282904211319e-01,6.852179418441565195e-01,6.408669944673879293e-01,6.031342215347136326e-01,3.454528585970935151e-01,7.424564608862294079e-01,7.120893694246367422e-01,9.323873651943719310e-01,7.031609110376936256e-01,7.156980438706421477e-02,8.718890269213551703e-01,6.559750853502994694e-01,5.036956972956375678e-01,3.054711573887228249e-01,5.961875240056209169e-01,1.564482404608503463e-01,7.584243654786305688e-01,9.916343801792633084e-01,6.378234170075538501e-01,5.897020880182584079e-01,7.322535963930270064e-01,3.683446570289100608e-01,3.837292184536646444e-01,8.581039634002107785e-01,7.646189204356389491e-01,5.250078334069444019e-02,2.964068625480221764e-01,7.549826562334787106e-01,7.104562664134059791e-01,9.441943324460786435e-01,5.515906277382547351e-01,3.518582059408675300e-01,2.417851923255591173e-01,6.544429946994194669e-01,9.278453384690577010e-01,7.842961214671255732e-01,6.536317786263182716e-01,7.014050523326695874e-01
9.895166324567283844e-01,5.018073734020292997e-01,0.000000000000000000e+00,5.517526672232433427e-01,7.976469307747038329e-01,7.324239066188424907e-01,8.551955176633000422e-01,9.352638490061752075e-01,7.420502507044778318e-01,7.576239910937092592e-01,6.557687079940061059e-01,7.319910058117502505e-01,2.565041646279233589e-01,9.257461793270488348e-01,9.823637242276630488e-01,7.673774243536469752e-01,9.110172643129929027e-01,9.470642334643407656e-01,7.080506086811728661e-01,7.985687052210699299e-01,6.432934349572621002e-01,9.960156775558277609e-01,8.191303397484546167e-01,8.718858212379450023e-01,6.296917682182902043e-01,7.661942461415518490e-01,9.168235807776929924e-01,5.641640589974068476e-01,3.513842364510764149e-01,4.851774387568081881e-01,1.226295803759531317e-01,9.809336236635520789e-01,4.417438995506690058e-01,8.355809283582067426e-01,4.808961141254001204e-01,2.680204601842527401e-01,3.818214706334993047e-01,9.891723809633676812e-01,6.122177331323027660e-01,8.432732326428865610e-01,2.881935776833764451e-01,8.370756726523365110e-01,8.744316680695389810e-01,9.336528659546202702e-01,9.611604329379795919e-01,4.152902226293879173e-01,9.632132479342983000e-01,9.607296135229457246e-01,7.161882628535158890e-01,6.460089899124373813e-01,9.149331722358676755e-01,6.074244591956543537e-01,7.632283124249170658e-01,5.939638256222168344e-01,9.042971038053504440e-01,2.683133498666314676e-01,4.711726303818332129e-01,6.555067162835490624e-01,7.102221208427006438e-02,2.123516145514597886e-01,7.333204728403014405e-01,6.946959170080309054e-01,7.764469601756023298e-01,9.058389864399628566e-01,7.109934653073806121e-01,7.240566163960199253e-01,5.798043810156243705e-01,3.971682687571458370e-01,6.926509929815988231e-01,8.001223577385740970e-01,9.654591760173399928e-01,7.082960445214274703e-01,8.835235461293450276e-01,4.646643765695359640e-01,5.798848185430276470e-01,6.747835145185856476e-01,9.779062887916467606e-01,8.544901201592242090e-01,5.615839082504610058e-01,2.488775533373883964e-02,9.070418936011165334e-01,9.374735532740354760e-01,9.972433169422242338e-01,6.036420725832597478e-01,8.668491820381789559e-01
9.001379971527889712e-02,8.380347748038816658e-01,5.517526672232433427e-01,0.000000000000000000e+00,6.910937350597879947e-01,9.654226126916585216e-01,1.044276313730907457e-02,8.745535180635213846e-02,7.407873526765186289e-01,6.809212320074864433e-01,9.562468580601807266e-01,8.316832281084561851e-01,5.412021227334667950e-01,2.674922044751875672e-01,9.407913302769913555e-01,8.397847168554710695e-01,5.315913185002871799e-01,4.378574509870843956e-01,5.329409571864252015e-01,8.585333852999024185e-01,9.199117296563901203e-01,3.582802698133852326e-01,7.017897473185149559e-01,3.984873298255834917e-01,3.627142953868762731e-01,6.623436923801481191e-01,5.056226226101401267e-01,9.404401408406077856e-01,3.847663872365639781e-01,6.986546835201989936e-01,7.682507138807118663e-01,6.540306964876395623e-01,8.457117435835084795e-02,9.541243702309796237e-01,4.485835601307440745e-01,8.803405265221448950e-01,1.674320508232076676e-01,7.658605022397334539e-01,6.966851622225327390e-01,8.595886805650385654e-01,5.266080930481927824e-01,8.609292764469573811e-01,7.570622590246693928e-01,9.271151432599604725e-01,9.266511549720733987e-01,9.024035118959365942e-01,7.270174827625603964e-01,2.935690128554361289e-01,9.351873508601324936e-01,8.219397131254750910e-01,7.391968947474331086e-01,9.786402185758917849e-01,5.202779540728048602e-01,5.533835766818218094e-01,1.804470484996285595e-01,7.892068440944800534e-01,2.483416567619479431e-01,4.837445721048323488e-01,2.540193128226020947e-01,2.734550133166142039e-01,7.079259887631980108e-01,4.573656141764115279e-01,7.745341666958971416e-01,8.389333385758738215e-01,6.753568215727254742e-01,6.086283060325023975e-01,9.961670682111951614e-01,8.743633499210190507e-01,6.120002739361460886e-01,8.291789899626265115e-01,7.466669870958202448e-01,6.507994514326577162e-01,5.984783157427850941e-01,7.121735961461697073e-01,6.058505592084185709e-01,7.143723203760019569e-01,9.147836508515825304e-01,1.667020433711257910e-01,3.979070093197495384e-01,7.183408648625569937e-01,6.651963028165109870e-01,9.331455094241709602e-01,9.696275138675805039e-01,4.388830072559145035e-01,8.741869753026638712e-01
8.884574012617556527e-01,9.322628869022433484e-01,7.976469307747038329e-01,6.910937350597879947e-01,0.000000000000000000e+00,7.799279989143373948e-01,4.091578264432578771e-01,5.996805999956628108e-01,6.600781442738775651e-01,7.520165354434106275e-01,9.694445967184808222e-01,4.510377760128139735e-01,4.486341278082790485e-01,7.704998257459616529e-01,4.814725656649851970e-01,4.023238311211924656e-01,8.455835759280447839e-01,8.748098883553561134e-01,5.704042644850898514e-01,7.564335514093385449e-01,3.132277369610897422e-01,6.281546391536447782e-01,9.435816379290220546e-01,8.511522831866216166e-01,7.157459560792853726e-01,8.420000384656564085e-01,6.332013064292925097e-01,7.625340697770773835e-01,1.255179597147803860e-01,6.610509303013729632e-01,5.241361193684109798e-01,6.829055202919694922e-01,7.299534462524879252e-01,6.005079437497474748e-01,5.599013863386357315e-01,6.272892083551755427e-01,2.239713297458541252e-01,8.062150082495718462e-02,5.454264713625064376e-01,7.395699491120031333e-01,4.300570116762311712e-01,2.462943824475334886e-01,9.191811766469222267e-01,6.788057021218553144e-01,9.427283101024384049e-01,8.700476713393144879e-01,7.602571253458262346e-01,3.142685842940358132e-01,6.545248426926215668e-01,6.738375453492420064e-01,6.741104457748731127e-01,8.371228472688684308e-01,1.544340749680215563e-01,6.884682652257518853e-01,9.312015971062338471e-01,5.222690663592411964e-01,7.565683672319045705e-01,4.695888612000493900e-01,9.189078808827545464e-01,7.705743013486259230e-01,4.672730098216724276e-02,-9.476331013200667286e-03,9.289151581735669572e-01,9.715693691395649312e-01,9.323786506961421194e-01,9.890062130279508867e-01,8.549626580563407519e-01,9.932780527535043369e-01,3.754805564658603156e-01,7.864147312379948795e-01,8.819707998660234471e-01,9.315587486136844841e-01,3.076249859721182922e-01,7.176456487266210660e-01,3.150492074159640943e-01,6.076573767624617872e-01,8.927382001428825209e-01,6.023319073728895523e-01,4.134684760900571576e-01,3.214218363958176727e-01,4.249742260843304975e-01,3.480095403313380742e-01,3.023994635365445660e-01,7.739799185746665255e-01,8.324880223308602778e-01
9.059477954860959414e-01,6.514886440119009858e-01,7.324239066188424907e-01,9.654226126916585216e-01,7.799279989143373948e-01,0.000000000000000000e+00,8.580278083520321841e-01,6.763832546516747035e-01,7.366395465398878351e-01,3.980674626229740998e-01,6.114799776620021277e-01,6.039919358812779748e-01,7.126182155600051527e-01,6.394325467646380101e-01,4.462531132028035308e-01,6.255141910245815007e-01,8.777883139221954734e-01,7.334145490085882679e-01,8.473187678114174615e-01,9.263730019718576791e-01,9.240846863048126636e-01,7.503152287623271466e-01,7.531974881418368462e-01,9.610538438371020176e-01,2.646819955364395072e-01,6.367943038371260966e-01,9.262553416690336716e-01,6.546885150885081162e-01,-6.891603171949567397e-02,-3.413362252163536503e-01,-1.456021003235293543e-01,4.752732803455338995e-01,9.959654118785759014e-01,9.931576553820676834e-01,6.963131245094226207e-01,4.793683553719056967e-01,3.395125653591201664e-01,3.799166112732294542e-01,9.560131061617149761e-01,7.161981424262962026e-01,2.011788520578036421e-01,6.740056359261146213e-01,6.705393069976723908e-01,9.594478022252050931e-01,9.582957787822282691e-01,2.639757676521781171e-01,9.467029425216586525e-01,5.196530370571228463e-01,8.964280445026204802e-01,7.769284601946147006e-01,8.586720809493446627e-01,9.752497478388535423e-01,9.049417883069438284e-01,6.669395145349319431e-01,3.566406102797405886e-01,8.196951259640984366e-01,8.611239285186845782e-01,9.194612050948712811e-01,7.096258481933437334e-01,6.987209487829444399e-01,-3.136832358420829636e-02,7.742578394263287533e-01,8.396450405948066020e-01,9.519630061867669912e-01,2.762425756043885849e-01,7.546584522187704813e-01,7.055728504180389660e-01,8.077367053611557157e-01,1.622871831287068245e-01,8.926528489894690610e-01,9.975035532684362050e-01,6.052404108403525163e-01,5.993516654119391829e-01,1.062360401706423721e-02,3.738305493870420770e-01,1.089435016985643573e-01,8.600508016856687199e-01,6.225529843403562191e-01,5.071443516364808612e-01,3.022996422449776288e-01,7.658916257913548353e-01,7.857063472685706929e-01,7.661205099278215469e-01,7.200671135103016152e-01,7.354316833558554034e-01
2.756649412630242657e-01,7.243993578213228091e-01,8.551955176633000422e-01,1.044276313730907457e-02,4.091578264432578771e-01,8.580278083520321841e-01,0.000000000000000000e+00,6.312694706365112873e-01,3.157070852227961688e-01,2.916575431304683219e-01,3.070728122859113784e-01,2.974387808579398995e-01,7.917818437468482351e-01,7.336647322318488040e-01,7.894304225756905158e-01,7.154498284758409321e-01,9.740073929878207970e-01,-1.237211209206877660e-01,3.440511035023169351e-01,7.360021634060861517e-01,7.644337177320088550e-01,6.010274173436845890e-01,8.192497819369324308e-01,7.932310065106629171e-01,5.014926976620189825e-01,7.871934947791223713e-01,6.406873887652414501e-01,5.106304866619281180e-01,8.606073161326356358e-01,7.435420365473888182e-01,3.721018750378439766e-01,3.493107095087367719e-01,2.579086197804996705e-01,8.183755089357030998e-01,5.091112977344490753e-01,7.150705675450835797e-01,5.427602474884209993e-01,1.396349632473196101e-01,5.967863711744829658e-01,2.120018881494482588e-01,6.412141479559195778e-01,5.556353555117622411e-01,8.393509657715787498e-01,1.411668335158147991e-01,7.410981237323092108e-01,6.476976316033589143e-01,8.017826569424825189e-01,4.684017678932589357e-01,6.627570927885892971e-01,7.991591053039661663e-01,7.167231107616031105e-01,1.289445697445349426e-01,6.567114154074079613e-01,6.930603185301977831e-01,6.263608837225473902e-01,7.011591525883547060e-01,2.358031005732184604e-01,6.974989013509357294e-01,7.696948212768179864e-01,2.772783402150967857e-01,6.274185837972209301e-01,2.584632878772026854e-01,6.916492024527030047e-01,7.764183466385201626e-01,6.952862052093597978e-01,2.430029533018004118e-01,9.136757113320291834e-01,2.469057432032021049e-01,7.487659733592780809e-01,5.974039098830430383e-01,4.130726133693071733e-01,6.317482017800625238e-01,5.304892968702611400e-01,5.891572852730491139e-01,5.007461607398634440e-01,6.918041263798861973e-01,7.964529809826295104e-01,5.260959836490444186e-01,3.466007034173031187e-02,3.279141726238744003e-01,4.775402261621138900e-01,6.383535876883004168e-01,7.863723075355265602e-01,5.541836737286534031e-01,4.837412758438666138e-01
7.931886035239590349e-01,2.709211406227385877e-01,9.352638490061752075e-01,8.745535180635213846e-02,5.996805999956628108e-01,6.763832546516747035e-01,6.312694706365112873e-01,0.000000000000000000e+00,4.002311052199974961e-01,5.115676415861456494e-01,6.124259928955604337e-01,9.675617813954922042e-01,9.999173842329892592e-01,4.950132701106626509e-01,3.474560345909820658e-01,2.388257772746168461e-01,9.287041858245961290e-01,3.379809301057904447e-01,7.421958969179274224e-01,6.826518083758313926e-01,8.491433416269655865e-01,3.877758851562913556e-01,7.486739350673521365e-01,2.996903399278646463e-01,5.285431453460598394e-01,1.354705301647382842e-01,1.764995265464336660e-01,8.373790531318836550e-01,4.780910981476740318e-01,5.233526240536332669e-02,5.201039338678001833e-01,8.606709386338530221e-01,1.913609085856893821e-01,7.240079971039216078e-01,7.182921908215844642e-01,7.950119205076022766e-01,1.879818281615077413e-01,1.435797860619179578e-01,6.317562441899123860e-01,6.648712427815810511e-01,3.621911398491336476e-01,1.604900161760267341e-01,7.251732911368862222e-01,8.703882606394174326e-01,8.931064086274299596e-01,3.208907812122227532e-01,1.560999047484401547e-02,5.673889625730810238e-01,4.976734205817665568e-01,9.393501123400369579e-01,7.009385033033297407e-01,6.716430015506764661e-01,7.154486891408790017e-01,5.886112014755698896e-01,5.287007701950797722e-01,6.495605352237954211e-01,1.060972393136280501e-01,6.515090372933184382e-01,9.234242431575069299e-01,6.051823247378135262e-01,2.501038718557795359e-01,6.559652832009345014e-01,7.986468300625826355e-01,9.851237134077905910e-01,9.046686376748306335e-01,4.892917678347202259e-01,8.418596050126169184e-01,7.202647583588522862e-01,5.471132982696335079e-01,7.772296664322675408e-01,4.346286836385321872e-01,5.241622875477276455e-01,5.696912277035728334e-01,6.245628931283756513e-01,9.792266121587966943e-01,6.622446573175050366e-01,6.204194156312353714e-01,8.717629414104717256e-01,-1.176768383295983822e-01,2.458404407627911570e-01,5.636272246480803494e-01,9.611276007824882672e-01,9.324046043143574547e-01,8.580781568472671816e-01,9.971501606282799912e-01
9.549721879720965978e-01,7.079096929611414790e-01,7.420502507044778318e-01,7.407873526765186289e-01,6.600781442738775651e-01,7.366395465398878351e-01,3.157070852227961688e-01,4.002311052199974961e-01,0.000000000000000000e+00,6.346566860764447648e-01,7.059854151674637146e-01,9.994658927193131870e-01,9.675164305062674552e-01,9.648174208723626633e-01,7.283863799100953607e-01,7.993966801501625197e-01,9.814768261591697573e-01,3.647009878855727583e-01,4.891292298500560243e-01,8.036452261437474487e-01,8.078899233271805702e-01,8.030226809147685829e-01,9.827767188090669181e-01,7.465566510133544442e-01,6.878543370924128375e-01,9.580143349181186041e-01,7.565510567060154123e-01,7.615952664497118718e-01,2.277695850934974287e-01,3.935542602580741622e-01,5.700400031794579103e-01,4.074995436207426436e-01,7.412657179066884927e-01,5.878586287501109675e-01,3.160098626929093157e-01,4.286197459265453924e-01,2.343133447370731592e-01,1.671641439467462520e-01,8.652894560170009131e-01,8.905569630951752913e-01,2.838657524983893010e-01,7.095757123283946699e-01,6.007588435447162034e-01,7.805752820867205566e-01,9.946478707315813406e-01,8.252474894789442184e-01,7.673994398065689948e-01,2.115198534211537862e-01,6.565658139609460431e-01,9.906634025294798196e-01,7.644715998711304472e-01,4.578418726074937051e-01,5.516606147424025774e-01,4.837138633327334181e-01,5.603882500021181157e-01,8.268668765509021856e-01,4.061162862262143181e-01,5.965866016037141284e-01,8.244020478581486344e-01,6.060639190905212775e-02,6.294666908229182845e-01,5.548992718300796989e-01,6.423296602299907176e-01,8.949131365822994288e-01,6.566280844734186939e-01,7.251511757711402995e-01,5.511112450114297179e-01,7.158427628776254936e-01,6.112394865402536182e-01,6.981318856028937425e-01,7.964866166299569006e-01,8.441353350919897913e-01,9.010389082311686115e-01,2.178632578754982618e-01,7.291210626587357746e-01,6.639396121986289590e-01,7.318792646833749416e-01,7.918354291026796776e-01,1.665821745365778650e-01,4.704637117383680955e-02,8.480808763018636842e-01,9.887641329758662945e-01,7.888611860526075770e-01,3.077690200297537593e-01,8.375523459619981237e-01
2.782393494427141678e-01,9.960025875650737603e-01,7.576239910937092592e-01,6.809212320074864433e-01,7.520165354434106275e-01,3.980674626229740998e-01,2.916575431304683219e-01,5.115676415861456494e-01,6.346566860764447648e-01,0.000000000000000000e+00,9.008270477558592004e-01,4.118119398788199215e-01,7.895259756870084411e-01,7.953981107359695546e-01,8.613230198868844500e-02,8.857113592607090968e-01,9.804077770035872774e-01,7.204910998475464456e-01,2.852551999940419192e-01,9.657867377959019617e-01,8.436156030508452641e-01,9.152947059009715058e-01,7.235490462490722363e-01,9.688423544614633842e-01,2.328769860566629046e-01,7.624675150662794110e-01,7.020167914037556134e-01,2.227885365159211206e-01,4.570609493278741664e-01,4.492326547714769469e-01,3.477167120310777904e-01,7.529481323712963192e-01,2.261884931903540008e-01,7.483470911947345261e-01,9.932785692854703141e-01,2.008299650499273115e-01,6.930263640043357598e-02,8.829299842875192317e-01,6.701527132132889530e-01,7.321178811804562869e-01,3.196757869537258934e-01,4.156303381464553914e-01,8.474846887419741348e-01,8.697516272859755482e-01,9.126259846055797542e-01,4.643244807626552562e-01,6.188604820159747666e-01,9.370434337867069585e-01,8.781139302483433884e-01,4.060605687221370830e-01,3.673668537199685780e-01,8.466970885878839503e-01,8.266649724178097847e-01,6.731852636791160194e-01,6.686872181310855590e-01,5.579472386892430080e-01,8.105391651519368024e-01,9.299377398362006497e-01,8.995609139286238065e-01,6.928595420022735096e-01,3.776388456591796006e-01,6.627848316596093303e-01,5.254020043665417194e-01,6.489741174556158398e-01,9.984817051890957362e-01,5.388736176206759820e-01,7.539925470919357497e-01,8.869459164614759139e-01,7.160145759605834881e-01,7.465834722865334339e-01,7.920884024823051650e-01,7.147491245554503658e-01,7.432107519020422215e-01,5.222259996647884428e-01,6.086867368059594163e-01,7.748937475941526376e-01,7.329435237473469478e-01,9.852742787623998133e-01,2.267286713041432866e-01,2.975308593449195183e-01,3.319552675631814442e-01,9.097219032350269963e-01,7.458941007105270860e-01,1.193141380609812896e-01,7.012794225027476624e-01
8.666103451445666961e-01,7.466139610936852744e-01,6.557687079940061059e-01,9.562468580601807266e-01,9.694445967184808222e-01,6.114799776620021277e-01,3.070728122859113784e-01,6.124259928955604337e-01,7.059854151674637146e-01,9.008270477558592004e-01,0.000000000000000000e+00,8.326586717066728482e-01,2.709656903379016601e-02,9.929856094461022575e-01,6.891865509606112106e-01,4.502434847432995602e-01,9.145769046090987953e-01,2.016177048181793663e-01,4.741452103415943475e-01,7.691843157225708438e-01,7.964036700375405342e-01,7.626759597602806862e-01,8.664955206509354912e-01,7.546876142781083763e-01,3.420580970077454208e-01,8.856744202946037481e-01,5.662882109075358938e-01,9.673364673883191323e-01,5.252202528329829034e-01,5.082109840076340923e-01,4.260723459251384848e-01,5.546999255264976059e-01,9.061792264951623599e-01,7.098152777370817512e-01,2.786814930439623916e-01,2.929227320527325040e-01,4.333962689171351190e-01,6.866312709785842294e-01,6.207050638792667163e-01,2.972203377370369881e-01,9.171585546860562266e-01,7.979397952315823161e-01,8.329917011745987532e-01,9.285176809051993718e-01,8.064407778755964262e-01,6.127422138353719738e-01,9.869399672141847546e-01,4.178894993493137422e-01,5.595768842596441361e-01,4.002154502601361075e-01,5.879630451183447404e-01,8.666769099014497435e-01,9.728672931853423744e-01,3.978492326223284081e-01,7.587270669742260942e-01,6.325886523783205151e-01,7.302202818726459821e-01,1.158429253341854842e-01,5.315525727706750247e-01,9.188139975897710032e-01,6.322400436313546646e-01,7.763915518177476605e-01,6.158952383393324626e-01,2.452655440040783230e-01,9.593675112489183920e-01,6.196371940277486390e-01,9.334387565924401331e-01,9.838285956945783672e-01,8.886917311679106701e-01,5.781214508486984816e-01,9.680203259524406967e-01,9.462480386721554559e-01,6.209589391771966338e-02,-1.909328033625865284e-01,1.677679992744924020e-01,5.928370143629135836e-01,9.224043402661581403e-01,7.317503340352157215e-01,7.727348118010187727e-01,3.966088921313824511e-01,-4.300810467091678579e-02,9.760816410256539788e-01,7.748981589233854272e-01,4.363016748308172765e-01,6.898015770538347136e-01
8.823340991781243314e-01,9.233625238770909460e-01,7.319910058117502505e-01,8.316832281084561851e-01,4.510377760128139735e-01,6.039919358812779748e-01,2.974387808579398995e-01,9.675617813954922042e-01,9.994658927193131870e-01,4.118119398788199215e-01,8.326586717066728482e-01,0.000000000000000000e+00,7.972780796534932879e-01,5.586705057848856404e-01,6.476564688202545161e-01,2.171712436095037113e-01,7.738767844354100811e-01,8.278055999343469917e-01,5.570090513822051337e-01,8.079300973776900596e-01,7.447780845599457633e-01,8.776902548591551945e-01,2.209290659305702120e-01,7.814252992782431129e-01,8.984423444374201040e-01,7.441806457988202617e-01,2.575087167410799460e-01,2.362803166138743305e-01,7.777010641035264626e-01,6.039699684866236540e-01,1.813809532168356720e-01,4.232777542738364041e-01,8.263227086359374862e-01,6.381953236221291625e-01,7.121243457394815790e-01,6.493408346211577697e-01,7.102039581121919465e-01,2.516889183769466798e-01,5.481731013598274416e-01,3.235451778531541756e-01,4.951746517304949080e-01,4.405285046435715168e-01,1.334243041985553602e-01,5.864832998939961684e-01,3.697381708944882939e-01,6.736830914736878784e-01,7.983026633174803433e-01,5.561368052447136501e-01,3.066361740836739402e-01,2.930494897441077162e-01,7.040132975840025509e-01,7.571008789434601205e-01,7.885947240181010454e-01,9.626765176134104429e-01,7.104397052343145447e-01,6.964294971764610764e-01,7.332116460012595427e-01,9.519374032482019743e-01,5.341025256448688197e-01,5.649083008751717427e-01,5.994460290819535464e-01,5.401085997783235948e-01,8.790873223024543437e-01,8.481940268618448631e-01,8.358318659773595893e-01,9.115158347944858352e-01,9.784052525048744231e-01,8.458609156422942643e-01,6.638528468262929749e-01,6.899974543431575125e-01,6.763124572959914316e-01,6.818554588568184194e-01,5.237028596844958139e-01,4.326519472833219027e-01,5.575481101624559788e-01,9.995980652173173109e-01,8.018120750864945467e-01,5.606070885248785052e-01,4.116307162448983870e-01,5.297325192384062520e-01,4.792163630123439377e-01,9.323678683602458772e-01,9.395301869300562991e-01,5.841762416138387426e-01,7.125468965810104471e-01
8.607148229360795932e-01,8.010348537572379302e-01,2.565041646279233589e-01,5.412021227334667950e-01,4.486341278082790485e-01,7.126182155600051527e-01,7.917818437468482351e-01,9.999173842329892592e-01,9.675164305062674552e-01,7.895259756870084411e-01,2.709656903379016601e-02,7.972780796534932879e-01,0.000000000000000000e+00,5.950785833653052803e-01,6.416363067856097890e-01,6.901002373586796468e-01,2.097856086965572964e-01,7.726479899952597430e-01,7.678143618965165285e-01,8.362592062439546670e-01,7.378836218801640978e-01,9.567542967973140522e-01,4.949291224398205680e-01,8.156351281473668280e-01,7.177768150251089274e-01,9.720662286873272828e-01,9.761418332136440057e-01,5.511513208115150775e-01,5.909704157442579042e-01,5.902132173959935280e-01,2.496417247661869010e-01,7.509365376265768610e-01,9.080758889808273615e-01,5.912461841593976697e-01,9.921991139009284089e-01,7.588051114944351916e-01,6.989797422880101863e-01,8.399621682217139895e-01,8.493723356463583896e-01,5.385725604491778951e-01,3.342514505879072839e-01,6.310365091011347349e-01,9.553291665427805501e-01,6.604715787676045391e-01,9.334136175449296857e-01,8.929195562983516243e-01,5.242246158735512918e-01,4.251654259142907399e-01,6.582298584586051549e-01,6.625153730758087667e-01,9.171650801217642313e-01,9.185776268984098269e-01,7.269516028216674863e-01,4.856338032653256809e-01,7.881572771255297427e-01,6.320186785404497964e-01,7.995477794836811647e-01,9.309323599361666313e-01,9.389983742312479897e-01,5.174346059556635957e-01,6.130920795829034597e-01,4.175267384299770623e-01,6.108401657423663256e-01,8.623764333887578015e-01,7.708556525567061835e-01,6.124994173083412319e-01,4.423249628257357458e-01,6.477518582818302395e-01,8.868428177568823956e-02,9.910172117982044560e-01,5.220294914975330824e-01,8.168097539966273635e-01,6.618615477388587465e-01,-4.865886833325838712e-03,8.859055776002600080e-01,7.409561243385097695e-01,6.813197764368873477e-01,8.420895499639550197e-01,4.099703233741081587e-01,7.625236253915980145e-01,4.751805202614191592e-01,9.877953888136259408e-01,7.082917394910789310e-01,3.632519520452816009e-01,5.764583487816095086e-01
7.748457341316350444e-01,6.281737045709773204e-01,9.257461793270488348e-01,2.674922044751875672e-01,7.704998257459616529e-01,6.394325467646380101e-01,7.336647322318488040e-01,4.950132701106626509e-01,9.648174208723626633e-01,7.953981107359695546e-01,9.929856094461022575e-01,5.586705057848856404e-01,5.950785833653052803e-01,0.000000000000000000e+00,8.123618483233855381e-01,4.372805837860347378e-01,5.208444755407817262e-01,8.269238011311660363e-01,8.360449203267618090e-01,9.957043464535710875e-01,8.085444727920683139e-01,5.929955713740527878e-01,8.998727693718790999e-01,8.117394689585882839e-01,5.348611038653148242e-01,7.889283838043880115e-01,5.347667028038889381e-01,3.881716292641775867e-01,3.500176230555719914e-01,7.523656736876105366e-01,2.386773696419321744e-01,4.149904973214875170e-01,9.884577815138553269e-01,8.835659700171222264e-01,8.927718856482170784e-01,5.023941115127483759e-01,3.639799151827582402e-01,5.963983466239389797e-01,6.239949030602582880e-01,1.136319904533443226e-01,7.171283093673217479e-01,5.932072276678370670e-01,8.986885830989388424e-01,5.667061480635613435e-01,7.625517090385581787e-01,2.579167157899728835e-01,8.572735347526299066e-01,3.073816717587936065e-01,7.018164053972361094e-01,7.485016652125672243e-01,8.819332036557885335e-01,6.722735701426237886e-01,9.171411966336705524e-01,7.316743396287180845e-01,7.341585832194341688e-01,9.092063421089905395e-01,8.895971102415021203e-01,7.032699232989803040e-01,8.339105488904232644e-01,3.921212839874472778e-01,1.606041122521244535e-01,3.305185565837233108e-01,8.421015878593701709e-01,8.421345425532470452e-01,9.746658806641053108e-01,7.258591578352544538e-01,8.248567600047548298e-01,9.618696922050643527e-01,8.451950614874325085e-01,6.946167562764810066e-01,9.540520603645378239e-01,5.884982570170185223e-01,8.146554856739032235e-01,4.729794753459700685e-01,6.603649978526032749e-01,9.004428324673503514e-01,7.300508595696271197e-01,6.010704478321614586e-01,1.843522743003551678e-01,4.959937931970019864e-01,8.173075530934890143e-01,6.985260320061292827e-01,7.570744376929448016e-01,3.436338300757879605e-01,8.794844261143863751e-01
6.479477922039230675e-01,6.577124745373746917e-01,9.823637242276630488e-01,9.407913302769913555e-01,4.814725656649851970e-01,4.462531132028035308e-01,7.894304225756905158e-01,3.474560345909820658e-01,7.283863799100953607e-01,8.613230198868844500e-02,6.891865509606112106e-01,6.476564688202545161e-01,6.416363067856097890e-01,8.123618483233855381e-01,0.000000000000000000e+00,7.933088509349263129e-01,6.265630449735226648e-01,8.396346892264028305e-01,4.748749230436273838e-01,6.716654489295020847e-01,8.427434700872180606e-01,9.227215554082113247e-01,7.288733970014745767e-01,9.676558390099153639e-01,6.544260446143390642e-01,8.287138309092456634e-01,7.860311779002817634e-01,5.717099251664871096e-01,7.389540956806668337e-01,7.811724328698995690e-01,6.464781151155872818e-01,3.252672863991786789e-01,9.795869717433351997e-01,8.041055513247288289e-01,2.179545472304583176e-01,2.878777243001108266e-01,4.318031486974277522e-01,6.864183896831156373e-01,9.251111353154805039e-01,5.763082760489780521e-01,6.811255312657853445e-01,5.305253723328727800e-01,8.302510535568381478e-01,6.911980557159312921e-01,9.473198187646607593e-01,8.093676660719273386e-01,6.293693683077855594e-01,6.264008600940921268e-01,4.805659341375874694e-01,5.601356176237642925e-01,7.967732303665195914e-01,-2.195744216788890202e-01,9.946816335303155787e-01,8.914094201769378056e-01,2.732425533289842834e-01,8.763544337314066457e-01,6.330463525205056730e-01,4.295752385199557155e-01,6.238184453656266948e-01,2.750792191780530027e-01,5.455613061965032262e-01,5.593626163744201962e-01,7.387280802054432272e-01,8.503288956249946962e-01,2.826110130692928712e-01,7.251410047010861115e-01,7.531608226809953788e-01,8.061149897727494240e-01,5.861192796203766875e-01,4.123686903809222759e-01,6.767936522796635934e-01,4.215532305391077039e-01,1.028145359490700433e-01,8.951964484274113065e-01,9.787404454196619863e-01,5.063149738195517058e-01,5.833125850939722135e-01,7.244905392249132436e-01,-4.840024529911124418e-02,3.755387280013262608e-01,3.554844485413827249e-01,7.062734567020714227e-01,4.226375480810046215e-01,6.781986596128065647e-01,5.781862524196954567e-01
9.452990633838848078e-01,3.122358554842603051e-01,7.673774243536469752e-01,8.397847168554710695e-01,4.023238311211924656e-01,6.255141910245815007e-01,7.154498284758409321e-01,2.388257772746168461e-01,7.993966801501625197e-01,8.857113592607090968e-01,4.502434847432995602e-01,2.171712436095037113e-01,6.901002373586796468e-01,4.372805837860347378e-01,7.933088509349263129e-01,0.000000000000000000e+00,8.742428815853183766e-01,8.767420895549861148e-01,6.886641716587287299e-01,9.455257882843526307e-01,2.131397709807044127e-01,9.791096888885880700e-01,4.062860131436091260e-01,9.977520623455873316e-01,7.276394620342772068e-01,4.399678879370019779e-01,8.314433538917470612e-01,9.790856865883702520e-01,5.985754095699780120e-01,6.840996580743287092e-01,5.189223155612958660e-01,3.530395841389828426e-01,9.824168568615516683e-01,7.936706719789856646e-01,7.272333334659137893e-01,5.167499944928718447e-01,2.104071126966064464e-01,8.703447661229543053e-01,7.719422405655924635e-01,2.494454974426116023e-01,2.168896382986839066e-01,8.618732909010793364e-01,4.775386868660613793e-01,8.155887423248656676e-01,9.820074049864161436e-01,7.763260634838007324e-01,4.455179433155450064e-01,5.900512160454889354e-01,7.650683943785112628e-01,2.478012694492896795e-01,7.279083245763766641e-01,7.896882839707644042e-01,7.849644517631623186e-01,1.574499054759565531e-01,7.143930795197345196e-01,8.209668731517525408e-01,1.320160801578227627e-01,9.017773397311359407e-01,6.794394357252544481e-01,2.672388014813719126e-01,2.986161639304348303e-01,7.194564513714155618e-01,7.440788920031639053e-01,9.999769630483134053e-01,9.243327876894573691e-01,5.550523522980429503e-01,6.096977935596807896e-01,8.710268154195859314e-01,4.751422450809970055e-01,7.618364096537640906e-01,8.953616479515305593e-02,7.850352924206583927e-01,7.558040325669901360e-01,7.033266150593968646e-01,5.984039225452504329e-01,7.412652132474476518e-01,9.265032053944890489e-01,3.698180658234410112e-01,6.276537202023136919e-01,4.435617779598630128e-01,4.256110243716234587e-01,6.901710308121316029e-01,8.348894431907931679e-01,9.023052350762550411e-01,6.094970579108497377e-01
5.188658686246476748e-01,5.752034433292045890e-01,9.110172643129929027e-01,5.315913185002871799e-01,8.455835759280447839e-01,8.777883139221954734e-01,9.740073929878207970e-01,9.287041858245961290e-01,9.814768261591697573e-01,9.804077770035872774e-01,9.145769046090987953e-01,7.738767844354100811e-01,2.097856086965572964e-01,5.208444755407817262e-01,6.265630449735226648e-01,8.742428815853183766e-01,0.000000000000000000e+00,4.660784328280445643e-01,9.521305244965657666e-01,8.049569969183284490e-01,8.037658469146103934e-01,8.224023358185734711e-01,4.253356047521374972e-01,7.601433972396514083e-01,7.778008819877271773e-02,4.061311231346947936e-01,4.912607136003684927e-01,9.651677115146541919e-01,2.557364898994647362e-01,-9.823179527866889027e-02,-2.510163925484893421e-01,7.815280281181844479e-01,9.840681865429893316e-01,9.173928508426789641e-01,8.507826445297969054e-01,4.547383507509869527e-01,9.065099959510339311e-02,2.864255529050353521e-01,6.439694771009506491e-01,7.143551203943653283e-01,9.538794577550093745e-01,1.170686033671991810e-01,9.466919470073869025e-01,5.157397187958426832e-01,7.834067291703208369e-01,8.932166760074982115e-01,7.372001734495874370e-01,8.794523438590735598e-01,8.594758039857050003e-01,4.007370544769636167e-01,4.038632730954135330e-01,9.551091959372649542e-01,7.151878295552868137e-01,8.688125856340933595e-01,7.541861625347153764e-01,8.347325809509335004e-01,8.980271703543015738e-01,6.806859717483521033e-01,7.684152055460631292e-01,2.070391471691256924e-01,5.486241038885190102e-01,7.180826927242093261e-01,8.092432246200816914e-01,7.064167898510989030e-01,8.863078308425577090e-01,6.999823023294280411e-01,7.640279562703253813e-01,6.023365678222490915e-01,7.704354948188339991e-01,7.192446047768670248e-01,6.127608084642870434e-01,6.932259537614243738e-01,6.129928566454220240e-01,6.662463313481206129e-01,7.490592456949094480e-01,9.816598663923454815e-01,7.974160550508081063e-03,5.155013888532747890e-01,1.862551500742242183e-01,4.774144685629863605e-01,6.362572052065231798e-01,8.426262893243173790e-01,4.650465078119013773e-01,6.328851590854062126e-01,9.158647371600977527e-01
9.409188298881054902e-01,2.734283448827810603e-01,9.470642334643407656e-01,4.378574509870843956e-01,8.748098883553561134e-01,7.334145490085882679e-01,-1.237211209206877660e-01,3.379809301057904447e-01,3.647009878855727583e-01,7.204910998475464456e-01,2.016177048181793663e-01,8.278055999343469917e-01,7.726479899952597430e-01,8.269238011311660363e-01,8.396346892264028305e-01,8.767420895549861148e-01,4.660784328280445643e-01,0.000000000000000000e+00,4.979202588537467999e-01,9.199614478721400701e-01,9.807756677832450976e-01,9.529832708181955603e-01,9.917405212281606985e-01,9.855093698287519244e-01,5.823012560671425586e-01,5.694263445454195161e-01,8.344699172844713964e-01,9.820313942542419072e-01,2.169574507724316148e-01,2.197572225909094068e-01,4.791375812683832391e-01,3.816265731662297211e-01,7.957967249369517493e-01,4.562760684930634025e-01,7.030466545906534082e-01,7.224593990304295499e-01,3.448397397162303313e-01,3.504802749185210731e-01,7.343776553259657724e-01,8.310963158310034071e-01,8.283191307964954397e-01,3.330663616407992800e-01,8.391802703293203824e-02,5.231330278156689495e-01,7.179859163721810100e-01,5.416957051321990013e-01,9.121449521146801631e-01,7.738050845544124368e-01,6.297650275688732036e-01,9.678083568950309745e-01,7.437696312011577993e-01,6.545392916764321001e-01,9.427384375254457272e-01,7.522315860977211166e-01,5.135934787056382067e-01,2.894543304470409417e-01,9.443501592550731516e-01,7.155066223698844929e-01,4.630884029227353427e-01,3.777399382311227294e-01,7.908890610858757553e-01,9.077308897418419065e-01,5.877486658777957285e-01,5.047268992781921426e-01,9.411962594862949283e-01,6.898414411051925210e-01,8.785283292672420030e-01,1.270594881776255791e-01,5.677979644136218473e-01,6.054422285990496144e-01,4.718070545848893627e-01,5.435725746005498626e-01,4.511432540268935365e-01,4.522180206941795073e-03,4.527163936633813585e-02,4.190898500109798697e-01,6.546175138677298166e-01,8.205534515504319115e-01,7.470978143801888516e-01,4.040426677913766529e-01,1.159273955406510230e-02,2.843162017396875796e-01,7.202372970237991279e-01,2.038634124624049693e-01,4.015079335940235361e-01
