0.000000000000000000e+00,9.063150684018669301e-01,6.006568435226689040e-01,6.898542949360970677e-01,8.468052540528547834e-01,8.553263964176167633e-01,8.646618760559670047e-01,5.437841377504473162e-01,6.389978121411854506e-01,5.172306149311457490e-01,9.703168227520848621e-01,3.905951461403379676e-01,9.601409522379135142e-01,8.385237929265556556e-01,9.418071472725056958e-01,4.354577691102185510e-01,9.967979959263243428e-01,8.214724779519990694e-01,6.268146790174210503e-01,6.358263885337284149e-01,8.814333782067355072e-01,7.636359050065322229e-01,8.818143388054245912e-01,6.234936589630307724e-01,5.945473922133068800e-01,8.055236049890840411e-01,8.031698565840678095e-01,7.154329215781825013e-01,5.405720848341191154e-01,4.437399168789684656e-01,5.143970448620944769e-01,8.185906787101608906e-01,5.381071373433894411e-01,8.215647454583298037e-01,6.133596351753154430e-01,4.317770743476361250e-01,9.326599654438290365e-02,9.366466424801667134e-01,9.287756557621364983e-01,8.163200613235082059e-01,7.433359911665400332e-01,6.373244105571017615e-01,8.053740407065703710e-01,8.352475085401679378e-01,9.882301617776285685e-01,7.592395315196864836e-01,8.354778118378078933e-01,9.719909251055074417e-01,8.299994052026676838e-01,7.169172067071440946e-01,7.767002152028955608e-01,6.965121489506936880e-01,6.816989365298726788e-01,9.276733968282160347e-01,6.873669687034582587e-01,8.071579594403280877e-01,8.726076189707625552e-01,9.598296689780408952e-01,7.326023016916173303e-01,7.160072693828274382e-01,4.231031417734648081e-01,9.215079884998614856e-01,3.198585661040651007e-01,9.011768873739969266e-01,6.825901173646544695e-01,6.137658039575731861e-01,5.513637582548557292e-01,7.804601634364158880e-01,7.796334133774092123e-01,6.949603711573124620e-01,9.227012047761884439e-01,6.715916360213681768e-01,7.751719216535511991e-01,2.352662864225223416e-01,4.193908464916808465e-01,7.708824976600714418e-01,8.045490739447580530e-01,6.395235386835611546e-01,2.470457358212473920e-01,7.076680793420490057e-01,9.059057810600509297e-01,6.830208151088689172e-01,9.198760405093586723e-01,7.702524027554111807e-01,9.018000813969434537e-01
9.063150684018669301e-01,0.000000000000000000e+00,7.044427577934775364e-01,6.106873796138150290e-01,9.686534773596933157e-01,9.928179540075702247e-01,7.929187065900271669e-01,7.720364005531474838e-01,2.130439507371164054e-01,7.888482589892192864e-01,4.268857257858895693e-01,6.223334159439263269e-01,7.430300901763098320e-01,7.854954520988436384e-01,6.953291244690903428e-01,9.511864277282184865e-01,6.924908519631500781e-01,7.204000086558215443e-01,5.994825722238432686e-01,6.312205337826921614e-01,8.529732094215146665e-01,2.606927340021354955e-01,6.890168219693756368e-01,7.087760713103175014e-01,2.221189972337379304e-01,3.766532415604667006e-01,9.904190382524415970e-01,7.016388392417298725e-01,6.722547718460263333e-01,4.603974299716250829e-01,2.133247110179958550e-01,9.252696622919411862e-01,7.418883926718649047e-01,8.026822025223877555e-01,5.942202283662700868e-01,5.968226198568693519e-01,3.214860596824922062e-02,2.634265621980911853e-01,7.503906202411205761e-01,9.230367640756305114e-01,6.614412421230175809e-01,5.049942467755443865e-01,8.302301411885839588e-01,6.384429861933472727e-01,8.121284522351495117e-01,8.692366918443148460e-01,8.375026963365480581e-01,5.456704817630548821e-01,9.885024015741969983e-01,7.037599316357889823e-01,4.856044332183347412e-01,9.076793889764253054e-01,6.483124711326794243e-01,8.669920594813887993e-01,7.304676953840255615e-01,9.889040696663948804e-01,7.705780944396490861e-01,8.286928260932622248e-01,7.242217973484200710e-01,3.440664619808944669e-01,2.722896622638196207e-01,8.408820030695783876e-01,4.077463872129521993e-01,8.540684792199122466e-01,9.792902126274469765e-01,8.397477215284190333e-01,7.552511524541427601e-01,5.486939387174730731e-01,7.641496289884428528e-01,7.151088633596461852e-01,9.015623152908974758e-01,8.432720926785859383e-01,-8.116469855057045768e-02,8.826089342004810323e-01,7.746065265267272348e-01,2.129217249575186544e-01,9.276223750730052675e-01,7.676334240955282606e-01,7.286723326687016833e-01,3.680886680675752864e-01,5.157779357250124042e-01,5.376954087470283694e-01,8.336160138404182796e-01,1.469763692672546584e-01,6.005760499575855116e-01
6.006568435226689040e-01,7.044427577934775364e-01,0.000000000000000000e+00,6.898599076336073832e-01,6.997552185243601786e-01,7.295648786354980153e-01,6.135899802953235227e-01,9.362804319345843229e-01,9.332201309877375950e-01,9.149210749587297631e-01,9.061095082230108400e-01,7.351508473633774354e-01,8.128274962296602180e-01,4.940226183045911545e-01,8.892510158197842740e-01,9.243502567435697426e-01,8.675661055239473063e-01,8.760282353167313518e-01,9.117053989154144666e-01,2.301766312958305749e-01,4.031422460509032080e-01,9.021336286521247638e-01,8.673476241590548641e-01,8.559393433585069655e-01,8.862597062727817221e-01,6.177573985441233706e-01,8.579121707231425198e-01,3.676306381800761303e-01,3.580965307630108452e-01,5.246492492692117482e-01,5.889872129597931716e-01,3.101379916123663261e-01,8.286878574094955763e-01,9.214317426622014029e-01,8.281765375154430675e-01,7.461802321143848893e-01,2.850564982733914121e-01,7.149020057310965237e-01,4.186328058584339318e-01,9.093496297091453462e-01,4.891968693444200822e-01,6.808788950978046373e-01,8.730963752015898915e-01,4.563640214681902729e-01,7.846321267528839627e-01,8.248059053649269279e-01,3.115839760890976029e-01,5.008410943995889042e-01,5.436206840062940415e-01,9.979562388652769567e-01,4.019893768909847398e-01,7.077342823480560208e-01,5.827709772129550103e-01,8.830883180286934753e-01,4.045995068760239177e-01,7.702063836855621570e-01,5.935182000521215251e-01,8.751369194983356081e-01,9.692575239801630715e-01,5.357935945602843031e-01,3.278457796695722903e-01,8.200931223267899917e-01,8.632164108842732553e-01,6.942547097390278088e-01,8.531317327335609102e-01,7.444622944324765790e-01,8.322099460935435955e-01,8.498778191940069560e-01,7.159221209140540498e-01,7.214809902452289370e-01,4.056935647008117624e-02,8.559856633479683286e-01,5.112487061506030273e-01,7.316090040487516211e-01,9.935456193076126485e-01,9.507142452149597300e-01,6.072951417076281055e-01,7.680773934300455519e-01,9.539727645027119562e-01,4.534457652454401688e-01,9.015440154146012741e-01,5.442811051639172559e-01,9.136495331153942079e-01,5.131062922676953297e-01,8.763459397863193612e-01
6.898542949360970677e-01,6.106873796138150290e-01,6.898599076336073832e-01,0.000000000000000000e+00,7.024709830099870045e-01,8.767813276270916001e-01,9.115595160927100205e-01,5.614902429321303456e-01,6.411995541026666023e-01,9.581141131324411031e-01,7.308499767616656317e-01,8.574056310788756852e-01,8.390496211640067203e-01,5.641828932794926699e-01,8.514584723396320110e-01,8.352274485862196673e-01,2.395291266490621185e-01,6.479167128197349523e-01,9.021266373341341183e-01,8.563039660568736444e-01,4.578649169847819334e-01,7.085725081816188764e-01,9.773134789664701394e-01,6.322080203474588211e-01,5.368058208430410705e-01,6.370414272325568561e-01,4.559478557371520191e-01,5.419830740453208673e-01,2.471069186868146972e-01,4.852738666695264325e-01,4.152051641318945663e-01,4.076441105187268432e-01,7.253619092037377758e-01,8.478280088297464046e-01,9.147236337376168924e-01,-1.429519639427910271e-01,7.624329449629093647e-01,4.741420572702534919e-01,7.527675274210229306e-01,7.518114349719191569e-01,8.923329561937695109e-01,9.969742853119747394e-01,4.379305425694047238e-01,6.859864867582277093e-01,8.445493876954187629e-01,5.407308973473415881e-01,7.394409486378216156e-01,9.138502362717768612e-01,7.056748704871422806e-01,9.128808836733468546e-01,8.595349239611409509e-01,9.952392071871904999e-01,8.204871299674636465e-01,5.997201051382470283e-01,5.516804283540409637e-01,6.432420681481196834e-01,5.575230112721309972e-01,7.552751963635802035e-01,6.048618609717647532e-01,5.336576022757888449e-01,6.114753247064518282e-01,5.254437589599622038e-01,8.607206064753388786e-01,3.853431711214622135e-01,9.897374897288940820e-01,7.894516562434967799e-01,9.020858951911546741e-01,6.551689642669792368e-01,7.835486401452557148e-01,6.910476573185131421e-01,9.465306152838732778e-01,9.654862084519842957e-01,7.579003371524147825e-01,2.068400385017669096e-01,5.174564555487419781e-01,3.927658709800920800e-01,6.791793339240517202e-01,6.167263516391766620e-01,3.593206900733408315e-01,5.654770361750423024e-01,9.316295582699465894e-02,6.798214040541218361e-01,9.392980506955658226e-01,1.777246426934398112e-03,5.727069904233139663e-01
8.468052540528547834e-01,9.686534773596933157e-01,6.997552185243601786e-01,7.024709830099870045e-01,0.000000000000000000e+00,8.724409833537198899e-01,6.751859779129583128e-01,6.278357289821082654e-01,2.959245615693528175e-01,8.252625965722382162e-01,4.078304681737480175e-01,6.122626449150068151e-01,4.022034298901557281e-01,9.671183726254710677e-01,4.373504836402316576e-01,6.830833735633088377e-01,5.558971825704517311e-01,2.090630544118445011e-01,3.807605743281728405e-01,9.325377819159922366e-01,4.805924856326634353e-01,7.277665363233871698e-01,6.110068093158933511e-01,9.739018322971351171e-01,7.195613680840134974e-01,5.495657904879457378e-01,4.539567486611654767e-01,8.996862720018138360e-01,2.140867961443981560e-01,4.918055866786726904e-01,2.174833963522487257e-01,7.419641699661929657e-01,6.173798581910798777e-01,8.036936794097263581e-01,4.490472813399304930e-01,7.825376552520824092e-01,2.385693659965209823e-01,9.497439113123957721e-01,8.596806947933917087e-01,9.628478823863351188e-01,5.863543145343035334e-01,9.046419255678547211e-01,7.717426822849887680e-01,8.995952226783852090e-01,4.313633710761416440e-01,5.209530278478184950e-01,9.495007311689174223e-01,7.749275621476240383e-01,3.759328110302940784e-01,8.617327059802932787e-01,6.300427297700164631e-02,6.212311599023974118e-01,9.288720522103997013e-01,3.894848625203209957e-01,8.379380443335695539e-01,6.551250075624899250e-01,6.099604414177657308e-01,6.446968765166911641e-01,7.029301718986936676e-01,9.478077061399508008e-01,4.032634331566108954e-01,7.602399803331298944e-01,6.226810450629556293e-01,6.086044659597258377e-01,8.422881001004042245e-01,7.700376242561566276e-01,9.636277174664459322e-01,9.179940491590072860e-01,7.936960907399701615e-01,6.541323586410825452e-01,7.371977546971458795e-01,2.591592839163109341e-01,5.698724079113224317e-01,4.745815630841369592e-01,4.363723542635516983e-01,7.075049867865774722e-01,4.670531867109859459e-01,9.086074833422221886e-01,3.599403651961948780e-01,2.489355428151497074e-01,3.401792916966610986e-02,4.850609003358143378e-01,8.627992539149484941e-01,4.976834708083800463e-01,7.007449313704900984e-01
8.553263964176167633e-01,9.928179540075702247e-01,7.295648786354980153e-01,8.767813276270916001e-01,8.724409833537198899e-01,0.000000000000000000e+00,6.155831566748886097e-01,4.963271072003564433e-01,4.908435675345987903e-01,7.306674620825895916e-01,6.784885459017708786e-01,7.956797802939750142e-01,6.400790881161533274e-01,7.323739081422526720e-01,5.796676739712268711e-01,6.830910691948367530e-01,8.332751290062768712e-01,7.730851822634484671e-01,6.641371819041951285e-01,6.951696187284859274e-01,9.880484392502668634e-01,7.292889871300372029e-01,9.623773934633912397e-01,7.689000060384699742e-01,1.858240903553897427e-01,4.373525707345595204e-01,5.906695318173180720e-01,7.480953104991145963e-01,5.229736974687353435e-01,6.398867289611609444e-01,4.338209885725646253e-01,4.460257432791742693e-01,6.728456459199325668e-01,6.681524239387218733e-01,6.804521657199473772e-01,6.512021666557844535e-01,4.895563482081620177e-01,9.428218272057478089e-01,9.256994266172460240e-01,6.558974843952261047e-01,-1.343675158975445871e-01,7.717761771273795590e-01,8.086850052777276865e-01,8.799612644964007746e-01,5.567869282912315532e-01,4.432126586259073631e-01,2.520427621300621035e-01,8.643142298799524337e-01,6.556979688804844830e-01,5.094648478190569874e-01,4.882444266707314795e-01,6.015038076659113830e-01,9.149136442074137787e-02,6.106368005304918523e-01,8.026316523576363382e-01,7.333277759885948877e-01,5.789469875280621736e-01,8.600076559916877139e-01,8.141681397080917648e-01,1.245497432097390639e-01,4.900508011051789015e-01,5.677943624224649488e-01,8.894330989829768441e-01,6.421603943452548480e-01,9.515295360446491824e-01,5.853112537425303463e-01,4.296501966762077962e-01,4.191419331317750019e-01,9.268064017669597199e-01,6.250388903575861965e-01,7.560645569520259013e-01,3.876425960510073154e-01,4.041630471551588832e-01,2.244528140999212940e-01,3.210353250083092802e-01,8.018403191619488668e-01,9.639694333802848458e-01,7.230005553065335100e-01,3.871467802932699875e-01,2.049702709778263299e-01,6.162307384723942905e-01,8.660145321046365252e-01,7.373878444655057596e-01,1.826603454296706897e-01,6.125313568292314326e-01
8.646618760559670047e-01,7.929187065900271669e-01,6.135899802953235227e-01,9.115595160927100205e-01,6.751859779129583128e-01,6.155831566748886097e-01,0.000000000000000000e+00,6.482198656398665548e-01,7.231397060808646415e-01,9.453633317837080163e-01,9.171695515253901476e-01,8.209960117323417128e-01,8.885787534618151406e-01,6.859862387712380993e-01,6.506014958757945221e-01,6.870419399621249257e-01,6.073315667176835131e-01,4.806497805370720244e-01,7.759767277710690747e-01,5.978219563120009683e-01,9.950990160788316663e-01,3.901297474550845523e-01,6.744588727584562848e-01,9.024192205546374135e-01,4.056759466326098074e-01,6.918407526889900350e-01,2.840173113628192691e-01,6.995746947513354907e-01,1.615742630875308949e-01,5.975502172609409302e-01,5.099411391797992188e-01,7.939098599654148547e-01,5.806790500371028507e-01,5.607487090129290586e-01,5.162003564118183840e-01,3.980951048999856745e-01,1.297687162769581570e-01,7.233119154536894468e-01,9.837458046151796864e-01,3.495142895717272546e-01,9.455502939252329320e-01,4.093708983707561311e-01,4.886412021262012684e-01,3.273336037253523623e-01,7.862970696851145913e-01,6.605178555344711766e-01,6.277571715420683374e-01,2.502655968335685266e-01,6.166221711070479783e-01,3.239585877921424828e-01,4.013729931721673472e-01,5.412144552416890964e-01,6.100252020244170126e-01,7.054721036109479204e-01,5.170774675650486873e-01,1.539349642780418921e-03,6.680102909625653673e-01,7.790741974320281038e-01,9.767189941048391999e-01,7.044489574382925001e-01,2.025801307318015332e-01,6.709449570019158093e-01,7.695143166226684484e-01,8.028965466840047860e-01,9.605557987353733340e-01,7.522917827876962615e-01,2.875620985916970684e-01,6.931952103700685930e-01,6.716628270623469232e-01,6.838519766245635401e-01,4.303059915843767680e-01,4.725560690350128490e-01,3.987495752972853857e-01,7.989832457197842963e-01,1.462445676736049138e-01,7.553339572773053179e-02,3.811267650600249635e-01,7.750610565604635349e-01,6.941389999159771618e-01,5.286965861733890215e-02,4.267302450534579683e-01,8.822890931623091904e-01,7.591077575601391514e-01,5.777788140400939021e-01,6.644162178021086884e-01
5.437841377504473162e-01,7.720364005531474838e-01,9.362804319345843229e-01,5.614902429321303456e-01,6.278357289821082654e-01,4.963271072003564433e-01,6.482198656398665548e-01,0.000000000000000000e+00,7.112617706083836921e-01,7.499877759101764019e-01,7.527325681541563451e-01,5.267492937673622366e-01,5.000362479177796748e-01,5.143874400462655760e-01,5.111529416728488595e-01,6.576074894047684305e-01,8.218769465018002096e-01,4.245824043192751307e-01,5.033338089397411119e-01,3.654538882253168808e-01,4.155117686849207348e-01,5.886303760730828838e-01,5.766632747842225237e-01,7.809326680800232623e-01,3.296852444670343996e-01,6.259433799797955444e-01,8.836467895751790591e-01,4.629088232179696671e-01,8.121925551272977106e-01,2.799190566757172594e-01,5.228948346341175668e-01,2.534152994415344029e-01,6.518553624810251579e-01,5.775372377690648484e-01,6.767906000440717662e-01,3.623236771702011971e-01,2.417509614980652977e-01,7.592406526118180565e-01,8.346931357519227213e-01,3.199389134643109145e-01,4.357885938025522488e-01,7.899137927007717774e-01,4.507814313153795660e-01,7.860168811690761981e-01,8.555553830063724607e-01,9.943405981374546787e-01,8.710101621130729166e-01,7.953303616574114443e-01,7.862960069296446308e-01,5.669281267533204938e-01,5.969364048051089000e-01,5.615867671384369153e-01,9.353768744096812027e-01,4.641029767469903033e-01,7.896463634220249883e-01,7.916680426855223773e-01,5.970028794978843312e-01,9.112207841567756539e-01,5.762330532294483998e-01,2.433315807290677146e-01,5.247981542412447631e-01,5.910334732020197102e-01,6.172311064220622479e-01,8.720597331809918362e-01,8.569762686682765862e-01,8.577088438353874800e-01,2.169032364954538161e-01,6.451192051561868146e-01,6.545367919063788120e-01,5.284136374240132605e-01,1.928795929354718275e-01,6.183842747843707466e-01,2.999307909256783145e-01,3.570646204236427312e-01,7.297127140795088840e-01,3.009761176064126298e-01,7.903649279462734434e-01,1.010342270603704073e-01,5.144983543792109870e-01,8.190993311172192759e-02,8.971841781689847695e-01,6.645092433897674677e-01,8.253017788439944713e-01,7.221773700946890195e-02,6.733474221944274474e-01
6.389978121411854506e-01,2.130439507371164054e-01,9.332201309877375950e-01,6.411995541026666023e-01,2.959245615693528175e-01,4.908435675345987903e-01,7.231397060808646415e-01,7.112617706083836921e-01,0.000000000000000000e+00,8.068899981878940864e-01,5.337191799921281454e-01,7.180738350819660942e-01,6.908684378410252513e-01,7.624634129979364072e-01,5.089136251991185356e-01,8.951640064929662355e-01,7.550240099650538106e-01,7.901571355937319074e-01,9.329313937950828306e-01,8.500192236299524140e-01,9.340901670781348587e-01,7.303928875187037928e-01,6.946328196410784805e-01,9.695050249060742642e-01,3.135844905440636765e-01,8.269763369409938170e-01,6.326095647411092981e-01,5.405291343532464543e-01,4.355459020794675284e-01,5.549373002079609485e-01,2.414597937321602550e-01,8.657608580428914902e-01,4.288831171701156242e-01,9.118321994859258650e-01,8.357646219277745647e-01,4.757845361382400107e-01,3.313314335784534048e-01,6.926202306520252705e-01,9.680329603444356446e-01,7.380396134744141579e-01,8.835015345702192935e-01,4.325328246221207817e-01,5.539928616075289192e-01,7.775812380701880855e-01,8.246610082291786492e-01,9.240728004782304827e-01,4.308628316567374439e-01,6.086501897362992519e-01,7.726930250543430079e-01,5.585350456924250695e-01,9.798464795310916076e-01,3.245107677339589269e-01,9.068609495172161861e-01,6.874912294625383780e-01,8.588367433090688952e-01,9.051925591557595796e-01,7.590682889232783781e-01,7.226777555692386334e-01,8.553232465695366216e-01,7.602236794102299466e-01,3.598541486202695427e-01,5.280272791608614513e-01,5.632265509718041852e-01,6.148691606037217650e-01,7.680561580407034850e-01,9.970077174754261584e-01,6.938951573024736419e-01,8.619605511352020910e-01,5.288714054869483316e-01,2.440734286995245028e-01,3.967972908976576396e-01,6.248224012762311208e-01,5.196722843044153661e-01,3.912431277833482990e-01,4.134352951560456013e-01,2.013497914339355821e-01,7.257715578036272319e-01,6.968685770582145889e-01,4.755056607747527586e-01,1.738700456917145754e-01,3.510734856618950017e-01,9.877301130876715574e-01,4.415722693333532511e-01,5.703009586625309435e-01,7.258547863058729677e-01
5.172306149311457490e-01,7.888482589892192864e-01,9.149210749587297631e-01,9.581141131324411031e-01,8.252625965722382162e-01,7.306674620825895916e-01,9.453633317837080163e-01,7.499877759101764019e-01,8.068899981878940864e-01,0.000000000000000000e+00,9.737070406691628044e-01,8.605522305346748890e-01,1.674459221609985241e-02,7.099545529139135169e-01,7.254548579204909142e-01,4.176617623398602430e-01,8.393316204224454680e-01,8.862618466165655962e-01,4.177616711950717932e-01,8.018423113826823601e-01,7.526415401604611422e-01,7.111298241778167828e-01,3.059789175366878777e-01,7.838680705937823845e-01,8.637975052394119002e-01,3.396948809767438293e-01,6.632784666931013096e-01,7.319807185100672964e-01,2.984854090782382285e-01,5.156687427683311897e-01,4.354569323499687949e-01,5.895962197618167533e-01,9.472450477681809700e-01,6.998832423626106802e-01,6.597079974395068103e-01,5.648228906196651744e-01,5.564833157253260554e-01,9.979550565705304077e-01,6.869781472142932888e-01,8.361459185605408795e-01,7.136219711558886569e-01,8.947531262741544866e-01,8.421915458642167396e-01,6.354296399158949615e-01,4.371409043910649550e-01,6.957109449779388388e-01,7.689502710532588603e-01,7.331318453747239783e-01,5.826284707688468290e-01,6.714944363665351634e-01,4.959799528761663079e-01,5.971883251143438320e-01,6.832032103864914552e-01,9.209524754225251186e-01,6.012754547882157574e-01,9.642125843642388450e-01,7.209591572079332433e-01,7.762572690515538998e-01,6.108558035995900193e-01,5.169415416567435528e-01,6.942438765328527994e-01,7.011105792145861937e-01,5.137407606693963347e-01,4.221625250898785042e-01,9.625832281627232367e-01,9.772301952898292399e-01,9.469308418381948700e-01,6.370285718137222997e-01,4.927268782387220214e-01,9.398345313939975298e-01,6.639441739889464511e-01,6.462052749614409508e-02,2.802135978661461357e-01,6.428559729162639513e-01,6.403999403255588030e-01,7.799873229641269834e-01,5.639106574427434904e-01,6.507785680062809774e-01,6.326917599622616795e-01,6.506266966475290348e-01,4.021102864513591557e-01,8.012979795848930165e-01,4.611490885478888857e-01,5.780810537460477905e-01,7.591435084174810166e-01
9.703168227520848621e-01,4.268857257858895693e-01,9.061095082230108400e-01,7.308499767616656317e-01,4.078304681737480175e-01,6.784885459017708786e-01,9.171695515253901476e-01,7.527325681541563451e-01,5.337191799921281454e-01,9.737070406691628044e-01,0.000000000000000000e+00,2.138703598072444201e-01,4.119619387178160563e-01,8.418399708704099593e-01,5.484361237713089032e-01,9.246372532877368267e-01,9.717992777640228619e-01,4.033554747887767578e-01,4.986304823135397912e-01,6.609844686160943894e-01,9.701704786917766388e-01,8.035454580908764077e-01,8.415372433290035925e-01,9.981079318703447445e-01,3.872652055784023828e-01,9.802180688282700061e-01,9.189918724592411881e-01,7.818323953858957731e-01,5.990260707890963099e-01,5.921327107189102712e-01,3.317872169078857625e-01,2.733610616634796209e-01,6.927351082309523012e-01,7.167540339060092247e-01,3.890858558061173200e-01,1.904525263766828624e-01,6.355007580197055139e-01,7.548937068025861619e-01,9.329851868404887005e-01,5.914472486315666133e-01,2.686064848883504275e-01,4.063173559930577938e-01,8.332728814440794052e-01,8.775482649447501338e-01,8.967033869776167565e-01,9.294619671887385248e-01,7.359121533880501609e-01,5.250695187221479099e-01,5.200512435496638247e-02,7.836849075263652153e-01,4.622090686812958538e-01,2.680806650347283271e-01,7.822490079734000235e-01,8.823703840866411463e-01,6.991962284482836631e-01,6.904460658223323666e-01,3.033986109868744285e-01,7.031961192026453533e-01,8.352107194749593955e-01,2.410923130814638382e-01,3.526140404412823059e-01,4.978081373687278099e-01,7.568681325624095901e-01,9.102810869864303989e-01,9.716161471859592336e-01,6.570089751982635118e-01,6.250294310183535096e-01,9.276733702673884974e-01,7.581776458636341198e-01,8.794411200765744896e-01,9.002387014528505649e-01,5.020929190916395557e-01,5.421879462327645616e-01,7.732668440317411740e-01,3.936083474785154745e-01,6.526234057966250335e-01,9.268006839723560430e-01,5.339503147453840137e-01,4.004415714846226715e-01,3.860837107183171524e-01,2.647251582011195259e-01,8.533772157067440745e-01,8.152481726335100154e-01,7.007655417054793334e-01,7.114013967796196658e-01
3.905951461403379676e-01,6.223334159439263269e-01,7.351508473633774354e-01,8.574056310788756852e-01,6.122626449150068151e-01,7.956797802939750142e-01,8.209960117323417128e-01,5.267492937673622366e-01,7.180738350819660942e-01,8.605522305346748890e-01,2.138703598072444201e-01,0.000000000000000000e+00,6.386919356998645991e-01,9.522837574038376385e-01,4.705090115972181408e-01,9.250973633962831233e-01,9.982387359900325441e-01,9.460332753405018558e-01,5.930295717473699213e-01,7.428711482478186356e-01,9.340514078841346546e-01,1.530430515235148559e-01,7.899346809274034875e-01,8.427147813598954151e-01,6.165097126803835703e-01,8.377558175779429295e-01,9.884954326125683366e-01,6.362895466136867517e-01,7.524143535525400495e-01,6.458844134016736849e-01,2.048268445148571371e-01,8.257018402410556401e-01,9.378823694466013050e-01,9.443184317150309370e-01,8.157652507602385361e-01,6.525781248517955602e-01,6.911834888290404599e-01,4.997605071602199689e-01,2.109349987612346156e-01,6.771901786986240790e-01,4.631195055008537342e-01,6.578260974666551020e-01,8.072582469319925513e-01,6.914967265712568256e-01,6.299060340413765724e-01,5.581045742567936063e-01,7.701119675641903140e-01,8.639631806378994527e-01,2.048225046479661970e-01,4.952801139383871121e-01,4.480280638921504965e-01,7.256650686289770613e-01,8.240885245721636387e-01,6.280065793346877312e-01,9.744527666558383538e-01,5.479753295362763676e-01,7.279352677808903493e-01,3.493785427516621911e-01,3.996078912451191956e-01,7.543907332647280528e-01,5.116400517697929917e-01,1.026232118260879123e-01,4.646386117327878096e-01,9.189044432818878061e-01,7.679253356106729989e-01,7.313873229917313701e-01,8.766170685835799059e-01,8.008550461909300644e-01,4.938360710259891984e-01,5.586657131137582333e-01,7.011200401081885136e-01,6.589390506522774249e-01,5.879132470591494908e-01,5.064694397299206452e-01,6.840701765764759523e-01,6.850116437250407531e-01,8.119870316827186851e-01,2.535190953351083576e-01,5.948311364374104793e-01,5.288409667041759077e-01,5.323497065425812913e-01,9.681609972440369249e-01,7.135605989765027024e-01,7.978769646623692369e-01,6.953664180310891174e-01
9.601409522379135142e-01,7.430300901763098320e-01,8.128274962296602180e-01,8.390496211640067203e-01,4.022034298901557281e-01,6.400790881161533274e-01,8.885787534618151406e-01,5.000362479177796748e-01,6.908684378410252513e-01,1.674459221609985241e-02,4.119619387178160563e-01,6.386919356998645991e-01,0.000000000000000000e+00,6.877945888073023761e-01,9.961151439335951263e-01,7.386649545522251392e-01,9.299800542226326350e-01,5.858108199426734775e-01,7.350420659418954727e-01,9.375868940213116787e-01,5.734782669340886541e-01,7.373587192797469436e-01,9.538270562321931045e-01,6.213965244224839424e-01,6.701919760427403894e-01,5.011845558122101085e-01,4.265683039603919147e-01,6.162375404690598746e-01,7.538747839603143763e-01,5.074244067234509048e-01,2.386776857331898705e-01,3.496427269992722353e-01,6.675847238962184793e-01,2.907025199313351682e-01,5.005773474713519633e-01,8.447975402460711214e-02,5.219182040201088002e-01,7.052151791249341439e-01,1.877726221022370523e-01,8.891601076047896957e-01,4.461501742522829272e-01,4.623333506800393344e-01,7.995508780933365811e-01,6.203430928708655312e-01,9.558179214713551364e-01,7.808463310523614531e-01,9.065777424044592081e-01,4.457914803528884584e-01,8.089154595987809726e-01,5.208966418781602048e-01,9.632212242755537890e-01,8.833798707697485542e-01,7.849488675927798198e-01,8.932929250368462082e-01,8.243031347730335190e-01,8.764760254872980827e-01,6.180194264260534531e-01,5.879725503821707777e-01,6.450557450873968257e-01,5.087898948107640873e-01,7.330757737963549125e-01,8.678194084886982074e-01,7.756202081881240495e-01,-2.857918217550115547e-01,4.138721509973994350e-01,7.830976835251399759e-01,9.890432135811945136e-01,4.554012356182214893e-01,2.375281549691962701e-01,7.871044540487343033e-01,6.257353481163565601e-01,6.110348513622280153e-01,5.656741940739398178e-01,7.888886993521391222e-01,5.316804817895572910e-01,8.454774762825200130e-01,7.950178976334172365e-01,6.762706087882736083e-01,2.706341331598965949e-01,3.041099330862273575e-01,5.756321821020587981e-01,9.722679129062459236e-01,2.192437656208262586e-01,-1.529475954465110421e-01,9.335525289522490500e-01
8.385237929265556556e-01,7.854954520988436384e-01,4.940226183045911545e-01,5.641828932794926699e-01,9.671183726254710677e-01,7.323739081422526720e-01,6.859862387712380993e-01,5.143874400462655760e-01,7.624634129979364072e-01,7.099545529139135169e-01,8.418399708704099593e-01,9.522837574038376385e-01,6.877945888073023761e-01,0.000000000000000000e+00,3.699457678502198199e-01,4.048475179914011735e-01,8.802962790733341869e-01,7.005962823407386741e-01,7.325900609106271721e-01,4.068522864683526974e-01,8.040135183853691636e-01,6.897434397783889226e-01,7.618047059373898033e-01,9.728323451358034113e-01,7.157729869362879915e-01,4.271812191840704820e-01,9.271926471047851059e-01,6.047323038111503957e-01,5.635045782651311175e-01,3.167212004872836939e-01,3.028120119107599040e-01,2.262332192756331406e-01,7.688288130345618532e-01,5.916958483049554740e-01,7.388587878538885878e-01,4.737278881772486461e-01,2.682468760429667642e-01,9.971409924237381039e-01,8.357724171633815757e-01,8.425373641838269645e-01,3.438693779558040231e-01,6.100016468916769075e-01,7.563369231681784655e-01,4.988184170721632338e-01,6.289967627252726068e-01,8.414319321302350385e-01,9.581905572088386114e-01,6.043405898561724637e-02,6.540477005349505379e-01,6.544388648293344435e-01,8.839376133892078435e-01,9.144002786308482733e-01,7.687567575764885364e-01,8.653750333165115549e-01,1.314104367484996427e-01,9.879763602656339572e-01,6.089089342929904225e-01,9.497211444460511576e-01,8.722279347902117674e-01,4.424179517260324879e-01,4.495958907274392735e-01,6.876842935224292130e-01,6.060324091824250692e-01,6.466661779686295741e-01,9.826460666158616242e-01,8.185654047301816894e-01,9.281886376479899781e-01,4.839243697178135517e-01,2.981976957990189470e-01,5.460756292296052861e-01,4.514241974700695659e-01,7.026693724405751462e-01,4.524902564107216585e-01,4.911086517328349110e-01,1.633571390695202075e-01,2.702437167145041452e-01,7.659163331668698005e-01,5.520951407861948157e-01,7.077306310088941066e-01,5.576115604721444408e-01,6.102056135969925466e-01,8.131052149231107196e-01,9.640894224226668197e-01,3.725188114142614637e-01,4.713746242399275976e-01
9.418071472725056958e-01,6.953291244690903428e-01,8.892510158197842740e-01,8.514584723396320110e-01,4.373504836402316576e-01,5.796676739712268711e-01,6.506014958757945221e-01,5.111529416728488595e-01,5.089136251991185356e-01,7.254548579204909142e-01,5.484361237713089032e-01,4.705090115972181408e-01,9.961151439335951263e-01,3.699457678502198199e-01,0.000000000000000000e+00,6.283822042789877216e-01,7.718968011488462899e-01,6.404066888348299846e-01,9.753034932793873679e-01,7.164631436593316138e-01,5.353096987294583275e-01,7.203275428718856066e-01,7.712128344132646030e-01,8.371539689826528186e-01,4.286409646041209331e-01,9.264456689061271177e-01,8.303131667740578647e-01,7.147243379768070115e-01,5.521779285066823473e-01,5.677415220500747761e-01,3.126610340459522464e-01,6.037393053967438084e-01,4.683402218140843010e-01,4.254280008830397808e-01,2.576107040196943809e-01,4.955183514792956267e-01,6.142137300382484177e-01,3.320577130626068407e-01,8.748953347111525503e-01,4.637607703887219879e-01,5.971800836598347706e-01,5.008630055739757836e-01,5.158097568564604662e-01,6.322614597472169251e-01,9.058311556613667381e-01,7.297216476735257640e-01,4.813474705738607917e-01,1.456364031405763260e-01,9.077081657410828175e-01,5.024986488414378005e-01,9.712928589606284469e-01,3.185449413337628211e-01,6.936474848537436122e-01,2.628517571541478803e-01,8.743459601556601291e-01,9.597636448814391708e-01,3.371142391305014252e-01,3.059950204372756111e-01,9.324124064478338525e-01,2.291284964344491581e-01,4.621108876428189349e-01,6.801528767010289744e-01,7.876319344561055757e-01,7.376451015187053262e-01,9.655745023259977300e-01,5.612340662576201789e-01,6.632957692697700747e-01,6.876666279186213204e-01,6.925864765765696873e-01,8.271218997269771389e-01,8.133713753695868132e-01,6.146465489280320549e-01,4.751392790589441528e-01,3.880392491990812265e-01,4.555105751858891661e-01,4.246916420236556688e-01,9.924120485306263673e-01,5.115696647416744236e-01,6.818052980605677771e-01,4.825868658525213073e-01,5.643853008325779852e-01,7.749192600662493380e-01,9.170415049707204558e-01,7.301811980622670006e-01,1.003297795653599889e-01
4.354577691102185510e-01,9.511864277282184865e-01,9.243502567435697426e-01,8.352274485862196673e-01,6.830833735633088377e-01,6.830910691948367530e-01,6.870419399621249257e-01,6.576074894047684305e-01,8.951640064929662355e-01,4.176617623398602430e-01,9.246372532877368267e-01,9.250973633962831233e-01,7.386649545522251392e-01,4.048475179914011735e-01,6.283822042789877216e-01,0.000000000000000000e+00,6.158765287278690215e-01,5.955971679666258733e-01,9.024547846228396786e-01,8.978952947952687502e-01,7.898485839824038734e-01,3.603736330171501412e-01,7.157574746641609531e-01,9.244338905144604546e-01,6.234450322011678702e-01,9.604029769409457018e-02,6.673786507357009068e-01,9.635810564807970602e-01,3.209194299724906774e-01,4.989238930669813721e-01,6.084996841918661747e-01,7.282629275295101623e-01,4.442411560228453071e-01,9.522810502208417516e-01,6.898604146566765793e-01,4.158992028684836972e-01,3.778800758661008397e-01,9.314124274883166521e-01,6.037690297172140230e-01,8.184171835524338690e-01,2.821030040010151230e-01,8.758663383203709740e-01,4.355476558301136780e-01,7.235650136398941168e-01,6.474576855971280187e-01,8.378753921554135120e-01,9.625404177077958590e-01,4.054245108206809833e-01,1.376967139581177502e-01,4.153294586223520435e-01,7.334640593748900095e-01,7.123482447858351385e-01,6.527349484778518507e-01,6.042114238773851342e-01,9.666476903712692970e-01,4.164592699582685409e-01,4.424984981764260028e-01,7.825666439256919737e-01,9.167987370000362235e-01,7.674096476080095597e-01,6.503647054054055854e-01,6.806785497267570095e-01,9.309554435667999339e-01,9.480266527067601201e-01,6.101195477185922256e-01,5.448361624609542320e-01,9.836094314612934264e-01,6.596548690974852747e-01,8.891362808351496172e-01,7.514784563761132130e-01,9.570735417799827172e-01,5.181089731701855605e-01,4.182732645522643233e-01,4.262520475037501200e-01,2.080471975455979172e-01,4.766364872844283118e-01,9.307685646373629051e-01,7.027510376817143189e-01,7.119278730852723891e-01,6.895283209098013177e-02,3.401686900517381096e-01,8.865196722849673083e-01,5.027907277269858533e-01,5.868738147505803138e-01,7.454080587992530926e-01
9.967979959263243428e-01,6.924908519631500781e-01,8.675661055239473063e-01,2.395291266490621185e-01,5.558971825704517311e-01,8.332751290062768712e-01,6.073315667176835131e-01,8.218769465018002096e-01,7.550240099650538106e-01,8.393316204224454680e-01,9.717992777640228619e-01,9.982387359900325441e-01,9.299800542226326350e-01,8.802962790733341869e-01,7.718968011488462899e-01,6.158765287278690215e-01,0.000000000000000000e+00,9.716519615605507809e-01,5.683900837063121658e-01,8.997269418190672052e-01,5.965306437072224188e-01,8.395435135449782482e-01,6.651273061325914115e-01,8.161421681752518698e-01,7.177364183754282312e-01,7.612187502530185501e-01,6.355016731178921852e-01,9.328935049152908832e-01,7.342956449761237625e-01,4.655629102470070779e-01,8.369988045587031800e-02,5.116763861887367870e-01,4.536816285560831274e-01,8.836101910630473899e-01,7.809648083551279374e-01,5.465509099442680263e-01,1.354081408073503356e-01,7.470920551377616681e-01,8.614384941720516498e-01,9.372831868229686281e-01,6.508020138283479028e-01,4.465285745243146032e-01,9.985212420061115868e-01,4.934665823853292554e-01,5.537277398078879198e-01,6.121533491077255640e-01,4.344977552636630769e-01,4.112789353482473320e-01,7.783921217796506697e-01,7.551519643832051987e-01,6.458499513456732455e-01,9.349700867051485842e-01,8.498533844921349889e-01,7.704564701842051555e-01,4.295076853995823951e-01,8.508581751531365533e-01,9.138200238862588254e-01,8.405722018950358976e-01,6.018584919022431645e-01,7.018806936449428768e-01,3.175445647993730969e-01,9.534392695020474928e-01,9.691890269365471822e-01,4.130471323949603257e-01,8.628548508828970398e-01,7.638730077679577457e-01,6.413829933881957102e-01,9.172168584499961197e-01,3.691047660567727817e-01,4.756396761049741517e-01,7.655962288370755653e-01,4.840496880936946411e-01,3.504577139707117928e-01,5.752112323235718527e-01,8.594595236943021188e-01,8.094758251807046001e-01,7.266227001048939371e-01,8.172155189421251853e-01,4.493214258403067096e-01,2.538457431050625823e-01,8.746556882716791659e-01,6.195023768663351360e-01,8.509634848760689874e-01,3.853784774369586330e-01,5.282845107637502702e-01
8.214724779519990694e-01,7.204000086558215443e-01,8.760282353167313518e-01,6.479167128197349523e-01,2.090630544118445011e-01,7.730851822634484671e-01,4.806497805370720244e-01,4.245824043192751307e-01,7.901571355937319074e-01,8.862618466165655962e-01,4.033554747887767578e-01,9.460332753405018558e-01,5.858108199426734775e-01,7.005962823407386741e-01,6.404066888348299846e-01,5.955971679666258733e-01,9.716519615605507809e-01,0.000000000000000000e+00,6.540967281699830993e-01,9.256584735459107982e-01,8.118371367358233615e-01,5.798927918161288497e-01,9.758628574276111411e-01,8.297491195982885648e-01,5.405024181527968707e-01,9.415133685759822235e-01,7.928609139878570744e-01,4.064753099438264683e-01,4.290601445344937037e-01,3.234673912239919846e-01,5.913718875232907290e-01,5.152782377239562006e-01,8.655289188392704114e-01,9.664636943341065045e-01,9.027861547728599501e-01,3.241512400859586363e-01,5.945175779643885328e-01,7.824790361248814552e-01,9.506649177112985738e-01,4.510756979335560080e-01,5.489010562203754384e-01,7.872437166614152382e-01,9.373881896628508681e-01,8.559779925105827081e-01,9.990675339979597780e-01,9.937398975756578379e-01,9.165635875228307361e-01,9.123523248436939959e-01,9.706631268192394968e-01,7.300788370416514406e-01,4.267046956588430029e-01,6.981116391699867529e-01,8.781585503461266651e-01,6.733964283905338188e-01,4.174777609243183751e-01,6.859367819731204685e-01,3.031696357790090168e-01,8.678928643448564628e-01,6.906874186051139564e-01,1.218612266168144498e-01,6.171408731388753344e-01,8.966022926876957566e-01,1.150199692203721508e-01,9.517099250178926440e-01,4.028614580186010707e-01,9.413051686112829941e-01,7.936190844684873902e-01,2.516214363489982508e-01,3.867966556566310166e-01,4.923184676299687812e-01,9.889179966566064017e-01,8.695335963159156467e-01,6.535088102494343021e-01,7.800401018238294348e-01,6.094162796702150553e-01,4.980384079594257773e-01,8.821054421392073852e-01,6.979390290843949796e-01,6.507521658604565884e-01,3.382707798633879381e-01,7.869282234934191766e-01,8.310695756621790942e-01,9.317909980952508997e-01,2.167320100130293858e-01,6.848320869663976351e-01
