0.000000000000000000e+00,6.924479291931975311e-01,5.706524734956606171e-01,9.730516221927191234e-01,7.014157158767778677e-01,8.789873628408482187e-01,9.052256480483261702e-01,7.202686633432391350e-01,3.204261971964046385e-01,8.491887061092869837e-01,4.687104450073837358e-01,9.461155423984002333e-01,6.810670566279484195e-01,4.836447518174793458e-01,9.565960736506614603e-01,9.241806008505976111e-01,8.257973953726520655e-01,7.421128247429413793e-01,9.010556017435279452e-01,6.860216258211651041e-01,7.419690994278248519e-01,7.662849889659049119e-01,8.614465918885546580e-01,7.949592075615581344e-01,6.993541686877470243e-01,8.953139469353379454e-01,8.649094514277508861e-01,9.157353692153111790e-01,4.306605549623190310e-01,6.339691721792053425e-01,5.845868326398564463e-01,2.421876124015970577e-01,2.304626317914689471e-01,7.996190062985237823e-01,2.772765650464987242e-01,3.475684493128042840e-01,6.715965723049677205e-01,7.578079097908437811e-01,5.446941497454147463e-01,5.110059793992147714e-01,7.155729571551520118e-01,7.569022835571621588e-01,9.720266750540039746e-01,9.986019201618495655e-01,9.430448124501736862e-01,9.708700212019084619e-01,3.683693079457204256e-01,8.919395277780474141e-01,8.259523170407011561e-01,5.325281668867158924e-01,2.269212433303653964e-01,8.932715871289388376e-01,6.231127600827576218e-01,3.032785275333962360e-01,8.793368123359297517e-01,7.566803959250489875e-01,7.533643435580196224e-01,8.512683329484147521e-01,8.558970919613796413e-01,9.977027885293338061e-01,5.109209604074310684e-01,7.097888964222776043e-01,2.985134715407216088e-01,9.383306051914500623e-01,6.292966368403184463e-01,8.851270668604442893e-01,4.045202892680288542e-01,9.320010882525765483e-01,8.478824508592001097e-01,4.571658504898537534e-01,7.765721151916040732e-01,9.467615119409223956e-01,6.152261817114781373e-01,4.916469207356197746e-01,7.139457122043132431e-01,8.579939280669868218e-01,8.337258373864715466e-01,7.728475106901093739e-01,2.272257444328839304e-01,1.714840044147532827e-01,8.713678329695055957e-01,9.492992453388785501e-01,8.979985983157497964e-01,3.877719732288984478e-01,6.685487199083290921e-01
6.924479291931975311e-01,0.000000000000000000e+00,7.078649462817974136e-01,6.623347937204019376e-01,7.167423133661404711e-01,7.022320946140079290e-01,5.122968455006398081e-01,7.430744391357301248e-01,8.543378514373233257e-01,9.228381284685328589e-01,4.668789727954973934e-01,5.465639004177353932e-01,8.773149912984702370e-01,8.663514115697905638e-01,5.670659746102439946e-01,5.089944927682924503e-01,8.750610913141789737e-01,6.278190795055189621e-01,6.075406751810875638e-01,5.328817919845867390e-01,9.188337968353623708e-01,6.627627091951692195e-01,9.994838405374115720e-01,9.614252947184145359e-01,4.716925869633895041e-01,9.797626792497304837e-01,6.472233032467642477e-01,4.668582720857036295e-01,6.614734467933632844e-01,4.683867326261205166e-01,6.161782262281789713e-01,4.704569454706593046e-01,5.854055838469086614e-01,7.980710382731588393e-01,5.701018954026868535e-01,2.417761022131235116e-01,3.239290718264502544e-01,7.739288325405389024e-01,6.277324267402285551e-01,8.409152323488591207e-01,3.641330357183988897e-01,6.403670364783541347e-01,8.553564226607254239e-01,7.393814313125739446e-01,7.694466384726916797e-01,9.760377557148518513e-01,6.822173341495492149e-01,4.543626563878979674e-01,5.606263488856375599e-01,4.693729391018997554e-01,7.419310004531383118e-01,6.295649337410843538e-01,6.832720116464073845e-01,6.195603515824098517e-01,4.852479978997563115e-01,6.853392999371220595e-01,5.590208462328127847e-01,7.483016266584932019e-01,8.848223565727931783e-01,5.372439761624928645e-01,5.652293030262902640e-01,1.819861180842341497e-01,5.756989937610016428e-01,8.779879940456343235e-01,6.560163474953926155e-01,9.892615837631173470e-01,4.618889540625039092e-01,6.836469300752683331e-01,7.604670845405935298e-01,7.331736788761735735e-01,9.549107889822622264e-01,6.272205401216617293e-01,7.492563654155144359e-01,2.728999062261427411e-01,2.231988819790146350e-01,6.055007451617219205e-01,6.997801263592295928e-01,5.261884862707183474e-01,4.114437375055854385e-01,2.010492138978569876e-01,2.824502331702048452e-01,6.505681167231467388e-01,3.742479713193311991e-02,1.137016899962795535e-01,7.885253563617065087e-01
5.706524734956606171e-01,7.078649462817974136e-01,0.000000000000000000e+00,7.169495698713379550e-01,9.463029406570243607e-01,2.234831837760600792e-01,9.680792276161794829e-01,9.521288147815539782e-01,9.293455075946561728e-01,4.910975777928714425e-01,8.829820027276047423e-01,6.614411992712636579e-01,9.214294894822498971e-01,9.153199765853746728e-01,9.161498526215200444e-01,8.313465413329433895e-01,4.229317204424435372e-01,8.644324677517534194e-01,8.666217188405614946e-01,9.375340150571696007e-01,9.963643625138782767e-01,1.376878011377141997e-01,1.188435946317669550e-01,4.725378194497718010e-01,8.833144873873784997e-01,8.052804011962004793e-01,6.975217756919089851e-01,8.921100859789254933e-01,5.165976231917107642e-01,4.236718908650413118e-01,2.716394228863877047e-01,8.333896737255280796e-01,8.942223272444926874e-01,6.199818262295622162e-01,7.846598732062287640e-01,5.839377650115180618e-01,3.893576783100376471e-01,7.408097777844410148e-01,6.057102161908128890e-01,9.420355511152209704e-01,4.069297868295090326e-01,8.769044979314645216e-01,8.772106760930133973e-01,8.598650056829062471e-01,8.637360397083664321e-01,8.409632558741865216e-01,8.289929967570131009e-01,9.212704974165512040e-01,9.554580786090094424e-01,7.005514909468038010e-01,2.208282635677149552e-01,9.519472538761554192e-01,1.988116633650557352e-01,4.698632646467422180e-01,5.841679253142540995e-01,6.271565540350639845e-01,6.710013546526553130e-01,9.551190921893901731e-01,8.558933998994544545e-01,6.420814056640687661e-02,4.598576224135374479e-01,8.105130190478004870e-01,8.248592075433701654e-01,6.221631223279565637e-01,9.440653331882141730e-01,5.791635114644962945e-01,6.433602766106540916e-01,9.741840948491533592e-01,8.427035739937251968e-01,9.685191787036691036e-01,7.247801526362156466e-01,6.461658705572952410e-01,7.938455517102995795e-01,7.053755061782848168e-01,7.453547818085060062e-01,7.183242441263214539e-01,5.975858365273596373e-01,5.033056990502254857e-01,-1.542958646113943011e-01,2.741350591916869583e-01,7.417702105873202889e-01,9.850805386109022788e-01,9.766082874844008721e-01,4.086955573259916097e-01,2.041267769400620657e-01
9.730516221927191234e-01,6.623347937204019376e-01,7.169495698713379550e-01,0.000000000000000000e+00,6.611807431568154092e-01,4.471139909300527737e-01,4.948032200481844445e-01,4.849984531002939914e-01,4.476418613580560035e-01,9.034977116357141291e-01,9.201230525923982384e-01,7.211958101365751883e-01,7.627832704467119029e-01,8.200011095173325160e-01,7.348685959316660909e-01,8.528221055052435107e-01,7.848627681352516872e-01,9.353192890896890876e-01,7.683711456503659054e-01,9.134498520995695259e-01,9.588706274746846558e-01,9.545496615275392838e-01,9.823249780739399251e-01,5.871871631291705196e-01,7.915736922387983654e-01,9.567414039577568641e-01,9.518521179141212762e-01,6.982191606908798587e-01,6.983940085562316824e-01,7.320958614909218731e-01,6.930388095747596067e-01,4.576830085136717186e-01,9.083079033718067796e-01,9.069663700384589244e-01,9.002725306343308809e-01,2.801271139691638434e-01,1.531111347174860249e-01,6.247631153662220882e-01,7.599048759453705948e-01,7.548946961687008628e-01,3.989967305548627330e-01,2.479190554902090393e-01,7.409804650109820257e-01,7.586386359550586489e-01,9.608450041511780171e-01,9.786206552346806697e-01,5.969749087207025795e-01,8.478489416349116459e-01,5.047259182169306913e-01,6.293641655266031254e-01,6.584763860861220230e-01,7.618624009074096426e-01,7.550374330594556982e-01,6.658499319662198879e-01,8.968442094810994414e-01,6.050711151678145328e-01,6.593159428951982370e-01,7.482646848235589010e-01,9.271918180449320035e-01,6.023968549285891871e-01,4.617634760717361786e-01,7.507317753465406751e-01,3.464048718352535916e-01,6.824745080650249651e-01,7.594784769166665894e-01,9.101714940372466200e-01,6.602569228135364288e-01,7.934585915889296182e-01,4.144545825534325378e-01,7.590929672836626008e-01,7.873494672541534456e-01,5.288634628887393108e-01,2.208335035375326716e-01,4.508773278073737178e-01,6.499878634858673454e-01,6.006192322802129668e-01,8.028935114117580207e-01,7.297666277017156311e-01,1.248522197813166645e-01,2.803094594699617748e-01,9.784321911450069020e-01,8.668507027023368838e-01,7.500001085744684159e-01,7.036782135927962534e-01,4.444675364931362505e-01
7.014157158767778677e-01,7.167423133661404711e-01,9.463029406570243607e-01,6.611807431568154092e-01,0.000000000000000000e+00,8.535847763343028527e-01,4.683821022500708753e-01,-1.389203571759374811e-01,8.777154584268068716e-01,9.339316865581607230e-01,6.711391459052369335e-01,4.606214286330682639e-01,7.384571470127272441e-01,8.862309905773819718e-01,7.345996902436517928e-01,8.505047972940155132e-01,5.497450839931559141e-01,4.370849451319366308e-01,5.718428056491661193e-01,6.506845953842990138e-01,7.589200579402153313e-01,7.271510193813024436e-01,7.402576576635009342e-01,4.102264491702367066e-01,4.373289395195821827e-01,3.413527944046480522e-01,9.933226925151905640e-01,7.233452540278575427e-01,4.024155895210481670e-01,6.915817855558712424e-01,2.683969573438676481e-01,7.440865981930917528e-01,9.431034350175578063e-02,4.368869060857271114e-01,8.114685968844173036e-01,3.425896853623850435e-01,3.575246945722311276e-01,6.123048984223489200e-01,9.099966624701459894e-01,5.779141801676863643e-01,6.588507998125529008e-01,6.732531557861614058e-01,6.618176843924363784e-01,6.178462058005388391e-01,9.395716810449038503e-01,9.035742120434394620e-01,9.451116855315965237e-01,6.031850273787670025e-01,2.413204141217127341e-01,8.972534629775710258e-01,6.075981185199054169e-01,6.649122136404618244e-01,2.261228080028530596e-01,7.437583117212214212e-01,9.298223591034132651e-01,8.393102957588416402e-01,6.617653282800820547e-01,8.530920661562411134e-01,7.245701812107526729e-01,3.396144091709231705e-01,3.302536390892342189e-01,7.585998754430457458e-01,2.022938973556140385e-01,6.642531682921877234e-01,8.970985711818566521e-01,3.215102690953115794e-02,8.416943153449960580e-01,6.553027039870381598e-01,2.050760522070790293e-01,9.295169693213183315e-01,9.264032759447423659e-01,7.034632459695799866e-01,4.283507367690366219e-01,4.796439864929763486e-01,5.390816012998844720e-01,6.811562472747296759e-01,6.649366500882478714e-01,5.965285498209713655e-01,7.799464193305016835e-01,5.851239476092083835e-01,6.923333283374393243e-01,7.971812022335976744e-01,6.786061618781416005e-01,2.104178791863645093e-01,6.362859663420752376e-01
8.789873628408482187e-01,7.022320946140079290e-01,2.234831837760600792e-01,4.471139909300527737e-01,8.535847763343028527e-01,0.000000000000000000e+00,4.027032134765011206e-01,7.788540063915818656e-01,3.630979871599154113e-02,5.644924451188810810e-01,5.037924989639069873e-01,9.059279543573808269e-01,6.945575717548343464e-01,7.306623919341296292e-01,7.950902557891255107e-01,7.513355046331766651e-01,7.018817622161055425e-01,1.889002665025533712e-01,8.753917251094868179e-01,7.096064515292552777e-01,8.346850738763499367e-01,1.974072641737802669e-01,7.235693621906581496e-01,6.366488092182016612e-01,7.051903271178627808e-02,7.547361285623164218e-01,8.294378108333348987e-01,9.240103365000745805e-01,3.482270094236282754e-01,3.057618113448151154e-01,8.031527575535074570e-01,2.397042750522306587e-01,6.596080691476795543e-01,7.948712634405168398e-01,9.780716980708848984e-01,6.943080638253423809e-01,4.086874428509661428e-01,6.186372195428937459e-01,8.027584176295776697e-02,9.343162277380969716e-01,2.181737997466375867e-01,4.099147067763898589e-01,9.294120997720525246e-01,4.742672610716558435e-01,9.003046375750498598e-01,7.762250566382690176e-01,8.562497317782540307e-01,8.965470019038327409e-01,5.326314822501870827e-01,5.270359973231645290e-01,7.445911585471978178e-01,8.523304951731121293e-02,7.494064775047495353e-01,8.937064066527637962e-01,9.360211496001994425e-01,9.228751380354713874e-01,9.098583104200095306e-01,7.557136332223751696e-01,8.375790237554877615e-01,2.172449661123676545e-02,4.827710772830400843e-01,6.788275733072572926e-01,5.447121321686883011e-01,9.202319693759037911e-01,4.655555610330952554e-01,7.423354599707083779e-01,9.424457699924908560e-01,6.797146842333654515e-01,4.844171724254160427e-01,9.876724768140652255e-01,9.845798483897602038e-01,3.903698286973252274e-01,6.523559331407143835e-01,7.553865808394018000e-01,7.540508364007365572e-01,5.702287314194713908e-01,4.669778300745581756e-01,7.194025226182084731e-01,8.265697764944115455e-01,3.600634950730524642e-01,3.981661017540896186e-01,5.764348823808848055e-01,8.072012971520079461e-01,7.096603651648795141e-01,6.387235539782931681e-01
9.052256480483261702e-01,5.122968455006398081e-01,9.680792276161794829e-01,4.948032200481844445e-01,4.683821022500708753e-01,4.027032134765011206e-01,0.000000000000000000e+00,7.389490334159370954e-01,3.837332634781915330e-01,6.619251030900502597e-01,4.108099417855841096e-01,4.215805399619704796e-01,1.450114702347818640e-01,5.953135897566260715e-01,-8.296598455422521390e-03,2.799268986628393741e-01,3.605135704202928615e-01,5.324432863252853698e-01,6.760396371887495981e-01,3.077506253559725846e-01,9.915339529199943547e-01,3.085600867375611900e-01,7.008700755140262473e-01,8.682596016383278270e-01,5.578081923334580194e-01,5.784436672065027540e-01,5.842283832227189722e-01,2.470253704957176000e-01,1.587468180727911460e-01,2.855838399687499751e-01,6.746553782665045684e-01,5.427753789794581563e-01,2.345818069410325890e-01,2.478070087323104298e-01,1.783549849669106291e-01,5.020892831197885098e-01,2.213214354020926478e-01,4.875793919906901142e-01,9.007012810357423183e-01,2.128030466615360994e-01,3.940364936315563504e-01,7.218574506412885894e-01,9.741040320654377194e-01,6.951314706442256464e-01,9.163476521981688272e-01,2.443066612399500126e-01,4.485267413670152581e-01,9.352959895055031891e-01,5.335151915151417068e-01,5.384395997612527740e-01,6.729521818165686842e-01,3.921804393057763960e-01,4.209724427348198184e-01,5.064772719179977400e-01,6.778714360571943542e-01,7.085393533286997725e-01,6.484794439386578624e-01,7.421516695164431798e-01,9.689924720649957246e-01,4.078149005401640048e-01,2.450822405827193795e-01,9.743951684284571924e-01,3.733683754299146340e-01,8.893925225949276259e-01,7.812782383191426705e-01,5.928113500446526851e-01,2.221467567212736804e-01,8.224671169044873720e-01,6.646993331568556984e-01,7.935214971430921693e-01,5.719854075726973353e-01,6.327590641330423926e-01,9.659311881660512800e-01,4.349319463121766871e-01,4.119077924565450188e-01,6.109042294191131539e-01,4.576677890130645965e-01,7.864698885220533509e-01,6.594695813181792321e-01,4.334964919047039622e-01,6.578142810249710815e-01,7.280983713964391812e-01,7.503401512188625500e-01,5.851006808837873330e-02,4.494097453436414757e-01
7.202686633432391350e-01,7.430744391357301248e-01,9.521288147815539782e-01,4.849984531002939914e-01,-1.389203571759374811e-01,7.788540063915818656e-01,7.389490334159370954e-01,0.000000000000000000e+00,6.952767675613961140e-01,8.132564824920519575e-01,6.180544845108680851e-01,5.867981957662921078e-01,7.710253828253982311e-01,6.907886765175516031e-01,7.494664578787573195e-01,4.674476642744873622e-01,9.383644410071314557e-01,4.972443814328274536e-01,-1.228141813302372903e-01,3.803986517486249719e-01,7.961431031880570330e-01,7.559107984297198657e-01,3.060075226875234589e-01,7.510891586871323300e-01,7.630108185376034413e-01,9.553375821277326763e-01,5.686488361584327578e-01,6.170591062960706363e-01,5.960959646406469581e-01,6.438174109354941610e-01,6.198795885548705753e-01,9.506159473076750688e-01,6.618867855962419222e-01,4.527150940147334213e-01,9.219515791089266665e-01,-2.642509104032852996e-03,5.843877993700379303e-01,7.396480897427000212e-01,4.399637749197919945e-01,2.623056672569789027e-01,2.160701634547388950e-01,7.909637616683262706e-01,7.589677411417681263e-01,5.570890261305471158e-01,6.583797614284681021e-01,7.772642202789745713e-01,2.358967981724877927e-01,4.256960016575308536e-01,7.582798874861051974e-01,5.682664340457018737e-01,6.409828199023352990e-01,6.228983600269619725e-01,9.094807826984602217e-01,2.984967325840039987e-01,8.026011338082659208e-01,6.638495110667038679e-01,4.610509440953989846e-01,5.641401510981207679e-01,5.316267240569539920e-01,4.737782418738384904e-01,3.062629304172054812e-01,4.374158631543719755e-01,5.182109793879333681e-01,5.526245966937159970e-01,7.980476958355128270e-01,6.613209307923222369e-01,5.711630078408026501e-01,9.867374423975743269e-01,2.873155129948201658e-01,4.574325679000685874e-01,5.648454911499857234e-01,2.773296417280394777e-01,6.932062199116453272e-01,5.851520932287427312e-01,7.066085037863135687e-01,4.420629528459792956e-01,4.018454852675528155e-01,5.132061427033292045e-01,8.189902966191190403e-01,3.062236396946906303e-01,5.004162370088286460e-01,2.421846434046721896e-01,9.673129786621192938e-01,5.706521941325186642e-01,9.059128469621086088e-01
3.204261971964046385e-01,8.543378514373233257e-01,9.293455075946561728e-01,4.476418613580560035e-01,8.777154584268068716e-01,3.630979871599154113e-02,3.837332634781915330e-01,6.952767675613961140e-01,0.000000000000000000e+00,7.639330517512177288e-01,8.536794867384307484e-01,7.989374471936040445e-01,2.434169507829724854e-01,4.308622897581889100e-01,7.292663118209499751e-02,7.314951695161128198e-01,7.771328746775435503e-01,4.041550967543725559e-01,7.321277662794941632e-01,8.854710921540760449e-01,6.940956017811635848e-01,6.197947444558138397e-01,9.782403616737468388e-01,6.864639745550940031e-01,4.472896226757437921e-01,7.037935505639094647e-01,3.943063414768884778e-01,7.993169843188591139e-01,3.535666644462061581e-01,5.621589670506025316e-01,5.718631308592693197e-01,5.229511556094895708e-01,8.834496845402735055e-01,9.758133738033594184e-01,6.012921581231912560e-01,2.085528065504084760e-01,3.467641222029236303e-01,1.833858494476532652e-01,9.967264948104113120e-01,6.676570831914271364e-01,5.771522573584394467e-01,4.676188586649810408e-01,4.687547530341633628e-01,7.208090721815980650e-01,1.816112544068932688e-01,8.028197842622681879e-01,5.993245509497402423e-01,6.545615500657167019e-01,7.386523940289602130e-01,5.764469546448561799e-01,9.106114739749637810e-01,7.324220065144533276e-01,4.192203414538255291e-01,4.431195152027757600e-01,6.579244178644496621e-01,6.126339262487533466e-01,7.602259727209468299e-01,6.107388879520038172e-01,6.207584056954120744e-01,4.178489443095702582e-01,6.333573011397732877e-01,7.353717495182409136e-01,5.373428178854071646e-01,7.801330298883576431e-01,5.993211390434078911e-01,6.858968177791225918e-01,7.808862312896296398e-01,7.512831223833297267e-01,2.031901397120651209e-01,9.259347855237841651e-01,6.777415204162808848e-01,7.387120632353045835e-01,-1.442840367394959689e-02,5.351312064579165639e-01,5.932525249001917578e-01,6.809202973010314297e-01,9.136582316512428248e-01,1.484737116754877018e-01,9.888220690642399724e-01,-4.950858235458904799e-02,7.933485371717589052e-01,9.337523420596232082e-01,8.510191222221656915e-01,6.161894392439316581e-01,5.073423879592932062e-01
8.491887061092869837e-01,9.228381284685328589e-01,4.910975777928714425e-01,9.034977116357141291e-01,9.339316865581607230e-01,5.644924451188810810e-01,6.619251030900502597e-01,8.132564824920519575e-01,7.639330517512177288e-01,0.000000000000000000e+00,4.909573070189771071e-01,7.473249489408309021e-01,9.119825533420548025e-01,6.376534887694011999e-01,5.810106678501153477e-01,5.134664189630391284e-01,6.326878040670494974e-01,8.520931840539466284e-01,2.649192210420049931e-01,8.909909491755783062e-01,1.770395010248322284e-02,2.617975611471952124e-01,6.116743121145431505e-01,3.644852669530092015e-01,4.920332291827431703e-01,6.583674589036838665e-01,9.238942235436149453e-01,7.602127229352946269e-01,2.581110357664380128e-01,2.834686594598256337e-01,1.735583625196118751e-01,3.365155793787559801e-01,7.387153853043051388e-01,4.812676190355523742e-01,4.162628301354362459e-01,3.110718552843591000e-01,2.965992457075056210e-01,7.439461234681469248e-01,5.802058870214812369e-01,5.781389259607935260e-01,2.945818798795382110e-01,7.176899666630732755e-01,9.057963030452090836e-01,9.974216419120868204e-01,9.248411040127774152e-01,6.953468140246774620e-01,8.363264271965398233e-01,5.535758122849282481e-01,7.840755064767811200e-02,7.994463550987183087e-01,5.253179173067330787e-02,4.530812280831773564e-01,6.869819144582826054e-01,5.634200194453298227e-01,8.906510047412824482e-01,6.627864360980642022e-01,6.963502441199791448e-01,7.114556815948810398e-01,4.817544926727289623e-01,6.741603897440731075e-01,2.984256511744640683e-01,6.283663328493073186e-01,7.444619611054241748e-01,8.781849471110515504e-01,3.210003214355101608e-01,6.240291871652210443e-01,8.850046381020376662e-01,8.428495681975494147e-01,5.959671221799105467e-01,9.997144618650601888e-01,9.876147005932089940e-01,8.738376733543784525e-01,5.112964605226617554e-01,7.547961966837914982e-01,2.277877185288424422e-01,5.836910230136633793e-01,7.011650896084837825e-01,6.739758761250405072e-01,3.955415848713983440e-01,4.649253157136694070e-01,5.667369921266969257e-01,4.227068940547766274e-01,7.438014475956487015e-01,7.921377198994377089e-01,2.841847013120445964e-01
4.687104450073837358e-01,4.668789727954973934e-01,8.829820027276047423e-01,9.201230525923982384e-01,6.711391459052369335e-01,5.037924989639069873e-01,4.108099417855841096e-01,6.180544845108680851e-01,8.536794867384307484e-01,4.909573070189771071e-01,0.000000000000000000e+00,6.046136514547869600e-01,8.120874449326317412e-01,2.319568099856437748e-01,2.821238596878485327e-01,2.885511514527215327e-01,8.170956092641508128e-01,6.798699113252998361e-01,5.830395498231746299e-01,8.436563845333431289e-01,4.493883753023460992e-01,4.999611324373012256e-01,6.802232746360558080e-01,8.947137123884274512e-01,4.325590739548196284e-01,6.270809709131337506e-01,7.207303393737752861e-01,8.157815338367256919e-01,4.674303799449823216e-01,1.569241457977674781e-01,-1.470901185064845684e-01,6.949412681297141292e-01,5.856255254219039363e-01,5.323833279755205705e-01,4.591291964182531715e-01,6.074851630020574600e-01,1.684345017843930092e-01,8.250648339113284546e-01,9.965823591761986400e-01,6.118384183645378949e-01,5.412148697219586468e-01,8.206043751325121649e-01,9.933015160143430222e-01,5.293179753619466910e-01,9.377980402133726523e-01,9.461585097256295374e-01,7.082883496197226458e-01,6.067211982959702654e-01,6.894409067943320091e-01,5.228157788829873587e-01,3.474628360878173616e-01,7.161363695583107258e-01,7.371287123834722177e-01,9.201551988513492208e-01,8.461156001813678884e-01,5.546020674919110993e-01,7.492326388556878047e-01,7.165880438861901292e-01,8.825430280832003982e-01,9.238702362007515934e-01,5.568532060984630050e-01,4.684072679049879895e-01,4.072565055275149115e-01,4.982332364005742087e-01,8.768862830182624357e-01,6.677750817103520475e-01,7.808735746503832065e-01,8.512962877352605595e-01,7.096483705317704338e-01,8.168031651101639312e-01,8.688321953122631891e-01,5.536890605404688470e-01,7.937339942235583923e-01,3.444285149416680403e-01,7.254047610371106014e-01,7.696690326442027219e-01,9.964387834145900236e-01,6.216408856429561647e-01,4.499772573193375758e-01,2.101055650936227148e-01,6.798603614861761235e-01,9.631926389585476755e-01,9.992882311794377692e-01,3.004623056082796340e-01,9.094871553337410264e-01
9.461155423984002333e-01,5.465639004177353932e-01,6.614411992712636579e-01,7.211958101365751883e-01,4.606214286330682639e-01,9.059279543573808269e-01,4.215805399619704796e-01,5.867981957662921078e-01,7.989374471936040445e-01,7.473249489408309021e-01,6.046136514547869600e-01,0.000000000000000000e+00,6.767587178050303853e-01,1.473441369025275949e-01,7.382938252842871085e-01,6.300424720647526122e-01,5.927598953536497017e-01,9.422647747172936405e-01,6.090014461255124911e-02,8.247514954249518526e-01,9.692318222821609819e-01,6.251446376678544414e-01,8.166320138475090529e-01,9.235063119427401324e-01,1.021391412016245809e-01,6.652767523816361939e-01,5.080815637880283786e-01,1.929118955481201603e-03,2.336204666218810178e-01,5.413440087187274541e-01,6.213457845219039211e-02,7.542217786447217298e-01,8.837365221427011530e-01,7.008816468613976447e-01,9.649431666640910787e-01,2.830000055437523754e-01,4.226715890906567741e-01,6.565733898867529561e-01,9.951711716414497477e-01,6.856631131831734116e-01,3.868831653306645801e-01,4.924846797466791992e-01,9.177972313715339059e-01,5.120627303617578674e-01,9.980202274176392940e-01,4.120797210451287440e-01,9.250678879237062002e-01,4.456608522639296521e-01,3.204050150375813422e-01,4.514382730540371091e-01,4.872259767429970578e-01,2.724134039170136301e-01,4.188931883745766194e-01,4.028791226278943260e-01,4.969935226912989834e-01,6.205925844018786997e-01,2.562144911141520653e-01,9.202952938501431923e-01,6.381539105108149368e-01,6.514855844847147193e-01,5.318123927032849529e-01,4.116251639790085570e-01,9.822828367380610493e-01,7.201482094834927850e-01,9.694602658010839091e-01,7.842418592364377439e-01,9.935830013065447552e-01,7.110595172253775242e-01,6.676229427702106145e-01,6.390688239857984509e-01,8.105638287989219704e-01,7.667373797817648162e-01,8.302983656486376818e-01,4.530233552511100936e-01,7.643249433362203638e-01,7.208279633923879715e-01,9.243342411441148876e-01,7.535001289832254923e-01,2.183813710750984738e-01,5.886815541850762834e-01,6.330579879018575218e-01,7.240523670965689496e-01,7.180086240352262505e-01,2.292632013420170811e-01,9.319589024649925779e-01
6.810670566279484195e-01,8.773149912984702370e-01,9.214294894822498971e-01,7.627832704467119029e-01,7.384571470127272441e-01,6.945575717548343464e-01,1.450114702347818640e-01,7.710253828253982311e-01,2.434169507829724854e-01,9.119825533420548025e-01,8.120874449326317412e-01,6.767587178050303853e-01,0.000000000000000000e+00,6.970245926619978993e-01,6.054612029722593602e-01,7.649775187072234139e-01,3.299365981876254961e-01,8.867398007294349238e-01,8.673400836832051430e-01,9.173104068321277227e-01,5.825888378321604222e-01,9.259852131953362209e-01,7.584737135857456680e-01,6.999787123033086589e-01,3.812741643910383393e-01,6.109160127660723250e-01,9.031713972872787988e-01,2.099952773734020672e-01,6.977398442487695585e-01,7.091873778594059985e-01,4.943873041809698776e-01,3.863343788293032155e-01,7.928231650247312690e-01,9.838215331818334075e-01,8.971469453187851384e-01,7.633987758983653560e-01,8.079156834090460426e-02,7.059845305781029534e-01,8.324152930302407549e-01,7.390683692641943914e-01,9.335870250091178324e-01,7.792656276868562548e-01,8.478363657331017267e-01,7.628455568391828701e-01,8.339057129386643341e-01,7.051954571404557282e-01,6.669781352797876650e-01,7.719692797505905979e-01,9.588667414348192031e-01,9.965467489034667281e-01,4.299784572375198177e-01,7.070728011797368096e-01,5.185981024523096394e-01,4.702055562089580976e-01,4.482059926645679537e-01,9.654784782290087852e-01,8.978878469487766578e-01,4.803304898904450226e-01,8.711581093114526553e-01,6.879611079065212076e-01,5.760390664271022310e-01,7.874503400318833002e-01,9.612115516635419965e-01,6.011558649613175653e-01,6.171159426112871049e-01,7.047834070488161462e-01,9.866413491855866580e-01,6.693337943973549642e-01,7.387517691450818935e-01,5.105661378061212563e-01,8.879274821541467411e-01,6.249130126741007096e-01,6.166202593909080321e-01,4.781729166867047520e-01,3.751386699070837771e-01,8.555110040403677285e-01,7.670214386698652742e-01,8.519345382831934321e-01,4.631233096497431867e-01,2.444525854044724000e-01,2.028076350322131072e-01,6.056068120944686495e-01,7.218805451985600419e-01,6.167586999661449632e-01,7.530677075415369570e-01
4.836447518174793458e-01,8.663514115697905638e-01,9.153199765853746728e-01,8.200011095173325160e-01,8.862309905773819718e-01,7.306623919341296292e-01,5.953135897566260715e-01,6.907886765175516031e-01,4.308622897581889100e-01,6.376534887694011999e-01,2.319568099856437748e-01,1.473441369025275949e-01,6.970245926619978993e-01,0.000000000000000000e+00,4.709529155012895929e-01,8.156165145118808857e-01,9.045570732543958270e-01,8.672947130558634754e-01,9.145611462856388929e-01,-1.737830154692557583e-01,5.813954959905239805e-01,9.810882332312038656e-01,8.267383112971355974e-01,6.930270437366297109e-01,7.657183136766236853e-01,6.113523749210424407e-01,9.936959296467551273e-01,7.589034274473376307e-01,5.548772252341926947e-01,2.235257415026600802e-01,2.750550074005968515e-01,2.599430127661045420e-01,5.442597793709356147e-01,5.023297697019135644e-01,1.030391966661304837e-01,7.150583060333619567e-01,7.666760712317180482e-02,8.710850776614363911e-01,4.198475137699667070e-01,9.518542360299616645e-01,4.798022293691501239e-01,7.945673141387317173e-01,9.002519335825889257e-01,7.465171184775158952e-01,7.983205114462815777e-01,6.757767935813530080e-01,9.843938878226656808e-01,9.519783118436746516e-01,9.331038200960584117e-01,8.367873668831109502e-01,7.024343742278933433e-01,3.136038237591800559e-01,8.723283586625136810e-01,4.652809012641254682e-01,7.246061297992857364e-01,9.563419815539394575e-01,5.258386906172933806e-01,4.850788965757809601e-01,7.784445663109411662e-01,6.859568257581618589e-01,6.456586645794920587e-01,8.968554672227917468e-01,8.254016149588121465e-01,9.331353426194748391e-01,8.481728805786009628e-01,5.888022420661076506e-01,6.982152548421968197e-01,8.645055109407588922e-01,5.077759827386663094e-01,7.853052801581434927e-01,5.661788530661937546e-01,5.455916616432453514e-01,1.612479804609310008e-01,3.639677462095320393e-01,7.734237600339213259e-01,7.244863382829561660e-01,6.229119576919618373e-01,7.600586237173651005e-01,6.961513404388681714e-01,4.152342138260400883e-01,7.723435974949225402e-01,8.193791332962729879e-01,4.061990112033750933e-01,7.660512824934641030e-01,9.423861776537096890e-01
9.565960736506614603e-01,5.670659746102439946e-01,9.161498526215200444e-01,7.348685959316660909e-01,7.345996902436517928e-01,7.950902557891255107e-01,-8.296598455422521390e-03,7.494664578787573195e-01,7.292663118209499751e-02,5.810106678501153477e-01,2.821238596878485327e-01,7.382938252842871085e-01,6.054612029722593602e-01,4.709529155012895929e-01,0.000000000000000000e+00,7.881040971856629884e-01,7.383085925493961810e-01,7.035536613493565961e-01,7.927673185881539686e-01,7.447929558492998314e-01,9.066789439887679158e-01,7.028175820511615157e-01,5.370677636507520392e-01,8.902296990647282637e-01,5.576882258698216965e-01,5.537804811057779331e-01,9.657016148688710722e-01,3.058847029383656158e-01,1.049015017868043104e-01,6.568097130469466860e-01,6.032588500840792012e-01,6.922659262669921265e-01,5.734626024011014733e-01,7.555688870195905738e-01,8.886446711581655888e-01,4.376874722666920237e-01,4.743268062378911409e-01,8.126951949170772016e-01,4.758529578068699251e-01,6.068858182092761178e-01,7.913880633929892827e-01,6.161724412532785244e-01,8.924051851349616982e-01,6.734800207439632924e-01,2.360377439335538952e-01,8.181922893484543380e-01,7.731961381208947159e-01,6.299776724493125757e-01,6.375856587989012780e-01,6.394310020696248875e-01,1.568572288516057733e-01,7.932857843649226970e-01,8.196683962065023366e-01,6.959158323154199799e-01,5.876280514460552329e-01,8.694905753620810751e-01,8.780497659665117416e-01,3.356530785424761132e-01,9.204984879796106467e-01,8.029979958831972020e-01,7.257001111116769820e-01,7.780048359095643740e-01,8.885306661243088655e-01,8.499090828816563414e-01,6.840062840527548760e-01,6.706129933698645740e-01,6.265304619805027730e-01,6.121913547604544981e-01,6.830148346449509411e-01,3.677365405075568860e-01,8.715589407627852836e-01,5.464118244130942159e-01,5.938142075863023228e-01,6.682691336265194071e-01,2.304884786337587366e-01,4.127540523608941303e-01,9.042811971644808544e-01,7.065432599375653933e-01,2.710964222359106279e-01,2.247647292919640605e-01,2.195344404644046787e-01,8.317714472340577148e-01,7.733468661541248457e-01,2.888718998641052749e-01,5.163651773347907037e-01
9.241806008505976111e-01,5.089944927682924503e-01,8.313465413329433895e-01,8.528221055052435107e-01,8.505047972940155132e-01,7.513355046331766651e-01,2.799268986628393741e-01,4.674476642744873622e-01,7.314951695161128198e-01,5.134664189630391284e-01,2.885511514527215327e-01,6.300424720647526122e-01,7.649775187072234139e-01,8.156165145118808857e-01,7.881040971856629884e-01,0.000000000000000000e+00,8.478175217036092448e-01,7.028289236185962796e-01,4.083832373324230991e-01,9.640567496602032715e-01,7.400842025717458972e-01,8.335308528928584426e-01,5.398985397452636947e-01,8.177945225613056923e-01,7.470000072827630566e-01,6.491950916465846211e-01,7.797572540466484181e-01,9.913991564519286648e-01,6.784968586100409427e-01,3.301346260941304678e-01,4.029557478442857832e-02,4.843051901854161234e-01,7.556576046953085157e-01,8.673457389725608424e-01,5.916692805632455254e-01,4.449219335438430734e-01,3.253918936817266072e-01,7.951557903529278271e-01,5.286691465825267278e-01,7.025540586008175437e-01,6.120376644784720765e-01,6.032190021443716299e-01,6.415458656695938178e-01,6.851523643037776834e-01,8.448164474128383450e-01,7.244332945467807372e-01,8.449351668621541966e-01,9.004487961138445407e-01,5.583915388825875237e-01,5.610149074814846371e-01,9.530367368558952945e-01,6.023517947046264087e-01,6.828339989598536386e-01,8.501417398389485847e-01,9.122160579936399172e-01,4.138896377540646210e-01,7.355365391474076864e-01,6.067365969818174776e-01,6.513126252007024330e-01,4.794089405421820271e-01,4.233753349976615565e-01,5.161831790600839298e-01,9.699956147889352565e-01,4.587694391009829453e-01,5.129179528613816430e-01,6.016884538666259497e-01,9.156140204782917680e-01,8.896822684149588989e-01,2.510522536009725525e-01,6.255514038078374695e-01,6.237715159830694578e-01,6.523111584581312572e-01,7.268411237146070458e-02,5.121850949235351447e-01,4.460811205141866354e-01,6.633407291523306659e-01,6.838751396690585516e-01,6.969051113870944336e-01,9.166481631025927834e-01,3.381590918220623854e-01,9.555304251397168658e-01,8.447168302999171763e-01,7.397785408505989091e-01,7.862326960019270228e-01,8.337515317550450167e-01
8.257973953726520655e-01,8.750610913141789737e-01,4.229317204424435372e-01,7.848627681352516872e-01,5.497450839931559141e-01,7.018817622161055425e-01,3.605135704202928615e-01,9.383644410071314557e-01,7.771328746775435503e-01,6.326878040670494974e-01,8.170956092641508128e-01,5.927598953536497017e-01,3.299365981876254961e-01,9.045570732543958270e-01,7.383085925493961810e-01,8.478175217036092448e-01,0.000000000000000000e+00,3.630203453339324593e-01,8.761932041339149935e-01,7.235663108315288916e-01,5.159531423526834137e-01,8.076356866074411167e-01,2.977731235011316091e-01,7.982592444708717094e-01,4.553334117931421843e-01,8.654153957720946977e-01,8.607354117352383760e-01,4.765194082631421524e-01,2.935648615328037003e-01,5.778814426900330536e-01,4.507350063358951942e-01,8.218425918259979479e-01,4.725924424254196454e-01,9.245016949029216669e-01,6.397192082060554341e-01,2.333696316881118116e-01,4.824799856754791172e-01,8.868584168966885395e-01,9.757778473183578161e-01,2.792677772375023459e-01,3.053013112928256167e-01,8.922365717750984082e-01,6.065300493631702317e-01,8.107973132359833635e-01,7.439814220163082359e-01,9.114488994355794960e-01,6.128900016769558423e-01,9.710790482578993688e-01,9.233825856632171813e-01,7.155534931300094881e-01,9.287270925582657988e-01,9.954970145239327994e-01,7.685326596712432901e-01,8.918403675743103998e-01,9.277763745695600806e-01,9.938774093088182937e-01,8.100141506256131052e-01,2.031499572904659212e-01,8.363450135714529665e-01,6.016886008827732057e-01,5.369497941693710530e-01,8.159855769708721507e-01,6.174873855376440401e-01,3.408331765182959772e-01,9.718107611041981730e-01,4.833569548291624662e-01,7.829918084583654680e-01,7.504669957185553519e-01,3.665512661532894789e-01,8.507451589043627527e-01,5.894923440144462790e-01,5.761337152046995813e-01,6.445630936872628891e-02,8.036322594116263041e-01,5.358872270577879071e-01,7.856587592487178640e-01,6.580250019520988980e-01,6.254788650629891089e-01,3.585518449095390636e-01,7.572343902522796766e-01,9.994458433560959865e-01,7.699355489549859488e-01,7.061186546552099541e-01,6.965916394247920751e-01,6.762882546529359606e-01
7.421128247429413793e-01,6.278190795055189621e-01,8.644324677517534194e-01,9.353192890896890876e-01,4.370849451319366308e-01,1.889002665025533712e-01,5.324432863252853698e-01,4.972443814328274536e-01,4.041550967543725559e-01,8.520931840539466284e-01,6.798699113252998361e-01,9.422647747172936405e-01,8.867398007294349238e-01,8.672947130558634754e-01,7.035536613493565961e-01,7.028289236185962796e-01,3.630203453339324593e-01,0.000000000000000000e+00,6.044523403195823930e-01,3.389040182008516977e-01,6.332596010487681060e-01,1.660727173453405980e-01,4.594493857877354759e-01,9.035750480074260516e-01,5.613510087648190261e-01,5.135424857828464473e-01,7.494186185418023616e-01,6.443575405314719839e-01,5.347350217640575165e-01,6.890467230190395753e-01,5.791103990889570063e-01,4.522611675437519518e-01,4.589143588962582010e-01,8.414796681654349575e-01,5.159374244004256704e-01,2.104248340876004320e-01,3.541996591235364589e-01,8.951551843737797221e-01,8.749423658058879116e-01,8.939525426742829239e-01,4.824962600098187671e-01,5.728424059967893722e-01,7.792807791025201380e-01,9.023395608341455709e-01,8.893295930785453107e-01,6.694880220090242418e-01,8.704605163207231877e-01,9.058516167706799349e-01,4.200413119327093270e-01,4.793260183121664797e-01,2.596071798796358854e-01,6.892632425749111169e-01,8.933263791629392214e-01,6.552281063488916146e-01,6.599470897962081972e-01,9.219039401276291068e-01,6.237285166675092807e-01,7.109165588352824861e-01,1.263866286025986108e-01,5.021024837899312754e-02,3.381040769685904612e-01,4.394663804237264881e-01,9.267683885132573796e-01,6.209143083952854969e-01,8.186319802128463330e-01,9.644495914317514629e-01,3.143346744675943327e-01,7.025645053860003486e-01,4.469833842154481429e-01,2.148298866908480154e-01,7.719473111506720830e-02,4.462779352904982511e-01,2.736801839260040725e-01,4.034884474361270512e-01,8.376751055474733754e-01,7.964863467151459542e-01,9.233900662623497624e-01,6.596358921353963067e-01,6.311180677418356533e-01,3.226634423446275157e-01,6.911118069933388508e-01,9.098056654676087707e-01,4.836495446278961663e-01,8.400099591385645770e-01,6.832234850774805412e-01
