0.000000000000000000e+00,6.869313684216693527e-01,7.220512320842503717e-01,9.340038064781128746e-01,9.762957221602734936e-01,7.085913163510976220e-01,6.271174110542943048e-01,9.573327231121586678e-01,9.154035796227874000e-01,9.766475051101290994e-01,8.077445179776234774e-01,9.783099304276886565e-01,6.630650851314472405e-01,6.114028980672673308e-01,8.963505132596274461e-01,9.409027622779058131e-01,4.105177313867612310e-01,2.495548762772312468e-01,8.937166729675192212e-01,7.057386809024122076e-01,8.858664398692630559e-01,8.388334151721070775e-01,7.643784371406631140e-01,9.551357731434568787e-01,8.856430728936899310e-01,2.238751382591249173e-01,8.402265483198443352e-01,4.764291164896239938e-01,4.215643569296783078e-01,6.462168345192449426e-01,-7.227095412254713747e-02,6.057857283025651629e-01,7.559671290421744461e-01,7.991138549626677356e-01,8.679295932627911769e-01,-6.669490729854565814e-03,3.469845990306369421e-01,8.685269169763859542e-01,4.881743249255258710e-01,9.672267497889377452e-01,6.603634780518110592e-01,8.737044780479171768e-01,4.844557095380720435e-01,9.863571432012692153e-01,9.523661962763645406e-01,9.541389966593913918e-01,9.919110281019685171e-01,9.014338349455300881e-01,8.332938061570914767e-01,8.761407808239011219e-01,9.467965622764961120e-01,9.872684899242456513e-01,4.678859112214936999e-01,8.556228465430946173e-01,8.771890062396476839e-01,4.979511341561464466e-01,9.103395375254182964e-01,5.781432048495446230e-01,9.578246088172593931e-01,5.466011481233363778e-01,4.986894787878569657e-01,7.408971603584375565e-01,6.039669005963276271e-01,5.430638075395564091e-01,7.228364661075172837e-01,7.311261987686004105e-01,9.372808139775842262e-01,9.957377021238992265e-01,9.249922233451012277e-01,7.632259501152351966e-01,2.627440209893390222e-01,8.254149911492065783e-01,8.333343085376675174e-02,5.266323585478561303e-03,8.354511612424825318e-01,8.541127951576699129e-01,8.965390819388935340e-01,6.778966684453705538e-01,7.518297922729897387e-01,1.980078342820762727e-01,9.526480819436993208e-01,8.157451444711714128e-01,8.907262147738603808e-01,4.334158103979074417e-01,6.920819661357744401e-01
6.869313684216693527e-01,0.000000000000000000e+00,9.751387281375181182e-01,8.933056124318748958e-01,7.446904361529602667e-01,9.596070685232775954e-01,7.069457464473940522e-01,4.128701492255020256e-01,6.436312604114180491e-01,6.912218235027336455e-01,8.157325802940910142e-01,7.097025225325391817e-01,3.309801666502071305e-01,9.017345410493995406e-01,7.888813595653716426e-01,7.680720155652539516e-01,8.577196370022003302e-01,7.345236012361304745e-01,8.908359484507802906e-01,9.068862585202139837e-01,9.682679869679171603e-01,6.610419060086504262e-01,8.645134729940795459e-01,8.563704475290065954e-01,2.937134676164370184e-01,2.499832221434220292e-01,4.329599792996314811e-01,7.151119750123990926e-01,9.726352639536676170e-01,1.938497973393445983e-01,1.700308806516763749e-01,6.901489438145446131e-01,8.298760489407865926e-01,2.349544715109242177e-01,9.670974143906519993e-01,5.955397697665044676e-01,3.067700376500060999e-01,6.132606910696125624e-01,3.824878058288252447e-01,4.248989149894269457e-01,1.914776938968139330e-02,5.082626409198875983e-01,8.395820994833542716e-01,7.899489006156633630e-01,5.978208909090925172e-01,6.035994930443040474e-01,4.854323570463471293e-01,7.417204871285525414e-01,8.378513231531484751e-01,9.292245575636229882e-01,8.562834675525498040e-01,4.288462242227166765e-01,5.246052426238847488e-01,6.748617874049415155e-01,8.805334742961316019e-01,9.180612207804963454e-01,5.122956422345956717e-01,9.853517225322007134e-01,7.709247299587802527e-01,3.839554490886221694e-01,5.545250752020935980e-01,9.215715808324639324e-01,4.881090322732705711e-01,9.719255979074017393e-01,8.117529104259250117e-01,2.326774273133671023e-01,9.533864466316195330e-01,9.915744199418275936e-03,4.925579553080002837e-01,5.143589826821172162e-01,5.832446588078726846e-01,2.155344892805852453e-01,-1.032339223260600458e-02,8.335632962002444135e-02,3.995777204666097759e-01,8.230294261184070148e-01,8.526439050600275182e-01,1.209619458407527604e-01,3.986131797960540402e-01,5.970767137706736172e-01,2.832256072127446456e-01,8.889512081425134937e-01,7.195886333351916297e-01,4.396857576620466501e-01,9.166574516301156939e-01
7.220512320842503717e-01,9.751387281375181182e-01,0.000000000000000000e+00,8.509175645461265480e-01,7.390224312762947445e-01,9.669688741684662192e-01,4.721398914385386281e-01,1.110813468596334452e-01,5.423059725516659046e-01,8.695647907815442501e-01,9.346967725276552619e-01,9.345154655248617548e-01,8.033747996447735407e-01,8.599785794112552173e-01,8.678997917844817334e-01,2.251060386066528179e-03,8.213173426575471892e-01,6.010084547442964276e-01,5.925045662422117054e-01,3.411472557327763777e-01,9.889121536324858575e-01,4.858576323310241918e-01,5.938966957138142044e-01,6.636964864615898518e-01,7.247296170550528993e-01,9.866763272006511265e-01,7.844183525058870954e-01,9.099766027353155540e-01,5.456022063782872689e-01,3.827198195923181556e-01,4.375853616856419936e-01,6.244929332506554687e-01,8.235231485100273918e-01,9.047783014704723348e-01,7.313187898035162782e-01,6.973157547833034320e-01,2.401499740905350122e-01,8.213865139056302223e-01,8.074933039982274963e-01,8.634610112093270562e-01,4.684025555854688383e-01,6.667483460067727963e-01,8.703085120271868425e-01,8.086577824453921037e-01,9.392491628408826676e-01,9.095723393913783816e-01,8.002950353288149632e-01,3.355450898921772396e-01,5.992184541462324265e-01,7.721866562828993974e-01,5.317893856259465757e-01,6.042970232594139235e-01,9.033769194873682018e-01,6.883354405427435374e-01,9.909037493042183176e-01,7.487837443490052980e-01,9.244053344644024284e-01,9.771923019568773405e-01,8.913992700413816417e-01,5.403188134284458988e-01,4.062384173316128666e-01,8.954261554242793908e-01,9.377859982026022223e-01,9.422602347296076264e-01,6.055947608552961769e-01,8.880195468470678533e-01,7.289163701969055831e-01,5.645842101641318500e-01,9.777210861013241328e-01,5.968193969638493357e-01,8.967643461654619674e-01,6.493475951709506422e-01,4.492009104468933645e-01,2.823377113588931286e-01,6.650067365225675875e-01,9.549846806450714709e-01,2.746458236995585889e-01,8.235789741214361026e-01,7.860191335583368577e-01,2.675596714994877279e-01,-1.420976322140865000e-01,8.310154756112194674e-01,4.962423803894246421e-01,9.866747711324672654e-01,6.802786623248271436e-01
9.340038064781128746e-01,8.933056124318748958e-01,8.509175645461265480e-01,0.000000000000000000e+00,5.122230740209626765e-01,9.566593226161788088e-01,6.824515530903805249e-01,9.754935425026894924e-01,8.843716951229889656e-01,6.660058299109415936e-01,8.512920109752890596e-01,6.996917817694454644e-01,8.486299311574859727e-01,7.478108592645917874e-01,8.453983330904293325e-01,9.396114626739365816e-01,4.638835667331336204e-02,9.230368257781947916e-01,7.086478189318954346e-01,5.375640009713328338e-01,9.119639717512890709e-01,7.336557094420972369e-01,3.674480757077311366e-01,8.763146577093966494e-01,7.780603201947418057e-01,9.243798779252356823e-01,8.031859448772450394e-01,7.743829040599806146e-02,2.299996837547837736e-01,4.826931740445052910e-01,3.859221577339174702e-01,7.981355667825750233e-01,2.610032709060546852e-01,6.668344831949939433e-01,7.701457383284195934e-01,4.743389187841458021e-01,3.110376058998260973e-01,9.653774008972163534e-01,9.318945072893157766e-01,6.976965079108444767e-01,2.000975873796434767e-01,8.606092100230452457e-01,6.918135120660695581e-01,8.385596075682160144e-01,4.055036458472313643e-01,8.972119281607804364e-01,6.828625068267105691e-01,9.335598184961284574e-01,6.787112766614608050e-01,7.306364647068324114e-01,7.261618560883601470e-01,9.047727649614139001e-01,8.717148476618167274e-01,6.545053020937576793e-01,5.293229220355371023e-01,4.919148558130936877e-01,5.513496862454481118e-01,8.130937237896462833e-01,6.839462245852631073e-01,3.701852148301268963e-01,5.614982035514866077e-01,7.204313513159334992e-01,7.482865833923519894e-01,4.776409495580445919e-01,9.442102521825945782e-01,5.179964276398000278e-01,7.307690737767230660e-01,9.066043402372627735e-01,7.513134182273564221e-01,8.594005304742298179e-01,9.499792599631573520e-01,8.210858618644919504e-01,3.367233557606869043e-01,3.226391910975666133e-01,7.507371577635788551e-01,6.017044075315411966e-01,7.826321028350937681e-01,9.669908479399388357e-01,5.917858539606175583e-01,5.555888034447384882e-01,2.415530419296245401e-01,9.310074662913272459e-01,9.113086941143595521e-01,7.883834473675868093e-01,7.106502507012689707e-01
9.762957221602734936e-01,7.446904361529602667e-01,7.390224312762947445e-01,5.122230740209626765e-01,0.000000000000000000e+00,7.372758006517227125e-01,4.622472133418545348e-01,6.081529571585144733e-01,6.707622362901249913e-01,5.858899398869860109e-01,9.196457329704171846e-01,7.914608615935569969e-01,9.574696764466338328e-01,3.558278534211283817e-01,6.394309292351524343e-01,6.149793192131294273e-01,8.290945117077751503e-01,7.674873735767286931e-01,6.094721800631461850e-01,9.751501290487351037e-01,4.239451570106068101e-01,5.900290318891929786e-01,5.030932791137725513e-01,5.783053579595087701e-01,6.183203954561369287e-01,5.813768444392571899e-01,9.242253208737347681e-01,8.157494918774598203e-01,2.657900657637636277e-01,4.701920593024825901e-01,-1.342006399365630043e-01,4.143688117090676970e-01,6.825129354916924518e-01,7.916401642396660998e-01,6.174027936415440454e-01,5.090117781927029350e-01,3.867644345154237495e-01,5.669457705930771585e-01,9.030583331824586502e-01,8.375518790798601731e-01,5.559824956673238561e-02,6.339767820506276852e-01,3.648101536770424480e-01,6.898365566675440652e-01,8.259647545069023211e-01,6.120248320227971162e-01,7.273800924208737584e-01,6.877075308958336963e-01,7.467200937656109927e-01,4.239438627697909023e-01,4.583375933494920340e-01,9.001361893818971005e-01,7.957386613759172000e-01,5.540903997723176655e-01,7.827841606870440394e-01,6.905048530093306214e-01,8.764296331014962416e-01,9.518177840918169430e-01,2.617240666103582969e-01,6.513620371381149132e-01,7.160483634804146735e-01,9.145153808582519028e-01,3.351156793983198767e-01,4.194418221743363429e-01,9.608466270602431525e-01,6.428204807892445860e-01,6.858921561467276051e-01,8.536809379138943221e-01,9.909817930312354584e-01,7.344452000123740110e-01,6.041925262834213495e-01,7.318085443214286112e-01,3.361162580177319281e-01,5.525005562483120691e-01,7.188117232852732075e-01,5.485718368223253538e-01,8.849788637016330339e-01,9.914899123379192769e-01,5.633774273046752157e-01,3.861408387331242142e-01,3.079503159750497931e-01,9.441394233298560090e-01,5.540765807398100318e-01,7.251483037640434060e-02,8.459175431745138418e-01
7.085913163510976220e-01,9.596070685232775954e-01,9.669688741684662192e-01,9.566593226161788088e-01,7.372758006517227125e-01,0.000000000000000000e+00,4.769049655521440667e-01,6.833585001648962987e-01,3.643474724678149590e-01,6.916120599272541636e-01,9.420546345889272422e-01,5.673888131537533352e-01,4.585761603850014301e-01,9.119754820475922674e-01,2.017112447770315897e-01,7.438200833049352090e-01,8.236741302405906628e-01,3.463876907060412513e-01,8.932864199157853902e-01,9.976526598031285609e-01,6.566348187167292405e-01,7.863671198475191693e-01,7.173674677680921263e-01,5.202356496147284570e-01,1.593125053363930732e-01,2.447702691741837910e-01,9.168612903865375197e-01,7.867057705179554272e-01,6.285533356527590598e-01,6.740023101479978296e-01,1.224006387770563142e-01,4.052645815240289440e-01,2.175231277468883118e-01,6.939410085013124618e-01,4.121675560610724154e-01,3.473635598813896719e-01,5.181612656841282361e-01,7.885258570619938512e-01,7.905603140002531726e-01,6.177848609718888939e-01,3.736301948473943479e-01,8.173124328929814997e-01,9.351670879150528748e-01,7.204305742008860758e-01,9.217336195394535414e-01,7.641265486795122408e-01,8.663997334749371504e-01,9.740236855426913642e-01,6.870600190874456281e-01,8.054935324134876451e-01,9.860465123757686801e-01,5.503366222520345019e-01,7.348481557749150239e-01,9.790077180114055144e-01,1.540813678045749868e-01,6.393526028266505179e-01,4.487281837778129279e-01,4.503921060296166567e-01,8.968206988289051385e-01,3.502705772537976769e-01,5.281086355174828828e-01,5.854728400495189389e-01,8.008421192732375626e-01,8.443478369497250391e-01,4.494702203679226682e-01,8.095817867848973393e-01,7.020231814193820252e-01,7.049212364443940837e-01,9.432576514907805576e-01,8.188239514601284297e-01,7.302673896035362100e-01,7.402919182066469705e-01,4.499026761265403351e-01,5.522891919419588014e-01,9.953842883552868059e-01,7.594669794106241323e-01,6.712311628899132465e-01,5.930377792801231340e-01,1.309229009999738069e-01,4.187509024942679403e-01,4.402488689682576561e-01,4.022493641005079335e-01,4.936157970068899004e-01,3.158765516504660198e-01,6.534754396191537751e-01
6.271174110542943048e-01,7.069457464473940522e-01,4.721398914385386281e-01,6.824515530903805249e-01,4.622472133418545348e-01,4.769049655521440667e-01,0.000000000000000000e+00,6.063058617646288617e-01,3.353880802082010448e-01,6.021590105829550954e-02,3.825966731809975485e-01,4.565415488363437357e-01,2.129668404798688852e-01,9.110906200870185767e-01,7.311169144763585148e-01,3.431786542283897790e-01,6.488022932453588743e-01,6.428159672000326452e-01,6.355055872577930476e-01,8.668808237876194367e-01,7.497258916491881253e-01,6.242062884909458376e-01,6.612232035058537294e-01,6.630480146351899196e-01,5.289033720836815444e-01,5.695635875916251756e-01,8.581049153529516360e-01,5.008081739550498401e-01,5.936782213830964494e-01,7.533739875737290870e-01,4.784821269546751799e-01,5.639392648632488569e-01,1.621969697606951977e-01,6.577865956734666453e-01,9.706207712238408281e-01,4.492616691039816312e-01,1.117703032160883951e-02,5.443740135546006886e-01,9.581820560752846161e-01,5.991848525184311214e-01,2.478367838380501620e-01,8.563656000388679690e-01,6.405988572822742810e-01,5.181433595621149912e-01,3.937296601268532870e-01,4.692484214412531163e-01,5.732474553524492533e-01,5.136641691188897907e-01,3.902415100928726677e-01,5.102208714882723317e-01,7.314706714270464705e-01,5.325534273080158032e-01,2.712928143905565248e-01,7.283618740536659253e-01,8.147965395955227841e-01,4.677655211099210342e-01,5.241079009595526195e-01,6.322969259537474240e-01,4.152282410632057164e-01,4.897384879081206344e-01,4.208639473957543897e-01,3.218065728880729059e-01,-3.136825688440794679e-02,9.675962772108022136e-01,4.837326449968029629e-01,4.760284824785356306e-01,4.698109469815918704e-01,1.885445735835358239e-01,3.263338250097595483e-01,5.031642115870835763e-01,2.001380983067240216e-01,4.244787617214038633e-01,1.289157014406418778e-01,3.736590803826437268e-01,4.397757295432301317e-01,6.797258356142125146e-01,6.693527417904834298e-01,6.392238933894621722e-01,5.268020509671571538e-01,1.057774595645699645e-02,6.477393709654816201e-01,7.524070084656496737e-01,5.426091003671381641e-01,6.881708371916805955e-01,5.842958146784706930e-01
9.573327231121586678e-01,4.128701492255020256e-01,1.110813468596334452e-01,9.754935425026894924e-01,6.081529571585144733e-01,6.833585001648962987e-01,6.063058617646288617e-01,0.000000000000000000e+00,3.211827896271054472e-01,6.255900525998764339e-01,4.541494573636825072e-01,6.965954779884391268e-01,9.131218550597430816e-01,8.165755334567548207e-01,8.331594759175975362e-02,7.089174199558968548e-01,7.600058073155797622e-01,8.729907131819378829e-01,7.210727356303443525e-01,9.818558725342284577e-01,8.987588624719650143e-01,3.442922611003606526e-01,8.281479959711269823e-01,7.071401338997920227e-01,7.217795260612446251e-01,8.969238422899331598e-01,7.885044120969855186e-01,5.402313968785208420e-01,2.744215403315088397e-01,2.629737721502610759e-01,2.515189484357902017e-01,9.257651376998741188e-01,5.372848266206657897e-01,8.742239140093885919e-01,5.131702013631790349e-01,5.696821437995116533e-01,4.202984784906938498e-01,8.362178013208624305e-01,6.328878609463316485e-01,5.301583982046795818e-01,8.614834257387303795e-01,6.562806091063093650e-01,9.945694766771752127e-01,6.320479847078702695e-01,8.012116186332670642e-01,2.701054064600441063e-01,6.410324592006898525e-01,9.330428196320034173e-01,3.783339700266841188e-01,7.394214367895048934e-01,5.961003541265352812e-01,7.103091073228869901e-01,7.235502844707063508e-01,4.486716834273224985e-01,9.358446011684058430e-01,8.470727783645572995e-01,6.916574526790403299e-01,6.265767259895810293e-01,8.472427842531073949e-01,1.302873629768256103e-01,2.368002632195700674e-01,6.124370932159530767e-01,6.824117536862314148e-01,8.199928675741382511e-01,6.342631978690405070e-01,3.391116925894788192e-01,9.138518868524899696e-01,7.901549349632185359e-01,7.839163523087019358e-01,6.044364486761256705e-01,8.549655063615101414e-01,7.775895472204943371e-01,6.403049681534213056e-01,6.866470488086909851e-01,4.861310873913787800e-01,4.925417219571487371e-01,8.603258207155237702e-01,9.863450585166585460e-01,6.760274287307989072e-01,6.415740428557676900e-01,4.858975997217087062e-01,4.924156178619213953e-01,8.818449410523732102e-01,5.043058360347175695e-01,7.151908505948165740e-01
9.154035796227874000e-01,6.436312604114180491e-01,5.423059725516659046e-01,8.843716951229889656e-01,6.707622362901249913e-01,3.643474724678149590e-01,3.353880802082010448e-01,3.211827896271054472e-01,0.000000000000000000e+00,5.075696779928761115e-01,9.952361757187737634e-01,6.054492954645264158e-01,8.633804190582888838e-01,7.585405497102443162e-01,4.741865679631003527e-02,7.727238785478136585e-01,7.388618776824379397e-01,7.999388776310143445e-01,3.163117993038900844e-01,8.324124919472413175e-01,4.930984325647191913e-01,6.331624044522533579e-01,9.870255748947778240e-01,8.119267821196491930e-01,5.908569786900468301e-01,8.550220236622603220e-01,9.471011796279006356e-01,-1.687314076940091556e-01,7.497539960560493100e-01,4.963129516903062033e-01,2.269958838542106005e-01,8.149202899048000326e-01,7.385337847155106772e-01,4.683061916638420197e-01,7.977243758929372097e-01,5.228594538322012264e-01,7.052759293530556084e-01,4.364049991090748759e-01,9.202865534489076405e-01,8.688748334007236895e-01,2.964945332759042484e-01,2.358549011800111228e-01,-1.388593736683160218e-01,7.928427400443396333e-01,9.389496022494395744e-01,6.711279078787448782e-01,6.286321527970768486e-01,7.397915102901760909e-01,9.587281129738834951e-01,7.098762544949681619e-01,4.262973917792099998e-01,3.806760601422132240e-01,7.542473910296274564e-01,6.444888979430033471e-01,5.274725221631123562e-01,6.139259253278854800e-01,6.290344958440151624e-01,7.857685937932749054e-01,8.422982059486883166e-01,7.522970286515867633e-02,5.444687556340592760e-01,5.995521402602455030e-01,3.894123118140321305e-01,7.850062064082973246e-01,9.522896318217237699e-01,5.033043600060136402e-01,6.062199599868246525e-01,8.324209379567425460e-01,7.388808156244355274e-01,2.118498869690342290e-01,9.081185525067178022e-01,5.418946241728901381e-01,4.511087649087219265e-01,4.714806875430435085e-01,6.351892933988723122e-01,7.314654813943413103e-01,8.887228761208355587e-01,7.133633978325993885e-01,2.202850243860692836e-01,4.172216449844415309e-01,5.549762163383706870e-01,8.046043320340928728e-01,6.292583981050727804e-01,5.713023486985433497e-01,7.373019377597066493e-01
9.766475051101290994e-01,6.912218235027336455e-01,8.695647907815442501e-01,6.660058299109415936e-01,5.858899398869860109e-01,6.916120599272541636e-01,6.021590105829550954e-02,6.255900525998764339e-01,5.075696779928761115e-01,0.000000000000000000e+00,9.560650599066327082e-01,5.728986567773061145e-01,9.185446142722701879e-01,8.588732982584080800e-01,7.089289336167055033e-01,6.256452909935509288e-01,8.697870048518421271e-01,9.985792929269907692e-01,8.197328881507613962e-01,4.727221394620655381e-01,6.333781257659911734e-01,7.659250815902225451e-01,9.174706013653678438e-01,6.913342734893014319e-01,5.376254701960699878e-01,9.222520971898049424e-01,9.975285127459063705e-01,9.481248950262504138e-01,6.060963445343120481e-01,6.735043389539540071e-01,-1.400503372536785196e-01,9.124639361436034379e-01,7.751964774869741781e-01,9.804748580218130005e-01,7.930401266511029057e-01,5.040243442192022805e-01,6.325129599487441245e-01,3.147321030841234157e-01,6.826531235927708607e-01,7.842596457988745273e-01,2.711280666608166245e-01,8.168739499927785142e-01,9.771933045088461167e-01,8.926138982246013542e-01,4.040833620696502315e-01,9.912632532749178216e-01,4.914565195125409347e-01,7.523240001419677636e-01,4.240345767302842184e-01,6.681983458485518668e-01,5.307546712314391568e-01,7.779039343094599213e-01,5.138141823164507072e-01,7.612916724426409543e-01,7.496125496865662097e-01,9.371639365651384113e-01,5.656068344376466994e-01,6.034533017176105796e-01,4.042690691362373911e-01,6.965750238779927495e-01,1.921642319902734097e-01,8.018342388875608906e-01,8.090488748626349924e-01,9.109464143396579505e-01,9.079090508507637880e-01,7.985871306777667655e-01,5.877548619807346775e-01,7.275717781262209805e-01,3.206241596628885415e-01,8.501509771076076749e-01,4.725956346579447964e-01,5.493828152162817391e-01,5.705125449113822578e-01,3.703783631261708398e-01,6.227227401605405221e-01,5.709572379272898068e-01,9.606509158191315345e-01,6.885769503335231745e-01,-6.156960856603238552e-02,4.110413867022632006e-01,3.509039200086339072e-01,9.111592700304147474e-01,6.694367087288147777e-01,6.895319941981833400e-01,5.497730653370287435e-01
8.077445179776234774e-01,8.157325802940910142e-01,9.346967725276552619e-01,8.512920109752890596e-01,9.196457329704171846e-01,9.420546345889272422e-01,3.825966731809975485e-01,4.541494573636825072e-01,9.952361757187737634e-01,9.560650599066327082e-01,0.000000000000000000e+00,6.833341834621413646e-01,9.682247365115314031e-01,6.559999280978640046e-01,7.939632761659024540e-01,6.138807580061919067e-01,9.131807191860361606e-01,6.906608468053703209e-01,3.012625809655122278e-01,8.169730521610680807e-01,9.238879720373653903e-01,7.414337819751009029e-01,9.132695985737190325e-01,5.886871953631809262e-01,5.327850264813552839e-01,6.534128729896814258e-01,6.607475513565449488e-01,6.455450568657259414e-01,5.274391054419680369e-01,2.852998046526438181e-01,3.419653203144557008e-01,-1.053254364679174215e-01,8.885791374257200337e-01,4.250936488335301244e-01,6.590892119358024992e-01,4.555975856520134704e-01,4.523968005049651686e-01,2.179999452813007887e-01,8.401286191441046380e-01,7.329069874407940777e-01,6.604138980962118710e-01,8.754877725696962321e-01,9.826279753567421782e-01,8.122689446032950178e-01,8.822493555622274997e-01,8.259737322601344855e-01,7.728455859518701399e-01,9.202082747350778247e-01,8.283446959619447103e-01,9.348556647350101390e-01,3.451512899359235886e-01,4.438201146087367155e-01,8.618761175194586954e-01,7.322857058072252956e-01,9.048349077840751598e-01,4.537695043281327334e-01,6.183081253396374155e-01,7.185318083414088397e-01,7.012268778635774025e-01,7.393402653350228393e-01,7.419107842805554576e-01,7.042468544569565614e-01,7.257443758668777889e-01,8.654245856875727450e-01,8.159898135697858379e-01,9.597480301097740529e-01,8.047475988335460739e-01,6.501017628598391163e-01,1.557566521275677851e-01,6.146660174497935447e-01,8.725091598262106896e-01,7.079072742355475567e-01,4.177434181163442450e-01,4.182784826458307292e-01,6.331443553363126364e-01,6.659901225542012027e-01,8.069486076219410942e-01,8.542228690230336818e-01,7.194254288186395785e-01,3.252116216670101201e-01,5.266675092159658345e-01,9.093553970362677763e-01,9.256389787893919419e-01,6.691834308793985775e-01,4.312490112816989019e-01
9.783099304276886565e-01,7.097025225325391817e-01,9.345154655248617548e-01,6.996917817694454644e-01,7.914608615935569969e-01,5.673888131537533352e-01,4.565415488363437357e-01,6.965954779884391268e-01,6.054492954645264158e-01,5.728986567773061145e-01,6.833341834621413646e-01,0.000000000000000000e+00,9.288099730529193465e-01,6.160043153219876277e-01,6.743306748451525223e-01,9.120222706406356794e-01,9.448953026236336372e-01,4.957970718389418385e-01,6.308329460307078307e-01,9.308688911674526389e-01,5.253870837970143759e-01,5.892379983746359740e-01,4.085338128694157578e-01,5.794758859971331777e-01,6.426291145995239873e-01,3.553314326417473801e-01,3.526379844198894720e-01,6.631747090357787977e-01,4.243984052182506184e-01,2.296406657128655104e-01,2.288399598192074058e-01,2.376558167487798912e-01,7.078178856442147726e-01,9.534176642156199089e-01,7.922220569214677433e-01,6.537720308730389229e-01,3.738378375280290156e-01,4.277158238738708596e-01,6.471033136729791302e-01,9.745743367173732574e-01,2.388785184435287812e-01,7.771898197462709934e-01,8.684539554025685337e-01,4.267554848930512623e-01,8.189484530200303869e-01,7.198941996554084621e-01,8.452571228488431343e-01,2.798652398325445767e-01,7.666782337727525709e-01,5.963147943038982213e-01,6.546413952115375245e-01,5.645524022973106293e-01,6.314182555589260559e-01,4.990378599435837392e-01,8.510875595070086508e-01,7.392771416032505316e-01,1.654760960832152294e-01,8.611715361120608758e-01,8.581672724500872818e-01,7.909560434807678675e-01,4.233952826990051710e-01,5.256827127385634846e-01,6.084761496299195827e-01,8.628491487342300204e-01,9.014039476660463679e-01,7.254115691052031023e-01,3.242793304167443935e-01,9.727461774438845854e-01,6.485846399114996164e-01,9.127703778752814801e-01,4.659813203371119261e-01,9.186161329080049232e-01,5.527181546410396829e-01,5.034966145897521450e-01,3.338449379186150257e-01,3.861944200834495355e-02,7.667048418623382267e-01,3.961008723477547067e-01,1.609818535324284428e-01,2.350728991259897760e-01,9.026130544760715413e-01,5.481995701847294233e-01,6.712829739739394341e-01,4.445516901486046835e-01,3.648507596800029118e-01
6.630650851314472405e-01,3.309801666502071305e-01,8.033747996447735407e-01,8.486299311574859727e-01,9.574696764466338328e-01,4.585761603850014301e-01,2.129668404798688852e-01,9.131218550597430816e-01,8.633804190582888838e-01,9.185446142722701879e-01,9.682247365115314031e-01,9.288099730529193465e-01,0.000000000000000000e+00,8.195777703138749093e-01,7.589687273531273703e-01,9.366161922390445760e-01,8.655959305707158213e-01,7.138589946863991287e-01,8.045009621688967716e-01,7.066064997603835884e-01,5.481783376553984732e-01,5.864295606384665183e-01,9.468378580156558977e-01,9.498748497104666511e-01,7.391360148895657067e-01,4.291100688341295544e-01,7.823070979005019021e-01,7.767967714869845608e-01,4.133080622234505119e-01,5.269831719163600159e-01,4.047687611617388770e-01,6.845077621030780657e-01,8.486894132746535258e-01,6.453330493598370410e-01,5.499550249316539352e-01,7.526055540183023140e-01,5.157892099125622742e-01,7.619871396631634486e-01,8.305386601085331666e-01,5.914989056093464814e-01,9.332359288918133933e-01,6.779507836266730481e-01,7.014077991578935301e-01,9.971177485043853927e-01,7.832255014703226603e-01,8.967407511259213315e-01,9.444658071882715555e-01,3.382278978321117124e-01,6.216694192487216553e-01,6.163483979312970318e-01,8.734678872915876413e-01,7.470516632487887998e-01,6.639194677666078181e-01,6.317486020215444809e-01,8.253177334928299969e-01,8.853470449478779702e-01,7.895240166376041868e-01,5.385513468867401121e-01,7.514675286661329778e-01,8.261547938379372458e-02,7.329955304904907099e-01,3.991337340300080694e-01,8.683464751180430818e-01,6.542789331014873255e-01,4.572553087436245778e-01,6.699670488894154952e-01,9.795480105184466435e-01,4.322727090731729449e-01,2.336067474876792893e-01,6.334984441182162085e-01,9.859303598970483584e-01,9.176641039147296341e-01,2.484968126026681490e-01,7.930772258345550885e-01,4.831824555937203058e-01,9.042914027350390516e-01,9.664437527780567194e-01,8.890592583317407094e-01,7.521942352789652286e-01,2.595768956179210218e-01,6.408744603234186599e-01,8.668223282250498984e-01,6.859813181207916610e-01,-2.213791760300931610e-02,9.416614617032319501e-01
6.114028980672673308e-01,9.017345410493995406e-01,8.599785794112552173e-01,7.478108592645917874e-01,3.558278534211283817e-01,9.119754820475922674e-01,9.110906200870185767e-01,8.165755334567548207e-01,7.585405497102443162e-01,8.588732982584080800e-01,6.559999280978640046e-01,6.160043153219876277e-01,8.195777703138749093e-01,0.000000000000000000e+00,9.229221996144819640e-01,4.266551327986367048e-01,8.310025470987412177e-01,4.129354709533934464e-01,6.288234579578935168e-01,9.512551299264682125e-01,7.095770053593655202e-01,6.423872539366043410e-01,7.990891388595203759e-01,9.583740580556967537e-01,5.565736613278832179e-01,6.198710330471821628e-01,9.543505525364304187e-01,4.818923930496903374e-01,3.208603461059962303e-01,6.948451850254030449e-01,2.043031516371662526e-01,5.223311236038709060e-01,7.510876863368682876e-01,6.748387116401692865e-01,8.147099056851084820e-01,5.173110389993330616e-01,2.902174592765824901e-01,9.972405497467560220e-01,8.176396017836582431e-01,2.045086595300337484e-01,3.615693113662576952e-01,7.922081856518043974e-01,8.708157606750767110e-01,6.480339613269259225e-01,8.819730698211444286e-01,4.779599467848663075e-01,9.845771453828756625e-01,7.995692692985099104e-01,6.560387177016215876e-01,8.805358825295243053e-01,7.108029812335014963e-01,5.701323094349313170e-01,8.555403087506809889e-01,5.891707441125304534e-01,5.705663933200673110e-01,4.337019319686744590e-01,7.709702517710014247e-01,5.760081183379854863e-01,8.576353540175546408e-01,3.981360113245779875e-01,4.284680549773162705e-01,8.670900911937041711e-01,4.006490008254843249e-01,8.437026733430238457e-01,4.237989883610507325e-01,7.230551306844588133e-01,9.036301020043873145e-01,7.195181031055897236e-01,2.515147733927884377e-01,5.927166919381154919e-01,7.615881206327009822e-01,7.383964065435983937e-01,6.647228304791928943e-01,6.918144544377615723e-01,6.737842890157201836e-01,7.218300079708970252e-01,4.288075704393792820e-02,5.885671244918192491e-01,2.498385702092272564e-01,3.427870166573458999e-01,9.648508851439221434e-01,4.297854581256996820e-01,5.176408536989193232e-01,6.381894407446701001e-01,8.572805734148035706e-01
8.963505132596274461e-01,7.888813595653716426e-01,8.678997917844817334e-01,8.453983330904293325e-01,6.394309292351524343e-01,2.017112447770315897e-01,7.311169144763585148e-01,8.331594759175975362e-02,4.741865679631003527e-02,7.089289336167055033e-01,7.939632761659024540e-01,6.743306748451525223e-01,7.589687273531273703e-01,9.229221996144819640e-01,0.000000000000000000e+00,6.365639196135506328e-01,-1.417104768700374329e-01,6.153693574971884628e-01,7.186327681499489195e-01,8.206361312992309642e-01,7.838935859726439137e-01,3.631075023558167914e-01,5.460222688951529291e-01,2.113149011650534981e-01,7.992337340907484933e-01,6.416805558736229376e-01,7.563799612249140214e-01,9.894708330754393710e-01,7.017662701527491720e-01,3.776904453482391455e-01,4.738232128595141757e-01,8.979489853702096180e-01,7.528265258627131473e-01,8.010687406126996146e-01,7.151515476110491543e-01,4.966019550001556926e-01,5.688302585084246132e-01,7.223592769965498928e-01,8.940877785024446966e-01,7.802235493801075172e-01,4.588796073667052444e-01,2.507948872898222437e-01,9.719426296783095776e-01,3.464988421769620297e-01,7.625600636227722884e-01,7.366140002858966307e-01,5.521909124728390239e-01,5.621979007785347093e-01,6.306603199171473273e-01,7.321877358069488473e-01,6.835160642616510129e-01,6.856865074153043471e-01,9.565260119912279979e-01,2.776799175908037931e-01,6.335358288680082994e-01,8.414493847863540044e-01,5.312693470375700472e-02,7.614061292549486604e-01,4.715470781535551215e-01,5.015435952848643630e-01,4.821096560486916038e-01,4.882038735432733256e-01,6.709304682523362651e-01,9.771849496663788104e-01,9.249869413403519758e-01,9.953105681713090291e-01,4.794887229891098279e-01,5.431865423324288011e-01,7.230204722874755685e-01,5.628186184802747016e-01,6.486214661842695239e-01,7.859208840272092766e-01,3.585872030160355273e-01,4.994748754231323473e-01,9.375432635636261613e-01,7.266291156136459595e-01,9.906952254480621001e-01,3.834127946929077879e-01,4.642416718124473540e-01,5.841771397965893620e-01,4.202614561419849570e-01,7.925409129658048668e-01,8.542397513383209740e-01,4.141493354138078287e-01,7.435803892730507014e-01
9.409027622779058131e-01,7.680720155652539516e-01,2.251060386066528179e-03,9.396114626739365816e-01,6.149793192131294273e-01,7.438200833049352090e-01,3.431786542283897790e-01,7.089174199558968548e-01,7.727238785478136585e-01,6.256452909935509288e-01,6.138807580061919067e-01,9.120222706406356794e-01,9.366161922390445760e-01,4.266551327986367048e-01,6.365639196135506328e-01,0.000000000000000000e+00,9.293825571532431384e-01,7.453231163192176600e-01,9.988829599235760082e-01,7.795982638382641383e-01,7.989954760115869359e-02,9.424993565584730559e-01,9.179143734305441615e-01,9.020858454755590339e-01,5.142476877326540574e-01,8.365713857452024005e-01,9.429451615547463916e-01,6.586742196245123360e-01,7.067663942306658953e-01,4.843694409178880278e-01,1.260613344316529605e-01,2.604622659234447912e-01,-3.640637927140200070e-03,9.442023175888444309e-01,6.718407726720053708e-01,6.604145473920759457e-01,4.858799399489031057e-01,7.010390394178040996e-01,4.100345602505592324e-01,5.802689860060826765e-01,2.805679158806303475e-01,8.898653335484718596e-01,7.488728912215301126e-01,7.150274211552114512e-01,8.984378100538847889e-01,2.717841169807959090e-01,6.911409788711078139e-01,5.986259506969179300e-01,6.956176641330374943e-01,1.083686697455901217e-02,5.852448114047296146e-01,6.328454980563995580e-01,6.426218199730129310e-01,8.565816121796029359e-01,9.229558542900850870e-01,8.084940617639718718e-01,6.838567508666937300e-01,7.274661158682815820e-01,3.611316399415832601e-01,7.407532759999363448e-01,4.197274039368283916e-01,4.332876722229151989e-01,7.873653092749038906e-01,9.388895010222769733e-01,6.548287122213860556e-01,2.205436854013232140e-01,8.567060389333245318e-01,5.854447974483312223e-01,5.332388007852086886e-01,7.869590722046030384e-01,2.286606705106971615e-01,5.986234039485093250e-01,5.113350857663417903e-01,4.762661713906211070e-01,4.871155284624383297e-01,7.756981800880823341e-01,9.402286759312995512e-01,7.737231826557381398e-01,3.731299150442356494e-01,8.760088690093824348e-02,5.945886242150102419e-01,6.091612835754811606e-01,9.252438144133715570e-01,7.221238618661320885e-01,7.175578046053689985e-01
4.105177313867612310e-01,8.577196370022003302e-01,8.213173426575471892e-01,4.638835667331336204e-02,8.290945117077751503e-01,8.236741302405906628e-01,6.488022932453588743e-01,7.600058073155797622e-01,7.388618776824379397e-01,8.697870048518421271e-01,9.131807191860361606e-01,9.448953026236336372e-01,8.655959305707158213e-01,8.310025470987412177e-01,-1.417104768700374329e-01,9.293825571532431384e-01,0.000000000000000000e+00,8.805928273852685617e-01,4.406803207707529757e-01,8.948728528666900495e-01,9.529786716633970034e-01,8.045316819082396487e-01,4.518073081611815867e-01,7.967688009145061923e-01,7.119040615496341484e-01,6.783389593434049347e-01,9.082489615354966128e-01,4.838334358321451645e-01,5.531041750313349104e-01,6.648052496346278373e-01,5.370515410822571667e-01,9.447283466152418541e-01,5.532589780512768840e-01,4.803469810038851207e-01,8.334849840526737941e-01,9.062470684285227618e-01,4.306537463769441465e-01,6.667903621143216331e-01,7.234161863559572803e-01,7.852104571954885426e-01,4.961274855577415543e-01,6.637619632933191571e-01,4.268555667597151437e-01,8.734562256248191714e-01,8.945770432065974775e-01,8.698629102456745255e-01,9.896241784889540094e-01,6.752750923698478402e-01,7.886108609561954808e-01,3.988871755728511936e-01,7.073183583044752032e-01,5.686362332996892643e-01,8.149024074858963740e-01,6.520149630364294735e-01,8.017036808126435377e-01,9.902171622867772527e-01,4.680806259751605358e-01,8.281569340889314290e-01,8.302390418766031344e-01,8.427537848086030792e-03,7.532335438973416508e-01,2.926401763246705978e-01,9.893274000463213591e-01,6.164447704614048895e-01,9.128519850681842129e-01,6.906985374924476950e-01,4.327618133656171429e-01,6.780977511991173046e-01,5.061447934946629035e-01,9.164823944137219236e-01,8.628913844080056128e-01,9.872370143804533038e-01,7.994862581338126883e-01,3.547664752883160633e-01,8.452495419587947589e-01,6.423364846737680267e-01,9.206996192256742262e-01,9.063295843891580050e-01,5.255235067294083962e-04,7.057784956056716019e-02,8.073074876816210832e-01,6.902419687060520337e-01,9.705576232024756278e-01,6.753507990613796252e-01,6.519254559985050435e-01
2.495548762772312468e-01,7.345236012361304745e-01,6.010084547442964276e-01,9.230368257781947916e-01,7.674873735767286931e-01,3.463876907060412513e-01,6.428159672000326452e-01,8.729907131819378829e-01,7.999388776310143445e-01,9.985792929269907692e-01,6.906608468053703209e-01,4.957970718389418385e-01,7.138589946863991287e-01,4.129354709533934464e-01,6.153693574971884628e-01,7.453231163192176600e-01,8.805928273852685617e-01,0.000000000000000000e+00,5.843940347202912777e-01,8.532580556927575888e-01,7.955111317295815443e-01,7.212290693186067525e-01,8.383572050493586225e-01,6.659887995908787550e-01,3.276313965964509078e-01,7.823904578344840210e-01,9.802989878299869231e-01,7.827637627871119053e-01,3.786710669394569573e-01,6.304783804286820947e-01,6.746254150611961098e-01,5.831108136253846386e-01,3.736475650434374352e-01,6.435629577481183361e-01,4.134947632957556851e-01,4.973957832267754675e-01,5.417647736750226262e-01,7.891145645318123902e-01,5.643554725503311387e-01,9.562860692067745028e-01,-5.463887625609675780e-03,3.992785012499059372e-01,8.103752301539078884e-01,2.269107657452132387e-01,4.870108960748212312e-01,5.065974842095419817e-01,9.252263612496766099e-01,7.300427725019893455e-01,6.038699573590481373e-01,6.367772695888743728e-01,6.779743717088524413e-01,5.092908986601496490e-01,6.988810280632004046e-01,7.417226846765487824e-01,6.478534126506900748e-01,4.521822603115238648e-01,7.661796366649435974e-01,7.383736062369878894e-01,6.290315196043225754e-01,6.807861571597545458e-01,6.014228898411676516e-01,6.045793881311468665e-01,5.500757442404518027e-01,8.036803068774932557e-01,6.866782321509626863e-01,5.106789514621956627e-01,6.553215348065299928e-01,8.445762186963314821e-01,4.755292114213765520e-01,4.977017861490035111e-01,5.300041673569375611e-01,6.151590185329152138e-01,3.996523462262782656e-01,2.833151815778462979e-01,4.383025170928473990e-01,9.404396459733324054e-01,6.112195302380621920e-01,1.430103996645071818e-01,4.369446929676354952e-01,3.129765298923318229e-01,6.074079331892537903e-01,8.772408640003630520e-01,7.710929642330281997e-01,6.775522189897513758e-01,8.435228142315059907e-01
