0.000000000000000000e+00,8.523134183642964157e-01,7.875011411874996980e-01,8.891135390473964284e-01,7.900202653072816439e-01,9.088709525141670520e-01,9.699699624708579826e-01,4.326569300766489046e-01,6.732539826754453394e-01,9.950757985214715440e-01,4.442484862946730617e-01,9.407791775668860046e-01,-2.478716056480788910e-01,3.396485534383404392e-01,7.366568141109466339e-01,-4.329725326064240432e-02,4.053859621526877399e-01,7.203639715840834956e-01,8.197670623996116124e-01,9.467253300842212171e-01,7.328596605819349685e-01,6.122621534597896265e-01,6.062658817349669826e-01,9.897814795336797866e-01,3.747561562605118413e-01,2.603757313062076140e-01,6.441808557969437299e-01,4.793688108714064949e-02,1.301353475775694768e-01,4.977941404822203708e-01,6.004275633976532411e-01,8.958180358805901689e-01,6.599568801162027931e-01,6.041843725585563929e-01,9.197327307414260300e-01,3.283874324065566563e-01,2.942593558516555796e-01,9.041585026655341029e-01,8.463769296705188072e-01,5.067722665148712835e-01,4.271596964275350405e-01,9.903923141365027494e-01,8.704970911247505994e-01,9.278992121918155922e-01,2.810639964196616214e-01,5.301591843314965580e-01,4.274259552612826307e-01,-6.352895500644334392e-02,5.441521361000634105e-01,6.921438519934751676e-01,6.459190473673449562e-01,8.698258252617371289e-01,6.166249609581725410e-01,8.275730549552051674e-01,4.602912360710051942e-01,5.019803447119164375e-03,8.543360049656231192e-01,5.579775117988733379e-01,7.918255367636179987e-01,6.965593002744743245e-01,-9.386029098480223876e-02,9.757528155575045936e-01,7.258982811910843491e-01,7.575732482036313664e-01,7.079818146050457228e-01,4.033081887640230234e-01,8.483784500630884295e-01,8.500585390489732163e-01,6.282425852145716583e-01,9.989335406906147963e-01,6.924589053267550254e-01,5.579078680831945913e-01,6.728982887523629053e-01,5.628443441335085895e-01,8.943665803730552755e-01,6.367385153560116695e-01,8.833309765520687140e-01,4.541011189730091990e-01,7.061919269763572427e-01,5.645280829017317314e-01,6.171001737884242999e-01,8.565603680032158884e-01,7.728006827510429666e-01,7.213881514790299043e-01,6.729256926045545928e-01
8.523134183642964157e-01,0.000000000000000000e+00,9.909624143560227250e-01,8.965898250179284990e-01,4.997096792708269897e-01,7.893854733953427072e-01,3.841679441311054988e-01,2.998960558014667765e-01,9.819026405511048772e-01,6.527077407938343123e-01,5.563248490283172476e-01,7.200206059275462422e-01,6.991507121338927933e-01,3.330660143229480230e-01,9.336202476089487945e-01,4.311039726494207414e-01,4.547269949755741170e-01,6.297157404747891762e-01,7.522371108943002316e-01,8.121933014283800878e-01,6.764728334957311739e-01,9.194732380881105449e-01,5.781203849475546885e-01,6.749147382463158706e-01,3.344829596897105906e-01,7.657510514446552730e-01,4.096391334492606173e-01,4.252260133055296154e-01,6.329678037090282761e-01,9.928868724719150940e-01,2.699001688868383209e-01,5.601591389079683125e-01,7.742930673049793766e-01,9.599891684103959433e-01,7.267708664277425790e-01,5.186090564296446104e-01,4.132269220380249686e-01,7.398958559721142692e-01,8.963492852799748167e-01,8.691525993481972190e-01,5.598951569666850148e-01,9.539962605316638644e-01,7.556940121557764733e-01,9.346399153511882885e-01,8.686900809534743306e-01,7.119949391004352091e-01,9.731124739130578849e-01,5.660010864854792640e-04,7.699736952516132993e-01,4.179501795366091788e-01,6.509308038101153659e-01,8.409403766307212980e-01,8.091942006516896768e-01,6.270584764127572486e-01,9.848666102630565522e-01,3.491726091847431879e-01,6.326081416873075014e-01,6.717756866799403648e-01,6.343190987303797268e-01,6.326026335373445830e-01,2.086789492888418418e-01,7.686396960982442295e-01,8.338852309209993097e-01,4.315646698719675101e-01,9.457978553251453757e-01,4.395920261611552804e-01,9.842524110888474231e-01,8.700627716014350810e-01,7.722368987335170853e-01,9.729121558197905140e-01,8.095377997830877081e-01,7.568127088643369360e-01,3.391911685380150088e-01,6.988138973208607441e-01,6.725931781998664150e-01,9.903772094452977237e-01,9.334777709810058166e-01,7.127876752310111641e-01,3.986363286773891845e-01,2.994894898628505664e-01,8.955743827409192725e-01,2.687672131106582096e-01,4.258320633917041520e-01,2.000266610439612458e-01,6.912782471092068226e-01
7.875011411874996980e-01,9.909624143560227250e-01,0.000000000000000000e+00,8.971359550838389207e-01,8.324063818079332489e-01,9.876835479562500186e-01,7.945176980009368561e-01,8.956915137672125660e-01,2.540985660570721505e-01,7.682336628029508008e-01,8.347950340436557370e-01,9.636300524266014911e-01,6.375188111891616494e-01,5.452523172832647314e-01,6.682642701994522261e-01,6.016380323778915962e-01,4.771944556151559991e-01,8.593020384412819457e-01,8.235697636409839983e-01,6.015976100054171161e-01,6.437621309108143564e-01,9.950574675202825681e-01,7.123356883731096767e-01,8.537329716426262927e-01,7.398515582406373081e-02,9.063082216227674737e-01,9.821481486800314187e-01,2.276773413864033868e-01,6.153958383184985337e-01,2.591185562615505034e-01,4.829779416117498947e-01,4.061195802478443917e-01,7.794689392384708260e-01,8.205836652280943389e-01,6.897240913509794513e-01,4.615975586897225202e-01,5.120517705629414884e-01,7.032410918361237107e-01,9.960016527692832078e-01,8.971849137004739294e-01,6.719648552253970619e-01,8.993191179873940566e-01,8.256440298810211464e-01,7.533247421358986173e-01,9.211011966553701580e-01,7.732549421639647313e-01,7.761901134027792137e-01,9.002136097067319209e-01,4.780845616303535661e-01,6.162664893152528522e-01,9.808586309559970129e-01,7.632756701548296663e-01,4.553022032714293954e-01,7.056993190969648166e-01,7.209141066420873267e-01,4.785809909124625339e-01,7.012731569810175536e-01,8.084861965240930370e-01,9.734674736271811124e-01,1.993509674869611559e-01,-3.745510147041497540e-02,9.478030238060105583e-01,1.111729335967418381e-01,7.444022629280366843e-01,7.347284504925247761e-01,8.102218292023178892e-01,6.752592607473537623e-01,-1.120492762585120761e-01,9.117472283343913686e-01,9.769181824819355153e-01,6.061350302285889446e-01,8.267137320550292934e-01,7.053213488606645543e-01,4.470601171925317474e-01,3.053128507258578983e-01,9.024072787831335374e-01,5.056843896160186924e-01,7.745219252131556598e-01,4.007314547228364443e-01,-1.041905497916159468e-01,5.589235921702919718e-01,7.263339521383478381e-01,6.631579852142646114e-01,9.722247304374058707e-01,9.400009222172068801e-01
8.891135390473964284e-01,8.965898250179284990e-01,8.971359550838389207e-01,0.000000000000000000e+00,8.509029864482716699e-01,7.349289933845805090e-01,8.713862119919811855e-01,8.675354307983168534e-01,8.219065644076349875e-01,8.288571627278589204e-01,7.296883435729721867e-01,4.621628941845979943e-01,6.569301451632649780e-01,8.468987592327797964e-01,9.023428399389702426e-01,6.793251858195432646e-01,8.212667289248014590e-01,6.927116252975608068e-01,3.293913840595750209e-01,8.354330889843373242e-01,8.182118188363350919e-01,4.683303943585397366e-01,6.176319247612411800e-01,6.574862193992750958e-01,2.714875093152508967e-01,6.783150146665034574e-01,2.828047744802490993e-01,7.937156838282690696e-01,8.328680653697277947e-01,5.721350419062263271e-01,7.237732565244492378e-01,6.284316377188919889e-01,9.229219602441703918e-01,7.189115846294859002e-01,7.169729243017409770e-01,7.728217597144837470e-01,5.845237450952691649e-01,4.035657286671477939e-01,8.208765149342927003e-01,8.550359141217810377e-01,2.177251724271555000e-01,4.894273195726875358e-01,7.587647025489691055e-01,4.983541897892326267e-01,9.009466361166554860e-01,8.080388163945109170e-01,8.130800747182437282e-01,3.164569958768349567e-01,4.393499382556999011e-01,8.339969794179110663e-01,6.904221805405542645e-01,7.177743769338315039e-01,5.595378271999515984e-01,7.847301829821649033e-01,7.811154367432715517e-01,9.665586882970145233e-01,8.075876019776110359e-01,8.564339367655745550e-01,6.068208172242323117e-01,8.983569793635305389e-01,5.209793132986828557e-01,5.380955302594452316e-01,8.060914013358132513e-01,6.703562052003779748e-01,8.303546608798648698e-01,8.067512192716587149e-01,3.719398558411838307e-01,6.361684703466282675e-01,2.528195113198475896e-01,7.207855418175830309e-01,9.310816985741595664e-01,7.102317716619734878e-01,4.116089013862073154e-01,6.861471088323546352e-01,4.061396340244154413e-01,7.412964563356541081e-01,6.451881094545952600e-01,6.443097292029849044e-01,3.929890716526286965e-01,4.536594480678784458e-01,7.790938372829039338e-01,9.226214738258030623e-01,7.194157002170278314e-01,8.382132200473190187e-01,5.268314343824590518e-01
7.900202653072816439e-01,4.997096792708269897e-01,8.324063818079332489e-01,8.509029864482716699e-01,0.000000000000000000e+00,8.387884902522282360e-01,5.231214687483277670e-01,3.508524359443947471e-01,9.902753879988108743e-01,8.507810710599185144e-01,7.118295567773555987e-01,5.227121149036272341e-01,9.059566608635964968e-01,8.866949330538461682e-01,8.214502630423076157e-01,1.674986978060472032e-01,8.233963065314628960e-01,9.838099795954953208e-01,6.779169308144670225e-01,9.583766718654618266e-01,6.371759828008075610e-01,5.905256040502055992e-01,8.081469457599564921e-01,6.344881553382004657e-01,7.744444769013778540e-01,6.641422679604890300e-01,2.626593604569526508e-01,3.183007016734114569e-01,2.992309628779030728e-01,6.696813464902052759e-01,2.022322770527597569e-01,9.315533722177398168e-01,7.370218719219171488e-01,4.694645209207725656e-01,3.322033379712099888e-01,3.253470998395031621e-01,-1.427369602716228314e-01,5.200937571003403370e-01,9.437908514016011274e-01,5.248924352949778660e-01,4.657227732342655302e-01,4.103140175821717306e-01,6.214673863807815835e-01,4.969046248624138795e-01,9.410294560286287524e-01,9.931078440063726420e-01,4.728523631011355977e-01,5.682807895327643966e-01,4.182171877789078174e-01,6.255467520095849832e-01,8.999700813674407218e-01,5.389499378899246240e-01,7.253745119535839336e-01,6.501644855901854703e-01,7.400725147643196777e-01,6.526611873979784040e-01,6.259818142032198551e-01,7.744272692755501675e-01,9.778406196886796353e-01,4.122347492836507810e-01,4.586941274224115017e-01,8.059617355013632967e-01,7.802082224678694722e-01,6.797210607785365566e-01,7.098164988556258104e-01,9.856555082224658371e-01,7.856356312673452580e-01,6.411720775820323182e-01,6.129010854594075797e-01,4.323836539771774845e-01,9.588101422577749444e-01,7.564344600113083184e-01,7.464207342434835413e-01,4.621060787279035464e-01,7.985238147882975923e-01,8.227675878122515662e-01,7.805614687039167388e-01,7.746268243529806918e-01,2.486512839800050778e-01,5.078095690834362186e-01,5.217374926828374226e-01,8.413953813122874159e-01,8.739820362273400534e-01,9.495792827965537919e-01,8.092419194953348605e-01
9.088709525141670520e-01,7.893854733953427072e-01,9.876835479562500186e-01,7.349289933845805090e-01,8.387884902522282360e-01,0.000000000000000000e+00,5.519538622838824349e-01,9.069645777011011711e-01,3.011344258860155221e-01,1.850274864505782602e-01,4.174658952493993658e-01,9.776793207940797092e-01,9.760827544202690387e-01,6.258219807340029694e-01,2.725517776960644234e-01,6.248180543597380288e-01,8.912751607838906853e-01,8.351128422520581740e-01,4.114373696146489956e-01,4.879834241043535803e-01,6.981965585848146638e-01,3.758953736475171836e-01,7.987966573595906006e-01,9.343004184963225045e-01,7.171215131759873795e-01,7.228917244171518819e-01,7.051202068466442263e-01,5.257074100978540443e-01,7.699007276900781127e-01,5.064822553370423863e-01,3.760621650763714685e-01,4.008826022770143327e-01,7.930679735917453010e-01,9.383644459161716300e-01,7.530679966932241065e-01,7.888996328102829692e-01,3.182960814620944823e-01,6.819475546703359647e-01,9.282463167666199499e-01,6.653834612094942091e-01,6.494716109312801411e-01,6.182474918857249202e-01,9.518487511640575383e-01,9.640670164875574377e-01,6.255692359215226928e-01,6.292127902145120411e-01,3.371436336937289058e-01,6.903503989806244467e-01,9.920669073369934310e-01,6.824243003730638968e-01,3.093851871831461153e-01,4.136409826537765788e-01,7.070081101278101743e-01,7.040067639634676189e-01,2.668497190472768898e-01,8.445022163576340057e-01,2.960141332580039641e-01,9.009936186603966224e-01,9.855493433964543915e-01,5.185786168020137810e-01,4.623027207451464449e-01,6.035446398901422871e-01,6.156172170997519233e-01,9.861346271207721559e-01,8.918914606854242422e-01,9.247407115108174924e-01,9.647755493974125018e-01,9.793547223129351886e-01,6.922403745813016096e-01,7.657056650547332532e-01,6.364766796824929962e-01,3.070211603649945498e-01,5.949780587570888679e-01,5.465071765520388425e-01,3.413428790457209705e-01,8.368632770285161504e-01,5.579411758295432788e-01,2.330678886853783383e-01,7.916486168176051219e-01,1.683330723180938016e-01,7.451527360130546507e-01,8.494544019688874403e-01,7.800264112157250240e-01,8.073583014226416443e-01,9.979436866287860752e-01
9.699699624708579826e-01,3.841679441311054988e-01,7.945176980009368561e-01,8.713862119919811855e-01,5.231214687483277670e-01,5.519538622838824349e-01,0.000000000000000000e+00,5.687142674327420044e-01,2.196410379528093426e-01,6.194934063939154800e-01,7.194160408170034715e-02,7.875383540762215251e-01,6.252307783143725706e-01,6.836424815416829448e-01,7.292547032364365966e-01,4.521434877001113684e-01,6.363861123477634330e-01,7.770919554790094441e-01,5.567748702948713824e-01,6.636625038005733446e-01,8.837596685558003484e-01,4.302675056865500336e-01,5.326811931425410318e-01,9.919837967475897411e-01,7.085846541664360121e-01,6.661544328700210738e-01,6.810624222531449501e-01,7.917806874434718534e-01,2.674960308620910054e-01,6.591795843018790624e-01,2.078659595868828092e-01,2.486629944206825149e-01,4.691579424256469011e-01,7.378664419355910331e-01,4.100508650134081501e-01,4.040999859790910809e-01,4.711502826530770682e-01,7.091246413840436302e-01,8.501049247286731614e-01,3.587726228210972312e-01,6.291776991143867015e-01,4.978207728251557440e-01,9.847631127933653694e-01,7.618511197885109443e-01,6.486135532475207910e-01,3.194835598038994751e-01,7.320045045671597084e-01,2.772923551630104289e-01,8.829486280892644423e-01,7.090194677611765250e-01,4.599550474480264550e-01,5.433934858294934278e-01,2.989810494721794054e-01,2.986438752988526124e-01,9.140719508246444303e-01,1.955423340699338486e-01,4.945682392486053791e-01,4.166342753406540034e-01,9.015967689523449735e-01,7.361426524317654652e-01,7.146641201876478000e-01,5.937664135108782215e-01,2.151656198258274366e-01,3.875835644038813088e-01,9.451264206249032629e-01,7.740289338501900041e-01,5.894458623760470140e-01,7.990240251747087186e-01,1.470216642187217315e-01,3.940259371426411139e-01,3.660153796594368680e-01,6.618817644939772871e-01,6.047320556941063741e-01,4.813332683779844579e-01,3.290108665482500694e-01,6.757222983377922931e-01,9.151707753301969728e-01,4.956529641314775803e-01,2.944199225824151722e-01,4.962946057897932306e-01,7.424218423284472124e-01,2.234491345682145247e-01,4.903309285119064054e-01,8.030912169397533829e-01,5.572591305921759282e-03
4.326569300766489046e-01,2.998960558014667765e-01,8.956915137672125660e-01,8.675354307983168534e-01,3.508524359443947471e-01,9.069645777011011711e-01,5.687142674327420044e-01,0.000000000000000000e+00,5.203705742376606436e-01,3.748613580171588078e-01,5.403531137132162598e-01,3.288859171394868941e-01,7.994655041361814485e-01,7.415364528283495682e-01,4.316453564048278735e-01,2.122372761987237344e-01,8.518722051895758485e-01,6.456189306544123374e-01,7.120919709310870038e-01,9.385837656682706198e-01,8.600879207711757957e-01,9.605282753741266610e-01,2.349440568509860161e-01,9.595511243066374707e-01,2.224712684820814856e-01,9.771721745236058299e-01,9.602602924149153951e-01,2.130059001943242769e-01,4.536644215629626609e-01,6.346673777160409813e-01,6.126465465474833366e-02,4.444461837395929371e-01,5.421869066362023926e-01,7.697044215986494908e-01,9.089622174736133875e-01,6.788333872442069428e-01,6.514583841174140799e-01,4.538150273884631325e-01,3.879520635023105957e-01,4.874474845069750040e-01,4.867607366818341719e-01,6.620277419108290262e-01,6.434063898272799342e-01,7.379163155123098505e-01,8.333353132837938437e-01,8.063329939055002837e-01,4.568852411821602844e-01,7.748842520850933724e-01,7.654582492557140405e-01,4.020433641398996616e-01,7.883509425946546578e-01,7.589076429234420385e-02,6.818819317294373406e-01,6.734043834484991498e-02,7.250288344633256665e-01,7.964735320409432884e-01,8.095552325804798999e-01,9.708929712608314055e-01,4.315255583026599284e-01,5.993414064811266595e-01,2.385323225146606663e-01,5.801237749424960066e-01,5.036942882881573214e-01,7.507001301735778398e-01,8.493399691560723497e-01,2.379535303592943685e-01,5.060548739060811707e-01,6.302934994514853839e-01,3.976355706223123621e-01,9.032607880426128943e-01,4.920335016171202280e-01,2.994098437483579955e-01,-7.160646715364241133e-02,2.908892984657807101e-01,7.558358855589896175e-01,6.777887573593810444e-01,7.855272914915092386e-01,6.765509877481977741e-01,2.418813964720807341e-01,3.459670337712264510e-01,6.301102597254955029e-01,8.585336142528374737e-01,3.409994629704741209e-01,-2.453349134265523646e-01,7.775422674110969989e-01
6.732539826754453394e-01,9.819026405511048772e-01,2.540985660570721505e-01,8.219065644076349875e-01,9.902753879988108743e-01,3.011344258860155221e-01,2.196410379528093426e-01,5.203705742376606436e-01,0.000000000000000000e+00,5.133354657088253781e-01,6.333768073534356002e-01,8.728360644587577211e-01,6.440798710474072708e-01,6.175562007684267662e-01,7.865507380719276576e-01,5.204754452312629898e-01,2.394057547621049331e-01,8.192854985938776702e-01,4.152622180709747979e-01,5.688867905057408692e-01,4.640932885387611950e-01,6.956726904681641566e-01,6.741882625316226729e-01,6.753667750776618517e-01,5.154033342268791174e-01,7.514274561535341235e-01,9.933928477867486340e-01,8.368661362349316679e-01,6.781552612009708048e-01,5.269893482575563892e-01,6.461621046491350384e-01,9.206089163685698962e-01,7.818846399270208414e-01,6.273668709769593121e-01,1.264106818495305297e-02,6.264933733074711242e-01,2.599013361414259649e-01,6.821834943832887355e-01,6.852578878970435605e-01,5.704220777172381851e-01,4.086930926791220164e-01,5.166610042289393467e-01,6.067093324036396673e-01,4.961956316978207715e-01,8.802461550117943734e-01,6.819544182698581425e-01,5.800008030550467542e-01,7.155915439666070688e-01,7.919903173262764495e-01,6.260836859649479003e-01,9.049538982835395595e-01,2.854315206247551862e-01,7.709007834832157791e-01,8.075379828710850250e-01,7.900965182004479059e-01,9.066516921343700242e-01,4.521963822423741841e-01,8.818858669198235134e-01,9.713955017475511822e-01,6.140075501693492699e-01,5.660826088769754794e-01,3.891015547067719349e-01,4.577370959914138226e-01,6.328973642247608389e-01,7.936461226287914172e-01,6.422592728363281100e-01,7.280165255537827118e-01,8.328723371813958609e-01,7.825264542056649120e-01,9.537351597261307656e-01,7.167488501485199670e-01,7.324789637101717377e-01,5.761556592669954124e-01,2.113760815344649935e-01,7.675761923212818250e-01,7.543327820363432412e-01,9.394497220874387100e-01,2.383159027466211222e-01,8.480687103769463109e-02,6.807578926875693659e-01,6.327788408249076513e-01,8.560456554283384367e-01,7.333719278449239987e-01,5.962845497110671467e-01,8.800817670475941101e-01
9.950757985214715440e-01,6.527077407938343123e-01,7.682336628029508008e-01,8.288571627278589204e-01,8.507810710599185144e-01,1.850274864505782602e-01,6.194934063939154800e-01,3.748613580171588078e-01,5.133354657088253781e-01,0.000000000000000000e+00,8.075014022509209299e-01,3.129141443335938660e-02,4.896009885828256358e-01,6.651647656132477771e-01,9.229480051742438018e-01,9.790985061469287265e-01,9.475027155177095928e-01,2.330252872838234623e-01,5.515565163910045587e-01,7.422641338662971933e-01,9.911330526928029405e-01,5.142116933125733258e-01,8.212436327835190841e-01,9.318789867379732028e-01,8.454119527856877037e-01,6.584077447299492292e-01,7.666220809869722652e-01,5.153719132759904120e-01,5.865885006119442302e-01,4.492533186491537989e-01,2.111196460284295584e-01,7.101366243899301933e-01,2.046405060829423472e-01,7.158126189575902965e-01,9.135742032096827447e-01,2.285476194579711684e-01,5.490288169370092231e-01,6.678949424954472303e-01,9.553988288715232757e-01,7.796252868428567018e-01,5.554020916557880216e-01,8.149070705390433211e-01,9.701944396076080945e-01,7.792610318883249620e-01,8.879406423730344944e-01,8.139469511932605483e-01,9.197216227935283150e-01,8.039746569540231480e-01,5.043291235787148441e-01,5.962896868334901512e-01,6.884378585434488551e-01,9.694944073115343564e-01,6.318073209886315711e-01,5.302749446292333024e-01,5.355251178570182846e-01,9.351759453255032994e-01,7.858196408812654354e-01,9.397715187973783024e-01,3.036529921172794744e-01,6.619328536584675460e-01,3.290173609246863640e-01,6.533105207169371820e-01,9.306720217923951655e-01,9.799733081927658462e-01,9.941378730541720055e-01,5.706028268273446447e-01,5.325480837209954910e-01,8.634576182643525222e-01,5.631386472430267576e-01,7.275675210450780472e-01,8.457042846273025161e-01,7.268580311593193510e-01,-3.076869952344450376e-01,6.917414532242885938e-01,7.342863530829779606e-01,4.767970487365774113e-01,6.312084152151995475e-01,3.000668803664224837e-01,4.447915263172612099e-01,5.209037233472546546e-01,1.434388230354366467e-02,9.292811671129808104e-01,4.917830314779537138e-01,4.539614597597859680e-01,5.573107798740686292e-01
4.442484862946730617e-01,5.563248490283172476e-01,8.347950340436557370e-01,7.296883435729721867e-01,7.118295567773555987e-01,4.174658952493993658e-01,7.194160408170034715e-02,5.403531137132162598e-01,6.333768073534356002e-01,8.075014022509209299e-01,0.000000000000000000e+00,9.546555408398926801e-01,6.023923215973419065e-01,6.398000420804215993e-02,9.341733690794534750e-01,6.959432141920438575e-01,8.511506128245676095e-01,9.515916484721569368e-01,6.688612778883746834e-01,7.400381160629962984e-01,1.110332890009215201e-01,8.500819733977142967e-01,9.756698051519765436e-01,5.617387457768174830e-01,4.694480429829447354e-01,9.493762411406470036e-01,9.586912995120594472e-01,9.155667848160182754e-01,4.116093774907915726e-01,6.733835826352968512e-01,-4.937542599931241116e-02,8.190003600785268345e-01,7.677246435301607885e-01,7.168634776348878912e-01,6.181916379375620441e-01,2.602104643332270317e-01,4.938762424316697208e-01,9.329983298092023869e-01,5.132587163603874458e-01,8.016012536038702452e-01,6.478279679130817259e-01,5.428862628054061945e-01,9.897070343493408195e-01,7.060928110604012264e-01,8.200048359634487527e-01,1.512347673135804038e-01,6.026232427884032905e-01,3.082645035695199542e-01,3.934367458320126021e-01,7.661853651714113367e-01,9.547333430293246659e-01,5.487096118224603636e-01,7.332750939975372084e-01,8.310853685068539942e-01,3.953530045045302588e-01,6.390430019230920466e-01,7.706998564563753984e-01,9.705395003555883360e-01,6.003791341734162623e-01,4.798096160757011619e-01,4.932536009664246768e-01,3.152601367105248853e-01,7.645644328713768756e-01,8.041906010100088320e-01,6.954967056996308461e-01,6.888070271141389922e-01,3.685863628756239629e-01,8.061318923103811818e-01,-1.096496581101711887e-01,7.017412134705769411e-01,6.403214800441782151e-01,7.692340348210739975e-01,7.622472699773900073e-01,4.515751861390088773e-01,5.751673266712357124e-01,9.077785708695614852e-01,6.261360794537081942e-01,5.793803619852219144e-01,2.550780807161082131e-01,3.433487650337071484e-01,5.838497309177950179e-01,9.404374012675678074e-01,5.875140195831829448e-01,5.520780064386741071e-01,9.917031305194586865e-01
9.407791775668860046e-01,7.200206059275462422e-01,9.636300524266014911e-01,4.621628941845979943e-01,5.227121149036272341e-01,9.776793207940797092e-01,7.875383540762215251e-01,3.288859171394868941e-01,8.728360644587577211e-01,3.129141443335938660e-02,9.546555408398926801e-01,0.000000000000000000e+00,6.523665564050558363e-02,6.323164115361373794e-01,9.203430543441348810e-01,8.264284683126278397e-01,6.755917355510051570e-01,7.755753033562027277e-01,8.803808708249492021e-01,8.567602636384548109e-01,8.173722917215375805e-01,6.915177245968000541e-01,8.459664610769648263e-01,8.446088041883330622e-01,6.175807653309882683e-01,3.608386567051486971e-01,3.266794275854855156e-01,6.209062844979641449e-01,3.672489369665762338e-01,4.912006924008123221e-01,4.696992968981800742e-01,6.242580929425243230e-01,7.120985474174479357e-01,2.715815677047009880e-01,8.956482079584033862e-01,5.202171510817630296e-01,5.522338806480205919e-01,5.218745634182393456e-01,9.866326819670475645e-01,8.447924382766358598e-01,7.838123980478450825e-01,3.530285307454268384e-01,5.128800849558504682e-01,5.049971853632450047e-01,8.611296724256460866e-01,6.015835670632521115e-01,9.727944078733590239e-01,4.531982086913979857e-01,3.603305475297896576e-01,6.027168053028322259e-01,3.755280817384999414e-01,4.259462191446394819e-01,4.621911437916889076e-01,7.929491193436071228e-01,5.197605413826783538e-01,7.821249261787197593e-01,2.294122296962717855e-01,9.305066322106182453e-01,3.444618930948969426e-01,5.348948040879191179e-01,1.398443522108131221e-01,7.276583583823725832e-01,6.846507184389786227e-01,8.681182370164032269e-01,8.763610680507024631e-01,4.592501123810426300e-01,3.632012354521608755e-01,9.805127943956344350e-01,6.602252668692640825e-01,9.629974413773187969e-01,4.908802449788369215e-01,8.421783589493353483e-01,2.200940578735661179e-01,4.865467581612674675e-01,6.621169845946766053e-01,1.245951552899443454e-01,9.365143752504698771e-01,4.356303274170331141e-01,5.637436824657456880e-01,4.037928277038473901e-01,6.342316164494660180e-01,9.385926684039974655e-01,6.660514709529589128e-01,7.751455631551418257e-01,6.350965788686708802e-01
-2.478716056480788910e-01,6.991507121338927933e-01,6.375188111891616494e-01,6.569301451632649780e-01,9.059566608635964968e-01,9.760827544202690387e-01,6.252307783143725706e-01,7.994655041361814485e-01,6.440798710474072708e-01,4.896009885828256358e-01,6.023923215973419065e-01,6.523665564050558363e-02,0.000000000000000000e+00,3.929440575058711360e-01,8.997070280488508320e-01,6.594002059719553666e-01,9.533607307008987730e-01,6.587393802229205564e-01,7.775500938621840996e-01,9.921019810683742168e-01,9.707188198205058960e-01,8.557713433179514606e-01,4.773311158995131032e-01,6.973648877796850831e-01,5.505782437652926298e-01,9.078483196749047579e-01,9.764904995719870806e-01,1.957054830149236313e-01,6.360455474680243304e-01,5.989042512315081446e-01,5.976417355399443743e-01,4.337197001156892773e-01,7.784954075733090395e-01,6.008390029746976113e-01,9.324575793019267422e-01,5.204499751017388487e-01,3.134106120012351560e-01,6.119328164020857441e-01,4.609550238913162623e-01,9.314592649537687397e-01,5.614608377524995531e-01,3.732802915444448089e-01,9.219591451216372358e-01,9.952943472083954912e-01,6.227093401520693572e-01,4.053862536910942671e-01,7.674887471483603507e-01,5.627823558823531469e-01,9.140448936950891223e-01,5.912412860827076511e-01,6.991018830825379560e-01,4.003102065192641890e-01,7.980525832531213393e-01,1.510694180661595332e-01,9.681800830917490774e-01,8.453712564066500068e-01,6.035879875059230182e-01,6.183172651389682306e-01,2.729765991436196582e-01,5.382455693100143268e-01,5.424988910898829175e-01,9.538237532919269235e-01,8.314842249676834829e-01,8.526617971978514010e-01,9.940238455187367927e-01,8.104227110300659120e-01,3.768253436726032302e-01,9.082163381538147506e-01,5.963389237198364334e-01,9.099815346263534499e-01,6.994859517705082075e-01,9.329577838899919540e-01,7.786884287760812429e-01,6.743095424682596928e-01,7.235982428665166388e-01,8.958061935317177538e-01,8.720628943989907622e-01,5.134382823397949380e-01,2.742954544873979494e-01,2.475653557452027753e-01,4.452269348071307697e-01,6.491930019366374260e-01,8.886122905227409330e-01,6.596359287979260966e-01,8.585389843992934367e-01
3.396485534383404392e-01,3.330660143229480230e-01,5.452523172832647314e-01,8.468987592327797964e-01,8.866949330538461682e-01,6.258219807340029694e-01,6.836424815416829448e-01,7.415364528283495682e-01,6.175562007684267662e-01,6.651647656132477771e-01,6.398000420804215993e-02,6.323164115361373794e-01,3.929440575058711360e-01,0.000000000000000000e+00,5.945126310941272196e-01,9.967535540146377215e-01,9.326047727200745818e-01,6.529537687347122255e-01,5.023400150381880369e-01,8.758065811173891824e-01,8.222212047680589331e-01,3.575822520394562609e-01,7.857607744607413292e-01,7.005943132814884677e-01,5.032056703618370541e-01,3.100150388652572753e-01,6.668352284729744950e-01,7.716518794584050767e-01,5.680054020868371412e-01,4.065506377511973746e-01,5.354649617893008084e-01,7.239085164360594682e-01,8.620075067957416737e-01,7.383765415917493691e-01,7.863936526442698582e-01,4.413484924838266821e-01,5.288706191976899618e-01,2.426940508035263511e-01,2.033329984867485174e-01,6.003639456318153877e-01,2.237569705657708741e-01,7.271819974293258770e-01,7.411812716435882686e-01,4.024537574960876940e-01,4.223716688634461813e-01,7.037392337910739482e-01,6.150604558132253263e-01,3.126608115039050118e-01,8.185354013462756706e-01,7.154825307158454439e-01,8.545866476786025956e-01,4.174804206889194957e-01,7.385959775049947273e-01,9.802747840023572357e-01,9.238534730128056607e-03,7.669946539840595268e-01,8.991166525905762708e-01,7.884272047607967515e-01,3.888322564908968104e-01,5.959692817420008115e-01,4.073985636747776695e-01,4.529424294105474091e-01,6.383414172845623957e-01,9.380071819053665827e-01,8.458096383125699447e-01,6.494972913675582937e-01,4.765044111920835879e-01,9.900596958484054744e-01,6.043196180621178693e-01,8.057380263664695175e-01,9.650600817408111487e-01,6.099882578958087942e-01,4.492174805721312891e-01,9.393763443262923563e-01,6.232849674606242285e-01,7.891902993840202996e-01,8.232097919533667429e-01,5.411173916959181041e-01,4.535282477953272440e-01,5.490772180801672953e-02,6.483005411708901988e-01,9.643052056420766682e-01,9.159902502601324770e-01,7.295082233414926787e-01,8.100504630142433271e-01
7.366568141109466339e-01,9.336202476089487945e-01,6.682642701994522261e-01,9.023428399389702426e-01,8.214502630423076157e-01,2.725517776960644234e-01,7.292547032364365966e-01,4.316453564048278735e-01,7.865507380719276576e-01,9.229480051742438018e-01,9.341733690794534750e-01,9.203430543441348810e-01,8.997070280488508320e-01,5.945126310941272196e-01,0.000000000000000000e+00,1.564104345520435924e-01,8.230050007738977103e-01,4.364272332871229065e-01,6.973189426034018812e-01,9.040360832051371753e-01,7.834877626343803581e-01,3.401390394637818781e-01,3.351627749775275555e-01,9.625360406183300910e-01,7.030227346308671743e-01,4.936867004885489574e-01,9.975362276893831037e-01,9.753206745839109182e-01,2.141692804508677495e-01,6.590574126159209900e-01,5.058469214667271618e-01,6.099788570150025402e-01,5.028293700577368686e-01,6.581988829672827945e-01,8.882381219529975613e-01,6.424920368961304362e-01,5.343564655926906770e-01,6.386576931969331072e-01,8.495822034826056024e-01,9.402322107904833581e-01,3.039264237715879058e-01,8.826058034722086276e-01,7.748959891612480222e-01,6.376683034234033043e-01,9.524693676751372351e-01,8.666775133123748587e-01,8.350925821878970590e-01,2.676353193634428140e-01,6.197608252213951952e-01,7.627310709254170318e-01,6.286590570191049610e-01,8.679683872188336258e-01,2.289254364104431894e-01,8.507563343499364716e-01,2.589350539130537143e-01,7.856261745556405440e-01,7.034470230200500218e-01,6.558593275193639327e-01,6.483946272984590919e-01,7.365891689662036335e-01,2.438179577312113433e-01,7.168651800028323917e-01,4.475703833917963337e-01,8.799542531041850690e-01,5.494461350267543231e-01,7.320795794951211466e-01,4.648720153144882961e-01,6.909345328160760857e-01,7.057649089133767317e-01,8.325222703679018288e-01,5.993543579165701018e-01,3.341524515425511183e-02,7.994393908912948987e-01,7.736346419637950556e-01,5.526279538115056456e-01,4.613986996082380387e-01,4.053127468838303438e-01,6.019089151575125474e-01,4.758135760231324562e-01,5.639700616415646017e-01,7.131958271279945638e-01,9.807085332581311210e-01,7.405520394213511715e-01,4.185462376930422779e-01,6.123312016812949565e-01
-4.329725326064240432e-02,4.311039726494207414e-01,6.016380323778915962e-01,6.793251858195432646e-01,1.674986978060472032e-01,6.248180543597380288e-01,4.521434877001113684e-01,2.122372761987237344e-01,5.204754452312629898e-01,9.790985061469287265e-01,6.959432141920438575e-01,8.264284683126278397e-01,6.594002059719553666e-01,9.967535540146377215e-01,1.564104345520435924e-01,0.000000000000000000e+00,9.399172128201047638e-01,4.674802126707524041e-01,8.521558953084640287e-01,3.892421962293093340e-01,6.897508489398310738e-01,8.679102095562679642e-01,9.627133491965381706e-01,8.039540598412973083e-01,6.270173237013251244e-01,8.036791154566927942e-01,9.851672561441469078e-01,7.099809863356351114e-01,1.474644686783564002e-02,4.748527769125967524e-01,1.256662283853489936e-01,7.706451273959975534e-01,8.930455412039396412e-01,7.112519357740737513e-01,7.892578929554601164e-01,2.118902974822079177e-01,4.384488684061751407e-01,2.557211943328343007e-01,7.261483613062319487e-01,6.966553952208310863e-01,2.568675901845143827e-01,9.112902400110055590e-01,8.150643427188244416e-01,7.537510400921230147e-01,5.248604658400813916e-01,8.690198547352909753e-01,9.545848636946956400e-01,8.944430825571865196e-01,2.594449111032517408e-01,4.535322924450916893e-01,8.681362422961855785e-01,7.169120480857120725e-01,4.683037361186242475e-01,6.061300274680679889e-01,7.102960372355601182e-01,3.707559262486547214e-01,8.944250177314236883e-01,8.684840848605377417e-01,9.531635310368511416e-01,7.694244164356658366e-01,4.706815691097367971e-01,4.103329672648239335e-01,8.262479249948986304e-01,7.715867929774562484e-01,9.998518127373940967e-01,5.296021425386098214e-01,4.008835176652116861e-01,7.163031301582384325e-01,1.560373442776066544e-01,8.814164520822483917e-01,7.898709750607749713e-01,4.778194337677860726e-01,3.745453066189962099e-01,6.383850143348714923e-01,7.012099594553250492e-01,6.298168799210411839e-01,7.266746104553788443e-01,2.666051778997765020e-01,2.363614681304682663e-01,3.833938755441339552e-01,7.762196788276989334e-01,6.876741094672126353e-01,9.964021580482811391e-01,1.113265676921970648e-02,5.908042317002311083e-01
4.053859621526877399e-01,4.547269949755741170e-01,4.771944556151559991e-01,8.212667289248014590e-01,8.233963065314628960e-01,8.912751607838906853e-01,6.363861123477634330e-01,8.518722051895758485e-01,2.394057547621049331e-01,9.475027155177095928e-01,8.511506128245676095e-01,6.755917355510051570e-01,9.533607307008987730e-01,9.326047727200745818e-01,8.230050007738977103e-01,9.399172128201047638e-01,0.000000000000000000e+00,6.959700866404354702e-01,7.665838599142588139e-01,7.476753266983876545e-01,8.207607685025357647e-01,4.994800687452768395e-01,7.554617622559527401e-01,8.281237309969504690e-01,6.655763574338855459e-01,7.354984764956730148e-01,9.902113782504978756e-01,9.064253475437872298e-01,4.252718391265786213e-01,3.935968900415007798e-01,3.361842452054999431e-01,4.061048114914312945e-01,9.189033490018487793e-01,7.641205927867666947e-01,3.206885283452828861e-01,2.197268099951023568e-01,7.501456283477008213e-01,6.844768517288566390e-01,8.209833921772189402e-01,8.881785496613027187e-01,9.130335748755286085e-01,8.494064630042515995e-01,8.021921585206117644e-01,8.261740498315525150e-01,5.865627431327923302e-01,7.995019777956483553e-01,6.819257585061506699e-01,5.813970229323220940e-01,8.774254891125182754e-01,6.087350846507832980e-01,9.364335542243196198e-01,4.822647966570456912e-01,7.936637948102476248e-01,9.250986286078828336e-01,9.846308620630004338e-01,6.695585237463569372e-01,6.799683758761940755e-01,8.025948544752329328e-01,7.029287137427244758e-01,5.543199820812345635e-01,4.562985317203030466e-01,9.149427922042411288e-01,8.399948507479226834e-01,9.157112856770633913e-01,8.011105997613504615e-01,6.301518988079928274e-01,7.118095707756080248e-01,6.208799508662425914e-01,4.258856171964137127e-01,2.249384668029049961e-01,8.077721762059985045e-01,2.921518070811769952e-01,7.593869995252282568e-01,6.507815272350783165e-01,4.635736156563975419e-01,8.232053975559371350e-01,4.017108882494916378e-01,8.718201821873678981e-01,7.920268978578195451e-01,5.905771936581563075e-01,7.258624781833752371e-01,7.698530350485588425e-01,8.725282379001515487e-01,9.020538833916461607e-01,8.449898950435211775e-01
7.203639715840834956e-01,6.297157404747891762e-01,8.593020384412819457e-01,6.927116252975608068e-01,9.838099795954953208e-01,8.351128422520581740e-01,7.770919554790094441e-01,6.456189306544123374e-01,8.192854985938776702e-01,2.330252872838234623e-01,9.515916484721569368e-01,7.755753033562027277e-01,6.587393802229205564e-01,6.529537687347122255e-01,4.364272332871229065e-01,4.674802126707524041e-01,6.959700866404354702e-01,0.000000000000000000e+00,7.923887658248904842e-01,9.762221545395117772e-01,8.177611211141133651e-01,3.684183096504494159e-01,3.096931573697742079e-01,8.505946616291845119e-01,4.551832728261982486e-01,6.499772059744366448e-01,6.413983174799940956e-01,7.471959555001475017e-01,3.682243937206723383e-01,9.795447214462094099e-01,4.072622123703922847e-01,2.401540601753471837e-01,8.515322917950982617e-01,8.897902492159077692e-01,3.141056171565022037e-01,6.162473799482078851e-01,2.359589663439533025e-01,6.858840916180102276e-01,7.173984896851501869e-01,9.611855381966051270e-01,4.976596632967323353e-01,4.124176777796016991e-01,2.743805051191132716e-01,9.427775545594354600e-01,8.753441613156880408e-01,8.264669659031055327e-01,9.122021050321831304e-01,5.920671055530480897e-01,5.767819638371579627e-01,5.881219852434655948e-01,8.124655526309610964e-01,2.226386389917568986e-01,8.983221733614719096e-01,5.473799366487780427e-01,8.800896726959273053e-01,9.532956684476917575e-01,7.419940987632447360e-01,7.416003116662170935e-01,9.855970467604585616e-01,6.206822745878077807e-01,4.264925616134878084e-01,7.584810780776539696e-01,6.690546987674543811e-01,9.093995493869990732e-01,9.655284679214671817e-01,4.216206465432417172e-01,8.834322699882760643e-01,9.107986695918284248e-01,-1.402818552266981156e-01,8.755345732617136889e-01,9.765623064407340514e-01,4.547185326662689375e-01,9.775616795012688209e-01,2.591917624204199688e-01,3.116778826538592062e-01,6.266901622524938542e-01,9.215889021819774207e-01,6.816572481037266318e-01,9.270224633458064023e-01,4.706381650903012637e-01,8.539364961177169366e-01,9.455478595934638797e-01,8.502129176030749358e-01,7.982753721522738433e-01,5.727956831917615510e-01
