0.000000000000000000e+00,3.961031794152756191e-01,5.360348920572206577e-01,7.727173192322505102e-01,9.425233046212542209e-01,8.156337866116769586e-01,8.141710895732633402e-01,9.527441258896903742e-01,7.837628926622495218e-01,8.046246656351321302e-01,9.354072539491473659e-01,9.891784458557638660e-01,9.354452412076875722e-01,2.120822093383115392e-01,9.156563971079311193e-01,8.630697218503189383e-01,9.894957958188999037e-01,7.948410988762971696e-01,9.595055235475080657e-01,8.057132330660274899e-01,8.922997828020958755e-01,9.690018360669000463e-01,8.893324299074577555e-01,8.174666508588360747e-01,7.444824242331703479e-01,9.133805933398738697e-01,7.910093937851176982e-01,9.281882563903001149e-01,4.399804106356872690e-01,5.132593449284421627e-01,1.429831759503471245e-01,7.165590273043044300e-01,9.736534774861372865e-01,8.608181719143188637e-01,2.242356791068238556e-02,7.210339305093158568e-01,5.359867054835102396e-01,8.201593500671577885e-01,8.543471323610978274e-01,3.026254445824420602e-01,4.427541775739692320e-01,9.179205573752519109e-01,6.536084823456662640e-01,4.926078449945750504e-01,9.349549493931287314e-01,9.493315426530548606e-01,6.455533390415124639e-01,8.561047968969242028e-01,6.333872194361553909e-01,5.734159421814406521e-01,9.475848741329431224e-01,7.945943630371993249e-01,7.350597460845773590e-01,9.558406051923957758e-01,9.015518842583727377e-01,6.393367699013836614e-01,8.843242847169228149e-01,5.305159613915869654e-01,6.983807908792625252e-01,1.469661710131773824e-01,4.049691825042888160e-01,6.604850388179314136e-01,8.404036923610903598e-01,5.783567732365698655e-01,1.209039607502421926e-01,9.750071930625902050e-01,9.412977206410180209e-01,8.040928723287066315e-01,7.712407886393310985e-01,5.174836162868121647e-01,6.167122775121791634e-01,9.040488475201753360e-01,4.454834196368010479e-01,4.995010633854893856e-01,7.361201354644840711e-01,5.089012397565016027e-02,9.390491929050802655e-01,7.733421474850938893e-01,5.356638390904115976e-01,3.728550193901999377e-01,8.671781931250286402e-01,7.403724918080889505e-01,6.164768049571275332e-01,3.234077995154661656e-01,8.519807771943794794e-01
3.961031794152756191e-01,0.000000000000000000e+00,8.905778874016563318e-01,3.759172478095270664e-01,8.907897503134006856e-01,2.142846899867088539e-01,7.166490866303328877e-01,7.960379534846578897e-01,2.593794272585265848e-01,7.838187508419314220e-01,7.132342126688450135e-01,9.136767682062985063e-01,6.250971081163536613e-01,9.759335827436214084e-01,4.885027568190657421e-01,4.859483181225801030e-01,6.249161504225317909e-01,9.658345246656256933e-01,2.745611445643779680e-01,9.904292857761076707e-01,9.188339102047528018e-01,6.112292015651077381e-01,6.309021653135641339e-01,8.391734146416116591e-01,7.654523562397039793e-01,8.530364516625514870e-01,8.032051283764894967e-01,7.384775549242336146e-01,2.168458714507245644e-01,4.297961894248558123e-01,7.889662080417481071e-01,8.600490274660915757e-01,5.741181079357228212e-01,4.251222840347015364e-01,7.895813126393609327e-01,3.332379352419019281e-01,7.774748057175423499e-01,7.371765754542050075e-01,9.359355440865053666e-01,3.817965703870217498e-01,6.957140567045376756e-01,6.882564610169203956e-01,8.727080689743860198e-01,6.463425927225600054e-01,9.729977758939785115e-01,9.642341674701330190e-01,7.903490366110481613e-01,8.044687551159143135e-01,7.985393887307239424e-01,8.316839254665462366e-01,6.195957830883291884e-01,6.855312630195831147e-01,2.360793561296717358e-01,8.578934191231171180e-01,9.003276051650601630e-01,4.481189144527174539e-01,5.561232079000999473e-01,7.269474209661891395e-01,6.184301419603942529e-01,6.510460560807472818e-01,7.824476274838111367e-01,6.109489916745336480e-01,8.745354359217518692e-01,9.197262101906089615e-01,6.196160934046167634e-01,7.946579400828169826e-01,9.776058558186527803e-01,7.424655957289333363e-01,4.562924401343700365e-01,9.059180560936553883e-01,6.217716172295338906e-01,6.906234106286442964e-01,7.680605270201104062e-01,4.469601439811122234e-01,9.257298175828065911e-01,5.904304674982516765e-01,4.246091983076056287e-01,7.358785952946756970e-01,3.527222856926320871e-01,2.769007550894748149e-01,6.655283163906495769e-01,6.956215995463174151e-01,7.452436084554761031e-01,2.970618068589461758e-01,5.041801091147420921e-01
5.360348920572206577e-01,8.905778874016563318e-01,0.000000000000000000e+00,6.890964452825444342e-01,9.728615649027424483e-01,6.862630775370153202e-01,6.475157639594227854e-01,5.615594779573422901e-01,8.835179416566543154e-01,6.805989245216254035e-01,9.004775791987535971e-01,6.415227023313431198e-01,8.674572201654799919e-01,6.157826483103814308e-01,8.692663428130467107e-01,9.807473216104819480e-01,1.503223454837349371e-01,5.104633811822396616e-01,8.403534199142601580e-01,6.662241011099971910e-01,6.256589830979437661e-01,6.311137245813467356e-01,4.414249999457886542e-01,9.800345852448548722e-01,6.932168196316611519e-01,6.583421149307865372e-01,7.470967212662460444e-01,8.632228216312665126e-01,7.645264812404153343e-01,4.877651707636536660e-01,1.197638523516221104e-01,9.236483355296449815e-01,5.087676758244898956e-01,4.261835320642018421e-01,5.865101994524551943e-01,6.936168403176790065e-01,4.259943458155623364e-01,3.689219458045367439e-01,3.534811379174463974e-01,4.681248775064154599e-01,4.090380370701628965e-01,5.586890099252579400e-01,7.076993452387443373e-01,6.173369270864123015e-01,8.594063469390704757e-01,6.672359053957853670e-01,4.553052614421130295e-01,7.764295253459259083e-01,3.233184766168107904e-01,4.058103623395367676e-01,9.738843083372753506e-01,5.576488100752250432e-01,7.941180264193286042e-01,7.482736514914059001e-01,2.155741345948061494e-01,6.606745033540206702e-02,6.374456654834047553e-01,6.355196369420997859e-01,6.921354311576376483e-01,5.728054330838231456e-01,3.150528615257064402e-01,5.203877335687102645e-01,9.934919607677892284e-01,6.921312689717991073e-01,7.370799063402847517e-01,8.751213093948562172e-01,8.181118526284774095e-01,4.465925492366022986e-01,4.823326676936502411e-01,2.915879991569350072e-01,8.532456694481197479e-01,4.281119919396302320e-01,3.066781341098104297e-01,3.861338419968569635e-01,6.328014296293399399e-01,7.200494853708474530e-01,7.563517198293681076e-01,7.108579228826540364e-01,7.055864732813879603e-02,3.250829762343702134e-01,7.776785476060189550e-01,8.708585804109603146e-01,6.883498606107590900e-01,9.573813206643763118e-01,8.073305853605470261e-01
7.727173192322505102e-01,3.759172478095270664e-01,6.890964452825444342e-01,0.000000000000000000e+00,6.839979505018066730e-01,2.584661673471551346e-02,3.515542190426571567e-01,3.028411766556644569e-01,8.971679309631224175e-01,6.964754500286258754e-01,3.441157829064013240e-01,9.349923833442362886e-01,8.840808130261269548e-01,9.406173410722138417e-01,3.450556640424879973e-01,7.254975744953283678e-01,4.040662191546428583e-01,6.384597223532152421e-01,8.121681891555658783e-01,9.644004338010747635e-01,6.199414280853239312e-01,8.664509329802125848e-01,6.370113180068354142e-01,8.551469497821653221e-01,5.108768287372429384e-01,6.599588180101122470e-01,9.348393491251556497e-01,7.494498756166514397e-01,6.313958225123108559e-01,4.409124539206465410e-01,5.101128042881190039e-01,4.407125351001723312e-01,3.782115943514137157e-01,8.748306335070773487e-01,8.987175802628235566e-01,3.055651424702465202e-01,9.677543108132913297e-02,6.403406899621432169e-01,6.292154864966560401e-01,5.614639110484691553e-01,5.717005295600852133e-01,7.249673291626694827e-01,7.674726762496616450e-01,9.402034527345999315e-01,8.821488825131762468e-01,3.505509153333734584e-01,7.722454947054342433e-01,7.495348736825129254e-01,7.204894052400478976e-01,9.225343616433127059e-01,9.234248186726702334e-01,6.455851041509872434e-01,9.640219711513849932e-01,7.524762169542869028e-01,8.863138083206206774e-01,3.097250560660277929e-01,8.793288649099982868e-01,8.567091610977310978e-01,6.664541833708929053e-01,9.936424394357905587e-01,7.758261377526582958e-01,9.970642901857492690e-01,8.760432139374886296e-01,8.226031941092465383e-01,7.767017738654438119e-01,7.828229491852798372e-01,8.556534579776142735e-01,9.354533605865775758e-01,6.622182938258589502e-01,5.708923162595710421e-01,9.932394395160271117e-01,6.171506397074844052e-01,3.809100295352538246e-01,5.423647993212190599e-01,4.144080712309788361e-01,9.873923692236644678e-01,6.457186626101092397e-01,7.084584736426707829e-01,4.000637182717473594e-01,4.969176795277913672e-01,9.729041090001160352e-01,8.985228519420059845e-01,8.714596188630397977e-01,7.519164568728117226e-01,8.406414842494214223e-02
9.425233046212542209e-01,8.907897503134006856e-01,9.728615649027424483e-01,6.839979505018066730e-01,0.000000000000000000e+00,6.519146194068873301e-01,4.861765717374203488e-01,7.263774951298900273e-01,7.669873384004867178e-01,6.051144371406544931e-01,7.901024619140609717e-01,9.380099151026651816e-01,7.955878768964521619e-01,7.301236757184355053e-01,4.064295855631128163e-01,6.541877724263839289e-01,9.137097045490830682e-01,9.139581361360802347e-01,7.452005873644035328e-01,6.732521642646118742e-01,9.369488094343004780e-01,6.397076064469762180e-01,6.966610352053671518e-01,8.790255781499303200e-01,7.327748325152261266e-01,9.508395704973631180e-01,9.659416857090008524e-01,8.888435360415876119e-01,6.661799161184055185e-02,4.964253197003788420e-01,2.791952115208313767e-01,8.739105568117584710e-02,6.823760555613557210e-01,8.484870684982137590e-01,5.947210279112138398e-01,3.545130225835521065e-01,2.407789965203655305e-03,1.341464218558082455e-01,8.663763289349319940e-01,5.578491301482787490e-01,6.991605221459428199e-01,7.459328443715851353e-01,3.626718980084814858e-01,4.242497916937255087e-01,9.764644760260339229e-01,7.520549322338321296e-01,6.413967574788745907e-01,8.638089916300095705e-01,7.807311035060544580e-01,6.059646802095454143e-01,8.650623678893363255e-01,5.920719360617907601e-01,8.096039747801421216e-01,7.863230018423426060e-01,5.153625700984940661e-01,4.707959223479259991e-01,9.103888784048976834e-01,5.938639994370851216e-01,9.744280791487677229e-01,5.661814231025110722e-01,6.514021878288903111e-02,8.085854202136187885e-01,9.978749358307061890e-01,6.560145826081067444e-01,6.284630508607179644e-01,5.811375176371212925e-01,9.569693625248885116e-01,7.350669109201711793e-01,4.770926635811097993e-01,7.315444905033356982e-01,2.040295056116210315e-01,2.676805870950436650e-01,3.754126376577541224e-01,4.671112528047802748e-01,7.654631933329482107e-01,7.804251950366033475e-01,6.697051367834061519e-01,8.042559579185480922e-01,3.511534237330193320e-01,-1.467286884086729248e-01,-1.429324757739802720e-01,3.656966260390640544e-01,6.211051353674519326e-01,1.298499377277962663e-01,6.667983556929542033e-01
8.156337866116769586e-01,2.142846899867088539e-01,6.862630775370153202e-01,2.584661673471551346e-02,6.519146194068873301e-01,0.000000000000000000e+00,4.866470071599914848e-01,7.346435695665537446e-01,8.751653979689882901e-01,5.176023412073875729e-01,6.875388184078279341e-01,4.058106527349248926e-01,7.601986365220457786e-01,9.519650134728064872e-01,3.620471860480986015e-01,9.791804045867735784e-01,6.391218355935547324e-01,4.904923976427875143e-01,8.053351268598644142e-01,9.389617496402148378e-01,6.142282364262632299e-01,1.574364686324408180e-01,8.207832144676862063e-01,9.579466461746618533e-01,4.772034281637091979e-01,9.495698808747449204e-01,7.593414257173382031e-01,9.332008066298468352e-01,5.563706325838460032e-01,2.715631632705201581e-01,3.515191092564130537e-01,6.671381597922818596e-01,3.543508541777505849e-01,6.823602618469770675e-01,5.629860888221206450e-01,7.666288584953377949e-01,6.809068308551080584e-01,9.928928493491786522e-01,6.412404080949956064e-01,6.120700585649839764e-01,2.241876261369268875e-01,4.577890934400882794e-01,8.786244240920271231e-01,7.101649273240943083e-01,8.631682936041489285e-01,8.954267049269213352e-01,7.070937677888060602e-01,6.281483990219981495e-01,5.941842543141480082e-01,4.406885451272170573e-01,4.735736007415481952e-01,5.198047861398811254e-01,8.092690292312397782e-01,7.422414901664730058e-01,6.224995143552397581e-01,6.003565029735719039e-01,3.761797479865632843e-01,9.589207385032525455e-01,5.771211519220381669e-01,4.901233604757752604e-01,6.521170568915297672e-01,8.921650074178257839e-01,8.148577244625654359e-01,6.516747591572988885e-01,8.146107485726646891e-01,6.533508947513437803e-01,7.650046211407123264e-01,8.721132774493148831e-01,6.170491547470491334e-01,5.517258006014100769e-01,5.185246932700534606e-01,6.948636273950676845e-01,5.367815685142197646e-01,9.780129155473058500e-01,2.722350033705209227e-01,9.380302813006008433e-01,6.120403764458497431e-01,5.267629536137604651e-01,2.826952758612071848e-01,5.486512666871968813e-01,-6.098131652111232759e-03,6.893788262342001039e-01,4.506275051002801568e-01,3.289739426283766477e-01,6.505423133930312574e-01
8.141710895732633402e-01,7.166490866303328877e-01,6.475157639594227854e-01,3.515542190426571567e-01,4.861765717374203488e-01,4.866470071599914848e-01,0.000000000000000000e+00,3.430734257948656607e-01,6.347076759063364770e-01,4.886239557577788939e-01,1.661791071134513520e-01,5.163929741729350598e-01,6.831010034266575826e-01,5.275459845466685671e-01,9.053850757386077142e-01,9.229072761898897692e-01,9.968245725277262714e-01,6.526511016455075476e-01,6.887503587731250709e-01,9.811787332229562342e-01,7.394052611960070243e-01,5.072903677728884952e-01,4.539442700260653552e-01,5.363980838875412882e-01,7.134773508841346645e-01,5.157288496386840393e-01,5.599158053490371767e-01,3.848903106211328806e-01,5.689624244277899923e-01,9.739475469040349137e-03,5.165391600765283781e-02,5.099467036871521142e-01,3.497216416598737387e-01,6.988928936809406522e-01,6.289428960323655282e-01,7.424690477464254146e-01,2.303036922880286330e-01,4.062983838198024333e-01,7.240524529408264298e-01,5.311819923637186580e-01,8.167109715940442660e-01,2.044675826033652832e-01,7.878446646764276640e-01,5.462105605466569536e-01,9.552971669728498316e-01,4.249161900800876301e-01,7.871578594383243921e-01,5.957703207448310501e-01,6.515706733639704540e-01,4.315939561900921095e-01,6.653628653366283618e-01,1.346234145025067830e-01,7.773083282216348699e-01,7.865814309907063206e-01,7.812237419042062925e-01,6.932747858145127395e-01,7.083535882576732501e-01,8.546394417917988484e-01,2.479006205352371484e-01,9.283461529166731063e-02,1.086839827431279604e-01,6.228674396019073800e-02,8.613270313542689127e-01,7.969357500467713074e-01,6.825576673898241520e-01,6.054747048690729549e-01,4.421302729744031601e-01,9.562621375329343199e-01,9.925843408713700411e-01,4.410092744572467471e-01,6.514284297321863981e-01,5.772525654801383688e-01,5.238740918663098434e-01,2.686243494775685803e-01,9.708803117711828357e-01,4.099627999020113989e-01,7.047828255764408967e-01,4.923576891969076996e-01,6.884422902301718938e-01,5.019741479141806018e-01,6.439234316630897403e-01,7.507527971669175626e-01,4.046506590899981437e-01,6.366058917135715423e-02,5.032584723375079783e-01
9.527441258896903742e-01,7.960379534846578897e-01,5.615594779573422901e-01,3.028411766556644569e-01,7.263774951298900273e-01,7.346435695665537446e-01,3.430734257948656607e-01,0.000000000000000000e+00,2.450710022202485239e-01,7.990764567259410756e-01,7.257321839759961479e-01,9.403698477777087117e-01,1.492721505999601850e-01,4.371852599519270716e-02,2.619903477156588223e-01,8.082227940048618553e-01,9.546047741866797720e-01,7.463834942449264487e-01,3.934089304640762674e-01,9.682223167462655766e-01,8.021352811857749288e-01,4.562682256585843810e-01,7.740877939758773474e-01,9.308280198868267297e-01,6.459577112207023353e-01,9.973421622544605958e-01,5.489022691346909788e-01,7.463937162721669960e-01,4.393897361398665935e-01,3.354763570933864125e-01,3.141128137880037086e-01,5.912425491473778383e-01,6.724164628550167722e-01,7.322728583693582927e-01,7.302557435501219052e-01,7.323606392932212605e-01,5.400602191546983732e-01,2.926341249575316050e-01,8.185303353167332485e-01,9.349359888431862942e-01,5.563688337589767219e-01,2.670642236161979710e-02,7.767348332172789860e-01,6.692754188882251709e-01,8.222951697595404230e-01,6.225980280670188050e-01,7.115121329287857899e-01,4.879255957921416753e-01,6.438379755435164054e-01,5.280087401281505777e-01,8.552212335316962122e-01,4.530746704586692264e-01,4.494656395982523089e-01,2.773493529738434993e-01,6.873110567864765263e-01,9.071306767624935929e-01,7.233507128439528033e-01,5.159042005466401015e-01,8.692877645926159191e-01,4.006313955337866273e-01,-1.149892229339540828e-01,3.023535555420523990e-01,7.863994774118114872e-01,6.462761681008841741e-01,8.120573448467834909e-01,7.174594748109325293e-01,6.150522829803223290e-01,8.996082656021167079e-01,7.216394888255032170e-01,4.438382197976359911e-01,6.291582734089544715e-01,6.074618545985117635e-01,2.110414509767739588e-01,2.042466835859817753e-01,2.486084840351390490e-01,4.181419420643416873e-01,4.824648886818529991e-01,5.398793629772946634e-01,7.259032303761721039e-01,1.267670652860676539e-01,2.960668565799226548e-01,9.865749791396223323e-01,7.450011859006755444e-01,7.388279035770524139e-01,5.944021618231385418e-01
7.837628926622495218e-01,2.593794272585265848e-01,8.835179416566543154e-01,8.971679309631224175e-01,7.669873384004867178e-01,8.751653979689882901e-01,6.347076759063364770e-01,2.450710022202485239e-01,0.000000000000000000e+00,5.459124010535709726e-01,9.206031081694568963e-01,2.411783340210406634e-01,3.029011383986203176e-01,6.661324589575524646e-01,6.674859394851555550e-01,6.988579244233724674e-01,8.122262407189096978e-01,3.433750614456091976e-01,7.364039174395538012e-01,6.878822399038885260e-01,8.390022554550188305e-01,5.805693522509793869e-01,9.971597982326374510e-01,8.162535407961355460e-01,2.211032312669897193e-01,5.144943352283954940e-01,4.783797781842062946e-01,4.713381454853246000e-01,6.783484178211069970e-01,6.066925778461262908e-01,2.347864427941233623e-01,5.624580051090327659e-01,6.006600106832064023e-01,4.236067075940524451e-01,1.622738444697297278e-01,2.927191287460017000e-01,3.989173220848573065e-01,5.505171348616046956e-01,8.018693969855987813e-01,7.826025385479460361e-01,9.371496134296694036e-01,7.666888271004449473e-01,9.268705079681208714e-01,9.973054658284155605e-02,7.103162226560577608e-01,6.731612621669227359e-01,1.055174501762625172e-01,5.190735349086297301e-01,4.044247941279519587e-01,2.638859806936626473e-01,9.128283123072512550e-01,5.857542855372408486e-01,7.779826531962044101e-01,6.515479981510561291e-01,8.643504853064596372e-01,6.603570871421813315e-01,3.645169031097085233e-01,8.385617379249986625e-01,7.301954539683113143e-01,4.936955816735082436e-01,6.927993391531181988e-01,5.079002334299923538e-01,7.770037378663947614e-01,9.447613348535340849e-01,8.162747286439313577e-01,5.677446917963124839e-02,6.859789980472982274e-01,7.405413527033799514e-01,6.795946341701522009e-01,6.618749054294976730e-01,8.907085048416293338e-01,6.644199230682947821e-01,9.115799736387324437e-01,2.845185458466855111e-01,4.996755441169312695e-01,7.902384041700308837e-01,5.929585116801774358e-01,1.122760123931696025e-01,1.887340189262068924e-01,7.329913310623097367e-01,7.796514868946651244e-01,8.317600424731419473e-01,9.097256580184461816e-01,7.279151701259412022e-01,6.978860028725328846e-01
8.046246656351321302e-01,7.838187508419314220e-01,6.805989245216254035e-01,6.964754500286258754e-01,6.051144371406544931e-01,5.176023412073875729e-01,4.886239557577788939e-01,7.990764567259410756e-01,5.459124010535709726e-01,0.000000000000000000e+00,8.178847396054484964e-01,5.815786192747486316e-01,4.816310350792204487e-01,2.534933447431608755e-01,6.439737048772288253e-01,5.824803598751903122e-01,8.451137323835505866e-01,9.863013236991197141e-01,5.722158946201307828e-01,6.534645028482071183e-01,3.027396567043718831e-02,5.003098204171892993e-01,9.867640168562075154e-01,9.398733569263906240e-01,9.384009554850832879e-01,7.300004880260632101e-01,7.471808801247857845e-01,8.474541918778311089e-01,7.655855610355251084e-01,2.041106624153149474e-01,7.919759280054690098e-01,7.037327549617938827e-01,7.464299196974746309e-01,5.777009218049731221e-01,5.138059788645572834e-02,4.901540237880827600e-01,5.330114370528180601e-01,8.080357392489688761e-01,4.102346796291295172e-01,5.738162908303756637e-01,7.742706858245440582e-01,4.780740748563953590e-01,5.733204558729285694e-01,5.852045495854043544e-01,9.874037461787001924e-01,6.568267730974526319e-01,3.679903995410659379e-01,6.745686615420758425e-01,7.324393717040973417e-01,6.063319013990045026e-01,4.654776392014499387e-02,7.004071035742498452e-01,7.689866880636194724e-01,7.436958896064002067e-01,7.150092727963606176e-01,5.060823302679349212e-01,3.270336844417724986e-01,5.836871648865402662e-01,7.981344597450584777e-01,9.622901244540761345e-01,1.215689006597090449e-01,7.934547689292477113e-01,7.138718172122008321e-01,7.348834287174643709e-01,8.533986034877802940e-01,3.514311228473760984e-01,8.104135365716949035e-01,6.833176180915450093e-01,6.093943147490221701e-01,4.218266760445870678e-01,6.129348339346516461e-01,2.018894499822284083e-01,4.072101488699207406e-01,2.698537438430831936e-01,4.715694660935998983e-01,6.660540382741344523e-01,8.263281003642302114e-01,-1.815080979885138612e-01,3.234169958992244576e-01,4.864521687320093046e-01,1.947387255002868203e-02,5.995106057611055972e-01,6.817313491781415991e-01,5.535933158780137475e-01,6.516020888011642143e-01
9.354072539491473659e-01,7.132342126688450135e-01,9.004775791987535971e-01,3.441157829064013240e-01,7.901024619140609717e-01,6.875388184078279341e-01,1.661791071134513520e-01,7.257321839759961479e-01,9.206031081694568963e-01,8.178847396054484964e-01,0.000000000000000000e+00,7.400047607465385369e-01,6.536106731612719711e-01,9.026455171268905620e-01,7.918301511138317039e-01,3.293071444039968876e-01,9.694395283298200550e-01,6.456017305386267946e-01,4.593416512603222257e-01,6.382253983352133009e-01,9.632645792293924591e-01,4.996431593110433056e-01,9.455086040676858872e-01,6.622273515228127572e-01,4.150897686602992298e-01,9.905101453056308625e-01,2.183852724676535462e-01,8.457682150052219239e-01,7.404929041213452745e-01,7.918750680662172137e-01,1.731308795600831341e-01,6.333534664826209193e-01,5.464620659622568821e-01,9.715741063611033068e-01,7.800334787441622897e-01,7.123510408644001535e-01,5.622284556382848297e-01,5.767967565468167246e-01,9.901077959012893892e-01,9.076791982037590856e-01,6.193331487237465627e-01,8.633936944699553973e-01,6.170285500377379329e-01,4.762575256480139352e-01,2.486023876504562038e-03,8.076438737678710567e-01,9.761640087050756920e-01,7.580867652440705928e-01,9.993953943245392768e-01,6.582026753667066243e-01,3.917099900624749775e-01,5.257789201352609521e-01,6.914568722338424456e-01,6.165227847340776224e-01,9.502074581671868803e-01,7.744089178371961202e-01,6.626225636928437801e-01,5.279658038278803867e-01,9.847791870578433970e-01,4.480960897449926539e-01,4.826401479710160647e-01,4.041817610425318258e-02,7.273546082640027777e-01,6.165703992089867080e-01,9.127602821639040354e-01,6.422512054549771587e-01,1.955419308055108552e-01,8.836919714851755314e-01,-1.226758201066721621e-02,3.405089816417862236e-01,4.931880687948870245e-01,6.140748628120382691e-01,5.906428787878540421e-01,5.286239761297054085e-02,4.347739031406535615e-01,7.119914548159647083e-01,6.778323287522601825e-01,8.955423940929201354e-01,1.077397875325044468e-01,2.371957431263639060e-01,7.023917574121987251e-01,9.982107203859315048e-01,9.335198437034588625e-01,5.596700386017298134e-01,9.925322167021188857e-01
9.891784458557638660e-01,9.136767682062985063e-01,6.415227023313431198e-01,9.349923833442362886e-01,9.380099151026651816e-01,4.058106527349248926e-01,5.163929741729350598e-01,9.403698477777087117e-01,2.411783340210406634e-01,5.815786192747486316e-01,7.400047607465385369e-01,0.000000000000000000e+00,8.070286915791645699e-01,7.792663497486803648e-01,8.587277070392667078e-01,7.934707896724266796e-01,8.491734539199580212e-01,9.658015302471975039e-01,4.398512811103706954e-01,9.936869328748245689e-01,8.978378586954829377e-01,2.805762804953456646e-01,7.825723312422325773e-01,4.442379538387480897e-01,9.930906853699679182e-01,7.948179332317394374e-01,7.401879236049524469e-01,6.816022445912932604e-01,5.221846076821893279e-01,7.962909776267621531e-01,4.328211823822081250e-01,2.936928691478406517e-01,6.321283712469799587e-01,7.240412050279365630e-01,6.792045091105003429e-01,4.278887742930498339e-01,8.695485167530699055e-02,9.301401279588948912e-01,7.815372719485990105e-01,8.926749205118302832e-01,4.908731421670519679e-01,6.935195360281294352e-01,4.934233303298888873e-01,3.971410517119220579e-02,8.007496988763074253e-01,5.552105852739706027e-01,6.448213705865281087e-01,8.533087750448317133e-01,8.654392746527078684e-01,5.977036414632399541e-01,7.744070177681712241e-01,7.703308822026022629e-01,6.385816864527739112e-01,6.837960690617924664e-01,6.360980343015416594e-01,9.131368152432185470e-01,6.117575781520595557e-01,5.313135075530650564e-01,4.240553040824704412e-01,8.532154153629890603e-01,2.801507662033275170e-01,4.535302155106258337e-01,5.271994764042640114e-01,8.250262051615382397e-01,9.301031938004162836e-01,5.569322052218188546e-01,5.695107259592692150e-01,7.417884433442423209e-01,6.720171752516488350e-01,7.022712849286417702e-01,9.983782349208565332e-01,8.654187453072366143e-01,4.570054228324602064e-01,4.666271925064339743e-01,9.499028873778947446e-01,9.783534649362910507e-01,5.017260653738192522e-01,8.506261387562387144e-01,7.489884995826675551e-01,4.061632385419819413e-01,3.841885115840387721e-01,6.246445529463487967e-01,4.769380332787193089e-01,-6.974699236004847092e-02,4.665531259784299056e-01
9.354452412076875722e-01,6.250971081163536613e-01,8.674572201654799919e-01,8.840808130261269548e-01,7.955878768964521619e-01,7.601986365220457786e-01,6.831010034266575826e-01,1.492721505999601850e-01,3.029011383986203176e-01,4.816310350792204487e-01,6.536106731612719711e-01,8.070286915791645699e-01,0.000000000000000000e+00,5.780787893232537389e-01,7.165580034703613599e-01,7.139105670935443904e-01,6.869721917008502210e-01,9.303784506464918280e-01,6.709977185011044565e-01,8.563892440817504337e-01,7.544543247127022401e-01,6.594427837968559469e-01,6.523108172758480539e-01,6.738820847732831520e-01,6.941242918026180320e-01,9.751331923150851066e-01,9.348593208632274276e-01,7.188135597358936701e-01,6.834884694504792524e-01,-1.208317805868638350e-01,4.046762642910881613e-01,8.315825731143440258e-01,2.692950533241771430e-02,6.005933291741466507e-01,5.493122220792088228e-01,3.101428685768330418e-01,7.109109861513719375e-01,6.896788018523635211e-01,9.592848186510101183e-01,9.895178476836699044e-01,1.493339862915278038e-01,6.976871189934800155e-01,9.181476028779740339e-01,9.671370231431857256e-01,4.677431957374193483e-01,9.886145740252767489e-01,7.897175157294986647e-01,5.105845914408587705e-01,8.327001715337404297e-01,8.048621832835372025e-01,9.926329662485844363e-01,4.466853117804364115e-01,6.628251795677677638e-01,7.607139314785874573e-01,8.593388280547230584e-01,9.367518783325273768e-01,8.090399350839643233e-01,9.924557140317247228e-01,7.145002746231312596e-01,1.455674859434825663e-01,-1.981441978014429894e-01,4.684519448398914987e-01,8.539094715544167657e-01,6.965015191745098644e-01,9.857553035577963918e-01,9.785511783093647775e-01,4.964039121708623825e-01,8.820108371210763076e-01,2.858417833178775180e-01,7.240412620002758537e-01,8.150484103828871119e-01,7.447294807528423988e-01,4.551002010851337709e-01,9.369306367962073612e-01,1.835054468533436900e-01,8.617160154691648755e-01,8.406230775675522793e-01,7.724244809021569846e-01,2.830585057728460807e-01,3.717296459125144503e-01,7.667758540455810179e-01,9.577866973347295421e-01,9.626485593807593277e-01,5.861254864826169753e-01,6.116375704682157632e-01
2.120822093383115392e-01,9.759335827436214084e-01,6.157826483103814308e-01,9.406173410722138417e-01,7.301236757184355053e-01,9.519650134728064872e-01,5.275459845466685671e-01,4.371852599519270716e-02,6.661324589575524646e-01,2.534933447431608755e-01,9.026455171268905620e-01,7.792663497486803648e-01,5.780787893232537389e-01,0.000000000000000000e+00,6.870590653744598209e-01,4.221131832183295796e-01,8.469781670312187538e-01,4.603771293169676149e-01,8.409658749570807501e-01,4.973680958506480621e-01,7.026864102386410904e-01,8.494796057646025744e-01,6.283214854364324031e-01,8.100619771623975840e-01,2.423672682029990033e-01,8.827530381875855481e-01,5.391381930535419365e-01,6.525489503938576297e-01,2.622708560076674189e-01,6.816569406499495276e-01,1.343847166950179195e-01,3.432956304165982742e-01,4.037188132071276025e-01,2.184961515709218927e-01,7.808246503068921873e-01,4.986769114083516308e-01,3.934832637484921847e-01,6.617565050753364542e-01,6.985208378893518200e-01,4.921254206079601068e-01,2.690377305709894529e-01,5.441840215763279476e-01,9.124627308769204248e-01,6.392684425748702548e-01,8.017170937913687956e-01,8.690405710329779376e-01,8.129102056512947927e-01,6.470816859995602854e-01,9.609656504142731759e-01,7.756341990250942287e-01,6.746812099252446071e-01,7.811995215784408586e-01,9.113770502732780887e-01,6.748891748521017586e-01,9.127435484211042782e-01,4.056890774232225771e-01,7.762719057610661944e-01,9.740036985835588412e-01,9.679350420215941941e-01,5.866202444630883583e-01,4.204518777843673782e-01,7.793272500316961171e-01,8.656354989461765292e-01,8.264935464494678197e-01,9.426448810212195717e-01,9.760865374875316025e-01,3.109084610199305265e-01,9.794873621192343727e-01,4.353965791756988502e-01,4.905530699790575100e-01,6.243855364886367054e-01,8.984677790953093934e-01,9.007919940603684728e-01,7.909966356407280852e-01,7.057013516799872654e-01,7.304928150143636945e-01,2.714147237467310902e-01,4.039137328684720418e-01,7.575302225109259435e-01,5.399108698601172707e-01,9.099613149749385954e-01,8.492638634833311606e-01,8.775760387435098675e-01,3.422572958644153340e-01,7.357617638129467785e-01
9.156563971079311193e-01,4.885027568190657421e-01,8.692663428130467107e-01,3.450556640424879973e-01,4.064295855631128163e-01,3.620471860480986015e-01,9.053850757386077142e-01,2.619903477156588223e-01,6.674859394851555550e-01,6.439737048772288253e-01,7.918301511138317039e-01,8.587277070392667078e-01,7.165580034703613599e-01,6.870590653744598209e-01,0.000000000000000000e+00,7.442702540619283713e-01,8.099684750403007838e-01,9.261852513095754080e-01,7.417508928318963246e-01,8.022117744094764413e-01,8.146819388057200406e-01,6.808126882545444403e-01,1.319252423435046118e-01,4.502176244755460299e-01,5.700752319318724837e-01,6.638654991528171179e-01,9.432123033208027474e-01,6.352484131053501848e-01,2.747315274210860303e-01,2.028211402813800135e-01,6.891828813952004529e-01,8.221586120055047742e-01,8.582189447070637245e-01,4.510918412939363131e-01,6.467999832836965890e-01,4.746637378710271138e-01,3.044614863583933184e-01,6.843255693052129329e-01,8.594048892703567422e-01,7.222687513214339772e-01,2.879609836096888031e-01,2.947153335205154323e-01,9.987847764302544284e-01,6.935242052987562467e-01,6.502891523387498429e-01,5.750880499050803341e-01,6.651662076837739912e-01,9.945920669124648228e-01,6.889520420997413686e-01,7.787126841868966531e-01,7.148228397257861966e-01,7.426237922233627220e-01,7.588722530014554435e-01,4.062406827435275369e-01,6.973701386576213190e-01,7.078447917652793686e-01,5.886400714440934157e-02,7.775846407502841062e-01,3.872196325474451806e-01,4.605951634106014159e-01,1.813539522285929628e-01,9.102133842551228815e-01,5.775251587260983310e-01,9.837234546507632738e-01,8.940737646406939909e-01,6.837747458969198888e-01,7.075126672528270211e-01,7.847887584616480838e-01,7.383271551650980591e-01,6.168737137014947969e-01,8.028151091289167374e-01,8.097370663691125792e-01,2.762725464828372918e-02,5.535448725759665178e-01,2.119196825253480965e-01,6.635123408162068026e-01,2.323206518137059529e-01,5.538264737144846794e-01,5.426313111269953637e-02,7.460010537227732552e-01,2.067264032417926445e-01,9.583223208410912575e-01,9.625644672440928362e-01,5.374525392693672021e-01,6.583333054113690297e-01
8.630697218503189383e-01,4.859483181225801030e-01,9.807473216104819480e-01,7.254975744953283678e-01,6.541877724263839289e-01,9.791804045867735784e-01,9.229072761898897692e-01,8.082227940048618553e-01,6.988579244233724674e-01,5.824803598751903122e-01,3.293071444039968876e-01,7.934707896724266796e-01,7.139105670935443904e-01,4.221131832183295796e-01,7.442702540619283713e-01,0.000000000000000000e+00,7.446266572689642649e-01,9.208605770736288942e-01,4.957231341919077217e-01,9.984488361243305521e-01,8.398311124605863931e-01,6.812769076682990699e-01,8.494831312923314393e-01,9.329565841833732387e-01,4.495215251720947602e-01,7.258489259542524330e-01,9.524576443046322005e-01,7.044459842191438392e-01,3.144863833368208295e-01,4.047382072865930436e-01,4.554154047913760994e-01,5.593582282288469543e-01,7.461311220070255823e-01,6.017289665188710890e-01,6.008430027264359818e-01,3.209439952895034587e-01,2.686946935030991579e-01,7.701108441360625667e-01,9.404513621110907051e-01,6.300883550994350601e-01,4.027955782262711004e-01,7.442917721703161682e-01,3.567663196896539435e-01,9.353246011771855217e-01,8.117521112867296385e-01,5.143723469368741696e-01,4.415938847154203262e-01,6.816407895216313184e-01,4.032712983464293299e-01,5.838298261839117709e-01,3.306488936599001338e-01,6.576957110942448503e-01,6.352231656443171337e-01,1.174988262786503396e-01,7.319899164670291558e-01,2.153577169165394323e-01,6.913223481735614184e-01,4.102765055694150842e-01,8.481139989941119950e-01,4.334059104781671778e-01,5.722375843415443697e-01,5.239201986465661376e-01,2.365987596382692071e-01,7.568366869425618981e-01,9.495956137772662009e-01,8.130455911696385929e-01,6.526412821308312795e-01,9.910957227004177916e-01,9.553567344433393504e-01,7.393439790202234185e-01,6.638383592505009423e-01,9.973028440670475003e-01,2.735931698374990950e-01,6.128736136132992840e-01,1.396088236738398658e-01,2.033212020456186542e-01,6.937828127152869673e-01,6.791010213151498220e-01,4.007397369625938510e-01,3.742788367012882533e-01,9.598571915639837471e-01,8.827132399291079956e-01,7.143595523069410369e-01,5.877805126830442095e-01,6.370279101331078886e-01
9.894957958188999037e-01,6.249161504225317909e-01,1.503223454837349371e-01,4.040662191546428583e-01,9.137097045490830682e-01,6.391218355935547324e-01,9.968245725277262714e-01,9.546047741866797720e-01,8.122262407189096978e-01,8.451137323835505866e-01,9.694395283298200550e-01,8.491734539199580212e-01,6.869721917008502210e-01,8.469781670312187538e-01,8.099684750403007838e-01,7.446266572689642649e-01,0.000000000000000000e+00,4.999318829621057780e-02,7.733995316030006784e-01,8.655994868155137967e-01,6.968715049601962308e-01,7.635824892057074820e-01,2.272290931562310767e-01,9.122680309860544678e-01,6.256412893109321027e-01,9.761371065318799056e-01,5.417102195981260415e-01,7.643454724422016344e-01,6.104543882459901871e-01,3.881077655905815771e-01,7.478558921627647127e-01,4.011884921070446586e-01,2.795165006180937439e-01,7.058479052911830198e-01,9.966337971742120772e-01,7.147166143443028918e-01,5.140296564154818171e-01,-7.100921297429810264e-02,8.521832006939668025e-01,8.933923192418369297e-01,3.704085306015755807e-01,6.265633480469966488e-01,7.205878507935539190e-01,7.082895689944379569e-01,8.870816288859423304e-01,6.370185719860022022e-01,6.998956139883590888e-01,8.330638982489643185e-01,8.058499709528473831e-01,9.516470645417067775e-01,9.204254867509437110e-01,9.742111519346822179e-01,8.936228974917929113e-01,7.520973162584245753e-01,5.473019169540840334e-01,8.248175780021259618e-01,6.118206564046574369e-01,8.300292169157187372e-01,9.120979135745660438e-01,7.099349845103856138e-01,4.265929414010073417e-01,9.808691659326671530e-01,8.158092456387093794e-01,6.134265840723768237e-01,7.040489459034608988e-01,9.643921945715014932e-01,9.715478155482009104e-01,7.627552325438479164e-01,1.563460642598237804e-01,9.273507927469235579e-01,8.205574149534143602e-02,8.124579785643886165e-01,4.599108007168773993e-01,4.063833064237936110e-01,7.544649123182195494e-01,1.721532442414216990e-01,6.481015622292948253e-01,6.303548083596371976e-01,4.357343535265760237e-01,4.892344649609883245e-01,4.163022906777291143e-01,3.662085485732540224e-01,6.696759389838496945e-01,7.491544400074920951e-01,2.310873649075571301e-01
7.948410988762971696e-01,9.658345246656256933e-01,5.104633811822396616e-01,6.384597223532152421e-01,9.139581361360802347e-01,4.904923976427875143e-01,6.526511016455075476e-01,7.463834942449264487e-01,3.433750614456091976e-01,9.863013236991197141e-01,6.456017305386267946e-01,9.658015302471975039e-01,9.303784506464918280e-01,4.603771293169676149e-01,9.261852513095754080e-01,9.208605770736288942e-01,4.999318829621057780e-02,0.000000000000000000e+00,9.236574909958269464e-01,7.116622411883998245e-01,7.228859162730043586e-01,7.701127424721462278e-01,6.905849776202137580e-01,8.481351378516706063e-01,6.178182322830476636e-01,6.872957919653346348e-01,8.695632976203829800e-01,5.036657763542139454e-01,7.315615881799463205e-01,8.299746278110673448e-01,2.873104395337615635e-01,6.298107118750718297e-03,7.981561816412809929e-01,8.703106683824076706e-01,7.387982949639911867e-01,5.314983073567276506e-01,4.192735553311512930e-01,-1.329881880794813176e-01,4.015013508238382545e-01,9.910677518896814364e-01,3.776704604766361051e-01,9.873528613809192667e-01,8.871821366335443937e-01,7.323272461822109003e-01,2.065526913864046132e-01,7.695704508420223577e-01,8.654811474096928414e-01,8.175294372640413698e-01,5.953972944837193637e-01,7.967629880434566880e-01,9.147474805385563679e-01,2.332301199909198874e-01,6.609255733741120631e-01,7.419193839256538192e-01,7.912750393664416126e-01,5.073499473409266436e-01,9.972270891243011359e-01,9.406971034648774488e-01,5.474824671843385726e-01,5.186618349139835438e-01,5.976458697275930376e-01,4.167325670162744800e-01,-4.579011863043988551e-02,9.820462143868671223e-01,9.159004105853594258e-01,7.939677413206154277e-01,7.545860562579677078e-01,6.490542473636324861e-01,6.691587869773926167e-01,4.078903860453496066e-01,8.445803824933323378e-01,7.891257670917134481e-01,7.994758932607992641e-01,6.470872382489925023e-01,6.002473518641718853e-01,6.114548468671532344e-01,4.548035052602812933e-01,8.675137699182433604e-01,5.928264991081044766e-01,4.402712328795536090e-01,2.796810922334755922e-01,7.465988611580470780e-01,7.704162432947048167e-01,2.786488277577516826e-01,1.985687010136950592e-01
