0.000000000000000000e+00,8.940844528833100657e-01,6.243702861723547937e-01,9.129419831609417724e-01,8.999550771533491034e-01,6.477314442946385808e-01,6.481148639750093920e-01,9.918546778310343148e-01,9.683958500129278280e-01,7.819603050015986323e-01,9.100317170555093371e-01,9.190904676357614100e-01,7.767256173063777913e-01,8.444856330912042797e-01,6.590023511528781963e-01,9.890979703030620129e-01,8.957239514002364178e-01,4.923481872823483596e-01,9.083823402989755769e-01,8.173758546058325081e-01,6.866793117249324618e-01,7.925924914235866758e-01,2.135893800237128881e-01,8.247535284198862504e-01,5.011526340612073582e-01,3.328823609526659344e-01,5.966070543539261362e-01,5.547766400887910176e-01,4.407270753920157769e-01,6.163496380109885209e-01,5.359081706571808823e-01,6.986651470554624543e-01,7.091936311036713958e-01,8.474369092633263767e-01,9.450494400572909681e-01,8.899996365736516646e-01,6.747315106559353959e-01,5.366379278431845368e-01,8.683939649947787220e-01,8.377035501329018752e-01,4.402627795808878863e-01,9.290281129314792441e-01,7.954826201256326446e-01,8.642956149639295926e-01,9.809682962004202533e-01,8.120963097685693910e-01,8.452299957152393795e-01,2.414713230452207038e-01,6.473890952369775187e-01,8.665248566523070517e-01,5.044835145549478872e-01,9.766571124979470664e-01,9.020315063064459071e-01,8.445092005455223649e-01,5.846064497939925664e-01,9.599660399634513119e-01,2.223199217436561681e-01,9.062912426166340740e-01,9.097181930536640815e-01,7.080380461199979880e-01,5.063682293066459339e-01,6.331491929419967857e-01,9.860684110025503823e-01,6.524267041036669879e-01,9.358016366125482266e-01,8.491832481504478780e-01,7.292025479157908663e-01,7.218988978667379985e-01,7.625483378930384415e-01,3.243237798390702920e-01,3.231534274044455257e-01,8.326767289138941042e-01,3.771751120630874587e-01,5.564624556721156079e-01,7.702230525163082930e-01,5.819528562578860642e-01,7.563240549696512716e-01,5.438505741625322409e-01,6.523560462086096523e-01,4.737445878643434805e-01,8.672508567629636511e-01,9.991247322802481179e-01,9.790991580285577367e-01,5.636005151047059902e-01,6.299667712606346059e-01
8.940844528833100657e-01,0.000000000000000000e+00,5.031950864893015574e-01,6.276369852776546576e-01,7.235078614678710496e-01,2.843252334787274016e-01,1.865114532185594420e-01,2.598320760400429918e-01,6.846052722412332425e-01,5.122245449579002630e-01,8.898639778769985575e-01,9.631069188410583681e-01,7.925610340756669148e-01,9.349573612249640897e-01,3.792389610297045577e-01,6.040070735744819119e-01,7.160401784879688591e-01,6.348044580030121065e-01,6.292953987469532828e-01,8.325291255536698687e-01,9.950025141078724378e-01,7.243076218561924629e-01,7.459163182593506747e-01,7.101410690771113865e-01,6.627331221261941741e-01,9.059203157092835523e-01,4.217844031597040022e-01,1.668304406318891764e-01,8.822178867647789691e-01,6.578437104498542354e-01,-1.528349437672616440e-01,7.515272317083907527e-01,7.305479384296174050e-01,4.153120797881554305e-01,-2.298103830375630707e-01,6.642882386007765705e-01,4.099725950327378077e-01,8.202631751842123231e-01,6.467087693046277286e-01,9.142327266990877277e-01,6.024485346033940925e-01,7.525345322322412045e-01,8.503888180300299693e-01,3.393043148781891283e-01,8.105321791249330277e-01,6.869288774101999229e-01,6.505420908490702203e-01,6.339646422458105057e-01,4.054938630661651944e-01,6.330699999668921718e-01,6.668595454532129096e-01,6.479796835401695487e-01,8.132294546821070558e-01,4.206584688309774056e-01,7.780730428305885349e-01,2.329989125390636295e-01,7.374188692313092819e-01,8.531358428881160583e-01,9.538179084185899326e-01,2.993769795764709696e-01,2.729612665550572581e-01,2.261927375214250469e-01,8.289908861160235620e-01,5.311103665746114144e-01,7.160716945162416414e-01,8.325138651707757464e-01,4.657846584464195860e-01,6.440103377373227467e-01,7.198873022798372157e-01,6.950604857843147855e-01,8.655639132475371200e-01,8.596464952301332563e-01,4.052173291957065215e-01,2.320976265223588242e-01,4.525934245282275947e-01,9.456676838476414382e-01,6.320550580550368114e-01,9.211118884101150428e-01,3.333940853101204915e-01,4.692788192464347197e-01,9.505088143034493564e-01,9.814126384039718598e-01,9.311486056759826768e-01,4.133096030887161154e-01,6.695492637838487138e-01
6.243702861723547937e-01,5.031950864893015574e-01,0.000000000000000000e+00,7.487787842033100105e-01,5.671435629556400571e-01,8.022336790747116586e-01,4.811316693775954945e-01,7.624084848529254499e-01,9.801366098681272288e-01,8.485741539191445915e-01,6.050339081947078146e-01,6.547900797620371804e-01,8.406474457921523369e-01,7.534434396201149520e-01,7.961573982519520865e-01,9.066448567045694018e-01,8.436534939219859641e-01,7.333057761521688533e-01,5.640115526007655200e-01,9.556170977886535578e-01,6.069446139551002428e-01,6.956095352574160895e-01,8.622147526433014963e-01,6.520338184751798272e-01,9.948213240316724493e-01,4.094538620152510799e-01,6.825694857536368509e-01,9.310626571503418658e-01,2.536900870886639181e-01,6.382178063265322443e-01,5.558839759121159130e-01,7.006803591571791889e-01,8.543872277355669675e-01,8.336237978066709520e-01,9.444203399878724203e-02,6.404392696525333939e-01,4.216709191450678240e-01,8.795921557718044959e-01,9.109499377481496962e-01,8.198911386016460856e-01,5.898914920877600387e-01,5.593141713998031062e-01,8.656369780435488881e-01,6.141273113940268757e-01,5.167759259374217207e-01,9.889425999633296716e-01,6.865499029063766301e-01,9.463757421082774623e-01,8.769472583423417733e-01,6.109535600470912264e-01,7.243130404489503960e-01,9.317176410174032863e-01,9.605970556161692597e-01,8.870208674536280702e-01,6.382073223842399390e-01,9.072755486730872398e-01,5.984220009431482357e-01,8.738552294010190069e-01,7.264688993156762642e-01,2.628755398574593172e-01,7.001735865852839469e-01,8.000976248088423892e-01,7.689854715928141626e-01,8.923639324094799763e-01,9.869802881034571707e-01,7.290882843061214924e-01,4.727432084152144998e-01,-3.608638446825315760e-02,9.980978673106203347e-01,3.477845511087604979e-01,4.335190667039932055e-01,8.084195412986737717e-01,2.245092130667532548e-01,4.601303794942066538e-01,9.293077708507887502e-01,4.955328251209699109e-01,9.938642786109522786e-01,9.657529636907671300e-01,2.834669197622573522e-01,1.311983016273006175e-01,9.835749041518616620e-01,4.772314519483480399e-01,6.134092386043255019e-01,8.125933727330674206e-01,9.218052872384587815e-01
9.129419831609417724e-01,6.276369852776546576e-01,7.487787842033100105e-01,0.000000000000000000e+00,4.621336876388033588e-01,6.516093063890674442e-01,6.526135366788995418e-01,7.955553407980460179e-01,7.355505435883833432e-01,6.288741627212544039e-01,7.081028351880199745e-01,9.989615282877655211e-01,5.235367449488296243e-01,4.635576061451036067e-01,4.215932209740906322e-01,5.595988648780932939e-01,6.695049733193904062e-01,8.095327307537325545e-01,7.318198801367232775e-01,7.717954830824300672e-01,9.691545479907207605e-01,7.934136324174503319e-01,8.855454632851561536e-01,9.044776545756482156e-01,7.296592727317421367e-01,7.286156009365328812e-01,5.708476861136491110e-01,5.368870621414381095e-01,7.875887344018450698e-01,7.284749998658410775e-01,3.352894092448296393e-01,6.254751171945009958e-01,9.890175251596009520e-01,3.141442510805375066e-01,9.324796598859074193e-01,7.673325072282827231e-01,4.703075985616402832e-01,7.151879692097042884e-01,9.616076474885223435e-01,1.884776700748773751e-02,7.183016550041014803e-01,9.945501377338696880e-01,8.866943309443892085e-01,4.991145998161250485e-01,4.242780832959026638e-01,9.651980009833533991e-01,8.968887900348622155e-01,7.683822302451395192e-01,8.794816284532722683e-01,4.058629581886425419e-01,8.410530721990090441e-01,8.506867326641377458e-01,7.843717167205535024e-01,9.345237296421156081e-01,3.792366444530366199e-01,7.364367011611296920e-01,2.399791867482082286e-01,7.512542381447121498e-01,5.335025851563802712e-01,4.391620155385809188e-01,4.487499653508535413e-01,7.197781237933866816e-01,4.514857820377476960e-01,4.267354021333304992e-01,7.894347340964695814e-01,7.283236917062048121e-01,3.419582975444970252e-01,6.020817270588584291e-01,5.342021654874475889e-01,9.608099068018755018e-01,9.855909002739017266e-01,4.229088852840304225e-01,4.485583579779921504e-01,3.969227771823458650e-01,8.470279472935554610e-01,8.398455278041047078e-01,5.831943424448138291e-01,6.619563428524890547e-01,9.627434546696783668e-01,5.928553388186212914e-01,8.117622096646988084e-01,5.613275160227102489e-01,6.510997066960788615e-01,9.981848565875240942e-01,6.969738104049612026e-01
8.999550771533491034e-01,7.235078614678710496e-01,5.671435629556400571e-01,4.621336876388033588e-01,0.000000000000000000e+00,5.197202842427764979e-01,7.160436297633006042e-01,4.128306020198926896e-01,1.489885572709446215e-01,8.946460111849720009e-01,6.961217880977902395e-01,8.047855880998673328e-01,9.378846056397668329e-01,7.483482986574173657e-01,4.544578694126424900e-01,6.330116120618147768e-01,9.334002255629997302e-01,9.448630814176790516e-01,7.011077138685163357e-01,2.568236051306278522e-01,6.899505915729247096e-01,6.262552032338565278e-01,8.940338413713702082e-01,8.466577399274716198e-01,7.219776947407940959e-01,3.155669838786853698e-01,6.321207556735533029e-01,8.584733501712504822e-01,6.166635689731382319e-01,2.671583161992600042e-01,1.809617123592694929e-02,2.162399809812442786e-01,4.514208139726339497e-01,7.743989156483910286e-01,9.132801320053686167e-01,2.964202876864703295e-01,2.088983763791601445e-01,7.661580003730222854e-01,6.810277446739732010e-01,8.988664439020966901e-01,3.580388616326763973e-01,4.718026226714433502e-01,8.440454930518114240e-01,9.406354591835612844e-01,9.527847949649331794e-01,8.150981907319474473e-01,7.453936413778914361e-01,8.736473187624583803e-01,6.268086780538193459e-01,7.434191694537273243e-01,7.813127152592997948e-01,7.338685877867994201e-01,8.198565633475252135e-01,6.936807461181044854e-01,7.195261086526512084e-01,6.158765676631205999e-01,4.581951046602639743e-01,3.746519390564463370e-01,9.916858697273082113e-01,3.731944530502954160e-01,7.544295925458613938e-01,8.610139890968506737e-01,8.754518964845465767e-01,7.134454876962960101e-01,9.240771486655634526e-01,9.613187376514695792e-01,7.872508425023331258e-01,6.354506478706678507e-01,4.959970040800978919e-01,6.375660339449413794e-01,9.283209059518594541e-01,5.013026349252666103e-01,2.219288795984390994e-01,6.637151127182715493e-01,7.594401519267606204e-01,8.553310732859751297e-01,2.751622900034875197e-01,9.363703298439138845e-01,5.207390442700542410e-01,3.122785044827947609e-01,5.485165637712617892e-01,9.713646481387372411e-01,7.383576931066542226e-01,3.292006353783099026e-01,6.531498860924948024e-01
6.477314442946385808e-01,2.843252334787274016e-01,8.022336790747116586e-01,6.516093063890674442e-01,5.197202842427764979e-01,0.000000000000000000e+00,5.086360439472566997e-01,6.159179244394313857e-01,6.750781510254117990e-01,1.142282980645750456e-01,6.000229603948442625e-01,7.352679002370280381e-01,6.251840195785930421e-01,6.233124282860811327e-01,6.595053406142493690e-01,5.106220193800991014e-01,6.191430884374362620e-01,6.614808866378416585e-01,8.112249276749785576e-01,7.761406723352549664e-01,9.912580861734738846e-01,6.942343265367932892e-01,8.964756481535506305e-01,9.859670449994022423e-01,6.633025665341127919e-01,8.604678244730543657e-01,8.720904932588813274e-01,3.525163158460415946e-01,5.417869673713828771e-01,5.482275088381478589e-01,7.789550948756013282e-01,7.713963620484762806e-01,9.784567751688274528e-01,6.240495651272746080e-01,6.965916399163868400e-01,5.102792687406364491e-01,4.627249163263828513e-01,6.313379743480321826e-01,8.165791569986782239e-01,4.467181951990199518e-01,1.953592170045593823e-01,5.461038729671323644e-01,7.495775330688625449e-01,1.592793238510794573e-01,8.990141604952874843e-01,3.212415948977462854e-01,6.797981880063648230e-01,6.780901225740969540e-01,7.749105629996444478e-01,6.066975413216977309e-01,4.721059313359410314e-01,9.407547192738857644e-01,4.759137724937792524e-02,9.169664344278327661e-01,8.881941843647948032e-01,-4.680834405382897079e-02,8.461594646665835384e-01,6.640368638750848707e-01,9.768828827094386824e-01,4.914745780434762734e-01,4.719901533897671864e-01,6.541730622717893961e-01,8.997867288125674934e-01,6.264368727382976232e-01,8.073373883759891179e-01,5.676963735213664819e-01,7.465383233029113663e-01,5.702871766602493064e-01,8.958389905108816720e-01,6.541364040107883193e-01,8.777287784823568639e-01,6.679764620788990470e-01,7.548199623397797708e-01,6.731926713612835789e-01,7.949500343632909249e-01,8.243901993924122040e-01,6.017492724451422026e-01,9.872944290650842447e-01,3.158965041064470958e-01,1.229901857194434789e-01,9.958720432936940536e-01,7.165749718602908436e-01,7.546344379742623287e-01,7.304015749109536992e-01,8.876771183554333922e-01
6.481148639750093920e-01,1.865114532185594420e-01,4.811316693775954945e-01,6.526135366788995418e-01,7.160436297633006042e-01,5.086360439472566997e-01,0.000000000000000000e+00,2.711468537051122674e-01,5.455735747625491960e-01,7.818062598731149171e-01,7.907523655627870518e-01,7.650469266673931568e-01,4.674381570143679165e-01,6.142546330896796469e-01,3.591220922244118263e-01,8.106855930618916961e-01,7.174013037450177599e-01,6.541254191387937400e-01,5.170727501218908007e-01,7.444509205161884413e-01,9.178800419448853720e-01,9.727708412585246434e-01,7.384190888514884366e-01,7.012093555016015722e-01,5.764883938240387140e-01,3.615143786403297033e-01,7.130103003481482737e-01,7.373949964663827350e-01,2.845815271480736097e-01,6.704848305843010836e-01,3.130906155749749176e-01,3.241774123142054931e-01,7.693249464847933261e-01,6.282728418377375723e-01,6.443998148272884752e-01,2.721785980510925129e-01,4.861243535500926471e-01,3.903329281784107541e-01,2.059982458018570217e-01,4.491756639424979158e-01,4.660426273765130301e-01,5.039990900819205644e-01,8.869120152641902788e-01,-7.636842660686621320e-03,9.273811494144416079e-01,7.231745331865032655e-01,7.315578604098648130e-01,2.970860284801403739e-01,8.835936287194243732e-01,7.084516684358229677e-01,2.187737047435438509e-01,7.892407673432048076e-01,4.525767979563646848e-01,7.086800085034161700e-01,6.344777474266515283e-01,5.299430447895576712e-01,5.615134564489527857e-01,8.526482652876102852e-01,3.365766081133091392e-01,6.216193189675714992e-01,1.357478798060941794e-01,4.889654925673931896e-01,5.908009223479295802e-01,7.179424908802788385e-01,5.183650999062183740e-01,4.900106369720840238e-01,7.243849296285522765e-01,8.884686651497505361e-01,4.507898951348683902e-01,6.303576118497262737e-01,6.228430977895542675e-01,3.022935862000083462e-01,6.168627620222206787e-01,-1.859849286284994130e-01,3.637570254409119297e-01,6.179808360990007160e-02,5.314674962810229664e-01,9.333345036071943879e-02,5.520350064565009429e-01,5.784950841089238072e-01,7.247754956976947271e-01,7.305697897537311025e-01,6.180634678744881816e-01,5.262007342808775467e-01,5.289166729853125304e-01
9.918546778310343148e-01,2.598320760400429918e-01,7.624084848529254499e-01,7.955553407980460179e-01,4.128306020198926896e-01,6.159179244394313857e-01,2.711468537051122674e-01,0.000000000000000000e+00,4.704348831993039326e-01,5.875432207502279125e-01,7.309483161370128323e-01,3.850214866504206856e-01,6.505080457978201780e-01,9.779754857483300423e-01,9.376402433609766218e-01,5.555583179958732964e-01,9.932088177007397656e-01,5.150017411126934785e-01,6.539815415648682073e-01,9.543687100957374270e-01,8.507170374477577290e-01,3.303133065506144161e-01,7.404460343913732423e-01,8.060593917296683397e-01,8.594095297447277293e-01,6.972268873228987252e-01,6.595317740030861575e-01,-9.692946619147635445e-02,6.427380822703919749e-01,3.970461509367207986e-01,1.849873943216108207e-01,3.430770043454683393e-01,3.948454092517340031e-01,2.375906775861252318e-01,6.268045152982901769e-01,1.046435732354302761e-01,2.699103714354072481e-01,4.894055642643068138e-01,8.757351323636337614e-01,5.246219409579856024e-03,7.093210106309545404e-01,7.326370809159559183e-01,9.690794993467684026e-01,9.161596899833372998e-01,6.805456997191027257e-01,7.209194549264843488e-01,3.346925860482172776e-01,6.777353441698410474e-01,4.759332260485059640e-01,5.254197148642042459e-01,7.845921606098311685e-01,4.727996267424106613e-01,4.452722623748064934e-01,4.877271267152734624e-01,3.854488198911213415e-01,3.607252069429233154e-01,4.510646158344278622e-01,3.280916011088155781e-01,7.527809064961005214e-01,5.320721850244779505e-01,1.000713833537787527e-02,5.129827368527049014e-01,6.781257074344584357e-01,9.505439400085901047e-01,8.770055792881155110e-01,1.422298914066764397e-01,2.907374416426062869e-01,9.197811424709574357e-01,3.131967616652631681e-01,7.669050250537975399e-01,6.605497825839583559e-01,4.756642135528375559e-01,6.853381106885488017e-02,5.282969960295287315e-01,6.425762912786461278e-01,8.261850115568589725e-01,7.867575248050642234e-01,5.568139152350948425e-03,3.539612242208571846e-01,6.235037198846324902e-01,5.392229568411075480e-01,7.604854448875371098e-01,5.041645830585508303e-01,5.771877170740371543e-01,4.814812897270037695e-01
9.683958500129278280e-01,6.846052722412332425e-01,9.801366098681272288e-01,7.355505435883833432e-01,1.489885572709446215e-01,6.750781510254117990e-01,5.455735747625491960e-01,4.704348831993039326e-01,0.000000000000000000e+00,8.301063863452694536e-01,7.506654377725081595e-01,9.693758712239580744e-01,8.298831833751022513e-01,7.824672435398759562e-01,4.626319342637353893e-01,8.850395022022724545e-01,7.769821184014749083e-01,6.925838381136688593e-01,8.742642849877307887e-01,9.342771169684729315e-01,4.217940111932018121e-01,8.964776292268075153e-01,7.188855309995164644e-01,9.301025270175826698e-01,7.913821377777897625e-01,7.069636151443593475e-01,1.286340489704866086e-01,7.655798705803732451e-01,5.202197683536945449e-01,5.422163244410256322e-01,2.975120050247905823e-01,7.694405380924247417e-01,6.940566102204743792e-01,7.706739155614167336e-01,7.742914722064181410e-01,6.141408456435056840e-01,3.826240599031542899e-01,6.585001843515828623e-01,5.514838848452886522e-01,5.445197856996986108e-01,9.619705994974367957e-01,7.259924826162433842e-01,9.872911446907024491e-01,4.109785237071421071e-01,3.553363773418695137e-01,4.468085851189227964e-01,1.308776552526506876e-01,4.172103756304976763e-01,4.486426207676361133e-01,7.270816194869785809e-01,6.548472952527226720e-01,5.223387269199151195e-01,5.989491157208186589e-01,2.014102798857717036e-01,8.936841740638823417e-01,2.414333949426847314e-01,6.073121006357586893e-01,2.984287123783622153e-01,8.238785909307257960e-01,7.865227767710871731e-01,3.628269945445979916e-01,9.312020300422163555e-01,4.661162052146960999e-01,7.692223906179178616e-01,8.207528406809851962e-01,6.403617932529790391e-01,1.790876312357428668e-01,9.816493130692750535e-01,7.380909529551002990e-01,9.153847341982084274e-01,8.204672516402717886e-01,4.253756015847231509e-01,7.307934483111102608e-01,8.944455015681976873e-01,8.069364621208037214e-01,4.635216498482683800e-01,4.706202783479266349e-01,6.717094824245051221e-01,1.047039009956057670e-01,7.291703184919924308e-01,9.509917724754468615e-01,9.270432661167153920e-01,7.665728092933903337e-01,4.795759009511327275e-01,9.942926434248469114e-01
7.819603050015986323e-01,5.122245449579002630e-01,8.485741539191445915e-01,6.288741627212544039e-01,8.946460111849720009e-01,1.142282980645750456e-01,7.818062598731149171e-01,5.875432207502279125e-01,8.301063863452694536e-01,0.000000000000000000e+00,7.901017930071980722e-01,7.903188595820600515e-01,8.667281829955824080e-01,7.170502545380111892e-01,2.684511182543382057e-01,9.918481202037308098e-01,8.258561080505359975e-01,3.149639088548912280e-01,5.744815193975896239e-01,8.079370800668469466e-01,8.436149381590478669e-01,5.316224469802597330e-01,8.068781335962158519e-01,2.881893782996072240e-01,6.122012346929367466e-01,7.752505961135727208e-01,5.035076079427568407e-01,3.943962104973518512e-01,6.099647360152812281e-01,6.697343873097317823e-01,4.356891292021866646e-01,2.988512507431644316e-01,6.666231911464240989e-01,7.556457999521848379e-01,6.274895311240914486e-01,4.011475751925381306e-01,-9.335688869135817802e-02,7.800515990554884871e-01,8.285293859417313111e-01,8.343890512054755737e-01,8.218545957087012299e-01,-1.551960479015735139e-01,8.331539314411791075e-01,8.577805470725177184e-01,5.538078612126904471e-02,2.760387454385549999e-01,3.083879990345683719e-01,6.592555670499683496e-01,7.153910242805852082e-01,6.461638037427783754e-01,4.694705811516250438e-01,9.415585476016032906e-01,6.239866696997542483e-01,7.534875050522968909e-01,9.244680456048106620e-01,8.683897452169211384e-01,7.354405296519335167e-01,7.347186276458571585e-01,4.572674196896725496e-01,5.703373689646556999e-01,5.679608572986216686e-01,9.812808469825495816e-01,9.606701629690997946e-01,9.513564727389151043e-01,9.265172252626292515e-01,7.357982549738237843e-01,7.893081286146449438e-01,8.609884593363982264e-01,4.919386859615577923e-02,3.668492442074977600e-01,6.645857027660145855e-01,7.824520287574874278e-01,-7.645756736261549724e-02,5.468436912194376553e-01,7.804836171614399909e-01,8.326160293402997681e-01,6.478750612836664535e-01,2.462966921821333477e-01,2.053514857766740587e-01,3.912494493317114630e-01,9.702508693905058657e-01,9.782386978073825956e-01,9.966542667906728159e-01,4.781495481550994686e-01,1.907872766575786916e-02
9.100317170555093371e-01,8.898639778769985575e-01,6.050339081947078146e-01,7.081028351880199745e-01,6.961217880977902395e-01,6.000229603948442625e-01,7.907523655627870518e-01,7.309483161370128323e-01,7.506654377725081595e-01,7.901017930071980722e-01,0.000000000000000000e+00,7.474790762419957213e-01,9.287142172262043971e-01,2.861734220142725937e-01,3.708893272019000431e-01,8.481118803275612406e-01,9.844791493750015832e-01,7.904107290309453360e-01,6.428225607369996153e-01,6.517724856234199393e-01,7.095733767569623041e-01,1.632639572197993327e-01,7.521408524007576757e-01,7.652929850363252573e-01,6.301849086829455215e-01,7.639263077938424074e-01,8.848964104162494460e-01,8.582496964513768312e-01,4.332151465181661720e-01,3.780632464399548143e-01,2.697322508827142973e-01,9.420209711678472209e-01,6.851601601684657039e-01,5.980659613854644174e-01,7.306024322806412563e-01,4.457891770214263416e-01,2.774423961349659629e-01,5.035634100033332672e-01,9.842100257316865886e-01,8.063510780650171572e-01,2.581903348280953914e-01,9.447331445986958398e-01,9.659785515646586163e-01,8.699142495133093123e-01,8.712893274203096228e-01,6.201378838755906564e-01,8.625364967788253789e-01,6.746761096666012980e-01,8.395458589462164722e-01,6.627661620920450858e-01,5.224226858456063605e-01,9.879211524730524552e-01,8.450268214540705980e-01,5.823581255763964348e-01,7.063569419087292189e-01,8.839204764444686946e-01,8.401405304711864197e-01,4.202942718077430917e-01,5.589309789900990255e-01,5.355848202642690126e-01,1.481579447710943548e-02,5.033827681670819398e-01,6.599069221391562490e-01,9.680896353217105510e-01,5.081735439812488098e-01,8.896203017805645041e-01,6.522868553417374704e-01,9.055709909627037701e-01,2.459389190034659278e-01,6.485624079871326053e-01,6.299209593822679976e-01,6.835795204390139324e-01,3.084324510080478365e-01,4.143702103553456584e-01,7.183543321367511503e-01,8.191627134028108825e-01,5.656169130623297514e-01,5.199555150628203393e-01,4.909063301704294502e-01,8.747015140791592272e-03,5.449484652830147713e-01,9.014758506767004409e-01,6.200916404416197958e-01,2.628928928414353550e-01,9.492203630655764446e-01
9.190904676357614100e-01,9.631069188410583681e-01,6.547900797620371804e-01,9.989615282877655211e-01,8.047855880998673328e-01,7.352679002370280381e-01,7.650469266673931568e-01,3.850214866504206856e-01,9.693758712239580744e-01,7.903188595820600515e-01,7.474790762419957213e-01,0.000000000000000000e+00,6.862251642497085857e-01,4.708763331721803613e-01,7.288832826284820099e-01,9.824980944309709141e-01,9.737489687318954257e-01,6.362582796808783359e-01,8.594268266039212234e-01,9.530551460306662115e-01,9.085081364351459410e-01,6.638682028258522383e-01,4.945264276602374665e-01,8.540218640773330483e-01,7.026282519916754454e-01,7.953908833729252947e-01,5.017755354944740676e-01,9.198392706731730595e-01,2.913531717327405013e-01,4.866016125750148302e-01,5.189860926811040720e-01,7.241667295004070581e-01,7.223807526115085809e-01,8.741507805362169758e-01,1.630727736868753663e-01,6.908072735101938866e-01,3.186289908199204102e-01,3.826649206630091116e-01,7.255425233749184244e-01,7.063180750204333114e-01,8.171119763533166713e-01,9.320735957171655262e-01,8.178130213977760077e-01,4.616006478888335374e-01,6.623812436771411294e-01,9.621516809132115711e-01,7.740236476312577496e-01,7.451849816437668972e-01,4.902254524297494642e-01,6.538175115465802989e-01,9.266658785100114759e-01,8.203457752781976309e-01,8.585876117436693766e-01,2.254799592386376728e-01,1.922634363498974819e-01,7.066445529019735883e-01,8.034087669268579202e-01,9.050031852368048968e-01,9.089899037329995934e-01,7.557308437306857751e-01,3.987624350686561625e-01,2.716034777166635439e-01,7.238211765531498143e-01,7.040244567865919789e-01,6.964107469662789152e-01,6.335919903319027213e-01,2.420228654750153363e-01,7.193680326981299888e-01,4.138974258562926334e-01,2.931183506732789046e-01,9.954672766126074768e-01,5.107836882842395898e-01,5.006305862766471382e-01,2.419478742538420379e-01,3.990241541157555361e-01,6.776344593992739140e-01,7.957664406717904759e-01,9.870722932234834435e-01,6.818173117081027801e-01,3.257376269868677010e-01,4.870793944598257319e-01,8.274109310608698253e-01,4.763690829787092795e-01,9.208140547037771961e-01,5.365138719197344308e-01
7.767256173063777913e-01,7.925610340756669148e-01,8.406474457921523369e-01,5.235367449488296243e-01,9.378846056397668329e-01,6.251840195785930421e-01,4.674381570143679165e-01,6.505080457978201780e-01,8.298831833751022513e-01,8.667281829955824080e-01,9.287142172262043971e-01,6.862251642497085857e-01,0.000000000000000000e+00,8.728485011746709432e-01,6.382337200418137790e-01,5.801169881313850141e-01,4.403837958636557248e-01,3.927366870340422977e-01,4.330476635964689569e-01,6.891505542786463545e-01,7.676745283311225965e-01,9.324226162174618082e-01,1.521133340218424335e-01,6.474166075951980348e-01,7.641211083844381413e-01,6.138180086486864084e-01,6.203260531785560472e-01,6.554149468627971098e-01,4.043973644827290048e-01,6.316363043041717251e-01,4.832449899437210039e-01,6.300927394111728308e-01,8.941587429557541489e-01,6.590573282820332279e-01,7.033076507739891570e-01,6.158043043565750718e-01,6.112480201562450199e-01,4.715620233543920126e-01,7.284030394313472101e-01,9.554517469812000563e-01,4.948484518692376488e-01,6.057384511903188828e-01,5.022086989665214274e-01,7.007582357274253493e-01,6.904609087662547662e-01,5.062318545339099529e-01,2.643479947512841211e-01,7.744876627550056902e-01,7.379295621563963792e-01,7.086194487640297135e-01,5.217085429643734118e-01,7.993822635441492075e-01,6.396967917622923272e-01,9.144293542959530674e-01,9.960059838178841884e-01,6.051585216029570224e-01,5.619640762378683707e-01,7.508621770496654024e-01,9.808007548282424715e-01,6.382673003625540797e-01,3.468342993502760221e-03,6.969805405798099596e-01,6.424801097596850585e-01,6.566539525226362528e-01,7.900710847029202011e-01,8.468758739864111762e-01,4.631993705892914481e-01,8.440374693569807629e-01,4.001255055130943372e-01,7.321872273994888269e-01,7.841461973496172133e-01,9.063615672251871258e-01,-5.781531255639130173e-02,6.387990241939411895e-01,3.538785181000411173e-01,7.603704500083884321e-01,9.119053930375522476e-01,6.530493084561270756e-01,4.161490540429863549e-01,1.993585617513510266e-01,8.039875650865341283e-01,8.848352248735087411e-01,2.033074155855512655e-01,2.894835080058330568e-01,8.646654693411011117e-01
8.444856330912042797e-01,9.349573612249640897e-01,7.534434396201149520e-01,4.635576061451036067e-01,7.483482986574173657e-01,6.233124282860811327e-01,6.142546330896796469e-01,9.779754857483300423e-01,7.824672435398759562e-01,7.170502545380111892e-01,2.861734220142725937e-01,4.708763331721803613e-01,8.728485011746709432e-01,0.000000000000000000e+00,9.649933832111519116e-01,9.345880658542952135e-01,8.166812076037156531e-01,8.797079477384284196e-01,9.596689254386363555e-01,7.703994340688473663e-01,8.593673236929382231e-01,8.638883865981128451e-01,7.490905493987828345e-01,9.627845014486586805e-01,7.103864431580972916e-01,9.469828317782708060e-02,6.304897550153398811e-01,9.450362782620833624e-01,5.506738476723463949e-01,6.350170299717869948e-01,7.384450561460140783e-01,4.854943154083603551e-01,4.898331988827550609e-01,5.537291746272288151e-01,2.145028293466378355e-01,7.904403532992242132e-02,3.014248692196536683e-01,9.404491235495385792e-01,8.451658701990547584e-01,7.759703662000709823e-01,4.410737397705455365e-01,9.557211846025578383e-01,9.568255951350616018e-01,6.178662558764707047e-01,8.560204733572692737e-01,4.919748497508185658e-01,8.305507660015299942e-01,9.588607528933248414e-01,7.496014543665059371e-01,6.796150096278905650e-01,1.758024804110947525e-01,9.325775613112449181e-01,2.905596745249982016e-01,6.589022153349317623e-01,6.296514352742385023e-01,9.356954464576523467e-01,9.000973511611248812e-01,9.254831601623161319e-01,8.025682676799559268e-01,7.979868281410895658e-01,5.361642790743673670e-01,6.332224036458369287e-01,4.986310399635299762e-01,7.443782697103880075e-01,9.813222802514858234e-01,8.161227614488490989e-01,9.147131814379305670e-01,8.190546740377977475e-01,2.167781551973809728e-01,7.202595521940829970e-01,5.161289591036185564e-01,6.719390880860716120e-01,3.434578268919016852e-01,7.553861846389625656e-01,8.568879698714744197e-01,5.225190097886919238e-01,5.891774678416988875e-01,7.869587938297599727e-01,6.874884136781664878e-01,7.032215137134055771e-01,5.870026823184603115e-01,9.755717527899826491e-01,6.003590716739140021e-01,6.764348555927331974e-01,1.622395875448829836e-02
6.590023511528781963e-01,3.792389610297045577e-01,7.961573982519520865e-01,4.215932209740906322e-01,4.544578694126424900e-01,6.595053406142493690e-01,3.591220922244118263e-01,9.376402433609766218e-01,4.626319342637353893e-01,2.684511182543382057e-01,3.708893272019000431e-01,7.288832826284820099e-01,6.382337200418137790e-01,9.649933832111519116e-01,0.000000000000000000e+00,8.841876819937221077e-01,2.783532393747976119e-01,7.266455968526265297e-01,6.802035532742646273e-01,8.737370030044031566e-01,6.815988402385383393e-01,7.549808474521564339e-01,9.014084667857689137e-01,8.279847700625441176e-01,8.595346612237899642e-01,6.047653565049170288e-01,8.809976335594480457e-01,7.354224048901700783e-01,9.071481687783378156e-02,7.861795740862029813e-01,4.290291897954285893e-01,9.455887726031186880e-01,6.604586180667062489e-01,4.343199538063096110e-01,7.349665416436024223e-01,3.785150801476957483e-01,5.609950597502648684e-01,6.255305857408571812e-01,7.400893948664029054e-01,9.687285455327159234e-01,7.798112644439990637e-01,8.481840321364135793e-01,7.849970765504625803e-01,8.883825403687872768e-01,6.552223128317699041e-01,6.661160866382846990e-01,6.709261333678535610e-01,7.331828774672968230e-01,7.734816751072599583e-01,5.063659270252305333e-01,9.035833947979100556e-01,4.400515684630660895e-01,9.530358597576474855e-01,2.324846460269206494e-01,5.776874915096328333e-01,9.265464401650760351e-01,6.592830896013373021e-01,9.820266567792792500e-01,6.117942577621053868e-01,8.024818215612695635e-03,4.807553286308751117e-01,4.741957518817940254e-01,7.680200020665459704e-01,5.332342280627638820e-01,9.514590868280566882e-01,5.308209018824250336e-01,8.370051074030107063e-01,7.125502537938854797e-01,9.495521859354967287e-01,7.808915029934746510e-01,6.298482869544056451e-01,8.303487195998642267e-01,8.072278328920675650e-01,1.497341349250031484e-01,6.106925421680295951e-01,8.930677678677572118e-01,7.152244305791665147e-01,9.889834595287616548e-01,1.626554169271730022e-01,-1.341608964753338018e-02,6.850125891524709854e-01,6.825991709955310238e-01,8.113408124843523028e-01,3.903555561452967115e-01,6.280917986558373078e-01
9.890979703030620129e-01,6.040070735744819119e-01,9.066448567045694018e-01,5.595988648780932939e-01,6.330116120618147768e-01,5.106220193800991014e-01,8.106855930618916961e-01,5.555583179958732964e-01,8.850395022022724545e-01,9.918481202037308098e-01,8.481118803275612406e-01,9.824980944309709141e-01,5.801169881313850141e-01,9.345880658542952135e-01,8.841876819937221077e-01,0.000000000000000000e+00,9.181972982663847427e-01,4.002371714007688652e-01,6.653847300094326567e-01,5.229164234459705574e-01,9.505095185247708356e-01,5.725199856879639171e-01,9.017662424909052010e-01,3.615343431397493035e-01,4.693507893910258133e-01,9.818457588527560453e-01,4.092141153554961219e-01,9.392515591886797521e-01,7.744647720498742949e-01,5.400847384375057070e-01,7.183888093633994387e-01,8.050082602175413493e-01,7.179672083318111575e-01,7.080768205268722637e-01,6.690857943475014835e-01,7.528013609951400564e-01,1.452054120263377573e-02,6.279037227114734332e-01,4.389698810584858890e-01,8.044718001725218448e-01,4.993122040204147072e-01,3.205798065180512357e-01,7.492691305939643831e-01,7.164877361832526770e-01,8.288580163289657188e-01,4.493039506975616271e-01,8.618158098934320943e-01,7.104161104187659559e-01,5.654216893140608935e-01,5.407548191801427873e-01,7.094781368056906068e-01,7.737609561917196954e-01,4.137749129615634347e-01,7.084091956797304857e-01,4.051394421803236057e-01,8.541031922922508457e-01,3.621472408056302106e-01,7.456361143222169918e-01,6.355361360739530951e-01,4.686111671297478742e-01,4.402996386792125127e-01,2.375912346248434601e-02,6.797368114144785034e-01,9.585806384778345901e-01,9.079256992105261270e-01,7.870572066660417310e-01,8.602068720472024754e-01,6.650531768941239097e-01,3.014878560725153256e-01,8.497562563161036309e-01,6.339108520124725477e-01,4.548737854750420917e-01,9.735498500157274693e-01,7.781196081662558051e-01,7.444638435506240048e-01,9.661319824770933096e-01,3.350996290808053724e-01,7.893895807217231608e-01,2.789098304388826482e-03,6.388264306941249249e-01,1.653223296033643763e-01,9.699166276641426609e-01,8.224545986866669267e-01,3.875362808970859163e-01,4.646155208629277888e-01
8.957239514002364178e-01,7.160401784879688591e-01,8.436534939219859641e-01,6.695049733193904062e-01,9.334002255629997302e-01,6.191430884374362620e-01,7.174013037450177599e-01,9.932088177007397656e-01,7.769821184014749083e-01,8.258561080505359975e-01,9.844791493750015832e-01,9.737489687318954257e-01,4.403837958636557248e-01,8.166812076037156531e-01,2.783532393747976119e-01,9.181972982663847427e-01,0.000000000000000000e+00,6.993267181072496674e-01,4.666298880434660012e-01,6.280318160691094054e-01,8.468412945496462951e-01,9.633119738846853686e-01,8.221037497869586597e-01,9.712568288365619473e-01,6.148123708802643028e-01,9.464330284333953847e-01,3.626821027787373586e-01,5.464010631197688816e-01,2.219803273464186488e-01,7.496253068593545787e-01,1.279695760118204628e-01,6.632058176675788008e-01,7.702132367618774733e-01,4.880269873968451355e-01,9.803785421279128665e-01,3.448348551096631631e-01,5.241131694053687839e-01,9.977664566846361494e-01,3.821706091276688699e-01,6.475842728386977942e-01,5.738594286345959361e-01,5.393848252418848022e-01,8.193156508470007537e-01,9.274274120251830844e-01,7.696604497460142191e-01,3.468853747835364265e-01,9.000682577236609472e-01,6.715800414002022212e-01,5.960368800310792414e-01,8.752535478998634266e-01,1.766420725387781165e-01,6.406955663069416884e-01,6.478710087571258602e-02,7.225318329812688845e-01,9.462287075061706076e-01,5.116746245333270160e-01,6.509865870874722571e-01,8.883527004312600228e-01,8.326794715410398284e-01,4.894181766672650036e-01,6.531646745736506832e-01,6.449580015836565705e-01,9.658088467424645884e-01,6.271069178108147346e-01,7.493291781864475087e-01,6.100975881667911604e-01,6.942992985859448574e-01,8.099468569272592067e-01,6.337049067677664738e-01,7.934033035752486862e-01,8.584434465956590765e-01,1.187398830785242887e-01,7.680193033255018342e-01,7.820511781614736257e-01,4.283251465766039212e-01,9.144302504627206396e-01,7.260408184222766348e-01,8.232476493441821530e-01,6.468530889962946784e-01,7.977591589481136669e-01,8.163609025463787194e-01,9.158759991672906775e-01,8.344403626737771917e-01,4.636530758346019687e-01,7.085645167686982493e-01
4.923481872823483596e-01,6.348044580030121065e-01,7.333057761521688533e-01,8.095327307537325545e-01,9.448630814176790516e-01,6.614808866378416585e-01,6.541254191387937400e-01,5.150017411126934785e-01,6.925838381136688593e-01,3.149639088548912280e-01,7.904107290309453360e-01,6.362582796808783359e-01,3.927366870340422977e-01,8.797079477384284196e-01,7.266455968526265297e-01,4.002371714007688652e-01,6.993267181072496674e-01,0.000000000000000000e+00,5.318441132521662951e-01,8.624608215999437499e-01,2.949804730401870412e-01,9.041168860594477330e-01,7.002390557104926083e-01,9.845677412244744353e-01,7.811677967145109758e-01,4.237136832247461182e-01,3.238437243405287713e-01,6.728882504442086354e-01,1.151757173082461894e-01,2.877705884324920360e-01,3.394895143162515172e-01,8.137934368321789735e-01,2.050341422846248540e-01,7.977095090283665701e-01,5.888643059476578179e-01,9.546921223447316640e-01,1.416752413089000795e-01,3.834984438392279316e-01,7.014425950751481675e-01,7.510268629522252049e-01,5.339310309530544973e-01,8.813803842020312418e-01,8.709320367943125252e-01,5.281270157541680110e-02,9.583255565770882889e-01,6.568047953669534644e-01,6.809574669241160727e-01,7.969324316861630120e-01,1.301244599164579074e-01,2.609796560528578890e-01,4.895916151578455500e-01,6.950052576188442410e-01,6.873307634978897962e-01,7.591217692994370880e-01,9.544112616649945702e-01,2.214542305067440653e-01,7.812649488236673712e-01,5.113583291079193405e-01,2.861901015436584816e-01,3.487550627449829133e-01,3.451318778997696235e-01,5.257439037205002830e-01,6.912077814802458642e-01,9.801411382620436319e-01,4.129030738448405957e-01,8.410964617779301822e-01,6.303677311197299904e-01,7.958068049362165830e-01,3.097298766541680126e-01,1.893216510195999958e-01,7.078003013431252155e-01,4.262983019382514671e-01,3.522833628649086890e-01,7.695329202180810624e-01,5.382120199623957602e-01,4.370789167619210658e-01,5.881476852299958313e-01,8.477243540649219700e-01,1.663805050521133255e-01,5.958059030755905594e-01,4.824321334125381555e-01,8.097340358982451081e-01,7.611699321867835266e-01,5.963042740138535525e-01,6.881554408177305016e-01
