0.000000000000000000e+00,6.114236346075718753e-01,9.206804079286253772e-01,4.835464950546028984e-01,7.909755468234809239e-01,8.204968899031142016e-01,6.687999302881740826e-01,9.930878437718586582e-01,9.867715438826253349e-01,7.152335506037582613e-01,8.168804526814034128e-01,4.325307541015882551e-01,6.761695199594563999e-01,9.356528513840671746e-01,7.785520942089634300e-01,5.335874909273911060e-01,5.379671405336023948e-01,5.463983699490142509e-01,8.957221780880518791e-01,6.925570107482164062e-01,3.247441819588436918e-01,8.701708003641077660e-01,7.410866561331046487e-01,8.934930831177811950e-01,6.339565035201663035e-01,6.374542249096035729e-01,7.237849934381276329e-01,5.305901723335347819e-01,4.830403704517414326e-02,4.286738113260243899e-01,3.091714031840414600e-01,9.336730049971641021e-01,8.159477414297744424e-01,8.945843794650719660e-01,8.454540914705758192e-01,5.071939608608579952e-01,4.599060322563141012e-01,9.471283678184556631e-01,8.175806381589462157e-01,8.742408065203435275e-01,7.922822788571013408e-01,6.745756762957864083e-01,4.177819545265211154e-01,6.937589546224155468e-01,8.569529152879363787e-01,5.789136403283924315e-01,9.508415632148516927e-01,5.364207639136442385e-01,7.882124743679824741e-01,9.240365985331767673e-01,6.410599738436073558e-01,9.671535477204995512e-01,6.787200268030153527e-01,9.507287987830539411e-01,5.249811104639761083e-01,2.267815629061728511e-01,6.687940439663921932e-01,8.279411595061654250e-01,9.641134149761346750e-01,7.827408591704192453e-01,7.419290562324779570e-01,7.002480696908782720e-01,9.068028976692252829e-01,9.932646695705986684e-01,2.342488667787478440e-01,4.064775170134570237e-01,9.134413531994421964e-01,4.597090343936166001e-01,9.508979098946306330e-01,9.983848562073702748e-01,8.108938737633243354e-01,8.315013870231829918e-01,5.961279758745618995e-01,2.372525186277224807e-01,7.566079125198452715e-01,8.261933955537824614e-01,5.014514357587140925e-01,8.718011662435308784e-01,6.562094100703987909e-01,9.901290976878421302e-02,5.075546471209930743e-01,3.831786742877618668e-02,8.541824937479276514e-01,5.160553614725384985e-01,8.481831971781997881e-01
6.114236346075718753e-01,0.000000000000000000e+00,9.518381808848670467e-01,8.259283362310113619e-01,7.780047469442115116e-01,4.101777156916704969e-01,4.561065146750383215e-01,9.511031917445932349e-01,4.192073859033652039e-01,7.911938641723825771e-01,5.051337130373582118e-01,8.626948923535048275e-01,6.533286946870995315e-01,5.823077033353563081e-01,4.385892059844790358e-01,6.519904037801611540e-01,6.571377075154010150e-01,2.323980755531007136e-01,4.370128077761231689e-01,7.251991202700157624e-01,7.463355647971867679e-01,6.628775825798862709e-01,4.663916002245543230e-02,8.310173439450223576e-01,3.957016937139123947e-01,6.056178001787175802e-01,8.572141903168901678e-01,4.412179849810674015e-01,8.360317429639901876e-01,5.755661392444740010e-02,6.444102711165653474e-01,9.907273581423252651e-01,8.552230614852190937e-01,5.908757644337614412e-01,9.583153792137447669e-01,4.901427586592796981e-01,7.302211956611535104e-01,5.042539135573249620e-01,9.027115403586334352e-01,7.939900879741463857e-01,5.446586603719193453e-01,8.773168363068610809e-01,6.438557449169941549e-01,7.472278213276326575e-01,8.783845610197523746e-01,6.378158398461992729e-01,6.010682010359134075e-01,6.296071740602738886e-01,8.487833279563612443e-01,4.350997507119099272e-01,7.153975016801563669e-01,7.996884301702070763e-01,7.836306883600097084e-01,9.439099339356166185e-01,6.449712003815342154e-01,7.196571783376873865e-01,6.536069267267973215e-01,9.524302536368354222e-01,4.717136725272876863e-01,5.665031357772655207e-01,3.811310846743665159e-01,8.624965574055606377e-01,4.171177264899531556e-01,6.719174678736363759e-01,8.282136201506367090e-01,6.636170622186915447e-01,6.050485402071946739e-01,9.586339397650140981e-01,4.979938952599933799e-01,8.767167931868075081e-01,8.178022474496750016e-01,7.317994386066146717e-01,5.908530995292374799e-01,2.768956418673881870e-01,6.299958196308623748e-01,6.917542944786567727e-01,9.401555202927681654e-01,9.360760881131011679e-01,2.058925700937679903e-01,2.115799473961894606e-01,4.560142158256413336e-01,6.408195006889649825e-01,6.360383252291094136e-01,6.995999595642160562e-01,5.238803861719749655e-01
9.206804079286253772e-01,9.518381808848670467e-01,0.000000000000000000e+00,1.829344424250878287e-01,7.308165297004892702e-01,7.553692516225227749e-01,8.032211153992845354e-01,9.873249498905650734e-01,8.328703911076461575e-01,9.037189903083399090e-01,6.366709444620654024e-01,8.498163810449079758e-01,6.119046608202437509e-01,9.796234530095123683e-01,5.388940632478969039e-01,7.789655794182182014e-01,9.675697735531970656e-01,9.917783674914913972e-01,2.899811055793974912e-01,8.192462287664713516e-01,9.670832675853024973e-01,9.415967407824255009e-01,9.058642865947329481e-01,4.558382519191928051e-01,6.179987515555794841e-01,9.439090773601729323e-01,9.066571694790439562e-01,7.875169755230621016e-01,6.090975194594503428e-01,4.922524776365905241e-01,4.709627881480238365e-01,9.633232750318736493e-01,6.241877631473486954e-01,6.545178627693921669e-01,8.212706734639220185e-01,6.301502648183340272e-01,5.482919118929157065e-01,8.825851988864971132e-01,9.754672047100612087e-01,9.020589541215053853e-01,6.529651122615831582e-01,6.219611165056849744e-01,8.046232056190820714e-01,7.776848176690381864e-01,6.404786876158112818e-01,9.466847752346061462e-01,6.074247814520546962e-01,8.079256704305307624e-01,9.585480000543408208e-01,9.908711223835696691e-01,8.997114322918492446e-01,6.626558717524897446e-01,9.619782372856072739e-01,1.833420857960338934e-01,8.854859547968774169e-01,6.904141173307412060e-01,4.034477906551663939e-01,7.159700570919508289e-01,6.736164261340601422e-01,7.994174996505769570e-01,3.721055323130562642e-01,2.702460027969582623e-01,6.686764468919835780e-01,8.425756746100596661e-01,7.122464858117709685e-01,9.596978185129186878e-01,8.213062905071255582e-01,7.118083636714643836e-01,7.798733759283164035e-01,3.474041854379713024e-01,9.760897262056988932e-01,8.265673909971192890e-01,2.672731862679022519e-01,1.745333758295037618e-01,9.874817340875492455e-01,4.418609087105233590e-01,3.962149504670677835e-01,3.526680287779653256e-01,1.593241792954004366e-01,7.433085121625147840e-02,8.239000110371538232e-01,9.432407253540775471e-01,9.422729346420467555e-01,8.652920141914896002e-01,2.361964826539693085e-01
4.835464950546028984e-01,8.259283362310113619e-01,1.829344424250878287e-01,0.000000000000000000e+00,9.773739616734572477e-01,4.842666022358143030e-01,5.701734955069779343e-01,5.957148858565126659e-01,6.953644395248533838e-01,8.355853235526884415e-01,8.096378470742472411e-01,4.038386456297617944e-01,8.228848756494480110e-01,6.604451489652465312e-01,6.197469207849700679e-01,8.220418563040747806e-01,9.243702456791739186e-01,8.418333291744536373e-01,3.072359154320292718e-01,7.115073127547280052e-01,5.568770300211218771e-01,8.767669356712254336e-01,7.063487903619448671e-01,7.033595184746579410e-01,2.215063457209418829e-01,8.051151546197915509e-01,5.902429226538604690e-01,8.323254326201811049e-01,7.541998033194057260e-01,6.394523388272690401e-01,7.549192498654815342e-01,4.876959758419425750e-01,8.393990269346749411e-01,1.682883685105096604e-03,9.542334603716424724e-01,7.676398518593714471e-01,5.907085038923658438e-01,8.172130926404281848e-01,8.164304020386528027e-01,8.712620429616733109e-01,8.667245125288421947e-01,7.493107996485020017e-01,8.952593162595365861e-01,9.589257795973261667e-01,4.979067107933894953e-01,9.392040636171298251e-01,6.689686495159834489e-01,4.514468103862989690e-01,4.764832694489272158e-01,6.305477256190518132e-01,8.442772364655842798e-01,4.482008881586435067e-01,8.102467378539348619e-01,4.439164315119175086e-01,5.996370686467424882e-01,4.627730277953387428e-01,8.157959260331484330e-01,9.635006427810703933e-01,4.570713132776525467e-01,7.622525654848317789e-01,4.840479558521366688e-01,9.155604602774756184e-01,5.322315333545234450e-01,9.679959794556612929e-01,8.348159109496606778e-01,6.834770097093063601e-01,9.072000657402240487e-01,9.189799195714929425e-01,7.561016156672624167e-01,6.159402068616411929e-01,6.498913253271133561e-01,8.903268316640754465e-01,4.672959971695410664e-01,7.403211135435707746e-01,5.802826743451172664e-01,2.281753304249077019e-01,5.715697640348544883e-01,7.448073454666270798e-01,2.609189134538964505e-01,1.844305925003122959e-01,7.736370140344246416e-01,3.245488254763969627e-01,9.148677284085724448e-01,2.235022289069597268e-01,6.207471774110278062e-01
7.909755468234809239e-01,7.780047469442115116e-01,7.308165297004892702e-01,9.773739616734572477e-01,0.000000000000000000e+00,8.768202768894738375e-01,7.045561449965788148e-01,9.256591757916629026e-01,3.338673273545449405e-01,3.140999132267761063e-01,5.930096064738705763e-01,9.942629894050332151e-01,9.533893904812557052e-01,9.212733696474399991e-01,7.912028165036749661e-01,1.582318508623204167e-01,6.428806567708267306e-01,7.244952085204483527e-01,5.545082258218833049e-01,7.648197138381814808e-01,7.236143012124358620e-01,3.994282232150609957e-01,9.323626752960479935e-01,7.430173451303536680e-01,6.105388084998564224e-01,7.023791281863072111e-01,8.397993926878448701e-01,3.713296642224542810e-01,3.374048782901960530e-01,5.291315332572501529e-01,8.197241407316258055e-01,4.858903666708508928e-01,7.458875227872362457e-01,7.383302414904332478e-01,5.794749552195840314e-01,4.347673268197595475e-01,4.218807533346251581e-01,4.852704514862068441e-01,3.257217673518640333e-01,7.939326309198593279e-01,4.775334502482363463e-01,9.176369542840825400e-01,5.808425179889962209e-01,4.446875224468140875e-01,8.166263424713315899e-01,8.618156634494685830e-01,7.169465077297002553e-01,5.525232429535652523e-01,2.678683896540317577e-01,9.072041845174687591e-01,6.202962741902503518e-01,5.515293400041300087e-01,6.661014663113881129e-01,9.564997727591620924e-01,9.430381651210810734e-01,8.580554260970985059e-01,8.950959253516028724e-01,8.314060856820570944e-01,4.739699128951446183e-01,5.940607333062564166e-01,4.842952865822036657e-01,9.443986580571736011e-01,7.451112564374733349e-01,9.314125179484893380e-01,7.251363042768169676e-01,8.680479775209241078e-01,7.590833476938813051e-01,6.462716551341914917e-01,6.046095340312328537e-01,6.636651784258594811e-01,5.140134415345342100e-01,4.026091144540354660e-01,5.478217456452443290e-01,2.778965464751460002e-01,1.095443219648198352e-01,4.874083367411239931e-01,-1.931665784516813367e-01,7.162220124604600224e-01,2.601805478846969111e-01,4.391197430614420805e-01,3.027519902997708456e-01,8.442211280298363985e-01,8.809266252593769275e-01,6.206139638141608961e-01,7.458041904654539866e-01
8.204968899031142016e-01,4.101777156916704969e-01,7.553692516225227749e-01,4.842666022358143030e-01,8.768202768894738375e-01,0.000000000000000000e+00,7.779237184692850970e-01,6.403379828357426140e-01,7.531021134824961161e-01,9.070506877452420014e-01,8.964222006312885238e-01,3.263718329927047801e-01,8.050173394270102589e-01,4.848252500520585651e-01,3.091752812065119427e-01,4.628437504565395266e-01,9.720835713457689486e-01,6.472251189344389033e-01,8.625101016323961645e-01,9.705639085651870390e-01,9.674672933039065725e-01,2.712063429471539555e-01,7.231679083224573645e-01,9.662463741931512917e-01,5.655857528967479508e-01,4.860513527322278260e-01,7.930745434483247314e-01,5.272769065677092026e-01,5.025438411748772705e-01,5.265662333635898751e-01,1.637124003961441254e-01,2.531221732385633971e-01,6.493996026322611526e-01,7.264112373078183138e-01,8.861491757954328419e-01,3.142412507691786927e-01,7.099557216828626949e-01,9.887988771576319280e-01,9.101900174424043533e-01,7.826081045180908191e-01,5.421605627914962700e-01,4.945970543006581455e-01,2.351467843426477689e-01,7.518873592571001518e-01,8.315688017561069234e-01,4.624723397170834582e-01,9.580208082850785178e-01,7.392765584686024072e-01,6.532826696465768856e-01,9.559085571730250308e-01,6.795790499361291648e-01,9.737763219715888097e-01,7.305083267338674524e-01,6.630537605224695596e-01,9.570042829750408098e-01,6.223276930428335296e-01,4.556181280964106683e-01,8.713447717077726917e-01,7.752625446135888998e-01,4.048097482966054317e-01,4.025185476316149868e-01,8.877941473212995760e-01,9.456000191255918841e-01,7.041079519165988065e-01,4.577778835630929577e-01,6.620939171224249353e-01,7.861760012929710495e-01,8.579272827267450108e-01,1.399396075024228192e-01,7.117934302601411911e-01,9.983424935191873573e-01,5.891492624630494390e-01,4.271311738769095201e-01,7.185840594672969761e-01,8.488175447628851789e-01,8.081711338960538837e-01,5.384697069758139776e-01,9.624869160822998593e-01,7.691402052467165573e-01,4.523339574663061691e-01,2.688980248893447222e-01,8.570345743427931762e-01,7.095391182061894231e-01,6.412299746459632077e-01,6.197218595834831367e-01
6.687999302881740826e-01,4.561065146750383215e-01,8.032211153992845354e-01,5.701734955069779343e-01,7.045561449965788148e-01,7.779237184692850970e-01,0.000000000000000000e+00,6.479645504160966851e-01,2.584790694942107891e-01,4.425079136357739640e-01,2.948856301282589132e-01,6.327662593786043121e-01,6.564018264715972828e-01,9.608591365372147752e-01,8.709917873209735983e-01,6.511757273103714327e-01,5.731037058979175924e-01,7.697242966077730841e-01,5.850123199825056908e-01,8.559897031025982539e-01,8.368966984446779556e-01,6.491558398174088751e-01,7.518981236617633401e-01,8.920202791952198673e-01,3.969666923953449889e-01,7.635937694773961004e-01,2.741408402278103784e-01,6.842224950240802794e-01,7.069935273718861435e-01,2.643074804289895496e-01,5.326699385241415730e-01,7.382840971185418155e-01,5.258614760208533134e-01,6.368678359383469489e-01,7.042553745879073235e-01,-1.362594476075606464e-01,6.471548597325460506e-03,6.861512804742638805e-01,8.585767909644357321e-01,6.896900279396435129e-01,4.442400874771796904e-01,7.751544744054184033e-01,7.695330032826017685e-01,2.100764082443340175e-01,9.465935256004763820e-01,4.035576054273314894e-01,-4.513106550126377847e-04,5.172788343952350321e-01,6.898437051434908041e-01,4.546031549686345707e-01,4.652672637591563909e-01,5.858894479392622312e-01,3.738184664974101845e-01,5.731410363377089645e-01,6.698763374703030626e-01,3.390580804117088176e-01,3.121120123981293015e-01,9.360467619080884427e-01,3.757386676991329999e-01,7.600436084803462444e-01,4.438913714185684922e-01,5.134989314313923581e-01,3.963533374502599127e-01,4.159550178109992502e-01,9.448991476026610270e-01,6.177653331502991341e-01,2.895154748067541028e-01,8.659131750633376479e-01,9.522329440155200553e-01,6.499170262426683387e-01,2.889457151730690510e-01,7.032045994332976058e-01,5.282354068721044626e-01,2.963406365377317386e-01,6.159988716719586588e-01,2.512713579463313751e-01,5.115790041921651765e-01,6.582802690007474311e-01,5.086765978607090677e-01,3.855117978573491810e-01,5.405392389628641547e-01,8.674728240369256049e-01,9.845755689561439539e-01,5.626437549931311288e-01,7.945286124344480561e-01
9.930878437718586582e-01,9.511031917445932349e-01,9.873249498905650734e-01,5.957148858565126659e-01,9.256591757916629026e-01,6.403379828357426140e-01,6.479645504160966851e-01,0.000000000000000000e+00,7.025910443647128689e-01,3.259852515539879980e-01,2.223225989071092312e-01,8.465025892275362951e-01,4.288013990257143471e-01,5.842582978154765572e-01,7.547705161634068460e-01,5.661623477586280595e-01,7.000060631552038615e-01,3.347775341805931948e-01,7.757882935754605302e-01,6.664310520808577332e-01,3.092162149320993869e-01,5.927641851823880481e-01,6.384187617304885043e-01,8.345925317467292048e-01,5.667831493416731758e-01,4.802002376616943020e-03,4.994939359235320286e-01,6.839161963871019934e-01,7.016727724144896650e-01,6.620305213845407710e-01,6.517876787507004277e-01,9.833375934758524783e-01,3.612642698058960988e-01,7.354293572321455308e-01,5.057666049804745434e-01,4.790904577572092093e-01,2.549333039057124495e-01,7.729411645594582714e-01,8.395030912172684046e-01,6.017796069969277850e-01,5.540968600328717297e-01,2.653640694840119774e-01,7.785748292381737823e-01,7.171197307968042445e-01,9.342924099827778495e-01,5.052305390732046986e-01,7.465148239357815019e-01,4.120798279285043941e-01,7.698953818057523435e-01,7.838705804596299842e-01,6.121321513234826428e-01,7.116396853466979699e-01,6.036934755483669424e-02,9.824270839375929265e-01,9.070063651192887821e-01,5.849008856859561067e-01,7.000748165155001868e-01,6.071890391882183158e-01,6.745114567199316236e-01,6.082378466991791299e-01,2.268640601646342569e-01,7.308416207548510402e-01,4.038826355005122881e-01,8.742202269831557127e-01,8.679929894957232328e-01,9.038486300325867528e-01,1.805498046742146367e-01,5.601942286487036071e-01,4.266004983150820662e-01,3.211724973090478441e-01,7.535325264960389680e-01,6.935527697141863346e-01,5.181915754507764316e-01,7.218301160014433115e-01,6.054273932218637855e-01,6.555797074817151238e-01,1.604940768823244213e-01,7.946010187305324601e-01,4.322621737155148969e-01,4.193287165377611592e-01,9.521755021225827287e-01,9.527157012847987660e-01,6.012752239116621045e-01,2.903663412945288735e-01,8.682430149644198014e-01
9.867715438826253349e-01,4.192073859033652039e-01,8.328703911076461575e-01,6.953644395248533838e-01,3.338673273545449405e-01,7.531021134824961161e-01,2.584790694942107891e-01,7.025910443647128689e-01,0.000000000000000000e+00,7.977729134481292839e-01,8.770018953631891767e-01,7.051328444288903485e-01,8.821030390163590029e-01,4.468352179073462604e-01,7.478911862506952835e-01,2.693144832743791239e-01,8.387018153388854647e-02,9.785474516323565686e-01,6.487970472366613173e-01,9.474835244706734105e-01,8.727940619287550827e-01,6.543668955373656004e-01,8.299318090829763683e-01,9.075417110199313075e-01,5.889047641918121467e-01,5.250589737811923730e-01,9.904050451365924435e-01,7.492379199763491426e-01,1.348676807474736561e-01,5.454785437259540570e-01,4.668691672760902911e-01,6.157518950420709514e-01,7.230722419297599401e-01,3.676534207078516192e-01,4.424998756697404168e-01,7.580463126522359874e-01,3.985762567895272390e-01,5.744571390876082040e-01,6.173481185964927453e-01,3.448083267418170506e-01,2.076926551777012048e-02,8.558089236110991704e-01,1.444172699493026235e-01,5.704532335772289908e-01,2.240753272847421929e-01,6.782130371867457486e-01,4.910819102606418518e-01,5.821229209809229976e-01,4.301568622191869196e-01,6.189447904892371177e-01,4.076035638584878384e-01,7.210239772633220134e-01,7.019970477019478183e-01,5.885517684524308457e-01,8.642994196629746328e-01,6.448177125191899561e-01,9.522343962432624487e-01,6.007256078795911725e-01,8.584543491185623321e-01,1.473488192298969268e-01,1.322552857643649604e-01,5.650701176408888804e-01,5.556866814715916147e-01,7.114888463896086312e-01,8.873133719268876396e-01,4.087246795318233983e-01,8.558095487978019111e-01,4.584893891217309281e-01,7.688249611386546167e-01,5.601280804461329366e-01,6.049627236764069105e-01,6.937381580506839507e-01,2.988726467342071036e-01,2.922913988748978009e-01,1.352793813506411869e-01,8.215878014367050675e-02,8.157717149420755653e-01,6.120178346225340071e-01,3.711897361564214792e-01,4.377079421444208251e-01,5.481428688760888734e-01,8.258637375826478610e-01,7.210027009526923103e-02,5.279198081673908138e-01,8.256273746077185116e-01
7.152335506037582613e-01,7.911938641723825771e-01,9.037189903083399090e-01,8.355853235526884415e-01,3.140999132267761063e-01,9.070506877452420014e-01,4.425079136357739640e-01,3.259852515539879980e-01,7.977729134481292839e-01,0.000000000000000000e+00,6.672739004710724897e-01,9.313218115714428924e-01,8.399777018510178328e-01,7.016754498228672254e-01,7.077215923690834964e-01,4.101883216088171857e-01,7.293445247432688294e-01,5.164149796122770031e-01,9.107009431732863147e-01,7.524204631745525784e-01,6.247663618662453455e-01,5.163870406649128109e-01,3.022033973338338897e-01,8.743308389728531305e-01,7.265737072049048839e-01,9.494079425534883709e-01,7.603796421416079143e-01,3.093639653935964517e-01,5.087205961964987866e-01,4.111716098073409653e-01,4.300165547986959380e-01,6.678961929359542582e-01,4.168555741655575742e-01,9.522874489697270572e-01,6.711420958663549818e-01,1.895219771039584056e-01,2.406152533704671859e-01,6.684992404004825861e-01,6.248366721552794933e-01,6.830747788345332694e-01,4.231381646343673197e-01,7.194686230104644364e-01,7.906379089728052811e-01,9.639590162292229758e-01,4.762438920327879410e-01,2.762185657259138560e-01,9.274534444260027488e-01,5.201086333724268540e-01,4.895651772872967600e-01,8.387084183093600487e-01,9.334545888520935641e-02,3.261222304837683161e-01,2.845208930325341945e-01,6.750445763055226145e-01,8.246090792610751841e-01,9.686098058983506620e-01,7.215061441993819713e-01,8.643160235461264662e-01,7.501068659354206414e-01,1.016664049725062302e-01,4.029180977244494755e-01,7.884549802328013612e-01,6.574616351761675137e-01,9.914386443285635453e-01,9.011488590606728799e-01,9.954251133623184256e-01,6.196491632879804756e-01,6.072466100013864665e-01,4.966975463162507376e-01,7.597806628367367310e-01,9.833850325212956101e-01,9.959316492908359963e-01,7.509139876797976676e-01,4.181283789956399821e-01,6.998702494915494121e-01,4.109476015062597520e-01,9.381451056699900981e-01,6.436581464244486850e-02,3.227547631135053163e-01,8.347781780414914587e-02,9.339701724198319344e-01,9.688334649959521316e-01,6.214278773509874787e-01,9.520024042718699953e-01,6.027163404128258462e-01
8.168804526814034128e-01,5.051337130373582118e-01,6.366709444620654024e-01,8.096378470742472411e-01,5.930096064738705763e-01,8.964222006312885238e-01,2.948856301282589132e-01,2.223225989071092312e-01,8.770018953631891767e-01,6.672739004710724897e-01,0.000000000000000000e+00,6.755161889529913699e-01,8.818752236038909231e-01,6.824744336037965597e-01,4.763396393393699024e-01,8.634510046912194925e-01,2.958437196025631710e-01,8.749746874767284632e-01,9.143014786655326853e-01,8.210232491749709371e-01,4.500496949056163043e-01,5.971950697377920170e-01,4.877995183651785971e-01,9.173006841598688732e-01,6.150739926662863732e-01,2.401500264393948703e-01,6.951096941622746384e-01,9.351565633561031987e-01,5.054147963608892624e-01,6.761164106893147174e-01,5.930054508397124557e-01,4.375007873691066224e-02,9.569782521620746607e-01,8.286472664178791137e-01,3.228996609560926823e-01,3.123251899294854361e-01,3.395107652806229614e-01,4.413548480565197552e-01,6.567652105830351639e-01,5.611709248186087517e-01,4.319313599945530102e-01,8.655586033084473607e-01,4.236059566893031203e-01,8.115882674297816290e-01,4.071284021768097894e-01,6.364577803611266571e-01,9.468927714560068098e-01,9.864986463843029574e-01,5.738077042638454195e-01,8.526015173344676512e-01,1.831375265030726895e-01,9.338619024303527194e-01,6.905981550271650393e-01,9.088161480370000878e-02,4.786754624257308355e-01,8.128934316066502852e-01,6.661366763326033169e-01,7.856443101807335516e-01,8.289209727018413965e-01,6.823716551416009191e-01,3.213506967347835031e-01,-3.625232813930450160e-01,7.252441679483914161e-01,7.225031139784774403e-01,9.437923334007265463e-01,6.046664820774423355e-01,5.026230911745943608e-01,7.938861982081690805e-01,4.278827556175379132e-01,6.776270500826371279e-01,7.931974327428304994e-01,6.385869206132307463e-01,5.163490099737069183e-01,5.808807872214509782e-01,5.165519304153276536e-01,8.800489901641120882e-01,6.514831361285461364e-01,4.382319493079585571e-01,2.264415364036438671e-01,5.890146225995169793e-01,8.408929218842992048e-01,8.428160720655173410e-01,6.968634541834547447e-01,5.727706224349364827e-01,6.246007231193123621e-01
4.325307541015882551e-01,8.626948923535048275e-01,8.498163810449079758e-01,4.038386456297617944e-01,9.942629894050332151e-01,3.263718329927047801e-01,6.327662593786043121e-01,8.465025892275362951e-01,7.051328444288903485e-01,9.313218115714428924e-01,6.755161889529913699e-01,0.000000000000000000e+00,6.861918469218271088e-01,3.322040328544804133e-01,4.761038235677018671e-01,6.900854418285516934e-01,8.652396073597963255e-01,9.603004697780702648e-01,6.062395639267835756e-01,4.476564502786413158e-01,4.841917979011732820e-01,2.328227380317019479e-01,7.741736338834986908e-01,7.384978223240494799e-01,6.488986441965002294e-01,5.638974339040888628e-01,9.673023816673453901e-01,9.467584774940113190e-02,5.979219451782213923e-01,5.017582478030144788e-01,3.015594704245112556e-01,9.275551152110522724e-01,7.140039565114327802e-01,8.756828721258850257e-01,5.770095088138840200e-01,6.569935282329333326e-01,6.727547273748855083e-01,6.051391760291079391e-01,8.382247677901941696e-01,9.048971878932737800e-01,5.365355862254643782e-01,7.791946147777941700e-01,6.952214995326675417e-01,6.604048535047634116e-01,8.835154339870230356e-01,8.966057225719337165e-01,5.085196226439940848e-01,9.167240646466502385e-01,5.308759723940080777e-01,8.003637422488942832e-01,7.453230742827756661e-01,6.487152378562582866e-01,8.481103557144217264e-01,9.759059498800926047e-01,8.712739291959701315e-01,7.790137396657580426e-01,7.899404637796556550e-01,4.502935487980859186e-01,8.673179552700965855e-01,3.085418163368753297e-01,4.215614606081971028e-01,7.352969215179689932e-01,8.022404177915581913e-01,7.268498046269715740e-01,6.231159221047902763e-01,8.706522095792772475e-01,4.047655028455693360e-01,6.157955362554216050e-01,7.289002708155715160e-01,5.717653072617976395e-01,3.095353440964441205e-01,6.909028674728083796e-01,4.356678133387993368e-01,6.352537070353448945e-01,4.878695876411294763e-01,6.745874872905854858e-01,7.155839874144735990e-01,5.811754427903272902e-01,1.909493590655518824e-01,7.353521361535071688e-02,7.088401719315139404e-01,9.577933098182416227e-01,8.082725155184962151e-01,-6.643207320479299627e-02,7.470959997669623931e-01
6.761695199594563999e-01,6.533286946870995315e-01,6.119046608202437509e-01,8.228848756494480110e-01,9.533893904812557052e-01,8.050173394270102589e-01,6.564018264715972828e-01,4.288013990257143471e-01,8.821030390163590029e-01,8.399777018510178328e-01,8.818752236038909231e-01,6.861918469218271088e-01,0.000000000000000000e+00,7.004732904812376315e-01,8.817199440429812629e-01,7.496424020026333235e-01,8.274977752138257259e-01,2.775555228575887212e-01,7.440793954154409917e-01,9.044300775101602463e-01,3.576289537094058391e-01,8.903951579999322963e-01,2.371062889843463251e-01,6.995435036858212996e-01,5.220300546774745420e-01,4.137909403310722212e-01,8.080561430505067699e-01,8.537148558796144870e-01,1.230956340890359685e-01,7.333078385220549444e-01,3.465386099978747247e-01,6.747732469778879860e-01,9.534612488266012154e-01,3.333190807374959708e-02,9.625592580452266844e-01,7.816915400298185546e-01,6.604426638363785074e-01,7.841076186477178300e-01,9.985041026500666161e-01,8.771984641800867344e-01,6.409334822241937735e-01,6.310954562678373625e-01,3.634901789737681188e-01,9.358266307335036949e-01,7.176349237265908787e-01,5.844615831571181586e-01,5.406501320490452178e-01,9.017542250490561129e-01,8.780126546678177490e-01,8.556378935839770161e-01,5.185842254113951499e-01,7.785568453785634002e-01,6.024150267967305350e-01,7.367421594215446401e-01,6.768118714194959473e-01,7.028390557584390796e-01,9.338918674668541531e-01,4.751594768841728711e-01,6.760141652447460014e-01,6.613749947451690314e-01,6.929278690526096129e-01,6.411653571379631877e-01,9.698707063734075540e-01,4.411053009005550529e-01,9.741379951526318859e-01,9.651965298944255034e-01,5.034702490962971178e-01,9.235863018977056305e-01,6.530120202223136383e-01,9.270321578268310159e-01,7.880202710749322215e-01,8.691972858471230801e-01,5.773163190401383593e-01,2.094560103204337886e-01,5.734674008155924430e-01,9.602040006920760096e-01,9.922687577102926593e-01,7.647329903828776754e-01,6.878157279853668316e-01,5.689690417612933704e-01,7.729444033518723112e-01,8.590087671219517329e-01,9.912251772587981069e-01,4.444708057637533072e-01,7.932127273741831353e-01
9.356528513840671746e-01,5.823077033353563081e-01,9.796234530095123683e-01,6.604451489652465312e-01,9.212733696474399991e-01,4.848252500520585651e-01,9.608591365372147752e-01,5.842582978154765572e-01,4.468352179073462604e-01,7.016754498228672254e-01,6.824744336037965597e-01,3.322040328544804133e-01,7.004732904812376315e-01,0.000000000000000000e+00,7.995746060754772566e-01,9.753284768687503492e-01,9.051877392916322096e-01,5.853818929384092540e-01,9.918025510300038095e-01,9.540602986229101967e-01,4.233040236609289519e-01,3.654201582032614026e-01,3.351960122545768472e-01,9.605016040586591419e-01,7.117914632319878310e-01,7.789647276512546847e-01,4.800450404399072002e-01,9.391934659198912794e-01,2.852998676147155410e-01,6.685952882864891478e-02,2.723836698677917778e-01,6.257119261224428630e-01,8.560168214265218012e-01,2.693025044472304730e-01,9.781709805361025190e-01,6.416023756365945019e-01,2.875801743763759521e-01,4.310434564545583824e-01,6.075915133249334410e-01,8.741366355521317244e-01,5.895297530630383420e-01,5.102459948880510021e-01,7.983206919370362531e-01,7.965790652726426613e-01,4.257172874801228857e-01,2.706992026333003842e-01,5.051535019143453820e-01,5.399515748691773309e-01,9.056414917952714250e-01,9.357409447343401077e-01,7.076868353269083478e-01,6.714986159142337652e-01,9.823045271890453733e-01,6.729804483985348806e-01,8.662315386981171983e-01,7.985374556512527811e-01,8.795917128214336689e-01,9.634355389226252619e-02,9.258969826500806910e-01,9.421480371894167538e-01,7.817286616343349648e-01,7.750638560743859928e-01,2.212038183585838813e-01,8.831475156797002901e-01,9.702640082202366179e-01,7.700405294239900389e-01,8.503822140539102348e-01,4.705918047301099194e-01,5.488723037902007995e-01,9.459435691052394679e-01,6.963676633656493697e-01,8.546195438855749282e-01,3.736744224132423353e-01,4.557106116837121856e-01,6.956935210167558559e-01,8.771521062229955534e-01,5.190512773171875871e-01,6.715103135788361710e-01,3.988067410564227200e-01,6.476965427673799791e-01,7.790326804018028461e-01,8.855127498991466339e-01,3.963088342155202115e-01,6.618611220420773655e-01,4.399155435924052004e-01
7.785520942089634300e-01,4.385892059844790358e-01,5.388940632478969039e-01,6.197469207849700679e-01,7.912028165036749661e-01,3.091752812065119427e-01,8.709917873209735983e-01,7.547705161634068460e-01,7.478911862506952835e-01,7.077215923690834964e-01,4.763396393393699024e-01,4.761038235677018671e-01,8.817199440429812629e-01,7.995746060754772566e-01,0.000000000000000000e+00,7.505335032796199846e-01,8.648911244035809576e-01,9.939786368479421874e-01,7.685541624242496761e-01,9.220761708297499082e-01,5.047894270318992183e-01,6.779096062026692682e-01,8.960356413418836263e-01,8.773335650752367432e-01,6.288189789225665516e-01,6.857946869873566831e-01,7.345440980722142132e-01,7.521207927544490968e-01,7.111573144925990020e-01,6.102294177990051915e-01,5.626752094395076620e-01,3.111013044981431053e-01,2.282703616471619956e-01,9.291040075923387986e-01,4.610935241094740178e-01,5.688732928248736442e-01,4.187000886380936038e-01,3.371562054456203050e-01,9.309532390519570377e-01,9.234259163394844538e-01,1.833803323961127538e-02,1.036055854535325171e-01,9.285309908928818245e-01,6.854539651436316605e-01,4.551131305250711301e-01,9.852324154355849295e-01,9.719756857577768194e-01,6.627488628529225601e-01,7.455148387504223484e-01,5.515054272163947280e-01,7.741341494863580586e-01,6.262980931045688537e-01,2.288669250893405060e-01,3.557016965701025324e-01,5.222616448237740183e-01,8.301550066898402136e-01,3.506830043348879711e-01,6.846166046879010869e-01,8.912725165281708550e-01,2.019908203058546625e-01,5.885139473561592505e-01,7.188031188795354076e-01,6.384708099514060375e-01,6.052472301163920321e-01,8.297585140914898183e-01,5.628313281632799647e-01,5.302911521921357396e-01,6.020114203869972869e-01,5.716479384100225936e-01,6.615942848951941180e-01,9.558428230933359027e-01,5.240516107069442819e-01,7.400014849904519298e-01,4.018459453926515046e-02,1.514663887809299114e-01,4.364787850887891230e-01,7.552554773923454423e-01,4.305581954444663850e-01,4.629462698250913499e-01,3.765886528506841024e-01,6.094738019061499701e-01,8.830441096636133524e-01,8.288829580551687615e-01,4.874123366628416165e-01,7.342067662905322756e-01
5.335874909273911060e-01,6.519904037801611540e-01,7.789655794182182014e-01,8.220418563040747806e-01,1.582318508623204167e-01,4.628437504565395266e-01,6.511757273103714327e-01,5.661623477586280595e-01,2.693144832743791239e-01,4.101883216088171857e-01,8.634510046912194925e-01,6.900854418285516934e-01,7.496424020026333235e-01,9.753284768687503492e-01,7.505335032796199846e-01,0.000000000000000000e+00,7.975905347238072540e-01,7.615286408125742090e-01,3.908749324822598237e-02,9.371190029655587228e-01,9.639649005492478828e-01,2.947787289809522537e-01,7.805799709325889069e-01,8.658705537602731095e-01,4.889515195625193100e-01,8.835428724237521791e-01,7.883079471665214166e-01,7.094563262568494288e-02,2.827572567748136700e-01,1.304514004187160708e-02,1.642195852526169841e-01,6.416147520606224619e-01,6.920634536939143100e-01,2.660783462677914768e-01,3.023624204611417010e-01,4.222489199348240518e-01,4.777808572970148604e-01,5.258826292335629926e-01,8.468216656580894730e-01,9.438922561931991639e-01,7.191285050839002491e-01,2.373320057279503792e-01,9.971924027042284866e-01,6.867072142473112928e-01,8.678748462734213742e-01,8.528746164679675834e-01,9.322386476645345699e-01,7.828682724331326170e-01,7.240436777092029708e-01,6.360908139650294224e-01,9.755760641069554095e-01,4.010771199918042873e-01,4.729569966477549237e-01,6.654880575025596823e-01,6.860327715836133100e-01,7.047996377178897820e-01,8.623293165172105645e-01,9.406071249682211866e-01,8.833117600906476019e-01,6.759775940316925524e-01,7.235113302081773445e-02,9.374345793204026389e-01,6.855431044984645617e-01,9.409033366525495490e-01,5.753600906730775844e-01,5.996485594675511344e-01,7.091132201925273160e-01,9.223579065041939140e-01,5.937397106019930426e-01,8.399118186002488828e-01,8.416976345771677304e-01,5.587073672820448422e-01,3.925487071272706352e-01,6.538451318538959223e-01,8.831574621785250878e-01,8.954462559895650653e-01,9.717525520672563033e-01,8.892094767853750970e-01,9.295251150060097611e-01,6.368347918075133451e-01,8.024112812402989237e-01,9.421775950543542777e-01,7.535031701609069543e-01,4.362643090457353767e-01,3.433544680465100418e-01
5.379671405336023948e-01,6.571377075154010150e-01,9.675697735531970656e-01,9.243702456791739186e-01,6.428806567708267306e-01,9.720835713457689486e-01,5.731037058979175924e-01,7.000060631552038615e-01,8.387018153388854647e-02,7.293445247432688294e-01,2.958437196025631710e-01,8.652396073597963255e-01,8.274977752138257259e-01,9.051877392916322096e-01,8.648911244035809576e-01,7.975905347238072540e-01,0.000000000000000000e+00,9.092126584887991747e-01,6.572552669108655543e-01,4.200082211462801141e-01,7.944799368154764618e-01,5.564031979673207395e-01,7.689846767821219009e-01,6.479999547683596983e-01,7.335158637483347732e-01,8.980725972304139937e-01,7.699197237533531579e-01,7.313591990395167386e-01,1.082321620473867957e-01,4.362770225774614263e-01,4.509003461794775514e-01,8.096025288031162281e-01,6.437501232893669822e-01,4.034034461756880185e-01,2.721737742612178046e-01,3.974439033349261852e-01,3.912123322778629508e-02,9.101774690857711292e-01,6.417307273738558360e-01,7.155336565924470538e-01,5.061600835610264859e-01,4.926249181341664785e-01,9.548366930499806449e-01,8.030296355247924511e-01,9.710199814490239056e-01,8.307021160496267376e-01,6.833448522076732701e-01,9.108369950294979978e-01,7.343009820688930489e-01,7.337923778163054633e-01,9.445759856867261828e-01,4.271898953187166503e-01,8.101360477927090908e-01,5.622405945689802342e-01,3.708508626692382792e-01,9.974366028212073854e-01,7.660709104423149007e-01,7.529487337841297423e-01,6.662945587623206878e-01,2.170542502032549448e-01,1.633193723860757729e-01,7.756862325538916858e-01,9.035662741805708942e-01,9.853061738957036297e-01,9.988225243888837479e-01,8.063018499684493356e-01,9.671130334241887505e-01,8.375843287829026762e-01,8.080971133198222578e-01,3.481890894037564799e-01,8.857437833795329674e-01,7.391538137296840283e-01,3.509882418750945865e-01,9.448433752587579448e-01,9.192962282884341585e-01,9.730189163156981458e-01,9.204608081344078929e-01,4.413778539940447221e-01,6.255033180413350768e-01,4.311004272048293839e-01,9.002225421214342660e-01,4.716410593222400971e-01,7.152634719036637945e-01,7.912926022564654716e-01,8.602474328131822778e-01
5.463983699490142509e-01,2.323980755531007136e-01,9.917783674914913972e-01,8.418333291744536373e-01,7.244952085204483527e-01,6.472251189344389033e-01,7.697242966077730841e-01,3.347775341805931948e-01,9.785474516323565686e-01,5.164149796122770031e-01,8.749746874767284632e-01,9.603004697780702648e-01,2.775555228575887212e-01,5.853818929384092540e-01,9.939786368479421874e-01,7.615286408125742090e-01,9.092126584887991747e-01,0.000000000000000000e+00,7.791600520770121108e-01,7.773755998886890950e-01,7.520995637886094265e-01,5.038653102591142963e-01,6.659432910537259609e-01,2.869070008053253851e-01,5.995830225519231949e-01,6.086994165648469401e-01,5.446097424064357817e-01,4.002299063551397196e-01,-1.408978436852049709e-01,3.792986824731484630e-01,6.733046435182994394e-01,7.726248587750529362e-01,9.699248818789645288e-01,4.329796993203882671e-01,7.238946916471313830e-01,6.303705276771323085e-01,4.167359391962719428e-01,3.085547406808783477e-01,9.823710926653577147e-01,6.400429100929352355e-01,4.459782105484675907e-01,7.385262642167322866e-01,6.957774871499277092e-01,9.284484085695238198e-01,8.943261808064181251e-01,3.838997673521286069e-01,9.542316469626843656e-01,7.308160663922536049e-01,7.788848320922566737e-01,6.047488923027982688e-01,6.039848052534236844e-01,7.963521161581204044e-01,6.161907116310824106e-01,1.450821448286014892e-01,8.673954571426664151e-01,7.374998338954871224e-01,-1.504592179847593914e-01,9.219009804150763987e-01,5.789035801776432066e-01,4.448663216434446399e-01,5.831688641171534071e-01,7.419904841481632651e-01,6.876902802153312955e-01,1.731530024017920166e-01,8.517185221447862720e-01,4.780965546552944923e-01,6.018251977791527763e-01,7.955684497637232067e-01,8.729142532577526259e-01,6.646007682747009371e-01,6.755504634237964323e-01,8.750303130473696678e-01,4.171708223660878789e-01,9.838094013164765395e-01,7.307197922748971397e-01,7.589380307143216431e-01,1.555938423292362316e-01,8.875554255125480685e-01,4.049808004499578784e-01,2.609937381495462949e-01,7.823416466271189140e-01,4.114104760324138743e-01,6.035085034589430242e-01,5.453469066473389804e-01,7.633172775853586112e-01
