0.000000000000000000e+00,2.182353364501823934e-01,7.258391020707850583e-01,7.909208677746055738e-01,6.942878789029023334e-01,1.536695423726828214e-01,8.743343078844386662e-01,8.951857541640965144e-01,8.046229227323078437e-01,9.021404209014831643e-01,4.434614706876478518e-01,8.296267061732551795e-01,1.210057530769830247e-01,7.533882516027492482e-01,6.206456285941092110e-01,8.067080189796244083e-01,8.260308074720562610e-01,8.030943461300100727e-01,9.802969917301849190e-01,9.656547907086243665e-01,6.615125210677286205e-01,8.776096963317199240e-01,9.079641271550827897e-01,9.895359252585302912e-01,6.836355213963366539e-01,7.405454047110548998e-01,8.409815840773106066e-01,8.040556318568894412e-01,4.173929668887123023e-01,6.931490710844021574e-01,6.618217394061871595e-01,8.552822255759098269e-01,5.628089076491713527e-01,9.509199414056037636e-01,9.740668670145564700e-01,2.777652636249670626e-01,6.475043801753187500e-01,9.387563912635802366e-01,6.050452353670509043e-01,2.067787552946418750e-01,8.361523657364688944e-01,3.298243578448509794e-01,9.286206128426719442e-01,7.160376562456063354e-01,9.632019234148507802e-01,7.890350531593411931e-01,6.242959926519251468e-01,7.493489482833044502e-01,9.896196451697660823e-01,5.780278188293243025e-01,8.376977866553994012e-01,7.656801622484364911e-01,9.033598018207527058e-01,6.870746480246706644e-01,5.331732367072948842e-01,7.797181513773686623e-01,9.809108604949016152e-01,7.202287365971002941e-01,4.660019044513915021e-01,1.618328856719468689e-01,3.276079579452340629e-01,8.357014803338268516e-01,6.425329710856028109e-01,8.301881673713739085e-01,9.070692496254867399e-01,7.164907968083937817e-01,6.075542300242824378e-01,8.397351192709501255e-01,7.345651227323835020e-01,8.090619182071376869e-01,3.635041402416199219e-01,9.532804595635029354e-01,4.547241095688348556e-01,5.581123299535446503e-01,9.673793842020383948e-01,6.700505835590409021e-01,9.945823786683638534e-01,7.592462527389636229e-01,4.020364045011841636e-01,4.337885402847373451e-01,7.889672633007605018e-01,6.044342160506204209e-01,5.654223940607329135e-01,7.334379312530047157e-01,8.341487543330645682e-01
2.182353364501823934e-01,0.000000000000000000e+00,8.556043070124528249e-01,5.122334637123240331e-01,9.655590017702568861e-01,2.090439000207660325e-01,4.441202145607776042e-01,2.338494043034926653e-02,6.697566652725359670e-01,7.149694797647032640e-01,7.166651456285860755e-01,9.560366598405747318e-01,2.694263053655776563e-01,6.552599125472067243e-01,7.486638119926964929e-01,9.720712479671641537e-01,8.477448679962632516e-01,7.213948966239978056e-01,4.029040347728535254e-01,6.278952132969806144e-01,8.256463751595396472e-01,4.429711951173398998e-01,7.760159271959474747e-01,9.354008267520418363e-01,4.691402045593355274e-01,6.372332963403132267e-01,4.314533999027408973e-01,9.332635762524558176e-01,4.519714441051629339e-01,7.509353812415242579e-01,7.804457298358697948e-01,6.610761386565001674e-01,8.760758431688319137e-01,6.655633736130475153e-01,5.522990964236154099e-01,3.142188657907464822e-01,2.335649217722343129e-01,9.159687666754875446e-01,7.398744444244208518e-01,5.863850445492345687e-01,4.037262495182415423e-01,8.014828590514623263e-01,7.712145092101629906e-01,8.836898226461740169e-01,8.529985794878808258e-01,7.079349921290150061e-01,9.958829178510544278e-01,9.984231324465889790e-01,6.170213560606050418e-01,5.036901195179041002e-01,7.550102748400573383e-01,8.032510233027786439e-01,9.001300580488004188e-01,9.349758853332631459e-01,6.490393254790318700e-01,9.515336266184105662e-01,6.446668375014027452e-01,7.799204498500950100e-01,4.674531358245168078e-01,7.970985538932868764e-01,2.646377960387046313e-01,4.033288242736886575e-01,4.194300897867968558e-01,7.633346294359913964e-01,4.576451222091898474e-01,1.434198474751182117e-01,5.493321108171496103e-01,2.741617748026732859e-01,8.657668138931043922e-01,7.097385683951166202e-01,3.074003787651956032e-01,9.133573149125399082e-01,7.875005916200583655e-01,5.295674967382466569e-01,5.504456605019963922e-01,4.006619848125436145e-01,9.182680244572626327e-01,2.760783931050039275e-01,3.320746139771755256e-01,3.690965441057186824e-01,7.839457714075234174e-01,6.005049443079120142e-01,6.770935389694376916e-01,-8.729237432301861777e-02,6.488628906944462482e-01
7.258391020707850583e-01,8.556043070124528249e-01,0.000000000000000000e+00,8.624527529228057654e-01,4.576912717091701777e-01,8.833846488375601824e-01,6.836388698378722539e-01,6.216664375097832318e-01,4.461308414019987123e-01,9.746639429872850924e-01,7.062764862331861737e-01,9.245667803338321056e-01,5.089733002186536126e-01,9.209045135065863086e-01,7.146363506875827998e-01,6.082106739861629086e-01,6.670032973961926848e-01,8.172263961445777047e-01,9.529479084774912234e-01,7.367134624296671763e-01,8.327857264232263468e-01,8.135108105657964384e-01,8.789875586708352229e-01,9.192730968263544966e-01,7.714158462928959459e-01,9.349121954144300473e-01,6.094517256049417631e-01,2.812639274953097068e-01,6.339807506320678521e-02,5.012237724349126733e-01,7.985408389332926621e-04,9.491961502049121036e-01,1.385017023180415141e-01,9.452543739276204615e-01,9.537173631176278921e-01,3.528960754894673313e-01,6.398557918025225000e-01,5.459961744155263919e-01,5.178172556706499563e-01,8.903102140143537291e-01,2.052117088327115035e-01,6.114359015608586967e-01,6.975608338390685281e-01,6.788091717539552761e-01,7.485872156297812552e-01,9.705687016819447566e-01,9.066461940648513629e-01,8.412219582925842820e-01,7.504642963575998138e-01,9.898980728305870613e-01,5.652317758536145043e-01,9.056124041238793332e-01,9.253379320423014143e-01,4.759499812537549279e-01,6.914465629677520875e-01,9.272901295909214969e-01,9.237961689881875049e-01,8.293782649291321363e-01,6.766100171938947971e-01,2.377494730296679237e-01,4.930140456021014361e-01,6.873561517608652860e-01,8.036620941627726777e-01,9.287119972274194835e-01,8.295566155282149134e-01,6.918579641851072548e-01,8.492674301787559443e-01,4.315396363841424998e-01,9.800243555213868918e-01,4.764825264688370421e-01,8.610290919040590740e-01,8.584647796373080508e-01,6.822037373736813404e-01,6.987245878349219730e-01,7.827156952848135507e-01,9.414562046311601984e-01,9.690372437928029825e-01,8.110520166814461085e-01,3.154949054495677085e-01,4.317262225492748406e-01,7.077087040693436082e-01,5.868047650884727906e-01,4.751542124843105563e-01,4.178796931021610539e-01,8.702173020052333952e-01
7.909208677746055738e-01,5.122334637123240331e-01,8.624527529228057654e-01,0.000000000000000000e+00,9.215514316074990830e-01,4.005955802749778805e-01,7.878298088408726141e-01,5.850675418654809334e-01,7.493568420214975490e-01,6.795083785783452290e-01,9.453372307576021205e-01,7.573793763399792045e-01,9.597470398939860203e-01,7.194861787311468415e-01,8.263579410299540795e-01,6.509613918491543583e-01,8.647117033716957835e-01,7.318144855874814114e-01,8.341652150737260962e-01,7.342397281193142611e-01,7.749701111881708293e-01,5.333388805736762883e-01,5.076516213429294044e-01,8.793238610428697477e-01,4.348553455916846500e-01,4.081279961414149282e-01,7.533351795317958510e-01,5.293358826719540833e-01,4.749733733704012417e-01,5.236022808625522273e-01,3.299943954854412942e-01,9.409296299267881913e-01,7.319317266169502734e-01,6.631289284063868195e-01,9.500850475741055012e-01,7.523546510988518010e-01,4.891624819084534614e-01,9.481436140424279735e-01,8.595875983566392264e-01,4.545207907390080293e-01,5.632642976727403328e-01,4.349153141608592954e-02,7.853412625330481456e-01,6.456477523408545860e-01,9.543172051537909262e-01,7.069850337599317136e-01,8.398461248142388147e-01,9.679890158168595882e-01,4.812435274746790781e-01,1.399704959515732650e-01,7.810766116477450005e-01,8.559525643928926897e-01,6.575454663041830905e-01,7.353456706512828678e-01,2.018093809756666135e-01,7.527557687836430311e-01,9.437190281155997118e-01,9.034849030351481680e-01,7.149202257648049619e-01,4.479517564645472683e-01,5.577252278973043875e-01,6.407515645344893374e-01,8.744678080477072957e-01,7.145981945434031202e-01,9.922658158471284739e-01,6.615244863713056755e-01,4.141598813664443268e-01,5.978985902998144031e-01,-2.836480916448358425e-02,8.189944220591556245e-01,8.340460017605969556e-01,1.335859079079808887e-01,4.815516725135371989e-01,4.999507090381924979e-01,6.540196560405511228e-01,9.001396925149747208e-01,6.919457422143550085e-01,6.674363471346093091e-01,3.121141136711722552e-01,-1.959306706890239225e-01,6.643139894912987176e-01,8.021466987573679930e-01,7.951468652392925662e-01,6.065191553358590948e-01,9.263543545068075868e-01
6.942878789029023334e-01,9.655590017702568861e-01,4.576912717091701777e-01,9.215514316074990830e-01,0.000000000000000000e+00,8.012390252622252351e-01,5.775964303469387495e-01,7.070481941678068427e-01,7.025022154912018424e-01,8.289999301126321773e-01,5.715407684939888266e-01,8.819451144365169082e-01,7.260303973370952901e-01,8.255110631944627686e-01,7.664793479872274995e-01,6.709799406705672098e-01,8.406239605568941453e-01,6.814204620128524459e-01,2.818105942900664962e-01,8.838601280675576488e-01,9.875698157477383887e-01,6.640453756119750750e-01,2.381747358029148720e-01,8.669909933964315973e-01,8.323369173268188037e-01,9.666840995336269948e-01,6.777970378416258157e-01,8.263007417417829181e-01,6.780410148188975583e-01,3.321891462871510159e-01,5.741667351838430911e-01,7.525146251770992167e-02,7.573362070022211512e-01,9.040356813874544928e-01,7.519081079872262929e-01,3.181340935758835142e-01,2.661987781098401618e-01,7.678354158862247258e-01,-1.005709330514810568e-01,6.448311094564749268e-01,3.008539748288037718e-01,7.161150827105858818e-01,9.268981850205258999e-01,9.764602463967116952e-01,9.880749594431557092e-01,9.006511715891332148e-01,8.419488805774477669e-01,9.165472028530308179e-01,6.335363583030168000e-01,5.320617506702447486e-01,7.743411567108691163e-01,5.649980245095622688e-01,2.217606607779713523e-01,8.215309215155548461e-01,8.882481694285577767e-01,6.258186281014108676e-01,7.820448057354614235e-01,6.976619016684449948e-01,6.557970727821247348e-01,5.290061455602447227e-01,7.123866508421523580e-01,9.559337520197171978e-01,8.920664381605045712e-01,7.694713571713256428e-01,4.065817809922484538e-01,7.702235517493427608e-01,4.135061225266023488e-01,7.045696868785404909e-01,4.732463701421536495e-01,9.450335382648203941e-01,8.286370632719973761e-01,9.477207943907309806e-01,4.021249531480730610e-01,7.575875918086230065e-01,6.227685689811515157e-01,7.119930967679193312e-01,9.089003550770220485e-01,8.739197969539113098e-01,5.403414526419547670e-01,1.026941805809200581e-02,6.358730389340017108e-01,9.267603028898913076e-01,7.181725146295794282e-01,5.010421849211765810e-01,7.018070488583485478e-01
1.536695423726828214e-01,2.090439000207660325e-01,8.833846488375601824e-01,4.005955802749778805e-01,8.012390252622252351e-01,0.000000000000000000e+00,6.921726387440881867e-01,5.735231796530994020e-01,7.045610054011529622e-01,7.364231138697177048e-01,3.261416413978611706e-01,8.821917391100648764e-01,6.262520109171614280e-01,9.497256209966501439e-01,6.232005406572623807e-01,4.653558900932697751e-01,9.274023657546668353e-01,8.836898349737783986e-01,8.613376087713013884e-01,6.566601384066804714e-01,7.901582391402600658e-01,6.802728699750456576e-01,5.020127325757457459e-01,8.129587954082463375e-01,1.161587439359747231e-01,6.842882514703713115e-01,5.105281436253045202e-01,-1.263562906628701854e-01,5.656538372665420589e-01,4.858661477082402147e-01,2.013576339417921801e-01,6.022373506257479026e-01,9.090557375212132696e-01,9.786844688024008976e-01,2.513975876782408303e-01,5.236758823900822257e-01,5.132726380967356228e-01,8.667435494674439189e-01,1.227951107252013146e-01,5.598029002567536105e-01,7.836508015010469341e-01,4.072318541196908726e-01,7.963873003385163463e-01,6.193113311601300408e-01,8.317391142458826492e-01,8.156688143224328780e-01,4.598585891918260393e-01,6.292642375542502053e-01,3.683587222764571623e-01,9.417334300540427527e-01,4.172519743227011135e-01,9.868044867107675922e-01,2.257191733117608345e-01,6.435350146768987756e-01,5.034893708079081209e-01,5.956934524891051019e-01,5.263905606442638163e-01,7.871480970137335609e-01,7.166445614586607338e-01,5.459386023957256695e-01,4.492645125771818626e-01,6.493584581607373396e-01,6.381561331104836921e-01,6.534965885311767586e-01,6.159064004736412024e-01,4.231291985457756311e-01,7.799810981572787849e-01,9.666534428744998353e-01,7.459146337045849950e-01,3.720780488207594550e-01,9.907185431134795106e-01,6.412223810299398918e-01,3.427068547860104841e-01,5.391109836441847492e-01,7.702124329551754967e-01,5.787155207636294207e-01,7.642151798347706082e-01,2.179180417969655281e-01,7.332105742886652067e-01,3.981653910444397093e-01,8.890219690106022643e-01,7.732447854256001563e-01,7.347461251793601100e-01,6.350241203298849779e-01,6.460978765980736060e-01
8.743343078844386662e-01,4.441202145607776042e-01,6.836388698378722539e-01,7.878298088408726141e-01,5.775964303469387495e-01,6.921726387440881867e-01,0.000000000000000000e+00,5.302560245831998698e-01,3.207298036487898907e-01,4.476349678002438104e-01,5.011336854764174564e-01,2.758509705019323022e-01,6.421482441682891951e-01,5.762822578591466627e-01,2.696186960684507916e-01,5.595502462876016381e-01,4.358203719611111748e-02,4.831601622435152676e-01,5.645982570033122316e-01,7.295303674406026229e-01,6.888197515766311119e-01,7.668805288515821994e-01,4.309583869786099974e-01,9.426128335833935390e-01,2.193372306879315670e-01,4.557943435535914967e-01,6.416813701108249335e-01,4.468221822350871841e-01,5.882554577824994357e-01,8.029074081240473310e-03,5.052331391537365768e-01,7.161386494378348955e-01,7.911157669086414934e-01,7.750029536974107902e-01,6.726820340731974879e-01,3.405751795575182594e-01,4.717480463004464775e-01,2.187658757601785020e-01,6.505254834518901796e-02,7.533938556828030375e-01,4.553815685716728900e-01,6.973150820497132640e-01,3.980844877464582154e-01,-4.201554815807373444e-02,9.803655685797165731e-01,1.691353590295439080e-01,5.634919194441389001e-01,2.422992085679850083e-01,4.593815687183736007e-01,8.323440713279811609e-01,-1.868182901302959942e-01,4.599300008409188401e-01,4.711148423481001379e-01,7.076828058930747511e-01,8.096093501359364897e-01,6.500599623113165748e-01,3.311453699697965991e-01,8.963648970881837874e-01,8.957503458503658367e-01,6.369305927667003875e-01,6.901150038390956309e-01,3.316625482240197487e-01,6.159422908836675870e-01,9.825321105274151812e-01,6.858435717934912024e-01,4.526153653964802848e-01,8.722278199660223885e-01,8.927544244956644448e-01,4.742441454423423353e-01,2.673962100366408245e-01,4.106079420830274218e-01,4.378616947351778865e-01,3.781920363166340615e-01,6.476753837085937882e-01,4.201713788731283872e-01,5.089602881911240440e-01,2.938383050560117726e-01,6.156084259946518200e-01,4.204253329259168281e-01,5.606452477109836741e-01,3.655607561342096856e-01,5.790247312731423568e-01,5.327320299688947935e-01,5.054726788703086671e-01,8.594077225603458103e-01
8.951857541640965144e-01,2.338494043034926653e-02,6.216664375097832318e-01,5.850675418654809334e-01,7.070481941678068427e-01,5.735231796530994020e-01,5.302560245831998698e-01,0.000000000000000000e+00,9.838481488308150613e-01,5.597625811109369076e-01,6.334221303205255227e-01,7.923748020045371376e-01,7.647941221339752405e-01,4.099031102482483813e-01,6.695590153283395018e-01,4.192722259039109445e-01,7.409969168694043873e-01,6.012966667054649994e-01,8.923187383694766162e-01,9.550389255992082216e-01,8.526816454674490675e-01,5.775469238730475130e-01,6.702178281843563790e-01,9.333454434275672007e-01,2.263480456970310695e-01,3.854634794199641723e-01,1.750051841440725120e-01,6.403607209643500386e-01,6.841637733324446025e-01,4.160461882390372179e-01,2.706758986845048467e-03,1.725833984847520985e-01,8.614271776947621806e-01,2.425343954663972124e-02,5.467140056768972078e-01,4.208822073379535067e-01,5.242760322609101298e-01,8.561304181060114260e-01,3.444771878754070427e-01,3.895725241236873693e-01,4.164204521275691739e-01,4.671162006886419027e-01,3.087829900029167574e-01,2.673771342906194892e-01,6.987576974740686842e-01,4.631196406367247276e-01,5.088392661846378173e-01,7.402046110352089592e-01,7.783634746650195391e-01,4.756284576562346822e-01,7.172044980149968607e-01,7.336963528294897507e-01,5.622962567251832411e-01,4.974727472931149697e-01,2.056145763046346719e-01,5.230058364372323076e-01,6.565792850020113480e-01,6.895416819622958160e-01,8.431958430867485532e-01,2.750863393541705948e-01,2.905516013643463236e-01,6.651257010208546649e-01,4.749007614364553209e-01,8.805261996169091443e-01,9.880158908551752717e-01,6.602639859818767443e-01,7.806173406942435999e-01,9.676523766043273467e-01,1.195440257641438297e-01,6.521403967530331469e-01,5.496539137225718852e-01,7.237918369514197980e-01,7.362320163181423904e-01,5.745058340440654249e-02,4.385511711697096526e-01,4.420632223148158180e-01,5.827213729991128632e-01,6.261307657903044666e-01,6.829677752500853405e-01,3.963136190195250541e-01,4.578304032326143136e-01,9.333110677313821713e-01,6.534040430116980769e-01,5.179458943737025312e-01,5.517110181656006418e-01
8.046229227323078437e-01,6.697566652725359670e-01,4.461308414019987123e-01,7.493568420214975490e-01,7.025022154912018424e-01,7.045610054011529622e-01,3.207298036487898907e-01,9.838481488308150613e-01,0.000000000000000000e+00,-1.707672355413205056e-01,5.695418876106466133e-01,8.926307051614983390e-01,9.325144120001135351e-01,9.997543298170343817e-01,9.473386104496861471e-01,8.643032013838315430e-01,6.571632200613500840e-01,7.577800328027783916e-01,5.523674463888289532e-01,8.033614907346371403e-01,4.556155883694983921e-01,7.740182673691519133e-01,4.579322742218941422e-01,7.921150150508685650e-01,6.016228521767850168e-01,5.509026834542261053e-01,3.004136402263605787e-01,9.855628922938809433e-01,3.012451008281793463e-01,5.531536417415863216e-01,7.559742170117230708e-01,7.446552309179431672e-01,4.010934718681277156e-01,6.830917513117785722e-01,8.597961880570647031e-01,2.153830290232200129e-01,4.339697161294834848e-01,7.843035069123603931e-01,8.778213988243064314e-01,6.291742321742085364e-01,7.153692859803931769e-01,7.848911173586831103e-01,9.207359947916198273e-01,6.897337287602248734e-01,3.844046022492286774e-01,6.525012590775032262e-01,4.814250816771135089e-01,9.811792344121369469e-01,2.746027429493895847e-02,5.817083584007833874e-01,6.297852847003853061e-01,6.266064729383806764e-01,6.605153847448500537e-01,9.875658456624567538e-01,7.713526973883699789e-01,9.615605561326758810e-01,4.523868091368774547e-01,2.254709391463539936e-01,8.841997151918288278e-01,4.363750901235459168e-01,5.342295794590977698e-01,7.455797849543602807e-01,7.526436735448824855e-01,9.670876039699073390e-01,8.513516697995729965e-01,9.967750084211767225e-01,4.254987420725412361e-01,8.591963759416434421e-01,6.572571124156351141e-01,4.300468545627872397e-01,8.751406584273476730e-01,7.884109707393812672e-01,5.379159776585570318e-01,3.032043556723820754e-01,6.143363672255668373e-01,6.917133908621162508e-01,2.170151219660968189e-01,5.616728922205456165e-01,1.429860191230374056e-01,5.834335827249167439e-01,7.131378995992526670e-01,9.371083774972306379e-01,3.240883209655197605e-01,1.935360363662962657e-01,6.085202352533165548e-01
9.021404209014831643e-01,7.149694797647032640e-01,9.746639429872850924e-01,6.795083785783452290e-01,8.289999301126321773e-01,7.364231138697177048e-01,4.476349678002438104e-01,5.597625811109369076e-01,-1.707672355413205056e-01,0.000000000000000000e+00,5.805391124932908486e-02,2.059711733265199851e-01,8.506762410397213925e-01,9.632949111510022977e-01,8.919667107824286179e-01,7.010199546253407243e-01,9.495781892366608190e-01,6.293252737056176382e-01,3.887672729240052027e-01,8.130398829597672572e-01,2.213850670166999657e-01,7.934595913453561522e-01,2.859378216612341039e-01,9.559745383183763101e-01,4.323688786484157776e-01,3.981520468652047784e-01,8.688232692121410361e-01,5.841517417862169825e-01,7.856440569750930969e-01,3.816366111974555109e-01,7.360360744378602327e-01,4.985565812825758503e-01,8.661060796736199663e-01,9.816803359065158219e-01,6.658998178289139425e-01,7.354974246293379814e-01,5.012817380960705727e-01,2.223048863879091286e-01,2.309643545582547586e-01,8.559424638712894717e-01,5.289858569306329361e-01,7.954609384509718772e-01,8.976712159493012155e-01,7.929962482294208304e-01,5.837787980039031988e-01,7.112184629313224038e-01,9.919013340328458606e-01,4.237270044865308893e-01,4.868974548595910168e-01,7.882924506070188020e-01,7.149052437594513032e-01,8.338683477825078461e-01,4.559866486889953552e-01,6.201529918444268485e-01,9.307381612577728669e-01,9.223049711178804566e-01,7.159826671572309120e-01,5.494491118735913560e-01,9.655807196262198300e-01,7.045458270528813793e-01,2.223686536804276304e-01,8.992898473225230394e-01,7.892035259830511018e-01,7.076950965673844962e-01,6.368473555602561786e-01,4.033474582135948006e-01,9.963433598100178701e-01,6.292265787969796298e-01,8.716329369545656736e-01,5.039621503430538052e-01,4.099987692920741833e-01,8.505263317443529925e-01,-9.515120865561796371e-02,1.705437219428128093e-01,2.080682723313879712e-01,6.041843881258454063e-01,3.843687571205386400e-01,4.399645567722896417e-02,5.418424940590540473e-01,3.148398617148594480e-01,6.911133552831818516e-01,8.797401490419849424e-01,9.533346982012235182e-01,3.335635741177339630e-01,7.426572458817789490e-01
4.434614706876478518e-01,7.166651456285860755e-01,7.062764862331861737e-01,9.453372307576021205e-01,5.715407684939888266e-01,3.261416413978611706e-01,5.011336854764174564e-01,6.334221303205255227e-01,5.695418876106466133e-01,5.805391124932908486e-02,0.000000000000000000e+00,7.992679497745427408e-01,8.151701894419380867e-01,8.382448397200102930e-01,4.200577724739549268e-01,9.316800234485844712e-01,8.259239311278033790e-01,6.377419083048553317e-01,9.606596959102196021e-01,8.307098814982454282e-01,7.763045271679587245e-01,1.718702544460796178e-01,9.106720312276221918e-01,8.930481661773672641e-01,5.424485237646072822e-01,4.353693345731282638e-01,6.104472919457899494e-01,9.198331922415849959e-01,4.176959230573286108e-01,7.675500927002196772e-01,5.091483414451878353e-01,6.250005734805244018e-01,6.081422439606712915e-01,9.299090551193224252e-01,8.353521606739909844e-01,4.590057956666976358e-01,4.377877075002317708e-01,7.871552902279119746e-01,6.629014255695924174e-01,9.792796752662659143e-01,8.938996391089368831e-01,2.233204972487814743e-01,9.863215317498110757e-01,7.701092078282921749e-01,6.024633695188307270e-01,7.455577060112053012e-01,9.540210534356268202e-01,5.367315278533966172e-01,7.538046525295452049e-01,6.731348742426765952e-01,1.576666605613680772e-01,8.833587851674203906e-01,9.655256317221208029e-01,4.727679497521470875e-01,5.573181554383772607e-01,4.104057447058993002e-01,6.229840780294887415e-01,3.770006384532103016e-01,4.887465027056243083e-01,3.310256427729065254e-01,4.786089006099119025e-01,6.693747310488143976e-01,7.013795194988495796e-01,5.921239160052191863e-01,5.807311596921926888e-01,8.915648134101938904e-01,5.882397381435946482e-01,6.035614098838260055e-01,4.683833989644487494e-01,6.248981917599842895e-01,7.745187721866035879e-01,9.610830946915234207e-01,8.098256262425104213e-01,3.653018582986687912e-01,3.939443957125752793e-01,2.695050069888088595e-01,4.958476580135632861e-01,5.694720783295929012e-01,5.458121646422077200e-01,1.764426712231224603e-01,1.104309948517609441e-01,8.480247879924968091e-01,8.342527958543219935e-01,5.911168554392363106e-01,4.367270425508615328e-01
8.296267061732551795e-01,9.560366598405747318e-01,9.245667803338321056e-01,7.573793763399792045e-01,8.819451144365169082e-01,8.821917391100648764e-01,2.758509705019323022e-01,7.923748020045371376e-01,8.926307051614983390e-01,2.059711733265199851e-01,7.992679497745427408e-01,0.000000000000000000e+00,4.773945484355089919e-01,6.487532049697705139e-01,5.820054485753292095e-01,8.526664512968246123e-01,6.306935018826301809e-01,8.435966873760365470e-01,8.093167993653501702e-01,9.291965561805186624e-01,6.172450835444821537e-01,8.496664497134510663e-01,8.996009177253118105e-01,8.673210285530663644e-01,4.620990382484684300e-01,5.162428162542339605e-01,4.841813445942568794e-01,9.596090314648727526e-01,2.202213775494194503e-01,7.482313176004639077e-01,4.273229331457422120e-01,1.923156310148313730e-01,7.634395922600236695e-01,6.986137570142949560e-01,1.093043585293762597e-03,4.202747938459736599e-01,-1.607332824442294084e-01,9.882226106516227571e-01,8.727266815800607258e-01,7.964112618994949599e-01,6.570042477436601747e-01,9.130107418194071123e-01,9.894405814980483660e-01,6.523337655594373397e-01,8.134916407181780329e-01,7.857399807470583086e-01,3.202885123810985668e-01,4.044906797603125548e-01,5.748864243159927945e-01,8.255832359934673903e-01,9.187303265728102852e-01,5.581275940290768567e-01,6.371848127220739455e-01,2.933324599915905218e-01,8.580338796448965244e-01,7.375346386955857758e-01,2.727659963425077549e-01,5.020747788285637725e-01,6.875839100338110299e-01,5.519983137350568114e-01,1.220405550383324711e-01,9.242769297350086344e-01,6.320930651464831129e-01,8.003220084070017393e-01,6.577022627926953913e-01,9.777041490116011868e-01,8.291776133078655464e-01,7.438097742544524937e-01,4.518705370701193713e-01,9.249624028856133773e-01,7.211377968726099263e-01,6.709213774547926334e-01,3.674778763657302744e-02,5.817612550301167751e-01,9.274550046864580288e-01,6.906104918884516941e-01,8.181656282614762077e-01,7.942294941994979540e-01,8.471094667717351534e-01,2.258020716432755370e-01,2.646964634314278864e-01,8.477036240065144446e-01,6.742491732127270376e-01,7.903948897984014454e-01,7.412519414259433059e-01
1.210057530769830247e-01,2.694263053655776563e-01,5.089733002186536126e-01,9.597470398939860203e-01,7.260303973370952901e-01,6.262520109171614280e-01,6.421482441682891951e-01,7.647941221339752405e-01,9.325144120001135351e-01,8.506762410397213925e-01,8.151701894419380867e-01,4.773945484355089919e-01,0.000000000000000000e+00,9.103084163590979827e-01,4.463592933981853639e-01,2.079528362110008577e-01,9.670891947245299214e-01,6.458753286077478784e-01,5.120261520807531941e-01,6.520817726682300863e-01,4.061232599128515863e-01,6.637736191254715035e-01,6.129576084091171717e-01,6.241362794459864860e-01,7.745090309913814641e-01,4.323919819944388454e-01,7.152586780482655948e-01,7.865700333820443424e-01,-3.322595188889745921e-02,4.272721805648863613e-01,4.370676413493245205e-01,5.557743146967015768e-01,7.261367412915717967e-01,7.830814092488365130e-01,6.841651864612470213e-01,2.779175808658578828e-01,9.960919985410343624e-02,9.953273233559627453e-01,8.553838444286604448e-01,5.856196086593334904e-01,5.620374218610336703e-01,7.113115674042274073e-01,7.045020543844208172e-01,9.619672449175267204e-01,8.815764399913179616e-01,6.192393797034528857e-01,6.943991576703292257e-01,7.733921299551878015e-01,5.828713075106085606e-01,7.078423805592658491e-01,9.217551561323230613e-01,9.748139035448774026e-01,9.742340179606672201e-01,6.635657953102038764e-01,5.809107488334691594e-01,6.765145629356181800e-01,4.283064980626517526e-01,3.473047725060005586e-01,8.205910705570482744e-01,6.083529300170372744e-01,6.482766100867235481e-01,6.745543996973041301e-01,2.791057943571270128e-01,9.586215094613242949e-01,5.737084662970786120e-01,8.681847243965181704e-01,7.872473028153164076e-01,8.574256284381844839e-01,7.815552840852039163e-01,8.367716953092360077e-01,9.951616972162888874e-01,8.676905539591855954e-01,6.887473265444999937e-01,4.297316752192207878e-01,1.403028103961369843e-01,7.689660518795347066e-01,7.239960243344146784e-01,5.942131989000514203e-01,4.144266565410751335e-01,2.814599677640082231e-01,4.372054747024590182e-01,8.758099057494641571e-01,8.469765162840036110e-01,4.507837450966167836e-02,9.650595598002091879e-01
7.533882516027492482e-01,6.552599125472067243e-01,9.209045135065863086e-01,7.194861787311468415e-01,8.255110631944627686e-01,9.497256209966501439e-01,5.762822578591466627e-01,4.099031102482483813e-01,9.997543298170343817e-01,9.632949111510022977e-01,8.382448397200102930e-01,6.487532049697705139e-01,9.103084163590979827e-01,0.000000000000000000e+00,9.546553025894565225e-01,8.529475888120100491e-01,4.015497085601601457e-01,8.077208295416277162e-01,8.339084113065119430e-01,7.782473024406664219e-01,9.425333252895523595e-01,2.477137776947424715e-03,7.345890872971285734e-01,2.872932121234053615e-01,5.817817521501331690e-01,8.086636645388667333e-01,3.052501119848379796e-01,9.716672301099171793e-01,6.186420360876282443e-01,3.219261423036066661e-01,2.330280890239790903e-01,7.859529468612895808e-01,7.180302722778094671e-01,3.485668906701423486e-01,9.715871323948604976e-01,2.306682421199807709e-01,4.189297730742290171e-01,7.972961512650094118e-01,6.401586047134208979e-01,2.682793840151522224e-01,4.400143728811138355e-01,7.155707774329509441e-01,7.965990943717979889e-01,8.421676492799192726e-01,5.171123372350175940e-01,6.274974910893951208e-01,9.160824874583410882e-01,7.157074282939656085e-01,9.330741527864645501e-01,8.539390799673354238e-01,9.436460276556423166e-01,3.135837734234408342e-02,8.912496266417708757e-01,5.642093392716236444e-01,6.151372152113339098e-01,6.446566040569354783e-01,9.264708410556454776e-01,4.836781226606896023e-01,7.956620148083829447e-01,5.418248045937201773e-01,5.180208319141474949e-01,1.816341228596101420e-01,7.085040458153306631e-01,9.103058052089322283e-01,9.102148452709626358e-01,4.397612290442527994e-01,8.773536318629697739e-01,6.511642197613221050e-01,2.841653034257629606e-01,8.271576176431209015e-01,7.942062426539103770e-01,8.916709912339205735e-01,4.079669641959980386e-01,5.485725800913907602e-01,6.256564744614090401e-01,8.909093815026527530e-01,9.113350961931326877e-01,7.299111816862275948e-01,7.624418707248075133e-01,4.736319707070419938e-01,4.770476397431481219e-01,9.102380405938474972e-01,5.814684386520357906e-01,7.056826189217477729e-01,4.005192971663212864e-01
6.206456285941092110e-01,7.486638119926964929e-01,7.146363506875827998e-01,8.263579410299540795e-01,7.664793479872274995e-01,6.232005406572623807e-01,2.696186960684507916e-01,6.695590153283395018e-01,9.473386104496861471e-01,8.919667107824286179e-01,4.200577724739549268e-01,5.820054485753292095e-01,4.463592933981853639e-01,9.546553025894565225e-01,0.000000000000000000e+00,7.693572167182526345e-01,7.229333717999875120e-01,8.183935464219754818e-01,7.583439953702573177e-01,6.815504515154746645e-01,7.515200003594920686e-01,8.652396381255537117e-01,7.057142475393921588e-01,4.803148729125016891e-01,5.057602393882123515e-01,4.734319179941836042e-01,6.182509478963890137e-01,9.643607692604899695e-01,4.369344974071823207e-01,4.922305032497264476e-01,2.923789182604507042e-01,3.827872747960127109e-01,9.967303441576726986e-01,6.372670698428616332e-01,9.857933399049342293e-01,4.006386535674089089e-01,5.241724628186219537e-01,4.565088196924418362e-01,5.081444530732071030e-01,6.476986634283272704e-01,2.828098653805916074e-01,6.917607561247189896e-01,6.244803423557959698e-01,7.734767147286457645e-01,3.971994982139677166e-01,6.317630012916706228e-01,9.126173640417603039e-01,7.124394596327858764e-01,8.837453495972087403e-01,5.422177620037522683e-01,4.168959415889681441e-01,9.502405255477277546e-01,8.826244868357767670e-01,7.786532782146624587e-01,8.290570837531386905e-01,9.884467917727257635e-01,8.187657557066979619e-01,9.255599137510343022e-01,4.080219026302487895e-01,9.066079880732673679e-01,4.077447351584417845e-01,4.629828402157144529e-01,4.971913370509355445e-01,8.679856676947992344e-01,4.513207324787914532e-01,6.182326264456809994e-01,6.124416039658121536e-01,6.180372164973030324e-01,8.673610992909511763e-01,9.104232730298460474e-01,6.678666551095908677e-01,2.042213538243507487e-01,5.833632092871120500e-01,4.718411798635315790e-01,6.396141013545310061e-01,4.566798788035457690e-01,7.972760644760354953e-01,6.454039732502954152e-01,2.945388634015546070e-01,5.558268748314667551e-01,4.103853221176422816e-01,4.388963170809795922e-01,7.496786257700603917e-01,8.935823498060287973e-01,7.155140452787068783e-01
8.067080189796244083e-01,9.720712479671641537e-01,6.082106739861629086e-01,6.509613918491543583e-01,6.709799406705672098e-01,4.653558900932697751e-01,5.595502462876016381e-01,4.192722259039109445e-01,8.643032013838315430e-01,7.010199546253407243e-01,9.316800234485844712e-01,8.526664512968246123e-01,2.079528362110008577e-01,8.529475888120100491e-01,7.693572167182526345e-01,0.000000000000000000e+00,2.063375483526438958e-01,9.045259567048936633e-01,7.753787862035173006e-01,7.578896105332327826e-01,4.331208339243778349e-01,7.992530322158617473e-01,8.715359497153269963e-01,2.002676599653570033e-01,6.202076323463144858e-01,6.516778510525065293e-01,7.591445816318890261e-01,8.681245841127429586e-01,2.083119352119919832e-01,-4.599964014148860691e-03,-1.528405388299768630e-01,7.168995456537679001e-01,1.564986039422447683e-01,6.586763893508479351e-01,9.011223335357197994e-01,4.693080614287521990e-01,2.560794357683636169e-01,2.904678715773651443e-01,6.286206286679402178e-01,8.748733611109573705e-01,8.212362074933019507e-01,7.273737282768761858e-01,9.909738446468421280e-01,9.903785284641523079e-01,6.294847289087616149e-01,3.771267600298524036e-01,9.694246017461534137e-01,7.687096093026275501e-01,4.448269114073416519e-01,-1.033353675427122614e-01,5.478903864512030264e-01,2.889226290276931119e-01,9.671179268911062055e-01,4.255079522182986795e-01,6.639180379940285981e-01,1.217340102178192107e-01,9.848383695963330853e-01,5.213105002019536860e-01,8.389356397688395584e-01,4.006769509240759586e-01,7.366662900469930220e-01,6.282135342668709876e-01,3.479960021831676187e-01,9.987946798522350234e-01,6.410720432725919293e-01,5.968076157408984672e-01,2.570021388533074713e-01,9.143566769903653801e-01,6.519233705068170348e-01,7.301418355784453640e-01,7.525044227177388745e-01,7.050711792792542232e-01,3.045442004138224079e-01,7.151205774409046256e-01,4.553407560832401502e-01,5.081359290719822397e-01,9.112999891017485865e-01,4.898956328955079709e-01,4.006607089166721036e-01,4.751008463845171614e-01,4.752567609440407903e-01,6.514715375897941474e-01,6.964270515177417575e-01,9.808760898475985535e-01,7.603348967988736717e-01
8.260308074720562610e-01,8.477448679962632516e-01,6.670032973961926848e-01,8.647117033716957835e-01,8.406239605568941453e-01,9.274023657546668353e-01,4.358203719611111748e-02,7.409969168694043873e-01,6.571632200613500840e-01,9.495781892366608190e-01,8.259239311278033790e-01,6.306935018826301809e-01,9.670891947245299214e-01,4.015497085601601457e-01,7.229333717999875120e-01,2.063375483526438958e-01,0.000000000000000000e+00,6.817272180957992811e-01,1.894761854156111203e-01,7.476731140075437709e-01,7.840195581845590400e-01,8.725485067509493042e-01,9.409123573271538366e-01,3.812759817863628498e-01,5.674491254082244529e-01,9.145927052099115384e-01,8.880059683828180894e-01,9.638358965651474541e-01,2.646936290865743446e-01,3.576691483987507469e-01,5.458891416188388357e-01,8.694539112080746923e-01,8.135667027076886812e-03,9.923854098061855034e-01,9.713165277114947926e-01,3.144241245863613754e-01,6.350768203398797496e-02,9.133399435024698310e-01,9.370144653223362319e-01,8.441205804495321985e-01,3.257325456580419387e-01,5.805449478670563490e-01,9.718117568888128277e-01,5.845881168109567927e-01,8.598929689769241325e-01,6.370126642243325588e-01,9.996739350459293849e-01,8.434067785489655078e-01,6.546918843074430727e-01,9.075832283853907390e-01,9.969312479778400515e-01,6.224467676168325969e-01,9.226920479340181558e-01,6.913395444654635291e-01,6.231038532814787700e-01,7.011711245614451471e-01,6.883511568969840067e-01,7.514437464147912804e-01,4.710372268879681745e-01,3.236489672971276654e-01,6.939732385724420305e-02,7.174134474650926130e-01,9.070949109089211371e-01,7.079753108205502077e-01,2.322002731452266766e-01,9.638299647635732992e-01,8.068698606694254538e-01,9.880780775230730839e-01,3.359714719801594751e-01,7.616292866033130826e-01,9.390402261144469298e-01,7.337913685758684634e-01,6.671799153625173062e-01,6.786331868791148914e-01,9.006151355835411154e-01,6.887249226869144314e-01,7.559348084103667542e-01,4.672024227191831636e-01,7.332940734540630556e-01,1.398745077370429635e-01,8.686015958466496434e-01,7.929026418940898768e-01,6.698551667858286818e-01,5.559967415512059308e-01,7.034930976243802814e-01
8.030943461300100727e-01,7.213948966239978056e-01,8.172263961445777047e-01,7.318144855874814114e-01,6.814204620128524459e-01,8.836898349737783986e-01,4.831601622435152676e-01,6.012966667054649994e-01,7.577800328027783916e-01,6.293252737056176382e-01,6.377419083048553317e-01,8.435966873760365470e-01,6.458753286077478784e-01,8.077208295416277162e-01,8.183935464219754818e-01,9.045259567048936633e-01,6.817272180957992811e-01,0.000000000000000000e+00,8.137402038936972781e-01,6.764237324267757812e-01,6.827058467283516618e-01,6.592882043200722908e-01,2.629272042387680308e-01,9.136942445720994677e-01,9.131356081752439735e-01,6.544449429954054542e-01,6.883945904828906448e-01,7.739766525531996955e-01,5.485897198905406169e-01,4.858117035694215491e-01,2.977442498463570564e-01,4.173135662156740588e-01,6.868579198648161466e-01,7.354787345282868261e-01,7.413342724847604703e-01,8.512561616605891779e-02,4.694081387888232593e-01,7.962804874564832769e-01,6.495945660938230448e-01,8.603699278707563902e-01,3.954713732682715310e-01,8.870435612510453316e-01,6.117050636054548463e-01,9.536345162728965263e-01,5.348212038306238147e-01,5.392458845395819989e-01,9.046954976327744591e-01,5.744881969689679124e-01,7.795293915584131650e-01,6.053713028868684676e-01,7.332371346684913860e-01,6.564214869392174245e-01,8.888578015723646031e-01,6.227570414601446558e-01,1.028670483851243517e-01,8.622204203703845993e-01,3.369971293263245293e-01,9.063895385259472803e-01,9.391813541749490790e-01,3.912495674766823806e-01,3.374858296245366596e-01,6.932313003849086552e-01,8.879123017269082707e-01,6.263452111390652721e-01,6.615152717230776691e-01,6.882147666539889519e-01,3.397046279928980228e-01,8.727201931890342657e-01,7.697765350039741383e-01,9.477369499914605200e-01,8.690798293483495973e-01,6.872828995540596342e-01,2.674133143068974650e-01,5.014043947028642423e-01,6.905133049335765438e-01,7.119507696263309704e-01,9.547074670760730131e-01,4.737648649225997266e-01,7.379251995670998987e-01,1.518069777306568224e-01,2.322364139470569078e-01,6.158647390214792017e-01,2.943226263488880057e-01,3.405531947628195888e-01,7.036335183433142237e-01
