0.000000000000000000e+00,9.681802308194882301e-01,9.354462432741774691e-01,8.278366689760009445e-01,8.224408273955128301e-01,8.586488131289092829e-01,8.308192508997037651e-01,9.096508312953974773e-01,6.051965422932694683e-01,6.227648644764793850e-01,7.563767718594954781e-01,6.423070274076194686e-01,7.623908617571391044e-01,8.993168857208998501e-01,9.927759986581103924e-01,8.829598969949524756e-01,8.770086482021587360e-01,8.170096853511060742e-02,9.106824988226802642e-01,8.931602277203878337e-01,4.646856060737143412e-01,9.661058580917192273e-01,5.708481093915691584e-01,6.860189593931304008e-01,7.059850903544067080e-01,4.470741130233603644e-01,4.723353791138398261e-01,7.869758303676340772e-01,6.197019752398625903e-01,5.676422634228053266e-01,5.451309178066531258e-01,5.580216655937412229e-01,8.683191888910933853e-01,9.279287100533690769e-01,4.259875443628438618e-01,5.963091843618006926e-01,1.869159415125939971e-01,4.391526232245042682e-01,9.502946136310956859e-01,4.397748598464951142e-01,5.787958729165034732e-01,-1.270124296508476358e-01,2.817266724356298768e-01,9.677926599002611985e-01,8.084872299944125817e-01,7.929277524775328878e-01,8.749560820154274055e-01,3.346152738428418982e-01,7.569450748646751048e-01,8.170098678842152573e-01,6.737224379612812841e-01,7.999883764578993306e-01,9.284499341356191593e-01,9.107047953526987705e-01,9.627951485772745510e-01,2.530030059190523373e-01,8.849429144067790798e-01,7.170207583303952470e-01,7.326137234119001196e-01,8.257318540247940430e-02,3.989721954241477464e-01,7.695429586278405010e-01,5.030093488728262230e-01,8.661441296488774366e-01,9.569454390327932769e-01,7.332643151911033552e-01,8.480796163530137655e-01,7.224502317982031130e-01,9.254482131079260210e-01,7.187143239808082562e-01,8.979623984634553802e-01,6.783162050399301757e-01,4.497687131645217162e-01,4.471404932953239042e-01,8.340084046510163329e-01,8.123550939342938371e-01,6.127372526002105024e-01,9.119013061239930051e-01,5.392112077430790684e-01,1.648578013717668378e-01,8.413235745727789539e-01,9.894773616123151427e-01,7.833912583989683931e-01,2.009431989088234227e-01,7.130079906530802925e-01
9.681802308194882301e-01,0.000000000000000000e+00,8.782026772582510743e-01,6.126088220690242281e-01,7.199644255669661597e-01,7.145516527624277137e-01,7.111636272805759162e-01,5.378011181543599362e-01,4.435824290352486376e-01,9.710408019147950265e-01,4.393844435312260766e-01,9.821180653573838848e-01,8.456810254976516728e-01,5.758329504786292574e-01,5.614309695312921233e-01,4.473562403863400316e-01,7.253670893105061968e-01,7.756337962198586178e-01,9.502634432743083392e-01,9.242964184845701148e-01,7.106621480925146006e-01,9.851913801763930723e-01,9.140553965166789974e-01,8.576614126734928290e-01,5.860381556299515404e-01,4.923321740346851549e-01,7.548370222980730349e-01,6.305348099783210092e-01,7.687008656311284938e-01,5.969855177383309730e-01,5.453884843602592181e-01,6.429447776082938271e-01,7.958101442945271220e-01,6.463646020040688667e-01,3.824301635406075484e-01,5.506276812000312493e-01,3.000291714683588351e-01,4.761749721150383974e-01,2.406435529536135876e-01,8.778789634503250117e-01,3.904640480145723513e-01,7.299501522493269112e-01,5.684209743497770084e-01,6.782839157418831810e-01,6.869731955797292455e-01,5.396905010693781035e-01,2.403383646034359944e-01,9.599119796004154104e-01,3.486006848827358784e-01,9.852900692147212869e-01,2.700841786790191337e-02,9.423257738384929194e-01,7.273455231898507956e-01,5.993533548247209630e-01,9.635059054987045180e-01,8.589659057966234634e-01,4.832830384187279393e-01,7.400619295498471750e-01,6.487693082827031832e-01,1.627898678613729500e-01,3.472940994974609286e-01,7.074912661678697257e-01,5.961291476750849583e-01,8.765981991598292833e-01,6.017788552047631523e-01,3.770316000326916495e-01,7.439113719418947168e-01,9.591863562418063704e-01,7.916560805723480421e-01,9.131030929328294576e-02,3.163948770069685557e-01,6.876328919418538410e-01,8.992083013061706875e-01,3.813862052475431308e-01,3.408758917766988583e-01,3.455087231437388162e-01,8.118259715582705205e-01,9.518299372695876448e-01,2.180897119518306060e-01,3.717226736085859073e-01,6.211527908294709466e-01,5.315475076475082439e-01,7.973436272125085100e-01,8.692884831078167007e-01,8.643118308744316414e-01
9.354462432741774691e-01,8.782026772582510743e-01,0.000000000000000000e+00,9.111621741270432562e-01,9.779753191719006145e-01,7.099071299001477042e-01,4.177519214047414886e-01,9.680869180987332623e-01,9.431739991023219138e-01,5.316055503254549786e-01,8.707541431856667957e-01,8.309795002643458606e-01,8.143286542939203176e-01,9.443946297521166322e-01,9.986232157820883470e-01,6.646451049018557988e-01,3.415117812826933691e-02,8.959611834730429880e-01,8.779625115577881500e-01,6.964242840412453450e-01,5.384118112090685582e-01,9.872978651030224206e-01,8.190944389316375807e-01,8.038790170550559333e-01,8.407626638248797413e-01,9.606721117208812943e-01,7.141211224995466234e-01,8.113081047407453283e-01,4.519211994266470467e-01,3.536071676176343326e-01,9.176153771129361147e-02,6.280759382754074194e-01,9.149137271625098489e-01,6.853624238801734325e-01,9.139105697424924069e-01,3.991356028068788753e-01,1.447246995191186214e-01,6.386822622448239395e-01,8.422731676570685000e-01,8.794799011839512515e-01,3.292617780448278131e-01,2.438124488142932866e-01,6.424923587494388855e-01,4.857797502807031931e-01,7.990140098235229971e-01,6.743862371342329576e-01,6.713972038300493050e-01,9.358129930382039774e-01,8.459832291589990394e-01,6.900614390411599075e-01,9.865581733410528908e-01,6.853997028868642483e-01,7.969113356464785358e-01,7.812918520989096116e-01,8.372387228764052169e-01,6.022462116307849556e-01,8.036152935898103200e-01,9.330624425843007108e-01,6.225018031426112763e-01,9.834445744907119868e-01,7.877884002606223568e-01,9.359803365695590349e-01,9.235326998141617505e-01,6.434007490731321610e-01,6.451902545796852628e-01,8.966743973399057266e-01,8.702406131148988644e-01,8.200278343366199651e-01,9.017969635888123392e-01,4.195970106920355880e-01,7.305984484724015182e-01,9.794519237626257979e-01,4.580150223639406493e-01,5.907689981827944914e-01,8.730925509249680694e-01,9.433273338616589010e-01,8.023216912212454144e-01,8.188145841316186724e-01,5.661773204283287314e-02,1.426796857269715946e-01,6.543656568349868197e-01,8.370744954019553319e-01,7.944434893315450719e-01,3.004907327552078233e-01,7.484118210130616955e-01
8.278366689760009445e-01,6.126088220690242281e-01,9.111621741270432562e-01,0.000000000000000000e+00,7.182113002610153174e-01,2.861039293997682531e-01,5.624539199720739457e-01,4.703197392404158128e-01,9.822277335963434108e-01,3.741356397130580769e-01,8.842815850104668307e-01,2.559813631095188002e-01,5.034253274415315671e-01,9.583614870314383083e-01,6.030842621321113040e-01,7.011498775680825579e-01,9.348011713669195366e-01,5.608879367502337399e-01,6.407560582407374472e-01,6.117500025653832552e-01,9.810811261260656835e-01,7.963491916742602150e-01,5.467232261128981419e-01,9.606174477913818066e-01,2.069188093022564789e-01,6.632116700071858384e-01,9.137403404457550282e-01,8.699927575690761250e-01,1.029275963509995728e-01,1.454459436024179153e-01,6.638624338971054195e-01,2.560484341854433743e-01,5.556821613205440435e-01,4.602425917026368718e-01,8.810703071992095348e-01,5.407493217512504557e-01,1.491577743698409286e-01,4.923022425379772748e-01,4.883273189033030537e-01,8.329931870397387916e-01,9.264208481774991455e-01,6.734108194268572101e-01,8.554184955109123134e-01,1.230090942032484175e-01,5.666375893664091778e-01,6.374764712625413665e-01,9.766004855847989496e-01,6.552934592310399875e-01,8.952079531520438227e-01,2.909956985621921510e-01,7.847733600680067978e-01,7.706479960149020814e-01,6.628331901325125175e-01,8.765557210590929627e-01,8.802758538532101662e-01,8.447863437166202027e-01,7.287360220395179278e-01,8.395155668793174986e-01,9.288962094736086250e-01,6.441445447754620135e-01,-7.494414004410809849e-03,7.928131477970750129e-01,8.752570121479286147e-01,7.536483525571586739e-01,5.378272081336223920e-01,8.996894945530273802e-01,4.464240908116772766e-01,7.218657930274160472e-01,7.967353945102967350e-01,8.255109739301144112e-01,8.843429164766868356e-01,9.323080475841130088e-01,2.169934642083031773e-01,4.773730810752155329e-01,6.863683417375731066e-01,7.505661322099463906e-01,6.339832348637171044e-01,4.658339130918123239e-01,2.480413499249650155e-01,5.392578232998176402e-01,7.006072097432486379e-01,2.470795085462536844e-01,6.357242227002366519e-01,7.176811393879184431e-01,9.452988003079640933e-01
8.224408273955128301e-01,7.199644255669661597e-01,9.779753191719006145e-01,7.182113002610153174e-01,0.000000000000000000e+00,6.434236350984762209e-01,6.582381607669388623e-01,9.561489674898600022e-01,1.236938361764779171e-01,6.137008824701201126e-01,9.129103331633959817e-01,9.641081730243606929e-01,6.724109737809791376e-01,8.932702199688140610e-01,7.332398929483070482e-01,4.534332540458230199e-01,8.850340773674686412e-01,8.663101323723557678e-01,6.433445583485296604e-01,8.383394764226501650e-01,8.601535387783301179e-01,7.274737092808222227e-01,7.717682093971873769e-01,1.425245391309131193e-01,4.533839150269092788e-01,9.784516396691373963e-01,1.600308202002744817e-01,9.150731941177047135e-01,8.645897954227959037e-01,3.252279699852760331e-01,6.808383213032266346e-01,6.304405473622332057e-01,6.518668071686840593e-01,2.101740230358565553e-01,8.007429956504784618e-01,4.836883178122436400e-01,5.201198449200628016e-01,9.243501975130267168e-01,9.575398109038701921e-01,6.937702668443136433e-01,2.146299827217771905e-01,7.748483394835788962e-01,6.059543342510989028e-01,2.061260874851020275e-01,6.693951472398776970e-01,7.439014721926761053e-01,7.343423460161315752e-01,8.429844126217481692e-01,9.630806139480776462e-01,4.629535761405882965e-01,4.451949249673637365e-01,8.063403561858090152e-01,3.485843380427186000e-01,3.876415401087930368e-01,7.911745864475596690e-01,6.496554430170120575e-01,6.208869856116060459e-01,9.938596435178408406e-01,9.803017425061346657e-01,6.666399948490422389e-01,9.256917489628802009e-01,4.863133022920527737e-01,6.849352059722736419e-01,9.969496350574597043e-01,9.284210858777213193e-01,5.194459263310184927e-01,8.496964418159358434e-01,9.016510714050884889e-01,8.561751130117630781e-01,7.547406467862506352e-01,8.950982215986400536e-01,6.851180395255562772e-01,5.405015892122222443e-01,-1.429793351451924543e-02,4.149017601320820203e-01,6.908352939581595686e-01,6.782293313740067608e-01,7.380388727259140635e-01,6.098370558294270438e-01,2.562343809314676091e-01,7.195499047007909432e-01,7.147767360618162424e-01,6.816942209963757771e-01,7.879432829730044219e-01,5.721305054398236889e-01
8.586488131289092829e-01,7.145516527624277137e-01,7.099071299001477042e-01,2.861039293997682531e-01,6.434236350984762209e-01,0.000000000000000000e+00,3.941842815049756421e-01,6.928765759181596540e-01,7.816531230819716569e-01,6.235746238942385666e-01,8.234246148790569375e-01,-2.868447726797140884e-02,7.317475133929990383e-01,8.190056118094244386e-01,8.273824359924475402e-01,8.800113369723033818e-01,6.407164049723168553e-01,4.097662274158359041e-01,4.937602710677879703e-01,8.096021878169141761e-01,4.189879939296192735e-01,4.001751321605541145e-01,8.240713619997021011e-01,9.954353772290565061e-01,5.014367889560464864e-01,9.376560807657579044e-01,9.881705349472119648e-01,8.317295462857822175e-01,3.799683982790255099e-01,6.536489483585885552e-01,6.361171099658332606e-01,2.871502834512023039e-01,7.438457175896662221e-01,8.475570511714995980e-01,5.453097044202929178e-01,3.569396239478374033e-01,1.144513996451057558e-01,2.626320322159509391e-01,9.848655953896734427e-01,7.015975293764764587e-01,4.195688222335977047e-01,5.552181536629630099e-01,7.330459839426639590e-01,8.634517997273599699e-01,6.719403862122135251e-01,6.388687784116293678e-01,2.019979420269644721e-01,9.587251035810876454e-01,6.814870881140228098e-01,1.970156813318636735e-01,5.936318163836132866e-01,8.712644004610025084e-01,7.268881192931899715e-01,7.315501242249438096e-01,2.486804652818947470e-01,6.738151087617346713e-01,6.732510607025223859e-01,4.401146454026369503e-01,3.535320936856120033e-01,5.057232607483069797e-01,4.088717862116397761e-01,9.229794188394593313e-01,6.684794910547833258e-01,6.872337616768112722e-01,9.332081546932091687e-01,4.379421222710026540e-01,6.011892049158528151e-01,8.775832135730083916e-01,7.789716128548850316e-01,5.130495570844285647e-01,6.959099315647822026e-01,6.863346367866337561e-01,9.841554935790712832e-01,2.276836684730820237e-01,7.103075039217358055e-01,6.843949472944835799e-01,8.780891118971263509e-01,4.688271598212615521e-01,5.707094648927619751e-01,-3.075574022929666862e-01,6.668893679243386163e-01,8.594421995137536685e-01,6.510064262069800156e-01,7.240244444956509540e-01,5.956797093224651674e-01
8.308192508997037651e-01,7.111636272805759162e-01,4.177519214047414886e-01,5.624539199720739457e-01,6.582381607669388623e-01,3.941842815049756421e-01,0.000000000000000000e+00,7.999452171582709381e-01,2.486963070164823209e-01,9.580341586523667408e-01,4.660932115609598414e-01,5.929522397198956352e-01,-2.594424574893910984e-02,7.725320399937238847e-01,4.020628587683260369e-01,4.998407121055045144e-01,9.371797110370335693e-01,7.885349539041146549e-01,6.064795593397768192e-01,8.138205297905749536e-01,4.475332111848081551e-01,5.919158809636645424e-01,6.510352951796404275e-01,8.667704999649018527e-01,9.449949391205674232e-01,7.517371056290438336e-01,4.295846036903924192e-01,3.783866132248739911e-01,4.565512381074149917e-01,5.820319641302207359e-01,2.317358647476628619e-01,5.996125530755495037e-01,6.034772884458281528e-01,6.393105838727407564e-01,4.659829915964174285e-01,-1.722204325894655663e-01,7.235399426250376242e-01,-1.453429473688892526e-01,4.025214595914083926e-01,6.767660141158987619e-01,1.901714507291354384e-01,2.020844240989698448e-01,8.268046550274780193e-01,4.777120934318930812e-01,8.223185351682672506e-01,7.508476132848673767e-01,1.144643507149389894e-02,6.798746769757987307e-01,7.576262497574367538e-01,7.335821871599992328e-01,7.042623423868733523e-01,6.541009517209939172e-01,7.726400889281981321e-01,7.861196891980107848e-01,9.912915110200785085e-01,5.541184312142153345e-01,6.544591480077817103e-01,5.074416874033873537e-01,7.697927351460353007e-01,2.138982474000772072e-01,6.482188047130242881e-01,4.221446221560312129e-01,4.340215093315024086e-01,7.724472114546827584e-01,9.879018778052657268e-01,5.016908729903581943e-01,6.808259391694015950e-01,6.299419824307794791e-01,4.408499105785821937e-01,5.927185673221491147e-01,6.668580188375953233e-01,8.109102299790440505e-01,5.511781191011679848e-01,8.175865245807999449e-01,8.426837982386938819e-01,8.141544635804907060e-01,3.490969564390613011e-01,5.418900624679618971e-01,4.203267550167700262e-01,3.700423997025911182e-01,5.417087404024921726e-01,8.386930530600977818e-01,1.611215001168292416e-01,7.826005416695310801e-01,4.224233538966018497e-01
9.096508312953974773e-01,5.378011181543599362e-01,9.680869180987332623e-01,4.703197392404158128e-01,9.561489674898600022e-01,6.928765759181596540e-01,7.999452171582709381e-01,0.000000000000000000e+00,7.231119960732146357e-01,9.333192668956424853e-01,6.944011693816768416e-01,9.061815903678721584e-01,6.264210837272660148e-01,6.327756675863623892e-01,6.695225135488138690e-01,7.863128674167554344e-01,8.884495540904504551e-01,5.851848313688945424e-01,6.197613686920295795e-01,7.268128640143158847e-01,9.798425545485426325e-01,6.354129083923172328e-01,8.370503093212836587e-01,8.468321706632339074e-01,4.552997553267648656e-02,8.731261109623523753e-01,6.756205375852024353e-02,6.538740102102068574e-01,3.634681742742852384e-01,7.065306175741705719e-01,5.869210415951586768e-01,6.046614682654553041e-01,7.054501543496268789e-01,5.921669218733132123e-01,4.566534703870734346e-01,9.397359959135598295e-01,3.675564725936263377e-01,5.030550624516424429e-01,7.201782452870670870e-01,4.542958653375485656e-01,4.257349751756487888e-01,6.786995242445653664e-01,7.611608679988473014e-01,2.614346709435736438e-01,6.223352116366221987e-01,7.721730636173937956e-01,6.653332447657165361e-01,6.951762698443186839e-01,6.143578056638954177e-01,2.981886969142771848e-01,2.461163366017340981e-01,6.043248380378800633e-01,4.986761227769813121e-01,7.340093771162603531e-01,7.679178605946657132e-01,7.314092543442298755e-01,6.734515178264885993e-01,6.718235062291147974e-01,9.301666106030563874e-01,6.967197669895213163e-01,2.732215190237926028e-01,8.251371310351074406e-01,7.605141518333251582e-01,9.104857116148693530e-01,6.019820385143015429e-01,7.784245928183924912e-01,4.682700754409344079e-01,7.161926943830008163e-01,1.489241673416293044e-01,6.736758564637904678e-01,4.197737510824217089e-01,8.208370010183100307e-01,6.037908312045617842e-01,1.946805156980619678e-01,3.261597356542516590e-01,2.993476696376148327e-01,6.171707895069974414e-01,4.305355415754661408e-01,3.563143220456221893e-02,6.740568285047014996e-01,2.688050137300779241e-01,9.010265741605318901e-01,8.397149438491217088e-01,-2.488083705915028476e-01,2.705967147625055191e-01
6.051965422932694683e-01,4.435824290352486376e-01,9.431739991023219138e-01,9.822277335963434108e-01,1.236938361764779171e-01,7.816531230819716569e-01,2.486963070164823209e-01,7.231119960732146357e-01,0.000000000000000000e+00,5.095442261192929534e-01,6.369165219798094135e-01,5.878992818510951901e-01,4.559885879108115381e-01,7.827941749308794384e-01,3.811311142146500686e-01,7.974669695054128482e-01,8.634108645740430354e-01,5.172944592347181736e-01,8.922637663099324268e-01,8.062303879726198108e-01,8.194158728418136084e-01,1.339152274191511283e-01,2.245586975096370286e-01,4.165373972564908045e-01,7.467407860346664261e-01,6.915157659103480237e-01,9.463370572233731348e-01,6.220149509295714862e-01,5.194892679827710635e-01,5.594818141373077980e-01,6.489249857127975252e-02,7.983090939661099394e-01,6.016753160126701028e-01,6.690524208550542307e-01,2.276691090061586931e-01,7.323241102128530411e-01,4.951056377033749012e-01,9.443507200081889819e-01,8.219594369664707800e-01,7.289437742620259453e-01,4.064629360360644261e-01,6.072880270105173173e-01,8.756606803740348832e-01,6.662687512978031634e-01,7.326624180084759796e-01,7.892264779662662155e-01,4.424247275813785740e-01,7.402737882851182505e-01,7.910330875835740461e-01,7.924736027477817801e-01,2.098446878116353165e-01,5.280303165240449736e-01,7.174417536807741191e-01,7.677442321334592146e-01,6.813256226303284757e-01,9.654664388572546940e-01,4.903703324477720615e-01,6.529393149096589521e-01,7.204815520034556497e-01,5.676430747274722188e-01,3.323466446376466266e-01,8.639608589277143480e-01,8.444280506026301536e-01,8.685087786755809613e-01,6.048017041728043219e-01,6.747500392341728714e-01,7.088485166037947760e-01,3.908986372651201968e-01,-1.917980315815960568e-01,1.393333519219551730e-01,3.354249105047638624e-01,6.756198316934090009e-01,6.837044011445784220e-01,3.993164058302103858e-01,5.911131549331112289e-01,4.554349544451648524e-01,5.666977098548571234e-01,6.573939817611895720e-02,6.293790258143960870e-01,5.430797317165780846e-01,6.526974961686174970e-01,6.635063929928295412e-01,7.255448844312214485e-01,7.876081978433083775e-01,4.314041347077305910e-01
6.227648644764793850e-01,9.710408019147950265e-01,5.316055503254549786e-01,3.741356397130580769e-01,6.137008824701201126e-01,6.235746238942385666e-01,9.580341586523667408e-01,9.333192668956424853e-01,5.095442261192929534e-01,0.000000000000000000e+00,4.962866071974598725e-01,8.899264771652390937e-01,6.221887741139213723e-01,7.725181746717587616e-01,5.494845841192731450e-01,4.137334047899378642e-01,8.090991547910278969e-01,9.578293666883340718e-01,9.321589914367393037e-01,6.387293442869113047e-01,5.093922001554113121e-01,9.425193676996986847e-01,4.100773099262854382e-01,9.253602371583554698e-01,9.862641940801933904e-01,6.230919845636048171e-01,5.331429275504026011e-01,6.265294945254060721e-01,7.134397034758447331e-01,5.041913265456142712e-01,6.813230273901028644e-01,9.447420151450137693e-01,5.472903262596086060e-01,8.782260352957176330e-01,5.419144669824970117e-01,5.462001740991484500e-01,4.626107429100493884e-01,6.009277893344436849e-01,9.102093380160449776e-01,9.845144971357182584e-01,5.261695049910303235e-01,8.274479859835739415e-01,3.308429275080191356e-01,8.828785488887923583e-01,2.270748876801695348e-01,7.204775677418491231e-01,9.237443748748896954e-01,1.449076510617198776e-01,6.837313607359445378e-01,6.132700514858538954e-01,4.057630143173653892e-01,8.853880413584247489e-01,9.275343959733088894e-01,9.540582542816089529e-01,6.008878657649628918e-01,5.090656878783919592e-02,7.386444279994490436e-02,9.694603241965756846e-01,8.969083581673529260e-01,2.794358710772865684e-01,5.756974191955146480e-01,7.131027185629484899e-01,7.431885980182649787e-01,9.989186745289451164e-01,8.101728602817679370e-01,6.845456448970240748e-01,6.812401250817703424e-01,4.043803444475130293e-01,5.350443536570721470e-01,6.726035183948554375e-01,9.019501337504466365e-01,6.050349247443816969e-01,4.098978548677717493e-01,2.205390712390924712e-01,5.318286864675302317e-01,8.698136852154694232e-01,7.222660849100960290e-01,6.328238591590878981e-01,3.320173768190863850e-01,1.138483213623805446e-01,4.350875946004554295e-01,9.237492175247633552e-01,2.906424242005770653e-01,1.208773497723815427e-01,4.747083388737031728e-01
7.563767718594954781e-01,4.393844435312260766e-01,8.707541431856667957e-01,8.842815850104668307e-01,9.129103331633959817e-01,8.234246148790569375e-01,4.660932115609598414e-01,6.944011693816768416e-01,6.369165219798094135e-01,4.962866071974598725e-01,0.000000000000000000e+00,6.721149561710624276e-01,8.001347307456049274e-01,2.435867301279537045e-01,6.808976993692288371e-01,9.741934720735342390e-01,8.678200137115085200e-01,8.078418925476368306e-01,6.834303303291993092e-01,6.434144425312906534e-01,2.240080050162574499e-01,7.099752338715944466e-01,3.268264600483881122e-01,9.459726784907651620e-01,5.725828159149433105e-01,8.426182093349336988e-01,5.636566185611406876e-01,6.013843426981740903e-01,6.199968729417320024e-01,7.312138181204265175e-01,1.951425446510436090e-01,5.774291321038600433e-01,8.808026529079211464e-01,8.833202183082679015e-01,6.304319835629278446e-01,1.498656802360703866e-01,6.586741859713381997e-01,5.648024772689974604e-01,9.153172539593534829e-01,9.685478331239860683e-01,7.175973908933974688e-01,6.328506987428261787e-01,9.708698931264414522e-01,9.000707603600632822e-01,8.357503088015646453e-01,7.256458025256000699e-01,8.064360899245208714e-01,5.386493744615201695e-01,-6.162761366018096321e-02,6.294928288582208875e-01,7.511828014711404711e-01,8.399406432891078911e-01,9.212384048978953244e-01,8.806762299677843853e-01,4.376756058280657502e-01,8.891665435322242406e-01,-2.331014969936889836e-02,7.408836515039454174e-01,7.035824331476304705e-01,4.407868925538043769e-01,3.509625718475575112e-02,4.863271724579316113e-01,8.076141622956621857e-01,9.645636752568269578e-01,8.118211154715552214e-01,3.926044167560793219e-01,3.287714784376608579e-01,4.489192684886760820e-01,8.271344223069613255e-01,8.214082664511966891e-01,7.574549332707136706e-01,7.705130308280794260e-01,5.574572767806127427e-01,3.860169304102106791e-01,8.460544574122710326e-01,5.739377125911078181e-01,8.132224246995105599e-01,3.701277282261482560e-01,4.431353656737484492e-01,3.085389711170635207e-01,8.770816886712846649e-01,8.673321891511612813e-01,5.370143409411098911e-01,6.934742620252571932e-01,9.366729926449802734e-01
6.423070274076194686e-01,9.821180653573838848e-01,8.309795002643458606e-01,2.559813631095188002e-01,9.641081730243606929e-01,-2.868447726797140884e-02,5.929522397198956352e-01,9.061815903678721584e-01,5.878992818510951901e-01,8.899264771652390937e-01,6.721149561710624276e-01,0.000000000000000000e+00,6.695921190906126697e-01,8.009817736113497011e-01,6.199833071373207494e-01,7.823125523423504202e-01,9.954345703888582975e-01,9.581755978313899469e-01,2.774361794404087145e-01,9.367841592942747209e-01,9.731001613106382564e-01,7.602230881501282900e-01,9.380800614921483982e-01,5.706220672300534869e-01,2.399923653576940819e-02,8.144246656352647218e-01,3.419654327855126685e-01,5.431373794890345108e-01,8.017429663023697417e-01,4.616727108983987860e-01,2.820960413432890279e-01,7.579794245124515939e-01,6.257812174929068272e-01,7.641869873948710090e-01,7.792401257766652378e-01,2.066147116653776483e-01,7.460478055498162009e-01,9.688045306863454220e-01,6.462204668755711090e-01,9.659282681773730950e-01,2.114803874911364567e-01,4.212826625167750416e-01,6.963086742268328466e-01,8.473045812708388524e-01,6.626783648376286529e-01,7.770755979397823143e-01,4.810611777274109713e-01,8.728083730623620307e-01,4.872077870459654014e-01,4.798761311185282263e-01,5.222555370626132953e-01,2.508010108029548046e-01,5.039879651496169677e-01,4.568879837519407849e-01,7.737701636390048598e-01,9.602922932484250218e-01,7.977030055595306646e-01,7.811458074697787968e-01,9.350040675373676446e-01,3.031155305148770518e-01,3.057395248265932231e-01,6.674318413340755152e-01,8.227186892153175446e-01,9.167493064901484079e-01,6.734848590946131974e-01,8.569959897716483699e-01,6.985309916521709184e-01,5.737201183102811353e-01,8.927291652345695216e-02,9.196326390582559851e-01,6.812124664927550199e-01,5.587207436289030049e-01,5.915538219641485185e-01,4.823907222947757534e-01,6.269581293928554455e-01,9.738720278873093106e-01,6.112881574983964894e-01,7.111678783302630702e-01,6.380131411975307199e-01,3.025604140667112474e-01,7.390261981741357289e-01,2.750466948922391519e-01,6.149665397667906097e-01,7.916222995776919236e-01,6.473391796988277047e-01
7.623908617571391044e-01,8.456810254976516728e-01,8.143286542939203176e-01,5.034253274415315671e-01,6.724109737809791376e-01,7.317475133929990383e-01,-2.594424574893910984e-02,6.264210837272660148e-01,4.559885879108115381e-01,6.221887741139213723e-01,8.001347307456049274e-01,6.695921190906126697e-01,0.000000000000000000e+00,7.928147696164059566e-01,7.107859275680535882e-01,5.984677737150114751e-01,9.482718879360032549e-01,7.821869526983924459e-01,8.943991751592086370e-01,6.037074574325651533e-01,8.995711815777256426e-01,8.965322475191080942e-01,8.311578140846179741e-01,7.644625938516802499e-01,5.661921425443279532e-02,9.451606847218482210e-01,8.320634571985559003e-01,7.564913411266215304e-01,4.213206948587567280e-01,3.100115073983651381e-01,2.453372833905548278e-01,7.507283643594400147e-01,7.268677032559412998e-01,4.538088000161078495e-01,8.645230406937579604e-01,2.166170257939580845e-01,5.194409734164645576e-01,5.182745165116391384e-01,4.058964119295441764e-01,7.609883138571902350e-01,3.758434381936978097e-01,9.860734206233690013e-01,8.743453360666556540e-01,9.780309868271460649e-01,6.921121163792860465e-01,8.724026071669577220e-01,6.044433738667041034e-01,5.949989376408622022e-01,7.738803715923447957e-01,6.337596500808915234e-01,5.598348609807454190e-01,8.677001045798020673e-01,4.631916580385935234e-01,5.299253254629089360e-01,7.483754855008218909e-01,9.657884354901933310e-01,2.018927063865226246e-01,6.047626291692470568e-01,9.566889871676841350e-01,7.791488047055473293e-03,3.935439303269740452e-01,8.763182433932843463e-01,8.695436960013438465e-01,8.448492219446794849e-01,8.688323289006310013e-01,3.185964667576212661e-01,7.915739517229668509e-01,3.142390224453077696e-01,8.822851151710001671e-01,8.803948880468558391e-01,5.856351652114040185e-01,7.311128837576584827e-01,4.119324657454178640e-01,5.416964247577892300e-01,8.340447567203123080e-01,9.969039797526532132e-01,9.830376749165489203e-01,9.637382656608138864e-01,4.129054313882400962e-01,5.364409286015592304e-01,7.584111607315690007e-01,4.633175601155072321e-01,9.176247724110869752e-01,6.511169036374971908e-01,8.481247411562626848e-01
8.993168857208998501e-01,5.758329504786292574e-01,9.443946297521166322e-01,9.583614870314383083e-01,8.932702199688140610e-01,8.190056118094244386e-01,7.725320399937238847e-01,6.327756675863623892e-01,7.827941749308794384e-01,7.725181746717587616e-01,2.435867301279537045e-01,8.009817736113497011e-01,7.928147696164059566e-01,0.000000000000000000e+00,-2.402653916022772229e-01,9.311182190429299066e-01,9.581863651861877162e-01,7.236587224771030558e-01,4.219523902584696451e-01,9.696988682672730286e-01,6.281667322675135168e-01,5.532720481101431886e-01,5.350524148651533141e-01,8.413979184083710816e-01,4.451402691329384848e-02,6.738602399568044410e-01,7.424507953549769335e-01,5.653290854807137000e-01,3.028954519467683681e-01,4.433680524459467920e-01,1.335430470923049950e-01,4.331608875657113611e-01,8.949382664702171253e-01,4.139331035493148958e-01,8.176297350822212540e-01,7.904948315380491142e-01,8.797527346936660775e-02,9.748369049048269952e-01,3.839473361571429377e-01,8.219721705335752970e-01,8.641473048696085568e-01,6.419113183929077149e-01,8.021910377287889693e-01,7.402558798733676060e-01,7.616805927397208853e-01,3.187009346948805333e-01,9.051364209704936270e-01,6.767590197492040494e-01,6.175082090732484374e-01,9.880113783356518908e-01,5.432045527966414822e-01,5.353459064994920968e-01,9.886185174043762292e-01,6.356598459593496564e-01,9.025129408684336996e-01,7.144713330321844635e-01,6.989629512144526213e-01,9.625940123720042596e-01,7.654106747362600105e-01,3.450894391083347834e-01,5.023908319848667814e-01,7.696986520783171137e-01,8.267921197889995799e-01,8.399240279928527064e-01,5.852569616151503951e-01,6.753369675276577055e-01,7.427442908832087021e-01,7.790371083366750549e-01,3.523900664763982560e-01,9.498116082518288650e-01,6.942058789325874502e-01,6.195718271271157818e-01,6.286098467115498467e-01,3.490803381470730660e-01,6.517450507866180409e-01,6.310683972776125472e-01,9.039988737034548860e-01,3.835028599126069082e-01,5.206113896712547540e-01,3.409499039764765094e-01,7.007814069539045621e-01,7.444163077352166091e-01,8.847716188801149073e-01,2.061016492126846456e-01,7.176406808605486631e-01
9.927759986581103924e-01,5.614309695312921233e-01,9.986232157820883470e-01,6.030842621321113040e-01,7.332398929483070482e-01,8.273824359924475402e-01,4.020628587683260369e-01,6.695225135488138690e-01,3.811311142146500686e-01,5.494845841192731450e-01,6.808976993692288371e-01,6.199833071373207494e-01,7.107859275680535882e-01,-2.402653916022772229e-01,0.000000000000000000e+00,6.506578118683119527e-01,8.022820489294130164e-01,7.426249049888787868e-01,6.023132128166520660e-01,8.897944445110246292e-01,7.491759667220403429e-01,2.535589915972603636e-01,3.165258073513015358e-01,7.446876493714610357e-01,6.729754398724525633e-01,6.775266417375161998e-01,9.377355606421500234e-01,5.563243654252512105e-01,6.910241889403739846e-01,1.259899898778183425e-01,3.037630342688244639e-02,5.667377762757773718e-01,6.875556762807462086e-01,6.770003469488203862e-01,8.403855007365029772e-01,4.818322073758621316e-01,6.030787885495990652e-01,6.356012618847088902e-01,7.867000158709396285e-01,6.114626278996154740e-01,5.528548905066850150e-01,9.833015494217720587e-01,7.590978756824212637e-01,7.590313285137945121e-01,5.852695015561623082e-01,8.800293428245693494e-01,6.917935490905776641e-01,2.535046473035528769e-01,7.206419794872589435e-01,4.526607826531787726e-01,5.003609286527623823e-01,4.855437800881005073e-01,5.642143550516969253e-01,6.886782659229333525e-01,9.135202301187486107e-01,9.300209161628592014e-01,7.890097078111949491e-01,9.345977404617918927e-01,7.102651313012620093e-01,5.652834820936891713e-01,5.976541642274650901e-01,6.417636007511773322e-01,2.677974537914503683e-01,7.986189791237316982e-01,3.793410268122270890e-01,6.104975976229373158e-01,6.989803926180399030e-01,4.251931315665536393e-01,4.958315245515920178e-01,6.255698310010332497e-01,5.338219117879825504e-01,7.778705186937320271e-01,5.616796552496060579e-01,5.089960619835810496e-01,7.896415495894482106e-01,7.520691174189899630e-01,5.145590411492385607e-01,7.535931980652023077e-01,6.700286477420969167e-02,2.882682761364327995e-01,3.800158978535888021e-01,4.329370033001325169e-01,7.168291979670905478e-01,7.235287406173294134e-01,9.560310465681344239e-01
8.829598969949524756e-01,4.473562403863400316e-01,6.646451049018557988e-01,7.011498775680825579e-01,4.534332540458230199e-01,8.800113369723033818e-01,4.998407121055045144e-01,7.863128674167554344e-01,7.974669695054128482e-01,4.137334047899378642e-01,9.741934720735342390e-01,7.823125523423504202e-01,5.984677737150114751e-01,9.311182190429299066e-01,6.506578118683119527e-01,0.000000000000000000e+00,6.940282847601071392e-01,5.098608348614449559e-01,6.404848610096491868e-01,7.945689386972420998e-01,8.427916764552312312e-01,2.883307404740206303e-01,7.204805025832772269e-01,9.606135102200979992e-01,4.804086601484086616e-01,9.659349470753009204e-01,7.276657101691218488e-01,2.907349778503316440e-01,4.199552750324656580e-01,4.953002053848221120e-01,3.569812514362744604e-01,6.610041616658003383e-01,7.347079238062930173e-01,7.875239603271754207e-01,1.277955100790102438e-01,7.208951885482652866e-01,3.370852041114076325e-01,5.605074304444197519e-01,6.195198067243297135e-01,7.229185250072676094e-01,5.324892621966726969e-01,9.883091687260752156e-01,7.261333354912815619e-01,9.697295408080675028e-01,7.377092109614410420e-01,9.676816600621894748e-01,6.464310503192189916e-01,7.534838270327692822e-01,4.516358257878648752e-01,5.729283784638283805e-01,4.863170176250880550e-01,3.928207132635527787e-01,8.283856194462265732e-01,4.162149428564811959e-01,7.039005268036754304e-01,8.058779624223276761e-01,3.306293752809819075e-02,9.881925377204798799e-01,8.806751092257831814e-01,5.239451446289014047e-01,1.924565545583548642e-01,4.828075083070597073e-01,7.117511655298502937e-01,6.771043297718130072e-01,9.889147427426301373e-01,7.595521588396447754e-01,8.151563792556540955e-01,9.668857337798436591e-01,2.405490669677159410e-01,6.948139624392650759e-01,8.644514611937162973e-01,3.826080418216385448e-01,9.885982077241403099e-01,7.671134175491607365e-01,6.351444266295986907e-01,6.619701424246201560e-01,6.592997651716216989e-01,9.005592968085827099e-01,7.136341962828228747e-01,2.109554935765040606e-01,7.715148157248630234e-01,7.529226307227421255e-01,6.468875119834370802e-01,5.965153277128354414e-01,9.485513905165420256e-01
8.770086482021587360e-01,7.253670893105061968e-01,3.415117812826933691e-02,9.348011713669195366e-01,8.850340773674686412e-01,6.407164049723168553e-01,9.371797110370335693e-01,8.884495540904504551e-01,8.634108645740430354e-01,8.090991547910278969e-01,8.678200137115085200e-01,9.954345703888582975e-01,9.482718879360032549e-01,9.581863651861877162e-01,8.022820489294130164e-01,6.940282847601071392e-01,0.000000000000000000e+00,9.469668891942908395e-01,7.381974549850076617e-01,6.486498749033862143e-01,8.657439829523498886e-01,4.299530155631173800e-01,8.069775499173914568e-01,7.705325389846440221e-01,3.863429405350244927e-01,9.940566501948908673e-01,8.260049839957334106e-01,8.777824349408245297e-01,3.845162656824173686e-01,3.052978103438341861e-01,4.662769093315389801e-01,8.882856644638748023e-01,8.221002078128204493e-01,9.471680475300039426e-01,4.338300342382384600e-01,9.314142584791219592e-01,4.811214732513423020e-01,7.578244922560861685e-01,9.680235793675602274e-01,3.551569861157038432e-01,5.306786752943253305e-01,5.232141181123448614e-01,9.199760348176977409e-01,6.220025223741471043e-01,9.022203738845162579e-01,9.804624982533242106e-01,2.112782915617838486e-01,5.566157843925704229e-01,9.574098875960497246e-01,6.848324911461811659e-01,8.537301805675430177e-01,8.154344467464869073e-01,8.793689032934954852e-01,9.315417125966153344e-01,8.894689945500610095e-01,9.026001050758922784e-01,8.869047035096100373e-01,6.105203643331750252e-01,8.563912604850068000e-01,-2.730520063839569911e-01,3.607123954291515111e-01,8.145850286528222295e-01,8.986151096658701043e-01,3.382154261047916610e-01,4.471590153820829694e-01,6.777156553371354031e-01,5.877635185889530378e-01,9.370862910945005897e-01,7.395414296963654932e-01,8.529408149880705059e-01,8.811510291886321955e-01,5.413998148897520846e-01,4.643286920702272003e-01,7.118147244116691530e-01,8.702874877899877681e-01,8.351609476696626455e-01,9.564383462196643926e-01,9.585435460215419035e-01,-1.704708938252215145e-01,4.199564724456174569e-01,2.048695283272455314e-01,6.789419358026823614e-01,6.729301422165709923e-01,6.492775340659356909e-01,9.770519938669555149e-01
8.170096853511060742e-02,7.756337962198586178e-01,8.959611834730429880e-01,5.608879367502337399e-01,8.663101323723557678e-01,4.097662274158359041e-01,7.885349539041146549e-01,5.851848313688945424e-01,5.172944592347181736e-01,9.578293666883340718e-01,8.078418925476368306e-01,9.581755978313899469e-01,7.821869526983924459e-01,7.236587224771030558e-01,7.426249049888787868e-01,5.098608348614449559e-01,9.469668891942908395e-01,0.000000000000000000e+00,9.441440958831884833e-01,6.307399601733008065e-01,9.387102909602401679e-01,7.782252121682899926e-01,7.112971799206656565e-01,8.522725607808904202e-01,5.640992384691099204e-01,8.970971493138409913e-01,7.404282621903558459e-01,7.541206000271994947e-01,3.398326161794564815e-01,2.656637607947986424e-01,4.369656849961498502e-01,6.176239719391379834e-01,7.270411519898359876e-01,8.312733920299970602e-01,6.868787808634766456e-01,6.491483488314840622e-02,7.107849719470689109e-01,9.527792157444796572e-01,7.325286489254771993e-01,8.262618735034941153e-01,5.533872722444124204e-01,2.193663140162302183e-01,8.228138243995710699e-01,7.985086298544123995e-01,6.945220798032880616e-01,7.363420521273374986e-01,9.504422388416181589e-01,4.494516576838001876e-01,7.811679411220611158e-01,3.918146474504559107e-01,8.999117296670879895e-01,5.201403881085102654e-01,7.243014018184990715e-03,2.180288401869612813e-01,5.225327464704043745e-01,7.732346493082784544e-01,8.676887520648677299e-01,5.535214082651821466e-01,9.674086859169910291e-01,7.616794079577136056e-01,4.531839215996288361e-01,7.884436886042072157e-01,2.663276431724416748e-01,9.696173447737242990e-01,9.089620770481965373e-01,8.614315258371257888e-01,7.774734875925548572e-01,8.770379292927541481e-01,4.204136705216233172e-01,6.616462314158152447e-01,9.196980600719271148e-01,5.799741617973733776e-01,3.739839270232432344e-01,4.366343269667707916e-01,4.757430233132440289e-01,7.896853989460996814e-01,6.111852643892660142e-01,4.534795428126688899e-01,7.099281684678684368e-01,4.659097607265839658e-01,2.854371913768041225e-01,7.709050085893724980e-01,8.355836846514608229e-01,5.117046537038204557e-01,7.953714312649768914e-01
