0.000000000000000000e+00,6.084110639793911535e-01,9.349652033540634122e-01,5.578424744881143038e-01,7.086140580871701511e-01,9.080644613994608427e-01,6.917923528588802995e-01,6.559934075566782319e-01,9.943271188601704447e-01,7.509014729586043213e-01,3.157147197097103786e-01,6.748793787617702877e-01,7.460223367516176651e-01,4.391831588870410141e-01,1.480314092747470611e-01,9.422224245078543170e-01,6.337479318182848154e-01,5.604411109458554696e-01,8.328804855569140742e-01,9.615170587041710348e-01,9.852122789670966219e-01,6.761563775775552010e-01,5.534481316571376874e-01,9.236951085354209168e-01,6.299410958450392117e-01,6.866467584992159701e-01,7.700944750106936132e-01,4.753051991193485981e-01,4.457581523123996248e-01,8.157190581773567928e-01,2.571327740985493437e-01,8.243091085791701689e-01,7.683163559795732622e-01,7.290429897199426357e-01,6.576934057163011937e-01,3.234794223424856674e-01,2.005003118184546795e-01,5.749969587801170290e-01,4.226415899833092515e-01,3.124423602801199573e-01,3.710496840734333057e-01,5.322429126411982736e-01,9.456394812310949805e-01,8.156061495413863272e-01,2.243925525250530517e-01,9.985515931291373271e-01,7.554536910432083641e-01,8.399167449927182894e-01,6.487652853894204652e-01,7.288162134429928551e-01,8.890917010659189490e-01,8.260973707220922169e-01,8.816358215634267914e-01,4.331651352818054468e-01,9.360306158063067539e-01,6.466906760321952108e-01,8.552484443534932312e-01,8.400748954881698261e-01,4.276833251584519768e-01,5.527456394885594815e-01,5.928877558945320203e-01,6.523291759998849360e-01,9.620766357660006651e-01,2.508764567778252741e-01,7.335439814673486714e-01,9.610258098180954889e-01,4.790904771785752247e-01,7.175964084681316635e-01,6.923609576018324718e-01,9.293817292444266354e-01,9.058998115384659933e-01,3.791261192072795660e-01,7.387232275275958937e-01,9.946083954884213374e-02,7.059562381737185532e-01,8.037069440379042140e-01,9.729013969008813989e-01,5.506785790957530180e-01,4.940009171872426497e-01,5.306023624717357556e-01,7.752726521051644948e-01,4.627941210132348604e-01,8.989568045762255100e-01,5.449394523706573290e-01,8.818962255481769263e-01
6.084110639793911535e-01,0.000000000000000000e+00,6.076936119816506165e-01,7.857131238098590265e-01,8.030481765386260351e-01,4.013267420971200483e-01,6.161584268141797605e-01,2.440744822410346460e-01,9.665063502005318830e-01,4.110064200608586904e-01,8.279843763305222426e-01,6.031358836398997836e-01,9.748055961643434797e-01,9.404708891938911020e-01,7.715568745126726302e-01,8.024097975180202180e-01,-1.151380311551990915e-01,8.538282283828428909e-01,4.081080705285644594e-01,8.028708940820095119e-01,8.696123959809298753e-01,5.347088471181914437e-01,8.272818610933461159e-01,8.506926433237442797e-01,3.103933106827723443e-02,7.614816021137589264e-01,3.105681366537724197e-01,7.367877097632387073e-01,5.112639677129363625e-01,5.174124022467621042e-01,5.410753265243459786e-01,6.069966153660266706e-01,5.812175430657365860e-01,4.364503676828619394e-01,4.075671286422434259e-01,2.598902610959948345e-01,2.021600729762578486e-01,5.566368252923137305e-01,6.193290807256671693e-01,6.213156440242532108e-01,5.034725730689536549e-01,9.204064033476009321e-01,8.903082361452621107e-01,7.017759764392087485e-01,7.459277844345267861e-01,8.362734972251464338e-01,6.328662832337887956e-01,5.405053940893617126e-01,1.270530193897329296e-01,6.271386764111095413e-01,7.071492433017672052e-01,7.694491329177158834e-01,8.881427910208843368e-01,9.512360574132325830e-01,6.639849396474017951e-01,8.750429233192348333e-01,4.149752568652912976e-01,9.665940940469122111e-01,5.870030562324025647e-01,6.302335077797149854e-01,2.501062630903049255e-01,7.159564572961337747e-01,6.664863159425979955e-01,6.841296856315096653e-01,6.570400794256001653e-01,4.874257277784463382e-01,1.280707232509532556e-01,8.832694193023128415e-01,6.224147432689987047e-01,4.500275193536800167e-01,7.463321242574816328e-01,8.458837521992877972e-01,5.181727997193539270e-01,3.487513175745500238e-01,4.047590911188951868e-01,1.720912273435727391e-01,6.551898297138634142e-01,3.935283914059702348e-01,4.610973259889884490e-01,3.109227445543895629e-01,7.113068405883724576e-01,5.531815220808599110e-01,5.790656269110572296e-01,2.932362456512714877e-01,2.934690503508428638e-01
9.349652033540634122e-01,6.076936119816506165e-01,0.000000000000000000e+00,6.267337921040531112e-01,6.239069421454871422e-01,9.362895883428312693e-01,7.298805823656897562e-01,8.985291736052201106e-01,7.822976741729164019e-01,5.780069636691038681e-01,9.972187964904883906e-01,7.182807399706874207e-01,8.003943497609511404e-01,1.392303951420770514e-01,7.813348131636123073e-01,8.899509153609598266e-01,8.320664549522274189e-01,3.942568893551257059e-01,6.934272157863647923e-01,9.810838133659161020e-01,7.088358804340557651e-01,7.752572770680166148e-01,6.055954408957555657e-01,2.145517032596864493e-01,8.300407343531432947e-01,6.328276284440349508e-01,9.845999539598153660e-01,9.508259019519988975e-01,3.820805849494983142e-01,4.246566358550009634e-01,7.257797359119969038e-02,8.727722326375915163e-01,9.561143669207505802e-01,9.041964499251685661e-01,8.904392192231518344e-01,7.485753645277002377e-01,7.845971651981807904e-01,5.323145893396498129e-01,3.558556986972104541e-01,9.209556866495287597e-01,3.840275384758167626e-02,9.303173058598908085e-01,5.521761177834303425e-01,8.498359120777778664e-01,9.913149621246096777e-01,8.554897659765956508e-01,9.370282813211068262e-01,8.835168844134292376e-01,9.495374425998424073e-01,7.705440473653493161e-01,8.704564084662592682e-01,4.996403031758726021e-01,2.625228948848093435e-01,9.406460569920918058e-01,7.085329541685920773e-01,6.297308222004514011e-01,8.622937920459229355e-01,7.515883286306668243e-01,4.955224254018953944e-01,4.015065774541121679e-01,4.525457045938851564e-01,9.970533800298597704e-01,9.428312884811516081e-01,9.643635821280563958e-01,7.552353682010849445e-01,6.228174027982777972e-01,9.904039353210887242e-01,6.970106696877683694e-01,8.552793218301246725e-01,2.907428875923191991e-01,1.159964020132692869e-01,3.386364608898008721e-01,1.317001626995595864e-01,4.877728546194581294e-01,2.090602763038508782e-01,8.132888103531240587e-01,9.829488689165817306e-01,2.889319335506237429e-01,4.180348811859844194e-01,2.413741014124623496e-01,9.654560279824589974e-01,8.333640146797341997e-01,8.094199311827566801e-01,8.683547916076279627e-01,9.826018267758747093e-01
5.578424744881143038e-01,7.857131238098590265e-01,6.267337921040531112e-01,0.000000000000000000e+00,2.675790047034483088e-01,9.078265516515066080e-01,5.254998917702023986e-01,7.688646249028382451e-01,7.166619925742686581e-01,7.577796139723185220e-01,5.449603356370871232e-01,4.147585244209946453e-01,6.846144559545328523e-01,5.843178146150378449e-01,5.106712378419118181e-01,3.184381953162705448e-01,6.638659113840824633e-01,6.840032781007264751e-01,9.670719459447656430e-01,6.759362312348651258e-01,9.889881712986969831e-01,4.608339950671203611e-01,8.821932729186893196e-01,7.899646339427548458e-01,6.173257102288470799e-01,9.508434454664744795e-01,6.197180260223431603e-01,5.420022157706539945e-01,2.263139462363386312e-01,4.446661370766212262e-01,2.310822100112673305e-01,2.180480490528309834e-01,6.917825545786966401e-01,9.476802484176934938e-01,8.555030886803357548e-01,5.165703006636551686e-01,4.664588646064691813e-01,6.363422883772054117e-01,7.397929727197556371e-01,7.926894313726902119e-01,5.867853113820962196e-01,6.960677641876855670e-01,8.511803339253801726e-01,7.989457299171679461e-01,8.564647965071630065e-01,6.304941894419388015e-01,8.751352259238679432e-01,6.470958267482777027e-01,3.475375908962104465e-01,9.312491515017531363e-01,6.723507665576754500e-01,7.617440876505170433e-01,8.016487896522029866e-01,4.068159904701477148e-01,5.868328861085674308e-01,9.382608222597554892e-01,8.678544863842100332e-01,6.093463345063926395e-01,7.234779554207623198e-01,6.641338497694091458e-01,7.876077627721511654e-01,6.728057018574581383e-01,7.261299495514765834e-01,9.359084571577933609e-01,6.774607143691996347e-01,4.913070378778571223e-01,3.801235251923564817e-01,8.598330153504492035e-01,3.260925924606061788e-01,5.064785245335504671e-01,9.437392590240063495e-01,9.393478506484492785e-01,6.190018845988763951e-01,6.956287765921366217e-01,6.722900044643962403e-01,7.690978081043905457e-01,6.267485605387026482e-01,2.500444865633582037e-01,4.480914957527084574e-01,6.371329330026365145e-01,9.769994080481275711e-01,8.458488784518162218e-01,8.208035801852958668e-01,2.673734418297981086e-01,7.297000909983752948e-01
7.086140580871701511e-01,8.030481765386260351e-01,6.239069421454871422e-01,2.675790047034483088e-01,0.000000000000000000e+00,7.878823866322771652e-01,7.892379153372526268e-01,6.623081203318023080e-01,7.421696229786302057e-01,2.691529044423570660e-01,9.397677030555846578e-01,2.618402612277907493e-01,6.263717142045656106e-01,9.063217641426764004e-01,4.339559578574015974e-01,6.780797179183546408e-01,7.527616059272244087e-01,6.634789023063456526e-01,9.755708173996948673e-01,5.461417494694065233e-01,8.164979121469015944e-01,7.739726264955821833e-01,5.842074404822529266e-01,8.851103549490734190e-01,4.854660255345742415e-01,9.816507322093133148e-01,9.739241814307758593e-01,7.269644231171394910e-01,3.334969331149171268e-01,5.833232487692694423e-01,7.002412920114422512e-01,8.584016114121741925e-01,7.929648042564275690e-01,9.803844031699258110e-01,4.916878571986300628e-01,5.230091833947256852e-01,2.678882899629447256e-01,4.893664931823671349e-01,7.766376405057293653e-01,3.834373020086917494e-01,4.009608566028273202e-01,8.806348485082349242e-01,2.470328000305599125e-01,8.098533769844863395e-01,8.829188563481974450e-01,7.552173724707009761e-01,6.476211615440552460e-01,9.770094447056956177e-01,5.189640482526356458e-01,9.678072153015924162e-01,6.647141733738950453e-01,7.068650521647413809e-01,8.136872388836418057e-01,8.255069409476150089e-01,8.324234154423896248e-01,6.163456465682518592e-01,5.061383808722731414e-01,5.860349821268766579e-01,7.254529899875792331e-01,2.132391396421748631e-01,4.169957654128080837e-01,4.862924004886738372e-01,9.975305479604015257e-01,8.262338777385058730e-01,8.383934012848750505e-01,6.324190170814334433e-01,7.423925413263168238e-01,4.532005091399132213e-01,5.445375887249894742e-01,5.921868060266984868e-01,8.736976799411640959e-01,7.058202132930962991e-01,7.073391139747604583e-01,7.022232887034463023e-01,9.817329465773533270e-01,7.176922894026542821e-01,9.920012072504142964e-01,9.927362046164488474e-01,3.767787558093177447e-01,5.432088717868859273e-01,8.451916015538138982e-01,8.307228259736529896e-01,7.347177241516968937e-01,5.200800592233196795e-01,7.358216590442090421e-01
9.080644613994608427e-01,4.013267420971200483e-01,9.362895883428312693e-01,9.078265516515066080e-01,7.878823866322771652e-01,0.000000000000000000e+00,5.943943376666692702e-01,2.053230332438037153e-01,9.833975094228641911e-01,5.567219224163890701e-01,7.939416718652601013e-01,3.078118223169442058e-01,9.410545999592101474e-01,2.487841052432485101e-01,6.335634182981413343e-01,6.537641185481373185e-01,8.643455332735464625e-01,7.408501448657327515e-01,8.216356514654118426e-01,8.918055177561433622e-01,8.086556922822252247e-01,4.407460493555714898e-01,6.617916825783743962e-01,8.110037750594596417e-01,4.081550526207479157e-01,9.311016337175996860e-01,9.928658313162713744e-01,8.359304862233334354e-01,1.025374468028211195e-01,4.291508506761214092e-01,4.492609643755111626e-01,4.114939828357768725e-01,6.207129373145250373e-01,8.885965710838145126e-01,8.502163687487405141e-01,8.058189355991002278e-01,4.505772313741028268e-01,7.002416312653210184e-01,8.941469307628364671e-01,8.144454823676033905e-01,6.032218521958430113e-01,2.638708506392779540e-01,8.352497314101436920e-01,5.672609718557811154e-02,3.173827592291890709e-01,8.625875926491172185e-01,4.913547644765729472e-01,6.554290557840752873e-01,5.973181990430838084e-01,4.494263379425419425e-01,7.148617400923629184e-01,8.034469415384890567e-01,5.052885433043216024e-01,4.618342170592362739e-01,9.583088499689631501e-01,8.362379203725772703e-01,5.968228927509542370e-01,7.736563025727980492e-01,6.551714094206270156e-01,3.751104979166483000e-01,2.874327206830640247e-01,4.870087161272416143e-01,7.262219504768494538e-01,4.304928776650809308e-01,8.001259787110028832e-01,4.518005924466230172e-01,9.059194061368848194e-01,3.433952371466516551e-01,1.836329378927034628e-01,4.492214619075979298e-01,6.576758368978762315e-01,6.817588398903086100e-01,9.911588535626048024e-01,4.170793814404611388e-01,4.836005510093807080e-01,9.261069359636449061e-01,6.380152815016821854e-01,2.976778981935952473e-01,6.147836824346729623e-01,3.774190570735547201e-01,4.533865354125370395e-01,9.827803539239248209e-01,9.138479039710560858e-01,9.257522811852005873e-01,4.019402299204155593e-01
6.917923528588802995e-01,6.161584268141797605e-01,7.298805823656897562e-01,5.254998917702023986e-01,7.892379153372526268e-01,5.943943376666692702e-01,0.000000000000000000e+00,9.686014649080177952e-01,7.525894562176506097e-01,5.495610722235421131e-01,7.203883594691943282e-01,5.295725984507283490e-01,7.193504593566255600e-01,2.749318507954003343e-01,6.872183291989999443e-01,4.130929433910850435e-01,7.580375350491777020e-01,4.551131501970063220e-01,6.253393749019009462e-01,9.304763258862110975e-01,4.001092489609151537e-01,3.844636774571220106e-01,6.413494791581358934e-01,9.041199909610004859e-01,5.414187252826977437e-01,7.894098937276714523e-01,6.252240918980271900e-01,2.831587996347075809e-01,5.456640242596223489e-01,5.598412466672015864e-01,5.322214082253143852e-01,6.081219020052596180e-01,5.262313341648405807e-01,6.989090032073829173e-01,1.483848106375128817e-01,2.494251230794510277e-01,4.154380774034266421e-01,5.535805881706280518e-01,9.330365562191257345e-01,5.086886901097606994e-01,3.015145778023399226e-01,4.098527381337292441e-01,6.796556544434774194e-01,6.662771592733630621e-01,8.496342006035370042e-01,6.110163110443165291e-01,6.040135379343952726e-01,2.950094796814037301e-01,6.332475476929544378e-01,4.697960245954101444e-01,7.686577559497245193e-01,3.405059650862494319e-02,7.634775425832868168e-01,6.801635230864320203e-01,8.690074797520932481e-01,6.862806296358396896e-01,5.555812191791044130e-01,6.005146053806477147e-01,7.098274697632243058e-01,6.328092525987288886e-01,6.113353898917099905e-01,4.941462429269373180e-01,4.816966589069500704e-01,5.858673585980437304e-01,6.452106689291942088e-01,5.200700329635347119e-01,6.693113437844822045e-01,8.648272489642270244e-01,6.628146455790331348e-01,6.693030195847948782e-01,9.155048099735567657e-01,5.579863016234889450e-01,4.049683993641920443e-01,4.424010097777422157e-01,6.858192455489916517e-01,5.290359501217450910e-01,6.059272322438031821e-01,4.851266455226312946e-01,1.471688662933251790e-01,3.909204445194248700e-01,6.506477468469861192e-01,8.633081800229237546e-01,5.247706410498509388e-01,6.625659673412916950e-01,6.495874868275948177e-01
6.559934075566782319e-01,2.440744822410346460e-01,8.985291736052201106e-01,7.688646249028382451e-01,6.623081203318023080e-01,2.053230332438037153e-01,9.686014649080177952e-01,0.000000000000000000e+00,4.721942058536592879e-01,3.864848011493324798e-01,6.768692807654297372e-01,8.575808282676101735e-01,8.787330503425109240e-01,8.618663658776923864e-01,7.304509222555640724e-01,7.130748977583390991e-01,8.531413698525057709e-01,5.891113562814689342e-01,4.890274706854606523e-01,8.415386403768243540e-01,7.624558458295540575e-01,6.309133629369474416e-01,8.079744532837664917e-01,9.583836920755113287e-01,8.579875318168241893e-01,9.776572206598772574e-01,6.846207413798007790e-01,6.767072672946838896e-01,5.175634668402703253e-01,2.745866743750789984e-01,3.046173350730143059e-01,3.673412101215175474e-01,4.166408229076075109e-01,3.236871354639476728e-01,2.537801054135896406e-01,5.312320396183843885e-01,7.755515492825961754e-01,5.816261228212461498e-01,7.713699533712095047e-01,7.572502108858215619e-01,2.393341769771887839e-01,4.523679741887300376e-01,2.281764751742637043e-01,7.486384100884907467e-01,4.962252382945835372e-01,7.371588628063174831e-01,4.628198095849406779e-01,2.038971888845350633e-01,8.809900590381440910e-01,7.485655709233660637e-01,8.225883633785451288e-01,4.748909506705601968e-01,9.718875286321877471e-01,4.221401100736564271e-01,2.284543903510518337e-01,8.984560727481699649e-01,8.459417780030606959e-01,1.048951321161010058e-01,7.090320222307930909e-01,4.880293630294733620e-01,7.748635511035489865e-01,3.546344047257856541e-02,6.893107912021539940e-01,8.062349850528695017e-01,8.740929036350699732e-01,8.837338808201166129e-01,6.678725673257319695e-01,9.842327560306219913e-01,9.689981300262338060e-01,5.613114912129871792e-01,6.745587265828723034e-01,7.679668836279860411e-01,4.524910388796391514e-01,6.139580112637664788e-01,-1.521620371130580907e-01,8.277404494737301555e-01,6.853766129828201548e-01,7.010642390182636463e-01,4.197533516237022394e-02,3.659113996819681747e-01,4.296001504282924155e-01,8.472744922823626235e-01,6.403233487531331258e-01,7.066398279112171554e-01,6.817426006939578675e-01
9.943271188601704447e-01,9.665063502005318830e-01,7.822976741729164019e-01,7.166619925742686581e-01,7.421696229786302057e-01,9.833975094228641911e-01,7.525894562176506097e-01,4.721942058536592879e-01,0.000000000000000000e+00,6.714338176370815425e-02,2.845653577412629587e-01,6.108551147487462085e-01,8.579796791453133675e-01,2.458431799096481019e-01,6.023502530694611057e-01,6.327586139630418938e-01,5.570534014694502600e-01,9.058206570903883925e-01,8.273412901732559721e-01,8.754946090352808685e-01,6.390671238042894275e-01,6.448888936529487692e-01,9.296557478001522545e-01,5.459097704999986700e-01,7.425721003798407827e-01,9.779997930642913007e-01,8.608979356470340960e-01,9.437930849171578540e-01,2.005072041263813998e-01,3.669958684560701290e-01,1.217102861632193556e-01,4.105446901289383499e-01,-1.458037571073864946e-01,3.132848211995005461e-02,9.531928764774652008e-01,2.778941309368733736e-01,3.228229639666700956e-01,1.918661606011517751e-01,8.757261249253456281e-01,8.460528211495604856e-01,4.429324920555621770e-01,7.281157793703180170e-01,7.665173622564848133e-01,5.218012217850729328e-01,8.325934161738063333e-01,6.131200324129685297e-01,1.727752973468756614e-01,5.038758661266744543e-01,7.969345240144082299e-01,9.065336940800905463e-01,6.299160433909170020e-01,5.997317292877716310e-01,8.545097843792303083e-01,2.201002891556357866e-01,4.790636828292664795e-01,8.886697225797817179e-01,7.106346918585307870e-01,1.874287587166048319e-01,8.492726572652120609e-01,7.328259791028515213e-01,5.718249389152121331e-01,4.447968409448132543e-01,3.433380617847662242e-01,9.562476011143454802e-01,5.424848428517049514e-01,7.460275780675604818e-01,8.669503859419189773e-01,6.213817546082048837e-01,6.391027180366657401e-01,2.167087322646210346e-01,3.219625536590050574e-01,-3.100062214430360230e-02,4.409077775567747937e-01,7.471780820896689601e-01,6.631432578723808202e-01,6.207657887611471859e-01,2.037246075351772656e-01,4.918375018854226344e-01,-4.833873247259876105e-02,2.397629935743006979e-01,6.968548434366660382e-01,9.354866975705493637e-01,6.023425678715923492e-01,-8.383253973878328213e-02,5.731270620452357800e-01
7.509014729586043213e-01,4.110064200608586904e-01,5.780069636691038681e-01,7.577796139723185220e-01,2.691529044423570660e-01,5.567219224163890701e-01,5.495610722235421131e-01,3.864848011493324798e-01,6.714338176370815425e-02,0.000000000000000000e+00,7.262119564784246251e-01,6.429314297364081554e-01,4.810783771586110147e-01,8.518715733203208185e-01,8.869604139669282628e-01,8.045807836230697285e-01,9.166679581975867297e-01,4.963749590829995562e-01,7.256856600684352676e-01,9.699169070138751181e-01,7.401824646356490733e-01,6.710821888063144280e-01,7.700075465180321599e-01,9.331039114733148399e-01,8.159037063811205304e-01,6.477627711714417647e-01,4.871174415175373862e-01,6.174136466772283116e-01,5.207690758950516141e-01,5.213601328106842736e-02,-9.811088527541467208e-02,4.491379416176491390e-01,6.489543517205413892e-01,7.405563521495930335e-01,9.006938126350543250e-01,2.357051300823338746e-01,-5.774159754244445608e-03,6.762121063959192213e-01,6.524384637868853032e-01,7.044410664255581489e-01,4.627973599828156259e-01,5.747961091749123064e-01,7.451511256293739116e-01,5.812589850197493746e-01,8.646588959593201063e-01,6.890536214661895364e-01,8.237492262275405430e-01,9.421694269424590873e-01,7.012652089169263414e-01,6.449197411729208351e-01,2.451882059802945601e-02,2.629425291380217411e-01,8.606494278588088243e-01,7.345378820983006207e-01,3.316695673081866691e-02,8.468960092082908897e-01,6.893048541114095151e-01,7.039244161427224977e-01,8.766416247180688348e-01,3.725828163199618182e-01,4.669408960951367815e-01,7.917693546515152114e-01,9.873127668038408355e-01,7.265791655257722859e-01,7.906285815153826224e-01,9.332543937759136821e-01,2.128880010635022246e-01,8.227443655267329126e-01,7.807041337672817605e-01,8.811398106641638028e-01,8.913467995382901021e-01,7.610248254488966024e-01,2.584189177854153696e-01,3.308662483245165542e-01,6.128998423382886473e-01,8.655018266012943773e-01,9.131075128978201061e-01,4.358266755074784449e-01,5.751016556482696496e-01,5.484438501751377482e-01,5.477508300878635161e-01,7.410921380622332855e-01,8.995865571481637124e-01,5.623443351248488264e-01,7.258074609507855213e-01
3.157147197097103786e-01,8.279843763305222426e-01,9.972187964904883906e-01,5.449603356370871232e-01,9.397677030555846578e-01,7.939416718652601013e-01,7.203883594691943282e-01,6.768692807654297372e-01,2.845653577412629587e-01,7.262119564784246251e-01,0.000000000000000000e+00,6.689572000865562362e-01,2.146707566739068096e-01,3.116039375827722724e-01,4.590872970404597520e-01,9.381086532637273878e-01,7.725736403112579698e-01,8.558119135056686533e-01,4.655327709764410793e-01,7.079322490259076783e-01,9.783697271409347307e-01,6.866720456544370688e-01,2.846767999172155617e-01,9.192093699233544468e-01,6.791985554644087708e-01,7.625095212715951032e-01,4.058600987843141716e-01,8.419865893087734587e-01,4.346311454719161693e-01,4.490282931706940928e-01,1.665351737490324835e-01,8.395232783855415271e-01,4.139223899206747603e-01,4.895178352839387736e-01,2.579913829843880069e-01,5.470171375077834686e-01,3.326759989597594287e-03,9.813682417288446258e-01,9.026961771126734702e-01,-6.761796015471849275e-02,3.725689594040126895e-01,2.978864193775671576e-01,4.375997395950640967e-01,5.351441988465724942e-01,8.588300276894442753e-01,7.866318756672583401e-01,5.756013613429226128e-01,7.379282042193411328e-01,4.418624303124079611e-01,5.362245164405800013e-01,6.217275712646620489e-01,8.719292707414166843e-01,6.788700294776168764e-01,7.530963834769396348e-01,8.151362354385847109e-01,6.500023868497089019e-01,7.816538706951459137e-01,6.010244408866772803e-01,9.929092056927173449e-01,7.597695027151154523e-01,3.630430385713185881e-01,8.253489733727356059e-01,7.634891566576202937e-01,4.955409002726988699e-01,3.306483633484869414e-03,8.363894679898343787e-01,8.489887074841359071e-01,8.274630316101678762e-01,7.670129108398012763e-01,4.840317042166699668e-01,4.983600638550197970e-01,7.887523453912399507e-01,6.409509561742037231e-01,7.564209306727647242e-01,7.632026856799488668e-01,9.146341534474121682e-01,7.768811140628333334e-01,4.904362295990973841e-01,3.645498583659539243e-02,4.900591856447764766e-02,4.802484451447510683e-01,9.774207980280432695e-01,9.235089526415084515e-01,3.771981497942723527e-01,6.032477408709661093e-01
6.748793787617702877e-01,6.031358836398997836e-01,7.182807399706874207e-01,4.147585244209946453e-01,2.618402612277907493e-01,3.078118223169442058e-01,5.295725984507283490e-01,8.575808282676101735e-01,6.108551147487462085e-01,6.429314297364081554e-01,6.689572000865562362e-01,0.000000000000000000e+00,8.408755007368896583e-01,9.259081778457394218e-01,9.454495687460727771e-01,7.677380609085373564e-01,6.396295400553293486e-01,7.604165142264799337e-01,5.042606248201106922e-01,8.356011299529262359e-01,8.381116678428236488e-01,7.642423598521325134e-01,8.443967856749142742e-01,8.591596095182393311e-01,2.761407826699901480e-01,3.172130720621080258e-01,8.931236151879162755e-01,5.403082504382917817e-01,4.442490549589486748e-01,2.179799397918633086e-01,2.899542049836061411e-02,7.890497219361711778e-01,4.729764373415328849e-01,6.285352920847524505e-01,7.713633953714635894e-01,4.912044461285697827e-01,3.807071341180784385e-01,7.194178031181113209e-01,9.598616512798547884e-01,9.305360683997783156e-01,4.903309490687802197e-01,9.766237475127307333e-01,7.084573203635011751e-01,9.079989341173633211e-01,5.896795912672230244e-01,4.230404611683681315e-01,5.133733893849991015e-01,7.475860313675795066e-01,7.598126090575975100e-01,6.702617792847913591e-01,3.027830158832239271e-01,6.062559281526287425e-01,6.718048226327919537e-01,6.717612053885977375e-01,7.245531401810433314e-01,9.122089041610540461e-01,7.068262612735682904e-01,7.523679203973887564e-01,3.303287817631550549e-01,7.047577637101247738e-01,5.187077163041659000e-01,8.575227154223588055e-01,6.507255973380775549e-01,8.328722172606347618e-01,9.191486252857007377e-01,4.504093692164939933e-01,6.237592335258864695e-01,8.199689105634305752e-01,9.737165413257233837e-01,8.250598557316807247e-01,7.575122390481157097e-01,4.459432905602189745e-01,5.959614998313595979e-01,2.451107232303443850e-01,6.190689254596521973e-01,9.567717879696323591e-01,5.988878419330231351e-01,6.237646412802133611e-01,2.956710206758236259e-01,5.268527683391613925e-01,5.817930331303132752e-01,9.618633930275224397e-01,7.905147415770983343e-01,4.599171299315075179e-01,7.809137619745829539e-01
7.460223367516176651e-01,9.748055961643434797e-01,8.003943497609511404e-01,6.846144559545328523e-01,6.263717142045656106e-01,9.410545999592101474e-01,7.193504593566255600e-01,8.787330503425109240e-01,8.579796791453133675e-01,4.810783771586110147e-01,2.146707566739068096e-01,8.408755007368896583e-01,0.000000000000000000e+00,8.849554991918026081e-01,6.546082399521435669e-01,9.063220216719143352e-01,1.158608368546149014e-01,5.954355072607503407e-01,4.003698727579774186e-03,8.394653959080867756e-01,6.131477706702060937e-01,9.515531247259826353e-01,9.306306337030132436e-01,5.020111209790868445e-01,6.450311775586013985e-01,5.665402980448579484e-01,8.853732214778565757e-01,8.239915284535154205e-01,4.654841246664975785e-01,2.249276820629901308e-01,1.492297436730341820e-01,3.999184418839287769e-01,8.551036621442038577e-01,6.863221258055193230e-01,8.796704083725228607e-01,3.619746907582193085e-01,5.061276000694182597e-01,8.435541171175162667e-01,9.968099728635069212e-01,8.423978664293816365e-01,4.987851393171329195e-01,5.501342220457530185e-01,7.392717730458993053e-01,7.242422627414145664e-01,7.017014974537915117e-01,9.933180252708541103e-01,8.798887772164399879e-01,3.545514901169189437e-01,7.799234891879986975e-01,7.304512097227406908e-01,7.148786535351391302e-01,6.549752624040919846e-01,8.615050933041943360e-01,8.985078884587310855e-01,8.578289101470220057e-01,6.570278025007239009e-01,8.478152898143999083e-01,3.924164335654970470e-01,6.870061373758081791e-01,6.461094412051626712e-01,6.234989412402998088e-01,7.053291567541807305e-01,7.636970402326523910e-01,8.331954885625800777e-01,3.343352532562386958e-01,6.484831224787651616e-01,8.853431233510328235e-01,4.141416767616893924e-01,7.814135657691755332e-01,6.990509959726308731e-01,6.440846575682623865e-01,5.440703336040403348e-01,2.998871621319097458e-01,7.594448009600671678e-01,9.206845587827100497e-02,3.316561319164267330e-01,6.962856608187024676e-01,6.114791086831482536e-01,9.487253307008991499e-02,2.773027414795790624e-01,7.076144010873338663e-01,9.570320363787174767e-01,9.781938384225183913e-01,5.917497104916659145e-01,9.787285832692607102e-01
4.391831588870410141e-01,9.404708891938911020e-01,1.392303951420770514e-01,5.843178146150378449e-01,9.063217641426764004e-01,2.487841052432485101e-01,2.749318507954003343e-01,8.618663658776923864e-01,2.458431799096481019e-01,8.518715733203208185e-01,3.116039375827722724e-01,9.259081778457394218e-01,8.849554991918026081e-01,0.000000000000000000e+00,5.268954329170791873e-01,7.031084654031884984e-01,9.029810165228688845e-01,7.562479223121340022e-01,7.786787830973046498e-01,6.679907033651617532e-01,8.630882105120682990e-01,9.498877647638345190e-01,8.709748591935446704e-01,8.971426464850701388e-01,6.667307810703890780e-01,4.066914321270632127e-01,9.072127501421497486e-01,6.789061058912678748e-01,2.825677498887436689e-01,2.842478174689069825e-01,1.272614778864222529e-01,1.782792416974455785e-01,6.349904019139633871e-01,4.302576318251086218e-01,9.733621702077370763e-01,5.132727554675009518e-01,3.953402282709692073e-01,4.729839548786957115e-01,8.543456029633746951e-01,5.330277415447289835e-01,3.862283784167717116e-01,9.012076957963112145e-01,7.733986504211585178e-01,6.269940334388306447e-01,8.538481059893270331e-01,8.881584443737332579e-01,4.090427978406060427e-01,7.909723637449377343e-01,1.877161946669949830e-02,9.671729991049911046e-01,2.866901794581759311e-01,6.533526816528480996e-01,4.978420464938916878e-01,7.700746578897044170e-01,7.375898421514072156e-01,5.681272646414889937e-01,6.529091163829661149e-01,8.941231149994169902e-01,6.650903720497015614e-01,1.457641567842695995e-01,5.694646980759815458e-01,9.647766904475096883e-01,8.227747721772783462e-01,8.797513655962798662e-01,7.121029020427209755e-01,7.021292498273058458e-01,6.357583143725860086e-01,6.975585399329421454e-01,4.559051890368575610e-01,8.892737283650605784e-01,7.466271600375045114e-01,3.853327704076644489e-01,2.862133168742170275e-01,6.715570540603649219e-01,2.003153267666455961e-01,6.676302149963865284e-01,5.782816086792712529e-01,7.287924453902882016e-01,5.451261222395782369e-01,5.715729678624186239e-01,8.461561538044938269e-01,5.925602714399776927e-01,7.838463353906501840e-01,5.261970790834209488e-01,8.297648509208406242e-01
1.480314092747470611e-01,7.715568745126726302e-01,7.813348131636123073e-01,5.106712378419118181e-01,4.339559578574015974e-01,6.335634182981413343e-01,6.872183291989999443e-01,7.304509222555640724e-01,6.023502530694611057e-01,8.869604139669282628e-01,4.590872970404597520e-01,9.454495687460727771e-01,6.546082399521435669e-01,5.268954329170791873e-01,0.000000000000000000e+00,3.633995085451321438e-01,6.258856080434873626e-01,7.642085017806938829e-01,3.136522299352983434e-01,7.377466952850895154e-01,8.073884262954110769e-01,2.615695188010843664e-01,-1.278710511073200551e-01,9.729511633162681861e-01,5.526332871766591603e-01,6.459926547521046558e-01,9.543898001580469748e-01,6.530703992485598075e-01,7.804384814386351454e-01,7.140651032085625349e-01,2.173206263544562034e-01,6.513411281260926833e-01,6.779234405166038036e-01,7.490397367273980977e-01,9.948229954756554472e-01,5.388472257498077012e-01,4.096798100566747536e-01,2.308394521080006298e-02,8.030801876716223697e-01,5.285650644534436449e-01,4.766170790476224606e-01,6.530252620196856927e-01,7.609106309030577719e-01,7.996360821256576212e-01,8.010749250035912317e-01,7.379646887861317506e-01,4.252909252008347796e-01,4.015335794755826582e-01,1.012450694153736175e-01,7.671763211110680381e-01,7.875553783514508410e-01,6.956792140505739797e-01,8.338137502902038811e-01,7.070668835940386865e-01,6.665485207314674199e-01,8.284622435848547628e-01,9.901272649134268411e-01,9.525191035361632030e-01,5.719166172958265459e-01,6.918928930792407339e-01,4.177897368583537441e-01,7.826588149228040914e-01,8.829097219377924910e-01,8.038837428699768806e-01,8.617266584622051973e-01,6.671889623444139383e-01,5.677622067658482097e-01,2.369061913546216258e-01,6.146051696725622904e-01,6.714434631796257769e-01,9.756202464157207599e-01,7.710927482637448538e-01,1.814646048646829102e-01,5.953329439111503252e-01,4.338779246736134687e-01,4.814552413747676951e-01,8.663709210806405103e-01,5.461259910373620352e-01,5.360243087209232149e-01,2.154496949640156978e-02,8.003699888596944589e-01,9.852930746470589529e-01,2.160301784872841746e-01,3.153594851534202159e-01,7.010892105945029096e-01
9.422224245078543170e-01,8.024097975180202180e-01,8.899509153609598266e-01,3.184381953162705448e-01,6.780797179183546408e-01,6.537641185481373185e-01,4.130929433910850435e-01,7.130748977583390991e-01,6.327586139630418938e-01,8.045807836230697285e-01,9.381086532637273878e-01,7.677380609085373564e-01,9.063220216719143352e-01,7.031084654031884984e-01,3.633995085451321438e-01,0.000000000000000000e+00,8.355923789554831060e-01,9.816437508234365783e-01,9.430213770614667146e-01,9.124631518849853906e-01,9.521979313461688132e-01,9.309775131340974896e-01,9.143801392502419745e-01,9.910619047260937897e-01,7.573473789855333926e-01,6.704138623615389925e-01,3.365163667104357215e-01,6.416681581348433472e-01,5.322896538978855174e-01,3.534259525275986746e-01,5.446945423328238833e-01,6.454570704744606591e-01,8.648224591520943250e-01,6.697055797799436050e-01,5.010218259307174238e-01,6.626646466161111304e-01,-1.659040156442933567e-01,7.367733262020584872e-01,6.620321991553115293e-01,2.254800034067553638e-01,3.885200292817717616e-01,8.442285292536205743e-01,8.848383744784997784e-01,8.696820176526223189e-01,9.693483396352269299e-01,7.765375800182807708e-01,9.447743506690233772e-01,1.528286350547685135e-01,6.555786205088034446e-01,8.412582201983296315e-01,6.987662119181123899e-01,8.197168097952952648e-01,6.873552179376490878e-01,5.529658887183162147e-02,7.871937692327770630e-01,8.354324330847809899e-01,7.121639718598636870e-01,4.012909899136935521e-01,7.525455413861963372e-01,9.664497775268076074e-01,2.583856265862811141e-01,7.491579358615594320e-01,9.138719510444324179e-01,8.763836912275724256e-01,7.289261259529999926e-01,8.027441705216842305e-01,9.736754352512123623e-01,8.004375871258675446e-01,7.048870685114917434e-01,6.256694735397357876e-01,7.124862550904701441e-01,7.889066047207282661e-01,-1.517644474861576387e-02,5.312742397295928676e-01,8.436458994814631795e-01,5.643413259279238536e-01,5.488891776274614775e-01,9.172364375966297612e-01,8.010438476753555248e-01,2.793417718969905539e-01,4.988541607614125906e-01,8.533664787720722789e-01,9.073416630169423014e-01,4.650306123556063320e-01,9.931669668302993692e-01
6.337479318182848154e-01,-1.151380311551990915e-01,8.320664549522274189e-01,6.638659113840824633e-01,7.527616059272244087e-01,8.643455332735464625e-01,7.580375350491777020e-01,8.531413698525057709e-01,5.570534014694502600e-01,9.166679581975867297e-01,7.725736403112579698e-01,6.396295400553293486e-01,1.158608368546149014e-01,9.029810165228688845e-01,6.258856080434873626e-01,8.355923789554831060e-01,0.000000000000000000e+00,6.211194513139313145e-01,7.303887295791110512e-01,9.792877072537811145e-01,8.023192330475117373e-01,5.540097328849634684e-01,8.405735863192478896e-02,8.241153998821482141e-01,6.305499603891125959e-01,4.536269275306678561e-01,9.014342648389908064e-01,7.365650445379988698e-01,3.136607244324035593e-01,5.799513297315612714e-01,-8.238010884768735831e-02,3.745187909916255498e-01,6.079173546419156526e-01,8.606715029367421055e-01,8.526166861436231814e-01,6.656136857932413164e-01,3.478851334536408046e-01,8.431634023762063501e-01,4.784238910212662566e-01,6.998358629437108069e-01,6.325446016862826815e-01,7.295913133816047669e-01,9.872908304826841785e-01,8.523159213656062994e-01,4.148505310693381132e-01,8.426955642628655152e-01,9.347310279327666338e-01,1.277567945147228823e-01,7.508010740727044663e-01,7.858132635407540922e-01,6.709923754099303972e-01,6.439824112619221275e-01,6.904333956774703074e-01,7.167407429017244036e-01,9.894817098475027217e-01,6.465602865896287188e-01,6.952584181016564502e-01,4.687408709808073004e-01,6.897654610691085209e-01,2.302454649458531843e-01,6.883157938854947977e-01,4.790536975560317767e-01,7.234517362021687381e-01,3.821644120052010152e-01,6.110401964663326746e-01,4.789046488262305168e-01,7.694123224168930575e-01,8.746868023791949387e-01,9.821856810193499987e-01,8.729162904814640189e-01,8.567161840503608738e-01,6.209510452504882760e-01,8.402555166430321354e-02,4.199212682629479554e-01,4.591388779980717372e-01,8.240385281039857013e-01,9.367703231469445280e-01,8.719661134519305357e-01,5.933697038723474426e-01,4.364015849271528635e-01,3.881396954813851607e-01,8.993060667513699258e-01,7.980196112613966442e-01,7.662332800686225687e-01,6.260497399447906286e-01
5.604411109458554696e-01,8.538282283828428909e-01,3.942568893551257059e-01,6.840032781007264751e-01,6.634789023063456526e-01,7.408501448657327515e-01,4.551131501970063220e-01,5.891113562814689342e-01,9.058206570903883925e-01,4.963749590829995562e-01,8.558119135056686533e-01,7.604165142264799337e-01,5.954355072607503407e-01,7.562479223121340022e-01,7.642085017806938829e-01,9.816437508234365783e-01,6.211194513139313145e-01,0.000000000000000000e+00,8.429800733224295239e-01,9.961161033331557002e-01,6.846855895920290758e-01,4.779258140840898506e-01,7.776883957394508107e-01,9.976391588537085742e-01,7.959791219627165848e-01,4.054684517896061102e-01,6.868098289497664988e-01,7.723215584915154031e-01,6.594064651904905094e-01,7.458738956655119878e-01,3.797610460952073330e-01,6.707199554844570644e-01,1.441919674092415615e-01,9.435216673195641057e-01,6.578968392311036473e-01,5.756447609939921994e-01,6.258165595739193510e-01,4.504774149821344498e-02,8.069055890810623577e-01,5.559316231189873614e-01,2.066033480736159389e-01,9.095979537127835135e-01,2.114530951983609186e-01,7.514940775055751754e-01,4.643488960690501655e-01,8.057159039087098407e-01,7.623648428486706763e-01,6.946995487956715287e-01,5.247662018140013956e-02,6.418231214530385476e-01,6.983340709349242781e-01,4.059875827721791119e-01,5.583968950586395974e-02,6.358272204945799588e-01,8.596699691590083958e-01,8.397659734822613409e-01,6.152587841042852501e-01,6.218286017248204622e-01,9.357939125824104032e-01,4.299668568418930081e-01,-1.378669908906900443e-01,4.994813125002372511e-01,9.570141924464372618e-01,8.369822150087293799e-01,7.548946664452080846e-01,8.792332142534606820e-01,9.105997268207201012e-01,6.809633869300397713e-01,7.846586763344139959e-01,7.393187990410441390e-01,7.297387960138460583e-01,6.943353971822758819e-01,4.538943159014587891e-01,6.707728772867926903e-01,4.402409024387444747e-01,8.553067455629798088e-01,8.648502698541221667e-01,6.665784083190289255e-01,5.293456951950746836e-01,3.391824907776160858e-01,5.826607297082586623e-01,6.373414872806298925e-01,8.168892301109980103e-01,7.690659116061518974e-01,9.822915124378143181e-01
