0.000000000000000000e+00,9.151509773370206657e-01,4.559745444097854095e-01,8.113357333370619928e-01,8.070299008427734844e-01,8.082072077390686227e-01,9.533763551978636785e-01,9.646524609531930139e-01,4.016516614108445182e-01,4.578310313217553995e-01,8.311734503772050253e-01,2.869733539339743011e-02,9.581651508398645323e-01,9.750592399646915709e-01,4.469534220011454062e-01,9.577607774478535951e-01,7.010518670448853129e-01,7.567690104100124326e-01,9.131457974971626257e-01,5.923391717193458028e-01,9.305629729126607685e-01,7.120212396778224928e-01,-1.007817914185134139e-01,7.534080225097906647e-01,7.161457859889908129e-01,8.764672246980734771e-01,9.976372902815918708e-01,5.823709203030413839e-01,2.942182067058971562e-01,7.608809509143321659e-01,2.772933401105797113e-01,7.758198323942884223e-01,9.761425350610433149e-01,7.241767598377195636e-01,9.639379656086783932e-01,5.320173519185763533e-01,5.873095916776059910e-01,9.073309369333455443e-01,8.307503595680275632e-01,9.123416881013065582e-01,5.006862610282183379e-01,6.007654936881283714e-01,8.233230028490214902e-01,9.788574371199476598e-01,9.310741790533204609e-01,8.699772547259592148e-01,5.441981996365663488e-01,1.178105905557876310e-01,8.247490896184536124e-01,7.427812413857021179e-01,6.367563864720556799e-01,7.830703949652250140e-01,8.779694849685498736e-01,7.113704090593654383e-01,8.890726888932793948e-01,8.918211406579499290e-01,9.020247933974112620e-01,5.392550117914138852e-01,1.378580282047466021e-01,4.242074589473718849e-01,2.726758628209505764e-01,5.906561540972175006e-01,8.982403723534919671e-01,9.165126291210328180e-01,7.584534837621810244e-01,9.004795750903445972e-01,9.622924565315533751e-01,6.128870230468805858e-01,9.340489230879545079e-01,8.608847477159982109e-01,6.841176344897177408e-01,8.297808336834132659e-01,4.183257524680092931e-01,6.406472272031896731e-01,8.075563901144980905e-01,4.873299755104059661e-01,9.614797225209397169e-01,2.603359037410824528e-01,3.733638947345362391e-01,3.057210225364806119e-02,9.899283119278190490e-01,4.177034243970532135e-01,7.053912759274847399e-01,4.618763272253449959e-01,6.231957716670510905e-01
9.151509773370206657e-01,0.000000000000000000e+00,9.171641992544482536e-01,5.495015140520689290e-01,8.132651887321419304e-01,8.091141655681840517e-01,7.259074691174782767e-01,1.767934217190387514e-01,9.478534373927987033e-01,6.566250651583929177e-01,8.317827647490382004e-02,5.358038742380974995e-01,6.518446250887257598e-01,9.418064293271619647e-01,7.376003618354023406e-01,9.552131482977768151e-01,7.844819236103852678e-01,2.190663145573172876e-01,6.289094970420077146e-01,7.953445648476822338e-01,9.356171134825728153e-01,2.292010400060479902e-01,6.769585211451357720e-01,7.528596895451686866e-01,1.487904761627830974e-01,5.907275224848953510e-01,5.036126829389772075e-01,7.884804757533090402e-01,4.943575128750652414e-01,5.227637468103328855e-01,2.636378022106560248e-01,5.722858509789537917e-01,2.173486492049523516e-02,8.267882087109035272e-01,8.009684952308410155e-01,2.990331963987262198e-01,9.795595755174885122e-02,5.255339365111713068e-01,4.503203822179702165e-01,5.722571373861118360e-01,7.139606101168531893e-01,9.231312796881080418e-02,9.913710260195709445e-01,9.605206519347257998e-01,6.709853885979759625e-01,7.346775695721681210e-01,4.914742530823171252e-01,6.476215720185292124e-01,-1.086376295321611618e-01,5.329609674910185113e-01,9.488517607592631409e-01,6.220194148289369673e-01,8.121230085329288473e-01,6.155027060997714239e-01,3.984827506114323459e-01,9.409714969213538449e-01,-1.303374957223064068e-01,8.461639816173461837e-01,9.970154249190958939e-01,5.164799832630320164e-01,4.044204802134080401e-01,7.093428683710979454e-01,9.432032099563028016e-01,6.717988536515775433e-01,2.665655828565510754e-01,7.769816139308671765e-01,9.099934059018538468e-01,9.119818396694087115e-01,5.553059694177376882e-01,2.633354877270481231e-01,7.335927727803577270e-01,8.096893776313708324e-01,4.454603456229106473e-01,4.178096430672752493e-01,6.869197230346357763e-01,4.474613492921666325e-01,9.772769722361240863e-01,6.681425582145789077e-01,7.013929131339867729e-01,4.340525245448454417e-01,6.183068469528142375e-01,6.985253018328680952e-01,9.983397486929993514e-01,3.028320183837210910e-01,4.005065583564459408e-01
4.559745444097854095e-01,9.171641992544482536e-01,0.000000000000000000e+00,8.145853732185821539e-01,7.488883871862429542e-01,8.042946591333937079e-01,7.551160510214410815e-01,9.078951587586842065e-01,7.992670001736799090e-01,9.961624482036797179e-01,7.522576612458806711e-01,4.117994666742263998e-01,9.105602866141319085e-01,7.971216140467860534e-01,5.345714002849748514e-01,7.345130306436044032e-01,6.034736197265512248e-01,8.980119256352490087e-01,9.977944848694284552e-01,8.196826415429050439e-01,9.181982344969836785e-01,8.390273467499528293e-01,2.857805363940707499e-01,8.122055744952018097e-01,6.221368525474114675e-01,8.412418771120285799e-01,7.880935334020904293e-01,9.123717142613738673e-01,9.475190868441019099e-02,1.023029828706772393e-01,4.113959793433106388e-02,7.655043098944238622e-01,8.254116966123590249e-01,5.764422702643133833e-01,9.928749530325383654e-01,3.312407961045969462e-01,6.847964680659047142e-03,8.503045645256323004e-01,5.271273627431584119e-01,7.169211110603698200e-01,4.268080860814030819e-01,7.244284629600101777e-01,6.110873795892984850e-01,8.870083916056278328e-01,9.743392888582751432e-01,7.496198341074270521e-01,5.765097520753817983e-01,8.225007742813790212e-01,6.645285160274798653e-01,6.514707537799219184e-01,5.709796039547168078e-01,3.288459117996376246e-01,4.500743121084102016e-01,7.358953213277694694e-01,5.306338078671123393e-01,8.750481949618235111e-01,6.544707434175724980e-01,8.527901103060004928e-01,9.529283781272160914e-01,4.446699958321374546e-01,7.699745170836710395e-01,9.188553469769407123e-01,6.686286040162680022e-01,8.681147269945973521e-01,5.829071839102923924e-01,3.391481400162171811e-01,6.774309113975192087e-01,8.595143104106243159e-01,7.381887279865385620e-01,9.476432265366337981e-01,5.845615945537991909e-01,9.942401486725842563e-01,6.021190912583549437e-01,5.181339723710122191e-01,9.813363135942728688e-01,6.329553572331426681e-01,9.191484413626017647e-01,9.573737746936828996e-01,2.569618779795154739e-01,1.052521551090010998e-01,8.720857815475232533e-01,7.854126780236746486e-01,6.640484804484654280e-01,-4.349189671786887756e-02,5.916539768591537740e-01
8.113357333370619928e-01,5.495015140520689290e-01,8.145853732185821539e-01,0.000000000000000000e+00,6.672600414611250530e-01,8.878171684957640863e-01,5.747899813706929262e-01,7.263137971090284362e-01,7.352638735881804610e-01,4.391709954119466519e-01,7.506526610526815801e-01,4.628474672563954728e-01,6.141218726898597380e-01,5.509255028826356426e-01,6.222852164060413971e-01,8.073205289831543174e-01,6.390458255937676579e-01,2.878752162413590332e-01,7.309737541993772680e-01,9.173570871277851868e-01,8.803864068425825140e-01,8.988796138866830265e-01,4.945565748665419203e-01,2.441235107915554481e-01,2.349008427549705014e-01,6.551900053256105583e-01,6.590498234905221020e-01,6.075392424843059080e-01,5.935637559049049550e-01,4.911654376759106433e-01,5.227331421244323373e-01,6.548344277636670707e-01,6.592338063954773508e-01,5.692704590674425580e-01,6.424107255409496897e-01,4.691115964033301111e-01,4.676435599177016234e-01,9.078160474013078352e-01,8.108645129392195727e-01,6.210972439153424896e-01,3.939034890317535398e-01,6.736421410757268413e-01,7.858109976579997769e-01,6.664530542593138929e-01,4.887172792363849716e-01,7.710817307293640344e-01,5.096013233263035902e-01,7.202370107265921861e-01,7.952544946792137193e-01,3.486988034609304066e-01,9.719024434629590647e-01,7.015504986263837450e-01,7.132047610388803083e-01,6.094161001297693225e-01,5.378849070053901560e-01,2.856760149938610827e-01,3.721018697941612663e-01,9.262437055658476748e-01,8.138917927519923046e-01,5.341873556720199145e-01,4.055559003933518758e-01,8.143725451768560886e-01,6.546556071989795278e-01,2.597331493394485769e-01,5.831388305695975882e-01,9.213456818917413749e-01,4.211794919984404584e-02,7.980332199838625629e-01,8.488110033227878048e-01,7.201426137621486090e-01,8.220866610305981315e-01,7.456368615918270715e-01,3.335377171718173495e-01,4.237059975580091398e-01,4.416601203996276537e-01,8.697388119064939360e-01,1.255352059835598555e-01,9.113742004487539461e-01,3.287187522241561410e-01,3.559103731199597664e-01,4.075034196476486903e-01,7.538951343513986547e-01,4.815432893935033820e-01,7.905318283921644040e-01,7.429736041781250799e-01
8.070299008427734844e-01,8.132651887321419304e-01,7.488883871862429542e-01,6.672600414611250530e-01,0.000000000000000000e+00,5.571454208196893187e-01,2.366156963569888694e-01,2.074221144069599843e-01,7.760600236666751472e-01,7.859950930823031978e-01,3.324069912428723184e-01,8.368543724251564786e-01,9.932222905378488287e-01,5.281625007806209915e-01,7.068776553783761019e-01,9.062593874840958463e-01,7.136907604445928976e-01,9.325224914882175309e-01,6.221293884681291519e-01,7.914711022811644625e-01,7.363169473364881146e-01,8.793464487314988087e-01,7.812486259442210645e-01,8.079633098066667518e-01,6.206684171689047513e-01,9.830864053379224643e-01,7.875925046761467208e-01,4.733781813287348816e-01,6.000451297143958307e-01,3.062229070623624372e-01,3.985121363207604350e-01,5.929488533878891632e-01,9.545892258499133476e-01,7.929513162096863965e-01,9.745680186672870393e-01,6.384527331085678714e-01,5.363773859856941773e-01,7.130965103459628862e-01,9.507859005867387303e-01,4.026431430968652192e-01,3.705529447932009446e-01,8.264663533295129039e-01,9.467569875067107787e-01,8.336030217276878540e-01,8.251165001777419628e-01,9.677771220671148589e-01,6.709194089918495418e-01,7.813737266135172277e-01,3.166483679089168168e-01,7.622330658880176468e-01,7.322722860273518375e-01,5.545696338755861099e-01,3.444187892220349489e-01,6.569376741719911150e-01,6.504333509764069765e-01,9.488826846670759263e-01,5.943099908199711567e-02,3.067205974699900861e-01,3.676422235973747510e-01,1.442548640303504548e-01,5.329606007377716281e-01,7.549607092737373737e-01,6.122339415287837427e-01,7.413190710034121000e-01,9.264185106802285130e-01,8.184052542857583878e-01,8.592710943378278898e-01,5.062835702948605965e-01,2.169693615322384472e-01,6.261859979558571654e-01,4.419988827610657478e-01,8.470106745779080182e-01,3.768712063803644208e-01,4.761680621454427165e-01,6.586556009405672985e-01,7.825458240542466637e-01,2.558256541578574628e-01,4.229389594529494589e-01,3.233019204095216037e-01,4.808969572020846406e-01,2.341745490574813071e-01,8.128218489730469898e-01,9.589717732646908521e-01,5.095276785706470690e-01,4.221097448249203632e-01
8.082072077390686227e-01,8.091141655681840517e-01,8.042946591333937079e-01,8.878171684957640863e-01,5.571454208196893187e-01,0.000000000000000000e+00,4.726410598122260942e-01,7.027184459993789378e-01,4.756604793253602081e-01,7.638166425193471110e-01,6.605326300303004938e-01,6.449191116342982699e-01,9.911956689786044494e-01,5.233322196911894819e-01,7.990825735898285931e-01,-2.639798258843575884e-02,8.834705003327275596e-01,7.127681702343573455e-01,7.346147674756863255e-01,9.729915367941641691e-01,8.593023722009306420e-01,6.843270434878477859e-01,4.803621969197852115e-01,9.337299215919261375e-01,5.606122851401343921e-01,6.460165671244262331e-01,8.169798367312779419e-01,2.439308149750627625e-02,4.676863700972486160e-01,6.400298239429588198e-01,5.990250393457097200e-02,8.697272073164209472e-01,6.780012274454955135e-01,7.005050865554676154e-01,8.414484060075544392e-01,3.054452562848127828e-01,3.088366889618569533e-01,6.009922093573616397e-01,7.021612327713181445e-01,9.782345470619905337e-01,4.350471777991342659e-01,7.576742034321475305e-01,6.633944671804573590e-01,5.132500122459625613e-01,8.942926739440327788e-01,9.146850937509714008e-01,4.953289593319583073e-01,9.449237279905998710e-01,3.972873577692498381e-01,5.379506650357408493e-01,9.573494498905292804e-01,6.620560665613887119e-01,9.959096276649682666e-01,9.328310945471115501e-01,9.894273115296690069e-01,8.325311620363718967e-01,3.967617637976106892e-01,4.722352992050310450e-01,4.628806168507301200e-01,6.810517944596570228e-01,2.124422433256394349e-01,2.880775976346434675e-01,2.193941487077045172e-01,6.047303045061273030e-01,2.010322739809751180e-01,6.037031393029900217e-01,6.844377248837224537e-01,9.239730997363727605e-01,6.484249988754300364e-01,7.866789201099602113e-01,8.715215820772909128e-01,8.214046574591022942e-01,7.416300712663319583e-01,2.744523330134914785e-01,2.233266974278935724e-01,8.987174702651200553e-01,8.963481607595663592e-01,8.510784876862930171e-01,4.036721505936756715e-01,5.082384084687634473e-01,4.670450389869639785e-01,3.994596609267169196e-01,7.122120307768123881e-01,5.208173101571721419e-01,9.531507665142554542e-01
9.533763551978636785e-01,7.259074691174782767e-01,7.551160510214410815e-01,5.747899813706929262e-01,2.366156963569888694e-01,4.726410598122260942e-01,0.000000000000000000e+00,7.417842747851864926e-01,2.636020856082193498e-01,6.832558513425169844e-01,5.391781727550893910e-01,3.724878194731676695e-01,6.661930783808913681e-01,8.688485772876590740e-01,7.768672137779636389e-01,4.348794500663472062e-01,4.091764294062384955e-01,5.442519384800790228e-01,8.940984118058559194e-01,6.856725005791250993e-01,5.947999964791693683e-01,7.720281257303617251e-01,2.751116176122671009e-01,7.166797007721857904e-01,1.257621054311438280e-01,7.847938888263379376e-01,9.034531584877393273e-01,3.528581236228927054e-01,5.597109884013128367e-01,4.792330949910058591e-01,2.504918584308740703e-01,6.852397867295335621e-01,6.620803217629296356e-01,4.653861387109768932e-01,7.395450618093311057e-01,3.484750206969381980e-01,2.137605626055081864e-01,3.733069615077729830e-01,8.088779914919302927e-01,7.153730226812624604e-01,4.945081180043475189e-01,4.135897209812086084e-01,8.484220379419056268e-01,2.346698856782249154e-01,6.572779515671465234e-01,1.901530416628900433e-01,6.648493772435192239e-01,7.515723413514875384e-01,7.562987208351925617e-01,7.419951713201193844e-01,2.986196747043936561e-01,9.417913028912698881e-01,7.760936072984478962e-01,6.766348179735686141e-01,7.236201548981414655e-01,-1.451743243499996894e-01,9.858477624123895833e-01,7.703714733656992220e-01,6.567312853063176359e-01,5.419551054699569548e-01,9.702051460300967212e-02,7.176336566766684522e-01,3.148612790513871662e-01,9.340130161177588874e-01,5.178419810401453383e-01,7.983812394171059257e-01,2.339263715603836502e-01,8.401542863398349104e-01,-1.909293749206742441e-01,7.816450246849437899e-01,4.057517870222226986e-01,5.512004072334815152e-01,6.249089246377079743e-01,1.065767580129064335e-01,6.311744203771874062e-02,8.263952802112288776e-01,5.486506107546260669e-01,5.519082346018543417e-01,5.517896389696544945e-01,4.473279571292758106e-01,6.572444652264382015e-01,6.154701976854056733e-01,3.611554067195210660e-01,8.642350797519925409e-01,7.678172997470371630e-01
9.646524609531930139e-01,1.767934217190387514e-01,9.078951587586842065e-01,7.263137971090284362e-01,2.074221144069599843e-01,7.027184459993789378e-01,7.417842747851864926e-01,0.000000000000000000e+00,8.114571758751174535e-01,2.708232614444338049e-01,6.990310299757448442e-01,5.849478186258156853e-01,6.321166602937154932e-01,9.288566745669614155e-01,4.452083681566455509e-01,7.707012031764859383e-01,7.085787800264429226e-01,6.409062961356157828e-01,5.514786481756068781e-01,9.450836917292324557e-01,8.796526448956401012e-01,5.127744698143279489e-01,4.155516348936879600e-01,8.585211120018556574e-01,8.671838699305420839e-01,6.097694598106794261e-01,6.669843970987554549e-01,4.750195614417764278e-01,1.966446814061214854e-01,7.690321593029816327e-01,1.427022791204614338e-01,7.330854103358163121e-01,3.607594710472575850e-01,5.410207588765030273e-01,2.757894540177497911e-01,4.684905518768095467e-01,7.404286230542155012e-02,5.199705297761625378e-01,6.657357529915021166e-01,7.556067507140359352e-01,8.417677860849535898e-02,6.236723126902942171e-01,8.205928824526865784e-01,5.349641285234996158e-01,6.124428762692685213e-01,7.175994626243511476e-01,4.073530640248159695e-01,4.622029638009540475e-01,5.173284830616760033e-01,-1.073882930391457102e-01,8.522216931026386222e-01,2.432354619257452166e-01,6.101948669512516910e-01,-1.445641721748610609e-01,8.580528889626564126e-01,5.823379368288241764e-01,4.837898675403152771e-01,4.365860944540233546e-01,8.612536284583822699e-01,5.264714480929932883e-01,1.067805905329015231e-01,5.530290818507146433e-01,7.215641909207708427e-01,9.731918269662813703e-01,9.128141091390402639e-01,9.565106749504108663e-01,5.730411965635229254e-01,6.019678752559357582e-01,4.774136455776941124e-01,2.554355611396273984e-01,4.219139259372746142e-01,7.489587418800508489e-01,3.544470858601868613e-01,6.227757744981655685e-01,6.864335820972323754e-01,5.484383081402787186e-01,6.757846605751405278e-01,9.759582831087576515e-01,1.034973439745129897e-01,5.627180761253323116e-01,3.988009321462466783e-01,6.114646606614680957e-01,8.993079450716935375e-01,1.229418127492141743e-01,2.846879044542711124e-01
4.016516614108445182e-01,9.478534373927987033e-01,7.992670001736799090e-01,7.352638735881804610e-01,7.760600236666751472e-01,4.756604793253602081e-01,2.636020856082193498e-01,8.114571758751174535e-01,0.000000000000000000e+00,4.975629580438298838e-01,2.052006392926252754e-01,4.103167446504548121e-01,7.630692060279059552e-01,8.839862980249255653e-01,6.333440810235195784e-01,6.173979612986105758e-01,7.456948566775142284e-01,9.372679447967493527e-01,6.768658460704367608e-01,9.485222995256736844e-01,-7.356342534365623020e-03,4.888385972396531720e-01,9.282619439316660559e-01,8.885610764913477455e-01,5.690963560595996285e-01,5.953256445514332196e-01,8.997112990739792870e-01,5.526361660703118517e-01,7.043058726840544237e-01,5.832007422653944229e-01,5.492592689204949252e-01,7.159675738627413466e-01,6.829752851994354002e-01,5.722898871521485686e-01,9.151006520233290198e-01,6.821402268095390076e-01,4.039033204540468103e-01,2.557207847172932591e-01,9.928438396927077303e-01,8.764582628910417839e-01,9.741543700205539391e-01,9.775909475663543402e-01,6.165979019002050254e-01,9.503823588883947293e-01,9.794335466485055708e-01,9.051648854565822466e-01,4.217385554338695108e-01,8.812850148457602728e-01,6.968764131011954133e-01,4.188682021395752075e-01,3.190584481893853352e-01,4.595762937334734732e-01,7.883152546348040079e-01,3.202326231025574566e-01,9.208663677318519314e-01,7.100598447520461987e-01,5.128430629040445776e-01,8.284235315760408724e-01,6.687485150157778113e-01,6.499425785428178948e-01,1.091876816619802987e-01,8.318547759430571231e-01,8.865519723469013069e-01,7.957067340576298164e-01,9.296654203783999426e-01,6.263520345523512223e-01,8.919015690581969524e-01,9.097219654180206394e-01,7.710799375999757288e-01,9.936634228287265502e-01,8.342287551531184508e-01,8.417426677039780980e-01,6.906492675689535066e-01,4.725084334563962596e-01,5.384655092872042692e-01,7.502722728810296005e-01,7.012153755616652440e-01,6.247723051732362309e-01,9.865428973267751367e-01,-1.235933917090771411e-01,9.221583320061927935e-01,7.263978789953203785e-01,9.640246653898908447e-01,7.164162719871212115e-01,7.843921890005974840e-01
4.578310313217553995e-01,6.566250651583929177e-01,9.961624482036797179e-01,4.391709954119466519e-01,7.859950930823031978e-01,7.638166425193471110e-01,6.832558513425169844e-01,2.708232614444338049e-01,4.975629580438298838e-01,0.000000000000000000e+00,9.275758622144772980e-01,9.815140815492642279e-01,7.338734964403954564e-01,9.616466631788948005e-01,5.360437821728989416e-01,7.819261400004555718e-01,2.780190693002110303e-01,6.118545851354206810e-01,4.451017115228462773e-01,4.676959662184435595e-01,7.149106459862961671e-01,7.294040950716406124e-01,7.586642686331783736e-01,9.121854975876605431e-01,7.857293216739766883e-01,6.921086061209061890e-01,2.125010515503401032e-01,7.751209961221607880e-01,5.883171290006277143e-01,3.571542194946165649e-01,5.728508456157733741e-01,9.002289965313545750e-01,3.313872428927422398e-01,2.682932139947681871e-01,6.575942264360337131e-01,2.343466684971824976e-01,5.005771858488032855e-01,2.005392887823308212e-01,8.834893619850752167e-01,7.179870466743284441e-01,2.981363397965355322e-01,8.420994638952145062e-01,9.702782112205524667e-01,8.491599752633995912e-01,6.961687222349980386e-01,8.816068067262138319e-01,2.106226902296393644e-01,9.279658611427143988e-01,7.352332419251538242e-01,6.655492655311980865e-01,3.707014646480301656e-01,5.593482705547556666e-01,7.961485195370383572e-01,7.117336434289678326e-01,8.137461450779689409e-01,7.239999681805037168e-01,7.346259416178306800e-01,6.545892327207734063e-01,9.377532624888149648e-01,2.935750101527697664e-01,4.036550327531649995e-01,9.953092738460264099e-01,4.256576885899396312e-01,7.905918270902361211e-01,9.428694197950961975e-01,7.776121399771198650e-01,4.679558461953087223e-01,9.497020878230215679e-01,9.063454686014914552e-01,4.650882847823637478e-01,8.699604473691284756e-01,7.007028346545093322e-01,5.800477784711288720e-01,5.128350246296455861e-01,8.044586451891185819e-01,5.748476721546161849e-01,3.630592191226323928e-01,2.285457105927200527e-01,-1.887289928705149777e-01,5.016235699764012290e-01,7.551194133895826610e-01,6.617245486060011617e-01,4.350488419011258601e-01,4.676637792293473206e-01,9.943468581747809676e-01
8.311734503772050253e-01,8.317827647490382004e-02,7.522576612458806711e-01,7.506526610526815801e-01,3.324069912428723184e-01,6.605326300303004938e-01,5.391781727550893910e-01,6.990310299757448442e-01,2.052006392926252754e-01,9.275758622144772980e-01,0.000000000000000000e+00,4.321783487694592640e-01,2.469935988988552003e-02,7.725534375076743565e-01,7.748266001604420250e-01,7.192592411127305407e-01,6.098624900827186446e-01,6.606393750893871930e-01,5.143319434034016036e-01,6.813116754939475550e-01,7.952592222743583017e-01,2.728552023530467774e-01,4.720993476056088989e-01,7.317753843741551245e-01,8.274953619642343439e-01,6.515284977684402401e-01,9.003484020733051318e-01,8.926584872818067451e-01,7.485481086157017572e-01,5.378996667214859251e-01,-1.187810951955538818e-01,2.567955070813222052e-01,8.799702180230954962e-01,6.763233013087344148e-01,3.420311845864322242e-01,5.882614520437411398e-01,6.948212154746237212e-01,8.172368698066309056e-01,4.585583227603463596e-01,8.731818958190331603e-01,3.969194125498861636e-01,7.367883143616221764e-01,9.327206546388481234e-01,9.180935073018280379e-01,4.522661791118842145e-01,5.927381589551784513e-01,8.443489711084786187e-01,6.971145817183611593e-01,9.202856479621865926e-01,6.905909135596735027e-01,6.321576686329629657e-01,7.411936839495145701e-01,9.603275196258355129e-01,1.015635631081712176e-01,8.428274847757875055e-01,9.930476316492056199e-01,6.443841992124641482e-01,4.043795205467891063e-01,8.451467100337279881e-01,5.031135819038643486e-01,7.307998293840857196e-01,7.109180962239787238e-01,4.747879247438872019e-01,9.259700852740095911e-01,9.813241980709456191e-01,8.651758564840346111e-01,9.301724909239732497e-01,9.887595661052737128e-01,5.149200864390126586e-01,8.283975231327782573e-01,1.657727601058768541e-01,6.854744726471694305e-01,7.673837577798783838e-02,4.881542356205017530e-01,8.704501628561456261e-01,7.790562062549771793e-01,8.339555056571273939e-01,2.218063758985810430e-01,7.627854878583081311e-01,5.964177852319600959e-01,6.065438773877976919e-01,8.640604359493783138e-01,9.927052982407386095e-01,6.202420695963025699e-01,6.050752752077349639e-01
2.869733539339743011e-02,5.358038742380974995e-01,4.117994666742263998e-01,4.628474672563954728e-01,8.368543724251564786e-01,6.449191116342982699e-01,3.724878194731676695e-01,5.849478186258156853e-01,4.103167446504548121e-01,9.815140815492642279e-01,4.321783487694592640e-01,0.000000000000000000e+00,8.375766240085303904e-01,2.769246804485309132e-01,8.204494729434345102e-01,-1.257702197324147564e-01,4.840414299010341037e-01,3.675020459329448874e-01,4.275441988024329398e-01,7.259246176239166903e-01,8.169270783577006201e-01,4.451157268897043551e-01,8.833656129228003584e-01,8.693866045148194166e-01,6.825967371096077763e-01,6.948098804080106161e-01,9.037176312579273674e-01,4.561206353029422789e-01,3.461302651979673017e-01,6.710662354925636119e-01,2.441920847849150811e-02,4.881202693886855792e-01,8.705170850302416108e-01,7.534039824255220896e-01,7.764355152162735196e-01,4.139554595748631272e-01,7.497957519718703168e-01,6.286577079162016801e-01,4.428557072505744929e-01,8.302760261165346156e-01,2.927726866105387904e-01,2.469353928433417888e-01,9.516979187162420972e-01,8.082787022538288069e-01,7.822381373746463140e-01,7.894705033131749206e-01,7.211691964723043746e-01,7.110766865038190554e-01,1.446063386943476914e-01,2.773448017498855722e-01,6.331052001564214660e-01,8.953070656123186533e-01,8.947527397068100186e-01,6.140176093906648536e-01,8.715225979949424717e-01,8.201256228391310410e-01,7.751220050986274979e-01,5.201946460408841677e-01,8.871307396993218797e-01,7.419149937347275792e-01,4.089619834533667064e-01,4.054601048222732373e-01,5.990327018276649929e-01,7.059315359333359075e-01,6.808474490353917385e-01,6.150663620003611332e-01,7.328537020906598087e-01,8.886889152470582864e-01,5.259847615523340902e-01,7.260993114118143854e-01,8.666475489844520652e-01,8.526180236809379753e-01,4.859262652116098646e-01,9.208502217122265243e-01,4.481529523424945816e-01,4.718864889577160660e-01,8.635045134181122961e-01,4.859416905613008764e-01,2.355421883415569351e-01,7.431691631287196120e-01,4.005817556197267537e-01,9.982047918249121743e-01,6.929170839137492877e-01,3.686036408238919926e-02,7.809338889959753782e-01
9.581651508398645323e-01,6.518446250887257598e-01,9.105602866141319085e-01,6.141218726898597380e-01,9.932222905378488287e-01,9.911956689786044494e-01,6.661930783808913681e-01,6.321166602937154932e-01,7.630692060279059552e-01,7.338734964403954564e-01,2.469935988988552003e-02,8.375766240085303904e-01,0.000000000000000000e+00,7.217948822548997390e-01,4.540367414668672885e-01,9.699866313673763951e-01,9.006696138238632354e-01,7.454644440923278992e-02,7.204710713844538761e-01,2.570813172223973542e-01,9.270776409339045454e-01,3.656226569827376593e-01,8.052881127177042853e-01,8.003749253320650014e-01,5.170110005673558273e-01,7.244774178420843036e-01,7.772972907946399390e-01,9.355391461325028857e-01,4.825299613913350272e-01,6.481300391919466719e-01,-8.920855499401485200e-02,5.913706257482371775e-01,8.431679031447865125e-01,6.958431018630862885e-01,6.911582729500558298e-01,4.951447850421347163e-01,2.144820166020800500e-01,7.537226659441189636e-01,9.283684696596061769e-01,6.334804330413774665e-01,6.721554139561469743e-01,7.366272155225057627e-01,6.323182260127435672e-01,4.955701683968734006e-01,9.993760168338786665e-01,5.307407841747765476e-01,9.668321092659213356e-01,8.181208239429444973e-01,6.507148261975187475e-01,7.888157563537703254e-01,5.742324377971405047e-01,4.262535866661207318e-01,6.716095793447347528e-01,8.815971838528011695e-01,6.132927884319173684e-01,3.383837141802080728e-01,8.687168605811270705e-01,7.123452164800735398e-01,7.853303424082022088e-01,4.980494308474539000e-01,4.892465150974241728e-01,8.056884943031051849e-01,5.124569391779926208e-01,9.714121844988438115e-01,7.186396040434361865e-01,6.285156248464317530e-01,9.199648199458788644e-01,5.923393634609148695e-01,2.248629683588407591e-01,4.159021252699622306e-01,4.895203632836416241e-01,9.373005942639904831e-01,4.981224556436263939e-01,1.205666784579064177e-01,5.437238206283954156e-01,5.843965043971263151e-01,9.803256146281034145e-01,4.883620668680555554e-01,6.013182220446349202e-01,5.602067795884546619e-01,4.360445495693371365e-01,9.765051957526633686e-01,9.477838852936649738e-01,7.660256870421440212e-01,8.516391629126612850e-01
9.750592399646915709e-01,9.418064293271619647e-01,7.971216140467860534e-01,5.509255028826356426e-01,5.281625007806209915e-01,5.233322196911894819e-01,8.688485772876590740e-01,9.288566745669614155e-01,8.839862980249255653e-01,9.616466631788948005e-01,7.725534375076743565e-01,2.769246804485309132e-01,7.217948822548997390e-01,0.000000000000000000e+00,6.921881289633353695e-01,-8.482413651672571220e-04,6.757163153064598138e-01,7.835654445179736083e-01,8.231246709388420069e-01,9.545597684126299054e-01,8.139404697287180301e-01,7.002895921359290066e-01,8.888407801831372801e-01,9.996532089766635432e-01,2.245926711218700633e-01,6.851985061181034009e-01,6.833372383785857318e-01,7.792059452756191495e-01,5.119553565285528407e-02,5.756886504735316823e-01,6.595864726447592252e-01,7.998871170214183479e-01,7.593798036858678824e-01,7.796133643769733723e-01,6.632606325125632862e-01,7.004289876960712036e-01,4.669842188829183283e-02,6.898115283139611975e-01,6.704252640256688212e-01,9.868608308303772336e-01,2.961568836362580837e-01,1.161934619695760562e-01,8.915874678071078474e-01,8.130406132927225915e-01,8.936692052784370732e-01,7.323732764071775314e-01,9.300386245582805689e-01,7.566790879442180096e-01,8.054325226216695333e-01,6.509519355164821164e-01,4.622061997939368450e-01,6.026931852937251755e-01,9.701721284079659613e-01,9.114753301521549833e-01,9.030638636231744787e-01,9.501214420452877008e-01,7.002302210037019137e-01,9.919318643244977585e-01,9.300814603022764526e-01,7.025566441041445342e-01,6.989320346304802589e-01,6.246967287065506858e-01,2.476176331605818570e-01,9.733826121733274439e-01,4.565845755294179464e-01,3.897504311281743683e-01,5.644348314883512741e-01,5.537769929159424009e-01,6.943093660078794027e-01,6.826593313925819473e-01,9.838433753808821791e-01,8.282123563725117821e-01,5.051827532015643607e-01,6.642673224631023832e-01,5.906782220493069779e-01,5.934319246968514094e-02,3.450217919097673391e-01,8.291435591254617821e-01,3.617590127911836095e-01,5.737423964008351307e-01,7.928855495636648598e-01,6.452108903981778054e-01,8.254175996453149144e-01,4.097480618339458536e-01,6.082132945695477577e-01
4.469534220011454062e-01,7.376003618354023406e-01,5.345714002849748514e-01,6.222852164060413971e-01,7.068776553783761019e-01,7.990825735898285931e-01,7.768672137779636389e-01,4.452083681566455509e-01,6.333440810235195784e-01,5.360437821728989416e-01,7.748266001604420250e-01,8.204494729434345102e-01,4.540367414668672885e-01,6.921881289633353695e-01,0.000000000000000000e+00,7.666160882733543680e-01,4.727349259235754109e-01,5.648089593106149220e-01,8.033252628507877580e-01,9.722844235889900322e-01,9.695861564301007096e-01,6.439305595503983515e-01,5.258537986114808493e-01,7.845117145998512509e-01,7.681687006876322110e-01,7.065457627800449947e-01,7.476039938626277692e-01,4.531200513309933675e-01,3.940201770701924344e-01,4.449634232186962524e-01,7.949436802720970530e-01,4.549355500400263930e-01,7.280549671112812593e-01,4.543899358648432751e-01,8.019069764239633580e-01,4.672994255066215130e-01,3.719693394485074078e-01,8.383012817510444581e-01,9.680987200376742763e-01,7.319183526604092771e-01,5.996242774889619653e-01,9.341832976824749890e-01,8.593451814887298479e-01,8.123019876885539947e-01,9.861497611685672293e-01,8.034350383190037581e-01,7.917425643783034817e-01,6.430731995144909341e-01,1.960698314433048650e-01,6.287295305968464421e-01,5.486190160482700140e-01,3.359609081644222561e-01,9.706280785145489087e-01,4.897739822683132016e-01,4.893103181817121117e-01,9.549925830345321609e-01,7.217283501431118742e-01,8.131041013282632735e-01,7.112844193605811771e-01,3.208674586748907487e-01,6.435385768980018684e-01,5.316393850872312976e-01,6.222234592663838937e-01,6.700605722640998740e-01,8.678065587569854245e-01,5.419803195286151398e-01,9.364670115124228422e-01,9.546385682602828160e-01,4.930139992535615967e-01,6.759344287902577797e-01,9.380609968616838712e-01,6.783669503754496954e-01,4.131326174323360911e-01,7.488862233144798486e-01,2.648879141854110220e-01,5.764558894371450970e-01,4.414795703398868842e-01,9.887826800227403901e-01,4.046025604667476405e-01,1.634055869453722443e-01,2.494070905789654291e-01,8.382276981983249886e-01,5.291894401170103013e-01,6.146944851879401206e-01,7.674577770582011738e-01
9.577607774478535951e-01,9.552131482977768151e-01,7.345130306436044032e-01,8.073205289831543174e-01,9.062593874840958463e-01,-2.639798258843575884e-02,4.348794500663472062e-01,7.707012031764859383e-01,6.173979612986105758e-01,7.819261400004555718e-01,7.192592411127305407e-01,-1.257702197324147564e-01,9.699866313673763951e-01,-8.482413651672571220e-04,7.666160882733543680e-01,0.000000000000000000e+00,8.856953322582559185e-01,-2.042591084780413513e-01,5.919513100474511624e-01,8.139644772823119157e-01,9.264837922832739325e-01,7.816990247280499737e-01,2.713059678012832432e-01,4.559633349659199530e-01,6.677719321851405265e-01,1.637738826217647603e-01,9.932434489226126262e-01,3.484857393383122837e-01,8.494225949751117444e-01,7.486517546222759556e-01,3.177097626575663414e-01,2.866030877448792480e-01,6.627932745767413092e-01,7.218202538065168206e-01,9.659395760947266929e-01,5.528195967966815783e-01,4.801517585380989939e-01,9.283999511779844616e-01,8.259602027482016995e-01,7.949983795755642957e-01,6.638348178085139439e-01,6.791244984371627158e-01,6.653563301355205351e-01,2.456176259361254055e-01,8.643899660660501194e-01,7.352323071552945288e-01,8.240412040859200760e-01,6.958783323981360125e-01,4.913196433596933033e-01,4.541522481762432784e-01,7.408864780069867040e-01,8.665021476467544836e-01,5.991576338823701997e-01,7.389801949798362468e-01,5.766495078527525964e-01,8.548567737401699951e-01,9.641761301317427479e-01,6.109368357649387349e-01,7.963230079522252147e-01,4.499465950775731193e-01,3.600368120836507785e-02,6.286164010451831263e-01,9.317531397741516397e-01,2.880854586876906431e-01,7.629421225051133959e-01,8.362282519702806116e-01,9.393242765292708629e-01,8.007060380092625440e-01,5.642396197506561739e-01,5.888324352480396318e-01,9.581215728555212419e-01,5.215559224632008162e-01,4.335868177048768368e-01,2.679990387991142420e-01,7.232693973089818762e-01,4.503938291563652219e-01,8.331970395704844101e-01,7.611105517195193571e-01,2.963769349466454095e-01,4.694327380447219644e-01,5.846850122793516569e-01,8.282450633908940985e-01,8.573860573688738551e-01,2.058194398864285901e-01,2.851876194578649715e-01
7.010518670448853129e-01,7.844819236103852678e-01,6.034736197265512248e-01,6.390458255937676579e-01,7.136907604445928976e-01,8.834705003327275596e-01,4.091764294062384955e-01,7.085787800264429226e-01,7.456948566775142284e-01,2.780190693002110303e-01,6.098624900827186446e-01,4.840414299010341037e-01,9.006696138238632354e-01,6.757163153064598138e-01,4.727349259235754109e-01,8.856953322582559185e-01,0.000000000000000000e+00,7.949265787636029534e-01,6.078263440555355945e-01,1.178714545763149268e-01,8.624998751081546233e-01,9.214857161931315765e-01,7.925239722702919209e-01,8.321364853889328117e-01,5.140361561895655518e-01,7.850295576173821344e-01,6.217118326075812274e-01,8.578735418497389631e-01,3.242315527041259721e-02,2.122462593687576837e-01,2.961878416517502721e-01,9.066425242622930813e-01,6.769126199130238719e-01,2.873385263389597322e-01,8.076118032236968558e-01,5.062307943995506543e-01,3.667880605618394352e-01,7.782009406095959925e-01,6.626870267178248675e-01,8.509618432823468082e-02,5.020053828366908277e-01,2.587448426639774035e-01,7.916341383012741595e-01,8.870637521435960071e-01,4.370965599703872106e-01,8.227218147740591458e-01,7.832522275337756579e-01,6.525613379063139874e-01,6.955735147521772133e-01,9.528487005107908470e-01,3.652725590084353602e-01,7.071690641665218102e-01,2.400475940558600974e-01,3.575687311606364771e-01,8.092658705840393152e-01,8.746295902447955850e-01,7.111796046027623053e-01,4.510999056280902142e-01,4.137204176549824086e-01,7.669554677805425769e-01,1.488218209549208859e-01,6.544604532838163014e-01,7.445538726396576379e-02,8.000639355223934102e-01,9.929313087125911652e-01,6.095822418001427545e-01,3.717578190104375291e-01,5.370417533652669384e-01,5.755552065202582668e-01,8.192854903300335057e-01,7.201731627665011182e-01,9.269454373911267808e-01,5.422577322948840539e-01,4.855850463526631966e-01,4.051482596839060535e-01,4.075163209809978815e-01,6.783380504138928346e-01,4.407197700335641621e-01,5.451425529833204831e-01,3.182622517646763738e-01,8.021587988718718032e-01,8.508815833292939779e-01,9.730646190235098247e-01,7.116991937023751102e-01,6.753771532709154091e-01
7.567690104100124326e-01,2.190663145573172876e-01,8.980119256352490087e-01,2.878752162413590332e-01,9.325224914882175309e-01,7.127681702343573455e-01,5.442519384800790228e-01,6.409062961356157828e-01,9.372679447967493527e-01,6.118545851354206810e-01,6.606393750893871930e-01,3.675020459329448874e-01,7.454644440923278992e-02,7.835654445179736083e-01,5.648089593106149220e-01,-2.042591084780413513e-01,7.949265787636029534e-01,0.000000000000000000e+00,7.447131194470956173e-01,8.004913368099330073e-01,7.889131481995241835e-01,7.584695413483033555e-01,7.863030413047698008e-01,4.182373328233943144e-01,5.085735483622759734e-01,6.571026341914643076e-01,2.349540876539638334e-01,9.883337018163980137e-01,7.697729791705318902e-01,8.583776809878034264e-01,6.263328069798567155e-01,6.862659068610751367e-01,7.686808136405960390e-01,6.822992645728670480e-01,8.734770836886172063e-01,2.100645037388399472e-01,2.746150829322089315e-01,5.606953678773023420e-01,9.948818016385218010e-01,7.781842248370693937e-01,1.072199665837706289e-01,7.417459832267122577e-01,3.380374517592296124e-01,6.044021855011239008e-01,6.406463851525253661e-01,7.519970142274775560e-01,1.696352022682705574e-01,8.510412208697641923e-01,5.517793360113394385e-01,7.051124273035946910e-01,7.313174636476647006e-01,1.127265728738963135e-01,3.583280488120453300e-01,7.951117530529989708e-01,5.793739509525290821e-01,5.304313830012047370e-01,7.315004211115283539e-01,4.490621549043178340e-01,9.663254330597719211e-01,5.560911954213432207e-01,6.410917963249503915e-01,6.968648740162942667e-01,6.143849101722748118e-01,6.655581502582842424e-01,8.987309333657024224e-01,6.359962090062194484e-01,6.147228531519982608e-01,8.385665560101684957e-01,4.092867645937183774e-01,9.153790358791676907e-01,7.931831221936224141e-01,8.252710313433971878e-01,5.056578123704713601e-01,2.891350040394030652e-01,5.593729026294149698e-01,6.108127299039242120e-01,9.796001657849272570e-01,3.365388076275143137e-01,6.814204391420954909e-01,7.626114316269084759e-01,5.825956810441268452e-01,9.983930644393732567e-01,6.697723183182157092e-01,6.847200109979655336e-01,8.717783228569108145e-01
