0.000000000000000000e+00,9.160545812565487056e-01,9.591597174893565780e-01,8.757226759028299279e-01,6.107121601891536411e-01,7.914035603908735617e-01,5.318814018460269466e-01,9.226909239459526457e-01,6.704759813834263449e-01,9.071457675800050913e-01,1.751677831989999490e-01,5.040586580949155682e-01,6.369093961342831012e-01,3.059856625293688182e-01,9.545001166644400126e-01,9.521360117902216702e-01,9.469442565695971314e-01,3.503770357740943475e-01,7.734012366182128062e-01,8.986774730425676205e-01,8.662236070199630378e-01,8.682805053651899696e-01,7.864491566045326287e-01,6.340362086591098123e-01,6.052162262111289159e-01,6.162695600536791662e-01,2.462343376803792228e-01,2.107157231549370846e-01,8.776931592941294991e-01,4.697358324814101538e-01,4.393508297100474913e-02,7.336919545442098789e-01,9.227070254764730972e-01,6.608523467790371475e-01,4.063507326387813534e-01,8.641556713834579462e-01,7.751887951470770588e-01,3.025272939568892649e-01,6.833758671645564498e-01,8.701291878746089115e-01,3.839086269057709888e-01,8.330963969847891004e-01,7.251637771893992834e-01,7.496162159692020266e-01,9.100559174707666399e-01,7.967941214429810071e-01,9.335518018086582659e-01,6.433287945600189017e-01,7.884838015786257426e-01,9.409766122951481737e-01,5.651637120210599718e-01,7.659476056492566798e-01,6.346748628154734728e-01,2.902949585432648139e-01,9.130255177653234799e-01,5.308459898162753987e-01,8.211943778909082114e-01,4.064105927268567564e-01,9.020885981414695776e-01,4.366806670741566476e-01,3.367461867089454469e-02,7.955620853582361374e-01,8.488462906171758693e-01,6.215396603927724195e-01,8.247177428231510232e-01,9.431050798596600782e-01,7.254991402619193064e-01,8.958626823689166407e-01,7.323780212337007711e-01,7.868267283133540957e-01,6.849814065728833112e-01,9.549548819022620760e-01,9.172146849951773317e-01,5.694193120732317093e-01,8.297786637153585776e-01,8.002731421957796076e-01,8.522142263824223907e-01,8.592834850776600586e-01,7.682350092545739972e-01,6.217645384566269362e-01,9.803819690987343183e-01,6.763194952519748782e-01,9.235415045586972127e-01,6.817385110733563680e-01,7.904675332757266082e-01
9.160545812565487056e-01,0.000000000000000000e+00,8.889359313194783452e-01,9.467703615740264977e-01,8.439766174001864796e-01,9.154621485774471212e-01,7.323995130262939135e-01,3.872628831872002020e-01,9.160624622558125596e-01,4.928781692846183615e-01,6.736078973695470706e-01,6.109889902943391737e-01,6.616493777822781697e-01,4.102161294500873412e-01,6.619615271315301142e-01,1.238823333959946649e-01,4.594644294016998476e-01,8.960316304998494630e-01,8.203231603958378582e-01,8.479707671265344082e-01,6.909880277134381465e-01,9.752969898854730868e-01,6.964474888595936219e-01,9.668319037156698492e-01,5.727867618425652729e-01,6.157892281887025199e-01,5.662187852006936861e-01,6.318060792015477434e-01,4.578012376169822706e-01,9.059445358006866511e-02,5.619332174022094728e-01,4.540800636898686959e-01,4.979609561247351213e-01,8.205432366507605657e-01,7.200036044327683404e-01,6.821164952156313355e-01,3.681992953788082619e-03,5.251096823624018528e-01,5.149036186112345703e-01,7.163415605113230278e-01,4.420334847425055336e-01,5.039457332529211353e-01,8.770827058269949905e-01,2.565902860463107893e-01,7.958212228437242519e-01,7.861383863988314902e-01,9.789474135456273096e-01,6.981316606391232416e-01,7.262787526119429682e-02,1.319629726836678840e-01,4.167895622308316894e-01,2.406037461871966820e-01,2.921275997865621088e-01,3.804851232511927139e-01,5.130812460670632902e-01,8.928267671544579676e-01,6.358336285434217361e-01,7.643355452183880905e-01,7.755975225545633789e-01,6.483364396913020578e-01,4.592288896529684306e-01,5.934134714200216543e-01,2.399359911202058049e-01,4.963865728957749801e-01,6.283407054818187509e-01,5.749109613792388052e-01,1.251564433576166091e-01,5.101100323643684709e-01,4.596742724988498452e-01,6.750136701226001623e-01,9.817706022941821153e-01,7.230559675342037584e-01,7.738167631836858629e-01,2.440244684159273425e-01,6.056930442523282832e-01,9.598413259403961728e-01,5.669321028630295300e-01,6.373814162449380483e-01,2.618669473417132298e-01,4.747629720950986010e-01,4.504001767275507828e-01,6.584828910231160792e-01,6.327680300924822809e-01,3.499524780364737797e-01,9.179907637823777611e-01
9.591597174893565780e-01,8.889359313194783452e-01,0.000000000000000000e+00,7.828797597080131565e-01,8.710174041854568117e-01,8.882462265495705278e-01,8.176551589698890510e-01,8.601085731301614246e-01,7.176164578413736228e-01,8.893652924936644721e-01,7.002030924368225495e-01,7.843902723466743554e-01,8.819600516975519833e-01,8.244423692399331927e-01,8.154362504236323250e-01,9.827941006747200614e-01,8.363498170338494742e-01,8.451722106351300390e-01,4.343591901403577316e-01,4.537985671871164195e-01,9.250610892912859429e-01,8.940960878282554480e-01,8.618249169224920792e-01,8.144816817420061916e-01,6.997670716979444983e-01,5.417074856443383490e-01,6.580047824669815748e-01,7.970562099260183331e-01,4.756169247099341635e-01,3.967681751922829125e-01,1.112897427964670283e-01,9.389860334041256751e-01,9.114930758913202258e-01,9.836089439237554188e-01,9.608166788585301710e-01,3.623551494006443940e-01,5.023675321293633589e-01,6.380699505606607369e-01,7.615999576131454729e-01,7.620925894738754813e-01,3.053403480539237935e-01,6.745319838347688668e-01,6.111998792003050518e-01,7.270301026227117269e-01,6.515657877870275616e-01,6.310707637210377641e-01,9.781903767232618119e-01,6.159034567801797699e-01,9.292475950585808997e-01,8.430155518048729757e-01,4.728359107877390111e-01,9.918086877713522265e-01,9.858046558995587905e-01,8.385912518278808570e-01,6.708702940378352686e-01,6.713663864034469242e-01,7.652052971820307858e-01,9.256715737412193334e-01,8.982338985748642424e-01,8.259376501168733675e-01,6.777678565645836040e-01,8.876491374992526717e-01,2.849361376835239934e-01,4.914924145820627199e-01,9.026647630133478595e-01,5.379102574976826201e-01,8.052764330523043412e-01,9.947124500212212173e-01,8.178755552123347927e-01,9.023546613083823775e-01,9.698228507735496828e-01,6.320364566256425620e-01,7.227515947343228220e-01,4.193061512251637368e-01,8.348544433114455376e-01,7.223959761365487120e-01,2.518111873648090637e-01,6.183505051821513998e-01,1.600751850664849651e-01,4.608814025669431547e-01,8.834070169217314028e-01,6.323108838331578108e-01,2.231973864590877099e-01,6.044165977405548951e-01,8.181858287753380754e-01
8.757226759028299279e-01,9.467703615740264977e-01,7.828797597080131565e-01,0.000000000000000000e+00,7.012480581548876657e-01,4.816655128273469311e-01,6.729119557920343331e-01,7.518142314163758222e-01,6.856712380894015579e-01,9.490198665392359789e-01,7.611172917982158559e-01,9.234294844929105128e-01,3.572341313676772878e-01,5.451415854621251000e-01,9.356946532335702615e-01,7.118227272547362761e-01,2.579606775694823217e-01,7.315312599756257361e-01,6.631926683766220521e-01,-3.222783581541551201e-01,6.046990232362791096e-01,9.179349916890389149e-01,8.688527908252166032e-01,6.666837518940113005e-01,7.075077837047423213e-01,8.061223799645083066e-01,8.197572144901369429e-01,7.780803251910098917e-01,4.508370353202174052e-01,6.776304982926062426e-01,4.699365866810003012e-01,9.208609987589485568e-01,9.067195194846453532e-01,8.156514677364501420e-01,3.618004291551347729e-01,6.561002097074207784e-01,2.621427810967647543e-01,2.321990664395586490e-01,9.344303405752887315e-01,4.546887287749842854e-01,9.242498814393146356e-01,9.137363951472764478e-01,7.674511812035452740e-01,7.801438293417922720e-01,8.298051334837649451e-01,8.027961093948438043e-01,7.349692146520003799e-01,9.065385864043254971e-01,5.459642886448826671e-01,6.492238457053033374e-01,8.262791465893879472e-01,2.984673817505517635e-01,8.394307740970964327e-01,9.416608825683188133e-01,4.728562971365177781e-01,2.169300316791502314e-01,9.481911497448222148e-01,8.729687074532264113e-01,8.937397320361919473e-01,8.165810676510837363e-02,4.085451269143307029e-01,5.341448931636441078e-01,3.065826994873133149e-01,9.953153817573818785e-01,6.598771638190579214e-01,9.018411828220661286e-02,9.680843562070923225e-01,8.203973020960310114e-01,4.221021974635045249e-01,9.196481220504327814e-01,5.083119671752468482e-01,4.573650341588513246e-01,2.907260295978304487e-01,2.216382748093465860e-01,7.177126542774586726e-01,6.971863587039163201e-01,8.687073974761820860e-01,2.233968129396011748e-01,9.386597166864719954e-03,6.964879242415517036e-01,7.355168682616769482e-01,5.143977074935334182e-01,6.716932865463354219e-01,2.888321956041070560e-01,6.844598986665042517e-01
6.107121601891536411e-01,8.439766174001864796e-01,8.710174041854568117e-01,7.012480581548876657e-01,0.000000000000000000e+00,7.083732265228489533e-01,6.970190320498244052e-01,5.582366884464633472e-01,4.498358782733845596e-01,8.248794983926920343e-01,7.427540549418504279e-01,5.341564502636997336e-01,8.386511183413114523e-01,9.765465166650724171e-01,5.188294859320715657e-01,7.031382775511926253e-01,9.390581710276036942e-01,6.583590906287124511e-01,4.078565429305645584e-01,9.519630694792164949e-01,6.855107504381560135e-01,6.859617893915075371e-01,8.602630623802336451e-01,6.528246660726606532e-01,3.078867747866916027e-02,9.474495234454403114e-01,4.299098501262779704e-01,4.472968666186158404e-01,6.927472860160668322e-01,5.946039583755761138e-01,4.404139115415315331e-01,4.371706708594383928e-01,6.709434196650992943e-01,9.484005506440591482e-01,7.391968671376154543e-01,-8.871816814588406874e-02,3.528938770401450764e-01,8.412585830580747714e-01,6.078802728540778633e-01,6.352392133933989493e-01,1.994434015674881044e-01,8.012830511182944537e-01,5.888222242132377104e-01,4.293042421565788636e-01,3.689153835444418661e-01,6.052198875010711410e-01,7.208655168656579182e-01,8.735721663393283265e-01,5.597269194736170794e-01,7.791602448184988816e-01,6.857757187196976689e-01,7.419800783040773062e-01,9.776408390660955572e-01,6.571184837979959781e-01,6.140028075370509431e-01,5.132814300958906673e-01,5.657097274852258550e-01,9.637543560142621812e-01,7.822771522841107661e-01,5.331507402520720973e-01,2.754247275093248404e-01,5.051221003255313979e-01,9.785504058786427262e-01,9.947442398028607524e-01,4.108214317782389879e-01,9.179291109408638238e-01,6.694919632802862619e-01,8.332631583140065468e-01,4.671291390316495429e-01,9.407266655985948578e-01,9.848410240673153293e-01,8.267893155652672466e-01,7.869042769468259646e-01,6.540385938601981364e-01,8.814380943687039061e-01,6.093094349533525467e-01,8.218864601685170745e-01,2.796357356331169441e-01,4.119545211235458582e-01,-6.667315803824827580e-02,7.857131479063204083e-01,8.289384790539094938e-01,5.412406426181577412e-01,1.588238365184897194e-01,6.338663752275901508e-01
7.914035603908735617e-01,9.154621485774471212e-01,8.882462265495705278e-01,4.816655128273469311e-01,7.083732265228489533e-01,0.000000000000000000e+00,4.995042422466383636e-01,4.584418490996134410e-01,3.827886379086009039e-01,7.238411717861414907e-01,2.491046279008150566e-01,8.779114351802213001e-01,8.592265148705819922e-01,-1.654682033218342341e-01,7.901989612580704314e-01,4.951232320817772203e-01,9.140542841592331769e-01,5.710303263833759191e-01,7.198434908420727751e-01,9.183996237034899313e-01,4.616056367715100639e-01,5.012794507088290663e-01,7.451592236274701131e-01,8.692925134932145692e-01,9.290156488634573329e-01,5.583239792271093016e-01,1.515043728135554157e-01,9.619060010937515726e-01,3.783550017755605843e-01,3.252121776398905206e-01,1.154357715711709642e-01,7.878873672441231157e-01,6.191353791942660889e-01,9.748237687381829941e-01,7.321642689566902895e-01,5.597185275003022653e-01,3.494979876260672080e-01,-1.642981011561606142e-01,4.300938984441016188e-01,8.367039905036184333e-01,7.550584991556080761e-01,8.608615832685748703e-01,7.843802153075891681e-01,8.862917940142561735e-01,9.567921622621154976e-01,7.415060154251832403e-01,7.275472302694514504e-01,8.443553540026195181e-01,6.631659603077608711e-01,7.031856487017017487e-01,5.310748910524081268e-01,7.774575182565801601e-01,7.634188489526222421e-01,6.671471676614399993e-01,9.214131385439741084e-01,7.303524568884520729e-01,7.911948466285820825e-01,7.076480579419945904e-01,9.153994090496153646e-01,7.205154280607003470e-01,6.369988064914088310e-01,8.531424681675893185e-01,9.995222080568937351e-01,9.067470282740129894e-01,9.819266652002400786e-01,9.537472251449639060e-01,5.857428549732295320e-01,5.020326950308235947e-01,2.077256398071218868e-01,7.659760253567928778e-01,6.143746908894193171e-01,8.420768292579994263e-01,6.586783548148278378e-01,6.113167237400320975e-01,3.188333354397770436e-01,4.389224726853666603e-01,6.852691448797185725e-01,7.608152923171289661e-01,2.010303853517619865e-01,2.328871658928066968e-01,7.689754472139597175e-01,4.148865462839505525e-01,7.927450312589602310e-01,6.304206860472980622e-01,3.052317848606735939e-01
5.318814018460269466e-01,7.323995130262939135e-01,8.176551589698890510e-01,6.729119557920343331e-01,6.970190320498244052e-01,4.995042422466383636e-01,0.000000000000000000e+00,3.235422321002395796e-01,5.540693142887131994e-01,7.850826153371842642e-02,5.209714037350337001e-01,1.366941751460009624e-01,6.228348592480844603e-01,8.670420322703775717e-01,8.031015167919454134e-01,3.254293261612496990e-01,6.346608354105496286e-01,4.549210777213662515e-01,7.913870656198125353e-01,9.295994853330264984e-01,9.838768576087806306e-01,6.831010151808498687e-01,5.735341089085954636e-01,9.324450456670566600e-01,4.338698871591963879e-01,6.769786418194077005e-01,5.794129379091111920e-01,6.006906116748336188e-01,7.497503161758297674e-01,5.848996868796486615e-01,2.881343045751377230e-01,8.891177917786499130e-01,7.671467352030242326e-01,8.596640690074963675e-01,7.983734531688156943e-01,7.115053686662142773e-01,5.052996761769373846e-01,1.713623188245443421e-02,8.351714478278224885e-01,4.618351565979672002e-01,3.214918046426475384e-01,6.089590131596162026e-01,9.213600477245573739e-01,5.690244261629956446e-01,9.691251022646218960e-01,5.944917219197594083e-01,6.602710818863128939e-01,7.911993754037598414e-01,6.804973153533012686e-01,7.148532171212044206e-01,4.909331572343850203e-01,6.916274180659141013e-01,8.151088267472341720e-01,6.793339275912919639e-01,7.254295990002227468e-01,6.017139312887367364e-01,7.323075090558732736e-01,5.022832343960442758e-01,9.022438358025536287e-01,9.217752579648648137e-01,6.396347051300279585e-01,5.371782396836195517e-01,5.941557844940146271e-01,8.467677008175311659e-01,9.978940938582110398e-01,5.745648131972397321e-01,5.497379995863254099e-01,9.379176910798711075e-01,3.259972787715033071e-01,4.927827755701195134e-01,7.924203069547490763e-01,2.766256532617196173e-01,7.716035956365335791e-01,4.298599805886885172e-01,6.013308739068854436e-01,8.158612530958676556e-01,6.652841955381287864e-01,4.817116389638305685e-01,6.740413952329588065e-01,3.112845837672271188e-01,4.709302153893029086e-01,8.963484993195891537e-01,6.029269151807923333e-01,6.135013026574619444e-01,7.944166031777242232e-01
9.226909239459526457e-01,3.872628831872002020e-01,8.601085731301614246e-01,7.518142314163758222e-01,5.582366884464633472e-01,4.584418490996134410e-01,3.235422321002395796e-01,0.000000000000000000e+00,6.930877394461373298e-01,8.644205731299923201e-01,7.929323548736058047e-01,4.502153838559974641e-01,7.538179165274325744e-01,2.166687066796788574e-01,2.817589314619181051e-01,8.607508822690272954e-01,7.996089120240222892e-01,7.295924156194233401e-01,6.350366905269027029e-01,6.962632335126245353e-01,4.422207229246951088e-01,4.176870157741544576e-01,5.053787602108354982e-01,5.129778716051559551e-01,4.108885757183297072e-01,2.335681098744797901e-01,7.591498744667939391e-01,5.805185674421441400e-01,7.926019613632855343e-01,5.566393447075580481e-01,1.083840956514898340e-01,6.349610941711211209e-01,7.509656020251301856e-01,4.897861026786375360e-01,4.933114831405296941e-01,4.654614850177159480e-01,2.562492489152281006e-01,6.306637126816118100e-01,7.181435514661187458e-01,2.832288940822108581e-01,3.681669191431654609e-01,8.367504859428301911e-01,6.117177478797003465e-01,7.127701714102164798e-01,9.782501357140866993e-01,6.323508291653785474e-01,5.282961987508791868e-01,5.047187713840496359e-01,4.758773412146794501e-01,9.710220676612249524e-02,3.114907454040489188e-01,6.247245397445856385e-01,5.015412789242004177e-01,9.076628354947076094e-01,6.141716770413095938e-01,8.795997563326984903e-01,6.910730990819091701e-01,2.696395780848976909e-01,2.403897806627382783e-01,6.194135783613017310e-01,9.824970306864527769e-01,5.611167928542668548e-01,4.293926897170069479e-01,8.133938501205731919e-01,9.504960664932634584e-01,8.494460832863621746e-01,5.892571611401499210e-01,4.718344049137219720e-01,6.440312878328919854e-01,2.896271996841735530e-01,9.540804326896130672e-01,6.176289198110194167e-01,4.769165767338910955e-01,5.309135718175813645e-01,3.248820266626149533e-01,9.788509915197959321e-01,6.204897681482167693e-01,7.072959882775274876e-01,4.596920187517839484e-01,6.034959871948671895e-01,4.537163214365080854e-01,9.306952664262770902e-01,7.127395222563417398e-01,3.174988092460521716e-01,6.126684777061092158e-01
6.704759813834263449e-01,9.160624622558125596e-01,7.176164578413736228e-01,6.856712380894015579e-01,4.498358782733845596e-01,3.827886379086009039e-01,5.540693142887131994e-01,6.930877394461373298e-01,0.000000000000000000e+00,7.283372973574943066e-01,6.116478043587137980e-01,9.606683672591257439e-01,7.175097902601058619e-01,9.069079843383350825e-01,7.828095646234013438e-01,7.627202441114150355e-01,4.300546189193383828e-01,4.243975834108363321e-01,4.296110069975682677e-01,3.702852075511559038e-01,9.975511639416677623e-01,3.635516031933269665e-01,7.144945074528167295e-01,9.019152000928661872e-01,5.449943442266843574e-01,6.679271490643614584e-01,6.733368375265156303e-01,9.824137698032965327e-01,4.087494557204949253e-01,8.471027188329594004e-03,6.445974752165350985e-01,6.661761257283125293e-01,8.454577012322268548e-01,8.928806289111421712e-01,8.903480825081203087e-02,7.969996106830897764e-01,4.139954418408892667e-01,2.390837416204085950e-02,4.247860957842591323e-01,8.424598082386725029e-01,4.169302885499506228e-01,9.303851862450535082e-01,8.687608709633043436e-01,4.656682803282357619e-01,6.064532898148156104e-01,8.325716255301908175e-01,7.071193134347601994e-01,6.890147661987126027e-01,9.508961855503128557e-01,8.189267108877865686e-01,5.750251302797605435e-01,4.374610075360667594e-01,7.793471781192550241e-01,6.821410294064538249e-01,6.988238931354424643e-01,8.777756292401960314e-01,7.270085506912431494e-01,9.681319393378446936e-01,9.973704393344896557e-01,3.698806508873627719e-01,9.594167006801157527e-02,5.489753567932198659e-03,2.686460856133068287e-01,4.104705236145138048e-01,8.890531321904612261e-01,1.172381230590293089e-01,6.071925680259676605e-01,9.644671839111484957e-01,7.190209477676314798e-01,7.157038998800994145e-01,9.491747803174694909e-01,9.596907797758176262e-01,4.996592677390097048e-01,7.885954736867449855e-01,6.266877130588059952e-01,5.841721675375100009e-01,4.163302959446055773e-01,6.094693803374053864e-01,6.201300193160276253e-01,1.885153832796440387e-01,2.376735274175905965e-01,8.852426677099122232e-01,9.750144952341075477e-01,-8.461013560859426130e-02,6.819268673107805601e-01
9.071457675800050913e-01,4.928781692846183615e-01,8.893652924936644721e-01,9.490198665392359789e-01,8.248794983926920343e-01,7.238411717861414907e-01,7.850826153371842642e-02,8.644205731299923201e-01,7.283372973574943066e-01,0.000000000000000000e+00,6.078786847611322708e-01,7.144689249830840083e-01,5.959452490378379652e-01,5.491086915527945145e-01,6.495251131738604133e-01,9.889329072263000064e-01,6.521289896268243069e-01,3.992953360063211665e-01,4.934272484663120295e-01,8.648081175552120303e-01,6.843689197058715479e-01,7.182249645861084053e-01,2.103461057009896051e-01,9.426528875019096754e-01,5.262963671143070510e-01,8.553145437397300377e-01,2.058258219566030944e-01,7.533390020236261364e-01,2.908768704398773663e-01,8.342365492150030093e-01,8.954399182193194251e-02,7.996871342108035075e-01,9.250351984510307712e-01,4.214435966787118959e-01,8.994813892363342500e-01,2.481243711700784060e-01,5.949898243090845362e-01,9.412387798358340385e-01,9.547023966567900199e-01,6.142941593037229975e-01,7.922955649669101152e-01,6.565040324215229983e-01,6.098435509705194546e-01,9.351584646021160463e-01,7.228747956790849694e-01,9.851485298468475316e-01,6.545872064636231169e-01,7.993048165731567734e-01,4.042457041262981776e-01,5.557351238828489581e-01,1.761447320426588470e-01,-1.691535039288083464e-02,6.946399669876310856e-01,7.119238726628884795e-01,7.294155875143382151e-01,6.218057633819034091e-01,7.512850387798596374e-01,8.119820583284520499e-01,5.002828580505711553e-01,3.659861136620184974e-01,5.149588199489311124e-01,4.986219077995845961e-01,4.857320466294850481e-01,9.356393145019095137e-01,8.154879329018102085e-01,5.017074205297800127e-01,9.168225333326068816e-01,8.509710864706528932e-01,1.195026581716516351e-02,7.340471137381719968e-01,7.804196284927098493e-01,7.572452157176976506e-01,7.803893156082069016e-01,6.712882462299432085e-01,5.276158820436173125e-01,9.416397729909242731e-01,8.899405605219923299e-01,9.843866852628517794e-01,5.717831140990846661e-01,6.485375074296103604e-01,6.412333711066615649e-01,6.348350202433826750e-01,9.694551514871604381e-01,4.649258007822815175e-01,9.031482688055922914e-01
1.751677831989999490e-01,6.736078973695470706e-01,7.002030924368225495e-01,7.611172917982158559e-01,7.427540549418504279e-01,2.491046279008150566e-01,5.209714037350337001e-01,7.929323548736058047e-01,6.116478043587137980e-01,6.078786847611322708e-01,0.000000000000000000e+00,8.390506989040527053e-01,7.699552580704700500e-01,6.292098037964508617e-01,6.856545154244594320e-01,7.423180164297343842e-01,6.772158840504780564e-01,7.771413816781226336e-01,8.312378806176252688e-01,6.869136209642202617e-01,9.151355112326874375e-01,9.072256053044148727e-01,8.756185616060241372e-01,6.614288899078956119e-01,8.501253236817697401e-01,7.539895574986921201e-01,9.310117282354009038e-01,6.802342379262297234e-01,5.274634103274822294e-01,4.698714359817011688e-01,5.827320929602897159e-01,7.020745900733034173e-01,8.081604189645745784e-01,6.095787409620715414e-01,5.967008363870214271e-01,7.453480963420494598e-01,3.038122964844489071e-01,9.996924846310386581e-01,8.489582078815882671e-01,6.454468415835521444e-01,7.248493739353720766e-01,5.550745692503262774e-01,7.283890871116094345e-01,7.856710759032641267e-01,9.008851979427268120e-01,4.027423512472255163e-01,3.672847904496178151e-01,7.913274096071675201e-01,6.147776843498967692e-01,9.651146504320825548e-01,9.958700864935108310e-01,8.500588491583465078e-01,9.233726342469739112e-01,6.103907668813647325e-01,9.994585825442041660e-01,4.822482188596334818e-01,8.501362865453975237e-01,8.960650546600111843e-01,9.202701944626696662e-01,7.831851714839425105e-01,2.027655619932224318e-01,3.475835829410630629e-01,5.398546823630328007e-01,8.250781196634165982e-01,6.126771745569667971e-01,2.831119154866418852e-01,9.782082988739593254e-01,9.443105922744457481e-02,5.728400730609903846e-01,7.721680514065004663e-01,6.046848585754925898e-01,7.778833341184993033e-01,7.697963883739102897e-01,6.714918314110467357e-01,4.688969386612960588e-01,8.099714321279888329e-01,9.954189028370941106e-01,4.096584161057815754e-01,4.950096377012799254e-01,8.694655087547975558e-02,6.385783446860571200e-01,6.552167335682145266e-01,9.506300633828101976e-01,5.362246849382411584e-01,6.508478980133363123e-01
5.040586580949155682e-01,6.109889902943391737e-01,7.843902723466743554e-01,9.234294844929105128e-01,5.341564502636997336e-01,8.779114351802213001e-01,1.366941751460009624e-01,4.502153838559974641e-01,9.606683672591257439e-01,7.144689249830840083e-01,8.390506989040527053e-01,0.000000000000000000e+00,8.239759064194693838e-01,8.059247604691547329e-01,7.280345074021734586e-01,4.799187137342341147e-01,8.277763504231128167e-01,7.197952301657494223e-01,6.100519907033292721e-01,9.183276505588306993e-01,9.503384687039063694e-01,6.969542084328151921e-01,8.916201485879599042e-01,8.909514443212119827e-01,3.997796980021863789e-01,9.332268383357255059e-01,2.972880003554118078e-01,7.792688932292956006e-01,5.259132376105305484e-01,4.845212475909395078e-01,4.850337679015428449e-01,4.689976548894234099e-01,9.281226147112532354e-01,8.690519382021315575e-01,5.823140876566081925e-01,1.041946509580549823e-01,6.973084486185086028e-01,2.691810409798671699e-01,6.499439450710681188e-01,7.201916601627995629e-01,3.481052243808637758e-01,7.952535372946477610e-01,8.509282782247051813e-01,1.737403377571807017e-01,9.660424692947328085e-01,8.808783034003032641e-01,8.472628995487486714e-01,4.076544278265601395e-01,6.053398908212950236e-01,2.881207016216190686e-01,2.976222411406631574e-01,6.191443580911882849e-01,6.769993663092845892e-01,1.898957967171020778e-01,5.187718140853025961e-01,2.456194798182427808e-01,7.741983821192148785e-01,7.921930544164514920e-01,9.208308088984773487e-01,7.115431893098914662e-01,4.647680492032870148e-01,7.145943047401467352e-01,8.802371257656380621e-01,7.999602351603664063e-01,6.764506387519808595e-01,9.858381858330419467e-01,8.514866395577009861e-01,6.608015713795754031e-01,5.355853652490242256e-01,9.900542708073701847e-01,6.168145748095160696e-01,4.567887475845604506e-01,8.161957226397720255e-02,5.617783505192888160e-01,4.602458787749672542e-01,7.751898442692156666e-01,9.693137918410117404e-01,6.361152781038984516e-01,3.870071699415383176e-02,2.522882043053053525e-01,7.630841459498350909e-01,8.193238903321337085e-01,7.639017280928317444e-01,7.513033950133615191e-01,3.254197036260075837e-02
6.369093961342831012e-01,6.616493777822781697e-01,8.819600516975519833e-01,3.572341313676772878e-01,8.386511183413114523e-01,8.592265148705819922e-01,6.228348592480844603e-01,7.538179165274325744e-01,7.175097902601058619e-01,5.959452490378379652e-01,7.699552580704700500e-01,8.239759064194693838e-01,0.000000000000000000e+00,8.386095615665309921e-01,5.744211740056657245e-01,8.245322958115396395e-01,6.211878477349137562e-01,7.695177806453815661e-01,7.526182959370578684e-01,7.328471168501708988e-01,6.975414806863584616e-01,7.125224415760594843e-01,4.255913819890355110e-01,4.366542594632072949e-01,6.144570342489933390e-01,6.086634476623705714e-01,6.096900675663678992e-01,9.524136924768982215e-01,7.537370201202002740e-01,2.998123309439311157e-01,3.029523332213625575e-01,6.219980249771700498e-01,7.747830479727779718e-01,6.065553203647882086e-01,7.188535796511482667e-01,6.255368812760349062e-01,1.220696820409385985e-01,3.078784983096851113e-01,6.505118121957647048e-01,8.425974012078938369e-01,1.647817648108135247e-01,8.276851618980333170e-01,8.890752457636130757e-01,6.226058294116492142e-01,6.661506710055186131e-01,6.589928455115748873e-01,9.614437760014680201e-01,5.296314498906462553e-01,3.530827414466471970e-01,3.762293216222938330e-01,9.911459747927137132e-01,9.519480588412480015e-01,7.431436433383206142e-01,8.989657308039187278e-01,4.022634748244705571e-01,5.322880701947299009e-01,6.834804780117086365e-01,6.776282170882457212e-01,2.989793037756875438e-01,4.776098823625651857e-01,6.718872170859535586e-01,8.290251355523814425e-01,9.027276827358486910e-01,8.197084719788377827e-01,7.914879637956852010e-01,9.394956455039841225e-01,5.284202013917910223e-01,6.823347499527637749e-01,4.080163387614161308e-01,6.309743865715722322e-01,6.701686617501236842e-01,7.958593383359947593e-01,3.460334280628403203e-01,6.342722915394549688e-01,7.627598951382784376e-02,9.308134597440353986e-01,9.635403929481376473e-01,9.864830199936934774e-01,6.573653006246314989e-01,7.127458182814836452e-01,6.934605263840237788e-01,6.073470201179204109e-01,9.789253436868946556e-01,6.117750861604248636e-01,6.448699990715838215e-01
3.059856625293688182e-01,4.102161294500873412e-01,8.244423692399331927e-01,5.451415854621251000e-01,9.765465166650724171e-01,-1.654682033218342341e-01,8.670420322703775717e-01,2.166687066796788574e-01,9.069079843383350825e-01,5.491086915527945145e-01,6.292098037964508617e-01,8.059247604691547329e-01,8.386095615665309921e-01,0.000000000000000000e+00,8.259597297259803073e-01,6.901448202360344064e-01,7.235741737760005288e-01,2.640071649092188832e-01,6.266783651514626907e-01,8.492095806666097868e-01,9.298247844000859796e-01,9.433636686507855806e-01,4.067301950976907055e-01,7.183365970888573593e-02,9.133388233624037955e-01,8.357056927137587188e-01,9.177569461629400127e-01,4.481045289801110498e-01,5.435907282893825965e-01,5.906246840987114943e-01,7.230658208123107444e-01,7.641559803290667308e-01,8.158024414750488784e-01,8.662380881392395260e-01,9.007839085925463118e-01,2.006875814576715156e-01,5.005578314527568962e-01,7.545876802755641100e-01,6.944243415225278548e-01,7.849049412645514590e-01,3.052878941927595902e-01,7.574566876647773617e-01,9.891253934702536332e-01,3.263761381736637324e-01,7.332175642310445607e-01,5.131384299054588816e-01,8.712257709579998011e-01,6.321086082605110734e-01,7.326279087138831692e-01,4.160270181918080956e-01,2.335115069506696339e-01,7.334145364114381671e-01,4.759564365693934596e-01,5.873923790076632789e-01,3.623273251343390733e-01,2.495492535894976160e-01,4.412575252763230593e-01,2.855024041517250644e-01,4.773012084116732834e-01,3.089743365700692856e-01,2.331815344998063311e-01,7.484440504709564124e-01,8.151062388776363354e-01,6.498025132135207826e-01,5.815871387342075316e-01,6.616019780745070467e-01,5.010089774438822863e-01,8.413703421023706053e-01,3.965265191326577954e-01,9.364431128046699637e-01,4.761622319248777768e-01,6.896513765760629022e-01,7.688816938662083045e-01,6.271777456866917122e-01,7.872843957430315509e-01,6.821485763848214035e-01,6.029268935656956208e-01,7.973015831637266793e-01,2.003212296947493587e-01,3.871310891924909514e-01,3.632614715364084201e-01,8.307412769217165094e-01,7.867616057927981910e-01,4.346651307546267606e-01,6.574146860782783541e-01
9.545001166644400126e-01,6.619615271315301142e-01,8.154362504236323250e-01,9.356946532335702615e-01,5.188294859320715657e-01,7.901989612580704314e-01,8.031015167919454134e-01,2.817589314619181051e-01,7.828095646234013438e-01,6.495251131738604133e-01,6.856545154244594320e-01,7.280345074021734586e-01,5.744211740056657245e-01,8.259597297259803073e-01,0.000000000000000000e+00,5.596687723786073487e-01,9.851336862545375661e-01,4.150351795510589525e-01,7.200355742098791811e-01,8.727873489748905200e-01,8.456264242769504502e-01,2.899686424082490999e-01,5.724925773991987876e-01,4.302406523193392784e-01,7.224550510692615557e-01,6.089590192107918742e-01,4.585773606142989345e-01,6.344771944667364494e-01,5.805511686747063527e-01,4.976795303554768513e-01,2.598860016764210634e-01,4.522725514343387543e-01,7.000803237598274276e-01,7.864608609142239581e-01,7.394097865845450368e-01,5.166977692582011006e-01,5.947246313068790258e-01,7.724834468157328882e-01,7.497441857962030554e-01,6.269994872145446818e-01,3.958985164019478420e-01,1.960319482525875179e-01,8.207999606713451968e-01,8.775932675876246813e-01,9.269474128338544006e-01,2.360391574513165946e-01,7.497728986922522765e-01,5.195021016529676183e-01,9.162236124977846119e-01,2.369063422054507040e-01,9.683254746777931743e-01,7.983547655459634074e-01,8.548545532151614612e-01,5.580822452523004351e-01,9.198599222108295725e-01,5.660761797790581258e-03,9.086596180188853955e-01,7.579921904233308805e-01,4.676927017027261435e-01,3.144565107556058781e-01,6.289677383475027472e-01,4.670028336226971222e-01,5.853378055909146394e-01,8.197078310965671966e-01,8.020678310130374689e-01,6.263259269679190000e-01,2.071573411327951031e-01,4.843226338554361132e-01,7.867252546184638762e-01,7.536134349813212729e-01,6.562413753962812457e-01,7.787946911332295219e-01,7.044104047911980970e-02,4.144756837893591728e-01,7.404270323779272855e-01,7.332426330755890120e-01,6.358832817607780186e-01,2.152430747235851149e-01,-4.091853876501172493e-02,4.898578845400367726e-02,5.314772243872118995e-01,4.345556901300207664e-01,9.381699763189982333e-01,5.721753804996677628e-01,6.826137189620413714e-01
9.521360117902216702e-01,1.238823333959946649e-01,9.827941006747200614e-01,7.118227272547362761e-01,7.031382775511926253e-01,4.951232320817772203e-01,3.254293261612496990e-01,8.607508822690272954e-01,7.627202441114150355e-01,9.889329072263000064e-01,7.423180164297343842e-01,4.799187137342341147e-01,8.245322958115396395e-01,6.901448202360344064e-01,5.596687723786073487e-01,0.000000000000000000e+00,9.794180343109269993e-01,2.721909407019034166e-01,1.653964272275443570e-01,9.639030624764080013e-01,9.701271077028590373e-01,3.053015770948024413e-02,7.664836255724192249e-01,7.504158294133819185e-01,9.530023536259315531e-01,6.657174361129970519e-01,6.665113024252913299e-01,8.986844180400579418e-01,2.405331567994200004e-01,7.548367347590904108e-01,9.043464921906271270e-01,6.542489000272232458e-01,8.817920710457630706e-01,9.158424299169083682e-02,6.322844110145143803e-01,4.942451683290851605e-01,6.599472043823264578e-01,9.711467696631037594e-01,8.139441674955251171e-01,6.733063398904769459e-01,3.611600008005264595e-01,4.552146494576431168e-01,2.348132379067418007e-01,4.301884766444751262e-01,8.291982186676631894e-01,7.850098283343084349e-01,9.359847572325612486e-01,6.764664434934304360e-01,4.173787996710605075e-01,6.220449625098309898e-01,4.949720769235826379e-01,9.484352597123257844e-01,8.656738288945011739e-01,7.816006224867592111e-01,8.113199309063710007e-01,2.689767875604519576e-01,6.158552253533851051e-01,5.887107506178534955e-01,9.786914614831994097e-01,4.441132439155678346e-01,2.567903575881097522e-01,6.077833441352203936e-01,2.762333773885652932e-01,9.290422833162704785e-01,8.700707957773738954e-01,8.039108504843436309e-01,8.209322101466045574e-01,7.289188284599257273e-01,6.311463824245830967e-01,2.100502080169678876e-01,5.164674258557583331e-01,3.204521192081561942e-01,4.691482420117202845e-01,5.653786587282016995e-01,2.212357167170223016e-01,8.881416162094495359e-01,7.339862970634036810e-01,7.983211052548797593e-01,2.085659141290996388e-03,2.081779770173016741e-01,5.750998430945021278e-01,5.593101912030766787e-01,6.027869694599529149e-01,3.703719747575632826e-01,3.238479363412039569e-01
9.469442565695971314e-01,4.594644294016998476e-01,8.363498170338494742e-01,2.579606775694823217e-01,9.390581710276036942e-01,9.140542841592331769e-01,6.346608354105496286e-01,7.996089120240222892e-01,4.300546189193383828e-01,6.521289896268243069e-01,6.772158840504780564e-01,8.277763504231128167e-01,6.211878477349137562e-01,7.235741737760005288e-01,9.851336862545375661e-01,9.794180343109269993e-01,0.000000000000000000e+00,4.370366030739629704e-01,7.920466228124745101e-01,9.634699323243206548e-01,9.432707295063267328e-01,8.152250332433536029e-01,5.335464594899430590e-01,8.411276111793934973e-01,2.564589833613028502e-01,9.779114580223851050e-01,6.534635918871226634e-01,9.967298402699591442e-01,6.412247447273453638e-01,7.077103152120318708e-01,5.452542675258122973e-01,6.939051867547726404e-01,9.063613723953451995e-01,9.514081474618134582e-01,7.349670563579381311e-01,2.416505698055179674e-01,5.953992490073884980e-01,9.091969517106092136e-01,8.567032481932710386e-01,8.681310377494102504e-01,7.846107355277224249e-01,9.459941226567093464e-01,9.359564144429832755e-01,7.481839526194775658e-01,3.171360383352055945e-01,5.736589793497492984e-01,5.957068212119280837e-01,9.597382449917074565e-01,2.443377480142204516e-01,4.341290200797418564e-01,7.416089792130555747e-01,9.879350166272712341e-01,7.799165607599541916e-01,8.657641424535597041e-01,2.942078749446761510e-01,9.170921233151597685e-01,8.617963546542870557e-01,8.528955677955369907e-01,8.655853691587421794e-01,7.557044171529543330e-01,2.829172598748405099e-01,7.232940911375329573e-01,9.974982449132400175e-01,8.599558193591068100e-01,4.673147849081948912e-01,9.362678455240689424e-01,8.962809234692592497e-01,6.495335026140247603e-01,4.014704268137372911e-01,7.119849269280907889e-01,4.514724580312312052e-01,4.222274141384299018e-01,4.055997981115058160e-01,4.641528548985521252e-01,9.982023140425064778e-01,9.002887829011272380e-01,8.656076827177462407e-01,8.893002353382397640e-01,-9.772538242232906014e-02,4.385678727749017236e-01,7.489042058654730161e-01,9.576348885795281651e-01,9.344595399778351519e-01,4.920685320706848498e-01,9.906632498854452962e-01
3.503770357740943475e-01,8.960316304998494630e-01,8.451722106351300390e-01,7.315312599756257361e-01,6.583590906287124511e-01,5.710303263833759191e-01,4.549210777213662515e-01,7.295924156194233401e-01,4.243975834108363321e-01,3.992953360063211665e-01,7.771413816781226336e-01,7.197952301657494223e-01,7.695177806453815661e-01,2.640071649092188832e-01,4.150351795510589525e-01,2.721909407019034166e-01,4.370366030739629704e-01,0.000000000000000000e+00,4.474593295829276673e-01,9.748441869640671609e-01,8.307417843623373654e-01,6.480400519590647779e-01,3.718949087065541725e-01,5.112604966320187794e-01,7.423850328560698264e-01,7.853598755267509057e-01,8.989440406193545119e-01,8.865513761905117196e-01,2.169087033763505978e-01,4.565225961153908107e-01,6.786155721085644910e-01,4.368791861225748141e-01,6.836453782016680414e-01,6.630086784869195782e-01,7.782008408600706861e-01,5.104692403176321891e-01,2.971509722431113221e-01,7.463615681362528731e-01,6.308446582957087934e-01,9.041325008774879768e-01,2.928094982155378667e-01,6.644989516641015559e-01,8.541172115775279572e-01,7.742351418200734692e-01,6.384524431686603441e-01,8.517732757340482630e-01,6.664569766444166099e-01,3.062604700734171126e-01,4.498079941529183889e-01,7.414735140417667569e-01,7.493152283805549763e-01,8.241329159248883540e-01,2.128138424523527000e-02,-1.268041768714351925e-01,8.596388490399294868e-01,6.922360502591680120e-01,9.651078701528412740e-01,6.298294546311926645e-01,8.440911792969407745e-01,-8.287999626337343162e-02,7.647104894286007593e-01,4.724875796543203110e-01,6.503840435854371105e-01,9.367708024344365558e-01,9.243175956093534484e-01,6.075065768152371204e-01,7.721164108184380703e-01,9.079566418889460921e-01,8.052045977810794453e-01,6.114757287040580858e-01,7.699831713359955865e-01,6.575345102487224480e-01,6.533506673704114753e-01,2.210168172597174185e-01,5.978623827957662007e-01,7.280876043575713608e-01,8.404136796350478722e-01,6.342971402948549553e-01,3.975644490338033910e-01,2.387115097376904527e-01,9.686805656327091008e-01,9.585241177420229519e-01,9.429420084887422115e-01,7.371250990486918342e-01,6.113506600201686902e-01
