0.000000000000000000e+00,7.616013871616540420e-01,7.675077816808036912e-01,7.646014937500362763e-01,8.520614352183023543e-01,7.540944966719159703e-01,9.574726841212934936e-01,4.811910223918432483e-01,7.283849918523175315e-01,4.765724444740975230e-01,8.620570765377483236e-01,4.704467148089645501e-01,9.802391947841725406e-01,8.153553121022465433e-01,8.539409693927939582e-01,8.034542731362709356e-01,8.574968353669322196e-01,8.687856055692870783e-01,9.218819305563358268e-01,7.798694477675955916e-01,4.850836198913398012e-01,6.491598387214631005e-01,6.792475469141684430e-01,8.423482221207294618e-01,3.404025777882788706e-01,4.585220525353176924e-01,9.107719315168868457e-01,8.021055936649513773e-01,6.177360451742248681e-01,8.214582306426235769e-01,3.938043440836594966e-01,6.789054615603083986e-01,8.226117917265760582e-01,5.980910539689072714e-01,6.583964772851267355e-01,4.084612814151338811e-01,2.201435441035313190e-01,5.878578150860220841e-01,6.254898069750000067e-01,7.709735707959327611e-01,3.135457652279565743e-01,8.760802585164584322e-01,8.706193915383256821e-01,1.755710077132518754e-01,6.009736860927784585e-01,7.086253357604567205e-01,9.589364364002193053e-01,4.487346812698494447e-01,2.716270590903170912e-01,6.036091082230470306e-01,9.018443247151229913e-01,8.536558640969164058e-01,6.648994776623330383e-01,7.304380920578031899e-01,7.547775236969377355e-01,9.653474141112876605e-01,8.083650192958689029e-01,8.133056942959626667e-01,8.724423481435997774e-01,7.421947494875503759e-01,5.019416097869613402e-01,7.560760163262729705e-01,9.057555378443040706e-01,7.231306820617459108e-01,8.901600846911359444e-01,8.894163481075898492e-01,4.216262278784601580e-01,8.375064988995565285e-01,4.723777208908916392e-01,6.864269463149429429e-01,9.749954929047327523e-01,6.565461041382378848e-01,4.679285580253271792e-01,6.745790450705922980e-01,5.939202660987394911e-01,9.792814859158996965e-01,8.748786967593993324e-01,6.434442216141073034e-01,4.648022900909575816e-01,7.984387442945091173e-01,7.066369727683758928e-01,9.820360746139806807e-01,8.224711130994944996e-01,6.377409651699792459e-01,8.577624680599648110e-01
7.616013871616540420e-01,0.000000000000000000e+00,9.787285567804094866e-01,8.648780173713896957e-01,3.818988271442220750e-01,9.090807629732718942e-01,5.424137230145126276e-01,5.264347207397960249e-01,5.201478056556634311e-01,7.252277371979523046e-01,4.654208460264976921e-01,2.926824980057982084e-01,6.626368866762535337e-01,8.515317089522786986e-01,3.007365042288106527e-01,2.851187667264346581e-01,6.591390692710250576e-01,5.799518884776251326e-01,8.632511881466374826e-01,4.561362192789932823e-01,8.514857595892294517e-01,6.254527821870654591e-01,9.927385979424094842e-01,9.031538918793234894e-01,5.241666800293856010e-01,7.627863804584283924e-01,6.922213146022512253e-01,4.962786331554690511e-01,4.383628099275445056e-01,2.820706769872125541e-01,4.710332281912143482e-01,3.916972822984190472e-01,7.596184239550501927e-01,8.839903134742042035e-01,8.895033708725212929e-01,4.394685043938714730e-01,1.117000043249870844e-01,9.245659567698287784e-01,9.646114825170328810e-01,9.715506253792892677e-01,4.306513332984331366e-01,7.519515651402808309e-01,8.764362789227617689e-01,6.731297729624790005e-01,8.616909360427617015e-01,3.156588689085383370e-01,6.551369956899337765e-01,8.838139953732743193e-01,6.858119587442128573e-01,8.825722242910820636e-01,9.810868272713751947e-01,8.931998949698766177e-01,7.931521130649556994e-01,7.579700653878560512e-01,4.339684056047495297e-01,8.641043960634621213e-01,8.276197698553257043e-01,4.421078331457315436e-01,7.664885401742519422e-01,5.404581632177606343e-01,6.583509629004513815e-03,5.150511023676194178e-01,3.873126706135763264e-01,9.377115247933138775e-01,5.297866511287904201e-01,5.102186244922165548e-01,7.309714563564322365e-01,8.229433278974370713e-01,5.339529861821992185e-01,6.060713172947749250e-01,6.436942071436044799e-01,6.091904148495173033e-01,7.983357703211426681e-01,6.466125943208340665e-01,6.943001168918985222e-01,8.097677257216739921e-01,7.698260735870974258e-01,6.171511263476741060e-01,4.562147480552545820e-01,2.059965052988292633e-01,8.220882493941731317e-01,1.844644304142902536e-01,9.847820016124416709e-01,7.016719727708399246e-01,5.147467608950219153e-01
7.675077816808036912e-01,9.787285567804094866e-01,0.000000000000000000e+00,2.174686667250319005e-01,8.526281340168624379e-01,9.314396353681380081e-01,9.572399651350387284e-01,7.781163075620934899e-01,8.945280684401905047e-01,6.723734094435180886e-01,3.017168069831477895e-01,6.577966775960408796e-01,7.677496186503024456e-01,9.138838408301832583e-01,7.099124588533424207e-01,4.982637116214245765e-01,4.499088294402061594e-01,5.056591303516000391e-01,-4.371981119439385943e-02,5.287975327833358552e-01,7.245279289436985515e-01,8.175949898208264566e-01,8.294530247320739402e-01,9.822333819870614491e-01,7.478095186941592365e-01,6.899346811949741420e-01,8.292616726656099058e-01,9.834972068957921199e-01,4.378276310659461323e-01,3.651457851214204853e-01,1.678187030739432539e-01,9.679225704312462986e-01,8.950316338515645898e-01,9.398859991148925674e-01,7.224800498019383621e-01,4.990321861188702912e-01,3.055392484656547225e-01,6.686895874720443222e-01,8.011068931386701175e-01,3.707878178545795378e-01,8.701275392246744511e-01,5.695213171807013142e-01,9.678183427030195851e-01,9.603000269875181516e-01,7.133513458325452250e-01,8.373014217011165439e-01,9.552823084477592985e-01,7.136045724011219615e-01,9.681585166563790867e-01,4.271860878439160958e-01,9.543130121066454308e-01,9.637813669388741733e-01,8.266268875943162397e-01,7.855130367043232642e-01,4.401731505595855576e-01,7.326566345610413533e-01,7.552099481410947668e-01,7.685536328928046501e-01,7.369003441332968585e-01,4.267122042057931441e-01,5.373062317830218371e-01,7.026995133970929119e-01,6.767405041026172130e-01,3.386908295215671494e-01,8.081357098712227405e-01,8.434987799728507207e-01,8.897504411103216437e-01,9.378030153715064543e-01,8.829844857578954542e-01,8.435632965642310133e-01,8.125683379798812611e-01,9.859085258988858902e-01,7.079758529438233694e-01,6.953211619724645187e-01,9.210156621786410591e-01,4.574132813351206583e-01,6.755583053092588663e-01,6.848506781903278551e-01,1.342793186139816519e-01,4.039848428100448752e-01,9.890688600623034343e-01,8.304725161524585397e-01,5.213729158008760800e-01,7.326726452032096271e-01,8.750457773733391065e-01
7.646014937500362763e-01,8.648780173713896957e-01,2.174686667250319005e-01,0.000000000000000000e+00,7.403255379072154474e-01,9.380996785669328819e-01,6.590881632888974107e-01,7.445280121401963713e-01,6.051188161772911300e-01,9.603264690324018193e-01,8.084283768721154395e-01,8.477768044447913098e-01,6.365693754932213455e-01,6.125340694231159455e-01,9.498810332298548431e-01,7.946514399590515199e-01,4.197692287754277163e-01,9.732491381606347414e-01,9.312244445555303285e-01,8.326029454263618179e-01,9.328588731440963233e-01,9.271841079571201405e-01,7.919713328503173999e-01,5.402006347743186776e-01,6.479719640434637995e-01,6.448102830596789126e-01,8.667445037688407128e-01,6.505827001515836205e-02,6.612238881749197272e-01,7.122530004878604992e-02,3.070456976993572451e-01,4.444527694502204418e-01,5.608496063760152195e-01,7.949363115676000291e-01,9.647458789308931415e-01,5.011942270352806039e-01,-5.362404959554858963e-02,7.204196940955711614e-01,7.841115229832347211e-01,5.243417193290998979e-01,9.297920642455452800e-01,7.873704173104403292e-01,2.381256700919051617e-01,6.102156996211322015e-01,9.256169359246648742e-01,7.983024180111484291e-01,7.398251443441999919e-01,7.645641411296837386e-01,7.652518598680179140e-01,9.718589328558613349e-01,7.331460604267567849e-01,5.842482116058644870e-01,9.442815882126091021e-01,8.135026905069370207e-01,4.688800981798569301e-01,6.812438663743185518e-01,4.994850913800871206e-01,6.870445802982177996e-01,9.027827565206071325e-01,3.411363708267689532e-01,7.797845605681724690e-01,7.435574679659646691e-01,9.606378478989806569e-01,4.650904183844745687e-01,6.165494338165233845e-01,6.557764953198785829e-01,6.532125094160695644e-01,6.854505729261031188e-01,7.544122058244413509e-01,8.848672778708334130e-01,8.417746397174357131e-01,3.962407418560127681e-01,5.074741857163136416e-01,1.351659657801948800e-01,8.409047536866158801e-01,4.104305706894675332e-01,7.505297686510146171e-01,3.209538432898235705e-01,6.697059300045908603e-02,4.543636482774177088e-01,4.105035502895006405e-01,8.434960272216956989e-01,3.304476257395747574e-01,3.243333174082005388e-01,9.545700628437129298e-01
8.520614352183023543e-01,3.818988271442220750e-01,8.526281340168624379e-01,7.403255379072154474e-01,0.000000000000000000e+00,8.027085356773079328e-01,6.061582265494995791e-01,8.954108049752999010e-01,4.237293047341060825e-01,3.825051992832769754e-01,4.405412701248809793e-01,6.347249259407146127e-01,7.678011493731476955e-01,8.207093633263248256e-01,5.301936072589881199e-01,8.335971946861006066e-01,9.417669210084543829e-01,7.471905345103895257e-01,8.571556432534916947e-01,7.657137244214629046e-01,7.955381482123632386e-01,7.351666553043906260e-01,5.878632954088194307e-01,8.635029258603943436e-01,3.992310298489101239e-01,6.903874057752963367e-01,5.697539418204764505e-01,3.985823333299876037e-01,6.674447317578913186e-01,1.122818309048868868e-01,5.325812350250177518e-01,8.430884801011039320e-01,4.647150984373775717e-01,8.343213313695163613e-01,4.924151732243744473e-01,2.499423041086571706e-01,3.517393176748384587e-01,4.238125046220349579e-01,5.818909865197825493e-01,4.200187022598534936e-01,5.467345151679245951e-01,5.860442631782095679e-01,4.506557111388060366e-01,7.098643143519891563e-01,2.779358618557458693e-01,9.564777506381187955e-01,8.400654467263158898e-01,7.733535376860672939e-01,7.642086857294076996e-01,5.436675409003097759e-01,7.487206777164415739e-01,9.661037112240212776e-01,8.068833184050623331e-01,2.076445909788579014e-01,7.484311258665750088e-01,7.855555368213246181e-01,4.190050651980972152e-01,8.099642782948975883e-01,9.472070899675025801e-01,1.322135146726837185e-01,4.089095547683512799e-01,2.590141371339986787e-01,4.124948522428790731e-01,6.409152512759055398e-01,9.754898667299535253e-01,5.128176657601619670e-01,9.782841672671184208e-01,8.262789904488011539e-01,6.328409911483494632e-01,9.526142219257447419e-01,6.070276114547334956e-01,3.217955173483466602e-01,9.600236616841176795e-01,4.199786548301489009e-01,9.389890799692658385e-01,9.201594424764905078e-01,7.570469574234223176e-01,4.773330052744753083e-01,1.321062391163008165e-02,5.504960581463798075e-01,6.288363788436329704e-01,9.024153048533656296e-01,3.973145834072451255e-01,6.640136027248451089e-01,4.261384725843988530e-01
7.540944966719159703e-01,9.090807629732718942e-01,9.314396353681380081e-01,9.380996785669328819e-01,8.027085356773079328e-01,0.000000000000000000e+00,4.149061957668859213e-01,6.725955230718513311e-01,4.923201120703114553e-01,7.773069455615018164e-01,6.209835954124256485e-01,5.519995077114014936e-01,8.479583515448756437e-01,4.728087281365957462e-01,2.389388092650721329e-01,7.106820235258295426e-01,2.537007551046111531e-01,8.920035887300451494e-01,4.167689137952199085e-01,3.823234061560338848e-01,3.635713017688304433e-02,7.736847040649795781e-01,8.584572351174535321e-01,9.053999960588960949e-01,4.991466436979056231e-01,7.924531019764000650e-01,9.083735938006576305e-01,6.445873356081754935e-01,6.905320015081538587e-01,2.617877030972378671e-01,6.748704539874064157e-01,6.103962393879424075e-01,5.825144174968462929e-01,4.496711542526485306e-01,5.242377795278185815e-02,4.436380677692786621e-03,-1.870827717621871000e-01,7.964212134402561816e-01,6.852526298518647474e-01,6.795148554446501787e-01,1.021177511527348730e-01,6.013974260320010812e-01,8.327434140958779318e-01,5.051314914177276183e-01,9.689239007097614209e-01,9.772872634132889758e-01,8.197013008864995065e-01,9.555194018199173467e-01,9.102299466148532359e-01,5.690225049350571274e-01,8.752724877120188207e-01,6.202923311727663869e-01,6.290766429576180041e-01,7.643966163261113334e-01,9.309147896146617862e-01,5.917010917172980111e-01,7.489829614197892615e-01,2.841918888709442648e-01,2.648294538333055836e-01,5.924819225077808671e-01,3.809421129958425745e-01,6.066740474789646953e-01,4.884506623688655291e-01,6.750911258172741514e-01,9.601408347656085196e-01,5.070696338719150598e-01,6.884466600503548195e-01,8.877159392017290873e-01,7.722288445205247598e-01,9.325542914648102810e-01,7.643258660156342366e-01,6.319822010902022003e-01,4.267555038130637080e-01,4.666461371284898463e-01,4.827344396784644664e-01,5.718940575639855917e-01,5.499014234259543832e-01,7.840073243262627445e-01,5.057252875850798413e-01,2.629738546595701276e-01,1.389499988668644326e-01,8.463452100224679864e-01,6.644305326838892967e-01,5.377713117556800482e-01,7.596366122884558036e-01
9.574726841212934936e-01,5.424137230145126276e-01,9.572399651350387284e-01,6.590881632888974107e-01,6.061582265494995791e-01,4.149061957668859213e-01,0.000000000000000000e+00,6.271063747803384825e-01,7.085207621224612895e-01,2.183511275145126329e-01,-1.726041863179286207e-01,7.520982125644356531e-01,7.257056272916826423e-01,6.497188744678104033e-01,6.175117753778792684e-01,-3.139677498414469858e-02,4.254996901339390125e-01,3.292650158942777017e-01,4.802868759758068262e-01,6.930151356334485202e-01,6.083684754759687285e-01,8.800971350968950224e-02,5.522403922624823380e-01,8.146425067141643828e-01,6.439787093997205725e-01,6.443043723569115144e-01,8.186741722427167689e-01,2.870057577858675102e-01,7.039397787572369003e-01,5.372323694393135174e-01,5.313329666717577782e-01,2.695713252671891880e-01,2.051808672415813273e-01,3.644988433003761852e-01,2.594435998894210060e-01,6.851751927695869382e-01,4.132323174630243012e-01,5.323286674892566683e-01,8.937432027232952159e-01,7.966862106791527953e-01,9.889999624422538549e-01,9.112662802514653881e-01,8.788793108377784824e-01,5.031328861913747508e-01,8.909436654952769263e-01,3.911551126527318401e-01,6.644760055041416535e-01,5.747640535330966749e-01,2.094875635542562953e-01,6.259812964629364318e-01,4.287086797219180623e-01,1.963826441785572752e-01,5.516327042779168854e-01,4.353045156353290146e-01,7.206660477517825569e-01,2.453229897001558135e-01,7.301280546226647239e-01,3.622895342653623119e-01,1.521320500455008995e-01,2.397450459604692219e-01,5.731308006932152033e-01,9.693848434634668720e-01,5.641206270979092219e-01,9.885592561504152886e-01,4.848939717868103738e-01,7.972717002967364408e-01,7.873980424147299928e-01,7.323400589560373763e-01,9.264791783956319859e-01,3.448805205656244044e-01,5.525250772248933018e-01,7.962274816262961963e-01,9.450700293360803084e-01,3.627149582643979242e-01,4.816164345229266841e-01,7.379824382624851076e-01,3.519357654039225736e-01,2.606326478490018639e-01,4.744991875680562021e-01,5.871681410837902293e-01,4.194385509924696692e-02,9.561935513771437911e-01,6.285061128125418728e-01,-1.350431602423222688e-01,4.628743659804318011e-01
4.811910223918432483e-01,5.264347207397960249e-01,7.781163075620934899e-01,7.445280121401963713e-01,8.954108049752999010e-01,6.725955230718513311e-01,6.271063747803384825e-01,0.000000000000000000e+00,3.904686858213535783e-01,6.161515659605972806e-01,3.086127839747446755e-01,2.368714665426372712e-01,6.340267684425261452e-01,7.106172147131585293e-01,6.452261723169374630e-01,5.817030095213605589e-01,9.912807640828531497e-01,8.498075108655970267e-01,7.353216733334316801e-01,5.975540641855001667e-01,4.440685217621330172e-01,7.791036336197476597e-01,4.766749090986632242e-01,9.041678258060479312e-01,7.494280669428158292e-01,6.935579703000508411e-01,7.405499476389584279e-01,6.144843713269463326e-01,2.845208566211004930e-01,6.310481455673030426e-01,4.682662983941733859e-01,5.204673768761646224e-01,4.588910005380801849e-01,2.288360682960813575e-01,7.191943325146297195e-01,5.722354181576814192e-01,3.104313247172577617e-01,4.755171561664763846e-01,9.836049797201049660e-01,1.550970019652829213e-01,5.149336980941517927e-01,4.975329976897968076e-01,6.055367968411341506e-01,7.391588547129466225e-01,6.180859591152361165e-01,7.378280886625159241e-01,8.088077090439002026e-01,5.214621719382035447e-01,5.500780484053953145e-01,8.791512549980216029e-01,6.574943972256876989e-01,8.408769828578139816e-01,5.298806308875072535e-01,9.270257676802062807e-01,7.517140263180490667e-01,9.893672050662625228e-01,3.747774091832354465e-02,2.775905093230890408e-01,4.784721442813906767e-01,6.857848791008102074e-01,4.068965868607796743e-01,7.122212030629810897e-01,4.339103280995649792e-01,7.426145051367819550e-01,6.128407172307103190e-01,7.648277345760164936e-01,7.337232494733489929e-01,7.705440898504257730e-01,2.580406187732975365e-01,9.992946706539840296e-01,6.282288975485573745e-01,7.073652163833938911e-01,5.713604833805679961e-01,4.330157598506338967e-01,1.267139776614130686e-01,6.381042973826136500e-01,4.618343382485008419e-01,3.325500062195414497e-01,5.573690031697069447e-01,3.708290497235709055e-02,6.747869898395003618e-01,7.962605536652904714e-01,8.181618529284307995e-01,4.586737434789192047e-01,5.566634812391644260e-01
7.283849918523175315e-01,5.201478056556634311e-01,8.945280684401905047e-01,6.051188161772911300e-01,4.237293047341060825e-01,4.923201120703114553e-01,7.085207621224612895e-01,3.904686858213535783e-01,0.000000000000000000e+00,9.710256987845533594e-01,9.584948068334191440e-01,8.780581032452338119e-01,7.476362596825451012e-01,9.933193754869709124e-01,6.355843946057870841e-02,7.012995355974847023e-01,7.932560633534186945e-01,7.093929516934260882e-01,5.787785561925778977e-01,8.182858233010789073e-01,7.549471000801407650e-01,5.363147033034684208e-01,7.677814130988449559e-01,9.365375940059781357e-01,6.331593592852565733e-01,4.159482555801796155e-01,6.756499080083486763e-01,6.996238378327486185e-01,4.224681981842318135e-01,6.320170272343790252e-01,-2.577234357104918328e-02,4.670925159967321827e-01,1.842858681643156638e-01,7.086938420987308751e-01,4.077739276340707764e-01,3.413825181390492403e-01,2.909421753381781772e-01,9.620874408191223415e-01,8.345608090482077301e-01,5.359284453116841540e-01,7.608846931932851110e-01,7.352133068169491859e-01,9.516702845523571375e-01,8.676572628237576579e-01,3.602464433752078365e-01,6.657842741314052848e-01,4.962242412546657433e-01,6.421130326791277820e-01,5.003582495553736686e-01,5.508677141325593052e-01,7.298004459490233797e-01,3.943388854616369787e-01,4.508251491103152930e-01,4.870177098700908536e-01,9.151034830990616431e-01,9.805061477958296745e-01,5.300229761563787223e-01,9.454759307320450556e-01,8.216969343379015855e-01,6.624669885311149642e-01,4.397143555648501123e-01,9.227802451628455138e-01,7.956578612873077549e-01,8.069348912677807295e-01,8.984356808010385276e-01,4.479883016469717316e-01,5.270988048818878724e-01,7.491560553983628301e-01,8.806102545683217597e-01,7.151301615617319252e-01,7.940627685501729927e-01,2.708213417804393730e-01,7.383614175978809868e-01,9.326016030774167964e-01,5.291838037154139585e-01,8.530480340674271300e-01,6.676437903287670839e-01,3.729205957723279452e-01,1.725581670039793569e-01,2.485803907262126577e-01,2.176286247816960062e-01,9.806553024768518423e-01,7.969937894242824505e-01,5.630985704119105817e-01,7.431974811471071529e-01
4.765724444740975230e-01,7.252277371979523046e-01,6.723734094435180886e-01,9.603264690324018193e-01,3.825051992832769754e-01,7.773069455615018164e-01,2.183511275145126329e-01,6.161515659605972806e-01,9.710256987845533594e-01,0.000000000000000000e+00,4.548461162614153008e-01,7.515473043152267607e-01,6.174735067529137922e-01,7.001148463737819627e-01,9.773903204623503038e-01,5.521257932347866104e-01,7.737375584756878144e-01,7.343574176872483816e-01,8.526278011973812410e-01,9.077180769208530453e-01,4.453265076575006476e-01,8.735685466931778498e-01,5.799152942179712777e-01,9.013365002004013471e-01,6.699876446784851503e-01,7.895849765244962182e-01,8.994703720410024417e-01,8.396061985610905332e-01,4.628948391912414695e-01,6.416405957832749252e-01,4.130875880579246706e-01,5.672159544824933314e-02,4.795526042411668577e-01,6.776411726309874428e-01,7.733106734382522163e-01,4.745776195429028954e-01,2.289882196221893484e-01,6.690453966183839141e-01,7.974989452353704600e-01,6.938411479754527100e-01,4.490047377449926103e-01,7.518994824729340332e-01,9.555370622957304327e-01,8.970023006946097333e-01,9.839495412100185412e-01,3.216886217339562926e-01,7.804096032266041316e-01,6.299662328668688138e-01,5.362224674907657418e-01,9.680940714912246170e-01,6.547668710968435057e-02,7.356588425586580993e-01,-5.829206773013614895e-02,6.745428062459883911e-01,5.340720526382618516e-01,5.726494694984131106e-01,5.509246765036610594e-01,3.733859907817043133e-01,9.999500638175711220e-01,2.569881262238656872e-01,1.119291604270290508e-01,4.744968202208082464e-01,8.572880057677152443e-01,5.546960084056339335e-01,8.589015824973272872e-01,6.637155469210291869e-01,7.475807053996021967e-01,7.206494649745245340e-01,8.438358649348947083e-01,5.441956534768321863e-01,8.733519557031841352e-01,6.426528853526581875e-01,4.322898517060320134e-01,7.762758792303221522e-01,8.493822652017330999e-01,6.278315448925940734e-01,6.694727521829241246e-01,7.649118464511969195e-01,5.246469382883478527e-01,-8.525366697504230262e-02,7.635350952399601043e-01,6.284537857369733027e-01,3.371678824559740661e-01,5.465502753573567851e-01,6.315888704664203157e-01
8.620570765377483236e-01,4.654208460264976921e-01,3.017168069831477895e-01,8.084283768721154395e-01,4.405412701248809793e-01,6.209835954124256485e-01,-1.726041863179286207e-01,3.086127839747446755e-01,9.584948068334191440e-01,4.548461162614153008e-01,0.000000000000000000e+00,7.038869540945206227e-01,8.760474746268376300e-01,8.281309980993489805e-01,9.756913645925830991e-01,-1.947987820120460345e-01,7.814097856670949582e-01,4.704269167141997832e-01,9.068089590119797760e-01,6.521592510585344504e-01,9.099261217402806468e-01,6.165293754183434061e-01,9.674766430024159813e-01,9.068028527602249866e-01,6.257678193246608567e-01,5.082123507158911035e-01,9.742984603316588998e-01,4.298855191841813306e-01,9.197578186393243760e-01,6.054555960273433346e-01,4.697856236230637528e-01,3.280099944862316930e-01,6.390682802734624079e-01,2.083931788357911707e-01,6.594273071204626024e-01,5.861677678542853709e-01,5.839367170288702891e-01,-1.814992217254152718e-01,7.491714997953928812e-01,6.924306767979030441e-01,2.036914119701515036e-01,6.587726349182296826e-01,8.247844329735743996e-01,9.851340863204887111e-01,5.303374950170482993e-01,8.444978498744262208e-01,6.181198320499945442e-01,9.906824980662217728e-01,7.017252561568225744e-01,7.825787222291156198e-01,5.473381629847935415e-01,7.039172801816291347e-01,7.989733818304032287e-01,7.186325272019185029e-01,3.132920382851156482e-01,9.377894369979322686e-01,7.217070063238636424e-01,6.623857945748090614e-01,8.427008368524244730e-01,3.370798864472666079e-01,3.244804085647907677e-01,3.983227803663985656e-01,5.252357914996866883e-01,7.252062497129929675e-01,5.041673279468725788e-01,8.903122261311502417e-01,6.827607492572522752e-01,9.856714679562530446e-01,7.330402997792366815e-01,7.466776800532148872e-01,9.054182683906509821e-01,4.321647028540099855e-01,2.369524066469129442e-01,8.531797486033274591e-01,3.084878082878713124e-01,7.769727989434408455e-01,7.320363183879069480e-01,5.466489497612234683e-01,7.428117602450677870e-01,4.867776817073222184e-01,7.690035652054574289e-01,9.315224959367016666e-01,9.208490355038799757e-01,6.459866049365925456e-01,9.482181216836078619e-01
4.704467148089645501e-01,2.926824980057982084e-01,6.577966775960408796e-01,8.477768044447913098e-01,6.347249259407146127e-01,5.519995077114014936e-01,7.520982125644356531e-01,2.368714665426372712e-01,8.780581032452338119e-01,7.515473043152267607e-01,7.038869540945206227e-01,0.000000000000000000e+00,7.946672780229300237e-01,9.711148954431232383e-01,2.921003938281688805e-01,4.770357723186605670e-01,3.558601629862176985e-01,6.987853635333581837e-01,6.029436854936103263e-01,8.393695042243867199e-01,7.363494515283781627e-01,6.501008102186174309e-01,-6.416344908819893167e-02,6.070320167706453329e-01,8.299540335364092858e-01,4.288966594269253974e-01,8.443693203120207214e-01,6.086168656812824818e-01,4.263004802631504830e-01,2.333252188473600719e-01,-5.031812184368192331e-02,5.868566222597665361e-01,4.045157820068063792e-01,7.469860771642806707e-01,7.929314296543064078e-01,5.543795402179170217e-01,4.445842372404354981e-01,3.422888220109474022e-01,7.902174935316564897e-01,9.603863480821265286e-01,5.610852206354637328e-01,5.248051030729046218e-01,4.554169942896110213e-01,9.923428118509649565e-01,6.107126015683194131e-01,4.225367351278543904e-01,6.230180784156043039e-01,3.870584890446547854e-01,8.952267940983950067e-01,4.951744038598665520e-01,6.750967300544177263e-01,9.139766832817661779e-01,7.149322497025080159e-01,5.510363822019994640e-01,9.097528297093512295e-01,8.840405667238165899e-01,8.756767956812631093e-01,2.413305405409888194e-01,7.061475978085673955e-01,9.321123499020481651e-01,4.874853320605073148e-01,8.765860207881173150e-01,6.499548284309333290e-01,9.475382854419076573e-01,9.571166211558069792e-01,4.766763389975475773e-01,9.656259470635762954e-01,8.103549441017281474e-01,7.666750144600906758e-01,3.159662129372629580e-01,6.532004692317570083e-01,9.857093742960031379e-01,7.086490664008440188e-01,1.506927346421186309e-01,8.846683725453245994e-01,5.511618717482907881e-01,6.911086103299729499e-01,5.092529941082397649e-01,1.412702577441353469e-01,4.751595858119458948e-01,2.973218666481648453e-01,5.752968406357226172e-01,6.741329887700764356e-01,4.482007048634270019e-01,6.112312358894685937e-01
9.802391947841725406e-01,6.626368866762535337e-01,7.677496186503024456e-01,6.365693754932213455e-01,7.678011493731476955e-01,8.479583515448756437e-01,7.257056272916826423e-01,6.340267684425261452e-01,7.476362596825451012e-01,6.174735067529137922e-01,8.760474746268376300e-01,7.946672780229300237e-01,0.000000000000000000e+00,9.641775968028930555e-01,7.866987336766436689e-01,9.912912259218917832e-01,9.703481633282713403e-01,4.107385928404934106e-01,7.894249008143401358e-01,9.498745164118798101e-01,8.233645426741078577e-01,6.117944124808998296e-01,4.678476084635767585e-01,8.134069986893147641e-01,7.451383991183569977e-01,8.981282108782061568e-01,7.055054282680820466e-01,9.137588999333691175e-01,5.761712831106052812e-01,-1.894345906566190230e-01,5.028892594035436758e-01,7.597431494117941053e-01,7.611043148900457078e-01,6.122922114022424367e-01,6.817854925431642288e-01,5.826441397522266197e-01,5.457363223496793925e-01,6.711173593288544126e-01,9.511897583229177444e-01,8.028266235180944177e-01,1.229278253022353384e-01,8.601984240498727896e-01,5.755069028531357711e-01,8.139752343826039960e-01,8.718339114897289965e-01,4.594199310646855938e-01,9.647100892409775641e-01,9.731940545724206970e-01,2.490458632255709015e-01,7.202327732449577136e-01,9.939078167824966226e-01,8.475748616392633217e-01,9.311073110101146799e-01,7.096093764171282903e-01,8.564058352244177108e-01,7.476446439056516624e-01,6.341948017981418051e-01,8.928482343808159527e-01,6.359297293862140599e-01,4.155089177251965471e-01,2.524543293540520428e-01,6.102535440156626745e-01,9.701345786725408260e-01,8.667807570252463734e-01,7.641534973081868243e-01,9.209997110265404352e-01,7.580450424612766858e-01,7.998929516449777566e-01,-1.012169803004226987e-01,6.815027051503274036e-01,6.979960947116790049e-01,6.916038466905339854e-01,6.165066750977541421e-01,1.874779381742505968e-01,4.363730576017922913e-01,7.169166497858890930e-01,5.065790223670900705e-01,9.387168884019931880e-01,5.918751606103838103e-01,2.404565650064169335e-01,5.153539649287756097e-01,7.371673687656608021e-01,8.234053196062621760e-01,6.499730865069703878e-01,2.870735167149030542e-01
8.153553121022465433e-01,8.515317089522786986e-01,9.138838408301832583e-01,6.125340694231159455e-01,8.207093633263248256e-01,4.728087281365957462e-01,6.497188744678104033e-01,7.106172147131585293e-01,9.933193754869709124e-01,7.001148463737819627e-01,8.281309980993489805e-01,9.711148954431232383e-01,9.641775968028930555e-01,0.000000000000000000e+00,8.453995821582798165e-01,3.026095595536260618e-01,8.259766588368239182e-01,9.819319556579373387e-01,9.188844402860618654e-01,8.474152591216701502e-01,6.866551025222858984e-01,4.454496086028242874e-01,5.284602708262984283e-01,8.235932667239161953e-01,3.708936211312172659e-01,2.404313159155236912e-01,8.999257345943117992e-01,8.107740362445059468e-01,4.651801944197505034e-01,5.535436525433019561e-01,7.608915311792666114e-02,4.729669888267294953e-01,9.310283485379124979e-01,6.340129185366318865e-01,7.134632558187132823e-01,5.425863035095793707e-01,8.890775637134950005e-01,6.910776499886392976e-01,9.843206990273922763e-01,7.346380807298829030e-01,4.795965938834952924e-01,4.909140637753980352e-01,9.936417992371531227e-01,6.010939610102209452e-01,9.010196475561960128e-01,7.477768243040943119e-01,5.502573354935488270e-01,3.979565754470952288e-01,4.046782582499157122e-01,9.521642072687453995e-01,4.858150497513687993e-01,8.249781165909947367e-01,7.621387315945689078e-01,4.437234868932326548e-01,6.976930720495724270e-01,6.784319585669266184e-01,9.225516264966577840e-01,8.735423226015524012e-01,5.580151676200263422e-01,4.504212223475396182e-01,4.561818113811206277e-01,5.462295103691786058e-02,6.544542721526926954e-01,8.613553164227596426e-01,9.046013835868725872e-01,8.014195023564566478e-01,9.644270023772195666e-01,1.267456308892146166e-01,4.256084533076288645e-01,7.323324200183944921e-01,6.845630431259495108e-01,9.867052269498257644e-01,4.673104118104036142e-01,7.434669890794273206e-01,8.372362096403442866e-01,4.399701997374438900e-01,9.822045281810324324e-01,7.167495091692595022e-01,7.012587728901679140e-01,3.339755790272957992e-01,7.609196346625406449e-01,8.498345903492365849e-01,7.354453451135943842e-01,6.555917356106489846e-01,9.395062579968607164e-01
8.539409693927939582e-01,3.007365042288106527e-01,7.099124588533424207e-01,9.498810332298548431e-01,5.301936072589881199e-01,2.389388092650721329e-01,6.175117753778792684e-01,6.452261723169374630e-01,6.355843946057870841e-02,9.773903204623503038e-01,9.756913645925830991e-01,2.921003938281688805e-01,7.866987336766436689e-01,8.453995821582798165e-01,0.000000000000000000e+00,3.996827943019406471e-01,9.213479022616423153e-01,7.736864803306116034e-01,-5.275691314607824922e-02,7.354032547037787637e-01,8.259437582034844239e-01,7.069147538501324712e-01,-1.607361715607348862e-01,9.213243829607689062e-01,7.895751182643158117e-01,7.007954895845910359e-01,6.386187336878111909e-01,8.960587804566525483e-01,6.954574637907547929e-01,7.102923493741144512e-01,2.805278943394592384e-01,6.543600049910733851e-01,3.858098083613822338e-01,7.377491027174492011e-01,6.719590043555407899e-01,7.081363026572666808e-01,4.905856493145858144e-01,2.620363195181743543e-01,6.514848810283834224e-01,6.104524877334484012e-01,2.603811127257757985e-01,9.939622069828382145e-01,7.343309990830459988e-02,7.991790798185455236e-01,9.599147411369004512e-01,7.330330188810708636e-01,6.131799237956107040e-01,1.757440115577811879e-01,6.484164378611463331e-01,4.605366170318424546e-01,5.881994308122477921e-01,6.194924738873556214e-01,6.646906110857578875e-01,7.026790149780435257e-01,4.535865312544614669e-01,6.377989761504090360e-01,6.359982456025549125e-01,8.450720847746311382e-01,1.594499000835491731e-01,2.244823371573830828e-01,6.253925867998154642e-01,5.051741981025166250e-01,5.833750055818094360e-01,7.930160268455659356e-01,9.485256741096783628e-01,4.799476113914312725e-01,2.147383533123662647e-01,7.021542451248048433e-01,7.021222326824392290e-01,8.760954297747449715e-01,9.779802916194415552e-01,9.504628455751200633e-01,7.495986003262046227e-01,3.384608529906669716e-01,4.816813593190862886e-01,5.943908122180290299e-01,6.969520409593158439e-01,5.234503415872983068e-01,2.192821341301968707e-01,2.168609744347563817e-01,7.861736271756033512e-01,6.639359337229410185e-01,9.058287826579184410e-01,4.877632844099549780e-01,9.183742641523594541e-01
8.034542731362709356e-01,2.851187667264346581e-01,4.982637116214245765e-01,7.946514399590515199e-01,8.335971946861006066e-01,7.106820235258295426e-01,-3.139677498414469858e-02,5.817030095213605589e-01,7.012995355974847023e-01,5.521257932347866104e-01,-1.947987820120460345e-01,4.770357723186605670e-01,9.912912259218917832e-01,3.026095595536260618e-01,3.996827943019406471e-01,0.000000000000000000e+00,8.468445340473370608e-01,9.367235970704675951e-01,6.845828411948370329e-01,6.670271265638342273e-01,7.170897360389779651e-01,8.391507089556278220e-01,6.208791817360914678e-01,6.344320377361900576e-01,4.640807348703587243e-01,6.988470406210155472e-01,9.452454933433859230e-01,8.612667920077256012e-01,5.521871343554807243e-01,6.104901424661549614e-01,7.972143803804883078e-01,5.796018686507262707e-01,8.641515301921168790e-01,6.542124096210530926e-01,7.138868153357643687e-01,4.963718183284521746e-01,3.722170146133506607e-01,6.233263550875637327e-01,6.843026804678454811e-01,8.332255971011507389e-01,5.438877283508231075e-01,8.576239786450428060e-01,8.979784537498493036e-01,4.485445116047953040e-01,7.348175177405087410e-01,8.578893122024712214e-01,6.594991200824966704e-01,1.289668716554492932e-03,6.903173440597487609e-01,8.621150002222830455e-01,5.360954937059098091e-01,6.818979441698277411e-01,2.966042671400232478e-01,5.557994681910525259e-01,6.141189253221948086e-01,5.130798702218684060e-01,7.711907250044953699e-01,6.754305145285102174e-01,7.644848284702689956e-01,3.118736021130690261e-01,5.611840706774859910e-01,7.395473648717318937e-01,9.465079421281293870e-01,6.656089318726727821e-01,9.070484923114370268e-01,6.174950102706203703e-01,5.510627952438003074e-01,4.359975146966330595e-01,6.463910582572522934e-01,7.730442165801374443e-01,8.563554211264167160e-01,8.391868558773263320e-01,3.506958279138773227e-01,3.951002495757343635e-01,6.300315292989721039e-01,7.151124206749592815e-01,6.366285310774051354e-01,8.857536109265447266e-02,6.558572784875009720e-01,5.085846695369726778e-01,7.504643624348578124e-01,8.563983504911137912e-01,3.795552925354392926e-01,3.496260469602539001e-01,-1.495139426777025715e-02
8.574968353669322196e-01,6.591390692710250576e-01,4.499088294402061594e-01,4.197692287754277163e-01,9.417669210084543829e-01,2.537007551046111531e-01,4.254996901339390125e-01,9.912807640828531497e-01,7.932560633534186945e-01,7.737375584756878144e-01,7.814097856670949582e-01,3.558601629862176985e-01,9.703481633282713403e-01,8.259766588368239182e-01,9.213479022616423153e-01,8.468445340473370608e-01,0.000000000000000000e+00,9.463543593097863971e-01,7.516444655473139003e-01,8.854059146610572251e-01,9.894776948811385697e-01,6.200323006640962031e-01,7.812476444753404525e-01,4.899345206833944366e-01,4.175527596767681926e-01,7.993886901181813665e-01,8.223910941357497340e-01,8.473073191839786134e-01,7.619468296055286194e-01,5.603141267388622726e-01,5.395152606122084471e-01,6.768679519413356438e-01,5.791893619348496003e-01,2.417044506207018384e-01,5.357775773088568894e-01,3.549619763552123164e-01,5.427968937274709749e-01,8.951981456264490600e-01,9.611431064074791308e-01,9.726461806901012253e-01,4.876438203602766475e-01,6.749358522092003820e-01,9.206089405583373075e-01,8.309503841277957603e-01,5.955596102962492644e-01,9.954511581299687606e-01,9.259556552940344520e-01,9.544975899077815518e-01,8.625980355495938001e-01,9.032008716391694003e-01,6.180401634833474489e-01,9.797350699015247022e-01,5.542000782494396205e-01,7.595688073453201739e-01,9.969782533576838635e-01,6.913675993570618239e-01,9.908356106442834932e-01,9.963929024449955651e-01,6.817765160359592347e-01,6.969898149523673370e-01,6.456582922467711816e-01,8.931402029373650686e-01,6.884830367423386832e-01,5.585435261268948404e-01,9.069358263682010257e-01,9.129684334587194749e-01,6.123913291343435761e-01,6.637333637155192756e-01,6.664682357247667666e-01,4.584296221738348165e-01,9.499968301186413333e-01,9.059394559722669937e-01,3.380273458381224949e-01,4.716851766111281874e-01,4.354643163682457296e-01,7.395983069054610226e-01,8.550283893200776308e-01,6.547479085997894854e-01,5.739870594407567861e-01,3.680464075255934775e-01,8.384613728638040664e-01,8.659993047052071402e-01,7.696749500569726177e-01,-8.246415898178043047e-02,9.291521504217498117e-01
8.687856055692870783e-01,5.799518884776251326e-01,5.056591303516000391e-01,9.732491381606347414e-01,7.471905345103895257e-01,8.920035887300451494e-01,3.292650158942777017e-01,8.498075108655970267e-01,7.093929516934260882e-01,7.343574176872483816e-01,4.704269167141997832e-01,6.987853635333581837e-01,4.107385928404934106e-01,9.819319556579373387e-01,7.736864803306116034e-01,9.367235970704675951e-01,9.463543593097863971e-01,0.000000000000000000e+00,7.083408259425774123e-01,6.774554823956489003e-01,4.924290437820207367e-01,3.407698421471145878e-01,7.056341342147609552e-01,8.206506057493501149e-01,7.679277683954661704e-01,6.283338006236016682e-01,6.964280623025790318e-01,4.664582359967159308e-01,4.101711605188157472e-01,2.412191766061509979e-01,7.987315032855129004e-01,2.661008488301098707e-01,7.290154983629518748e-01,7.210601633170884428e-01,8.581924306636848909e-01,8.602949640919996810e-01,5.954087091006465826e-01,2.280244956827328917e-01,4.121762656913774969e-01,7.637349713820911212e-01,7.352570546790396788e-01,6.751144537461071238e-01,8.056656482503229411e-01,7.142766611144043543e-01,9.739750052385395263e-01,9.548303919155625152e-01,8.668198139554722514e-01,6.589502105026837642e-01,2.757389822346825170e-01,8.241570544011598276e-01,5.713285815363745579e-01,6.275914309602672603e-01,2.529540551061867371e-01,6.879256169868432913e-01,9.326589991679958835e-01,8.669634041497973342e-01,5.073162265510103852e-01,2.958281690041337231e-01,9.825544963463072046e-01,2.088863586287258711e-01,7.688193102049961647e-01,5.784477971053290091e-01,8.387291397124559955e-01,6.963422707805805301e-01,7.628261056118100791e-01,6.224699079425094483e-01,6.418483997599647717e-01,6.609536336148217339e-01,7.626630940127058222e-01,6.123245736065356937e-01,8.551963255512677886e-01,7.506122934956729331e-01,7.926290747795763370e-01,3.276638270306412304e-01,2.923701229943569402e-01,6.268066421810125632e-02,4.240511859075358769e-01,7.709157845873512160e-01,8.567722217431489318e-02,2.405168782444100650e-01,9.879304920999980588e-01,7.465910027022024664e-01,8.590423634378882012e-01,2.265736154773932004e-02,9.333075007919537924e-01
