0.000000000000000000e+00,9.353049775929868082e-01,6.606872117611934936e-01,9.072058835341865191e-01,4.650094815445940943e-01,7.560877960721583690e-01,5.515094540643865617e-01,8.958088892946131088e-01,9.154884952213835358e-01,9.164242002322445790e-01,8.380783127929460896e-01,7.987629215548960326e-01,6.987298019873046107e-01,8.405638280424834186e-01,9.580616030787902915e-01,4.153704011870917312e-01,9.933026036940604264e-01,8.669001607504445150e-01,9.397424229204227597e-01,2.655088260220676566e-01,8.155323166855460437e-01,8.562769519549904285e-01,9.247590648912589195e-01,5.514293173611697352e-01,8.947784122011419594e-01,8.520566090373723478e-01,-1.257339478216817352e-01,6.467995001792081755e-01,5.567290663173866117e-01,3.150799218123172540e-01,6.464968567940321265e-01,8.088081291534550132e-01,9.898749652429883472e-01,7.851613015370583204e-01,7.460075922982818408e-01,4.774321594832872107e-01,3.388916563730349774e-01,1.285292487399286310e-01,8.685417768366009428e-01,9.224255121419705494e-01,4.795837455960875739e-01,9.677977432356219545e-01,7.464675790064192462e-01,7.317585416705825185e-01,5.951868645390219204e-01,8.695354938701644887e-01,7.214732650849425832e-01,3.080965239385657362e-01,4.041283343140135154e-01,3.526653323043635879e-01,6.322512868625114191e-01,7.031008374276361828e-01,7.470974775387045907e-01,5.174012072842312238e-01,5.662801417413307892e-01,9.035982011645347090e-01,9.492165244370837085e-01,4.475722152244625551e-01,9.027262344024902241e-01,6.424849036320383622e-01,3.334383061903971601e-01,3.386667537697901631e-01,9.895301288871530820e-01,9.460109207863579561e-01,8.166756944666417883e-01,7.619812430194172759e-01,9.272623161502731026e-01,9.609555278014330071e-01,4.173987058622978807e-01,4.504193928075719833e-01,9.535480232930096944e-01,6.282411133940881687e-01,5.818912656104862080e-01,6.451273150617723440e-01,9.629209616898843915e-01,8.556259700022392778e-01,7.865859757648976380e-01,7.056631372435300253e-01,3.577428915766577289e-01,2.968948608449530902e-01,9.892296563325181369e-01,7.070606598140952714e-01,2.859654363597020077e-01,7.724315184495900155e-01,8.921827759246645506e-01
9.353049775929868082e-01,0.000000000000000000e+00,9.064692339958229095e-01,6.820650693391649977e-01,7.414803820084718833e-01,4.579464693690302179e-01,5.043901103998612578e-01,7.410168995715658014e-01,6.749751220456610135e-01,6.523379297229273677e-01,8.727336547818786983e-01,8.377758912635608901e-01,9.692578471557009578e-01,7.647502553852909557e-01,7.423448847025941877e-01,7.322410947456101660e-01,6.978298294630642662e-01,7.999976912315032163e-01,3.567314114349980914e-01,8.294568683717683522e-01,7.023117255374307089e-01,7.210471044220039261e-01,9.478620621175271044e-01,9.430119987672715975e-01,6.863678653914720984e-01,9.799799769468611199e-01,5.059440609765666341e-01,6.918440022644612997e-01,3.000815493132454881e-01,6.328638867974292204e-01,5.446194569675660846e-01,2.863244240442108235e-01,3.027047530198381797e-01,9.208367088158703195e-01,4.213796186625827223e-01,7.117065272074061255e-01,7.373589094354782159e-02,8.118807223182233912e-01,2.245926989790840433e-01,6.886524657793876569e-01,2.537096914256139479e-01,4.469414134676411021e-01,8.444063501056162657e-01,3.850110826989876500e-01,2.342471536405801025e-01,6.514942959439737891e-01,9.465104700262861881e-01,4.749712021152724950e-01,6.005935185220260264e-01,8.743547426639932674e-01,7.536862283909827598e-01,8.429845362222434524e-01,9.854752965325032088e-01,7.790756130280712677e-01,9.446527717001831359e-01,6.560620384373427871e-01,5.330445136337067513e-01,6.423689026772820831e-01,5.877033366835806572e-01,4.221772923124018639e-01,4.138729681982165620e-01,4.928500426983911664e-01,7.641801396181681083e-01,4.936942381027887294e-01,7.399622230064690775e-01,9.291250589154823603e-01,7.292978287001117277e-01,9.465158560049858893e-01,7.174308860054212644e-01,6.235822174922716066e-01,7.044377457094785910e-01,6.251146452159850320e-01,5.639904278793363979e-01,7.283222354425168410e-01,5.334740319360853356e-01,5.434277106235594346e-01,8.830954275336342363e-01,8.693198375065387395e-01,4.289319673111787745e-01,2.515997930076856459e-01,2.535631015360870766e-01,6.111817804298608214e-01,6.386566850241610638e-01,9.506124672443478918e-01,6.741595879658233148e-01
6.606872117611934936e-01,9.064692339958229095e-01,0.000000000000000000e+00,8.703528575337218243e-01,7.315501328336764253e-01,2.449352111403519938e-01,3.470027720446840491e-01,9.095586639748048929e-01,9.851428113673857956e-01,8.472634160488641264e-01,7.853803721895229462e-01,8.990442997164972416e-01,8.602125829964990533e-01,9.465135146199552540e-01,9.525905304195412260e-01,5.488813632023583633e-01,4.514327951783211890e-01,9.158643800901886678e-01,9.004791551091732016e-01,8.369941691317874799e-01,6.956808269048349036e-01,9.115762717714965824e-01,9.418323563852267766e-01,4.776344047961424422e-01,8.084897092877367797e-01,2.708124141104450988e-01,9.957366898988211368e-01,4.177050386287224359e-01,4.497150575028162067e-01,2.792912415109914948e-01,6.788428306030542814e-01,1.891471453192631325e-01,5.732464201220011102e-01,4.844847830621116791e-01,9.932460061909532678e-01,-2.399156792964268758e-02,4.251255947510539784e-02,5.357147970743766363e-01,8.992250913143112756e-01,6.566455178952858018e-01,4.428451407236411175e-01,8.293145800034341653e-01,9.293730331436300673e-02,6.293355710397656733e-01,3.667147867703102193e-01,8.082010366224298137e-01,8.158242105341824146e-01,9.168441142940529920e-01,2.000175137055998364e-01,9.245253870215666137e-01,9.372654084219556037e-01,9.457887976844731037e-01,9.515135901131704932e-01,8.131986393555350467e-01,8.608041434646718226e-01,9.799623030029176451e-01,7.841082691348674194e-01,6.709915841533126146e-01,9.502024998249928300e-01,7.485866424029673505e-01,5.307999509147465211e-01,7.196967023702267596e-01,7.182123967106904816e-01,8.603313558101098879e-01,8.018556768333324758e-01,6.768477469079968722e-01,6.419804463710907516e-01,8.327594642765369093e-01,9.938350031557112718e-01,5.287339480770624212e-01,9.964534299817375818e-01,7.591455785257865685e-01,7.203490279290940546e-01,5.309668621629254348e-01,2.718499631540182149e-01,4.721419175382193245e-01,8.311912982272505745e-01,5.619955407104395562e-01,1.970063621081881156e-01,2.693194996207672332e-01,9.588476841481808899e-01,7.049224342047191172e-01,9.021734862972760061e-01,8.405439542813913922e-01,9.226589914248412017e-01
9.072058835341865191e-01,6.820650693391649977e-01,8.703528575337218243e-01,0.000000000000000000e+00,3.816410300892806862e-01,5.118391193843104814e-01,6.484997793841521530e-01,2.602621953677092259e-01,4.527088993580420939e-01,7.653634118653283025e-01,3.142975317507951116e-01,3.618950202323610865e-01,8.996940063950775723e-02,8.414121371512786052e-01,9.476271053365076247e-01,6.716564871327620478e-01,9.815493505206194236e-01,9.272496109468693071e-01,9.320151184228115948e-01,9.757334368839833960e-01,8.444205998459461959e-01,7.385325453667984652e-01,8.523325394047307491e-01,7.318152627047743719e-01,2.622356273751154654e-01,7.409670839738493608e-01,9.575834515864032337e-01,8.118975569881996535e-01,4.647534615277668646e-01,2.373161437025098075e-01,4.563396646503837251e-01,7.221028218921241582e-01,7.992207229747262387e-01,9.965425432961680929e-01,8.487562683268957686e-01,7.816166545825111722e-01,1.850831314312834652e-01,5.144600887035647441e-01,8.084932484693697630e-01,8.828439060369180913e-01,3.975153506242600221e-01,8.830918361985765630e-01,2.476476384741377046e-01,9.912757359425758974e-01,7.377308344031394682e-01,7.430714056344972507e-01,6.559901511427537191e-01,7.371236899259479003e-01,6.698147835333394529e-01,6.974313766133964920e-01,9.803774379267033989e-01,7.861292268227173530e-01,7.992620823409792852e-01,6.359036065555230266e-01,9.820248453095969943e-01,9.582156523063499742e-01,8.029504212152951403e-01,8.437260123081825602e-01,8.626075861959815461e-01,7.199250232748850564e-01,4.646957935618478697e-01,1.189175723578994679e-03,5.981714582932956548e-01,8.249096833434892417e-01,6.801745747499446937e-01,5.124234813263156552e-01,7.445910339201381456e-01,6.509376517638783000e-01,5.413420274476904437e-01,6.790093399571941468e-01,9.948860576485933915e-01,8.888567992213795010e-01,7.460223184240237781e-01,7.803008766287022890e-01,3.393334761260980992e-01,6.707861845604827788e-01,6.712334492643726724e-01,8.151630702140675311e-01,4.609282948952186376e-01,4.887856191994023325e-01,7.960946875556285107e-01,7.414281074731701171e-01,7.428297974277791038e-01,4.443724645193406486e-01,9.634853259654421187e-01
4.650094815445940943e-01,7.414803820084718833e-01,7.315501328336764253e-01,3.816410300892806862e-01,0.000000000000000000e+00,9.562461842245926213e-01,7.830435563287581058e-01,8.683746240536885930e-01,5.351682809185186462e-01,5.043007569150351754e-01,7.910212539275642829e-01,8.751656761690042030e-01,8.077595433560764704e-01,6.046163611992267928e-01,5.629372359076988408e-01,9.679837818847890629e-01,8.051690829854309950e-01,7.248990625141253918e-01,6.986127372925449164e-01,2.718820254060101693e-02,6.901269985668848639e-01,7.863447355517891868e-01,5.085433210508011337e-01,7.614268145225737694e-01,4.968651128547975637e-01,5.798838452754531136e-01,6.312264401101375100e-01,6.865215608290924365e-01,7.419853548106448704e-01,6.095498422778616865e-01,7.739359379242889414e-01,5.827166567501949057e-01,5.628637178803019836e-01,8.660103635633221719e-01,9.890132819378986140e-01,5.020105961715439769e-01,4.907709147218937695e-01,7.412655777444422389e-01,4.861670909264410589e-01,7.916468242107398412e-01,5.954716011581090429e-01,5.318377784345740267e-01,7.198317976987179678e-01,7.623303001335807183e-01,9.223033450282882573e-01,9.149308339768668086e-01,7.923794057621255105e-01,3.440600044465804558e-02,3.655035853146516578e-01,1.775791716902680173e-01,6.399614434826499387e-01,7.625029028201407710e-01,9.486739499771358330e-01,9.962755463666594924e-01,7.707411881569785628e-01,7.384630363252915330e-01,4.975441589764193484e-01,7.821070809260183276e-01,8.497519764493959293e-01,5.064043113283269726e-01,3.486954453807206145e-01,7.148429247192035207e-01,7.257482073283043622e-01,7.706947064124660685e-01,5.861042151238124998e-01,7.938906399111644863e-01,9.698481799653733137e-01,2.085189655089657035e-01,9.235737319678459789e-01,8.877502049129135653e-01,9.676738107913909204e-01,7.310290600852709098e-01,6.446371074205911045e-01,3.040879883537485062e-01,6.462711282840543081e-01,6.409374289179594619e-01,5.585059943053690690e-01,4.788248280467140572e-01,5.483731143775023575e-01,2.225733214972956120e-01,2.578471095279384895e-01,6.319511545108489337e-01,4.733894623490860765e-01,6.164187034011592292e-01,6.765320653358177783e-01
7.560877960721583690e-01,4.579464693690302179e-01,2.449352111403519938e-01,5.118391193843104814e-01,9.562461842245926213e-01,0.000000000000000000e+00,6.922176805727151550e-01,9.477698062475818919e-01,8.547599509835680509e-01,8.768370096812716508e-01,4.464155694694855181e-01,9.601101208335912629e-01,8.100276699347034315e-01,8.254706298062911562e-01,9.190069359335626409e-01,7.232859886342374311e-01,7.258145814064509427e-01,9.499165380003133929e-01,7.810490637439095885e-01,8.582548631609414613e-01,7.872201227760731168e-01,5.291837716313947393e-01,6.384291740096639245e-01,5.982717846491065750e-01,6.727458339726546943e-02,4.862586526739266501e-01,8.049517931547512939e-01,5.907650401594765066e-01,6.122049101458546666e-02,4.747857633700119373e-01,2.594787695213968681e-01,7.190891730527779746e-01,6.218604047060483087e-01,3.758939018389121367e-01,7.184053751435837132e-01,2.352183978735153669e-01,4.745703482927384753e-01,3.127237369725905936e-01,6.548729757718924072e-01,7.792806368797606797e-01,2.336075076021114916e-01,8.910895415965373045e-01,4.582309009829247382e-01,6.319464467922064621e-01,8.690739653219332617e-01,9.069290881733260701e-01,7.322307894171494747e-01,1.137666440313696709e-01,-1.458831515937867307e-01,6.515574783952927662e-01,3.805906543643100548e-01,8.162141048572948421e-01,6.722030235123637176e-01,7.491590116172380798e-01,8.329813193732441556e-01,9.909767712393859895e-01,9.521266398006560383e-01,6.117331499406651885e-01,7.366850992309520452e-01,-1.099510112124100630e-01,7.247566098565352277e-01,2.652200273120655094e-01,9.667878334552559849e-01,8.057072237345442867e-01,9.979883309895721810e-01,8.175766658113977625e-01,5.616908983651326404e-01,6.057474515029482864e-01,8.775029223674687406e-01,7.630943068501746529e-01,6.289918368450763131e-01,6.410105954097795600e-01,4.567288190179734086e-01,8.023171939771911454e-01,9.305373247240957824e-01,7.040975371944990790e-01,9.658132428043846307e-01,4.502279173547819036e-01,8.309484591459038727e-01,9.822051349074348292e-02,6.280859258022732927e-01,9.448829796493064537e-01,6.367491743595663500e-01,7.833349594613879807e-01,6.248088491662218136e-01
5.515094540643865617e-01,5.043901103998612578e-01,3.470027720446840491e-01,6.484997793841521530e-01,7.830435563287581058e-01,6.922176805727151550e-01,0.000000000000000000e+00,7.895958898510664348e-01,1.002820013080014672e-01,4.130447833230221910e-01,5.917341658575986374e-01,3.675397816023321385e-01,4.907097231183159963e-02,5.634859129246032605e-01,2.576800602598060541e-01,7.638179108986719035e-01,8.747382568624191279e-01,2.184947280399038017e-01,6.727405846873251161e-01,8.795625417337118446e-01,5.746131944688559479e-01,4.561577333418426194e-01,8.159686221733515321e-01,5.899689387541398045e-01,9.834716006040458147e-01,2.365225413756796291e-01,4.934346630786359822e-01,6.266894035035708299e-01,5.359534034059194596e-01,4.065951020149157213e-01,3.847362392904447592e-01,8.257700141902611923e-01,4.839014686467414394e-01,2.830025843533661226e-02,6.936498847791160438e-01,7.984777642877451953e-01,4.407614709290850336e-02,7.774184526893730407e-01,9.992501118074087474e-01,4.597317076725382923e-01,5.915190301886998903e-01,7.558394649559131429e-01,9.389896524133675149e-01,7.237158079170640246e-01,8.564399598216452247e-01,7.336471761560746652e-01,6.479017596533902523e-01,7.797177579889036370e-01,5.673770611300538169e-01,6.653205370768114912e-01,6.065970143612846588e-01,7.772995122670750545e-01,3.088800299850705255e-01,6.593427574579087125e-01,6.233561714475149840e-01,4.804882344620868828e-01,6.101075276735672404e-01,6.079454505832920796e-01,9.841986409429893667e-01,6.250648590900842461e-01,7.295811306146643416e-01,7.657693011621244938e-01,6.767578873220899682e-01,8.849810387535017586e-01,9.217738867753868526e-01,4.710044425707143878e-01,4.036609784123763589e-01,9.082530973147687758e-01,6.359668899016064358e-01,2.455014723782556474e-01,6.396088991374251354e-01,4.608039839225131495e-01,2.978107495472260835e-01,6.179973534436353777e-01,6.811879146352985970e-01,2.019296168182908580e-01,6.982365160965422479e-01,5.562378671869836616e-02,4.530039530878129939e-01,2.574820058281078738e-01,2.506962806281464173e-01,8.967265244963207316e-01,6.404672285064078041e-01,6.475730600216415001e-01,4.232906203543832513e-01
8.958088892946131088e-01,7.410168995715658014e-01,9.095586639748048929e-01,2.602621953677092259e-01,8.683746240536885930e-01,9.477698062475818919e-01,7.895958898510664348e-01,0.000000000000000000e+00,7.864306246685763835e-01,6.802587007146427833e-01,7.442026930174108212e-01,4.916994182108477274e-01,9.075572140299027479e-01,3.336723199287929820e-01,7.740471983678655077e-01,5.617907101754950894e-01,4.845793656948031991e-01,5.408971519868184252e-01,5.999122570318857761e-01,7.568031297241932798e-01,7.627700455173943572e-01,8.554628287870452708e-02,2.478039367255123193e-01,9.610530357360622666e-01,4.666725961430196468e-01,6.654042290679514915e-01,9.272382234361743469e-01,2.959036488587035718e-01,1.981606553007726479e-01,7.574089469993268153e-01,2.753876591598794499e-01,8.908757654722558872e-01,8.036061815563602106e-01,7.614421517282091711e-01,7.694682370932469651e-01,4.300066221033634339e-01,5.674821028436876080e-01,4.904387777728273501e-01,4.819454492447019511e-01,5.513790735090545736e-01,7.819883676682521934e-01,5.409326963488380047e-01,4.367293568270768644e-01,6.581999444345875139e-01,8.496195957950340993e-01,2.284552771605660726e-01,6.844420185322497296e-01,8.145464921628670085e-01,7.995654221166796916e-01,1.085537882337388529e-02,9.675451040678537673e-01,9.133971827610309902e-01,6.790657223390093034e-01,7.773720775619400447e-01,9.998411446396829327e-02,5.339155486742566126e-01,7.436444007595583994e-01,4.202839703381456293e-01,9.979277325609781091e-01,4.879010008094331607e-01,-3.960719576518281215e-01,5.003562070560583219e-01,6.242280996855353870e-01,8.177087355928321921e-01,2.327454476040486941e-01,5.662017980328053479e-01,3.095294204592825560e-01,5.587245433582352927e-01,1.356810693659984413e-01,6.005732064782937085e-01,5.711032943697909037e-01,6.416498570332898055e-01,5.348837299596309602e-01,4.806208187922603181e-01,6.481202647178755383e-01,2.288893982741926902e-01,7.407790791299889710e-01,7.027967490020300412e-01,7.023597584846902331e-01,2.603472550510597117e-01,2.215456693209317540e-01,9.882034208238331674e-01,6.075539868537682686e-01,3.381534592074544321e-01,6.204833789114224674e-01
9.154884952213835358e-01,6.749751220456610135e-01,9.851428113673857956e-01,4.527088993580420939e-01,5.351682809185186462e-01,8.547599509835680509e-01,1.002820013080014672e-01,7.864306246685763835e-01,0.000000000000000000e+00,2.170091167878152871e-01,5.856866320832018191e-01,4.614061358453379613e-01,6.102550065626035636e-01,8.772589223020434979e-01,6.470654291275559356e-01,2.085976987894939128e-01,8.844158838634106345e-01,5.413750055486097335e-01,7.396363611692856610e-01,3.729922895335859856e-01,6.612434532770402607e-01,8.120149463437084103e-01,7.809951922269176006e-01,5.813510436140595372e-01,9.878930105462827571e-01,6.424146567343933523e-01,8.813317139728494842e-01,7.389332765967699945e-01,4.917427034765436966e-01,5.341424650924779804e-01,-1.509732813498558257e-01,9.252504302371000744e-01,6.556903564705603982e-01,4.508613400792573223e-01,6.131101127156084463e-01,5.301948395683374615e-01,3.469306671499106098e-01,5.289504102646837014e-01,7.701416230073785396e-01,9.270238666567011121e-01,5.865544252407711712e-01,7.417958419313979146e-01,9.418875766851476650e-01,6.762222864597774441e-01,6.974811792150271694e-01,6.533148527806120764e-01,8.082964917388136827e-01,9.379108290741606790e-01,4.863911406538485305e-01,7.554344844501948986e-01,5.428187750986142035e-01,8.359940502711553645e-01,3.950089078103684592e-01,7.434965418106398438e-01,8.376509943338721342e-01,7.129146542497449834e-01,6.575361332634223066e-01,9.666697627088203237e-01,8.146799578345903514e-01,6.958038907106933735e-01,5.029614814785078325e-01,6.182002600959072280e-01,4.808481727278515749e-01,7.912238227490328013e-01,8.581957240165448697e-01,6.613433750110735421e-01,6.395893138990765836e-01,9.616704252511183437e-01,9.450447642376181845e-01,7.264007942110536353e-01,7.796048988355275267e-01,4.621954051194481772e-01,4.884756912118025096e-01,4.868601962139204598e-01,4.729131501140215743e-01,2.112391325773791129e-01,9.516909574217654599e-01,2.842403539228587350e-01,7.459628466981160777e-01,5.055200255441764101e-01,5.417964046884173879e-01,2.254585432972845693e-01,8.306842756073954392e-01,7.143980206557898338e-01,3.451212704500595807e-01
9.164242002322445790e-01,6.523379297229273677e-01,8.472634160488641264e-01,7.653634118653283025e-01,5.043007569150351754e-01,8.768370096812716508e-01,4.130447833230221910e-01,6.802587007146427833e-01,2.170091167878152871e-01,0.000000000000000000e+00,9.434909020839506999e-01,4.151545546265563713e-01,9.659522698548888009e-01,5.068443090430511111e-01,5.989274585887193192e-01,9.243302162090488716e-01,9.143676289582793881e-01,3.482940592804544266e-01,7.458938004478919970e-01,7.632686986748594693e-01,9.977928478086568465e-01,6.907339812404776902e-01,5.694817438669481646e-01,4.358985761117101787e-01,8.012111842565646791e-01,6.761273450438666233e-01,5.063214608913023662e-01,6.970008680444990112e-01,3.317553066531990780e-01,7.763545237284422695e-01,4.417005800346934241e-01,7.890478109814212937e-01,7.285503639495343187e-01,8.411696761727464056e-01,4.318416876055224396e-01,5.188748541397253389e-01,4.771262827014936536e-01,5.735556798611668450e-01,9.416832178890912619e-01,6.871737041426535519e-01,5.318888405387329765e-01,7.201131736127599492e-01,9.924169875248408657e-01,7.356598986762904469e-01,9.445101669160818059e-01,9.310329430819956897e-01,7.728629093135178652e-01,7.905575452519665314e-01,4.255359890386473110e-01,2.512228445844242319e-01,7.035152427524514751e-01,9.261167055211949606e-01,6.555356693070409912e-01,2.977466237688797257e-03,9.600013391175874489e-01,9.094304577987114557e-01,9.500503960280602955e-01,9.814034791352036491e-01,4.283792093484578567e-01,3.082729946492053230e-01,7.117617597707759369e-01,7.175539494345921643e-01,7.921393807291139399e-01,8.365386521861581937e-01,7.234831512238625306e-01,7.380025315161403698e-01,7.934119678432443035e-01,9.592750562733511899e-01,7.168758590380064355e-01,2.403913161510400076e-01,9.260401350509266383e-01,1.435953749298845838e-01,2.395901436264634421e-01,4.910900052076194733e-01,6.667374710225375534e-01,8.624685520074495404e-01,7.261033221428290219e-01,2.670876448702808395e-03,6.193503635394322915e-01,3.373003434913151438e-02,6.203343485177569283e-01,8.750172226418693189e-01,6.971077474568084797e-01,3.821135988756185764e-02,5.387531560731952940e-01
8.380783127929460896e-01,8.727336547818786983e-01,7.853803721895229462e-01,3.142975317507951116e-01,7.910212539275642829e-01,4.464155694694855181e-01,5.917341658575986374e-01,7.442026930174108212e-01,5.856866320832018191e-01,9.434909020839506999e-01,0.000000000000000000e+00,3.460564992657177985e-01,4.435983098657131363e-01,7.048954504894544559e-01,4.622989422237862023e-01,7.388752854559075267e-01,6.647764632052685085e-01,6.822140809819888796e-01,7.556090674142463826e-01,5.737628294119863082e-01,3.319902891367348952e-01,2.641188458008864037e-01,6.298204708513502892e-01,8.336300865009351746e-01,5.629755621574412672e-01,2.290547223652134590e-01,6.262851405405397420e-01,1.393325170364176635e-01,2.011047498661324151e-01,-1.591369428250076212e-01,3.554124721529247077e-01,6.050773188361278088e-01,-3.621239924884716022e-01,5.510868010026682695e-01,9.439766859825019507e-01,3.530804123490373647e-01,4.781798296320725616e-01,7.518008192842858817e-01,6.337687751423384253e-01,9.966456316086127476e-01,8.424610361583206863e-01,9.959736842351347708e-01,2.997266498731397943e-01,8.833398805789459685e-01,7.466106514831378771e-01,8.765946714797336892e-01,2.263650335244708489e-01,6.675095508483245288e-01,5.405794257365446054e-01,6.262581315551656314e-01,5.250668775885534156e-01,8.011471103486270673e-01,7.685153044588750593e-01,8.579045237462031848e-01,6.634618324056215100e-01,8.823630515137498298e-01,6.201846842635200252e-01,8.058630040234681102e-01,8.962146939772026588e-01,6.665151583555979364e-01,2.615878297546099795e-01,8.755454860109511683e-01,5.738385933224521285e-01,5.207330757761295947e-01,8.198656217675890368e-01,3.342329601708413644e-01,4.752276238711536926e-01,9.013402664447704993e-01,3.323958003532130334e-01,9.682367216493950046e-01,6.926094252700384368e-01,5.638251964356358892e-01,7.472127686965928106e-01,6.003586715011710595e-01,3.814651764647087329e-01,7.715699870490245749e-01,6.035166760166409405e-01,6.486321647752001374e-01,2.666178120096642790e-01,2.207770877765660167e-01,7.972433116061815594e-01,4.516178192050390172e-01,9.091708173063492993e-01,7.178319972154462159e-01,7.878100029343947375e-01
7.987629215548960326e-01,8.377758912635608901e-01,8.990442997164972416e-01,3.618950202323610865e-01,8.751656761690042030e-01,9.601101208335912629e-01,3.675397816023321385e-01,4.916994182108477274e-01,4.614061358453379613e-01,4.151545546265563713e-01,3.460564992657177985e-01,0.000000000000000000e+00,8.471378765506671904e-01,4.717691149721885413e-01,7.526165706954422996e-01,8.722515046396470684e-01,4.528088402541056712e-01,7.581180579252835283e-01,6.608448355174268984e-01,5.322764580982282112e-01,8.657676697733028837e-01,7.708947608115273020e-01,4.666560508287364573e-01,7.722252382653362890e-01,7.214401056602927076e-01,6.601103381031843131e-01,9.910291407764473259e-01,6.029906478491691146e-01,3.518592672347328199e-01,5.534493860459800407e-01,1.158142007442014842e-01,6.082749040024960641e-01,2.283010360464894917e-01,6.219632422231180513e-01,5.529706619043246452e-01,4.542761570092464507e-01,-7.508257570986096030e-02,5.869805043174687320e-01,8.709832089157436563e-01,9.145489490567720869e-01,9.804105580744045811e-01,7.086217637719451901e-01,8.453118576648089855e-01,6.875622121862844383e-01,5.854261858372276084e-01,6.633710745229517425e-01,7.921960043170195309e-01,5.848221318548316727e-01,5.894903110329082763e-01,2.267241715930821966e-01,7.251069364660760463e-01,8.037093802606818382e-01,7.962780756002870719e-01,6.250662626536239719e-01,8.854807530621863210e-01,8.987231826665129653e-01,6.410537755114470437e-01,8.026987202142294997e-01,9.608940929040418188e-01,7.683362076469186785e-01,6.931408194908320608e-01,1.728787531147260859e-01,9.933301792535147445e-01,6.900769367962763523e-01,4.670757680376532717e-01,3.926159564684043590e-01,1.561451637558420036e-01,9.545533546019879800e-01,7.117951123434568261e-01,8.421336318909571350e-01,8.326723141351191071e-01,9.353038430535333125e-01,5.516748280925759529e-01,9.209771564227333673e-01,7.674046389215277708e-01,5.081197032835602645e-01,9.424955339122287334e-01,4.162176474384117197e-01,4.978907171700058809e-01,4.143184647679634125e-01,7.877180418799596406e-01,9.942866898461782954e-01,3.208724588793107624e-01,4.770738093210147301e-01,6.132600255838326353e-01
6.987298019873046107e-01,9.692578471557009578e-01,8.602125829964990533e-01,8.996940063950775723e-02,8.077595433560764704e-01,8.100276699347034315e-01,4.907097231183159963e-02,9.075572140299027479e-01,6.102550065626035636e-01,9.659522698548888009e-01,4.435983098657131363e-01,8.471378765506671904e-01,0.000000000000000000e+00,3.540128748303238426e-01,4.657392709502765626e-01,9.995295517205882163e-01,9.909809162757076129e-01,8.146837006887063248e-01,4.762489261376945393e-01,2.466250370956429294e-01,9.404711703196780848e-01,4.133503003783995378e-01,5.204542891266518145e-01,5.546069320433690830e-01,4.192669189391914353e-01,7.002425324906025317e-01,8.283928170878321895e-01,8.511133393629942701e-01,4.768955348955444123e-02,4.616354655512724947e-02,3.791018455193261305e-01,6.551028398522258378e-01,6.220060823478696932e-01,5.205931113652526587e-01,9.334974906462479849e-01,3.679099756575361924e-01,2.293630627256189602e-01,7.759243129752892987e-01,3.323069392050471693e-01,7.602097430615342155e-01,6.351474827273998480e-01,7.699771981975599422e-01,7.974745322958747273e-01,5.031486789842204432e-01,6.991610451862750875e-01,6.024960451547495266e-01,3.764771850295928757e-01,8.743919889891434982e-01,5.069251145666123781e-01,9.048694036836878452e-01,9.690149437244028885e-01,4.602180813174516771e-01,3.035668835652982622e-01,8.728849006224912443e-01,6.332862805191582511e-01,4.749192026227697094e-01,9.220895460594210613e-01,6.152604359744783258e-01,5.631027648109230288e-01,2.773786090346866962e-01,9.767461346030499314e-01,8.956025957452573572e-01,6.959899787421280903e-01,9.556366071192391454e-01,7.688505749673455458e-01,5.933478511174128389e-01,6.079689830605200518e-01,6.412370539708578399e-01,7.362516931735103576e-01,4.566267819439495668e-01,8.083499203960166080e-01,7.499881513118711318e-01,-3.957347469388033945e-01,5.088344872073685687e-01,6.418114702960624474e-01,8.981326881894369230e-01,5.758997158770753355e-01,1.193400520666407644e-01,1.238078385345170729e-01,6.180200333487599895e-01,2.746177875626321097e-02,3.962824294048385987e-01,5.673089999145537465e-01,6.002432402797546196e-01,9.118626648384753342e-01
8.405638280424834186e-01,7.647502553852909557e-01,9.465135146199552540e-01,8.414121371512786052e-01,6.046163611992267928e-01,8.254706298062911562e-01,5.634859129246032605e-01,3.336723199287929820e-01,8.772589223020434979e-01,5.068443090430511111e-01,7.048954504894544559e-01,4.717691149721885413e-01,3.540128748303238426e-01,0.000000000000000000e+00,7.358627699986248771e-01,5.207313223547425096e-01,9.995375854124790571e-01,5.096203826266670900e-01,9.717302301737872350e-01,4.769037047946326213e-01,4.946298159207934142e-01,4.947258383450513497e-01,9.596664504583934940e-01,9.435474236469376663e-01,7.493704574055025658e-01,4.404219232902746861e-01,8.614166885893570491e-01,6.826640108913263338e-01,3.345440312897421387e-01,7.611666164318029448e-01,7.690033148539286711e-02,3.560823270121929451e-01,7.168618602040860432e-01,6.514310383271068039e-01,9.902595474954388743e-01,3.710083316875253945e-01,3.263166458739086839e-01,6.184294389039528550e-01,6.973872607898029541e-01,4.515787545130066083e-01,5.774703372763706488e-01,5.561454770723426311e-01,6.371688379201900787e-01,8.926201074665791602e-01,8.229611312506585064e-01,9.953466193395437145e-01,6.484249201984731981e-01,5.435176720882828327e-01,4.456392700375270688e-01,7.113536643667983661e-01,7.502793695564133891e-01,5.230431908757481319e-01,5.320722780217402859e-01,7.566434060813265194e-01,9.239459296027120461e-01,6.666365395326993015e-01,7.865976025627136048e-01,7.400581586889486418e-01,8.482446147482147758e-01,3.716016577603818427e-01,3.705884232255385324e-01,9.019655028605749747e-01,7.979802851566073496e-01,9.364210763514568825e-01,8.655131600996349706e-01,9.733860510709236857e-01,8.425998985475209313e-01,7.602580737459344595e-01,6.775569295352409371e-01,9.247465650956800953e-01,5.932563026021961949e-01,9.253647207104540584e-01,5.437305042114827236e-01,5.326442415542420594e-01,4.611006227157818382e-01,3.131132327694760575e-01,5.388897320585972484e-01,8.978131316093578285e-01,3.499323106449026000e-01,7.182429941162670195e-01,7.776141104551481664e-01,7.980425580547529929e-01,9.371819938118394200e-01,4.200165914879372409e-03,8.391737086429879033e-01
9.580616030787902915e-01,7.423448847025941877e-01,9.525905304195412260e-01,9.476271053365076247e-01,5.629372359076988408e-01,9.190069359335626409e-01,2.576800602598060541e-01,7.740471983678655077e-01,6.470654291275559356e-01,5.989274585887193192e-01,4.622989422237862023e-01,7.526165706954422996e-01,4.657392709502765626e-01,7.358627699986248771e-01,0.000000000000000000e+00,2.151324137092822664e-01,3.090323704217690418e-04,5.510913869994157332e-01,7.593423902861483610e-01,7.565669333133552277e-01,8.288271842320511507e-01,6.415726777514106915e-01,2.288253859313560123e-01,9.708573698906858285e-01,7.728449526304833617e-01,7.613456345686989146e-02,7.009349924733812021e-01,6.478499155198449433e-01,7.549015653726491859e-01,5.275715716623613494e-01,-2.673791161646887904e-02,1.498079467191631431e-01,7.335398700594728538e-01,5.917838810865434507e-01,8.203577396740675542e-01,5.254874933656858982e-01,4.222387320015585366e-01,6.256047403311824073e-01,6.664579331722771949e-01,5.287511866533749494e-01,2.905450393510818352e-01,6.177115472991265843e-01,8.405697629233032098e-01,8.923798691350066647e-01,8.152345165383537706e-01,6.236434406645330331e-01,6.879326764049298326e-01,6.664906363332745443e-01,6.432410825323471304e-01,6.840448069504627693e-01,3.384497776656084644e-01,8.791331343400965448e-01,9.996557617514034710e-01,5.887841705452765417e-01,9.211830744166106255e-01,6.525494258469962672e-01,9.274190694451956984e-01,8.038860323732797131e-01,9.545670383810890280e-01,5.183658123026420039e-01,4.086021297743284153e-01,9.274613253516850175e-01,5.882168446774599380e-01,6.924733323232491466e-01,8.449103141266379735e-01,5.113073589850204437e-01,4.739149272453524464e-01,2.808785914895783331e-01,7.672463103187542321e-01,8.473307579750519736e-01,5.747181220714941974e-01,7.297081589707834492e-01,7.831543315569120534e-01,4.927436038160818432e-01,1.129455922365777409e-01,3.112989982196201488e-01,6.436542030840401996e-01,4.648234618638193427e-01,5.148791656110511816e-01,5.609764002205437361e-01,5.566413787341001340e-01,7.393008575094535129e-01,8.229812428123105539e-01,5.709254784801648386e-01,7.623173112653549577e-01
4.153704011870917312e-01,7.322410947456101660e-01,5.488813632023583633e-01,6.716564871327620478e-01,9.679837818847890629e-01,7.232859886342374311e-01,7.638179108986719035e-01,5.617907101754950894e-01,2.085976987894939128e-01,9.243302162090488716e-01,7.388752854559075267e-01,8.722515046396470684e-01,9.995295517205882163e-01,5.207313223547425096e-01,2.151324137092822664e-01,0.000000000000000000e+00,6.920007304233939394e-01,2.209816577387828940e-01,6.469691073049242958e-01,6.320701744738241867e-01,6.890324783709869116e-01,3.199850990635109693e-01,1.028637852748631593e-01,6.096904403185716692e-01,4.248841542855176789e-01,9.658544005911238184e-01,9.874376982479989850e-01,2.878852052073693213e-01,6.085817029445418358e-01,6.136307507450234899e-01,3.878905843617373450e-01,6.529629423284394329e-01,7.365615721278411243e-01,4.084730901856353236e-01,5.402425900531303560e-01,8.718043938540157578e-01,4.732055845182889797e-01,7.057483083108713195e-01,4.018935019457308133e-01,7.690801150535201414e-01,1.413394787225163984e-02,6.537841597576412589e-01,9.505312214291934403e-01,5.335772021112978880e-01,8.781849899956977179e-01,6.406267697982839238e-01,5.776905258411755284e-01,4.374636217882795775e-01,3.469905203495998181e-01,7.460971593684244674e-01,7.073420088745554501e-01,7.355940218305074829e-01,1.141121297092378833e-01,6.325390202694542996e-01,8.445507981551263477e-01,5.418827855287390305e-01,6.740081311322098090e-01,6.247497992538271205e-01,9.491073041612143601e-01,7.522092210902040499e-01,4.448966817033468413e-01,9.369469880155874009e-01,6.014787199490800873e-01,8.981970289332299462e-01,7.503970882039193713e-01,5.102696466436297262e-01,6.737211298573080320e-01,6.587124440805268710e-01,3.236499642919133946e-01,6.809952297958958845e-01,7.927985142988001055e-01,4.326959257348138022e-01,3.142357578284122877e-01,5.024725898081717768e-01,4.857824710128224033e-01,7.613841893518596970e-01,5.487352779430287875e-01,4.390089734130773746e-01,5.077638214029579489e-01,2.353561959902525369e-01,3.014543502585788626e-01,-5.723345264483034600e-02,8.657789030670223207e-01,4.699396712501862500e-02,8.337135531299011415e-01
9.933026036940604264e-01,6.978298294630642662e-01,4.514327951783211890e-01,9.815493505206194236e-01,8.051690829854309950e-01,7.258145814064509427e-01,8.747382568624191279e-01,4.845793656948031991e-01,8.844158838634106345e-01,9.143676289582793881e-01,6.647764632052685085e-01,4.528088402541056712e-01,9.909809162757076129e-01,9.995375854124790571e-01,3.090323704217690418e-04,6.920007304233939394e-01,0.000000000000000000e+00,8.559389655805486052e-01,8.912905840815972258e-01,9.290312389019713679e-01,7.737434276137382660e-01,9.963491819005707573e-01,8.067654325698663254e-01,4.886474867248069009e-01,5.277744739072104396e-01,8.529376588644874690e-01,8.982168414255820021e-01,7.208189547948308240e-01,5.572697309161643853e-01,4.068372275403314003e-02,2.143749572189204422e-01,7.650833570369266479e-01,5.575957199790382290e-01,8.841561632018579697e-01,8.771672428334513771e-01,7.249500595443090223e-01,3.569915485386334075e-01,7.841437292711493923e-01,9.910811769756480150e-01,2.751169239851646298e-01,2.517335612164711134e-01,3.865040665325894520e-02,8.420998397078628406e-01,7.188639872612611059e-01,8.222458989575583965e-01,6.157344427876443316e-01,7.994994661774872391e-01,9.384536175814350845e-01,6.903315891540557914e-01,7.205019422911990157e-01,4.514202754213779145e-01,4.596220474912147136e-01,8.617624277282827094e-01,6.089192508961328576e-01,9.255571533093713832e-01,5.041530283612853935e-01,6.395496508572315886e-01,6.197173344583779553e-01,4.172998844013613429e-01,5.476876198410316476e-01,5.635386878478310102e-01,7.702426080497182248e-01,9.982427266085596163e-01,7.872046093432509828e-01,6.303775223090367641e-01,7.044781689218957421e-01,2.240866661866414700e-01,7.166702036817376165e-01,2.032185333588712103e-02,7.743119789035707301e-01,3.194059952363634824e-01,7.498382387913774538e-01,6.675665939289445738e-01,5.675471268679164183e-01,6.494138873013028945e-01,8.233018316269214987e-01,8.866993976310809655e-01,8.350888225473650506e-01,5.372120027771180029e-01,3.525872375611336929e-01,8.547588014997045125e-01,4.361753326547554432e-01,5.364905184188795140e-01,3.905303997015999173e-02,5.178492627788314762e-01
8.669001607504445150e-01,7.999976912315032163e-01,9.158643800901886678e-01,9.272496109468693071e-01,7.248990625141253918e-01,9.499165380003133929e-01,2.184947280399038017e-01,5.408971519868184252e-01,5.413750055486097335e-01,3.482940592804544266e-01,6.822140809819888796e-01,7.581180579252835283e-01,8.146837006887063248e-01,5.096203826266670900e-01,5.510913869994157332e-01,2.209816577387828940e-01,8.559389655805486052e-01,0.000000000000000000e+00,8.063739457800659372e-01,7.558111202310918708e-01,9.869056055711401543e-01,3.901631698599278830e-01,9.885093943942609984e-01,9.615539639606576205e-01,8.684531993894973878e-01,7.572244264632158606e-01,9.769323705754067166e-01,7.350501972505578685e-01,2.267434691625397347e-01,2.871573770007519455e-01,6.109033725157702460e-02,4.805641737465770058e-01,9.042147038596247688e-01,8.221626261336008046e-01,6.342527700556622738e-01,5.328940421448490339e-01,-1.203888820567132478e-01,8.268224534849288876e-01,6.809164093761692627e-01,8.213625191491864541e-01,5.208654761751501105e-01,6.278270012950426526e-01,5.618764886444380796e-02,9.335047465764587660e-01,8.742876334856161114e-01,6.990800428564101221e-01,6.042556750125395171e-01,5.824077665979006113e-01,5.367152741304610508e-01,5.740119584799321384e-01,5.074126274051282692e-01,8.901362499127670747e-01,8.511791582477136187e-01,8.042087175009456912e-01,4.694103634495762067e-01,8.664863833386277081e-01,6.953280941961893502e-01,9.207467244061973144e-01,8.061318888738994159e-01,4.503418814422120442e-01,5.276713838590585404e-01,7.908126490559483912e-01,9.145938801381812144e-01,8.778166956525965681e-01,7.699804321405492313e-01,4.421317801544521475e-01,6.364209116464215610e-01,5.265345054495432775e-01,7.355497489341945583e-01,4.465359204057244291e-01,4.419153218920564563e-01,7.930989005684514481e-01,4.671135572391510449e-01,2.261345231015692014e-01,7.616030265446662728e-01,7.897101751716297802e-01,8.451323832928808732e-01,7.431436987456470078e-01,3.575605746629811899e-01,3.272686915981844469e-01,7.325331641208395750e-01,2.481985140452568905e-01,6.522230212132593685e-01,5.923560863853192249e-01,4.868449333677302704e-01
