0.000000000000000000e+00,9.947144726751493415e-01,7.042617046380345025e-01,8.990237038326013286e-01,7.293953904055763271e-01,8.170419332731604367e-01,6.043931403006013170e-01,9.441918785009377757e-01,9.433249535186958301e-01,5.992262824168027580e-01,6.922465140941274075e-01,7.321685214790357721e-01,9.117276209328273318e-01,8.681904636515812568e-01,9.877522344507498886e-01,6.779523827051691098e-01,8.281230845026128495e-01,7.691160685045104195e-01,5.850836424830117011e-01,4.185816433372721579e-01,7.218631315801732340e-01,9.344603037220958752e-01,1.355863177747252679e-01,6.266477425889939168e-01,8.502032573493616407e-01,4.365897675730940342e-01,9.030591399798880703e-01,8.244577269384669727e-01,4.118753600061693665e-01,6.507091586635499469e-01,6.894698457681620596e-01,8.584200896413625159e-01,9.294352991125948149e-01,3.994089109354745926e-01,8.261559380966382315e-01,7.742179143478452596e-01,7.627124175448630750e-01,3.316124405865273905e-01,9.263108483894267886e-01,4.242952380982940030e-01,2.969305046335209419e-01,4.155818227601584258e-01,8.776390818233735791e-01,7.805255783566240613e-01,9.871418572553909421e-01,9.067145475041139546e-01,3.068140193626048284e-01,8.402376831997681039e-01,6.703370536202764018e-01,7.503962393528301744e-01,8.575207189106330841e-01,9.474497683598332998e-01,8.190132180343033808e-01,9.852609605295069573e-01,7.808135293377824748e-01,5.790759096966852093e-01,3.163454221353988460e-01,2.858979064885702748e-01,6.173183906095821571e-01,4.124752023828639480e-01,5.020153353630752990e-01,8.051170280779901267e-01,8.488230566493888407e-01,4.112968914348689164e-01,9.652456276823631054e-01,9.336498988262000864e-01,9.721251415049897426e-01,9.668111945637276605e-01,6.242218158341404921e-01,8.615010341783968517e-01,6.344418113506070656e-01,7.472867860488456859e-01,4.749006152126427627e-01,1.800085401515904293e-01,2.480977174857243450e-01,9.757473959370305261e-01,7.055865785112319655e-01,8.433531047136051395e-01,2.225893059022294174e-01,7.463922221225106624e-01,6.591225714640819300e-01,8.991827646916250583e-01,9.159696988273658969e-01,4.675868823159831655e-01,4.970169525963556989e-01
9.947144726751493415e-01,0.000000000000000000e+00,4.184873537326643245e-01,9.541704544007020283e-01,6.536145448498781318e-01,4.902871233523837802e-01,9.825988620092664938e-01,5.326001458821276735e-01,8.199377988367818615e-01,8.950971069830219173e-01,6.212195222534661054e-01,-1.024720785171034931e-01,9.475661728389217497e-01,4.423035534063912144e-01,4.640596523571456911e-01,7.729459178544395570e-01,2.899852947015900129e-01,3.727449302137940679e-01,5.814532274536421408e-01,6.291617170771515166e-01,6.108578557412160936e-01,7.706624161778979909e-01,2.350996315385935898e-01,3.483746960813906002e-01,4.580773994583557940e-01,6.238508169480141419e-01,4.152822967169695900e-01,3.633695495665840713e-01,5.153545707775373241e-01,4.425867337443831762e-01,5.243749695957173884e-01,8.689486156699498531e-01,7.425646429762670087e-01,5.332270800947215283e-01,7.947327040423775024e-01,5.698242018034064271e-01,4.106658987158345875e-01,3.753630751025707202e-01,7.403355065820605985e-01,8.866320763666959426e-01,7.580257234807841193e-01,6.664394301299053636e-01,5.445311840431195094e-01,8.425014164149802198e-01,4.447501046743516095e-01,2.499364262833203010e-01,4.186777930362862721e-01,7.097778479444369903e-01,7.806677125685115293e-01,7.027889922345949003e-01,2.516699520244051747e-01,7.897814783554099050e-01,9.455785268049480274e-01,6.364934801937178754e-01,8.239613482589017712e-01,9.683255557788703616e-01,4.724280678805741207e-01,6.454919663565523713e-01,5.599662183044131769e-01,6.105911807647556033e-01,5.092600878827265865e-01,5.157183117820169915e-01,7.339560546156215226e-01,8.211978447905402545e-01,9.287439668398227433e-01,7.841457372237777834e-01,9.947808234137773820e-01,7.438850366572455908e-01,7.593863183750595436e-01,8.941611341289082970e-01,5.103936166068627767e-01,8.336980126570714411e-01,7.202124804563999616e-01,5.656586156203987636e-01,5.579885851248997941e-01,9.765374457118111140e-01,5.110155859959739644e-01,4.414538052334142093e-01,5.377968455354968924e-01,7.891985337442747328e-02,8.968620385983461230e-02,6.913523910960674979e-01,2.266729267261836378e-01,3.745131878164106309e-01,8.847041481026037824e-01
7.042617046380345025e-01,4.184873537326643245e-01,0.000000000000000000e+00,4.933236840736242579e-01,1.509860725885745492e-01,9.268616730870926634e-01,7.779224306660490473e-01,8.368781542519513339e-01,7.692858247002416494e-01,8.739841214840327055e-01,6.791932333662528132e-01,8.963826788949128543e-01,6.403503537981212190e-01,8.507233154658637719e-01,8.792032075165294724e-01,9.284656534289420504e-01,7.499300910572861412e-01,7.844007853687369192e-01,4.645128144852109786e-01,6.859714196265814801e-01,8.668976847114167050e-01,2.866769941038317393e-01,9.332229619671145171e-01,5.843719827218107898e-01,7.380881654191555619e-01,5.341069835333054350e-01,8.330677108556227006e-01,8.983482010180818822e-01,2.496855650874726940e-01,4.862472583024336492e-01,2.834614160718408882e-01,9.066095573863551804e-01,6.854319722678857696e-01,5.395006794100356551e-01,9.342754234319907702e-01,4.016767362982681666e-01,3.863651018673746468e-02,8.285626596774560149e-01,9.237772281680212139e-01,9.011987132801211331e-01,3.209146493175774051e-01,8.369707238558157236e-01,5.290233259322130177e-01,9.921234517215689053e-01,8.437893118281258875e-01,9.857886456454267865e-01,1.424519411197372187e-01,9.820513323449272525e-01,8.499958389380793955e-01,8.369774514216729022e-01,9.658733875367813138e-01,9.120112380059733903e-01,8.049685907376458172e-01,8.548789417947523228e-01,6.517474133906887568e-01,7.251011876198451001e-01,9.290867496629343636e-01,5.873697046386949783e-01,9.811774192107373116e-01,4.822970132793601983e-01,6.326503660885522962e-01,4.117457624754168877e-01,8.982472740459218619e-01,7.921476884624560899e-01,7.509283433433747712e-01,5.906764240433661772e-01,6.056856582866364525e-01,2.749311666781550367e-01,8.251805834647915061e-01,9.347619625606276017e-01,8.390095953616354407e-01,8.189861253759338489e-01,5.651640836573073035e-01,3.918770647618669001e-01,8.869747588329011112e-01,9.141675867654358578e-01,3.341088001820000652e-01,7.994271348796436749e-01,2.470356276604629975e-01,7.014650862947057197e-01,9.549728636333989495e-01,4.809242220336591989e-01,6.852666711029888891e-01,8.431851325530487218e-01,3.863806315275756798e-01
8.990237038326013286e-01,9.541704544007020283e-01,4.933236840736242579e-01,0.000000000000000000e+00,9.960808153731621761e-01,6.712534641631672239e-01,7.692475599954453624e-01,7.757556218501826528e-01,9.023222233955040528e-01,8.408573327466346559e-01,5.388265944606588365e-01,6.745359908586096020e-01,5.823600810270422867e-01,5.471429663645335228e-01,9.907711540218631097e-01,6.988050956630574850e-01,9.217737698724636219e-01,7.812299233434598644e-01,8.317282881707097619e-01,6.789760476666404365e-01,6.425835900621243990e-01,6.438000443594343869e-01,9.015286507603835764e-01,8.970319779602883292e-01,5.123320024784179250e-01,9.700721946399368800e-01,9.348182971484286785e-01,9.296778537892322891e-01,4.752723379671096038e-01,7.656177082662772859e-01,3.583431409496329323e-01,4.953216306994691065e-01,9.454918832743458568e-01,3.450187102891225099e-01,7.015976770232000836e-01,4.973061200964489781e-01,2.286342473963993704e-01,6.023864650810142329e-01,9.647316812822603893e-01,8.218335365409685789e-01,4.512455071019842445e-01,8.276364655519909963e-01,7.705044977679839091e-01,8.943922772870286364e-01,6.637087463337357773e-01,8.242940206479558718e-01,6.783417921513172910e-01,8.930272812926673964e-01,6.715258518773761232e-01,9.335554934312242370e-01,9.829953949271418301e-01,9.776274431964118161e-01,6.540354101469904036e-01,7.724972787355077752e-01,3.114685415280540881e-01,6.410310438862647509e-01,9.702534024520526046e-01,7.884780400860723626e-01,6.017754897580995799e-01,6.938762045897253206e-01,5.506291842027025152e-02,8.608586510524939284e-01,8.361400857463081593e-01,4.767698896188263952e-02,8.615908468930089104e-01,9.998897804162485414e-01,8.525342669290190134e-01,6.217601896233219128e-01,5.192782185017617014e-01,9.713831853794110405e-01,9.290909838724721315e-01,8.733669720742068820e-01,6.822227171425910841e-01,9.876089698179868481e-01,6.845790288837745319e-01,7.654537225699609149e-01,9.882989129203856304e-01,6.136401538043989579e-01,5.702645268019774782e-01,2.047540345753471325e-01,5.728538358729877711e-01,5.728421075052538836e-01,6.691797064783692184e-01,8.615783179437150885e-01,7.964788254031026637e-01
7.293953904055763271e-01,6.536145448498781318e-01,1.509860725885745492e-01,9.960808153731621761e-01,0.000000000000000000e+00,6.051571586760856603e-01,4.324087583664826262e-01,5.671988500086949658e-01,6.327288902180199237e-01,4.138189911695665524e-01,8.045597860192164053e-01,5.095620329822860839e-01,6.404606282108653570e-01,8.089250284121257684e-01,9.108303098713591561e-01,8.717824301876109239e-01,9.804344166178922126e-01,6.313593188558248581e-01,7.464375672219452085e-01,8.721061933968796698e-01,9.342566297580664481e-01,4.861889928033270580e-01,6.296258451672553935e-01,2.924425474400454417e-01,5.914638060314331147e-01,7.043812723556071020e-01,6.131081555538862027e-01,9.520880074417854555e-01,3.595884245397606982e-01,1.562438804947302862e-01,5.609279770724509007e-01,2.167207529752671058e-01,5.727698686690214647e-01,3.814595234088102860e-01,6.203971249408498645e-01,3.514982653596007700e-01,4.793933570423185575e-01,7.011025941247266413e-01,6.104562623270148869e-01,5.542703116209768410e-01,4.114197303545252815e-01,8.340748151078838379e-01,9.857608568743707611e-01,6.523446903967968780e-01,4.327730031064911387e-01,4.578853445430675628e-01,8.652434091802538862e-01,5.425936844072983822e-01,4.924389239378627048e-01,2.646931530877768557e-01,2.590689479571457454e-01,6.777588051232010802e-01,7.609943433584233086e-01,6.586039239457378569e-01,9.533880823466094334e-01,9.166778655398165609e-01,2.382653051682393219e-01,9.412128647810406035e-01,9.190186105999709198e-01,2.810142437781241176e-01,3.755296122926935487e-01,7.699928114232875709e-01,7.035677986473202195e-01,6.277049053727996875e-02,8.413477766234154220e-01,6.901011130343067679e-01,9.136258893856062935e-01,7.570746688574155892e-01,4.029969925570953682e-01,6.317930320720822612e-01,7.311475268817044793e-01,5.270281724161778314e-01,9.184695223412350229e-01,7.990129722795256129e-01,6.984330391456663456e-01,5.002422568389279789e-01,9.103534861712569981e-01,7.068585702115091074e-01,1.244078174072237863e-01,3.698359264892514542e-01,5.881836412242449352e-01,9.259927577042593727e-01,8.001399757111314903e-01,6.823762321949548015e-01,3.477904497901631586e-01
8.170419332731604367e-01,4.902871233523837802e-01,9.268616730870926634e-01,6.712534641631672239e-01,6.051571586760856603e-01,0.000000000000000000e+00,5.305274449735444264e-01,5.459315614359829816e-01,6.304530660776760387e-01,9.650868056501830106e-01,9.364019968920374026e-01,9.234146565681626839e-01,5.613004278856154050e-01,3.255083491285132857e-01,7.712984679139618382e-01,7.429311081578006126e-01,9.145954338496188329e-01,8.543367970223318952e-01,7.527123670308392134e-01,8.758461837770001868e-01,8.205455869264116631e-01,1.870255952602263572e-01,5.423501516023323532e-01,9.862588892812870212e-01,2.603816127444195105e-01,6.187313841503699896e-01,6.610600490212568126e-01,8.683933966258515769e-01,4.917011833043409830e-01,4.769009149347852028e-01,2.197691902791601704e-01,5.989628536813916826e-01,6.308331149339164723e-01,9.777268799954211831e-01,6.679191814095087887e-01,8.041225967486751447e-01,9.058743113158472526e-02,4.964973746130353915e-01,8.472995187008338647e-01,5.612456021293965591e-01,6.460485643574305215e-01,7.633792501663380081e-01,9.412491035745109702e-01,9.211806766095091970e-01,2.870695824601690593e-01,8.155729697025072555e-01,8.455369328494567460e-01,9.449528303212106906e-01,3.444952787769859359e-01,4.404005777055333137e-01,8.000601191770982945e-01,9.942387807710868497e-01,8.087742639305546266e-01,8.475084638731036346e-01,4.374306441067274953e-01,6.397055066869858919e-01,7.191281093306985950e-01,7.565730179776606334e-01,9.017047601330803186e-01,8.626912227191252391e-01,4.744934007551715460e-01,3.625546871642447710e-01,9.991519758285387631e-01,7.906576760993477837e-01,9.898687805333669099e-01,5.298775925875807147e-01,6.915590561859134011e-01,9.623943868649462718e-01,5.983526820879967456e-01,8.946972010515822360e-01,8.689788840103354062e-01,9.592915984859837764e-01,7.306409152528112738e-01,2.664635862788048426e-01,4.117609518378085309e-01,8.416153703767162986e-01,4.891639703256945859e-01,3.852981214150418277e-01,6.114463617639002146e-01,2.507750057261880494e-01,6.793713449175343699e-01,6.086518466003593142e-01,7.716573550628912370e-01,7.764995573801575235e-02,1.035838382319160395e-01
6.043931403006013170e-01,9.825988620092664938e-01,7.779224306660490473e-01,7.692475599954453624e-01,4.324087583664826262e-01,5.305274449735444264e-01,0.000000000000000000e+00,6.150362304146463899e-01,7.854048456646788301e-01,4.482219615030492155e-01,6.874944870820187681e-01,5.315129743094565429e-01,7.898549437198257861e-01,5.362931521060214646e-01,6.482554257741526271e-01,7.276138409056511769e-01,4.865053140606043214e-01,5.617006434819027394e-01,4.828004969713644567e-01,8.572116830853334646e-01,9.100209463730739579e-01,5.968285817005654081e-01,5.755093610564282480e-01,9.667454407056487176e-01,8.921774509953044330e-01,1.610567853256803794e-01,7.495705652645668904e-01,7.061844399743569811e-01,3.819383430529246226e-01,5.580033794675512970e-01,6.875442207524029570e-01,7.265330105476337508e-01,4.007701879932925593e-01,3.354411295715403751e-01,7.702832456724739707e-01,7.432423414518888327e-01,5.210357086221520939e-01,7.970043799401389517e-01,-3.573597982313103660e-03,6.996575072951923824e-01,5.439150502246996588e-01,3.348488583281765685e-01,9.406357388690673726e-01,6.771049968150116838e-01,5.009126090988531566e-01,5.190855456651271016e-01,4.983665124564368720e-01,7.741596747069054985e-01,4.695530397198083294e-01,4.348863046515561055e-03,4.028437824084983854e-01,6.245307433481482873e-01,5.347568941699475387e-01,6.445770441118982008e-01,8.422654399351257037e-01,5.802080288809201569e-01,7.723779780909618697e-01,7.268672850918583839e-01,7.614631879250352009e-01,5.341161888602622421e-01,5.404185631247668820e-01,4.349089272482010715e-01,7.102248073499075609e-01,9.258061107315133098e-01,5.116239135397175897e-01,8.305531253606175390e-01,4.897749878541682311e-01,7.154318798355365772e-01,6.201881602076313449e-01,5.482766315234559595e-01,6.313311456218483331e-01,3.923746737389340322e-01,3.502880019494101216e-01,2.282370145545304652e-01,7.899586612797148133e-01,2.123498509522126210e-01,4.808255672412767856e-01,6.375098935478813456e-01,2.852547017466894319e-01,4.996955209886820848e-01,5.847418103066310824e-01,9.134290475538753284e-01,-3.401583248826556272e-03,3.727058118610458992e-01,7.002456860850835296e-01
9.441918785009377757e-01,5.326001458821276735e-01,8.368781542519513339e-01,7.757556218501826528e-01,5.671988500086949658e-01,5.459315614359829816e-01,6.150362304146463899e-01,0.000000000000000000e+00,7.867841842959353293e-01,3.575905547906822468e-01,6.418464267445487259e-01,5.763495748085027959e-01,5.264347916417224660e-01,9.931448805199025731e-01,5.147697468826795651e-03,5.716896323647109313e-01,9.110481220399927471e-01,6.559741596643601236e-01,9.135201663684160422e-01,6.599667344884790898e-01,5.843247070361088369e-01,4.695972549012078501e-01,7.996931758781573585e-01,9.396961062829191080e-01,9.365280834030573764e-01,7.059736235497348078e-01,5.317142230248506074e-01,6.024136755285736111e-01,2.333521482866732222e-01,9.161815077018066189e-01,3.971971502238693663e-01,4.646318746164879721e-01,8.414469324589721744e-01,6.547005624675393820e-01,5.228738927638713063e-01,5.818317018653302863e-01,5.212691850369497448e-01,5.225808661473934080e-01,5.958308593216551374e-01,6.959635302090676490e-01,2.109235117044415131e-01,7.540371290873673082e-01,9.944331327911964946e-01,7.515750659032608416e-01,7.865246385872032286e-01,5.663158979224326428e-01,6.008545594355495512e-01,5.542519433101528170e-01,2.142022081251405419e-01,8.349893212738960235e-01,7.319145453988179506e-01,4.106203470253568799e-01,4.442226057310869614e-01,4.605229632487605196e-01,9.062956552464046522e-01,8.624293921603520818e-01,7.884563235899191280e-01,9.772214346735458301e-01,7.895040918825360077e-01,4.797980830218802062e-01,7.153608191529891025e-01,7.328588646436742238e-01,6.516068003890053140e-01,6.587919804553503678e-01,1.490993166603863385e-01,7.300964805032632565e-01,9.399292745746156141e-01,9.903701942474181230e-01,4.820915354784306994e-01,8.777210531132352278e-01,6.943681000476886744e-01,7.000974836480320374e-01,2.068268638394097914e-01,3.050174579632670135e-01,7.956263200066164831e-01,4.176201913715967828e-01,6.700263837856315075e-01,9.753108473667010392e-01,7.564342496345195510e-01,4.419576728586934733e-01,2.479923926324326122e-01,7.724793954208046820e-01,4.882318815880880014e-01,6.844875335488278534e-01,3.993176941785431810e-01
9.433249535186958301e-01,8.199377988367818615e-01,7.692858247002416494e-01,9.023222233955040528e-01,6.327288902180199237e-01,6.304530660776760387e-01,7.854048456646788301e-01,7.867841842959353293e-01,0.000000000000000000e+00,6.210741617801335268e-01,6.510327115361767003e-01,4.217726925902997581e-01,8.428952787983936545e-01,6.552447201456255144e-01,3.361421367767780666e-01,8.822267241457244502e-01,9.076096042364724115e-01,4.888042659457388361e-01,8.991698426360985597e-01,6.510593380711433564e-01,7.723741881328256564e-01,2.531425864734280773e-01,6.038975692027839237e-01,8.336887027120980509e-01,8.994374773125138889e-01,5.424742452791696534e-01,6.865393463195743617e-01,4.481304281322999183e-01,7.503340747947262468e-01,5.615606474669846415e-01,-2.889528346258307678e-02,6.527090963283113112e-01,7.684442489362738327e-01,7.502790580663736275e-01,2.945042279370785887e-01,3.634232245593733701e-01,2.150011514124836043e-01,4.316017418393399696e-01,9.258888988166225076e-01,5.573261217032127179e-01,1.978699146465268954e-01,9.854466699760552340e-01,8.635830360802546624e-01,8.286405242286950523e-01,4.326053277636097705e-01,4.402034995305401099e-01,4.727504371256456284e-01,6.902848594861781262e-01,7.299958278551230695e-01,4.771880406717105005e-01,7.564825676569785218e-01,5.377981137158832636e-01,7.353599277231679388e-01,8.496844429297680801e-01,9.942612869673066456e-01,8.174165277844749333e-01,6.812557633060914997e-01,8.380041781738716278e-01,8.740947249961735777e-01,6.148557431725655276e-01,3.526007114090640160e-01,4.531069227349239226e-01,6.866897337793113065e-01,9.647691175785650941e-01,2.835863266421500550e-01,5.049588619552762836e-01,1.061905784014880311e-01,7.983993724340869846e-01,8.794897953765160592e-01,6.869795746366096356e-01,8.960480540875396249e-01,9.194309024689398813e-01,7.536342533355878670e-01,2.343821259710441585e-01,6.992651493374635319e-01,7.509021075348507601e-01,7.862294187641162280e-01,7.951394605888033595e-01,6.327350791560800713e-01,6.251876039396622176e-01,6.066624064291021856e-01,8.819504023627807721e-01,9.434646825075481136e-01,4.794188730515458463e-01,6.354716698975676481e-01
5.992262824168027580e-01,8.950971069830219173e-01,8.739841214840327055e-01,8.408573327466346559e-01,4.138189911695665524e-01,9.650868056501830106e-01,4.482219615030492155e-01,3.575905547906822468e-01,6.210741617801335268e-01,0.000000000000000000e+00,7.095783144293185130e-01,2.197577131856538468e-01,6.101411153549286537e-01,8.237094809294300823e-01,6.334551890475882407e-01,6.539456944740842381e-01,9.734400134197703780e-01,7.429457773959505795e-01,7.919068069962811318e-01,7.228451800037951624e-01,8.125733984398764154e-01,4.031101853609214691e-01,9.785910917122537800e-01,8.592546557302629395e-01,7.016681188558142601e-01,7.744577553788924984e-01,7.213123763972904001e-01,8.897116910620076480e-01,1.123991308201662404e-01,4.124239850191681045e-01,2.256549091830344078e-01,7.452656163971789205e-01,8.392573361121589137e-01,7.625935079884990087e-01,6.095069596914527432e-01,8.221658643595284310e-01,2.901440507525125945e-01,4.101234309729946403e-01,2.463876761321946718e-01,7.740711135615786498e-01,4.730920019409338706e-01,6.382390396837550606e-01,8.322892784806781297e-01,3.162255067388047847e-01,7.508069156498881069e-01,4.914236156753347129e-01,9.286220711048533971e-01,4.506332848971066340e-01,6.738890827024582864e-01,8.730932027203164303e-01,4.543839569087070873e-01,9.617647543455944970e-01,6.592512042575664477e-01,2.339100179752351960e-01,8.397069285665653693e-01,8.096631820407786950e-01,6.534437055521923332e-01,3.270025115862140730e-02,9.410912754699339855e-01,2.561809458821014962e-01,6.352260952124014759e-01,4.278497075791805049e-01,6.225242778993397286e-01,9.508426730796027959e-01,8.503710431455804297e-01,7.767954180670951780e-01,7.188988900221642275e-01,4.906008465996959944e-01,6.671395363862882011e-01,4.574397964573510000e-01,2.003855121310359755e-01,5.303395507979276058e-01,1.545081236355060894e-01,5.597772581032101069e-01,5.411987645387570378e-01,2.475483105985741838e-01,8.042035881132534314e-01,3.472204522058931486e-01,9.511532222544601123e-02,1.934411881235920672e-01,6.534430945059376272e-01,7.669982746030633569e-01,6.161479720312319497e-01,7.102268058334929579e-01,9.259415436993937432e-01
6.922465140941274075e-01,6.212195222534661054e-01,6.791932333662528132e-01,5.388265944606588365e-01,8.045597860192164053e-01,9.364019968920374026e-01,6.874944870820187681e-01,6.418464267445487259e-01,6.510327115361767003e-01,7.095783144293185130e-01,0.000000000000000000e+00,9.021639428914062231e-01,6.086586037219672285e-01,6.196212491539874190e-01,5.070899688038971176e-01,5.403787623585568634e-01,9.670501206224488833e-01,7.139974200611136634e-01,8.774897968664424619e-01,4.679202749409155926e-01,9.192610537914122082e-01,8.902364366597610434e-01,8.813303252687720857e-01,8.534773167986804410e-01,1.448560491990862897e-01,8.061064399374717748e-01,2.034910089678799439e-01,8.682740634090007070e-01,6.100493440044810756e-01,3.199281487873584240e-01,4.715062472158544904e-01,6.055848484997603531e-01,9.387996661767767925e-01,8.350558169087399785e-01,8.634808296455691590e-01,2.049396180860406924e-01,1.476161398081820841e-01,6.821898853682030195e-01,6.124622330678313187e-01,3.083910772639686382e-01,9.936852991939393309e-01,8.360363646202237931e-01,7.133776145099339772e-01,6.008466102333942516e-01,6.093019433228888948e-01,2.248904802756347687e-01,9.765111774990703486e-01,6.930581401873867620e-01,9.406111755863775237e-01,4.183652219762675761e-01,7.275684150243422188e-01,8.676697161925592816e-01,9.318442935692909934e-01,8.666937227749823558e-01,6.328050978043158192e-01,6.934342106024347085e-01,7.594024077642711479e-01,9.111932668692880322e-01,4.035377374584138144e-01,4.557382732867817365e-01,3.313118481539885085e-01,5.503009082368152116e-01,6.442553596555909978e-01,7.668437738459684683e-01,9.145227366937487279e-01,4.164856493246398839e-01,6.593340166849622763e-01,6.947933478809087404e-01,9.942190377056486783e-01,2.681137338035824436e-01,9.940727042887735898e-01,6.541286012620020074e-01,3.565298662840755695e-01,3.621885033291795120e-01,2.295644717339649921e-01,6.826927328694289976e-01,8.237353407908514225e-01,5.370590766184393239e-01,7.816469883408563302e-01,6.074095416246695356e-01,5.089406345977853796e-01,9.251379487235393828e-01,5.883808201200907417e-01,2.069097944924605526e-01,-1.976121278684484506e-01
7.321685214790357721e-01,-1.024720785171034931e-01,8.963826788949128543e-01,6.745359908586096020e-01,5.095620329822860839e-01,9.234146565681626839e-01,5.315129743094565429e-01,5.763495748085027959e-01,4.217726925902997581e-01,2.197577131856538468e-01,9.021639428914062231e-01,0.000000000000000000e+00,9.641723261152967961e-01,6.230970131411274204e-01,7.333004813086214657e-01,8.979160530764309645e-01,7.080729680701256523e-01,5.561861942021248950e-01,9.432035017885218586e-01,6.401614011326749454e-01,6.921690888494704819e-01,7.083716505133696995e-01,7.425280462598350395e-01,6.164590928177962059e-01,2.605982488514204665e-01,4.473476137697194877e-01,9.538878028316817304e-01,7.258022667052448362e-01,4.941196134937919648e-01,7.230504011588253510e-01,4.022343936187353641e-01,7.270313403737465041e-01,7.495927129505179920e-01,7.822476299736900174e-01,9.437442223189470569e-01,4.883499360930620981e-02,2.471349821457930196e-01,2.169285597045496061e-01,8.876007696787757695e-01,4.057815940673270005e-01,5.161939583134397269e-01,5.353723673423913532e-01,9.591176038378591562e-01,7.685306357595539373e-01,6.572299109338382017e-01,7.929758113805405184e-01,6.867792174254158111e-01,8.910769148638642001e-01,3.737798120461764961e-01,7.109098975057706049e-01,6.612679155702515521e-01,9.148466572260669505e-01,6.970518441816839772e-01,9.116255961204458025e-01,6.757766856786786569e-01,6.132549482345029945e-01,2.484947589092156850e-02,7.012429709272116618e-01,9.374588547532795024e-01,6.039674038757806285e-01,-1.754030944471693110e-01,7.587327950176643299e-01,5.238896654538671704e-01,8.603562183426857191e-01,5.860186883904563437e-01,3.843096880223637046e-01,6.748065217359617840e-01,8.996001594437209592e-01,4.262238870486838582e-01,8.796876665699847608e-01,9.815583123871359783e-01,6.752026000984532317e-01,5.112150697693544910e-01,3.347981401111805866e-01,2.381214057771781079e-01,6.120474455240596523e-01,9.125480267806436174e-01,7.903829863702356295e-01,1.734985141403264930e-01,2.323083898001323533e-01,8.293758222037760364e-01,8.422995503336405676e-01,6.178567659622845598e-01,9.652388232270302515e-01,6.377316164547899291e-01
9.117276209328273318e-01,9.475661728389217497e-01,6.403503537981212190e-01,5.823600810270422867e-01,6.404606282108653570e-01,5.613004278856154050e-01,7.898549437198257861e-01,5.264347916417224660e-01,8.428952787983936545e-01,6.101411153549286537e-01,6.086586037219672285e-01,9.641723261152967961e-01,0.000000000000000000e+00,4.919144026992909868e-01,8.421741615382323243e-01,4.413007589575717593e-01,5.110513247279480087e-01,8.100756834948160678e-01,9.772594276173065531e-01,8.594455277131570758e-01,7.157484886716494743e-02,6.100505133645792721e-01,9.178097847830264389e-01,9.949612475157391112e-01,4.493131077045157684e-01,8.267525439306916413e-01,8.005767954119268337e-01,9.978128476272083436e-01,5.357367938662266349e-01,6.525990797490096584e-01,6.631482791618772965e-02,5.767382819077155887e-01,8.572393230744046466e-01,8.480633155800765266e-01,1.460086546090308690e-01,1.163628688127054389e-01,3.283799645191547434e-01,4.912727791855109327e-01,8.980492980072326548e-01,8.346659123657562684e-01,-3.356980080343017203e-01,8.696127323199434045e-01,9.913280793941499081e-01,6.738506439047808882e-01,8.999035611322248052e-01,9.192642133202579835e-01,6.598589370876883908e-01,4.833130528911105950e-01,9.109206376340530653e-01,9.850028570843742948e-01,4.540414592494964596e-01,9.158511864215543863e-01,2.181903847845895472e-01,7.241814743308363500e-01,4.346744343868034766e-01,7.676150588905359395e-01,-2.929822220252364939e-02,2.802633861324426157e-01,6.725132908018647271e-01,2.758120741846369905e-01,5.576983355561546812e-02,6.761622685691576207e-01,-3.251263362523348910e-03,7.559199740090958297e-01,8.100330324013320649e-01,4.008142219949049623e-01,8.539198203976026136e-01,6.204488382133789282e-01,4.167762203885368999e-01,8.794755306438231113e-01,8.643906233288188856e-01,9.344552722393288935e-01,8.231652785308243847e-02,4.173135902065758795e-01,7.237809682602505124e-01,8.189392612812247396e-01,7.363079413833751863e-01,6.765292009846847199e-01,4.890762163863795475e-01,5.183563673206641464e-01,9.880624416827532563e-01,7.704415061397460462e-01,8.396441869674614589e-01,5.424876873767306984e-01,8.827602946019108554e-01
8.681904636515812568e-01,4.423035534063912144e-01,8.507233154658637719e-01,5.471429663645335228e-01,8.089250284121257684e-01,3.255083491285132857e-01,5.362931521060214646e-01,9.931448805199025731e-01,6.552447201456255144e-01,8.237094809294300823e-01,6.196212491539874190e-01,6.230970131411274204e-01,4.919144026992909868e-01,0.000000000000000000e+00,4.302165043277708656e-01,1.346926901372065000e-01,8.324563693764284178e-01,7.265411873923727226e-01,7.479968861491207432e-01,6.098828301147634079e-01,8.292884617892637422e-01,8.331011670610536379e-01,7.374505489266520719e-01,7.660287533204201971e-01,5.905235572175695502e-01,9.372832070012311334e-01,7.760546828624441673e-01,9.012843070547329472e-01,5.038686684318921527e-01,3.442797113692924738e-01,5.234288570372421789e-01,4.207425633564819134e-01,7.279987594917890492e-01,8.556604691880382862e-01,6.666437310959079099e-01,2.803572375026349706e-01,3.472919445284541329e-01,4.097744824328226065e-01,6.314269493228011898e-01,9.395847696997726706e-01,4.368861839095749544e-01,5.475878409539793878e-01,6.632587493316834948e-01,9.590030073793037735e-01,6.057278297480327423e-01,8.494803083605597660e-01,5.912112136578875354e-01,7.972407221945702060e-01,4.036957130509822855e-01,4.666389461404319983e-01,9.683167879258152144e-01,6.131728387565558158e-01,9.620924961274188725e-01,7.268061290746373748e-01,4.831881582248659379e-01,8.818985151061716765e-01,7.546041118638784351e-01,6.777096246316696160e-01,9.555863487077911334e-01,3.934706759420664168e-01,4.155374881995351766e-01,9.617506483056446065e-01,9.476383506384934430e-01,5.387218742676193051e-01,6.604146451880305024e-01,9.411524978924838969e-01,6.421843419565105293e-01,7.047928880525020645e-01,3.650268702617035510e-01,3.378917725888208046e-01,1.365586519838013491e-02,8.982475076003469949e-01,1.827133302108783497e-01,6.601560997704096767e-01,9.061581383996435424e-01,9.143280700340397082e-01,4.438539807363241496e-01,8.136308247104242497e-01,7.270559617756876536e-01,2.284885551622624633e-01,8.757448148659031650e-01,8.895280132716868460e-01,8.154692813283868080e-01,5.686379224517514874e-01,2.237471335451025334e-01
9.877522344507498886e-01,4.640596523571456911e-01,8.792032075165294724e-01,9.907711540218631097e-01,9.108303098713591561e-01,7.712984679139618382e-01,6.482554257741526271e-01,5.147697468826795651e-03,3.361421367767780666e-01,6.334551890475882407e-01,5.070899688038971176e-01,7.333004813086214657e-01,8.421741615382323243e-01,4.302165043277708656e-01,0.000000000000000000e+00,8.744509492894438907e-01,9.910711197083836854e-01,7.897764239065072633e-01,9.479711059267812434e-01,5.722650089954770536e-01,6.012788128056550940e-01,4.816954627145579870e-01,6.601686141643934302e-01,4.117745666774736968e-01,7.799696755454836872e-01,7.688219831383780178e-02,6.484961427920148402e-01,9.485793590039374168e-01,2.282060186201844698e-01,-1.895712769692013133e-01,2.662763695294995125e-01,5.870030995493573656e-01,7.515538430752219945e-01,6.819691702934863597e-01,6.019910802549669482e-01,9.154414626576289349e-01,7.333014554793766404e-01,5.541089725003226496e-01,9.790039100836859243e-01,8.261151078489097355e-01,7.684166280906453705e-01,9.414432394226290857e-01,8.402250349452916600e-01,1.399741412200674606e-01,7.337780245255028921e-01,8.974083002013916177e-01,7.179493194301037606e-01,4.012029920580091336e-01,4.654813464751779151e-01,8.799414279330363131e-01,7.073889809496907155e-01,7.318297592723598255e-01,9.991305512366390751e-01,4.756727205784813117e-01,9.758531376215039410e-01,7.924680146980827011e-01,6.106024949009328795e-01,9.390262665237074646e-01,7.536875622056924406e-01,1.786642981471847635e-01,5.690924558143912737e-01,4.556148861548331985e-01,7.882717515663928420e-01,9.472481885472561203e-01,9.683248677481230970e-01,1.802153316045163045e-03,4.934031037229715810e-01,9.757039421339182006e-01,4.131723468508252672e-01,3.126966066107331743e-01,7.918271826414475800e-01,6.281070127608279208e-01,-1.457523655050398381e-01,6.615575871012686626e-01,9.004857300669889542e-01,8.409883806403124495e-01,1.675887663411622652e-01,5.517863013756471036e-01,4.080264660728053494e-01,2.425849101106862804e-01,5.892467699698935579e-01,8.537880783019353714e-01,9.104733843036099117e-01,9.664793857469275995e-01,6.320405427195232573e-01
6.779523827051691098e-01,7.729459178544395570e-01,9.284656534289420504e-01,6.988050956630574850e-01,8.717824301876109239e-01,7.429311081578006126e-01,7.276138409056511769e-01,5.716896323647109313e-01,8.822267241457244502e-01,6.539456944740842381e-01,5.403787623585568634e-01,8.979160530764309645e-01,4.413007589575717593e-01,1.346926901372065000e-01,8.744509492894438907e-01,0.000000000000000000e+00,8.544851721790460708e-01,6.302217815092558961e-01,2.550078825814744432e-01,6.111384991729578164e-01,8.623194547842658597e-01,6.673546374480529009e-01,9.223715870234612257e-01,8.755013956833066491e-01,5.749636980498880057e-01,6.749259491579820969e-01,3.360164586796867692e-01,4.619357173572630204e-01,1.872738456728705592e-01,-1.891129671386057032e-01,8.033845961703470206e-02,5.215448771415862605e-01,-2.443027966387961158e-01,2.001660054224652652e-01,8.462414367015809180e-01,5.947751332420135872e-01,1.260416202178905043e-01,3.274821545682402024e-01,6.166321506061680502e-01,8.585264995124609610e-01,7.118753273537901105e-01,4.137869715020340289e-01,6.310623061341358309e-01,6.067141027454646673e-01,8.156383051823146157e-01,9.951668328357814453e-01,8.228073426946834745e-01,6.960429827599321495e-01,5.753350805743382423e-01,7.612572735394687040e-01,9.229948853881698723e-01,2.234653108579572611e-01,2.322316164476241618e-01,7.749705744024164566e-01,7.372324790562798658e-01,5.536715836256171919e-01,9.029021006335288257e-01,6.583728296763118326e-01,9.621424027422166292e-01,4.734956482960384072e-01,4.589693483349015501e-01,5.099277018345622636e-01,7.827750038679353040e-01,9.021927306375455702e-01,9.912214242307304524e-01,6.304787798982514069e-01,8.815892819177535422e-01,8.811339023073350152e-01,3.934311606720273247e-01,6.932710685904479586e-01,8.063214514988792381e-01,6.865568070153102997e-01,9.368691407940397120e-01,7.001793096901629543e-01,3.563321058075823444e-01,3.051689599475744807e-01,4.900102501893358609e-01,7.735961222741479792e-01,6.124332352218093689e-01,5.778984578758648016e-01,4.977829000227129708e-01,3.431774193341434742e-01,4.228107244888414384e-01,2.152349407471571552e-01,6.307500865699892101e-01
8.281230845026128495e-01,2.899852947015900129e-01,7.499300910572861412e-01,9.217737698724636219e-01,9.804344166178922126e-01,9.145954338496188329e-01,4.865053140606043214e-01,9.110481220399927471e-01,9.076096042364724115e-01,9.734400134197703780e-01,9.670501206224488833e-01,7.080729680701256523e-01,5.110513247279480087e-01,8.324563693764284178e-01,9.910711197083836854e-01,8.544851721790460708e-01,0.000000000000000000e+00,9.323477948083971345e-01,3.951507156939417786e-01,6.541349175938081517e-01,1.076345148654414274e-01,6.529973326880832429e-01,9.337128554376008527e-01,8.136294485348353200e-01,5.018843820531614375e-01,5.857119874655678515e-01,9.076641507629130690e-01,6.087702397892731376e-01,7.041197763563479262e-01,1.141589087709992123e-01,3.989245346895152200e-01,7.182994459833221823e-01,9.033513005540476648e-01,9.068412414104486396e-01,9.457773367583836022e-01,2.972546808595511458e-01,5.631005219035062348e-01,4.771258919433866708e-01,8.227965501916187918e-01,6.645234140088778219e-01,2.046378673396888337e-01,9.227800049690416673e-01,6.923469289424174500e-01,9.541499025951647450e-01,8.882580228535634781e-01,8.270723037912227626e-01,9.647396294621394253e-01,7.800575950680416204e-01,7.930189820055145722e-01,8.854846690304839507e-01,3.891575999510441530e-01,4.575614153682578400e-01,7.942422756440714604e-01,8.375296343489779805e-01,8.160641538660512451e-01,7.091624610902870218e-01,9.944406317819127761e-01,9.255204246675214907e-01,7.242579851834728411e-01,5.045200979723655221e-01,1.760893070359106638e-01,6.659218676496954092e-01,7.167040027972582106e-01,8.723503118793982658e-01,9.095641349841899759e-01,9.000211722776767509e-01,9.707984456959992681e-01,6.854534824616315136e-01,6.707112449851944103e-01,4.857429374632126207e-01,9.238474952082500469e-01,5.894276284098101115e-01,7.543573799365755894e-01,6.838485235003600726e-01,4.471249476259299693e-01,6.539837559369975351e-01,9.210374939039439601e-02,4.523902500412649852e-01,7.140059282426126641e-01,2.551822309601301519e-01,9.710976936779072144e-01,4.149731998816014178e-01,9.194211481085902138e-01,-1.156859446210588699e-01,5.239771496373465398e-01
7.691160685045104195e-01,3.727449302137940679e-01,7.844007853687369192e-01,7.812299233434598644e-01,6.313593188558248581e-01,8.543367970223318952e-01,5.617006434819027394e-01,6.559741596643601236e-01,4.888042659457388361e-01,7.429457773959505795e-01,7.139974200611136634e-01,5.561861942021248950e-01,8.100756834948160678e-01,7.265411873923727226e-01,7.897764239065072633e-01,6.302217815092558961e-01,9.323477948083971345e-01,0.000000000000000000e+00,9.382647597871780487e-01,9.750137669948626407e-01,6.171848243589552752e-01,3.984542227787336022e-01,9.818569807726987841e-01,7.312580666141813568e-01,5.520014458060951146e-01,2.040586924887653475e-01,7.500494177251924022e-01,2.378070207909936395e-01,7.795004009317315630e-01,5.819129363831564428e-01,2.772223295654224207e-01,7.709080108587250679e-01,9.501025573615344832e-01,4.993914213572615002e-01,2.318999622708513286e-01,4.847621612315968775e-01,6.947753082886064246e-02,2.237472105221984253e-01,8.294368828071011501e-01,6.562066236872092784e-01,5.728303677192437826e-01,8.340482863112694822e-01,9.601284539755070568e-01,4.764692746195594575e-01,9.110078189315640174e-01,7.135030157171243781e-01,6.605986261671187298e-01,6.113950729779709103e-01,7.240208188843272330e-01,5.157819802527441322e-01,6.651941682330018146e-01,9.557064898083074134e-01,3.323045820422793062e-01,6.263910837552564281e-01,8.883557091678410123e-01,4.999052242239976906e-01,5.649261179483983097e-01,8.053434317058928427e-01,5.381085816975739178e-01,7.306466976083952902e-01,4.013779382149307295e-01,8.396239521794068850e-01,5.363490822064277408e-01,8.027665588506116556e-01,8.573248491048319764e-01,4.643130389260885504e-01,6.080961216359456190e-01,7.479469356606677222e-01,9.360809431668060121e-01,6.566610076061766277e-01,6.492560091426053948e-01,1.521419397044510013e-01,8.531265026055170342e-01,5.595156469184225934e-01,6.453458733657931878e-01,6.545585144577515946e-01,2.316381115551518488e-01,3.415829677280708410e-01,4.821058234268534859e-01,-9.307725803163821587e-02,5.168227923340784624e-01,8.340810823164653831e-01,9.714887894434058868e-01,7.896130110490813259e-01,9.615285295223983120e-01
