0.000000000000000000e+00,8.411696370314734050e-01,9.943722595392916475e-01,9.649445134805187951e-01,4.387140414698389446e-01,2.397817326126180371e-01,8.471411375197923643e-01,7.328467217181641180e-01,7.738362770471083341e-01,9.108486100509814720e-02,6.032253429135698841e-01,5.206101461399310626e-01,8.207570260707739429e-01,7.709534186308720782e-01,4.204595908415177385e-01,9.492209881068246480e-01,9.731956974371585023e-01,8.252196323679247270e-01,8.640456464279094861e-01,9.755908545125541176e-01,8.529980762636684144e-01,9.064434150349875985e-01,7.544165634427785205e-01,4.554149367971548901e-01,6.195324405364596165e-01,8.710022689305514376e-01,2.794246502825217249e-01,9.311021750535066754e-01,5.440884072056056953e-01,7.689862920625665232e-01,2.218533994594781844e-01,6.180709572775490157e-01,8.149980688019983210e-01,7.350952327552726651e-01,7.993446547035057970e-01,7.587962222400083112e-01,3.372650190347379340e-01,7.100359806166266496e-01,6.336714210333384001e-01,7.157346154270863847e-01,4.199538785018310794e-01,9.762652641168600987e-01,4.050419887314106737e-01,5.431516053052738435e-01,8.203900574744801277e-01,9.362720210150181632e-01,9.180727209096158914e-01,9.004203486509809728e-01,6.162313854024491500e-01,8.118447034075637614e-01,8.966160830242044799e-01,8.814810472924103912e-01,6.105696834786451810e-02,7.614049938982190291e-01,8.769933049456209995e-01,9.354518173583781238e-01,9.411687892593929572e-01,7.445006066302148895e-01,8.268079167435770094e-01,2.178876595791826853e-01,6.723586196240679547e-01,7.561435237577761592e-01,8.469535909573603361e-01,6.392972109109456014e-01,9.594114618700774200e-01,9.204672225267753749e-01,6.302077100611813698e-01,8.420116802274894008e-01,7.636327847633048727e-01,4.333421472810850550e-01,7.379488157346048016e-01,5.792231637320788273e-01,1.730626651644089076e-01,9.943629862393253971e-01,9.774132752331623486e-01,4.499412542295933570e-01,6.489660727650292671e-01,5.869547173496965087e-01,4.576313270190239257e-01,3.226095647557839508e-01,3.008962488340839458e-01,7.004691176733720548e-01,8.901185248578555864e-01,5.783375867016742333e-01,4.785135304166138748e-01
8.411696370314734050e-01,0.000000000000000000e+00,7.491071808962375123e-01,8.430764193122602945e-01,6.851314145821473245e-01,8.597731434884781088e-01,6.800305462752522789e-01,4.293534243547863505e-01,4.092403619474781484e-01,5.563561983240018494e-01,4.221660800338798980e-01,8.444370378946958189e-01,9.576891338810655796e-01,7.767859691579106496e-01,8.504612844264947125e-01,9.928787391061035805e-01,9.065870497149449703e-01,5.053316364243560788e-01,6.455194028443059784e-01,2.102283024634607478e-01,8.190318684069090027e-01,7.495265942624459443e-01,9.468703668092356418e-01,9.953499742631655156e-01,7.322360637068802136e-01,8.376500359648300087e-01,7.205484650566771343e-01,3.930322441972895486e-01,9.629356390164208745e-01,3.040800844293514715e-01,1.980145591139704786e-01,5.017694664452195807e-01,6.920940334290575091e-01,7.092974072778372996e-01,7.255610819458067073e-01,8.076735182781709099e-01,8.781980928500701666e-02,8.617034427117878925e-01,6.209678615778967403e-01,8.678439645963283988e-01,4.223448756656599801e-01,9.448486835521151539e-01,4.214788987654013996e-01,2.886111011415251615e-01,7.990508076413846972e-01,9.698195670549201175e-01,7.315356278753538666e-01,4.497383713036831598e-01,6.236056312250356504e-01,6.609227673785390555e-01,6.654349759272473186e-01,1.293584036732850218e-01,9.023587527594305602e-01,7.476657008073928079e-01,9.196128912120602461e-01,7.991351365471385249e-01,5.684552481503836185e-01,5.878103338842253223e-01,7.062234031734005990e-01,3.913646474261774921e-01,2.912445855948359585e-01,9.718872666377639247e-01,6.831611012389364745e-01,9.226032736328982908e-01,3.882582694643276211e-01,2.917335591626957214e-01,4.514974323479880591e-01,9.796258613050379260e-01,4.517940759676543627e-01,4.681216056932322456e-01,9.695962836832550114e-01,6.160443303148795957e-01,2.037178253599427891e-01,6.959924275858470066e-01,1.465738316346690551e-01,9.642993889819375664e-01,9.216524330766600048e-01,7.266588799221727069e-01,6.194771294244700854e-01,4.784622395194602640e-01,7.531304149732620523e-01,7.164387086711216934e-01,6.761804610500922186e-01,5.700815377810398710e-01,2.565607590187360953e-01
9.943722595392916475e-01,7.491071808962375123e-01,0.000000000000000000e+00,6.590784046847363298e-01,8.697170132109571794e-01,2.365709706712372795e-01,4.216761163750039620e-01,8.647486117533890182e-01,9.312368352176473296e-01,9.577738893774985218e-01,6.855729694428790433e-01,4.905961137474121880e-01,9.219334537756137538e-01,3.461951452981332222e-01,7.331504924035003867e-01,6.413894254890271096e-01,8.168263480758684025e-01,4.394352399137065879e-01,7.348439036566657423e-01,9.139327230750250441e-01,8.123609443066763802e-01,-1.936953201334515318e-01,1.805405603392677694e-01,7.907426709953375710e-01,7.932908744111895061e-01,6.349959754121854427e-01,4.220763383313245187e-01,8.977453321018495913e-01,4.186541753643359121e-01,4.034653556153638410e-01,7.837607626813523076e-01,7.948318611208932127e-01,9.201023223383365535e-01,9.965207545426815194e-01,8.668303799376569918e-01,7.426801684113050195e-01,4.028555510783756177e-01,8.470388876303434067e-01,2.859482749243127953e-01,7.934453082371549781e-01,4.864904562373547625e-01,8.471544292911772356e-01,5.370772338001220669e-01,9.463733599176296085e-01,7.267466614327087182e-01,7.522434525579950737e-01,6.717445599087414898e-01,9.740287614278603234e-01,8.919184985703498825e-01,9.588245584137838895e-01,7.545572241789613166e-01,9.573321838056679800e-01,8.908352259110096094e-01,9.269346024615556789e-01,8.601920563578070444e-01,6.557818085015609810e-01,6.461353114538601616e-01,7.093663772769379650e-01,8.539036287927345148e-01,6.027375567236434861e-01,6.794996614957453662e-01,5.549905892367815730e-01,3.769709785759000065e-01,7.742924802947163121e-01,9.407299463483569379e-01,9.926967512580712194e-01,8.788957378332373782e-01,8.856535159201901486e-01,8.687668715627387961e-01,6.488774943948815155e-01,6.070694457627786589e-01,6.000915739409172778e-01,8.552908210965989300e-01,4.780135723548865068e-01,9.078233795037151665e-01,8.575291848754619251e-01,9.717255578285627360e-01,9.995355391972690073e-01,3.861713317986523730e-01,5.390797696847056120e-01,9.280172508920342400e-01,7.132831725892894159e-01,9.222252874036496184e-01,9.986177536187592629e-01,6.900769108897832904e-01
9.649445134805187951e-01,8.430764193122602945e-01,6.590784046847363298e-01,0.000000000000000000e+00,9.676413712519998933e-01,9.281524509518703780e-01,3.109377680531607568e-01,9.229650349570783785e-01,4.823676176125413217e-01,6.094810880019645438e-01,3.594003280938513623e-01,8.495424334294390256e-01,6.391373077687314552e-01,7.648614862701182959e-01,4.609342903092709665e-01,7.339519272775061332e-01,7.606272655110076775e-01,7.557567836099906566e-01,8.213141269620262142e-01,5.187492050840880609e-01,7.475753793997798047e-01,8.550258671661443710e-01,9.350939879218569395e-01,7.878713261466956386e-01,4.265641439908114396e-01,8.680954075972118211e-01,9.768170029630652840e-01,9.304294344540819939e-01,2.021948782087927832e-01,7.743272806871038805e-01,4.333644833097112237e-01,5.195705236321912501e-01,6.560141598599854573e-01,5.883351394476661333e-01,9.622801042127216986e-01,4.625909368421587398e-01,1.374563250799542835e-01,7.484649865146135728e-01,5.268468885312461714e-01,5.817546174315016971e-01,5.025234317276258134e-01,6.042707067703667612e-01,8.341796371446557057e-01,4.050969547370623092e-01,9.268142211353729287e-01,9.871399398342438625e-01,6.215429653339228366e-01,7.454836216786973058e-01,5.002776533522120816e-01,9.660286908383810545e-01,3.314953872857124839e-01,7.540034944597329147e-01,8.482952969501548202e-01,6.541185545589555117e-01,3.378983078874143176e-01,6.684379932663271351e-01,8.300629824516996269e-01,6.481045328696385388e-01,8.345964293532778244e-01,2.350792303471682942e-01,2.514876534026215249e-01,8.189598113819632763e-01,5.428076642868328028e-01,9.315040085422064964e-01,5.503922321027064912e-01,7.891164792394974592e-01,7.725334181569492031e-01,7.128818070962498199e-01,4.410069769698473086e-01,8.994722760280233764e-01,6.058177069342370880e-01,6.935094815761482234e-01,7.865957689578806367e-01,6.814494360181201360e-01,4.966429710038376966e-01,6.273576785587531290e-01,6.898151989655194605e-01,9.866767214714228240e-01,4.193951042314897348e-01,4.888419100186714994e-01,5.805040474539817641e-01,2.271102180998105236e-01,3.308158983029960698e-01,5.276749939126141875e-01,3.721374532958325321e-01
4.387140414698389446e-01,6.851314145821473245e-01,8.697170132109571794e-01,9.676413712519998933e-01,0.000000000000000000e+00,7.947497706852253430e-01,2.929170299038807990e-01,9.340606325958878964e-01,8.393451971185159621e-01,8.270419768368403313e-01,3.896331799207141122e-01,8.880285223222953439e-01,7.844221759534131255e-01,8.416258645526080162e-01,4.269869064000405001e-01,8.695565551051732608e-03,9.209140106654147839e-01,8.852072484126746188e-01,8.463467515249463169e-01,6.152381986147056336e-01,9.665055132738042953e-01,9.401848191190637083e-01,7.537197183696147107e-01,8.299187412714157386e-01,7.464210696047194338e-01,8.251919017847846316e-01,6.300012248409028182e-01,9.432816020293250947e-01,7.453756081945688006e-02,7.097264523915504109e-01,5.186612383095069445e-01,4.499050932799255609e-01,5.265164444541678979e-01,9.352589464272277331e-01,8.594714440780338860e-01,3.754457679565568196e-01,6.296829137475932203e-01,7.206578967241525913e-01,9.348650885954681300e-01,8.542625269666663801e-01,6.139291762047852652e-01,7.292231340797661332e-01,8.247252660650387091e-01,3.669811341456873377e-01,7.857559487185331593e-01,7.645434095213143877e-01,7.407765425324768227e-01,6.896054507693966107e-01,6.540784715125137483e-01,5.232948226095823774e-01,5.826400429745641762e-01,5.891022517789906709e-01,4.749838316372731462e-01,6.016275973150000400e-01,8.457842304904965580e-01,8.354243065818169889e-01,8.065813369534260424e-01,9.237390324457321888e-01,9.262226543322302774e-01,4.776951541551565650e-01,7.400797717280634958e-01,7.102131130559128369e-01,7.119544671153610338e-01,7.030669271752226779e-01,7.298363665267695310e-01,5.166101404778487005e-01,7.726493684448116905e-01,7.663486697344555898e-01,4.824900971877424949e-01,6.845749886671094186e-01,8.791884879453734092e-01,8.138789237655875697e-01,3.680737507644543660e-01,5.242500719473430770e-01,9.981462038412936000e-01,6.434242135390569883e-01,8.999328491739498892e-01,4.084878908607619263e-01,7.664932017683164789e-01,3.322481464687389585e-01,6.687686930769882743e-01,8.125048612081237076e-01,4.787027815385619944e-01,6.382796175872335054e-01,4.948993493265395061e-01
2.397817326126180371e-01,8.597731434884781088e-01,2.365709706712372795e-01,9.281524509518703780e-01,7.947497706852253430e-01,0.000000000000000000e+00,4.783370574533949426e-01,7.422554656758606484e-01,3.339382340180153674e-01,8.761366459913493276e-01,8.257790819424490891e-01,2.229050119534402297e-01,7.353987764458118637e-01,3.049716298015514582e-01,4.748099576894660445e-01,6.914878607328689419e-01,1.281621998792198125e-01,7.711528448291756765e-01,7.740989004320735223e-01,9.935016452723746117e-01,8.506917922445457192e-01,4.990664785141105675e-01,5.104601274984083004e-01,4.968138504186316862e-01,2.939074976567547237e-01,7.554476579711513207e-01,8.404982522890235286e-01,5.956999568981459214e-01,5.566599971230238308e-01,4.950153419732005178e-01,6.512641270408262573e-01,6.508769856087021077e-01,9.166327350551290998e-01,4.367783666955168398e-01,9.021874194741772435e-01,-1.554243064006585184e-01,4.879104076026845038e-01,6.679774193593113196e-01,5.550995923425563472e-01,4.213119230615969824e-01,1.248530740074319384e-01,6.481623791726153216e-01,8.645414488604814540e-01,6.428237364196947023e-01,8.253972001508831369e-01,8.465209608393579055e-01,7.025237597275461043e-01,5.456590315015714676e-01,7.783760919650815069e-01,9.210198380335279378e-01,8.230324023104341746e-01,2.520277696662137634e-01,6.283899851613966581e-01,4.420803988310523236e-01,7.206029119192475241e-01,6.537564334808525501e-01,4.362528268970716216e-01,9.453958050555240078e-01,8.220039267840639763e-01,6.655334849329771485e-01,2.879305264262371211e-01,6.895895303510615193e-01,4.444867523826804834e-01,9.657841343009762047e-01,2.938043491478842251e-01,7.684660924462403120e-01,5.792576611405237941e-01,8.435813852641538269e-01,9.796524125522749760e-01,6.352790484958928952e-01,7.920100386004529369e-01,8.477936923743211173e-01,3.507565251421320557e-02,5.550068248634184576e-01,4.026479534764673129e-01,5.000986705471129889e-01,9.661194636395695756e-01,6.537333559358956547e-01,6.614555266029343850e-01,2.599510114969166841e-01,5.473244810205426525e-01,6.057650579488266240e-01,8.115534240038269065e-01,9.974240952266479887e-01,7.515988662511474683e-01
8.471411375197923643e-01,6.800305462752522789e-01,4.216761163750039620e-01,3.109377680531607568e-01,2.929170299038807990e-01,4.783370574533949426e-01,0.000000000000000000e+00,1.655370078956157898e-01,2.144903395098753385e-01,5.279639393281855275e-01,5.022661163225536907e-01,7.678015287822964607e-01,-1.991111582742321473e-01,9.677199727069829560e-01,3.878879773324166447e-01,5.104507839055866247e-01,6.611555669881474806e-01,4.937861561326526982e-01,8.756584031895690012e-01,8.359273653920700209e-01,7.031714550980880940e-01,9.760189066927585921e-01,5.973445670601149615e-01,8.106079358889256570e-01,7.718027838638267246e-01,3.013642144577566850e-01,7.592836796034327929e-01,-4.809618027081141722e-02,5.766399329920750549e-01,4.661308245996922950e-01,5.484170527776088822e-01,8.393446151107142317e-01,4.304073827209300429e-01,9.031985635968409198e-03,5.532490223292392262e-01,6.611288207876464540e-01,-4.072716526163311368e-02,8.789717971534268814e-01,8.833436131913130485e-01,7.205682411080144290e-01,3.759845581531860437e-01,6.839369959686080191e-01,9.426581155893433150e-01,6.513682358866614841e-01,9.798527266103479461e-01,5.843290183068164945e-01,2.477985654584642927e-01,8.240078750661217200e-01,8.289057897801711539e-01,4.553874786192715352e-01,6.014105706628641856e-01,5.440793345918294444e-01,3.123591077938505656e-01,5.964581459674862529e-01,5.236074916959138070e-01,7.845139725969323408e-01,6.652892075897243185e-01,5.354786775462113679e-01,9.615801312652075827e-01,5.473833275602580928e-01,5.131893471009184582e-01,8.545006905715115675e-01,5.445307056631866205e-01,6.260474057094027600e-01,9.355300428137452995e-01,8.602552149508175816e-01,5.886080432533333795e-01,9.627055060796878561e-01,7.398333019181682069e-01,4.871198066146040784e-01,3.974517629679691910e-01,4.646580163430352184e-01,5.491873395308473071e-01,1.305760565679110752e-01,6.787806943255548786e-01,6.828366439437176805e-01,7.929238597786951726e-01,8.112863373545456946e-01,5.143461860574884970e-01,2.500253014135151997e-01,4.105474854977267940e-01,7.127701233703909178e-01,7.744514537250924979e-01,4.946745225979571892e-01,7.821623329962456017e-01
7.328467217181641180e-01,4.293534243547863505e-01,8.647486117533890182e-01,9.229650349570783785e-01,9.340606325958878964e-01,7.422554656758606484e-01,1.655370078956157898e-01,0.000000000000000000e+00,7.807851142286644786e-01,8.891200037147615198e-01,2.744042722973101534e-02,9.039065346307015858e-01,9.117755963271236830e-01,6.359849238716782649e-01,7.787252042453399747e-01,5.673830080046408098e-01,4.832637838973563582e-01,9.734473088076909253e-01,1.365701823018360128e-01,8.901962451899643192e-01,9.639740825584094397e-01,3.948974567635401556e-01,7.910663546369269827e-01,3.176928308386200439e-01,4.990291009964631930e-01,5.650694694024905873e-01,5.318186529453123867e-01,6.300178750935836458e-01,4.854430212001117351e-01,2.664737466780637831e-01,2.675430860172277603e-01,2.716989001348286692e-01,4.215234388739863558e-01,6.754970681029527357e-01,5.547319396163151728e-01,5.317020097792986011e-01,6.287060523891625508e-01,2.980606775400147790e-02,9.239595340560383674e-01,3.653415117820864033e-01,8.319196816774973025e-01,7.253364664011194840e-01,3.457018928950157388e-01,6.186832016040548776e-01,9.153115482648067625e-01,2.846858055251903497e-01,7.463917837808411448e-01,5.726649364764319072e-01,2.684779664307325731e-01,7.468089785011688964e-01,5.647523506304366059e-01,5.855493949482608596e-01,5.032889711138055500e-01,4.178135342347846226e-01,9.571047725049981469e-01,3.921399716032562544e-01,4.992715275178304379e-01,1.578671420462173236e-01,9.680801985820256528e-01,5.529753947791657964e-01,2.791249985701743652e-01,5.131004889972822225e-01,7.707617703728336656e-01,9.901200877973799219e-01,8.748039876412830873e-01,9.036250889586173729e-01,4.598355406535937773e-01,5.061648753555276770e-01,7.999537272118395492e-01,4.504830058092794132e-01,5.931245811990807359e-01,7.644363229079195188e-01,5.577392752199789028e-01,7.491467057293001996e-01,9.760853749448122896e-01,5.158089601786579603e-01,8.651511161591144417e-01,4.861656849711188944e-01,2.505958448817331985e-01,4.593118830711382938e-01,7.297261025514548693e-01,8.407363633671394165e-01,5.386629845242471015e-01,4.878117026314702231e-01,8.939197099140058222e-01
7.738362770471083341e-01,4.092403619474781484e-01,9.312368352176473296e-01,4.823676176125413217e-01,8.393451971185159621e-01,3.339382340180153674e-01,2.144903395098753385e-01,7.807851142286644786e-01,0.000000000000000000e+00,6.010312871492172748e-01,7.746385556598999189e-01,7.435011687551466020e-01,7.711991834076435959e-01,9.713081518757489263e-01,6.277231636089339872e-01,6.163269040974803659e-01,3.379844673465887128e-01,6.931734055518584681e-01,9.825358566401283245e-01,7.709371425534514710e-01,7.912102447445734654e-01,8.813735477363209281e-01,6.635220716985529288e-01,4.263731663517800752e-01,9.607820456019524613e-01,5.645676077619534716e-01,9.045754153728970959e-01,7.665768751938919490e-01,9.773471006746112799e-01,5.823351516639556635e-01,7.747916192111010958e-02,6.267568136595329520e-01,8.556231830611317202e-01,4.039028861228223244e-01,7.104379224425196870e-01,7.100875451123646043e-01,7.418193493686762174e-01,7.950954143841105770e-01,6.725266793008277677e-01,9.146840752910471162e-01,3.917412923693430749e-01,9.522062886077888866e-01,8.896758047590038743e-01,6.408744103262103975e-01,5.913949617830680516e-01,9.521693992328704725e-01,8.110244603076057768e-01,5.743783358228854441e-01,6.124654967310623199e-01,6.192344489448424749e-01,6.943042761158958465e-01,4.536859958498633549e-01,8.632659931892133764e-01,6.409243426620873096e-01,5.049213614571368414e-01,7.833497280374948080e-01,6.204078091018415675e-01,7.364802392375434659e-01,1.279182763216633045e-01,7.073767110893806054e-01,3.835680114969601817e-01,8.656848129767559241e-01,5.745632348792111266e-01,6.104205637649136040e-01,8.098661700837584965e-01,4.177501674228362716e-01,5.548438475381649582e-01,7.338233160629041851e-01,2.450498794276199377e-01,7.207853868974467559e-01,8.887555038195188439e-01,5.413265580173850511e-01,5.706406034403858074e-01,5.646780344798821849e-01,7.278392336359428283e-01,9.748509608289516182e-01,6.349276775932380934e-01,7.929057027623198639e-01,3.152181653546273082e-02,4.293422000329252253e-01,5.674262818391664354e-01,8.684399480466462595e-01,4.500419087393492390e-01,8.418715185354043173e-01,4.496662421948462440e-01
9.108486100509814720e-02,5.563561983240018494e-01,9.577738893774985218e-01,6.094810880019645438e-01,8.270419768368403313e-01,8.761366459913493276e-01,5.279639393281855275e-01,8.891200037147615198e-01,6.010312871492172748e-01,0.000000000000000000e+00,6.201570418980694166e-01,7.970461845784806432e-01,8.251000667264623001e-01,5.500247425985588245e-01,6.096989548283147098e-01,7.994486549430006583e-01,4.079072962710152406e-01,8.166817089434730281e-01,8.714594348757733755e-01,7.166268870320193773e-01,7.275935394723380689e-01,6.625972345824766574e-01,9.322699446109536936e-01,9.515262902585470695e-01,7.455190431228750914e-01,6.704731504657138741e-01,3.970421080775698996e-01,5.006270445286521431e-01,2.148283179276717358e-01,2.631982610759698304e-01,3.593490463045510008e-01,6.255569205269431166e-01,5.736981497342668046e-01,9.601196343107735176e-01,9.357967502483378608e-01,7.805778289104825518e-01,8.987764937218046743e-03,8.961022382678707210e-01,7.366073106710926410e-01,3.947967637186997752e-02,9.807770661947217139e-01,5.840122438950781092e-01,9.314272236044933706e-01,8.198880767467809916e-01,8.902536276947333738e-01,3.452064841345378055e-01,5.860457964976830691e-01,8.776707404366930199e-01,9.844074616350872997e-01,5.317073144390421779e-01,3.160206383825681642e-01,7.846280931868380160e-01,8.366869915291440529e-01,7.719004922780268174e-01,9.594863480413539092e-01,5.291421035443591991e-01,9.399309559173518736e-01,7.687972066854964481e-01,6.999428065146747757e-01,5.479691267318572701e-01,5.416498557236554268e-01,5.795732846383611081e-01,7.736651263376945753e-01,6.316829438783492234e-01,8.583094170297348446e-01,6.969005294918620974e-01,6.153335780900783814e-01,3.992577763370485644e-01,1.021579644937777448e-01,7.818603164910307157e-01,6.407108608297845675e-01,7.122531042191521111e-01,4.054795408722809968e-01,7.989379035121150219e-01,4.092911859930429275e-01,6.045003112903948317e-01,9.954694904972105629e-01,7.391062819867779687e-01,7.982629320312006893e-01,3.918078056783740326e-01,8.771492897093071672e-01,8.503008962657121472e-01,9.702028743011121836e-01,4.551903618029038423e-01,6.083255054411840224e-01
6.032253429135698841e-01,4.221660800338798980e-01,6.855729694428790433e-01,3.594003280938513623e-01,3.896331799207141122e-01,8.257790819424490891e-01,5.022661163225536907e-01,2.744042722973101534e-02,7.746385556598999189e-01,6.201570418980694166e-01,0.000000000000000000e+00,7.095890970848728330e-01,5.620557526553723315e-01,6.814256166592256303e-01,7.693068180986754045e-01,6.403848903470945597e-01,6.552414278804584713e-01,6.036025411333671986e-01,7.182498350327685133e-01,3.808641658940437602e-01,4.398355666917544982e-01,6.001335004562414754e-01,9.894133594844229940e-01,6.812952713507777203e-01,6.538918676922080842e-01,4.553148993601149885e-01,6.654544480109233495e-01,5.062633818861995705e-01,7.289107443827168575e-01,7.627407839030503345e-01,8.599021718250987600e-02,4.267958996117517390e-01,4.729934963066799725e-01,8.650797177208845445e-01,8.661926546535092530e-01,1.634781328401629652e-01,3.580849402395732684e-01,3.541254658773938108e-02,7.530987514546222394e-01,8.912083532298613608e-01,6.799754113133352762e-01,7.523424404797671716e-01,9.406690153975906243e-01,9.577444886673378566e-01,6.277323961465480773e-01,7.143537399926244147e-01,1.254980280573829987e-01,9.534365262891759674e-01,4.955698825031629728e-01,6.615019450100202425e-01,6.546651814659791846e-01,6.381369470724360671e-01,2.612620390004765647e-01,7.842251701532969577e-01,9.423042804554568885e-01,3.429268037305933658e-01,7.353715228282823313e-01,4.818141707464392853e-01,7.395872928068487617e-01,3.152046149109728468e-01,9.581637642885779127e-02,8.664537354976750150e-01,4.021480444492922524e-01,9.846788421007132142e-01,6.513945952782087545e-01,4.367823415864510173e-01,5.265565693575515738e-01,9.652274904462285754e-01,-1.057520855148646327e-01,7.943213754957408890e-01,9.316110053235122646e-01,6.229088194518941357e-01,2.765557623674981258e-01,3.200487633191537729e-01,1.627626220880129581e-03,6.918833812361173674e-01,8.078465728914738797e-01,7.782070303586809956e-01,8.946917232304835155e-01,-1.206435364891549761e-01,1.558913700868284069e-01,7.329814431397194685e-01,8.911736845251939654e-01,7.190399387592177893e-01,9.778040429261427580e-01
5.206101461399310626e-01,8.444370378946958189e-01,4.905961137474121880e-01,8.495424334294390256e-01,8.880285223222953439e-01,2.229050119534402297e-01,7.678015287822964607e-01,9.039065346307015858e-01,7.435011687551466020e-01,7.970461845784806432e-01,7.095890970848728330e-01,0.000000000000000000e+00,6.471268799775984348e-01,5.548867805763646466e-01,6.641833560531507086e-01,8.731279333577242063e-01,7.904567217712709093e-01,4.927433194328547650e-01,7.663169750783659362e-01,9.551074006331223831e-01,7.588254331837561706e-01,6.758168362299653564e-01,9.155900986863164670e-01,9.818108837786594378e-01,2.909834457404640862e-01,8.935773404953685217e-01,7.190077459314243580e-01,6.483510737875676222e-01,7.632720546951602403e-01,9.308202207186832000e-01,2.488525158696161532e-01,6.659506177813220296e-01,4.346721843359297455e-01,9.899313023154436841e-01,9.602601822324887682e-01,5.095307335125547343e-01,2.778845654148960342e-01,2.245656499050598665e-01,4.547708483694745674e-01,9.700183380941519440e-01,6.169419823729727081e-02,7.075774562453438499e-01,9.677185854102455798e-01,5.573999573369103899e-01,9.593098706881649784e-01,9.605898363089986347e-01,4.306123661836452898e-01,2.592139778195432509e-01,6.605433186349889407e-01,9.434777875956257276e-01,4.980182152430621123e-01,4.505504824124038632e-01,9.580098738030131678e-01,9.081603737896195572e-01,5.464213757743601185e-01,8.452788508625455055e-01,9.283035951031158861e-01,9.503747083060100076e-01,9.398942073764330329e-01,4.798230573914277763e-02,5.936403792498688992e-01,8.098919252941533253e-01,7.165071666717449661e-01,9.253569951076933142e-01,8.799115763284701686e-01,6.425091720703567377e-01,8.057722381380580945e-01,6.260124073168811254e-01,5.358329592032565758e-01,2.955301050558644116e-01,8.854533243332431969e-01,5.967824056953244805e-01,8.298685648520189861e-01,7.588390140418530549e-01,2.651713313314292830e-01,4.041186216845174539e-01,-3.052423430670708759e-02,6.670308169794895159e-01,9.518430822867993690e-01,7.560458558189717682e-01,4.344273861776812296e-01,5.840088071911930800e-01,9.253427640241775887e-01,6.427784154262916605e-01,7.090874127839003060e-01
8.207570260707739429e-01,9.576891338810655796e-01,9.219334537756137538e-01,6.391373077687314552e-01,7.844221759534131255e-01,7.353987764458118637e-01,-1.991111582742321473e-01,9.117755963271236830e-01,7.711991834076435959e-01,8.251000667264623001e-01,5.620557526553723315e-01,6.471268799775984348e-01,0.000000000000000000e+00,6.308016136042774447e-01,7.737991993136107416e-01,8.349757557398024277e-01,5.396203271864322693e-01,9.592481639095131740e-01,8.799940614174374121e-01,9.047363378923238830e-01,5.597887266001670969e-01,9.342547924820520100e-01,7.650998038934909706e-01,8.614352878097742972e-01,4.212519844181144002e-01,6.888983298048804160e-01,3.550433953098205420e-01,4.575984336078381953e-01,9.251265227614517972e-01,2.705418944829767261e-02,2.026843504893868497e-01,2.965113051427599733e-01,9.468636165432441354e-01,8.365482848484169232e-01,7.381757087200840894e-01,1.984055004178975068e-03,1.047104527226443496e-02,6.817491403057355237e-01,8.528440677851826246e-01,7.337198189150125893e-01,5.803642322979809531e-01,6.124881485868979292e-01,8.813882937811469143e-01,6.985582635796420137e-01,8.922661171643587741e-01,8.643424512508226520e-01,7.259237421983681937e-01,9.949345401480376161e-01,8.762867112172781914e-01,6.839340832694921213e-01,4.813269420204043803e-01,5.278318664075427602e-01,-6.566842977403203330e-03,6.460059536396586255e-01,9.522387994391403598e-01,8.106827668874362347e-01,6.540544616987113979e-01,6.442457461381072559e-01,4.941268994063849895e-01,1.751720137528845755e-01,8.179625305713751626e-02,7.518860619825313840e-01,2.931009034978281358e-01,3.086469601661008810e-01,8.617281619945205140e-01,8.245287520600438347e-01,6.825647194856937494e-01,7.204455778884227835e-01,5.596006033612633233e-03,8.615105998993797254e-01,9.902945999484474848e-01,2.193452782127777445e-01,4.369697066963023069e-01,4.926181375645233840e-01,2.634288175860641790e-01,6.016240868704084699e-01,6.255231658450683963e-01,9.837589673208466667e-01,2.239585874082584138e-01,2.978126088905669322e-01,6.766994418446246051e-01,6.660800175590292360e-01,8.128365673502633282e-01,1.374566454444846320e-01,8.880170045562005843e-01
7.709534186308720782e-01,7.767859691579106496e-01,3.461951452981332222e-01,7.648614862701182959e-01,8.416258645526080162e-01,3.049716298015514582e-01,9.677199727069829560e-01,6.359849238716782649e-01,9.713081518757489263e-01,5.500247425985588245e-01,6.814256166592256303e-01,5.548867805763646466e-01,6.308016136042774447e-01,0.000000000000000000e+00,4.480659885999124237e-01,8.868215552402309854e-01,9.338611405386858522e-01,8.651009074489829365e-01,1.965977992635165872e-01,7.410164489991488690e-01,8.808045553927670301e-01,8.524298147764857170e-01,5.761309763349223845e-01,6.104995232372963931e-01,2.973719362080615158e-01,7.435892853621441922e-01,4.907423118401602613e-01,5.654319255667276112e-01,2.882112104098839556e-01,8.636625245560692887e-01,3.950785952175661642e-01,6.084981439021602823e-01,5.045021590035757564e-01,9.204977599157220247e-01,4.130673727790408201e-01,5.127094437917216752e-01,2.705196060048516427e-01,8.805525564372216341e-01,5.807583955394263198e-01,9.912714388303739410e-01,4.146506525417642530e-01,8.877074423041805273e-01,9.226700611129806662e-01,2.246893134349432219e-01,4.620705214449947751e-01,7.680914528999998048e-01,6.736026688407564800e-01,5.406038832788639947e-01,7.998016800776246438e-01,3.702877380530987805e-01,4.307717572713239962e-01,5.006892961293379907e-01,5.310761963082417658e-01,5.688343266785595986e-01,5.813377981483999202e-01,6.772700538680987981e-01,6.129364417761379302e-01,-8.948827184417430802e-02,7.834102973438947792e-01,4.396337189313390681e-01,5.284612210099082219e-01,5.746814799590920231e-01,8.822043670506253266e-01,6.908779592527745095e-01,2.624777097389505709e-01,5.128421926825570409e-01,7.470929447814946833e-01,9.037016014963262789e-01,4.047624128496916107e-01,7.907924138340290954e-01,3.902518219845062530e-01,2.308170595105028255e-01,7.386854514472880329e-01,6.529232344140191158e-01,8.977046153211989399e-01,6.344953371708680345e-01,9.503260553913797093e-01,7.374336803928059902e-01,4.250023807242066520e-01,6.305486998199703041e-01,7.572381050749515952e-01,6.686403474050378604e-01,7.130344962920502905e-01,5.050225841461413179e-01,4.110546836517462443e-01
4.204595908415177385e-01,8.504612844264947125e-01,7.331504924035003867e-01,4.609342903092709665e-01,4.269869064000405001e-01,4.748099576894660445e-01,3.878879773324166447e-01,7.787252042453399747e-01,6.277231636089339872e-01,6.096989548283147098e-01,7.693068180986754045e-01,6.641833560531507086e-01,7.737991993136107416e-01,4.480659885999124237e-01,0.000000000000000000e+00,6.978069790287450003e-01,9.937988065065721521e-01,7.886999865672004173e-01,8.992956085903183183e-01,4.325379445282657165e-01,6.558863941004555720e-01,7.148571570960728927e-01,7.578244076496933879e-01,5.859140255256638508e-01,6.232307310724056748e-01,9.412510972176852952e-01,5.670129339465469487e-01,7.828461832213398086e-01,5.092349308625693238e-01,4.839772882638795903e-01,4.919524178112538171e-01,3.687706224545964084e-01,4.969087318101370609e-01,6.650691441892220279e-01,6.970302464494406713e-01,4.559178931822073788e-01,5.210242839911078949e-01,7.026431526541981887e-01,8.775158303328003395e-01,8.381250778013698000e-01,1.556032180940042087e-01,1.259881975775219431e-01,9.340404661313492785e-01,8.677680703167702791e-01,2.848914198955901367e-01,9.487802830116803809e-01,6.630547418999863662e-01,6.880501201550159873e-01,7.885855428120526200e-01,6.877104683454835499e-01,8.321031462895505104e-01,4.783114965949305519e-01,9.618134173506029949e-01,2.941549276540679214e-01,6.712407952132750655e-01,7.989380625693799365e-01,7.484990539471029214e-01,1.241959020653553639e-02,7.540481732296027140e-01,6.201483347349203701e-01,4.074119817692040124e-01,4.508465513928198165e-01,7.562857027644274144e-01,8.086034393271818166e-01,5.324345511705276257e-01,-1.458936378432381942e-01,6.547558841599655510e-01,9.386137197139592381e-01,3.538632430400731055e-01,8.986533337509003960e-01,6.790691250703964066e-01,1.385353647628003448e-01,3.458591322377781996e-01,2.536237501752392487e-01,3.921125586721729839e-01,2.251868509360601955e-01,5.713762590446600509e-01,8.119230076725560963e-01,2.359684727694120743e-01,3.323369059901742362e-01,8.608046988680589928e-01,2.684479749809272620e-01,6.658531992536138588e-01,3.202155788319266949e-01,6.221579223157312072e-02
9.492209881068246480e-01,9.928787391061035805e-01,6.413894254890271096e-01,7.339519272775061332e-01,8.695565551051732608e-03,6.914878607328689419e-01,5.104507839055866247e-01,5.673830080046408098e-01,6.163269040974803659e-01,7.994486549430006583e-01,6.403848903470945597e-01,8.731279333577242063e-01,8.349757557398024277e-01,8.868215552402309854e-01,6.978069790287450003e-01,0.000000000000000000e+00,5.336335930691628038e-01,2.765999977054637293e-01,8.403735659852858975e-01,7.815427629949007748e-01,8.160803178290368942e-01,3.498976576415606110e-01,5.257792411516408748e-01,8.511350573908039729e-01,6.031554145348725360e-01,9.501768677883650760e-01,8.786724302358728256e-01,-1.728665148103701865e-01,6.173004622791171681e-01,3.437827407555533732e-01,3.385100089544014201e-01,6.748332826195654333e-01,4.614833134223065847e-01,6.516637215319199816e-01,9.926475327689655570e-01,-1.673795661629407794e-01,4.195869197106175119e-01,6.209538417939320931e-01,8.326785315690056200e-01,8.810948227476343986e-01,5.026159172481795556e-01,5.833339743462504501e-01,2.509122281523026299e-01,8.570797532405478591e-01,4.184774031975203590e-01,6.755080978495096033e-01,8.334131666790669524e-01,5.469921688956598249e-01,6.839216231074174424e-01,6.202604134796941837e-01,6.019926456587959551e-01,9.287044627635966387e-01,9.798686967780526613e-01,6.076935930604910885e-01,8.374911905960648051e-01,2.215080516442872460e-01,6.138830396293311065e-01,8.939919262827830115e-01,5.838856156094764938e-01,4.423766339908762890e-01,5.052636682101206977e-01,7.289359893378561939e-01,9.379686778675034864e-01,8.069262846213063334e-01,9.853598603795903355e-01,6.104158759622672070e-01,6.382843005556662064e-01,9.398285850238881078e-01,7.484750714040120378e-01,3.678530614988338998e-01,7.114916881853170505e-01,9.127690538721922042e-01,4.467398391702102067e-01,6.815733979465820047e-01,7.637649340700614249e-03,6.623386829070702086e-01,6.288999738047315047e-01,4.462734553767753742e-01,4.819798747765667857e-01,2.367456283281301199e-01,3.857595442330751245e-01,7.490972467467267304e-01,7.993509038002870604e-01,-4.446779780628448697e-02,2.504585652663650630e-01
9.731956974371585023e-01,9.065870497149449703e-01,8.168263480758684025e-01,7.606272655110076775e-01,9.209140106654147839e-01,1.281621998792198125e-01,6.611555669881474806e-01,4.832637838973563582e-01,3.379844673465887128e-01,4.079072962710152406e-01,6.552414278804584713e-01,7.904567217712709093e-01,5.396203271864322693e-01,9.338611405386858522e-01,9.937988065065721521e-01,5.336335930691628038e-01,0.000000000000000000e+00,9.161432830309392816e-01,6.877600422368199684e-01,9.330913317618351188e-01,5.180397414020112556e-01,6.060645150870093145e-01,8.758508097921144930e-01,7.477997852518122324e-01,7.571559835148661266e-01,1.842108060964583183e-01,4.364176286843706731e-01,6.505181216064190863e-01,6.422399095801633040e-01,7.205691560406249918e-01,4.652717773597280226e-01,8.908889092289230538e-01,9.508491020039980812e-01,1.521850240894135342e-01,5.045487612692477475e-01,3.975778516850067001e-01,3.227445363018316415e-01,6.713853125965330015e-01,9.055424681571745404e-01,7.895879485222967453e-01,8.764649715787566908e-01,9.166811576931765959e-01,6.909773691645891835e-01,8.469957651765567253e-01,6.980283296368550161e-01,6.997068831473401973e-01,8.454547096487117219e-01,4.650732104486895446e-01,1.969409396202821683e-02,4.746930196176195604e-01,7.241083277979932786e-01,9.638890489938939377e-01,2.930748879249266414e-01,8.459623687626522948e-01,9.766457614339894011e-01,9.631075459192671717e-01,5.586819144398371684e-01,6.694985873602243842e-01,8.532920658187604923e-01,2.417365544777742570e-01,7.997869761122449184e-01,8.585117212152759691e-01,3.356026221240243634e-01,4.972980883807165409e-01,8.464776541942815591e-01,7.126663297527062735e-01,6.054272610751537664e-01,7.734285791923691811e-01,6.633891990465242694e-01,8.073928584505107864e-01,5.704031454997948725e-01,8.908349700587160358e-01,1.126714321946173519e-01,1.625307662514085261e-01,7.897846229281350050e-01,6.215751883913425146e-01,9.918954593346480664e-01,5.506212105723912176e-01,2.840399626537598587e-01,2.540979280143552677e-01,9.784500213767186594e-01,8.958993703854881696e-01,9.477749842590471596e-01,4.682880833360283934e-01,8.165004192735673128e-01
8.252196323679247270e-01,5.053316364243560788e-01,4.394352399137065879e-01,7.557567836099906566e-01,8.852072484126746188e-01,7.711528448291756765e-01,4.937861561326526982e-01,9.734473088076909253e-01,6.931734055518584681e-01,8.166817089434730281e-01,6.036025411333671986e-01,4.927433194328547650e-01,9.592481639095131740e-01,8.651009074489829365e-01,7.886999865672004173e-01,2.765999977054637293e-01,9.161432830309392816e-01,0.000000000000000000e+00,7.621936599305804139e-01,8.888188741562450534e-01,9.425655736899155590e-01,6.022894083498132600e-01,1.657402020380377428e-01,8.293286178936616349e-01,4.283783783197236406e-01,6.575218871777726015e-01,6.871247665534050419e-01,4.594017597628773375e-01,6.353633988770780450e-01,4.269222402991835197e-01,5.586590603913932362e-01,4.053660383857259908e-01,8.606008826480832097e-01,8.741722729206264919e-01,7.614591132293656583e-01,5.128716322502308023e-01,2.706109502048602566e-01,9.898707047389365687e-01,4.746658048886762682e-01,7.285144399214563693e-01,7.230790515827376641e-01,5.623219399916943306e-01,3.983012285022845544e-01,7.231842561248715828e-01,8.327339295563714883e-01,6.600957854684366133e-01,6.690966554405316513e-01,6.526082760115137216e-01,1.940723226079055317e-03,8.783239413479514424e-01,6.155304136654913272e-01,7.969600428427530137e-01,6.959458785777681289e-01,6.829263969564358661e-01,6.521122220622128651e-01,9.530176048336365113e-01,6.865400243276295056e-01,9.688581801417699424e-01,6.396569399239195874e-01,6.131236775357158386e-01,1.551602932623558362e-01,5.418438778141297929e-01,9.324115189266692916e-01,8.614439518378194105e-01,7.427901618193182287e-01,2.465445399478492783e-01,8.547553808471703984e-01,7.039078462335317532e-01,7.997034592698364364e-01,6.135552668466158766e-01,9.172086394259461040e-01,8.698025185874985743e-01,1.817698357841046886e-01,4.772322875087477434e-01,2.334763039175792587e-01,5.315503394264237125e-01,7.855397227097070667e-01,7.184957011222806722e-01,3.380304348511828372e-01,2.592308918106047896e-02,4.169591552257927991e-01,7.123521577182050368e-01,9.933787667189509785e-01,6.675504048779142829e-01,6.560781551457987026e-01
