0.000000000000000000e+00,7.821669217926163764e-01,5.517755308196818920e-01,9.117453264065570329e-01,4.180777368898395130e-01,9.545605251606369412e-01,8.164073997653522596e-01,4.228002099302602401e-01,7.460561435189873025e-01,7.681529027620876970e-01,8.020995501517573789e-01,9.053146879066167330e-01,8.187474244013146496e-01,6.170283777452544305e-01,7.518817800276775820e-01,7.243608566682443461e-01,7.340012923475259798e-01,6.598249294700285761e-01,6.658509953318778596e-01,9.204141882623448900e-01,3.996337393817333411e-02,9.655821330825244964e-01,8.127263443969260370e-01,6.616347583296636747e-01,4.382574181759294474e-01,8.455127904364543312e-01,7.179944851100766856e-01,8.725048909747542547e-01,6.914750250103187668e-01,3.706629502146601557e-02,3.264397998981894422e-01,9.119837500994223412e-01,1.721490652767283247e-01,8.230427640212338858e-01,6.640871450289810296e-01,6.988072114725903949e-01,-6.557744936597556529e-02,8.351060968902006554e-01,3.963238021036169512e-01,5.334125270586983492e-01,5.728179485965720907e-01,9.605482763018533543e-01,9.579807426221982336e-01,4.826571882962319981e-01,6.970392233219537825e-01,6.760029551111665924e-01,8.880857232530546819e-01,9.360549048949166062e-01,6.889052735229309610e-01,9.955503590724346097e-01,6.109473036877273167e-01,8.571130479224172705e-01,6.470196957189293663e-01,9.446578841634556412e-01,8.244473719071727658e-01,2.400085478725289545e-01,7.211969063446288519e-01,9.216333527522548863e-01,8.689108704013898121e-01,7.415047393521161379e-01,7.346714940978789077e-01,4.311735124816198916e-02,8.428763022128504812e-01,9.571724474243719083e-01,7.965456548114225876e-01,4.763134893842517203e-01,4.918120096030033639e-01,5.145873717131511649e-01,7.362478594462242842e-01,7.976548717601803506e-01,9.381188957039834353e-01,6.772869639867072911e-01,2.314069663131758103e-01,7.319012844359507053e-01,4.162189107754483697e-01,6.402955669915104675e-01,8.130251607261836932e-01,7.776346938077406401e-01,5.001418300022347774e-01,2.596128840573688409e-02,8.135422403703108651e-01,9.612225326658482283e-01,5.736065005988234544e-01,9.726411052374438482e-01,9.694607785372553188e-01
7.821669217926163764e-01,0.000000000000000000e+00,9.866869293908595573e-01,7.582120579039230979e-01,7.366155123546553884e-01,9.547802719332094679e-01,7.434437941481717438e-01,4.808996797349381902e-01,3.864519314463261690e-01,6.293272783006892412e-01,2.038928123481654198e-01,5.537703591085348931e-01,8.390979991987490560e-01,2.239984035751411695e-01,7.292917794212080418e-01,6.096263844363222217e-01,6.466702735339729946e-01,5.300131211466015957e-01,7.257356999338974157e-01,9.298007544007477199e-01,8.670065841237465376e-01,4.101145331242921355e-01,6.678341033768644408e-01,8.532721373134182219e-01,7.740199266368104070e-01,2.731765010670044180e-01,8.351261543924430875e-01,5.627805302520360042e-01,3.711386736269340902e-01,6.126684387323954040e-01,3.438309735587141702e-01,5.371461275953913761e-01,8.873755091718416033e-01,7.364211617546124744e-01,4.847088023035340809e-01,6.240576942786161263e-01,3.343802636218226043e-01,4.695658093156462876e-01,7.092722110619209541e-01,8.738702022038572492e-01,4.183054824400229688e-01,4.828999424475967639e-01,6.174517265105827768e-01,4.100554462378714904e-01,8.389473470359235519e-01,3.814708171687847260e-01,8.008208618253791489e-01,4.719122580155149516e-01,7.082718163958114932e-01,7.210138610580805185e-01,7.314730323765838982e-01,9.391877249626953139e-01,2.851765629462562068e-01,6.181472572405483090e-01,9.466694570815756826e-01,7.235772621113276681e-01,8.949339873883221941e-01,9.866252596598297231e-01,6.009929061594067035e-01,3.378579760731701964e-01,6.507870461681964924e-01,8.178225715740592427e-01,6.018069827904589664e-01,8.650311035082118849e-01,9.557803931475745696e-01,6.009562863048490966e-01,9.715023623232815764e-01,4.177503676856507697e-01,2.734731099318880032e-01,6.076063754020800678e-01,6.411404922539505336e-01,6.755876163938882017e-01,7.812945229185723761e-01,7.014045155224754025e-01,5.982830911077587910e-01,7.835439516509330460e-01,6.930424251789566448e-01,7.366177390523878099e-01,6.401548717815985778e-01,3.046613435879511611e-01,2.854600331020051840e-01,8.880452095441208060e-01,6.530702884748510462e-01,4.692171886190533714e-01,6.191342134228744465e-01
5.517755308196818920e-01,9.866869293908595573e-01,0.000000000000000000e+00,9.440394218945036275e-01,7.540194467479147677e-01,6.212678457872743421e-01,8.942459407166010177e-01,9.559331732992606412e-01,7.256943372956219385e-01,6.273871824603495240e-01,7.416834069920201777e-01,9.961172734800358697e-01,5.396828722747366580e-01,6.811214158577734157e-01,8.044322515092394710e-01,9.989996756757191232e-01,9.456571359517066400e-01,6.290209106269938344e-01,7.393363237702738067e-01,6.407933930969326175e-01,7.462397297415606090e-01,9.957485591012540382e-01,8.832190662353226474e-01,5.210323448493073828e-01,8.911953421082418059e-01,2.939718196125774008e-01,8.472911175342471291e-01,8.823205060363259467e-01,4.040968112124922462e-01,6.547768880819848647e-01,3.468340419791573342e-02,2.205304533245092402e-01,9.800558315400341725e-01,8.756591547217384974e-01,9.172169347866858669e-01,4.035144193241727018e-01,4.154544031418389016e-01,8.853805865630978156e-01,6.375138923797318835e-01,8.671338655530851369e-01,1.097159610776177879e-01,9.993199623861913627e-01,8.510035798260082718e-01,8.750297657823321584e-01,7.936498851423170464e-01,9.197773177263801614e-01,9.571988628129017851e-01,6.641022633080577720e-01,8.910478552152224507e-01,4.810944844606248605e-01,6.968885236118923521e-01,8.607906889896690394e-01,7.824324957337972508e-01,9.068571685835719043e-01,6.386507501668630127e-01,6.530480571318050265e-01,6.802374233649732815e-01,9.676675792382352093e-01,7.563755021859296379e-01,9.850707682414648891e-01,9.428740110029936172e-01,9.287075695094879624e-01,8.244269506149531912e-01,8.794881340553620808e-01,5.787107126629753573e-01,7.739448931154214728e-01,9.784374263236726987e-01,9.704683675265205478e-01,9.912706315297182824e-01,8.996080075323135139e-01,6.818685412213889574e-01,9.007636079227842041e-01,6.513984394563488989e-01,5.527557594939253027e-01,8.030102188494445681e-01,7.510139006999906330e-01,9.677314874563726077e-01,9.641991752986096564e-01,3.815160641060598712e-01,5.182320141098381017e-01,9.699890603206765549e-01,8.640848863232550858e-01,9.000745003274387424e-01,7.645836089452001660e-01,6.232983619407439502e-01
9.117453264065570329e-01,7.582120579039230979e-01,9.440394218945036275e-01,0.000000000000000000e+00,9.449836018323662934e-01,7.653583178694761679e-01,4.885938164483745183e-01,7.787037675880474907e-01,5.064625285114238151e-01,8.766346005786580520e-01,6.065241138943471277e-01,6.201224352981410393e-01,6.363944165166464106e-01,5.872379369727260823e-01,6.265923905820719453e-01,7.782395289584200793e-01,8.066596703483853714e-01,8.705906095515197896e-01,6.956707277201397144e-01,4.254456391422470340e-01,6.504926305384679530e-01,9.901637927920577953e-01,8.969701959569643668e-01,9.084176609072273090e-01,7.516886665380406729e-01,-9.020571469568960943e-02,9.135811615337730007e-01,4.891204689086181001e-01,3.111544004324972579e-01,3.242537725319430408e-01,1.703377761954841807e-01,6.822843178705401135e-01,9.720564172057890584e-01,7.617627118132135333e-01,5.561230667401750871e-01,2.259859955800652964e-01,3.478551211938298859e-01,8.220425006531805190e-01,6.549585415432167546e-01,6.015943475643346083e-01,5.612163466978082882e-01,2.906958919990016987e-01,9.844091267363730413e-01,7.542243779746684584e-01,9.312535008106406220e-01,4.438869554193148326e-01,8.937723598227714783e-01,3.528086171730799858e-01,7.187446050815946563e-01,8.558404290913551593e-01,5.002381732458647257e-01,2.351988795525093157e-01,9.543634204831661361e-01,6.284066206446555780e-01,4.083658918928608772e-01,9.548098679904623021e-01,9.313266208844306338e-01,9.294434628300439760e-01,6.593391783778853599e-01,6.369680383729005024e-01,6.496682207659663089e-01,4.925133467408699395e-01,9.248509705703693573e-01,7.015342464322634752e-01,6.144473030013739567e-01,8.451297203846190875e-01,9.622199283021284355e-01,4.617473712658344276e-01,6.855211033677157673e-01,7.360018968118028360e-01,6.079501373181915858e-01,6.441402884766967984e-01,4.040435844010657473e-01,6.915980341433922707e-01,5.904252515847351335e-01,5.087960499725395769e-01,7.812816490952380066e-01,6.979081593795413152e-01,4.276857852556347206e-01,4.996099543832780432e-01,9.477327714070441500e-01,9.967396728977526710e-01,8.775762654660235196e-01,3.355856769136633666e-01,6.337234717995882116e-01
4.180777368898395130e-01,7.366155123546553884e-01,7.540194467479147677e-01,9.449836018323662934e-01,0.000000000000000000e+00,7.481764511235728943e-01,5.852338809398474062e-01,7.435428614640477996e-01,9.985668439829302745e-01,9.417566018646229553e-01,9.271733697600285096e-01,8.074042625013712060e-01,6.074076184111100174e-01,7.523947464478186742e-01,4.555611337882988776e-01,9.482828839115111652e-01,6.234800299993079609e-01,9.210672071951486739e-01,6.956253861024862539e-01,7.097095883256727689e-01,8.463649731339841775e-01,7.006257340546612200e-01,7.376423397230655876e-01,9.548146464638519459e-01,8.703902154464924212e-01,7.915136242825882018e-01,8.653300129889553993e-01,9.197088104369660622e-01,4.386990556643998174e-01,4.002364234204640603e-01,1.544926327474362426e-01,4.658850951506908200e-01,5.371173211214856913e-01,7.557993779919862654e-01,9.223910120631624299e-01,5.652723543648152660e-01,6.333145824170081095e-01,7.007232572868851150e-01,8.030820483862030068e-01,6.313497560440394230e-01,7.705186443209772751e-01,7.062376663317162517e-01,7.416229486450571784e-01,5.155865143908180404e-01,6.962655035226469336e-01,8.159878595372543897e-01,9.858212609490780709e-01,6.251046994413029800e-01,4.116385132743476949e-01,5.376085604671538842e-01,6.043328497811412126e-01,8.407516649852676549e-01,2.840334868415477221e-01,5.147172623637678024e-01,8.186334901046324886e-01,2.611135780863024780e-01,6.720855393779691100e-01,7.676479592633661531e-01,8.763828645407565343e-01,3.318150150774081819e-01,7.762591447208915252e-01,9.821066626197029192e-01,8.093814217221887430e-01,4.819139208488547599e-01,4.160866145895185109e-01,6.915144240136167353e-01,5.853897933178749957e-01,9.131401190329040407e-01,5.043019329190638889e-01,3.407874579260133929e-01,8.268411256588157343e-01,4.225197037456523974e-01,2.659776161741624900e-01,9.793807171190624938e-01,7.614155123809592807e-01,6.213423858319087056e-01,8.298675590165810467e-01,2.175535479385506676e-01,4.895763519808004616e-01,5.465579095857715508e-01,3.918718329405614931e-01,9.242410212552718551e-01,8.308133163564070944e-01,6.292981065400007346e-01,6.351593754355902011e-01
9.545605251606369412e-01,9.547802719332094679e-01,6.212678457872743421e-01,7.653583178694761679e-01,7.481764511235728943e-01,0.000000000000000000e+00,5.721140651028071566e-01,6.411555207404220358e-01,4.761288143266829143e-01,4.716914740889892044e-01,6.379662386386519835e-01,7.463860176614682818e-01,5.010225674397599249e-01,4.572930364286436622e-01,8.566826502790063635e-01,9.757932598912641975e-01,5.180502246309864889e-01,7.607133432058237332e-01,7.455955437604038227e-01,9.586873782022148349e-01,7.848079155699790865e-01,7.507296424356879605e-01,9.008710851502089723e-01,4.458023198899212503e-01,5.555047008063885849e-01,2.661920182286913739e-01,4.417689287845265045e-01,6.597092007032683281e-01,6.963141096885552273e-01,-1.043238596982920541e-02,3.822578282251385406e-01,7.064095251041156986e-01,5.959194868398033362e-01,6.770606963381693433e-01,4.972430484399465445e-01,9.155012270129041507e-01,3.292978352839143197e-01,9.574461752772832623e-01,6.597809191577129750e-01,3.171229231244012126e-01,9.969414959609754767e-01,6.645439843128496671e-01,8.573806635833276513e-01,8.779500480976580867e-01,4.750573353193032755e-01,8.754362536428390573e-01,7.231496158052306278e-01,9.735478561301729172e-01,3.209332951723797844e-01,4.821161063618015774e-01,4.268951794636497432e-01,5.691447042015922442e-01,3.889862128096889249e-01,6.997871462873704873e-01,7.985765938155371391e-01,8.143928322067489622e-01,3.032576036359937444e-01,1.381037835926954283e-01,9.789350042127156204e-01,3.086082358316143415e-01,2.898366218251401394e-01,5.885007535067195983e-01,7.680462415019029265e-01,7.225624758500289735e-01,8.472365075353402997e-01,4.022689491715365495e-01,5.405335397915991269e-01,9.068792836309148564e-01,2.168365352217450637e-01,2.885996058847641876e-01,8.787598698538533482e-01,2.522560751893263564e-01,3.739667933010681344e-01,5.828611434765378352e-01,4.604455637343716212e-01,8.344379708019612485e-01,9.706778377651992251e-01,4.890126694650715478e-01,4.637868623179541294e-01,4.283352649292558878e-01,4.560478225939018082e-01,7.774048993084704540e-01,2.289832868394989229e-01,5.150106725306620170e-01,7.947879379975483216e-01
8.164073997653522596e-01,7.434437941481717438e-01,8.942459407166010177e-01,4.885938164483745183e-01,5.852338809398474062e-01,5.721140651028071566e-01,0.000000000000000000e+00,6.696609013346822570e-01,5.340304460840261669e-01,7.315715968051006435e-01,6.595100890596427012e-01,7.660343669245334164e-01,7.784972493911666014e-01,5.857681165886983177e-01,3.930208765970126805e-01,5.646534596631741509e-01,6.087958568757454447e-01,5.529837429938184723e-01,6.510677692425574925e-01,6.371045567561602896e-01,8.442195450150808966e-01,4.616680478803697474e-01,6.372137878997687910e-01,7.306308551245053184e-01,6.733236660083150582e-01,9.281784120494078749e-01,5.246270746990193690e-01,6.680587672624975770e-01,6.016126814221151031e-01,3.066802586450512735e-01,3.283755610390264312e-01,2.564869369647994612e-01,6.894513187915091157e-01,7.031184346223404713e-01,3.622767874403827193e-01,6.919000256509427738e-01,5.199152255622147001e-01,1.623345879102033040e-01,9.475907402707477445e-01,5.061896900316634751e-01,2.247911378005846839e-01,5.515356463589909941e-01,9.868257780736926499e-01,3.324235893130876862e-01,8.000220006814339202e-01,2.951267085742262930e-01,6.948278109222392196e-01,5.009377598146902422e-01,6.476155788973827487e-01,3.320957455112732437e-01,6.407165449069788243e-01,5.386627722508215976e-01,2.804045213808232795e-01,5.982619531046076133e-01,9.818492831214318262e-01,9.822958439112633444e-01,7.417199422540463605e-01,7.522160263769175348e-01,2.767524526519351546e-01,3.537374507547841329e-01,2.570934644936735958e-01,7.143131825005113456e-01,3.525268851407998838e-01,7.085188743118774335e-01,5.972615411387636186e-01,5.858131424687881283e-01,2.002653478986766711e-01,7.990346604265929908e-01,4.710819638272353282e-01,8.533879941780204703e-01,7.716025075989542126e-01,7.164469270810839285e-01,1.548502728201593959e-01,4.474482582824841348e-01,4.382223933019711026e-01,5.125745228966589739e-02,5.339920326997245059e-01,5.790742109691000561e-01,7.180713050832079336e-01,4.594650674977200921e-01,6.953388443255266171e-01,7.583766942324822180e-01,6.663908850839823650e-01,7.688943016658685847e-01,5.459770278322738646e-01
4.228002099302602401e-01,4.808996797349381902e-01,9.559331732992606412e-01,7.787037675880474907e-01,7.435428614640477996e-01,6.411555207404220358e-01,6.696609013346822570e-01,0.000000000000000000e+00,5.193402686778559874e-01,6.239789109632487563e-01,6.774616565557844972e-01,6.137544366781667593e-01,3.198152450446997141e-01,4.065256606461218336e-01,2.287510164921721656e-01,7.034295863181553310e-01,6.142336484044460532e-01,9.020435578519556685e-01,7.767045993495471645e-01,9.319184839345958649e-01,8.707092987641881221e-01,9.839578677718254784e-01,7.964753056828444144e-01,9.292212285378151915e-01,7.096071292642307515e-01,8.779351488105657797e-01,6.491319701398039488e-01,5.808544618447586405e-01,7.484281344837034888e-01,4.911972451312744403e-01,9.943775430500963186e-02,4.999810121609649660e-01,6.970116149578342579e-01,6.927364476355496459e-01,6.148789357526177612e-01,5.843413411525586465e-01,1.480604390400606374e-01,6.160224399515191740e-01,5.337887638909400989e-01,7.243209126392535779e-01,3.078031799408328939e-01,4.240819043005330524e-01,6.165362080498340003e-01,4.838803932715525224e-01,6.597416846062387208e-01,6.465383383397615980e-01,4.595795895208255044e-01,8.699695621795469069e-01,5.572491197334208390e-01,5.612330709161182929e-01,5.688746280790166754e-01,6.162659291481303869e-01,2.744698775733941387e-01,5.695630938439373292e-01,7.827594489730602678e-01,2.144299250055064013e-02,8.815246629593352923e-01,7.394463640488654343e-01,4.371662515941227012e-01,1.598476734923260367e-01,7.107232033909117730e-01,5.505029839717522355e-01,8.213362771895689196e-01,8.989694162354127105e-01,2.727004729825181495e-01,7.783285682637279823e-01,9.406547967307329339e-01,4.703449742106091680e-01,5.992965763419079162e-01,6.315799200067051533e-01,6.747794767077757161e-01,2.567122534411192536e-01,4.141670586493917394e-01,4.469900564676903554e-01,3.203193971306568244e-01,5.026087653026956037e-01,5.784532633005770030e-01,4.506951863428921290e-01,3.206915829877138857e-01,2.364209351663662528e-01,4.606142108518435641e-01,9.644810198199594842e-01,9.848720345859142133e-01,3.898525909042701576e-01,5.852691774157816607e-01
7.460561435189873025e-01,3.864519314463261690e-01,7.256943372956219385e-01,5.064625285114238151e-01,9.985668439829302745e-01,4.761288143266829143e-01,5.340304460840261669e-01,5.193402686778559874e-01,0.000000000000000000e+00,5.068725786438481595e-01,3.138575373783001332e-01,5.579124271816893188e-01,6.640160464282458541e-01,8.640820360667598177e-01,2.946017639809681565e-01,9.550815806452559453e-01,8.116749975239709869e-01,7.046443871993255392e-01,3.383175128246253965e-02,9.960973301803097701e-01,8.773101425008678067e-01,6.877332729387855004e-01,7.820706388688352106e-01,6.505721064686080801e-01,7.082832964103449314e-01,6.029452194560002143e-01,9.859375815016987454e-01,8.241073732387048656e-01,6.351405491580992546e-01,5.613053863453884018e-01,4.150552171995051109e-01,4.553415953833103713e-01,4.157216170224670160e-01,6.458059226950969567e-01,6.976183411824754543e-01,4.398791731427521556e-01,-8.078257355889811864e-02,9.591226339858273109e-01,6.750309391697739692e-01,7.053071581516485722e-01,3.893405894582021576e-01,7.573921870865023553e-01,3.147429675962665208e-02,6.346378877121851003e-01,6.883146934872322875e-01,7.497516528602182762e-01,9.169752685523293589e-01,9.206893829702986753e-01,6.498858732259424897e-01,6.220001324532590248e-01,8.711319675341855362e-01,6.307215946237387794e-01,6.252532886457022876e-01,4.220907194637915083e-01,5.650989036981999281e-01,5.406685752048006055e-01,6.382727459932935332e-01,8.247886858716309000e-01,7.158747453983653752e-01,4.283641218039869192e-01,7.166325271689465426e-01,9.682559035351828713e-01,4.131251420536826702e-01,9.449139243871023108e-01,7.537271397438788378e-01,6.745389801331762580e-01,8.527309598600112395e-01,7.156070528701713451e-01,3.568650159170126956e-01,2.773982311701120862e-01,7.062849904536853129e-01,8.564610962363988778e-01,3.393616827544768122e-01,2.621958986695721028e-01,4.493645927234389270e-01,4.731422734600593816e-01,8.335199224482418012e-01,-1.849535041443053918e-01,2.882571739402285393e-01,3.404057028927694462e-01,7.845793097979940622e-01,8.863028842159006437e-01,3.091484223669412890e-01,-2.598402486219079099e-01,7.730426444231218719e-01
7.681529027620876970e-01,6.293272783006892412e-01,6.273871824603495240e-01,8.766346005786580520e-01,9.417566018646229553e-01,4.716914740889892044e-01,7.315715968051006435e-01,6.239789109632487563e-01,5.068725786438481595e-01,0.000000000000000000e+00,6.281750083461292711e-01,8.447131709177110315e-01,7.716586579197608486e-01,8.384885232411362077e-01,5.489499915948790054e-01,-1.140009587679313013e-01,9.624882981553040118e-01,6.246444674490967408e-01,8.482673563367031377e-01,8.974180325770872990e-01,8.558187059271393782e-01,6.659488298601536904e-01,6.757026871209237395e-01,9.378708409571258064e-01,1.006592139127556323e-01,6.695923257854131672e-01,7.447652269558829863e-01,9.495858066050814061e-01,6.649681184152326230e-01,7.659629233583518104e-01,3.194119621852953284e-02,5.146586108548406591e-01,5.647246609631679792e-01,8.634061202782130628e-01,9.467993992623050525e-01,4.797899122528104243e-01,9.876482133116744055e-01,6.694064358160570771e-01,9.503338422440130717e-01,7.025176559990954361e-01,6.517664752128787820e-01,9.155679112518734231e-01,6.648635428491739274e-01,8.748160653637895301e-01,8.898122530383972828e-01,6.401526202145229050e-01,5.535443802485726650e-01,8.425306738076131507e-01,8.567669069781164159e-01,9.875629032894222004e-01,5.903654785570661145e-01,9.926910044171597391e-01,6.987990875464952234e-01,4.212933967778542121e-01,7.255491387589365626e-01,7.541698704737649361e-01,5.331627462275477791e-01,7.513284072703195482e-02,5.597309428988516133e-01,5.065216107291532488e-01,5.444163884494761518e-01,6.795465317842037667e-01,4.016019036027200229e-01,7.863150847238318253e-01,6.952943369980186805e-01,4.270748606509071066e-01,4.829616543277765461e-01,4.627355427477700123e-01,6.948141953131997672e-01,9.603269871923775236e-01,6.165397316287216656e-01,7.340150605876359924e-01,4.592699609459306442e-01,8.371855510620107577e-01,7.733441931076412423e-01,9.230703186115658543e-01,5.606452205233919406e-01,2.387320026841678045e-01,1.002429642176640573e-01,4.706990807984558489e-01,3.437303012879974751e-01,9.109314029577412208e-01,4.605267774839286732e-01,1.164347598252267746e-01,4.127286483552961571e-01
8.020995501517573789e-01,2.038928123481654198e-01,7.416834069920201777e-01,6.065241138943471277e-01,9.271733697600285096e-01,6.379662386386519835e-01,6.595100890596427012e-01,6.774616565557844972e-01,3.138575373783001332e-01,6.281750083461292711e-01,0.000000000000000000e+00,6.179171968000418680e-01,8.054845919143595045e-01,4.476798178032525555e-01,8.525971888514636277e-01,3.518463243751027147e-01,9.149177463410893552e-01,6.925690946357493383e-01,7.014786651600194434e-01,8.303229304404164957e-01,4.014753728355021090e-01,6.520039399785859668e-01,7.930933236875661319e-01,2.021473395222847247e-01,2.447654723801683807e-01,9.329740627277582909e-01,6.191795654900217327e-01,7.346959770666100509e-01,5.769217031483689917e-01,3.875148073511812674e-01,3.155193976478029017e-01,4.079147299297274376e-01,5.666612876438461566e-01,7.229221194422842389e-01,3.467198125255082641e-01,1.801500347977722793e-01,7.877143566464356317e-01,6.999291627462799203e-01,8.854410478897333237e-01,6.691388334455055098e-01,4.544494493129319634e-01,7.910640799918082777e-01,6.199782264569749790e-01,8.178743201218003911e-01,9.998520934426209372e-01,7.668214267626298764e-01,7.254016936865922416e-01,9.398748230437646844e-01,1.447685031045757853e-01,5.498198953124882049e-01,4.297179530229848776e-01,7.890622903261054200e-01,2.484437590811044427e-01,7.634567947567506563e-01,7.289545807394035570e-01,5.668892946959496193e-01,4.805579626812941374e-01,8.147670272814485637e-01,7.447345627282790925e-01,9.001598581782505049e-01,3.515508308518106029e-01,8.697191462861072475e-01,9.252527591312409427e-01,8.855034731839197537e-01,7.774633410385223264e-01,9.353781191165544406e-01,9.163167176879971620e-01,7.269778487474010120e-01,7.856654052499771890e-01,6.279421107095223276e-01,7.321944323827040968e-01,7.968943301655686540e-01,8.210514588490028798e-01,4.320280365159658298e-01,5.112098074103853529e-01,6.063238612180746889e-01,4.131310806757120813e-01,4.836518166188917278e-01,2.774698649225680880e-01,2.715206421019658589e-01,6.496762188665297089e-01,8.821507590620982775e-01,8.529935432815017871e-01,7.799136040332546038e-01,9.317130779323773426e-01
9.053146879066167330e-01,5.537703591085348931e-01,9.961172734800358697e-01,6.201224352981410393e-01,8.074042625013712060e-01,7.463860176614682818e-01,7.660343669245334164e-01,6.137544366781667593e-01,5.579124271816893188e-01,8.447131709177110315e-01,6.179171968000418680e-01,0.000000000000000000e+00,6.495772178778891348e-01,9.542768062756746827e-01,6.917204466134633245e-01,5.144942996353463194e-01,7.688274155264331888e-01,7.094664773718237782e-01,5.486927942164301353e-01,8.321904808585594004e-01,8.342053885536622193e-01,7.916169037113137685e-01,8.584925756988354140e-01,2.128770780240225313e-01,7.439095284895117510e-01,4.986662249469046571e-01,6.670499048947191589e-01,7.806569280730502047e-01,2.429096930361938633e-01,4.952271160863439547e-01,2.067819129992164995e-01,8.080229089340166260e-01,5.103346252735404542e-01,7.152215151036999119e-01,4.114017698075764923e-02,4.464241604925870410e-01,5.662290960449386512e-01,7.080384197678997182e-01,6.490436316741499123e-01,7.194037110754848419e-01,2.359040342299547066e-01,7.464834915871976229e-01,5.052567548210255000e-01,9.039572618820114203e-01,8.342456758942214945e-01,9.885383633565244521e-01,6.917581838326463117e-01,8.079388179469874087e-01,9.797909121014406475e-01,6.771853164475195586e-01,4.275313007981679791e-01,5.313312727498371579e-01,8.985296886718459053e-01,6.079387363734793936e-01,7.016536255449058457e-01,8.203903352851422692e-01,6.936226035302263115e-01,5.555951325394733464e-01,7.857319337055719277e-01,7.511164968484097537e-01,5.338600058519765712e-01,6.471896065511481000e-01,2.258329024984835898e-01,9.918445559529223132e-01,8.856990429180248148e-01,6.323539722092760273e-01,9.654940552792958819e-01,9.818515421166009727e-01,1.303256056671874274e-01,6.204878909632091100e-01,6.518939515554078579e-01,9.322318573163301814e-01,4.412152771250517636e-01,4.753096953296496729e-01,4.296462523393946853e-01,8.547323207993268168e-01,9.025878480573898965e-01,9.838896060308662816e-01,4.423212112780818828e-01,3.912596838944019106e-01,7.490531062430234588e-01,8.469186404642552457e-01,9.490332314547075265e-01,2.892741439314283625e-01,9.471371716025713816e-01
8.187474244013146496e-01,8.390979991987490560e-01,5.396828722747366580e-01,6.363944165166464106e-01,6.074076184111100174e-01,5.010225674397599249e-01,7.784972493911666014e-01,3.198152450446997141e-01,6.640160464282458541e-01,7.716586579197608486e-01,8.054845919143595045e-01,6.495772178778891348e-01,0.000000000000000000e+00,9.786837081910061409e-01,8.987657741636333464e-01,6.556444076659002640e-01,6.235888145141336159e-01,7.089962500761336495e-01,6.376464032516027114e-01,8.342171699424317799e-01,6.690053123722013995e-01,8.551572666022174696e-01,9.604123845640519797e-01,8.911716648799443696e-01,3.635433968869661303e-01,1.603011440801902499e-01,7.278981279782793523e-01,7.393883633586471049e-01,2.597976168780745110e-01,7.659961487095112709e-01,7.679630638133029263e-01,4.581685577624037831e-01,9.370610466944933048e-01,6.078509046888904699e-01,6.900948060093154979e-01,5.890831494938681967e-01,3.380653209685871019e-01,6.108258442533442967e-01,6.430832459281884406e-01,8.223523017999770923e-01,7.016760699709745364e-01,8.557195948617708492e-01,9.469849447503082551e-01,6.003061351828667958e-01,9.487802479203605310e-01,6.175857489309646287e-01,3.643137984117766903e-01,8.838439031295354242e-01,8.279617115454284137e-01,8.733563362189595836e-01,7.587527760194194837e-01,8.585036998450368273e-01,6.759969613261739285e-01,6.922864405350293016e-01,8.490991477625479122e-01,7.326101252553528509e-01,6.202033746436306227e-01,3.279443637938092015e-01,9.597417737457561993e-01,6.637475915818343841e-01,2.496590563458557788e-01,8.583373486037622069e-01,6.142931036709494697e-01,9.971934412354666044e-01,8.750303316274048449e-01,6.054294613432901206e-01,8.147379698077195087e-01,9.785018789427457619e-01,3.310013245007813465e-01,7.286367440416823271e-01,8.270682603775297848e-01,9.185151814698787609e-01,3.555228148026804980e-01,2.525606539404079975e-01,8.197274217545182928e-01,9.469441939714789980e-01,7.423157766839646454e-01,9.551753226582780920e-01,7.704245894687025698e-02,4.611842209532108772e-01,6.539704908992683974e-01,3.665469723614320774e-01,6.660371011569632405e-01,1.267194089410405566e-01,8.778491932758262228e-01
6.170283777452544305e-01,2.239984035751411695e-01,6.811214158577734157e-01,5.872379369727260823e-01,7.523947464478186742e-01,4.572930364286436622e-01,5.857681165886983177e-01,4.065256606461218336e-01,8.640820360667598177e-01,8.384885232411362077e-01,4.476798178032525555e-01,9.542768062756746827e-01,9.786837081910061409e-01,0.000000000000000000e+00,6.940492581854761367e-01,7.679923394306429341e-01,5.836739423822862038e-01,6.216127832885518512e-01,6.285168644279138794e-01,8.975344609872186741e-01,3.253806255041425954e-01,8.600203774287692449e-01,7.784091571865235926e-01,8.257442938928399867e-01,6.592711244313546048e-01,4.753189554223123392e-01,3.690873406456773309e-01,6.389183357062182544e-01,5.340225132874545366e-01,7.557956526466877989e-01,3.552117298406478607e-01,6.983421591646865600e-01,5.732278053886886715e-01,9.319762317079517411e-01,9.015786475703239100e-01,7.736572899766932521e-01,7.919870923055842837e-01,7.024349816024030302e-01,7.572629516579875153e-01,8.506377898797414794e-01,3.908298617086517490e-01,9.746292673274254970e-01,9.721744349850489630e-01,8.471513172076819975e-01,9.124006491434558663e-01,4.009083382902394743e-01,7.611395479151075172e-01,5.390141727083375134e-01,6.626335684027049311e-01,9.867741853756093473e-01,9.819975509984187056e-02,5.780540432143141949e-01,9.913206219155268339e-01,8.106931939460766401e-01,6.748919487498037384e-01,5.525676137639723429e-01,8.017815768465580417e-01,7.208732473271161068e-01,7.520359802251607162e-01,3.846822378282742649e-01,5.583541261512995346e-01,8.575020747893205009e-01,8.760415271900744427e-01,8.924828506112026938e-01,7.246640577883614043e-01,8.241157104634923014e-01,9.518766005988290591e-01,9.845938258791708808e-01,4.756401580428331055e-01,8.331685974431930486e-01,9.667571259126095384e-01,5.402606272894192596e-01,2.950270623934204695e-01,9.320451199188433122e-01,4.370652701394616146e-01,9.368135097284192581e-01,8.988527661968583882e-01,8.006381619942775085e-01,-1.172554479920554227e-01,2.356029240091399024e-01,9.471779870505971921e-01,6.470094497655892729e-01,5.239115129320415232e-01,-1.419163248514845599e-01,7.612955877285794148e-01
7.518817800276775820e-01,7.292917794212080418e-01,8.044322515092394710e-01,6.265923905820719453e-01,4.555611337882988776e-01,8.566826502790063635e-01,3.930208765970126805e-01,2.287510164921721656e-01,2.946017639809681565e-01,5.489499915948790054e-01,8.525971888514636277e-01,6.917204466134633245e-01,8.987657741636333464e-01,6.940492581854761367e-01,0.000000000000000000e+00,9.691528313800685801e-01,1.339050716757930748e-01,2.300354637151431070e-01,6.511111113598708755e-01,9.248640578691766923e-01,8.661092567576685886e-01,4.585344821421481476e-01,6.169206885083813319e-01,7.197502085216358481e-01,4.631172018809092683e-01,7.013044416283040761e-01,9.009755900448770394e-01,6.977583069381969594e-01,-7.188896656330118207e-02,4.274207554236919004e-01,3.049637409821622236e-01,6.524948947983937320e-01,8.704369864587184757e-01,5.455244349835551843e-01,5.936445563930352609e-01,7.543096195303367058e-01,6.563354474798075433e-01,3.258573794359315157e-01,5.165026002385065818e-01,8.447959335458246066e-01,4.218488023273007093e-01,3.200523611514076161e-01,9.910956726065365263e-01,9.730837964678067387e-01,7.993240406121508990e-01,4.828517350115009155e-01,6.226153743220248504e-01,6.700873074920494776e-01,5.457275001905895762e-01,7.755845332944437676e-01,5.086075177557390914e-01,9.064109063763532426e-01,6.332769305699356144e-01,6.443808997958914153e-01,7.803493804254620914e-01,8.758586717204244199e-01,7.675819490781852217e-01,7.906728144144971049e-01,6.138980919329484198e-01,7.707862454788212414e-01,7.457097287786109696e-01,7.298377692831151675e-01,5.316957247160720712e-01,5.535614032995309630e-01,8.260757770342013195e-01,6.940528544434287905e-01,4.020204372472824805e-01,9.758677158530905116e-01,6.963463470028344870e-01,7.776477597880744330e-01,9.819832899100906509e-01,3.856043329661645869e-01,2.472213856450536096e-01,4.683832962186907922e-01,4.305322178788911769e-01,7.668655118324548825e-01,6.976508460112826882e-01,8.183768662353116952e-01,6.158057396511218418e-01,3.504773858985084645e-01,4.054373687839918361e-02,4.197979288634965944e-01,7.242676855439099670e-01,7.976604141749177312e-01,5.773233815244772638e-01
7.243608566682443461e-01,6.096263844363222217e-01,9.989996756757191232e-01,7.782395289584200793e-01,9.482828839115111652e-01,9.757932598912641975e-01,5.646534596631741509e-01,7.034295863181553310e-01,9.550815806452559453e-01,-1.140009587679313013e-01,3.518463243751027147e-01,5.144942996353463194e-01,6.556444076659002640e-01,7.679923394306429341e-01,9.691528313800685801e-01,0.000000000000000000e+00,7.278570813230087477e-01,5.585520298693460450e-01,7.381000432766930963e-01,9.431806444375065990e-01,8.777602885532285182e-01,7.233863342830395560e-01,9.361103550508779181e-01,9.630588110337314767e-01,6.362929684055464996e-01,8.180058084998691470e-01,8.002726647413785921e-01,9.241036957816251007e-01,2.720346035934148587e-01,7.993227963929798729e-01,4.192914154214348876e-01,6.220365056239253176e-01,7.114876975224848632e-01,7.025413730258139866e-01,4.288646268356240410e-01,7.035841291584573609e-01,-8.857363454629985089e-02,9.927225876473185773e-01,8.016851641249053140e-01,7.803917274965356254e-01,4.711863092220947569e-01,5.306092985791243111e-01,8.461687580166274980e-01,7.734162609659314125e-01,9.816289813011938037e-01,8.923735426555450267e-01,6.891014996591632302e-01,7.088662193436908732e-01,7.182771305846789023e-01,9.826350263024002940e-01,1.797258035097068496e-01,4.449904029112707327e-01,9.066409057388170600e-01,6.316380654311689602e-01,6.277560397051640262e-01,8.234549747455077728e-01,7.456641984695847603e-01,7.276170987416874514e-01,8.744421124207858442e-01,6.245486461372081743e-01,4.440437793209557893e-01,7.341614582821027746e-01,4.027782279138156785e-01,5.245665485250823323e-01,8.880857077227954921e-01,6.521967107705168853e-01,7.184822609215734124e-01,8.520696546601453925e-01,9.737600464800238997e-01,6.752621575402955045e-01,9.056295679324057879e-01,8.590613796612776021e-01,5.890506132192085964e-01,1.193965538286695244e-01,3.137399086499543799e-01,7.461207278957964206e-01,7.249418873960746801e-01,-3.627390732327098744e-01,6.308061883767316358e-01,2.802374097588855029e-01,7.911961154333714275e-01,7.689288927767944370e-01,8.283813194125005941e-01,2.658184697185374534e-01,-3.388168245417139124e-01
7.340012923475259798e-01,6.466702735339729946e-01,9.456571359517066400e-01,8.066596703483853714e-01,6.234800299993079609e-01,5.180502246309864889e-01,6.087958568757454447e-01,6.142336484044460532e-01,8.116749975239709869e-01,9.624882981553040118e-01,9.149177463410893552e-01,7.688274155264331888e-01,6.235888145141336159e-01,5.836739423822862038e-01,1.339050716757930748e-01,7.278570813230087477e-01,0.000000000000000000e+00,8.191761622235121942e-01,9.349746169295695131e-01,4.908618514772393748e-01,6.955366186759917024e-01,8.636288494790148595e-01,8.671473916550571648e-01,8.458913440937668726e-01,6.962056014426187822e-01,9.335003582265046784e-01,9.213357681429653612e-01,7.753249159073902774e-01,5.156655515659630540e-01,5.522858588180576955e-01,4.304670403236374732e-01,6.106780334148986800e-01,9.860507856676826721e-01,6.910372675620770622e-01,7.712030440830461853e-01,2.901914082163988828e-01,4.263941545967963043e-01,7.202044532382732012e-01,7.583180029107785547e-01,9.044090010213930997e-01,7.210754363111328002e-01,3.210151692036007642e-02,9.825453087902139560e-01,6.110628815531657931e-01,8.989775866591608322e-01,6.018144170156718847e-02,5.712048181513723621e-01,9.263047420417456213e-01,6.292102077937694604e-01,6.153651874389343135e-01,7.053892078285093348e-01,9.051096086065969493e-01,-2.669772640399517560e-02,9.781503731246209421e-01,8.039495266819350894e-01,7.846960825959821140e-01,6.054265902424681434e-01,4.840788303684923077e-01,8.053663372236277151e-01,7.626270487437396550e-01,6.849814778353349176e-01,4.236439368631054192e-01,9.306440931222714763e-01,5.231442418776859338e-01,2.938066973058366393e-01,9.525704588027349429e-01,4.514220402886807149e-01,6.285664558294398185e-01,6.838192336053443565e-01,4.461255037577627203e-01,8.078055159788766204e-01,8.824771257530420465e-01,3.313817999746682119e-01,6.449144065232100820e-01,8.563526065603378479e-01,6.650124287067965545e-01,9.551909657519028762e-01,2.913200574110653696e-01,7.608411800670240588e-01,1.177785388141697198e-01,7.216385487488558015e-01,7.668202603388583061e-01,7.966843015475318923e-01,4.698597260131663900e-01,7.899256986168392558e-01
6.598249294700285761e-01,5.300131211466015957e-01,6.290209106269938344e-01,8.705906095515197896e-01,9.210672071951486739e-01,7.607133432058237332e-01,5.529837429938184723e-01,9.020435578519556685e-01,7.046443871993255392e-01,6.246444674490967408e-01,6.925690946357493383e-01,7.094664773718237782e-01,7.089962500761336495e-01,6.216127832885518512e-01,2.300354637151431070e-01,5.585520298693460450e-01,8.191761622235121942e-01,0.000000000000000000e+00,6.047870457669862754e-01,8.831876915216239077e-01,8.509412348036201612e-01,4.472952396217856341e-01,2.644838047265626324e-01,9.996435500347532477e-01,9.026321848679537130e-01,8.883521395175919544e-01,7.299982189704166124e-01,1.023682580330925185e-01,2.888784357775134315e-01,3.263374331761169644e-01,3.262925124941341570e-01,6.973785710046859210e-01,6.428476997852299313e-01,8.631737201563378925e-02,3.559378676045066303e-02,3.249378188039378501e-01,3.523287061833992873e-01,4.612293097385344876e-01,6.274909003329135482e-01,7.267863378063720292e-01,9.362394376763907289e-01,3.217041922113698105e-01,4.637866163533657105e-01,2.115907455614415844e-01,6.075862767517140606e-01,7.030870808627800450e-01,9.689067785502206709e-01,8.679185560959457035e-01,8.186831290366552993e-01,4.941089687694744104e-01,2.591329079717292760e-01,4.990675001002747302e-01,9.865208610350477691e-01,6.484136055105244045e-01,4.209186501472244601e-01,7.293900383048266267e-01,3.465062627731921863e-01,9.078408651660537787e-01,1.715297957979566856e-01,2.706153595148977353e-01,4.859619502531805635e-01,7.879032736152628003e-01,7.023124062148166091e-01,8.870235630464332610e-01,9.897118917755620693e-01,6.795738970882027052e-01,4.808319706493749401e-01,6.511647217698826040e-01,5.394387204032102812e-01,7.711598629632200330e-01,6.456026471832839730e-01,8.991656378746354372e-01,2.619388604998847403e-01,5.760760580129924424e-01,6.989475632906702041e-01,7.729330919183339255e-01,7.652414423807984978e-01,3.350404958193640703e-01,3.784967515278198080e-01,2.081352643369097088e-01,5.850364855624103910e-01,7.618131020547933563e-01,6.482481552042271833e-01,4.366202001956154821e-01,4.985252194450040530e-01
