0.000000000000000000e+00,9.192023564724023377e-01,9.906889943173127211e-01,8.686164374272510313e-01,7.217475583044297149e-01,8.510017577683909318e-01,6.129364144782446511e-01,8.141902802866689548e-01,7.915872749596215563e-01,8.693754878266247640e-03,8.638877948347472024e-01,9.604384918019828188e-01,8.459694751823594316e-01,8.767876658626349018e-01,6.871248700745006266e-01,8.000075920277660568e-01,9.690254708591927724e-01,4.647663725931805434e-01,9.158403419180067839e-01,6.678874257777185353e-01,4.245056832921283996e-01,9.353208483318543598e-01,9.998608854010453406e-01,7.574551027763440914e-01,5.252115015769955875e-01,6.923553600304799271e-01,8.117674279622163480e-01,9.918310696432219853e-01,5.919612422281381736e-01,1.914545675250540202e-01,3.462375330000158069e-01,8.549577967448668270e-01,2.872873627291366305e-01,5.389766502555802807e-01,8.138538948767642944e-01,5.801947173925010581e-01,2.900076213217655519e-01,9.081990162115732845e-01,8.350700681447082996e-01,9.135683613415376270e-01,4.339533499295261665e-01,8.291466612754685439e-01,8.596780401029843199e-01,5.416209643440847987e-01,5.071516322397711107e-01,9.881477288732010145e-01,8.729083422428378647e-01,5.112382874831066237e-01,9.788604055381596725e-01,4.540626462249733875e-01,9.156698390917223929e-01,6.396914191914135905e-01,9.410616183591219430e-01,7.164473955659020898e-01,8.131207059041348773e-01,9.000941626756177039e-01,9.516789018412468160e-01,8.205314915512583740e-01,9.515176955670519021e-01,6.817830296771469900e-01,6.375057470932951054e-01,4.863031436027160925e-01,7.490121058216466787e-01,7.151402604586168943e-01,6.659938304426484823e-01,6.341405714990017151e-01,8.332473007829049871e-01,9.336303614264582773e-01,9.712570557467075094e-01,5.859426461389690699e-01,7.822041277722731056e-01,7.146467382242557287e-01,6.380633316046824266e-01,6.199663532886633410e-01,4.548053891502739643e-01,7.568392542153418168e-01,8.299440478429078727e-01,8.552356836826504605e-01,4.109782552887089602e-01,2.355786733366374563e-01,6.581914383981041228e-01,9.268267265573322256e-01,9.774399386677632418e-01,6.451891710895572007e-01,5.765269290805241642e-01
9.192023564724023377e-01,0.000000000000000000e+00,9.403723592108088614e-01,7.360638251333263549e-01,1.553689629742163181e-01,9.433469785962534937e-01,4.406533746986306399e-01,5.843026867099332389e-01,6.172358910037192281e-01,2.201751903243649722e-01,7.110256805165023897e-01,8.251270817178658623e-01,-2.010102139031719193e-02,7.934488178252590007e-01,9.072739733446780752e-01,7.492970110355657853e-01,9.172748763628134627e-01,1.212149054220401645e-02,4.887630153469076921e-01,9.919406222541502505e-01,4.229965637318494065e-01,8.046077042698819293e-01,4.190893969814369902e-01,7.470737328854358816e-01,8.213643499239888790e-01,7.118491108614973806e-01,8.417760724860607890e-01,6.961556636645696017e-01,2.142545490557836996e-01,4.554658843750021280e-01,2.323315962379407795e-01,6.974141579236244892e-01,9.841135166511414401e-01,8.056079967577162160e-01,8.630449935845181386e-01,2.555060622492968392e-01,2.298554772197787532e-01,8.205510699936845453e-01,8.291378720796458435e-01,9.515170403300624580e-01,2.639768646237845573e-01,7.826776690323578034e-01,9.020736227698090692e-01,6.451494358731733048e-01,9.081565401066317156e-01,7.434028640233680818e-01,8.100632867951319538e-01,4.104204287077742874e-01,6.522996839173689221e-01,4.280383058735873769e-01,9.388408604658540213e-01,9.427487435783432623e-01,9.685015814898541020e-01,9.067582612115561158e-01,8.021595876585905227e-01,9.229028802305924151e-01,6.071499813458701711e-01,9.343671006739009410e-01,7.418430892792073905e-01,9.859400290405383183e-02,4.276567685907856631e-01,7.333268504449930170e-01,9.334426323789816182e-01,6.472065348403901464e-01,3.600710172712803248e-01,7.600587959175219011e-01,6.665266928795062773e-01,9.742050851816231871e-01,6.820064550059423691e-01,6.204376789202801223e-01,4.174899877788806890e-01,8.036962687484319190e-01,2.851699489068427185e-01,2.570250201138494783e-01,3.180821278558640386e-01,2.566067019032822749e-01,8.684530199853556232e-01,5.020327294972173338e-01,6.094555822269535073e-01,4.257119388687891082e-03,8.888753688074918502e-01,9.421840488867755381e-01,8.322117676587335033e-01,-1.999139243857117054e-01,9.203572789766081286e-01
9.906889943173127211e-01,9.403723592108088614e-01,0.000000000000000000e+00,9.664657682555118923e-01,7.991844322882204477e-01,8.611369890293085749e-01,8.860948460661602910e-01,4.475775228717635001e-01,8.128630790475047663e-01,9.391521876637050070e-01,3.910829570945639211e-01,7.129292509185385374e-01,9.123335978009973202e-01,8.819532648837764555e-01,3.123203781723002392e-01,6.290418277167807437e-01,4.191800724718663940e-01,4.679304918524308521e-01,9.541895177193601141e-01,5.785281003969433566e-01,6.553496065993897890e-01,9.136836320958079405e-01,6.116860860159067936e-01,9.860481429038649992e-01,7.653162888349042126e-01,2.645944859152385975e-01,7.959432427356532003e-01,8.301423469694143575e-01,8.481268192777760007e-01,4.085150190607130249e-01,2.137543668522566276e-01,6.358148845997805276e-01,5.542633562228118649e-01,4.878598405653357672e-01,6.736930166623917859e-01,5.342308516948269803e-01,8.673644627760211667e-02,8.046517208189960524e-01,7.471329923554166363e-01,9.253539606804589424e-01,4.797666575710058390e-01,9.584242330296330881e-01,7.626536612907766077e-01,2.016038577875907123e-01,9.064435999987608961e-01,4.916788935375834280e-01,9.141726414815519730e-01,8.178539709125530743e-01,9.150184458088762574e-01,5.108063613763780264e-01,7.179152429993597151e-01,9.639968873489197509e-01,5.368470310436506132e-01,-7.572869200824366986e-03,8.130280255466433292e-01,7.283475163608001957e-01,7.359501542511643901e-01,8.886774420517318251e-01,9.843373779654290834e-01,2.650186930142114372e-01,3.592522849302678956e-01,7.976470622989290105e-01,8.287093457290160003e-01,9.641729294340312117e-01,7.338570235011875331e-01,8.837428463436632908e-01,8.722995281604610796e-01,7.679857379155351493e-01,8.622554974363186853e-01,9.460037799126888025e-01,9.603386339434665242e-01,8.615824812295844737e-01,7.089721127003872914e-01,7.611684367222194547e-01,6.818078441972812431e-01,9.619719172070336777e-01,6.269845187059056579e-01,8.295663466071813152e-01,2.766714945382614532e-01,3.807790865424105775e-02,7.347723962372197937e-01,1.025803138135623210e-01,9.513110898008186878e-01,7.997049927662553959e-01,1.953080736103682963e-02
8.686164374272510313e-01,7.360638251333263549e-01,9.664657682555118923e-01,0.000000000000000000e+00,6.830994078357206511e-01,9.551751846812369662e-01,6.296595268633902176e-01,2.161676360427099153e-01,8.275259061509242509e-01,3.901424062605751697e-01,7.609379435197244357e-01,9.585764916833511284e-01,5.042611713808715646e-01,8.295494679402963811e-01,2.559740955234685034e-01,6.220505847534688604e-01,9.091785125981723947e-01,8.178728542292611481e-01,3.470943321893624756e-01,6.290522131374537418e-01,4.370113831306766672e-01,7.116621612439665290e-01,4.397428671244443255e-01,3.186749224320985507e-01,7.928178198142263877e-01,9.928151998554265445e-01,6.404620690120421678e-01,9.532608692776088910e-01,2.821563125887425194e-01,3.465165411770630977e-01,3.319198648629699822e-01,5.776271696937824718e-01,7.105229222725334415e-01,4.440060221035662669e-01,3.239322055995748628e-01,7.734614286592752519e-01,3.573812160910835312e-01,6.930645176338859903e-01,6.407578136416962611e-01,7.672529752936826375e-01,4.962856959831920545e-01,4.043791319433580611e-01,3.550357555881860083e-01,9.383139073958508547e-01,9.702594487219780017e-01,3.341322344145652989e-01,9.533704488192240589e-01,5.400968306064368729e-01,1.271363799606162470e-01,7.842083476472365700e-01,1.913940306421776094e-01,3.787197767779655333e-01,8.157902306154624084e-01,8.806811694286840186e-01,9.793455797711178024e-01,7.291058112958607174e-01,1.376112375272846855e-01,8.426619614709019990e-01,5.899733276961709461e-01,5.590899391584793765e-01,7.241369687163284885e-01,5.270530628892259317e-01,4.393074107538102457e-01,7.562636771513397971e-01,9.214501445001560542e-01,9.706456647069366950e-01,7.893980533096863761e-01,4.220043947886816249e-01,7.750539501695111744e-01,8.326661294785135947e-01,7.837030080026246015e-01,8.480084323586326578e-01,4.064884336977613311e-01,6.171117804475190205e-02,4.347342564375437091e-01,3.648157670150027898e-01,9.170386988047847243e-01,3.822243415803623368e-01,3.809483572317527017e-02,4.513344024038626334e-02,7.567537998953791645e-01,6.268336091662237708e-01,7.142796755578685319e-01,-1.477522416736544164e-01,5.647784178388420839e-01
7.217475583044297149e-01,1.553689629742163181e-01,7.991844322882204477e-01,6.830994078357206511e-01,0.000000000000000000e+00,8.801871231653841665e-01,7.609523158927590236e-01,4.004979511810012882e-01,6.339294946293867472e-01,7.134307357082511070e-01,7.529080867979840441e-01,9.720617740133656870e-01,2.045597518044150465e-01,6.064680050011456158e-01,2.062132234896549843e-01,5.898243054137308761e-01,7.808522801578972050e-01,9.646219462687466439e-01,6.313281685298149926e-01,-3.113225584494014875e-01,9.242512060724594747e-01,6.302963224353703708e-01,5.241831463475512543e-01,5.329803906569484662e-01,7.299741942920043858e-01,9.506310998012534874e-01,9.772790134592742595e-01,7.401380458955084674e-01,5.193532165172949355e-01,6.703501879981622613e-01,3.767185559074617274e-01,6.194760098782453595e-01,4.371862605863945372e-01,6.909704575527814141e-01,5.717211537335236127e-01,3.510760288623282488e-01,2.586910189098814983e-01,4.410231129531849148e-01,9.004430238224991889e-01,9.183011581316473659e-01,5.050882421005188361e-01,8.796607146761363794e-01,7.165529210883671007e-01,8.394935118388909823e-01,8.534122557170774614e-01,8.054494475354162519e-01,6.897517968737029159e-01,1.971007560709121531e-01,6.203928602454795715e-01,5.521563887322720188e-01,9.215522165936858023e-01,4.404271133320720177e-01,9.584531840460128738e-01,8.871899144635985168e-01,9.126872139882975521e-01,6.256907944603899985e-01,2.438593248342484643e-01,7.522747849525358577e-01,7.125376754477313890e-01,5.970203081171379100e-01,7.515956331131076196e-01,1.433279156602378090e-01,4.513124749831424198e-01,6.290931459626969424e-01,6.931842420262683824e-01,6.276624619428418095e-01,8.804111053520173868e-01,8.890342701767843803e-01,2.464171194489415684e-01,4.072841994447334302e-01,6.798171006397744076e-01,2.901989086853702937e-01,4.412029154581840751e-01,4.860578450166990194e-01,5.111823175456983170e-01,7.850532126880075401e-01,9.255279291440707823e-01,6.865589097598351342e-01,9.546891665527808268e-02,2.283442433269789462e-01,7.910795985571919542e-02,6.637157982538091083e-01,9.669512844284942066e-01,8.313664721596438767e-01,7.388518997121188425e-01
8.510017577683909318e-01,9.433469785962534937e-01,8.611369890293085749e-01,9.551751846812369662e-01,8.801871231653841665e-01,0.000000000000000000e+00,8.441095849971664844e-01,9.622287507217814895e-01,4.805751083457654449e-01,7.377911218032946472e-01,6.889865826250796133e-01,7.151739051638821287e-01,5.950487912320701067e-01,6.595620659169931788e-01,8.411832237051892758e-01,1.482340247303375880e-01,8.846124703308217985e-01,4.014596904973202207e-01,9.354178184404575713e-01,7.942519939757584080e-01,9.702844977475769683e-01,6.050881676959793953e-01,6.032908073773904922e-01,6.090605115348519671e-01,4.463698082641734399e-01,8.532348363680640757e-01,6.227474999595418170e-01,6.424784689710425489e-01,7.251204649744339426e-01,5.858441290060912854e-01,3.662317541322901437e-01,7.351539703391493097e-01,8.691372152986159838e-01,8.110117136380484704e-01,5.908580185702746457e-01,1.992356304041612569e-01,2.211142181206628698e-01,2.615597096461678150e-01,7.069937346597836569e-01,8.528106133069908168e-01,5.195608056120151197e-01,2.173486113273782050e-01,8.131587597996902117e-01,2.665797841899125165e-01,7.298863084270985624e-01,5.170027169440452042e-01,2.728589389804043641e-01,7.975611896325750516e-01,2.994254476001954601e-01,7.279032857472371720e-01,7.505142449488079182e-01,7.917762027305654815e-01,6.107909751454169145e-01,9.132678636834097308e-01,9.757210766460262530e-01,9.564140948771140405e-01,6.406253478452543781e-01,9.439163692115733195e-02,6.505830350075108015e-01,6.960721301893502133e-01,5.317447714382523838e-01,5.938541249837071545e-01,9.411549944936329348e-01,9.070373045735001805e-01,9.296742719891775142e-01,5.360811488916014111e-01,8.631514594986191558e-01,9.103757243461422233e-01,3.487243660652190602e-01,2.551052906051698987e-01,6.074140426115486324e-01,4.890438293296887617e-01,5.421806774917854455e-01,2.780940231175571542e-01,8.721797013878015425e-01,6.299700979067804907e-01,7.332191726192207604e-01,5.069791807721972798e-01,3.964528583690534735e-01,1.369664763567156052e-01,7.503688260357909146e-01,7.610435779901358888e-01,8.249645470174450379e-01,-1.231846692909873836e-01,6.023469574489813683e-01
6.129364144782446511e-01,4.406533746986306399e-01,8.860948460661602910e-01,6.296595268633902176e-01,7.609523158927590236e-01,8.441095849971664844e-01,0.000000000000000000e+00,6.879469719110021808e-01,7.295986851606827139e-01,6.452824191519516139e-01,7.554834564180373802e-01,5.242942133811144823e-01,7.992552623054267613e-01,3.294955537423849279e-01,8.016188291342857264e-01,3.197904863097680850e-01,8.267729245942695426e-01,7.490058779779857900e-01,3.301947892290341136e-01,7.814622925445812163e-01,7.389402608472980249e-01,3.232903692516322369e-01,4.053255186851101866e-01,5.264340529959668502e-02,2.128775543316386298e-01,-1.872425472097259125e-01,7.491415744585044889e-01,7.997932922977182280e-01,6.891882593045609573e-01,3.660965168912490020e-01,4.397723370287829336e-01,2.066632751395509893e-01,-4.595769880885236525e-02,7.745285327168455192e-01,5.438234897789145927e-01,1.645380442485085970e-01,4.053959516236064209e-01,4.239714447373850170e-01,7.814900891600479182e-01,9.299888016989559247e-01,5.488922332225720790e-01,6.076847042641219110e-01,8.647551416996472895e-01,4.883306995859909572e-01,9.688331687740250331e-01,6.714435319109731681e-01,5.408480691824173459e-01,3.999513192783316073e-01,3.435833789782413716e-01,5.965140026168435083e-01,7.083310401642343157e-01,4.348751536307178533e-02,6.768819599551199051e-01,5.936195063275346850e-01,8.176345774420206158e-01,4.400021692083613267e-01,4.578666510257498601e-01,5.892746235791037623e-01,9.345454530659720316e-01,6.240882786233377111e-01,3.532732939064910926e-01,6.618744408732065709e-01,4.643640140339416744e-01,6.988833520907165031e-01,7.204255017679761508e-01,7.020980557023841495e-01,6.654882342627779224e-01,7.673055819631586782e-01,7.951320636690528687e-01,7.557123710677058348e-01,2.431633395822592469e-01,7.794413531278618912e-01,7.971861459522968651e-01,6.430359586140339534e-01,1.285825689605126498e-01,8.359788084285624254e-01,-3.471402353808869523e-02,5.873488591416374804e-01,3.458093038752396153e-01,3.758129752981279603e-01,7.615713636976273460e-01,4.174704679620904607e-02,4.764154060985489880e-01,1.990973686338455839e-01,1.017520009462549724e-01
8.141902802866689548e-01,5.843026867099332389e-01,4.475775228717635001e-01,2.161676360427099153e-01,4.004979511810012882e-01,9.622287507217814895e-01,6.879469719110021808e-01,0.000000000000000000e+00,3.974985255819021290e-01,8.347961419041309838e-01,6.577926175165045297e-01,7.387034171963153817e-01,6.035698343312215775e-01,5.090861712052027199e-01,7.527938192070418033e-01,6.936695937117091093e-01,8.664501650450956438e-01,8.606619541811049157e-01,6.800556768578817080e-01,4.908868710810439517e-01,7.940672269164676944e-01,7.533189299644814652e-01,6.830111151256620383e-01,7.108358837922821305e-01,7.428976196623731099e-01,2.827503139359060017e-02,9.321589759197337344e-01,8.677635496057775066e-01,6.412221048627174680e-01,4.219854927877081940e-01,7.981998000026120366e-01,5.823765830614791028e-01,7.928896830896841053e-01,7.114381335628829905e-01,9.828747042123630040e-01,2.910718858953956767e-01,3.402413404215243742e-01,4.810973835962197298e-01,5.224306932684352756e-01,2.231938270829129933e-01,1.192530830151636440e-01,6.593098687268962310e-01,8.023944496484962663e-01,9.638937913784924039e-01,8.493025375913796360e-01,5.800427866809151345e-01,7.610038624283088637e-01,3.501159907744812450e-01,8.432200355173306017e-01,7.961519677130711736e-01,9.270728650688407901e-01,9.417940049875908048e-01,5.699201091344228143e-01,7.484186530161782702e-01,8.204019476679962342e-01,7.110742709748884005e-01,7.379983924113231453e-01,8.674177181627223954e-01,7.392734286881743611e-01,3.644359323485832913e-01,9.150094146629859093e-01,7.488710318240566766e-01,7.371692918838070874e-01,7.716839074573399460e-01,7.153459645675553924e-01,2.119376755916759780e-01,6.939605742509765696e-01,8.277378221970050909e-01,4.625651342530713306e-01,9.710442596416897221e-01,3.696264063829302060e-01,7.262116143494226073e-01,5.179923033447406677e-01,5.252035987070036160e-01,6.961082305115779967e-01,7.151602879375478228e-01,8.499818312499763939e-01,4.693846571077305851e-01,5.721367809875055332e-01,4.952427960101812299e-01,9.400895040903896049e-01,-4.492063185850606044e-02,8.286218528745927792e-01,1.317305645372342793e-01,7.768144651085894248e-01
7.915872749596215563e-01,6.172358910037192281e-01,8.128630790475047663e-01,8.275259061509242509e-01,6.339294946293867472e-01,4.805751083457654449e-01,7.295986851606827139e-01,3.974985255819021290e-01,0.000000000000000000e+00,5.186560442245728986e-01,6.066288088356979191e-01,7.548702392300173925e-01,4.583905053989832945e-01,9.317383579981994846e-01,5.690792414014871348e-01,6.254408821257486650e-01,8.099699787750144209e-01,7.503265596667342274e-01,1.191210839175283476e-01,6.127000530460517957e-01,8.894532501237898403e-01,5.703695331051504835e-01,5.313248747121568361e-01,6.879279613212361255e-01,5.762984537445920985e-01,5.287256393156243295e-01,9.536038125036963020e-01,9.279781060173135643e-01,4.671935073785879466e-01,1.051907572116657190e-02,6.334518578498689045e-01,6.652311387270436471e-01,7.510483552856553890e-01,5.206877383575370111e-01,7.306545069948932047e-01,6.023936664178696221e-01,5.421017328535786550e-01,5.671660963340420247e-01,7.171754006462335296e-01,8.586670180810129782e-01,3.764886439746677471e-01,2.923368191526435900e-01,8.777678704383402586e-01,6.218612411611021962e-01,7.980153154834447315e-01,9.967598873213047161e-01,7.612439978877697522e-01,7.053426020229309756e-01,6.915161252963067939e-01,6.722834685853116277e-01,2.417891027833312181e-02,6.382519018564429825e-01,8.818829787772699547e-01,7.109001255620220894e-01,8.836238983146326165e-01,5.172114340454544434e-01,7.630120454532435259e-01,6.881972621435105131e-01,8.159403367837742005e-01,7.048680254324599659e-01,6.873559762372311033e-01,9.407285736318879987e-01,8.693144623305818497e-01,5.713262427955967393e-01,7.030282814698725069e-01,3.215548653174136184e-01,6.488528724708007012e-01,9.903855927275884152e-01,3.007010049924117023e-01,7.612594176542912816e-01,8.445607231388623237e-01,9.800740554333718935e-01,4.448400150129496189e-01,5.867931272532747045e-01,6.069260060196648432e-01,9.902522326552527510e-01,9.599810474675399830e-01,5.819711042140933710e-01,7.604427029485628653e-01,4.424832717370983937e-01,7.151340712388425114e-02,9.437730362591294497e-01,4.909462659133729256e-01,4.115916348551804660e-01,9.032938318021980217e-01
8.693754878266247640e-03,2.201751903243649722e-01,9.391521876637050070e-01,3.901424062605751697e-01,7.134307357082511070e-01,7.377911218032946472e-01,6.452824191519516139e-01,8.347961419041309838e-01,5.186560442245728986e-01,0.000000000000000000e+00,9.669562763215645562e-01,5.367237979074417353e-01,9.008049229948212888e-01,9.837471446405117170e-01,2.731135495957930925e-01,5.903200382355287129e-02,7.572864086407377071e-01,8.280615020408816918e-01,8.527362501365562952e-01,4.854837556609929994e-01,6.725358099426331782e-01,5.643981514999584226e-01,1.725608768853105768e-01,9.222649170524664930e-01,6.175524795087264929e-01,6.473031318631324860e-01,9.273220713805747639e-01,8.327256096541635344e-01,5.183916809500453970e-01,-7.986760210635658608e-02,2.266536970784633342e-01,5.650669124422599277e-01,7.056701583332762873e-01,7.570839253735435204e-01,2.186480809226914457e-01,3.206219314580405766e-01,5.512163874903754923e-01,4.592586754234098123e-01,6.392282190719810187e-01,7.167832662863379278e-01,2.501620319960008998e-01,8.741990464962197116e-01,9.935219847676163285e-01,5.107974358984985752e-01,7.972526023289683295e-01,7.468767425161046969e-01,3.456825281793792226e-01,7.273214887668741913e-01,6.669531928927119324e-01,5.938790354961458462e-01,6.231808451390049575e-01,5.503626445594991257e-01,8.979565253971475425e-01,2.293028975052455454e-01,9.597302309252877528e-01,9.509712900031788152e-01,7.611893959434229417e-01,9.650809892297859127e-01,9.060741064335177120e-01,7.296011668169749553e-01,2.803321200403242619e-01,7.877231799721633454e-01,6.704060017325813581e-01,8.296183587611464239e-01,4.611631644991582291e-01,6.849388865461940590e-01,9.286773419529457119e-01,8.064338307580877219e-01,2.850061368980603138e-01,6.256349917465245936e-01,7.229159321293002760e-01,4.694281196419324287e-01,5.573011041508665331e-01,8.305333424268385167e-01,-6.131464227149691082e-03,9.874226458978019316e-01,9.740765306343428520e-01,7.058960543698906687e-01,5.553445781593333574e-01,2.488823046291416818e-01,9.472743503470242299e-01,9.064561463140226039e-01,8.607002869992733673e-01,4.956613202218611569e-01,8.168570863252753167e-01
8.638877948347472024e-01,7.110256805165023897e-01,3.910829570945639211e-01,7.609379435197244357e-01,7.529080867979840441e-01,6.889865826250796133e-01,7.554834564180373802e-01,6.577926175165045297e-01,6.066288088356979191e-01,9.669562763215645562e-01,0.000000000000000000e+00,6.155898919597329044e-01,9.086518146042671384e-01,9.820501327896729027e-01,5.144862039394851871e-01,8.495442906038702668e-01,8.429597500885183115e-01,6.094966275420907742e-01,2.557062379235623961e-01,9.124297006344350702e-01,6.436639417241822869e-01,4.150390093516481693e-01,7.791700924741459255e-01,6.594863687212882963e-01,7.864777308464226957e-01,5.685856849280334080e-01,6.118345540678558070e-01,8.920760163352968730e-01,4.358544910647468851e-01,3.014988979839715033e-01,1.804074123229158222e-01,7.328980678189341846e-01,2.893858154623503154e-01,7.316879207964888110e-01,2.573843711230182629e-01,6.460681226593324444e-01,5.442434413329462206e-01,7.003074839349824332e-01,6.554877479128717876e-01,7.834182841878989390e-01,7.061893455391706764e-01,4.474400419877204715e-01,7.917237909088798986e-01,2.609778586105866438e-01,6.165699628646833519e-01,5.421346672154743196e-01,7.355001431186797278e-01,7.451185747654825997e-01,2.120801979233524204e-01,6.729599628085414231e-01,1.978265027425160083e-01,9.554305469059032330e-01,7.305932809009981765e-01,8.420213163289891334e-01,2.588298206268428436e-01,7.240324916828836388e-01,7.325405868650232133e-01,7.138914498488311278e-01,9.433396088773949861e-01,7.835087783395684458e-01,3.812176967103360625e-01,8.523118256778954294e-01,8.935163085968124141e-01,8.983109724846372046e-01,7.111427684350285494e-01,3.722370103534229369e-01,8.210958204725467002e-01,8.199918248115762864e-01,9.228375126017788199e-01,9.168102029548756970e-01,6.491923335685196861e-01,2.936624537662781975e-01,4.126963139273658321e-01,6.033543345066538777e-01,4.181076093258111470e-01,4.691907532923020874e-01,6.240242746215737268e-01,1.651968756492821766e-01,7.419010687835337903e-01,2.111463925252511920e-01,5.929987644624485910e-01,6.320203774774413308e-01,2.899350492006362856e-01,3.335988397549660700e-01,6.727035799718358300e-01
9.604384918019828188e-01,8.251270817178658623e-01,7.129292509185385374e-01,9.585764916833511284e-01,9.720617740133656870e-01,7.151739051638821287e-01,5.242942133811144823e-01,7.387034171963153817e-01,7.548702392300173925e-01,5.367237979074417353e-01,6.155898919597329044e-01,0.000000000000000000e+00,9.414266159161408520e-01,7.566602468426915085e-01,3.171898580743549578e-01,6.135061150443319455e-01,8.390056755062368365e-01,4.618850116178349063e-01,9.714857810571948527e-01,9.452204232818706142e-01,8.666544832990319414e-01,7.369317967050359464e-01,7.491772826992396661e-01,8.710521800237951418e-01,9.076255985876220400e-01,5.247728575666152917e-01,6.553986519982415437e-01,6.193889643029081293e-01,3.739856335124765452e-01,5.688258244395388852e-01,8.519443917751041984e-02,7.818743985793115137e-01,6.799391284690243786e-01,9.871338996106779895e-01,8.527346261372442671e-01,3.215117500323611544e-01,3.607371174735157782e-01,6.780480400541256669e-01,9.246522980295737160e-01,9.989008716551863731e-01,6.284353439112968509e-01,4.707288184030401501e-01,9.435866148763012440e-01,8.286382231313071944e-01,6.942330275031129982e-01,9.263864944127002676e-01,1.330773772941414301e-01,8.869344476177837278e-01,6.889176189307515408e-01,7.503411312924381793e-01,5.332637664900231611e-01,9.484474819536692358e-01,4.529363850313274931e-01,7.976720529677445715e-01,9.777167988679407173e-01,4.188659949689821360e-01,7.379384792448837604e-01,7.402295591386121032e-01,9.104238308638233912e-01,8.975532959058262206e-01,5.883320801373490561e-01,4.837280955197165166e-01,2.482250526586337880e-01,8.796807649825437725e-01,8.087175877049460615e-01,4.068925596770676112e-01,6.764739269146317069e-01,5.931297113759410600e-01,7.408107918793160884e-01,7.429645930294896949e-01,6.125682256403616188e-01,4.896831288411523375e-01,8.119357879841199166e-01,4.543003169445209433e-01,6.538287194023276738e-01,7.007552013214233266e-01,6.838610343938879010e-01,5.825813314559087353e-01,-5.213358849587729216e-02,1.928311902046647708e-01,9.025215016253124167e-01,9.610191404686180272e-01,9.365279885335686672e-01,3.326407808942121180e-01,8.923091079707937689e-01
8.459694751823594316e-01,-2.010102139031719193e-02,9.123335978009973202e-01,5.042611713808715646e-01,2.045597518044150465e-01,5.950487912320701067e-01,7.992552623054267613e-01,6.035698343312215775e-01,4.583905053989832945e-01,9.008049229948212888e-01,9.086518146042671384e-01,9.414266159161408520e-01,0.000000000000000000e+00,7.376971478995897336e-01,7.548195296598205761e-01,7.599547836919170463e-01,9.033823755639928121e-01,9.037210554516243999e-01,6.480414896821953263e-01,7.531839992451461185e-01,8.796286194006747161e-01,6.009685057092249982e-01,7.067992545454219178e-01,8.718854874003238997e-01,9.295882473730177065e-02,8.121830713469406771e-01,7.610787526079820786e-01,8.522823370649339481e-01,3.597645343417379959e-01,7.770409694697704150e-01,4.193934308261468291e-01,5.657839182835275871e-01,7.184034320178916966e-01,8.648611533820597108e-01,9.762821144338859058e-01,7.683401747476426014e-01,3.134527441858780406e-01,2.893113287276658507e-01,9.634732887377341903e-01,6.006039633612654249e-01,9.765710745902969059e-01,4.314261481186439373e-01,7.098057958705380477e-01,7.963674447941716528e-01,7.488966350505152914e-01,9.066137820744003539e-01,5.322705164124452715e-01,6.285103320594865872e-01,6.023861920358454247e-01,8.052758983060795961e-01,5.426240344310873098e-01,8.051522878733593513e-01,9.518940289975340585e-01,4.776829757694668888e-01,9.014974105985157360e-01,5.048022230852766690e-01,8.095935671926770549e-01,6.087416989289019531e-01,7.648681735346289923e-01,9.948461892269083728e-02,4.368103859413030032e-01,8.963561807501471135e-01,9.066573565144191438e-01,9.245015264501419416e-01,8.459045185366671493e-01,4.652499819351295085e-01,9.926371799417232911e-01,9.810033924494193647e-01,6.903908296595495653e-01,9.244002868491989489e-01,6.286430302148062754e-01,9.596562321198104373e-01,4.696878606098830455e-01,-7.113252074841905359e-02,6.758522649207369115e-01,8.436122951646265467e-01,5.114472536059582186e-01,5.656200668855784208e-01,5.429550864283205769e-01,1.004099619459594001e-01,5.824790733502855922e-01,-4.170440459233736297e-01,8.070544231381441280e-01,4.007200074309317239e-01,9.470123979509235124e-01
8.767876658626349018e-01,7.934488178252590007e-01,8.819532648837764555e-01,8.295494679402963811e-01,6.064680050011456158e-01,6.595620659169931788e-01,3.294955537423849279e-01,5.090861712052027199e-01,9.317383579981994846e-01,9.837471446405117170e-01,9.820501327896729027e-01,7.566602468426915085e-01,7.376971478995897336e-01,0.000000000000000000e+00,7.673832769026068812e-01,5.475146843899050264e-01,6.956393719843737555e-01,8.462934293804420527e-01,4.983616763106295533e-01,8.266224044136106786e-01,9.617203535127791802e-01,4.536647971706824212e-01,6.638278929169296738e-01,2.438057035492078584e-01,7.048108161803405824e-01,7.737070622729164127e-01,9.277756709952925673e-01,9.298887401198551172e-01,5.593094546677509493e-01,5.361255821875179350e-01,1.012417019516959338e-01,3.504875052393933710e-01,3.079960985834627740e-01,6.828510761703726617e-01,9.289684491942358235e-01,7.575619140843790067e-01,6.506418097487735031e-01,9.992903408400966025e-01,7.105839943910992051e-01,7.945682960759181679e-01,1.867347784868630955e-01,6.094158785637915354e-01,9.817947252539511727e-01,7.914952761607652043e-01,6.384244528280089703e-01,8.191270019933103441e-01,4.757268428573159791e-01,6.650832919426804546e-01,8.947868253081417977e-01,6.278307578110284837e-01,8.639116374839446166e-01,5.880586765604135513e-01,9.241723570298316925e-01,9.131120675490229655e-01,9.882778174738953147e-01,4.362843095525956172e-01,7.561036857823032475e-01,8.788651197528126735e-01,6.655261067765156913e-01,1.172117719454705692e-01,5.526807833598874620e-01,7.535655916441907909e-01,9.106167170547954104e-01,9.925923759452537354e-01,6.752604399234473087e-01,7.570182081275691477e-01,6.658576127858462090e-01,6.248553448757420137e-01,4.173636812026992882e-01,3.892283043843300927e-01,7.255071933520440552e-01,8.848790005144140380e-01,6.968587735188077614e-01,3.156998016755858671e-01,6.303438859765080338e-01,7.925818216518444315e-01,7.408970079657198893e-01,8.591560603404579943e-01,4.687016911124368690e-01,3.969211521993295522e-01,9.685062346718750215e-01,4.381810655825665313e-01,8.442648732079458540e-01,6.909617670084204910e-01,1.624699902416228692e-01
6.871248700745006266e-01,9.072739733446780752e-01,3.123203781723002392e-01,2.559740955234685034e-01,2.062132234896549843e-01,8.411832237051892758e-01,8.016188291342857264e-01,7.527938192070418033e-01,5.690792414014871348e-01,2.731135495957930925e-01,5.144862039394851871e-01,3.171898580743549578e-01,7.548195296598205761e-01,7.673832769026068812e-01,0.000000000000000000e+00,6.583406389641519585e-01,8.773413846967579310e-01,7.678181164558948169e-01,5.722006947748281558e-01,6.563212890929734922e-01,6.192134649741718455e-01,2.024562034352810624e-01,6.956191304972182410e-01,8.553887467331332539e-01,3.062947811191406577e-01,6.592017719073136606e-01,6.814204775712160433e-01,7.264706823619679898e-01,4.350187255789860208e-01,5.812268800534641233e-01,4.041437308498562198e-01,8.930756686577741021e-01,7.639986274144454637e-01,7.451438344752513432e-01,7.658075014252549995e-01,3.074768372492150403e-01,7.701912990891388588e-01,3.205788410120907761e-01,6.801967650951510347e-01,6.085921459964933611e-01,4.643668319506662479e-01,6.267618989445437050e-01,7.298525553978391089e-01,6.756063637703437763e-01,7.959679870823701542e-01,-1.080182313515318931e-01,3.548365815066117368e-01,4.876883442259988266e-01,9.855182974503783333e-01,7.186510136276638150e-01,9.663782734322631240e-01,5.113614013275565862e-01,7.882677329422648205e-01,9.252543697070307882e-01,9.871355629723177483e-01,7.628053721199119508e-01,7.920848054957184692e-01,6.323505849418837865e-01,6.941572090996759314e-01,4.382482997471267017e-01,3.962963413869311502e-01,5.616340005731754736e-01,6.771734189865610265e-01,8.227911087316601702e-01,9.154781490851042758e-01,6.772814352767151380e-01,8.178023910873891689e-01,9.663188207232398241e-01,1.750697349363918298e-01,5.499019570266134860e-01,9.518390317792677635e-01,7.943740688934741723e-01,2.141330007399214475e-01,2.703247637759054744e-01,6.082089103577703604e-01,7.417937263267287973e-01,6.572749927373906509e-01,4.388701088189463917e-01,1.248898632583426288e-02,3.781664986240254045e-01,5.072814678871639948e-01,9.556650237641386436e-01,7.481540331946212596e-01,6.500972947139123104e-01,4.115671906133300806e-01
8.000075920277660568e-01,7.492970110355657853e-01,6.290418277167807437e-01,6.220505847534688604e-01,5.898243054137308761e-01,1.482340247303375880e-01,3.197904863097680850e-01,6.936695937117091093e-01,6.254408821257486650e-01,5.903200382355287129e-02,8.495442906038702668e-01,6.135061150443319455e-01,7.599547836919170463e-01,5.475146843899050264e-01,6.583406389641519585e-01,0.000000000000000000e+00,9.376803185380728767e-01,5.645609197850038896e-01,6.063851040412169269e-01,6.038555487324585025e-01,9.146381095302970055e-01,6.384621074209092528e-01,4.691659481257288156e-01,6.187813384038512998e-01,6.936634126056286931e-01,9.927378729983196148e-01,7.296702787798361456e-01,9.692664896451004264e-01,6.869025243372156586e-01,6.378364058045488116e-01,3.347155901653804388e-01,3.930098241729170772e-01,6.132276207113998012e-01,1.155180978346787568e-01,6.308895733949364537e-01,7.447803874467525675e-01,4.993523060228267085e-01,7.715545674548376365e-01,7.539232210619977170e-01,4.954429490239840583e-01,6.124922446710654445e-01,5.120389531564152330e-01,6.839756709602068385e-01,9.039321140614647865e-01,9.679569151962630347e-01,4.696336985081396853e-01,5.832699015666341635e-01,9.498243712769030012e-01,6.853358257628388017e-01,5.613576411477538830e-01,7.476875416120950524e-01,6.630271897039898832e-01,9.075238219093257896e-01,6.407970695032930708e-01,9.613691232189615077e-01,9.751287009841838049e-01,7.026678236601300309e-01,6.928937153105534374e-01,7.447392312309146778e-01,2.008400382591273362e-02,7.907967750309108368e-01,8.845766931473351136e-01,9.308492515379401810e-01,7.417270658325639809e-01,6.242233746319558740e-01,4.525079305050346834e-01,8.781000238273338754e-01,4.972390894447960008e-01,6.591559226514163150e-01,8.669850298655180643e-01,6.348422611302459995e-01,7.256666102891222714e-01,5.997063254270724730e-01,7.974056192961072043e-01,5.343106224001054061e-01,5.613309576608447315e-01,5.556045644354086210e-01,2.734914041870458168e-01,6.464973071456597831e-01,4.935269029390528805e-01,4.959123772242030603e-01,9.032130979819701366e-01,9.089104868608444132e-01,7.471242756018706688e-01,4.312827981126901578e-01
9.690254708591927724e-01,9.172748763628134627e-01,4.191800724718663940e-01,9.091785125981723947e-01,7.808522801578972050e-01,8.846124703308217985e-01,8.267729245942695426e-01,8.664501650450956438e-01,8.099699787750144209e-01,7.572864086407377071e-01,8.429597500885183115e-01,8.390056755062368365e-01,9.033823755639928121e-01,6.956393719843737555e-01,8.773413846967579310e-01,9.376803185380728767e-01,0.000000000000000000e+00,9.247031479130410903e-01,6.852070228884002967e-01,8.380210117658974944e-01,6.731592006615432222e-01,8.953451551618474280e-01,5.826419602295550559e-01,7.212111958773119724e-01,6.081265987507291637e-01,7.726017811379353173e-01,9.602717508547589098e-01,5.701652326020847372e-01,4.854907463978697102e-01,7.832855218830283572e-01,2.958495098940684964e-01,-1.192817600728145883e-01,9.555573259714935652e-01,6.702889806725697008e-01,8.523787642126359199e-01,6.470800840922742436e-01,7.858877727008172220e-01,5.709296566422391583e-01,8.236995599651305566e-01,8.200409293125600074e-01,4.545126134877224833e-01,9.640137935378947365e-01,7.816486445704493580e-01,9.694142231062919945e-01,7.135213362680229432e-01,9.814735453085797756e-01,9.623649988432415592e-01,9.272933029674070848e-01,5.494419130328755951e-01,4.385377345173419594e-01,6.569530257431556164e-01,8.304739060249406446e-01,6.739151885681406995e-01,4.698325018954838672e-01,9.474581099410206431e-01,7.400669471047294223e-01,7.510373718389999897e-01,9.697820770647997968e-01,5.670318765913656689e-01,4.196429083377864466e-01,6.441318956022474840e-01,7.539469411546063649e-01,6.858805158651728462e-01,8.243588663315454257e-01,8.328222046474358375e-01,8.580759834322041479e-01,9.580798093617943767e-01,7.794718688622848113e-01,4.400182384605646480e-01,4.674769599254887664e-01,6.939051364864706750e-01,7.897304847135480088e-01,7.536894375944986901e-01,5.421722825984738314e-01,8.779545523076215385e-01,6.817491680872882487e-01,8.796868864134124166e-01,7.316140991430261087e-01,4.685035337429691582e-01,2.601735762310065092e-01,6.229130549688974838e-01,5.153353171685634004e-01,8.609042629578110839e-01,7.436805877381032215e-02,7.323140088037333184e-01
4.647663725931805434e-01,1.212149054220401645e-02,4.679304918524308521e-01,8.178728542292611481e-01,9.646219462687466439e-01,4.014596904973202207e-01,7.490058779779857900e-01,8.606619541811049157e-01,7.503265596667342274e-01,8.280615020408816918e-01,6.094966275420907742e-01,4.618850116178349063e-01,9.037210554516243999e-01,8.462934293804420527e-01,7.678181164558948169e-01,5.645609197850038896e-01,9.247031479130410903e-01,0.000000000000000000e+00,4.780858252489334492e-01,6.919816269988506852e-01,3.424755835772308465e-01,7.099804463471127702e-01,5.573201645679882743e-01,5.836224832920500205e-01,8.322175063682200058e-01,6.120642164360723392e-01,8.572245531926956374e-01,4.123131691624188910e-01,3.874648709957042580e-01,6.133998777899607457e-02,4.352561196907913654e-01,8.707331263313060621e-01,7.986869804879364043e-01,6.044497673056405951e-01,6.816610117564699811e-01,7.816024925880642460e-01,4.138969115215399008e-02,3.549213632654943940e-01,8.839283428329886005e-01,6.356231591268317604e-01,6.337852932949260554e-01,3.194802303247752384e-01,9.590329266998537383e-01,8.144842606487221470e-01,8.465095150581338768e-01,9.432120460894007907e-01,6.689571311437272350e-01,9.119172516404431272e-01,7.739274401112332669e-01,9.136863311202488847e-01,9.652775330919386443e-01,4.952171714375898093e-01,8.323344836265321733e-01,3.675638770267349864e-01,5.339754935461367147e-01,4.294947711898484677e-01,7.217177702735420031e-01,5.337105388822043217e-01,9.903810333259255305e-01,-2.156094076246595770e-01,4.235322676609079573e-02,4.490941643615281587e-01,6.038432806281139875e-01,8.162454313389310157e-01,9.512964963839615207e-01,6.616977043489605803e-01,8.647385675472546440e-01,6.374372710079639903e-01,7.067384985833590205e-01,9.358666912449309372e-01,2.764801851596315752e-01,2.466421299680523205e-01,4.019045308523818139e-01,4.847085539242980690e-01,6.795573445908213994e-01,7.397556819913047033e-01,7.147389886765813660e-01,7.628179730264589287e-02,2.014508127693595274e-01,-4.121219287373345530e-02,3.458750403600539536e-01,9.582153242258028003e-01,6.382950262656047480e-01,9.223536853557909865e-01,9.386887966922884408e-01
