0.000000000000000000e+00,9.687633414433367562e-01,8.815883075959387583e-01,9.332730539733866681e-01,3.984283017338624555e-01,8.305878249986331507e-01,8.117177056959233861e-01,9.835372536800679466e-01,8.466942220847368805e-01,9.041470109672681277e-01,8.494524980092996724e-01,6.211301922888978755e-01,6.369990122326234516e-01,7.313763408293469936e-01,9.483113028458689531e-01,9.635713531555092359e-01,7.664167782753660285e-01,9.159176323728117630e-01,9.217213247664464149e-01,8.652671397397562192e-01,5.446426159314585874e-02,9.678553675520094046e-01,9.344369043546489895e-01,7.300263991509976513e-01,6.067925601449010165e-01,9.179344676628270472e-01,9.217998557702458129e-01,6.807129738565156352e-01,4.365396237662369505e-01,2.426652778455752613e-01,1.929432517480101361e-01,8.451595117996220097e-01,5.274222060715084703e-01,7.422306041850319502e-01,7.216404358290910981e-01,4.073754048297107966e-01,3.531856207150225746e-01,6.342424560960497892e-01,6.021992427027221817e-01,2.494793389520885418e-01,2.195575221517720998e-01,8.606445705923686518e-01,6.824858285322248364e-01,2.768433303581601668e-01,8.931696600483838289e-01,4.181234561141560779e-01,9.935071062407303533e-01,6.172248490162927093e-01,6.671844552501808856e-01,8.752430798161444647e-01,5.110784511356808446e-01,1.892683051027569396e-01,6.216352056059026854e-01,5.213340188181441182e-01,5.215742790263000472e-02,6.837481635505900934e-01,6.183539951513137289e-01,8.771348911483808353e-01,9.403987701393848875e-01,7.475312240539024877e-01,4.374924723255688708e-01,8.059205249413479155e-01,8.060400840190337091e-01,2.685670232985892247e-01,8.070118242673383069e-01,9.611265730017999331e-01,7.804617569348468731e-01,8.618680469018561441e-01,7.327939967408043653e-01,4.464804000433066355e-01,5.037252315553460980e-01,9.332016698442406888e-01,6.521230991366622209e-01,4.771934241228927842e-01,8.906031233622924148e-01,6.805977235549788285e-01,9.467164190336188057e-01,9.450361420132290247e-02,5.837370566519291259e-02,-1.319445078441754959e-01,8.966016971554746640e-01,6.850828946354525772e-01,8.229065952483131108e-01,6.130949012083729555e-01,6.899900893536369262e-01
9.687633414433367562e-01,0.000000000000000000e+00,8.779930458182174657e-01,9.536304455311779282e-01,7.856985910023359665e-01,6.714712795755360952e-01,7.452057974086189196e-01,1.292345342418235211e-02,5.475913037212845058e-01,2.567848038594752191e-01,5.556376403338376679e-01,9.989629412313012491e-01,7.422552662526272771e-01,8.581535053618736253e-01,6.610798591725105533e-01,4.334185887918463043e-01,5.766311952504838967e-01,8.352530960023120121e-01,8.502300080324244336e-01,8.784108857825827510e-01,9.051945382200674572e-01,6.546251026507465820e-01,7.988832756993968776e-01,8.031985065556732639e-01,8.643875905350367761e-01,6.398257176837947036e-01,9.554010936540482390e-01,7.453770632248878369e-01,7.788820890918530804e-01,7.149263132216790995e-01,-3.078411486839355282e-01,6.746873029840358971e-01,7.408956325510847041e-01,8.285176568961548638e-01,7.430637377030379076e-01,5.037970674384022463e-01,1.162227873612703272e-01,4.067791109914102865e-01,3.050218090411243588e-01,3.094504803426052497e-01,7.211894706445003411e-01,8.267485254554912677e-01,8.335110457211122315e-01,2.939274628941848655e-01,7.755622319775391516e-01,4.018442358246089308e-01,9.592426500571522574e-01,9.885376752284618096e-01,5.081275318352497239e-01,7.271866910843476361e-01,7.199366282376780113e-01,7.528738043698173232e-01,7.368362808975043032e-01,7.992394475604343018e-01,9.966085570613218980e-01,6.597921840689155992e-01,5.603141340554975702e-01,7.308621388135901897e-01,9.881470769493312378e-01,2.904414453814614383e-01,3.622851103040343190e-01,8.745850441746717552e-01,6.738473515223278865e-01,7.325649590221945395e-01,7.390864376256763846e-01,2.977242692098960863e-01,8.352976872105579709e-01,8.721841029055905636e-01,5.742545585374205785e-01,7.778728738348581473e-01,5.084480458011878534e-01,8.512437393781405737e-01,1.473873365950063297e-01,7.193960259279841285e-01,9.119626907689478701e-01,8.518542517392443392e-01,7.105428656125678533e-01,3.932115221416450090e-01,9.792427374730126033e-01,4.839825248815150527e-01,6.941361076907305305e-01,4.193557874553908160e-01,6.040665833780802796e-01,8.514326767222609726e-01,9.146844075135429630e-01
8.815883075959387583e-01,8.779930458182174657e-01,0.000000000000000000e+00,6.304660724351758283e-01,9.724207155216774146e-01,9.499250565771630850e-01,7.533812698630322213e-01,5.416703794118062909e-01,5.927525328807731198e-01,5.531948825981943818e-01,6.377506003542797730e-01,7.719594089301879958e-01,8.594979069144897954e-01,9.031559626450019751e-01,9.426249398357403608e-01,7.481095774987719382e-01,7.818109659854739490e-01,9.434070692507565692e-01,8.472332249412520833e-01,9.927574502355922537e-01,8.892753819139777027e-01,9.711756180311794662e-01,3.600371458782453127e-01,2.039236484305899377e-01,8.360512968007990375e-01,7.518328639963888227e-01,8.163439353274323240e-01,9.817598219919561053e-01,8.151061605819827083e-01,5.469014921169932375e-01,5.272620399313665551e-01,9.690097210036131559e-01,9.775418717443964400e-01,5.767133189071877997e-01,9.620578330888667207e-01,7.334993798200236670e-01,3.393798475410972904e-01,8.430761492237149879e-01,9.115693203790703469e-01,-7.441372698264392405e-02,5.499402553253011083e-01,7.183414297752910294e-01,8.874249297234453326e-01,8.736031142850776421e-01,9.472292201987192461e-01,9.066012173316420064e-01,5.646872923433763347e-01,8.014274875984302993e-01,9.346993131345169292e-01,5.800449882886541397e-01,8.343668582239494036e-01,9.034261698699710408e-01,6.193439644336715677e-01,8.345262169129193941e-01,9.164372131915132780e-01,7.621901669908542898e-01,6.895355227344648341e-01,8.819181733256562516e-01,8.234801013632007116e-01,3.454206909280925775e-01,2.436199054913470996e-01,1.105839103267532986e-01,6.675968271328511783e-01,7.872927421599136277e-01,3.866962168562736446e-01,9.719221985860092561e-01,9.985854292134560550e-01,9.090918468143811548e-01,5.140226879730088738e-01,4.758079942927260775e-01,8.944512581658565775e-01,4.792410525042146152e-01,5.325663178113407836e-01,2.271405502804654808e-01,6.175313849838438562e-01,8.593932942392151775e-01,6.002405282803181530e-01,7.599300126747741135e-01,1.902415687200518235e-01,6.338502119827300885e-02,5.321852305421616025e-01,5.528120320366508578e-01,3.074608100051202109e-01,7.892532948144946880e-01,6.981480349499636917e-01
9.332730539733866681e-01,9.536304455311779282e-01,6.304660724351758283e-01,0.000000000000000000e+00,9.546906921346912656e-01,9.922502483030756215e-01,3.005066802536693338e-01,5.766700036667585794e-01,5.346751467596049245e-01,7.251630053096503881e-01,6.234260302106785501e-01,1.776292392821442467e-01,8.906300848983615959e-01,6.163499404759009703e-01,6.590965500265989485e-01,4.796416664511954919e-01,7.283388118723164162e-01,8.243410173214990033e-01,6.718611916087050551e-01,8.691661711404028434e-01,8.414569074678702743e-01,4.369133362137745391e-01,3.575102800238953993e-01,8.401683926423111348e-01,5.925230687581948263e-01,8.089078607180755220e-01,3.227511943442308850e-01,9.347193961038342547e-01,4.844444834946741718e-01,4.092334870041717254e-01,2.360161364594612898e-01,6.496490868242684735e-01,5.769848254860542314e-01,7.819072675517975135e-01,8.129260040096932816e-01,3.380226539375166261e-01,5.268663012986820604e-01,5.539876615498907642e-01,6.273335594963383999e-01,7.000503643047022440e-01,3.950596182692198699e-01,6.037700765401825542e-01,5.837058442760971744e-01,8.804592385917187070e-01,8.743761874363645825e-01,8.388306701263701370e-01,6.454911824057558700e-01,3.635147656444770448e-01,4.716899158109246204e-01,5.270093695041913051e-01,7.979824244186268789e-01,3.285448036010008011e-01,9.694824326299492645e-01,6.412410031920385833e-01,9.154644309355585152e-01,7.556248537866222525e-01,6.770170922847049688e-01,4.434525968422342035e-01,8.927051268912318260e-01,6.217465065236229549e-01,7.041560278959841934e-01,4.525618550149423935e-02,6.125119180599942759e-01,8.036516239460119726e-01,8.254227095287669513e-01,6.507339213770545472e-01,9.849884205165923001e-01,9.177198781017003038e-01,9.594284000302479853e-01,7.040451499106054056e-01,5.432724499597981760e-01,6.348031803609303081e-01,3.774179917867537259e-01,6.799089385613116265e-01,2.439516026693137607e-01,7.152502469583323919e-01,7.518625602057826818e-01,7.789411037793350090e-01,6.596927157300398470e-01,6.858123711252173127e-02,4.273850536484508078e-01,7.490527542645765147e-01,7.482716193814700212e-01,4.303573444265164638e-01,1.547403263863786904e-01
3.984283017338624555e-01,7.856985910023359665e-01,9.724207155216774146e-01,9.546906921346912656e-01,0.000000000000000000e+00,6.765611195599060546e-01,3.642314678882712098e-01,4.527522621608476849e-01,7.925736298238599264e-01,5.783796216127176093e-01,8.158977499006008216e-01,9.895701315520126773e-01,5.513174571544435798e-01,7.519671981384035142e-01,9.160040409283607410e-01,7.994083614028231199e-01,8.605640001231384950e-01,6.956067577815422398e-01,2.538395013685169621e-01,5.306034509138931599e-01,7.505154103278489641e-01,4.564901454648053192e-01,9.293924610623117699e-01,9.179593631784321861e-01,4.363403699461383400e-01,6.781088298760966637e-01,9.001835488130327523e-01,8.063800983155285929e-01,7.532830166597305199e-01,3.853870127105460952e-01,8.730875760041016953e-01,5.269795576662347214e-01,5.691333958138289351e-01,4.465581253777421988e-01,4.043722921101216561e-01,6.863647602789482161e-01,2.529290071131879980e-01,9.625921087087474515e-01,7.780587437581808485e-01,4.026955986426506984e-01,7.549363634807941814e-01,7.502328644319697926e-01,5.868366665710958996e-01,7.542586556499019101e-01,9.541170364483574362e-01,3.178117788713710201e-01,6.061820952774886750e-01,8.562042943969425668e-01,3.266884665369854668e-01,4.600794985402414383e-01,7.002015539134144317e-01,7.255658884929638841e-01,9.086804120493210402e-01,2.790685515305358910e-01,8.126497797313362303e-01,7.113612029821838600e-01,9.358863267957866494e-01,5.332001961783633392e-01,9.836869188530872332e-01,4.260715478075962626e-01,2.531199073557178214e-01,9.129399967852735998e-01,6.686218686173606152e-01,9.403517708275481723e-01,8.226179467971740378e-01,9.136568178021791109e-01,9.269694598907384231e-01,9.935934802810638677e-01,4.735647833543418783e-01,7.145520624628253215e-01,8.354113116624372060e-01,4.810969085530672484e-01,2.795116985167632739e-01,5.251390452732925818e-01,4.483301916971969558e-01,7.137544332112488732e-01,6.691598129698645980e-01,6.389895003088601477e-01,3.912246853248697587e-01,4.926101137869899893e-01,8.713483031591584549e-01,6.498312428878103564e-01,6.440517133734107169e-01,4.921752840662759754e-01,9.343816158934213911e-01
8.305878249986331507e-01,6.714712795755360952e-01,9.499250565771630850e-01,9.922502483030756215e-01,6.765611195599060546e-01,0.000000000000000000e+00,7.979011532496214087e-01,5.725717283681872605e-01,7.610132793700526976e-01,1.596633023843290200e-01,7.637654947558700780e-01,7.328419620990063166e-01,7.012455131696200272e-01,9.365982763545095402e-01,8.863868913808274907e-01,7.675225286895450694e-01,6.093600004447867757e-01,7.978597260675452940e-01,7.358660096402258599e-01,6.296290205723533706e-01,7.027508777203904655e-01,6.861019333002810194e-01,9.483252374046015065e-01,5.585501117175611929e-01,6.315886805436212725e-01,6.734983934424225716e-01,3.010407865113869930e-01,6.532423843052184154e-01,2.672282285737681562e-01,6.488276426678046827e-01,3.659138119459348637e-01,7.772944219764659213e-01,9.789777014746909867e-01,5.223900168816605349e-01,5.140933958755679045e-01,2.377537094095115155e-01,-1.534747371708969077e-01,4.525848580368309615e-01,5.412969712386384025e-01,8.325038398592325972e-01,9.593533129632707546e-01,5.641492162665312504e-01,9.459699316436517291e-01,6.350435862390580999e-01,6.134862892522494615e-01,6.017890215405307108e-01,4.494956071088634375e-01,7.410814907945386665e-01,5.874988641107162790e-01,6.578081372294282136e-01,9.590142457627359729e-01,6.734661796992857941e-01,7.756676989702530056e-01,5.478917848678086511e-01,3.074933370559758128e-01,5.327919326135133193e-01,9.811358795955852363e-01,6.438665711873057251e-01,6.629717011050710873e-01,2.130575362312440713e-01,4.907807220084539623e-01,4.713447451883078787e-01,8.111303428220218992e-01,6.337681629488253199e-01,6.075914207376112985e-01,1.508136535356187080e-01,6.256632997219500059e-01,8.392390187773435262e-01,5.796962576291898595e-01,7.057085578965363037e-01,6.863798713376727534e-01,7.660714418343389509e-01,5.510782608732895937e-01,7.182802304316622255e-01,5.136803423659019874e-01,6.468909161596800850e-01,7.352923231385840586e-01,5.104668149104721886e-01,8.791526760398284956e-01,2.500997295366349515e-01,3.652123866977077249e-01,7.594664397374336628e-01,4.416201767838248138e-01,5.334219797202670588e-01,9.191534757041476267e-01
8.117177056959233861e-01,7.452057974086189196e-01,7.533812698630322213e-01,3.005066802536693338e-01,3.642314678882712098e-01,7.979011532496214087e-01,0.000000000000000000e+00,6.814492590102729785e-01,5.271740762380291434e-01,9.393011062333282979e-01,4.549219244052678524e-01,9.913250110630832390e-01,7.336734306156913465e-01,3.294292062738481963e-01,-5.430359109520949135e-02,3.042307190884311341e-01,7.949788597195043272e-01,6.943273700270438109e-01,5.794654792073259397e-01,7.805415855733655039e-01,8.902057826640452642e-01,6.236178000330266924e-01,4.596633206645661662e-01,6.266505954879879603e-01,7.070360740569284763e-01,3.575974535142154576e-01,7.848488207003025963e-01,4.383885318784984664e-01,9.880571012007124398e-01,4.181867361739095845e-02,1.163693072838292430e-01,5.369128388933201990e-01,4.978838216105186398e-01,6.275176504012491829e-01,7.040220781634272118e-01,6.024694709665939785e-01,5.887497063099650374e-01,5.714295370792771278e-01,7.901949445472735700e-01,6.717830073556885218e-01,1.755792732923188160e-01,6.289650851159495071e-01,2.595603760382522163e-01,4.849431941632386667e-01,6.549101198072846408e-01,9.458176717602613248e-01,5.088109023991197466e-01,3.472887764848993086e-01,5.005655795948208420e-01,6.439515241057750528e-01,7.610604235462780087e-01,7.483161910071398637e-01,5.476634132610045391e-01,4.740334067791028283e-01,4.871766959681321785e-01,6.684341926283691171e-01,6.245972973217317481e-01,6.919345883400510600e-01,2.859120806750262700e-01,5.970832497964506658e-01,6.961190003213653110e-01,7.481540099577895786e-01,5.055555950324850389e-01,9.785517777906451720e-01,8.749864970339769066e-01,2.705480923028319440e-01,6.764717126513721812e-01,9.803698878491440283e-01,6.981587541572253919e-01,7.546288060141362886e-01,5.067838119168116551e-01,4.185779856119590803e-01,6.875592843080522432e-01,4.294376851067956413e-01,7.518319523535341720e-01,3.516732496400820640e-01,6.734285015942940156e-01,5.320956322029446461e-01,-8.024319631997428592e-03,2.674252330881520257e-01,2.989451248139392558e-01,8.545431948345314499e-01,6.704091717011154694e-01,7.551378354259747905e-01,6.336305273136955130e-01
9.835372536800679466e-01,1.292345342418235211e-02,5.416703794118062909e-01,5.766700036667585794e-01,4.527522621608476849e-01,5.725717283681872605e-01,6.814492590102729785e-01,0.000000000000000000e+00,4.171634061572653263e-01,6.145058404379647454e-01,5.642476075545801439e-01,5.067671688718874412e-01,8.829834381842498470e-01,6.079262897537616173e-01,7.459484651639800568e-01,7.070691692876762691e-01,8.226266858146952243e-01,7.186426007427136886e-01,7.016899439610146949e-01,6.727275075394960613e-01,6.218797429017924872e-01,4.263801299876926465e-01,7.014951670408723361e-01,7.111863073066783114e-01,8.412582954221349274e-01,6.630446857691212337e-01,3.135186500446374147e-01,1.825271937863530147e-01,5.582953183630889882e-01,6.457727906205066315e-01,-1.788188701142636172e-01,7.403189001963248472e-01,4.267039479936285407e-01,2.236056733810814004e-02,6.112626582952340737e-01,6.218026530264113561e-01,5.838155316300411291e-02,2.226184654720301803e-01,7.868799779354557211e-01,6.416756230927536109e-01,5.829389297627004529e-01,5.038038621129804495e-01,8.145650905341517145e-01,7.104245753598678048e-01,8.139599428749979548e-01,4.391759843916460127e-01,9.542434187359983833e-01,9.646104750731523403e-01,3.566766306766533945e-01,5.151923984626815001e-01,7.816278238058862460e-01,6.058258978590994603e-01,4.467037794616984803e-01,9.821979339368087647e-01,4.397509111842530238e-01,8.588583336903368171e-01,9.218537321033364318e-01,8.223411156036890546e-01,6.061503420722567093e-01,4.529768713216462128e-01,1.172260944754848766e-01,4.294097359334692054e-01,5.598489788678917556e-01,2.845227150762824064e-01,9.800912140645261506e-01,2.584192942308163876e-01,9.296247849693750620e-01,9.920610694346582159e-01,7.794134696911602100e-01,6.071103106150914641e-01,6.345859509090100437e-01,7.315541420891540358e-01,3.501903218460036826e-01,-1.636631807747958856e-01,4.217314390857160311e-01,3.804187800981496115e-01,7.989662471727033699e-01,5.357302386500778502e-01,1.460022200250893631e-01,9.629882344378981607e-02,5.036274971630331221e-01,7.427197815324122487e-01,4.311709834381108886e-01,7.740025962121646619e-02,5.243740355508987872e-01
8.466942220847368805e-01,5.475913037212845058e-01,5.927525328807731198e-01,5.346751467596049245e-01,7.925736298238599264e-01,7.610132793700526976e-01,5.271740762380291434e-01,4.171634061572653263e-01,0.000000000000000000e+00,7.732226142000564462e-01,6.818651808391182900e-01,6.560972151524567808e-01,9.551871328113662463e-01,4.286427661524664368e-01,7.631300341922143682e-01,7.061499562877461278e-01,8.091825465585720245e-01,7.780697893242773944e-01,5.673346962598373455e-01,6.203063662661336686e-01,6.148581252517835161e-01,2.651070021918869313e-01,8.032390052944896608e-01,6.172536711337497373e-01,8.057074379641554485e-01,1.804346376133663943e-01,8.559491123150393399e-01,8.254606450334239787e-01,6.523153653713469335e-01,6.411600268028234684e-01,2.397108250838692611e-01,4.366696392332845567e-01,4.504832814696972387e-01,6.483293371752180123e-01,1.027945298531055124e-01,5.771797545393041462e-01,3.422535629351743935e-01,6.211031661960786376e-01,6.067405399930565491e-01,8.291516245512305927e-01,3.509497240973510346e-01,7.867808779523461915e-01,7.418598557595588172e-01,8.179944334992814703e-01,8.474542728218188437e-01,6.265117987643614716e-01,5.148253927669982355e-01,6.769477914948743846e-01,4.274655798937933016e-01,6.538610829291131576e-01,6.999337926591866488e-01,7.967086394045878039e-01,1.398009615977426900e-01,6.266698986874990052e-01,8.289824119536584046e-01,1.742684029216109709e-01,7.049487057618520902e-01,5.067397822914689876e-01,8.481412802799096484e-01,7.381664794860224310e-01,4.338388600815205054e-01,6.748468679588417451e-01,6.660337084979053301e-01,8.430961060759628589e-01,8.104680539628269509e-01,5.047039863864458686e-01,5.784510179771935601e-01,4.243836409035044444e-01,9.400477828157856042e-01,9.485750745807346451e-01,6.391920848558362289e-01,9.073086106628656111e-01,5.461858339700574883e-01,8.629911193101520717e-02,7.459406255093428140e-01,6.521159881377190937e-01,8.722640662826102176e-01,2.660081853113084316e-01,7.452978067366522463e-01,1.073236892915196555e-01,3.974556178723395172e-01,9.204984682627117554e-01,5.178287728395930545e-01,4.202180968965640306e-01,3.421201337054745606e-01
9.041470109672681277e-01,2.567848038594752191e-01,5.531948825981943818e-01,7.251630053096503881e-01,5.783796216127176093e-01,1.596633023843290200e-01,9.393011062333282979e-01,6.145058404379647454e-01,7.732226142000564462e-01,0.000000000000000000e+00,9.264510742854413783e-01,7.624122091042434546e-01,5.094551756948820787e-01,6.442229832168220316e-01,9.008475708562332374e-01,9.197313733451593087e-01,6.012705364873124347e-01,6.601010314474700102e-01,9.708731022196543936e-01,6.610532172252453487e-01,9.983479036041279508e-01,6.021354739227110509e-01,7.249498745494805663e-01,5.644649685252997040e-01,6.390657759632099033e-01,3.041295583855709306e-01,7.683415510193354336e-01,4.554161873702162189e-01,9.713364222798921699e-02,2.767238764406375617e-01,4.207166655702849201e-01,7.563904483968177939e-01,8.066834831951360529e-01,8.592739568041718456e-01,7.276958115986709164e-01,6.667165895393259989e-01,3.161484006175306893e-01,7.416032712080117273e-01,4.197342708301921195e-03,8.705912769380377281e-01,7.706478073442866172e-01,7.232629210392766961e-01,3.858438284728568091e-01,9.870528298842694559e-01,5.655785378236573013e-01,9.948575525837000111e-01,6.727341110511757538e-01,4.916095981315228292e-01,7.927507553525527939e-01,9.091365806743572087e-01,7.678265435992874810e-01,8.511424868444572578e-01,8.186825341722232530e-01,8.973112003222603050e-01,4.996614488160599499e-01,7.819227981561482910e-01,5.347634395566984722e-01,6.806956543411075700e-01,8.628061674341062082e-01,3.300700569115320726e-01,5.535521238808868150e-01,8.938189771294751118e-01,7.886334988144194647e-01,7.105109513659916276e-01,6.780550749011842182e-01,6.704859001440103272e-01,5.865627623687548198e-01,2.119136097880955916e-01,7.083313681012702867e-01,2.998754425616190766e-01,2.365664331862839809e-01,5.442821229451818565e-01,2.958611452110054274e-01,7.857140956003053622e-01,6.718723637996634190e-01,5.099496690595629600e-01,7.696563616041472988e-01,6.554193884301093842e-01,2.210306013957819265e-03,7.545645516281439258e-02,6.766364991904461057e-01,5.646692565274834541e-01,9.803127203261792211e-01,7.488336647897050335e-01,6.357022260458765617e-01
8.494524980092996724e-01,5.556376403338376679e-01,6.377506003542797730e-01,6.234260302106785501e-01,8.158977499006008216e-01,7.637654947558700780e-01,4.549219244052678524e-01,5.642476075545801439e-01,6.818651808391182900e-01,9.264510742854413783e-01,0.000000000000000000e+00,8.997644805430057291e-01,7.484058590897177954e-01,9.642330648224228806e-01,6.172081800881989988e-01,6.523896502227546357e-01,9.095684558525056751e-01,3.026512741146200058e-01,5.759388302918548863e-01,2.536199265620693866e-01,7.294641457487378577e-01,9.832092566593919614e-01,2.392643397923601978e-01,7.619104443452855424e-01,4.110298023899815467e-01,3.006204312408548018e-01,8.625981284532846516e-01,7.680289420808208423e-01,3.946666779893679422e-01,2.685300878151740678e-01,4.049034471487276132e-01,7.370435088097524456e-01,6.693000800141652995e-01,5.098914302327914871e-01,2.221807203160294786e-01,5.773457594470009502e-01,3.509103265858765086e-01,5.409793493905417083e-01,6.621618474288177847e-01,6.281021503428499964e-01,3.541959755345519545e-01,6.117771661454792786e-01,7.990184475006267828e-01,4.722740256069355436e-01,9.348467787471976820e-01,8.729634046557145366e-01,9.149396198278547665e-01,4.655312096471264649e-01,6.566516947587530684e-01,9.574287627186217620e-01,6.798988527068483556e-01,-3.147772580612155924e-01,7.508548282651745787e-01,4.246222355515469893e-01,7.882878321733778337e-01,4.817856976339396358e-01,5.748505525756832935e-01,6.248531859744711481e-01,7.317150704226763613e-01,5.466498599551419257e-01,5.043116567950408635e-01,7.118483261993781008e-01,9.265241698467102660e-01,4.023427124099304142e-01,3.878407842425699581e-01,6.028460383934706179e-01,7.734157255512291718e-01,6.745108837760522835e-01,9.663512492117880548e-01,6.269259705462524312e-01,8.364299788735938268e-01,7.736408396297722589e-01,4.322465342747091599e-01,2.624203398109219432e-01,6.415744367145452820e-01,7.995498831278754492e-01,8.530634942844673718e-01,7.215998686691218467e-01,2.061322893102899845e-01,2.840365402385557347e-01,8.137118250149825149e-01,7.833716837724234994e-01,9.775425650924631782e-01,8.377755018783831220e-01,4.970724310295275283e-01
6.211301922888978755e-01,9.989629412313012491e-01,7.719594089301879958e-01,1.776292392821442467e-01,9.895701315520126773e-01,7.328419620990063166e-01,9.913250110630832390e-01,5.067671688718874412e-01,6.560972151524567808e-01,7.624122091042434546e-01,8.997644805430057291e-01,0.000000000000000000e+00,4.129886251214041071e-01,9.801160382407803073e-01,6.208019756564671088e-01,6.865994703164637336e-01,9.846251745054620530e-01,6.901009382678697790e-01,4.162341336560042571e-01,6.870167060623935118e-01,9.488416262910095988e-02,8.084214013986493752e-01,6.018968525935544100e-01,9.871725232655337301e-01,8.790169119140653908e-01,6.645220170351594513e-01,8.225329594590906623e-01,3.775429637143961070e-01,3.706160793196839331e-01,6.677816685141148012e-01,-1.790192194206546294e-01,2.233670258017459442e-01,8.965184490997243349e-01,8.558876765732996716e-01,4.045027554345562160e-01,2.162711340551194406e-01,5.908789097471860846e-02,6.240397582705603519e-01,8.566727889058188827e-01,7.256771776561729004e-01,6.438405241340185992e-01,5.934762938247628572e-01,6.619152520192221889e-01,9.597510286256080159e-01,3.871841122762503806e-01,5.257280448761111336e-01,1.821701902570710685e-01,5.358046054222088683e-01,6.610597412877575740e-01,1.358331783680008509e-01,7.434708586561538102e-01,5.886797306688618114e-01,7.468739316975192555e-01,3.646316992931230017e-01,9.077228315947584170e-01,5.153458343837387101e-01,9.455880732794853527e-01,8.940392765975107014e-01,7.508372497472044493e-01,3.824983028688329068e-01,2.244241257566781944e-01,1.853767647185227685e-01,6.401493982288055662e-01,7.426526145882925700e-01,9.382844056157896295e-01,4.589273508711484428e-01,8.746264569456061455e-01,6.095644455740225620e-01,2.368494083927497051e-01,9.879242885140420150e-01,2.185619793764311258e-01,6.604551363004014242e-01,2.945280690613039185e-03,4.483138546179951112e-01,8.772035150166502815e-01,2.078832609052020108e-01,7.779473341336737846e-01,7.282868499114018013e-01,7.197839605576189514e-01,5.591915500495960867e-01,3.126374471701856561e-01,9.765296168315988901e-01,5.641352827694281480e-01,6.308359880207219383e-01,6.563064970012708610e-01
6.369990122326234516e-01,7.422552662526272771e-01,8.594979069144897954e-01,8.906300848983615959e-01,5.513174571544435798e-01,7.012455131696200272e-01,7.336734306156913465e-01,8.829834381842498470e-01,9.551871328113662463e-01,5.094551756948820787e-01,7.484058590897177954e-01,4.129886251214041071e-01,0.000000000000000000e+00,8.787146861187313807e-01,7.271183225313819776e-01,6.977545034132895951e-01,8.814466657263559934e-01,6.191241172379623459e-01,1.507485907009726289e-01,8.993317409472874058e-01,7.572720786034579099e-01,8.930286972143198776e-01,9.307387067116201784e-01,8.985137774340861139e-01,7.870072358033292081e-01,5.669659302956598923e-01,1.089587400681774065e-01,7.190780085050438863e-01,5.575942833215555838e-01,3.511639571280467109e-01,5.163726810778993537e-01,8.984624961352585260e-01,7.720257491575575060e-01,7.022482303715785745e-01,6.158089972840836701e-01,2.399529558884305191e-01,7.295066445814293865e-02,9.086852569824793724e-01,7.317473723706644506e-01,5.300414811918459090e-01,4.776940725863511039e-01,5.910010616422326502e-01,7.546244713313569052e-01,8.339632125987547218e-01,9.419518489512450632e-01,9.815468337115613728e-01,7.521019008551719232e-01,5.404190692123925777e-01,9.070002013458889900e-01,7.404925610697989935e-01,6.011940583842856345e-01,7.654055267722534861e-01,8.723060224371470550e-01,9.898427463793901815e-01,1.486576883559938105e-02,7.869428013067918393e-01,6.333052388509032848e-01,8.235687151939624639e-01,9.946364606120490226e-01,4.215708649465457758e-01,7.103389330759631859e-01,3.381026355522018800e-01,9.251604351844855412e-01,8.125051690813009930e-01,9.812070477091534570e-01,7.418416860773642263e-01,6.812264788775891367e-01,9.797197312422158966e-01,5.125182716072030908e-01,7.148778373196538194e-01,8.805546244971129699e-01,7.773899403849979795e-01,6.301447551481396125e-01,5.381249126834227736e-01,5.433582368082003899e-01,6.740828038715755977e-01,8.940051044972034955e-01,8.246602964408178416e-01,5.649361770637445490e-01,7.810512838141229208e-01,6.725158797543300260e-01,8.816980857897013246e-01,6.820763301084096231e-01,7.594866434780001528e-03,7.283540882670023198e-01
7.313763408293469936e-01,8.581535053618736253e-01,9.031559626450019751e-01,6.163499404759009703e-01,7.519671981384035142e-01,9.365982763545095402e-01,3.294292062738481963e-01,6.079262897537616173e-01,4.286427661524664368e-01,6.442229832168220316e-01,9.642330648224228806e-01,9.801160382407803073e-01,8.787146861187313807e-01,0.000000000000000000e+00,9.684305106406980723e-01,9.146573969083173772e-01,4.985445571248970920e-01,4.152046881551921254e-01,6.885248483341904757e-01,9.429552100977686147e-01,4.922355707345443254e-01,9.929469373603638793e-01,4.540286394809371906e-01,8.328554762948867651e-01,4.662429050307100309e-01,5.104498831070198861e-01,9.962938925988776839e-01,7.733215609408092828e-01,8.070536774147220038e-01,6.646062282858596904e-01,7.288530216742652446e-01,5.219734024360802582e-01,4.755765885224433887e-01,6.084881589718823536e-01,2.130264083637823380e-01,5.388421072835243297e-01,7.234334493613671091e-01,2.190291348589353815e-01,8.776854534806554087e-01,4.294241403707081961e-01,6.284538525150332733e-01,2.645732302726152563e-01,4.907988338755671087e-01,3.674163500949809841e-02,9.740434974403090473e-01,4.948187324877604265e-01,5.237692085915071072e-01,6.841054657674993100e-01,7.171238845288839814e-01,7.985540126191799093e-01,7.908409297795655490e-01,5.437310855990074021e-01,8.566083424112223010e-01,6.032761931091255025e-01,9.273148076314461363e-01,8.226864451114042076e-01,6.288575053379442670e-01,3.020029112462089826e-01,6.668412272543426944e-01,4.411213210493892256e-01,7.105421837616896497e-01,9.677453701655834850e-01,6.648038363116557381e-01,7.390102204484050308e-01,9.674830415856163768e-01,9.286319407117373803e-01,9.325424743453480936e-01,9.378668313131771628e-02,6.815091463801845606e-01,8.589187829804932894e-01,8.973862102130082397e-01,8.669663328948847836e-01,3.156577401501746705e-01,3.159760621881884529e-02,1.305505547564257129e-01,8.398473168500939501e-01,5.724526685659058201e-01,6.570826114406215224e-01,4.500256796931101366e-01,4.105112159006699679e-01,4.823134112685723007e-01,9.758452000519866054e-01,9.583137800770276105e-01,6.409499663551031512e-01,9.901213492340424915e-01
9.483113028458689531e-01,6.610798591725105533e-01,9.426249398357403608e-01,6.590965500265989485e-01,9.160040409283607410e-01,8.863868913808274907e-01,-5.430359109520949135e-02,7.459484651639800568e-01,7.631300341922143682e-01,9.008475708562332374e-01,6.172081800881989988e-01,6.208019756564671088e-01,7.271183225313819776e-01,9.684305106406980723e-01,0.000000000000000000e+00,7.753086519466156901e-01,-8.909574045563117828e-02,7.395913195434864473e-01,6.839484551799968060e-01,8.184202304042775822e-01,7.117857201555730651e-01,7.019039092121901469e-01,8.141050026640278547e-01,9.820154892354886478e-01,6.171533362185643856e-01,8.098084320687269910e-01,6.038498210647550435e-01,4.231954659229092419e-01,4.825214586813212359e-01,3.673970672081006139e-01,3.733262840391823323e-01,5.669962983789373911e-01,7.882605717975308401e-01,6.702834573505412896e-01,7.571235453152284078e-01,1.810260438390782767e-01,4.975028265895429236e-01,2.353758198457676920e-01,9.897329857783199181e-01,6.171080816359336696e-01,4.907571222780191533e-01,5.116143696005389652e-01,8.598678690381345024e-01,6.213237266775921697e-01,8.148410291653815918e-01,8.202818420830164658e-01,5.902170191933047150e-01,2.601202334928632842e-01,2.521962670846551458e-01,6.920751882104075881e-01,9.617445618723382550e-01,6.000150707274731765e-01,7.058382651289933918e-01,7.633088105495711151e-01,6.808587998497932503e-01,4.392744869396097984e-01,4.022150651351475981e-01,8.171513448503401333e-01,7.351468722300159575e-01,4.689668278145254221e-01,6.460252776044828060e-01,8.523547241935054419e-01,7.802659246623491196e-01,9.177141208210078949e-01,9.972523172838102523e-01,8.197736054299924469e-01,4.508434162610887030e-01,4.737735392047162652e-01,7.769252881616044437e-01,2.658037807557557253e-01,6.685967434702451140e-01,9.528614109210804539e-01,7.206103731706107185e-01,3.963520498554505833e-01,5.560028281187546773e-01,4.248570934306750702e-01,7.427269593068164255e-01,8.414073259228204149e-01,3.318093614617623199e-01,3.152889721509757326e-01,9.808611761285380704e-01,8.642659367201077636e-01,4.811495098566661022e-01,2.769282679341996123e-01,5.497002117075751038e-01
9.635713531555092359e-01,4.334185887918463043e-01,7.481095774987719382e-01,4.796416664511954919e-01,7.994083614028231199e-01,7.675225286895450694e-01,3.042307190884311341e-01,7.070691692876762691e-01,7.061499562877461278e-01,9.197313733451593087e-01,6.523896502227546357e-01,6.865994703164637336e-01,6.977545034132895951e-01,9.146573969083173772e-01,7.753086519466156901e-01,0.000000000000000000e+00,9.867585285920306148e-01,3.446930387859697964e-01,2.780207265855518806e-01,8.080223089233856681e-01,6.456449617368232863e-01,4.948384857013499172e-01,9.700601449822932043e-01,8.017590862442557365e-01,5.749996298676973705e-01,5.038335134007226879e-01,9.382376172554125482e-01,5.800916278390910730e-01,2.420328931220168678e-01,6.299815048103601933e-01,3.939643322971766448e-01,7.239167614998085476e-01,8.084399304316101098e-01,9.185699006035122904e-01,8.118790932468973320e-01,5.955901795706088908e-01,5.949305458428539861e-01,6.925372606561586153e-01,7.842500053963862294e-01,9.536529678799654519e-01,2.720410750465396266e-01,8.515726035804627170e-01,9.433433920898235403e-01,6.759931986172140750e-01,5.365422197728270115e-01,9.810509564049533227e-01,6.541082253791020706e-01,7.534137877289719398e-01,6.812389368844986581e-01,7.592763714726483704e-01,9.029078543501083409e-01,5.268303046392770472e-01,7.287290331385181119e-01,1.452585703429438990e-01,8.905067443345815459e-01,6.796567865283180687e-01,6.537894882443080480e-01,6.830417813280978967e-01,7.345516785529830894e-01,7.582799095211978369e-01,2.707157173072354261e-01,7.251588893718904361e-01,8.168581610434382245e-01,6.128272660487041890e-01,5.994333346859423983e-01,7.478054127608410040e-01,7.755748120061815021e-01,8.385792620747846149e-01,4.970428503153422328e-01,7.095649933218174388e-01,2.558633141757224450e-01,6.006838812636028369e-01,6.509725710931260068e-01,2.322481496428975556e-01,4.430301221612238938e-01,9.025186548837328404e-01,9.775782304951481372e-01,6.865670729628732261e-01,6.540938375099791813e-01,-4.388303431333895333e-02,4.264321754994960800e-01,4.602541794440920264e-01,9.402178762095276809e-01,5.776913606635120102e-01,9.990109920269435451e-01
7.664167782753660285e-01,5.766311952504838967e-01,7.818109659854739490e-01,7.283388118723164162e-01,8.605640001231384950e-01,6.093600004447867757e-01,7.949788597195043272e-01,8.226266858146952243e-01,8.091825465585720245e-01,6.012705364873124347e-01,9.095684558525056751e-01,9.846251745054620530e-01,8.814466657263559934e-01,4.985445571248970920e-01,-8.909574045563117828e-02,9.867585285920306148e-01,0.000000000000000000e+00,5.012917668141553262e-01,1.812434064511107001e-01,6.334343017773799156e-01,8.979504724513701630e-01,7.656028793253356612e-01,6.882399232319112992e-01,9.019427405753290827e-01,2.111318200744214391e-01,4.704575989598012709e-01,9.841889580126819137e-01,6.602998317794988026e-01,7.260854889368857368e-01,3.677545121508313253e-01,1.570754152923914682e-01,9.003459967504584549e-01,7.124607470668945508e-01,5.229818833297676939e-01,9.306341479704893782e-01,6.630153394220872354e-02,5.137517985141021315e-01,6.415067628147508305e-01,6.348244432275323978e-01,8.925676235259852875e-01,2.527629888746932285e-01,4.713163753718388471e-01,-3.719613517655354085e-02,7.568242367926001357e-01,6.218825276781796418e-01,5.703262133337381190e-01,9.547387843896811832e-01,8.839949202477710433e-01,7.257565776806329527e-01,7.119461381039102754e-01,6.477471598352982918e-01,7.565190196660793731e-01,9.100611406363909861e-01,9.487888337734409205e-01,9.547668738878429817e-01,7.589197387221855440e-01,4.777511151965745384e-01,7.095549023425484769e-01,2.337627410193525435e-01,7.765813482427909031e-01,5.970210543715827045e-01,9.845972536783744733e-01,5.267730752031869468e-01,7.996420925640508326e-01,8.159649343586816705e-01,7.258769422229147672e-01,7.688344940628706325e-01,7.010774254556747520e-01,5.441016067943981183e-01,9.663275207324776295e-01,6.487604728261371356e-01,6.687418914269402936e-01,7.853693693395257247e-01,6.637325269685514506e-01,8.167636453726642154e-01,7.204554906319315943e-01,1.198557103877927466e-01,9.751029493430553030e-01,7.168244508439473028e-01,3.554526382801097006e-01,6.320273867055291594e-01,6.233784664459556257e-01,7.259947630164373944e-01,6.131698608911937409e-01,5.054253137648435645e-01
9.159176323728117630e-01,8.352530960023120121e-01,9.434070692507565692e-01,8.243410173214990033e-01,6.956067577815422398e-01,7.978597260675452940e-01,6.943273700270438109e-01,7.186426007427136886e-01,7.780697893242773944e-01,6.601010314474700102e-01,3.026512741146200058e-01,6.901009382678697790e-01,6.191241172379623459e-01,4.152046881551921254e-01,7.395913195434864473e-01,3.446930387859697964e-01,5.012917668141553262e-01,0.000000000000000000e+00,9.918861780297618669e-01,8.310959344375077329e-01,6.221878535648672770e-01,7.111022431762163976e-01,-1.090227944390989440e-01,6.574156435503325513e-01,6.460623201332861276e-01,8.098976435710998345e-01,9.690247727971472713e-01,7.556921738341255690e-01,6.095225210478795175e-01,7.970732134040932060e-01,1.522082089258455506e-01,5.237338800166561059e-01,9.337825034351607822e-01,7.485944854658991288e-01,7.398411067165168165e-01,2.861604685715361529e-01,5.647666070491843548e-01,6.804946846180035536e-01,9.038958592004803227e-01,7.593909058285279734e-01,6.374421582101701400e-01,9.873618952203121468e-01,8.175209940601446679e-01,4.874820495991882274e-01,8.029568952997766518e-01,9.743804138618678001e-01,8.287500466917918640e-01,5.240954407233627821e-01,1.023027971949423132e-01,4.068848772461115537e-01,6.390399336860163038e-01,5.110478608127380085e-01,2.566080567953382685e-01,4.492809942123022759e-01,3.601591700564038545e-01,2.245842864273573658e-01,8.495481030866492977e-01,7.406663754827499391e-01,9.983600870062285804e-01,7.697054687449408350e-01,2.184421434843084597e-01,7.644282428933969475e-01,8.319341372709080362e-01,6.439094537234693050e-01,9.694504490290670740e-01,6.414912265969885397e-01,2.985703816668885402e-01,9.337937858599396623e-01,8.021612172251058048e-02,7.513222715284042508e-01,6.045885379711972707e-01,8.922122145087864054e-01,6.353726957956266075e-01,5.182949014323466885e-01,5.623897486136703039e-01,1.883252630219804102e-01,5.066935881809545572e-01,4.502964337666650052e-01,4.612139481386717255e-01,2.766670394044975501e-01,9.818654169687801581e-01,7.726974376885707985e-01,6.091377988369521823e-01,8.482498026596244634e-01,2.116454348144490294e-01
