0.000000000000000000e+00,7.617344765385516414e-01,6.321130224674640363e-01,6.653167121749747892e-01,7.037146335079735859e-01,9.967814439653435166e-01,8.279933385100306520e-01,8.071478925252111303e-01,8.364338199293035458e-01,7.051273406668423505e-01,6.240694036712468584e-01,8.219230134865715964e-01,7.057760178053062994e-01,8.269118057209376982e-01,6.527182059674628833e-01,5.441630175682262704e-01,4.771456386989768594e-01,7.330259103557227318e-01,7.566317015254999667e-01,8.902161207738547022e-01,4.014355914872774211e-01,9.439227624364401326e-01,6.231657141472618511e-01,2.842249870916625509e-01,7.385599061313450342e-01,8.949578477588623349e-01,5.201025698071191083e-01,6.695851267647048299e-01,6.384336651518004446e-01,9.467813062141487990e-01,3.678569723116028589e-01,7.164887246170924540e-01,9.067606908554268763e-01,7.913019241303138607e-01,7.266081752819747441e-01,5.768795042567829157e-01,5.967801021823104790e-01,9.565493196201697579e-01,3.916461226211245816e-01,9.366537270688125583e-01,7.288649462062551931e-01,7.109589189990559444e-01,9.717370854652598311e-01,8.778694116035223871e-01,9.948911144427845521e-01,6.206895530076138590e-01,9.383825185178122918e-01,8.282448004111357953e-01,6.902312538466723879e-01,6.309666327402476682e-01,4.702210960497842374e-01,8.009962867044129187e-01,8.630806198011197194e-01,8.147182221744643238e-01,7.401510150978758418e-01,9.318499024894369986e-01,8.873071488519765904e-01,8.178038743785712716e-01,6.423604567700494927e-01,3.726464622962665230e-01,4.474172857863739083e-01,9.569217785772234919e-01,8.012441982781177696e-01,7.098962323249601303e-01,5.710674863094017395e-01,9.000777890643468782e-01,4.318537549331553094e-01,5.102333251201617292e-01,9.015266684764153826e-01,7.214540982450563522e-01,8.150559816621919529e-01,9.182996182112437289e-01,3.327240099631112447e-01,3.294716044738544292e-01,7.706724814774045251e-01,6.775757410941896097e-01,6.338075302853993787e-01,5.887502182242539961e-01,-2.584232473425437937e-02,3.998535945625895649e-01,9.856436281940315070e-01,7.710643913297323682e-01,8.378753702395572711e-01,4.558160671584656209e-01,8.979740801860279786e-01
7.617344765385516414e-01,0.000000000000000000e+00,8.307864161447677809e-01,7.638993921775545370e-01,7.149652582782803911e-01,9.122736907770166992e-01,7.123869318644872051e-01,7.139173313243977192e-01,6.721428401789539819e-01,8.729502318654206450e-01,6.066236237393445307e-01,7.700277660631233978e-01,8.920418843516787488e-01,3.077874371933160269e-01,1.916397836721195390e-03,6.416246217160906928e-01,9.070440813687894455e-01,4.309846648910376499e-01,8.491557662170927667e-01,7.242384910316567170e-01,6.971707876834878359e-01,1.304821696886296623e-01,9.499910284387917958e-01,9.045428837080017326e-01,1.134224974614307935e-01,9.823990251882201985e-01,9.416596994081131156e-01,9.047740884776906967e-01,2.715982695908209510e-01,3.855131944147419665e-01,1.002147583367352657e-01,6.179737078024938324e-01,8.254352159222828611e-01,5.050294097407608263e-01,7.083905812810684655e-01,4.132348963452888158e-01,1.878375460608348313e-01,9.773806762711283458e-01,8.480873160242803355e-01,6.556284580286652064e-01,4.731354803991761893e-01,6.988973572210231966e-01,9.092508019459000224e-01,1.448066315528578341e-01,9.888237465637410573e-01,9.287978614791290166e-01,4.180873872526265633e-01,9.623477684253265441e-01,6.200205350772962642e-01,8.890555056981733761e-01,6.909433122525284743e-01,6.300322590543142587e-01,6.628325401491217406e-01,3.897980024398296495e-01,6.915427928844593009e-01,9.021570155459848195e-01,5.242955841658237803e-01,3.136319248899198664e-01,9.249074237034006218e-01,6.810358344911144890e-01,4.205903572119699674e-01,8.956173575355443894e-01,6.127312371256228296e-01,6.134896268472180836e-01,5.417561611152443835e-01,7.159336299382685898e-01,8.695289958263427987e-01,9.929286837849115033e-01,2.797805072935880544e-01,6.116685630812315200e-01,6.260675448472291516e-01,5.559000505924550639e-01,2.742469131229590129e-01,5.573855256387693080e-01,7.480726371157441212e-01,8.774930145790630354e-01,-2.774902056387303917e-01,7.092916557504082009e-01,4.863328052418803837e-01,8.862425336299058209e-02,6.481956501060102127e-01,7.353485290356504001e-01,9.397700753860498413e-01,6.635769768737316276e-01,6.219843898471989485e-01
6.321130224674640363e-01,8.307864161447677809e-01,0.000000000000000000e+00,5.622898768009552128e-01,5.517904591782741841e-01,9.563665275377031261e-01,7.035455999752807665e-01,8.170713247795607925e-01,5.848072187593544857e-01,8.355011853916053388e-01,4.449375044663508305e-01,8.539050563440574448e-01,8.845722057851466147e-01,9.797434157305615621e-01,7.536957377116135781e-01,9.135551429283764735e-01,9.915257268263837354e-01,8.396469413203333509e-01,4.612264573677996582e-01,8.420027738811772799e-01,8.606935534331959792e-01,9.758753038826146753e-01,6.414587116623005070e-01,7.373143943463235095e-01,7.344783255194822225e-01,5.305800494030179504e-01,8.131977968905188536e-01,5.928824902160283461e-01,1.669558828617062618e-01,6.782623266088533276e-01,3.459154176919141399e-01,9.895887274100295672e-01,7.146723007241660985e-01,4.655831584901177767e-01,8.011262302801570589e-01,6.623501493771740689e-01,5.339000968011139436e-01,8.700856745066616327e-01,9.329458101593395281e-01,5.199552897256650708e-01,3.418446583924891202e-01,6.358146953524456135e-01,6.662955615779755369e-01,9.272387835782923693e-01,8.643145773581645264e-01,9.799954971052339259e-01,5.331782891003997715e-01,9.496615328203164008e-01,6.102610602526123973e-01,4.826608203712396405e-01,9.050980799045017511e-01,7.886188820203948735e-01,9.737976332121450751e-01,4.677518453889460970e-01,9.577393548874776341e-01,9.238748183136060721e-01,4.986165782054217260e-02,8.484706492539824119e-01,7.006354808819992286e-01,6.686956529366171464e-01,6.541231204993325221e-01,7.769648669071360647e-01,8.549771076156194027e-01,9.612127036810627079e-01,9.189018914370202795e-01,9.515640682647614756e-01,6.646240735693149659e-01,5.702104717883134111e-01,8.289559753604562875e-01,7.785781976312233787e-01,4.912508384809523565e-01,9.889751197147971240e-01,2.595094140495302626e-01,7.842871277845079314e-01,5.361835954755950207e-01,7.067233989038445019e-01,8.031500878125853449e-01,9.165600095238313205e-01,3.857659730134104237e-01,2.347232498662517042e-01,9.704334218974343118e-01,5.870377603461345295e-01,1.116066864401455971e-01,7.878371150827077063e-01,5.696329818003860179e-01
6.653167121749747892e-01,7.638993921775545370e-01,5.622898768009552128e-01,0.000000000000000000e+00,6.495382964651565949e-01,9.066271842045723339e-01,6.549707279862206910e-01,5.330958680389249471e-01,7.281929093876442494e-01,5.239836313520126465e-01,6.087930545329848231e-01,3.563083693749650172e-01,8.095200390678783942e-01,8.183544642025392113e-01,9.054489725371400732e-01,6.688230020121110897e-01,7.499987926984501563e-01,6.637379233974061155e-01,6.608660671708671552e-01,8.169243785634147104e-01,9.025736254750593712e-01,7.471736829532726887e-01,9.227983545479211402e-01,6.839352722642787485e-01,9.852566164342118071e-01,9.137503880898768527e-01,9.327535000444475699e-01,8.633928394638320514e-01,6.432768146032877832e-01,4.557036072805782378e-01,3.132261471900923411e-01,6.806649662670852807e-01,7.932452451767113555e-01,7.920325926433715580e-01,9.877022445371613779e-01,5.234573639768121955e-01,6.015169695760938517e-02,6.686420240544450611e-01,8.620181470353354136e-01,5.060214034742057665e-01,2.609539117258234397e-01,6.411150978737460981e-01,4.544827317728348248e-01,7.029995301772963279e-01,8.811259537468688618e-01,8.872608437167568418e-01,6.291030312576743055e-01,9.796083112046136687e-01,6.871181702857591667e-01,6.742828746550060259e-01,9.034491117871386034e-01,8.594198494046776382e-01,8.073808621160778465e-01,7.940643417033970142e-01,6.586601926695945242e-01,5.739110283904679255e-01,8.712381232996877500e-01,6.792684250568883364e-01,9.415832972132566203e-01,7.057275873015337320e-01,7.672237034032933778e-01,8.764659910423727718e-01,2.892853336616481308e-02,9.570365304659779193e-01,4.467951207622617438e-01,5.170658451213833162e-01,8.639836073128759342e-01,9.087004814980025325e-01,6.161816336077764467e-01,4.705966168975611041e-01,8.162209089234980786e-01,7.114749764014587363e-01,6.646396922297141963e-01,7.735490186934118606e-01,-1.381915108432774097e-02,9.669026527080608613e-01,6.515336436453980085e-01,9.588248550841964590e-01,2.234378384309436139e-01,1.771396644054623604e-01,4.240507149568137901e-01,9.349487501620976637e-01,7.827786607461921786e-01,4.944165548439254376e-01,9.576274601895795602e-01
7.037146335079735859e-01,7.149652582782803911e-01,5.517904591782741841e-01,6.495382964651565949e-01,0.000000000000000000e+00,5.797165924253215863e-01,7.922473915862471294e-01,4.816392585904875068e-01,3.531781761231043149e-01,7.947957754251970819e-01,6.669245774856914499e-01,3.040544143936194654e-01,8.271644948484050408e-01,4.065396049431767578e-01,2.748373939362073193e-01,8.137324174583497882e-01,6.129657891825677218e-01,6.497503877293441255e-01,7.598806813894557477e-01,5.058793289862292264e-01,6.204639595434988802e-02,9.699838057401554137e-01,6.677164142611773379e-01,8.952007106517617663e-01,7.122299594737151462e-01,9.528851355471295026e-01,8.146118327784251933e-01,7.903408667619601369e-01,2.046198027460073288e-01,2.413988619794559809e-01,6.065980313911711885e-01,7.257908500290402021e-01,8.184598601481199998e-01,7.090056329180629557e-01,9.040336971183544623e-01,4.334545700650846989e-01,5.456558343955525414e-01,4.476247568274769884e-01,9.109414430012953146e-01,6.665260363687220968e-01,3.364598998859651413e-01,8.259251490419827757e-01,8.576474292071178951e-01,-4.308892560086649559e-02,5.937544193424637573e-01,8.956265668284876247e-01,9.257376204393327201e-01,4.598084726287112178e-01,8.770133134254567420e-01,9.996435521901883003e-01,-1.527259614421918321e-01,5.892880256732661026e-01,8.016787822976784161e-01,8.918445959005433243e-01,2.777712525289273704e-01,6.425522323140460124e-01,7.816013806187998014e-01,9.036331530690681069e-01,8.803431257366830520e-01,3.703591358556466151e-01,7.712058083653678953e-01,6.646079831642268676e-01,7.877021011176545962e-01,7.967812411358070612e-01,6.337792118306542211e-01,7.097858177207037045e-01,6.072599060843167917e-01,9.782122159403543460e-01,9.104545392909866308e-01,7.521299112336520265e-01,8.804764412985948141e-01,8.416858981415920038e-01,6.142367107482287203e-01,9.502840961917558005e-03,5.137423507397133049e-01,6.792215760719353401e-01,8.363611395853816077e-01,7.182438564609245901e-01,5.311855661674718121e-01,6.177500388855986513e-01,9.460072855032366501e-01,8.638803280178558586e-02,8.200323250668773989e-01,2.819065851004537993e-01,7.597647309180690645e-01
9.967814439653435166e-01,9.122736907770166992e-01,9.563665275377031261e-01,9.066271842045723339e-01,5.797165924253215863e-01,0.000000000000000000e+00,4.392413334492553112e-01,7.648519565875565585e-01,4.126550460656180364e-01,2.888227039528000195e-01,6.772235493962106556e-01,7.554125024020491574e-01,8.383944519938575368e-01,5.204882075718604284e-01,-9.980548204518954747e-02,9.492055169863525821e-01,9.746543689124074206e-01,6.568128597618849707e-01,8.703209766742862064e-01,6.412166725816340618e-01,7.156463200707663397e-01,9.965524545471573514e-01,7.251870890241900458e-01,7.561359199858564972e-01,4.183344074131717938e-01,8.340280391634197210e-01,4.930736786660155357e-01,6.829309965895372647e-01,3.574817312669659186e-01,7.205408176987421198e-01,6.546865110504074270e-01,6.071223867373883865e-01,6.703300577300592700e-01,9.676037096345228017e-01,6.854757759494125580e-01,9.904679402941659605e-01,7.686212762752964167e-01,6.051020276440014500e-01,4.995762750421499643e-01,7.486033123921808086e-01,4.350177515651142413e-01,5.423691304423083892e-01,6.375642065814614012e-01,9.187709554431742198e-01,8.846090217121750365e-01,1.598377183949668823e-01,4.230707876039670468e-01,8.445773588265871323e-01,9.616526473402657871e-01,6.986898361052875650e-01,1.721898508283006279e-01,8.340157351789500018e-01,8.601438445074957029e-01,4.248739645770241991e-01,9.017179313784273731e-01,-1.040346507350471961e-01,8.640993229422351263e-01,9.233179887843500078e-01,7.682872340310608061e-01,3.342860780724032921e-01,1.347591864401053996e-01,3.128408221451728366e-01,5.086734685531660860e-01,9.254478562702205258e-01,9.923272653290073908e-01,6.443726272268662791e-01,9.827977808915329128e-01,7.603676575054197917e-01,5.748018728203954097e-01,6.059685235101134326e-01,6.283249078583245106e-01,7.397266527624895005e-01,2.569486539286850446e-01,5.937441437809440892e-01,3.024163561370567521e-01,6.139395966908334223e-01,9.836733662986799631e-01,9.811716237827471376e-01,6.972042450971898120e-01,4.419350701947173388e-01,7.992904989386814263e-01,9.089403505058590849e-01,9.309395561353911441e-01,8.872343462312165530e-01,6.599913372367522957e-01
8.279933385100306520e-01,7.123869318644872051e-01,7.035455999752807665e-01,6.549707279862206910e-01,7.922473915862471294e-01,4.392413334492553112e-01,0.000000000000000000e+00,1.452827917980288597e-01,5.026106648781226705e-01,3.404213118144784334e-01,2.457853964303481076e-01,7.142655028596275324e-01,8.269853048549130614e-01,6.205510536095336649e-01,4.572672985704846482e-01,3.584891268017939003e-01,7.560104821386358642e-01,4.335833070874119399e-01,6.011020360380425753e-01,9.738162078281811240e-01,8.600717789073878405e-01,6.770970623092676943e-01,9.627067798254784758e-01,3.165868791986455322e-01,5.082935644552121213e-01,8.502975960742796824e-01,7.153317918579927825e-01,6.630508765960596573e-01,5.201973049332935251e-01,5.291452815516672903e-01,4.240750895691450251e-02,5.032262080844140950e-01,9.047509765900677570e-01,5.770106355381154906e-01,7.330961843921078858e-01,1.443875073824016919e-01,5.915281117260979826e-01,6.324900560068997812e-01,6.707980526432587576e-01,4.430531047422532898e-01,6.837199318466925524e-01,7.654743757052883124e-01,5.727961444232153587e-01,9.527796146244484898e-01,9.577826680509551327e-01,6.595654041247712707e-01,4.010568228684030512e-01,7.334534701988290051e-01,4.499759397295604035e-01,7.601741247430733317e-01,3.551303645424679911e-01,4.783590036750400287e-01,6.986267165572394022e-01,6.036123941655192615e-01,9.885975502424246830e-01,5.220191745943798534e-01,5.856449556657905564e-02,4.766680726835881843e-01,7.163125139795686325e-01,9.599358789844306128e-02,7.366961938204955596e-01,7.448534404268574161e-01,8.582942797495937137e-01,4.458278843796959490e-01,6.891079241597335425e-01,7.655517790984334159e-01,5.144871054220474804e-02,8.688250267777224423e-01,5.493568385728881953e-01,5.541969972188254268e-01,3.176307690272199835e-01,3.983656369760355670e-02,5.698533836049082257e-01,6.200908764561652298e-01,5.573508926748975689e-01,7.583950321078203327e-01,2.446130196150055613e-01,4.886954307147930998e-01,4.524207160216499046e-01,3.948496023697283253e-01,8.062773579893701692e-01,6.794775569934773385e-01,6.769103339077834347e-01,3.614331993955850475e-01,3.873354094055958541e-01
8.071478925252111303e-01,7.139173313243977192e-01,8.170713247795607925e-01,5.330958680389249471e-01,4.816392585904875068e-01,7.648519565875565585e-01,1.452827917980288597e-01,0.000000000000000000e+00,9.872876989332206588e-01,6.539767319022500303e-01,7.416313449977037786e-01,8.046149396766720807e-01,8.028107396096809678e-01,6.668463453434048116e-01,7.567927032301805523e-01,4.440716300127036109e-01,9.420677834055808386e-01,4.786529914841404776e-01,7.447224704362296333e-01,9.710799080202823230e-01,4.505684092661415563e-01,3.240274277808057879e-01,3.730835470597574366e-01,9.435197212784802723e-01,5.082434786352953981e-01,7.373135916876543128e-01,4.113639637157990303e-01,4.568431870722011734e-01,7.462225726066600284e-01,6.850864187294497532e-01,4.267294390436952023e-01,7.700552940954592529e-01,6.159178235713793637e-01,5.988739800384930145e-01,9.182856326666379854e-01,1.686589909824059985e-01,1.150762752057143817e-01,2.112279555722464119e-01,8.249330191340077389e-01,7.835796704011691594e-01,9.237435401309456173e-01,6.476590380660025570e-01,7.174156280010234310e-01,8.095609436486520538e-01,5.344714715941132344e-01,8.123893244182387452e-01,3.137584056468279425e-01,5.953706685279054334e-01,5.818025189858656576e-01,4.079264483281940246e-01,7.270179533126969185e-01,6.022457347467965461e-01,5.564039114292788080e-01,6.860846749299059910e-01,9.346269814459873260e-01,9.826147024750010450e-01,2.968278421828485225e-01,4.070108754423695241e-01,8.431539426783281055e-01,3.704168076429460998e-01,6.858410768857226003e-01,6.692525259063784038e-01,3.065457033194275427e-01,6.425266081990622657e-01,4.945848723242679545e-01,5.684657488745069598e-01,6.000620308043016493e-01,2.184858050319039291e-01,5.812288353586810841e-01,6.563115704581485854e-01,9.035236617348184618e-01,5.220926327353814234e-01,4.553874214690988298e-01,5.308317243692728393e-01,6.883879453532347759e-01,4.951691755779591420e-01,6.415612385609090751e-01,7.637189996244814205e-01,6.233630402830926398e-01,2.814578279510933090e-01,6.256652190540800129e-01,9.372694911030956533e-01,7.861556617619884779e-01,7.645393810737274309e-01,9.278213908031591739e-01
8.364338199293035458e-01,6.721428401789539819e-01,5.848072187593544857e-01,7.281929093876442494e-01,3.531781761231043149e-01,4.126550460656180364e-01,5.026106648781226705e-01,9.872876989332206588e-01,0.000000000000000000e+00,7.942529878576409796e-01,6.835274588831167231e-01,6.132444563207322119e-01,6.033811233242708516e-01,7.189634938887797810e-01,8.080251229093734500e-01,9.502799771951101482e-01,8.886929968904223598e-01,4.834187208241226275e-01,7.946299507022458464e-01,8.847493744927807935e-01,6.561693240597763488e-01,2.967725455563471892e-01,6.276495031845991113e-01,6.846849698755954616e-01,5.598654977169321700e-01,2.793107055082884038e-01,6.898867655939219246e-01,6.711372455645450152e-01,4.266008808771858951e-01,9.221820713934987535e-02,4.915769799679846619e-01,7.337487136276032995e-01,7.681597396798517385e-01,4.893240017794600605e-02,3.713198218913611459e-01,3.174640482201836478e-01,5.122822925351770973e-01,6.746623240840098346e-01,5.127981521689974898e-01,7.861440937953567687e-01,5.171105260251716018e-01,4.512790523224849415e-01,1.838592160945045142e-02,6.555883527238409725e-01,5.080391234158668778e-01,3.319777709667959265e-02,6.878923925613582568e-01,7.564934378513935576e-01,5.144786094255084929e-01,9.635050835721314932e-01,-7.549656199507281951e-02,6.617442338548176206e-01,2.573608269319830888e-01,5.315609516286348146e-01,8.025566541766064876e-01,6.802303135031183556e-01,7.617986361640308735e-01,6.789479155831542601e-01,9.797596541933659697e-01,1.354253689955885742e-01,4.762321157066712329e-01,8.823057926721356026e-01,1.866529526105465409e-01,7.479154696398491176e-01,8.368630460228290158e-01,5.548292031744134212e-01,9.775648479415219860e-01,8.444977070954198251e-01,6.356381509650708139e-01,9.195921045436641350e-01,6.778361461965359824e-01,9.579561634845714657e-01,2.404257548442810810e-01,2.654769894892432536e-01,6.811968078735162191e-01,4.055850191988299991e-01,5.868070519156658449e-01,4.000929990473010012e-01,2.066586410456233147e-01,3.053011641357328831e-01,9.436277863542631428e-01,7.069136983704762400e-01,8.325620547031508112e-01,6.478728829075135476e-01,5.801860377407234148e-01
7.051273406668423505e-01,8.729502318654206450e-01,8.355011853916053388e-01,5.239836313520126465e-01,7.947957754251970819e-01,2.888227039528000195e-01,3.404213118144784334e-01,6.539767319022500303e-01,7.942529878576409796e-01,0.000000000000000000e+00,3.013238898042951974e-01,6.058252340175340755e-01,6.331847304565616508e-01,6.847440588303409514e-01,5.104676071405268578e-01,8.482280225945211249e-01,3.143418529348135371e-01,7.900419543090779761e-01,4.184400943830715036e-01,9.164364099382222850e-01,8.303322908979853256e-01,9.845531005750707276e-02,3.808771837660642201e-01,7.684052095731648269e-01,3.675840487440252824e-01,8.205894717583988029e-01,8.117985913503742434e-01,7.429962320386007679e-01,5.808142266410903920e-01,6.512680785245392734e-01,4.327779651841553443e-01,2.395650171575279264e-01,7.057586955159477204e-01,8.754066719266936358e-01,5.732570039192788069e-01,2.555169900366254798e-01,1.671503122319570878e-01,1.600254274428472567e-01,8.146435617329139678e-01,6.789139370998906742e-01,6.066393748137124953e-02,8.618500484450375421e-01,9.502666774821636464e-01,9.325869930080649128e-01,3.633837644477368456e-01,7.436062689621638633e-01,7.328525195165421779e-01,7.717260051894089257e-01,9.976291930781113759e-01,8.347660567368840878e-01,9.460910606007373325e-01,6.751373624695556908e-01,9.364920196844792599e-01,6.524929261678371617e-01,8.089796345298290170e-01,5.250464438994797423e-01,2.112131641282719019e-01,4.448497300017472122e-01,4.849238999230388591e-01,3.801387310180757151e-01,7.898373666760998280e-01,8.196338032593649681e-01,9.044771661894486225e-01,9.859687034835328268e-01,4.918998762411704861e-01,4.181090256057923837e-01,9.745698770031782088e-01,6.609291577772210546e-01,6.592381716182802442e-01,6.417222237533345419e-01,7.608945600428548284e-01,9.829235885122094007e-01,2.747510762893766723e-01,8.188392564666904239e-01,6.329653866995668121e-01,6.901870370601769222e-01,9.751425405400429014e-01,2.540590370761474648e-01,5.518767657944162464e-01,7.454685107695392388e-01,5.450026832443388702e-01,9.693400392908796404e-01,7.192612497512129721e-01,4.941747290984376817e-01,6.056536574497678460e-01
6.240694036712468584e-01,6.066236237393445307e-01,4.449375044663508305e-01,6.087930545329848231e-01,6.669245774856914499e-01,6.772235493962106556e-01,2.457853964303481076e-01,7.416313449977037786e-01,6.835274588831167231e-01,3.013238898042951974e-01,0.000000000000000000e+00,6.278109954132017334e-01,6.761772372986600832e-01,4.904216462443430902e-01,2.923152270533375674e-01,5.893264944718191733e-01,4.984386017740404240e-01,6.894540318520612221e-01,4.896973614609166914e-01,6.929030033648662101e-01,6.168660825113932988e-01,7.528755991291613547e-01,7.223438328660479746e-01,7.801096395915296799e-01,4.451775414922509166e-01,5.566269127284391161e-01,8.156030135059374464e-01,7.667721343423971048e-01,4.017434514907393117e-01,6.581955674387034438e-01,5.323853077414858470e-01,4.273820755720706410e-01,4.986075867257869221e-01,3.428027701420462980e-01,6.224892759361284611e-01,4.870436182320031504e-01,7.821218129015844456e-01,4.547605068453866584e-01,8.437332498693003169e-01,6.039410843840380405e-01,6.640117356628962852e-01,2.525623839802962900e-01,9.177796268686152503e-01,8.349075457546789591e-01,8.593254509770815730e-01,4.900731006339032469e-01,7.272041225647425389e-01,1.537768591280300745e-01,7.039717932769705699e-01,5.935126568174327044e-01,3.240911693777046576e-01,6.962138650789850836e-01,8.552316937835295896e-01,8.277793449208155074e-01,9.506360878150189597e-01,3.158735979487594103e-01,7.682768513525660703e-01,7.557861147736173457e-01,8.369084393219814455e-01,4.573632007230507002e-01,4.482827408652766965e-01,9.585066425501780341e-01,2.516032470703033486e-01,8.135988912371261428e-01,9.405413666109989634e-01,4.069122226138051079e-01,2.430217945293639548e-01,8.193673978842416217e-01,4.275136000373253031e-01,3.713102476099657823e-01,9.317312183703200246e-01,7.457637863695681935e-01,7.693375722299263808e-01,-5.163409800430815433e-02,6.741890068003942860e-01,8.879472817281330865e-01,2.978554162033775765e-01,9.240114986398396679e-01,6.498819663666096647e-01,4.394289490512126584e-01,-7.904430677987829557e-02,8.546314338798240984e-01,7.606906310413993344e-01,5.912681354477596907e-01,5.189890698503643041e-01
8.219230134865715964e-01,7.700277660631233978e-01,8.539050563440574448e-01,3.563083693749650172e-01,3.040544143936194654e-01,7.554125024020491574e-01,7.142655028596275324e-01,8.046149396766720807e-01,6.132444563207322119e-01,6.058252340175340755e-01,6.278109954132017334e-01,0.000000000000000000e+00,8.910768636830066480e-01,6.409616245901089693e-01,2.913940358008946241e-01,2.526786972731739356e-01,-1.304970818216384387e-01,6.476120837087353532e-01,3.107512960921330891e-01,5.441962141630838357e-01,9.063104950970846119e-01,9.032837786222842613e-01,8.595811436755961266e-01,5.315885098745832815e-01,7.826929307624294063e-01,7.728553467227892160e-01,8.234797260766297811e-01,6.409441580820850470e-01,4.010454955587994252e-02,4.864179727280565912e-01,4.476847168603217964e-01,6.661393605485667058e-01,7.129338167672334414e-01,5.889336247985546002e-01,7.966025249243212647e-01,3.808153463281614970e-01,5.764878156477870608e-01,7.638781557656861843e-01,7.164962676903693373e-01,7.875530547576030660e-01,4.412628252789669303e-01,4.727243361162552504e-01,9.230532960630111194e-01,7.686569298940111317e-01,8.737732102137116819e-01,3.107851727665535968e-01,7.432256706052036144e-01,7.964569907691387840e-01,7.275987130687621152e-01,6.388854906065920547e-01,7.457999930383416576e-01,5.102325173971857808e-01,6.547952693791661005e-01,5.071602740381629948e-01,5.592699051400804588e-01,4.499682929641340423e-01,7.491701853960589519e-01,5.234182338519356437e-01,2.026569594896238391e-01,5.811845320042132723e-01,3.384273575954273028e-01,6.385670533538707616e-01,6.477090690571387643e-01,7.198212096599607701e-01,4.758203608941928842e-01,4.205977864276529421e-01,8.531538997386776124e-01,7.124537423281714910e-01,2.053378166010545181e-01,3.401490951483341352e-01,7.519361537729538636e-01,9.878024563513821965e-01,5.754236046973735252e-01,4.307333994564875312e-01,8.021160540826210994e-01,6.265287930587772891e-01,7.664866069075612076e-01,2.627045117700209653e-01,-1.580223060270949664e-01,4.675768425661440686e-01,6.085722066660508300e-01,7.531208627689967017e-01,4.554513934777727480e-01,3.344794254909929099e-01,2.962087503996626570e-01
7.057760178053062994e-01,8.920418843516787488e-01,8.845722057851466147e-01,8.095200390678783942e-01,8.271644948484050408e-01,8.383944519938575368e-01,8.269853048549130614e-01,8.028107396096809678e-01,6.033811233242708516e-01,6.331847304565616508e-01,6.761772372986600832e-01,8.910768636830066480e-01,0.000000000000000000e+00,7.306014787389890630e-01,6.892057145540821939e-01,9.899675134692014211e-01,6.429608919714236981e-01,7.078992801234368359e-01,6.203176923741062776e-01,7.222797805618788036e-01,9.235370031453922213e-01,6.276258215986911804e-01,8.577972606156375468e-01,8.375885208901250323e-01,6.772893299421254287e-01,5.398991986758079342e-01,6.606496154782992569e-01,6.079737740622551678e-01,2.643640000078146257e-01,4.246919400653886845e-01,6.648902055562209146e-01,4.913650085797989231e-01,9.531725619870214938e-01,2.731370838772092524e-01,6.262713543145974615e-01,7.772223611734929705e-01,6.187134005906936851e-01,5.225472869784734131e-01,9.414340707746304826e-01,4.486430494757009391e-01,7.708820204240860452e-01,7.975107286577025612e-01,9.749336951886629077e-01,9.106455912978568268e-01,6.512745394868677540e-01,9.839908355175307486e-01,9.510007544852092654e-01,6.323636773385030718e-01,6.204021877547406527e-01,6.760778462887814255e-01,6.637496721800389965e-01,8.063922260457963009e-01,7.062630580474326125e-01,6.623126417844084068e-01,9.417482572729304335e-01,4.704102685317147481e-01,3.611219067676122441e-01,4.173151972637246798e-01,2.153995578408587908e-01,2.053054277733425692e-01,4.933902348713274377e-01,2.871791009430218478e-01,6.140591372243341395e-01,8.141118294468989713e-01,9.845401378066332976e-01,6.084588709217656488e-01,3.106931578656900728e-01,8.613899369933435413e-01,5.177545189031493855e-01,8.739806857983833943e-01,8.321945352846038535e-01,6.722722162513661281e-01,7.256040789964532944e-01,6.285970370313149758e-01,8.713379943142333106e-01,8.457426260741773838e-01,3.933862337539308918e-01,6.767459447996074795e-01,4.242964353203602657e-01,7.527292585794387314e-01,2.184752587316299566e-01,4.709453517009734025e-01,6.833013812219493888e-01,4.801845017547545780e-01,9.652498559939812761e-01
8.269118057209376982e-01,3.077874371933160269e-01,9.797434157305615621e-01,8.183544642025392113e-01,4.065396049431767578e-01,5.204882075718604284e-01,6.205510536095336649e-01,6.668463453434048116e-01,7.189634938887797810e-01,6.847440588303409514e-01,4.904216462443430902e-01,6.409616245901089693e-01,7.306014787389890630e-01,0.000000000000000000e+00,4.705153964950361534e-01,8.322825497555405017e-01,9.906288371236446899e-01,6.420208133737296263e-01,9.763030216788203264e-01,8.837234928099156894e-01,9.635772763395091811e-01,7.960875577199710840e-01,4.312572222732997118e-01,9.439105374309695318e-01,5.441225805570328866e-01,5.288972764109869384e-01,4.038814968798372096e-01,7.504561799214944928e-01,4.572961517606561888e-01,5.928762653962162954e-01,1.045285961756744347e-01,2.406245416183953323e-01,6.558370602134588889e-01,5.938588769022883351e-01,5.872921846823264680e-01,4.281365643807321653e-01,3.984125486723611997e-01,7.103339131963554154e-01,7.837673295154654607e-01,7.180736400683679355e-01,4.631922679684739030e-01,4.808944091263775977e-01,8.583517726582168272e-01,5.605677257180395889e-01,7.303359687619701557e-01,4.576314063552486822e-01,7.866941259635129580e-01,9.583656702097900215e-01,7.705480906098391980e-01,8.996939929128627833e-01,9.019100537360489334e-01,9.889807420197385124e-01,7.106132521572166016e-01,9.984241746568178755e-01,7.420639867852357741e-01,2.679666711623576725e-01,9.102417965311061510e-01,7.558237976988101403e-01,7.682895229779149737e-01,7.338542776907119869e-01,4.296162638733832528e-01,4.618364610021990502e-01,8.771065360331912197e-01,9.825495201636915699e-01,2.868066895389839166e-01,7.308626924429323379e-01,4.801351437702573999e-01,9.619090759183974715e-01,6.662758438126101801e-01,3.421151580414669713e-01,9.693400912119016777e-01,9.206108981385696666e-01,5.631032054215053817e-01,6.729786260514207530e-02,5.736021454939681519e-01,6.828140305834510260e-01,7.052379925790732695e-01,7.053405115407069825e-01,4.783382644482251922e-01,3.246607787685332758e-01,9.464051500556756036e-01,7.140596877046349045e-01,8.452641410014962720e-01,2.326423906774029438e-01,6.709912503623802760e-01
6.527182059674628833e-01,1.916397836721195390e-03,7.536957377116135781e-01,9.054489725371400732e-01,2.748373939362073193e-01,-9.980548204518954747e-02,4.572672985704846482e-01,7.567927032301805523e-01,8.080251229093734500e-01,5.104676071405268578e-01,2.923152270533375674e-01,2.913940358008946241e-01,6.892057145540821939e-01,4.705153964950361534e-01,0.000000000000000000e+00,7.600997556567518076e-01,6.597408092143657310e-01,5.845633038439405071e-01,4.134209416932315140e-01,7.307298534062989237e-01,7.969172748208448454e-01,9.002502804753329535e-01,6.476465687164095764e-01,8.042223308844005381e-01,4.079863905476103780e-01,3.850727467605238874e-01,8.155679634908675757e-01,8.816236497710763231e-01,5.953372526743954118e-01,4.436687553073236923e-01,5.544437343917560934e-01,6.240339557090087697e-01,7.587960915984799382e-01,4.958846930974750711e-01,3.032082097215567651e-01,3.411610536787849091e-01,6.500558950947619152e-01,7.196427157934148777e-01,9.562734131923414926e-01,9.049979229276878812e-01,7.968113588727625540e-01,4.227212796082665536e-01,5.144634229172152518e-01,5.088224117497691656e-01,6.656438445525907355e-01,8.778825980646576266e-01,6.261797350569920928e-01,6.842839741940532905e-01,3.787583802945191369e-01,9.399616881172095928e-01,5.659756055829597843e-01,6.571348969616761515e-01,8.387679106558318942e-01,5.812437124872309457e-01,8.288064330726931939e-01,-1.091948420018715726e-01,4.692507953751919869e-01,6.391709229411338677e-01,8.968363375752383959e-01,4.389145486750010150e-01,-2.904252545941181651e-01,6.288044845708176123e-01,4.946974163395175261e-01,6.538146296162445914e-01,7.535443892498501217e-01,7.265357326256870474e-01,6.505012319472119886e-01,5.060947355127732861e-01,4.371999595216422008e-01,6.179370692900738593e-01,7.859659475387029692e-01,6.707017356031854671e-01,4.995675827441041772e-01,6.424026397003448352e-01,6.876362364864144761e-01,7.134616777507778451e-01,9.913307774881716661e-01,7.707242197373730397e-01,2.233672939126216672e-01,-1.018290037201020348e-01,5.739316012243669274e-01,7.693283003928093056e-01,9.229165096478988417e-01,7.388150291027053562e-01,4.617328644614039912e-01
5.441630175682262704e-01,6.416246217160906928e-01,9.135551429283764735e-01,6.688230020121110897e-01,8.137324174583497882e-01,9.492055169863525821e-01,3.584891268017939003e-01,4.440716300127036109e-01,9.502799771951101482e-01,8.482280225945211249e-01,5.893264944718191733e-01,2.526786972731739356e-01,9.899675134692014211e-01,8.322825497555405017e-01,7.600997556567518076e-01,0.000000000000000000e+00,2.135042972157961128e-01,3.667699126777050900e-01,6.214267260862282871e-01,3.927507640183217630e-01,9.002051498824669151e-01,6.949284143198749542e-01,2.955236114026080774e-01,7.967365792967067151e-01,2.574873206807790638e-01,8.338759624827747630e-02,6.342429038224197679e-01,6.269020909029222599e-01,7.912799920351532013e-01,6.150974883170411411e-01,7.621451387690197921e-02,4.302408223549173960e-01,7.048536594203151651e-02,9.383062253343494863e-01,7.696197729346927474e-01,5.786582660493250208e-01,5.527802942261179631e-01,7.394706797480565807e-01,6.067308968531285318e-01,7.951763900896128279e-01,2.292312228546946051e-01,8.082134781152278125e-01,9.553614705685594677e-01,9.538103648801040668e-01,7.006654236735019303e-01,6.903400094863273440e-01,9.703327386990752146e-01,4.383513340580199591e-01,-1.490356845984855405e-01,8.698364672450953350e-01,5.258232893333613100e-01,5.638016369340868028e-01,6.203089918546929038e-01,3.618817458322727276e-01,8.178426723455863856e-01,9.172379876988600023e-01,7.552972772127768408e-01,8.860469391148212415e-01,4.385817346440779030e-01,6.161078407177392746e-01,5.548725311022089102e-01,7.780832589603128291e-01,6.502556362820617331e-01,9.365922236949576485e-01,9.161278627870834690e-01,9.518451339579205861e-01,6.023066004419161956e-01,9.071453280009753595e-01,7.219046908335179369e-01,9.984101075199947051e-01,9.760891166365573968e-01,4.463679785567807312e-01,5.545403965887885089e-02,5.879288379496474537e-01,6.912557477165321984e-01,7.813118857952010554e-01,9.742158222482093510e-01,6.136173627541838815e-01,2.291242957414114934e-01,3.971513856060867598e-01,7.100491412866158925e-01,8.116325292905645084e-01,8.879248746950875182e-01,7.487282452968017088e-01,4.557875339066073117e-01
4.771456386989768594e-01,9.070440813687894455e-01,9.915257268263837354e-01,7.499987926984501563e-01,6.129657891825677218e-01,9.746543689124074206e-01,7.560104821386358642e-01,9.420677834055808386e-01,8.886929968904223598e-01,3.143418529348135371e-01,4.984386017740404240e-01,-1.304970818216384387e-01,6.429608919714236981e-01,9.906288371236446899e-01,6.597408092143657310e-01,2.135042972157961128e-01,0.000000000000000000e+00,9.163212599490115906e-01,9.091041151217967853e-01,4.622143228927363401e-01,3.910490359268654625e-01,9.370705734204305415e-01,9.190802366424745129e-01,5.478167959788342589e-01,5.090364819295751797e-01,8.759814196911185347e-01,5.179618235971699125e-01,4.478044512637365804e-01,2.873585553769827938e-01,2.219315419901536912e-01,4.927291324759369151e-01,4.176488332168249440e-01,5.072890924429072079e-01,5.566166594401324996e-01,2.497976987656555237e-01,4.498524900837353457e-01,4.866315886008352187e-01,6.180187261505408758e-01,8.088346083141280118e-01,7.334027070885222876e-01,1.853656298751926168e-01,9.524797618121628728e-01,7.964705841646024798e-01,6.168301974945106236e-01,8.020502104862625714e-01,5.896153050345639413e-01,8.972674135208587032e-01,4.263065796029001930e-01,9.026942613061753606e-01,6.872006547432971679e-01,9.018289073204248663e-01,2.166219108177175334e-01,3.519663587659804804e-01,4.690406741466369711e-01,9.150451199027882510e-01,6.086196448297205297e-01,3.632573550156522058e-01,8.693721641740294048e-01,5.275546765423344553e-01,5.671857076048892887e-01,3.679181138262141992e-01,9.043324723675522092e-01,7.956829292809852738e-01,5.533995680864173261e-01,8.917914689135887363e-01,7.030209694512620233e-01,9.760920425911931986e-01,8.016683065043193057e-01,5.357361718191819833e-01,6.453772786209009960e-01,7.687681059667061945e-01,4.554467050669944728e-01,9.124892316574453321e-01,4.086117259765861820e-01,9.645023960421628129e-01,7.271561667682185925e-01,3.318128857333302317e-01,6.070060682668713126e-01,6.420977947545092324e-01,4.089284777176468433e-01,8.123933440404761397e-01,7.058458969741956412e-01,8.856082214318248269e-01,7.224170940705371136e-01,6.782272727996896400e-01
7.330259103557227318e-01,4.309846648910376499e-01,8.396469413203333509e-01,6.637379233974061155e-01,6.497503877293441255e-01,6.568128597618849707e-01,4.335833070874119399e-01,4.786529914841404776e-01,4.834187208241226275e-01,7.900419543090779761e-01,6.894540318520612221e-01,6.476120837087353532e-01,7.078992801234368359e-01,6.420208133737296263e-01,5.845633038439405071e-01,3.667699126777050900e-01,9.163212599490115906e-01,0.000000000000000000e+00,6.199286371854649813e-01,7.594681781941797771e-01,6.651718360553197096e-01,4.953144471625953726e-01,8.483047698230312683e-01,9.493691771808027147e-01,3.379060404671970774e-01,2.200546635356820935e-01,6.044212913936318765e-01,7.375130601588706369e-01,4.554530495161612236e-01,6.138461905742742530e-01,6.314596108337702240e-01,7.172657840180727273e-01,6.817322651446350301e-01,4.814835034008232428e-01,5.311031024273200618e-01,5.048462400661741789e-01,5.158202273681220529e-01,4.860904423220922532e-01,9.454360685588903968e-01,5.113055851326888668e-01,4.158554131309354363e-01,5.113126968791010807e-01,9.733699455122828414e-01,8.807598197916670646e-01,7.049108019670627945e-01,4.643758953616751173e-01,5.590403700854722491e-01,5.487509252249354041e-01,7.422939723415874491e-01,7.361429629590019452e-01,7.475662036202788130e-01,8.915420014397761328e-01,9.316811868026806387e-01,9.953583998844393044e-01,7.782903361675385101e-01,5.984389152511410126e-01,7.182515621015068685e-01,8.508025526127598326e-01,8.207956777606190135e-01,3.112565114109622222e-01,7.939411512126173243e-01,4.659987945093481132e-01,8.377889857867576451e-01,9.754742438587131748e-01,8.678921026762571600e-01,9.513883247934047382e-01,9.607081639752386160e-01,5.242539185946125668e-01,3.233476368805009438e-01,6.601126202776460561e-01,7.129564684618459047e-01,7.283638224848916209e-01,8.263060366280939872e-01,1.281478244392646182e-01,7.848656466128057785e-01,7.000548710437441979e-01,9.632603096342639004e-01,7.018223716858502659e-01,5.898265282290731104e-01,3.930993087015270948e-01,7.505497422583445877e-01,9.061909050588112802e-01,5.671672282119754049e-01,6.221977570463272933e-01,6.908711175459569809e-01
