0.000000000000000000e+00,6.746546091645535537e-01,9.873174519296898932e-01,9.536680757046129830e-01,7.863966659706440598e-01,6.463327073873060824e-01,5.185722934762991843e-01,5.843675291974910202e-01,8.096538537819016890e-01,7.733443767000058866e-01,8.509548437173886093e-01,5.811331446607507223e-01,9.070189823098028237e-01,6.969421928123652465e-01,9.804471059507715580e-01,8.427711623258439255e-01,9.161697860798186932e-01,8.578403253032179654e-01,9.874525202331501106e-01,8.883480895772686292e-01,9.662357209424726756e-01,4.094288214179272467e-01,9.855612271200809849e-01,5.788573698316819005e-01,9.682890195668799604e-01,8.931490092457506913e-01,8.624133774053808210e-01,7.232511070438470968e-01,3.251619223304126338e-01,5.299173687886183925e-01,3.046887460323690067e-01,7.748410792106358302e-01,8.761213577765850635e-01,7.838821397485074005e-01,6.280507581136707262e-01,4.140225012915079716e-01,2.826439813665141410e-01,8.875904045617518667e-01,9.122196994223340516e-01,8.674032927108425994e-01,5.147006083619917183e-01,6.653793384559530955e-01,3.949890899552702672e-01,9.927519383398036856e-01,5.962119062653944424e-01,6.633651458422955560e-01,8.724724415317159920e-01,9.055163247600431786e-01,7.512479001182704730e-01,9.349793077673426156e-01,9.544549074368189334e-01,8.819652084785606361e-01,8.278721098270337420e-01,6.301363669493390551e-01,9.083058612145060717e-01,9.367719007723733782e-01,6.611832820550184175e-01,7.617108285079755570e-01,8.310784742627492783e-01,4.749177796135243268e-01,2.546957984441479139e-01,7.611444241995786175e-01,8.146766587695054573e-01,7.209316244052952349e-01,6.311142460456466985e-01,9.485001941355284405e-01,8.289547303746956919e-01,9.943233946302727499e-01,9.397943492344165151e-01,4.800883736635363497e-01,8.834431195302628881e-01,3.082442135605303890e-01,4.858514492891684577e-01,7.120211056636880365e-01,8.920999924822975435e-01,8.233523600001886322e-01,6.042532699449372213e-01,5.878380350698166890e-01,1.287699327314401898e-01,5.258055020796419399e-01,8.008007804546986019e-01,6.534484458155045417e-01,8.508855773876151662e-01,5.016022785838180065e-01,8.688306514374316558e-01
6.746546091645535537e-01,0.000000000000000000e+00,6.959582172344322970e-01,6.321172785796231874e-01,9.085552546388964146e-01,6.296923466372703615e-01,3.362662377918017587e-01,2.728361302013696532e-01,8.190746160865656211e-01,6.509843522069622690e-01,8.782128055083285867e-01,9.047599535017576411e-01,9.228097479491648159e-01,9.228599591524424550e-01,5.812888014215955579e-01,5.761939978647184768e-01,3.907656930824809915e-01,8.316356695554883993e-01,9.581768517318598466e-01,8.250752289813453322e-01,6.469419702147252149e-01,5.335192876485053137e-01,8.323375545632707428e-01,9.308483981558910436e-01,6.396869440973821375e-01,8.680046825305387515e-01,4.043209474795078640e-01,8.036469877693789288e-01,2.549613594639323910e-01,2.573083740416748366e-01,2.473868990269575130e-01,7.306807907540007196e-01,1.747386309066587540e-01,7.006764190190306607e-01,9.131203840417819739e-01,7.513684858881853890e-01,3.194566505308386595e-01,9.145446406886082770e-04,9.650777486651364034e-01,4.544765516733897948e-01,2.938131262814102640e-01,4.645884298366630416e-01,9.913308700844496446e-01,9.122043545345311921e-01,5.432877175859198715e-01,6.691263900771842188e-01,4.381040506545316737e-01,8.773611098025705379e-01,9.582668310262127953e-01,3.758695445438661187e-01,6.839105896288577568e-01,4.911177906419667005e-01,9.032343962186692998e-01,7.027795589235052987e-01,8.932999441369875449e-01,6.304479478291983297e-01,7.945381073152173457e-01,4.856056647348950261e-01,5.694494704573448418e-01,4.522341556738717072e-01,4.837033608550936892e-01,7.737094248990459278e-01,6.711498733448928444e-01,9.942322272487584822e-01,9.669571842066345679e-01,9.677020251249679461e-01,9.861410754643216148e-01,8.670801114097443918e-01,5.181376129909881501e-01,8.634111051134898407e-01,9.484782208081194987e-01,9.571688120669499256e-01,7.452198820999735851e-01,-1.388787384055731045e-01,8.580215783375022554e-01,9.430572186169430271e-01,2.357734705789745200e-01,5.761803021121929547e-01,6.203755942363647913e-01,5.606927809057904444e-01,4.115639739252874296e-01,7.813626634416200867e-01,6.751054078013106752e-01,8.252707466460549313e-01,4.479832257975321363e-01
9.873174519296898932e-01,6.959582172344322970e-01,0.000000000000000000e+00,5.168606506551897128e-01,4.270213443325301950e-01,8.868618316292191661e-01,3.069661421959317127e-01,8.500409452816479750e-01,6.174873717966986586e-01,7.353101645370185846e-01,8.824028150845897311e-01,9.656691803306880484e-01,9.445805080110424301e-01,9.091572267636465199e-01,9.776638679273568222e-01,7.899365165003566780e-01,9.586588393703733280e-01,8.400552745196548932e-01,8.587171394103270128e-01,6.965736656221696022e-01,7.612294799770916720e-01,8.272909201513284350e-01,9.573604298070731433e-01,8.482641150622253212e-01,6.461448124851454367e-01,7.788003152878069102e-01,7.867012111874435165e-01,9.453939082878537459e-01,5.797761182960908810e-01,5.640529520467376656e-01,2.548311629905805065e-01,8.998073667612600524e-01,1.651638703490065918e-01,7.777768281836093811e-01,9.096014107786770664e-01,6.068118638431713174e-01,4.871370743514412682e-01,8.358655921906494868e-01,6.303779546701316905e-01,4.786528630341255752e-01,3.693179077789233711e-01,8.512393277836223238e-01,9.650502950926642676e-01,7.258482295802839435e-01,4.472756811352270878e-01,4.021688161698707686e-01,2.487321602588738467e-01,7.868661900997373504e-01,9.334406347021380057e-01,8.887640679005985866e-01,6.655700034989169289e-01,2.924450860902770288e-01,6.858998882419352627e-01,8.297972746468711414e-01,7.301112013857896654e-01,9.178926015138487715e-01,9.875896426876689116e-01,5.773108581788870541e-01,9.216756070413452129e-01,9.683183045816590173e-01,4.632991494800277610e-01,7.440161332199641819e-01,8.848912461689552034e-01,7.008000639171892976e-01,8.870346893569235336e-01,8.319047134461120541e-01,9.741408823253020488e-01,7.002097063611754102e-01,9.687876855833055245e-01,3.103622781891738902e-01,8.521101201779712753e-01,7.846947296586435083e-01,6.637752620697559003e-01,4.466079034589680030e-01,8.199930603578409194e-01,8.519703112667982303e-01,9.050860788788611666e-01,7.980119937450176337e-01,6.301891898181090079e-01,6.618632433362316991e-01,4.542217049948539809e-01,7.691566063028552058e-01,3.448453740060292150e-01,9.470710470169848572e-01,6.685237699157461355e-01
9.536680757046129830e-01,6.321172785796231874e-01,5.168606506551897128e-01,0.000000000000000000e+00,5.074515698664038288e-01,7.884557813970811679e-01,2.164096936597419418e-01,8.088169183214003466e-01,4.314898922993570252e-01,5.031877608208897845e-01,9.038194500556009370e-01,8.891540548844855119e-01,4.415492809476463942e-01,8.592248908609809721e-01,6.332562892699314938e-01,4.531313612816358916e-01,6.306652786915364350e-01,7.417114253937343582e-01,3.163551642088299198e-01,9.618037507063141867e-01,7.141200944814808382e-01,7.398356951120347302e-01,6.221543276581477100e-01,8.804801545860199141e-01,6.529718918602105404e-01,7.825220619667139221e-01,8.589761727174126671e-01,9.204383944705027965e-01,4.203755521421193020e-01,6.605464650312307118e-01,3.546463293279943363e-01,9.465226695279029823e-01,7.704247826673360500e-01,8.014316599526206675e-01,5.042918232812806378e-01,3.561551287550280831e-01,2.874450169573202762e-01,2.243740277862799060e-01,8.119123363216375067e-01,8.357991834845155399e-01,6.977402523335467510e-01,7.935852482754746084e-01,9.906793976830305937e-01,4.237549268078342757e-01,5.058576592781661718e-01,6.615940620911020531e-01,4.666231767186265755e-01,9.068938119546411381e-01,-6.379249932827354974e-02,4.878140674603448357e-01,8.707513546931642257e-01,8.545167991119553275e-01,7.033459594557167627e-01,7.841137418029027195e-01,7.967325279570133256e-01,4.507252814591319323e-01,6.835220801395550660e-01,7.186233719843272416e-01,7.883780091854997174e-01,6.181162911606250532e-01,7.193728699317415431e-01,6.446195754777124254e-01,9.983124616255821815e-01,7.837783539718740089e-01,7.119014319225892562e-01,6.326223450291735828e-01,7.796332737438710359e-01,9.504206354661837164e-01,2.076930918063621678e-01,9.260566269436738551e-01,7.353507674051538157e-01,4.256476433457550557e-01,2.743827078068169500e-01,5.957512139987973798e-01,5.432985359438905482e-01,4.055118267950183486e-01,8.175012777629783178e-01,2.487478456884150702e-01,-2.945817537190445479e-02,3.324175755393216081e-01,6.369739969427554716e-01,9.738341884984885732e-01,7.488389972338791445e-01,4.109594801446648238e-01,8.345338568691909042e-01
7.863966659706440598e-01,9.085552546388964146e-01,4.270213443325301950e-01,5.074515698664038288e-01,0.000000000000000000e+00,4.544319327488284266e-01,5.541551708641533347e-01,7.833244928754257153e-01,7.482261301568737810e-01,9.723360360689872195e-01,6.365936927984172655e-01,9.600630940095026267e-01,6.287817020556268899e-01,7.815136831887289359e-01,5.494603530078475684e-01,4.622251516007759298e-01,8.203360778885822047e-01,7.701277330572189328e-01,9.379433546874206273e-01,8.055654129451577106e-01,7.267800785169202804e-01,9.277513227122706763e-01,9.984484356506024838e-01,7.963346107172820654e-01,9.407441765010383650e-01,3.364535664433795370e-01,9.420656063214822851e-01,6.227300799279931187e-01,3.561265893584788511e-01,4.556307055917955262e-01,4.813213964291284674e-01,7.774789999402997864e-01,5.376797838999259893e-01,6.262090185498697670e-01,9.202316985847069919e-01,2.265645719098177413e-01,1.810255708931512164e-01,4.188422879376222929e-01,6.288132303829442327e-01,6.676803549854549713e-01,4.359058821643567172e-01,9.664899035052846310e-01,9.709013612644386004e-01,3.757526687037524016e-01,2.259734828054970335e-01,9.867069774941061855e-01,6.740597764396517588e-01,5.954392069018983324e-01,5.310935104425323905e-01,5.305246081642591705e-01,2.396332247415822181e-02,6.342394374011691704e-01,4.286806324670206503e-01,6.270943231268737428e-01,7.145047849423591391e-01,6.273359350276643820e-01,8.282704659238425693e-01,8.346209892089347937e-01,8.361781003686962199e-01,4.071020963128372250e-01,4.532599193297834339e-01,6.534741420567700132e-01,9.068014497934659968e-01,9.355269859508842378e-01,6.650617045865938604e-01,8.373838028845965731e-01,6.039476844943819644e-01,9.396117115425250965e-01,8.152219789097517877e-01,9.348384205880800879e-01,6.057211503488189042e-01,6.693185485087107534e-01,4.127434539435438920e-01,3.590657592445783419e-01,7.366468289532251967e-01,5.260922991045053898e-01,8.391410457323937866e-01,8.571053572416796884e-01,7.984496128332504439e-01,3.042170896656629653e-01,4.273097203509119146e-01,9.368272395433523414e-01,7.152068808734411975e-01,7.256905407713430955e-01,4.944950731628523499e-01
6.463327073873060824e-01,6.296923466372703615e-01,8.868618316292191661e-01,7.884557813970811679e-01,4.544319327488284266e-01,0.000000000000000000e+00,7.001890634740026709e-01,8.399409986860371102e-01,6.532743813464926275e-01,9.697652939164953523e-01,6.496166775749220301e-01,9.079369130898397033e-01,9.237359356467529370e-01,9.196204221203466700e-01,7.273046646532976833e-01,2.582721031110877391e-02,8.436599670197046930e-01,6.852838122321264214e-01,4.564738395001840532e-01,8.629844708714620172e-01,8.308472227072057903e-01,5.217039153049014555e-01,7.494754643099883484e-01,9.662875132841510784e-01,7.373612824280291189e-01,4.232230247624337860e-01,4.550050402769100777e-01,6.409650527829855449e-01,5.952897013515376923e-01,8.935186674462451961e-01,9.739476801258264982e-02,5.609979196375003418e-01,7.289196953188847861e-01,5.519865156190590927e-01,5.350234195323695374e-01,3.388194718350624468e-01,2.056183483165318349e-01,5.780407593987821890e-01,6.355625283502319700e-01,5.937638025014179144e-01,8.288503134849094511e-01,8.152769286964948181e-01,6.631676422002158455e-01,6.805320507295000709e-01,6.025021209343592865e-01,8.246627564693942425e-01,7.990838756439966328e-01,6.396329038399806155e-01,8.493592291414260309e-01,6.103370032920738542e-01,6.839490711575517690e-01,5.917602158097106102e-01,4.161694175794313222e-01,8.587386249254058690e-01,8.905730827787731174e-01,6.306058402663419216e-01,9.758615994490704715e-01,5.438147662824486250e-01,9.901567509053007532e-01,5.042885613771274089e-01,3.850407953242331871e-01,6.200660590063403754e-01,3.310283294668456833e-01,6.626633278285336548e-01,7.873192291190874714e-01,6.678333393476328927e-01,8.319247254600382613e-01,8.603509783122783583e-01,1.230750242738548605e-01,9.396267073063880870e-01,7.667128532689473364e-01,2.976328855822480968e-01,3.339510798581145079e-01,3.027599652596363322e-01,4.552491296919817243e-01,1.950986417372696791e-01,4.656200418610373926e-01,8.069154942344071157e-01,7.464985758562676654e-01,-1.862173786951319687e-01,8.977138172459873111e-01,6.225563858299527631e-01,7.557416624048911569e-01,1.631961814057862337e-01,9.955473945324457841e-01
5.185722934762991843e-01,3.362662377918017587e-01,3.069661421959317127e-01,2.164096936597419418e-01,5.541551708641533347e-01,7.001890634740026709e-01,0.000000000000000000e+00,3.684520643172870535e-01,8.054189240387260584e-01,5.464868345328466326e-01,6.039103431641950070e-01,7.875823548808128516e-01,3.894886629764509056e-01,6.295575036422680348e-01,8.568884955449445062e-01,5.338737340968907619e-01,7.346636503617021141e-01,4.658816848864483773e-01,6.851875624504868423e-01,8.422275531099194801e-01,7.126028929224832442e-01,5.713775994833191207e-01,5.903086549867584409e-01,9.037878650772199762e-01,5.848274186455746371e-01,6.209226160886798240e-01,7.124375285267696700e-01,6.684331642615407576e-01,2.448731411102877398e-01,5.856253531499372444e-01,2.209323265890737187e-01,7.820489199370881384e-01,6.752582035568086560e-01,1.801212152958935886e-01,7.750329303757110821e-01,4.777575239238696092e-02,5.395285408629173496e-01,4.930577506491997664e-01,9.293672983358864936e-01,6.401379168472496328e-01,2.325354861029661768e-01,7.404422894986952830e-01,7.084413191715427383e-01,4.873649778922332643e-01,4.093646025704991143e-01,4.896292403443494590e-01,6.189594102342103055e-01,5.989907406204211249e-01,3.562426329843290107e-01,6.816751248158813004e-02,6.952723391925234031e-01,4.871909369195859263e-01,4.502810939387689726e-01,2.917015795839569270e-01,5.678886874040485200e-01,-1.288336062231927870e-01,3.038033326905567252e-02,6.160450101814456403e-01,8.331072673275973228e-01,3.991152326777059889e-01,9.793087557030507595e-01,4.068596735980918311e-01,4.779672619464213623e-01,5.791788558053536651e-01,8.457286650170863229e-01,3.407711046453235637e-01,3.394605846244275749e-01,7.399029761748350253e-01,7.507378144071958914e-01,7.394692175283676949e-01,7.648649062099278639e-01,2.831006336128833456e-01,1.540010958762678961e-01,6.570681637854980384e-01,8.272249584008676271e-01,1.281610461937288115e-01,-1.762325322588537413e-01,2.777043105421245217e-01,-1.598729483005725260e-01,4.444204206472925356e-01,5.348923230676627671e-01,9.200495050688008991e-01,7.506237721637556426e-01,6.695776072633533582e-01,4.128238726968992411e-01
5.843675291974910202e-01,2.728361302013696532e-01,8.500409452816479750e-01,8.088169183214003466e-01,7.833244928754257153e-01,8.399409986860371102e-01,3.684520643172870535e-01,0.000000000000000000e+00,6.848543047497837044e-01,3.174121644526504138e-01,4.528496350306885909e-01,9.672211613212515768e-01,6.668909884873783778e-01,2.454701237483306042e-01,9.017305498254061247e-01,6.682951795999364508e-01,4.210844715393720072e-01,9.528239896889451055e-01,7.220292317157764872e-01,8.632181832645012820e-01,9.142303789977822559e-01,6.274176449668389562e-03,8.849597032257027207e-01,4.879822813900403511e-01,4.614432554651127227e-01,5.100217310350748656e-01,4.876981671286496622e-01,7.950647923249506421e-01,3.794861451983180811e-01,6.198157081999426943e-01,2.742718302939569086e-01,7.781372452003739726e-01,6.088910506927542876e-01,4.910192599922780232e-01,6.122972625628402277e-01,2.469660792344850753e-01,3.943359395654145727e-01,9.456135291405582954e-01,4.001403054598128839e-01,9.035268495957727852e-01,7.428015150897922247e-02,9.562896590961964538e-01,8.738297585535166334e-01,4.679232517891511733e-01,9.094181516828537815e-01,8.980172455300788892e-01,3.381741978431503926e-01,5.008452022803948633e-01,3.820699767287986104e-01,7.292987970907901518e-01,2.006537564283957797e-01,6.327237975789720137e-01,6.353947939690317570e-01,5.029520327133822910e-01,9.367959900338919121e-01,4.995455226180587349e-01,4.042981670275960782e-01,9.026558558119164299e-01,8.904523738933285415e-01,7.954192286274266444e-01,5.946508954579807771e-01,3.593972896303492259e-01,8.447309416826360717e-01,7.890273994654272149e-01,8.217095342084982379e-01,6.646421216606787086e-01,5.093192486177476885e-01,4.694490209589947671e-01,2.957567077871051109e-01,5.514728229179391983e-01,6.079790793341867117e-01,4.268625590822159310e-01,7.270861270149929778e-01,6.835847201171855181e-01,8.926285411918225554e-01,6.536622065854147401e-01,5.791978770377234076e-01,4.891834823126835485e-01,1.943806707253193933e-01,3.034150005024568997e-01,8.550144846310029356e-01,6.662263987998970904e-01,8.228439376147314022e-01,5.455185767482015891e-01,9.982050027349267385e-01
8.096538537819016890e-01,8.190746160865656211e-01,6.174873717966986586e-01,4.314898922993570252e-01,7.482261301568737810e-01,6.532743813464926275e-01,8.054189240387260584e-01,6.848543047497837044e-01,0.000000000000000000e+00,5.302693217932819003e-01,7.265318681408541313e-01,5.571698789518676476e-01,6.829616094957531303e-01,8.053180607846200934e-01,9.428999213763923637e-03,1.429335951931433313e-01,9.961268616335370307e-01,7.523053857293311442e-01,6.514555355348332633e-01,9.252860636309278020e-01,9.549642613179912809e-01,8.765210194082601047e-02,8.788991874306006924e-01,9.470100503328033881e-01,4.153840768079254397e-01,5.418889120612297994e-01,8.676335156129815207e-01,7.817257173368279410e-01,9.438395066594562621e-01,2.051814364420327386e-01,2.285837343003859767e-01,6.983401631300103496e-01,5.740914635322815762e-01,9.019547944904504622e-01,9.289168252061060782e-01,2.430195423649809672e-01,6.261184027167980837e-01,4.389579805240892973e-01,8.992016432294858141e-01,9.509754808835991780e-01,2.797665143580256933e-02,6.145922090920984404e-01,6.791604379709027528e-01,6.712917868542869204e-01,3.033340112869568617e-01,7.606601209361341098e-01,2.331001208573058037e-01,4.306299484495464402e-01,9.081401511311805175e-01,4.831756251255371337e-01,8.833668887265596625e-01,6.700161245763360807e-01,5.942568126798505324e-01,9.667789138329326848e-01,8.054891960648776772e-01,8.474798884504858298e-01,6.597452625903008627e-01,9.768135191173137333e-01,9.112574198356915289e-01,1.448388182640480693e-01,6.076760530398599425e-01,4.017311455576155765e-01,6.451020063709542729e-01,8.538049629628641224e-01,5.503785416830148103e-01,7.769681436588667944e-01,4.816514186388557439e-01,8.278690850375817201e-01,9.345951984281047897e-01,6.774161130472318160e-01,2.260622310936014900e-01,7.371876569032647097e-01,4.318635058853700914e-01,9.693428199864553285e-01,9.159189388036775847e-01,8.804890446547960492e-01,6.387849591682128736e-01,5.793051700288704975e-01,2.134576081480634990e-01,5.566815779527581887e-01,4.512560839497185561e-01,5.000058892679922762e-01,8.254463742537266890e-01,1.922744312032258485e-01,5.602913170812537924e-01
7.733443767000058866e-01,6.509843522069622690e-01,7.353101645370185846e-01,5.031877608208897845e-01,9.723360360689872195e-01,9.697652939164953523e-01,5.464868345328466326e-01,3.174121644526504138e-01,5.302693217932819003e-01,0.000000000000000000e+00,9.825723346512722500e-01,6.899531732458258348e-01,7.539021887288506196e-01,6.215574274866334514e-01,7.174857124606246472e-01,3.614787500245195684e-01,7.205070417409480399e-01,8.901955312971525647e-01,5.658070084502359043e-01,8.886834781857344545e-01,9.479411591484957489e-01,6.140365098613257411e-01,8.604025235578520725e-01,6.742359746259676267e-01,8.800002417837643476e-01,7.759142283274229612e-01,4.330360923785897542e-01,4.072384328832844291e-01,6.209962073068399091e-01,5.938494061366309529e-01,1.934009178416145128e-02,3.979703702831837164e-01,7.072148666112464399e-01,9.989480624094679850e-01,9.917234312433246268e-01,5.561296499694983186e-01,2.762884071329854696e-01,9.199470015520740951e-01,9.735106892106143439e-01,4.475610375537212859e-01,3.840099082787348794e-01,3.819394940715635789e-01,9.025189853928136108e-01,7.138265183793685020e-01,6.014272511274374455e-01,9.036614144740473531e-01,7.760311328069473547e-01,8.266750653330247056e-01,9.351284885647491718e-01,5.184322783669638168e-01,4.749205825207416520e-01,8.878611645472940239e-01,3.197229801690498197e-01,7.438960640855880602e-01,7.647977648133869044e-01,3.038216690343167325e-01,4.400821839801118962e-01,5.871298647206921739e-01,8.768297182023307990e-01,5.161177669692845749e-01,4.436172162870639646e-01,6.093208355825231459e-01,6.028594123184775055e-01,9.311265689739727236e-01,4.049563389740972186e-01,3.890858507102415986e-01,6.496574431211724621e-01,9.331633401518477644e-01,5.336755623467593912e-01,5.762731307300394956e-01,6.270954065042735337e-01,5.397358471991020590e-01,3.961723015331571340e-01,4.739322760195021633e-01,2.505654821799574439e-01,5.497043515215730425e-01,4.242813546301562044e-01,7.680823350533552141e-01,2.805274406276547783e-01,3.219282989765515635e-01,9.992883596899442278e-01,6.985679151914567786e-01,3.174421387590619092e-01,-3.544043158139129623e-01,6.163847400884752137e-01
8.509548437173886093e-01,8.782128055083285867e-01,8.824028150845897311e-01,9.038194500556009370e-01,6.365936927984172655e-01,6.496166775749220301e-01,6.039103431641950070e-01,4.528496350306885909e-01,7.265318681408541313e-01,9.825723346512722500e-01,0.000000000000000000e+00,6.920507553806476420e-01,9.706680255520192535e-01,7.264201524521290976e-01,8.346823939719585361e-01,9.232228279657230807e-01,6.459006533609468192e-01,3.495246246190182871e-01,6.392060846106750738e-01,6.724085773810962730e-01,7.887640908260684647e-01,3.118282806591593515e-01,6.300511520091259809e-01,2.043222088226159250e-01,7.697558207332969582e-01,8.816786905519367057e-01,6.762345870799038039e-01,9.970088379246294652e-01,3.118946854512126832e-01,2.432148217307320837e-01,5.562534320856293846e-01,7.906591571249680372e-01,6.228280661259965045e-01,6.947074544879143776e-01,3.097877054568010657e-01,5.386276294291246769e-01,3.288826691937005858e-02,7.114493010645492888e-01,3.212758690670302619e-01,9.915242811285840396e-01,7.638257595968472868e-01,9.661751293694658127e-01,9.769700063311049787e-01,4.024650689644125867e-01,8.095855877590881766e-01,8.014139132516321373e-01,5.789990725171733077e-01,4.721551571561139471e-01,8.054501034670905613e-01,8.984358614829001111e-01,6.344316833239209696e-01,9.236068345153137793e-01,7.096082538060333178e-01,4.349665574633126974e-01,6.602237663288514913e-01,9.373135690420463240e-01,2.043571239998839273e-01,4.048487028846263769e-01,9.544072617648772239e-01,4.553404833931020135e-01,6.974973389235152865e-01,7.502564441818083685e-01,-1.893872599206794793e-01,8.622600041351566880e-01,9.326691924253688315e-01,4.214953918845613101e-01,6.764662541519719241e-01,5.231873371210690182e-01,2.141878092799064381e-01,8.921108487366095074e-01,9.442943606285334468e-01,9.620488445508059705e-01,-3.636407208184037065e-01,2.684685464874809746e-01,6.082873953270826473e-01,7.683260560298236230e-01,7.726438452679469382e-01,6.984688934162804896e-01,4.200750466820393214e-01,5.073605822091722395e-01,6.763708166208650674e-01,6.045962316070101483e-01,9.426088045713051367e-01,1.663335660252502901e-01,9.603727089140791096e-01
5.811331446607507223e-01,9.047599535017576411e-01,9.656691803306880484e-01,8.891540548844855119e-01,9.600630940095026267e-01,9.079369130898397033e-01,7.875823548808128516e-01,9.672211613212515768e-01,5.571698789518676476e-01,6.899531732458258348e-01,6.920507553806476420e-01,0.000000000000000000e+00,5.740915714333880704e-01,6.014805707134754931e-01,6.113792535487555524e-01,7.737485029860766694e-01,4.490809123216714660e-01,6.943731261998354887e-01,4.993011717510368319e-01,2.440898034557469898e-01,5.944072580140831175e-01,6.434347948953084151e-01,9.528150675198940878e-01,8.205317061045621641e-01,8.552806613535512970e-01,7.894743559271120148e-01,6.647622288465913076e-01,5.017329205207531340e-01,5.816243594258538874e-01,5.712760296132678439e-01,5.944195901236198898e-01,1.702967888565090071e-01,5.736599712273109386e-01,4.013614906494181178e-01,9.519345092119562146e-01,6.525192761989271339e-01,4.008296919770487077e-01,5.094991614737295338e-01,6.922680614076249794e-01,9.443967326974358478e-01,2.792171299606691637e-01,6.257724816066575491e-01,7.574539794677732640e-01,8.278837727975053573e-01,6.991626702640314495e-01,7.117240927548457163e-01,6.275340229679629012e-01,9.077534417132806510e-01,5.234677404294281189e-01,7.398812113168902194e-01,8.662605488661607733e-01,6.783608075996923059e-01,8.591245121339701196e-01,7.205293061853937919e-01,6.180065559779016615e-01,6.814316618223481559e-01,7.408077395224030859e-01,8.739996435953770737e-01,8.608493186995505031e-01,5.368572311205559444e-01,7.331537928946570970e-01,8.276137988047795879e-01,6.346563655967899509e-01,9.079354251774464091e-01,2.489445197821190947e-01,9.459395466854430001e-01,3.882489265260146150e-01,4.612180592148298897e-01,4.585877926152557293e-01,6.458520203397057902e-01,9.386778325817363156e-01,7.608434975959240676e-01,4.459452102679213881e-01,4.725328086500782954e-01,5.398129983367530027e-01,6.844682082064680317e-01,8.786017225601012726e-01,5.739913303060319993e-01,3.617621044169947453e-01,3.250900286578974896e-01,7.852896490099769977e-01,6.684251216688441577e-01,3.556683864368511694e-01,5.324578678654890984e-01,6.845629161518402839e-01
9.070189823098028237e-01,9.228097479491648159e-01,9.445805080110424301e-01,4.415492809476463942e-01,6.287817020556268899e-01,9.237359356467529370e-01,3.894886629764509056e-01,6.668909884873783778e-01,6.829616094957531303e-01,7.539021887288506196e-01,9.706680255520192535e-01,5.740915714333880704e-01,0.000000000000000000e+00,7.328840312362264742e-01,6.549810358992638193e-01,7.444765554134022967e-01,6.361173756102276311e-01,7.535397217819927995e-01,4.933213841269489253e-01,9.484765798398109293e-01,5.073167641128866201e-01,4.843598613018180177e-01,9.570403518437475832e-01,9.732290579733398062e-01,3.826795442081348808e-01,9.360741601278208535e-01,5.243181366982492264e-01,4.594413308146437225e-01,6.267439634906535328e-01,7.561573347892880381e-01,7.024243115054188413e-01,4.296476968066582081e-01,8.410366547814670524e-01,9.133570225269618259e-01,4.509186150579492236e-01,4.112995871299309769e-01,3.837270591541692144e-01,9.132262496732870272e-01,8.393569164118845904e-01,6.431549447221305282e-01,1.739961483578361667e-01,6.969267332160024031e-01,9.691393696822571124e-01,5.354827842873544075e-01,5.991364468417452738e-01,4.236003195784524000e-01,9.872217529034377215e-01,9.002609849388056862e-01,8.941763366550713465e-01,5.255227469946994745e-01,9.681411489559264005e-01,4.932457293614151972e-01,7.227329924010041928e-01,9.218241445914927557e-01,6.671928959501327583e-01,9.467960858724011608e-01,9.792021843331337738e-01,8.196718388872523686e-01,7.411467107597320414e-01,4.180052834598442790e-01,2.262514723875651279e-01,6.216009005000224796e-01,7.388724964390107619e-01,8.931824156003902448e-01,6.830985948821856057e-01,8.310110668973635928e-01,6.634268767926200239e-01,8.894836368133974824e-01,7.241797143390196201e-01,7.944956241113543260e-01,7.841875245198199895e-01,8.577843058781244867e-01,3.710420266683914781e-01,5.377692887178756598e-01,9.009586626246339769e-01,6.016575428126897940e-01,6.456154043736818116e-01,7.357113270972207575e-01,5.639645724081107092e-01,2.060162331137402325e-01,4.572394852202608662e-01,8.653090066735881214e-01,6.065684349588753577e-01,5.647421426591603399e-01,6.273518180095133401e-01
6.969421928123652465e-01,9.228599591524424550e-01,9.091572267636465199e-01,8.592248908609809721e-01,7.815136831887289359e-01,9.196204221203466700e-01,6.295575036422680348e-01,2.454701237483306042e-01,8.053180607846200934e-01,6.215574274866334514e-01,7.264201524521290976e-01,6.014805707134754931e-01,7.328840312362264742e-01,0.000000000000000000e+00,6.401688169715411547e-01,6.746658938617626777e-01,1.525245837463716780e-01,8.783694107067119283e-01,9.798407331919085639e-01,8.734331872952854070e-01,8.639876308283888084e-01,8.443567988992970452e-01,6.422338232243982592e-01,6.287768485596993973e-01,6.012845248811135024e-01,9.875659760186384917e-01,7.034371485496726528e-01,8.593125122615911105e-01,5.380334656763013923e-01,3.569633006837657496e-01,4.528887371748717139e-01,4.143782189754288137e-01,4.662714770050033763e-01,6.998728093163459896e-01,7.529152704991046718e-01,4.010995921851067125e-01,3.806995815475714973e-01,6.471813344775988464e-01,9.094630588855358022e-01,5.727638405731514393e-01,4.563133782674366756e-01,5.787887789091005208e-01,4.428769986251158142e-01,9.254863738186571709e-01,4.684175692609430230e-01,8.348233990025237805e-01,7.528664527364431480e-01,7.470095724449486718e-02,6.218561222271160593e-01,6.814549821546557196e-01,9.178704146616127879e-01,8.173849136705594320e-01,7.325671908098306817e-01,9.322100080938289235e-01,4.004941044436596265e-01,9.250353051447900432e-01,4.677952607672457019e-01,8.109980990676493029e-01,2.437904140456035318e-01,1.988198086290529076e-01,5.090787055808971839e-01,8.176755547740929275e-01,9.567794982887025679e-01,8.739824766809397572e-01,7.246842264614867801e-01,6.526872841818844861e-01,8.042054614212748032e-01,8.628642581866745598e-01,4.054980753307434460e-01,4.040127968897068156e-01,9.143566387169292931e-01,8.786181182687307079e-01,6.139518398506833563e-01,5.810012977944277734e-01,8.314605170704932879e-01,6.976606096946594837e-01,4.968397362205164147e-01,8.799498261705607227e-01,4.615268737549274025e-01,4.255134651845765559e-01,7.137820909966774430e-01,6.233267445914308924e-01,9.758684768252896546e-01,4.849989866107362602e-01,8.093477213607541687e-01
9.804471059507715580e-01,5.812888014215955579e-01,9.776638679273568222e-01,6.332562892699314938e-01,5.494603530078475684e-01,7.273046646532976833e-01,8.568884955449445062e-01,9.017305498254061247e-01,9.428999213763923637e-03,7.174857124606246472e-01,8.346823939719585361e-01,6.113792535487555524e-01,6.549810358992638193e-01,6.401688169715411547e-01,0.000000000000000000e+00,7.866311355894588520e-01,4.566905295363357098e-01,6.911069338170141574e-01,9.500619217101666791e-01,8.711653281638083168e-01,9.916069790798983652e-01,6.435696599895454062e-01,7.095279189727532465e-01,9.906050393208389870e-01,7.248251268641919820e-01,4.374208714669847176e-01,7.610838383623114156e-01,7.813248341859228008e-01,2.068553746349659564e-02,6.652124779199862781e-01,1.028389516812661109e-01,8.267980565612661481e-01,8.734842109133130750e-01,4.848803643397324170e-01,9.616157117460099046e-01,6.451407640770345786e-01,3.056205235211068016e-01,7.566381450653629770e-01,8.488642364813834273e-01,6.939684009238895612e-01,9.333374458466435764e-01,7.886697128717740091e-01,7.462360505281380174e-01,7.404226841103612733e-01,9.562289987956249515e-01,3.676331788563140801e-01,4.016144438280950801e-01,7.412162439877403308e-01,5.665809753097201806e-01,6.239558006810398405e-01,6.892221190595277935e-01,3.655622828315243655e-01,9.516176072506294936e-01,4.452589902824853896e-01,9.376318359214839138e-01,8.445563632043247004e-01,4.227089971244993305e-01,6.348889405006721276e-01,7.923179247031528760e-01,9.404887458264277189e-02,4.094204280856741929e-01,4.465183778672002224e-01,6.547781718759158043e-01,8.654957128296670854e-01,9.027538124230840566e-01,7.109803470785632795e-01,6.668820834361430805e-01,8.599783778758430808e-01,5.211563929254985350e-01,4.102773333618244256e-01,5.656969092609107630e-01,6.256805293531850776e-01,4.466777584374489463e-01,5.897785469406429115e-01,5.726549108283730538e-01,6.567523364010315889e-01,7.619478743024530321e-01,6.188693877941523480e-01,5.721814032228004221e-01,3.634195679890264152e-01,6.578001951582551632e-01,7.243527141381848056e-01,5.684041539544556487e-01,5.450238208263836759e-01,8.164258951109177875e-01
8.427711623258439255e-01,5.761939978647184768e-01,7.899365165003566780e-01,4.531313612816358916e-01,4.622251516007759298e-01,2.582721031110877391e-02,5.338737340968907619e-01,6.682951795999364508e-01,1.429335951931433313e-01,3.614787500245195684e-01,9.232228279657230807e-01,7.737485029860766694e-01,7.444765554134022967e-01,6.746658938617626777e-01,7.866311355894588520e-01,0.000000000000000000e+00,8.262095509985413200e-01,4.055300979276295625e-01,5.080285296231272785e-01,9.446756279523289557e-01,6.034904808893335471e-01,8.144282330805273640e-01,6.494576415928132729e-01,7.822675672539005642e-01,7.675235809563765166e-01,7.002011713375055901e-02,7.456249559791200410e-01,8.248875893419991279e-01,6.848474397237116484e-01,6.061927181468022008e-01,4.669072245826484946e-01,8.958666290247077058e-01,9.564065923515003842e-01,8.711128876568476898e-01,2.477496787003259648e-01,6.223079069469142910e-01,3.720272060371183076e-01,8.347050651328060678e-01,8.164209301816239828e-01,7.532402710937434742e-01,5.314958097687055849e-01,4.576432373859241065e-01,8.273202431137157697e-01,5.325246226223843138e-01,8.605181484599840891e-01,5.669927647712049712e-01,9.341250329511601169e-01,7.323348313543511789e-01,5.395099850591185131e-01,7.200592787983843834e-01,1.865981865840293796e-02,7.920414384977120248e-01,2.423524809923711110e-01,6.570385015407531615e-01,9.690107676085233379e-01,9.922430770814180123e-01,7.995966976847086460e-01,7.064952815852229007e-01,7.603747125863665746e-01,4.618942742630707254e-01,4.148178292472350370e-01,6.549381407037362379e-01,7.164341464947697746e-01,8.880487819061080312e-01,8.423888795552720854e-01,8.318253100907363473e-02,6.901011112963297833e-01,8.139580530240034806e-01,7.461813230908023176e-01,3.332997301592455219e-01,8.678207795162686811e-01,3.550827649750760706e-01,2.846434488932583773e-01,2.585401516616682716e-01,4.776680286382016249e-01,6.083659704811926749e-01,6.304626241592881097e-01,7.994911271080287207e-01,9.783006227515623002e-03,7.930817802089786817e-01,7.663982394680921573e-01,5.784328927920361352e-01,9.177198388713431187e-01,7.606432972256869096e-01,9.862298232033962497e-01
9.161697860798186932e-01,3.907656930824809915e-01,9.586588393703733280e-01,6.306652786915364350e-01,8.203360778885822047e-01,8.436599670197046930e-01,7.346636503617021141e-01,4.210844715393720072e-01,9.961268616335370307e-01,7.205070417409480399e-01,6.459006533609468192e-01,4.490809123216714660e-01,6.361173756102276311e-01,1.525245837463716780e-01,4.566905295363357098e-01,8.262095509985413200e-01,0.000000000000000000e+00,7.626676037394087837e-01,6.401354236222471794e-01,6.782459104057583232e-01,9.171103978819471481e-01,8.607219411688669108e-01,8.414360968722915946e-01,8.687851176601214531e-01,9.954307657359486861e-01,6.540824753179877993e-01,8.960228546098495395e-01,7.045152944818313667e-01,7.073055482472343503e-01,1.376499613296822133e-02,6.548479194609497789e-01,9.887768812446917632e-01,9.560123459308649263e-01,8.079609668829468294e-01,7.213368635216897973e-01,2.034526833594541007e-01,6.745083570864647549e-02,8.328241699092526762e-01,8.651789239327539738e-01,4.283005851020488253e-01,4.248838360080325893e-01,9.726097031002970406e-01,8.766283026899771569e-01,8.110694166887550960e-01,1.343176544091895519e-01,9.753968395997043572e-01,9.609906462170419994e-01,6.871269208925788741e-01,9.267413593243507552e-01,5.283361064321746570e-01,6.740521898766436149e-01,9.443112142447918078e-01,7.048005701232722409e-01,3.972870276241046161e-01,8.875460454620397455e-01,8.388672550407391126e-01,7.683682618956021448e-01,8.537328792458620530e-01,8.109580806836170774e-01,2.223481597460360282e-01,6.145651326236942769e-01,9.925874182505498577e-01,6.599632903154467600e-01,6.886764883996164821e-01,8.309249622245874489e-01,4.758439932273410555e-01,6.306415487330734315e-01,9.744941475413242404e-01,5.147824596829051469e-01,8.504393561030724191e-01,9.526467877518159932e-01,9.233537931937582099e-01,4.278586417707789247e-01,6.092208824166028824e-01,5.654447913968074779e-01,6.856504630506299325e-01,6.154610447767739911e-01,9.196170990870597972e-01,3.653393950245222843e-01,-1.674563798161837203e-01,8.714122268948123473e-01,6.058371325129464635e-01,8.723876318443911648e-01,7.243459875840867479e-01,6.263504616532284963e-01
8.578403253032179654e-01,8.316356695554883993e-01,8.400552745196548932e-01,7.417114253937343582e-01,7.701277330572189328e-01,6.852838122321264214e-01,4.658816848864483773e-01,9.528239896889451055e-01,7.523053857293311442e-01,8.901955312971525647e-01,3.495246246190182871e-01,6.943731261998354887e-01,7.535397217819927995e-01,8.783694107067119283e-01,6.911069338170141574e-01,4.055300979276295625e-01,7.626676037394087837e-01,0.000000000000000000e+00,8.198407475945249656e-01,9.595947605952006576e-01,2.249186270484885841e-01,7.088073135116941259e-01,8.129250309218458703e-01,9.241138703411113653e-01,4.098827603728301683e-01,7.004635226411142224e-01,9.719287438662057577e-01,4.118287897548422727e-01,4.968511446836351153e-01,4.639414421032440616e-01,4.832886621402472938e-01,4.334072627436349467e-01,4.813395474022665321e-01,6.333737745283354315e-01,9.906486148793911539e-01,1.849482257696276888e-01,2.946960018231358780e-01,6.637569624629315879e-01,9.786608735738251408e-01,8.792874519247695364e-01,8.166281686402104834e-01,7.711450040310715570e-01,6.963058453441108853e-01,9.088508073580370272e-01,5.134705751332749868e-01,6.422275119989515613e-01,9.042036725984522461e-01,9.219260093486260077e-01,6.201705893811740866e-01,6.866391539646907738e-01,5.336953759890679105e-01,7.085282067204202727e-01,9.340258429702784637e-01,4.227868054125477615e-01,5.617851484040972121e-01,6.771072718511121913e-01,6.972860016777601144e-01,6.610773218050414179e-01,8.077812039133557276e-01,7.881133535696729364e-01,4.748851349200059468e-01,9.541548890778558389e-01,5.067781071782146984e-01,8.395492150891433747e-01,8.437882117247287317e-01,4.541092209966730020e-01,7.069431433847285229e-01,9.715383747224038968e-01,4.097659621649265005e-01,9.973986709748096091e-01,9.258447397540366941e-01,7.213029475111425448e-01,4.675562072975337768e-01,3.943150428064982616e-01,3.584031827539148063e-01,4.502440876350728982e-01,8.076798531786593127e-01,3.127905453492061949e-01,1.866322305619330657e-01,4.320855615905620506e-01,2.674923398005669140e-01,8.211542091414067990e-01,3.526382946746826619e-01,4.023035448121826119e-01,7.328613357964260944e-01
