0.000000000000000000e+00,9.137764105450755237e-01,8.852393160267970629e-01,6.915455867723100392e-01,4.653508751910369612e-01,7.162132211647116442e-01,9.447590167908690439e-01,8.616057735700555220e-01,7.910514817125422482e-01,9.538855828376395785e-01,4.182318380128688950e-01,9.782896227785446985e-01,9.210931057426900992e-01,4.215181483827474818e-01,9.152926247054642417e-01,8.115555076173337490e-01,9.487918319323078720e-01,5.396000795164330732e-01,5.727182772404807443e-01,6.762753305195409181e-01,6.823732180073973641e-01,9.858218448808052647e-01,4.771199849651883707e-01,6.277672202072029917e-01,4.955873682906969391e-01,7.936639915774243992e-01,8.067504912962496499e-01,5.320193652106358639e-01,6.427268172173216110e-01,2.913188831151229952e-01,2.270068925806045801e-02,7.507439734287781885e-01,8.213782823422268731e-01,8.941135457675833953e-01,6.590897607228897170e-01,-2.669666658855522900e-01,3.117350408264641937e-01,6.030363000735995405e-01,8.868599864525210652e-01,9.714886160354532230e-01,2.589994630195284753e-01,8.215265062488089631e-01,5.430537582851744371e-01,4.924418087000704825e-01,9.216720485112940286e-01,8.388914011353402200e-01,4.327363589643288266e-01,9.699077762839551919e-01,7.882288617362485095e-01,8.033787283632378706e-01,8.014342512289908127e-01,9.238392088936803193e-01,9.285613528017937490e-01,8.285510178630718370e-01,7.488752348570659745e-02,9.099785010821804798e-01,9.364733849136227528e-01,6.519206447673022708e-01,7.779784658582427070e-01,5.233685726653187764e-01,5.645436142883548669e-01,8.048402648447230412e-01,8.626925640815944485e-01,4.513980343477606572e-01,7.211318757967604132e-01,8.569024277426513514e-01,9.251810699841740426e-01,6.859449822241737715e-01,9.593744623776799818e-01,8.554077914991546905e-01,9.497557304015208368e-01,9.549982724503843778e-01,4.490646691413762159e-01,3.670390956497674440e-01,9.082183929318591309e-01,9.463616346629120102e-01,9.256574881836932001e-01,7.347727073182741542e-01,-1.768689521805150711e-01,7.061802824999421357e-01,3.836765349817015114e-01,9.612346637779803915e-01,4.288866549949792994e-01,5.802187447404943965e-01,6.192781653742744918e-01
9.137764105450755237e-01,0.000000000000000000e+00,9.468539629867583907e-01,7.606458605605941337e-01,4.165349575560837181e-01,6.713660613926419884e-01,4.803485573475652082e-01,7.533501354589204890e-01,4.316717693587104332e-01,4.150929028723142067e-01,9.678804237567089075e-01,2.938514116613497595e-01,9.486935865147626545e-01,6.183693611377634181e-01,6.341769484075173713e-01,7.213806290586655123e-02,5.391164595530925085e-01,4.362899845906998419e-01,9.967493916739381676e-01,7.879127827823126928e-01,5.308903249072158964e-02,8.165682067873444305e-01,4.442144180766294803e-01,9.012598603991373025e-01,3.712326991187145375e-01,6.355013407989631435e-01,7.461064613620382868e-01,5.315955103876461862e-01,4.640958672629201809e-01,6.301194078926907194e-01,5.005542777177470759e-01,4.100801355412034832e-01,8.691912100708880651e-01,9.802663815742846953e-01,7.562029595933443815e-01,6.752589529601772389e-01,3.518503740245061406e-01,8.843834866232659353e-01,8.824182906068015475e-01,8.622888565867296018e-01,5.586503167815725091e-01,6.867478494404032352e-01,8.355763373723290588e-01,7.078640218186011968e-01,6.620968266520098622e-01,6.654513032718426535e-01,8.932924920776702526e-01,5.338855130200775845e-01,4.092375141307934561e-01,3.940946075958081662e-01,9.457850561929601607e-01,8.541213804799865361e-01,7.622948022875046803e-01,6.513115544802936530e-01,7.720942687696544793e-01,7.779630605040694924e-01,7.427437493391204626e-01,2.235436526127632384e-01,5.498110681196203275e-01,1.945022570230791059e-01,4.355281700757194785e-01,4.944510435331104792e-01,5.199736595320736399e-01,9.186661369527635568e-01,6.429199108182047651e-01,3.727243335170608018e-01,6.147711205393394662e-01,6.817810945577504889e-01,5.758697763122582192e-01,8.313511836077240869e-01,8.811772100482118120e-01,7.005194987272085339e-01,6.208133816642212865e-01,5.388195726280571307e-01,6.573788880829367631e-01,2.592015603687080061e-01,3.919446004271978645e-01,5.396861031765712857e-01,-3.921736341408290638e-01,5.287412869887918587e-01,6.548111389206212607e-01,3.244496711604258898e-01,7.650132875239794572e-01,2.030769872701865819e-01,6.177605966064642073e-01
8.852393160267970629e-01,9.468539629867583907e-01,0.000000000000000000e+00,6.357564113813806150e-01,8.357340051471924269e-01,6.978235274858921589e-01,9.899071785327955286e-01,7.978481726729671486e-01,8.129958048629859491e-01,5.777629212625087218e-01,9.702577617876178007e-01,6.561586554558963558e-01,6.263230289544762242e-01,9.688758840391221705e-01,4.332038959719259896e-01,6.229289375532954809e-01,8.156861546205664837e-01,8.732316276700377022e-01,7.845038241588966343e-01,9.776643392778289199e-01,7.832322206180185598e-01,9.014711917129303309e-01,6.425944112334707192e-01,9.090993431017857507e-01,8.754537305630772925e-01,8.522321928827998327e-01,9.691464644442981946e-01,2.238333609919523903e-01,7.142312233269986210e-01,7.662727769874403405e-01,4.061439805716278162e-01,6.585406731850962370e-01,4.834238972883081464e-01,8.729965217274100464e-01,8.104650329529667907e-01,5.566624345760065595e-02,5.616417124772685732e-01,5.716389083642213764e-01,8.294845239763527500e-01,8.820320512391267576e-01,4.458653445006501292e-01,7.325553490353862163e-01,9.482341265561524679e-01,6.878435354259399004e-01,8.192199968708351321e-01,8.786741574515395392e-01,8.235224481682320574e-01,8.051767835660151862e-01,8.006263376190521086e-01,9.342756488090678824e-01,4.262331812308784995e-01,9.295661477073142720e-01,6.931056266784084707e-01,6.067281065062637424e-01,8.133243650127880420e-01,9.406890104507061867e-01,8.488312219281515247e-01,9.442548269374231307e-01,9.525064325617342842e-01,6.694976281352086334e-01,4.022407265478704086e-01,7.050441150772933652e-01,4.516373534982454641e-01,9.001238882129408703e-01,8.892694753870168389e-01,6.073013600431017567e-01,2.827083108085138852e-01,8.322405574452872434e-01,7.762920034841114258e-01,9.236302036409524963e-01,4.134830633306747494e-01,9.417030349042376791e-01,3.223085650333727958e-01,5.782069394522491024e-01,9.761541539745762774e-01,8.570418390769500849e-01,4.349007591918763738e-01,9.951556377713884904e-01,3.064861904378119450e-01,3.959581192997292387e-01,8.653050630025330703e-01,2.418921356435485281e-01,5.868145043642984948e-01,6.871379067267880947e-01,4.171016781909843152e-01
6.915455867723100392e-01,7.606458605605941337e-01,6.357564113813806150e-01,0.000000000000000000e+00,8.562572301013520182e-01,7.767232067815031948e-01,4.132948181423089506e-01,5.808202946963326729e-01,9.910040914270432655e-01,9.124637968946500699e-01,3.453759002103103937e-01,6.810374210867089495e-01,8.479444808766545272e-01,8.476745265818742547e-01,5.258999740114604915e-01,6.936040780934937811e-01,3.790574689811594400e-01,7.580298389026948191e-01,3.342802793711695530e-01,8.075765420364563463e-01,7.812050766829062853e-01,8.793510491512090965e-01,7.582799921540779309e-01,8.631492709646552131e-01,2.265133690510128806e-01,6.054232522760956137e-01,7.524835093850242851e-01,6.260674642685910563e-01,7.014349177993389750e-01,5.219248891730394746e-01,4.487008727752612169e-01,2.073629134057276002e-01,8.400880703319721921e-01,2.805791890251612131e-01,7.255888856950833965e-01,3.520501536582119617e-01,5.420361409658094320e-01,1.964932197993723706e-01,8.833768863198547816e-01,9.383783882357772388e-01,5.251799582739027361e-01,4.997929270875769991e-01,4.939575868485895360e-01,9.845239551808355749e-01,3.103480371343619315e-01,9.314660517090318503e-01,8.362690364428981837e-01,9.986998777793515414e-01,2.470513800009675465e-01,8.873987535219159950e-01,7.402007102124035232e-01,8.297214550031735136e-01,8.122410499728915934e-01,6.907507467562251646e-01,8.474500971884020295e-01,7.421150887329378554e-01,6.110524331202603632e-01,6.281266278165851258e-01,4.923397905046158485e-01,-7.422239553884138474e-02,3.193783718843286601e-01,9.463458291479189821e-01,7.255245906121291499e-01,9.781439355433201310e-01,9.880547870886067230e-01,7.402163821294941437e-01,7.700381391542924225e-01,8.399290200950939589e-01,5.198656091565521109e-01,6.210246514407895546e-01,4.660682952601345463e-01,4.983474027883645352e-01,5.712877940096446894e-01,6.204868228668605212e-01,1.003032574586607550e-01,9.615525213494308110e-01,8.437689824548777473e-01,7.396918949375826946e-01,6.137724611003170239e-01,2.683076074606117745e-01,3.011904620298124224e-01,7.837884181377919868e-01,5.260580949873934209e-01,1.312477815737708997e-01,9.306174775327422655e-01
4.653508751910369612e-01,4.165349575560837181e-01,8.357340051471924269e-01,8.562572301013520182e-01,0.000000000000000000e+00,6.351285426913588772e-01,4.192817389006401885e-01,8.698661500961695214e-01,1.975387814530709663e-01,8.974390159497329655e-01,8.518334447175116564e-01,9.794673483851701334e-01,9.426877137318099287e-01,9.640823604822298387e-01,6.358011426879739414e-01,4.644755806932920894e-01,8.195791907334758486e-01,8.848707600217006197e-01,6.779904955704534331e-01,7.319135827022664742e-01,9.075465199077653589e-01,6.028404718091021630e-01,4.251805829664157543e-01,8.397618153111390260e-01,3.275085945488777073e-01,8.321878102910391650e-01,8.080768976960792660e-01,9.221216456773299042e-01,4.608052866138251935e-01,5.646230776519967076e-01,7.311950458253695384e-01,5.261097170281364699e-01,9.496564669711277107e-01,3.527632699280838086e-02,6.518443630679295886e-01,6.575654215843717010e-01,-1.831252682167388013e-01,4.515863750352741568e-01,9.959497873028280157e-01,9.731573987348649535e-01,4.916039243626095789e-01,6.584817072486965905e-01,7.449619313235309459e-01,8.404578716270432182e-01,8.614893947052869594e-01,8.069256046525357107e-01,8.773204289553733215e-01,7.623615495588872415e-01,5.727525440965980374e-01,7.148620156412768267e-01,5.833929481897620617e-01,8.690705172973750559e-01,9.231972391100146114e-01,7.123804728563567501e-01,9.636437051212788374e-01,8.728000933698796260e-01,6.874036474275212472e-01,7.709108692896311510e-01,2.861108498406996214e-01,7.642532648913114013e-01,3.906048439371275771e-01,6.098232380929614616e-01,7.377807438226696712e-01,8.217616738105751883e-01,8.965056372024142739e-01,7.114735533784264376e-01,9.311092936544408394e-01,4.875977492363878785e-01,5.653324890378226275e-01,6.331844399101561605e-01,9.763443855199374077e-01,3.548717395141183784e-01,1.053165483720705509e-01,3.396944711802519778e-01,5.026195087650550120e-01,5.578011237558812008e-01,5.442771842029753282e-01,8.144059197774426995e-01,4.777008236552809373e-01,3.040655896856712115e-01,6.580163970950141383e-01,4.484632184411198597e-01,9.159088835052408006e-01,2.412852274765318328e-01,5.561602647472345673e-01
7.162132211647116442e-01,6.713660613926419884e-01,6.978235274858921589e-01,7.767232067815031948e-01,6.351285426913588772e-01,0.000000000000000000e+00,4.371627426706984343e-01,4.259572458938029604e-01,6.255960651567238351e-01,5.954380922143093224e-01,3.362504853176289110e-01,9.809391260531719059e-01,9.778091455797811582e-01,8.259525739182178583e-01,5.102469070543941276e-01,8.652703466479714223e-01,7.851950264668055013e-01,5.923332830632658252e-01,8.084741108695933098e-01,8.917686341798486405e-01,8.542495161601724174e-01,6.150165253764404705e-01,1.098560771220883220e-01,9.928045357156762840e-01,5.378893157248472168e-01,5.220902622698001538e-01,8.369531267166641086e-01,2.904225556060212599e-01,9.106846458796395982e-01,4.825554339754005717e-01,2.083351314688307032e-01,6.121016221072526076e-01,4.641626710422697699e-01,9.498561759957964146e-01,7.225102361438815457e-01,6.087740557863341451e-01,2.791581413307429038e-01,7.696256806759449454e-01,6.265263008163994840e-01,7.727772362205076462e-01,6.290586063097534097e-01,6.807586459739081164e-01,9.996339829733307258e-01,2.300745591903405607e-01,8.600459290178792404e-01,6.681104675510944890e-01,6.041791448079253390e-01,9.345830902481337965e-01,5.056901587918192220e-01,7.812844997351661158e-01,6.799148444970809502e-01,9.019722879216774958e-01,9.730130828589954595e-01,8.099864692778359077e-01,9.410750387121405991e-01,7.053371892730553316e-01,7.153964295378092419e-01,4.878010085743664792e-01,9.640011262299451600e-01,6.861225935382729846e-01,4.923435996955956573e-01,8.409777632800862213e-01,7.188691451128129684e-01,9.192150051327214744e-01,8.361716066182014462e-01,4.496172830397267561e-01,6.723037282381072455e-01,9.385903288857787574e-01,5.381845966024785266e-01,6.830037645824633685e-01,7.325408618516766612e-01,9.373567048322321016e-01,-4.621979949090226913e-02,4.342430123331136871e-01,5.971095168249205276e-01,7.312624426556477708e-01,8.039592712446052003e-01,6.484845492681357015e-01,4.601539657073729916e-01,3.264905255138994544e-01,8.091995252342331080e-01,1.064462922106038240e-01,9.559071021808613899e-01,3.996072577726925701e-01,4.010678207548094010e-01
9.447590167908690439e-01,4.803485573475652082e-01,9.899071785327955286e-01,4.132948181423089506e-01,4.192817389006401885e-01,4.371627426706984343e-01,0.000000000000000000e+00,4.034874516192902272e-01,5.469371986041751121e-01,3.624710695029750296e-01,6.268013775199906545e-01,5.968757478750871259e-01,7.606014492613849542e-01,5.445076849910268635e-01,4.538281697860027664e-01,6.188062040924501295e-01,6.097838062989517915e-01,4.092924410094204712e-01,7.659024713741915402e-01,8.044859279251000972e-01,7.512707684112747142e-01,6.737559835325818147e-01,3.160514753557187029e-01,6.507621770637427305e-01,5.776590647529871170e-01,5.069171657693249955e-02,7.454785901620759603e-01,5.854967507844749397e-01,7.593797486605616820e-01,8.247109851611363063e-02,5.022131640794903484e-01,6.045853082548222623e-01,7.126921734450162305e-01,8.116604979399631992e-01,8.285046705107051990e-01,-1.127350501492279111e-01,5.750902466854863615e-01,6.120722110756127154e-01,3.981193886592485631e-01,6.071125507549888223e-01,2.826775912725970619e-01,4.870879329320754736e-01,9.949984754569856094e-01,7.853466716988574126e-01,2.798979129549515887e-01,4.111021802813894510e-01,6.888422478356213130e-01,2.321279797145048007e-01,4.242218934661050045e-01,3.211893351393793061e-01,-3.075936005762366920e-01,7.396846037139365171e-01,5.633829179967422829e-02,5.189903303831929771e-01,6.497938233373704575e-01,2.366949382296881788e-01,3.660410339277057057e-01,6.580319735778499268e-01,3.954300619724417931e-01,5.299042013603530998e-01,6.900616473338662127e-01,4.556086768178646551e-01,3.822794031862347119e-01,4.737122104871529515e-01,8.839362389395341024e-01,7.240003640522659767e-01,6.040348462082020253e-01,7.384078007635590524e-01,6.704916194848874467e-01,3.431302060019590927e-01,6.855095713450812811e-01,5.891510574617442320e-01,5.682563774974001003e-01,2.390704429818691357e-01,6.757841420202110871e-01,8.330640351850718273e-02,6.554573921692518068e-01,7.652574989900937652e-01,6.489036366414002721e-01,4.038924324989463521e-01,7.438920429048148097e-01,8.576096574583760290e-01,7.465596854052525266e-01,7.501176892511118854e-01,6.676171528397980559e-01
8.616057735700555220e-01,7.533501354589204890e-01,7.978481726729671486e-01,5.808202946963326729e-01,8.698661500961695214e-01,4.259572458938029604e-01,4.034874516192902272e-01,0.000000000000000000e+00,6.679639043581445668e-01,1.044941868403046620e-02,8.629126868120911009e-01,9.726333359721978100e-01,8.559695158557373285e-01,9.373750314719307974e-01,9.242726963014552544e-01,6.625708319947655189e-01,8.766009817756184042e-01,6.167215298707026117e-01,6.439654740333405902e-01,8.472027749713828548e-01,4.400937301442212068e-02,6.513595096540336638e-01,8.296199453790632505e-01,8.577155150152716567e-01,6.058148912600688218e-01,6.352237405115863655e-01,7.798308626536081256e-01,6.411910656469066438e-01,9.035125095596588385e-02,4.269156230035152100e-01,7.736816870343679042e-01,6.515452249904927218e-01,6.901892503124834599e-01,4.074422331080201354e-01,5.319716889885237610e-01,4.238278569823683006e-01,5.125605896410189155e-01,4.702766076417962404e-01,7.862380337954497644e-01,5.031292933177269333e-01,3.600556994174339831e-01,4.995391274202790610e-01,8.365394627146397477e-01,7.550235265086704395e-01,6.555229841455524342e-01,8.616691323441730832e-01,7.006549030434841008e-01,6.096955121664143773e-01,5.057519341153910997e-01,4.995150796304334007e-01,1.587499152051904394e-01,5.193766897362455115e-01,6.202619555024694309e-01,8.768057573094796275e-01,9.063963125771744567e-01,2.965217505812186571e-01,8.038095297781409077e-01,4.619647124270745420e-01,2.713908518662613290e-01,3.215158434453400660e-01,8.821343372014300854e-01,8.811998964673342094e-01,7.442961275097592644e-01,5.136289919833476603e-01,5.547904206481883982e-01,4.802624175625768155e-01,4.876066203832414292e-01,9.152513867577595219e-01,5.926353528854673147e-01,6.344091874284145671e-01,6.583361692677501820e-01,5.783489404822420576e-01,2.235006769529137780e-02,3.641840733375765193e-01,7.718458339928960799e-01,5.529734175889956527e-01,6.605180041991194351e-01,8.648088635220818610e-01,4.916388989934911136e-01,2.620302838668225331e-01,9.263983913968530937e-01,9.793679405000116356e-01,8.275951319902719039e-01,4.058445949132321040e-01,9.493688726110254272e-01
7.910514817125422482e-01,4.316717693587104332e-01,8.129958048629859491e-01,9.910040914270432655e-01,1.975387814530709663e-01,6.255960651567238351e-01,5.469371986041751121e-01,6.679639043581445668e-01,0.000000000000000000e+00,4.698389347018618878e-01,6.086312996379428242e-01,6.684360517269146706e-01,5.732378856508235643e-01,5.308682226012073624e-01,9.930946914796658920e-01,6.123492061141641019e-01,7.039278641317349150e-01,7.494907514170878748e-01,5.376932176555865306e-01,2.064743698018685347e-01,9.977326674055271294e-01,8.330232458798400019e-01,9.914397257038036759e-01,9.941770480383919084e-01,2.968290443913514376e-01,7.783268334241498776e-01,6.502082656265166793e-01,5.468995342351045119e-01,4.968653226427161562e-01,3.296404833785435140e-01,2.187179099868535037e-01,1.253592007087304672e-01,7.404155650176157399e-01,6.837231712142007867e-01,3.389799133793176544e-01,3.010497641294147542e-01,4.978311633280975146e-01,2.323237683750879190e-01,8.077294758011016595e-01,2.060169773521344505e-01,1.467075631638036781e-01,7.935302397472426827e-01,5.518400746564815496e-01,6.508583709463855449e-01,8.703332880167733432e-01,8.607973473725818447e-01,6.695934277657915601e-01,6.151232924762767285e-01,5.583447598010772284e-01,6.887116878892155514e-01,9.897896717173311210e-01,7.465790742064694063e-01,4.310860840991084797e-01,8.847527828390421289e-01,9.711985322267108200e-01,6.605301331373297780e-01,2.974411576280162062e-01,4.459601520044104705e-01,8.398247266648924958e-01,5.177725021138555039e-01,7.882548157255300225e-01,6.008371033210107015e-01,5.707808603680806225e-01,6.432744715216343057e-01,9.419378623374359272e-01,7.554995777106345844e-01,6.588817903602575132e-01,7.640728143230509639e-01,2.615599322170699681e-01,7.343217263761765423e-01,6.527879663518166842e-01,3.740390568386558479e-01,1.687628393634181267e-01,1.889129980133905790e-02,7.599391156848874784e-01,1.386990662618690084e-01,6.086978000980597381e-01,6.295950795538205469e-01,3.181315318177521667e-01,8.265141563528835555e-02,4.455569469837580288e-01,4.252223613817618375e-01,4.286937872087096535e-01,6.173305320019611964e-01,6.908610728464917861e-01
9.538855828376395785e-01,4.150929028723142067e-01,5.777629212625087218e-01,9.124637968946500699e-01,8.974390159497329655e-01,5.954380922143093224e-01,3.624710695029750296e-01,1.044941868403046620e-02,4.698389347018618878e-01,0.000000000000000000e+00,9.226274878102282972e-01,2.907599922558170014e-01,9.746744379367718869e-01,8.660217423883089793e-01,6.956833284775146842e-01,7.175294488302390583e-01,9.608592053687154966e-01,6.481622833713810428e-01,6.482923247079706019e-01,7.053830373692957512e-01,6.253022668405812112e-01,-8.950412908723698324e-02,2.375088175496000154e-01,9.025348440940044181e-01,5.763365654262039284e-01,6.883813452459605076e-01,5.317509269976640196e-01,5.245916434554827035e-01,6.071397775920802653e-01,4.204862207882194003e-01,2.469192717813388505e-01,8.991975646912446773e-01,8.881334022586623300e-01,6.345016884915544164e-01,6.676198314093217956e-01,6.897165402455909256e-01,3.211249722059316136e-01,7.098575928339495578e-01,9.630343991048382346e-01,6.662975490842690807e-01,4.722506539057378383e-01,8.009862060822582341e-01,7.258156347439204126e-01,7.155965913892350372e-01,6.635011240503660979e-01,9.696958775183264212e-01,5.062661206240395284e-01,7.454189552679020281e-01,6.226546220699783474e-01,6.806366072790844823e-01,4.636861763143390602e-01,6.680669156999294866e-01,7.451257455871052038e-02,6.681924570483608328e-01,3.171628342960424174e-01,6.305030547943546448e-01,6.786857928103637860e-01,9.112731680810618462e-01,9.214483115542509983e-01,6.460281362390511983e-01,4.897964884046058787e-01,6.623048099824483392e-01,9.666271716597806263e-01,7.759505342752012202e-01,7.336456008213960711e-01,7.151627393163970670e-01,2.396249883778389100e-01,9.208982203274912459e-01,6.799471836142980674e-01,8.410989176555859759e-01,8.434863823276113060e-01,1.350867522993565439e-01,2.197226221917496780e-01,7.231888513323557754e-01,5.297209133352558386e-01,5.438551974641148146e-01,8.889342152645286488e-01,4.556862666818712326e-01,-3.686782324384886289e-01,3.605686010677392472e-01,8.817543333372335201e-01,9.508687882819941706e-01,6.891686124776865707e-01,7.481211869804673675e-01,6.095383706862941287e-01
4.182318380128688950e-01,9.678804237567089075e-01,9.702577617876178007e-01,3.453759002103103937e-01,8.518334447175116564e-01,3.362504853176289110e-01,6.268013775199906545e-01,8.629126868120911009e-01,6.086312996379428242e-01,9.226274878102282972e-01,0.000000000000000000e+00,4.394374983372654753e-01,8.495803137605508759e-01,8.362350268827519750e-01,3.689002003753489856e-01,6.461903298347616564e-01,7.011137743510514886e-01,6.496281820320659595e-01,9.922135982421284028e-01,9.731346630685552279e-01,7.149735094044753492e-01,4.245163160051899087e-01,6.509048367985243999e-01,8.504654357947247778e-01,6.483776646748546924e-01,8.018245149685298001e-01,9.573587440521225123e-01,6.142406117070015048e-01,3.961813565134612025e-01,3.186734478081236777e-01,1.990356437194878980e-01,6.151101152686115903e-01,4.069850047829390860e-01,9.753395883909847797e-01,8.884402397685611241e-01,7.373903020758805216e-01,3.431792249607642509e-01,3.052897820963016429e-01,8.701371797427096544e-01,9.097970533768515722e-01,3.883628673968788636e-01,9.286368230275220403e-01,6.816873400777664349e-01,6.703565280655098269e-01,9.865777258596407640e-01,2.740647279820666582e-01,6.754065875815309372e-01,4.439518454595987040e-01,4.674699982012754385e-01,7.184985740887592787e-01,5.817178179325458443e-01,6.176241043380618079e-01,3.949931024148854997e-01,2.623456291273855157e-01,9.778488829213212163e-01,7.976457391069098346e-01,6.268235011949975233e-01,3.601103436259110030e-02,6.422382490981695113e-01,3.654092939524720696e-01,4.621618131487292280e-01,9.233140570984197382e-01,7.256141784270419004e-01,9.740553677425167756e-01,7.610255026477663609e-01,6.256590683913092477e-01,8.465818565367422277e-01,8.905243055700752253e-01,5.811679762740267208e-01,8.805822188546466034e-01,6.167109944259707710e-01,5.224432631163022922e-01,9.327412654811702286e-02,1.639874908001515974e-01,6.013073914554365462e-01,5.010335973973545354e-01,1.872428487880059833e-01,5.032179903628978268e-01,6.613191684675083781e-01,4.723819746911933626e-01,5.809095258377591220e-01,4.176805770292695286e-01,3.078758995932953102e-01,5.536171272605675542e-01,7.042460456851912243e-01
9.782896227785446985e-01,2.938514116613497595e-01,6.561586554558963558e-01,6.810374210867089495e-01,9.794673483851701334e-01,9.809391260531719059e-01,5.968757478750871259e-01,9.726333359721978100e-01,6.684360517269146706e-01,2.907599922558170014e-01,4.394374983372654753e-01,0.000000000000000000e+00,8.362411154390608781e-01,6.559263903559342523e-01,6.218832481822482716e-01,9.002228695702801931e-01,7.838814934833533421e-01,9.858968152224689696e-01,9.370671970904965731e-01,9.140696411388636866e-01,7.013133154647872569e-01,6.288215306857792841e-01,7.927694221296390786e-01,8.465147450865623258e-01,5.258071339255628862e-01,6.664829622807395548e-01,7.559152934849231453e-01,9.214024672560677809e-01,5.710306635909352391e-01,7.850715015918076078e-01,3.818300061861399364e-01,1.901748249512790478e-01,7.102044442756378917e-01,5.709351818450216776e-01,4.241411416983656424e-01,3.786279318113163761e-01,1.811237881369553993e-01,6.537609932481165398e-01,7.588751196348377803e-01,7.254155634800293351e-01,2.234433568245877966e-01,8.469044678582871022e-01,8.532826489439538920e-01,4.252359171850157993e-01,8.063365963875621656e-01,7.454040812864429766e-01,4.163739288715413434e-01,4.950211351537971427e-01,4.079352774152008587e-01,5.554891830183401602e-01,4.880322655542627119e-01,4.141707579176565623e-01,6.693773181660185312e-01,2.588320192715353740e-01,9.117418642590227051e-01,9.037357132126379033e-01,4.439341413769034572e-01,7.292546033513950254e-01,9.571843874738685809e-01,7.715214678079815869e-01,5.940406908145121623e-01,7.250127511430950467e-01,8.572506611395070975e-01,8.255593806355325803e-01,6.740507750452625624e-01,8.492477570897487560e-01,6.781806472833531441e-01,5.879664891675037142e-01,7.502861264827564991e-01,7.685872943234973720e-01,4.674629055974321434e-01,6.972053301611030873e-01,4.739294419815527348e-01,3.819309315776532321e-01,2.362643817983145766e-01,3.721498221030986597e-01,9.730153206239373631e-01,8.558854105830142611e-01,2.806349399602064976e-01,5.092235465915927461e-01,6.047609667423682334e-01,6.001965967843676530e-01,6.495668742116200711e-01,4.825852851627872031e-01,5.023069586440586098e-01
9.210931057426900992e-01,9.486935865147626545e-01,6.263230289544762242e-01,8.479444808766545272e-01,9.426877137318099287e-01,9.778091455797811582e-01,7.606014492613849542e-01,8.559695158557373285e-01,5.732378856508235643e-01,9.746744379367718869e-01,8.495803137605508759e-01,8.362411154390608781e-01,0.000000000000000000e+00,9.007080186232891972e-01,8.007202618450033338e-01,6.733488030778672639e-01,9.975595973078869028e-01,6.697141546336393692e-01,4.290785271990473215e-01,9.861104627215296903e-01,3.963113752166248505e-01,7.483898052321864558e-01,9.896977361432799380e-01,7.015626264795270517e-01,6.129199479476673540e-01,7.532519235076192698e-01,7.884376087620474927e-01,9.575022926796457057e-01,4.227610823206128243e-01,6.873909373123670008e-01,2.077654431385479450e-01,-2.684265010573331223e-01,8.455043583769915605e-01,6.459061505183694152e-01,6.213023474923594636e-01,4.986960565542579715e-01,4.356665928967451418e-01,6.557777924372566458e-01,6.015966973247717231e-01,6.263847673220631629e-01,-4.736805311765360238e-02,7.086777082530050231e-01,6.462770956345542661e-01,6.268309542390186895e-01,8.728086138179177444e-01,2.250150700342688076e-02,6.087724841042577717e-01,3.239978399547994714e-01,9.465258849686288833e-01,9.300525755071015199e-01,7.409789530101915656e-01,9.109267960083344828e-01,7.797889901052817985e-01,7.848192336085486609e-01,9.043573267592333043e-01,8.480751943841106089e-01,8.402152005009176916e-01,7.288644232451305660e-01,9.499367987980331662e-01,3.464003753052883328e-01,6.707388370831891544e-01,9.149473610545300062e-01,9.378683779679477528e-01,9.535415528572768196e-01,7.055839326913622145e-01,5.363743723416740661e-01,2.498959932309254561e-01,7.250334916770343474e-01,5.079216061532940696e-01,9.524935252409053588e-01,8.025145358603384960e-01,6.530642275474045633e-01,5.901600518239896731e-01,2.303626060045411983e-02,6.724572590146241646e-01,6.010555694599787335e-01,5.595292683288801694e-01,4.911819907231775861e-01,4.853470911961106915e-01,4.946803577926884854e-01,1.671177866098230158e-01,9.366762879294399102e-01,7.557223688626182323e-01,4.793974285789557865e-01,9.244485253986158835e-01
4.215181483827474818e-01,6.183693611377634181e-01,9.688758840391221705e-01,8.476745265818742547e-01,9.640823604822298387e-01,8.259525739182178583e-01,5.445076849910268635e-01,9.373750314719307974e-01,5.308682226012073624e-01,8.660217423883089793e-01,8.362350268827519750e-01,6.559263903559342523e-01,9.007080186232891972e-01,0.000000000000000000e+00,8.261914499098730325e-01,7.819546614854062661e-01,9.558621899871263539e-01,9.541364454895374658e-01,7.410147496730377092e-01,8.399963015590691251e-01,7.575407042388279111e-01,4.990395897810667170e-01,7.090363247609989816e-01,8.791488294281231131e-01,6.643995132834368267e-01,6.495834956207690025e-01,2.720581495375313796e-01,8.770512951469733309e-01,5.094612692278638333e-01,5.486990234161908120e-01,8.178378386350036999e-01,4.182917874891773358e-01,8.778742740411039636e-01,9.803165110629585843e-01,2.738421461838486670e-01,7.123541299059461540e-01,3.046915068476900856e-01,7.133926230796756585e-01,8.084437852765606891e-01,6.707830453456201658e-01,4.060857122682167697e-01,6.381019993642240706e-01,2.908201391640292677e-01,2.242556647370902434e-01,2.164955315802555014e-01,6.200631591901840656e-01,7.727204831460711132e-01,4.506550205996329717e-01,7.876975718080849731e-01,2.466623497552722644e-01,9.359085250386072197e-01,5.601153233676552379e-01,4.248422087660858604e-01,3.122380300150799926e-01,5.401487494714375392e-01,6.290636063784169618e-01,6.612920072764000290e-01,2.496235701431104848e-01,8.774379285949231999e-01,5.438285094522294916e-01,4.367337466593446127e-01,7.838821603452403863e-01,7.000948261502950576e-01,7.177451772159456622e-01,8.903304560605176388e-01,7.074491537614108205e-01,9.609204815513656683e-01,8.357954542710405166e-01,7.201660788695456450e-01,5.664554131868281273e-01,7.213269555377943565e-01,2.080915291153365154e-01,4.183291277501693939e-01,2.790023625734417978e-01,5.162556322166511613e-01,6.466228973791821044e-01,5.841483267105914701e-01,9.670901682254385845e-01,6.964441385857630396e-01,3.522456508151230459e-01,7.848343225606313478e-01,8.581406554219296323e-01,9.438145316813937313e-01,2.038931451836822895e-01,6.125298306999338305e-01
9.152926247054642417e-01,6.341769484075173713e-01,4.332038959719259896e-01,5.258999740114604915e-01,6.358011426879739414e-01,5.102469070543941276e-01,4.538281697860027664e-01,9.242726963014552544e-01,9.930946914796658920e-01,6.956833284775146842e-01,3.689002003753489856e-01,6.218832481822482716e-01,8.007202618450033338e-01,8.261914499098730325e-01,0.000000000000000000e+00,7.689533398681659415e-01,9.682580189830591877e-01,6.009780167503508963e-01,8.140989831188550907e-01,9.362515655879390941e-01,7.446405439607364229e-01,2.711837618905112990e-01,8.660091761235220176e-01,4.616933957158805835e-01,4.844835995561010966e-01,5.923627461608010902e-01,7.469983775422112116e-01,4.227262896287627969e-01,5.743603808582784520e-01,6.832867509114366467e-01,1.174218870043980262e-01,6.417075684907751487e-01,7.188095370345168877e-01,6.021758001361215973e-01,9.143688969217619311e-01,3.426812145564467338e-01,7.489088953321438868e-01,7.258772271369151596e-01,5.515495333899296249e-01,6.238534542687415030e-01,7.186735482109337658e-01,4.260534660440268850e-01,8.710645844513834612e-01,5.357599601606677364e-01,8.608065142733487551e-01,8.660166377818274697e-01,9.999025348928843870e-01,6.155935644384482597e-01,7.354071594248258181e-01,9.761910943596734391e-01,7.299550408161156190e-01,9.486781880194969929e-01,7.284785055818896460e-01,2.463949200145017504e-01,9.912984478519153431e-01,7.162370615036657284e-01,8.893711636705932122e-01,8.889506014345606166e-01,9.969854544217663372e-01,7.198655478373235939e-01,7.176739950510981902e-01,4.931816888068510374e-02,7.542722390752337747e-01,7.611540121771274148e-01,7.351420970213934369e-01,6.776120883591510990e-01,6.487403664064655961e-01,6.313493559862284332e-01,8.726985044913568856e-01,7.687332210161670343e-01,4.928319659313992185e-01,6.943677841569799725e-01,2.011681262236538759e-01,5.887360095314364550e-01,5.481600725944437702e-01,5.403387037118307923e-01,6.535748355176572710e-01,2.696144078742003791e-01,3.697653700027133672e-01,3.549659216396675587e-01,6.922311279483365221e-01,5.309085517761824580e-01,8.875384621443717093e-01,7.173659933884517503e-01,6.019499959423542101e-01
8.115555076173337490e-01,7.213806290586655123e-02,6.229289375532954809e-01,6.936040780934937811e-01,4.644755806932920894e-01,8.652703466479714223e-01,6.188062040924501295e-01,6.625708319947655189e-01,6.123492061141641019e-01,7.175294488302390583e-01,6.461903298347616564e-01,9.002228695702801931e-01,6.733488030778672639e-01,7.819546614854062661e-01,7.689533398681659415e-01,0.000000000000000000e+00,9.854876550588588247e-01,5.898342735572352780e-01,7.488292653371177998e-01,7.004804291197447297e-01,6.497295596272419926e-01,7.936902499987039672e-01,8.901549937122397171e-01,8.832011856475225908e-01,3.770509028776882765e-01,8.571204104928171752e-01,9.228903243132331458e-01,6.113105403674050642e-01,9.527761096786366846e-01,4.494444733734380137e-01,7.100402714445329666e-01,6.669275900600862839e-01,8.689898922627308231e-01,8.833302077617984915e-01,1.534058917911399755e-01,3.324026565699222946e-01,1.992370338704978761e-01,5.772473292092081820e-01,6.915456473308515539e-01,9.735532736101233375e-01,6.080269692791100411e-01,4.894620689035409922e-01,6.179608462200368857e-01,9.863585621199769671e-01,2.049003279750443440e-01,7.204348219250190644e-01,4.412730826707385035e-01,2.734528285950346346e-02,5.098479939856737087e-01,5.218039147889833584e-01,5.025576123670504325e-01,1.405782679255258676e-02,9.038939183651146791e-01,9.690720725601399410e-01,4.866754786515297693e-01,6.714923294594958847e-01,5.990118580128180881e-01,5.427939888277091285e-01,9.186460429732897781e-01,3.525476336274774858e-01,7.841233299913880073e-01,4.240299737532974289e-01,9.893248425630315479e-01,4.144965108598807069e-01,4.824928577879488145e-01,5.986972541398905001e-01,9.369654197294681464e-02,7.279432316642754364e-01,7.277506555132361443e-01,5.153610339706774512e-01,8.863451776064293908e-01,2.020666355271696912e-01,6.793801821044402889e-01,7.262452347661906282e-01,7.610551536861278610e-01,5.684165567718465484e-01,7.617844646498527217e-01,7.370622799282832149e-01,-1.696581027774130557e-01,6.307364056275688302e-01,6.190955048515700554e-01,6.436751616166451750e-01,7.822121773049396376e-01,7.363084705982192446e-01,6.812779467934875210e-01
9.487918319323078720e-01,5.391164595530925085e-01,8.156861546205664837e-01,3.790574689811594400e-01,8.195791907334758486e-01,7.851950264668055013e-01,6.097838062989517915e-01,8.766009817756184042e-01,7.039278641317349150e-01,9.608592053687154966e-01,7.011137743510514886e-01,7.838814934833533421e-01,9.975595973078869028e-01,9.558621899871263539e-01,9.682580189830591877e-01,9.854876550588588247e-01,0.000000000000000000e+00,6.004005643673119286e-01,-2.710521043058994328e-02,3.055958085236435418e-01,8.465179286761753685e-01,4.476692255405279042e-01,9.595722984765371333e-01,7.074568740702871228e-01,1.440180606198503133e-01,9.820373226375977982e-01,8.554618454269479200e-01,7.285713327212861579e-01,4.402622563162650327e-01,3.091528044920843210e-01,2.329187310110206466e-01,8.385797508329079220e-01,7.784228920745310809e-01,6.531574606032376495e-01,4.671665633525527994e-01,3.684867590345156096e-01,1.221313220039895592e-01,6.416100328126440600e-01,8.874734695543878837e-01,8.057023858292340357e-01,5.289390982895845195e-01,8.440041426334553565e-01,6.137667517355270830e-01,9.633635720941343683e-01,7.211887481812389034e-01,9.401038288787154640e-01,6.148114672896766164e-01,7.668793030961372770e-01,3.539512051875323140e-01,7.395877957080450038e-01,4.643405047128298380e-01,7.589590461432991209e-01,8.999981183867253876e-01,6.396340816588832467e-01,7.031270450139601724e-01,6.183478016078474138e-01,6.593837687524964908e-01,7.391644577392550985e-01,6.741712303465178246e-01,7.327682270730084824e-01,4.188983276325016214e-01,8.627660857009344930e-01,9.565469615040165241e-01,8.549786144633778617e-01,8.963937900944282111e-01,7.773378053586573744e-01,6.136008887110285803e-01,9.363388430115464622e-01,4.089000906673462277e-01,8.237006545819326453e-01,8.501598384498041394e-01,7.589367982129363588e-01,2.277906347285560684e-01,3.466626812619721942e-01,6.566518470554016940e-01,8.962101953285536160e-01,8.156948449455929673e-01,8.538059621030434920e-01,3.815299352447424353e-01,2.133366624598960759e-01,7.137414846746019670e-01,1.675449575741412289e-01,9.569900676633277259e-01,5.403166522305591357e-01,2.377601238262279371e-02
5.396000795164330732e-01,4.362899845906998419e-01,8.732316276700377022e-01,7.580298389026948191e-01,8.848707600217006197e-01,5.923332830632658252e-01,4.092924410094204712e-01,6.167215298707026117e-01,7.494907514170878748e-01,6.481622833713810428e-01,6.496281820320659595e-01,9.858968152224689696e-01,6.697141546336393692e-01,9.541364454895374658e-01,6.009780167503508963e-01,5.898342735572352780e-01,6.004005643673119286e-01,0.000000000000000000e+00,7.564692616778581624e-02,8.014487125056919403e-01,9.624390306432137887e-01,9.775002013758673503e-01,9.187968063652491857e-01,2.564115112449535383e-01,7.296878961550627984e-01,8.258216693714056644e-01,8.166615265172596505e-01,7.588472339401088895e-01,2.308020081574979065e-01,6.426438830392025015e-01,5.955519844251391803e-02,6.383185036338164808e-01,7.391689044868547942e-01,7.342782161102333616e-01,6.508274136188809678e-01,-1.280742327657724278e-01,2.980120294966969730e-01,7.331249424805752479e-01,6.707924933292284120e-01,9.565646994306826745e-01,6.187708296494300875e-01,6.705110673018166434e-01,8.696057709809517089e-01,8.423357422515043158e-01,7.496166256425141894e-01,7.663261316046612315e-01,8.839346040483694322e-01,6.963605985043506141e-01,6.857270167894397028e-01,6.347462650008299789e-01,3.426165532788699730e-01,6.297439130909218141e-01,7.561536006959570511e-01,4.421223035142927138e-01,7.214726853817381436e-01,8.829850669696401866e-01,9.545889309004090828e-01,8.679695330956677113e-01,9.201560868275995286e-01,4.607126932544867159e-01,6.213051160225254721e-01,5.015062863930729309e-01,6.120652998174452852e-01,4.861629475524898436e-01,9.496324696583446912e-01,4.543931294610921712e-01,7.454133960857312058e-01,7.282894672926745194e-01,9.436839283459673711e-01,5.821862879448630457e-01,9.791842742359445628e-01,4.408565482714800754e-01,4.512269678901085768e-01,2.016742717938169172e-01,5.168387504697625756e-01,8.500890960814614372e-01,4.063790886400844848e-01,7.116444972550651782e-01,3.574948753894880982e-01,3.756943339734701848e-01,4.931542856167765998e-01,9.606027853695719987e-01,8.424167246361712325e-01,4.053687578180762419e-01,6.624526183957182290e-01
