0.000000000000000000e+00,8.650635601930026786e-01,7.776739082722523566e-01,5.279122670277327511e-01,6.266013510361145844e-01,9.118079348704160036e-01,8.416955615856309691e-01,6.247588641650331232e-01,9.181417570691821073e-01,9.088884130033105802e-01,1.781441313730734999e-01,9.477371164138498338e-01,7.962892852446850078e-01,9.709563767492268571e-01,8.873890804555807366e-01,2.069790514024532901e-01,4.937295718573883052e-01,8.726269057897472203e-01,9.226149347223705499e-01,9.254217824101704792e-01,7.102003244830832340e-01,9.522778968948061307e-01,9.329499567939183446e-01,9.594227465788102149e-01,9.022909085289826381e-01,7.129977012968714556e-01,6.310541726890563918e-01,2.893570904931394572e-01,4.263735195513709830e-01,3.626594253627453690e-01,2.558844595171542169e-01,9.954206616680942865e-01,3.034260206047635355e-01,7.727259305855684879e-01,8.772159562299322033e-01,7.478826183210142142e-01,-1.410230286470665062e-02,6.130875479681084927e-01,7.985167611040124847e-01,2.063658829698666042e-01,3.933586286151385947e-01,9.888710997834595506e-01,4.966346856411300026e-01,8.470336062766263829e-01,8.257215747189333710e-01,7.495824092637584091e-01,5.755176794952947539e-01,5.610790133102763200e-01,7.235737278002694062e-01,8.455871036169824162e-01,5.382010170402937721e-01,8.916874946807228364e-01,8.243239931743180371e-01,9.249452259158509326e-01,9.946740283261503723e-01,6.581207740824249752e-01,7.226790826088801412e-01,6.552650582886880848e-01,9.020453465743459853e-01,4.322820792032630033e-01,7.843573657285310974e-01,5.519338731547777099e-01,6.494282461733644762e-01,8.896778118638180022e-01,6.630534841570500104e-01,4.893290171630796381e-01,8.211590682129518148e-01,9.118584355815718689e-01,3.703911362576901012e-01,6.316371485513320172e-01,8.704517400760416468e-01,9.556301294102143018e-01,5.712173804271880595e-01,-5.079297770846924465e-03,7.429582352045288607e-01,5.653998176167523981e-01,7.970223769204907160e-01,9.759474573698846411e-01,2.022767539116401489e-02,5.932069922207543478e-01,9.638787424125799808e-01,8.079402855913745407e-01,7.272944750802559088e-01,7.308536682402888562e-01,9.761303006309973718e-01
8.650635601930026786e-01,0.000000000000000000e+00,8.470790186392753718e-01,7.463901361802192103e-01,7.680127737183928271e-01,7.084391362155120220e-01,7.200666914142687114e-01,4.379454866370343646e-01,6.266046333627858234e-01,6.074697148178422879e-01,8.043971227974948679e-01,7.014650178670019942e-01,2.021319870453033851e-01,7.374042501987967402e-01,2.568928474759877845e-01,5.069502994971498699e-01,6.505621773395433571e-01,9.739295197229700385e-01,9.157638525492862724e-01,5.219134934528102399e-01,7.097439148769749684e-01,7.601006470349472854e-01,5.267702069790435315e-01,8.375244648536006586e-01,6.257240842395032088e-01,2.238899458236408568e-01,9.533752737983617331e-01,9.245775941310732104e-01,5.834727733703694019e-01,4.630992339529868551e-01,2.075443334372791548e-01,5.507544479766044443e-01,6.988870946906006187e-01,8.345419910820375264e-01,8.527257634549025855e-01,3.527294492954379246e-01,3.435900642577977004e-01,7.914634180218147463e-01,7.745518928423682503e-01,7.034986872014746817e-01,7.211132899511880634e-01,8.556256281086884741e-01,9.801142890001887098e-01,9.870396327085813049e-01,8.938007651292962930e-01,8.894985466962919141e-01,6.033406170151381920e-01,7.586156095793922249e-01,7.245127998210396658e-01,6.746887685434578286e-01,7.984259653973116988e-01,6.751132350108131064e-01,8.997129657539201242e-01,6.699404576666937450e-01,6.473430388681750136e-01,9.931092817614148860e-01,4.838123335120368962e-01,6.248365701260039096e-01,8.762878519873289473e-01,9.195686339117122854e-01,5.637566260365791670e-01,6.833859095320189425e-01,9.728993339419118591e-01,9.574597665077548836e-01,8.872916562299886234e-01,6.713807259964337248e-01,7.602712412415678633e-01,7.162849415263851105e-01,5.056125930880519537e-01,8.280643202147857096e-01,4.260701043916599318e-01,6.404895847736566949e-01,3.537141445314234689e-01,6.310406706122395626e-01,-2.051549349430245583e-02,6.552010842693329895e-01,7.636412758837527459e-01,1.684441743033761874e-01,6.944299700870343317e-01,5.210893978640183111e-01,5.683087405111918455e-01,6.420689457831747493e-01,4.822500377764246671e-01,7.780781598759727302e-01,2.592894447391682622e-01
7.776739082722523566e-01,8.470790186392753718e-01,0.000000000000000000e+00,8.245471143197229402e-01,6.706984654741229290e-01,2.675427964112727097e-01,4.185641044993863025e-01,5.233561285710881528e-01,4.049343963726365070e-01,8.976744783010599527e-01,8.963138982052353265e-01,7.180595802301102948e-01,6.936287582893075898e-01,8.492130860798512426e-01,9.088758938202451398e-01,8.634907789614232332e-01,7.774665179738036169e-01,6.871367709226523512e-01,7.183045496959914455e-01,8.242150370356149391e-01,6.432620869772471828e-01,4.158427048669597892e-01,6.333359358018404439e-01,6.625426834472363247e-01,9.566112499152349402e-01,9.183043030596572676e-01,8.030814876112110090e-01,8.810708112653583557e-01,5.381452116899780869e-01,7.986317431315101967e-01,2.864639024720533889e-01,4.380077399005541938e-01,7.208482833042201277e-01,8.638227005308465323e-01,5.635039509611076136e-01,1.385326146536019001e-02,3.324557011074524837e-01,2.411631850472535643e-02,5.332946809707628244e-01,4.255862323043480000e-01,7.710863801460916545e-01,9.787838480241199957e-01,3.582670254051485426e-01,8.936718860131888098e-01,5.587506594463267362e-01,6.233702604838053940e-01,7.113923469172674929e-01,9.380928016207185083e-01,6.895402508885102311e-01,9.920227147474788287e-01,7.497518970588491483e-01,9.109920129361750440e-01,6.747932208706006740e-01,8.841832785428500596e-01,8.798592960430022814e-01,8.097988438465032468e-01,9.338465939500263380e-01,6.237136352465963984e-01,1.280087755183961229e-01,7.686442302343365895e-01,2.892724956057117214e-01,9.899320980333659037e-01,4.937275866514010403e-01,9.237700269157205213e-01,2.654070165586803198e-01,5.649135820054851376e-01,6.070619616773523797e-01,8.688587396692910858e-02,9.527626584117414588e-01,8.760787928647068012e-01,9.009222810425434602e-01,6.956498777064203942e-01,4.896888690708836589e-01,3.872441756704293470e-01,4.639876223649784803e-01,8.287130070885847521e-01,8.212052566534012721e-01,9.185888524085183970e-01,4.392538809024713192e-02,2.963112629626963868e-01,8.609531664653359284e-01,7.494697143291763064e-01,4.964073221094958410e-01,4.999331792542547337e-01,6.186293931933504187e-01
5.279122670277327511e-01,7.463901361802192103e-01,8.245471143197229402e-01,0.000000000000000000e+00,5.076859500643738921e-01,8.614561018008896065e-01,1.933698533445911694e-01,9.378504268221615758e-01,7.476215070729306245e-01,9.402867425800561785e-01,5.036058114207409009e-01,8.109779237849431555e-01,3.319288641608845181e-01,7.053445600667104243e-01,2.512000096015542527e-01,7.718135330024120666e-01,7.189260214743832256e-01,7.823393538991439966e-01,9.573419868686023904e-01,6.245690422711327461e-01,6.558902974550750997e-01,8.010736781094135450e-01,8.105824183106099534e-01,7.297435278947292936e-01,4.004158885917759314e-02,7.710219599599906770e-01,6.506099172637980210e-01,7.739195211664169349e-01,8.964860389323106027e-01,2.223735908080077261e-01,4.791277354853601400e-01,5.829543955939928690e-01,6.338061675804084194e-01,9.415657164093361731e-01,7.976623304099732525e-01,6.600471906534808308e-01,1.262156824753404294e-01,7.024353048137402800e-01,4.331708840552160877e-01,5.693383404511460633e-01,6.247517433706268886e-01,6.130267274999788851e-01,6.162217497507351815e-01,7.591217413723000407e-01,3.084685766319064104e-01,8.988509563143968206e-01,6.308326105498994751e-01,7.969594137692448399e-01,6.427461525726515523e-01,6.548514083878179681e-01,4.420899822673489132e-01,8.116458036782115970e-01,6.895647871432957210e-01,9.727637859114823815e-01,2.588490867340910717e-01,7.480196573705950591e-01,5.268336758046809898e-01,4.712940162605525063e-01,4.299316145985673243e-01,6.321826193998592025e-01,4.047496744717032913e-01,6.003720718498807285e-01,7.826413445789154322e-01,8.359429337847914532e-01,9.447742139718184884e-01,9.570412261451272107e-01,8.371681265973331953e-01,7.416556943426384496e-01,7.608017803690410030e-01,5.722429392289678507e-01,8.578613577633921183e-01,2.256435254114832478e-01,6.446561283080922689e-01,3.308974826813558812e-01,1.751276204575035467e-01,7.445934829529159416e-01,5.143150786051589041e-01,8.014961905096980033e-01,6.191656405885471726e-01,2.391268730890974414e-01,7.969746003161780612e-01,9.610573451697393965e-01,8.036480459834559331e-02,7.034603213622991902e-01,9.043555014952500137e-01
6.266013510361145844e-01,7.680127737183928271e-01,6.706984654741229290e-01,5.076859500643738921e-01,0.000000000000000000e+00,5.788900455034708958e-01,4.529378353606028362e-01,7.204638761448062256e-01,5.396526942171016028e-01,6.642405126889820988e-01,4.418819835846199418e-01,4.585734652722577298e-01,5.657593728180249082e-01,9.579041813266344629e-01,7.058221961684808532e-01,6.340242279920074164e-01,8.188061470883164494e-01,2.161074162523025921e-01,3.630554835715107259e-02,6.630282859759060177e-01,8.820470279327485841e-01,6.191269626844667640e-01,7.619372178623533554e-01,8.818996200302405830e-01,7.120112608373665442e-01,9.529624863343005847e-01,4.931016071271146495e-01,4.795306049761316469e-01,7.300098137886112948e-01,2.658048952921118757e-01,4.026253204959683307e-01,6.199842511724944494e-01,9.770057966784353454e-01,6.346784929973401379e-01,5.664965049704546729e-01,4.534093744587364694e-01,2.444262607097510420e-01,8.004482789623880157e-01,8.748804541719450434e-01,7.836987253790278496e-01,2.829580917110923188e-01,6.026655655602071171e-01,9.142174193489380762e-01,4.534718350946053134e-01,8.898472075006307325e-01,4.474115072558610406e-01,8.681996289811280132e-01,8.399501458953100297e-01,8.768756334668309504e-01,6.511026658030253378e-01,5.801998531191410180e-01,8.245266292396453700e-01,6.226972010404927538e-01,6.272497809387721501e-01,8.764295455972546112e-01,1.599108004013899131e-01,7.012557584207077532e-01,5.589430898787176583e-01,8.317131880059810412e-01,9.025681581520436092e-01,5.626584159026436494e-01,6.252266944618425359e-01,3.879940448247385376e-01,7.122281021549935476e-01,7.534693503286482574e-01,5.221857358825965356e-01,2.868184041465604572e-01,9.592008625362902219e-01,5.724985861226717931e-01,9.431041900131679201e-01,4.814730817457678058e-01,7.103039595078314283e-01,7.301785253388742847e-01,4.118307555901352113e-01,9.557490396967522894e-01,9.350174875023510301e-01,9.184385599991423677e-01,9.952245217362878371e-01,-1.423664373253553106e-01,5.881090423453816385e-01,6.803465849904284379e-01,6.705701316922425548e-01,7.474977133614073566e-01,4.569925476208016035e-01,4.715618686605135834e-01
9.118079348704160036e-01,7.084391362155120220e-01,2.675427964112727097e-01,8.614561018008896065e-01,5.788900455034708958e-01,0.000000000000000000e+00,4.084895929445782059e-01,6.661096058252509167e-01,4.568293801500091789e-01,6.785169236132122528e-01,8.243533708822166073e-01,3.339354775937481978e-01,9.397012725360971430e-01,6.707395927622863407e-01,9.923762066373734703e-01,5.863942387825499258e-01,7.416001288404624470e-01,7.888060093952937724e-01,6.705743525011853556e-01,7.311141417061844949e-01,4.867160839954229878e-01,5.163858096597111480e-01,6.677510412412295260e-01,6.827140284481996169e-01,4.131792313254641358e-01,6.318533243084593076e-01,5.535313815866584886e-01,6.569173438744236870e-01,7.117118494153413799e-01,4.618180841112438095e-01,9.366421688715023675e-02,5.315413719470457599e-01,8.237766903119918549e-01,7.001413565605520972e-01,2.331000758513961379e-01,1.497067321141464236e-01,1.459701702463127582e-01,8.631992596009195884e-01,6.913041093261377279e-01,9.419614084059173553e-01,6.859413752726387647e-01,6.366892664091533538e-01,6.908849844353723846e-01,8.116553497567311481e-01,9.001815978148393071e-01,6.075867262720777706e-01,7.102427629787547714e-01,8.631885867352595554e-01,4.094179902937504778e-01,8.113331586484435753e-01,2.468710295957606549e-01,6.595528416183017439e-01,8.467568485242493725e-01,5.001054646779073964e-01,9.830568984214265171e-01,9.753899429135562960e-01,4.720022413294974739e-01,9.111148948140199710e-01,6.966815461555242450e-01,3.990835112402780771e-01,4.444084961373280240e-01,6.631090344207659637e-01,4.045024056610764251e-01,4.508108829680824159e-01,6.200317511546227234e-01,6.879789764815695818e-01,6.585567665700315931e-01,8.315960715511978574e-01,6.686590027485976861e-01,7.600758933879976365e-01,4.903485105033928426e-01,8.594728269368161477e-01,5.952104013304013730e-01,1.716622628841201204e-01,7.791184124413685907e-01,5.442334432479603024e-01,9.897242049922801987e-01,5.473949871446168736e-01,2.124731764380796972e-01,3.936910867670964098e-01,7.227469701918564082e-01,8.007770028179678201e-01,5.453751494158339819e-01,5.885540379300659986e-01,6.966725464335296047e-01
8.416955615856309691e-01,7.200666914142687114e-01,4.185641044993863025e-01,1.933698533445911694e-01,4.529378353606028362e-01,4.084895929445782059e-01,0.000000000000000000e+00,4.183274162573768495e-01,5.904053927343881902e-01,5.860360842467664533e-01,7.394039286577307468e-01,7.090600751293637538e-01,4.221978281760121465e-01,6.901496960825383997e-01,7.415841929278451650e-01,9.841447640296263621e-01,5.899459036205867424e-01,8.755976260284135115e-01,4.219756588935155150e-01,7.230357187178151346e-01,8.115352165271279006e-01,2.592624152952808236e-01,5.372986065420448654e-01,8.845424830260976146e-01,3.869779304180112067e-01,3.255235104090183768e-02,5.419346186708341451e-01,5.656563506231160332e-01,6.721019005387685041e-01,3.805948952311561939e-01,4.850456207717279145e-01,6.151926230766725512e-01,9.823483068095570925e-01,8.631497864038772949e-01,7.015236326662295241e-01,7.114892360822046014e-01,3.409495749172265500e-01,7.349601269001118098e-01,9.495961848363271285e-01,6.966555965196248312e-01,3.323460769344553922e-01,5.010801505260338295e-01,8.619538287059835824e-01,8.248283596076935176e-01,9.476509825508365736e-01,8.071492632396161104e-01,7.828474401391277704e-01,7.762654112956806074e-01,6.749323484842637555e-01,7.670335388362068407e-01,2.470804992904315489e-01,2.283279551228923343e-01,9.422998663183275170e-01,2.397232389832411326e-01,6.495995019469299470e-01,6.807238361841243535e-01,6.991845476392718473e-01,5.863468246319051280e-01,8.097522109585657546e-01,6.911174308222403084e-01,4.321280715412966211e-01,2.123007022777334274e-01,6.322117260599364741e-01,8.244211856172684039e-01,9.140719135899588732e-01,7.620201749414534653e-01,5.619303134060289473e-01,7.942221936015030348e-01,9.062660613848861901e-01,6.064175716176037900e-01,5.483375125223061142e-01,5.958627832361471643e-01,6.899261855790342901e-01,3.700703900882076347e-01,2.303283523555328949e-01,7.176134737668543595e-01,5.671107572475772018e-01,7.926857459918518201e-01,7.748080431044652716e-01,5.600720857527283769e-01,5.704167002332072300e-01,6.582378184681231259e-01,3.477267224361793585e-01,9.819377024187616598e-01,7.964145272466252035e-01
6.247588641650331232e-01,4.379454866370343646e-01,5.233561285710881528e-01,9.378504268221615758e-01,7.204638761448062256e-01,6.661096058252509167e-01,4.183274162573768495e-01,0.000000000000000000e+00,6.829103620250805973e-01,7.930298739451344670e-01,1.392494625100275385e-01,2.332675746624080504e-01,7.651096137729387348e-01,6.804543567054083253e-01,5.391688903475508887e-01,2.013555903093802377e-02,7.009797197775141653e-01,2.873715662366637114e-01,7.164873449169560926e-01,9.144843365431918336e-01,8.120841790991456532e-01,6.527589446501935733e-01,2.695362861114454778e-01,8.282155826610090310e-01,7.297748875571281602e-01,9.471037879326700271e-01,4.064114157912580572e-01,6.107958660445120813e-01,4.889102014364962723e-01,4.213885788884141892e-01,7.905839868036082518e-02,2.373556364886618975e-01,4.398846851441264860e-01,6.588010957782152177e-01,4.102972597501797214e-01,4.028140683518315890e-01,7.166274329886247463e-01,7.157010249259845303e-01,8.553832215022257879e-01,6.120665783248148140e-01,5.432416069726657692e-01,7.384762288946447040e-01,7.661190323204353225e-01,7.180147004922220466e-01,8.036522856552608118e-01,6.177636427067064728e-01,4.510865934262335286e-01,5.012831702447966276e-01,6.610102488080273897e-01,5.198830831332053037e-01,2.547869988445055078e-01,2.286301847234207263e-01,6.051044838507542156e-01,4.813008778107088492e-01,7.125725352547803704e-01,8.688407257176018472e-01,1.692250939059663506e-01,6.556503704321792192e-01,9.182810651137087721e-01,7.125403119879933911e-01,5.690137559044636806e-01,7.828501762226258709e-01,9.334508540937510590e-01,9.028504377036055129e-01,7.639680803103364726e-01,4.225909875355201573e-01,8.054480194168048834e-01,4.925278369777396081e-01,4.210707254105581221e-01,7.251320485351849809e-01,2.929265062951752485e-01,5.879364559731434792e-01,7.937991219088526007e-01,4.409177389185072182e-01,7.599447054858345929e-01,6.847755287962316306e-02,7.697630336400179685e-01,8.115891455906226737e-01,3.202819195683232478e-01,2.100441885926477847e-01,7.436558201533700618e-01,9.858192234421743194e-01,9.740445109158309966e-01,5.441873961715203434e-01,4.029951583798817016e-01
9.181417570691821073e-01,6.266046333627858234e-01,4.049343963726365070e-01,7.476215070729306245e-01,5.396526942171016028e-01,4.568293801500091789e-01,5.904053927343881902e-01,6.829103620250805973e-01,0.000000000000000000e+00,9.667059087406325579e-01,4.674453396201270761e-01,5.265764457236267182e-01,9.020588651570221606e-01,6.958262866050530793e-01,2.692919350014039148e-01,7.573880884426685833e-01,7.923088035461237633e-01,7.916264087314541786e-01,2.034499026886797957e-01,7.917323912584177670e-01,8.438597089671926454e-01,4.558272358868395990e-01,6.604396105886152224e-01,8.696965521357273854e-01,7.507478768362054744e-01,8.987684014447397951e-01,5.915920608840712358e-01,7.326231840442012366e-01,4.782495336791429130e-01,7.114668806666831768e-01,3.591001888210810788e-01,3.697288773405067452e-01,6.089258965083691466e-01,8.496255729823646297e-01,4.729014067575088021e-01,2.190151631554020373e-01,6.647987981641000077e-02,8.555124794220422269e-01,9.442580012697725511e-01,4.480905547614302820e-01,5.615700543836252834e-01,6.000232771581628377e-01,8.753635805014390314e-01,5.618576651258653243e-01,9.763999108090511969e-01,3.943165061319023890e-01,9.631615221087459489e-01,9.279806104526552302e-01,6.868478170195025934e-01,5.991734881953955094e-01,6.729228211393566417e-01,6.550152569247965628e-01,9.347890692338898244e-01,7.377985799768446151e-01,7.736028963630814381e-01,6.096460120636770785e-01,8.410296416843975331e-01,5.447064049118819362e-01,6.325177363443457157e-01,4.758099149833368013e-01,7.632189580464751044e-01,7.983427950429229369e-01,9.183503820283958063e-01,6.228342185703308331e-01,6.271186476943806098e-02,9.319577848203435266e-01,4.545592990471285511e-01,9.933181829301903631e-01,8.202696454661629888e-01,4.467399655806796877e-01,6.013406276210094825e-01,7.326958228415401120e-01,7.767246182815877864e-01,4.899377867258543073e-01,8.190382357475841646e-01,6.714680884962508367e-01,9.167406696229175589e-01,9.742863399728143303e-01,5.671948013868550742e-01,4.467394862480484341e-01,2.142464789055575358e-01,4.347175014550750394e-01,9.252019479280580994e-01,2.680002961049946508e-01,8.694804873220753905e-01
9.088884130033105802e-01,6.074697148178422879e-01,8.976744783010599527e-01,9.402867425800561785e-01,6.642405126889820988e-01,6.785169236132122528e-01,5.860360842467664533e-01,7.930298739451344670e-01,9.667059087406325579e-01,0.000000000000000000e+00,9.866609511200000737e-01,-2.899112994700803192e-03,8.145576171415570554e-01,7.782184669258851439e-01,5.834524245793106800e-01,9.279752878030607111e-01,5.838423646804467015e-01,7.859161741038013238e-01,1.141840921938950398e-02,8.308179781401735520e-01,4.747475567346091663e-01,9.542671185558543323e-01,4.921627074587505701e-01,9.839963462423719776e-01,4.779644876378824070e-01,9.517162770313605247e-01,9.287377614029266315e-01,6.990124861089360708e-01,7.580608052389965490e-01,5.420058494455325393e-01,2.027863280303445204e-01,8.191550852736657617e-01,4.404802503673603820e-01,9.045552681108852688e-01,5.865871483539619735e-01,5.206973594912722714e-01,7.859592235689618622e-01,6.684446361383062918e-01,6.686651500646254576e-01,4.355395268273637432e-01,3.549142198772243795e-01,6.914223453450728529e-01,8.571984989140121192e-01,4.596733042578722839e-01,9.791081750748049650e-01,6.624364442770017680e-01,7.882123709487056651e-01,5.976985160522004792e-01,7.125997013567599847e-01,3.030174355520949270e-01,7.997112339833587491e-01,6.481702334265522225e-01,5.809480374940309000e-01,7.244874068512519028e-01,9.503851785173729194e-01,6.833408210434591679e-01,4.694826154473647484e-01,7.427205342369471719e-01,9.782958296121516684e-01,3.198918660662172231e-01,5.579750341199585240e-01,6.137088451704585390e-01,6.385770023525806360e-01,8.673255229035278235e-01,8.126460577839865751e-01,7.579313659198989583e-01,1.761116415224246168e-01,6.147601202054713276e-01,8.999466041553788598e-01,8.655519682327881270e-01,9.468411933499117916e-01,3.460406918081984640e-01,6.996420431277822205e-01,5.128916231347877552e-01,5.076531381000538579e-01,7.818749536713213155e-01,6.316365563788284287e-01,7.348634376353891939e-01,2.574183822550230594e-01,4.831311317208811795e-01,4.934110801756220743e-01,2.598949802128255326e-01,5.981032140466843172e-01,4.660489427639326054e-01,9.174587776963182284e-01
1.781441313730734999e-01,8.043971227974948679e-01,8.963138982052353265e-01,5.036058114207409009e-01,4.418819835846199418e-01,8.243533708822166073e-01,7.394039286577307468e-01,1.392494625100275385e-01,4.674453396201270761e-01,9.866609511200000737e-01,0.000000000000000000e+00,6.081869197461762244e-01,7.901904115307747389e-01,6.883307263236385642e-01,2.111300729524419884e-01,4.385453206186188391e-01,8.235491290656272723e-01,5.184129532704373489e-01,6.964918423609784970e-01,6.374724445824443420e-01,6.384542331006987093e-01,4.244429861482317823e-01,9.428087529588160542e-01,4.301626135124339001e-01,7.468234732475452775e-01,9.558105136579129191e-01,7.333569977132470274e-01,9.973154072260769221e-01,3.843483378282458451e-01,4.573673966525305667e-01,1.525613956019393758e-01,8.613436097969144889e-01,-9.263894549919715615e-02,8.009036294121301136e-01,1.361972109736002412e-01,6.063802200814787380e-01,2.914958663310345810e-01,6.135347058405000720e-01,8.840462661706282033e-01,9.541796752301132667e-01,5.548672254500238710e-01,2.735364478597303028e-01,8.819504416879097031e-01,1.724753358172906870e-01,9.534432172146563023e-01,6.679922914245468579e-01,6.745884227105188868e-01,5.527273804871217777e-01,9.289339779520606744e-01,6.903080214106521728e-01,7.145369387318339927e-01,5.720989481637948071e-01,6.942034922637104755e-01,8.626194105085986941e-01,9.472239803581888884e-01,7.028343714152283095e-01,5.576541111188071387e-01,8.991101233102147816e-01,4.168415433185761465e-01,7.235571819344472910e-01,4.151342715084238022e-01,9.607744256487518175e-01,8.524455217960184017e-01,7.206006154032823519e-01,5.591491265000145816e-01,9.080857048770386575e-01,6.621363858319035955e-01,9.479459207934044507e-01,9.196183186883027938e-02,7.350265932312555206e-01,9.337904775317986683e-01,4.907372407481744858e-01,5.284703628004905340e-01,3.141567450703457998e-01,1.751584242176114636e-01,8.002039001660294915e-01,6.094164348814313792e-01,2.310139484199371651e-01,4.857121195498279587e-01,3.012511348345938700e-01,8.168679724366187944e-01,7.052273864517860646e-01,4.589768011470523046e-01,5.445011327460580475e-01,2.802304462548780850e-01
9.477371164138498338e-01,7.014650178670019942e-01,7.180595802301102948e-01,8.109779237849431555e-01,4.585734652722577298e-01,3.339354775937481978e-01,7.090600751293637538e-01,2.332675746624080504e-01,5.265764457236267182e-01,-2.899112994700803192e-03,6.081869197461762244e-01,0.000000000000000000e+00,9.711048123396670562e-01,8.258647888565617823e-01,7.502057489450425498e-01,9.418645693350378156e-01,6.339148833044399023e-01,5.867908208476700915e-01,6.043062963327604509e-01,2.751698858405904335e-01,8.141781689866230964e-01,7.702096006219032454e-01,5.406181977245160253e-01,8.971359689423326067e-01,5.912148432948414190e-01,4.361215386934585991e-01,2.497821869641134451e-01,8.145763609945314565e-01,6.838256207564256950e-02,2.043163121089991707e-01,2.076990104498084300e-01,4.632280842813666366e-01,7.013811138307525228e-01,6.982263227110317994e-01,7.393262029484757303e-01,2.638293540034844509e-01,2.555228039458623535e-01,7.432459528464478993e-01,9.796080875107484598e-01,8.610550175223496971e-01,5.227938058156123002e-01,6.598716848001043855e-01,8.893026938051749042e-01,3.599832129503290901e-01,6.573090724096665172e-01,7.136801850935762248e-01,4.152162860968605096e-01,6.606856917945360674e-01,9.774292093175276364e-01,-6.316167515320039727e-02,2.036208535051568513e-01,6.737161510794693609e-01,6.267800526768121383e-01,9.810096589173090686e-01,7.657222030007178049e-01,7.027538958532033586e-01,9.539330181318314006e-01,4.835690612349434203e-01,6.865167572181120059e-01,4.241809403300178527e-01,3.713411164563017453e-01,8.650071231871161448e-01,9.279086812916674809e-01,8.142510905252917652e-01,5.827533247933756044e-01,9.040557030860546517e-01,8.556497907962991034e-01,7.732272100996609998e-01,6.980195849154695598e-01,5.420271178630114983e-01,2.249382334837363162e-01,6.442709269224868862e-01,5.392873981404058270e-01,5.699845373852171493e-01,5.344778047216229844e-01,2.656181301849053211e-01,2.288765257823059673e-01,7.899214656327340212e-01,7.398455083479421601e-01,4.087080992194455087e-01,6.448650585295750970e-01,8.086219015517150943e-01,8.817317311234916799e-01,1.745505050745860265e-01,6.594023433908799969e-01
7.962892852446850078e-01,2.021319870453033851e-01,6.936287582893075898e-01,3.319288641608845181e-01,5.657593728180249082e-01,9.397012725360971430e-01,4.221978281760121465e-01,7.651096137729387348e-01,9.020588651570221606e-01,8.145576171415570554e-01,7.901904115307747389e-01,9.711048123396670562e-01,0.000000000000000000e+00,8.312646632229550026e-01,6.781621375580604294e-01,9.854964186721258956e-01,8.772710012834703530e-01,7.180602431350480153e-01,6.907907407465719851e-01,4.958087858959984162e-01,3.621967688920451622e-01,9.933928748281493082e-01,7.387294945939946178e-01,8.914329253695877364e-01,4.923949445211420750e-01,8.656871713792283485e-01,8.868008359721764045e-01,9.944377059378087802e-01,8.224977473787802307e-01,2.998926159979622419e-01,4.155794720001230735e-01,3.782078551254570153e-01,7.037820575230562259e-01,4.499177693155269608e-01,8.911376818937332134e-01,2.419367000764290621e-01,3.697297341092128375e-01,6.513769041212833510e-01,9.108218361460381773e-01,6.081464093898857337e-01,6.296994133880416955e-01,5.284830703437570776e-01,6.757383632969754528e-01,8.715666337103750161e-01,8.279051976002734792e-01,8.000839716589233097e-01,6.944012271614560250e-01,6.472582119363972097e-01,9.191892868979127940e-01,4.259405949505263300e-01,2.389066163645252316e-01,6.959255269736867033e-01,7.738872151147656586e-01,8.983806817906111464e-01,9.319040446844770731e-01,7.055733960718822972e-01,8.663474987060366672e-01,9.546153145377269666e-01,8.092894778464790884e-01,7.679248786977548313e-01,6.277632143752390759e-01,7.514001797420251094e-01,9.724352073080304582e-01,9.517755513927877997e-01,8.274058103105473849e-01,8.363108062816169141e-01,4.843112575692463118e-01,8.454227118085296810e-01,5.214923789818207700e-01,5.776580544945586482e-01,8.361774614275221396e-01,8.400136969690118471e-01,6.562022429602659690e-01,3.523702041830011344e-01,7.968092726605691123e-01,6.390831215239953789e-01,7.331632719334204573e-01,9.056832032528986387e-01,7.486513505864593743e-01,4.332821575058328212e-01,9.004122528909819234e-01,6.576007064539384217e-01,7.641137227136616250e-01,5.852392499772754997e-01,9.508013404552443371e-01
9.709563767492268571e-01,7.374042501987967402e-01,8.492130860798512426e-01,7.053445600667104243e-01,9.579041813266344629e-01,6.707395927622863407e-01,6.901496960825383997e-01,6.804543567054083253e-01,6.958262866050530793e-01,7.782184669258851439e-01,6.883307263236385642e-01,8.258647888565617823e-01,8.312646632229550026e-01,0.000000000000000000e+00,2.767235848917792840e-01,9.735880547493895865e-01,9.478957306445709996e-01,9.993232150500708233e-01,7.855047747187412499e-01,7.269725989110880082e-01,8.112354095608753646e-01,5.322864719803374056e-01,3.682493116528241517e-01,9.931607683475816017e-01,7.518485809263522057e-01,5.003902090446324946e-01,7.902126739570708436e-01,3.303735226492595656e-01,4.667408378581107686e-01,3.374058296609085961e-01,3.961495464687432300e-01,6.924369417808288185e-01,8.077727731207487993e-01,4.264685360296706085e-01,9.848348755665580212e-01,5.647925123741610598e-01,4.419905109941265620e-01,5.684915501141968308e-01,7.325275230382747305e-01,6.661895555282546511e-01,5.637189962244265606e-01,8.265745351086509762e-01,5.167727178890458850e-01,7.365752107809651061e-01,9.894971341708593826e-01,7.279137214074519191e-01,6.788541826669213242e-01,9.964275057412070868e-01,7.503723698958836286e-01,6.263757295146104020e-01,6.756007297155485203e-01,8.775299413475450283e-01,9.107708706077798366e-01,6.147975030795236329e-01,1.694941436650307942e-01,6.718910313795893874e-01,8.916022270360612900e-01,8.521479824463169539e-01,9.647902078099739320e-01,6.683551110084795521e-01,2.945181277638014850e-01,5.938963834766570749e-01,8.352015197102872213e-01,8.738357994263326045e-01,9.054154237982030562e-01,4.260348041111243211e-01,3.098464781699615811e-01,1.029621450794743903e-01,6.695629127286431004e-01,8.744150518102334901e-01,8.103916964137610757e-01,4.429816337968344730e-01,4.919695355634918221e-01,7.146559844113326010e-01,5.399988713503109938e-01,5.909207844505972584e-01,9.733702480377176558e-01,5.217107004314864849e-01,4.446653052965442998e-01,3.435361795960656939e-01,8.731098639008377793e-01,8.757729183202437317e-01,7.675642874682211403e-01,7.005385206000250831e-01,9.196956286407109715e-01
8.873890804555807366e-01,2.568928474759877845e-01,9.088758938202451398e-01,2.512000096015542527e-01,7.058221961684808532e-01,9.923762066373734703e-01,7.415841929278451650e-01,5.391688903475508887e-01,2.692919350014039148e-01,5.834524245793106800e-01,2.111300729524419884e-01,7.502057489450425498e-01,6.781621375580604294e-01,2.767235848917792840e-01,0.000000000000000000e+00,9.844598933038598565e-01,9.082842923174728744e-01,7.655685917388441730e-01,8.761057549819415424e-01,7.185347293236896693e-01,2.968085402580799004e-01,7.757930189571139445e-01,9.294880202510554801e-01,9.792730607966690926e-01,7.218013411411843272e-01,5.875659929661808389e-01,7.961414835292486281e-01,4.316643758618390336e-01,4.963318698640937221e-01,3.347237709557343566e-01,3.079128180070221932e-01,7.726792582886262695e-01,2.194331804940317654e-01,7.169333605496626127e-01,3.383403923583705453e-01,5.380498863682990907e-01,7.802103265303439450e-02,6.763794576608443965e-01,7.288906222864828255e-01,6.674855445891364480e-01,7.676745869389517418e-01,8.466426318157233011e-01,5.421050455638880550e-01,9.496298755563515881e-01,9.626117223380555865e-01,6.504508779802583573e-01,6.646255105786309514e-01,9.811672129691273447e-01,7.448934879141406729e-01,1.127031074992991960e-01,8.887694984755905026e-01,8.644489767266270164e-01,9.172799063687645527e-01,9.945273676077874825e-01,3.309723329217153509e-01,5.378053248884150372e-01,3.337854914951731145e-01,9.968435436864786503e-01,8.320703262695143820e-01,2.483496655676496745e-01,6.634710228732457749e-01,9.805308906779683920e-01,5.364401404341593294e-01,9.716479899336404324e-01,6.098430982867960592e-01,2.862913805293418879e-01,4.325904523444537575e-01,7.768860908422882128e-01,5.939153118377231699e-01,6.772248584822080364e-01,7.607816157945266333e-01,9.424698111822734647e-01,7.179243947576773310e-01,-3.387744095188854887e-01,9.481878705975250732e-01,2.425508991793743907e-01,9.782971815789478498e-01,2.579496425496878853e-01,3.221703767822204911e-01,1.722174349640362423e-01,7.879219258154986916e-01,9.144767162919646974e-01,5.056751005464967808e-01,3.565315282311751766e-01,6.629914234857698929e-01
2.069790514024532901e-01,5.069502994971498699e-01,8.634907789614232332e-01,7.718135330024120666e-01,6.340242279920074164e-01,5.863942387825499258e-01,9.841447640296263621e-01,2.013555903093802377e-02,7.573880884426685833e-01,9.279752878030607111e-01,4.385453206186188391e-01,9.418645693350378156e-01,9.854964186721258956e-01,9.735880547493895865e-01,9.844598933038598565e-01,0.000000000000000000e+00,7.728550758876653326e-01,8.567371573692101894e-01,-1.212950430488608650e-01,9.219823313672723675e-01,7.061688759503206292e-01,8.641451802412087879e-01,9.300263307972768123e-01,9.993728490736855097e-01,4.080648135484043482e-01,7.189838022793094696e-01,6.847105578413367200e-01,1.270420164703787158e-01,4.612213090593163534e-01,5.775475390870465908e-01,5.455745392686957018e-01,6.356542766320477655e-01,8.373092969497895888e-02,5.424710058008961333e-01,8.328665662331979913e-01,4.928813411658811150e-01,2.149043337977776455e-02,7.047499848410414547e-01,7.270124552867966994e-01,9.493185844020088915e-01,5.210961502968081138e-02,7.373816753642451483e-01,6.357242764272733604e-01,7.590913304126174488e-01,8.563258471716828080e-01,5.699415221633252759e-01,7.824010249726756072e-01,7.727155427139613675e-01,2.250348537552497585e-01,7.135634819118789052e-01,7.072584295595009118e-01,8.154887500234172526e-01,6.605447077201281880e-01,9.704840441529227757e-01,8.585587088896444730e-01,9.784305752160193936e-01,8.446714959284791213e-01,5.619607772258838896e-01,7.182461998697348138e-01,5.591031334676525022e-01,5.113043285370232338e-01,6.358464511951126275e-01,6.682493516176567505e-01,7.313645190872046786e-01,7.661842764910831161e-01,9.226117776503599544e-01,6.371624903285123542e-01,7.454240487217470568e-01,6.340810437650613585e-01,5.837327116686987782e-01,5.169443930956454381e-01,4.567785315118445544e-01,2.850935921615606050e-01,5.986011887030479039e-01,5.982892328342831467e-01,7.816395271192688732e-01,7.759607891034114857e-01,7.449766209116315263e-01,5.531721439970296306e-01,1.242385642384105648e-01,9.994313519168886994e-01,5.731766460063482116e-01,7.720638874783448680e-01,6.168041114870458363e-01,8.970919637080180253e-01
4.937295718573883052e-01,6.505621773395433571e-01,7.774665179738036169e-01,7.189260214743832256e-01,8.188061470883164494e-01,7.416001288404624470e-01,5.899459036205867424e-01,7.009797197775141653e-01,7.923088035461237633e-01,5.838423646804467015e-01,8.235491290656272723e-01,6.339148833044399023e-01,8.772710012834703530e-01,9.478957306445709996e-01,9.082842923174728744e-01,7.728550758876653326e-01,0.000000000000000000e+00,5.707663089157641867e-01,6.664462629114263903e-01,6.984740449281251484e-01,7.862065417030679182e-01,7.752033848853778775e-01,9.315280155182226185e-01,8.818226339207930753e-01,6.254344609538554645e-01,7.554329911133876863e-01,3.668202278563530427e-01,7.582717723135914412e-01,7.874225871486044692e-01,2.324243380565403361e-01,-1.642330049162740169e-01,9.479822612737578424e-01,5.780585966067843806e-01,3.182804819369229876e-01,6.389127306605417722e-01,4.515663113530880568e-01,4.330308630647686785e-01,5.509499890514730769e-01,6.584452373265200498e-01,8.509232496449026240e-01,2.501799194029254991e-01,4.668681227059090499e-01,9.749326315839568213e-01,9.520763519907189387e-01,8.044544290298055733e-01,7.285707490465156422e-01,8.012164371036989419e-01,9.050244927397369521e-01,5.819473753831584384e-01,8.567992583978957244e-01,4.430360913647555798e-01,3.771518453042113084e-01,7.020348286704712892e-01,8.075427479757284477e-01,8.375185109743552569e-01,6.122440919400453652e-01,9.399392555816720174e-01,6.479424869050579572e-01,8.055994244642686875e-01,2.958686994989750407e-01,2.514850186466899284e-02,6.935268188698234804e-01,9.602917980834321243e-01,9.821020988729810552e-01,5.175663540867425638e-01,5.910529411371918673e-01,9.932337493438291309e-01,7.970868020773889118e-01,3.337486848701040065e-01,6.905446010133345913e-01,7.651862925847523478e-01,9.859475998541824548e-01,2.355469326090292581e-01,6.473213239159759658e-01,6.451215880124032687e-01,8.065934164811179308e-01,9.555357871383557411e-01,8.311393330303518123e-01,-8.534020952754295397e-02,4.881376429358452729e-01,5.344946996501241943e-01,9.642502952343624534e-01,8.834263375510000849e-01,7.260838563709922644e-01,6.294736357397057169e-01
8.726269057897472203e-01,9.739295197229700385e-01,6.871367709226523512e-01,7.823393538991439966e-01,2.161074162523025921e-01,7.888060093952937724e-01,8.755976260284135115e-01,2.873715662366637114e-01,7.916264087314541786e-01,7.859161741038013238e-01,5.184129532704373489e-01,5.867908208476700915e-01,7.180602431350480153e-01,9.993232150500708233e-01,7.655685917388441730e-01,8.567371573692101894e-01,5.707663089157641867e-01,0.000000000000000000e+00,5.232387083493719171e-01,5.791170578878597208e-01,9.196521381932600825e-01,2.566987597017010847e-01,7.700505403706034979e-01,6.983408715056180771e-01,7.986020196117654679e-01,4.726869414016681148e-01,8.964318095751910853e-01,6.534798119634952496e-01,4.645828529358806414e-01,3.899822962746540833e-01,3.030012456982124069e-01,4.973294961477690568e-01,6.784084670464195499e-01,9.531006550467409077e-01,6.813616303223589687e-01,4.098501769172914200e-01,1.775436826524183775e-01,5.406395210481389491e-01,9.055337122079805123e-01,8.903967152977089183e-01,1.367632600643948482e-01,7.723294145795763788e-01,3.309346046789358731e-01,9.962573795967937240e-01,9.923634369704179559e-01,5.229162075931752529e-01,9.129929464730859312e-01,6.102843888425040220e-01,5.199203225317683419e-01,6.489065718491104917e-01,7.157389312188696673e-01,4.426183223216659246e-01,6.224443943662619771e-01,9.381308480809893435e-01,2.924012363973355066e-01,9.715951816108333583e-01,8.082739108296244090e-01,8.414812458769500569e-01,6.785398097966597319e-01,5.882512396119654596e-01,7.398403573034268987e-01,7.435837429813126898e-01,6.809269350700941636e-01,7.007922996614462940e-01,9.588470222396096032e-01,8.731763064232234139e-01,5.109104280014529209e-01,6.619206824283933033e-01,5.088554590868297201e-01,9.803643498080729657e-01,9.727096467804146052e-01,7.745588045190536786e-01,4.283873184744224072e-01,4.829238841161704876e-01,6.274739622562957031e-01,7.315229876362642214e-01,9.990216965005433991e-01,4.920464316753452860e-01,4.156021936523000004e-01,2.512433422862458965e-01,7.271815666372308806e-01,5.874724825940310646e-01,7.549717483872790957e-01,6.387808066193855216e-01,8.987163482416232752e-01
