0.000000000000000000e+00,9.388921261041208721e-01,8.953594351951572605e-01,9.313389179299591536e-01,9.672129704601920563e-01,7.740317137315035900e-01,9.220583913781904561e-01,9.541292703365858996e-01,2.238407857886304253e-02,6.338184287364907465e-01,6.486398283514032137e-01,9.093613259624958589e-01,6.088736828921376132e-01,8.097325338968857089e-01,6.898423528222278334e-01,6.801600666580522869e-01,8.612496918956953351e-01,7.499034660706888067e-01,3.031079213324520683e-01,7.453546914073336804e-01,8.669417734581962298e-01,8.638673077733456385e-01,8.856718902952445127e-01,6.859868104314124915e-02,5.309649362197258471e-01,8.746516138805489060e-01,9.077102417188795958e-01,5.620799236460314319e-01,6.856241367134997544e-01,4.176149513248049727e-01,1.328566574917326715e-01,9.822143254779398536e-01,8.834726813601199158e-01,7.446205857786546423e-01,8.712329841734913760e-01,3.257731531953016457e-01,4.373540862544436636e-02,7.264370969901886577e-01,8.672892083000947050e-01,1.687932934808029362e-01,7.575667723170298462e-01,3.032638442287830527e-01,5.735767261735160716e-01,7.803205304431366507e-01,8.851420790713466769e-01,8.372992228369134926e-01,9.808676073696767084e-01,4.874875767893681600e-01,6.452178189565430655e-01,6.946926312288831395e-01,9.997669468394745351e-01,8.711129384905352824e-01,9.270848191606382294e-01,5.640332648679744487e-01,3.518039142037286959e-01,8.704337119678136059e-01,6.064000804039133552e-01,8.998643737999677539e-01,8.315755669198311439e-01,7.321744685109459194e-01,1.562558312426414187e-01,8.204713509231147395e-01,8.977518919194309444e-01,8.180551511329843262e-01,8.303412531773716188e-01,8.856348386717708410e-01,8.065255852739708908e-01,6.418936897687284038e-01,6.954611936250095772e-01,9.983363563887448500e-01,6.755054377861552384e-01,4.508166816603736415e-01,6.855452109913067194e-01,3.044070361900975130e-01,6.031404899692442978e-01,7.095428954423369516e-01,6.080178349732937582e-01,8.585477749676341253e-01,2.942276096094373905e-01,4.486956146323456962e-01,8.857093804204672072e-01,9.533609145804954332e-01,9.324733407650209749e-01,4.096251525168072005e-01,8.752971692438056284e-01
9.388921261041208721e-01,0.000000000000000000e+00,6.864610523117620211e-01,8.913654659891727672e-01,5.159621689258040433e-01,8.429109963770168301e-01,6.146729343153047864e-01,6.478444016473984268e-01,5.441372021967272321e-01,8.443306102676958469e-01,8.767003449133650150e-01,5.072713647895635836e-01,6.299472041804915490e-01,4.065121000943360263e-01,7.514732436110891367e-01,8.480206770076519351e-01,9.629694759611454602e-01,8.412599090870168661e-01,8.737437851385834175e-01,9.210178778524873433e-01,9.896264428423868775e-01,4.789589662952184468e-01,9.140395323347079160e-01,5.444266877284370532e-01,4.785368210909858311e-01,9.762938324168859427e-01,8.250071343505607779e-02,8.258541122775080456e-01,4.190803608139558323e-01,2.447683167230043089e-01,2.510367721560208265e-01,2.383930509115665675e-01,7.262454125881229183e-01,9.122676034862898797e-01,6.966220740651420940e-01,9.289120572790035557e-02,7.239070605147829296e-01,9.992442971193056245e-01,6.024981624352151455e-01,7.222606246112240891e-01,7.594743136324724198e-01,9.720098399398163780e-01,8.138887240681397239e-01,4.408888988934846487e-01,9.199812927953213704e-01,6.770543901934749087e-01,6.276354083422659436e-01,6.506385429698000600e-01,6.526003163218966341e-01,7.407377862651969291e-01,8.499722830978506671e-01,7.795381686555840073e-01,9.184162120664014495e-01,8.547629205207987191e-01,7.680792434937679936e-01,2.270391690542019059e-01,5.953157755851501420e-01,8.404107116146470879e-01,9.071936270465856822e-01,2.772199757251514463e-01,7.073271972930822438e-01,8.971908935941533825e-01,7.198373708170133778e-01,8.931322179356213642e-01,8.493001923442199397e-01,9.362377860701369681e-01,8.495744872983698182e-01,6.938231976152365865e-01,4.891116210479114490e-01,7.352132901309091917e-01,6.002537167433101839e-01,8.020234742532212913e-01,8.480157331048503444e-01,5.047150712066104106e-01,6.464055732203457527e-01,6.498363067909442847e-01,4.444948602394067083e-01,7.905099745427928148e-01,5.602006382484417957e-01,6.463830873881436512e-01,6.627610644165869980e-01,8.164556528686430781e-01,7.901629283874449516e-01,-2.079277673806132765e-01,3.152354899960272405e-01
8.953594351951572605e-01,6.864610523117620211e-01,0.000000000000000000e+00,4.420625290557289033e-01,9.416917000044656705e-01,6.825545103704312444e-01,8.259010097191209487e-01,6.738917805472325329e-01,8.198826952895371667e-01,1.086461500086195568e-02,9.671017337933075497e-01,8.940106153463076577e-01,8.900811159145567419e-01,5.548978556611495749e-01,2.198704946362138590e-01,4.075057697468524309e-01,9.770977513440575191e-01,5.710185203505836471e-01,7.309612245266788877e-01,4.670870415037645662e-01,7.325339006944548981e-01,6.525866096092353130e-01,6.808671975156583844e-01,6.345726974699673617e-01,6.156797625958498887e-01,3.020341146678185984e-01,8.463350893371640593e-01,6.488810162358582545e-01,6.119205859613318088e-01,4.906574062405702485e-01,4.293285718206789614e-01,8.348419894379095485e-01,8.159715327741814406e-01,6.563200179548545066e-01,9.355242090531759036e-01,7.367632091936158201e-01,4.864367057098314406e-01,2.428103699237123270e-01,8.242141413955760276e-01,7.155349555443620835e-01,7.993293079311423188e-01,9.915232410531508167e-01,9.139116317983024818e-01,6.929147765322531960e-01,7.832653374931983770e-01,7.974313823103353904e-01,7.373778152418016818e-01,8.728874163924105201e-01,8.087979810318453033e-01,8.219747225463390761e-01,9.897922515874325589e-01,8.500677804884848587e-01,9.523126632942917613e-01,8.301927868013780909e-01,7.900785842683765159e-01,7.401352230838066371e-01,6.054332828246747900e-01,7.368416189446332920e-01,8.113626155708973942e-01,7.446534141236783588e-01,3.242697747726811519e-01,8.696475081289615217e-01,9.767858105957160086e-01,7.160551715621459312e-01,7.529760489060373096e-01,8.341954590053187735e-01,8.390994838748608853e-01,5.329343775654288295e-01,9.691244445065683166e-01,9.095292187620255264e-01,8.476544842600695073e-01,9.498164190327411660e-01,5.351244500326198805e-01,5.274297345690420746e-01,6.621389831287780581e-01,6.375942450732232647e-01,2.213161509718525877e-01,6.663170050332658523e-01,2.685749706534831249e-01,3.813576174888655412e-01,6.080962736793329437e-01,5.203186020658250310e-01,7.486964698291974640e-01,7.613434260730393977e-01,6.567856379380406784e-01
9.313389179299591536e-01,8.913654659891727672e-01,4.420625290557289033e-01,0.000000000000000000e+00,6.933714382473262772e-01,8.442638915521313292e-01,7.286329886525891864e-01,7.332086454722608337e-01,9.817009540697957393e-01,8.986916604931429742e-01,6.149266605537163644e-01,6.165561806021092606e-01,7.653864779609733660e-01,4.247975946642966738e-01,6.830939254910762815e-01,3.651369724218563317e-01,7.902483986584075693e-01,6.180120516888003568e-01,9.011907722767515949e-01,6.240504218719982177e-01,6.002015939558434932e-01,8.971402275424587014e-01,5.627018574269814222e-01,8.773671089210858254e-01,2.468443600355216538e-01,6.597102261093972242e-01,6.554792108951051910e-01,8.712572889275822519e-01,2.656764300677566526e-01,3.385262366133839906e-01,-6.221504857608889383e-03,8.047453248997781250e-01,7.902580107092386230e-01,3.608764399576450121e-01,6.544793135740508694e-01,3.943956483409467584e-01,5.976029306868902991e-01,6.101127022458281424e-01,6.097865055429839698e-01,9.766140600835182539e-01,1.057556684764584393e-01,7.647697624385765280e-01,9.778227832749398774e-01,9.247942473255815754e-01,9.056826618009087282e-01,9.217351558679950374e-01,8.349476268789827182e-01,6.615286095282434387e-01,6.726811083810937397e-01,7.940512016825740371e-01,7.516561875342722132e-01,4.017999050663705884e-01,9.986610742472674662e-01,1.155782362964793697e-01,7.642258276058926381e-01,7.308945884606420362e-01,6.842207136256680533e-01,8.369067710182903630e-01,-1.961126237239687042e-01,9.872254433397096296e-01,3.938560264928223642e-01,5.088910157040558158e-01,6.829453150321374011e-01,9.785982772991510537e-01,9.884566518790058876e-01,4.925799613399091115e-01,9.923349074646879986e-01,6.226186954278936647e-02,4.156784744464615544e-01,7.507578869402099508e-01,8.683708976304345128e-01,6.602501978360748591e-01,4.597984922186993950e-01,2.417036125573371053e-01,6.414098348896938306e-01,6.763856885558031662e-01,8.458645401349809134e-01,6.855069957749289067e-01,7.550980406274110379e-01,1.877327583953220802e-01,5.503357460863744777e-01,8.582287049381285282e-01,-1.602197850939959811e-02,4.463036336348460420e-01,6.495058610309307756e-01
9.672129704601920563e-01,5.159621689258040433e-01,9.416917000044656705e-01,6.933714382473262772e-01,0.000000000000000000e+00,7.003819025258524178e-01,6.433624180003503223e-01,5.556234718747994350e-01,2.057870646705678430e-01,8.717365719467983221e-01,8.585895475591862613e-01,5.063170928285422034e-01,7.602996925621713364e-01,9.249166958417078810e-01,4.184682703860829189e-01,5.644458169049945129e-01,4.183756164731170513e-01,8.601391279959129665e-01,9.389409257052275803e-01,9.145113380661987756e-01,6.897577936616574590e-01,9.930066271395594502e-01,4.983001304746639826e-01,8.597382513163996931e-01,2.466687977580870328e-01,6.453480566224769621e-01,9.990328645636153970e-01,6.547328808283361390e-01,5.848847283792654173e-01,2.853117794139037877e-01,7.630165895615685923e-01,5.888922969118978168e-01,9.477188096586559585e-01,6.099977202050171909e-01,7.121907060299211834e-01,4.816683169579131785e-01,6.769040840427026362e-01,5.061798656408393882e-01,4.932060090985839751e-01,5.274152551996690308e-01,5.849403505116531621e-01,4.816618383530621439e-01,9.973881444098987581e-01,7.944172552393417019e-01,8.069220896160202994e-01,4.551516347899718373e-01,9.939793304941069163e-01,9.992124207096746424e-01,3.018732206661611794e-01,4.699285156179603407e-01,3.845864309890696386e-01,6.042635686959449970e-01,1.607274589917527530e-01,9.632140129874249279e-01,8.027108299614063025e-01,6.731580138791112278e-01,7.369351220718504125e-01,6.350748907137063748e-01,4.928813975933233338e-01,6.078484249636068038e-01,3.173020737082521969e-01,4.079876856927394102e-01,6.781423906863949247e-01,6.286167680057905827e-01,6.785742841189098540e-01,7.988969767748406170e-01,2.148520167906703138e-01,5.920254226091614669e-01,5.869490663184399049e-01,6.894291712914935033e-01,8.853311793747405956e-01,5.764812229854188175e-01,2.720227895697944209e-01,6.306782524831517911e-01,3.505137343011405227e-01,6.364101941617733571e-01,8.942702471749859328e-01,9.229720700583438076e-01,1.393084189761095160e-01,4.791171594461123284e-01,2.350428477038588315e-01,4.866516520440185567e-01,9.318130138089184555e-01,8.055040293396379392e-01,6.616602029626714732e-01
7.740317137315035900e-01,8.429109963770168301e-01,6.825545103704312444e-01,8.442638915521313292e-01,7.003819025258524178e-01,0.000000000000000000e+00,8.933909586037123152e-01,7.677713085709858554e-01,5.380111524314850069e-01,8.102867455328708335e-01,4.688087984105291373e-01,9.164503592279662492e-01,8.007451403997585260e-01,9.801688633445512222e-01,7.026198967268015849e-01,7.041446589119697563e-01,7.211323507619694650e-01,2.614671521478759142e-01,6.206591838860577859e-01,2.871180429055371630e-01,9.040982467830983582e-01,6.379819895111651373e-01,2.612115204538549840e-01,9.371141376831977343e-01,6.882496275002442099e-01,5.686638855860735031e-01,5.459891739276122591e-01,7.696128740631024145e-01,4.029871836338282387e-01,6.535550444492035371e-01,-1.615976210395442259e-02,7.491443344954834549e-01,9.151276799128003070e-01,6.978617896573020563e-01,6.736697852938340336e-01,9.409467754225933067e-01,3.920502961472428494e-01,9.557304486074871264e-01,9.475801317829463111e-01,6.639531341429313338e-01,5.657150956419566556e-01,7.518414332826857116e-01,9.835306359078270777e-01,6.129682263468407832e-01,8.770676397107223243e-01,9.027166464400091517e-01,8.925915435285364241e-01,2.145149331666593162e-01,5.900303444489657378e-01,6.776494333038767248e-01,4.203795770277852228e-01,8.276930879789661244e-01,6.274094385327575463e-01,6.958060615549516159e-01,8.759195677339285391e-01,5.325884753098469870e-01,7.221626896814390406e-01,8.682574425797516815e-01,7.004448157309400846e-01,5.627903278806445884e-03,5.376856745380411695e-01,8.453281448195355541e-01,7.639547869309605277e-01,5.818965127254147607e-01,8.306085185600647902e-01,6.003415435437139402e-01,8.303526043596092254e-01,9.333770999213143460e-01,6.964034209174458923e-01,9.615221068201771359e-01,6.766727985538718571e-01,6.916694781936481018e-01,2.800140620796561786e-01,7.073131895116980816e-01,6.614593427602933895e-01,9.128921003096728271e-01,8.670720799189126637e-01,4.205979525817175046e-01,5.770850551372658233e-01,3.744651073889695425e-01,6.178913851820075909e-01,6.177551114105103158e-01,9.631543503643487103e-01,3.877564797810365005e-02,3.924990884171842831e-01
9.220583913781904561e-01,6.146729343153047864e-01,8.259010097191209487e-01,7.286329886525891864e-01,6.433624180003503223e-01,8.933909586037123152e-01,0.000000000000000000e+00,3.091521719843891569e-01,4.129869229555173105e-01,6.137530505729632546e-01,4.641084590221906669e-01,7.059822202316774487e-01,5.179032424357482567e-01,4.926661209569461741e-01,7.211387381539537955e-01,8.681966943510267473e-03,9.477823689080412395e-01,4.216961369564697915e-01,7.123750024384674084e-01,9.990804433477353808e-01,8.664144603529598809e-01,7.279444743055267786e-01,3.607817445771588621e-03,9.529581410493080940e-01,5.484548436467822086e-01,8.164795759760207217e-02,3.016273709326923735e-01,3.280810999902821212e-01,6.803819936325475881e-01,4.975376417809926899e-01,4.156119084187479551e-01,7.556654626860574986e-01,6.962572587239657107e-01,4.013608453194450476e-01,4.032918784025490977e-01,4.381434477809884598e-01,2.518090406614267307e-01,3.904452501105055151e-01,6.742911554168095067e-01,5.452823360732329538e-01,5.503495616836759918e-01,6.301285200346351534e-01,6.477134321413442475e-01,8.409054115625098635e-01,9.060362399645253140e-01,7.855623477957006662e-01,2.337339737810311957e-01,7.366392926056438695e-01,7.855500388621341479e-01,3.687525155751057993e-01,7.960142960197311712e-01,5.050611376753059156e-01,7.663142516073009336e-01,2.243908535336869292e-02,2.668060948837902568e-01,5.315602852647980381e-01,3.608864306618171369e-01,4.254157522891724996e-01,9.848716337999382509e-01,4.815481175909593348e-01,2.765623183871539492e-01,4.920329044014098985e-01,5.453616224058642770e-01,7.589376195153518800e-01,6.913989109515206177e-01,8.737996566104929697e-01,4.996199171425186325e-01,8.556330955832498475e-01,5.636700767918434440e-01,7.276441348155997524e-01,2.664119752225706517e-01,4.097798949957077129e-03,7.511895493754425779e-01,5.026978764186075255e-01,4.388162743110400887e-01,1.920994639300826201e-01,6.154995264880054329e-01,6.410401917327450683e-01,2.319147738797266989e-01,5.083935847614565740e-01,7.289059325433955294e-01,7.099839417578283074e-01,4.635140544246194594e-01,3.235890088141379906e-01,5.861661423699338069e-01
9.541292703365858996e-01,6.478444016473984268e-01,6.738917805472325329e-01,7.332086454722608337e-01,5.556234718747994350e-01,7.677713085709858554e-01,3.091521719843891569e-01,0.000000000000000000e+00,2.071818361836590475e-02,7.334491975166206323e-01,6.407983300265798210e-01,5.023589394321650303e-01,8.012018093799520013e-01,5.351296588598413173e-01,8.108838211180239286e-01,6.040607048992004957e-01,8.884550332571969911e-01,2.516625487807028771e-01,2.618489244512277048e-01,7.079239338666609704e-01,5.541681936045709245e-01,5.081276727422537887e-01,6.916201560875198107e-01,9.941430295273598894e-01,7.901331957168094000e-01,6.814411109012016299e-01,4.438554301828257498e-01,6.676750217898299589e-01,2.603969040341629348e-01,5.750750854165597170e-01,-4.242625577944195148e-02,6.534524986366426758e-01,7.277888417707116808e-01,3.283559038700959443e-01,7.153955117949887255e-01,3.352274801871806820e-01,6.411195027532963220e-01,5.184511295846724321e-01,6.991519825625841511e-01,4.061835242926271627e-01,4.392598551238282578e-01,4.848195349981307967e-01,5.596994917321045371e-01,3.107406249969082990e-01,8.219274711303380387e-01,8.260542807567297086e-01,3.617595093334415313e-01,6.456418175306707363e-01,6.010704084063718255e-01,5.650653126101253809e-01,9.583613321236917892e-01,4.923906868763774369e-01,3.525283824210442285e-01,7.314293458657137315e-01,5.479433914886830959e-01,9.788003085426109084e-01,4.151335084394836006e-01,6.857984150636328158e-01,5.680058226783607500e-01,7.707127623519194337e-01,4.714515325568931492e-01,6.491552792149613005e-01,8.231752596095736063e-01,3.509232179369342064e-01,8.847560091668317250e-01,5.061895205924993313e-01,6.787396294761751658e-01,9.294320019787886133e-01,1.387601254226744352e-01,7.105126917281161525e-01,7.320385350959808246e-01,-1.800798593144646298e-01,4.460483323464752847e-01,7.049649874363119739e-01,4.639572211961099923e-01,5.294971280292594118e-01,4.241767539517988239e-01,7.628062858212403263e-01,6.661626639022339980e-01,4.548849458355849196e-01,4.618024870947061156e-01,8.381231893850085157e-01,6.371992364042725621e-01,5.476372384553714889e-01,4.372023912513439692e-01
2.238407857886304253e-02,5.441372021967272321e-01,8.198826952895371667e-01,9.817009540697957393e-01,2.057870646705678430e-01,5.380111524314850069e-01,4.129869229555173105e-01,2.071818361836590475e-02,0.000000000000000000e+00,9.279881594730361449e-01,6.722951376735570861e-01,8.417475980418661630e-01,5.847489049104783732e-01,8.025708640122994897e-01,6.814393083871237433e-01,4.226321668585186764e-01,2.166767226421865145e-01,3.629910283689234962e-01,3.252749189059663815e-01,7.145923631423704014e-01,6.526531952980193507e-01,5.602463339703620537e-01,8.715856545770481745e-01,8.572144235258782885e-01,7.260874563012772454e-01,5.901858036917684291e-01,6.356361974086650601e-01,7.353684713457000477e-01,8.073287001250246953e-02,4.872226567254119844e-01,5.710927857360801330e-01,5.962097771429467619e-01,5.207588813600509958e-01,9.361687890906714715e-01,4.691734982165965961e-01,8.272792512976046009e-01,7.634198443080941754e-01,8.034360882347486577e-01,7.875580305979141826e-01,9.728121994212142187e-01,4.017225930778021148e-01,6.346489695936481379e-01,7.071274942011741560e-01,7.347766777625522883e-01,8.332197033768220518e-01,8.219399231540018835e-01,8.711965278248617883e-01,8.144988610569574572e-01,7.239126530871686782e-01,7.013985840126761850e-01,7.811273796479585307e-01,5.635352666807438293e-01,5.339700576244170716e-01,7.412063770641211802e-01,8.843718828931821374e-01,4.227775028514649813e-01,4.868378941899100254e-01,6.345928530390940736e-01,8.430363820257089635e-01,6.991990013370134871e-02,5.718644072597780514e-01,4.238516510461216580e-01,3.242606923423814180e-01,7.689135933060697869e-01,9.828175252982277454e-01,5.691571214937520828e-01,5.173252962176924097e-01,6.446059751253006009e-01,4.460718968720652766e-01,8.194602804830422027e-01,6.659232979745683956e-01,6.270216914256550034e-01,6.639067479534040972e-01,4.915744759374314210e-01,6.647537442389337414e-01,7.546369362567297845e-01,9.453959275373409188e-01,8.130062097050971825e-01,7.797816783985102029e-01,5.119875764420684927e-01,1.446353470398987762e-01,4.739937999700359894e-01,2.073357342033232131e-01,2.086574223249162974e-01,6.718153379736802044e-01
6.338184287364907465e-01,8.443306102676958469e-01,1.086461500086195568e-02,8.986916604931429742e-01,8.717365719467983221e-01,8.102867455328708335e-01,6.137530505729632546e-01,7.334491975166206323e-01,9.279881594730361449e-01,0.000000000000000000e+00,4.763877506915084048e-01,4.783748403791286408e-01,9.291971326346964988e-01,7.014697039621272667e-01,9.261486971975501081e-01,8.561967946508766136e-01,7.637784851984774637e-01,9.086055690287345721e-01,7.069598856396402953e-01,7.769361144445230405e-01,8.829692773294827157e-01,9.518084428808121222e-01,4.631833284027261355e-01,4.104448191040830363e-01,6.148256720513536333e-01,8.935090452541150086e-01,8.449163714629914779e-01,7.948822432016182660e-01,4.857946345426051304e-01,5.565927252507543166e-01,6.252433266040777760e-01,4.087238310984466216e-01,6.006408988196675347e-01,6.909409679989824138e-01,6.567144323364129122e-01,3.857741089985330940e-01,2.732732619189709444e-01,8.660274261921523387e-01,9.741169578818477115e-01,2.405026390102672218e-01,2.253215954126853438e-01,5.558950035122118827e-01,7.683164242885869299e-01,6.875789908207322609e-01,8.973680075750691820e-01,8.350801362194374411e-01,1.075645959956110856e-02,9.809810232879744296e-01,7.010902710746503841e-01,9.354847941326974725e-01,1.793770879122603135e-01,7.533999600391151352e-01,7.526470582893425298e-01,6.294425610165998997e-01,9.236908098588501037e-01,6.534872700633257425e-01,7.559459257737439764e-01,7.963921241767637493e-01,8.137842702572054554e-01,7.249639726491228231e-01,3.754465379544601467e-01,5.089633328309570715e-01,9.273844062473637351e-01,6.062015518891974430e-01,6.989397163195139040e-01,6.210754549733745744e-01,9.353220044281199685e-01,8.931470784676140973e-01,5.652801158417493088e-01,9.185476943048801468e-01,9.374416601349409017e-01,7.643409497214189718e-01,-1.509592248369442946e-01,3.038466942190570785e-01,7.861560002643217526e-01,3.558951775107575127e-02,7.827583413099751253e-01,4.404392360369245862e-01,1.461434436670984161e-01,1.766082189486351262e-01,9.560087376868851017e-01,7.335895479195094770e-01,7.576274365534155786e-01,6.882078555133517295e-01,7.254368354596817392e-01
6.486398283514032137e-01,8.767003449133650150e-01,9.671017337933075497e-01,6.149266605537163644e-01,8.585895475591862613e-01,4.688087984105291373e-01,4.641084590221906669e-01,6.407983300265798210e-01,6.722951376735570861e-01,4.763877506915084048e-01,0.000000000000000000e+00,9.977734527813892917e-01,9.060149624884947794e-01,9.225066557579096882e-01,7.839114077480724418e-01,2.768894411044855453e-01,2.176937540010008276e-01,9.092929413916690518e-01,6.485566746623712131e-01,8.073526072611735271e-01,7.686184908402262650e-01,8.112189224149455313e-01,8.430297532498342017e-01,6.998060376858850073e-01,5.022331717440163823e-01,7.698663580856067723e-01,6.962582002800205005e-01,6.314518485593113573e-01,3.086927786235854621e-01,7.677086811502275010e-01,7.135185994761513717e-01,8.273534868103522566e-01,7.876768117574425299e-01,6.349224687899470698e-01,3.456364131075703172e-01,2.556941866203218394e-01,5.258855945941540710e-01,6.670884892768437213e-01,8.673945279861305924e-01,7.781671415735067487e-01,2.301912507470288971e-01,7.625536297811605912e-01,9.359167285441635231e-01,7.615353534966353699e-01,6.162604375083996500e-01,7.901881174405949171e-01,9.101933663017007792e-01,6.987500324381323846e-01,7.005249181629157329e-01,4.913128071849193201e-01,6.143633238981988098e-01,5.278402243671495020e-01,5.480469862616939025e-01,6.965763358671077654e-01,9.586681776615822992e-01,9.441767855712493995e-01,6.789931048528301538e-01,9.324495772288388107e-01,7.165620097840532665e-01,4.533741994639472472e-01,7.739178906596455576e-02,2.659310343268835863e-01,8.195061521846922492e-01,7.106129237488654216e-01,8.393776309644361833e-01,6.091442019718630307e-01,8.432451220711029150e-01,6.371621958969247990e-01,4.423344667028275001e-01,6.591959492928872733e-01,6.531588191583255210e-01,6.491317167075203454e-01,7.662189727876571599e-01,6.658727308007336143e-01,6.793310560343361892e-01,7.061538288793294260e-01,6.081174920672476336e-01,3.489996503395822458e-01,5.945271032387215993e-01,2.005882775528544104e-01,6.018574923055481918e-01,9.172799674945972814e-01,9.367497573622604046e-01,5.785051808303558474e-01,7.317043965042046016e-01
9.093613259624958589e-01,5.072713647895635836e-01,8.940106153463076577e-01,6.165561806021092606e-01,5.063170928285422034e-01,9.164503592279662492e-01,7.059822202316774487e-01,5.023589394321650303e-01,8.417475980418661630e-01,4.783748403791286408e-01,9.977734527813892917e-01,0.000000000000000000e+00,3.767492667955931740e-01,6.603378600357259209e-01,7.464193816861199871e-01,9.350664709847753553e-01,9.252198729185850956e-01,6.021472784604590123e-01,5.722494528199167929e-01,5.979017138959896727e-01,8.973125689579809494e-01,3.193708351552893565e-01,7.869302232007842068e-01,6.722066531769215203e-01,8.375081662739910504e-01,6.263681414967608996e-01,9.618934970071973956e-01,4.253299549405687996e-01,-3.656643942969270422e-02,7.644453671975570686e-01,3.026624237211133495e-01,3.938489713050326024e-01,9.098910413469729619e-01,8.246983358725836766e-01,7.058138357842044242e-01,2.906562764774077712e-01,5.560747439126461078e-01,6.046211388935130993e-01,9.414707630070117128e-01,-3.817516877013287235e-01,4.719480436400905754e-01,8.762728310506344709e-01,9.680536093316924884e-01,9.782396234728049089e-01,8.696043153457523323e-01,8.755818841302945854e-01,7.314546121195879547e-01,7.074346542558761497e-01,6.734433886371526956e-01,6.863277415859790898e-01,7.183642430825024627e-01,8.354915315833655320e-01,7.912694513507594340e-01,7.229084164069174978e-01,7.687925816341965035e-01,7.105405478693956889e-01,7.392955572837391909e-01,2.211845914997305762e-01,9.051243943750526544e-01,5.571140387245183678e-01,4.718996543957486023e-01,2.499198221493457717e-01,9.175307540760991865e-01,8.188100950570800229e-01,2.341741797477928377e-01,6.113877851487868886e-01,8.134232865147009717e-01,9.494193705207504275e-01,4.815598671446297274e-01,4.925601836233425845e-01,9.311848011845418327e-01,3.520974770671003728e-01,1.520149624705020297e-01,-3.872547849030320011e-01,2.878499055090066316e-01,5.592022971862016245e-01,5.025130434491993370e-01,7.899761683882420282e-01,5.073922773436260192e-01,2.431677534667207319e-01,6.544945524877185949e-01,8.789986510692113786e-01,6.073593593857169459e-01,5.401730656010221843e-01,6.829743379946512372e-01
6.088736828921376132e-01,6.299472041804915490e-01,8.900811159145567419e-01,7.653864779609733660e-01,7.602996925621713364e-01,8.007451403997585260e-01,5.179032424357482567e-01,8.012018093799520013e-01,5.847489049104783732e-01,9.291971326346964988e-01,9.060149624884947794e-01,3.767492667955931740e-01,0.000000000000000000e+00,9.254321380841322719e-01,9.598436156073497649e-01,3.706444935161575249e-01,7.328458124335305301e-01,6.524754928734498582e-01,4.950696078660786759e-01,8.655194436774268363e-01,9.256773320597407873e-01,9.244590628379960595e-01,1.049205404622065574e-01,9.327684613681699322e-01,9.724338359038078305e-01,8.719170260388814375e-01,7.561652250873989178e-01,8.674087110419281821e-01,7.208106399792957308e-01,7.585298027013720468e-01,7.162727643117204890e-01,9.432557518397977070e-01,8.504916462641416430e-01,8.306761474433560499e-01,8.125705256804486298e-01,3.734733326796311204e-01,5.846754650608071424e-01,3.075671564865995466e-01,5.278439359252259377e-01,3.371712161257949258e-01,7.784918834946590316e-01,7.026050486026467201e-01,-6.941752884782706468e-02,4.287335567385975876e-01,8.280365062062289283e-01,2.547339088706283006e-01,6.512890605224210816e-01,7.566027183625273489e-01,9.389848978262417267e-01,6.006807158154614523e-01,9.517098776112655756e-01,3.574895665034943382e-01,8.766400984861340007e-01,9.321754960515437061e-01,2.294088982205629290e-01,4.473368300615453430e-01,6.958350568396851621e-01,7.192075381125004885e-01,6.328689299421632608e-01,5.264269823757592448e-01,2.880991197235499013e-01,8.423850456785300089e-01,8.554373559334805810e-01,8.583116679538381755e-01,7.333561783912917464e-01,6.128597020263032435e-01,7.425340889381838450e-01,9.885891256254819570e-01,5.737834874944899299e-01,7.610135807089682958e-01,7.292772449257416412e-01,5.593541383674277556e-01,2.274536054325560497e-01,7.744246188175110124e-01,8.339078574210617711e-01,6.457663890348623870e-01,7.306555336768592035e-01,6.702350549749049868e-01,3.290556405331065415e-01,8.796374291285147251e-02,8.038563925429184076e-01,8.206744959671302686e-01,9.302477629892496047e-01,2.618330210406173419e-01,9.409482413507674892e-01
8.097325338968857089e-01,4.065121000943360263e-01,5.548978556611495749e-01,4.247975946642966738e-01,9.249166958417078810e-01,9.801688633445512222e-01,4.926661209569461741e-01,5.351296588598413173e-01,8.025708640122994897e-01,7.014697039621272667e-01,9.225066557579096882e-01,6.603378600357259209e-01,9.254321380841322719e-01,0.000000000000000000e+00,4.693745350795023308e-01,7.522825596087295841e-01,6.556142036556312780e-01,9.056002513662815279e-01,8.810291187272566438e-01,8.302656596993136517e-01,7.530495718794266713e-01,9.091580099377977175e-01,8.947719031734192585e-01,8.038043692162852860e-01,7.097699437021359747e-01,9.399533888046458507e-01,5.115706413288767518e-01,9.368438624673419701e-01,5.125173055320013660e-01,4.308841330895352151e-01,7.937039565629175897e-01,9.572246921327456359e-01,5.354069266059753307e-01,4.163385373562971670e-01,4.732412548892773740e-01,5.054083027586062649e-01,6.574440267780654601e-01,9.525021668370788896e-01,2.812860639691627807e-01,9.993549205261563761e-01,2.237860709602307596e-01,8.675011027156352972e-01,4.648730158765328468e-01,1.146998826449923820e-01,7.396471296627942227e-01,9.707553217137916413e-01,6.852449805817688588e-01,7.244416994818851929e-01,9.811408752803394417e-01,6.773925860002916188e-01,6.688879590500945715e-01,9.457228132120141240e-01,8.156872165450674839e-01,8.668352120695558272e-01,4.254566489893326642e-01,7.536715412504959577e-01,1.673389481205092219e-02,8.388481124622020335e-01,5.521831550889675366e-01,6.291511509613931796e-01,1.552427003783640180e-01,2.724198642755181199e-01,9.244239599298644805e-01,4.544523339807511886e-01,8.520750702641453067e-01,7.645678823958117487e-01,2.432983400278159181e-01,9.907460293760680381e-01,8.732141680729029742e-01,7.688828745981129975e-01,9.295188630842663446e-01,5.082770714921530653e-01,6.999715189954989203e-01,7.860837734589198877e-01,4.456545184390423020e-01,4.286060737112267760e-01,6.107636213238460954e-01,7.035736402613893548e-01,6.710495556651518978e-01,4.323325568719664780e-01,7.494216452382103100e-01,3.078393255578658616e-01,7.192023400243826581e-01,7.700100801802614026e-01,7.198149187430689100e-01
6.898423528222278334e-01,7.514732436110891367e-01,2.198704946362138590e-01,6.830939254910762815e-01,4.184682703860829189e-01,7.026198967268015849e-01,7.211387381539537955e-01,8.108838211180239286e-01,6.814393083871237433e-01,9.261486971975501081e-01,7.839114077480724418e-01,7.464193816861199871e-01,9.598436156073497649e-01,4.693745350795023308e-01,0.000000000000000000e+00,-4.866650711098671755e-02,9.782396545445845026e-01,6.234659956056034513e-01,6.390270986303324685e-01,4.005715749027771722e-01,8.258517177045606728e-01,7.794386641514417478e-03,6.486552585154647943e-01,7.317986225178058080e-01,7.987783459705133371e-01,5.628375935015119680e-01,5.958701644689220478e-01,6.292728073267144229e-01,7.568909919081875382e-01,4.835160204056227484e-01,5.845103984830681831e-01,7.745165526024304636e-01,5.531365312825018560e-02,7.871689111262708538e-01,3.255312588481734659e-01,4.100169576883169742e-01,2.755147565834782375e-01,5.588540558711713180e-01,7.163472926432495891e-01,8.784778785780014143e-01,6.723614861081692595e-01,4.258304220334034884e-01,9.340040244302627581e-01,2.331640516132519880e-01,9.598339576513353899e-01,7.514715207694093735e-01,6.953131109513772667e-01,4.241036729202343758e-01,4.281537137976974550e-01,6.103241056075844329e-01,9.976593029841763771e-01,3.180498303664349158e-01,7.908334814788297029e-01,7.417993397088011864e-01,6.312748189809396226e-01,7.968329585139135585e-01,7.567520206214686240e-01,8.239064157513262820e-01,9.090340614672416386e-01,7.062363065767762738e-01,7.979638729372734440e-01,4.328080442558229768e-01,9.891884825059049646e-01,9.779303946462075681e-01,8.487683451482510577e-01,1.924826044566269323e-01,5.267781220379218476e-01,8.047084613927166785e-01,1.415012015823912395e-01,9.999413028756141131e-01,4.355657931521149662e-01,8.176035924523614717e-01,5.428547316732329486e-01,9.550581118369166900e-01,6.588418169032748128e-01,7.718812656668181393e-01,7.644678134911145895e-01,5.638471077057483072e-01,3.946313536082225459e-01,3.897227022405506114e-01,7.666723894557460062e-01,9.666981552637508024e-01,8.946293551015358503e-01,7.055743268865493079e-01,7.201523868908321635e-01
6.801600666580522869e-01,8.480206770076519351e-01,4.075057697468524309e-01,3.651369724218563317e-01,5.644458169049945129e-01,7.041446589119697563e-01,8.681966943510267473e-03,6.040607048992004957e-01,4.226321668585186764e-01,8.561967946508766136e-01,2.768894411044855453e-01,9.350664709847753553e-01,3.706444935161575249e-01,7.522825596087295841e-01,-4.866650711098671755e-02,0.000000000000000000e+00,3.345917441885908339e-01,5.802764471892996045e-01,5.109880012860238407e-01,8.351853890634773903e-01,8.767655071752693541e-01,8.649602894870940251e-01,3.949309805420226360e-01,9.566569208404541724e-01,5.381129971482486729e-01,6.565467068266588324e-01,8.517141048355231225e-01,6.573849389314411207e-01,5.532725926943999895e-01,4.693443082513040210e-01,8.293720880010414451e-03,8.545521346905727844e-01,3.391255153554042362e-02,7.801783226798545412e-01,6.600130609206529275e-01,2.476106517094577297e-01,6.333085550546135867e-02,6.881490554215232702e-01,3.681266710046626756e-01,9.467845926586807570e-01,7.887541228393536441e-01,8.880636547501623568e-01,8.241877179492272942e-01,7.351077349918109238e-01,6.629390779920540933e-01,7.832742091437521204e-01,7.454275817799398407e-01,-4.954885295852923255e-02,7.709987671290861044e-01,5.970102066494512583e-01,6.163802658952401980e-01,8.017584549100608138e-01,9.549271703978294834e-01,9.008113976924789768e-01,8.662663758582971330e-01,6.428346140219934890e-01,7.548488688143994985e-01,7.579004011339255387e-01,6.224545982514785303e-01,5.732459644109674235e-01,4.483681835184000763e-01,7.553415262126346175e-01,8.461521553511470728e-01,4.805002752320050030e-01,9.136245473252302407e-01,8.584377986299476238e-01,6.178860112423291140e-01,9.330732153416956276e-01,4.209445952505074806e-01,8.092603971200870161e-01,4.462219597980952579e-01,4.461129683806145385e-01,4.964784191464701735e-01,2.930729499643043301e-01,6.280129045374276409e-01,8.645139072364542709e-01,7.017747842593130558e-01,6.022883828740426271e-01,7.129588443618217752e-01,6.965909289276649430e-01,9.000319740093373211e-01,7.341400870305820892e-01,6.332391823221231730e-01,3.334659555792449659e-01,6.594134198768659694e-01
8.612496918956953351e-01,9.629694759611454602e-01,9.770977513440575191e-01,7.902483986584075693e-01,4.183756164731170513e-01,7.211323507619694650e-01,9.477823689080412395e-01,8.884550332571969911e-01,2.166767226421865145e-01,7.637784851984774637e-01,2.176937540010008276e-01,9.252198729185850956e-01,7.328458124335305301e-01,6.556142036556312780e-01,9.782396545445845026e-01,3.345917441885908339e-01,0.000000000000000000e+00,6.590875786205272480e-01,7.052541873700800545e-01,8.924472496289839185e-01,5.822550102215043877e-01,7.886138849047819033e-01,8.413119136194722181e-01,8.722528228239703196e-01,6.631491473140880277e-01,9.139507645211260023e-01,8.149569630959314637e-01,7.104846831522914075e-01,2.905412338934107441e-01,7.132660043105802927e-01,6.951381888132740494e-01,5.376208950708959433e-01,2.796015238443466666e-01,8.063616216985257656e-01,9.732860956639943772e-01,6.580790655628427910e-01,3.913753532737540008e-01,9.859894680868876993e-01,7.898489455355633959e-01,5.338690090369828667e-01,6.600596527760040910e-01,9.703650353781347881e-01,9.616583825340389025e-01,4.689143795577971896e-01,7.142631737773696976e-01,5.591537357449765100e-01,6.149364743992858928e-01,7.255752877874370732e-01,8.456774196086522810e-01,9.181507655077463248e-01,4.688492329984089158e-01,5.795906128806683766e-01,8.016693109142813967e-01,4.075422626178636931e-01,9.575670356157359731e-01,8.845875736842617743e-01,4.834844776470078043e-01,6.362262438482033655e-01,7.925625631568116169e-01,7.024675509000322116e-01,9.772327885131895098e-01,5.384040293006719935e-01,8.773303317059780726e-01,8.586021492838382674e-01,7.217600671112742727e-01,8.329177101598798094e-01,4.642778638499374666e-01,9.056519448146999052e-01,7.437331269357777552e-01,3.025157914964831107e-01,5.022558203502257568e-01,8.159436264838769715e-01,7.272993463591643781e-01,3.417672545608441137e-01,9.440469528272660282e-01,2.687792350228876970e-01,9.048806122801464902e-01,8.033528466115037459e-01,2.646842994328111459e-02,1.730084805672337800e-01,6.554003415963914614e-02,9.913386648265869461e-01,6.218655010550098172e-01,6.720764682713983307e-01,7.703375434903414476e-01
7.499034660706888067e-01,8.412599090870168661e-01,5.710185203505836471e-01,6.180120516888003568e-01,8.601391279959129665e-01,2.614671521478759142e-01,4.216961369564697915e-01,2.516625487807028771e-01,3.629910283689234962e-01,9.086055690287345721e-01,9.092929413916690518e-01,6.021472784604590123e-01,6.524754928734498582e-01,9.056002513662815279e-01,6.234659956056034513e-01,5.802764471892996045e-01,6.590875786205272480e-01,0.000000000000000000e+00,7.427649376246889812e-01,8.720193325397750383e-01,8.199537346061180898e-01,4.630639841875886509e-01,2.490971836712863596e-01,2.791847067190342813e-01,2.491468470910377653e-01,9.662537813430125411e-01,6.263971531051952812e-01,6.956843919547541777e-01,6.126791948644585428e-01,5.026808684303921693e-01,7.545933295896173343e-01,7.671219961380777441e-01,5.246216815376623099e-01,2.560283788575456465e-01,4.996807446911820105e-01,4.929253444257876704e-01,5.731711431854270566e-01,7.266535112165654064e-01,8.857639888235200321e-01,8.306274183499616770e-01,2.815374540284697469e-01,7.611075777314189050e-01,9.551781496785599623e-01,9.943282838296884085e-01,2.554746515632826398e-01,5.664603616822685428e-01,8.088370467369383476e-01,8.456302948146562359e-01,7.259297770667578753e-01,5.854648504616490889e-01,2.599013605997992360e-01,9.225432945885344571e-01,8.646624909296637407e-01,1.524739948262704425e-01,7.414366235963131269e-01,3.826345556732035913e-01,7.507522359126562739e-01,7.793801470356936933e-01,9.005594789640637421e-01,6.916937160485705505e-01,7.815857446526528474e-01,3.875876127886748179e-01,6.968327701451121348e-01,8.790959297305186437e-01,5.658882792765896896e-01,2.354426364911078040e-01,2.572097142602739472e-01,4.429311094256742631e-01,4.527950674640227047e-02,8.783526974617454908e-01,7.005768858125315246e-01,3.571002124679103495e-01,3.902848937676677288e-01,3.165263833580425068e-01,4.390469366379184391e-01,2.665500146950386395e-01,7.280338694295395152e-01,7.108809085988965215e-01,7.398968102144223291e-01,2.406553292718293657e-01,7.670710351167664420e-01,9.724185759475815205e-01,9.743735734800182957e-01,5.430893351681896908e-01,9.451968974962887682e-01
