0.000000000000000000e+00,9.617668301601937086e-01,9.445705432085894637e-01,8.707858291754823066e-01,9.308026400795716970e-01,7.234571572093076997e-01,4.122324092701463716e-01,9.861312961508902353e-01,5.798457709806210669e-01,9.726819052213544481e-01,9.790004446599580579e-01,9.666342661879372411e-01,4.943879160379891502e-01,5.317291913084044586e-01,9.128946262459515237e-01,7.836644150767139161e-01,7.428959314772950462e-01,7.574245654746850631e-01,6.198048001123029893e-01,8.462084764173926077e-01,7.376260378896295489e-01,4.740611559393411722e-01,7.975707655106523131e-01,4.113449053482457485e-01,9.398714214408441237e-01,4.120943449754502219e-01,9.319204836502065215e-01,7.113622824601133487e-01,7.985240162548872256e-01,6.100449073899244512e-01,5.043989857307498714e-02,8.266725567394498375e-01,5.617154668013264462e-01,4.778686146329664264e-01,3.613525556972336794e-01,9.397329605270519914e-02,5.672815681140789268e-01,2.682263324178654762e-01,9.583337826361243428e-01,8.610961098761074073e-01,3.871916248608613387e-01,4.022196137538059380e-01,8.322491137816607765e-01,7.448914397680174160e-01,8.957156680477545985e-01,6.007956865946866287e-01,7.823106201441496488e-01,8.764668582920692730e-01,6.947281019876252461e-01,9.260472698997339602e-01,9.474279839552323113e-01,8.079133850926961680e-01,2.152483430523711161e-01,3.517759523483793282e-01,3.181064120138298312e-01,8.809187292711114781e-01,8.604916304761461854e-01,4.440865698103523829e-01,6.060710669451956356e-01,2.446223462324156050e-01,6.245775192809472909e-01,9.832140666411874896e-01,6.852961274627841215e-01,9.696216228237790613e-01,8.736144612791637565e-01,6.525104488983291678e-03,9.183637523986589724e-01,6.358972262791373620e-01,5.797769387782905071e-01,2.416980060949520670e-01,6.918392209198930276e-01,7.510657677755399053e-01,3.820807852446364006e-01,5.527422730563706921e-01,9.964615414530896276e-01,8.048351372254431979e-01,5.877018763705594839e-01,9.904563566553575837e-01,7.761475563648571052e-01,-1.441348388607124886e-01,9.385409534842216184e-01,6.084761169524797175e-01,4.015122492141646182e-01,5.490898559911137067e-01,7.995370987463028545e-01
9.617668301601937086e-01,0.000000000000000000e+00,6.647045303857050946e-01,6.917448925871312326e-01,6.996780400399607025e-01,6.346227339522936273e-01,5.291603981493639974e-01,4.861088252604741644e-01,6.320774336350430955e-01,8.106555916797407724e-01,9.692389587376227800e-01,5.901973858334557121e-01,8.835944862992348714e-01,8.579969380429727233e-01,6.389254506624737484e-01,7.089682562810249999e-01,6.038336755580883120e-01,5.447430802318276033e-01,3.898289648983316869e-01,9.368293247698691317e-01,4.565107077372425048e-01,4.423478325060781757e-01,8.933872880210972367e-01,8.131542528742613518e-01,8.063336681915435067e-01,8.161040248724950041e-01,8.774048762534993884e-01,9.075816287509902436e-01,3.296482775528493114e-01,3.175949049553932757e-01,3.323869778019302723e-01,8.531203761856913648e-01,5.916787869486069829e-01,7.063049454500837099e-01,5.317985598558087057e-01,4.089559490021265620e-01,1.374256779768399939e-01,5.444161097904336444e-01,9.171979911284557918e-01,9.430707565744693710e-01,4.581364328065217761e-01,9.333070051578920001e-01,4.757664949676197463e-01,9.510581194063515431e-01,9.303829236151209825e-01,6.423563030541824537e-01,4.770048176555988229e-01,6.712340581043227949e-01,6.905599583717684231e-01,6.298379508260779636e-01,6.071549972308820653e-01,3.823862875845062681e-01,7.037344560667717630e-01,6.239279437903466619e-01,8.920354925774695021e-01,1.965122602953775152e-02,7.858173818502570684e-01,4.397445841776898012e-01,7.977341137478997091e-01,5.498209307882618857e-01,8.937875319287463816e-02,7.844435636125138833e-01,5.094660311613573578e-01,6.109080161956397248e-01,3.482165553809019043e-01,9.053809107103418796e-01,6.161212000027667113e-01,6.260745514091360375e-01,7.721231569052724453e-01,5.169846385593218629e-01,8.983734507357827859e-01,9.508226683576052052e-01,5.545585324255370985e-01,8.168733462827483249e-01,4.153745189204262056e-01,8.563749996968664790e-01,4.029578959771772384e-01,7.264476624491134071e-01,3.643084823444732168e-01,1.609282928461588935e-01,9.008552042248568759e-01,4.831618082901050215e-01,8.658722975394325116e-01,4.973557449794361318e-01,6.872082259489300515e-01
9.445705432085894637e-01,6.647045303857050946e-01,0.000000000000000000e+00,6.493812569277819247e-01,6.789276591891770796e-01,5.405463389414886244e-01,6.055087729861254875e-01,8.079049463153304966e-01,9.578405267293558234e-01,8.298202371175521508e-01,7.447780761140666561e-01,8.490435407298752013e-01,8.666192026809729221e-01,7.079554803467624780e-01,9.832775717751651712e-01,8.775566761200361832e-01,4.330829280808020654e-01,8.271337440243713424e-01,8.720144188386234063e-01,9.004455311459342859e-01,8.663597276379693124e-01,7.544658759044705620e-01,2.720096688422725673e-01,8.499093884030205492e-01,7.044770384184607659e-01,8.001289192703896491e-01,6.583837955422681132e-01,9.347341759309898412e-01,4.010954819003227367e-01,4.954617302571254767e-01,2.171154471565792665e-01,6.254099537492399108e-01,6.627031170795227855e-01,3.648242139872948098e-01,9.714959737352100166e-01,5.743535422072101326e-01,4.133693961580676146e-01,2.871752856445443092e-01,6.914699431455517686e-01,9.104009431546502551e-01,6.962830190359056148e-01,9.851899571158162505e-01,3.041188486536332627e-02,5.251609639650545169e-01,9.915209499742285715e-01,8.949886597164423696e-01,8.548149991016197324e-01,8.740526228574483358e-01,8.112124760282576341e-01,8.613935540737510665e-01,5.528429026668972845e-01,8.626549706707882237e-01,6.612041219527615699e-01,9.873996196523292523e-01,6.845477590362083475e-01,6.750245933996319447e-01,8.850089850542467440e-01,6.192079188856485228e-01,7.711658322845937885e-01,4.317044482207496037e-01,7.159843163276773115e-02,8.043743281350057561e-01,9.133644263028437571e-01,9.012545930438446984e-01,7.114299662902013877e-01,9.781901109784623127e-01,2.267133670573324711e-01,7.232596321496871372e-01,7.761488860243168642e-01,8.393711221876377637e-01,8.657574400050001007e-01,6.158742483103413212e-01,4.443242089018406005e-01,7.132702481689513485e-01,8.681455204487857902e-01,8.618511108080986194e-01,8.479677910427868559e-01,8.327850038940983746e-01,4.602039047703359032e-01,1.062645223753162088e-01,6.531284951355663670e-01,6.923781320087790681e-01,9.794541534928713489e-01,2.803234949890516248e-01,9.609586385223174432e-01
8.707858291754823066e-01,6.917448925871312326e-01,6.493812569277819247e-01,0.000000000000000000e+00,7.991732190682933057e-01,4.299051914846387379e-01,7.396468378626148699e-01,5.441623844070784255e-01,1.010995177923814659e-01,7.210119774412699911e-01,7.447546294144157253e-01,6.747164792198974137e-01,9.063209913300630527e-01,8.951338711081743282e-01,8.538551695069016567e-01,6.419051979303663780e-01,2.173344965709712862e-01,8.807466321245064345e-01,7.853446789662150707e-01,7.771130614662848934e-01,8.181722968011980734e-01,6.069199096643673741e-01,7.662960919667223259e-01,8.320447607538599133e-01,6.139647986548153469e-01,9.156173200476447338e-01,6.699958638444881709e-01,9.444952577400216320e-01,8.707773498605035911e-01,5.131524552934829675e-01,3.123519016195087650e-01,8.624122001704037643e-01,5.293884281934452263e-01,7.270236824822389199e-01,9.804584154689708342e-01,6.887820017473729184e-01,4.987060243930673820e-01,5.867679140586401498e-01,4.165040504648062081e-01,4.935764302764861222e-01,7.705924065234643905e-01,9.601527480351115251e-01,6.478465178881178677e-01,9.101177658132335591e-01,4.202879359477659227e-01,8.561784638333161945e-01,9.535123316975532282e-01,9.763282363960047450e-01,6.348533743703275167e-01,8.588196408718931085e-01,5.539020677603935239e-01,9.337748117948618809e-01,9.244001564854918973e-01,7.893556183531094117e-01,7.673070942326999377e-01,9.543169024851785309e-01,7.401374203335919777e-01,9.693666929129880483e-01,4.529540586645335321e-01,7.525266371394895293e-01,5.855848957833764690e-01,7.241270171046190196e-01,9.453394975401979705e-01,9.744528771565772463e-01,9.222231808134245812e-01,8.902024529907585082e-01,6.063622498966338981e-01,8.710391458430281064e-01,7.634159856796697285e-01,8.255259402489949494e-01,9.088819467927597984e-01,6.062790356706768691e-01,7.712977721130329645e-01,6.185566190602415082e-01,7.243838741101518153e-01,8.254489897718312319e-01,8.274049651804790129e-01,6.164804945144940485e-01,3.105228160105461543e-01,4.876597335749036088e-02,6.034982306986345080e-01,5.860516356838489926e-01,2.535792645066982098e-01,3.320403375220487563e-01,6.909000595872213379e-01
9.308026400795716970e-01,6.996780400399607025e-01,6.789276591891770796e-01,7.991732190682933057e-01,0.000000000000000000e+00,2.252201678640721183e-01,8.611793938333389686e-01,7.001991033275775100e-01,4.573425979589302859e-01,7.681803529618326243e-01,5.887879503456265873e-01,9.966515442082916065e-01,8.987158580212097903e-01,8.202164638418498743e-01,7.675300580215158597e-01,7.001382789851017252e-01,8.058774805754984616e-01,7.872833401592631564e-01,4.798918574982917740e-01,5.413383071891080256e-01,8.930768445210770512e-01,8.422893565537955540e-01,9.813101203178794529e-01,8.670717631843953832e-01,8.282318132277877165e-01,9.387725799465465037e-01,8.855423794077396105e-01,8.055159309396001666e-01,6.982728275758838254e-01,6.948575550482708474e-01,3.153241321749644666e-01,5.428042499360705708e-01,5.982044637892415251e-01,4.054845280515418926e-01,2.926489790462490359e-01,1.883754620202877650e-01,2.157729826008478180e-01,6.945858552318944223e-01,9.239741728238983764e-01,8.727294552889643953e-01,8.011963839797892062e-01,6.516395911896639692e-01,7.430483191982844016e-01,6.007112793933744310e-01,6.053500451168785101e-01,6.391340950223269868e-01,6.097403039585642670e-01,9.940469638932506458e-01,5.180309301268892774e-01,7.861197403227853098e-01,5.283584288127466388e-01,8.632645905224173299e-01,5.480483416601139579e-01,9.952511783817803437e-01,4.825313616912639270e-01,4.395529204379886035e-01,7.971208016168506161e-01,3.013933663167094323e-01,9.486518022438119591e-01,4.236789941524256586e-01,3.433214266551245508e-01,9.484095818099198549e-01,7.015752602083950018e-01,8.162927358690513779e-01,6.891648549454201245e-01,7.263011990008355623e-01,4.628291412489357604e-01,9.851971411433170234e-01,7.914967861114970971e-01,9.705936983231507886e-01,6.879247817483403749e-01,9.601263581863569430e-01,2.278464705805054516e-02,5.023148985919216880e-01,9.626955138361140696e-01,8.833664560598780691e-01,5.143184008742118785e-01,7.882576702073691433e-01,5.548659162268492206e-01,2.670583153339305960e-01,8.654535675643856285e-01,7.025350207280550707e-01,6.356753480490362485e-01,3.046419087435404127e-01,6.292933709170033252e-01
7.234571572093076997e-01,6.346227339522936273e-01,5.405463389414886244e-01,4.299051914846387379e-01,2.252201678640721183e-01,0.000000000000000000e+00,7.806586919326058416e-01,7.977010252048445382e-01,6.300486540061808194e-01,7.218432334815086948e-01,9.343177720030078071e-01,9.074444093003450895e-01,7.118210308816581566e-01,6.473389523249512001e-01,9.076117529517260252e-01,8.426630319280165038e-01,9.038786719466784803e-01,5.046285517448323432e-01,7.093498813267797853e-01,8.501329870749979589e-01,5.293836020536787368e-01,9.305160278786694938e-01,8.097956009693840773e-01,9.351301064404120567e-01,8.665085321039115440e-01,4.221363743491987064e-01,9.199903201756902682e-01,6.642457974013318278e-01,8.273264464719775058e-01,3.897228303632634949e-01,2.120887660585720202e-01,8.469048423389675673e-01,8.912542236273544027e-01,9.982397557224970130e-01,7.285758029588367268e-01,2.404517554463271589e-01,2.300044744562981247e-01,2.912247393875973533e-01,7.371545334615009493e-01,8.124804494005649635e-01,3.831361573634006201e-01,5.874565279865223699e-01,6.227291623830645273e-01,-2.417715389286997918e-02,9.791670735071813514e-01,4.544791658577022608e-01,6.770165667313847724e-01,6.447548494275899822e-01,3.257873923674881045e-02,4.659098193138068167e-01,6.510834319386027413e-01,1.982272195107971091e-01,2.675225564797654165e-01,3.978181712605393661e-01,6.611502578422784326e-01,8.466797669430451423e-01,7.536012229654321937e-01,8.467006525634543923e-01,8.157637865745784866e-01,7.600123131669813681e-01,1.590701252473370741e-01,5.943373590456125788e-01,6.459626211092431292e-02,8.098350227662860501e-01,8.272482264713973965e-01,5.988422416327650044e-01,6.920143605349040605e-01,8.231695882094953731e-01,2.543747995344846080e-01,5.624661340055849834e-01,6.816293037839533664e-01,9.457640792944479458e-01,6.154255242255171066e-01,5.757995577801715559e-01,8.875298558288156059e-01,7.120621042448564975e-01,6.301915304602055956e-01,4.807842540227429962e-01,7.395473292500289730e-01,3.273271092866777421e-01,5.671324251168020636e-01,6.755091323360474798e-01,7.596875128100126773e-01,5.007420958596828786e-01,6.827549158121526407e-01
4.122324092701463716e-01,5.291603981493639974e-01,6.055087729861254875e-01,7.396468378626148699e-01,8.611793938333389686e-01,7.806586919326058416e-01,0.000000000000000000e+00,6.728529252622944545e-01,8.369303115706256957e-01,6.496830307494704249e-01,6.851585063328602399e-01,6.780425305743418285e-01,7.841170661018350696e-01,1.323033709523133705e-01,4.070079346806991794e-01,1.987816390659821186e-01,8.327950810650628366e-01,4.341696385197115760e-01,7.613229576750107919e-01,9.305336296747879210e-01,3.859402635330740905e-01,6.371631296140283229e-01,5.200534828725307257e-01,8.690884736021521340e-01,8.157721893708961280e-01,6.366844136962545031e-01,7.549144100964996218e-01,7.542667088060985847e-01,6.469134940763336949e-01,6.671427917203917035e-01,4.633973525546760674e-01,7.040814746083449149e-01,4.395172516365224991e-01,4.480290414500388008e-01,4.473632987777717562e-01,5.695001326310256129e-01,4.516805261813565675e-01,6.569318737386644624e-01,7.207150277455498522e-01,2.280389282136636442e-01,5.319469480495101488e-01,3.356411160423692364e-01,8.382649395815641169e-01,5.482688953261262155e-01,7.608538366042825185e-01,7.836331774624782920e-01,2.134464643235732262e-01,4.806195718747925394e-01,9.574088688753951137e-01,3.000974483465267961e-01,8.695557958396552545e-01,6.959738056743012269e-01,7.546369909079946314e-01,5.450341369564331018e-01,7.939738895891634840e-01,4.891465190450794420e-01,7.301559764704382838e-01,2.159357443249787789e-01,6.828040516427407169e-01,5.715139643922579893e-01,5.546915917374612981e-01,8.591089466583299306e-01,4.771283618331307874e-01,9.471497482394728440e-01,6.089647117020071665e-01,7.496540202544013098e-01,4.213304177198962108e-01,8.149421902999786083e-01,5.506484649186821345e-01,1.610902368149938479e-01,6.854120013459049643e-01,2.154377505420246308e-03,3.689330141430948728e-01,3.395311548588179074e-01,6.695245757208336812e-01,3.515501983538021208e-02,7.273732556446330655e-01,3.385675006905703999e-01,6.174604818884130708e-01,4.558445919848349015e-01,7.687859102862234506e-01,7.524140141530591963e-01,6.920678875707476640e-01,5.481365943782441352e-01,3.851779770389376911e-01
9.861312961508902353e-01,4.861088252604741644e-01,8.079049463153304966e-01,5.441623844070784255e-01,7.001991033275775100e-01,7.977010252048445382e-01,6.728529252622944545e-01,0.000000000000000000e+00,9.420037204706259715e-01,2.711335721509257057e-01,3.122428969814288746e-01,6.468987974765261217e-01,5.695800585914831959e-01,5.872190629993775390e-01,6.159188341840751701e-02,6.917927688029515965e-01,8.386178740224264905e-01,7.144066573526262065e-01,6.257134094421015202e-01,4.968995503751001408e-01,8.398019259380442580e-01,6.553817805736390500e-01,5.680512659688805588e-01,8.289701193951379832e-01,7.377050917905503269e-01,6.424129707626722308e-01,1.517647686906894167e-01,7.809129904050983173e-01,3.337263757724456825e-01,6.952898204374579061e-01,6.620934816897948438e-02,6.822017617777869081e-01,3.405489751364345619e-01,6.293540641000516800e-01,5.649045815734347054e-01,7.457322266655819210e-01,5.775795514929047414e-01,6.702269726836421748e-01,3.426549463573934640e-01,4.182292827324219364e-01,2.025819838938544559e-01,6.428676069639235324e-01,9.182937363594131375e-01,6.287381797059300448e-01,2.007241173425578507e-01,6.614162350667581736e-01,7.894637644356599093e-01,4.256695270364398986e-01,3.775721722597878416e-01,2.224106192354919631e-01,5.749416321303930655e-01,2.183964319342330263e-01,7.641216841006082117e-01,9.240881063225339087e-01,9.185773878062772901e-01,8.436651423083516566e-01,6.232485652865582537e-01,8.520987722442714407e-01,6.485379088848627349e-01,2.714500236626861129e-01,5.147619824450501147e-01,4.112006496961647661e-01,4.592714662731116615e-01,9.415918311209912073e-01,2.902717099235103682e-01,8.805635777399386521e-01,6.164680540157797539e-01,8.308999529372594894e-01,3.283387118584267239e-01,5.331701976093825568e-01,5.839649382243141673e-01,3.802272381732714202e-01,5.926213678203251511e-01,6.592610120042308175e-01,9.591046737821489199e-01,8.502621211342011875e-01,9.858428866407693558e-01,5.572618999477310098e-01,7.822533131179141286e-01,3.064135280138523543e-01,5.935199010642584483e-01,2.824937547102954749e-01,9.520447453967905149e-01,3.028235349724434644e-01,7.059036729093784990e-01
5.798457709806210669e-01,6.320774336350430955e-01,9.578405267293558234e-01,1.010995177923814659e-01,4.573425979589302859e-01,6.300486540061808194e-01,8.369303115706256957e-01,9.420037204706259715e-01,0.000000000000000000e+00,5.050140318283526941e-01,6.161088724807743944e-01,9.488127276743021365e-01,2.132111716834839965e-01,6.732006690954247530e-01,8.549044640962053521e-01,6.523285747233853460e-02,5.238181808420258045e-01,6.875826332202394919e-01,6.986238208238972902e-01,5.410065191708849364e-01,9.889918535568560376e-01,5.577345192552696229e-01,6.038217224113797688e-01,8.357990958743009013e-01,5.901668756362378199e-01,4.668621110398640250e-01,9.807314469129807533e-01,9.726398924448315109e-01,6.216544638224712482e-01,5.075561733698571443e-01,3.692859566772944691e-01,7.176468847765000714e-01,7.005605709503137657e-01,8.183710293403317904e-01,5.164095793221684660e-01,5.365925531076849442e-01,3.003327599355778976e-01,5.998727479265193452e-01,9.309940489707515532e-01,6.911764317728733564e-01,3.352462277920805755e-01,6.020198838414517750e-01,7.403209972973362474e-01,4.870427627117345226e-01,7.999330837488179968e-01,7.309392240550733888e-01,6.662289995783994279e-01,8.812361922363647349e-01,9.647627767203015292e-01,3.462360039012100654e-01,7.587366686678751471e-01,4.230892027311575210e-01,8.396379800221529521e-01,5.192640453777733200e-02,7.667939459524095724e-01,6.210684992182963216e-01,4.688618532654250659e-01,9.651375771941903547e-01,3.291953236020854767e-01,2.488653481695939917e-01,4.265445229181096254e-01,9.582686390444303814e-01,5.211595252307146264e-01,5.639919356990750199e-01,9.691699836112293021e-01,7.382451596676621319e-01,2.827838301210416350e-01,9.442906473518990484e-01,7.400404475697083262e-01,8.173683725688495327e-01,7.103032965446538505e-01,7.352966064971530047e-01,6.535763001612738821e-01,5.809497510994827973e-02,2.485137642067561659e-01,9.565489057920687488e-01,6.452601217540671064e-01,9.822071621153973808e-01,7.735067443319643132e-01,4.749107200848206034e-01,2.375364721995593675e-01,7.667517147447044934e-01,8.121994259011553474e-01,5.633078223034351240e-01,8.828050867711240146e-01
9.726819052213544481e-01,8.106555916797407724e-01,8.298202371175521508e-01,7.210119774412699911e-01,7.681803529618326243e-01,7.218432334815086948e-01,6.496830307494704249e-01,2.711335721509257057e-01,5.050140318283526941e-01,0.000000000000000000e+00,9.215101843055433228e-01,8.102764195976833728e-01,4.266453662273678171e-01,5.472862805013731791e-01,5.573660498098298444e-01,4.018639835589138953e-01,7.648802589862399026e-01,8.694916339060159149e-01,8.509857409386987204e-01,7.774788639841780924e-01,9.521085769825949896e-01,4.032270898893824396e-01,7.079152069297179883e-01,5.527772359009412995e-01,4.015442563960885947e-01,2.287445011940855422e-01,4.394509051879029737e-01,4.779044611900082895e-01,3.572141379102853481e-02,7.397596203726206632e-01,1.603064797134643171e-01,3.605203300061771698e-01,8.793324703326814706e-01,6.245407791763570859e-01,5.987648350535096364e-01,3.059440193421871235e-01,2.334267880034546772e-01,5.649969668498904252e-01,7.594698275842695079e-01,7.205559667115191136e-01,5.681537083674107480e-01,1.650496639434110013e-01,3.375499230863232558e-02,6.612132625191173840e-01,7.387445354560375765e-01,9.268695030356786102e-01,6.459403853619383185e-01,2.620695145409088211e-01,4.776206378011291220e-01,2.014461483551928389e-02,6.034868276608151838e-01,7.011796256532029092e-01,7.080083052267587274e-01,7.345398330710811718e-01,7.119532013016949268e-01,9.628626509138245027e-01,8.728146109731080848e-01,9.225666072350109381e-01,4.825302087512460258e-01,9.783198885046321402e-01,3.485888999312953818e-01,6.233594988864759046e-01,5.811426717707307565e-01,9.422322308169872596e-01,9.136079205399925129e-01,3.453445840064289785e-01,9.409009139637469765e-01,9.567626994585227695e-01,8.061283365277664981e-01,2.767081125069905667e-01,9.158889788347506222e-01,7.560296406042802397e-01,1.340286850369228344e-01,8.648777903042328963e-02,7.125057963196393951e-01,3.346344814816073487e-01,9.366244666013754383e-01,3.550436337660557995e-01,3.958096496708706225e-01,2.369347631700058354e-01,5.012465572192573715e-01,9.776323939795698026e-01,6.985069144748785597e-01,9.736273381889876122e-01,4.689497102064672518e-01
9.790004446599580579e-01,9.692389587376227800e-01,7.447780761140666561e-01,7.447546294144157253e-01,5.887879503456265873e-01,9.343177720030078071e-01,6.851585063328602399e-01,3.122428969814288746e-01,6.161088724807743944e-01,9.215101843055433228e-01,0.000000000000000000e+00,6.305794983489099170e-01,6.485968675391046157e-01,8.311496364034559603e-01,8.783459425160689005e-01,3.988510948990722227e-01,6.148105604554797710e-01,7.772027173488350593e-01,6.939709787574437350e-01,8.771958056466739873e-01,9.304227261204779387e-01,7.089143481106258138e-01,6.249837150884101078e-01,2.053657280511404504e-01,4.099874050955285565e-01,4.636208324811851300e-01,9.162579017980891916e-01,5.363809256053105878e-01,2.448094261172493735e-01,7.448086471542409992e-01,2.807942614164173900e-01,6.481066675658833098e-01,8.472413532404650116e-01,6.508014240598561928e-01,6.725178810568466573e-03,3.112040164963380540e-01,2.005569647250665111e-01,2.958989542743547529e-01,6.144763300192779276e-01,2.636334542533022018e-01,2.678714639231927763e-01,8.426029030558392918e-01,8.518113044101111031e-01,8.078672712925494270e-01,8.321151828877513257e-01,4.908249370316319360e-01,6.671939536733304532e-01,2.852067674781522122e-01,7.687201604452529313e-01,8.770483311066363807e-01,5.857044141340168597e-01,4.405453093343758009e-01,6.720054949383948983e-01,5.220091845786620777e-01,6.324704158751811578e-01,4.319031448732375544e-01,6.134432089269145072e-01,5.345156552160222896e-01,1.492373874198396899e-01,5.751193928289315416e-01,5.768031614236999172e-01,6.443201557115663114e-01,4.383160964808166526e-01,7.729797115804095675e-01,8.267180048099072032e-01,5.407675826280995413e-01,9.706102607212825362e-01,8.858594631243168482e-01,5.511010757143627314e-01,4.373656678345611004e-01,8.249961214996571757e-01,5.506260877716792068e-01,5.565458234881397459e-01,5.769320172803401592e-01,2.472718771809447047e-01,6.821643783462435495e-01,7.325720712503041021e-01,4.046085112779331250e-01,2.506578618992369445e-01,2.543703180186610568e-01,8.681268826034188590e-01,8.622529991663178128e-01,6.289664350325252506e-01,-1.989222117042153126e-01,2.196085161361320814e-01
9.666342661879372411e-01,5.901973858334557121e-01,8.490435407298752013e-01,6.747164792198974137e-01,9.966515442082916065e-01,9.074444093003450895e-01,6.780425305743418285e-01,6.468987974765261217e-01,9.488127276743021365e-01,8.102764195976833728e-01,6.305794983489099170e-01,0.000000000000000000e+00,6.048152365802510477e-01,2.058272739720304056e-01,6.212637844615834237e-02,9.289983344368528684e-01,9.023456337139148520e-01,4.425138145852139937e-01,4.606720719233370898e-01,5.444142872064521299e-01,6.886359766919580849e-01,2.821548965412364884e-01,7.762081836523752054e-01,7.831155287220968875e-01,5.086076665371797034e-01,8.738735282003272653e-01,2.648134420002082323e-01,8.736719629846009250e-01,6.836559675619310328e-01,7.682700023044157778e-01,4.614274100165223214e-01,6.722069002348740607e-01,9.509193108886696555e-01,8.859409099707168389e-01,4.013812398161201722e-01,4.002615372157193319e-01,4.663483832515691874e-01,4.603293698109459098e-01,8.009233868753838914e-01,5.002139104956684346e-01,7.873368386843765387e-01,7.374313585135989779e-01,8.666795738534677218e-01,4.450543717663724141e-01,6.941249031458350816e-01,7.121957071310442977e-01,4.419073151765893770e-01,1.971113774544699590e-02,1.802113498262299385e-01,6.397859780037518096e-01,7.862502904177547380e-01,6.279753859644000569e-01,7.540317979416251148e-01,7.453731798785550033e-01,9.557193224101964146e-01,9.351480277007736541e-01,7.184629374745636898e-01,5.600451403822672702e-01,9.855440493450896566e-01,6.707794837067197757e-02,3.795572934006579691e-01,2.958206967634720297e-02,8.956364798595483068e-01,7.226604727278085338e-01,4.448334765742433805e-01,4.949955478341038217e-01,8.116683911101606475e-01,7.909020719776225228e-01,6.373220821092129285e-01,6.332452331435303172e-01,8.585337719900858477e-01,7.683180577772480424e-01,5.179974328740957201e-01,4.894935400820434324e-01,4.373836893199583020e-01,9.104446821226669373e-01,6.447119646622312406e-01,7.597620311120845127e-01,6.825965446220733090e-01,4.111532260244045167e-01,6.223380378411516034e-01,8.804550245401248088e-01,8.505751621853656630e-01,7.435535565083517540e-01,6.234785102608777496e-01
4.943879160379891502e-01,8.835944862992348714e-01,8.666192026809729221e-01,9.063209913300630527e-01,8.987158580212097903e-01,7.118210308816581566e-01,7.841170661018350696e-01,5.695800585914831959e-01,2.132111716834839965e-01,4.266453662273678171e-01,6.485968675391046157e-01,6.048152365802510477e-01,0.000000000000000000e+00,6.037358133520605019e-01,9.731853371996491697e-01,2.246494518150057296e-01,6.776609728818969725e-01,6.986349595174271565e-01,6.840265802512879301e-01,6.403491208501381760e-01,8.746846871839361048e-01,8.372689474465541126e-01,8.636470162007116036e-01,8.463238322428916494e-01,7.540406769541359022e-01,7.004207692216968262e-01,7.507097935835953528e-01,2.524122511272568481e-01,6.266555271708194041e-01,6.801128102935362074e-01,1.106864263440935914e-01,7.992251175651290396e-01,6.426534560488781356e-01,6.692097177324045632e-01,7.064032829149083925e-01,5.062359623241647899e-01,4.017268808121028656e-02,9.846754391569518816e-01,9.256686184235543013e-01,7.483815856074533812e-01,9.593994031521937416e-01,6.553573887173858026e-01,8.038235965010233075e-01,-2.992325819622790317e-02,4.762574776438456836e-01,9.162094738222624768e-01,4.189153884959556651e-01,7.429358048450955820e-01,8.276714709732713171e-01,8.405442809571858076e-01,6.549887742665444490e-01,8.979869900141733696e-01,9.070145491893990553e-01,5.963033746599927243e-01,7.631440831842072336e-01,5.541676186671413706e-01,5.805839027823892495e-01,9.185392036955085659e-01,5.360020494477395481e-01,4.132394084553137059e-01,5.211537302697438756e-01,7.940382751045953480e-01,8.463863281161461138e-01,6.938180571914224215e-01,7.454317042441478414e-01,9.518533480787289003e-01,7.198019978273212383e-01,5.163888870033109812e-01,6.672862365119512917e-01,8.630872445437299811e-01,8.050412299372540215e-01,9.323623124345884472e-01,5.603031317736931749e-01,6.015095554963300062e-01,6.749284536557973446e-01,9.526146160071208291e-01,8.790567573607663832e-01,6.664845574691532493e-01,3.832509153211416386e-01,6.931339508325488064e-01,6.035874766084136089e-01,9.716454758816184256e-01,2.068021320714379663e-01,5.364084401497872800e-01,6.959532544394686493e-01
5.317291913084044586e-01,8.579969380429727233e-01,7.079554803467624780e-01,8.951338711081743282e-01,8.202164638418498743e-01,6.473389523249512001e-01,1.323033709523133705e-01,5.872190629993775390e-01,6.732006690954247530e-01,5.472862805013731791e-01,8.311496364034559603e-01,2.058272739720304056e-01,6.037358133520605019e-01,0.000000000000000000e+00,3.694662887084337322e-01,8.827002289093586196e-01,3.106840826482933360e-01,8.939526894598619489e-01,8.976961162878853706e-01,5.876625447795778001e-01,7.104346029451777955e-01,9.494181882005386930e-01,5.932557849612702938e-01,7.606268599436966094e-01,6.352280529428491196e-01,3.792732179050207764e-01,3.876608762148233689e-01,1.319304866989641327e-02,1.174705619523816885e-01,4.922104970482978348e-01,3.403485819151512715e-01,7.351522906626315468e-01,2.390523283748549055e-01,7.284537201692525832e-01,6.824986894778022339e-01,2.600419622642584638e-01,2.043669939655022583e-01,8.452089920205319018e-01,9.977159981121276333e-01,8.770559571118864417e-01,3.766704524549868704e-01,6.144192982253505741e-01,6.019934778628709404e-01,4.570742357774918441e-01,4.541971833373693035e-01,7.623738255966853172e-01,4.235851059844811806e-01,5.253689992050371016e-01,5.344912144289316602e-01,7.577107410720436420e-02,7.263578699362993607e-01,4.462096029300521849e-01,2.937472175995101686e-01,5.623596897464268052e-01,1.598171634286427445e-01,8.117568635984424574e-01,4.366593023172500865e-01,9.047294829344325606e-01,9.194137108697768568e-01,4.467276193582703780e-01,5.177728263550158694e-01,8.143791628584169384e-01,9.791494921495776937e-01,7.407492666564998718e-01,8.347138873839684559e-01,8.877297239901247305e-01,7.964252347291080891e-01,7.279206877762944838e-01,7.929515076943269847e-01,7.196183116518010126e-01,9.174287295290263211e-01,4.986389334190475392e-02,7.167874144122581281e-01,6.555979291455064084e-01,5.515991842487655283e-01,9.645680138871103038e-02,5.410948323445337049e-01,4.041471513734802290e-01,3.829482730664683920e-01,2.361796672850434153e-01,8.292848635945002655e-01,6.632718815964409043e-01,2.342064645021733615e-01,3.569532773838434148e-01,6.598041508155242374e-01
9.128946262459515237e-01,6.389254506624737484e-01,9.832775717751651712e-01,8.538551695069016567e-01,7.675300580215158597e-01,9.076117529517260252e-01,4.070079346806991794e-01,6.159188341840751701e-02,8.549044640962053521e-01,5.573660498098298444e-01,8.783459425160689005e-01,6.212637844615834237e-02,9.731853371996491697e-01,3.694662887084337322e-01,0.000000000000000000e+00,8.189287328506392738e-01,9.673862680361973165e-01,9.588432678992352409e-01,5.544804006407587638e-01,8.078010737292693477e-01,7.324109537837668604e-01,5.215758286139533517e-01,6.470971504265725649e-01,8.314398802344497019e-01,8.950216551569298851e-01,2.276293749908443187e-01,8.100757391964569232e-01,5.497731724396381914e-01,2.810171181005659546e-01,4.782697346972303309e-01,5.455804024665634744e-01,3.576965308884152983e-01,6.837971817545632769e-01,5.610087963706701375e-01,1.329736042270001084e-01,7.084328712412629736e-01,1.354183790437551715e-01,3.188013542358283381e-01,9.293197203903643677e-01,8.313743111532669872e-01,7.563767698511322246e-01,8.837647199005951304e-01,8.087114690930550243e-01,7.334432079649304548e-01,8.989207149500612060e-01,9.125127737103795322e-01,4.545834169472252051e-01,5.507342074957817246e-01,8.337112947015314912e-01,6.780962703637801736e-01,6.336444026759086023e-01,6.696046199379204200e-01,7.894409079658661899e-01,7.785206117981753327e-01,8.399292196437898594e-01,7.763543594703994355e-01,5.622452955857147883e-01,8.666193864189832841e-01,7.603130559344415396e-01,2.791019479786455704e-01,5.893287551297347049e-01,3.339383671223044026e-01,4.119890259364520357e-01,7.870803170546794014e-01,8.237613783129948963e-01,8.173804383168526977e-01,4.717917372787699959e-01,6.639524195758582659e-01,5.900000808591813195e-01,8.472432889953445123e-01,8.977990434813963860e-01,7.173748983336020180e-01,5.305001665352925277e-01,6.305003968754777643e-01,4.618490118319285020e-01,5.222648299508940717e-01,7.451801169129065316e-01,6.411562386636074362e-02,4.811094291721821348e-01,3.858440717082057825e-01,2.243464598737902327e-01,7.697046782362956252e-01,8.367980336308609157e-01,6.837101237924025909e-01,8.719869037982694859e-01
7.836644150767139161e-01,7.089682562810249999e-01,8.775566761200361832e-01,6.419051979303663780e-01,7.001382789851017252e-01,8.426630319280165038e-01,1.987816390659821186e-01,6.917927688029515965e-01,6.523285747233853460e-02,4.018639835589138953e-01,3.988510948990722227e-01,9.289983344368528684e-01,2.246494518150057296e-01,8.827002289093586196e-01,8.189287328506392738e-01,0.000000000000000000e+00,4.311477859239850607e-01,5.257803901205766461e-01,3.042188562483481018e-01,8.930278926880687029e-01,5.958714736770915898e-01,3.022478697999457786e-01,4.803847038075479414e-01,3.101476087259833481e-01,4.671279234740804281e-02,9.695628138066970658e-01,6.313611123134836856e-01,9.203111535914390018e-01,7.926597413272006010e-02,4.461356397538462359e-01,4.346293762439074060e-01,2.083011017368078810e-01,-1.346009242932896255e-01,6.689187903468449825e-01,6.647494734747162459e-01,4.993369532910001407e-01,2.753439987785484266e-01,4.846990316264829790e-01,9.082738292181926631e-01,9.245680561307609846e-01,3.037479579512811223e-01,6.952396202110894263e-01,8.021489340167804460e-01,6.883840906669328463e-01,8.737915044023252253e-01,3.753755429635220464e-01,7.481570713702125897e-01,8.862936202026046040e-01,9.501774497125909935e-01,3.883090967120730874e-01,9.386221580605997872e-01,6.296755164721283826e-01,7.144636466735619917e-01,4.885863980990008681e-02,1.703409582880923909e-02,4.245544221053568767e-01,5.502782584706648050e-01,9.599176138145090187e-01,6.445837844908013370e-01,5.888448152689352844e-01,6.189506348072293385e-01,5.980776706417827437e-01,6.166715995283029716e-01,7.800103611827513550e-01,8.637076717592352404e-01,9.117283169652554697e-01,5.119762470843020052e-01,5.243130428516423747e-01,2.620892486788690690e-01,6.739802869036786159e-01,9.390716395852414244e-01,4.561781132194982491e-01,5.060916875129691794e-01,9.367488635311467526e-02,6.800134640516988238e-01,8.526996230117942499e-01,8.772112038224678665e-01,7.509581579239346105e-01,7.923329900313660912e-02,4.730333429031032821e-01,6.877633831554201826e-01,9.773545537315722065e-01,8.056566878511370877e-01,4.318024616508265856e-01,7.794728386680396248e-01
7.428959314772950462e-01,6.038336755580883120e-01,4.330829280808020654e-01,2.173344965709712862e-01,8.058774805754984616e-01,9.038786719466784803e-01,8.327950810650628366e-01,8.386178740224264905e-01,5.238181808420258045e-01,7.648802589862399026e-01,6.148105604554797710e-01,9.023456337139148520e-01,6.776609728818969725e-01,3.106840826482933360e-01,9.673862680361973165e-01,4.311477859239850607e-01,0.000000000000000000e+00,4.691816242975062612e-01,4.813946354796194149e-01,6.167693980264765674e-01,9.252627868915568321e-01,8.742210729666447522e-01,6.623733989527742505e-01,9.575150693232068466e-01,8.755722724686640923e-01,6.168697558825698701e-01,4.331751648145963918e-01,6.164304557038049470e-01,5.902473802209152742e-01,3.644854863006145584e-01,-7.697919677261372273e-02,6.471138490162446910e-01,8.707181798328206268e-01,7.154278100509655625e-01,4.450286241960433320e-01,2.295927817675662841e-01,4.754087709467051948e-01,9.976199040187430089e-01,8.001644912959530176e-01,6.440191082124859800e-01,5.103337560252999561e-01,9.494742220127906362e-01,6.595211913657498259e-01,6.412327622610819455e-01,9.098201992575372099e-01,8.768081151694593345e-01,7.485792793236689668e-01,8.344018088671936173e-01,6.979243617105097552e-01,5.530273778810279595e-01,6.625568296477779562e-01,8.372015196369171353e-01,7.135449116882244258e-01,8.099747623257399498e-01,9.778569519686364231e-01,7.871358659967373494e-01,9.519454766899665410e-01,8.136821991907943197e-01,4.425886127560008654e-01,3.999067448838236061e-01,5.903469383918533708e-01,6.760218882921981143e-01,9.802011884903742978e-01,6.436077967161598634e-01,8.463703299303657612e-01,3.710196360268427224e-02,5.488068800128378388e-01,8.942353619908568474e-01,7.462651494770186078e-01,6.107708394408094543e-01,4.137679324463231501e-01,6.316777819605483568e-01,6.130776678916872724e-01,3.930263835396362593e-01,7.871327903013717320e-01,7.854462334402654289e-01,9.870220877257878112e-01,7.005121508698296529e-01,-7.361054983735293433e-03,1.555235613642743930e-01,9.261818401270600631e-01,9.630932344231404318e-01,4.104723300360318961e-01,6.687172328393601317e-01,7.377182829796267161e-01
7.574245654746850631e-01,5.447430802318276033e-01,8.271337440243713424e-01,8.807466321245064345e-01,7.872833401592631564e-01,5.046285517448323432e-01,4.341696385197115760e-01,7.144066573526262065e-01,6.875826332202394919e-01,8.694916339060159149e-01,7.772027173488350593e-01,4.425138145852139937e-01,6.986349595174271565e-01,8.939526894598619489e-01,9.588432678992352409e-01,5.257803901205766461e-01,4.691816242975062612e-01,0.000000000000000000e+00,2.876540408215284561e-01,9.441176318334582040e-01,6.893687343903238673e-01,7.755069322952353739e-01,6.752125284552574769e-01,6.684207736855821702e-01,4.568880826848628618e-01,5.560283620357381329e-01,4.624346334168902839e-01,3.417429024457185882e-01,6.779038740143785713e-01,4.723703808632072065e-01,7.818171469369008530e-01,9.103327577241695501e-01,4.566147763560811645e-01,9.498168159721149806e-01,3.731056085414189427e-01,4.166960953356262792e-02,4.379833304208429617e-02,6.298989721255493501e-01,9.250765732489945048e-01,5.477489729657419870e-01,6.927153524140384766e-01,9.188568749950175585e-01,8.819844120817011968e-01,8.168415764289307379e-01,8.520699031987446492e-01,8.627014282408282941e-01,6.843663575951813849e-01,3.557493495210793943e-01,8.482163599418204303e-01,5.239945255118906298e-01,5.651260797484775056e-01,3.758113537560993089e-01,7.355890282912973532e-01,9.357692188884589868e-01,8.704364430795564767e-01,9.989124043587640500e-01,6.377738672483960203e-01,5.319721563988635271e-01,8.401267731516715020e-01,7.962183931603489251e-01,4.497960135837610895e-01,3.830730057685202139e-01,7.928419651812949054e-01,7.327878040545973137e-01,9.341187456698065716e-01,7.052447692360888087e-01,3.279740537227542885e-01,7.281496566543271820e-01,5.572207767132827394e-01,4.206765830083779578e-01,1.568672534122894646e-01,7.952978472073484184e-01,2.604654057257902444e-01,6.578769254213014950e-01,6.170669169574774515e-02,4.505589568979017634e-01,2.081981605283415027e-01,6.879310279079100532e-01,4.157610744266084790e-01,3.081665445294819450e-01,8.422876210126497565e-01,6.798945700937311098e-01,9.736496397756561061e-01,6.492285636855321673e-01,8.591934875447682085e-01
