0.000000000000000000e+00,8.649274843260730261e-01,2.240635677678748106e-01,6.885886083099731492e-01,9.484340679176005429e-01,9.192440178331175993e-01,7.838906459307521946e-01,9.501077508392484772e-01,4.092952916057853718e-01,9.146922094066676223e-01,8.106094327113708697e-01,6.698366984630808041e-01,7.226034082119167090e-01,7.876018419488896027e-01,7.798200876176668572e-01,-6.224364743511093256e-02,5.029301811423950719e-01,7.735971024066968793e-01,6.493568423035671611e-01,5.832211742725786907e-01,-2.720997215934832791e-01,7.714739436395923189e-01,8.604038867938709201e-01,9.855717121797803459e-01,8.359277565284977118e-01,6.283787918922042470e-01,9.756595734700020950e-01,7.033366853706938260e-01,3.497369070052417372e-01,3.557642040365144309e-01,2.588929150221705444e-01,8.051256482581727880e-01,7.571920774173953594e-01,7.509267975785993698e-01,8.962068842756939491e-01,4.629341675556570279e-01,2.783679465407681852e-01,6.151969278358772053e-01,6.570164304280506906e-01,8.099714265965904936e-01,5.414873678492441167e-01,9.660379686840310232e-01,9.028545789507077535e-01,8.370029720585107080e-01,6.979605085629475569e-01,6.542692321765597452e-01,8.273648738872072528e-01,4.976268911598260014e-01,8.615847349319857296e-01,8.572713189514071797e-01,8.614312342590333405e-01,6.191099593960396330e-01,7.874677089754839043e-01,9.263985628377723325e-01,3.521013474401750720e-01,7.742630988477834375e-01,6.829540865390586468e-01,9.678731441101248167e-01,9.514855174946361682e-01,9.912121302732844752e-01,8.211997373280424117e-01,9.291640691383876716e-01,7.528206683624436568e-01,8.537163873831364602e-02,5.562617270031660066e-01,8.472124971670909055e-01,6.621036513581359806e-01,8.566242684940982288e-01,8.191542129637855441e-01,7.432498338948274608e-01,8.220133339684234652e-01,8.106126663432110524e-01,6.823996496315566374e-01,3.514255424992984711e-01,8.581386424736265894e-01,8.267407863276046154e-01,8.834542458916937457e-01,5.277364365221616227e-01,7.123407758579015647e-01,2.470797105606161170e-01,5.545649475896291536e-01,9.742975099034864028e-01,8.334041877790692165e-01,5.183235184551513580e-02,8.214527154319289926e-01
8.649274843260730261e-01,0.000000000000000000e+00,7.133768177679770117e-01,9.634731665620714924e-01,8.605311314751605822e-01,9.703469245953528777e-01,3.824733587688660674e-01,5.140399017177881280e-01,9.731043663320100290e-01,6.995338402018524970e-01,9.329608504231822197e-01,8.863096558062479868e-01,5.016371100441952002e-01,8.410805408603658773e-01,4.404635779858870892e-01,3.643854398905621017e-01,5.875055474126766875e-01,7.843140257011220751e-01,7.077906906665665243e-01,9.622075176921900397e-01,5.448742981030061383e-01,9.956406952430036927e-01,8.013473112853187752e-01,4.241554186555648309e-01,5.943642245640416988e-01,7.473103650347174831e-01,9.841475709063086663e-01,7.049062549153780610e-01,9.088056221471506324e-02,4.692053644652109390e-01,1.048181558331493096e-01,4.610525977566598543e-01,6.458085449467005912e-01,4.017975064764098270e-01,6.228929240317860883e-01,2.061971396935801670e-01,4.137113037262263315e-01,7.975336764902402065e-01,8.294160796793565993e-01,5.235614190794473100e-01,5.595273552008046547e-01,9.434134000032566858e-01,6.848916373186394457e-01,6.492742242284688103e-01,6.712705598280908070e-01,9.368603779861125469e-01,5.731151351225767243e-01,9.068015594118131739e-01,9.337808319698744919e-01,6.443273044161248464e-01,3.208458079201533808e-01,8.396054231175973381e-01,9.145779994478678843e-01,8.354471052282530508e-01,8.920349835367850089e-01,6.082278868856931808e-01,7.187674686856859729e-01,6.107530789972435148e-01,8.661782175459832311e-01,3.200935530427609366e-01,9.090312575284338614e-02,7.739130664272815263e-01,6.933672726219509697e-01,9.851973744441815395e-01,2.384503802721281707e-01,5.016970425890997509e-01,6.469141974468953782e-01,9.418094171964068728e-01,7.637967754718072433e-01,2.533092242927371673e-01,7.905380622088159503e-01,7.463916750063694927e-01,6.294287614170395173e-01,4.177686740677277188e-01,6.658469149195471726e-01,7.893936737895603795e-01,7.983851483824784268e-01,4.809052063162777002e-01,9.486071390702364159e-01,9.740923976205173584e-02,3.001643707154764140e-01,6.227255272366915007e-01,6.722114439705808575e-01,4.292590476452178283e-01,2.785161184409548629e-01
2.240635677678748106e-01,7.133768177679770117e-01,0.000000000000000000e+00,9.119428139860347171e-01,8.882451161449524957e-01,8.138497211083534078e-01,7.092863810831878668e-01,9.118476239208684886e-01,9.488628989561518345e-01,9.752820065620274592e-01,7.893331317146611292e-01,7.014725198012927709e-01,6.760928873147562523e-01,6.148421767080014533e-01,4.699097226808487404e-01,8.644048437741043145e-01,9.577259532718589430e-01,7.409003347296246877e-01,9.532671677398534271e-01,4.556187381230307754e-01,6.780675762511457760e-01,6.426893488633691476e-01,8.320241746318257636e-01,8.446904603712532822e-01,6.295901355508101149e-01,9.903879430739188638e-01,9.657995599171258494e-01,8.920943042937701239e-01,7.875239843646478777e-01,6.624793091269953749e-01,1.514286164220124409e-01,6.610713776912054973e-01,8.317430373434856472e-01,4.160096404397888858e-01,9.575824450922085784e-01,4.802379332847684368e-01,2.313440632783654860e-01,9.744850720262795418e-01,5.555815489339642754e-01,7.810264743215442618e-01,4.927749986244140401e-01,9.732618562977303212e-01,9.428653737995816853e-01,2.889707783087202553e-01,6.351849490349302796e-01,7.773922410544619188e-01,8.220051470148838080e-01,9.038350314339451685e-01,9.808453193868088560e-01,7.799012378090812714e-01,6.269682548432656821e-01,8.949267685296977692e-01,4.865379506118877040e-01,8.208486039360339825e-01,9.859346839767320070e-01,6.934580309856410718e-01,9.779379757257475880e-01,9.600360816364417182e-01,3.500874129528245282e-01,3.843368332946985877e-01,5.108326711971011846e-01,4.480028209063680045e-01,3.818435116763952974e-01,7.645541838710897542e-01,9.313030814423127746e-01,8.795848932477443594e-01,6.671825673009966762e-01,8.878419159825390317e-01,9.306907150276096941e-01,8.257110002822024564e-01,9.903744101964979674e-01,8.438176780716114544e-01,4.798881180563530635e-01,4.697672453242485724e-01,1.264915388133673602e-01,6.360864606856982961e-01,6.278980918749315077e-01,7.162363810933638497e-01,5.441529051265227013e-01,-1.604677369276808763e-01,9.833360642923661965e-01,5.887384190599938005e-01,7.153450362966695675e-01,9.581018153971352369e-01,6.972639148109281981e-01
6.885886083099731492e-01,9.634731665620714924e-01,9.119428139860347171e-01,0.000000000000000000e+00,3.364799468075965194e-01,7.757524985300370268e-01,4.835191098945667565e-01,8.808349294312523003e-01,9.650970050664753330e-01,9.902970188078383806e-01,8.848585006514606555e-01,6.090007597410775908e-01,7.907715431104507253e-01,5.596434326752329769e-01,6.500735824571081123e-01,8.439331166487712421e-01,5.038458039063327398e-02,6.641596571948285010e-01,7.403529275082745276e-01,8.577636025114305784e-01,6.952684557883773708e-01,8.858676554882456422e-01,9.109162462177755604e-01,5.046037472023050530e-01,9.797503204818556188e-01,8.202363660811787804e-01,8.864911511296179603e-01,2.509959213439686421e-01,1.082101778343188131e-01,2.757742403970811496e-01,6.266578483750247230e-02,4.922592333504260953e-01,8.496344292888027283e-01,4.748432807799325417e-01,8.380566538730648274e-01,7.813533249839001993e-01,3.421517988900193985e-01,6.928135739302782037e-01,1.134101001234797679e-01,8.433409787861553264e-01,5.659618925460446759e-01,7.720440914635152696e-01,4.529714976016106509e-01,9.755440288054265663e-01,3.586733917265745308e-01,9.365400822862104402e-01,4.052061634724163919e-01,6.622119222805448180e-01,8.029729556189255657e-01,7.128120446666864618e-01,5.836888785771224830e-01,6.712766438550132886e-01,6.707384812849379596e-01,7.037105024560037503e-01,3.220334338081202175e-01,2.599054343280837731e-01,6.652361431212130416e-01,9.997940616344647147e-01,6.428023950550080245e-01,6.810918456678320965e-01,2.197212645844569545e-01,6.702848608781695194e-01,8.603834123422497981e-01,8.925287275637492357e-01,8.447797813740965944e-01,9.375981273748579259e-01,4.505314661493725614e-01,6.821074411540006821e-01,2.006156661937657029e-02,6.733090701773596365e-01,6.656121567146084939e-01,8.092311668046207052e-01,3.075600429487250209e-01,9.580262649320727686e-01,8.272506386380162891e-01,5.550837240382902049e-01,6.098601932121207048e-01,7.289954099346036553e-01,1.864041596390123012e-01,7.324939466606983363e-01,2.637109207909081321e-01,9.300246530969932257e-01,6.206135559441230409e-01,7.201084470230437740e-01,8.661169912602493248e-01
9.484340679176005429e-01,8.605311314751605822e-01,8.882451161449524957e-01,3.364799468075965194e-01,0.000000000000000000e+00,6.985472895396908077e-01,7.258442895526089345e-01,5.505383622192643323e-01,5.441999936170128782e-01,9.068546792960096026e-01,-1.436207703794005197e-01,5.974333505795156318e-01,6.632795010043408546e-01,9.669373367325986290e-01,7.483601159508277423e-01,7.342311117124671327e-01,9.697328603794405089e-01,6.746206955084578238e-01,4.703403008174155131e-01,7.503180083017209068e-01,4.542588563283761482e-01,6.586697417641891317e-01,9.294803290505843085e-01,8.654907281093794369e-01,8.251571733067680769e-01,6.620805801089071352e-01,5.535190418640894006e-01,7.351166091070480135e-01,4.480210207935459987e-01,7.845853996042057021e-01,-3.424064411029981159e-01,7.374129429482758624e-01,6.594128613330748623e-01,3.266830597366660038e-01,5.562399132602173779e-01,5.581621879681311071e-01,-1.915390028547497847e-02,6.360541602076396073e-01,2.514204526060280775e-01,2.067000780683151961e-01,3.136649562560825943e-01,4.994466014026581191e-01,7.641678737053072545e-01,6.507462811140065639e-01,8.047133706178957180e-01,6.861674160117393617e-01,8.787434664090852943e-01,7.163627678364204998e-01,6.848322235801171942e-01,6.450216686346881279e-01,9.463978399467232183e-01,8.438019377143542998e-01,7.684090564193608586e-01,3.048504238284328594e-01,8.639233261585193002e-01,8.973347994539718764e-01,2.896873555875583706e-01,8.847860312638151647e-01,7.458346518978640205e-01,2.148512163360458138e-01,3.562568382387145682e-01,2.319162143548849364e-01,5.097809689068794059e-01,8.326593738644633147e-01,8.363235861451030484e-01,7.203791063888612678e-01,9.927474818854128413e-01,9.476849566023827220e-01,1.958526031429731473e-01,8.666192990489096637e-01,8.114005410867064505e-01,7.015943532830544171e-01,4.150400386109696083e-01,5.306680412458899543e-01,7.048762114279453206e-01,8.927249435195308003e-01,6.253561936945039035e-01,6.373385509595278497e-01,5.537323228337082126e-01,2.126307691375312614e-01,4.917211016019454872e-01,8.478190420674671657e-01,3.630149801970946610e-01,7.974321306948820576e-01,4.285153071571519701e-01
9.192440178331175993e-01,9.703469245953528777e-01,8.138497211083534078e-01,7.757524985300370268e-01,6.985472895396908077e-01,0.000000000000000000e+00,4.127433038194206483e-01,4.897680173154275174e-01,7.027397048181082129e-01,9.917453681379122532e-01,8.062998631764323187e-01,7.977264305049264204e-02,7.519364935614911705e-01,8.322495228600453876e-01,6.874402252709398420e-01,7.642880080860833258e-01,7.530692908939673469e-01,5.259478126845762436e-01,5.502958453523718596e-01,4.230798728626680716e-01,9.537695067647558034e-01,7.622243817347992278e-01,6.501830856837036432e-01,9.354376449511564440e-01,1.417576985156335789e-01,6.984963018447747363e-01,4.425034346873107927e-01,4.720641839946246310e-01,5.544399325124651501e-01,4.422861659860724548e-01,5.937229106766619413e-01,6.642513522889611499e-01,8.785927102179829085e-01,7.518807197102546080e-01,2.534873052018077333e-01,8.000460178700340153e-02,1.187843201808798654e-01,5.667988191273047871e-01,2.615441649174221062e-01,6.541711698301733158e-01,6.481092191614021836e-01,7.384524783035080198e-01,6.165408790788750037e-01,7.676196463826223670e-01,9.232063811505595297e-01,4.351040003052221161e-01,3.878147413885934536e-01,4.471263963948242659e-01,6.988612931914764959e-01,8.804934047503808481e-01,6.207679708156096376e-01,6.704641128103838721e-01,9.610817345530282552e-01,6.932800601490242132e-01,5.628641989218690078e-01,9.347745933025020104e-01,7.113362648460977988e-01,8.515169205449550915e-01,9.472033615774471116e-01,2.461010106544561649e-01,5.744743721570224615e-01,9.435604497343809127e-01,6.621183544289847012e-01,8.610035337653024756e-01,7.146933252016700600e-01,-1.622549679260157363e-01,8.995584182471456636e-01,8.541568280540584590e-01,7.401655177024888399e-01,6.409261922551444668e-01,6.943280757387372271e-01,6.570047063063172432e-01,2.128709896818956060e-01,3.511580301888069799e-01,4.749815352709478855e-01,5.645403654075847877e-01,6.233259326212744478e-01,7.030520781373464922e-01,6.885955397967699065e-01,3.064495317599340643e-02,5.668534841737304930e-01,9.460703307666104012e-01,6.318040201225837427e-01,7.010496090783732148e-01,3.223920091412843525e-01
7.838906459307521946e-01,3.824733587688660674e-01,7.092863810831878668e-01,4.835191098945667565e-01,7.258442895526089345e-01,4.127433038194206483e-01,0.000000000000000000e+00,9.762469392940500423e-01,2.687773927649041439e-01,-1.822726916593067903e-01,9.486601484686081331e-01,6.078591078526814906e-01,7.097482458500263824e-01,6.918485533533796916e-01,8.480474922586834774e-01,6.788860075952840578e-01,9.191788451916156344e-01,6.391727431458550379e-01,8.416775194581085362e-01,8.010982999332298959e-01,8.521418059336650641e-01,3.592518412559497221e-01,6.790683471563330187e-01,5.153478642239972540e-01,8.800457148876896785e-01,5.758119064136293375e-01,7.623944760864356240e-01,7.099315906998251435e-01,6.152755715650989332e-01,2.884352201902383173e-01,4.545311264535873419e-01,2.921899292104133683e-01,7.898548058725192167e-01,8.092272959644277730e-01,5.062548510542401736e-01,4.874585778240082545e-01,4.938753596625041764e-01,2.757521386380658024e-01,7.592388989900922258e-01,5.505023117477108041e-01,5.632811836563877961e-01,2.621013016093579617e-01,8.640379574123230322e-01,6.684565853267983027e-01,5.657702311177684740e-01,5.687874728937164504e-01,2.120414184662483825e-01,3.896467754118999594e-01,5.255535284764952797e-01,7.698382659528587579e-01,1.571854337652301703e-01,9.273853179918132295e-01,6.035939330267645619e-01,1.750784872078977594e-01,7.354082303087786654e-01,4.419812393264045403e-01,5.323725423202865237e-01,6.767319737158836723e-01,6.541332015844821823e-01,7.002875879640856338e-01,6.824163877149729274e-01,7.021928360003858449e-01,5.383532837673410398e-01,9.764349749015722724e-01,6.960207355294204534e-01,7.308669885263047172e-01,6.246405415024672836e-01,8.866834964270171593e-01,5.636122878377287648e-01,5.332695525086031951e-01,5.804616077094435500e-01,2.556794076992199849e-01,6.225250539337661149e-01,5.643066145932469357e-01,6.827392996822105875e-01,7.073035927473459994e-01,7.235380382310180325e-01,4.775752408747410693e-01,9.533947017181653161e-01,2.025641723307537168e-01,6.625144425110083279e-01,9.093723608013073445e-01,6.187350924577638134e-01,2.284040264307488910e-01,5.480001259461784180e-01
9.501077508392484772e-01,5.140399017177881280e-01,9.118476239208684886e-01,8.808349294312523003e-01,5.505383622192643323e-01,4.897680173154275174e-01,9.762469392940500423e-01,0.000000000000000000e+00,6.032000227270745141e-01,5.643264196700796820e-01,2.258862156803985999e-01,6.703437719957312524e-01,8.578377371913322724e-01,6.810666100876134887e-01,6.906845693537486675e-01,4.874978322258757824e-01,7.404184401089468626e-01,6.914454395115512408e-01,7.090223999971848601e-01,5.293560229323966970e-01,6.997957822268684458e-01,7.490238130752583379e-01,3.633997893303616555e-01,8.083218664633773365e-01,9.322564771505853498e-01,1.317849059737100370e-01,1.508516740487148289e-01,3.833625707348026213e-01,4.400615137264514143e-01,5.842664322233948049e-01,1.369549245053437170e-01,7.798074715934162349e-01,5.940597492945864921e-01,4.849312861415138731e-01,2.729903577772110346e-01,3.489546054836798472e-01,1.268960152011861797e-01,7.795587477397746268e-01,9.976780832462222026e-01,2.516982707363676353e-01,4.602961149543242092e-01,7.630536837200799782e-01,8.491538073737241454e-01,2.860223188754207335e-01,8.141300226538290552e-01,6.618601336554802428e-01,5.023388052698996020e-01,4.110703482044464896e-01,2.849595525737604329e-01,4.907306493228401068e-01,6.619896745761509604e-02,7.996036908151047395e-01,7.050578884160593196e-01,8.488816693094063393e-01,3.232963042220703964e-01,9.545084733375011066e-01,6.038804211492363461e-01,6.966398608291013428e-01,8.050684321100831653e-01,6.948358886443045668e-01,4.790275127695506341e-01,4.292537934025860702e-01,7.224761963674312115e-01,9.498864335034905571e-01,8.784880233422733831e-01,6.377115749170787495e-01,4.623814209673213771e-01,9.337580736726671660e-01,6.162164946700585677e-01,6.724313841042733886e-01,6.161534144568562299e-01,6.107566023517145837e-01,7.116361658914317490e-01,7.214766679681906547e-01,5.413132034791805491e-01,7.480992125164509510e-01,3.008974910747257425e-01,4.774398384806162188e-01,7.514007879987882887e-01,3.796623923989654315e-01,4.748177267534247625e-01,2.219308461801403065e-01,6.466064580787928007e-01,3.861736786387833797e-01,6.037217915854017347e-01
4.092952916057853718e-01,9.731043663320100290e-01,9.488628989561518345e-01,9.650970050664753330e-01,5.441999936170128782e-01,7.027397048181082129e-01,2.687773927649041439e-01,6.032000227270745141e-01,0.000000000000000000e+00,7.215697367758017178e-01,7.200831929246945817e-01,6.196496327278242511e-01,8.020104982228023482e-01,6.930208769800679791e-01,1.631506816077331889e-01,5.436109108814946023e-01,9.550774442973918310e-01,7.007338565214485948e-01,6.173926307045827233e-01,3.992717188892995761e-01,8.608834360850736722e-01,6.188587661959690234e-01,6.805449171986055479e-01,8.557149020356482616e-01,6.818508732515766724e-01,5.308910997885674110e-01,8.290224089349970127e-01,7.637749509539619730e-01,6.057423784298562319e-01,2.290910803410642627e-01,2.765676899511184672e-01,6.524001158649035403e-01,7.952358543389387302e-01,8.458535343490221070e-01,7.840680125339795081e-01,3.304516144878590911e-01,2.234918945050685113e-01,6.848859469655933507e-01,9.148310990539859633e-01,8.423122920648635770e-01,4.015216133981148183e-01,6.493503430616764938e-01,9.896604287320630577e-01,4.067701885069180956e-01,8.564023403288525405e-01,8.568199785028044468e-01,6.985357670934916330e-01,4.234364495328342692e-01,6.538610988647970412e-01,5.522205113268701115e-01,1.334704876962146958e-01,8.623044764046206012e-01,4.228660226469428962e-01,3.475867189343196939e-01,4.982631271329069911e-01,4.931204795357018167e-01,9.153799692445216962e-01,8.308085233442853434e-01,6.134539090654421711e-01,1.850865193879241422e-01,5.244617842057338608e-01,9.601826131970859768e-01,2.876906150281195451e-01,7.952971186230586298e-01,8.984708008468620388e-01,5.814633285275566665e-01,3.595889407687807293e-01,8.360763108058784088e-01,9.517827481248565258e-01,9.325669473275742805e-01,7.077648225623401901e-01,4.092825014931785743e-01,5.650914860360950476e-01,4.226639390005706987e-01,6.901913773451394674e-01,8.547003060385305329e-01,8.484876985528418958e-01,8.695732485513382182e-01,5.169912040770292538e-01,3.735886919881059587e-02,6.388246357482905147e-01,6.514011857582766574e-01,5.520571183067618515e-01,6.723469512741169218e-01,6.312943533219658176e-01
9.146922094066676223e-01,6.995338402018524970e-01,9.752820065620274592e-01,9.902970188078383806e-01,9.068546792960096026e-01,9.917453681379122532e-01,-1.822726916593067903e-01,5.643264196700796820e-01,7.215697367758017178e-01,0.000000000000000000e+00,9.395474621356022515e-01,7.528936534148084059e-01,8.698239152712543554e-01,8.726028674169923338e-01,8.507801816526089356e-01,7.340306829751059858e-01,8.311779446816554007e-01,9.347338887027912824e-01,9.396551518533720060e-01,8.944226954596647960e-01,6.249657976055484898e-01,5.987343913439494569e-01,6.876369898887652043e-01,3.230845591573977549e-01,6.634479837215794262e-01,8.468540791568576198e-01,6.641860551681928460e-01,7.492144547633696750e-01,7.298574198170327820e-01,6.980355610353293772e-01,3.553108724304336885e-01,7.719452171857138500e-01,4.316563276613720190e-01,6.737069879479919976e-01,9.666580115410788876e-01,7.693772627015726950e-01,1.321298190826562802e-01,3.007265533571888971e-01,9.908704230768643484e-01,7.388623551599082795e-01,2.684248665668795275e-01,5.891400004331009965e-01,7.698614161113233045e-01,8.015661951233244986e-01,3.307549041490783770e-01,7.624670072686132727e-01,7.761732326227943624e-01,5.258697594380213891e-01,7.560315258781713510e-01,4.655499181110201445e-01,8.262544610568679504e-01,9.989101748172288797e-01,8.856997837394025019e-01,6.195906709841794147e-01,8.975830246849265670e-01,6.954451813117306092e-01,8.082684910439611459e-01,8.290402184000209562e-01,8.371930299286423072e-01,4.794425191060869285e-01,5.519270277650032419e-01,6.811807428659705232e-01,6.040121339758227625e-01,9.100342605950481056e-01,8.767400814375311269e-01,5.382288715144333269e-01,9.108113282030100288e-01,3.951568908642725253e-01,7.500174551043469195e-01,8.708812527862443975e-01,7.392955332720863026e-01,7.560423929092342510e-01,5.934849706446203577e-01,3.974283945359078363e-01,5.533935235961443544e-01,6.675312830887754068e-01,7.876164486088947925e-01,7.061270382822950609e-01,6.492835160461556399e-01,5.126168038585280362e-01,5.722830680574519935e-01,8.030977464658947129e-01,9.603604205216882406e-01,6.974602432979188915e-01,8.085609930081208985e-01
8.106094327113708697e-01,9.329608504231822197e-01,7.893331317146611292e-01,8.848585006514606555e-01,-1.436207703794005197e-01,8.062998631764323187e-01,9.486601484686081331e-01,2.258862156803985999e-01,7.200831929246945817e-01,9.395474621356022515e-01,0.000000000000000000e+00,8.686898023870579522e-01,4.469679770854023682e-01,6.742535975198167275e-01,6.706343120629640886e-01,6.521078986368179509e-01,8.188721825479832184e-01,7.089869123201114620e-01,2.367442095963983584e-01,8.866823527033995678e-01,7.136255849917947369e-01,6.026866827131489579e-01,2.225433833201682365e-01,6.890314752286116340e-01,9.502713534739214152e-02,4.010029740125611863e-01,4.715531491140789733e-01,4.658072783849671605e-01,6.936695485483018730e-01,6.569248711174280331e-01,4.126405540623851453e-01,8.231825815339308683e-01,4.274517655525226223e-01,9.385186276180305098e-01,5.678092505757822428e-01,7.141673290763174142e-01,4.148206385747840175e-01,4.754126255377473242e-01,9.930100737900451335e-01,9.963818698109523364e-01,7.445385594722532252e-01,7.294661384646257130e-01,5.472009373568031965e-01,6.969035619583272556e-01,8.718870564023991632e-01,9.315871446209549323e-01,8.261007644011124640e-01,6.738006243078351609e-01,7.365904063045631833e-01,6.667373994977255913e-01,-3.009087929655840377e-01,9.328425426985159641e-01,4.203755287878137015e-01,6.152389642324194163e-01,7.997602305629332164e-01,6.020732723602102432e-01,1.537063307723598449e-01,8.461566788034153852e-01,7.772001928325710240e-01,3.650719651935571131e-01,2.727833409949489418e-01,4.966914272500344563e-01,4.145850539045031757e-01,7.608331280543034758e-01,3.113805985335470483e-01,9.318635400372579092e-01,9.243383190349848677e-01,1.557733034772880720e-01,4.415396374812088909e-01,7.455388458702763010e-01,5.193353322753234691e-01,9.600763048572623637e-01,2.605972821220319813e-01,3.740830877802037158e-01,3.278312283517290648e-01,6.386939789859150673e-01,6.562361033481780570e-01,4.298924899152929968e-01,1.555296351934141452e-01,5.975076471727702732e-01,7.955428975287315296e-01,7.901841725025915419e-01,9.037308408231399248e-01,9.888107927665460428e-01,7.779071662085058625e-01
6.698366984630808041e-01,8.863096558062479868e-01,7.014725198012927709e-01,6.090007597410775908e-01,5.974333505795156318e-01,7.977264305049264204e-02,6.078591078526814906e-01,6.703437719957312524e-01,6.196496327278242511e-01,7.528936534148084059e-01,8.686898023870579522e-01,0.000000000000000000e+00,1.668344361070043247e-01,5.453593002484853347e-01,5.143457351180793502e-01,3.043700455869500221e-01,8.878277790449281559e-01,1.164131651496538161e-01,8.954469559277621338e-01,8.864637203582211855e-01,9.809680637380884249e-01,5.014802100093058712e-01,6.433975644229894542e-01,6.788315546548568946e-01,8.028105027726942788e-01,4.787552416445794989e-01,9.985516259675411010e-01,5.989324991720017533e-01,4.480267983216643657e-01,8.771093220282677461e-01,5.354494991992280184e-01,7.805394044779134788e-01,7.992750241190125227e-01,7.966945978133722628e-01,4.756592743581782856e-01,6.577469993238045376e-01,5.048775593789900373e-01,5.838788294483955310e-01,8.320494924047449059e-01,9.673396009429159337e-01,3.582097228623333518e-02,2.674370585707069869e-01,7.137574010356536602e-01,8.026657530087004666e-01,7.121491001582332947e-01,5.724612432441120724e-01,8.144843049499436161e-01,6.387755059102684374e-01,7.382028435618459561e-01,7.199032070494881808e-01,7.860058332863318897e-01,4.819043994644435780e-01,7.888316841399416468e-01,6.554646762329001675e-01,8.466933788999486676e-01,6.439444392849813514e-01,7.167241761856438798e-01,6.022975247832128565e-01,5.932587163790060680e-01,2.942205417796364131e-01,3.568772986428633276e-01,7.079949229889999085e-01,5.817158564548310373e-01,8.006697989821313088e-01,9.552064505430738484e-01,9.604735764372211992e-01,8.233245225973996329e-01,9.263906825289571767e-01,6.769285749905332716e-01,8.418638909748463739e-01,7.281180483982080398e-01,4.559070771171870873e-01,6.693011081468828172e-01,7.894599138779807845e-02,7.982354809841993859e-01,3.858411951934513917e-01,9.336908487419762759e-01,4.212811184097297046e-01,4.679528482588310445e-01,2.429883239965626440e-01,4.816949728035252454e-01,8.433155532132368126e-01,8.236899335934052546e-01,7.894359940305593071e-01,8.025000598368418059e-01
7.226034082119167090e-01,5.016371100441952002e-01,6.760928873147562523e-01,7.907715431104507253e-01,6.632795010043408546e-01,7.519364935614911705e-01,7.097482458500263824e-01,8.578377371913322724e-01,8.020104982228023482e-01,8.698239152712543554e-01,4.469679770854023682e-01,1.668344361070043247e-01,0.000000000000000000e+00,7.900808497013374065e-01,7.602663284615152062e-01,2.282202754849313175e-01,2.790170497417285844e-01,7.670244368385049638e-01,4.551743959752691526e-01,6.583228879777459630e-01,6.002354355545993503e-01,8.424194534318397709e-01,7.573710779458958653e-01,9.253814766615462428e-01,3.729436675600511508e-01,5.790965043471413276e-01,9.125977101862967622e-01,7.436612440829157844e-01,5.287855176696919512e-01,7.049954404074717518e-01,4.476718894888436218e-01,3.387369815017192698e-01,7.929802640566350203e-01,6.380059042590747742e-01,6.130734940204285444e-01,4.335610906135166642e-01,7.917652955760954292e-01,9.082965052618188206e-01,8.617632974774468435e-01,7.176751003145915853e-01,5.997360587237434704e-01,6.026936065987645863e-01,8.392897988240631824e-01,6.584848676999532913e-01,9.501193373736539494e-01,7.168804946056256400e-01,9.242303171062310474e-01,5.695670449422096659e-02,8.627297318123562375e-01,8.410827373031418697e-01,4.927704748519284861e-01,9.233478317253835943e-01,8.508768132904143133e-01,3.133016632451439132e-01,5.500537641442505565e-01,8.120749592118901017e-01,9.081102198197026354e-01,8.279265152980430642e-01,1.772808354022240296e-01,6.268895093482605985e-01,4.939294128849857080e-01,4.969143183454004520e-01,9.765386928165585845e-01,9.046938188187289009e-01,4.686370609038765789e-01,7.694966997044790924e-01,7.199932590778321817e-01,9.384350326636762274e-01,3.454873384051529994e-01,9.195726873844310978e-01,7.123420687990407174e-01,7.465412049850085330e-01,5.180535765728054853e-01,5.055653912035439346e-01,3.090634351449033645e-01,6.760266420930785003e-01,9.136529173286714878e-01,8.258905637962069557e-01,6.587703754994098659e-01,4.429420281227436917e-01,2.674757289021983953e-01,9.087562039193621821e-01,7.351766091094018574e-01,7.219270577107065323e-01,6.237529401769750237e-01
7.876018419488896027e-01,8.410805408603658773e-01,6.148421767080014533e-01,5.596434326752329769e-01,9.669373367325986290e-01,8.322495228600453876e-01,6.918485533533796916e-01,6.810666100876134887e-01,6.930208769800679791e-01,8.726028674169923338e-01,6.742535975198167275e-01,5.453593002484853347e-01,7.900808497013374065e-01,0.000000000000000000e+00,5.128555257183721183e-01,7.255452736514379497e-01,5.583100351325773758e-01,7.878596441168970177e-01,9.780455789223595486e-01,7.149450583355190236e-01,5.440046080933451655e-01,4.170556802803007113e-01,6.950528794579899916e-01,6.643268752359891005e-01,4.911886105922376178e-01,6.195636610303699721e-01,5.672880472548846864e-01,7.706710249374113531e-01,7.429668832171103521e-01,4.905168667078381173e-01,2.431611210868715733e-01,7.547783223454255230e-01,4.112545695829908921e-01,7.783387460126174329e-01,9.003445588460317062e-01,3.082063554988896392e-01,-9.106989204767823587e-03,4.546475214676244381e-01,8.059912303273021328e-01,6.827879410358490553e-01,5.492554531093489789e-01,3.976773329765759257e-01,9.075959442884901085e-01,4.193298372226045290e-01,5.378690838041189082e-01,4.995188879563006168e-01,5.378119858442395040e-01,3.923178272056440097e-01,8.901059819803843753e-01,6.961322738875665994e-01,6.414917420129430115e-01,6.797908940825381219e-01,5.802857462155825985e-01,7.952867825746499086e-01,7.880354416101835735e-01,7.257181578886130469e-01,8.704883587252419952e-01,7.714769265063546877e-01,6.727698238371029316e-01,1.488661351622251883e-01,1.272936226898650214e-01,6.576369834924551405e-01,5.068783859650115575e-01,5.844983258041835938e-01,8.135758503509412654e-01,5.968642027089177127e-01,7.120896824138834846e-01,8.963494315861018080e-01,5.879544570816990223e-01,8.024173736552444591e-01,6.326751626038544796e-01,9.063246432554248333e-01,7.030803614274203639e-01,5.851599104186101519e-01,9.473476220085106370e-01,7.730357195504429235e-01,7.662587765854836919e-01,7.426337691419921949e-01,8.083107742619438651e-02,3.199164880021395652e-01,7.796922749320926993e-01,7.973942485604434971e-01,6.234604342489556972e-01,5.059828597404765205e-01,6.719022659832458721e-01
7.798200876176668572e-01,4.404635779858870892e-01,4.699097226808487404e-01,6.500735824571081123e-01,7.483601159508277423e-01,6.874402252709398420e-01,8.480474922586834774e-01,6.906845693537486675e-01,1.631506816077331889e-01,8.507801816526089356e-01,6.706343120629640886e-01,5.143457351180793502e-01,7.602663284615152062e-01,5.128555257183721183e-01,0.000000000000000000e+00,7.679475632655818895e-01,6.160675347941496627e-01,6.133140623146718928e-01,1.413142402299300826e-01,8.169021085218037825e-01,9.694433582968944307e-01,6.861563848250795683e-01,6.191916826605986524e-01,6.339733699699051650e-01,6.538595101591009318e-01,7.611837096595075458e-01,7.633029471784338327e-01,9.472769221157584241e-01,7.882302919307520028e-01,4.830566082047956789e-01,7.501155587134682445e-01,9.047497882473105602e-01,7.013509429368919301e-01,6.723738526848629382e-01,8.675078538958282959e-01,7.503880131921589758e-01,5.195593850330729735e-01,2.532554721538203824e-01,7.372112681163273118e-01,6.141170595866877191e-01,5.043513168740856312e-01,7.123259891013602463e-01,8.186102937487975684e-01,7.300731529306115908e-01,9.178754002283314728e-01,6.499620689884395563e-01,6.041292550299480757e-01,6.639472698709896203e-01,2.675805618996632829e-01,7.665862875658215891e-01,4.003465605335519983e-01,6.456081987218883489e-01,7.873844399500695701e-01,4.039387760085267898e-01,9.559972230445948904e-01,7.784156041317334962e-01,5.651430610550889355e-01,6.760434188941231159e-01,6.489238303757552950e-01,7.769374694364264422e-02,1.033242763681174736e-02,9.414918564034067128e-01,9.955244085625432338e-02,9.050309867080468251e-01,7.070584632436507366e-01,6.509489790603821824e-01,6.602007616617522334e-01,9.138056092864283997e-01,9.920122363998766790e-01,6.478625578527650308e-01,9.192656297688175382e-01,9.081933572158675805e-01,6.278990659952294884e-01,5.090428843186609598e-01,2.322582242276673425e-01,3.562599435432276529e-01,6.644287555519319266e-01,3.335919894841473665e-01,6.871073981704500788e-01,5.827102664911666396e-01,5.014100042820374137e-01,8.552256792422698872e-01,7.857542439021779623e-01,6.101841330892286974e-01,7.931342234162505056e-01
-6.224364743511093256e-02,3.643854398905621017e-01,8.644048437741043145e-01,8.439331166487712421e-01,7.342311117124671327e-01,7.642880080860833258e-01,6.788860075952840578e-01,4.874978322258757824e-01,5.436109108814946023e-01,7.340306829751059858e-01,6.521078986368179509e-01,3.043700455869500221e-01,2.282202754849313175e-01,7.255452736514379497e-01,7.679475632655818895e-01,0.000000000000000000e+00,7.537884983895206670e-01,5.083542143670725100e-01,8.379211500559015091e-01,9.676326863163764447e-01,5.110724216977030609e-01,7.954137190160304183e-01,8.735469589204133412e-01,6.129877456648112899e-01,2.619998972977598539e-01,8.116397054035628944e-01,5.902115770123810279e-01,6.494523631982316303e-01,4.059987326821916653e-01,5.213191772939017588e-01,6.349100164087349840e-02,7.947706048870990525e-01,1.811783905331297850e-01,5.286130319393098631e-01,8.266523463416934892e-01,6.954662039484454938e-01,4.788918261346885030e-01,5.066198449575767260e-01,8.916960484987186408e-01,9.907166937063807133e-01,9.565994316334882619e-01,8.655477810800867866e-01,6.531038353383440409e-01,7.579847109360744462e-01,7.040651923075386120e-01,7.484962793660143721e-01,7.464674290211794627e-01,9.144044338459553778e-01,2.783171537350456193e-01,6.765942070013865051e-01,2.701992906937190075e-01,7.711106404666434599e-01,7.996552823052206493e-01,6.762500318897417539e-01,6.078915819833220491e-01,6.228872014254969169e-01,6.532861977475206139e-01,4.206199322153753584e-01,4.726623698723131928e-01,6.447832465634180110e-01,7.936852585517641945e-01,5.815845704977712360e-01,8.613685366267159749e-01,2.987239853677902679e-01,5.228683595307452858e-01,4.830332432262339770e-01,7.145475018844922310e-01,7.861675688944189666e-01,3.704060654584447887e-01,9.409033897685321612e-01,8.027570611477989893e-01,7.708376546839365018e-01,7.230943838256898015e-01,7.779915513282323891e-01,2.061813826231309321e-01,8.640876497438325643e-01,8.937667879837584151e-01,4.901681628449817696e-01,7.850007804179817139e-01,1.046491359392630188e-01,8.258634362237151638e-01,7.013746951771594462e-01,3.798331469705785723e-01,7.850227597968952864e-01,9.350499168159842611e-01
5.029301811423950719e-01,5.875055474126766875e-01,9.577259532718589430e-01,5.038458039063327398e-02,9.697328603794405089e-01,7.530692908939673469e-01,9.191788451916156344e-01,7.404184401089468626e-01,9.550774442973918310e-01,8.311779446816554007e-01,8.188721825479832184e-01,8.878277790449281559e-01,2.790170497417285844e-01,5.583100351325773758e-01,6.160675347941496627e-01,7.537884983895206670e-01,0.000000000000000000e+00,9.978884347013465828e-01,9.044673169059517237e-01,6.833218332943327145e-01,7.316090994595683128e-01,7.076549150585595971e-01,8.365372199942072706e-01,6.765421754406741872e-01,6.349695883360433335e-01,9.489573839812786016e-01,3.159342243497940683e-01,7.731157879863025384e-01,6.405753753461331801e-01,2.134488063950723546e-01,6.872041314066110740e-01,5.523918237253844232e-01,2.307194439655912144e-01,5.146301660043863802e-01,8.494592476862912189e-01,3.290304978184260265e-01,2.204579798915743405e-01,9.779074772974164498e-01,6.053942530416267509e-01,9.385039204500897903e-01,2.570144466353946333e-01,6.540748566011913567e-01,7.466170997031656986e-01,6.880059282605536231e-01,8.216354675247008466e-01,6.617822314042955956e-01,6.023067609484623608e-01,8.615951200715257219e-01,6.374983401499225710e-01,7.074139421156365737e-01,9.779943348090164301e-01,5.824941020542105941e-01,8.037883427639117562e-01,9.233727822493015269e-01,7.347563444141150812e-01,9.800284594511969871e-01,9.071790929441132523e-01,7.603853541229242952e-01,7.085261028244648207e-01,1.291276344259047193e-01,4.924663741023597163e-01,2.818724724582815644e-01,8.667828194157415345e-01,8.394122731085633671e-01,8.087129391652948529e-01,9.879653228668581200e-01,4.857835848425363090e-01,3.116721803183628570e-01,6.722731252564734250e-01,8.217297128115927940e-01,9.145216927066985857e-01,9.137812892865851966e-01,-8.544514309446675504e-02,9.957308655115417739e-01,8.798868404945016097e-01,4.924584612666977335e-01,7.879092339818529744e-01,6.143183553733987390e-01,6.572052823400080512e-02,4.393473834932970501e-01,9.201164563075695524e-01,5.861103979973669720e-01,1.005555634635562148e-02,6.710139081710355669e-01,9.630048836161116954e-01
7.735971024066968793e-01,7.843140257011220751e-01,7.409003347296246877e-01,6.641596571948285010e-01,6.746206955084578238e-01,5.259478126845762436e-01,6.391727431458550379e-01,6.914454395115512408e-01,7.007338565214485948e-01,9.347338887027912824e-01,7.089869123201114620e-01,1.164131651496538161e-01,7.670244368385049638e-01,7.878596441168970177e-01,6.133140623146718928e-01,5.083542143670725100e-01,9.978884347013465828e-01,0.000000000000000000e+00,1.163015680518987294e-01,7.838916954258144942e-01,7.432937074212674355e-01,3.465123365569116043e-01,6.145139098581159365e-01,4.229863179835841036e-01,3.949031712820979534e-01,9.642107911422028721e-01,6.503492637045383828e-01,8.226742685368305663e-01,7.877293301671871584e-01,5.129416426846413746e-01,5.053679989228013758e-01,5.972768782369616281e-01,5.750315900049818296e-02,6.349519804290433278e-01,5.766002427812245701e-01,7.240418182874069908e-01,7.058827709534292172e-01,6.897307726471469946e-01,6.036728625314958796e-01,8.113963267744784824e-01,2.946124883256166505e-01,5.878716221496513850e-01,9.515947368133108597e-01,8.830470153883450690e-01,7.510007123747458602e-01,6.971256977560376100e-01,6.411004037320082727e-01,7.650852302798630822e-01,7.735766988512252640e-01,9.696676766473384390e-01,7.005626060107068565e-01,4.245652214004729669e-02,7.120665185415477882e-01,2.763728515401969732e-01,7.467894027771041499e-01,4.667977615987795037e-01,4.988088608998064166e-01,8.824028456867748504e-01,6.564124802455966190e-01,4.578831276078434431e-01,7.727701874578097874e-01,5.303811266567168836e-01,6.884034940074467146e-01,7.093864245917091971e-01,8.751640090123068427e-01,7.178760443146401382e-01,5.567610385252480532e-01,8.862638981779985548e-01,3.174567177329132295e-01,7.361407984832850637e-01,7.053888783897284132e-01,2.139685661391276805e-01,5.677881399643111004e-01,6.124568127670909634e-01,7.675731818841016185e-01,3.697638327427686944e-01,6.008526612754871987e-01,5.223849794635497812e-01,2.679577810850979902e-01,2.581113778140377013e-01,7.201312621479424303e-01,9.855421094638789903e-01,6.109671447282861712e-01,4.763092468802348489e-01,7.937186038716481651e-01
