0.000000000000000000e+00,6.535851157236516329e-01,7.665595422010105242e-01,8.710792519372134723e-01,6.236001264481939588e-01,7.676751224703362020e-01,8.482759695261148369e-01,6.505138684486510003e-01,9.518931399706292984e-01,2.019445719610046264e-01,6.713218886115588369e-01,8.053599673740444720e-01,8.624363876162753906e-01,9.409603134351459675e-01,6.566387986687246547e-01,9.753404557437128641e-01,8.282815195107540163e-01,8.041920838898047874e-01,7.620242283616960322e-01,9.373220131445685332e-01,7.170031181748220961e-01,9.163984398037030576e-01,2.456845660077955351e-01,8.286336077714068216e-01,1.144200676291129981e-01,2.489227426318167402e-01,7.242212886410224204e-01,6.393071256078178832e-01,-1.082926391205361882e-01,3.109561544936916277e-01,3.251973275523369900e-01,8.654766780274135707e-01,5.086278941102529982e-01,9.287528149238857278e-01,5.643446302641632606e-01,7.427614873471356516e-01,3.804832807567199993e-01,4.193889975494991540e-01,9.325016711701430427e-01,6.729979261309289029e-01,5.015363898973657086e-01,1.121300125500921535e-02,7.057654751594801823e-01,9.951085846840137528e-01,6.687938634803440863e-01,8.218182683685701928e-01,6.225073672884159359e-01,7.677907988438976705e-01,9.361337576369584967e-01,9.865869326626279801e-01,8.453034319017574960e-01,1.265851673501438845e-01,8.616092296510734494e-01,1.449098415259379713e-01,7.458142335676217760e-01,7.465105919729742023e-01,8.460026678049565874e-01,8.512592812561272648e-01,2.842030740641457442e-01,4.581366226640189443e-01,4.482770244340168464e-01,7.430089112998102818e-01,2.396703509932665843e-01,9.895756091347651662e-01,8.992433867001200509e-01,3.784035157593600429e-01,4.405161820261131456e-01,5.827546366779827736e-01,4.012016656209326237e-01,4.897074003675954135e-01,5.877022513861742681e-01,9.836359017258922144e-01,4.833720042903488778e-01,3.441916184449977378e-01,5.200559742303685340e-01,3.976324808757437657e-01,6.492193322422256108e-01,6.239411379650472433e-01,6.895433312999375008e-01,2.014602663782571745e-01,8.327418459098244741e-01,8.067619555846529122e-01,7.112347145208038901e-01,4.859185176703384457e-01,9.681281439831826985e-01
6.535851157236516329e-01,0.000000000000000000e+00,8.465747786293713606e-01,7.213504252165879871e-01,3.844563729677761416e-02,7.444704005576993078e-01,3.914790377141283972e-01,4.939051839385296683e-01,5.837586050265530790e-01,7.063511669100834833e-01,8.424316222096408513e-01,4.560269243617411927e-01,9.761796475273305518e-01,7.208316569929354989e-01,5.232863667207886538e-01,7.272614589349495340e-01,7.678879666289630812e-01,9.181847960820492816e-01,3.062966511639711106e-02,9.021709314974722949e-01,7.095537501793455215e-01,9.617469790460436707e-01,8.888650102295568844e-01,7.244819944985787519e-01,6.895576420515107108e-01,5.105592533307110603e-01,6.737201851145624421e-01,9.652887989221110576e-01,6.327047996209652636e-01,5.474038290696702225e-01,4.594827220057260408e-01,2.530762293048136741e-02,2.577296130215845915e-01,8.552284696745358072e-01,8.170098207175500171e-01,4.432748733663716689e-01,6.069158874695576023e-01,9.668876757152576884e-01,5.435208823555106594e-01,8.233190487788756284e-01,-1.083449502885744375e-01,9.098607735307857602e-01,6.486486166115834617e-01,9.070729304482508804e-01,7.724786418605052996e-01,9.915497008135650825e-01,6.773618121058683217e-01,9.159278905308505525e-01,4.703312243780166657e-02,6.338366171169750318e-01,5.751615850771008009e-01,8.903252676205346550e-01,6.986775410597325653e-01,5.852780371373752510e-01,9.585527785409495571e-01,1.907345660914631646e-01,-3.905652655027995745e-01,4.657341123058536536e-01,8.848768459223875782e-01,4.651884851021346190e-01,7.299272849611595504e-01,7.345710906095666015e-01,3.007818978705154578e-01,6.818152111426264428e-01,9.367565363415191193e-01,4.743120467835825194e-01,8.002062993565813853e-01,9.581039852709662963e-01,5.880702804046337162e-01,8.167573296060601784e-01,9.038419603522439560e-01,4.910483836570720406e-01,6.286956466295213763e-01,7.023903856000958124e-01,5.750220966163455127e-01,6.685043951296680831e-01,8.631435569766228166e-01,2.676901753298971398e-01,4.358946523791291661e-01,7.652064408309757759e-01,7.969981019055019100e-01,9.499600472659721628e-01,6.103610630654712210e-01,4.858899423230001458e-01,6.925379227501901047e-01
7.665595422010105242e-01,8.465747786293713606e-01,0.000000000000000000e+00,8.674013738460877310e-01,2.499267758709609599e-01,7.662860928333893318e-01,4.757507289854220889e-01,7.512404747904410929e-01,9.959514706451960686e-01,6.723991048211417354e-01,9.717916461210434065e-01,9.573260678319378547e-01,8.739808322287431208e-01,8.150557405541933864e-01,8.846777313501104356e-02,8.032647474907068652e-01,7.477044552395055721e-01,9.706347993896879967e-01,8.448790941326838055e-01,8.665826021663887158e-01,9.944581869292143939e-01,7.721347609083983876e-01,9.631554182916594042e-01,7.716887139912879112e-01,9.271319424054389469e-01,6.624080391293578618e-01,3.362589034634252405e-01,9.140176947021632081e-01,5.694804280079165393e-01,5.512660672337271750e-01,1.970918971163626576e-02,7.373442523637320223e-01,9.321401154446811166e-01,4.527540700155772702e-01,5.495649643728848233e-01,3.756351002407805062e-01,5.223665587239959551e-01,7.148126958338613113e-01,5.884458266273866478e-01,8.739266404832753965e-01,5.865070550324619214e-01,6.308111815036437919e-01,7.994811062528469625e-01,9.376371473386569955e-01,7.616851919195053444e-01,8.669677808450110268e-01,2.772268770231385293e-01,7.497313052181280302e-01,9.730259043828745069e-01,8.756024548685176212e-01,8.900655821701214387e-01,9.772027288073865670e-01,8.980923320301364976e-01,6.856622949576783588e-02,4.886724823343105428e-01,9.998887424862130668e-01,9.159508436967215284e-01,8.617974801428529563e-01,5.037787182148630860e-01,1.384254442600238999e-01,6.145635934707674997e-01,7.832619197125805233e-01,9.383335528315418506e-01,7.303248216718667418e-01,9.299945715999698992e-01,8.366644481785154852e-01,9.690861668442869448e-01,6.313899368363202758e-01,9.819387338614188332e-01,8.095131292924027111e-01,6.283722236217683665e-01,6.958848790655838279e-01,5.261948366883026917e-01,8.340247824285378364e-01,7.438665711675934711e-01,8.008665710426198237e-01,6.407712571972161708e-01,8.828189889318907024e-01,7.008424804658558438e-01,5.572284851496027702e-01,8.227994865090018095e-01,6.079719588938279351e-01,2.598653676407081670e-01,6.072634563131359409e-01,7.811560130304393557e-01
8.710792519372134723e-01,7.213504252165879871e-01,8.674013738460877310e-01,0.000000000000000000e+00,9.439249482536136160e-01,4.266431721544087785e-01,6.629931678605894829e-01,9.440011413134152818e-01,7.372366099674464435e-01,6.817327712091696412e-01,9.283863458442797034e-01,6.486926024602407415e-01,8.547871016926473775e-01,6.088802927566027146e-01,7.945613768950909872e-01,5.164167493805073006e-01,7.822683332988631388e-01,6.616822467308679512e-01,3.010474042561263053e-01,9.898651760687900980e-01,8.849471787077580753e-01,6.157286471020667618e-01,4.653210221395748247e-01,7.028877580764890665e-01,5.505822231494093000e-01,9.096406527036602352e-01,8.391479894838489439e-01,7.682443617023922977e-01,4.942002319920456022e-01,3.492402583785056969e-01,1.938106836844221137e-01,5.853914042507487592e-01,6.882820761606818216e-01,8.877145508263729612e-01,5.532449683706106569e-01,7.083163639755990504e-01,1.854289558730679022e-01,7.129215162986942689e-01,6.573697210465805352e-01,6.724429794738835398e-01,7.214537330873572740e-01,7.086988675233095725e-01,8.507341210811774079e-01,5.476505358858106964e-01,8.189048066878030774e-01,3.736554191499832367e-01,8.323944833666476750e-01,7.429942309735457773e-01,7.250346771999840456e-01,8.448758169884370561e-01,5.196805900912118137e-01,9.010723297095675210e-01,8.286001538825789048e-01,8.808704271008035436e-01,8.250634834782315519e-01,8.213603542677440084e-01,6.520776823919888221e-01,6.004305054130754105e-01,9.598448865263595753e-01,4.082852297775093064e-01,3.213156581528563982e-01,5.970333426120537634e-01,4.906624874360878130e-01,5.366611441118889214e-01,9.249238669676161928e-01,3.054840876466753397e-01,6.829771416888001934e-01,7.517899418531388545e-01,4.164644158439696764e-02,8.224469294856208146e-01,8.783697924331655971e-01,4.614582158690946900e-01,8.094427422778959214e-01,5.977836325402605677e-01,7.659622487976548433e-01,7.996755321722652798e-01,6.823519114220129023e-01,6.193937532247154598e-01,5.064627591213739510e-01,5.904117584345875969e-01,7.066707783003791654e-01,7.766751082825641417e-01,9.078544471928422510e-01,2.287935315333931574e-01,3.633598209347863595e-01
6.236001264481939588e-01,3.844563729677761416e-02,2.499267758709609599e-01,9.439249482536136160e-01,0.000000000000000000e+00,4.332982216850748136e-01,4.535630773874800292e-01,6.094020361227959759e-01,9.528679210099830765e-01,8.120537913157220844e-01,9.527512864887354160e-01,6.476145269723359021e-01,5.906410184112192985e-01,7.210193782959971598e-01,6.554814124985675061e-01,5.019407356671143905e-01,8.374038531747607372e-01,8.463978830301717160e-01,6.327622171228262093e-01,9.328837380881515040e-01,9.475066051944788237e-01,6.357530887481778192e-01,7.661259223749752323e-01,7.114706729638955451e-01,5.469739097793528959e-01,8.547320508524589577e-01,4.016774599514817412e-01,5.888722673980572031e-01,9.932088227420443963e-03,3.956098092974712488e-01,1.601854185445214795e-01,7.411602078366363866e-01,7.555239061481023866e-01,5.942679541251637554e-01,8.931725052100062401e-01,4.708858833218523832e-01,3.002970226868577619e-01,4.737334318410835743e-01,6.933136426951059805e-01,9.166474106752967588e-01,4.201019687344664799e-01,5.634349706373034117e-01,8.466627152703006809e-01,9.897055681521087500e-01,8.672087567866531010e-01,6.242218619081265629e-01,3.190088518510020843e-01,7.179342773692359847e-01,3.793690803793646760e-01,9.197742466593267219e-01,7.749638904014559682e-01,8.541821136210252519e-01,5.505672074434189156e-01,9.545900909678585178e-01,5.977288809364947886e-01,7.364387705972447185e-01,5.549898135921053077e-01,3.532042107949432408e-01,2.181048040971099167e-01,7.990201406616816993e-01,6.575443572172118278e-01,5.421278604099351028e-01,8.679854909735060797e-01,9.781587391820512067e-01,7.633912493902754726e-01,9.687561668714720353e-01,8.611866640304706166e-01,6.984465653119102946e-01,4.867029919054602360e-01,9.566796634801557619e-01,3.163300521489686434e-01,4.353347498697180962e-01,-4.096101717716835178e-02,7.052408405160305316e-01,4.586808960578088734e-01,8.747175290530360137e-01,7.030650267203455428e-01,6.287832834115306690e-01,5.946206520077879087e-01,3.191915059437394064e-01,2.531009683031742452e-01,7.814491843959683326e-01,3.428813346453672972e-01,6.980592157934847330e-01,7.939392516055824300e-01
7.676751224703362020e-01,7.444704005576993078e-01,7.662860928333893318e-01,4.266431721544087785e-01,4.332982216850748136e-01,0.000000000000000000e+00,4.895516200538450602e-01,5.865817342177340743e-01,8.254082919450047573e-01,6.141602565455009932e-01,8.991947417187725611e-01,9.658165144248395118e-01,9.776986977584397609e-01,9.926983685987897932e-01,3.937241522374300695e-01,3.127073998290491597e-01,7.307911213675650774e-01,5.240386301572144134e-01,7.045892420265487122e-01,9.755529136747805863e-01,6.207030997210273293e-01,7.379264785593384612e-01,6.802871525725083801e-01,6.158127491343390325e-01,7.103397022700203012e-01,8.730974133962166039e-01,6.425838426129389935e-01,6.427421768964438620e-01,6.094924059807225181e-01,4.547453179711526405e-01,5.206962328401487650e-01,5.806591595257424299e-01,8.443205105653499576e-01,6.945130071698909502e-01,5.088405262992808931e-01,6.586975061222312133e-01,2.335283085598353348e-01,4.441205182597368073e-01,9.889313430668459359e-01,4.210006432413736510e-01,4.048004380975190886e-01,6.629269995947824068e-01,8.429579802648855535e-01,6.062001750941445888e-01,5.587748448282604530e-01,8.615325821157621133e-01,8.853758904831489085e-01,5.694848433028818491e-01,7.607798753508142608e-01,6.255731806136592965e-01,3.877352870364616511e-01,6.048279378511272064e-01,6.030242384951369772e-01,8.904744045515894380e-01,9.835897382691906055e-01,4.513216963973392670e-01,7.328787553560707213e-01,8.478706158032064399e-01,8.023222333338630996e-01,3.590504338382625171e-01,1.685967844331470455e-01,4.275263310016919061e-01,9.812094477037759388e-01,8.147599406159471425e-01,7.653732393837630044e-01,8.357493094070271855e-01,6.766615152667829758e-01,6.622904861937100041e-01,2.997055401723583423e-01,5.279371898029493471e-01,9.112709401927450159e-01,5.657030913519280890e-01,3.810175545777358952e-01,6.767014843040943806e-01,7.686064262357524823e-01,5.297340442424232076e-01,9.432378483294883154e-01,2.053442594773910446e-01,1.719140514157322525e-02,7.998702562319901510e-01,6.491122633368402450e-01,7.656078235537001619e-01,8.402121576292581606e-01,7.186648500332111222e-01,7.256644839434548411e-01
8.482759695261148369e-01,3.914790377141283972e-01,4.757507289854220889e-01,6.629931678605894829e-01,4.535630773874800292e-01,4.895516200538450602e-01,0.000000000000000000e+00,6.505641455094810510e-01,5.443766248978341160e-01,2.870289083269017549e-02,4.667661543343013530e-01,5.541324853884006529e-01,5.585849215115422650e-01,2.893635456851916254e-01,2.196787558332904400e-01,7.068313717570959831e-01,7.571120421784128807e-01,5.197699539176922068e-01,8.197452306032741998e-01,8.515355539718039157e-01,5.899244645415946398e-01,4.571625689798065051e-01,6.391781366842312906e-01,7.427439085189898593e-01,5.632435109291143993e-01,5.537956090706031009e-01,4.606180743773705122e-01,7.549824127246841377e-01,3.996868141679750241e-01,6.101944413083933982e-01,4.187745414459524418e-01,4.895278842944489894e-01,2.015594844623730952e-01,7.493287688404476343e-01,6.846361891880031747e-01,4.046964325153357134e-01,2.817443993481735798e-01,4.104033621733814141e-01,9.978452261923922428e-01,7.470938946107844592e-01,4.278108595418608218e-01,2.859981339136759559e-01,9.111458773292743230e-01,6.471592066079919769e-01,8.417945703422934356e-01,4.103849367821558736e-01,4.639849448772511709e-01,1.846660127048474487e-01,5.870967743114483689e-02,6.963159621479556582e-01,5.704201468051480761e-01,6.027072198991284546e-01,2.668123395566596168e-01,7.533799951478722390e-01,9.295855779038320055e-01,9.292554156759367245e-01,5.332554320404624404e-01,4.322791009927360872e-01,6.232961890095345403e-01,2.356489837147081878e-01,4.511102227709578028e-01,5.456047288440459830e-01,5.672481796364080564e-01,5.882228703286396243e-01,7.884226530275195710e-01,7.108487998094011884e-01,5.154568205612717335e-01,9.039100078948080208e-01,7.376139390381383221e-01,6.749357993492469676e-01,6.289578366921376729e-01,5.986436128666131062e-02,4.589054434988734665e-01,6.100920313444433418e-01,7.041201461350534707e-01,9.587291864155966792e-01,8.249932441562154439e-01,5.887586506104108830e-01,7.208602598136326645e-01,1.949283981239469110e-01,7.975495569931061457e-01,6.738505786959703148e-01,7.445932324848629769e-01,5.928941716653992611e-01,7.864267152312661713e-01
6.505138684486510003e-01,4.939051839385296683e-01,7.512404747904410929e-01,9.440011413134152818e-01,6.094020361227959759e-01,5.865817342177340743e-01,6.505641455094810510e-01,0.000000000000000000e+00,5.589193662800032714e-01,7.784171091812366328e-01,5.505800198184498395e-01,9.753115817639903540e-01,6.782757217197225019e-01,8.619817139792752547e-01,6.712156456795761450e-01,6.238965539990408704e-01,5.071463886163751766e-01,1.077147828786889500e-01,6.707878191781954103e-01,8.115121177653830120e-01,9.221571703433771861e-01,5.255473378820026964e-01,7.178150250927138876e-01,4.622602876040979858e-01,5.376363472710602442e-01,5.655967937179466887e-01,3.305416017332743484e-01,6.433732186907457073e-01,3.257326151407507475e-01,2.928544013287500691e-01,4.696468254236565443e-01,7.541446415573450635e-01,9.828673667829446181e-01,5.995967631241884144e-01,5.387476904186989657e-01,4.798817196494015724e-01,5.831736313150568396e-01,5.452869751649876973e-01,8.431393239806346251e-01,6.542821926083283168e-01,6.508774886470942711e-01,6.459875235829831697e-01,7.573340361614385730e-01,4.054239638024502712e-01,4.148124539862189097e-01,4.130693692026178310e-01,4.220223194859804017e-01,6.914493614966293888e-01,2.011286384526044524e-01,7.003532730423547292e-01,4.764889758942991160e-01,6.744985246779022781e-01,7.381244807957473286e-01,9.662135093275145969e-01,9.111313048397203795e-01,4.263086205978280363e-01,2.128400052279946497e-01,5.513714275656025343e-01,7.639695260515738662e-01,5.433954314627779114e-01,7.211949715901234681e-01,7.067078504322751309e-01,3.179278097405593417e-01,4.889592634029061302e-01,8.623449274842238665e-01,4.679843861690878293e-01,3.179739385288071762e-01,7.810302215469785425e-01,6.292336172152018792e-01,4.512015057382974814e-01,5.585968511132355374e-01,5.191427179539508385e-01,8.754696648905273548e-01,2.229160378374890616e-01,9.525786161151721387e-01,5.807252824662151314e-01,6.402456048749054496e-01,9.260186148630361602e-01,6.440630331256570473e-01,2.091220415307233904e-01,5.318809848938186313e-01,4.340364259037110539e-01,6.322580043483065904e-01,4.839151579528497837e-01,9.453026826904604718e-01
9.518931399706292984e-01,5.837586050265530790e-01,9.959514706451960686e-01,7.372366099674464435e-01,9.528679210099830765e-01,8.254082919450047573e-01,5.443766248978341160e-01,5.589193662800032714e-01,0.000000000000000000e+00,5.185635500651027963e-01,6.442082499446400989e-01,6.269055870027169242e-01,7.810645545925996025e-01,7.325547369835838651e-01,5.289298805830097150e-01,9.049104140810616537e-01,5.013218441622615540e-01,6.377788923958271905e-01,4.399805640504301785e-01,7.276541409678096706e-01,8.762556261003480174e-01,9.459066487264926604e-01,7.411680756147313032e-01,9.561514809795261804e-01,4.926644840259922220e-01,8.536654035494726234e-01,6.284836010391990913e-01,6.922984068974623595e-01,3.314770682936850066e-01,6.046206001852951761e-01,5.283523499400051560e-02,4.036517828508414674e-01,4.485510700425424102e-01,6.057735210433886630e-01,9.509679841632459052e-01,4.224693742964327203e-01,5.230528125975012488e-01,5.924407514289915522e-01,7.044047279921241689e-01,9.880694304186369292e-01,3.403521289510494929e-01,8.317445352764279987e-01,6.713488648164870343e-01,5.610253177215747122e-01,8.522566466303774790e-01,6.412554003277096681e-01,9.928137036123902970e-01,5.118266562571786027e-01,8.659105794534944778e-01,7.661307821420839659e-01,6.277463848615740805e-01,6.025324899792351419e-01,9.000144466623257733e-01,5.586410313246970016e-01,8.510310386323842735e-01,7.228622572604571639e-01,6.275870373796136326e-01,9.438179597181123315e-01,4.447066070521216719e-01,1.821268413759262739e-01,2.082186296721110497e-01,7.324498163364412395e-01,9.967035169457379995e-01,6.964165268337891845e-01,5.167468747442949262e-01,9.948977707777716395e-01,7.413308801299025586e-01,9.705370672048976299e-01,8.069831091042298787e-01,7.823823822434747832e-01,8.989734572304802773e-01,7.817626628434980463e-01,5.904826163736772715e-01,5.859700314617516392e-01,-2.636390695882534496e-02,8.150237315894881540e-01,9.828596248002214875e-01,9.801872664663634493e-01,6.590764224351570721e-01,-4.193883092854530648e-02,7.968874404531280931e-01,9.535808318758394186e-01,7.848655794352934478e-01,2.535620717218201037e-02,9.791330351665148424e-01
2.019445719610046264e-01,7.063511669100834833e-01,6.723991048211417354e-01,6.817327712091696412e-01,8.120537913157220844e-01,6.141602565455009932e-01,2.870289083269017549e-02,7.784171091812366328e-01,5.185635500651027963e-01,0.000000000000000000e+00,7.500320572276879538e-01,4.605381846460925854e-01,2.746316669618620310e-01,7.345968726388725223e-01,7.401022196292897926e-01,6.405716276416977273e-01,8.238691861293062635e-01,7.670299240929110418e-01,5.871058446436533407e-01,9.301438552923098069e-01,9.414782161936970928e-01,8.595433071252571722e-01,4.129144051031663487e-01,9.064500678262197297e-01,6.336585775179611746e-01,9.996435025284398090e-01,6.175579981824909082e-01,7.401643569545168777e-01,6.504322957824990592e-01,9.453972163553137076e-01,7.775569174220307855e-02,5.272191328378484920e-01,9.615063170195118358e-01,6.507621422033658121e-01,2.387043186343281720e-01,2.214060537696481146e-01,3.710312229298116660e-01,6.604484611330904142e-01,5.995973265161610444e-01,6.643686466484725051e-01,1.343596447244611858e-01,6.810648458211229217e-01,5.818327784722517881e-01,6.201740496124698021e-01,8.720257476891044579e-01,7.521459693644739763e-01,4.782902041711398211e-01,7.409955408640191976e-01,2.602561795404260692e-01,9.275621891357723747e-01,7.699133047448920575e-01,9.952088973874932964e-01,9.272127444099004245e-01,-1.160322677826625265e-01,7.456381956768980412e-01,7.110841703596588737e-01,4.569536325314187963e-01,8.103797914454049511e-01,9.270973789097277651e-01,5.403696709364961270e-01,5.942195659197432311e-01,6.734122598055807263e-01,7.621567058049992793e-01,6.673187323699890650e-01,9.663859244714277930e-01,5.515182047048445835e-01,8.989326490078282106e-01,5.590865479885703815e-01,6.756317659366500861e-01,5.921279685319237318e-01,9.250735674451260326e-01,8.847304674192525420e-01,7.123926350953149189e-01,5.419645517608074892e-01,5.536891271955842742e-01,6.970138505847855992e-01,4.290622177727583808e-01,6.538228590963669484e-01,8.665191201375980201e-01,2.629143691448605491e-01,6.306274696278252323e-01,8.369759472280857704e-01,5.435685030187610289e-01,7.417913747246109857e-01,4.971898683574352829e-01
6.713218886115588369e-01,8.424316222096408513e-01,9.717916461210434065e-01,9.283863458442797034e-01,9.527512864887354160e-01,8.991947417187725611e-01,4.667661543343013530e-01,5.505800198184498395e-01,6.442082499446400989e-01,7.500320572276879538e-01,0.000000000000000000e+00,8.387128219615355151e-01,8.695466941367253622e-01,3.794013479075524220e-01,6.713725831359206309e-01,7.826083449840166573e-01,4.565439002850139594e-01,7.931685095889443593e-01,9.937518531925835230e-01,9.930064635421638197e-01,6.358455186258289427e-01,9.798492739896907944e-01,8.273127558060536790e-01,4.108443114046234079e-01,4.820438960131326889e-01,2.313579668123123267e-01,4.597402760011964906e-01,9.785259572140915241e-01,6.315216371366701997e-01,7.594028754042777551e-01,2.112370547532343434e-01,5.037967839010489834e-01,6.755492839710468544e-01,7.260209158985658773e-01,7.100851515978638950e-01,4.548158219885616305e-01,2.419807981770570049e-01,8.814628286220804743e-01,7.616197720162839468e-01,8.663547221884114746e-01,2.795632222255516885e-01,6.749305684313093856e-01,8.633733133425077755e-01,8.112168938273700558e-01,8.168236935821110434e-01,7.437264419856218778e-01,6.957672441914398709e-01,8.725852456540452717e-01,4.106164973995555245e-01,6.780627233042233470e-01,9.126992409685202867e-01,7.936551782159128043e-01,3.944075595892875263e-01,9.101841268176498190e-01,6.742358909349350782e-01,7.248134800528069910e-01,2.511430718705289222e-01,8.970129835827678200e-01,6.399646708602695355e-01,7.661540413934178062e-01,7.551322744747729354e-02,-3.698731268381648674e-01,8.569035995334797207e-01,9.429325925699919564e-01,9.385599895993363972e-01,3.797844658666756912e-01,6.122605477867189006e-01,2.644282239477864782e-01,4.413831508990505026e-01,9.317781990983382556e-01,4.133033401107774063e-01,6.945091620590916337e-01,6.426619046978102601e-01,6.550670251155971124e-01,7.647819771470313333e-01,7.730423550460876481e-01,4.092070577191832537e-01,9.544804376343223318e-01,2.327994436936378642e-01,2.876486953016579515e-02,2.822119046158630407e-01,4.833613852568535707e-01,7.715242076314676734e-01,6.691757970570447744e-01,4.288490720458271732e-01
8.053599673740444720e-01,4.560269243617411927e-01,9.573260678319378547e-01,6.486926024602407415e-01,6.476145269723359021e-01,9.658165144248395118e-01,5.541324853884006529e-01,9.753115817639903540e-01,6.269055870027169242e-01,4.605381846460925854e-01,8.387128219615355151e-01,0.000000000000000000e+00,6.642677774642576916e-01,3.176465931057941283e-01,6.970341011530181152e-01,9.985633439268304379e-01,7.718809870147105290e-01,5.052542280787800655e-01,3.234912244099523160e-01,7.869933767239256639e-01,8.012661899150539391e-01,6.691093722537824195e-01,5.548249309171102706e-01,2.893871995410577380e-01,3.017854241597419662e-01,6.533727267116322679e-01,4.391190462578792308e-01,6.292146230883529645e-01,9.688011678543906324e-01,4.047831394095345314e-01,7.668912709058076094e-02,8.482047491208988266e-01,8.293329266750824047e-01,7.169746430605011822e-01,6.924622391361393570e-01,3.553004357002560454e-01,2.311445455649516201e-01,7.410130428547154757e-01,9.160808192900486979e-01,6.016828792840527296e-01,7.944982037615002657e-01,9.429679237147159387e-01,9.493895961391916050e-01,2.158423250861271347e-01,8.721232892144034077e-01,5.156843823750080213e-01,8.679382561477460012e-01,1.871841983137941812e-01,2.378371614015635516e-01,6.422194648682882923e-01,6.777525564389110801e-01,6.497900552045685618e-01,5.019901092860504788e-01,9.397203079874290044e-01,3.371248715148161823e-01,8.396902673765540559e-01,1.617574793680305253e-02,7.825090495219698683e-01,8.404112250089151859e-01,3.735809532070086258e-01,4.196940118253661423e-01,2.859146499304271449e-01,8.165570605562558759e-01,9.092860980655387282e-01,5.968545691442008749e-01,7.151156433291933068e-01,4.443913411969587224e-01,9.496926497500074449e-01,5.944021798480041419e-01,6.455431732272290946e-01,4.828347786862031144e-01,4.681431575647707066e-01,9.769225655560523913e-01,6.988968584804604589e-01,2.272288699530791711e-01,6.917364923894496753e-01,6.627079090773402292e-01,2.231361698177122266e-01,4.717991360482875485e-01,2.575937956519449012e-01,6.391517577642391590e-01,8.208688495326550427e-01,7.359062180977733458e-01,7.261098507925947132e-01,4.280768899538742733e-01
8.624363876162753906e-01,9.761796475273305518e-01,8.739808322287431208e-01,8.547871016926473775e-01,5.906410184112192985e-01,9.776986977584397609e-01,5.585849215115422650e-01,6.782757217197225019e-01,7.810645545925996025e-01,2.746316669618620310e-01,8.695466941367253622e-01,6.642677774642576916e-01,0.000000000000000000e+00,7.199376050443163644e-01,7.540505718813053093e-01,8.016961558141041388e-01,2.926876086092584095e-01,9.451700407264881365e-01,9.310874046889929811e-01,7.416627126034780471e-02,9.788150479539459159e-01,5.729137837394981947e-01,5.032366044226339596e-01,8.350130585257758975e-01,4.581496682627187456e-01,9.843164586687824791e-01,7.581396196043510560e-01,2.213568378770043588e-01,2.842686304004389819e-01,3.832721130053121650e-01,4.998318865129043886e-01,5.794096264345244274e-01,7.613046250990276320e-01,9.533589196081013739e-01,8.373449631970857343e-01,7.413916292301060418e-01,3.243947444147368131e-01,4.013024450808381771e-01,9.677772268498784358e-01,8.027624015918465306e-01,4.887602664404440134e-01,7.391336439127310642e-01,4.273362964380185147e-01,6.560374794584352687e-01,9.136341676883601437e-01,8.334696367308482845e-01,7.361468821921096639e-01,7.418117657581896340e-01,6.581599516776015513e-01,5.278742568589317452e-01,9.391389186449672355e-01,9.618136596863563481e-01,8.225548602691818978e-01,7.227781515784141853e-01,6.213393280763808146e-01,5.856993600271004352e-01,7.498143627009260515e-01,8.574692499582861061e-01,9.782746114980787056e-01,4.373959465001546199e-01,2.157324543094366609e-01,6.196935475648305269e-01,9.911742075807317143e-01,9.763839085673429175e-01,7.587453148330305375e-01,6.401732027459490215e-01,8.996599511295679807e-01,9.603468030495375674e-01,3.438747970113733565e-01,6.562838472461863804e-01,3.025496527044756467e-01,2.981280999828061495e-01,5.288953457166419847e-01,7.288165273982942782e-01,5.277292401732245342e-01,8.011490680628745586e-01,4.384998870918767611e-01,4.494126200101168367e-01,2.187313369519146566e-01,5.372713249987040030e-01,6.971649934009745975e-01,6.854806540461678699e-01,7.496044331631482871e-01,6.236176182975590176e-01,8.567276936288774625e-01
9.409603134351459675e-01,7.208316569929354989e-01,8.150557405541933864e-01,6.088802927566027146e-01,7.210193782959971598e-01,9.926983685987897932e-01,2.893635456851916254e-01,8.619817139792752547e-01,7.325547369835838651e-01,7.345968726388725223e-01,3.794013479075524220e-01,3.176465931057941283e-01,7.199376050443163644e-01,0.000000000000000000e+00,6.861481547412233706e-01,6.249027853022161016e-01,6.867261327087880174e-01,9.993545517374878839e-01,8.644727939405676409e-01,8.679352056505540425e-01,9.836457113118336482e-01,6.103590476057622061e-01,9.995496472977414282e-01,8.637632262013210660e-01,4.417465564222629038e-01,4.470991749743224442e-01,2.627918784095891747e-01,5.391200810683018929e-01,5.636640630133427261e-03,6.188301137743933422e-01,1.744754965617821008e-01,3.953963984439277241e-02,7.762706424612205725e-01,7.955282787615507445e-01,8.965273510746064600e-01,3.429071474784377571e-01,3.876975545243359633e-01,7.467989485138657457e-01,7.120074047175827259e-01,6.254246233650201381e-01,6.510679303609759883e-01,7.295696058160252573e-01,9.168160240604228406e-01,5.421796801674863553e-02,9.208361044944399776e-01,7.273529041949980956e-01,4.607849413012918838e-01,4.562475046331856410e-01,8.392240458446288409e-01,7.604266489302692333e-01,6.385601483738863049e-01,5.893853683926811859e-01,9.163340413299430054e-01,7.594269301464615651e-01,4.694469110617895402e-01,3.819476666450433711e-01,9.083763558785427072e-01,7.119736181961697774e-01,5.619532127506403629e-01,8.470633509225281021e-02,5.036684113131054685e-01,9.876627411012133262e-01,3.566219332593533742e-01,8.913715589610485823e-01,9.354355095891907501e-01,6.387101044173603137e-01,5.461985406876445071e-01,7.322437439521471969e-01,7.119115297050151447e-01,8.761500130316006718e-01,4.871227137883443192e-01,9.776952313551713347e-01,4.049375856447633426e-01,5.545604519858087222e-01,4.235804215230531966e-01,7.051483134839376943e-01,9.978374539045173908e-01,3.934357662590975968e-01,6.778623721203747010e-01,2.868599282618278790e-01,1.023110409710795976e-01,7.988952351421118037e-01,7.218981789454943510e-01,3.708185333282955631e-01,4.737501661914897966e-01
6.566387986687246547e-01,5.232863667207886538e-01,8.846777313501104356e-02,7.945613768950909872e-01,6.554814124985675061e-01,3.937241522374300695e-01,2.196787558332904400e-01,6.712156456795761450e-01,5.289298805830097150e-01,7.401022196292897926e-01,6.713725831359206309e-01,6.970341011530181152e-01,7.540505718813053093e-01,6.861481547412233706e-01,0.000000000000000000e+00,9.329273379513735032e-01,6.280944178017957569e-01,8.682184107626801373e-01,4.895385165106864722e-01,5.859463265844256918e-01,7.332937205551577353e-01,6.024810752815304982e-01,6.446348153600568454e-01,4.904400870429073134e-01,6.333010519271606853e-01,5.312553850884769169e-01,9.992206699841421624e-01,9.459608132642113310e-01,4.599632254452605262e-01,4.996624575725460704e-01,3.232963410484561151e-01,4.266261008035315827e-01,4.626305587143622056e-01,7.379269455783322718e-01,6.479697893953307863e-01,2.739915845161252639e-01,5.378485775070971364e-01,6.891846933481964310e-01,7.583399490917319685e-01,8.632996914566924973e-01,5.087792079512113430e-01,7.720891430854522897e-01,8.392092555289933919e-01,7.884062770160678024e-01,9.357117721587764336e-01,9.573207026867933678e-01,6.354367730585915863e-01,8.197534801085808454e-01,7.592059835889289898e-01,9.010312872630270586e-01,6.832123289455809267e-01,3.726711938641814603e-01,9.508895175257607857e-01,4.094961741536347066e-01,9.319596783162197307e-01,6.320408331167717275e-01,9.005646947381670264e-01,8.675223041508691724e-01,9.145840224932069162e-01,8.021877663631852284e-01,1.697780994280922995e-01,6.743966362519323576e-01,5.705128813612485583e-01,6.618920255430729149e-01,8.618328941029866908e-01,5.250337532511984984e-01,3.220981302917084177e-01,8.561477889400881391e-01,4.571446990671396704e-01,4.225267633348534502e-01,9.371525380960852303e-01,5.595943142613400978e-01,3.459017625189980127e-01,5.349778739954716977e-01,7.857714395333825763e-01,7.717348825384054978e-01,6.942822663353193091e-01,4.258000083409635983e-01,7.750296780323322476e-01,3.659720642857996475e-01,4.753935729629208407e-01,9.341100090266517553e-01,6.493622288515679131e-01,6.874721610810419214e-01,7.330623867855317055e-01
9.753404557437128641e-01,7.272614589349495340e-01,8.032647474907068652e-01,5.164167493805073006e-01,5.019407356671143905e-01,3.127073998290491597e-01,7.068313717570959831e-01,6.238965539990408704e-01,9.049104140810616537e-01,6.405716276416977273e-01,7.826083449840166573e-01,9.985633439268304379e-01,8.016961558141041388e-01,6.249027853022161016e-01,9.329273379513735032e-01,0.000000000000000000e+00,5.918637228307865872e-01,4.533135121211067098e-01,6.451648766687642089e-01,6.687495240867861179e-01,4.472152735290315650e-01,8.920655711300133905e-01,7.135630226633021822e-01,6.217549331225323828e-01,9.366024608233854132e-02,7.854234342116956924e-01,8.738722333716361090e-01,6.121079674537180937e-01,9.942554119282223657e-02,7.772813029903824500e-01,5.941145106559173605e-01,9.861833970450258890e-01,6.850179323942180432e-01,8.547691861153376980e-01,3.159307855784939667e-01,5.908934521399129558e-01,6.220785157235614315e-01,6.192709790163039019e-01,9.423303129501886533e-01,8.169826252193921334e-01,6.163109606698712328e-01,-2.454395941893137145e-01,8.221235450123317579e-01,5.075096334263858866e-01,8.279768978939111568e-01,9.131361196733774888e-01,8.394343857756616512e-01,6.959063948750360273e-01,4.161687537683704807e-01,6.223175350232411640e-01,7.879776822967501371e-01,8.120908585786099643e-01,4.962601811168905197e-01,7.215252390060031829e-01,6.712030410023368532e-01,6.619357104505219080e-01,4.483757876878329829e-01,4.645982403314730114e-01,9.645137466220600198e-01,4.142293326557399125e-01,5.332384644129939399e-01,5.213332978601916690e-01,6.610670319886960966e-01,7.376670715074882256e-01,1.522712975154332515e-01,3.150715479542691710e-01,4.280858189526420277e-01,9.812406735407289693e-01,6.978807880631066052e-01,-1.982921392116215320e-01,9.206516994960866063e-01,9.577354320962793155e-01,4.855633103017121255e-01,9.359626935836518058e-01,6.823520900036393888e-01,6.553268160621746885e-01,7.079850549153968720e-01,1.105032703529829075e-02,7.696162659568203113e-01,1.447809102979965290e-01,8.501600822709576288e-01,7.767951523768361621e-01,7.706941128670559138e-01,5.589317420422496019e-01,5.074752855605163537e-01
8.282815195107540163e-01,7.678879666289630812e-01,7.477044552395055721e-01,7.822683332988631388e-01,8.374038531747607372e-01,7.307911213675650774e-01,7.571120421784128807e-01,5.071463886163751766e-01,5.013218441622615540e-01,8.238691861293062635e-01,4.565439002850139594e-01,7.718809870147105290e-01,2.926876086092584095e-01,6.867261327087880174e-01,6.280944178017957569e-01,5.918637228307865872e-01,0.000000000000000000e+00,5.343098077829093739e-01,9.609079912583338157e-01,6.410316122647263803e-01,9.652234537308421736e-01,9.364802157870126820e-01,8.446426340822859036e-01,4.251130911416439728e-01,7.849204107666769570e-01,6.250220331958856734e-01,9.528182556595801156e-01,5.133103216572955096e-01,3.529774828650135143e-01,5.262024968328936625e-01,7.091638633044579365e-02,9.724020754504433262e-01,5.491342484356936948e-01,6.361318579907115911e-01,4.539829387376576042e-01,5.961832252582344172e-01,2.267049637156064723e-01,9.940798099309969826e-01,8.657757003439543464e-01,9.171965871453133801e-01,4.715787550142340190e-01,9.663077118428303747e-01,9.907824687677232456e-01,2.900987702793189627e-01,8.367286466794580102e-01,2.888747155925504018e-01,3.357909883530819650e-01,8.424409706352934402e-01,4.853106523228322700e-01,9.462095951713257458e-01,8.782861085067221740e-01,9.978725366994918300e-01,5.760076175179965619e-01,9.145020598826899549e-01,9.874932029845364667e-01,6.101382391430301144e-01,7.856303585040066428e-01,7.537809582340032621e-01,6.570913627494323617e-01,7.895335524820635831e-01,8.258590678189507983e-01,8.325647884293747580e-01,9.808639225118613858e-01,9.275647929233890032e-01,7.386578829885913633e-01,9.224624787351907163e-01,8.391492457107442293e-01,9.261747819905729040e-01,6.046631379198743605e-01,3.924957336245959438e-01,3.810894612751272725e-02,5.576085515331884457e-01,5.972572568730284415e-01,1.513323132276582772e-01,6.395069449810577566e-01,8.164895614905884891e-01,8.998071483573875096e-01,4.719010393468429099e-01,7.314478729145674762e-01,2.933547288181964641e-01,7.730827946446900967e-01,2.287306172019892003e-01,6.621349752226812768e-01,4.466697677241303621e-01,8.563546102577243024e-01
8.041920838898047874e-01,9.181847960820492816e-01,9.706347993896879967e-01,6.616822467308679512e-01,8.463978830301717160e-01,5.240386301572144134e-01,5.197699539176922068e-01,1.077147828786889500e-01,6.377788923958271905e-01,7.670299240929110418e-01,7.931685095889443593e-01,5.052542280787800655e-01,9.451700407264881365e-01,9.993545517374878839e-01,8.682184107626801373e-01,4.533135121211067098e-01,5.343098077829093739e-01,0.000000000000000000e+00,7.381365113034009662e-01,4.419199205364491290e-01,7.295659401444113401e-01,9.537707514032166545e-01,6.871026434118258086e-01,4.550636262854818592e-01,5.019849069914887885e-01,9.895850214474424256e-01,7.691200030307665525e-01,6.187238559255593406e-01,3.694164070221800378e-01,1.732849140159455903e-01,2.920615806675715964e-01,-1.834977888280418523e-01,5.241243243077503555e-01,4.835191943438933437e-01,5.790667016688753055e-01,6.185269139352475021e-01,5.739086950475362769e-01,6.139150965411533933e-01,8.786537504139169119e-01,9.946411945841102664e-01,6.600986590100914597e-01,7.758812760300050071e-01,9.358906815206452512e-01,2.543337298573395966e-01,8.740517372698730636e-01,8.207135218093245532e-01,5.304147044198277428e-01,6.781524283564277500e-01,6.929068647735556752e-01,6.887069674431349764e-01,7.880992249113593084e-01,7.525666349143200762e-01,8.481864295835804812e-01,4.091822610546369532e-01,7.505662397934632635e-01,5.893640136011318864e-01,9.132924352683964297e-01,5.123542633876790875e-01,2.459669154173743100e-01,7.562626577393141147e-01,6.907734340088531599e-01,5.150086682514071201e-01,9.964171515523785327e-01,8.915550424727690659e-01,9.211964120414452006e-01,9.938549430794101358e-01,4.709346456233261535e-01,6.960435851276933761e-01,7.261500896029161600e-01,6.433708217515103911e-01,1.777953325765913584e-01,4.543296435626392182e-01,3.581264904255554993e-01,5.685805455193697622e-01,6.432232517460627630e-01,8.857666123754135423e-01,4.444779197734162746e-01,-1.384803729545127648e-01,9.860894990881118038e-02,3.882731161873351766e-01,5.478643137865913948e-01,8.619367381870925993e-01,9.360788168203160176e-01,2.326361337025839027e-01,4.080674752867273214e-01
