0.000000000000000000e+00,9.234019178838064335e-01,9.004380457507634716e-01,5.302442619591231088e-01,8.119063638897481283e-01,9.085264183264386562e-01,5.445657257119754791e-01,5.137082566490380753e-01,7.086425723279832223e-01,9.152608448653063444e-01,7.400288223970047374e-01,7.027233824749995472e-01,9.768473831019288678e-01,8.831171698285171789e-01,4.637063692293473260e-01,9.188415241295941893e-01,4.865791133799086121e-01,4.345574406366125020e-01,6.747617921783095607e-01,8.915463038290807329e-01,7.248976006299567842e-01,9.149296613051687288e-01,5.807093389452780974e-01,8.652121599612516700e-01,7.989233650709652856e-01,6.863028334547230935e-01,5.120113893414163231e-01,6.866315276200948281e-01,5.972884236479782949e-01,2.004544854161136591e-01,3.808156194086675383e-01,9.671974626022475929e-01,7.424948445936259134e-01,9.044658973746089181e-01,9.551319292793735150e-01,5.414520070658187523e-01,5.274049611958857575e-01,9.563940820412160093e-01,5.096956844922758689e-01,8.886845533145084630e-01,5.653860224870375095e-01,8.137514835420288639e-01,3.344529835291449871e-01,6.707374755761343899e-01,9.590968129445821555e-01,8.460129681424480852e-01,8.302109991118528098e-01,7.451307240669083898e-01,6.167768679138475596e-01,9.766847902883533106e-01,8.487981861878832746e-01,1.810742721571401322e-03,7.144697434063934649e-01,6.012220753016375152e-01,8.219013212582305661e-01,6.410389167933494559e-01,6.808299109788882308e-01,8.320674980302819046e-01,8.224395601284997248e-01,6.887663141962248048e-01,7.635638241778264224e-01,9.925669302712191167e-01,5.695328927308787037e-01,6.783126659118475787e-01,4.338115401962363005e-01,6.796233668309769049e-01,9.410377719087026360e-01,7.799807981692228331e-01,9.454480017640831679e-01,6.176692382446417051e-01,8.652530943601355329e-01,8.571270685262871725e-01,2.205372536501135905e-01,7.234380934218462844e-01,4.979708929091698488e-01,6.618054281914954595e-01,5.060133218159919011e-01,2.530989788191891354e-01,4.597826958793398422e-01,5.121041973170001871e-01,4.048378401247590408e-01,3.884721649517060005e-01,9.192449201672046044e-01,-8.526476498454865771e-03,6.838140544636749363e-01
9.234019178838064335e-01,0.000000000000000000e+00,6.875125633514362899e-01,8.847208127681887024e-01,8.459193938075491026e-01,9.387587060344192436e-01,6.941085221708978015e-01,5.031033079166888911e-01,5.811152512204094123e-01,6.699380581771904319e-01,4.735712983358384420e-01,6.738297807546959062e-01,8.521650920854930700e-01,9.069282421563142904e-01,5.113551627427218582e-01,8.273189013220135779e-01,2.282470757660881033e-01,6.714323844229150851e-01,3.242439114485707319e-01,9.316711085700299932e-01,7.277115974412043942e-01,2.812656970150843039e-01,8.115992761531687361e-01,8.848520802758471637e-01,9.529395635704379641e-01,4.596873837081733027e-01,9.026469147599285314e-01,9.482057159261665369e-01,7.586689337349832307e-01,4.602491221494845464e-01,-8.433906742919550226e-02,6.226107639014850648e-01,7.020867622269238995e-01,3.746015830928784984e-01,8.114484497426021070e-01,5.693423067931683290e-01,3.742230688589963661e-01,7.607787785394100055e-01,7.111799406900356502e-01,8.357157933770776870e-01,4.840557749096692230e-01,3.219545348582425470e-01,6.622944513410713441e-01,2.061976552434923726e-01,7.989537437034276435e-01,8.547408731074430666e-01,9.266170433343670076e-01,8.268861519823269557e-01,7.172075193947663463e-01,6.755020067050463428e-01,7.984236053961434321e-01,5.586874227955360706e-01,1.591061153941335515e-01,5.737034121034676470e-01,8.241511976729198885e-01,5.936945627512802970e-01,5.265681480429824646e-01,7.479058762731315424e-01,6.593822914171458827e-01,2.534195117349806736e-01,2.975878094901533988e-01,8.292711988867466077e-01,9.028166693942389909e-01,9.846257848990830341e-01,8.682690426822210483e-01,6.581270283459466075e-01,2.007261434529853394e-01,6.445879413941137948e-01,8.108437754374374640e-01,7.057286481746496420e-01,7.601223063110469358e-01,7.904965641670038679e-01,5.725819567629644169e-01,7.946768517867168757e-01,2.275249515271578205e-01,7.550681463715586128e-01,9.060815570202936930e-01,4.975157624917050381e-01,2.635143140051118826e-01,5.144714648358685860e-01,1.974019344338655557e-01,9.118959754729063505e-01,7.457847192516644519e-01,4.805500221986024334e-01,6.956035231423376430e-01
9.004380457507634716e-01,6.875125633514362899e-01,0.000000000000000000e+00,6.604750298262657138e-01,5.381618113093511457e-01,8.034955549778546313e-01,9.260643015222821406e-01,9.989438192410962092e-01,9.308298896809445999e-01,9.418868380829664710e-01,5.923049854765378708e-01,9.804213860071337994e-01,7.350071349091163997e-01,9.947617937491737283e-01,6.465170094418437596e-01,4.311935798654779051e-01,8.590970504507431382e-01,7.045765342102624507e-01,9.073228564644441052e-01,8.618650160157346196e-01,8.301771913656452728e-01,2.501056609957937327e-01,7.803641572405255467e-01,8.138876243452237702e-01,4.242069203663823007e-01,8.777020455347298578e-01,8.339796104241189445e-01,8.428430233294381679e-01,2.100241655779883643e-01,7.360690482454135264e-01,3.005275338447180311e-01,8.758438046354194428e-01,7.907166255582028791e-01,7.270741652054715232e-01,8.043630119921574284e-01,2.439544488482768836e-01,3.000699469922812335e-01,8.126424198616892802e-01,7.973182033712049588e-01,6.813060821014750301e-01,7.232258141016308928e-01,6.961406409919750349e-01,5.428934629067327933e-01,5.204055617688767565e-01,7.952721131204675276e-01,9.069833857603153415e-01,8.321494451287584360e-01,8.390845577484900009e-01,7.941519962693286416e-01,8.519726086916203922e-01,9.836541977493051814e-01,8.728447438446944595e-01,7.509941027118866019e-01,8.528029618719190630e-01,2.566470115129716456e-01,7.184785857568237732e-01,8.332922725959430732e-01,9.302216130144396189e-01,9.739059511197013519e-01,4.282675171747133969e-01,4.989953096305286273e-01,8.385845489919974138e-01,6.581299548344687889e-01,7.971642195589244695e-01,7.619478644765810271e-01,9.848899320951889358e-01,9.483002655185370777e-01,7.599932746126081273e-01,8.206934662798359703e-01,8.217837884484855415e-01,9.398747542825498513e-01,6.340583725076138766e-01,6.979775662282425852e-01,3.249440137818190300e-01,6.389209247330189800e-01,7.768932618903404697e-01,7.268782029038279857e-01,6.144688509350482164e-01,5.772175639455583429e-01,5.824578308365353507e-01,9.404840686770870040e-01,8.989811051311354939e-01,9.057803330106224404e-01,9.107871314750886071e-01,4.030524059123339331e-01
5.302442619591231088e-01,8.847208127681887024e-01,6.604750298262657138e-01,0.000000000000000000e+00,7.322005950475355407e-01,7.736093481636475699e-01,1.762583164554129000e-01,7.906220642658685627e-01,8.630343992939653042e-01,6.610292904023249427e-01,9.131696652779923706e-01,8.182228650467462394e-01,7.247201550032923434e-01,9.532304283219423802e-01,2.990035782954921784e-01,9.212507791230782894e-01,6.454589781129409509e-01,9.514052480125003708e-01,9.964275524275487683e-01,6.667909443992239282e-01,8.786056310537245784e-01,2.934609043816051588e-01,9.697866992133076236e-01,8.498543321757042746e-01,6.611340888682694095e-01,7.914480604084423998e-01,5.523537063615319154e-01,6.938182579438211262e-01,4.305349986844980714e-01,6.088004706849398096e-01,1.866414806961611272e-01,8.555337291525024757e-01,4.688421572454349873e-01,7.482870279024395055e-01,6.680404036040539228e-01,2.725218158515259614e-01,4.244068493715746904e-01,7.173701695328374983e-01,8.515018973033078309e-01,5.559398944202647019e-01,6.265070400022114683e-01,9.327416829116623731e-01,4.204762837217559945e-01,8.146104379223667591e-01,9.031886284298795697e-01,7.117447401660805806e-01,4.191518656187004366e-01,8.094922903429271344e-01,8.002529012576857781e-01,2.453043929262112011e-01,9.965645172012199682e-01,6.897564276669759797e-01,3.378589826375100191e-01,7.765273862881487688e-01,8.589036343830745712e-02,8.104947774968457308e-01,2.940975901300008633e-01,6.037362602219551455e-01,7.723974582727520799e-01,7.890124266399082265e-01,5.835233616679119661e-01,4.245076564388334250e-01,8.884967168906170443e-01,9.876604093116810867e-01,7.485969814792117205e-01,9.406988561554756600e-01,7.830770821484435151e-01,4.371236737368178193e-01,4.105974658159846635e-01,5.921803372749616656e-01,6.794533730812868377e-01,5.542363952973032859e-01,2.481533296890210960e-01,6.036796313934976732e-01,6.168382497148864330e-01,4.513780143768574837e-01,6.261837634907225780e-01,6.024077195628415593e-01,2.098625863203288922e-01,7.130755749736601423e-01,5.873910487795128699e-01,7.679180615571403745e-01,4.959357929178055957e-01,4.743628136668783801e-01,7.961983340125551312e-01
8.119063638897481283e-01,8.459193938075491026e-01,5.381618113093511457e-01,7.322005950475355407e-01,0.000000000000000000e+00,4.447869631576819582e-01,2.544365131558160020e-01,2.968541581377086569e-01,4.744515324732875294e-01,7.732926406377298445e-01,7.711246754631007061e-01,8.725114152270401213e-01,7.883671307660566896e-01,2.550055116949505041e-01,9.158465247338762882e-01,8.967817417003125513e-01,4.552177063466941731e-01,6.929288708001342112e-01,6.947936248106947321e-01,5.055440832800605078e-01,7.616761183836208149e-01,2.056239803673600708e-01,9.570911309929651667e-01,2.134089607442231362e-01,4.243377163526113605e-01,7.594379389675344205e-01,8.477126760777268233e-01,3.359783115055490210e-01,4.177781102924640888e-01,6.328531916780378852e-01,7.201250156234118016e-01,4.666234986091370440e-01,9.144581699118284890e-01,5.430098047768204816e-01,4.270986930135607929e-01,4.394925623745977727e-01,2.771139891864522475e-01,9.201780708428877187e-01,9.339349717443532484e-01,9.952792233051239723e-01,4.016312282625423835e-01,6.550326771109364898e-01,4.791452752603596599e-01,9.491757210270511669e-01,9.495070609739219014e-01,8.712459323044482451e-01,7.447243329268287138e-01,8.911844032156344131e-01,5.664085103451086400e-01,7.499678502821004455e-01,7.866159042550591174e-01,8.141441804073570321e-01,8.148320835368407788e-01,6.518903282291251822e-01,9.098775082286489901e-01,9.050700531999693599e-01,6.578192047762667638e-01,6.802989308435957172e-01,7.294367225149125389e-01,1.410166198375104318e-01,4.611107512212923032e-01,6.780497323831637946e-01,6.966193588004500059e-01,7.861420390810547332e-01,8.757869749752077437e-01,4.350734503046470025e-01,2.741178558167139956e-01,7.188697977720086563e-01,3.747756178431780327e-01,8.643251387533965602e-01,9.787217111762831490e-01,5.349214014564266373e-01,3.225180863371786000e-01,5.472576100974780866e-01,6.264783441241116302e-01,6.074932300015600806e-01,8.527209079850029960e-01,8.299926477643512213e-01,3.962746126709055794e-01,4.677475680346820930e-01,9.467766477444223838e-01,7.102109546041509569e-01,8.793656402759140178e-01,-1.459383012581656480e-01,8.381795772472431238e-01
9.085264183264386562e-01,9.387587060344192436e-01,8.034955549778546313e-01,7.736093481636475699e-01,4.447869631576819582e-01,0.000000000000000000e+00,3.117559665453029649e-01,1.495247794525341456e-01,8.688116405968084877e-01,9.224340394989045677e-01,7.011696741579342973e-01,9.040053945229773458e-01,-5.186847289097087921e-02,6.533800653343698750e-01,6.789821996451199659e-01,1.881694743972133210e-01,6.186717027720486373e-01,7.575297971504921790e-01,9.115835761939006243e-01,6.471918444733527620e-01,8.520181161677272685e-01,6.894005098480818772e-01,9.706086525935715414e-01,5.630876990744024813e-01,7.455206474021063290e-01,8.823819988225107824e-01,9.860125247941077253e-01,9.611925201867579371e-01,2.019379763534614736e-01,1.310372145553848761e-02,3.932153671590351562e-01,6.145123310508791015e-01,6.165228442696514266e-01,7.997403785292150902e-01,6.405554089119506189e-01,4.189000695291595355e-01,7.257032551562735412e-01,7.799989025756391969e-01,9.299270572602730267e-01,8.583821513290895711e-01,5.845373468312412557e-01,6.260951243410683986e-01,8.328645119932291951e-01,9.498403807740962712e-01,9.854428515860709226e-01,4.923755374230317505e-01,8.943453234085343428e-01,6.105546296828847641e-01,7.277654123125039121e-01,9.178368699128133246e-01,3.091226247542214756e-01,7.304158607556653360e-01,6.639562680444239806e-01,4.336390184778978751e-01,3.923290620050766675e-01,6.532949015768236833e-01,8.695228452348190418e-01,8.206552767342250032e-01,6.028975601156285613e-01,4.433636777983478439e-01,7.538951827944484485e-01,2.763771716310819415e-01,8.242842391660806234e-01,9.871080610724081161e-01,6.242546233485071205e-01,3.513265123253919014e-02,4.150422745673420510e-01,9.532101220798926411e-01,5.442232252206242737e-01,3.509192935203931940e-01,2.291180735606523355e-01,1.916876047837912100e-01,8.528672730497923737e-01,4.286690539510985554e-01,6.842406710144904869e-01,8.836443822743894616e-01,8.654366396690121865e-01,6.461248618315064141e-01,5.157406083532408703e-01,2.947885039480662162e-01,5.868909334706817749e-01,8.987898274501429086e-01,4.332298558538679178e-01,7.686152440012874454e-01,6.178084226176375759e-01
5.445657257119754791e-01,6.941085221708978015e-01,9.260643015222821406e-01,1.762583164554129000e-01,2.544365131558160020e-01,3.117559665453029649e-01,0.000000000000000000e+00,6.045922411652165929e-01,1.763959585870498170e-01,6.814986972740975091e-01,6.673095744529272677e-01,7.101765175865225599e-01,4.838422052609098745e-01,3.743233399334590095e-01,5.171114981395500410e-01,4.836144819686313823e-01,8.248177922121017192e-01,7.580111608652668753e-01,1.801537045041577134e-01,7.013183231265517348e-01,7.061359951168358906e-01,5.825332516335886002e-01,7.526174792808936198e-01,6.533335949397758302e-01,7.446544216362760427e-01,9.164267870441198394e-01,4.512037130567110865e-01,6.438439075547882640e-01,2.748295858432340255e-01,5.708490795107545868e-01,6.722449471688153322e-01,5.294504045629795375e-01,4.197623155368995773e-01,3.374224511240503377e-01,4.391126647040153319e-01,7.920012206849565972e-01,2.966872934152642860e-01,3.224853136720671198e-01,4.198564265389189698e-01,9.554641799365876098e-01,8.959650971175634471e-01,6.436849298907876271e-01,4.055486459420450940e-01,4.200282767987549848e-01,7.165411147788462998e-01,3.792043171286088032e-01,7.419387016643040900e-01,8.339969725093577813e-01,7.034446080208437424e-01,4.930469813232580822e-01,6.710798591692105353e-01,7.392261388247328702e-01,3.833719779062980670e-01,5.909873563444852929e-01,6.936911948658089910e-01,8.620546113156500878e-01,2.106845837656865228e-01,2.941850959963564494e-01,6.293328056834621709e-01,3.467109887430148696e-01,3.023162451212435542e-01,2.018983348817409429e-01,5.267908420788668389e-01,6.110166444458131618e-01,6.550227950665379328e-01,3.762955945048145345e-01,6.395703865064625848e-01,6.686623647526213077e-01,4.183396974459908657e-01,8.706353689340637914e-01,7.135826859978302572e-01,4.343371108953341109e-01,5.192417991532216615e-01,3.848623488163186446e-01,7.620424710165498716e-01,7.934069487912458474e-01,1.728453206004926246e-01,5.340875245991697495e-01,3.049539966085735854e-01,1.368529306494243314e-01,7.351675850314074445e-01,7.947697945605440850e-01,4.254472317145813753e-01,8.381966370960354240e-01,4.880458923877689648e-01
5.137082566490380753e-01,5.031033079166888911e-01,9.989438192410962092e-01,7.906220642658685627e-01,2.968541581377086569e-01,1.495247794525341456e-01,6.045922411652165929e-01,0.000000000000000000e+00,4.445923084820220250e-01,4.148642135064035674e-01,6.144488381675825561e-01,7.681025488653082656e-01,7.784721096480147207e-01,7.476665474111739984e-01,6.046920242649619359e-01,5.298933410181678738e-01,6.296500147652071000e-01,7.925162631965827487e-01,9.661052373154603856e-01,8.739768578700580770e-01,9.163278516549602237e-01,5.492017233009278687e-01,9.774491104974003530e-01,7.191872248482875651e-01,2.556944851140569575e-01,8.792809297487595988e-01,3.585350443741536219e-01,8.203311214936227502e-01,7.550469560809386360e-01,6.168927274188742982e-02,7.337678907185599675e-01,6.682450268249736647e-01,4.536890408843206185e-02,5.045618601341776976e-01,6.415262652159310353e-01,3.433435076835243960e-01,4.427267656039312049e-01,2.996082292291983862e-01,6.127262256506821325e-01,4.879084655383725266e-01,5.767313177712717343e-01,9.692978908679511507e-01,8.638595176707114520e-01,7.831311824352743534e-01,6.360033558357139905e-01,2.668939606870619485e-01,7.555989981080624140e-01,7.465276966221573440e-01,6.438733614773134439e-01,9.285036862641506961e-01,7.404896278641438512e-01,6.007730322295756764e-01,9.432083367367072313e-01,3.512853189311155866e-01,7.606732306932530996e-01,7.705332222758900507e-01,3.557724757207085808e-01,6.964060612360423175e-01,4.460681253786974998e-01,5.079560441693825590e-01,8.114355696145657271e-02,8.562712095908646681e-01,6.420483349534856776e-01,9.177733360810338414e-01,6.727476296907421993e-01,6.423960588660204696e-01,4.998715622756969568e-01,7.832523274822336123e-01,8.252572006959268958e-01,6.757046115924576490e-01,9.391958773383044523e-01,4.172220486549281793e-01,4.700234417337313952e-01,3.896031816481985155e-01,4.416916952079943393e-01,2.080253271183130359e-01,9.057164480599555478e-01,3.773421338984707107e-01,7.245510329587782072e-01,2.380577973761092148e-01,6.078817620590328819e-01,6.214925187790106831e-01,5.505552326395445339e-01,6.761701186391356755e-01,7.419911057487844630e-01
7.086425723279832223e-01,5.811152512204094123e-01,9.308298896809445999e-01,8.630343992939653042e-01,4.744515324732875294e-01,8.688116405968084877e-01,1.763959585870498170e-01,4.445923084820220250e-01,0.000000000000000000e+00,5.337533040248791938e-01,2.818973525859731488e-01,6.109379331124062951e-01,6.819514477492107929e-01,8.525767403973710801e-01,3.657504143142162878e-01,9.231441088170226905e-01,7.617028815974609124e-01,6.517337447199171852e-01,6.357556725358803895e-01,9.320866342035809549e-01,8.039138457275243344e-01,6.966422865842429868e-01,6.220187066620417315e-01,9.571463103565445163e-01,4.272855620891271577e-01,7.988146334898305057e-01,6.311469824450348653e-01,8.020976500694373401e-01,6.922511917128947312e-01,4.111622304821827001e-01,4.500280415170475612e-01,6.096374968090533253e-01,5.159283930306928223e-01,7.165347503343614255e-01,2.161483926034881708e-01,6.951278069938048310e-01,4.766000085690343391e-01,8.289051760623796783e-01,9.288431995603311231e-01,9.542947205910221609e-01,7.292541099938842919e-01,5.100241509437763998e-01,6.929617884038957731e-01,8.918183407968743870e-01,7.080256555442797639e-01,4.707918942967857512e-01,7.607216362034034951e-01,-1.831042833368131395e-01,7.663664597912966947e-01,6.533814468278054122e-01,4.614760684863075113e-01,7.901863134584732329e-01,7.670894920217306012e-01,6.046016908408424761e-01,7.307709268334436903e-01,5.107008117069352648e-01,8.440225842603974460e-01,4.584348959479085384e-01,4.825717225758858753e-01,6.361472610929703730e-01,4.357117746771767552e-01,7.141148484577853894e-01,6.633469616928854284e-01,9.915751193385817785e-01,8.177281298338399118e-01,5.391308021726313182e-01,7.083004220059071487e-01,7.401815676428771251e-01,3.136839979148602353e-01,8.343773582206341910e-01,4.726343435614728250e-01,4.313438071181574518e-01,2.704839213986796609e-01,1.943203754584077632e-03,7.920871327341629797e-01,7.700332609545585960e-01,8.847736075608036987e-01,8.172287006855359914e-01,5.993031927662481051e-01,3.711411156571898240e-01,3.802584923787382526e-02,9.255623956283746123e-01,7.419613645086582387e-01,8.924376426614004654e-01,7.139327976101743634e-01
9.152608448653063444e-01,6.699380581771904319e-01,9.418868380829664710e-01,6.610292904023249427e-01,7.732926406377298445e-01,9.224340394989045677e-01,6.814986972740975091e-01,4.148642135064035674e-01,5.337533040248791938e-01,0.000000000000000000e+00,8.432353862093830976e-01,6.069637578519299081e-01,5.248366986690982117e-01,7.602525786975675715e-01,2.558459361008079136e-01,8.733655237025736984e-01,9.420015220331166006e-01,7.006869069188653709e-01,5.067840870250474028e-01,8.695721939426899194e-01,9.414035135857937719e-01,5.623298930425144615e-01,5.629450065552041860e-01,8.524445913766959260e-01,7.859336690697990013e-01,8.527362526960278188e-01,8.168041981259223094e-01,6.554798414967852871e-01,9.335950045460612579e-01,5.078831953095404028e-01,5.905455816595966967e-01,6.803402737648838183e-01,5.323774994517985748e-01,8.085999965010877144e-01,6.945484638253605070e-01,3.331243535126190425e-01,4.238262770761028198e-01,6.344883548008104501e-01,2.815542223445888781e-01,9.362765896437563740e-01,5.935551303382193833e-01,7.238886610398107546e-01,4.146562040194420318e-01,5.025695749752977504e-01,3.942653948556532617e-01,6.438981871839766224e-01,7.565850415277948215e-01,8.867649536051014358e-01,4.612920798428248315e-01,2.763953543031945626e-01,8.372962326544739486e-01,4.567522214622173338e-01,-7.817199357411157290e-02,6.639964602319861076e-01,7.333175479333999824e-01,3.278934859040878447e-01,6.161679574215768174e-01,9.632585593966731530e-01,7.646875605111516094e-01,4.720155771717907123e-01,5.914331809777990667e-01,5.069083612468411326e-01,6.823911238472623042e-01,9.333355797615341398e-01,9.658962469182972299e-01,4.097830878618717865e-01,6.885988811093349815e-01,7.996204830508607531e-01,6.617175619352291260e-01,9.996994456069956403e-01,7.555138430281647943e-02,2.963835661815497624e-01,1.660283947481126232e-01,9.803779947882664825e-01,6.179920592714754912e-01,7.435627639291682023e-01,8.349814903042082070e-01,5.345902383321106122e-01,6.603524671108045307e-01,3.075832575885492082e-01,7.487856845536853267e-01,7.173665963483459862e-01,5.136776032558443283e-01,5.008993423590625271e-01,6.083223030507578510e-01
7.400288223970047374e-01,4.735712983358384420e-01,5.923049854765378708e-01,9.131696652779923706e-01,7.711246754631007061e-01,7.011696741579342973e-01,6.673095744529272677e-01,6.144488381675825561e-01,2.818973525859731488e-01,8.432353862093830976e-01,0.000000000000000000e+00,7.693478789390423289e-01,5.166339863411005817e-01,6.469182577414502866e-01,6.648956079092872562e-01,6.845639136057369845e-01,7.390275256500522527e-01,7.963721054816111922e-01,6.079071512600108251e-01,9.566480611322497607e-01,6.701025606742271323e-01,6.315880508836295426e-02,9.426695815980447035e-01,6.246083567117198809e-01,5.394636620309694042e-01,9.588610882373788113e-01,5.928104685059945034e-01,7.011906032140220457e-01,3.247846529128305404e-01,4.623288198962189899e-01,7.395357208150609152e-01,6.981584424727890203e-01,1.882389126522342471e-01,7.457181506242233082e-01,6.902732931368363856e-01,2.745233166485303578e-01,2.932392166705884984e-01,8.688910284321466060e-01,8.107744138430045266e-01,7.412519579180363305e-01,1.048061500350782604e-01,6.797538497620736475e-01,8.859486296655399995e-01,9.012553760597464825e-01,8.403324226663241303e-01,5.756869481743146499e-01,6.847417209490587187e-01,7.180491631897464311e-01,7.184373609486098822e-01,7.788412284448976708e-01,2.290193948625713349e-01,7.367489154903086312e-01,9.734651329951800047e-01,2.711733618772604326e-01,2.619327615522522579e-01,9.022915471948655952e-01,6.218161217880244784e-01,4.902870950219773705e-01,8.368346071043066825e-01,6.868276935433589303e-01,7.505811796026778948e-01,6.218491115485481613e-01,2.370854636401749649e-01,8.758901783474584146e-01,7.604916671185668609e-01,5.655662569830964825e-01,6.969438551665231296e-01,9.402492084126248262e-01,3.963846290539130290e-01,8.181251628590595626e-01,7.552341595431945054e-01,5.973558113430966765e-01,2.109009012252245352e-01,4.854511667633722993e-01,5.373521290231816350e-01,8.598818593865314996e-01,2.051698107102080670e-01,6.124234231347247537e-01,7.604906909985664765e-01,1.186399143799042877e-01,7.323017304000560834e-01,9.321822405086922503e-01,5.793234373504239088e-01,5.740587627950202165e-01,4.139718525253474057e-01
7.027233824749995472e-01,6.738297807546959062e-01,9.804213860071337994e-01,8.182228650467462394e-01,8.725114152270401213e-01,9.040053945229773458e-01,7.101765175865225599e-01,7.681025488653082656e-01,6.109379331124062951e-01,6.069637578519299081e-01,7.693478789390423289e-01,0.000000000000000000e+00,5.969502224530615075e-01,7.675515922965666649e-01,3.257550938721989198e-01,6.514559950965502777e-01,6.983589481585016356e-01,7.117754426053304329e-01,9.363402862509031532e-01,5.531943093023440339e-01,4.516993000799857660e-01,3.356262118432162822e-01,7.664790699326704537e-01,7.595806769847879281e-01,3.566183778934264303e-01,6.704997249833278827e-01,8.768428979480964447e-01,7.648712485687920726e-01,4.903792358343789792e-01,4.594397048980212173e-01,7.509653387727843743e-01,5.832696127087372284e-01,5.496160778701233429e-01,9.637005343670546065e-01,6.043732163268101809e-01,4.548362220337023865e-01,2.295159396354706227e-01,9.918880287147320285e-01,8.109167882698335994e-01,8.267231141611064427e-01,3.094885736343062632e-01,8.750883866993682814e-01,6.437512661066819852e-01,5.450487544130799833e-01,9.248771551815953007e-01,4.905673739621287388e-01,7.698553710786946169e-01,3.172729388031023112e-01,6.295796885393597497e-01,9.961407181765307151e-01,-8.228354926820680149e-02,3.809835782107394708e-01,9.104228279789148282e-01,6.991936446347125633e-01,9.835171070128938542e-01,9.922624449554888759e-01,8.792810514071709438e-01,8.878423570180317137e-01,6.552808393596781800e-01,4.331558800136978693e-01,5.922264505174351656e-01,5.903826278543450323e-01,4.022254076543979595e-01,9.433916838703819696e-01,9.247406238834197101e-01,5.335506805386700524e-01,6.288272205632088330e-01,9.933671022311809651e-01,9.072856903138534213e-01,9.761396597321450042e-01,8.079547099654298403e-01,9.510896210385199057e-01,4.143265196315819576e-01,-1.375387407529020944e-01,9.764432845444492859e-01,5.614862460358954754e-01,7.812802262924272156e-01,7.901697848170206040e-01,6.222227493126087916e-01,2.553258401132781352e-01,3.247565690634092728e-01,8.001061629775829687e-01,5.121713641370033709e-01,2.586714530777761145e-01,3.111183152047800049e-01
9.768473831019288678e-01,8.521650920854930700e-01,7.350071349091163997e-01,7.247201550032923434e-01,7.883671307660566896e-01,-5.186847289097087921e-02,4.838422052609098745e-01,7.784721096480147207e-01,6.819514477492107929e-01,5.248366986690982117e-01,5.166339863411005817e-01,5.969502224530615075e-01,0.000000000000000000e+00,6.109423111622920288e-01,6.076765281718692346e-01,8.601587906755323587e-01,5.236172600573824054e-01,9.011213474412262947e-01,6.970658533350562180e-01,9.307971482138457375e-01,9.212826439136785339e-01,9.519187807994753392e-01,6.739019356684630147e-01,8.041537408586553193e-01,8.054341247434316786e-01,9.751736907552650546e-01,7.981776113738261458e-01,6.839707451494509982e-01,7.210181241868215407e-01,4.721565170591575655e-01,7.210744987124978467e-01,6.063000505312445831e-01,6.908245445477393387e-01,5.690596988946885482e-01,9.706284209789961537e-01,2.643457551604594391e-01,5.848164851142246823e-01,6.923605480910702825e-01,8.851034564576724106e-01,3.917209760650453010e-02,2.877774096420117056e-01,3.813262582454814975e-01,9.915391563858821922e-01,9.174405700695343890e-01,6.348580980560595277e-01,4.298090690644550405e-01,9.982491504890659284e-01,6.481861341651455888e-01,6.041000524237708502e-01,7.067294365136108647e-01,6.369592304828903817e-01,3.382082710517541058e-01,4.816559778215050991e-01,4.499289114837826675e-01,8.357826605929443708e-01,2.039115324776687443e-01,4.007528161618516549e-01,7.086861451337683748e-01,8.518808252419880489e-01,1.897454338676331509e-01,5.892620381968468601e-01,9.101291888615434811e-01,8.535321084908140676e-01,8.412765128987748087e-01,7.287586151150947655e-01,7.646755928042678896e-01,6.551490599053655384e-01,9.378557425582785267e-01,8.552554759917869731e-01,6.656037147134723497e-01,9.554266006464290362e-01,6.749506670538220066e-01,6.995930101682391600e-01,7.208182054721902210e-01,5.727315720823137335e-01,6.844715744153645476e-01,8.874461472090617864e-01,7.062471255689115601e-01,5.067511296758137052e-01,6.310049817634530989e-01,7.359542967342809217e-01,7.046345643724947205e-01,4.449381831728261294e-01,3.302327289149289413e-01,6.924878839704117217e-01
8.831171698285171789e-01,9.069282421563142904e-01,9.947617937491737283e-01,9.532304283219423802e-01,2.550055116949505041e-01,6.533800653343698750e-01,3.743233399334590095e-01,7.476665474111739984e-01,8.525767403973710801e-01,7.602525786975675715e-01,6.469182577414502866e-01,7.675515922965666649e-01,6.109423111622920288e-01,0.000000000000000000e+00,9.830399756991261562e-01,9.928806066452773305e-01,8.157647521811736135e-01,8.499362002327346399e-01,3.696382010406714658e-01,7.958323006550312995e-01,9.545769511292890863e-01,7.335484212208672750e-01,6.112979913992175884e-01,9.242921274481670224e-01,5.702117753714233128e-01,7.063898436609251652e-01,8.005360349015404609e-01,6.295340967666583909e-01,7.079603430889722659e-01,4.370174727234224510e-01,7.473860419925761889e-01,7.071317090454364296e-01,4.790082989232213873e-01,8.375138272450287635e-01,6.879548058409514777e-01,5.089863020275486871e-01,7.897842619527060126e-01,3.150392389635744972e-01,9.904831001752869568e-01,9.662047210418913679e-01,7.022134128975301426e-01,5.396620477157412221e-01,6.248975244453729427e-01,4.194358847183856098e-01,6.293389162447861063e-01,2.611790254484432916e-01,6.722567333525053535e-01,9.376995155300332785e-01,8.943933285373206754e-01,7.702702630320044097e-01,4.779288232849552287e-01,8.340772865822281279e-01,8.607743663189948435e-01,2.272853265325192051e-01,8.062267637081730332e-01,7.509968374567920213e-01,6.628614173358085004e-01,7.021940945693578850e-01,9.298158743113125180e-01,5.884265176693803667e-01,4.741054990001483116e-01,2.585244786578971277e-01,6.959954914371870860e-01,6.126067915207515924e-01,9.064993683606893393e-01,4.712143132358642683e-01,6.146017050862873088e-01,8.928227205449904558e-01,4.072760841645581831e-01,2.921254179491319380e-01,5.783596818545279072e-01,4.484069670676819608e-01,5.662372089959711863e-01,6.355927902042968203e-01,3.200349810605154222e-01,8.094779542192069854e-01,9.534411519685879188e-01,9.142082196050148601e-01,2.984492164698032135e-01,3.869210721929094987e-01,9.314073931076602975e-01,9.240464436662561010e-01,6.021023027184457810e-01,7.373332471242309838e-01,8.182055727701386116e-01
4.637063692293473260e-01,5.113551627427218582e-01,6.465170094418437596e-01,2.990035782954921784e-01,9.158465247338762882e-01,6.789821996451199659e-01,5.171114981395500410e-01,6.046920242649619359e-01,3.657504143142162878e-01,2.558459361008079136e-01,6.648956079092872562e-01,3.257550938721989198e-01,6.076765281718692346e-01,9.830399756991261562e-01,0.000000000000000000e+00,8.466010453762038424e-01,7.753102044583244368e-01,9.987101205214564681e-01,8.338947347422104306e-01,9.386010968495289708e-01,6.912129230577835903e-01,5.144657644568267907e-01,9.266070433986720589e-01,7.586105905111768521e-01,7.894294578090592651e-01,2.507289270704471384e-02,7.399219104766429078e-01,5.116710702845542746e-01,5.951199279503486261e-01,4.610707445143111954e-02,2.984028674070892118e-01,9.489205084370357923e-01,2.096193202087319740e-01,8.306391592302564408e-02,3.743470711741994084e-01,7.888115129799715408e-01,4.036880116182300915e-01,2.147708207591915996e-01,9.043160888380138429e-01,7.718698238474440698e-01,1.840067186365177687e-01,3.321282880083974431e-01,9.961355660128418110e-01,6.379446180623078444e-01,8.849747879319854738e-01,7.532011088655510278e-01,7.743554845287299315e-01,6.262464928728488367e-01,8.150898673249440396e-01,7.782647057666129964e-01,5.916720700654832799e-01,6.036563393225323759e-01,4.439466234108704334e-01,5.327617275671209240e-01,5.703679998212687341e-01,7.364067563967839902e-01,7.303524944924255635e-01,8.007700196231534173e-01,2.445151786861732290e-01,-5.337011386366322108e-02,2.779386234145563850e-01,4.910435288012730548e-01,1.162441430274950421e-01,9.170076051297857411e-01,8.781737397615509977e-01,5.512564876988310658e-01,7.744464221050625374e-01,6.612867633548553670e-01,4.930046170938222061e-01,5.016486064197839267e-01,4.958092102498436460e-01,6.861959476282211146e-01,3.327119760806407367e-01,5.841090782316191721e-01,9.480800954105315093e-01,9.228441932047548590e-01,5.416291718127679289e-01,6.716399869208964368e-01,3.352373390979067613e-01,4.636901800499354520e-01,4.142393326951376298e-01,6.606093265681164395e-01,2.199261583134488329e-01,7.290955520523170197e-01,7.314358165817763657e-01
9.188415241295941893e-01,8.273189013220135779e-01,4.311935798654779051e-01,9.212507791230782894e-01,8.967817417003125513e-01,1.881694743972133210e-01,4.836144819686313823e-01,5.298933410181678738e-01,9.231441088170226905e-01,8.733655237025736984e-01,6.845639136057369845e-01,6.514559950965502777e-01,8.601587906755323587e-01,9.928806066452773305e-01,8.466010453762038424e-01,0.000000000000000000e+00,7.897231386298241285e-01,7.279917608255987993e-01,8.695059644717981762e-01,8.219031253386935854e-01,7.742109869396325283e-01,4.060955415320081086e-01,8.759009739011963669e-01,9.062250864948940832e-01,2.441470356643888340e-01,9.409926417172644886e-01,9.642834416587007240e-01,9.263577380040006748e-01,2.150825681432614322e-01,2.619388920203905569e-01,9.987974956242823277e-02,8.522869962819754619e-01,9.256217899165700702e-01,9.862590911543260841e-01,2.170183327307814714e-01,4.514492031575151887e-01,3.147354578358175226e-01,3.366752942070920795e-01,8.082074428402565847e-01,9.018240024754600181e-01,4.734983370330240748e-01,6.459383962300253579e-01,3.759304180607843104e-01,9.199823231631882869e-01,9.629684600924525162e-01,-4.718655385984413253e-02,7.475750051427300091e-01,5.366374974099681339e-01,3.464720023962975515e-01,9.032956413139364704e-01,6.461834269650805762e-01,9.907028873758076948e-01,7.409398933601865078e-01,7.994266694603541223e-01,9.518406882494803156e-01,8.018610533934246165e-01,7.426975790692423862e-01,7.052244468994948168e-01,9.202459480279600035e-01,6.337998753963627330e-01,6.053984461762124125e-01,9.622262201175806329e-01,7.987840681995235226e-01,7.231168940114574006e-01,7.516080411994988664e-01,4.002716811046040934e-01,9.948965244696760246e-01,6.067559276984230143e-01,4.046450488436982851e-01,3.322333512078736173e-01,8.239825035488445026e-01,4.525490364071821370e-01,3.156005785747090231e-01,4.959157313084703311e-01,4.904069860144826820e-01,8.582594104517677902e-01,5.356237969890828010e-01,6.088071357235067538e-01,4.538657098848763449e-01,-1.945478346357232269e-02,8.487194264308585145e-01,5.647670655862846445e-01,6.001240097078790470e-01,4.487953608692202834e-01,9.499707336662925883e-01
4.865791133799086121e-01,2.282470757660881033e-01,8.590970504507431382e-01,6.454589781129409509e-01,4.552177063466941731e-01,6.186717027720486373e-01,8.248177922121017192e-01,6.296500147652071000e-01,7.617028815974609124e-01,9.420015220331166006e-01,7.390275256500522527e-01,6.983589481585016356e-01,5.236172600573824054e-01,8.157647521811736135e-01,7.753102044583244368e-01,7.897231386298241285e-01,0.000000000000000000e+00,9.128561480573337272e-01,4.035352584545952997e-02,9.531627250991377975e-01,9.201476712340642683e-01,4.872813014803395459e-01,6.075487562752525106e-01,9.282490522236522823e-01,6.172107287555373967e-01,4.795916776112199575e-01,7.709013891514551187e-01,9.125265637249364570e-01,2.612354121721672806e-01,3.983097930974252576e-01,3.014055103470523189e-01,8.660563644888339407e-01,2.591466463857274860e-01,7.658461266520687483e-01,6.647249035294560127e-01,6.883023705457547159e-01,2.497078754450114957e-01,9.120312079866222943e-01,8.878133442166189493e-01,6.647558254929786248e-01,5.071230427032576982e-01,6.686695174876862158e-01,9.736956379242119874e-01,5.622685411696433100e-01,6.756705959535044270e-01,6.556089026227535088e-01,8.961588405233820165e-01,9.685741300113220875e-01,8.288001788016955418e-01,7.484816840636279167e-01,5.570810702855927277e-01,5.476963200042130886e-01,9.473865828699369329e-01,9.755454510304686355e-01,6.994251773894817337e-01,7.169274903311715352e-01,7.291807701397372554e-01,6.891599837389280614e-01,7.255624903024915362e-01,6.393938186530168100e-01,7.635122951969988137e-01,9.063865895021071539e-01,6.842352251012553399e-01,9.606575316227934369e-01,9.290321675403532264e-01,9.155762065203935096e-01,4.439742305410886991e-01,9.451673619825883277e-01,7.946713927905894037e-01,7.858218725492919221e-01,5.086794849297869847e-01,8.616349364687303503e-01,2.201567257066375238e-01,7.422759186727954095e-01,9.943703309530494971e-01,8.182505081582347461e-01,6.662451724376572404e-01,9.789880657124119256e-01,6.778238392337635476e-01,4.015580276974454188e-01,6.935107117933335674e-01,8.344221739841942709e-01,9.951987861606532704e-01,7.034748165760477123e-01,3.563822138327855105e-01
4.345574406366125020e-01,6.714323844229150851e-01,7.045765342102624507e-01,9.514052480125003708e-01,6.929288708001342112e-01,7.575297971504921790e-01,7.580111608652668753e-01,7.925162631965827487e-01,6.517337447199171852e-01,7.006869069188653709e-01,7.963721054816111922e-01,7.117754426053304329e-01,9.011213474412262947e-01,8.499362002327346399e-01,9.987101205214564681e-01,7.279917608255987993e-01,9.128561480573337272e-01,0.000000000000000000e+00,6.471393712677366850e-01,4.247581843063167883e-01,7.860586431479485992e-01,6.615113937420393775e-01,6.317921355511539883e-01,6.654234892493426923e-01,7.342586252028416860e-01,6.688037577875693973e-01,6.158314211673748817e-01,9.165667876855956298e-01,9.930415103555573220e-01,7.313689799984774975e-01,4.556325226702369058e-01,7.156077595988372675e-01,3.292103845388789640e-01,7.804944230738564137e-01,6.930287842481515082e-01,7.584940511405452446e-01,3.359192446094740880e-01,4.420239890344889733e-01,4.313797937083863054e-01,7.500952090387726923e-01,5.325386278753639901e-01,3.082419048287100005e-01,2.680033906337565552e-01,7.036622707247285335e-01,8.858382777820067444e-01,7.361600079678529696e-01,9.231834257621951423e-01,6.494694548823922720e-01,7.523500417990713895e-01,7.182712007059711690e-01,3.176760361230787089e-01,6.182689319156934316e-01,8.662384688148345724e-01,9.571998710409471700e-01,7.466350479602487100e-01,4.383352916177384317e-01,7.318898236794673107e-01,9.857440359294904475e-01,7.187740526284590592e-01,6.391947918019909025e-01,7.755616917626482199e-01,5.589841849606180801e-01,4.984030481899765497e-01,8.667217513664634554e-01,7.481494546798582723e-01,6.190043352183335346e-01,4.949394706627979756e-01,9.851687942975017043e-01,4.950746113696269379e-01,6.063740063048526086e-01,4.099619839280002065e-01,6.884315415325630294e-01,9.065457064817645794e-01,7.583477903970105016e-01,7.672676166485030702e-01,7.404113963481515626e-01,5.897086042026653541e-01,6.393386264484510750e-01,8.167426885378231693e-02,4.786200992379626706e-01,5.386761344206791868e-01,7.173968273214884617e-01,8.369835702148875622e-01,5.961206241971741537e-01,5.944813707432665684e-01
