0.000000000000000000e+00,9.983569483740732942e-01,8.102799499351497348e-01,9.487533915758417091e-01,7.397910837508598902e-01,7.144682567282487629e-01,6.659629863740984534e-01,7.038617688115291759e-01,5.983928300910090758e-01,7.935140020749094081e-01,8.168051540481399142e-01,9.068689965707845690e-01,9.943806463941379237e-01,6.488279704869928111e-01,8.096429248913129539e-01,9.928418412402157944e-01,3.153673402300584128e-01,8.702502851957577557e-01,9.508566964692325429e-01,8.104363167578353400e-01,8.493009647717320032e-01,4.738398325734871630e-01,7.646661604070372764e-01,6.289638689080502276e-01,7.343989727101178921e-01,8.509499323118342451e-01,6.885415904365628226e-01,8.460802497805779421e-01,3.307657955944793837e-01,7.852744016611741262e-01,2.286270526003456038e-01,8.660131047478158983e-01,6.580605308943928700e-01,8.871530779766632069e-01,8.183614143597537360e-01,4.142081947537135100e-01,3.604411683404371569e-01,9.451600331052908421e-01,6.567218921479878180e-01,9.153433197720364234e-01,5.173072763449947375e-01,8.066983527976180346e-01,7.305801028438054789e-01,6.397531505094340432e-01,8.185225679501958451e-01,6.026775048840812277e-01,5.688765358913341896e-02,8.525275851115021730e-01,4.561357473958205233e-01,8.854867416512052225e-01,7.095731573536100401e-01,3.282243860432221827e-01,7.883773498716051265e-01,4.675446527105596162e-01,8.793198930790196988e-01,9.543756318709860631e-01,7.270376604796782161e-01,4.407724677520361567e-01,6.929911897697006440e-01,5.098484536855522054e-01,3.823752453764649450e-01,6.935045230021340545e-01,5.020738656486980478e-01,7.278238252907931471e-01,9.709243161071604566e-01,9.374774935563727762e-01,8.837023092919377154e-01,7.343978597762395033e-01,9.355032740619791953e-01,4.842252675350391389e-01,8.313744280419373966e-01,8.952200799362365347e-01,5.977781504131035595e-01,6.139637571235562197e-01,9.854944989612213213e-01,7.426722922760515821e-01,7.144660329908151253e-01,7.856240138375921722e-01,5.714676267107090535e-01,5.172875508681495926e-01,6.203836066228789470e-01,8.359843048646389274e-01,6.347360000425598114e-01,7.100513206472484073e-01,9.840801098119812407e-01
9.983569483740732942e-01,0.000000000000000000e+00,9.054025888324590543e-01,7.372217011866419867e-01,4.658248894120743944e-01,6.362672264576262338e-01,2.858749977862329317e-01,5.301322051780211764e-01,7.813364044032612421e-01,9.634013702430438419e-01,7.788699442631952241e-01,9.829359585471340033e-01,7.632141198581654518e-01,5.459084722124185607e-01,5.538447913875140793e-01,7.068632709404671921e-01,9.688958762306109085e-01,8.647082630264968373e-01,4.664237280115298145e-01,9.613348816071194403e-01,8.325051413974025039e-01,9.485296251863915007e-01,8.407393895917294468e-01,9.488506899131696759e-01,6.637058688607658796e-01,8.802986560052233900e-01,9.454205426992252637e-01,3.138388054876031230e-01,9.942251069132841401e-01,7.825332515998385530e-01,6.651282174731033559e-01,5.947242329622617341e-01,4.293263908187447964e-01,8.614321576210079989e-01,4.044366623321192233e-01,5.849412633124753125e-01,2.903873303056726529e-01,6.371150610093235800e-01,3.782612302512200486e-01,9.392330296970957670e-01,4.615507447539675678e-01,7.954440252298364822e-01,9.352850748190227881e-01,7.180407715672707525e-01,8.275650368643530097e-01,6.673331706788142581e-01,7.224673841097130067e-01,7.633130977770758996e-01,6.855830601330894503e-01,5.665673473872072652e-01,7.712133060313979271e-01,7.703437235483958645e-01,6.490282251179841921e-01,7.863948319062882275e-01,7.537468117903974862e-01,6.114592191908523322e-01,9.731921907847956854e-01,6.609546659589675688e-01,7.979419874159277004e-01,2.381245131656273828e-01,6.705804878066100594e-01,9.292036492702587802e-01,5.013829817063220062e-01,8.495590116121964908e-01,7.684654121458566189e-01,6.219806380491733622e-01,5.082985170106029127e-01,8.297230484780038218e-01,6.771943863372961170e-01,-4.556095079509275836e-02,8.081767125758978487e-01,7.153176355141181997e-01,6.287554835793395247e-01,7.028288797629963502e-01,5.799131159678191372e-01,6.620301826948913337e-01,8.022964528632281489e-01,4.928213075741414984e-01,4.466615139975152471e-01,4.906753468629652115e-01,7.579387864427431509e-01,4.663514416209019187e-01,7.419323571554503616e-01,4.918667694108919131e-01,7.229100568583354258e-01
8.102799499351497348e-01,9.054025888324590543e-01,0.000000000000000000e+00,7.731341210613231762e-01,7.394641826496484160e-01,9.704441511348728122e-01,8.400253658188028272e-01,3.228048225177714281e-01,6.675670141568200711e-01,9.629618142970188810e-01,9.685919087367143021e-01,8.664516840444351775e-01,8.682619765332297845e-01,8.223158154630600958e-01,9.324183699873060949e-01,4.926264360461690694e-01,8.931357560503769832e-01,8.246659566997409652e-01,8.980631419241635882e-01,7.280965974362588744e-01,7.180743275951793070e-01,6.664096276821905862e-01,6.324222656746231186e-01,7.363349223908040031e-01,9.463048162465536040e-01,9.960576585704254970e-01,6.017806916441835741e-01,8.532247382052940976e-01,5.558047275515352048e-01,5.136533950530781656e-01,1.563789892508788693e-01,9.186532685818554755e-01,9.851596536567235329e-01,8.307970295108103587e-01,7.282686874327762849e-01,4.397884883234373654e-01,1.680308111317899700e-01,8.029060543004942208e-01,9.908468058496038289e-01,9.496809978929914298e-01,6.298636506129084989e-01,9.578984660740132995e-01,9.419143450337045254e-01,9.064514905063046912e-01,8.910753538795341822e-01,8.556363755127094350e-01,8.263516042248888471e-01,8.537939435988743941e-01,4.215206811256587138e-01,5.578443482976516155e-01,9.682878060082270588e-01,6.246139781917514622e-01,7.223356145059262046e-01,8.698239290350613384e-01,7.351315766727636314e-01,8.171626253066629486e-01,8.169600471070911363e-01,6.886564540358790509e-01,4.652863857282220073e-01,3.137677508501532930e-01,7.321812403363896493e-01,9.826181953125729951e-01,7.353352130405025333e-01,7.934379309666377278e-01,9.752122143046448866e-01,7.254054329844316085e-01,7.666957563240464069e-01,9.017501117780731823e-01,6.623805513027934966e-01,4.911290817782154594e-01,4.481884755186475444e-01,5.262153600171712853e-01,2.937753344137673528e-01,6.111241009420461667e-01,9.956217876982481618e-01,7.318075186587704728e-01,8.517177023037469930e-01,9.393840811743608965e-01,2.270784954955981094e-01,3.324790621774287858e-01,8.298540505465271666e-01,5.828545642113526215e-01,8.887949245298503165e-01,8.473479007951252306e-01,5.703150584444180993e-01
9.487533915758417091e-01,7.372217011866419867e-01,7.731341210613231762e-01,0.000000000000000000e+00,9.654129767812107410e-01,7.983386988340385182e-01,3.214820053367980490e-01,2.715113402233819140e-01,8.199127024977561629e-01,5.762444020093144825e-01,1.836520296306686229e-01,6.113420182548633397e-01,5.345788172232761593e-01,4.896856196539494666e-01,9.186465405209006674e-01,5.154865309518488203e-01,8.045928452576711631e-01,5.812200404430274414e-01,7.886219836627421653e-01,7.084074985236666899e-01,7.583202555107557696e-01,8.000171340320013647e-01,6.496045562910262028e-01,8.172088885974201355e-01,6.704429186407947494e-01,1.078819877319666526e-01,4.706417776318043145e-01,9.608695761974648253e-01,4.010813377158406294e-03,5.239745232139625397e-01,2.705337239012358674e-01,4.759895177316029180e-01,4.038924291243007891e-01,8.820246426052317235e-01,6.991662988158141578e-01,3.902154880450355856e-01,2.642124636479139532e-01,6.648871787237295994e-01,9.631136770153919668e-01,8.971366857177661691e-01,2.024899964910053529e-01,8.017602390416569413e-01,8.333093556213582165e-01,7.527861640286801492e-01,8.613391907504809319e-01,-1.602827212741617102e-01,9.153320584598999554e-01,2.390482725766084893e-01,9.546661184429597879e-01,7.373119307787547871e-01,9.689421413873540168e-01,6.837732547844174169e-01,7.279465437400531869e-01,8.903423489500290611e-01,6.268514104054998537e-01,9.508209238526696971e-01,8.157632818674818154e-01,4.659010109819864964e-01,8.225232971148724870e-01,5.772699164541377215e-01,7.448971785811723256e-01,9.799456497063798732e-01,8.999775738674059555e-01,8.179824737941387980e-01,9.220065265554808764e-01,6.809521361078824109e-01,6.710071994208077761e-01,8.525216124200422074e-01,6.503304024975620212e-01,8.346658620447103827e-01,7.690942369591274863e-01,8.325202220027045907e-01,1.738390923034736357e-01,4.223012556274428064e-01,7.623114912386567132e-01,9.105555206445653527e-01,7.040048670973935163e-01,4.576595098403023476e-01,6.484927304776068047e-01,2.486318634197248745e-01,4.336642471043666291e-01,5.654146639881608705e-01,9.856191911593068511e-01,6.118701700781473685e-01,8.446381131107750795e-01
7.397910837508598902e-01,4.658248894120743944e-01,7.394641826496484160e-01,9.654129767812107410e-01,0.000000000000000000e+00,5.425172635438323399e-01,9.673344441364029045e-01,5.506527273268359002e-01,4.908168742262579709e-01,8.102066418508412360e-01,5.267435865615164303e-01,3.301752540546012415e-01,8.175610728021284190e-01,7.883836042324013915e-01,6.041102461996314954e-01,5.290367224724673578e-01,6.458774982937242060e-01,8.901426683508648630e-01,8.237327137576229141e-01,3.005324109678421118e-01,9.302019268258178153e-01,7.847467624596343727e-01,6.983155635624919144e-01,2.995511850268299248e-01,7.198165989182330193e-01,8.166693595039188347e-01,4.226889891544338695e-01,4.137654257827290682e-01,2.534141616614435932e-01,7.841719539438632425e-02,4.763901536958677907e-01,6.406702568799308439e-01,7.571642546404904195e-01,8.350026490257105305e-01,5.080651081952476389e-01,5.870464721433622524e-01,3.732916565455405289e-01,6.161649512223975611e-01,9.169040417982423641e-01,3.984439859832080710e-01,4.429220872634145878e-01,8.019235661450693220e-01,8.232462154469647464e-01,6.887912698594949035e-01,9.782218048276902778e-01,8.157528249751765381e-01,2.670877259501205914e-01,6.793055895834085867e-01,8.950595048870849668e-01,6.329895107084763106e-01,4.659418876856881164e-01,7.477456424166437632e-01,4.458044128309103238e-01,4.880156849275855135e-01,8.341365284510465772e-01,8.310130638355055499e-01,5.346448438847649642e-01,8.410573004498952399e-01,6.667419816077074790e-01,7.970015312856701950e-01,3.680996825039095643e-01,8.343955487552701111e-01,8.459926913564996820e-01,6.008042152643271461e-01,8.950660259551687092e-01,4.407124774498792363e-01,-1.870948030916210481e-01,8.672925838938136955e-01,-1.925345847543165345e-01,9.641208826732041715e-01,8.965217211615993387e-01,5.253883994397179347e-01,7.483932401740884810e-01,5.057273109243022313e-01,7.550288292833040593e-01,2.572193869926927001e-01,5.865817302922076149e-01,7.626008250120908105e-01,8.336865316321022679e-01,3.530599168144505362e-01,5.758761579538920206e-01,9.540081126102244458e-01,6.694938303952540082e-01,8.731420426441145466e-01,6.428530725561575343e-01
7.144682567282487629e-01,6.362672264576262338e-01,9.704441511348728122e-01,7.983386988340385182e-01,5.425172635438323399e-01,0.000000000000000000e+00,7.869306357789880302e-01,6.496041408008252915e-01,4.306316827921981005e-01,-8.906016212583635350e-02,6.824482917640845026e-01,8.546428096130201935e-01,9.767367522522742984e-01,4.810210197569821378e-01,5.159761678221923553e-01,-1.986047580432267756e-01,7.937105454563965212e-01,8.458524001356464428e-01,6.388462912261827498e-01,6.490166594698768554e-01,6.284160284531910001e-01,6.294082169839199103e-01,8.385504713327021076e-01,9.831245322434918332e-01,9.194875719862817265e-01,4.222834560478864185e-01,8.115714568235083970e-01,7.032778171778371057e-01,4.306602453174572798e-01,6.812125703388199893e-01,6.490935520458893659e-01,6.326984697986935968e-01,4.410754820248132813e-01,3.548961832377444114e-01,4.087497786838901748e-01,1.171048052112735188e-01,3.675089480996014402e-01,4.597567545999596827e-01,8.256136296806287911e-01,6.373486021420217140e-01,2.759333122974026997e-01,7.645158145808517158e-01,8.281325186482076939e-01,9.659623043857286095e-01,8.401785556978319525e-01,6.536917557674551960e-01,5.325657633008744618e-01,6.819740886767945431e-01,7.979821487587982487e-01,9.438815756814233904e-01,2.002527690763700463e-01,6.463011630783935813e-01,6.153499797341219768e-01,6.223754113173536329e-01,9.613253604845158895e-01,9.508545299757690250e-01,9.614604025496522599e-01,7.902087370654080623e-01,7.437419854540905373e-01,7.940140696853560387e-01,8.125232986285372272e-01,7.072031007871016905e-01,8.266370841870218644e-01,7.128268420184216136e-01,9.054916377138448880e-01,3.784929581770253293e-01,7.490400190644621592e-01,9.663779623882851055e-01,7.214525619745066898e-01,4.978694234534365992e-01,9.108917964307464699e-01,5.930682377397212823e-01,3.615169244755876976e-01,5.604979438690642635e-01,9.500871639701307103e-01,4.885768622532771222e-01,9.182765316264990263e-01,4.019697901588932809e-01,2.943819290202293049e-01,2.197176155644286755e-01,3.300262705408307795e-01,9.626207418570709162e-01,9.865912821999209825e-01,6.841050248186666405e-01,6.765790548733328080e-01
6.659629863740984534e-01,2.858749977862329317e-01,8.400253658188028272e-01,3.214820053367980490e-01,9.673344441364029045e-01,7.869306357789880302e-01,0.000000000000000000e+00,6.243329678294339269e-01,8.523283590010389821e-01,5.949242718561978949e-01,5.154552949915394144e-01,5.017626670823782664e-01,7.627984027637551012e-01,4.136121853147721183e-01,9.491229833947609773e-01,6.653402547825265634e-01,6.076437329070286664e-01,1.539609686614995532e-01,4.584187474285837394e-01,8.826739407771410084e-01,6.711573720413777089e-02,6.497357007666997308e-01,7.503722220971791312e-01,6.662069774855640114e-01,8.771233583008055668e-01,2.288090121348901052e-01,6.962585014611887280e-01,4.987732512996060352e-01,3.910753828645758823e-01,3.294736159567576150e-01,2.983703933116166884e-01,3.705955873721963334e-01,2.760715029508692409e-01,7.016817613326401526e-01,4.232819319546302084e-01,1.137169834241103655e-01,3.029585421866030637e-01,5.152051423917838324e-01,3.239127274966011605e-01,6.519439239480824266e-01,4.581514167392530812e-01,3.518561766964581894e-01,7.205775400865538360e-01,5.456413458168781760e-01,7.145608646999538349e-01,9.101660040012579111e-01,4.471572495642175404e-01,3.054822921311328709e-02,2.707866194665254911e-01,5.343125322135588995e-01,6.749409854257191199e-01,3.677039801454119461e-01,6.455275817144017214e-01,1.083712237190799788e-01,9.302639123379461417e-01,8.777523859921457783e-01,2.866639671550730295e-01,5.967039629571420090e-01,8.306725035283211156e-01,1.225748974617385106e-01,8.845275164344242880e-01,5.482138852366980064e-01,6.476115431348361540e-01,8.137958405331292555e-01,8.530703129685212049e-01,4.655831193642714916e-01,8.622724117079334505e-01,4.072634033968025036e-01,6.323820378876187087e-01,2.692215985320056855e-03,7.795509281458039563e-01,5.580776289105445764e-01,2.276293760396446153e-01,9.934709095832467973e-01,6.778830774238101542e-01,7.100672877725828780e-01,7.636168432789266491e-01,5.648301706329104110e-01,5.627625303549260716e-01,3.246532737546770075e-01,4.820080735557745744e-01,8.156930711533132428e-01,5.856948097763226002e-01,6.729220098260625393e-01,3.177869588032387060e-01
7.038617688115291759e-01,5.301322051780211764e-01,3.228048225177714281e-01,2.715113402233819140e-01,5.506527273268359002e-01,6.496041408008252915e-01,6.243329678294339269e-01,0.000000000000000000e+00,5.473919191499889703e-01,9.794977158614530666e-01,2.518684670561226469e-01,5.308217436246022158e-01,6.989526849709423173e-01,5.206172716463085548e-01,5.009343225973691416e-01,6.992276180997409885e-01,8.922612541248441387e-01,6.946150257470605771e-01,6.920421809526339230e-01,4.116489482325495497e-01,7.630015914755308160e-01,8.347138311584887393e-01,2.773914748650460060e-01,7.303301146317944248e-01,6.685299288393894424e-01,6.479509879199125688e-01,2.630528854918668946e-01,6.256090197808271691e-01,6.749688881071544966e-01,5.242649915915580383e-01,2.609293209336680519e-01,9.044571517789372628e-01,6.198502342264008425e-01,4.576203048760487113e-01,6.641463820749067271e-01,3.896165006376293150e-01,6.915253123563102067e-01,9.846577060627970113e-01,8.458347726251641552e-01,7.026147645936245967e-01,5.750469263031870309e-02,2.144567056913936620e-01,2.007743561271347621e-01,8.399594068525361168e-01,5.574930881641397828e-01,5.735828513947682783e-01,6.363342572885916093e-01,6.932200549394653688e-01,7.031997051460069370e-01,4.654497666635323827e-01,5.275062640502131694e-01,7.526455492382807533e-01,8.097616890531996736e-01,6.254582416567233683e-01,8.559138691200749438e-01,6.804289749732354009e-01,2.963818847443448479e-01,2.256002519843910425e-01,8.255986014008589446e-01,6.850004273158938339e-01,1.057001661003449666e-01,6.912876734948223412e-01,6.099139268546623915e-01,8.119371075182162389e-01,8.067597732886577777e-01,8.771007811600548543e-01,9.788155517505801873e-02,9.208069419456789140e-01,4.327010303475998798e-01,4.038900639987572649e-01,8.383911459597019888e-01,7.798672838347424641e-01,2.604341279822276478e-01,5.026126005038723532e-01,5.439608188553859414e-01,3.500838040345539137e-01,7.746690395644573179e-01,5.957427051290505871e-01,8.580836893977332736e-01,5.351591223523060048e-01,4.772940652551598273e-01,9.721303939032034380e-01,9.526590222233275451e-01,2.317160555879340667e-01,8.274472196635220822e-01
5.983928300910090758e-01,7.813364044032612421e-01,6.675670141568200711e-01,8.199127024977561629e-01,4.908168742262579709e-01,4.306316827921981005e-01,8.523283590010389821e-01,5.473919191499889703e-01,0.000000000000000000e+00,6.382274496051479895e-01,7.103845652981207737e-01,7.659995675269477555e-01,9.937971975732612373e-01,7.927952959611103134e-01,4.142954536746348282e-01,3.181188045662505237e-01,8.743331666878320085e-01,9.404506603519655616e-01,6.998196141725826491e-01,7.957139088310474229e-01,8.621061223178754229e-01,7.867157050622042291e-01,5.136273940952984507e-01,8.482169534021514190e-01,6.949926442604552612e-01,5.891161422670769809e-01,7.095824113540438738e-01,6.997483083105442425e-01,6.245607578889228462e-01,5.255118414793250592e-01,7.543092297141922309e-01,4.015319004856820473e-01,4.547133023234968263e-01,7.263654519847650981e-01,9.707648224779089619e-01,2.231090862528651297e-01,2.965574069316575523e-01,9.167808082528272617e-01,7.218984788034401578e-01,4.127690632679107408e-01,3.840359842907712373e-01,2.098978395030067501e-01,4.893745781361644731e-01,9.290125669869153668e-01,8.290539477789359291e-01,7.696641033070806825e-01,9.735577372703041465e-01,6.185164202398258926e-01,7.099547014439560044e-01,5.087455594103321710e-01,6.936296318769044067e-01,3.180932176899355923e-01,8.040793379963750986e-01,5.607009026121994033e-01,8.235995981281361011e-01,3.720420790774303099e-01,7.771035489352928760e-01,6.306063993945189017e-01,9.084534547678726479e-01,7.451301118638835597e-01,5.389199540313925896e-01,9.037327355797307726e-01,4.893962852187853096e-01,9.544227048409290592e-01,9.868803838243951354e-01,1.503462579799430821e-01,4.079142887872668211e-01,9.458977252789546597e-01,6.955252363816342154e-01,7.753744196482017514e-01,6.230525029266166248e-01,7.936812619254107748e-01,6.972031085246762627e-01,6.603784857122623198e-01,2.606742471497137670e-01,6.637386930771084215e-01,3.288221876500188046e-01,7.991927172554844638e-01,7.451662460882604311e-01,4.229984433331036575e-01,4.716822842838147567e-01,7.247956882969142089e-01,6.739925901122625351e-01,1.699087327557247395e-01,6.666353277668919386e-01
7.935140020749094081e-01,9.634013702430438419e-01,9.629618142970188810e-01,5.762444020093144825e-01,8.102066418508412360e-01,-8.906016212583635350e-02,5.949242718561978949e-01,9.794977158614530666e-01,6.382274496051479895e-01,0.000000000000000000e+00,4.745600674432423616e-01,5.899757011834465548e-01,9.513750569211623098e-01,9.248901354091105809e-01,2.424623520753012018e-01,7.100019665612069542e-01,9.011489554382680067e-01,7.949941114165220979e-01,7.005958440857747993e-01,6.531517762544111205e-01,8.088736687345690068e-01,7.240776402386802646e-01,4.797104207560493605e-01,8.569990910267699658e-01,9.503353237598938241e-01,4.169861943844416219e-01,7.984427470516677339e-01,6.111568187290828957e-01,-1.660333560396402008e-01,3.017173136559240243e-01,3.995328855921522759e-01,4.808264873332577793e-01,6.436450919844156904e-02,6.317915405305449816e-01,7.313288175720332740e-01,1.095776137505949932e-01,4.397864988283054499e-01,9.742889211242505842e-01,8.552927684861846291e-01,8.442207560073919925e-01,2.495539522584480363e-01,6.062402769136963077e-01,9.392432195479737400e-01,8.859952358901077574e-01,8.058960070414648014e-01,7.645657172477208219e-01,6.504527893382171522e-01,6.813765536893493513e-01,1.721910558708610317e-01,5.973746822441344806e-01,3.486944128761459982e-01,8.343756257252422648e-01,4.778885100589064794e-01,9.360043190931222057e-01,6.823229349136176181e-01,3.164603154476461344e-01,4.624168913209277809e-01,9.796267628173707109e-01,3.666291426380764995e-01,6.736282501196479977e-01,3.669779464305347183e-01,9.257078766068569387e-01,6.107744914843655781e-01,8.120331409137505618e-01,4.687689419955308745e-01,8.908293341470542304e-01,8.665131389885356583e-01,6.174451880555378303e-01,7.416742035507793707e-02,6.601792357365641184e-01,5.993156780953187157e-01,5.169345549687163199e-01,7.247888111384672705e-01,3.254589872311173249e-01,9.492749272973526331e-01,7.281189411303735648e-01,7.045614124815723356e-01,5.966500785621463576e-01,2.396107578082001532e-01,5.118658290486588491e-01,9.224380114145996901e-01,9.339151958573465029e-01,7.940328400441920564e-01,2.311443096893760762e-01,9.755761623904395385e-01
8.168051540481399142e-01,7.788699442631952241e-01,9.685919087367143021e-01,1.836520296306686229e-01,5.267435865615164303e-01,6.824482917640845026e-01,5.154552949915394144e-01,2.518684670561226469e-01,7.103845652981207737e-01,4.745600674432423616e-01,0.000000000000000000e+00,6.914573657112657035e-01,5.001640644861488072e-01,8.755064917129384838e-01,5.364891679354362175e-01,7.593037028699475277e-01,9.881914600848310526e-01,7.871067741764123937e-01,5.159958190749572848e-01,8.438644054330302069e-01,7.148933110779185363e-01,6.593281967279340794e-01,8.734109383155518325e-01,6.912011225270948689e-01,5.315914776483671167e-01,5.510397496271439710e-01,9.713991625902126392e-01,7.201829653247451279e-01,5.303878976617708574e-01,6.648687873199643494e-01,3.306242703846153375e-01,5.584640671476256424e-01,7.148361367983908921e-02,5.151388318160439184e-01,8.991828367554608459e-01,3.714409924164941978e-01,2.586195296620033557e-01,5.575038795605953279e-01,4.549619703700566453e-01,8.019795621135953345e-01,9.831550353748728099e-01,2.251291812474259246e-01,7.215015423687339835e-01,6.966082782928028072e-01,8.119954083024057967e-01,9.602472787313277580e-01,9.508473194324476019e-01,5.958148939117091647e-01,6.837153313444734870e-01,6.753177995318666582e-01,6.267960071648591702e-01,9.406988569318613935e-02,5.805673969806613988e-01,4.010797352861613652e-01,3.526491054507318035e-01,7.522938690585276866e-01,5.693444184522478135e-01,8.467438093770242036e-01,9.005116567209910938e-01,3.840030132716036881e-01,4.152533624544373914e-01,6.481944564433794742e-01,5.005019236461871746e-01,8.905263537857275313e-01,8.256057730781063420e-01,7.460538191839679589e-01,7.040231949913277054e-01,8.776641443857469138e-01,6.363932791608601924e-01,4.561635486066575873e-01,4.486386776897333117e-01,8.414648443887611240e-01,5.820149121389948110e-01,4.574953892625089336e-01,2.829364325939809910e-01,8.274210413573381828e-01,4.381149919596301068e-01,5.806491811920774238e-01,7.313303513368621944e-01,2.946600887110853439e-01,6.388085490841479697e-01,8.365185993697202838e-01,7.671926683546272940e-01,7.542339396823879438e-01,7.190569867547337291e-01
9.068689965707845690e-01,9.829359585471340033e-01,8.664516840444351775e-01,6.113420182548633397e-01,3.301752540546012415e-01,8.546428096130201935e-01,5.017626670823782664e-01,5.308217436246022158e-01,7.659995675269477555e-01,5.899757011834465548e-01,6.914573657112657035e-01,0.000000000000000000e+00,7.782848965510348327e-01,8.254680219969502408e-01,8.875959245779402318e-01,5.122114181900939700e-01,9.009600320335162671e-01,7.804478497252747005e-01,1.537192863939487730e-01,8.761837726460937059e-01,9.884880890041753965e-01,8.911906886143027284e-01,9.200357275058868023e-01,9.504144657694706400e-01,7.112858256335360396e-01,7.020369206866574618e-01,9.863611984732120197e-01,9.712219781639801486e-01,4.034311259243150705e-01,6.114152438466131656e-01,-3.972758476754423285e-02,6.033272712974598884e-01,9.547832273624826671e-01,9.652273785989922139e-01,9.426495290526404336e-01,6.928286289664180586e-01,5.801052557910730822e-01,8.765253156554080327e-01,8.760338506445084494e-01,8.643599558588798137e-01,7.003845465479410226e-01,4.779744044809624004e-01,9.505135002139706302e-01,6.155251051679464513e-01,9.116273088714689221e-01,3.686066808143096951e-01,5.404705743277222751e-01,7.585541416714960405e-01,9.464552091600877404e-01,5.854801082282942160e-01,3.482328630683221293e-01,6.017970480566479097e-01,9.825197991230808503e-01,4.867172731825889498e-01,6.544170356973529890e-01,2.800698707834455847e-01,5.045663725496282170e-01,2.360280041355951597e-01,9.925712015010079714e-01,2.727961766283554246e-01,5.493220229838378099e-01,4.531341318307209876e-01,8.522382480917956027e-01,9.552229493301516161e-01,9.372656266237310296e-01,6.446330908050654784e-01,8.338852211342588916e-01,7.878333774354414620e-01,-9.923283066331524405e-02,8.799994149872566451e-01,8.386669999094213956e-01,9.736748690329074529e-01,3.708839731748939661e-01,2.503964549530797723e-01,5.758969552101770306e-01,5.368790126610711866e-01,5.424551174044744961e-01,7.473204403414204222e-01,4.957995716949249454e-01,4.138711786113583035e-01,5.382033754171753337e-01,9.929834478648548179e-01,9.176915790354701619e-01,1.925880445779924177e-01,6.310887563301453840e-01
9.943806463941379237e-01,7.632141198581654518e-01,8.682619765332297845e-01,5.345788172232761593e-01,8.175610728021284190e-01,9.767367522522742984e-01,7.627984027637551012e-01,6.989526849709423173e-01,9.937971975732612373e-01,9.513750569211623098e-01,5.001640644861488072e-01,7.782848965510348327e-01,0.000000000000000000e+00,3.180168184992383518e-01,7.415010296514314980e-01,6.754849624984501366e-01,7.131522860532653052e-01,7.987096356076791581e-01,7.731452051282208249e-01,7.114752705289409951e-01,8.998421978023439793e-01,8.628527868670935463e-01,4.091768265614932898e-01,2.421610754498351170e-01,5.806313091474506471e-01,6.156500198912180366e-01,6.442498762071037222e-01,8.880947608100555613e-01,3.320167480200398313e-01,6.006432922695513765e-01,3.718263910421473195e-01,7.893519298127653627e-01,7.033293801809565871e-01,7.059843993451173638e-01,5.752406319085372477e-01,2.085240600163592584e-01,4.252969603475115212e-01,9.265872902740450723e-01,7.278312647556209880e-01,8.960585009650795518e-01,1.764193565336876768e-01,6.029734814966053458e-01,9.404851377826689562e-01,4.386127433471026515e-01,3.265464429923522482e-01,4.632535161066559937e-01,8.430590128788228999e-01,9.769384593034617925e-01,9.975315771746091631e-01,6.812538343398538698e-01,8.491480773156816486e-01,4.686080392064575495e-01,6.307200186989437851e-01,7.194843154901916504e-01,6.320586553346680958e-01,6.328296640036833454e-01,6.251425044772546125e-01,2.886582121554616132e-01,9.569049045014328403e-01,-1.326287002266980375e-01,2.898294590111981650e-01,7.837226561152830229e-01,6.435926423657194473e-01,9.775669160918775136e-01,9.144183077541946369e-01,6.231154998558479097e-01,9.363270171009910880e-01,7.644718100217920975e-01,5.888939861428692524e-01,7.012725532004516760e-01,8.773204500195833644e-01,8.870635572802412216e-01,5.907524555352755558e-01,3.505526088993846101e-01,4.026452315401366500e-01,6.288550411492079828e-01,4.937371389608563588e-01,8.454215871744379385e-01,4.546723667653754797e-01,3.080305349395292547e-01,6.310326226281656181e-01,6.853564679859848185e-01,8.235778612560058498e-01,7.349325241876516479e-01,9.801757251866086706e-01
6.488279704869928111e-01,5.459084722124185607e-01,8.223158154630600958e-01,4.896856196539494666e-01,7.883836042324013915e-01,4.810210197569821378e-01,4.136121853147721183e-01,5.206172716463085548e-01,7.927952959611103134e-01,9.248901354091105809e-01,8.755064917129384838e-01,8.254680219969502408e-01,3.180168184992383518e-01,0.000000000000000000e+00,7.124018255279661593e-01,3.487271568381131170e-01,9.669335297025971609e-01,6.547050885683463051e-01,5.291270849257649900e-01,9.689870912380185164e-01,9.941819386846189044e-01,7.511430006360481082e-02,4.371321828542462651e-01,9.871572999882275434e-01,3.608651390873248710e-01,6.528279644568778517e-01,7.937996375630180790e-01,7.692156135464819355e-01,7.108100229567105854e-01,4.769688411729593458e-01,2.588200576234042649e-01,9.408764223584312747e-01,8.771065010609155888e-01,7.332621709866035120e-01,6.378695268458167700e-01,3.664547316755436546e-01,2.965389195702365366e-01,5.057459655365588169e-01,7.405128696801466237e-01,9.550877049266502938e-01,5.715165775239128276e-01,8.074113342817065275e-01,6.620468585164807074e-01,5.399116781505273188e-01,8.847894553873402179e-01,3.085515589259061886e-01,8.980491304771187622e-01,7.254299587277559525e-01,6.947039698733510349e-01,6.896278885974553852e-01,6.446824624349629662e-01,4.186844867268375570e-01,9.982164797702741676e-01,6.259355131703422392e-01,7.783708092850095683e-01,6.117893441790135389e-01,4.117701063737801981e-01,7.809431052058359857e-01,9.190539558361291439e-01,2.085974807521330521e-01,5.213270271823702284e-01,6.485723286855976655e-01,6.071642792549365453e-01,9.442154382391394485e-01,8.675186080655451493e-01,4.647338644661799245e-01,8.816186367740611596e-01,8.170347296624160816e-01,2.088318756511835794e-01,9.538251050812839305e-01,2.059878461845943143e-01,7.672530463655962141e-01,3.511504877506952393e-01,3.387662378522147133e-01,6.995934756479411654e-01,7.211442459084520529e-01,8.610149400653638319e-01,8.023318436521059693e-01,1.660624047429075656e-01,2.889203841319663568e-01,5.744930935959221552e-01,8.180920471779039582e-01,9.936313918764381192e-01,5.828294091742597383e-01,5.117401582788947412e-01
8.096429248913129539e-01,5.538447913875140793e-01,9.324183699873060949e-01,9.186465405209006674e-01,6.041102461996314954e-01,5.159761678221923553e-01,9.491229833947609773e-01,5.009343225973691416e-01,4.142954536746348282e-01,2.424623520753012018e-01,5.364891679354362175e-01,8.875959245779402318e-01,7.415010296514314980e-01,7.124018255279661593e-01,0.000000000000000000e+00,5.266376856570563758e-01,9.713380956346518991e-01,8.588860826149001815e-01,7.778052728170844476e-01,8.503386938535664186e-01,8.207164016936228101e-01,9.880949861262693368e-01,9.007216951718374220e-01,9.818211596444255118e-01,6.248143873630115364e-01,5.627802226498795912e-01,4.360987442618861620e-01,6.435268689262566566e-01,2.922567383174384803e-01,7.550676598567489517e-01,3.333196094224311155e-03,8.848930343983980595e-01,7.704020322820243072e-01,5.556049692927158556e-01,7.867136399395942004e-01,4.849486726323267716e-01,5.938172915532575757e-01,4.289407342731969552e-01,9.484558783998069398e-01,5.675532099837727884e-01,8.815827148935884150e-02,6.551681279037040451e-01,9.703797164125071983e-01,4.372041922255935353e-01,8.173589767243584214e-01,7.886963881432622614e-01,3.904186376165298955e-01,4.779834796636618366e-01,-1.701842814072326016e-01,7.039282245731690590e-01,3.429506181452680602e-01,8.224832489215909703e-01,7.398231178868284186e-01,1.425987745508435489e-01,6.804950936953700902e-01,7.037416896770988251e-01,5.101125784367092075e-01,9.103122771264171575e-01,6.325467801824494751e-01,5.371149274802943241e-01,4.991113536205700751e-01,8.892129686049364823e-01,8.562874647851604903e-01,4.435508493853452805e-01,8.582698037563650795e-01,3.888560579482244206e-01,4.986039589964307295e-01,8.004440946678963442e-01,5.699647795155956542e-01,8.430978598014808867e-01,8.575764918713977281e-01,3.917446508137760741e-01,3.234167299589699729e-01,2.490810887429508180e-01,3.168908138617620440e-01,6.838629072895111571e-01,5.599581135657744069e-01,7.247776749493196613e-01,1.245567847209653745e-01,1.901847200002962646e-01,7.975300433263106115e-01,6.924147775475191224e-01,5.044377854024436614e-01,5.431983728850222626e-01,5.260066241266279086e-01
9.928418412402157944e-01,7.068632709404671921e-01,4.926264360461690694e-01,5.154865309518488203e-01,5.290367224724673578e-01,-1.986047580432267756e-01,6.653402547825265634e-01,6.992276180997409885e-01,3.181188045662505237e-01,7.100019665612069542e-01,7.593037028699475277e-01,5.122114181900939700e-01,6.754849624984501366e-01,3.487271568381131170e-01,5.266376856570563758e-01,0.000000000000000000e+00,7.205320212404626723e-01,6.919362004066910155e-01,5.503796534560168041e-01,9.860973075102469343e-01,8.305524874111691602e-01,6.743473042124342731e-01,9.605985658517549597e-01,4.997221306041856881e-01,4.056770652605484750e-01,4.083040797707219172e-01,8.819308918177291012e-01,1.828732968580593088e-01,2.151916815670408545e-01,4.820960438509746537e-01,3.364693739694706309e-01,6.406207120008023947e-01,8.965029345942290284e-01,6.123268456244684854e-01,8.160412631280223872e-01,3.726701987059606314e-01,7.664690113279195582e-01,8.058102311063908285e-01,9.910717000878941363e-01,8.081320485491925165e-01,4.024637371375073824e-01,9.035512619102560317e-01,7.888056299435901586e-01,6.983429997201433537e-01,9.144471090829127125e-01,7.773016152067656614e-01,6.868815909793816177e-01,7.259756265086775295e-01,6.421683692622822681e-01,6.154969176288787036e-01,9.355742049375884717e-01,8.209287473058979323e-01,7.820626069490171917e-01,9.239172379621822806e-01,8.563186046494652981e-01,9.253968765035980315e-01,3.761528360905366242e-01,8.473396469350913396e-01,6.438794247063959197e-01,7.952745786671413519e-01,9.210529735950949703e-01,4.457515087883830440e-01,-2.626278321341181665e-01,9.313199800708127363e-01,4.750055727670085548e-01,8.754181212210189189e-01,6.775783460895196120e-01,9.482697288650439038e-01,6.124979235262850707e-01,8.099497254092420384e-01,6.631567946787791934e-01,3.649753377238851293e-01,6.502017387137104532e-01,6.461607651115903739e-01,6.918222763214773030e-01,8.525263470146356992e-01,5.059275093347643804e-01,4.457873084631295835e-01,1.948085361814883565e-01,4.100613268130979816e-01,9.576221524606524094e-01,9.668233990237102837e-01,6.255745973304681629e-01,3.953457568646836506e-01,6.984947923981762452e-01
3.153673402300584128e-01,9.688958762306109085e-01,8.931357560503769832e-01,8.045928452576711631e-01,6.458774982937242060e-01,7.937105454563965212e-01,6.076437329070286664e-01,8.922612541248441387e-01,8.743331666878320085e-01,9.011489554382680067e-01,9.881914600848310526e-01,9.009600320335162671e-01,7.131522860532653052e-01,9.669335297025971609e-01,9.713380956346518991e-01,7.205320212404626723e-01,0.000000000000000000e+00,6.119064826251736644e-01,6.415509414468438809e-01,8.437733260712696470e-01,9.219219164940116729e-01,7.456416896855251331e-01,7.011652048304940488e-01,5.136838230621499912e-01,7.428268806596981522e-01,7.895835579496268686e-01,9.636175250091737476e-01,6.395793674205865198e-01,4.602532293506145233e-01,6.402489628762297880e-01,3.517372854700106521e-01,9.305097475656087802e-01,4.573199444418813986e-01,7.040897423957019896e-01,5.528690670438229926e-02,4.048635203655411019e-02,2.811523408184818384e-01,9.455377545958857377e-01,4.844838476634518165e-01,9.423062721182067225e-01,6.057545121875962391e-01,7.775581107223983324e-01,9.045166665083140822e-01,9.688887322009015479e-01,5.617638963687244802e-01,8.303320315166587973e-01,9.614204510358942413e-01,7.475338811183791510e-01,7.245142304836632574e-01,9.514206516850491901e-01,6.433909374270438963e-01,7.919268949538420532e-01,6.450515101885254676e-01,6.516310674506440304e-01,8.982972080770724732e-01,9.118961446164348672e-01,8.254060317637833544e-01,6.507449618603787789e-01,9.047834180715875751e-01,7.959463113303328896e-01,6.704937487636516424e-01,6.813940042686468246e-01,8.778757425843743967e-01,8.232792673344864198e-01,7.612256446020679856e-01,8.806836002646458716e-01,4.011489023077809968e-01,6.129920614286749059e-01,4.945100864714024880e-01,9.715830557830482661e-01,9.001739491034239649e-01,7.535133814863164137e-01,2.686917801877850565e-01,4.333076932745115184e-01,6.023877465497902151e-01,9.089739263491831700e-01,7.981794373101430695e-01,8.855714358610882186e-01,3.754454485401702013e-01,4.910482148605763153e-01,8.842752106626994291e-01,6.651159321267690050e-01,8.141357150508528040e-01,2.302258309094132316e-01,9.888903260759619451e-01
8.702502851957577557e-01,8.647082630264968373e-01,8.246659566997409652e-01,5.812200404430274414e-01,8.901426683508648630e-01,8.458524001356464428e-01,1.539609686614995532e-01,6.946150257470605771e-01,9.404506603519655616e-01,7.949941114165220979e-01,7.871067741764123937e-01,7.804478497252747005e-01,7.987096356076791581e-01,6.547050885683463051e-01,8.588860826149001815e-01,6.919362004066910155e-01,6.119064826251736644e-01,0.000000000000000000e+00,6.328269819626384241e-01,6.232077343396019709e-01,8.550561924483798260e-01,9.488248664365936946e-01,4.724002466320286198e-01,7.350972000993122313e-01,1.379281924709877261e-01,9.333866933286971701e-02,7.902455875401755980e-01,3.910023611720043757e-01,1.392511542742504438e-01,6.274592130716581950e-01,5.800450443171392134e-01,9.498163835395943000e-01,6.300949654875918071e-01,3.546185051958049561e-01,6.024224551798056382e-01,3.843906846116574294e-01,-5.523472733018647274e-03,7.142504942433031134e-01,5.902386020128467248e-01,9.092675163225923951e-01,4.187270886437568507e-01,9.957054890995264973e-01,8.805061254589233721e-01,6.828174537890890905e-01,9.286591794782673714e-01,2.202683615227698788e-01,8.041371307560802872e-01,2.267738533550804625e-01,6.574973817268061627e-01,6.053065296898259007e-01,6.325588264348970258e-01,4.817660113246995390e-01,2.227853274281243190e-01,7.091005533211659495e-01,9.324470060031490037e-01,9.868689145382544270e-01,5.248599962855868828e-01,7.048758221874008578e-01,8.971945761654881446e-01,2.802203129677620086e-01,5.621884988393996974e-01,6.326611053424101572e-01,3.373274202813801859e-01,9.570788672567424049e-01,3.142898276958439596e-01,9.246656200407286086e-01,-8.061549348583116337e-02,9.155847725249531832e-01,7.893471801149698486e-01,7.998615035382115046e-01,7.405273692427201127e-01,8.471265082925572010e-01,3.088014587646615294e-01,6.136112297500314616e-01,6.258311027793284076e-01,9.025611056861287951e-01,2.039529745853489728e-01,5.122236712691402571e-01,1.965986228567802030e-01,1.028618023641495044e-01,4.007834278557254049e-01,9.139531376679641550e-01,8.135920992238779847e-01,7.200585282757783201e-01,7.155086372103658388e-01
