0.000000000000000000e+00,8.285563931141241012e-01,7.944436814269951741e-01,8.512213767114461538e-01,9.932191707443784878e-01,4.119163703538504251e-01,7.761667461965585657e-01,8.926230214630246351e-01,9.681608285336379405e-01,8.677849495147861303e-01,7.038690662439950341e-01,9.205537233816960541e-01,8.892302951343267203e-01,7.443130071189564267e-01,9.709314048589393620e-01,9.526161149323764121e-01,8.492338006718868071e-01,8.080737429019677620e-01,7.549821882545083573e-01,7.956390706148237513e-01,9.341164496498730596e-01,4.107384269746225947e-01,6.585871393246129912e-01,9.760964351900414115e-01,6.007364444512832691e-01,8.815560093597093472e-01,8.983029782069439362e-01,9.586063357332924584e-01,7.763920419314116472e-01,-6.180596952009473344e-02,-1.729244038851976417e-01,9.801139348389906747e-01,8.248406300554840254e-01,7.608493206163049472e-01,7.803042260557631060e-01,7.457355119671652544e-01,3.018366364138310720e-01,9.811038839544421464e-01,8.490400408008895727e-01,6.156666139604082266e-01,9.939434985629422847e-01,7.291608824625178675e-01,7.836669390889994258e-01,3.583819203525706945e-03,9.776938201909859405e-01,6.304478590838926699e-01,4.933303521875225806e-01,9.294088958576410819e-01,7.368076384025802339e-01,6.550879459283001083e-01,3.168116897494751005e-01,9.021643094408202668e-01,9.886854304548307049e-01,3.144119692735394822e-01,4.761889759253663534e-01,8.435394236046105387e-01,9.093882030756244017e-01,4.013321999559255615e-01,1.160310524373645846e-01,6.100528870501272793e-01,6.916991124643174782e-01,8.624902675057984913e-01,6.962568646056344068e-01,4.807631147054894916e-01,9.623222847058683360e-01,9.214629095712931761e-01,8.882917849432167001e-01,9.567316030180126329e-01,9.125528362509005564e-01,9.382178135053441670e-01,9.307011551851691600e-01,4.164511871171762136e-01,5.540673429500461156e-01,7.785206338469339293e-01,8.155671039345732121e-01,8.566155742934589146e-01,6.729990455017760276e-01,9.615632046713612491e-01,7.717882263548165866e-01,9.151308275284314453e-02,7.102339126112132695e-01,9.375134311441978285e-01,8.278353730993566195e-01,3.603303849800705283e-01,9.990630184522368840e-01
8.285563931141241012e-01,0.000000000000000000e+00,8.592226445785491329e-01,6.100219898303498312e-01,4.355215332930489902e-01,7.549624088250125320e-01,5.589173193558727437e-01,6.639697605773570155e-01,6.047450822506986734e-01,8.813978316350736808e-01,8.325131544324270161e-01,7.657949138785794529e-01,7.528442414695422080e-01,9.283139949731982199e-01,6.481853866556880339e-01,7.767114780217009296e-01,9.902683409564608796e-01,7.735040413819646021e-01,6.722011497069041441e-01,8.970180141729338086e-01,6.035365400741979913e-01,5.267051433734872834e-01,9.602767921761079517e-01,5.537412869436253438e-01,4.378299207078346633e-01,6.437581073579403679e-01,6.685412240298151954e-01,9.342413789829921988e-01,4.554650650916733934e-01,2.260457542294408151e-01,2.482362836767999237e-01,5.006960448399350172e-01,4.737575703189406129e-01,7.045035707213520570e-01,8.348911763632229643e-01,5.575654134492404879e-01,4.604353553738465415e-02,7.594315142241108152e-01,7.933603309203642873e-01,5.126353955043919663e-01,1.099556175340611203e-01,2.800745183975269503e-01,8.967117768739933936e-01,6.502948907239198828e-01,5.096546704965142505e-01,6.893216317810760829e-01,9.161129482600669505e-01,4.139708581171862578e-01,5.319618035921797050e-01,8.591011170611790870e-01,7.551569215430334880e-01,9.657507543372220171e-01,6.700903409718064196e-01,7.223922303671330702e-01,8.284290619724764548e-01,8.929081933638169932e-01,5.503115559963092651e-02,7.738277832794470124e-01,5.686342938535068336e-01,2.599763278981189196e-01,9.959535170684271632e-01,9.383199066391483267e-01,9.378702611891738261e-01,5.573266280762213531e-01,9.524101868141562344e-01,6.552064088863081004e-01,6.016159816480060041e-02,8.087189185495785582e-01,9.160369705652557926e-01,7.708244167433879745e-01,9.188684906075273995e-01,5.049404235284687958e-01,7.187504248921529060e-01,2.934828498204294922e-01,9.128346902632137327e-01,6.258377695870065427e-01,8.896919081248194638e-01,7.751104487518789554e-01,7.649961335947116359e-01,3.587653424920124179e-01,6.777863802469527021e-01,9.340644809002888183e-01,9.759036865555683615e-01,5.312820005479155228e-01,7.374504723643511284e-01
7.944436814269951741e-01,8.592226445785491329e-01,0.000000000000000000e+00,7.528728553080890062e-01,3.913444667070937744e-01,9.259989671898505303e-01,7.814896054917175316e-01,9.699078133219363185e-01,9.194727914460034679e-01,8.466220956638215167e-01,9.238720029278746360e-01,9.593628113671343050e-01,2.193799465505300028e-01,7.692935639454139274e-01,9.152034313731051141e-01,8.530655959657688081e-01,8.177258036818719766e-01,8.144375751940635677e-01,9.405336143373719260e-01,7.302485923323398520e-01,7.280908080376903291e-01,9.878570290936534715e-01,8.433330342835861915e-01,9.454794190641089280e-01,9.039050918721908134e-01,9.800722901294118827e-01,9.153658033221930834e-01,7.637985542898099167e-01,5.996099097140485945e-01,4.913931936367569309e-01,3.291992518206098284e-01,8.911293144478260597e-01,7.711142489261796351e-01,8.292959405840943932e-01,8.389954412864483180e-01,5.665688423952294217e-01,3.175783663544162749e-01,7.765914192105288771e-01,8.080671159695325123e-01,4.723833323855337052e-01,6.030396366513277595e-01,7.884201127415439991e-01,1.922355236875467055e-01,9.247471283106449835e-01,5.851431808592570949e-01,8.568163116515822297e-01,8.550215620295893437e-01,9.058236388281751816e-01,8.127627206494573153e-01,9.219523063488711534e-01,5.390932754664772703e-02,7.610445282214579610e-01,8.119806025260029037e-01,8.920136607920443605e-01,6.807643424872378279e-01,9.032549941659652193e-01,5.109535344160057724e-01,6.213819525983059755e-01,8.591224371383986425e-01,3.275610874319310195e-01,5.557311830221763893e-01,9.909627623000397678e-01,9.325884357634263155e-01,9.103894152536091688e-01,6.171026068997794711e-01,9.906518690146306483e-01,5.971144434193359496e-01,8.207506707289997649e-01,3.072937694674559017e-01,8.560845620036781067e-01,6.814389845034557469e-01,8.769602530010129904e-01,4.315294328784612943e-01,6.997485785982069384e-01,5.271547114484671503e-01,4.191479059689342535e-01,6.841693099096152197e-01,7.825344490977974576e-01,6.148751496902205016e-01,4.305844225574536610e-01,6.838528057569909224e-01,8.068825888422180848e-01,8.714408176377644866e-01,6.432477703678457503e-01,4.877960537606186864e-01
8.512213767114461538e-01,6.100219898303498312e-01,7.528728553080890062e-01,0.000000000000000000e+00,5.221709558820923913e-01,6.475464555570190628e-01,4.094964957512861048e-01,7.299387680990369054e-01,7.041422890793811451e-01,7.413565979288685437e-01,6.899437759077055032e-01,6.639427861702329459e-01,7.284735588124482408e-01,6.232313065863636092e-01,6.164335088226932102e-01,6.592779653249124516e-01,7.457029076375398802e-01,4.905598839498394037e-01,9.943728357253894812e-01,8.650549102533199308e-01,7.856427741080072025e-01,9.751862720552300079e-01,5.639584557639419904e-01,9.089741042306149765e-01,9.061404218702843183e-01,6.589615105211756863e-01,9.342401207178685496e-01,5.469328217117160884e-01,2.967524955186531255e-01,6.531807649122065573e-01,3.607063365638231156e-01,6.413424256493235331e-01,8.102752553568317584e-01,7.933753368300723308e-01,6.584524722998704727e-01,6.805063454130639844e-01,5.995044732935326248e-01,4.996845178715300650e-01,5.862026028741119665e-01,7.858144854213148234e-01,5.592080496529390210e-01,7.625541690078159185e-01,6.468870992744887305e-01,6.559948871930479930e-01,9.484343642154767773e-01,8.891062184276725677e-01,5.747684225819277293e-01,8.902638289915635328e-01,6.262803753237430326e-01,6.496826464732586848e-01,7.590229570694230210e-01,7.551771508278570799e-01,4.202154015665937048e-01,7.716395566740197332e-01,7.856617497470649303e-01,2.100968909521622463e-01,6.419841220180748653e-01,9.867387637849441839e-01,4.339216463084937248e-01,7.682693587951476832e-01,6.897230793749201672e-01,6.566466701842206266e-01,4.801704082804384432e-01,7.980323565317086754e-01,7.395689158249904027e-01,7.979176408815435995e-01,4.217622391172101692e-01,6.009657590945631789e-01,2.958051952348120794e-01,8.340474489336339170e-01,9.358903474173364545e-01,5.177847274293922997e-01,8.804104596002138017e-01,4.866705668681761687e-01,5.266936871654881447e-01,5.215095470051809290e-01,7.063151611549822739e-01,9.443441364059930176e-01,5.629734091400975249e-01,4.177589414941456636e-01,4.028430337292657759e-01,7.800158428897224772e-01,7.915705612848491501e-01,5.556036252600604630e-01,6.200023781771452080e-01
9.932191707443784878e-01,4.355215332930489902e-01,3.913444667070937744e-01,5.221709558820923913e-01,0.000000000000000000e+00,6.493889778300236948e-01,2.249783564172762040e-01,3.821459060665222118e-01,7.490259842422828385e-01,5.752005894606234682e-01,3.883913425529498809e-01,7.390391264812835592e-01,6.083703110959587379e-01,2.989906979769113571e-01,7.886784815667389203e-01,8.903108054232876656e-01,7.438850058085817452e-01,8.738429744265104882e-01,6.404632519149145997e-01,9.320254845864731630e-01,7.300008697355949705e-01,2.691354464335017904e-01,6.528175770831994296e-01,7.290686194152137256e-01,7.715936877839414398e-01,6.166515283831484062e-01,7.949880065984544775e-01,6.524634983673136546e-01,2.420579017657544796e-01,6.235695665125076115e-01,7.058692791989322757e-01,6.918324633510033461e-01,8.223649847499018284e-01,9.816944684930031251e-01,3.052951197920734661e-01,3.774823167366887500e-01,7.229585172422703376e-01,7.936281466117452998e-01,9.243881916399511178e-01,7.268094771005118027e-01,7.599554218954369667e-01,7.387160023446185386e-01,9.725358719602567037e-01,6.634661565649324633e-01,4.110635269899688971e-01,8.960704073660963331e-01,3.527094544996383085e-01,6.434414970481328044e-01,7.745465050496581627e-01,9.993599724624919745e-01,9.977335382831132859e-01,7.931701988952619686e-01,7.222270798379610834e-01,4.553480002301039109e-01,7.185073963624762916e-01,4.121598885788793076e-01,4.381415392346468263e-01,6.102334649401565114e-01,5.921348572610394267e-01,8.915620535166555172e-01,6.708636986891414189e-01,7.516951775058184904e-01,6.265223366286103435e-01,9.539187285292556329e-01,8.418888955335139812e-01,8.593748582694831217e-01,9.925239184686813765e-01,9.940042327325598892e-01,6.351328685117396677e-01,8.064253098136361375e-01,7.081933516729521649e-01,8.478324689576774986e-01,4.757318715217687122e-01,2.532769832122758746e-01,5.807493268692722754e-01,7.815310203210328321e-01,9.509482326636816696e-01,4.817768286991813698e-01,4.377011115000480346e-01,4.808095654244922690e-01,5.769622417682149784e-01,8.134101050330940774e-01,4.673548460810044158e-01,3.107523582878168877e-01,5.032000625899095692e-01
4.119163703538504251e-01,7.549624088250125320e-01,9.259989671898505303e-01,6.475464555570190628e-01,6.493889778300236948e-01,0.000000000000000000e+00,7.381915060720900534e-01,4.435457786624639187e-01,6.882708967123732924e-01,2.986956722679871001e-01,8.526280027928738736e-01,7.495460726231720772e-01,6.115741653160815527e-01,7.061934521680844901e-01,9.755154559874615883e-01,7.904705705740573407e-01,8.087129125136551799e-01,7.434516102315430475e-01,6.417647899673285528e-01,8.160155009537340964e-01,8.161066028098381553e-01,4.993956902248620766e-01,9.621345683013334815e-01,9.075564080058921013e-01,7.532713839929787714e-01,1.485933545994923832e-01,9.127228654491312820e-01,6.738780266335762104e-01,2.131618869451353537e-01,3.879482542560425129e-01,5.335089081436492631e-01,1.837225131605401129e-01,8.524851738169788584e-01,6.670679242297871125e-01,5.626268640595312176e-01,4.842891195442787233e-01,3.488610371187287340e-01,1.396262015241801491e-01,9.036863204816688588e-01,6.771470892704456457e-01,8.270022802095415848e-01,7.429188495659471148e-01,9.447449498706518289e-01,7.678246609040504378e-01,8.784678601216965310e-01,6.623589735145651858e-01,8.326690124514439795e-01,6.627703846213105487e-01,5.115612111720192479e-01,4.269945911881374845e-01,7.854206193327768482e-01,4.122911097921707624e-01,5.641782520068884255e-01,8.827170258514233092e-01,5.554048444065644574e-01,6.790168483035708968e-01,6.248246450932295470e-01,8.554651162905024808e-01,8.922160427376043534e-01,3.225267869828539746e-01,7.403971887241079797e-01,2.788655243001379458e-01,6.169801118841597987e-01,7.583118215098915149e-01,8.094453156697469787e-01,7.720830199279080652e-01,9.733454801395511335e-01,8.078772882014377821e-01,8.501121316286003315e-01,7.778707399589873672e-01,6.947509911678139138e-01,6.730982255072729403e-01,5.361488787290042968e-01,5.637667876883415419e-01,6.632479683158858386e-01,9.082837897126041504e-01,7.721791321571044309e-01,8.714661406744669270e-01,9.416880727254085814e-03,3.909883593800915769e-01,2.007154395852759898e-01,9.334547196716588280e-01,4.760535937428589381e-01,-1.634164778063368351e-02,1.334500748026935524e-01
7.761667461965585657e-01,5.589173193558727437e-01,7.814896054917175316e-01,4.094964957512861048e-01,2.249783564172762040e-01,7.381915060720900534e-01,0.000000000000000000e+00,4.765617414404478835e-01,7.311518655810326228e-01,6.409907813617341521e-01,1.134512865749757182e-01,6.534768860034700921e-01,1.076124960536366595e-02,8.548076137563660470e-01,4.178171491785159786e-01,2.908673875891240601e-01,7.323111785827733922e-01,7.958526968090617881e-01,8.017650440105077436e-01,9.328119686460567550e-01,7.242724171480208195e-01,9.317492585839519670e-01,2.124049176942825468e-01,9.138037015703178723e-01,6.779586725888504528e-01,2.289242537589137594e-01,8.949981590975025769e-01,7.192941600606552743e-01,3.014691212062067804e-01,-1.831052212259846601e-01,3.298293875501713268e-01,6.588311203677736927e-01,6.916933155323266025e-01,4.645252789686311612e-01,5.056553602617271936e-01,4.117652583480354567e-01,4.124690707184435756e-01,7.339393195568345574e-01,8.281226225692809306e-01,2.214611375890733480e-01,5.055422284481915218e-01,7.102800042633434785e-01,7.891141401189460947e-01,4.626264074696408990e-01,8.505432712360029290e-01,9.656943738328305910e-03,2.699888263310586956e-01,3.431789385769330458e-01,7.439384279327772020e-01,2.960082005979661757e-01,5.227979881760607128e-01,4.066997935832106781e-01,5.661861217307601057e-01,4.473738087371362804e-01,9.973956139864916803e-01,9.645330316307832996e-01,2.670856010704849570e-01,5.069897305175518065e-01,9.199761743622851817e-01,7.633194284113322681e-01,6.433949833530621110e-01,4.515534679497670845e-01,4.278071851919543200e-01,7.650447519154427445e-01,7.632591311254889321e-01,6.237388366510658866e-01,8.029935135963056636e-01,9.661738065978946466e-01,7.893674545449277380e-01,7.109885443962593587e-01,3.392611659300983629e-01,4.571936112733280821e-01,5.214839348662360097e-01,4.374562556672874636e-01,2.777089093146880017e-01,7.281680184927411537e-01,5.637414430638265639e-01,7.467594074111281177e-01,6.770357201076495635e-01,1.492088038950074302e-01,4.547503321242684082e-01,7.280524789253656204e-01,5.043777348751460332e-01,7.382580199905525165e-01,4.815486169774007008e-01
8.926230214630246351e-01,6.639697605773570155e-01,9.699078133219363185e-01,7.299387680990369054e-01,3.821459060665222118e-01,4.435457786624639187e-01,4.765617414404478835e-01,0.000000000000000000e+00,4.400741239360970170e-01,2.042641328789596231e-03,6.351742727069240591e-01,5.368746619033413214e-01,9.207850558872243685e-01,5.786522740160175982e-01,7.547361297338160968e-01,4.171195800134488985e-01,9.788375567305405145e-01,3.272296669669177982e-01,7.691293266832954778e-01,9.857683188577119893e-01,8.780989468683686461e-01,1.579095491148677921e-01,6.844089350635920166e-01,9.718656094360293984e-01,4.231736083079183919e-01,6.594422341219310368e-01,7.544754940378216590e-01,5.952237989080380043e-01,2.928221283349153881e-01,7.771189204875059708e-01,3.481911357488342018e-01,8.371928326930412334e-01,6.918152337100328397e-01,4.595023043851321209e-01,7.082597675919424240e-01,2.431836362462135859e-01,6.701132835047470815e-01,4.003978599938714522e-01,8.600252587742946986e-01,6.016107558305954228e-01,1.959963621171609827e-01,9.174564330117523925e-01,7.819735090892772078e-01,3.236495279722523821e-01,5.003834181244883883e-01,3.476830311944196783e-01,6.203527369538756053e-01,7.380425622526751717e-01,4.684809889425221585e-01,6.890440876551245930e-01,4.121692816553496619e-01,7.389737149642027214e-01,1.499831060439027197e-01,7.633934818174747949e-01,8.781655988903906973e-01,6.297425875826089259e-01,8.436539778944494028e-01,3.875251305884427899e-01,8.093388834334099835e-01,4.840235643864100878e-01,2.197862070589351458e-01,3.094440896513931949e-01,7.814006081524693670e-01,6.681253628236258901e-01,8.042151711743094067e-01,5.079160046649997540e-01,3.746361032812826064e-01,9.446060190165883608e-01,8.782392256173068290e-01,7.612393328336850562e-01,5.239249302921831219e-01,2.965661683484375200e-01,7.840191266832290395e-01,7.036624252436024518e-01,7.858305997203981486e-01,4.338964170071481496e-01,7.935264351047710552e-01,4.812323872029735661e-01,4.557385350120628509e-01,3.646642028129490343e-01,6.857816511941742244e-01,4.549060928883112420e-01,8.130728364210521031e-01,2.737102426438226543e-01,4.924325659247744680e-01
9.681608285336379405e-01,6.047450822506986734e-01,9.194727914460034679e-01,7.041422890793811451e-01,7.490259842422828385e-01,6.882708967123732924e-01,7.311518655810326228e-01,4.400741239360970170e-01,0.000000000000000000e+00,8.988220818217613761e-01,5.252717969815219323e-01,8.853721324332020082e-01,8.825581585797351858e-01,8.235297233456354560e-01,6.034563024605528181e-01,5.484116434987913458e-01,6.535895839053372791e-01,5.572129076871890074e-01,7.156198570006725435e-01,5.710928049901241588e-01,8.664866968241000666e-01,2.334055612545387626e-01,5.823639652302710079e-01,9.062748895177433761e-01,7.704923867393368431e-01,9.504659853237302780e-01,8.915743631897906640e-01,4.651754652344619045e-01,7.511500482863190387e-01,5.931572604401889048e-01,4.863910659545191417e-01,8.751802790045097868e-01,7.191090278659402202e-01,2.111329241189489059e-01,9.692009535093891737e-01,3.492310769793461889e-01,4.253242651019558673e-01,7.279139608330439382e-01,6.051754818623434895e-01,9.396036346920271232e-01,3.368629530703609598e-01,4.856997281880059969e-01,9.705443481264030003e-01,9.858370709108911223e-01,4.093367427333548525e-01,6.397997118564706653e-01,7.840263447776866235e-01,9.093909578170118468e-01,8.258728002382703659e-02,7.192378410632251917e-01,1.757240215604803646e-01,4.983815271471577768e-01,9.220430494210324346e-01,5.631046326879245445e-01,9.986211492305777648e-01,9.907852438077502377e-01,9.691000929338811076e-01,8.093731825746198760e-01,6.453029261982222708e-01,4.911271524736965932e-01,9.889744572125887256e-02,5.158990958183911069e-01,6.481914376740619543e-01,9.236415924373616582e-01,8.723659609472587118e-01,4.093044984560527677e-01,5.644948101649273076e-01,8.458654530547105033e-01,4.901649788454878753e-01,4.265380012837199919e-01,9.679401337109444503e-01,7.259745156332294558e-01,7.707939740381408722e-01,3.910559011760774695e-01,4.507535772521527040e-01,9.570273425319515415e-01,6.365603885832903375e-01,-8.326904135903047399e-02,7.542401866507738584e-01,5.770076364268824642e-01,7.519502282792918102e-01,4.836902139821433466e-01,3.321755736611409215e-01,6.017847061189346425e-01,9.021640812769781137e-01
8.677849495147861303e-01,8.813978316350736808e-01,8.466220956638215167e-01,7.413565979288685437e-01,5.752005894606234682e-01,2.986956722679871001e-01,6.409907813617341521e-01,2.042641328789596231e-03,8.988220818217613761e-01,0.000000000000000000e+00,9.126571917823869118e-01,6.470973863480471433e-01,6.477290094294589906e-01,8.802060153199723347e-01,7.845319560065026065e-01,9.189906158955460924e-01,9.375128862517205786e-01,9.182106280938135967e-01,8.261576099401704010e-01,7.206122666827199374e-01,5.504712872370315369e-01,5.530205701452566291e-01,4.496297393488979943e-01,8.783318406071025652e-01,8.889256988536472504e-01,6.828597801483448082e-01,6.622125771077236323e-01,6.403420593907822589e-01,9.087030392548167690e-01,6.116611023571915107e-01,2.392453677728287875e-01,7.166331283082966186e-01,5.454599106216385662e-01,9.505090842258782091e-01,1.076963198671784805e-01,7.668313974717110293e-01,5.242593209572633528e-01,6.297730739307266790e-01,8.172244322438425579e-01,8.496349538737344442e-01,5.810823002214303701e-01,4.345681449360811466e-01,8.842466276634329825e-01,6.591642816525070669e-01,6.812302915652055368e-01,8.506804931796271285e-01,7.020866104600578250e-01,7.519330873275027471e-01,4.627814102831131482e-01,5.392926394164623272e-01,7.155634307018940987e-01,3.251219080207063961e-01,6.298656031447710246e-01,4.129126525978547013e-01,7.743053385028368929e-01,7.084497155432175619e-01,6.830284785945687220e-01,6.181662557499592037e-01,7.539911076932269696e-01,7.536003301073401772e-01,3.127678079785586873e-01,6.643842997273776696e-01,9.878966045156778453e-01,6.144746563493573843e-01,9.847772144984060505e-01,4.293333323807203006e-01,4.175589832891816733e-01,9.360604175341573630e-01,6.191332340635536946e-01,6.818117298350147015e-01,6.456488625255957237e-01,6.849362018590785528e-01,5.292946883951771264e-01,7.306916194753882987e-01,2.437010887728722486e-01,3.492315667862843642e-01,9.454944242369731633e-01,3.089659063237178982e-01,2.674175677256784289e-01,1.586629279401674808e-01,5.633556259281933265e-01,8.669034030147296788e-01,7.854928588596216121e-01,6.971285270309510729e-01,3.527325879707454703e-02
7.038690662439950341e-01,8.325131544324270161e-01,9.238720029278746360e-01,6.899437759077055032e-01,3.883913425529498809e-01,8.526280027928738736e-01,1.134512865749757182e-01,6.351742727069240591e-01,5.252717969815219323e-01,9.126571917823869118e-01,0.000000000000000000e+00,4.509602001551691886e-01,5.575244842253758160e-01,8.352807442071896737e-01,8.543601582891350299e-01,9.619226375891359870e-01,8.051434449654440995e-01,6.074387277584215594e-01,5.628346792541987220e-01,9.025125379099022682e-01,8.436944323735324769e-01,2.594265927320984488e-01,8.366623142728104590e-01,8.931164976696769342e-01,6.904318314152536606e-01,8.633252315645374431e-01,6.138574499952921260e-01,7.820358551254377177e-01,7.790845174990519428e-01,2.630922778221208569e-01,7.502926119049758702e-01,7.211570519403353030e-01,7.457129191586659989e-01,8.690280222730230042e-01,6.263673108913823118e-01,4.591114405416149569e-01,4.152763066417117788e-01,6.638030905689791261e-01,6.760921827474459800e-01,3.545184976447122160e-01,7.193215263966725725e-01,6.431353356181743752e-01,8.525292205911328969e-01,8.833068326014275051e-01,5.598090170827078049e-01,7.669586509114799666e-01,7.524102798195044794e-01,6.163103706238632906e-01,7.724704681160523556e-01,4.633636507536472715e-01,4.505229874987991545e-01,9.335859299836959391e-01,7.554584562241166701e-01,9.648382391344604292e-01,9.117255404710739031e-01,6.202104523245922651e-01,5.855906296602554351e-01,7.266260506665059848e-01,8.762944957353816511e-01,8.680443987009952567e-01,5.015711041685969596e-01,4.806793825031898670e-01,8.460318282156052971e-01,5.272175448159164279e-01,9.136723678344571553e-01,6.448120124422804800e-01,5.852329625594776541e-01,6.808803974074038035e-01,7.844764545127099753e-01,9.261241582659899274e-01,7.261533828602187990e-01,9.032033270785967405e-01,9.449059267272959250e-02,4.770495564940175903e-01,6.988600645646080300e-01,2.727184369131886998e-01,7.442614725983144330e-01,7.699623892949014614e-01,5.749599263878564237e-01,4.300403718760215099e-01,5.295990227471666367e-01,7.453252391856003412e-01,8.233236764290899901e-01,2.552958159639482361e-01,5.694544398446119704e-01
9.205537233816960541e-01,7.657949138785794529e-01,9.593628113671343050e-01,6.639427861702329459e-01,7.390391264812835592e-01,7.495460726231720772e-01,6.534768860034700921e-01,5.368746619033413214e-01,8.853721324332020082e-01,6.470973863480471433e-01,4.509602001551691886e-01,0.000000000000000000e+00,1.668799165250911543e-01,2.312887851027219388e-01,6.057527040150805231e-01,4.806503956990874071e-01,7.975158073861273733e-01,9.252752667809354126e-01,4.045896654846634632e-01,9.253928776721450644e-01,4.264958205900918342e-01,3.420315216877873876e-01,6.895833846213792473e-01,8.940865689600284716e-01,7.025118835741912537e-01,2.005314904480251792e-01,7.656874289281840884e-01,8.974124372160365848e-01,3.935610292056501702e-01,2.652897670868948898e-01,2.934162687350786447e-01,4.690642926220313091e-01,8.939468145207287719e-01,7.798937837943545892e-01,6.538761900889816792e-01,6.225489788186777673e-01,6.800969998902260949e-01,4.302779882865527816e-01,5.132931547841533826e-01,8.163980429109164438e-01,6.668421366553572982e-01,4.784527267856040211e-01,6.988088219926037459e-01,9.817834790616918328e-01,9.962296714044734935e-01,7.273791891391594433e-01,4.999706680147064652e-01,7.569704100577924200e-01,5.145556160254262101e-01,7.800114006704866876e-01,3.907053868693491916e-01,4.361148175935271043e-01,7.152551946967222740e-01,4.173303374517229880e-01,2.711181121567611818e-01,8.746190119017001052e-01,9.443996249723887182e-01,3.310405923499738501e-01,9.619998249788440647e-01,6.292704183693902387e-01,6.918023991151944774e-01,6.701440443845875228e-01,7.481197760159559174e-01,6.327130785855594741e-02,9.262785925991050551e-01,6.088427565809562125e-01,4.592198918612649394e-01,8.091552829107455658e-01,4.319877787341426245e-01,7.142233616567756904e-01,8.078314719868592286e-01,4.529794118722318408e-01,9.650874225235539505e-01,7.926796770013296023e-02,9.236285281405480774e-01,1.018871726042382547e-01,8.537788172642650775e-01,7.527709094256510580e-01,5.924317252412976131e-01,3.997130362834853123e-01,6.957884058778112113e-01,6.237165862647078285e-01,5.720549710825584278e-01,3.078112284460663567e-02,5.132145867640437453e-01
8.892302951343267203e-01,7.528442414695422080e-01,2.193799465505300028e-01,7.284735588124482408e-01,6.083703110959587379e-01,6.115741653160815527e-01,1.076124960536366595e-02,9.207850558872243685e-01,8.825581585797351858e-01,6.477290094294589906e-01,5.575244842253758160e-01,1.668799165250911543e-01,0.000000000000000000e+00,4.373091285782269022e-01,8.655358855863458656e-01,7.325314719513680295e-01,9.155357252382383404e-01,4.953764499785068276e-01,7.843314128301297483e-01,8.467360512701697095e-01,5.174579501082471333e-01,7.270608783191101487e-01,9.858348237483340881e-01,9.708908471825895559e-01,6.027971605730996218e-01,6.165554527737246993e-01,8.727485497779678969e-01,9.952145089643389397e-01,3.057322278087661327e-01,2.832489752993994081e-01,-3.511949759261120962e-02,9.964977227639744140e-01,9.734370042861421046e-01,7.448291509635007746e-01,7.307596805751757074e-01,1.013474100474708595e-01,3.737646290784903957e-01,3.750795522186100017e-01,9.872724754085790977e-01,6.747185481563269249e-01,6.643846677208292695e-01,4.019581909120918395e-01,5.246001967106794783e-01,8.581432856857262870e-01,9.540537842352384557e-01,3.373430496631022457e-01,9.626034632523438050e-01,6.586238671904717235e-01,6.121142199042346466e-01,9.658006892559500844e-01,9.760431715346427062e-01,4.476150874320448669e-01,6.082410998916463196e-01,8.936296632033925436e-01,6.777532923246815111e-01,7.106908486092113897e-01,9.988625027404901546e-01,6.075755176651782552e-01,9.031392840543871481e-01,2.321340180227385586e-01,3.449026058089531555e-01,4.378842858949825168e-01,9.401140263806574415e-01,9.786314825323831901e-01,9.268716873032091241e-01,6.638239291695333666e-01,8.876528547969612104e-01,4.569069218698610935e-01,-1.092893906848688007e-01,8.701677552534623494e-01,7.535012858859507778e-01,9.632196706175700784e-01,-1.864670228111678374e-02,6.409863589161661768e-01,4.571549124014189225e-01,8.921059252019931662e-01,8.828237336016737657e-01,7.298335660734499575e-01,2.271177420975039607e-01,3.088114688694861276e-01,5.027736900447229429e-01,8.238523637113851494e-01,8.341190052590752302e-01,6.685685799194150958e-01,9.935333006705400205e-01
7.443130071189564267e-01,9.283139949731982199e-01,7.692935639454139274e-01,6.232313065863636092e-01,2.989906979769113571e-01,7.061934521680844901e-01,8.548076137563660470e-01,5.786522740160175982e-01,8.235297233456354560e-01,8.802060153199723347e-01,8.352807442071896737e-01,2.312887851027219388e-01,4.373091285782269022e-01,0.000000000000000000e+00,8.978287815226015933e-01,8.678335388469357037e-01,3.583801346748268224e-01,7.298013952819211170e-01,3.896243724567562960e-01,8.247910423201595398e-01,2.981177735736090795e-01,4.084219996851498058e-01,6.773945296057428678e-01,4.150785722860859117e-01,6.120237338890527345e-01,3.341579352837090733e-01,8.602308805669671710e-01,8.810808050101153199e-01,4.995677198731282020e-01,4.487572148883519074e-01,3.184644647036828369e-01,4.856578711085238198e-01,2.116079189959565177e-01,8.698699303824914963e-01,9.440194326712652018e-01,2.006381163346442620e-01,4.234470917648083810e-01,4.010208442320854494e-01,6.431319733148259665e-01,9.095528718928121981e-01,7.485521689280634217e-01,7.362297744682354539e-01,9.537906881575487494e-01,7.121650099913042764e-01,6.414707126349739053e-01,4.053277670516889919e-01,5.353943041134522351e-01,7.311620216626725233e-01,7.183520333504099797e-01,4.902779477341231984e-01,3.558601471503177738e-01,7.868993475506099733e-01,2.634923545723616423e-01,8.991646089655744856e-01,7.019293110114055434e-01,9.083099587070239123e-01,6.798258377416650511e-01,7.422884416434905042e-01,8.246444628347485706e-01,8.915860763549213197e-02,1.518412822605779422e-01,5.912386331219001701e-01,5.641865410742932241e-01,7.466659368563386412e-01,8.052063751321013596e-01,6.991990015402914649e-01,4.720331990271617317e-01,6.842038779098211787e-01,6.588679195067508321e-01,5.660068749576181446e-01,7.107262253310112632e-01,7.024856585279021237e-01,6.154690156405302481e-01,5.339683469078897460e-01,6.547772876491536609e-01,1.165082046807636440e-01,9.742770989797829850e-01,3.861826390494951800e-01,5.407128734938827508e-01,3.543776717226420070e-01,5.467715970679665194e-01,2.654061546500162128e-01,7.475730839405037020e-01,8.144133966411604836e-03,6.034057725894953483e-01
9.709314048589393620e-01,6.481853866556880339e-01,9.152034313731051141e-01,6.164335088226932102e-01,7.886784815667389203e-01,9.755154559874615883e-01,4.178171491785159786e-01,7.547361297338160968e-01,6.034563024605528181e-01,7.845319560065026065e-01,8.543601582891350299e-01,6.057527040150805231e-01,8.655358855863458656e-01,8.978287815226015933e-01,0.000000000000000000e+00,3.363691724932429405e-01,7.714503209249586879e-01,5.686076504568451373e-01,7.486253362205040895e-01,6.802833243307671029e-01,6.411988678156158583e-01,4.570068348250744816e-01,6.258021207536614838e-01,9.192334526987876453e-01,4.275632210356453689e-01,6.302471358376543487e-01,9.635599404092157760e-01,8.986187608959294026e-01,3.124864647143718588e-01,2.171383817334784083e-01,1.365990591336778970e-01,4.108815781485409824e-01,7.349525986976201963e-01,2.906098102150327933e-01,5.973375299990697496e-01,1.259082710814119488e-01,6.461634137817320322e-01,6.013101349797205231e-01,6.701023425652820054e-01,8.374041926712632034e-01,4.905735907996610079e-01,9.220816737827376430e-01,9.302420613134713134e-01,6.073303388643901402e-01,7.717259034518203498e-01,8.980305186439507814e-01,7.654746664330185357e-01,9.829793187739281901e-01,2.265919869567210865e-01,6.230113507266052952e-01,6.175514209033001745e-01,7.316596954653790119e-01,2.533580496991008624e-01,4.548100181138785003e-01,8.920772736852421447e-01,7.404908914725266689e-01,6.274781856918274503e-01,8.927839393270157187e-01,6.681488866058383769e-01,4.323399151865641166e-01,4.922533409373535118e-01,5.699818504065541358e-01,6.094729701791798959e-01,9.204393478572618914e-01,8.911351698107244923e-01,9.318676589534442556e-01,8.257426462538249856e-01,8.292958375796560810e-01,4.362563676365946996e-01,7.458116625769228847e-01,8.420097163327421308e-01,7.991024087132586606e-01,5.297011758991638786e-01,6.240380366421083291e-01,6.092364493607094200e-01,5.962144545514361793e-01,9.893401246333934917e-01,8.041515267083059193e-01,5.137370942030541343e-01,2.022040703149189100e-01,5.800735318157830278e-01,9.332847830512159826e-01,-1.178847614465692306e-01,6.164124988149442125e-02,7.030221902211103435e-01
9.526161149323764121e-01,7.767114780217009296e-01,8.530655959657688081e-01,6.592779653249124516e-01,8.903108054232876656e-01,7.904705705740573407e-01,2.908673875891240601e-01,4.171195800134488985e-01,5.484116434987913458e-01,9.189906158955460924e-01,9.619226375891359870e-01,4.806503956990874071e-01,7.325314719513680295e-01,8.678335388469357037e-01,3.363691724932429405e-01,0.000000000000000000e+00,7.818599976847039335e-01,5.318395073324356792e-01,6.554583017930554201e-01,7.232186721027187293e-01,8.765438091645149088e-01,7.209458822998005001e-01,7.444209109561160664e-01,9.531671353474325814e-01,6.594280573566512205e-01,2.175756488542639547e-02,2.161126413221740594e-01,9.805720597921204762e-01,5.078312308373508221e-01,5.679763334550835818e-02,7.665734441699741109e-02,6.015342183820134858e-01,7.264476033591258375e-01,3.942314922537931143e-01,7.766934942134476882e-01,6.950202947012085186e-01,6.737257459976560281e-02,9.134703721587982272e-01,6.917990329410790284e-01,2.688768296048430484e-01,4.855222929315266001e-01,7.812532050562388530e-01,1.887055762373043566e-01,6.234792403086336643e-01,8.507409418734356299e-01,7.223299436601711143e-01,8.732748843228429481e-01,3.868190903822081861e-01,8.426635045763343212e-01,2.095279641133770687e-01,8.477266175641495760e-01,2.006763185684352080e-01,4.472505657638266574e-01,7.193215878452561274e-01,7.677737466423140145e-01,8.986014572571888737e-01,7.676353148417852656e-01,9.576822642611226843e-01,7.153707125763224539e-01,8.426725021795562764e-02,6.564313811930798659e-01,6.762719585296474989e-01,3.202523790498312817e-01,5.025150760849278475e-01,7.006736332961469582e-01,7.561950634261255244e-01,9.466566399580560454e-01,9.370933844967881399e-01,-3.521767467207873037e-02,9.421234860087284169e-01,6.059226344200284720e-01,5.757055733128988440e-01,6.515788341811336037e-01,2.996149706386828093e-01,2.895589166855823682e-01,9.106972717595896993e-01,9.384272998138045718e-01,2.968810093359988689e-01,-1.002745845946417108e-01,5.220752424313215290e-01,9.677789187498285761e-01,4.622058642898863590e-01,8.252256802978328309e-01,3.676267531419075401e-03,5.783501541805955437e-01
8.492338006718868071e-01,9.902683409564608796e-01,8.177258036818719766e-01,7.457029076375398802e-01,7.438850058085817452e-01,8.087129125136551799e-01,7.323111785827733922e-01,9.788375567305405145e-01,6.535895839053372791e-01,9.375128862517205786e-01,8.051434449654440995e-01,7.975158073861273733e-01,9.155357252382383404e-01,3.583801346748268224e-01,7.714503209249586879e-01,7.818599976847039335e-01,0.000000000000000000e+00,3.832104943541836950e-01,9.184001096599009317e-01,3.051037776654627054e-01,5.633431565483258963e-01,6.162865161992682195e-01,8.328768251134843759e-01,8.622894727701405637e-01,9.310527014056267925e-01,9.009168287604216729e-01,9.217534428394527080e-01,1.619560668110953117e-02,6.609282335068265013e-01,4.766764616521688702e-01,3.204268594972964346e-01,9.543102536675946990e-01,5.617524848992117015e-01,8.008251728405936243e-01,8.690639524041198216e-01,5.634766833902610239e-01,-4.290704912442017127e-03,5.653724683625386271e-01,8.924789201517477899e-01,7.968435203806821798e-01,2.503703533711496010e-01,8.061101136245190091e-01,8.761064340126016869e-01,7.800095123779682282e-01,6.188915374244656764e-01,7.866491242633980585e-01,8.271129168678480470e-01,6.182350587442336787e-01,6.623053206235943735e-01,9.121711233090680215e-01,9.736503952788656546e-01,8.062158383992894528e-01,7.691381120641840319e-01,5.411858844680503822e-01,6.988157720318141086e-01,7.687582474203775718e-01,7.554851232764618896e-01,8.645276190278468054e-01,9.368192312323657678e-01,2.929171034656192774e-01,7.846317313209536515e-01,8.460307073338284578e-01,4.118783737611544926e-01,3.189419598338534279e-01,8.266443279366161301e-01,9.155129436962334832e-01,8.353775481657396140e-01,6.298393574656745431e-01,7.499103072256492197e-01,7.789214925056537897e-01,2.697383684250520552e-01,8.339266102469793385e-01,3.045124790469278531e-01,6.607429769374846273e-01,6.845381324499626441e-01,7.048729868870552417e-01,4.124841827662367039e-02,7.970227081938590086e-01,4.803241217579715117e-01,7.600584026044482355e-01,3.591548601832050824e-01,9.873034427890465814e-01,7.008001556659372300e-01,9.141264770009486229e-01,6.176978027092165924e-01
8.080737429019677620e-01,7.735040413819646021e-01,8.144375751940635677e-01,4.905598839498394037e-01,8.738429744265104882e-01,7.434516102315430475e-01,7.958526968090617881e-01,3.272296669669177982e-01,5.572129076871890074e-01,9.182106280938135967e-01,6.074387277584215594e-01,9.252752667809354126e-01,4.953764499785068276e-01,7.298013952819211170e-01,5.686076504568451373e-01,5.318395073324356792e-01,3.832104943541836950e-01,0.000000000000000000e+00,2.441136595340584747e-01,7.457657470412060174e-01,7.492745484071061668e-01,8.360150689489443954e-01,9.913605386113888418e-01,6.187436114298395795e-01,6.542691380016618652e-01,9.551288267661786069e-01,9.035402468489278638e-01,2.814478841652019725e-02,1.179559144369431989e-01,1.857244957612767533e-01,5.982276941658997149e-01,7.071444196916879532e-01,1.627885913966025111e-01,5.499947625444210342e-01,4.847748461038370316e-01,3.798800343710228011e-01,5.497614538281266894e-01,8.668150020173641668e-01,7.759076188502996851e-01,9.301151900924482518e-01,7.416208170384572806e-01,8.582635191710343836e-01,4.195657199232563084e-01,6.527000175964345896e-01,9.910510121457568600e-01,4.670976410105512899e-01,2.113815753780642903e-01,6.306987894199631572e-01,9.187864640675859063e-01,7.029429289746538245e-01,8.157516366436280419e-01,7.104152837287338595e-01,7.902391157548934730e-01,7.971136249859707146e-01,9.413336292497997970e-01,7.206842775523492062e-01,7.367389805958923787e-01,5.198591224974855596e-01,6.795541740476258585e-01,7.518109174612461754e-01,4.797677166364744950e-01,9.379618839759258364e-01,6.774696975564346024e-01,9.731556397901462985e-01,9.282332284231695763e-01,7.687255756233826176e-01,8.804949513778365100e-01,9.089578515002485481e-01,3.064764802738702554e-01,6.000952140578892369e-01,6.702027796373668522e-01,6.754924630335926716e-01,4.280557239080231002e-01,2.956037062997660669e-01,7.360885613542533790e-01,7.143864418302836583e-01,6.405538240414195839e-01,6.481555829505644128e-01,-1.936577259136401663e-02,3.809471180322583361e-01,4.360567389607400424e-01,6.145886410856349347e-01,9.239792858861574087e-01,1.228761982451149204e-01,5.241722656984063589e-01
