0.000000000000000000e+00,8.055001337010972984e-01,5.618822761144475209e-01,6.050051655585028110e-01,9.897666868490629932e-01,8.425789645298661368e-01,8.812708635923802714e-01,5.202326030907372667e-01,8.365206789967214451e-01,7.142919129673115375e-01,9.588125220622419898e-01,9.177601063427176520e-01,8.528056831464152499e-01,9.722998222660298451e-01,7.975974998668534655e-01,7.341291442431852055e-01,8.265981756356954868e-01,3.717108842448714201e-01,7.663324602574740352e-01,8.579743348948833948e-01,8.478258031460329525e-01,8.527751789223692036e-01,8.601626451369451809e-01,5.470245942649420989e-01,9.374752718552034070e-01,4.711166537488052919e-01,9.914703541631675332e-01,9.507050920742852185e-01,9.372177321567025654e-01,2.322771854712035455e-01,6.194465945637879223e-01,9.729462312504235655e-01,7.409471183130551530e-01,8.390085195694794162e-01,8.681200920211106231e-01,3.695543899203713734e-01,5.465760437484759038e-01,8.669316527917121373e-01,6.046361050352954125e-01,6.285417423614665378e-01,2.080780394908540720e-01,6.044381443532892417e-01,6.374308051472233894e-01,9.517522363195578539e-01,6.459338242508144701e-01,8.987648932796351575e-01,7.660539128372869655e-01,9.876588604221148149e-01,9.598392428130354537e-01,8.455079740004639577e-01,8.833271219595414392e-01,7.459362060769408886e-01,6.369938599362953147e-01,4.209896537606947486e-01,5.281978397269014858e-01,8.662370639441726583e-01,5.676156443147024611e-01,8.078688047408505435e-01,5.262360203220695087e-01,-1.651031902666003637e-01,7.890894001597263951e-01,8.704847786687742728e-01,5.535419484631918380e-02,7.735270662196250813e-01,8.079301472190564271e-01,8.020422550652128724e-01,9.925521528610845579e-01,6.096507249832234798e-01,8.087854072944417050e-01,7.591412822488931011e-01,9.818246242764206988e-01,6.691609652838564903e-01,4.651914944284895048e-01,5.899407957422803106e-01,8.637401206185495450e-01,8.059025471503394877e-01,7.466585570826838048e-01,7.534959375874734633e-01,5.892459133807903537e-01,4.014045461326569697e-01,7.409420491387450625e-01,3.135684282951921587e-01,7.308609714571229210e-01,4.426533733862350606e-01,6.051995511014625073e-01
8.055001337010972984e-01,0.000000000000000000e+00,8.936033443245631203e-01,4.049925360487043879e-01,6.539687278465158293e-01,2.277461338423769077e-01,8.334706278151606806e-01,7.806062931455016729e-01,6.802186014361403243e-01,3.655589472851932253e-01,6.297710348085602261e-01,4.840568874761741469e-01,7.677866546608720366e-01,7.542473489564385236e-01,5.920623038260417470e-01,6.960258701045873853e-01,9.064256338247406175e-01,5.014326613185782211e-01,9.257474709831967630e-01,5.059178179854750823e-01,8.411731012565554222e-01,7.986355317379831842e-01,6.903868529230309248e-01,9.139282490740630038e-01,7.955428974659660701e-01,8.235723918725952331e-01,5.149369532474881161e-01,4.817000981084081368e-01,6.749604400769152468e-01,5.066353067383722042e-01,6.771277778682907034e-01,4.949863970787823364e-01,6.493051745148366027e-01,7.386355777767102948e-01,3.909039176718807074e-01,6.625759418648555776e-01,4.207141213532874513e-01,6.146250430767511430e-01,9.523827927066914611e-01,5.790682288465835992e-01,4.093164774100746528e-01,8.461893032796651282e-01,2.691767353008213126e-01,9.202276993514827419e-01,8.421539205423773655e-01,6.275496766142575344e-01,6.605150230086631602e-01,6.919393969878402384e-01,7.124831422913898704e-01,4.235319945725779522e-01,8.503022790159281419e-01,3.278090125006749567e-01,7.586103384572749908e-01,8.340956807141257645e-01,9.090264886701586722e-01,8.796190660303695452e-01,6.722245857078619213e-01,6.668547126316859419e-01,5.965665919420721774e-01,7.660795088171191702e-01,3.371664004023656735e-01,5.522373599490045804e-01,7.784303350548095191e-01,8.888848655682227706e-01,8.489122574772689500e-01,4.032914157572305980e-01,8.321247898417433175e-01,8.429651783108849106e-01,2.825625030907925050e-01,7.827662463826838835e-01,6.273277874606738580e-01,7.760767724218773367e-01,4.069094255393065351e-01,1.729950134430070230e-01,9.214651424394680879e-01,7.348567374267006569e-01,7.387842283788332853e-01,6.257320777823515145e-01,2.420659121958646798e-01,2.970969302213370966e-01,2.232516230818019365e-01,2.945929024041585853e-01,9.177194339946052049e-01,-6.427055524151742416e-02,2.793942733638741238e-01
5.618822761144475209e-01,8.936033443245631203e-01,0.000000000000000000e+00,4.061477636528327828e-01,9.273679469255292629e-01,7.005370840596810700e-01,7.639262584699418879e-01,9.478843077919303362e-01,4.833018556415931699e-01,9.955064149168209031e-01,5.073690836198666565e-01,1.858505328326343353e-01,9.656066259197840784e-01,6.370520860838924104e-01,9.056528853572684001e-01,8.101063545482010131e-01,7.747754401875497354e-01,6.910888097492007276e-01,8.855747428899194418e-01,6.776199808247280743e-01,9.617929649102456846e-01,9.242923133939409119e-01,8.995886843379974351e-01,6.698591650024603439e-01,4.290758637030965272e-01,8.373120239419821198e-01,9.515805230870281184e-01,8.351614498314393620e-01,7.235002407111464917e-01,3.425474652591288249e-01,6.015906913590907124e-01,8.504318276330824489e-01,4.599584025475459970e-01,5.133799233089466618e-01,8.235095745929033040e-01,5.720714730960766436e-01,6.081130592940858087e-02,7.816120365490798472e-01,7.105615299780050353e-01,8.379083417992401195e-01,5.500881166051984072e-01,4.495967782492326648e-01,5.323171510445969812e-01,8.795246956461716392e-01,8.790405952620572450e-01,9.461893450910912051e-01,9.879504515524372144e-01,7.555884578366324211e-01,8.853471954314336978e-01,6.702902874636840203e-01,9.349381456360104092e-01,5.810303305335278168e-01,4.142432472957107148e-01,1.286659093051759351e-01,6.873703861139239812e-01,8.911183007219284358e-01,9.730420774330104106e-01,8.988448939402344795e-01,8.211171707937076070e-01,6.647647544737408376e-01,5.074219136634555705e-01,4.481205790138171330e-01,8.792959629892398432e-01,6.321145666144775133e-01,3.520217787337591719e-01,6.913100310025435125e-01,8.650674525713225593e-01,7.586160813760778332e-01,7.980548330719952066e-01,8.266891420737205731e-01,8.442003561172259918e-01,8.009935030939022704e-01,3.193750725666601453e-01,3.771997742906486595e-01,8.232282374058844665e-01,3.239358556330620420e-01,9.174476831113279607e-01,9.616773203207942267e-01,4.199333825486237792e-01,1.901379952094506276e-01,5.139717484563499639e-01,7.234015522094189299e-01,9.281526085117648428e-01,8.518208333793796383e-01,5.936704218994118820e-01
6.050051655585028110e-01,4.049925360487043879e-01,4.061477636528327828e-01,0.000000000000000000e+00,6.134119353068182567e-01,5.061227317535373915e-01,4.854983458743239444e-01,6.969459740471537490e-01,8.607295881745891108e-01,8.371405377064136122e-01,7.355576535837530239e-01,9.044796257764832204e-01,8.558294261818326643e-01,7.211670407349719536e-01,9.225763623697859073e-01,9.777282289905298018e-01,6.937877321796159791e-01,9.249892958508125762e-01,7.362058335299732637e-01,8.060719226596668729e-01,8.307327586376410666e-01,7.339089389543704822e-01,6.369824551578796568e-01,7.377127700861689785e-01,5.607042231413148503e-01,7.192025467378284631e-01,2.044495648780411678e-01,2.649286792679909630e-01,4.066031679785605535e-01,4.232353623532222886e-01,2.587702151664841854e-01,2.677940388458701637e-01,6.761597468110613907e-01,6.756567333161577205e-01,8.857378957007450149e-01,5.884734129345351450e-01,1.125960792581008896e-01,7.851057383653161637e-01,8.235204570794600887e-01,7.620006835324709682e-01,3.558422540056920269e-01,3.243497856476127428e-01,9.891622525841194946e-01,6.930644039884201746e-01,9.076077873964429887e-01,8.386005791004752519e-01,3.107340599142416893e-01,4.814120653970871966e-01,7.988387994553731719e-01,4.306409740324793622e-01,2.526613159862797220e-01,6.201691853554706091e-01,8.046879196738140338e-01,8.049862697844454296e-01,9.164873869214247293e-01,7.863253147252124986e-01,5.063765742844248408e-01,8.536001269815538528e-01,4.023064024818165940e-01,7.650019947130064502e-01,3.343458545553671390e-01,3.994846089755234031e-01,4.324678575327507990e-01,5.590741944743083947e-01,5.446622797356691636e-01,4.756330118464138224e-01,8.848570406464594251e-01,8.576771675483043644e-01,5.989227573699816842e-01,7.115014249263336144e-01,6.748576101126684268e-01,7.233572882045016250e-01,3.827656142818247620e-01,7.942168330998088388e-01,4.097493600000318703e-01,6.357408965284593316e-01,6.295609223056530812e-01,7.579892086084989433e-01,5.603001723322401650e-01,3.731800724935298991e-02,4.993963157562122390e-01,7.949378259501809207e-01,5.786939589164974418e-01,6.497209783514538151e-01,9.805532575031236098e-01
9.897666868490629932e-01,6.539687278465158293e-01,9.273679469255292629e-01,6.134119353068182567e-01,0.000000000000000000e+00,5.077643485609784069e-02,6.957942189542292155e-01,2.494645104106412992e-01,9.817674012376664816e-01,6.940936589020569869e-01,8.505321365573568215e-01,7.932172361894385126e-01,9.984285239586518923e-01,9.687812014616603573e-01,7.535241483683433605e-01,6.776244869310618091e-01,9.022244985835111697e-01,6.058285635130791213e-01,4.901416009155346032e-01,6.311627877929130159e-01,8.664937044783698195e-01,6.772086107188904913e-01,9.912154774568961990e-01,7.009887583182375925e-01,5.971534917829743883e-01,6.557011183912179186e-01,6.429748454373422628e-02,6.138661550131657707e-01,6.152517432209636539e-01,5.055520352443000354e-01,5.456726979273791578e-01,4.812844475881434825e-01,9.835082874817362431e-01,8.709891798910521787e-01,6.715498433130917544e-01,7.295294074110504345e-01,3.619310497380725522e-01,6.925842526917823649e-01,9.568691677959193509e-01,8.705540894017009812e-01,4.036044971789969349e-01,9.418079779701036269e-01,4.867699092702346131e-01,8.236766144002329870e-01,6.023220592205353885e-01,9.281950504485820819e-01,4.514520437339391568e-01,7.102325824988908742e-01,8.235320537606901636e-01,7.528658841191762097e-01,6.382417580583603645e-01,7.886901972485611534e-01,4.412858170024981375e-01,5.342353358504681182e-01,9.595388794615083983e-01,5.015650552206815105e-01,5.929798073603775865e-01,5.258264367739897693e-01,7.376777587720494411e-01,5.824459040722197445e-01,5.657606285009744163e-01,3.433736203886964544e-01,7.087400773457629422e-01,8.861203271149333816e-01,9.972429709849397472e-01,5.531032878773974870e-01,7.296331245954309486e-01,6.778747871346153531e-01,6.304970101329335774e-01,5.133301175919638970e-01,6.517593661250083992e-01,6.491478922133474549e-01,2.429112930138220272e-01,2.919804835808285648e-01,6.392591431552454573e-01,6.592985943938128868e-01,8.925943520470742687e-01,6.151171220755502489e-02,1.346744292351765848e-01,4.781079599415898329e-01,4.938999050205161723e-01,9.253742722188265102e-01,5.648718313399956337e-01,7.798663676258510424e-01,8.497545511381645600e-01
8.425789645298661368e-01,2.277461338423769077e-01,7.005370840596810700e-01,5.061227317535373915e-01,5.077643485609784069e-02,0.000000000000000000e+00,5.671334581837979005e-01,5.778440557229818086e-01,7.215146590143515226e-01,6.564179860028854785e-01,5.205224567993465001e-01,5.488290974862535254e-01,7.460431028455983826e-01,6.613853517594737719e-01,9.690971539727024631e-01,7.192024474027225445e-01,8.546495128764494131e-01,7.197792725228178146e-01,9.518955664115382742e-01,9.628909979454033374e-01,8.818931969916015134e-01,7.198123486114099689e-01,5.211117304188809252e-01,7.418260832703422736e-01,4.728827481368559349e-01,9.786159410455127494e-01,9.537483392819812167e-01,8.794552951507165206e-01,5.430514766024919782e-01,2.570621440319947326e-01,2.417343148037970901e-01,4.573819010383393252e-02,9.056649246495978023e-01,6.763192625016718473e-01,6.027464328772903501e-01,1.777989661436204516e-01,2.092662454136375583e-01,5.107960007064894503e-01,9.614046249761708518e-01,7.627459256781836672e-01,2.805763227093955869e-01,6.169107538515368194e-01,5.327309350853624142e-02,5.999852063371036159e-01,6.266433589727696818e-01,4.681042139275541913e-01,9.419481886495163492e-01,3.954011384282353214e-01,8.003784994811558029e-01,4.943402817735778609e-01,5.874032061012092187e-01,6.185678778385849119e-01,4.806941955374038900e-01,4.145701186228827884e-01,6.344264875575034157e-01,6.649211318924179714e-01,4.835039459191263211e-01,4.236495751506248464e-01,8.291686908935845812e-01,7.753415841363099359e-01,3.046858464702119629e-01,7.601805377212944581e-01,7.283786878541873566e-01,5.424826740855446250e-01,8.287369544575656777e-01,6.153386805338846299e-01,7.089414304939218869e-01,9.534868939090760387e-01,5.450415431715834869e-01,9.227949985906283015e-01,5.065094093084575588e-01,7.942000732015762621e-01,3.477293447059461862e-01,6.709899075714343963e-01,7.479023966020827974e-01,6.534291684351148932e-01,8.654107139317781527e-01,9.651092332908007831e-01,7.932425301818117891e-01,2.903418712234258625e-01,5.778284943163518594e-01,7.588028996962352668e-01,7.989642134908632176e-01,7.424991191384938682e-01,7.692122417676248158e-01
8.812708635923802714e-01,8.334706278151606806e-01,7.639262584699418879e-01,4.854983458743239444e-01,6.957942189542292155e-01,5.671334581837979005e-01,0.000000000000000000e+00,6.191669389254530476e-01,9.733474034666473873e-01,4.767701399154034014e-01,4.793539848108214763e-01,1.530047430281154253e-01,8.280703888030668258e-01,3.287688619413994817e-01,3.676455593427898627e-01,2.208541403521035451e-01,9.401396212659723917e-01,5.404293712114158765e-01,4.943550776268245683e-01,6.257396416443712361e-01,8.070279341539807749e-01,5.319022093262797402e-01,5.735449615310483917e-01,9.008903188665621231e-01,7.827323305584920066e-01,2.614885518935347597e-01,4.246105747296375910e-01,9.919008641090102385e-01,-3.462577338161857976e-01,3.247511393745536878e-01,4.903479469474982810e-01,3.127296747149306277e-01,7.724167433584113729e-01,4.303373635141667930e-01,7.900782125143679391e-01,1.175348604055641635e-02,2.987302718879712993e-01,4.720619613076064702e-01,7.702597719786975494e-01,5.893006141483235760e-01,3.448086994632566515e-01,3.511338203526667145e-01,4.046567185800501454e-01,7.550482900364854366e-01,7.183331942703695683e-01,7.427588869473475963e-01,6.880774461979194401e-01,7.301520373871609459e-01,6.623110252932321584e-01,1.623717483410479501e-01,4.700572377235665011e-01,7.356604958636280278e-01,5.971636582747417155e-01,5.329667639835458104e-01,8.016366760234993061e-01,3.049332680959424002e-01,4.337121684842917824e-01,6.793743930073663506e-01,6.458391859147913916e-01,5.499238874442642366e-01,5.603534850035774006e-01,2.942590940066413530e-01,7.492625986060648113e-01,7.735993637629238195e-01,9.834328716808987680e-01,7.041192585641905533e-01,3.080723212472751826e-01,6.770013103987926328e-01,5.164922813660731693e-01,2.696384770247829410e-01,2.491208029073007091e-01,4.904747482624769450e-01,8.222894175503173697e-01,3.272781036198669780e-01,5.068601683592388607e-01,4.364406075204990687e-01,7.698038154218477258e-01,7.699307941651221121e-01,5.879747917240714106e-01,9.020499587440620193e-01,4.500631829834396136e-01,8.460567156548272072e-01,6.695734593722060257e-01,6.668463113590855640e-01,3.820727938409096414e-01
5.202326030907372667e-01,7.806062931455016729e-01,9.478843077919303362e-01,6.969459740471537490e-01,2.494645104106412992e-01,5.778440557229818086e-01,6.191669389254530476e-01,0.000000000000000000e+00,5.603550832322254927e-01,4.596516278415120338e-01,4.047276194453369724e-01,9.304599606080911078e-01,9.395549512480818599e-01,7.859201987208951357e-01,3.493636342941182082e-01,5.564573375788636200e-01,6.480538196331410150e-01,9.670357891490566349e-01,4.678389239118193599e-01,7.135030502462468283e-01,8.629177247554508101e-01,5.950319229147333910e-01,7.106215796460023659e-01,9.468090289594327524e-01,7.580481152992558647e-01,9.447958130202791516e-01,-1.063294684911913757e-01,4.618892558274891869e-01,7.668099151332857799e-01,3.551344183445594993e-01,4.691542286133221218e-01,5.741479086749214922e-01,6.344409202301393158e-01,8.814970550972325292e-01,2.792842700137342371e-01,5.785888815621602621e-01,5.755788387744054102e-01,4.199329751670530797e-01,8.504324075130400562e-01,7.440994317413166526e-01,4.679960907741344545e-01,5.274772054755821199e-02,6.233677704835866029e-01,7.839925465595244392e-01,6.447168598428296704e-01,6.751509426241809608e-01,8.656731734983056370e-01,7.845261343083848038e-01,3.689498829842308408e-03,3.920443119944312382e-01,7.363017667080966611e-01,4.921600213404374036e-01,8.692614582358105801e-01,6.871333603290504799e-01,7.587066388577731191e-01,1.537097755438054103e-01,6.143113340207105866e-01,4.223545949259162602e-01,5.497637627761984280e-01,7.685597483200967694e-01,3.194775177400150934e-01,9.003759528382540012e-01,6.934135806107916133e-01,8.465709387362896354e-01,9.384158140131571013e-01,8.901724948720693975e-01,8.429147137999627448e-01,9.531449120413902909e-01,7.088556780003362201e-01,4.684622451841265467e-01,3.661649664942150939e-01,5.600459561008597209e-01,6.016184131113627709e-01,3.870382172528334941e-01,9.401437004771562300e-01,3.003403848644640162e-01,2.984753820529371104e-01,7.021825070423645121e-01,5.737979361301768222e-01,5.086144282602470534e-01,6.469958204937537039e-01,6.695024068400260431e-01,4.313498414268990278e-01,-6.416031046991335640e-02,7.252994735131426118e-01
8.365206789967214451e-01,6.802186014361403243e-01,4.833018556415931699e-01,8.607295881745891108e-01,9.817674012376664816e-01,7.215146590143515226e-01,9.733474034666473873e-01,5.603550832322254927e-01,0.000000000000000000e+00,-5.104085613358413931e-02,7.535333663844019370e-01,6.402604161993061815e-01,6.729868414686948075e-01,6.196556707532511199e-01,4.647736062178462468e-01,6.283421301469763742e-01,4.281992486201579018e-01,9.446740589171476188e-01,4.314235135260122145e-01,7.668550222623630175e-01,9.663652214392246531e-01,4.887206036270212994e-01,6.306130466773740562e-01,6.282854274043727649e-01,4.884097009996083982e-01,6.501365187324490424e-01,9.833497786293795562e-01,7.840114431785982774e-01,5.586929591279207186e-01,9.458526254710464265e-02,4.458835954634292609e-01,6.626485449537588002e-01,7.609054451851687828e-01,2.436723501151897842e-01,6.523507630852312111e-01,-1.223851638382664891e-01,3.655364047810989725e-02,7.659300087605236396e-01,9.719420636801865410e-01,5.060047612735153466e-01,4.029077104201988502e-01,3.430117430910629706e-01,7.381607056047059245e-01,7.815244113966405282e-01,9.565080044542874083e-01,6.544743255489360312e-01,4.197972520937181540e-01,4.468191436114476445e-01,3.908990185099666670e-01,9.384201168913015589e-01,6.990425126318804416e-01,2.814688692508447443e-01,4.760854309325236455e-01,4.794341601783373430e-01,7.619863418564499780e-01,8.259040434617824777e-01,7.586871954982556954e-01,4.129776737290706823e-01,8.944735833685482085e-01,3.995385198290100082e-01,3.344707016195158089e-01,8.588710334423357295e-01,7.103400058336365452e-01,9.859727195278620293e-01,8.080177345450069160e-01,4.672577702161397895e-01,7.870571490677680249e-01,8.853581024710907021e-01,7.778544947471877080e-01,9.937698472849219034e-01,8.134188505327458740e-01,8.093636604497718157e-01,5.615166740759124364e-01,8.239486352171929706e-01,6.609297009232079079e-01,4.754667709380667739e-01,2.966686893197160724e-01,9.393615824381059687e-01,-1.772784584964338384e-01,2.950802275857387080e-01,6.447836839305260970e-01,6.938336499523040102e-01,9.454264404686787415e-01,5.601249460276809256e-01,9.596998157930548556e-01
7.142919129673115375e-01,3.655589472851932253e-01,9.955064149168209031e-01,8.371405377064136122e-01,6.940936589020569869e-01,6.564179860028854785e-01,4.767701399154034014e-01,4.596516278415120338e-01,-5.104085613358413931e-02,0.000000000000000000e+00,9.629258271528884361e-01,7.035367254737787679e-01,8.404766736662279136e-01,7.496502827725171070e-01,4.739839547106756701e-01,4.709578902157830482e-01,9.711548449882533296e-01,4.532747464393037107e-01,6.051111264461322969e-01,9.754799383833355764e-01,7.843776320489813658e-01,4.205655047119457590e-01,9.778768602316825209e-01,9.511487005431443764e-01,6.314325686530811721e-01,2.492293696306122075e-01,3.673321590517565904e-01,9.791510353189460947e-01,4.362897513706155417e-01,5.987453477428236193e-01,7.857405217591841851e-01,2.981344544632081317e-01,6.944725392507757888e-01,6.348527073999700177e-01,3.839731866490073697e-01,4.740223648254493494e-01,4.301641817503569776e-01,1.615560107640882370e-01,8.803600588106010871e-01,3.874657906247821471e-01,5.898370506250590894e-01,2.880082921220483705e-01,7.013567688485496943e-01,1.685633640369365027e-01,9.657874940321362622e-01,8.166335372572738338e-01,8.522672393792773970e-01,6.729466640992312065e-01,5.359153527816349349e-01,5.793448738717963398e-01,7.037730288026965431e-01,5.078822577314879849e-01,9.421707426057090995e-01,6.355230485800769102e-01,5.008095197433037882e-01,7.176036330385294759e-01,8.809135452513177089e-01,8.976610780042734161e-01,7.527892459078074916e-01,6.630451981490015356e-01,3.426843904850562228e-01,5.513333201486630974e-01,7.759112623717175916e-01,8.826772375874307741e-01,9.068239969777324161e-01,9.171705039326674136e-01,6.883426294556680425e-01,9.950231696935836201e-01,7.143895848235682910e-01,5.250725000040514789e-01,5.816316241707710777e-01,6.129594012570773742e-01,5.946969042660095184e-01,3.152261419748081384e-02,7.793825249587910120e-01,7.995607610338233417e-01,6.074850071849585698e-01,2.885487468059302341e-01,2.675133803388319853e-01,2.427440040278299252e-02,9.347096853461858146e-01,6.126721604739240323e-01,4.161029549924980531e-01,2.924475552322193805e-01,7.343857837342899764e-01
9.588125220622419898e-01,6.297710348085602261e-01,5.073690836198666565e-01,7.355576535837530239e-01,8.505321365573568215e-01,5.205224567993465001e-01,4.793539848108214763e-01,4.047276194453369724e-01,7.535333663844019370e-01,9.629258271528884361e-01,0.000000000000000000e+00,9.258644976133503235e-01,7.395490218529181536e-01,7.725773273551650444e-01,7.787002410522858575e-01,7.536822925108805915e-01,6.172872569949764410e-01,7.668349683590568455e-01,3.953909204253046039e-01,8.244736105854088004e-01,6.000218362376094072e-01,6.642615993505243122e-01,7.424168524457828156e-01,6.584498462808316965e-01,5.336894271324821304e-01,-1.002778117391620316e-01,4.597875877888934482e-01,8.687402184465218280e-01,6.253952171863943477e-01,2.561094881278029312e-01,3.174689253834460656e-01,6.880226829135107636e-01,9.395780396377179100e-01,6.751509846639192070e-01,4.490308309845472690e-01,6.831543525329785149e-01,1.942761555989040434e-01,4.417529591915720366e-01,9.393669282631114115e-01,6.487542939403172504e-01,-7.971485328535921067e-03,9.372234426720009726e-01,7.420308170541080051e-01,8.675406950301454145e-01,7.416050559056601710e-01,7.367938498982261608e-01,5.407022960179996840e-01,3.878100582420344056e-01,3.377720176735268254e-01,4.683271275941948142e-01,3.050011258941168202e-01,6.457146315113337920e-01,8.128166481809228072e-01,5.183889527981432321e-01,8.032914690082870734e-01,9.860379548873133837e-01,4.863609169739077087e-01,7.598015181688102526e-01,8.071333713151637168e-01,8.724606012743154615e-01,5.477484510711863042e-01,9.785820230784951779e-01,5.517841287151539209e-01,6.909263197918155130e-01,4.750593468129664654e-01,7.501679874109582480e-01,6.680627525165101499e-01,7.310778620120240712e-01,4.024078574943659725e-01,6.917791284577676780e-01,9.421729455379610485e-01,8.036211429921201743e-01,2.294195915313948231e-01,4.526011307728455280e-01,3.504352989509605942e-01,6.974831799123138998e-01,4.992891005876834987e-01,6.845908654562601336e-01,3.583194874716230105e-01,4.924535760915766947e-01,5.962692110707347171e-01,2.595211673862000690e-01,5.293264418769807467e-01,6.186288968640903940e-01,7.278417267845044281e-01
9.177601063427176520e-01,4.840568874761741469e-01,1.858505328326343353e-01,9.044796257764832204e-01,7.932172361894385126e-01,5.488290974862535254e-01,1.530047430281154253e-01,9.304599606080911078e-01,6.402604161993061815e-01,7.035367254737787679e-01,9.258644976133503235e-01,0.000000000000000000e+00,6.852951935527656913e-01,5.166039549141042686e-01,2.697374929585790726e-01,7.684425845971174507e-01,6.637278809789464162e-01,7.840221421134443425e-01,9.292229071670039531e-01,9.331520254205729614e-01,8.061144838198667228e-01,6.616539012442878009e-01,9.570138034656126003e-01,8.607253756442921899e-01,1.030278453673096895e-01,7.181150520579845375e-01,6.887846754593722753e-01,3.369069254631135157e-01,2.366659313624303596e-01,4.249512428405371467e-01,1.698791550682724472e-01,4.487532739555582517e-01,4.631638560820933170e-01,7.328267028409528594e-01,8.021092190248694243e-01,7.730828317924459681e-01,7.112368636881809536e-01,9.356178826063838994e-01,9.333865794621416523e-01,9.762834289167903190e-01,4.744905883722242423e-01,3.922479272811146278e-01,9.231625569093000472e-01,7.520159077025169170e-01,8.920349720822567940e-01,6.020341352741284124e-01,4.428507584781156137e-01,7.644264420383316549e-01,6.552812308450963741e-01,4.260723500177629464e-01,9.622476095536766083e-01,7.829397949070235896e-01,7.684589614271246649e-01,9.906900166178334022e-01,9.001234928321201201e-01,2.876965913385386431e-01,5.201630139030110067e-01,6.543727815236685119e-01,7.737623086243019532e-01,4.516005698467998597e-01,5.108579642862018932e-01,1.195906626776520459e-01,8.063754147583906962e-01,6.879228845107713264e-01,8.346511475773856770e-01,1.758985900500411037e-01,6.703835918211866751e-01,7.522289045210878156e-01,4.539742263531872934e-01,6.593337676757984323e-01,6.996182175234431089e-01,4.913556232576675731e-01,6.005647196027789070e-01,8.625172135650172045e-01,5.592867639694072412e-01,6.074847356694963452e-01,9.404032874188423818e-01,6.116700383455180301e-01,2.298051023104440982e-01,4.489435255403203540e-01,7.981295608125537067e-01,8.647326660011787069e-01,9.173037134253698710e-01,8.220332407170412026e-01,9.725499805122026498e-01
8.528056831464152499e-01,7.677866546608720366e-01,9.656066259197840784e-01,8.558294261818326643e-01,9.984285239586518923e-01,7.460431028455983826e-01,8.280703888030668258e-01,9.395549512480818599e-01,6.729868414686948075e-01,8.404766736662279136e-01,7.395490218529181536e-01,6.852951935527656913e-01,0.000000000000000000e+00,6.730879192907746056e-01,9.552184375943320038e-01,8.711999042269422677e-01,8.760297337837619214e-01,8.810511930078053222e-01,7.870171530954854777e-01,6.415703412604935041e-01,8.125693890142545728e-01,8.033146177038965607e-01,9.379997645796706029e-01,9.551535063073990361e-01,7.097860573218517377e-01,9.959910504133326903e-01,8.420454135958310715e-01,5.878644788598768045e-01,3.454784766295606602e-01,5.658265704672962304e-01,7.637087275418346088e-01,6.768979916312314327e-01,6.719855511957379957e-01,7.839514571975558788e-01,2.541179640678467022e-01,4.537847358547382193e-01,4.303349368002482023e-01,9.441753783374077225e-01,9.304906786431996757e-01,9.608008341408535991e-01,5.332567535017453952e-01,7.596918252565328933e-01,6.689351899620864517e-01,7.604346212302368624e-01,8.331769971881165526e-01,7.446477747074141673e-01,6.095579259769260405e-01,4.921929372258962432e-01,9.752277562382415388e-01,8.867045530466334258e-01,7.864306588086039662e-01,9.169347564843379761e-01,8.587067283329341549e-01,7.576656278759741348e-01,8.040569949745879352e-01,4.336282284799410358e-01,1.693585078430550617e-01,6.663690505833141930e-01,7.764932475414439983e-01,4.969025361392103712e-01,2.241295533764255665e-01,6.291537343173992936e-01,7.293215271833108915e-01,4.215904452705183658e-01,6.929933884543655331e-01,8.662726509147578025e-01,7.491049183607714768e-02,8.853086185092354787e-01,3.014646205536279933e-01,9.690830233701390739e-01,3.178546743981434108e-01,8.826954693021381582e-01,-1.886797898528305706e-01,9.440207968992636589e-01,3.929463209256345291e-01,7.301534631004545917e-01,8.303279908345368998e-01,2.434572688672240193e-01,2.515869180964750429e-01,5.112631661385170778e-01,7.345502014598755958e-01,8.569375735781175063e-01,9.337934306588924205e-01,-2.802346237055570732e-01,7.791452053972516278e-01
9.722998222660298451e-01,7.542473489564385236e-01,6.370520860838924104e-01,7.211670407349719536e-01,9.687812014616603573e-01,6.613853517594737719e-01,3.287688619413994817e-01,7.859201987208951357e-01,6.196556707532511199e-01,7.496502827725171070e-01,7.725773273551650444e-01,5.166039549141042686e-01,6.730879192907746056e-01,0.000000000000000000e+00,9.162454529437481510e-01,8.094730464232938738e-01,9.486860252056263931e-01,7.991851619883629798e-01,8.883429249179395359e-01,2.156592857335657420e-01,9.189510929066162515e-01,7.749615702077510271e-01,6.830477654675486399e-01,9.591416364826358398e-01,6.944107958502074851e-01,8.529621738452078938e-01,9.705921719973257256e-01,6.593208934311534097e-01,7.272394352242155247e-01,2.254808547564721710e-01,5.628931426149024198e-01,6.623848459840081526e-01,8.553720587504565209e-01,6.107788631268857849e-01,7.495687587137990215e-01,2.669309016504708976e-01,1.674859150379820472e-01,8.873660134385688014e-01,9.241027304414544119e-01,7.508452415295789883e-01,2.180938145248519366e-01,9.866619774989856539e-01,5.626714342161093230e-01,7.230088114614440231e-01,9.156319763997946559e-01,1.412151179118556754e-01,4.345258886282836741e-01,6.730771137774035351e-01,7.501162736652028373e-01,6.829733883555433316e-01,4.324804275008611865e-01,4.009931395247345876e-01,7.475671040813332002e-01,7.082784894055627056e-01,8.974211459188433659e-01,8.588280972207065211e-01,9.538722763268184801e-01,7.417074621620951547e-01,8.540835759592015908e-01,4.630182975461640260e-01,5.669755828571689804e-01,7.820973426234628656e-01,4.667326186992336035e-01,2.391831832748592679e-01,9.685207643027287094e-01,5.008845751948880487e-01,7.753231598589381823e-01,3.363539237486328215e-01,4.317299448272247098e-01,9.026813156465332000e-01,9.500332034945986326e-01,1.361661591000994376e-01,3.165933700101602466e-01,2.183252290007916263e-01,6.558069290709764854e-01,9.993302252512226147e-01,5.566668299379449181e-01,6.023431873223765720e-01,3.426403465293166306e-01,2.759723532998104023e-02,7.967617904549485486e-01,7.061120586534819221e-01,9.310359478655607646e-01,5.433516307241752497e-01,4.577994191253098588e-01
7.975974998668534655e-01,5.920623038260417470e-01,9.056528853572684001e-01,9.225763623697859073e-01,7.535241483683433605e-01,9.690971539727024631e-01,3.676455593427898627e-01,3.493636342941182082e-01,4.647736062178462468e-01,4.739839547106756701e-01,7.787002410522858575e-01,2.697374929585790726e-01,9.552184375943320038e-01,9.162454529437481510e-01,0.000000000000000000e+00,6.673030126344066115e-01,9.723002421630833059e-01,8.499728178317556004e-01,7.902358579089088231e-01,9.096820684987464434e-01,8.176190945382356690e-01,7.708271826872308274e-01,6.845373083195319674e-01,9.288703323197926576e-01,2.636015986130906263e-01,9.737844120163021699e-01,9.783911934359107443e-01,8.441214733513413560e-02,5.323846444520132781e-01,2.154489807956765646e-01,2.527124663229174395e-02,7.700620834133425907e-01,6.089633959506244310e-01,6.087366236787210561e-01,7.327640061801651283e-01,8.986851611063138845e-02,5.958268302699756269e-01,7.013269325908544349e-01,4.506737665686736949e-01,2.865993507494102310e-01,2.170269493292006913e-01,6.915784149465035169e-01,9.645095247773841640e-01,9.372819055046537340e-01,5.465189697353802778e-01,7.097133732566814901e-01,6.442612697793455023e-01,7.160613762541416516e-02,5.558662398020075557e-01,7.724650891101363381e-01,7.368458121772485381e-01,8.742669108371571296e-01,7.838099669146156856e-01,5.525789725459870905e-01,8.219968130789913063e-01,7.783752287801218861e-01,3.108565776587461360e-01,8.332218055674859292e-01,2.136451972150010259e-01,2.141305537618591950e-02,8.955313430805467156e-03,6.379274614991795600e-01,4.536396080797702735e-01,7.849636631670469100e-01,6.067604377149761197e-01,1.508952948198903909e-01,6.777079877583616074e-01,9.751085568525513780e-01,4.073159159911837746e-01,7.416183210544504689e-01,8.884782279065577271e-01,8.986352559252287486e-01,4.463387270724504807e-01,8.117470351886720836e-01,7.168173106216507717e-01,7.299321807822768404e-01,2.845155127017799379e-01,5.547768183527203023e-01,2.420484789792139990e-01,4.233374509819480824e-01,7.545302092333858734e-01,9.471504628934593328e-02,6.941975454289798231e-01,5.325641993579987021e-01,7.077864093476625706e-01
7.341291442431852055e-01,6.960258701045873853e-01,8.101063545482010131e-01,9.777282289905298018e-01,6.776244869310618091e-01,7.192024474027225445e-01,2.208541403521035451e-01,5.564573375788636200e-01,6.283421301469763742e-01,4.709578902157830482e-01,7.536822925108805915e-01,7.684425845971174507e-01,8.711999042269422677e-01,8.094730464232938738e-01,6.673030126344066115e-01,0.000000000000000000e+00,6.027619495226699264e-01,5.880596555959985983e-01,6.884728359703649048e-01,9.648824736048876582e-01,9.280285181256178184e-01,7.613913907105408496e-01,4.976186730017711501e-01,6.135390192112026853e-01,2.889198810643135440e-01,6.300173637843823338e-01,8.543167304340316681e-01,6.370553839042836231e-01,5.149581915894306805e-01,4.253091735297589993e-01,1.722239334969694058e-01,1.655214220323876495e-01,6.696640344424916735e-01,4.031829487734305273e-01,7.981740626365578795e-01,2.431179696091673725e-01,7.829885741580842051e-01,9.859725697275840695e-01,9.515345244154433946e-01,8.967355234106385575e-01,5.630860251368356995e-01,5.929185200114139853e-01,4.528941922964881961e-01,9.292750009282579882e-01,7.105806587449278178e-01,3.520357668218635494e-01,7.329191413177803538e-01,8.476958546040257447e-01,6.395587571598144727e-01,9.234987453235000698e-01,7.429261341746864478e-01,9.515106287778907213e-01,5.419058045007617563e-01,5.212029667655034837e-01,6.667543040966728007e-01,9.860228690714751831e-01,2.301790372507699078e-01,8.490011219210844562e-01,9.718815250097940783e-01,7.769194377546257968e-01,4.261408054525034350e-01,2.339778289690592206e-01,-3.961768048618614646e-01,8.418563236471130473e-01,8.160304878894810710e-01,6.858255013211943529e-01,4.493979718803749468e-01,6.469568582760290010e-01,8.244091228948954297e-01,9.512985302682299693e-01,7.303232731561331015e-01,-1.506840014252774917e-01,7.229423554205087754e-01,3.282697664795815040e-01,8.608600645253773331e-01,2.017451832446760518e-01,6.565861551015965691e-01,7.973682668929741313e-01,6.415463187177532500e-01,3.312604055069361397e-01,9.150441496700887356e-01,9.897432064448643541e-01,9.609144000039491207e-01,2.796251383876808827e-01,6.289173906674729864e-01
8.265981756356954868e-01,9.064256338247406175e-01,7.747754401875497354e-01,6.937877321796159791e-01,9.022244985835111697e-01,8.546495128764494131e-01,9.401396212659723917e-01,6.480538196331410150e-01,4.281992486201579018e-01,9.711548449882533296e-01,6.172872569949764410e-01,6.637278809789464162e-01,8.760297337837619214e-01,9.486860252056263931e-01,9.723002421630833059e-01,6.027619495226699264e-01,0.000000000000000000e+00,6.366026869322668480e-01,7.185868637682398807e-01,7.935691329170099229e-01,6.398780009980093997e-01,9.249754108129373265e-01,6.140793743710846186e-01,6.194706426323371984e-01,9.838758473476415523e-01,9.590779947154965956e-01,6.808209973525787273e-01,6.864936651433196646e-01,4.578053096370091612e-01,2.960530420954769482e-01,5.675635475102186467e-01,8.908476141243495405e-01,4.246845222795546104e-01,8.509360777422463329e-01,6.725764878684001857e-01,5.103651834239220086e-01,1.274897861213883932e-01,9.595473366136897386e-01,8.854538887568997874e-01,5.225900084389686340e-01,5.862567840189061297e-01,6.821771589072708197e-01,2.817393675931056940e-01,8.428449527552392961e-01,6.030784522096132028e-01,6.354089368730164722e-01,5.514369386481898783e-01,4.146178206569876568e-01,7.121842642150487679e-01,7.588348913380004168e-01,7.558140295560809019e-01,8.248645960527838383e-01,8.255021832502970058e-01,9.559300493181693836e-01,3.466930194436067536e-01,6.770173513265692611e-01,9.658024640688380735e-01,8.094740078582590703e-01,6.540909184347036831e-01,7.253518482883745122e-01,5.248888302794207927e-01,3.085851942469366449e-01,6.422901577128481421e-01,9.329249995176790433e-01,4.047295197084144758e-01,7.557374693102197893e-01,7.002177018732924640e-01,8.638998709268731480e-01,4.709325259226940230e-01,7.789979659674541868e-01,4.068690713141150106e-02,3.372382883399103193e-01,5.119805016783283147e-01,5.970788271650599999e-01,5.375854876768625390e-01,7.596278130781896065e-01,4.171174868751031384e-01,3.092048593012465818e-01,6.479115985052024129e-01,5.934237954522089131e-01,7.527636391744032540e-01,8.124387273593030034e-01,8.625111047342332027e-01,5.597918487617500327e-01,9.888129939551192349e-01
3.717108842448714201e-01,5.014326613185782211e-01,6.910888097492007276e-01,9.249892958508125762e-01,6.058285635130791213e-01,7.197792725228178146e-01,5.404293712114158765e-01,9.670357891490566349e-01,9.446740589171476188e-01,4.532747464393037107e-01,7.668349683590568455e-01,7.840221421134443425e-01,8.810511930078053222e-01,7.991851619883629798e-01,8.499728178317556004e-01,5.880596555959985983e-01,6.366026869322668480e-01,0.000000000000000000e+00,3.168974083165398414e-01,9.968105393351005539e-01,6.292693051184859998e-01,6.742849310967997667e-01,3.757844300367926271e-01,8.263155474618532059e-01,2.348794920018032195e-01,7.994282451420007263e-01,6.312992397757899443e-01,6.673751853121363542e-01,4.147094365169569641e-01,5.462346542787137604e-01,5.678781558182043332e-01,7.444509088462999413e-01,7.229857013027257695e-01,4.314062959590246882e-01,8.211190028449757428e-01,1.682152629117675824e-01,3.959753195686243066e-01,6.260439559898196560e-01,7.311689525464416528e-01,7.861739976486585846e-01,5.844718048808401623e-01,5.523233417493897957e-01,5.812450890723094288e-01,9.600418070166465423e-01,9.338163391227385368e-01,6.627734606207814627e-01,5.474943619047650811e-01,7.460630675924725397e-01,6.912167994902812529e-01,6.901723076739907370e-01,8.792459606233999914e-01,9.661661082015187141e-01,7.986495283216910046e-01,3.701918866011685294e-01,8.204889884103157005e-01,4.087314207608628847e-01,6.477062685375207796e-01,9.002296714973195835e-01,8.812157288487706408e-01,3.131552386337856791e-02,5.005359346438820189e-01,6.554716542123832923e-01,7.408806340798188561e-01,6.846188927381412492e-01,9.148069091083144144e-01,8.227690226601481749e-01,6.944295673699731886e-01,8.446878220430739104e-01,6.246415915132275121e-01,7.534321408703916756e-01,5.762480807814250872e-01,7.351084607226828771e-01,7.367962698569130442e-01,5.063322733525581487e-01,4.908843001716315380e-01,8.431320059632260167e-01,9.036800809027510928e-01,7.579292616581015940e-01,2.807182167816232865e-01,1.660357639747982172e-01,7.416459807328458220e-01,5.220141992369684569e-01,6.008968265227769834e-01,4.484020112146963610e-01,6.828548244399567091e-01
