0.000000000000000000e+00,4.295847606211616321e-01,9.162014214064455597e-01,9.519967749230439091e-01,7.816271319015208885e-01,6.172444501222105195e-01,6.071860886513237299e-01,6.537334679546056293e-01,3.046883888796068224e-02,7.024173673664205753e-01,5.709140626811713970e-01,9.897517719410415804e-01,3.046352632785082060e-01,7.864841696875410904e-01,5.315477326971065342e-01,8.898129997890226184e-01,4.006538206963705662e-01,7.862112023175730213e-01,4.385440583402234749e-01,9.030177138009229942e-01,4.750460137206748978e-01,4.871935293612261741e-01,9.730802274848928679e-01,6.889317675738781954e-01,8.587392074525957986e-01,6.509420262997853701e-01,8.479915042595220775e-01,6.788542484769433116e-01,7.060822129003375691e-01,4.711004330404228169e-01,2.361108968462761193e-01,9.365889922663865885e-01,6.128353091091350846e-01,9.373402657289985340e-01,6.695561823535065571e-01,5.792091314617705544e-01,5.679184463656480331e-01,4.295095376380895225e-01,6.709977736478843768e-01,2.148089507825753086e-01,5.478865308890438213e-01,4.561775048118289488e-01,8.226142578865520694e-01,8.101264053018173428e-01,7.666311261043516900e-01,9.715552983674722309e-01,7.743021539497175754e-01,4.178210579625880605e-01,4.094994201742322426e-01,8.944862857679179990e-01,8.462293784297953980e-01,7.613308088485759573e-01,5.274291348848728633e-01,9.776043963682066185e-01,8.668808481868791604e-01,8.758937491702192268e-01,8.474890348100652115e-01,9.935252503080360675e-01,7.830299757433102359e-01,2.802702531512211159e-01,5.045275813702994050e-01,6.472549723602823990e-01,3.904189309385749929e-01,8.414710764622232997e-01,7.568388475020019213e-01,5.999849991636994062e-01,8.472385346304047715e-01,7.231692449994076011e-01,4.095571884412418373e-01,6.315985669168232564e-01,7.657062241130579983e-01,4.433847162822001642e-01,7.892528398821696545e-01,2.427663418614177115e-01,6.916470746982635864e-01,9.003022440663720483e-01,7.575346554420900880e-01,2.106763644224955712e-01,4.648810883854166409e-01,4.582666278729141673e-01,7.244582360323610359e-01,4.009841434440460373e-01,9.207841942717150951e-01,-1.182165130845699019e-01,8.904317403859615121e-01
4.295847606211616321e-01,0.000000000000000000e+00,4.721884441676141853e-01,6.549389708004453858e-01,6.889182029334040003e-01,5.171309742004541743e-01,6.407045400253408296e-01,6.529514930864930289e-01,6.491346309898452516e-01,5.285241637625284206e-01,6.531239635648127262e-01,9.893479588928397739e-01,7.122399047445966414e-01,7.015691749699251023e-01,9.899004297033791033e-01,2.323917216090172766e-01,4.001162505008576398e-01,8.421122977979635937e-01,6.301627339109031611e-01,8.031219670136421351e-01,8.620172774937674420e-01,4.052886431364030040e-01,9.204993995566922438e-01,9.190492491691473198e-01,6.802554648889923561e-01,4.965115189757166592e-01,7.409540048349256836e-01,4.465520760720054771e-01,2.540425146177027749e-01,7.511394265946864657e-01,6.645464645423587724e-01,8.847635706907281961e-01,9.843117275203381311e-01,7.233153389257457322e-01,7.920053209548836293e-01,7.027373488035293381e-01,4.813888039959621779e-01,2.431145472748975633e-01,6.393970629224089430e-01,3.497985770229729008e-01,4.387608680883219314e-01,8.735853900595644816e-01,8.009319992121403109e-01,6.704041583809197125e-01,9.999561821625553293e-01,6.899349737234972135e-01,7.989153106989521635e-01,9.059272617208588008e-01,6.849516550989231956e-01,7.028714051792424033e-01,7.194711604945419614e-01,8.716926753078465540e-01,8.309838738862691532e-01,7.331608286920956452e-01,8.804392209200954111e-01,9.029845762911414830e-01,9.158412777554224560e-01,6.796123821012364230e-01,8.465474561318120372e-01,9.288324406042961501e-01,7.039605222164105891e-01,4.814565294309458565e-01,6.012119900334953471e-01,8.498240391373634850e-01,8.262323133079761961e-01,6.901876695616918633e-01,3.390442297734329591e-01,9.129741934690096539e-01,5.260067656916843637e-01,7.257254238054965390e-01,8.731258474968055516e-01,8.569702620096939505e-01,3.716030101175198386e-01,4.845696272103375835e-01,4.422906166660839911e-01,6.874431890618406538e-01,3.953898197064562026e-01,7.650463237679137052e-01,3.182818251689001343e-01,6.321916163927395749e-01,6.075791641194993042e-01,8.419488421077879758e-01,9.655081063434394206e-01,7.593716885895938074e-01,9.811014231514665618e-02
9.162014214064455597e-01,4.721884441676141853e-01,0.000000000000000000e+00,7.136757992643368853e-01,2.638199200834786540e-01,5.986939142769576172e-01,9.048796255985097625e-01,8.773960810704838353e-01,9.852054158087174551e-01,8.378570342536746374e-01,6.585067786981368965e-01,7.801328869031018964e-01,4.959715932532037796e-01,6.307825178670392052e-01,8.985421747373202317e-01,5.899544402273416699e-01,8.918037049031420915e-01,6.950396890155636775e-01,7.867443506420646049e-01,8.964406357625606114e-01,8.105767036327160557e-01,9.188894783932665122e-01,9.164765635788846287e-01,8.588298781113143932e-01,8.959230901096306710e-01,5.357929504978445889e-01,7.564648360440394681e-01,4.068948103679768113e-01,4.818018100077696708e-01,5.399834670963334915e-01,1.601437353391197971e-01,9.406157709276468104e-01,6.763735353485856860e-01,6.574633292582088284e-01,9.834512072307037833e-01,5.339201302637222035e-01,1.379453779428221061e-01,6.111262317281875855e-01,6.744227510364210199e-01,9.266932153158733421e-01,6.029049799530502574e-01,8.090282773527833760e-01,8.417362408179426270e-01,8.742673035779346957e-01,3.483013217847561460e-01,8.854196351733074621e-01,9.271814458082353605e-01,9.331371187515324905e-01,8.595479227164468661e-01,6.479236273224482368e-01,7.443011690697092231e-01,9.858286925100381293e-01,8.013991428255633487e-01,7.481063411732661317e-01,9.310669401739223305e-01,9.400833778628421289e-01,8.597596722154254856e-01,8.725722031366505149e-01,5.870138440035681526e-01,1.499598501127276662e-01,5.354870879926378890e-01,6.647593926465023007e-01,8.244223642179260292e-01,8.122204263871376506e-01,9.441758104908071214e-01,8.452792120790793007e-01,6.184985850759704418e-01,8.065701981416104616e-01,4.270394081677335585e-01,9.216279863709020415e-01,9.547343026518380071e-01,7.838521221835650366e-01,5.927476693883572123e-01,7.590778830474811389e-01,6.785185694398122580e-01,9.517362054708075059e-01,9.904765627641360926e-01,4.037723644990832139e-01,4.507556665795218742e-01,3.606416486026741142e-01,8.903198281545458004e-01,7.367334684308999293e-01,8.623866476680132065e-01,6.453303247153528988e-01,9.449422965943643504e-01
9.519967749230439091e-01,6.549389708004453858e-01,7.136757992643368853e-01,0.000000000000000000e+00,6.957495821971358962e-01,9.913235784595202382e-01,6.673097071123443857e-01,8.858869446273536230e-01,8.712773761958287899e-01,9.737299959510922198e-01,9.667637953845318322e-01,4.897039918239912137e-01,9.161085689562465939e-01,7.813602027823943752e-01,7.294136178533648929e-01,3.515985523705239535e-01,7.458349505338122132e-01,9.892273234053379216e-01,9.293614843157932404e-01,8.015400186552854578e-01,8.907482537468361938e-01,7.202175353625414056e-01,7.223818521742979559e-01,9.300246336543660508e-01,2.724825195744042250e-01,8.533226132159693611e-01,9.692229331766486489e-01,4.665537102683149362e-01,3.619918064443671257e-01,1.474814199822070682e-01,3.847209785098446022e-01,7.080782917408712240e-01,9.675119886022980342e-01,9.667580171979867076e-01,9.365219185065538632e-01,3.162691010282590587e-01,5.181514738738992598e-01,4.459751636680094888e-01,6.585587672273387483e-01,5.354290549825028167e-01,7.485213179820783269e-01,6.424197853246672585e-01,9.158910570970422160e-01,8.888855400055337697e-01,8.205501536364797621e-01,2.215742459227848793e-01,8.334090462792717036e-01,4.118946943706255914e-01,5.576978373169493297e-01,7.439945242927457070e-01,7.531081261812655470e-01,9.627659065330732568e-01,9.002757704765241842e-01,5.595878839727097542e-01,8.649096573654707631e-01,4.617304281336103156e-01,4.673516605287788561e-01,9.707459307162438211e-01,4.815229719968053823e-01,5.999853518705648980e-01,5.506052772383908112e-01,5.494573150029751218e-01,7.106430582952903974e-01,8.256200481047906159e-01,8.684358088300517808e-01,7.155006829002422686e-01,7.302766115287924187e-01,2.135082835477468965e-01,4.679041152490314714e-01,2.261569945101535306e-01,9.555737020645695967e-01,7.636869769889722548e-01,4.718139723234975325e-01,7.801983849301065144e-01,4.386192268399730088e-01,6.837651911874782495e-01,6.423772097417742577e-01,2.288131646767626592e-01,1.381864242185923686e-01,4.766603311945706301e-01,4.137235930131347161e-01,9.214014330436174349e-01,9.642430026875163929e-01,7.964655715571994365e-01,7.283227674953366426e-01
7.816271319015208885e-01,6.889182029334040003e-01,2.638199200834786540e-01,6.957495821971358962e-01,0.000000000000000000e+00,7.345338101641463169e-01,6.945850293889035409e-01,2.504938904173215630e-01,8.241288937953028526e-01,9.615005706940260577e-01,7.845881076091755224e-01,9.725398015178955413e-01,9.384659014101367491e-01,9.371728149444142897e-01,4.395815398396442641e-01,2.509422549799091851e-01,7.636918542086842399e-01,7.730634348714460202e-01,9.637148556808396993e-01,8.231550138385654858e-01,7.183250357328244684e-01,4.920677929205575230e-01,6.586694462789923765e-01,8.942707569844291493e-01,6.887766126194955207e-01,9.692106557164934522e-01,8.497997538718271571e-01,8.079790763067472570e-01,2.373665787822334949e-01,6.678348339670190370e-01,4.172545659092412595e-01,8.533496424974063022e-01,6.861423540742555005e-01,6.161848580928528385e-01,6.474483690657194535e-01,8.479547430460742108e-01,1.208687606773455325e-01,6.350738277489064165e-01,9.573162065826205103e-01,6.171855492921294317e-01,4.248286080354090610e-01,4.309992602978736098e-01,7.195828327706864647e-01,4.399039182390828140e-01,4.544694104314507821e-01,9.628133078286910118e-01,6.349944849668653912e-01,6.368943163711004996e-01,4.114950672570175105e-01,7.373126302265463616e-01,6.932372355476191031e-03,6.753939177264369764e-01,8.326638459679284177e-01,6.566752927369524651e-01,7.338913306731098540e-01,9.196762006611164386e-02,7.391952997795406821e-01,9.209539485440796369e-01,9.728239698109614197e-01,6.084144496217372966e-01,7.762563777838573653e-01,5.065334630682926109e-01,5.506622262196527728e-01,2.282911030631849802e-01,8.301577763833281054e-01,4.649625760560481824e-01,6.175922076301417762e-01,5.658831928450429594e-01,6.004193544830589424e-01,9.512272411753865953e-01,9.896742153557667176e-01,6.623402298557423684e-01,4.118231158412520299e-01,1.234511261793608539e-01,7.163469950562660893e-01,4.270949240644414946e-01,8.919606856710736720e-01,9.661657769393756645e-01,-7.078600874498322537e-02,4.880754090591950534e-01,8.264162133201324867e-01,8.338717168996874207e-01,5.795031742202403358e-01,4.359129079257847428e-01,1.882447984830007970e-01
6.172444501222105195e-01,5.171309742004541743e-01,5.986939142769576172e-01,9.913235784595202382e-01,7.345338101641463169e-01,0.000000000000000000e+00,3.158697104137273004e-01,4.867529036456324509e-01,7.379153428787627034e-01,5.457130756783639125e-01,6.153816244616485687e-01,7.830585725666898700e-01,8.601303112521716532e-01,4.097868906367195252e-01,4.276851514056881354e-01,3.988580451959162776e-01,9.157895265956003117e-01,6.829177223525816354e-01,9.974512587865720370e-01,8.969902831330518467e-01,6.653086700156178868e-01,5.236529628910280287e-01,7.372979103766419406e-01,7.097641946977909511e-01,7.033873663421612576e-01,3.734080443155900486e-01,5.509862118714446977e-01,8.553282660544249127e-01,2.693477704021585706e-01,4.820518385413322671e-01,2.617985279134536492e-01,5.151112265724466788e-01,3.777687423440876380e-01,6.322150805814183983e-01,8.366129697162991707e-01,2.333517255908756360e-01,3.509866229250158121e-01,8.923454470172117459e-01,8.325165475047127117e-01,6.335683725539309474e-01,7.838742468912484052e-01,6.167806120867631581e-01,4.017287741407672974e-01,5.943153478017277891e-01,9.621592857410640187e-01,9.357703904702022735e-01,2.926487833925404125e-01,5.560323493534239381e-01,7.257361444221634983e-01,4.932946654838915590e-01,5.375472045133521393e-01,6.457805180952149726e-01,6.308621617864630382e-01,7.886685680541448695e-01,9.159040231003623411e-01,6.588306796650386099e-01,5.645314837257587870e-01,8.217191195700284112e-01,9.888643161678937199e-01,7.250107953757249923e-01,4.902281960209886602e-01,8.802741744640127930e-01,7.496011443631590554e-01,9.202711102348996031e-01,9.881738575688066017e-01,7.342453309224978852e-01,6.278062362854363032e-01,7.523220222100815979e-01,7.011521281182672150e-01,5.715847963671185639e-01,7.995520626169219103e-01,5.521759457421702155e-01,3.480331327269819974e-01,6.904425511056950793e-01,7.656144413318834996e-01,4.990916364969809615e-01,6.060822052987527853e-01,4.084431076490443457e-01,2.018867309977618318e-01,-5.726844838046790676e-02,7.626516074228973929e-01,7.957236758102055330e-01,9.653892958448774264e-01,5.406254700773143185e-01,6.160554365030337376e-01
6.071860886513237299e-01,6.407045400253408296e-01,9.048796255985097625e-01,6.673097071123443857e-01,6.945850293889035409e-01,3.158697104137273004e-01,0.000000000000000000e+00,7.646346461774815584e-01,3.770449943414329042e-01,4.832721851865858786e-01,5.288787183073819786e-01,8.071293566545029163e-01,2.742686308671835049e-01,4.771007648792261469e-01,3.751982709929649884e-01,9.522763851625647424e-01,9.869637815784563228e-01,6.783739708886765696e-01,6.894843659324817464e-01,8.938775762240894762e-01,5.002701715606194810e-01,4.050813112573774522e-01,7.898569901329118847e-01,6.231734549075615970e-01,6.391343887084317554e-01,4.127710467620160362e-01,6.379971463779632312e-01,5.082119739942092540e-01,4.377317655764884075e-01,7.496085171716213580e-01,2.029790527155393015e-02,7.246189043029159504e-02,5.441689939318643532e-01,8.360327229806617799e-01,3.097654943623416868e-01,6.371439066046142852e-01,8.186096738651896798e-01,1.639518544331112215e-01,8.422087968397591329e-01,4.729254438065676469e-01,2.605284592870775739e-01,3.730731224008714264e-01,9.829449854997511782e-01,6.530177192765663774e-01,6.754519454315773830e-01,9.089650349129793083e-01,1.890574621299182800e-01,7.520523409792576608e-01,4.811846896804790052e-01,5.579486514763125626e-01,1.003368489265765578e-01,7.860390906753491613e-01,6.152344429607227161e-01,6.668794126942872991e-01,5.694880256477137248e-01,4.905884157682829372e-01,9.647069106369329239e-01,7.484379218003774925e-01,7.023736179576590688e-01,9.583482618720220447e-01,3.257212511178534387e-01,5.652039890291550295e-01,1.093732346686546314e-01,8.711740051969087961e-01,6.761381552423921804e-01,4.718302073692416387e-01,5.395846136002514504e-01,3.173900168810245281e-01,7.967385225698010442e-01,5.732327513503072680e-01,7.176542902387536005e-01,8.705266675007248267e-01,3.305845295614614487e-01,5.188030755480228517e-01,4.382865886822938095e-01,7.387626079233050591e-01,2.464328350905495846e-01,4.624324678634191832e-01,6.508170792248676451e-01,5.536096271292926252e-01,6.481902340355851777e-01,8.112146844471754825e-01,7.078432246015012863e-01,5.169972776448702456e-01,4.786588158616105759e-01
6.537334679546056293e-01,6.529514930864930289e-01,8.773960810704838353e-01,8.858869446273536230e-01,2.504938904173215630e-01,4.867529036456324509e-01,7.646346461774815584e-01,0.000000000000000000e+00,7.268207971830065173e-01,4.109394494759226468e-01,4.282605641561036403e-01,9.019307367241784501e-01,3.809499908998513207e-01,6.167126232641590988e-01,6.445774649813801327e-01,2.097974705563250275e-01,3.564344661018842286e-01,6.447214652537263113e-01,4.433310564332811898e-01,6.961212605051241287e-01,9.766126144269851039e-01,7.217159633504182104e-01,6.274143622629110295e-01,6.480325058926775794e-01,9.497782941588039929e-01,4.443667170593734728e-01,4.826748917116683302e-01,1.344360600610515488e-01,2.532408800202937682e-01,3.855035918040416454e-01,1.424946546160044125e-02,8.656151726585291639e-01,2.371123085102315731e-01,7.583334201942250052e-01,4.064755599903182026e-01,4.249643824973269313e-01,6.227367213366286069e-01,2.654094817144084795e-01,8.695244713298507788e-01,5.010574896712155502e-01,2.948874720207114164e-01,7.747558591088460345e-01,7.960665409448011154e-01,9.267281921813532719e-01,8.940329796456298883e-01,9.997667242793563114e-01,6.051441866245003132e-01,3.412114056135575613e-01,7.100989698791388971e-01,7.518286475485234932e-02,7.482247469026337416e-01,7.012529934703524148e-01,5.896331736031241721e-01,8.088152230753249405e-01,7.654528203462516167e-01,9.762452800490345473e-01,2.464121310594141190e-01,7.155585031905703497e-01,8.920232619687311626e-01,4.204466812273457976e-01,7.179435938798103267e-01,5.519853882061862560e-01,6.840780817657329260e-01,8.582334299302631919e-01,6.358996422248199831e-01,6.504295424659138902e-01,6.954884874954806451e-01,6.392267890971017330e-01,5.140270642105825294e-01,6.786088721351241082e-01,7.731218378105210176e-01,6.233914684611917556e-01,4.978388395696924928e-01,5.682566030323246142e-01,9.285372287131046232e-01,4.990895721065607971e-01,5.892465021865030961e-01,6.107948711073685200e-01,-1.441313184246800772e-01,7.858506683693495809e-01,4.040690552389658019e-01,8.028914665344422108e-01,6.841536628531843522e-01,4.714968729017454674e-01,4.673136101642244578e-01
3.046883888796068224e-02,6.491346309898452516e-01,9.852054158087174551e-01,8.712773761958287899e-01,8.241288937953028526e-01,7.379153428787627034e-01,3.770449943414329042e-01,7.268207971830065173e-01,0.000000000000000000e+00,7.016720052819892528e-01,8.677984505974807306e-01,7.220554455134450267e-01,7.466210123630604434e-01,9.110892754928924253e-01,9.806286661467251697e-01,3.536911345018534103e-01,6.438760385371150585e-01,9.358091116927196307e-01,2.544878317719862504e-01,5.122395757517311798e-01,6.413085541124659006e-01,5.243472031746981843e-01,9.247079772321397106e-01,6.102269070992925037e-01,4.466215694801263791e-01,7.830291934230240170e-01,9.200125737863472652e-01,7.788812611676909636e-01,1.287097932680895673e-01,1.455845187613813430e-02,5.758732380716991006e-01,8.245350011267220669e-01,5.473433708953355792e-01,6.414233211265776280e-01,4.540388853762242216e-01,2.794939550079975632e-01,3.657067799407973663e-01,5.939319949995968129e-01,1.527619914857581973e-01,9.640773914209729289e-01,2.862824088564485114e-01,-1.200602032922338802e-01,6.938896126607857484e-01,9.184031772241290081e-01,7.672058194112666429e-01,7.522698249746244681e-01,6.006574525498248329e-01,1.516623173237350852e-01,4.414690984317417577e-01,2.787316403669229947e-01,3.890660850885279687e-01,7.848938243996363973e-01,8.067177714669212518e-01,6.920192913329307194e-01,8.092854000029013894e-01,8.148935606589826630e-01,7.167219036121301734e-01,7.562037202654738888e-01,4.839154866936288268e-01,7.187273862952391346e-01,4.335920054328344930e-01,2.113179726618421017e-01,6.954898329143526237e-01,8.792272976500177251e-01,6.484368354467333617e-01,4.859016995047271692e-01,8.726738977335605218e-01,4.654620948777656864e-01,5.328702746334110785e-01,9.925179139071602652e-01,6.801491811979862856e-01,2.980214540264644607e-01,5.898528151053725743e-01,2.606939460990171931e-01,8.244132534481303232e-01,3.680917771029567076e-01,9.088342743473746266e-01,6.979450360251931995e-01,4.215935625955464228e-01,5.913286327660740582e-01,8.888597557505883984e-01,6.710152213004456634e-01,9.013328481307606443e-01,2.594902088871886559e-01,6.040067442818285448e-01
7.024173673664205753e-01,5.285241637625284206e-01,8.378570342536746374e-01,9.737299959510922198e-01,9.615005706940260577e-01,5.457130756783639125e-01,4.832721851865858786e-01,4.109394494759226468e-01,7.016720052819892528e-01,0.000000000000000000e+00,8.982105857602133980e-01,4.223165149046036460e-01,8.623743462366098012e-01,8.859818009630362479e-01,4.169518453594892593e-01,6.567633801203764943e-01,5.097888695176061580e-01,4.584897858754114486e-01,8.853991125823629238e-01,5.900451583051526949e-01,9.455072955746375296e-01,7.014799529920153764e-01,-6.116743700790108762e-02,7.754681544028738660e-01,5.100606483469419805e-01,8.765051349721270091e-01,8.628355996559706753e-01,6.130023341459088781e-01,9.311771549741196807e-01,4.704943431255480535e-01,7.765830162167990380e-01,6.037338837200417752e-01,4.344582524401036649e-01,8.635197240801443241e-01,9.054151093677486051e-01,7.464649458900393109e-01,7.889637172345476124e-01,6.390443042038247423e-01,9.975894434132575039e-01,3.144596459393030341e-01,4.685206435262836422e-01,1.536092348698803308e-03,5.973530352519007547e-01,7.511866339387751612e-01,8.995391462268964577e-01,7.898348353375332920e-01,9.835551694075855833e-01,8.019670918051904351e-01,5.912597290432475283e-01,4.587186601264546804e-01,8.752073269905478181e-01,5.426678451770682310e-01,8.218893567982299420e-01,2.322798302679157934e-01,9.121494229333638737e-01,7.457162849118705861e-01,7.872337324106367662e-01,7.319725983923588419e-01,9.755068226208858384e-01,3.413199294095139447e-01,4.055237331996061623e-01,6.401131066915907164e-01,6.264175125122394272e-01,9.687977464899096836e-01,9.742550111284156156e-01,8.091772681110650511e-01,8.424874373879067679e-01,6.790450092406670191e-01,6.191497730161769075e-01,6.254764206098767376e-01,7.517935221082320263e-01,6.105689190936348654e-01,2.406775860027518810e-01,5.722226572293537261e-01,6.930268417255143198e-01,7.204809348827024840e-01,6.791104930123192940e-01,5.754700640417456103e-01,4.231198567640649943e-01,7.619052287498858655e-01,6.140378565161679347e-01,8.506538649907137151e-01,6.633937209484537245e-01,6.782296545885735384e-01,7.903809285135670049e-01
5.709140626811713970e-01,6.531239635648127262e-01,6.585067786981368965e-01,9.667637953845318322e-01,7.845881076091755224e-01,6.153816244616485687e-01,5.288787183073819786e-01,4.282605641561036403e-01,8.677984505974807306e-01,8.982105857602133980e-01,0.000000000000000000e+00,4.408671443357375375e-01,7.834290280852653776e-01,6.877966626191335253e-01,3.947178914972262476e-01,5.494210813864665033e-01,2.602844462965453465e-01,5.831337587598987016e-01,5.207418264811717323e-01,7.378197729392279580e-01,4.770669170413505689e-01,2.134120394155271383e-01,7.439609038599193092e-01,8.618855181216343864e-01,5.710302982094791480e-01,7.698146058437844719e-01,9.289063845628288130e-01,6.663377468085528443e-01,5.835045005129226858e-01,7.265426513853205925e-01,9.802414085275563960e-02,7.440231953523788189e-01,1.614342493927072367e-02,7.215638032431085369e-01,4.131625084290833638e-01,5.534526402708079829e-01,3.509423983426860488e-02,8.814174199338655757e-01,6.326507500936724426e-01,6.940509481430400252e-01,5.309029470914093940e-01,7.377798677181383047e-01,9.746759478085211814e-01,8.481235481211182314e-01,8.600223051400863739e-01,8.790253825807554655e-01,6.132261225850560438e-01,6.854440585995345003e-01,7.205281539043414396e-01,2.660334599275326894e-01,6.702211196216607547e-01,7.081465120197198981e-01,8.166527900739973811e-01,8.232380100650852350e-01,7.428802782431223051e-01,9.094146114722350127e-01,4.583752237180606648e-01,7.280541763827925728e-01,6.124880425836892739e-01,2.439951282707540636e-01,4.724862384478017985e-01,4.046803643593557265e-01,6.084111379519131502e-01,9.128819167168469306e-01,7.971218394199321988e-01,8.994568556808787418e-01,6.073524592760680685e-01,8.153527652094567646e-01,5.539509237997690683e-01,6.540622854736262148e-01,8.040903973806078353e-01,7.629950767095767805e-01,7.039212215068370027e-01,4.419376924272726548e-01,2.474124572088271246e-01,6.187565819937675959e-01,6.891266743619958168e-01,6.959127495495627258e-01,6.779625929205619350e-01,2.189597479914748568e-01,6.269763933256353727e-01,9.755964292484697875e-01,6.382302118509841637e-01,-1.999489608157016263e-01,9.956470436834135018e-01
9.897517719410415804e-01,9.893479588928397739e-01,7.801328869031018964e-01,4.897039918239912137e-01,9.725398015178955413e-01,7.830585725666898700e-01,8.071293566545029163e-01,9.019307367241784501e-01,7.220554455134450267e-01,4.223165149046036460e-01,4.408671443357375375e-01,0.000000000000000000e+00,9.759762138919397811e-01,7.919117234020619511e-01,9.742440704528463336e-01,6.032108182839988064e-01,8.883485789239601305e-01,7.431664907639949913e-01,8.644535129995316591e-01,5.857625111595747835e-01,2.993955605823822586e-01,8.251979016221550056e-01,7.157902979875447880e-01,6.238790529913402771e-01,7.958409361194997977e-01,7.204626291875331212e-01,7.557273031120059770e-01,5.973605743791562395e-01,4.862165141245412547e-01,5.016573235566360589e-01,3.247711900809472363e-01,4.626490104786957769e-01,5.636299669546939173e-01,-8.115271694025436022e-02,6.687962222200493079e-01,3.419912815031638242e-01,7.980812031473960566e-01,2.365443036164440460e-01,9.342796333517953133e-01,9.276816970844015131e-01,7.239344616753881079e-01,6.538148696122400017e-01,8.954096513902335408e-01,9.602168951361997884e-01,8.944957909505302229e-01,6.891143192698585551e-01,6.723811731662078239e-01,7.061957618306227147e-01,5.070169711920806677e-01,5.199008304194709940e-01,3.759629525956583729e-01,6.974478390630781677e-01,8.466331328207409301e-01,5.058181073944019168e-01,7.984757990897926039e-01,3.328877331856808786e-01,8.421629921476694314e-01,9.962727111813890479e-01,9.153347382773390217e-01,7.044508185199617190e-01,1.601176969633002767e-01,8.428490357058551208e-01,6.076208940254589352e-01,9.527777707342557356e-01,7.513968509582974464e-01,5.338156263350121167e-01,8.577203476913419777e-01,6.528012876067010861e-01,4.760897788390627827e-01,8.560069034604627092e-01,6.386442578877387088e-01,6.830879499356010687e-01,6.534830314128562412e-01,2.487233510047436591e-01,6.844001635759625612e-01,4.482461639621642124e-01,9.727482254662197514e-01,6.637936664539499931e-01,6.917120787174216301e-02,6.388089249439015127e-01,5.067449135878694388e-01,6.390040369167968581e-01,7.271949094051196605e-01,3.234766084866108060e-01,7.579818738960931723e-01
3.046352632785082060e-01,7.122399047445966414e-01,4.959715932532037796e-01,9.161085689562465939e-01,9.384659014101367491e-01,8.601303112521716532e-01,2.742686308671835049e-01,3.809499908998513207e-01,7.466210123630604434e-01,8.623743462366098012e-01,7.834290280852653776e-01,9.759762138919397811e-01,0.000000000000000000e+00,8.087210073035706603e-01,8.145994865586235756e-01,7.253508901503815665e-01,7.875388143796944185e-01,9.629336000602685131e-01,6.856371701094031712e-01,9.872900622302300810e-01,2.893037969858289760e-01,6.352177090191961639e-01,8.049752990322650570e-01,5.259872825250824224e-01,5.631680555348088646e-01,7.141966126414768246e-01,8.390295526012550020e-01,7.551112655825132913e-01,2.755000751165229134e-01,6.703234322950750723e-01,7.395616446385814280e-01,5.817596469882115873e-01,6.097645591661612352e-01,8.165305877882631513e-01,8.957114181213604587e-01,3.549906561884699219e-01,1.558797672256010680e-01,5.234362406456661843e-01,6.194552311364587283e-01,7.102071573659651804e-01,9.047532778546020227e-01,6.002413639880399554e-01,6.828527529293895171e-01,9.211524890234115137e-01,8.869635600710511492e-01,8.080040924767712962e-01,7.392072506462802339e-01,5.130211698791786734e-02,9.293266400560398210e-01,7.218674122166416351e-01,9.198805592743946047e-01,6.339911500244136411e-01,8.062877801035982506e-01,8.530561181248720315e-01,1.168040389164100128e-02,6.030807648451832481e-01,4.564658999976463627e-01,8.111118090554436666e-01,9.448080939099071651e-01,2.432855322095230644e-01,4.163057143804347326e-01,4.730269339949670360e-01,7.309733819109280883e-01,7.973500334536878231e-01,6.133657593928711904e-01,9.166867120363230148e-01,9.922322630491977602e-01,8.556680879465949907e-01,3.286561305393463917e-01,8.780867399787900540e-01,4.953023946025301716e-01,8.000670658596045204e-01,8.258072794101884995e-01,5.707377054159520346e-01,6.356028335469444679e-01,5.869477943972263301e-01,9.889311025537823596e-01,9.644735470822760615e-01,-1.264955990728174329e-01,1.645381326660771970e-01,5.932917677685050073e-01,9.924148646174550947e-01,5.783557461569729385e-01,7.450027576481825786e-01,2.616241022589610998e-01
7.864841696875410904e-01,7.015691749699251023e-01,6.307825178670392052e-01,7.813602027823943752e-01,9.371728149444142897e-01,4.097868906367195252e-01,4.771007648792261469e-01,6.167126232641590988e-01,9.110892754928924253e-01,8.859818009630362479e-01,6.877966626191335253e-01,7.919117234020619511e-01,8.087210073035706603e-01,0.000000000000000000e+00,6.656281191844071188e-01,6.745133681092847500e-01,6.379619470053119468e-01,7.823506991296580448e-02,9.486576904052883563e-01,9.603598305458269646e-01,8.523004003436317477e-01,6.826345680537602156e-01,2.286043840533214522e-01,5.629824365113738072e-01,6.780358077722642429e-01,7.102296360620556914e-01,5.901369514532435190e-01,5.169840976931172616e-01,4.991389048881836876e-01,7.063623219034411704e-01,7.497760796757898527e-01,4.199506242627351060e-01,8.547899479645735266e-01,5.032893889280851685e-01,7.719520415984684192e-01,1.312631317663037478e-01,3.369096923192917842e-02,4.060747243251415228e-01,6.055855289324264534e-01,9.577783298137776402e-01,4.470024287083661507e-01,4.370988096998028594e-01,4.787988506803404487e-01,3.849613127200119944e-01,9.593985892487109091e-01,8.041221114456286179e-01,8.011273679735579911e-01,7.126804602822581769e-01,8.712097504422567917e-01,6.622350593474414238e-01,9.995058222207834353e-01,9.041964946095827349e-01,9.800772478872724625e-01,7.718542922696772779e-01,8.664328949198851770e-01,7.711967292152176467e-01,6.256204332802981494e-01,4.254950905127702354e-01,8.890735806125134033e-01,1.814830790401803229e-01,5.636751378845331617e-01,9.538757182580751559e-01,7.680861954365276745e-01,8.172157996870426100e-01,4.619085905486552956e-01,7.779055180501022182e-01,2.112215031093079287e-01,7.846956737391632686e-01,2.452758411981508790e-01,6.663589748480150954e-01,4.337355305020634266e-01,4.645946650943971745e-01,3.888692984652774021e-01,4.275896078980042647e-01,2.657681937576474862e-01,7.915267932920986294e-01,9.904342025155641327e-01,8.424172074213752692e-01,1.752877027115949116e-01,3.401457070582477038e-01,6.821680782323791270e-01,6.356434374840420620e-01,6.124292802249532430e-01,5.841475463404578461e-01,8.774242028980503427e-01
5.315477326971065342e-01,9.899004297033791033e-01,8.985421747373202317e-01,7.294136178533648929e-01,4.395815398396442641e-01,4.276851514056881354e-01,3.751982709929649884e-01,6.445774649813801327e-01,9.806286661467251697e-01,4.169518453594892593e-01,3.947178914972262476e-01,9.742440704528463336e-01,8.145994865586235756e-01,6.656281191844071188e-01,0.000000000000000000e+00,8.112290084902119558e-01,5.353051415219881592e-01,6.829561006456867922e-01,7.826303625261831209e-01,8.630920360033557115e-01,8.512473698270637268e-01,6.818556560181594506e-01,7.297334199552739653e-01,8.786452520680773093e-01,3.123546186442258121e-01,5.077599474476711672e-01,9.434381447499620155e-01,7.170026386358763215e-01,7.836179480881703130e-01,7.879234508548749183e-01,3.111951370705239861e-01,2.022190733071998758e-01,4.291731106908283078e-01,7.699696344711038920e-01,6.379888479548569968e-01,5.246314955681885550e-01,5.783971146806350383e-01,2.370057287646822330e-01,7.257990306543239400e-01,4.045428799347796089e-01,4.150005916665954198e-01,8.366539465272333498e-01,8.095142248042452859e-01,1.142793478806664043e-01,6.316676581073407126e-01,6.406492720895220483e-01,5.340042210397670797e-01,6.739163137114718705e-01,6.765999625925859240e-01,5.155140536155642383e-01,9.869333303654401757e-01,6.942783710614806036e-01,5.277712681204252965e-01,5.711592681380615044e-01,7.283873227648880455e-01,5.608428062785492108e-01,5.193824768371702039e-01,4.204365914393209946e-01,5.654345226159338544e-01,7.902751791333080256e-01,6.137792957484962120e-01,7.308696114549324552e-01,5.061587344203807293e-01,8.782400996581012365e-01,9.451686965293959464e-01,9.658221573513177116e-01,6.927024089122815198e-01,6.286867499307504659e-01,3.278496022091375028e-01,3.516680889026596590e-01,7.414464130330260527e-01,4.104339890215530362e-01,5.855517726297762016e-01,9.778791549722196663e-01,6.948139384124089046e-01,5.095729979234615570e-01,6.756385416503610797e-01,7.877696413324668523e-01,5.674944631106133563e-01,3.095092412458760323e-01,4.447821648133974404e-01,7.657019227695821550e-01,-6.411200886244272645e-02,5.721176802594651889e-01,5.139084970439987687e-01
8.898129997890226184e-01,2.323917216090172766e-01,5.899544402273416699e-01,3.515985523705239535e-01,2.509422549799091851e-01,3.988580451959162776e-01,9.522763851625647424e-01,2.097974705563250275e-01,3.536911345018534103e-01,6.567633801203764943e-01,5.494210813864665033e-01,6.032108182839988064e-01,7.253508901503815665e-01,6.745133681092847500e-01,8.112290084902119558e-01,0.000000000000000000e+00,9.508536908684077638e-01,8.746978301441635240e-02,6.958375850745068814e-01,9.240903756130195434e-01,8.418151722699284134e-01,5.740510556283286991e-01,5.048661883453524624e-01,7.679529033490259948e-01,4.048533518297955935e-01,3.144951543861458365e-01,8.364560084138161766e-01,5.606762243514602506e-01,4.579582532646808701e-01,4.345458571513496349e-01,6.290660224713977566e-01,-4.878979955937434720e-02,7.184008938653573262e-01,8.993935202022425024e-01,7.028564782173432057e-01,4.561488061771301616e-01,-1.940087213326146531e-01,9.245645819270121857e-01,6.270798873637384308e-01,7.084656624280981640e-01,4.181172380199150163e-01,6.665811136355072053e-01,8.959286587572571348e-01,9.107714885889188761e-01,9.713223408725957242e-01,6.437279236715726105e-01,7.366611316002793508e-01,6.692137678633151843e-02,7.719808857112703260e-01,5.228408634728507476e-01,6.498836415787481169e-01,7.704091657797055293e-01,8.859975840521754353e-01,4.644951260523456082e-01,6.330652566971369799e-01,8.780164705809971881e-01,8.597668743546903469e-01,6.464850231503207478e-01,8.739134351147364033e-01,4.188568617271967720e-01,3.948928023728007775e-01,8.384248482471885477e-01,7.259004543964401313e-01,5.908988679329945093e-01,9.105836031277210196e-01,7.835025104086413839e-01,7.569961802977018817e-01,8.595053093634309471e-01,9.517080492073324294e-01,2.769100025325641479e-01,9.396643523571420742e-01,7.676034398599396180e-01,7.132877888264229638e-01,3.510255981706998374e-01,7.383581768767529807e-01,6.084714951716142517e-01,9.944388464446731746e-01,6.912616030259391975e-01,2.199388290271028779e-01,6.976163422234914480e-01,9.995324669505867288e-01,8.882169504691534989e-01,5.021940909211465298e-01,5.550801029462711922e-01,-1.971910819709876417e-01
4.006538206963705662e-01,4.001162505008576398e-01,8.918037049031420915e-01,7.458349505338122132e-01,7.636918542086842399e-01,9.157895265956003117e-01,9.869637815784563228e-01,3.564344661018842286e-01,6.438760385371150585e-01,5.097888695176061580e-01,2.602844462965453465e-01,8.883485789239601305e-01,7.875388143796944185e-01,6.379619470053119468e-01,5.353051415219881592e-01,9.508536908684077638e-01,0.000000000000000000e+00,7.951332460187174878e-01,8.393931803915610779e-01,9.392017161283618965e-01,7.779161611212878080e-01,9.119774580923664109e-01,7.815469138467531218e-01,6.629404857762941639e-01,8.989916404293505359e-01,7.416064936416557618e-01,6.180292106804586849e-01,5.350811505493660025e-01,5.501978588530949121e-01,5.651661412311634880e-01,4.645800997241925634e-01,6.709159291436782580e-01,6.539359578593265110e-02,6.331573736113469408e-01,6.411243977705071151e-01,5.254653987761367384e-01,3.821764115353112889e-01,7.247053778830758741e-01,8.657180493213104677e-01,4.378332380731490003e-01,5.644207425810382484e-01,7.841003454539566819e-01,2.128053157246053151e-01,4.939413911388552680e-01,6.350744977882037956e-01,6.419963593268023239e-01,6.655840549938945028e-01,7.041306717706065088e-01,7.461949000230614359e-01,9.049670429635791047e-01,8.749351766510684580e-01,9.320950320201852879e-01,5.139657571417235449e-01,4.911488216416395325e-01,7.240194022815631403e-01,8.856574219625833466e-01,8.798504799390411968e-01,9.724850203681931760e-01,9.804758819814871629e-01,4.651215479935540409e-01,7.791960900538970058e-01,7.082910811416277541e-01,9.471844462418241850e-01,5.447372431464646558e-01,6.549439516875532608e-01,9.855738735286402319e-01,8.603726987205837506e-01,4.436546813857644711e-01,6.682368643504558170e-01,8.752747411615727779e-01,8.226965621565913711e-01,7.315779544430366377e-01,6.824520285532543751e-01,4.643851243411683538e-01,3.638621122837153443e-01,6.519096684845483436e-01,8.945236228718426164e-01,9.260146612024902080e-01,2.599601398591689927e-01,3.245327592821930507e-01,7.160854396981594094e-01,7.316395936870948580e-01,2.114074229648338077e-01,9.297087126560928949e-01,6.442369816013886474e-01
7.862112023175730213e-01,8.421122977979635937e-01,6.950396890155636775e-01,9.892273234053379216e-01,7.730634348714460202e-01,6.829177223525816354e-01,6.783739708886765696e-01,6.447214652537263113e-01,9.358091116927196307e-01,4.584897858754114486e-01,5.831337587598987016e-01,7.431664907639949913e-01,9.629336000602685131e-01,7.823506991296580448e-02,6.829561006456867922e-01,8.746978301441635240e-02,7.951332460187174878e-01,0.000000000000000000e+00,3.666617362815457470e-01,8.059529823104870649e-01,7.048778828314551381e-01,7.675954600683162488e-01,4.273863998085410953e-01,7.307012769634548821e-01,6.152890380773112788e-01,9.440437298449113612e-01,8.165482348631150078e-01,5.339711737453720630e-01,7.827417118613073654e-01,6.904262570173991254e-01,3.636904873973846875e-01,6.799956744902651007e-01,5.884749898722377859e-01,9.913444570723817240e-01,8.047821567428496969e-01,4.836414212037472016e-01,5.349663164510256586e-01,6.367221314804148991e-01,7.467691245551827395e-01,3.672338624337473934e-01,3.549473415641910545e-01,6.637221805952989717e-01,4.983656184503779119e-01,3.088797757955267786e-01,5.328993645326854933e-01,6.008690611871423393e-01,9.210407318313107439e-01,3.944907400753649984e-01,6.999312912137223286e-01,2.307144348953941437e-01,8.740003563176925727e-01,4.327557394508860233e-01,7.273426197508274793e-01,4.260543911370503478e-01,7.278428129704597183e-01,8.519311098969073459e-01,6.434841085721338949e-01,9.079063841705378168e-01,7.699196222305989545e-01,3.761243697549201959e-01,4.876938019431553695e-01,8.479450444319683866e-01,9.129699904747076156e-01,8.585572408165930147e-01,9.636175876844950139e-01,6.219984435337025941e-01,8.470179012792524720e-01,7.874913881138547733e-01,7.476224337153344335e-01,6.162948053805312743e-01,8.893203323263207949e-01,5.429188269330151861e-01,6.344209229559444330e-01,4.265777640295969064e-01,7.793995100926300879e-01,9.991474902018402382e-01,9.042316191404312642e-01,6.600668992142484370e-01,-1.744720855590898290e-01,4.237813832296645766e-01,9.636966703542589885e-01,7.325094048606020092e-01,6.876176788990858713e-01,7.232073347769045757e-01,7.286392038491111833e-01
