0.000000000000000000e+00,4.629127305974879980e-01,6.780007356537028906e-01,6.335890810871056544e-01,4.692559042844690609e-01,5.458116170890962016e-01,9.524955186618790925e-01,6.781662207195910952e-01,8.491236142781057872e-01,9.227130277568373895e-01,8.131237252752772093e-01,9.155594030989854248e-01,7.465833061393658543e-01,6.085023681222266889e-01,9.667966791850821640e-01,8.674829131041359442e-01,8.929076751356858077e-01,2.941354314440953743e-01,9.967535750975983211e-01,6.532208546473914357e-01,6.833470529545754291e-01,8.285253602244285753e-01,6.907316812810283535e-01,6.506823150474695394e-01,7.054519512481657317e-01,5.488443334382461236e-01,5.419898732417189890e-01,9.009537982098918540e-01,7.254678137965899776e-01,4.271176127232144126e-01,5.458213565627280106e-01,7.475302762253182021e-01,9.397943871111782421e-01,6.775256460186947216e-02,6.283535729974216721e-01,5.800286412714944495e-01,1.832836626496502364e-01,9.663125074449951946e-01,6.398675215910035741e-01,4.812602506806789027e-01,4.748500208918887688e-01,5.889655677148385449e-01,4.302198194016699784e-01,9.377445560277950509e-01,6.934726437592010351e-01,6.125190861869576064e-01,6.566594191145941339e-01,8.689944136310887579e-01,4.234101183640203714e-01,6.281060369169618740e-01,3.732510380478057388e-01,9.799419633031696275e-01,9.715874657347345345e-01,4.516900114410388190e-01,2.552891119271103459e-01,3.835303008008807968e-01,1.508860535817822257e-01,4.888063631028475298e-01,8.971033785465711841e-01,6.041939534382537724e-01,7.730994860244828626e-01,9.422019156555661024e-01,9.078627604165071530e-01,6.107638846485592410e-01,7.386139805880022058e-01,8.428686121363859751e-01,8.236707413753849849e-01,9.319694604415960093e-01,6.802287435338468802e-01,6.194934589328706664e-01,8.112950670378470397e-01,8.599946084377383393e-01,4.305514240247943492e-01,2.205025487590358824e-01,8.894623795208752570e-01,7.079693551797473505e-01,9.663054293983671661e-01,8.151433339389964061e-01,6.232454739275545830e-01,-7.628271025635352531e-02,5.517335568954822023e-01,7.816121443008408054e-01,8.085757241414346375e-01,1.877860538698799264e-01,9.929599110985674049e-01
4.629127305974879980e-01,0.000000000000000000e+00,6.318529566419160970e-01,2.948538846695640259e-01,4.044592084957902012e-01,9.608566931011635059e-01,4.993898400584407815e-01,5.474004478832806830e-01,2.886468036099649193e-01,8.043723951685358697e-01,5.329440294915529508e-01,3.988614969456496517e-01,6.028969788764071414e-01,6.488778572169675574e-01,6.212579755419667116e-01,1.049304086845748857e-01,8.125480585727928862e-01,7.799153981171603744e-01,6.290914928846687015e-01,8.809411447390881333e-01,8.403647086584233872e-01,7.785480822335338891e-01,4.232550215948719941e-01,8.013814254321608432e-01,5.986953900621903024e-01,8.113875525890414941e-01,7.976654037625718896e-01,2.432271897347174638e-01,8.548460989027765189e-01,8.459788956663834292e-02,4.565152171458923269e-01,8.091011680507919079e-01,8.939896185743534396e-01,2.054161829530652683e-01,4.630429805349181027e-01,7.990712256809001657e-01,3.899752239702110046e-01,3.975976055659519726e-01,7.620057364824487367e-01,4.472015656574147013e-01,4.987159763472400198e-01,4.759415569382803857e-01,6.512459026940808915e-01,6.308096255021115040e-01,7.270631923823354104e-01,3.645190999283749456e-01,8.851370777166490678e-01,3.053658395939635173e-01,7.775824987049825276e-01,7.674324124303858463e-01,6.558399327094491804e-01,5.477929677941658637e-01,4.445474866862742513e-01,3.994944641813732988e-01,8.546807896112849079e-01,4.350537543340768920e-01,8.119703520942745945e-01,8.633053391950638034e-01,8.900269664013287230e-01,4.622149961629831161e-01,3.956627447673959769e-02,6.768252714985107943e-01,6.835228854435785317e-01,7.587698942875031882e-01,2.428869271801683272e-01,7.032446839165369390e-01,3.004918081838135469e-01,9.589900021319149870e-01,2.169805801153989466e-01,7.577118482683273815e-01,8.440786274422588109e-01,6.657640487812418462e-01,9.951283126538499335e-01,3.838491545204145705e-01,4.554769546605486608e-01,8.635249884092160988e-01,8.357963029832494728e-01,4.265691975064714869e-01,6.231057292764288214e-01,3.079541153268517961e-01,7.782410821041114701e-01,9.216085901507639067e-01,6.023309797949197852e-01,4.198683049903006448e-01,3.254867159983492741e-01
6.780007356537028906e-01,6.318529566419160970e-01,0.000000000000000000e+00,8.785187431129418689e-01,6.775771970801353072e-01,6.140176407392802238e-01,9.813304661668638129e-01,6.160119591007205964e-01,9.845671066736407795e-01,6.002011383790158972e-01,8.845461267315894993e-01,9.045845311773234032e-01,9.488644202336697919e-01,2.243417808195873886e-01,9.735477286999497659e-01,9.177661230175971907e-01,7.511519330299278874e-01,7.165637040604746488e-01,9.871701726235734276e-01,7.769957051791127611e-01,7.360221092215961658e-01,5.169507637262347188e-01,7.892817073937217209e-01,7.010999927626200279e-01,8.396214434926256853e-01,6.640338039030782014e-01,8.907616166096969934e-01,8.249779502025642586e-01,5.053018801467319410e-01,7.454607238497933386e-01,5.367077431633400231e-01,9.196444036277851009e-01,8.118795819763265920e-01,6.501517261635362255e-01,9.536149819489662116e-01,4.367853921471606671e-01,2.950079138108455679e-01,8.787542366641050151e-01,8.076095941828747016e-01,9.210372250365232993e-01,4.161047963849566211e-01,2.181556554654133229e-01,8.234158127597250854e-01,3.570326919464057447e-01,7.458633275172857902e-01,7.145410098754950701e-01,7.335478183457392332e-01,6.637948013394403546e-01,7.481226501847155763e-01,8.249005048759275871e-01,7.114472766858057629e-01,9.116027809422683204e-01,9.088489274947043617e-01,9.171404439419609256e-01,8.216678957356648993e-01,7.062471399778871284e-01,9.893225821516612450e-01,8.307664531700174049e-01,9.113433849933202380e-01,2.977404711230537959e-01,3.190478347532920700e-01,9.585682568529435565e-01,8.031643636253348317e-01,5.691755456074085728e-01,8.897429478987619600e-01,8.979834002109178259e-01,6.563856188746906017e-01,8.047044140882736452e-01,6.684448163987424252e-01,9.501033081088688936e-01,3.007378929898687492e-01,6.761878470750724013e-01,9.357987345893581388e-01,6.768326296716598023e-02,8.090860390680716385e-01,5.583081389033199837e-01,5.625705785036898554e-01,8.554867739027046669e-01,2.363538800950641394e-01,5.288060534866259044e-01,7.597678860042996751e-01,9.182507078495539821e-01,8.683017752422625968e-01,6.986074823168859638e-01,2.318905043433427959e-01
6.335890810871056544e-01,2.948538846695640259e-01,8.785187431129418689e-01,0.000000000000000000e+00,7.893233927803344763e-01,8.867226967813701677e-01,8.178217350790727425e-01,3.475492748271598320e-02,8.121710925787090085e-01,9.425848172162815120e-01,9.782044189606061702e-01,2.195667470605594807e-01,8.297114281287675253e-01,6.458987971443327369e-01,7.312351891695657580e-01,7.242599195574541682e-01,7.878769401056369137e-01,5.582113735850199321e-01,7.352188296504414966e-01,9.699039681524422862e-01,7.431209052816212246e-01,9.121147330968651934e-01,5.236454083375935431e-01,5.610615333890055512e-01,4.773191948129090756e-01,5.947559810050646600e-01,6.092228319353826249e-01,3.911929122831904193e-01,6.458043246093274625e-01,4.181162244269289174e-01,4.680240477814397448e-01,2.505578794993080782e-01,9.238691139535832875e-01,7.835599362158430781e-01,8.331547194370481080e-01,9.544803623747287746e-01,2.877117684090358951e-01,7.272918182181193902e-01,8.353926394863629978e-01,5.159457216677141300e-01,3.047887061066273384e-01,4.978297166952425634e-01,8.015787827679889954e-01,9.806299340931701192e-01,9.573240573738585057e-01,8.612232404348312276e-01,6.643060821069843858e-01,8.606198621532520354e-01,7.380340063398592720e-01,6.169519815697226406e-01,3.578959420438797556e-01,6.647556112914285720e-01,6.424436377488287331e-01,5.546442448788051482e-01,9.844788392272170174e-01,8.244620450902658826e-01,4.022840880373925176e-01,1.183263351112899403e-01,7.024703449438144398e-01,4.216314351597940657e-01,4.187581280287179242e-01,2.987280306480155634e-01,7.499339435215459648e-01,7.705314167018337823e-01,6.331979050825896627e-01,5.227386957595451245e-01,8.655859326948560639e-01,3.299951776487122790e-01,7.088933508740873357e-01,6.400396391292312304e-01,7.205938217066913953e-01,9.729248222686014413e-01,7.716795346576957870e-01,9.089146091263843319e-01,9.714033607208956145e-01,2.725728365511584927e-01,9.742732379379710483e-01,8.063121215261566110e-01,4.301052782760063642e-01,2.803085547948128697e-01,4.912751473936552982e-01,6.976656930383715594e-01,6.729372336125127863e-01,3.230162156334224210e-01,6.478044196383914155e-01
4.692559042844690609e-01,4.044592084957902012e-01,6.775771970801353072e-01,7.893233927803344763e-01,0.000000000000000000e+00,6.062461734257860169e-01,6.870991715737889693e-01,5.390197986128106855e-01,7.626975992211194599e-01,8.243726756548765966e-01,5.721072767954610283e-01,6.866465092816105287e-01,7.688169915470595139e-01,6.949924159521637668e-01,5.003325717887497914e-01,6.485037869366818697e-01,7.067017046705961203e-01,6.070307843995311758e-01,8.474872655341219030e-01,5.355701614879833095e-01,7.047203875114990135e-01,7.706409944199553719e-01,6.973988362510766814e-01,8.303431351171468577e-01,4.669741523404354333e-01,9.059789419360205764e-01,6.095093957313654220e-01,8.691996753816638721e-01,7.497816388820439659e-01,1.440834820471660060e-01,5.970198604441470103e-01,2.658347177889070490e-01,7.886154513918618436e-01,5.683789003132843076e-01,8.529582625329057421e-01,4.262177897019719941e-01,4.052699953402533195e-01,7.405496611431567899e-01,6.106562031945026447e-01,6.131158897633317562e-01,2.322176164315340741e-01,4.726088570430601044e-01,8.050458482783893199e-01,7.249258451634240652e-01,9.367911790581544551e-01,9.407327737869459749e-01,7.514243705853060895e-01,6.463576045772547740e-01,6.858499371756435758e-01,9.561277825843905731e-01,-3.152266516116824513e-01,2.136644721384960977e-01,5.761122616620053538e-01,7.190599627648562864e-01,9.256677454677910699e-01,7.665700790502132378e-01,7.861499230705417673e-01,6.853434123435850900e-01,9.682177047342124254e-01,6.925574421687877846e-01,2.261577054904375383e-01,7.754363489381559393e-01,3.344581066027751404e-01,2.602856170704003769e-01,6.584470172043446201e-01,8.605602459888819222e-01,9.935012724235824377e-01,6.667343004540471352e-01,7.167459457785417820e-01,6.240825384268439135e-01,7.260852837440310292e-01,9.325595916401190344e-01,4.318389474235272973e-01,6.336487690969513364e-01,7.494239081511631095e-01,5.978445863418793138e-01,6.155144256078586285e-01,6.605442278700508485e-01,4.524802657644023118e-01,2.489709044940364713e-01,4.107238688367272350e-01,9.444364092401000832e-01,6.576604004084584121e-01,6.564264913978899996e-01,7.517989691538302655e-01
5.458116170890962016e-01,9.608566931011635059e-01,6.140176407392802238e-01,8.867226967813701677e-01,6.062461734257860169e-01,0.000000000000000000e+00,7.024113434671467315e-01,6.496079445433468047e-01,7.725716793465122745e-01,7.967488172534418212e-01,4.846122722130323246e-01,4.912945679775954089e-01,7.029052992805969735e-01,9.919590612010095176e-01,4.611870403768725812e-01,9.473636816673332017e-01,6.161490635469691890e-01,6.428485843787308252e-01,8.189365419926504241e-01,9.443847275572817557e-01,8.276900938052961232e-01,2.058226237771504930e-01,6.435235230266629358e-01,8.384317554431367503e-01,4.235588644278613923e-01,5.038237711967271659e-01,9.596572078630356550e-01,6.233394236191405202e-01,7.867812266516971409e-01,5.045345064149608927e-01,6.160302616730219949e-01,7.468617777845510952e-01,3.206104481597775169e-01,9.610665629365787721e-01,4.852930619475021023e-01,6.290615121111190478e-01,2.471965215618386336e-01,9.276110369742944783e-01,7.811783954290885124e-01,5.992167251438516029e-01,7.006837199629113444e-01,7.028735473135877543e-01,9.026777235503478103e-01,9.905698664960331801e-01,7.725660804476537358e-01,8.141932864557737126e-01,8.690545459556793251e-01,8.250316869069183046e-01,6.351319572719346107e-01,2.948436959833330984e-01,7.275607951831585263e-01,6.534611827916145810e-01,4.126710276970531055e-01,7.827242580883225775e-01,7.230148877207260849e-01,9.943352045420981167e-01,9.056922603667737492e-01,9.616745369622844430e-01,6.787530008556514893e-01,2.945421740355007034e-01,4.358770373287343958e-01,7.293623707344323304e-01,8.634880044569710478e-01,6.408900104060326619e-01,9.401698684294147457e-01,6.149535471681436549e-01,4.853128809382498687e-01,7.956833259196115504e-01,2.149174999523374152e-01,7.858772107558200659e-01,5.351820732699870131e-01,9.046080853491635931e-01,3.363958934468083695e-01,3.011148901447430193e-01,6.084387759895957259e-01,9.435199851525930548e-01,8.652084944531961419e-01,7.731416522770903077e-01,5.571048738343904461e-01,7.358358651504517400e-01,6.506013093115420309e-01,7.876993315305473864e-01,9.766505256116251310e-01,1.096052961012890237e-01,2.499308129260340572e-01
9.524955186618790925e-01,4.993898400584407815e-01,9.813304661668638129e-01,8.178217350790727425e-01,6.870991715737889693e-01,7.024113434671467315e-01,0.000000000000000000e+00,4.083527186255456742e-01,4.205341070796715375e-01,3.150642982497257605e-01,9.416995383531536756e-01,5.295964469545614284e-01,4.086374338777373771e-01,4.215173114715575764e-01,1.622675257458847664e-01,-1.162562909149988249e-01,6.848021092327412074e-01,7.640490132307081739e-01,3.181694064975095770e-01,6.478133852836840401e-01,8.295320940247955521e-01,6.628373226206607516e-01,5.155528413187704384e-01,1.605107850044283913e-01,5.375212695418195574e-01,5.859617927355399436e-01,3.481231511117620636e-01,5.241061749004997106e-01,6.859271134233130285e-01,5.839276984537598025e-01,5.995619482589130689e-01,4.712290249221674499e-01,3.137376096894668454e-01,4.244261484490412933e-02,2.645172746555436438e-01,4.005126572475857238e-01,2.055537969980142099e-01,2.106875520997997797e-01,9.146070242152110064e-01,6.340110518047171739e-01,5.939369598658309490e-01,3.440196610020186396e-01,9.772446275050814535e-01,5.559078330875997231e-01,3.974142122323629511e-01,5.348820373682717788e-01,2.771706639013392648e-01,5.696789645891693343e-01,7.277928435837077714e-01,5.285184386429024883e-01,5.842639654717716180e-01,1.589791128413423626e-01,4.235137092906461342e-01,6.341148078345270056e-01,8.149954417236980886e-01,6.775517282545844289e-01,7.743973553073831839e-01,6.565143703362572580e-01,7.160098666157216352e-01,5.234227178490581389e-01,5.767090620555216374e-01,9.330513016745161092e-01,3.546581374002186759e-01,6.497801991276435096e-01,4.554774346546844876e-01,5.481844531385777763e-01,3.992626791407200004e-01,7.197675858993299869e-01,4.030788113158213504e-01,9.507208446784778388e-01,5.861516147526715237e-01,5.556837301063998202e-01,2.450472947516191269e-01,9.445143327541678513e-01,7.573226143770420693e-01,6.303278584090237224e-01,6.342238948223235528e-01,6.351777094225024012e-01,5.438895051530019398e-01,4.685257508513958058e-01,4.727387768527481215e-01,5.455340113323171591e-01,5.052606704326317866e-01,5.136955909456519809e-01,6.335975255854929822e-01
6.781662207195910952e-01,5.474004478832806830e-01,6.160119591007205964e-01,3.475492748271598320e-02,5.390197986128106855e-01,6.496079445433468047e-01,4.083527186255456742e-01,0.000000000000000000e+00,3.304480425716774805e-01,1.195352965560713826e-01,5.096621440024708960e-01,6.654238253251687496e-01,8.730750093746370011e-01,6.983189158358183990e-01,6.782900321206495331e-01,5.368724934208004562e-01,7.392920785185640442e-01,5.529652938346496516e-01,3.722244977143150946e-01,8.991393379916955420e-01,9.230465237454912319e-01,7.809708112613240605e-01,3.432213538556564414e-01,7.868081704595492054e-01,7.164927913453652542e-01,2.581470517245088581e-01,6.907407862686401057e-01,3.393480319814210500e-01,1.921211533145109340e-01,4.971383884385318641e-01,1.069085338142203995e-02,6.669997948559508449e-01,6.189415657913510671e-01,8.898437046322538180e-01,7.885452171651703424e-01,5.311701630985607991e-01,3.457769477507031120e-01,6.938558302467346950e-01,8.722036779907392789e-01,9.110408842872219637e-01,3.940184874556668659e-01,5.883237353540463621e-01,9.443319831545240461e-01,6.138852018520828402e-01,6.447860182876953283e-01,5.337995572070370898e-01,1.401057584738936157e-01,7.067453848171690867e-01,5.569721762608614846e-01,7.824276224521554690e-01,7.460471982354526244e-01,3.655114422530703067e-01,4.207175335452412179e-01,3.380750505736780931e-01,8.906933287814035038e-01,9.514810710416349293e-01,7.073707191435705255e-01,7.298785164231872402e-01,8.617622975388667950e-01,5.336747254811516350e-02,4.594825222912527485e-01,7.899298997841550651e-01,6.306980903982695175e-01,8.698213940010848244e-01,8.380071830895235996e-01,7.260845177929106109e-01,5.951953132965802640e-01,6.299263653045472644e-01,4.715275122720453682e-01,4.162370940180858958e-01,2.923551870370393324e-01,6.669958653600360776e-01,2.721255643383608813e-01,9.520957162647820660e-01,3.515084868530460316e-01,5.681739472386121426e-01,7.990924493562296949e-01,6.829121075028011800e-01,2.808554168951776786e-01,6.813830202285282578e-01,5.176080484941999460e-01,9.930433190699146095e-01,5.811812597675007908e-01,2.800165176171073300e-01,9.221847772633036122e-01
8.491236142781057872e-01,2.886468036099649193e-01,9.845671066736407795e-01,8.121710925787090085e-01,7.626975992211194599e-01,7.725716793465122745e-01,4.205341070796715375e-01,3.304480425716774805e-01,0.000000000000000000e+00,6.643518885791422912e-01,9.845767031683051451e-01,7.618453111470335770e-01,6.383962371626392684e-01,7.180306576933001006e-01,7.752622214093208841e-01,7.712471111825182080e-01,7.774866512787990125e-01,4.492366246868950697e-01,8.701709448937029467e-01,9.865140999873632799e-01,8.489058138201959203e-01,6.977441264856102388e-01,7.989075679578206968e-01,6.210207570717236614e-01,6.899515613753862686e-01,6.854074256214524041e-01,6.212966870492118154e-01,7.514634962956321385e-01,2.284740467486996440e-01,3.189404594205877963e-01,6.600438964536921027e-01,2.373587493482853250e-01,7.620410617872850345e-01,7.690976277411711859e-01,7.331063241619988347e-01,6.463205638772268058e-01,2.666575455337164557e-01,4.287625086985361600e-01,9.857445067926121629e-01,8.248065708187968248e-01,4.826410948041097715e-01,2.178611974835547305e-01,8.004229872833490411e-01,9.363534519306675463e-01,8.017811537502335106e-01,8.391665304292041938e-01,6.752763576167741810e-01,4.020406348185383005e-01,7.881735231272188891e-01,4.870547388438173919e-01,3.969025096370878414e-01,8.220692257780076728e-01,6.584909092897710536e-01,8.557891076436177635e-02,9.472593546145186005e-01,6.139105637905418744e-01,6.788078883150396869e-01,8.869557013339448570e-01,6.038973299160592667e-01,7.087067425954539646e-01,3.950785420469189457e-01,1.237158296949883857e-01,6.560571496185414464e-01,7.959211921274291779e-01,9.847834156213077783e-01,8.135029094142509631e-01,4.890436586196048596e-01,5.474008778479088067e-01,7.748551907856067178e-01,6.280676775033459114e-01,8.214084992848711408e-01,6.226293765544222980e-01,2.557378345723639312e-01,5.021438437907804753e-01,9.927056994723644223e-01,6.983883309411225149e-01,8.064825203218427552e-01,6.512730971580011907e-01,8.052443145327699003e-01,6.651375089434108379e-01,6.441329313995437511e-01,7.677892806800303838e-01,8.309686059537114700e-01,5.926014495393845394e-01,7.394219582494838683e-01
9.227130277568373895e-01,8.043723951685358697e-01,6.002011383790158972e-01,9.425848172162815120e-01,8.243726756548765966e-01,7.967488172534418212e-01,3.150642982497257605e-01,1.195352965560713826e-01,6.643518885791422912e-01,0.000000000000000000e+00,6.679495275514208963e-01,3.254503305550414671e-01,6.541085349244244451e-01,4.388466423402167527e-01,4.013353544462218148e-01,8.674107640671488983e-01,8.172271401411832503e-01,8.747314334980411665e-01,7.362215426164234744e-01,4.713306703591812474e-01,9.552563349630369682e-01,3.346049198950017955e-01,9.544985201339306613e-01,8.405644406747367903e-01,4.730084807332082808e-01,9.580732568954962725e-01,6.714688855880670548e-01,8.528712935623401492e-01,4.281759368177306402e-01,6.599776479710992572e-01,6.603654881839683410e-01,6.336923088366401835e-01,9.148768493379429989e-01,6.995710472281524428e-01,5.460057045490376293e-01,5.231815934405712465e-01,4.506289415496322337e-01,4.469118784459328864e-01,8.768501971271901452e-01,6.164632784826815648e-01,3.019930116432277822e-01,7.785921342015620361e-01,9.061520734953342204e-01,8.124775273802310460e-01,4.258109961125583487e-01,9.745506668484553714e-01,9.360562716188431942e-01,7.038958154252653587e-01,3.524453521181571403e-01,8.756438568167259628e-01,2.099809316262546133e-01,7.714976067778211988e-01,6.429066375687757517e-01,4.709878643825312072e-01,4.437750414972813640e-01,8.307083275565600999e-01,7.792648152828799413e-01,6.112140544533916087e-01,7.891176684541508779e-01,9.947103530538821126e-01,2.218026931782844935e-01,3.029765241741287918e-01,7.239537137906276731e-01,9.526385163748476437e-01,8.574774516201324470e-01,6.086486269949710204e-01,6.820217270487574091e-01,8.478657531031572603e-01,5.884578240652181824e-01,7.607788005856122027e-01,6.574270214894256670e-01,7.976238605983777541e-01,4.604524321082277827e-01,3.562644167920053784e-01,8.470368761322975004e-01,4.201517224974180564e-01,7.106973051701402921e-01,5.543016602663888293e-01,5.997364316870148482e-01,6.526836405867905144e-01,2.551236105330272896e-01,9.468395165828837889e-01,9.618530673481425763e-01,4.102196382264630126e-01,8.138277866668469640e-01
8.131237252752772093e-01,5.329440294915529508e-01,8.845461267315894993e-01,9.782044189606061702e-01,5.721072767954610283e-01,4.846122722130323246e-01,9.416995383531536756e-01,5.096621440024708960e-01,9.845767031683051451e-01,6.679495275514208963e-01,0.000000000000000000e+00,3.254297428765762223e-01,6.898727352463390750e-01,4.024259088280207064e-01,7.664332156027893195e-01,4.748101888559256856e-01,7.075338489659077634e-01,9.727048869648011742e-01,9.848812457056304037e-01,8.295107298936386098e-01,8.724770094149958410e-01,8.809322377316106678e-01,6.477358728248898689e-01,8.864508891655493716e-01,4.636426418523933446e-01,8.600445963327733034e-01,6.417750884231229191e-01,3.539685835579161610e-01,7.004846819630724530e-01,4.473204752484312707e-01,3.193754652539774752e-01,3.932137904681469731e-01,6.325263264867120316e-01,8.097424320420369970e-01,4.687937218470147882e-01,2.185482519016764547e-01,1.415333085600620489e-01,9.172572076230698368e-01,9.140038421009172298e-01,8.729792881215786560e-01,4.208224337654261626e-01,4.723694475615409782e-01,6.029451525625365571e-01,8.476786393778276141e-01,5.891301923491156778e-01,2.017133411420433398e-01,-1.176788390035933690e-01,9.271377021173409227e-01,7.827571171475256051e-01,7.764498070047803902e-01,7.238574971021534132e-01,7.748148793504237020e-01,9.709258919654162323e-01,8.550231816298115017e-01,4.232910348317408533e-01,7.280550070835294374e-01,7.134832622373218358e-01,8.938875431721023945e-01,6.964701752392634670e-01,6.370032557708125154e-01,2.062387929299120404e-01,9.657813364591212313e-01,5.526056594888655304e-01,5.213891767556780854e-01,7.776731821201976480e-01,5.096034842683804245e-01,7.962053136550442112e-01,8.700406493537907737e-01,5.791632793366191523e-01,5.054140942520878310e-01,9.180412910844648611e-01,5.265898529004510165e-01,4.677247427042879324e-01,2.728341360728333553e-01,4.351652597098680797e-01,6.032128339921297711e-01,7.339226840896838633e-01,9.628812139974087803e-01,3.533172769627297427e-01,2.186494547178696457e-01,6.387268915656932888e-01,8.855364713052590320e-01,2.394065964711589445e-01,6.816347864353621278e-01,7.065143253201273676e-01
9.155594030989854248e-01,3.988614969456496517e-01,9.045845311773234032e-01,2.195667470605594807e-01,6.866465092816105287e-01,4.912945679775954089e-01,5.295964469545614284e-01,6.654238253251687496e-01,7.618453111470335770e-01,3.254503305550414671e-01,3.254297428765762223e-01,0.000000000000000000e+00,7.874374067969955870e-01,2.578283807649625614e-01,6.088867897693550635e-01,4.959245032162118601e-03,5.166516142595952710e-01,1.601186233018871974e-01,6.894165069600031170e-01,8.834158848203516046e-01,8.209754009498685390e-01,8.456326978497018532e-01,8.624497189509929829e-01,7.070441545704675423e-01,7.227483231421789611e-01,8.208922094821401449e-01,2.255516520459031338e-01,4.857807929387278900e-01,7.735963958478894176e-01,4.283806498945009200e-01,-1.167307198915281119e-01,4.809580641632390519e-01,6.644444240015887626e-01,8.202075524431332587e-01,5.673201335036931470e-01,6.084052094349109430e-01,5.422396770674303701e-01,2.485746849011543913e-01,9.537337542109367572e-01,9.685498905551809257e-01,5.761746500428408524e-01,5.500278970900781550e-01,6.761618921640111246e-01,5.709489706076166238e-01,7.432165042733736016e-01,6.419634255343915630e-01,7.567330683137312164e-01,4.337847063066465059e-01,6.305690464931599237e-01,2.727923458869272455e-01,9.137566279479893971e-01,2.365085147131636978e-01,2.580674725234407552e-01,4.968575377903625689e-01,4.686293656295008048e-01,9.419138247982595802e-01,5.641687259647673036e-01,7.170934536379003355e-01,7.095137734341940838e-01,4.268905276778897084e-01,3.651063118558596221e-01,7.527372260568065965e-01,8.880996375711629476e-01,4.373803116601441277e-01,9.436738549960099753e-01,6.643310206057294609e-01,6.066490054197902770e-01,9.961475061704487821e-01,6.085511076970607780e-01,6.871464199457446576e-01,9.676108454488265842e-01,5.280741855682123953e-01,1.979310204548206664e-01,7.943577158007162353e-01,6.739775618203767138e-01,1.667507679490808081e-01,8.427717037984079340e-01,7.057545933459087317e-01,4.452353844573276320e-01,3.279799217537703315e-01,6.022408144010399367e-01,2.680366023051422020e-01,9.715232834934609540e-01,1.909000239131792842e-01,7.798777515646111436e-01
7.465833061393658543e-01,6.028969788764071414e-01,9.488644202336697919e-01,8.297114281287675253e-01,7.688169915470595139e-01,7.029052992805969735e-01,4.086374338777373771e-01,8.730750093746370011e-01,6.383962371626392684e-01,6.541085349244244451e-01,6.898727352463390750e-01,7.874374067969955870e-01,0.000000000000000000e+00,3.471235409762405411e-01,9.224753319650556005e-01,4.098941525948362474e-01,9.380665277057907980e-01,6.623399993835920041e-01,7.233139640627906930e-01,9.754837338920452350e-01,5.375237555521786836e-01,8.143887437154386788e-01,7.138225287601798197e-01,9.083346665852246593e-01,7.597121918916467376e-01,6.557712250650429286e-01,7.610509667754814522e-01,4.231173827966050460e-01,9.703412742103634248e-01,5.094859893896623859e-01,6.824879914199907249e-01,5.941525099274147514e-01,7.747773457304721889e-01,9.310436601061247153e-01,7.654376894268369869e-01,4.525815340461414871e-01,-1.687621777807790657e-01,7.161740925437140026e-01,9.810029514525538952e-01,6.581841246497747155e-01,4.269177253267943950e-01,5.860606184697797483e-01,6.880636204046577387e-01,7.647047524891192882e-01,6.425118182293351188e-01,7.862177954700166893e-01,8.110552235908404795e-01,7.889912110255183908e-01,6.108341710394364910e-01,9.049331565694347379e-01,7.095767498226716041e-01,5.605207885171871185e-01,8.391326920596917649e-01,8.053289771911643635e-01,6.961629229554909815e-01,8.158050285863014395e-01,7.768218246170833785e-01,6.220808206549919284e-01,9.138842641077574713e-01,2.202352479010089570e-01,9.232971036704474832e-01,9.027349511478974797e-01,5.988961621222851361e-01,6.756426257355718779e-01,8.219589452450413170e-01,9.463143174535538771e-01,7.691457762779848606e-01,8.023501227608931252e-01,2.900333799588792894e-01,4.405599636132954133e-01,8.739485377636067032e-01,6.539737449042112294e-01,7.173920967269500348e-01,6.026245687528380968e-01,5.761905675316991715e-01,8.773263002547246892e-01,6.400448248423975528e-01,5.569428129098914493e-01,7.433720595335703285e-01,6.857283665352021940e-01,9.781734150372303205e-01,8.317681953811181250e-01,7.101100097399275501e-01,4.436318354413203990e-01,8.538786412701396822e-01
6.085023681222266889e-01,6.488778572169675574e-01,2.243417808195873886e-01,6.458987971443327369e-01,6.949924159521637668e-01,9.919590612010095176e-01,4.215173114715575764e-01,6.983189158358183990e-01,7.180306576933001006e-01,4.388466423402167527e-01,4.024259088280207064e-01,2.578283807649625614e-01,3.471235409762405411e-01,0.000000000000000000e+00,6.524522750321756215e-01,4.952955496188488627e-01,9.620708035937011182e-01,9.147742974137803573e-01,6.062341464304781269e-01,2.606110680436950489e-01,3.839203503181354282e-01,9.393289609693199482e-01,2.962543506039595487e-01,8.528113378734414329e-01,4.139779819928054438e-01,9.694553628061923778e-01,9.380732313725104188e-01,8.603198979865005480e-01,4.803110153819717398e-01,3.053518066136844955e-01,5.077367451896894757e-01,7.136587506143219350e-01,9.589328775610650446e-01,3.393357095836084802e-01,9.724945285901795966e-01,4.462726732278963770e-01,7.843777410136752726e-02,7.154408270130103720e-01,8.464772048761318723e-01,5.970337644169791957e-01,3.871811535726381037e-01,6.197791616226152600e-01,5.215663352787075491e-01,4.850913978007608818e-01,5.993134147411824930e-01,9.938689221921210848e-01,4.468264358322435181e-01,2.198302398100735189e-01,6.392636706155436777e-01,1.643377778108394693e-01,8.247140774207273317e-01,2.653935401873500077e-01,8.581734983504234471e-01,8.089820561669005539e-01,9.508030455080046517e-01,5.289129631081548322e-01,9.890661831583285046e-01,8.145132131357669669e-01,9.479748327740552538e-01,4.299838626315427570e-01,8.784056309842324106e-01,9.958825582981403191e-01,2.762117616815455978e-01,8.916139863524948916e-01,7.629174327809261635e-01,8.353662202458912445e-01,4.940506354650681109e-01,9.994133559630772323e-01,7.682670573769916356e-01,9.799584587735490349e-01,7.699890294264775115e-01,6.809667692088063884e-01,6.818905678312120466e-01,7.005707839213657362e-01,3.354892089491046114e-01,6.017777626878773045e-01,7.441996594360901218e-01,9.826551939914135447e-01,-3.087244984465675746e-02,5.203212606643732308e-01,2.966039215992464229e-01,7.414673706911067974e-01,9.254291386457166313e-01,4.301894602349856656e-01,6.782979008431717638e-01
9.667966791850821640e-01,6.212579755419667116e-01,9.735477286999497659e-01,7.312351891695657580e-01,5.003325717887497914e-01,4.611870403768725812e-01,1.622675257458847664e-01,6.782900321206495331e-01,7.752622214093208841e-01,4.013353544462218148e-01,7.664332156027893195e-01,6.088867897693550635e-01,9.224753319650556005e-01,6.524522750321756215e-01,0.000000000000000000e+00,5.008652096705187295e-01,5.711553584523684224e-01,9.960717396197114049e-01,2.579753492379791013e-01,7.131106746258796258e-01,8.841185822191094390e-01,7.355453786078495204e-01,2.718237864276938920e-01,9.005692403860563466e-01,8.984593296992042788e-01,8.302141223457004671e-01,9.767443196473861722e-01,9.526568396737618016e-01,6.591204649077984090e-01,2.108386744863620654e-01,2.807110859010540915e-01,5.447925797013524196e-01,7.296014125184203669e-01,6.829937565808684719e-01,8.480663542187960591e-01,7.451489305748554282e-01,4.006693971743526816e-01,9.228106052480554711e-01,1.476280793567062710e-01,6.616828039148585638e-01,6.074787234077944076e-01,9.534618736036440945e-01,8.232093194557331683e-01,5.178658344845765704e-01,8.838338167854827843e-01,-3.803240493792702237e-01,8.988559730771218392e-01,7.226850292918319818e-01,6.127204803382471088e-01,3.746703241668437601e-01,5.470658319475899534e-01,6.399911235096197304e-01,4.620869445751653037e-01,1.935803298499338965e-02,9.456645915254380252e-01,9.966111694420740630e-01,3.022761828970774861e-02,7.090534056633345239e-01,9.975495177830514537e-01,4.445446821845119856e-01,6.696940579189899490e-01,1.485228163108383015e-01,8.810611625268239822e-01,9.589238996701529016e-01,5.001810038500346112e-01,3.716084569025057682e-01,3.933414724905519022e-01,6.835688879410629637e-01,2.533415732837577816e-01,6.691525902662165404e-01,6.595009907537621174e-01,9.883585899723001944e-01,5.244545844443694316e-01,3.159152671566027859e-01,1.875528662558704207e-01,4.837231234109607425e-01,7.501062587869921083e-01,7.904479994385731345e-01,7.828625697568636355e-01,4.282828433593674489e-01,7.088899105061378103e-01,5.964404803921594667e-01,8.037086151616400498e-01,5.858988674654782569e-01,8.910401567998789130e-01
8.674829131041359442e-01,1.049304086845748857e-01,9.177661230175971907e-01,7.242599195574541682e-01,6.485037869366818697e-01,9.473636816673332017e-01,-1.162562909149988249e-01,5.368724934208004562e-01,7.712471111825182080e-01,8.674107640671488983e-01,4.748101888559256856e-01,4.959245032162118601e-03,4.098941525948362474e-01,4.952955496188488627e-01,5.008652096705187295e-01,0.000000000000000000e+00,7.262122087483924293e-01,8.291906229356831304e-01,9.718120596412882506e-01,7.192499328054408059e-01,9.267526090326867472e-01,6.011512583695491907e-01,6.324620444020229160e-01,7.633779975707340182e-02,6.613893710776842516e-01,5.501058561067715402e-01,9.158878470752366274e-01,8.426690525895934591e-01,5.658604749474938078e-01,6.324293020223581419e-01,2.390028072782063862e-01,5.147438034392625150e-01,7.770553429890305619e-01,3.694626094158596219e-01,5.539437151751052113e-01,4.403919972071728695e-01,5.450926206930455375e-01,2.450097965486057183e-01,7.712185344340420912e-01,5.619272157018737612e-01,3.177532055231191976e-01,4.302193413456196214e-01,9.016043537125409957e-01,6.353430059083280401e-01,3.495857029358332424e-01,9.286392323461629683e-01,8.133142286076102678e-01,6.647357014120860441e-01,6.740474168210923711e-01,4.819444994236256608e-01,7.132711303435278483e-01,6.606503391752308607e-01,6.992373555578693667e-01,6.878397517717717013e-01,6.062922070887274417e-01,9.887341733178229841e-01,8.392357112044426248e-01,9.530304080375185949e-01,9.306212846977970354e-01,6.084314070953033005e-01,2.641942920559994246e-01,6.862791677057188400e-01,7.069546313607756316e-01,9.385441334795139312e-01,9.556132512254653655e-01,5.749548319329481627e-01,4.591472386740946265e-01,7.920605604018613466e-01,4.855772853953875257e-01,8.128697555825913079e-02,9.759717160075362941e-01,9.374212766412231002e-01,6.697596222568276136e-01,2.544852701722305488e-01,7.434626753170783253e-01,2.584697724657610274e-01,9.873204105541188991e-01,4.831745833520237898e-01,7.228474386006688013e-01,3.129402673321642903e-01,8.656213260187082259e-01,5.566871447853020127e-01,8.980097903969080919e-01,-3.245011792693528463e-01,3.614960224725748406e-01
8.929076751356858077e-01,8.125480585727928862e-01,7.511519330299278874e-01,7.878769401056369137e-01,7.067017046705961203e-01,6.161490635469691890e-01,6.848021092327412074e-01,7.392920785185640442e-01,7.774866512787990125e-01,8.172271401411832503e-01,7.075338489659077634e-01,5.166516142595952710e-01,9.380665277057907980e-01,9.620708035937011182e-01,5.711553584523684224e-01,7.262122087483924293e-01,0.000000000000000000e+00,8.717844139411490278e-01,7.947884918721128678e-01,9.675872983750485323e-01,6.478869761663847981e-01,8.722629405266160152e-01,8.124522079038779543e-01,9.815937661232045919e-01,8.331089714160380688e-02,9.036218978778877142e-01,8.902463797089346098e-01,6.458142398204174128e-01,6.174178846683713306e-01,4.234741532532454444e-01,1.334658907631027791e-01,6.758197375679957375e-01,8.631346549447516114e-01,8.666129360607378596e-01,8.642783874292321311e-01,3.949474029024026001e-01,5.969901455589733397e-01,8.490175860419697518e-01,4.919385380643714889e-01,9.204028794057856899e-01,6.811661241811053369e-01,4.659404003150929285e-01,8.566869837296662293e-01,6.470088128918434212e-01,9.208868165028752939e-01,5.160350100994358646e-01,8.427062151043958060e-01,8.308110145906284494e-01,5.431046052700919669e-01,9.284806878374951555e-01,8.304219125169541860e-01,4.020305584445282854e-01,5.566632016918907633e-01,8.995146174470433076e-01,4.064058876667139275e-01,4.025805033233224028e-01,8.867817029218831859e-01,4.405026246454601946e-01,8.666551004108878908e-01,7.072279747327125943e-01,2.192807624336851335e-01,6.971861246000923273e-01,6.450356612446668247e-01,4.068527236041073469e-01,6.342606627922274809e-01,6.483702310052158468e-01,7.709298808590989704e-01,8.954438252584102642e-01,4.381367376021218507e-01,7.283999896630233284e-01,9.645601657608937618e-01,8.892188514251260223e-01,5.813787393890794686e-01,5.693179764429404655e-01,5.828612521943394853e-01,7.766846823205248995e-01,7.992109252180816803e-01,7.960494322701436865e-01,2.953021575435139656e-01,4.855741371743341195e-01,4.979958776587559144e-01,9.551352025546804292e-01,8.391754799849061586e-01,3.728812851016522489e-01,6.801266985142402355e-01
2.941354314440953743e-01,7.799153981171603744e-01,7.165637040604746488e-01,5.582113735850199321e-01,6.070307843995311758e-01,6.428485843787308252e-01,7.640490132307081739e-01,5.529652938346496516e-01,4.492366246868950697e-01,8.747314334980411665e-01,9.727048869648011742e-01,1.601186233018871974e-01,6.623399993835920041e-01,9.147742974137803573e-01,9.960717396197114049e-01,8.291906229356831304e-01,8.717844139411490278e-01,0.000000000000000000e+00,7.421831957667884838e-01,9.474538227842369542e-01,8.659932541789215898e-01,9.513988901189571745e-01,7.780922416186123458e-01,2.263736397109938348e-01,8.365529073906496915e-01,6.856306435389980525e-01,4.986731808065682503e-01,7.590900556392277121e-01,4.407685561264738650e-01,4.184934221010082611e-01,2.708092707828154699e-01,7.293672515323911254e-01,5.129765094719079821e-01,5.646401312246989157e-01,5.907672337669191975e-01,6.290216691795794679e-01,4.100242374395617340e-01,6.050739742686950251e-01,7.740330210504072772e-01,4.231296672522889546e-01,3.890057530851681600e-01,7.722886195966850442e-01,6.288068813246120436e-01,7.877039042232981680e-01,9.423781311569516816e-01,9.818684841072305991e-01,7.705835202245810978e-01,4.558456804649851368e-01,5.710509036100865909e-01,6.585405869917868582e-01,9.930983424182535657e-01,6.546926192402173772e-01,8.110148813276559787e-01,5.418169485316177703e-01,9.391585227778410649e-01,7.028978666151746157e-01,6.384382815657181354e-01,7.688084406830395512e-01,7.102213491289076641e-01,7.530689927556224461e-01,5.626006160851995119e-01,3.701874001285525989e-02,6.617748894031341145e-01,7.871592120047494756e-01,4.957087612857469239e-01,7.189502067061458446e-01,9.443012782339706979e-01,5.780201533423788840e-01,3.571265032914806570e-01,5.315099014259342391e-01,8.469375046310946287e-01,6.185116252404421200e-01,4.407810474528782163e-01,4.375043204799279883e-01,2.694881240550849322e-01,7.183044677174080794e-01,8.250634996316325021e-01,8.664079134217852474e-01,6.881453187786423786e-02,5.219997031173377877e-01,8.796296620529875376e-01,3.687005669690668341e-01,4.998750975121542539e-01,7.499041629507910978e-01,7.515176619151998638e-01
