0.000000000000000000e+00,9.449600959435624503e-01,5.594521925825957087e-01,8.519306057686171219e-01,7.789049184860440400e-01,8.951612558327242120e-01,3.981414947709192020e-01,5.735317263330340642e-01,7.782171468238765488e-01,5.224662858848037050e-01,3.669420298802210656e-01,9.161490700316086144e-01,6.955501166856098427e-01,9.450618981015874720e-01,7.391023752034978633e-01,7.917857972281182599e-01,8.586064225533974748e-01,7.667347397138525311e-01,8.076023406777720348e-01,8.709213326030780244e-01,6.563344017022203492e-01,6.200053756807678562e-01,9.369503390641386043e-01,8.160794122854037047e-01,8.234991553197325009e-01,8.868773616237165536e-01,7.625918140317443639e-01,7.876267048542513471e-01,6.515474582144760163e-01,8.081032520657703833e-01,3.490273158493448769e-01,7.292588348135297105e-01,8.920252294432768903e-01,6.682776931065369519e-01,8.693793792729486158e-01,5.531169717914362627e-01,7.281402342587242060e-01,6.538188329995960890e-01,7.594606355538640052e-01,7.361612159517267884e-01,5.793666519862010755e-01,6.289709907941438694e-01,6.661261998608793977e-01,7.523362474534784905e-01,9.757054782726070075e-01,9.771838605297469282e-01,8.647889914043365156e-01,7.754214150043925446e-01,4.018144372830805833e-01,7.213424527417412468e-01,8.265123428440402931e-01,5.445001202970388698e-01,4.060606530539874748e-01,7.743287368361428946e-01,9.730867992848359904e-01,9.613101108588723021e-01,8.549522536820335361e-01,6.220554077814078875e-01,8.123176105179610307e-01,8.535083518496944244e-02,7.731472691752865334e-01,9.304275376885318138e-01,5.112177141235235700e-01,6.036086373819559148e-01,8.573715931382074329e-01,7.604943979736328297e-01,6.307953233133188897e-01,9.553345406850016763e-01,8.293710234608459020e-01,4.439904371486787515e-01,8.841673834837187052e-01,8.450554077963501332e-01,4.908522440826034172e-01,5.247484199640153335e-01,5.318749144886549818e-01,9.632785693453456144e-01,2.751209587098615295e-01,9.856242869632940717e-01,4.039109867852145319e-01,2.686757041236375043e-01,8.258483494357297117e-01,9.066875884104087513e-01,4.850269213211301222e-01,4.483930311970016347e-01,9.178607292588781830e-01
9.449600959435624503e-01,0.000000000000000000e+00,7.750402937324945007e-01,8.767292618698669937e-01,9.890274601653612496e-01,8.604192066069412670e-01,6.524122531638529843e-01,3.510522255796610924e-02,6.440474016099715371e-01,7.378163453393820070e-01,8.374698895961355527e-01,4.130897164058529580e-01,7.771103738557463281e-01,8.011414862341330601e-01,8.093627357644639364e-01,8.374756932976377133e-01,7.242800471736391410e-01,7.104898478134021866e-01,5.032642018212375445e-01,6.270298349244269875e-01,7.130995742948587068e-01,9.435451345554713987e-01,9.695738325885498998e-01,8.912848199090124268e-01,6.254654435742880159e-01,7.488970415513743761e-01,9.856825341879775770e-01,6.958610297828902169e-01,6.129341585738012910e-01,5.098991455327878120e-01,1.005111639579767679e-01,5.458213560009197440e-01,9.290177695441457217e-01,7.430643541288359799e-01,7.976254928305350766e-01,3.758647083233918051e-01,2.504673963137711568e-02,6.087380895844139994e-01,8.488812564633808622e-01,7.005986559746485431e-01,3.374451632772849652e-01,7.615440879755054349e-01,9.426782593018495637e-01,2.921464000043467180e-01,1.326969658062160384e-02,8.515721797403218440e-01,4.982648886261302201e-01,8.050692393168268346e-01,5.601520592911743979e-01,4.110053156543583830e-01,4.257533017829476796e-01,4.938174464544456965e-01,5.750294527852417570e-01,4.465551467840620514e-01,2.728399160933857037e-01,3.423541704765688531e-01,6.288775027396967809e-01,6.449833290297113386e-01,9.897538319469778578e-01,3.810378043593641850e-01,5.403708588716582550e-01,4.892626608698298352e-01,6.259650520990334144e-01,7.426361626927709958e-01,5.368238423209436005e-01,8.629729316522513072e-01,6.296424496079533473e-01,6.414622921138238842e-01,7.147411245409703850e-01,8.425168567107406137e-01,7.058947248879171577e-01,6.249419957264705783e-01,4.610265238339399385e-01,-1.386541492363684847e-01,3.201287733555696069e-01,7.368942821387999276e-01,1.540178829711971453e-01,7.109563484141059320e-01,5.594750622617278291e-01,4.444939101605317466e-01,8.052960557301872546e-01,3.651829366289840451e-01,9.991870953161412494e-01,3.919946788517965353e-02,7.442244135346257616e-01
5.594521925825957087e-01,7.750402937324945007e-01,0.000000000000000000e+00,8.312093427951618985e-01,7.278213299700936334e-01,4.625053656231369326e-01,9.416779191223099144e-01,7.525784612779243821e-01,7.146016311130168885e-01,9.430554136809494725e-01,7.049357809528941088e-01,9.288146165624362460e-01,9.510073353686769870e-01,8.052869441687292573e-01,7.581036796412615741e-01,7.504352074888817059e-01,9.732542229553015067e-01,8.060693082549309496e-01,9.995559393896702449e-01,9.931320773791851853e-01,8.921002126153336764e-01,8.742482872024404106e-01,7.905531697733628738e-01,9.182651871347670136e-01,1.022367782729801666e-01,8.914774040478965489e-01,7.117707917020084096e-01,9.488248829146465058e-01,4.408985189585346576e-01,5.756733996657612540e-01,6.076649709382710984e-01,9.418529496560068548e-01,9.607865443672957140e-01,5.746094145151037225e-01,7.392247373214998474e-01,4.396695711400352979e-01,3.981773550555853802e-01,5.242592611887318954e-01,8.082109580720827635e-01,9.674138033053925056e-01,8.977279960353761190e-01,6.509074464544306604e-01,8.217394226925368583e-01,4.078563871126348883e-01,8.081036149964148096e-01,7.962419453014678572e-01,3.431367894937096263e-01,9.945566355166375327e-01,6.068046106735733858e-01,6.175380468019755487e-01,6.541489196453955657e-01,7.710380419995493950e-01,9.943545789952603631e-01,9.497906114014111889e-01,8.459772845172198741e-01,9.145735537274791715e-01,9.492575594787764359e-01,6.557042156984290715e-01,8.961077278110205491e-01,4.853647075704002889e-01,4.725660763578984902e-01,8.289407215903595860e-01,7.405348997445578840e-01,8.312203841723060371e-01,7.533645876585169932e-01,3.660860732237158910e-01,8.848713403931933730e-01,8.036470617886668499e-01,7.582548560500455004e-01,7.181270029922705023e-01,6.965828541624983217e-01,8.908508208230206948e-01,8.425587351429485450e-01,4.406796143944765043e-01,9.569631472046087328e-01,7.777483068053278048e-01,7.313822172470363370e-01,8.344474969940228748e-01,9.260082339858497491e-01,2.679584266660053338e-01,7.185042999443199685e-01,8.135261514349003686e-01,9.703920906388865397e-01,3.533391836690160659e-01,9.656640038141903748e-01
8.519306057686171219e-01,8.767292618698669937e-01,8.312093427951618985e-01,0.000000000000000000e+00,6.343363613078414343e-01,8.416143699693453550e-01,5.612210113236580922e-01,4.939027203535184540e-01,8.366030322137867348e-01,7.594245093561763360e-01,9.975462417813163452e-01,3.943133786198366186e-01,5.515120425471728982e-01,5.092571345986395270e-01,6.928284236525562578e-01,6.824851054532830030e-01,9.260379799914986165e-01,6.223986179990064205e-01,8.531648386042610666e-01,9.967523685555732538e-01,8.537982402343453625e-01,6.462455140234315554e-01,6.721504185543645260e-01,8.796533108693285197e-01,6.701049692146225922e-01,9.612452106924126438e-01,5.359172904531097625e-01,6.941422626176126931e-01,7.302260532597558695e-01,5.007097553616292052e-01,2.535199883776813046e-01,-1.694865150555593392e-01,8.009086852504033738e-01,9.339288498537142713e-01,4.852238913172344792e-01,2.146732946756540195e-01,3.994788243468235800e-01,7.129518098229447043e-01,8.998716585501814746e-01,4.037996391516710526e-01,7.276381683613362128e-01,9.419920298847190843e-01,2.200261505237160464e-01,6.429096381321035558e-01,7.293455067575371764e-01,3.780286202961944397e-01,2.806621758434538760e-01,9.354077834221230514e-01,5.562649873099846376e-01,7.155761314540434181e-01,9.101643702120389978e-01,9.381481701895935110e-01,4.516530999132447599e-01,9.868883689863944264e-01,8.447712515814593814e-01,4.733654870819673510e-01,7.755333089898611698e-01,8.951980244700635803e-01,9.541732675240828243e-01,2.060901381981730673e-01,2.975476096265685100e-01,9.456703146703819840e-01,4.775933275491555108e-01,6.714644151577874309e-01,9.812132299509985778e-01,9.736432591344225118e-01,5.944647633470714343e-01,5.553221582872329698e-01,5.039699394953712774e-01,2.458586924087709513e-01,2.403610875328480723e-01,9.060950861810789236e-01,6.021127237630324869e-01,6.580475604548130519e-01,3.898207975890815441e-02,8.231335931809709017e-01,1.933568138095739519e-01,7.530100553902556726e-01,2.815343242450227268e-01,6.006916445681755867e-01,7.642560403468979802e-01,9.520155102481124842e-01,9.982184545943322274e-01,6.266833789137294941e-01,7.869441165347094147e-01
7.789049184860440400e-01,9.890274601653612496e-01,7.278213299700936334e-01,6.343363613078414343e-01,0.000000000000000000e+00,6.983146080872612016e-01,8.272968543907367467e-01,8.426869807202166385e-01,7.153591818620924636e-01,7.767269368469920110e-01,5.022663710663680670e-01,8.827995001883380821e-01,4.569076281435827114e-01,8.288767458427147572e-01,9.724162648819983934e-01,7.040802505739258699e-01,6.955258652176821155e-01,4.839405384574619884e-01,6.921523379666356668e-01,6.022304642338902614e-01,3.184866027861680271e-01,9.750505512708633749e-01,7.648402786686765431e-01,6.587300260052343370e-01,6.747622651627764867e-01,6.690146550695621475e-01,9.786215316137518716e-01,8.947828114506961583e-01,4.029442168822285342e-01,4.910634551938370951e-01,2.447435406798280644e-01,6.292728270449199357e-01,6.372929241527701683e-01,6.415067288996526562e-01,4.353095696616853666e-02,6.998196001809442457e-01,2.464383245906554831e-01,9.929441284783058208e-01,5.457229086737428458e-01,8.407357421424082045e-01,1.954573931713538826e-01,9.258634184978375981e-01,6.559404996872958415e-01,9.203221997881935179e-01,7.857498540592426917e-01,9.352689632644334283e-01,4.970254089304828593e-01,7.146797278193991465e-01,7.890014703765491078e-01,8.820157307393613477e-01,6.320825971854575620e-01,5.801396092003736626e-01,8.574271584530345214e-01,7.075087641493097435e-01,8.952325976104131833e-01,8.826034729212968166e-01,8.291841742625146727e-01,9.192272578335001221e-01,9.134589052311747892e-01,6.108502468058859547e-01,3.680900881622800602e-01,7.472527228249584708e-01,9.409811060870091337e-01,9.125990771792162892e-01,9.730448699242153499e-01,9.237250697003951405e-01,8.995338589162610310e-01,9.917269565203679083e-01,9.170578468969186048e-01,2.535008418678857400e-01,4.731937639991906086e-01,6.016813680748026583e-01,4.103413661250360778e-01,4.935064152694489947e-01,7.438054412090039369e-01,2.782878080895875295e-01,7.387236712828164631e-01,6.199012493115457767e-01,4.587178952772129059e-01,5.728542354837369288e-01,2.224140897888447072e-02,7.712567524082868387e-01,4.286665224756805448e-01,9.407914347473478670e-03,5.659382784838995484e-01
8.951612558327242120e-01,8.604192066069412670e-01,4.625053656231369326e-01,8.416143699693453550e-01,6.983146080872612016e-01,0.000000000000000000e+00,4.851290817739876138e-01,2.731297474965948546e-01,6.727178172264930422e-01,4.897679037546924796e-01,4.465275913889513171e-01,6.656543048518580585e-01,7.700172204432794709e-01,5.127340850063633049e-01,5.036036522877153088e-01,3.969736743876490226e-01,9.465540813237922624e-01,5.714220970625080165e-01,5.954610240425063372e-01,7.935361412727818253e-01,8.021093649043687934e-01,6.636527421974919294e-01,9.937065825093390758e-01,8.817435733764861228e-01,-2.062046132442520163e-01,9.474818496658309330e-01,9.247884596330894214e-01,-6.962394963662699165e-02,6.059537837021974349e-01,2.392149593974869648e-01,-1.774371027455833860e-01,3.361143963110564403e-01,9.717329251303308268e-01,5.676631039736910189e-01,-1.541860797459675414e-01,4.519938856056622822e-01,5.793348466346933678e-01,4.578355805565833547e-01,4.989947977101885090e-01,8.613820618649843386e-01,6.627987505071590846e-01,2.928698923535312248e-01,5.853461237936877781e-01,6.001736629192596650e-01,8.827594990745556425e-01,8.070589713156389733e-01,1.690584590958730260e-01,8.591053239564505617e-01,3.141626591156497783e-01,7.060387212848134864e-01,7.562334103076981950e-01,3.719462104815321468e-01,9.113124401762265903e-01,6.354499651281499961e-01,9.505021615757508480e-01,6.970311685288073100e-01,4.863578436385240233e-01,9.150673085082746683e-01,9.646036805358169097e-01,7.008529079930108097e-01,9.581167242145907648e-02,6.689769210984131131e-01,4.380623310214187827e-01,2.877408333263563600e-01,6.272088257609234052e-01,6.890456174594605798e-01,4.082641555174096881e-01,3.609453592928177912e-01,4.692349160014887555e-01,6.311147804613987944e-01,8.164356084247835765e-01,6.961528751166584650e-01,4.499806175674906927e-01,3.640038758543023834e-01,7.706413300703696123e-01,7.114657570168446687e-01,4.838036878971154198e-01,6.627300744411974698e-01,2.407780859346675684e-01,5.892031426256945092e-01,9.598034016901120236e-01,4.968768337726515716e-01,6.137307964140845673e-01,5.688950255342026807e-01,9.850591351881620161e-01
3.981414947709192020e-01,6.524122531638529843e-01,9.416779191223099144e-01,5.612210113236580922e-01,8.272968543907367467e-01,4.851290817739876138e-01,0.000000000000000000e+00,4.512371484354373297e-01,6.843946107412656188e-01,6.772803335881741882e-01,2.331612299107663211e-01,5.051890300403046874e-01,5.453600406902687769e-01,6.524607954649797037e-01,6.173265053061148810e-01,7.018203283417834282e-01,7.617795044455462072e-01,7.487106666871374827e-01,6.424298684213509691e-01,7.055597154524168024e-01,2.423450241349942580e-01,6.781922531471173965e-01,7.044539892552889038e-01,6.781187243013526711e-01,8.625831844333993192e-01,4.835197723755371157e-01,7.836657166090678084e-01,5.521075784064825021e-01,7.133939362747896418e-01,2.550602142093941205e-01,1.965987888193592437e-01,5.097249985265903671e-01,8.875995148881020702e-01,5.018085686725164418e-01,8.101172236309748254e-01,5.059003264930368449e-01,4.576255980741589235e-01,7.546511580436258138e-01,7.901835744216846313e-01,7.673413685738599277e-01,7.333417733722839005e-01,6.393747195250433224e-01,6.987759020709792823e-01,7.976868202554184828e-01,9.311621582533732289e-01,9.693889497799441646e-01,6.422043426608948780e-01,6.471776830092677013e-01,7.118743979547287326e-01,6.520552112641927467e-01,2.345458950012598298e-01,6.991906935848584137e-01,4.345007476700590843e-01,7.841899127457321317e-01,8.829764595776973257e-01,3.893632820724095556e-01,2.951401706678552506e-01,5.612394613009858979e-01,6.805055423349923860e-01,7.848693745373934716e-01,5.833917055109879568e-01,6.790423793118002260e-01,6.805615473446190444e-01,4.954350249115184179e-01,6.399510376049133420e-01,4.006043381311242269e-01,1.696498990491553116e-01,4.889833435236347059e-01,7.776479281893361462e-01,3.151279719544299862e-01,6.553335440640757348e-01,2.658923245350278131e-01,4.905951827476021654e-01,6.412000468903207295e-01,6.329335320772599971e-01,4.566558732038984436e-01,6.102112455254420365e-01,7.800713618122139259e-01,1.542588653953326228e-01,2.983664962029190515e-01,6.587275216209139694e-01,8.760209440299182582e-01,6.844557667261715883e-01,6.817995588168156429e-01,4.477722824282420189e-01
5.735317263330340642e-01,3.510522255796610924e-02,7.525784612779243821e-01,4.939027203535184540e-01,8.426869807202166385e-01,2.731297474965948546e-01,4.512371484354373297e-01,0.000000000000000000e+00,9.595675775015458653e-01,4.271271735398075586e-01,6.239745142597361571e-01,4.902321308762899177e-01,3.273004385128881477e-01,8.964829453004836690e-01,5.475421950862822129e-01,2.416355801806421844e-01,7.155057653090852732e-01,6.479813687782105536e-01,6.886377865868186232e-01,8.113810137899851727e-01,9.135539318057641633e-01,4.386769667199476586e-01,7.194599986425030957e-01,6.867587170993503243e-01,2.497527870443509990e-01,5.381528098141322713e-01,1.394229071261906816e-01,9.744120024922459100e-01,6.754065161240490056e-01,7.858179922741407308e-01,3.412306185566610361e-01,5.247561577375035036e-01,2.683969165858656192e-01,2.188306529627590813e-01,8.749552794287912549e-01,7.504476512410647171e-01,2.268419009143539944e-01,5.948394136596728554e-01,7.189696915778411856e-01,7.928615724181612423e-01,8.498360212549643800e-01,5.152660061031614225e-01,1.232116495537016743e-01,4.208933784945420586e-01,6.777314201100668178e-01,7.178243488653632820e-01,6.714342598299338771e-01,9.048401122040553579e-01,8.875573232700610937e-01,7.401879366580400577e-01,8.086272225522650459e-01,5.095506219179389840e-01,9.092801156113599070e-01,4.634822732273962131e-01,8.074993340455925983e-01,8.894004872252908589e-01,8.623869125119706380e-01,1.506512281016092469e-01,8.392221786485667412e-01,2.773929012184457310e-01,8.972410254855279765e-01,6.654826311710679843e-01,7.219589977512221868e-01,9.411812353066781878e-01,4.605393543654714428e-01,7.780551191531208666e-01,7.736962770613950990e-01,8.661520156574736840e-01,5.656124923400455140e-01,7.025143651346906770e-01,5.620096066347100017e-01,3.358076191859273862e-01,2.074851807874491805e-01,5.150688085426839979e-01,8.041400311565215508e-01,9.323987080849123199e-01,7.421899982314528188e-01,8.720444585536359927e-01,4.458461268855885562e-01,7.263611633659045053e-01,6.888019219381964486e-01,9.074620821836146822e-01,4.129676957756337474e-01,6.375667876557850056e-01,6.667954264004437581e-01
7.782171468238765488e-01,6.440474016099715371e-01,7.146016311130168885e-01,8.366030322137867348e-01,7.153591818620924636e-01,6.727178172264930422e-01,6.843946107412656188e-01,9.595675775015458653e-01,0.000000000000000000e+00,5.110497366970467858e-01,-5.833405434338348461e-02,8.323187400001946790e-01,7.281905655199748528e-01,9.315878679901312687e-01,6.003226881171224161e-01,3.838389926094889493e-01,4.304454331398031020e-01,6.287695777186982360e-01,9.830610555374100779e-01,6.488042931998956320e-01,8.413228034419765189e-01,3.716979879288809241e-01,4.606893710880679560e-01,7.106287549260148495e-01,4.778563959843813436e-01,8.494719249388272830e-01,5.926416061146605463e-01,6.890289152014236196e-01,5.590731863378404221e-01,4.722089892410166745e-01,3.596633338651586964e-01,7.732482764558746835e-01,7.836821708648128437e-01,1.799019019019829080e-01,8.064934309881809371e-01,8.718607239560834110e-02,1.999957697289225511e-01,9.475160167477162387e-01,6.670567464911980604e-01,8.651517185688297751e-01,3.591401039480250912e-01,9.162199130897352717e-01,7.949654099582744715e-01,5.157485568100388384e-01,9.694088855572463581e-01,8.947746038146622283e-01,5.144025310374726878e-01,5.041812168427162177e-01,6.631193077516569501e-01,7.464748425756958516e-01,6.134273717558478278e-01,5.576949034866037769e-01,7.219154794797303376e-01,4.523710771241950535e-01,9.505450611661274696e-01,7.416737410079254911e-01,8.592452685989111494e-01,6.028846893423149833e-01,8.593124266304444925e-01,6.172118653237881336e-01,-9.374252407585131897e-02,7.620009985690547882e-01,5.425081504558741941e-01,8.687214173599397959e-01,6.174462505233214715e-01,6.069435986629370117e-01,4.088580629103248376e-01,9.432232179309281150e-01,7.459587874559386877e-01,6.490105284627643023e-01,6.147975835204124717e-01,7.606982984908581269e-01,5.996509543367685158e-01,3.364209078092341709e-01,5.217197367586925427e-01,9.626392090628470566e-01,9.860628069405883434e-01,7.900291767051031977e-01,6.147479324333712247e-01,2.791130245032321100e-01,4.507894768237374339e-01,9.891134941646149148e-01,5.016198658802433208e-01,4.760968095996957472e-01,8.954391327626238795e-01
5.224662858848037050e-01,7.378163453393820070e-01,9.430554136809494725e-01,7.594245093561763360e-01,7.767269368469920110e-01,4.897679037546924796e-01,6.772803335881741882e-01,4.271271735398075586e-01,5.110497366970467858e-01,0.000000000000000000e+00,6.787954233311189745e-01,7.365826281951741716e-01,9.619642485352468686e-01,7.270471259827211430e-01,8.697527037218772961e-01,7.431399315999274169e-01,7.485697679056224629e-01,6.607159625398795200e-01,3.540360925181073037e-01,4.456346027168213708e-01,8.293720717836543521e-01,3.149782924558274244e-01,4.518081667641052901e-01,6.495808958327657923e-01,3.622500354531334454e-01,6.139348444290272377e-01,6.637452713617262301e-01,4.881974359531846552e-01,3.948023502946154117e-01,7.165410868878118178e-01,3.909629059231805037e-01,4.098742587490027400e-01,4.422779545692291370e-01,4.579189357478559708e-01,7.345679790417239952e-01,2.696544921519749560e-01,6.110369009468352708e-01,8.146588144292867817e-01,9.854272033995988833e-01,8.984456950463995950e-01,5.322336335851780564e-01,6.063412095619595821e-01,8.997973464898482154e-01,4.944790543881105171e-01,8.107563733359061109e-01,6.393360203128521935e-01,4.976609896400975286e-01,6.442216640390375781e-01,4.699717769039244986e-01,6.005834207182566553e-01,3.806108381076815372e-01,6.598839303630822384e-01,5.867097632954973996e-01,7.865882294170791766e-01,7.994407214967833575e-01,4.945843595978412499e-01,3.452736520778784679e-01,5.932150598958698673e-01,8.111770901479122831e-01,3.199471519948675624e-01,5.106595194948636562e-01,8.427504347781071825e-01,2.281790936249017687e-01,4.527441776732304413e-01,7.519674884357238076e-01,6.648043018557382444e-01,5.670252590289928118e-01,6.604431132374581903e-01,5.784192567659575124e-01,7.184681368067283858e-01,2.417816922251385739e-02,5.800724269077842665e-01,7.235378116607688037e-01,5.139573882066000854e-01,6.109423302144355583e-01,6.030667900880848364e-01,9.865677406566480956e-01,6.905242273309442069e-01,2.811088726988408837e-01,2.102408515590191151e-01,5.931217946069231584e-01,8.295738266663015281e-01,-9.825419835619630948e-02,7.167979769844555760e-01,9.863653567536506683e-01
3.669420298802210656e-01,8.374698895961355527e-01,7.049357809528941088e-01,9.975462417813163452e-01,5.022663710663680670e-01,4.465275913889513171e-01,2.331612299107663211e-01,6.239745142597361571e-01,-5.833405434338348461e-02,6.787954233311189745e-01,0.000000000000000000e+00,7.962730395658959015e-01,8.302357396501989228e-01,6.688704440142616559e-01,5.880652466461503414e-01,6.018441163811217853e-01,8.502502298355706367e-01,6.650357342766552993e-01,7.716441518060903615e-01,3.946325028776886956e-01,6.346777038434274765e-01,5.661300874814508832e-01,9.396453030390777839e-01,8.260697285849911697e-01,6.007117205086669465e-01,8.200943758507103221e-01,8.034168380041759594e-01,9.354947276492203700e-01,6.440205393063056505e-01,7.680449483921654164e-01,7.165632629593364777e-01,5.126312648977197073e-01,9.588421392709830515e-01,6.268144186668831441e-01,2.205402604654017329e-01,5.300171598135833273e-01,4.014828086571677335e-01,2.794583979023600451e-01,6.163461196830763988e-01,6.470717433211060632e-01,6.967899098905274702e-01,6.397694338436804573e-01,6.329780289128913440e-01,8.692086979321458351e-01,9.888447426467512624e-01,8.763257611203906228e-01,7.504452205472792459e-01,5.284892867776743719e-01,8.472100594579573540e-01,7.844285474333079211e-01,2.489957018839002445e-01,9.676134174307835512e-01,7.096440117163257399e-01,9.592304516192027286e-01,9.932637525810917856e-01,5.822402360297088686e-01,6.070578565312296782e-01,7.108085383010799285e-01,7.920379694022265937e-01,7.564989209407608772e-01,5.334573008629346358e-01,9.894229334009180254e-01,6.539026524222867343e-01,8.931431992208012094e-01,5.643840356025929816e-01,7.450930654861084301e-01,8.909054380732016609e-01,9.592142430727131908e-01,9.421749044171738863e-01,7.551388385913859747e-01,6.906531191241250811e-01,4.376610590073040097e-01,5.716713626323549624e-01,5.419512620853691454e-01,8.899471766961059016e-01,8.682648728672179850e-01,8.028053482605227442e-01,7.039501947006421290e-01,7.925305607278649855e-01,2.531772458083833000e-01,4.873537204726232086e-01,7.746917827498194242e-01,6.015325287406276811e-01,1.501444912345889504e-01,5.337417955626639898e-01
9.161490700316086144e-01,4.130897164058529580e-01,9.288146165624362460e-01,3.943133786198366186e-01,8.827995001883380821e-01,6.656543048518580585e-01,5.051890300403046874e-01,4.902321308762899177e-01,8.323187400001946790e-01,7.365826281951741716e-01,7.962730395658959015e-01,0.000000000000000000e+00,8.302454635588933929e-01,6.257983116558566428e-01,7.371861655813488623e-01,7.755432180399399744e-01,9.453331256901911228e-01,6.514974565445530441e-01,4.535113891776221817e-01,8.265006186384387110e-01,6.842750977200268148e-01,6.214894042538773311e-01,4.355904594803108321e-01,9.492603025912879078e-01,4.253760652560273359e-01,9.657181318253071911e-01,8.182506594742583461e-01,6.270980955908833643e-01,4.746799726023505639e-01,1.729585192526527648e-01,1.444734497689686703e-01,5.329322454743835591e-01,8.548987817426606517e-01,4.979205774898376458e-01,8.353472450583698805e-01,7.259371627153892170e-01,2.029270850942541116e-01,4.036324647349646133e-01,8.924692192973848748e-01,9.488799846232160995e-01,6.462318063436882642e-01,6.337603613496746169e-01,6.785458735115026396e-01,5.518720759715413093e-01,8.852920862512473343e-01,9.358594907112213201e-01,6.312262174429121853e-01,9.229261104421175865e-01,5.096485065444497087e-01,3.388731039265320266e-01,9.409910315556293536e-01,7.287026970999193054e-01,8.320089395190506387e-01,5.150044153744460784e-01,4.704895780489300461e-01,9.407765909717388242e-01,4.626779301279783096e-01,6.070726999150353187e-01,7.644046860155974121e-01,5.523090470490273907e-01,5.399611610424728259e-01,7.373816649724125316e-01,2.078319768588262340e-01,6.411651479704360002e-01,6.370504612295991853e-01,7.567096160148802930e-01,9.085214467616272715e-01,9.603946116334328709e-01,4.512640774541905042e-01,9.563134718996373351e-01,8.182085799818492600e-01,2.182020469181264744e-01,6.623450393677472459e-01,6.391699558633934242e-01,4.947939528808509291e-01,7.036094046296498261e-01,7.067911721217453591e-01,7.191055936413019989e-01,6.735770799933935571e-01,4.902707692224761438e-01,1.892713220357744863e-01,9.384759517382640359e-01,2.214009896282212453e-01,2.558736881483453240e-01,8.938251114811519571e-01
6.955501166856098427e-01,7.771103738557463281e-01,9.510073353686769870e-01,5.515120425471728982e-01,4.569076281435827114e-01,7.700172204432794709e-01,5.453600406902687769e-01,3.273004385128881477e-01,7.281905655199748528e-01,9.619642485352468686e-01,8.302357396501989228e-01,8.302454635588933929e-01,0.000000000000000000e+00,3.592735188210480213e-01,8.908610089987308855e-01,8.433266751267385342e-01,6.134178876379470235e-01,8.935065907918501305e-01,7.858255713193230685e-01,7.882733224973008657e-01,7.810397339344723466e-01,6.013072607558168636e-01,6.122204375170625656e-01,3.248337441239974033e-01,7.430201057023558819e-01,9.844796590520999979e-01,6.444956845151861291e-01,9.129635568153424696e-01,2.994177547651963311e-01,7.832494957947304659e-01,8.353005937367099509e-01,1.159879152747069209e-01,5.261061721087182397e-01,6.269902622788563473e-01,7.056388998116633893e-01,4.514771626173135766e-01,3.912235238377402835e-01,8.817135334216584797e-01,6.314595288467552692e-01,7.893324300329700449e-01,3.773494458770871862e-01,8.145680151257304047e-01,9.587059139100051475e-01,3.395198086989123509e-01,9.376167442347407288e-01,8.869328820360832255e-01,8.992117941554392813e-01,6.574302520177024434e-01,7.676307717290115074e-01,8.936704810404020316e-01,6.512825904794602438e-01,9.687133926657884864e-01,8.408480337888019074e-01,7.182444468153146300e-01,7.894336013632543558e-01,4.870661360091128045e-01,8.994678261965436405e-01,8.316575222795793421e-01,8.373259861805195658e-01,7.644004815962003319e-01,2.429199410043309526e-01,9.676224516861835490e-01,9.454185015025736716e-01,8.918281764360717068e-01,8.060872775323196793e-01,9.258316500474773614e-01,9.336636088251953902e-01,8.425009657453902401e-01,-6.018864110429303360e-02,5.255355608285698921e-01,6.214014462035422071e-01,4.468111099713784617e-01,5.772463240558673991e-01,4.067181361171914311e-01,3.429527383819662156e-01,6.224353754136197070e-01,8.401076625411847409e-01,6.994771345968239240e-01,4.551522898556111252e-01,1.668362947881013303e-01,6.257402999872272442e-01,5.100170269943171686e-01,5.985200935291788982e-01,5.014957100471312268e-01,9.045511602728477651e-01
9.450618981015874720e-01,8.011414862341330601e-01,8.052869441687292573e-01,5.092571345986395270e-01,8.288767458427147572e-01,5.127340850063633049e-01,6.524607954649797037e-01,8.964829453004836690e-01,9.315878679901312687e-01,7.270471259827211430e-01,6.688704440142616559e-01,6.257983116558566428e-01,3.592735188210480213e-01,0.000000000000000000e+00,8.511222588659246302e-01,8.749840085205389251e-01,4.063226664936396837e-01,9.104218014466118891e-01,7.621484174682060520e-01,9.639498704289251041e-01,8.149731213901216798e-01,6.308336659487642217e-01,6.446674156365320707e-01,6.916438994423848574e-02,3.591061438457522348e-01,8.202284213615618214e-01,3.037564955163845060e-01,7.886053800805112868e-01,7.112469972528773221e-01,7.930566701966126342e-01,2.726692960087584439e-01,9.928660672243072582e-01,6.320617723675235888e-01,9.987545359151759339e-01,8.498497247789511544e-01,7.113506314761420812e-01,6.181505284095208108e-02,6.816765716946590059e-01,9.481347565936428801e-01,2.252632827333799492e-01,7.741211913294643310e-01,5.250964827046229466e-01,9.223147441392997026e-01,9.078800867958889409e-01,9.526447259489700947e-01,7.419089582404729821e-01,8.113447914477204259e-01,7.363062264847951566e-01,2.059877409594964015e-01,6.408091569130066611e-01,4.019808062107363966e-01,9.857408889135731433e-01,8.399079409610274993e-01,9.696976317647479915e-01,9.550267173680826449e-01,4.383864293381091737e-01,4.103533918686150805e-01,8.395272501682983224e-01,9.233630428727932493e-01,5.811289877851149033e-01,6.114917906878992726e-01,8.962965423474126281e-01,6.929652986287775374e-01,9.061634327354490814e-01,8.919846811323308700e-01,6.132054426605688668e-01,8.376792609333950645e-01,9.748039466055052893e-02,4.743935798576257579e-01,6.996661695981361007e-01,8.709866094622563670e-01,7.343689404797635323e-01,2.845509811819867396e-01,8.960078768149822848e-01,4.999635217736557724e-01,9.085474620882091346e-01,8.743700210004807793e-01,6.647305533248850651e-01,3.285913735289243132e-01,5.957350801496892334e-01,4.855479472510920713e-01,6.838940846260472828e-01,2.773608993629121389e-01,4.845055320106091967e-01,6.059755879786205002e-01
7.391023752034978633e-01,8.093627357644639364e-01,7.581036796412615741e-01,6.928284236525562578e-01,9.724162648819983934e-01,5.036036522877153088e-01,6.173265053061148810e-01,5.475421950862822129e-01,6.003226881171224161e-01,8.697527037218772961e-01,5.880652466461503414e-01,7.371861655813488623e-01,8.908610089987308855e-01,8.511222588659246302e-01,0.000000000000000000e+00,8.281880434738833063e-01,8.816042578984206735e-01,5.433791313002118706e-01,8.729883022207750587e-01,5.454153160666417310e-01,4.008248813500329133e-01,7.343761543468849684e-01,4.324175803759537917e-01,9.998886381730903716e-01,4.192048159595664902e-01,7.625651920913047999e-01,8.596018205591813288e-01,7.557550372525067006e-01,5.114895989476511140e-01,3.745051578181165519e-01,-7.179810767297237217e-02,6.260745740526444392e-01,1.275569361752205699e-01,7.229215628139205041e-01,9.572518835716371521e-01,5.323490677914229918e-01,1.733630815880397025e-01,7.345695744059485000e-01,9.442867383972787243e-01,7.822929666699404150e-01,8.735422990803684007e-01,9.148983403280007698e-01,5.430733186423053471e-01,4.107353326120559700e-01,6.123165699580681576e-01,3.282903345273171514e-01,1.227898462902169696e-01,6.979688132462874561e-01,8.749073343910845901e-02,3.260656347418975365e-01,6.850798979295363855e-01,5.316571029288044148e-01,9.710442637692000556e-01,5.909883156820203709e-01,9.604055623957485910e-01,6.510645174769188470e-01,7.813379112314001729e-01,9.824639769294845060e-01,9.012689424384949799e-01,5.981196595682616302e-01,2.876941269331597661e-01,6.376577713143195547e-01,5.712234692420536941e-01,9.496211496125612772e-01,8.485964477204815948e-01,4.886241291374531226e-01,3.301917549010173758e-01,8.689576872093669468e-01,9.614991930652598828e-01,4.071686943795954639e-01,1.427334773903323195e-01,6.575403746752266354e-01,5.982668992345874237e-01,5.165005753943285871e-01,4.525540623569296872e-01,2.847221420181191842e-01,9.362799991953226764e-01,4.742262614432014578e-01,7.103973880081939640e-01,-1.541806462888223872e-01,5.269856455874580847e-01,3.986151562398171366e-01,9.565523505613968691e-01,8.627036751695368322e-01,5.171046893592802229e-01
7.917857972281182599e-01,8.374756932976377133e-01,7.504352074888817059e-01,6.824851054532830030e-01,7.040802505739258699e-01,3.969736743876490226e-01,7.018203283417834282e-01,2.416355801806421844e-01,3.838389926094889493e-01,7.431399315999274169e-01,6.018441163811217853e-01,7.755432180399399744e-01,8.433266751267385342e-01,8.749840085205389251e-01,8.281880434738833063e-01,0.000000000000000000e+00,2.788886690183444150e-01,4.165620090640614892e-01,2.888759866014921074e-01,6.995936466483813065e-01,3.437375772715333122e-01,8.630008011808921742e-01,3.672057778782467086e-01,5.378064754055872365e-01,4.959215189933060541e-01,9.142671738352908806e-01,7.310055897509257772e-01,8.603775661545012277e-01,6.356611141951253874e-01,8.905284995700442074e-01,2.421384709631046184e-01,4.970725622159150592e-01,9.368154548798729442e-01,8.612652136374332468e-01,7.642593512101822917e-01,4.157700109080255113e-01,4.723395677819546279e-01,7.706665076797538649e-01,9.447192882950494752e-01,2.541304097912256976e-01,6.468525129472629809e-01,7.474319793553456659e-01,4.034867622004393861e-01,9.837606711316210228e-01,9.978822881191531380e-01,9.405231544958511103e-01,9.264228672794869723e-01,7.315694055939967466e-01,6.970607384779494708e-01,4.501923367947950894e-01,3.162629192785456622e-01,3.155220094878412040e-01,4.496923365099835812e-01,5.788878020941015112e-01,8.278964926975369565e-01,6.697154299307659375e-01,4.885276264170974603e-01,4.567218667701459789e-01,9.688746122438925967e-01,6.618334286689839807e-01,7.299381721815711987e-01,9.265709271359030552e-01,9.927467537404262021e-01,6.473964737383726131e-01,9.072707414554945782e-01,9.246123908427024141e-01,3.092058015682737637e-01,9.673789201549689576e-01,4.273539335844191434e-01,4.679292925715190510e-01,7.803222699975962406e-01,6.409105066944787987e-01,7.398060782557216442e-01,7.813624278996749162e-01,4.361656516315296495e-01,8.616133879304511689e-01,7.410515062745820503e-01,6.953736408794967128e-01,5.548341177784836820e-01,3.376968210880065824e-01,9.396316044491926922e-01,8.726920388460406297e-01,5.999840750375657894e-01,7.898115299143273482e-01,9.261364617668237376e-01
8.586064225533974748e-01,7.242800471736391410e-01,9.732542229553015067e-01,9.260379799914986165e-01,6.955258652176821155e-01,9.465540813237922624e-01,7.617795044455462072e-01,7.155057653090852732e-01,4.304454331398031020e-01,7.485697679056224629e-01,8.502502298355706367e-01,9.453331256901911228e-01,6.134178876379470235e-01,4.063226664936396837e-01,8.816042578984206735e-01,2.788886690183444150e-01,0.000000000000000000e+00,8.450689594614120281e-01,9.837907006401958032e-01,8.371084361772087590e-01,5.162325198059494191e-01,8.218496260025962563e-01,6.846012684866095155e-01,6.296635002971732176e-01,6.859387461912855866e-01,6.752396552299263499e-01,9.803946109889429827e-01,6.348580682227917826e-01,7.623863828859550607e-01,3.515555244622879938e-01,5.513803733213191727e-01,8.730602463708302396e-01,6.126740154695691221e-01,8.947413442298443043e-01,6.725516664283754942e-01,-1.486186917524235929e-01,7.948165137391397517e-01,5.821981144655328233e-01,7.553763673822876390e-01,7.954678814204827475e-01,8.497040445291603739e-01,9.061316459068285978e-01,9.649194916467724870e-01,5.241207447656694995e-01,7.440554761224182911e-01,8.176682500573795309e-01,8.704303385640226320e-01,7.805744490039958627e-01,9.419061019982563066e-01,2.517628254589867609e-01,4.789672864487717896e-02,5.362722950783165299e-01,9.941548732087018836e-01,6.655702265932772477e-01,9.461063132615421534e-01,7.980578075345383660e-01,9.637456515292269765e-01,8.743285652645139683e-01,7.623213198939128299e-01,7.657154797291996218e-01,4.015383351643077026e-01,6.937724824373782129e-01,9.947786831366961513e-01,9.456303283703100249e-01,8.092523586842896854e-01,7.282274609824097578e-01,6.263645227203761268e-01,6.558890404988337863e-01,2.635524850107323624e-01,7.495564740743237975e-01,4.728815087750460888e-01,7.001941443933502596e-01,5.758071406397412551e-01,5.510076772559303615e-01,6.535229482670057433e-01,7.117405496640863971e-01,8.263178384476271843e-01,7.641331221791353157e-01,6.036387106188201290e-01,2.632449217760960414e-01,6.667404891015782376e-01,9.057964496596011550e-01,8.856796552156445124e-01,5.457529513167430624e-01,6.351118799524618774e-01
7.667347397138525311e-01,7.104898478134021866e-01,8.060693082549309496e-01,6.223986179990064205e-01,4.839405384574619884e-01,5.714220970625080165e-01,7.487106666871374827e-01,6.479813687782105536e-01,6.287695777186982360e-01,6.607159625398795200e-01,6.650357342766552993e-01,6.514974565445530441e-01,8.935065907918501305e-01,9.104218014466118891e-01,5.433791313002118706e-01,4.165620090640614892e-01,8.450689594614120281e-01,0.000000000000000000e+00,2.148339999712378656e-01,9.559502592924862263e-01,8.454705140357560156e-01,4.609994367464511633e-01,5.710717814792970470e-01,7.442280719481420004e-01,3.688120582132910219e-02,6.079304425192296746e-01,6.224799681042662014e-01,9.768857263972873239e-01,4.059057105186633096e-01,6.871438250982316864e-01,5.346812463860843856e-01,4.359765712865124598e-01,6.932828576988542268e-01,8.279812623850424380e-01,6.310821758092833855e-01,5.028844081033831959e-01,4.485996564235813500e-01,9.424795652790742828e-01,6.593370056100572585e-01,9.428897537110658700e-01,4.733528376078959821e-01,7.892492895723373092e-01,9.915166616096027230e-01,2.407821935247618506e-01,4.069799510629962258e-01,9.308652202884195592e-01,6.042142800447334317e-01,7.953156665652256763e-01,5.506344185184550710e-01,8.943298597464734989e-01,2.390213022289428557e-01,5.496128572024921999e-01,5.230314143707033292e-01,7.890469912753623749e-01,9.726635527580940188e-01,8.457760753940701814e-01,5.321081989877591845e-01,9.871757872801253386e-01,6.120508490607804442e-01,6.129474698922140474e-01,3.849274152929592629e-01,6.359688671482262023e-01,4.615878523897012364e-01,9.454820574168124603e-01,7.641603343391701886e-01,4.732194678790881959e-01,8.158948197027576787e-01,7.860523200767514096e-01,7.608567301291422336e-01,6.303570389106718519e-01,7.122270727428704484e-01,7.531207157714274736e-01,7.337943006612330787e-01,7.768239456184949931e-01,-1.085933468238628463e-01,8.744251472188530050e-01,4.199316781399403120e-01,2.184276495791469819e-01,7.553396485557779538e-01,7.905370303158661960e-01,4.246263346532891392e-01,7.583770820729864859e-01,6.731037912714619154e-01,3.268580775534304372e-01,8.973106755210318308e-01
