0.000000000000000000e+00,7.164378603902846754e-01,9.105948518275338577e-01,5.140778054412769027e-01,-2.311514248128822002e-01,9.194401291631343343e-01,8.142707824612495093e-01,8.226495791945778180e-01,8.695511466987222438e-01,8.245292266288135608e-01,8.428048162024176504e-01,6.165439430527153153e-01,9.177702971217025496e-01,5.428975770515096499e-01,9.424323065580093584e-01,8.610290327841911839e-01,6.066722541546203384e-01,6.609985389088731678e-01,2.276025972234093642e-01,8.138642134124154381e-01,8.291229740525469794e-01,9.370800534007258653e-01,5.425277917597461919e-01,7.556213814978021137e-01,9.304441728489455388e-01,5.220488038350633575e-01,4.840635661265878520e-01,4.608268902498258712e-01,3.267164809257327440e-01,7.672453967415540643e-02,4.796962306091689388e-01,3.290195779442084412e-01,9.073469056892985440e-01,9.809273571036091210e-01,9.434554594982659248e-01,2.874914914443603142e-01,2.142002673428307635e-01,7.254435607774593064e-01,9.277395667724770423e-01,3.942015392256459361e-01,7.613497854695955303e-01,7.294710796573568024e-01,6.096090078115928845e-01,8.262717730869978405e-01,2.743483348221017470e-01,6.473699318076628906e-01,8.269077477944160037e-01,8.884362562308725231e-01,7.379275678743923983e-01,7.949772263957021190e-01,9.253134752007978747e-01,4.352619146323025157e-01,9.273287488286046099e-01,6.187625272183382430e-01,7.244257863109957452e-01,5.723142025992689064e-01,7.906195816593378778e-01,6.171189400950350956e-01,9.355393508663794044e-01,4.939459421365782754e-01,7.699404886125598146e-01,8.367778379253605348e-01,7.442541399459853269e-01,7.626714053983194574e-01,7.380380374071168204e-01,6.847302957198176943e-01,8.250141885547935816e-01,3.324985260028430201e-01,9.621069335666143640e-01,8.773518443039457493e-01,4.104757924553681381e-01,8.118522617381863649e-01,5.292051814457379155e-01,2.814508283412519019e-01,6.370046020011592702e-01,4.944061711976013296e-01,9.781378861403338121e-01,6.416085533167698030e-01,4.387663763886551216e-01,-8.355563693657834523e-02,4.857104975032218719e-01,9.459064005193924540e-01,8.363093619793477984e-01,6.973754006275805217e-01,9.504599869972706339e-01
7.164378603902846754e-01,0.000000000000000000e+00,5.781221752787327750e-01,2.425201149465646133e-01,6.022900442437895130e-01,3.256538419312807742e-01,5.310266871335952432e-01,7.969840112713464375e-01,7.333874234641054590e-01,8.501017876544293417e-01,6.906768200935987645e-01,6.419505159880336542e-01,7.396088683319181900e-01,8.001185971784541273e-01,6.223902062561508242e-01,7.723963067056366372e-01,8.853668341647350504e-01,7.178102294709082232e-01,9.116570282952950466e-01,5.179535384300760770e-01,9.196407336669905064e-01,9.697406779096516827e-01,7.841446679401149478e-01,6.212920936298037544e-01,3.030213574118627573e-01,8.648490635253196501e-01,8.521250199216562349e-01,9.790672697573009620e-01,3.745290663429849953e-01,3.019108058268691330e-01,3.600754117967347456e-01,9.946824860228759002e-01,9.158723048437457104e-01,6.616601589214110568e-01,6.519244403503230423e-01,5.581095913332516645e-01,9.368886079269752587e-01,7.928048861355562194e-01,7.616917378156712326e-01,9.093278834539021416e-01,7.866859258837017865e-01,2.772375728941533501e-01,8.770253528812572696e-01,8.435531960508433347e-01,9.798701383822294719e-01,9.870285574399566553e-01,8.640792687764108360e-01,5.851520200891708878e-01,6.402436367964369213e-01,5.998383634596717862e-01,6.005958362626694358e-01,9.251705920679585970e-01,2.233012280021691998e-01,9.486173033276450450e-01,9.880824068696528739e-01,7.385184567129625677e-01,7.371946390838892693e-01,7.274088539332616010e-01,7.834690918672225779e-01,8.850747326239337409e-02,6.994638081001696150e-01,7.376001041352077126e-01,6.268505252767299085e-01,8.328737108446270243e-01,9.120068094178880314e-01,7.192051218608332963e-01,8.919903137415757799e-01,9.427418008405836769e-01,8.523749787853783511e-02,9.505463398857042501e-01,9.387170495639600709e-01,7.931098712668815942e-01,9.317481398477932275e-02,7.900459521308809130e-01,3.177344721718784459e-01,8.082216507830844998e-01,9.482752961667898495e-01,9.165613788707754894e-01,4.602932841622062732e-01,5.270988540848020598e-01,8.604779201110221987e-01,7.627942544071352193e-01,8.897890068487226412e-01,5.685375753109428443e-01,7.684427525200725473e-01
9.105948518275338577e-01,5.781221752787327750e-01,0.000000000000000000e+00,6.361280857839507474e-01,3.326465199471093648e-01,9.000119920285505337e-01,1.058152036038015747e-01,7.317235543684104115e-01,6.086727601420862666e-01,8.687250891095312788e-01,9.443408713637492236e-01,9.453521083040868911e-01,9.423782950192540753e-01,8.206496448544118305e-01,9.470288463732041695e-01,8.007581144700932629e-01,7.325367512917005941e-01,9.191312471361903214e-01,6.985487427737669952e-01,6.819647107752993542e-02,6.786662241563593545e-01,8.650133012788614462e-01,8.122062190634220524e-01,8.861075487436217424e-01,7.890235732345777242e-01,9.633060658974806900e-01,9.317785041419803793e-01,4.061229078808077375e-01,5.621847401962523083e-01,4.997628866609153953e-01,5.515776144497518407e-01,8.250850015773656398e-01,8.442629285807334849e-01,9.635435144742611202e-01,7.737086779451874952e-01,6.049084854031967495e-01,-7.625318779195212893e-02,7.472969622652900767e-01,3.047908137390389349e-01,8.832130611883054483e-01,8.631513141000780598e-01,6.338186015764242232e-01,4.810252610841792009e-01,6.083680533552503489e-01,4.759103707387870030e-01,9.323177338281454229e-01,6.979908122808873294e-01,7.121740914298440028e-01,8.774815565634577208e-01,5.324821587531265443e-01,6.691276222957779352e-01,9.533198759105122599e-01,8.559285761855023322e-01,6.987943098387101593e-01,9.067379666733719201e-01,7.306584267029435642e-01,3.856182317218272981e-01,3.535180759811464291e-01,8.751251598948609489e-01,2.772248883495144200e-01,6.170500905448937923e-01,8.041335323170969440e-01,4.436690645233809516e-01,8.226184515646154383e-01,9.272128838202245982e-01,8.423102956486272497e-01,6.062316717093555463e-01,9.574222073821480050e-01,6.426225928363544782e-01,6.283941619309428850e-01,8.623138177221136846e-01,9.594614450935541328e-01,7.828350983748670888e-01,3.863133280391563007e-01,7.250944018131330049e-01,6.056246049796869535e-01,9.986337449434187219e-01,6.506556147022921621e-01,4.585255424115101675e-01,3.068516887182178299e-01,8.912391931807502887e-01,6.724346441975961319e-01,9.419898451832592334e-01,6.381596999495653399e-01,5.078556846206675468e-01
5.140778054412769027e-01,2.425201149465646133e-01,6.361280857839507474e-01,0.000000000000000000e+00,7.390520642337283785e-01,3.722119489551227733e-01,4.163003865804185133e-01,7.951249179452308802e-01,9.428513199230909025e-01,1.696001385245301807e-01,9.931575817434958875e-01,6.137651643682522362e-01,6.400226540167359701e-01,7.398863879531965004e-01,2.089477890327914866e-01,9.551844565681828492e-01,9.393085781778901522e-01,9.932423218912715956e-01,9.312582220993610438e-01,6.721384601377086154e-01,4.130387449088537832e-01,6.572826676371578136e-01,6.651002028832627699e-01,6.466134262117786413e-01,3.039312227829708557e-01,6.668876966095530490e-01,9.259296863701843572e-01,9.282190003488468566e-01,6.758491123737713213e-01,8.824015311451122168e-02,2.138282477472073367e-02,7.389046006416474244e-01,6.642503139731572581e-01,4.209043820725120733e-01,2.064028698369702597e-01,2.451897995879695757e-01,2.674016778112189852e-01,3.630673036375482443e-01,8.710354157912516548e-01,6.231306185691444233e-01,7.182066723537912367e-02,5.280213158494834191e-01,7.751937538889820400e-01,7.764282396126152008e-01,8.315596134454659172e-01,8.795882491972192296e-01,4.851955553005381505e-01,9.510252578283330260e-01,9.286712898931533955e-01,9.985478035592194601e-01,9.802390314930655713e-01,8.461171705236274487e-01,4.674056495864116201e-01,9.468362083640274873e-01,7.485537930121127781e-01,8.187791871442275937e-01,8.022696265883275668e-01,9.918965872355933744e-01,6.730511288835138162e-01,6.317825041693536647e-01,5.050033375690125004e-01,9.166718224616797750e-01,7.206151325412126774e-01,7.842189600688128648e-01,5.401918886007199827e-01,9.515995298163872906e-01,8.229894889772424449e-01,6.868187984877065499e-01,6.276510109210422517e-01,9.456179616710217450e-01,6.888491133012268897e-01,8.163491720728495160e-01,9.382117078447270719e-01,5.298572662829288404e-01,4.228846727158961927e-01,6.120667698159895087e-01,4.404286903617486981e-01,5.329065677295257153e-01,4.484686140181386449e-01,4.999093316288921174e-01,7.064331352016643972e-01,8.706648582805083247e-01,5.824482107852567703e-01,8.953581972202055983e-01,6.585682705512845292e-01
-2.311514248128822002e-01,6.022900442437895130e-01,3.326465199471093648e-01,7.390520642337283785e-01,0.000000000000000000e+00,5.213702822938950376e-01,7.842737607726705251e-01,6.395503494940180111e-01,2.190722350392823314e-01,6.197600055161071042e-01,9.847344249399478944e-01,6.152029232706117678e-01,5.696718645270938408e-01,7.391724018300831478e-01,8.646668157433543556e-01,7.249190949023095465e-01,8.929697087907194630e-01,9.268555715015307506e-01,6.000334852406382646e-01,9.011271636742109736e-01,9.229753781238140276e-01,4.476140010653307244e-01,8.726018509852858651e-01,9.987878544192867469e-01,6.589609164252001605e-01,8.969570393483566884e-01,6.176929629605389938e-01,5.961942288059073336e-01,7.336574131026591949e-01,2.952353096912179176e-01,-1.185166039172241281e-01,3.914625116987692777e-01,4.463946804066857288e-01,8.036887388360863804e-01,6.673453183766793195e-01,1.499663920253986038e-01,3.663655030382838573e-01,5.090157608885957918e-01,8.726232250626819731e-01,7.109297187488531344e-01,3.628343099364707003e-01,6.824912771900477626e-01,7.406815173755232351e-01,6.371301016804580275e-01,9.082046814153581504e-01,8.636860331954886449e-01,5.932900184455771608e-01,6.738794262064360385e-01,7.739108095733898685e-01,5.097099679852685750e-01,9.259270373489902894e-01,5.440696170676273535e-01,9.287962143303283291e-01,7.867945632058126471e-01,9.922264587658076174e-01,6.128654738289359694e-01,-1.318099256464894120e-01,7.408647432303177016e-01,9.941458139406456063e-01,5.524108851668950715e-01,1.177394211848971778e-01,9.219664117816350757e-01,6.590481973836121998e-01,4.023139129502912859e-01,8.952394066158543273e-01,5.514905105370048188e-01,9.327292104953713858e-01,6.215490543256989575e-01,1.744224124173739954e-01,6.998402618777018747e-01,8.451251388064077164e-01,4.994837254348823974e-01,5.459906910452372308e-01,5.469529573070140982e-01,5.446589299826896102e-01,8.304930669479438921e-01,2.472726199206945474e-01,5.147948073627174326e-01,7.596469395743787878e-02,6.743755367450019467e-01,7.039208248309901661e-01,8.205416249312720289e-01,9.071493638631323853e-01,2.382535909340593172e-01,7.361764614485910574e-01
9.194401291631343343e-01,3.256538419312807742e-01,9.000119920285505337e-01,3.722119489551227733e-01,5.213702822938950376e-01,0.000000000000000000e+00,4.551871333359627791e-01,5.017403353854307246e-01,2.690590056343223901e-01,9.845735499619201470e-01,6.616360450039214802e-01,8.274615987292245345e-01,8.814391646973174232e-01,3.590622945893380269e-01,1.920917850496276225e-01,5.676748692085685777e-01,8.327568896122248265e-01,7.415864533480298615e-01,1.171379255597186919e-01,8.091866379673913201e-01,9.873179604177118041e-01,6.816833812754461430e-01,6.075406506012123176e-01,9.456886528339504272e-01,3.182201198660727370e-01,9.026710513958001725e-01,8.603088324779422091e-01,7.707973364944842309e-01,5.728157124921345877e-01,7.485363492669335761e-01,5.307403995186392720e-01,6.893731223782687545e-01,8.137816265437295415e-01,5.870112947168547590e-01,8.590519042996507260e-01,4.664877138329801554e-01,2.999909860063472711e-01,7.548496237415851517e-01,9.332272926455689177e-01,7.541982964304028147e-01,4.327446773087209597e-01,6.207032458378175521e-01,9.997294321572907094e-01,7.439097154911750165e-01,9.808967451863280784e-01,7.078648318458475863e-01,4.630049964916789773e-01,9.722452461752260078e-01,4.067076642614463888e-01,4.699775595905716363e-01,7.916439643446243624e-01,7.773200657067710351e-01,7.017154287077977948e-01,7.045310556305351968e-01,4.109932309903704950e-01,7.054823756435496529e-01,2.564373409605776866e-01,6.134013974022611837e-01,6.602328458594779459e-01,4.914856079369881448e-01,6.335414571936809347e-01,5.282514975488288300e-01,5.543898924416317264e-01,8.445028947981365608e-01,7.112861802618009044e-01,7.169549807045053624e-01,9.190450703122695630e-01,9.875216787325540313e-01,5.295323280110939557e-01,9.658515704908949839e-01,7.142044475110675972e-01,4.277652438426720050e-01,5.948816960179723612e-01,4.474638748503253494e-01,5.619769810801759080e-01,6.471236409972768167e-01,8.018437536838995960e-01,7.744097943678444063e-01,5.715423017844648568e-01,5.401760741040364522e-01,6.129274295273496875e-01,9.244082394438993822e-01,8.267608383587111698e-01,7.618729437815415784e-01,6.742641325391053320e-01
8.142707824612495093e-01,5.310266871335952432e-01,1.058152036038015747e-01,4.163003865804185133e-01,7.842737607726705251e-01,4.551871333359627791e-01,0.000000000000000000e+00,5.017093954098101882e-01,6.177817584697509190e-01,3.934989616790280365e-01,7.045560930318264248e-01,5.675643540027919265e-01,5.638650187166214245e-01,5.400981360914401952e-01,3.742839436670432618e-01,4.557117349724810751e-01,7.305671231430116430e-01,7.214296904497456975e-01,5.642922609989516891e-01,6.538025236973068477e-01,6.215229884844741814e-01,6.478447125342584600e-01,4.899734468505156926e-01,4.951686232830523338e-01,2.945389683823175786e-01,8.524335461438756756e-01,7.310414266549062345e-01,8.632059794194822944e-01,5.978069033699696666e-01,8.933675952900644104e-03,5.232606183656749455e-01,5.247100208893558104e-01,6.463717833270661295e-01,9.858320876239394792e-01,3.598715124114925112e-01,6.000922960384016402e-01,2.092245696013915190e-01,6.338278030283300835e-01,7.831673586163001577e-01,-1.057377676528901550e-01,4.983161618582800378e-01,6.529466637661776041e-01,6.639631495038949005e-01,2.675680734554592988e-01,9.270065493497545717e-01,3.451217999113687096e-01,8.026601973256417555e-01,5.505752291855560143e-01,1.438666090841357048e-01,7.233440581259921176e-01,2.520722130614189704e-01,6.541784514351876023e-01,8.093222576151632985e-01,6.186376700796509809e-01,7.645223254728713558e-01,4.372175315635374315e-01,6.498727851964746227e-01,7.522032476831046477e-01,7.662217665974573322e-01,4.252408664892932122e-01,3.978068269299179782e-01,2.148164033530907679e-01,6.264013245534753027e-01,9.412260858949141884e-01,3.463197736468875965e-01,2.344810444074199862e-01,5.917156402801604376e-02,9.411549201135990250e-01,7.495558531700825533e-01,4.011102208981973671e-01,1.826650419940256675e-02,6.528343799691136429e-01,8.613424469616315360e-01,5.467316117209298776e-01,8.770259560249775710e-01,4.995598393837942797e-01,5.359384961585357265e-01,2.043349806688881665e-01,2.846538330000736861e-01,3.485746332251837831e-01,2.423131091676737348e-01,9.205725573543567242e-01,4.739859525369022331e-01,6.808779164766535219e-01,2.495941233012206051e-01
8.226495791945778180e-01,7.969840112713464375e-01,7.317235543684104115e-01,7.951249179452308802e-01,6.395503494940180111e-01,5.017403353854307246e-01,5.017093954098101882e-01,0.000000000000000000e+00,7.524031922124496674e-01,8.003333015233933256e-01,1.826940239650068076e-01,4.352618888145870502e-01,7.882274220186327174e-01,5.922981163804915683e-01,7.655165979371494345e-01,5.486726684094611617e-01,6.203642693940348840e-01,6.989044125517096528e-01,2.082762843412660214e-01,7.299810502924696243e-01,6.379025188234130894e-01,5.075492265434854433e-01,8.775233158292636837e-01,9.045093309921812263e-01,1.994875253220016187e-01,8.315007015633297804e-01,6.031839716057575407e-01,5.427341817915720679e-01,6.809081350592616211e-01,2.449959985414690289e-01,1.564191175678178100e-02,7.898467269522082557e-01,5.597277467934942408e-01,4.730229409055993761e-01,4.174646301482425326e-01,7.892147681058324649e-01,7.497074340316521868e-01,6.250504600796411570e-01,5.094967573565182262e-01,4.176113077795789996e-01,4.768638333213544023e-01,9.262163352078173206e-01,7.359393404691888518e-01,7.946498047582395419e-01,6.503511552192945411e-01,8.052539499155709768e-01,3.463485636375197019e-01,7.831778948936347629e-01,6.754266569861562264e-01,5.321440400845621754e-01,4.783473494821911531e-01,4.761690689888181671e-01,7.503910174779417908e-01,4.160427054946784220e-01,8.109048756863848073e-01,7.298784087099229323e-01,7.267094135315455006e-01,2.625692744694090308e-01,9.295037569171431535e-01,5.865503799434979015e-01,8.321089148369211763e-01,3.854370174611256306e-01,3.970801441088152028e-01,9.398502405305120266e-01,9.381144692867962043e-01,9.342941298621627588e-01,7.747259794611672801e-01,9.091278427080594637e-01,5.332800213275484813e-01,4.147105984593798533e-01,3.385613268788815189e-01,-7.158953073884088969e-02,7.379864814894682157e-01,-1.507894012415638696e-01,7.945367840616573973e-01,4.293641482871412007e-01,5.152066779636078619e-01,4.230313033886070051e-01,7.028649511339523093e-01,2.310757966556953487e-03,5.996128996281917534e-01,7.198971823136032233e-01,8.290229446397259228e-01,5.448374701385857444e-01,7.617465271145078543e-01
8.695511466987222438e-01,7.333874234641054590e-01,6.086727601420862666e-01,9.428513199230909025e-01,2.190722350392823314e-01,2.690590056343223901e-01,6.177817584697509190e-01,7.524031922124496674e-01,0.000000000000000000e+00,5.997264710902954210e-01,2.884208801239794284e-01,6.028575191985595660e-01,6.841384134451981847e-02,9.262956941668059052e-01,8.220818214138841951e-01,6.489643323977686284e-01,6.964492640478767704e-01,2.593069750899807402e-01,6.355124415866542087e-01,8.793410555510462467e-01,6.017318090532438601e-01,7.726003605968472243e-01,6.984290346792287885e-01,8.203327030046948520e-01,2.793891368348279114e-01,7.965380889987416779e-01,1.215680844392974802e-01,8.434929989679520457e-01,4.925807350984376387e-01,2.032110520368371476e-01,2.447669985057615016e-01,7.787174665696336984e-01,2.842826472774697133e-01,6.320577141112388997e-01,6.374174225608443267e-01,7.255123854934182326e-01,6.195742054410307009e-01,7.970412184545927481e-01,8.275971931819274818e-01,8.055176717411748344e-01,6.501493264742430611e-01,7.660185088970636880e-01,9.019543793279274357e-01,8.295999677088566893e-01,8.522172604762024983e-01,2.095926393436066681e-01,7.240339290263823058e-01,5.010854911624661456e-01,6.408109033159038459e-01,7.888831221086918255e-01,-9.044517893474673942e-02,2.960183426017181652e-01,4.923781786452969822e-01,4.255529709348989664e-01,8.867683723403424478e-01,7.394440623361790976e-01,5.640130218260615003e-01,9.733793051311296907e-01,9.237165614241967804e-01,6.319097567782633318e-01,7.509273185721372368e-01,6.637997109751733182e-01,8.910225082275403663e-01,6.475661233410909823e-01,7.878490222732484893e-01,3.244469606569178044e-01,4.904560353059779221e-01,7.503897412897733155e-01,4.472772687650967138e-01,7.441723985670093411e-01,8.635676215728600447e-01,9.539430756915222576e-01,4.630613891063656840e-01,-5.277268769057202880e-02,7.024047744953370032e-01,5.187127404327787072e-01,5.405782015837976573e-01,4.135904480877592992e-01,5.211331711400063460e-01,7.301639714774322831e-01,5.456097821923847624e-01,7.355271938989572655e-01,9.239908436904609168e-01,5.676173013029769399e-01,6.913256918088602765e-01
8.245292266288135608e-01,8.501017876544293417e-01,8.687250891095312788e-01,1.696001385245301807e-01,6.197600055161071042e-01,9.845735499619201470e-01,3.934989616790280365e-01,8.003333015233933256e-01,5.997264710902954210e-01,0.000000000000000000e+00,8.595421780615969398e-01,5.103263777295897752e-01,7.630625385167791874e-01,9.081935341069610201e-01,2.594538121452881207e-01,6.817701355492268300e-01,8.682513177178310393e-01,5.208572457386597687e-01,5.345344530288479445e-01,9.181024310036817182e-01,9.484994817884057072e-01,2.698345001102373519e-01,4.923273270492836140e-01,6.900297707075238041e-01,3.785339966177033721e-01,7.969816028155440879e-01,9.707844950198758482e-01,6.704902666744148032e-01,7.795181134672650725e-01,4.974324160864143640e-02,5.618449997369732163e-01,7.317805077197817587e-01,8.452624310895264781e-01,8.514658591241619501e-01,7.419188020037267295e-01,7.795872315071099568e-01,1.966678001213710558e-01,5.972078695943249249e-01,4.455770006933189031e-01,4.069447799587713188e-01,2.617185380476280687e-01,3.696680169578273611e-01,7.444556167295667271e-01,6.909184386244503484e-01,9.155880701765986007e-01,9.123046126414006141e-01,6.361757114965481685e-01,8.176743420686687358e-01,7.981455892944113728e-01,6.826995973046074973e-01,8.940008809896214936e-01,1.514044266706234820e-01,5.228575969669693180e-01,5.448975369654819323e-01,7.673773356560387171e-01,5.221912688623013832e-01,6.966627588219959089e-01,7.947148571401472239e-01,8.074575044764125131e-01,8.554653180970593906e-01,7.998976556304749908e-01,6.610084233003311605e-01,3.977267113431000034e-01,8.750869911013512414e-01,8.745044108981636644e-01,1.694283098860123182e-01,8.513818190253393814e-01,8.169545873681538506e-01,4.964621107004131284e-01,4.908325631894825958e-01,8.745020605347270104e-01,3.598267892850530725e-01,3.634672010626064931e-01,4.051255474159247694e-01,3.171491341989921553e-01,6.366649040486425104e-01,7.489488907535708506e-01,6.162624748563177990e-01,4.319982647271014553e-01,4.944335676176623839e-01,8.709526202636629355e-01,9.950179455140577556e-01,6.561292854579967582e-01,5.089302972716209794e-01,4.640922504896333178e-01
8.428048162024176504e-01,6.906768200935987645e-01,9.443408713637492236e-01,9.931575817434958875e-01,9.847344249399478944e-01,6.616360450039214802e-01,7.045560930318264248e-01,1.826940239650068076e-01,2.884208801239794284e-01,8.595421780615969398e-01,0.000000000000000000e+00,6.949657834366117504e-01,4.688083496558045904e-01,6.195705322184439368e-01,7.207187344707612908e-01,7.878656778782038295e-01,6.207966540162868085e-01,6.924063255577190823e-01,5.583706345989912778e-01,2.283345131649905657e-01,7.186645638341503384e-01,7.511679279110528018e-01,6.921496891341614166e-01,8.425042224992872475e-01,6.713917876069285251e-01,6.684250881917426224e-01,7.011341095361661724e-01,5.998045130387598123e-01,7.478527597743762634e-01,3.261720426799713524e-01,3.348455553726128325e-02,4.602047973129052560e-01,9.045640899305924520e-01,4.261645260288734471e-01,6.325097168557981542e-01,6.302273047287942909e-01,4.240742168485224228e-01,-6.251937773254861996e-02,8.695626648864088759e-01,5.493929858222891260e-01,5.195193640750892516e-01,8.912906851822792742e-01,8.468420581448985462e-01,5.331704985989503820e-01,9.421809040128829027e-01,6.250696499841343901e-01,6.292833321708966032e-01,6.898237203528865269e-01,4.732581706655611398e-01,4.966301531441114636e-01,5.946894236164872449e-01,6.885148851699007810e-01,8.582765519040502777e-01,7.185297387320348506e-01,7.205174999686536630e-01,8.912125451597383563e-01,1.770986568493634894e-01,9.846700743822697222e-01,6.823240126035927666e-01,4.636453712026982199e-01,7.669340516797634733e-01,6.406865478699337313e-01,4.850939120193544785e-01,9.487250701630526306e-01,9.296437992663879601e-01,6.644789882109538581e-01,8.455875755972147578e-01,4.538892354004669949e-01,-1.249066424272194664e-01,9.118987713387038951e-01,9.563911534440256990e-01,3.828292169799762390e-01,6.669382202225797585e-01,8.070375459711782717e-01,4.368674154040563806e-01,6.964674365270310252e-01,8.507319033179244760e-01,5.417996117990806493e-01,4.517726540913012401e-01,7.575636847682789554e-01,4.888759684262469762e-01,8.228655352566263126e-01,9.106446045977865111e-01,4.226652796642678123e-01,9.109703579066338319e-01
6.165439430527153153e-01,6.419505159880336542e-01,9.453521083040868911e-01,6.137651643682522362e-01,6.152029232706117678e-01,8.274615987292245345e-01,5.675643540027919265e-01,4.352618888145870502e-01,6.028575191985595660e-01,5.103263777295897752e-01,6.949657834366117504e-01,0.000000000000000000e+00,6.519166162616844007e-01,4.391617880896033221e-01,6.162136327048423068e-01,2.205643640903202640e-01,9.623563875823486491e-01,6.485495265939510423e-01,6.457260323360898280e-01,9.692111308921339541e-01,8.432285895051729874e-01,7.792454436267848283e-01,7.497951144755843345e-01,8.484529471201623929e-01,6.156764898513297224e-01,6.774360970865758169e-01,6.356749937353251001e-01,7.033030150159552685e-01,6.325857664962286631e-01,4.484248816601735244e-01,6.218503492598672633e-01,4.899585620889128634e-01,7.963659379013166006e-01,4.409736725854847272e-02,6.008124333196883660e-01,6.314460314165145638e-01,4.035861274366168705e-01,4.405758367894110350e-01,6.590903873177895722e-01,7.958501474493552275e-01,2.416818248750285669e-01,2.755731008782159597e-01,6.491245768760925960e-01,7.212778652218962971e-01,9.175091207191169440e-01,6.022756885117915848e-01,5.404613968389465617e-01,7.647265248196856158e-01,6.986028615209587400e-01,6.437759739830704042e-01,7.075847638716050714e-01,6.418977620980164112e-01,6.131226663204367711e-01,6.580520949200536762e-01,6.718702486314046540e-01,9.141383763034663934e-01,9.224494063622156181e-01,6.670406795908829789e-01,7.766859115786864942e-01,8.554357990244387810e-01,3.538967649149191846e-02,7.308549326532564061e-01,6.892468747759924463e-01,9.799215039517821246e-01,8.880242492735929138e-01,6.921011322042568414e-01,4.617716215307071659e-01,8.434362791767684442e-01,6.722385531685244331e-01,4.576384150392675543e-01,8.344522808965977312e-01,6.752795015380620436e-01,5.376361338642603460e-01,4.837146511084146061e-01,7.508799583818881462e-01,2.310245002545277815e-01,8.089582574546038130e-01,4.480560092265751249e-01,-5.781377908066989701e-02,4.450235459820647832e-01,8.549618849155462552e-01,8.630119824615141155e-01,4.425836416986823063e-01,5.023044747475212679e-01,7.265428866001862884e-01
9.177702971217025496e-01,7.396088683319181900e-01,9.423782950192540753e-01,6.400226540167359701e-01,5.696718645270938408e-01,8.814391646973174232e-01,5.638650187166214245e-01,7.882274220186327174e-01,6.841384134451981847e-02,7.630625385167791874e-01,4.688083496558045904e-01,6.519166162616844007e-01,0.000000000000000000e+00,6.803087977513676554e-01,2.869334596925090519e-01,7.080449636933271451e-01,7.710649625233658710e-01,7.187677095168676367e-01,1.409579924839376719e-01,5.616393915154203054e-01,6.705848386317596610e-01,8.444283111576065259e-01,7.123740611755687846e-01,6.987665059109006149e-01,6.366607587101128507e-01,5.348847424208842405e-01,9.787155358379017178e-01,9.905088457507751354e-01,7.928101622248640012e-01,7.507141083618630306e-01,7.093812393875928990e-01,8.931028001671332817e-01,1.316355785489151942e-01,7.578526491768087237e-01,9.691849872539609612e-01,2.544014437861807920e-02,4.869201436655872794e-01,9.181663659969575564e-01,9.252718857570847444e-01,7.633478471157968404e-01,3.562802609861825953e-01,6.024852212983052846e-01,7.136234816086737265e-01,8.636008895543825226e-01,6.295085179535813147e-01,2.141551113570432929e-01,8.267126546553452693e-01,4.571106172119605016e-01,4.367641792392152333e-01,9.225952445972160909e-01,8.886157352837705803e-01,9.774336444037829974e-01,9.803041523419870895e-01,8.878120690816380112e-01,8.929983639363251458e-01,7.176520406579963707e-01,1.264965126760292657e-01,7.117680080233187434e-01,7.659592586049914775e-01,3.615142086994045934e-01,2.325850041779610744e-01,6.316195872491463525e-01,8.591779759776514425e-01,6.789407173146863039e-01,2.331143495930207421e-01,9.041969987177544965e-01,8.447814638362973749e-01,7.949448977076034595e-01,5.124731512351299312e-01,8.608970465446725839e-01,8.857174780149045246e-01,4.465541940654703112e-01,5.234347708123291421e-01,4.354269649119347774e-01,6.073681209981892648e-01,9.814745279640384457e-01,5.339095497563640658e-01,7.372767983637544820e-01,3.916193454133691798e-01,3.877984596028130060e-01,5.113096087174020532e-01,7.846601524910060688e-01,6.513441678166642657e-01,-1.629208172233692631e-01,6.133860854146403474e-01
5.428975770515096499e-01,8.001185971784541273e-01,8.206496448544118305e-01,7.398863879531965004e-01,7.391724018300831478e-01,3.590622945893380269e-01,5.400981360914401952e-01,5.922981163804915683e-01,9.262956941668059052e-01,9.081935341069610201e-01,6.195705322184439368e-01,4.391617880896033221e-01,6.803087977513676554e-01,0.000000000000000000e+00,9.834438960428277809e-01,6.998902311103789575e-01,7.258495989877711274e-01,2.786639678612129467e-01,7.647172737453988844e-01,9.711158069915548641e-01,8.216860593253397793e-01,8.492731352242122167e-01,6.228848494375880396e-01,9.094701121398620636e-01,6.360861568519470266e-01,9.825963914878023120e-01,7.855268361007428091e-01,4.299815235012826031e-01,6.155257215077296618e-01,3.739786796595425677e-01,2.501621120694554889e-01,6.047305982806993052e-01,9.886470163990093152e-01,5.185103185823832783e-01,5.034314436634543810e-01,2.936330561938612638e-01,3.301583640176507517e-01,9.951505351868596971e-01,2.303321604946444445e-01,5.499507679529027637e-01,6.428184967542476258e-01,7.758868735474688805e-01,9.401159587358086656e-01,8.902252099251011241e-01,8.356756198459097673e-01,4.798481927370478184e-01,9.691253001949775570e-01,4.331158673791207780e-01,7.962882928659094084e-01,6.252931155834313692e-01,8.525294414430821810e-01,6.725372557474832425e-01,6.976827677426091778e-01,8.097269923396431812e-01,7.224166717506146362e-01,8.105673445427999946e-01,7.338731355256814526e-01,7.825126966407069951e-01,9.151187570588680265e-01,7.253222531065753875e-01,6.547987177753762378e-01,6.749693855954299604e-01,5.435447454325326166e-01,7.012051153245935087e-01,8.601504689829037043e-01,7.825241684495037875e-01,9.189238307392753047e-01,8.733340793774152511e-01,4.891984040437595826e-01,9.777444434914782656e-01,7.675947289416534813e-01,6.320464200012594347e-01,3.875325062493287787e-01,9.938443912091068366e-01,4.563705197428513105e-01,7.588602968588826769e-01,9.227761604719934008e-01,9.114326910579481078e-01,5.544496668368712466e-01,5.392205223995324426e-01,4.571440028498662822e-01,9.815394214926460581e-01,1.040653120353262073e-01,7.429071169925240969e-01,6.569730607009972578e-01
9.424323065580093584e-01,6.223902062561508242e-01,9.470288463732041695e-01,2.089477890327914866e-01,8.646668157433543556e-01,1.920917850496276225e-01,3.742839436670432618e-01,7.655165979371494345e-01,8.220818214138841951e-01,2.594538121452881207e-01,7.207187344707612908e-01,6.162136327048423068e-01,2.869334596925090519e-01,9.834438960428277809e-01,0.000000000000000000e+00,6.727701698477790426e-01,9.489209941467181553e-01,9.521891001622153627e-01,6.793594435139749255e-01,6.448556211318616782e-01,9.410688213864751850e-01,7.512875778521399539e-01,6.083996246764831195e-01,5.483728956548237221e-01,9.174400002585301195e-01,2.369643127213258427e-01,7.847815697630833309e-01,6.009454752674652234e-01,8.322546747838495129e-01,5.596244561690493224e-01,5.584785106425331769e-01,4.174733110807447578e-01,3.313783720440498515e-01,5.435086989604280827e-01,9.024481561325502499e-01,7.428605930651226430e-01,2.504842092632419415e-01,7.760413283970211129e-01,6.532593531209534010e-01,9.166334028982798809e-01,3.595191224105914740e-01,6.991288983376553468e-01,4.784094815218475349e-01,8.878616067027239600e-01,4.981013759025886833e-01,9.747646308600135256e-01,9.303226487530862343e-01,5.783783129079331786e-01,3.787940066543910023e-01,3.334694280639511899e-01,6.195201727012654702e-01,7.267942316911811806e-01,6.652993284432280330e-01,6.927476922566127016e-01,4.955350637670529190e-01,8.562723073544775687e-01,7.622652819788665601e-01,4.640572608484967443e-01,6.998151086828027223e-01,2.009322237815511225e-01,9.900943905482518792e-01,9.366564539446553539e-01,9.061932509723916729e-01,3.256380790168974526e-01,8.130205016549907349e-01,7.447101477380516643e-01,1.680946972039908671e-01,8.056456448999472775e-01,6.770755139180180127e-01,4.408943793875513828e-01,8.454328342319078482e-01,5.694444644088669794e-01,2.942780810718950701e-01,4.097731774355549694e-01,6.716089990941900290e-01,6.112343760836358442e-01,8.116429020355573343e-01,7.172135977922859951e-01,4.104001389435764646e-01,5.135638992838964523e-01,3.542143104008130261e-01,3.098271405178216198e-01,7.915295028229042407e-01,3.669441235305916926e-01,8.247193173944152855e-01
8.610290327841911839e-01,7.723963067056366372e-01,8.007581144700932629e-01,9.551844565681828492e-01,7.249190949023095465e-01,5.676748692085685777e-01,4.557117349724810751e-01,5.486726684094611617e-01,6.489643323977686284e-01,6.817701355492268300e-01,7.878656778782038295e-01,2.205643640903202640e-01,7.080449636933271451e-01,6.998902311103789575e-01,6.727701698477790426e-01,0.000000000000000000e+00,4.284874039603170370e-01,7.969791216225381447e-01,2.171903410315161598e-01,6.119220830556288959e-01,9.978802977321737933e-01,5.015001401764811462e-01,4.940044563785119247e-01,9.982648933700216665e-01,6.565162700163256204e-01,6.943757425594698773e-01,6.002643560126196265e-01,2.785412290497763510e-01,5.084191536639203202e-01,5.580665219148999157e-01,2.062092061938304022e-01,6.644087204244767397e-01,9.406013648782503012e-01,7.800310445291706030e-01,7.557761403407652345e-01,3.582972824062931050e-01,3.789150768616100784e-01,7.851449455023542523e-01,9.947351004597034807e-01,4.204244962033927835e-01,5.970679209048139757e-01,5.736741089620457368e-01,9.561256396183280826e-01,7.750741419415716482e-01,5.749785938448629397e-01,8.481756126007848895e-01,7.707498705604778344e-01,5.858453665040220804e-01,7.529055332889684760e-01,9.383899799059984836e-01,5.193386647742195272e-01,6.320388170946564799e-01,6.488512030128845698e-01,6.797909441386214002e-01,2.183579292852952936e-01,7.616122838978691689e-01,7.356878757490987741e-01,9.331475141771208293e-01,6.737209879823563563e-01,-5.934219773911392215e-02,8.100703232575494628e-01,4.668961910957559747e-01,8.632329457209426682e-01,1.196537478352367040e-01,8.768787978286057827e-01,4.553479289720112066e-01,7.242336193701217617e-01,6.882787636639530193e-01,-1.348072476334389869e-01,3.304590595748303494e-01,9.759852118634326779e-01,7.381150370707006969e-01,2.516799060721259806e-01,3.380177859351014558e-01,4.959749054091263654e-01,8.250256262118881301e-01,6.809921958672090492e-01,7.643229503030066763e-01,4.504276810180379842e-01,1.523852128746839563e-01,2.407408163029350068e-01,8.088422900602474375e-01,6.349645060634347971e-01,6.007490769957518628e-01,7.332800135556867271e-01
6.066722541546203384e-01,8.853668341647350504e-01,7.325367512917005941e-01,9.393085781778901522e-01,8.929697087907194630e-01,8.327568896122248265e-01,7.305671231430116430e-01,6.203642693940348840e-01,6.964492640478767704e-01,8.682513177178310393e-01,6.207966540162868085e-01,9.623563875823486491e-01,7.710649625233658710e-01,7.258495989877711274e-01,9.489209941467181553e-01,4.284874039603170370e-01,0.000000000000000000e+00,8.199653628667560312e-01,5.321184845263813301e-01,4.939216758875685787e-01,7.200386715377359304e-01,8.569402608408004385e-01,8.779288039771189212e-01,2.367712254138262806e-01,5.022834882602581486e-01,7.935657690930146835e-01,4.351266311912416196e-01,4.654501448332411528e-01,6.634083835175893507e-01,5.015432913215844835e-01,-1.718687616996747158e-01,3.315395648416805813e-02,4.594583549724714500e-01,8.200989489300414270e-01,8.881011723410356939e-01,4.148903515349514071e-01,4.865319359312814673e-01,7.068851836057834515e-01,9.220249871593392266e-01,2.810541192803335808e-01,6.893301264281893603e-01,7.860593501875056122e-01,8.471484325751674760e-01,6.526740849058680904e-01,9.352486595830582505e-01,2.073487783594446243e-01,5.595417313304720253e-01,4.765440152428582210e-01,9.844128070816648979e-01,9.441304830340041532e-01,9.180944779315372006e-01,9.128234384581465077e-01,8.629189845032765316e-01,6.459163047820558612e-01,9.252125298618222304e-01,9.871134531148522129e-01,4.983579010030269596e-01,7.039217726643696160e-01,1.707739638617170597e-01,4.133283368071374864e-01,4.119628065025334185e-01,2.053437658122949372e-01,7.371715306528707767e-01,8.876438345564483523e-01,7.327748087890035844e-01,6.363952947335836940e-01,6.994685673944784909e-01,3.757172150534408561e-01,5.003019283380855109e-01,8.639521015980775598e-01,9.465422266465338685e-01,7.825906685245473948e-01,7.660539450264467476e-01,5.626671022734883731e-01,7.294263529118860667e-01,8.295706522015975359e-01,6.347710362124658889e-01,4.238636056882548186e-01,4.469264924453775212e-01,4.484526928093554576e-01,7.712013067028894442e-01,9.286171444842470368e-01,5.597028292304040420e-01,6.847061065979067607e-01,4.239425380696541512e-01
6.609985389088731678e-01,7.178102294709082232e-01,9.191312471361903214e-01,9.932423218912715956e-01,9.268555715015307506e-01,7.415864533480298615e-01,7.214296904497456975e-01,6.989044125517096528e-01,2.593069750899807402e-01,5.208572457386597687e-01,6.924063255577190823e-01,6.485495265939510423e-01,7.187677095168676367e-01,2.786639678612129467e-01,9.521891001622153627e-01,7.969791216225381447e-01,8.199653628667560312e-01,0.000000000000000000e+00,7.494284269560024248e-01,6.634526399089005766e-01,8.378028105814224746e-01,6.218647144515457859e-01,6.664456744991731352e-01,9.332885718057721824e-01,4.003459784440900893e-01,5.344626302198751677e-01,7.630357423178522058e-01,4.206309715045641884e-01,5.797265992979440119e-01,3.728197692896902393e-01,4.011686910394812733e-01,8.048154845002245539e-01,5.384488966959608547e-01,5.582174500215990598e-01,5.522485580289391294e-01,2.922112131162758475e-01,2.643271832153101797e-01,9.064744427754649614e-01,9.467018820116507305e-01,4.383528827039738784e-01,3.551830293055423526e-01,7.917108030072943503e-01,2.990916326536155467e-01,9.776286639895396258e-01,9.379367563700443666e-01,7.197619508217392159e-01,7.959227741303740444e-01,9.228539357883226435e-01,6.248197661794094859e-01,1.685715119946313290e-01,6.359516048642577246e-01,3.102319754302988453e-01,5.705762108404613953e-01,5.413999639169098099e-01,8.272415501734647902e-01,7.125015562796662705e-01,9.504328083985530418e-01,5.788714002320635155e-01,9.331051021444212168e-01,7.138849833091545083e-01,4.378388651120433406e-01,6.627001439244311065e-01,9.206533311942683984e-01,9.093595458379380991e-01,5.254439869523919171e-01,9.347899139975209826e-01,6.444718086103425891e-01,5.484576601087839398e-01,5.677429290026193565e-01,8.744890825499525011e-01,9.068885423788666245e-01,2.123837828797277560e-01,7.997761549528359382e-01,6.422686359372419274e-01,7.858508347004345973e-01,7.514497506677607630e-01,9.665502375621308762e-01,4.531905571540413846e-01,4.861145857300445128e-01,5.933236454811968708e-01,1.715923346890404211e-01,7.191212772873476489e-01,8.683384434667531515e-01,1.913777361307867075e-01,7.923402871934270841e-01
