0.000000000000000000e+00,8.699231963617628516e-01,9.879526148126915874e-01,6.006875323187108595e-01,4.553816400318136393e-01,8.454014878534181765e-01,7.221597798535683843e-01,8.939720421419042884e-01,7.322405254477110104e-01,8.995796588947921890e-01,8.751046170105358790e-01,9.754675257167317870e-01,7.681957275865040069e-01,6.987593561859102298e-01,7.243152533798575821e-01,9.793972144153366699e-01,6.081059173962914954e-01,8.022769579124936490e-01,5.835678461187141508e-01,8.109431878047904663e-01,4.131041494522072477e-01,8.154141737768324516e-01,9.139972985115563109e-01,3.089767616757953528e-01,3.792038385417895174e-01,7.989955724938699877e-01,5.272834655967872930e-01,8.126272348015364244e-01,6.833876956819392445e-01,-6.149403826664717743e-02,4.143286761150289932e-01,9.990354402355372532e-01,7.582196448854139348e-01,8.783494095147931224e-01,8.778123762276135444e-01,6.118218033068045791e-01,7.820496109682193442e-01,4.871206779171813883e-01,6.468972519030269375e-01,5.869895487888551200e-01,8.890980835081386813e-01,8.338595163306520286e-01,9.203087867781172271e-01,9.603803408951828713e-01,7.418302979505950745e-01,9.043780408412279703e-01,9.368221123650509741e-01,9.712657707646605854e-01,9.726791527659744974e-01,9.084401479840253923e-01,9.467527719428230348e-01,6.972509328606040224e-01,6.298290861793233164e-01,9.558747594095156064e-01,5.280281579956278559e-01,6.165371438505766744e-01,6.733912578409897431e-01,8.125633943137822168e-01,8.407012852591265739e-01,4.949574823723710826e-01,9.305259938719340207e-01,5.798601752788424823e-01,3.142623324536733542e-01,8.404620152775559294e-01,2.142495943008501380e-01,6.316060369928162554e-01,3.405273931470091386e-01,8.411627449105909538e-01,6.468257836623086954e-01,7.745544285805570084e-01,9.055480960548496494e-01,2.487047769195357971e-01,7.888115397030702747e-01,5.700557851970923240e-01,8.701340332516400711e-01,8.209525928759581204e-01,9.473214006274929266e-01,5.510843808520384801e-01,5.429284275714825192e-01,2.179599208784624084e-02,6.496311266818066699e-01,6.621473295527295910e-01,8.111917639892796128e-01,3.119315831826113827e-01,7.817593814136267749e-01
8.699231963617628516e-01,0.000000000000000000e+00,8.869833119192871429e-01,5.346959365282365484e-01,7.166623747939168121e-01,8.904615362652387178e-01,7.004137819609874693e-01,4.753440949754992317e-01,5.727911040098621065e-01,4.245228197251929014e-01,-1.442289799331156475e-01,4.672388436196318051e-01,4.956518175317294328e-01,8.359165876465450840e-01,8.952830830182881838e-01,9.893396028526001418e-01,4.178721219309342594e-01,7.824302149024509045e-01,6.300199288486640903e-01,7.908387397601492896e-01,8.863514372433498600e-01,5.101704596080528509e-01,4.183268632157889910e-01,9.762267189595681405e-01,8.421743799414571630e-01,4.320366074084779351e-01,5.772968156923916627e-01,4.691575074889413610e-01,8.402620787644861089e-01,2.772187008972398781e-01,3.740508791726424587e-01,1.642911993966890694e-01,9.589512864230347322e-01,8.405912616210631239e-01,6.141253247764975054e-01,7.292221768787122693e-01,4.959973560886151711e-01,6.029971051112765767e-01,8.637646156911853446e-01,7.215997337046455851e-01,6.318396471131798586e-01,1.709532954736338040e-01,9.139021461309774219e-01,4.860050548607545706e-01,9.219991170283550197e-01,7.779215745094476553e-01,6.806748401191153874e-01,7.233863454906299673e-01,6.971598247319292785e-01,9.114208877271458009e-01,6.376253755846907900e-01,8.215783332534118966e-01,8.626904163459804264e-01,5.360000029004828859e-01,7.404121248348930484e-01,7.044175010027196038e-01,7.493647110854652071e-01,7.382956856497548959e-01,9.455245699635379530e-01,3.576817050530426423e-01,4.509351527146205352e-01,5.225709566755476487e-01,8.004136576030517203e-01,6.335657250076462965e-01,8.331522540481056671e-01,6.570972237152157280e-01,7.447851075286284761e-01,7.402727490340496042e-01,9.633469135116839999e-01,9.108214208546319135e-01,2.205119386630927658e-01,5.654641813947601792e-01,5.229853871686095390e-01,6.277814394672128762e-01,6.333579881713645721e-01,9.435967899063065767e-01,6.829926168139777154e-01,7.436293518458898522e-01,2.853276362810661659e-01,-3.377717120834156095e-02,8.396561814550163039e-01,5.557203119439567685e-01,8.892891308419680341e-01,4.562860381175711799e-01,7.798618263075935975e-01
9.879526148126915874e-01,8.869833119192871429e-01,0.000000000000000000e+00,9.469301946981317775e-01,7.297927417984877430e-01,9.115545391766571859e-01,5.419009526788738373e-01,9.645597357542237127e-01,8.869198391379803370e-01,8.589335509753044384e-01,6.382200824926802518e-01,4.180363746451358775e-01,6.715542791814060886e-01,8.973939002568864787e-01,8.337347375023150819e-01,8.545965628561331684e-01,2.567990843064040241e-01,8.703809539524804961e-01,4.037614807898380898e-01,7.694787880474892594e-01,4.230677406236459381e-01,9.123369057306099927e-01,9.316819145047081641e-01,9.426669914777935366e-01,8.865640567161098273e-01,8.377166638109526664e-01,1.951537182486831265e-02,8.453648477182892362e-01,4.724361975391158097e-01,7.722237605165641616e-01,4.889483300913556874e-01,4.284929182126741010e-01,9.679446979414947361e-01,9.262111020445805698e-01,7.506320042073848509e-01,6.371837920732258409e-01,6.100392174218738361e-02,6.758109984353175559e-01,7.950179933074390526e-01,9.452077180115008304e-01,3.074832377410687267e-01,6.475022471472249297e-01,7.917963353507925239e-01,9.575000178590227229e-01,6.081332052563178658e-01,7.017355604016157766e-01,8.170617653375449319e-01,3.552199255034275138e-01,2.474614330187033251e-01,9.168000717613957740e-01,7.190798717141060337e-01,8.474377679672040475e-01,5.658829628695107861e-01,4.355811971842179497e-01,2.815034428059196570e-01,9.524375709293857462e-01,8.196556045501254273e-01,8.555737535324258181e-01,5.330982374174182414e-01,1.848487410525753161e-01,7.903650150314762701e-01,8.102295410812961896e-01,6.975293490819969300e-01,9.969317314960788323e-01,5.781697544660945320e-01,7.165693954737747395e-01,8.399365215014829023e-01,5.134328818050585275e-01,8.166833802733182157e-01,8.189390908792352208e-01,9.533864395399923586e-01,8.558781672479313096e-01,6.493438744529282936e-01,4.510507225109222640e-01,6.913801769375160777e-01,8.093404779086443845e-01,8.972471313833669804e-01,7.515422125917170515e-01,3.431558232397678015e-02,3.750190317298285336e-03,4.117427683200749478e-01,8.908146642038768936e-01,9.166741290015271160e-01,9.472272642361301287e-01,9.068519030576660533e-01
6.006875323187108595e-01,5.346959365282365484e-01,9.469301946981317775e-01,0.000000000000000000e+00,8.304944984092987870e-01,7.950918857580828725e-01,6.947881970376095229e-01,7.070400992780901950e-01,6.767812465668906485e-01,7.633465884844203853e-01,7.288567137496675397e-01,7.669361668304311985e-01,7.729214746613172204e-01,7.765828357874163812e-01,6.075378058653757574e-01,7.903649542540767126e-01,9.313054935835094472e-01,6.728619371907844648e-01,9.111912672708374350e-01,9.472595791390445719e-01,6.570177060265227631e-01,6.270943497627801122e-01,2.045018371817408365e-01,9.233714559026259261e-01,5.488550444008659657e-01,7.069999727831313141e-01,8.944551890461054366e-01,6.706795788826702687e-01,4.488761467112328818e-01,5.933054297388675735e-01,6.575849460451179684e-01,7.129468899519936231e-01,7.686583186858007011e-01,1.244892920428287558e-01,8.527035011933707942e-01,9.462739939819861945e-01,2.180215145328992243e-01,6.088921775576912054e-01,6.609594749715209661e-01,7.144866104031386556e-01,2.929170098027890634e-01,8.830965632307904434e-01,2.202703394293842876e-01,6.029364043599703127e-01,6.284835601964916529e-01,4.988319779295889989e-01,6.520058783392600477e-01,4.890695980228295103e-01,5.181002777418962646e-01,8.029470499859754362e-01,6.185519908837627812e-01,4.043271077726161011e-01,9.104488757545941002e-01,9.060830727452848787e-01,7.086640644141477541e-01,5.915806009611412897e-01,6.946084570796915436e-01,8.106298383308226940e-01,9.874806661002984987e-01,5.397269219811193786e-01,3.868099967129572797e-02,2.403362332313315197e-01,3.257398705957588736e-01,7.043521799458143384e-01,9.507041072320482344e-01,9.483134934523502757e-01,6.060880446949842293e-01,6.075367702088930733e-01,6.500129246630457214e-01,6.728093211735337587e-01,7.657822125319461160e-01,9.716706829976462512e-01,9.371729717580019603e-01,5.659416794059765055e-01,6.249314898771646254e-01,9.859480054736090571e-01,8.420968823785506263e-01,8.191481494635903804e-01,6.629296285436734326e-01,3.708786086542409377e-01,7.789709251165396475e-01,9.707936751239181206e-01,7.986196201915189974e-01,5.369650622214776625e-01,6.761170953493205182e-01
4.553816400318136393e-01,7.166623747939168121e-01,7.297927417984877430e-01,8.304944984092987870e-01,0.000000000000000000e+00,5.994321077383926166e-01,3.338038742082908295e-01,9.902332922445825636e-01,1.774221131775976235e-01,9.175434735202059322e-01,7.749146706203449142e-01,9.525847256574105915e-01,5.616787877964568576e-01,6.790081145567479215e-01,6.794596109642476733e-01,9.752691120471320696e-01,8.521722218882836763e-01,8.934986288980905078e-01,7.215389022370446437e-01,4.021529310023735232e-02,9.241027785640876235e-01,6.713388790784784455e-01,9.380713203684725165e-01,4.121423876125435148e-01,5.250328494745546415e-01,7.012088227307941013e-01,8.055800371259549397e-01,9.729228155436605574e-01,9.098484598770613108e-01,2.014240508170379307e-01,2.797935361675019106e-01,4.821022515033726030e-01,5.417466564316839595e-01,7.425570067229688709e-01,7.301293989844200860e-01,3.131811548490829877e-01,-1.656650247712454227e-01,4.365653457419712558e-01,4.737688370891927070e-01,9.091433399703032769e-01,4.301021553570725797e-01,6.185761243257088537e-01,6.398025163740327370e-01,9.644363554223313040e-01,9.806571323077312163e-01,8.109341871575702632e-01,7.052120738222863450e-01,9.041524754142842291e-01,4.028107802621950229e-01,7.493839998649545198e-01,7.210572999863176236e-01,6.562462964914205221e-01,4.946923174951943225e-01,7.907822390317880146e-01,4.266294478043116678e-01,6.107839038770368489e-01,4.449878422145990275e-01,6.897530201530580607e-01,8.341340990621689544e-01,4.844160959686580892e-01,6.634919599140728375e-01,7.387554992172981061e-01,8.693447116269762409e-01,5.464479213545329062e-01,5.590790833410519411e-01,5.783216456547077833e-01,6.290704005359799567e-01,9.197382295678677711e-01,2.540293007338562115e-01,7.808827977198078418e-01,6.300888220081133362e-01,5.507892675359483681e-01,4.243875366636323809e-01,6.086199695435593471e-01,7.635001224967917777e-01,6.742083050488997253e-01,6.643826759362658763e-01,-1.405178143235903954e-01,4.657432265772451507e-01,7.493261200016139434e-02,6.130854180176175117e-01,9.625322669128516528e-01,9.113209765448685440e-01,7.391103248073089826e-01,8.467980356540015796e-01
8.454014878534181765e-01,8.904615362652387178e-01,9.115545391766571859e-01,7.950918857580828725e-01,5.994321077383926166e-01,0.000000000000000000e+00,6.379718296475793693e-01,3.194880949389507507e-01,4.403176716353152109e-01,6.110816553301491316e-01,4.259753638476379556e-01,8.506301960471727153e-01,5.898914957005182425e-01,9.778852483651778726e-01,7.109478609366011170e-01,8.592580291420769401e-01,6.238168822745799869e-01,7.730499564552826275e-01,9.927216248335295479e-01,8.362932039203616608e-01,8.221861303872111115e-01,8.972434020462022319e-01,6.135518456700764789e-01,9.317863004294545393e-01,4.885177336297509831e-01,5.480667584008374060e-01,5.885679985846619111e-01,9.955848629216833556e-01,6.010393571534263790e-01,3.312006118251902276e-01,5.410963131600280418e-01,6.005231976622245060e-01,6.122482898445388289e-01,7.635446963700412981e-01,7.169667348346600022e-01,1.063791020233611911e-01,5.814216015526189052e-01,6.119268111209981431e-02,7.374860871806376839e-01,2.668357079856795711e-01,8.177185783509587358e-01,7.912388477374897588e-01,9.532663357645424496e-01,9.575229662202033865e-01,8.788461254960122648e-01,9.373480952113211195e-01,3.691528012533770164e-01,6.266584366516859683e-01,4.595013061903385765e-01,7.744088337605715688e-01,3.038197529103965622e-02,6.303738555211193528e-01,7.375217840867054342e-01,4.264429278520816269e-02,9.698476437238731096e-01,5.131486530387752154e-01,7.157363842911796947e-01,7.306501137808346646e-01,8.042042984208543910e-01,3.296045272181533092e-01,1.001952415369502386e-01,5.702838518978978755e-01,6.363152401986291729e-01,9.439454281161008264e-01,8.447207631479622947e-01,5.990445578105045854e-01,7.442356553072154712e-01,7.452561033163057624e-01,6.724236426723030347e-01,5.942506385770501831e-01,5.702967227096770175e-01,7.285537654896885318e-01,2.391587485209422659e-01,6.163402067406079099e-02,5.399321764543079105e-01,4.049609007261243399e-01,3.203197415322066588e-01,4.311416225604104979e-01,5.400501268337148247e-02,2.527594642524223501e-01,7.797751901763916305e-01,8.696526772580823739e-01,8.885482046990872407e-01,7.010486280597949538e-01,7.694768674570843237e-01
7.221597798535683843e-01,7.004137819609874693e-01,5.419009526788738373e-01,6.947881970376095229e-01,3.338038742082908295e-01,6.379718296475793693e-01,0.000000000000000000e+00,3.690142680634381778e-01,9.467897162959800772e-01,4.526636176935311395e-01,9.538138517299319386e-01,4.408164008403222534e-01,7.107007020150707399e-01,8.789140311187838561e-01,1.500869803039034389e-01,3.307014130493894366e-01,9.354569943558392886e-01,4.286774358411004626e-01,7.042885977648972728e-01,7.515257660877745494e-01,9.853302107436182622e-01,3.728940768793370664e-01,3.863688467406051208e-01,8.657646401839012018e-01,8.355186977305071316e-01,7.117223988134713242e-01,6.393019933934602772e-01,3.907521459540190811e-01,9.131644821965805292e-01,3.983469721336737601e-01,4.888029475298883431e-01,7.884455408125961018e-01,4.707130958943132604e-01,1.361149494683257799e-01,3.659699969724722335e-01,9.045119950522989560e-01,2.358674518593984470e-01,5.573807165783442041e-01,5.260487193685940976e-01,8.264867398827205891e-01,5.157106792648598059e-01,1.021332052432183668e-01,8.224964346231287138e-01,6.220516926351083997e-01,9.888187863548403289e-01,7.002953304443219062e-01,7.257937763627768657e-01,5.483371841407058689e-01,3.721309427488876942e-01,6.586493254889356219e-01,7.641692588417996479e-01,3.208586624217094618e-01,6.608321549296871655e-01,8.464467238742930111e-02,9.437765430288155288e-01,6.414128330729103045e-01,6.773972063711163338e-01,5.389162291649132186e-01,9.564721758491313564e-01,4.671703362394183934e-01,2.337159822045093427e-01,6.466772989732239019e-01,6.178205207970891566e-01,8.370975752327970421e-01,9.556558623835643695e-01,3.174443824593341512e-01,4.770007969010052751e-01,2.094856515129125685e-01,7.805885949027169257e-01,5.136881459100466341e-01,6.425611563993780528e-01,4.332331567124114158e-01,5.653503159728332506e-01,3.940564494438537624e-01,4.852392330525165942e-01,4.781484835284844359e-01,6.091542322075707006e-01,5.616923474368207270e-01,4.519696486617835740e-01,5.977762140908333688e-01,4.243275184924963916e-01,9.011736102691340067e-01,6.182159818668064855e-02,5.020939763691801838e-01,4.734623852105049324e-01
8.939720421419042884e-01,4.753440949754992317e-01,9.645597357542237127e-01,7.070400992780901950e-01,9.902332922445825636e-01,3.194880949389507507e-01,3.690142680634381778e-01,0.000000000000000000e+00,5.679477326672723869e-01,2.249797420199294018e-01,7.152048902152327026e-01,9.948713568265304952e-01,7.588100380424185332e-01,9.403241992320716669e-01,2.674978266898660473e-01,2.780072167699592089e-01,7.109507506736356675e-01,5.766864958095170302e-01,4.159759998309452977e-01,4.500519909934861951e-01,6.819568692360326034e-01,7.266239570740815612e-01,7.795142083782800047e-01,6.230368654225912906e-01,6.793755158464918065e-01,8.261978957440986315e-01,6.550003439840504926e-01,6.116161779221191974e-01,4.964039790011965936e-01,5.123777858266719276e-01,4.311014145891953198e-01,5.209230122826342679e-01,4.640663315242172793e-01,3.031182679462225971e-01,5.974856712959162319e-01,7.511760664210093141e-01,3.676507595508461956e-01,6.596089362566361913e-01,9.661879876893275654e-01,7.825738483765742881e-01,5.057407435951730701e-01,6.288908402934796360e-01,6.925129884887986087e-01,6.893627942224446192e-01,3.367536366366054024e-01,6.917875351669902084e-01,2.030442190550433568e-01,7.335760641144892791e-01,5.590277386411429683e-01,7.623991758220187709e-01,6.863154599310999915e-01,6.934318933004449681e-01,1.661206758893607194e-01,5.932962341444039112e-01,7.462921903907765442e-01,7.495313318366567668e-01,5.822776751796481243e-01,5.027260179798208606e-01,6.480855798818654367e-01,4.131983049785362683e-01,4.323575734278198857e-01,6.124001456146536126e-01,8.421531692858922336e-01,9.217698155895185375e-01,9.535522691286035801e-01,5.293609791532573050e-01,1.963404282521195032e-01,7.749213393848417564e-01,5.855776879926819500e-01,7.761780400540949643e-01,9.222918234928065839e-01,7.836870112321279169e-01,7.539244139664184052e-01,6.663149112800255125e-01,7.933392088539230613e-01,7.113675280737512541e-01,2.503745984374777800e-01,3.125994972194947041e-01,2.092500113225497227e-01,7.826210459730543745e-01,6.746375044971725243e-01,7.557898838052230506e-01,7.488447250652704446e-01,6.298623507501680541e-01,7.310427352849844240e-01
7.322405254477110104e-01,5.727911040098621065e-01,8.869198391379803370e-01,6.767812465668906485e-01,1.774221131775976235e-01,4.403176716353152109e-01,9.467897162959800772e-01,5.679477326672723869e-01,0.000000000000000000e+00,9.262828005784975449e-01,7.647322091705709424e-01,4.111817165443719668e-01,8.839271164215066756e-01,4.140870761055402971e-01,9.856291717852151413e-01,5.013401294206500936e-01,2.992925057781525289e-01,7.086290204385713443e-01,2.249897646880522628e-01,6.876132706049229437e-01,8.209172038790315540e-01,5.277072768752657517e-01,4.052106529046659023e-01,8.094645352903384605e-01,7.308128263229047850e-01,5.373678754198251140e-01,2.311331594313186799e-01,5.584146572449534274e-01,3.464291413831256383e-01,4.835628935701865583e-01,6.598878965862224888e-01,5.145602934132436079e-01,6.751584305391458152e-01,6.897530244223178952e-01,6.304002572786305825e-01,4.028072781767615962e-01,5.411063780676589330e-01,8.994166165353353337e-01,4.740918422714527347e-01,5.771579379226029483e-01,8.506872317576990028e-01,7.433976064458653887e-01,6.924273725020446690e-01,8.603691454682729223e-01,8.978678454606427994e-01,5.605044382256156865e-01,4.367119118019616719e-01,6.331789223202805017e-01,4.515247191150348338e-01,6.318965297521751401e-01,7.945384777674153742e-01,7.877100602617003178e-01,8.442963600712062311e-01,8.138533829849701196e-01,8.538792135638172409e-01,7.598334426118710239e-01,2.058614636274764820e-01,2.730457004506694485e-01,7.496398474090160136e-01,4.286925225766817227e-01,2.908572562580047371e-01,7.286477774999809975e-01,8.770859342435767259e-01,5.962203448199316913e-01,9.028875667731854904e-01,5.446102684499685154e-01,5.721123012083910719e-01,6.415464469622415011e-01,9.672662385859409628e-02,3.139479948043855106e-01,9.627866997268784699e-01,3.936764913310091818e-01,4.139964451767389475e-01,6.581667543327284209e-01,7.112582552761735899e-01,9.372283398052879688e-01,8.443053086345595482e-01,5.345988733568334261e-01,8.888333541443738106e-01,5.708044215954430900e-01,7.272640563675648595e-01,9.583470186848779271e-01,9.097942579261244500e-01,1.963299341254310659e-01,5.906744312860813251e-01
8.995796588947921890e-01,4.245228197251929014e-01,8.589335509753044384e-01,7.633465884844203853e-01,9.175434735202059322e-01,6.110816553301491316e-01,4.526636176935311395e-01,2.249797420199294018e-01,9.262828005784975449e-01,0.000000000000000000e+00,4.527532555967012651e-01,7.414655625286772356e-01,9.017347952125142063e-01,7.396627502933337261e-01,6.301762727951497611e-01,3.116617888077041765e-01,3.791059501774909357e-01,9.931940671667541798e-01,6.742309016370917618e-01,4.364319560001963527e-01,6.732332689917281954e-01,2.366577665091718630e-01,6.219918765425205276e-01,2.694973413112404237e-01,7.549073801299198694e-01,7.021578359281918091e-01,5.335811046927564361e-01,7.781005600208172890e-01,4.042484269419795440e-01,7.498973964362394273e-01,1.478666820780667468e-01,7.474045189867613015e-01,3.713062215304629987e-01,8.147687967158020461e-01,7.137199545222531194e-01,8.567940325440200899e-01,7.437620755036894460e-01,8.458795959120467556e-01,3.215697105042069071e-01,4.907109658696755528e-01,4.739023789145515586e-01,7.785282629359713269e-01,8.909886943170316487e-01,9.539279136062438491e-01,6.795178854074881425e-01,4.233230247758976716e-01,7.419436621275834476e-01,4.148862232735204270e-01,6.715135407660898226e-01,5.629818366110647121e-01,7.530990578035338112e-01,6.985563555094478350e-01,7.482509179003685729e-01,2.865418501235906801e-01,9.017169275742377144e-01,6.850492604620194159e-01,5.439495930842054294e-01,8.284637461560148131e-01,8.142796384683760325e-01,5.652497231972368752e-01,2.063044405290612865e-02,4.795198977999831080e-01,2.763065770622399886e-01,7.413354812547648942e-01,5.724903662044826813e-01,2.282832000996486699e-01,8.762896367371448836e-01,8.570022857639294500e-01,7.503951218192979056e-01,4.119446380008652819e-01,8.707113396344325906e-01,3.562252414642207432e-01,6.929129725076013102e-01,7.399189235369725282e-01,2.529771612358602262e-01,3.582046552379965498e-01,9.672782037735486727e-01,8.917170374105230779e-02,4.659453630554555303e-01,3.352234035735232043e-01,7.825834017915841434e-01,7.931001020771245580e-01,9.477953210689031849e-01,5.051525846468594150e-01,4.572183236475289014e-01
8.751046170105358790e-01,-1.442289799331156475e-01,6.382200824926802518e-01,7.288567137496675397e-01,7.749146706203449142e-01,4.259753638476379556e-01,9.538138517299319386e-01,7.152048902152327026e-01,7.647322091705709424e-01,4.527532555967012651e-01,0.000000000000000000e+00,8.163888078393304326e-01,8.365998863890818926e-01,6.290304722056193620e-01,8.454623061285750918e-01,4.537975202986179180e-01,6.729712391150985962e-01,4.363375441733073345e-01,7.246743359503955428e-01,7.866884828364441029e-01,5.852438271289920335e-01,3.392439409022049990e-01,7.785044726028909068e-01,2.735403752953297629e-01,7.057249813584669518e-01,4.200534129316569887e-01,9.271733621473373654e-01,9.642546192486678436e-01,6.040344975360995017e-01,3.014546476887679516e-01,2.201586099125542317e-01,5.437609001768246575e-01,8.630076934882298101e-01,9.486217988906266996e-01,6.867707879964302098e-01,2.516640312254274092e-01,2.171848296084111507e-01,-3.471198955794838614e-01,6.249883256164391332e-01,2.277567772185166151e-01,3.681137666588247814e-01,7.622178769786138730e-01,6.113013651987987407e-01,5.610474951047569325e-01,8.019375009456305436e-01,7.381212682608895292e-01,6.007749059812143022e-01,7.900743289753420218e-01,7.853828750603096820e-01,5.139465308192964210e-01,9.476335315667833159e-01,9.327223134276152461e-01,7.848037206463199800e-01,8.793274254729083195e-01,7.023532346572816110e-01,9.318636207277852801e-01,7.305137973966127074e-01,5.327980004310535200e-01,4.970495676685626751e-01,9.301475350173729062e-01,6.659093984680140021e-01,8.845452533683966223e-01,4.601237244434338014e-01,9.429369177584306927e-01,9.772971340026037623e-01,2.451757265250090190e-01,6.015877336441348699e-01,6.163029390401024710e-01,4.184371513860016822e-01,6.174167952379909785e-01,8.402628873531706732e-01,2.384983403411321257e-01,4.342271804933391932e-01,1.261115170363013849e-01,5.324097439689263744e-01,2.469030372587597555e-01,4.133044554365061796e-01,2.576371387397387025e-01,5.094247356669181492e-01,-1.772439222733140918e-01,4.529167111450535521e-01,5.641968210949370732e-01,7.931413625835860293e-01,6.711924635598648381e-01,6.958818004779820932e-01
9.754675257167317870e-01,4.672388436196318051e-01,4.180363746451358775e-01,7.669361668304311985e-01,9.525847256574105915e-01,8.506301960471727153e-01,4.408164008403222534e-01,9.948713568265304952e-01,4.111817165443719668e-01,7.414655625286772356e-01,8.163888078393304326e-01,0.000000000000000000e+00,8.589343703897901472e-01,1.512722139215510186e-01,4.139725800614071916e-01,6.173361010514125669e-01,6.002591038656966971e-01,8.824225604071624929e-01,8.968703070828268897e-01,9.819080155959916123e-01,6.927681425579279573e-01,2.281345100744317789e-01,8.008932214174796504e-01,9.496236262694471852e-01,5.462221087468352998e-01,9.765408310336408659e-01,7.438127418580064987e-01,4.631073289593158337e-01,6.247654484115606754e-01,6.105617955456470458e-01,2.267061274254230652e-01,4.209986746778461852e-01,7.282896682497215224e-01,6.492264054066604340e-01,7.372120399116978140e-01,8.526842174099028560e-01,5.684654284417044456e-01,3.634485306838847185e-01,8.513262171412234736e-01,9.221648006553380128e-01,4.438928740639649928e-01,4.042971455467211928e-01,9.716887020485855953e-01,6.213245037919425950e-01,4.248829840386976753e-01,7.517093503546186106e-01,6.905257613054508470e-01,6.878808782639284081e-01,4.955069877613562102e-01,8.058530290399626983e-01,7.374469681707749302e-01,3.453284220708097152e-01,5.863768242718812029e-01,4.195132969015243352e-01,5.310387687001697499e-01,9.087785369932358526e-01,7.555990482318982737e-01,7.195843588804040625e-01,7.670753217651389289e-01,2.299754318928592944e-01,2.976230909027487992e-01,6.454955642406141614e-01,7.831683612035550413e-01,8.275179574629355495e-01,4.654083050048584691e-01,4.682672611993982104e-01,7.621501528550259641e-01,9.395173810208850007e-01,7.539236268770163063e-01,7.754764609377734486e-01,3.620206481091826634e-01,6.199137274381230078e-01,7.751399383736558013e-01,7.634102641256219624e-01,7.071046238310445542e-01,7.927453197809394281e-01,8.821533045939353723e-01,6.242337604815454410e-01,4.754550935508188858e-01,5.315199469482516648e-01,3.737236468441497150e-01,6.016105554715149850e-01,6.364176061743108681e-01,6.547702765757611454e-01,7.703629813744441446e-01
7.681957275865040069e-01,4.956518175317294328e-01,6.715542791814060886e-01,7.729214746613172204e-01,5.616787877964568576e-01,5.898914957005182425e-01,7.107007020150707399e-01,7.588100380424185332e-01,8.839271164215066756e-01,9.017347952125142063e-01,8.365998863890818926e-01,8.589343703897901472e-01,0.000000000000000000e+00,8.704885724188049512e-01,7.571974305189099752e-01,4.610554307689592735e-01,8.801376375411467112e-01,6.874460789895691093e-01,5.401152384450176314e-01,9.208501303567222518e-01,4.120172275686911356e-01,6.775095673687288045e-01,7.805789999257363165e-01,7.587572250302286880e-01,2.009479482718108667e-01,9.652927745124476600e-01,8.486536301866436371e-01,9.851416087841518010e-01,4.758409116501458591e-01,5.708964631722800442e-01,4.761794470918578881e-01,4.234815970534649976e-01,4.449382081240896847e-01,3.837299381212893046e-01,6.429438943904380865e-01,6.733318592143527903e-01,7.918304952320387446e-02,7.244909447609017006e-01,8.862345186392582841e-01,5.238781259415080660e-01,3.741221998896022138e-01,8.408668300271460172e-01,9.432126013049246804e-01,-1.930560177114189480e-01,7.581439732828354483e-01,7.107362582525013073e-01,7.644829046413552653e-01,3.749072442527152660e-01,9.620967853431087180e-01,7.477199119003338224e-01,8.604133734721749471e-01,5.036882499414776504e-01,6.285951906517863730e-01,7.675473384381379383e-01,7.205739230471588375e-01,3.651353004876463637e-01,6.082608925934696043e-01,8.501816749107734550e-01,-4.115211565967746843e-02,4.148037028216404742e-01,5.752490239619671986e-01,3.611836567927343977e-01,7.029485703008522268e-01,5.069016445372148683e-01,5.991457392215763234e-01,9.656655046430790978e-01,7.588339716136238700e-01,8.347941018343476571e-01,6.627407630392629923e-01,4.210493015155197249e-01,8.858004335764385617e-01,7.659133490398624122e-01,5.041589046767078752e-01,5.994535872935838894e-01,6.757585747982670643e-01,8.019132911938934294e-01,8.963175979922213266e-01,6.149564692151556766e-01,4.694727697783507292e-01,4.543942070432711033e-01,6.839935092945225170e-01,4.305840592028541414e-01,9.256923289431173707e-01,4.926024719068493596e-01,9.891188504980422680e-01
6.987593561859102298e-01,8.359165876465450840e-01,8.973939002568864787e-01,7.765828357874163812e-01,6.790081145567479215e-01,9.778852483651778726e-01,8.789140311187838561e-01,9.403241992320716669e-01,4.140870761055402971e-01,7.396627502933337261e-01,6.290304722056193620e-01,1.512722139215510186e-01,8.704885724188049512e-01,0.000000000000000000e+00,9.567899899118637030e-01,6.940792372922530706e-01,9.337323033395426020e-01,9.278523298767589189e-01,9.077328428418869333e-01,6.888357873377497498e-01,8.545536525349695101e-01,8.885034275140832882e-01,5.561719235852691234e-01,8.032140274248009693e-01,5.596209931657095682e-01,6.653458340863228626e-01,6.022659946337868275e-01,6.910887460030761265e-01,5.753732432541361907e-01,7.319125578618297379e-01,7.280173455203191313e-02,5.702788044191213768e-01,6.800055321434498312e-01,6.426281159125762921e-01,9.684101108042534323e-01,4.095407438707124315e-02,5.961885913604235698e-01,9.724550310831555633e-01,4.297334548675929566e-01,7.638665380951743522e-01,5.436495963289168509e-01,8.753528916331740906e-01,9.617564086049650296e-01,7.554651465281428946e-01,7.468588300738976393e-01,5.445481301324522905e-01,5.240242364288122401e-01,9.654263181230586799e-01,6.037430288138062595e-01,4.123814644684180991e-02,6.150138293511006049e-01,6.584765266648422433e-01,7.393212116109787457e-01,7.640970948342229452e-01,8.675444819530178098e-01,7.507838043506613879e-01,4.932215638096254517e-01,8.910187151569886055e-01,6.748549582757800147e-01,5.575705183022412470e-01,1.083803357212986818e-02,5.445363889663581425e-01,4.472782733733689509e-01,7.538998410958324126e-01,8.871586483016117297e-01,6.352689854355790811e-01,8.924980961079328479e-01,9.987906908053678645e-01,3.495725569419833034e-01,6.318583297164802604e-01,7.314986613327155718e-01,9.730107144392030616e-01,7.648581005288805912e-01,5.871851497182070112e-01,4.523981652564358358e-01,8.057769693631453567e-01,8.347652309273201343e-01,8.862800687159424484e-01,3.058969460246543370e-01,3.911249341652041078e-01,6.548183478614891806e-01,7.450240710875911665e-01,3.485045122543172225e-01,7.556690135313626211e-01,6.635459925613691468e-01
7.243152533798575821e-01,8.952830830182881838e-01,8.337347375023150819e-01,6.075378058653757574e-01,6.794596109642476733e-01,7.109478609366011170e-01,1.500869803039034389e-01,2.674978266898660473e-01,9.856291717852151413e-01,6.301762727951497611e-01,8.454623061285750918e-01,4.139725800614071916e-01,7.571974305189099752e-01,9.567899899118637030e-01,0.000000000000000000e+00,7.662834730533495398e-01,9.819992227436060706e-01,6.230876468436824522e-01,8.941138857795700723e-01,9.784841197528043599e-01,9.313838436564727541e-01,6.919548453049120251e-01,8.905706993449447051e-01,9.963017617902556466e-01,3.282063500165878223e-01,4.372646994602077397e-01,7.131167718012231260e-01,1.599044146967020796e-01,2.007148255741223186e-01,7.193876995134939056e-01,4.280070310109045373e-01,7.846939109599914142e-01,7.193503667107581379e-01,6.614482998942020631e-01,4.545509265197492654e-01,8.662724709645942545e-01,6.300071313062913791e-01,2.334387589448982114e-01,6.098660386583785176e-01,7.909231132534708664e-01,5.136388570748229299e-01,8.998373509243212665e-01,8.259860131479580536e-01,6.698651769699169867e-01,9.422504650696368333e-01,2.790817032850718138e-01,7.637983781571684450e-01,5.480739136759229524e-01,6.255464051976807882e-01,7.439188195734137699e-01,3.385517130561879195e-01,9.358856263387610452e-01,8.739299600877383778e-01,5.431067610395702294e-01,4.427887493407673403e-01,9.278430704786333472e-01,5.036511074389448117e-01,4.384866375398298044e-01,6.720520695497272934e-01,6.218858607947399531e-01,2.093250886477969197e-01,8.694562653414736886e-01,6.001120726235975589e-01,8.526205030141844610e-01,9.908343929860506938e-01,5.409250455497166543e-01,9.307132698345945698e-01,9.680572006166735521e-01,7.762161289522037100e-01,5.464154086816259692e-01,4.734227951964352643e-01,3.548825086028645215e-01,5.916010172414980506e-01,-2.252279732255155209e-02,5.851803836826159344e-01,9.090420734237556477e-01,9.768449354885386793e-01,4.474764593014162739e-01,7.348046029472179441e-01,1.528454301871282339e-01,2.962551009231347288e-01,7.489986819969775000e-01,8.900061980032890618e-01,6.169629682036135154e-01,7.954943322610363854e-01
9.793972144153366699e-01,9.893396028526001418e-01,8.545965628561331684e-01,7.903649542540767126e-01,9.752691120471320696e-01,8.592580291420769401e-01,3.307014130493894366e-01,2.780072167699592089e-01,5.013401294206500936e-01,3.116617888077041765e-01,4.537975202986179180e-01,6.173361010514125669e-01,4.610554307689592735e-01,6.940792372922530706e-01,7.662834730533495398e-01,0.000000000000000000e+00,8.908547334362031389e-01,8.512005958759343294e-01,6.627674455372065676e-01,8.427849505299748190e-01,3.414004655153656254e-01,4.129208197148828696e-01,7.442478782254804415e-01,8.440041954274085656e-01,2.149560241223650303e-01,3.828571974655240462e-01,8.913014098610678726e-01,7.631612658997100063e-01,7.035929742865120184e-01,5.367304072798944059e-01,1.689589585907846636e-01,6.776091509759762932e-01,6.166588568790223324e-01,9.276920469657514712e-01,8.518596472313658685e-01,7.378542923193964764e-01,5.544485759221258192e-01,6.412199872021937530e-01,7.941625736740466346e-01,7.175524868155209735e-01,3.013695677305231468e-01,7.893309113677415834e-01,8.046659474290921432e-01,8.424573701928533831e-01,8.952272401870075003e-01,9.430514967617086297e-01,8.037939951567758534e-01,9.371491260080204722e-01,6.155762578399778251e-01,7.337918319703801151e-01,9.702193795744740168e-01,7.176879147027269701e-01,6.930154316119635505e-01,8.894429667734640166e-01,7.192532173062533563e-01,3.473613010669066581e-01,5.023636124680636028e-01,2.027945874068436960e-01,9.153338441155338678e-01,4.212239586661988278e-01,6.579968327461360733e-01,5.817993881422389713e-02,7.190004141278345529e-01,7.863477712064099734e-01,9.448870194826898272e-01,5.573868686938863171e-01,5.830378280876034047e-01,8.455326273824967931e-01,6.656027757421183466e-01,8.673864508058274359e-01,6.952329174599998218e-01,6.025403342841856302e-01,4.468297173090616803e-01,6.158892936253389516e-01,4.608187780076870577e-01,5.836444412934340686e-01,7.417462697498206081e-01,6.527817952798624646e-01,3.166923717321381004e-01,-5.838545783011753199e-02,8.213933596915037327e-01,2.804705856482326287e-01,9.731464180990411217e-01,-4.269733912587730940e-02,7.677419452972105152e-01
6.081059173962914954e-01,4.178721219309342594e-01,2.567990843064040241e-01,9.313054935835094472e-01,8.521722218882836763e-01,6.238168822745799869e-01,9.354569943558392886e-01,7.109507506736356675e-01,2.992925057781525289e-01,3.791059501774909357e-01,6.729712391150985962e-01,6.002591038656966971e-01,8.801376375411467112e-01,9.337323033395426020e-01,9.819992227436060706e-01,8.908547334362031389e-01,0.000000000000000000e+00,6.543882157265251687e-01,2.753507410560191992e-01,8.725717097939412747e-01,9.364845708981763828e-01,8.936774536375742262e-01,9.130014347832382526e-01,9.130618388648675809e-01,7.098462934718882122e-01,9.912683047960683114e-01,9.601427547377423544e-01,8.408457634689427973e-01,6.024305512660784734e-01,5.371423219493641765e-01,5.980061569380095143e-01,6.996863228442146143e-01,9.521089282679898735e-01,8.658579634663239322e-01,7.140023176959242601e-01,4.162277564182250700e-01,2.208178177409374776e-01,4.686990905026240939e-01,3.615517416421236696e-01,7.072103932210561661e-01,4.993758370932115387e-01,4.995566518945353529e-01,3.447341026393438979e-01,6.709873142906133126e-01,5.587904925219613350e-01,7.051863567061926741e-01,7.629362137356270335e-01,9.919700529527930577e-01,5.409572373313996652e-01,9.596984256356353438e-01,7.998340145662987677e-01,6.515483308851099942e-01,9.652550339582078864e-01,4.538971963309832436e-01,8.117532228464717781e-01,9.928717108814253400e-01,7.174458087677206830e-01,5.637334338516841736e-01,5.053188048483997497e-01,6.523041311751700544e-01,4.327624106394288295e-01,3.464724507411203192e-01,8.996564833509425041e-01,8.477303242053769727e-01,6.550008069528525656e-01,7.348450104941921524e-01,7.176363719191215518e-01,5.043429861060485520e-01,6.897697860329232711e-01,6.863587919784146507e-01,9.742376314284337813e-01,4.101970307080531342e-01,3.671585854831744822e-01,7.688137494426902085e-01,5.742146161382065683e-01,9.948621101828475366e-01,8.250711815706668339e-01,7.756731872325887123e-01,7.268860954112296158e-01,3.183996477437452122e-02,9.269813862945210925e-01,8.064626651361488374e-01,7.276599262291529868e-01,3.773101130691904892e-01,6.077197290018967468e-01
8.022769579124936490e-01,7.824302149024509045e-01,8.703809539524804961e-01,6.728619371907844648e-01,8.934986288980905078e-01,7.730499564552826275e-01,4.286774358411004626e-01,5.766864958095170302e-01,7.086290204385713443e-01,9.931940671667541798e-01,4.363375441733073345e-01,8.824225604071624929e-01,6.874460789895691093e-01,9.278523298767589189e-01,6.230876468436824522e-01,8.512005958759343294e-01,6.543882157265251687e-01,0.000000000000000000e+00,7.850248826855557027e-01,7.568292627701924680e-01,8.640845094560112294e-01,5.436129581369054664e-01,5.630473438407952447e-01,9.430465490944932583e-01,7.309772439648193343e-01,7.646292120220965494e-01,5.353831628585832281e-01,7.132613745343714395e-01,4.598309224537783235e-01,5.716366697123054230e-01,8.665945361299526306e-02,7.977898234642611941e-01,1.867336322182606631e-02,6.465121765482362282e-01,5.650104656903944811e-01,5.582754215124596797e-01,3.765888607467958726e-01,3.704683140471424219e-01,8.758965467689941997e-01,7.229019517402960338e-01,4.122926114054444868e-01,7.892614943655947846e-01,9.560935445952509770e-01,9.333000407447875624e-01,7.940777533869770588e-01,7.707374307578176431e-01,9.199653876002251707e-01,8.471120531672409193e-01,2.665560993111480426e-01,5.809137966907589323e-01,4.484671963726177268e-01,7.642824173252744657e-01,8.667675726745025511e-01,5.443314768433257234e-01,7.883460203233667585e-01,9.927245577145012989e-01,3.700297273881493210e-01,6.108579961438210804e-01,9.472129167024605501e-01,4.503230409314553095e-01,7.398879821603022711e-01,6.378203978398010454e-01,6.802330128171065748e-01,5.502888338389890777e-01,6.719306800520375988e-01,5.718990072604857033e-01,2.287714661073618205e-01,1.038202653158273592e-01,3.322125446829932160e-01,5.344754412521145470e-01,8.670842934669391600e-01,4.081081010682202637e-01,8.646281438314695755e-01,9.417511662321588137e-03,2.788464994645095119e-01,7.227424263531093684e-01,7.220701827132672834e-01,4.403193044765580377e-01,4.041093594386276078e-02,4.125831762473431974e-01,4.515185334082458257e-01,8.874015659772974685e-01,9.493667049790425194e-01,7.771112400135149478e-01,7.247125024476261945e-01
