0.000000000000000000e+00,8.130638070016111829e-01,4.444045494205468017e-01,8.566282383884037399e-01,8.235985125433096243e-01,6.553931337009549773e-01,9.883561170152204145e-01,6.974907273836583599e-01,8.803385660760449927e-01,8.545426166607298368e-01,9.949905247828325638e-01,9.706806693705269939e-01,5.225278008700254828e-01,8.830911309454672065e-01,6.330571509459635982e-01,9.424609241659618331e-01,6.463376144775644372e-01,7.997412128541740994e-01,1.685676857970145048e-01,9.555725167307719259e-01,9.015580779565891545e-01,4.630198846535376611e-01,6.602345035672939622e-01,8.157470142705801619e-01,5.438752221728717640e-01,9.363140946547451327e-01,8.328453075574255848e-01,8.697869851411391684e-01,6.606711356538437219e-01,2.123632207582323850e-01,4.401579000413464171e-01,9.381843709756642058e-01,2.985176028472248944e-01,7.300160687925392189e-01,9.117383409789135973e-01,4.246333624443550669e-01,2.743189509380215552e-01,8.211930629724653041e-01,7.055653775363802671e-01,8.546869933350539350e-01,9.533518368816883415e-01,7.606260158720240527e-01,4.378643959166444999e-01,1.686702515312680228e-01,8.761147574726005915e-01,4.454814115390948182e-03,7.656433965995339541e-01,8.712970996229070231e-01,7.285904961894946741e-01,7.655514886039433975e-01,2.559404830729751779e-01,6.701755278372979463e-01,7.622696697356936557e-01,5.018934635723246718e-01,9.611483877929658526e-01,8.406574693995413350e-01,5.120302569058337028e-01,8.743342594859586647e-01,8.521330451251903915e-01,6.674394005274830732e-01,5.666871580902643757e-01,8.292664509317131394e-01,4.870859951155148693e-01,8.709706074302769885e-01,7.821124403642590872e-01,6.042156118343605664e-01,5.196401282895019014e-01,9.639999545825691518e-01,8.288897727965318651e-01,9.776573720549899260e-01,7.239804471707842470e-01,5.488843462108776716e-01,4.725850066645876368e-01,5.790942447574491947e-01,6.797265109106427339e-01,7.447394209266148257e-01,2.061509763951773766e-01,7.127135535138123812e-01,2.208434323702100355e-01,4.166452592428828150e-01,9.040005868280489576e-01,8.192238981739539128e-01,9.117601435253924747e-01,6.603753776607109716e-01,9.237059585793920835e-01
8.130638070016111829e-01,0.000000000000000000e+00,8.915929112674434442e-01,6.375042285279203247e-01,8.771802027300286131e-01,5.774787505593518278e-01,5.257670781003940252e-01,4.292727220941299215e-01,8.728916189177799989e-01,6.838659204633428246e-01,6.955155980979030872e-01,8.132694817673443710e-01,6.378220013433297808e-01,9.102800034509066496e-01,4.385588843332980935e-01,3.802535512634893089e-01,9.294823335157611499e-01,8.667433284631645973e-01,5.789360670710360646e-01,5.803929027628171866e-01,4.368454993275712739e-01,5.237150253651964293e-01,7.688236099092617959e-01,9.646085907370653967e-01,3.824709162264872120e-01,7.671270293635495952e-01,4.071222948013193399e-01,9.773816429579116338e-01,4.383517548237088335e-02,7.483776209405424984e-01,4.578146065977514723e-01,5.200708402494320648e-01,8.319553447397642909e-01,9.835778502024773440e-01,4.570299807390857394e-01,5.470681849385476969e-01,3.887369275293601767e-01,9.791643062798602859e-01,4.377572569976483918e-01,7.709535442520212278e-01,6.101185211633984862e-01,6.258422458379753195e-01,6.441772037565498543e-01,8.680315197527784798e-01,8.174866008923117322e-01,6.327654335620794823e-01,6.937863110446893522e-01,3.705585721779858233e-01,6.272255004902500541e-01,6.949979916634418942e-01,5.448316354687080532e-01,9.114726835099439262e-01,7.444173296168300480e-01,9.211069086248577786e-01,7.203388442946733194e-01,7.434467759467883186e-01,5.327101358633314909e-01,5.181947745751144252e-01,9.010900490953472897e-01,1.059175283429924647e-01,8.015664964260356129e-01,9.756024341823916757e-01,5.318309842806595578e-01,9.583215440894737869e-01,7.250889344139130888e-01,9.592808869584846798e-01,6.504102657308048485e-01,8.747770631415305864e-01,5.119868988326155002e-01,8.549424114975433531e-01,7.150775170514888091e-01,3.626054322702780830e-01,5.847766178862936481e-01,9.168301455504714870e-01,8.103386400164450665e-01,7.279739068277466529e-01,4.692663849186071712e-01,6.298470719307357468e-01,2.384858022827718305e-02,4.630241358798821150e-01,4.902687864693726083e-01,7.591555195118376842e-01,9.082412755901773105e-01,4.382400288062703320e-01,6.155116311346171543e-01
4.444045494205468017e-01,8.915929112674434442e-01,0.000000000000000000e+00,5.767673406134644631e-01,8.268223176543664232e-01,7.625137551885270426e-01,9.308970129456035636e-01,8.591799112703045749e-01,3.204267894792023896e-01,9.095773971985745554e-01,8.420474849289820707e-01,4.994633738476310647e-01,8.439871581849990312e-01,8.210668109353633781e-01,8.435180847294418971e-01,6.097465977248747171e-01,9.389980300385593059e-01,9.743667255046305486e-01,7.249994366644025856e-01,7.381909400114037290e-01,9.934318150553558269e-01,2.161387262373373752e-01,9.922655717523789498e-01,8.820289185581399183e-01,7.603451811169062990e-01,8.417759753871896233e-01,9.140321506702256960e-01,9.960943557714583285e-01,4.637485881540320265e-01,4.897115975127249166e-01,5.676637137436673086e-01,9.298877137568899442e-01,9.980331550694531151e-01,6.611697609089466354e-01,4.919977619484466880e-01,3.214862990112493102e-01,6.992445344338997781e-01,7.424872788171743565e-01,8.287345744821627003e-01,9.725714258881479335e-01,6.499853569479931981e-01,7.491141372918846963e-01,7.767518141474710758e-01,7.987890446589392957e-01,7.133560655067305856e-01,8.177773498551862419e-01,9.931370318593595314e-01,8.448173783337792342e-01,8.272901959449131537e-01,6.264917112940637800e-01,1.584832707188993384e-01,6.902126001095495456e-01,7.243765114583267106e-01,6.937733600505840981e-01,6.008674314770861002e-01,6.678240046009080721e-01,8.167053050588851670e-01,9.697834123464024181e-01,6.666249632591396690e-01,7.241510111445281783e-01,1.787037757465027299e-01,8.247581984774061681e-01,6.117764306475079739e-01,8.516891275636502279e-01,9.067526497169774435e-01,8.562330515006444376e-01,9.573286665382555460e-01,7.813956164649116243e-01,9.787049447930293855e-01,4.058925498350436367e-01,2.492974916896711080e-01,9.007840822724568763e-01,5.309586031197215394e-01,3.605402319322067450e-01,5.294685222416539716e-01,8.809773909590203900e-01,6.383510416529921683e-01,6.025108448817098061e-01,5.355015642375891005e-01,4.808428360267247292e-01,3.870083966126790509e-01,7.966705476353010962e-01,-6.516756166898238223e-02,3.415171803910107551e-01,9.226855303865284519e-01
8.566282383884037399e-01,6.375042285279203247e-01,5.767673406134644631e-01,0.000000000000000000e+00,6.797842204927107002e-01,6.805412435343670685e-01,7.399092720193550798e-01,6.363934382323437333e-01,9.018068117279919305e-01,9.021546611268851379e-01,9.646684352370991089e-01,5.522544109410539859e-01,9.300510115362832231e-01,9.215848279398060061e-01,8.999382562641539129e-01,7.009767532627683151e-01,9.344846298423625797e-01,7.324034152824547839e-01,6.577056658107958143e-01,9.946600325131946807e-01,7.082460315227353531e-01,6.641658489778053953e-01,9.160394378054739217e-01,7.196937347191606493e-01,7.516721540656634559e-01,6.730216974021138165e-01,8.535103583721512788e-01,4.402825495089016661e-01,9.155381371078679109e-01,3.125305198897357917e-01,6.490265983757191603e-02,5.434344354006532818e-01,8.725383479328862046e-01,8.004102653384080890e-01,6.276494327992087063e-01,2.720052845185396140e-01,2.303009007098851535e-01,1.815778149670943531e-02,8.616039388967973167e-01,5.609548398598556140e-01,6.606696106695941761e-01,7.973671129671906499e-01,8.724432665609340720e-01,7.884137006920768354e-01,8.357141139114927508e-01,7.819172585680600474e-01,5.887774908937595253e-01,7.250085194352973161e-01,4.852448765019937715e-01,7.814238404622722012e-01,2.709065764826269485e-01,9.332783279705343382e-01,8.226617419460118263e-01,5.892886930727991857e-01,4.274827463324667454e-01,5.230825359463987523e-01,6.880918079275999411e-01,4.620540586397231531e-01,5.016532683440328988e-01,6.138183483084820313e-01,4.536780278360540986e-01,7.925424346757856675e-01,9.193586274216611898e-01,5.764321124312863365e-01,9.367489264635526780e-01,6.925724743335518463e-01,7.067744949039440616e-01,7.943585823377605770e-01,5.624031066451757876e-01,3.146100380769945026e-02,8.218135177513975487e-01,4.323048901408311218e-01,5.535820795534284189e-01,3.548294980973520363e-01,3.481698095750851429e-01,1.978093461651676821e-01,4.330211871760133446e-01,2.112326662851917169e-01,6.074014595247274606e-01,5.333195536162114170e-01,4.515554533875967835e-01,7.143992327697057387e-01,9.490948566198136316e-01,5.532207916893867594e-01,6.805496700550058842e-01
8.235985125433096243e-01,8.771802027300286131e-01,8.268223176543664232e-01,6.797842204927107002e-01,0.000000000000000000e+00,5.159727061684742377e-01,7.244720861039665172e-01,7.345491260473078210e-01,3.442227535176696218e-01,7.440959002623517282e-01,8.291081544075148413e-01,8.743222055364505696e-01,8.962678135611928942e-01,9.195594500118423609e-01,3.330246644643678477e-01,9.801491666418502557e-01,7.739366223317324378e-01,5.743894012372614544e-01,6.338633536127032952e-01,6.576213576215069745e-01,8.445830524234205772e-01,6.417317430023390390e-01,9.855283690133351815e-01,7.411373053359667784e-01,6.366589896186720665e-01,1.019320200463809216e-02,7.554304466253493056e-01,7.672010754690664625e-01,4.755102765803071452e-01,5.996554074647769683e-01,2.621197695033005703e-01,6.360693662310257235e-01,7.137111227109713685e-01,5.782980853969886814e-01,3.655483237191400891e-01,4.592165342385020055e-01,7.093781115429639295e-01,7.367768316499109238e-01,9.610022887245560641e-01,8.355276103864620607e-01,5.890111292568458445e-01,9.024757555737658032e-01,6.667381556573462875e-01,7.404748317636126176e-01,9.550730860836349478e-01,3.040944496198856317e-01,9.564448835705232632e-01,8.802864093376043808e-01,7.864554392684037776e-01,2.471351282065381294e-01,5.762782719801290421e-01,8.418056051708833198e-01,2.252944161780260635e-01,9.209176532168756868e-01,2.513052786106685921e-01,9.629942427808768635e-01,4.294299500151787519e-01,7.364174878557396831e-01,6.473796499753299294e-01,6.246469320977826589e-01,3.472746058179433937e-01,7.892753472136280202e-01,4.993117232504487579e-01,6.602935956550173291e-01,6.298369251576567684e-01,5.368511591655895643e-01,6.007234376636192419e-01,9.860524690742014098e-01,8.241440429982851423e-01,7.873533182172995915e-01,8.114145081180832442e-01,5.838573862618755550e-01,7.200940212108235539e-01,7.118168607273388515e-01,6.908842984536404108e-01,9.085926026953218271e-01,9.267094624678571257e-01,3.466227116571909406e-01,2.007908735239236075e-01,1.425338115749099077e-01,9.099480062810335612e-01,8.206572451303898452e-01,2.355061271244869026e-01,8.056238823032316199e-02,7.895630456135882547e-01
6.553931337009549773e-01,5.774787505593518278e-01,7.625137551885270426e-01,6.805412435343670685e-01,5.159727061684742377e-01,0.000000000000000000e+00,9.461655035238940581e-01,9.173011007596477695e-01,5.131457001518043848e-01,5.073506285783412340e-01,8.717359412443055344e-01,8.629697646763108132e-01,5.162550031555939167e-01,5.189459479626741256e-01,6.479726688926547018e-01,7.086507108119394216e-01,7.186429315687180575e-01,5.548983437818401088e-01,4.859303048049024576e-01,9.906884110322651260e-01,6.966290151529287433e-01,6.677621154406639947e-01,6.127459935550162440e-01,9.771110293990581397e-01,8.514264066480125778e-03,9.029601003948666271e-01,8.948102811013606273e-01,4.393257129915092984e-01,7.818379983259264865e-01,5.149953972846607053e-01,1.482584683807255388e-01,4.872597190136922496e-01,7.737028833051629029e-01,7.570146100299420810e-01,8.999146912807246546e-01,2.357569492254472932e-01,4.941574645192770565e-01,1.802624656388845947e-01,9.801999641550697140e-01,6.414701756307659153e-01,4.165740938874473720e-01,8.266633906480326255e-01,6.383888039157142869e-01,3.864773549963144150e-01,9.841997255179637527e-01,7.885581839740916088e-01,2.074923521480352417e-01,6.887672452103025256e-01,8.694874436502049164e-01,7.356583636347900912e-01,9.621057227299312231e-01,8.462234865161208930e-01,2.501005997456022811e-01,6.490625668197272935e-01,7.817170866221273551e-01,7.312523564953394839e-01,9.769384466152084556e-01,6.434893524675839860e-01,5.015308866264162058e-01,6.929634718553637773e-01,5.093020406466225447e-01,4.776851633555724286e-01,7.619526624301958817e-01,6.368454159091965217e-01,7.576355646375930730e-01,4.421733031558303662e-01,8.683160756188769147e-01,8.028479738593533588e-01,7.330600846813282168e-01,5.731114631659525172e-01,5.244774266506708749e-01,7.969295366012247861e-01,3.754246005869134040e-01,4.624747898772063048e-01,4.785044890523604266e-01,7.871894028179218239e-01,8.978107314474811362e-01,2.596311793413370594e-01,4.732353204891351361e-02,5.674757259724577674e-01,6.264301767619261385e-01,7.955618837263085386e-01,8.894431374407409940e-01,7.358512012914554257e-01,6.784764773445521868e-01
9.883561170152204145e-01,5.257670781003940252e-01,9.308970129456035636e-01,7.399092720193550798e-01,7.244720861039665172e-01,9.461655035238940581e-01,0.000000000000000000e+00,1.959322750723988676e-02,4.188399321476915516e-01,6.279320713591770575e-01,6.094556932294665774e-01,7.383226432696639030e-01,9.952462109743217544e-01,3.602434893039391239e-01,7.483678204920213295e-01,4.684584563480138630e-01,3.436851415221314765e-01,6.618715123520910737e-01,4.860304335292185973e-01,9.885548057780778608e-01,9.928615319850104814e-01,4.186952129793080069e-01,4.425981454955602579e-01,8.564270608696408216e-01,6.213895266340734302e-01,6.331706789004255542e-01,5.439805342268699828e-01,5.178236095173704978e-01,1.507482471441651262e-01,6.648845481965711679e-01,-1.264533506648833905e-01,3.096210628280823274e-01,6.714906857923450545e-01,7.033683258145511097e-01,2.891374966164385052e-01,3.138376364171367450e-01,5.233205169904963094e-01,6.712504342382771272e-01,9.766302553195728153e-01,2.120581813689809692e-01,4.514513883146298867e-01,2.491288318478640795e-01,7.394302584928327260e-01,4.677119973587185453e-01,8.793109780043880663e-01,7.309900304273384553e-01,6.087490709227449948e-01,6.749532429046120052e-01,4.155146919585637200e-01,4.138838180313351711e-01,7.162666546960934078e-01,3.211224408195679780e-01,5.219901661524899428e-01,5.900995936736513903e-01,9.975856794506896552e-01,8.137149540249674073e-01,5.554914146414474674e-01,6.241941960648376142e-01,5.047590038222965481e-01,4.855403655207278235e-01,5.510608493624389315e-01,8.426089823090410214e-01,6.871309880305139783e-01,7.214037533895614196e-01,4.152778664887459281e-01,6.884420283191674539e-01,4.200757839231333279e-01,4.797868975952158666e-01,5.879153650865344138e-01,4.232963139117299489e-01,8.776947628822656666e-01,4.763295825595471600e-01,3.204038726251495772e-01,7.948119185278694765e-01,6.257662255001009699e-01,6.016457020341244855e-01,6.635416612791766866e-01,5.988864536336213629e-01,7.227944047647134607e-01,4.990462735213473944e-01,9.753139983575429550e-01,8.846818335136406031e-01,5.676020297380942603e-01,7.996854983534941175e-01,7.965370759437813142e-01
6.974907273836583599e-01,4.292727220941299215e-01,8.591799112703045749e-01,6.363934382323437333e-01,7.345491260473078210e-01,9.173011007596477695e-01,1.959322750723988676e-02,0.000000000000000000e+00,8.031656702624677679e-01,7.611096654586987365e-01,7.240721894927177882e-01,1.539518357624052036e-01,8.264721877008408546e-01,9.940753545131340019e-01,7.243935679166557673e-01,6.455056382110677671e-01,8.551101217995671355e-01,6.032466221403449680e-01,5.472554762756206559e-01,7.855444365415220620e-01,8.659693629835357731e-01,9.411941001089809689e-01,6.891964082856357754e-01,6.209132224147110302e-01,4.649658820034269224e-01,7.927102187436765313e-01,6.968687775869834011e-01,3.905558147531114077e-01,8.037783410636879511e-01,2.995722951006034029e-01,3.785287500700164065e-01,2.468854343029067144e-01,4.164166960368361203e-01,8.607664443446374491e-01,7.951360476851985215e-01,3.688942441269008610e-01,5.195395785311915926e-01,7.302293823625380931e-01,4.553637917463438378e-01,4.918415173901063975e-01,2.780716709640478901e-01,4.330528606494298272e-01,8.247415386177811003e-01,4.505212464913908588e-01,9.725850320497038126e-01,6.297707901836442357e-01,4.394175494202571808e-01,6.191176678498628849e-01,5.933023280513418651e-01,5.602228745494197693e-01,3.832971507310863890e-01,5.022372393472207541e-01,8.502495368660571984e-01,5.349521439393141176e-01,7.881215380166908258e-01,6.674997551237589200e-01,7.899546792260103353e-03,4.386389162910658834e-01,2.616203152199272908e-01,6.488814198782653087e-01,3.121535292497138459e-01,1.910764744699992856e-01,5.829443043148980763e-01,7.623958902011842564e-01,9.491090041847897174e-01,6.288888458562942319e-01,4.883167399757610827e-01,6.191118536787492133e-01,-8.635427751084505388e-02,4.849324758936623958e-01,2.914168559692981164e-01,5.209404483263957442e-01,6.534948607053824299e-01,1.697096127309747488e-02,4.778599274563101740e-01,3.380444221846314878e-01,2.902889698038745303e-01,5.763311597953515442e-01,5.189795462447338581e-01,5.922877361285647790e-01,3.793231310719193949e-01,9.086498783223329045e-01,5.059442400632492287e-01,5.626395344501499141e-01,5.000398263605597693e-01
8.803385660760449927e-01,8.728916189177799989e-01,3.204267894792023896e-01,9.018068117279919305e-01,3.442227535176696218e-01,5.131457001518043848e-01,4.188399321476915516e-01,8.031656702624677679e-01,0.000000000000000000e+00,7.521683558925735813e-01,6.793903396814389151e-01,6.428586425114489744e-01,7.916468535210567925e-01,9.045125698812633841e-01,9.462791864836084255e-01,6.549922475760425744e-01,8.070519512705913723e-01,5.910781662108099965e-01,5.645546318755572113e-01,8.385346792607223376e-01,9.156531942756023223e-01,3.076530492748736911e-01,6.623779439387447177e-01,1.788669292088651552e-01,7.215623053882169735e-01,4.214972895035766776e-01,6.148903552777307269e-01,6.385477082487409639e-01,7.608384542645691972e-01,5.849243164048305577e-01,-1.946563781237269641e-01,6.719923101342171190e-01,4.737211595334174241e-01,4.707543885284504181e-01,8.484506381844014733e-01,3.298683578269737682e-01,2.762629002060783545e-01,6.748164399405764957e-01,9.181392294438027735e-01,1.046086826044306389e-01,5.306339802200426004e-01,7.065229256868854613e-01,6.595726331755967786e-01,6.772888681470894401e-01,7.512409986836167120e-01,2.696385481127233086e-01,7.028640204022340576e-01,6.164330354733016382e-01,8.841960625170384169e-01,9.097449122642197183e-01,5.131305707129731886e-01,9.003212681593114608e-01,7.968521496177527474e-01,5.586468172479333028e-01,9.086692629155979084e-01,7.788277475846818731e-01,8.494824493467215687e-01,8.643382337989413688e-01,9.849154390906940393e-02,2.073764683126323449e-01,1.334900883975257135e-01,6.212850034264487675e-01,7.678468011264556470e-01,6.717601568115797450e-01,8.675441187989729741e-01,5.412597853936216286e-01,6.152989846325664924e-01,6.529669943975695556e-01,4.812930295504823097e-01,7.548962327939290340e-01,9.137374897634592541e-01,2.854649185075542328e-01,4.419381973364381877e-01,4.288515368098483327e-01,4.264206252106622630e-01,6.831796178462454794e-01,9.408444852522110935e-01,8.881454812073896754e-01,5.319087035696266064e-01,3.592328762663866137e-01,4.903589670280709689e-01,7.007048675029806661e-01,2.166910597642679737e-01,5.154422352126999396e-01,2.171386094819394985e-01
8.545426166607298368e-01,6.838659204633428246e-01,9.095773971985745554e-01,9.021546611268851379e-01,7.440959002623517282e-01,5.073506285783412340e-01,6.279320713591770575e-01,7.611096654586987365e-01,7.521683558925735813e-01,0.000000000000000000e+00,9.011484191157226320e-01,7.729238586514122211e-01,7.116035118802335191e-01,4.411085400180930205e-01,8.720228406183068159e-01,9.432894065487313906e-01,4.774155297541034515e-01,6.086705256261814023e-01,8.205874404249303700e-01,6.525056672439326633e-01,9.349406306016729840e-01,7.687817273235352244e-01,3.008815542198015752e-02,8.151875571953836053e-01,4.792360231586301200e-01,5.248236968636663669e-01,5.483686487503671714e-01,2.557904082240597399e-01,3.261404776440588460e-01,7.728728072145343297e-01,3.414615282948201269e-01,9.377623372748529196e-01,9.330467190759715868e-01,8.998613842452085620e-01,7.182321775580889911e-01,3.076927598685491039e-01,4.002232851077408560e-01,3.060886334065116565e-01,9.737999341931515840e-01,9.739396036103604715e-01,7.193477091157525205e-01,9.505485999942711040e-01,9.975028180669129885e-01,7.501342841178926246e-01,4.958227172635698565e-01,4.408378339949097779e-01,8.921035010295450540e-01,9.834392056019120032e-01,3.759556475742813486e-01,4.326471704114395744e-01,8.936485673875133040e-01,7.582552326683233979e-01,7.338901224568139536e-01,7.384869732637484585e-01,6.379376376455749842e-01,8.491790773531613379e-01,7.043182449046493376e-01,4.354982711690572605e-01,9.084493057591664922e-01,7.477497881524517442e-01,4.785583068395432016e-01,8.390633311885664636e-01,5.164666240043550571e-01,8.369850433735288586e-01,4.226686994704109135e-01,3.134687034663763416e-01,8.669640254682354774e-01,4.651799174603052922e-01,7.233270001678918648e-01,5.924865600098062624e-01,4.727107968324254506e-01,3.407291968020499939e-01,9.176620975189372365e-01,3.748282995655444205e-01,3.355044529289905597e-01,7.554739161817507487e-01,6.034022291806711014e-01,8.591303685130067258e-01,4.868227607799783807e-01,7.926692429831912190e-02,8.680637940009483522e-01,8.627689997444436543e-01,5.698774189419741898e-01,7.142663360847476550e-01,2.208254264288962987e-01
9.949905247828325638e-01,6.955155980979030872e-01,8.420474849289820707e-01,9.646684352370991089e-01,8.291081544075148413e-01,8.717359412443055344e-01,6.094556932294665774e-01,7.240721894927177882e-01,6.793903396814389151e-01,9.011484191157226320e-01,0.000000000000000000e+00,4.113048762942356773e-01,9.214520495140963163e-01,8.780567372937888582e-01,9.211377915121067295e-01,5.470817938133696323e-01,6.674944951287944406e-01,5.553031438950821741e-01,6.780232278757531983e-01,2.871858150376150887e-01,6.109123342984745797e-01,7.146578905489316957e-01,9.171099312575510254e-01,7.147548364647562380e-01,5.880824024630784130e-01,9.540349467793975968e-01,9.259123926467541787e-01,6.003107463709086433e-01,2.703461688842730970e-01,5.050899283315054555e-01,5.800327001921731229e-01,4.434566633344669273e-01,7.406291230072320486e-01,5.703034460338660683e-01,5.905378175668630769e-01,-2.336890412547796003e-01,7.843162735436415289e-01,5.766884243490016937e-01,9.732291384749539587e-01,7.719178027693884836e-01,6.594106066785614395e-01,3.997407028102417659e-01,5.703411376919239606e-01,4.815902598149028324e-01,6.838025394968288984e-01,9.217175592026787267e-01,6.120401402739590324e-01,7.943713757365833406e-01,4.402149145468456370e-01,8.685402078059615283e-01,7.448511170943713511e-01,6.631227940854761416e-01,6.264209334562458320e-01,6.271008314773420800e-01,8.639032421683685570e-01,5.194314336978124169e-01,6.173081644624196507e-01,3.680694708108580571e-01,4.516291779062598377e-01,7.372692357099710492e-01,2.528166661905403290e-01,6.507046897381232320e-01,9.323128743972630694e-01,9.159589566977482944e-01,8.221364006992408768e-01,9.560986421982415884e-01,7.257484490061744120e-01,6.994393092396412603e-01,6.801838527190346984e-01,6.858701267343049190e-01,8.728372141296202313e-01,9.823434960698640417e-01,5.731016516539408912e-01,7.506125919083913578e-01,4.415596527642797198e-01,4.482947328707822532e-01,9.395003457435133765e-01,9.224413754250688768e-01,5.729754339878223579e-01,3.327408385402874647e-01,9.164815996931111597e-01,7.385412042872434579e-01,6.464532537453157035e-01,5.236717543409258324e-01,7.926060023575858260e-01
9.706806693705269939e-01,8.132694817673443710e-01,4.994633738476310647e-01,5.522544109410539859e-01,8.743222055364505696e-01,8.629697646763108132e-01,7.383226432696639030e-01,1.539518357624052036e-01,6.428586425114489744e-01,7.729238586514122211e-01,4.113048762942356773e-01,0.000000000000000000e+00,3.952899443047459549e-01,7.389592997113136885e-01,7.252478514467519677e-01,-3.198443574736864470e-02,6.875688850136655317e-01,1.604848766512811942e-01,4.292574823052162092e-01,9.158912831295837886e-01,5.021972021574406808e-01,6.762058329559544889e-01,5.283357605599541262e-01,8.859089706630155492e-01,3.022677838957413265e-01,9.312506830730792329e-01,6.917557248812166160e-01,9.703710534755755068e-01,6.230623390528817751e-01,5.788211351165595264e-01,4.580212976827693905e-02,5.405190845227181295e-01,8.263801140043640636e-01,6.293866945964389226e-01,3.693369299638907810e-01,5.205033654409776389e-01,3.912726459406300483e-01,6.266220682124946650e-01,6.146195621630921035e-01,7.535673722065306945e-01,4.607900254257927819e-01,9.181514788961173679e-01,6.358085925418203166e-01,8.017247330135619521e-01,4.741964609153190846e-01,8.041583480476218737e-01,7.061596862182899503e-01,7.118825657162903831e-01,9.611168281532370683e-01,2.223591513092129657e-01,1.368366043906517164e-02,1.055397452192975427e-01,8.086720770112502121e-01,2.592985698292462615e-01,2.992355620531206850e-01,6.735620052687447679e-01,7.703828025119553446e-01,5.055301571680265171e-01,7.197340525479787310e-01,4.895232579829564834e-01,7.259409534334675396e-01,3.703289953928922129e-01,4.150037790523528614e-01,2.183553660459693069e-01,8.334705826017025920e-01,7.967199822692589972e-01,6.092135619258083334e-01,6.522790566122385059e-01,7.866491498409756700e-01,6.594941915736178828e-01,6.875237505184402798e-01,7.666075542962862421e-01,1.699419275497740245e-01,6.580300956858853301e-01,4.864412532073404960e-01,9.556137192206977105e-01,6.819051248886139893e-01,9.983565598880463909e-01,4.063832731695846134e-01,2.769525878196860136e-01,2.575934279897220125e-01,6.895337903123236467e-01,3.310568501966349997e-01,7.887526821434959201e-01,6.510630909029073710e-01
5.225278008700254828e-01,6.378220013433297808e-01,8.439871581849990312e-01,9.300510115362832231e-01,8.962678135611928942e-01,5.162550031555939167e-01,9.952462109743217544e-01,8.264721877008408546e-01,7.916468535210567925e-01,7.116035118802335191e-01,9.214520495140963163e-01,3.952899443047459549e-01,0.000000000000000000e+00,7.268092182392127398e-01,7.968808347396336700e-01,9.819951381323694939e-01,9.799046589089644987e-01,8.008931083863626288e-01,9.781402198905789769e-01,7.046311094617354609e-01,7.202445673829894757e-01,7.347254286234645715e-01,7.771029166150954515e-01,9.757566146456767564e-01,6.909322475220771587e-01,6.443386788890178574e-01,-3.350954475969349922e-01,7.236442671433667151e-01,5.402802484423214757e-01,4.103005595153538798e-01,4.632018420852592189e-01,7.942904355947081330e-01,9.720679043738205127e-01,5.967444060391673410e-01,8.023645681176998501e-01,6.632731145179184828e-01,1.650258824369720545e-01,9.144036685910943429e-01,6.558065666599115495e-01,6.676026971189457093e-01,3.050013021658208867e-01,9.713922606186623510e-01,9.200354190412125543e-01,3.700025604014175462e-01,5.950640886533489216e-01,5.629116520631410880e-01,3.010153176127148278e-01,4.349936583460568551e-01,6.659498568480060054e-01,9.177407111446556076e-01,9.933435064139658488e-01,9.639667803260489887e-01,8.135879219171152643e-01,9.071660776373117185e-01,5.043625692706201757e-01,8.964793714987711049e-01,7.500898230949659684e-01,6.938410314566884063e-01,9.969117907456788164e-01,3.263026214330189689e-01,3.590317126997678576e-01,7.844706011286859404e-01,8.446023459431002411e-01,7.958860218294088185e-01,7.229055184106103482e-01,8.189016805196788207e-01,7.085549469350739260e-01,9.978023174647322469e-01,6.453953593001033884e-01,6.913671398702753157e-01,5.044182641659765709e-01,6.496309551020617024e-01,2.064731615131916997e-01,4.481168973414115242e-01,5.857796928204421771e-01,6.305663973652687604e-01,7.229659928194551721e-01,3.738198894857179821e-01,7.725689143247600477e-01,3.137886508797805840e-01,7.217793964111878235e-01,7.482773428283939765e-01,6.013213994568227250e-01,6.586239828692156406e-01,6.927573036042067312e-01
8.830911309454672065e-01,9.102800034509066496e-01,8.210668109353633781e-01,9.215848279398060061e-01,9.195594500118423609e-01,5.189459479626741256e-01,3.602434893039391239e-01,9.940753545131340019e-01,9.045125698812633841e-01,4.411085400180930205e-01,8.780567372937888582e-01,7.389592997113136885e-01,7.268092182392127398e-01,0.000000000000000000e+00,5.726120782211379101e-01,9.767060525776307678e-01,4.748396113682472053e-01,8.948433457862264850e-01,4.829210781099996241e-01,8.182095971257994371e-01,8.272579614671178305e-01,5.057582086869555349e-01,4.115338858677719536e-01,7.242950160673502502e-01,5.593179139599603333e-01,6.517803569840487921e-01,9.740621142630261353e-01,8.386881859875252587e-01,8.642307916087480502e-01,7.744218119756514085e-01,6.998319233480871926e-01,9.976539079342168215e-01,9.205133918315832053e-01,8.917667177168273618e-01,7.026280310625636627e-01,5.390700162369630455e-01,1.998139432360630796e-01,6.327569586239528698e-01,8.623495487830012962e-01,6.617893299739209256e-01,2.815576078758340040e-01,4.310282780002965830e-01,5.471536549653555070e-01,-1.536945387121344264e-01,8.857360402215967987e-01,9.276015533202350838e-01,6.369021702019330711e-01,8.830265035192275125e-01,8.514305694224699739e-01,4.004493373805153023e-01,6.104330115417563318e-01,4.268562341795382187e-01,6.830110002704606886e-01,2.728535110659188745e-01,6.109270680294632827e-01,6.362663747726657881e-01,9.887058449920084202e-01,4.943626347836497792e-01,8.640170483384128630e-01,3.693461710935530551e-01,2.489358934190450956e-01,6.945454658628547051e-01,7.302318914617924595e-01,8.028018204031023286e-01,8.533791088970619221e-01,9.360617023262717273e-01,9.173963909904778724e-01,7.600078288670327753e-01,4.722701587592764150e-01,7.011846798593620589e-01,7.935912344844705535e-01,6.371366593682377122e-01,3.115218846880810633e-01,2.744498610021547935e-01,4.725581897878719517e-01,7.566238690797369992e-01,5.833825182086309624e-01,6.079740145562005926e-01,5.475381843805525728e-01,1.228747734591571633e-01,3.130472444690519107e-01,6.512143209712347725e-01,6.935023108356153099e-01,2.960806178465388849e-01,7.534943415768839969e-01
6.330571509459635982e-01,4.385588843332980935e-01,8.435180847294418971e-01,8.999382562641539129e-01,3.330246644643678477e-01,6.479726688926547018e-01,7.483678204920213295e-01,7.243935679166557673e-01,9.462791864836084255e-01,8.720228406183068159e-01,9.211377915121067295e-01,7.252478514467519677e-01,7.968808347396336700e-01,5.726120782211379101e-01,0.000000000000000000e+00,9.208152757505273511e-01,7.725015432693214112e-01,5.786832505605309374e-01,7.990362159008495002e-01,8.303025832935796435e-01,8.494095284774901833e-01,2.815416767468632564e-01,6.079256918734716741e-01,3.224193218744931255e-01,6.769535214529381895e-01,6.913138224570006818e-01,4.980772074100813240e-01,6.743942931596342838e-01,5.018662802129421063e-01,4.533453494990565269e-01,7.458944498301237624e-01,7.203383762694079984e-01,6.714331423323344206e-01,2.311205716746272121e-01,9.685677317613298198e-01,6.073239312068009488e-01,3.237728291834174495e-03,6.431963647598401002e-01,6.072659787118747099e-01,4.524395906556957780e-01,2.721671026020776596e-01,6.437705682267571561e-01,6.826620860747845132e-01,4.913152598432453111e-01,8.371751222486760735e-01,4.704400137945815574e-01,3.627033396612143745e-01,7.648241889339495447e-01,5.172569223076809442e-01,7.830364057660811339e-01,6.275285482470891463e-01,1.020616396860575120e-01,8.183500019195807385e-01,4.391234295600635051e-01,7.556443106387861208e-01,7.938140198913101742e-01,7.004094066991388701e-01,7.472682519018628566e-01,4.466596948968855618e-01,6.458881358605744749e-01,8.390590386334911832e-01,5.573852637210571226e-01,6.974690319817148376e-01,9.673938656630636235e-01,6.804851259200764835e-01,4.514214917163221208e-01,7.012798099969108634e-01,7.808142678988563290e-01,6.776561466234760633e-01,5.025666570737841177e-01,4.735575065798188765e-01,8.492879216745045090e-01,7.258823265419531712e-01,5.253682322053621068e-01,7.802339753191628313e-01,8.107233993929607863e-01,6.973698893896146389e-01,8.561445727052806320e-02,2.166476460546121474e-01,1.937844886656431564e-01,4.336759692103512864e-01,8.239538987064173314e-01,5.908372049728237707e-01,7.080289516700040142e-01,6.040388886490074549e-01
9.424609241659618331e-01,3.802535512634893089e-01,6.097465977248747171e-01,7.009767532627683151e-01,9.801491666418502557e-01,7.086507108119394216e-01,4.684584563480138630e-01,6.455056382110677671e-01,6.549922475760425744e-01,9.432894065487313906e-01,5.470817938133696323e-01,-3.198443574736864470e-02,9.819951381323694939e-01,9.767060525776307678e-01,9.208152757505273511e-01,0.000000000000000000e+00,4.222906030490344853e-01,6.583685090441109278e-01,4.399502321445326603e-01,7.555146292862501278e-01,8.226761172283640899e-01,9.304764895146468984e-01,7.850624045081833202e-01,9.220770405971800976e-01,7.186158243853897343e-01,5.821990741500394639e-01,8.504250420679116962e-01,4.283911187279269006e-01,8.766572901710120158e-01,6.051889054760767328e-01,2.243529968059844726e-01,5.952305891364653156e-01,7.043055904293745728e-01,8.652322276069853713e-01,4.516269474774324277e-01,7.076869176098000702e-01,5.235872575010867003e-01,6.043816978305057708e-01,7.073173096025593409e-01,6.139731009742216417e-01,6.645298648942020714e-01,6.043367529887462286e-01,6.713716918896237562e-01,7.499839492554706277e-01,8.611560651711479553e-01,5.332562393750710505e-01,4.862317032082287271e-01,7.056408175419420781e-01,5.263665061974216464e-01,8.820503640845248072e-02,5.377574428914748683e-01,6.888910197835581561e-01,5.366311178639876500e-01,9.377183334137125792e-01,6.723573862830888315e-01,6.512014105401791042e-01,6.761751230173844718e-01,8.107281672179981191e-01,9.463537837161696276e-01,6.295855365947006232e-01,3.848103647927012538e-01,3.540851366617510654e-01,2.640476270053339070e-01,6.921155629294519773e-01,6.324712049320118101e-01,6.128838771291259535e-01,6.399981875066705905e-01,7.053124967784053512e-01,8.946764749266563621e-01,5.155367845859407661e-01,6.045230563524632839e-01,5.245897833683178524e-01,5.902143469050569191e-01,8.631374026904203856e-01,5.008756017068279887e-01,6.505079206153401294e-01,9.639391161691889254e-01,6.132639920824697333e-01,3.339219766575446391e-01,3.063231818318913335e-01,7.123543868380434185e-01,6.671463566641990806e-01,9.669775560829521055e-01,8.046742722422408622e-01,9.417650302349358515e-01
6.463376144775644372e-01,9.294823335157611499e-01,9.389980300385593059e-01,9.344846298423625797e-01,7.739366223317324378e-01,7.186429315687180575e-01,3.436851415221314765e-01,8.551101217995671355e-01,8.070519512705913723e-01,4.774155297541034515e-01,6.674944951287944406e-01,6.875688850136655317e-01,9.799046589089644987e-01,4.748396113682472053e-01,7.725015432693214112e-01,4.222906030490344853e-01,0.000000000000000000e+00,3.914122820626645405e-01,6.824070828480000017e-01,7.184775133061767072e-01,8.104416385044966864e-01,8.203737380523701272e-01,8.165662423723578645e-01,8.055641907687162151e-01,1.047068535901272412e-01,7.193507042608059399e-01,3.326461178779115402e-01,6.591970333455199338e-01,8.990314735767479526e-01,6.043860619603469431e-01,5.437826706287731682e-01,4.169192590288518518e-01,7.596693758598276336e-01,8.712780682744061256e-01,6.991329834053666703e-01,4.213557553760330365e-01,5.891272651808359545e-02,9.035324005071015963e-01,9.138187594956102000e-01,8.579967668060268782e-01,5.560278045663481494e-01,9.568050929917299996e-01,3.169214279663734035e-01,7.127093713647396633e-01,8.700707950330663909e-01,6.527308770060654686e-01,9.284302614182491364e-01,6.222009416508605950e-01,8.502720561546202038e-01,7.447060499328918004e-01,8.845275889249256673e-01,8.856865596928134021e-01,6.477905949915734318e-01,6.678551363017251052e-01,9.666278246305819444e-01,8.397805714621621176e-01,6.309431471994184637e-01,6.678738376606493388e-01,4.177817400049128604e-01,4.320994206607913224e-01,-4.156588474496308860e-01,2.863959064720914549e-01,4.704368349268346350e-01,5.494779620540753973e-01,8.086773193153738992e-01,8.126966713777988849e-01,9.344180013460574585e-01,7.290450739133442770e-01,6.537756204511450120e-01,8.286506523432061178e-01,6.649230224214470741e-01,7.433632093628738113e-01,5.390943889393251531e-01,7.861526838718418952e-01,-3.678592482443973632e-02,9.854916526025225831e-01,8.321369478828181121e-01,6.341010175391067483e-01,7.581844417600239749e-01,9.290726510519393966e-02,9.667035161845702884e-01,8.467446252620061120e-01,2.100059626873979624e-01,9.825768528806659852e-01,7.788835479174966991e-01
7.997412128541740994e-01,8.667433284631645973e-01,9.743667255046305486e-01,7.324034152824547839e-01,5.743894012372614544e-01,5.548983437818401088e-01,6.618715123520910737e-01,6.032466221403449680e-01,5.910781662108099965e-01,6.086705256261814023e-01,5.553031438950821741e-01,1.604848766512811942e-01,8.008931083863626288e-01,8.948433457862264850e-01,5.786832505605309374e-01,6.583685090441109278e-01,3.914122820626645405e-01,0.000000000000000000e+00,9.188071602387525294e-01,6.943600030097020204e-01,8.960572151942450825e-01,4.785182837647591336e-01,9.942686531389492988e-01,6.252755244766030618e-01,5.102728842460013681e-01,3.930292934852370190e-01,8.178348091179361568e-01,4.057005406077462406e-01,2.031190794010185874e-01,5.783182703126426016e-01,5.415885130952537985e-01,5.997598690298062696e-01,8.823921259118598925e-01,9.202860520437947667e-01,4.749804047804353502e-01,4.328832339026827264e-02,4.419295012025430958e-01,4.086664334037949931e-01,9.571394673393516239e-01,5.146027667503073610e-01,4.226431459956844772e-01,2.732810673450866146e-01,6.977123994424542230e-01,8.666593441150759469e-01,9.177337860237857470e-01,2.804732531714577148e-01,9.329497746997178487e-01,9.702446471622219182e-01,8.346704523708378121e-01,7.715735902067022423e-01,6.764705445119065796e-01,6.325311213015583078e-01,8.405255772681028414e-01,6.588206962498254216e-01,7.522799176793006914e-01,9.194301424868908112e-01,6.024154550939749830e-01,4.697355982188700096e-01,4.778668916799251876e-01,9.251662383089050978e-01,3.233316050718391121e-01,5.127194900845468695e-01,7.790941354473819302e-01,9.106011345456417327e-01,9.465468794122838814e-01,2.296109986695922811e-01,9.054400490432119586e-01,5.190723462845672209e-01,6.868479980715047617e-01,7.087815108655313168e-01,8.648060575006928374e-01,3.762228952288775297e-01,4.134501691063435791e-01,4.118484874980929966e-01,7.872591950809624262e-01,5.613364967398704053e-01,7.907656635706294956e-01,3.896034756901631813e-01,3.660998500610458395e-01,4.298253001318902422e-01,5.616251484126653093e-01,6.425079170491883040e-01,7.184473268520602529e-01,1.611161339077656907e-01,5.944515916056319904e-01
