0.000000000000000000e+00,9.288266840331750318e-01,8.082535358174958162e-01,8.332299856258083004e-01,7.025062462267028796e-01,5.714873909270848928e-01,6.441322558548527866e-01,7.959449002991281219e-01,8.596066296915305660e-01,5.784458059410423347e-01,4.206787081051150956e-01,9.538697133539618678e-01,7.158974211512553198e-01,7.987059834633820632e-01,7.781859998638067655e-01,4.874200670220986131e-01,4.233247727025968854e-01,9.820890450863628551e-01,7.527619942959000721e-01,4.242300256850614071e-01,2.546892881235551243e-01,8.840372769412587761e-01,9.997601957102482118e-01,7.348170184309804620e-01,9.932903908745471799e-01,8.522186750812043021e-01,5.053663816768537709e-01,9.699849949717211928e-01,4.575096022075921254e-01,5.425820937981197245e-01,5.661407265206160888e-01,9.410810585985620591e-01,7.344101835451609661e-01,7.667589183194744029e-01,8.705462253143481099e-01,4.108521738016371883e-01,2.116673084751282963e-01,5.695618941721853901e-01,6.343392315435270046e-01,4.543095623046638498e-01,7.406858000176940182e-01,6.482351521594167387e-01,9.816869450095230265e-01,8.465026830423214577e-01,9.087808380418196386e-01,-3.294239442981106158e-02,8.223634893360032283e-01,3.138071480454931450e-01,6.258280291436806309e-01,8.476043555263489404e-01,4.992442062366053701e-01,8.528486551577335595e-01,4.504426962240722365e-01,6.250577544024069621e-01,8.198090916427251962e-01,8.021637010884876684e-01,7.372727086954250497e-01,8.926230039379629000e-01,9.140790105026637136e-01,3.742021559445409679e-02,7.484011565500351404e-01,7.157047069696823582e-01,6.398243947178627877e-02,8.965684678257082041e-01,5.809976875403323193e-01,7.208696143922426192e-01,9.429684422526117826e-01,6.302567372762671871e-01,8.181548627022807718e-01,6.517608013688905855e-01,4.282324232218766569e-01,7.662504625121532298e-01,3.816744558709409540e-01,5.699172006137225299e-01,6.413745759355528042e-01,6.456025800815982096e-01,7.150310501817319642e-01,8.254872222234759249e-01,5.569556739428795922e-01,3.066933806560518949e-01,8.819985146357208761e-01,8.887587328548700594e-01,2.737041542193331956e-01,8.302407799691485790e-02,8.263478935439857453e-01
9.288266840331750318e-01,0.000000000000000000e+00,8.461548787318607934e-01,6.479914732137652678e-01,5.360075959983411353e-01,8.268498020827167450e-01,7.709631529784979342e-01,7.429228496729711750e-01,7.820220615657639263e-01,7.234772984569091125e-01,8.532957075638816224e-01,2.306632575306107602e-01,5.138477126906991765e-01,7.517360173188579742e-01,8.813023039112504176e-01,7.804324653296018655e-01,7.277178156385804009e-01,8.910658847617154432e-01,9.420367361818839935e-01,6.153430590494554098e-01,8.799819882259778403e-01,9.580378967428290204e-01,9.642835690133598758e-01,5.711237093774657048e-01,6.024008736591366375e-01,2.761526825375871241e-01,6.210462542576746792e-01,6.543838063921660897e-01,5.298082736862397280e-01,5.695296808730420102e-01,6.724063238889913530e-01,7.093149777771358133e-01,9.930467569220797763e-01,8.359559470948815241e-01,3.895090719366921528e-01,2.585860117824868576e-01,7.435614157724327322e-01,4.364112854103275874e-01,9.778706537022411327e-01,7.817527546495890434e-01,1.243835832287810694e-01,8.294292326568448726e-01,6.556697609342809763e-01,9.040694284793561186e-01,4.095306661803663761e-01,9.656727445077676331e-01,5.499163892154653732e-01,7.322875247952073119e-01,4.588741425992947653e-01,5.910824719828846607e-01,9.066502812131063127e-01,8.493429395902341028e-01,7.283219411861421300e-01,7.077761183194967165e-01,9.480742422590242580e-01,4.136550556243893673e-01,5.991224077710746165e-01,9.271748758305152771e-01,4.908509542494489675e-01,1.605263272025604648e-01,6.759907351269686115e-01,6.090351964500785309e-01,8.845245679045692366e-01,9.805265753782000937e-01,7.161363893286742943e-01,8.094751219676320497e-01,7.981241868347552781e-01,4.540025492132040985e-01,4.183599056312932718e-01,1.124317527359628560e-02,5.184476464462806078e-01,6.239951486151281701e-01,9.823483285508308738e-01,4.602213683742728545e-02,9.791178587253570598e-01,1.238881677969528861e-01,8.140065692624485205e-01,5.994011474493112779e-01,3.998169814481771223e-01,5.016287487246043897e-01,5.982574102866936583e-01,6.850496732104397468e-01,8.682641960834782680e-01,9.797006027276156104e-01,6.447384862921842208e-01
8.082535358174958162e-01,8.461548787318607934e-01,0.000000000000000000e+00,9.609079669494651199e-01,9.147234453674218946e-01,7.754745773287929911e-01,7.667694323025755487e-01,7.540750407121330490e-01,8.609825527949351853e-01,5.678277250164087686e-01,8.909673534131481443e-01,5.393524695789984058e-01,9.909830450742719288e-01,7.118387235657013257e-01,2.845253609634007530e-01,4.811874128274044038e-01,8.149400985146425525e-01,8.871294916502007188e-01,7.343620818951330786e-01,8.528356448033503900e-01,4.626044949530964678e-01,6.110206720062588692e-01,8.798718590177478927e-01,7.077567937161480804e-01,2.637354401485529354e-01,9.929036053583210064e-01,8.621193562097966279e-01,6.629389901188512679e-01,2.613313443457138674e-01,6.480604621134704590e-01,4.354997856817868218e-01,8.569128031798118883e-01,7.618705941719942087e-01,9.616025363327758146e-01,3.781225612669384395e-01,3.409262802769437162e-01,1.869272048717403045e-01,4.862632279348494402e-01,6.739132764542933307e-01,9.997624583855044822e-01,7.097186274930425975e-01,5.221351395985865951e-01,8.782222076228012320e-01,9.987531888981038275e-01,9.898994522340684998e-01,7.172575823129562211e-01,9.146109491322557128e-01,8.638990356696920614e-01,4.786562544469271652e-01,8.188818460634006424e-01,6.067905580684885836e-01,9.864328810117569679e-01,7.990137321466939113e-01,6.939339059962934542e-01,8.795225379341375938e-01,9.652042845894979184e-01,6.675680346783028352e-01,6.585479049346882885e-01,8.970389502735864884e-01,4.683492521813759080e-01,2.131979507877868052e-02,5.228607073920346071e-01,7.227744176660396702e-01,9.974843949087862649e-01,9.399466239291665026e-01,5.120577691527096187e-01,6.990665030416538528e-01,8.359942951412960843e-01,9.396177551629528724e-01,7.876867101475880650e-01,9.143792057433625109e-01,9.699721225926777324e-01,6.504964166354905153e-01,3.152434849275710937e-01,3.704110630750566679e-01,7.759776963890651080e-01,5.167229796235685013e-01,7.761748736727455134e-01,3.291600381119708270e-03,3.337126637682882313e-01,9.735467006506541843e-01,7.253581343076241916e-01,6.779027836486622993e-01,5.704982520355279529e-01,9.205450111563737714e-01
8.332299856258083004e-01,6.479914732137652678e-01,9.609079669494651199e-01,0.000000000000000000e+00,4.754148052160940274e-01,5.634312306685838045e-01,-1.554941462979741451e-01,7.570155076595067589e-01,7.039664839557897569e-01,7.125442743919204736e-01,8.343007099098939117e-01,3.164037813204665373e-01,5.272314183299560142e-01,5.264432502977802741e-01,9.148354167100928303e-01,8.130061124058527433e-01,8.153678769135207505e-01,6.065900127231017569e-01,5.128731096657298538e-01,7.201898033089870754e-01,8.547398720721472998e-01,5.716207400861074150e-01,9.319030063524856855e-01,9.686449834856989405e-01,6.068319179556193044e-01,9.321675492215717451e-01,9.239527546183218254e-01,6.384531342464248027e-01,5.580665084546223564e-01,5.395884213477853963e-01,2.399875636705350590e-01,4.361183330187106133e-01,6.513884588891719618e-01,2.820206790589951940e-02,5.544948581459553383e-01,1.863548505969021551e-01,5.758083766011573568e-01,8.932772732828160311e-01,8.226192273711291358e-01,7.983467734814713168e-01,9.916836705103317939e-01,8.171261355723004050e-01,8.622093656359204328e-01,9.731170183379626026e-01,5.642017509386341167e-01,3.412954919860341496e-01,4.405451194035312490e-01,6.976133569892749575e-01,6.325521615565038447e-01,8.766809793415424323e-01,9.801006412317194716e-01,7.182549971399444511e-01,9.400129844378075639e-01,6.669074001891693859e-01,5.447062328222782579e-01,7.267699476697894179e-01,6.548752840540537079e-01,6.124227297110415025e-01,6.842026284211565335e-01,2.677120712218866161e-01,6.658222359713670269e-01,6.757199886423692625e-01,2.955481622160244237e-01,3.209836722078047710e-01,6.408666440707683210e-01,9.883709581091045804e-01,7.562181227311912668e-01,9.454801706393324290e-01,7.026892996384721535e-01,7.556051299557240419e-01,8.325518430939782277e-01,7.222966017470167088e-01,7.780657089548318472e-01,7.398399646416418118e-01,3.175888936127952977e-01,9.898767670540331576e-01,5.688348831447609388e-01,6.717343184102451126e-01,9.570907065088443688e-02,2.411644794393429936e-01,4.001619086167190198e-01,8.765363559081917888e-01,3.898219754573537532e-01,8.806774084615304199e-01,6.402527481438878842e-01
7.025062462267028796e-01,5.360075959983411353e-01,9.147234453674218946e-01,4.754148052160940274e-01,0.000000000000000000e+00,1.945824108680020426e-01,6.892732650050942267e-01,7.344154946298488973e-01,6.554818357779551574e-01,6.201249134003201657e-01,7.155207743285741939e-01,8.146499686125105999e-01,6.459428241739191279e-01,6.536134422395760701e-01,6.486289620347323037e-01,2.887886342123729966e-01,5.846040138343858716e-01,8.130352631164801114e-01,5.918032260069688855e-01,8.075131889457630718e-01,9.279185415865105757e-02,7.718930523689702117e-01,8.898712716032649572e-01,3.817834429472678481e-01,5.265883409307620111e-01,2.949814936949580746e-01,4.554309901630618773e-01,7.388820178737568467e-01,7.591759836757225877e-01,5.459782811177890105e-01,-1.812883719397145876e-01,9.236831849572098019e-01,3.450222445678842176e-01,5.165970778818224085e-01,4.989323487090817633e-01,7.912318997438896329e-01,2.859190679376693023e-01,5.162913088632579139e-01,9.019624891020191493e-01,7.067042941889827290e-01,4.747561750804227265e-01,6.021245479369092823e-01,4.188607497080520936e-01,7.913462824919632599e-01,9.834090285375397533e-01,9.923978796534858038e-01,8.468555752560177341e-01,8.946633282666471843e-01,5.447593399998778008e-01,5.625782805854683266e-01,4.413208778856629877e-01,6.830671680747476548e-01,6.361308137310591748e-01,6.590186735806882190e-01,6.485737491017860012e-01,6.305391583767787633e-01,8.577266061384938300e-01,9.712265558559174394e-01,9.071243696044424265e-01,1.204108174826926114e-01,5.114032756369981669e-01,5.975197034799785145e-01,7.336206337215117612e-01,8.340879639108863541e-01,8.993070934027107555e-01,1.937131531753611968e-01,9.178047219569613890e-01,2.320456190472143798e-01,3.566981012555954234e-01,6.463067355245960544e-01,8.362695585155652811e-01,6.318245052527591277e-01,7.821477326501333760e-01,4.840834920248230366e-01,3.266020587170453265e-02,8.384182047058980070e-01,9.474725290990931859e-01,6.834179298808386038e-01,6.108987000910743870e-01,1.373342109894369889e-01,6.632356033226229908e-01,5.623141088854040071e-01,6.750404138325404313e-01,3.149973336879734465e-01,6.116388674458133057e-01
5.714873909270848928e-01,8.268498020827167450e-01,7.754745773287929911e-01,5.634312306685838045e-01,1.945824108680020426e-01,0.000000000000000000e+00,7.582648779349360213e-01,6.107603892758484143e-01,3.181922494400771240e-01,9.508533173034281472e-01,8.607352704703012947e-01,3.676128812545799707e-01,8.255553968919344676e-01,6.981679369416962100e-01,5.934762202943223430e-01,5.945224988133901434e-01,7.996878622497767264e-01,8.739429826554157010e-01,8.489581105343417811e-01,8.709559829412439891e-01,6.461150192023777938e-01,6.960791541587200149e-01,8.931452412015608022e-01,9.470460960800638484e-01,8.770473000774691164e-01,5.151749939663223810e-01,8.199039542842931905e-01,7.517694212094188089e-01,7.603557017792768047e-01,2.487266452841392916e-01,3.865666739085981130e-01,5.486822538188317333e-01,8.204149548340085030e-01,7.660454250622005246e-01,6.312362638076612908e-01,7.247552103185587180e-01,3.564642805297766892e-01,9.459097699544479765e-01,6.325846707279321190e-01,7.076467243292549059e-01,4.943935387285717242e-01,8.406382317029985618e-01,6.250918166299617162e-01,7.674593429106879756e-03,9.930794889691046956e-01,7.056360546778854825e-01,9.383813489898336080e-01,8.154453336766891436e-01,4.757388230090569547e-01,7.223067585549680647e-01,8.851584624876847052e-01,4.767869543929247889e-01,9.682701997437537234e-01,7.115859728130535800e-01,7.983466523049294050e-01,7.879811157826142054e-01,8.934443350615258739e-01,6.207950314525141622e-02,6.389643144406292885e-01,6.026159565721355138e-01,5.083730388025768931e-01,7.643871475598740250e-01,9.696145152778715692e-01,8.149039580109612713e-01,5.576640839829328788e-01,8.900851291707544410e-01,9.141956291311614802e-01,9.790059524844858529e-01,4.770379961906568989e-01,6.279571990471849441e-01,6.182553193874792408e-01,6.050599933712668133e-01,2.248884438361009874e-01,9.976411674855416578e-01,5.963258355153828738e-01,6.432438802314119908e-01,6.925696240313189422e-01,6.125687992247725866e-01,1.361317022584444536e-01,3.969227128829273532e-01,8.686588593124965341e-01,7.127797879659519831e-01,6.230587799975302321e-01,8.087614256227378118e-02,9.620923921683505187e-01
6.441322558548527866e-01,7.709631529784979342e-01,7.667694323025755487e-01,-1.554941462979741451e-01,6.892732650050942267e-01,7.582648779349360213e-01,0.000000000000000000e+00,4.200814690875048774e-01,2.249066564753299802e-01,5.111643924512497827e-01,7.462082611405481680e-01,8.696620986538335096e-02,5.374001912657370150e-01,7.121376051291136156e-01,5.778854239782822422e-01,6.803070293927124812e-01,6.081356641716496592e-01,4.097652414625867490e-01,8.685997598790433649e-01,8.035659534915339242e-01,9.073775737928788665e-01,6.614059888351555561e-01,2.867520725504910106e-01,7.634698858336363969e-01,7.079568226471260051e-01,8.358969731854652974e-01,2.983876980589081906e-01,7.518997090428006791e-01,4.500262029177208301e-01,2.821369637082495885e-01,1.396004016922234026e-01,7.457589524822305638e-01,6.758512538141765447e-01,7.804150611731039966e-01,4.239367637820903312e-01,3.455812356049609013e-01,4.816716702011125673e-01,3.397503246969574286e-01,4.371983355705800212e-01,4.322696831291779618e-01,1.016557989882358043e-01,7.825451540464420930e-01,9.732197596430450792e-01,4.397591180893432039e-01,8.605345374253987600e-01,5.000932463036719122e-01,4.534815368085465814e-01,5.183678471774761931e-01,7.783806921115609123e-01,7.427679296567542000e-01,2.195567133637229551e-01,5.648394421806318677e-01,2.659275697827344631e-01,7.774561091112305311e-01,9.823330529718428128e-01,1.032475367435684022e-01,1.229788570921442892e-01,7.365037946590203832e-01,7.152896892765281400e-01,6.436618412628933861e-01,2.375455838920166596e-01,1.159160808754764599e-02,4.945526937200518947e-01,5.262008522779983988e-01,7.555647619149995498e-01,7.068089193776773138e-01,5.195359261903396142e-01,7.440609832512409261e-01,5.119730078593690559e-01,9.498741602456993727e-01,5.742981893376271074e-01,2.498537249923823145e-01,4.524842122319732152e-01,3.076900945463646453e-01,2.965830282738584067e-01,7.885732774942899592e-01,4.768269090805011268e-01,7.217748172514344418e-01,1.256038793778500029e-01,3.330034746010703817e-01,4.434832248296690094e-01,5.257880104758216877e-01,3.872992717980915933e-01,2.407555559475695051e-01,3.238007196813887378e-01
7.959449002991281219e-01,7.429228496729711750e-01,7.540750407121330490e-01,7.570155076595067589e-01,7.344154946298488973e-01,6.107603892758484143e-01,4.200814690875048774e-01,0.000000000000000000e+00,5.584627837015909702e-01,6.269456767512383566e-01,5.461560337753661454e-01,5.062787793842359330e-01,7.738535990024264510e-01,9.680234795133738634e-01,7.163671779795782735e-01,6.609497070419815268e-01,7.705919049573417556e-01,9.563404969356041896e-01,3.217853794313144666e-01,8.357420444392893444e-01,6.075599537609285283e-01,6.035613495242152515e-01,6.819075330347240671e-01,9.924561703532286394e-01,7.732860733956158361e-01,4.834494034096055159e-01,6.668261957735184264e-01,1.255500223979541252e-01,6.821575529932843995e-01,7.271437259953121846e-01,2.039463507703176970e-01,7.865776939652625588e-01,5.213554349642259833e-01,6.230600811210468271e-01,3.604796945925624607e-01,4.640462898821154369e-01,2.015210324796321006e-01,6.516661235060173807e-01,8.973337874130883351e-01,6.129060881340346878e-01,3.043203511156110652e-01,7.590554557884295894e-01,6.208219605226593663e-01,7.451007643981686357e-01,8.018211442810692091e-01,6.905583847583101065e-01,7.290927454668115759e-01,9.439741411974397201e-01,9.978086342620523519e-01,4.510906814940728315e-01,7.325490129014406993e-01,4.265818996655899586e-01,8.691781353037010271e-01,4.485521818703847585e-01,9.887338226647990336e-01,4.633101482529459192e-01,9.353382417790839787e-01,4.345329536473163667e-01,7.337533136719720517e-01,3.752385088120456236e-01,2.929745313240485483e-01,1.417616446693959475e-01,2.564492349648061498e-01,5.575913149222154752e-01,7.791629434094836659e-01,3.860950314423442498e-01,6.657482520228431566e-01,8.775952667085833436e-01,7.943584007867324770e-01,3.352537473454579309e-01,5.429728530075407233e-01,9.799159153179282100e-01,1.873535912044675955e-01,5.426638365302467459e-01,6.950935186383003783e-01,4.852058901602805951e-01,-1.673364136571975080e-01,1.248868708830052354e-01,5.863105494390665751e-01,8.128883991997200298e-02,9.286604721143787433e-01,9.719876948379432280e-01,9.322608757778599875e-01,5.874923594008354955e-02,7.993718594323810933e-01
8.596066296915305660e-01,7.820220615657639263e-01,8.609825527949351853e-01,7.039664839557897569e-01,6.554818357779551574e-01,3.181922494400771240e-01,2.249066564753299802e-01,5.584627837015909702e-01,0.000000000000000000e+00,9.656959712865489376e-01,5.053163640330250450e-01,8.744154831596011590e-01,9.665633814044977123e-01,4.735288748911468670e-01,2.492644179144308803e-01,9.652852735594599221e-01,7.282057117344569175e-01,7.685268019815232332e-01,6.952957179260742526e-01,8.699228466032988827e-01,9.108602686898036316e-01,4.256058565261076065e-01,5.115580638590322415e-01,7.535904665087241883e-01,4.890953551097707575e-01,7.438955268487027483e-01,6.596927870611865030e-01,3.209117149700515537e-01,7.904053327176816524e-01,7.881379716381473610e-01,4.074610881795661665e-01,6.562862880058981663e-01,8.705761870370926081e-01,4.681140418774594747e-01,4.915555764441026931e-01,5.343854175774030990e-01,1.658592935206919597e-02,6.683879568542294702e-01,8.122497552000457199e-01,7.320635243483096799e-01,4.723761982886484079e-01,5.145310495107300319e-01,9.427525023536849069e-01,2.363156142162123607e-01,9.141737366985551727e-01,8.100713524747596983e-01,4.765907335102109732e-01,7.545715580837448755e-01,9.505171237266821782e-01,6.104097985420603445e-01,7.906284032649442128e-01,6.820546483470955046e-01,5.038936964970789356e-01,5.623074131919837404e-01,3.590742273808502638e-01,3.268170763279203417e-01,6.146340319488945436e-01,9.260912629530769768e-01,6.993698123305860381e-01,8.826506083438916406e-01,9.895158853871507398e-01,9.201846685160959272e-01,6.579755402685961707e-01,9.219334841511697132e-01,8.092839557851806420e-01,3.138821067303241286e-01,5.355956523561544724e-01,8.963715509021429328e-01,9.553857604620719091e-01,2.149102099192818915e-01,5.967884749496121799e-01,6.581673171064961192e-01,4.221823773679627689e-01,9.399171785147064639e-01,2.282646744836371311e-01,4.237494383577914414e-01,9.687064844687895970e-01,7.331013215936894589e-01,3.719475615398493140e-01,-1.451324710416976027e-01,6.619050378843199800e-01,9.256163152454216503e-01,7.602652135525997945e-01,5.204907780176889487e-01,6.775896304102425605e-01
5.784458059410423347e-01,7.234772984569091125e-01,5.678277250164087686e-01,7.125442743919204736e-01,6.201249134003201657e-01,9.508533173034281472e-01,5.111643924512497827e-01,6.269456767512383566e-01,9.656959712865489376e-01,0.000000000000000000e+00,5.588665337683118572e-01,4.744568089261034238e-01,6.272779260125582734e-01,8.889333499052505250e-01,3.675238493056861566e-01,8.480328926673044165e-01,8.498943239527763094e-01,9.085487876024693765e-01,1.352861756406151944e-02,7.030814438438984793e-01,9.865026889366246277e-01,9.537855236434735762e-01,7.166770149603409745e-01,9.972032919275828355e-01,8.630399066667590047e-01,7.772605436910859922e-01,7.161217185382908745e-01,8.180859821404280474e-01,4.283612721248672983e-01,5.465425962000015625e-01,-1.097211225175735300e-01,5.634640715180490034e-01,4.469757162880475532e-01,6.908711219833189032e-01,8.714074092460235565e-01,7.638550591134155576e-01,3.660383185530912131e-01,7.279511052161617979e-01,1.473555817108494065e-02,4.702539881691367163e-01,5.379383877138079750e-01,9.777556963162803427e-01,9.912890869003921912e-01,8.065483444308976235e-01,8.001876071088133147e-01,7.070032728717065007e-01,7.972871669851286924e-01,3.904562125209767309e-01,1.313099335774556981e-02,4.789218232238871553e-01,7.484627641124733666e-01,6.993401582294381802e-01,6.462055933838225519e-01,4.898635981006146944e-01,6.836554790120260572e-01,8.888362792233672760e-01,6.624485679757928791e-01,9.989209172063293618e-01,1.493846803598704032e-01,4.918938035068610715e-01,4.976296236610981971e-01,6.709912140685200255e-01,-6.880469674916014911e-02,6.641132456036960008e-01,5.906153201903867611e-01,6.963694063374981091e-01,6.594385188380029739e-01,7.354460448471746847e-01,6.652627547116046758e-01,8.696788736646368090e-01,6.318102923837056739e-01,4.868137224797244311e-01,7.358169063792077136e-01,5.625410458914299472e-01,4.505111992129067211e-01,8.349475892512955300e-01,9.297701436068344094e-01,6.823822523359837078e-01,5.896272511195277399e-01,3.211728000734872523e-01,9.060471833931351693e-01,7.660702714952849490e-01,6.914771428670634101e-01,3.379514749404536333e-01,3.917556285208763089e-01
4.206787081051150956e-01,8.532957075638816224e-01,8.909673534131481443e-01,8.343007099098939117e-01,7.155207743285741939e-01,8.607352704703012947e-01,7.462082611405481680e-01,5.461560337753661454e-01,5.053163640330250450e-01,5.588665337683118572e-01,0.000000000000000000e+00,4.954077320085430863e-02,8.639761896546011011e-01,9.806002413458443367e-01,7.586033928087742018e-01,8.040648911201476734e-01,8.345739123877106147e-01,8.927612756115165249e-01,7.661059428193142118e-01,8.195552348227179706e-01,5.654869445856623988e-01,4.722892671290583877e-01,5.913111197695599675e-01,9.764730929830988115e-01,7.159319326793461835e-01,9.995723812594506930e-01,9.159085004220756110e-01,8.315843174989064890e-01,3.361387148951305859e-01,3.562511198491747910e-01,7.474381010680902770e-01,5.862522608248698086e-01,8.353673698559072047e-01,8.678855277589430095e-01,5.310334408507743076e-01,6.538735640179493824e-01,2.032543652616838892e-01,4.594447487109445394e-01,5.884439763207175433e-01,6.327232098001700500e-01,4.434677238616243078e-01,5.181836311111055471e-01,9.922890862210204110e-01,4.921734019835337648e-01,8.319843646199709397e-01,9.400563930126815126e-01,4.759510868140691686e-01,6.059261585464325028e-01,2.741973566335226264e-01,2.905222847630573035e-02,8.812550733841907347e-01,5.257955106477530949e-01,9.743424927909858368e-01,4.655101983478966421e-01,8.053578067280278141e-01,5.039435252795880782e-01,5.910151829922986044e-01,8.026847568170186742e-01,9.240787375779683233e-01,3.039286286945451776e-01,9.102994156851351715e-01,8.953646719921604102e-01,7.027203299724955610e-01,7.433055317205113921e-01,6.968653309890994185e-01,7.977161401875032531e-01,6.875060649035819038e-01,7.686090061773643844e-01,4.994490084226995141e-01,9.654346273438096926e-01,6.957903037173838179e-01,6.239183592861844430e-01,7.493433267631335881e-02,3.031766300143777237e-01,9.426211593648966547e-01,8.553370844114427385e-01,9.833367844377854938e-01,5.310511677818952059e-01,4.601600898396661643e-01,4.220797645881433913e-01,6.675510002123883346e-01,9.555145938182112442e-01,6.373136830071108871e-01,2.227120592367034801e-01,8.951233352177908609e-01
9.538697133539618678e-01,2.306632575306107602e-01,5.393524695789984058e-01,3.164037813204665373e-01,8.146499686125105999e-01,3.676128812545799707e-01,8.696620986538335096e-02,5.062787793842359330e-01,8.744154831596011590e-01,4.744568089261034238e-01,4.954077320085430863e-02,0.000000000000000000e+00,7.104410913469513256e-01,9.121681692973527822e-01,2.625248896755464356e-01,4.496191965628809628e-01,6.185841603174886405e-01,5.727131778265448503e-01,6.904731043544848346e-01,6.594982309056733882e-01,8.015932371842220405e-01,7.301635406519733085e-01,7.839485848911702526e-01,9.454364166051000273e-01,2.658352578249900122e-01,6.678580005329626257e-01,8.713538992771908687e-01,4.161510216252008454e-01,7.083761685267050412e-01,4.447732311207840405e-01,4.204751438508049777e-01,2.685215913100402751e-01,9.907679278372120146e-01,4.063887168078730849e-01,7.542360185696892483e-01,3.005716831614705931e-01,2.004204379584794415e-01,6.057346223607463775e-01,9.817410594167437221e-01,9.599631581254690627e-01,2.393140832519786432e-01,4.037918816884552564e-01,8.140487716144111374e-01,7.464246059786336929e-01,5.724627365374677090e-01,4.126712036244001847e-01,5.004977370244082513e-01,6.401631405248010553e-01,7.520294211188259803e-01,8.202733638061601162e-01,5.988674009568892842e-01,8.034140267755828235e-01,7.827609597930368368e-01,2.756479414085242219e-01,7.601984748314323248e-01,6.929047603495035457e-01,8.794486239568909403e-01,6.771198140580838576e-01,8.734144087783386468e-01,4.578930316979912818e-01,7.365330320128711528e-02,7.444176727324561815e-01,8.504536982132822054e-01,9.403769538258646143e-01,9.249012833373506659e-01,5.023236167598512658e-01,8.935252789594717582e-01,9.055664242571925815e-01,4.386785939084628105e-01,3.300030795465228595e-01,9.337731802295574646e-01,6.786547754465325211e-01,6.121394000496799270e-01,2.181544445371870755e-01,4.541950640971511022e-01,9.453038020064197244e-01,9.406768183240292736e-01,7.204680428098143574e-01,4.565160180345194663e-01,6.061489191742376326e-01,7.783394094372376726e-01,9.321423047644100679e-01,5.514874085251003644e-01,6.189624877007009474e-01,6.946578084444704482e-01
7.158974211512553198e-01,5.138477126906991765e-01,9.909830450742719288e-01,5.272314183299560142e-01,6.459428241739191279e-01,8.255553968919344676e-01,5.374001912657370150e-01,7.738535990024264510e-01,9.665633814044977123e-01,6.272779260125582734e-01,8.639761896546011011e-01,7.104410913469513256e-01,0.000000000000000000e+00,5.572918718656652004e-01,8.984675120322966890e-01,2.207062096931133779e-03,6.433882112624570437e-01,6.110091131657847674e-01,5.308483765699847368e-01,9.818067822061889993e-01,9.745069707494000699e-01,8.783095032110967981e-01,6.629963720406392147e-01,3.870488360559599661e-01,4.009400361603442375e-01,6.855282907932459535e-01,8.612233086635322499e-01,9.282897344918966676e-01,4.270501503202180915e-01,2.643929964142711087e-01,2.143986132053831983e-01,4.872368400556683632e-01,6.491341108167010265e-01,8.092794665756505301e-01,8.123363600967505871e-01,2.839732894837157171e-02,-5.557727623481750756e-03,9.326100039289035859e-01,6.717782179979737700e-01,4.351077582269180510e-01,5.044493211877789651e-01,6.065866676845081962e-01,4.898509628599586052e-01,3.770211488164013636e-01,7.024115973427003112e-01,6.884347829002784858e-01,9.544346923707784924e-01,7.229322094703009016e-01,8.703414271156758586e-01,7.262714074983314116e-01,8.735733188071317379e-01,6.114964138994205545e-01,9.081004684762979950e-01,2.073124523890338411e-01,8.861750990762992108e-01,8.645724806638658277e-01,6.336064667391415606e-01,6.656069693810156007e-01,5.146182652522425238e-01,6.589960608998337577e-01,4.309343746366001704e-01,1.438170371759074084e-01,9.221520747000876428e-01,7.978908800637248833e-01,8.376675827668473850e-01,5.998959318574741406e-01,5.505669126305122729e-01,7.470508217492197733e-01,7.423736401345539804e-01,6.232612635882975871e-01,8.574084951428261325e-01,7.218258191750881458e-01,6.600332844086681527e-01,8.029205251519529185e-02,4.693380609929439506e-01,8.749731351998472073e-01,2.184856820142824507e-01,8.549240269869602393e-01,2.564496816131874857e-01,2.631528666596443800e-01,7.379466800259950610e-01,7.746977956493458217e-01,8.381336747000042164e-01,5.365492789480961200e-01,6.396900148922894935e-01
7.987059834633820632e-01,7.517360173188579742e-01,7.118387235657013257e-01,5.264432502977802741e-01,6.536134422395760701e-01,6.981679369416962100e-01,7.121376051291136156e-01,9.680234795133738634e-01,4.735288748911468670e-01,8.889333499052505250e-01,9.806002413458443367e-01,9.121681692973527822e-01,5.572918718656652004e-01,0.000000000000000000e+00,9.643161954512994294e-01,9.428580099724718222e-01,9.055672673649171056e-01,5.938768047606413081e-01,6.276065249127494861e-01,7.160386751303993158e-01,9.963726814039420843e-01,7.438231968475366163e-01,6.016837609832655920e-01,8.752375409397865624e-01,6.127379226998550532e-01,6.433981174164220551e-01,6.316704783099003073e-01,7.316400115696628514e-01,5.988305821317821964e-01,3.693949466881820132e-01,-2.686742121135729522e-02,3.802626650045900503e-01,5.342727641441638031e-01,5.901420654462740112e-01,-1.041201514639297360e-01,2.315077249991915886e-01,5.922894986348103963e-01,8.869690288727692939e-01,7.450487565928172184e-01,9.655855232860005577e-01,3.153200030015190780e-01,9.520777838851901542e-01,6.205172165138618245e-01,6.475058763131049666e-01,8.332743249634401161e-01,6.473998198027893780e-01,6.838492458229765703e-01,8.354458423877675344e-01,9.237728641418736508e-01,6.317166398305987807e-01,5.573540705795240191e-01,8.980179846322760007e-01,4.289462415504784465e-01,8.370894284097152305e-01,9.290318345160293312e-01,2.491175092651282674e-01,8.934461786596258337e-01,5.649601298150594975e-01,9.909897331559412992e-01,5.020943081545107267e-01,4.845002941785712669e-01,9.711809709897532006e-01,8.316870716711211031e-01,5.761841925065358527e-01,6.921826991671534701e-01,8.417922922803560137e-01,4.398294911663275797e-01,2.543290742763567036e-01,6.910390043613298117e-01,7.011805276806694076e-01,5.177455583678863826e-01,7.903232620422364629e-01,3.204236119630687329e-01,4.697280476038757646e-01,3.078617002232375000e-01,8.759621872334393267e-01,8.449834230848611849e-01,9.299213751728809818e-01,8.096058050559699071e-01,7.938657693869339838e-01,5.655839579408297180e-01,4.162173712333036013e-01,7.579026670427480017e-01,4.552172394348645290e-01,6.836686911266314226e-01
7.781859998638067655e-01,8.813023039112504176e-01,2.845253609634007530e-01,9.148354167100928303e-01,6.486289620347323037e-01,5.934762202943223430e-01,5.778854239782822422e-01,7.163671779795782735e-01,2.492644179144308803e-01,3.675238493056861566e-01,7.586033928087742018e-01,2.625248896755464356e-01,8.984675120322966890e-01,9.643161954512994294e-01,0.000000000000000000e+00,3.380337724043877556e-01,8.348881176114769653e-01,9.040677847189335647e-01,4.284895115636166985e-01,6.526933891659530973e-01,4.251312184810169814e-01,6.256341962201341644e-01,6.593160846770130812e-01,9.774674786773355217e-01,4.432421870162719935e-01,6.275946059057110338e-01,6.579615485285563725e-01,6.779630156386798889e-01,3.521134629624898538e-01,3.509416847118971283e-01,7.778654049374565949e-01,5.557069285867499708e-01,2.709737126362227744e-01,9.613204500552294807e-01,4.322618749446013875e-01,2.976084333049693886e-01,1.402405464203659857e-01,6.222662421242290964e-01,8.421319894812235862e-01,9.227888173084825008e-01,1.885071681402490373e-01,4.907727944008450360e-01,8.082021996690933463e-01,5.727070965855372009e-01,7.528395077414230530e-01,8.228008858494031408e-01,4.926738485893794595e-01,4.049077260480041796e-01,9.642639513518664884e-01,4.868529814410177403e-01,3.954733650290437330e-01,8.041106698343123416e-01,6.635749861971491637e-01,5.710761027573869608e-01,7.614128090222908041e-01,9.560052705688237840e-01,4.788657483614192634e-01,8.432427952289582862e-01,9.812374173219877704e-01,5.869567010537936058e-01,5.490123310248814503e-01,6.731264316325316077e-01,6.869297110667276218e-01,7.930992167147032923e-01,8.909752851906133087e-01,8.684827767639489160e-01,5.870656546719772440e-01,9.622464812786196697e-01,9.658175172462359903e-01,6.955112916215678842e-01,8.724198970554137844e-01,7.760807677748625677e-01,6.217622040502802649e-01,6.143973108075152512e-01,5.759263215724179652e-01,4.900517646604485300e-01,6.419250097583159009e-01,2.518309388520360015e-01,2.489115511760672805e-01,4.627882117209274337e-01,9.568057353291269385e-01,9.548248517797163215e-01,4.215952954353453519e-01,6.542244894920410392e-01,6.016839524844251885e-01
4.874200670220986131e-01,7.804324653296018655e-01,4.811874128274044038e-01,8.130061124058527433e-01,2.887886342123729966e-01,5.945224988133901434e-01,6.803070293927124812e-01,6.609497070419815268e-01,9.652852735594599221e-01,8.480328926673044165e-01,8.040648911201476734e-01,4.496191965628809628e-01,2.207062096931133779e-03,9.428580099724718222e-01,3.380337724043877556e-01,0.000000000000000000e+00,6.301797620405892308e-01,8.695197263717411307e-01,9.271446743981848204e-01,8.309189345490172185e-01,8.102486953529204339e-01,4.924073912641950268e-01,9.086658971120135098e-01,9.873995059135908248e-01,4.970414498012355464e-01,6.079673481030893889e-01,2.219906045603062539e-01,9.172543746086846417e-01,4.788739806188865300e-01,4.972200059008350381e-01,-2.441517950295890860e-01,5.705966689192252250e-01,3.755882502943572732e-01,7.892077911020308756e-01,4.964207602631811600e-01,4.803932782598434037e-01,3.614710755917139862e-01,6.785927339109279477e-02,4.019650828383444785e-01,9.539284971157691029e-01,5.403110768605514647e-01,2.392729654280165430e-01,9.371343733799594178e-01,7.573961193365639222e-01,9.916892668888435125e-01,1.386985084749203512e-01,8.740883695033557776e-01,4.496220154524597779e-01,5.211783254665367515e-01,5.063346443512859452e-01,7.748582911788520766e-01,6.312396684068165564e-01,9.190244293832696698e-01,5.247321129144845164e-01,4.812477697448425129e-01,8.834848909301056263e-01,5.972353114455504208e-01,6.468788593311795010e-01,9.829248603218674329e-01,6.377868152341381602e-01,7.909287948427996540e-01,8.095342135110435988e-01,8.692850230467933370e-01,7.519291491527941851e-01,9.113696795358054992e-01,9.290359234706248026e-01,7.513141694370144563e-01,6.609428444404407132e-01,7.843122401682208755e-01,4.888016952809706717e-01,7.573093947381339675e-01,6.442662810844868027e-02,2.301120198191242694e-01,4.907246043283957498e-02,6.113839925101498540e-01,9.135339023189761321e-01,5.212102315546680575e-01,9.634580826563392542e-01,7.437159898002461134e-01,7.630216340468606306e-01,6.011473713044797051e-01,9.563029098585752452e-01,7.263128448511015911e-01,3.832834906500964256e-01,3.430571358610098320e-01
4.233247727025968854e-01,7.277178156385804009e-01,8.149400985146425525e-01,8.153678769135207505e-01,5.846040138343858716e-01,7.996878622497767264e-01,6.081356641716496592e-01,7.705919049573417556e-01,7.282057117344569175e-01,8.498943239527763094e-01,8.345739123877106147e-01,6.185841603174886405e-01,6.433882112624570437e-01,9.055672673649171056e-01,8.348881176114769653e-01,6.301797620405892308e-01,0.000000000000000000e+00,5.739709326895047203e-01,7.561564713725873466e-01,4.991655602751627341e-01,3.318969528088649978e-01,9.451366635570425112e-01,7.662716446201695009e-01,6.578584322674895235e-01,7.524386097933571937e-02,7.419201689414649525e-01,8.330617714226080661e-01,4.430330703333115738e-01,6.262776731796108054e-01,5.355223938232261949e-01,6.790046396107022320e-01,9.138640008481254684e-01,6.550582666167946433e-02,2.608348890709767387e-01,7.517934583536862725e-01,5.757499894692446052e-01,2.798252525259944390e-01,7.477575939084412093e-01,7.463523678023796792e-01,8.582931220615522827e-01,6.593402191900943343e-01,6.320912150515755057e-01,8.173463329213281892e-01,8.228348750156970759e-01,-6.945306429533795733e-02,5.498217570687320421e-01,2.358564616411104597e-01,7.556765651712176179e-01,4.840303143058933277e-01,6.326622083715747191e-01,8.568373396486683724e-01,9.103530571503981594e-01,7.939632062355793662e-01,8.068454806911319332e-01,8.999211054421936140e-01,-2.244462990376586142e-02,4.955679619825250071e-01,9.410999565799627042e-01,4.609537772096561348e-01,1.883683098419975388e-01,2.100656498264984740e-01,5.490545136488469424e-01,8.708777071825631877e-01,7.209827217123561116e-01,7.163890740409748492e-01,7.792153772337314654e-01,6.713524444759239040e-01,5.768075207909469926e-01,5.495849771269208928e-01,4.429181070105201456e-01,9.792400197128607875e-01,7.267043852108933111e-01,8.761022836737515362e-01,6.518855958204768930e-01,9.921007066527375295e-01,4.426476745119427569e-01,6.254327698292865279e-01,8.020583619004638676e-01,7.770910873465317614e-01,4.696929732105051825e-01,6.023779106763238467e-01,8.174301040612185210e-01,6.023333325508843927e-01,5.421124486539661280e-01,4.352463853083287093e-01
9.820890450863628551e-01,8.910658847617154432e-01,8.871294916502007188e-01,6.065900127231017569e-01,8.130352631164801114e-01,8.739429826554157010e-01,4.097652414625867490e-01,9.563404969356041896e-01,7.685268019815232332e-01,9.085487876024693765e-01,8.927612756115165249e-01,5.727131778265448503e-01,6.110091131657847674e-01,5.938768047606413081e-01,9.040677847189335647e-01,8.695197263717411307e-01,5.739709326895047203e-01,0.000000000000000000e+00,7.360204980626536830e-01,7.394065159802449827e-01,8.102276986934608960e-01,6.090522584877772205e-01,9.609098993238402997e-01,7.548415789659534969e-01,4.652689963846499133e-01,7.139738327606146573e-01,7.395943892750256321e-01,4.386183719764914501e-01,7.493077221396895471e-01,6.228716709408143037e-01,-2.851280043831747046e-02,8.947029892047368982e-01,9.437594474987534010e-01,9.992194124450228809e-01,7.676613820562120383e-01,5.355155650472412932e-01,1.678656396362958880e-01,8.825273603750799500e-01,6.683033282210666393e-01,9.176752417183346999e-01,5.284701481494816777e-01,9.939059499099420769e-01,5.084320007563274402e-01,9.435655732593390965e-01,7.356715530861447361e-01,7.066448942542297162e-01,5.473845789102632642e-01,3.188191125924859648e-01,8.868870142302586190e-01,7.140613584314063900e-01,7.040462578549747663e-01,8.559603115766852843e-01,5.872641419396720242e-01,7.836719583507690823e-01,8.407797106531974540e-01,9.686789371303923257e-01,7.007571445456222126e-01,9.246437642518430255e-01,7.538887458691712062e-01,6.186108934188865316e-01,9.312552150418299535e-01,7.367196227990590041e-01,6.660929313863270806e-01,7.861890206205235376e-01,8.722302852600294365e-01,8.474831494150936173e-01,5.534307147813820604e-01,9.721263621012385947e-01,7.193649492837700388e-01,8.789418587116506476e-01,6.557617322390099091e-01,5.855537605184658601e-01,4.548091147608311346e-01,4.546376748734460294e-01,7.959862231893384266e-01,6.238232498634564971e-01,3.458302896429392703e-01,4.027627443515723327e-01,7.590722241098990519e-02,7.554937848416667379e-01,-1.288659928637192476e-03,8.283481362551398108e-01,9.786773362041749635e-01,4.757863298531426199e-01,8.322800510860675072e-01
