0.000000000000000000e+00,6.381453167875956733e-01,7.142522793679402238e-01,9.853973698732955144e-01,7.855764136229600458e-01,8.857100937762079074e-01,8.928043951101949371e-01,9.793392262841069673e-01,8.946292284450331200e-01,7.689724612194670517e-01,6.302971973531599215e-01,8.020221299226399925e-01,8.167705021629049211e-01,9.142664674349885168e-01,8.429878161408381754e-01,4.850251271580272583e-01,5.215505642336282222e-01,9.798428895966856400e-01,8.572659383178553583e-01,8.249879252778207217e-01,8.349421150458350427e-01,6.544960058253940227e-01,2.724706888869993238e-01,8.117493563471914753e-01,9.361577241578030728e-01,8.890798861882017734e-01,2.878090362679942560e-01,9.006676036429628329e-01,6.424160780041343610e-01,4.134843071693954375e-01,4.164897494337550521e-01,5.238730546647012432e-01,6.942120024924172128e-01,9.342718587167598843e-01,3.248663216395493158e-01,6.814377701032358070e-01,-7.707985724199534205e-03,9.406299589501806446e-01,7.404641204999330428e-01,6.548198416488258955e-01,7.926024101338704497e-01,6.375597810167110691e-01,6.655596979864901730e-01,8.463597232141755189e-01,8.958657136658664255e-01,8.734178377156203155e-01,9.169385734155205414e-01,8.413560196041254269e-01,9.660310670526477406e-01,8.439229874281231059e-01,8.437230688204209184e-01,9.958968415156554954e-01,8.346521175591441466e-01,5.626109116890914974e-01,9.478372934452230503e-01,6.871261862698427869e-01,9.743664980144398635e-01,6.383880379816686546e-01,7.952665813988187837e-01,6.083849190863709344e-01,7.397899441234209172e-01,9.590784421823067563e-01,8.779078038923040506e-01,9.518439811651145943e-01,5.826974881234125991e-01,1.194343575551655157e-01,7.247278057064046042e-01,7.286423344329979734e-01,9.930152568563014315e-01,9.883416850925095254e-01,9.446504982169998677e-01,8.376546688000590102e-01,6.889740435681459552e-01,7.019810821513573496e-01,6.329931215064225070e-01,8.681018043905917025e-01,9.158080230655437637e-01,9.860276217914321073e-01,5.515131102429150500e-01,7.516171069482660005e-01,9.795071857816577410e-01,8.184678799254465620e-01,9.126967122085972717e-01,4.170631097022428624e-01,8.083437980401211309e-01
6.381453167875956733e-01,0.000000000000000000e+00,4.341934399203479789e-01,8.697999185039878567e-01,9.199244597737739060e-01,5.118431569025135852e-01,3.721297781614847366e-01,7.042133755991811794e-01,7.702490088204262397e-01,7.268458963176942511e-01,7.916147820610959229e-01,8.927480194864534369e-01,6.906377213454795161e-01,4.430408417429471113e-01,1.062021654147262961e-01,5.244893835085138178e-01,8.638606547982873307e-01,1.446724848250817430e-01,1.361080856303491515e-01,6.124407027284035632e-01,5.716102453710132369e-01,7.297447844320494870e-01,6.621657155558430263e-01,8.296844076995961714e-01,7.135750990338410871e-01,8.337855598811694247e-02,8.588839673449408796e-01,9.284564088377397217e-01,5.613224106053112950e-01,7.783521659259939884e-01,2.008975715311574484e-01,7.163590077474303319e-01,8.894104056971968708e-01,6.435200010468111742e-01,7.516926003610258089e-01,4.447159527321719596e-01,4.795979603231234623e-01,5.003040553890736319e-01,8.412696578783847023e-01,6.143857381186214051e-01,4.716521819379329572e-01,6.251966448964767498e-01,5.046482137148639024e-01,7.579876543249628451e-01,9.351293484516695065e-01,8.151707347524187464e-01,8.049139460752315900e-01,9.501051654273797720e-01,7.459335827580079181e-01,7.174386091954385591e-01,3.833280127149542027e-01,6.290911013616784508e-01,8.294540110140925515e-01,8.175211700761602085e-01,4.346164863743828821e-01,9.500400395040806689e-01,4.676531718015558559e-01,6.374404817235868048e-01,6.524625975303508518e-01,3.825367104205615876e-01,6.858223515386923097e-01,7.206114916597879949e-01,8.206614862876581151e-01,8.064870771781584846e-01,7.293634204023244916e-01,6.767647310096008839e-01,2.255886909166294751e-01,9.332001863387106022e-01,7.515058877272928761e-01,6.010698130333109734e-01,7.892220367772246892e-01,9.283353656261549292e-01,8.008170618953028841e-01,5.425717550133201117e-01,6.011448998634396634e-01,6.885310178870636122e-01,9.307955832377826644e-01,4.188431174924368561e-01,2.171372789261391545e-01,5.146324107366690992e-01,5.135763544436328099e-01,4.595406249188432324e-01,2.755628958155644792e-01,7.492288906005372118e-01,8.628617329566629079e-01
7.142522793679402238e-01,4.341934399203479789e-01,0.000000000000000000e+00,8.609982854815805275e-01,9.191341770785217413e-01,6.603272928911780859e-01,6.177842977835937832e-01,8.121475700375201390e-01,7.746459424591650711e-01,3.974120679865065231e-01,9.134339082396893961e-01,8.758825903708600258e-01,6.252853595969937173e-01,9.051694698226239177e-01,9.113810206744579201e-01,8.174716505572459102e-01,9.962894586792492291e-01,9.617313162839694618e-01,8.182144447794076347e-01,7.328191273899378189e-01,9.709627273944788639e-01,9.008585221419130873e-01,8.924928728256301680e-01,6.246449083913260258e-01,9.098887146996842423e-01,6.727886311371386041e-01,9.542310369398694370e-01,6.541962635876203969e-01,4.976914631791487520e-01,5.047787309531264199e-01,4.019328065789178894e-01,9.290635233690962558e-01,5.595870552346985383e-01,8.011439189611463396e-01,9.226277744653086366e-01,4.607356340574539355e-01,4.643040278373595786e-01,9.666650800010316846e-01,9.930530646164952291e-01,8.764692714998727485e-01,3.206398576047730931e-01,8.817702527941152502e-01,8.794832445529060516e-01,4.073181120157619572e-01,9.801394141127959259e-01,8.578825969590240241e-01,4.997656753413662334e-01,9.898160214089755105e-01,9.720618302886331330e-01,6.200024975464404342e-01,6.465866994040078142e-01,9.857973521514143966e-01,8.386018574683168358e-01,6.411135797959415239e-01,8.028772938136101711e-01,4.274792659377268933e-01,9.710384952626073263e-01,8.189368667500697141e-01,5.607291945861748728e-01,2.069405893429270560e-01,7.091460539335570079e-01,2.163246348536050911e-01,9.026046876878344172e-01,8.330421356188166815e-01,6.003268413213411758e-01,8.790832101201572213e-01,6.741478672435254893e-01,6.063288229688114095e-01,6.119201970867070850e-01,8.987338740273630444e-01,5.441736748004071256e-01,9.801878067395173311e-01,2.217446916651177793e-03,4.024373744133590280e-01,5.106627925396652889e-01,8.758473911821981206e-01,9.719274302929623577e-01,7.349570276203108987e-01,4.895632515757342706e-01,4.540574861543444363e-01,8.149863281029309237e-01,9.873524296804638833e-01,9.888438332220632621e-01,9.285619942307778985e-01,8.791693575180842268e-01
9.853973698732955144e-01,8.697999185039878567e-01,8.609982854815805275e-01,0.000000000000000000e+00,8.222229595486845177e-01,6.628105196505406083e-01,5.633781456306006241e-01,6.294124749398708474e-01,5.766035602101082791e-01,9.062731597605815370e-01,7.621337450723157936e-01,9.393753776369478947e-01,7.978350224806591839e-01,9.391470593245588860e-01,4.970846112572208098e-01,6.287159990045338986e-01,3.762013279234346919e-01,9.613456359429415343e-01,5.896135865565563794e-01,4.608028541792512645e-01,7.355530193100533465e-01,4.564109660396215018e-01,4.468511978797387596e-01,7.518051877600069322e-01,5.814004513506624283e-01,6.964996866444306267e-01,6.391236941620046519e-01,8.878199840021560041e-01,3.633866480051659575e-01,6.520264094033050295e-01,-6.666401007662361988e-02,4.420980397777354853e-01,9.645631339442687358e-01,7.433824402135815745e-01,6.448345652402356354e-01,7.951208956580944065e-01,2.515227054152853192e-01,8.136786382761124203e-01,7.495998062461455280e-01,4.152553708803458088e-01,3.638911906656475681e-01,8.947058684311155474e-01,6.203110686024519982e-01,8.698213085374213449e-01,4.827760344430477302e-01,9.757727092726582452e-01,9.238407057889547191e-01,4.667362919584721603e-01,7.689740210584881108e-01,9.402619183235596534e-01,7.452406497592659607e-01,1.234425927195437755e-01,5.629933747215253304e-01,2.876780726430713808e-01,5.437364757307610041e-01,9.604595500841323075e-01,9.020545213528370354e-01,9.695762573429915765e-01,7.859656499437840393e-01,3.573442061159510796e-01,3.843860645855195352e-02,9.735813481416222270e-01,7.920601986866767641e-01,8.229523388531230221e-01,9.711722352264229308e-01,5.314911718266515095e-01,5.704289593616316267e-01,6.637226627274646074e-01,2.273470324999388170e-01,9.003679535272907097e-01,6.802766178472364755e-01,7.172370623997407213e-01,7.296847961841457231e-01,4.134689573874034130e-01,7.649388562952713633e-01,6.816893373080562535e-01,8.473923876051496773e-01,6.576274141321682976e-01,2.112338889945210019e-01,4.811258594816888445e-01,5.338378704846316047e-01,5.435614987435756218e-01,5.391131218968029382e-01,1.477806049480711870e-01,9.777084371358880643e-01
7.855764136229600458e-01,9.199244597737739060e-01,9.191341770785217413e-01,8.222229595486845177e-01,0.000000000000000000e+00,6.058566860658659570e-01,5.794156401685056634e-01,6.573257195967421307e-01,8.645236642978191277e-01,2.026759856288441464e-01,4.906393742108579592e-01,6.611190250980309990e-01,9.650793405241812062e-01,9.832992102277933189e-01,9.757219818762898900e-01,6.827286182319838304e-01,7.554599969212051347e-01,7.081076789485645229e-01,8.962292690800581774e-01,6.014094548378690064e-01,8.204918993877976519e-01,3.673502460420018934e-01,8.165606403560292659e-01,4.116681951622903624e-01,6.622830897665447081e-01,9.128745782792627717e-01,6.262032994267618946e-01,7.480279317574654030e-01,9.874489301696220966e-01,3.397706112027745196e-01,7.928902260014132342e-01,9.319604667718131008e-01,7.263678847794908799e-01,6.357190845345178642e-01,6.198198296309079813e-01,6.227357056847688810e-01,5.560594330172583671e-02,3.662302389313903395e-01,8.679735923229862093e-01,7.072988209575554741e-01,4.566195477260429070e-01,6.020070368209406997e-01,6.573377107314236634e-01,8.984146240702204356e-01,6.422629013820990718e-01,7.722989860827624842e-01,7.795326548375078879e-01,7.999480199070301278e-01,8.779113241383297295e-01,2.400124089631693880e-01,6.038316401720476012e-01,8.069438909773745117e-01,6.960097622537541051e-01,8.429683115532515814e-01,9.637745525713228290e-01,9.678061120351864055e-01,7.187071528937412079e-01,4.596888797832446305e-01,9.026064454334120635e-01,3.504318078917574852e-01,6.235545750814172061e-01,8.099018490462905895e-01,8.069779280417426204e-01,5.831737172742776920e-01,6.756273371172154540e-01,6.019421919833590762e-01,5.002059258167442790e-01,3.043006335016197883e-01,6.960222235159840842e-01,2.634286147027973812e-01,8.862477388713393411e-01,3.163707177267907622e-01,5.528623961539281817e-01,6.858348652603422912e-02,6.628984609226942215e-01,8.162405597150781400e-01,9.507209536187426480e-01,1.545833751561320746e-01,7.692803485115494722e-01,4.865146190002052062e-01,4.054016686341395115e-01,9.104196374973257955e-01,9.009927583328513068e-01,4.492062588431094405e-01,7.534416350488287728e-01
8.857100937762079074e-01,5.118431569025135852e-01,6.603272928911780859e-01,6.628105196505406083e-01,6.058566860658659570e-01,0.000000000000000000e+00,8.859603059029775851e-01,4.370090017143640759e-01,9.878900404464615592e-01,9.965176630195166085e-02,5.674367366086362496e-01,3.851121837216403554e-01,9.583097165816117924e-01,9.681318244003260798e-01,8.873897315026946231e-01,6.839572198331566044e-01,9.402351081271974609e-01,8.359433357707024559e-01,5.669768494682231319e-01,8.750861928539002133e-01,7.768564208463728527e-01,9.487721751438850104e-01,6.095009614191485570e-01,4.375378422951198831e-01,6.997618616623062504e-01,2.816114516351186925e-01,9.794441602060459662e-01,6.780365597817823442e-01,5.864247339626875721e-01,3.950061700134369636e-01,5.040458006031643956e-01,5.231033694733679962e-01,5.352924889731227598e-01,5.014136427957646136e-01,9.042427148365871359e-01,2.194102784501816006e-01,2.344946848604776424e-01,6.505360589614065381e-01,8.783614441043368082e-01,8.461644188202356309e-01,2.370245787807012117e-01,4.880557060673717529e-01,7.061472127275306709e-01,9.492231007328894021e-01,8.343663411842976441e-01,5.476484400879619852e-01,6.759785074996582654e-01,6.673164293720487139e-01,2.529690704258699685e-01,5.622577202142176045e-01,7.082464225399521807e-01,5.316372545330698696e-01,7.090254942759751655e-01,6.132318347400194103e-01,8.155459905449461422e-01,5.651044175233400635e-01,4.035492723245717173e-01,2.588879420625588290e-01,8.645684215141459239e-01,4.960386254721765864e-01,4.707385516438589157e-01,6.393863235068134587e-01,6.068465786423377084e-01,5.429164583325976068e-01,8.093288540722444191e-01,7.405914659144967604e-01,6.874543390723730774e-01,6.441549596479941853e-01,2.511049861990234389e-01,5.525948069903685589e-02,8.424050644557268264e-01,5.089889903082731593e-01,4.006598363804012575e-01,4.344178471520125928e-01,9.821683789098651918e-01,8.059169473022831376e-01,7.698526099625212504e-01,9.936613734968890999e-01,3.386687049558027018e-01,2.066800007654334970e-01,8.372528256536863056e-01,8.829447569355806102e-01,2.576209881590838524e-01,2.732428174308050295e-01,2.108943132661330044e-01
8.928043951101949371e-01,3.721297781614847366e-01,6.177842977835937832e-01,5.633781456306006241e-01,5.794156401685056634e-01,8.859603059029775851e-01,0.000000000000000000e+00,6.106269792667351481e-01,7.024875813848830974e-01,5.039730125121807403e-01,4.420938909708750919e-01,1.476769268776702282e-01,4.885760239947909978e-01,4.486448349398223789e-01,4.101026552352919352e-01,9.309057733391337131e-01,4.988533510842538266e-01,5.691132111290233553e-01,5.277466510394386301e-01,8.221606116077824211e-01,9.195922464466340651e-01,2.516339696815479976e-01,3.316449638489603613e-01,6.933727730518041144e-01,7.214381280740479463e-01,-1.908342014272061404e-01,2.124876642334947718e-01,2.442557960637252168e-01,5.823189088082738607e-01,4.783805042271003782e-01,6.700841407227116076e-01,5.960179553853233170e-01,5.876429267760046038e-01,3.298771442381336350e-01,1.165777604432094439e-02,3.788741785009557272e-01,4.404183826425399628e-01,2.000874367059268244e-01,8.672852501894767752e-01,9.218017796014603693e-01,7.255236380409505470e-01,4.085332370696712623e-01,7.350198364912178262e-01,7.549017458857132379e-01,6.466754818925100068e-01,3.454876581960710236e-01,4.335723851359422065e-01,5.673741806578920244e-01,7.957703739235821860e-01,5.620867297657955453e-01,7.752674687804789189e-01,6.304768675664328414e-01,6.298959700032931153e-01,1.295431104964281654e-01,8.181294651303877563e-01,2.106795371499175784e-01,6.497777193018842157e-01,2.045597983087643901e-01,8.657588222670886680e-01,5.986412856263401139e-01,4.194938072983566135e-01,3.903211502009402700e-01,6.750090234198358186e-01,9.029042868549451706e-01,9.139895094717389590e-01,6.788275466056754581e-01,5.955819415272367578e-01,6.878661149755979087e-01,5.717443821147943916e-01,2.179953962406045720e-01,4.052556679596204525e-02,7.285071940884036978e-01,2.941004979642294903e-01,6.152192544612632430e-01,3.863373259091971296e-02,2.620856899932072492e-01,5.688687936481525709e-01,7.311692947092798267e-01,3.796825398705555576e-01,2.637887350808394982e-01,2.648989718446750352e-01,4.631693707263251358e-01,7.842210557650816094e-01,1.627668105091735484e-01,4.079996472714408351e-01
9.793392262841069673e-01,7.042133755991811794e-01,8.121475700375201390e-01,6.294124749398708474e-01,6.573257195967421307e-01,4.370090017143640759e-01,6.106269792667351481e-01,0.000000000000000000e+00,7.154030279412287863e-01,5.691452537010264212e-01,7.363640899421977082e-01,7.884513280168762295e-01,9.164465972722395382e-01,7.294881620393804944e-01,6.236893332856200400e-01,2.519800402061596056e-01,6.624708393709796139e-01,7.687111540259552456e-01,6.290710659314485698e-01,9.342093981759954646e-01,9.957883842642258898e-01,2.855585466809965056e-01,7.661373321198562403e-01,6.963901127137700486e-01,9.053116441761389632e-01,9.423864555130575527e-01,2.195889837240910802e-01,5.533485718549661092e-01,6.685977739712609669e-01,4.165143243557895003e-01,6.408469749315237607e-01,7.368700779982011451e-01,2.761935750062633477e-01,5.650642063758120059e-01,6.770074013710137839e-01,1.894753997187041961e-01,5.658899999947869519e-01,4.328221444030091458e-01,4.709112883862986432e-01,6.338984152826508955e-01,6.427612212801369074e-01,7.275097590258189362e-01,8.581225660508440267e-01,3.226285978045557168e-01,6.831603661998895127e-01,9.129714433251142625e-01,8.192778243127520899e-01,3.202751758984129782e-01,7.415486775378479223e-01,6.104278027866584244e-01,8.938164820198959415e-01,9.566731430864828800e-01,1.961862973066372806e-01,8.199015387635779639e-01,3.018663783256075872e-01,9.983007867993053397e-01,6.718184533860410701e-01,7.292016286608341558e-01,7.417493386875255723e-01,3.764129757222978503e-03,5.780448429495148588e-01,3.076107454419487741e-01,8.430982398151521950e-01,6.439652383795577695e-01,8.462243485421195865e-01,5.726009871284537533e-01,2.033994570777610811e-01,9.528120990941848500e-01,-4.484692973002915029e-01,7.306029431586316125e-01,4.580793949210800187e-01,6.892119506449811972e-01,4.262627092197684986e-01,3.638015858858744123e-01,6.750165932779084166e-01,6.059530607893891530e-01,6.836278990553413815e-01,6.679661186914702675e-01,3.908566748688183656e-01,5.993025346971843081e-01,7.470855259191332420e-01,5.072896869365054462e-01,7.937632787578219329e-01,9.382296720506768661e-01,7.671133851608687992e-01
8.946292284450331200e-01,7.702490088204262397e-01,7.746459424591650711e-01,5.766035602101082791e-01,8.645236642978191277e-01,9.878900404464615592e-01,7.024875813848830974e-01,7.154030279412287863e-01,0.000000000000000000e+00,2.117057177897074816e-02,6.829743669230502467e-01,7.886196991862446382e-01,7.377018763469194162e-01,5.686931483208063076e-01,2.223121394846800936e-01,6.508060809247596668e-01,8.583965969159738085e-01,7.046523586262480876e-01,6.905436748205440178e-01,6.303583932290616199e-01,8.922783274106907969e-01,3.981122752654771557e-01,6.204765140563005543e-01,9.813189053784827642e-01,3.738459765660708811e-01,4.525232617851460137e-01,8.294346906373993855e-01,9.468411918314630915e-01,2.532175118931730418e-01,2.919352115539371462e-01,5.270515198852756544e-01,9.976149373747339455e-01,5.200398407325997896e-01,2.587271130914614581e-02,8.360921390826117072e-01,3.819780319749912501e-01,2.503567174875399592e-01,5.041605232415428128e-01,8.420555976663726128e-01,2.323468888050942149e-01,4.986096830879241382e-01,7.141725919047362536e-01,8.615797588273291785e-01,6.302339677590232947e-01,6.835197143836542200e-01,3.963329445528889217e-01,9.920153882183460059e-01,5.060271016063520033e-01,4.964784887126718615e-01,4.179725775420395917e-01,7.191475717791628863e-01,5.022558508128898147e-01,7.847702245091845441e-01,8.355967879619233818e-01,4.602664710052645214e-01,2.253954194680522494e-01,6.240194961687263175e-01,9.552782408867868114e-01,5.580033959417622924e-01,5.233863581383171315e-01,7.127713702494080650e-01,6.617270250386236841e-01,7.894399467431768569e-01,6.127376133893127630e-01,8.127500214526154343e-01,4.588372670951394450e-01,6.448701415558198979e-01,6.667106387739559770e-01,-5.519926678611355997e-02,7.907368037403961214e-01,8.580950963679356835e-01,7.980534954548494930e-01,3.633667636728890038e-01,5.531227322665681623e-01,9.548329758189451066e-01,1.895511011515627064e-02,7.397152013021698336e-01,7.433387987323211155e-01,4.191824108560704421e-01,2.694995618105182622e-01,7.578395907715638202e-01,5.294684143505810070e-01,8.564863752606889369e-01,5.817689849828933113e-01,5.092177479733105416e-01
7.689724612194670517e-01,7.268458963176942511e-01,3.974120679865065231e-01,9.062731597605815370e-01,2.026759856288441464e-01,9.965176630195166085e-02,5.039730125121807403e-01,5.691452537010264212e-01,2.117057177897074816e-02,0.000000000000000000e+00,7.679778537288237672e-01,6.946667406722983884e-01,6.237288132021888698e-01,9.438056183258071163e-01,4.888659063727053833e-01,6.782738501569384182e-01,9.787696574474469280e-01,7.114710342314168878e-01,8.106091600167973921e-01,8.800981412673918314e-01,7.425075462289878470e-01,5.803302556376227495e-01,8.346210650851902946e-01,8.774154347688077893e-01,2.139928167289906480e-01,5.785490394256163071e-01,8.713206033324378819e-01,9.288398447460436413e-01,6.192636435719220955e-01,4.677817299382948102e-01,4.616575066228437718e-01,2.155546813468051659e-01,6.395859442409167483e-01,6.349605039885249935e-01,6.317065101419826467e-01,4.311614287362349751e-01,2.570730031098711899e-01,6.325052688605762308e-01,9.118203742711024073e-01,3.121537108641855296e-01,4.164360816309138347e-01,6.890792315562946913e-01,9.563287898329182468e-01,3.771973727998774173e-01,6.249090286481959744e-01,9.537101346435483684e-01,8.515139114348930782e-01,2.786472023595682468e-01,6.007448306752224410e-01,6.546519857854272706e-01,7.887439133047264850e-01,7.927793679914386660e-01,7.260877267649746836e-01,8.560817573412131676e-01,6.313449262854106125e-01,9.125657108815827812e-01,4.646215726373659205e-01,4.714329242747988813e-01,4.597968686332629673e-01,9.026756707907508392e-01,7.498968908055245741e-01,2.060545092127467337e-01,2.190757148800726306e-01,8.578762677437987705e-01,9.858108494919087805e-01,9.986733318959760686e-01,8.803956137719151087e-01,8.926400097218298857e-01,4.347964401680488034e-01,5.457080540858233464e-01,8.050929982688828090e-01,7.735493699312344651e-01,5.261574736035928845e-01,6.935695647356229232e-01,5.778331071649716044e-01,4.236709287208139108e-01,8.217024984543958022e-01,4.416955090634817616e-01,2.920563024873882307e-01,5.195397786259489115e-01,9.579524944275222831e-01,9.758590240986826370e-01,8.489992972155319118e-01,-1.682445696517375910e-01,7.591172546241500285e-01
6.302971973531599215e-01,7.916147820610959229e-01,9.134339082396893961e-01,7.621337450723157936e-01,4.906393742108579592e-01,5.674367366086362496e-01,4.420938909708750919e-01,7.363640899421977082e-01,6.829743669230502467e-01,7.679778537288237672e-01,0.000000000000000000e+00,8.343977083212280599e-01,8.571285959685328582e-01,5.551779126526705799e-01,8.627385120656954065e-01,9.898531007963753403e-01,8.902301085697444938e-01,-2.790129637388197303e-02,8.699781885266689718e-01,5.271473958556540662e-01,8.191790657860401614e-01,9.271303608139325192e-01,7.813196994522054739e-01,8.111414731573101111e-01,4.830016780324081216e-01,7.017819289503899327e-01,9.503332841477930559e-01,8.307500915621633952e-01,1.486827274238473606e-01,3.540074159705517975e-01,1.915760663225357097e-01,7.372957335958367775e-01,7.350137246448736894e-01,9.099769280973378782e-01,4.406160811624071361e-02,2.981887600975865679e-02,-1.465160766522517199e-01,3.681403214668858004e-01,6.516854960880366088e-01,4.142797124368999828e-01,2.007667880520292436e-01,6.492178899907384837e-01,6.332011193947326699e-01,8.365103233950350603e-01,9.014489770563565152e-01,8.521003022571373986e-01,8.028856376416120266e-01,6.901555250099770111e-01,5.587025782301872079e-01,6.656913978417149380e-01,8.168734297414267376e-01,9.613734285245567612e-01,9.046776315363839194e-01,7.702723323622170382e-01,8.163266987335694447e-01,7.480439499170190576e-01,7.376712167043533164e-01,7.274659767372324559e-01,7.934710399252554724e-01,3.569174665087750942e-01,2.512043419919580689e-01,4.988450553816143884e-01,9.566318131906349498e-01,9.628571318228339448e-01,6.235145344171227899e-01,3.640425104462186034e-01,8.752917583767749754e-01,9.002382241040658428e-01,4.811551136692468478e-01,6.734119175451991346e-01,9.070825537905292668e-01,4.201429403375139815e-01,2.681987114158226881e-01,8.994804753686878040e-01,7.354654518913023020e-01,7.100598702900287051e-01,7.452413884444422099e-01,8.342287306604482255e-01,5.742501709833082169e-01,3.274725973966441384e-01,4.635380415187828063e-01,9.624212201229741526e-01,7.486796557223759363e-01,6.410487263291551052e-01,2.722219200815542139e-01
8.020221299226399925e-01,8.927480194864534369e-01,8.758825903708600258e-01,9.393753776369478947e-01,6.611190250980309990e-01,3.851121837216403554e-01,1.476769268776702282e-01,7.884513280168762295e-01,7.886196991862446382e-01,6.946667406722983884e-01,8.343977083212280599e-01,0.000000000000000000e+00,6.361136202381315607e-01,8.558799505054220935e-01,7.163506178338600039e-01,7.263010459493053350e-01,7.772011296141855263e-01,5.558908952952312799e-01,4.152270580563454105e-01,5.566486315618415226e-01,9.982321080998224350e-01,4.184542008539507418e-01,7.378785525977813453e-01,8.295858213077856869e-01,7.834826733500280804e-01,6.944498120812536701e-01,8.670131403601701869e-01,9.083978024379369964e-01,5.110709231513218542e-01,-5.538572028407989789e-03,-2.949805327591646376e-01,9.031861716572638921e-01,7.058466252781279149e-01,3.162158741176102073e-01,5.462380338900304499e-01,2.857551894586343177e-01,3.615196466451128243e-01,7.359651045491092392e-01,6.335903624284521252e-01,6.274939762003522992e-01,5.955898954016904945e-01,5.321548250174841233e-01,9.984335493957758878e-01,3.145426107819211392e-01,8.328717586955738383e-01,6.455413178505110539e-01,9.015625379943442708e-01,6.006182711820433617e-01,3.570441345023902396e-02,7.561450774264539820e-01,9.117903504622763000e-01,5.977541964393726648e-01,7.924992164468568356e-01,7.812806219158113796e-01,7.422756268487549214e-01,6.941258964952988775e-01,3.669195983371340564e-01,6.548313328761233842e-01,6.573404227252839238e-01,5.510681320748932466e-01,2.520777671765635497e-01,7.942848120090242325e-01,8.486927056248070311e-01,9.623063061527523665e-01,8.809229089947173685e-01,7.935720119041153042e-01,4.971808130581908958e-01,7.665887286865471495e-01,4.683569888321030827e-01,4.041807234139264127e-01,7.197404638829386636e-01,6.411537783588429074e-01,6.297131806275247934e-01,6.994786691284796687e-01,2.366882864222571714e-01,6.373439226083349451e-01,7.714499828526073522e-01,6.981778066621722179e-01,2.451962730840072657e-01,3.213744591309997123e-01,5.690680353063405361e-01,4.874261997738791319e-01,6.096183600690314730e-01,7.669006613522783011e-01,5.948374844797326144e-01
8.167705021629049211e-01,6.906377213454795161e-01,6.252853595969937173e-01,7.978350224806591839e-01,9.650793405241812062e-01,9.583097165816117924e-01,4.885760239947909978e-01,9.164465972722395382e-01,7.377018763469194162e-01,6.237288132021888698e-01,8.571285959685328582e-01,6.361136202381315607e-01,0.000000000000000000e+00,8.262882188278688478e-01,6.476114652337944255e-01,8.982127504215092761e-01,7.817321600322317821e-01,9.015628256794872009e-01,7.468477381389153624e-01,8.492889186399248391e-01,8.161699848685507463e-01,6.509958840829591642e-01,1.419085207892458456e-01,7.427005419717095380e-01,3.264065312730817792e-01,6.745247779922697307e-01,6.004068189603947170e-01,8.150414934811988088e-01,7.770128168852550310e-01,4.158538953437840302e-01,2.261718260727990093e-01,4.940809921100108304e-01,1.028555877509903516e-01,7.908766321415017231e-01,2.683009562629214972e-01,4.796599391837767512e-01,2.574918358587720002e-01,7.680060786482048041e-01,7.590727978192517433e-01,5.284922201967924282e-01,6.547050290955745977e-01,9.650770824936936165e-01,6.195327615869619109e-01,6.859321356776780787e-01,7.851811213006139045e-01,3.629546848693331329e-01,8.930178039272926860e-01,7.406497043109956380e-01,6.603519531270469756e-01,8.307061962017810997e-01,5.576239157851007322e-01,8.503043841696154015e-01,9.475387013265320624e-01,8.611949543519213934e-01,6.481149457780639445e-01,6.756816746170448695e-01,2.354257805634490108e-01,8.106517972216552570e-01,4.489356152527725352e-01,4.094120164744164958e-01,5.448860411126836834e-01,4.732253005171526139e-01,5.664429368014651800e-01,8.559938173045898990e-01,9.726048458997185175e-01,8.922971116859941265e-01,7.053026403688081869e-01,8.567255065971570716e-01,5.254586643060863427e-01,6.532811229724064805e-01,9.666174766369572957e-01,4.709544132119813931e-01,2.578318771530025977e-01,1.890153812800914046e-01,4.186551621945384660e-01,8.510345238361367581e-01,4.577279599042026192e-01,9.736419354909515711e-01,2.630629122941589015e-01,3.466450325958703171e-01,2.340426711365209689e-01,8.241028560245657886e-01,4.719228631807070862e-01,4.046792091490594157e-01,5.792261042848395602e-01
9.142664674349885168e-01,4.430408417429471113e-01,9.051694698226239177e-01,9.391470593245588860e-01,9.832992102277933189e-01,9.681318244003260798e-01,4.486448349398223789e-01,7.294881620393804944e-01,5.686931483208063076e-01,9.438056183258071163e-01,5.551779126526705799e-01,8.558799505054220935e-01,8.262882188278688478e-01,0.000000000000000000e+00,7.341225132060027470e-01,6.739290464288874016e-01,9.452423427544013323e-01,6.033939918419350956e-01,8.848544032276005611e-01,6.869821895793672972e-01,6.777461309771005693e-01,6.997815652445443790e-01,8.910194922370296977e-01,6.191003004300796864e-01,8.860399205301638936e-01,5.406036379253673640e-01,8.502701348191032960e-01,9.311901756756184589e-01,7.447818852675295309e-01,5.953946458492886951e-01,5.276116512888819887e-01,8.969354956689808978e-01,6.199556518972664243e-01,7.214003050117234750e-01,5.922603437596812848e-01,6.631192339967476590e-01,4.029697920553615420e-01,9.449296974627806600e-01,8.678892421739528018e-01,9.692289548485971684e-01,2.348223982124341691e-01,7.949394952168375994e-01,7.632876556942156387e-01,1.667437663538064996e-01,4.851724476814707199e-01,9.513232701189813234e-01,7.139094817012240357e-01,6.797267437714807903e-01,8.622456297590541663e-01,6.945557979060167364e-01,5.914274109403732105e-01,8.804876535501688917e-01,9.882960399582569888e-01,5.099912926480630881e-01,7.778749993380479344e-01,9.641917468050947848e-01,9.499395438562234784e-01,8.456002044700798859e-01,6.038283317974683095e-01,6.116295754097562654e-01,7.818972648645426959e-01,9.993964263023495942e-01,9.005976627001057722e-01,6.379707044164872887e-01,7.872183297260402224e-01,5.632835058902658787e-01,8.684620148615904700e-01,4.309758361447834085e-01,2.897550728364027828e-01,6.500867771383594951e-01,6.160766759618484523e-01,5.489879703245070797e-01,6.184484109583719968e-01,5.813881440130492795e-01,4.361097936771388683e-01,9.827863563005544423e-01,5.655194719486157373e-01,9.762829313466371284e-01,3.327611374317280823e-01,3.855373602163336688e-02,4.898372556631128694e-01,4.200801083553252768e-01,7.179129297116532138e-01,7.792695471062831558e-01,6.595201987505359131e-01
8.429878161408381754e-01,1.062021654147262961e-01,9.113810206744579201e-01,4.970846112572208098e-01,9.757219818762898900e-01,8.873897315026946231e-01,4.101026552352919352e-01,6.236893332856200400e-01,2.223121394846800936e-01,4.888659063727053833e-01,8.627385120656954065e-01,7.163506178338600039e-01,6.476114652337944255e-01,7.341225132060027470e-01,0.000000000000000000e+00,5.896154940960913748e-01,6.410031596171764656e-01,7.506036940709202021e-01,9.167825935904113654e-01,2.812099419396013600e-01,8.650644929246700254e-01,7.394063019835259709e-01,7.401169254451058777e-01,7.456827783788314568e-01,7.683238416495647982e-01,7.043558619239039809e-01,9.347973472211341672e-01,7.587604846004452064e-01,3.461647889810798295e-01,6.688715521325238056e-01,-1.468384527155155994e-01,6.879203848788325582e-01,7.026220367976834247e-01,5.917754882132850724e-01,8.762534371755532625e-01,7.116418753282085508e-01,3.755678876414631495e-01,1.026538295023896180e-01,7.545547763367728145e-01,6.303644405833386255e-01,5.383059076046383673e-01,6.577284324191545739e-01,5.456537655125917041e-01,6.914449239995094088e-01,8.939923539559483379e-01,7.291036976016977977e-01,3.204664281781830493e-01,6.811850372380291452e-01,-6.553805877329343943e-02,2.011207393780460040e-01,9.199428667420910255e-01,7.986720943515797089e-01,8.640119733796491897e-01,2.831225509635401649e-01,9.013083837480938554e-01,8.980769795311455139e-01,7.669864136837221125e-01,9.360936219715679796e-01,8.949955238368126897e-01,4.611186991015950865e-01,4.738550010140740176e-01,8.208972312152208461e-01,6.481655985755975236e-01,8.395363634594088520e-01,9.010168780744953754e-01,6.783205723319526426e-01,5.543152962606039402e-01,9.831748208758148699e-01,5.249526303136424765e-01,3.717562232339137740e-01,6.824884060430620458e-01,6.423205472033598484e-01,5.270021592615811157e-01,5.964310052537964424e-01,2.660551531101321143e-01,7.956009029181072556e-01,7.627041366936327949e-01,7.134671249976243246e-01,6.042438221350032723e-01,7.875431972414350668e-01,5.304676885784149754e-01,7.659163370863117937e-01,8.012098681423999169e-01,5.236557957993999146e-01,5.068671615996016566e-01
4.850251271580272583e-01,5.244893835085138178e-01,8.174716505572459102e-01,6.287159990045338986e-01,6.827286182319838304e-01,6.839572198331566044e-01,9.309057733391337131e-01,2.519800402061596056e-01,6.508060809247596668e-01,6.782738501569384182e-01,9.898531007963753403e-01,7.263010459493053350e-01,8.982127504215092761e-01,6.739290464288874016e-01,5.896154940960913748e-01,0.000000000000000000e+00,5.882290975356799789e-01,6.336180193235593228e-01,5.414706988652517872e-01,7.473294373304228966e-01,6.396978365049549309e-01,6.202650519139665253e-01,9.858015984838466306e-01,7.719770012322171304e-01,4.012212625196158733e-01,4.761775954132317912e-01,7.760093732049304638e-01,5.918750221340070006e-01,3.861223659000132535e-01,3.519681520703047406e-01,3.483588176265240421e-01,7.657535713120426912e-01,5.290042078124559399e-01,-6.952501081190581855e-02,2.360458470171398482e-01,8.300507972051918149e-01,3.442151105264187883e-01,5.592797574628453061e-01,8.491863026513702950e-01,4.000901565702543738e-01,4.737948521616267561e-01,7.110118510813546733e-01,8.992650070921173189e-01,3.961439111567481852e-01,6.746277739369341830e-01,9.401879558715344753e-01,9.063049970066204830e-01,9.976285271896485618e-01,6.373399695515036267e-01,7.721143936401270169e-01,6.371256569825346494e-01,2.097302126681555023e-01,6.004521800562184763e-01,7.160076489456852489e-01,6.495924534557837582e-01,9.592867775003715014e-01,7.244790036528870880e-01,5.320087644657398585e-01,5.483307142921550748e-01,3.025170050541743372e-01,4.770854539260755978e-01,6.647438059952851530e-01,6.327595826324137196e-01,7.289415111906671907e-01,6.044878653131487978e-01,5.010292629485001425e-01,2.405184619648942923e-01,4.627391348562578388e-01,4.250878979890043152e-01,3.978510235040131349e-01,9.092155372469329366e-01,6.116126363308868052e-01,6.612845434261028776e-01,6.282883876126544864e-01,2.370093480043638789e-01,5.542209798866379877e-01,8.458933210297490124e-01,5.117556456565084400e-01,5.295591134636178365e-01,2.129242106492325592e-01,4.465797650015705944e-01,8.510837773061256106e-01,7.621686254946312689e-01,3.263642426776600658e-01,4.525077400634574532e-01
5.215505642336282222e-01,8.638606547982873307e-01,9.962894586792492291e-01,3.762013279234346919e-01,7.554599969212051347e-01,9.402351081271974609e-01,4.988533510842538266e-01,6.624708393709796139e-01,8.583965969159738085e-01,9.787696574474469280e-01,8.902301085697444938e-01,7.772011296141855263e-01,7.817321600322317821e-01,9.452423427544013323e-01,6.410031596171764656e-01,5.882290975356799789e-01,0.000000000000000000e+00,7.199609048216047968e-01,5.995873109520820643e-01,6.967334692275484187e-01,8.467354495642285261e-01,6.320573613415503278e-01,4.935053648814054506e-01,9.501154806712153178e-01,7.399698583365008631e-01,7.412990577847571316e-01,7.656548534067201262e-01,2.848152989205477992e-01,5.011239560294590278e-01,6.417011566147206025e-01,3.789695659267670602e-01,8.526541452824174527e-01,7.525801175302885282e-01,7.584687035268500299e-01,4.843505234195319975e-01,2.167817229485293207e-01,5.879240959146498913e-01,8.465640919437427137e-01,9.212279469108903829e-01,9.620560081403932706e-01,1.897604162619519474e-01,6.344618967840527368e-01,7.237372425463830528e-01,5.817996515727446027e-01,9.176462285079707293e-01,5.237693113065693407e-01,8.627010597196170805e-01,9.835508667841382779e-01,8.360713101035140982e-01,7.355487893153559442e-01,6.318308052516669049e-01,8.365848941249685033e-01,9.241192215639905116e-01,9.154641320148453332e-01,8.565108039051170241e-01,9.387415570420338806e-01,8.454134851953035712e-01,5.901246319785338201e-01,9.767163599576599298e-01,-3.307858198612851353e-01,4.347374017453548567e-01,8.015084566700700908e-01,9.017470324712979490e-01,6.648652526938427787e-01,6.775168800899021848e-01,9.073002932406020182e-01,7.343291381652711225e-01,5.690820840274588566e-01,5.306863995407005152e-01,7.346682279493093048e-01,9.764802617110337479e-01,9.688104896095401930e-01,4.248845747852144084e-01,7.020575790651955028e-01,8.409786511848992285e-01,6.456871815631612943e-01,8.245787001054687426e-01,9.474600283059467776e-01,6.260974570181565557e-01,3.464752708511137369e-01,4.284028404113080502e-01,8.588321850189306605e-01,9.150290062934655078e-01,4.757633052898572190e-01,7.805257708458506194e-01
9.798428895966856400e-01,1.446724848250817430e-01,9.617313162839694618e-01,9.613456359429415343e-01,7.081076789485645229e-01,8.359433357707024559e-01,5.691132111290233553e-01,7.687111540259552456e-01,7.046523586262480876e-01,7.114710342314168878e-01,-2.790129637388197303e-02,5.558908952952312799e-01,9.015628256794872009e-01,6.033939918419350956e-01,7.506036940709202021e-01,6.336180193235593228e-01,7.199609048216047968e-01,0.000000000000000000e+00,-1.595169489471335578e-01,6.393953965273241336e-01,5.248465805079342017e-01,8.361838551521776353e-01,9.271280575779765609e-01,9.613248719440242729e-01,4.937521596767289189e-01,9.570039614360573710e-01,5.006782251302870357e-01,4.120691619225315128e-01,2.639683821137746023e-01,4.728677451052741842e-01,-1.033628123653853731e-01,6.093074256589612325e-01,4.361664425396005740e-01,7.919389544629180655e-01,6.460889975339370039e-01,5.224472940745259475e-01,6.400013084839296651e-01,5.715049058633361323e-01,9.037443304110618358e-01,8.095419860197321515e-01,4.105959225246421651e-01,8.389486588840632253e-01,9.286349905772834923e-01,5.531531396969541214e-01,6.235275045497625790e-01,6.384671086560125275e-01,8.350440248321291392e-01,9.826127928335048889e-01,4.017719121413129701e-01,6.217120870933702248e-01,7.257703193561906296e-01,8.795317306306902339e-01,9.322950839839179160e-01,6.411831846892745990e-01,8.032046002422545961e-01,8.667736045863503325e-01,8.586070058541861449e-02,6.721261735938454107e-01,8.301283521262015075e-01,6.685060014817346685e-01,4.584886715156969439e-01,6.066422364706223203e-01,4.098645058067327263e-01,4.273610996789802829e-01,2.588072223506518998e-01,9.170448441370513404e-01,8.893815881832479731e-01,4.999959972675471764e-01,7.918216923800092122e-01,4.812437875436963441e-01,3.641737217442679309e-01,3.143749545844115589e-01,5.449644954761546645e-01,7.148629408676824282e-01,3.799437015874284063e-01,3.950185038331069931e-01,6.020530033443529661e-01,6.403473803788990448e-01,5.711873577671052749e-01,3.620002146917180447e-02,6.237446365781165181e-01,5.231178230762953962e-01,8.818173728699706393e-01,2.167241118015815204e-01,3.065957164361768905e-01
