0.000000000000000000e+00,7.172064987755102372e-01,9.497190307614313820e-01,4.094950896567443044e-01,9.106108553464684618e-01,8.966589610114881204e-01,9.551860278502166679e-01,7.232244558554296043e-01,7.175256220887330505e-01,4.190789956990038645e-01,8.132080867493928222e-01,9.864196414834860427e-01,7.001182585382875745e-01,4.722927410031143580e-01,9.678505223124541645e-01,8.497224289306990475e-01,8.669071909918929508e-01,6.421732474499608490e-01,9.213653853322389953e-01,9.903764798726233387e-01,9.804889410943888883e-01,4.760093374299004254e-01,7.726447170732735348e-01,6.651680654012789295e-01,6.261814240282744803e-01,9.480987360889313598e-01,6.227071117526221666e-01,7.769847512319949523e-01,6.802864247208559867e-01,2.906298000753953503e-01,-6.993764604086849523e-03,7.841906527696504980e-01,8.532190459704043217e-01,5.947942500233921459e-01,7.979208133161144745e-02,5.382535452958312483e-01,8.299981766553164997e-01,1.377199596588219166e-01,9.896182380322414707e-01,7.326762635668110368e-01,5.401814630791890171e-01,9.324798828550715513e-01,9.757528010250372530e-01,3.619320602528887654e-01,5.464376488343818394e-01,9.094120121369538845e-01,2.641588534680461842e-01,8.620915946340744762e-01,7.953866898934980334e-01,3.130344811297472996e-01,8.399598684883753386e-01,7.549349562435433425e-01,9.243797580569504957e-01,7.825286392695804949e-01,9.889773140376922900e-01,9.258363591998463038e-01,9.108475632870923766e-01,7.685199212208909669e-01,9.461122177170916414e-01,7.979054722460003912e-01,-3.599396534524572089e-01,6.859072941187582817e-01,7.190223715345069877e-01,6.261221353230894682e-01,8.015794427196906158e-01,8.863544116368384795e-01,9.512968632521516810e-01,9.038982980054534044e-01,9.326894978930740931e-01,8.384695520192487761e-01,9.703542401168681053e-01,8.689963730838780043e-01,5.802111694345836179e-01,4.496118502710542142e-01,9.529483204147239928e-01,7.221729762108173301e-01,9.763901310324744065e-01,9.951840253852333174e-01,2.314236784278333736e-01,2.162846807487893430e-01,8.264264901626930948e-01,2.456662020074932284e-01,-3.981035181649161259e-01,7.464382500315784874e-01,8.586568483302057242e-01
7.172064987755102372e-01,0.000000000000000000e+00,8.082859968900537595e-01,8.404355420470299709e-01,5.865431408084318399e-01,6.343716413574945756e-01,5.797429702736177637e-01,5.580842873361999690e-01,9.006290786632977774e-01,1.410535637526382294e-02,4.698150851527160277e-01,9.081869806350207908e-01,6.025176073493277995e-01,5.883040745957972550e-01,8.127583800985523910e-01,6.545319268245205491e-01,9.257325598193731908e-01,6.386664699998867434e-01,7.529659689156442681e-01,8.410411662166281666e-01,9.738449494812358997e-01,6.372043078185942733e-01,4.188282018542432428e-01,9.227338754024377865e-01,4.755627058806531915e-01,3.539468173590013533e-01,9.266319373762390565e-01,9.219963674363877981e-01,2.952126340532076898e-01,5.270279374152524454e-01,5.148068327319885729e-01,9.938361434261808736e-01,5.835031335300950861e-01,7.114728748262423297e-01,5.097581840454091795e-01,7.848378735147852892e-01,6.699988958764702129e-01,4.679613887154235874e-01,6.323939327731062932e-01,8.248189886330963283e-01,2.327290586562199559e-01,8.168261155759536374e-01,4.630876646616450820e-01,6.972520976798975978e-01,8.826243214042776009e-01,6.193212456150211098e-01,9.628310231907889483e-01,9.760719739330647737e-01,5.444165753004507335e-01,4.051047541171248767e-01,7.817432707254311497e-01,5.650185661173976470e-01,9.682354179848433606e-01,6.133161346310066486e-01,9.116019297646472674e-01,5.502413177333875804e-01,2.376936495917136294e-01,4.667535587873564706e-01,4.816967281686713731e-01,7.926831372960417843e-01,3.981009434045967854e-01,5.743733271229237713e-01,9.884257447426201271e-01,8.871940347523790127e-01,3.892360077753143632e-01,8.857616943950461508e-01,9.567738443865162479e-01,9.784760421174920619e-01,2.032490323156735390e-01,5.489546088869792229e-01,9.143722709284018979e-01,7.508065017574593325e-01,6.885520602967457049e-02,8.827537238661865571e-01,7.968101777892051540e-01,6.341733233099666744e-01,4.814598872568466303e-01,6.751949236106921104e-01,2.797788617694374654e-03,3.056402506030655442e-01,7.844630769410034787e-01,7.990785091389731587e-01,8.124845914999151431e-01,2.261055895869582000e-01,4.374424738433346782e-01
9.497190307614313820e-01,8.082859968900537595e-01,0.000000000000000000e+00,9.223977385673165497e-01,7.587766064968184399e-01,5.318548478292133286e-01,8.835122493194876858e-01,8.670909015918855101e-01,8.764829075426010530e-01,9.723348982368893445e-01,4.543064056888194702e-01,9.110460386784512421e-01,6.693818217833803486e-01,3.238368792573278476e-01,7.677060680761309541e-01,9.509673747087517004e-01,1.999497528436028904e-01,4.820874262901841401e-01,7.316133072489116040e-01,8.947655396724487620e-01,6.026939863673800302e-01,9.301027765946338066e-01,4.448927625075921877e-01,6.817460248233260245e-01,9.202120721481992227e-01,8.626946485212583227e-01,6.090227946414793481e-01,9.074078302842562005e-01,3.075554214187605773e-01,2.139736084891999957e-01,3.151576439983206912e-01,8.779356116396958010e-01,2.326037377438165410e-01,8.657212527478742592e-01,8.675928203673102246e-01,6.920177208056486062e-01,3.288804371607672028e-01,8.211547439983436503e-01,6.885329760481471162e-01,6.561917574804243536e-01,5.185546690498020750e-01,5.817857923196992909e-01,9.500450142291475553e-01,6.822018338204256516e-01,8.533911729823494552e-01,5.877722249126525744e-01,9.123189986794726369e-01,7.836088193040788852e-01,6.712308377679718774e-01,8.750385818259951431e-01,-1.853476597123741298e-01,9.826889730651966470e-01,9.820922106367950821e-01,2.677297571171781687e-01,9.910776387264470522e-01,6.962217560612058431e-01,8.116749203167490379e-01,3.540391970541232336e-01,8.744212047669199794e-01,2.517751501363420519e-01,9.058170483624184977e-01,9.884478945802323002e-01,4.355221190200221359e-01,6.783346921859588763e-01,9.023607289072486104e-01,9.777195298140155533e-01,9.669412369917294026e-01,9.487696713635095369e-01,8.333187073971559666e-01,7.738518984655664568e-01,2.128858261319965250e-01,8.940499719465669903e-01,9.209369043433155433e-01,3.958350991389084084e-02,7.189541447118710238e-01,9.687226693400241562e-01,8.236431832041753998e-01,8.943811190128123645e-01,1.073837080256394017e-01,5.509261838629821995e-01,9.437049687768755968e-01,9.119304775535818086e-01,6.943416380287044110e-01,9.336693931018632542e-01,9.944326008067069234e-01
4.094950896567443044e-01,8.404355420470299709e-01,9.223977385673165497e-01,0.000000000000000000e+00,5.461541395557164558e-01,4.467560519222525395e-01,6.173315565295970364e-01,2.205839438744441883e-01,3.118986202947661157e-01,3.970021524913730504e-01,6.346143567200478453e-01,7.851841698022937743e-01,8.995617691687874951e-01,7.551326749752091949e-01,5.206431310866218576e-01,8.148919187377270390e-01,7.485275870606636905e-01,4.452129480759184910e-01,8.411001657805692311e-01,5.135392059480189397e-01,8.786308956996982111e-01,6.646624918944236127e-01,3.630044266262344443e-03,9.477754300018782496e-01,6.585776370668215973e-01,3.236000930513738272e-01,6.891108371205543204e-01,5.953341252183617094e-01,6.814158410559270074e-01,1.115091719499551604e-01,7.648310476161008786e-01,5.215751660857385064e-01,8.004137655912303348e-03,7.759233054379719441e-01,9.839761879163718694e-01,7.179477776544080925e-01,5.474656205887977745e-01,5.224531808358067186e-01,6.311193908914871642e-01,4.892894168220828788e-01,4.393338997383448574e-01,4.805590687128517002e-01,8.017588664113626251e-01,6.506463386748805311e-01,6.423823583352048505e-01,2.378640395159085652e-01,3.762743025646572148e-01,8.247080564185119700e-01,7.939343574452208951e-01,6.336250446265013769e-01,7.054954692607749989e-01,8.326950070802742188e-01,6.672070318024351243e-01,9.224206881402451375e-01,6.536346585511904062e-01,8.126777241031029053e-01,7.360295166845438608e-01,8.328245161093222881e-01,7.785701099094345379e-01,2.397070710803885785e-01,2.905263678728633447e-01,8.760256156961403473e-01,2.764061444038419246e-01,8.017024132848026285e-01,8.711744618732233381e-01,8.323867631201005146e-01,8.449653665910201727e-01,7.607534130409403517e-01,4.936177094219624806e-01,4.436450412632018669e-01,7.627791576657834138e-01,7.441948679695598035e-01,4.377184863427036055e-01,7.299095597753362252e-01,7.794443419198816558e-01,6.361458564506100588e-01,6.094294725692273040e-01,9.408419137172048252e-01,2.292259739218989179e-01,3.906139158130843558e-01,6.353009266505835750e-01,9.351880754309325194e-01,7.534230319195369674e-01,6.791314588752327408e-01,8.724667565620262133e-01
9.106108553464684618e-01,5.865431408084318399e-01,7.587766064968184399e-01,5.461541395557164558e-01,0.000000000000000000e+00,8.084701911255075535e-01,6.621363566159362835e-01,6.784049356150980703e-01,7.951480823462250269e-01,9.070789311197990923e-01,6.801813604651782974e-01,5.450430520478224405e-01,8.665201219475863192e-01,5.532697098771497402e-01,6.583105315185133755e-01,6.579875626351998630e-01,7.201034534786445729e-01,9.044084139671715317e-01,6.549179797566668793e-01,9.682672265141345491e-01,7.023900270942295965e-01,4.827976923651859376e-01,7.898533232948916627e-01,6.360411907003057363e-01,9.058134019560964978e-01,4.057220688688235599e-01,9.641777684837260498e-01,4.183432866965668961e-01,2.323002999503524513e-01,5.869869574851772631e-01,2.763636145534967836e-01,5.070994884205398678e-01,9.116226166009172571e-01,8.696218863359637119e-01,6.360692591366410298e-01,5.673218624990776782e-01,7.614880077275216763e-01,9.297395135558729207e-01,8.285569541628395873e-01,5.590297673441375625e-01,2.366783013976896666e-01,5.665546927589956150e-01,9.423191136193032058e-01,8.616067597573051629e-01,9.064276907978197073e-01,6.936436695547373299e-01,8.692797165265661041e-01,9.117792754772038322e-01,5.288925326291021856e-01,6.934364113890252312e-01,7.635987370909775862e-01,4.449595776728449970e-01,8.304372202394666447e-01,9.032741158555418481e-01,8.368412074035251891e-01,6.464483012000321605e-01,4.287243715968959701e-01,9.790449716627378507e-01,5.061064950725802092e-01,4.525452461679193572e-01,4.893780282763033895e-01,7.821145597197155519e-01,9.536310096870741493e-01,8.740224106333808196e-01,7.404939356680827478e-01,4.073670427169997499e-01,6.184334736997151305e-01,9.444335911679667683e-01,2.849204374042599852e-01,4.571954576769682865e-01,8.017416409721984660e-01,7.324089751049429609e-01,6.441746921465689724e-01,3.485003329082523860e-01,4.765425235051202191e-01,7.953755146203658200e-01,9.420229809391448272e-01,7.133774697378951757e-01,3.827947148758556462e-01,3.832102182434830029e-01,6.295408947191577509e-01,6.345757871717909726e-01,8.023647224746209838e-01,1.260100522242526278e-01,6.756070455280410725e-01
8.966589610114881204e-01,6.343716413574945756e-01,5.318548478292133286e-01,4.467560519222525395e-01,8.084701911255075535e-01,0.000000000000000000e+00,4.902165626574952473e-01,4.554737551523781458e-01,5.314190302987208403e-01,9.881762677516598981e-01,9.920916017178136315e-01,5.316697524834621547e-01,6.294410907325302951e-01,7.493797587923528569e-01,6.625229623478143814e-01,8.227524683433337094e-01,7.672040152866866913e-01,4.825456874008328123e-01,8.047771283503717399e-01,6.150829458632094404e-01,8.490101905924782866e-01,7.097012191239179257e-01,9.252784062318781810e-01,6.045608449527993811e-01,7.252484210679484011e-01,3.532234713655066916e-01,7.234254526584724676e-01,9.080419641565610211e-01,6.752782325667674446e-01,5.894972655473165180e-01,7.762024168939418711e-01,6.441917139061485997e-01,4.951597342823478298e-01,7.878918661809872770e-01,4.917366956236698949e-01,4.150770758578599118e-01,9.671303975561413857e-01,4.081592841926949822e-01,7.870827571717040616e-01,-4.748120511917075515e-02,2.699598170216320758e-01,7.635337680232181512e-01,6.605972256841267098e-01,9.866682107716373551e-01,9.614980782973102658e-01,6.591525163311224844e-01,7.236643275847391976e-01,3.709638732489586310e-01,7.652483161088345920e-01,4.045045904431193717e-01,6.760433639068995637e-01,9.834926521452789228e-01,6.696822837663708450e-01,4.549442859256336846e-01,3.985311952191946117e-01,4.416899922534988643e-01,8.564677506273223884e-01,9.489772892417398520e-01,8.978805051286473660e-01,2.214242435751044846e-01,3.683533513801471315e-01,7.359265654765873022e-01,6.923555542068758895e-01,9.870530254449580987e-01,8.774819024684733515e-01,2.106879302444553126e-01,9.933835678466218511e-02,7.361821805714325873e-01,-1.926472205243257296e-01,6.219358749693384425e-01,8.234598144758961125e-01,9.375022917694698643e-01,7.206142802478162634e-01,6.528839307857662311e-01,6.701548135033444931e-01,5.772053535360934795e-01,7.405046350443850178e-01,-3.743948575412320845e-01,5.148021215917929494e-01,4.924449442640166721e-03,7.562300349977147951e-01,7.288884098374259768e-01,8.384289568749437871e-01,6.776839634980935667e-01,6.938325046521037764e-01
9.551860278502166679e-01,5.797429702736177637e-01,8.835122493194876858e-01,6.173315565295970364e-01,6.621363566159362835e-01,4.902165626574952473e-01,0.000000000000000000e+00,4.458736221951400958e-01,7.237293002218606608e-01,5.871840156382626130e-01,3.420875020459083760e-01,5.709464218163613491e-01,5.877036674134341609e-01,5.203675296593852639e-01,9.819861666171735282e-01,7.508136022011295818e-01,8.821659063182335503e-01,6.970734522558033053e-01,2.525745781076231822e-01,9.223977920607174807e-01,4.720240852576305102e-01,9.206689353560526534e-01,5.295750636307118286e-01,8.870365109879420062e-01,4.528880795229750511e-01,2.604781639752951627e-01,8.591638827187131344e-01,9.632915244995231552e-01,5.415132702357638994e-01,4.758702962211400767e-01,7.631248247030701926e-01,6.130281314041199359e-01,5.621828694059327614e-01,9.089576626581858942e-01,5.064595190167563432e-01,2.389588963267402222e-01,5.902655817410930039e-01,3.110392622887082625e-01,4.813887329868681286e-01,6.906796910778388865e-01,5.848938860711255794e-01,5.804935244513781400e-01,3.676452451126374088e-01,4.720498524237062288e-01,8.083338480921168356e-01,1.882445550923521616e-01,7.751057157105518680e-01,7.702165589706434501e-01,2.100279455688248142e-01,4.044185373608435996e-01,6.382872700104595953e-01,5.941203684739237989e-01,8.206988048393873414e-02,5.068746868175190157e-01,1.241365016768165436e-01,4.206950525385725892e-01,7.404660817423170949e-01,3.317419999479016834e-02,7.013486587257249383e-01,7.586921580973385870e-01,6.367337452717565238e-01,7.223877711955923875e-01,4.067271279639477766e-01,7.851339683215126097e-01,6.736980087835366948e-01,5.307588393915200209e-01,4.352511863052497265e-01,9.852040526342056292e-01,5.658930884117159277e-01,6.928381567949214448e-01,-1.905593416930217165e-01,7.153800868192851103e-01,-1.813772579033129106e-01,7.599817688185046549e-01,7.492794064415730926e-01,1.991926940398038026e-01,7.740056831181617580e-01,4.556567122685677984e-01,3.672724750383494219e-01,4.549306267660916947e-01,1.096444629498277562e-01,7.006638203266456477e-01,8.775310982334250109e-01,5.046898583766419311e-01,5.379761639668533268e-01
7.232244558554296043e-01,5.580842873361999690e-01,8.670909015918855101e-01,2.205839438744441883e-01,6.784049356150980703e-01,4.554737551523781458e-01,4.458736221951400958e-01,0.000000000000000000e+00,3.445618400878801557e-01,4.719030883288342637e-01,5.770147056418535314e-01,2.316136736317533085e-01,8.445946658036277421e-01,4.046793196045796459e-01,3.973095760404971033e-01,3.852999057876210776e-01,6.253755576677429984e-01,6.623780591738357426e-01,5.702032820779160405e-01,9.904286300341496041e-01,8.994658741288104054e-01,2.434687103680799672e-03,4.828417421896992745e-01,7.398777891499570547e-01,7.229328515102384500e-01,2.599258837041298342e-01,8.361055193189674828e-01,4.953099055610276080e-01,6.357128452192533086e-01,6.932609998737153667e-01,6.133825372731816633e-03,4.722907930582320168e-01,5.868277307656414310e-01,9.670570804910609830e-01,4.871183819785304681e-01,2.570038159481609630e-01,2.698556574171547817e-01,3.609077203387218158e-01,4.497432650596492332e-01,7.083494031930451795e-01,4.011692631249398344e-01,7.942510602817563770e-02,6.047283428595857657e-01,6.487550104541282003e-01,5.351843641006153174e-01,6.929151434316617175e-01,6.246681112810360537e-01,7.537689757271297530e-01,5.157476355142359692e-01,4.040194159199494428e-01,6.778511607151351814e-01,6.399583227279556086e-01,6.595422744487662303e-01,1.667529772526905596e-01,9.388244742292420897e-01,5.978062875446311653e-01,6.620033326056862233e-01,5.026281186432491888e-01,8.422319487603320276e-01,3.580224409166439248e-01,4.797812117929446396e-01,7.333790883306463559e-01,6.267235503836044996e-01,8.558565525360312121e-01,4.172341247740876113e-01,2.667736236696655050e-01,8.829466701110156857e-01,6.361405848312715605e-01,7.103800776520223792e-01,5.441295581436146334e-01,5.967029217264816499e-01,6.064370120424633637e-01,5.722865241727770336e-01,4.797967925119859811e-01,-3.992772199919026876e-01,2.330518229031357247e-01,7.668951102271061027e-01,5.770177388701480670e-01,6.986309260729546278e-01,5.005900604004118737e-01,8.775884909250817323e-01,6.869079055317315330e-01,8.991182018995865777e-01,9.343593675869517334e-02,7.007425700945192348e-01
7.175256220887330505e-01,9.006290786632977774e-01,8.764829075426010530e-01,3.118986202947661157e-01,7.951480823462250269e-01,5.314190302987208403e-01,7.237293002218606608e-01,3.445618400878801557e-01,0.000000000000000000e+00,7.696329922288579484e-01,9.792770956634284651e-01,9.091628408554022212e-01,7.664337399890106539e-01,9.952545627701613329e-01,5.142511499681327036e-01,8.422581224076807205e-01,8.401506232790258988e-01,5.588172145657291923e-01,4.047006636898363152e-01,5.636660333514900145e-01,8.399552524829171363e-01,4.634213150100403578e-01,6.562997774938076345e-01,5.254412711837532779e-01,9.358858980795536908e-01,-1.318458849019646384e-01,8.996876526069352842e-01,7.703143512134498216e-01,9.682045480324692477e-01,7.069756216973902552e-01,2.181465923026580933e-01,7.000080545980751356e-01,8.328779617223944776e-01,3.230533904097133702e-01,6.928099144055627212e-01,2.144683444584493115e-01,4.143926209334096722e-01,9.227553463428687097e-01,5.996183996198147792e-01,5.882605278513255431e-01,4.581050205470867942e-01,2.582315507281695566e-01,9.584297106500705432e-01,5.411431872917292774e-01,9.130545329229454721e-01,4.061546718276647372e-01,7.586797820007523674e-01,6.867294171610753839e-01,6.419252195367357583e-01,6.969620339148091537e-01,7.197447576621934795e-01,4.667248290733805316e-01,9.831636031707777779e-01,9.636296166050167811e-01,9.193897660049447085e-01,6.117067646113680812e-01,7.045849656573692776e-01,7.388577403478856498e-01,8.197727140174805305e-01,3.183969917070744726e-01,3.532942741655104024e-01,5.114863754410866603e-01,7.348204454178129674e-02,3.240825825744433897e-01,8.446381992714369069e-01,5.247992966508889801e-01,7.651033022522547578e-01,9.451905186242319790e-01,9.863477999617097369e-01,7.100821386227416099e-01,4.676968265632548971e-01,4.775494820309822974e-01,5.663096462718879565e-01,3.736422443239756364e-01,7.257753144619283336e-01,7.692416939563331280e-01,8.523148776350266687e-01,2.428609120086790696e-01,4.800064789220075956e-01,2.288045728734015571e-01,4.979497477545775652e-01,7.107556848687188733e-01,5.141241034305003010e-01,-8.922110158583129724e-03,8.579702750081746876e-01
4.190789956990038645e-01,1.410535637526382294e-02,9.723348982368893445e-01,3.970021524913730504e-01,9.070789311197990923e-01,9.881762677516598981e-01,5.871840156382626130e-01,4.719030883288342637e-01,7.696329922288579484e-01,0.000000000000000000e+00,4.649474235689932677e-01,9.904295588184504062e-01,8.958078229280567184e-01,9.424616373638520228e-01,5.318074383057956878e-01,8.291632970886055887e-01,9.450862052986418460e-01,7.184117357781382163e-01,5.461327839139388240e-01,3.199183914693901065e-01,8.896662256476112196e-01,9.242348084656327734e-01,6.640547613858781562e-01,8.800434515482725706e-01,2.922833101596931660e-01,6.992413766706273570e-01,5.053285821337006878e-01,8.819327013473365895e-01,2.924163071245352019e-01,7.868786085397728725e-01,1.215012587188805671e-01,6.769134497379889481e-01,9.140724140858457192e-01,6.512342047522767796e-01,6.636866365848885785e-01,2.694204938721729281e-01,3.268864594035911231e-01,4.883289278337742401e-01,5.069662768200654535e-01,8.603966224238989158e-01,3.170585625069808344e-01,6.385502370396425320e-01,9.147024228494458065e-01,8.618572786193470225e-01,9.996149353038780161e-01,5.432000465376102261e-01,2.349664115290503730e-01,4.076908993235398015e-01,5.212365677838415312e-01,7.497367275941850817e-01,7.638952474367977086e-01,6.713863581011821902e-01,7.960442214636272995e-01,9.318299669155231113e-01,6.108640848640111143e-01,8.813290401053321954e-01,6.643508041520937990e-01,6.687205920099367207e-01,7.615848953753292516e-01,4.411044986384194955e-01,3.369175286686203474e-01,7.793876539267594605e-01,7.932476607557570336e-01,8.301153342390207301e-01,3.028515197697144723e-01,7.271797075341507322e-01,7.748081579493334425e-01,9.072084687091458433e-01,7.684606469280403918e-01,5.943830675917264328e-01,6.484461582726508411e-01,7.763778155278691084e-01,6.386385678302364255e-01,2.126456461572338585e-01,6.348277407248836823e-01,4.523969867619486718e-01,7.756488382042199259e-01,4.814985851249073412e-01,4.012645138966119962e-01,4.149323635686500977e-01,6.665030916374218295e-01,7.058024036269263668e-01,9.790633354070688021e-01,7.972750468274283353e-01,5.270737758799257655e-01
8.132080867493928222e-01,4.698150851527160277e-01,4.543064056888194702e-01,6.346143567200478453e-01,6.801813604651782974e-01,9.920916017178136315e-01,3.420875020459083760e-01,5.770147056418535314e-01,9.792770956634284651e-01,4.649474235689932677e-01,0.000000000000000000e+00,4.468296008635888050e-01,7.989619295772402152e-01,8.487276178263791770e-01,5.657745098554838314e-01,8.554728065914105617e-01,4.348263948633043219e-01,9.343043820925305276e-01,4.274520355820761730e-01,3.752878652214204913e-01,5.980989430758485437e-01,7.689709839412222081e-01,7.914913035333925873e-01,6.628615065415757179e-01,5.221492309351081218e-01,3.696942537352555513e-01,4.190804648893773354e-01,2.082423881322457981e-01,6.693921472930041139e-01,2.783544491304167923e-01,7.530081618058873660e-01,6.993921904947169033e-01,4.394887272514848564e-01,7.644264554641860832e-01,7.754662392779785307e-01,5.997889404422818149e-01,3.328290754145533104e-01,6.933065164977848527e-01,2.133642618592855311e-01,5.478022417267514044e-01,6.557123005489482459e-01,9.979325503485001470e-01,9.219599456496356815e-01,4.560400929097317979e-01,8.164234049526872816e-01,7.749434847072875776e-01,2.067025730954168972e-01,7.912211585064780062e-01,6.482576834764224305e-01,6.535716387868790722e-01,5.331950075055915672e-01,9.458514462630832620e-01,6.210281820473703140e-01,5.916445083142913841e-01,8.809336568957628621e-01,5.454388533736052036e-01,5.440435718371900986e-01,5.425635223292119003e-01,9.451919778954763762e-01,7.212536480312428111e-01,5.195865564403363557e-01,6.603744739969826805e-01,9.955750216994705415e-01,6.710453053700059511e-01,2.720819346558708829e-01,4.563031638006743163e-01,6.202344779459868507e-01,6.962275870693844793e-01,5.793250098110425128e-01,9.869852155707248276e-01,7.155135704319646184e-01,6.771558219989879390e-01,7.943827133240666249e-01,7.313135445457215056e-01,6.291333706969384210e-01,7.708351007688034606e-01,9.154538458356978881e-01,7.139823162197563855e-01,5.598546751196609161e-01,6.367260979224856343e-02,4.216838467303900967e-02,7.997951834664407400e-01,6.174884319541342759e-01,4.149842610215012662e-01,3.939946350597103297e-01
9.864196414834860427e-01,9.081869806350207908e-01,9.110460386784512421e-01,7.851841698022937743e-01,5.450430520478224405e-01,5.316697524834621547e-01,5.709464218163613491e-01,2.316136736317533085e-01,9.091628408554022212e-01,9.904295588184504062e-01,4.468296008635888050e-01,0.000000000000000000e+00,9.088508312252622234e-01,5.663521069601143987e-01,7.587951159702905901e-01,9.067190408340434216e-01,8.337732965689902409e-01,5.864737756079795306e-01,5.071092090907487471e-01,6.980885647978133379e-01,8.508269181444898521e-01,8.844161213185114390e-01,6.465738526143612885e-01,9.387765311886481223e-01,7.141616793608591696e-01,5.965256803257266149e-01,3.345939885918972068e-01,4.305362595784832935e-01,7.481066960905502494e-01,3.231845536111204176e-01,1.126311933569694307e-01,6.308946329478890558e-01,6.015832454406996321e-01,3.668880757430158512e-01,6.400146893778141388e-01,7.385123261935291339e-01,3.178429489385445339e-01,8.706071800874881639e-01,5.729177463797016090e-01,8.619039213702038849e-01,7.127948576994592722e-01,5.259607823243624969e-01,6.959805019069683629e-01,9.035454207113265968e-01,8.285334278845504219e-01,8.639233492792885993e-01,7.001231343456106870e-01,4.581345592853546811e-01,3.420400644423783887e-01,6.236931267025566106e-01,4.290722956513889352e-01,8.651950398544703269e-01,7.465149774530689397e-01,4.810857755778002454e-01,9.764257535287607093e-01,7.331356842642700045e-01,7.151949676831013125e-01,2.142813086564195058e-01,8.040639920746802671e-01,5.000199990315519205e-01,5.236184953513436380e-01,7.478251318836955930e-01,7.928318448760433013e-01,6.375063327727150675e-01,8.014140592719604106e-01,9.785234284374038083e-01,2.249747333997658694e-01,9.241724707051618415e-01,6.634500826954311536e-01,7.186059812293645876e-01,6.393132677902507721e-01,8.177295648120203042e-01,7.601208732862685391e-01,4.863685302693729340e-01,6.331604877294578770e-01,8.146737806358834710e-01,6.873668937444670224e-01,8.873278694753398144e-01,7.505244075595648434e-01,2.422075722441210943e-01,7.526245899625370883e-02,8.657488892028843974e-01,8.537959597005426726e-01,5.862829347621874021e-01,5.695959229774847365e-01
7.001182585382875745e-01,6.025176073493277995e-01,6.693818217833803486e-01,8.995617691687874951e-01,8.665201219475863192e-01,6.294410907325302951e-01,5.877036674134341609e-01,8.445946658036277421e-01,7.664337399890106539e-01,8.958078229280567184e-01,7.989619295772402152e-01,9.088508312252622234e-01,0.000000000000000000e+00,5.835276240844017304e-01,8.816460866502180416e-01,8.610956151287181282e-01,1.159694834466844376e-01,6.422415859279483330e-01,7.044693385356770587e-02,9.284657403723441949e-01,7.633439191331049534e-01,9.119938040539820046e-01,9.625000920029046503e-01,7.627365692174451484e-01,7.541100469492485470e-01,8.477680413680200866e-01,7.048444911294833304e-01,7.590228686122671986e-01,9.337762001577369908e-01,7.406459458985705790e-01,2.740189444265103691e-01,7.575752989945782057e-01,7.106400570819900731e-01,4.186000128707518253e-01,6.640583963048928284e-01,6.984855007322554599e-01,2.157579413293262693e-01,4.241626422870640734e-01,7.106869628115304316e-01,7.074209972070681918e-01,6.816530178454849320e-01,6.469528241632754861e-01,9.187787123585302584e-01,7.631768331101912439e-01,8.505990737185686879e-01,7.865671004337506655e-01,8.373988683260266130e-01,7.169247026813998502e-01,5.327479155159628998e-01,6.694867364117242925e-01,8.250361972849007408e-01,9.352234008225314144e-01,4.473631023281564589e-01,9.394919573243044608e-01,7.350454441136407002e-01,8.224807668736937583e-01,7.177660267056749088e-01,6.759543565644509089e-01,4.243674558887370329e-01,3.545894702520367980e-01,2.488067261357632121e-01,6.061971891994923922e-01,6.586069356945657427e-01,6.275218343949996447e-01,4.887604438955504005e-01,9.475588843525960536e-01,6.151942367054280547e-01,6.200168789210451781e-01,6.114125869025310855e-01,8.776865832366294029e-01,8.255109456962699266e-01,9.705249859532035783e-01,7.134018491933916684e-01,6.645336834678444715e-01,8.079154205541285716e-01,9.920652469126967077e-01,9.195969874053930848e-01,5.388373112473839877e-01,8.975536671935813171e-01,3.349999162690850407e-01,9.348724782002237887e-01,9.539323863764972433e-01,7.193939908099961089e-01,4.916334599861425514e-01,8.733028617150000450e-01
4.722927410031143580e-01,5.883040745957972550e-01,3.238368792573278476e-01,7.551326749752091949e-01,5.532697098771497402e-01,7.493797587923528569e-01,5.203675296593852639e-01,4.046793196045796459e-01,9.952545627701613329e-01,9.424616373638520228e-01,8.487276178263791770e-01,5.663521069601143987e-01,5.835276240844017304e-01,0.000000000000000000e+00,7.819087214848570166e-01,9.549816668301949196e-01,5.180071564039694376e-01,7.309124266388691282e-01,5.275547912934124284e-01,6.598115821949828153e-01,9.430393022816294657e-01,1.860126453421157844e-01,8.104002099652373170e-01,5.423635695305113469e-01,5.551749678960187229e-01,5.191966304582708025e-01,8.673645435209995647e-01,6.933347179698883256e-01,4.746924355157081665e-01,5.333041994937280927e-01,6.535704065649827754e-01,6.889913257958745207e-01,7.198793143433849240e-01,9.989754942577793173e-01,7.898904208866364129e-01,5.333307603672542418e-01,9.036061964225805543e-02,2.759388028567911211e-01,5.241501879636203398e-01,8.722239305008785415e-01,5.934025433974220443e-01,8.292648647045119947e-01,8.970185846826707055e-01,8.559757344480533048e-01,9.866805351425648185e-01,7.711486101465617748e-01,4.209156836721337780e-01,8.633549519690821850e-01,9.892868252769098092e-01,9.276923153433178637e-01,7.764200751070988726e-01,7.301073752946249940e-01,1.336800763316477458e-01,3.852688728201701940e-01,7.378043670935867659e-01,9.265274341442515382e-01,6.363616865431814817e-01,9.158930996533523050e-01,8.500597817507837828e-01,1.992107116841605186e-01,2.219362965108023222e-01,7.391541120206239768e-01,5.612873459989606850e-01,9.576185845007167963e-01,8.287256101794659990e-01,4.291678111199565548e-01,5.605977575379390565e-01,6.309170072786451922e-01,5.902381133476279906e-01,6.375911595431525969e-01,7.000107150677378209e-01,6.292303163755004203e-01,6.817179475569163927e-01,3.019334428950356530e-01,7.419743319244893609e-01,6.220542504070983858e-01,7.891916469488396979e-01,5.251225086186197544e-01,1.072745169143045629e-01,1.617564204725301449e-02,8.365707266830563205e-01,9.327138666221462815e-01,4.057668968883110794e-01,2.891340389542014222e-01,8.507992689839316558e-01
9.678505223124541645e-01,8.127583800985523910e-01,7.677060680761309541e-01,5.206431310866218576e-01,6.583105315185133755e-01,6.625229623478143814e-01,9.819861666171735282e-01,3.973095760404971033e-01,5.142511499681327036e-01,5.318074383057956878e-01,5.657745098554838314e-01,7.587951159702905901e-01,8.816460866502180416e-01,7.819087214848570166e-01,0.000000000000000000e+00,7.934776802596976708e-01,6.111907944050665176e-02,5.681023037334858028e-01,6.900042709279653463e-01,2.190293882006514314e-01,9.972383781653957335e-01,5.188783941036883007e-01,6.678781092505622352e-01,4.658906374016896779e-01,4.817000929275034871e-01,5.583528059024901458e-01,1.498629010865834554e-01,7.545151938442040684e-01,5.479092951531824296e-01,2.593810717987090064e-01,5.571657642421845580e-01,7.972215882101496565e-01,8.487954722185919731e-01,5.744259029849465570e-01,6.307106418033751050e-01,1.682556466707605530e-02,6.825865821356078555e-01,7.405535794408895089e-01,8.634311501749135642e-01,6.536232701218734897e-01,3.727880342623420828e-01,5.593342068807949374e-01,9.974324232764316678e-01,7.673595655078078170e-01,9.267932037087021069e-01,4.325318819058566744e-01,7.724621323137598194e-01,5.082343198516034999e-01,6.073449704851623387e-01,9.151810633385454308e-01,6.094343475718992931e-01,7.284045754866317335e-01,4.266769019751208702e-01,6.638858397564487701e-01,9.046386812207732886e-01,1.948153052787513495e-01,8.443387898734318053e-01,8.271577276633169662e-01,6.442539927428629909e-01,3.509646743104427036e-01,5.609973596095441106e-01,7.830567875119156529e-01,6.692106959236652219e-01,6.032200072983660011e-01,9.997002692527510170e-01,7.346329207780628590e-01,5.219586836596171731e-01,5.868053853822292609e-01,5.488539088216158879e-01,6.033601010541822518e-01,1.019219200772789879e-01,3.432377268761479527e-01,4.455931375194756572e-01,4.959522233798462354e-01,6.909935961385821335e-01,7.786824548528102907e-01,6.644511991779893378e-01,7.100406616340991794e-01,4.680925843481384963e-01,4.734789418500227054e-01,7.060317749074073168e-01,6.551044485709269782e-01,9.030801549181051158e-01,7.129914447203163919e-01,9.025468133499671142e-01
8.497224289306990475e-01,6.545319268245205491e-01,9.509673747087517004e-01,8.148919187377270390e-01,6.579875626351998630e-01,8.227524683433337094e-01,7.508136022011295818e-01,3.852999057876210776e-01,8.422581224076807205e-01,8.291632970886055887e-01,8.554728065914105617e-01,9.067190408340434216e-01,8.610956151287181282e-01,9.549816668301949196e-01,7.934776802596976708e-01,0.000000000000000000e+00,9.874202639504585655e-01,7.442277405446966476e-01,8.905977435006597887e-01,8.835491100675504361e-01,7.612180919562223647e-01,4.871449905615104492e-01,8.655210180622365801e-01,7.978888279977712772e-01,3.196285818578390447e-01,5.572827583278471275e-01,6.653808448594091818e-01,6.880212407317271017e-01,6.211448970833853833e-01,6.147391589392692257e-01,5.361708419017632288e-01,7.746906995611430036e-01,7.004667555042646265e-01,6.787732290884772590e-01,5.739382422967191921e-01,6.081640006571485957e-01,3.303639543205049156e-01,4.431312129572246294e-01,6.532793792424527179e-01,6.981146341806139244e-01,7.642110984525303241e-01,5.416902874787576927e-01,8.586460715735677596e-01,9.703625240462375734e-01,7.618281861480398209e-01,7.818532219433790287e-01,5.066506137053884418e-01,6.820027160599193561e-01,3.155943354843450122e-01,7.094427568106543847e-01,6.690700365524390181e-01,8.360484911627560356e-01,6.739070310234472894e-01,6.907164687063866992e-01,6.810090471969989512e-01,4.969420997727698741e-01,6.318535746255313779e-01,3.312203094074841481e-01,2.227011198229566970e-03,4.471396338134942527e-01,4.848443646978306543e-01,6.575097986139430972e-01,5.953966138929955854e-01,7.933853560510208958e-01,6.547178016393961908e-01,8.609395320589440237e-01,5.184354514640370226e-01,9.495740900382206862e-01,6.277680103035522263e-01,6.926848043381285125e-01,9.795855276016349755e-01,6.998250643539584148e-01,3.261472706421911227e-01,3.521990580001784776e-01,5.887180387576924634e-01,4.216383717563909617e-01,2.947802741958891470e-01,8.190207115829233331e-01,3.600371239359809739e-01,3.543519259629684948e-01,6.175003227241402382e-01,7.003384118534039526e-01,7.213773485506635996e-01,2.554670604928340194e-01,6.466575278453667863e-01
8.669071909918929508e-01,9.257325598193731908e-01,1.999497528436028904e-01,7.485275870606636905e-01,7.201034534786445729e-01,7.672040152866866913e-01,8.821659063182335503e-01,6.253755576677429984e-01,8.401506232790258988e-01,9.450862052986418460e-01,4.348263948633043219e-01,8.337732965689902409e-01,1.159694834466844376e-01,5.180071564039694376e-01,6.111907944050665176e-02,9.874202639504585655e-01,0.000000000000000000e+00,9.162059348621186539e-01,9.688205365732555086e-01,6.714831219852626099e-01,9.106744791823331298e-01,3.866187957007541365e-01,7.197102545250910755e-01,8.638303210703921486e-01,6.669557100262477611e-01,8.401979408451696330e-01,6.522695793200394832e-01,4.099414039224867912e-01,5.040162267099754789e-01,4.976287982884093908e-01,5.352538616530798654e-01,4.049308051006411113e-01,8.984400575349255069e-01,-7.189087913189107226e-02,4.477047503068363188e-01,4.866641546288948406e-01,9.088694711692760220e-02,7.991896213264285675e-01,6.975314996047041749e-01,5.056211023258642134e-01,5.567529447871254478e-01,6.033422616937342831e-01,9.822796320939760628e-01,8.775543487637262885e-01,8.253650042809831389e-01,8.944014720331686652e-01,7.062469818427093982e-01,8.758055618275107923e-01,8.118096242448002986e-01,6.322416802440185002e-01,2.269030109210412316e-01,3.319875532959652986e-01,9.435429134761070813e-01,6.769084161125328292e-01,8.925525634208736347e-01,8.079432093841035778e-01,-7.560790164655439849e-03,6.844827976779455092e-01,9.573839059267256202e-01,4.151295890578319825e-01,4.397977886049603824e-01,4.927795089341957535e-01,9.190434693682681955e-01,2.549028665775361913e-01,6.171891046049093887e-01,8.183583652431279665e-02,9.763332859587566803e-01,8.710772632684089523e-01,1.902477974814010542e-01,6.419856876390869216e-01,7.473425470336392262e-01,7.787839655037884778e-01,5.462639961781158293e-01,3.375938331916291113e-01,9.643699104345767603e-01,9.010040229052294070e-01,9.626071181403194066e-01,-4.395596736640944302e-03,3.864687841090772569e-01,5.425775317493328892e-02,9.441171335167546363e-01,8.059219041897109914e-01,4.358952814521623864e-01,3.289538142927530551e-01,8.642178422890132161e-01
6.421732474499608490e-01,6.386664699998867434e-01,4.820874262901841401e-01,4.452129480759184910e-01,9.044084139671715317e-01,4.825456874008328123e-01,6.970734522558033053e-01,6.623780591738357426e-01,5.588172145657291923e-01,7.184117357781382163e-01,9.343043820925305276e-01,5.864737756079795306e-01,6.422415859279483330e-01,7.309124266388691282e-01,5.681023037334858028e-01,7.442277405446966476e-01,9.162059348621186539e-01,0.000000000000000000e+00,9.630569398395145697e-01,9.557876763211583526e-01,9.119371885798797095e-01,5.045935200157193323e-01,4.133208276839282491e-01,8.700213397911461533e-01,8.354837432608466230e-01,6.343649685291347096e-01,7.110061806002845319e-01,9.760866969407228089e-02,5.499995998083272442e-01,4.439029178515380147e-01,4.990476410017047337e-01,7.224159495037170142e-01,5.124321234553929072e-01,5.027679839491033809e-01,6.129440790816880202e-01,7.966244777808624278e-01,4.052111380665416873e-01,5.610750627731359019e-01,8.550477355180006178e-01,4.005250511104617717e-01,4.005759811583449181e-01,7.649521665437758466e-01,9.275448241200028310e-01,6.408383205318100018e-01,8.242118919031317104e-01,6.703257916002470784e-01,8.697138549730261126e-01,5.706122917029198272e-01,8.877001161352727765e-01,5.420552712358166492e-01,6.596590525675557481e-01,6.962410732133815783e-01,7.745678332668504140e-01,3.811196481012772974e-01,9.870909656769230045e-01,4.369335100980951681e-01,7.433538189183706013e-01,8.577248591127192290e-01,7.275497442707924423e-01,1.298513688635210550e-01,5.750714987197886874e-01,6.221030503571950421e-01,1.770218288306622811e-01,9.522304742759805096e-01,8.182187931630930944e-01,7.074598453795120090e-01,9.597831529037123000e-01,7.483394681547824723e-01,8.465114033849441624e-03,6.392923659324312169e-01,7.658395829992250547e-01,9.741023372238192257e-01,7.803446610180031495e-01,3.931498959814923588e-01,7.688437184909533428e-01,4.368441660812627525e-01,4.233138814253425419e-01,5.136656815465016068e-01,3.076518563021602981e-01,7.927609043588261795e-01,3.069178828367493672e-01,6.590389780336136649e-01,7.182753210278380873e-01,7.094580174655185090e-01,8.600448722323008610e-01
