0.000000000000000000e+00,9.921330135398752637e-01,8.614471632629689957e-01,8.412479395588787767e-01,9.295531942982070417e-01,5.785937455476981572e-01,5.363787854959087831e-01,9.667029629713781436e-01,6.406238833412476463e-01,8.183033093284225457e-01,8.183961459275682637e-01,7.868446914522936320e-01,9.156684615929703286e-01,8.126972890254955395e-01,6.429563282826625814e-01,8.657876886193501820e-01,8.721573406666331962e-01,7.481226836867559404e-01,9.582644109570114255e-01,5.052053947576054527e-02,8.530379133857768359e-01,8.262674764803529248e-01,9.574221172016863513e-01,6.620056367824265209e-01,8.229612994426295236e-01,8.020698865147718459e-01,8.818184283187801009e-01,5.502158033672479576e-01,6.794159316405199434e-01,3.407768425668813439e-01,7.806030079301932156e-01,2.230060809084871698e-01,8.130942212318947870e-01,9.196258449575087646e-01,7.741853562026581592e-01,6.229425134953240351e-01,2.238698400628678087e-01,9.635125058239309981e-01,6.193628977104682631e-01,9.346558220300189568e-01,4.548944754094320642e-01,9.346557275809148635e-01,7.648793960950095450e-01,8.220938783508854319e-01,9.628209962842907421e-01,2.642937856590867884e-01,6.134389510052907779e-01,9.068457202160958852e-01,6.820249433587988186e-01,7.355064168309409511e-02,9.038737979956479318e-01,6.721490440538920863e-01,7.129255498815536551e-01,8.007341610149507627e-01,8.179975599014359666e-01,6.765987685286358744e-01,4.615915885827232557e-01,5.961837578968174345e-01,9.923385433518936427e-01,6.545618136930088093e-01,5.222455695523068320e-01,5.890621300659719672e-01,5.887762585322965370e-01,8.165228428866840860e-01,9.082390346788352664e-01,7.146208303362852066e-01,6.831854162648247630e-01,5.457730827745680413e-01,5.923610707102192618e-01,9.128454922488337120e-01,8.831398008698908564e-01,9.763519209819271349e-01,6.420544727155814702e-01,5.351000032899839720e-01,8.050069765930017995e-01,7.395955235282636320e-01,7.122161071605308535e-01,9.627086437697349730e-01,7.989428459354148970e-02,2.055016454026502570e-01,8.082208987919028420e-01,9.344658000185024349e-01,6.131196801713127975e-01,7.639888185429292156e-01,9.065863982114541475e-01
9.921330135398752637e-01,0.000000000000000000e+00,8.190177493702750500e-01,7.326965726586229799e-01,8.781400057945232263e-01,4.078974052450127785e-01,7.767718986318503660e-01,5.607003817975021454e-01,7.372581911208258010e-01,9.752203548719226012e-01,8.724624121590704995e-01,2.083955614591551653e-01,9.350282391627705580e-01,6.857898716113201010e-01,7.531610905627977859e-01,9.727960965098034762e-01,6.661693259098652176e-01,8.545071128600035815e-01,3.581743577837701586e-01,2.770143581266172883e-01,9.991733147228467615e-01,6.249233254999825293e-01,7.283547467235663708e-01,2.621171891228789019e-01,4.313309000586751929e-01,3.223288639851684678e-01,9.804852772880313649e-01,3.662828690519428498e-01,4.251296410710867502e-01,7.857745663430113492e-01,2.008246689771585602e-01,7.066157522602780627e-01,6.591193841655433872e-01,6.124096053069514323e-01,9.071293869854277769e-01,6.683384881942280309e-01,4.058429393462005264e-01,1.691558911701471768e-01,9.806212479092912826e-01,8.101127564054555474e-01,4.699186430163043021e-02,6.687847534355686463e-01,8.741138166943989152e-01,4.672500005394973899e-01,9.242039387509237702e-01,5.236137038015191703e-01,8.300362444085612745e-01,3.672043538657492334e-01,7.875459259391410782e-01,8.646843416032885532e-01,6.492040452985217147e-01,7.314186142727847617e-01,8.454529602960287882e-01,1.004903385799078008e-01,5.185421763237734183e-01,7.905095702855059470e-01,5.399993928123451026e-01,4.461957562242276354e-01,8.146639784369892334e-01,7.318387424873420422e-01,4.978502054801925425e-01,6.314614058506230476e-01,2.151958680396802159e-01,7.377396222984676788e-01,8.651720703636482934e-01,5.370698618998036578e-01,6.112151008144018904e-01,7.122505973860766559e-01,3.340387688490182860e-01,6.037485676130983636e-01,5.342981592321661699e-01,9.932342700397287505e-01,5.799659667104851701e-01,4.025362271577249129e-01,1.459499950284096348e-01,4.702542674654264232e-01,9.797882287708007398e-01,9.453640056004385395e-01,8.297258712560208194e-01,3.130768020133090634e-01,6.930539382161973183e-01,9.741180724607909625e-01,6.403611345661612830e-01,3.348966745985593185e-01,8.876266236849560398e-01
8.614471632629689957e-01,8.190177493702750500e-01,0.000000000000000000e+00,6.355132039003767996e-01,8.243867613082180856e-01,9.875905916851452915e-01,9.641686672874291153e-01,5.854163174456169516e-01,7.977162293509491020e-01,8.902706057608577028e-01,8.240603579341738705e-01,6.350934530767010644e-01,7.790805453285666315e-01,6.796327150942366169e-01,9.973259333276579541e-01,7.852987434062048688e-01,4.213606337280100811e-01,8.031288149900351891e-01,8.901928301320156667e-01,8.484182922513824332e-01,8.048282088099238951e-01,7.201219119100712440e-01,9.190132309113747677e-01,8.475882298921684210e-01,7.217281527211260039e-01,4.927826655036050552e-01,9.177174723961155633e-01,9.040513543431386578e-01,6.650487020487592105e-01,4.778472196621781909e-01,2.932040713074169913e-01,7.332831132462588331e-01,8.996148053482388995e-01,8.345327717711423787e-01,6.698003407645309881e-01,5.545186758964183449e-01,7.881759777838716063e-01,2.996171314249626572e-01,8.236987512319878801e-01,8.320205818885488824e-01,4.909390300400265916e-01,8.878566080451895104e-01,4.054213880302363626e-01,7.211771117602083780e-01,8.359810239272710275e-01,5.701340307733882007e-01,7.582686303400335559e-01,4.816276700798765020e-01,9.028336842560454878e-01,7.496284953353868907e-01,6.756463129310424920e-01,7.074125725614771598e-01,8.911305088833617605e-01,8.527693795602847571e-01,5.826080404897650000e-01,9.535313153470289516e-01,4.236872434750757477e-01,6.737191588784601226e-01,9.130940432804460771e-01,1.016435189674304990e-01,4.458025173768734306e-01,8.558632893226315597e-01,7.216323237208225327e-01,9.813472694305446220e-01,7.963293619628247777e-01,8.385842773638082503e-01,5.108246543943475437e-01,9.556575291699317409e-01,7.582261404412403705e-01,8.414911120438526293e-01,8.055969533125699744e-01,8.165638598508101476e-01,7.824281075034813515e-01,6.216027778452455355e-01,6.063380508851176076e-01,9.857857673214173166e-01,9.983213320757675646e-01,6.840761177811175431e-01,4.715253536782471055e-01,5.116564409890159704e-01,4.987016141643386136e-01,9.313591318718129619e-01,7.826350480767363393e-01,9.342736384526735272e-01,9.973807931699769647e-01
8.412479395588787767e-01,7.326965726586229799e-01,6.355132039003767996e-01,0.000000000000000000e+00,7.491675651639921885e-01,6.048812965463059577e-01,6.667988621252023407e-01,2.690759840485009158e-01,6.311314284764577565e-01,4.933640268271350937e-01,5.685332625924415240e-01,8.906155455253312869e-01,6.421304904679289161e-01,9.900908947497331081e-01,7.427730788561988096e-01,7.859525888224095924e-01,1.385097997974686079e-01,1.149781783660229761e-01,7.753896209820138052e-01,8.479211931736010399e-01,9.029894499013210174e-01,6.818124047186575609e-01,9.742226023633041576e-01,5.294726844010607669e-01,7.993115895425844109e-01,4.785881445248525434e-01,7.254996534799390551e-01,7.956839870153660232e-01,4.842524496644641241e-01,3.728724549539690347e-01,3.832465725128784140e-01,6.693129949329978956e-01,8.988262998526640457e-01,7.139380760736984133e-01,9.531212621960053477e-01,6.074749956898773950e-01,5.135614229552716292e-01,7.415231340490587852e-01,8.165691287351994898e-01,8.380666574904203081e-01,9.741697838986447533e-02,6.776695247506230313e-01,7.225222423081448797e-01,1.883688641568204147e-01,9.514746578121004994e-01,7.428207129099433370e-01,9.833738770830837694e-01,7.362675391705695294e-01,6.775213465999250229e-01,8.084266904976614709e-01,9.708096085706574563e-01,7.454024564381862561e-01,6.495967138492413362e-01,8.335397047023237471e-01,7.225638887253471587e-01,6.386590249030684729e-01,8.860339457437448329e-01,1.422917682474998669e-01,8.872861353916444704e-01,5.361380733878944316e-01,6.518393921729985774e-01,9.433823363085445113e-01,5.226392318412785842e-01,5.554195017760106268e-01,8.561402708626532077e-01,7.441126599925460550e-01,8.208014437522609397e-01,6.092603564277466743e-01,8.731778204631263085e-01,4.991550233139050996e-01,8.699503097920395778e-01,4.475700921142483080e-01,2.368324266824514968e-01,5.861379418787762141e-01,4.137578823401851236e-01,8.931087287500248939e-01,3.258688288663330601e-01,8.142518946052706985e-01,5.882370457862611257e-01,5.278880464116531002e-01,4.693397550018310049e-01,4.287738303015273811e-01,6.589033765319201041e-01,4.244838683534345458e-01,4.212343933137110419e-01
9.295531942982070417e-01,8.781400057945232263e-01,8.243867613082180856e-01,7.491675651639921885e-01,0.000000000000000000e+00,6.830288531885471137e-01,7.444772592016113411e-01,7.838669553272332724e-01,9.800639279083955824e-01,7.351654250385132316e-01,6.164425342596555613e-01,8.870454666584849379e-01,5.954126538879200847e-01,8.605432905764928142e-01,7.290206190353325511e-01,5.011880072164226485e-01,6.783103802084194944e-01,8.323939897612013805e-01,8.631059526438267238e-01,6.900662860181734359e-01,9.288619194010403479e-01,5.995296725572294427e-01,9.942580007168614342e-01,6.039445069422580969e-01,2.704304720486336855e-01,5.635309541611863704e-01,7.440801404885218906e-01,5.384173740862019386e-01,4.144570812857838460e-01,5.557580667171700961e-01,2.332849443773801421e-02,7.017032353871660577e-01,8.499598589454447906e-01,5.203502615653871066e-01,4.270672924562479156e-01,5.330028929172909713e-01,7.998555596697709547e-01,4.537418559889678238e-01,8.042854849924218064e-01,7.852393472948170361e-01,5.116131846771441172e-01,8.958220664591735050e-01,6.740778207537668765e-01,6.816184654595972559e-01,4.211687752810093222e-01,6.412385281516427282e-01,7.407095910643439751e-01,6.754835592867782790e-01,7.688773034226858982e-01,5.452735852377652570e-01,4.834761477683470754e-01,6.800772857497408008e-01,9.755721387450950743e-01,7.690173622771721007e-01,6.187497297174131550e-01,3.948975206368672830e-01,6.471625394543715215e-01,4.037353150287633086e-01,8.636948349455473295e-01,4.330265662464090060e-01,6.034411911976090837e-01,8.601629512294428626e-01,7.493103381174359701e-01,2.213362867587685412e-01,8.040971483594649971e-01,4.105246379775525645e-01,9.422158763039015783e-01,1.465231050052491768e-01,5.219930145733692184e-01,9.485532978723049125e-01,9.977189805946927725e-01,6.927195412392364027e-01,7.313071334787752953e-01,4.700116060961712638e-01,3.183335478673447461e-01,7.360015708667980716e-01,7.300777365142201436e-01,6.450821886687015949e-01,5.099800834304342168e-01,5.487374952177425103e-01,8.020471798270270014e-01,8.786934975070531673e-01,6.287837408420781093e-01,5.113447655328361430e-01,8.571989564292066266e-01
5.785937455476981572e-01,4.078974052450127785e-01,9.875905916851452915e-01,6.048812965463059577e-01,6.830288531885471137e-01,0.000000000000000000e+00,7.849671500798487411e-01,3.710359883661459302e-01,6.308105329747908385e-01,7.071445193730687695e-01,9.275588755979401467e-01,6.959669387194197254e-01,9.212316411132295269e-01,3.046489180576810729e-01,5.708589554462949467e-01,8.876880609780025688e-01,9.698930172111721593e-01,9.518685046792286775e-01,3.644944201413628515e-01,6.590550235575927118e-01,7.237649845066960186e-01,6.394663735469845456e-01,6.237153488659104017e-01,8.203645834686529303e-01,5.262572916104463205e-01,6.059677358580941586e-01,7.236834125953762742e-01,4.848111904257522142e-01,1.412607159593682049e-01,5.471244962976805626e-01,6.886070928745997854e-02,7.508682797020522770e-01,9.269007484003943809e-01,6.428320697666568551e-01,9.873351693477374624e-01,3.831214801878344289e-01,5.542830810704549860e-01,6.368623335729756141e-01,8.959087295854845090e-01,2.823960315955909572e-01,7.341092982159811431e-01,6.263573926219641042e-01,9.391393908022740433e-01,2.579065275652674405e-01,6.967267087181308050e-01,7.979801051003765355e-01,8.223332058253068899e-01,8.114886793736449944e-01,7.588227930808894017e-01,5.181231923167544107e-01,8.873147064748923007e-01,7.920626944123212443e-01,9.458363198796488902e-01,7.564938527205002927e-01,6.338563290032354081e-01,4.991924949265684752e-01,7.549977547751038909e-01,6.604080491475885495e-01,6.260289051206300304e-01,4.598210904602443860e-01,6.413651095243012579e-01,7.869670822121457299e-01,6.351651914938000187e-01,9.642899181949935450e-01,8.794129714621022886e-01,8.665439355057619197e-01,7.454919240836735961e-01,7.902405403912267090e-01,5.772218041748071737e-01,6.587430067117220345e-01,6.866091793281901001e-01,5.478464969272036633e-01,3.268074794331531918e-01,2.997800360708301470e-01,4.463289382949632844e-01,6.503791176549670316e-01,6.172592086451171856e-01,5.801959012679644978e-01,9.831236760987419054e-02,7.680796309277115874e-01,6.869374367753859900e-01,4.810271884591069136e-01,6.015447258916325479e-01,3.580211080981992589e-01,5.595561313200290154e-01
5.363787854959087831e-01,7.767718986318503660e-01,9.641686672874291153e-01,6.667988621252023407e-01,7.444772592016113411e-01,7.849671500798487411e-01,0.000000000000000000e+00,5.746443279628414835e-01,8.205931495075179105e-02,7.375650569016565239e-01,7.798713226126186004e-01,4.588215501774384197e-02,9.799680214116465171e-01,2.990304858185680592e-01,5.400649007685036640e-01,6.703304284374919098e-01,9.324814940224650517e-01,7.044591908157769033e-01,5.374588264329525078e-01,4.434776809853031021e-01,9.684718810393807553e-01,9.647956039360321423e-01,7.395411008472957404e-01,9.947794393585297490e-01,3.089316677188784221e-01,6.924017909716777552e-01,6.306480909713779726e-01,8.974857549635341103e-01,5.215896190549775824e-01,3.033666579319211909e-01,2.718842723014421869e-01,3.098768714008758307e-01,5.763272104740851942e-01,6.987846202252055994e-01,7.451949627801898179e-01,1.582269218651480847e-01,4.228554492687099930e-01,6.368276008722986159e-01,7.587191747063819491e-01,6.155376241325936082e-01,2.058898283240031268e-01,6.650498077039387335e-01,6.983028128632110532e-01,9.483952741595541580e-01,7.331201251400806251e-01,6.300518927936590297e-01,7.964694724434946416e-01,7.326381926945160217e-01,6.773437069127478116e-01,4.417213831231328602e-01,6.080009137692777843e-01,-1.085111513902273922e-01,6.963383977409658421e-01,5.558879814437521771e-01,8.485557295871632988e-01,7.448845324280531921e-01,2.491229185284843106e-01,5.174437510931718665e-01,5.064059278444983381e-01,4.439475227962901283e-01,2.300668451475096528e-03,6.927733212925928363e-01,3.375063047743816491e-01,8.381022508989232067e-01,9.239379180163197480e-01,7.232534940735397821e-01,2.638704527296619196e-01,9.639430375455633193e-01,5.897652694713788613e-01,6.021559496374329079e-01,5.160477441701610823e-01,7.012835526408910392e-01,4.571746550190453062e-01,4.212552833596023283e-01,4.007464206685725783e-01,6.720255793358517193e-01,4.812772268434963863e-01,6.153549526736216135e-01,2.120916586867284681e-01,-2.720350145109877715e-01,4.166052023615612887e-01,7.430417682242804744e-01,3.179108251787477468e-01,7.069199231634573088e-01,5.407756742603717637e-01
9.667029629713781436e-01,5.607003817975021454e-01,5.854163174456169516e-01,2.690759840485009158e-01,7.838669553272332724e-01,3.710359883661459302e-01,5.746443279628414835e-01,0.000000000000000000e+00,5.047246204421589333e-01,7.718828119209306671e-01,6.841460537331632841e-01,1.744410993537637289e-01,5.700453779388402475e-01,8.088786554518390126e-01,6.454604638775732761e-01,4.975536198649166963e-01,7.376103229216635082e-01,6.843034123032836202e-01,7.662795971048854682e-01,7.995839267322427668e-01,5.069069062255504576e-01,3.963244236483617344e-01,4.290767960810099035e-01,7.564558665210812105e-01,2.964792883239115717e-01,2.725080851145180172e-01,5.725577101403542812e-01,5.954340895273317891e-01,5.250912841635413386e-01,4.142645445192904008e-01,1.068564016984681064e-01,8.445916329533875722e-01,9.403254382720678262e-01,7.706255788676010798e-01,8.850872054313022597e-01,7.811353216616163664e-01,5.508038975135987059e-01,2.029703517766201504e-02,8.537642700714173083e-01,4.201405084981647553e-01,3.465096633857737141e-01,4.246426797841303946e-01,5.278381870215785865e-01,2.695940050974517388e-01,8.488830856846587558e-01,7.788808248044406524e-01,1.244741635127178947e-01,5.780286309554943935e-01,8.521600794355460584e-01,6.070614069416589986e-01,7.201632253181838861e-01,3.593328139533078502e-01,5.674227867689098925e-01,6.945055145876430913e-01,7.672542564465625325e-01,6.907892162574706951e-01,7.211915690818078151e-01,4.016175921129954141e-01,6.196386924089078985e-01,4.132998209333791362e-01,2.830530622084985737e-01,2.943964887271580122e-01,6.097111988931828153e-01,9.733550415536245115e-01,8.702616392130980705e-01,7.343948958557805495e-01,6.120103704967267966e-01,9.719415923089543830e-01,2.668681554287850033e-01,5.203245047520576039e-01,5.626499899186885312e-01,2.701402121893549113e-01,7.509131739237731029e-01,4.438067239844945000e-01,8.826792464774324554e-01,6.591432406914107256e-01,3.471828123773931796e-01,2.295075583213433690e-01,7.521014006318582634e-01,6.791638603092265969e-01,9.928385297361711492e-01,9.554294762684086839e-01,7.882227495487947877e-01,7.071564874153535296e-01,7.959062576322424309e-01
6.406238833412476463e-01,7.372581911208258010e-01,7.977162293509491020e-01,6.311314284764577565e-01,9.800639279083955824e-01,6.308105329747908385e-01,8.205931495075179105e-02,5.047246204421589333e-01,0.000000000000000000e+00,4.777515596583346014e-01,7.471103866558540529e-01,6.448301800721060184e-01,7.927191303211026385e-01,6.753398942727445453e-01,6.168280958402040381e-01,3.034020974886341704e-01,6.422642310889050687e-01,4.787549219992129901e-01,5.481392429950570078e-01,9.805576677891642001e-01,8.401421085865447003e-01,6.029513398894066345e-01,6.111192714137928528e-01,4.015356033871951835e-01,8.077146074535900278e-01,7.375541225615454000e-01,8.527585552377126010e-01,7.971518920201513536e-01,7.626512325348300259e-01,4.023723118075059335e-01,3.160100000847341217e-01,7.939108917778886498e-01,7.008560572127305877e-01,7.400034048923768148e-01,6.403022724553080192e-01,5.265581280926744379e-01,2.955889681835251193e-02,9.828222007447822151e-01,6.037724697132491603e-01,7.027466097996725169e-01,2.024942371290325283e-01,5.164032795710826740e-01,5.512650109110168728e-01,7.098159490665868487e-01,5.812941623567455807e-01,7.883434064694393451e-01,7.319175260101385971e-01,4.244326738958468237e-01,9.272202132467162183e-01,3.251390287668853296e-01,3.079721860745855411e-01,9.617492381778074417e-01,8.988054085783054870e-01,9.021822754393226118e-01,4.015983162340874268e-01,6.304816160480450904e-01,9.092707135928898010e-01,6.761706759467031036e-01,7.583655940306173182e-01,2.544420473088832013e-01,7.259293432618076913e-01,9.348225757722307128e-01,5.452375332450669632e-01,7.558936628783138323e-01,6.558008976116168620e-01,4.459180867696939665e-01,9.134053668729854580e-01,8.473444256741742286e-01,2.957577472491324140e-03,5.980960183076116099e-01,6.615677200848903983e-01,6.359454268273847521e-01,4.156868503841454343e-01,7.513520699537915570e-01,5.136346933593900488e-01,8.273527608674531297e-01,6.740552973897943057e-01,5.149787590870357201e-01,3.599802893200195197e-01,5.020768016348288176e-01,6.983709844004098999e-01,8.511446989370878846e-01,7.534775014933675630e-01,5.280645085883778345e-01,8.209228288075804958e-01
8.183033093284225457e-01,9.752203548719226012e-01,8.902706057608577028e-01,4.933640268271350937e-01,7.351654250385132316e-01,7.071445193730687695e-01,7.375650569016565239e-01,7.718828119209306671e-01,4.777515596583346014e-01,0.000000000000000000e+00,3.462136705987414187e-01,6.473008745784297746e-01,8.515045779278570537e-01,6.124980875977628081e-01,9.542603855122318013e-01,8.490561678898600473e-01,7.478609530207867007e-01,8.432444414630744234e-01,7.961159188666399045e-01,8.941740418435628612e-01,8.762921279242981143e-01,3.668995370490105157e-01,9.312950123978782635e-01,9.604890499745003529e-01,8.906724577441005319e-01,6.851500231075480229e-01,6.093166559183114117e-01,7.052421710177174674e-01,6.050328529466439953e-01,4.383016658251988051e-01,-2.510194494030377754e-01,5.187014010485405668e-01,7.648425917105865501e-01,7.548937898359948662e-01,3.062178155008518088e-01,7.305945750150706353e-01,7.345885328271558601e-01,4.575245082223767801e-01,9.494281657874329428e-01,7.274342719921071954e-01,7.747643787048515973e-01,8.578161748377332030e-01,7.989373142558352514e-01,5.373975168592188822e-01,7.735529118780133384e-01,5.955114679691239088e-01,6.513879759104430622e-01,8.067247165835543798e-01,6.489045155997484882e-01,7.340635679362880195e-01,6.406097006043969255e-01,8.934008391294904206e-01,5.380755221210513639e-01,4.491923621990119853e-01,8.885569844779147575e-01,7.643042490205165240e-02,8.368495378181606270e-01,6.011268711919730556e-01,6.014721836182019832e-01,5.977949120523431414e-01,7.674410722203039992e-01,6.732116299388221092e-01,8.257970051398274558e-01,9.948198994524148908e-01,8.472405219844199031e-01,8.380219623551540264e-01,9.065803561053566995e-01,8.019674904995597320e-01,9.670983394986853998e-02,2.448831629949177746e-01,9.940774300856592971e-01,7.466808593340112932e-01,6.336322591476015731e-01,6.834817348519821589e-01,8.806785045431448911e-01,1.617858052026505122e-01,4.406597317059868235e-01,4.081678670919349772e-01,4.180310009603993571e-01,4.815089048123510351e-01,3.008297050801778671e-01,6.999059448283205809e-01,8.267634824394389792e-01,2.180479151136320848e-01,7.485788841078985234e-01
8.183961459275682637e-01,8.724624121590704995e-01,8.240603579341738705e-01,5.685332625924415240e-01,6.164425342596555613e-01,9.275588755979401467e-01,7.798713226126186004e-01,6.841460537331632841e-01,7.471103866558540529e-01,3.462136705987414187e-01,0.000000000000000000e+00,2.279995444290222883e-01,6.511987928612552601e-01,7.012776149697523831e-01,4.817371983296997451e-01,-6.887113567964725513e-02,4.877180228635814574e-01,8.938665805520381591e-01,8.122861487542589742e-01,9.074207112772625372e-01,9.821923465602732106e-01,7.524935363623918017e-01,5.121526422890548824e-01,7.502788072673620690e-01,6.861536707809030577e-01,7.754544967227916530e-01,7.498375044250777943e-01,7.498587590808731829e-01,1.152909018884761549e-01,7.501642146247661236e-01,-1.390223247292389219e-01,5.174719817977611047e-01,9.131202000468976454e-01,4.127967779311707552e-01,4.721210906785969774e-01,7.585322504087018691e-01,4.867901978407141450e-01,6.405062065387189252e-01,8.109081873315301392e-01,8.568951804033383413e-01,6.261994655723225334e-01,6.843205025575593847e-01,6.603289758154894384e-01,9.260320443398899481e-01,6.051079527828735483e-01,7.260443850877660310e-01,5.603361545223503049e-01,6.124027548125441367e-01,2.407973961503130644e-01,8.669238897967310731e-01,6.231064202124995122e-01,8.166558841099735844e-01,5.480901219364512356e-01,8.145182587000303620e-01,9.308352338780540025e-01,6.096787092850697309e-01,6.051428676825088004e-01,6.971737040009766684e-01,7.445149220438039839e-01,7.315308436680812987e-01,3.379734295772661712e-01,4.222246886144816469e-01,8.111577406141001756e-01,9.629470462603686443e-01,7.961911879783722945e-01,5.964234898637360560e-01,6.134185501839417576e-01,7.085211309206354002e-01,6.044731326342778210e-01,9.071547693474345531e-01,1.245845669697943220e-01,9.022981136545373815e-01,4.962906688800637900e-01,2.741667916847198572e-01,2.862305370769416824e-01,4.150694823492186436e-01,6.184938648406967943e-01,4.380536048035469365e-01,-9.991188070243918473e-02,-4.257299429309377437e-02,2.668782980391782855e-01,9.413565234470443466e-01,5.489528010108976064e-01,7.776059769469636507e-01,5.686146554840593170e-01
7.868446914522936320e-01,2.083955614591551653e-01,6.350934530767010644e-01,8.906155455253312869e-01,8.870454666584849379e-01,6.959669387194197254e-01,4.588215501774384197e-02,1.744410993537637289e-01,6.448301800721060184e-01,6.473008745784297746e-01,2.279995444290222883e-01,0.000000000000000000e+00,5.454675332567587853e-01,6.281804401139090555e-01,2.776972423469478146e-01,7.812113689016630946e-01,6.178776624820623287e-01,1.360376207330583620e-01,8.938286209179676645e-01,6.024288131006705349e-01,9.389010713491079407e-01,5.377554755692547372e-01,7.658921362980298797e-01,9.570279611984597867e-01,3.321246272800434385e-01,7.687214613414541375e-01,3.187362274464805578e-01,9.238982822864700850e-01,2.477240313916955206e-01,3.994654945407418722e-01,6.451643341208663784e-01,4.590050995191299332e-01,5.732671452773473453e-01,5.628664855837219871e-01,3.740953115555945008e-01,7.822477324838559287e-01,3.439720153940970526e-01,2.899995518873453304e-01,8.010529717180892018e-01,7.029192658538996330e-01,7.169400483979673222e-01,6.661021367438972607e-02,6.555633412357045886e-01,4.583869817117539047e-01,7.450285898474925395e-01,7.423280895782569111e-01,6.252591962352105348e-01,4.298200692731792838e-01,4.180552436191002919e-01,4.464683409293431215e-01,-1.545883901875859667e-01,6.495471499405204296e-01,7.446413238109876875e-01,5.578322507700249622e-01,6.911747313667502279e-01,9.134546395506243366e-01,6.595939933164594038e-01,7.076381807510140343e-01,7.149392565454717463e-01,8.113472152676078908e-01,6.758856068458926059e-01,5.131004527835203444e-01,9.377979483306435604e-01,8.307568381529153445e-01,9.533989922857535326e-01,5.890332599956651372e-01,6.282439392345703366e-01,6.775142916534440118e-01,6.392097460668939857e-02,4.617457808649561013e-01,6.472417387974755965e-01,8.296773887133831460e-01,4.284705947005832960e-01,5.848502563614290661e-01,6.769286978425528289e-01,2.486819523249729214e-01,7.121243944757140731e-01,2.806286123744923255e-01,2.217013262592588685e-01,3.325074786993229559e-01,6.761664339296814541e-01,8.788659031734636917e-01,6.724343513835783215e-01,3.754288987227286656e-01,7.187568991641553051e-01
9.156684615929703286e-01,9.350282391627705580e-01,7.790805453285666315e-01,6.421304904679289161e-01,5.954126538879200847e-01,9.212316411132295269e-01,9.799680214116465171e-01,5.700453779388402475e-01,7.927191303211026385e-01,8.515045779278570537e-01,6.511987928612552601e-01,5.454675332567587853e-01,0.000000000000000000e+00,2.016672254506572115e-01,8.049289980300887715e-01,9.148686444093589998e-01,8.568717849762402805e-01,5.577890570193002606e-01,4.354509781626980658e-01,9.181079182261484561e-01,8.886106955730720403e-01,7.982194118317744724e-01,6.800017081408430419e-01,6.917941355764726241e-01,7.823723333801048119e-01,3.326564090450178091e-01,7.927273169157804666e-01,9.923540148670836336e-01,6.840869211983641174e-01,4.710922104950703848e-01,2.019811570312886329e-01,5.447742204794697729e-01,9.412708130969772435e-01,9.284241956372466520e-01,9.246225542695288846e-01,4.604989478321665497e-01,6.216644516455055447e-01,9.596876509604324035e-01,7.411513230903197247e-01,7.115928149452657170e-01,1.172185831849569260e-01,9.512441352325670119e-01,5.376009670056992595e-01,6.269825011595864250e-01,6.663945551315574312e-01,8.850864559653007779e-01,7.093027297039458112e-01,9.713761208070488262e-01,7.700737519927769448e-01,7.285102525029725218e-01,6.025838600797919220e-01,2.993069006868566695e-01,9.758033611510462668e-01,3.816045726859407239e-01,7.000524497166524807e-01,6.113395637621704681e-01,9.650754292860748151e-01,6.346436937021671110e-01,6.978509863651398692e-01,2.700115378621081308e-01,5.774790907723907907e-01,3.192203680027553281e-01,8.256594664750742663e-01,8.751769176946393447e-01,7.599909086722960172e-01,7.905220790807194753e-01,8.873195935734128348e-01,5.561584520641156271e-01,8.343430694444232687e-01,5.297141694718833227e-01,8.979162369159378043e-01,6.862465193137418096e-01,4.128800583687160519e-01,2.509060577603045572e-01,6.763311456600631377e-01,6.921046747754880935e-01,9.064810164061336550e-01,9.761030766459057872e-01,9.161686286515242639e-01,6.356110797994506401e-01,9.191307369909716973e-01,6.339347461842466114e-01,8.935583526731672999e-01,9.626320146956974799e-01,6.847072179911841694e-01
8.126972890254955395e-01,6.857898716113201010e-01,6.796327150942366169e-01,9.900908947497331081e-01,8.605432905764928142e-01,3.046489180576810729e-01,2.990304858185680592e-01,8.088786554518390126e-01,6.753398942727445453e-01,6.124980875977628081e-01,7.012776149697523831e-01,6.281804401139090555e-01,2.016672254506572115e-01,0.000000000000000000e+00,4.465126093674443020e-01,7.831893978406542223e-01,4.836262947891388220e-01,7.042801892034371569e-01,6.248409083509353090e-01,8.017722289108215605e-01,8.723544173631073706e-01,6.615496329615533355e-01,9.410711944035513588e-01,6.754241303657581019e-01,9.438007738247375933e-01,4.994289043017555163e-01,2.404172057500507664e-01,8.340422454703887434e-01,2.181669932807512868e-01,2.605553385044354631e-01,1.591824602840506420e-01,5.022385553596739882e-01,7.716392550884699775e-01,8.952189548760537408e-01,7.505004772060697160e-02,-5.129972479051769785e-02,5.802908333489120718e-01,9.171834967513490255e-01,9.800717125584185174e-01,6.500513067341281426e-01,5.806298471634918634e-01,6.639465144253254847e-01,9.332339805402244393e-01,4.336979150500046565e-01,8.733582641085579912e-01,9.990592635498458662e-01,3.088936883550837398e-01,6.863040447746688866e-01,8.609640942303532496e-01,3.803797528954967477e-01,7.039460430102110200e-01,5.445290889746102758e-01,4.561836951720361077e-01,4.321022166597168201e-01,8.072587971587381617e-01,5.280924719466811856e-01,6.720216689342120020e-01,1.421114127799101012e-01,6.822785645482001282e-01,4.577474740304448009e-01,6.858821413869616856e-01,4.372543718014986203e-01,6.422055587883296335e-01,7.830340587008489672e-01,8.672690261789850474e-01,5.271867053231061861e-01,7.492060971647845902e-01,9.420046055136076513e-01,6.624363449624308675e-01,-1.055470580464919345e-01,8.371666606754247786e-01,5.853655563244060112e-01,1.771364777529131351e-01,5.481097947950879234e-01,1.991730722923004335e-02,4.390365469313376456e-01,6.903130908380405995e-01,4.787896418353410621e-01,4.862516513515820482e-01,1.344224661405894750e-01,7.843204718654613883e-01,8.268334078732152426e-01,6.205929909020448942e-01,5.147041697393518467e-01,8.852722890499147290e-01
6.429563282826625814e-01,7.531610905627977859e-01,9.973259333276579541e-01,7.427730788561988096e-01,7.290206190353325511e-01,5.708589554462949467e-01,5.400649007685036640e-01,6.454604638775732761e-01,6.168280958402040381e-01,9.542603855122318013e-01,4.817371983296997451e-01,2.776972423469478146e-01,8.049289980300887715e-01,4.465126093674443020e-01,0.000000000000000000e+00,7.906168152317067932e-01,8.619121127835169816e-01,8.492228436211054499e-01,6.162495945833205147e-01,8.770324217797049737e-01,8.640497063622999407e-01,3.049427148522462216e-01,6.207823308988268396e-01,6.773878319498874978e-01,6.334071180473402896e-01,7.985862344362213427e-01,7.720560572340782191e-01,6.682451678919905103e-01,3.593034123230006704e-01,5.139671007306392259e-01,5.838671912802571029e-01,2.705530575111034786e-01,4.370427661569051825e-01,6.578741861360034582e-01,7.739759834524172488e-01,3.463741748298981848e-01,2.553083146310627383e-01,6.920491822621149813e-01,4.211853498463333789e-01,5.824010348193559006e-01,1.021365470164003475e-01,5.323909437836839009e-01,9.052376955140521986e-01,6.120125947899818231e-01,6.951575944544324814e-01,8.581345264952963126e-01,3.751431177968466146e-01,7.313291875403852282e-01,6.864623240447250696e-01,7.948845508698392237e-01,8.186941214359432228e-01,7.847406389662273662e-01,1.048561810807096262e-01,9.255030041792972062e-01,7.770784769188020524e-01,1.850374200839946248e-01,6.550426531791002649e-01,6.392339807282230169e-01,9.632146788192075260e-01,7.608090991252784985e-01,5.375027573594870489e-01,6.903230051846173110e-01,8.351919996889123343e-01,2.257651375695736151e-01,7.873004921902136966e-01,5.243569582447681343e-01,4.992854218656150311e-01,9.760690434811327698e-01,9.167316892154500629e-02,4.963066485444120324e-01,5.546728372480054237e-01,4.101758359236935547e-01,6.281388464892759815e-01,6.096610543433192975e-01,3.272365849106854130e-01,7.535059475249996641e-01,8.559951850198650458e-01,5.427459730489778700e-01,7.084372006475460060e-01,2.124976352765241827e-01,7.308083806114838710e-02,4.513840999539565080e-01,5.133271776404062514e-01,3.413161380800222577e-01,6.339169414506564681e-01
8.657876886193501820e-01,9.727960965098034762e-01,7.852987434062048688e-01,7.859525888224095924e-01,5.011880072164226485e-01,8.876880609780025688e-01,6.703304284374919098e-01,4.975536198649166963e-01,3.034020974886341704e-01,8.490561678898600473e-01,-6.887113567964725513e-02,7.812113689016630946e-01,9.148686444093589998e-01,7.831893978406542223e-01,7.906168152317067932e-01,0.000000000000000000e+00,6.135604822968266925e-01,6.163570435968825922e-01,6.124030074610474772e-01,5.254275005509176921e-01,9.099433301402454211e-01,8.257718030955557564e-01,9.070890499499820736e-01,7.126258932356196452e-01,7.965034568055029407e-01,9.629191160968779695e-01,5.040523767612500317e-01,8.649270516522578056e-01,4.789293140037788055e-01,2.062093576650010363e-01,-1.677716806323746590e-01,8.106790329505249026e-01,9.868317903495729126e-01,9.979773994476374144e-01,4.682456488680516449e-01,5.895791993969433653e-01,8.946703135141322871e-01,6.773069793487661583e-01,9.769674075485215159e-01,8.845650822822470616e-01,2.087228282077615571e-01,8.066899978348701650e-02,9.240360561937768225e-01,7.347164022581964549e-01,9.291111371143626618e-01,6.008767469916660442e-01,8.104891412665290451e-01,6.318151373701792473e-01,8.566455760205688996e-01,6.981333360761584617e-01,8.616186551409219518e-01,4.719505357598486328e-01,8.597586638363967637e-01,4.236048924640836155e-01,8.080783914424475300e-01,8.977072052576545724e-01,9.096942930281167738e-01,6.830252559817295843e-01,8.303639999987819653e-01,6.557627632951968932e-01,5.804653262450205631e-01,1.218682757227241426e-01,-1.301652096203923525e-01,8.562979965642613100e-01,9.290411789716688240e-01,8.458546290369843845e-01,8.754040318087609185e-01,9.021325407892203385e-01,5.122547959200541845e-01,7.654684487943311799e-01,9.702130023676314163e-01,3.147266803648585132e-01,4.309496081429682879e-01,3.760692435200799211e-01,5.208422201842420884e-01,4.159906918875377890e-01,4.378428162931776724e-01,5.743717543859389041e-01,5.774192581468323704e-01,-1.153339930468965935e-01,6.444859532790667700e-01,3.674455995831813482e-01,9.460899175533197258e-01,4.287627994502254958e-01,5.169305933724240854e-01
8.721573406666331962e-01,6.661693259098652176e-01,4.213606337280100811e-01,1.385097997974686079e-01,6.783103802084194944e-01,9.698930172111721593e-01,9.324814940224650517e-01,7.376103229216635082e-01,6.422642310889050687e-01,7.478609530207867007e-01,4.877180228635814574e-01,6.178776624820623287e-01,8.568717849762402805e-01,4.836262947891388220e-01,8.619121127835169816e-01,6.135604822968266925e-01,0.000000000000000000e+00,9.180616433052264380e-01,7.894511007357984944e-01,7.902672204455241101e-01,5.716216860137841582e-01,9.029269961359205343e-01,7.785241970907097464e-01,8.399926798147414608e-01,9.645198027642122307e-01,5.958474959135807714e-01,6.238898345913324039e-01,5.312739936949850694e-01,6.025602193200977341e-01,-1.646555933574294084e-01,2.455243746663184901e-01,7.679606606925377665e-01,8.082543709282915545e-01,9.420828659960089890e-01,8.291680864364419090e-01,4.307086942555033438e-01,2.002491327135816346e-01,9.705039598520112110e-01,7.483951098247889622e-01,7.172044619978732438e-01,2.929570621577122225e-01,3.380176298229669030e-01,7.559749069636894081e-01,6.858933278284822244e-01,7.056520295465108505e-01,8.243413651265649733e-01,6.204518807485406295e-01,7.951095429911119172e-01,8.746339762961743425e-01,6.211530932514575110e-01,6.783158829290414360e-01,3.621395757156049555e-01,8.679172464479525395e-01,4.064316394608902816e-01,7.074776774251371192e-01,9.714636484195748878e-01,1.067048049485213312e-01,1.361080897964597469e-01,4.474703018159736922e-01,4.918230014886400547e-01,7.387136952043855675e-01,9.137110822047521674e-01,3.556535458779155334e-01,8.641799599517321351e-01,9.411247718857580491e-01,1.269996153625335689e-01,6.805619005787806319e-01,4.573624320718662761e-01,4.383076806992174390e-01,3.711591982281483570e-01,3.814907391694134509e-01,7.721191697903302398e-01,6.206404688472528797e-01,9.316384779570835439e-02,8.642524747271347341e-01,7.858543918467890688e-01,6.500069920874332885e-01,6.898668936416808561e-01,5.381202764718238107e-01,5.401660406331366682e-01,6.332061126247082727e-01,5.002229549113758056e-01,6.255833354721420658e-01,5.996814101240548478e-01,8.380022307679245719e-01
7.481226836867559404e-01,8.545071128600035815e-01,8.031288149900351891e-01,1.149781783660229761e-01,8.323939897612013805e-01,9.518685046792286775e-01,7.044591908157769033e-01,6.843034123032836202e-01,4.787549219992129901e-01,8.432444414630744234e-01,8.938665805520381591e-01,1.360376207330583620e-01,5.577890570193002606e-01,7.042801892034371569e-01,8.492228436211054499e-01,6.163570435968825922e-01,9.180616433052264380e-01,0.000000000000000000e+00,2.805324685276182617e-01,7.909184586301967190e-01,3.611462261042305277e-01,6.981613884124177050e-01,5.460581773437461761e-01,7.035252401286312685e-01,7.632054863903834363e-01,4.368361813655896597e-01,9.476829895520134661e-01,5.665302868766765032e-01,6.075867025594255955e-01,5.933943090050940450e-01,5.051117490143275379e-01,4.889989224418085645e-02,3.551540958613750298e-01,6.549067894109715793e-01,5.486657626559512391e-01,3.982630700875953167e-01,1.538146927784293516e-01,2.844418375026475099e-01,9.257752417286396751e-02,8.249020791841754630e-01,2.167350830731153144e-01,7.050763076627201142e-01,5.780958233951333236e-01,4.386398107161231796e-01,8.801802177802509064e-01,4.385236944552723948e-01,5.881309025159899839e-01,-3.264049319075346678e-01,8.140036658470770625e-01,5.986503219053139757e-01,7.274779062218206249e-01,9.195577397269187880e-01,2.003462734034839876e-01,6.865524621814533823e-01,9.996531096934166971e-01,6.891767303160626357e-01,7.095566292211552550e-01,7.622724041716509857e-01,9.485321957765247003e-01,4.433170495958218549e-01,3.172040153464157353e-01,7.920994473771139077e-01,8.697899247975067194e-01,7.835838963302542703e-01,8.559330351346902122e-01,2.810262629661115508e-01,8.979500329188773167e-01,7.873137801726812768e-01,7.835525529266450517e-01,5.949470983499601795e-01,8.343548256287482978e-01,7.148472329057061758e-01,4.937185565099651563e-01,3.548270900684692419e-01,5.195918586910966974e-01,7.786608659355953588e-01,4.301391489593182071e-01,5.883398407464894841e-01,6.442444699513538708e-01,4.579844574950306391e-01,7.495463085925652136e-01,9.085193967305871254e-01,9.549993109974206362e-01,3.346534298751214775e-01,5.287138888507489920e-01
