0.000000000000000000e+00,5.278206212106998363e-01,9.065059746389471096e-01,9.287187048363902964e-01,6.398051066394551123e-01,3.194013133137686422e-01,9.193357714882776088e-01,9.092712602551338286e-01,9.332178079271378213e-01,7.972512772749773546e-01,8.854262791924063514e-01,9.225993595117614188e-01,4.312924508535756485e-01,8.928783035680195601e-01,7.399126401009287202e-01,8.650232318838424472e-01,9.241824772014072265e-01,6.675380145052260961e-01,4.515456183648233757e-01,9.707005024064151444e-01,9.577773343534293771e-01,6.784498905317412065e-01,7.926020070040147303e-01,4.077919455899203793e-02,9.517556504089254021e-01,8.163804422895546420e-01,6.493951138728688566e-01,8.921250042681012626e-01,4.721357539256422209e-01,5.279073015671429392e-01,1.317813909285125151e-01,9.462998060337863837e-01,8.828089911102334764e-01,9.969340870228993179e-01,5.511263349555431956e-01,3.403542576450735435e-01,4.801428143533336135e-01,8.431516746546130481e-01,6.499448167053685221e-01,8.198100765205635909e-01,7.364865027783996654e-01,6.546777462597549446e-01,8.542948792959328408e-01,3.077467934586272658e-01,6.325481492750337775e-01,6.048890761029018792e-01,9.064494473575612776e-01,6.370162517326360962e-01,8.752837936265183139e-01,9.804781100086412682e-01,7.993440227485238969e-01,8.399360083219287176e-01,9.659633167035569512e-01,2.776118413950500741e-01,8.315454550998137018e-01,9.638323441590862517e-01,6.826440902569962388e-01,8.213413142653535060e-01,9.968699686004852678e-01,5.366078283398678650e-01,6.534322848665931049e-01,8.500811245102344316e-01,6.803247628174226014e-01,7.883684908693240345e-01,8.647664048536645165e-01,7.803994182739938390e-01,4.100153725222477896e-01,7.894769074032295109e-01,7.971737477635720825e-01,9.775688006937228725e-01,6.579994667750865833e-01,8.842274699649673719e-01,6.090285635173722234e-01,6.274306189465349570e-01,9.908894471526989989e-01,7.704240065834053741e-01,9.672789765435773068e-01,6.822863695902248171e-01,2.307573445256212441e-01,1.890562114804892474e-02,6.166434427093578918e-01,8.350718146892657234e-01,6.139673556547674549e-01,4.499793519504009520e-01,7.261907309903403718e-01
5.278206212106998363e-01,0.000000000000000000e+00,3.325169538703303118e-01,9.276777333583953178e-01,6.955650583086611105e-01,8.449069743279802314e-01,2.261721823454531100e-01,8.656481418228401115e-01,8.492513837914721364e-01,2.101978119174886250e-01,6.050128490021866590e-01,7.812246684274276598e-01,8.450737006106677773e-01,9.990299822039445665e-01,9.000618899975476594e-01,-1.698467500872363478e-01,7.874655128633882839e-01,4.083863249700860898e-01,6.871239394404129452e-01,9.950698229342255230e-01,7.018415329546859871e-01,6.980921017542409679e-01,4.694996060714328179e-01,9.011534097005420296e-01,5.498987937023265271e-01,9.612928358672804263e-01,6.633127538139319546e-01,7.861369146296852684e-01,6.395865346658438089e-01,1.690082792473138473e-01,1.684686856509868269e-01,8.514320892264221063e-01,4.121689961891816800e-01,4.893360589665947114e-01,8.846943005584179121e-01,7.966566419789655740e-01,1.320438631084380754e-01,7.002266614910630516e-01,7.206098827052667133e-01,2.103250239819953460e-01,5.752385389943818206e-01,8.521422667172375842e-01,9.804788840494229607e-01,4.473505034481663478e-01,9.818231968978946567e-01,8.292158775838481821e-01,8.414853162727602420e-01,4.154009316239786198e-01,7.986613236213622180e-01,8.201493000456141491e-01,9.256863368869847619e-01,6.166271921314353532e-01,8.068782279805672975e-01,6.751462303334845316e-01,5.787502742282270018e-01,4.827102653300618385e-01,3.689440458682333723e-01,2.107346479741410428e-01,9.808834025548803792e-01,3.973565170419978143e-01,7.454947847639230574e-01,9.839691600936277815e-01,6.427075341595710478e-01,9.285372739504894612e-01,8.756955842126549205e-01,4.796996534104880916e-01,9.186080927252507911e-01,8.389151489360663350e-01,7.750902069921592474e-01,5.551036998694370839e-01,7.636730497021320119e-01,3.431364988162621810e-01,5.290615639107634216e-01,7.392337410240094053e-01,8.667638428959670849e-01,7.191113179104580144e-01,7.113153841734818350e-01,6.574398245244228445e-01,6.730570709479023472e-01,7.799152878531809829e-01,9.092201840911072752e-01,6.009667835942682501e-01,7.522466639042171277e-01,6.323774132429441641e-01,7.307280822248661822e-01
9.065059746389471096e-01,3.325169538703303118e-01,0.000000000000000000e+00,5.122507976044131661e-01,9.426273716920169354e-01,8.894352732803969541e-01,8.239423075943738128e-01,9.090847351601777371e-01,7.692367336858707549e-01,8.816889005673018698e-01,9.846672652956898197e-01,9.898772365526558037e-01,9.160000246672878044e-01,7.933692657787416724e-01,7.902720176722461964e-01,9.585749402950448639e-01,4.610608915410196462e-01,6.500115779330446486e-01,8.507726977133664992e-01,8.323914530028584391e-01,7.521308522609536640e-01,9.715777791020807630e-01,9.868687828477609170e-01,9.316720862333146558e-01,4.806563660469491683e-01,9.814246410272196020e-01,7.807359763185783841e-01,9.488743480386971907e-01,5.628345209708593977e-01,6.980473036076816351e-01,5.516931591018096048e-01,9.659590570733298520e-01,5.697149720890879454e-01,9.694584986022916073e-01,9.414591601599154869e-01,7.721480986418900461e-01,7.031000399595009887e-01,7.420831949434834041e-01,9.567950394980475615e-01,9.525710533611769781e-01,2.856894795032295375e-01,7.866866647605758045e-01,6.609667234056909590e-01,6.710242178857728224e-01,1.756933781241427628e-01,8.351000167612849800e-01,8.490802051840472542e-01,7.962185356912094836e-01,9.611001104962333397e-01,8.536912082648712152e-01,4.625595890032243584e-01,9.792375176719877450e-01,9.831196356247792201e-01,8.160011501013352264e-01,7.613579042078595371e-01,9.224304084014938176e-01,8.152544231813094733e-01,5.311091270151354626e-01,8.638059470839275500e-01,7.586144943546738739e-01,2.943521065459520081e-01,4.928909881159372897e-01,9.444814146548863310e-01,6.313224635112710814e-01,9.781050430720328315e-01,6.796650211317019075e-01,7.202695997136574491e-01,9.572450687510444256e-01,6.522412465964899653e-01,5.459267532931608713e-01,8.831885279201635575e-01,5.892395346357917063e-01,2.487877643890454016e-01,4.238275541578848116e-01,8.710796829399158892e-01,8.189132327671736489e-01,9.819464721314337119e-01,4.344232457491076227e-01,4.693937701513167804e-01,1.561271434001225422e-01,9.079394491371863829e-01,6.783053961588101366e-01,9.503342765140079251e-01,8.781402883740048182e-01,9.676818998892112722e-01
9.287187048363902964e-01,9.276777333583953178e-01,5.122507976044131661e-01,0.000000000000000000e+00,9.249223409825189091e-01,3.162777301061827084e-01,4.386147700028235619e-01,6.663398619092650854e-01,8.042007463357163655e-01,8.798737100145909151e-01,9.046735855021073025e-01,7.428487317405731982e-01,9.232912806757386237e-01,9.959263496418935269e-01,6.338234511354965406e-01,9.583866004152832296e-01,8.110239879964188381e-01,6.141142108333883520e-01,6.095650486890404895e-01,5.554310656074594732e-01,9.053631007350334547e-01,5.384866060079713801e-01,6.652441187553493895e-01,8.816169178441988219e-01,6.010299890201927786e-01,9.611252947249130374e-01,9.759260781299921028e-01,7.810290999446417581e-01,6.426997881580188698e-01,5.566160489881863960e-01,4.646175767294945524e-01,6.753604734048171965e-01,6.054154964399343086e-01,5.420738357050273182e-01,5.912920017001722650e-01,9.551334268608920874e-01,6.363901894901120571e-01,9.214389247318227616e-01,3.993161709410882887e-01,9.765029311211995688e-01,6.520456957034701517e-01,7.233020213643301943e-01,-1.425088088336718128e-01,7.132422019050367323e-01,9.681098662713947256e-01,4.165667007682944956e-01,8.882549523540871350e-01,7.778212509994639756e-01,6.731135633648828165e-01,6.943598965811166313e-01,5.477689541386777661e-01,3.942053807229703999e-01,7.987036185055148563e-01,6.836324425051787390e-01,5.290566685809561243e-01,7.988680936112106945e-01,8.142158837424454676e-01,2.539607286912820006e-01,6.225262766704661166e-01,1.730912703722022050e-01,6.178580597283939158e-01,6.437322690156441762e-01,7.102773353698816905e-01,8.777389229424130690e-01,8.648464114719902618e-01,7.079451751504652890e-01,6.236336651117169172e-01,8.588927812013280594e-01,6.774970374571139820e-01,9.818838595658965218e-01,9.305137758607925358e-01,8.574837285637808559e-01,3.052182019342936092e-01,4.519277704493457892e-01,6.891420029970747319e-01,6.854152883260878903e-01,4.516108205807959353e-01,2.689112689378548304e-01,3.901205333186493762e-01,3.698311003150698412e-02,4.541135125687433827e-01,4.905080252296056820e-01,7.764186519670143172e-01,6.528358830748158814e-01,4.044993963849946583e-01
6.398051066394551123e-01,6.955650583086611105e-01,9.426273716920169354e-01,9.249223409825189091e-01,0.000000000000000000e+00,9.456241125127122782e-01,6.281855070181200373e-01,2.913116428212130238e-01,7.094742422069985066e-01,6.261814473615925358e-01,4.140059920006646799e-01,6.678483086972254457e-01,5.588773912156458357e-01,2.467414437754426038e-01,8.364520807152040494e-01,4.207210165982069316e-01,3.086345737948897883e-01,6.222389541200042951e-01,3.871089442489004107e-01,6.012667056520285547e-01,9.259601870945693980e-01,4.344701350805647566e-01,9.298801023335976357e-01,9.219932402977757402e-01,4.137459133034833703e-01,3.516953099836493957e-01,6.218724624816174273e-01,6.990837237180338448e-01,4.858679582985095946e-01,8.772696007557403419e-01,7.545939347552589327e-01,6.694518505298578670e-02,2.410989769584186496e-02,9.683697523624491543e-01,7.755999672168261139e-01,7.711878296996523829e-01,3.804957655693097518e-02,2.041398120150301199e-01,6.883350667534983147e-01,1.518031477548793251e-01,1.874914454156276500e-01,8.749026672492958845e-01,5.329433448731155654e-01,5.250804619319030531e-01,4.702909103418627668e-01,8.659873211534899751e-01,8.509775875089076180e-01,6.698261913321368333e-01,-1.464812217307124298e-01,4.811645768273154489e-01,6.587385469910305158e-01,9.117261825788565144e-01,7.501250258033854701e-01,6.981582578317961918e-01,8.996990899621190030e-01,4.086667170394857607e-01,7.150116069458525847e-02,6.142712662612016539e-01,8.676839476609928825e-01,6.103040100166224891e-01,4.076376311931598773e-01,6.217397085000083701e-01,9.345511884454230644e-01,6.966922138543031329e-01,9.951210541424809763e-01,8.212720529169167394e-01,9.517491501903261319e-01,8.502783394976065612e-01,5.889712771092834309e-01,9.563094181665032778e-01,9.498846423305862263e-01,9.373878039615620716e-01,2.925062988974091449e-01,7.988270193686062282e-01,9.150741909486623804e-01,5.819167213555127560e-01,6.477646198397214450e-01,3.758068526185351921e-01,3.235247445342275818e-01,4.454587256164319053e-01,9.239927665823139957e-01,4.036492025895861979e-01,8.264956531871642254e-01,4.649104895839493712e-01,7.814622255195561307e-01
3.194013133137686422e-01,8.449069743279802314e-01,8.894352732803969541e-01,3.162777301061827084e-01,9.456241125127122782e-01,0.000000000000000000e+00,2.869532213155807088e-01,4.213587275760926065e-01,4.262536458788608873e-01,9.298771940076850928e-01,7.261489665699767393e-01,5.740966266734625068e-01,5.839455133574451562e-01,4.596242334619132230e-01,9.995656697126487078e-01,8.859643500444098763e-01,8.821175862885537455e-01,5.630049527806791909e-01,8.171568456537426917e-01,9.337744137199875949e-01,7.751904698228222479e-01,3.044683866387435378e-01,3.641135233546892724e-01,5.677085662157912438e-01,6.840008675608935107e-01,7.311421476784587536e-01,7.165874622134018601e-01,7.005381335238685114e-01,3.373897013843489834e-01,2.055457460428302130e-01,6.533461128842708021e-01,7.884986489065641813e-01,8.171260111153045846e-01,6.809364902319713364e-01,7.921066651914030476e-01,4.943318191305595688e-01,1.285804508734980089e-01,7.701701576600774590e-01,9.196422540418333069e-01,9.915841526039483877e-01,4.447543170943986657e-01,9.196384303821707462e-01,7.200777665534128236e-01,8.025763399868114378e-01,8.310895211153442874e-01,7.386908047965340396e-01,9.972368686747650202e-01,9.584037647531282733e-01,7.501578029779271128e-01,6.577381245767895124e-02,9.784342920486939210e-01,2.999380040512931722e-01,7.748176654144979247e-01,3.318934656428119134e-01,4.152299931999606231e-01,8.817570427393502941e-01,7.054659489832511010e-01,6.003396040945477852e-01,3.877439672987471053e-01,3.859043599972953875e-01,7.107305902912546269e-01,3.940973927400064358e-01,6.090129932689559711e-01,7.973263630014780778e-01,8.667652622339753199e-01,5.518218600860489431e-01,9.264199010567201187e-01,5.711213166395151530e-01,4.426578539815547164e-01,6.852452963297275268e-01,6.396645658885827812e-01,7.786670302771566687e-01,6.864181758882744733e-01,5.666258444614945544e-01,4.148265178915656048e-01,8.578035214585170154e-01,9.072637543534731730e-01,7.864734032263417385e-01,5.032501974083571916e-01,6.433268141089510950e-01,1.485609380521686895e-01,6.016071688449681210e-01,6.078656169318624736e-01,4.725657488522791438e-01,9.425150980854096749e-01
9.193357714882776088e-01,2.261721823454531100e-01,8.239423075943738128e-01,4.386147700028235619e-01,6.281855070181200373e-01,2.869532213155807088e-01,0.000000000000000000e+00,8.787246352526753013e-01,4.389787584546038235e-01,3.844359216050584616e-01,5.265925187989295431e-01,7.094176361640406325e-01,4.929728252718172943e-01,3.059744953743764317e-01,2.869516095796341704e-01,3.866368930037057394e-01,6.735649441041039465e-01,6.705101768639663007e-01,6.680794358580615100e-01,9.776279626798167754e-01,9.058068382915714922e-01,2.304459612460938445e-01,4.646388233075301466e-01,8.553425971788205517e-01,9.184332361230098662e-01,4.379056781280249999e-01,2.201722855877027152e-01,5.390702755180682981e-01,2.221038857654432375e-01,2.670632553931463482e-01,2.039837411840869641e-01,5.237619764319820792e-01,6.898679819929908197e-01,7.744343881842438160e-01,4.749412526418713698e-01,5.161813232783771799e-01,5.652778677756588044e-01,6.991298605679598932e-01,8.862721533813180397e-01,4.141650429544206369e-01,6.128726016939546328e-01,7.554630572728030513e-01,7.633302010488116629e-01,4.982201022322779727e-01,6.736635770065233508e-01,7.472756037164443033e-01,6.609647270488301363e-01,7.762981334967783420e-01,4.383617851103973062e-01,2.370257314217634748e-01,7.605140061103095039e-01,6.609125578209109619e-01,4.484073406478807367e-01,5.549282689573531435e-01,9.269438622153994833e-01,3.437998673030802088e-01,6.639250051385588991e-01,6.614761333110210639e-01,3.520325952254599877e-01,2.082304702019437126e-01,7.053784591067341347e-01,7.213711701709289992e-01,6.455008404090538665e-01,7.710892941685300039e-01,8.076292867420461485e-01,6.821078223580903099e-01,9.730791900513052761e-01,2.103753919829185193e-01,6.984676475878330848e-01,4.343732942771022509e-01,2.733526860189776642e-01,7.997791285772495318e-01,6.566054147586428691e-01,6.906823787044119589e-01,8.661463685248439459e-01,7.746013547565340218e-01,4.598882701075766022e-01,8.677927040677109183e-01,4.147637395005184247e-01,1.638435119638699186e-02,2.310719911209128397e-01,8.431872993430290508e-01,5.669070164958358582e-01,7.160112644940804794e-01,4.365450513892086271e-01
9.092712602551338286e-01,8.656481418228401115e-01,9.090847351601777371e-01,6.663398619092650854e-01,2.913116428212130238e-01,4.213587275760926065e-01,8.787246352526753013e-01,0.000000000000000000e+00,8.274836127476674630e-01,8.778085063685108214e-01,4.854636774893025253e-01,7.539015492799570062e-01,8.175621878019165845e-01,2.219454872233342091e-01,5.561434832530824934e-01,6.177171953133393512e-01,8.082933680064163795e-01,8.081023677572160002e-01,2.901641610098363300e-01,2.092604863784284369e-02,8.090972397221768420e-01,9.270895865972335059e-01,9.100686091492700136e-01,8.185570395316217329e-01,8.434620326789876721e-01,7.432116332145957127e-01,3.210570133538043214e-01,6.511160537319290453e-01,5.341099132600704014e-01,3.600056735509590267e-01,9.420065656876377980e-02,8.023148328971083654e-01,6.154924235188107273e-01,7.429377266055178231e-01,5.589684553461713445e-01,5.567286063611754932e-01,2.816495520459021962e-01,4.333382057423602607e-01,7.708676859811994797e-01,6.527513149423364025e-01,1.078459569298896303e-01,1.700128728895706487e-01,8.849167113567681930e-01,6.394215344267779599e-01,8.745346334307240177e-01,9.233739517412994369e-01,5.616317761644429307e-01,9.377727009246014100e-01,7.391721349014529485e-01,6.423472636065262753e-01,6.918503873379912017e-01,9.664398190879111006e-01,7.516970740088615432e-01,3.877020240323004741e-01,5.927611905790345359e-01,8.991986347998334184e-01,6.522479708209760751e-01,3.762845909262682031e-01,4.030004163668685635e-01,4.747948400883497122e-01,7.384631989195857837e-01,7.872687933552657835e-01,6.039825868025734401e-01,6.871856008500106805e-01,7.383840034149862230e-01,6.213138309973219586e-01,4.747203291928193125e-01,4.386997414344830926e-01,5.391230399936328688e-01,6.287398934298091824e-01,4.477969188533110212e-01,1.699130218868076247e-01,6.303508228675369640e-01,7.239648355300883908e-01,5.637827855804129484e-01,6.250808414338814289e-01,8.741392319588002779e-01,4.842409580287774795e-01,1.830396519149040946e-01,3.752020019952492791e-01,7.038843843240508713e-01,7.913466583999458903e-01,5.294754427987378165e-01,2.989634278670488809e-01,7.603114332720151136e-01
9.332178079271378213e-01,8.492513837914721364e-01,7.692367336858707549e-01,8.042007463357163655e-01,7.094742422069985066e-01,4.262536458788608873e-01,4.389787584546038235e-01,8.274836127476674630e-01,0.000000000000000000e+00,5.472109152109511099e-01,7.457348873483824470e-01,6.023668238970800726e-01,4.721909121605446513e-01,2.147757899418037131e-01,7.464021060957789500e-01,4.374605459659258178e-01,7.666582059857155462e-01,5.132341021669910575e-01,7.157794222605026180e-01,3.947828017179760840e-01,6.681599832774284264e-01,2.303407602609375548e-01,6.559045454933519759e-01,8.612686842409490451e-01,3.243622453375750725e-01,6.504095460266379192e-01,8.331695277179191894e-01,8.282106642159595689e-01,6.416165835901826986e-01,7.734397123225651427e-01,7.354886000397545809e-01,4.135598374313892989e-01,5.455234535247508454e-01,6.540439801072207571e-01,6.611666898256561842e-01,7.910080368819158991e-01,4.825171426763980587e-01,2.567936471695637657e-01,7.104873305046405241e-01,6.891317478525080809e-01,7.105967097415765155e-01,4.745283595610531591e-01,9.781688660044115524e-01,9.762413870485328049e-01,8.589167204039285242e-01,8.143383606831621213e-01,9.110615614654590244e-01,7.757402474931582859e-01,7.734711505976438195e-01,7.377926022151949370e-01,3.842002889811391153e-01,8.585239675272378079e-01,9.934453362678464794e-01,9.436637906960892996e-01,7.682494500268967075e-01,6.460802368400726525e-01,4.712489238393203217e-01,9.737577809155465447e-01,9.153255326956561966e-01,3.518133100612628184e-01,4.808025301959676368e-01,2.291025453452540661e-01,6.681163131152462187e-01,1.776984914949743255e-01,8.473726237505674330e-01,5.594856872094087219e-01,3.759134309354380532e-01,9.559934917063392934e-01,7.001796313700254792e-01,7.489204191942961941e-01,6.033489645328405926e-01,3.208246551977615435e-01,5.521751710036829630e-01,5.243592609262827109e-01,4.013430950110704609e-01,8.339909175376390982e-01,9.522023963444289363e-01,6.562662368461594786e-01,4.118309505654577096e-01,3.924985752971654751e-01,6.091242614384464460e-01,6.818598584770038107e-01,9.460103153039177704e-01,9.704077937308006607e-01,7.871647152460610197e-01
7.972512772749773546e-01,2.101978119174886250e-01,8.816889005673018698e-01,8.798737100145909151e-01,6.261814473615925358e-01,9.298771940076850928e-01,3.844359216050584616e-01,8.778085063685108214e-01,5.472109152109511099e-01,0.000000000000000000e+00,8.620088409420797460e-01,6.078347392687961648e-01,8.453587792992107719e-01,2.049754308490566446e-01,6.919877646481410460e-01,8.255134374219934568e-01,7.524675424668798573e-01,9.115600879605226803e-01,7.484921871791840875e-01,6.787215303887333961e-01,7.578702152650381718e-01,6.537994134993765361e-01,9.617197697809961587e-01,3.955513625431582581e-01,5.621194139985095095e-01,8.602157115189770220e-01,3.520244088765801527e-01,9.066670689674458661e-01,5.789704738830999675e-01,3.002900921578702254e-01,2.749191406592185194e-01,4.361378430168990072e-01,7.660485507155886387e-01,8.649566380420590228e-01,9.397737794625100616e-01,6.521641559864921334e-01,3.914001030542446635e-01,7.168601060210142428e-01,6.477216782863410849e-01,6.805016159888164218e-01,2.062549822309219794e-01,8.830895774203690873e-01,8.017086993093519576e-01,8.976401810495424627e-01,9.951517627729586923e-01,7.499991830953113281e-01,6.809045161573616944e-01,5.324497352868069466e-01,5.879319929923603194e-01,4.510741713230898564e-01,7.188541016928304828e-01,5.187052712108423114e-01,6.614878314610357357e-01,4.358514207986018962e-01,8.418730667399262346e-01,8.336526649907367581e-01,7.467992842137911591e-01,4.309436617690514115e-01,6.697342587758637888e-01,3.417846103027191162e-01,4.534028121978727621e-01,6.753433818041881809e-01,6.952259634695316937e-01,8.745859411919805204e-01,6.053062962589743634e-01,9.885917293292754149e-01,7.485597388199309865e-01,8.779569839160566991e-01,5.731631828408654261e-01,9.287224366423072475e-01,8.619545485043430544e-01,6.750409901157574666e-01,5.128997557340073676e-01,6.658638625611627004e-01,6.998997851151836924e-01,9.745929016854641969e-01,6.226499502406431796e-01,8.741789402221663563e-01,6.764956562210965307e-01,5.420358475889317518e-01,9.084513605416567605e-01,9.372982935620179923e-01,7.421043428022471300e-01,7.764344090299161172e-01,9.320283856575829473e-01
8.854262791924063514e-01,6.050128490021866590e-01,9.846672652956898197e-01,9.046735855021073025e-01,4.140059920006646799e-01,7.261489665699767393e-01,5.265925187989295431e-01,4.854636774893025253e-01,7.457348873483824470e-01,8.620088409420797460e-01,0.000000000000000000e+00,8.779442151559555541e-01,8.672642900513957143e-01,6.256312408643540657e-01,7.233292585025017374e-01,8.564399608032506883e-01,9.070611606703876673e-01,8.443273686281815849e-01,7.108170141076358695e-01,5.998745156130673717e-01,6.504241989695142001e-01,3.622070798554172244e-01,6.734243015310692471e-01,9.976752642707722440e-01,4.513176674632092822e-01,7.493359815348257236e-01,9.761244703924066846e-01,9.858238644393726435e-01,7.622566023259558232e-01,2.826046126141597281e-02,2.082759924858297307e-01,-5.100482004917938905e-02,6.370334181091957815e-01,8.734703747516978645e-01,2.400945167218480614e-01,3.330916563088982540e-01,5.804808859904779794e-01,8.724087464265980474e-01,9.484550436562083631e-01,8.038770004865991581e-01,6.367996099433808066e-01,9.997264779134790169e-01,6.837953003452000855e-01,6.941891483897012494e-01,7.833872903477275829e-01,2.157839676823856412e-01,8.260070352204050836e-01,2.465144518208339797e-01,4.512160400138479632e-01,7.933782674309945993e-01,2.996211458062938426e-01,6.669788195114497720e-01,5.829415976643207431e-01,4.162394373876178166e-01,7.967091937239549893e-01,8.533676443497691944e-01,6.612938473093921132e-01,7.627246625803854041e-01,6.050851045659023653e-01,1.722309088145111133e-01,2.081226053745448834e-01,8.216384976705369825e-01,7.887383845083344447e-01,7.150253308050691370e-01,7.824049567249206083e-01,6.835418994044809571e-01,6.290571580678648855e-01,6.120557815771399124e-01,7.041455805861619455e-01,7.515354937072880048e-01,5.605838440657707755e-01,6.713154237774525690e-01,2.728650019369355806e-01,5.171146094946521554e-01,4.012785685716167561e-01,9.922648808296691270e-01,9.771365719914988368e-01,6.754971091648724890e-01,5.419021486254979036e-01,1.820695584744376760e-01,5.977542209924161520e-01,8.399832133551254909e-01,9.260840688529166087e-01,4.073877820152778662e-01,4.166316491149825163e-01
9.225993595117614188e-01,7.812246684274276598e-01,9.898772365526558037e-01,7.428487317405731982e-01,6.678483086972254457e-01,5.740966266734625068e-01,7.094176361640406325e-01,7.539015492799570062e-01,6.023668238970800726e-01,6.078347392687961648e-01,8.779442151559555541e-01,0.000000000000000000e+00,4.475515295640365987e-01,6.557308780243666924e-01,9.280510199201796873e-01,8.452827566154241801e-01,8.003293883837477862e-01,7.005069977814277760e-01,6.599544028082383607e-01,7.506669472175659941e-01,8.413137034277242687e-01,6.139454778748004715e-01,4.564074234584998280e-01,8.575708737161982231e-01,7.213716304120604272e-01,-1.126980637859159584e-02,7.546421228741370113e-01,7.183074580802133458e-01,7.202753821233629505e-01,7.417598990379351553e-01,6.782678218894050426e-01,7.588597656216619081e-01,7.060979887510580033e-01,4.993624056410386203e-01,6.218665370262053127e-01,1.009610172556243447e-02,7.322766373496424341e-01,4.198256381871954268e-01,5.674491784757548229e-01,7.707889742934666000e-01,7.112688010289114349e-01,6.803707454781434683e-01,5.874776584605450047e-01,9.847413883716115146e-01,7.430184136593447342e-01,2.039744047173536745e-01,6.224355486621370170e-01,6.315627962695921083e-01,6.748024307281770273e-01,7.779976222557539733e-01,7.269349758900700564e-01,6.587346495691214221e-01,5.191371853484193499e-01,5.997063439500509574e-01,6.921650726018897526e-01,9.086831261169796559e-01,6.226878564629422241e-01,2.242799378315240011e-01,6.596799677003944984e-01,-1.922180452706647724e-01,6.612492386956215773e-01,5.367503269084419326e-01,6.272972637653484451e-01,8.488014055954952175e-01,2.704978877197052878e-01,7.031173983955486539e-01,7.923756377728279343e-01,9.766424907578731274e-01,4.126035427012725854e-01,7.218399103259364180e-01,9.679033749746577264e-01,3.030079722720366853e-01,2.927325529006205018e-01,9.855874654576274319e-01,6.075432332833081706e-01,6.579184832246844916e-01,8.546540565173978976e-01,9.490387457007368743e-01,5.926036207238796205e-01,2.160281551683798928e-01,9.672451488400368724e-02,9.803475748355797714e-01,9.313595680290476242e-01,4.747372310611445156e-01,2.057201101261269260e-01
4.312924508535756485e-01,8.450737006106677773e-01,9.160000246672878044e-01,9.232912806757386237e-01,5.588773912156458357e-01,5.839455133574451562e-01,4.929728252718172943e-01,8.175621878019165845e-01,4.721909121605446513e-01,8.453587792992107719e-01,8.672642900513957143e-01,4.475515295640365987e-01,0.000000000000000000e+00,4.392953185254660498e-01,6.619134867569491654e-01,2.331897717202264242e-01,9.347723541935367697e-01,9.017167756770581022e-01,9.631758982705201921e-01,9.486294631004962286e-01,5.908201018375903724e-01,4.373862325189480371e-01,9.423298077526556238e-01,9.939946141111533073e-01,8.414775325070179557e-01,6.066645318107483087e-01,5.322911980329826376e-01,9.464861500684067508e-01,3.880634025200423443e-01,7.861006840268556228e-01,4.596027328994198996e-02,6.196537068014210670e-01,6.959108129070470383e-01,9.026896975887730434e-01,8.187015042013406907e-01,6.148507151972392171e-01,1.975245388358206622e-01,9.045345882597535248e-01,9.154703536862387470e-01,7.341315598825176592e-01,5.928964237249878533e-01,9.749934881317817714e-01,9.898543967630685225e-01,5.157398848657818169e-01,6.479237789856893137e-01,6.073354793770162630e-01,9.306611666502785374e-01,6.739092314991479427e-01,7.129996769167251669e-01,9.070953020162452196e-01,1.449904175795814487e-01,8.152222726666942254e-01,7.988802821190055248e-01,7.748692748294041532e-01,6.113517546858174834e-01,6.422069763911271156e-01,6.287624058368150859e-01,9.633288059988343033e-01,8.438398338660941800e-01,-1.155993116075228339e-01,1.408499927615663450e-01,6.482816264686783736e-01,8.878795037576678872e-01,7.745948661701880233e-01,7.053390212760800582e-01,4.703938775308552089e-01,5.788349965540162678e-01,9.417076691358028384e-01,1.979079486759648399e-01,4.095019006057650235e-01,6.547994479798170397e-01,5.343385887528505629e-01,6.018681799140908062e-01,7.342112248226130289e-01,7.945846694804099553e-01,9.180024719615661466e-01,8.110589997060421164e-01,7.322058708310850150e-01,7.902308732707388761e-02,2.220902605687003206e-01,6.378516574925923166e-01,9.346014196218063175e-01,9.134212828925383221e-01,-1.476882455987985066e-01,6.908145737028847932e-01
8.928783035680195601e-01,9.990299822039445665e-01,7.933692657787416724e-01,9.959263496418935269e-01,2.467414437754426038e-01,4.596242334619132230e-01,3.059744953743764317e-01,2.219454872233342091e-01,2.147757899418037131e-01,2.049754308490566446e-01,6.256312408643540657e-01,6.557308780243666924e-01,4.392953185254660498e-01,0.000000000000000000e+00,1.498201011433676344e-01,8.675365699677786147e-01,9.710575128656930843e-01,7.825399418995387935e-01,1.830046256787742076e-01,8.008005432376534838e-01,9.363358008569178104e-01,9.683798760947667228e-01,9.873175907680662444e-01,9.964447198031058939e-01,6.227316220569476535e-01,4.790103050435973175e-01,2.261063654300021208e-01,7.176105347062703421e-01,2.702579363280798175e-01,-1.049322068628655291e-02,6.315961017971711833e-01,9.642668287406470640e-01,8.845012405904592034e-01,4.870897898245383772e-01,7.635095961421515254e-01,4.589509599344304136e-01,3.535856242615397771e-01,4.615507795709325456e-01,6.922365274896825627e-01,5.286261043983193630e-01,6.111525769978708444e-01,8.600756735845788148e-01,9.995534162428749703e-01,8.340136976871705965e-01,7.262909816010501007e-01,9.025712839699669976e-01,7.894790024795139693e-01,8.461942337316751273e-01,9.561976114385974945e-01,6.445522013987770027e-01,4.304324536514763100e-01,8.602090270957218898e-01,6.417505301365359349e-01,8.419076313933675504e-01,7.433614989849335331e-01,3.889144181276449341e-01,9.311966497795799436e-01,8.957097801695558248e-01,6.984118926907079139e-01,2.972323347253995052e-01,7.643599809782883892e-01,3.629156761667946540e-01,9.424720768759964340e-01,6.814878691430042990e-01,3.229675355272625392e-01,7.232038954807608055e-01,7.396231761641279823e-01,9.637035361736240313e-01,8.869191741755251268e-01,8.990051104767108336e-01,6.189773326849703494e-01,6.917084815722848168e-01,5.057853722952216913e-01,6.492747683271395953e-01,4.344794139134229849e-01,4.539811620515278867e-01,8.338581755796626860e-01,4.323484152100956490e-02,5.485019388515671723e-01,4.202374380920096408e-01,6.452373072807956467e-01,4.597400416194948880e-01,6.211662045355693662e-01,4.161344387477695084e-01,6.246776920465079153e-01
7.399126401009287202e-01,9.000618899975476594e-01,7.902720176722461964e-01,6.338234511354965406e-01,8.364520807152040494e-01,9.995656697126487078e-01,2.869516095796341704e-01,5.561434832530824934e-01,7.464021060957789500e-01,6.919877646481410460e-01,7.233292585025017374e-01,9.280510199201796873e-01,6.619134867569491654e-01,1.498201011433676344e-01,0.000000000000000000e+00,3.288181565114878246e-02,5.375605842518892397e-01,4.707761443889185715e-01,6.738748572236354928e-01,9.936713989639166522e-01,6.050666875189986138e-01,7.079358442096530535e-01,4.619261611078631091e-01,9.051375586918066762e-01,5.716249411850731210e-01,9.927643624212090234e-01,7.819554980519455301e-01,7.825500398105292854e-01,4.380083603717303542e-01,2.408224155069331462e-01,-1.113789771452403654e-01,2.626484435482088209e-01,5.297261343184173077e-01,6.990650443124034608e-01,9.183739547670064507e-01,4.997425400539688423e-01,3.268901005694265782e-01,4.295203385605141366e-01,8.358620829261673713e-01,8.418944882011809572e-01,6.876819359309320756e-01,2.790689217092412466e-02,8.759561253756319443e-01,7.999014261856463026e-01,9.731547172573395965e-01,5.169494113512995703e-01,9.344984268233900160e-01,4.543244392686778821e-01,5.811741417267587417e-01,7.612910924241987898e-01,9.373689633774664465e-01,7.592784420008411583e-01,8.959100967090374290e-01,4.521801019861873550e-02,4.541862003494068212e-01,9.416546598868138496e-01,4.220559995641274820e-01,2.768319394156030788e-01,7.480712491448662238e-01,6.092497198391858548e-01,7.722771008232874879e-01,6.092607223599000310e-01,3.324710984409479098e-01,5.671101804735424468e-01,9.352250757224241928e-01,8.131864944067410672e-01,6.685581139581622256e-01,9.608955858423029461e-01,7.961161383644212997e-01,6.569031047051365757e-01,9.397476640187083508e-01,5.482501455588028039e-01,3.011997875391003721e-01,3.827017993739489365e-01,8.322534524958191682e-01,5.382331692647941424e-01,9.968842405272619889e-01,-2.087041911653808590e-02,7.036806716274335294e-01,5.168417272163114973e-01,4.789493766353095094e-01,2.448790837132928111e-01,9.849359407360770424e-01,2.962818623687732411e-01,9.372545736928914462e-01
8.650232318838424472e-01,-1.698467500872363478e-01,9.585749402950448639e-01,9.583866004152832296e-01,4.207210165982069316e-01,8.859643500444098763e-01,3.866368930037057394e-01,6.177171953133393512e-01,4.374605459659258178e-01,8.255134374219934568e-01,8.564399608032506883e-01,8.452827566154241801e-01,2.331897717202264242e-01,8.675365699677786147e-01,3.288181565114878246e-02,0.000000000000000000e+00,6.730820723823254248e-01,8.277991163512207207e-01,5.205499446713239831e-01,6.053265308201025707e-01,5.219310346513050813e-01,7.269423875915961286e-01,7.044448472554943885e-01,6.712637919123081165e-01,8.744684444524625233e-01,7.676170941920599233e-01,-1.671641170417414168e-01,3.266910425977037624e-01,4.276324296040326933e-01,5.887593975957221559e-01,-4.974600577653753852e-03,6.573741417773453222e-01,5.012864484994754566e-01,6.533912673614674649e-01,1.455413238782728436e-01,3.637349696879035310e-01,6.270967439683236000e-01,6.415813015158904342e-01,8.243046500269483046e-01,7.707198445627093664e-01,4.827583791321032880e-01,8.634850944684030472e-01,9.898218466141923688e-01,6.592379869147083626e-01,8.005168422011623708e-01,6.863704509754325889e-01,7.743453629891422496e-01,9.293355801162128671e-01,6.600256209458734702e-01,6.748495177269335787e-01,6.751558257636189886e-01,4.151402779725981151e-01,7.790523756915358478e-01,9.760940207489834375e-01,6.740165548118236538e-01,7.611304898511148664e-01,6.274454614757888349e-01,7.730238749660696129e-01,9.016344669090075037e-01,4.349939281923519419e-01,3.277628864311031842e-01,4.782458901934295570e-01,7.770271140819883238e-01,8.731622700446750596e-01,6.655202591112241439e-01,2.906590887114503530e-01,9.897370303643993061e-01,7.560838532870066686e-01,6.508864089696473343e-01,9.748538846443505212e-01,7.377262627643808024e-01,6.882514269353526837e-01,4.322126190352898467e-01,1.397115254833190545e-01,4.070036073741815086e-01,4.859754854285092303e-03,3.571283379743604436e-01,9.489917554869782279e-01,1.589795801517052687e-01,2.846763317314922048e-01,7.817114141893402035e-01,8.592206093188210492e-01,9.486467513844691890e-01,3.081098267632820797e-01,3.553310754323531218e-02
9.241824772014072265e-01,7.874655128633882839e-01,4.610608915410196462e-01,8.110239879964188381e-01,3.086345737948897883e-01,8.821175862885537455e-01,6.735649441041039465e-01,8.082933680064163795e-01,7.666582059857155462e-01,7.524675424668798573e-01,9.070611606703876673e-01,8.003293883837477862e-01,9.347723541935367697e-01,9.710575128656930843e-01,5.375605842518892397e-01,6.730820723823254248e-01,0.000000000000000000e+00,7.353886903299944322e-01,4.451552123206091172e-01,4.712869850961137197e-01,8.996747526142973017e-01,9.472558867287640405e-01,8.404927065194283120e-01,8.765814780771445935e-01,9.056919137231663752e-01,8.472216170781348143e-01,8.038462843782805400e-01,5.686228277079006244e-01,7.254807428432262784e-01,7.165448929221187591e-01,4.069791835449818040e-01,7.002446383816500752e-01,6.170522992261190387e-01,4.555767545399522223e-01,8.689638186692569821e-01,6.360916527222075789e-01,4.552196822571569768e-01,5.438639325760249443e-01,7.989955335532665792e-01,7.166675722051980557e-01,5.110791086087425050e-01,6.910601432753201712e-01,6.620419761116546065e-01,8.394781563328324037e-01,7.804800683319186305e-01,2.979049346859953262e-01,8.933765878290463869e-01,7.219565282377577997e-01,7.127806755611995060e-01,8.957872454742600299e-01,8.390508931625083600e-01,6.423618571816378520e-01,8.243217397209705588e-01,9.732545882410966742e-01,4.193439751914023184e-01,9.805756118870974092e-01,6.952016331586471365e-01,1.592805291220879826e-01,9.997781180862077566e-01,7.273611478093846561e-01,7.395656767276141963e-01,7.436923082407029817e-01,6.801902786126363676e-01,8.954891165395465480e-01,8.826492720813493564e-01,9.815536183312609797e-01,6.969197501611175127e-01,5.070713098874434221e-01,5.983354270091247873e-01,9.124728847920248187e-01,4.992783347038515784e-01,7.168434821329111584e-01,1.949062877152052398e-02,4.893592062615985672e-01,5.444357144912642665e-01,8.614193183142232479e-01,2.368887034708979378e-01,7.237310085970360962e-01,6.923223695428108726e-02,6.394689154645319396e-02,9.290624411647676606e-01,8.530976477939888891e-01,6.429668775828154548e-01,5.060412185901804749e-01,5.844580006749990897e-01
6.675380145052260961e-01,4.083863249700860898e-01,6.500115779330446486e-01,6.141142108333883520e-01,6.222389541200042951e-01,5.630049527806791909e-01,6.705101768639663007e-01,8.081023677572160002e-01,5.132341021669910575e-01,9.115600879605226803e-01,8.443273686281815849e-01,7.005069977814277760e-01,9.017167756770581022e-01,7.825399418995387935e-01,4.707761443889185715e-01,8.277991163512207207e-01,7.353886903299944322e-01,0.000000000000000000e+00,5.803562995362880894e-01,6.452670360528659499e-01,8.277246864743643684e-01,6.251368141476296714e-01,3.085092168383090083e-01,5.760922353331592305e-01,4.377383709161602465e-01,4.087649680907382010e-01,7.445846658778217941e-01,9.427404401342253104e-01,6.677002207429613145e-01,3.329486685030175197e-01,7.516732390475714398e-01,2.752284624241304600e-01,4.927083428822831568e-01,8.785554989162067674e-01,4.923988308215299092e-01,4.483825227134854430e-01,3.051235242834257622e-01,6.476196249601261501e-01,4.878528675070816223e-01,9.818954035139100256e-01,6.744701782378765831e-01,7.150862820559225064e-01,8.277719490252866130e-01,9.052646532015837799e-01,5.091685483719542438e-01,6.109803237749980021e-01,6.477372421720204443e-01,7.666264760937985256e-01,4.444069678810756430e-01,6.034191547886129658e-01,-1.377515127479742307e-01,7.252066268483502443e-01,9.389275167617479045e-01,8.264343166365462068e-01,8.447630494989891714e-01,8.115198947254717021e-01,6.616465903260125847e-01,7.533271726722104988e-01,6.833952714879697465e-01,5.123863735793146024e-01,3.528329940904532114e-01,7.204794399930102289e-01,7.592950308052062169e-01,8.251089587013588078e-01,8.797826817774706543e-01,7.388162627073284749e-01,6.341806795706378397e-01,8.933680797126789530e-01,9.968479330262390581e-02,3.337524813424501691e-01,8.333780287665850661e-01,8.182627079690512062e-01,5.960490754520210155e-01,4.086301086904299273e-01,7.542361490211617614e-01,7.680658594601260658e-01,8.842307842537371343e-01,6.279710977792862803e-01,3.608748778673152025e-01,6.263681761556583183e-02,9.641154468469708139e-01,7.338722807803579329e-01,7.718485186863566216e-01,6.753684746170396554e-03,7.136996622442992599e-01
