0.000000000000000000e+00,7.908522951302375814e-01,9.780885175601430337e-01,5.304635715073370283e-01,6.525984461320906149e-01,6.869848299926560875e-01,7.333729425035873106e-01,8.157113332895551405e-01,8.961768661767967048e-01,6.311348612693336024e-01,8.474209807278211271e-01,9.724038239154004781e-01,9.859228889620961223e-01,4.403952004487191596e-01,8.598459108071305756e-01,7.905800345296420950e-01,6.970719345100749864e-01,7.506393457104445499e-01,9.523660133952775997e-01,9.176276704539138018e-01,6.824994967760479314e-01,6.819422862832866805e-01,6.099077259788677763e-01,8.486305940656759805e-01,8.452243769185713296e-01,9.746163041748516775e-01,8.641557841028528753e-01,9.741269647534667175e-01,5.721400157628786509e-02,7.271980450647248517e-01,6.367200237010641750e-01,6.420970302172098743e-01,7.437762005044146196e-01,7.774053441244521689e-01,9.204338846984764233e-01,4.955944581012515227e-01,2.595362146772863254e-01,7.552227672309123063e-01,9.032229190643176198e-01,2.799945052439212212e-01,2.935351044933940390e-01,6.165556567399813614e-01,6.296586249356509457e-01,7.174498482633588914e-01,9.409267074904392736e-01,9.309598366525871915e-01,8.159266705119486707e-01,7.682986127016382394e-01,4.929836432798839763e-01,3.660005566546933320e-01,8.963495693061726000e-01,6.656213622876099301e-01,8.711152407174846957e-01,4.830374982255207783e-01,9.765153549804648225e-01,6.566086555438110928e-01,9.694807806025873553e-01,7.757087140797561675e-01,9.115814989144970237e-01,6.854756594890456523e-01,3.401500025203971767e-01,9.796659930906833624e-01,9.667341443373085319e-01,5.348099870163527392e-01,7.024084161869106335e-01,6.615154648714204333e-01,8.407835025470804524e-01,8.672436308286654016e-01,4.827311607505729851e-01,7.107803110788002421e-01,6.467754334659007176e-01,8.518381301045711007e-01,6.410488897047230683e-01,3.464476592496125162e-01,9.589207396633019354e-01,7.298954485420147131e-01,6.867101301302349636e-01,9.444871985133672654e-01,5.547087927858761480e-01,4.600162127476089546e-01,1.615977804873569290e-01,8.696373915105587438e-01,9.318574198397969743e-01,1.918810772814276769e-02,9.839264691267368690e-01
7.908522951302375814e-01,0.000000000000000000e+00,9.254259811747610476e-01,7.877279542716935090e-01,9.297890082503701414e-01,5.903994266313039585e-02,5.319354351452576513e-01,6.851704720934445048e-01,4.413801663829173827e-01,9.106843066899432682e-01,5.283405916221538545e-01,7.842691455535645284e-01,9.091885001406407874e-01,9.710054630009335996e-01,7.152029478295915954e-01,7.429816938203238630e-01,5.683107561620205361e-01,5.716001594969745137e-01,6.235715963395093153e-01,6.175244306896626734e-01,8.896356665432623156e-01,8.813174533765247842e-01,8.538965189137380785e-01,7.106482623065759618e-01,6.916917468444379047e-01,6.218030664748132041e-01,6.174318953120612186e-01,7.579026583088588342e-01,7.276726876765489127e-01,3.090970343017835908e-01,4.615996960919348940e-02,6.584786887754827678e-01,8.837123650286708987e-01,8.810233998635902397e-01,9.606485451906390249e-01,4.417832469162422671e-01,7.986392043634451543e-01,8.370935790683261546e-01,9.770563061999083532e-01,8.786566555037829129e-01,5.165482587124708980e-01,9.271115576330721808e-01,6.448866204878215269e-01,6.564366460067747600e-01,8.904369922965633677e-01,6.551599444397433469e-01,7.324071903961277830e-01,7.903209448182444419e-01,4.629921026796114947e-01,8.167988826336138874e-01,1.810286022146454510e-01,6.954717274607306043e-01,7.915859246963703466e-01,3.590266388072239079e-01,6.004376714797888814e-01,7.082963458575973759e-01,5.886467608005094831e-01,7.576909693512972055e-01,6.411967246654791674e-01,5.082822179342471047e-01,7.715926066060935229e-01,7.758624573783804435e-01,8.758352320752539333e-01,6.258126591991599597e-01,9.894266644723519466e-01,5.437301033484014390e-01,9.079381267235459019e-01,7.166214051666182083e-01,4.006094450267674856e-01,9.342144196339225992e-01,6.282504728806258543e-01,9.787341155193365339e-01,3.885530495088254099e-01,7.795711635462365674e-01,7.573570831170598483e-01,6.865866464045444761e-01,6.349505416101074440e-01,6.218563352757915386e-01,6.352320214103551743e-01,7.430385110200558030e-01,9.740220963818146949e-01,8.054495395815276515e-01,8.862309806199121232e-01,7.724963411776948341e-01,6.089386057180118383e-01
9.780885175601430337e-01,9.254259811747610476e-01,0.000000000000000000e+00,6.777745226998975747e-01,5.578875916701547810e-01,5.928043096892900987e-01,8.384349966714880198e-01,7.187391734738601823e-01,9.271148564282593041e-01,7.199783812850998332e-01,6.339202296096106970e-01,8.698369135769735694e-01,9.787132441267540894e-01,6.347521173460823896e-01,2.097048553546706218e-01,8.145705817513457792e-01,8.334639153850648130e-01,8.398395743558942916e-01,6.345588185527986091e-01,2.874779299483143924e-01,7.355072438991459016e-01,9.568105179886075007e-01,7.067309570181979916e-01,6.779405271996090665e-01,9.617676417038243386e-01,9.188502194936615242e-01,6.481925484206660926e-01,8.277292549411362499e-01,5.434218393835111849e-01,6.608355549949294083e-01,1.886443622701382272e-01,7.764302574547389257e-01,6.137353481677851885e-01,7.639914151521495222e-01,7.487278766357339244e-01,9.970751080512010867e-02,5.443056832389948640e-01,9.992512010676473100e-01,9.436726039589988790e-01,9.161587858797846096e-01,3.772108383260376341e-01,5.739494669137270577e-01,8.042812841628820264e-01,8.046758994967893042e-01,6.943327113107009563e-01,6.034376672073640258e-01,7.803981539481272822e-01,8.985563699256541303e-01,6.603199677697509928e-01,9.016823347677607181e-01,4.756162583700088153e-01,8.293869282715129465e-01,7.913891104174722857e-01,7.962460949871611460e-01,2.869068743093388663e-01,7.495838947796422680e-01,8.980398454427712673e-01,8.446926658531735965e-01,2.100564303483062889e-01,4.274941178228809369e-01,1.362499697247656349e-01,9.777348735585909001e-01,9.537812715624448545e-01,8.250923484140634256e-01,9.352653993708397451e-01,8.381278869147563704e-01,6.833186273331179894e-01,4.055502837666888905e-01,9.751477920684745726e-01,7.649954713358381175e-01,9.933700940746839070e-01,5.500760890467530917e-01,5.225211861645087108e-01,4.477029278611395768e-01,8.297647957889408010e-01,6.080547274805581104e-01,8.456851327564474108e-01,9.075346858952751949e-01,5.908896551641386052e-01,4.402325549428670604e-01,7.142042059235726992e-01,9.754251510131666247e-01,8.133748872278341313e-01,9.793887096500122347e-01,6.038099589047235538e-01
5.304635715073370283e-01,7.877279542716935090e-01,6.777745226998975747e-01,0.000000000000000000e+00,9.019083473937993256e-01,9.154242759638911986e-01,8.025956112486889449e-01,8.958204498479203082e-01,4.766502478178131219e-01,6.391725005268739102e-01,9.783065408000293228e-01,8.676456035338662165e-01,2.685872967994147320e-01,6.443829178031555971e-01,9.955825240058482350e-01,5.857356876680657187e-01,4.896991258991082452e-01,9.625330593417211755e-01,6.969033153928633206e-01,9.020765971048244625e-01,5.266040439990433697e-01,7.058111739767281012e-01,8.946457749292691108e-01,8.533885853852041237e-01,7.249497011827283899e-01,4.628800701685629182e-01,9.916827977397513205e-01,8.016440431484848084e-01,7.319282755191524048e-01,4.146555456863836309e-01,1.594226847109805334e-01,7.779050683869684901e-01,6.435644379786724656e-01,7.694855752413940486e-01,5.249871809411276180e-01,4.788112416571404378e-02,7.536622306081702805e-01,5.360688961637751770e-01,5.542689819614833313e-01,3.616839017237550302e-01,7.111185888333378946e-01,6.098399172610566854e-01,5.750861978065462399e-01,7.065332264588771727e-01,8.775627392266310833e-01,7.298208953305317381e-01,8.937094733242931799e-01,6.695009560269872262e-01,4.221618816889240455e-01,6.878467322264859574e-01,8.912862002835433284e-01,7.646917383254905332e-01,9.623432876288533500e-01,7.094104063798697402e-01,9.196187304948060248e-01,9.426790294896137956e-01,9.686729824178885728e-01,8.798723030984944016e-01,8.373519798308243223e-01,4.675774252016955956e-01,2.657317220495105659e-01,8.234206328475431880e-01,5.842949556600172123e-01,8.966113924846043082e-01,5.668765013517478302e-01,9.707044502558660470e-01,7.528977654240508466e-01,6.068039918441304748e-01,6.308553218841239651e-01,7.608509381061938637e-01,9.060139074134243575e-01,7.024039882196856377e-01,4.100513086969883036e-01,3.475305149009044747e-01,6.590892003331050297e-01,6.793539471613636582e-01,9.957786774177392886e-01,6.071507944971454851e-01,3.824594991189744775e-01,5.661506702786344158e-01,7.052178706276217568e-01,6.266618372804374504e-01,8.594648920675431736e-01,4.124599914331935624e-01,7.962046651633200023e-01
6.525984461320906149e-01,9.297890082503701414e-01,5.578875916701547810e-01,9.019083473937993256e-01,0.000000000000000000e+00,5.097799863210239479e-01,3.115558562854373048e-01,7.967246779612131569e-01,6.170299461372191763e-01,8.244698498407370124e-01,8.113294904815401276e-01,5.633378072493042676e-01,8.425208178374223866e-01,8.700132887926047554e-01,7.314951068074870832e-01,8.690290345085437407e-01,4.685471013038232657e-01,7.769276557700943719e-01,7.606747966407445549e-01,9.969539779698728399e-01,6.488410044428580825e-01,6.425752735149958816e-01,9.851253758159611573e-01,6.661185220727739997e-01,9.037337700855849754e-01,9.456487087927203383e-01,8.218467588036033611e-01,5.185909285525246437e-01,2.818695807747985116e-01,7.391695216349998265e-01,6.082775568423710866e-02,3.844680953420576142e-01,5.535863958119591199e-01,4.145034727829415844e-01,9.121700043238090139e-01,7.604723935563352244e-01,-8.782000351530899751e-03,6.897116298559525793e-01,9.741140730067607834e-01,7.805767502209781661e-01,2.748624369843709614e-01,4.262761053404007239e-01,5.338106901515673464e-01,6.012849282721429711e-01,8.336455688483650484e-01,9.824077670998855316e-01,9.236260496093096073e-01,4.175198632042425029e-01,8.807106108083587737e-01,7.533597531831071059e-01,5.360957858238175611e-01,6.828863368752574603e-01,6.618214884941310272e-01,6.389924768968209268e-01,9.139184045867225770e-01,7.333943880385984659e-01,6.863098121732963408e-01,5.075698399617389889e-01,8.874572026057556684e-01,6.569528453679351898e-01,4.317369237279007899e-01,7.778847491269007541e-01,6.114304873128204587e-01,1.097383412173794093e-01,7.043562673840557675e-01,7.963407161808442325e-01,9.690273498384026629e-01,5.563899245165122576e-01,4.747360143229411023e-01,4.192324612903025605e-01,4.025690262272539899e-01,6.053073458283725339e-01,8.159145995221537273e-01,2.850445417017318239e-01,6.836591986756781480e-01,7.191264885074963864e-01,7.436989102263595885e-01,6.864208191236960133e-01,6.662260155081238810e-01,2.849151270674663561e-01,2.767336775355766498e-02,8.582525674547962780e-01,6.861666818316265459e-01,2.603190112808087195e-02,9.277496285744557536e-01
6.869848299926560875e-01,5.903994266313039585e-02,5.928043096892900987e-01,9.154242759638911986e-01,5.097799863210239479e-01,0.000000000000000000e+00,4.586978471290847903e-01,5.433630860453456668e-01,2.182238465455829113e-01,6.611279360022559448e-01,7.347989265318608521e-01,8.097130685211217926e-01,5.390821488768748893e-01,8.132856572655209337e-01,5.837722981663614474e-01,5.345751748299705230e-01,6.380401495474895546e-01,8.317308605771805974e-01,7.566274196865121482e-01,9.002578560949927589e-01,5.852794252541270170e-01,8.019241191375037214e-01,9.710032337975798011e-01,5.369094317401437166e-01,5.125676923339123059e-01,7.530588846277715964e-01,9.412575457892187192e-01,4.855350161193541236e-01,9.596307018915281040e-01,6.263113642141800996e-01,4.940564575943502401e-01,7.314213887923334267e-01,9.537120547134690929e-01,5.302845369973976375e-01,4.319125665851513141e-01,3.762276016933830958e-01,2.485042038970241840e-01,6.979105472349156347e-01,6.743291391486189168e-01,8.989362450173083996e-01,3.035267964362208803e-01,7.915696694295633051e-01,9.972876496846700967e-01,9.350772806096570022e-01,9.393700946017639053e-01,4.611448421238356632e-01,6.609670145672369435e-01,6.950014686581461598e-01,5.616958014074271421e-01,5.896411580523157614e-01,8.508795906114591245e-01,5.763095966796348835e-01,7.070932923495570899e-01,9.886143141905912035e-01,7.839462625810178498e-01,3.619747834815681964e-01,6.676171087978086671e-01,1.104074347848300885e-01,2.850573284626972681e-01,7.930777639226269660e-01,7.716007226704527655e-01,4.337232061573716990e-01,7.393905309740774756e-01,8.138547058280730662e-01,6.850612402163382963e-01,9.551155137706912601e-01,7.325404392456510427e-01,8.601673422841498162e-01,4.329725016636474244e-01,5.265461505560551370e-01,8.333947323654036232e-01,9.448862648411162635e-01,5.405866877302425433e-01,1.691041465231199747e-01,2.858024746584167386e-01,6.282325219747910694e-01,8.712594230819508123e-01,7.803896615289916960e-01,-1.523831666800269102e-01,4.121365445675577721e-01,6.975372953474665572e-01,2.454203232907827270e-01,6.912568232276322666e-01,6.771847591093986818e-01,6.942832534106500031e-01
7.333729425035873106e-01,5.319354351452576513e-01,8.384349966714880198e-01,8.025956112486889449e-01,3.115558562854373048e-01,4.586978471290847903e-01,0.000000000000000000e+00,5.485503199003736174e-01,6.590298936970145904e-01,7.181621688706077977e-01,2.423999175411504503e-01,5.822363769307516979e-01,7.244777075145272249e-01,4.879704317574010686e-01,1.022058165406132361e-02,3.021181069597489444e-02,6.085846921064328452e-01,4.511551251177646771e-01,2.101451372147710717e-01,6.047622580225704425e-01,7.564022300717404557e-01,4.197469865616845208e-01,4.025145144937122832e-01,9.897273112662454686e-01,3.723303282986043516e-01,3.337691183380308013e-01,6.355036766287074368e-01,4.638879035658037830e-01,1.924118932041448127e-01,6.648763682135114816e-01,3.614147996485834735e-01,7.746762771639212897e-01,5.764168059130934108e-01,2.669816370364475611e-01,4.329315971907237715e-01,4.779054863160747124e-01,7.360387056738885159e-01,6.865201196899419767e-01,6.748404541079460195e-01,3.908510884950812669e-01,6.016087972718987542e-01,4.868706366974598909e-01,9.957608958875774352e-01,4.902726526548583097e-01,8.919729757862155939e-01,9.383497855525926301e-01,4.593358735053244546e-01,5.491679848449657619e-01,2.930799010365459645e-01,5.690610012117951477e-01,2.789034834166326249e-01,3.973112162240993728e-01,1.858318514932916776e-01,7.169610708040898839e-01,8.721766044555157027e-01,4.522602899679149524e-01,3.049871699544871029e-01,4.012914076080405512e-01,7.413437608995034900e-01,4.579791973243471093e-01,6.122679588592612188e-01,4.782869463089119977e-01,9.602990965555036063e-01,8.603628533525430333e-01,6.669954199622237789e-01,6.121844577826953682e-01,6.909067888460682649e-01,7.275614341005325336e-01,8.630483385639307059e-01,4.018080756186792613e-01,5.541812169141223654e-01,6.152287614232295754e-01,6.103271888158344760e-01,6.969167521819664701e-01,8.907790388977797624e-01,6.993915895506550573e-01,3.904232582915634353e-01,6.726200785109246461e-01,1.862512936888233162e-01,7.444343935367948584e-01,5.528780194642822776e-01,6.971142364978374362e-01,5.927582457225646362e-01,4.116915392621744441e-01,6.219318207839187318e-01
8.157113332895551405e-01,6.851704720934445048e-01,7.187391734738601823e-01,8.958204498479203082e-01,7.967246779612131569e-01,5.433630860453456668e-01,5.485503199003736174e-01,0.000000000000000000e+00,4.480501787088416177e-01,8.538392504096606883e-01,3.578654129385571148e-01,1.905622776779192784e-01,6.514208224524624669e-01,7.824397073751807596e-01,6.149265717481878779e-01,2.870604354512752421e-01,9.987630019522982794e-01,6.578713010556894725e-01,5.150668909242532845e-01,1.447576706500440791e-01,6.802683635353072855e-01,5.502432725581959394e-01,2.872457199203711786e-01,8.617027583103167299e-01,9.922609742136353495e-01,6.504425913300713180e-01,6.546426709625547957e-01,4.261872760905991431e-01,6.389258410673096522e-01,4.512444398114278665e-01,5.108379300346210794e-01,8.459962967250679311e-01,4.281573306395832779e-01,6.745134118372994037e-01,7.492306555565945159e-01,6.029333586425416058e-01,2.522380783984777830e-01,7.340986604327055520e-01,6.742442694153590876e-01,6.438038684402660472e-01,9.114231031777505487e-01,7.354773975552507670e-01,7.944176000002204363e-01,4.721122476382392796e-01,7.048706238250004308e-01,9.492939447530663877e-01,9.370459723672972530e-01,6.902752965341107938e-01,6.848284201685406192e-01,3.476158469231241943e-01,5.922783573588815687e-01,5.428989701115448652e-01,4.040064642967297059e-01,5.408002689676512098e-01,8.526812861910186836e-01,9.463690746189616920e-01,8.659925924683569143e-01,5.679206627222942450e-01,9.385785371394731458e-01,3.550493322373023952e-01,6.703651708789786223e-01,2.384514186384731338e-01,9.366759457878977291e-02,8.559190738417341571e-01,8.348123284863911975e-01,1.744230513390780390e-01,8.078143458330212523e-01,7.458133515651625967e-01,4.364690122399667027e-01,1.095980996559957066e-01,3.596892918794131200e-01,4.500491171042201866e-01,3.622311220178999203e-01,2.426511579677252672e-01,6.950525777240572634e-01,4.684510928189520307e-01,7.485376371316424526e-01,9.264932228030275940e-01,1.389090642093378514e-01,4.940787751956924323e-01,4.346762813787146684e-01,5.661868375444205626e-01,6.757544168052651568e-01,4.716067204117554978e-01,5.213258196536373346e-01
8.961768661767967048e-01,4.413801663829173827e-01,9.271148564282593041e-01,4.766502478178131219e-01,6.170299461372191763e-01,2.182238465455829113e-01,6.590298936970145904e-01,4.480501787088416177e-01,0.000000000000000000e+00,3.814498860416208337e-01,9.703485044603137322e-01,8.182474358684233007e-01,8.494329221305764177e-01,1.448522150531975361e-01,3.653933377074178868e-01,6.316618915046565697e-01,3.509993674736927582e-01,8.412988328944147609e-01,7.133000225144074946e-01,6.525988504008213287e-01,8.399433263166828922e-01,7.834332170028912579e-01,3.978344878089483672e-01,6.648090848737184810e-01,5.499447927362294264e-01,8.689171505555752795e-01,6.519677351673192067e-01,8.588654286732422261e-01,5.841709886018552345e-01,5.959928449175400100e-01,5.246006762275453594e-01,2.181508610668014270e-01,5.414143505782801347e-01,5.588295046155484780e-01,9.043152733375284802e-01,3.778220292001722713e-01,7.769177757662928396e-01,9.783967779349073135e-01,9.270750448857315584e-01,7.362472572570046836e-01,5.358090412344442832e-01,7.650524276080064023e-01,8.366986562362006552e-01,6.044097711076664714e-01,9.249785155196655895e-01,8.686844886730503701e-01,5.958452371228663003e-01,5.638334593652631899e-01,9.960712192875665894e-01,2.707089435093256169e-01,6.642629826183101827e-01,4.920464808702149084e-01,6.603793039274262477e-02,1.572485472842950205e-01,9.161945054431656077e-01,8.485993234919715356e-01,6.758664511577426870e-01,8.485808469632883932e-01,8.450487387743709222e-01,5.086359094583943197e-01,3.357812122215996231e-01,4.769462618288982658e-01,4.788137810617907886e-01,8.103559280632588457e-01,9.933300742050067411e-01,6.811522242505818614e-01,4.075023909888249030e-01,6.306606547208539748e-01,1.081902723703841440e-01,7.089582242607959106e-01,8.081203796027720543e-01,6.272171280791398740e-01,7.620811048811315658e-01,6.873997117608812157e-01,6.175831205484298980e-01,9.444073202863865202e-01,2.814270416058561319e-01,7.332729721785036237e-01,7.238000573257250547e-01,3.840340112638713777e-01,4.322268202126527958e-01,8.908322763091403029e-01,7.874140434889052020e-01,5.593052884126946678e-01,2.094756053328843126e-01
6.311348612693336024e-01,9.106843066899432682e-01,7.199783812850998332e-01,6.391725005268739102e-01,8.244698498407370124e-01,6.611279360022559448e-01,7.181621688706077977e-01,8.538392504096606883e-01,3.814498860416208337e-01,0.000000000000000000e+00,8.523214351607891759e-01,3.544329039224532185e-02,4.467890099942218862e-01,4.944360565042886790e-01,3.646212333488685342e-01,8.239266601372212673e-01,8.968111896537476202e-01,7.948487128849286432e-01,7.011247697874236628e-01,7.850672704232868337e-01,6.585908023893947139e-01,6.995261887092818487e-01,4.672546030382449533e-01,8.737566808007423136e-01,8.836208043382127730e-01,6.451116278813664451e-01,9.597965283710953033e-01,9.748322908873187087e-01,6.826398752248347135e-01,-4.757650279905834001e-02,2.004741881015559279e-02,5.451926975215481974e-02,6.775244149859759313e-01,8.015204019387395240e-01,7.846280046757664328e-01,5.459577491115481518e-01,3.688280392025133914e-01,7.234381583341016331e-01,9.854655493997211968e-01,9.893853870264175399e-01,-1.751402706911135421e-01,9.480928364096159466e-01,9.466320257692960594e-01,6.250679316975837896e-01,8.810361842239478047e-01,6.531745628540254200e-01,5.306220364035929560e-01,7.449000525162678965e-01,7.685531773634282082e-01,7.430167008803949535e-01,6.323655301295808551e-01,6.582812221950280485e-01,9.483479799737947191e-01,6.668501127265308304e-01,9.180064624964487940e-01,8.800607800566584427e-01,6.525880323779695846e-01,9.544869186558825325e-01,9.558875407440157179e-01,4.304042296815782098e-01,2.459019582395852166e-01,3.866715897469568120e-01,7.300477682478007102e-01,5.606032587370743947e-01,7.579350498885703002e-01,6.143249193157562793e-02,8.987442183231096893e-01,4.338101838564046853e-01,2.709287684814652430e-01,5.207164334260802052e-01,7.209633751681618907e-01,7.623270001233994897e-01,5.478749252815959814e-01,4.913118067295910718e-01,7.275092736297192886e-01,7.140996533164057913e-01,9.698643379930168562e-01,7.989941066329879771e-01,7.763036941379789502e-01,2.398627466809494513e-01,8.398622830460567013e-01,5.346527378851611001e-01,8.700033394646038420e-01,2.187899405009062215e-01,6.140858514562406167e-01
8.474209807278211271e-01,5.283405916221538545e-01,6.339202296096106970e-01,9.783065408000293228e-01,8.113294904815401276e-01,7.347989265318608521e-01,2.423999175411504503e-01,3.578654129385571148e-01,9.703485044603137322e-01,8.523214351607891759e-01,0.000000000000000000e+00,8.798304651032793355e-01,9.232790971710509442e-01,7.769284487470009548e-01,6.948042403510776843e-01,9.840458417692418136e-01,5.239366403825738150e-01,6.515540407909793386e-01,6.236732641130117161e-01,7.601193415872992132e-01,9.296114049592233419e-01,6.577378612047591888e-01,5.713027858146262350e-01,4.499555454344074112e-01,4.988537901239342709e-01,6.248595305214404982e-01,9.283556696164740885e-01,6.520066203702858942e-01,4.047421393753484198e-01,4.673555075207111997e-01,4.271626378956860370e-01,6.418245732926548541e-01,7.100171279079698916e-01,8.622897762879244699e-01,4.356141885197671870e-01,5.136009179548187698e-01,2.095269553961768561e-01,6.841328088914185868e-01,6.350756903631609163e-01,6.093422272707939014e-01,2.151583601997363593e-01,8.082304306829980467e-01,8.089044601963175651e-01,7.770642264051623727e-01,6.093242853788266578e-01,6.143429979222211346e-01,6.157906805322712618e-01,4.574220047264249134e-01,4.550969069141577727e-01,9.381458359668852776e-01,7.480627493790592553e-01,6.547268796677301328e-01,9.648264861936164394e-01,4.630988040993032628e-01,7.653761466387328793e-01,8.918808137242076328e-02,6.251237032791575610e-01,5.747157486247920222e-01,9.961978752518847458e-01,1.306785155987157665e-01,3.859890711593970680e-01,3.641394617892769747e-01,6.314041346548877609e-01,6.436001173455550006e-01,9.327217610273994541e-01,7.972696912256518331e-01,7.454886980283421671e-01,9.580782969952771344e-01,1.331652967760019179e-01,8.026682149912974795e-01,9.020951275162638616e-01,7.199658314428526440e-01,3.039534442800210234e-01,5.376225489409972580e-01,5.035821234286926851e-01,9.320753940013541960e-01,5.243822715948599500e-01,7.881645685098543908e-01,4.919228547005394803e-01,4.347519863171882548e-01,1.899606747130541395e-01,5.897969840664863961e-01,6.717427316396181736e-01,9.823791312477510029e-01,6.025708983898404592e-01
9.724038239154004781e-01,7.842691455535645284e-01,8.698369135769735694e-01,8.676456035338662165e-01,5.633378072493042676e-01,8.097130685211217926e-01,5.822363769307516979e-01,1.905622776779192784e-01,8.182474358684233007e-01,3.544329039224532185e-02,8.798304651032793355e-01,0.000000000000000000e+00,4.190003000779527476e-01,9.674161654030143387e-01,7.073006577540320583e-01,7.046830696283366002e-01,4.310200029156557311e-01,6.421148999114189015e-01,4.585109007025833239e-01,7.661145757595961836e-01,7.429837371432812532e-01,1.900834771602854523e-01,8.504961489676250430e-01,4.471508787629387971e-01,2.784089034234159543e-01,9.597001354995191580e-01,3.690921394801541799e-01,4.818800508083957435e-01,7.738799128965865304e-01,3.210640559627198631e-01,2.320291581711771689e-01,6.052398087798562809e-01,8.948123656078827981e-01,9.868029244134881584e-01,6.409105623877573432e-01,4.908823720683312408e-01,7.833268008756311129e-01,7.590785286907766327e-01,9.895270864373273412e-01,9.040195947137728005e-01,4.154419354542692178e-01,9.588421574685010995e-01,8.878284913303309267e-01,7.020822107622347596e-01,6.850458449775357339e-01,9.928995407708671728e-01,9.913312703537238146e-01,9.845709922623403498e-01,7.940507523807088797e-01,7.312447180820333958e-01,2.132869064673096338e-01,9.800270055337109154e-01,6.085185645718804714e-01,5.321319331735285818e-01,5.679089945161865938e-01,7.107497659075497909e-01,7.273837454935482283e-01,6.673151070341498681e-01,6.626573456830459063e-01,6.315482906834734012e-01,6.750054844484048022e-01,4.839022916380978923e-01,6.824786811801469844e-01,9.326572071466068259e-01,9.815304755159112160e-01,7.020405738011139540e-01,5.340383015745606698e-01,4.664664770049848919e-01,3.750056808640426231e-01,8.768161697361990248e-01,5.569313502683556072e-01,5.048828512225798093e-01,6.767492991657533263e-01,5.693485074061357398e-01,7.972531444742254891e-02,7.610698036956755619e-01,4.799072223289169159e-01,9.207898145768094178e-01,5.889612107541297714e-01,6.238463138712623257e-01,4.282856975958885815e-01,9.270048156504316905e-01,9.698654154535288896e-01,5.181356818184300606e-01,7.893900785817653531e-01
9.859228889620961223e-01,9.091885001406407874e-01,9.787132441267540894e-01,2.685872967994147320e-01,8.425208178374223866e-01,5.390821488768748893e-01,7.244777075145272249e-01,6.514208224524624669e-01,8.494329221305764177e-01,4.467890099942218862e-01,9.232790971710509442e-01,4.190003000779527476e-01,0.000000000000000000e+00,4.948823080544259567e-01,8.195135311015607771e-01,3.770095470165860663e-01,8.204666369300894768e-01,7.949790844627957487e-01,8.289234150531142875e-01,9.793395867147525191e-01,8.481788512857769691e-01,6.757435623637280120e-01,9.126272018327643565e-01,9.203929239411565710e-01,4.304401570174059000e-01,6.941180719182702408e-01,7.919861272929062945e-01,4.044423401946137808e-01,2.249670696570247319e-01,3.407553586793631295e-01,6.527563911739888702e-01,3.407276979592981370e-01,8.973973523597915669e-01,6.827090001435082156e-01,9.034234552491147152e-01,5.587095960590282573e-01,3.979397994660562876e-01,7.355974918255557826e-01,8.125369482640759644e-01,8.430996826777054087e-01,3.334794874262914099e-01,6.198198829763588158e-01,8.974134204812844740e-01,7.423803046604086076e-01,6.222474414699793455e-01,8.893322432615780038e-02,9.645381004865103414e-01,8.816908140220854895e-01,8.561640259785860962e-01,7.259096891881993141e-01,4.706141978039232177e-01,5.023890261024701598e-01,6.067653209125143388e-01,8.937582332110870498e-01,5.720498242394495003e-01,3.352847380013763701e-01,4.453329848885520525e-01,6.408145857288332081e-01,4.235082556022315425e-01,4.397635337343125950e-01,5.187162830634834965e-01,3.880083926695665486e-01,4.803773774399521246e-01,5.759096615636702943e-01,6.579770739739375651e-01,6.406780568794504527e-01,7.163279210334176916e-01,4.467525555672585691e-01,4.136268319105964597e-01,9.103706057031740739e-01,6.716398590002603530e-01,6.848174758896162784e-01,5.120464407798811513e-01,5.183005361273823608e-01,6.820224691850943488e-01,8.859173524665960864e-01,9.671431345560537185e-01,5.320016758703900450e-01,3.473734896381974746e-01,3.517465715137038651e-01,9.784051192134910480e-01,9.948152184552478960e-01,9.495105285252395388e-01,2.926391560731697039e-01,9.997134033834587097e-01
4.403952004487191596e-01,9.710054630009335996e-01,6.347521173460823896e-01,6.443829178031555971e-01,8.700132887926047554e-01,8.132856572655209337e-01,4.879704317574010686e-01,7.824397073751807596e-01,1.448522150531975361e-01,4.944360565042886790e-01,7.769284487470009548e-01,9.674161654030143387e-01,4.948823080544259567e-01,0.000000000000000000e+00,5.175200874898971959e-01,4.080982712193061412e-01,8.974892878705803545e-01,7.948698116873383901e-01,8.085562314738885537e-01,8.844317628687116128e-01,8.792572277013974702e-01,6.234683679444357196e-01,3.270557776762347268e-01,7.664970638405934622e-01,4.759076408859975738e-01,7.861405106707978208e-01,7.218782558278004080e-01,4.724157351183639331e-01,5.763059981578848578e-01,5.765618116486599387e-01,4.926107757525279851e-01,6.203255653135011372e-01,8.563310371652009811e-01,-3.027166162724628795e-02,8.185839999316726345e-01,5.188989217064616799e-01,5.639475302439689308e-03,6.262523038025649136e-01,6.240423583972911636e-01,8.153744687863986318e-01,5.649439983392547937e-01,9.014103852166235331e-01,8.109350083341044790e-01,6.505113930615840090e-01,6.336841090603115845e-01,8.184162751384227441e-01,5.506434026994273534e-01,7.027335703066568406e-01,4.148495782229404405e-01,7.764667468453873012e-01,9.143742287029950067e-01,7.091297755207220943e-01,8.903172805876402585e-01,7.538647864369487639e-01,6.913740177966974931e-01,9.134298017523279078e-01,7.509714309595599824e-01,8.715334810790129616e-01,6.909375062291999159e-01,5.641021394104984710e-01,3.869168420960374943e-01,9.219770883680994400e-01,5.763286518051760066e-01,7.696554481639066303e-01,9.330081901946207790e-01,9.665139596457070770e-01,8.770232128871962018e-01,7.629624957334727453e-01,6.794097484989870539e-01,7.264116980628356757e-01,7.415343238781419988e-01,6.132386378988091691e-01,4.838715626924707802e-01,5.486894200332450566e-01,8.314768630444725472e-01,5.377203901595275504e-01,9.527079800807497501e-01,5.743448777509007064e-01,7.025037849207216301e-02,2.604432500553523488e-01,3.259569834371560115e-01,6.853146481455627548e-01,4.189477408588597185e-01,4.968114304482757482e-01,6.493715958184163028e-01
8.598459108071305756e-01,7.152029478295915954e-01,2.097048553546706218e-01,9.955825240058482350e-01,7.314951068074870832e-01,5.837722981663614474e-01,1.022058165406132361e-02,6.149265717481878779e-01,3.653933377074178868e-01,3.646212333488685342e-01,6.948042403510776843e-01,7.073006577540320583e-01,8.195135311015607771e-01,5.175200874898971959e-01,0.000000000000000000e+00,8.871367087207846502e-01,5.651763581893157751e-01,7.258167163483444373e-01,9.514602593991514645e-01,6.685305003828212467e-01,9.832810202213332351e-01,3.182355972456172855e-01,6.076268521835493930e-01,8.620151736342739346e-01,7.404560288158980041e-01,6.885826470655886933e-01,8.138001309157338881e-02,9.506780481058982879e-01,7.183269530888158894e-01,1.143893527594730397e-02,4.770656110615758561e-01,5.033448588910943711e-01,7.374885727068747343e-01,6.406757026947000888e-01,6.064442431933778632e-01,2.697736851864032115e-01,5.098536380110823413e-02,6.867018778629772058e-01,9.791811689958433984e-01,9.428422885288038069e-01,2.048685596223914773e-01,5.233595188831432488e-01,8.185837549366631327e-01,1.323820701692685897e-01,7.121160757559114041e-01,2.769154139373904422e-01,5.588939628828305528e-01,8.076768101147785428e-01,2.439786691910588723e-01,7.272313042073126343e-01,6.989143953098126971e-01,5.602372255606289375e-01,9.190206376955517564e-01,9.136115466744594293e-01,2.251736034502411776e-01,7.616358878448677983e-01,7.137832543603449542e-01,8.847004308975463527e-01,8.303560238859281073e-01,7.069338992972371560e-01,2.003617922801980700e-01,7.601025588929669619e-01,7.385500508766857930e-01,6.401212971629776094e-01,8.483554606688071820e-01,6.386956562589802822e-01,7.666591479762128181e-01,3.122220832533993407e-01,2.963907059941100486e-01,4.820756237980627912e-01,5.248925389148317855e-01,5.512134658923255603e-01,3.964282141569380746e-01,5.627535100759073483e-01,7.190425904152083492e-01,9.567634229527359757e-01,5.680932328660758257e-01,3.455745200066585587e-01,5.108931571084514012e-01,8.548049528323732257e-03,7.388796281931229171e-01,6.746925328585620107e-01,9.100369224758153575e-01,3.305224947723495177e-01,5.540974105708821318e-01
7.905800345296420950e-01,7.429816938203238630e-01,8.145705817513457792e-01,5.857356876680657187e-01,8.690290345085437407e-01,5.345751748299705230e-01,3.021181069597489444e-02,2.870604354512752421e-01,6.316618915046565697e-01,8.239266601372212673e-01,9.840458417692418136e-01,7.046830696283366002e-01,3.770095470165860663e-01,4.080982712193061412e-01,8.871367087207846502e-01,0.000000000000000000e+00,5.102888977712315421e-01,8.366250458353647890e-01,3.571461436257744593e-01,9.943663670382143493e-01,9.325533063644748655e-01,6.098494832693394097e-01,5.086826947760558770e-01,7.536666930302636791e-01,2.180932279913793681e-01,6.950895959515146494e-02,8.487257740875771006e-01,8.738651040918914426e-01,2.086014172305004633e-01,4.367095290682497799e-01,3.705524126298933574e-01,3.429975285577899213e-01,7.378914347086158454e-01,7.221837912151121142e-01,6.665698571101106307e-01,2.680813359777536875e-01,7.806303540908907657e-01,4.799412100393088965e-01,5.745925469420108955e-01,8.723197542855301023e-01,8.149570186194946553e-01,9.771156656838488885e-01,6.999546808567695955e-01,9.213588047767343747e-01,9.186458610300365368e-01,1.605136441811179093e-01,8.394984431320311469e-01,6.395795812953876114e-01,9.457298382212148136e-01,6.222137851665582309e-01,1.551605522534612869e-01,9.954817743049624301e-01,8.531312686442926729e-01,6.842330666564684361e-01,5.520460435574612301e-01,2.708712312293320434e-01,6.160203494666248725e-01,3.626044745186516316e-01,5.362219388317737145e-01,7.644759389866564447e-01,3.998831268575304687e-01,5.989211161871356159e-01,3.338624597453235809e-01,7.230455904360194586e-01,9.924445724712673833e-01,4.237062578304032767e-01,3.625688384070478998e-01,6.230802863013662485e-01,3.126711936891994892e-01,6.272029126315327163e-01,6.190848078551538514e-01,4.220226163920213214e-01,6.408170133782442601e-01,1.946720024921875236e-01,4.023219437940948606e-01,7.415204553099785656e-01,6.833671123453426421e-01,6.305986704677769561e-01,4.793924386392030557e-01,2.939481051303556303e-01,5.156867773987158232e-01,4.962206451733352508e-01,7.430936963415145646e-01,6.922453169146618457e-01,3.057544970144727703e-01
6.970719345100749864e-01,5.683107561620205361e-01,8.334639153850648130e-01,4.896991258991082452e-01,4.685471013038232657e-01,6.380401495474895546e-01,6.085846921064328452e-01,9.987630019522982794e-01,3.509993674736927582e-01,8.968111896537476202e-01,5.239366403825738150e-01,4.310200029156557311e-01,8.204666369300894768e-01,8.974892878705803545e-01,5.651763581893157751e-01,5.102888977712315421e-01,0.000000000000000000e+00,8.546053535410202961e-01,7.506300639763381355e-01,8.763261236175940994e-01,6.416645240366892766e-01,8.223509695840783840e-01,8.901417356475006537e-01,8.508273726049626617e-01,9.649833250451811395e-01,8.209680422589463733e-01,3.208491003202814662e-01,5.778541574503338607e-01,7.670321855661438315e-01,4.565425177384636601e-01,4.530376454233878136e-01,8.296116255158764163e-01,7.373788376334452499e-01,6.963878115910608901e-01,-4.976699459868674791e-02,8.542028830708128240e-01,6.188095524000768455e-01,8.266784864786944631e-01,9.586015852272826709e-01,4.716965835289276265e-01,9.524205758882330342e-01,5.990972876806155423e-01,9.026859834527748427e-01,5.348768777492663995e-01,8.394479367190601504e-01,9.094088031627287627e-01,9.829447536375032213e-01,6.507209505625929369e-01,7.621779004797804014e-01,4.577147679708541417e-01,9.352030104333599603e-01,8.763778361383278703e-01,6.681960259847901096e-01,8.719995173086165785e-01,4.865481091911433298e-01,7.335883238600326983e-01,9.876922363197886412e-01,4.745747806027756366e-01,9.458611392919008543e-01,1.285927784998831258e-01,3.107753610646402098e-01,8.208699473110996347e-01,7.973760814475816527e-01,8.102070539194931031e-01,8.180022293730360161e-01,9.564999898338807371e-01,9.300219993960623377e-01,8.763943899027935025e-01,5.017924724750965071e-01,6.726335505085773159e-01,8.599911587536998026e-01,2.306569985960777169e-01,5.598588926031257129e-01,3.242722358993362919e-01,8.249866396910566779e-01,7.019642870555820036e-02,7.926382429821023923e-01,5.709714417732049130e-01,3.177906296717614154e-01,2.030586706139551612e-01,5.860929089310608076e-01,8.269787653748007505e-01,6.696294014160899533e-01,2.280102655767440312e-01,6.336976150257273011e-01
7.506393457104445499e-01,5.716001594969745137e-01,8.398395743558942916e-01,9.625330593417211755e-01,7.769276557700943719e-01,8.317308605771805974e-01,4.511551251177646771e-01,6.578713010556894725e-01,8.412988328944147609e-01,7.948487128849286432e-01,6.515540407909793386e-01,6.421148999114189015e-01,7.949790844627957487e-01,7.948698116873383901e-01,7.258167163483444373e-01,8.366250458353647890e-01,8.546053535410202961e-01,0.000000000000000000e+00,9.549961519477545568e-01,8.454158489269729682e-01,8.264572211821231695e-01,5.102510951031835607e-01,6.744820207518449351e-01,7.242034130379111367e-01,9.821933203211211660e-01,9.729619046349325950e-01,9.496549745079054805e-01,-5.792003952413141143e-02,3.901447115472290728e-01,6.604725377060820524e-01,1.561606353991378260e-01,4.543825098662728768e-01,4.364380484964591189e-01,5.745551836367621679e-01,7.075116409733339662e-01,5.977650166131063258e-01,5.208949178993361739e-01,4.878526173723462533e-01,9.597568729333834092e-01,6.502098005327466845e-01,2.546100351898578085e-01,7.836345399973820847e-01,7.743318945317636537e-01,9.044313540134216733e-01,7.705067033582096991e-01,6.373270559786601286e-01,6.921857533991272460e-01,9.629556410609632078e-01,2.022043855872728557e-01,7.505055840864440775e-01,9.320430691396511813e-01,5.891459931586014998e-01,7.578710098065104539e-01,6.858517547500295741e-01,7.018151300414029459e-01,6.796144070100346157e-01,6.555283655260847331e-01,9.422455691631232977e-01,9.012593211204921184e-01,5.204575101417614480e-01,5.383602442904922292e-01,8.062757442509986827e-01,6.133862914674526046e-01,5.477764207101714078e-01,8.514316397224589439e-01,6.201804831488658687e-01,8.564552014149201531e-01,7.357217672903788586e-01,3.115065171078345019e-01,2.775228355085293530e-01,9.621956831704041591e-01,6.244119448460069277e-01,3.219940718929290013e-01,5.988268601640087674e-01,6.899393522340538931e-01,6.731498595091642834e-01,5.140183494228498517e-01,6.842850360186438774e-01,7.095547357285627577e-01,4.369783125578790006e-01,2.741671191406864772e-01,5.045093712342791914e-01,6.086188213223829857e-01,2.273472900414485742e-01,3.877480303902746117e-01
