0.000000000000000000e+00,8.059745755857131710e-01,9.339385875492782763e-01,9.095705122671225995e-01,9.527622899313642479e-01,2.756002581757110992e-01,7.473229211031819919e-01,1.505515218419076484e-01,8.334362948708534669e-01,3.136846202857067056e-01,7.674865703871306399e-01,9.949184252903272574e-01,8.886888693835535147e-01,4.723112019281556218e-01,9.734967699257794926e-01,7.025339008803449525e-01,8.488834950240059518e-01,8.061876118032229588e-01,8.393009686445993545e-01,2.018838551440155227e-01,4.806683364109656798e-01,9.319630998006080969e-01,4.535601650041343191e-01,8.847147751702598706e-01,8.578705315763015538e-01,7.455516382475984027e-01,2.663787325270333128e-01,9.105553490879733092e-01,7.585621274189713326e-01,5.467373309749690158e-02,-1.252632394797372761e-01,7.771914402469601857e-01,9.021703809433682109e-01,7.433978618738873445e-01,9.512595749425331038e-01,2.849372885475611739e-01,5.588776101214724124e-01,9.841485776379117478e-01,9.026537855041523173e-01,6.994507356038358603e-01,3.085225198288366055e-01,6.673966697294280159e-01,8.912062267637731461e-01,-5.346698253531348421e-02,3.360245947011811229e-01,8.314157367056964620e-01,8.092111695218469070e-01,8.868621739936473070e-01,8.508763139326362968e-01,6.143779315041301148e-01,9.232741523705565445e-01,9.545683159082440916e-01,8.412117912600279857e-01,8.539923098522589351e-01,9.612561065561685547e-01,9.697689320193686457e-01,9.522124684827976138e-01,9.740111809066459569e-01,9.797290808134456741e-01,2.950066415922041330e-01,2.912931853341022004e-01,7.988898637268007086e-01,9.747369699780853436e-01,8.265028845333037832e-01,8.564832795365815432e-01,9.302336158629370688e-01,9.239173172302688197e-01,6.806041144206200766e-01,9.466820438293458428e-01,9.742985535710105838e-01,8.535833652889155410e-01,3.986918414247289100e-01,2.196672040987857621e-01,3.160572888757162691e-01,3.461910553199392671e-01,8.916953532723556064e-01,9.036318312307607403e-01,9.971544206010802824e-01,4.843720105287537825e-01,4.070326458946503800e-01,5.274102041677157793e-01,9.497064515786752814e-01,6.445400546588844204e-01,2.508938550111972088e-01,8.959904176876298809e-01
8.059745755857131710e-01,0.000000000000000000e+00,8.155555027482264130e-01,9.288029715088453875e-01,7.439812146118849334e-01,8.505867067505810120e-01,6.005949282321649818e-01,6.644271452366929953e-01,5.021425216039644424e-01,4.113911848290335849e-01,3.340302060651733074e-01,8.023519857126774069e-01,7.545785204929309486e-01,2.716684835685493904e-01,4.232523636246229293e-01,6.417291915392755453e-01,6.407278222229436659e-01,7.841488077222345809e-02,8.189006559833630350e-01,5.221997749171870540e-01,7.392497682641598900e-01,6.984633411102115774e-01,7.705909930297657473e-01,7.138103469718907190e-01,8.664012839547625688e-01,8.620989896324873225e-01,6.544967475508247645e-01,8.725680045507857585e-01,2.073400068829743259e-01,2.953343181742259516e-01,4.601403175106741350e-01,5.564768966624377144e-01,2.504208380519958865e-01,4.513823115205573555e-01,5.013356216486618555e-01,6.875421856366953355e-01,4.114701979558158529e-01,7.703586701632800793e-01,5.674275308144047791e-01,7.616739319158437604e-01,5.585880993807972317e-01,8.663405443432956599e-01,4.879525998155722633e-01,6.806508685784090629e-01,9.388542098242746992e-01,6.391184332406247837e-01,2.912864340856211043e-01,8.672583199751756622e-01,5.239740821807877813e-01,5.938780435932013990e-01,6.808945890572639659e-01,9.727043382648099534e-01,5.231609032284477712e-01,7.476700503613977755e-01,6.013187507023705081e-01,4.580705378041459164e-01,7.928615666178726595e-01,5.983346350871332486e-01,9.319215307267597614e-01,5.511699927344799743e-01,4.807162749636806898e-01,8.211714727671854952e-01,2.993272006153616660e-01,9.958852188528743987e-01,8.985352734428115884e-01,6.869260292365065856e-01,7.514380704187686444e-01,9.335598670467109006e-01,4.893190986606633652e-01,7.565476250605230879e-01,7.001299099161003570e-01,4.213241913170833186e-01,5.176955668242788633e-01,3.241796263035338077e-01,6.599238692180128263e-01,7.007884472982431889e-01,8.389467627103311953e-01,6.222986669828646233e-01,3.401123064536903939e-01,4.065372036302861147e-01,3.342404200284467830e-01,9.482304725569489223e-01,5.177826550600610478e-01,4.185310128680035380e-01,6.543101298715578995e-01
9.339385875492782763e-01,8.155555027482264130e-01,0.000000000000000000e+00,6.542090906196098565e-01,7.500083831110825328e-01,8.752429817438333037e-01,8.523505749864213055e-01,5.720519439262670147e-01,9.538819416277205532e-01,9.550171895172572256e-01,2.221545182913545469e-01,8.488231240041452796e-01,6.398702583281090650e-01,9.071181615632850637e-01,8.185776785560040514e-01,6.665623149042778639e-01,9.253379048267809104e-01,6.969340922028463003e-01,9.783435799592061777e-01,7.062226549694582411e-01,8.036175100046538677e-01,9.297042773980609409e-01,9.510603341654093601e-01,4.066236116947217760e-01,6.132140046726944904e-01,7.722355852293903977e-01,7.941824607132016434e-01,7.900552380530641017e-01,4.582258827555217851e-01,5.721871269901062096e-01,3.779820605252041110e-01,5.027553873132316609e-01,8.004646477223216205e-01,8.275180714053708142e-01,6.594776946932956463e-01,6.612532025252362278e-01,4.909850939337812026e-01,9.856471727940000482e-01,9.051019230995442921e-01,8.776674354652022059e-01,9.453501575263565382e-01,9.206250764697135880e-01,4.841504517754576797e-01,9.525882487385048947e-01,6.361873187145351549e-01,5.125814511822240904e-01,8.712384127932274458e-01,6.572263579278483370e-01,7.953432498587634791e-01,5.376345914706085471e-01,7.947368521408726405e-01,9.241140130294553945e-01,8.087569415294354469e-01,9.880071832780263907e-01,6.309389504015778805e-01,9.536796453692685249e-01,5.227425842514620280e-01,-1.331481748131005394e-01,7.692895299932466235e-01,1.582596253181078327e-01,4.931906363721940689e-01,8.566532567899420858e-01,6.812744180692688056e-01,9.901910643525169142e-01,4.656025049881502564e-01,8.030910122482506353e-01,7.036693061944726546e-01,8.518823210545564129e-01,9.977252536835879981e-01,9.971811101618404116e-01,9.334495783756620035e-01,9.422851434093715284e-01,7.348844272510139664e-02,7.812580290979993514e-01,8.879153639756729444e-01,9.028747869930574543e-01,6.829203484891515075e-01,7.564207644082056037e-01,2.146403432374544562e-01,5.581672164520901092e-01,9.048836070494170603e-01,8.198329995497001255e-01,8.736174133103249417e-01,8.483480594819512444e-01,8.444542939511676671e-01
9.095705122671225995e-01,9.288029715088453875e-01,6.542090906196098565e-01,0.000000000000000000e+00,9.351762486306233191e-01,7.639160754452336555e-01,2.628973898747386517e-01,7.040550915692348477e-01,4.804166157398721548e-01,9.217386678524432941e-01,6.717380163859240083e-01,8.401669551199117958e-01,3.192157540923826753e-01,6.667181292475992116e-01,8.854036951804995503e-01,5.132694198717907552e-01,3.939789649525575754e-01,5.101301839300954599e-01,6.327386446956859700e-01,8.075473324494941707e-01,9.262864357436831897e-01,9.704839095956272477e-01,7.437296788581000406e-01,8.315881475933222244e-01,5.435051747447350312e-01,9.951583393013122558e-01,8.210840524652572858e-01,8.195693474870886508e-01,4.304305611283747862e-02,3.385970848281182333e-01,6.193218690642497970e-01,6.220884790341325576e-01,8.108720717551907153e-01,6.335102804002656907e-01,7.153047312081433073e-01,-1.090149566866681075e-01,3.581618555732299924e-01,8.071136531585547669e-01,9.083236078958677462e-01,7.805835174846059710e-01,5.222889179074765575e-01,5.255086808013790245e-01,6.212115214375123484e-01,7.413692709521503277e-01,9.223759899104277959e-01,8.334150567279554611e-01,2.680545104065241713e-01,8.088313322153682927e-01,6.977013054105801748e-01,4.102393374977865159e-01,6.739750548180847289e-01,8.538673323790969549e-01,9.768492390341425580e-01,8.652721275459259731e-01,8.206171082423188157e-01,4.812590772369896852e-01,3.705293805937777130e-01,9.504059142428182838e-01,3.684642224744398842e-01,9.590376055188039317e-02,1.005461031164920915e-01,1.950698134061283340e-01,8.887273698876408945e-01,9.277381110385143348e-01,6.845228594870175209e-01,8.116566466586986328e-01,9.175099986068326885e-01,4.522480647208451110e-01,7.542900982406010035e-01,5.745777289755965578e-01,7.456697645612880843e-01,8.358527958204347019e-01,6.513588209819124453e-01,5.272595213188465690e-01,4.226091869242430410e-01,9.988114780177085317e-01,9.379892779535149439e-01,5.502041212994740471e-01,1.934371318285768027e-01,7.800638002702217078e-01,9.671948469200475351e-01,6.505678621047682464e-01,8.238321904977145005e-01,2.020830296803473869e-01,4.004030528488703444e-01
9.527622899313642479e-01,7.439812146118849334e-01,7.500083831110825328e-01,9.351762486306233191e-01,0.000000000000000000e+00,6.460001300061315455e-01,6.293658390326655194e-01,4.944058011801324426e-01,5.162712539470182271e-01,5.534562904657004401e-01,7.121544937623729421e-01,5.352216912194182052e-01,7.984356829559512425e-01,4.791541268041936696e-01,9.633960612916667721e-01,7.287850425645854280e-01,7.239058160824229926e-01,9.105005449577416865e-01,7.904546072660736389e-01,7.924647851646324792e-01,9.765010224853762910e-01,3.407047803132726704e-01,2.426779627443766685e-01,8.353474037163477472e-01,6.283344168491304949e-01,4.015206028919146020e-01,5.823807979585382544e-01,9.447729740540984356e-01,4.829408923237888396e-01,5.879650872220515412e-01,7.342123544504734756e-02,3.258332588570893584e-01,5.025819201358483479e-01,9.279909526904676076e-01,4.203349905005705489e-01,5.132901081788403541e-01,2.917132410914746177e-01,4.385342919447244858e-01,6.568060354089790831e-01,8.627674277614423293e-01,6.139549686485021862e-01,8.202691970837888702e-01,5.037511139094021928e-01,5.949822288322895725e-01,8.057762115914347545e-01,7.034780525630602854e-01,6.497924304116163563e-02,4.960786707491420255e-01,7.337989668714409719e-01,4.204674767128094848e-01,7.028185005462899149e-01,5.600918897180091616e-01,4.681674609113838370e-01,8.316881240606046610e-01,7.651106612896667603e-01,7.886529599678997471e-01,4.853573948201591604e-01,7.299626073505539603e-01,6.192020242909143102e-01,2.343108796045580144e-01,7.711115236371698378e-01,5.696074745949360196e-02,7.422460250208052779e-01,2.701240096577571248e-01,6.234641083645315884e-01,5.977759655882405321e-01,2.072853475137270696e-01,7.806109076858049889e-01,8.764572937178195522e-01,8.208217144111956687e-01,7.107976231662713751e-01,5.620274376451374065e-01,5.803848406843817864e-01,8.864959970258263766e-01,9.865719048227259425e-01,8.036651081795063156e-01,8.059250218482488792e-01,6.383329695634222256e-01,3.811571711266189544e-01,3.429281129099693848e-01,3.291083138125050489e-01,8.243580284022744564e-01,9.071752788354694452e-01,7.649741824916804767e-01,7.381629257688795409e-01
2.756002581757110992e-01,8.505867067505810120e-01,8.752429817438333037e-01,7.639160754452336555e-01,6.460001300061315455e-01,0.000000000000000000e+00,4.221763792240330604e-01,7.642155856577916850e-01,3.362851990205513175e-01,8.375632134413928398e-01,9.230099437115839578e-01,9.081298701977037480e-01,4.364357855274887399e-01,9.973241527637819459e-01,7.082819640785251725e-01,8.468527009420248053e-01,9.987276587839790665e-01,7.185391557631303217e-01,5.475261596617803095e-01,9.810810007211047123e-01,9.235026892345481464e-01,6.290069654058711990e-01,8.040326881011355953e-01,8.488910779623763947e-01,3.564693902860683328e-01,7.447100752587668682e-01,7.128571503170849644e-01,7.437124200151001840e-01,4.690966373870309458e-01,6.562648671609591089e-01,2.993107395879375243e-01,4.238065662597896299e-01,9.261467163010267400e-01,4.535474562918591079e-01,4.197224713633042614e-01,4.163270930359007083e-01,3.847501917123041792e-01,2.451637716317290605e-01,8.325568517699728499e-01,3.181626190192157200e-01,3.449167908902166513e-01,4.489797583978309969e-01,9.687016462056186050e-01,8.606156298096443447e-01,7.589574190239271045e-01,6.912952697956179504e-01,4.540610357394861407e-01,8.544298616361919452e-01,9.284058612998228321e-01,5.680380272868346125e-01,8.519646900268068590e-01,8.740110099111912945e-01,8.217224073415092533e-01,6.937970152919183953e-01,5.009723917159828455e-01,4.207071927248372534e-01,6.605016627822126729e-01,8.707460611460640099e-01,8.658363949157301676e-01,5.515206726446812979e-01,1.322452991189499716e-01,8.831561783131837151e-01,8.673432917798720165e-01,9.446835736678679263e-01,6.564905807380259084e-01,4.842184348808665217e-01,9.690486541119829322e-01,8.000642429137978517e-01,5.112518494552457105e-01,7.618386049867138521e-01,7.239097880291167630e-01,6.263900355108994455e-01,7.184284734665187244e-01,3.260782195419785756e-01,7.405764730245409933e-01,7.574794725057761857e-01,7.274508591134326574e-01,1.099312194804847459e-01,7.774639486852351622e-01,3.194624828744879741e-01,3.439698473625771857e-01,8.014666691896162876e-01,9.133609183554352029e-01,4.711346968249447986e-01,7.598808674074905012e-01
7.473229211031819919e-01,6.005949282321649818e-01,8.523505749864213055e-01,2.628973898747386517e-01,6.293658390326655194e-01,4.221763792240330604e-01,0.000000000000000000e+00,7.798577635998147350e-01,7.084939707205167858e-01,2.602884259181246218e-01,4.621787845138555229e-01,7.550179258621572131e-01,4.896265193521482373e-01,7.903644297697404175e-01,4.222005537220778204e-01,5.449755394095257000e-01,9.815238030157457105e-01,7.687638561674154936e-01,9.484388718836612719e-01,9.803658688047887093e-01,8.683427364056932607e-01,7.723841799361383931e-01,6.464556756663054626e-01,6.887058469287280493e-01,4.121194408328778258e-01,4.060876449792180098e-01,5.868401555489646260e-01,5.939896187095826674e-01,6.778309088385143788e-01,5.909885451926776279e-01,5.585574628211371628e-01,4.871306727542565329e-01,7.447865003714956300e-01,7.916390674607366451e-01,6.639162084849974388e-01,2.560905661960648505e-01,5.378078657423832620e-01,4.978068668316292800e-01,8.242662538508155334e-01,7.107939619628776962e-01,5.467612934527515262e-02,8.883566414645589493e-01,9.655918533355609679e-01,6.935693421776322198e-01,7.974216742707638250e-01,7.585295722879803471e-01,2.133069636433786165e-01,5.832411679023413731e-01,6.592855768102003911e-01,5.589379675371703993e-01,3.904458633246727373e-01,4.203495957290450113e-01,6.345552735934973931e-01,9.560804020142837922e-01,6.921227600507546818e-01,7.911314670988356390e-01,4.040479688224948296e-01,7.480443146933495324e-01,7.935511452736343507e-01,6.795074984306086474e-01,4.989838142432930224e-01,6.984575383006935700e-01,3.021594604635981507e-01,6.377312894938587107e-01,5.323198388224046340e-01,6.305903955855204357e-01,6.601361880807995464e-01,8.183072659795389558e-01,7.793419035701319997e-01,7.813062776648438401e-01,5.431068837343648870e-01,7.691643313064462362e-01,5.084684353340896967e-01,3.356570990845023639e-01,9.854158522149580879e-01,4.860674964827803590e-01,8.188494669507009327e-01,4.518779841764075655e-01,6.188211158252076016e-01,7.237741316444195050e-01,6.515449467462351985e-01,9.739420525449623556e-01,5.979644723712520538e-01,8.644018678976719272e-01,6.503420629216101201e-01
1.505515218419076484e-01,6.644271452366929953e-01,5.720519439262670147e-01,7.040550915692348477e-01,4.944058011801324426e-01,7.642155856577916850e-01,7.798577635998147350e-01,0.000000000000000000e+00,-7.137902671692555878e-02,7.333287895909048615e-01,4.328458311382221146e-01,5.904193764285428081e-01,7.837955142325566671e-01,9.609521418471338450e-01,5.616992341788532572e-01,6.205620156227854567e-01,9.136871365144502155e-01,4.115579461903263181e-01,5.563122033450532689e-01,7.420849986004892651e-01,6.669595504809648912e-01,7.839383419657602881e-01,7.196359924258338703e-01,8.072785685082377594e-01,5.203262630029700242e-01,7.391027768616442728e-01,7.661817615997483788e-01,1.794570791363316875e-01,3.205280285022608089e-01,2.977112899465152451e-01,4.076044984106059199e-01,7.851576585782038542e-01,6.115658730851435410e-01,4.985504108263816292e-01,7.660430383444639668e-01,7.357958878003408865e-01,-3.526239040660872348e-02,7.264852972840303291e-01,9.257756566711216051e-01,3.039397131769303040e-01,3.313961580464128143e-01,4.496354194411290028e-01,7.315391383250010593e-01,5.579736750567826364e-01,8.316797575580933133e-01,5.757493081854145878e-01,4.320329845658985035e-01,6.616703881490814121e-01,5.789003635436060780e-01,5.476300228239110446e-01,4.034296054405668852e-01,7.514010070627386018e-01,6.901034087866317890e-01,7.880375951653073585e-01,5.395300012950132729e-01,7.090433240973008644e-01,8.717299171227618215e-01,7.271816438293419171e-01,9.681370225325066636e-01,6.961351423024269014e-01,2.454068821526359800e-01,4.786377090634201803e-01,4.799926536203075744e-01,6.482759666278702371e-01,6.726708762675361886e-01,6.609198022957276653e-01,7.384725013898530976e-01,5.574472135848187460e-01,1.862607331176470149e-01,9.640885086619228606e-01,6.360158329248059017e-01,5.514967517922859663e-01,-1.246793240409134612e-01,5.798537294151012711e-01,4.106828094959473763e-01,9.168080470609243360e-01,8.765390566218486113e-01,6.761855479526470702e-01,7.776199043777368702e-01,7.026972237070278071e-01,4.729089513965770153e-01,7.684960650543967153e-01,9.492606680238148131e-01,5.590831877284205831e-01,3.332821094899172110e-01
8.334362948708534669e-01,5.021425216039644424e-01,9.538819416277205532e-01,4.804166157398721548e-01,5.162712539470182271e-01,3.362851990205513175e-01,7.084939707205167858e-01,-7.137902671692555878e-02,0.000000000000000000e+00,5.080415385309907661e-01,7.063328766304989292e-01,9.077915385059557307e-01,3.431966131707330780e-01,8.724995376753719167e-01,5.707054007052783096e-01,3.907648037721794809e-01,6.885857357300335657e-01,7.929228258780343097e-01,-3.323569972703641073e-02,6.453190237335628687e-01,7.103798438365099832e-01,8.180247340655775190e-01,6.669099321590183926e-01,4.108838001025449382e-01,6.945983187301582040e-01,9.170797783830652028e-01,8.437875178944246324e-01,7.634790440296621572e-01,5.114802527595292414e-01,4.280342680729322669e-01,3.541265534820474681e-01,3.252038211016761160e-01,8.762193305627561379e-01,5.364576083942929063e-01,5.776191018100191865e-01,3.071679510906796251e-01,2.677405229079561355e-01,8.882868156626582135e-01,6.892631346939246395e-01,5.177262231277175442e-01,5.545334054866539741e-01,2.963119054013250153e-01,6.630609482516840458e-01,2.905187912766176717e-01,8.706519557982510538e-01,7.766537590953277448e-01,5.520445020048283524e-01,5.205757528713195192e-01,7.773457499856206709e-01,5.099473263340769114e-01,8.183451006400073169e-01,5.600318117823186448e-01,5.756224528007501950e-01,3.992919067495062091e-01,3.745644148226335846e-01,6.982463262125417902e-01,4.080038341612663433e-01,4.546784385557751107e-01,7.591049863364800476e-01,7.657796988546474726e-01,1.738304967782187960e-01,9.458879962069673963e-01,9.141758841821298054e-01,6.342832198219051643e-01,7.448708851026779598e-01,2.154275472600959696e-02,6.775477908389571091e-01,9.867237701376909698e-01,9.082134949495834775e-01,6.169147219332086207e-01,6.619737034407936482e-01,1.482064550159047367e-01,4.094679193802049921e-01,4.632922654860939238e-01,4.636612562555339490e-01,8.042359086856781802e-01,8.525131280605026118e-01,4.053199700217586243e-01,7.341944767165463626e-01,6.736967818487045179e-01,6.401276873528726208e-01,9.181785453757587145e-01,8.126694652202938185e-01,5.688927421583822586e-01,2.095017846184479282e-01
3.136846202857067056e-01,4.113911848290335849e-01,9.550171895172572256e-01,9.217386678524432941e-01,5.534562904657004401e-01,8.375632134413928398e-01,2.602884259181246218e-01,7.333287895909048615e-01,5.080415385309907661e-01,0.000000000000000000e+00,7.111575574467710048e-01,5.163600136666451901e-01,8.250342275162361183e-01,8.041499542836659797e-01,2.592110543113024246e-02,7.352168022340876963e-01,7.367804443208852971e-01,8.765282496500023113e-01,8.311012832549800056e-01,5.979684870225348003e-01,3.385219025953506988e-01,7.752939425838056842e-01,8.825949228612920416e-01,6.591277283056737879e-01,7.818302488342935286e-01,6.823027834745200026e-01,9.234378332679137324e-01,7.524693030232064705e-01,5.132040756849225449e-01,5.418038384104736371e-01,3.963999374307711765e-01,9.219614321813136559e-01,8.667497707620310798e-01,4.940342796370196243e-01,5.078538202164728510e-01,7.627125418897640063e-01,6.943128175645106870e-01,8.820931382032919377e-01,9.282073782925637229e-01,4.632777156399171536e-01,4.234466799349171917e-01,5.646477831521347079e-01,8.539913537578178726e-01,9.211995104040783255e-01,6.822715287411299512e-01,7.450016881410806979e-01,6.102343638211923382e-01,6.101361341585855858e-01,9.547946582603342724e-01,6.316816234518328743e-01,5.700109906438296514e-01,8.881966069162726685e-01,4.535401254662200787e-01,8.537101824915440673e-01,7.724292124046457930e-01,4.649077736137454120e-01,6.007326318601808879e-01,5.107986539235286338e-01,5.027869079435678401e-01,5.875292120097412862e-01,3.830056249667754820e-01,6.376578195331997767e-01,9.471813818285783615e-01,4.057492798178015669e-01,4.430033021852002872e-01,7.321459611949120427e-01,8.297483190113636997e-01,4.680283510015036397e-01,4.214139111564447759e-01,9.924566267253680518e-01,9.260046360316193104e-01,6.948729880328060604e-01,9.589891328617057287e-01,6.696400661672150534e-01,7.271893301323019143e-01,6.079390132560823501e-01,7.009381068970939044e-01,6.146406865293431165e-01,4.116944726666603160e-01,7.307916296917753574e-01,4.884510620801701952e-01,8.363413949358996513e-01,5.945758474896980506e-01,9.459916879237433296e-01,1.487477748530218469e-01
7.674865703871306399e-01,3.340302060651733074e-01,2.221545182913545469e-01,6.717380163859240083e-01,7.121544937623729421e-01,9.230099437115839578e-01,4.621787845138555229e-01,4.328458311382221146e-01,7.063328766304989292e-01,7.111575574467710048e-01,0.000000000000000000e+00,7.216146324727744643e-01,7.194469642474708992e-01,2.800005703614892316e-01,4.377436546027836939e-01,5.670440429811463012e-01,5.195929401058810848e-01,4.145603219745059853e-01,6.878555888345490033e-01,9.861620342758856683e-01,8.601249228712288808e-01,6.065022435962411640e-01,8.209420551612983674e-01,5.126930633036850260e-01,3.329562800128926248e-01,6.932977082063247476e-01,8.754703615149006524e-01,5.790421423809909429e-01,6.028044029539683657e-02,4.170044587619812226e-01,3.555262503796197127e-02,2.103151939070271592e-01,5.951345809424697375e-01,7.156122351422744554e-01,3.950829954549673895e-01,5.327416154957794747e-01,3.003170041691020642e-01,4.076900069122383341e-01,5.871933646702263143e-01,7.992613061140239061e-01,4.080826211300707107e-01,2.015565594522177040e-01,9.125773189171149102e-01,2.031442454138429332e-01,5.276340884080439331e-01,9.816019949962014879e-01,8.953292267242570768e-01,6.917323207144822073e-01,5.316269487227686108e-01,2.433595823577268669e-01,5.247840236803715808e-01,6.139726259776006057e-01,9.849589257538670095e-01,7.579669309252005105e-01,9.466889350992305774e-01,7.882496985883220564e-01,6.291858396964226108e-01,3.782967615235995895e-01,7.309677276955036662e-01,6.472719886421003377e-01,4.346089746356660566e-01,3.612786118162828464e-01,8.927396703236961661e-01,7.087189568205904955e-01,6.653535102126385548e-01,8.242840271522622331e-01,9.253204517113930994e-01,8.884009896766746905e-01,7.469925619987650700e-01,4.094687925494962522e-01,7.490593889565816399e-01,2.364591163476981173e-03,1.730117439615786734e-01,7.319147328600125180e-01,9.808210433709217968e-01,7.472739453399001031e-01,9.980023854274238104e-01,7.917725477692602043e-01,6.677415217346057696e-01,6.434773199512864306e-01,7.756692468652199857e-01,9.024376927110088209e-01,4.342377038862289540e-01,5.276947880720419537e-01,4.272579917742551636e-01
9.949184252903272574e-01,8.023519857126774069e-01,8.488231240041452796e-01,8.401669551199117958e-01,5.352216912194182052e-01,9.081298701977037480e-01,7.550179258621572131e-01,5.904193764285428081e-01,9.077915385059557307e-01,5.163600136666451901e-01,7.216146324727744643e-01,0.000000000000000000e+00,7.668501826436813218e-01,2.330514917824037524e-01,5.205154057759699970e-01,7.328640404149793230e-01,9.648336606939666993e-01,7.769521539994798109e-01,5.973097303758454490e-01,3.992036549191124717e-01,8.508598349726892440e-01,8.782332348734305238e-01,8.762507334009894677e-01,7.476863630341273881e-01,5.167880804378094384e-01,4.424133006932238765e-01,7.605653387534695442e-01,7.168749375848912919e-01,2.645037215734181713e-01,9.424853657847834243e-02,1.388812492571935564e-01,7.476356946680549065e-01,7.346213754178425592e-01,9.133714655824444195e-01,6.508859018953305764e-01,5.622528427665404172e-01,2.214892310413341669e-01,2.097541594960854738e-01,7.676055064336616551e-01,4.386049140883772068e-01,2.427154712839090789e-01,9.765601545143367535e-01,7.322294981638819422e-01,9.807595226459283611e-01,9.528146395543493075e-01,8.735060168857999852e-01,7.269931602706893869e-01,9.368867461189365198e-01,6.604422147180696312e-01,7.622286163185267860e-01,6.128667000034569989e-01,5.941521489722119131e-01,7.326809499001892823e-01,5.177690918203321502e-01,7.571748269842124568e-01,8.375134316439432070e-01,8.548741899848855130e-01,7.703586785202103382e-01,2.366120671290208588e-01,5.564803175706209970e-01,2.650472594064090526e-01,4.331038010920172376e-01,8.175467690378470653e-01,8.668072625468024039e-01,8.021930671866372986e-01,8.358050431745922548e-01,4.994421629287923436e-01,9.620758213564409855e-01,5.205503716036016248e-01,8.655928038607464403e-01,3.708428585927875387e-01,3.799981147915411084e-01,5.580531776536890032e-01,1.918005283230276303e-01,7.726796370805494307e-01,6.071320737483724139e-01,7.538711149255837851e-01,2.830139050885958629e-01,4.223629483918067695e-01,7.728781454046527166e-01,6.931169520029522024e-01,6.279477587363044844e-01,2.052770745685773279e-01,8.846585988409371160e-01,9.354968786692416938e-01
8.886888693835535147e-01,7.545785204929309486e-01,6.398702583281090650e-01,3.192157540923826753e-01,7.984356829559512425e-01,4.364357855274887399e-01,4.896265193521482373e-01,7.837955142325566671e-01,3.431966131707330780e-01,8.250342275162361183e-01,7.194469642474708992e-01,7.668501826436813218e-01,0.000000000000000000e+00,6.949570180126193319e-01,7.724206940061759674e-01,9.465034925557900269e-01,4.220559601723065657e-01,7.667277341822622549e-01,8.966555717026130079e-01,8.942380116894663722e-01,9.195165423636026958e-01,7.712641260437809176e-01,6.888706200053485995e-01,7.159111727893354704e-01,6.659821876361839976e-01,6.891361102769555380e-01,6.354054955222013801e-01,7.878709704907665978e-01,5.993505613026746115e-01,4.704755779061868814e-01,2.591636193426100632e-01,9.756037352352648906e-01,7.707977441682709596e-01,9.850833318839976593e-01,7.122704525937567643e-01,5.475383608619124320e-01,2.653277303622123551e-01,7.998720427524164123e-01,9.439965051066138146e-01,6.547599064131288671e-01,2.750546625918431909e-01,6.824754509810144754e-01,5.103561165997626548e-01,9.382602017771441982e-01,3.114924624444907475e-01,4.794786918343015847e-01,5.245810251865888896e-01,9.245624515324653014e-01,3.650287098705981004e-01,6.973442470240132085e-01,4.275615382310830603e-01,7.480452477816204038e-01,9.531577624643088331e-01,4.312562805417522460e-01,6.316643750082341358e-01,8.180511164125264800e-01,5.257757985637474540e-01,8.228078139252180678e-01,9.677165561036886743e-01,7.079143803027070359e-01,7.561679302284293192e-01,8.450029183953069456e-01,5.621367858569917830e-01,9.697893084130426722e-01,8.347515608726925329e-01,9.833393315547469538e-01,9.446683473383712393e-01,3.972935393927293779e-01,5.155058084124083395e-01,5.684405436911091902e-01,8.362273235991970477e-01,9.470861815716964394e-01,4.616988663641734547e-01,3.016357006288118980e-01,7.370782944499713052e-01,9.811783922377856904e-01,8.549216090375676425e-01,8.879658442769365889e-01,6.451876333186211676e-01,5.252946380235660184e-01,3.896524539077483862e-01,8.745513798916438875e-01,9.115171185973829360e-01,5.510841834217146129e-01,7.070995283997660863e-01
4.723112019281556218e-01,2.716684835685493904e-01,9.071181615632850637e-01,6.667181292475992116e-01,4.791541268041936696e-01,9.973241527637819459e-01,7.903644297697404175e-01,9.609521418471338450e-01,8.724995376753719167e-01,8.041499542836659797e-01,2.800005703614892316e-01,2.330514917824037524e-01,6.949570180126193319e-01,0.000000000000000000e+00,9.370455508658429578e-01,4.637424026971140867e-01,4.111221874100825513e-01,9.070850270593613374e-01,7.663193438143746095e-01,7.846512049231195718e-01,6.266086364962339950e-01,4.650797105423928324e-01,7.058929100360556985e-01,9.533640787144378459e-01,7.264968239662693561e-01,3.437267494303751780e-01,6.154361323638658510e-01,6.888760517107362924e-01,2.231297186708013913e-01,6.698579854246455856e-01,-1.529415593436375398e-01,4.537592424397276503e-01,4.647090270600571782e-01,2.113867618502981993e-01,6.069965806406841802e-01,7.080626433538965703e-01,1.981561206486476268e-01,9.810066819387718295e-01,9.531828559719988103e-01,7.284993542217338414e-01,6.131638877995677639e-01,5.182755358813846414e-01,9.657420202796962450e-01,9.858167465864515755e-01,8.082879637644482251e-01,9.029229931140575482e-01,7.986037541288379948e-01,9.348482101676796052e-01,6.825866376963555249e-01,6.077442148164092783e-01,3.689478539358811426e-01,8.323658692567219575e-01,5.743435320484058249e-01,6.376733006415626903e-01,6.420142106117779912e-01,-1.216246176764899239e-01,8.492094139963044519e-01,5.484471422233897497e-01,9.948142268079829265e-01,1.208390030009632438e-01,4.327255088017373796e-01,6.278116176946483273e-01,7.543135888519293397e-01,6.460501913318779099e-01,8.183263740047567181e-01,8.548204920178361643e-01,7.154025913756368871e-01,8.722059837127382753e-02,5.036871368183207798e-01,7.705995975731587677e-01,4.352685640247609955e-01,6.339368276536530011e-01,5.623781751298702059e-01,3.345804666039919328e-01,4.465689960227118283e-01,9.500282640958220837e-01,6.906087473031048418e-01,8.308184353690180046e-01,3.143828596892474514e-01,2.486372746549884161e-01,8.678035942108242029e-01,4.689476339988964959e-01,7.195225904056645749e-01,6.030205969750005446e-01,7.089704444462636701e-01
9.734967699257794926e-01,4.232523636246229293e-01,8.185776785560040514e-01,8.854036951804995503e-01,9.633960612916667721e-01,7.082819640785251725e-01,4.222005537220778204e-01,5.616992341788532572e-01,5.707054007052783096e-01,2.592110543113024246e-02,4.377436546027836939e-01,5.205154057759699970e-01,7.724206940061759674e-01,9.370455508658429578e-01,0.000000000000000000e+00,6.281602181776984040e-01,4.387812530058087246e-01,6.065290570924969371e-01,1.118042107697859722e-01,2.687765236176394290e-01,3.063276845361774248e-01,7.504198406306999969e-01,6.707017326909295862e-01,9.836861496446921427e-01,5.409097281297834403e-01,6.016080094488411856e-01,4.920271213800540000e-01,3.456575185625657687e-01,7.673225421196113727e-01,1.576365221999107835e-01,6.717427849558144093e-01,6.347361236616883007e-01,8.769135127501865856e-01,9.593119373180439835e-01,7.698316828845174209e-01,5.972964016700386125e-01,5.573591324006268444e-01,6.262496000147353969e-01,8.811569866156067077e-01,2.001389215242890540e-01,4.568652070027369727e-01,9.954897554720110175e-01,8.955719629067777632e-01,9.956371778956542018e-01,7.389108426813046915e-01,9.432532165237927924e-01,7.279999936310432851e-01,9.977895188556261674e-01,4.457700445986449989e-01,6.475023930227592484e-01,6.976933208607536407e-01,2.988135552512162230e-01,7.774686001852030293e-01,5.382843222550226514e-01,8.988330420142035537e-01,4.350717703026246719e-01,7.601686973805740211e-01,2.757552286838380606e-01,9.837941825716441935e-01,3.344524549764933408e-01,5.661149279743764584e-01,6.926823817165040920e-01,6.195342460895069125e-01,9.490201127710514717e-01,8.146003036283031573e-01,8.419773105868163521e-01,5.597965407682101713e-01,6.812205242178543951e-01,6.490085521108938937e-02,2.146683705354608673e-01,9.239696605793458195e-01,3.404136035797818982e-01,1.534601077341110065e-01,4.944087238084059477e-01,7.673791924035276990e-01,5.155852536559357713e-01,8.309305775609417966e-01,4.516462201162735335e-01,5.938563177669233806e-01,5.938117843803873974e-01,9.729047910413812783e-01,9.848056880410385183e-01,8.308360932798488641e-01,7.310297821591578149e-01,3.980946996073793098e-01
7.025339008803449525e-01,6.417291915392755453e-01,6.665623149042778639e-01,5.132694198717907552e-01,7.287850425645854280e-01,8.468527009420248053e-01,5.449755394095257000e-01,6.205620156227854567e-01,3.907648037721794809e-01,7.352168022340876963e-01,5.670440429811463012e-01,7.328640404149793230e-01,9.465034925557900269e-01,4.637424026971140867e-01,6.281602181776984040e-01,0.000000000000000000e+00,3.988171188448619287e-01,6.031444947598459949e-01,4.795107740217197101e-01,9.021936691789650409e-01,9.750629845676781482e-01,4.864002817644242915e-01,7.771090905811395277e-01,8.608063907608433096e-01,3.068735845614614099e-01,6.348467796332661894e-01,6.395208764519425548e-01,8.697503474197436635e-01,7.332916792509208692e-01,5.806746396258661846e-01,7.497860943872260986e-01,7.405142023277958563e-01,5.173282207732933236e-01,8.522533041320428104e-01,7.819302801253086299e-01,6.545003579301249541e-01,4.423085898580192965e-01,4.263345490424456097e-01,8.973567436159459731e-01,3.945177740625219753e-01,4.068119464131824126e-01,7.926319470872231765e-01,9.560315410761616173e-01,6.038197812953459698e-01,8.799341322813949429e-01,9.448712667227405770e-01,6.853029725993619037e-01,1.248455816683308045e-01,4.062124113566188965e-01,6.335045507171680468e-01,4.423606912827063864e-01,3.696203653803532552e-01,6.476531517437632557e-01,3.764398996852428292e-01,8.215770235085648743e-01,8.621039567476033172e-01,8.273816064851865493e-01,2.271227709969961817e-01,6.191840232551431428e-02,6.236294067952218301e-01,3.997307243667421739e-01,6.417059512906755359e-01,4.935185062475586637e-01,3.028100861156703960e-01,9.612263401215643821e-01,8.681426024883254211e-01,5.914553078311073353e-01,3.537694540318676584e-01,6.972365910639863884e-01,5.391887283593101987e-01,9.246690530630877758e-01,7.956933533017611637e-01,4.007925397204724627e-01,1.633467670819649664e-01,6.132834135968742162e-01,9.049777547070735340e-01,7.029778441027613178e-01,7.580903757174838331e-01,6.172068047065433494e-02,2.527050967392634462e-01,7.263176121763939008e-01,8.680311741934404468e-01,5.300617644599980860e-01,6.499516275720285119e-01,6.104372464975669210e-01
8.488834950240059518e-01,6.407278222229436659e-01,9.253379048267809104e-01,3.939789649525575754e-01,7.239058160824229926e-01,9.987276587839790665e-01,9.815238030157457105e-01,9.136871365144502155e-01,6.885857357300335657e-01,7.367804443208852971e-01,5.195929401058810848e-01,9.648336606939666993e-01,4.220559601723065657e-01,4.111221874100825513e-01,4.387812530058087246e-01,3.988171188448619287e-01,0.000000000000000000e+00,7.241427351767542042e-01,7.949341788740722503e-01,6.212174946289855670e-01,8.520208041501888818e-01,9.621323203273643987e-01,8.717384275897661627e-01,9.990704657635773867e-01,4.477296878142499326e-01,5.257521572140013699e-01,9.712647259476870909e-01,7.301441095401166592e-01,5.173325855772430426e-01,6.083838246070700784e-01,7.189379503683203110e-01,4.411438082630675384e-01,9.382623895023114446e-01,9.580408588446973628e-01,6.101332661892853171e-01,6.676902094682932720e-01,5.851904445851484615e-01,6.887163633169840482e-01,8.793344020254827420e-01,6.289071568734164730e-01,6.496732040562009924e-01,9.080881787165123731e-01,2.406729231062595675e-01,8.167521347626253148e-01,8.974801062089690085e-01,6.335320238624512212e-01,6.757683958435606320e-01,4.657209361648587675e-01,9.491832462843589058e-01,6.250395902821035410e-01,5.577079924003672806e-01,8.662894993579031144e-01,7.820847408875730711e-01,9.908525000658126303e-02,6.454704083535949266e-01,5.989881832412591312e-01,8.856613632490363264e-01,7.953192240624495923e-01,9.550239225653383013e-01,4.025341791467610397e-01,-9.860559584259306898e-02,8.696791914003292323e-01,7.003641855812480221e-01,8.079291614956511935e-01,3.677577956825806016e-01,5.736344534269239848e-01,8.996149067982290859e-01,-7.764230664010911276e-02,5.938453886888895861e-01,8.898602154526320529e-01,8.642808807117814407e-01,4.190697629091235665e-01,5.588445058944011556e-01,4.620854773074859478e-01,9.801257498931608136e-01,9.378670536391701118e-01,6.568600427147717191e-01,7.763261774639719226e-01,7.456256928645008664e-01,6.671876289179365926e-01,7.899186461359835043e-01,6.354923310450979468e-01,8.769529599004859399e-01,3.178605867752061220e-01,9.671151021262204273e-01
8.061876118032229588e-01,7.841488077222345809e-02,6.969340922028463003e-01,5.101301839300954599e-01,9.105005449577416865e-01,7.185391557631303217e-01,7.687638561674154936e-01,4.115579461903263181e-01,7.929228258780343097e-01,8.765282496500023113e-01,4.145603219745059853e-01,7.769521539994798109e-01,7.667277341822622549e-01,9.070850270593613374e-01,6.065290570924969371e-01,6.031444947598459949e-01,7.241427351767542042e-01,0.000000000000000000e+00,9.031662417268329079e-01,7.485686045152634138e-01,8.055158635210741824e-01,8.616397862580821299e-01,9.735591048112245405e-01,3.123140799928157407e-01,7.703123526291940637e-01,8.432296164323155319e-01,7.986459192411301533e-01,7.086841527255016704e-01,4.887799663463083810e-01,4.456339407489159354e-01,5.880121400914862795e-01,2.763944719199763478e-01,2.704026968288862909e-01,8.965471047342792321e-01,3.230589345909234966e-01,5.723494468378096389e-01,3.117204603211395919e-01,9.856964414815723441e-02,7.015855846334171364e-01,3.292517670691898490e-01,5.834388423770547893e-01,7.282802061276235639e-01,8.611096792680943413e-01,5.461397379339959501e-01,9.987739431944079316e-01,8.234025681015929576e-01,8.617029856670821442e-01,6.834007843788970638e-01,4.202249756680276338e-01,7.671364504598815470e-01,7.461281538712513095e-01,7.348901412540318479e-01,7.324287995517958505e-01,3.115455151029429270e-01,7.968925712282486362e-01,7.160126019173651546e-01,9.888180760413920467e-01,9.118329890372893765e-01,6.957168524261759801e-01,4.152186257323521867e-01,6.634595623087349292e-01,4.689632220618424885e-01,7.487927622620789148e-01,6.301851663074552468e-01,2.597320769537895258e-01,7.285583166534490562e-01,6.858122000438631183e-01,9.102419663596696964e-01,5.704013811288943803e-01,7.191040984558219051e-01,4.598094908748444620e-01,8.280833166268652956e-01,7.121415072763426224e-01,4.218803661236240066e-01,5.860297448247895336e-01,8.475081263521598851e-01,8.012185609706322653e-01,7.520834524261713616e-01,6.864682641664544560e-01,2.684728594410006886e-01,6.864151943016922885e-01,8.211554770057055697e-01,8.358165066746010563e-01,3.921474372274554865e-01,7.434362018135425298e-01
