0.000000000000000000e+00,9.570163805481972652e-01,7.595307759884044607e-01,2.518141006923802494e-01,9.283628713451463899e-01,8.979267866899384165e-01,9.622064085347582507e-01,7.255134846074554611e-01,6.684789057117905831e-01,7.942158635106568720e-01,5.119141606401291789e-01,7.593777057973917222e-01,8.032444568579979460e-01,4.862634592478726203e-01,7.662647573127159273e-01,8.229132771652623024e-01,8.049133891635318339e-01,6.134780343648210676e-01,7.833234486673003039e-01,6.072656733802309637e-01,6.712027656394620179e-01,9.681366994584488239e-01,9.898798983801879725e-01,7.411838830314085858e-01,6.818801237953937555e-01,9.900617241575121463e-01,9.774580358844195960e-01,6.443533287463804049e-01,7.687704362627342247e-01,2.625929386081990446e-01,3.709199619805950143e-01,8.843062462860266093e-01,5.301020788901495973e-01,9.039856405618366120e-01,7.167202973342399197e-01,9.240833009120127395e-01,6.926369194282292474e-01,9.601360994520578007e-01,6.826328545807278658e-01,6.910672848886690867e-01,7.512056321980840057e-01,8.738160474973035718e-01,4.042385552253726644e-01,9.070683001762309683e-01,3.227095622793696439e-01,5.004910969067570825e-01,9.946840309974492866e-01,6.958308506255452830e-01,6.556910920649919872e-01,4.407305715408417202e-01,8.037670345851553044e-01,9.210201661709500609e-01,8.189571192754069306e-01,9.781653763890519881e-01,8.391053830355699183e-01,7.686689417019584303e-01,6.982953660749290359e-01,7.979160055337960467e-01,7.733457755369328446e-01,7.162840024393473115e-01,7.061315565150032558e-01,5.871337993072006656e-01,8.417743149610986686e-01,5.184823072078488249e-01,2.901513336110792540e-01,7.515737295736520940e-01,8.244391525856511471e-01,6.095314762536383490e-01,9.744760291253584672e-01,8.207178644232983045e-01,2.847881100987845748e-01,5.249706426850150320e-01,8.053051474357035833e-01,4.509781943145494965e-01,7.049959517701317457e-01,6.223034856385786240e-01,8.578653397648972057e-01,6.187898821028504637e-01,5.293966970334232913e-01,7.499799575363848003e-01,9.515696674280552658e-01,5.279599748093690703e-01,6.892553212640963878e-01,7.711677899125388702e-01,8.079873680824363191e-01
9.570163805481972652e-01,0.000000000000000000e+00,6.897682515705341189e-01,7.609828183246284405e-01,9.264050271898630617e-01,4.117282103456184061e-01,4.154223509666509773e-01,5.631558765483621887e-01,1.352261000936193225e-01,8.463787543862015816e-01,5.556202193199258899e-01,9.972287996119655329e-01,7.683057491173114206e-01,8.251744291550632271e-01,4.142197365537801379e-01,4.006071858169686362e-01,5.309984772079480164e-01,9.974112102230321408e-01,6.526593318906502850e-01,3.856848983799610608e-01,8.711190430673516616e-01,5.457755420130686597e-01,8.129112366533074452e-01,6.112302229044251911e-01,4.763402339498097326e-01,8.519322333675813930e-01,7.148904582820042597e-01,4.471793470147354954e-01,4.669141854741115094e-01,4.083037845970214352e-01,8.974913991625375065e-01,7.346341402462334136e-01,7.983724635272357872e-01,7.878645951255702773e-01,9.165834982447177426e-01,5.516210128002742019e-01,4.449151427654403634e-01,5.435061467903200549e-01,8.174892770431108069e-01,6.242607530146668804e-01,1.549800770225643332e-01,9.450966055509550934e-01,7.190578283728558118e-01,6.071066210964697341e-01,6.102783530023048186e-01,9.643673060771825734e-01,3.061459088768547776e-01,6.404276643114219514e-01,6.347016974729206007e-01,5.224635763582784476e-01,4.108242254561523255e-01,8.321050607864015625e-01,6.760352408379641798e-01,6.945357417771366171e-01,7.064342038662994039e-01,9.527685378632732016e-01,2.548148168031648675e-01,2.568185336879771907e-01,9.587004356278066020e-01,4.729734453421897133e-01,1.287998565028164177e-01,3.782289133998136821e-01,7.787791658500805569e-01,9.662809596247547983e-01,6.987699042997844723e-01,8.296431586404617864e-01,7.472927677641525435e-01,8.172680187052090428e-01,6.802878477242441102e-01,5.450391207441263042e-01,9.516366982698163390e-01,9.057604986356903032e-01,4.474213024262201910e-01,7.686912100213240118e-01,4.737005413090561445e-01,9.568453132422248819e-01,8.749815697076781529e-01,4.386897755477917604e-01,1.140972864367466449e-01,1.531343305488093443e-01,8.612152045788409316e-01,8.875219285916770007e-01,5.729758750716213989e-01,5.870647769785706238e-01,7.712216637519189177e-01
7.595307759884044607e-01,6.897682515705341189e-01,0.000000000000000000e+00,4.801320342209139946e-01,8.684589676646947698e-01,8.045242516498193330e-01,3.145846468701793963e-01,6.130845924061082419e-01,7.546611846669596391e-01,8.787384107999476335e-01,8.633262159556528426e-01,9.313603290701647497e-01,2.872680199765228481e-01,8.177361791076683817e-01,8.419379167637957018e-01,8.176875064711538466e-01,7.524500936106280902e-01,7.937483887969731811e-01,9.862621335471660755e-01,9.744891545995545412e-01,7.389205921038550784e-01,8.150414989494828566e-01,8.091894300827454645e-01,5.933527683068975378e-01,9.179337136222455173e-01,8.552973035715345507e-01,8.422607897847586012e-01,9.785196228145934816e-01,9.440993379936146734e-01,6.667630972356108909e-01,2.152567336983280399e-01,8.090437942180008779e-01,8.080257150922942611e-01,9.549974223761028558e-01,7.216243822190719914e-01,4.860406483544641443e-01,6.601113208689988188e-01,9.885730946248950657e-01,5.600786851516404985e-01,6.126800255358655356e-01,7.661497664599408175e-01,9.545267851212213550e-01,8.501771581675955369e-01,7.115928822319238511e-01,6.383084447634778114e-01,9.228863914369186405e-01,9.871075171572305518e-01,9.763459594802258446e-01,8.895060246917390057e-01,6.149765853210361621e-01,7.786631808326571758e-01,9.541397268980319479e-01,8.240034315843267620e-01,9.779743801454774399e-01,9.425612784876525874e-01,4.295927833787817063e-01,7.390880461728601691e-01,9.835388638424051866e-01,6.741540438979923833e-01,4.645721188957332437e-01,5.088948960718728820e-01,2.974934799872567814e-01,6.425199505430677638e-01,7.931709385972341986e-01,9.275383028300363542e-01,9.892444717640709317e-01,8.373531815983662474e-01,6.285749317970985572e-01,7.856226550183870172e-01,5.910968451501574794e-01,4.106111601399816124e-01,5.472677807840414799e-01,3.725693378521479637e-01,4.138115084103397567e-01,9.954543816929289912e-01,8.126330431390794695e-01,6.267056342168221272e-01,6.612967855275937445e-01,2.537856582542266648e-01,2.912341457522316657e-01,9.800187186107707227e-01,4.849068400810521151e-01,7.345462717010557974e-01,4.753249799623915361e-01,9.906038014650838663e-01
2.518141006923802494e-01,7.609828183246284405e-01,4.801320342209139946e-01,0.000000000000000000e+00,7.909684428076536600e-01,4.048266558772295465e-01,8.862166106899297402e-01,6.961330162292156398e-01,8.531270276998240698e-01,8.979585925971284022e-01,8.813473530154531943e-01,7.059745355227786678e-01,9.511463950156691105e-01,7.632649227232114475e-01,3.846150002677413415e-02,4.238570029698845998e-01,8.980829088518448300e-01,8.025515692996004757e-01,4.163056480697729378e-01,9.269804180866585419e-01,6.233245209473334825e-01,2.666695025039411138e-01,6.275261644601078936e-01,9.977188357799613438e-01,9.335582824901175192e-01,6.558171883574508421e-01,3.128723167497269864e-01,6.002244384676435063e-01,4.891833890640847615e-01,2.031647797220045848e-01,3.302753802207048506e-01,4.399857356593840363e-01,9.086172993632862793e-01,6.008560474971174070e-01,6.834729788946120044e-01,-2.652651683607343269e-03,2.584745255287628288e-02,4.192380509783565357e-01,8.588219750156509402e-01,2.928241849542297937e-01,7.353547208061957940e-01,9.374638436272897390e-01,9.944767543351661354e-01,6.757821105566640396e-01,8.869477291659134677e-01,7.754564926693657823e-01,1.766878131561374077e-01,9.579900357078656725e-01,7.976393263282126611e-01,9.372653162889923451e-01,7.526523816264206745e-01,7.727843372858747006e-01,6.316698974223423635e-01,6.985770176091093964e-01,1.206812722382144404e-01,8.003875022705131403e-01,3.655519714461625824e-01,7.888918511357901897e-01,8.884206362671920321e-01,7.882486886203184939e-01,3.647968650827115855e-01,6.773559180986663542e-01,7.037412977956545301e-01,8.326606152507144420e-01,4.987436812576417910e-01,8.205520164478422585e-01,6.691420818950253313e-01,4.123307368974042930e-01,5.346631082965060955e-01,7.227329354886190271e-02,8.764995984995729295e-01,5.370225558264102306e-01,3.655629065048178195e-01,4.773835175935628450e-01,7.297411286035316857e-01,2.528334777013397372e-01,7.532292845048367269e-01,8.745104012955650097e-01,4.447407474482079071e-01,-1.758493396971024247e-01,2.087232284066890542e-01,8.244016100282022252e-01,6.441435607998824420e-01,2.773603017630117407e-01,8.317219727342334279e-01
9.283628713451463899e-01,9.264050271898630617e-01,8.684589676646947698e-01,7.909684428076536600e-01,0.000000000000000000e+00,2.615787350612246431e-01,9.958710607908136669e-01,8.368837467229837124e-01,5.382629249046551045e-01,7.836922296928111598e-01,9.875129979609856834e-01,6.412843305246813674e-01,9.412679443404150526e-01,9.122922351718283362e-01,4.878781895103721511e-01,6.521307580658155523e-01,6.585655450142890999e-01,8.495379174107184905e-01,9.956143414612650400e-01,5.224604754136397133e-01,9.832758311610213520e-01,2.303749599097074108e-01,9.399786402608756308e-01,8.428255658856220744e-01,2.436147238809581173e-01,4.337832616566485444e-01,7.516942468833520685e-01,6.956991773473130136e-01,2.989612863755949923e-01,4.182830410267627252e-01,2.299595288625980449e-01,5.222363159426743895e-01,8.291509403924284261e-01,9.131325734689091922e-01,7.934623359064054693e-01,4.384358775476936976e-01,3.704145302920386351e-01,5.960088924001637478e-01,9.370515211200080019e-01,5.860031335208946146e-01,1.738206633680385860e-01,-6.596124257565014193e-02,9.655491062150458603e-01,9.196663423233513157e-01,4.845437198891068276e-01,8.515715531718786035e-01,9.588907010107083906e-01,6.408678495598575386e-01,7.358358476803555925e-01,7.430511709183297286e-01,6.320055147280086993e-01,7.474317846840264901e-01,9.719053956276614281e-01,8.600630463064682374e-01,9.007162766962824030e-01,4.633857720244032308e-01,5.610016216884659013e-01,4.788603417903771753e-01,8.770417386478606137e-01,2.299942421631743228e-01,1.455350887009787672e-03,7.399891347305250777e-01,5.243212802676098239e-01,8.406459762321727425e-01,6.978993050357811256e-01,9.562978722885125960e-01,5.205309477385831052e-01,9.689511515501975092e-01,5.197966255852315420e-01,4.159672569025906208e-01,6.571321081983574341e-01,6.986499613322975089e-01,7.519198997362215309e-01,7.874552217761382478e-02,6.903266485762559190e-01,8.841257131280315651e-01,9.737441806193791738e-01,7.172991205358076883e-01,5.755831442421217581e-01,3.476236611585269420e-01,7.148891393951850581e-01,3.003882198619250432e-01,7.168099651676848039e-01,2.911082596136012612e-01,9.353669855797496213e-01
8.979267866899384165e-01,4.117282103456184061e-01,8.045242516498193330e-01,4.048266558772295465e-01,2.615787350612246431e-01,0.000000000000000000e+00,6.051491302533186234e-01,9.593409969378795532e-01,5.449794564439208733e-01,8.628313144596995166e-01,7.717102934608488507e-01,6.859730253554818802e-01,6.863929518002152008e-01,7.338173542605521682e-01,9.863662634440188981e-01,4.237110183781528927e-01,9.723641281560705396e-01,7.403249233352131586e-01,4.796579836675615716e-01,6.800687159153866457e-01,7.644661050891513598e-01,7.735674963215209976e-01,6.981060195636360488e-01,9.906101801109943317e-01,3.930137630449752617e-01,4.148734810739554968e-01,9.993621834981758489e-01,3.440102382953913462e-01,3.834505064739739399e-01,5.134955248859947030e-01,5.176562111924498666e-01,2.076402519447606843e-01,7.788495223890680164e-01,5.584128437346798091e-01,6.837446921426924007e-01,6.204459065392768924e-01,4.258878230036692303e-01,4.239546739975424972e-01,8.300944022892986496e-01,4.624355344908102627e-01,3.229302264965348557e-01,6.553993771236730215e-01,7.136028814879270543e-01,8.939551703685649775e-01,8.664920473274294599e-01,9.463016513094048010e-01,5.384781898383170784e-01,7.435922595844819405e-01,2.698031254437186499e-01,7.910487533796068949e-01,4.686172886528038872e-01,8.849568265716289961e-01,9.294007707474487567e-01,1.264446388899794493e-01,6.052005961857744865e-01,2.190826746389390456e-01,8.819790418067425808e-01,9.980404909834164062e-01,7.652269558554414264e-01,4.902697841675393020e-01,1.442563752793398490e-01,4.432874497848839357e-01,4.182834005882196671e-01,9.374540600427736514e-01,6.702587762659152348e-01,6.515036958630663344e-01,8.357362402778766297e-01,7.317890861790993240e-01,-1.084975697675195083e-01,9.776040870061942778e-01,9.434843602426402631e-01,4.487145715131368173e-01,2.644802653542326354e-01,6.165203648520509727e-01,6.006776835262123138e-01,8.337582202635868134e-01,7.439519506285547923e-01,3.146341368119618398e-01,5.168225706605510394e-01,4.447303384514787461e-01,5.940422979840864759e-01,4.423287970591184282e-01,9.211196617502317441e-01,3.782413839325198257e-01,4.027562497063297831e-01
9.622064085347582507e-01,4.154223509666509773e-01,3.145846468701793963e-01,8.862166106899297402e-01,9.958710607908136669e-01,6.051491302533186234e-01,0.000000000000000000e+00,6.776427342152193667e-01,6.370884954571697234e-01,1.864438019424512760e-01,6.765389449440459835e-01,7.227660299395863852e-01,2.932917234611615021e-01,4.545903787818969533e-01,4.402676304915680294e-01,4.562013406184697861e-01,9.037475289570870984e-01,7.182588507969032143e-01,7.021626381874485068e-01,7.480071633220974903e-01,7.115878972389703128e-01,9.950736479714201721e-01,7.201318039620020484e-01,7.935504260223678052e-01,2.275290331668606281e-01,8.970530302824185620e-01,5.108910055129640693e-01,7.294234327950608332e-01,8.312523442600463497e-01,2.409293367920598838e-01,6.019152094070522319e-01,6.017686259497743162e-01,2.983217364693319662e-01,4.321442324739798724e-01,4.525121777829949066e-01,7.436551648338682874e-01,6.372180971402607863e-01,6.227306985639727843e-01,9.676790823624488169e-01,3.111898351821344444e-01,4.863227216012686038e-01,6.903766971612027570e-01,6.584736029289919301e-01,7.517588487900068728e-01,7.945409322929501972e-01,6.160442352486403816e-01,1.268560681238301568e-01,6.651799576970205408e-01,4.707857774901987868e-01,7.452711676768801752e-01,5.424072921826205151e-01,6.493719047568777825e-01,4.276729294641740120e-01,7.933468497500762995e-01,7.010648214839978465e-01,5.841475934038804496e-01,8.000947857155966958e-02,7.204694893390477528e-01,9.202587279170312273e-01,4.076676496139702149e-02,2.743809306378865442e-01,6.088062251193008256e-01,6.637484609978990813e-01,8.570534402698217757e-01,9.045191727446411090e-01,9.079335933163131811e-01,5.473271407751226780e-01,4.523906946151955988e-01,5.179801894290633202e-01,4.972849648000847167e-01,2.400600998427880328e-01,7.756308526873358922e-01,4.269041806823774543e-01,7.146808896985230586e-01,6.329415939118641088e-01,6.170364879118391821e-01,4.295418486415887860e-01,5.543041536367856459e-01,1.837208857927240813e-01,1.214378991955026299e-01,5.786772018897025083e-01,4.374764521818791940e-01,7.369838276678747357e-01,4.844099296235014340e-01,6.919243050631559422e-01
7.255134846074554611e-01,5.631558765483621887e-01,6.130845924061082419e-01,6.961330162292156398e-01,8.368837467229837124e-01,9.593409969378795532e-01,6.776427342152193667e-01,0.000000000000000000e+00,5.693819638824204610e-01,6.718896970455845441e-01,4.565390230513325931e-01,4.391618227278865638e-01,9.924008680655629355e-01,6.579256266271937825e-01,5.040632619439268103e-01,9.115450078763047692e-01,8.774897352306108012e-01,5.922062187152825619e-01,7.247466728308474826e-01,5.670786537484714396e-01,6.544459245761282684e-01,5.565857391047316360e-01,2.959167971246416395e-01,5.992790176607553088e-01,5.999482559525042280e-01,2.164202351371032895e-01,8.181553448277387730e-01,9.881147931428450049e-01,9.616235594551870713e-01,2.302276671370585837e-01,7.210823812378213127e-01,6.093848318671228892e-01,7.927990898022523325e-01,2.408544674868305924e-01,8.983319998418087815e-01,2.642515217706785102e-01,9.222698659618888684e-03,7.345165100549494452e-01,7.921667474010798404e-01,9.199161125917956205e-01,4.193208846061577955e-01,3.787204805030790489e-01,8.073502043162006370e-01,4.131099971806839743e-01,8.287590599309950790e-01,6.832822931855415671e-01,9.688536312057378641e-01,5.468845439201881486e-01,5.693915958533685151e-01,7.478305835696049675e-01,5.797073662953984297e-01,8.289159010554179030e-01,3.900282491010844677e-01,5.600347983353862746e-01,3.844675997291790992e-01,8.912068212232050479e-01,3.104628798057113559e-01,4.706500706536240197e-01,6.435081966361171357e-01,5.268504532761529857e-01,2.779752603547954171e-01,6.681467389417212743e-01,6.741171892755204453e-01,7.789936494438802761e-01,9.606023011880355789e-01,2.430050191447379326e-01,4.164405137332701790e-01,7.022281234650669113e-01,6.316318656588602032e-01,8.217768617044209911e-01,8.906371321582373657e-01,7.653001568346059491e-01,6.956990644781627653e-01,6.927787146938120255e-01,7.008617115575348500e-01,1.570223393726473404e-01,7.756869217600204092e-01,4.244929302900229962e-01,7.564848471695579946e-01,4.039806056687406111e-01,7.680215094317195401e-01,7.214159366121772887e-01,6.682415337406962808e-01,4.009124441584167586e-01,6.127746524841064524e-01
6.684789057117905831e-01,1.352261000936193225e-01,7.546611846669596391e-01,8.531270276998240698e-01,5.382629249046551045e-01,5.449794564439208733e-01,6.370884954571697234e-01,5.693819638824204610e-01,0.000000000000000000e+00,6.383611226834106089e-01,6.027235316078878302e-01,7.017098464632268717e-01,7.336475782850094829e-01,9.512837084498146911e-01,4.610372641211815115e-01,6.712033307644718061e-01,2.321395201184461854e-02,5.768563118667872081e-01,5.381726802561634937e-01,8.357988661776647454e-01,8.939259399191216149e-01,7.128632224133653050e-01,6.108800663341168447e-01,7.536389775733778329e-01,5.507838678178924585e-01,7.327135535921053267e-01,4.004235327323876215e-01,9.776874954670036200e-01,4.454972638294861231e-01,-1.428601797786802907e-01,5.406234317678513257e-01,2.512915899908421680e-01,6.818593364847534977e-01,5.203347574944423570e-01,5.944228444355912355e-01,6.646284088196362516e-01,4.942732987779171472e-01,7.168276152286940928e-01,8.576617907942297725e-01,7.647581409921757611e-01,5.138178123545935616e-01,9.755083786064129292e-01,9.530443610531293963e-01,7.252290614713416961e-01,5.913708479990369415e-01,7.717947614406686085e-01,3.553885693587480743e-01,3.306013602812601926e-01,4.698309982418786834e-01,6.098447202097371234e-01,8.834478923489760271e-01,3.134709377461405433e-01,6.018484322307886547e-01,7.256985660306979335e-01,8.300344388473447355e-01,4.954847922624386336e-01,6.164401020519436614e-01,6.907186586508927695e-01,6.368971917451019538e-01,2.050076024158641874e-01,5.233726910978968583e-01,8.992792118619765684e-01,8.936530412270985435e-01,7.079565662181117602e-01,6.747592118446799070e-01,7.344245824966031400e-01,9.718086429178979246e-01,6.098118041042016602e-01,7.451606664487284704e-01,5.122279576987203153e-01,8.533410353982993080e-01,7.601036262925414677e-01,2.871970212531264610e-01,-9.278248780462527989e-02,7.071201339223071036e-01,3.220091710938378093e-01,6.154157866017526679e-01,8.928761683542874028e-01,4.529712045382048302e-01,1.430389751279069477e-01,2.255035585206154602e-01,7.868357921365992658e-01,9.847019836588313257e-01,6.564979135884081440e-01,7.712361680656711904e-01
7.942158635106568720e-01,8.463787543862015816e-01,8.787384107999476335e-01,8.979585925971284022e-01,7.836922296928111598e-01,8.628313144596995166e-01,1.864438019424512760e-01,6.718896970455845441e-01,6.383611226834106089e-01,0.000000000000000000e+00,5.938125896280668226e-01,7.604702795961079120e-01,6.271044609320740593e-01,7.129803014255288174e-01,4.376715581035218183e-01,8.888580285276131976e-01,5.769285583930797712e-01,6.458506841890172545e-01,7.856612966597453784e-01,7.185086328217265006e-01,7.465939093482204525e-01,7.896547627039725015e-01,6.161821427602989232e-01,9.960244313572210739e-01,4.796723735413925827e-01,3.636984076141788202e-01,6.871672782297859605e-01,5.109513211274786526e-01,2.645410732413501775e-01,6.095896576400083866e-01,1.677373525903130269e-01,6.444560120830723493e-01,6.596852070977273774e-01,6.536866227956174003e-01,5.598673742969705325e-01,2.455296796397280490e-01,2.708956762427773279e-01,7.510104558951730125e-01,6.439101874559320926e-01,9.689019802403050496e-01,6.008473322581916465e-01,7.621562595370726667e-01,7.554862097138952404e-01,7.521981052583149863e-01,7.387322349234946017e-01,6.682275464762064132e-01,5.351341968918786884e-01,8.119973230219230675e-01,7.477891920200019360e-01,5.449387090610992024e-01,1.637442390079604237e-01,2.215589453307919565e-01,9.926010797267255104e-01,3.572894080500020331e-01,4.285305375612776246e-01,6.998476611955575244e-01,3.501914590470829591e-02,7.296219755858532885e-01,7.222823439261516487e-01,4.443743173051574180e-01,7.428130973882414168e-01,4.852155016347516336e-01,7.062263155109809176e-01,5.460550486632947953e-01,8.357117708864422179e-01,6.384172953401536788e-01,6.695325267898030175e-01,8.710130775443383211e-01,5.112035349580924537e-01,6.111476590625051220e-01,9.347796740601531651e-01,6.661336815201801542e-01,-3.303323546509376873e-01,4.637320215765792231e-01,6.792467459270434826e-01,9.129429318033146501e-01,4.232519851742771455e-01,5.199199893863306610e-01,2.904813699450818354e-01,1.795721060890510534e-01,3.369626332569326532e-01,8.275953760780537793e-01,8.966252391175817404e-01,7.678607256332485864e-01,7.919688354570223465e-01
5.119141606401291789e-01,5.556202193199258899e-01,8.633262159556528426e-01,8.813473530154531943e-01,9.875129979609856834e-01,7.717102934608488507e-01,6.765389449440459835e-01,4.565390230513325931e-01,6.027235316078878302e-01,5.938125896280668226e-01,0.000000000000000000e+00,9.241309130199891753e-01,6.803928679946017466e-01,4.016185252971277708e-01,8.920825167285095780e-01,4.500769300418311358e-01,7.855975803222176035e-01,5.486726341356303882e-01,8.280819106766668103e-01,6.302621138600703610e-01,6.976576927198697708e-01,9.921190932693790820e-02,3.943716432716773412e-02,8.746577966621970068e-01,6.448909701307594666e-01,7.504629894195598006e-01,9.178732812347951686e-01,5.833656668412017243e-01,6.917550269121442996e-01,3.985488821618780042e-01,-1.347168597207372698e-01,3.235713420770511273e-01,5.099816775629498755e-01,1.912193362894321069e-01,7.908395792161777571e-01,3.229391208360836707e-01,2.384354428347464361e-01,3.353819639193816871e-01,3.904889088714390555e-01,7.809812705175406267e-01,6.797765320217774576e-01,7.201346048666414923e-01,8.138809379646068098e-01,8.420529010535704462e-01,1.142877440301170444e-01,9.285306459463626982e-01,6.966465720788794780e-01,7.904078278727859619e-01,6.405213863099236127e-01,5.656078165661977408e-01,7.095759980463673955e-01,8.358531857058194570e-01,9.663298130156466881e-01,7.487322930067532578e-01,8.271196354984231558e-01,8.151013157844472223e-01,7.950946923110633335e-01,9.219103531613029867e-01,7.296971811723168555e-01,6.267593733505044673e-01,4.975274231786998014e-01,7.633852841652939425e-01,7.218502717331268803e-01,6.875226863341910022e-01,9.893418996332163928e-01,8.697337722498781343e-01,8.617780523150213590e-01,8.566903123181440760e-01,6.673047978110794309e-01,9.433909203436210422e-01,7.741123985821513065e-01,8.060564788382117429e-01,3.878101097303118250e-01,4.386488287609119907e-01,9.535185068800864361e-01,7.462926060941906803e-01,9.781245550708478342e-01,9.023264039735645614e-01,1.561444585568280419e-01,3.432434878142666124e-01,8.924908597753471451e-01,4.802098679391270108e-01,6.879953177559456901e-01,6.660033009691883610e-01,6.744862958601807179e-01
7.593777057973917222e-01,9.972287996119655329e-01,9.313603290701647497e-01,7.059745355227786678e-01,6.412843305246813674e-01,6.859730253554818802e-01,7.227660299395863852e-01,4.391618227278865638e-01,7.017098464632268717e-01,7.604702795961079120e-01,9.241309130199891753e-01,0.000000000000000000e+00,6.890000157303504125e-01,6.576598480123758694e-01,6.494299669487912929e-01,6.309191355512329125e-01,6.421661319538310986e-01,4.145171551295611656e-01,7.071892548246904164e-01,9.173670481509049734e-01,9.992395961150321027e-01,9.660442639889799121e-01,4.947262996483033359e-01,7.727261931894550129e-01,5.140059172999752457e-01,5.852706477137707974e-01,6.775949179370992503e-01,5.069560323347942488e-01,2.756276560673542875e-01,2.533969251997587602e-01,4.253392765622927563e-01,9.630981399978155721e-01,3.010890714448385408e-01,6.101217297919721005e-01,5.197200787443766457e-01,2.480329950774358139e-01,1.527491893688114888e-01,7.070731047845009165e-01,6.649785351543245904e-01,8.222274021379117892e-01,7.145399015344308102e-01,5.107672062844352823e-01,8.718282654762277151e-01,9.406814992821640464e-01,2.273038933251727844e-01,8.564974231438216012e-01,7.076956321304559427e-01,7.622057840901492742e-01,4.399299888610981313e-01,6.249110916407994987e-01,6.089806819590687370e-01,4.577126404688591776e-01,9.089659374433104455e-01,6.169074941199262918e-01,2.355447097365110931e-01,4.482668553266009326e-01,5.630387878031353210e-01,8.625540391546863139e-01,9.289136969014503142e-01,1.258924661175970794e-01,2.348010352494245001e-01,7.358981959369919057e-01,2.405992120631683107e-01,6.253627104276058279e-01,7.807749278958174832e-01,7.897241916935682227e-01,7.481652472456724601e-01,8.056557039854758129e-01,2.301464313487134317e-01,5.529069017188190660e-01,7.423635201038761844e-01,8.712237177221204831e-01,2.959270434314886788e-01,7.927305211657236228e-01,3.059808410217934038e-01,8.280819268022898694e-01,4.908523475215180731e-01,8.016222490494936403e-01,5.861385939321290817e-01,3.866477643029981870e-01,4.767106648140543301e-01,8.771272893758789158e-01,8.321722071960794276e-01,5.330243813312121048e-01,7.359699088093573094e-01
8.032444568579979460e-01,7.683057491173114206e-01,2.872680199765228481e-01,9.511463950156691105e-01,9.412679443404150526e-01,6.863929518002152008e-01,2.932917234611615021e-01,9.924008680655629355e-01,7.336475782850094829e-01,6.271044609320740593e-01,6.803928679946017466e-01,6.890000157303504125e-01,0.000000000000000000e+00,7.886424550063575456e-01,9.105346713751605314e-01,4.611875296243431732e-01,8.315046888906126865e-01,9.656122811264700179e-01,4.362668675191072043e-01,5.485784084409784933e-01,9.170466054517751875e-01,9.071046596005247764e-01,4.777505961662376066e-01,5.024891616761145707e-01,7.133530359207393978e-01,6.276422175877028886e-01,8.442243307297133681e-01,9.900940288835389236e-01,4.701663636035012805e-01,3.451784922585584003e-01,5.560822420717375092e-01,5.958305885211166997e-01,6.915988701939177474e-01,6.395457883284341172e-01,9.337525894779747926e-01,4.716775486164950792e-01,4.160652111492218475e-01,9.244133139091350593e-01,9.905124235438257374e-01,9.518634798611356196e-01,4.559498417598034092e-01,7.015060313990847396e-01,9.282917689285425933e-01,9.099884169618933649e-01,8.733084723279651573e-01,7.181965762711063350e-01,8.676119620853666170e-01,8.468645386117986673e-01,6.001222406874165971e-01,9.900386423413869430e-01,6.001647540189946062e-01,9.630906539222570117e-01,9.885544168654756270e-01,7.256329729157637853e-01,8.047496491303826049e-01,2.375672376678454947e-02,8.558912657073537433e-01,8.523202213751078782e-01,7.284929791635437191e-01,6.243793290864754209e-01,7.723164547593971418e-01,6.959832187786908486e-01,7.659243362944612166e-01,9.198485727846520410e-01,7.297199378593819397e-01,6.974369348824555059e-01,6.459790053005340926e-01,7.510534038663336798e-01,3.640040196575274889e-01,9.242400525309644177e-01,9.426957192905115468e-01,1.268369927185156454e-01,-6.952129581207977527e-02,6.790421650778916129e-01,7.417568494197603890e-01,9.045125989313193005e-01,8.063091157898446548e-01,6.566383365147345774e-01,4.396417328338969588e-01,-5.561017989919425641e-03,4.388855873087607606e-01,9.932496929391528839e-01,9.297111993609554759e-01,6.830126210983417101e-01,8.856185904346955962e-01
4.862634592478726203e-01,8.251744291550632271e-01,8.177361791076683817e-01,7.632649227232114475e-01,9.122922351718283362e-01,7.338173542605521682e-01,4.545903787818969533e-01,6.579256266271937825e-01,9.512837084498146911e-01,7.129803014255288174e-01,4.016185252971277708e-01,6.576598480123758694e-01,7.886424550063575456e-01,0.000000000000000000e+00,3.417525164636244783e-01,5.044969033158086535e-01,7.495293679311578749e-01,5.321396834939549070e-01,9.591119008832351689e-01,9.403710720648094101e-01,4.905166804064858832e-01,8.473121253179485279e-01,5.690508054649764391e-01,8.521045521504241327e-01,7.034157639379789995e-01,3.893382833943990207e-01,5.128549103492267003e-01,3.008780177527913269e-01,4.917584045071710097e-01,6.159524794359966249e-01,4.838644307755107787e-01,5.485602765323978058e-01,6.770223969088009497e-01,4.179448193204408635e-01,8.788005967875748281e-01,9.654593112644632713e-01,1.867154692654169335e-01,1.558742842553073327e-01,8.840823169192782993e-01,4.720264083678377687e-01,5.768576334393824556e-01,6.589923415237556314e-01,4.663971831756811848e-01,8.836155244339534143e-01,6.176887422541684769e-01,5.645415669367090938e-01,4.182388747895079417e-01,4.882615105878391759e-01,6.964463156012163925e-01,9.520578825440999537e-01,7.367967792038292441e-01,4.280353068316235521e-01,8.257951786424904128e-01,5.847210462891969662e-01,8.513243379383567122e-01,7.385407106785131237e-01,7.523113299517565356e-01,6.759595789214057904e-01,9.254646610754858616e-01,4.702264950582539793e-01,9.296013430503466957e-01,7.714127762665902166e-01,5.750967377419798909e-01,8.571643708887495272e-01,8.326779739745836517e-01,7.944829708229168563e-01,8.304748522248169840e-01,6.846007551020950599e-01,6.294237318681846771e-01,2.553018466358297212e-01,4.858873118322843965e-01,6.837354946583206194e-01,5.443912563223887169e-01,2.551223597874132110e-01,6.175924681974032104e-01,8.207441032487312604e-01,9.812006126647228044e-01,9.116207545493529851e-01,5.793953798909630137e-01,3.133646974152667353e-01,7.873116347927940906e-01,8.794647478444924671e-01,9.872481079675093918e-01,2.672630108059803784e-03,7.025456162452816677e-01
7.662647573127159273e-01,4.142197365537801379e-01,8.419379167637957018e-01,3.846150002677413415e-02,4.878781895103721511e-01,9.863662634440188981e-01,4.402676304915680294e-01,5.040632619439268103e-01,4.610372641211815115e-01,4.376715581035218183e-01,8.920825167285095780e-01,6.494299669487912929e-01,9.105346713751605314e-01,3.417525164636244783e-01,0.000000000000000000e+00,8.031456213485788087e-01,6.866322286437656075e-01,7.907259650084913494e-02,8.832821851331003060e-01,9.132308453111136481e-01,9.298410810264128301e-01,9.425603937605192550e-01,4.559852435398973336e-01,9.462110663292200297e-01,4.600924604555594044e-01,1.708286534288144809e-01,8.812873401555734176e-01,4.342782903336845357e-01,4.333069185460344253e-01,5.359301758590447884e-01,3.372442312001906473e-01,8.966397240258808798e-01,8.999814707869027153e-01,7.028265337685236647e-01,5.968366297768450401e-01,2.848396606373479467e-01,6.738451874434934208e-01,1.408629486134583553e-01,8.526579059528632820e-01,2.232787957507522403e-01,4.773530147847222516e-01,5.152661693890119299e-01,7.377509433589252152e-01,6.248496142212155435e-01,9.781977456857580133e-01,9.615402917080880796e-01,7.158927317161415393e-01,2.047432283235785799e-01,6.683018253987136337e-01,8.650996890679163442e-01,7.163523207013606786e-01,8.993200609098588316e-01,7.932218138713817979e-01,8.066123284213120304e-01,7.111112831783449328e-01,6.029054146160415240e-01,7.511964457904849457e-01,6.499283105925007797e-01,8.637195526297739567e-01,4.127073254605876373e-01,5.092135146736695983e-01,4.329300584401000740e-01,7.593090797570258843e-01,9.838431645750126409e-01,7.337498984352042175e-01,-1.419317328629546293e-02,3.554675463851321160e-01,2.998016815913339683e-01,9.361721680088206377e-01,8.222141811557199809e-01,6.928494962137687896e-01,4.727323853442867430e-01,-1.667318878668235249e-01,4.992293030486867345e-01,7.372405920351079445e-01,7.860079505297256075e-01,9.306705868079133692e-01,3.681207093026435118e-01,4.582701489584929955e-01,5.254953353367163293e-01,2.891142986994479358e-01,9.992861507415871092e-01,5.786690749510303711e-01,5.331602856731847417e-01,6.238665773172387130e-01
8.229132771652623024e-01,4.006071858169686362e-01,8.176875064711538466e-01,4.238570029698845998e-01,6.521307580658155523e-01,4.237110183781528927e-01,4.562013406184697861e-01,9.115450078763047692e-01,6.712033307644718061e-01,8.888580285276131976e-01,4.500769300418311358e-01,6.309191355512329125e-01,4.611875296243431732e-01,5.044969033158086535e-01,8.031456213485788087e-01,0.000000000000000000e+00,3.425856067561174889e-01,4.356116464354387041e-01,6.362967142071199733e-01,7.406298112177558401e-01,9.300734880496839274e-01,1.525854783835440820e-01,7.359603843923836486e-01,9.529386001194061206e-01,7.401662853558549360e-01,7.894579245481723184e-01,8.950422349693504254e-01,4.215964011890215302e-01,2.860371728751106568e-01,3.924694838993542101e-01,4.468989173682886284e-01,7.618672472113555694e-01,7.486779937679963748e-01,6.968030747207735187e-01,3.473916139982452522e-01,7.918493092889171692e-01,3.685821169455599788e-01,3.946368545385883220e-01,7.105043683959131329e-01,6.421919378259871580e-01,2.474540265452904453e-01,5.403961628594249333e-01,7.049545900047257119e-01,5.828126675644188515e-01,8.087940926639574091e-01,9.740036311302682215e-01,6.468888156154450897e-01,7.412400034270139049e-01,3.052364491141089098e-01,3.321300847545515800e-01,6.307175938358862144e-01,3.521468238880186563e-01,8.026165673521911126e-01,7.952054257882454902e-01,5.145664593922409935e-01,7.444035077845914117e-01,4.781902894468587073e-01,4.212126029296372476e-01,7.838800213882053392e-01,4.790569007242714283e-01,1.065863671876078334e-01,7.000106806397506931e-01,7.347321404410016576e-01,8.798051236503934280e-01,9.249380291383473285e-01,6.249470217531731819e-01,7.293352594501751884e-01,4.583551642854401531e-01,2.727998011619395258e-01,7.433794967349381944e-01,9.100798775496738990e-01,7.255192849680283107e-01,6.298911751369485890e-01,7.476045024412263373e-01,7.191646354959148058e-01,3.857656198074824738e-01,2.744721959925040533e-01,7.975535494777133971e-01,1.665264819503516902e-01,4.164190741777196170e-01,4.604731927166738625e-01,9.902613181351711535e-01,7.176876275605760247e-01,5.899636039605332671e-01,7.038575751979238015e-01
8.049133891635318339e-01,5.309984772079480164e-01,7.524500936106280902e-01,8.980829088518448300e-01,6.585655450142890999e-01,9.723641281560705396e-01,9.037475289570870984e-01,8.774897352306108012e-01,2.321395201184461854e-02,5.769285583930797712e-01,7.855975803222176035e-01,6.421661319538310986e-01,8.315046888906126865e-01,7.495293679311578749e-01,6.866322286437656075e-01,3.425856067561174889e-01,0.000000000000000000e+00,6.059838084992266172e-01,8.734351032067804166e-01,9.728438672681687382e-01,6.879353664536265178e-01,8.681824261415702626e-01,7.292797214507348302e-01,9.827988765653952186e-01,6.789839178462745428e-01,6.990423949880237853e-01,7.829619909431038138e-01,9.758296376691552032e-01,7.213618138263955260e-01,2.650482896641397912e-01,1.272921798596282628e-04,6.857891466872754194e-01,9.236756031934597599e-01,8.744042873444656250e-01,4.104342295877832503e-01,3.939312117497671406e-01,2.482817146838481315e-01,9.413166827252084090e-01,6.193270232688289356e-01,7.168158944079042749e-01,3.838615302762613674e-02,8.625326065012378640e-01,8.330484173002147275e-01,5.048609709957211367e-01,6.573310252116153496e-01,8.568609761419977433e-01,7.291574583779147911e-01,8.411946921326323157e-01,6.056316400056963589e-01,8.559568322356866377e-01,8.304315299250477622e-01,8.178903164948686522e-01,8.972453349292265345e-01,8.059964103510727229e-01,9.565419516786191068e-01,5.768353906346542770e-01,7.713083879933574361e-01,9.121783056017681579e-01,7.139379958763641953e-01,3.478078512095228447e-02,5.977165721295032430e-01,9.440829437927047429e-01,5.485909913874481569e-01,8.969392490688585795e-01,9.929543574896717573e-01,8.264482652248181793e-01,5.200888911829837369e-01,7.006491522048247100e-01,6.755044644882324256e-01,8.107041971033808192e-01,6.660061240219590228e-01,7.847355432188314328e-01,4.848298908025424625e-01,3.358663766721515787e-01,8.588702378977393082e-01,9.803719091506041261e-01,7.129618173293017502e-01,9.903200228461743748e-01,-1.881561357603258045e-01,1.531952675078918358e-01,6.079492374411411548e-01,7.111901673105092136e-01,3.055905225052689689e-01,7.922548326245836270e-01,9.907866628440784584e-01
6.134780343648210676e-01,9.974112102230321408e-01,7.937483887969731811e-01,8.025515692996004757e-01,8.495379174107184905e-01,7.403249233352131586e-01,7.182588507969032143e-01,5.922062187152825619e-01,5.768563118667872081e-01,6.458506841890172545e-01,5.486726341356303882e-01,4.145171551295611656e-01,9.656122811264700179e-01,5.321396834939549070e-01,7.907259650084913494e-02,4.356116464354387041e-01,6.059838084992266172e-01,0.000000000000000000e+00,5.075354785096111154e-01,6.337294097920227465e-01,9.246362633648436136e-01,6.931448578995644816e-01,7.328084798522420673e-01,7.857532227900207999e-01,8.121008834438266932e-01,6.701225794602408969e-01,7.848768604121822978e-01,4.062534196539349107e-01,3.222557398593811073e-01,7.986556268772451173e-01,4.250753591827513000e-01,7.501091690761138020e-01,6.506030364268311494e-01,7.152746443008253241e-01,4.679601614224037087e-01,2.070459934826451853e-01,3.596197037299823096e-01,7.499677310683664500e-01,8.614207114302021573e-01,5.694309326958107986e-01,4.973198685872628477e-01,6.859165994575467939e-01,6.029474157873560003e-01,5.974160672698847208e-01,4.318415861525524146e-01,3.893427348793403464e-01,6.795666696978381882e-01,8.454243863238380952e-01,6.443160378226773233e-01,6.747587754887934830e-01,6.358283914936074810e-01,9.868581823834202682e-01,9.823075717604491386e-01,6.711744822449816628e-01,9.435707495412384294e-01,5.757325196672411494e-01,7.160713589347882380e-01,7.042970357478307575e-01,5.464013144417413370e-01,4.760811237814217556e-01,3.356314352586518002e-01,9.374271631859574239e-01,6.612311296440351871e-01,7.513650359347218144e-01,6.479805884084153256e-01,7.068030010644488215e-01,6.709814934499707118e-01,4.772653148435028747e-01,6.416010992483446307e-01,5.752260999840238531e-01,8.885513046643321866e-01,9.426216959016509023e-01,6.796766224353504304e-01,2.326011441165283800e-01,9.137147495974672351e-01,5.409153795461101311e-01,6.960187595052026444e-01,5.472504359249080741e-01,8.188954557694197445e-02,4.305629541088977219e-01,1.687787797421727576e-01,8.998047995093507723e-01,2.432381711205628960e-01,5.516222862610731248e-01,4.886512247495575778e-01
