0.000000000000000000e+00,8.020571747298645970e-01,8.985164946586099433e-01,7.396282532453515302e-01,8.204937123521907072e-01,8.206641523331464905e-01,4.579275373590686038e-01,7.878147816154744687e-01,6.437131457681467550e-01,6.439978420229383049e-01,8.746329877499958716e-01,6.966905954516287025e-01,9.411725392930061496e-01,9.581257443660031736e-01,9.976994574617530365e-01,6.029264825432367747e-01,8.357729798182429448e-01,8.060105016353806828e-01,7.656504133074080176e-01,8.674911697662281984e-01,9.963858471210563783e-01,5.473311355945330581e-01,8.058733148638272947e-01,9.090396838312815309e-01,7.424951071752513565e-01,9.819874242096994221e-01,9.957710344585919415e-01,4.336186536853648410e-01,5.412068656772057729e-01,6.754005468531285583e-01,8.378525044375749464e-02,9.698166185742322920e-01,8.098182733386024568e-01,9.595325753651314793e-01,8.976411002873463385e-01,3.582947079506750843e-01,2.590540903522451921e-01,7.638249460442123606e-01,7.990916147061735142e-01,4.458016661212763632e-01,4.908051682001415839e-01,9.179818370700413288e-01,8.422930577150600229e-01,9.618368791598110867e-01,9.727416669287207718e-01,7.546126976570129985e-01,7.611298151801074718e-01,9.635232070858441578e-01,8.948442014920263698e-01,7.325773248120222014e-01,9.775489057549082705e-01,8.122260616037472181e-01,4.446190927021627104e-01,7.828635136661200589e-01,4.543610254331911236e-01,9.715013216563128662e-01,4.088526738649176928e-01,6.546578569331061859e-01,9.997243562976793063e-01,5.880350903461366574e-01,3.979599793285442111e-01,8.539410138532559369e-01,7.986309164755410750e-01,9.028292995445726943e-01,9.557412524972723755e-01,6.705760132379710026e-01,9.542997852787866719e-01,4.085936207293046629e-01,7.476794699285362888e-01,9.699113444605458323e-01,8.753597521989918695e-01,6.457009915981387627e-01,5.941800733712675475e-01,4.327843856593077687e-01,9.548730480485622119e-01,7.766487483599329167e-01,9.611434267366920636e-01,4.200386203192417733e-01,7.926437997845465766e-01,7.977347729638963880e-01,5.091664562525497484e-01,9.252551639155328633e-01,7.826102875075805487e-01,1.870829424430495158e-01,7.787085636673359845e-01
8.020571747298645970e-01,0.000000000000000000e+00,9.174522830603254464e-01,9.212156293000828278e-01,5.891057755074123881e-01,2.488063105570197664e-01,6.899307041113793559e-01,5.082044456697760726e-01,7.872057883044836224e-01,6.574489015216523624e-01,3.307945828347311767e-01,6.166403036187417808e-01,3.859826271113686036e-01,9.156954446673095660e-01,5.408641404815572873e-01,8.519499382644248886e-01,7.389011606737748705e-01,8.771070778053452477e-01,6.114852564858012096e-01,6.964990145169217550e-01,9.088382745519724137e-01,4.528444879441507198e-01,7.391591537343608076e-01,3.623129188548960267e-01,6.718185265219895896e-01,9.587463104492137678e-01,7.002980210269601491e-01,3.240427962282027563e-01,4.975948218909480580e-01,3.340521165563763439e-01,1.986144325988538073e-01,9.700006528770618308e-01,3.940710737408833486e-01,3.908737810992090611e-01,7.588803372193472230e-01,7.007275780053385805e-01,9.702000240045167700e-01,7.492030437174351798e-01,6.830189301795059897e-01,7.896061261369751172e-01,2.964650548629993443e-01,9.126759562656860947e-01,8.433653442005634160e-01,6.861846395619403127e-01,9.393017362237165990e-01,5.040283616924527976e-01,8.712702398886912336e-01,5.861220554984856168e-01,1.152564836018315497e-01,1.213249841323451456e-01,8.128206930804087182e-01,7.851879735646265512e-01,6.396479229156195601e-01,8.846777216015357936e-01,8.684128465760307947e-01,9.843254234315205187e-01,5.682474326538318188e-01,7.038563429108937175e-01,8.802495313466864868e-01,6.198067209693994828e-01,6.860361599129716215e-01,5.423093285661289009e-01,6.639210438155322969e-01,9.189638745339587800e-01,5.799468788463191249e-01,7.492388616212698471e-01,8.752172905803262681e-01,7.934818309760596211e-01,6.591547632854857230e-01,5.613201594589694032e-01,4.536830973443273241e-01,6.733640822929582992e-01,7.056961253757985109e-01,7.819773611535740798e-01,6.257555192681087952e-01,7.708913525217354623e-01,8.866579003877610443e-01,3.291486574623297967e-01,9.614794558321514140e-02,-1.288442446192528124e-03,6.168266823551930012e-01,7.145693847639974505e-01,9.698600509898129829e-01,2.360718010007029355e-01,6.341154933893247136e-01
8.985164946586099433e-01,9.174522830603254464e-01,0.000000000000000000e+00,9.185963908280144752e-01,7.021983788173868923e-01,5.260344847607623109e-01,7.415907633534425392e-01,4.628879647803361697e-01,9.351291702822982499e-01,8.522215293582503515e-01,7.982434063249079781e-01,9.550585395596661309e-01,9.273959571601473328e-01,9.449304323614452494e-01,7.762455710607328863e-01,8.962461601398613587e-01,9.796746765006281166e-01,7.959740167656141896e-01,8.697188497712281530e-01,9.582937918761122997e-01,9.420294724806944631e-01,6.069152084396496338e-01,4.285972772037564549e-01,8.841080365484530468e-01,2.496971935647733232e-01,9.350222298261821052e-01,8.592051209607506346e-01,8.901003133117334487e-01,6.116248347194946922e-01,7.359294099244950704e-01,5.647359383434018554e-01,8.970334996553231965e-01,6.233725670877255931e-01,8.208816697451883915e-01,9.641537483621908100e-01,5.956610378928520744e-01,5.975656051628531751e-01,6.687761867621206946e-01,8.106484265095108555e-01,7.310114332888846267e-01,8.716975410575765471e-02,6.722033835217404718e-01,7.316921169969434757e-01,8.054374892338785896e-01,8.436078763804012448e-01,8.319479887383340877e-01,9.974948453452142649e-01,8.090555956432606832e-01,7.559966406101721326e-01,9.437999342393849078e-01,4.929172615700438964e-01,6.210298535100324813e-01,7.663548760409509830e-01,3.600941951305528521e-01,8.986911809034590082e-01,7.472235261749665680e-01,9.169689597190089358e-01,9.023118521300453887e-01,2.135248204457028121e-01,7.183709987485362713e-01,1.568047039513974228e-01,7.984002922046639084e-01,9.020594714566779748e-01,9.313101709950815099e-01,9.245061823302119786e-01,9.357230432876780801e-01,6.845222129348095264e-01,5.587555922315429191e-01,9.436740047758309657e-01,9.907144434834731506e-01,4.715155949528324064e-01,8.046504020862834672e-01,4.401496795800353690e-01,7.931659420124261839e-01,7.569121589490596103e-01,5.773970574469415862e-01,7.468080099334851729e-01,4.838740551010815016e-01,3.913021692315413746e-01,7.198923538197153638e-02,8.528415051029135663e-01,7.896145917562109595e-01,7.647853934472853554e-01,8.909473056690551118e-01,6.156227962634275297e-01
7.396282532453515302e-01,9.212156293000828278e-01,9.185963908280144752e-01,0.000000000000000000e+00,8.887871486150904499e-01,6.878100882682834927e-01,9.877928014178791738e-01,5.191932961318842521e-01,9.440320712410485982e-01,8.459678759972265594e-01,5.351684390067994457e-01,6.144373770136468682e-01,8.788796301378669629e-01,8.999762025385501518e-01,6.448294267999606921e-01,6.675819443299133571e-01,7.348576494577182538e-01,9.202208015968925681e-01,7.501682474064184092e-01,8.616266028098543694e-01,7.570558960913391644e-01,6.761847933385243259e-01,8.205157366407233033e-01,6.066185422426110252e-01,8.313652213315864126e-01,8.721125017712452188e-01,4.467675618384435166e-01,9.360586866682799601e-01,7.007501141988302651e-01,5.433707986664151335e-01,3.797749073244341966e-01,5.059804544052353553e-02,7.011421130101783694e-01,7.894963956524039261e-01,9.223626965628020091e-01,4.702493531435183449e-01,6.349081293289529082e-01,4.398163076157237672e-01,9.515101546156955470e-01,3.537271668836917682e-01,1.865242630375630595e-01,8.569024588799835085e-01,9.354495494360212104e-01,7.931755900898895817e-01,8.152701167140842253e-01,9.531855917787537269e-01,8.154414212699534481e-01,9.463871539204131711e-01,6.047381285138996310e-01,6.878279423292052996e-01,7.545997942912661127e-01,5.315054057651094066e-01,9.906787788019311147e-01,6.185106541821573378e-01,9.420020926703075448e-01,9.361708996285330597e-01,8.735809968366106126e-01,9.034642697012243984e-01,8.870222889987752213e-01,4.828278352598106005e-01,4.351907129303158595e-01,6.556848832158538309e-01,3.729654561963773873e-01,9.359690629023431629e-01,9.884947640432757421e-01,8.276899003041784386e-01,9.924033232280528027e-01,3.541920363918128478e-01,5.029741118435717695e-01,8.020792285073852224e-01,6.182671948568690956e-01,8.066376429075446941e-01,5.044101939448402128e-01,9.662994223007917993e-01,5.450406821332938190e-01,6.169525864799194625e-01,7.513851447317647647e-01,6.162743257473917158e-01,6.070723193619534941e-01,6.177441997137145951e-03,9.959452891468690838e-01,6.730209323525029319e-01,8.370988458375275831e-01,4.093910014757224380e-01,7.361626783844970046e-01
8.204937123521907072e-01,5.891057755074123881e-01,7.021983788173868923e-01,8.887871486150904499e-01,0.000000000000000000e+00,7.866991360166970537e-01,6.018433328846697350e-01,4.810552126115953397e-01,4.074444277493030619e-01,2.241906663281283407e-01,6.245233868078515771e-01,8.985066504428022016e-01,9.755195165159806781e-01,7.260365662181396118e-01,7.042237656773641108e-01,6.880208504314131446e-01,4.224979777853535290e-01,7.439360466921636217e-01,7.379743906521447627e-01,8.027816597740534688e-01,5.564654022969428571e-01,7.696997152144009480e-01,6.725457017763989409e-01,4.338472740051255716e-01,9.196488731316858622e-01,3.556656174301567885e-01,8.458081781376063368e-01,5.270220273488437357e-01,7.502858474516151954e-01,3.619776262223796115e-01,6.693063758491554216e-01,9.448982276124817670e-01,7.579029931232033057e-01,9.284182664734154100e-01,7.518588395699022930e-01,9.137757898580647353e-01,3.482645158933646012e-01,6.553061737114337371e-01,7.536550722702954896e-01,5.355033625163655442e-01,5.088591707841105816e-01,6.660238078035607412e-01,9.906920773458696150e-01,9.131867903100591155e-01,4.966913428841160938e-01,9.139107485806996500e-01,8.398906601003310879e-01,3.961406458443845757e-01,5.901582538938991984e-01,1.506264134159612245e-01,4.630101093126014478e-01,9.940882120521588039e-01,8.311398349157115284e-01,6.044696930775115273e-01,8.572375612874592044e-01,7.391818065739760302e-01,7.046661390480953857e-01,9.395363644006369253e-01,9.416448726133849201e-01,6.718636447701498149e-01,5.064396790686839234e-01,6.256678460852729273e-01,9.827155692746507576e-01,6.565721869968472735e-01,7.446343924545449910e-01,8.459829037424335674e-01,9.374784457938182269e-01,8.392677804616244241e-01,4.413437677960240224e-01,7.287826119194769081e-01,7.141951117453734232e-01,8.838085240095996387e-01,2.090951567261928323e-01,9.767065861063718435e-01,4.807138187408261376e-01,4.267305688459713253e-02,8.765554147963170450e-01,7.655889745482710174e-01,1.206785335880738580e-01,1.547690542829208704e-01,6.702527893608972720e-01,8.883972241652379198e-01,3.377600249143390965e-01,5.826871438264592529e-01,6.377724998350078334e-01
8.206641523331464905e-01,2.488063105570197664e-01,5.260344847607623109e-01,6.878100882682834927e-01,7.866991360166970537e-01,0.000000000000000000e+00,5.626677770671054124e-02,5.021995823713626406e-01,4.159790359886028632e-01,9.314303533837239302e-01,6.440770357016579739e-01,4.652041575333300538e-01,6.088804684720607874e-01,9.097906403821955923e-01,9.294321771939035859e-01,8.328443371147757901e-01,8.271721623087888720e-01,7.260399254476381792e-01,9.367066408707207525e-01,9.241810733308699621e-01,6.523434780349292028e-01,7.707015955313929467e-01,3.755977287216418214e-01,4.660521194138241285e-01,2.387682240926293220e-01,7.063503130382117190e-01,3.339407423877516212e-01,6.189557097218164605e-01,7.260451798876939034e-01,6.241412307690118455e-01,2.863736307810917925e-01,8.420117837294383012e-01,4.303493738415212766e-01,9.842185752154538614e-01,5.404283803269762654e-01,6.817771031583250707e-01,5.069302336857176572e-01,8.805748656068802527e-01,9.871051001650077428e-01,7.662144616701640487e-01,4.244616625226991236e-01,9.283449324396437774e-01,6.868937984237925010e-01,8.173634449636298926e-01,8.283692143373916350e-01,8.702433279930218424e-01,9.824587751573956584e-01,9.684136773575685586e-01,6.590353443047972659e-01,7.670321555176202732e-01,6.547861634551677135e-01,7.093275795506894799e-01,4.740790565166159709e-01,6.940718437631987481e-01,8.049695125356692849e-01,8.687231924121476823e-01,6.778020077996189663e-01,8.686983260424239184e-01,7.819500375753544175e-01,4.991142770495238801e-01,3.787924070222689066e-01,8.574872003080589167e-01,9.070310159830584640e-01,5.655228948810272493e-01,9.089467381384916944e-01,4.469140977860433517e-01,9.154213536050676003e-01,8.012641435734332296e-01,3.189050622279022140e-01,3.456083486524862414e-01,9.293362535703036942e-01,9.694163375462799825e-01,7.377497935989509870e-01,6.842261067182319190e-01,4.287127594741811376e-01,9.332677745889133014e-01,6.378176998643377837e-01,8.416034758437974661e-01,4.797078963021495501e-01,3.271622055195860801e-01,2.382289543790119812e-01,7.098852038887927263e-01,5.106271212332024190e-01,-1.802523505716907004e-01,6.876593009843301463e-02
4.579275373590686038e-01,6.899307041113793559e-01,7.415907633534425392e-01,9.877928014178791738e-01,6.018433328846697350e-01,5.626677770671054124e-02,0.000000000000000000e+00,4.926519360275222748e-01,1.675937710481422982e-01,2.027525293328788780e-01,5.324474656198008304e-01,4.273253496351106517e-01,4.437637729440835344e-02,6.827884213263710755e-01,6.283065699577146113e-01,6.671773564064448214e-01,7.819439466911367598e-01,6.702665189790398825e-01,5.270972517782944733e-01,6.935871645536751950e-01,7.450854760763283569e-01,7.093259509168683419e-01,5.779743881244886472e-01,8.054333173962046066e-01,4.219065139688411570e-01,1.744606156260220531e-01,6.949377966727197098e-01,5.041093373875092931e-01,5.421928207925795773e-01,2.220294062310907424e-01,8.051421001647912634e-02,3.160287330073294210e-01,9.473677066813852576e-01,8.596669080954424391e-01,6.189097894662304311e-01,4.831375082279721345e-01,6.803297840258230034e-01,5.013185366130010756e-01,7.408271375371090484e-01,7.912247602791084855e-01,2.937550372176569446e-01,2.979426197375424357e-01,7.717608020752552145e-01,2.664622672043074347e-01,6.266414946769278682e-01,7.594902109957970548e-01,5.610097805481285560e-01,6.574093952249915329e-01,2.788289273965703918e-01,6.576592099780429468e-01,7.228154291119320840e-01,7.155148162560824865e-01,2.903943026715888887e-01,4.371662097944861713e-01,5.959156910813330210e-01,6.491001435941651243e-01,7.295463163533199014e-01,6.800831316618729527e-01,9.163250233139986767e-01,2.211735829779935547e-01,7.501966223255336352e-01,6.495281623604900467e-01,8.256790111271867794e-01,8.536003305113089024e-01,6.269629438472353877e-01,1.495800544097503904e-01,4.254152869324143715e-01,5.433897908076251726e-01,9.848392023402136042e-01,3.033997910879175364e-01,4.282037055960254968e-01,5.696526797827367039e-01,2.808715994133040850e-01,5.306592623796914099e-01,1.233050807594230913e-01,5.018691683871038256e-01,8.992829844425492825e-01,-1.407233108002416688e-01,4.040945576969866559e-01,2.604006442660113940e-01,3.398493750185744289e-01,7.633724881508896498e-01,5.229278646510977513e-01,5.999020842018055744e-01,7.420268741712209015e-02
7.878147816154744687e-01,5.082044456697760726e-01,4.628879647803361697e-01,5.191932961318842521e-01,4.810552126115953397e-01,5.021995823713626406e-01,4.926519360275222748e-01,0.000000000000000000e+00,3.217810995434050025e-01,7.065227321310650899e-01,6.986727646723410734e-01,2.191605499102576848e-01,9.533594023281636298e-01,5.440719965842440997e-01,6.473724400473349627e-01,7.104626967667592163e-01,9.497139606068010220e-01,7.054961525445402337e-01,7.449410311206181579e-01,8.949542396704135427e-01,8.991497135889312542e-01,6.936470417703255453e-01,2.775659993541803594e-01,9.169433377595074264e-01,4.368848870670856144e-01,7.986922506292156720e-01,7.230988971199103776e-01,2.220787430822719621e-01,3.055791670971707563e-01,7.333391201816934490e-01,7.899837054963203542e-01,7.020580918625086708e-01,6.613946880628049918e-01,6.688035303021510058e-01,2.519278121105902879e-01,2.684292707489213670e-01,2.943359916570399415e-01,4.183310044604583999e-01,7.133553725443603222e-01,5.889154516020218555e-01,6.458931858072751719e-01,5.874727828799743978e-01,8.349223672573381494e-01,5.074334104071202001e-01,8.275919271004466005e-01,4.767168637593732217e-01,6.870516691275516674e-01,7.554358124516544759e-01,7.409972072394467313e-01,4.122467329336269026e-01,1.222538524014040590e-01,6.943993826323024976e-01,4.001327618284062915e-01,9.496545682205015382e-01,9.943560950987146985e-01,4.756919046936355921e-01,4.242700371559354755e-01,6.473419407738045805e-01,9.977776364128999598e-01,2.973374552452026087e-01,4.291033891019422342e-01,4.113336555004271644e-01,6.301940891252754140e-01,8.304651187675812229e-01,4.896176925023633109e-01,7.667541955923568020e-01,8.970648122249572642e-01,7.105620552791054312e-01,7.069815767627004588e-01,7.561420451147568000e-01,4.982243386265121088e-01,6.990054382961115031e-01,7.926059277878981790e-01,6.046504477864172999e-01,3.592670768510184409e-01,7.703453529152570756e-01,7.091077578699045425e-01,7.494053346325718623e-01,7.035586478428514923e-01,1.145174986364439623e-01,2.597091718539547012e-01,6.982891549949380439e-01,7.732030027284468865e-01,1.456638677224079970e-01,6.400773843750733327e-01
6.437131457681467550e-01,7.872057883044836224e-01,9.351291702822982499e-01,9.440320712410485982e-01,4.074444277493030619e-01,4.159790359886028632e-01,1.675937710481422982e-01,3.217810995434050025e-01,0.000000000000000000e+00,3.721345567581719749e-01,7.356852701094552804e-01,-1.204392554441773705e-01,7.467394458144557268e-01,6.531494281290761705e-01,6.278809816618720063e-01,9.688881743749149233e-01,7.189826218140803471e-01,9.244974101511680420e-01,8.043550738509662734e-01,2.693502112751835487e-01,8.494287848092662019e-01,5.486725750484886532e-01,4.446630571841138080e-01,9.154942721938817973e-01,6.022066874627739486e-01,4.391439140225047444e-01,2.875382592896165712e-01,5.421977849601884447e-01,7.718625918675565689e-01,6.766085064871060206e-01,1.698242491199182524e-01,2.021912355850332133e-01,7.581794494151671282e-01,5.058007016236470976e-01,7.250932967081772373e-01,2.721072151663918026e-01,6.005100912562767457e-01,4.834117223725644119e-01,8.113466877604882388e-01,8.045886710516625406e-01,7.434161815055742029e-01,3.380081791765214838e-01,9.737072807590835266e-01,4.405453175769479257e-01,8.308833185503701202e-01,9.588181743685204594e-01,4.574497284147766574e-01,2.791514810620508436e-01,5.219851725747290949e-01,5.039463671716766235e-01,4.124572331981326556e-01,9.937594479448811358e-01,9.009427687594909751e-01,5.644647945272874834e-01,8.525863554370136654e-01,4.756956453831226450e-01,6.496058127705395258e-01,6.008588745514183982e-01,9.649501754588849511e-01,5.051605949806098339e-01,1.155499134778709136e-01,2.168458170962424547e-01,7.260177149692168541e-01,6.893231825781943600e-01,5.999985137159347115e-01,2.510706589336672567e-01,7.048395340484131522e-01,7.302908313370206628e-01,4.401818591698185568e-01,6.705250428184647005e-01,8.785304897077126363e-01,5.976919958047458570e-01,4.739963513588852373e-01,7.580405137204737631e-02,8.392703729184545214e-01,9.328484165739525658e-01,7.108183145049905560e-01,1.489971651170002853e-01,6.754607079839185513e-01,3.512549347667173194e-01,4.163206144797310659e-01,8.497903538360443987e-01,7.304130939316514359e-01,-2.387210238151413200e-02,6.577190338458461794e-01
6.439978420229383049e-01,6.574489015216523624e-01,8.522215293582503515e-01,8.459678759972265594e-01,2.241906663281283407e-01,9.314303533837239302e-01,2.027525293328788780e-01,7.065227321310650899e-01,3.721345567581719749e-01,0.000000000000000000e+00,2.384311161695314152e-01,7.046710604563741764e-01,5.926469422046893865e-01,7.928279445898840372e-01,3.182192356020517865e-01,6.072875029074339404e-01,8.264996547923716408e-01,8.717858361145691681e-01,4.373840016107533035e-01,7.216463685965703867e-01,6.940102161874287523e-01,2.267602470344131094e-01,7.069818536230804140e-01,9.603585312260873863e-01,5.113377646500800733e-01,9.149371050571619701e-01,9.285052552562513828e-01,6.382587119046392310e-01,7.023578565321683120e-01,5.469624200211732346e-01,4.783560024873542149e-01,4.232080304656002379e-01,9.118039588747317570e-01,7.271129589062823584e-01,7.873355467466953694e-01,2.217735572598197591e-01,1.222368551567457051e-01,2.495393614059818188e-01,8.237537193790108736e-01,8.270459665027425633e-02,2.360379978825792313e-01,6.014096543493238078e-01,4.553931132669562093e-02,7.441503765493242550e-01,9.042198703241409730e-01,7.986959897052985369e-01,7.319304467457558028e-01,7.994591278973124382e-01,8.802483676073543650e-01,7.445305595471617410e-01,5.900401773005298223e-01,8.370603968095117198e-01,8.051499329906454117e-01,8.706784824257041144e-01,7.393296256744871231e-01,1.984991470104196035e-02,2.928398244767005387e-01,7.909546700233107686e-01,4.459751222070470478e-01,7.162723212801876127e-02,6.645806249298074064e-01,4.488703746664469696e-01,7.399778180677776263e-01,2.854623342854366030e-01,6.808869177590652910e-01,6.658768280917872762e-01,3.760961290762065978e-01,2.364706020000578723e-01,4.201491965229318670e-01,4.404201339966524742e-01,8.887101049036169043e-01,6.097662932688816539e-01,8.216240593974232231e-01,9.599760635094930494e-01,4.550380483819989608e-01,4.496348769546426039e-01,9.300820117135706333e-01,5.889022989032204336e-01,2.861413965567649598e-01,4.696928075609503872e-01,6.368112352208445959e-01,6.200116867486228367e-01,2.329191043672851347e-01,5.690238230376257755e-01,6.033458764101393701e-01
8.746329877499958716e-01,3.307945828347311767e-01,7.982434063249079781e-01,5.351684390067994457e-01,6.245233868078515771e-01,6.440770357016579739e-01,5.324474656198008304e-01,6.986727646723410734e-01,7.356852701094552804e-01,2.384311161695314152e-01,0.000000000000000000e+00,8.261894667837986761e-01,7.417210384479916430e-01,4.639733594673673966e-01,3.654270017454527286e-01,8.896168481600135181e-01,5.306994335504655602e-01,8.675097561749460784e-01,4.109276573204284078e-01,6.483641296314228697e-01,8.054700796264333551e-01,8.772239807042695459e-01,7.880929146061926849e-01,8.157295542678683065e-01,4.496381386668848457e-01,6.173043989868294279e-01,7.088130693395144899e-01,8.859337642222492315e-01,2.604239675325215053e-02,7.658001961499892873e-01,5.759295835603777114e-01,6.669056212086473812e-01,7.050759823950816241e-01,9.994959450596571093e-01,5.997764583942293282e-01,4.449445671681983572e-01,2.449370471597211718e-01,1.489456129479262425e-01,6.726792386815436675e-01,9.607837080522576567e-01,8.564052753213833302e-01,8.783030503412864176e-01,8.447364037264888381e-01,9.285632255005215052e-01,9.856121338185395153e-01,9.540331352295987610e-01,6.759487418687960547e-01,7.708287360294091561e-01,7.253744935962043172e-01,6.041741548019889940e-01,5.086271468763325920e-01,4.419959337511485953e-01,8.899513637720928294e-01,7.000760923390962898e-01,9.628314311934749181e-01,2.405418234567982816e-01,4.494122905858102812e-01,6.237711063980201365e-01,9.757092371563071964e-01,6.014027726346176106e-01,8.969924927420065419e-01,9.339115319390397518e-01,5.371287637030882633e-01,7.658169400389565062e-01,9.103185907835203983e-01,6.239030923254663685e-01,6.105208439560871891e-01,8.929624716969767340e-01,5.455330194603449367e-01,8.407075815585364209e-01,2.079802219711138211e-01,7.158926911926090098e-01,7.282335879916606025e-01,8.626201154948253888e-03,5.183814434746810695e-01,5.534646226076819220e-01,9.792918404791612907e-01,5.918433456350516986e-01,2.652521493950690812e-01,6.194261579447228883e-01,6.889622869532040506e-01,6.168799984797413982e-01,5.071065027561387772e-01,6.346892092937355123e-01,8.621234055089053994e-02
6.966905954516287025e-01,6.166403036187417808e-01,9.550585395596661309e-01,6.144373770136468682e-01,8.985066504428022016e-01,4.652041575333300538e-01,4.273253496351106517e-01,2.191605499102576848e-01,-1.204392554441773705e-01,7.046710604563741764e-01,8.261894667837986761e-01,0.000000000000000000e+00,7.016776852058319580e-01,7.954815481690580281e-01,3.727545557561590117e-01,-9.362409678024601056e-02,9.415702134157015735e-01,7.513438118843320801e-01,8.971660905902347771e-01,8.057713365300159802e-01,8.965086762208289706e-01,5.253217708639769112e-01,7.066899617130946165e-01,8.182203051931078441e-01,6.161317928506474528e-01,6.133592488098914552e-01,3.912329119269246647e-01,7.614834277486350889e-01,8.785581632305843325e-01,7.303835827393216906e-01,5.260577788809120969e-01,9.311810562662281576e-01,7.720881863651805066e-01,3.588792852839877145e-01,7.082229225952141327e-01,8.162371163036538091e-01,6.264799663936329033e-01,7.793942720178250738e-01,6.092623645610110161e-01,1.170180986688302005e-01,5.454428957874747352e-01,6.571830388242111409e-01,8.346423960351972982e-01,7.567545709235939944e-01,7.664499594419833528e-01,9.417599126387403707e-01,8.967090292156332243e-01,6.648353915416418403e-01,3.625014124128336096e-02,6.383107252627960859e-01,7.248847182541704459e-01,6.018971261909408232e-01,9.504985466816194828e-01,6.214228682007202353e-01,6.267251748541284861e-01,2.903091079436733724e-01,5.852665439216994114e-01,8.076832031423338831e-01,9.233414629575171784e-01,3.130130951079635460e-01,6.040813749615081552e-01,8.957832094356389385e-01,7.970675599090798480e-01,7.639757514507158342e-01,8.693574902759068079e-01,7.256192716607628990e-01,8.196301777457606352e-01,6.184856905786703107e-01,5.326061766455167934e-01,8.400778110989158831e-01,9.148669915607402503e-01,7.390649906134545422e-01,8.906640079673888710e-01,6.808250143253263831e-01,1.600151182790451043e-01,7.954347317045515897e-01,5.974129733838611234e-01,5.842268167122459666e-01,5.987034275923620585e-01,2.437447867821221636e-01,9.640695308970586019e-01,6.919924786468137912e-01,3.758505813834053244e-01,4.866868602112403019e-01,1.315844557733334558e-02
9.411725392930061496e-01,3.859826271113686036e-01,9.273959571601473328e-01,8.788796301378669629e-01,9.755195165159806781e-01,6.088804684720607874e-01,4.437637729440835344e-02,9.533594023281636298e-01,7.467394458144557268e-01,5.926469422046893865e-01,7.417210384479916430e-01,7.016776852058319580e-01,0.000000000000000000e+00,3.670835261407270345e-01,8.558917735677344929e-01,9.811861753753710058e-01,7.974858208388526659e-01,4.796819886903918584e-01,7.012836043125683094e-01,4.631076577454781296e-01,7.042445725008782409e-01,7.319214367091699813e-01,6.580921100673438051e-01,7.137614070268811783e-01,7.306397680582442655e-01,4.887379532737143872e-01,2.892979547738289692e-01,9.203841295905931252e-01,4.692558532372699820e-01,6.491378064559572003e-01,2.048762988686525510e-02,2.662133883621498054e-01,8.249603469093627073e-01,5.489960390711436933e-01,8.532604491485238363e-01,4.972940958780603937e-01,5.512965879842030015e-01,2.472442978969589256e-01,9.858005144757201466e-01,5.033289977795869508e-01,3.068853051350994843e-01,6.951343864349414092e-01,8.413933113821779886e-01,6.162734413332361383e-01,6.127475962962720679e-01,9.800725706414579186e-01,7.555583092201231254e-01,8.558305255094746933e-01,6.691570333817090654e-01,6.690117314275658700e-01,7.130680392837767112e-01,6.663022536684493069e-01,8.092520450550481081e-01,5.114275875157634488e-01,7.822729575101395882e-01,6.574499258347815678e-01,9.732527325977485821e-01,6.756553485991197983e-01,4.089103234218668947e-01,5.730158265160698594e-01,5.944322630228977555e-01,3.615448658652251068e-01,5.585526550086715725e-01,7.138048681017553632e-01,9.916181783197615118e-01,4.484395647568872878e-01,2.767911550584044034e-01,6.171017418980860869e-01,1.161794016576801480e-01,6.291889248255667644e-01,9.386884316175859722e-01,7.206194527579329323e-01,4.987385697899754944e-01,2.207505068360926803e-01,8.202421702825892780e-01,6.561807145123269569e-01,6.750530988841330071e-01,8.944174823431513266e-01,2.025718509652194022e-01,1.080496476964234315e-01,5.362920090008417295e-01,4.064241892130247003e-01,2.388390513275106819e-01,5.338140229038699225e-01,9.851052951984522466e-01
9.581257443660031736e-01,9.156954446673095660e-01,9.449304323614452494e-01,8.999762025385501518e-01,7.260365662181396118e-01,9.097906403821955923e-01,6.827884213263710755e-01,5.440719965842440997e-01,6.531494281290761705e-01,7.928279445898840372e-01,4.639733594673673966e-01,7.954815481690580281e-01,3.670835261407270345e-01,0.000000000000000000e+00,8.801116257765730921e-01,9.458133961116030886e-01,8.563495353641303875e-01,6.459246363089020671e-01,8.291056890376682365e-01,6.609202737829817931e-01,9.383374030952793543e-01,9.418973155011621801e-01,4.748560189065179626e-01,8.217924102769377237e-01,9.666709229289468519e-01,1.291139632941842030e-01,3.518144614101136325e-01,8.568471613727821623e-01,7.600857045313523797e-01,6.523375167812017761e-01,4.157523940916736382e-01,5.830739202105235108e-01,5.530267280306566668e-01,5.771458438787433476e-01,7.251142516855276776e-01,3.016784708098478318e-01,3.362532060635633480e-01,6.922196066823871341e-01,6.215535779912375602e-01,3.822679467711513901e-01,5.867921412151877458e-01,7.763192724753104068e-01,8.936015294317020130e-01,7.077476146836227944e-01,8.541008555958419235e-01,3.086585582817987783e-01,4.905486661374372503e-02,7.761767339793005371e-01,9.097092588932395030e-01,9.431441181729388612e-01,6.662980514691221323e-01,8.533028202652599425e-01,9.993696727486053311e-01,4.830095601127311067e-01,8.932478441674296388e-01,7.437065030409139021e-01,5.418606112283882448e-01,7.561047230957355092e-01,6.553226022592001376e-01,9.204957679543590565e-01,7.061116731708145799e-01,2.608938910421160218e-01,7.139748527445561876e-01,7.650058934347906403e-01,8.162576653048219111e-01,8.922089935129833282e-01,4.382165689503997874e-01,4.066710600128818909e-01,7.949262331008987159e-01,8.125032523373174609e-01,4.246948050004860642e-01,2.615486479173897982e-01,4.815883169590373103e-01,2.512930714365237961e-01,4.183277253156271192e-01,7.945613025463347245e-01,9.816317378803783855e-01,5.001511718253299765e-01,3.414704675227197561e-01,3.093098496540353515e-01,8.633562250166378904e-01,4.162146630490042298e-01,8.912991805889390884e-01,9.043370574654742144e-01,8.273393619733787618e-01
9.976994574617530365e-01,5.408641404815572873e-01,7.762455710607328863e-01,6.448294267999606921e-01,7.042237656773641108e-01,9.294321771939035859e-01,6.283065699577146113e-01,6.473724400473349627e-01,6.278809816618720063e-01,3.182192356020517865e-01,3.654270017454527286e-01,3.727545557561590117e-01,8.558917735677344929e-01,8.801116257765730921e-01,0.000000000000000000e+00,7.073739678875134995e-01,9.278303604794472248e-01,2.050945406801573667e-01,2.223099627565767178e-01,7.644088723906167226e-01,3.115479325667344646e-01,5.334613218748837093e-01,7.791545669951269737e-01,5.503229374829312626e-01,2.166345863349951051e-01,8.802512102029024232e-01,6.206705342214352550e-01,9.405105947544738498e-01,4.320926094536484130e-01,6.744670682272541073e-01,4.666580304503618049e-01,8.002377320016749174e-01,6.877566930363864239e-01,7.854441390321337257e-01,9.224885858547241524e-01,2.845475570850983793e-01,4.655755680155647114e-01,3.267706090016979648e-01,4.184547949908967168e-01,6.923120538752334241e-01,2.013383873748043618e-01,6.490927050482144800e-01,7.499830449182901537e-01,4.266095729316847773e-01,6.869052116433562727e-01,6.588400159974534542e-01,6.075979699567931602e-01,6.093725912562985014e-01,7.495409200601054200e-01,6.290881666085614832e-01,8.727569988521857169e-01,6.579944201380998337e-01,9.712576507332475462e-01,6.546793545466145225e-01,8.917731439156714179e-01,9.436827562937766256e-01,5.377661552692467595e-01,8.347736898850880438e-01,4.131942456774910788e-01,6.324470122877933198e-01,2.206798587098239839e-01,6.255542968741508725e-01,7.834879526822147167e-01,8.513581571693329408e-01,4.714830089918284339e-01,5.288838015915687807e-01,9.122511517038078832e-01,6.356968209886354471e-01,6.236480258137855337e-02,3.680412486145376999e-02,2.979461328419163446e-01,7.909495723005037782e-01,4.353322386014939482e-01,3.191653751877590039e-01,2.086910358118976849e-01,4.252940816242378186e-01,7.080700638322294793e-01,6.887524148205267371e-01,-1.490830555926233036e-01,4.404233993330866626e-01,9.638726953131198094e-01,8.512484921286286310e-01,8.592239076372976125e-01,7.959636384364697781e-01,2.879049210456207653e-01
6.029264825432367747e-01,8.519499382644248886e-01,8.962461601398613587e-01,6.675819443299133571e-01,6.880208504314131446e-01,8.328443371147757901e-01,6.671773564064448214e-01,7.104626967667592163e-01,9.688881743749149233e-01,6.072875029074339404e-01,8.896168481600135181e-01,-9.362409678024601056e-02,9.811861753753710058e-01,9.458133961116030886e-01,7.073739678875134995e-01,0.000000000000000000e+00,6.161023663944901196e-01,8.480407798509305151e-01,9.934691794959681355e-01,7.318375617687534751e-01,9.138451275067546176e-01,4.774598218994047794e-01,8.905254505885580318e-01,6.363603546478932005e-01,4.961579454265973022e-01,8.023265818353638723e-01,5.760521860629025381e-01,9.323515013046390632e-01,5.601181753550523723e-01,-1.550522407313369988e-01,3.410913086132614791e-01,7.277945851043710057e-01,5.503093885866038315e-01,3.407661329637445280e-01,6.164192216672288449e-01,7.406662600403404184e-01,5.311840002999697052e-01,9.021542919656242443e-01,8.689333410563143678e-01,9.590389428232788394e-01,2.997335619115840677e-01,6.722086086243364011e-01,3.536823283245102978e-01,2.203238636008817419e-01,9.429267249506904092e-01,8.824840713731968433e-01,1.529939950292453221e-01,8.695664948692507501e-01,7.803514883004512015e-01,3.138419833304222362e-01,6.453616144320656334e-01,8.430270849475709483e-01,6.261485223184719562e-01,6.333959688318139269e-01,2.255285185429137251e-01,6.147169508143496275e-01,-4.638757868150311658e-02,7.315832167670432984e-01,-1.421641716878375150e-01,5.418130563428604773e-01,7.378429214891177867e-01,8.603617968185307552e-01,5.466523663016976675e-01,6.515941112157962178e-02,9.113910703582052131e-01,5.829743133159926982e-01,6.065673413184057283e-01,6.456719052778836510e-01,9.438309139525514757e-01,5.910284481636511877e-01,4.572025596905365252e-01,8.590671168503292154e-01,6.292859900667946427e-01,-1.242878759675192235e-02,3.722647176547714265e-01,8.429803536631926830e-01,7.823220143647048319e-01,4.069313820785053215e-01,5.524579977647373630e-01,4.132535989677945110e-01,2.281405709323886533e-01,5.132588061977639837e-01,9.147479469849576494e-01,6.196269209617719653e-01,9.094726367267405021e-01
8.357729798182429448e-01,7.389011606737748705e-01,9.796746765006281166e-01,7.348576494577182538e-01,4.224979777853535290e-01,8.271721623087888720e-01,7.819439466911367598e-01,9.497139606068010220e-01,7.189826218140803471e-01,8.264996547923716408e-01,5.306994335504655602e-01,9.415702134157015735e-01,7.974858208388526659e-01,8.563495353641303875e-01,9.278303604794472248e-01,6.161023663944901196e-01,0.000000000000000000e+00,3.731392254298462885e-01,8.222429374257830270e-01,7.193683654670492977e-01,6.776459660594810197e-01,8.799205158490617240e-01,5.190722269875738260e-01,9.736738881512960742e-01,5.857320781737354043e-01,7.300907914877607929e-01,6.839771416276118066e-01,8.236430382029622521e-01,3.165155567160934935e-01,5.866495896334057436e-01,3.222854535898612149e-01,8.619781599037537045e-01,8.691089510953576847e-01,9.203409902789594366e-01,2.462882977156933273e-01,3.395294793022188840e-01,1.975011463456899097e-01,8.316809043213949648e-01,8.538320180687930527e-01,6.620692452749808998e-01,5.289115876678215367e-01,9.597629405994185792e-01,6.401259469378487443e-01,9.166880873628621140e-01,9.203513096106914482e-01,7.493374312442140361e-01,3.037885281569366880e-01,8.384484026536442869e-01,4.882319254128911212e-01,8.077240518317468920e-01,9.799207872541836339e-01,6.215193099848895786e-01,8.124651404028420121e-01,9.907254012968129686e-01,7.094201329651543819e-01,8.523406606046565193e-01,1.449785528948418223e-01,2.548681365883295746e-01,5.276130505585288066e-01,1.746892060524586066e-01,4.249257172054466368e-03,6.107022759307547677e-01,6.921570585835651324e-01,9.318929176645859291e-01,8.344267873231449029e-01,7.678736640498249333e-01,8.103133246886627949e-01,7.704293418989160980e-01,8.013222666471250255e-01,7.350429572415306811e-01,4.415794148482082848e-01,5.589318595181643756e-01,6.750493165167684717e-01,7.602370489228855721e-01,9.056958564311384796e-01,6.978854802826031101e-01,6.094788947098790377e-01,7.633988551829935520e-01,7.359926296820448188e-01,2.867172168871672810e-01,9.648219472658126072e-01,9.218761298127393644e-01,7.247047133119195461e-01,1.096508212853369302e-01,6.621807441052862675e-01
8.060105016353806828e-01,8.771070778053452477e-01,7.959740167656141896e-01,9.202208015968925681e-01,7.439360466921636217e-01,7.260399254476381792e-01,6.702665189790398825e-01,7.054961525445402337e-01,9.244974101511680420e-01,8.717858361145691681e-01,8.675097561749460784e-01,7.513438118843320801e-01,4.796819886903918584e-01,6.459246363089020671e-01,2.050945406801573667e-01,8.480407798509305151e-01,3.731392254298462885e-01,0.000000000000000000e+00,5.642237229551673172e-01,7.859772768561337219e-01,6.136231141065693340e-01,4.045137459371249689e-01,8.111426488964794679e-01,5.990281774918371216e-01,4.927945028069371514e-01,7.779692945904854717e-01,7.904389687728765601e-01,5.008605197955630084e-01,5.399277810163497504e-01,2.848138453927340219e-01,2.488662087251227450e-01,7.052596416802817680e-01,6.555285390975804649e-01,6.684876576035961859e-01,5.839394137523523653e-01,4.034096110273508451e-01,6.370352812636113082e-01,4.106160579036235436e-01,9.682934286462926421e-01,4.960620626118416587e-01,6.720524895064583504e-01,7.670148689751469240e-01,7.876710175570447170e-01,8.285585471479370856e-01,8.548531259961802409e-01,5.269691739959516674e-01,6.125908157144396293e-01,6.353103205827840272e-01,6.605492738537750430e-01,7.490978658820123259e-01,4.576337591239643121e-01,7.292591861449595481e-01,7.710328370135467457e-01,8.770940357130637688e-01,9.345303282307898529e-01,4.788946973382245953e-01,6.916757730341951405e-01,2.822346898469634269e-01,9.530896392299417208e-01,7.965269912253281070e-01,4.500060001380716823e-01,6.292138394318028682e-01,7.822189215902570769e-01,7.949270532028379632e-01,9.784561038366822450e-01,8.395614114088224555e-01,9.108577412828927633e-01,8.550146118224699610e-01,5.939811597502921980e-01,6.527811577547737443e-01,8.207047603751631559e-01,3.628215974318355630e-01,3.989083716267628477e-01,2.785487701051282405e-01,2.231706113962090843e-01,7.182472095036096515e-01,9.644643746711715204e-01,4.247394498673753849e-01,6.925738671220054155e-01,5.781086635417151953e-01,4.609953733957633526e-01,5.920127975290623290e-01,8.931001265444575843e-01,5.225452859067757361e-01,6.651638114548841241e-01
