0.000000000000000000e+00,8.097848699728944499e-01,9.699715682620051460e-01,7.769196084003019420e-01,9.119402609335880427e-01,8.054730554498968909e-01,3.187001343538717890e-01,6.520196964195268396e-01,8.171736468098993456e-01,9.250779250518811336e-01,8.540316145626237754e-01,5.854757054047468046e-01,8.243644413749264821e-01,9.114732754442421703e-01,9.829214024992524168e-01,6.525599816119598273e-01,7.488035639285264278e-01,9.115399197485541949e-01,7.138259777627745661e-01,7.300300497625565876e-01,7.148438743144572838e-01,9.015245272771013063e-01,2.795966113029706990e-01,6.380680273460788143e-01,8.026513921983688959e-01,6.059975692192707264e-01,7.269809094231818314e-01,8.144969698729888075e-01,7.594116120399934111e-01,8.173493068180486265e-01,3.730775018371752516e-01,8.300553890071767915e-01,3.267295947689330404e-01,9.422699074226783544e-01,5.133712187704092544e-01,-3.736941548611795727e-01,7.894995243416840225e-01,6.948775723783241487e-01,7.225261769693629432e-01,9.918201780343010032e-01,4.868569650618427280e-01,6.797716091262736571e-01,9.317370735321006681e-01,8.850602672709908525e-01,9.849228341335828363e-01,8.605585944446313418e-01,7.965196978558173324e-01,8.922919457041300628e-01,4.362102392995179656e-01,8.282980447314761685e-01,9.615223773782561878e-01,6.868227428812557767e-01,9.458255443331919921e-01,9.646826323307196027e-01,6.852321841873918462e-01,7.921145757623064831e-01,9.735775432053315193e-01,7.558110928454486732e-01,6.478798910112723020e-01,5.439044239661294800e-01,7.967269952518669651e-01,9.920525674801403682e-01,9.628136701833754918e-01,8.984979951207212601e-01,7.197791703319396106e-01,9.520861141155773089e-01,6.914248826340785303e-01,4.812444024397573572e-01,6.469546603571046939e-01,9.484542140574689917e-01,8.718361331947678261e-01,6.044514953268793622e-01,4.196157594810074332e-01,3.659710900879586948e-01,6.740076145767184279e-01,7.368496157581401196e-01,8.770817045571287496e-01,8.905277904263729782e-01,7.745650435791338051e-01,2.720321562425949413e-02,9.201742911753592047e-01,8.546539177483376548e-01,9.977211690182644643e-01,1.072062681940844364e-01,4.672148552906477126e-02
8.097848699728944499e-01,0.000000000000000000e+00,6.139494216821066441e-01,6.620164926941136674e-01,7.926598883565576514e-01,9.048645957102345871e-01,8.851348681431729926e-01,6.041805664590602643e-01,6.941634705990813448e-01,7.034123697970751099e-01,8.931540639824570027e-01,4.270059998171676918e-01,6.200006207953440152e-01,2.196672072734203174e-01,7.081557647607178430e-01,7.195617141845821463e-01,6.855553530615946523e-01,2.048071799775740276e-01,8.010615827407087108e-01,6.803430082239150245e-01,9.562043296734996645e-01,8.205473139727220699e-01,4.595907673178777353e-01,4.690131537644540161e-01,9.887635312814626598e-01,9.392140119561909195e-01,9.301035825369075027e-01,8.688610376429378723e-01,3.907297956409473416e-01,5.168439127938395661e-01,3.705919706824382098e-01,3.113073650606913434e-01,6.442990934054264596e-01,5.672671190341439518e-01,2.351916573004347311e-01,4.171807748921183001e-01,2.603540685145787625e-01,8.944064190436984418e-01,6.325892593067717895e-01,2.806721474086129597e-01,-1.984500946085456241e-01,8.429480274109053539e-01,9.120585598915338377e-01,7.528311291108039649e-01,8.520382505584250810e-01,4.212956386832289457e-01,9.345561309868768429e-01,4.437289561425002971e-01,6.582601591072408942e-01,5.933339897057039458e-01,1.495712211719318618e-01,7.905114425970840575e-01,7.308210910111970771e-01,6.116513835688160983e-01,4.129912419269996526e-01,5.210982228861028576e-01,7.803698510070696814e-01,4.912195304683678598e-01,9.120099987895158300e-01,6.245451860319445325e-01,4.781892706487610445e-01,3.135568685349213180e-01,8.629451933923310003e-01,9.954813476445498743e-01,8.989144657713007414e-01,6.009596683266923423e-01,6.129164900361541157e-01,6.442073603044369268e-01,5.598693054341465913e-01,7.632151550103104531e-01,6.734752074928546106e-01,7.140016143596374931e-01,4.395019545170576469e-01,5.963523691591537945e-01,3.382092655767042766e-01,9.904280084896225356e-01,7.640107541436769178e-01,3.224552271335657250e-01,1.644198184834980703e-01,3.111820679483331409e-01,4.904571337189002067e-01,3.318659019391170251e-01,3.875151749699786707e-01,5.422201564398981821e-01,9.502250399129703595e-01
9.699715682620051460e-01,6.139494216821066441e-01,0.000000000000000000e+00,7.011279137065957734e-01,2.306764949644539153e-01,7.227794390985556872e-01,9.440453383585465374e-01,9.628381319053109788e-01,9.291295419913933040e-01,9.154840340813917843e-01,6.739264638214294001e-01,6.439062192916233940e-01,5.919618038979967967e-01,8.024966730322867781e-01,8.872078089820321090e-01,9.713546327693409754e-01,6.014561428538524046e-01,8.826010730714984875e-01,5.064696641468219296e-01,2.279136238793597058e-01,8.427395593208391045e-01,8.967074969523299854e-01,2.310990923453809798e-01,6.970135732401725459e-01,9.701481643049796322e-01,6.527943038537651343e-01,7.895330066191288410e-01,8.808248883964101550e-01,5.408061340859890986e-01,2.231278001797832866e-01,4.279031694316893786e-01,7.629347689313565883e-01,8.768450601334231154e-01,5.468797315629574385e-01,5.997053275212864687e-01,2.823626250833160545e-01,4.450463471036462670e-01,4.573926522179269094e-01,6.572849006895735702e-01,9.451998035465732917e-01,5.082654321001505160e-01,9.533546899345458625e-01,9.675795686512667082e-01,9.999203985170546094e-01,9.695290447722064719e-01,1.591355482258975662e-01,6.970475568688863088e-01,6.247152579090600177e-01,8.506720612176148499e-01,9.019314086450962442e-01,6.129606837632026739e-01,8.334308126326100963e-01,9.313709441693576174e-01,6.312843823730591719e-01,2.831691949317545198e-01,6.127012551853808775e-01,6.797707749882231365e-01,8.394477437993781432e-01,4.349411419921660471e-01,7.636546085061972633e-01,7.431169340720709116e-01,7.693970216035950216e-01,7.679937996201634531e-01,9.599187562774401661e-01,7.960554745604677684e-01,9.496276571689462598e-01,9.791732598004238008e-01,9.643136444855482381e-01,8.431265183535827656e-01,8.973500699442324979e-01,4.257240858235122882e-01,3.310078007243604792e-01,3.986906024942770133e-01,2.275619462623336697e-01,4.599778887050337550e-01,9.817154816520985428e-01,8.061000531747025688e-01,9.233950576325753445e-01,4.113637716064357797e-01,2.696168074219594812e-01,9.840227419338091197e-01,5.974933154249165712e-01,9.740630937439737069e-01,8.737426172190061457e-01,7.210702570329799999e-01
7.769196084003019420e-01,6.620164926941136674e-01,7.011279137065957734e-01,0.000000000000000000e+00,7.333778455944720553e-01,9.834473322654558869e-01,6.954731026881111333e-01,5.123463428240200290e-01,9.879389402024850719e-01,6.354939654029145846e-01,7.198743109768087622e-01,7.604536986024501566e-01,8.213205826067224713e-01,8.529357316686549950e-01,2.031482360817110089e-01,3.801157049038891844e-01,8.408126105168601816e-01,8.950746774747321277e-01,4.870698951061418480e-01,8.236411046021383520e-01,9.744912848303397546e-01,6.135883274857477643e-01,6.600689820630676330e-01,4.336206338069674704e-01,6.186830589035655636e-01,2.564707387766716473e-01,6.366170057326275833e-01,8.625520790241079094e-01,3.023958257053463994e-01,5.415971349604488116e-01,-1.140039170536635837e-01,7.833271330418767331e-01,6.823635140704723545e-01,9.841596032582796694e-01,8.041875320308166097e-01,4.404807040414479569e-01,7.865304004604696253e-01,9.897777561289315962e-01,7.468561296895590562e-01,9.812879949340612695e-01,2.603319074395326060e-01,8.902010369544056667e-01,5.857736703850014992e-01,7.544686450282244161e-01,3.557109774335427965e-01,8.257620795988098727e-01,9.322551932428067012e-01,7.759506370052731139e-01,9.697773888847698309e-01,9.861300813632476459e-01,8.977025923054149370e-01,7.115902440385096783e-01,4.003199341152897106e-01,6.402475641649965077e-01,7.894145135444872174e-01,6.576056186821698235e-01,9.208202269449252686e-01,8.476322666967661679e-01,9.376479186005658439e-01,3.503645240260102600e-01,2.353214491527292063e-01,4.085759320266136307e-01,7.845499062613182639e-01,6.647235872891781305e-01,6.110586141864099430e-01,7.232951521939382511e-01,9.803611686823680005e-01,7.626739350065088185e-01,6.890308473160896563e-01,7.523796420211166236e-01,2.970957606513100480e-01,9.324106629729130846e-01,3.818936760824196419e-01,5.611831500771455872e-01,9.216881084466118645e-01,9.065360932658561577e-01,9.576150221907719917e-01,4.059859624895913455e-01,6.612192203303345339e-01,2.827629833709985330e-01,3.062940314733286762e-01,8.046011196939226728e-01,5.703216514372058121e-01,6.439771731356916940e-01,9.436611163131605196e-01
9.119402609335880427e-01,7.926598883565576514e-01,2.306764949644539153e-01,7.333778455944720553e-01,0.000000000000000000e+00,6.511907828171301649e-01,7.798414582652318794e-01,7.441997355741575282e-01,1.627980679360120919e-01,8.509200491043835690e-01,3.302494623267663298e-01,8.718828369242223042e-01,9.239533390914200783e-01,7.775865723427608511e-01,5.596285852730433774e-01,5.547128409594392906e-01,6.128981790435182875e-01,7.824150612691976869e-01,8.357828487064338230e-01,8.369222570019232421e-01,9.684878484400398779e-01,2.223197867789887261e-01,5.895460219215092890e-01,9.350557595266298927e-01,9.426334667333238215e-01,7.100458544531166316e-01,5.352330047757751785e-01,6.839654909438583896e-01,3.103460202383364064e-01,1.530259742934000355e-01,3.570532618893471066e-01,2.114969408405536488e-01,9.398320456635638198e-01,6.178507010771069341e-01,6.670731327761755258e-01,4.068427300840107286e-01,3.145860885331215329e-01,3.840361340639495413e-01,9.835484472640179110e-01,7.684326910008467681e-01,6.819964316250701764e-01,9.768971729574535967e-01,7.657104463698665153e-01,9.365320396074225950e-01,7.419367885116728845e-01,9.174133600202264427e-01,7.249651314350462616e-01,7.443687841905269886e-01,9.568321804354582572e-01,6.953791803597835219e-01,4.181515897004595694e-01,4.702370627269171210e-01,8.877979809434873859e-01,5.781073047335676396e-01,8.386282938407985110e-01,6.161882495294902506e-01,8.174901735966083605e-01,2.504497978271820191e-01,9.802820718396052513e-01,5.648507099724097147e-01,6.353997024606232724e-01,6.894479363699363983e-01,7.657783827411710487e-01,8.216249017709246205e-01,8.476729655896444449e-01,8.451939261909844348e-01,6.864921146953789632e-01,8.560778607458293665e-01,7.586558859610706973e-01,6.010311897312551332e-01,9.485782694906028656e-01,7.399785780311036731e-01,7.227178244620755532e-01,7.392565458258193445e-01,6.000361999960991399e-01,6.484887038573713403e-01,6.675578953741362342e-01,3.902604575118621133e-01,2.612433732242016582e-01,1.322871548282450183e-01,9.429585013358463552e-01,4.309357187986918580e-01,4.548347854144618729e-01,5.704750377690395169e-01,5.065097477582951591e-01
8.054730554498968909e-01,9.048645957102345871e-01,7.227794390985556872e-01,9.834473322654558869e-01,6.511907828171301649e-01,0.000000000000000000e+00,7.158098313328821183e-01,7.167618688112277203e-01,2.513396016765901964e-01,2.764135915995347692e-01,5.915144353346251105e-01,9.457667770562752096e-01,9.190839254749407772e-01,8.677437554039812984e-01,9.636747765504368735e-01,5.600980421430148404e-01,8.642662245195918969e-01,8.652823899065412716e-01,6.473414936513057771e-01,9.138321740353313460e-01,9.732056778318587398e-01,4.225539378355850917e-01,6.495247597669783213e-01,9.455388710881148517e-01,4.728259423970119224e-01,8.619212938525706580e-01,7.810142511148437938e-01,3.515197720417277960e-01,4.314945848422077623e-01,6.540478491793076943e-01,3.708904046068533383e-02,7.019492381667276071e-01,4.163534344859731728e-01,6.174948697933370090e-01,7.718662573409712513e-01,2.555049430775715447e-01,3.441836079085708877e-01,4.863862747482927684e-01,9.973446211349097368e-01,2.402995709530628965e-01,5.079348850919027658e-01,7.623473534820925934e-01,8.885318365275308716e-01,7.898247772951882961e-01,4.187444852638382287e-01,2.700586399368958279e-01,8.645573006141364925e-01,8.559298217174415857e-01,3.152807005057654544e-01,6.038710423900054414e-01,7.584905875240968154e-01,6.434840183879075859e-01,7.044681757261402888e-01,5.295919264368212365e-02,8.999687088626033837e-01,7.727417046728843886e-01,8.415115999516296075e-01,9.462392791196030384e-01,6.182574051454209352e-01,6.253377509420710023e-01,6.911502096768712411e-01,5.162802186631175738e-01,5.937712671122794550e-01,4.404898567443294999e-01,9.025571986673404101e-01,5.176714855718844710e-01,4.204400723151985875e-01,8.126466546223283238e-01,7.428392613098976360e-01,5.384230186377170213e-01,8.029637294806404313e-01,6.118377345522225674e-01,4.527699234050672761e-01,9.150453788768370122e-01,2.441190653377752762e-01,3.224928534080120368e-01,9.861185528549019086e-01,2.146252726824098844e-01,7.462283904943247670e-01,2.099964221174621115e-01,7.398793857244854166e-01,9.917992630259657716e-01,8.314192088168110839e-01,2.953704487929866285e-01,6.778961958157483370e-01
3.187001343538717890e-01,8.851348681431729926e-01,9.440453383585465374e-01,6.954731026881111333e-01,7.798414582652318794e-01,7.158098313328821183e-01,0.000000000000000000e+00,4.818191593221299307e-01,8.093500623608212985e-01,9.275718031979198752e-01,5.467779906814143054e-01,6.142623283561909897e-01,8.161352470633072009e-01,6.101664245447365742e-01,7.921052337153263734e-01,6.970003326464696558e-01,9.970148604660169500e-01,3.602141301681145713e-02,4.745573158327657248e-01,5.539560459425246775e-01,6.439635616317068711e-01,7.213428356169855615e-02,9.837692108349661568e-01,9.353162424357991389e-01,7.359326272376913725e-01,5.389828574310783216e-01,6.698803120626779517e-01,4.408145803874986557e-01,2.136476715739261123e-01,5.564752921647666550e-01,5.404020722112432562e-01,2.137500551251702019e-01,3.296451396466508754e-01,5.276676265131200472e-01,7.594107930915987570e-01,1.174270540796392148e-01,3.103085043106176277e-01,4.579861152837911287e-01,9.628377470442633923e-01,8.119306329312385717e-01,7.771614536913338256e-01,4.135728649711647997e-01,7.989751063878991477e-01,4.573739617495215515e-01,6.493019798240161622e-01,2.474010339652951695e-01,6.080514519243032101e-01,3.222111579203862375e-01,1.422495794540848679e-01,5.804167601601737392e-01,4.227378239351787803e-01,3.763423449880948790e-01,6.536731863436319179e-01,4.523252697327148630e-01,9.364800364216101514e-01,3.950972508378395309e-01,4.058259666972036106e-01,5.345141834278976933e-01,7.968268195667654874e-01,7.215749655093756099e-01,5.404140498379644830e-01,5.950865316025626406e-01,1.596374476710258478e-02,9.480992115738297032e-01,7.577683039130225229e-01,5.776968835733251595e-01,4.487006508212986744e-01,8.105017088639545619e-01,4.417991488210126216e-01,5.001270721698596322e-01,2.847635569081258256e-01,6.920521364095010008e-02,3.044316403790777725e-01,5.982732807617159310e-01,4.502896949790044512e-01,2.785086014798785620e-02,7.838913104941072074e-01,7.704408536633184923e-01,4.745831202741699895e-01,4.121931292576175299e-01,6.930392116009091996e-01,8.044654825689849797e-01,4.583376014238899065e-01,5.349647149053271544e-01,3.211559814937919866e-01
6.520196964195268396e-01,6.041805664590602643e-01,9.628381319053109788e-01,5.123463428240200290e-01,7.441997355741575282e-01,7.167618688112277203e-01,4.818191593221299307e-01,0.000000000000000000e+00,3.876828423502965970e-01,3.148812034662007986e-01,9.662130555131025478e-01,8.113267218176722917e-01,9.071200011344126013e-01,4.185148709211218843e-01,6.239768100089109204e-01,7.031903939515889990e-01,8.468361106225181789e-01,2.199581788584225039e-01,6.243524169283867220e-01,9.888611978904682243e-01,9.031434165026466232e-01,8.020694439260855901e-01,7.965620660953738330e-01,6.138232051473998530e-01,4.085477767889038603e-01,6.820130566668382022e-01,6.809062562266199325e-01,4.167566444561469630e-01,4.383281863798924594e-01,5.442602923961452621e-01,3.692799109496432974e-01,7.396802093259816635e-01,6.094627833458280408e-01,9.858941717224967149e-01,5.509008334100212734e-01,2.176936769290750973e-01,2.064482940454863413e-01,5.267502742293306284e-01,9.048888393999255930e-01,4.109471832434745675e-01,4.737069415188268073e-01,3.963606431402713071e-01,-9.617852913874175291e-02,5.546379227416331492e-01,7.524283788814685181e-01,8.580543045285528025e-01,1.500901900754487810e-02,4.819830407613506229e-01,7.325132909488066835e-01,8.705978472699540394e-01,5.650051063454156752e-01,4.627074785158656889e-01,5.895259766693303760e-01,3.499451530479817940e-01,2.576793370941494188e-01,7.838718717548962545e-01,7.706472342949480803e-01,6.515259569100488868e-01,6.504551289290161353e-01,7.025141523481448491e-01,4.524442991696775995e-01,4.221541346897232372e-01,3.301863669655162870e-01,6.069275558401204806e-01,7.203247839110631379e-01,5.999795863365275927e-01,7.687113706894095344e-01,8.854068560219604533e-01,8.127308944870711427e-01,3.527421021907085619e-01,5.663913394106796506e-01,5.963005832449426169e-01,6.315239578462814585e-01,2.461890964029749829e-01,6.119294420551357749e-01,6.273017016098246801e-01,4.241795320303823336e-01,9.187488454202760169e-01,4.160710492277309713e-01,5.707809144841182736e-01,2.181332079173752339e-02,9.627325547107474790e-01,9.499791969541748760e-01,4.857531083426149254e-01,6.282532306790706844e-01
8.171736468098993456e-01,6.941634705990813448e-01,9.291295419913933040e-01,9.879389402024850719e-01,1.627980679360120919e-01,2.513396016765901964e-01,8.093500623608212985e-01,3.876828423502965970e-01,0.000000000000000000e+00,6.797245422790496594e-01,9.902980896083943829e-01,5.417298216253422227e-01,5.513833534234001688e-01,7.706819877763413373e-01,8.958508676055340070e-01,5.004616452448086283e-01,8.621253434591470421e-01,4.143413726576453682e-01,8.393937612487200051e-01,9.594204685229031915e-01,9.888370175893030911e-01,5.623990732875999710e-01,6.276596392902213939e-01,8.562051649829763855e-01,7.981581755037689963e-01,7.051356236079527884e-01,5.832501455561684978e-01,7.115613601446446612e-01,6.907644875435933196e-01,6.645319100390809641e-01,4.381920333564211512e-01,4.467592336793652086e-01,7.779607783014228506e-01,2.110045121768247545e-01,6.828029146651135584e-01,3.266218041069498534e-01,3.405430316233187815e-01,5.238579141593194821e-01,9.652989624411145719e-01,6.225727402696252799e-01,5.448787395382421739e-01,2.378167731135725493e-01,7.777224459689205949e-01,7.297152394070527404e-01,8.802823185579083942e-01,6.257593694745902102e-01,2.851251884018713226e-03,6.650958274345397658e-01,4.127472989090464339e-01,4.374658260791593478e-01,9.945116285784557641e-01,7.354706185526890261e-01,6.863871209039511534e-01,2.505089483953230611e-01,1.165678685248192625e-01,7.774152612010040153e-01,9.768036908224632109e-01,6.214083797649179175e-01,9.994886526330084564e-01,6.702953537339126910e-01,5.132043327883734074e-01,-1.467315995810328233e-02,1.210454662510161011e-02,6.084043305480478780e-01,8.042668466380779035e-01,7.415763941595017172e-01,7.061484130574933182e-01,4.520750930612691953e-01,5.721426995137448568e-01,6.352824529544169874e-01,8.934217809493741891e-01,9.048738214745543074e-01,2.057555505845189148e-01,3.814427230749081743e-01,4.205677746263759009e-01,2.594557778071815979e-01,9.900343904856272470e-01,6.631847604512930427e-01,4.149725947799800529e-01,4.045751964723295901e-01,3.997882285371254785e-01,8.966115567123379426e-01,7.992659788818994304e-01,2.803294030649911006e-01,4.007432297727389625e-01
9.250779250518811336e-01,7.034123697970751099e-01,9.154840340813917843e-01,6.354939654029145846e-01,8.509200491043835690e-01,2.764135915995347692e-01,9.275718031979198752e-01,3.148812034662007986e-01,6.797245422790496594e-01,0.000000000000000000e+00,-7.437557999125413155e-02,7.351084931622919871e-01,8.024338495759725243e-01,8.275927341371892565e-01,2.046963176611519275e-01,6.889724771064487108e-01,1.696760933451106970e-02,7.531299922981424810e-01,8.981888185977537908e-01,8.928177184928928201e-01,7.262194230547109886e-01,6.320957048684660018e-01,5.614701698009865183e-01,3.554220204611678313e-01,6.729525736050625540e-01,6.983667844450004436e-01,7.517952301045273122e-01,7.893335517893520503e-01,4.487658910846583638e-01,6.427214577237541082e-01,3.056712273930215495e-01,4.192600986667071039e-01,8.910792546097098255e-01,7.661924013466175909e-01,9.409687114315772316e-01,3.124567459522983870e-01,3.158332630472145963e-01,7.830689157296892855e-01,9.087181040066717452e-01,5.971292293230592296e-01,4.378094118142305535e-01,8.471313998639947718e-01,6.025490356068093911e-01,9.542674551127787730e-01,9.024293547341007971e-01,8.616006632773411944e-01,6.287315217903698406e-01,4.738446609292411571e-01,8.460966943372407734e-01,7.390044936397668351e-01,5.486698929062485686e-01,7.007260673819730723e-01,8.547081628564494604e-01,8.561877202413846755e-01,6.312027271730165090e-01,2.646679229293113500e-01,8.866156072702299218e-01,9.627278392778287897e-01,4.853869253570064490e-01,4.529431863419240423e-01,3.054961108196085351e-01,7.585694604733352886e-01,6.564549496032808795e-01,8.292478620409065027e-01,7.696576156816872238e-01,1.984928429622523638e-01,8.887812661253385871e-01,8.177920128964699664e-01,2.899855919928175929e-01,6.842683366201377515e-01,9.552225912642134942e-01,5.796074225761246312e-01,4.943284372056337417e-01,-5.781515976333861939e-02,6.365908659888955823e-01,9.633493893845967992e-01,6.994883042599239209e-01,7.976527633760392977e-01,4.054081474788127082e-01,1.965006868292893949e-01,6.583757611175204971e-01,7.426924729049839691e-01,9.822733693851828374e-01,6.019537703449131527e-01,2.363099004064629638e-01
8.540316145626237754e-01,8.931540639824570027e-01,6.739264638214294001e-01,7.198743109768087622e-01,3.302494623267663298e-01,5.915144353346251105e-01,5.467779906814143054e-01,9.662130555131025478e-01,9.902980896083943829e-01,-7.437557999125413155e-02,0.000000000000000000e+00,8.258260436419523343e-01,6.201843079840766437e-01,4.001095733867180981e-01,6.470684417094009211e-01,3.315779511751837556e-03,7.590907089931411278e-01,5.885012941809908416e-01,4.010763655411307416e-01,8.324673223900915797e-01,8.735504933586485388e-01,6.436426800823140670e-01,7.515283936566073963e-01,7.327072684771701594e-01,4.566865308436438564e-01,7.024849034603040110e-01,5.704464830199631464e-01,7.710493876560889914e-01,3.947818433606430366e-01,-4.273902787237338075e-02,3.005320461634331530e-01,7.489923401140767822e-01,9.023738681157581487e-01,3.790009542868382209e-01,3.900980239778109593e-01,4.527669136456017873e-01,5.096994782179302685e-01,7.464352048880521506e-01,8.765196583202981007e-01,8.139497073232289104e-01,6.676446127853389312e-01,8.686859474537843573e-01,3.956344302693022286e-01,6.911489386303240057e-01,7.818994323876222730e-01,8.992881153791520976e-01,9.313597759458545067e-01,8.643086263989266937e-01,7.919629769683723675e-01,5.050920251276272976e-01,8.040983037009585832e-01,9.451047238114561599e-01,4.645336891439307836e-01,9.753144907677177011e-01,7.158018195848111498e-01,9.383693227536390458e-01,2.307999329908782815e-01,7.082424315623065958e-01,7.368304428922962668e-01,4.462080614348848395e-01,5.195949676548393681e-01,9.712946066204992679e-01,9.165869037687983667e-01,9.843723874523729878e-01,2.038349356838637383e-01,9.808784869927394956e-01,4.262392432254599184e-01,8.446899063729611523e-01,9.976419595904117976e-01,7.906482178609972600e-01,8.425496139881958335e-01,6.494605318270433303e-01,6.836960319541610653e-01,9.609238261022395866e-02,2.940046987149319557e-01,7.980180626128452470e-01,5.681749688024193556e-01,9.493911900665582548e-01,6.718406384008521748e-01,4.823265780966987659e-01,9.901316328558604773e-01,4.996902521044578882e-01,3.564390574421115732e-01,6.119420906449160036e-01,7.802993897504438836e-01
5.854757054047468046e-01,4.270059998171676918e-01,6.439062192916233940e-01,7.604536986024501566e-01,8.718828369242223042e-01,9.457667770562752096e-01,6.142623283561909897e-01,8.113267218176722917e-01,5.417298216253422227e-01,7.351084931622919871e-01,8.258260436419523343e-01,0.000000000000000000e+00,9.237637055605909531e-01,2.539480886609615795e-01,4.349749324298859410e-01,4.569053203732285628e-01,9.576460323717070899e-01,2.704786966905469159e-01,3.864168549657182039e-01,8.733393271541902703e-01,8.945538985966811074e-01,3.782174079431823710e-01,7.897698659834688772e-01,1.057449994760628707e-03,3.794331567663835614e-01,5.205521856949099080e-01,7.216267640344561363e-01,9.528801055393417707e-01,6.493153873550912003e-01,4.010883130422109311e-01,2.020971896258345057e-01,7.958811944863755095e-01,4.242627600024438395e-01,7.009531930167256508e-01,6.871845093809124672e-01,5.711579008205491803e-01,2.758170132387415818e-01,7.572872768228597895e-01,7.046246008305728781e-01,7.022709777958724420e-01,5.410896542529806119e-01,9.541552190889424079e-01,9.613988064366243425e-01,7.493788756241717142e-01,8.319919837225578929e-01,5.102903195683946569e-01,7.351787860879986924e-01,4.796559228592112145e-01,8.111818366263305879e-01,7.149623944373219020e-01,9.232333277083802914e-01,1.909683258630745506e-01,4.004427660664532929e-01,7.481893382147862814e-01,7.327896301113780986e-01,7.314645538347617215e-01,7.509051982993636409e-01,7.882657351816693136e-01,9.795002617285499813e-01,4.273476752297101777e-01,4.018692258676617168e-01,6.240975868811718397e-02,4.663626903835854653e-01,8.431075342981397824e-01,9.124714394565939246e-01,7.675517223604669814e-01,8.712810712091861864e-01,5.522952655906802066e-01,5.823024237207128362e-01,2.067202230715396438e-01,6.754426199278539267e-01,4.063529165570565205e-01,7.715742325576446792e-01,4.612582295270900579e-01,9.959461888477662006e-01,4.046616755521367237e-01,7.929941798779800433e-01,5.108865905681525543e-01,1.060854134573517848e-01,7.027791103902939485e-01,4.022140879242281364e-01,9.571821340075907791e-01,6.237848540269610442e-01,4.837033447432582678e-01,6.878687810736345831e-01
8.243644413749264821e-01,6.200006207953440152e-01,5.919618038979967967e-01,8.213205826067224713e-01,9.239533390914200783e-01,9.190839254749407772e-01,8.161352470633072009e-01,9.071200011344126013e-01,5.513833534234001688e-01,8.024338495759725243e-01,6.201843079840766437e-01,9.237637055605909531e-01,0.000000000000000000e+00,7.956015290572446830e-01,5.628376259941388904e-01,9.146257861020511415e-01,7.052331905562344572e-01,4.463237074381660174e-01,7.688089224494736307e-01,6.831054551169808420e-01,8.926044642649961780e-01,7.175999984966416889e-01,6.897256251646204372e-01,7.693200823876905625e-01,8.956162838920552760e-01,6.339507546969489482e-01,6.972771231362256961e-01,8.883643688066309441e-01,6.074044289672108077e-01,5.123136678693395174e-01,4.945356404053955490e-01,6.815578930514487599e-01,6.864356881657537324e-01,3.501300463341436853e-01,8.268969195151921747e-01,5.663280000279564685e-01,5.958649140628435870e-01,6.403112547892608752e-01,7.298381715724112651e-01,8.828179844321295544e-01,3.296784920138146058e-01,7.300652923919662696e-01,8.104216926935080556e-01,8.520673491946038069e-01,5.940574023335489784e-01,9.891029917217306622e-01,9.368768511735516835e-01,9.018457505833198384e-01,5.992687065121473644e-01,6.156554516876217020e-01,6.761862543538251780e-01,5.982090421576411465e-01,6.486009082870558551e-01,9.270624922671621970e-01,9.894153214381156136e-01,8.787007453329189754e-01,4.371944958156945837e-01,9.094612627090962187e-01,8.969865145399429363e-01,5.099312972428753366e-01,6.640306707680229126e-01,2.867423737398670514e-01,6.015626671919821478e-01,9.742305725831762464e-01,8.011512971560285079e-01,4.514984688539275259e-01,6.620358533066711404e-01,5.035124577150598135e-01,7.726575489468170410e-01,9.801648410683625467e-01,8.772940592387450387e-01,6.369765887790455050e-01,2.335048246621526657e-01,1.178417665439750461e-01,6.237285333455665493e-01,8.176056176898838235e-01,8.494741227142813544e-01,8.252063570027781125e-01,4.310721017919345588e-01,6.366943652389190911e-01,8.191711992263005504e-01,9.260249005959300117e-01,9.611208174576442165e-01,4.772928423101911455e-01,6.544410310634825034e-01
9.114732754442421703e-01,2.196672072734203174e-01,8.024966730322867781e-01,8.529357316686549950e-01,7.775865723427608511e-01,8.677437554039812984e-01,6.101664245447365742e-01,4.185148709211218843e-01,7.706819877763413373e-01,8.275927341371892565e-01,4.001095733867180981e-01,2.539480886609615795e-01,7.956015290572446830e-01,0.000000000000000000e+00,7.613093793820888688e-01,9.145066749419084040e-01,7.676999282070773312e-01,9.275280581643956523e-01,7.363416951782417730e-01,4.435951104927484678e-01,6.492021444608678804e-01,-1.048774859103709378e-01,8.608278915357970851e-01,7.353764538102367521e-01,4.816804029541453813e-01,6.357735746670037935e-01,4.332597196185686839e-01,1.563780312623804791e-01,4.632072668241984381e-01,1.443112830360066268e-01,6.411952484302660960e-01,4.832064949406570942e-01,7.942696793662892274e-01,2.761391480665200682e-01,7.644595026182662290e-01,6.566037071372727851e-01,2.510360686523268603e-01,3.278206257997888784e-01,6.377288248517487546e-01,8.506884444025476499e-01,2.655888403152842914e-01,9.689891485619469558e-01,9.472458573023643247e-01,9.841126406293870810e-01,6.642023383538644410e-01,2.049019037484416939e-01,6.604666783714521205e-01,4.294527866931296955e-01,8.182224264158443061e-01,6.054280635177335945e-01,7.379194224814424885e-01,7.999941965935881694e-01,2.759214620671532892e-01,9.940411063648074697e-01,7.427831132891444810e-01,7.097826008572883927e-01,8.748727553549335845e-01,6.277316526483770476e-01,7.659148019950638986e-01,5.185628535392641236e-01,4.572004826377496500e-01,2.104776178486414406e-01,7.081058481168602814e-01,8.396122833704303678e-01,6.106563113796923403e-01,7.640208232130974997e-01,9.281011425744872811e-01,8.602695413725893747e-01,4.104722452060592386e-01,5.889905154690293632e-01,7.727127482477504916e-01,7.590265710965612422e-01,5.971175030540822881e-01,1.330568237869775294e-01,3.587478963921415520e-01,9.959692068725469749e-01,8.076634113180589658e-01,6.117759153521019622e-01,3.512406444451589005e-01,4.172665766926403341e-01,6.347051421821133799e-01,7.107046037317462650e-01,9.196342205706549144e-01,4.609639178357927136e-02,5.721719256445394475e-01
9.829214024992524168e-01,7.081557647607178430e-01,8.872078089820321090e-01,2.031482360817110089e-01,5.596285852730433774e-01,9.636747765504368735e-01,7.921052337153263734e-01,6.239768100089109204e-01,8.958508676055340070e-01,2.046963176611519275e-01,6.470684417094009211e-01,4.349749324298859410e-01,5.628376259941388904e-01,7.613093793820888688e-01,0.000000000000000000e+00,8.163970183962484528e-01,6.372236723654265411e-01,7.422710498849345306e-01,7.269570346876592648e-01,9.346374519236482215e-01,6.941034311374872923e-01,9.368742109975766175e-01,3.151834956778090113e-01,7.640450674636457551e-01,7.758174774774926341e-01,6.648308838723573366e-01,6.988630479620527858e-01,6.388791672057996252e-01,6.009595564873814189e-01,2.152448881291205152e-01,-1.826193045652078351e-01,4.648212957280300484e-01,2.543875116090785760e-01,6.065154767510234635e-01,8.587211608851477163e-01,2.855088651945852374e-01,3.434395512832798536e-01,-1.668004782640586381e-02,4.227618997065493711e-01,8.359108142746055625e-01,5.318468452992642925e-01,7.449911668407070975e-01,8.222113770328287607e-01,7.962355230585786980e-01,9.568754997252311156e-01,5.921325221660818094e-01,8.559228240121938835e-01,8.080450885003190864e-01,2.605126721604414941e-01,5.973396868499917245e-01,9.010546008273602192e-01,6.582373176522380298e-01,7.175760293780809596e-01,6.625215962357663413e-01,7.266921229442497854e-01,8.171259624537837718e-01,7.676342797369174032e-06,8.507778716876542857e-01,7.755117804168581985e-01,3.579853252712711376e-01,4.811973252537534163e-01,7.346900936417952721e-01,7.524205367088769858e-01,8.730833479903516992e-01,7.303046098136865005e-01,9.941968049635275806e-01,9.149291443044139660e-01,8.296569321823583643e-01,7.452005549022400199e-01,7.290159458195415443e-01,7.403006861366053792e-01,9.215543673273921543e-01,9.569398715500774255e-01,5.856267989836289045e-01,6.311229251966162801e-01,7.865763189364788355e-01,9.766560497802826424e-01,7.951045348881795594e-01,1.571342006847694650e-01,7.536010701958129054e-01,5.737591707153659737e-01,8.069113744561212664e-01,5.068669169993391677e-01,5.819295041912018185e-01,4.252079828940824591e-01
6.525599816119598273e-01,7.195617141845821463e-01,9.713546327693409754e-01,3.801157049038891844e-01,5.547128409594392906e-01,5.600980421430148404e-01,6.970003326464696558e-01,7.031903939515889990e-01,5.004616452448086283e-01,6.889724771064487108e-01,3.315779511751837556e-03,4.569053203732285628e-01,9.146257861020511415e-01,9.145066749419084040e-01,8.163970183962484528e-01,0.000000000000000000e+00,6.361081537283874709e-01,8.556336268981298288e-01,5.291907474599173433e-01,9.363996851807587785e-01,9.202663627186578044e-01,4.802958222884567974e-01,4.034981418075865300e-01,8.375022375360127169e-01,6.285591287597828980e-02,9.517376305463695063e-01,2.300270571712021428e-01,7.910537306566247651e-01,-1.684118447916937433e-01,2.646619271558506847e-01,6.790625273577411379e-03,7.061672130410372450e-01,8.957460442268135870e-01,8.924614394549653662e-01,3.080549082760092316e-01,6.817524620963701931e-01,4.627827892766993578e-01,4.222283877324567447e-01,6.548803372519260702e-01,8.848294705205181909e-01,6.226438992740651601e-01,4.996017216038182163e-01,9.084054541208776978e-01,6.523618838213165461e-01,9.800075641082490741e-01,9.700371198745885160e-01,7.787124278026097413e-01,4.115766441329749004e-02,6.932970434548908489e-01,6.215643670992662129e-01,5.440982550069826118e-01,6.982456234262889305e-01,6.401171743149683957e-01,5.452581919996383197e-01,4.899896107630122843e-01,9.554434434407435006e-01,4.204730340216720208e-01,9.193033875521029463e-01,9.041572397099436609e-01,4.053704448670461535e-01,3.283405012490582808e-01,6.657424516604611986e-01,6.339138720288692852e-01,6.432482387149636438e-02,7.197090996010773178e-01,5.562963138020351472e-01,6.862790894310740741e-01,8.390471962710035481e-01,9.814913173655138712e-01,6.088152901555231589e-01,6.756466604676960586e-01,8.471403810726745309e-01,5.669388137593044386e-01,5.234838783431320364e-01,5.820172986131895154e-01,7.417605755073851670e-01,5.095840962607036673e-01,5.146589170517620326e-01,5.563132770654075632e-01,4.055283285273375560e-01,5.069123388205871716e-01,8.571381268950108989e-01,6.059102444933303078e-01,2.606950323637640121e-01,6.238080470318996262e-01
7.488035639285264278e-01,6.855553530615946523e-01,6.014561428538524046e-01,8.408126105168601816e-01,6.128981790435182875e-01,8.642662245195918969e-01,9.970148604660169500e-01,8.468361106225181789e-01,8.621253434591470421e-01,1.696760933451106970e-02,7.590907089931411278e-01,9.576460323717070899e-01,7.052331905562344572e-01,7.676999282070773312e-01,6.372236723654265411e-01,6.361081537283874709e-01,0.000000000000000000e+00,8.180530098208967926e-01,7.717965051735745652e-01,8.630548710936325474e-01,8.797116148607492248e-01,6.368617325680941965e-01,8.404451182458989589e-01,4.717204567456720898e-01,4.538602164103245906e-01,8.944640076048703259e-01,8.935734243892147211e-01,8.234658230542987178e-01,2.897031920053689813e-01,4.167151293163841030e-01,3.357183826113335767e-01,5.738053463418267830e-01,6.714387120015216093e-01,8.230925243312651185e-01,5.836423406646535916e-01,5.045751492319310305e-01,1.700182976273385549e-01,8.990536262006436630e-01,7.898709666399041929e-01,8.552979568800461729e-01,5.003602119762893263e-01,9.550137152798565676e-01,8.771483827062321881e-01,4.575522621958271752e-01,7.774332502026980452e-01,4.455870219820536882e-01,5.099131013908635435e-01,2.089065502332425051e-01,7.248786891446779013e-01,3.169434286409663071e-01,8.946005119008670903e-01,8.342828935219839259e-01,9.648784408679395019e-01,6.104371480324247701e-01,7.227634944699810049e-01,4.378340539845955171e-01,7.729815126799157721e-01,6.135847488574182051e-01,7.747686643539780649e-01,6.307559064396039972e-01,5.446720068204974341e-01,9.635203497593343158e-01,7.608392443006362083e-01,5.981357980401573737e-01,9.833611378705681139e-01,8.233072037872054549e-01,9.060560632809475656e-01,8.772857484486026314e-01,9.319810360451800113e-01,9.111258506063951712e-01,8.134432234877249090e-01,8.694738124360732456e-01,6.880721813400626496e-01,3.457764589486571616e-01,6.859753440038247607e-01,7.385957927878742391e-01,8.800840030875094477e-01,7.222489558733096171e-01,6.564325130254471397e-01,3.114161389501918231e-01,6.986838278468883168e-01,6.402921600647514255e-01,9.424818658757252443e-01,2.628158189689872026e-01,8.729730736323811913e-01
9.115399197485541949e-01,2.048071799775740276e-01,8.826010730714984875e-01,8.950746774747321277e-01,7.824150612691976869e-01,8.652823899065412716e-01,3.602141301681145713e-02,2.199581788584225039e-01,4.143413726576453682e-01,7.531299922981424810e-01,5.885012941809908416e-01,2.704786966905469159e-01,4.463237074381660174e-01,9.275280581643956523e-01,7.422710498849345306e-01,8.556336268981298288e-01,8.180530098208967926e-01,0.000000000000000000e+00,7.044881289759344911e-01,6.605833466603783233e-01,6.517228420877617667e-01,9.924211301442904531e-01,6.553393578965345245e-01,9.322229055044355395e-01,4.746016255497939040e-01,5.103693180352222303e-01,9.626695606417298157e-01,8.436523130521041969e-01,7.182066284897254960e-01,2.283911712450431841e-01,4.573872226760759552e-01,7.871019325053353333e-01,6.249230811880874814e-01,7.007394853399732115e-01,4.625437322103551629e-01,2.129145751283196553e-01,3.912829809367795453e-01,4.495889215494547897e-01,4.861662115869884726e-01,4.654903863874169656e-01,7.682270924729731609e-01,7.238153149993049595e-01,9.314712129487819903e-01,7.492782976690586239e-01,9.394026511182569372e-01,7.881585000806849983e-01,9.152777003915836262e-01,5.897654829186598224e-01,6.426909177086255198e-01,7.085572946928327953e-01,7.886929693531579133e-01,4.043885062741021108e-01,4.626486745077934559e-01,-7.423290479586455715e-02,9.368891228950646521e-01,9.180911732868384245e-01,5.977910571117897032e-01,8.572833955657163107e-01,4.932688068343981658e-01,7.561482752916722783e-01,3.207675111559422088e-01,8.483799959733407947e-01,9.179725445142196127e-01,6.844274387543236582e-01,7.270991100822826736e-01,8.776566977197857167e-01,9.245335006765200703e-01,6.794133473887848940e-01,6.348709668353791358e-01,7.084843493275629900e-01,6.072836278648684472e-01,6.641012231511236319e-01,-6.985753171559555552e-02,2.577682440965107236e-01,4.106463019757166655e-01,7.631723738804963020e-01,7.627211684917245549e-01,6.439244405649189318e-01,5.996684762512105582e-01,6.413668842554876015e-02,4.494621050242029181e-01,7.429238406418556817e-01,9.850955840599890934e-01,-1.845068557295125866e-01,7.314750261370459583e-01
