0.000000000000000000e+00,7.968575345083157568e-01,6.315542244905698599e-01,4.710903469794861520e-01,6.897187663395132340e-01,7.235204044383067856e-01,6.202491807838315108e-01,7.823010971606296771e-01,9.295319554764089887e-01,6.595101153543003747e-01,8.512822096610309641e-01,8.843425297243531213e-01,9.146217458038103931e-01,9.790541707774970126e-01,8.602171758140266800e-01,9.664529346328445403e-01,7.420844334782574769e-01,8.759670829179977414e-01,9.675427682345062452e-01,7.797044160584810646e-01,6.556191832194403490e-01,9.845739160298816461e-01,5.658280507384019220e-01,9.947195913273394474e-01,7.495928106630573851e-01,7.726941286406023846e-01,7.657040176643588048e-01,6.475204506602474375e-01,6.399813895435013666e-01,1.924205235069421094e-01,2.630106941644618779e-01,9.942337843366902961e-01,6.487039466108224239e-01,9.373795961159374635e-01,2.561637496019211202e-01,2.539693504112701117e-01,3.408191750671303311e-01,9.702469644882570909e-01,7.163541630365551915e-01,8.876639566311707030e-01,6.559762930630994582e-01,8.629868840496259796e-01,8.056559101045746019e-01,6.295061203187264365e-01,8.309951636049194290e-01,9.304945535628912356e-01,9.953517176096903230e-01,9.990829632618554168e-01,9.240775352104135809e-01,5.241170117026108244e-01,8.002400824455632167e-01,4.199752370345469776e-01,7.275968535123331637e-01,9.894097919055386825e-01,5.346132967127468216e-01,4.339347982311841934e-01,9.931843820243386745e-01,5.260031525115270723e-01,4.759285055855140278e-01,4.436693403685079140e-01,4.612056760451747617e-01,7.242790680689467075e-01,9.182750214266716116e-01,6.613999718372811643e-01,5.604149403062318457e-01,9.815107906976135999e-01,8.225797165438073488e-01,9.393086105788525098e-01,9.378136937360026515e-01,8.606098156248327413e-01,5.535512769612010997e-01,9.530480439252438929e-01,4.684837757478534370e-01,3.902921157361677329e-01,9.283864253384720433e-01,4.722795535672861256e-01,6.988709466479409160e-01,5.669691981196940400e-01,3.082920179611212674e-01,3.809764753382687275e-01,8.669963107558299464e-01,9.211611468905694933e-01,7.609909995172708941e-01,2.701247694457346582e-01,9.827336685928022009e-01
7.968575345083157568e-01,0.000000000000000000e+00,6.083457184715702626e-01,9.101916776214850069e-01,8.616696071359437603e-01,7.818098701305118414e-01,7.916352683375400545e-01,-1.021495682355358925e-01,2.955838753467266988e-01,9.311952895765772675e-01,6.369287236011659248e-01,8.432809284773006286e-01,5.352485145123663246e-01,7.642197890513382497e-01,5.059204635245920789e-01,6.954192844342713675e-01,6.813047442196961123e-01,6.259999059020586731e-01,4.301834955584732390e-01,7.105613814092690550e-01,8.458885270989668914e-01,7.245323852600283887e-01,4.005101309216992922e-01,6.537192055802409918e-01,6.279873448154899007e-01,1.511675255341304869e-02,9.481412930512829185e-01,7.081135992715401617e-01,9.426936440305739850e-01,2.207700739447536198e-01,6.578517109316345257e-01,5.394841195159792990e-01,8.742578397350322383e-01,6.457088188886447311e-01,4.018849735913816723e-02,4.638510525540634477e-01,5.755787911343328567e-01,3.956793099498122634e-01,5.341253427499014217e-01,8.341954272254645808e-01,2.325832033818861777e-01,5.508343349113281606e-01,7.928340670464505413e-01,8.764435046688804354e-01,7.530436828290595352e-01,7.416711160874672748e-01,7.800662403241722664e-01,4.349080644247874661e-01,6.896150624251653483e-01,7.584405011800324781e-01,9.555446963887249678e-01,2.516124472497629494e-01,8.183758425490867960e-01,2.417886493977749462e-01,7.724958276531191936e-01,8.846074159250321145e-01,4.383520342964605243e-01,9.231210047909859107e-01,8.774145955603347424e-01,5.759738493307663409e-01,1.217277268531952172e-01,1.930859823203568693e-01,8.093635188401695491e-01,-3.150095020502560739e-02,6.312775121416542845e-01,6.589844014130045169e-01,6.089974790439944830e-01,9.010162310453759815e-01,-2.729876460765759960e-01,3.226853946531145767e-01,6.310720144288924915e-01,9.382923860523124659e-01,4.049091962325473970e-01,9.850832510221739780e-01,7.470900584190613980e-01,8.355762557321534389e-01,7.621339828640660841e-01,2.030381421246655882e-01,5.159257133002980167e-01,5.259242285374908787e-01,3.966770284581767614e-01,9.301901801218871446e-01,2.319063765433135305e-01,3.434479144210478840e-01,2.340875561852415188e-01
6.315542244905698599e-01,6.083457184715702626e-01,0.000000000000000000e+00,8.392196956012341058e-01,6.888050516600847661e-01,8.381054961563597638e-01,8.856956908400868134e-01,9.562844787125062140e-01,8.857291621429193018e-01,8.471838797213624428e-01,9.022114467022335216e-01,5.755336987926864545e-01,9.277290798786421711e-01,8.154813269889633620e-01,7.639623727447052426e-01,8.674260599002500127e-01,8.413037788260240291e-01,9.126674178388625158e-01,5.556116981605007110e-01,9.040129805295751275e-01,5.426469207973321218e-01,8.777551407370559611e-01,7.012531445783715123e-01,5.608060862191153184e-01,8.876603095279941291e-01,5.577225058848414019e-01,9.545854867959776557e-01,9.795385087920550626e-01,4.809854018613661797e-01,4.997953266541180217e-01,3.781473696617141944e-01,9.337636131739449619e-01,8.683311156699223821e-01,5.261973811898378317e-01,9.636556888171087243e-01,2.099854178162665619e-01,3.043690337243740163e-01,5.020494829328985276e-01,8.293264487310850752e-01,7.618908278004932200e-01,4.170130618087332652e-01,9.965062964383790689e-01,3.577723928285942434e-01,6.865152678464576663e-01,7.591355404652826433e-01,6.746677225409337675e-01,6.394123082447579209e-01,1.633971239039714030e-01,9.148439402019613587e-01,8.810933782604634112e-01,8.751121785327610203e-01,7.525678063422601705e-01,8.921736587240371996e-01,8.421538993661812356e-01,2.096323735675525990e-01,6.118150761626487411e-01,6.111172743481130265e-01,5.799384475328318578e-01,4.902327113678520143e-01,5.360630223635400871e-01,3.906832200929121202e-01,7.488687258286387260e-01,7.895522652145766651e-01,7.314153444766792189e-01,9.532642154724191297e-01,7.880698104097695333e-01,6.823486762563210073e-01,9.263513539966145016e-01,7.311222937216425022e-01,8.282293346542045631e-01,8.159708577358946169e-01,5.262903222802537417e-01,7.011527891302058446e-01,7.562419765489756251e-01,9.722534091808694434e-01,9.276233228101229411e-01,9.478794600948374782e-01,2.052051666992464052e-01,7.313315693593410716e-01,5.991265298859924648e-01,5.620765505992888489e-01,9.085773301749219266e-01,9.117460724960313456e-01,8.528640758983386805e-01,5.894032115735317046e-01
4.710903469794861520e-01,9.101916776214850069e-01,8.392196956012341058e-01,0.000000000000000000e+00,9.112176884851040937e-01,9.862585070585900837e-01,4.416677131658809929e-01,6.813510186868243501e-01,7.798156511089466836e-01,5.631213512523370879e-01,9.712997476792895046e-01,9.006346232579055533e-01,7.703498419416821008e-01,8.676996111807101508e-01,8.671313078931528473e-01,6.684993385184159198e-01,4.558041766472861189e-01,7.598845443965014379e-01,8.829481922993588361e-01,7.233029601543150555e-01,7.672302321066055697e-01,3.253767825907281641e-01,9.379116026356418834e-01,4.455218740531128874e-01,7.245469244355422500e-01,5.944310538801504951e-01,3.168279068107044405e-01,8.527710100878163058e-01,6.429734984856014801e-01,4.043111712378101297e-01,7.218128016376408329e-01,4.844947861628551844e-01,9.144660099772233819e-01,8.662405016001423208e-01,6.474553438121337656e-01,5.696038615153252715e-01,3.357458841937683292e-01,6.266503081933570973e-01,8.152627376950949412e-01,9.233288835850088638e-01,5.265719467178391344e-01,7.048748673798139741e-01,6.732335938406910358e-01,9.269271664023877033e-01,6.935260555842900354e-01,6.895952441119777010e-01,8.402378732214982326e-01,8.096513451914011394e-01,7.257489607306887303e-01,8.905611573489583543e-01,7.439629160107563699e-01,7.003020234007387712e-01,7.445544592575086273e-01,8.699906936738253105e-01,9.732908509631785776e-01,4.606714125309051000e-01,7.892870320571739873e-01,7.354478931010484111e-01,6.321310025279229805e-01,4.055466258743315455e-01,6.145647457907834621e-01,5.334910060765756246e-01,9.861642012093455589e-01,8.176530632991014791e-01,6.977220708031407481e-01,4.487668515480230935e-01,9.062058898901125259e-01,5.899905053501393049e-01,4.042682539099716754e-01,4.711763042285302405e-01,6.306463139888449643e-01,6.016484394296796046e-01,4.330728524006873248e-01,2.186914209238893236e-01,6.468319725864332126e-01,8.051311832520923195e-01,7.998178360140676402e-01,6.332746186456950088e-01,3.514523785567587599e-01,2.270237235484056648e-01,5.722522503479550160e-01,6.143119408579122975e-01,9.328399654531494001e-01,6.558633856191722344e-01,3.546667206929886573e-01
6.897187663395132340e-01,8.616696071359437603e-01,6.888050516600847661e-01,9.112176884851040937e-01,0.000000000000000000e+00,9.040448179261358908e-01,1.496291772791986108e-01,6.231844097323335774e-01,9.135637528299078713e-01,6.644734452481015907e-01,7.708361114200000808e-01,7.756585474944363012e-01,9.364652712625010089e-01,9.529769622961811182e-01,6.099763527386788953e-01,8.913303676580039969e-01,9.330524453830026932e-01,8.724511897015283513e-01,7.364350646951782764e-01,4.145426966952333037e-01,9.141116687368936455e-01,9.251579699828219039e-02,6.823799631287793543e-01,6.275281669422848596e-01,6.891853448784915903e-01,6.831386634447940143e-01,7.965254541035998725e-01,6.763849787735491947e-01,4.859852845121678810e-01,1.188458894663245169e-01,5.827135643987849112e-02,5.669492476220250321e-01,9.065088168433237392e-01,5.233353111400890212e-01,6.617413665503546483e-01,5.765766217430384755e-01,6.940594665241721639e-01,2.132247269877285134e-01,8.722070346329658941e-01,7.044707263948583043e-01,3.934113134633023812e-01,4.780417044688436423e-01,8.427560204065827065e-01,4.669819676636995931e-01,6.826779155885770445e-01,8.587808779357827271e-01,8.044065026031609333e-01,7.482556670497197970e-01,7.983098239689074838e-01,4.091835876825673513e-01,5.359069621290346586e-01,6.715812763927325735e-01,3.603207598223471808e-01,7.462803556088464241e-01,9.214926146955207953e-01,8.082401957172609119e-01,8.765331780685248209e-01,2.945263027799653321e-01,6.784419854795818994e-01,4.946735898191168546e-01,3.480339406779900391e-01,5.908523330046882016e-01,6.506657196725157410e-01,5.051436000250985048e-01,5.788643010770920805e-01,9.860112923585595546e-01,6.850184344297522987e-01,7.823392257214161205e-01,6.560794229516544451e-01,5.253469420892928898e-01,7.785853926189261198e-01,6.591510548964724103e-01,3.498215854150130699e-01,4.625469282398306237e-01,5.564429233450535195e-01,8.400978002437818892e-01,3.966988235985919875e-01,4.894554011613161948e-01,1.107218013835932213e-01,5.161081146213991611e-01,7.326137671611313573e-01,6.206219424835214271e-01,6.866475135025582599e-01,5.771616594529606070e-01,4.721240994064697660e-01
7.235204044383067856e-01,7.818098701305118414e-01,8.381054961563597638e-01,9.862585070585900837e-01,9.040448179261358908e-01,0.000000000000000000e+00,7.890428809955960521e-01,4.639921747457810830e-01,3.111084427466038194e-01,8.289092532370285760e-01,3.733246521846422805e-01,2.124024528775854126e-01,6.413740635060691808e-01,6.368016960162055096e-01,4.307179857262173339e-01,8.215431335422849202e-01,7.616905164322633759e-01,8.884110561194931144e-01,6.495520850510471123e-01,9.965061821751268756e-01,7.462261372892180500e-01,5.983610724343677578e-01,2.470294972969753755e-01,7.900932859546169196e-01,6.054038897072443470e-01,2.629552279614468802e-01,3.148823154148840953e-01,2.484170692965073091e-01,4.688177970661739913e-01,7.333431699598171871e-01,2.341821499433537623e-01,5.680302367952732023e-01,8.651552717647510438e-01,8.827038696420188568e-01,9.038627306415605300e-01,2.012313081748368926e-01,1.081862524152861771e-01,4.689792192589823938e-01,8.373075543341338411e-01,6.948319297139946560e-01,6.127714219833224618e-01,9.182388096485128992e-01,4.607113320682583724e-01,9.572508567826594206e-01,8.454227833017800009e-01,9.393316120990374829e-01,4.042203950901932519e-01,4.034204688956744000e-01,1.841011590175383739e-01,3.317951385114904506e-01,3.101128847862637539e-01,6.722312407939993184e-01,6.865580390879900685e-01,7.799324603900501529e-01,9.953147010851766396e-02,5.532294637630070788e-01,4.207804519968534884e-01,-1.221784939643760920e-01,7.412776723879496155e-01,5.682872471931104119e-01,2.612792989102110108e-01,4.123799809166053265e-01,6.598169583222063261e-01,7.825816337846396298e-01,3.612004922098490112e-01,3.910069488459133602e-01,5.212522110686577115e-01,9.742212491874638891e-01,4.803046219318185539e-01,5.313169407714675163e-01,8.617228139275316945e-01,8.253249483920942486e-01,8.465719008281044067e-01,1.033019890885844561e-01,7.687066229788602767e-01,6.204057155631922393e-01,4.112226889479210223e-01,7.201907558645682661e-01,7.284204670434646887e-03,3.246653582901257717e-01,6.036706567142233748e-01,4.100873488170326819e-01,6.520191368489721695e-01,5.399292721257006322e-01,9.756699357175361298e-01
6.202491807838315108e-01,7.916352683375400545e-01,8.856956908400868134e-01,4.416677131658809929e-01,1.496291772791986108e-01,7.890428809955960521e-01,0.000000000000000000e+00,5.483909146231926712e-01,7.797176987592637776e-01,5.383724963494127547e-01,6.576160618433303240e-01,3.034549834123175804e-01,6.048315425089551001e-01,4.468776833191635545e-01,7.538026585746006036e-01,6.448821079556117386e-01,2.167758840094453077e-01,7.254798833018899495e-01,6.588955117923762650e-01,7.638021851608939317e-01,9.407282084227598373e-01,6.142185677694365076e-01,2.982951473574632084e-01,9.968012625401306837e-01,4.263079643779890682e-01,8.989903216851131695e-01,4.717057474840350428e-01,3.922637970344481362e-01,5.144567987740320536e-01,3.666266251113479147e-01,3.128393783384729732e-01,2.675566302331952029e-01,6.592037807449094844e-01,5.399271191784875690e-01,8.065989510128034334e-01,2.717470879185306387e-01,5.397791844497130953e-02,4.308346649839311926e-01,9.804099392131705448e-01,3.228562586126952350e-01,3.109308280488137233e-01,4.002591809186223371e-01,7.274317913279395587e-01,4.039844224340481960e-01,9.755329321016793509e-01,2.923106484240328151e-01,3.989423596442187581e-02,4.413485849027559693e-01,4.615323596100374681e-01,5.835722575315597238e-01,6.190089592096055249e-01,5.059450599116870340e-01,2.542731661221271366e-01,6.366485341848238111e-01,8.530018211930162630e-01,7.401985472172587510e-01,6.864966129579188614e-01,6.935909143182698022e-01,8.878717768642306885e-01,1.978394082277784294e-01,6.491733664035922446e-01,4.919892016232886300e-01,2.832833748273546615e-01,7.322691335850868288e-01,3.797242680692053396e-01,7.595789361123809202e-01,4.043042895243215695e-01,4.237744295493698354e-01,6.724117261728912442e-01,6.302693053710262117e-02,8.280537478881709879e-01,5.004503675797504769e-01,5.628202627653644541e-01,2.994071679922241658e-01,3.950528481224286903e-01,6.240716838251112453e-01,7.840378755209926886e-01,8.061556268890360255e-02,6.312581885772244883e-01,5.978952964537883608e-01,6.012651754496889378e-01,8.236708902501705953e-01,4.501366669891908034e-01,6.169740565169328228e-01,6.482407155007254840e-01
7.823010971606296771e-01,-1.021495682355358925e-01,9.562844787125062140e-01,6.813510186868243501e-01,6.231844097323335774e-01,4.639921747457810830e-01,5.483909146231926712e-01,0.000000000000000000e+00,3.876176292001590751e-01,5.174370023448966460e-01,5.194092877078533288e-01,2.274831352602261769e-01,7.026583628692104622e-01,4.447886174191034714e-01,6.099406303782497485e-01,4.469892213640166423e-01,8.772164771810737616e-01,6.495386702870048490e-01,5.690801783664694025e-01,6.798867849869983937e-01,4.978307527699222801e-01,7.205645068948661747e-01,7.068768612152236397e-01,5.517764610242932299e-01,5.602611140184386995e-01,6.282380217844629744e-01,3.653224766525953737e-01,7.103495051345463107e-01,7.419105814452684466e-01,6.804978659017004716e-01,5.845223251475410997e-01,2.407352516088978600e-01,4.254664685524451873e-01,7.550019292795371317e-01,3.256231140679235470e-01,9.672829546521795330e-02,3.046046687092883731e-01,5.451360296652019155e-01,8.193869130040929427e-01,7.187548915029268182e-01,4.094227354104439387e-01,6.669225578243518360e-01,7.890850025995939099e-01,6.373311355201649597e-01,5.890159447684676364e-01,4.012023730789847087e-01,4.932619716661987841e-01,5.524433804691073480e-01,7.121545838312354215e-01,6.554622880576417288e-01,6.813770363280411413e-01,5.778046901007121150e-01,7.689938343253049924e-01,6.299115749842522094e-01,7.165823187534556826e-01,4.184961199919052799e-01,6.714160490041767293e-01,7.824272620291647939e-01,9.796655652161148087e-01,3.490271514731643210e-01,5.651232620923396510e-01,6.276300743546436856e-01,7.182188924264288898e-01,7.063907687539885405e-01,9.596806808144672241e-01,7.233072616340247007e-01,7.925359998161590758e-01,5.873846737574213162e-01,9.181532124892506364e-01,4.560763115190410444e-01,4.855459475497722610e-01,7.409199959877583730e-01,2.453765379598123464e-01,5.438750760586337218e-01,2.646578783312836247e-01,6.921943986879495192e-01,4.951903831291029068e-01,5.194596541879383800e-01,1.084507236441285133e-01,4.534890529496148348e-01,2.541924260285882697e-01,5.819387315977525565e-01,3.694418854592858015e-01,3.709458963952489974e-01,2.835025598640816824e-01
9.295319554764089887e-01,2.955838753467266988e-01,8.857291621429193018e-01,7.798156511089466836e-01,9.135637528299078713e-01,3.111084427466038194e-01,7.797176987592637776e-01,3.876176292001590751e-01,0.000000000000000000e+00,6.267903501081205642e-01,5.229032163444566894e-01,7.359826107368818704e-01,7.775100196091501159e-01,6.572248147020727238e-01,9.119573623449405142e-01,5.128015349633703313e-01,8.582611353998930159e-01,6.960722271119608173e-01,6.377975537291801222e-01,9.602376217042082329e-01,9.799925609339551480e-01,4.392261491480726754e-01,7.526733384832887674e-01,8.760366051709042035e-01,3.788878689519640242e-01,7.918275448341063338e-01,7.959050434109198324e-01,7.460324162205648202e-01,6.466445107261613590e-01,4.487145181684539241e-01,7.717528063528953375e-01,4.071598706064776252e-01,5.686466095852025227e-01,3.786869750210046792e-01,3.493147073116858459e-01,6.986848267328629181e-01,3.535193566602289339e-01,6.556912623535121609e-01,8.552660233221767161e-01,4.175544247719196744e-01,7.787791504056560399e-01,6.056937777357598307e-01,6.048809709896892928e-01,9.538789040697173149e-01,8.972285662114135585e-01,9.631263557076583659e-01,4.026089172662941640e-01,7.567624117849010013e-01,6.603640651733172495e-01,7.121384107511782302e-01,8.860175478669036764e-01,5.501536216381007760e-01,6.144104173501918620e-01,6.620367173960574059e-01,5.105139731825599769e-01,8.656115499371916933e-01,6.531319063979191819e-01,8.107440238514801445e-01,3.218613199525406365e-01,5.477672868013385710e-01,5.941676869331451449e-01,6.271397247253640561e-01,9.189600159750364039e-01,8.309959670045357072e-01,6.473388675211189103e-01,8.089911230859804236e-01,4.993925551982342781e-01,9.040587391373491322e-01,4.653480497508463709e-01,4.388037229911697645e-01,8.942678179190813870e-01,7.226339415520905973e-01,6.521059600175483917e-01,3.532658453079303706e-01,6.844879371862310213e-01,6.875606918664501910e-01,7.626185981571643735e-01,6.218923580253201688e-01,3.658048125544927087e-01,7.852688897086634867e-01,9.530956522607629822e-01,4.765162568905357832e-01,8.710199385373156300e-01,5.692317885133790778e-01,9.529823010457287857e-01
6.595101153543003747e-01,9.311952895765772675e-01,8.471838797213624428e-01,5.631213512523370879e-01,6.644734452481015907e-01,8.289092532370285760e-01,5.383724963494127547e-01,5.174370023448966460e-01,6.267903501081205642e-01,0.000000000000000000e+00,7.288299703254152995e-01,6.947662369179762321e-01,9.188313665064312685e-01,6.437236816642349924e-01,7.515433351021469921e-01,9.248888631067028188e-01,8.896116308510186865e-01,9.678174817413848219e-01,5.978911450051055398e-01,8.540796835746683469e-01,2.140184418046484072e-01,9.607271454535337707e-01,7.399485017493967476e-01,9.975032936780034998e-01,6.752530967659228223e-01,8.945968029402219246e-01,9.161129268186443131e-01,8.635089595398797169e-01,2.044108227586794446e-01,5.841866189499627104e-01,-1.887831774787098182e-01,6.013069017543631878e-01,2.815095249803628574e-01,9.386750880865251112e-01,4.377009121274753056e-01,1.359849770691960169e-01,2.782290521437316144e-01,4.780238937047538439e-01,8.192124303959443798e-01,6.161049369874552761e-01,5.902644070803477749e-01,7.505700838963076382e-01,5.899668942227480617e-01,7.446085008796092808e-01,8.419679188963901106e-01,9.129946415462361076e-01,7.122423225079236309e-01,4.728616131804453393e-01,2.075283743978881962e-02,4.021258158948583517e-01,7.659351109830017101e-01,6.826027919995363291e-01,8.368045801440615605e-01,3.450272867253376674e-01,5.586105879185870871e-01,6.609071229556090499e-01,9.961709758318215702e-01,9.575305472688238062e-01,9.646884077857608153e-01,6.007891127539144449e-01,7.912983177337687968e-01,6.609992847895472812e-01,8.899827269688107556e-01,4.599735529351750563e-01,6.050809736809681372e-01,6.298647987317816943e-01,7.220559398923389605e-01,7.066383760525450919e-01,9.625507782936471024e-01,7.218260633318375197e-01,8.404303472615436421e-01,8.627877038477820282e-01,5.083284502278508921e-01,4.638684123141543214e-01,6.837902791592234131e-01,7.701212955392529036e-01,7.786767653421102775e-01,4.285885718006912093e-01,2.357783225953746509e-01,3.517991707359829912e-01,1.016162820016860285e-01,1.588589175460350389e-01,9.126387097164699869e-01,4.185821382511254463e-01,8.715748729478935974e-01
8.512822096610309641e-01,6.369287236011659248e-01,9.022114467022335216e-01,9.712997476792895046e-01,7.708361114200000808e-01,3.733246521846422805e-01,6.576160618433303240e-01,5.194092877078533288e-01,5.229032163444566894e-01,7.288299703254152995e-01,0.000000000000000000e+00,5.944292944434433901e-01,6.939318784277784813e-01,5.925366588349902930e-01,6.791305964378874238e-01,9.846108536606685835e-01,9.042251443792042043e-01,8.868697146303319290e-01,4.430424409150023335e-01,9.814373556475552984e-01,7.322601972737458054e-01,6.134030788901678743e-01,9.065887355877214615e-01,6.615877928901995331e-01,7.987706103773259958e-01,7.945466271625164500e-01,9.748859400802605268e-01,6.891125458281613936e-01,7.527269511020773241e-01,5.326150986526774211e-01,6.036069790872659047e-01,1.345264800921720516e-01,2.828500398532511964e-02,9.598203145139347914e-01,1.043661826438619100e-01,4.942691167850850054e-01,8.095643367501664800e-02,6.311698326885951671e-01,6.834166662764994404e-01,9.551956076338073975e-01,5.294069914966340606e-01,7.762370108821712300e-01,9.909311385801513605e-01,9.357485034206264318e-01,7.160258235186846010e-01,9.069945885424225418e-01,2.347477430466752280e-01,9.624489739026959034e-01,4.752691324630487490e-01,4.098707162522937097e-01,5.639116234398067196e-01,7.950163599771121747e-01,4.034557904180827714e-01,8.549944425590292330e-01,8.343206075276388134e-01,5.138627660930421559e-01,7.387276412861573105e-01,6.919825588031821573e-01,6.650735968544501109e-01,7.484581695538530255e-01,4.763357231593432634e-02,9.306525334032682562e-01,8.252840910200019975e-01,5.806445253956007413e-01,6.990723530231441885e-01,5.222193661554952460e-01,9.887603962180975259e-01,4.120133000320446159e-01,7.537515841557154150e-01,2.938434754885212996e-01,9.533748031285996793e-01,8.184094350940237517e-01,9.507587345994283901e-01,7.690706242619296251e-01,2.143777047956708093e-01,4.074995047770941237e-01,5.301695100300519714e-01,5.554828645628219208e-01,1.342227174941200418e-01,1.456061422705827793e-02,7.212263268347856027e-01,9.537418791061289536e-01,7.360611749334434739e-01,5.849897466541251756e-01,7.323706658762938471e-01
8.843425297243531213e-01,8.432809284773006286e-01,5.755336987926864545e-01,9.006346232579055533e-01,7.756585474944363012e-01,2.124024528775854126e-01,3.034549834123175804e-01,2.274831352602261769e-01,7.359826107368818704e-01,6.947662369179762321e-01,5.944292944434433901e-01,0.000000000000000000e+00,9.111600415715032097e-01,7.730984271103892302e-01,7.096534540174104233e-01,6.667220716937459768e-01,8.403648926649823769e-01,8.063964227405308050e-01,6.917116802833815914e-01,9.511259513495405882e-01,6.631633711286835098e-01,5.330490197007173858e-01,6.022468663666742383e-01,8.358150853455239560e-01,5.622335116040125813e-01,4.699027539859192415e-01,4.694158610346784721e-01,9.669201240070058878e-01,5.498391521738237309e-01,4.241554397855638037e-01,2.436669732769924379e-01,7.037776964900956944e-01,7.155651404904201929e-01,6.371410208120042995e-01,4.096825057024322536e-01,3.177689591388089263e-01,2.146257117672460135e-01,4.756154353987340211e-01,9.329733702127009920e-01,8.510100576240536840e-01,7.740864853861664230e-01,2.699298370295831195e-01,9.694727868331070031e-01,7.406367074576022391e-01,8.125436245010687619e-01,4.352483486942979041e-01,1.795507841889297240e-01,8.723312100783005008e-01,4.211370505766633965e-01,4.806217411074539259e-01,2.980796983947893164e-01,6.712734346512251316e-01,9.899733323398549611e-01,7.883079246065901602e-01,6.431701276088592767e-01,7.579042244626260638e-01,8.105807086345132584e-01,9.093909594123881224e-01,9.405649312910236981e-01,6.820870966579092309e-01,5.157124609069136945e-01,7.137104539491120336e-01,9.109330793275266513e-01,8.733963154441219956e-01,9.506115795291814052e-01,7.585920801699564953e-01,8.964553723902282112e-01,7.822574627086160692e-01,4.322293970335808755e-01,9.014269860764887454e-01,8.267525028329796299e-01,2.232566481921092749e-01,7.639377857651635795e-01,4.319218849925328396e-02,7.269362528725459294e-01,7.030110609819101297e-01,8.213146170354675979e-01,6.120192904965296998e-01,3.365216790522356227e-01,2.519911735502832761e-01,5.694917813169253495e-01,2.475694054520270054e-02,8.955374392883796997e-01,3.384394121119147503e-01,7.460503088667442828e-01
9.146217458038103931e-01,5.352485145123663246e-01,9.277290798786421711e-01,7.703498419416821008e-01,9.364652712625010089e-01,6.413740635060691808e-01,6.048315425089551001e-01,7.026583628692104622e-01,7.775100196091501159e-01,9.188313665064312685e-01,6.939318784277784813e-01,9.111600415715032097e-01,0.000000000000000000e+00,5.659468932098145055e-01,7.808706649716803394e-01,7.774685329891994900e-01,5.907883143843775109e-01,2.046443701724536268e-01,6.196215722458551234e-01,8.742918758665212398e-01,9.981751869729618143e-01,9.101191313247686265e-02,7.889834280970009495e-01,2.866513126467316597e-01,7.842414808279459804e-01,6.654723639305527572e-01,7.162811928735492994e-01,2.154586288226162938e-01,2.956497490735166250e-03,6.853486772894855639e-01,4.694228127665514561e-01,2.442233002299933897e-01,7.985276581516204120e-01,9.090018368141667970e-01,7.913000576411441944e-01,4.265212907939640030e-01,5.283538225884507750e-02,3.305206073475370765e-01,3.320759076887055961e-01,2.159258656851031355e-01,5.668845112667626474e-01,7.500986118245533962e-01,8.894924253423309723e-01,9.537276375080980806e-01,6.824852241843888390e-01,5.103627975946740669e-01,6.142252854570394716e-01,9.248207891429041094e-01,9.237032892237320159e-01,5.472328731143230041e-01,6.838037425141625381e-01,7.895415579972515641e-01,6.383890785777970311e-01,5.379305023170679600e-01,6.766781264782356642e-01,6.062967399569250126e-01,6.191526848739297151e-01,9.985560293367854445e-01,8.094440705329610797e-01,7.265343009724369860e-01,5.775770204150533216e-01,9.883717378170966406e-01,6.913812950321364115e-01,7.093816183672645437e-01,8.030036295317024564e-01,6.262453497465944041e-01,9.864443531418671807e-01,8.488474026805243877e-01,7.580889857462345116e-01,7.137446781800694806e-01,4.108499189720025146e-01,8.637917196693084554e-01,3.180551395553472549e-01,5.539372080924158670e-01,2.781836207263179706e-01,6.738285021277382603e-01,9.309020069280785625e-01,9.109408686729274507e-01,6.844597115008868027e-01,2.002351014489148207e-01,5.740487710044537284e-01,7.788138529094967843e-01,9.142371191708648093e-01,8.652146760770493827e-01,7.780849221402041938e-01
9.790541707774970126e-01,7.642197890513382497e-01,8.154813269889633620e-01,8.676996111807101508e-01,9.529769622961811182e-01,6.368016960162055096e-01,4.468776833191635545e-01,4.447886174191034714e-01,6.572248147020727238e-01,6.437236816642349924e-01,5.925366588349902930e-01,7.730984271103892302e-01,5.659468932098145055e-01,0.000000000000000000e+00,6.671694900026564623e-01,8.742124413216914025e-01,8.339046527146083410e-01,8.724430592542055107e-01,7.159183596253049231e-01,7.034480103465167167e-01,7.770842949515708309e-01,5.316368747209773149e-01,7.804041854857025617e-01,8.562939231930264405e-01,9.243089595396689617e-01,9.558768221955018518e-01,4.093962467920061465e-01,6.871997318010885092e-01,4.503655768377156643e-01,4.283763453608990246e-01,5.206535476323713718e-01,7.750534160841633380e-01,3.688408612727664959e-01,9.020390486456191237e-01,6.097817564993714967e-01,6.436778980458118804e-01,7.684191570070701971e-01,4.960233475794293967e-01,9.337641840643271518e-01,7.350270927818010058e-01,4.184384279474691049e-01,8.615038192206598833e-01,9.626134695968712185e-01,6.709623381711949941e-01,7.144577109311853746e-01,8.552432740860085314e-01,4.955682688687374493e-01,7.775836357612903038e-01,9.940192975973678458e-01,7.795766674022036602e-01,6.780975901003926110e-01,8.074989145353047570e-01,5.746809178269622898e-01,6.211353590366333055e-01,7.910149381926675494e-01,5.203206706829337502e-01,7.738140107233688614e-01,9.837350016302132127e-01,8.924864153260494426e-01,1.689715822781933385e-01,7.021777177610630805e-01,8.353190839708206639e-01,4.270732833301034148e-01,9.279224759536420786e-01,5.771933275350815858e-03,2.095678552915679893e-01,7.281360191279179217e-01,5.559816309337763940e-01,4.633947954754070730e-01,7.188512759906975358e-01,7.497460515167364559e-01,4.301240234012504438e-01,6.826574761710867412e-01,1.870349183099420109e-01,3.298843681189211896e-01,4.594876317193448689e-01,7.696927580583684536e-01,7.922818274340738265e-01,6.282203290259523731e-01,7.114165413016387829e-01,3.746368755907909520e-01,9.511647874899390454e-01,8.413338001128926047e-01,6.658669114731835537e-01,6.725393709740355996e-01
8.602171758140266800e-01,5.059204635245920789e-01,7.639623727447052426e-01,8.671313078931528473e-01,6.099763527386788953e-01,4.307179857262173339e-01,7.538026585746006036e-01,6.099406303782497485e-01,9.119573623449405142e-01,7.515433351021469921e-01,6.791305964378874238e-01,7.096534540174104233e-01,7.808706649716803394e-01,6.671694900026564623e-01,0.000000000000000000e+00,2.266936525319260820e-01,4.257941302797543792e-01,5.822973414155562244e-01,5.945280734509061915e-01,6.924457231221663456e-01,7.135277172675252855e-01,4.946761795542092832e-01,6.555708446186974125e-01,8.288938807194937697e-01,9.073966412657055169e-01,9.988094494795077827e-01,7.502201148775942130e-01,9.112935558860602026e-01,2.690572626601651640e-01,7.146504563998151704e-01,4.748301561195570342e-01,5.501782970956027308e-01,1.276698205452379831e-01,8.096223398784309078e-01,7.257642242267069443e-01,3.943324020400863494e-01,4.952015803430050989e-01,8.886594716603766209e-01,4.730690982159930225e-01,3.896163002941953057e-01,4.104901655605537325e-01,4.672140350034668099e-01,7.187819864362675615e-01,6.546202144931717593e-01,8.361829533764360001e-01,8.474553721639639381e-01,2.329542185677651589e-01,6.104986409229244959e-01,6.049963108691276403e-01,7.672495182030084626e-01,9.894489976286562349e-01,9.925246195356829393e-01,5.258624283734507632e-01,4.854712526287520147e-01,9.682224670121297727e-01,5.673616297220726024e-01,8.683604236350425110e-01,7.199316917873704869e-01,5.590772335330725928e-01,7.294951570705472399e-01,5.130071082228995216e-01,5.494970322331205193e-01,7.085948940922256467e-01,4.041540609915287852e-01,7.342166637534508489e-01,8.781950896255615868e-01,3.118571857907297407e-01,6.305503265020367953e-01,2.588084793380643900e-01,2.166289625314340994e-01,9.728657428283844499e-01,7.287447309258586747e-01,5.039812311680719192e-01,2.342083934595927119e-01,7.584146418811691381e-01,5.612380966426240292e-01,9.311352024188666032e-01,5.222844721331587614e-01,4.797362956170960202e-01,7.380388749005775129e-01,6.102509795914583535e-01,6.031342975498525938e-01,7.359897208279289060e-01,5.999011560759766049e-01,4.824016257067096358e-01
9.664529346328445403e-01,6.954192844342713675e-01,8.674260599002500127e-01,6.684993385184159198e-01,8.913303676580039969e-01,8.215431335422849202e-01,6.448821079556117386e-01,4.469892213640166423e-01,5.128015349633703313e-01,9.248888631067028188e-01,9.846108536606685835e-01,6.667220716937459768e-01,7.774685329891994900e-01,8.742124413216914025e-01,2.266936525319260820e-01,0.000000000000000000e+00,9.295425134235721920e-01,3.084404516885491665e-01,8.919565503918885918e-01,7.178286144867600527e-01,9.644477023610485977e-01,3.061769962455097027e-01,9.171825709353850220e-01,8.962620314177963676e-01,4.154897924920163410e-01,6.245476281250330608e-01,8.068854529273437048e-01,6.161423023082405193e-01,7.731357612579516925e-01,7.606202152668536387e-01,3.822993687219802261e-01,7.177973959849316410e-01,2.563041258326643201e-01,9.436017121787412254e-01,5.002325984151254623e-01,5.307426015486996218e-02,3.002858963736316777e-01,4.845769051683929129e-01,3.031233030094969694e-01,5.326144474501590675e-01,2.345428182634233527e-01,8.603920483212731396e-01,9.714737012209496703e-01,3.688221406180843820e-01,9.759902767014322356e-01,6.721633106689794968e-01,4.955776774822631126e-01,9.789812577106786762e-01,4.821479567311509618e-01,6.770202922292759551e-01,2.520275064568571199e-01,9.110434855510115559e-01,1.274733731025366745e-01,5.760094182665114193e-01,1.225342878144337067e-01,9.211789043649509789e-01,7.328162675712041052e-01,6.210684380822647510e-01,8.540729103098105846e-01,6.171510665946223773e-01,5.919806717910156557e-01,6.301236387013784412e-01,9.219033079020368948e-01,3.793241752736982164e-01,8.649710331404274477e-01,6.795898325865813439e-01,7.592846183105457225e-01,9.189719653590814330e-01,2.077169192474190851e-01,7.337270469590169153e-01,7.248799929006787268e-01,3.517803919259240297e-01,2.894907963652606497e-01,3.271237268918074093e-01,3.079960694752306161e-01,-1.001506733322442277e-01,5.760393211013403736e-01,6.089566094899457882e-01,2.486777032710854249e-02,5.746798659549912092e-01,7.120137875932665006e-01,4.032425994665667646e-01,6.802747135233828679e-01,6.782225239267271055e-01,6.381142215895353464e-01
7.420844334782574769e-01,6.813047442196961123e-01,8.413037788260240291e-01,4.558041766472861189e-01,9.330524453830026932e-01,7.616905164322633759e-01,2.167758840094453077e-01,8.772164771810737616e-01,8.582611353998930159e-01,8.896116308510186865e-01,9.042251443792042043e-01,8.403648926649823769e-01,5.907883143843775109e-01,8.339046527146083410e-01,4.257941302797543792e-01,9.295425134235721920e-01,0.000000000000000000e+00,8.980673170043017572e-01,7.148872213733786785e-01,8.750713228893615137e-01,9.106452038202641486e-01,5.910203016671240484e-01,6.441674386772360261e-01,9.785860393991094863e-01,7.981444570216986722e-01,9.258869724357567943e-01,8.951258957572987285e-01,9.903882838940774036e-01,4.483964122747446379e-01,2.378352574072234160e-01,2.304524200824953906e-01,6.942891222268944285e-01,8.089706427820432255e-01,7.852000786476190930e-01,6.668034419086379394e-01,2.449135465887400040e-02,5.803959734844437168e-01,7.731572021087471658e-01,6.260321460402575866e-01,8.871763806511058226e-01,4.366608505957161879e-01,7.283070691704750521e-01,6.002685112345947926e-01,8.885829817214276893e-01,6.298546609498492099e-01,9.008114085854819209e-01,7.068177882145111335e-01,6.034829809381115906e-01,4.938370511708837785e-01,9.285243240982649082e-01,6.229014219170508904e-01,9.874107963529202836e-01,9.057111962646613446e-01,5.729553284232686838e-01,8.745124967616999534e-01,6.787343483124939070e-01,9.437969472438083596e-01,6.580138720974455513e-01,6.374585725660932845e-01,5.521246795000469554e-01,4.778049279176601605e-01,7.381452032820927656e-01,8.953320113797523794e-01,7.949690002484557372e-01,6.859311926308353513e-01,2.470609820403749379e-01,9.185073175525854117e-01,8.357786237455894218e-01,7.743581935478205391e-01,9.890902036996892521e-01,9.127605647780979714e-01,6.586913530657056981e-01,6.657796871607994937e-01,4.166806422807013410e-01,9.060296572448840458e-01,8.826616168228524906e-01,6.870299578844699662e-01,8.606568727387946538e-01,7.311267388512254772e-01,5.495722447744831873e-01,6.276103045004581826e-01,6.128200151472060764e-01,8.381672612812794965e-01,4.384262864679439597e-01,9.069838337947607743e-01
8.759670829179977414e-01,6.259999059020586731e-01,9.126674178388625158e-01,7.598845443965014379e-01,8.724511897015283513e-01,8.884110561194931144e-01,7.254798833018899495e-01,6.495386702870048490e-01,6.960722271119608173e-01,9.678174817413848219e-01,8.868697146303319290e-01,8.063964227405308050e-01,2.046443701724536268e-01,8.724430592542055107e-01,5.822973414155562244e-01,3.084404516885491665e-01,8.980673170043017572e-01,0.000000000000000000e+00,7.705671614353357679e-01,6.929634754321466472e-01,5.733893099729281406e-01,3.173724438354805777e-01,7.510026123011311894e-01,6.469942352543461839e-01,8.839110172628666939e-01,9.314357893209366246e-01,9.189122012595005717e-01,6.097153484287924918e-01,6.098479986404590214e-01,5.366951909804393850e-01,4.468171483813612732e-01,7.906076204463610146e-01,8.747239924615912710e-01,5.174322303658569489e-01,3.792983023958091948e-01,1.538431935822553442e-01,4.677699731902456026e-01,8.118597257866517758e-01,9.440169016194748242e-01,8.269154708316431845e-01,3.962973502012252514e-01,6.034246682155482988e-01,8.424668788784722695e-01,4.792958743429445168e-01,7.934587751636270614e-01,2.730268857872931165e-01,5.192983742332233366e-01,7.320169534775955444e-01,6.450801810396593616e-01,7.245914076435802098e-01,4.607937820380108018e-01,3.692081197204452048e-01,5.000500290509228840e-01,3.538751036983460718e-01,9.776035306316035456e-01,8.203339437622053643e-01,7.602014291937718715e-01,5.316289657072740260e-01,6.653232692422836880e-01,6.743603058461580257e-01,1.526578478521643800e-01,9.184202680521158513e-01,5.753581039556383558e-01,2.782137850708388260e-01,6.459931952844666370e-01,9.421854229673884973e-01,7.940434551142843134e-01,6.551361850056185432e-01,5.194026820576309600e-01,8.394935730251983363e-01,8.358803982625435669e-01,9.891816434746953934e-01,7.856415958161340196e-01,6.968902475634121130e-01,3.293399807241454424e-01,7.738072030074502061e-01,5.268544489050894786e-01,4.920656972708182808e-01,1.086552901487924383e-01,6.312735008204592990e-01,6.564440299008513779e-01,8.903596370102384583e-01,8.041729309811659343e-01,9.345410219198830859e-01,8.130351640639800204e-01
