0.000000000000000000e+00,6.688050281026250987e-01,7.046873426850533972e-01,8.330743138254724789e-01,6.108963008024212993e-01,9.600516327783418236e-01,5.304729099402719639e-01,5.444216634276057842e-01,9.647339628548652346e-01,6.397573807459171480e-01,7.239816223568795728e-01,6.860479745040397592e-01,5.587438913768283388e-01,2.880413253696851861e-01,9.254344941317576012e-01,9.667629835765578772e-01,7.151341281852992005e-01,9.661154453241436180e-01,8.455981614119175704e-01,8.547658122020563853e-01,8.493260209302676556e-01,9.360343753451008109e-01,7.218134671475272546e-01,8.196533485132559971e-01,9.995328813350763397e-01,8.715353380429426977e-01,7.723987873445588015e-01,9.143540660408790988e-01,6.552873696797694159e-01,4.783372161205827755e-01,5.613276553227820598e-01,8.717597426162047025e-01,8.685691756499729355e-01,7.527288220207126734e-01,6.249363129747362855e-01,1.321219734793155408e-04,5.011844936565297282e-01,8.213671193859874986e-01,8.447525513083762316e-01,8.851762653612084142e-01,3.921385524708828063e-01,6.640931555955432719e-01,9.870652647072851726e-01,8.694003329477103525e-01,6.185365341735681310e-01,9.735529731698409073e-01,7.691110972406390855e-01,8.578494050429463780e-01,7.194596447968213404e-01,6.855943646361947197e-01,8.260574413237729008e-01,9.160776205513450066e-01,5.522855802275760118e-01,3.936401338975080710e-01,9.980755298700734190e-01,9.459567481025741298e-01,7.853647377508530258e-01,7.380785613980456183e-01,5.976856917133284153e-01,4.506719316753654558e-01,6.383141347367937701e-01,8.961361783360459743e-01,9.168310846254781321e-01,9.696639105992732599e-01,8.023600665413285205e-01,7.623936734889309452e-01,5.279823943899810690e-01,6.796313558032752722e-01,9.702911545507938440e-01,7.024838423274132326e-01,9.819999168979987036e-01,8.061095650443831362e-01,2.533811302780553110e-01,5.822067576741416506e-01,9.931433265797370291e-01,9.659720851167613587e-01,7.042963398810550002e-01,9.752720682267611574e-01,5.420691929907872630e-01,3.464744698580359827e-01,8.503615598595071212e-01,8.888988680109625173e-01,8.833802965841967003e-01,5.965674511542449210e-01,6.774829984631115520e-01
6.688050281026250987e-01,0.000000000000000000e+00,8.159911247626066011e-01,6.451885558180454616e-01,7.534070079654503482e-01,5.602536304114494881e-01,4.967381983233231102e-01,9.003580370410823042e-01,6.677457103506893032e-01,8.367178173534095542e-01,8.444809439524953998e-01,7.437164309324342248e-01,8.465588162271228123e-01,3.206623315854885137e-01,7.106315668107879846e-01,6.797165172592384286e-01,7.813232328716012143e-01,6.889419791571195217e-01,6.261390998486184856e-01,4.750887632975980823e-01,8.547509211104921123e-01,8.615979641352448093e-01,8.001446159430012361e-01,9.600095046394588882e-01,2.825694043436571823e-01,1.758871081419762505e-01,9.998656796315890105e-01,5.741488689541789370e-01,4.328924874216745766e-01,5.989918584727891293e-01,6.710043509150017682e-01,5.111724716690573267e-01,5.547584378150630657e-01,4.534201819071208561e-01,-2.510029621274250111e-01,5.246042703899607140e-01,4.848423952177889351e-01,7.868984779923968720e-01,8.689086782067236836e-01,7.856902458928572974e-01,4.835074179181554910e-01,6.374047009722321189e-01,8.031109522089293629e-01,4.867502863674790792e-01,6.847704491269887006e-01,7.169590982995076578e-01,6.676108957095719942e-01,7.474936215167889975e-01,4.859479991345776462e-01,6.987623019456384865e-01,7.169519044583294587e-01,4.793942767064239829e-01,7.741807325062748379e-01,7.957930591770060458e-01,9.222043384181803916e-01,3.493749998571800131e-01,2.329433582499797484e-01,6.457065372086060462e-01,7.423633584068974889e-01,4.829524268864252012e-02,6.908218794880081060e-01,6.771503251222048547e-01,8.172440174763669907e-01,4.006122715279740731e-01,8.029348732415209078e-01,7.795877657487337853e-01,9.077653698984881059e-01,9.674778549946927431e-01,6.068135146507055433e-01,5.741525885640827997e-01,6.838735569012962534e-01,4.544578735970405958e-01,3.320389967380035223e-01,8.601670428863726625e-02,4.714489322904893420e-01,4.708972014659133509e-01,7.410861928685780198e-01,5.068735984864414235e-01,6.863209324613791518e-01,1.700048261359270174e-01,9.972285197914534383e-01,9.710249424279930874e-01,8.933023352274120921e-01,7.416338438609123562e-01,8.332180460236252029e-02
7.046873426850533972e-01,8.159911247626066011e-01,0.000000000000000000e+00,7.577343655579753534e-01,9.244042825164809907e-01,6.968939215818246158e-01,8.997679151276957166e-01,7.314108345908721942e-01,7.439904332930820097e-01,8.022005503898507195e-01,5.199146518378793269e-01,4.353436319886473949e-01,7.944749884491230096e-01,7.641114368820207670e-01,8.209909708433417164e-01,8.599423185439563078e-01,6.619945249639186402e-01,2.862705853064519967e-01,8.708363968883943151e-01,8.924538981997167664e-01,7.398998453458263125e-01,8.737590883597372571e-01,8.325418068118596304e-01,9.257915020252008853e-01,8.790079518036453265e-01,6.800120234639788208e-01,6.000920441376220715e-01,5.256948482365919606e-01,5.904978847742835546e-01,9.900817972492761410e-01,1.314396479831192455e-02,7.770053053207510718e-01,9.192080100914346019e-01,9.754236728311406202e-01,7.701916749542782048e-01,6.245162987192173221e-01,6.434073939509931117e-01,6.838996136954516025e-01,9.629698606182117704e-01,7.669337832628213558e-01,5.696907638050819900e-01,9.858463979878692163e-01,8.080880450142963189e-01,6.813057305279349718e-01,8.782917727657186813e-01,7.586420611376009093e-01,8.251202101562510327e-01,7.791694340112657047e-01,2.868811864071000306e-01,8.807543546914375909e-01,5.777124023680170195e-01,6.287443738018675399e-01,9.630971241004420147e-01,8.616860112773373492e-01,9.421515244905671604e-01,9.322564441048791783e-01,8.342042315670084029e-01,6.443009462798474640e-01,8.544241865610404663e-01,2.689760623010830076e-01,2.276320783310828155e-01,2.069978625027723840e-01,7.737692844072678877e-01,9.153534445815936227e-01,8.581068732393213327e-01,9.064565627646546941e-01,9.806637168234356716e-01,5.981034774369520246e-01,7.840914902852380575e-01,6.421105969897415999e-01,6.058841500600978813e-01,9.594510741655800645e-01,5.666268711363885435e-01,6.179481236550453671e-01,7.045491080140573459e-01,8.038600473428373361e-01,7.717944585907130506e-01,9.545012154571533847e-01,3.918760095510164798e-01,5.651547387869039207e-01,7.079575288092880836e-01,9.437844534957293696e-01,5.091533388563087570e-01,7.073706101078183206e-01,8.364663925499782327e-01
8.330743138254724789e-01,6.451885558180454616e-01,7.577343655579753534e-01,0.000000000000000000e+00,5.746183418367730722e-01,7.128781334848038886e-01,6.803734236895861986e-01,4.606464922088833180e-01,8.082456683790881780e-01,8.528643275961325099e-01,5.265237142126673042e-01,6.555608130769434716e-01,9.457743849082598242e-01,6.130499998461131916e-01,7.757283979773582638e-01,9.057775729438670709e-01,7.032190863237167688e-01,2.987537959557854395e-01,7.840405452086681715e-01,7.408349612753848401e-01,9.687952105097691335e-01,5.011655169862125891e-01,4.573722333389671491e-01,7.736349854551666239e-01,6.250387208162752062e-01,8.384094917916743439e-01,8.362053192399534485e-01,7.494022843587552218e-01,6.184805313780327163e-01,7.908094837456387527e-01,2.566635464092471008e-01,7.703632092740350101e-01,2.285907818290134341e-01,2.757096079942319422e-01,2.447800580213485566e-01,5.100495675789503691e-01,5.285520262781003009e-02,4.801736391828802519e-01,6.427486515027498459e-01,6.386044044958479882e-01,9.713191215811225465e-01,9.786439410864862243e-01,9.905299456648218870e-01,3.311162449705624677e-01,3.276300914238873263e-01,6.372224467969446193e-01,6.947502136954254448e-01,2.235656872453155031e-01,4.217248979480358595e-01,7.694843290372714861e-01,9.632486446243345712e-01,9.735750360840542683e-01,1.110889891669049161e-02,7.515971725929533331e-01,9.078517341982971223e-01,9.758309597509997602e-01,3.916691951158579772e-03,6.864035555815115597e-01,9.994202929719580020e-01,6.279657940407659122e-01,5.624740277005767508e-01,9.389784743298659198e-01,7.392596202938069849e-01,8.358600025959017632e-01,8.255726712095426967e-01,6.774226590109229118e-01,6.715926589605066832e-01,6.513361289075989546e-01,9.595439860261971710e-01,9.504382708311028827e-01,9.355720235092407355e-01,5.104571551170514754e-01,9.248494461556027169e-01,6.179667851586789773e-01,5.884902923162763644e-01,6.380463411208218139e-01,5.996534286856667340e-01,8.044456428792251534e-02,1.622571043035174465e-01,5.730992998178222608e-01,6.583071621152132291e-01,5.926631845682971411e-01,6.617569773490633578e-01,5.285252646480558258e-01,4.401722078226709134e-01
6.108963008024212993e-01,7.534070079654503482e-01,9.244042825164809907e-01,5.746183418367730722e-01,0.000000000000000000e+00,5.640040902872496265e-01,7.712866310214596677e-01,6.656344156467874917e-01,4.889289145399172698e-01,8.347707321850751372e-01,6.765590114148386514e-01,5.945453078062330476e-01,7.853015362433233282e-01,7.064495569474362746e-01,7.803137623252281996e-01,9.710536392559848684e-01,9.772223433675406579e-01,7.309419400733123684e-01,9.457537736641299375e-01,6.280887011279940868e-01,9.231911468677138632e-01,2.482574395997399486e-01,8.442936545961131634e-01,9.729585698458009801e-01,8.515471603805030432e-01,6.673564937285892951e-01,7.223519626504415481e-01,5.177727542659522619e-01,4.230648419177742703e-01,3.615630241389211630e-01,4.815759456644356784e-01,7.068262058001782977e-01,6.062875581164642869e-01,5.014284618484314837e-01,7.576198240580918064e-01,2.191522384129755974e-01,7.218669602896194970e-01,7.641605943270689538e-01,4.028480085482095130e-01,4.932333785047176011e-01,6.992977742232912020e-01,6.524124228684158311e-01,2.534847878043845482e-01,4.556178634534575611e-01,8.789774300151388386e-01,5.935042904534195696e-01,7.855928741312919739e-01,4.115651094274547228e-01,5.480504950566389422e-01,6.395774556880542416e-01,5.328101608172602921e-01,8.687736232242738721e-01,7.296720194016624861e-01,9.261864018524764708e-01,9.494523239823923211e-01,7.122173315933379989e-01,3.814450155455941793e-01,3.854760436190681205e-01,9.693083988467393608e-01,6.107615659874247038e-01,7.685587595718841314e-01,6.801787213073251515e-01,7.798182584014745622e-01,8.254324467162299506e-01,7.490247426827240096e-01,7.539246754742848777e-01,9.456683424049890929e-01,5.296350551803057360e-01,1.297640903470176355e-03,6.083639147033668149e-01,9.973626302800305821e-01,4.124351508339623162e-01,2.148808260424858174e-01,4.494622948274702434e-01,5.823849716189546388e-01,4.401906548514609163e-01,6.941539795991993334e-01,7.309656798563992641e-01,5.168899705894249852e-01,2.916241158004910239e-01,1.698126921460132444e-01,9.125565256355281374e-01,7.546494002094603637e-01,7.311024319588780296e-01,9.889302096957740540e-01
9.600516327783418236e-01,5.602536304114494881e-01,6.968939215818246158e-01,7.128781334848038886e-01,5.640040902872496265e-01,0.000000000000000000e+00,2.360252065939923705e-01,5.774953525291236511e-01,7.359086819926398126e-01,4.145192713395831063e-01,7.353326351155010654e-01,6.352793143776772622e-01,4.793888584375558537e-01,4.589334599704661954e-01,9.987887770679147736e-02,8.316705150301345606e-01,6.747751961803960530e-01,7.009843859398036114e-01,7.363044202883352041e-01,6.151537189041089704e-01,9.916763836510191776e-01,6.552213537783992958e-01,8.629120192055929062e-01,5.605951903742830700e-01,6.654196676251438181e-01,8.820684556757798500e-01,6.352255504331034697e-01,8.033988959179158007e-01,4.714238980783073130e-01,7.006595509686444068e-01,4.225407363279761741e-01,3.670986461368543896e-01,9.085063212714348246e-01,7.149619613223081593e-01,5.656610486806141758e-01,3.905402119228325031e-01,5.468931290914467169e-01,7.188533029653082496e-01,7.007898277386769292e-01,6.598724181985509141e-01,3.479647079467740323e-01,8.025040405425438728e-01,6.382243270963745552e-01,9.531609085003013293e-01,8.448904781308134160e-01,2.347724591803954652e-01,5.459359933277471155e-01,8.296937360830299868e-01,6.354453824305383858e-01,6.354193869012121354e-01,7.095135277331460211e-01,4.747709288550798767e-01,8.872121615571381126e-01,5.920684788563954637e-01,8.954302892214784926e-01,9.579412150732075082e-01,6.467953937244707019e-01,6.161985856184535315e-01,7.988623256433761144e-01,1.037639593314491765e-01,5.266835517619766760e-01,3.370126362949487087e-01,7.155037243869682984e-01,8.785426771705344695e-01,8.287535484310445399e-01,7.795605833534199336e-01,4.329671840485179724e-01,8.434867044928087143e-01,5.258818133563105679e-01,9.031497640096360913e-01,7.806120444915721768e-01,6.026362430988938534e-01,-3.624548523323491422e-01,6.129738537691657996e-01,6.736977127258652054e-01,6.640041967261089972e-01,9.878916966974597980e-01,6.037141142135410421e-01,5.362710723112188438e-01,3.327898281767865951e-01,7.098572024780649414e-01,7.397150973270026908e-01,7.847543698331120865e-01,7.390801974777866379e-01,4.171919710086254840e-01
5.304729099402719639e-01,4.967381983233231102e-01,8.997679151276957166e-01,6.803734236895861986e-01,7.712866310214596677e-01,2.360252065939923705e-01,0.000000000000000000e+00,6.173861843367620672e-01,4.146811388290165823e-01,4.878544064803328473e-01,8.491799414683549596e-01,3.131089685326868821e-01,4.802324807139191631e-01,5.408842138677645572e-02,6.818639396642213191e-01,7.886018019867315765e-01,1.770449720015063177e-01,7.441235919161797163e-01,6.450808231145499505e-01,6.201876850792072959e-01,7.646138396671795512e-01,6.025071904925184407e-01,5.610119240483847358e-01,8.601719932026296034e-01,4.218147348358186055e-01,4.979795234974686569e-01,2.554531882953224309e-01,5.537373871943006565e-01,7.792968241798468032e-01,4.220912355479496947e-01,3.618610058525230100e-01,8.350118625840196040e-01,6.511752406415444172e-01,7.248143609656289010e-01,5.869507097071363644e-01,7.818818697960860931e-01,5.742695646171418478e-01,8.910788888626830495e-02,7.627635346261714133e-01,5.331020962122666740e-01,2.193239682296675430e-01,9.341463684277639956e-01,7.950693610344513607e-01,5.576883967858219382e-01,7.565009456003024546e-01,6.381066913462868362e-01,8.102980451309789167e-01,6.410137389454240164e-01,7.177764779149826690e-01,6.847864422449333466e-01,2.000884138665893208e-01,2.755478549878910832e-01,9.126424501965829661e-01,4.373581550326280376e-01,-1.758931824806674593e-01,5.899712452580042621e-01,9.903868308774117502e-01,3.876476103533522677e-01,8.007337463116857013e-01,6.889295783521482974e-01,4.807921991460585298e-01,7.923238198988218350e-01,5.461939988742599006e-01,9.845559742572638218e-01,7.320452966221357993e-01,3.397674697698526147e-01,1.759685989845400367e-01,9.942614719480868946e-01,7.944626063782472825e-01,6.000402433133243951e-01,7.445651800850938695e-01,4.684253842002347734e-01,9.925268742868009753e-01,9.853452028277525088e-01,2.929520198988804780e-01,1.438929080719851539e-01,7.577143281737047653e-01,6.451279934113757220e-01,6.888191161713606014e-01,4.013030898947441694e-01,3.852850873600519588e-01,4.620679416132461581e-01,5.523963316234625776e-01,4.361835636346607648e-01,4.921938128817173186e-01
5.444216634276057842e-01,9.003580370410823042e-01,7.314108345908721942e-01,4.606464922088833180e-01,6.656344156467874917e-01,5.774953525291236511e-01,6.173861843367620672e-01,0.000000000000000000e+00,7.882035469092858460e-01,6.116041814839198176e-01,6.859285115057527360e-01,4.972781342526612081e-01,6.144388913756335668e-01,6.185520745773599449e-01,8.841373178863817239e-01,3.885092260386361906e-01,6.082656441247108470e-01,6.709838397832379453e-01,2.573082538590359958e-01,7.267953128151363185e-01,8.730766312907705107e-01,7.448463677121457405e-01,7.037413247170900554e-01,9.595287263314792314e-01,2.832653880323428575e-01,6.050204895488631163e-01,9.150511722590052299e-01,6.655003428147192590e-01,6.922545388663197130e-01,2.392223569542257511e-01,3.857163130493240777e-01,3.826440684374574769e-02,5.587879163978036745e-01,5.352871126939938717e-01,7.014389683804803655e-01,5.814404038228571103e-01,5.619346327521443918e-01,2.493113936885278936e-01,9.260363857326379122e-01,4.498714782252531408e-01,4.785974240541719937e-01,6.813094490142850290e-01,9.196133115252633772e-01,6.793267634525799181e-01,6.318361908334196864e-01,8.716411419376565162e-01,2.102391783008872583e-01,5.902086497075784699e-01,5.841905507834043165e-01,5.124393978981901521e-01,5.919062965416452826e-01,4.392536570487269310e-01,4.923155649569122549e-01,4.276653108815616222e-01,6.884619261974963544e-01,6.887330238021521778e-01,3.309201624406148956e-01,4.725553997682022112e-01,8.744062733760550321e-01,6.217356608951795094e-01,6.089357455473812797e-01,7.444556882677367815e-01,7.144212344735823006e-01,7.214800682005868548e-01,2.474111721565044608e-01,4.519208979615266242e-01,6.111614200954897935e-01,8.260906001131556042e-01,6.736982368086329442e-01,4.775098516976917784e-01,5.430875797066020416e-01,9.920240553298972364e-01,3.588433240895173570e-01,5.090435866474801729e-01,6.481936575046188809e-01,2.593882576890146341e-01,4.743622883342333840e-01,8.498333837860611029e-01,9.352737637558679040e-01,7.901066438602972752e-01,4.786741809996634678e-01,2.727035303680198641e-01,6.452756586748927825e-01,6.171230137898362500e-01,6.668190238759263977e-01
9.647339628548652346e-01,6.677457103506893032e-01,7.439904332930820097e-01,8.082456683790881780e-01,4.889289145399172698e-01,7.359086819926398126e-01,4.146811388290165823e-01,7.882035469092858460e-01,0.000000000000000000e+00,6.323691861005310555e-01,5.666282173747982931e-01,5.007777070121808283e-01,5.500450820615450098e-01,9.010495982343655896e-01,5.095648958001994799e-01,7.363793657421671135e-01,9.393941462765184047e-01,4.359170377395316098e-01,4.599907153672680438e-01,3.442415752954126607e-01,8.699013096207373064e-01,6.700201519622512869e-01,7.205910649491752418e-01,8.507743660130003827e-01,1.191298275342105861e-01,9.856693875820772277e-01,9.223767712123358553e-01,8.401066334354040377e-01,8.080591647194043103e-01,5.531474830210886262e-01,4.224738244252572716e-01,7.299090275944448702e-01,4.674399396795358985e-01,5.857058752712279714e-01,6.838654206970797844e-01,1.735732170692207976e-01,2.676743533063692393e-01,8.625262102287821753e-01,8.394922050758556464e-01,7.482896536346582694e-01,9.426767679847573023e-01,8.503715665213171793e-01,7.464447187523889360e-01,4.972982250211800959e-01,8.708481085096243524e-01,8.425127580949682837e-01,7.348773556554077935e-01,8.066742146337992914e-01,4.772276663163002586e-01,5.811517195315825113e-01,9.558445854795327712e-01,6.169870143554505582e-01,6.799771492245368920e-01,9.432685385885307694e-01,9.111308119992337362e-01,8.792728030600858169e-01,6.286097499657912202e-01,9.169770247532420537e-01,9.460356154670911399e-01,4.994006952735556837e-01,4.793881082125509008e-01,7.269804351600637204e-01,6.875452251083163935e-01,8.332643338573867409e-01,6.059968573576254292e-01,5.172493102402907494e-01,4.951669552630428295e-01,8.639019093474722411e-01,8.905336573647864018e-01,6.620477479412851807e-01,7.323654719084828901e-01,7.164960291137717485e-01,3.184129479672178076e-01,7.486230148689956287e-01,2.658660315521125805e-01,5.597422469134838430e-01,8.325762180710019056e-01,3.753260728326583973e-01,7.864868633455814884e-01,3.937967016817547350e-01,5.864821387709800993e-01,7.231706460153449756e-01,7.495123983275093771e-01,7.336954944492661834e-01,9.011396149308118497e-01
6.397573807459171480e-01,8.367178173534095542e-01,8.022005503898507195e-01,8.528643275961325099e-01,8.347707321850751372e-01,4.145192713395831063e-01,4.878544064803328473e-01,6.116041814839198176e-01,6.323691861005310555e-01,0.000000000000000000e+00,6.769283573914539609e-01,8.537499825691725608e-01,9.182433472805960895e-01,7.661716730749364990e-01,7.281612585732982756e-01,4.188660393349022959e-01,9.802173231183108904e-01,3.946218347521303071e-01,6.719278383612288241e-01,9.068823604381970327e-01,9.910065978166939793e-01,4.283610155787166418e-01,4.361967513080295955e-01,6.633488253322499251e-01,5.172337452017037318e-01,9.612181692760184415e-01,8.437116547750713735e-01,9.318326182654224077e-01,2.908200382892134339e-01,7.852915833322786643e-01,-7.014665609993056550e-02,8.815761484943817061e-01,6.368871687048813790e-01,8.208322950587000344e-01,7.585345725798611216e-01,6.257752440567306007e-02,4.036100965550686315e-01,6.914357654372031980e-01,3.676562455893642722e-01,9.033405717508793398e-01,3.145354789019211839e-01,9.636926178950816491e-01,8.501792300693178372e-01,8.753742081528642638e-01,8.516715428891350470e-01,7.577397987832855675e-01,9.895526520409381188e-01,8.271985209046551768e-01,5.328887288251552556e-01,2.364148914653549094e-01,2.736494088509995870e-01,4.443078429791606498e-01,7.629683904315002207e-01,7.964030963249822959e-01,9.385647534219663246e-01,8.216682042841023659e-01,8.562315171240570955e-01,8.656767527993901590e-01,2.248568557425705342e-02,7.541692497927321437e-01,1.051706258198049498e-01,4.269066818576381372e-01,5.775425524666750743e-01,8.121005228428309630e-01,9.807902187038066710e-01,7.803939234609205133e-01,9.191293918182308342e-01,8.798615062878877291e-01,7.820528434573046361e-01,6.355091593836887931e-01,4.857408368958198719e-01,7.698284073577521536e-01,4.905949669920529055e-01,9.149368763807196325e-01,8.253486405375045631e-01,7.246902411510162123e-01,8.944257064173174454e-01,4.299514213709851873e-01,4.663292370142920751e-01,-7.590813261289508507e-02,7.880547073485555387e-01,6.365460984934530053e-01,7.034168845746188170e-01,6.939045602821418690e-01,4.185269154048433804e-01
7.239816223568795728e-01,8.444809439524953998e-01,5.199146518378793269e-01,5.265237142126673042e-01,6.765590114148386514e-01,7.353326351155010654e-01,8.491799414683549596e-01,6.859285115057527360e-01,5.666282173747982931e-01,6.769283573914539609e-01,0.000000000000000000e+00,3.008918886040260476e-01,6.839844201973857007e-01,4.946343052250715688e-01,9.684626644870139023e-01,3.086101194364005429e-01,5.566154317624880665e-01,6.608326665680515077e-01,4.229838234873889435e-01,9.135126640542630128e-01,9.781877670727552321e-01,4.172597573871554277e-01,6.407513523855499216e-01,5.091899584352250763e-01,6.705247255096379311e-01,6.928116823912435773e-01,7.289830986670413626e-01,6.191461875704522555e-01,5.114668886665516556e-01,6.556077665452368919e-01,6.070698916221670682e-01,7.780574929175342325e-01,4.498965103332647764e-01,8.144446033874833679e-01,8.469636806906705173e-01,5.626127340668455323e-01,4.398601755755152110e-01,5.971280383653869706e-01,7.640270304568773652e-01,9.167182671478135703e-01,5.789285861164741309e-01,6.650155416255315588e-01,9.977917735529026055e-01,6.556581035946013047e-01,9.564739022966491921e-01,7.133708815003442227e-01,7.120644158759468212e-01,9.806715776738241797e-01,6.182948527702420982e-01,7.690635037721956779e-01,8.781123562145907169e-01,6.717602956305734896e-01,5.978978542864871182e-01,9.993311205174082446e-01,7.919297221296296430e-01,3.420225798043665111e-01,8.003434043065386083e-01,6.491057382645364360e-01,8.410374208675190921e-01,4.978119408226882037e-01,7.001513748799325088e-01,7.655915873804097771e-01,4.679721434034044281e-01,5.750879216345072820e-01,8.264854197003709269e-01,1.060183028882257655e-01,8.441252051434120496e-01,7.100738919048070752e-01,2.842528507661346016e-01,7.560586674649917294e-01,7.581398294921419811e-01,6.620316573024702389e-02,5.709503485950248036e-01,4.848621790632918760e-01,5.279580574355112743e-01,7.666219694981816213e-01,8.597207467349929910e-01,4.085251123481707936e-01,2.551820319983207352e-01,2.247469834889803120e-01,8.979647803172020604e-01,8.096906578117601949e-01,7.242804978798486060e-01,1.581164658350350249e-01,4.898984141270066317e-01
6.860479745040397592e-01,7.437164309324342248e-01,4.353436319886473949e-01,6.555608130769434716e-01,5.945453078062330476e-01,6.352793143776772622e-01,3.131089685326868821e-01,4.972781342526612081e-01,5.007777070121808283e-01,8.537499825691725608e-01,3.008918886040260476e-01,0.000000000000000000e+00,5.891321650770747764e-01,9.142719349014407637e-01,4.725518228502412765e-01,4.272089580049969748e-01,5.668503627673215917e-02,6.122873970597013660e-01,3.335871917439085510e-01,7.479787890376246029e-01,6.496140650635209290e-01,6.098594317795829056e-01,6.688903934995139577e-01,8.592013428110752971e-01,7.617216891726565908e-01,7.748380532529253184e-01,7.882118857352842234e-01,6.245040859110494447e-01,7.799682118493738159e-01,7.247514444113538623e-01,4.555438782559817490e-03,4.383709929125562121e-01,8.517447771758955843e-01,4.442691852684518827e-01,7.756755737469317458e-01,5.533674411848886754e-01,3.750154287707797574e-01,5.173499186740179168e-01,3.568071793869923569e-01,7.488493407441565441e-01,1.665635825828364336e-01,6.758628426008226331e-01,5.860012381914656565e-01,6.253103087904876567e-01,8.812063046276168432e-01,8.657867000053293127e-01,8.241641233691290314e-01,6.178101933605660845e-01,7.951741087363890514e-01,5.768677200010613459e-01,7.439056712150703410e-01,6.012388481616059988e-01,5.233655831123851243e-01,5.512238982437486223e-01,2.100041332892851886e-01,8.386890804201340144e-01,9.555759861925713361e-01,8.328422294645585477e-01,6.205299480502521892e-01,5.477236402541049154e-01,5.523896453480348079e-01,8.156406723780116330e-01,2.156258373977347209e-01,9.533987733559938782e-01,9.640951397300465686e-01,7.580085003201117999e-01,6.786300680672573415e-01,9.202365259967946187e-01,6.505533808703876097e-01,3.810030575559807398e-01,4.515410291639633811e-01,6.234588513265385545e-01,5.056268553570718582e-01,8.472089300774666709e-01,6.285239973357252818e-01,5.314012996754280405e-01,6.303568899328857444e-01,6.738203072661678172e-01,3.453198620636674931e-01,3.077342663269726497e-01,7.436762516072812357e-01,8.653423516038806218e-01,6.426920096850122777e-01,1.297839670606703577e-01,9.243019970159249699e-01
5.587438913768283388e-01,8.465588162271228123e-01,7.944749884491230096e-01,9.457743849082598242e-01,7.853015362433233282e-01,4.793888584375558537e-01,4.802324807139191631e-01,6.144388913756335668e-01,5.500450820615450098e-01,9.182433472805960895e-01,6.839844201973857007e-01,5.891321650770747764e-01,0.000000000000000000e+00,8.764584362169780540e-01,5.623874405505188134e-01,5.410316913754937840e-01,8.031715037847239058e-01,7.979331817975821028e-01,6.694186604516174643e-01,8.800400123206504333e-01,8.637803015612591784e-01,8.248492413610946095e-01,4.185076276716251931e-01,9.817576425836580523e-01,4.615294288467132189e-01,5.929103354034688245e-01,9.909821380831543847e-01,7.709617292640946751e-01,6.178719825346352668e-01,2.968360226260777779e-01,5.256130662093877470e-01,9.566790197073764546e-01,6.013207118506287419e-01,8.119390834915547472e-01,7.641211816188538952e-01,4.842875371114643834e-01,3.364232134198880120e-01,7.423357615482907290e-01,4.226718879713337040e-01,6.551968436598976098e-01,5.835800943165913024e-01,4.257804327025206947e-01,4.106330885711471090e-01,6.063200959520405053e-01,9.791078193140754227e-01,8.532600086879721379e-01,8.714257857720103528e-01,9.868692549802635661e-01,6.493754764529572343e-01,9.974462252979823251e-01,8.487499199255837956e-01,7.950589377502120803e-01,7.598213558370127130e-01,6.010405296718072110e-01,7.249457736946237629e-01,7.931976292549247631e-01,9.676093505383860371e-01,7.132595889865013250e-01,5.644512234892157254e-01,3.102611751008458318e-01,4.685252836496107132e-01,4.513405633034340836e-01,4.626948756588099565e-01,8.852805069042674058e-01,8.988455371760571966e-01,8.352414565942670732e-01,9.400988890112427221e-01,8.383715992271379980e-01,8.477283910999877659e-01,9.255811209349508184e-01,7.937504725383082160e-01,2.543394448045834810e-01,5.012628535752771120e-01,2.220359585403054448e-01,7.614917754226322444e-01,9.101529129154486419e-01,8.337073503063766600e-01,9.417198812734827174e-01,4.566218304508777304e-01,5.102117515958791705e-01,4.285873044435498658e-01,9.890691525323375144e-01,9.995070874072953249e-01,-1.070383624074095485e-01,7.662035827074166194e-01
2.880413253696851861e-01,3.206623315854885137e-01,7.641114368820207670e-01,6.130499998461131916e-01,7.064495569474362746e-01,4.589334599704661954e-01,5.408842138677645572e-02,6.185520745773599449e-01,9.010495982343655896e-01,7.661716730749364990e-01,4.946343052250715688e-01,9.142719349014407637e-01,8.764584362169780540e-01,0.000000000000000000e+00,1.325540660819653771e-01,6.201969231682075145e-01,9.636961566092763221e-01,8.911248680612363637e-01,5.199548488406022795e-01,8.019818357451355961e-01,7.643748518007301707e-01,7.974179107888689222e-01,2.623970794339077761e-01,9.593879399757672122e-01,-5.941299712376729714e-02,6.908525317595136661e-01,9.470154886639782221e-01,9.187017950113214315e-01,2.135174464817969353e-01,4.812289327865967303e-01,2.112316917911580966e-02,4.111215304228776346e-01,8.114189084528814488e-01,7.245538625475218542e-01,6.119816793703365398e-01,4.475120793939244002e-01,5.878780967141640224e-01,4.669225372824458709e-01,8.448093011195847435e-01,7.022587118880339041e-01,1.773169246688807710e-01,9.888535840761160101e-01,6.594402111626493923e-01,9.988624881184829940e-01,6.739554771495650520e-01,4.439547031452356074e-01,6.946971063060708440e-01,8.653042608124350554e-01,4.267842007050344222e-01,7.373952458806090071e-01,8.692562924436511018e-01,4.293820035659761114e-01,6.341393281627257794e-01,9.849134946775029986e-01,7.754777036645239541e-01,6.825255670990314494e-01,9.468480040167917000e-01,6.608126629726895906e-01,8.877933606327614857e-01,2.807228228654728985e-01,5.643655207927309458e-01,1.481133670098486871e-02,4.125049422150943168e-01,8.257809825959177008e-01,8.146820848752208688e-01,8.483343275590841115e-01,7.518772828915689654e-01,7.247910198878969590e-01,6.230176419823487688e-01,4.857833950520371591e-01,7.673407716455929450e-02,6.309728312484103041e-01,1.659959820231835526e-01,-3.523027795950106622e-01,3.676906278889268131e-01,9.238538343271851527e-01,4.699286801403501634e-01,7.560343321778466574e-01,3.399416795380453826e-01,4.385215951979776206e-01,9.612310120772927791e-01,8.604560515156781664e-01,7.155836330789283606e-01,6.989252132128306316e-01,9.754590583573086171e-01
9.254344941317576012e-01,7.106315668107879846e-01,8.209909708433417164e-01,7.757283979773582638e-01,7.803137623252281996e-01,9.987887770679147736e-02,6.818639396642213191e-01,8.841373178863817239e-01,5.095648958001994799e-01,7.281612585732982756e-01,9.684626644870139023e-01,4.725518228502412765e-01,5.623874405505188134e-01,1.325540660819653771e-01,0.000000000000000000e+00,7.674316702662844492e-01,8.402761181120964595e-01,4.134847014835307810e-01,9.589016057723220854e-01,7.692969093392653113e-01,8.116491848641973483e-01,5.196244327538014351e-01,6.067366019727039594e-01,7.453956952514978473e-01,6.777796565705580534e-01,8.909873139888467852e-01,7.449897250930350712e-01,9.301555821791995804e-01,4.026910535808214120e-01,6.383218616523929079e-01,7.470200645591136557e-02,9.268950728843670106e-01,5.349457214759318902e-01,5.869844012917194709e-01,5.153974721374816603e-01,5.206908402142441661e-01,2.651320025016672410e-01,6.857862921778324905e-01,6.652213895985034098e-01,6.084505631635405143e-01,7.646410373524281656e-01,9.183795373450819310e-01,4.130780167236128841e-01,6.820098112938116630e-01,5.418014095056720159e-01,7.444979169535925756e-01,6.108256715368770573e-01,6.568438878111824142e-01,4.574974473817402520e-01,2.601627619046901763e-01,9.146672861113991360e-01,4.161507873269232882e-01,8.158604723764544264e-01,5.745298891839090150e-01,7.560875061339825676e-01,6.275871607677249164e-01,9.308158715419533324e-01,5.431427326158723146e-01,6.709095970589855629e-01,4.728089761759342036e-01,8.141112904539330453e-01,9.609467145278757227e-01,6.841704881412093986e-01,6.258996671310719240e-01,9.623626393217844521e-01,3.609596232016846207e-01,6.723530052967713333e-01,6.329863712511132334e-01,6.533110951470096905e-01,9.902932909255992566e-01,6.740364995193822706e-01,4.359907941673839549e-01,-1.228508832403484019e-01,1.289988491077002086e-01,7.267043766105154567e-01,6.359799727288569793e-01,9.290561699176032029e-01,4.912799476520166575e-01,7.065442214201137494e-01,3.108151181895511123e-02,4.541026458632973495e-01,8.100716021893259455e-01,9.296000039423799599e-01,7.739185471867877641e-01,9.499141299158946339e-01
9.667629835765578772e-01,6.797165172592384286e-01,8.599423185439563078e-01,9.057775729438670709e-01,9.710536392559848684e-01,8.316705150301345606e-01,7.886018019867315765e-01,3.885092260386361906e-01,7.363793657421671135e-01,4.188660393349022959e-01,3.086101194364005429e-01,4.272089580049969748e-01,5.410316913754937840e-01,6.201969231682075145e-01,7.674316702662844492e-01,0.000000000000000000e+00,9.632024791622688653e-01,8.607037769701012531e-01,-1.613624641828108053e-01,4.892114053145209529e-01,8.352360042015362085e-01,5.118324440108449336e-01,3.263909179038741448e-01,9.742793870295951564e-01,7.780110992398303615e-01,7.872866584523340039e-02,6.628420920152078288e-01,8.780245297256257242e-01,2.099437435178450606e-01,3.851734229576718183e-01,4.962727381455488973e-01,7.273327139483967141e-01,9.801468115796806435e-01,6.771065756895781051e-01,5.470962701512721571e-01,6.288772427398537923e-01,3.969482670457856743e-01,6.235668397102420712e-01,7.441274236152275456e-01,3.343548088787414718e-01,4.168198440343122702e-01,6.379079594333613157e-01,8.887788487507137791e-01,9.488197942530667284e-01,7.847751589823781515e-01,7.398951919947260869e-01,9.741732843694104194e-01,8.487365095604457732e-01,5.779104719204261054e-01,7.863326928990959086e-01,7.052375895794766869e-01,5.429587687309537225e-01,5.436010774922538369e-01,6.864364482029000625e-01,8.862960688635218576e-01,8.112277075719016572e-01,7.815943023384769317e-01,6.079979383746605404e-01,8.932166656675191163e-01,5.404088493366854262e-01,-1.862936750507661887e-01,7.287971040043110804e-01,-3.844340094519625439e-01,6.359771812235829325e-01,4.994984051282435056e-01,8.532854484419564178e-01,6.224522379099407532e-01,6.241912110130278801e-01,7.450823906014703013e-01,6.721329057552405395e-01,6.707632741736093696e-01,9.304523353020790477e-01,1.949980065108100069e-01,6.734564551856676573e-01,6.185232095942245767e-01,6.897271350760542097e-01,4.171673060721359794e-01,2.889224536183884195e-01,3.774536110934713085e-01,-1.155309778787004527e-01,5.694820539359738421e-01,7.536524736106235967e-01,9.850543478673979836e-01,8.104765380632539262e-01,6.185893867911920196e-01
7.151341281852992005e-01,7.813232328716012143e-01,6.619945249639186402e-01,7.032190863237167688e-01,9.772223433675406579e-01,6.747751961803960530e-01,1.770449720015063177e-01,6.082656441247108470e-01,9.393941462765184047e-01,9.802173231183108904e-01,5.566154317624880665e-01,5.668503627673215917e-02,8.031715037847239058e-01,9.636961566092763221e-01,8.402761181120964595e-01,9.632024791622688653e-01,0.000000000000000000e+00,6.030862468165774093e-01,9.945124562304084037e-01,8.541914180283990410e-01,4.288825672610605544e-01,6.627127380116288879e-01,6.895654973156331025e-01,9.052653542273568776e-01,6.019044093323652200e-01,3.274102100097344703e-01,9.624378208389656741e-01,5.033413411530823778e-01,3.462194278186742080e-01,2.125802747532893056e-01,6.046381273688525848e-01,7.035924454161366359e-01,7.751132743925051027e-01,6.114105635575425302e-01,3.199025385571248048e-01,7.726999292017757703e-01,1.494004924900337317e-01,3.702784262213463240e-01,7.948801786997568009e-01,8.243532588261806016e-01,6.701809048997444673e-01,4.791540083276439876e-01,7.805374181654358701e-01,6.812251238441329182e-01,9.605540691717991963e-01,8.592022794981853950e-01,9.829258443150866720e-01,8.512129218685995369e-01,8.664070939853768527e-01,6.675328074985387161e-01,8.358155437085879047e-01,9.146187210272894719e-01,8.848435548746068635e-01,6.005234410974927828e-01,9.218478145864511530e-01,4.769877210532268985e-01,-1.084909026334831272e-01,8.215986369740997386e-01,7.439822805428703001e-01,4.469711333182960211e-01,2.726393347077942231e-01,7.821848837749203476e-01,4.673982637327860346e-01,8.772488153904918207e-01,8.939111886564808929e-01,4.792362262694528918e-01,8.806926075412042643e-01,2.430450045399787096e-01,4.606478460512984929e-01,7.212719975771278991e-01,8.234919099023119138e-01,9.250877584214323157e-01,7.592791337267444929e-01,5.678008623070058825e-01,9.765756965200560469e-01,6.367446095096438441e-01,6.127444261555153870e-01,8.947845133766155756e-01,7.300011084071046374e-01,7.314678452149321330e-01,9.217784564483867404e-01,8.644240268650378312e-01,8.945050608673863479e-01,4.070623590387245083e-01,8.335054471974266965e-01
9.661154453241436180e-01,6.889419791571195217e-01,2.862705853064519967e-01,2.987537959557854395e-01,7.309419400733123684e-01,7.009843859398036114e-01,7.441235919161797163e-01,6.709838397832379453e-01,4.359170377395316098e-01,3.946218347521303071e-01,6.608326665680515077e-01,6.122873970597013660e-01,7.979331817975821028e-01,8.911248680612363637e-01,4.134847014835307810e-01,8.607037769701012531e-01,6.030862468165774093e-01,0.000000000000000000e+00,7.807576428228835130e-01,5.874742014820104608e-01,9.996790028900136571e-01,7.589466135436920835e-01,4.821028302330550019e-01,9.148746042987346838e-01,2.468632271528252153e-01,9.585004631190694457e-01,9.540204552001014804e-01,6.167565566800397026e-01,6.796093874866220297e-01,3.325965974892708399e-02,5.982396839013484069e-01,7.044426419562392905e-01,7.276002356392712311e-01,7.438911462647350703e-01,5.644581099864470763e-01,4.404362828681724906e-01,5.524521388782998033e-01,7.381158801456451091e-01,9.295397684700053009e-01,9.112911722823281435e-01,3.693409076000286895e-01,4.149033593981964474e-01,7.026055496070835460e-01,3.969279727056721496e-01,9.636911984158594846e-01,6.013256657450321008e-01,6.346290185326739497e-01,4.814643671531604330e-01,6.289774149455414909e-01,4.159657777561358571e-01,7.826279673352558586e-01,4.267153818058290193e-01,6.296432805278784350e-01,5.370803616635809741e-01,8.324972104390608862e-01,4.026681289770178140e-01,7.353448044393535721e-01,4.606944672500775662e-01,4.875770843671444754e-01,4.910280116308215481e-01,6.856713808139002220e-01,8.953720824646346221e-01,6.186946046898444962e-01,4.627820211983514342e-01,6.145045234779104026e-01,7.326830280689069497e-01,6.574817308948840422e-01,5.585224686009888639e-01,9.339698134442884214e-01,6.820624111111498467e-01,8.751615780938851730e-01,5.712013409595695368e-01,4.961661579131616540e-01,6.199132677898923083e-01,5.520116086995966453e-01,5.537010326697038298e-01,8.429631079699996254e-01,7.112868403712866439e-01,5.438350479776384860e-01,9.959258621853395166e-02,5.659689394016115260e-01,9.130307353084817779e-01,9.002477629316854024e-01,4.718879756348846599e-01,4.390690937576754993e-01
