0.000000000000000000e+00,4.435534976799452855e-01,7.612905371419862455e-01,7.676315634684669487e-01,6.093885692352852823e-01,6.187978399495862591e-01,9.109292967030113708e-01,5.472802582969269469e-01,9.476470656601259090e-01,8.533032723576658984e-01,6.910130360858253162e-01,8.277780535013932184e-01,8.269671807972545086e-01,7.947867189636903529e-01,9.873657727074682811e-01,7.500844789135076018e-01,6.749275824419033176e-01,4.652882422283838859e-01,4.669482195875896968e-01,3.155282040626213313e-01,8.336562867492670614e-01,7.925815254306426416e-01,7.161687708255251028e-01,8.678321465504380550e-01,8.308755142450615638e-01,6.499365158154630784e-01,9.581437597297464137e-01,2.896471035025535712e-01,3.023170238017828249e-01,6.361422076403204784e-01,1.940615841093609184e-01,4.393053192615538061e-01,9.244832269693101789e-01,9.132510130954445415e-01,9.198826403832204290e-01,4.619488846260274562e-01,5.717425327061113061e-01,9.349052509222821605e-01,7.613233806645769430e-01,7.794451189711897321e-01,-9.935884372470216164e-02,7.861815469572672743e-01,5.439480559142799709e-01,9.910155117848084005e-01,9.312288529834532591e-01,5.045692350792949643e-01,8.446689644533689201e-01,8.055363752146752487e-01,9.553785311894430476e-01,8.471441887545854144e-01,7.491797189518264455e-01,8.948066999422854551e-01,6.248034102905258846e-01,9.164045501883680833e-01,9.767645667742855808e-01,5.626270848839545202e-01,7.925501681702361578e-01,6.385355483441002011e-01,5.561784861038293615e-01,2.934898291583089569e-01,6.441081657718614739e-01,3.594729744364483781e-01,5.258843106809532042e-01,6.834225771587506548e-01,6.186194013703075756e-01,9.644539200174810922e-01,9.869882352686768501e-01,8.362458841511020147e-01,9.795444740914943660e-01,6.818783505232528519e-01,6.713531296646264579e-01,7.054533128585357415e-01,8.602252044903413442e-01,6.487492328465777058e-01,9.111208248422256739e-01,9.880497509577617077e-01,4.568167524587071759e-01,7.839394356404848496e-01,1.192686660125108350e-01,5.865511205289927199e-01,8.579623557999273009e-01,1.970320440832924735e-02,7.589127988786569246e-01,4.106201379991569755e-02,4.492653367063140224e-01
4.435534976799452855e-01,0.000000000000000000e+00,6.407448714749756080e-01,8.365643030177648543e-01,6.080018470103131234e-01,6.540070642783806232e-01,4.837577286628036433e-01,6.875538597674186736e-01,4.950886758298161383e-01,2.395959754717532642e-01,8.039586117859127690e-01,5.840427106066470309e-01,6.967355306125623260e-01,9.162832156922415816e-01,3.969992120891616821e-02,8.260915988036368063e-01,7.615398496641759829e-01,9.136009182529043482e-01,7.683232474777235144e-01,9.405137362179512017e-01,7.634925429767709382e-01,7.055283654564639129e-01,9.864210296322538651e-01,8.667226157915688400e-01,2.293762166012000558e-01,7.210382483435333612e-01,7.939940261772595598e-01,7.072149361865388562e-01,7.580268826844979158e-01,6.496104461407190556e-01,1.610674961099459179e-01,5.993021005690795100e-01,9.583923472992903481e-01,8.504605329461547569e-01,3.879094882715197756e-02,2.623659249842105190e-01,1.130840637558792189e-02,2.422091642463358174e-01,7.450826130651548862e-01,5.533097961857633695e-01,7.600674246373220200e-01,1.106348266661080076e-01,8.365341266371715268e-01,9.064219725462230315e-01,8.824786106350039905e-01,7.320730962409086606e-01,8.309565504083444853e-01,8.915083971197689250e-01,7.692859004230543363e-01,4.630949165477202811e-01,7.402127099004016664e-01,6.478775447115874275e-01,8.379449830492430307e-01,4.813962328467419893e-01,7.021302468540573383e-01,6.989834712469957800e-01,5.336040348756327933e-01,6.735870628539406546e-01,9.114075672111343618e-01,5.217839822751255685e-01,6.373102798430692051e-01,7.993039321295761779e-01,6.504521895082965299e-01,5.767464003626326940e-01,6.657701586910053093e-01,8.111122691325620693e-01,8.677891986913555122e-01,9.621442932377742840e-01,4.660127188849158553e-01,7.711659805475674645e-01,5.137087726411647681e-01,8.196722000877908476e-01,4.848594925339309025e-01,3.166067573341930230e-01,6.735376885271360248e-01,4.803109863067679397e-01,5.359555861557168122e-01,8.419677688804545479e-01,4.731648498848840534e-01,4.007983250583569412e-01,6.037247566694087242e-01,9.272986079187476305e-01,1.373583109303357953e-02,7.274455038472182888e-01,9.605668489285454914e-01
7.612905371419862455e-01,6.407448714749756080e-01,0.000000000000000000e+00,6.248583295055886166e-01,8.786316341147191178e-01,8.907507197564107360e-01,9.678428622758146194e-01,8.223623374729205349e-01,6.083606522732892818e-01,9.792738421584290531e-01,9.574431334859196951e-01,4.447128115297219186e-01,8.588500424286817925e-01,8.118643787876718143e-01,2.160083319207460051e-01,8.841917190900047130e-01,5.282932136555813507e-01,6.777318257369809862e-01,6.721259157823322727e-01,1.854121084364008729e-02,9.123269936806323033e-01,8.937893268617557174e-01,4.582577295840771225e-01,4.737887047664227080e-01,8.777458754113474093e-01,8.505023912047451340e-01,8.890924893143525853e-01,6.117623125865082612e-01,2.858773003257571999e-01,7.195795195539100852e-01,4.080732613557041533e-01,9.211515227235692604e-01,9.790982545678621474e-01,7.208283484716861977e-01,8.376107568453614594e-01,4.371300224170608928e-01,6.520492349726596526e-01,2.969811174003057497e-01,6.506087643917846108e-01,5.144991402502584465e-01,4.794568115755228899e-01,8.517995106538794881e-01,7.476725275945166338e-01,5.997071073046251755e-01,5.103824328889938755e-01,9.707915633461979832e-01,9.454925121881910810e-01,8.822938367859235465e-01,7.764582468304486174e-01,6.946187376966177496e-01,8.865190677326605373e-01,6.552809224049604975e-01,8.052687570244277948e-01,3.138677116383361554e-01,8.583793692274281906e-01,8.005918963998348570e-01,7.529325140643569059e-01,9.887128700003774417e-01,4.544701001775259819e-01,5.183114602984426611e-01,6.591483969751162908e-01,6.452727767370752820e-01,9.847125663560706288e-01,6.734969040323013356e-01,8.935362889196435399e-01,7.335246414002820625e-01,7.641386867451102072e-01,8.268440213466897726e-01,9.009522257864094330e-01,8.420742779050114368e-01,9.566254616132493505e-01,8.211442606755927631e-01,5.533531245555455280e-01,4.662198368810979709e-01,9.582136296362628869e-01,5.329228656320640356e-01,8.355002053945477236e-01,5.589384878607324136e-01,7.443326744153185848e-01,3.686125007661300024e-01,8.517456406233127053e-01,9.367659404091660535e-01,1.020362756309670105e-01,3.554908217435541751e-01,8.286771374868884266e-01
7.676315634684669487e-01,8.365643030177648543e-01,6.248583295055886166e-01,0.000000000000000000e+00,1.553994270124208210e-01,9.923970341475722989e-01,6.448896876296320579e-01,3.309161262193954789e-01,8.279976653989721269e-01,9.219590114466759134e-01,8.633761089337823602e-01,5.603910446654309929e-01,9.238240865978958327e-01,9.859862863665770361e-01,7.170945801276485954e-01,2.658182829593829233e-01,9.767819646477745588e-01,8.323413251494449216e-01,8.380511650301971649e-01,8.812756829873954478e-01,8.202419666905784723e-01,5.928443543916717129e-01,6.665526022915327919e-01,9.832024948453902402e-01,5.310719774809498084e-01,6.508534047639331632e-01,7.722399633047832834e-01,8.611418786303128847e-01,2.394289593586093889e-01,8.647278036040938476e-01,5.072043926603475583e-01,6.315200901286158741e-01,9.795092513433025783e-01,8.703827087081810188e-01,6.152395794816256647e-01,2.657498719761721695e-01,3.287548548534259263e-01,8.512129538854578126e-01,8.740574656241500984e-01,4.587788763780754064e-01,1.529076587747739135e-01,3.272014546797686330e-01,4.075437200407253102e-01,8.300075164170375164e-01,9.931271973318828161e-01,9.305983930416564798e-01,7.130375746261771175e-01,9.506962905701854538e-01,9.636641202513505922e-02,4.144053249586990284e-01,9.710708494676537628e-01,9.470610392733260774e-01,4.290542431261882284e-01,6.361075704578675882e-01,7.543102217944570587e-01,8.219280582943565561e-01,8.881972284691395103e-01,9.742356453659879456e-01,3.513521963184260688e-01,5.775658880111360638e-01,5.803119079836939198e-01,4.052603790004977169e-01,7.657565513358708387e-01,9.830058691793579495e-01,2.323472336644780145e-01,8.736392965043396908e-01,4.079779484867076533e-01,5.052880280541300895e-01,6.411475339570666954e-01,7.026975900944344433e-01,5.986762988459177759e-01,8.082229826089338820e-01,8.993037959045521168e-01,5.229274902300199424e-01,7.866555679205009532e-01,6.810700814267183212e-01,9.268303376929075688e-01,6.898022254300799627e-01,3.569613481650638631e-01,2.692286848561375456e-01,4.562267682960937654e-01,9.816719126779367421e-01,9.143012344696597182e-01,3.861251047355717114e-01,8.941119708637321750e-01
6.093885692352852823e-01,6.080018470103131234e-01,8.786316341147191178e-01,1.553994270124208210e-01,0.000000000000000000e+00,2.774700410744462831e-01,2.306590688807896583e-01,1.522220847636665542e-01,7.439234966479593147e-01,7.747912210820111500e-01,6.942210472677083910e-01,6.352510983471862938e-01,8.617278656765245959e-01,6.182050567490000592e-01,8.458624704018407048e-01,7.749805559591120829e-01,9.633789104549792537e-01,7.844290992220428471e-01,7.843933532889754146e-01,2.299241661040914431e-01,9.613539175771048662e-01,7.956781834388559904e-01,8.462560470943615298e-01,6.537530759237154543e-01,5.911168380337696870e-01,2.314409858505334650e-01,9.350710389965718461e-01,7.040781232615850316e-01,3.868223143196057867e-01,4.799921647618122789e-01,2.388419417275527423e-01,4.480199531259846379e-01,5.477986534857819390e-01,8.874583149915912239e-01,7.109985249470278657e-01,2.189935695658301040e-01,4.483265067529969561e-01,8.172371387445857005e-01,9.655860857925191443e-01,4.283034423672722468e-01,4.260552312973264200e-01,5.345580941954896081e-01,9.873074081850541361e-01,7.126501554909031588e-01,5.594691679101992943e-01,7.891920233870084456e-01,3.568428633738567335e-01,9.940803031811651369e-01,4.854572022115569152e-01,7.003241857308349916e-01,8.229582068679500706e-01,7.718789190637381781e-01,7.035777045949951347e-01,7.022234021961685224e-01,7.829163527087890095e-01,8.614210083578600630e-01,4.058788040257390595e-01,8.064059096410379768e-01,7.618726289322400591e-01,3.039479297360900278e-01,6.266478622674557242e-01,6.142575998171531104e-01,5.139183750997409206e-01,8.189632864880097562e-01,4.887462346514572231e-01,4.251340508131360441e-01,9.995131317489697187e-01,8.149294207655521927e-01,6.995717230830829081e-01,7.097768261741667084e-01,9.854689410425045981e-01,8.763562455619314795e-01,4.330523020194618766e-01,6.555987290677024459e-01,7.699665448810802948e-01,8.169251485626474185e-01,7.631344313576465810e-01,1.096648006839318346e-01,7.069164261483630307e-01,1.377592364178252538e-01,3.357453361166059524e-01,5.908974408733276285e-01,5.417882006954857221e-01,6.761126021244765472e-01,8.631101294821343917e-01
6.187978399495862591e-01,6.540070642783806232e-01,8.907507197564107360e-01,9.923970341475722989e-01,2.774700410744462831e-01,0.000000000000000000e+00,7.484228799685408440e-01,5.372992594020192803e-01,8.331227656816904137e-01,5.256166875250671833e-01,4.771245129391472606e-01,9.891440932705813927e-01,3.416391856193654597e-01,8.050117640872194169e-01,4.047302248998051466e-01,3.772547946647981654e-01,7.886010808518191251e-01,7.731613945206186056e-01,8.103543611184990114e-01,7.504249711813448798e-01,7.250326870187490114e-01,3.373252751476515376e-01,5.961037893535563459e-01,8.161956102576036765e-01,6.007424647731807177e-01,8.586780602304320276e-01,9.047889969976899982e-01,8.522141226557679028e-01,4.972182093102343603e-01,4.283647779527301469e-01,4.311478325316417948e-01,7.577290955222124591e-01,9.799532068255289996e-01,7.239457763056464934e-01,8.756682504443124015e-01,4.194693825596268466e-01,3.438539483150246934e-01,7.203409052789094824e-01,9.569686164530102346e-01,7.084725640202201857e-01,4.250435831907615203e-01,4.870844413327634070e-01,8.084603443174122051e-01,7.462442942278586511e-01,5.362723128295521224e-01,7.194005155987831523e-01,7.738179184599635052e-01,7.505795230169619581e-01,7.064475454847076730e-01,6.455934484220844372e-01,4.631540891519522196e-01,2.101981244780109503e-01,8.827716566598939885e-01,2.532217089761067963e-01,6.269264786265248413e-01,5.273302254658120969e-01,6.353125246283845007e-01,9.415460732243112751e-01,8.821278064241971917e-01,6.266910582634475091e-01,2.974793644688694116e-01,6.517636792500944853e-01,4.938716101389655777e-01,8.894976564978903655e-01,9.588495340164321368e-01,8.097522269564196851e-01,8.767084178564165109e-01,8.704193632514503065e-01,1.068704926099208787e-02,9.150638924752113601e-01,9.037316003554696220e-01,7.298483987256156880e-01,7.545017605936278349e-01,5.941343198542922144e-01,7.522762185130584811e-01,5.495937308434113433e-01,9.328618485963294793e-01,4.429967636769152617e-01,6.669573570312676836e-01,1.575237723897858766e-01,5.704205724273975209e-01,9.564889068041161346e-01,6.077519234566316486e-01,5.243168530797832627e-01,9.819732244034120594e-01
9.109292967030113708e-01,4.837577286628036433e-01,9.678428622758146194e-01,6.448896876296320579e-01,2.306590688807896583e-01,7.484228799685408440e-01,0.000000000000000000e+00,6.162862955686986277e-01,6.767786968627296229e-01,4.390960911340814898e-01,6.146508941704849072e-01,6.873052806532731207e-01,7.976033912201060394e-01,7.651445509682945900e-01,7.171799350429292064e-01,8.629185281153073372e-01,3.300275715533043108e-01,6.172883601219329996e-01,8.488908726428867624e-01,6.955354908489976840e-01,9.079397892817935301e-01,6.887976701262269463e-01,6.381022434096744744e-01,8.970692156853120602e-01,5.729216775643961590e-01,5.419607549222094089e-01,7.982702611176635266e-01,9.022937551930868549e-01,4.271072985019651047e-01,2.297910823113259449e-01,2.725758056374132446e-02,6.999923216766769096e-01,9.450048930959853433e-01,6.807381920927474406e-01,6.134965671288757916e-01,4.086692964661234884e-01,1.217727561134398367e-01,7.521671316208492497e-01,8.006263946777378848e-01,6.430756705166775777e-01,5.267858865450210093e-01,6.653378835229931676e-01,9.818483262214192653e-01,7.907399825718275377e-01,8.495470968622322872e-01,5.087569390410802139e-01,5.830423561987131409e-01,5.900192398143068173e-01,6.763418285865503421e-01,5.143287944531841349e-01,6.319891418084855328e-01,6.232802878006484804e-01,6.787759342871646506e-01,5.663826601730553856e-01,8.860959966360322237e-01,2.367315901909471942e-01,3.828376870294235568e-01,6.340311397839857310e-01,7.941122178764440376e-01,7.153957416319095541e-01,4.650251006190003755e-01,7.797984778126895167e-01,4.785352137027061858e-01,8.395900882592736147e-01,4.821333940883411606e-01,1.355600102267404128e-01,5.021696469846491651e-01,9.201362356589154468e-01,3.897779415606162923e-01,1.192888377357204793e-01,4.053162164761943131e-01,6.911151003292381745e-01,2.450999400287730834e-01,-1.762700160017267315e-01,5.367676697363521487e-01,4.593056456695401857e-01,4.263584955524249986e-01,6.811360190933286596e-01,6.457538241363400822e-01,5.055370417872374622e-01,7.356327217873738222e-01,9.876470047613796766e-01,4.800627436376551649e-01,8.938888049804537550e-01,4.103929171140558996e-01
5.472802582969269469e-01,6.875538597674186736e-01,8.223623374729205349e-01,3.309161262193954789e-01,1.522220847636665542e-01,5.372992594020192803e-01,6.162862955686986277e-01,0.000000000000000000e+00,9.359071226817997635e-01,7.347976368090421984e-01,2.404707829980468892e-01,6.511886480314720282e-01,6.937885100930752946e-01,7.882285938104274248e-01,9.816935040935358403e-01,8.703805535622600731e-01,-8.125714894271900135e-02,7.099043080047761078e-01,6.689836401808673116e-01,2.682039897676399831e-01,9.618288183748340270e-01,4.094521821131936745e-01,7.684494003035220455e-01,6.982026927715508924e-01,7.876245021433161408e-01,7.635127640859613596e-01,6.266594489292444115e-01,4.321670105769993553e-01,5.919437601613366517e-01,6.210703998237303569e-01,2.641426831216420190e-01,7.194823426702398050e-01,4.016706837989094669e-01,5.884155867225171477e-01,4.305052326941272156e-01,3.706193478480558356e-01,4.490835501815494402e-01,7.148688711592497969e-01,9.703592378690263365e-01,1.118413068113870493e-02,-6.879331932552709694e-02,3.343015064365748579e-01,6.685125455983407239e-01,5.281220941072412023e-01,7.223860153923959970e-01,4.917784968266725731e-01,6.767931837959095809e-01,4.907709574647544648e-01,5.772950993099165151e-01,7.636165198740487714e-01,5.903098066969315605e-01,6.227567373031476228e-01,6.546826966764180966e-01,7.423263835313856918e-01,6.789093485397993399e-01,8.412342404529391526e-01,6.055766804469782105e-01,7.842429204052601133e-01,8.886496972149185991e-01,4.606583109565267620e-01,4.697283069139561174e-01,7.238196117415636177e-01,5.577753782121801507e-01,6.720725624436130197e-01,3.393732104052384901e-01,3.060199382995391071e-01,4.328650179560384892e-01,8.130588807721669253e-01,9.522617317979671370e-01,5.707016041621669755e-01,4.583715702757360511e-01,8.978406885709407925e-01,5.856895834058974959e-01,6.452960966729800463e-01,7.998297866406812728e-01,7.667550308472808052e-01,7.477961777501809237e-01,4.581123035101744567e-01,6.576868747705653107e-01,2.686841970573033422e-01,5.156269095800626312e-01,6.370282666219237999e-01,2.367679729643361319e-01,3.702477456990724836e-01,6.263195782469493933e-01
9.476470656601259090e-01,4.950886758298161383e-01,6.083606522732892818e-01,8.279976653989721269e-01,7.439234966479593147e-01,8.331227656816904137e-01,6.767786968627296229e-01,9.359071226817997635e-01,0.000000000000000000e+00,7.221225968468737433e-01,4.836861581747896599e-01,6.071902997143200365e-01,4.107528152888213491e-01,7.281382057499501403e-01,9.023975847714720278e-01,7.274851747898977150e-01,1.381842427112059957e-01,7.410088031096919714e-01,7.131030723984972397e-01,7.138603057900143600e-01,8.816719710923518472e-01,4.192319958538262559e-01,5.147291585748660081e-01,8.493556874019537739e-01,5.295391255414126919e-01,7.351530092362624780e-01,8.905860902309145066e-01,3.549544611050467480e-01,6.126145828504866442e-01,4.247744436119497147e-01,4.638230902950278844e-01,6.204868939315253407e-01,7.431042239860230492e-01,5.234368116121423942e-01,4.300887166017546281e-01,4.413950658642575853e-01,4.001965132582200324e-01,4.163148838396544815e-01,9.645755719973776454e-01,7.274112087703172858e-01,5.245274308944261610e-02,7.540008305082925855e-01,5.614886549341039368e-01,7.596966880599390626e-01,8.049370483606911320e-01,9.926119652519213021e-01,7.620908254874912968e-01,4.918074738920406586e-01,5.296586317172827796e-01,6.009967408065932659e-01,5.920961482158596523e-01,6.012891737674808113e-01,4.340472918818599202e-01,6.568674395468531158e-01,7.848101289892379651e-01,6.731133762677360410e-01,-1.960986039216061627e-01,6.187876386987705146e-01,9.483982255693776953e-01,4.481489677064845467e-01,4.494979857504780574e-01,7.835087598372695306e-01,9.409487029226945021e-01,9.987501255926187760e-01,9.467921431403748533e-01,5.253387895010450670e-01,2.864103684608878542e-01,6.648392355908865070e-02,2.204673817604559938e-01,4.854061640165401870e-01,9.619333005233141609e-01,7.698834966495613497e-01,9.635912741319112573e-01,6.221417452497305378e-01,5.331486837215878571e-01,8.874328227993661944e-01,9.835389329752308729e-01,8.842581446261544853e-01,7.350609638475351648e-01,3.733259552603367393e-01,4.167313306042369492e-01,8.114766833899681453e-01,2.514235657421776127e-01,4.263970725098107373e-01,5.173729574796055442e-01
8.533032723576658984e-01,2.395959754717532642e-01,9.792738421584290531e-01,9.219590114466759134e-01,7.747912210820111500e-01,5.256166875250671833e-01,4.390960911340814898e-01,7.347976368090421984e-01,7.221225968468737433e-01,0.000000000000000000e+00,6.933933186672945614e-02,4.117482467520537370e-01,9.214003437217348491e-01,8.801998148624832208e-01,9.314676002635891017e-01,5.178064386280327724e-01,8.985066330813037405e-01,9.118290780847333465e-01,2.577945036350209884e-01,6.704070108971621478e-01,7.588380353532013789e-01,5.491736482844287170e-01,6.232233778209030906e-01,8.800383976327683655e-01,6.384584518072207171e-01,9.679988585462905304e-01,7.532003473443847907e-01,8.412004785339715074e-01,7.769579299274816109e-02,5.879331378639258698e-01,5.094869293354149509e-01,3.786566753693438869e-01,6.626178382490652830e-01,8.954901040595792949e-01,7.584827084475769254e-01,2.038566712238988332e-01,5.177915204918782655e-01,7.433912897025758415e-01,7.379020845820997154e-01,9.092822488096926614e-01,7.542637350087113557e-01,7.408550321054965249e-01,9.839290595218612712e-01,9.879255676722324964e-01,9.081879645777829468e-01,8.044461515384067063e-01,6.079269663123810785e-01,5.019820569340242011e-01,7.252521197863277536e-01,2.098271015828588604e-01,7.034651844676533816e-01,3.256269736907667633e-01,7.523844504933414612e-01,9.666525523405258280e-01,9.982762285522179813e-01,7.967942943897774466e-01,9.864380735715727599e-01,9.595070672581900162e-01,7.224141387026601357e-01,5.554737022560212178e-01,3.742504753504583559e-01,6.636935160960979463e-01,8.343381513685973472e-01,6.733784611531691278e-01,7.007994678963304080e-01,8.822026506703095627e-01,5.341540490174949696e-01,6.496824675955090722e-01,7.881422766700343363e-01,8.394168863724806862e-01,5.800447034932965096e-01,8.206060761853586349e-01,3.710481400979780409e-01,2.433814891410852055e-01,5.807593785036715417e-01,7.827866557162937999e-01,3.271995541172305622e-01,7.517912394908854434e-01,5.723582524072641509e-02,3.882691650288150886e-01,7.927680113088787506e-01,6.502809021676567713e-01,5.708148379040088871e-01,7.949959258978702703e-01,4.402995639820832530e-01
6.910130360858253162e-01,8.039586117859127690e-01,9.574431334859196951e-01,8.633761089337823602e-01,6.942210472677083910e-01,4.771245129391472606e-01,6.146508941704849072e-01,2.404707829980468892e-01,4.836861581747896599e-01,6.933933186672945614e-02,0.000000000000000000e+00,9.342008076377815717e-01,8.207758588207354489e-01,9.215638442672776653e-01,7.658124900221516818e-01,3.533312304619891098e-01,6.007963060827543611e-01,2.892558181363851788e-01,1.489995730878292679e-01,7.531541047487798624e-01,7.638457210121469831e-01,8.822536437525395625e-01,8.238537780778326658e-01,7.253149881685743150e-01,6.182635868107212440e-01,7.507774635415767062e-01,9.590783550698561699e-01,6.933618213086643056e-01,6.601919088932538537e-01,5.292364370844155896e-01,5.041049375849010472e-01,4.237533889177538260e-01,8.545869545380295751e-01,8.461748423677071251e-01,1.809557626689068666e-01,2.527397479694722948e-01,5.305254509347805403e-01,4.221931060587095219e-01,8.228131378231069437e-01,9.024091167735445174e-01,3.002861306975946887e-01,3.451028404167271191e-01,7.568098808038835612e-01,6.477579401338308118e-01,8.134190438435778825e-01,9.760636047778687985e-01,4.289272247059096599e-01,8.040557487118730196e-01,5.597409831271110692e-01,5.221692305605920570e-01,8.989348004209278820e-01,9.951964527728052179e-01,9.046339487090151454e-01,6.161288927486210376e-01,7.555741367739940983e-01,5.809763933699977345e-01,7.714684264572122530e-01,5.431896153487764112e-01,2.456258381085869302e-01,4.056362349280661639e-01,3.101371546860698380e-01,7.047609415448110592e-01,5.839768210765368117e-01,9.445983219791783680e-01,9.663282379377572395e-01,7.630349821546120737e-01,8.161297686622390746e-01,7.260695443542005689e-01,8.950985917645341017e-01,7.553896142511568046e-01,6.574676759910804691e-01,7.622941062417026847e-01,7.699318096921956567e-01,4.717650978264745776e-01,6.454444558667502552e-01,4.304185911440513990e-01,6.211569903313683971e-01,8.377163293125633459e-01,4.007757593757237807e-02,4.787270168262510728e-01,7.502272722323332088e-01,9.657713319622089898e-01,7.737113218010331916e-01,6.652447209797517358e-01,7.287928701251462638e-01
8.277780535013932184e-01,5.840427106066470309e-01,4.447128115297219186e-01,5.603910446654309929e-01,6.352510983471862938e-01,9.891440932705813927e-01,6.873052806532731207e-01,6.511886480314720282e-01,6.071902997143200365e-01,4.117482467520537370e-01,9.342008076377815717e-01,0.000000000000000000e+00,8.866929810827599567e-01,6.665214214511260282e-01,7.438089781147413371e-01,7.311843152294852377e-01,6.502722293048189828e-01,4.294765793479431437e-01,8.240891067489636290e-01,9.868465308183044238e-01,9.863882417618984322e-01,8.089538045499748975e-01,7.185959131034250769e-01,4.678518360260918163e-01,7.468018222019192631e-01,4.299172919516582869e-01,8.220866897560213937e-01,8.962363208596764164e-01,4.582114552487919767e-01,7.389317258684682255e-01,5.578450377084360756e-01,2.418498114684183020e-01,7.493704839326720268e-01,6.237750611376881027e-01,3.810790312796245027e-01,2.511783893281810953e-01,3.506901638880915439e-01,7.240170454646429610e-01,9.461394404263518965e-01,9.293390287682603557e-01,2.175157099741353295e-01,5.516606510333164071e-01,8.329000964295322218e-01,7.836263968829317861e-01,5.902296248193509287e-01,9.938584055301266096e-01,9.893444648274417608e-01,9.100118244090835695e-01,2.812481072696315903e-03,7.876864430039883791e-01,8.440018905574496744e-01,7.857351765872770955e-01,9.442719097252796345e-01,6.649498423439900163e-01,9.546682819998532077e-01,9.176957824390475915e-01,7.883150474643615402e-01,7.677552545498247394e-01,9.310930779350985453e-01,4.164438263511229810e-01,7.900113588552650778e-01,7.941329357223791963e-01,8.521570118952094264e-01,6.998107275410017092e-01,1.300332117514126362e-01,8.819211104379596211e-01,3.438305409272316981e-01,7.779506224228163180e-01,-1.486579243447039844e-01,6.728207265994217146e-01,6.180726362431958609e-01,9.789449617204426524e-01,6.975454069458842943e-01,8.643144419726445093e-01,4.843234438506584527e-01,8.724603401450135021e-01,6.611387675813524822e-01,6.561281700167301834e-01,3.876096695868586628e-01,5.942409459709631081e-01,7.680693907956568367e-01,9.457920849878381775e-01,9.869709448964261167e-01,3.035621446424358605e-01,6.932639087257758126e-01
8.269671807972545086e-01,6.967355306125623260e-01,8.588500424286817925e-01,9.238240865978958327e-01,8.617278656765245959e-01,3.416391856193654597e-01,7.976033912201060394e-01,6.937885100930752946e-01,4.107528152888213491e-01,9.214003437217348491e-01,8.207758588207354489e-01,8.866929810827599567e-01,0.000000000000000000e+00,7.459298839543179183e-01,8.026131492315119464e-01,6.972479374666510354e-01,4.073298224871870210e-01,4.296082971574293752e-01,9.134327354531696086e-01,5.777434908293358484e-01,5.700457204344082651e-01,9.613338935523444428e-01,6.440179677460655672e-01,9.052871706382292771e-01,9.662048124918929393e-01,5.462635337322796492e-01,8.590153381013677647e-01,6.584133559783904577e-01,4.453037456547465633e-01,7.581337138933031961e-01,3.719724313447818620e-01,7.522546388862818567e-01,9.567838501733666456e-01,6.009043041748808323e-01,6.047575140968224350e-01,2.896457803419650312e-01,-4.440757966133468404e-03,8.404784448378535000e-01,4.701137395651964757e-01,4.144152956938736976e-01,5.802273876206904824e-01,2.514386153134857138e-01,9.780534207342840292e-01,6.559991637265113473e-01,9.177518777656086257e-01,9.527834756814881345e-01,4.853075142424275179e-01,8.210261826151272757e-01,7.741103283928622014e-01,8.774336312145039063e-01,4.244893515184583466e-01,6.626039382284116819e-01,6.984536075256231324e-01,8.818151935936312524e-01,9.334673448883183955e-01,6.692743066769004656e-01,6.855100655423410627e-01,7.184404266086755753e-01,4.796929256703809097e-01,7.038992577858953492e-01,2.884341162678824566e-01,9.839619190828612361e-01,9.201911783451041105e-01,8.798161970323080672e-01,8.847501085293880685e-01,5.720723037564168223e-01,9.108850992501672517e-01,6.962508894923773450e-01,9.886185495586332639e-01,8.543679891516182678e-01,6.166448855112721672e-01,7.853007606582035338e-01,3.595914950890777284e-01,7.260718930685945427e-01,3.345052973875864977e-01,4.510715107374995703e-01,4.418430032237479765e-01,8.230278131927094565e-01,4.641064371114967946e-01,1.247659401903047915e-01,4.641675235374925212e-01,5.659064431752778290e-01,4.458067675555529852e-01,7.187743683829872499e-01,9.063117475754848273e-01
7.947867189636903529e-01,9.162832156922415816e-01,8.118643787876718143e-01,9.859862863665770361e-01,6.182050567490000592e-01,8.050117640872194169e-01,7.651445509682945900e-01,7.882285938104274248e-01,7.281382057499501403e-01,8.801998148624832208e-01,9.215638442672776653e-01,6.665214214511260282e-01,7.459298839543179183e-01,0.000000000000000000e+00,3.322576937300240063e-01,3.957974071970680185e-01,7.602913124556442970e-01,7.623929469312554774e-01,9.147340923316380490e-01,8.896252749351613032e-01,9.137568323663025627e-01,9.663328776014945554e-01,5.163945717192306439e-01,3.621339676188677914e-01,5.236407062432979487e-01,6.265750568339685245e-01,7.561525460810186727e-01,5.995924733740701784e-01,4.714756002884906705e-01,2.114983366744864202e-01,-3.444245969334270296e-01,3.632502599834205315e-01,6.098071716717420321e-01,7.637742063193295738e-01,8.628468732798042495e-01,7.553672639562840629e-01,-1.938437692251316069e-01,9.685462901944743574e-01,7.163684241701180344e-01,6.343121209808276761e-01,-6.651253532396764201e-02,9.692799151017257309e-01,2.836393667865438895e-01,9.639417628060470422e-01,2.018289234247384045e-01,6.266954184015171014e-01,8.179341092941855296e-01,6.669186218616887096e-01,9.990670139326611743e-01,6.875586555334868288e-01,7.507954341631384310e-01,8.107700875967432941e-01,7.933152677021551025e-01,7.384474701219039261e-01,7.338376331453752011e-01,9.872829983899055195e-01,6.302949053337312257e-01,7.909683809042932223e-01,6.469589136193854007e-01,6.623940099200031906e-01,5.840299294823899645e-01,7.695610621072704882e-01,7.522294242876313985e-01,6.568361677618301808e-01,6.362097803315823752e-01,7.421663267333058478e-01,2.787842981937199149e-01,8.764516761961803626e-01,7.398290221162922009e-01,9.344566449123136165e-01,4.780179521846089075e-01,4.449946065959032304e-01,2.677713945809250262e-01,7.376546240029944190e-01,3.153618807726754625e-01,5.701422000368806531e-01,9.616158214942207572e-01,6.116785156731705531e-01,7.440515385665925630e-01,5.526047581523846342e-01,4.581017067469490556e-01,9.992510085203123449e-01,4.413612627281274792e-01,4.369852327176473872e-01,8.267079758107704901e-01
9.873657727074682811e-01,3.969992120891616821e-02,2.160083319207460051e-01,7.170945801276485954e-01,8.458624704018407048e-01,4.047302248998051466e-01,7.171799350429292064e-01,9.816935040935358403e-01,9.023975847714720278e-01,9.314676002635891017e-01,7.658124900221516818e-01,7.438089781147413371e-01,8.026131492315119464e-01,3.322576937300240063e-01,0.000000000000000000e+00,1.323356023997085129e-01,8.634701976313345906e-01,9.412086249804394456e-01,7.701218954399151606e-01,8.075703764257033956e-01,8.775611819550364068e-01,6.723975450782950780e-01,5.575316753441644790e-01,6.481958253367752221e-01,7.912159859547216456e-01,7.621166268315225922e-01,3.236666029611973139e-01,4.867148178740025033e-01,1.773552839980030438e-01,5.055490575582326507e-01,4.035635826318846320e-01,6.867164635994704724e-01,6.304732588230163026e-01,4.338513052024862704e-01,9.746198868839248686e-01,9.989211976244842806e-01,2.752905116188704149e-01,4.446965433409610924e-01,9.845410855756386859e-01,6.339292829527279904e-01,7.441906070124177930e-01,2.533233420126554947e-01,7.274374729689152552e-01,6.855446653112075017e-01,9.861952626052343795e-01,8.957909053372872243e-01,3.019162827063484045e-01,4.341598513340569343e-01,4.356185620456657914e-01,3.837660673842917536e-01,9.891853848974702101e-01,7.972842375194820475e-02,9.301476812456661580e-01,2.967043856984332151e-01,8.737630975341625916e-01,4.089243221820569318e-01,8.200606819008251502e-01,6.646860432633290294e-01,4.300269139979922550e-01,4.370576366950798541e-01,1.609564119444233110e-01,4.502503031992721172e-01,4.045619600491998646e-01,6.599634805343026489e-01,9.443401153163762940e-01,5.947952099217737043e-01,4.069259598157483060e-01,9.480535817059141390e-01,3.781611460431463789e-01,7.540072695517323620e-01,6.890630242100291847e-01,3.391867342340778579e-01,6.578256724938504885e-01,5.696252291404433343e-01,4.334670080201477593e-02,4.428997129265274668e-01,8.607041809539101029e-01,4.072437711147963713e-01,5.666314522997436542e-01,5.598710936461521737e-01,7.422863628045173190e-01,8.204520206667903492e-01,7.932748782072631677e-01,7.312902760715154216e-01,9.950142127682879423e-01
7.500844789135076018e-01,8.260915988036368063e-01,8.841917190900047130e-01,2.658182829593829233e-01,7.749805559591120829e-01,3.772547946647981654e-01,8.629185281153073372e-01,8.703805535622600731e-01,7.274851747898977150e-01,5.178064386280327724e-01,3.533312304619891098e-01,7.311843152294852377e-01,6.972479374666510354e-01,3.957974071970680185e-01,1.323356023997085129e-01,0.000000000000000000e+00,6.831678435603711907e-01,4.787885306753641435e-01,7.786016067411520858e-01,8.640268948599423293e-01,2.747384100860140732e-01,7.887278605185215063e-01,7.894242808987911308e-01,8.998739348177968722e-01,2.397473811186359438e-01,6.336027797469226952e-01,6.694872852101638738e-01,5.225301953815677525e-01,4.724267869434070066e-01,2.867933736597774730e-01,2.850704398875597012e-01,5.340229508240530443e-01,5.631093805131037744e-01,7.449418254121783489e-01,9.329406996282308961e-01,4.778537744163462442e-01,4.443180059117892156e-01,6.723976825207840236e-01,8.125758930234362465e-01,8.856907706736188990e-01,-1.972717131728123074e-01,8.235184099378887179e-01,6.506883043695652624e-01,8.202483477442100712e-01,8.569977215740606225e-01,5.573919443555749309e-01,7.396098266165351820e-01,6.975735984812608814e-01,5.963232124051351946e-01,6.858208690301699217e-01,2.582315031869316102e-01,8.371479619925014104e-01,1.548628757930043953e-01,7.000961675130648043e-01,8.105141272140659048e-01,8.053043597765755512e-01,5.951342460154718239e-01,9.333514441510164517e-01,9.007526959354089646e-01,6.431476397196894679e-01,4.591479169948937678e-01,5.239663783776427053e-01,9.057390188515014318e-01,8.553834308711492085e-01,5.492785518614918816e-01,6.211578648956989079e-01,8.123368799468454471e-01,8.017150292394988886e-01,6.763287559604991284e-01,6.994626994684292054e-01,4.278153234418924367e-01,7.045803839608497654e-01,5.957223255548629304e-01,8.486409110412684864e-01,8.735750491659584060e-01,1.461023118243476859e-01,6.218410813690516958e-01,7.673060654303137662e-01,4.113038792957578460e-01,3.572528307182627483e-01,7.876526717944720701e-01,9.184312314818571243e-01,7.602633810197023667e-01,5.414006526520418472e-01,9.767302745931774055e-01
6.749275824419033176e-01,7.615398496641759829e-01,5.282932136555813507e-01,9.767819646477745588e-01,9.633789104549792537e-01,7.886010808518191251e-01,3.300275715533043108e-01,-8.125714894271900135e-02,1.381842427112059957e-01,8.985066330813037405e-01,6.007963060827543611e-01,6.502722293048189828e-01,4.073298224871870210e-01,7.602913124556442970e-01,8.634701976313345906e-01,6.831678435603711907e-01,0.000000000000000000e+00,9.206943687150627165e-01,6.750069849394452204e-01,7.344261924143444809e-01,5.841793681562476026e-01,6.680841689933952887e-01,9.356413772551074315e-01,6.544809307011518751e-01,9.629677686581781249e-01,9.031989128269735101e-01,9.280729555250784024e-01,6.596751808807959083e-01,4.611833385490191617e-01,3.654682208383034370e-01,4.369449810923287103e-01,6.651928338689696574e-01,7.976430024123286611e-01,6.527470372650876484e-01,9.983387061351145508e-01,7.284821474489755477e-01,3.198005260169589636e-01,4.308810275693448211e-01,9.058873796642904486e-01,5.082360274590873583e-01,4.623182026235448383e-01,8.778650005437459436e-01,8.616841312038094891e-01,9.952730068786593831e-01,8.562373957100621880e-01,9.937434402912340703e-01,4.058815035097707025e-01,8.166662530022560373e-01,3.587305029357303887e-01,6.763663023131865071e-01,2.627958954940364800e-01,9.496104753908326535e-01,7.652476578649576311e-01,5.410569467086165929e-01,8.269081056894301840e-01,9.663620863164458230e-01,9.579365302256442893e-01,8.409357661710371579e-01,9.272948301485969269e-01,4.825067342694664418e-01,5.337907943256640086e-01,8.079738703481136319e-01,9.188018321363840002e-01,6.512152378051921930e-01,7.804017924133952455e-01,9.160833111181601041e-01,8.455228489114072765e-01,8.007208622630048733e-01,6.972686797281488769e-01,7.023998595759093355e-01,4.058458465119404446e-01,4.202841692807526841e-01,4.214515901179998608e-02,5.310670714552635507e-01,9.657737203471058463e-01,9.222025440663266238e-01,8.271463303573044490e-01,8.605260396632964381e-01,5.183793443843721649e-01,5.179939901529221347e-01,7.699507263984513017e-01,7.704305395809665225e-01,8.903190842649009173e-01,4.059836593180141673e-01,8.736873429564993021e-01
4.652882422283838859e-01,9.136009182529043482e-01,6.777318257369809862e-01,8.323413251494449216e-01,7.844290992220428471e-01,7.731613945206186056e-01,6.172883601219329996e-01,7.099043080047761078e-01,7.410088031096919714e-01,9.118290780847333465e-01,2.892558181363851788e-01,4.294765793479431437e-01,4.296082971574293752e-01,7.623929469312554774e-01,9.412086249804394456e-01,4.787885306753641435e-01,9.206943687150627165e-01,0.000000000000000000e+00,4.812468618638109930e-01,2.728051166429860119e-01,9.969085044616594615e-01,6.136807955826623084e-01,7.701299539537240779e-01,9.601525308219156507e-01,6.145071057041324725e-01,7.341568190024094775e-01,8.380919074749277886e-01,9.512945579358970116e-01,5.779240389499334940e-01,5.500243928088359713e-01,5.480880087391463151e-01,5.657887212599735927e-01,6.464578618345415695e-01,1.138135408185032421e-01,6.790433103230639755e-01,7.389085531382936223e-01,2.538454133643821553e-01,5.898791311979125762e-01,9.958765766740953485e-01,6.664782488812150962e-01,5.040221650618862403e-01,4.429169365109428269e-01,9.375195657913794056e-01,9.498777067143479025e-01,2.720182697056515164e-01,9.188062736767829142e-01,7.330330612230481213e-01,6.289143536992798378e-01,7.381682192838848744e-01,4.370087652667575262e-01,2.668249334490938596e-01,4.911886404784468474e-01,8.529119623350774893e-01,6.542005934679643309e-01,6.603740024736375336e-01,6.210589875060449350e-01,5.613964916484812662e-01,8.546219982611328314e-01,2.138747458804669543e-01,4.711766107805264725e-01,6.311620997716844705e-01,8.924335124333041547e-01,2.192016870248531535e-01,6.084628560820182219e-01,4.379676844237160860e-01,9.990522612835461835e-01,6.692292025114500165e-01,8.107238998964415577e-01,6.596770523813182407e-01,9.532714744993868727e-01,5.720211166175969142e-01,6.715395135854218545e-01,1.254663344223362065e-01,5.998943072077070893e-01,6.186064950888920944e-01,5.254722424868809583e-01,7.575629300679553868e-01,6.845137368086928742e-01,5.897873260715722488e-01,2.322143194758267692e-01,1.347456322619161873e-01,9.648667697496000617e-01,2.256923295218519754e-01,8.699820800492137352e-01,6.030581245616477570e-01
