0.000000000000000000e+00,8.379312834251423370e-01,7.248751469199212760e-01,3.086064343447316727e-01,7.660043686474118374e-01,9.333649058468316273e-01,4.124746907154227538e-01,9.856734233511756926e-01,6.432021668649300361e-01,9.680686139995553496e-01,9.026407697931972951e-01,6.201866366007678932e-01,8.337981765864778128e-01,4.268291142429911922e-01,6.526326430080160446e-01,7.595591739473062098e-01,9.502973441275208710e-01,4.375480269608362782e-01,6.778828900117617184e-01,5.980852121401938337e-01,3.285515554609421685e-01,8.726629691945884115e-01,9.563926087327778713e-01,5.838980428341431494e-01,7.193732625406834558e-01,8.507635152840359316e-01,9.516873044550808736e-01,9.109896488226145728e-01,6.108795722912877535e-01,7.228539386255836696e-01,4.664740712617210239e-01,7.359937779192318175e-01,6.884288992190205070e-01,9.840330169884414779e-01,6.705519035420438589e-01,7.213158103934851351e-01,1.867467685459455462e-01,2.708625147433629810e-02,5.919433949279582219e-01,6.856778321293713896e-01,4.966981283532829750e-01,8.471687003485395273e-01,7.188935515292975698e-01,9.743708803621767833e-01,7.964477720359643964e-01,9.506580578219108180e-01,5.816522831008446026e-01,6.298388912579376830e-01,7.478844056515909777e-01,5.617826346424575901e-01,6.977360666702612235e-01,8.830735274926849732e-01,8.593721795289620546e-01,9.832713251963162149e-01,7.086783544232411192e-01,7.971651695440548080e-01,4.349256306449766352e-01,9.753781375195330616e-01,6.033627098175725623e-01,2.575346722404880939e-01,6.483825635126986286e-01,6.148859355588249809e-01,8.436670910685594160e-01,9.107695015200817368e-01,8.964109651579299509e-01,4.866004644023378400e-01,8.960762399602775208e-01,9.659241202169814855e-01,9.550078985975087864e-01,6.268770727605954551e-01,8.428831528720818200e-01,7.362758031432914407e-01,2.617761517949805938e-01,5.881260445137590498e-01,6.484734324639906955e-01,1.899028543583373141e-01,8.030515585723663197e-01,8.919737181930217362e-01,4.313585427435914221e-01,4.345659946655567873e-01,6.810047984690621448e-01,9.743808970361138577e-01,9.070662763651533567e-01,7.813546872058599324e-02,9.516964502147132743e-01
8.379312834251423370e-01,0.000000000000000000e+00,9.522988528574036771e-01,7.841493012600846413e-01,6.078682993572634974e-01,6.312916998728724804e-01,4.986054694220135586e-01,2.801487695724557692e-01,2.152654725850378006e-03,6.088778819431781564e-01,4.661805971348344513e-01,7.842605135528966098e-01,5.201545038791808295e-01,4.337974164049561154e-01,9.924517175307387973e-01,7.190767712977795822e-01,9.492610626294024634e-01,9.058763729411820620e-01,4.086672551161893985e-01,4.944156308665200728e-01,9.224563337306161959e-01,5.636514285029994298e-01,5.568881930324124374e-01,8.481698231344985128e-01,4.603026437745740829e-01,7.020009767069415041e-01,8.521134088598302236e-01,7.834960470882280648e-01,7.614616602399586487e-01,2.603582835039406351e-01,9.672849795373467119e-02,5.117418660918495732e-01,7.765523894871363408e-01,8.551656353772012498e-01,2.065686227665839425e-01,2.088804334194678536e-01,2.678393563643061692e-01,2.461151712377182554e-01,5.446146828250723049e-01,8.132001411381566403e-01,5.959188384770548463e-01,9.034601289764077059e-01,7.467635709894596685e-01,9.860529588628286213e-01,5.594336058133679845e-01,6.334717408212342526e-01,9.709797189899909142e-01,7.128854342294224100e-01,-2.667493439665352684e-02,6.677551223020983251e-01,7.415019876130400922e-01,4.629259908568951198e-01,8.155859563431782089e-01,7.649118683199026547e-01,7.894669504273518212e-01,7.423291203981030595e-01,2.279430496697693875e-01,6.775149274015688228e-01,8.676750436260475263e-01,6.119398400402158433e-01,6.767465748534582382e-01,5.894281577755778878e-01,8.465635245168288137e-01,9.625757333885496259e-01,8.153402080607078384e-01,5.799859742211067593e-01,7.237182277435824096e-01,9.387508603369488780e-01,4.857580583747301284e-01,4.775067190063683187e-01,6.323855050102031861e-01,6.487693956719492450e-01,4.454909918580994832e-01,7.854207221811918549e-01,6.207750764458210835e-01,9.150059297248933632e-01,7.264805503260558517e-01,5.419837722912825839e-01,5.440443731978843456e-01,5.079200945051135507e-01,5.505494489814082293e-01,8.270931891633083177e-01,6.332669551759860793e-01,6.708390988757861884e-01,4.472232779703551042e-01
7.248751469199212760e-01,9.522988528574036771e-01,0.000000000000000000e+00,9.244865234809069854e-01,6.079928596479388103e-01,8.929272224600224295e-01,9.450921056632153316e-01,9.751909812348196205e-01,4.879340079141590847e-01,8.965919432188271809e-01,9.621451700464833667e-01,4.984493894511127232e-01,9.271278761472839802e-01,8.610670985269641697e-01,7.591614614586443821e-01,1.730695017970673710e-01,6.659113699731127323e-01,9.402299173348079853e-01,9.815343517869181689e-01,4.567368211007543644e-01,9.012391596111760661e-01,8.908481969399905109e-01,9.611228444184453101e-01,3.010421665577918127e-01,9.557375474233845702e-01,8.537250144029356891e-01,4.619188159648071057e-01,3.912230875052306600e-01,6.502354645634244035e-01,5.092052650188422236e-01,5.505091219158200211e-01,6.370577936665648977e-01,6.435032264416170600e-01,8.200265790957380618e-01,9.530781785016407825e-01,3.863068928176889849e-01,5.304399423323573615e-01,9.242154279981192877e-01,7.836857497522882188e-01,7.391807104421663777e-01,6.443336942279012103e-01,9.262224131850973485e-01,9.831502145834434270e-01,5.110240258507043887e-01,1.456993673172608250e-01,8.214825107428552764e-01,5.356153600999207232e-01,8.862285921682112599e-01,8.885620614776930104e-01,7.108027703797670238e-01,9.202321462620979275e-01,9.375408454524027935e-01,7.913906690640049035e-01,6.687061270101741783e-01,6.011734573110243396e-01,8.472189557741944821e-01,5.850310964889621212e-01,6.042149193755329550e-01,6.429485666153470502e-01,5.161772404164689521e-01,7.093892663100480334e-02,8.290413586928063738e-01,7.786123687003640992e-01,9.772735379485361085e-01,9.117988777598582395e-01,6.436497069233979573e-01,8.105980870488838086e-01,6.659155940333387758e-01,8.086356530809510890e-01,5.278504181495884406e-01,9.762202476374620685e-01,4.177916543660360471e-01,5.745458567650325588e-01,5.792521652314518432e-01,9.219961647956252948e-01,6.092889019092518899e-01,9.284471181035436338e-01,9.466145531205765185e-01,4.674065028566167235e-01,3.592674474590024092e-01,9.730445313787943196e-01,7.608094980641977312e-01,6.307110523242084321e-01,9.542634856444706104e-01,4.704619419785787682e-01
3.086064343447316727e-01,7.841493012600846413e-01,9.244865234809069854e-01,0.000000000000000000e+00,3.758345493430185202e-01,6.101025459047354493e-01,9.163985554692123392e-01,7.735586808698626804e-01,8.972066599108309282e-01,6.885154109510898124e-01,6.922604296764139908e-01,6.032211847279552730e-01,8.098160613207727732e-01,8.031587891353156872e-01,7.168605439891224673e-01,9.617382663093064776e-01,8.332646839508451864e-01,6.041652438732268982e-01,6.687427908103785734e-01,8.201918412439722639e-01,9.120700365944116594e-01,6.264461530718630211e-01,2.382279916184494584e-01,6.828186764882085980e-01,7.982391930669231472e-01,8.384088954893502699e-01,7.975040938044434258e-01,6.041820197242954160e-01,1.250472336802561368e-01,5.031823890050151071e-01,5.847124370199312526e-01,5.884503373013356686e-01,8.542134613596842341e-01,8.735931640684230226e-01,4.563958778373702341e-01,3.443452488808732559e-01,4.042867609270360818e-01,6.614728183999146749e-01,6.773386878313335524e-01,2.704282013638316107e-01,5.432133614897386442e-01,5.302562631654295089e-01,8.579288505730531256e-01,7.402520907291209040e-01,6.751173825069689549e-01,3.355536238151539119e-01,2.778584353442424271e-01,6.419050651150969289e-01,4.823819474747125802e-01,6.834379026663096601e-01,6.958963809158406066e-01,9.239276183023257261e-01,8.603708177509387101e-01,7.457399204578597507e-01,7.724869227583319731e-01,6.938433083918505995e-01,6.255762107680289397e-01,3.529172506242554963e-01,1.206189818981337619e-01,3.695875047878369735e-01,2.256677627074655801e-01,9.216152522409608583e-01,2.169725167217722572e-01,6.021227089554234135e-01,2.848578400673726363e-01,5.525589581502814429e-01,8.635569819011621462e-01,8.506932570181530151e-01,5.119004461353485746e-01,4.784676161243290871e-01,7.001882129007689359e-01,7.818339594852140584e-01,4.836376233194040752e-01,7.846079206399737549e-01,3.629285289287895178e-01,6.301891882395856959e-01,6.681026718858958935e-01,5.098515994902295123e-01,5.031664602559254851e-01,5.423249562726613071e-01,7.088599350624662510e-01,6.641423883953554430e-01,9.089980092045231164e-01,5.167546008053199857e-01,3.272116711543101575e-01
7.660043686474118374e-01,6.078682993572634974e-01,6.079928596479388103e-01,3.758345493430185202e-01,0.000000000000000000e+00,8.294175068534782591e-01,6.567903309557476810e-01,4.295900413043112209e-01,5.651536920745068304e-01,4.202214506386606208e-01,4.976713792358514743e-01,5.254125562077818223e-01,6.401738113408670383e-01,8.347625362174835306e-01,6.939939567398281106e-01,7.591214744563919981e-01,9.705833103832026687e-01,4.760122047815399937e-01,7.344647320004211721e-01,8.297398033833033315e-01,8.095412452507596557e-01,6.469211978037329169e-01,4.662784306551233104e-01,9.149718282066571229e-01,7.786528598989974626e-01,8.853962865793822967e-01,8.682297691115952176e-01,9.746808200901656560e-01,5.819363539567060650e-01,5.020569266592856961e-01,4.454116836981598659e-01,7.244233083054261169e-01,7.436976326136832682e-01,2.458226186034053462e-01,4.745735813650135970e-01,3.061594321991639722e-01,3.515629529039543399e-02,8.427215603407794964e-01,6.242558919130573036e-01,8.521752324198448303e-01,7.251101793535495998e-01,6.774694813708970198e-01,9.647651557300528369e-01,7.854477666889949639e-01,7.513461604248958814e-01,4.953688588185805042e-01,8.923232081950791539e-01,9.470183765828305011e-01,4.619226849994418349e-01,6.584493256153344243e-01,9.081345086512376819e-01,6.516092644829944991e-01,7.452728009182977287e-01,2.783668441442503916e-01,4.161997364809909561e-01,9.401707680436939274e-01,6.640853563005439941e-01,5.553914626530639387e-01,9.721346789804303778e-01,4.311271498923665568e-01,2.187978982425692887e-01,5.777454823972298925e-01,7.236566053455093517e-01,9.346466614698638598e-01,7.623603434605874529e-01,7.309198435893252688e-01,7.539151217182181730e-01,8.344483920874573579e-01,6.926391985618194358e-01,4.008153244646030511e-01,7.024147307179751110e-01,8.443434782847399900e-01,6.789760073103312532e-01,6.384492954455380787e-01,3.284839123262447980e-01,7.345659140333602455e-01,6.663796883817485472e-01,3.021654877302722975e-01,2.248034142237464172e-01,1.604656510427243665e-01,7.904681145716545565e-01,3.587243281551072416e-01,5.960580412632601188e-01,3.318325448841559777e-01,8.236322430004515693e-01
9.333649058468316273e-01,6.312916998728724804e-01,8.929272224600224295e-01,6.101025459047354493e-01,8.294175068534782591e-01,0.000000000000000000e+00,6.647821912698800295e-01,7.326128947673768987e-01,6.901937259506943367e-02,7.066827328461717794e-01,5.203481193738082045e-01,8.553914985667268045e-01,8.735596052092602370e-01,6.497120906554669784e-01,7.132299179611377715e-01,9.526923405476076523e-01,3.346950487823091014e-01,6.250885861778874286e-01,7.069817607113929592e-01,8.581611164073227327e-01,9.204024236488542732e-01,7.353370772452013648e-01,5.914096115009679355e-01,8.737051523842362943e-01,6.314600749858496620e-01,-1.079356956827357550e-01,6.759230126552420170e-01,7.661892862471828547e-01,7.300175365595393817e-01,3.000021502879979818e-01,4.525577706285791035e-01,9.938500216730459247e-01,6.523960788778214726e-01,6.029431444816352181e-01,6.498661927389737247e-01,1.499459453789747376e-01,3.791299769652878293e-01,4.527121172234774837e-01,9.353603709845202951e-01,6.230273750035486557e-01,8.711074954175231089e-02,4.883622652384136398e-01,8.648534348842169539e-01,7.845951821012049354e-01,4.377179903174265863e-01,8.802841611956240264e-01,6.197059973459131399e-01,7.982219861812157591e-01,7.195600881156156703e-01,8.514715802516200638e-01,7.054242534495330785e-01,4.676366523379539286e-01,9.290159435292408840e-01,8.217008010715979305e-01,4.396874220777847730e-01,6.909351606760369968e-01,2.116451197257058214e-01,6.293877782404857513e-01,8.518415024608361197e-01,3.189392061092163333e-01,5.446956907731010933e-01,3.599001334415722342e-01,9.164054456954794370e-01,2.893478042125062766e-01,7.645306444697973491e-01,9.527245777822062056e-01,6.917406591600181454e-01,5.670090627099000358e-01,7.868058542899228902e-01,3.684942950899116054e-01,9.884759462881910208e-01,4.129169971061709687e-01,3.370699655653806581e-01,7.892849902368337389e-01,4.304983954512195399e-01,8.382114972081795568e-01,9.455631236357069369e-01,9.188901688492522313e-01,6.496083501973833885e-01,9.978625509731369192e-01,4.553005942905314352e-01,8.629261105723182723e-01,2.053416182548472024e-01,2.116371149504873705e-01,8.331492388425072448e-01
4.124746907154227538e-01,4.986054694220135586e-01,9.450921056632153316e-01,9.163985554692123392e-01,6.567903309557476810e-01,6.647821912698800295e-01,0.000000000000000000e+00,1.258135409896316559e-01,5.361137447892492247e-01,7.527841479289989479e-01,6.310337765921167907e-01,4.437280311251182718e-01,8.643817986136568265e-01,7.020340629726973258e-01,5.994148770981375662e-01,3.965065873832748222e-01,6.412964659771176468e-01,7.833765310825497874e-01,9.438146732437689979e-01,9.169993171132830856e-01,9.360380715169930310e-01,5.971061304513651802e-01,3.155882767213677442e-01,9.284342692256080110e-01,6.791316905907049950e-01,4.378358557439974152e-01,5.466897717542895663e-01,7.454482874963009875e-01,6.537365583660239565e-01,4.050686160854737872e-01,4.851047177867535976e-02,7.076419540555480836e-01,4.938849956912135242e-01,8.647793358597845037e-01,6.432831606563911286e-01,-1.873203393119017290e-01,1.386716676991786024e-01,6.281453849419492697e-01,4.674249141374076655e-01,9.153147240251121586e-01,4.694940321234334357e-01,4.492668807629652816e-01,8.630678781333477323e-01,7.964974415138348363e-01,8.132231072425343266e-01,3.116777261179837222e-01,6.363595417817649036e-01,7.122366578861252240e-01,2.914822271321273472e-01,4.395217001043192906e-01,2.028471827857242782e-01,4.910284782993900587e-01,4.559286760383557957e-01,9.330769348208335368e-01,8.883101590553114102e-01,9.279879801181608601e-01,6.094768232454341739e-01,2.348696724573524075e-01,6.014671849381104662e-01,7.916230831477957253e-01,7.095825540685093413e-01,7.364277505899616827e-01,5.599895902023503957e-01,7.089895433558861537e-01,9.093253202264468538e-01,7.825178048940384379e-01,3.577505868224574725e-01,9.118989131717604169e-01,8.553778300964181014e-01,3.256947431711238461e-01,7.430040335289747055e-01,8.242668679422626710e-02,4.103154595101866642e-01,5.009579196207416540e-01,5.860817961734599013e-01,5.720702961018867549e-01,7.355219009959392817e-01,2.129139572039958073e-01,-5.380548871484683304e-02,7.352562417246648330e-02,5.517067045049500740e-01,7.855007910062735688e-01,5.669178811897808146e-01,8.932574707324312246e-01,6.084488856223171371e-01
9.856734233511756926e-01,2.801487695724557692e-01,9.751909812348196205e-01,7.735586808698626804e-01,4.295900413043112209e-01,7.326128947673768987e-01,1.258135409896316559e-01,0.000000000000000000e+00,4.199737970152770394e-01,8.829117768214036488e-01,6.635620299719504622e-01,8.801889612313462674e-01,9.454734502757544679e-01,6.120397331023559317e-01,7.549950760670678385e-01,6.889371486687320134e-01,8.427496271734523647e-01,6.493745253371245862e-01,5.823192285980118843e-01,9.825370789014890027e-01,8.063828262600071239e-01,4.981584068624382300e-01,5.077670673052756545e-01,9.446685713277845897e-01,8.220760061442748956e-01,6.418377159596023729e-01,7.232599735022373633e-01,8.971681753725080366e-01,3.672507964571222749e-01,7.489806783737040785e-01,7.095138372593029485e-01,2.204027889221404080e-01,6.981927973898203188e-01,5.404781301512011638e-01,3.369496288482386470e-01,8.908990924688693358e-01,4.130337806982062876e-01,6.570309646521371727e-01,9.564618387532711763e-01,5.207334770478196928e-01,4.940028054021625148e-01,6.729459690332798560e-01,4.012254109752648179e-01,6.621099199461213392e-01,8.654900178042439496e-01,4.685419601161787684e-01,7.538058272160460538e-01,7.042409084026971522e-01,4.108992227211235027e-01,8.207436525520434012e-01,5.606333436053011487e-01,7.434158665985327596e-01,3.904603016681437166e-01,9.068541298840203657e-01,5.633305235354364449e-01,8.023094330036752986e-01,3.654039554402754852e-01,6.167358052629817733e-01,6.367136556455873508e-01,2.377920586785145507e-01,4.328986916521647688e-01,5.827315115146226576e-01,7.836540509656227949e-01,7.813799806385552937e-01,9.812298689376210969e-01,5.470827312552353217e-01,1.297438440295581030e-01,8.534023716834194806e-01,4.077947285108828313e-01,5.014725286279346772e-01,7.934221689085523277e-01,6.029562055520750752e-01,7.562949096090103573e-01,4.362591448300921493e-01,6.584204056309561626e-01,8.339182260955695369e-01,7.031215565629881370e-01,8.402066503471763426e-01,1.202401372280794724e-02,2.714126033240178426e-01,7.454709937706931466e-01,7.152422508285117830e-01,4.335220351937434380e-01,7.679675471609670456e-01,3.835488675446101503e-01
6.432021668649300361e-01,2.152654725850378006e-03,4.879340079141590847e-01,8.972066599108309282e-01,5.651536920745068304e-01,6.901937259506943367e-02,5.361137447892492247e-01,4.199737970152770394e-01,0.000000000000000000e+00,8.303320487611551837e-01,8.144418190186015760e-01,4.841770520707984193e-01,4.867617922952352516e-01,5.531880463519109892e-01,6.746290810815368522e-01,5.641675788111952805e-01,4.933691521138871550e-01,6.072112118772617917e-01,5.876410727525798183e-01,9.316133441171146057e-01,5.895284542675572892e-01,5.522531732682149919e-01,4.498629418225477128e-01,9.963208824012341758e-01,6.295785990239588514e-01,5.173167313976748671e-01,9.965368662750264672e-01,6.497485917751463225e-01,9.856820570998431341e-01,9.756665029054278904e-01,5.556031749870722347e-01,8.829247088547349520e-01,8.849557464065547219e-01,4.682049032700555946e-01,6.639234848275901157e-01,4.245862151578881916e-01,5.552607859223832737e-02,4.799276454696064786e-01,9.095816840755491794e-01,4.240439836462124856e-01,5.893400443647407450e-01,7.092515338267159075e-01,8.127153515019507335e-01,8.192362295378117221e-01,6.817848033977893518e-01,8.700337145906951175e-01,8.493509896773496770e-01,7.768260652149621137e-01,6.626389544491835260e-01,7.104595080847295741e-01,8.531268950494081960e-01,4.829019872188284879e-01,6.686277448758024544e-01,6.012305027609023966e-01,9.768546588617542659e-01,4.840696724378557025e-01,7.036314602610048707e-01,8.936618380484844248e-01,7.764207543842471804e-01,6.069390081133828607e-01,4.422781412914423282e-01,1.787887765600907064e-01,7.994075006948992979e-01,7.687316614656634073e-01,9.333785752528391821e-01,7.721238636845839665e-01,6.210159217875639293e-01,8.147338431991779650e-01,3.692174367539298174e-01,2.094434401750489838e-01,4.331856941208158673e-01,9.514559181045354475e-01,4.808887750990064047e-01,5.169775696427557632e-01,9.710259049568288336e-01,5.612225407499131791e-01,5.765036922747492909e-01,8.423491781073774165e-01,2.915339154509052344e-01,6.350883059333685132e-01,4.962850331557861483e-01,6.342432058670767203e-01,6.374788740838963630e-01,7.365941642485789309e-01,7.047083893626870932e-01
9.680686139995553496e-01,6.088778819431781564e-01,8.965919432188271809e-01,6.885154109510898124e-01,4.202214506386606208e-01,7.066827328461717794e-01,7.527841479289989479e-01,8.829117768214036488e-01,8.303320487611551837e-01,0.000000000000000000e+00,6.490411752068919737e-01,7.953019067333686465e-01,7.412673743188828990e-01,8.629192552844253683e-01,7.797567783132026698e-01,8.039961674383376833e-01,7.115668032743670546e-01,6.075406230064044344e-01,4.322244795283338714e-01,9.333787949206849843e-01,9.790798742176689551e-01,1.151654518654084136e-01,7.176017610517630985e-01,6.508199739134455930e-01,4.731102581316311007e-01,5.774654064539463949e-01,9.600719784209195140e-01,4.387369426083427282e-01,-1.555091845619223645e-01,2.598017304518725479e-01,4.685457743373808159e-01,7.943592224712534566e-01,2.729082095939774355e-01,6.019151965113427316e-01,6.636591755356783251e-01,7.449755807555272780e-01,-1.476951739011619913e-02,9.929100667135173364e-01,7.246454840045458701e-01,8.823753382763621644e-01,9.202250208602609227e-01,7.769741863178472041e-01,1.245061285208792778e-02,6.944111669218488991e-01,8.517985024856127296e-01,7.279357676909748998e-01,6.422731181501643016e-01,2.685348495362623877e-01,6.616432841678170362e-01,4.662352715224282740e-01,4.976305246605688959e-01,3.182856335891553479e-01,7.291841816140529620e-01,5.045888069997210845e-01,7.878803965353577965e-01,9.974659338956000099e-01,9.550709163190509443e-01,6.213674684634497014e-01,9.991569663999063655e-01,3.519008351701763404e-01,6.937529862027927985e-01,6.572386792336253336e-01,6.386886275502940968e-01,2.203264198831397791e-01,6.055177225612662362e-01,7.066120362339747274e-01,7.317467644182897857e-01,2.932036026457549016e-01,4.246194956195818437e-01,6.214100209994853907e-01,6.921218711545716884e-01,8.232951763989817540e-01,8.784510147640997024e-01,5.902117302475544669e-01,2.935047484158248565e-01,9.666847940808529493e-01,9.458790640366915303e-01,9.735394418943372763e-01,5.424116597370380877e-01,4.756009604400857627e-01,6.016582459355808155e-01,9.320040271173887225e-01,3.477405681854978114e-01,7.031192817959598385e-01,8.673852911603867621e-01
9.026407697931972951e-01,4.661805971348344513e-01,9.621451700464833667e-01,6.922604296764139908e-01,4.976713792358514743e-01,5.203481193738082045e-01,6.310337765921167907e-01,6.635620299719504622e-01,8.144418190186015760e-01,6.490411752068919737e-01,0.000000000000000000e+00,4.610090581460816184e-01,7.640526458441055935e-01,5.846405397034795115e-01,9.221221830483687931e-01,6.720234357171536166e-01,8.287053016822278906e-01,1.910175404222256013e-01,8.841052708229456547e-01,9.993500171219400485e-01,8.432703235070888592e-01,4.106393557684723250e-01,5.051979839360993818e-01,7.675066576248779082e-01,9.868009203698641096e-01,8.989923980091050204e-01,7.157121442336064066e-01,6.657681972240268031e-01,8.366380320868284093e-01,2.951107437789468602e-01,7.746502464446168856e-01,5.275945542367398433e-01,7.378243528011293462e-01,7.126872639159289591e-01,5.235476587510637936e-01,9.186610882445616078e-01,2.332926338889627638e-01,7.269270020494454920e-01,9.878303604433720242e-01,7.426610448596417946e-01,6.560013734570369071e-01,5.443502739249262978e-01,7.152931103019533055e-01,6.488085114563003630e-01,6.162162090806273529e-01,7.515761529386171258e-01,9.601573499928505173e-01,9.156928004350158856e-01,4.027854534769996775e-01,7.096067059299296931e-01,6.864494310782054409e-01,5.138492305845784314e-01,9.216766947159902301e-01,5.116409736204556857e-01,6.630318130483231487e-01,5.085443733752914586e-01,6.629499546700028390e-01,6.347258749563349234e-01,9.142413401045748067e-01,6.633076122339074399e-01,4.147441633535098315e-01,5.684395646651489997e-01,5.745790313431001772e-01,7.777650934126520976e-01,3.132139503005776926e-01,7.928860878397285816e-01,9.814784486916957595e-01,8.033712553743578288e-01,5.067918215273975457e-01,6.650913911202761541e-01,9.805978352791658859e-01,7.165133976353690315e-01,9.155787540072505282e-01,2.242991016096871904e-01,4.184568742031050115e-01,8.899154382411591513e-01,6.202818296789054386e-01,4.740616685254083751e-01,5.383058810069538680e-01,-1.918843044539577936e-01,2.631761628475323134e-01,5.687267572756258271e-01,7.625619645353409748e-01,5.457810558266007472e-01,5.536248837462217631e-01
6.201866366007678932e-01,7.842605135528966098e-01,4.984493894511127232e-01,6.032211847279552730e-01,5.254125562077818223e-01,8.553914985667268045e-01,4.437280311251182718e-01,8.801889612313462674e-01,4.841770520707984193e-01,7.953019067333686465e-01,4.610090581460816184e-01,0.000000000000000000e+00,8.824957345286461585e-01,4.978922448422652414e-01,6.029095047686970910e-01,9.730316162533052537e-01,5.571977887291507114e-01,8.005831080297797220e-01,6.725102536885820825e-01,6.605986606639471237e-01,6.620593488577475316e-01,7.769157155147032867e-01,8.565851204333322366e-01,5.953872818604573069e-01,9.140369014871728703e-01,3.231594585644156914e-01,7.952799316738879964e-01,7.805652566638711098e-01,-5.728149390449224776e-02,1.305197952439729643e-03,2.198165450499686702e-01,6.858101398407320248e-01,4.900964616668997964e-01,7.153894596238402626e-01,6.914412703989439857e-01,1.783247512002128499e-01,6.626123800077159398e-01,4.716300579117436165e-01,9.318433760138107314e-01,8.590948670798828068e-01,7.305460255705147343e-01,4.967954239497167079e-01,8.670699890513093866e-01,8.040605282984759627e-01,9.483417969794316615e-01,9.007814255029906736e-01,5.331538038155237968e-01,8.327913556495831759e-01,5.944456776134195986e-01,4.835340592071202259e-01,7.574941275245322680e-01,8.757298601838183760e-01,7.700187504026250185e-01,9.481964758913485891e-01,9.938375019672416322e-01,5.270365039081021941e-01,7.240107078955675401e-01,7.611363548817172697e-01,4.310818433475816502e-01,1.559798487022658053e-01,6.517583457384005241e-01,4.190340101811730888e-01,8.261364645283414410e-01,7.270517844773471960e-01,7.007715384766244338e-01,7.222473526037572755e-01,7.618317271755868925e-01,4.291781673232358818e-01,5.878665451966523792e-01,5.395067562328415001e-01,8.072148375391964281e-01,9.812266464643109032e-01,2.615689159549061116e-01,6.044726760787383357e-01,7.788741417951422497e-01,6.914979412574548956e-01,2.610358047034281315e-01,5.073218044243323899e-01,6.942271581781754852e-01,7.235408680798804948e-01,7.851827753489509787e-01,9.324353020515879775e-01,9.163272526891738101e-01,7.236795497206069960e-01,9.678352238629466253e-01
8.337981765864778128e-01,5.201545038791808295e-01,9.271278761472839802e-01,8.098160613207727732e-01,6.401738113408670383e-01,8.735596052092602370e-01,8.643817986136568265e-01,9.454734502757544679e-01,4.867617922952352516e-01,7.412673743188828990e-01,7.640526458441055935e-01,8.824957345286461585e-01,0.000000000000000000e+00,4.501379784815977003e-01,6.833302917497927620e-01,4.215236345394093309e-01,6.066527165973836233e-01,7.553019256968234174e-01,8.549490911218377009e-01,8.461076121923986060e-01,6.703394003090480391e-01,6.263563402438656613e-01,5.042357927021370312e-01,7.224022747467316874e-01,5.746586315308834791e-01,7.829188827926439886e-01,6.321444395827131579e-01,5.625499462487028035e-01,6.806818956840015034e-01,3.798291619041348488e-01,8.579620532622267426e-01,5.061398449766573160e-01,4.451576756605649110e-01,8.419778273571558724e-01,7.517560424471961822e-01,6.189470798944326502e-01,7.410738365253229931e-01,7.612651198175920397e-01,9.845351164720848036e-01,7.346741773829106315e-01,6.176984054342622432e-01,8.670605103196665775e-01,7.852190716623901334e-01,1.170226836490803335e-01,6.552342362869091330e-01,6.646594403288538233e-01,4.875445314863602886e-01,6.874837199504246765e-01,7.942715984102921567e-01,7.072313900204997283e-01,4.658274326296514278e-01,6.779370801297371907e-01,8.713064729098963790e-01,9.614309725661157602e-01,9.416702004869148546e-01,4.017193365851262632e-01,3.050550014051940373e-01,8.535228543139082857e-01,6.927621309776811342e-01,2.030715789583637521e-01,7.684548274737247331e-01,9.205576000675581572e-01,9.513569487665550772e-01,6.522118908590688324e-01,8.403618153712040240e-01,5.301954175798069269e-01,8.892013485088459124e-01,9.245308265751942534e-01,3.727056570531885882e-01,5.152068213980414146e-01,5.918324633128124734e-01,8.597056446760313886e-01,7.057971395451767549e-01,5.970419869915156719e-01,5.432450295052050349e-01,7.829194302973203623e-01,2.541289109361405396e-01,4.043272992870985405e-01,-1.115576314518341439e-01,2.355218398639435384e-01,6.939431640049605887e-01,8.771387010523432615e-01,7.333552035535695346e-01,4.301605335434098842e-01,6.196373878891853204e-01
4.268291142429911922e-01,4.337974164049561154e-01,8.610670985269641697e-01,8.031587891353156872e-01,8.347625362174835306e-01,6.497120906554669784e-01,7.020340629726973258e-01,6.120397331023559317e-01,5.531880463519109892e-01,8.629192552844253683e-01,5.846405397034795115e-01,4.978922448422652414e-01,4.501379784815977003e-01,0.000000000000000000e+00,7.114880419391155231e-01,7.365374570411080679e-01,7.185745888633704448e-01,9.933782356050231410e-01,9.442117738715436470e-01,9.832696215552666485e-01,7.224460336202972455e-01,4.659857093552437490e-01,4.587589860896457705e-01,8.569782694655493360e-01,7.607510231707731441e-01,4.767628961517336172e-01,5.736599726801430155e-01,8.973946603060772853e-01,7.541569801152820940e-01,5.074351182610346012e-01,6.279231472984553308e-01,3.476879234879555747e-01,5.026340207426879259e-01,2.263469409803068877e-01,5.000766781355818758e-01,7.918057455439547754e-01,2.638080542764447700e-01,7.525843733268060554e-01,8.013913296530270625e-01,2.953230309379307750e-01,6.568631240960604023e-01,4.561386296781638205e-01,8.231072265999266335e-01,6.737215009359907025e-01,7.794575356929210885e-01,8.574513331826256746e-01,6.232051913383799269e-01,7.028896762629646133e-01,4.928686173222981415e-01,7.600493464492353857e-01,4.233382232927592193e-01,6.315166125552446053e-01,1.364329973086354786e-01,6.784577683063468534e-01,7.872373440913870146e-01,6.251900353854875636e-01,4.703462842512605713e-01,6.875985324050958303e-01,5.863145750884326546e-01,5.034196540036485201e-01,5.659129247435956689e-01,4.781079666541256934e-01,5.929813397083479876e-01,6.063630105473711840e-01,5.273418646843336388e-01,9.969408801413558452e-01,6.511730625332488032e-01,9.162593143849917521e-01,4.533261984249147281e-01,5.722658929918775783e-01,5.082177458168629647e-01,6.452985892572496995e-01,8.962535528955788422e-01,5.038697737057071802e-01,7.164722657388560290e-01,5.020672127825965836e-01,6.427489720725756417e-01,6.728367282868058519e-01,4.974729958381609030e-01,2.629654366653015329e-01,9.134925530711262009e-01,4.233658148391622467e-01,7.077221785921659070e-01,8.664010708047000797e-01,6.290327925645824436e-01
6.526326430080160446e-01,9.924517175307387973e-01,7.591614614586443821e-01,7.168605439891224673e-01,6.939939567398281106e-01,7.132299179611377715e-01,5.994148770981375662e-01,7.549950760670678385e-01,6.746290810815368522e-01,7.797567783132026698e-01,9.221221830483687931e-01,6.029095047686970910e-01,6.833302917497927620e-01,7.114880419391155231e-01,0.000000000000000000e+00,7.204065428263414228e-01,5.786497675055748413e-01,6.317473489266519637e-01,7.521186036247756723e-01,6.915337634869411776e-01,5.394571118838661361e-01,7.427825287005660471e-01,9.783064475293498097e-01,9.702459898537014737e-01,4.638406900198833727e-01,7.847034338133336284e-01,9.689791028316441235e-01,6.430697966055396453e-01,5.942773753292538430e-01,8.600390700025429408e-03,7.943345418165139726e-01,4.941048809906836703e-01,3.050049235715631690e-01,5.109215092842994688e-01,2.690171470955353139e-01,2.027532283908957400e-01,4.408218220626182182e-01,8.678814215511561070e-01,5.508828112837246271e-01,6.941338729498530702e-01,4.856071722482111497e-01,7.167382159734649871e-01,7.617121454868081010e-01,7.424321820627644009e-01,7.245568208096284657e-01,9.181145264869533529e-01,9.763226399959721302e-01,5.907481009068937805e-01,1.623000551544559744e-01,6.437906704827608406e-01,6.438258876931168828e-01,3.078261323405786509e-01,1.556594276000487775e-01,6.072766625378298588e-01,5.057051226471369620e-01,8.924232803892891974e-01,7.162303000086278626e-01,7.893365011867690129e-01,9.358235160189027901e-01,7.735237987363806633e-01,4.967693917855806607e-01,6.279816988085930030e-01,5.023942504953351484e-01,9.202505694912708201e-01,6.268267161257694564e-01,-1.937581616199468559e-01,4.085710399238654533e-01,8.407155201202041184e-01,7.903508461335544411e-01,6.124445118957398959e-01,9.758713228073019330e-01,9.982354347539120765e-01,7.496478529482342168e-01,7.015735285129252874e-02,6.005501100075070209e-01,5.741103934616565985e-01,8.575994711019667704e-01,7.249854366485256607e-01,7.608292388459781952e-01,3.643072237842661099e-01,6.240078388512485530e-01,9.276128229848831230e-01,7.761279905622433528e-01,6.079514128236210291e-02,9.563024124881741583e-01
7.595591739473062098e-01,7.190767712977795822e-01,1.730695017970673710e-01,9.617382663093064776e-01,7.591214744563919981e-01,9.526923405476076523e-01,3.965065873832748222e-01,6.889371486687320134e-01,5.641675788111952805e-01,8.039961674383376833e-01,6.720234357171536166e-01,9.730316162533052537e-01,4.215236345394093309e-01,7.365374570411080679e-01,7.204065428263414228e-01,0.000000000000000000e+00,9.870427262199221730e-01,8.460749846898680815e-01,7.260415645261738549e-01,7.901557929198061991e-01,9.481421769965203694e-01,6.321040932821182512e-01,9.428127779029650268e-01,8.103820904522165414e-01,2.720033853911957289e-01,7.230458378867725688e-01,9.829339675805142118e-01,2.770238863582495936e-01,7.280848916198885412e-01,6.814042044136132681e-01,1.471464804315069652e-01,3.530768054255070121e-01,8.005528494181378685e-01,6.281566236088382826e-01,4.753047383322954178e-01,5.252407350130241515e-01,2.379253868126154636e-01,7.702365528646403225e-01,9.638703397304624332e-01,6.674440130984368169e-01,4.022536561224656637e-01,6.932338058039927420e-01,9.142794001783463020e-01,6.860324205674442899e-01,8.486562470308871564e-01,6.130088509195595892e-01,5.191565555186908876e-01,7.641355084078518267e-01,7.141514758743270352e-01,6.438117421316408295e-01,4.560031800974880811e-01,2.336656288655485428e-02,6.698693571313781847e-01,6.420243655636019842e-01,8.932523007800570181e-01,6.805511141339183334e-01,5.883948826960245793e-01,7.085393278189706656e-01,8.749469674659494656e-01,4.799103744872012522e-01,3.357204899694851141e-01,6.512551507997768052e-01,2.318786236984003157e-01,8.274682474448742386e-01,4.466421868775512505e-01,8.182113868507115972e-01,8.856907926897844563e-01,6.313115627846697109e-01,4.136322167153569374e-01,6.033880025051312490e-01,8.179623249458910506e-01,7.892705063496450180e-01,5.993783202487097395e-01,6.246677015785975229e-01,3.945673620434260731e-01,2.415450955179306025e-01,7.183234388090058431e-01,2.045794999078865417e-01,4.821286650311550903e-01,3.386251247446420143e-01,6.018627656678324778e-01,8.275893406112765360e-01,9.857924025651674249e-01,5.377376526934747603e-02,8.606170111263666822e-01
9.502973441275208710e-01,9.492610626294024634e-01,6.659113699731127323e-01,8.332646839508451864e-01,9.705833103832026687e-01,3.346950487823091014e-01,6.412964659771176468e-01,8.427496271734523647e-01,4.933691521138871550e-01,7.115668032743670546e-01,8.287053016822278906e-01,5.571977887291507114e-01,6.066527165973836233e-01,7.185745888633704448e-01,5.786497675055748413e-01,9.870427262199221730e-01,0.000000000000000000e+00,4.853323082677302724e-01,5.980469885443618905e-01,8.903131724780428691e-01,8.064564284993277488e-01,7.469607781173406291e-01,7.901220797266341744e-01,9.846475605516787910e-01,4.613356068293806289e-01,7.357952475264850634e-01,5.442654720080160047e-01,6.328114232956577601e-01,5.930269420177026740e-01,5.283525137354724288e-01,8.537860822131744243e-01,6.069212262071714825e-01,6.910759529905723397e-01,6.016273768642512731e-01,8.787575254503559030e-01,5.669487961854591251e-01,4.769267093844020144e-01,7.872624188990410277e-01,9.634613152162514460e-01,9.069642676277893667e-01,8.884178741622510422e-01,6.959179151914226535e-01,9.839915266468141075e-01,6.174742748970990514e-01,5.396303800195000333e-01,6.468998552678288938e-01,9.041671074453229151e-01,6.138491760303367295e-01,7.686096920978431335e-01,6.248235713240325451e-01,7.153256659939355444e-01,7.694850572381063403e-01,8.455222782806460780e-01,7.308254974306556129e-01,8.797249039575592011e-01,7.857851478924413602e-01,8.289624915392929116e-01,5.218105443730227666e-01,6.898600421054720266e-01,4.758971352484148154e-01,3.132490346587659680e-01,6.284459619094198146e-01,9.907670459924939887e-01,5.674044755319087585e-01,7.490545985407144336e-01,5.593685625142776896e-01,6.855167787674479873e-01,8.128617042453770702e-01,6.829892024718069443e-01,9.816617396650945127e-01,5.060978796897643850e-01,5.384187554304959988e-01,3.671734119549677766e-01,3.881043159159237588e-01,9.936825957017410005e-01,7.348748956834415536e-01,6.236777085238854879e-01,9.012508316882468229e-01,2.222680676754369977e-01,5.696539731209571134e-01,8.113873483037362666e-01,6.413685162059953315e-01,9.601314298020486859e-01,2.076065926798698058e-01,4.923264615308490244e-01
4.375480269608362782e-01,9.058763729411820620e-01,9.402299173348079853e-01,6.041652438732268982e-01,4.760122047815399937e-01,6.250885861778874286e-01,7.833765310825497874e-01,6.493745253371245862e-01,6.072112118772617917e-01,6.075406230064044344e-01,1.910175404222256013e-01,8.005831080297797220e-01,7.553019256968234174e-01,9.933782356050231410e-01,6.317473489266519637e-01,8.460749846898680815e-01,4.853323082677302724e-01,0.000000000000000000e+00,7.109401071360830215e-01,6.380164241629487920e-01,8.582666165471430908e-01,2.617442955137990190e-01,8.592077481594002641e-01,7.426304441572865178e-01,6.592724918783786636e-01,4.693935569379894535e-01,6.470352600633473283e-01,8.090865826469737510e-01,5.350445013062874455e-01,6.979939680645282918e-01,2.182202192387565076e-01,6.747402381270625193e-01,5.263893491576097095e-01,5.655406610264757106e-01,7.031953827354494591e-01,4.660920656850325305e-01,5.014991801759270951e-01,7.663870052489732965e-01,6.971176599230552995e-01,6.075964262715843889e-01,4.513810553493224353e-01,8.130982714700745184e-01,7.457662336055637109e-01,6.245276714601843970e-01,6.295851284677067561e-01,6.160903312261273301e-01,7.744865548707526859e-01,8.697273950586024149e-01,7.566271487015255870e-01,5.905722191179656466e-01,6.450766401617880064e-01,6.573986091831041101e-01,6.069339518455930671e-01,7.091909093389617835e-01,6.688839173934904014e-01,9.609396902369593541e-01,9.479217533247138450e-01,6.742850190142272160e-01,5.390720978181634537e-01,4.001719921652534540e-01,-1.476060050812583735e-01,9.611548617395333505e-01,4.993944691695292315e-01,4.160564422542898932e-01,5.001169890703488496e-01,6.744873303078817717e-01,8.274703550235432692e-01,9.308986948431485775e-01,7.068147040437340600e-02,6.115179048115345628e-01,8.214569604276685810e-01,5.107336213025269744e-01,2.076380270704837605e-01,2.188268944577851371e-01,2.906941424633653903e-01,4.591352170490278217e-01,5.170854482803436403e-01,6.997455225687868596e-01,7.387744832171746490e-01,4.560994876601051073e-01,7.740604151623413642e-01,9.344504460239112520e-01,9.024512241111924959e-01,3.303398776741062193e-01,8.693028995887830401e-01
