0.000000000000000000e+00,8.818728024807265253e-01,5.384580772133619186e-01,9.113681809651034138e-01,9.175147214250677363e-01,9.849125281333891424e-01,8.746447335359883724e-01,9.921608703725510736e-01,8.067665561889993953e-01,8.082070231690411388e-01,5.690086977380965916e-01,6.317294730083050647e-01,4.437544964604168141e-01,6.683554361074717232e-02,6.992786851915220314e-01,6.586726563860351158e-01,5.760016963430856229e-01,9.452745976254779414e-01,7.785676037400129923e-01,9.033208556621750152e-01,6.095722596073686050e-01,3.556127315695777336e-01,4.368972749949644463e-01,6.199396112849538953e-01,8.207502530465348167e-01,6.405154978502707319e-01,9.046957898328640280e-01,3.662666342578907441e-01,9.419547999788877579e-01,7.665976573724083698e-01,3.223141146817236069e-01,4.389976164858557794e-01,9.312938834100445984e-01,7.763113970618631399e-01,6.098136796734852094e-01,7.124619915534419201e-01,2.248341806203626725e-01,8.776146379363185535e-01,9.627580293073690898e-01,7.517877931669647573e-01,3.304834770418769718e-01,8.290661466888533671e-01,4.815815665811050694e-01,9.349040839673112835e-01,8.012953847760081461e-01,9.759851793695198952e-01,8.355164646156449937e-01,9.831563912538159311e-01,9.955250721778862166e-01,8.158252595685299147e-01,6.752028173786452925e-01,8.311059720044937649e-01,6.325613629123000292e-01,8.709193779855286532e-01,6.238069519174415101e-01,9.678976090694387802e-01,5.877035268126543643e-01,9.152443455129034566e-01,6.553616130719169819e-01,7.891744879799371670e-01,3.241197888813273087e-01,6.729649023179731238e-01,4.867651033428668783e-02,8.091163696967003105e-01,6.241385091892760473e-01,6.191570031711758348e-01,8.863855118977923553e-01,3.150060144762902303e-01,6.346551372390376589e-01,8.643498531274387275e-01,8.750113210675343201e-01,7.703418857876903614e-01,9.724443922918802885e-01,4.409706279830291620e-01,1.979369502560167082e-01,6.308547417337179164e-01,6.522413252124108496e-01,5.227358696780374236e-01,4.439119250841431219e-01,5.520196742653088462e-01,6.319666417900009492e-01,6.352447482611873752e-01,7.435103598910413059e-01,2.129272070024325059e-01,7.533097212738308901e-01
8.818728024807265253e-01,0.000000000000000000e+00,7.519018171203808443e-01,6.905305141710811334e-01,7.889091886343824189e-01,6.924575434154547349e-01,6.618901146082158959e-01,3.463612689729347327e-01,7.322106776514165638e-01,9.133097055039237633e-01,7.460387186454969788e-01,5.142980970515439454e-01,6.303621388010208770e-01,9.259440172028003957e-01,1.350609743976564359e-01,2.207582056450124730e-01,6.329193450782946151e-01,2.824329303787212475e-01,5.713308505700369633e-01,8.941164205646361385e-01,6.757718011168196703e-01,8.331236448351527768e-01,8.722406295802871412e-01,8.562051765266964765e-01,2.291447436673187121e-01,8.956763174944746275e-01,7.563709091409385188e-01,4.851187134066566320e-01,2.115069440874549345e-01,3.678015342666043908e-01,4.712869959584195523e-01,-1.767611168227924412e-01,6.331216995303480255e-01,3.706355721414189563e-01,4.870381017534965995e-01,7.262676921155188925e-01,5.821705375552060913e-01,5.401883694576635753e-01,6.022022721610346130e-01,6.282942822058251719e-01,6.712470186008229200e-01,9.520951170688386478e-01,6.400860514142876490e-01,5.156360372257252633e-01,7.677763117797212766e-01,6.487135107855758198e-01,9.753749814377379312e-01,8.150368972023492864e-01,5.190781472102496963e-01,4.734803608234952055e-01,7.016979038591713014e-01,6.867179429438726723e-01,7.633706313345737238e-01,8.700478761548117168e-01,6.150885154690093337e-01,7.138403631598000398e-01,4.333549279964364342e-01,6.346443092230049654e-01,6.138079653978292249e-01,1.650890944272098149e-01,4.667574700685448996e-01,6.306179292668840919e-01,8.510198687960355279e-01,2.727636810400090872e-01,8.083955582162731801e-01,7.879085201068416477e-01,5.407358729005683484e-01,6.640432770747686231e-01,-6.321507728375058699e-03,8.910405439671394978e-01,6.703729992869948973e-01,3.534321066179857418e-01,5.553334119200563634e-01,6.289745992467420388e-01,3.696352191502057516e-01,5.212796068566662999e-01,9.427180631778263598e-01,9.972667180444406698e-01,5.864684402566372468e-01,2.379174013310191016e-01,7.649199046789528778e-01,8.092953389197395930e-01,9.961101973615560379e-01,6.374478321726655405e-01,9.511156909538352744e-02
5.384580772133619186e-01,7.519018171203808443e-01,0.000000000000000000e+00,3.582473778350135918e-01,6.711803953906079201e-01,7.964448539563049323e-01,6.298241837447896563e-01,8.830971591292466893e-01,8.939088493488654974e-01,6.766258466136966243e-01,5.467279157831503866e-01,6.398808159669022722e-01,6.174673476378234049e-01,7.345127562832227675e-01,1.013004291406364166e-01,6.407316464931558375e-01,7.695266989514883971e-01,7.720206949274426300e-01,7.909896538076934824e-01,8.750117106658649169e-01,7.875623014142745237e-01,7.136857140646559738e-01,8.727679762284842324e-01,2.265540547392814186e-01,6.537889415842861318e-01,2.397974914280539549e-01,9.048280217033007888e-01,9.726529292678656180e-01,7.239781134702344412e-01,3.195555549757407299e-01,2.199531776458421573e-01,8.618619431844618539e-01,8.941277307396016116e-01,1.088462484992347434e-01,4.108796000729739717e-01,2.838060159847127784e-01,-1.431383010504427289e-01,4.790219483109915966e-01,6.006212026593913400e-01,6.060478617554633241e-01,5.959038273203682845e-01,7.189172515573565292e-01,9.743299031544839783e-01,8.996155013461853978e-01,9.119411518349096468e-01,9.534425705444277144e-01,9.645466325098297489e-01,4.240529232839900242e-01,6.940370390203534079e-01,5.213215066168208622e-01,9.029948484654201080e-01,8.918996885485328541e-01,9.886921327214526212e-01,6.856507017950135285e-01,6.567001311853650769e-01,8.953318858443903849e-01,8.995509892070437941e-01,7.930846115514817996e-01,5.700632329302443013e-01,7.077904310542850741e-01,5.633875956298691756e-01,5.975048127445662383e-01,8.317964142005983552e-01,6.902922492314202962e-01,8.370879333560986568e-01,8.114095936669343256e-01,9.515317067871567058e-01,9.239753575338919278e-01,9.243539481519362777e-01,9.190820644442504461e-01,9.019327151008661447e-01,9.882502276476691216e-01,4.903590990481240808e-01,1.838085074249070638e-01,9.254717107369128115e-01,-1.572590549193631781e-01,8.290664581691848944e-01,7.496988364581566033e-01,4.629694480442415050e-01,4.899700429522815259e-01,8.576197938286804767e-01,7.270176877518093050e-01,8.192621305550915611e-01,1.009098699990139542e-01,4.435244747753800398e-01
9.113681809651034138e-01,6.905305141710811334e-01,3.582473778350135918e-01,0.000000000000000000e+00,4.192970206135491346e-02,6.980966154269307999e-01,6.407220104077193668e-01,4.557271068861355467e-01,8.164168372612886637e-01,9.892014039754022381e-01,7.693251674642882509e-01,8.334459797962381344e-01,3.601704591685224721e-01,7.082371229033432858e-01,8.856567898370647507e-01,6.400641926934198533e-01,6.396270871929692348e-01,6.026132407436368688e-01,9.902193906412392055e-01,8.798970543898090302e-01,6.052755748188091145e-01,6.607195421502962684e-01,4.143109196429134444e-01,6.989386200803036076e-01,7.366414343570265588e-01,8.140322884357438227e-01,9.458853541213592120e-01,9.606952342752151930e-01,5.423231158463540091e-02,5.617775811359764226e-01,3.852072119656912985e-01,5.387553045346349379e-02,6.642630701108422908e-01,5.903460669159626972e-01,3.435577347165925666e-01,4.722603158275511803e-01,7.747940349200388432e-01,8.884215857201059885e-01,8.978163831375688408e-01,8.756904810624015489e-01,6.218677293118758387e-01,9.649010691193948830e-01,5.289302417538270795e-01,8.222589861864672001e-01,5.493340088495950457e-01,4.714895040386302694e-01,8.844518741027292963e-01,8.622503609576461781e-01,6.334792662075542369e-01,5.181310414024919986e-01,8.184205292222005435e-01,6.519472524837959249e-01,7.304939510139777381e-01,4.256548580178464158e-01,5.255735437033106638e-01,9.897992018624945931e-01,9.988629528677079872e-01,5.715771298963231439e-01,6.479145342170005151e-01,3.500265204732604385e-01,7.373076161027537490e-01,8.794418186844544794e-01,7.455996256941642697e-01,9.272714829783463841e-01,3.238946652654959291e-01,9.048964609061408426e-01,6.919586067350872449e-01,-3.588725911278037306e-01,8.214087833932879334e-01,2.638473585855702352e-01,4.523990193887746369e-01,7.148090844731670446e-01,5.775227147532695504e-01,5.591807187403059487e-01,3.982867897289362746e-01,6.898679851393613172e-01,7.839842914213104308e-01,7.276215122070630592e-01,6.205338519249106177e-01,-2.765145616700956377e-02,7.068475657442986337e-01,7.015000140026108610e-01,7.380636306995923546e-01,7.438931308957779098e-01,6.955251312407305653e-01
9.175147214250677363e-01,7.889091886343824189e-01,6.711803953906079201e-01,4.192970206135491346e-02,0.000000000000000000e+00,5.352269459668712592e-01,5.442261827228217497e-01,9.123874252394607032e-01,7.993879235599326005e-01,4.958355327025320003e-01,7.611903400615527282e-01,9.769019487691603665e-01,7.431659434834716471e-01,6.111343484398211734e-01,9.283540034268449315e-01,7.624310804097313987e-01,8.778344300963648594e-01,7.485101743349724668e-01,9.474289844700201080e-01,9.294847123124583277e-01,9.497008767641580418e-01,9.010960418379895254e-01,7.387469159353260428e-01,8.588314950356976674e-01,5.791508473900454090e-01,9.616606079358658299e-01,3.674645142623828020e-01,9.546122860589917325e-01,4.921454125030769733e-01,7.925207261207317666e-01,4.649494157812130712e-01,7.587625853593027436e-01,4.255890910101967628e-01,9.221854033067914402e-01,4.931567567034851884e-01,7.905183788136269651e-01,1.356674997636437285e-01,5.179569705249967848e-01,9.547329958609207523e-01,6.737038155503414227e-01,2.326818768564085371e-01,1.629779064700047631e-01,7.390076757968241372e-01,7.882946433282247423e-01,7.505721099141725583e-01,-1.498175663258619061e-01,9.273152142398888298e-01,8.871820762365744129e-01,7.155047250948853854e-01,9.103773768847148729e-01,7.024597354442927433e-01,6.450384899584679088e-01,9.549080388792133833e-01,8.481177595062402430e-01,8.172483062089658246e-01,6.207363062956154920e-01,7.796992282605341718e-01,9.177020346606480361e-01,6.327611138821290782e-01,5.878574169771284552e-01,5.235400337670464976e-01,5.042154610396518688e-01,7.923799384933952750e-01,9.077894395297313457e-01,9.875683225928544307e-01,7.337625837681807095e-01,9.106684828864700654e-01,9.857503340000819403e-01,6.245520748215368512e-01,6.868822433816734740e-01,5.419756167861632390e-01,4.772311007168276720e-01,3.106284682421424082e-01,5.051124633186833135e-01,2.130538082139829259e-01,6.283261888791165095e-01,8.820612065680256686e-01,4.188339727489372999e-01,6.470322023662360145e-02,7.024057128885700940e-02,5.858352341257254681e-01,7.391944478451646372e-01,9.531161821725676608e-01,4.015454131129717608e-01,6.781160599679805223e-01
9.849125281333891424e-01,6.924575434154547349e-01,7.964448539563049323e-01,6.980966154269307999e-01,5.352269459668712592e-01,0.000000000000000000e+00,4.680449718482291299e-01,4.590021075292359254e-01,4.387656321193204034e-01,7.868063063551089531e-01,8.382362641725245034e-01,4.109868021868527399e-01,6.371674860658993467e-01,4.593616025682636939e-01,7.611202764885364180e-01,5.965343527435964521e-01,7.335597201651931076e-01,8.133978232052003765e-01,7.830740571149693574e-01,8.977363766078793050e-01,6.469809838082347664e-01,6.697517537087968043e-01,8.759962633888699335e-01,8.703410188587444862e-01,7.094368790277741921e-01,3.859577179907924815e-01,6.355526592806773900e-01,7.745055340960693702e-01,5.715859341065876453e-01,4.377718391904171225e-01,4.152385536995914506e-01,2.443622798932198470e-01,4.382532151880350058e-01,8.773193629143856143e-01,8.824671033365898420e-01,3.609388405307849546e-01,2.654220276115651922e-01,8.544834404264355365e-01,9.491996466377916608e-01,7.953203293788806416e-01,7.678527821293742450e-01,6.831411907582352061e-01,2.577048752561631462e-01,6.605554211023091371e-01,9.018133469376128364e-01,4.521833534718781578e-01,8.876630614679845710e-01,2.611674933824606470e-01,7.095556727973260092e-01,2.929877762927006746e-01,5.406811686199511913e-01,6.926361211494118653e-01,2.434226948468818374e-01,5.635430220755311970e-01,8.239318209627047862e-01,9.761364062367445804e-01,7.320328071408146453e-01,9.684225723944777098e-01,9.692954313366020092e-01,4.775060748216411466e-01,6.236086736094327287e-01,7.285258208570841720e-01,8.328011495533035324e-01,8.530752512828417844e-01,7.238254742963827759e-01,4.330229864978135668e-01,7.826933026611684330e-01,9.967376047833478303e-01,7.496303149097779395e-01,8.585282712605014632e-01,5.213446977922012726e-01,5.525732814969304130e-01,2.619060170608024096e-01,6.267759333510897202e-01,4.931978438808251042e-01,7.576016986319042967e-01,7.114912562071601387e-01,4.893637981555846173e-01,6.844011929446461862e-01,2.627573044528751511e-01,2.332643540739060550e-01,9.430355704979018761e-01,5.827786862906775278e-01,5.477258212324468412e-01,3.678150082924543929e-01
8.746447335359883724e-01,6.618901146082158959e-01,6.298241837447896563e-01,6.407220104077193668e-01,5.442261827228217497e-01,4.680449718482291299e-01,0.000000000000000000e+00,5.981853895299032997e-01,7.685097732724337494e-01,5.536221924648798698e-01,6.432541141840942833e-01,3.481661488518479342e-01,7.844809708789113323e-01,5.728893341667810057e-01,3.204473319528865494e-01,6.787575967536390031e-01,7.172917820220309215e-01,5.305621931754191944e-01,6.381882659662236890e-01,8.589940076017560378e-01,6.148042565750515553e-01,3.359992866220771202e-01,6.044659513143068041e-01,9.147554076751769347e-01,6.033283773108851777e-01,5.122742089477858585e-01,9.723733366397562250e-01,7.196049889716886749e-01,8.939146937903744705e-01,3.682506270788669100e-01,7.338351960787042882e-01,6.230425295444720346e-01,2.165958255432647861e-01,8.456843824221534911e-01,6.267488003771025662e-01,6.900149267408136611e-01,8.914964755233168586e-03,7.350596351409277585e-01,9.680569954965245749e-01,4.480439701626351967e-01,4.757988798152144594e-01,3.384097661155155423e-01,6.068035133052492869e-01,6.812540247316624109e-01,5.408457712271875772e-01,7.576054184448647311e-01,7.668054377642109509e-01,4.159313417381040878e-01,-1.267647112711522417e-01,7.911680417995783365e-01,5.486218250774954619e-01,7.088298815720691648e-01,5.893750931009069660e-01,7.521866217776220775e-01,9.692027551916774231e-01,8.612486005061588124e-01,6.019216094605481793e-01,7.058905720557568930e-01,5.011093169201866759e-01,7.400958647487522191e-01,5.857116356539254776e-01,7.174962635813302292e-01,3.945652450348092199e-01,8.636151917846220938e-01,9.112312616601370152e-01,6.027765557497595239e-01,6.194770025103706335e-01,8.966518872727572420e-01,7.689053773822589477e-01,1.120066237686693500e-01,3.029281133164214435e-01,6.992050633832735951e-01,5.437191741181850446e-01,2.732685719231977561e-01,4.089570010452530657e-01,7.445146713292832841e-01,7.615396644496043033e-01,2.962900864582230231e-01,7.989967403325031192e-01,5.230837010390162467e-01,3.207072963498573959e-01,9.719779472720782021e-01,-9.210006281360824665e-02,2.872958612602722339e-01,9.943959614737281072e-01
9.921608703725510736e-01,3.463612689729347327e-01,8.830971591292466893e-01,4.557271068861355467e-01,9.123874252394607032e-01,4.590021075292359254e-01,5.981853895299032997e-01,0.000000000000000000e+00,5.595959140087444217e-01,6.395914300004706954e-01,7.043064977077774236e-01,7.463750779138296210e-01,7.061089352717242473e-01,5.922422460324683335e-01,7.779371564032372399e-01,6.648196107624364526e-01,6.029258939596913169e-01,2.537631670916392079e-01,8.717761912689615533e-01,7.364970283564322706e-01,6.194906954140275701e-01,7.577638954031142848e-01,7.265459464101396980e-01,6.640210713284330213e-01,4.090554025054808363e-01,6.353181609573865796e-01,8.141259078803309013e-01,6.507548075204068194e-01,4.919593527991896753e-01,8.767706508773683849e-01,3.093345945091712235e-01,5.540157061717935205e-01,7.478877489392168343e-01,4.329300767000530126e-01,7.536991488142223972e-01,9.623784099261776248e-01,-1.144141576911186786e-02,4.866295751604750031e-01,7.099828790398540201e-01,7.903149450805426746e-01,-9.907776415274680004e-02,6.798370296772596744e-01,9.823805892837136344e-01,4.096508188996411115e-01,6.170076875653555115e-01,9.367214691182661479e-01,5.294384885672629437e-01,3.978896614915217178e-01,6.976496612544575981e-01,4.528626216032219376e-01,9.696721742092265783e-01,6.654901402468353933e-01,7.408544869521532794e-01,5.287473842447818484e-01,9.352928172198372581e-01,3.316176971932700557e-01,9.724358650008391169e-01,6.727080901288658155e-02,7.897007177445447557e-01,2.258274640831779423e-01,1.068672281900245880e-01,6.630742340016632097e-01,6.769927836899141127e-01,8.658204969739385914e-01,7.446766504527964070e-01,3.948422491803633694e-01,9.272280549495693913e-01,5.332944734420856925e-01,6.543645047093660239e-01,8.843309901758240610e-01,3.819239486240166848e-01,9.732873961102412874e-01,5.441821235253139211e-01,5.941345018777748344e-01,6.042683221703071261e-01,5.618983679040130408e-01,9.842915792723325730e-01,6.745732752418565070e-01,5.031953388371477320e-01,-1.903786371419817214e-01,4.409036672808002710e-01,9.188254339328193465e-01,7.360184785003814900e-01,7.005704884260872678e-01,7.246600407542502786e-01
8.067665561889993953e-01,7.322106776514165638e-01,8.939088493488654974e-01,8.164168372612886637e-01,7.993879235599326005e-01,4.387656321193204034e-01,7.685097732724337494e-01,5.595959140087444217e-01,0.000000000000000000e+00,6.041755310243218657e-01,6.902511275203825347e-01,9.717485034801425225e-01,3.579683183082706388e-01,5.789689269121689463e-01,9.268050462530206257e-01,8.122330076079321559e-01,8.292793445754164106e-01,5.671679064927661607e-01,7.239453850901023113e-01,-9.465986286966562857e-02,5.338736472094557373e-01,9.451874073341770544e-01,7.359351093999233484e-01,4.916381147738780877e-01,6.752482978105970313e-01,7.707619911731447004e-01,7.446866270414991273e-01,7.118121899083144077e-01,3.782004205124734897e-01,7.564901030260644532e-01,5.610897813080402419e-02,2.991175728887960350e-01,7.508701113624085544e-01,4.207942413814950156e-01,5.535147434026097546e-01,3.112870628511615889e-01,3.332799917183675298e-01,6.966899266458939088e-01,5.629087646867327877e-01,1.877819227622337939e-01,4.536977543113278610e-01,6.783338627117488917e-01,7.268438132486687575e-01,8.156167980068479428e-01,8.767873511462365155e-01,6.772881832859216633e-01,5.193864400401604353e-01,8.956409468904193982e-01,8.207488050276674496e-01,6.536803157409727394e-01,4.274903034389923029e-01,8.901006073814320407e-01,4.876137759351751311e-01,7.738603650524871203e-01,9.086922449881089658e-01,8.731892352667799395e-01,8.009495867903491106e-01,9.291004361446353332e-01,9.418665278733431290e-01,2.588981533421124206e-02,3.309573537827085188e-01,4.496378593799045253e-01,9.213198416995181939e-01,8.665021396206729065e-01,9.093038844054178726e-01,6.621072993413116281e-01,6.028231991160778458e-01,5.675240177285870713e-01,6.475850127193483186e-01,5.376379567809499438e-01,8.358338664942240870e-01,5.679420843371136840e-01,8.509120200214693730e-01,4.529128304566508723e-01,4.829747696510081068e-01,3.256003765686008022e-01,8.734260742818741319e-01,6.268098332210290113e-01,-4.777909463949625568e-02,3.780271814928102408e-02,2.252480542687710086e-01,9.071460445292319763e-01,9.538166246389554459e-01,2.811244497901755346e-01,7.117639777208377705e-01
8.082070231690411388e-01,9.133097055039237633e-01,6.766258466136966243e-01,9.892014039754022381e-01,4.958355327025320003e-01,7.868063063551089531e-01,5.536221924648798698e-01,6.395914300004706954e-01,6.041755310243218657e-01,0.000000000000000000e+00,4.569354339214498073e-01,4.825952647667815509e-01,6.801663929506482908e-01,8.552114142654078099e-01,8.911631867586790046e-01,6.972153049829314941e-01,2.331045437181399893e-01,8.835883473562308188e-01,4.393297257787274757e-01,5.637270974988053407e-01,7.253569257186168739e-01,7.521966533979744796e-01,6.320212518856450634e-01,7.599135491000515996e-01,-1.433601624047132206e-01,5.528897678213093858e-01,6.127747146347048979e-01,7.006242179885522336e-01,5.028502028023441595e-01,5.121010511819020783e-01,2.632651212241557959e-01,6.711221763946411123e-01,7.249717844165803893e-01,9.126302160251427154e-01,7.735843116711437206e-01,1.673332290886384716e-02,2.712168074792851713e-01,7.956621131663215163e-01,8.925687322921238565e-01,6.301030080638536646e-01,2.728788547149580967e-01,9.262837542422024395e-01,6.001091764106215587e-01,3.799407013278727208e-01,9.739614960668295796e-01,9.901477957886806874e-03,6.676305915267615188e-01,6.963246020299586059e-01,4.378489413006657616e-01,7.130450113660327105e-01,9.028398610652433876e-01,7.898187227503455921e-01,4.360737203782621418e-01,6.536376799488787803e-01,9.560007601487066076e-01,6.220695490763636926e-01,6.184070424391100440e-01,6.725562640718107943e-01,7.504402507010118351e-01,5.148273361717055074e-01,2.632273168780738803e-01,7.490893325333526365e-01,4.268463484341566971e-01,8.568679669907216523e-01,4.376153133890701707e-01,5.259948316727190987e-01,3.776398928984112668e-01,8.542005071224373358e-01,6.014838123591368380e-01,2.992524944621271499e-01,8.852509283619409697e-01,7.320031873931061028e-01,6.272503212232707348e-01,7.668532635678223519e-01,3.667622884226423574e-01,7.325745567311924278e-01,7.223386690299092860e-01,9.538792144237897563e-01,4.534779694534974426e-01,2.443335095770244325e-01,6.970311132579870561e-01,6.376057458617288010e-01,7.716233468668172168e-01,5.255896106276848334e-01,4.998842948457591917e-01
5.690086977380965916e-01,7.460387186454969788e-01,5.467279157831503866e-01,7.693251674642882509e-01,7.611903400615527282e-01,8.382362641725245034e-01,6.432541141840942833e-01,7.043064977077774236e-01,6.902511275203825347e-01,4.569354339214498073e-01,0.000000000000000000e+00,8.727497255997344050e-01,9.837075246823758778e-01,7.028574863331205069e-01,6.084303956783891909e-01,1.022238084752797732e-01,8.786926462061321885e-01,5.580047909455894128e-01,4.658747844263801396e-01,8.955599361234147793e-01,8.384949386912040614e-01,1.796358281346583374e-01,6.837252478283518675e-01,2.778989088466015112e-01,9.051108360606652248e-01,7.987410130095244920e-01,8.344220964546387176e-01,9.147287964605028687e-01,7.333251464055552393e-01,3.843298057997014960e-01,1.243663188240262257e-01,-5.705549282075714213e-02,7.849492559586779272e-01,9.257985593944750846e-01,6.415068157666384829e-01,7.138772712488341554e-01,-1.167241414043268949e-01,5.240506829623170493e-01,6.307224023073758623e-01,6.886380011393753442e-01,3.969291435993634320e-01,9.333522222792605127e-01,2.141827767487030632e-01,2.289558218045796567e-01,8.797098233594321526e-01,8.560085110663965269e-01,5.695340438055974674e-01,6.026298447608305908e-01,2.286992751852513772e-01,5.594667263721133654e-01,7.816948616230314784e-01,5.713443849945841757e-01,6.813876301572059369e-01,8.242029869512483842e-01,8.679645589232715119e-01,4.038195153676305549e-01,3.350794423718490567e-01,7.159135322786386313e-01,9.482328764405697497e-01,7.234995245433484268e-01,6.091604336925676710e-01,4.801922023174134968e-01,6.496599679818774176e-01,7.346344390573718020e-01,2.271523825905827076e-01,7.807034759758317843e-01,1.663864588627367580e-01,4.068758850374279423e-01,4.677357963784313233e-01,8.437877262355658603e-01,7.908628108304668336e-01,6.321536611175058162e-01,3.108164904025701447e-01,2.179564008017961241e-01,6.698484880585058310e-01,9.008274584336355417e-01,2.794243893463147499e-01,7.655712399423697523e-01,3.167906484053613358e-02,3.714037421686288143e-01,5.448570975052974275e-01,6.729932190700506078e-01,8.935679044274544847e-01,6.635306734474509804e-01,8.259959762127838667e-01
6.317294730083050647e-01,5.142980970515439454e-01,6.398808159669022722e-01,8.334459797962381344e-01,9.769019487691603665e-01,4.109868021868527399e-01,3.481661488518479342e-01,7.463750779138296210e-01,9.717485034801425225e-01,4.825952647667815509e-01,8.727497255997344050e-01,0.000000000000000000e+00,2.747926353580787961e-01,4.316031957433664745e-01,6.154113738732436278e-01,8.997017286422994697e-01,8.078201162952326486e-01,6.517616065212569199e-01,5.868751662148653514e-01,2.646338487625901070e-01,9.671917935825001811e-01,3.933264833538329674e-01,8.673534111630725185e-01,9.237917762559006984e-01,7.920088430528202661e-01,3.297928242250779407e-01,7.299547026325685639e-01,9.054378430639555830e-01,4.364379554361172975e-01,6.549060801128577802e-01,9.848808531685069312e-01,7.087947353282663121e-01,4.462272217046649447e-01,7.332010282249814548e-01,7.779205002455392703e-01,6.831246291585510999e-01,5.914587361312870772e-01,7.929330798123008783e-01,7.594677017352274850e-01,7.005870205619212365e-01,2.942596278576622426e-01,5.968109777124837034e-01,1.450647805275716296e-01,8.597416675568262390e-01,4.500126517808538673e-01,9.294798746530695821e-01,6.607921721615339639e-01,9.340831406539497062e-01,3.639671125200231172e-01,9.448950014687284016e-01,8.284053969101111414e-02,3.808147017128686862e-01,8.093747577387985226e-01,6.390764631497760639e-01,9.964309926411661911e-01,5.726954504100744137e-01,3.544210630678987783e-01,7.463668503888395422e-01,4.922056563241786753e-01,2.282443687859171400e-01,2.189750572904551329e-01,4.764345035755134794e-01,6.207206230452639861e-01,8.103885162156444499e-01,9.040151715439934677e-01,5.867975233248986511e-01,8.523479335732329076e-01,8.189905479265852106e-01,8.480416636119753049e-01,6.750412136535478558e-01,9.732803667521208180e-01,6.759610527749778663e-01,5.708095185752327660e-01,1.732992755046204314e-01,7.448521355471223737e-01,2.210856655494090051e-01,7.033607664743528609e-01,5.676381700335036973e-01,1.001048166072856099e-01,5.307082148604500560e-01,6.099609570059379982e-01,6.443836991580327300e-01,8.937882016921238071e-01,6.632255752439067953e-01,8.343605032523959686e-01
4.437544964604168141e-01,6.303621388010208770e-01,6.174673476378234049e-01,3.601704591685224721e-01,7.431659434834716471e-01,6.371674860658993467e-01,7.844809708789113323e-01,7.061089352717242473e-01,3.579683183082706388e-01,6.801663929506482908e-01,9.837075246823758778e-01,2.747926353580787961e-01,0.000000000000000000e+00,8.910829253883032486e-01,6.462753597283769080e-01,8.013577297482192829e-01,9.191118650056626649e-01,6.079452041995826450e-01,5.509254669817162942e-01,9.566516405844410764e-01,7.345299626054999642e-01,6.679605898407876552e-01,9.416273030699685576e-01,5.877755651792950786e-01,5.333228657406348105e-01,9.172017228350415330e-01,8.437885441771163508e-01,6.602941975630666205e-01,-9.005951452635171939e-02,5.398541500666135251e-01,3.366028808323467403e-01,2.255545834283406992e-01,9.217149404639675137e-01,9.886960760750158617e-01,5.701847603214700300e-01,2.197529865290165363e-01,5.209984425502680594e-01,9.582634980117401557e-01,5.225112329258219113e-01,6.699983366302217913e-01,7.620945700407925072e-01,6.449234975063180553e-01,5.539354243261028765e-01,4.582025775401183387e-01,7.807097054017886339e-02,7.777925988497588206e-01,5.057301113975924967e-01,6.543065505478403709e-01,6.787559678074492897e-01,8.319203982889715743e-01,8.645160429305510652e-01,9.280708423191843526e-01,7.015836488114447489e-01,7.875863565504809261e-01,5.645389500282264050e-01,6.921435160326772085e-01,9.404649784321581496e-01,8.463709488647177537e-01,7.970843491264283376e-01,1.888828266305699888e-01,2.502202580665524589e-01,6.017401096227801283e-01,7.918952423626117731e-01,9.640266845266551865e-01,8.525283318405139088e-01,9.231786303371871671e-01,9.653998710645106396e-01,5.024769271178687324e-01,4.580047368782296235e-01,9.860248774515469883e-01,6.392241866571150011e-01,5.791140464370260199e-01,5.337664499280916353e-01,5.660129075373085961e-01,8.240366411909563760e-02,7.980539328046454273e-01,3.739231440682703189e-01,8.226250790959891424e-01,3.348467145766125252e-01,7.437927621250646215e-01,7.327289036401253286e-01,9.685764548332631563e-01,8.339225437277916209e-01,6.782874979515078895e-01,6.435439835548261156e-01
6.683554361074717232e-02,9.259440172028003957e-01,7.345127562832227675e-01,7.082371229033432858e-01,6.111343484398211734e-01,4.593616025682636939e-01,5.728893341667810057e-01,5.922422460324683335e-01,5.789689269121689463e-01,8.552114142654078099e-01,7.028574863331205069e-01,4.316031957433664745e-01,8.910829253883032486e-01,0.000000000000000000e+00,9.419397119065779922e-01,6.722806366519105126e-01,9.363456066609715522e-01,1.503967217054049711e-02,8.173037550801784956e-01,9.052254111782986890e-01,9.543371888854496055e-01,7.027541126009199113e-01,6.817983157313185494e-01,5.326010813790409415e-01,2.704335048557029442e-01,8.926001536860938002e-01,8.837942460041918746e-01,6.478829694789945970e-01,4.609142964682173549e-01,4.530452496334292922e-01,8.747713466646987734e-02,4.257324824926427276e-01,4.532146113271950383e-01,7.600316146408745421e-01,4.044756151581174741e-01,9.514680031411595351e-01,5.148404841655751518e-01,4.631278543062000708e-01,4.647332629460999565e-01,6.748963650987813701e-01,3.521482971326432287e-01,6.090421994177165343e-01,6.761121292796850035e-01,9.163292468574376626e-01,5.038090379510116179e-01,9.579803833372836364e-01,7.334578024811415631e-01,9.690035879689711251e-01,7.397439262637468538e-01,8.673783076200342057e-01,4.806656648418828337e-01,9.069398568690663076e-01,7.544778042165428689e-01,9.798691804300838637e-01,9.617652791694067949e-01,9.772600647354050540e-01,8.723642600155311344e-01,8.248660229256790100e-01,8.605788897084525324e-01,3.353945638451915068e-01,7.224390952009761280e-02,7.828259736824366710e-01,8.465442632371220633e-01,7.387935043442390715e-01,8.551091610425149980e-01,5.866190017334070861e-01,4.501064045586368190e-01,9.254368019922785127e-01,3.043859044422940197e-01,5.173061824285215549e-01,8.636496012951805357e-01,3.860284062020400420e-01,5.212738544696225995e-01,5.388285772282090935e-01,5.467195418600107049e-01,6.940156962835797305e-01,9.811574805767228069e-01,4.175398494360642032e-01,5.790157584266424351e-01,7.834075735611367719e-01,9.478039224126851847e-01,5.052779891680639901e-01,8.057144524198712743e-01,9.106891460725410337e-01,8.131835210142902559e-01
6.992786851915220314e-01,1.350609743976564359e-01,1.013004291406364166e-01,8.856567898370647507e-01,9.283540034268449315e-01,7.611202764885364180e-01,3.204473319528865494e-01,7.779371564032372399e-01,9.268050462530206257e-01,8.911631867586790046e-01,6.084303956783891909e-01,6.154113738732436278e-01,6.462753597283769080e-01,9.419397119065779922e-01,0.000000000000000000e+00,4.241855418325832794e-01,9.393369927765752303e-01,7.929192372444181514e-01,6.928745118987982288e-01,6.713891540839764804e-01,5.680608053909007582e-01,6.496201176679257117e-01,5.615096818895337627e-01,5.795454012713875391e-01,3.357890616482399615e-01,1.884388313608164889e-01,7.023189653046872927e-01,4.499794645532497195e-01,6.655930920502166614e-01,3.469544488474134436e-01,5.646792980282766550e-01,4.056794348972235786e-01,9.904149345951481775e-01,7.255734250224936677e-01,6.731547754505936565e-01,6.395292203529554520e-01,2.388258807846041221e-01,7.130193490086080832e-01,9.428834351064552255e-01,2.491299889689373159e-01,2.608629293751534850e-01,9.845369280977659399e-01,9.304856039322479955e-01,6.751575463000539790e-01,4.593751673755660514e-01,8.628780588056635947e-01,3.438299884611835111e-01,7.812030160640974774e-01,6.316121213594025896e-01,7.447858459864321601e-01,6.900458443251189511e-01,7.862428753486335742e-01,7.216805757811637356e-01,4.318649939106302682e-01,7.763283801559962560e-01,7.334811322298118164e-01,7.926946551029880883e-01,5.246782950580476390e-01,9.157669364356820774e-01,5.047869972465161004e-01,-8.980049116357380345e-02,8.914843130885466982e-01,7.608795468171910548e-01,6.598369325060258195e-01,9.538425076025336402e-01,5.745065855389073217e-01,6.908679312748771117e-01,7.397367196641804199e-01,4.617434450469467544e-01,5.754056383405405928e-01,6.353957587706086929e-02,9.418502468908980241e-01,3.324170407564984164e-01,7.212100239568419724e-01,6.903472303183066927e-01,9.254398181033972604e-01,9.380930393502842080e-01,9.740497104722619648e-01,6.975674638861195653e-01,2.107055370917735038e-01,5.077175058713289113e-01,9.226026094941390809e-01,6.917694776210857599e-01,7.591902029851975708e-01,1.446088642413840934e-02
6.586726563860351158e-01,2.207582056450124730e-01,6.407316464931558375e-01,6.400641926934198533e-01,7.624310804097313987e-01,5.965343527435964521e-01,6.787575967536390031e-01,6.648196107624364526e-01,8.122330076079321559e-01,6.972153049829314941e-01,1.022238084752797732e-01,8.997017286422994697e-01,8.013577297482192829e-01,6.722806366519105126e-01,4.241855418325832794e-01,0.000000000000000000e+00,7.272013346783727794e-01,7.344392241953944245e-01,8.179501748308939391e-01,8.370544870565542750e-01,3.866584554132566076e-01,6.094874985695117875e-01,7.575579871278594890e-01,7.653961070390657984e-01,4.134374246651573159e-01,8.896591005840217559e-01,6.392955802974317203e-01,5.632563604205211849e-01,6.737673291430190670e-02,4.494386617149772056e-01,3.693163332268243337e-01,6.378408824851958814e-01,5.708339269854407760e-01,8.801660158049411375e-01,7.798096957045692612e-01,3.025743773708489126e-01,-8.697007084832154844e-02,6.663813489582799399e-01,8.901143282003630697e-01,8.100518133303995505e-01,9.751058454279035725e-01,4.173583293340116240e-01,7.743760618739867763e-01,8.323424743696037353e-01,8.885315023171591609e-01,6.665696453609848415e-01,6.583252889530831764e-01,7.591764154116167340e-01,5.485715692990644765e-01,8.702501205169540510e-01,6.407040104873775732e-01,7.500012423595726618e-01,5.731594965980204570e-01,6.845709810089533054e-01,4.377854802702412229e-01,6.876381632333934402e-01,6.687742288877942531e-01,8.723339381404814352e-01,7.162350195819064957e-01,5.722997376822135385e-01,5.449137454188486274e-01,6.301647493143008871e-01,7.634058764170132960e-01,4.934384926489560064e-01,6.236156174033069544e-01,9.017754455279314296e-01,7.192890517703067754e-01,8.220642409339743439e-01,9.116349575270352723e-01,4.213064683556184686e-01,6.793824699758062025e-01,4.841491806833351230e-01,1.665469182475020349e-01,6.312300381138593597e-01,4.418075519266804752e-01,6.681059153792052729e-01,4.056050857925711517e-01,2.356395510243296243e-01,2.262753953522054357e-02,3.406916863007762863e-01,3.021518200060853143e-01,7.045984157366171896e-01,9.559841089610828790e-01,5.100863030965295808e-01,8.455428128374768981e-01
5.760016963430856229e-01,6.329193450782946151e-01,7.695266989514883971e-01,6.396270871929692348e-01,8.778344300963648594e-01,7.335597201651931076e-01,7.172917820220309215e-01,6.029258939596913169e-01,8.292793445754164106e-01,2.331045437181399893e-01,8.786926462061321885e-01,8.078201162952326486e-01,9.191118650056626649e-01,9.363456066609715522e-01,9.393369927765752303e-01,7.272013346783727794e-01,0.000000000000000000e+00,4.516779127747839739e-01,4.331877957129868228e-01,7.372880284279941243e-01,5.742497084874418345e-01,8.167224248202910042e-01,6.373485278066759463e-01,6.070377712856608321e-01,7.913393573029404715e-01,4.055616268593116303e-01,7.490071960922112249e-01,4.643885191165672555e-01,9.193132488435286076e-01,5.582048164340247531e-01,2.838621171884133654e-01,6.646540897350743382e-01,9.789752306858650055e-01,9.572784087087977678e-01,7.293512653658296152e-01,4.910079073946815864e-01,4.248861703946273938e-01,4.459210433872320967e-01,4.966062193809328007e-01,6.579626292464406667e-01,3.414896100492346154e-01,6.253800487122918028e-01,9.675513581498598192e-01,4.712361280797657814e-01,5.837620194654881134e-01,5.428048069049917768e-01,1.648195016367069443e-01,8.028069687528174292e-01,9.181336405886200147e-01,9.122716050498032025e-01,8.015259641561099935e-01,6.550505243961820545e-01,6.248671538132152259e-01,8.592749344849137660e-01,6.698770772094458925e-01,7.103614422692718922e-01,6.059033249120530096e-01,7.803950181493238825e-01,8.261707889277613015e-01,7.778749526606716369e-01,4.835975879273214928e-01,5.313109583321834473e-01,6.331742962716830903e-01,5.836026334892616685e-01,7.408340798458932230e-01,5.054008758635384346e-01,5.974540591301620296e-01,6.972488954134156147e-01,1.196665651453667212e-01,7.854935230988054906e-01,6.155948394593486750e-01,6.061133087432584166e-01,6.202569603703637080e-01,6.271422116617476616e-01,7.373773789504115550e-01,9.282508456116912443e-01,7.841979061113335536e-01,8.281143648765032506e-01,7.275677705613172730e-01,2.166404250189427061e-01,9.835013451237426541e-01,2.006545347883320063e-01,9.092979983810964839e-01,3.058976435238631719e-01,9.656440485587913791e-01
9.452745976254779414e-01,2.824329303787212475e-01,7.720206949274426300e-01,6.026132407436368688e-01,7.485101743349724668e-01,8.133978232052003765e-01,5.305621931754191944e-01,2.537631670916392079e-01,5.671679064927661607e-01,8.835883473562308188e-01,5.580047909455894128e-01,6.517616065212569199e-01,6.079452041995826450e-01,1.503967217054049711e-02,7.929192372444181514e-01,7.344392241953944245e-01,4.516779127747839739e-01,0.000000000000000000e+00,3.210002660761969162e-01,8.821738762756431429e-01,5.964685854044609048e-01,6.255694818831095683e-01,6.870139088159528118e-01,3.225960281414246289e-01,7.362868000747420094e-01,9.472127733031409091e-01,9.557260671810284824e-01,8.786458011064085527e-01,2.903833684357428613e-01,2.587393128034639056e-01,4.144835059832536750e-01,6.971559377098626720e-02,9.132968249375851277e-01,8.416175993471332051e-01,6.547048291226635897e-01,5.267766684847717817e-01,6.354958539477997270e-01,9.580541879553392537e-01,8.852691349243857477e-01,6.796493578767792698e-01,1.488676880018169335e-02,7.622491820511648752e-01,9.035702752238744528e-01,7.147270611356784098e-01,7.160575588275247538e-01,6.791445021324595821e-01,2.470526313969878540e-01,5.538234191682083196e-01,7.764010543172875645e-01,5.475962322235510271e-01,7.328873565826228287e-01,7.296375059960639176e-01,9.800244617455259322e-01,7.430011780132615984e-01,6.222286006327655272e-01,7.664128457520048565e-01,4.546017030009510962e-01,8.913102776705316144e-01,3.540596789616138329e-01,3.796005412184818018e-01,6.486015548412722431e-01,5.192642223246660693e-01,4.600180696392993651e-01,6.150676098669908276e-01,5.047853489610845124e-01,8.497492983655228205e-01,5.719118521257395837e-01,3.275068396163142159e-01,6.797889003367599825e-01,7.847025900011519450e-01,6.005502486856634237e-01,5.449022242540706440e-01,6.291598070771908802e-01,5.912362015116798819e-01,9.251937158473538814e-01,9.319360751516448937e-01,7.289448602333562510e-01,3.411855926818407880e-01,3.728514676131216010e-01,4.791313129522610792e-01,6.775878747048768025e-01,7.740929664494381468e-01,8.289059706595115484e-01,6.584388283205693249e-01,8.717041569167202075e-01
