0.000000000000000000e+00,9.766827033056029173e-01,8.566656676332623510e-01,2.145908398122100547e-01,6.028314661325481216e-01,8.967909766362825996e-01,9.174727623254003150e-01,7.544050990758293107e-01,8.832557330926791295e-01,9.480934542386414421e-01,9.599060871576275966e-01,9.172982943783779541e-01,9.176954570642704700e-01,7.862953218430659419e-01,9.009924105210903589e-01,6.409992150144059320e-01,9.797787929693883013e-01,7.085759199702778011e-01,8.097570610478923570e-01,6.901277882381084972e-01,7.256763884449115576e-01,3.714346513251344239e-01,9.320340248504423997e-01,9.744326169672081761e-01,7.160682890462494177e-01,6.688303462781504116e-01,3.237287388560303736e-01,7.235659691524920500e-01,5.522036706001608453e-01,2.750405066535639431e-01,3.752760476770996556e-01,9.991497673184868145e-01,8.668253657684071856e-01,9.635655380255594427e-01,2.813127318767057461e-01,2.586455461108700948e-01,5.713913395931149442e-01,3.704490679855118040e-01,9.496833080268887173e-01,5.889468674007566351e-01,2.309518996266634872e-01,8.567680708939441336e-01,-1.582054634140929728e-01,4.302658067759511651e-01,6.815114409945384200e-01,9.450401473799667773e-01,9.068261948666503924e-01,8.976023568035149669e-01,9.005056347345635759e-01,9.453425467717948560e-01,8.179325168801931945e-01,9.892231125286732318e-01,5.169150081064440849e-01,3.581195526842259058e-01,3.350718707938091789e-01,6.063640622184800488e-01,9.491677890589023114e-01,7.012903121351228286e-01,3.222170194938045462e-01,4.684480378073319073e-01,5.630933185718155487e-01,7.812961203034332058e-01,6.681812123505821432e-01,5.159013785411136199e-01,6.823556674728379345e-01,2.717972899215630456e-01,3.924161493115767563e-01,8.260228453772187063e-01,9.145022691763254885e-01,6.369504167415782625e-01,7.410158158902153680e-01,9.726536540927031016e-01,4.416297596945222836e-01,5.542519732929871434e-01,5.648319387277310755e-01,2.545998109313487578e-01,8.918353762460098366e-01,7.471128229765560125e-01,5.795062273572054723e-01,3.342886958784765938e-01,6.277632554241007190e-01,8.651346024768856724e-01,6.148383112562513242e-01,2.562283129822047756e-01,9.673802770074692026e-01
9.766827033056029173e-01,0.000000000000000000e+00,9.573139744712448884e-01,3.321399981807082735e-01,6.525185155471358023e-01,7.749391754894735529e-01,-2.980309791538426900e-02,6.861167483745360673e-01,5.213565110166588079e-01,7.572555654344725884e-01,5.725975439912571741e-01,9.516092459845058027e-01,8.538632436900771561e-01,8.714663276955005866e-01,4.693456180465158667e-01,6.082585710235295373e-01,7.768798280890227836e-01,7.352277402758475855e-01,9.223479270919958672e-01,7.378266202263290552e-01,7.956730973696793940e-01,3.421112396778428488e-01,8.411776247751032720e-01,4.416186124024419346e-01,6.823759441093276701e-01,4.784877994892637321e-01,4.268248191820840365e-01,4.357570872540671436e-01,3.952308606354894005e-01,6.129319742473914312e-01,-6.410669772593330373e-02,9.879120118473108114e-01,9.987528546300994403e-01,6.557116190871491446e-01,8.434739787219223128e-01,4.855738264416258887e-01,3.646435656076340015e-01,7.426938337229871401e-01,9.012233128099645940e-01,5.848313675809482248e-01,5.912237863828777584e-01,4.498656156511930404e-01,8.611448962515859673e-01,2.484867791124668324e-01,5.719677047246953805e-01,2.614340750771675381e-01,6.507847026218747111e-01,9.682980902909390508e-01,4.483034579207224035e-01,3.112754074120728243e-01,4.171661876811423308e-01,6.893379730117920046e-01,7.051205181515211029e-01,6.503097576454780482e-01,9.425415637422609461e-01,6.309175581597634697e-01,6.892800609756332131e-01,5.284879263745743128e-01,8.762728004032055429e-01,7.315499688396727151e-01,2.925251703690882055e-01,6.907250581206705320e-01,6.383396799966241097e-01,8.216404379655932733e-01,7.954260690971756143e-01,6.098635452008605018e-01,4.017268615793427311e-01,5.904163945947631387e-01,3.282675733609355939e-01,6.624505554174321409e-01,8.839701798651263820e-01,6.655203441178708657e-01,3.471348240030881493e-01,2.385420819234476686e-01,3.781907146794155627e-01,9.180458527979425964e-01,6.671785048086000813e-01,4.522326807107747149e-01,4.468310613322833413e-01,4.752270366618100983e-01,9.025077001572365809e-01,7.690432529611441748e-01,5.106460350974268980e-01,4.057677421685614849e-01,3.939698027045490658e-02
8.566656676332623510e-01,9.573139744712448884e-01,0.000000000000000000e+00,9.535873580591311960e-01,8.003078211094911687e-01,9.151149891057315244e-01,6.346466816436722169e-01,8.872202812173685116e-01,4.732523991493740034e-01,6.955660388384357073e-01,5.671064378555935592e-01,8.076996713199556810e-01,8.752818902532608636e-01,9.040689562392872913e-01,7.334032787907622808e-01,7.100850280167305684e-01,6.384401529804972775e-01,6.181065928967857115e-01,2.763629491436034313e-01,5.427065097339109911e-01,2.509400732216562346e-01,8.178736682329765806e-01,9.748570456867717837e-01,8.167222662333762928e-01,8.555888261216737511e-01,9.868386537501725453e-01,9.742386907239160010e-01,5.798762067656603181e-01,2.952973579042384444e-01,1.842465463321818486e-02,7.267267459564146215e-01,7.644122326478502982e-01,7.408252123232372810e-01,8.631246004760627644e-01,9.039942225796760988e-01,6.141167795890843939e-01,1.882023722646265496e-01,7.002580424553110916e-01,6.146144541552452933e-01,8.677284365630283380e-01,1.709202764234016569e-01,8.539750331598896516e-01,9.154054326333380676e-01,9.699826202370007699e-01,8.556865456650204482e-01,9.823875125936776254e-01,7.353157611446259345e-01,7.333816159912160959e-01,6.041420348046875333e-01,7.219787795125256480e-01,6.732367228125779590e-01,6.408600952367140557e-01,9.376178262496313032e-01,8.573599990613353095e-01,6.581670695340245958e-01,4.686461384456314105e-01,8.334221458590498344e-01,9.980742370963364696e-01,8.270406386138506871e-01,5.215004949283463809e-01,2.505928877986715597e-01,2.820150297537308837e-01,7.909542168520626859e-01,1.081138550536351883e-01,8.376805370607163237e-01,8.255514861317857500e-01,5.408180481072349943e-01,8.215695420857401787e-01,7.753608433197500815e-01,6.475414010350484251e-01,8.053334659525582806e-01,9.275546138619695791e-01,6.787682499905397515e-01,9.178683899139713498e-01,7.371848378535414970e-01,7.937648295762296247e-01,7.969339750809459888e-01,8.585924392476907974e-01,4.377908255117798353e-01,4.448613417483951449e-01,3.175736912288545932e-01,9.916008441651018579e-01,4.010934390580284115e-01,7.022507506154054280e-01,8.477678815430375048e-01
2.145908398122100547e-01,3.321399981807082735e-01,9.535873580591311960e-01,0.000000000000000000e+00,9.956102081912252544e-01,7.057329533522673781e-01,7.234270466471128813e-01,6.041743850774449198e-01,9.343838137944041611e-01,2.123490256014102240e-01,8.877650234622680436e-01,8.440851479112836397e-01,4.526458312109749582e-01,6.049029667293012169e-01,4.702089310157927526e-01,3.371387517263899763e-02,7.190797674293498698e-01,5.400587089849191447e-01,9.539460470605544140e-01,9.097449405184063753e-01,9.750921959927307814e-01,5.652707273699711932e-01,8.963519294266057980e-01,9.820462834897448756e-01,3.500779543830277452e-01,4.616764438884772281e-01,7.471003157026195884e-01,9.387324454015596453e-01,2.634849527354121146e-01,3.839948603773915004e-01,5.010625501067487164e-01,7.545510315682485425e-01,8.092850948125843713e-01,9.185373590727515802e-01,5.921952845576328173e-02,2.876088638603545578e-01,2.278419365262946139e-01,6.523431925375203777e-01,6.427393994938638278e-01,4.786218769641138460e-01,7.553235582343512666e-01,9.144668137117420992e-01,7.179668699363491724e-01,6.886346960042485366e-01,6.951638885703385062e-01,6.081816867971219231e-01,8.744676763789061003e-01,8.310746410463589751e-01,4.234837766125908454e-01,9.943652786859982218e-01,8.944784874189132262e-01,7.643073193598847181e-01,4.579870601195504820e-01,9.133936431585311100e-01,6.206665818810068735e-01,9.635476158592701790e-01,6.573584407904808913e-01,8.637519231036677736e-01,6.193205194081096154e-01,4.815713192400423726e-01,6.374141379085366266e-01,6.989520176997229273e-01,9.875787496439418778e-01,5.848991939703522824e-01,6.008530189342563554e-01,2.284885155475706309e-01,7.597731309735610283e-01,8.933351120652712751e-01,1.350982320623889399e-01,7.675545889294285162e-01,7.123527896268179171e-01,8.851816070315732254e-01,4.627248482212178438e-01,4.786638952827106941e-01,2.801744404730603377e-01,2.996136119372118656e-01,8.909073730363026300e-01,6.788735531307540372e-01,7.770755068505775798e-01,5.117974122948006910e-01,6.308399138912009763e-01,8.414177670644776841e-01,7.184117969532933801e-01,5.601890114330367876e-01,9.902414842682812912e-01
6.028314661325481216e-01,6.525185155471358023e-01,8.003078211094911687e-01,9.956102081912252544e-01,0.000000000000000000e+00,8.878944670153494645e-01,9.441379675987433551e-01,8.799529675468045209e-01,7.050605859852423496e-01,4.990541476236911578e-01,8.033421854585489630e-01,8.771899551778199466e-01,9.181636843929783520e-01,5.886731805954337204e-01,5.910244615924192813e-01,7.497388866785756889e-01,7.691652227311391865e-01,1.896069506809974770e-01,6.977617909980498023e-01,6.371972646443695432e-01,9.411535483178329331e-01,4.296580719353499389e-01,6.042478616625486243e-01,2.270539107765360554e-01,3.064440527781757129e-01,6.725708770826235305e-01,3.796896205936044488e-01,1.301360549189388427e-01,2.473558515570179472e-01,5.991164395280014210e-01,6.614518412492981225e-01,7.160540691910870503e-01,7.102436738336779243e-01,9.626656618048782255e-01,8.437520569857852593e-01,6.174149494102575408e-01,3.599185000474446339e-01,9.101660636840666063e-01,6.281550171262443305e-01,6.388673676164509097e-01,6.040521604072908168e-01,6.131664685056205100e-01,9.457201063362252746e-01,9.277531999918283701e-01,5.734202492007002272e-01,6.323995617023617788e-01,9.857479771456026940e-01,6.724034563424543531e-01,4.953123120416541569e-01,1.542196343926556246e-01,-1.412472912935788805e-01,3.588751786704459934e-01,5.871674818356886760e-01,5.369631162632999555e-01,7.923705520621247000e-01,2.639072805899604357e-01,6.177290896745691873e-01,6.747403515818761743e-01,6.862002760493821629e-01,5.950585203336495876e-01,5.424596202860441085e-01,2.690113484506582164e-01,4.177898846172313774e-01,4.600284562291258039e-01,8.317690151510671592e-01,4.120949875375380378e-01,8.274103845627315268e-01,8.356903166446528752e-01,-1.558665828998087588e-02,8.041188116619958359e-01,6.621173847860326589e-01,7.223413085831291713e-01,7.938423241268059982e-01,5.149597561842678139e-01,2.314407180846850542e-01,6.878277007315668490e-01,7.204896815397620058e-01,8.743121524602537331e-01,3.734470517135771717e-01,5.223549725878198213e-01,5.779118446229620787e-01,8.267605759562469681e-01,6.516698303632971756e-01,6.871358675435357277e-01,7.460970875088199783e-01
8.967909766362825996e-01,7.749391754894735529e-01,9.151149891057315244e-01,7.057329533522673781e-01,8.878944670153494645e-01,0.000000000000000000e+00,4.865101599411305600e-01,6.899076156049893660e-01,7.527704600038225280e-01,4.261971060517755761e-01,7.858491305707833163e-01,5.431080130536322104e-01,5.812246952170605496e-01,9.045520640057639339e-01,5.692976341081821268e-01,7.999257476495429398e-01,8.621099128732441219e-01,8.770280993117441914e-01,8.301908849103384336e-01,6.220274453537435466e-01,9.787458720227283360e-01,9.672326417915030339e-01,8.180624001995496775e-01,7.708962696206338450e-01,9.516531984536917843e-01,3.119804100310090769e-02,6.167242332117398584e-01,9.113734699238317249e-01,3.965968383027722033e-01,7.738375596581033022e-01,6.876353551085769844e-01,8.265059993163782481e-01,9.519233188258258149e-01,9.696953316817820134e-01,4.222223810076244366e-01,2.431546679414022250e-01,6.439636354090707560e-01,4.151916362728328425e-01,8.684156504319263670e-01,8.251369598206088618e-01,6.569106325890771148e-01,5.411655201113462210e-01,5.526240786236928937e-01,3.758738495781743794e-01,7.651080263341026866e-01,6.932190942526655908e-01,6.441976327210203745e-01,7.538499064705017627e-01,2.460103848720206487e-01,4.372404363850995179e-01,8.539363733189206940e-01,6.503482750595639406e-01,5.692157289854017366e-01,7.594905995847722746e-01,9.604759509777969217e-01,9.337819038629118218e-01,4.767266424013308357e-01,5.285389734936843942e-01,8.735090723001938118e-01,5.866434475460398090e-01,4.695301243198759522e-01,7.456205012878388549e-01,8.562389251264006518e-01,7.880444120878788983e-01,4.946444310617281737e-01,7.128078634437553518e-01,6.725716033610838751e-02,6.326917180379780792e-01,8.891314194957022909e-01,7.043940159329408202e-01,6.298891156555910253e-01,8.707210993470465565e-01,5.996454387070764280e-01,4.377223348008491000e-01,4.480690308010538137e-01,6.177117533825652318e-01,8.952854006188351033e-01,4.613292835528242097e-01,4.902675578302390091e-01,5.019171834374241969e-01,7.185836833113737887e-01,5.053602807987891410e-01,8.203036408972340654e-01,5.304338875984810908e-01,7.926928265621651093e-01
9.174727623254003150e-01,-2.980309791538426900e-02,6.346466816436722169e-01,7.234270466471128813e-01,9.441379675987433551e-01,4.865101599411305600e-01,0.000000000000000000e+00,6.852613577736039741e-01,9.338004130654921076e-01,7.747216701223383906e-01,8.029620864891542364e-01,4.932697267434803523e-01,6.761698669190252531e-01,9.733451465846506556e-01,7.882163959883143889e-01,5.719403341507532934e-01,7.012935150598315071e-01,4.094564372432873967e-01,4.710453656541643830e-01,8.092848722326201338e-01,4.412620779364059276e-01,8.566530518738603162e-01,4.050700921028060897e-01,6.730016414539978786e-01,5.640385207315882221e-01,6.177178742478766083e-01,6.017363738343600721e-01,7.110419369312835913e-01,7.395877655077635060e-01,7.819228808403190234e-01,2.796746481014924512e-01,5.241640220159616836e-01,7.481206540899245638e-01,4.718738042418685885e-01,8.857039451479978842e-01,4.401848579522368299e-01,6.161578162230555433e-01,4.765051646056763790e-01,9.861315511848026683e-01,4.487716888371576229e-01,6.275447255646340317e-01,6.608412335628766066e-01,7.410126149700193565e-01,4.075616041782276766e-01,6.444108896882367876e-01,6.206237803137714115e-01,6.317106247705940314e-01,4.812706933530853104e-01,1.185241636582252261e-01,6.539481147859821375e-01,9.403497071304078858e-01,2.484926868534247935e-01,7.775076520339735398e-01,4.361818143707906215e-01,7.775826625850308371e-01,5.627688901964806867e-01,7.223359730219727215e-01,3.854682818340422479e-01,4.888972943183382269e-01,2.479659779774829598e-01,5.582906073730947716e-01,3.797023591456483160e-01,2.619242003174145350e-01,7.165064712913846723e-01,8.486180358784659594e-01,4.912876714892714936e-01,1.013180661714068245e-02,7.398324361084964718e-01,9.933207502946597156e-01,4.544471688090772066e-01,7.991517072436155056e-01,8.693241384017037499e-01,3.073178727620047290e-01,2.297209679586997844e-01,6.777753279438701872e-01,8.365992946391014318e-01,8.331290054811027468e-02,6.347732609092342493e-01,3.024915347193251058e-01,2.210114704169131028e-01,1.379218932765627625e-01,5.895651555102230379e-01,7.405580407783753927e-01,1.325927760915620313e-01,6.872048966031270023e-01
7.544050990758293107e-01,6.861167483745360673e-01,8.872202812173685116e-01,6.041743850774449198e-01,8.799529675468045209e-01,6.899076156049893660e-01,6.852613577736039741e-01,0.000000000000000000e+00,4.899312113558101922e-01,2.849164261319845903e-01,9.982637352015761856e-01,5.430139443556565304e-01,5.672407814789813818e-01,2.145708220184500692e-01,5.731855663058362804e-01,8.049041870504599627e-01,8.367604846900610349e-01,9.408006127267596330e-01,6.809251951768856559e-01,9.027720977627772259e-01,8.080205916946904265e-01,5.604451031172860143e-01,2.689762615631577924e-01,3.998019244572252884e-01,3.856604598059082400e-01,4.111788861460642375e-01,7.801532186166575400e-01,5.994919783408483305e-01,2.232021518268477167e-01,6.364624417740896156e-01,4.707143458887704801e-01,7.507950810951424803e-01,3.883226470822278564e-01,6.438196987918114456e-01,5.496542882171557842e-01,5.084842441232274579e-01,2.128465292685387256e-01,1.334350437209968765e-01,6.426808370624077504e-01,9.873454125033626072e-01,5.463290749751732456e-01,6.461230716470360846e-01,9.936948285142597204e-01,6.293980443660147639e-01,-3.238566094560391129e-02,5.931341948093435956e-01,4.307875243913802388e-01,7.801835632633985496e-01,1.858359417051488049e-01,8.238605668884837474e-01,5.305323489362188116e-01,7.486552971914867127e-01,6.512860480263045204e-01,8.759602972219415751e-01,8.883042425461632474e-01,8.434742027331908476e-01,7.980175561487989899e-01,3.943264218691130418e-01,3.297229790885436440e-01,3.581204911002668356e-01,6.126452842626459727e-01,4.489463857556537651e-01,2.263638499673200910e-01,8.303371289670676836e-01,9.782539589414317449e-01,4.737226997617966506e-01,6.838985077505276289e-01,2.164077662293936444e-01,5.778313991598025279e-01,8.244124254687366093e-01,3.765809441826896142e-01,8.403019088589348540e-01,4.174614155336745513e-01,5.087943201179944142e-01,5.023437288266398015e-01,7.705489225556718669e-01,3.397919768768264404e-01,7.423309159866303686e-01,3.161343168360296607e-01,7.506744284148210433e-02,6.679200235238944572e-01,1.366681613290763875e-01,7.354655820693916102e-01,4.159359081601942676e-01,2.526267591420651160e-01
8.832557330926791295e-01,5.213565110166588079e-01,4.732523991493740034e-01,9.343838137944041611e-01,7.050605859852423496e-01,7.527704600038225280e-01,9.338004130654921076e-01,4.899312113558101922e-01,0.000000000000000000e+00,6.241319463242147592e-01,5.710491251985883032e-01,9.841515497670528800e-01,9.367697028882766563e-01,1.595238497691988111e-01,6.245852748147274758e-01,6.606202862828318700e-01,6.573366208068567307e-01,6.033416330145698891e-01,4.791606362346698678e-01,3.825611161006332583e-01,9.832443473555017022e-01,4.690559230261244772e-01,4.933564107048659109e-01,8.687257161292728513e-01,6.498157092588421335e-01,5.336518842181079414e-01,6.446281485836458103e-01,8.489028323462373127e-01,6.137698808123671634e-01,-1.854483513010418971e-01,5.112283294466769545e-01,7.717875860968809176e-01,1.966217206300689690e-01,6.983654200190657635e-01,4.110779109289948163e-01,1.943855206570045402e-01,2.862954461782846183e-01,5.302717381501700356e-01,7.743448843282030314e-01,9.093279727576183413e-01,1.675360296180186115e-01,7.697127435017154795e-01,9.593413572659968969e-01,7.561698521392867800e-01,6.307812503866644382e-01,5.161587056856777878e-01,7.324986505429090800e-01,4.778082590501920301e-01,6.041212170111274204e-01,7.470843283996111417e-01,2.423397025085552992e-01,6.004895069234966742e-01,3.602711991176816286e-01,4.966611111398747114e-01,7.982127724747363207e-01,7.255679245784349973e-01,6.426709762146355365e-01,6.284346531097957378e-01,7.158009124967004144e-01,8.412791907757309895e-01,2.556005954404644842e-01,8.337580779848945411e-01,4.832226635400716508e-01,8.654916528839831091e-01,6.870271356436057353e-01,7.607242688892027482e-01,4.050227675206797273e-01,3.526121791818219720e-01,4.073737044036482846e-01,6.528596646191160424e-01,8.239434842138929627e-01,6.885353087465159172e-01,3.075890864756741783e-01,4.085457814237590246e-01,8.184951384702836563e-01,7.545574239331112043e-01,9.823448877043357008e-01,6.929867631993837929e-01,6.208479250326308652e-01,-4.813583176764041349e-02,4.021806907137804310e-01,7.912191899165106346e-01,9.878843191193835693e-01,3.566848205931799631e-01,9.172941477975776747e-01
9.480934542386414421e-01,7.572555654344725884e-01,6.955660388384357073e-01,2.123490256014102240e-01,4.990541476236911578e-01,4.261971060517755761e-01,7.747216701223383906e-01,2.849164261319845903e-01,6.241319463242147592e-01,0.000000000000000000e+00,9.113052485186627916e-01,6.883884365462092925e-01,6.613682874239241727e-01,2.351581091981315985e-01,3.690886409506442534e-01,6.333645793736544238e-01,8.317677984691153048e-01,6.807793700805708781e-01,7.166732360626281162e-01,7.695035338567921546e-01,6.994620098248631734e-01,8.478053940555595469e-01,9.792320397196381254e-01,9.663870939153820228e-01,4.212613940594349682e-01,9.727628588787773367e-01,7.753271566410668836e-01,3.307733415927560650e-01,4.604978424272199722e-01,4.023182771620778531e-01,6.462215528108099516e-01,1.420967693292317369e-01,5.963230020102658901e-01,9.847957164190691559e-01,9.285488229268274996e-01,3.557806073834694494e-01,1.416712117515421879e-02,5.272226589151753906e-01,6.236264023616224783e-01,8.089066620863972767e-01,2.889634025507518134e-01,8.526365433523406256e-01,6.680402720239386749e-01,8.928826612385152295e-01,6.850204925242954213e-01,6.346485291989009125e-01,6.393678661845044742e-01,4.721199694400551317e-01,4.885843420709702345e-01,8.107569625243079559e-01,6.875651956616181115e-01,9.996787299571017194e-01,5.007126475507077679e-01,6.042066349244716861e-01,7.316069632501955855e-01,8.696371230214600123e-01,7.881582268392457458e-01,8.819501248316861108e-01,8.356341031804954689e-01,2.328419902668484309e-01,-3.425494729216538858e-01,5.113236680566671799e-01,5.271454869720750835e-01,9.339037747911149712e-01,9.320315879568914497e-01,9.918026050989843245e-01,9.743396175405335535e-01,9.062479921411487060e-01,7.896029255332505103e-01,6.556186194278539325e-01,9.886336256937159339e-01,8.684988461630083201e-01,3.772547192609233546e-01,6.267530328373223103e-01,6.824176377261802484e-01,6.761864292585464398e-01,2.058866422651109696e-01,7.265944486438783434e-01,6.291377707502683325e-01,2.976811131104906225e-03,8.121719568750002116e-01,9.586312865891898349e-01,9.365460250282803267e-01,4.316886602033989662e-01,4.050396880983594405e-01
9.599060871576275966e-01,5.725975439912571741e-01,5.671064378555935592e-01,8.877650234622680436e-01,8.033421854585489630e-01,7.858491305707833163e-01,8.029620864891542364e-01,9.982637352015761856e-01,5.710491251985883032e-01,9.113052485186627916e-01,0.000000000000000000e+00,8.759840537665916083e-01,3.336186049949790844e-01,4.530063362461138055e-01,7.673955367926220683e-01,2.464596737013034777e-01,9.391667934427472275e-01,5.696039755522153136e-01,4.937703924471305572e-01,6.955367057490314808e-01,6.856862241275730740e-01,7.722851798899756925e-01,4.969415945093071385e-01,8.368312586626791560e-01,7.790848315116173373e-01,9.513997173957327025e-01,8.048271652242139362e-01,8.126495831211325571e-01,5.573921773943613100e-01,5.923246157169715920e-01,4.927573238873544370e-01,7.811796695105295285e-01,5.961887354088857283e-01,6.092461167785947485e-01,5.049150698233444423e-01,3.332176156385111554e-01,1.067089008969848152e-01,6.226371301168345251e-01,9.503554541837638814e-01,7.181685096996620610e-01,5.391623920187122998e-01,8.991063384170060457e-01,4.772061241476631688e-01,9.175056151971417995e-01,8.340500079017074686e-01,4.525392327591863384e-01,3.477379034255099199e-01,7.714707839108725373e-01,1.040782440928324920e-01,6.456731804055175772e-01,5.428223551936934843e-01,6.662013323474323956e-01,8.723889325232382363e-01,5.865157244907134304e-01,6.467958991391478119e-01,7.801921211966685865e-01,9.597323171426161981e-01,7.682924669380242211e-01,5.528277605677504036e-01,8.218858976728091736e-01,6.311420817550347229e-01,8.473599714726278709e-01,6.152817643945939219e-01,8.997516443102254735e-01,9.910262355400488721e-01,6.775761795300716539e-01,4.006933523762705174e-01,6.806067811664845424e-01,5.879632063750105386e-01,9.512344445307296947e-01,2.638804491378272110e-01,6.098923533136785258e-01,2.229900477960956862e-01,6.256604019927747284e-01,3.547482156823441035e-01,6.821300384504678238e-01,6.349529942849639896e-01,6.075743396261122919e-01,6.799762246346433558e-01,7.038157889820805257e-01,4.862739966562793503e-01,9.702863543099229382e-01,8.175930360757186488e-01,1.301979745209415340e-01,3.666850313530813921e-01
9.172982943783779541e-01,9.516092459845058027e-01,8.076996713199556810e-01,8.440851479112836397e-01,8.771899551778199466e-01,5.431080130536322104e-01,4.932697267434803523e-01,5.430139443556565304e-01,9.841515497670528800e-01,6.883884365462092925e-01,8.759840537665916083e-01,0.000000000000000000e+00,9.764852155772520970e-01,8.932040689230872355e-01,3.697989257833822485e-01,9.420134049889594685e-01,8.826994044878644363e-01,9.945003288470098957e-01,9.144665605465871483e-01,7.918714133486981499e-01,7.585370208363139133e-01,5.715104305601883539e-01,9.498018218245019018e-01,7.215413739139396876e-01,8.837033983272661875e-01,7.705130259432857454e-01,8.967755917453712478e-01,7.148583430272066330e-01,5.286467377134010937e-01,4.033645563446702081e-02,-1.832640855691237136e-01,5.965894117929757545e-01,6.519748622555914253e-01,4.297818855118727965e-01,7.069565437215183934e-01,4.313708508659213625e-01,4.362506258248036173e-01,8.286169401562951675e-01,4.272005119503977655e-01,9.258172248170984941e-01,9.408824830824675800e-01,8.442050487463421682e-01,9.070802289759493098e-01,3.434859514808029091e-01,8.896450660231959295e-01,2.777225852901266112e-01,9.869168122066249715e-01,8.813058151793231598e-01,5.408847981696113250e-01,8.772983913106431331e-01,7.642872716042474757e-01,6.155518938995008238e-01,9.329338335501478063e-01,3.755253686694201010e-01,5.109642730526826604e-01,7.427809808166144223e-02,6.221168903040963372e-01,6.669252658236408671e-01,9.708969888584069174e-01,5.443214938237436185e-01,5.135385822589246807e-01,1.024854723281219543e-01,7.681237532908967713e-01,4.923795061322077116e-01,8.862135620338301711e-01,6.155007551873685756e-01,7.275904195630684690e-01,9.610511692534140504e-01,6.236754021759108868e-01,5.454320653800578400e-01,7.674280775783782760e-01,6.989879302560365604e-01,5.631113952922138788e-01,4.787273042662473777e-01,6.552223960404371939e-01,8.146714929956190288e-01,3.351557856577861982e-01,6.681571972842872409e-01,-2.586799797020991609e-01,4.864169501596468659e-01,7.079466266612476355e-01,9.490977290131679123e-01,8.252528485036783046e-01,1.129921629260918214e-01,5.178197945415122794e-01
9.176954570642704700e-01,8.538632436900771561e-01,8.752818902532608636e-01,4.526458312109749582e-01,9.181636843929783520e-01,5.812246952170605496e-01,6.761698669190252531e-01,5.672407814789813818e-01,9.367697028882766563e-01,6.613682874239241727e-01,3.336186049949790844e-01,9.764852155772520970e-01,0.000000000000000000e+00,6.105520660763692486e-01,8.663162944172628777e-01,4.380609753416454533e-01,7.444117929270128720e-01,9.272281128005259720e-01,9.896681890273554272e-01,9.065226904245962114e-01,8.225684530968314645e-01,9.549588890247846518e-01,3.906226069357799924e-01,4.781212682646119316e-01,9.063231822344407496e-01,7.308982952678907408e-01,9.868009589627829703e-01,3.562839649567570710e-01,4.597335254316075454e-02,5.204132403377813576e-01,6.105899966035017723e-01,7.781206643022365865e-01,7.865715266586655874e-01,7.177426088271982030e-01,5.794791637649533422e-01,3.226697855276656202e-01,5.458106904205913823e-01,7.564699013482697465e-01,8.762472889626711225e-01,6.989051436874536005e-01,6.779502899306133479e-01,4.837566427805932157e-01,4.521506918771256989e-01,9.627042650816427516e-01,9.988429690828337648e-01,6.805974864284535242e-01,2.790981744682377030e-01,9.552328437415802398e-01,6.412099371537137438e-02,6.911758447715680154e-01,8.061152422111709237e-01,7.598188712644797782e-01,6.530488770423470424e-01,6.097885153820440385e-01,9.154859925274672072e-01,9.757670625917251872e-01,6.280792442212043136e-01,9.064497126599301291e-01,4.002022934375474850e-01,-4.856808765284467699e-02,6.768261969337667772e-01,8.606039698166711993e-01,1.238711794765929713e-01,8.043938432555829410e-01,7.975106344428970484e-01,6.453634890962381965e-01,3.811152435814070816e-01,5.785907378090693332e-01,9.387838283509715165e-01,6.620202066814486752e-01,9.492687489688812486e-01,9.463718376365523044e-01,8.982264738777018254e-01,7.196534426103542992e-02,3.378637241571365024e-01,7.564150925256092339e-01,9.156231913496207797e-01,9.222560136261259700e-01,3.918378720300028650e-01,5.103920062912193911e-01,2.537670957240703018e-01,9.290591761594220177e-01,7.947870100967957541e-01,5.903580394645062679e-01,5.300411504072890523e-01
7.862953218430659419e-01,8.714663276955005866e-01,9.040689562392872913e-01,6.049029667293012169e-01,5.886731805954337204e-01,9.045520640057639339e-01,9.733451465846506556e-01,2.145708220184500692e-01,1.595238497691988111e-01,2.351581091981315985e-01,4.530063362461138055e-01,8.932040689230872355e-01,6.105520660763692486e-01,0.000000000000000000e+00,4.190507487135182174e-01,5.045722687813480878e-01,8.747607361922744573e-01,7.742829112982415607e-01,9.904356686947572985e-01,8.747226823765084092e-01,6.076394353532136305e-01,6.482037882636907389e-01,9.304996269577705537e-01,8.610855242512915897e-01,4.570795100648428755e-01,7.690569329196077497e-01,8.004472863191994247e-02,6.018527565444863336e-01,3.081889775168488166e-01,2.180517230731632838e-01,2.464271686353436408e-02,8.136075882267963522e-01,7.794182592789895558e-01,2.706801341645629355e-01,5.419534427465709792e-01,8.011492496635126415e-01,1.374075543897489149e-01,4.664382154145935711e-01,7.053407772465493109e-01,9.565002073972325158e-01,9.473985128350670415e-01,7.756776925352263374e-01,9.306781669205421714e-01,2.075367220694772086e-01,8.963992774407579800e-01,6.677220328490821588e-01,7.234132138968381032e-01,2.203505399685976029e-01,6.343134966581142065e-01,6.823124623559815305e-01,3.697802953453700470e-01,7.466571286541338059e-01,7.432007835733021039e-01,8.166147988667113999e-01,7.568693394604159019e-01,7.160966911111871225e-01,8.567482351467872181e-01,2.133851680520301164e-01,6.975823524716133761e-01,4.888254884177949400e-01,5.827265004395792980e-01,7.259188398057208058e-01,3.873451158591521004e-01,8.230084018063520412e-01,6.608623062963454586e-01,7.008066842725848566e-01,6.917834237812996445e-01,6.669884605951533763e-01,8.576943679918165309e-01,5.693712114332518670e-01,6.936574640370714029e-01,6.903559847494423751e-01,4.518757423366763226e-01,5.172506190525706371e-01,4.573539100439897309e-01,9.623749819781487469e-01,5.451330751632552651e-01,8.903591275804356719e-01,6.330384443050455223e-01,7.038619395057859052e-01,3.492841593438710257e-01,9.637521291238485555e-01,8.782745608096705903e-01,6.435464398980599299e-01,1.093248334980303355e-01
9.009924105210903589e-01,4.693456180465158667e-01,7.334032787907622808e-01,4.702089310157927526e-01,5.910244615924192813e-01,5.692976341081821268e-01,7.882163959883143889e-01,5.731855663058362804e-01,6.245852748147274758e-01,3.690886409506442534e-01,7.673955367926220683e-01,3.697989257833822485e-01,8.663162944172628777e-01,4.190507487135182174e-01,0.000000000000000000e+00,3.808365524014489800e-01,3.707920808461350193e-01,6.553696271025224451e-01,8.198358260871467795e-01,9.344056453036939658e-01,7.414412386460780269e-01,5.285615290444143355e-01,9.242980018222075600e-01,4.078132724595519565e-01,7.994800982580372306e-01,9.809604598931973563e-01,8.988460039753065622e-01,6.594921960836926944e-01,5.900677601739181544e-01,4.334498219575886463e-02,3.993576720716245365e-01,7.682824434803445790e-01,7.648094288828659604e-01,7.318729558916681199e-01,8.364274208678587064e-01,4.288300347725867989e-01,5.564540478270012525e-01,6.870432120606210225e-01,8.112807715250182072e-01,7.784166743534572941e-01,5.474677615555784138e-01,6.636693356306226921e-01,9.577810620114776130e-01,7.101958980417267808e-01,8.590268850316546967e-01,9.015532887086904479e-01,3.240147465956944584e-01,6.779294111940431522e-01,-1.046231753651431090e-01,7.777934831924445680e-01,5.807150453696717785e-01,6.468090374446849866e-01,6.039564089828659554e-01,5.910904602213798986e-01,8.290520472007341102e-01,2.058242018794186889e-01,8.986538917170042717e-01,7.052588563389904364e-01,2.966504077566056718e-01,3.107661223573021658e-02,5.600495409327593821e-01,4.716123023186036267e-01,4.347739579479614758e-01,5.751169374760272124e-01,8.208786836930187514e-01,7.480892276720382261e-01,5.466797236013202221e-01,9.512712923929932396e-01,6.648011037902292752e-01,8.168871931510339746e-01,8.316122572369779586e-01,7.316967835675285414e-01,8.481291639882693190e-01,6.354942005701974539e-01,9.751441207408864109e-01,6.846274411557183859e-01,8.016357198182506583e-01,4.315542071784663758e-01,4.024333699678327991e-01,6.624321409891251733e-01,7.639667166867198933e-01,5.714908910598006653e-01,7.877502320965582561e-01,4.370150141295767177e-01,7.823568143673902409e-01
6.409992150144059320e-01,6.082585710235295373e-01,7.100850280167305684e-01,3.371387517263899763e-02,7.497388866785756889e-01,7.999257476495429398e-01,5.719403341507532934e-01,8.049041870504599627e-01,6.606202862828318700e-01,6.333645793736544238e-01,2.464596737013034777e-01,9.420134049889594685e-01,4.380609753416454533e-01,5.045722687813480878e-01,3.808365524014489800e-01,0.000000000000000000e+00,7.789520087238431811e-01,8.561081917646939932e-01,9.839363954161590708e-01,9.821138572574032999e-01,9.375802413813657532e-01,4.924467082888700498e-01,7.544566985572870310e-01,7.342076600048412782e-01,2.792200502193368239e-01,1.853180098894667838e-01,9.428397664930204813e-01,7.841990773518260349e-01,5.589830945098681614e-01,7.822528992039611273e-01,1.483469221031645802e-01,6.676198729507329954e-01,7.949294674381301995e-01,8.806972960199831446e-01,7.144099933073974062e-01,7.168065232958561461e-01,2.676584915890923844e-01,1.688187668721940760e-01,5.056040266257537663e-01,3.255571458721728817e-01,5.083243288246154234e-01,4.011353097991720018e-01,6.440035797960096398e-01,6.978977696008658027e-01,3.550901211364971832e-01,7.286957208209338122e-01,4.364225224383314616e-01,8.389000967391654351e-01,4.650812808200676107e-01,3.499828857517791603e-01,8.624214619393391068e-01,9.798051235986815488e-01,2.883152356216235335e-01,-1.591583447173816612e-02,7.702282706990656314e-01,8.599018349492391078e-01,6.586172821352802575e-01,9.399011758159725449e-01,9.024632582508685941e-01,4.369203237262314632e-01,3.585215301803326704e-01,7.258963177341560824e-01,7.271609563800862652e-01,9.998712813582517622e-01,8.909790186621510122e-01,7.115099033671374862e-01,9.072935979592692268e-01,7.113572922438019530e-01,3.510581418617530480e-01,5.139193299001759696e-01,3.635662671621621156e-01,9.889141622509030061e-01,5.653282006441190388e-01,4.765169592976713497e-01,5.965031819302064608e-01,5.684469179727980048e-01,9.204836147624604337e-01,5.212288426309898970e-01,6.880934020146358687e-01,2.686847679969779357e-01,5.750176203366930139e-01,8.738494156369011057e-01,9.354257083485514324e-01,4.360132126070047076e-01,8.908229192701432320e-01
9.797787929693883013e-01,7.768798280890227836e-01,6.384401529804972775e-01,7.190797674293498698e-01,7.691652227311391865e-01,8.621099128732441219e-01,7.012935150598315071e-01,8.367604846900610349e-01,6.573366208068567307e-01,8.317677984691153048e-01,9.391667934427472275e-01,8.826994044878644363e-01,7.444117929270128720e-01,8.747607361922744573e-01,3.707920808461350193e-01,7.789520087238431811e-01,0.000000000000000000e+00,8.956531703511464437e-01,6.540959938776824689e-01,8.102992580921882793e-01,4.508249210239531624e-01,5.418160722329371515e-01,6.519926977263531542e-01,6.612934127749985347e-01,5.810319817973816914e-01,4.645221055812394084e-01,9.574519606034930241e-01,9.374011516190284832e-01,3.093481445436426780e-01,2.890462501311872323e-01,9.263709208173172005e-01,5.714638732638614993e-01,4.903870252092996651e-01,6.255984098276095029e-01,7.525768375213408579e-01,6.117424577423307142e-01,3.959873156456800158e-01,9.302328874987465523e-01,7.745498988708323651e-01,9.036075624856660937e-01,8.738826862561437370e-01,7.599122032619453071e-01,7.739570098500724304e-01,8.222952320941565585e-01,9.619075793840137223e-01,9.434227846822869079e-01,7.998289655216976879e-01,5.629648905841031503e-01,8.990070514138754909e-01,6.656987035828421106e-01,6.356044688953109700e-01,4.714275278528785029e-01,6.714195414847559107e-01,9.121050486545587699e-01,4.814847913767379417e-01,7.035868991961338192e-01,6.321520487266317767e-01,9.962690916018875908e-01,8.933203502507118809e-01,5.678840201608805760e-01,2.428822332376680548e-01,6.119821358392085742e-01,8.483296151130609308e-01,9.505107218965666016e-01,7.334840957132614525e-01,5.452857512131330520e-01,9.214963071290392937e-01,8.803728469561906689e-01,5.184380983969428813e-01,9.069321352565330452e-01,7.302282098646981634e-01,7.891274562557335503e-01,6.629481485385244621e-01,9.476338800770139903e-02,8.921903681407789000e-01,2.878976962551403340e-01,4.902197854071754235e-01,2.419255105136610962e-01,6.838469834644669287e-01,2.456025244734310331e-01,6.052610806072894478e-01,5.790003878023277650e-01,8.189870881719544249e-01,7.238517928394007095e-01,9.464293429376007261e-01
7.085759199702778011e-01,7.352277402758475855e-01,6.181065928967857115e-01,5.400587089849191447e-01,1.896069506809974770e-01,8.770280993117441914e-01,4.094564372432873967e-01,9.408006127267596330e-01,6.033416330145698891e-01,6.807793700805708781e-01,5.696039755522153136e-01,9.945003288470098957e-01,9.272281128005259720e-01,7.742829112982415607e-01,6.553696271025224451e-01,8.561081917646939932e-01,8.956531703511464437e-01,0.000000000000000000e+00,1.294588544339732861e-01,8.836126968668555071e-01,8.141202796302269284e-01,6.504187697290060299e-01,8.475290932767476360e-01,7.905157924807026948e-01,7.274542422090346516e-01,5.305392108394804129e-01,9.405289172115789409e-01,5.458732737818564607e-01,5.380909833633880091e-01,3.616330698806848321e-01,2.836576386281508544e-01,7.059662525809597966e-01,7.295350642569083943e-01,6.762891127562737914e-01,4.160975628369453783e-01,1.392009220605780473e-01,2.711281029326600978e-01,4.980760291450767596e-01,4.481520822830634132e-01,7.320399486379982612e-01,5.973335445556605672e-01,7.331823584900186708e-01,9.405574817115764930e-01,3.874159465657697199e-01,5.509750792575309752e-01,4.729433442650365915e-01,6.701944466850172644e-01,7.684728329469330266e-01,6.426166496576437570e-01,7.342684578155943553e-01,7.110459169733790441e-01,9.759360014790924298e-01,8.377325199303780057e-01,6.618702041440588379e-01,8.094138071880980778e-01,8.107431739105551705e-01,7.129884753301075628e-01,9.990113276008971699e-01,8.578232986536084015e-01,2.927770662451143480e-01,4.277288694966490112e-01,8.391040799594204902e-01,2.467239357086890017e-01,8.837488010633013369e-01,8.152946668697065302e-01,8.423755240444397163e-01,6.278940174287852560e-01,8.241758639043489376e-01,7.095910666464574357e-01,3.667161623074411958e-01,5.086101352506178230e-01,6.863845058345445782e-01,6.813078155391671942e-01,1.375123144215381621e-01,3.216831464394641071e-01,7.416894410961567541e-01,5.859731743746774413e-01,5.453841205670659775e-01,-9.489291974061020429e-02,4.217629411105383586e-01,3.339852321796050183e-01,8.219560433165119528e-01,9.677684249820579510e-01,7.373053368819726394e-01,9.663657666366206600e-01
