0.000000000000000000e+00,7.912685950291354908e-01,7.953125416093527189e-01,7.716011942785917510e-01,8.140856159270621895e-01,9.231121940621498378e-01,4.689152509047064266e-01,6.638733952268973670e-01,8.636793862143590239e-01,7.837090707243359322e-01,6.738617044810577550e-01,6.768700941678491567e-01,8.075397532276289425e-01,5.977534374544508644e-01,4.235454588562889144e-01,8.020393462299614251e-01,9.937019155010919924e-01,5.231706609089354920e-01,8.259051516843506358e-01,8.306163975017428758e-01,9.430386881883032757e-01,7.496074764781359701e-01,1.050551816138586558e-01,9.658620743031446354e-01,8.038831776600350310e-01,8.183911186808121574e-01,8.313997859268779100e-01,9.924347478295161284e-01,2.683528781416577025e-01,4.926132835682827116e-01,4.923737075153127862e-01,6.633949910078649204e-01,8.485629995257925051e-01,9.284181715709574068e-01,7.650343429181422072e-01,4.020624508139647446e-01,4.742508490201258753e-01,5.797979838852517220e-01,2.849689473597385447e-01,8.048826521640625176e-01,7.964577075360551595e-01,7.909072863452500934e-01,7.141422634698183503e-01,7.632524164661691479e-01,4.579016433795280450e-01,9.899400397530637719e-01,8.487799183810447179e-01,8.908458534118807171e-01,8.101312519347914076e-01,3.018420367211245292e-01,8.710271296041643962e-01,9.458310535102232297e-01,4.846056426068766076e-01,9.987523344552549087e-01,7.250683917088862618e-01,8.328726197845912615e-01,6.588898571547248117e-01,7.596706266678501240e-01,4.336662077283714826e-03,-2.775089182146445177e-02,4.091898493740085407e-01,8.179051094427675084e-01,9.917943161664728446e-01,9.059842642984361483e-01,6.237808696713577072e-01,5.279058168846252341e-01,8.595995030456815567e-01,7.818723428121499008e-01,7.059909367715144768e-01,8.264092124033141085e-01,9.961754651203551525e-01,7.745184862323809538e-01,2.735625036997815229e-01,3.340546461833210357e-01,9.791753937917211381e-01,9.376710552495984841e-01,4.753813734836198623e-01,8.602982678677689732e-01,5.193179361004218730e-01,4.618195963103334245e-01,8.196589100356528323e-01,-1.515867444431691080e-01,9.150554229974016129e-01,4.341002815876128795e-01,6.345821994414190259e-01
7.912685950291354908e-01,0.000000000000000000e+00,9.405128380445443304e-01,7.747976823794101575e-01,6.885110860291639989e-01,8.506208873345463273e-01,6.947471902245312414e-01,4.104330002473989825e-01,2.434702020829423719e-01,8.696140039787265685e-01,9.799256459877879744e-01,7.539905115070730801e-01,6.333507252496728412e-01,7.453635720376788898e-01,6.211448400232900680e-01,6.832343116778107905e-01,4.058649674267585938e-01,9.170692327116894971e-01,5.580682931993953266e-01,8.849767690048500057e-01,7.848113732663948294e-01,7.684146755776246618e-01,8.945335467886005310e-01,9.551429393934360856e-01,8.836092582669736739e-01,9.959134465637192735e-01,9.003166254443751848e-01,6.931395944939215958e-01,6.505045445454002984e-01,1.532143376596086515e-01,1.632953375156980524e-01,7.340381218963510923e-01,8.920044192832278229e-01,7.108783750279374924e-01,5.445118913603991251e-01,4.814646707558286609e-01,7.834515595669728771e-01,5.810362586091423198e-01,6.109531189087797909e-01,6.880627295542387500e-01,2.156601921243793130e-01,5.552224118217861104e-01,7.596927967833689843e-01,7.578036032166604041e-01,9.577565269603345310e-01,6.276048308465034253e-01,9.133291746263225708e-01,2.301150019243954903e-01,3.589690570872039726e-03,8.038863381177823175e-01,8.091789204987475115e-01,9.265502030053895943e-01,9.847260699021875840e-01,7.631365721527085810e-01,9.064972402618536318e-01,7.249432200123336889e-01,4.835016638119109533e-01,8.860113505054998395e-01,8.958689022970121041e-01,2.618728171641573899e-01,5.231630184732243283e-01,9.069771694071394608e-01,8.735500520632767385e-01,9.422559277125670540e-01,6.258094433091335729e-01,7.815340582054499663e-01,4.123260504295569451e-01,9.911055847642872285e-01,7.144028325367732801e-01,8.359603526454556510e-01,7.341049934467337446e-01,6.725858945070084527e-01,2.865888108868802631e-01,8.947103856557518942e-01,4.357815186840400812e-01,9.850004907745381066e-01,8.785832897870120561e-01,4.014346216302456249e-01,2.370144120390302311e-01,2.551991378224023888e-01,6.654917897466012811e-01,9.800655431121629846e-01,6.546716331617568052e-01,6.905427193277815512e-01,8.037774528419088238e-01
7.953125416093527189e-01,9.405128380445443304e-01,0.000000000000000000e+00,2.978137689567416091e-01,8.602196971098119427e-01,7.365258631596433014e-01,8.136393542304251048e-01,7.958054920587267489e-01,6.044641541462812961e-01,7.987274763139948774e-01,8.157573137312635891e-01,9.935188129312730876e-01,7.757389683935039804e-01,8.837863130948918622e-01,8.450833103929187295e-01,7.333032495445146459e-01,9.577199589064417928e-01,8.128221043846267646e-01,6.681752110272117795e-01,9.479393068690533664e-01,6.602602749837717111e-01,9.508408771507048662e-01,5.323870460422635009e-01,7.333767143810245859e-01,9.015803613874471267e-01,9.239872593274496282e-01,8.518630012224257531e-01,6.245438085634246184e-01,6.903011813208180802e-01,-1.919160057029030975e-01,3.751434221972445027e-01,7.539240422716555479e-01,7.565960246194074479e-01,6.312527456370274903e-01,8.642962996750901405e-01,4.443037997040844567e-01,7.387381064995978130e-01,9.826548928109589687e-01,8.503656970456527908e-01,8.668039383913183071e-01,2.837931152231043530e-02,8.645763710949831982e-01,9.801807676892464460e-01,9.244487395895131243e-01,9.389451240812467514e-01,3.651353692825974329e-01,8.519771316558255592e-01,2.044442463813856969e-01,7.799180663354895460e-01,8.254700869058689827e-01,9.351665764054611918e-01,8.937050534721799888e-01,9.620862912107117637e-01,8.085636962703560693e-01,4.769474672127452797e-01,2.364663037116027655e-01,9.548767152060153585e-01,6.104428441820912710e-01,7.409612144406337864e-01,5.242380618190949360e-01,4.898335343819197885e-01,9.337464382840002797e-01,9.287116754398753171e-01,8.443550542529182357e-01,8.926570878026518496e-01,6.164014383261133823e-01,1.418972866049508265e-02,9.973452025967344259e-01,7.767733551551061488e-01,6.404984042988811632e-01,9.451570611439223946e-01,7.253509085365591469e-01,7.432585031294010047e-01,5.291344225308268756e-01,9.795098913570763344e-01,8.166056808250203858e-01,6.888712477877757534e-01,7.774900052389945859e-01,4.725365008175527182e-01,6.690200581644014655e-01,6.403350954643205473e-01,8.219548468490835980e-01,7.031618439126045006e-01,9.296479802427803918e-01,8.193052057414020872e-01
7.716011942785917510e-01,7.747976823794101575e-01,2.978137689567416091e-01,0.000000000000000000e+00,6.116116517098226790e-01,8.806842101112796195e-01,7.268643040987786685e-01,9.199677378981444553e-01,5.242167743983376926e-01,4.846876677849819570e-01,8.288444768459491963e-01,4.939908529609474130e-01,8.596500441490825262e-01,8.645048485836077656e-01,8.026702865060352243e-01,7.498068430317028632e-01,9.616506564147657699e-01,3.254270601653609374e-01,9.644878526523773532e-01,8.737184553552127531e-01,6.631984796510350666e-01,6.385678136943844230e-01,8.043884841091727411e-01,7.782180447921378530e-01,1.965739002956209402e-01,6.478680603338495825e-01,8.802707045935524999e-01,9.353704108168175990e-01,4.300299996197718966e-01,8.211705340639122719e-01,1.860899881700336100e-01,6.008250143160019929e-01,4.515066986329732135e-01,7.700341714962473105e-01,7.850477748995262628e-01,2.054575341715626502e-01,6.105783618003831625e-01,5.024707427968986284e-01,9.127656330947971908e-01,9.206449995959155030e-01,6.705603591710129763e-01,5.287094957802437323e-01,9.237733946666233376e-01,6.152088145249440254e-01,9.959429186646095999e-01,6.585267253880648930e-01,6.577396384676225116e-01,8.823187817501592090e-01,6.522924102586906692e-01,2.776221465092262863e-01,4.619144834279386158e-01,6.026948457443350726e-01,9.252420243228125507e-01,7.600062539183043420e-01,9.324187945821126311e-01,8.368570068779395132e-01,7.132764458410253416e-01,8.272091930002611893e-01,8.748849698807141806e-01,5.258736343862774332e-01,5.410721354554615115e-01,8.123836383912715897e-01,8.076331873016104890e-01,8.531842661308959297e-01,8.959355928870097463e-01,9.403701479288091303e-01,8.722792921652434694e-01,9.907192733199300383e-01,7.331247871583173037e-01,6.474619515178685614e-01,7.849368567468758551e-01,8.805090088334075471e-01,-5.124683040735333872e-02,5.111961760736377647e-01,7.836052882428254929e-01,9.474735677808396872e-01,7.614448345412289099e-01,4.293136724136668025e-01,3.230982177472526695e-01,2.487727445126810266e-01,1.514107219187287301e-01,8.027869078356029142e-01,8.325237564542432578e-01,4.488049019241800441e-01,4.097927257454869743e-01
8.140856159270621895e-01,6.885110860291639989e-01,8.602196971098119427e-01,6.116116517098226790e-01,0.000000000000000000e+00,8.604883104170548691e-01,2.386370863611592674e-01,7.110395227649628502e-01,1.764714471322471334e-01,4.878505132588760174e-01,5.794447012685954856e-01,9.573827067055750151e-01,7.976038118582849945e-01,6.065779498713751439e-01,9.190702884146665363e-01,9.626224359278986453e-01,9.831559059041894422e-01,5.283519619468892703e-01,6.102821737293044890e-01,6.119358725143224653e-01,7.432964077792680868e-01,8.916383590645409196e-01,9.812304638709653526e-01,8.751096367546067345e-01,3.694904307703306690e-01,9.094475100532427581e-01,9.255047236622984119e-01,2.872860132343519890e-01,6.400600926792892054e-01,2.885490296040022495e-01,6.096177383237952885e-01,8.349179105630374353e-01,7.591591551359236911e-01,8.573613042892860303e-01,4.391004766617135346e-01,2.077402515492426383e-01,3.773220951708069482e-01,6.307281672079471102e-01,5.364244340258520483e-01,2.282664555247149174e-02,7.013480720845810534e-01,7.739318456250925404e-01,9.027696638249810279e-01,2.426779874590178354e-01,9.644376993888552629e-01,9.298233683110498360e-01,7.828488650735938581e-01,8.844103029384109416e-01,5.029152597495673005e-01,4.412970610387602632e-01,4.730700703873292334e-01,7.546618558907133290e-01,7.969150698720797177e-01,9.024408131179207926e-01,4.998769794948813572e-01,6.547665644805327201e-01,7.465685306856904013e-01,7.340628924080651041e-01,6.247800755759461699e-01,4.892716028370427961e-01,9.635948567067647019e-01,5.783918109671997154e-01,3.904834837336461639e-01,5.635471382074422886e-01,7.855190616198711728e-01,7.016506057849754008e-01,8.824710436976640482e-01,7.436218392638401786e-01,4.119544270437022759e-01,6.448781684916309320e-01,4.032295632946912844e-01,9.439195390164385469e-01,5.844001075145115465e-01,5.002159972666623267e-01,2.252215647975013280e-01,4.956733335471762425e-01,9.996378924147932832e-01,3.010779884413955498e-01,5.668331147403923298e-01,5.736593802081738080e-02,6.172875383867290067e-01,7.510756160679963322e-01,7.428848820788536145e-01,8.439479162229959752e-02,4.619701209188113444e-01
9.231121940621498378e-01,8.506208873345463273e-01,7.365258631596433014e-01,8.806842101112796195e-01,8.604883104170548691e-01,0.000000000000000000e+00,6.055842338676196146e-01,4.110385347726627225e-01,7.124622711023187449e-01,4.993965674426307233e-01,2.250172704990581196e-01,6.606109886395565844e-01,4.135297325265224755e-01,7.694950923771837203e-01,5.812937158904009083e-01,5.093804249011164575e-01,9.833005005660915288e-01,6.327444059180653557e-01,7.156351471393845864e-01,9.290260132630734358e-01,6.233384586925692084e-01,7.625483728461277533e-01,4.145164134156373303e-01,3.920850088042444059e-01,6.109741528174856828e-01,4.410171123959515938e-01,8.439058924581914756e-01,6.055688412727995296e-01,5.848689839212477537e-01,5.749722664938079486e-01,5.826538226109683610e-02,9.786931922475390344e-01,7.230283408413588075e-01,5.741065023383803423e-01,4.125579848768813340e-01,4.010819028159839927e-01,3.907873183350101254e-01,6.332194984229867485e-01,7.291696171195954923e-01,4.717823996973651290e-01,6.350147949357390909e-01,4.748864476414634272e-01,9.396310266060761140e-01,4.362734959433007820e-01,9.709091818080797243e-01,4.435862361655505959e-01,5.115614910763713885e-01,6.575881266517953350e-01,9.836764566201003923e-01,7.579943682728825793e-01,9.885274550844472818e-01,6.441672354049214899e-01,8.425622975299849049e-01,7.468891846320298011e-01,5.359324190916868735e-01,4.318709295664663883e-01,7.898512996698949795e-01,7.985119756741230201e-01,8.991167679400942081e-01,6.340567369767808881e-01,4.400267097784806847e-01,4.388086783792232159e-01,8.699239805476369769e-01,6.972191101817080128e-01,6.958715735359343180e-01,7.594074696573264172e-01,8.850644915751854080e-01,8.465117200506367956e-01,4.953614610151467756e-01,4.178436795481479393e-01,7.866105129716716160e-01,5.116565981717693390e-01,4.850899634731640764e-01,5.598416558887968630e-01,3.481999519342309224e-01,9.199495756374392874e-02,6.375130848742431855e-01,7.514415526806834666e-01,5.885395908262833764e-01,5.248262172849782470e-01,3.232910527831562852e-01,8.320943889530554305e-01,4.857635321058362821e-01,2.877021024341661626e-01,6.967794240485138957e-01
4.689152509047064266e-01,6.947471902245312414e-01,8.136393542304251048e-01,7.268643040987786685e-01,2.386370863611592674e-01,6.055842338676196146e-01,0.000000000000000000e+00,2.529202823885278728e-01,6.831340675508333904e-01,7.108596312733310718e-01,1.185491762012543387e-01,7.531384630361428467e-01,7.362359023111062495e-01,7.208053235999738462e-01,4.171424187587536303e-01,7.670024105072317244e-01,9.802110206124892144e-01,6.297807805138162518e-01,5.942682817118423444e-02,4.237404272586871579e-01,8.628747125828204467e-01,4.206763740449362965e-01,4.917141582801087818e-01,6.578870050495017052e-01,7.679968351264718773e-01,7.821266433448001987e-01,6.565787415989230436e-01,5.342293061301955914e-01,4.912257594061641419e-01,3.102902207405363599e-01,7.620327271308869888e-01,7.726555662888234810e-01,7.119414184479772034e-01,-3.485149221357664029e-02,6.725961589821586317e-01,-9.292086250993725205e-02,1.865979964498514221e-01,8.835618156574508442e-01,9.013626335240179088e-01,8.851019842319906017e-01,5.084364262846499671e-02,6.611678481394053231e-01,8.347703378815507502e-01,2.867314231050337447e-01,6.359276204073369687e-01,2.604598163404386324e-01,3.776245496269919899e-01,9.483940416112239813e-01,2.208729368856477415e-01,5.740455000543694952e-01,7.987569759362399546e-01,6.046701715299614976e-01,7.973432722789837168e-01,8.065461949244134843e-01,9.509358082165000337e-01,6.502374388013962836e-01,6.258569391421927586e-01,6.347108716533513828e-01,6.884070427030813955e-01,3.759206500674611151e-01,6.906577933900773791e-01,5.820967719653009631e-01,3.005720702388348653e-01,9.643752959370248679e-01,4.593632371573646012e-01,5.335582951789122896e-01,-1.868112214000264282e-01,8.214689977834488399e-01,4.594851676123695716e-01,3.517460538979452211e-01,5.902074826579222222e-01,2.235013954947454584e-01,6.728697914346746245e-01,3.974229981545634449e-01,7.719676886837565366e-01,7.230098977240831948e-01,7.144429025791655397e-01,5.137411012720619619e-01,7.847231727754386821e-01,3.041111999050302162e-01,5.844645431924121448e-01,5.907294846032267177e-01,4.306573215649758812e-01,5.635512897216325978e-01,2.597804218587774772e-01
6.638733952268973670e-01,4.104330002473989825e-01,7.958054920587267489e-01,9.199677378981444553e-01,7.110395227649628502e-01,4.110385347726627225e-01,2.529202823885278728e-01,0.000000000000000000e+00,7.568812372348172612e-01,5.495491161301118144e-01,1.861400463401018113e-01,2.659021347772623223e-01,9.890072147494944899e-01,7.184880822806755107e-01,9.457905344146895210e-01,6.365239843127412644e-01,5.797229532451119161e-01,6.612965305596423260e-01,7.319692691889473357e-01,9.588003696779620055e-01,7.538950896548285430e-01,9.100556007426067184e-01,8.044777908813571798e-01,6.618988516935223609e-01,2.856534667041309428e-01,6.547611456007740305e-01,5.644442293264614330e-01,5.462610911980170236e-01,7.637719817664330169e-01,6.291020254569668069e-01,4.484250573340750057e-01,6.538279063073129116e-01,4.872495655868435693e-01,6.541686701977220686e-01,7.788937272699802961e-01,5.607442282919223864e-01,3.141195167396391708e-01,2.606514689714362065e-01,1.673468645258906484e-01,9.285571811683782650e-01,4.710144968675888943e-01,7.272343399910249362e-01,8.191539798181539656e-01,7.286570105036223044e-01,1.622862618116966971e-01,2.113569761330005015e-01,3.258549150649212023e-01,7.158744039770426060e-01,7.444361823518339527e-01,4.776487347218526525e-01,6.488171771485837791e-01,9.726257937077134041e-01,5.559082639473865717e-01,3.456445682868682923e-01,1.465998459328680392e-01,4.964475767888540947e-01,5.469053994263489704e-01,7.764506539201606605e-01,8.646772059814956668e-01,7.997897946558898408e-01,4.860251275776596991e-01,6.561081336591088053e-01,9.207046565424809037e-02,6.155796291895136996e-01,8.610576027736627225e-01,4.620752035595520057e-01,3.340615861660809482e-01,8.702955503860758668e-01,8.410211771350667442e-02,6.799840995248240816e-01,4.678333110427163044e-01,5.056556560232037256e-01,4.570643336875457874e-01,5.439928634237688465e-01,6.449178371168773349e-01,9.459153322551910881e-01,7.419583286810502720e-01,6.714374344526603533e-01,4.054690293006085050e-02,2.805152431856770545e-01,9.928988440737414045e-01,8.779751721769977202e-01,8.815919620931104150e-01,5.099961230390440692e-01,4.120411143131912923e-01
8.636793862143590239e-01,2.434702020829423719e-01,6.044641541462812961e-01,5.242167743983376926e-01,1.764714471322471334e-01,7.124622711023187449e-01,6.831340675508333904e-01,7.568812372348172612e-01,0.000000000000000000e+00,6.871597858284764770e-01,8.492148575048265036e-01,5.920003101890709551e-01,5.843172514114109983e-01,6.273389337174114511e-01,2.037153917463667696e-01,6.185376485917991607e-01,7.071132913624623706e-01,6.104514480775559138e-01,5.486387544893805979e-01,7.943893576866551953e-01,9.246799671332950332e-01,7.822679160163958922e-01,6.974651184939161253e-01,9.379899566207859918e-01,5.311882099450855321e-01,5.143613693097367490e-01,7.626009142470731028e-01,8.391086398846756556e-01,4.129804273234591871e-01,2.359283257094398345e-01,4.874730802833356913e-01,4.839219747221986112e-01,5.336721939523044744e-01,7.461549534119562566e-01,6.096333485976014321e-01,7.400521313351322572e-01,2.955809979699545731e-01,4.935227097719496192e-01,7.641476233379800309e-01,8.347364132247382384e-01,5.596575997988767481e-01,5.898295544697457204e-01,9.562151039767468053e-01,6.187301403805846034e-01,8.683741571598218023e-01,8.683864892667272906e-02,6.992247831720279638e-01,7.440161801134268504e-01,5.051636439104603138e-01,7.153241172941969817e-01,2.465912661861396626e-01,5.472056635210613695e-01,4.731470643538849830e-01,4.468686295359841631e-01,5.295052961222321830e-01,6.095573933987461501e-01,6.328690703490168490e-01,5.964343480449472157e-01,7.596752066564155248e-01,4.153147055437649282e-01,2.706880466079987224e-01,9.640526274282797126e-02,4.980774815726461968e-01,9.094869298203240859e-01,9.554433676498169659e-01,3.944194647724746927e-01,5.264600600488040794e-01,7.063850189540703539e-01,6.071243822002984070e-01,1.771649131545678935e-01,2.767397183624483725e-01,9.245980361491034083e-01,4.992597165984440921e-01,6.925557659262076005e-01,3.471338260252326835e-01,3.333867063457449653e-01,7.032832588190814915e-01,6.950167198534516755e-02,7.319593543551302650e-01,5.183722169176538941e-01,4.564853088205853004e-01,8.932700706002404401e-01,7.500334698671075051e-01,4.103363161204832688e-01,5.893446124574404088e-01
7.837090707243359322e-01,8.696140039787265685e-01,7.987274763139948774e-01,4.846876677849819570e-01,4.878505132588760174e-01,4.993965674426307233e-01,7.108596312733310718e-01,5.495491161301118144e-01,6.871597858284764770e-01,0.000000000000000000e+00,9.131047944796649718e-01,5.188681897059186365e-01,4.329012284583588777e-01,7.314601568145825405e-01,9.623490841562861720e-01,9.136797091719710551e-01,9.829150142844191862e-01,8.183103584590161184e-01,4.516412261679788043e-01,4.579099893003380495e-01,6.561278857682668608e-01,6.610114181313019310e-01,8.315500486794310531e-01,9.721638914494085126e-01,3.237377005859652379e-01,8.015164227237564498e-01,8.479414842242389838e-01,5.956709994579003631e-01,7.109004254065700579e-01,5.666150807326622019e-01,5.622507609859345168e-01,6.371563095199161975e-01,8.779135182682311633e-01,4.371359343636654904e-01,9.925140656707505116e-01,6.387552795358037994e-01,-1.339985402829263483e-01,5.119016113261806167e-01,9.170273728333895313e-01,9.153572684266951809e-01,9.579652867778867820e-02,4.616311168673454812e-01,8.757888775393478653e-01,7.888968237144338147e-01,7.220237285871323740e-01,7.207525789819639872e-01,6.331810955653700557e-01,9.847200605049942768e-01,9.059604777377079365e-01,5.472830524747263059e-01,5.509707052224532831e-01,6.847039367913888563e-01,7.300434555853390073e-01,8.890656739766700234e-01,9.743483191633812712e-01,9.288066379597206268e-01,6.999585075120060562e-01,6.637404715054607829e-01,9.946578532319353405e-01,3.329558494258669232e-01,3.705405059805956247e-01,8.402913705822920853e-01,7.512274100518906428e-01,4.646591630188245947e-01,4.600918562992101224e-01,8.769599327010726419e-01,7.886345571207917793e-01,5.256397103986020225e-01,2.770381350266505338e-01,4.213617880937046700e-01,6.616537581816110958e-01,6.820153717317889441e-01,5.813495039246708851e-01,4.574474648549845535e-01,4.012290362486561346e-01,6.443209014464725826e-01,9.535603062413668951e-01,6.892143655061725438e-01,-1.514988837075864070e-01,1.790155648424638368e-01,9.690505577269712401e-01,9.065749853009033021e-01,6.780703660690201584e-01,5.369734932952198170e-01,7.119958501804428685e-01
6.738617044810577550e-01,9.799256459877879744e-01,8.157573137312635891e-01,8.288444768459491963e-01,5.794447012685954856e-01,2.250172704990581196e-01,1.185491762012543387e-01,1.861400463401018113e-01,8.492148575048265036e-01,9.131047944796649718e-01,0.000000000000000000e+00,7.102702618376393051e-01,6.369618075890132181e-01,9.817140046904627715e-01,7.450187252922697567e-01,4.216774896120734639e-01,9.645900818223875905e-01,6.971248286076124900e-01,9.024544117078405758e-01,9.704687871627640239e-02,8.747290622749721578e-01,8.116847570431683367e-01,6.093960988984967742e-01,9.370285063370815681e-01,5.690096396559013447e-01,6.767569168091556175e-01,6.579557803946692873e-01,3.994095757915024913e-01,7.253304371465671974e-01,2.615143397103569800e-01,2.304391865279694918e-01,8.262729437347070549e-01,6.696551794779029843e-01,7.605608453047182360e-01,7.278189375200150302e-01,6.609703831785250783e-01,4.873815471873729210e-01,6.248663174729154335e-01,7.808165046703229306e-01,1.071410260854903235e-01,3.244389425953508321e-01,9.590268065685163545e-01,3.237184930265504246e-01,8.863623660458435083e-01,6.622655713734150185e-01,7.986098339225098375e-01,5.081332201847008623e-01,6.691104506219889281e-01,2.347812499688987642e-01,7.670311878695039720e-01,8.934176603625104685e-01,9.009636839009970144e-01,9.973300912279066122e-01,9.651424420589164166e-01,6.423037219365315131e-01,6.151681467472154274e-01,6.688765641846725618e-01,7.786666611146619843e-01,9.067781301806586702e-01,4.277957606387290390e-01,1.570529266885497544e-01,6.206620712984290966e-01,6.042310239713584163e-01,9.166287406701757456e-01,6.305016172481897607e-01,5.789162879802892681e-01,9.157320789411760309e-01,8.940445120099728138e-01,4.611745055126728055e-01,9.496410718575762910e-01,5.721776447250468411e-01,5.392920233149497422e-01,5.343985155591244318e-01,2.255901936506760630e-01,5.216952239317179663e-01,7.063799743566183675e-01,9.939088131146938121e-01,6.441702763407438637e-01,5.172702288604036358e-01,2.484376734017090249e-01,9.531623902478857380e-01,9.582784529975474364e-01,6.907954890129730519e-01,5.410833139304184192e-01,6.706475917518940344e-01
6.768700941678491567e-01,7.539905115070730801e-01,9.935188129312730876e-01,4.939908529609474130e-01,9.573827067055750151e-01,6.606109886395565844e-01,7.531384630361428467e-01,2.659021347772623223e-01,5.920003101890709551e-01,5.188681897059186365e-01,7.102702618376393051e-01,0.000000000000000000e+00,7.142040410533717631e-01,6.678871759152238408e-01,4.128402695997781535e-01,9.390501658835271881e-01,7.648010548382705442e-01,6.378001387238150244e-01,7.043765249579350129e-01,6.910272789565571339e-01,9.907476831074548684e-01,5.016063912390615886e-01,5.709420356439729449e-01,7.762507880235436364e-01,6.732523559718420758e-01,6.422694177333502230e-01,8.361117991662573301e-01,4.849879796895609774e-01,8.606686299436441256e-01,7.362891247893470215e-02,5.614597295813834599e-01,6.166918809991011052e-01,7.072427368724772956e-01,6.115176438716224405e-01,8.657265185010361019e-01,5.697018662641224473e-01,3.996556321595163275e-01,9.658729361463502805e-01,9.737459965233031811e-01,8.333616094161734322e-01,4.992497838613625394e-01,6.957895474537362235e-01,6.848566970833925849e-01,9.166443522255525167e-01,9.611008345813294440e-01,6.255148907378937917e-01,9.281352471419119787e-01,4.552032942430231932e-01,6.401127150739609473e-01,7.532523358666316782e-02,8.733982647697319246e-01,2.909238118878518797e-01,9.718923013422833268e-01,8.766665907890432985e-01,9.338867491774851537e-01,6.687687249501131914e-01,9.651368867874459134e-01,6.114645292138893851e-01,8.510133848642235099e-01,3.147975688266472227e-01,4.296519663892756080e-01,7.780133756118456922e-01,6.410199224053373390e-01,5.195963527558731254e-01,5.355653445049800565e-01,5.508088001622790664e-01,3.400788880313165841e-01,4.064042915616332130e-01,9.669230469831364694e-01,8.056511941952770872e-01,8.211975452168079892e-01,6.405847642622535254e-01,8.920061225243705039e-01,4.346508281216209246e-01,7.265472759067435060e-01,9.525415457045568468e-01,8.532652476505555583e-01,4.762906233870424222e-01,1.110468500926777846e-01,5.416739727002507498e-01,6.379131327550330299e-01,8.908933568101097267e-01,4.751855884346277703e-01,7.703783716221630495e-01,7.147031462239175070e-01
8.075397532276289425e-01,6.333507252496728412e-01,7.757389683935039804e-01,8.596500441490825262e-01,7.976038118582849945e-01,4.135297325265224755e-01,7.362359023111062495e-01,9.890072147494944899e-01,5.843172514114109983e-01,4.329012284583588777e-01,6.369618075890132181e-01,7.142040410533717631e-01,0.000000000000000000e+00,8.451650339428489200e-01,7.434844335487090783e-01,6.027722670445156972e-01,6.350703017299472730e-01,4.437612005416606831e-01,6.284914770460595657e-01,4.981365204382260381e-01,7.798926027524033522e-01,9.747026216277029365e-01,6.735132928888453163e-01,4.486570707182186979e-01,2.464964624040742042e-02,8.501553863889592666e-01,5.229606945750345792e-01,6.799719657776470694e-01,6.650266132044291290e-02,5.525721651528427980e-01,1.923456884347464479e-01,6.417342992255153922e-01,7.399424726126999641e-01,9.314119308709960521e-01,4.630531419396612947e-01,6.583542185195938590e-01,2.770798523159420101e-01,6.920876157012203489e-01,8.814764996656254681e-01,7.162161273108492709e-01,4.905607774073133531e-01,8.549792732843219945e-01,9.971963375055143963e-01,7.981299163094333071e-01,6.930173616410570947e-01,6.255814025682603363e-01,6.396889116642064943e-01,4.473364415336542610e-01,7.734091069494506421e-01,8.381936129163125582e-01,8.278045584677454771e-01,6.048212109556028171e-01,9.495700860590534642e-01,9.244360039082226699e-01,4.940174012498344536e-01,4.990174207915713533e-01,9.001788949412773411e-01,8.268979857079130635e-01,9.181343163390657258e-01,2.844109701377009469e-01,4.657516736409492708e-01,8.468375587580648789e-01,9.016678780930176274e-01,9.724956260127870511e-01,8.629963453114992689e-01,4.985138291180182257e-01,8.339815989047268951e-01,7.681119439050179132e-01,4.090700313390795984e-01,9.463475472557905110e-01,9.517070721790503729e-01,9.988462819912828916e-01,5.583142853671625438e-01,4.004467819497170011e-01,7.157841626867297302e-01,9.049512014627580925e-01,4.502004885082218633e-01,7.344296325100589939e-01,9.427887720932115467e-02,2.566428583077393771e-02,2.081395858433315038e-01,7.655164717355574799e-01,7.594722464142478202e-01,3.701267782273970908e-01,9.627459611108779569e-01
5.977534374544508644e-01,7.453635720376788898e-01,8.837863130948918622e-01,8.645048485836077656e-01,6.065779498713751439e-01,7.694950923771837203e-01,7.208053235999738462e-01,7.184880822806755107e-01,6.273389337174114511e-01,7.314601568145825405e-01,9.817140046904627715e-01,6.678871759152238408e-01,8.451650339428489200e-01,0.000000000000000000e+00,8.157972650884735000e-01,7.713209335914200659e-01,6.976348806072542041e-01,8.103149651962374689e-01,6.873729638151849786e-01,9.060703502182493319e-01,9.247942030948982373e-01,6.269975037148912689e-01,9.010452670915570783e-01,9.229670262219774601e-01,3.942938967165432462e-01,8.355901593414547524e-01,4.805599776305988780e-01,9.187185539223988728e-01,6.341739038631013514e-01,2.807153340305483247e-01,6.702614584510043771e-01,3.048615691095386548e-01,5.758343204896883005e-01,7.505446095259565853e-01,6.467427402333989495e-01,4.261626103974024415e-01,4.171635200402727395e-01,8.468550080193906204e-01,7.948662901087634181e-01,7.643459537310244301e-01,6.288445711442177677e-01,8.338263519957282988e-01,8.628689628215044927e-01,8.247751709484669735e-01,7.984812368604538024e-01,8.417294164674542500e-01,7.828409704944392367e-01,8.617387671193085241e-01,3.987348049638503866e-01,2.963830717433557638e-03,3.520076566740730772e-01,9.295804690760068878e-01,4.679066255782527439e-01,8.381912600631166166e-01,4.210122705020476475e-01,8.183925523847185302e-01,8.688884637278171397e-01,7.667875211530894575e-01,9.597060933265653127e-01,6.891522353241860133e-01,2.568630498636070847e-01,7.749750392971502810e-01,4.105735553210265176e-01,9.430560638380337535e-01,6.762779657986091042e-01,4.514811097070686174e-01,9.889830363174232364e-01,5.635654249154535833e-01,3.029705647148462910e-01,9.865117652327329845e-01,2.131078663115338612e-01,4.628514055951439277e-01,5.850126344171213688e-01,2.539114057762162924e-01,5.939784634449232215e-01,7.462270074146185594e-01,6.625446227189734083e-01,5.363909370029671386e-01,3.780992659701913894e-01,2.764821532715722174e-01,6.771565328188828836e-01,9.379749766772405017e-01,7.950723657365832420e-01,1.106109786660896543e-01,4.179067506735001936e-01
4.235454588562889144e-01,6.211448400232900680e-01,8.450833103929187295e-01,8.026702865060352243e-01,9.190702884146665363e-01,5.812937158904009083e-01,4.171424187587536303e-01,9.457905344146895210e-01,2.037153917463667696e-01,9.623490841562861720e-01,7.450187252922697567e-01,4.128402695997781535e-01,7.434844335487090783e-01,8.157972650884735000e-01,0.000000000000000000e+00,6.469355539628365293e-01,6.646154287138648087e-01,7.072080923135459773e-01,3.257240409880309828e-01,9.904472553382044353e-01,8.167416757043771680e-01,5.082802526738713356e-01,8.489216376778916384e-01,9.886135887328468819e-01,9.256228857263242293e-01,5.159358719795876791e-01,8.265145319658872003e-01,8.609080448734945934e-01,9.805168756074553738e-01,6.027462756589364590e-01,8.554364294994232232e-02,6.284259838287951094e-01,5.666546166278942920e-01,3.128291084585352877e-01,6.374056053861623106e-01,4.527091418143484591e-01,7.760354442686807908e-02,2.578073230463480137e-01,9.545742537892698554e-01,9.721494867675670726e-01,9.548179519190438391e-01,6.303309792494958819e-01,9.604216448581630594e-01,6.687957101816071059e-01,9.460794931810071473e-01,9.915644150218567709e-01,8.553629807861393708e-01,4.745208086921525736e-01,6.278948347704755850e-01,3.499478709322724757e-01,7.941237129325127153e-01,5.658086996392404089e-01,5.202349183381199671e-01,7.477070966029237820e-01,9.029895968100336567e-01,6.207791701390429351e-01,7.551054481454380074e-01,9.314110444866706695e-01,2.538428701955139921e-01,7.480375923241877612e-01,4.008440940733349889e-01,7.615448207197311747e-01,6.191190833805523264e-01,5.284756231492929723e-01,8.608364845855719372e-01,5.501263947551198186e-01,9.320637340338837618e-01,8.249784815408482963e-01,6.613076910656022489e-02,8.506214857834998311e-01,2.960087810970166711e-01,5.602782170854793131e-01,6.462964038511098686e-01,4.420913270732123590e-01,4.601199813865368138e-01,7.199114690012803353e-01,5.116046893301012810e-01,7.942957693438501554e-01,3.385011472884087436e-01,2.011668302118344021e-01,5.217093173558171593e-01,8.638615281559534065e-01,9.328054323412311444e-01,8.295473626038459836e-01,7.344055754904111888e-01
8.020393462299614251e-01,6.832343116778107905e-01,7.333032495445146459e-01,7.498068430317028632e-01,9.626224359278986453e-01,5.093804249011164575e-01,7.670024105072317244e-01,6.365239843127412644e-01,6.185376485917991607e-01,9.136797091719710551e-01,4.216774896120734639e-01,9.390501658835271881e-01,6.027722670445156972e-01,7.713209335914200659e-01,6.469355539628365293e-01,0.000000000000000000e+00,9.873557318471770650e-01,8.012454843312323272e-01,4.996326183009220934e-01,8.536305534051408239e-01,7.561285111801513414e-01,9.464982422648293703e-01,5.153699465403428492e-01,6.809750272198787924e-01,7.607765506948578338e-01,6.761605757369675285e-01,9.303790491767459647e-01,6.006790405965969359e-01,8.053552406831474553e-01,3.486793272545350986e-01,2.397275892839093037e-01,3.218991182028715925e-01,8.564599818182382363e-01,6.780901375677317322e-01,4.831023078308517293e-01,7.026994143993611219e-01,1.113332926429233538e-02,7.937616877903719281e-01,9.442761386626984388e-01,7.615465211663779987e-01,5.529193515001750159e-01,8.300409383124720542e-01,2.270451311337141898e-01,7.885382944198671140e-01,7.592862216308224887e-01,6.976007634562145787e-01,2.782806693594555014e-01,6.316953605247823678e-01,6.473955494526265619e-01,5.025280855116286416e-01,6.678840301329824758e-01,8.390821878917474885e-01,6.525599595924320706e-01,2.229537843635695515e-01,9.893016502562078651e-01,7.674221001628073191e-01,5.517235423025496077e-01,7.132254030675920786e-01,6.128873172260701496e-01,7.241582031065848524e-01,2.963484609763958333e-01,8.152656861447926673e-01,7.910946315188516209e-01,6.432281051276339534e-01,8.377670388252100864e-01,5.115553347559759212e-01,5.578552784609127624e-01,8.513495748476738179e-01,6.225427761117212633e-01,2.314626179726018695e-01,5.890251258290373215e-01,8.646686595027557320e-01,4.721793863961178395e-01,4.078656220303581992e-01,6.329132876626147874e-01,6.951650432271992974e-01,3.363946679154267705e-01,4.352152577096054520e-01,5.278644408477761729e-01,1.146882951360228553e-01,7.381020363147435814e-01,4.327578372054584621e-01,8.996615595893190376e-01,6.124581601025127497e-01,1.461131065805761631e-01
9.937019155010919924e-01,4.058649674267585938e-01,9.577199589064417928e-01,9.616506564147657699e-01,9.831559059041894422e-01,9.833005005660915288e-01,9.802110206124892144e-01,5.797229532451119161e-01,7.071132913624623706e-01,9.829150142844191862e-01,9.645900818223875905e-01,7.648010548382705442e-01,6.350703017299472730e-01,6.976348806072542041e-01,6.646154287138648087e-01,9.873557318471770650e-01,0.000000000000000000e+00,5.846667424919099743e-01,9.353322000300378081e-01,8.625768464887630937e-01,9.290716486409000829e-01,8.482213884104202739e-01,8.169021030779300974e-01,9.411452206173086532e-01,3.111910765895221642e-01,8.867937392216169723e-01,7.761178905711882958e-01,9.202776023761338742e-01,2.543871904328954825e-01,5.842687105813197945e-01,6.052363198958329304e-01,9.577304935408723630e-01,9.608974247080707132e-01,5.018431777577566644e-01,9.857650842061544960e-01,5.479833372868336827e-01,1.615185511042120103e-01,7.708451783809868729e-01,4.317849234404622094e-01,6.831830815793374923e-01,2.095663191876734055e-01,7.534499603791080524e-01,9.356349624819706445e-01,7.616796842359484510e-01,8.009695059739458944e-01,9.231495465471403206e-01,8.677376905609340829e-01,6.748100626936841540e-01,6.196185231016393402e-01,7.788054446456614821e-01,9.366062976494555770e-01,4.607608223280612036e-01,4.901774854319496111e-01,7.230855828889852788e-01,6.540727490965507762e-01,7.971331923458853108e-01,6.815568965788237898e-01,6.221582932937769206e-01,7.179148713225501632e-01,4.692510619592308307e-01,7.275300725453339723e-01,7.258360349009914669e-01,9.178196832237477398e-01,8.885960947411596367e-01,9.459347852246006161e-01,9.451527789474459817e-01,7.537715871739352202e-01,9.742993403655695328e-01,6.268859291601633910e-01,6.790847609156518139e-02,9.721287748001399276e-01,6.587392067568070830e-01,6.555145800383256338e-01,4.624803817064523925e-01,6.008091752687686471e-01,8.161472172802409775e-01,6.070564492568885084e-01,3.977010670208326326e-01,9.616276787568764917e-01,6.896016013692206625e-01,9.939913030413076722e-01,6.830572850817239194e-01,1.206259349357127891e-01,4.951464853059137777e-02,9.191391027106309286e-01
5.231706609089354920e-01,9.170692327116894971e-01,8.128221043846267646e-01,3.254270601653609374e-01,5.283519619468892703e-01,6.327444059180653557e-01,6.297807805138162518e-01,6.612965305596423260e-01,6.104514480775559138e-01,8.183103584590161184e-01,6.971248286076124900e-01,6.378001387238150244e-01,4.437612005416606831e-01,8.103149651962374689e-01,7.072080923135459773e-01,8.012454843312323272e-01,5.846667424919099743e-01,0.000000000000000000e+00,5.400665310184851187e-01,7.302983294599565411e-01,8.609954760936542328e-01,6.361439685290188883e-01,6.639432627004240306e-01,6.029400791174521768e-01,2.322646701347909348e-01,7.190266268939564664e-01,6.904397276041063236e-01,6.092481454644371741e-01,3.184376951178327086e-01,6.879717458719317724e-01,5.580750463780622672e-01,5.103947098230778856e-01,6.179978468462410390e-01,7.380217290405464148e-01,4.388576232536468003e-01,5.504476531585911214e-01,5.284860116495746496e-01,6.784768236969146438e-01,6.877858619289505260e-01,8.554959746110194496e-01,6.329642660665956155e-01,2.734617480904902864e-01,7.019252784830447567e-01,6.585814563109723130e-01,7.259698299757136875e-01,9.377458271494457653e-01,8.936923503035431038e-01,5.803407130521960333e-01,8.466824481797320390e-01,7.119768898862117723e-01,2.175606379933307521e-01,7.614213637097189125e-01,9.365467644887771614e-01,7.023427871025486047e-01,5.971806245301805038e-01,6.844772576787866436e-01,6.977434446708891125e-01,8.687786053734333214e-01,7.165035253738250010e-01,7.434825213495195317e-01,9.977452265986217483e-01,8.555151685721874566e-01,6.333285764876960267e-01,5.033955054770085091e-01,9.324138082501236546e-01,5.457354362847541829e-01,7.799371954542797525e-01,8.822399499220472396e-01,5.095300647672054151e-01,4.502028288779788556e-01,6.058507779253630154e-01,9.859166309798680361e-01,4.299050036167542665e-01,8.484278698412411890e-01,4.703992961085726177e-01,8.875782447059444857e-01,6.528655689710682886e-01,7.320668098871742080e-01,3.335311290851493693e-01,2.362698832652135594e-01,4.748985031705232895e-01,9.331190252124541562e-01,2.805033116257606984e-01,-2.380844296640044766e-01,6.904016844366835937e-01
