0.000000000000000000e+00,8.689491273775277191e-01,4.740015001951639606e-01,8.254361550830877636e-01,9.654021832558969951e-01,5.890262249010821405e-01,5.367107794496194240e-01,9.016737558554270837e-01,8.960515316977575306e-01,9.974869207787857572e-01,4.697409931285155271e-01,6.452002455963521399e-01,7.459841284411561357e-01,6.182709773524988073e-01,2.031584734513439405e-01,7.153144774354829316e-01,5.738839652236544797e-01,9.129807300128987002e-01,6.596704308084482271e-01,9.449625262990365426e-01,6.549532449205165419e-01,6.169273302234450362e-01,9.520715369309766807e-01,9.484203783422039402e-01,8.061931269775010067e-01,8.570696934281083479e-01,6.052122343216195244e-01,3.016310743583152099e-01,5.807637855039102792e-01,4.377663941583759821e-01,6.098568534466046742e-01,3.353163275379403840e-01,8.499082915580301600e-01,6.044071124011555218e-01,9.730044911479409642e-01,3.717002368521627464e-01,2.936095380403336546e-03,7.249364671636512325e-01,8.732850706712556033e-01,3.493450567892569802e-01,4.577810060539324599e-01,9.592971867143805786e-01,8.551495826974446768e-01,2.316723619332000106e-01,9.306852763082310576e-01,8.057246986576742653e-01,7.375256108221983631e-01,6.055239417340444463e-01,8.326466054287965379e-01,3.773616120009027908e-01,8.403824561869047693e-01,7.955979719975472264e-01,5.020108042775253132e-01,1.166731870061586407e-01,7.626506359430724746e-01,8.556815156500308106e-01,9.377312383251567018e-01,9.552896942277582237e-01,9.577056886415727943e-01,6.384370574876502280e-01,3.740635302126096295e-01,6.481256600665205037e-01,7.706149034690572552e-01,7.252064523896402104e-01,9.767756456781855334e-01,7.718368594579174680e-01,4.769919475227486494e-01,6.172315603232201298e-01,5.118222847485883742e-01,9.167098131774982228e-01,8.351297259301726505e-01,9.400961524488361531e-01,4.245504674998836214e-01,6.201472798054116220e-01,5.033109209203903145e-01,5.459431917530216394e-01,6.245177796233412071e-01,7.004392893928022001e-01,3.214307664432788370e-01,2.182823297368512161e-01,9.842667030039812248e-01,8.809361031222818772e-01,6.792494816209775355e-01,2.974797787086898015e-01,6.723715665176541734e-01
8.689491273775277191e-01,0.000000000000000000e+00,8.016692918893641995e-01,2.382816965572561729e-01,9.674616367448802823e-01,6.145472197196296671e-01,8.484182314948783832e-01,5.120666908273503459e-01,6.993269503879891991e-01,3.792019248295966927e-01,7.737188143307059951e-01,4.123581250347176930e-01,8.377404853733850798e-01,8.377051372036049548e-01,1.428106698094405436e-01,6.036703390613327169e-01,5.591978157836361429e-01,4.443293398618439749e-01,8.552104843583017146e-01,4.223364946058784097e-01,7.767259570370396160e-01,9.597826504150747118e-01,6.646472467652148053e-01,4.615464367060209128e-01,5.106875811444168134e-01,9.013353110353622410e-01,8.257698761221542449e-01,8.727360614941922501e-01,8.882610787149564091e-01,2.511364673094961253e-01,3.223588043980186169e-01,3.653419425712382540e-01,8.364227986043154539e-01,6.515448652123635442e-01,4.479599587732365218e-01,3.606972136971884346e-01,2.844424459452005172e-01,7.556066964490729676e-01,6.181872780692513336e-01,6.713645986342137162e-01,3.165457288292753968e-01,8.007434059856137765e-01,9.214780804368285505e-01,9.541763820919278993e-01,4.260177532150132285e-01,9.639449216816875499e-01,6.332941066925942275e-01,9.042337613950797159e-01,7.764102882948625828e-01,3.037084494844584093e-01,4.996784704010707734e-01,7.892960446894363713e-01,8.372702944978124284e-01,7.332557151746940116e-01,9.692485722581153373e-01,9.379970332407492339e-01,9.095469502734447875e-01,9.235436391287862312e-01,8.951852032113062352e-01,1.681754799426595504e-01,5.657148212367340001e-01,4.931874775363215280e-01,6.311589813678877281e-01,7.733553083969856301e-01,3.816513769817748702e-01,9.536573271247850148e-01,4.602915338406500800e-01,9.737717020035389082e-01,2.622742484586443323e-01,5.356034004073582100e-01,6.691028663146392219e-01,6.802589543593687837e-01,6.053390794315388623e-01,4.592229789125310546e-01,7.162075091129825877e-01,6.720468755592985399e-01,5.171840167601925442e-01,4.137020251144424843e-01,1.240240300695118203e-01,1.024734674827542102e-01,3.150689960191043193e-01,5.069770159484070504e-01,7.716223373703057220e-01,6.763021671611663121e-01,7.218170957960799994e-01
4.740015001951639606e-01,8.016692918893641995e-01,0.000000000000000000e+00,7.299735904382387286e-01,8.335887833476868236e-01,8.604056935383659344e-01,5.773095670141684677e-01,7.015751293965581947e-01,7.649727543527606866e-01,9.163876369017549539e-01,8.198221541091752496e-01,6.060135802651901438e-01,8.638662790724151996e-01,9.245405193682660894e-01,8.942292968267600006e-01,8.549892032575505674e-01,9.793509753044103983e-01,4.890637730191482180e-01,6.370781967517441524e-01,9.938400565759886174e-01,7.576169125606024846e-01,3.427773998909310893e-01,7.506684431701410309e-01,9.563978861343115367e-01,9.375594315941337964e-01,9.335269308535509847e-01,6.443727295777184061e-01,9.355668690157368239e-01,3.443120726429386158e-01,3.261676589045803265e-01,5.692574525043202494e-01,9.639847386461373180e-01,6.474322354832816595e-01,8.853302918755171502e-01,9.622109895922357214e-01,7.535620553885794548e-01,3.964780119929942614e-01,4.630524677677637646e-01,8.061040915984670763e-01,2.301106394833719315e-01,1.930439273826187185e-01,9.105823630510689881e-01,8.255195143013271952e-01,6.491281001588266042e-01,8.141984867933276249e-01,6.060893499833431841e-01,9.175947690147466806e-01,5.679983477037122697e-01,9.043936116219707388e-01,9.196871367005154951e-01,9.418805778211878366e-01,9.462416862372282633e-01,8.226183218698989164e-01,9.417669951921081584e-01,4.842150450360790392e-01,8.389729472117303244e-01,9.914591999272250877e-01,8.866614797096427081e-01,5.800692945675069989e-01,7.046102227543852292e-01,6.560142089772240670e-01,9.804391629011015574e-01,9.450146652836214356e-01,8.598073868316041812e-01,5.540633407471599048e-01,7.433619919290278544e-01,9.418104423597370989e-01,9.436927487591295627e-01,4.878328580554788241e-01,3.846989176750455486e-01,6.251309507961326783e-01,7.347430808028058147e-01,2.963882765816292508e-01,6.727412050589324233e-01,8.188068731780937526e-01,9.786612393498242968e-01,9.074117765634253097e-01,8.052788556757389804e-01,7.476652653456209441e-01,4.405957634475893281e-01,8.344638316493306895e-01,5.075277154113632117e-01,8.952349838158527584e-01,9.406911316158498293e-01,7.785400575390772904e-01
8.254361550830877636e-01,2.382816965572561729e-01,7.299735904382387286e-01,0.000000000000000000e+00,4.410639399677934169e-01,6.211605675103887281e-01,4.830835699312762688e-01,5.372812014801688907e-01,7.389157556196715992e-01,9.276366989901474458e-01,6.977662402820195009e-01,8.115227680504094598e-01,9.898470314870233544e-01,7.333507013867843760e-01,6.008021042671891632e-01,8.752596083540710170e-01,6.831042197928209880e-01,6.930308434877718859e-01,5.194705280077627219e-01,7.890439265791491241e-01,7.884397135184788574e-01,4.166002933451969925e-01,7.803678968214076139e-01,8.204471020165594597e-01,7.831753128030933819e-01,5.515254412264547490e-01,9.343079626820630645e-01,1.228180503694990544e-01,7.164062392013181846e-01,4.628471436174156906e-01,7.341354812548835929e-01,5.787920339406744663e-01,8.136706888699895002e-01,9.026100367599551033e-01,4.982228296418702573e-01,5.852643724388604252e-01,7.741192747552581022e-01,9.914080211269867826e-01,2.988613836511823663e-01,3.698040305870155947e-02,5.677920485569860620e-01,6.618597544321006554e-01,8.592305691486664676e-01,9.433649984683722955e-01,9.004178566833449526e-01,5.530079511046497309e-01,8.007231002502714912e-01,7.311919662715508084e-01,7.138012165382009444e-01,4.855025258051207659e-01,4.384171059610663113e-01,3.410498023257241829e-01,6.149766505983098597e-01,6.574702573244676218e-01,9.205480921177214837e-01,6.949359525198536280e-01,9.856810632689088081e-01,7.178638597481904471e-01,9.719450502288543570e-01,2.387993696431416346e-01,5.254525524315322160e-01,9.739302964762921455e-01,5.544712728417298120e-01,8.994803124144530315e-01,6.445533207840359324e-01,8.334931072882288960e-01,4.156009272615528438e-01,6.510305242356199118e-01,5.000633636787007452e-01,4.860730988509172068e-01,7.249536233294715526e-01,3.234958469559149896e-01,4.869524994588496636e-01,4.989536291745740870e-01,5.228457516014535233e-01,6.249742625417357145e-01,6.874774372686544011e-01,8.572257286554449962e-01,4.426064339662310609e-01,6.238915208649075117e-01,6.423446234615129979e-01,9.478312529318067003e-01,3.009692444143219903e-01,7.369068635778726062e-01,7.633553109965622863e-01
9.654021832558969951e-01,9.674616367448802823e-01,8.335887833476868236e-01,4.410639399677934169e-01,0.000000000000000000e+00,8.268909403527815449e-01,8.777704656870175537e-01,8.225918368034423889e-01,7.418579695548018771e-01,7.603716230659955944e-01,5.146577900047759613e-01,9.286409888212615593e-01,9.624010644353152566e-01,9.991286602162623431e-01,6.337670267817289149e-01,2.712391882470318594e-01,6.422224856256738557e-01,4.716833450590452448e-01,6.554742387212180166e-01,7.693935759400249985e-01,6.249831659670433970e-01,8.956878307480162782e-01,7.885816101697145086e-01,5.445730582989913859e-01,7.987905408781595940e-01,8.517289740024567291e-01,6.172194971651049356e-01,7.507776716293318442e-01,4.527067374389177057e-01,6.648727636519442541e-01,2.953523972752335469e-01,5.397113219439068077e-01,7.458735289550555425e-01,7.227527661774929557e-01,7.170879028185545012e-01,6.930146881562991856e-01,4.505389810047708554e-01,9.762260201027510575e-01,4.209257907108988617e-01,9.473052743018351984e-01,2.126172742890297118e-01,8.019260434410566685e-01,9.273092579250572509e-01,7.399031027951440409e-01,8.981573240464952868e-01,5.308734866486418680e-01,8.671745435790008116e-01,8.183233264381380989e-01,3.094937677350775504e-02,5.233079310652180016e-01,8.699201623805470351e-01,4.320379084395256641e-01,7.428103744410338161e-01,8.715316994893413938e-01,7.588555576736062402e-01,6.080733084037003300e-01,7.834559767745719050e-01,9.134660381868844325e-01,7.018892107263288160e-01,1.521924738368706231e-01,6.991360922782492437e-01,7.134077206754764200e-01,7.789918626839645865e-01,8.540937500698589924e-01,7.861472078736457814e-01,4.546111485630745519e-01,9.033639219357249006e-01,9.775590002245302390e-01,5.343297063372443034e-02,5.587546631016481191e-01,7.916411637820049974e-01,8.585882373081230590e-01,7.079995876684876954e-01,8.235272811110904145e-01,9.518103859528068700e-01,7.545460066252127618e-01,9.270084528553674819e-01,9.207276142914150308e-01,3.545874324613977890e-01,1.915026809912436512e-01,7.167358371702730047e-01,7.181718213584906696e-01,8.055956861662214585e-01,4.995765705041987914e-01,4.013675333902939624e-01
5.890262249010821405e-01,6.145472197196296671e-01,8.604056935383659344e-01,6.211605675103887281e-01,8.268909403527815449e-01,0.000000000000000000e+00,4.652863828693294401e-01,3.970769915859971855e-01,8.413787118182529667e-01,4.619655535177621397e-01,6.702679786478065171e-01,7.524193896786486313e-01,7.779254246479622159e-01,7.062866767202976570e-01,2.309563501766145333e-01,9.326342159158199085e-02,8.149052760105958138e-01,9.911954900383315170e-01,9.824731224320331080e-01,7.772818441555393587e-01,7.925867266143292733e-01,6.870906831055055841e-01,6.562136026060167993e-01,9.566360528452296785e-01,2.998602351495054941e-01,3.359530058668872554e-01,6.950059060426868607e-01,8.026073113966473160e-01,2.020538380698435055e-01,7.250784062289848952e-01,2.933419050987179921e-01,4.962471161658588703e-01,6.388614782052264296e-01,9.032232265770728796e-01,8.526049504848749461e-01,1.931058153102714614e-01,2.404534283869352584e-01,4.973271743349689800e-01,8.429838107203107000e-01,8.018055085647850522e-01,4.790626174767322332e-01,7.162967511811988430e-01,4.974791407161184842e-01,9.293369633128031326e-01,9.668904384089802573e-01,9.286673496627109170e-01,-2.972002786979387468e-01,8.506631186418797119e-01,5.421725156449509475e-01,9.178438949998599661e-01,4.816529821217421237e-01,7.808021528663433575e-01,2.168774873515117441e-01,6.612681097904297145e-01,8.632132548105942993e-01,6.002190577048238662e-01,4.550803171725190110e-01,3.871811569439338463e-01,8.301996733016494545e-01,4.621172693808526244e-01,4.322300852660797554e-01,2.515550286617986853e-01,3.309767291625569374e-01,7.084528043142811482e-01,5.347554144992199276e-01,6.249304702733960992e-01,8.414817089741366551e-01,6.118550766875647806e-01,7.970379315533766551e-01,4.816222354440305997e-01,8.808173911507265474e-01,4.026335321334347239e-01,2.476250443883150909e-01,7.266058489154559874e-01,3.365951580515667008e-01,9.924913106704575938e-01,3.636924628064622800e-01,8.519932157046211652e-01,4.688893378551305391e-01,3.789003259827645187e-01,6.766952963796789566e-01,9.237525646018615033e-01,7.792355829621837593e-01,5.646459248299121603e-01,6.304096315953937602e-01
5.367107794496194240e-01,8.484182314948783832e-01,5.773095670141684677e-01,4.830835699312762688e-01,8.777704656870175537e-01,4.652863828693294401e-01,0.000000000000000000e+00,4.912524003696475128e-01,3.996639837788635297e-01,6.017364685344702702e-01,4.428974182444420093e-01,5.378204574504384938e-01,5.879673943157234239e-01,4.862564983886100700e-01,1.410069227336809838e-01,4.203176399678520414e-01,7.311612658885571214e-01,1.966684949329722820e-01,2.058009660672562580e-01,4.246564520389561892e-01,9.256237587098561370e-01,7.200896807729704197e-01,5.442584024438284346e-02,9.188267770746525454e-01,4.651825225176891010e-01,4.323761713646370186e-01,6.936708053917332029e-01,7.364282221073658041e-01,4.216061285895356114e-01,4.578173616730772388e-01,4.932007851860588099e-01,4.865306308606917041e-01,3.478675033261543481e-01,7.380748869346949181e-01,7.244229168185017942e-01,4.973679361519277031e-01,6.755124516425814463e-01,4.810688752939326074e-01,7.911160151339110547e-01,7.916069473797004985e-01,8.734443875754656084e-01,3.912608469036924497e-01,9.589078757481039883e-01,7.321926206318734032e-01,6.546551255171437766e-01,7.473264588365472472e-01,9.500589022868669575e-01,3.496846512486758152e-01,7.398811068652845213e-01,6.671437432369722309e-01,6.391156479274867630e-01,5.225132233746435650e-01,3.575672272367725890e-01,7.968854650755616831e-01,2.833031897151618295e-01,7.987489236531490899e-01,6.860124576835278098e-01,5.746635620717591708e-01,8.724827300094024629e-01,1.069401712976743024e-01,5.177544298554400681e-01,6.246373513572710534e-01,5.188581050521468008e-01,4.751110342158257893e-01,7.814879091422620716e-01,7.443680539401013041e-01,8.642463230439698663e-01,9.908846920496487964e-01,9.233676801529142608e-01,2.956820569875306948e-02,2.336624237078099298e-01,5.763630919926591156e-01,4.279125390594253342e-01,3.499078654708097647e-01,9.457120454320570024e-01,6.480044561655347035e-01,4.683581179464663680e-01,6.628851939592117493e-01,3.257993445832118029e-01,4.990846760756602607e-01,7.988466453859359717e-01,6.746312722655942729e-01,4.137136222587464718e-01,3.683003909179642932e-01,7.020131586950960623e-01
9.016737558554270837e-01,5.120666908273503459e-01,7.015751293965581947e-01,5.372812014801688907e-01,8.225918368034423889e-01,3.970769915859971855e-01,4.912524003696475128e-01,0.000000000000000000e+00,8.908035930901374577e-01,6.208393480014617882e-01,5.943969839818845635e-01,2.235147807788903374e-01,7.340295058411198115e-01,5.399247690754254148e-01,4.191826517439449229e-01,5.937187106611065968e-01,8.896207739003414439e-01,9.682737069713973632e-01,5.809961891824109159e-01,2.521856131706523008e-01,6.569367763822613338e-01,7.515873643249125768e-01,3.523009877058634332e-01,7.319605513334637159e-01,7.742673959904833314e-01,6.336015004202006917e-01,7.838138082805390372e-01,4.401572234230462510e-01,9.361834246318233577e-01,5.707956939754060821e-01,2.063075939954053806e-01,4.950789551963405977e-01,6.591012516938331567e-01,-1.758363261322401505e-01,5.545276757538775136e-01,1.680534215595953507e-01,5.354537481187937598e-01,7.505696714397878111e-01,8.735732027951012002e-01,2.324375918148868236e-01,2.676676925167622567e-01,2.918913121176275882e-01,8.529496352626155797e-01,8.965506738899321482e-01,7.093002830534271830e-01,2.748184458882142467e-01,2.856314912944046824e-01,6.783778971397947943e-01,5.217462952225755402e-01,9.386801330459206838e-01,6.919211089114505331e-01,1.992244236276770608e-01,3.665559413351001661e-01,4.942211008374606807e-01,7.971060919935718525e-01,8.736115954672714068e-01,5.201066269303111778e-01,9.010586947576079142e-01,8.414292409946440010e-01,3.092773854093440744e-01,2.662649102983624672e-01,8.816857682307158717e-01,5.530794509856595820e-01,9.407953916259769178e-01,8.341498268287708129e-01,4.474001929663888877e-01,9.151845702392820137e-01,7.551268936335484572e-01,6.535342322744928101e-01,5.621249524206247683e-01,6.135674352479146831e-01,5.014490218520040177e-01,7.054318373546131227e-01,6.395948424255587517e-01,6.851889072460152219e-01,7.609290222611276855e-01,5.019786367302970786e-01,7.105925018902239376e-01,6.075096834977359306e-01,2.581071775949290714e-01,4.253308847622217503e-01,8.996029826477824898e-01,8.567201800622141761e-01,2.700018425616458329e-01,5.213373010457140744e-01
8.960515316977575306e-01,6.993269503879891991e-01,7.649727543527606866e-01,7.389157556196715992e-01,7.418579695548018771e-01,8.413787118182529667e-01,3.996639837788635297e-01,8.908035930901374577e-01,0.000000000000000000e+00,8.955942241283146865e-01,5.862776800145195200e-01,5.731760700924876106e-01,9.098371304910624069e-01,7.867808278560443069e-01,7.749746559772385801e-01,7.188431649324202866e-01,5.420075270128981160e-01,6.485537823079795539e-01,6.309303579632072889e-01,8.984000171701316262e-01,9.721136779747687751e-01,7.425068660772118356e-01,5.276918678944564345e-01,6.241790224022608635e-01,4.520487608150413616e-01,7.947942399077775333e-01,3.197474281747943459e-01,6.124036912048728132e-01,5.027516694255100838e-01,5.460235786442314554e-01,2.325849729746974903e-01,8.222898455314435751e-01,5.844421593185082919e-01,8.746390253443752094e-01,4.630368401119362431e-01,6.836817536402440831e-01,2.636035047918187102e-01,6.431171280298115800e-01,4.024337782081006676e-01,9.592653445034183823e-01,2.103907364087314324e-01,8.496169839108296262e-01,6.293844637533183572e-01,7.806455702638396277e-01,5.859382049170998030e-01,8.819233155335463037e-01,2.416517557425751084e-01,6.775060302440812920e-01,9.693697892491661694e-01,6.025863650038052466e-01,9.099386847492575425e-01,7.196868020668212296e-01,6.864911901014698614e-01,5.903314975093483241e-01,9.322096709566202177e-01,6.945646973781455236e-01,7.391527386924717780e-01,9.684007685753294181e-01,8.527382051901841731e-01,4.239383103895648652e-01,9.193841340952392249e-01,8.999695467459729592e-01,6.211405517175645485e-01,2.645953022915056851e-01,7.482473881296858309e-01,5.143093930054988272e-01,8.927022444674331814e-01,5.399373625797638798e-01,7.440542203658991882e-01,6.577729917798710302e-01,4.349306636577947582e-01,6.942802058904107287e-01,1.118761887327968108e-02,3.551364851341201612e-01,3.631319961009630282e-01,2.663555499358739032e-01,8.612136646901278336e-01,7.480023958076030821e-01,1.902658316539641570e-01,8.083531841257456385e-01,3.670191546148834361e-01,9.347174769057476906e-01,4.989707296816257021e-01,7.445079792242276229e-01,4.569736112125311056e-01
9.974869207787857572e-01,3.792019248295966927e-01,9.163876369017549539e-01,9.276366989901474458e-01,7.603716230659955944e-01,4.619655535177621397e-01,6.017364685344702702e-01,6.208393480014617882e-01,8.955942241283146865e-01,0.000000000000000000e+00,9.688413275135968616e-01,9.753188149494262937e-01,5.655552381374839843e-01,4.328597291997116625e-01,5.009380521452734270e-01,2.306361640412113445e-01,2.546713317639073271e-01,7.878912895696810192e-01,9.263886654938494614e-01,9.963494525592873075e-01,3.106351872841158768e-01,7.360904102806931082e-01,6.911944092925493832e-01,5.829402476498297681e-01,2.003517219620415679e-01,9.147973065700372164e-01,7.809942669415574912e-01,6.174642685981545087e-01,8.827542584726489894e-01,4.951259276368266127e-01,7.111035780008988227e-02,3.223941517508293053e-01,3.005866090849854122e-01,8.007868367403540022e-01,6.566141427339807768e-01,4.686180807922493141e-01,3.748731489755014468e-01,5.538219841654792308e-01,9.908378135218581795e-01,3.368191011655204958e-01,2.884957681031923293e-01,5.984121128364995323e-01,8.570068466552250852e-01,6.056985303928126285e-01,8.469141404399066486e-01,4.118630907237340599e-01,9.271334369248344087e-01,9.425450706778403243e-01,6.931672607093073424e-01,7.396954657315613080e-01,8.005302737083427322e-01,4.850227014712679696e-01,9.499095186324111317e-01,4.793728418527574142e-01,8.881541782255789608e-01,6.437706258860658171e-01,6.284827601703415478e-01,9.998770898612413527e-01,3.150557343113108977e-01,7.578436917238364767e-01,4.734070211699493158e-01,6.147651405263779845e-01,7.856381116353517990e-01,8.482511122146214610e-01,8.122025082403768748e-01,7.362941904306634644e-01,9.020101243359818222e-01,9.285301687516174240e-01,6.360664672113109930e-01,7.458150275206720803e-01,5.317800496801714516e-01,9.430364375414066469e-01,6.189204493863016410e-01,4.100654989242584758e-01,5.832465209316166632e-01,5.700557358441273870e-01,7.334079736791138115e-01,7.620399472884239467e-01,1.402937620407293806e-01,3.821154909532291644e-01,2.033264820877974388e-01,4.617826166617591266e-01,4.094903274333544507e-01,7.500526222835572909e-01,8.091400548156130190e-01
4.697409931285155271e-01,7.737188143307059951e-01,8.198221541091752496e-01,6.977662402820195009e-01,5.146577900047759613e-01,6.702679786478065171e-01,4.428974182444420093e-01,5.943969839818845635e-01,5.862776800145195200e-01,9.688413275135968616e-01,0.000000000000000000e+00,5.725731641058062760e-01,6.024320243571332778e-01,9.404442166530292413e-01,6.768999882842197113e-01,5.650615327361304674e-01,5.498414905050975632e-01,7.409522041984764051e-01,8.899051003816531580e-01,5.791962079706070021e-01,9.909736530309449787e-01,8.641312847924869089e-01,9.657395315551278170e-01,9.277889022441198064e-01,6.249850408862556161e-01,3.894574408133494314e-01,8.229461616723884321e-01,8.243548541309079214e-01,6.108810215971417490e-01,4.637904936515913068e-01,9.611240702585677198e-01,1.860181613878937323e-01,8.577533916515968082e-01,9.492828536802386807e-01,7.407966987782599322e-01,4.843935243465902207e-01,3.631581157940543259e-01,6.996134174864646615e-01,9.841029159904959300e-01,6.759812215805575120e-01,4.952488566524202440e-01,3.938843643168479236e-01,7.099019856734190004e-01,5.492187975604152506e-01,9.291409217672850218e-01,6.774563432285496400e-01,8.205522435588876728e-01,6.249182916751222505e-01,6.044690131438762437e-01,9.959119826765052697e-01,6.508488748002339008e-01,7.448196027063819225e-01,8.868959455187070962e-01,9.509304448586625158e-01,8.546590848292522358e-01,7.756632326520562781e-01,7.117022178214447159e-01,8.145675038435626902e-01,8.536815690501968756e-01,4.809065049612573084e-01,7.692407802983745047e-01,7.110233557227004786e-01,6.663336122874364831e-01,7.201097520013163278e-01,5.310992424554614733e-01,2.265488882905910828e-01,9.595417595094947183e-01,8.524252836254995191e-01,5.750632532994347512e-01,9.658181473047372512e-01,9.191590979557048291e-01,8.894630861753888285e-01,7.342822034539868703e-01,4.170203972123378011e-01,6.036610655398111369e-01,8.773180531441914232e-01,9.561795739440227537e-01,2.599671665476634974e-01,2.042700236458854790e-01,3.014985502806741824e-01,2.452840989670675154e-01,9.304619438358523453e-01,8.288945290743842120e-01,6.604959223610853414e-01,4.388665504466977563e-01
6.452002455963521399e-01,4.123581250347176930e-01,6.060135802651901438e-01,8.115227680504094598e-01,9.286409888212615593e-01,7.524193896786486313e-01,5.378204574504384938e-01,2.235147807788903374e-01,5.731760700924876106e-01,9.753188149494262937e-01,5.725731641058062760e-01,0.000000000000000000e+00,6.307739327332906321e-01,3.825105453262542810e-01,5.755104944218695229e-01,9.435059712947113653e-01,7.134713951765176976e-01,5.122418246226749794e-01,7.735112689161613986e-01,2.217495394611492254e-01,8.377693544159409145e-01,4.413785106872307740e-01,8.524449636479241033e-01,6.549317302695371046e-01,4.765990720214622889e-01,-9.764200103558666466e-02,8.002353029665577600e-01,6.899156543127162866e-01,6.018233271887085678e-01,4.085521249041104141e-01,5.096897550862795889e-02,-3.458934297544596359e-01,8.548676156732563092e-01,8.763152688505697618e-01,5.379903185526004883e-01,5.066574157673296996e-01,4.098974558992032891e-01,4.810822452775358471e-01,9.608520636774926515e-01,6.201852528513729368e-01,5.870431827003353975e-01,5.158148722540732978e-01,6.890939142356810043e-01,1.143606184270435783e-01,4.320576070336423877e-04,9.786677904454407217e-01,8.005799867605776221e-01,6.229145586659340372e-01,5.014825593240557211e-01,7.931868795614379630e-01,7.465582853423975429e-01,5.701373363028204855e-01,7.263872504658284157e-01,5.575782611677808642e-01,8.129098870159465751e-01,3.703116209397989689e-01,3.122679014796628238e-01,9.926065494563017788e-01,5.776725094573943453e-01,3.049794782802840443e-01,6.717610867322445500e-01,8.304841328440194514e-01,7.532544705640047411e-01,8.661493367872783455e-01,3.253512471600988887e-01,7.398150828471561358e-01,7.244701292434942985e-01,8.802111977655929786e-01,3.362137972817775822e-01,3.552708531650440316e-01,3.463396278635847425e-01,7.296296877665164882e-01,6.825476997397545986e-01,4.452315961231568253e-01,9.748414070530211362e-01,4.908283211031517768e-01,8.210877527151898558e-01,6.084446269054190060e-01,6.343082420359885676e-01,3.940592562745000027e-01,4.633074992673629211e-01,8.762331396229625646e-01,7.475425472085672762e-01,4.043068285264539430e-01,7.746924002980740687e-01
7.459841284411561357e-01,8.377404853733850798e-01,8.638662790724151996e-01,9.898470314870233544e-01,9.624010644353152566e-01,7.779254246479622159e-01,5.879673943157234239e-01,7.340295058411198115e-01,9.098371304910624069e-01,5.655552381374839843e-01,6.024320243571332778e-01,6.307739327332906321e-01,0.000000000000000000e+00,2.155295060424212705e-01,8.826608242825394468e-01,7.254740673349510116e-01,9.030080786187790753e-01,1.182002506165671374e-01,9.774598685583391067e-01,6.309451951525872904e-01,9.241883294167640983e-01,8.063583095725375127e-01,5.846835091077334789e-01,5.400053858719312538e-01,7.472383497771927230e-01,4.973333731476430319e-01,6.126857000813751286e-01,5.633045552339132067e-01,7.603689733968221898e-01,1.771309177708177696e-01,5.308139935915716645e-01,4.786988239903303688e-01,8.709230067867478331e-01,6.691054404935143918e-01,6.985566237674332157e-01,4.295901798166861796e-01,7.238898278663555841e-01,7.062685257402115946e-01,6.072338775278316447e-01,7.179244912729658701e-01,2.618947694984175567e-01,9.369577369055704930e-01,2.963693801935525785e-01,9.537337073961050793e-01,9.228336249354813781e-01,5.927469017609469093e-01,6.498253134102621731e-01,5.501145731470947764e-01,9.777408125128690397e-01,5.328433302119777171e-01,9.572751471745973850e-01,8.063290150728348316e-01,6.021258607526180917e-01,8.584939393076677083e-01,4.490586522715910855e-01,2.266750444996744052e-01,6.012054399161697038e-01,4.661796013046433651e-01,7.177367615357460595e-01,6.478197313600004836e-01,3.719845358525412093e-01,7.056533200204492262e-01,9.450034309946747646e-01,8.499624785272705818e-01,9.483724020917294606e-01,5.579440294271764689e-01,8.500860839710780992e-01,7.645950555092536627e-01,7.747582202468217272e-01,2.313706262687634241e-01,7.986136565738100046e-01,9.703198442156469872e-01,5.542973344708594929e-01,7.156100169726747895e-01,4.235323345524849015e-01,7.076796272500625040e-01,7.817189638095847215e-01,3.504128851248008436e-01,6.534869788218055087e-01,5.767490259878913506e-01,5.402493408104627193e-01,9.370538086063944228e-01,6.533001456199242218e-01,9.946678215212977348e-01,7.803024866701292472e-01
6.182709773524988073e-01,8.377051372036049548e-01,9.245405193682660894e-01,7.333507013867843760e-01,9.991286602162623431e-01,7.062866767202976570e-01,4.862564983886100700e-01,5.399247690754254148e-01,7.867808278560443069e-01,4.328597291997116625e-01,9.404442166530292413e-01,3.825105453262542810e-01,2.155295060424212705e-01,0.000000000000000000e+00,8.196474958477550921e-01,9.286608130241983394e-01,9.646596007108196869e-01,6.496070274045375736e-01,7.376273285800312163e-01,9.490988560756805636e-01,6.442609392160986159e-01,4.345992289220181326e-01,7.283232032051603078e-01,3.442314779289970539e-01,7.258679495003851345e-01,3.851823606535598188e-01,5.191439224783768180e-01,6.484495456709422623e-01,5.005726481272598782e-01,5.220369258469611529e-01,-1.768520244249351669e-01,6.777961910887866370e-01,5.893495654617415536e-01,9.900922748460002643e-01,8.044171376310537136e-01,4.364440905868321452e-01,5.135475757992891133e-01,8.677043390039556048e-01,7.489108052313091513e-01,7.834667756505270253e-01,7.623474866020658602e-01,4.214607196926417609e-01,5.203164090939850217e-01,4.117677907609941790e-01,8.454143749945260966e-01,8.581917106821127517e-01,6.747610201547079578e-01,9.851762877105537664e-01,5.844069075675067948e-01,8.161289424017469374e-01,9.785206302906509501e-01,6.265839577763077095e-01,7.861922709887357863e-01,6.001640416950776435e-01,8.344519490797608352e-01,1.954371131397875661e-01,7.287748419250537069e-01,7.029124093861823797e-01,9.629982574375021143e-01,5.507664099269369284e-01,4.877604246469205984e-01,7.590064318684675015e-01,7.850485914178713109e-01,6.843033066462861358e-01,9.054912801109925580e-01,7.185159638487249589e-01,4.248377525959588508e-01,8.991040046862071033e-01,3.501956969543769116e-01,5.700721825069857696e-01,3.717625071432028028e-01,9.607283515614726266e-01,4.740508581278673472e-01,3.744002513431984869e-01,7.065995926731386545e-01,1.225804397439743121e-01,7.049078211721521159e-01,8.234491136179779014e-01,6.036531284978896746e-03,5.138098651530473848e-01,9.702359661481984032e-01,1.380304400440102251e-03,7.074460140396595653e-01,4.559001801724441028e-01,9.614927645350581642e-01
2.031584734513439405e-01,1.428106698094405436e-01,8.942292968267600006e-01,6.008021042671891632e-01,6.337670267817289149e-01,2.309563501766145333e-01,1.410069227336809838e-01,4.191826517439449229e-01,7.749746559772385801e-01,5.009380521452734270e-01,6.768999882842197113e-01,5.755104944218695229e-01,8.826608242825394468e-01,8.196474958477550921e-01,0.000000000000000000e+00,9.687806387605939484e-01,2.305526418789133891e-01,8.167520283096464384e-01,8.945775936489659408e-01,8.511167850544774094e-01,9.986094086556639438e-01,4.920902209285392681e-01,8.007133930793211007e-01,5.546193758992065126e-01,6.550564090876187517e-01,8.286388015994099465e-01,8.783889123110701913e-01,6.512413528612400748e-01,2.068269290133833704e-01,4.170745776752823319e-01,4.495650051316811280e-01,4.879228499504015826e-01,4.957696592310238404e-01,7.374379331133216198e-01,9.655133663256907361e-01,5.049502170308550753e-01,2.594391111010084239e-01,7.399693506915190344e-01,2.631975916879961130e-01,4.718220122662926119e-01,5.000145621543347074e-01,7.293281545925117682e-01,6.488960033160509067e-01,5.090915836902545344e-01,5.894431728717113295e-01,7.695132268780989770e-01,6.335243411378981282e-01,2.276588480392410518e-01,6.625354808985189914e-01,6.936115676977935296e-01,5.615611193035238147e-01,4.979136408486597998e-01,7.841301588193299033e-01,6.721157611515545804e-01,8.961279564740532999e-01,7.883338788767370042e-01,7.835470993488073965e-01,6.556366299955349586e-01,9.258699878524024873e-01,8.171030397928511491e-01,5.575296349103637805e-01,4.080333230228881947e-01,7.150329578705578726e-01,9.723754199890355387e-01,9.251025708327836883e-01,5.263044062964294945e-01,6.925185091602166221e-01,-9.569852038341035427e-02,6.834232214201267919e-01,2.051991881705915455e-01,5.361309816607907619e-01,3.638783737248113548e-01,7.540254827413159777e-01,3.623874981197493517e-01,4.447610784479751334e-01,8.150559349926892461e-01,6.188325441669175753e-01,3.635910081125551807e-01,3.037246672756822030e-01,5.701660620135605706e-01,6.364957476108079604e-01,9.145819378928399246e-01,9.730850621463099648e-01,5.223731191088877290e-01,5.541299719963068693e-01
7.153144774354829316e-01,6.036703390613327169e-01,8.549892032575505674e-01,8.752596083540710170e-01,2.712391882470318594e-01,9.326342159158199085e-02,4.203176399678520414e-01,5.937187106611065968e-01,7.188431649324202866e-01,2.306361640412113445e-01,5.650615327361304674e-01,9.435059712947113653e-01,7.254740673349510116e-01,9.286608130241983394e-01,9.687806387605939484e-01,0.000000000000000000e+00,8.531668650056173364e-01,3.141054118173970955e-01,7.743063719883819251e-01,9.829620669794210119e-01,9.784304968434901495e-01,5.548572093979335929e-01,8.721374293013161028e-01,9.276124922305805098e-01,9.503598751548512080e-01,2.151718700731981015e-01,8.392315499870575124e-01,1.063393572430701428e-01,2.041337455055231842e-01,6.503727760371380562e-01,7.519189225901372620e-01,4.266165916514744749e-01,4.364904880221507355e-01,9.671770795160112844e-01,4.077378893582757069e-01,4.311368399660427397e-01,2.658018271926435583e-01,5.527261588296336070e-01,8.715659089101274182e-01,2.266898116492413739e-01,3.263590337522159768e-02,5.543941032853991757e-01,8.059214656694001500e-01,9.360871979677063415e-01,9.981017558252957000e-01,7.163756432293135745e-01,8.709043864128984680e-02,8.413479072700521533e-01,2.744738712005980741e-01,3.904703599312626672e-01,6.384871084733518831e-01,4.643782752772638300e-01,4.289069705189340054e-01,7.706065104933311760e-01,7.857329093679644716e-01,4.504703300061265736e-01,1.713211589037500057e-03,2.142747097167887749e-01,1.294137890281952807e-01,2.092997019344647325e-01,5.141843377630802570e-01,7.113264009075593863e-01,4.643717938174926618e-01,9.407539507053360728e-01,8.665390427015280395e-01,1.013965293587406058e-01,3.213193804389858355e-01,8.421723580033773082e-01,2.777740303763005791e-02,5.211614185646025188e-01,9.851456352680280082e-01,6.129024074441592473e-01,4.760598957183740376e-01,6.070322727234540583e-01,6.288125259014365476e-01,7.590687063941423673e-01,5.653142464151958979e-01,5.597283892201655453e-01,7.408095256863612699e-01,7.609693665446698452e-01,3.006297876725880225e-01,4.331613618781601227e-01,8.118749449879991698e-01,2.465318889274246972e-01,8.517914589602257891e-01
5.738839652236544797e-01,5.591978157836361429e-01,9.793509753044103983e-01,6.831042197928209880e-01,6.422224856256738557e-01,8.149052760105958138e-01,7.311612658885571214e-01,8.896207739003414439e-01,5.420075270128981160e-01,2.546713317639073271e-01,5.498414905050975632e-01,7.134713951765176976e-01,9.030080786187790753e-01,9.646596007108196869e-01,2.305526418789133891e-01,8.531668650056173364e-01,0.000000000000000000e+00,8.033218888105173594e-01,5.014957954594755352e-01,8.396364782417232719e-01,6.881083272732002598e-01,9.384201036215817915e-01,7.594361760392982497e-01,9.310094784564665327e-01,4.233252748106555718e-01,7.866526376242399810e-01,9.764837390283821472e-01,6.237908948154919919e-01,4.851486387242622267e-01,5.545387394610094001e-01,6.701434511655266490e-01,7.850928570797935935e-01,7.163386719439915895e-01,8.956087599437679847e-01,8.405186477247484911e-01,5.666495875424378825e-01,7.278450849825448543e-01,9.039724164865926559e-01,9.959164395652484458e-01,8.958258668258884949e-01,5.808924803925478164e-01,9.817683752675498976e-01,7.968067493222674713e-01,8.164657447663007384e-01,8.559873259091510533e-01,8.869573180563851134e-01,9.452532656209945428e-01,8.389868548186122377e-01,4.694915345318217414e-01,9.021237723426852595e-01,2.237663739796820483e-02,7.003870577299563527e-01,9.519386230916083713e-01,6.059163799720069798e-01,9.844487966572754711e-01,5.677244908975619397e-01,6.330647482670105353e-01,6.352674414164232175e-01,5.640814887618181839e-01,2.722898720105933479e-01,3.456933432236638515e-01,9.968473891253804009e-01,9.850721229696082215e-01,9.457596401012786647e-01,8.084218622284121414e-02,8.470776256875486299e-01,1.428466872666508125e-01,8.981401754068421006e-01,2.580961981610948586e-01,7.343263495788737716e-01,5.929016837683855901e-01,8.075793049806787582e-01,5.215641235123721353e-01,4.312224194607048311e-01,8.567710329620157328e-01,6.511516174090978826e-01,9.396138017796544784e-01,9.392177608609098005e-01,2.222472802885929744e-01,2.165937529276790730e-01,6.476742151114630586e-01,8.534215464848394772e-01,9.040711558109550960e-01,2.573488640029996666e-01,7.119329609408011628e-01
9.129807300128987002e-01,4.443293398618439749e-01,4.890637730191482180e-01,6.930308434877718859e-01,4.716833450590452448e-01,9.911954900383315170e-01,1.966684949329722820e-01,9.682737069713973632e-01,6.485537823079795539e-01,7.878912895696810192e-01,7.409522041984764051e-01,5.122418246226749794e-01,1.182002506165671374e-01,6.496070274045375736e-01,8.167520283096464384e-01,3.141054118173970955e-01,8.033218888105173594e-01,0.000000000000000000e+00,8.847640780979655339e-01,6.169562363049534426e-01,9.838721459100182587e-01,6.623257562332861559e-01,7.388971538751621937e-01,8.696687712001536230e-01,8.985546617203027386e-01,6.559822494165106210e-01,4.245371535301809551e-01,6.686941578211547110e-01,8.485739300793530004e-01,4.824819111770688451e-01,6.143572849758016652e-01,3.820763908874408310e-01,4.758091628254752514e-01,6.587360500017754861e-01,6.422768155290142778e-01,7.979062704851842547e-01,5.834966694464427395e-01,2.527927790666311125e-01,7.386253603080912278e-01,6.197335185728979345e-01,4.843144260899294173e-01,6.010806323129130879e-01,8.921856415310850386e-01,9.404628910307666345e-01,7.977227766012348065e-01,9.809810212692808840e-01,7.928966277387454742e-01,3.006654452783396048e-01,9.437906972990095511e-01,9.875954122851925421e-01,8.365366973385888194e-01,3.753601787724721861e-01,6.688512909729693590e-01,8.346451993864042462e-01,3.749783631846381748e-01,5.695294898912450776e-01,2.891406487971729389e-01,9.786851650366205080e-01,9.965950365319142801e-01,4.787201514454040296e-01,7.327507547522584819e-01,8.066987806269215744e-01,4.423504220849245328e-01,6.583476818592309820e-01,9.355478344665031365e-01,2.540315001365421876e-01,8.783098442299506203e-01,6.852678487870319524e-01,6.558654581721462540e-01,4.048421425601076984e-01,7.895597910761718019e-01,5.054886572630408192e-01,2.872427761650194755e-01,5.481710333086056153e-01,5.210239737801706239e-01,7.194051956490418176e-01,6.004114964168754121e-01,5.722636412398487415e-01,5.093285423181357491e-02,2.625287506640970880e-01,6.385875717482670799e-01,8.879136839789270041e-01,9.887696112885244748e-01,5.752247801420189433e-01,4.741806948888896978e-01
