0.000000000000000000e+00,7.220509855703466373e-01,7.365499045412701173e-01,9.599831754760711489e-01,8.242461474387755560e-01,7.209426875069699925e-01,7.913259177082423435e-01,6.492422001187563296e-01,8.590145736813021848e-01,8.420048854034228869e-01,6.447119512522430096e-01,8.356532396272872143e-01,7.207922283679475406e-01,4.327993144781536738e-01,9.422815229982687280e-01,8.274581637154078129e-01,8.520768289524978112e-01,7.610995301691314552e-01,8.920138244500176450e-01,9.173386581800005990e-01,9.040617303677483951e-01,9.469990550920426298e-01,7.670375991051298081e-01,8.671630230653022409e-01,5.685234040381748066e-01,9.719221407196468876e-01,9.040295435684424508e-01,9.816665666606101404e-01,7.327549903142374088e-01,4.745673375012936512e-01,2.247440371313810803e-01,8.128748148404459917e-01,9.411237978801643145e-01,8.728801847661079583e-01,5.236986631451915342e-01,3.795761450406939796e-01,5.498763565612877491e-01,6.215902854793439181e-01,7.271468037272866836e-01,8.116893468036424641e-01,4.141153382811296191e-01,8.351039887111526561e-01,9.627837852479014247e-01,6.923493012166560545e-01,4.231537711822410675e-01,8.214291750430451344e-01,6.025989152926105596e-01,9.894236245975299715e-01,5.377381757679434715e-01,6.226220707549852129e-01,9.835331420526938206e-01,9.633758399332026379e-01,7.656543225869811842e-01,7.465104074538629897e-01,8.599612837861010384e-01,6.708379972993107065e-01,7.540446988998121824e-01,6.094628143332192494e-01,9.584663235082322430e-01,5.125704859608671837e-01,2.592171239108608249e-01,8.717205004902943699e-01,6.910256339764015987e-01,9.027955261910375340e-01,7.263876245753264627e-01,4.303715241475312148e-01,6.177681300927629904e-01,4.572647123372378108e-01,6.157193371033302665e-01,2.385964966769495710e-01,9.838695522381905034e-01,2.654833163694513276e-01,7.550519074169882439e-01,4.443765372402018743e-01,6.823210708941374047e-01,6.642075495941647256e-01,6.286314972620791197e-01,9.327316087814773171e-01,-3.478396670847567207e-01,2.509599942060980471e-01,6.316061325896578094e-01,6.068606160434409924e-01,6.210539709168899636e-01,7.357532978147834912e-01,9.848260319027457577e-01
7.220509855703466373e-01,0.000000000000000000e+00,6.175803487125408608e-01,6.980949447623887583e-01,5.587322395290452715e-01,6.481485651683335236e-01,4.361266922631862886e-01,1.093165059721095816e-01,6.173902467434320140e-01,6.519798742373393852e-01,7.623301962219977135e-01,8.059459107413392553e-01,8.251642370950810212e-01,5.636070661229334311e-01,6.303789797537613648e-02,6.211816966423947539e-01,6.448166255088294552e-01,2.219750950520536781e-01,5.202944941905843779e-01,5.859838357726440128e-01,7.698989040321322364e-01,6.199783171900737910e-01,8.041924136425555592e-01,5.625477136891132712e-01,5.818915458513469474e-01,6.744857578077170235e-01,8.011866921883217252e-01,4.186756724851484202e-01,5.430798215729459866e-01,6.074095590793189281e-01,2.752774137695712664e-02,8.759733365078503642e-01,9.104925600740982894e-01,7.396120690914901319e-01,9.048891736668187580e-01,2.619925192279864978e-01,6.370000820117802665e-01,9.759153361282886241e-01,9.536811187532747702e-01,5.079715606091500524e-01,7.165898518874400658e-01,8.271284970915255830e-01,4.929261171270113429e-01,7.859375736145919333e-01,6.047156483230723412e-01,8.406881978409752598e-01,8.461682248222375247e-01,9.772450111741821654e-01,6.580038076146328407e-01,7.518019788649107360e-01,8.148817613789035574e-01,5.716628486137573933e-02,9.850289793837945229e-01,8.404014495608118640e-01,8.344551634394604678e-01,4.755137046826340974e-01,8.824199091769070469e-01,4.009353831227996379e-01,8.578899452748247612e-01,2.021499751133276901e-01,7.836566373720755818e-01,8.454405209871305171e-01,6.907459414671738296e-01,8.269379486901755616e-01,5.227187700820320471e-01,4.687079249001195880e-01,6.082148945862170253e-01,7.179796583258268861e-01,5.544460732641368628e-01,7.748625676744570479e-01,9.315236113735859691e-01,5.883451297632731336e-01,5.821852272515525284e-01,3.332618954641504705e-01,6.732329269278473083e-01,9.011256887099654556e-01,9.780223328438817365e-01,9.559756617612265028e-01,7.115496676545585153e-01,2.558820365325719104e-01,3.461764472461434927e-01,9.576442832637552804e-01,9.444317739362152464e-01,3.233248041405694106e-01,7.953695421186177672e-01
7.365499045412701173e-01,6.175803487125408608e-01,0.000000000000000000e+00,7.144714675263768022e-01,2.265196922201877239e-01,6.492862208537140134e-01,1.071552087422533717e-01,2.080179413042594627e-01,8.060338083395252040e-01,9.068975331312930654e-01,8.093524579108469785e-01,7.207653888738244641e-01,7.710210145186027209e-01,8.652474791558067979e-01,6.168628477436809421e-01,9.830738997088676046e-01,9.575502277382872407e-01,6.830000134239736509e-01,8.731848395532386675e-01,1.821444266720697314e-01,2.808753440905180088e-01,8.922613217531814023e-01,8.959705045351811226e-01,6.210307966292651916e-01,7.624224536145125519e-01,6.391472704517389136e-01,9.916285308652104113e-01,6.191985983262751070e-01,4.126125653882440902e-01,7.640265071448413270e-01,4.718323961235302288e-01,7.990476930445059578e-01,9.476537013428845135e-01,8.336652132138848703e-01,8.755829978606044506e-01,5.013168436924808624e-01,6.915024767373829928e-02,4.803360732306173331e-01,8.784033181996251383e-01,8.247143932613151263e-01,5.842318589830366449e-01,8.507307941720955169e-01,9.636830891842937952e-01,8.566195311773854293e-01,6.801941138714963087e-01,7.049662696675055296e-01,8.408258497137365284e-01,7.683793647517065395e-01,8.392119659899729411e-01,6.790134872932869214e-01,8.134087891760379829e-01,7.365276390801775985e-01,8.658815097918477477e-01,8.925934815478252515e-01,7.762580904807185878e-01,5.030269422066468987e-01,7.540208723184834705e-01,7.872634646565128680e-01,7.676781634488742956e-01,4.103938536967798312e-01,7.310025710501093510e-01,6.707215270934159257e-01,9.151708525561272900e-01,9.085739801289893780e-01,6.974117723069276353e-01,6.064239902382578817e-01,2.849405169114496705e-01,8.489394256794066118e-01,7.776636123587866711e-01,8.038381937534183619e-01,9.178657680127260132e-01,9.169499121934530095e-01,6.037448663880071731e-01,4.561932143488383051e-01,8.305180171916436427e-01,9.072415243846193578e-01,5.418748528816089705e-01,6.862725392690404158e-01,1.250546541970357362e-01,1.457054862852110444e-01,1.022534065103790218e-01,9.648723509432585166e-01,4.193646794378547704e-01,6.080437740771660327e-01,8.902009121964732374e-01
9.599831754760711489e-01,6.980949447623887583e-01,7.144714675263768022e-01,0.000000000000000000e+00,6.795137188181333832e-01,8.164535515421446066e-01,6.087992133021256080e-01,2.265221764561073936e-01,1.227210476165677550e-01,9.861255126762759060e-01,8.434800255567340699e-01,4.017653287047865396e-01,7.668971964183459722e-01,8.219562552385525356e-01,3.676340128600114054e-01,2.565169635815559568e-01,7.551571765370698186e-01,8.805929977826580934e-01,5.912830790295182659e-01,5.378103895223171893e-01,4.528432238056175341e-01,4.547748032182336586e-01,9.910789014016089249e-01,7.599818704040354200e-01,7.939318731141220553e-01,9.594717237993471981e-01,6.535202698572164515e-01,5.656480988978171975e-01,3.927560851635010231e-01,7.387733404886852595e-01,3.555006877811629495e-01,6.831148978090457735e-01,6.554845001620227540e-01,5.561499793528452695e-01,4.134831699774979552e-01,5.050930756088151119e-01,3.001672383245770903e-01,8.428297000567914754e-01,9.909673130952068032e-01,6.274739309965110534e-01,7.734009966684028958e-01,5.612896494094474775e-01,8.028313318674935584e-01,8.417282257139052648e-01,5.932319537551666855e-01,9.102334372204474722e-01,8.586474367108674066e-01,4.933005176757845889e-01,5.012646160899828507e-01,2.119225529884961878e-01,9.851169249914337733e-01,9.087365727429244089e-01,7.597848329396966749e-01,8.719889306191197509e-01,5.025626245672156767e-01,3.049523016135893272e-01,7.544691920396413565e-01,8.575000034627034973e-01,7.935831264399118012e-01,7.515077124600995084e-01,5.408640203613981345e-01,3.015743256143324502e-01,1.712923893024581590e-01,9.924287596817609192e-01,9.652594013140198825e-01,6.930023278142576348e-01,6.169318301223242207e-01,7.905281616026684777e-01,7.911077017458063576e-01,1.910453865092480163e-01,9.130208782989868155e-01,6.713249414065516341e-01,6.541771422722222340e-01,3.434159089319626101e-01,8.177448406650431600e-01,8.703167136825813444e-01,6.581120684178027869e-01,4.226289227629397294e-01,3.220384845969039289e-01,6.098627010711339391e-01,4.917396122128016578e-01,9.729546676674222239e-01,8.515456415286231096e-01,5.205549891195624390e-01,8.500760628335943814e-01
8.242461474387755560e-01,5.587322395290452715e-01,2.265196922201877239e-01,6.795137188181333832e-01,0.000000000000000000e+00,1.963411191270044709e-01,4.747531131447368935e-01,5.244384241553614601e-01,7.880866158375043895e-01,9.371680629232999049e-01,8.108001266170720145e-01,9.079982009890612549e-01,9.365892600278937774e-01,8.135265204347320589e-01,6.792540350561974138e-01,2.636842791260198826e-01,9.514175439135548196e-01,8.192104297227228438e-01,4.108181470515873124e-01,3.848942282924109337e-01,6.237597709281111902e-01,6.758329329285437392e-01,6.684651199612605676e-01,9.060115721120139964e-01,6.508002963033748811e-01,7.401028210140720986e-01,5.655725940425551101e-01,5.730671199684271855e-01,6.479386091013745741e-01,7.227704329667770100e-01,4.255125019270921682e-01,6.735240677380832652e-01,6.770927972119391569e-01,7.262971446204754544e-01,8.544701546086127530e-01,4.329832203441181804e-01,1.343344659146396003e-01,8.607349719991337356e-01,8.596974957564195163e-01,3.742504025638790921e-01,6.972686593339169070e-01,4.614910653507008909e-01,9.206147185068351835e-01,8.856856321167584367e-01,7.025400027116600610e-01,5.861101183346004717e-01,8.557960531184582997e-01,6.512751523613169446e-01,5.037298365006244172e-01,4.734504417578666580e-01,9.156252796157980933e-01,9.508787670912351997e-01,4.961901825408789879e-01,6.822921277584603761e-01,4.280011532187936174e-01,6.095524838344831275e-01,9.659918571915873109e-01,8.450348903682911583e-01,7.259660517745691877e-01,4.419395709889907820e-01,4.811329800345351959e-01,7.517990640459191187e-01,7.117435157129060608e-01,6.160231868338534866e-01,9.548458932057061199e-01,7.970393928710270970e-01,4.051792339102620044e-01,7.177160413933137972e-01,4.836732541898516313e-01,3.766390920449870228e-01,8.900616541936624548e-01,8.803946578255893440e-01,1.708608701080735759e-01,9.416962101194722434e-01,-5.419492338307363433e-01,4.704814787902074080e-01,2.686205353705916066e-01,8.602068588714095743e-01,6.849829866015968993e-02,3.444205658107994950e-01,5.761417818349445774e-01,9.424450038437111044e-01,8.881495931039381508e-01,4.812357531422765122e-01,4.555529008468747754e-01
7.209426875069699925e-01,6.481485651683335236e-01,6.492862208537140134e-01,8.164535515421446066e-01,1.963411191270044709e-01,0.000000000000000000e+00,6.206890034794029232e-01,1.521358078064087571e-01,8.840212377003215938e-01,9.581123355509846284e-01,7.600109854966418110e-01,8.315975815252710790e-01,7.159459293742290731e-01,8.194283976986775908e-01,2.584735255147475597e-01,8.721349139799088324e-01,4.011957262444612038e-01,6.734183878805815038e-01,8.167694979211460593e-01,9.221660616262497001e-01,9.947328037701749226e-01,8.956508028164776869e-01,4.054647288852042397e-01,3.487982456637011008e-01,3.048926371773540978e-01,9.718098807462450806e-01,9.371478540748328090e-01,8.257435133295535357e-01,4.027227937685128323e-01,2.225315967135167439e-01,1.570486805717585532e-01,5.159522090838416508e-01,6.684846436482049237e-01,8.331992080333172623e-01,8.601089462901114757e-01,7.844393719781705965e-01,2.930509215812711343e-02,6.792922620808040657e-01,6.821199716425645487e-01,6.886651189243713223e-01,5.720519500786402922e-01,6.688369371075381098e-01,9.031553870068547152e-01,6.849617094551888608e-01,9.911764199293039423e-01,7.600277850713967887e-01,9.958185145901476965e-01,7.499058321031544239e-01,7.013516129934137533e-01,6.304744800356758549e-01,7.068080952431189390e-01,9.894225356975980823e-01,2.229302516013610680e-01,6.421119393241176976e-01,6.272726263227159649e-01,7.664981699463511156e-01,6.341702126189834310e-01,5.839701663056786618e-01,4.927837513168645267e-01,4.187358891555136298e-01,7.322505871853033366e-01,6.757617554729363762e-01,5.059449710222641006e-01,7.856927306813454859e-01,6.131433283150143909e-01,7.643827125862200367e-01,8.704632941864006712e-01,6.145350444463582029e-01,6.408542131846584056e-01,6.600748034341270554e-01,6.362261611886158574e-01,9.631485305473683756e-01,5.206847358427433292e-01,5.285273842432273161e-01,6.738095102919769985e-01,6.800393968221866148e-01,8.445258877158101640e-01,7.177567583831520048e-01,6.797521139547068048e-01,5.125240731430393826e-01,9.678189385538185086e-01,8.314661372051843635e-01,4.753677834833478499e-01,9.536993939383245356e-02,7.560474077540202398e-01
7.913259177082423435e-01,4.361266922631862886e-01,1.071552087422533717e-01,6.087992133021256080e-01,4.747531131447368935e-01,6.206890034794029232e-01,0.000000000000000000e+00,7.250772065886725848e-01,6.175834775132703625e-01,4.175691359004922720e-01,7.226103631941748207e-01,9.171425351211605070e-01,4.674535168944302099e-01,8.777444424738448658e-01,3.763290347020671334e-01,4.786013092488457521e-01,9.084534356577158576e-01,4.923317576333875456e-01,2.231666562417161104e-01,6.646240924659236882e-01,8.599550673980453919e-01,4.082856863385622148e-01,6.882855451129841207e-01,9.045538872114781137e-01,4.362351163985145330e-02,5.123734935836072868e-01,9.606085927495037202e-01,6.206899510034606937e-01,3.489269546721337489e-01,2.699887347860356890e-01,4.217822830008479129e-01,7.733178132260526416e-01,6.701586445152405425e-01,4.824200274642499453e-01,6.041918395299996636e-01,1.395314635302200706e-02,4.189457129201192842e-01,4.096466717432838966e-01,6.686780040953919091e-01,5.274830878266977274e-01,5.349188012522765323e-01,6.415903409510171906e-01,8.258791105438191282e-01,7.679835396022883787e-01,7.205008682697202627e-01,4.377395686303488520e-01,6.380558306208410357e-01,5.930765478897891407e-01,6.267317990327441191e-01,4.452542996964587996e-01,2.501099074026289643e-02,7.690127871471131860e-01,5.614297869305600042e-01,5.182293691519559431e-01,1.021502055240891826e-01,4.558262054929148599e-01,5.827985473128729499e-01,7.350157018631602313e-01,5.245112574019450413e-01,2.199531910873200533e-02,1.808952410888542139e-01,8.481904193930889235e-01,6.041285663210358425e-01,7.116580629446780382e-01,7.785967335522471222e-01,1.326032824570967106e-01,5.372019540217717326e-01,9.509339297020817927e-01,4.245802288313729744e-01,5.492248917817712517e-01,3.979029199689377849e-01,2.186621068809068702e-01,7.160166086558291676e-01,5.341486000230497577e-01,7.659715521742036515e-01,3.457299099863411218e-01,3.777611277401670131e-01,4.112595133081384802e-01,2.207930552921471556e-01,5.720588747443129396e-01,1.184490677443115481e-01,9.456937416094971516e-01,6.346581324930885559e-01,3.986776032098344746e-01,6.092463400389046546e-01
6.492422001187563296e-01,1.093165059721095816e-01,2.080179413042594627e-01,2.265221764561073936e-01,5.244384241553614601e-01,1.521358078064087571e-01,7.250772065886725848e-01,0.000000000000000000e+00,6.985631755045378366e-01,2.286927526632589747e-01,9.573643657899514325e-01,5.410728861930861333e-01,9.700028091541168518e-01,7.012154884743904137e-01,6.025925266205554021e-01,7.691511061401092864e-01,8.362182322981477345e-01,9.721055144575150297e-01,6.940580789328116840e-01,8.330252782274042422e-01,8.176335774823028091e-01,5.914052247564449694e-01,4.483171745494647920e-01,8.909065091677076387e-01,-1.699319918294678600e-01,2.961151095140271416e-01,8.725401493584994395e-01,5.335365265520362055e-01,6.885218278261329150e-01,7.417105565658721478e-01,7.207196370528752283e-01,5.775410700205707570e-01,3.229374676736156968e-01,5.357525391813812154e-01,3.020080261446755898e-02,4.996014717542596184e-01,3.039744966452822064e-02,6.401527736087833098e-01,7.754585519658014903e-01,4.763552623738179226e-02,5.098984877245070768e-01,7.244100486919943238e-01,2.262114990387970037e-01,8.564214125393130317e-01,6.113401642719784590e-01,5.953095146584156394e-01,4.282383647671713089e-01,6.242641593162798763e-01,7.879191445218117762e-01,8.545084097038436743e-01,2.890158860882463543e-01,5.563729773797597700e-01,8.441945735934890394e-01,7.881932684205614770e-01,9.236460399993668968e-01,7.674928792908606301e-01,6.025119840087785894e-01,4.203491898391383264e-01,8.355109372560352021e-01,7.863837144407682667e-01,7.465341362566296768e-01,7.359010772965773883e-01,4.597880385413540827e-01,4.132854013575306684e-01,6.306221848784840933e-01,6.728604611681389125e-01,6.919952263229189882e-01,8.185872657095842886e-01,6.227841958977660131e-01,7.952094906061508706e-01,4.762296896308531036e-01,6.879114099164742591e-01,5.386259882606684313e-01,3.771192536612987256e-01,4.343915729072567733e-01,7.433618038210549894e-01,4.576900314179032647e-01,8.782025237043029620e-01,5.298149632480981808e-01,1.437964797145908080e-01,6.146395133514882536e-01,7.008833783610690649e-01,8.925418718418547392e-01,7.214197293750548301e-01,4.458455005765407098e-01
8.590145736813021848e-01,6.173902467434320140e-01,8.060338083395252040e-01,1.227210476165677550e-01,7.880866158375043895e-01,8.840212377003215938e-01,6.175834775132703625e-01,6.985631755045378366e-01,0.000000000000000000e+00,4.108240841871826921e-01,5.079819547351558384e-01,5.517641801039612215e-01,3.601665196744293640e-01,8.366797050004675107e-01,5.384705985323806621e-01,4.194385274024879928e-01,4.507368066843676635e-01,5.740421359451201022e-01,8.856106446186013947e-01,8.187989775968487205e-01,6.781488049263790785e-01,6.251604168400433093e-01,9.919630311320544180e-01,9.192434320903665190e-01,6.891695873195469169e-01,7.570351397650653125e-01,9.161955509935213460e-01,5.762298890182674382e-01,7.016561064464772457e-01,2.963570632933756333e-01,8.066126236513438963e-01,3.953834247531478052e-01,7.734349213598950001e-01,6.298101484796221339e-01,7.122005841415071092e-01,4.888047069168832692e-01,4.237069596644666980e-01,5.356245475751615359e-01,6.510165436411414763e-01,7.489608772491704869e-01,6.638700995710884456e-01,9.622220495759535863e-01,7.137154238525424965e-01,4.507019588060628412e-01,6.259941049548150005e-01,6.267780707124256390e-01,7.858947901825777960e-01,7.350536429829572782e-01,6.388304207642135912e-01,1.735559052162720384e-01,3.488990511953519169e-01,3.125408743019003066e-01,9.401177292092333104e-01,7.691102047079291237e-01,6.222982896763085137e-01,7.964118594913397464e-01,7.608197165034141785e-01,6.675970387183979282e-01,7.266109283356898541e-01,7.199247033347306868e-01,9.150515881457744749e-01,7.931326257342068420e-01,9.399969102603640270e-01,5.716363872149278214e-01,9.067413658797534026e-01,8.773021556172097002e-01,5.623678656928599029e-01,5.959766138503621580e-01,2.837447881471961142e-01,7.975519954087739727e-01,8.499477501837773286e-01,4.369196128443608718e-01,7.939368976681813184e-01,3.600819689784939825e-01,7.834045493000162397e-01,3.798544677736995778e-01,5.829064465775047887e-01,7.330554355792092691e-01,4.889872531224555563e-01,5.125044754225791532e-01,5.966832125129586384e-01,9.816760991524657864e-01,9.603500340428789972e-01,4.946925459081733534e-01,6.698300723690773228e-01
8.420048854034228869e-01,6.519798742373393852e-01,9.068975331312930654e-01,9.861255126762759060e-01,9.371680629232999049e-01,9.581123355509846284e-01,4.175691359004922720e-01,2.286927526632589747e-01,4.108240841871826921e-01,0.000000000000000000e+00,4.045768329292680487e-01,8.143824671347836830e-01,7.011034956628647841e-01,5.381691238896346707e-01,5.474266500526165924e-01,7.929525086249502586e-01,3.816684788721653732e-01,9.497045907011745225e-01,6.153782398247287233e-01,6.653222732343366808e-01,6.613148351610392828e-01,7.146571173852295233e-01,8.059337405606865623e-01,9.233479922412038965e-01,4.917208732287213779e-01,8.014442130004303388e-01,2.115923812689362582e-01,3.683898173702370160e-01,4.749576273726059394e-01,2.771108099472588404e-01,1.684851560644084478e-01,5.138383171628856383e-01,8.388105688637426116e-01,8.579898972966646387e-01,6.943598538877573390e-01,3.975683462147381469e-02,5.908850384923083343e-01,6.590571996213515638e-01,8.994188776354660186e-01,9.919599082974925874e-01,7.114140830113917513e-01,4.087470849211354285e-01,4.354866369771959733e-01,9.867588112899435826e-01,8.634048935154075011e-01,9.831858069691745694e-01,5.751705797086323901e-01,4.040229197352252499e-01,7.047354282233891931e-01,9.353834365036509668e-01,2.224883755335235747e-01,6.281012827227248074e-01,4.015441583500691802e-01,5.122959168002483299e-01,8.799675580402065433e-01,9.304918872318154177e-01,6.896692788638818516e-01,9.217366587419942858e-01,8.716458120567437406e-01,6.010278461193013788e-01,5.936645816060510672e-01,7.210216455434864669e-01,4.543841702531340454e-01,6.618089184331966690e-01,7.240098094927960304e-01,5.597953606028576168e-01,4.487460195672709484e-01,7.077753260142894964e-01,6.211445913454659573e-01,5.331263656415852203e-01,8.255421596716852051e-01,6.538710085660217608e-01,8.514817534843489577e-01,4.346837671292209104e-01,4.787414532559923774e-01,2.402444371151739033e-01,9.033817282207369237e-01,4.030326131750147090e-01,2.713448447205717984e-01,4.260303671248952817e-01,9.631740815189875349e-01,8.401099725518295092e-01,3.738131793810858805e-01,6.538768639089781454e-01,5.982314726044927200e-01
6.447119512522430096e-01,7.623301962219977135e-01,8.093524579108469785e-01,8.434800255567340699e-01,8.108001266170720145e-01,7.600109854966418110e-01,7.226103631941748207e-01,9.573643657899514325e-01,5.079819547351558384e-01,4.045768329292680487e-01,0.000000000000000000e+00,8.610471676375570649e-01,3.725436967328584204e-01,4.720045871684807048e-01,4.422556616966328291e-01,6.121616380986177886e-01,9.735671957893025086e-01,2.092901992659557397e-01,6.854929189470015949e-01,8.275786397207655076e-01,8.972005669425142660e-01,6.939569997897486742e-01,3.861050599278491591e-01,8.136404414561408949e-01,9.340191077827951771e-01,6.695239784816955364e-01,6.671854452923697831e-01,7.909934324373741887e-01,7.055148874230378064e-01,5.894687993956129191e-01,7.157383758472924962e-01,3.360376332817731626e-01,8.877362383754524577e-01,7.059264522705472888e-01,6.478874757261103845e-01,6.726719658387605438e-01,6.131052995821261176e-01,4.802162975519319033e-01,9.173139090164093012e-01,6.476113121170278264e-01,7.970423084767164212e-01,8.246163620203239564e-01,9.934841986810305503e-01,7.872259892991309016e-01,9.049494585006079284e-01,4.445780538489109701e-01,6.100320537796861675e-01,9.150181341164564941e-01,7.009065641625567000e-01,9.702160207346033349e-01,6.923795887970287666e-01,6.667461276462701703e-01,6.770826828264727704e-01,8.963386348366663148e-01,4.844513974235556408e-02,6.513167316745661628e-01,6.834771374080755857e-01,9.980069627590002490e-01,7.622547795245970814e-01,7.588661720918350451e-01,6.392005187360291218e-01,-2.408892879269022291e-01,7.042067019804705286e-01,4.915016187352911903e-01,8.274784220826572056e-01,4.039798803048702536e-01,8.191926624116463440e-01,6.066428954181372069e-01,9.896566745182736602e-01,7.515236978115023003e-01,8.715825200632073555e-01,9.610072592004510472e-01,5.517395355282385117e-01,6.784808173765786155e-01,7.689863760739624743e-01,9.938341217792288074e-01,9.615418497600650705e-01,6.397354588296091382e-01,4.635914858066422228e-01,4.692187833297399302e-01,6.094784650201638954e-01,8.153214379885761476e-01,9.139713175924610855e-01,-2.169185506630956495e-01,7.763520423477676680e-01
8.356532396272872143e-01,8.059459107413392553e-01,7.207653888738244641e-01,4.017653287047865396e-01,9.079982009890612549e-01,8.315975815252710790e-01,9.171425351211605070e-01,5.410728861930861333e-01,5.517641801039612215e-01,8.143824671347836830e-01,8.610471676375570649e-01,0.000000000000000000e+00,7.341902359723593285e-01,8.089020217203191088e-01,5.738159069632592368e-01,5.087170737223120076e-01,8.682127707117655024e-01,6.763330380745252723e-01,8.592050303439426884e-01,2.674872756149130337e-01,7.124764832867217512e-01,2.489046569725231195e-01,7.639161651000055953e-01,9.484888894781868807e-01,7.296437543007208704e-02,7.763580988974037034e-01,7.584574419066878459e-01,8.033006030318633472e-01,4.450378830569338695e-01,4.940435535328812633e-01,6.000445279700442613e-01,7.588104203117965740e-01,7.621903126312633558e-01,9.284016217846208230e-01,6.139793554291083089e-01,7.813599612633148617e-01,1.966205358914044354e-01,9.311097085899553427e-01,5.363554657712068519e-01,6.473239109400208413e-01,6.351886479423499710e-01,5.134072211762412685e-01,7.534893551248348365e-01,6.687178645444240566e-01,8.690237352120392389e-01,3.117123203360996908e-01,8.963578963939027311e-01,1.908064292265157502e-01,6.198060092352472017e-01,2.363935971393172908e-01,7.953016822038253553e-01,8.205872865041068387e-01,6.978814318873564071e-01,6.675073645693606617e-01,6.978131693534046498e-01,8.248309835808447232e-01,8.474304287609519815e-01,4.756845433688735580e-01,9.199634017893513205e-01,2.525635476137576552e-01,1.377384755338373623e-01,5.217420161745931484e-01,8.157523482244305457e-01,9.560912907764930191e-01,7.992804853007922095e-01,5.608416530227995356e-01,8.630225852185435809e-01,8.066474721557180816e-01,8.445107994416484187e-01,7.673387616422910895e-01,8.711446977619861087e-01,8.598257652590138855e-01,3.805252597172307794e-01,8.754394140558475756e-01,8.175198014345270714e-01,7.198929943227858619e-01,5.537414061678976873e-01,2.302044823034574417e-01,9.345241131541506818e-02,3.941517991216172412e-01,6.365292168887577429e-01,9.309646422348438755e-01,5.160664586367210704e-01,3.423780019058693114e-01,6.638985890536411860e-01
7.207922283679475406e-01,8.251642370950810212e-01,7.710210145186027209e-01,7.668971964183459722e-01,9.365892600278937774e-01,7.159459293742290731e-01,4.674535168944302099e-01,9.700028091541168518e-01,3.601665196744293640e-01,7.011034956628647841e-01,3.725436967328584204e-01,7.341902359723593285e-01,0.000000000000000000e+00,6.940821803589634076e-01,7.198267788872015904e-01,6.887712673394598140e-01,4.553638620327284392e-01,8.938652283847846602e-01,9.703143348914791133e-01,9.742681390798916263e-01,9.036019504617659459e-01,8.441192490800734083e-01,6.824024826146171119e-01,8.678161201675740344e-01,9.728369180200227007e-01,4.669136953851999450e-01,8.071640462605919053e-01,8.952663476508812002e-01,4.368107190385491778e-01,7.425452728662714774e-01,7.697721637753372759e-02,6.213037300231312177e-01,9.180389548304777048e-01,7.149161771360295070e-01,7.459319536862222266e-01,4.152948286757749963e-01,-1.807095015578912833e-01,6.085214106436493964e-01,8.237014883847755264e-01,7.938567868289783114e-01,2.440184100182363758e-01,5.751285464958162397e-01,9.747033044952042591e-01,4.840222692440849239e-01,8.594933587806024011e-01,8.411138210276503102e-01,6.399534083346235525e-01,4.074063789351519138e-01,9.665583196115947739e-01,1.569313755206613870e-01,8.781022839861361007e-01,8.117243585284111829e-01,7.095113702299222780e-01,6.561791214089942592e-01,7.356724706430572969e-01,6.640301079306747400e-01,7.655250862764864106e-01,6.633250154364670470e-01,6.921920008887700870e-01,3.552995055790426626e-01,5.377601629803960837e-01,7.707375796162511117e-01,7.239607614193172003e-01,8.014983562899044012e-01,8.625818687152486675e-01,4.085426767095710066e-01,8.101302275745855264e-01,8.699263843574468469e-01,8.103244904365787260e-01,8.365602758245671566e-01,4.730377604875476427e-01,9.189938701784888808e-01,2.863003345421331614e-01,5.524224990233435051e-01,6.715205479808605826e-01,8.367693573417571695e-01,8.105614249622135059e-01,6.580566529842406531e-01,4.548333750715821133e-01,1.369419106203415559e-01,6.708483277989336635e-01,5.455244074950109656e-01,4.694945072066470382e-01,7.759332156838152361e-01,6.014129962364149762e-01
4.327993144781536738e-01,5.636070661229334311e-01,8.652474791558067979e-01,8.219562552385525356e-01,8.135265204347320589e-01,8.194283976986775908e-01,8.777444424738448658e-01,7.012154884743904137e-01,8.366797050004675107e-01,5.381691238896346707e-01,4.720045871684807048e-01,8.089020217203191088e-01,6.940821803589634076e-01,0.000000000000000000e+00,8.762605847777203971e-01,4.522200105001839554e-01,5.543231407368716113e-01,5.774022034611923093e-01,6.317318951649939507e-01,9.144945850906144313e-01,9.066214025527357112e-01,5.450771196637176352e-01,9.366965424181418198e-01,5.736863429708060069e-01,8.048291292493866544e-01,7.140943569560117554e-01,6.147290661189699357e-01,6.013701102181200353e-01,4.177781924080031795e-01,2.359668995719458040e-01,6.392693625179821648e-01,6.369409699938713976e-01,7.729934308901518225e-01,8.865037325792553269e-02,9.518088780747540056e-01,9.107898874454047888e-01,3.210205598255450599e-01,4.239592926055699706e-01,8.197028247268035583e-01,7.013885898448705136e-01,7.034695125643875002e-01,9.860372451858372411e-01,9.525435179230727911e-01,4.165121889218148521e-01,7.110541575643551937e-01,6.883928067987109545e-01,9.777779435974973676e-01,8.791753827154646928e-01,8.057604513846529093e-01,9.144531487017074634e-01,7.323666999426783342e-01,4.036876959630963935e-01,9.272659103544713677e-01,9.496468775745543489e-01,4.147483586195391814e-01,5.770243788253321959e-01,6.175899834627287532e-01,7.144399838783138668e-01,5.352991729594953618e-01,5.510032948256426977e-01,-1.174626498230645910e-01,8.334402265027314183e-01,3.035812546869042783e-01,9.836911196901172438e-01,9.085928685290224349e-01,8.374775390042767942e-01,7.205274804228485319e-01,7.267857060502072031e-01,1.343009192272737184e-01,8.511369778915434114e-01,9.952421037290859474e-01,4.146516419036859746e-01,2.232634052739302655e-01,1.200339610158322606e-01,7.613396826554459373e-01,8.911288527596105125e-01,7.386963972648460386e-01,9.428949464121580970e-01,3.585334837337703084e-01,3.984414535909718280e-01,4.820136715828327034e-01,8.889376748327004751e-01,8.191088406464258620e-01,4.861205484821266021e-01,8.873182632458305186e-01
9.422815229982687280e-01,6.303789797537613648e-02,6.168628477436809421e-01,3.676340128600114054e-01,6.792540350561974138e-01,2.584735255147475597e-01,3.763290347020671334e-01,6.025925266205554021e-01,5.384705985323806621e-01,5.474266500526165924e-01,4.422556616966328291e-01,5.738159069632592368e-01,7.198267788872015904e-01,8.762605847777203971e-01,0.000000000000000000e+00,7.358657362138137925e-01,9.927848310246494279e-01,6.064556836356905789e-01,4.456203171485683678e-01,7.598281202916467025e-01,7.596969714616172986e-01,3.865696584715924700e-01,4.699491020030837629e-01,6.702614814039454805e-01,3.489754681697210259e-01,4.056500286681250511e-01,9.331681273769081297e-01,1.500027483097379488e-01,4.044726285023358958e-01,2.119440822856946127e-01,5.887453507447905077e-01,4.803454261773724698e-01,7.024776085224521127e-01,5.778621551438754000e-01,7.439963903794080124e-01,9.043487631813644789e-01,5.964607304798619225e-01,6.924319833089410681e-01,3.309242148315669763e-01,8.900817075899261077e-01,4.713098825870577491e-01,6.555398918262065333e-01,5.473040659891096338e-01,-7.844055250453700612e-02,8.534163410001079919e-01,8.917176017560550783e-01,4.664072712872898707e-01,3.592862389988690230e-01,3.263109656105639411e-01,1.856244253647374998e-01,6.624568878053369581e-01,8.952088779652825901e-01,9.817514768575483775e-01,2.784070046289699452e-01,8.228123078950633218e-01,9.078387620579820849e-01,4.793766190732700050e-01,6.241035444222248207e-01,9.976064703360675301e-01,2.678890639608050850e-01,3.351657640138752670e-01,7.661561189072350064e-01,6.066925734333928899e-01,6.765301073463700909e-01,8.546727442212671555e-01,6.673456225782286033e-01,4.191506356010235579e-01,4.017520883234848572e-01,4.105002092503446942e-01,3.701300289802746390e-01,7.298503946715342305e-01,-5.341681237828477258e-02,4.470034829858863801e-01,5.542764413158406400e-01,4.044711474108929616e-01,6.513138428592504248e-01,8.427086784617490167e-01,4.190596028674647977e-01,4.776500460775618961e-01,3.134850468788342726e-01,7.601476054088156520e-01,6.053603950778210230e-01,6.910950022984796437e-01,4.688584915840110501e-01,7.064678170331376572e-01
8.274581637154078129e-01,6.211816966423947539e-01,9.830738997088676046e-01,2.565169635815559568e-01,2.636842791260198826e-01,8.721349139799088324e-01,4.786013092488457521e-01,7.691511061401092864e-01,4.194385274024879928e-01,7.929525086249502586e-01,6.121616380986177886e-01,5.087170737223120076e-01,6.887712673394598140e-01,4.522200105001839554e-01,7.358657362138137925e-01,0.000000000000000000e+00,8.044292106962505073e-01,5.303843049875632820e-01,8.696876158804336399e-01,7.207016431699688752e-01,7.811415664667407110e-01,9.235208094250961786e-01,2.486907179238683763e-01,6.995380236534252116e-01,9.204253709955674267e-01,4.248649032341332288e-01,8.532869746270324018e-01,7.372061483831096051e-01,3.607819017323431465e-01,7.908022648094464868e-01,4.296642645300045027e-01,6.781346547910783729e-01,7.406363113362257611e-01,6.621302515152222012e-01,7.750832001533066729e-01,2.014691022140009113e-01,-2.957583057688759065e-02,7.035285476304661278e-01,9.998732615808750834e-01,5.380181668630624747e-01,4.965550667781669647e-01,3.666698047829940466e-01,7.147851140364029909e-01,9.855726269344587953e-01,5.214320269040784162e-01,7.434643648804670768e-01,8.841750864731109383e-01,8.429956786533790991e-01,5.170909026521530727e-01,7.099650081987830541e-01,5.822884475237691815e-01,5.620328965663317078e-01,9.548892688718492172e-01,2.499557431603980917e-01,4.415678913767056568e-01,3.127645621862274461e-01,6.272936193975291452e-01,7.886518034692453494e-01,7.337088219087078977e-01,4.958573212959566101e-01,6.046734811237042262e-01,-1.997207675168378993e-01,-3.658533074791964768e-01,8.353371987083950678e-01,9.363919151530405438e-01,5.242218382740199134e-01,9.690450672330197524e-01,8.510801263119929239e-01,3.494749307288415041e-01,8.075073601553881542e-01,9.691424846486036415e-01,8.619850414091168034e-01,3.896427751952076246e-01,2.177638164721325542e-01,4.612011581620467648e-01,8.342180962020592228e-01,7.793569254553512904e-01,7.711113636630323454e-01,5.438965538800216021e-02,2.905439752701564071e-01,6.793604801604051779e-01,6.104913583035127544e-01,6.125883355945034303e-01,4.710309521673435029e-02,6.830668318833198471e-01
8.520768289524978112e-01,6.448166255088294552e-01,9.575502277382872407e-01,7.551571765370698186e-01,9.514175439135548196e-01,4.011957262444612038e-01,9.084534356577158576e-01,8.362182322981477345e-01,4.507368066843676635e-01,3.816684788721653732e-01,9.735671957893025086e-01,8.682127707117655024e-01,4.553638620327284392e-01,5.543231407368716113e-01,9.927848310246494279e-01,8.044292106962505073e-01,0.000000000000000000e+00,7.062960637348891790e-01,6.811703148819503451e-01,9.456953775722810596e-01,7.108000159346269387e-01,6.838139233834737984e-01,9.784352253083442585e-01,8.079790466818704830e-01,4.781769710244877514e-01,4.730064601251391387e-01,8.577104237758587102e-01,8.673702027301913864e-01,5.722247260256072554e-01,1.648362771908385427e-01,6.503514566238408623e-01,8.518583556920718003e-01,8.108127735355725729e-01,5.428361671064785288e-01,9.235883570420788669e-01,2.696617794194045015e-01,5.665457352395468771e-01,8.451016253830262448e-01,9.526316499371552116e-01,9.106360039499165060e-01,5.542302843342297169e-01,9.957090977406629628e-01,9.058768856605204922e-01,9.459645645515710743e-01,3.901053992452189756e-01,9.422356628420518465e-01,7.406435112195328685e-01,6.199092889213178026e-01,7.199195034586284292e-01,9.226532606210254839e-01,8.318511564952782988e-01,8.078282387966724265e-01,8.364701676623079729e-01,8.339550112064385567e-01,8.886723084560351760e-01,9.173957861782126022e-01,7.320482501222166372e-01,8.231578861152771820e-01,8.312007493459813157e-01,5.908401953726915012e-01,5.383307233068149733e-01,9.701345197968489487e-01,8.604414389287686760e-01,5.621480595423282711e-01,9.685908528350107849e-01,7.372952807192306723e-01,8.952421207373993939e-01,9.151008606386819011e-01,5.608467368001950337e-01,7.794358931129836687e-01,8.678818778914965115e-01,1.842138367085890405e-01,3.229538929029407979e-01,9.503846285120149950e-01,7.855304230184526615e-01,3.213367315964933968e-01,9.036218261173251109e-01,9.620590452137924853e-01,3.192473054363722529e-01,3.422877446322276640e-01,8.787114520326934075e-01,8.627014259898376780e-01,9.413933595335116644e-01,8.202945648419761593e-01,9.759905639783372777e-01
7.610995301691314552e-01,2.219750950520536781e-01,6.830000134239736509e-01,8.805929977826580934e-01,8.192104297227228438e-01,6.734183878805815038e-01,4.923317576333875456e-01,9.721055144575150297e-01,5.740421359451201022e-01,9.497045907011745225e-01,2.092901992659557397e-01,6.763330380745252723e-01,8.938652283847846602e-01,5.774022034611923093e-01,6.064556836356905789e-01,5.303843049875632820e-01,7.062960637348891790e-01,0.000000000000000000e+00,8.631791317157320176e-01,9.484081533916116635e-01,8.622521692498102963e-01,1.777162030428820760e-01,4.372403882468733904e-01,7.931547211272474973e-01,4.825277360102064872e-01,7.552277288754444262e-01,8.945936323772858412e-01,7.690513012283523020e-01,4.952415830405134112e-01,6.779930578235409122e-01,2.398961873593646321e-01,4.253242714866298790e-01,4.495718631037633473e-01,9.480357219655800582e-01,9.176897601942018978e-01,5.847593808888887912e-01,4.234488599208582338e-01,8.517930186193327646e-01,6.983125149078451832e-01,3.994055235680660579e-03,5.041461919630837452e-01,7.249786165709023456e-01,8.446142108992595876e-01,6.571103705342591361e-01,9.838810667031240298e-01,8.906828923456168168e-01,5.218384527412507357e-01,2.458112453413908161e-01,4.733205661944377418e-01,5.634131771385730847e-01,7.011144202176486928e-01,4.468329814473404604e-01,4.525992805358309834e-01,6.159042840548086817e-01,4.662456899639607633e-01,4.143901223688709057e-01,7.711321585346012641e-01,7.858748543589144653e-01,6.422496242023563173e-01,6.587410762757613947e-01,7.812961494269280438e-01,4.751991263663508103e-01,6.909981911257602194e-01,7.795921763977465835e-01,9.771991661827099662e-01,9.946373915173571945e-01,8.559554052225442078e-01,6.713566355323389301e-01,3.752657530896470472e-01,5.720293045813210631e-01,8.521103953087988403e-01,2.282599382664130261e-01,6.872001919246056856e-01,3.605454981983920171e-02,7.893862121755795824e-01,5.436308530805545880e-01,9.624792860804480821e-01,5.696402223286632927e-01,6.120863270641738740e-01,5.269937287153407812e-01,6.054711503845086051e-01,9.889442392758666101e-01,5.481539450100213484e-01,7.587872700506074208e-01,8.420232506342784085e-01
