0.000000000000000000e+00,7.989967369226781413e-01,8.945573151815767732e-01,7.256880256307480792e-01,9.533840861195136407e-01,9.330075979759576699e-01,7.468339870871719688e-01,8.518748174011453456e-01,9.933808269216524156e-01,9.503141380468087540e-01,7.867672773292968547e-01,4.736066179279452282e-01,8.715833253704755590e-01,4.397343928209987984e-01,6.393798986199160650e-01,5.727205805656410131e-01,8.150718510051319088e-01,8.938126375252476441e-01,8.185658568459034390e-01,9.482008689604883855e-01,9.793436773049423172e-01,9.259979790963894786e-01,8.869936588351223783e-01,6.965145011545565978e-01,4.714723164781277065e-01,6.956574377916164842e-01,6.596952684044153914e-01,6.999688583021068666e-01,8.685722741384566126e-01,6.389051750541578645e-02,5.359029948270470634e-01,7.005066358709415297e-01,9.205101397003880859e-01,9.026708593455329277e-01,6.783936846654234909e-01,5.881917821478771513e-01,8.857052600804669884e-02,8.369151444744513668e-01,9.041448512062483234e-01,4.865566266139900731e-01,5.025299860251960515e-01,9.463466569062011224e-01,6.079531961178663568e-01,8.402142348121097726e-01,6.193265468520101624e-01,8.106464439425712376e-01,7.671804187641880768e-01,8.503820827306145524e-01,8.915091324212780499e-01,4.255036562159213998e-01,8.438940044643318261e-01,3.811779375479773524e-01,7.730063264913946686e-01,9.337789525301884996e-01,2.332618636454353023e-01,8.231144735914193156e-01,6.656950383247390857e-01,1.269772792128543992e-01,7.940801766700733566e-01,6.172797178761566528e-01,5.934944331356398761e-01,8.282394432419268870e-01,4.663602300354033336e-01,8.453980330413174427e-01,9.423030437141374227e-01,5.089538443272831891e-01,3.655148400300818334e-01,6.714524312622773827e-01,9.231926982836208273e-01,9.154130556278203823e-01,9.155735350904222747e-01,8.620604215816660698e-01,9.745227079571634476e-01,7.393186422887733089e-01,6.530533959826776425e-01,8.698153781256720007e-01,7.919943856134317173e-01,9.585398806521971959e-01,5.630387476706011363e-01,-1.222741419143695968e-01,3.527833709604815543e-02,4.899821540682327559e-01,6.455343734509253473e-01,4.290829601645684832e-01,6.909428249516962051e-02
7.989967369226781413e-01,0.000000000000000000e+00,9.948574115495163461e-01,8.939654601100476272e-01,8.324063940515681326e-01,7.249534041738701085e-01,5.536009112765698514e-01,3.435591328670129507e-01,4.189978723855491971e-01,9.203565662823030014e-01,4.136692227437321345e-01,5.850070926205557242e-01,8.376829264598018021e-01,8.963795806468380922e-01,4.910466890595521772e-01,8.624269339378112242e-01,2.344303067883655722e-01,9.445090705590025726e-01,2.999009879359056940e-01,9.811101151135139808e-01,7.195024704618626643e-01,5.248541321493058742e-01,2.589671512644733387e-01,3.041809225848492448e-01,7.594270302326859845e-01,8.171394248973630203e-01,8.862442030794488446e-01,9.449159362309125232e-01,4.074337537719822100e-01,5.308299284835460430e-01,4.836668765891292271e-02,9.203555476930497248e-01,7.545296291772887187e-01,3.560014200026356823e-01,5.992390937799562112e-01,3.720301213231027027e-01,1.572181928427940356e-01,4.787783605034335865e-01,7.243401719957641705e-01,8.026389415180708031e-01,2.324538450072745621e-01,6.456172063070818590e-01,9.843385547442857764e-01,7.529307550356272305e-01,9.249668771176305926e-01,7.505430374744365141e-01,4.776027302131709562e-01,8.622985472051815092e-01,9.966675292025132249e-01,2.739238933736444781e-01,6.534206858421733877e-01,9.989502902919935590e-01,9.855146277629569518e-01,4.147292799838194766e-01,4.321236980749815770e-01,6.318537787617938273e-01,4.441637634469833840e-01,6.023107106040609393e-01,8.273098898245233590e-01,3.623769542889156980e-01,7.996671729524968963e-01,8.336612252370956266e-01,5.918859381403622777e-01,8.995315066067689491e-01,5.602584477693363096e-01,5.690074524323458505e-01,7.011139572466787984e-01,6.840950815098062465e-01,9.594344176822113823e-01,6.474118677524264287e-01,6.685836610129333168e-01,5.462513496400989155e-01,2.520986338613958044e-01,5.936445306703186375e-01,4.009247887816707601e-01,6.229518673949598906e-01,9.887751505017066123e-01,1.913630210544026156e-03,6.617833365618408514e-01,5.101244007699957672e-01,4.451434527204581326e-01,8.894228177373451061e-01,6.594369344918379339e-01,3.152679736246598030e-01,7.015750344680579120e-01
8.945573151815767732e-01,9.948574115495163461e-01,0.000000000000000000e+00,9.287756537154452374e-01,4.232844095402372719e-01,9.985582888521969958e-01,8.406505405787768614e-01,9.911168575742104192e-01,2.262788964366758138e-01,7.820731596488952331e-01,9.639376076679869731e-01,7.656863645245749472e-01,6.704154884565510786e-01,6.623382004067294160e-01,7.229879869884545673e-01,9.363977865041954729e-01,8.984892459780710050e-01,9.628360010287184689e-01,8.975171429456884065e-01,8.000410850924952744e-01,8.616036828432612760e-01,8.057764510955740533e-01,8.560195898107511026e-01,5.061607841729242052e-01,9.902837048998909264e-01,8.681177622423323914e-01,8.429963332088891148e-01,9.742202520839683411e-01,5.083644107670637347e-01,5.251052678630840909e-01,5.411595234062879234e-01,6.935386713635308675e-01,8.687849578267717865e-01,8.821623967092654395e-01,9.522501934161030634e-01,5.912671092310162191e-01,4.256964831455056775e-01,7.249747012522572698e-01,7.695190690264998024e-01,9.351488025860152931e-01,6.611605747596259741e-01,7.632754768729540507e-01,8.360288792610628406e-01,8.379395637588502588e-01,8.249501983748310785e-01,5.530272795721034029e-01,8.161482690291146369e-01,9.005904367569973479e-01,9.467278651940431722e-01,9.776775285478309652e-01,6.799256535668541934e-01,9.572346873140320511e-01,7.661662504474440194e-01,8.023970857007149959e-01,8.356989778924160950e-01,9.647879135108986537e-01,8.999412849217779398e-01,9.808454396991689306e-01,6.010060146887008514e-01,3.956876240230963737e-01,3.847630402819212092e-01,4.804772214046933998e-01,6.125405000920421950e-01,9.909275222844053932e-01,8.054469797243105633e-01,8.538041300584671145e-01,9.592975183454212074e-01,8.957911930965208880e-01,8.634241712651656853e-01,5.626241626038208654e-01,8.878969196567926270e-01,7.104894152972734966e-01,4.680066958927071030e-01,5.225277299579984547e-01,4.945247590021307205e-01,9.483090870600314748e-01,5.911611024112128909e-01,8.926496861480037737e-01,5.252893670442180252e-01,3.067137667215974473e-01,2.839701408602128274e-01,9.333689514521320563e-01,8.714468537002924009e-01,8.789663120014228337e-01,8.466678839088513930e-01
7.256880256307480792e-01,8.939654601100476272e-01,9.287756537154452374e-01,0.000000000000000000e+00,4.068946189923741130e-01,9.712720822573970292e-01,4.238134582959472985e-01,5.291438120736666750e-01,9.225912298366272246e-01,6.380261030922196319e-01,8.784614268475861021e-01,6.727339685395274937e-01,6.814544425132339489e-01,5.142638073666830900e-01,3.852779535930941912e-01,8.291045922152820991e-01,6.868275044792245820e-01,9.190298085282140317e-01,8.741539688146331422e-01,6.043267038148125714e-01,9.767098550300100657e-01,8.401189318325112954e-01,9.918897390912666534e-01,7.737002992291394099e-01,5.589883331769287533e-01,4.859233159527980295e-01,1.459820746967688265e-02,6.489106260393484593e-01,5.205165214895371983e-01,7.001278599152093163e-01,-1.643690569144892755e-02,7.360976865694432991e-01,9.215534740792601376e-01,7.510807114660135175e-01,6.760766265061823876e-01,7.088197843334734793e-01,4.083574819820816049e-01,4.498876563583900645e-01,7.623293996012951990e-01,4.654678283138568018e-01,5.032549558128639466e-01,5.919410579207045053e-01,8.260087078719088316e-01,7.658102992416907506e-01,9.951124937017491456e-01,5.770208660868443307e-01,9.445492714305716575e-01,8.787351865205169643e-01,5.431507208660200092e-01,8.889484123302492380e-01,7.243169277079122281e-01,6.450581667460651980e-01,9.147127453469356961e-01,6.046266769311501310e-01,4.975905072888842096e-01,5.188408908495337757e-01,3.424480606070268163e-01,9.456673757906866040e-01,7.594331361137326430e-01,2.226614995461484448e-01,4.883733354837554996e-01,9.461801905747203589e-01,5.277923572245740713e-01,6.462008411465020030e-01,9.476312912906829089e-01,4.712893692682152968e-01,7.940206970951653176e-01,7.630492945717611830e-01,1.692339000368565938e-01,7.690887197451874435e-01,6.512946743329340871e-01,8.694574276672094593e-01,4.385896473981116817e-01,5.787005673406334649e-01,6.558282710814096195e-01,6.161870751642239963e-01,9.020806728176384848e-01,4.638817458286861317e-01,2.765656299038333765e-01,3.016361029369932223e-01,5.097735059230011911e-01,4.876784855434157517e-01,8.372141029851177807e-01,4.172841767433826399e-01,8.044108203893840514e-01
9.533840861195136407e-01,8.324063940515681326e-01,4.232844095402372719e-01,4.068946189923741130e-01,0.000000000000000000e+00,2.105206730015911354e-01,7.126622546392301638e-01,8.382868010294779459e-01,6.382430752403820406e-01,8.185359671287764094e-01,7.086149827164026638e-01,4.423617079893726323e-01,9.279574832157955200e-01,1.127011616200141453e-01,5.457344383575081226e-01,7.696792268778286372e-01,7.103551417215564490e-01,2.008818822426564898e-01,7.375981572736155512e-01,9.220484991405915043e-01,8.757678109672194511e-01,7.595655579809164060e-01,9.596030250199655276e-01,8.483682886795409495e-01,5.046985961675113375e-01,5.411924665855835093e-01,9.387609627379600585e-01,6.753472610854216462e-01,5.302774125156994867e-01,5.744299973674473758e-01,3.375137284415090644e-01,4.166853405412963562e-01,7.911446055193565030e-01,6.328685079695970384e-01,3.359558680833951705e-02,6.595523797324241988e-01,3.078610604257739358e-01,6.777609302454208340e-01,6.934666024816027452e-01,2.688356208119302426e-01,3.929759258200123950e-01,7.749133325878705403e-01,2.516530121120419961e-01,5.937859630744609651e-01,8.996884296088218935e-01,6.454530453331724926e-01,9.904151152574355299e-01,7.512105040074963380e-01,2.035162811381843739e-01,9.717496901900894990e-01,9.676374905176083896e-01,7.903259943242182395e-01,4.610278044283017129e-01,4.839463412455994318e-01,8.907003411066518606e-01,7.409681358273280116e-01,6.816157840532858225e-01,7.964543581849363729e-01,6.881922768612459551e-01,9.161049504036788971e-01,1.119790135811787046e-01,8.586307549222980118e-01,6.149519148471886965e-01,5.393736058727941485e-01,7.250985785821536522e-01,2.573631834709633193e-01,7.156899330914361368e-01,5.119921632283940260e-01,6.301882334536854646e-01,9.485366032592177366e-01,9.892511791578486591e-01,6.174416902492869674e-01,3.175576681049985805e-01,5.748900571684478766e-01,7.094917265747366919e-01,8.933135265873307640e-01,7.999831098709273558e-01,4.608366822909054084e-01,4.400447555169921809e-01,1.021751803578075518e-01,2.441781575779216618e-01,8.219767140524595339e-01,8.278809920137583100e-01,3.913721664446869197e-01,8.885092727564473103e-01
9.330075979759576699e-01,7.249534041738701085e-01,9.985582888521969958e-01,9.712720822573970292e-01,2.105206730015911354e-01,0.000000000000000000e+00,7.964119729893606170e-01,9.000227996381477968e-01,3.993451219125125906e-01,4.170461661867611580e-01,4.722540518585068847e-01,8.676808175346489849e-02,9.889135046296761988e-01,7.639936723027298537e-01,7.164475085518653419e-01,6.567824394214902828e-01,6.672474866754726230e-01,3.435564519714416898e-01,8.392979056255556181e-01,8.168822199220053815e-01,4.806970792180958463e-01,9.726546749845279560e-01,5.499237481457550647e-01,6.979732547107081464e-01,6.408293498370465358e-01,8.239860649441163032e-01,9.575804137720985709e-01,7.475509683402690175e-01,5.178771058162783270e-01,5.415801402915786378e-01,3.671633999254858560e-01,6.155155704333145072e-01,6.931492792881998044e-01,9.773616633860271463e-01,7.837616713604155239e-01,3.332721902813659542e-01,6.474923484380726846e-01,6.585800380246611407e-01,9.545163532135125806e-01,8.778300048970849589e-01,7.094828439651810204e-01,7.418233177837368908e-01,9.169857900848056298e-01,9.006239763315337932e-01,7.956753067717563521e-01,8.278017282308739455e-01,9.368219540326001571e-01,4.301573608747079058e-01,8.930973224900611296e-01,5.756771422051879528e-01,3.235482063513724360e-01,8.968647061006119747e-01,4.919139676169197867e-02,6.588861043613255530e-01,4.106382168179502079e-01,7.649472344790255729e-01,9.825560788225293773e-01,3.909675345076324415e-02,6.152059833946191825e-01,4.202343706045590377e-01,4.238002622445385392e-01,7.024301478513126362e-01,7.824622205772471251e-01,6.215339059400054600e-01,9.703170957569379196e-01,-1.583853127963015250e-01,5.959762531388770324e-01,9.723297305021439962e-01,7.654230494167199028e-01,6.059353816993593572e-02,9.645077871819355275e-01,6.037578223539602496e-01,6.576286307347005700e-01,5.483078961691200126e-01,4.643568873069777170e-01,7.887321574587362605e-01,6.192602403593634453e-01,8.779328285281399191e-01,3.425672081438635441e-01,4.429856522555965515e-01,8.885988631195040899e-01,9.424317814079372635e-01,5.631503226182119626e-01,6.933169499077095344e-01,8.471306194571132098e-01
7.468339870871719688e-01,5.536009112765698514e-01,8.406505405787768614e-01,4.238134582959472985e-01,7.126622546392301638e-01,7.964119729893606170e-01,0.000000000000000000e+00,4.463594942678530963e-01,7.430621854379678703e-01,5.928558851395823170e-01,4.270502647937737817e-01,8.524232999717783477e-01,9.352773096866697777e-01,5.079403969279659981e-01,7.440416861501754076e-01,4.043404938464865706e-01,6.178152969603625255e-01,8.788867677264652345e-01,2.756149723623851910e-01,8.578180193556865785e-01,9.429277667895148429e-01,6.397564341190444814e-01,5.585148215860474830e-01,8.064581152127650032e-01,3.102584227690607932e-01,5.571064875445210784e-01,4.461972326240246089e-01,7.650362282642781953e-01,6.205656647103133805e-01,4.755185284238896415e-01,3.282400889821749934e-01,4.204782817262238126e-01,6.315788781178017786e-01,7.496371543185534891e-01,2.190808199435208548e-01,5.815729524603389100e-01,4.121543153750841793e-01,9.022208079512356038e-01,3.677214300333346841e-01,5.847978325950031753e-01,4.380242221183483498e-01,4.817130120134852644e-01,9.042250181562268008e-01,7.463392363215515246e-01,9.779717132396550383e-01,4.165692290072401383e-01,7.253315940373978865e-01,6.129305799946271893e-01,2.850111722722102892e-01,3.124441388703765032e-02,7.243053229978777541e-01,5.731681287185772522e-01,7.148495708188179476e-01,1.181720439497709052e-01,5.665028928443727185e-01,7.313715334005101987e-01,9.822738914684466804e-01,3.754466942942744773e-02,8.694601610161877270e-01,-2.027278441562501421e-01,4.186715352848303651e-01,4.262873810503012284e-01,1.773138126925259683e-01,9.632193785827904975e-01,9.500336932608135498e-01,6.277122105155569232e-01,7.750697815114270250e-01,6.229228548045984137e-01,5.656271737136400191e-01,5.453204932519835069e-01,4.429390875201912325e-01,4.389546396092182112e-01,3.571543678671251776e-02,3.754338252101122597e-01,5.329879975307655338e-01,4.605203480138933547e-01,6.486857311486348143e-01,3.257901135857905750e-01,3.286481368889391241e-01,3.266075235160819101e-01,8.597735525999556927e-01,8.807338492726315415e-01,8.305344015295603732e-01,9.092014335801168468e-01,7.764963101565219850e-01
8.518748174011453456e-01,3.435591328670129507e-01,9.911168575742104192e-01,5.291438120736666750e-01,8.382868010294779459e-01,9.000227996381477968e-01,4.463594942678530963e-01,0.000000000000000000e+00,5.266354428684820732e-01,4.156577228768387755e-01,3.961386399699765581e-01,8.479186465629966474e-01,9.390240057139387364e-01,2.377275955508895700e-01,6.953282660212536381e-01,4.507901777240561070e-01,-8.742111031148085132e-02,4.110872990729094734e-01,7.245265607900464033e-01,7.400553180287132715e-01,7.624358144440068763e-01,7.178265393336966671e-01,6.556658578643186353e-01,5.932320798895813763e-01,8.627521139120859495e-01,7.109751154433721076e-01,4.016918222643348080e-01,5.051175778151338891e-01,5.127329209290708567e-01,-3.153965612985311084e-01,7.517764703804976634e-01,5.945382230958645708e-01,5.048860022213522702e-01,7.657937356174125965e-01,1.722662285633429768e-01,5.218024986898172068e-01,6.942596694851660422e-01,7.506801702733144621e-01,4.899678849834304684e-01,7.852182640038963823e-01,5.470432380324434796e-01,4.530488946677300177e-01,7.745945135898744116e-01,7.655288765663075257e-01,8.491236571611098238e-01,6.398613733948501636e-01,7.748719549132695450e-01,5.289162795232177361e-01,4.307525381783804397e-01,6.634778564356310637e-01,7.009702171313129115e-01,5.508352754764621606e-01,8.270431733368062144e-01,6.582151565394011028e-01,6.367250492729144007e-01,4.388069748615420207e-01,7.502960789835155797e-01,3.833200276383594285e-01,8.975531646981471656e-01,8.321250210694129679e-02,4.439122465102719461e-01,6.759856621087116935e-01,6.532521200015234397e-01,3.440523434926318069e-01,4.180855972091382933e-01,6.585273775782266581e-01,6.366724489280495280e-01,8.694114199010405386e-01,7.411262773436355644e-01,3.195715022374081560e-01,7.990833979992320035e-01,6.333842223871563037e-01,2.515800120746721769e-01,7.300585251318911784e-01,6.880460771623829741e-01,5.545123796835105257e-01,5.935362350991670866e-01,6.825763256510570809e-01,3.655137520696706277e-01,1.833296963516423961e-01,7.846899951233992088e-01,4.718438456432091366e-01,6.525896514642528512e-01,4.859101948195040932e-01,6.037450353774519440e-01
9.933808269216524156e-01,4.189978723855491971e-01,2.262788964366758138e-01,9.225912298366272246e-01,6.382430752403820406e-01,3.993451219125125906e-01,7.430621854379678703e-01,5.266354428684820732e-01,0.000000000000000000e+00,4.205142494560907274e-01,7.945879561897091214e-01,4.434683766513319858e-01,8.300890558029900834e-01,6.771946781096024326e-01,6.772196471632819792e-01,6.449419093464404673e-01,8.651295382148226354e-01,5.309831263409068303e-01,8.270522593403368816e-01,9.366254184765194779e-01,2.781874390573839673e-01,5.531465592532407438e-01,8.099798470916200754e-01,8.909356288468145424e-01,4.624592776966542917e-01,6.063971396568005323e-01,9.849919247575547043e-01,7.589151460126069004e-01,4.948233437430875625e-01,2.609015702507029300e-01,3.350916747930117179e-01,2.756640163843155911e-01,7.582044676853527676e-01,9.809293197862085645e-01,3.224510131083418440e-01,5.449350707208348021e-01,5.693079768721424072e-01,6.491374574515296203e-01,6.177955262710187467e-01,8.654115184486377288e-01,4.774770059259200727e-01,6.697574674096827829e-01,7.539300054332715995e-01,9.725114094260004505e-01,9.338340972818464092e-01,9.100093620331457522e-01,-1.656874077161533954e-01,5.385647989438591306e-03,4.979525344000676479e-01,5.889987024566941676e-01,6.308690700861456779e-01,8.930503920411672070e-01,6.503498666252908178e-01,4.565678429876560696e-01,9.630954818477743817e-01,6.100615411083125661e-01,4.476797940041724044e-01,3.565845513548272505e-01,8.692053052110763067e-01,5.888961747769476673e-01,6.112158571559090925e-01,7.076960255611238759e-01,5.648421006087616103e-01,7.986758600301391287e-01,8.621716803114175542e-01,4.226797638358963383e-01,6.678897340198657329e-01,6.492861172106607626e-01,6.902842429131453850e-01,5.212742159117117469e-01,3.314943022061594968e-01,5.967753761543083124e-01,6.855129236635786327e-01,4.322443229455009694e-01,8.607626488284104704e-01,8.257116460228229871e-01,5.470050337720928635e-01,7.134317909099359145e-01,6.421589282989581537e-01,4.389265644741575101e-01,2.484330918559388146e-01,2.015613219640536025e-01,7.033404490961485678e-01,4.346416277294462005e-01,7.535642436933553956e-01
9.503141380468087540e-01,9.203565662823030014e-01,7.820731596488952331e-01,6.380261030922196319e-01,8.185359671287764094e-01,4.170461661867611580e-01,5.928558851395823170e-01,4.156577228768387755e-01,4.205142494560907274e-01,0.000000000000000000e+00,7.206255787384993061e-01,7.482547318916074053e-01,5.115729386688639968e-01,6.473794734858135946e-01,5.389249460347702581e-01,-1.919133509325999243e-01,7.449845375690946625e-01,6.688179298671100836e-01,5.910999853882286104e-01,9.135981032632477516e-01,4.707060719684043049e-01,6.158883238813323002e-01,9.805050683662634992e-01,8.462619277280087893e-01,2.419391020180612362e-01,8.038710616064534964e-01,7.902471506732332562e-01,7.472059242704582882e-01,5.435348895385345713e-01,3.243125998553502698e-01,2.300790075514971833e-01,6.840869584825786109e-01,6.393132790304751900e-01,7.568873159642091064e-01,8.840069092858522382e-01,7.266943907965419669e-01,7.546567013630420817e-01,5.170734443952378356e-01,6.312956880938332960e-01,9.231415267233936683e-01,6.711773873426156722e-01,7.819378102326925983e-01,4.544135718885998210e-01,9.657153693907361003e-01,7.781804340393146946e-01,6.188036203997341334e-01,7.117515804370578847e-01,6.512684833643855864e-01,6.599240748347195984e-01,7.702073475736872510e-01,2.879885546643306538e-01,-1.937407528658126044e-01,7.500021265754560629e-01,9.511315401931733637e-01,9.927152368005105476e-01,6.931080206474512506e-01,9.278230584063491548e-01,9.054558530549001727e-01,9.901913598690897933e-01,2.528151951344827508e-01,4.278587175367472017e-01,9.317369912931773301e-01,4.514692943677877657e-01,9.438317537942669810e-01,6.416106826945441322e-01,8.339690896431627420e-01,3.711247210231122251e-01,6.952666217537176729e-01,7.219796946622331069e-01,4.976096976419002171e-01,5.566936736444723088e-01,9.287516852425887759e-01,2.209427643374849981e-01,1.750031625154121750e-01,6.879870102244580732e-01,5.415516968015027244e-01,8.152051609483199623e-01,4.082103482153349727e-01,6.334036712791986101e-01,1.423536480723859299e-01,9.786386608941401999e-01,8.353782235167500625e-01,9.366045573860474205e-01,5.113762805881626461e-01,6.527071856741477607e-01
7.867672773292968547e-01,4.136692227437321345e-01,9.639376076679869731e-01,8.784614268475861021e-01,7.086149827164026638e-01,4.722540518585068847e-01,4.270502647937737817e-01,3.961386399699765581e-01,7.945879561897091214e-01,7.206255787384993061e-01,0.000000000000000000e+00,6.788573239671292781e-01,9.731455745967479976e-01,3.949792026996676308e-01,4.153382128387363981e-01,8.887404803496620209e-01,9.978549521460270411e-01,7.271880410970361641e-01,6.173381801615698272e-01,9.836945756471680014e-01,7.200803313760459901e-01,8.878673835975170459e-01,8.947098590060297285e-01,6.931727589615926943e-01,6.791695229000379586e-01,7.986419517755889430e-01,4.776454968416402602e-01,9.988594516186800609e-01,6.638669624232522715e-01,7.418740104391676748e-01,7.182226849362031151e-01,6.755807420432471400e-01,5.107329258832579155e-01,6.198535964167566359e-01,4.543898773920660994e-01,5.878640210163521562e-01,4.501090566725705067e-01,8.327446006108132348e-01,6.765423474286863526e-01,7.964635642034159080e-01,5.147477828639622777e-01,7.832756358809686015e-01,6.501606199952432164e-01,8.104036699663160759e-01,6.107509647968195621e-01,7.707186091738035261e-01,5.086448860875808498e-01,9.509931125213516578e-01,8.292834328896401264e-01,6.476146317891768867e-01,7.447629233300123719e-01,6.011239896649913650e-01,9.877082670977495038e-01,6.498181183265420158e-01,5.678115188836707627e-01,7.152843375896494882e-01,7.518938042253609649e-03,6.971162392965141175e-01,8.726330254225778127e-01,4.863592807849043131e-01,2.508321973584988762e-01,9.508560664806319229e-01,5.434901033416305038e-01,8.238748841294132319e-01,9.052452654973648372e-01,7.256136699109485555e-01,2.469664798850916831e-01,4.717950017615950009e-01,6.189292482439006093e-01,6.082146706267428371e-01,6.546405429554139621e-01,6.480542360023455739e-01,6.193100535349069791e-01,6.951568368512374141e-01,6.119092248842425974e-01,5.172237279442487567e-01,8.848595652137234424e-01,6.505590674057900591e-01,2.729740251428960374e-01,-1.049092169929442125e-01,7.348824883718938494e-01,7.975034075283611301e-01,8.113734470075731897e-01,6.690552180430854312e-01,6.493192220187538055e-01
4.736066179279452282e-01,5.850070926205557242e-01,7.656863645245749472e-01,6.727339685395274937e-01,4.423617079893726323e-01,8.676808175346489849e-02,8.524232999717783477e-01,8.479186465629966474e-01,4.434683766513319858e-01,7.482547318916074053e-01,6.788573239671292781e-01,0.000000000000000000e+00,8.524950721860784508e-01,7.763284946174381362e-01,5.768859767186045318e-01,9.325025928835768418e-01,6.073267012325873626e-01,8.620945713072901695e-01,9.384800465102558498e-01,9.190135726914128167e-01,4.662775394652520777e-01,7.590437231691751219e-01,4.103820159026830838e-01,9.588220056457721352e-01,6.188023607245716207e-01,8.947846517503932340e-01,2.305724998995409281e-01,6.033148601657549737e-01,4.642145671933511353e-01,9.869361353825279945e-03,1.623698357417630855e-01,3.037159937523733477e-01,8.584936899748415451e-01,9.481132344693865566e-01,5.668701634790318522e-02,2.773034531257814392e-02,4.816754458253622723e-02,6.371459843641547049e-01,6.235222779687608213e-02,6.232483011361117375e-01,9.147039461762377366e-01,7.765098756532756719e-01,6.136308939459215184e-01,6.402392947989515859e-01,8.162406179917341964e-01,7.196035921366923382e-01,6.196832920122324895e-01,9.482269094592497005e-01,5.584647415372472334e-01,5.911025272042385037e-01,9.058136087937698200e-01,9.506738733058998081e-01,3.795409511493451626e-01,6.202481026051596125e-01,7.659942496507922138e-01,4.711129636655168040e-01,8.453845111096615073e-01,7.244731569491968948e-01,9.698016592543208247e-01,4.946464883817559000e-01,2.564300175147679606e-01,5.376271714567346649e-01,6.488890575694823415e-01,9.234928914766458163e-01,9.006527729676744309e-01,6.089594890830342111e-01,6.573428784599260055e-01,9.354865026376881776e-01,4.626147822406835863e-01,7.021527231181822204e-01,9.947009180306700671e-01,7.661803618672379246e-01,6.573242141986773701e-01,8.125859476388251901e-01,4.895354046544166948e-01,7.384632836845117509e-01,5.661696153733414283e-01,3.139747798267000234e-01,2.218013948527711166e-01,3.433657564727060629e-01,7.788308519403372987e-01,6.962652883760082068e-01,8.081778169064799400e-01,6.783626693748789904e-01,6.650255976137967595e-01
8.715833253704755590e-01,8.376829264598018021e-01,6.704154884565510786e-01,6.814544425132339489e-01,9.279574832157955200e-01,9.889135046296761988e-01,9.352773096866697777e-01,9.390240057139387364e-01,8.300890558029900834e-01,5.115729386688639968e-01,9.731455745967479976e-01,8.524950721860784508e-01,0.000000000000000000e+00,5.011905658696267502e-02,7.994198171005481024e-01,6.757256275434087023e-01,9.403190981402693716e-01,5.790126857547654993e-01,6.161699564409099938e-01,9.101655569290431069e-01,5.089514571500436402e-01,8.810571480255626753e-01,6.080043252749935956e-01,6.451414677706683864e-01,4.032771124707227872e-01,7.220351585049878951e-01,3.311848869169376486e-01,5.463872266520759524e-01,5.562779503630765898e-01,4.714728975363599028e-01,6.736774573240835728e-01,4.790837468660368859e-01,8.375693008721675215e-01,4.958781549533556321e-01,8.118592368728552167e-01,3.138270231436123825e-01,2.970741232146115185e-01,9.389641475874630494e-01,5.903046730665372221e-01,1.306333221957859947e-01,3.340978241936776172e-01,2.248594377115391008e-01,6.683389649939210919e-01,6.552488958550723996e-01,1.577331297224948692e-01,5.604450661963538138e-01,8.272144471044099445e-01,7.698910419932452065e-01,7.300214594955500846e-01,8.787216312328874901e-01,5.475959708133415482e-01,7.827030862762043295e-01,9.136768448075872628e-01,8.022990988593755590e-01,6.932862298915466459e-01,9.484152153209535197e-01,8.854205180890900584e-01,7.911898354657409538e-01,7.566187565417765715e-01,5.741088560127035612e-01,6.926277029590134360e-01,8.686612869621811450e-01,7.704462391185721293e-01,3.267518686153875196e-01,8.837455177396400519e-01,7.937289019249351707e-01,4.168078461462918494e-01,8.794733103587215606e-01,7.190878354682663787e-01,7.532910989571908189e-01,6.860999955521225324e-01,7.576958088725425089e-01,4.216618613849866803e-01,1.379184806659226326e-01,7.568310237266488993e-01,9.169354684497337260e-01,8.059980762608804916e-01,8.396017177805685794e-01,2.184348341689432149e-01,7.274098651608998933e-01,3.860407461694632669e-01,8.593863422622893475e-03,6.490223056210328023e-01,1.483929847211990227e-01,7.378275804568780183e-01
4.397343928209987984e-01,8.963795806468380922e-01,6.623382004067294160e-01,5.142638073666830900e-01,1.127011616200141453e-01,7.639936723027298537e-01,5.079403969279659981e-01,2.377275955508895700e-01,6.771946781096024326e-01,6.473794734858135946e-01,3.949792026996676308e-01,7.763284946174381362e-01,5.011905658696267502e-02,0.000000000000000000e+00,9.701695180099974003e-01,9.732213976633039554e-01,9.435876240500640222e-01,6.778960937584800339e-01,2.981442880106225379e-01,9.317809648269138600e-01,9.407285853729521197e-01,6.793088729137761739e-01,8.607327632540771045e-01,8.007454972432813678e-01,6.249909204117611861e-01,9.804338032915912438e-01,9.566057697070570187e-01,8.002641054515492458e-01,8.846464582174109470e-01,3.637790742828159729e-01,2.297975278559857837e-01,8.018105875857119980e-01,1.050668376094488904e-01,5.771099095568071879e-01,9.596517193668749890e-01,4.836629185662009167e-01,1.324162920332870863e-01,8.471360632913367272e-01,9.885649535705847146e-01,6.268106724665798435e-01,3.184520897231841174e-01,9.314220552224338201e-01,9.276011471033343003e-01,9.341868805370682205e-01,8.294356894785606116e-01,2.061960236735726482e-01,7.316142913730534492e-01,7.135846241372023613e-01,8.696313498612072701e-01,6.555389054431399742e-01,6.262127318835277734e-01,8.307494851525237811e-01,4.007051736640533379e-01,9.368883362841069484e-01,7.275847726812774141e-01,2.901788350033509545e-01,7.557440638147190359e-01,7.081798160295702527e-01,8.696814430854118427e-01,7.853388139021852954e-01,5.114185095186571939e-01,9.341182765403779342e-01,8.611356360959594447e-01,7.765280347375592696e-01,7.631255874303329856e-01,8.028340950900831885e-01,2.650714809172453057e-01,2.663507902765037683e-01,6.895991545742059525e-01,4.695055106248636201e-01,3.235571791614024750e-01,1.665566560118652006e-01,2.536278063664619831e-01,6.269737108649251489e-01,5.636378727830388957e-01,4.519487391782673336e-01,9.762017012145065564e-01,6.843068339797676591e-01,2.795355053653850175e-01,4.062694962960201051e-01,4.970917880242347597e-01,9.457622693613213505e-01,9.428490168281541406e-01,8.745446837707729348e-02,4.979356527516316522e-01
6.393798986199160650e-01,4.910466890595521772e-01,7.229879869884545673e-01,3.852779535930941912e-01,5.457344383575081226e-01,7.164475085518653419e-01,7.440416861501754076e-01,6.953282660212536381e-01,6.772196471632819792e-01,5.389249460347702581e-01,4.153382128387363981e-01,5.768859767186045318e-01,7.994198171005481024e-01,9.701695180099974003e-01,0.000000000000000000e+00,7.945973122806450073e-01,8.135359829286222810e-01,3.638760353409055126e-01,2.526817248453103182e-01,6.615546369622065104e-01,6.756613048428382617e-01,9.550266902797173163e-01,2.480996730505630743e-01,8.191409062447411182e-01,8.091901091098328003e-01,4.458886515688594843e-01,8.509528469475418078e-01,6.085770633693974307e-01,6.018376974382997485e-02,5.816053618898586741e-01,7.910661313415338070e-01,4.514530016402155677e-01,4.262225255210463915e-01,6.571422458466624761e-01,9.323248768707121936e-01,6.754452419122699558e-01,5.199734354467497877e-01,6.082976732245093388e-01,9.012980678923496747e-01,7.671910332746705308e-01,5.573474856276252609e-01,7.535028624341487680e-01,9.245861350477442286e-01,6.965865909814368262e-01,9.432727206436229972e-01,8.264819113676836748e-01,6.299221246929791462e-01,6.839750476022442571e-01,5.323821030830953038e-01,3.173681671092620227e-01,9.661197636249109211e-01,6.999623586332744951e-01,9.209454567418831061e-01,3.099173492649643369e-01,9.004368206967852672e-02,6.137642804499043869e-01,7.758609843618103907e-01,1.019538397561266241e-01,2.060465735091719930e-01,4.287873156481538106e-01,8.833236129639798762e-01,7.458209960617960543e-02,3.451459915620456176e-01,5.040938513711368599e-03,6.535941549137961326e-01,3.124803283010499921e-01,9.822578234900245508e-01,9.928684124248815523e-01,4.643113286658812067e-01,3.151936737740214101e-01,9.554459084791988577e-01,9.493216260151013941e-01,6.865367148298836542e-01,2.567280106324476563e-01,8.546001495406028159e-01,1.906882107647063229e-01,4.818924596679081684e-01,6.858749781663778800e-01,3.927864549121397042e-01,7.593298238276746659e-01,5.293454531303748434e-01,5.002232714904967237e-01,3.332353858896495713e-01,5.057605014352900552e-01,9.613355660837327177e-01
5.727205805656410131e-01,8.624269339378112242e-01,9.363977865041954729e-01,8.291045922152820991e-01,7.696792268778286372e-01,6.567824394214902828e-01,4.043404938464865706e-01,4.507901777240561070e-01,6.449419093464404673e-01,-1.919133509325999243e-01,8.887404803496620209e-01,9.325025928835768418e-01,6.757256275434087023e-01,9.732213976633039554e-01,7.945973122806450073e-01,0.000000000000000000e+00,8.414300791769943055e-01,5.028877661315627190e-01,1.526685773326116324e-01,9.317565468232889003e-01,8.663352356330861204e-01,6.789271210272421753e-01,7.567398417644815023e-01,5.143915358755370981e-01,7.082210947050374683e-01,6.445990194559819697e-01,9.352682745828840016e-02,9.935321085499484450e-01,7.104753276565992648e-01,6.814390868917120647e-01,6.570887409215356301e-02,6.768423003224047774e-01,7.055886445264348827e-01,9.513938692377733597e-01,3.204299068964791553e-01,4.397477377516054720e-01,4.859246453797927412e-01,5.946354558069359975e-01,7.884060192626518582e-01,9.499226612034471495e-01,-3.997191394983329871e-01,9.209561674083565075e-01,6.013514367455666809e-01,8.365710796073975164e-01,6.929454378961387162e-01,8.730396221264913326e-01,9.930785799160033456e-01,5.287713130706322984e-01,7.715090150951205983e-01,6.590457998833115782e-01,9.884423362716194816e-01,5.001601246080455976e-01,7.583408438740288915e-01,6.904436040154582344e-01,5.567690074923221655e-01,6.413621696006035489e-01,5.405538482673235556e-01,4.404451377066769258e-01,7.036107241252199662e-01,3.146045371640395216e-01,1.028692570134589479e-01,9.743541387228474848e-01,8.706234346027459381e-01,6.382751578138180504e-01,8.032567308744434920e-01,6.227389139969137233e-01,7.742231825411372004e-01,8.529954703390340010e-01,4.139660520112473097e-01,7.815730775499779570e-01,7.953205829839120611e-01,9.174683145121368399e-01,3.925062202493692087e-01,6.163099358775874226e-01,7.205333751438207646e-01,8.316108746737802537e-01,4.916471882847267549e-01,9.289846555505716363e-01,3.924629897146982849e-01,5.251439573629673729e-01,9.673870334357268508e-01,3.712502188420033766e-01,7.631995849922962316e-01,6.309451040690390311e-01,4.133518827146734909e-01
8.150718510051319088e-01,2.344303067883655722e-01,8.984892459780710050e-01,6.868275044792245820e-01,7.103551417215564490e-01,6.672474866754726230e-01,6.178152969603625255e-01,-8.742111031148085132e-02,8.651295382148226354e-01,7.449845375690946625e-01,9.978549521460270411e-01,6.073267012325873626e-01,9.403190981402693716e-01,9.435876240500640222e-01,8.135359829286222810e-01,8.414300791769943055e-01,0.000000000000000000e+00,7.000104820834113228e-01,4.092407833912480308e-01,9.840251786178146887e-01,6.261890365405172743e-01,8.641960060525134546e-01,9.189043244967982638e-01,8.357644291203849551e-01,7.135357214964961337e-01,9.716286873088917364e-01,6.973580501301137602e-01,5.516403117287487640e-02,7.317826893469052685e-01,4.080565048048975241e-01,9.434826913066629572e-03,9.580134534593456319e-01,1.327002994264062929e-01,6.673109736866417174e-01,8.377952697902060208e-01,2.000705529863324728e-01,2.415609588692848586e-01,9.487553207435489577e-01,7.000783258603595627e-01,8.931250150522312969e-01,8.184133017289875189e-01,8.765805242850503998e-01,9.343988193256745900e-01,6.059625150808889416e-01,8.197190740937077003e-01,4.369000474749134555e-01,9.273638437940970869e-01,8.242755362308508138e-01,6.846223195894268754e-01,5.090907877107071489e-01,9.812067042787909754e-01,5.797133186112189973e-01,8.424645528656317106e-01,5.167427149020759058e-01,9.833292044105363949e-01,1.254849592523104573e-01,6.315609759345776064e-01,9.578709769947323371e-01,8.051334424001539425e-01,6.375102970530446278e-01,6.781741880338614248e-01,5.961445715300317527e-01,9.451611709489884383e-01,9.640005325594864782e-01,9.952450721731490590e-01,8.005183064169630880e-01,4.467238637105894750e-01,8.006405450973952398e-01,8.272565743387021442e-01,8.837470438508469028e-01,2.910154417074375388e-01,9.222853975369547097e-01,2.751250944471831938e-01,8.575432308412876958e-01,9.755975503784303227e-01,8.651012416060578358e-01,5.714788744291671163e-01,6.622288456951002100e-01,2.072283407387560394e-01,5.490748862409156050e-01,6.355078202363448892e-01,7.005799330251363255e-01,7.471965450320396940e-01,3.701325887655916302e-01,3.375605105556547247e-01
8.938126375252476441e-01,9.445090705590025726e-01,9.628360010287184689e-01,9.190298085282140317e-01,2.008818822426564898e-01,3.435564519714416898e-01,8.788867677264652345e-01,4.110872990729094734e-01,5.309831263409068303e-01,6.688179298671100836e-01,7.271880410970361641e-01,8.620945713072901695e-01,5.790126857547654993e-01,6.778960937584800339e-01,3.638760353409055126e-01,5.028877661315627190e-01,7.000104820834113228e-01,0.000000000000000000e+00,4.475114533867712852e-01,3.552368599589238451e-01,9.126376723422420234e-01,4.487832958927775451e-01,6.759240447223551218e-01,7.506090735226873534e-01,5.333422859292921148e-01,8.983924682295286734e-01,9.131960105258960514e-01,7.746227110091653545e-01,4.958462153968241637e-01,2.664979108760285875e-01,5.191668795226689337e-01,9.174340869404908894e-01,7.237799449228241588e-01,6.029477145839452490e-01,4.106315393330952079e-01,4.016078234209232711e-01,4.478659663510398126e-01,6.545448036325554053e-01,7.790474046335154057e-01,7.924243618432441627e-01,4.763812932520298804e-01,9.840855174797815685e-01,7.407406979564937766e-01,7.998381318196829959e-01,8.803977294538207765e-01,7.697742410835279880e-01,9.790429707167012108e-01,7.755655580161429086e-01,7.637227939325674786e-01,8.757096014895657810e-01,-9.807887206176868489e-02,7.923621437487178287e-01,9.113769956506242442e-01,5.292517950019806072e-01,8.430488794898014504e-01,2.482882538930924199e-01,9.285404883901742235e-01,4.868638800192630622e-01,9.807289456499066471e-01,9.120258223594215341e-01,2.665175721927043329e-01,8.569788298363523182e-01,8.261836280864893745e-01,6.053235913295761383e-01,8.025317024265584687e-01,9.378607197224109182e-01,6.428100410280940258e-01,8.033464237572572886e-01,5.841951895503382231e-01,2.614629173904831072e-01,7.514068108119910105e-01,3.030351042419769936e-01,4.456513593946674900e-01,9.623696143419772087e-01,6.500259636628007431e-01,8.489411992241977511e-01,5.448062145722150085e-01,7.976706101096197044e-01,4.376861087186638688e-01,5.781752916915303686e-01,8.849806222976044356e-01,9.527684217990209925e-01,6.278613151998947428e-01,6.384400760110232609e-01,8.614493405804577453e-01
