0.000000000000000000e+00,1.245864085913504504e-01,5.544519365349537265e-01,3.324378923553426568e-01,7.485768025995939157e-01,8.242450058820801617e-01,7.507295254808337148e-01,8.281360561028113798e-01,9.797994661746445288e-01,4.235767550407819049e-01,4.669824772144418601e-01,4.350629784250428789e-01,6.718375585691559460e-01,9.037904519380749457e-01,9.264380104926359660e-01,6.812474316780257055e-01,2.577474410071206590e-01,8.864348859565622796e-01,8.855783579674134653e-01,6.881440257195651222e-01,9.246735434439459222e-01,6.619315020800271565e-01,8.966349420959219829e-01,8.478325830310780020e-01,8.594652593745023550e-01,7.806127296877101163e-01,7.007001215886761170e-01,8.918069656857671168e-01,7.843669306998497515e-01,7.894947995897516613e-01,3.788637564720369610e-01,7.990588368169389000e-01,6.723906084775078673e-01,9.303331837640416158e-01,5.654481914513055374e-01,4.807391639562117458e-01,8.555699926279627943e-02,8.070591752034796951e-01,8.078127563223495011e-01,7.428140601148582878e-01,4.652043538066845674e-01,8.329067689278073505e-01,7.056668138400054024e-01,8.520994172278368861e-01,8.610702560324470234e-01,6.822336794877670307e-01,9.916749776260358473e-01,5.992065952212861646e-01,5.735601609144997948e-01,6.162627564029432570e-01,7.554184429128826261e-01,3.043223346215475841e-02,8.667535698895232343e-01,4.505245442517691878e-01,3.252485453152775818e-01,8.590461806499792852e-01,8.451442690165332783e-01,8.348692069885764733e-01,7.878237061923605289e-01,4.362223571427160662e-01,4.927068662757247974e-01,9.256759219591146337e-01,7.014385904316436937e-01,5.321070591990589849e-01,2.020873925873485633e-01,9.974510361096741162e-01,7.121645844590233088e-01,5.979959054515346928e-01,9.527669474296432961e-01,9.246426347784384436e-01,8.004303527326284140e-01,5.743440487198432365e-01,6.084298956353191290e-01,3.911499681580979937e-01,9.878357322075131952e-01,7.658932053549092345e-01,8.920317523516180236e-01,9.626962366261080373e-01,3.237661110708061063e-01,6.083505976838374796e-01,3.260607063418299312e-01,2.499590726247788441e-01,8.886681168954951859e-01,2.385705867055620266e-01,7.303971974693830305e-01
1.245864085913504504e-01,0.000000000000000000e+00,8.547729443925182746e-01,8.751285083236240991e-01,1.510161346330051446e-01,4.792378023939341536e-01,6.066936021689430802e-01,8.853500764025616920e-01,2.274770944333343314e-01,8.362566747076281004e-01,9.113051151393474214e-01,9.408598238270842185e-01,7.469066923150966542e-01,7.688802430363473883e-01,9.210090573000928593e-01,8.393441431157651067e-01,3.093861562723471126e-01,8.090843073548356079e-01,7.116918394485577393e-01,3.048517738481836270e-01,7.585268662100621562e-01,4.446764644187852222e-01,6.811654869121983591e-01,8.069671166243839178e-01,7.319139491591435120e-02,6.255790902920663754e-01,2.863152736904194251e-01,6.803465121468814658e-01,3.772579169939205834e-01,-8.191227862570527041e-02,5.786329545674442354e-01,8.662999657840059209e-01,7.496521465657079997e-01,6.920041499099822691e-01,6.920512843648932710e-01,6.944079561240183995e-01,3.441195231344517658e-01,6.555806115496681796e-01,6.798401847794034447e-01,4.061175620489863025e-01,-1.086238482714647624e-01,6.209293685640646654e-01,7.316000318697150062e-01,9.792358814491513019e-01,7.907564103880796447e-01,7.289577210739899282e-01,6.052357015645675187e-01,2.425503955070218518e-03,6.077926974658345305e-01,4.385522817092525893e-01,2.549973247836688772e-01,8.621060194862359971e-01,6.525316839980495054e-01,9.385745250241004367e-01,7.579596153837389050e-01,5.103720224104943970e-01,7.177355638765809953e-01,7.676994451961763888e-01,7.745969381880081217e-01,1.356812808515845681e-01,-2.593434300653866265e-01,6.003457644625334044e-01,6.698169775309001928e-01,9.323382273546692023e-01,8.308120005623033100e-01,6.289766630208531994e-01,5.163582380220582690e-01,6.535825755412337790e-01,9.198815916599399900e-01,9.146247822728671428e-01,7.333472954594237869e-01,7.979752576126275532e-01,7.419931174278686647e-01,4.875577414436199075e-01,9.050088277483797627e-01,6.615806975307598758e-01,5.142628070216358482e-01,4.323445455431532691e-01,2.171437063565222481e-01,2.844748155208068896e-01,7.680833415091303795e-01,7.007285729017536102e-01,7.608780219729983640e-01,6.687794790439457460e-01,6.681385375075123978e-01
5.544519365349537265e-01,8.547729443925182746e-01,0.000000000000000000e+00,6.949438624820684085e-01,9.900168089999956678e-01,6.067671836449517464e-01,3.741239182935216651e-02,9.915005398848910634e-01,4.621100690395608668e-01,7.084262331409791891e-01,8.866919878747765438e-01,8.769353088738158775e-01,6.513166288071461363e-01,7.492694414021350280e-01,6.688077081175873850e-01,9.507011832043740229e-01,8.131677658097535843e-01,4.383340715314617553e-01,9.855651315200539830e-01,7.779991698261888855e-01,7.339809975651189200e-01,8.838721976783768808e-01,6.403514822880708168e-01,9.754836782707558829e-01,8.781438179704281755e-01,6.425120434194534491e-01,8.125783446657249831e-01,9.851102306778883877e-01,1.099731889967675152e-01,1.682869240695088545e-02,7.750446579260094060e-01,6.323993753407003426e-01,8.967713226538235327e-01,2.032453437598109036e-01,9.636580062505494260e-01,5.955709247352510838e-01,1.348305763982819427e-01,6.632129321813043932e-01,9.518820670586093380e-01,8.465642847658689796e-01,7.506776410927485932e-01,7.424991163676721850e-01,4.745835254988759466e-01,9.645969078016333187e-01,5.044198860568593901e-01,8.897573091856378902e-01,7.833186475693205697e-01,6.695839163187808918e-01,8.482547527509245455e-01,3.917623718939533539e-01,9.114950818050997494e-01,7.027516306931699264e-01,4.139970611893051267e-01,8.354171916495607420e-01,6.240544685152421556e-01,8.208273087032221804e-01,7.454123057571266919e-01,3.269735667354345954e-01,9.058045264777119243e-01,6.144290563435895747e-01,4.985787552292438862e-01,8.108462722982829884e-01,7.549127046672590158e-01,8.511156903711954991e-01,8.156080816131423550e-01,6.265151365796025607e-01,7.012597607947252953e-01,8.342354049115936476e-01,8.914931925311263550e-01,8.696393431233035987e-01,4.223979270739648961e-01,7.017984077560013301e-01,8.611537271345042210e-01,4.032025811962022810e-01,9.232429580803891422e-01,6.095599433851850435e-01,7.205487291015302276e-01,4.582098397442297966e-01,4.316687666047518412e-01,4.576774899581277922e-01,7.525595565897846839e-01,9.633481272385691074e-01,8.231479626547818507e-01,8.730280560178373950e-01,5.172686796603568338e-01
3.324378923553426568e-01,8.751285083236240991e-01,6.949438624820684085e-01,0.000000000000000000e+00,7.140337885705473342e-01,9.281983443266623723e-01,5.319645915786047619e-01,7.493644737201602402e-01,8.027464165896378567e-01,6.879177904328236393e-01,5.421682281523563240e-01,9.456396839380446506e-01,8.025077481281265301e-01,5.942211825544074788e-01,7.982232153975163946e-01,3.072046461928857886e-01,9.213736806592917050e-01,9.760421064372529765e-01,6.166366414960616771e-01,9.581106338501291786e-01,5.475333183207151677e-01,5.476273021011255349e-01,6.583706622528597840e-01,3.646909084994250927e-01,4.725936027137639384e-01,6.536007104771566212e-01,7.647608697124349542e-01,4.830176190369451783e-01,5.126600871677262639e-01,4.534384636159663473e-01,2.420493566974037669e-01,6.041319290538670339e-01,7.704389349028244460e-01,9.942082934416941464e-01,9.237624701340281241e-01,3.889647596011381880e-01,6.760292430252273777e-01,9.777070286613996908e-01,9.070842265053110642e-01,8.766881429998942821e-01,3.287865832319445403e-01,6.795888019481646225e-01,9.870133090095952744e-01,6.206425211065782488e-01,9.484185746611880630e-01,6.256395423647032050e-01,5.668068813086755142e-01,8.598564535743548065e-01,-7.162567265067973366e-02,6.118460468341390124e-01,8.404450779800478610e-01,9.292362111767693555e-01,9.169118270002265536e-01,8.796392388948757191e-01,6.488975197641042580e-01,9.007633179746726837e-01,7.496802087198642939e-01,8.190387754520784824e-01,7.689025133625840835e-01,2.209171654805997809e-01,7.235492755118384522e-01,8.162672426453477792e-01,3.296360502278311566e-01,6.271935811885424039e-01,7.881935196621179252e-01,8.594201719235475823e-01,9.724668916652517980e-01,8.672370349314969529e-01,5.387743462972391928e-01,5.044028241832677617e-01,7.878094514314792907e-01,9.726914174615121089e-01,5.071390368064310206e-01,1.178622671216347229e-01,5.101224480359176638e-01,9.592373300882518494e-01,8.257457777057536363e-01,5.085089710268085872e-01,5.904360467244809119e-01,4.962078067615829369e-01,1.528399030900314259e-01,7.515744610544434767e-01,7.927912197190241095e-01,4.876483394661849657e-01,7.944109668032972582e-01
7.485768025995939157e-01,1.510161346330051446e-01,9.900168089999956678e-01,7.140337885705473342e-01,0.000000000000000000e+00,7.662648957359605717e-01,7.663251047042061170e-01,8.430961538885962669e-01,6.482789305370295629e-01,6.641171626455437682e-01,7.057466934174798368e-02,7.893130184474909106e-01,9.727805184642912550e-01,4.882316120800674064e-02,6.011249212340228354e-01,8.476739010433935739e-01,5.697695664923396741e-01,7.388097305074183829e-01,5.063668197247915836e-01,7.373659799772160905e-01,6.712898383623699949e-01,8.110624694165189386e-01,7.195284079275661160e-01,7.429722708276050858e-01,8.471278434151529035e-01,7.312585305775173294e-01,8.840752367514300714e-01,7.956304204553406034e-01,6.744386149231577088e-01,7.873162512851519246e-01,6.703911609652829506e-01,3.527857585465410395e-01,6.576707119634317422e-01,6.013191206413142087e-01,5.335444664137813930e-01,3.132412517808959018e-01,6.493516850217609937e-01,4.676846496659499697e-01,8.525809901666371315e-01,8.107772075016563829e-01,5.005008446684704460e-01,7.025476507936774251e-01,8.081486095303151984e-01,9.434142952814426053e-01,8.414091728539381254e-01,7.374129075959037216e-01,9.093459808957783386e-01,8.983947544934003382e-01,6.969312235444313774e-01,8.909686556932572277e-02,5.162499335801582490e-01,5.658278480164722346e-01,8.550509308312154166e-01,5.004645896797250693e-01,7.730367569689970964e-01,8.176254362290964472e-01,3.644413531533916006e-01,7.688297013716900441e-01,7.061210060006852807e-01,5.190673510413456038e-01,7.015326408082823706e-01,4.147833249360778352e-01,9.026919824320862595e-01,6.654397259002752252e-01,7.643419692028031731e-01,7.783579836986813660e-01,2.971540293850771230e-01,6.459437658353083256e-01,1.570356193765678476e-01,7.050510465499889579e-01,9.768835144207111965e-01,5.505135791303233939e-01,9.152406619224829482e-03,6.820743431233652343e-01,8.847002234112438801e-01,7.159621716309176875e-01,8.726354994015987909e-01,6.790002988162446851e-01,2.457005445287918088e-01,2.108175538706651975e-01,7.108177899679354317e-01,7.653803043852108745e-01,7.104719863404312941e-01,4.496193214900437995e-01,6.968493463378367947e-01
8.242450058820801617e-01,4.792378023939341536e-01,6.067671836449517464e-01,9.281983443266623723e-01,7.662648957359605717e-01,0.000000000000000000e+00,4.140026197470850211e-01,5.059767756931620175e-01,7.358983570897567050e-01,6.232178373755262735e-01,4.610708958645493571e-01,9.955056296927997650e-01,6.639946464702973783e-01,9.571348401934196559e-01,6.457922768581957351e-01,5.642695047088939209e-01,8.026205343180542462e-01,4.065682643527955276e-01,8.094973359352782838e-01,6.470556229885000565e-01,6.004670972685250963e-01,8.741984630569598069e-01,7.772428379451246094e-01,8.121399180555601838e-01,5.397243981053930773e-01,8.978435785568277261e-01,9.153188589897648386e-01,7.144231073648303898e-01,5.296598792623550267e-01,5.258869820485430058e-01,5.578670490309350916e-01,6.367270438585128645e-01,7.145850717381637685e-01,6.395551780624294524e-01,8.106898456777917872e-01,4.166753301406717624e-01,6.231840233264747120e-01,5.457528271594198621e-01,9.738748177504336079e-01,9.502421394476742167e-01,4.959047228120622153e-01,9.022683711701005027e-01,6.219137778464089994e-01,7.500293823877806076e-01,9.847404024622202767e-01,6.914743475143113605e-01,1.538163084651892609e-01,9.593418036369252277e-01,3.505115328616895676e-01,6.636564350961283720e-01,9.715229723029550346e-01,7.217934198390136835e-01,8.322983176276744777e-01,9.657445421599335500e-01,6.215450639666233457e-01,7.147924423957876527e-01,7.311093473235716900e-01,9.141802735139629155e-01,6.225300642028825937e-01,6.781632160463055836e-01,2.638911629306547879e-01,5.277570067889802985e-02,9.645565956865560509e-01,6.452350608414021416e-01,6.377750986295279700e-01,9.343719288693735914e-01,3.131870375532013195e-01,7.538092608048594379e-01,8.358568739127993918e-01,6.229905029693603158e-01,8.631746556315782470e-01,7.799610799225331625e-01,4.298132062615382942e-01,5.303365480012719457e-01,6.641512802385018954e-01,6.065714284891444708e-01,8.743544015122425295e-01,7.129785893709537081e-01,9.845820962230278361e-02,5.309676081916848700e-01,2.808760331219256057e-01,2.697639565852023580e-01,7.668477965203828184e-01,5.753090501544116941e-01,8.586991460729677117e-01
7.507295254808337148e-01,6.066936021689430802e-01,3.741239182935216651e-02,5.319645915786047619e-01,7.663251047042061170e-01,4.140026197470850211e-01,0.000000000000000000e+00,6.327534031963151229e-01,7.920283630115625417e-01,5.980762349442000358e-01,8.964601347970063694e-01,3.759690305813981337e-01,5.660392043104998105e-01,5.838754636927744324e-01,2.352850371419595576e-01,4.217619107384573685e-01,8.347140485988699954e-01,5.232883275827076019e-01,2.551255515673739316e-01,6.267224619086571025e-01,5.195245512085395756e-01,7.027061390574074196e-01,5.402614524965279053e-01,9.731796905118149654e-01,4.006545373461060655e-01,5.130039433095109347e-01,6.921111305842787553e-01,2.719340807185294251e-01,7.806300307039290010e-01,3.445829419805180871e-01,3.489732489435921625e-01,6.207656650468112991e-01,8.636072374434300425e-01,3.680071476802647679e-01,5.945092213287663796e-01,7.772594923678048939e-01,6.289398707851820980e-01,6.794062317686058172e-01,9.614661210591212148e-01,-1.141368513854239541e-01,3.661288118555943161e-01,7.179532648909553449e-01,9.473870580504132333e-01,6.724682311999176099e-01,5.616423074712940666e-01,2.209666392992604700e-01,3.291558024125486037e-01,4.056598543400730672e-01,2.750325544045262305e-01,2.122134935421736701e-01,7.701293878306328944e-01,7.695404868797115494e-01,5.453945061436069608e-01,4.357107697447010208e-01,6.326247040846145753e-01,2.369877512123929053e-01,3.369195166542019448e-01,7.407838932118550046e-01,9.239614645302831608e-01,1.376038967566280968e-01,4.049168527969089770e-01,4.707394023890238421e-01,7.647471622581059059e-01,9.662018769356890413e-01,5.330182281476969486e-01,4.299395262182131860e-01,5.667165697247688039e-01,6.908215156848263039e-01,2.244989548796799128e-01,5.086225987881572985e-01,6.425844545691228316e-01,9.051866618338850756e-01,6.881130897024880788e-01,4.988586191717635510e-01,7.164917464447193574e-01,2.151424468466378859e-01,4.942385842800037232e-01,-1.384816598470152704e-01,7.273242774923017739e-01,3.792875157092532867e-01,3.382826859257509478e-01,5.851258759217190658e-02,6.081010484579315589e-01,5.431835201668003821e-01,5.850265898374727991e-01
8.281360561028113798e-01,8.853500764025616920e-01,9.915005398848910634e-01,7.493644737201602402e-01,8.430961538885962669e-01,5.059767756931620175e-01,6.327534031963151229e-01,0.000000000000000000e+00,2.959244576289211115e-01,4.405322796015619380e-01,5.639579794437004079e-01,2.952451567969020529e-01,6.241337379698228549e-01,6.501962453245525575e-01,7.060380116958550056e-01,4.995506572420050917e-01,9.719626008386698102e-01,3.764529206756825896e-01,7.038199245034518770e-01,2.561291295390629719e-01,9.613727660060985558e-01,3.571140427617285895e-01,5.655545370809552663e-01,2.675148410426580470e-01,7.705965795059228629e-01,4.184023638249610988e-01,7.750605550797343701e-01,7.710252146703049370e-01,4.834783978915135338e-01,5.008421365338792119e-01,1.528721378888473759e-01,6.000990697049322087e-01,4.439192460475852031e-01,6.425300842405352597e-01,4.252610918030426124e-01,4.609711469985506294e-01,4.054032547494251237e-01,6.565726473700854715e-01,8.723474671901998434e-01,8.318281581860426099e-02,6.274765743566842469e-01,3.613858235902005500e-01,2.397649043617454678e-01,3.109281158807029044e-01,8.390399916328636909e-01,4.975235536896157607e-01,8.128196822501546626e-01,5.915095899207718499e-01,8.930691097833686198e-01,6.298853945569630186e-01,7.313721874792873390e-01,7.378870992021284714e-01,9.006865182453904772e-01,5.070360468827235234e-01,7.422700134035702391e-01,7.818932049568908527e-01,5.191161355441265522e-03,2.181413546792089764e-01,6.329743039273243443e-01,4.113180958485234684e-01,3.171767518334995817e-01,7.834450823430776367e-01,5.864540071373811614e-01,9.380234868441290619e-01,2.907707166516235175e-01,4.136408007277817545e-01,9.780240059884217629e-01,7.511645707804025518e-01,6.782404199366267594e-01,3.687869439896207524e-01,3.355543241469117755e-01,8.389706228541278232e-01,5.574680389977635375e-01,4.547725036486444661e-01,8.509585033002026178e-01,6.861047533730350034e-01,5.284376738239107141e-01,6.516440867300039574e-01,4.436500098633354150e-01,7.364659744447566991e-01,8.425855240525745860e-01,9.086648558869213632e-01,9.399044365868050033e-01,4.206626155517344534e-01,5.560605754943289680e-01
9.797994661746445288e-01,2.274770944333343314e-01,4.621100690395608668e-01,8.027464165896378567e-01,6.482789305370295629e-01,7.358983570897567050e-01,7.920283630115625417e-01,2.959244576289211115e-01,0.000000000000000000e+00,6.775402032251701678e-01,2.156729321509349151e-01,9.653610396304934671e-01,7.569704651634876491e-01,6.889426095529574967e-01,4.704112174740699981e-01,5.132487167638108971e-01,8.078396485933261317e-01,8.600679928085934733e-01,6.772385884978937565e-01,6.279611594250479323e-01,6.903279630761577357e-01,6.550896855502532645e-01,6.683787606927984459e-01,9.472933924283661877e-01,7.174511839416364278e-01,6.731212671499251510e-01,8.576288272551381153e-01,7.535885429029995919e-01,1.758755375802135701e-01,5.310356055750167226e-01,5.907689440629910749e-01,7.974543693307178938e-01,4.781583376173069722e-01,7.633715262592830619e-01,6.425496644542564306e-01,4.250168105791471418e-01,5.068026414927934153e-01,6.415317908043782769e-01,5.654957850834336774e-01,6.886129926526849410e-01,-1.629626886596084179e-01,7.139540390531472491e-01,9.147158555313287254e-01,6.855986722895800467e-01,9.948461379300580498e-01,7.619091224708128829e-01,7.931892968056808435e-01,4.023872538833779822e-01,4.195715032105131748e-01,5.900520581833990086e-01,1.022899323955569761e-01,9.464076190351701501e-03,8.063795466296574954e-01,7.167686670083383005e-01,8.152910668456035959e-01,7.648498829414972500e-01,6.410437704412437210e-01,9.570964981050152920e-01,9.998209214250080024e-01,7.450971267974668688e-01,3.002047905712533216e-01,6.986351965081026849e-01,6.658604422696821068e-01,6.475762690730496596e-01,9.563766311140425858e-01,6.850481213293085903e-01,4.765694383062198947e-01,9.834017904724683401e-01,7.130643129269592650e-01,8.269659009264255234e-01,8.100620222228074319e-01,8.595889846231745679e-01,3.888887745682479413e-01,7.099801478575112901e-01,8.170438050269241970e-01,8.122793728832944371e-01,8.650984587746796128e-01,5.455148567818848271e-01,5.796337794419307299e-01,6.638834590937412461e-01,6.271763689989409141e-01,4.792163005570024836e-01,9.448435627488932509e-01,6.242883996397735613e-01,4.300715803675393412e-01
4.235767550407819049e-01,8.362566747076281004e-01,7.084262331409791891e-01,6.879177904328236393e-01,6.641171626455437682e-01,6.232178373755262735e-01,5.980762349442000358e-01,4.405322796015619380e-01,6.775402032251701678e-01,0.000000000000000000e+00,6.680882039400348749e-01,7.911657617744158877e-01,5.937921272803783346e-01,9.317063557147386987e-01,3.692832348605645798e-01,6.203602309698859063e-01,7.645315371375293045e-01,9.941904103918670910e-02,8.453737494690831689e-01,7.947221933607396815e-01,7.557804093572793036e-01,6.846965709159308355e-01,5.703577719800729806e-01,8.576116114177978478e-01,3.510569108605731126e-01,3.343724291702829809e-01,4.338252452786776625e-01,4.372841284988032706e-01,1.705295575362434646e-01,6.915405761628318215e-01,4.404823537748837614e-01,2.401792086986457853e-01,8.688793647348458382e-01,5.889353537374871772e-01,5.629920277751676583e-01,6.573572342176523531e-01,5.639573251355444183e-01,3.564577675250568123e-01,7.644614050439477726e-01,7.256955330829594208e-01,6.298498296223195014e-01,2.214052624724542617e-01,7.906259518483577109e-01,8.124596403247964505e-01,6.897806744244209254e-01,8.678243353824273143e-01,8.939209277587345515e-01,6.615982910045858922e-01,2.168529568774361926e-01,8.232931650844435012e-01,9.804444535153561402e-01,2.685989956079029017e-01,1.959131411812613521e-01,2.457934507405485081e-01,8.516445676138194587e-01,4.807442762899263311e-01,6.473102627636113660e-01,6.574029836595212117e-01,6.977696417175573984e-01,1.225410899979772900e-01,7.941039934963789459e-01,9.290831589702462923e-01,7.071647670154224130e-01,6.254723907479152745e-01,9.087859925454163657e-01,9.535234769433947877e-01,6.940021276617800439e-01,9.317391135326184015e-01,4.146385560930760938e-01,6.581950683153053872e-01,8.957021871125668833e-01,5.540661333961300894e-01,3.636783973486336086e-01,5.020507361767106991e-01,8.872302240676426255e-01,9.717305224907284433e-01,8.185150900020823350e-01,7.540149938715602351e-01,6.122946822085290064e-01,5.594567497203851714e-01,7.522037697528356492e-01,8.215935761114281366e-01,6.857923350301972087e-01,7.414729805912403382e-01,8.583857915969989039e-01
4.669824772144418601e-01,9.113051151393474214e-01,8.866919878747765438e-01,5.421682281523563240e-01,7.057466934174798368e-02,4.610708958645493571e-01,8.964601347970063694e-01,5.639579794437004079e-01,2.156729321509349151e-01,6.680882039400348749e-01,0.000000000000000000e+00,6.707871174398012393e-01,5.890409098400537502e-01,5.196145823918137951e-01,7.574581705666123543e-01,7.846870372037914043e-01,9.291976931866861023e-01,1.154534080288553977e-01,3.156681059660401134e-01,8.513012165808190312e-01,8.228944751316661366e-01,5.870139661063407122e-01,6.386751860773857148e-01,9.087892668232698812e-01,9.687490262619424808e-01,2.911755474493863405e-01,8.688631006856986083e-01,5.255720417472496964e-01,6.060346565086122128e-01,7.932734103606426945e-01,-1.774005058757172626e-01,5.100438297295375456e-01,6.153738788388521952e-01,2.596705187708949758e-01,7.455392770094200205e-01,4.172351554063110091e-01,6.640380599625916869e-02,7.417863141483533873e-01,9.344824276592126333e-01,9.360908446384579307e-01,7.166289399756602396e-01,5.078708645037440794e-01,6.580792648311175608e-01,9.389786032919386072e-01,6.793622446510110269e-01,8.556140748998535273e-01,8.823034752303798856e-01,8.142257710138725013e-01,7.078459407645005808e-01,3.694647763385636718e-01,5.969246221284254528e-01,4.990814306938537448e-01,7.724771733922005668e-01,6.499429339271163286e-01,8.148103793590781851e-01,7.613201677232752651e-01,3.884877863792074448e-01,9.524835026748948996e-01,7.187386726666094017e-01,9.844658020629153405e-01,5.904426859785327775e-01,1.451140735215235289e-01,3.619577606727817365e-01,7.248351031556894419e-01,5.274846382476203743e-01,6.203574314904384268e-01,7.392684218686699227e-01,6.933353413774057117e-01,4.043416607524401019e-01,7.080346050790876644e-01,4.522313547762463193e-01,6.619787072796330385e-01,7.129537142813358042e-01,7.579207878070954862e-01,5.862586991748766074e-01,4.645475582347143861e-01,9.924610468088714832e-01,5.072857342881961218e-01,4.128816829246610975e-01,1.535178003061210272e-01,8.595747254549881422e-01,4.455892504914671370e-01,6.480429754980938650e-01,6.288744025276370442e-01,4.517673291115414935e-01
4.350629784250428789e-01,9.408598238270842185e-01,8.769353088738158775e-01,9.456396839380446506e-01,7.893130184474909106e-01,9.955056296927997650e-01,3.759690305813981337e-01,2.952451567969020529e-01,9.653610396304934671e-01,7.911657617744158877e-01,6.707871174398012393e-01,0.000000000000000000e+00,9.828474022336293192e-01,7.839550871329116211e-01,5.882318840290973183e-01,7.065109813459040655e-01,1.596256944100072350e-01,7.747541204682246718e-01,8.905451750074625528e-01,5.645308662274970413e-01,9.513423388495810817e-01,8.910951704059022482e-01,8.558889267741800477e-01,9.294716012262802529e-01,5.610894414832734434e-01,8.412506414752627393e-01,9.847371150646991866e-01,7.077209895485662150e-01,4.912071827352463838e-01,6.121334430386390357e-01,4.143539581890858803e-01,4.537491444414183950e-01,4.296040395125544364e-01,9.774715223469718772e-01,8.266705831719396436e-01,4.550084250053140766e-01,5.092950138136062010e-01,7.206176095234881895e-01,5.845854544237182315e-01,9.850758463728201964e-01,2.149789040353340952e-01,5.219327395547044279e-01,7.530422491823539621e-01,8.447251570202588544e-01,8.291576204620477730e-01,9.066131088411558681e-01,8.653843485624741483e-01,9.548291148344267842e-01,5.547241778787159738e-01,5.031076280432101866e-01,6.429010179535095126e-01,1.272671692416914024e-01,6.818329596398196024e-01,5.351175014394100593e-01,7.270799910760824547e-01,7.966379606519706780e-01,4.029530803489659307e-01,4.417369000180012550e-01,4.687499906870948863e-01,4.911144582497842803e-01,7.015407951878956938e-01,5.297952205564062655e-01,8.216000482255170212e-01,8.654570536817590698e-01,6.593124675951778091e-01,4.048042143323191677e-01,7.478734281130738903e-01,8.276842697374360291e-01,5.500516636313553809e-01,5.428674500452284057e-01,5.413200920670894201e-01,5.225429509041878973e-01,7.628378792194442370e-01,5.562382965267190782e-01,4.649859577668599142e-01,9.139982528148282714e-01,9.622268682259962347e-01,4.105962536604478297e-01,6.063854672041177896e-01,5.702960138149606450e-01,5.093460871859583072e-01,7.778134913006137241e-01,7.308041193111514122e-01,6.526363878513219419e-01,8.302270418486660253e-01
6.718375585691559460e-01,7.469066923150966542e-01,6.513166288071461363e-01,8.025077481281265301e-01,9.727805184642912550e-01,6.639946464702973783e-01,5.660392043104998105e-01,6.241337379698228549e-01,7.569704651634876491e-01,5.937921272803783346e-01,5.890409098400537502e-01,9.828474022336293192e-01,0.000000000000000000e+00,7.791579458388869783e-01,8.260515040366190886e-01,5.254980553751343875e-01,6.962425994081306024e-01,6.506684105108081484e-01,8.503522099311198179e-01,8.209169816262029684e-01,6.783157695383794650e-01,6.711631849756970469e-01,9.923161244264526726e-01,8.266063012351558825e-01,2.276409982725563497e-01,8.707122874616854968e-01,3.706299092146428942e-01,9.488783221333215723e-01,7.870236238352562586e-01,2.488693438605356356e-01,6.432639584674872957e-01,2.124870260516488196e-01,8.724170881609912831e-01,9.465127851054186969e-01,5.466082783452725913e-01,2.337034626630315470e-01,4.237296613089174269e-01,3.564612369598768593e-01,8.726969957424819402e-01,4.603275846870543697e-01,2.970025172448455542e-01,7.294326980853873543e-01,6.435371560221740950e-01,9.005727096352795780e-01,9.791544796047984001e-01,9.470472483425350640e-01,5.548571516742546728e-02,9.116829383942803844e-01,9.215237449321722618e-01,2.739053002238799328e-01,5.063822673475730785e-01,6.425464899210600045e-01,3.343344981193502319e-01,9.624659660969752117e-01,2.315455314382849350e-01,7.961335211544424695e-01,6.014495649730783322e-01,9.950253501344985541e-01,9.152427355247639840e-01,7.470001092061423487e-01,5.913822892527256236e-01,8.767480749245062377e-01,7.591029433065193954e-01,8.468256438485337600e-01,4.759854790379827727e-01,5.916381930247696097e-01,6.927962551219440934e-01,7.262106962113381581e-01,6.027031277519672159e-01,5.441251386284756686e-01,9.844594217646751577e-01,9.434060348853110511e-01,6.513405681993318375e-01,7.250786337611379029e-01,4.754033619068702143e-01,7.032286081038029435e-01,9.349923940332661720e-01,9.139305712153169559e-01,5.878268272045288345e-01,3.942870994173381938e-01,6.778644510609309615e-01,8.085583966646973098e-01,6.030224989913987033e-01,2.247065921772218866e-01,8.094447663051411723e-01
9.037904519380749457e-01,7.688802430363473883e-01,7.492694414021350280e-01,5.942211825544074788e-01,4.882316120800674064e-02,9.571348401934196559e-01,5.838754636927744324e-01,6.501962453245525575e-01,6.889426095529574967e-01,9.317063557147386987e-01,5.196145823918137951e-01,7.839550871329116211e-01,7.791579458388869783e-01,0.000000000000000000e+00,2.360350296434998441e-01,9.660847514141781556e-01,4.007693238432127325e-01,9.232860634309967285e-01,7.799187018538337179e-01,6.964579234705760014e-01,9.426660455587009269e-01,9.090791031630560681e-01,8.936513334178773915e-01,9.015849948130592040e-01,4.571548072700877818e-01,7.723967710410767351e-01,9.207147443401995091e-01,7.616753617147227207e-01,3.211020667129955153e-01,5.058325731028774364e-01,6.366892504320205426e-02,4.435797916354035086e-01,6.265513471542006885e-01,7.456543816749607867e-01,4.085898581612407154e-01,6.387780216693493829e-01,9.337149412155187900e-02,6.501092643356624068e-01,6.815778261561235007e-01,3.327427708405779061e-01,5.539769802659898490e-01,7.238436469522155914e-01,9.076072135324450008e-01,8.055711209794435002e-01,8.308317912737659405e-01,7.939582232506130488e-01,6.404235814469860788e-01,-3.376991077400251506e-02,6.798035868473313315e-01,6.148080647210992788e-01,8.851885879211094377e-01,2.249293479188614886e-01,5.429290404281438276e-01,4.697928586490380809e-01,6.706328128466390037e-01,8.823473087243646207e-01,4.562799010819526546e-01,8.613689272287303744e-01,8.433491178019004719e-01,7.237375915679855609e-01,7.964748576846016892e-01,7.544143146573637493e-01,6.101176115883405471e-01,6.976257228183490033e-01,8.397964625671783256e-01,2.805939502380056516e-01,5.481501684902783111e-01,8.322887017039916069e-01,1.739559123003518726e-01,9.427889883065277976e-01,3.883421576477764647e-01,7.877681422919259324e-01,4.022277273182613966e-01,7.300201955487499728e-01,8.751533876950330360e-01,6.399458002603514162e-01,4.846677207704646051e-01,5.745521760910785591e-01,9.901917991457309665e-01,5.078950210134455245e-01,6.043036467196716277e-01,4.901964641421586721e-01,9.105478035082293919e-01,2.478653097929559568e-01,3.584381749236695835e-01
9.264380104926359660e-01,9.210090573000928593e-01,6.688077081175873850e-01,7.982232153975163946e-01,6.011249212340228354e-01,6.457922768581957351e-01,2.352850371419595576e-01,7.060380116958550056e-01,4.704112174740699981e-01,3.692832348605645798e-01,7.574581705666123543e-01,5.882318840290973183e-01,8.260515040366190886e-01,2.360350296434998441e-01,0.000000000000000000e+00,7.686910962391788615e-01,8.716308494216257197e-01,9.274992279977263276e-01,9.006918331850064519e-01,8.149032420370915242e-01,4.651122857939259392e-01,6.919616811408558776e-01,9.324817508610052652e-01,8.006921255772379009e-01,2.316364349924847355e-01,2.054736588609953063e-01,6.596319411868457605e-01,6.304468463983209370e-01,5.147500621515567198e-01,5.614928327473778236e-01,5.035626807923822001e-01,9.612062114390577117e-01,2.842041020968709142e-01,9.533553962835301654e-01,7.281421379921606540e-01,7.926218200595496199e-01,6.633971430958085502e-01,5.416827643077056775e-01,9.192507058488565974e-01,8.835687013444971649e-01,3.048805506875660321e-01,7.758075290215866726e-01,8.520924936014349083e-01,5.292672269245871641e-01,6.364546825832386734e-01,9.138511029650977502e-01,5.569726817192738322e-01,2.852797235056457326e-01,7.583125900611018544e-01,6.817758057687755002e-01,6.926383176129002894e-01,6.633405484782433081e-01,4.857846389478518989e-01,6.485134877760541094e-01,8.832369015289801562e-01,7.251715829386287115e-01,7.493344134415513835e-01,4.003342146744108820e-01,8.958219600489059076e-01,6.998893053519710250e-01,2.088153508041641071e-01,6.837178854031271680e-01,6.140513171564301320e-01,9.990270744750394671e-01,2.410486959010634256e-01,7.977075116266747756e-02,5.692437078458438826e-01,9.585515663207851977e-01,4.950698569981947794e-01,2.207726438039920580e-01,7.242801530185472014e-01,6.058423339949123854e-01,9.767934583883893795e-01,3.098509775776629449e-01,8.497734381220216626e-01,7.358365588897215481e-01,9.204850757670601791e-01,2.794024181230739812e-01,1.082707060964189782e-01,2.832828222748573488e-01,4.422916960345845694e-01,1.101033511642006690e-01,6.499157826131154447e-01,5.879955695656284842e-01,9.074238493594519728e-01
6.812474316780257055e-01,8.393441431157651067e-01,9.507011832043740229e-01,3.072046461928857886e-01,8.476739010433935739e-01,5.642695047088939209e-01,4.217619107384573685e-01,4.995506572420050917e-01,5.132487167638108971e-01,6.203602309698859063e-01,7.846870372037914043e-01,7.065109813459040655e-01,5.254980553751343875e-01,9.660847514141781556e-01,7.686910962391788615e-01,0.000000000000000000e+00,8.365911123323596099e-01,7.684791530334337262e-01,6.034555312032288121e-01,8.191800325363726154e-01,9.050379476775709531e-01,7.131659358707711505e-01,9.920401987366707086e-01,6.831608918457524604e-01,4.243511604341134724e-01,6.022479729828726924e-01,8.774883724137387819e-01,6.424230259175602864e-01,2.915112726660803455e-01,2.143880635388412392e-01,-7.703337371521613852e-02,5.323555373682239411e-01,6.929861323712692700e-01,9.762983948020628189e-01,9.368716077248235852e-01,2.708750321740445166e-01,7.705546855241156567e-01,7.223300879787124540e-01,9.971557259488310621e-01,6.295419684522393089e-01,5.494713178816728050e-01,8.100615525799716998e-01,6.835033672566135365e-01,9.253108509302602203e-01,9.876885727798567771e-01,5.703772877034642974e-01,6.346397797602389979e-01,8.290536277660532916e-01,3.147210991509216682e-01,2.224483002485194427e-01,7.728964252952095215e-01,7.363281546203088723e-01,9.023588588870656846e-01,7.326160252687706764e-01,5.480473757490943454e-01,6.324340174453438879e-01,7.132012125305168260e-01,6.087997525190635972e-01,8.810799832133420217e-01,5.070552006412901713e-01,3.839010254733437599e-01,6.872124736068069284e-01,7.676704491443547829e-01,8.453440894757673352e-01,7.106441931556229941e-01,5.092504649270974681e-01,9.305488435425344207e-01,9.381845826447194892e-01,5.750843228013876596e-01,7.834874281004100549e-01,7.213332647643801998e-01,6.720466858095742735e-01,5.885053997001280512e-01,4.225420528000308762e-01,1.685184123122617506e-01,4.011432011209795645e-01,9.586526031071305187e-01,5.548410400907317630e-01,4.790281909588577358e-01,5.544876813398409432e-01,8.889809926629804737e-01,2.787368254947605872e-01,5.347917679941976976e-01,5.523659680212507084e-01,9.363303135539040589e-01
2.577474410071206590e-01,3.093861562723471126e-01,8.131677658097535843e-01,9.213736806592917050e-01,5.697695664923396741e-01,8.026205343180542462e-01,8.347140485988699954e-01,9.719626008386698102e-01,8.078396485933261317e-01,7.645315371375293045e-01,9.291976931866861023e-01,1.596256944100072350e-01,6.962425994081306024e-01,4.007693238432127325e-01,8.716308494216257197e-01,8.365911123323596099e-01,0.000000000000000000e+00,7.524148457587161998e-01,8.306880919237159544e-01,9.319813938247638596e-01,5.737193797225945691e-01,7.121936871495019306e-01,8.072765242185157009e-01,6.768228785560617133e-01,2.853834600232957874e-01,7.580776617155862152e-01,9.118967775461853664e-01,8.165554168962056991e-01,5.955622592418499117e-01,7.577215258939566933e-01,5.239148258256297597e-01,9.948993172192173162e-01,6.585620068905870816e-01,9.159176285592425248e-01,8.520176295304082714e-01,5.308969809065359202e-01,6.504087485741524288e-01,7.876237340055987080e-01,8.854580778860228207e-01,6.743552614716716853e-01,6.053994054272485714e-01,7.185429233020953488e-01,3.118806902550747551e-01,9.908942919472920607e-01,8.245064389764866775e-01,6.935430884670961138e-01,7.066411376784161869e-01,9.821362757050233760e-01,6.538440502244193819e-01,6.745492300249275042e-01,8.996447929256862208e-01,6.592360512869290812e-01,4.925552971730250973e-01,6.896984058498568070e-03,7.771672868755042929e-01,8.132042586180676658e-01,3.321320666698127644e-01,8.620388303381331108e-01,8.267028422901754325e-01,7.378800883741185590e-01,6.184406491568114062e-01,5.741746117695019080e-01,9.466068303166009779e-01,5.478078200741656190e-01,7.315850082432882040e-01,7.072211101758520968e-01,9.880791715234251704e-01,9.763500807271454640e-01,4.005967030124883976e-01,8.829018553016282356e-01,9.649619795934815114e-01,9.686152991189924677e-01,6.911612024108878538e-01,5.584061478517906574e-01,7.728115799687779175e-01,6.071586639259209939e-01,7.032865007505845201e-01,8.468287733508519377e-01,7.510779280310518613e-02,3.893045642848680377e-01,8.480524348511266908e-01,9.950008329106383442e-01,9.021307743949926738e-01,5.450710304839579967e-01,3.030022641292262728e-04
8.864348859565622796e-01,8.090843073548356079e-01,4.383340715314617553e-01,9.760421064372529765e-01,7.388097305074183829e-01,4.065682643527955276e-01,5.232883275827076019e-01,3.764529206756825896e-01,8.600679928085934733e-01,9.941904103918670910e-02,1.154534080288553977e-01,7.747541204682246718e-01,6.506684105108081484e-01,9.232860634309967285e-01,9.274992279977263276e-01,7.684791530334337262e-01,7.524148457587161998e-01,0.000000000000000000e+00,7.160336415982110347e-01,3.915896692754281538e-01,8.335687495660270008e-01,7.456344717488906371e-01,5.070608893725934152e-01,8.029995668537266429e-01,3.302091560621346344e-01,7.388058203145442260e-01,7.843466248347702452e-01,3.639580469070834989e-01,5.966529659850878797e-01,7.933865352223881118e-01,-7.788225028686146523e-03,9.121941443446043296e-01,4.321247467439492396e-01,8.578967597758647701e-01,9.572244690456265248e-01,4.578762924269629830e-01,1.856725264745682363e-02,9.407335548554192073e-01,8.664282561313529918e-01,9.599327725023119040e-01,4.233518351645905176e-01,9.485687252170384998e-01,7.635268429150674496e-01,2.071750972199341845e-01,7.630059647326772332e-01,7.035855859816035895e-01,9.331693607086417597e-01,7.486770138323085577e-01,8.440930481447080913e-01,5.749045187582705330e-01,8.980921667119469154e-01,8.576102348467377068e-01,5.291087074592781825e-01,8.724964601623592664e-01,5.960461944447409399e-01,8.203318467447544560e-01,5.409449505952271808e-01,5.146334911639535159e-01,9.087011309315372598e-01,7.494900510437402241e-01,6.627180105209472538e-01,5.359787343726882813e-01,5.139049268256581371e-01,8.848164241137219665e-01,7.192875229004599413e-01,7.909022786073626188e-01,6.980174134684467013e-01,9.201418748457501628e-01,9.542355196007121787e-01,8.776003355046504972e-02,8.315765479349381817e-01,8.307773140707593873e-01,5.194762103216336024e-01,4.243351059653450719e-01,4.193174162181805831e-01,2.429754119121135814e-01,6.616728527506585689e-01,6.169416066780327723e-01,3.973179424932047343e-01,2.185223634530215064e-01,4.859746002741033299e-01,6.803223812601379983e-01,8.450264574007941842e-01,9.677484815732502188e-01,6.206744259779576334e-01
