0.000000000000000000e+00,9.712060904825879915e-01,6.645887955717499906e-01,8.613751027531679760e-01,8.460732851043616387e-01,6.429952771357130281e-01,9.896184263780680723e-01,6.477910585639853336e-01,3.700859743701373494e-01,8.694339576023411009e-01,6.008588232978069321e-01,9.711117326419087536e-01,6.016728282147344453e-01,3.433166534908946854e-01,8.259838725743988697e-01,6.614232158863500022e-01,7.458677974224481311e-01,9.982372117232525266e-01,7.661316407161371522e-01,8.853552040066876572e-01,8.006884620236263128e-01,7.074382868048159079e-01,7.937702668016715091e-01,9.176674180193975516e-01,3.946102569648494707e-01,6.599711246835719969e-01,2.809697819147405906e-01,9.547757407152233089e-01,4.554871225571819893e-01,7.343124944304639801e-01,5.549742798263200827e-01,8.595354676994237941e-01,6.008648247898122907e-01,6.255823184807235426e-01,3.458875027108777589e-01,7.062958057177844973e-01,2.668831774784554689e-01,9.002483804774834564e-01,9.594204273172713959e-01,2.313216129316251479e-01,3.875012073318545025e-01,7.819962593313350974e-01,9.403045324386783976e-01,8.093889077736553528e-01,7.716985165969975080e-01,3.237905337569090269e-01,6.023540549165621316e-01,2.576098452774494563e-01,5.563800493519668322e-01,8.040384589398603676e-01,4.527130420516268794e-01,9.888250790742951768e-01,8.693445101607097936e-01,5.683146066771678218e-01,9.993539511340507886e-01,6.437780762531216672e-01,9.887741075249192324e-01,9.705035762039243563e-01,7.215174212594427372e-01,6.900120541200251978e-01,7.169005577394619300e-01,8.798860330150798381e-01,5.642669700688599521e-01,6.434136101692662368e-01,8.125203166930918819e-01,7.187974295283592330e-01,8.193893082842534925e-01,9.885332885160098559e-01,8.758924046567985178e-01,9.595049095346381840e-01,7.659785833846219916e-01,9.953790151441087586e-01,7.115712910345238784e-01,3.908257060907759373e-01,4.219948159099396467e-01,7.725114950770285427e-01,8.932839291448136931e-01,8.299721294789526027e-01,4.995042141907574118e-01,4.076245776674987387e-02,3.897945078287596843e-01,5.375371670891732068e-01,7.965641168079091727e-01,4.692335024121545017e-01,8.293560861509482462e-01
9.712060904825879915e-01,0.000000000000000000e+00,4.300778246241147018e-01,8.782990778940713561e-01,7.333244874641027256e-01,6.278834522848862898e-01,6.135490296902841312e-01,6.967449441917854536e-01,6.540473547541201249e-01,7.003394338289005150e-01,5.831880734440691993e-01,4.746202185484403868e-01,9.876506060724822289e-01,7.377744917687161230e-01,6.167245144890901587e-01,7.700657093695023603e-01,9.671280091278500191e-01,4.173725563450454423e-01,3.870280820026232305e-01,6.234262956008835843e-01,7.359933065224057991e-01,6.347516103703951806e-01,5.007299076519320380e-01,7.942834257431308220e-01,3.762202714579659241e-02,7.599067002419175321e-01,8.971710928536464902e-01,7.950980903569544456e-01,3.133429340510338057e-01,5.199149847386225209e-01,7.484554383411278211e-01,6.635108838524023112e-01,3.816244318363908872e-01,6.362937093782282671e-01,9.438732188591945071e-01,2.787741889256076799e-01,3.746460211397483198e-01,4.263592756140377471e-01,8.207257845804339924e-01,7.344736206357637132e-01,4.255426224744138231e-01,9.815805669139074929e-01,7.619303686130872721e-01,9.046200348970908633e-01,4.043033100673157354e-01,6.064325489060321539e-01,7.657506176370674211e-01,4.568570901066668077e-01,7.537733211422076307e-01,6.412174123128429049e-01,7.172554508425582620e-01,3.947792198860653468e-01,4.088090790271201730e-02,7.076258243619298893e-01,9.602116737471049213e-01,8.682696170721229123e-01,9.637921876897000972e-01,7.842701868737046444e-01,8.426607814929569784e-01,1.344243864490612950e-04,5.780822338202830091e-01,5.534362282111241482e-01,1.761466001072778051e-02,8.181765081112341020e-01,5.828766570504880784e-01,8.369977169818318963e-01,9.099679181097408698e-01,8.167014100728752224e-01,3.030693858510256217e-02,2.069153820172660307e-01,8.131787156107987968e-01,9.388543624558494116e-01,2.182884300736950556e-01,4.918689080642686395e-01,5.374257818475042248e-01,6.774789738465838429e-01,8.216397918324013228e-01,7.062425494630558687e-01,3.445130449456031974e-01,3.925961633080220503e-01,4.475134453964822456e-01,4.857713350772486782e-01,9.918574291335531257e-01,6.102884919528239749e-01,8.037362512369611300e-01
6.645887955717499906e-01,4.300778246241147018e-01,0.000000000000000000e+00,9.156366949539538336e-01,6.729600086721256869e-01,5.455246819669302694e-01,6.362727054375583169e-01,6.767075905080455200e-01,9.805219784484674461e-01,8.573421999071678679e-01,8.018352850637283646e-01,8.594866379851368032e-01,7.007375278595844303e-01,9.090900410935496279e-01,8.945889472232014805e-01,8.759937493095182326e-01,7.463851989600922554e-01,9.916820968593271779e-01,6.869075266379750522e-01,6.248804799147040789e-01,7.008760902832495976e-01,6.582530438961693431e-01,7.609570860588765751e-01,9.700096424288010555e-01,9.553790115552672768e-01,6.882298439472036566e-01,9.522525914150323789e-01,8.410396481790956003e-01,5.914161230915577772e-01,5.949554311199887202e-01,1.329411356008575185e-01,8.506713400914165391e-01,5.730374863751168668e-01,6.521144611672758939e-01,7.652509194362532297e-01,4.181484337605249624e-01,5.824405051624566010e-01,5.951315127474574584e-01,9.408875946542267776e-01,8.035277473110457036e-01,7.757635544189852572e-01,6.714096927600448073e-01,6.123170927208992920e-01,8.655677208480047069e-01,4.938211867906958097e-01,9.569096418700463458e-01,4.465729387436090381e-01,6.130511217656176015e-01,4.709077345968845085e-01,6.549504917344450838e-01,9.097097959222365526e-01,8.893751994453999998e-01,5.776621603180788211e-01,6.294132671257184342e-01,4.165267683692160938e-01,7.933462455548789816e-01,6.529723153411536307e-01,7.678427468596170646e-01,9.428737041074163328e-01,4.373789782685251759e-01,6.160301282892912678e-01,9.108912346239895763e-01,8.973065101165998980e-01,9.754047357196591328e-01,5.223187078825521912e-01,6.323845211633197794e-01,9.668880605628056291e-01,8.141536074561445124e-01,6.621539259842217362e-01,9.510845121044295691e-01,3.185544873894827905e-02,9.626193432002603245e-01,4.036976296373415707e-01,3.114971520445791175e-01,7.961887065251350704e-01,9.543213309174221060e-01,8.590102621820092654e-01,2.509838383405096907e-01,2.704695762374501600e-01,5.803508761841130736e-01,5.979881057364107022e-01,6.019325083378054275e-01,4.991362332792687040e-01,9.357741723235033504e-01,8.384034784110552252e-01
8.613751027531679760e-01,8.782990778940713561e-01,9.156366949539538336e-01,0.000000000000000000e+00,5.749705809833651760e-01,7.086658598600027448e-01,3.219822670814403431e-01,7.954747839968302481e-01,6.151275655388517283e-01,5.107387446944077203e-01,3.215496584072630171e-01,9.052273411062279340e-01,9.018324125407359837e-01,4.589968479200327578e-01,9.428708981515094845e-01,6.421549120854184167e-01,8.240391005337153185e-01,8.527750772488609243e-01,5.568746230768361061e-01,5.277478630747074462e-01,6.980589833241496178e-01,7.424249728078625710e-01,1.645394969313766775e-01,6.856521683541993983e-01,8.130962602240124903e-01,6.903674166011281033e-01,6.678870986254590303e-01,9.549817357358432179e-01,2.458238596968959633e-01,4.873845319556696642e-01,2.561797484949853154e-01,8.580296519826899893e-01,4.985807199859874084e-01,4.780818717877080570e-01,9.171457073106451530e-01,6.382190531256906052e-01,5.963847691088981495e-01,2.501457459074492018e-01,9.634995944595046991e-02,9.808540960715581569e-01,2.049434680933509001e-01,9.569558069438980352e-01,9.146656901596238454e-01,7.428085494842640024e-01,9.301572516049672057e-01,6.171028623940572055e-01,8.269345200805320317e-01,7.808422396384594455e-01,5.679474097823297152e-01,8.460893541896582493e-01,6.427118760181957935e-01,9.487497795374622012e-01,9.690631738081522117e-01,6.619652539119470491e-01,7.275017766475326830e-01,6.704177022853506918e-01,9.441657322551295639e-01,4.046482334419391202e-01,4.226457079870125089e-01,6.669860024047107316e-01,5.692188780127325209e-01,7.953095056273911112e-01,6.424717722944028875e-01,8.270095079598729360e-01,9.800841981976140538e-01,9.411685568388707956e-01,9.488873805071633694e-01,9.196274879058011775e-01,4.603224776962874243e-01,7.831109702476389822e-01,7.506137794542292463e-01,8.838610515252203204e-01,3.320272124853106410e-01,5.308057315315882763e-01,5.072687912975527569e-01,9.752121229175968464e-01,3.559820921852733799e-01,4.822972381124676078e-01,6.043973933664328890e-02,2.805513484633381793e-01,8.559254932973869856e-01,8.349918005343153204e-01,7.474551681278325255e-01,5.387798731991964019e-01,8.238264971683466609e-01
8.460732851043616387e-01,7.333244874641027256e-01,6.729600086721256869e-01,5.749705809833651760e-01,0.000000000000000000e+00,6.549042554321696796e-01,1.532181251852928749e-01,4.868829568160134569e-01,9.767685463832000980e-01,6.782359838771516714e-01,3.336087368326138280e-01,6.003983919792832413e-01,8.929321086911879979e-01,9.330982926080253481e-01,7.024415069199546613e-01,3.446262925899986063e-01,7.327388997589230346e-01,8.304962566818566705e-01,8.369439650680623455e-01,8.188233865485791130e-01,6.910872707172227569e-01,6.078703572469520422e-01,9.428441512887441034e-01,9.904669858084096390e-01,6.310779898292191437e-01,8.160477108117472622e-02,8.934861454710559814e-01,6.349124674129457135e-01,7.272099807456626763e-01,4.178087789504164040e-01,4.811022569274434613e-01,7.149302771960566183e-01,6.960246267069812587e-02,7.473446810908644933e-01,7.979043496271109870e-02,4.695220556987448335e-01,2.296779523683995516e-01,5.232280581522797958e-01,8.080045867337255494e-01,6.955410798162771080e-01,2.424300212316966019e-01,9.416592939784163008e-01,8.838666119249328768e-01,8.660627504272710997e-01,6.525216281038945798e-01,5.234499445495219838e-01,7.653076283671863544e-01,5.199559256622504622e-01,3.555248715276353444e-01,6.882670061622345736e-01,6.528728332694773151e-01,7.800231660238885478e-01,8.774151460340556818e-01,8.594127233211121819e-01,6.484223949902463424e-01,7.619171146782668380e-01,5.747505101265519833e-01,6.325853554861028405e-01,5.180369825769318703e-01,7.563930021562705885e-01,4.336609795583681315e-01,6.024403140587154537e-01,2.794746933977528824e-01,9.174433157981817244e-01,7.843046418109409501e-01,7.881128580992520227e-01,4.757191194266439660e-01,8.588980348164020340e-01,3.069862661650036295e-01,5.089224546133328531e-01,1.015806859223311598e-02,6.810363985808798315e-01,4.475272660951526427e-01,5.831957767794817560e-01,3.429669007379152618e-02,7.953037328104406445e-01,6.816328449793590538e-01,3.106204372478703624e-01,4.702217574497636887e-01,5.273109179968107352e-01,8.928705898748261482e-01,7.587085680414344946e-01,3.297429611590925180e-01,6.468345142459617225e-01,3.439591566668458444e-01
6.429952771357130281e-01,6.278834522848862898e-01,5.455246819669302694e-01,7.086658598600027448e-01,6.549042554321696796e-01,0.000000000000000000e+00,7.781709621098328311e-01,4.058854875527865280e-01,7.726403968314329296e-01,7.982219812116375657e-01,7.637604511534401563e-01,3.170533343363123313e-01,5.650372764160842554e-01,7.885662073123529403e-01,3.627697881742398267e-01,6.792034813490340772e-01,8.837957247098534586e-01,9.101328365971491641e-01,8.426956953311852683e-01,6.850021403545588639e-01,4.554829278243963109e-01,7.496019247214740222e-01,7.450034437342645255e-01,9.908274643363970124e-01,7.842725285281549885e-01,4.794233649408086162e-01,6.622254293000713332e-01,9.814051265338838981e-01,7.934877136684772569e-01,6.099333626025494892e-01,5.186568672266651525e-01,6.479735022693238200e-01,9.806863771328719892e-01,7.372204408181926016e-01,7.332155559244472043e-01,7.187620434921354606e-01,4.380205965311427807e-01,8.432976876053959181e-01,9.442257499445845248e-01,8.232226547928029881e-01,9.408957241078773348e-02,3.242224334642900274e-01,6.613585113705682250e-01,6.612022341073835463e-01,6.308444297551927260e-01,9.336152213268877897e-01,4.677583376756543898e-01,8.473887298855313777e-01,6.422353916082932379e-01,6.924981463982848862e-01,2.731098639722209231e-01,9.829389670308819049e-01,8.783673586140055001e-01,7.658609290235367517e-01,9.304799166657394816e-01,4.846740956955941648e-01,6.897974419030440396e-01,5.643721025720639384e-01,7.013306261808355258e-01,4.206447887043306966e-01,5.857691496052070956e-01,5.326910336560344295e-01,7.662450524906674332e-01,7.253857395826800447e-01,9.360686992384438243e-01,7.005573048659509139e-01,9.042506282345210700e-01,9.828701559589031467e-01,8.550821222763892449e-01,8.938275821619078298e-01,7.563715894206771706e-01,7.453464276423940049e-01,7.137425055888200198e-01,6.428334758318466902e-01,6.974201515273078522e-01,7.769959484589455956e-01,8.492598068422607671e-01,7.087261657307429574e-02,8.435624736621175623e-01,4.775300271258848817e-01,4.974242848868366540e-01,9.630369872406548959e-01,7.862938550515012892e-01,8.693521962702057682e-01,7.411436571446801125e-01
9.896184263780680723e-01,6.135490296902841312e-01,6.362727054375583169e-01,3.219822670814403431e-01,1.532181251852928749e-01,7.781709621098328311e-01,0.000000000000000000e+00,6.809989852225148965e-01,4.281303926833515683e-01,-5.324019636906621167e-02,5.013571305016469026e-02,7.326259369445986547e-01,7.345358992636388251e-01,3.136746811436842974e-01,9.385189391299322281e-01,6.356080437157001217e-01,8.413733457344678701e-01,4.434232708326397154e-01,-5.605502273212262243e-02,8.740488723093702284e-01,6.789548273740759754e-01,6.445624199839459223e-01,4.765978914878701844e-01,9.634964007825530530e-01,6.569155952384296837e-01,8.136319029832967953e-01,5.853210822839071126e-01,8.247084182668827923e-01,9.531814276467867608e-02,2.671589000520770418e-01,5.699576862931038379e-01,4.181032019083626150e-02,7.702799204940784517e-01,5.386928447709128376e-01,6.563177833455572374e-01,2.484136454823538398e-01,5.930069414782024317e-01,6.326925030813689288e-01,9.787029774265089133e-01,6.290963789652768146e-01,6.516121643892318627e-01,9.600612451063281760e-01,8.862664137477772597e-01,6.170639600228938065e-02,9.239384554001524030e-01,3.680871736184841980e-01,5.695473733811955430e-01,5.095966299463946525e-01,5.937040027737243708e-01,2.914141228258473326e-01,7.579985880522180919e-01,2.590739381487145443e-01,6.423508785589475412e-02,2.919614119553372578e-01,6.314224375289578806e-01,5.432630392199634395e-01,2.589749747609289554e-01,5.214486082639814279e-01,4.246909363598203035e-01,3.369112660238106072e-01,7.880428822216498652e-01,5.384669886331698851e-01,7.576961274609437247e-01,3.212896620044123908e-01,9.762413066758939273e-01,4.680186010625058679e-01,4.551593620692420128e-01,8.112312135655033174e-01,6.797296439391891099e-01,6.640364287844433555e-01,7.167365636614488889e-01,4.386741726044979250e-01,5.938792349266341919e-01,6.031076388143256084e-01,7.760221901392728716e-01,1.444895022746761626e-02,7.877776704046435263e-01,3.836082104450233565e-01,5.279085225741324550e-01,4.888806159038382448e-01,1.159850070226913499e-01,9.237241869811193551e-01,4.275125308753569553e-01,2.752655742026410279e-01,5.500656690915609603e-01
6.477910585639853336e-01,6.967449441917854536e-01,6.767075905080455200e-01,7.954747839968302481e-01,4.868829568160134569e-01,4.058854875527865280e-01,6.809989852225148965e-01,0.000000000000000000e+00,5.708486851441325616e-01,6.859115314377998152e-01,6.925101947662303248e-01,6.171244914616330624e-01,8.753653738093833958e-01,1.561935141182505260e-01,7.329414697006921831e-01,4.318911284145984797e-01,9.374042940033272542e-01,6.838021377863690020e-01,7.283442277132851084e-01,8.858510498718674686e-01,5.809354187140961523e-01,7.461033590370342861e-01,2.764415832265146311e-01,4.541165608867158698e-01,7.189097708558429556e-01,7.745139289682696493e-01,6.677421078254687226e-01,7.211968287573502501e-01,8.832972691749660932e-01,4.889867283582620683e-01,7.917630227367019602e-01,7.954879581166800495e-01,9.930851322912735979e-01,2.199074902483211802e-01,5.510349311771109981e-01,2.975844288271873306e-01,2.797073421533894377e-01,8.684723674624752476e-01,2.300762192878522405e-01,7.630155109822304160e-01,5.265105146588617835e-01,6.208199069512361223e-01,9.150266360615152417e-01,5.550140532101073276e-01,8.705906594964708534e-01,7.768681516593405334e-01,1.596004071532712010e-01,5.471018153438912401e-01,8.215770755771339973e-01,5.512904036300038113e-01,3.704629650864020851e-01,4.338598561759294814e-01,5.613272915003922892e-01,6.622886887400817324e-01,9.218362502475977438e-01,8.748883285623805239e-01,6.853277699534537915e-01,6.309463546064766337e-01,8.141130677225565382e-01,7.303175317876982042e-01,5.696237454112772491e-01,5.992065489526332556e-01,7.109456633751981558e-01,4.000079427128674370e-01,7.360831262046219070e-01,7.828099640299673867e-01,6.168145068708565937e-01,8.436179301570828626e-01,4.735331508839314418e-01,9.683186442528020077e-01,4.929217414249670304e-01,2.915650936749872857e-01,2.466832682655104303e-01,7.331648610392981213e-01,4.859645430206410155e-01,6.688979646483445007e-01,9.563167688169921243e-01,7.373052311593677466e-01,6.826091920937649160e-01,4.463094014323789049e-01,3.991358930311867947e-01,7.307649748869680106e-01,7.727777200188408191e-01,4.100506117866146716e-01,7.808266330656714604e-01
3.700859743701373494e-01,6.540473547541201249e-01,9.805219784484674461e-01,6.151275655388517283e-01,9.767685463832000980e-01,7.726403968314329296e-01,4.281303926833515683e-01,5.708486851441325616e-01,0.000000000000000000e+00,6.659354532404118121e-01,6.171517635839068872e-01,5.609139628835583258e-01,5.824253523154466761e-01,2.293770630577604552e-01,7.003941393026522633e-01,5.387676423085326904e-01,7.632392373093305205e-01,5.958438538745680635e-01,4.786534567661751005e-01,7.997219045731535081e-01,8.129226433732658075e-01,7.681797912459427113e-01,7.892982063838241968e-01,6.021807969344823430e-01,3.561731419753642602e-01,5.323056926063096661e-01,6.525533828036160777e-01,9.480247209190764135e-01,5.749432588047642678e-01,1.364483683757349020e-01,2.036451697029955168e-02,6.190220254827764057e-01,7.156107614338115264e-01,9.460616584968577492e-01,4.007504488967394973e-01,7.085929457020866407e-01,-8.158645942056334810e-02,5.912743701636671290e-01,6.395326546550993418e-01,6.580685249852574747e-01,2.991779561663074349e-01,6.580970747728511760e-01,6.235168681983882522e-01,8.454927987753635410e-01,9.234019062122789112e-01,6.666551048014494052e-01,7.681643311635480975e-01,6.499335526417888698e-01,7.242832601067396014e-01,5.239024840504389324e-01,6.476445317323866746e-01,6.466986121357378714e-01,4.060106764379222133e-01,6.568352586069374777e-01,8.197257404690382332e-01,8.108262729001872726e-01,6.755654524260137350e-01,9.576484668915581366e-01,8.905352678022003809e-01,1.575150579523692251e-01,1.191042130816073567e-02,2.879420151178107568e-01,6.512994098846141000e-01,9.121920907104966725e-01,8.443835886320936179e-01,6.179180244282697076e-01,6.140183515320605245e-01,9.101860620121965395e-01,7.134957041260574506e-01,4.741736817183011543e-01,7.082751692022474233e-01,1.412072392208996996e-01,1.263113837731585642e-01,6.241564093570053373e-01,4.662434089260222292e-01,4.451625166696377423e-01,6.463432217305358218e-01,6.253558374664551778e-01,3.009501691841854898e-01,5.592495688445807689e-01,-6.662302924930657566e-02,9.334120698627341728e-01,2.447783743184310246e-01,1.714724346325669224e-01,3.906297986633518460e-01
8.694339576023411009e-01,7.003394338289005150e-01,8.573421999071678679e-01,5.107387446944077203e-01,6.782359838771516714e-01,7.982219812116375657e-01,-5.324019636906621167e-02,6.859115314377998152e-01,6.659354532404118121e-01,0.000000000000000000e+00,7.247435355966369563e-01,6.345679112696538393e-01,6.049572124254486427e-01,5.075138714979440246e-01,2.812344593649769298e-01,8.891387613377985666e-01,4.704091314659863965e-01,6.272126916654872097e-01,8.907040671294914613e-01,5.973586701546679256e-01,9.157935114010794520e-01,4.738284506960583897e-01,1.293964142229785952e-01,6.670570683590772987e-01,5.463143462010718876e-01,8.261592800011747784e-01,8.931932357872391925e-01,9.123476181757096404e-01,7.458366901167622354e-01,5.355304348104794609e-01,6.669650502757087374e-01,2.335886805433501079e-01,9.477550631651248114e-01,2.297227190144611186e-01,9.253824594552029215e-01,-1.353373163093942178e-01,2.888937011772779173e-01,6.872562674563800211e-01,9.844541179832396738e-01,9.871943608941312620e-01,2.692816858567645411e-01,7.642526098258974887e-01,9.399238025580651801e-01,3.805877192038106260e-01,6.576124837590928696e-01,3.743201138050324950e-01,5.289779347910976703e-01,8.101890358687074967e-01,2.614751495817789206e-01,3.739873481847830750e-01,7.617748308540072122e-01,5.142176609712484359e-01,7.089025125432469876e-01,2.958362347600196340e-01,5.073501760293329665e-01,7.286757156458874007e-01,2.871817583734166401e-01,5.510288963158114228e-01,7.100955314356320880e-01,7.015563555258862438e-01,4.897703759034897630e-01,4.993041512115649061e-01,6.052529298505131550e-01,8.880088449084283519e-01,8.347540790705658686e-01,-5.210585115300428449e-02,6.040115541576437375e-01,8.768693035761904175e-01,3.512553364291099989e-01,9.982405534836498173e-01,2.881560971600579113e-01,8.775036057902011466e-01,4.247936730419239471e-01,7.159983566756352724e-01,4.919018583913633003e-01,5.344166227108864131e-01,3.222125140391112752e-01,4.319134586426673916e-01,7.214769592553091915e-01,4.467480813275197526e-01,7.238370612769764456e-01,6.530819102517064767e-01,6.335377985166439352e-01,4.371458898138269045e-01,5.581256524937916463e-01
6.008588232978069321e-01,5.831880734440691993e-01,8.018352850637283646e-01,3.215496584072630171e-01,3.336087368326138280e-01,7.637604511534401563e-01,5.013571305016469026e-02,6.925101947662303248e-01,6.171517635839068872e-01,7.247435355966369563e-01,0.000000000000000000e+00,3.699398457616774882e-01,7.136617244549541272e-01,9.468688760128955995e-01,3.345229425090572306e-01,4.821106700136914003e-01,7.595261863455956552e-01,9.310342958085245924e-01,6.456962561960585267e-01,8.320424470355691771e-01,7.948069264232908715e-01,4.094949921070720200e-01,6.824199910192643159e-01,9.429535190222986252e-01,6.204759988451949981e-01,7.683266657264272714e-01,9.913221139937338222e-01,1.362395337138045392e-01,4.101824440029789853e-01,7.263417486001757517e-01,3.199696414941273215e-01,7.226408729131167386e-01,8.288628345350302906e-01,7.738791994251265072e-01,4.982095724928362612e-01,2.862715828093410630e-01,3.772199427199491861e-01,7.957781607541152269e-01,8.437297561887769914e-01,6.504334780689646767e-01,7.068607102912437545e-01,8.532219385454595795e-01,8.507212932761256674e-01,2.256758911177178528e-01,9.439012991483424209e-01,6.062480079516010534e-01,8.623257136471563777e-01,4.795026670185448259e-01,9.015863233663827803e-01,6.183615457269580062e-01,3.574913805024074187e-01,7.047248216990024128e-01,8.529394602515658619e-01,9.154689468372908534e-01,7.949382931583730549e-01,8.913709262385990373e-01,5.180896115337696450e-01,9.967868385044587054e-01,7.169567846316219351e-01,2.560876487666819412e-01,7.469281685518611713e-01,9.844748035233115147e-01,4.672493792311866456e-01,-1.781706857339384331e-01,6.148268314789706590e-01,6.454808750995942868e-01,7.965115689037545188e-01,6.011108618665325087e-01,4.645756283564619338e-01,5.941800533497137993e-01,9.806561271802074486e-01,7.624479715739679309e-01,2.332668716574504142e-01,7.051495720601975714e-01,9.405687933942720180e-01,8.483270091660772838e-01,6.553257085433868978e-01,6.294501256009225054e-01,5.714213133114551812e-01,5.816813705068766271e-01,5.047151001176656271e-01,9.962449181901849027e-01,7.231616944960637117e-01,7.511421273075024052e-01,5.159130866342650501e-01
9.711117326419087536e-01,4.746202185484403868e-01,8.594866379851368032e-01,9.052273411062279340e-01,6.003983919792832413e-01,3.170533343363123313e-01,7.326259369445986547e-01,6.171244914616330624e-01,5.609139628835583258e-01,6.345679112696538393e-01,3.699398457616774882e-01,0.000000000000000000e+00,6.050193411226679752e-01,9.301715360917219844e-01,7.909364627004243919e-01,3.101572133186758506e-01,6.812111326518679455e-01,8.955300101265627477e-01,6.943371867821264143e-01,6.653233094551429527e-01,4.201924119488987808e-01,5.796167806386642862e-01,6.284440403682565179e-01,6.209783291620569745e-01,3.159027262850511719e-01,9.766778043569095402e-01,7.030654901407640267e-01,2.244854347156232943e-01,7.715443089871381055e-01,2.001199475036625208e-01,4.823486478588613346e-01,1.928605154190813353e-01,7.390977945538785843e-01,2.518213293529159014e-01,4.655531228305922475e-01,7.350120267320683354e-01,1.489384938325096774e-01,2.372652729936830240e-01,5.882436057034531318e-01,6.564617644332056967e-01,3.964393319128078352e-01,9.106647368417464250e-01,8.554113327217829355e-01,9.082914580631422652e-01,6.513407511283348938e-01,7.510150695144730548e-01,9.183660074900507064e-01,4.135888395567375309e-01,6.562170158097420103e-01,5.894876004594339358e-01,6.462872002192874277e-01,9.255251033186130405e-01,9.719656826168894259e-01,3.985953319285981400e-01,8.529482735277515992e-01,2.003200525563305079e-01,4.612159312274969891e-01,6.242517504290199248e-01,9.309481953268690102e-01,4.058045936125328490e-01,5.608845240414561673e-01,8.248260765616790557e-01,6.689775701103960470e-01,5.513089301047516821e-01,8.126532493455964623e-01,8.982137984354598981e-01,8.305457280473330650e-01,4.003732654357097243e-01,4.755067020309357018e-01,8.805871263769116108e-01,6.803001472199590172e-01,6.089768274567781692e-01,7.397005744895903678e-01,3.890047907559455731e-01,7.193443798001478706e-01,6.017383250894343671e-01,7.296837106356596214e-01,9.775868412044870226e-01,1.017605203225171312e-01,5.996077050174790646e-01,4.699719107978267973e-01,7.784819303534913359e-01,8.049212957940823365e-01,2.480508368298846023e-01,7.020173003793862554e-01
6.016728282147344453e-01,9.876506060724822289e-01,7.007375278595844303e-01,9.018324125407359837e-01,8.929321086911879979e-01,5.650372764160842554e-01,7.345358992636388251e-01,8.753653738093833958e-01,5.824253523154466761e-01,6.049572124254486427e-01,7.136617244549541272e-01,6.050193411226679752e-01,0.000000000000000000e+00,9.146453213413006100e-01,6.066546268065882153e-01,4.650310865442695007e-01,4.955250427816390579e-01,2.063875099486252584e-01,9.577272069479968453e-01,9.470088045809044175e-01,5.417096266721280751e-01,5.138308997910551179e-01,9.554259732042003073e-01,8.747893293890545152e-01,4.923876699076454311e-01,9.032579005843481834e-01,7.268671799042796255e-01,5.592656922897941696e-01,5.905135357848569910e-01,7.309367632444231377e-01,3.839155390319854977e-01,5.757075798316053650e-01,6.945714053467809679e-01,6.659761061843283425e-01,5.449520606713381676e-01,3.923457528362968016e-01,8.381413388265002151e-02,7.176410492697652410e-01,6.042659818359406021e-01,8.245449983596886412e-01,7.620212606548705248e-01,6.689183605513675523e-01,6.451224303771401214e-01,9.104975029819334376e-01,3.097971946130976262e-01,9.268288225868779318e-01,8.946803624687649226e-01,7.418538760924835440e-01,6.062385722388523579e-01,4.469143474047193032e-01,5.162833585022491567e-01,9.726442425779189271e-01,7.435828285005245952e-01,8.871309159714030335e-01,6.067721261717696768e-01,9.294876581914921498e-01,7.045235608368242142e-01,7.801232183306054946e-01,6.701390025412619078e-01,6.605516544749174823e-01,4.445444867335648365e-01,9.679626457232874959e-01,1.915508077655572391e-02,9.027391011940782972e-01,8.329500883170449788e-01,8.997581588329560676e-01,6.096289508401111501e-01,9.273549171569833716e-01,7.718619547094338618e-01,8.377630907466465660e-01,6.120899902438888818e-01,7.079589084466543225e-01,-6.497037476872036255e-02,7.700778120077820255e-01,3.448617152399653385e-01,6.309688293154339656e-01,9.609062826210211794e-01,8.726822509882267154e-01,2.724239452361968405e-01,1.764441256770500899e-01,8.555432789582938513e-01,9.713227521463108083e-01,8.535432126870071690e-01,2.535623649086776177e-01,6.874940254454406929e-01
3.433166534908946854e-01,7.377744917687161230e-01,9.090900410935496279e-01,4.589968479200327578e-01,9.330982926080253481e-01,7.885662073123529403e-01,3.136746811436842974e-01,1.561935141182505260e-01,2.293770630577604552e-01,5.075138714979440246e-01,9.468688760128955995e-01,9.301715360917219844e-01,9.146453213413006100e-01,0.000000000000000000e+00,5.613507145770367801e-01,7.229336486645917548e-01,9.579607198382698030e-01,5.305653616475634049e-01,9.578151911791564499e-02,6.429702840120741225e-01,9.906861886928336469e-01,4.413969804391739138e-01,9.472075667193595727e-01,4.651528798786928043e-01,6.481113470354683548e-01,9.996588213838306647e-01,8.980002157071871327e-01,7.489143179617527846e-01,4.749752851019484190e-01,1.999924377403096420e-01,6.767438386803832640e-02,4.412476168406608834e-01,7.879094266828261528e-01,2.246816060349977051e-01,1.972030366804969001e-02,8.593439478474095006e-02,4.128643741649369869e-01,9.992574163578891167e-01,9.778445214128154150e-01,7.059192290707695383e-01,4.099480914802742793e-01,8.767295331009496984e-01,9.300152423913794486e-01,4.635629215135161907e-01,8.289183301054859898e-01,7.938346906333235697e-01,6.419086919191558938e-01,5.274493757419104201e-01,9.789579753041596222e-01,6.522421314341571019e-01,7.200395400415607883e-01,7.104331350704520265e-01,9.894370645448680168e-01,9.938873008112354412e-01,7.770990326322577690e-01,7.876005246721103914e-01,9.579732638251600152e-01,6.497528976742786844e-01,5.098647182720976723e-01,4.118774612005938196e-01,3.511752328648575228e-01,5.887064592106874272e-01,3.567563372076653083e-01,8.899040071410528885e-01,8.148994444805058857e-01,9.328875122635804651e-01,4.361195609035249388e-01,8.959565840955168170e-01,5.776307904127911952e-01,4.854902930418691920e-01,4.247740170757417499e-01,7.944055403254444148e-01,2.022250470921312659e-01,7.041380744584345708e-01,5.736623880065498948e-01,9.175631465950894183e-01,8.206572182562458240e-01,5.570110621840512755e-01,1.476565601123485394e-01,7.443517487283726197e-01,3.166370053057028233e-01,6.751927877804110301e-01,7.685294157603049792e-01,1.213054003945717718e-01,9.286611197033998177e-01
8.259838725743988697e-01,6.167245144890901587e-01,8.945889472232014805e-01,9.428708981515094845e-01,7.024415069199546613e-01,3.627697881742398267e-01,9.385189391299322281e-01,7.329414697006921831e-01,7.003941393026522633e-01,2.812344593649769298e-01,3.345229425090572306e-01,7.909364627004243919e-01,6.066546268065882153e-01,5.613507145770367801e-01,0.000000000000000000e+00,5.395292653116050552e-01,2.548176808368512458e-01,7.128228704409778071e-01,9.160876147313539164e-01,7.497817605385220796e-01,7.576268344176848579e-01,4.342959875954092719e-01,5.133508879922016321e-01,8.911112330392029213e-01,4.713838281751887016e-01,2.520478016138209543e-01,9.235265090412505540e-01,9.043554088033579630e-01,3.662480810740157411e-01,9.273896116385347277e-01,7.934760807841714225e-01,4.170489838927859960e-01,3.819419012137799108e-01,5.863488192256645082e-01,9.990801859421734044e-01,7.932471076283797995e-01,4.215154394856428510e-01,9.424963016251433068e-01,9.447753430441673261e-01,6.871308360380169455e-01,4.724670720981317684e-01,6.418493686394282083e-01,8.349609960782227169e-01,7.901508643568220247e-01,8.727553805468661885e-01,8.848321141563443293e-01,5.316903176185270308e-01,7.492259861806710441e-01,4.465101181000062369e-01,5.752457213849841988e-01,6.904154229403365317e-01,5.581297595826431035e-01,7.240745566899793317e-01,7.762008365631155593e-01,6.089631153001260344e-01,4.697758360510669307e-01,7.094177717144056761e-01,9.580821673416247686e-01,8.453640309863112989e-01,7.953285077208036569e-01,6.419899545778222638e-01,2.614968126704953488e-01,6.065785352173924672e-01,9.106609755997756572e-01,8.696637832349198849e-01,6.364690922436615494e-01,4.252255920924757904e-01,8.745559949243302267e-01,9.926210057548703336e-01,6.866224971838973401e-01,3.846237638744327558e-01,6.038526859300498151e-01,-1.491387238870620080e-01,5.450303776632110520e-01,7.983753767134889046e-01,4.117850583157478539e-01,4.367270505891956978e-01,2.423060511425390307e-01,6.607348223298259438e-01,3.248475726907650851e-01,6.776640344860026532e-01,6.420925978383482668e-01,7.059109370969242070e-01,-1.151793891497125688e-01,6.691382219803667653e-01
6.614232158863500022e-01,7.700657093695023603e-01,8.759937493095182326e-01,6.421549120854184167e-01,3.446262925899986063e-01,6.792034813490340772e-01,6.356080437157001217e-01,4.318911284145984797e-01,5.387676423085326904e-01,8.891387613377985666e-01,4.821106700136914003e-01,3.101572133186758506e-01,4.650310865442695007e-01,7.229336486645917548e-01,5.395292653116050552e-01,0.000000000000000000e+00,6.009456141665794338e-01,8.353936605918389491e-01,7.290214838201011238e-01,4.073871779312712715e-01,8.272852419659559864e-01,7.327952237522860068e-01,9.039393342597757952e-01,8.286459880440592007e-01,6.367581051883106635e-01,9.765051698186772988e-01,9.803484487798488356e-01,5.911379026434233630e-01,3.372212307649103402e-01,-4.489201119145483365e-02,5.486078371873095438e-01,7.948965041087778793e-01,6.452464572447702551e-01,5.626983643186014294e-01,6.400683064474094186e-01,5.865518669489631076e-01,3.765751880641043381e-01,3.618530061667382114e-01,5.364567605221475244e-01,8.276787460709091881e-01,1.422328737982772873e-01,5.023419827968502727e-01,7.654295188890090085e-01,7.857316714277853276e-01,9.406119027267186850e-01,5.087956540164132457e-01,6.845953038719321260e-01,-1.158349416859157932e-01,9.602248609650728683e-01,2.778626702235169610e-01,7.808500261724551361e-01,9.994931350526197189e-01,4.955369257436360586e-01,1.588373629620573324e-01,8.752940980063342868e-01,9.505704660098001080e-01,7.655759744019356994e-01,9.920599744866793746e-01,6.008803441110937005e-01,6.438024943609027551e-01,7.870767027097169688e-01,7.397124582484169153e-01,8.403461968723724418e-01,8.447058186601386076e-01,7.625055963314475438e-01,-2.764783139447528071e-01,8.186314907619097747e-01,6.040004912232058709e-01,7.618590787037852197e-01,4.563192983100213818e-01,7.248353737344237491e-01,5.737181985033135145e-01,7.052902863891146179e-01,6.507147291388848398e-01,5.530554485331455883e-01,7.187404666719824364e-01,6.396327803861279193e-01,9.449112688234743151e-01,2.636145926648183688e-02,5.589067964866061278e-01,4.104117540488192994e-01,8.441416715503297086e-01,5.901068174158994317e-01,4.085576186842116431e-01,9.957408835877561426e-01
7.458677974224481311e-01,9.671280091278500191e-01,7.463851989600922554e-01,8.240391005337153185e-01,7.327388997589230346e-01,8.837957247098534586e-01,8.413733457344678701e-01,9.374042940033272542e-01,7.632392373093305205e-01,4.704091314659863965e-01,7.595261863455956552e-01,6.812111326518679455e-01,4.955250427816390579e-01,9.579607198382698030e-01,2.548176808368512458e-01,6.009456141665794338e-01,0.000000000000000000e+00,9.692315835936128332e-01,4.546919164872029184e-01,8.092399739553544080e-01,8.874047510542919515e-01,9.524979152792346637e-01,6.340680859243620349e-01,9.181377053794060883e-01,5.967897351957729413e-01,8.044670098796685709e-01,8.939901820686200207e-01,8.752667345769714613e-01,4.379166703060323185e-01,6.422593049222045103e-01,3.575806770985049399e-01,8.159940069540357888e-01,9.271995267070102242e-01,6.074498046372431848e-01,6.920523349304912308e-01,2.325553460177743337e-01,1.411176762994513778e-01,8.829739898617628979e-01,9.790518984564999805e-01,9.947695592581768942e-01,7.077637410519375116e-01,7.380536216864491683e-01,9.045940591247203511e-01,6.497934811508679909e-01,9.894428550576881420e-01,5.802933851553854216e-01,6.946613662154980107e-01,9.661182133767777236e-01,9.505092963565114905e-01,7.576943989794348022e-01,7.182818299384434724e-01,6.518024639087474092e-01,8.360154186556159051e-01,8.736817210125688016e-01,9.273080190856799465e-01,2.311717577276528879e-01,2.611210939024735112e-01,9.764805701815519878e-01,9.292037594000126521e-01,5.974542604576791316e-01,7.147863225276709365e-01,6.511882132413909785e-01,6.736933923656996948e-01,9.427399126916775618e-01,6.217662881947908504e-01,7.333228891000960203e-01,8.491713880591412744e-01,8.026421577773066307e-01,5.172480927436042819e-01,9.462243751233092581e-01,8.799174885287009973e-01,2.245599897175344917e-01,6.369085771484211955e-01,3.080509931355761566e-01,8.161831073651945045e-01,6.386957012224454555e-01,7.810936079621260131e-01,7.399466611821647888e-01,5.871585395466836221e-01,2.890255668394453581e-01,8.868085864713696198e-01,8.881189716024503467e-01,9.718335737894181481e-01,2.845443979257414324e-01,8.488318232778949701e-01
9.982372117232525266e-01,4.173725563450454423e-01,9.916820968593271779e-01,8.527750772488609243e-01,8.304962566818566705e-01,9.101328365971491641e-01,4.434232708326397154e-01,6.838021377863690020e-01,5.958438538745680635e-01,6.272126916654872097e-01,9.310342958085245924e-01,8.955300101265627477e-01,2.063875099486252584e-01,5.305653616475634049e-01,7.128228704409778071e-01,8.353936605918389491e-01,9.692315835936128332e-01,0.000000000000000000e+00,5.751697042862640163e-01,1.407996221199778741e-01,9.103534069323656608e-01,6.157705422007950791e-01,5.957225676880980592e-01,8.640978091789719429e-01,4.976080149760584992e-01,8.303503747625939901e-01,7.874237366766660973e-01,6.332859910771554413e-01,3.521521149735138412e-01,2.895793072293422268e-02,2.135846392704197905e-01,9.835948292728825537e-01,4.656879704335433745e-01,7.064842603482973660e-01,2.089394592704647557e-01,2.000895260650519536e-01,5.207660209717278610e-01,6.338549212370914177e-01,9.946617774143166057e-01,9.620553838457170936e-01,-1.072544615975806193e-01,7.341933524396735411e-01,7.882849389604047463e-01,4.711282574910660159e-01,6.869683532385575386e-01,4.259953510579155278e-01,9.134705313381169534e-01,6.960929599730478756e-01,5.006129011589257605e-01,7.142584310163440087e-01,8.902969206264407243e-01,1.708710896049940031e-01,5.664994642250925638e-01,6.343247588127072234e-01,5.528847087364741064e-01,7.235360537511851264e-01,7.447555961621770138e-01,8.952680470869133211e-01,9.925548995859969637e-01,5.579245468117691731e-01,7.828263847402819886e-01,7.706633284245434368e-01,4.556663023424479819e-01,4.909102060403950918e-01,4.711599446407984670e-01,6.089768408484657058e-01,7.511067080031448295e-01,6.929148529791436806e-01,5.041770965768852530e-01,4.433834673211523580e-01,5.667919001001147095e-01,8.778352694893769570e-01,7.580671751999088492e-01,4.269254205929197687e-01,8.733063776818801305e-01,6.868216608953587876e-01,3.577933282455033615e-01,8.923267079912085009e-01,8.242669632434902749e-02,6.842178710456918722e-01,6.987311086416413408e-01,8.698091871045150469e-01,7.278796007811199065e-01,2.375246443992190537e-01,7.164624584945673558e-01
