0.000000000000000000e+00,8.441717019189205473e-01,7.316997753239754543e-01,5.484463718999534887e-01,7.746681570177155196e-01,8.352196784457601719e-01,7.919083459294530281e-01,6.555539256313998031e-01,7.602385194124673395e-01,6.719120123970725444e-01,4.140855604017444347e-01,7.798609973760910474e-01,6.713120404910877248e-01,8.732710247713236784e-01,9.351743961357733559e-01,8.456266857783618640e-01,8.310867046409042835e-01,6.366589541755527382e-01,6.399890348633401338e-01,7.486808499026854635e-01,8.771174966080829138e-01,8.544816613216735801e-01,8.711068103405396057e-01,8.637269784482806134e-01,8.651153292309375908e-01,7.594138778627866904e-01,4.100841775471262274e-01,6.321062642617790717e-01,2.477989024995925771e-01,3.907141242970108563e-01,7.477900883031047830e-01,7.649882149589618541e-01,9.681858695379360613e-01,4.627996911316670792e-01,7.123693115239068119e-01,4.061946356742205388e-01,3.571714030618629021e-01,6.430580312867506532e-01,8.033026453805819367e-01,7.808342474448322079e-01,7.058727162317410819e-01,9.319130803106431271e-01,5.052290689963083725e-01,9.285291143161211735e-01,6.903654759895583304e-01,8.220689990672166436e-01,6.285253686645602134e-01,6.022423842824068396e-01,4.427971904133097270e-01,8.283281605645291812e-01,8.609641634387074083e-01,1.836539045121359237e-01,3.393803606334582224e-01,2.540511035734524525e-01,8.818346056880319583e-01,2.460950828845145655e-01,8.190269565769524585e-01,9.680334946427842091e-01,2.457000714232085159e-01,2.865947336233995446e-01,6.794732657610853543e-01,9.744303326138299415e-01,9.138316322211347265e-01,4.631521263765467911e-01,8.439044170952423318e-01,9.553083559905130029e-01,8.659334123192551358e-01,2.824196108372964975e-01,9.398498550080677250e-01,8.452577114692887417e-01,8.577717943563509806e-01,7.589143824152193574e-01,2.439490712189942567e-01,4.375536823639858408e-01,8.801355033669471251e-01,6.232373204442782644e-01,6.557430363302872989e-01,8.272154288955543278e-01,7.925261938456366062e-01,3.073220121515176650e-01,8.419829696748775127e-01,8.372428785592156419e-01,9.544216145323749512e-01,5.032251106817523523e-01,9.123508662238337674e-01
8.441717019189205473e-01,0.000000000000000000e+00,4.875575359542657639e-01,9.009828478896462212e-01,7.029346384941985715e-01,4.746989602054600410e-01,7.365993509304198383e-01,9.377331452571583403e-01,7.207031312235673282e-01,6.738251454208246116e-01,8.233319091327128136e-01,4.961966498704779571e-01,9.278434561614926634e-01,4.795995431662641861e-01,6.263359353497284232e-01,1.703537465650240001e-02,6.333734524997329807e-01,7.623339548359905349e-01,1.720620964717262114e-01,4.647938933743194778e-01,9.563529323571722252e-01,6.967725302596331494e-01,6.634044269943313310e-01,6.177234014966054287e-01,5.534486225645668389e-01,7.869985621416621946e-01,4.564881214905320839e-01,8.577184054073903052e-01,3.900888863455673761e-01,3.257664446112054080e-01,2.181192904351035300e-01,5.952060559507028614e-01,7.356733167173692411e-01,6.795434247374723125e-01,2.121126497791711307e-01,7.410267064758280231e-01,3.656386327665770430e-01,6.051885146151421146e-01,9.779448197323166170e-01,9.696886556584731753e-01,7.367875524094091855e-01,5.884126461511650641e-01,9.373260827838102438e-01,6.088002622544190778e-01,6.380334896112652698e-01,9.653278400637941292e-01,9.567782461280742723e-01,6.969875639246845278e-01,6.007201860175148678e-01,7.328786484970607473e-01,9.102252971558008054e-01,7.864809285089294777e-01,7.761874421872121399e-01,7.768929120386777187e-01,7.952447387906589338e-01,9.814535796972054804e-01,5.192484640034847887e-01,4.237430037379348313e-01,7.436045200549197265e-01,5.893058921477390966e-01,2.950897978567909585e-01,4.377444298510028142e-01,5.228831857777740399e-01,2.049090662038406951e-01,8.948329688767233669e-01,8.194543654827974866e-01,-1.971160000600877260e-02,5.757800930704706222e-01,7.975265826617526921e-01,2.153478994641422062e-01,7.241446996034525130e-01,7.050535029677004184e-01,7.045858679488076204e-01,6.347826255020082575e-01,8.702000276264763023e-01,6.534837553563519474e-01,-1.419903616702643812e-01,6.563517136748882042e-01,4.779129468300892247e-01,4.769520322844580940e-01,6.636127371575708533e-01,7.058560055344886841e-01,8.031788124516948679e-01,5.857691218171139358e-01,4.153653426469980370e-01
7.316997753239754543e-01,4.875575359542657639e-01,0.000000000000000000e+00,7.079055145600046117e-01,8.044614595385810585e-01,8.914963384084014786e-01,6.450556516431139586e-01,2.206013508209468676e-01,6.762461924530128732e-01,8.118062378314757632e-01,9.865496821464206922e-01,9.200287644878528681e-01,9.177668548876187771e-01,3.772293465625076170e-01,1.429151561911188029e-01,9.420062609054294933e-01,3.999355967036061776e-01,6.172890313353749381e-01,8.591019761154417012e-01,6.011153590042822570e-01,9.555271102093720881e-01,2.366455566658795806e-01,6.275272433033859398e-01,8.845088450379517964e-01,8.962615285680549659e-01,9.731815604413051046e-01,9.181949158716979920e-01,6.098968631207650759e-01,2.729402761852749992e-01,5.936077150382013112e-01,6.990641919614662969e-01,8.888107673415206467e-01,9.555679555789929891e-01,9.135124158522882620e-01,9.325641725703666118e-01,7.299496508238111359e-01,5.213072252288424302e-01,6.546563676109993235e-01,7.997482363150026918e-01,9.034248112321046076e-01,4.720584737057678670e-02,8.921726712100765955e-01,6.939610396265871728e-01,7.982958897795899844e-01,6.478662830539888562e-01,3.963510297905099566e-01,8.371701029662784732e-01,8.668050994789281427e-01,7.292725065729254164e-01,7.313839582285793783e-01,7.963298006550119101e-01,5.343240079713956758e-01,6.053972429865314142e-01,9.710238223034253213e-01,9.675624065107765182e-01,6.872575584184967834e-01,6.702283618576119206e-01,8.311076433506273675e-01,8.418114193056885908e-01,6.370798307038336716e-01,4.876071753716464396e-01,7.948066683431859181e-01,9.630010030783756614e-01,5.476593845407478067e-01,6.943137568894111045e-01,9.934690461303390396e-01,4.357466744654015511e-01,8.162838580854159254e-01,8.791553991612611751e-01,3.725392760534383951e-01,7.814097303439744291e-01,9.752309344411275172e-01,-9.937817120782385660e-02,4.179579593241728452e-01,5.230166818017474295e-01,7.938538214983271724e-01,9.864419507473867199e-01,8.577542745931252544e-01,3.246961768278327359e-02,5.853970209214633957e-01,8.765301866784579454e-01,9.614251020927933045e-01,8.599634223173628911e-01,7.491334875175544861e-01,6.479859691783831366e-01
5.484463718999534887e-01,9.009828478896462212e-01,7.079055145600046117e-01,0.000000000000000000e+00,9.307539545778658052e-01,8.100400878029229146e-01,8.802306762390875450e-02,7.305510151627385707e-01,7.032941184970826765e-01,7.830750225585327851e-01,9.616228116879559362e-01,6.743428175217458520e-01,4.959186924271274388e-01,6.333900204769464803e-01,9.854867162562984673e-01,6.599162567935852319e-01,5.973532281790753240e-01,6.443177933734645091e-01,7.577760837287984552e-01,6.078607667828255234e-01,8.663137240939412509e-01,6.103309259753355587e-01,6.586576832534732917e-01,3.594218847988722709e-01,9.378738505733863473e-01,6.264694995179354020e-01,6.764116243909029658e-01,6.733620968159328424e-01,4.349684781349159035e-01,3.029569821696562193e-01,8.735761180172013640e-02,2.984336861788020046e-01,8.527014099869125729e-01,7.650135345376307683e-01,9.528754671024353140e-01,3.294019866262777319e-01,5.841549397088409146e-01,9.675954029587383598e-01,6.640623680836227338e-01,8.251124756587778775e-01,4.250488990622818264e-01,5.921424455244204132e-01,8.773465389413008797e-01,7.139234916982424295e-01,6.260135408149846148e-01,4.136192238796465026e-01,6.106941693452330178e-01,9.977900190355761811e-01,5.952383731891051077e-01,9.270669863653167031e-01,8.821242529271919874e-01,9.934943560778047855e-01,6.652517862837825646e-01,7.760883197832119107e-01,9.187749770349395995e-01,8.087931591725266989e-01,8.494360158584700615e-01,5.390395939456135155e-01,8.677809570817771601e-01,8.388958284970282619e-01,4.284465697378232463e-01,9.975776965997631418e-01,9.688691841940662020e-01,5.237521670999489842e-01,3.846134645185961265e-01,4.312690632487302667e-01,1.869547483767998175e-01,1.440308176249770200e-01,3.988843316719636323e-01,6.101142860305360793e-01,6.598158091486233667e-01,9.049854086038793266e-01,4.781138986853778472e-01,5.999121640535507449e-01,9.565216173111061870e-01,9.876668438713230858e-01,7.065021693079895915e-01,5.199451546273616831e-01,7.415346137916214442e-01,1.093984260012475923e-01,4.880563397337985831e-01,8.039882087898850838e-01,6.464002054085928872e-01,1.682117108230244129e-01,7.839538821514201450e-01
7.746681570177155196e-01,7.029346384941985715e-01,8.044614595385810585e-01,9.307539545778658052e-01,0.000000000000000000e+00,7.305948185960154939e-01,3.967546070219548637e-01,5.357067500248449132e-01,2.452784095244515128e-01,9.516223587562504527e-01,7.435966295488408706e-01,6.243144397444623239e-01,2.780470301950385137e-01,9.331410118132545950e-01,4.115129403415418441e-01,7.554543516068397135e-01,9.765880973408082033e-01,5.672526052669432106e-01,8.887908600790592750e-01,9.212387814505825778e-01,6.298118468184276120e-01,2.206773445215083618e-01,4.916898344132549781e-01,9.787811973013533784e-01,8.970722371694690445e-01,7.709912459908138116e-01,8.703524275398552001e-01,7.818807523571362772e-01,7.175074349290861964e-01,9.887155610480876655e-01,2.701190045214726387e-01,8.171542659584921653e-01,4.095879497508716494e-01,4.204636618448446828e-01,5.222276327448309718e-01,5.241383492116098441e-01,1.175730771475918673e-01,2.207215487837008161e-01,5.355778964519635199e-01,5.808625902806913155e-01,3.917924667292694840e-01,6.179644805976846067e-01,9.422662562298566025e-01,6.316394361368135035e-01,6.306549297198557058e-01,7.355533409296177716e-01,8.497360804198311746e-01,6.576209432660424792e-01,6.907070264140318105e-01,9.742364595327946963e-01,7.120526970579681425e-01,6.594778007594405134e-01,5.791084568608695360e-01,9.832281578495839502e-01,4.924482964268605545e-01,9.034104940497342806e-01,1.819551662813210791e-01,2.249681619551846257e-01,4.305796792397977857e-01,4.156357536998092628e-01,4.374141763131789151e-01,4.831613765006022576e-01,7.624950512248465095e-01,8.799090604382607816e-01,6.393722371948848959e-01,5.368998273765346330e-01,2.519694843795762251e-01,8.665110513304093987e-01,8.256027206472388302e-01,4.807790251794895608e-01,8.753279809102592068e-01,8.833050787952838601e-01,5.741841748168181603e-01,5.996747724393629575e-01,2.502125874963446739e-01,4.545198384661198743e-01,8.333807612076949978e-01,7.189723750793376444e-01,7.615393982751790247e-01,1.155513259945188109e-01,7.510700868184773116e-01,7.161047646149626411e-01,9.342329097367949586e-01,-1.414201579172238710e-01,8.013723248790763920e-01
8.352196784457601719e-01,4.746989602054600410e-01,8.914963384084014786e-01,8.100400878029229146e-01,7.305948185960154939e-01,0.000000000000000000e+00,7.840557150779141615e-01,6.337231368340101589e-01,6.615128286972973282e-01,7.566278049466471645e-01,7.709658742747220739e-01,7.487907784220583229e-01,9.451062256171194331e-01,4.431260795975544009e-01,6.223399832474655335e-01,8.539193833264119293e-01,5.737053835829279969e-01,2.981642269165197257e-01,7.678998307013221725e-01,8.352330851892669772e-01,9.058065130202757054e-01,5.279629750916251529e-01,9.604019760035342745e-01,8.309077672278435411e-01,5.170579592950984571e-01,8.947942807244099184e-01,9.216182199959591648e-01,4.645259626275415332e-01,7.349474013445154164e-01,5.693596508407023915e-01,2.034706060380647163e-01,6.641968437386281954e-01,2.636601525089151687e-01,7.054599034015043291e-01,4.358502898850483143e-01,6.809691352833452394e-01,3.258360632057493572e-02,4.160258335872496493e-01,5.112201078864764270e-01,8.963196419877084153e-01,2.094078353365086131e-01,6.926216423748418061e-01,9.338701407952598732e-01,7.665072730254931521e-01,9.123953744397369503e-01,3.632795042054702828e-01,7.646052157346879818e-01,6.632352774014926844e-01,3.679666936761343266e-01,4.712491946598742487e-01,6.000824870819703172e-01,7.322735899757067957e-01,9.427436149157517598e-01,4.403594111364670938e-01,8.391278830004392786e-01,3.587091294438723432e-01,4.619738471183501560e-01,6.138269447878345053e-01,6.664477821282467351e-01,6.604583079772798904e-01,5.865613823972162244e-01,6.463737958575800358e-01,8.785684867697763911e-01,9.840162040907733942e-01,8.361984540613903727e-01,6.819447507186500168e-01,5.491087392527674860e-01,6.370764700780541245e-01,6.935691493847754296e-01,7.242711788098068482e-01,5.112825308946283842e-01,4.100090245637508790e-01,5.592952336932530688e-01,5.719064305168490847e-01,5.585125153760457373e-01,8.142803939506537692e-01,1.741750305450269140e-02,6.287617174377315710e-01,4.162605893832544424e-01,3.656265446037081368e-01,4.095947111088650838e-01,7.650383091552807047e-01,8.605234134239940769e-01,6.399239637055834651e-01,7.859032257000528876e-01
7.919083459294530281e-01,7.365993509304198383e-01,6.450556516431139586e-01,8.802306762390875450e-02,3.967546070219548637e-01,7.840557150779141615e-01,0.000000000000000000e+00,5.881426244475997933e-01,2.828750016193770644e-01,7.225980761569872346e-01,2.805205843157475565e-01,7.231208088465258532e-01,2.079921173160435566e-01,2.393091003753382573e-01,7.992406270214005293e-01,7.119490005094679663e-01,5.791755146767277873e-01,6.568999287416674715e-01,-1.174932071149814572e-02,6.605510329593424768e-01,9.393763143732091203e-01,7.988618952294523901e-01,4.588813478680068836e-01,6.742071010735778414e-01,6.822783148430930922e-01,6.953820431971630134e-01,3.179184431512484532e-01,7.275455464375129022e-01,8.133433282450835966e-01,5.630893395995490991e-01,1.283772571134145267e-03,4.959057194466112706e-01,6.520815691514297852e-01,7.182918892501076735e-01,4.386982184461364898e-01,7.941799252484461613e-01,2.799372529127167053e-01,5.344375065873092634e-01,4.407367220824925935e-01,5.397190295138956095e-01,4.348713226310261248e-01,5.007392916126686133e-01,1.486365259281134943e-01,4.550512403316631649e-01,9.766597830828523952e-01,6.575319049656247472e-02,9.948990089711461371e-01,7.575955765324901003e-01,5.920444882639526174e-01,1.191405530649339295e-01,6.471175473590521365e-01,2.256296196615269756e-01,7.698913675328599160e-01,8.799820946541980771e-01,7.874179965998233666e-01,7.246630527004845890e-01,6.965536726393514178e-01,3.307451703477100602e-01,2.726808854454245701e-01,1.778433034576589952e-02,4.522848300670556654e-01,1.789693263359995179e-01,9.031635125989293522e-01,8.288053327614340882e-01,1.229193153084184864e-02,5.701695059754190442e-01,2.624746098598312316e-01,7.057400308455294979e-01,5.439388997225872435e-01,7.938266932347746996e-02,7.172567039428855429e-01,1.839129887952170861e-01,6.088155672724399059e-01,1.675064917642175855e-01,7.018033381479059640e-01,7.053074401771072255e-01,5.865971352931633742e-01,5.233052199177152808e-01,2.537127104153104051e-01,7.433487340297562085e-02,5.694365220187738164e-01,8.455146257973621404e-01,-7.674116343934583861e-03,2.759547479113733659e-01,3.065810542302979669e-01
6.555539256313998031e-01,9.377331452571583403e-01,2.206013508209468676e-01,7.305510151627385707e-01,5.357067500248449132e-01,6.337231368340101589e-01,5.881426244475997933e-01,0.000000000000000000e+00,4.315207822085525002e-01,9.691043625343767065e-01,4.309257341766076221e-01,1.008976330491635348e-01,8.048001659095465055e-01,6.436307809378014611e-01,7.553352346867618916e-01,6.194242911170814159e-01,9.765513504776897058e-01,5.697212243193672254e-01,9.096721376479385279e-01,6.137082275313084923e-01,8.976409040749885326e-01,3.342691111409881177e-01,6.157036418056424099e-01,9.373684337163536995e-01,9.614875347030854558e-01,7.621163932878208813e-01,6.909344437641674608e-01,3.503396446659537977e-01,4.241385331511846046e-01,7.497243258261712118e-01,5.786409241972170214e-01,4.676942349907676211e-01,8.389081949918937298e-01,9.392749361981669320e-01,4.027355348259887280e-01,2.746349411546976094e-01,4.264230533192792105e-01,7.764652722153043696e-01,4.024481460066212657e-01,9.139582776066469405e-01,4.687993423631712231e-01,7.316350664538852078e-01,6.174384058637254480e-01,5.717907397031544159e-01,8.905269037775457308e-01,3.778263393668213066e-01,6.970624209054243625e-01,6.298822768720844234e-01,6.465936581592560684e-01,5.974201194300043927e-01,5.805149286616814175e-01,7.432111865830515196e-01,9.621692569269644224e-01,9.268175738413330089e-01,6.337467799334502994e-01,8.639799632066712531e-01,7.113030834251211632e-01,5.259436568067740181e-01,7.270577146276444580e-01,6.338947974747723979e-01,3.398095750243915747e-01,2.281992333589151489e-01,7.891734695151166878e-01,9.774995891901889777e-01,4.928799617812450462e-01,2.462102277243182757e-01,7.848691920912821418e-01,4.764367643954920961e-01,6.918037684087320338e-01,6.957433430535620023e-01,7.603351075756613620e-01,4.705630661591862496e-01,5.730944980996127702e-01,2.480458548659250639e-01,5.631705281954211273e-01,8.235624343056096031e-01,2.517586620544989828e-01,7.972827489211391505e-01,4.325309412029422762e-01,3.613637569328884691e-01,6.016762071224636133e-01,7.721087213616971701e-01,2.948948336705123352e-01,7.431605547361977981e-01,6.265723651242648407e-01
7.602385194124673395e-01,7.207031312235673282e-01,6.762461924530128732e-01,7.032941184970826765e-01,2.452784095244515128e-01,6.615128286972973282e-01,2.828750016193770644e-01,4.315207822085525002e-01,0.000000000000000000e+00,8.822760081655317554e-01,6.624349324789615689e-01,6.252590860699955844e-01,9.971848866336732176e-01,5.997372330347455760e-01,7.845038663827549330e-01,6.784569262821709135e-01,7.788651405934192695e-01,6.571128799407126575e-01,5.974946842265820290e-01,4.512140014924179154e-01,7.751761607143486943e-01,3.812284108971477625e-01,5.233434461616878197e-01,9.936692142206059453e-01,7.504198250595557340e-01,7.189329397655594978e-01,7.640329701244973348e-01,2.159556429355693474e-01,6.369104661651554533e-01,1.321737443847268434e-01,6.052047685620045581e-01,4.100964428649396254e-01,3.354160848530794992e-01,2.963238367762999204e-02,4.813083283745910879e-01,5.847832892838475960e-01,3.647005374519044496e-01,7.910886774038559111e-01,6.685411518149709797e-01,8.897884713770203291e-01,4.796958768636071513e-01,6.176898180545572492e-01,7.457547330754040749e-01,7.632285205882335388e-01,8.270315234020704231e-01,6.099731856762371507e-01,5.615613911687226123e-01,9.933340595893059843e-01,6.098012824412870625e-01,7.939922905788434626e-01,9.370633412067372880e-01,7.306938946702923321e-01,9.391066556309448643e-01,4.371266693229248768e-01,9.824450727578110110e-01,2.754463101927061564e-01,6.848105340259622587e-01,6.840037018795502854e-01,5.065721316989724166e-01,7.028211750568034155e-01,7.906352395648511555e-01,9.186330324365500344e-01,7.434231766911267858e-01,8.908968739497448164e-01,3.008685461459923438e-01,9.137844183722372282e-01,8.314835085271600201e-01,9.347490031719213333e-01,2.943980585176171338e-01,2.415382339588579286e-01,9.910711412203117021e-01,8.459245720774922761e-01,5.209040125867822058e-01,4.520322981571079368e-01,3.930480709310585352e-01,8.372840040715595622e-01,9.976742889255901803e-01,5.377422610549222881e-01,5.809700847353505004e-01,4.144108958291165545e-01,9.238555224445015313e-01,8.002676230114882383e-01,7.368795762009464623e-01,6.206698703355589819e-01,3.403215637882467948e-01
6.719120123970725444e-01,6.738251454208246116e-01,8.118062378314757632e-01,7.830750225585327851e-01,9.516223587562504527e-01,7.566278049466471645e-01,7.225980761569872346e-01,9.691043625343767065e-01,8.822760081655317554e-01,0.000000000000000000e+00,2.703247084625707286e-01,8.441833818967419134e-01,7.425860647767200673e-01,5.704088354544352146e-01,7.283559804022408102e-01,-2.623650236669804459e-01,7.457690271025011475e-01,-5.479375988799486952e-02,6.462821323025552678e-01,8.308545917440134376e-01,6.606213402536269541e-01,4.961180626620603773e-01,4.348425898772680931e-01,4.055490712031538658e-01,6.197335538820929468e-01,4.247865242545155184e-01,8.436453955468408150e-01,2.571098499176541208e-01,2.373077105257173358e-01,5.446713216325802520e-01,4.535549713578772013e-01,6.429256580068308802e-01,5.454964534284827415e-01,6.954676563587376403e-01,5.167169874424540899e-01,3.105981112496323804e-01,4.705390158972238557e-01,9.067133759101454471e-01,6.034149376336106485e-01,8.612439889623169087e-01,9.459294722542324063e-01,7.841666410801000353e-01,6.776809844515168102e-01,8.456636327065442105e-01,6.849508743608044847e-01,9.631187059246294480e-01,8.815092761677860711e-01,9.433269081060977612e-01,7.685164284191903228e-01,5.248278123550194074e-01,6.239900809890509548e-01,7.099311407108175320e-01,5.539817949813284903e-01,7.863361615663955195e-01,6.982500831687511456e-01,9.680141030570422744e-01,7.220940735427254786e-01,8.621592704267192486e-01,5.925846741603248979e-01,6.810823784184852903e-01,3.586103896557312209e-01,7.420694224585885346e-01,5.342751893076179703e-01,9.286953181093207110e-01,4.195168432235247269e-01,6.248255818696499819e-01,8.982052977143596406e-01,9.463129788656383656e-01,2.294345090846547364e-01,8.554957653222450276e-01,8.511798555162966018e-01,4.813778978530874886e-01,3.796528724884519201e-01,2.632806177528794200e-01,4.378360823843395755e-01,6.498239478430692939e-01,1.942157827819424032e-02,7.088725083650544434e-01,6.420974603904350264e-01,2.817339747487455082e-01,5.556583107505168595e-01,9.754355407829030655e-01,4.369420993127838826e-01,7.034365700128011323e-01,7.564375834521328557e-01
4.140855604017444347e-01,8.233319091327128136e-01,9.865496821464206922e-01,9.616228116879559362e-01,7.435966295488408706e-01,7.709658742747220739e-01,2.805205843157475565e-01,4.309257341766076221e-01,6.624349324789615689e-01,2.703247084625707286e-01,0.000000000000000000e+00,5.801891854707044160e-01,8.932781265366667167e-01,7.760250947170602709e-01,1.714141793285429982e-01,7.541968169720238979e-01,7.898651044668962840e-01,6.987784779592866036e-01,8.322501861588846861e-01,9.096865377279377274e-01,6.249780493198260345e-01,8.176219993774227479e-01,4.359388835692137865e-01,9.877645555105456499e-01,9.708263343739509388e-01,3.562092156438850798e-01,9.548961723685309710e-01,7.040452645902963713e-01,2.260404576172956037e-01,1.234550559422039895e-01,3.283804209373920591e-01,5.873618976334107344e-01,8.489540798043261338e-01,7.302245052176074003e-01,8.428658336113978855e-01,5.583996941664818303e-01,2.568801670819777505e-01,1.364865441297123949e-01,6.619639780152527520e-01,8.170389916934437391e-01,6.446130298828471883e-01,6.196971558069750419e-01,6.446743549483835434e-01,8.239008501664895068e-01,6.212690186688909488e-01,7.539263821846357017e-01,9.704336481696771433e-01,8.826600685636247778e-01,6.897644248622163410e-01,3.951385992412227433e-01,7.554372534843473153e-01,6.135425949368866760e-01,7.088086492307326125e-01,8.212442951850771333e-01,6.948127809847099989e-01,9.174823314886735304e-01,4.664288310867517051e-01,4.615002445662362285e-01,9.722957707486363788e-01,4.362968662313849721e-01,5.854772343966929693e-01,9.148003848273004168e-01,8.861824110814219280e-01,9.511554056476445584e-01,4.976064837343293634e-01,8.420209344495604986e-01,4.502569799986942956e-01,6.570807966300580283e-01,6.641204412514097877e-01,6.355576335696239143e-01,6.493953785070536444e-01,6.473226984110956872e-01,6.303557217699381487e-01,4.384001563509352106e-01,-1.586380144431620010e-01,6.542653929454488315e-01,9.045973231683303029e-01,6.899371586433092896e-01,4.213656367557835902e-01,5.500794449046129131e-01,2.941005745595501319e-01,8.867435294265149093e-01,3.160729844403474265e-01,3.522750499818143588e-01,9.608817228591860493e-01
7.798609973760910474e-01,4.961966498704779571e-01,9.200287644878528681e-01,6.743428175217458520e-01,6.243144397444623239e-01,7.487907784220583229e-01,7.231208088465258532e-01,1.008976330491635348e-01,6.252590860699955844e-01,8.441833818967419134e-01,5.801891854707044160e-01,0.000000000000000000e+00,8.494755730178378261e-01,7.306601607805671694e-01,9.279379559391195409e-01,6.625686305183801084e-01,9.730691082423998939e-01,6.337357655868632866e-01,6.803542766989617574e-01,9.292993134690520352e-01,8.783568853342178517e-01,6.122505872596903931e-01,3.962678523754319393e-01,9.612497350963975506e-01,7.218865008851892417e-01,8.385869363097724349e-01,9.585426085652493100e-01,6.318701446912049491e-01,4.523710098162180282e-01,4.555416205225206183e-01,8.299171340816079157e-02,8.027543261929066531e-01,5.996338348831300458e-01,3.576079378665057984e-01,6.104522088951841452e-01,7.412386773294159514e-01,6.968896975345070244e-01,7.742716061902885638e-01,8.961883153926852863e-01,6.992593580911893314e-01,2.275479022944777996e-01,8.168583929229906726e-01,4.112303825077431307e-01,8.228697786078971177e-01,4.202153170669384319e-01,6.591874890663486086e-01,7.522621581432099580e-01,8.115699660578208352e-01,7.623993995584450456e-01,9.398203142117466102e-01,6.385362733541887215e-01,9.737151259000885739e-01,4.419681563966415538e-01,5.434522992502441863e-01,9.176742175743900498e-01,6.226719172542901637e-01,9.197058702681628617e-01,8.040175525922018673e-01,3.162038482109839066e-01,3.544639318601766620e-01,8.481972978107502614e-01,2.869669554499669206e-01,6.854405011270162662e-01,9.777465920195389515e-01,7.956991057186630911e-01,6.928317278358417930e-01,8.192035339241234837e-01,9.245301610935999781e-01,7.862981212910464812e-01,7.435021007084299249e-01,8.778095684769066098e-01,5.964119118579414014e-01,3.996055258707027491e-01,7.865934979295139406e-01,7.046188617449666847e-01,5.464250211064090035e-01,7.975665300604013463e-01,7.713378844457989825e-01,7.061081631478111076e-01,3.910637385801098986e-01,3.287155139569267748e-01,6.916140761096083445e-01,8.956678690350483585e-01,-3.130296460441166495e-01,6.317442557655975621e-01
6.713120404910877248e-01,9.278434561614926634e-01,9.177668548876187771e-01,4.959186924271274388e-01,2.780470301950385137e-01,9.451062256171194331e-01,2.079921173160435566e-01,8.048001659095465055e-01,9.971848866336732176e-01,7.425860647767200673e-01,8.932781265366667167e-01,8.494755730178378261e-01,0.000000000000000000e+00,4.084179714883258150e-01,6.847383286822782411e-01,4.717494555919100607e-01,8.750852754478006812e-01,6.172600248285752267e-01,9.812140446866982613e-01,9.778918467353313604e-01,9.292622359030463519e-01,9.361731561233375132e-01,6.976680811941895488e-01,7.849691480843421498e-01,6.662265689654456313e-02,7.530611320488349580e-01,6.021251825940113767e-01,6.242853722026175944e-01,4.438020867643664435e-01,5.161461758629838359e-01,9.866500343880596491e-02,4.072400404124053019e-01,6.685365446837456815e-01,3.606709793455317170e-01,5.479773792242105257e-01,9.809406570501745248e-01,5.979456835526131275e-01,8.311140309556890315e-01,8.153886883829690735e-01,2.054809432817668591e-01,1.108219815005902047e-02,8.705018955311401019e-01,6.382411822235706245e-01,7.196959776871721948e-01,9.220266786258447533e-01,6.922331539826509506e-01,9.121949126636009764e-01,9.428199018385579055e-01,4.417318328228139190e-01,7.349586853364215022e-01,3.180557284335266965e-01,4.970446681085719520e-01,8.537059948951644106e-01,4.627662380816816023e-01,6.499278574255745733e-01,9.713727565634597827e-01,7.535729800026923497e-01,6.505878023397158039e-01,8.765319962441219248e-01,3.836257943993501840e-01,4.925058597693196538e-01,8.863432490259117724e-01,6.135887643442136108e-01,8.376803950830016277e-01,3.534554232552310493e-01,6.739823460102476460e-01,7.950772367985194933e-01,8.927625859687772225e-01,-2.439965008872670982e-01,8.974432931100148059e-01,6.027496295674545923e-01,4.390361285875810093e-01,7.454884743357592658e-01,3.275539207181737411e-01,2.194533159883011730e-01,2.777456150605502883e-01,6.379161057115607658e-01,8.667651354989761581e-01,6.539122405014224926e-01,2.726650810128765090e-01,7.642404151579336169e-01,3.625633347094321390e-01,6.794090561525362171e-01,6.785997526649632794e-02,-1.837390158346277891e-01
8.732710247713236784e-01,4.795995431662641861e-01,3.772293465625076170e-01,6.333900204769464803e-01,9.331410118132545950e-01,4.431260795975544009e-01,2.393091003753382573e-01,6.436307809378014611e-01,5.997372330347455760e-01,5.704088354544352146e-01,7.760250947170602709e-01,7.306601607805671694e-01,4.084179714883258150e-01,0.000000000000000000e+00,6.312256797165176625e-01,5.596952548378880676e-01,1.472807545492863246e-01,6.706866643171982556e-01,8.017844416359373172e-01,6.027512785240509707e-01,8.598103263168066501e-01,8.488822933546575911e-01,6.211743905951253586e-01,8.326505512470971926e-01,7.960840121231583799e-01,9.896875742343000937e-01,8.148866111101512599e-01,5.606849865992523663e-01,6.426460809700528243e-01,8.203730321530908753e-01,-3.741149330099206582e-01,6.485609104134868463e-01,9.576909434567422164e-01,8.403351601622003342e-01,7.924829345577635298e-01,4.813383616742956672e-01,5.171381179525580407e-01,9.450723802663552053e-01,5.417993044450364337e-01,7.717791402126721323e-01,3.596195540244574440e-01,4.751275836284445941e-01,9.835080291270121844e-01,9.528969425614854938e-01,8.803780737969780779e-01,6.007756335289069494e-01,6.434261783778072452e-01,4.864910747019344228e-01,7.933996584866134238e-01,8.907200137626456460e-01,7.858149387908077710e-01,8.765727445984266009e-01,8.588568264394949581e-02,8.723192731497518837e-01,9.789880073449501729e-01,9.534297106250739784e-01,6.824007956468046698e-01,5.487882428618118258e-01,6.229847866589010019e-01,4.164732652914410194e-01,6.793599625692851030e-01,6.901622390792780948e-01,8.378391872023943643e-01,6.265354837148290335e-01,2.759210573898746022e-01,7.572749802172429323e-01,7.907805014642375063e-01,9.500981576928567707e-01,6.264706913275762679e-01,9.518545880065887310e-01,6.611002476745426737e-01,4.373252346436344307e-01,1.674191211416488079e-01,6.902482606727389225e-01,3.320243957108555688e-01,7.472755750070525504e-01,9.993668040568468580e-01,8.794558852920343339e-01,2.808290231203034587e-02,4.507049694148777541e-01,4.750394455403195854e-03,7.146279307787879453e-01,8.621736112781873684e-01,5.351431213591635316e-01,6.616255268519505295e-01
9.351743961357733559e-01,6.263359353497284232e-01,1.429151561911188029e-01,9.854867162562984673e-01,4.115129403415418441e-01,6.223399832474655335e-01,7.992406270214005293e-01,7.553352346867618916e-01,7.845038663827549330e-01,7.283559804022408102e-01,1.714141793285429982e-01,9.279379559391195409e-01,6.847383286822782411e-01,6.312256797165176625e-01,0.000000000000000000e+00,3.199012730132926308e-01,6.969160836246672819e-01,6.204854841677603927e-01,1.000970616111735156e-01,3.465009286891370666e-01,8.705551527516545152e-01,2.632926538438532527e-01,4.295019478975153349e-01,7.253279589406691485e-01,7.470290424815159147e-01,7.262567972306891440e-01,7.758927341545874823e-01,4.488839059336280912e-01,4.549336791012443815e-01,2.911204898589767609e-01,9.286615405858707206e-02,7.836943827554695430e-01,9.295654608729244650e-01,6.709313816512103568e-01,8.547538786706738723e-01,3.652931344634949840e-01,6.981464865661896058e-01,2.940037880723829211e-01,8.803007690212087955e-01,6.437691590169323241e-01,7.371211824316801220e-01,5.739393445124946203e-01,7.115568350013554699e-01,7.096097818021327441e-01,7.431641552641070625e-01,7.370662975238075898e-01,6.820951182867265317e-01,5.278457027771173982e-01,2.281979075445660088e-01,9.880108199807643432e-01,7.148344110525467476e-01,8.891457983100234941e-01,8.951515360044729475e-01,7.116532352891576929e-01,8.703234690770476067e-01,7.662213808218640843e-01,4.660798884622995852e-01,4.070349493103685434e-01,4.763613865993889251e-01,4.595660541661565901e-01,2.170279281140445327e-01,7.965913191556166506e-01,7.260963708732335320e-01,8.681311962223144940e-01,5.112814954310439530e-01,6.135431004240026603e-02,4.000472416143862620e-01,8.650470507197204340e-01,3.689787493008981345e-01,3.827154531011022209e-01,6.516584968322862714e-01,6.958509671904824501e-01,3.266852880436854623e-01,7.193245345853377382e-01,6.411662459889613253e-01,9.164332382372629704e-01,7.887470470090333086e-01,6.151480333331744710e-01,5.210457971144648592e-01,2.347037642064399854e-01,6.301273515963086158e-01,8.658041718005070608e-01,6.211299345198678656e-01,3.334857940382772723e-01,4.942497479809108141e-01
8.456266857783618640e-01,1.703537465650240001e-02,9.420062609054294933e-01,6.599162567935852319e-01,7.554543516068397135e-01,8.539193833264119293e-01,7.119490005094679663e-01,6.194242911170814159e-01,6.784569262821709135e-01,-2.623650236669804459e-01,7.541968169720238979e-01,6.625686305183801084e-01,4.717494555919100607e-01,5.596952548378880676e-01,3.199012730132926308e-01,0.000000000000000000e+00,5.233965040021526516e-01,5.032271700223820421e-01,8.560650614991943685e-01,6.587765207310719573e-01,9.425750486360536806e-01,6.361730032726073958e-01,9.173616652929577064e-01,2.641251750127835973e-01,4.631972928986539673e-01,8.089552459887494607e-01,4.115699294538825437e-01,5.614784005466079142e-01,2.799365124969855900e-01,6.337368607693714129e-01,2.186371841454600728e-01,5.182951414001549240e-02,2.297375321384488578e-01,3.830603082945935878e-01,7.786193366190911069e-01,3.256572232510278608e-01,7.738871932553893496e-01,9.244104540603397258e-01,5.608022182553495938e-01,9.049351628975028650e-01,5.888575085950824572e-01,6.284806237260417427e-01,8.647594097890979326e-01,6.220335316275443782e-01,9.464868258415537472e-01,6.188710255392404491e-01,7.336119076384175486e-01,9.256390721169155400e-01,3.903434315588870662e-01,7.986257003929458920e-01,4.931875824303371680e-01,5.455193751953952841e-01,6.952215709962532575e-01,-2.416821391555548648e-01,6.159419116471306355e-01,3.508800449284189549e-01,7.396640328026156119e-01,2.091709537465271940e-01,7.242124347773806203e-01,6.370697736377585185e-01,9.558531042582969484e-01,2.676638338711641030e-01,8.745885307860510327e-01,9.562280202578280486e-01,7.634911811864293352e-01,6.862887836787542328e-01,6.399826899866845054e-01,7.329180644345923978e-01,7.109419515171272463e-01,3.957808975798596807e-01,5.939298747948659196e-01,7.380539461240952503e-01,8.166228471767047470e-01,6.221594313935956411e-01,4.542640537324711958e-01,6.123101838109209494e-01,7.518248537576252000e-01,6.673675047126215176e-01,2.010219436120129766e-01,3.706743783272240522e-01,6.958064010753132189e-01,3.071413612832214479e-01,8.434290541065945224e-01,5.863579213447072114e-01,9.754203005741810539e-01
8.310867046409042835e-01,6.333734524997329807e-01,3.999355967036061776e-01,5.973532281790753240e-01,9.765880973408082033e-01,5.737053835829279969e-01,5.791755146767277873e-01,9.765513504776897058e-01,7.788651405934192695e-01,7.457690271025011475e-01,7.898651044668962840e-01,9.730691082423998939e-01,8.750852754478006812e-01,1.472807545492863246e-01,6.969160836246672819e-01,5.233965040021526516e-01,0.000000000000000000e+00,6.139002696023958539e-01,8.050019225914532006e-01,6.748953132468176186e-01,9.003290380981499030e-01,9.232903162041500300e-01,6.008135657773359117e-01,4.666872265417023602e-01,4.657130845718128187e-01,7.819807734195063365e-01,9.968141065759424935e-01,2.122174356597424372e-01,6.428248447654432152e-01,7.383815104769242410e-01,2.636712536972154464e-01,8.683535576599430428e-01,8.096685109321127838e-01,6.382532448245841206e-01,7.749281591838967920e-01,7.460704426276381085e-01,3.585911433168295082e-01,7.103225001218119727e-01,9.057037656566694350e-01,6.223241168935843559e-01,1.991077900989391969e-01,5.446976208352265481e-01,7.224984285815277962e-01,6.152927773816817547e-01,9.721565877019151536e-01,7.354256911136833885e-01,2.184148153345940591e-01,8.825124085474773672e-01,4.386742378330929504e-01,7.587170486150910387e-01,4.054571788261234211e-01,6.770950573720515564e-01,8.832978679074525719e-01,5.421659723671669040e-01,7.315660514034818540e-01,6.056715816081622572e-01,8.167629376202384384e-01,9.297044761079125141e-01,7.752110783863539467e-01,5.433253826899693273e-01,7.956169221108542189e-01,9.104571758977527685e-01,7.315436697076023176e-01,9.097262373786493272e-01,7.733364400733350186e-01,6.534459715531523161e-01,9.277249806665279763e-01,7.851467825632579833e-01,-8.673187341065093092e-02,5.601542375751803471e-01,7.489349412500028169e-01,6.546469095636309188e-01,5.805864284860500213e-01,5.255180756079158577e-01,6.509270853172604010e-01,9.485773974303437495e-01,9.077661278529470801e-01,5.109379344163814674e-01,3.898645450492795317e-01,7.076221421535124900e-01,8.897316584851205912e-01,8.603717954127411138e-01,4.439250715753927379e-01,5.683193068494447608e-01,8.554653477392437644e-01
6.366589541755527382e-01,7.623339548359905349e-01,6.172890313353749381e-01,6.443177933734645091e-01,5.672526052669432106e-01,2.981642269165197257e-01,6.568999287416674715e-01,5.697212243193672254e-01,6.571128799407126575e-01,-5.479375988799486952e-02,6.987784779592866036e-01,6.337357655868632866e-01,6.172600248285752267e-01,6.706866643171982556e-01,6.204854841677603927e-01,5.032271700223820421e-01,6.139002696023958539e-01,0.000000000000000000e+00,7.245620625787124736e-01,8.568196860463281883e-01,8.151285092839639645e-01,7.343065659688253755e-01,3.136408245040434029e-01,6.545315193969739598e-01,4.292317097344246490e-01,6.039061701251113856e-01,7.444947750507150408e-01,8.246802587723719435e-01,2.857011572352012863e-01,4.095668943410771257e-01,6.142731567678660909e-01,4.354553040036792666e-01,9.718643178724100107e-01,7.503954092684379518e-01,7.336749440841282555e-01,3.795123952598854489e-01,2.849285171500683944e-01,4.808663512898849746e-01,6.229529897594240362e-01,6.551234048607783578e-01,5.304121902158924762e-01,7.496516388041374324e-01,4.892755932568904620e-01,7.563272806719911756e-01,4.832551535663590081e-01,7.759643122373176549e-01,7.397961999698352553e-01,3.025736347093467282e-01,7.133778613120854706e-01,7.985356789060684690e-01,9.619065353371423210e-01,8.758023122900993052e-01,6.829151346513755438e-01,7.833895873993437231e-01,5.040427482686455907e-01,7.664157560418605999e-05,7.279956453738803956e-01,7.175674783825479741e-01,9.224798883553391171e-01,6.094838383754633826e-01,1.186440516081543745e-01,6.323064416060508730e-01,8.139357026906663961e-01,7.089314118534508768e-01,5.355386156163560729e-01,6.337826836529470986e-01,9.529609249223416345e-01,7.728300630502367152e-01,4.659072393326481598e-01,4.726561326266113250e-01,7.442307435761131851e-01,9.963521984540530951e-01,3.711967670147928722e-01,8.269511242171361243e-01,5.506059950160682170e-01,9.060387024163999437e-01,9.902103142042660566e-02,9.324358023679124585e-01,3.686321627942724666e-01,4.438964487362436762e-01,5.008805100546175337e-01,8.238991813590847979e-01,8.017600188966789165e-01,2.015590428479597795e-01,7.025278121382468877e-01
