0.000000000000000000e+00,9.913161024885933648e-01,8.381137313912996323e-01,8.168768824558120256e-01,3.384931238624993427e-02,3.919839678758403334e-01,6.963258848354200170e-01,8.228863246110968976e-01,8.440846778315254095e-01,2.304961703427434450e-01,4.579093085544749253e-01,7.689175545777258147e-01,3.419651120382125598e-01,6.494860465392022775e-01,9.088615983100435392e-01,8.139751100430652198e-01,9.695086496681168953e-01,5.159954668744972661e-01,9.317179637618901999e-01,6.604148448466981014e-01,6.582254041333800432e-01,8.711564254319276168e-01,9.717603745443406105e-01,7.499417616611913084e-01,7.354232300249662346e-01,8.460511698120478652e-01,8.545156351579007437e-01,5.215061379840695288e-01,5.305086278616186757e-01,6.292117592665313897e-01,5.617312706078243512e-01,4.967841670258910103e-01,8.778634379554930423e-01,4.720687014062865394e-01,5.240343246087724172e-01,1.806389024786733133e-01,3.305429558284626035e-01,5.572060551127787642e-01,6.091545053679774391e-01,6.424649284710957087e-01,5.114589644356147824e-01,6.794845532120942222e-01,9.060803576059772713e-01,5.718298610093183187e-01,8.344299214417326693e-01,9.472710280447882436e-01,7.058092005734417640e-01,8.878964760050016558e-01,9.233887384204614301e-01,9.929730221256507505e-01,8.829468196649605805e-01,2.235748483641105400e-01,7.799324657224433466e-01,3.982231102208756424e-01,9.396185727707359048e-01,6.353771719249805550e-01,7.029613345772437460e-01,6.492302757128022295e-01,7.548828973172250212e-01,5.777666095923442713e-01,1.733625101430904258e-01,6.515371283936208791e-01,9.584598542794523501e-01,6.412564848776596271e-01,7.106424566689762967e-01,8.620760836791939719e-01,8.966804553371663378e-01,7.614666255551243434e-01,6.162814412523929253e-01,6.033040575871958522e-01,7.710168426337713488e-01,9.579412044738540299e-02,4.089690344947196632e-01,4.662886661221791740e-01,8.342350530227602423e-01,7.240032108269209843e-01,5.228605168259007341e-01,6.826067148646226546e-01,6.319007831157702482e-01,2.787811151798408882e-01,9.506691663244331014e-01,7.611044084323763670e-01,9.900329984508527970e-01,7.781412786412192917e-01,8.383608293360003128e-01
9.913161024885933648e-01,0.000000000000000000e+00,8.003744176824248990e-01,7.739739032142121111e-01,9.342616893337239992e-01,8.523593862170513180e-01,6.122668367928016941e-01,5.627977901334265676e-01,6.413933668816097500e-01,6.637978255560177399e-01,6.002486956560517672e-01,6.817143353737326050e-01,8.329080378578008759e-01,8.403923929577020724e-01,4.835657430837875248e-01,6.228247561902250373e-01,8.322197507418388485e-01,4.082606948570479122e-01,8.097680526423123304e-01,7.234750827512982374e-01,7.828242405660451597e-01,6.777267547605203557e-01,5.647942464353337133e-01,2.797435720263815595e-01,4.091295589437300428e-01,2.622970201900048370e-01,8.249781537055507208e-01,8.314897677920404240e-01,4.894906454724151090e-01,7.485359982457125971e-01,6.286963936475113979e-01,8.533108005565607224e-01,4.772369602890690898e-01,8.925037196233303050e-01,7.391694320639077276e-01,6.280555651657536709e-01,5.707883876856030270e-01,7.333836575546248682e-01,7.315154674201655993e-01,6.650055040530828965e-01,4.687161754080534370e-01,9.074494910897555888e-01,9.060984429115742644e-01,6.134208015103581602e-01,8.907850288961550733e-01,3.003938850611533318e-01,9.521475232908478414e-01,3.728760765309369063e-01,8.412089917332730149e-01,6.583827327570708210e-01,2.338414496738869253e-01,4.623722214243499162e-01,8.387012045146547967e-01,8.419826872880067370e-01,2.601252076330709193e-02,8.999577716253513993e-01,7.172830379398901224e-01,6.977497587834963211e-01,6.335993110207325252e-01,2.097005800895769267e-01,7.738010638021483034e-01,4.366563036882425974e-01,7.124976077622195980e-01,8.859262182848754996e-01,4.597690636906551775e-01,8.669707921170686227e-01,6.587242301407886247e-01,3.207129857793470928e-01,9.186557429726049939e-01,7.435381754455882009e-01,6.948664670063873228e-01,6.768566734874568169e-01,4.563067350469610650e-01,4.234833886980199913e-01,7.523419871874109655e-01,9.011624894404539621e-01,9.980501800999304063e-01,7.543439330300313328e-01,2.429992450059428877e-01,4.938453003670046360e-01,2.953773783118878171e-01,7.478462494777733394e-01,7.650002905715671542e-01,5.117213355963963206e-01,8.225475438938419925e-01
8.381137313912996323e-01,8.003744176824248990e-01,0.000000000000000000e+00,8.098017679383712197e-01,7.671861016445170600e-01,7.034980838088543686e-01,7.769168473460638102e-01,8.065584005343992002e-01,8.555184494159610020e-01,9.996043572498446439e-01,8.004362115419120238e-01,9.101402090158334790e-01,6.495521052833846953e-01,8.476592538049578796e-01,9.056868336126050467e-01,8.995497963885284998e-01,3.610909053310913941e-01,4.389535865124252756e-01,9.675007052068296254e-01,6.928282446935365435e-01,9.010620544848527702e-01,5.761210926307145375e-01,2.495623934711333203e-01,8.147588439354332968e-01,8.055561854446035008e-01,9.424232731991747380e-01,9.175626675915915520e-01,9.284227426791015203e-01,4.398546543100512185e-01,2.312557545566553130e-01,6.653809915646927697e-01,8.828432425031550457e-01,4.948844459333430756e-01,9.960921594218505870e-01,7.795338297498113356e-01,6.855007887379439557e-01,5.553887440312326174e-01,9.452123059230036484e-01,8.655259202839524768e-01,6.898817808154683595e-01,6.967256437748307052e-01,8.807577382311490011e-01,7.106419695573513717e-01,9.839706664857675866e-01,7.873047572686018292e-01,8.267741673069444186e-01,4.656178499575265306e-01,9.928020035489523165e-01,9.292196495945079793e-01,8.155000343846868782e-01,8.690391238618234704e-01,8.213442784321864920e-01,8.832188905432450943e-01,8.338644434495289248e-01,6.522101855464267350e-01,8.918411734506676014e-01,6.676964535673920453e-01,8.215477870529599436e-01,8.023319775522881336e-01,6.546283766108970115e-01,6.390405874900745298e-01,8.649111777690882130e-01,7.187081849699763492e-01,7.219847104189706100e-01,9.616712089459317214e-01,9.697462313513768306e-01,6.092206747671606859e-01,7.166896863977804122e-01,6.189539995607159506e-01,6.140744384423344471e-01,9.435647168436073207e-01,8.344617486503482784e-01,4.473104648222623880e-01,3.178155576216427636e-01,8.811545428302581806e-01,8.513037349465640835e-01,8.187461801465086841e-01,1.410826286321488765e-01,5.207105167369929788e-02,5.239681874346314716e-01,5.074296403675779832e-01,9.005265896057077502e-01,6.196881344144125059e-01,8.313722720467984217e-01,4.532565869973508854e-01
8.168768824558120256e-01,7.739739032142121111e-01,8.098017679383712197e-01,0.000000000000000000e+00,6.951501201852537948e-01,7.901664941641592943e-01,1.162946661731374502e-02,6.265567329491941173e-01,8.312735096365704290e-01,2.970692442298670799e-01,7.287747235830256409e-01,7.167227388667019028e-01,5.319465080073767504e-01,7.770957848362031184e-01,4.413698159110241437e-01,8.828141544680496722e-01,3.688545479706158980e-01,8.490049027615643729e-01,3.540017014291043096e-01,7.299173834760572799e-01,4.238577199818964192e-01,5.749830897663769091e-01,8.286551585755855820e-01,9.443369419351708149e-01,3.346209460362848942e-01,7.632810064928450267e-01,7.136924593372813153e-01,6.018017507696751256e-01,5.235528975666455809e-01,3.980412941709259300e-01,3.989799618654050750e-01,2.297330375593896190e-01,7.530536144756794226e-01,6.041991540247939607e-01,6.475166881673047881e-01,7.229073668393291019e-01,-8.778224121562022697e-02,6.146748759680396024e-01,7.682397785227853548e-01,6.763035762574750587e-01,8.762394201742921274e-01,7.953507606183969347e-01,6.167181129251426697e-01,7.103277090352727585e-01,8.369163307587741407e-01,7.452278076162781595e-01,8.918834348814195234e-01,7.279962119108772667e-01,6.032496091645187519e-01,6.620875645073976967e-01,8.168151864105898108e-01,9.431097397525236570e-01,8.113965185212754783e-01,7.342540776255170876e-01,7.952272665012284358e-01,1.862644507556983076e-01,6.048334273424554874e-01,7.063795697387758032e-01,6.285938364113103916e-01,3.316273088013862447e-01,2.161988935982211424e-01,9.372320901424686657e-01,9.722673626184464846e-01,4.402207057794713663e-01,9.867268655700878188e-01,6.247429321407417246e-01,3.880399829581515636e-01,6.954105127533667385e-01,2.024760008108972276e-01,8.010614519492411656e-01,8.312542801445710339e-01,8.429361599057685339e-01,5.290206119629343728e-01,3.682886485888385297e-01,3.309498447847741831e-01,7.495924173625634346e-01,7.832889818750439215e-01,2.451197004148288339e-01,1.106415316141460270e-01,1.534719664509969494e-01,6.882721151747906996e-01,6.309199770683376896e-01,6.477458738044977737e-01,4.673134080696650372e-01,4.226384458081950402e-01
3.384931238624993427e-02,9.342616893337239992e-01,7.671861016445170600e-01,6.951501201852537948e-01,0.000000000000000000e+00,6.964229528631503685e-01,4.656856672168435129e-01,8.370287757834836695e-01,7.771811217869356581e-01,8.651500070460099723e-01,5.021906255655321782e-01,9.635101440512487958e-01,6.338742228733633688e-01,6.773308419579491257e-01,7.233726454610365231e-01,8.725577077400681336e-01,6.972755079848630411e-01,7.065959055233530517e-01,5.939061878479707790e-01,8.430398162299472808e-01,6.559329591780199697e-01,9.434986048994876695e-01,7.274461782486194572e-01,9.820158919059316371e-01,6.429064969731532742e-01,8.100615043203009957e-01,6.598583444138614862e-01,7.612365879261157042e-01,5.062220855187331559e-01,2.948273463366209435e-01,4.342077107790232038e-01,4.127173201372680289e-01,8.871128900059183087e-01,4.291441829404027963e-01,7.351018816981446102e-01,7.553864789617498188e-01,2.031214241065742443e-01,4.627095064248321066e-01,8.157034686677714364e-01,9.659931323440653639e-01,5.204265305120909790e-01,4.102863052194639648e-01,6.130435991695855069e-01,8.284511623311889839e-01,9.833331765506281297e-01,8.226885629116256760e-02,8.236068499952752253e-01,2.928208128120565190e-01,3.818753514278910854e-01,3.413206386999075859e-01,4.748769431189752144e-01,9.749195683078762942e-01,6.036561634376157448e-01,5.118231111514813803e-01,8.026688084592916717e-01,6.091762982655983816e-01,7.490869744831381016e-01,4.393917699307726688e-01,9.283490416050963479e-01,5.367077570777587514e-01,4.284679094137679445e-01,7.737142808352595047e-01,9.232919841019175955e-01,9.005459070786490106e-01,5.121757711208085873e-01,9.505004902799796263e-01,6.536119140189949883e-01,1.268916247604281178e-01,4.227558509954376098e-01,6.492123876078991218e-01,4.641668871867287161e-01,6.380051681993433865e-01,3.693726553621053954e-01,5.571596358158431572e-01,7.723864583912655180e-01,6.621869124513587446e-01,8.621531332421983329e-01,6.871509223805887245e-01,2.396315202637858688e-01,1.612126588596786703e-01,3.603278077049746897e-01,9.193340572641603980e-01,4.246986504504876581e-01,6.848371210935696451e-01,8.610562813758464440e-01
3.919839678758403334e-01,8.523593862170513180e-01,7.034980838088543686e-01,7.901664941641592943e-01,6.964229528631503685e-01,0.000000000000000000e+00,6.089300807953502703e-01,8.923046849329003827e-01,6.165862641585340143e-01,2.598247502173112733e-01,4.172916332661429362e-01,8.266313944925296475e-01,6.446615631170532490e-01,9.706104174940477503e-01,6.267466927488981598e-01,9.557668471391227438e-01,9.101168048391374832e-01,9.614858253765965479e-01,8.285541377030954946e-01,9.859902300666321118e-01,8.460541647002330912e-01,9.748012823556071460e-01,8.013686932752888126e-01,9.070203929765167095e-01,5.808264773844019624e-01,9.835634872293618214e-01,8.695943370033105690e-01,9.225336730715336664e-01,7.153163780498805746e-01,7.379344607782799548e-01,5.312886968061173443e-01,4.578882823608321218e-01,6.779915734146396700e-01,6.715580052470271344e-01,8.751149583555913880e-01,2.673833903440877569e-01,3.585443294277926851e-01,7.425370911319808531e-01,9.954043126415006437e-01,9.438081005223414310e-01,4.325510581186541303e-01,8.413277121398858860e-01,9.657595985449231035e-01,7.084280010738539524e-01,9.988805439358678928e-01,9.290106145275069949e-01,6.113752479242773319e-01,3.426036696435255102e-01,3.723823272131717710e-01,4.931897853252849018e-01,7.412620297733344410e-01,6.854757684669282591e-01,9.686038132392589262e-01,8.231053634482226045e-01,9.616511408468790822e-01,9.657866028678805392e-01,6.894268456619775387e-01,2.842123231531592520e-01,7.635621419799482057e-01,5.142187521126478922e-01,2.782723469508276981e-01,1.069595204967749569e-01,7.240455374624275020e-01,9.491075482461632795e-01,7.911410837127337281e-01,8.793921014766612476e-01,6.391943424392337869e-01,7.103883262479225857e-01,4.546632589623091358e-01,4.508283748201465380e-01,8.157177303766885990e-01,7.005354539640673561e-01,7.281949537838481312e-01,7.470822428927483827e-01,8.204141875965045294e-01,6.050651147343260039e-01,9.522479677066516546e-01,8.337928430834310456e-01,-9.397271070386614689e-02,3.811080469846963026e-01,4.732036974186786815e-01,5.691085326543980916e-01,5.217396115546708568e-01,8.036339789772430908e-01,3.442610774348988656e-01
6.963258848354200170e-01,6.122668367928016941e-01,7.769168473460638102e-01,1.162946661731374502e-02,4.656856672168435129e-01,6.089300807953502703e-01,0.000000000000000000e+00,4.121678891850702464e-01,5.802672614000998763e-01,5.058223064260376489e-01,3.414786282995415645e-01,5.475902727668946479e-01,3.262089177816005492e-01,5.902956189716694890e-01,7.401262815285323260e-01,2.687688437459295754e-01,9.309912895980921865e-01,4.524611913256794682e-01,7.486830029320903357e-01,7.925336013116828227e-01,8.028478459018320024e-01,3.981607524842836754e-01,7.338952359914145962e-01,7.108124374222295483e-01,7.640711206322180482e-01,4.810100162550138836e-01,6.254695066736133402e-01,6.229802975374429952e-01,7.218860892034316690e-01,6.713845864294125665e-01,-1.975036948426767136e-02,4.633625164473521574e-01,1.136159358618697435e-01,4.234251892934600692e-01,1.703844057697568304e-01,6.518536844162325927e-01,2.502723307176961676e-01,6.020548512623220550e-01,6.205109982338992136e-01,6.631122868153654926e-01,4.753539700431506088e-01,6.525857496455712559e-01,9.594655140372284619e-01,7.967925678667363565e-01,7.412851964644920910e-01,5.345359130291844618e-01,5.561874303232106076e-01,2.658922994241473270e-01,2.764659615883416355e-01,4.682484554216476691e-01,5.439834526909868018e-01,7.867481063717089995e-01,3.457337443586702141e-01,6.633659731582550734e-01,7.427656690593370525e-01,7.220629061617129807e-01,7.986679420738770352e-01,2.694217442331049428e-01,8.925616498302971769e-01,2.299824666285892882e-01,5.553852630080692299e-01,4.125567183100960489e-01,4.921373542266481715e-01,7.816458231986613825e-01,6.252037671347221437e-01,2.453551477476534903e-01,3.637212580272825013e-01,9.642189284657569637e-01,6.002698405756936584e-01,2.764784632331732661e-01,8.030839901890177712e-01,7.786309843622903903e-01,5.079966754700753206e-01,4.419086249704550773e-01,9.130421063208498111e-01,5.259565267020385182e-01,5.041299317372422983e-01,8.188506681094319672e-01,4.607237635068255899e-01,9.411706266776426189e-02,7.998250511988247435e-01,8.852761034914411464e-01,5.687913317584527562e-01,-1.009463306527690341e-01,7.637878428726695423e-01
8.228863246110968976e-01,5.627977901334265676e-01,8.065584005343992002e-01,6.265567329491941173e-01,8.370287757834836695e-01,8.923046849329003827e-01,4.121678891850702464e-01,0.000000000000000000e+00,4.815924584858599644e-01,7.692654825410042418e-01,6.538431363108233585e-01,7.428962158059173593e-01,6.833322992233362703e-01,5.906275185808043116e-01,6.527946985043483474e-01,7.100876982317291253e-01,5.664200922905725522e-01,7.227486570466882254e-01,8.999820775948909057e-01,6.935134951893078270e-01,9.268105373447464990e-01,3.113505665767065111e-01,7.436188700881636304e-01,4.141456312718899690e-01,6.689828109626024810e-01,6.495431545769931869e-01,7.399920610627306328e-01,2.736678648954284365e-01,5.095324433165010491e-01,3.108389962047863886e-01,5.930929481491251654e-01,2.234286673961823622e-01,5.511406935428491138e-01,8.166393339992791267e-01,7.700920543890693581e-01,4.286974806873130595e-01,2.691123159499004824e-01,5.875945255342981399e-01,6.649630062416351794e-01,7.289144694950995262e-01,4.512017662699413512e-01,2.851045643122268602e-01,6.984680305431787417e-01,8.582826034357318168e-01,4.282979890355025354e-01,5.807195760316359312e-01,5.573438852595404835e-01,7.236550897838305296e-01,9.177337910390042097e-01,7.438269438917948229e-01,5.201545242325917862e-01,9.527399410953183434e-01,7.771974341905284467e-01,6.732250162363657697e-01,9.976837901753037308e-01,4.878584096660706360e-01,3.030348528892892190e-01,8.750397704333439108e-01,8.353896590219814788e-01,3.116100688320266876e-01,6.447110494153818205e-01,3.723791567900508470e-01,9.967301625467624993e-01,8.165370607142656834e-01,8.350076248631818077e-01,3.449704711617012087e-01,3.639201598021333250e-01,6.028734795599305363e-01,6.831961395387072811e-01,3.721311847798337569e-01,4.028169306196284216e-01,4.508319093918449205e-01,4.164605706129786422e-01,6.378924656082215483e-01,9.787627452200391431e-01,8.387971837472644188e-01,7.299185711547057087e-01,9.116726610282518406e-01,3.176344359623049507e-01,3.151200138361339720e-01,3.478349321290432616e-01,7.873333486304935347e-01,8.681711767709147098e-01,8.330842967446291381e-01,9.836662728945921863e-01
8.440846778315254095e-01,6.413933668816097500e-01,8.555184494159610020e-01,8.312735096365704290e-01,7.771811217869356581e-01,6.165862641585340143e-01,5.802672614000998763e-01,4.815924584858599644e-01,0.000000000000000000e+00,6.311681386483007916e-01,8.363878258478311123e-01,6.520772426341621131e-01,7.826134618923737962e-01,6.530190991939045508e-01,4.871641633857116682e-01,3.282767649523488096e-01,7.075923587770007739e-01,7.554421767056948012e-01,8.926018468960900121e-01,6.307834132779278624e-01,5.877643271084779242e-01,6.598036942182974318e-01,7.182527624360257601e-01,9.856257524323763786e-01,3.205534098523931119e-01,4.463523153413074818e-01,6.074100501459058776e-01,7.260237500772721564e-01,6.442146625134824722e-01,6.840893183354702645e-01,-4.842647256703627723e-02,7.447689409062171473e-01,4.451588641048492279e-01,5.061258305088671694e-01,6.346945031211177479e-01,1.100589797636950667e-02,4.431203156312132907e-01,5.487666723628199517e-01,6.656144913189641077e-01,5.382760286184183895e-01,8.849981301519279642e-01,6.838689466170364550e-01,6.902504581706604414e-01,6.398083707790520602e-01,2.557673823786629774e-01,6.311946385319682218e-01,4.048722020237262575e-01,5.755509883904423862e-01,4.900810445839915430e-01,3.102651727617951050e-01,6.579172891714393234e-01,3.827720090650272855e-01,7.702105505474606817e-01,7.110875518217448787e-01,6.021669978739594420e-01,7.394609191014351879e-01,4.203422679661372729e-01,8.637773043520499128e-01,8.302852220747147793e-01,5.409664006490286781e-01,5.839725188310144199e-01,7.381529237983822656e-01,5.994995378646716944e-01,7.095857929374667084e-01,8.362673528305578641e-01,6.634918279644419492e-01,5.152789372713434402e-01,7.187745699998111526e-01,2.650015067978757355e-02,7.632959245075674470e-01,9.383102884159928436e-01,5.724277555216054081e-01,4.672225719569240154e-01,5.687577985765968069e-02,6.048227132337589129e-01,8.336096335194538298e-01,7.071246525961101259e-01,5.986229372885890632e-01,2.259540997218927871e-01,4.641683159106801404e-01,3.201051244136378093e-01,9.577219162799793795e-01,9.254077300270049378e-01,5.084760867697084574e-01,9.804149771893985177e-01
2.304961703427434450e-01,6.637978255560177399e-01,9.996043572498446439e-01,2.970692442298670799e-01,8.651500070460099723e-01,2.598247502173112733e-01,5.058223064260376489e-01,7.692654825410042418e-01,6.311681386483007916e-01,0.000000000000000000e+00,5.031638716594796223e-01,9.095085315358260314e-02,5.292815150160775639e-01,8.021531581784154818e-01,9.727254373009944777e-01,5.895778747246366303e-01,7.776636818752411529e-01,8.754665670170658220e-01,7.810153874966132559e-01,4.133842049754381520e-01,8.625864994677114872e-01,4.050187288518006246e-01,8.273678836759820188e-01,9.061681688374888521e-01,4.290976327063944495e-01,4.941994425599121055e-01,8.809976509540313749e-01,8.692235921543212118e-01,1.626375105563842294e-01,7.888053135136071647e-01,1.759253384663861386e-01,6.467118796102409028e-01,6.137388176351565861e-01,7.475392558583497937e-01,5.207691913648373472e-01,3.897360975472224931e-01,1.151159405451482737e-01,7.511137527302182981e-01,9.200270403675011588e-01,7.530288861247950161e-01,9.936471984824752912e-01,9.256592775423483355e-01,9.271596927158171075e-01,6.175253112186392945e-01,8.935223476334452908e-01,6.630947157151019233e-01,9.982753336107140774e-01,7.061777702700841042e-01,3.823357975149074273e-01,2.840183031765868282e-01,6.986149933510119592e-01,8.070303464111402425e-01,8.596270557221612485e-01,4.084432823043405714e-01,9.502240669855607225e-01,8.368582713255616756e-01,2.638932662850191346e-01,8.946630579350227652e-01,7.254276960281478281e-01,4.484912793330260161e-01,4.133786921011597948e-01,3.063740554945881822e-01,7.612305433244708208e-01,9.365488325743557274e-01,8.664737931518162739e-01,3.268934006961208283e-01,7.255530630412394544e-01,9.867824384840044871e-01,5.191136632697460618e-01,5.080101807374817202e-01,7.984468446770516259e-01,6.422857654261721061e-01,5.416266369342619402e-01,4.621103369712153408e-01,2.142261070926284872e-01,4.290549731171343639e-01,9.199948997607936274e-01,6.178968747026237773e-01,3.665127613375782079e-01,3.625207221936042057e-01,8.422239348537469139e-01,7.946784085089177996e-01,8.359241317011479877e-01,6.240089261988727154e-01,8.547282164381893033e-01
4.579093085544749253e-01,6.002486956560517672e-01,8.004362115419120238e-01,7.287747235830256409e-01,5.021906255655321782e-01,4.172916332661429362e-01,3.414786282995415645e-01,6.538431363108233585e-01,8.363878258478311123e-01,5.031638716594796223e-01,0.000000000000000000e+00,7.748955401742692040e-01,9.573606776841960819e-01,9.086704636282215697e-01,7.869652382870790941e-01,6.719357440110644841e-01,5.609578744090107927e-01,7.498065047675643857e-01,6.806123493532841850e-01,7.199643022824864236e-01,6.121348873826365500e-01,5.687438709718883878e-01,6.942790722610922005e-01,8.239940038943458500e-01,2.578137195441040364e-01,7.482400938832147741e-01,6.647626729590676575e-01,6.421909957465433694e-01,4.034001662276244238e-01,5.628518005555269710e-01,6.204843670993868132e-01,3.321508675910313513e-01,6.870922163272434879e-01,8.055204696017919108e-01,1.667002658303813334e-01,6.284883718146588860e-01,1.782814943044789269e-01,3.226193017035560162e-01,4.776728255038216742e-01,7.156636556946891492e-01,5.400713204163816172e-01,9.958438492569163802e-01,8.751238026615469900e-01,8.803637976221903028e-01,9.865570562478818140e-01,9.194933417354576033e-01,5.754106035410948561e-01,6.247461958576431273e-01,5.363645466128594830e-01,3.351352138817023096e-01,8.436494240752789864e-01,9.334216349419932612e-01,8.162521094340924321e-01,6.486198120540306311e-01,8.797544773041532373e-01,5.767395133749400049e-01,5.230048485824461135e-01,7.090113404895798110e-01,8.319752070984210990e-01,6.274075572365246378e-01,3.382253814504688760e-01,6.665016976132751569e-01,7.678663210782357140e-01,6.739022145936811592e-01,8.791893547116926833e-01,8.531992777573241815e-01,4.880500463124075039e-01,9.039827580218972036e-01,3.103190555925807725e-01,8.401093728595914190e-01,9.568824281900195627e-01,1.805834059130224586e-02,2.145240034540505936e-01,7.812329622505981286e-01,7.035615924422152778e-01,9.967959277762618031e-01,6.221283988430488243e-01,5.272647493700227672e-01,1.015240760524383223e-01,9.014734989442484137e-02,4.131864238156321978e-01,9.953902890297344763e-01,7.938719823204916093e-01,6.250644696290614810e-01,7.918027078416309816e-01
7.689175545777258147e-01,6.817143353737326050e-01,9.101402090158334790e-01,7.167227388667019028e-01,9.635101440512487958e-01,8.266313944925296475e-01,5.475902727668946479e-01,7.428962158059173593e-01,6.520772426341621131e-01,9.095085315358260314e-02,7.748955401742692040e-01,0.000000000000000000e+00,9.700049103404518869e-01,7.969540810231131589e-01,6.323886131999622018e-01,1.557812474112917067e-01,4.648644390758641110e-01,9.353767278209283997e-01,4.392439723694320231e-01,8.041256087213730641e-01,8.140469447091928101e-01,7.576948542503811890e-01,7.697672328494511440e-01,4.971639166067854387e-01,6.425271455864861592e-01,8.595081134824181790e-01,9.137070264836585354e-01,8.604792805075643924e-01,5.181165159331346803e-01,6.222817460773698572e-01,-5.703197842977103527e-02,5.812157251828670157e-01,9.694638173094902722e-01,4.544463029177447377e-01,6.980626702440920206e-02,2.709184051990080055e-01,2.102533801408711378e-01,7.754351537390316018e-01,3.584688464829683952e-01,7.812788233932065340e-01,4.921721880587699438e-01,2.872293908975109833e-01,6.228536560372114339e-01,8.659816925786449904e-01,8.717534441660849120e-01,9.502356622834412514e-01,9.798142666144022961e-01,8.774655230122316851e-01,8.455746395356311673e-01,4.847729774867069463e-01,6.672467928844881824e-01,3.117400791733075938e-01,6.643110499222553145e-01,9.680641277285104707e-01,5.249446071930528035e-01,8.339232572796730913e-01,8.742901038408888992e-01,4.200694420601843726e-01,6.120708285876826915e-01,4.566343824673306240e-01,7.000118458717587977e-01,4.480562653346766844e-01,7.363707061314075375e-01,8.043920464194287412e-01,6.085449214309871513e-01,7.999488521671704877e-01,9.633595729926235363e-01,6.872836500166475959e-01,6.740661457936076850e-01,9.531469537954905258e-01,8.822086983036516727e-01,6.863990296625785970e-01,3.182208207380759352e-02,7.111294050421831381e-01,7.134656429841654823e-01,5.496358066132794873e-01,9.522404698190213290e-01,7.571135573334619728e-01,5.430841333309565089e-01,3.625302077710805815e-01,6.022946894947103225e-01,5.951363979095809498e-01,8.554705056151653553e-01,3.574703784940033158e-01,2.522661158820400096e-01
3.419651120382125598e-01,8.329080378578008759e-01,6.495521052833846953e-01,5.319465080073767504e-01,6.338742228733633688e-01,6.446615631170532490e-01,3.262089177816005492e-01,6.833322992233362703e-01,7.826134618923737962e-01,5.292815150160775639e-01,9.573606776841960819e-01,9.700049103404518869e-01,0.000000000000000000e+00,4.262514668128294382e-01,8.296396853880210198e-01,8.559346388179095433e-01,9.745838640760995375e-01,6.133532772304555181e-01,9.664106033609780599e-01,8.875754103056452404e-01,6.448782533043871945e-01,4.299196707522668914e-01,8.772990929542934246e-01,1.922844571478941333e-01,4.776085940736801150e-01,8.850638102721999356e-01,9.289229299205097323e-01,8.054865888802924534e-01,1.685389871928008876e-01,5.725411333971607286e-01,5.591546255737186444e-01,7.591965525659836178e-01,7.747497585285917365e-01,7.909254492831491179e-01,8.369732654490946722e-01,4.551624321138652562e-01,1.868457153075651078e-01,6.986828446932972225e-01,4.674104697753018733e-01,9.605383070615507446e-01,8.800566507342899580e-01,9.831909489907502131e-01,9.905490636816487449e-01,8.873974899468127786e-01,8.628271556413358301e-01,7.230563206715111546e-01,8.624056409624325514e-01,4.210452256586089126e-01,3.347901218584089511e-01,9.947471076066028983e-01,8.929225568145280345e-01,5.484041183564358768e-01,6.068119407046643765e-01,4.772294061098324436e-01,2.644849010174371018e-01,9.184551009624244422e-01,5.621792722767241512e-01,6.562763953751606927e-01,7.345765640290060627e-01,2.364898073572536674e-01,1.322895106357342525e-02,6.143995017881195286e-01,9.635491736668464480e-01,4.325499122374630301e-01,9.821209603953582334e-01,9.095428898809196916e-01,3.143241297984585847e-01,7.518693331959834802e-01,6.172360830769415552e-01,8.634050067289885666e-01,6.134917082249519149e-01,9.150567410454880646e-01,9.639383091601757547e-01,3.440590629841396852e-01,5.144573345767063932e-01,6.727099066476135425e-01,9.784464937565957587e-01,5.445220992153245732e-01,6.864351831160966366e-01,7.146412486695874478e-01,7.229684531229558786e-01,9.290417386561760082e-01,3.775504074786096842e-01,7.405022646461212332e-01,8.914293110568084488e-01
6.494860465392022775e-01,8.403923929577020724e-01,8.476592538049578796e-01,7.770957848362031184e-01,6.773308419579491257e-01,9.706104174940477503e-01,5.902956189716694890e-01,5.906275185808043116e-01,6.530190991939045508e-01,8.021531581784154818e-01,9.086704636282215697e-01,7.969540810231131589e-01,4.262514668128294382e-01,0.000000000000000000e+00,4.460203649738028187e-01,6.811163396201311837e-01,5.017629576375558509e-01,8.574157939471258594e-01,6.090453513597916535e-01,-3.464589775763990409e-01,8.909586216841339779e-01,6.143581340103728694e-01,5.358648014883538035e-01,9.564062169024147853e-01,8.980040039558360165e-01,9.653813726038611431e-01,7.158935994796696844e-01,7.546723988403065686e-01,4.977761981177593054e-01,6.250920504580427250e-01,5.898472590708528918e-01,3.123400917426709111e-01,6.536827547161365715e-01,7.214686819548921104e-01,8.593571429968031028e-01,4.145360990405396739e-01,1.290065242535114454e-01,6.437628568420007413e-01,8.476159293391007932e-01,7.058413278146868919e-01,3.735296502532892138e-01,9.240089546142041810e-01,7.169568838896795970e-01,3.048135489867840331e-01,8.258445578604914905e-01,5.120277656592417959e-01,5.938638984650513875e-01,8.970644100606245397e-01,8.679252718840191339e-01,7.701522181166977621e-01,3.900919368594620296e-01,3.478809010632617493e-01,6.037373184829277761e-01,7.800025088863117295e-01,8.670648104741682793e-01,6.612414289847060589e-01,5.053039297871693147e-01,6.061216416459516698e-02,3.831262999113277390e-01,2.871695554022061225e-01,4.386992188567025996e-01,7.444196880545448369e-01,9.908906747820031002e-01,8.230472005209538144e-01,4.351159930076615723e-01,6.011949531298255156e-01,9.915126653505408338e-01,7.793170445196379026e-01,4.407019281097368339e-03,5.931594010250696991e-01,7.375951436767690106e-02,7.160891230337372848e-01,6.595093173434061207e-01,-1.868919445641778476e-01,6.488053863404767974e-01,2.634334797215998406e-03,6.525253742510676025e-01,9.268147399174402334e-01,-1.711943490726286488e-01,4.738647402322784807e-01,9.460051858848884665e-01,9.590333597944016297e-01,6.202105551839459663e-01,7.741358744627634403e-01,4.955909330880863273e-01
9.088615983100435392e-01,4.835657430837875248e-01,9.056868336126050467e-01,4.413698159110241437e-01,7.233726454610365231e-01,6.267466927488981598e-01,7.401262815285323260e-01,6.527946985043483474e-01,4.871641633857116682e-01,9.727254373009944777e-01,7.869652382870790941e-01,6.323886131999622018e-01,8.296396853880210198e-01,4.460203649738028187e-01,0.000000000000000000e+00,9.999054400149123278e-01,7.699855798489574354e-01,6.886479185359835054e-01,6.802526344688148985e-01,9.839862711717285437e-01,9.560215665495889192e-01,2.399250194304769768e-01,6.598224252617518326e-01,9.494699350255011439e-01,6.086479663744228663e-01,7.869632672652588923e-01,2.050815059499631193e-02,7.913433616970808604e-01,2.634535757856180105e-01,3.771574866583872199e-01,3.760952189095405074e-01,3.298227391539354514e-01,4.382863209002769711e-01,5.675451013739402084e-01,8.663263211589293800e-01,3.059365922111232511e-02,5.286907633881645641e-01,7.658173166874687743e-01,6.981636879340064050e-01,2.485065428926999942e-01,4.506751794011685242e-01,4.810419441823819003e-02,9.627962172945863095e-01,7.266543019357558642e-01,8.816027702723060466e-01,8.364669749283586420e-01,7.482950140099746683e-01,9.014632642715796340e-01,7.018177459381972350e-01,8.389054630973076243e-01,2.636074604928912435e-01,3.688417963966890145e-01,5.074198505064114739e-01,6.556167761745959055e-01,6.557141128405102881e-01,7.938415588699949677e-01,7.625200804011138533e-01,7.454550241899424723e-01,6.493092472603207987e-01,2.938754411580387083e-01,5.532366313952865600e-01,7.322362465593962311e-01,6.257348639005239077e-01,9.503014465852696047e-01,9.788009211362679318e-01,9.563612559014568193e-01,9.770465100074408882e-02,9.733872176706735990e-01,7.969579006470128846e-01,8.808995385733698474e-03,8.463698392658250969e-01,7.946632751487396895e-01,5.874736906036962525e-01,2.541962652852207682e-01,6.113355536869221618e-01,6.669325657216890191e-01,8.690410711769273044e-01,7.473908743926998000e-01,-4.596367382770671917e-02,1.560057766123447154e-01,7.926394226709100321e-01,6.785129781884484679e-01,6.282572014221905476e-01,8.475360704286544200e-01,7.387690328753184765e-01
8.139751100430652198e-01,6.228247561902250373e-01,8.995497963885284998e-01,8.828141544680496722e-01,8.725577077400681336e-01,9.557668471391227438e-01,2.687688437459295754e-01,7.100876982317291253e-01,3.282767649523488096e-01,5.895778747246366303e-01,6.719357440110644841e-01,1.557812474112917067e-01,8.559346388179095433e-01,6.811163396201311837e-01,9.999054400149123278e-01,0.000000000000000000e+00,6.706446045595640948e-01,6.779661528584505215e-01,4.317960827523367739e-01,9.930352170076007789e-01,3.549310383451990680e-01,5.829115124398114300e-01,8.281784622901683379e-01,7.299558521971925007e-01,9.754728775016001663e-01,4.916601233121826731e-01,2.226838214789177706e-01,3.704765929347917375e-01,3.828122821699525002e-01,5.488744171758903612e-01,9.511414585494393226e-01,6.170838324859585500e-01,6.800957436467087724e-01,5.543894493826736491e-01,3.609350874006953536e-01,6.203452025653465318e-01,5.272081936558302706e-01,4.001164044911674766e-01,4.984525370169906600e-01,5.501542482802586065e-01,4.447018667103745937e-01,8.117347837436440505e-01,7.419776991757799367e-01,-1.566912576218717490e-01,8.867914962899874354e-01,8.074453513276776961e-01,9.780346751821721307e-01,7.497113585872068331e-01,7.592324637974330326e-01,6.766672681487035934e-01,3.278464835510939146e-01,6.184372506253196233e-01,6.214723554018550811e-01,6.209109839615549742e-01,8.020759750851396142e-01,9.201485851207009681e-01,5.052721388184852058e-01,8.353857255459345987e-01,7.740392736240141458e-01,7.958525079305306393e-01,3.161180727940523516e-01,7.139566120397035087e-01,6.938757578309889817e-01,8.224152975145132549e-01,8.504366739360420535e-01,6.359856370511134394e-01,9.581742946597090471e-01,9.208110705893312042e-01,3.266713038779460732e-01,6.222305307917607164e-01,5.037343706623915729e-01,2.808603761550220179e-01,3.917847843722316314e-01,5.297892630652398793e-01,4.658993570354735270e-01,8.695585920025513671e-01,9.541676637199271171e-01,6.301359410773598180e-01,5.026083463688226782e-01,3.975384468952521955e-01,7.726126153084317272e-01,6.368971344491294317e-01,7.255522234262777870e-01,-5.242408080780919244e-02,9.126533169821657854e-01
9.695086496681168953e-01,8.322197507418388485e-01,3.610909053310913941e-01,3.688545479706158980e-01,6.972755079848630411e-01,9.101168048391374832e-01,9.309912895980921865e-01,5.664200922905725522e-01,7.075923587770007739e-01,7.776636818752411529e-01,5.609578744090107927e-01,4.648644390758641110e-01,9.745838640760995375e-01,5.017629576375558509e-01,7.699855798489574354e-01,6.706446045595640948e-01,0.000000000000000000e+00,7.314592998668845159e-01,6.095161549544095836e-01,6.625713553084748852e-01,9.546204101035464795e-01,7.315253457833308381e-01,5.102960361403623413e-01,6.590018111294286829e-01,7.035202820383743560e-01,8.672813808582697792e-01,7.113099179789609261e-01,5.618864077201570773e-01,7.640710327739342889e-01,5.187004764566984782e-01,6.679238829148550494e-01,9.297444530655413208e-01,-5.690839574728115413e-02,9.011500466568792556e-01,6.138384656378005344e-01,6.286749799045465714e-01,3.979137173478926037e-01,7.384056472676561178e-01,7.847821168912731959e-01,8.984726760575802995e-01,4.372445511727204304e-01,6.896056152725832389e-01,8.782281195954538822e-01,4.233055816119654091e-01,9.694434436710390735e-01,9.545072602423947394e-01,8.174978125714625898e-01,9.166483958939087850e-01,9.894544044072327571e-01,8.598835152508207402e-01,8.568232882629163161e-01,9.038755625331763577e-01,6.156190043098894726e-01,9.087688556996560418e-01,7.296515277364704621e-01,2.341113981785700182e-01,7.037308938532196301e-01,9.049121031335698451e-01,6.018119120276338441e-01,7.419658903194586985e-01,4.316064558425842801e-01,7.502959935617057319e-01,6.489281098230859079e-01,9.962607812673593966e-01,6.413889001800875400e-01,9.568364190984075535e-01,8.324044789486650942e-01,2.952938970343280678e-01,5.790898727056247308e-01,7.325193928124099640e-01,9.209463266840108853e-01,2.053456332587743627e-01,4.985178889913947642e-01,6.511652551266102762e-01,5.381084077785605047e-01,7.036232622191700425e-01,9.989599541112618164e-01,9.375062514870220465e-01,6.031777327235229302e-01,3.367073056942544440e-01,7.297872231460822423e-01,3.571632212502877657e-01,8.395331883044010457e-01,1.897930589318129468e-01,7.579829016190928748e-01
5.159954668744972661e-01,4.082606948570479122e-01,4.389535865124252756e-01,8.490049027615643729e-01,7.065959055233530517e-01,9.614858253765965479e-01,4.524611913256794682e-01,7.227486570466882254e-01,7.554421767056948012e-01,8.754665670170658220e-01,7.498065047675643857e-01,9.353767278209283997e-01,6.133532772304555181e-01,8.574157939471258594e-01,6.886479185359835054e-01,6.779661528584505215e-01,7.314592998668845159e-01,0.000000000000000000e+00,6.786614768145696752e-01,9.616470209975296335e-01,9.484280868931707076e-01,7.116045567978334097e-01,3.693042813410953307e-01,6.418216707938353416e-01,5.734216712895799928e-01,8.340393857406397382e-01,7.171490030295407658e-01,6.818061206831386167e-01,8.319226950923057640e-01,4.232701454671018992e-01,4.703055624777930932e-01,9.460030347042240884e-01,8.435638482608052158e-01,5.992452129577409137e-01,6.731606931219744627e-01,9.975054168831880563e-01,1.754849569790206676e-02,6.656265466948401155e-01,9.165726344726740082e-01,9.272293211095949950e-01,7.981580062452968694e-01,6.310859071217177485e-01,6.990925866200466965e-01,7.909048586424253235e-01,9.559306094799785436e-01,4.197213805159386579e-01,9.058492934476195524e-01,8.745896674907754909e-01,5.260194499148242997e-01,6.255931472042656205e-01,4.175898097726145064e-01,8.039167245274316809e-01,8.683326927414587448e-01,7.582105524917630568e-01,9.975916604619410322e-01,9.843193704038746272e-01,1.162530688505873377e-01,8.022333094168775380e-01,8.217225813642772270e-01,4.873445123528625800e-01,5.434700290613894147e-01,8.252572605451778953e-01,7.616264516595542267e-01,7.236293155125563814e-01,6.268546216158898954e-01,4.304320907940530350e-01,6.943019577503857231e-01,7.787844197055089346e-01,9.446261673262178471e-01,7.320991919927777314e-01,8.796372043687683551e-01,9.525748213052402935e-01,1.027035792611533660e-01,9.659702975246982348e-02,4.597146649677417152e-01,7.003076754898960310e-01,6.718470740082828074e-01,4.829371022369284283e-01,4.577053671261014367e-01,2.267015061216815508e-01,6.471007635483572162e-01,8.231825705055664244e-01,9.279668753926602065e-01,5.639410771282664658e-01,5.362740971336398266e-01
