0.000000000000000000e+00,9.615892841362136956e-01,9.775660022836325513e-01,7.474194549973856017e-01,8.850842548602355642e-01,9.540102345836805053e-01,4.346695970478728355e-01,8.571070365241945099e-01,5.900460471423276676e-01,6.279179715732959854e-01,9.895705502530588449e-01,5.708617745707479374e-01,8.782600966889657634e-01,8.784222128781803418e-01,6.142597361921445787e-01,8.883442814107360697e-01,9.409391009761606250e-01,7.690475198066737406e-01,8.813782489730473957e-01,3.963754004089250493e-01,5.746075084129325106e-01,7.320102020316274771e-01,5.818555664314053466e-01,8.067476223535057223e-01,8.287503400039673007e-01,4.855924779585295004e-01,2.789840506520026020e-01,8.525272258704355011e-01,2.719326696850388192e-01,2.898493596591752985e-01,5.981864760135944259e-01,8.390238471918881613e-01,7.625260782132690096e-01,8.711655904102766357e-01,4.260038476436666111e-01,6.379920236565086444e-01,6.161330985021846729e-01,9.909305372841045179e-01,7.545711568872831565e-01,9.906804199860642646e-01,5.839676940088809332e-01,6.455628572028535572e-01,6.554122540384546003e-01,7.282122708112130915e-01,8.374703836741914653e-01,9.181690191764623199e-01,8.495594352685458261e-01,8.449784629459082819e-01,8.464927013405381118e-01,5.987941915886272337e-01,6.346663802189660419e-01,9.156807682958825190e-01,4.839967235611900009e-01,2.185592413097073305e-01,9.064874335237538272e-01,9.051652807249500610e-01,8.377730242628966817e-01,5.989573734790702986e-01,8.367126633769084165e-01,7.434702798187347028e-01,6.178078852481300176e-01,7.443113454140082297e-01,8.002673492220511164e-01,9.301867974060737954e-01,9.082388261776885852e-01,8.624212261721072581e-01,8.134866928216905047e-01,9.544574151522801087e-01,8.851001256112354110e-01,8.147015047809570421e-01,7.831706403886620205e-01,8.355762687432964908e-01,6.409724014129829506e-01,1.840297556464653428e-01,8.600190240805568598e-01,5.986478319733696818e-01,9.795866633799101830e-01,8.973630897186209987e-01,7.869693400054218468e-01,2.978111731767009163e-01,9.768876542164718346e-01,9.525475344326608251e-01,8.296335486127959236e-01,3.770428008770083106e-01,6.375175944066172606e-01
9.615892841362136956e-01,0.000000000000000000e+00,3.827363092751296936e-01,8.093054413552002169e-01,2.641844090807483614e-01,7.584951815370311046e-01,9.418536694765521355e-01,7.208032514628556209e-01,9.945797175785144884e-01,6.047139607368027248e-01,8.824355264941012855e-01,4.767783231250240505e-01,8.588661944006279469e-01,8.218143532385504546e-01,4.505042816206644152e-01,8.670934071214140282e-01,4.803738674910891238e-01,7.405686750770477111e-01,2.081857799908866102e-01,8.729728052242070602e-01,4.478600907437960132e-01,4.030084626352332666e-01,3.607160771304926961e-01,6.012910970015759027e-01,7.235856163261867868e-01,5.037716384402822767e-01,7.492816324833847519e-01,5.117006168654758547e-01,5.291054989738143144e-01,7.482245891115293368e-01,5.404998704112703445e-01,4.364656381746002678e-01,8.243470760902695815e-01,9.688107329056426797e-01,4.977743037738662224e-01,2.337761666790130199e-01,8.620015845297174240e-02,4.635328485714463875e-01,9.837164793493855530e-01,9.251187856891882610e-01,6.929898323897324408e-01,8.079208986210000276e-01,4.981863897210668801e-01,2.306343469378212552e-01,5.861190024410710686e-01,9.904568788158072401e-01,6.011441182210776057e-01,8.765380528823276673e-01,6.380987174898992143e-01,2.192232125707359314e-01,4.224009269979243086e-01,7.300626380644620328e-01,2.483147042777041347e-01,3.652510818666587777e-01,5.150439686329362221e-01,5.676527869888603473e-01,5.610649106551519605e-01,8.261480205940617827e-01,5.164468592011943748e-01,3.062743016617742731e-01,5.412709404521687251e-01,5.671456892719028975e-01,8.233379328142653719e-01,6.842460385644218990e-01,6.346242500229346550e-01,6.018458801263082414e-01,7.994176139244519863e-01,6.584085230633853758e-01,6.517224629140361269e-01,1.884162043006943343e-01,7.557329054137074120e-01,8.431977960143809403e-01,6.854555948154344991e-01,7.743882520719462814e-01,5.460899919152384374e-01,8.291388670422684681e-01,8.898302755160213406e-01,9.288906373541138128e-01,-1.289847261226852726e-01,3.378929639527420425e-01,4.171160927753283509e-01,8.517394588908799857e-01,9.970485768951520278e-01,3.167975125228996158e-01,5.092340604433155393e-01
9.775660022836325513e-01,3.827363092751296936e-01,0.000000000000000000e+00,8.639623436973733472e-01,3.579325234198190153e-01,8.910381297306521065e-01,8.647968853806661249e-01,6.796501869733646561e-01,8.443812758563007392e-01,4.703997509467487959e-01,9.780798818393163785e-01,5.742638894395402094e-01,9.769758357360222023e-01,9.706139482257651885e-01,4.137631821880555227e-01,8.516152734631651233e-01,9.538390933629047330e-01,7.819360866100092400e-01,8.349956803915037362e-01,9.649258665500629606e-01,6.075556743525900583e-01,7.038491911935681467e-01,8.647610369794993534e-01,9.040426168830583142e-01,4.414058828455812433e-01,2.192898559575027356e-02,8.766123867693977889e-01,6.250154446450020274e-01,8.800151904762609778e-01,3.793061585616849252e-01,2.338008925333383281e-01,4.798343128058895624e-01,9.606947656658988421e-01,9.341649177995241526e-01,7.168147695968307698e-01,2.769291351384248201e-01,3.765568067652623752e-01,6.535793200075243892e-01,6.161002242067519230e-01,9.757622373430834273e-01,5.486810162534057067e-01,8.917736710842714132e-01,9.283823446785484101e-01,3.985055358707280115e-01,9.413559387175574056e-01,9.123281534520661928e-01,8.334046060346269602e-01,2.682754860769555050e-01,9.768872499007963395e-01,9.100800603680287981e-01,6.251299748788476940e-01,6.145605461775713874e-01,2.108906937970682072e-01,6.981931913196967043e-01,8.432920913716897005e-01,9.881317472210237041e-01,8.304274313685543474e-01,4.592660322813192919e-01,3.469686421091132678e-01,3.525882664843748016e-01,5.320116395800931208e-01,8.258276731407075966e-01,8.802956378870168130e-01,5.795860782881596673e-01,9.644053068931126571e-01,3.764005180528743333e-01,8.120875903830355735e-01,8.450853866986240970e-01,8.432302887898099897e-01,7.656099282225673486e-01,8.885592222996403500e-01,9.344012973623190277e-01,5.854341000823101160e-01,6.218800562004047627e-01,9.449898141157743181e-01,6.720166148953696794e-01,9.285233116270343867e-01,6.298326223898372822e-01,1.742718035180542691e-01,3.112734222316777544e-01,9.811536252902919308e-01,4.929413053901189889e-01,8.705100841913738785e-01,8.332944971591654815e-01,8.787662840175818335e-01
7.474194549973856017e-01,8.093054413552002169e-01,8.639623436973733472e-01,0.000000000000000000e+00,5.506442919881374687e-01,7.525728215087774675e-01,3.556661034150115919e-01,9.891351404131476510e-01,2.006914296274699416e-01,6.392920357346005833e-01,8.322617499334564739e-01,9.124402850776311968e-01,8.800383241642631971e-01,6.378898746352246185e-01,8.853732136539843589e-01,8.485410643917141726e-01,4.226060596271825620e-01,7.063996450368524860e-01,9.077053534470844731e-01,8.550555507531973909e-01,7.606680123589976139e-01,6.284539057423734754e-01,8.057575952392338481e-01,8.255073323340784697e-01,4.182482561652541286e-01,9.629919459872723353e-01,4.507206837490632667e-01,9.522326556256699437e-01,2.943259221894083399e-01,2.147570368883500169e-02,5.740746986390501405e-01,2.406680613434015181e-01,9.414188753174922430e-01,8.946064522847261280e-01,8.701315908617035522e-01,5.108806734853121867e-01,4.387404872464983896e-01,8.818242302320972170e-01,8.588462884169065781e-01,7.880553043089585374e-01,7.407603479320976625e-01,6.817169633331513490e-01,9.107551704509440071e-01,7.201356188367721289e-01,5.625699928534190208e-01,6.108754694732795310e-01,8.814196211168056072e-01,2.696998584593396919e-01,9.721415477375072722e-01,9.227216204472026284e-01,6.416342155136648406e-01,6.112663943684460977e-01,7.675169018348151351e-01,3.073607632222484232e-01,9.222863620884855784e-01,4.719982654322046889e-01,7.863408024702841503e-01,2.730460811559408119e-01,6.780750406854921808e-01,6.288992524318617328e-01,3.614963877235366496e-01,2.209229402217484095e-01,9.043401601352375474e-01,2.323799989469211291e-01,8.127651997317542065e-01,5.971331623680894429e-01,9.048311843373901819e-01,7.225490781023493625e-01,3.889963309067366870e-01,8.581298919673859826e-01,8.089700014139071804e-01,7.803963379729401684e-01,6.261941512593606207e-01,6.646875588474006058e-01,9.593803360118003942e-01,8.832322093349374015e-01,8.912840353242875713e-01,6.174498886032596667e-01,7.805332595687042296e-01,2.551719729130434433e-01,2.059326594216729367e-01,3.673794987270723178e-01,8.025922965064420378e-01,3.327075354758644021e-01,9.245432509922717479e-01
8.850842548602355642e-01,2.641844090807483614e-01,3.579325234198190153e-01,5.506442919881374687e-01,0.000000000000000000e+00,7.829905829513625903e-01,4.272848572910123988e-01,7.619597392159395133e-01,8.567001159362348517e-01,7.642186528893487596e-01,4.086953396628473234e-01,8.920207769811271392e-01,9.428773007752166979e-01,4.393248962296327220e-01,6.322352705280200880e-01,9.051955689604552768e-01,2.990103691671899266e-01,8.142420963279438650e-01,6.487275794042430821e-01,9.103917031957363681e-01,4.207631652982659065e-01,7.417012532181664897e-01,6.008776283626477976e-01,4.829579548289225088e-01,6.261467281217758529e-01,6.120044767628736171e-01,9.917102688863098647e-01,4.590518093065633631e-01,5.109379970984443409e-01,2.162441329617993957e-01,5.226879965198653055e-01,5.976240062219273508e-01,9.377926162932058718e-01,7.196363813365116435e-01,4.668646658885953205e-01,6.794826596515348704e-01,5.850146879475519590e-01,6.678511183840294407e-01,7.312846628572955421e-01,6.369232717942574507e-01,4.576353194860564022e-01,6.635845184599764579e-01,9.161781255153595982e-01,5.148100295050193065e-01,8.257514153145221192e-01,6.143755059620510384e-01,7.348204792504356986e-01,7.772525194790097514e-01,7.993037356453164266e-01,4.899672848522416690e-01,4.848533759764100948e-01,8.325046422983342076e-01,6.528109220454381134e-01,9.470923476363960480e-01,6.862241102504598178e-01,5.009813637417654952e-01,7.175063217433454987e-01,6.576164648700075777e-01,5.834041663112170539e-01,6.211271714043203884e-01,5.151146688842344057e-01,6.752554765937162085e-01,4.790604889909518826e-01,9.750302761020224196e-01,4.194310229559642389e-01,4.792409055884015445e-01,9.916628908521487595e-01,9.147817494339308686e-01,4.986948061649258412e-01,4.294458547133425674e-01,6.745338874882259583e-01,5.073789731720934615e-01,8.408853681304013783e-01,2.118506907019689911e-01,4.088755014898032281e-01,8.610965316720349261e-01,6.014347789499442376e-01,6.646605268412629774e-01,5.180271499105285615e-01,1.041490311921828005e-01,7.576754544985188078e-01,6.881980889775315413e-01,7.506030332658003568e-01,7.878426439114853963e-01,8.192167612804599486e-01
9.540102345836805053e-01,7.584951815370311046e-01,8.910381297306521065e-01,7.525728215087774675e-01,7.829905829513625903e-01,0.000000000000000000e+00,6.810619512555603494e-01,6.635171179522019180e-01,7.786046200216877322e-01,9.764185197543552297e-01,2.975077193236207451e-01,8.495291040771492108e-01,9.298158342647933061e-01,9.614202874476543981e-01,5.957461950428493136e-01,1.510601766081695607e-01,9.192526101292666230e-01,4.613218829954423561e-01,7.234254776689987843e-01,6.683499893921577284e-01,8.891190996916552569e-01,8.691732610222167033e-01,8.182501769111436563e-01,7.638391054161797200e-01,4.774610639175153604e-01,9.214404568884649871e-01,6.036666948988490544e-01,9.895499203049923365e-01,5.291064171653396819e-01,4.492113093682548186e-01,5.081335743833501617e-01,8.330123310535549885e-01,7.324683101297854160e-01,6.805586425764135194e-01,8.237414975552547203e-01,2.989144126072620367e-01,6.784479646420767951e-01,7.032594039184693058e-01,5.272247965500069800e-01,7.038793418805598945e-01,5.126626919897214751e-01,6.861522938156723317e-01,4.300586996608646295e-01,7.509000202762593501e-01,9.762283834916551939e-01,9.197416109556943997e-01,8.735065799881739368e-01,6.483692343347788878e-01,7.265804569217133857e-02,6.825883160798430493e-01,6.248059448986021946e-01,7.478629706957296008e-01,8.979880571295364433e-01,9.323545192519886449e-01,2.550170710195769908e-01,6.613453787212673074e-01,4.134360714235079670e-01,8.738299574082859511e-01,8.591161562298587073e-01,7.010902699562132634e-01,5.813490876880257341e-01,6.463387251174345094e-01,7.512189538942155576e-01,9.647455743411905704e-01,8.358711219455756680e-01,7.873676902318978987e-01,5.312767770132919010e-01,6.710843826037913296e-01,4.516724721187553859e-01,7.512645983545602757e-01,7.788761664900960557e-01,6.862336056226251424e-01,7.972994552000332025e-01,8.885595431262710564e-01,4.123251865792184612e-01,6.018835154125719011e-01,7.461532573036120386e-01,6.216590581185840181e-01,2.639168355864590088e-01,7.155459701481647894e-01,7.704279601912309428e-01,9.990389120181094595e-01,8.690838623024685905e-01,6.287732207028802200e-01,5.414307236102022802e-01
4.346695970478728355e-01,9.418536694765521355e-01,8.647968853806661249e-01,3.556661034150115919e-01,4.272848572910123988e-01,6.810619512555603494e-01,0.000000000000000000e+00,7.589240321140745538e-01,6.051558002468520048e-01,8.697302687244615749e-01,3.974949297491527922e-01,7.442782246336024921e-01,7.077455822961516985e-01,3.475072879014904359e-01,6.211804328090460015e-01,6.207477402501674346e-01,4.354393576662030085e-01,7.611187947160067413e-01,3.960391126741753531e-01,8.558437147217834440e-01,9.438406121766637069e-01,-1.856825716822746442e-01,6.926477048978678663e-01,5.793329865175933513e-01,7.610948201240290700e-01,3.248981355005808869e-01,5.386414962287768837e-01,6.490020304813577390e-01,1.658865729091216767e-01,4.689426187032043614e-01,2.819425825797359231e-01,7.186825940490705333e-01,4.325470125945691802e-01,6.177646287505713651e-01,6.598097587527154140e-01,5.598018551559120759e-01,2.012240351476894951e-01,2.279778316375972724e-01,4.998813341685424683e-01,7.590719497845678232e-01,4.828193923305879043e-01,4.075019603393723044e-01,9.355340102991098750e-01,5.021714993585012499e-01,9.928570844703233922e-01,4.230676644075002657e-01,3.444814998941552187e-01,7.941204057468923549e-01,9.117507219831270104e-01,7.183313758743171684e-01,6.539186068312925482e-01,9.942336963641286093e-03,5.939341180076127547e-01,6.835432813818835829e-01,7.181167992230018671e-01,6.963112195431112594e-01,3.075095364680951460e-01,5.497972003151740950e-01,6.293039746467081752e-01,4.918876594763763599e-01,9.749534132297871247e-01,5.697093065911041920e-01,4.918262566739033392e-01,7.354274946468339902e-01,6.981031672941361288e-01,4.532184954180236702e-01,7.162995854541334140e-01,9.291717956649250265e-01,6.787005582838183670e-01,7.431920335576061021e-01,4.393859967608959582e-01,5.449113380410560703e-01,4.594923556708842005e-01,2.104061583566583238e-01,6.973128247548765479e-01,2.342393838674426410e-01,5.200058720860440964e-01,3.683885642232349600e-01,4.300779774069412587e-01,4.483622108984253729e-01,4.208138602960307395e-01,8.872743399100001538e-01,6.649353326450394563e-01,5.506258453334459402e-01,7.483817224753653852e-01
8.571070365241945099e-01,7.208032514628556209e-01,6.796501869733646561e-01,9.891351404131476510e-01,7.619597392159395133e-01,6.635171179522019180e-01,7.589240321140745538e-01,0.000000000000000000e+00,4.474724732819655992e-01,5.876448874167674585e-01,4.031414158897014821e-01,9.853216771780034522e-01,4.315985553001059905e-01,5.498948475327554153e-01,6.271744110413621787e-01,6.705212711757293498e-01,7.840226578401624513e-01,7.525517019618650494e-01,7.641837934241274555e-01,4.475135317130664592e-01,7.903466709602462448e-01,5.992998573837838849e-01,5.978127770805923280e-01,7.157847892472933571e-02,8.354374477111999875e-01,2.685350480903877513e-01,7.312524806867540805e-01,5.963469404432274468e-01,2.915108939651023245e-01,4.524688960029331075e-01,3.670796120840851273e-01,3.216309382756112889e-01,6.399215537746263394e-01,7.062294616479999343e-01,3.116336956104259204e-01,4.536190469290786731e-01,5.821094611960884180e-01,4.687372759528951605e-01,8.421481463168857262e-01,8.567322389491769385e-01,6.845104744592865886e-01,1.479046801398170852e-01,8.391133507243780931e-01,5.802631917664570205e-01,7.071757384538494007e-01,6.851460209659964162e-01,3.706658895785739372e-01,6.129095294817427098e-01,6.237788135611330720e-01,3.918534378520910355e-01,5.090810671164819334e-01,9.867943862991278570e-01,7.937079865233298559e-01,6.599038212365090361e-01,6.938556744704456047e-01,7.415584592836982347e-01,5.897322986704267578e-01,6.328861395330596107e-01,6.418284754713192708e-01,3.304071722980073122e-01,2.932430426882258745e-01,5.322599936865010095e-01,6.563906933333241156e-01,4.974446487808003026e-01,6.284523454432781042e-01,5.162483596043044853e-01,6.213039942354194878e-01,9.756451497152252017e-01,4.505789618292035947e-01,5.231089994800340870e-01,7.894930618401085898e-01,6.689292911675888131e-01,4.570266421461167683e-01,2.000292668262753648e-01,6.337635013967972686e-01,7.060379351959147343e-01,5.626207120480781754e-01,5.590736358732617539e-01,7.881936626335142027e-01,-1.530251623330379229e-01,6.283832388771181110e-01,7.897452190964144858e-01,6.387017243097772301e-01,6.555170839996528054e-01,6.844030420914880564e-01
5.900460471423276676e-01,9.945797175785144884e-01,8.443812758563007392e-01,2.006914296274699416e-01,8.567001159362348517e-01,7.786046200216877322e-01,6.051558002468520048e-01,4.474724732819655992e-01,0.000000000000000000e+00,5.775766814321500187e-01,6.698892825950292229e-01,8.999765869875383517e-01,8.639803590375476627e-01,7.422802740337903771e-01,5.596717006455012022e-01,7.221066739941151003e-01,7.425456149873905787e-01,6.719587411922852693e-01,7.620624243470364156e-01,6.987868601649454003e-01,9.153140344123170680e-01,7.427261534532912934e-01,6.547667675916799546e-01,6.979408378180366190e-01,6.637280138549082054e-01,4.763221687058525888e-01,9.558168077493136572e-01,5.217579443050361920e-01,4.695858844174822244e-01,6.844891776578179154e-01,7.936181338752775760e-01,9.233784892649556930e-01,7.448425048646125646e-01,7.129847283018319049e-01,5.114503409114091736e-01,2.170140864720628560e-01,5.787504977595693267e-01,4.405769910943663770e-01,-1.818983727791506355e-01,6.829501678507640117e-01,5.309230947529453015e-01,7.635353339836751241e-01,7.182983551562875935e-01,9.764126508703123708e-01,9.209409515154194370e-01,7.285623846049147367e-01,9.884524883898260228e-01,6.171135023544741527e-01,4.402697747913795201e-01,7.379583874249606712e-01,5.220053478688932991e-01,6.983165787260532387e-01,5.535795004334508329e-01,6.994005788150738923e-01,6.180063178634690457e-01,9.248719083296207399e-01,8.287204395272319557e-01,4.034422661985716529e-01,8.188455083780853405e-01,4.670563339133741443e-01,5.934557028284914715e-01,4.723734968428445757e-01,2.533494411662360474e-02,9.259819321265073677e-01,4.914797674849603615e-01,9.301722593223118452e-01,6.084672594277104052e-01,2.494739544242421600e-02,6.093522802528318350e-01,4.221308563640230882e-01,6.636185135353365183e-01,1.693551066762300069e-03,4.274426724910398989e-01,3.602033183161527097e-01,6.713749391912098297e-01,7.923782763043923927e-01,6.117457717502937653e-01,3.819943896696583185e-01,5.846156101239134983e-01,4.301526751403034199e-01,6.729911387347810026e-01,9.050595658354212425e-01,6.098361367931522947e-01,-1.103435058458493434e-01,7.141217836154156728e-01
6.279179715732959854e-01,6.047139607368027248e-01,4.703997509467487959e-01,6.392920357346005833e-01,7.642186528893487596e-01,9.764185197543552297e-01,8.697302687244615749e-01,5.876448874167674585e-01,5.775766814321500187e-01,0.000000000000000000e+00,8.431103584691272967e-01,7.327525681553056502e-01,9.593796286081675007e-01,4.494717040225667537e-01,4.430729872723981333e-01,5.611395885550329865e-01,8.509832541761159774e-01,6.742888723047100186e-01,6.435059586245515106e-01,4.950938749616651813e-01,9.805728567303223508e-01,4.758598943005739601e-01,6.510714341062241450e-01,8.275941896856130464e-01,5.239847321929175239e-01,5.726979060276035094e-01,8.113809793423527594e-01,9.753338904319430736e-01,7.406815411951761519e-01,5.986607790253721806e-01,6.082903719208297977e-01,6.937610723714177086e-01,7.388758952880700726e-01,4.164316393605802524e-01,6.313606114794566571e-01,1.135660795935708872e-01,2.088809438099801241e-01,2.102035190175869928e-01,7.099459248577638659e-01,8.946409499421866807e-01,3.644732231442202597e-01,3.376282027411464659e-01,8.652925412204272027e-01,6.176524195254915472e-01,2.824706613896661445e-01,4.747888659877408379e-01,7.367659215625732561e-01,7.003677356576426538e-01,2.140426069980556067e-01,9.253436446263160198e-01,5.008132264329467898e-01,9.586751325497976373e-01,9.567891185214315586e-01,9.343009163339758283e-01,7.104564725076011333e-01,6.975518157281841436e-01,3.565259905269554386e-01,4.928505287778515154e-01,7.902342889768773082e-01,4.639902115687903894e-01,4.548645411814375428e-01,5.959765063124347062e-01,5.933114743604868124e-01,8.694140880980256725e-01,4.890033048629578438e-01,6.020485016417400637e-01,6.241189564181273131e-01,8.331215351123278934e-01,4.142210528643409662e-01,5.732353221247806774e-01,4.405286952520742760e-01,6.377980714836345433e-01,5.485388764711280896e-01,6.689628657175439308e-01,6.290737737059304280e-01,5.943013066252804677e-01,1.191653656899783614e-01,5.815554028061393765e-01,5.700520919952973831e-01,2.032657375210523143e-01,7.200453625897131893e-01,7.473089490097356569e-01,7.789966656635561870e-01,3.596105187731760133e-01,9.683028809102430801e-01
9.895705502530588449e-01,8.824355264941012855e-01,9.780798818393163785e-01,8.322617499334564739e-01,4.086953396628473234e-01,2.975077193236207451e-01,3.974949297491527922e-01,4.031414158897014821e-01,6.698892825950292229e-01,8.431103584691272967e-01,0.000000000000000000e+00,2.531078838291730415e-01,6.988914335695419755e-01,3.702235137349335625e-01,6.839694808922356373e-01,7.064231690146364206e-01,9.076902454878036375e-01,6.237367683017164266e-01,5.768821683432225900e-01,9.895737380744955569e-01,7.332657986486833535e-01,9.026142996353505588e-01,6.213277696182386567e-01,2.996448271945918451e-01,5.340061056793280470e-01,9.927266444397366829e-01,9.291342404163981383e-01,4.411391099603454435e-01,6.555875180813435232e-01,3.043188960049649228e-01,6.141657276194978365e-01,6.255136884664064256e-01,9.738717939767121967e-01,8.367445018218599984e-01,4.588904984469577841e-01,5.452857384379399264e-01,5.831417625106340985e-01,1.579598113095131984e-01,8.494574762857830530e-01,8.419359604599386815e-01,2.442591829895076339e-01,8.725839914295888677e-01,3.556970282136028283e-01,9.775668869192698507e-01,5.867312741924171071e-01,7.686545274960765450e-01,7.906831059205716716e-01,8.646443939949870483e-01,5.052540892907467773e-01,6.504660924972216485e-01,7.688973243222891885e-01,6.083668143317759736e-01,6.587098400671426157e-01,7.384952741736390269e-01,8.216028456813275760e-01,6.144707079084468226e-01,7.612950337468795681e-01,8.634068733940591933e-01,8.248579868939612814e-01,6.114015509405584803e-01,9.615994748693261762e-01,7.526413684802937265e-01,6.294973538699875082e-01,6.355815955896298997e-01,6.856669032022987276e-01,4.356949182972751911e-01,2.261755121740453289e-01,9.045327313055370189e-01,2.306834199741118197e-01,7.489865878406462008e-01,9.489903741606001697e-01,7.483630269130967516e-01,5.516206155793359489e-01,8.373335641900309101e-02,8.706674695486437132e-01,4.387770125303166457e-01,4.657484953010673223e-01,-1.628735518822604922e-01,-1.926557234673156871e-02,3.342720273564520617e-01,5.813250658889436151e-01,6.047418881561419379e-01,9.576300032777497195e-01,7.480189829197553264e-01,6.582084271499123451e-01
5.708617745707479374e-01,4.767783231250240505e-01,5.742638894395402094e-01,9.124402850776311968e-01,8.920207769811271392e-01,8.495291040771492108e-01,7.442782246336024921e-01,9.853216771780034522e-01,8.999765869875383517e-01,7.327525681553056502e-01,2.531078838291730415e-01,0.000000000000000000e+00,8.576570527387724630e-01,2.270595168949469944e-01,6.521363255424204031e-01,6.153617844495522515e-01,9.424824227083569150e-01,1.462044803454696507e-01,8.106786875410144644e-01,6.876159200769438318e-01,6.860894390108634999e-01,2.443041829544988774e-01,8.730331430495232858e-01,8.131691503689253420e-01,7.760942951511635712e-01,5.451147303956779266e-01,2.367003503395699038e-01,6.386730924850831936e-01,6.067514076995783601e-01,3.329926160076179253e-01,5.391911454905637946e-01,6.982089568016336401e-01,8.123772599954300899e-01,4.497049789805591669e-01,6.525201300690789408e-01,5.036563924348455012e-01,4.079361000532455428e-01,8.687856731664244103e-01,8.624446305973587634e-01,8.410185855326216542e-01,4.996598885479152652e-01,8.063333798250861273e-01,4.920715463397587475e-01,2.952865815033903774e-01,7.994921591700521191e-01,5.284378155881241934e-01,4.372742945589619401e-01,8.900022630973404292e-01,7.476158651698640023e-01,5.402250487725649419e-01,6.524319790742755254e-01,8.474968391921360311e-01,9.396547782559948603e-01,6.471637374217633631e-01,9.214457025317173144e-01,7.992410879335443141e-01,7.018074195448584796e-01,9.958977536539983522e-01,3.741096439950936103e-01,3.914165759727233351e-01,7.319749500837479106e-01,4.396978757204555444e-01,4.166038821276902282e-01,9.953511875323594049e-01,8.471700565583460962e-01,4.405520865263982677e-01,6.005847804646129440e-01,4.900847947783363856e-01,7.316430311845244505e-01,9.268136543784259995e-01,7.273186723705862278e-01,9.319154236639521915e-01,6.982613502366508129e-03,5.869795913943676169e-01,2.634878996854381761e-01,7.992807083097671628e-01,5.965224244082609761e-01,8.885853298786585697e-01,4.635854640039367980e-01,3.092433151603003472e-01,7.359244642370301737e-01,4.235650827750215841e-01,2.503194667468051637e-01,4.007070922476619335e-01,6.947075196705232436e-01
8.782600966889657634e-01,8.588661944006279469e-01,9.769758357360222023e-01,8.800383241642631971e-01,9.428773007752166979e-01,9.298158342647933061e-01,7.077455822961516985e-01,4.315985553001059905e-01,8.639803590375476627e-01,9.593796286081675007e-01,6.988914335695419755e-01,8.576570527387724630e-01,0.000000000000000000e+00,5.060654067772556441e-01,6.368851476718717652e-02,7.773029462274770873e-01,9.479488555021632346e-01,7.717629211787148114e-01,8.324178830977312371e-01,6.829521936071286659e-01,9.151385455081320064e-01,4.144542778527032789e-01,8.135176665249660433e-01,8.399728090292415406e-01,4.909535084444190400e-01,9.730200254631607981e-01,4.335837870337258537e-01,7.040594967083866340e-01,2.457902616747246749e-01,-4.324907953615553247e-02,2.817190823635677965e-01,7.065752362208700399e-01,8.102838521842509190e-01,6.913377829709699274e-01,7.595420310710623291e-01,4.414959637033794571e-01,5.329226105155863147e-01,8.306770590100313045e-01,7.841787724170541374e-01,2.635992208853827901e-01,3.873935876433232117e-01,8.610903372440167347e-01,9.748710580687880434e-01,5.919342322779509447e-01,6.049752932453741350e-01,6.572059213638135056e-01,4.565569836750025812e-01,4.004185101935325841e-01,9.054910495706640639e-01,9.215291621618719731e-01,7.150000354951149273e-01,6.419259644971548884e-01,4.898202106691137425e-01,8.981256337253477051e-01,3.902963218337970885e-01,6.946161667024211006e-01,9.608264107435053880e-01,7.896938217766671375e-01,9.034688996653672532e-01,9.052744202435386578e-01,6.067540760404002143e-01,5.877461672168753370e-01,7.473156274171649516e-01,9.395724198389679982e-01,8.272841314198665641e-01,6.388409778613604040e-01,8.374114594671181466e-01,6.982257653674845965e-01,6.818160421410354166e-01,9.987270808244308462e-01,7.796092250555141101e-01,5.506314774022735836e-01,5.231084689077372119e-01,8.630095725920123861e-01,4.118438076033302253e-01,8.938266289917536911e-01,9.367007834725112891e-01,7.505404026933932826e-01,6.065131865980525339e-01,4.468503228196028521e-01,6.369282937413413004e-01,8.400924080891211121e-01,3.375388005517498957e-01,6.649103887638236898e-01,8.956094668607834652e-01
8.784222128781803418e-01,8.218143532385504546e-01,9.706139482257651885e-01,6.378898746352246185e-01,4.393248962296327220e-01,9.614202874476543981e-01,3.475072879014904359e-01,5.498948475327554153e-01,7.422802740337903771e-01,4.494717040225667537e-01,3.702235137349335625e-01,2.270595168949469944e-01,5.060654067772556441e-01,0.000000000000000000e+00,8.523397803560164299e-01,7.598804522529002403e-01,3.390803884867552576e-01,2.507902887306848738e-01,8.257058650573522174e-01,7.506893262785678811e-01,7.606953192321112001e-01,6.237384720893835999e-01,2.035047472455045470e-01,7.893303374054008170e-01,7.569126738105246277e-01,7.471273762738802615e-01,8.136952176230296541e-01,6.301098556166494502e-01,8.687795688511164016e-01,3.962955247064426922e-01,7.009515095442550026e-01,9.961625678001242434e-01,7.674472185199605612e-01,7.362772361849716507e-01,3.513182644020944045e-01,9.482868961411081710e-01,2.445989781827629939e-01,9.216218921974068667e-01,4.427237250968746873e-01,9.606060615992715324e-01,4.851162709544599161e-01,2.835929987985437717e-01,6.704548759562056759e-01,9.125033120745138504e-01,6.228770393171015884e-01,4.562642675465974351e-01,5.255176743232299330e-01,4.430912818102252237e-01,5.172031486762885821e-01,7.356718588876636211e-01,4.432917507406157753e-01,2.642966424375160495e-01,9.897534430758236912e-01,6.061680628531869175e-01,9.225384411546804220e-01,2.590206601077396642e-01,2.276937332063218578e-01,7.391302604000289378e-01,8.592052952283715239e-01,6.659867869112102712e-01,1.567397289113690584e-01,8.173709201106306166e-01,6.303621315319072327e-01,7.812568356059359509e-01,4.026452285239393580e-01,7.911533824277250382e-01,8.319262218478530313e-01,8.214626747094251336e-01,2.491015655755810243e-01,8.190070867676300104e-01,5.349704340648921974e-01,6.366356125137841993e-01,4.139200312525772585e-01,1.696382232269716406e-01,5.513258664248408270e-01,4.033666470146312633e-01,8.770718196197850869e-01,3.486637002791265205e-01,-3.121403562283708855e-02,2.609801392878398074e-01,4.879182769597400493e-01,8.618028741023020523e-01,8.757426527049169129e-01,7.119362411006913138e-01,4.460307713561076359e-01
6.142597361921445787e-01,4.505042816206644152e-01,4.137631821880555227e-01,8.853732136539843589e-01,6.322352705280200880e-01,5.957461950428493136e-01,6.211804328090460015e-01,6.271744110413621787e-01,5.596717006455012022e-01,4.430729872723981333e-01,6.839694808922356373e-01,6.521363255424204031e-01,6.368851476718717652e-02,8.523397803560164299e-01,0.000000000000000000e+00,5.446174089323693179e-01,3.446701096828042044e-01,5.337928580470896467e-01,4.079408829333501796e-01,6.618812508417967200e-01,7.451408891228303855e-01,2.512658846641874222e-01,9.510179682750399266e-01,8.700948943688293635e-01,4.460818727957662211e-01,5.996560786240614505e-01,6.034509063593315181e-01,7.170597905196579580e-01,3.959508083307625159e-01,4.064712341727551581e-01,5.561518164339781523e-01,4.360357732469023473e-01,7.357212260436692963e-01,-3.491132207539793253e-02,6.424544927122468607e-01,5.625404411108774205e-01,5.768148601468211512e-01,6.101108355399056382e-01,8.973448799324239555e-01,8.145525234731038067e-01,3.706128649485270765e-01,7.177462057270918017e-01,7.164523979892933880e-01,7.597501733291385229e-01,6.831967690717104524e-01,9.818821131073615094e-01,4.739380138933305120e-01,8.085379285651741466e-01,6.946502919782964192e-01,6.086650868307472706e-01,6.741172133396116095e-01,5.080477990696511403e-01,3.196319233378527858e-01,6.401287452346748896e-01,5.371171554231440881e-01,7.083284525607620452e-01,8.026700397619829230e-01,5.029112656825200922e-01,8.052288028770595574e-01,2.235686274922050187e-01,7.193190453435767129e-01,3.301290268512543369e-01,6.949007121067387605e-01,8.274674752960073931e-01,6.322218714046154986e-01,4.220390592898749516e-01,6.671338989945733156e-01,7.340399016873755400e-01,7.111427165799212302e-01,7.764849681133767501e-01,5.339522044410595081e-01,7.775002668746366918e-01,7.496158254835885160e-01,4.221889847881244440e-01,7.221744513457596382e-01,5.778599613413740732e-01,8.169590652370110062e-01,3.967545615529221026e-01,5.494600822437476495e-01,3.602948331901211221e-01,7.736657712539765086e-01,6.017603325421435612e-01,8.729483086475836595e-01,7.129627404770060295e-01,3.395843205181784397e-01
8.883442814107360697e-01,8.670934071214140282e-01,8.516152734631651233e-01,8.485410643917141726e-01,9.051955689604552768e-01,1.510601766081695607e-01,6.207477402501674346e-01,6.705212711757293498e-01,7.221066739941151003e-01,5.611395885550329865e-01,7.064231690146364206e-01,6.153617844495522515e-01,7.773029462274770873e-01,7.598804522529002403e-01,5.446174089323693179e-01,0.000000000000000000e+00,9.533199597925823277e-01,7.148084003351329319e-01,-4.124181449492839158e-02,6.728559057711491764e-01,6.153001099574485488e-01,6.721384898607415392e-01,9.680354859910222931e-01,4.478104450027876049e-01,4.760044732913182308e-01,-1.574667391972689179e-01,7.972281677205801387e-01,1.885307218810585161e-01,4.745665580068424982e-01,5.693606713159161670e-01,2.638579334044670599e-01,7.859437381649210241e-01,3.854262070306373467e-01,6.778119934183836071e-01,8.052680240407138479e-01,3.528795660282190161e-01,3.212998706548782502e-01,3.288202970992929464e-01,2.651710776595477825e-01,8.247814059869932324e-01,6.291321997207748318e-01,7.844152291411835565e-01,9.491233838940560386e-01,4.560459948035301414e-01,8.966098486845837101e-01,5.597198912916125924e-01,6.741059717652644334e-01,9.949293110561931996e-01,8.057445962530158656e-01,6.976531698735936038e-01,4.234448457839785629e-01,9.900499838439846823e-01,2.635360217717386266e-01,5.198256039646569349e-01,8.392177537943903420e-01,9.022873984394106373e-01,8.304928375020559361e-01,7.128765146769560079e-01,7.484404363817224182e-01,5.034832172980220344e-01,7.033776137252243377e-01,7.852524690368939408e-01,8.401737804162505707e-01,9.931492688083423115e-01,9.809924695886047541e-01,6.020175656694303212e-01,1.430940047352367850e-01,6.066519209626849429e-01,6.138774398659633258e-01,8.625891713179701936e-01,3.208390061594838527e-01,5.170771242388961797e-01,-5.969555262064488166e-02,2.061299426348314201e-01,5.487723880876369531e-01,5.753765049446177837e-01,3.667208644508612725e-01,3.077723880977951132e-01,7.412911134649020628e-01,2.116616902426388391e-01,7.044530664768084982e-01,8.962267239496056748e-01,5.874399714944414930e-01,2.356724722459219434e-01,8.399517190492716834e-01
9.409391009761606250e-01,4.803738674910891238e-01,9.538390933629047330e-01,4.226060596271825620e-01,2.990103691671899266e-01,9.192526101292666230e-01,4.354393576662030085e-01,7.840226578401624513e-01,7.425456149873905787e-01,8.509832541761159774e-01,9.076902454878036375e-01,9.424824227083569150e-01,9.479488555021632346e-01,3.390803884867552576e-01,3.446701096828042044e-01,9.533199597925823277e-01,0.000000000000000000e+00,2.436387128160811266e-01,5.341698560326004763e-01,9.436968702309381785e-01,8.071995432374063917e-01,9.075594214441446983e-01,7.221923680158950365e-01,8.172859136067728292e-01,5.448823541703230466e-01,4.563210536474621715e-01,9.817185948341985435e-01,8.306044395261407143e-01,3.245509345172963855e-01,5.636124745681518888e-01,5.614089441887951670e-01,8.924466535326205374e-01,7.011495178012050467e-01,1.778527362635063946e-01,5.808846929285707006e-01,5.151580150474052155e-01,3.233429914639691927e-02,8.289414587414413171e-01,9.099380499803637612e-01,7.252240502832980606e-01,3.701787828069630359e-01,4.437929223422504843e-01,8.375602752637015813e-01,5.673443674921119229e-01,8.411489428696942161e-01,8.865155281443629631e-01,8.390135409425314439e-01,4.573644966401734790e-01,6.238033998640707400e-01,8.705041988872865844e-01,8.179393971780241079e-01,3.181854333411122671e-01,6.337792974586895500e-01,6.909321295670488583e-01,5.188259276407288789e-01,6.850680553688572871e-01,9.716837955386369297e-01,9.303798726344427727e-01,5.898481045319604599e-01,7.107477280526529606e-01,3.494401331534788269e-01,9.071787426076074468e-01,9.116427328425109611e-01,6.328143277072419970e-01,8.217167777450444799e-01,9.711168877968083812e-01,6.443761146258217831e-01,2.044037515396460170e-01,6.885045249280170587e-01,9.587621003475483850e-01,9.848219882985075335e-01,7.592560957907402708e-01,7.288992831404900175e-01,2.159291832124878852e-01,9.722123265252549107e-01,7.942002179365508230e-01,7.297946237184487206e-01,7.671733277680817809e-01,7.427087510749372790e-01,1.782457560564182641e-01,4.166460389874245829e-01,8.034969603482492451e-01,6.179689598519948479e-01,5.709412028277192075e-01,1.754382424218114966e-01
7.690475198066737406e-01,7.405686750770477111e-01,7.819360866100092400e-01,7.063996450368524860e-01,8.142420963279438650e-01,4.613218829954423561e-01,7.611187947160067413e-01,7.525517019618650494e-01,6.719587411922852693e-01,6.742888723047100186e-01,6.237367683017164266e-01,1.462044803454696507e-01,7.717629211787148114e-01,2.507902887306848738e-01,5.337928580470896467e-01,7.148084003351329319e-01,2.436387128160811266e-01,0.000000000000000000e+00,7.819217822637046789e-01,7.901994529771294573e-01,7.730801458306870710e-01,8.475999447823592270e-01,9.832679880654638938e-01,6.030199230133228561e-01,5.024492770664219510e-01,8.304396362782493490e-01,6.914986932085198656e-01,6.632554473279290708e-01,5.621990445997767649e-01,4.033134495965091104e-01,7.959169807514506756e-01,6.148666979036427893e-01,7.147336759262954420e-01,6.055941297640038412e-01,6.645704026784273744e-01,2.396913235076329474e-01,1.314778666900363047e-01,5.324689305737575484e-01,5.843239269013095205e-01,7.389709978699028348e-01,5.172865445120414796e-01,3.587224881703281465e-01,8.478871730113503036e-01,7.637437741029745597e-01,9.395192879044629297e-01,8.515974742889456106e-01,9.845881450894349296e-01,7.712682141840230265e-01,3.074209355151580336e-01,4.123965858456007938e-01,8.897076244287496216e-01,7.064545910690992470e-01,5.746730945301794513e-01,6.681564702236986175e-01,7.775743379090913621e-01,8.854106624898714362e-01,4.404434097657812797e-01,9.521373766015462925e-01,7.952959146766864773e-01,2.616079259185953854e-01,2.343167493708507576e-01,6.067289353763829496e-01,3.882800568855295786e-01,8.014350069519078357e-01,7.473611731291737170e-01,8.459329125316360498e-01,9.494061928203740841e-01,7.461332415474799529e-01,8.958836276726173109e-01,8.089130131040981331e-01,2.022881122017234634e-01,6.377626642490618059e-01,7.555911329943524324e-01,2.401101808369193735e-01,3.600478573622647449e-01,9.163335174478740575e-01,5.735720547941736136e-01,3.953928880431454296e-01,3.371903928990154231e-01,1.515708443361853952e-01,6.366907083401037726e-01,9.449216738333126031e-01,9.327856636881964869e-01,3.871836439281353126e-01,6.350130280402361826e-01
