0.000000000000000000e+00,6.291963312972932432e-01,7.269870548011316824e-01,6.093656675699874459e-01,7.121548842833074211e-01,9.730550841314269395e-01,7.319994379668937068e-01,8.793697262834146988e-01,2.582938920347678247e-01,8.125554182806030701e-01,7.614675025412001030e-01,2.087601332711238045e-01,9.981228548442288018e-01,7.571492739984126974e-01,8.935848834682225128e-01,8.640706428790132509e-01,9.528111339717659778e-01,8.996744947952637350e-01,8.167687871482288697e-01,7.884607340951123033e-01,6.287183144764635356e-01,7.102559460208905939e-01,7.336893375055045796e-01,9.232521603620775785e-01,8.548803340654834715e-01,8.980407993025419922e-01,8.070739088731190281e-01,8.614277872395346147e-01,6.278411714264788834e-01,7.510483894473374278e-01,6.650334653492968595e-01,6.240731493498351545e-01,8.837530248654189569e-01,8.349990774917651626e-01,9.066052711724159607e-01,4.050028700002211712e-01,5.016393558745568804e-01,8.955262366495149173e-01,7.603012325321538700e-01,9.763374394294067615e-01,5.926112782790565747e-01,9.507946443177150986e-01,8.379716796279512714e-01,6.860525367122489726e-01,8.028280682334976159e-01,7.597978294269627231e-01,9.207684193714580356e-01,4.688873382294756476e-01,9.915159933012148707e-01,5.054972673958529894e-01,7.672854782938319795e-01,3.673859979366954631e-01,8.578998318346112706e-01,9.848164911076986439e-01,7.203413982895288115e-01,7.241928027970881976e-01,2.943174148305080506e-01,7.575178173484722333e-01,7.312576590450778902e-01,4.925926675236718122e-01,5.750242666553941895e-01,6.502199273126237911e-01,9.763362429869236747e-01,8.002016838791856657e-01,7.617483333298231685e-01,8.305830991290372722e-01,8.867759050765099405e-01,4.782097085808170167e-01,8.713449571585774045e-01,6.686429062845836713e-01,8.530592072367207956e-01,7.072566728823256321e-01,6.683312998523691650e-01,7.262813215569478009e-01,5.176012785409431771e-01,8.396619128428375323e-01,9.786026262200197001e-01,5.239960377063275221e-01,3.102832341446525311e-01,5.088126927931803101e-01,5.925872487262758836e-01,8.863355192738083810e-01,9.092643999961588230e-01,9.575231402753471219e-03,8.067387466574950095e-01
6.291963312972932432e-01,0.000000000000000000e+00,9.757182859137907283e-01,6.706688290915348016e-01,2.110433287882543529e-01,3.819119226494274155e-01,6.010675642007685671e-01,4.935635048995484775e-01,4.257180639683607049e-01,3.623958939742302210e-01,3.875335795870049616e-01,7.072735355048391792e-01,3.624076140146768044e-01,4.639417299775798198e-01,8.375080777571644042e-01,9.437187446514425648e-01,2.861061555482893315e-01,8.899928494106624788e-01,7.294346355720950914e-01,8.234985793682940702e-01,6.391203321562521911e-01,5.772601789072513423e-01,1.330105343195503997e-01,7.440307596412322200e-01,7.212019633883661740e-01,5.177406033214453362e-01,6.399757504620627868e-01,9.472209653507333016e-01,6.547870267600528482e-01,7.996489978090670636e-01,7.854208180462608491e-01,3.727739565572206759e-01,9.959693953848443027e-01,9.047324976280827213e-01,6.974818859598689302e-01,2.824548041327954451e-01,8.563714357614327088e-02,6.477191636852221990e-01,5.939908209678999018e-01,9.321386756751885994e-01,7.281983452075554419e-01,7.528849614928639911e-01,7.290233432912540668e-01,6.333268506594021963e-01,8.192714821885427323e-01,9.091382193207373508e-01,7.380377412944155724e-01,6.110579744680826320e-01,5.904590920834458245e-01,6.758287253895114421e-01,9.982349206067337999e-01,9.327617809525905468e-01,6.986334027991706330e-01,8.133497709770470818e-01,8.030906868039190405e-01,8.739290350581632172e-01,7.325708698272611619e-01,4.440444271927454500e-01,9.070183421954540748e-01,2.583446014198198526e-01,3.222720837081351486e-01,4.278795351110213918e-01,3.624974635063354933e-01,9.771764784383180080e-01,8.312653626817329000e-01,3.914029442347917165e-01,8.149965126935355686e-01,6.396755909314788546e-01,2.389399114701486193e-01,8.916424697391315268e-01,6.587477823642085006e-01,6.408047835066545961e-01,7.158006963183478621e-01,3.554484001283843009e-01,5.701716483049144163e-02,6.959479687600977904e-01,6.877761245181621685e-01,6.732158110200032741e-01,3.295742496086081497e-01,6.704739918461268822e-01,9.972179265421310390e-01,8.181261224282574407e-01,9.566670506459311607e-01,5.305908838106819791e-01,6.583040046496066999e-01
7.269870548011316824e-01,9.757182859137907283e-01,0.000000000000000000e+00,7.732070959683148281e-01,8.728388573914156456e-01,8.992419386344516763e-01,6.767388996596314099e-01,7.006008561747526509e-01,9.051098594806601394e-01,7.741667221239214580e-01,6.759558944907260170e-01,9.036105363685148495e-01,9.267255645310040757e-01,9.073598077940272510e-01,6.789384814384761269e-01,9.142715149002401676e-01,6.701160723102675965e-01,6.949936781398871055e-01,8.640777296332954327e-01,6.413655659963023448e-01,5.238604253056824978e-02,4.915476389715505157e-01,9.027945947971836027e-01,8.153553301666311981e-01,9.356125361217010328e-01,9.038868942959041863e-01,9.873973962122459813e-01,9.702046221749450750e-01,4.493560496835812823e-01,6.127389442930746277e-01,5.576939582077925506e-01,8.974998568268646171e-01,9.418243466201206004e-01,9.184208189415399293e-01,8.809957523214930752e-01,3.562528485915701371e-01,1.683256637912928511e-01,8.568094714292358027e-01,2.645462339396807971e-01,9.741986721073504496e-01,2.669888427668938857e-01,6.746395047938416045e-01,7.557137064408736560e-01,7.021840830833981917e-01,8.565427480489852252e-01,4.287575139188000706e-01,2.208660641489954002e-01,8.562642623244614004e-01,5.258338262571687904e-01,2.884576340833026054e-01,9.680818357297609200e-01,4.717767059480849623e-01,8.380315665446201878e-01,8.367883945010847757e-01,8.932312229199331766e-01,9.793855923097383176e-01,6.755139343895135706e-01,9.147816002246352829e-01,5.725405975709565443e-01,6.195235735290141044e-01,9.507515435486347810e-01,4.272276977170570977e-01,7.213935818394405786e-01,9.356465981519239694e-01,5.609077585353682283e-01,8.495670097152805411e-01,6.825289877569765684e-01,6.557466655784845999e-01,8.974536422257408663e-01,9.233094541814692580e-01,7.178720576172824552e-01,8.071194999747871579e-01,4.245955974360620111e-01,7.214797447795466834e-01,7.256696911843156794e-01,7.636987445660686769e-01,4.140600247789542609e-01,8.125361146562513071e-01,7.877886996349767745e-01,6.587813032503861965e-01,3.302846239652743598e-01,7.984670546830956450e-01,8.085168472496815362e-01,9.181917182415496592e-01,8.129957197702409877e-01
6.093656675699874459e-01,6.706688290915348016e-01,7.732070959683148281e-01,0.000000000000000000e+00,7.529928882621078623e-01,6.129042373080012540e-01,8.931757516568040733e-01,8.907894482286077276e-01,7.838674177602436011e-01,7.750475773510170363e-01,6.972144098824074598e-01,7.300271033685755695e-01,9.256070405622400799e-01,5.532118712101767866e-01,2.972350082582431163e-01,4.835958737868611967e-01,8.888139526488668674e-01,9.066920757790445373e-01,8.920141418072584649e-01,8.208644309111160497e-01,4.457892484721569515e-01,5.696657042827408812e-01,8.769557655081303693e-01,6.983873503771105273e-01,7.547770533052846620e-01,8.147438645122268008e-01,9.138162973195984584e-01,7.743667743854474317e-01,6.820537564946111964e-01,4.624039801776474445e-01,7.029004841725691177e-01,5.818249224636080630e-01,6.814331366665418166e-01,9.949613900593570204e-01,6.911797497038201232e-01,3.777369401507746360e-03,5.360351833945027344e-01,4.808963326099607860e-01,8.919864465908811102e-01,6.782004678680919607e-01,5.999879462729785784e-01,8.643326715793385739e-01,7.741306256307438627e-01,9.668346088552494111e-01,9.113678918901756409e-01,8.876887956826390313e-01,6.515928449190648841e-01,2.795409356995361416e-01,7.115888480371042046e-01,9.688047801291893579e-01,6.151015539850787084e-01,3.743035866845648152e-01,9.565997734320422774e-01,6.771875636994187930e-01,5.376147240999888943e-01,9.840711420129482079e-01,5.397694342348974272e-01,9.874012765624411436e-01,6.483765508108461084e-01,6.859871364748576505e-01,8.233797134390341554e-01,7.271476233311431336e-01,8.040388543911552999e-01,4.442855143983397981e-01,7.056630530249148325e-01,9.583988991202219143e-01,9.222274220675145129e-01,6.653544635726768020e-01,6.537732645299727530e-01,6.046594407119283421e-01,9.474654907691891781e-01,7.008328972213445640e-01,2.110687735626261274e-01,4.286788711532857898e-01,4.730140311605502412e-01,3.076993198011279129e-01,7.961650690734581870e-01,6.712664105841241735e-01,3.052271737386325068e-01,6.530741286331103179e-01,6.254327339547208764e-01,8.506281568847126051e-01,8.181638728492606205e-01,5.615937004386222231e-01,6.304044946951807837e-01
7.121548842833074211e-01,2.110433287882543529e-01,8.728388573914156456e-01,7.529928882621078623e-01,0.000000000000000000e+00,6.444882611481492773e-01,9.670443083140695117e-02,4.135857111246999396e-01,7.470234226770965380e-01,7.985286966330136238e-01,7.174135058778190466e-01,-1.753453970455488842e-01,8.680087566875711591e-01,7.414799186881809723e-01,9.298998219871333903e-01,2.307305252584563038e-01,5.913757420164380552e-01,8.203080038944181585e-01,2.353773460754688407e-01,7.501041532715394533e-01,7.446539495959492161e-01,3.153219172994564112e-01,7.412949306253353576e-01,6.680353658358018087e-01,9.667353371435509768e-01,7.726652785999209572e-01,6.189119638528491896e-01,8.647837178243656941e-01,6.008127451164532173e-01,4.206515961565308048e-01,3.692039240661264543e-01,4.546396152896646226e-01,9.585232257188224247e-01,6.281715054558932865e-01,7.084189868752810426e-01,4.551286965709402388e-01,6.846770258147074628e-01,1.307203089816253161e-01,9.682575682857093025e-01,5.084551771703459400e-01,3.556725053284076621e-01,9.251965617309159118e-01,9.934944225489705794e-01,8.849961356018275493e-01,6.788444425083542955e-01,7.741895676785760516e-01,7.433808640755426023e-01,8.146419093853463078e-01,5.470599618154527999e-01,8.816934227844167582e-01,7.867019491589281044e-01,6.059479968418846063e-01,6.220084236274331380e-01,8.876580281460587640e-01,7.091472037347459345e-01,7.892715504120095815e-01,8.327810471454543118e-01,6.611149619810638978e-01,8.757072136647779947e-01,7.885895088929670838e-01,5.220561563170600383e-01,5.131044256474617260e-01,4.609079609301474090e-01,7.583597823465139109e-01,6.387051050334631164e-01,6.829103305064000429e-01,6.834592364491358651e-01,9.776510153571387196e-01,4.107998300518841961e-01,7.041439273250715836e-01,7.094242954542318014e-01,2.585967593191755842e-01,3.496875398471668284e-01,5.501966208171635841e-01,5.094567650354862032e-01,6.291847558935951268e-01,7.225333471777650729e-01,5.547486583788652226e-01,-1.917965249477542322e-01,6.307806510354185825e-01,6.346999642033801514e-01,9.834015238984965546e-01,5.082003242164107037e-01,9.567497104274498287e-01,5.046836891255631619e-01
9.730550841314269395e-01,3.819119226494274155e-01,8.992419386344516763e-01,6.129042373080012540e-01,6.444882611481492773e-01,0.000000000000000000e+00,6.673806159989587039e-01,4.164838183726817800e-01,5.337757001596628026e-01,9.274528016324379287e-01,5.385458554693607347e-01,6.173434345227127862e-01,8.370312537294967159e-01,6.099378772126716752e-01,4.984319685115108367e-01,-1.456012510957490069e-01,4.072969666693956881e-01,7.429608950259420919e-01,7.608644692961589184e-01,5.220117498588180416e-01,7.798508570075509683e-01,9.959702512844812450e-01,7.953223957535462407e-01,7.619288298418985805e-01,5.511872220029253588e-01,7.732660063567200481e-01,8.672135705389151239e-01,2.351524897357595845e-01,4.401779901564347730e-01,4.110773996878100411e-01,4.769626175814323799e-01,7.153953141633069279e-01,5.335692312091102618e-01,8.004866130306085292e-01,7.218478935697688614e-01,2.064956479065400141e-01,5.826089642586504969e-01,5.489198726051772725e-01,7.647974299336639525e-01,5.817172050642508419e-01,3.387739630030987548e-01,2.610141731545387311e-01,7.440466107470559143e-01,8.589430484675562028e-01,6.733586591321321091e-01,6.181031169113371249e-01,8.300425048265280825e-02,7.219046330984724147e-01,6.039182311827325789e-01,9.435332906521841645e-01,8.061017648518505885e-01,4.620132348420338264e-01,6.989421014433493395e-01,5.328967600830183393e-01,3.362772346100487697e-01,6.532872358540143809e-01,8.718863301746914152e-01,9.576876081989115219e-01,5.765074799080602830e-01,3.128519846389581915e-01,6.266783610493648071e-01,4.519063388083061072e-01,7.143714300130394879e-01,7.389220802979870051e-01,8.798684235741210946e-01,6.462160709796960223e-01,9.363181024691640264e-01,5.263765535671732776e-01,7.974507526711225314e-01,6.765353333735280028e-01,6.573251762697718270e-01,6.052127290850363162e-01,7.602646287374315026e-01,3.326732705331805207e-01,7.966638559577357004e-01,9.282014838600975981e-01,6.431680189352760868e-01,6.296494182237480919e-01,1.323446924766726908e-02,4.929754548590656871e-01,8.590112324911344244e-01,9.188858454225782291e-01,5.205934362005346649e-01,3.399975239450341302e-01,6.157513270487913193e-01
7.319994379668937068e-01,6.010675642007685671e-01,6.767388996596314099e-01,8.931757516568040733e-01,9.670443083140695117e-02,6.673806159989587039e-01,0.000000000000000000e+00,2.768886104991398200e-01,6.788044465504766700e-01,3.685016906869358344e-01,1.575836371798113311e-01,6.759703947961217541e-01,5.380733032232437596e-01,4.740111594345551294e-01,3.344713189245375196e-01,5.639963923296873460e-01,9.154331633224728204e-01,4.591743250893490780e-01,4.133427209299825877e-01,8.368067354777238842e-01,5.954583543364924125e-01,6.085222193719926898e-01,4.271336863375577164e-01,4.663704552025753625e-01,3.860792991716126554e-01,5.197330751017600337e-01,9.330844831256279726e-01,6.709834693611332890e-01,4.103341389574695630e-01,6.763043811283429019e-01,1.840727827051436560e-01,7.630491426088168438e-01,4.378981331139780164e-01,5.878187212681462714e-01,4.816611192944328934e-01,2.527831293186972306e-01,5.243747572529662282e-01,3.485394013943249325e-01,9.486712580729349531e-01,7.409161379369668676e-01,6.455641539928054229e-01,5.835773494550746676e-01,6.330799468017891396e-01,4.167912754697646327e-01,9.819357976143678890e-01,4.808525683703739895e-01,5.255727696760281731e-01,4.552809354414095178e-01,2.585732537799767528e-01,7.656089471392841794e-01,5.938334946154221194e-01,4.188101376275586429e-01,6.090077942560138125e-01,8.056764168639002355e-01,8.749819984184588062e-01,6.560614555038760676e-01,7.127518724981434239e-01,4.301794328291027592e-01,8.474734865641982973e-01,3.611170948104759360e-01,2.529461691508235743e-01,6.437677057069530751e-01,5.527644392776195348e-01,8.859090026172986576e-01,5.543601885604938495e-01,7.623292676996574757e-01,7.548526966177755426e-01,4.683520260466231822e-01,9.608464546304334997e-01,4.472465819725130465e-01,6.604298385590141596e-01,6.384544559783738027e-01,3.115817436536304497e-01,5.751860708441616232e-01,7.410681017260043468e-01,-1.827544141568839819e-01,4.081952210040086237e-01,7.098282671333285831e-01,2.092029192349579292e-01,3.974180159440954263e-03,7.587416496891015161e-01,8.755190296229816704e-01,5.664592380128035121e-01,3.996860121737959570e-01,5.573425479032841912e-01
8.793697262834146988e-01,4.935635048995484775e-01,7.006008561747526509e-01,8.907894482286077276e-01,4.135857111246999396e-01,4.164838183726817800e-01,2.768886104991398200e-01,0.000000000000000000e+00,5.639745145685193251e-01,5.187121744367336751e-01,9.142389368865434518e-01,7.352806620073275568e-01,2.922343658689263712e-01,5.408511439384671160e-01,6.625821696569210717e-01,6.098480102735202024e-01,9.478221534293193029e-01,6.221656876901594524e-01,6.263311873965031751e-01,9.049974008125477587e-01,8.959524989820070173e-01,7.517124423870840122e-01,3.780574648914055702e-01,7.433681994400846982e-01,6.266058433950650874e-01,1.472908423977726533e-01,3.890183232497873012e-01,7.165349267804449473e-01,4.795102889301718907e-01,6.526604165898460819e-01,3.105080783934255351e-01,9.983349768616582853e-01,5.481932887285323464e-01,6.094589452787226858e-01,4.278944324719635151e-01,2.541278357563128698e-01,1.892814106778886452e-01,7.050242734217715412e-01,8.745554028307380712e-01,5.439254445580610220e-01,9.558462380133559977e-01,6.281455869691539018e-01,5.159422950902250449e-01,4.483678536428813421e-01,9.139415133839763339e-01,3.058609728691694674e-01,6.880890240627574039e-01,4.769828210435027582e-01,8.382247856759179605e-01,2.121177674022305948e-01,7.695450627117874642e-01,7.539180937226593882e-01,1.442686930002096968e-01,5.931082565259382378e-01,6.514711832159436611e-01,2.387168986114454258e-02,7.204226493061801628e-01,6.795572367177070694e-01,9.955974934047620017e-01,6.412286192660822115e-01,3.545293664241857545e-01,3.007663275457852503e-01,7.799547188195494751e-01,4.587536421195008707e-01,7.281791026925811261e-01,8.917635278354417716e-01,2.519361993071305150e-01,5.199423038151305132e-01,5.379763681603298986e-01,3.849692730229171689e-01,6.799074244403193745e-01,6.997949863052140840e-01,8.363852080749605289e-01,3.519821939308531156e-01,5.894531376084016783e-01,8.150707659315910014e-01,6.718520988169176533e-01,6.486991056738983241e-01,3.057089631433458354e-01,7.898789634257585845e-01,3.665854624493082303e-01,8.860940333247303569e-01,5.972821482050947317e-01,7.243967561730476623e-01,7.731757126128977475e-01
2.582938920347678247e-01,4.257180639683607049e-01,9.051098594806601394e-01,7.838674177602436011e-01,7.470234226770965380e-01,5.337757001596628026e-01,6.788044465504766700e-01,5.639745145685193251e-01,0.000000000000000000e+00,6.666234527209781158e-01,7.661067051519406812e-01,5.851508316580933400e-01,9.873653240654031160e-01,7.835475391523971656e-01,9.245536962245834989e-01,6.977775276451931852e-01,6.657281191389196051e-01,7.165421186040615842e-01,8.229783407141717522e-01,6.312793822033455626e-01,9.000687508074245446e-01,5.087853663626513701e-01,4.213965138060691423e-02,8.386137234966929421e-01,5.485427783558705084e-01,2.654324324824329784e-01,6.402885789438745867e-01,9.892334652561987074e-01,3.683570558685130836e-01,5.893153512074931211e-01,1.135015248762772377e-01,3.018758364061919219e-01,5.286940878237711416e-01,8.656499581891586859e-01,4.526293678976067159e-01,3.977989634033272104e-01,4.140774200796332183e-01,8.380708286450201383e-01,8.760730211399947454e-01,4.985477465393966523e-01,6.621984824312346918e-01,7.870245319569096898e-01,9.766711093937282540e-01,6.804168718143297490e-01,8.977886523521295681e-01,4.400401065874296469e-01,6.551854892185593471e-01,8.983149366058971186e-01,6.795374818684034590e-01,2.832974171415909570e-01,9.910120775802795379e-01,6.182236279341603025e-01,7.600326861661672595e-01,6.892605261161808272e-01,4.318336434612569108e-01,9.545773415795779648e-01,5.781620083346528105e-01,8.773871805209673136e-01,9.058318412511537909e-01,2.312721704145729307e-01,4.712441056367209224e-01,7.408861091189322678e-01,7.076918153095544950e-01,6.179161015359475595e-01,8.942059555682375649e-01,7.341527730120421813e-01,4.398972327275361277e-02,6.642030189386883832e-01,4.620341086127743302e-01,6.179530872027826360e-01,7.523757767630924187e-01,6.278333401814468751e-01,5.476317714099356859e-01,1.970164665472507182e-01,9.905649727407496163e-01,3.710066345238748342e-01,4.643848324244826964e-01,5.086490216922189278e-01,4.439379825598615548e-01,2.149636418364444801e-01,2.523387233602463198e-01,5.681371079235816302e-01,6.104368009131573292e-01,8.070962749074532816e-01,3.648278510285208331e-01
8.125554182806030701e-01,3.623958939742302210e-01,7.741667221239214580e-01,7.750475773510170363e-01,7.985286966330136238e-01,9.274528016324379287e-01,3.685016906869358344e-01,5.187121744367336751e-01,6.666234527209781158e-01,0.000000000000000000e+00,7.844267684271017949e-01,7.304061322380321908e-01,8.527598879865180281e-01,5.392832544967711694e-01,7.474881399246644520e-01,6.247448296955965263e-01,2.906027556174939908e-01,6.014405341904504043e-01,6.506194955091435528e-01,8.474277547993307458e-01,7.490727865637853977e-01,6.335355090319999549e-01,6.214116267432783225e-01,5.327719709324921782e-01,4.752530204321790408e-01,7.164097044107129442e-01,4.121959728179101501e-01,6.719158418225180673e-01,5.877741712820180320e-01,4.657889249735830961e-01,6.816512056064322200e-01,6.712720751200816904e-01,8.509937150588585686e-01,6.028159041957094066e-01,9.207848880849206497e-01,4.682626409744926055e-01,1.760482096639818250e-01,6.253488653507204287e-01,8.195570835417109734e-01,6.569439459589512254e-01,4.419935686062504421e-01,2.838283207838944167e-01,9.702828028691725670e-01,8.297217669675259755e-01,4.347781560536147505e-01,7.678583574657135147e-01,7.809764272380866901e-01,6.959775808378617645e-01,4.359062381268372643e-01,7.460724746544111774e-01,7.691408150202071470e-01,6.056090600188706041e-01,8.078242559647061949e-01,6.150747860734785410e-01,6.398668541569021428e-01,9.214450108456658795e-01,1.156516948980165216e-01,1.475314530056746065e-01,4.828346330864595748e-01,5.867334988000927343e-01,2.316641578969871051e-01,8.699456798227329646e-01,4.341689673336278643e-01,8.740510306148427944e-01,8.958551207028999652e-01,5.215060224787810839e-01,3.896074007563664621e-01,5.001168641392674807e-01,4.389453019915269261e-01,9.752904462015068443e-01,9.695536578741875688e-01,7.149491435879081758e-01,4.731490608802336323e-03,4.702479206677297463e-01,7.274043834612584636e-01,5.089047528883932081e-01,6.069820361980017287e-01,7.311920047053950267e-01,4.950600563923114872e-01,3.504646917055853628e-01,7.719695836054012439e-01,7.504582649475253220e-01,7.157553398473138762e-01,5.045795287932425266e-01,7.550326395272864977e-01
7.614675025412001030e-01,3.875335795870049616e-01,6.759558944907260170e-01,6.972144098824074598e-01,7.174135058778190466e-01,5.385458554693607347e-01,1.575836371798113311e-01,9.142389368865434518e-01,7.661067051519406812e-01,7.844267684271017949e-01,0.000000000000000000e+00,9.349376458014709845e-01,6.825869501989835220e-01,2.023882475625396749e-01,8.073481651440528317e-01,7.182073500541074074e-01,7.783546119832942534e-01,5.430237815943523838e-01,8.343182258031659471e-01,9.695447189966347468e-01,5.253855611141368120e-01,8.215207073618280287e-01,6.973107807363638777e-01,1.508858708748662958e-01,7.720790404838988596e-01,6.371733478543815110e-01,8.074332494158398266e-01,9.006551061963012916e-01,8.360769004258650217e-02,-9.160570294689178439e-02,2.751104720826541561e-01,5.918477887144119043e-01,6.909340484856092424e-01,7.441774004762671257e-01,9.436269026730610410e-01,5.293379451380404443e-01,1.674408086627276471e-01,6.717189534363094960e-01,8.441758776180919854e-01,9.359514624202953659e-01,2.890480113214890512e-01,7.666927982450424395e-01,6.491866604678401265e-01,4.866933849148270541e-01,7.322689081575646242e-01,7.295631097386763297e-01,6.204658426539031435e-01,4.234122661792079634e-01,8.573264823218050834e-01,6.932394355338842296e-01,-8.791121350160108205e-02,4.078632157367351740e-01,8.074760274308698804e-01,5.590740710321924212e-01,8.105507330995797011e-01,9.586621595017270625e-01,6.924621694560647578e-01,8.612891501948551909e-01,8.184580546605145779e-01,5.620146279930751110e-01,8.254307769054433086e-01,6.423695648047704765e-01,7.034327511294143909e-01,9.585645134389477739e-01,9.565310443988241929e-01,6.406697082203338667e-01,3.711375983697310366e-01,9.877710045538556916e-01,9.808492251139383500e-01,6.521796339298610024e-01,9.108513194240305255e-01,3.436389675106987784e-01,4.409270176140935860e-01,6.337131234816857361e-01,6.700958658671042345e-01,9.569372986061359665e-01,9.033633021606439772e-01,6.984928815759969822e-01,3.933672115507512723e-01,6.993627591297505441e-01,4.556531531144458746e-01,9.787903960276026494e-01,9.385992711237750585e-01,5.452753859300700778e-01,8.582145970774236465e-01
2.087601332711238045e-01,7.072735355048391792e-01,9.036105363685148495e-01,7.300271033685755695e-01,-1.753453970455488842e-01,6.173434345227127862e-01,6.759703947961217541e-01,7.352806620073275568e-01,5.851508316580933400e-01,7.304061322380321908e-01,9.349376458014709845e-01,0.000000000000000000e+00,6.813019465972013355e-01,5.707849946830938909e-02,7.364011490533399762e-01,6.080487946644680397e-01,5.462109339320425638e-01,7.742142263327769225e-01,7.233862164567155251e-01,8.043993527309449831e-01,8.745227993023132473e-01,9.556311774395569447e-01,6.361662117179189835e-01,8.678197165509258237e-01,5.998458026467179405e-01,4.645461479083539680e-01,7.745312409359470518e-01,9.345853680283322529e-01,2.019178830493099652e-01,6.401869163638369553e-01,5.076700428609746130e-01,6.733273456827969516e-01,-1.153766995771150911e-01,8.805727548596251619e-01,8.202583398823563021e-01,4.478471825386163840e-01,3.343380748848508999e-01,6.508617960124389867e-01,5.587144401037434926e-01,6.261581143986625353e-01,5.561396851220019588e-01,9.730892681772458364e-01,6.006873195515260999e-01,8.197042569000051460e-01,4.870419405459845419e-01,4.849993406330326273e-01,6.166629196287956027e-01,7.257425112057994676e-01,6.004019158238979026e-01,2.133625307877450861e-01,7.872163591809270278e-01,2.148869596921182956e-01,7.656809446268630914e-01,6.448366373346964275e-01,8.821155346049179835e-01,8.698426212065343277e-01,8.874536533065557897e-01,2.384122988143952404e-01,8.057622986106598439e-01,4.753390053109319835e-01,5.794278952079233713e-01,6.162280893174156837e-01,7.880589569876920164e-01,9.466112691109183075e-01,8.827718726190746379e-01,5.456991035483975683e-01,4.977452183606757563e-01,1.481227601413880601e-01,1.193865883599204009e-01,2.770510328677220913e-01,8.027028549002119817e-01,5.199940268115896824e-01,2.049750963177205398e-01,3.729257268212202159e-01,9.463441369372261880e-01,4.811040833637064140e-01,7.618663599814758935e-01,2.840531397829606508e-01,7.720956150621083314e-01,2.907043037486878312e-01,6.918766846428203721e-01,3.940265403989346993e-01,7.579430067136159188e-01,4.593254554071110052e-01,6.865380538425995827e-01
9.981228548442288018e-01,3.624076140146768044e-01,9.267255645310040757e-01,9.256070405622400799e-01,8.680087566875711591e-01,8.370312537294967159e-01,5.380733032232437596e-01,2.922343658689263712e-01,9.873653240654031160e-01,8.527598879865180281e-01,6.825869501989835220e-01,6.813019465972013355e-01,0.000000000000000000e+00,4.965131902024369492e-01,7.834949489444941184e-01,7.757714825006212234e-01,9.772800454417908123e-01,5.767560188347801153e-01,4.321085914782625270e-01,8.739531303100459558e-01,9.647530928046905707e-01,5.544298902655324657e-01,6.949914098309784016e-01,7.353532828163915624e-01,6.329109011973520493e-01,6.089395083821944610e-01,4.148151598072658541e-01,8.959701215649580330e-01,4.022863229764902515e-01,7.039475926647992265e-01,2.312774482754312300e-01,7.806875817821689045e-01,8.257803913839857346e-01,9.372884817004917268e-01,7.535860036030850306e-01,7.465950988544861611e-01,5.355217561283763805e-01,9.082899986799403136e-01,7.114564677299146656e-01,5.277792145351192232e-01,4.734454256045749765e-01,4.174018680190467734e-01,8.068575458089926045e-01,5.627436665283692685e-01,4.082110117380219894e-01,8.196727422663523388e-01,8.257549240525018375e-01,8.454011151232423416e-01,8.667071742279502944e-01,5.488325745502155018e-01,8.534929185114750183e-01,9.817702783271688993e-01,5.943001174278375043e-01,6.538749476654817094e-01,3.605634236484787092e-01,8.015315098638037261e-01,8.707342534337645379e-01,5.246859690742535776e-01,6.616822950806557913e-01,7.969323996041465241e-01,4.678809761798955469e-01,8.260457488600333464e-01,7.459564586585811785e-01,8.399341862665860026e-01,9.035251593128360570e-01,8.613827627161314560e-01,8.742590867720503311e-01,2.306607855414193053e-01,7.170232687702864371e-01,7.761790593371846736e-01,9.020386275307353818e-01,4.594941203560996001e-01,7.287489257910069185e-01,2.232296524380888991e-01,6.159572601365721489e-01,6.849502288221802626e-01,7.899567230007826790e-01,4.449344737993184418e-01,-1.631653853547849198e-01,5.162939335135181829e-02,8.588044337585278853e-01,3.900357989056717489e-01,8.131813571906374438e-01,8.613519856629228699e-02,6.506684610436532790e-01
7.571492739984126974e-01,4.639417299775798198e-01,9.073598077940272510e-01,5.532118712101767866e-01,7.414799186881809723e-01,6.099378772126716752e-01,4.740111594345551294e-01,5.408511439384671160e-01,7.835475391523971656e-01,5.392832544967711694e-01,2.023882475625396749e-01,5.707849946830938909e-02,4.965131902024369492e-01,0.000000000000000000e+00,6.576273104420480298e-01,9.591184839241154725e-01,9.814740935314778536e-01,4.448421064840654693e-01,5.470546799206394972e-01,9.928461384624722719e-01,6.626988750294078301e-01,7.485369936791412826e-01,6.630584196727206114e-01,4.669949385742471204e-01,7.408458995051655505e-01,7.747415829817885236e-01,6.860772525047290626e-01,5.705211060461348183e-01,9.999312812795446703e-01,2.369582275951027939e-02,3.774932105028659945e-01,7.942095802082227429e-01,8.399305692947547364e-01,6.215423705665806819e-01,4.497900266402234948e-01,4.398270815557445701e-01,4.208826122981352835e-01,9.236974873967642718e-01,4.444294460333022556e-01,6.369473511124945642e-01,1.435150334147677065e-01,4.644187252849373837e-01,6.607783463095067145e-01,6.786763119038528025e-01,6.003549225782623955e-01,8.874676534369499992e-01,3.700841462642118218e-01,7.409686915202504665e-01,8.575778486653405919e-01,6.603745992859308966e-01,6.528167308588788131e-01,4.960467064090933187e-01,4.157472810199734914e-01,7.143068908785058513e-01,5.473966483944180395e-01,6.574820326214149135e-01,4.660420861631190403e-01,6.470738196673087028e-01,8.401280755245607024e-01,3.135743657438028742e-01,7.843121149670919667e-01,4.550427712576867179e-01,8.335975281703145168e-01,8.002056266234354176e-01,9.802674628672438661e-01,7.528782768187646246e-01,9.010126538703292498e-01,4.582094544742388864e-01,3.544139398942440788e-01,5.956003686738297054e-01,8.444300187871088825e-01,6.492332126203456122e-01,4.929732451114453018e-01,7.287661037770152284e-01,2.347230750352178597e-01,6.010346345373199783e-01,6.042114368879445419e-01,5.084882979312438378e-01,6.588850904324911051e-01,2.619134812857322747e-01,7.069872296880047591e-01,9.481011356064921181e-01,5.370254196805887004e-01,6.259826916997045521e-01,7.151066349111446785e-01
8.935848834682225128e-01,8.375080777571644042e-01,6.789384814384761269e-01,2.972350082582431163e-01,9.298998219871333903e-01,4.984319685115108367e-01,3.344713189245375196e-01,6.625821696569210717e-01,9.245536962245834989e-01,7.474881399246644520e-01,8.073481651440528317e-01,7.364011490533399762e-01,7.834949489444941184e-01,6.576273104420480298e-01,0.000000000000000000e+00,8.036262299931407060e-01,7.885252064074418366e-01,7.932763308068835340e-01,7.824555593601081327e-01,9.743333809644816323e-01,8.979837319421863917e-01,6.044775712686270563e-02,3.827376675301863429e-01,9.076932945494305960e-01,3.899635648679185551e-01,7.603604156522764113e-01,6.744876313395932188e-01,8.426747856021512550e-01,5.607519299542922386e-01,6.799860142633233906e-01,5.003542398603427754e-01,6.316574402741573779e-01,7.359066891675741795e-01,6.510733808687434454e-01,7.760800405574119765e-01,3.258951418551158663e-01,2.412407551842612741e-01,6.885235079178096962e-01,7.744479456317485688e-01,6.697200133556427959e-01,2.725181694305580660e-01,4.469837455345401778e-01,6.134885818598202478e-01,7.009447229746503805e-01,9.726551173874391498e-01,9.461525930650329652e-01,6.314363177429902496e-01,9.914588816840371743e-01,5.439541115054820075e-01,9.542786121296141788e-01,4.097902116181108001e-01,5.367829708061633287e-01,9.711572459703142757e-01,7.374544345749820540e-01,8.258759956388447288e-01,8.541370122822449229e-01,7.005420495056930985e-01,9.700324096379632222e-01,8.068031107588850004e-01,6.792992382423310715e-01,7.049156909116960357e-01,6.695415253261945976e-01,9.172927273836332107e-01,9.179649575437461850e-01,4.788427853537767787e-01,4.094451503015813509e-01,6.876884694405920317e-01,8.665706635122603085e-01,5.032929388673179627e-01,8.674571874809109406e-01,6.739098069850333328e-01,3.379497155437068967e-01,5.188728612583793920e-01,8.440284552979709920e-01,3.515036574733454433e-01,9.385094408818587253e-01,6.029343666980540029e-01,9.408466191914656163e-01,2.178442163398110754e-01,2.321488797261827275e-01,6.964073838315102405e-01,7.239326548284683582e-01,6.605213995664005466e-01,7.330409176433586582e-01,4.518818094466344193e-01
8.640706428790132509e-01,9.437187446514425648e-01,9.142715149002401676e-01,4.835958737868611967e-01,2.307305252584563038e-01,-1.456012510957490069e-01,5.639963923296873460e-01,6.098480102735202024e-01,6.977775276451931852e-01,6.247448296955965263e-01,7.182073500541074074e-01,6.080487946644680397e-01,7.757714825006212234e-01,9.591184839241154725e-01,8.036262299931407060e-01,0.000000000000000000e+00,5.603591422525424637e-01,5.858352154194711447e-01,6.517453459164641583e-01,7.449921976062499895e-02,6.526149943413592780e-01,7.034443082508716749e-01,8.002406586330126359e-01,7.024197269975279712e-01,7.552377838989919878e-01,8.148298562833177217e-01,7.731574178773114037e-01,3.085021551717921917e-01,-1.220000404660561005e-01,4.893341909615721019e-01,4.635445623754494981e-01,6.455275531403483757e-01,2.364990167570933388e-01,9.008196543073985207e-01,9.010263679920076374e-01,3.328566324622138084e-01,5.336722865431615670e-01,9.759147786365929278e-01,6.872082041760547710e-01,6.144831651233619851e-01,8.002823388668496296e-01,4.491514769897487214e-01,8.510016473982727758e-01,6.336121736736093357e-01,8.616275273444022886e-01,7.413780459759669039e-01,9.683203554901669285e-01,9.506245450839304612e-01,7.269777750576014164e-01,7.123966454474187637e-01,3.508831235899200207e-01,9.758295555036760049e-01,6.908130213358013583e-01,8.928096280706594445e-01,9.850345835451086440e-01,-2.119491938077827653e-02,2.815116438459023263e-01,-9.600970345774673120e-02,6.284429213944823234e-01,5.247903923513752567e-01,3.710816845840599898e-01,4.277051155638045277e-01,8.231543983936318032e-01,-6.165016993888416952e-02,6.809981281546695353e-01,9.496416927206850767e-02,4.017246411208001411e-01,9.989814220618432605e-01,1.628943886647532813e-01,5.191793890449070137e-02,8.835824659042377238e-01,7.174482394951834374e-01,4.229978508456478381e-01,4.858324705416710576e-01,4.542798355438722457e-01,8.456036524063863524e-01,8.770252580744011262e-01,3.846973330083927056e-01,2.096189898972355969e-01,3.166012256223551535e-01,7.339823669711671439e-01,9.035149018733908965e-01,5.219677445762928025e-01,5.140829078064860225e-01,6.123886196689376504e-01
9.528111339717659778e-01,2.861061555482893315e-01,6.701160723102675965e-01,8.888139526488668674e-01,5.913757420164380552e-01,4.072969666693956881e-01,9.154331633224728204e-01,9.478221534293193029e-01,6.657281191389196051e-01,2.906027556174939908e-01,7.783546119832942534e-01,5.462109339320425638e-01,9.772800454417908123e-01,9.814740935314778536e-01,7.885252064074418366e-01,5.603591422525424637e-01,0.000000000000000000e+00,7.233176413752161471e-01,6.086803613780994437e-01,5.343397835519789751e-01,7.058157719634523541e-01,8.820024347883842486e-01,5.481990581996338818e-01,5.585600960158281225e-01,5.194990964334875727e-01,8.709405686026484572e-01,5.240918600290884743e-01,5.819045367173899530e-01,5.823383288746925013e-01,5.122561923278992069e-01,3.548283098020298398e-01,7.245224663597155113e-01,9.494126602358261557e-01,4.210710421387882096e-01,9.426095734595494324e-01,4.035360239223201861e-01,2.277002977870466183e-01,6.159529534934088391e-01,9.218308102420995631e-01,7.063256714332597497e-01,3.123873110292532118e-01,7.143417390873254558e-01,5.606901629655192121e-01,8.295756990700589029e-01,6.158978502386376619e-02,6.317790937262570683e-01,9.119595146178469669e-01,7.427732031115403810e-01,6.318574582651610427e-01,6.587648937390950810e-01,3.624528250940495244e-01,4.052632941187350180e-01,6.970419399502147950e-01,7.167539465803917098e-01,9.325530202916527678e-01,7.373241841511715133e-01,7.839917047927928984e-01,9.249686467892566100e-01,6.473337248405700572e-01,3.683368036637264531e-01,7.618422464741572142e-01,5.366948714343446891e-01,9.713823548779816353e-01,5.036947511744551687e-01,7.812802320313174675e-01,8.008757336551288741e-01,9.620456463358646459e-01,9.188792955087929926e-01,4.569251440593730673e-01,1.357629098933707812e-01,5.102461742306706460e-01,5.721521900419299644e-01,2.912921775337091734e-01,5.754946475791138383e-01,9.300062806591793407e-01,8.282789259084976097e-01,7.309707662263229544e-01,4.577707963771500133e-01,3.868535557634655286e-01,2.402152878524892524e-02,8.323248750249343519e-01,6.362079569025896886e-01,8.664538807109662955e-01,7.405154239248938897e-01,7.123578401915303671e-01
8.996744947952637350e-01,8.899928494106624788e-01,6.949936781398871055e-01,9.066920757790445373e-01,8.203080038944181585e-01,7.429608950259420919e-01,4.591743250893490780e-01,6.221656876901594524e-01,7.165421186040615842e-01,6.014405341904504043e-01,5.430237815943523838e-01,7.742142263327769225e-01,5.767560188347801153e-01,4.448421064840654693e-01,7.932763308068835340e-01,5.858352154194711447e-01,7.233176413752161471e-01,0.000000000000000000e+00,6.216818710142841820e-01,6.499745294981419397e-01,9.306686974948379376e-01,9.463764946179151760e-01,7.928812685315398401e-01,2.120852280782244415e-01,5.251320141884557868e-01,7.228032969113267203e-01,6.699468717855896482e-01,7.441268785542393127e-01,5.505441432913469324e-01,3.948416574913985455e-01,2.631657641811193660e-01,9.430733909889144062e-01,8.658012910836432319e-01,7.363719347429247275e-01,5.294627667393264625e-01,2.410790548270597689e-01,1.926560347356080227e-01,6.691581270482671595e-01,6.995355065775480385e-01,9.203925253803533213e-01,6.244307362958340102e-01,6.361530503069989795e-01,9.472030882598360124e-01,4.245231736030666836e-01,9.797664494966040749e-01,8.141994826577965416e-02,5.410527509516505074e-01,7.178888978435934431e-01,6.151165818725367052e-01,5.575233261434362486e-01,4.510932037196476729e-01,4.019200470038650774e-01,7.081671835339368171e-01,7.998165009292756977e-01,9.102309546439008026e-01,7.570682804717883130e-01,7.557920826644625167e-01,6.974672398494159431e-01,7.631471445608648541e-01,6.713033671302724992e-01,3.689162824904361759e-01,6.300106599269950092e-01,4.271308207154261294e-01,8.022971253795531110e-01,1.299107304235991023e-01,7.519403460545037721e-01,8.335408295629231912e-01,7.347456543101483772e-01,7.033661525960372973e-01,6.436575926382837043e-01,6.658881721544915866e-01,6.257011992280415713e-01,8.340670206321558755e-01,3.774703616792223770e-01,7.143652053396836177e-01,5.471786683209827196e-01,7.646418114886774919e-01,5.693124358834984466e-01,7.237255258271704239e-01,-1.623933122394331519e-01,3.379299340121120210e-01,6.032779950988572670e-01,9.920868313170450037e-01,4.703780254319813725e-01,2.136968171225268887e-01
