0.000000000000000000e+00,4.323981721081349150e-01,9.388500032168569653e-01,4.892632295605981452e-01,7.784026185076062809e-01,9.171969129225764350e-01,9.777608437588198864e-01,8.219960769746975648e-01,8.038776070865195633e-01,3.240575503309667260e-01,8.418165145961503670e-01,8.831761817446028839e-01,6.952931651174891758e-01,7.330852694218152887e-01,9.143950337119091110e-01,8.136143486107845213e-01,6.491757152431868461e-01,6.132672988736012076e-01,8.242914817623580026e-01,6.714507796486393065e-01,7.014204949248571408e-01,9.041285572685276994e-01,9.022312322151372355e-01,6.763271576613134606e-01,9.931211272674097534e-01,9.061482552649229305e-01,6.831903834130247377e-01,9.423755147190129300e-01,2.313179851923744257e-01,7.954068538672307564e-01,2.776403879324257917e-01,3.201769025048925577e-01,9.356465273831113816e-01,8.404024801707092873e-01,9.020277758593940876e-01,4.915213665641747776e-01,3.952681666000629757e-01,5.098088496730497354e-01,6.275504915903797887e-01,9.072954157256966079e-01,4.165119508899556289e-01,6.105103733984578174e-01,4.720508715437166103e-01,9.338911527145621339e-01,6.033882347614719643e-01,8.071119057980156164e-01,9.859117819120580828e-01,6.232158507661357261e-01,8.093951129979392034e-01,8.957846378631452167e-01,7.103116184356099705e-01,6.727308030296210717e-01,7.938540525826744965e-01,8.720446224908493527e-01,7.977725323137214719e-01,4.573941630815182013e-01,9.997352615462042902e-01,6.886028376701124332e-01,7.023125510114993642e-01,7.711773555145350345e-01,5.062064730783258915e-01,6.828822246246520900e-01,7.906308321145261164e-01,8.172160786169698765e-01,8.841353535218606785e-01,7.631933223140631162e-01,8.567175126374310112e-01,6.033030780369040835e-01,6.297599850702086943e-01,3.475266164541140901e-01,9.310899113978885477e-01,6.528766898774531757e-01,5.566846846352948575e-01,4.629122204273388164e-01,8.627721365343101745e-01,4.276430358680710087e-01,8.243446249400293580e-01,8.458070417578894551e-01,4.513377971989029902e-01,3.165068580079138938e-01,7.688429002104119059e-01,8.055026449042049785e-01,8.400870104252973203e-01,3.334031110259942920e-01,9.698447354931789555e-01
4.323981721081349150e-01,0.000000000000000000e+00,4.877603925266542073e-01,7.877230868662842278e-01,3.354189399253385551e-01,7.545665926344613528e-01,-1.928781790911807958e-01,5.247617023678609049e-01,4.017930688414017570e-01,6.783786455551578110e-01,9.636885187040532541e-01,9.965108138718330455e-01,9.955985797555733097e-01,8.623119798954502757e-01,7.654159178339536851e-01,7.112579321190218851e-01,9.973380405244350877e-01,6.005232021081085003e-01,8.384050122777881864e-01,4.394181115070705523e-01,8.493804298108260653e-01,4.953223238735481315e-01,7.864542308366808676e-01,9.866262257920350720e-01,4.306861769274320517e-01,4.274707397723246372e-01,9.950829520702015873e-01,8.618682281537252132e-01,7.701973263686321403e-01,7.700928738341550339e-02,5.737372899867054787e-01,9.181246115107313255e-01,7.296228154393359366e-01,2.122397218598143509e-01,6.151577656757297730e-01,7.813432225163275957e-01,3.170805858358511364e-01,8.738053030232739715e-01,9.964021624789531906e-01,8.766717728125759113e-01,4.159754122097059637e-01,2.814075388730259975e-01,9.530035230032740667e-01,6.184728193462530887e-01,5.763075812397491227e-01,6.815615715853449164e-01,9.186954872826282870e-01,7.933782105918474326e-01,6.245970641810767443e-01,8.887282070304942660e-01,6.276641804371779765e-01,7.059921221565906846e-01,6.920160202030832819e-01,7.537344762064378534e-01,5.208303715153012048e-01,6.175058599791488634e-01,6.152424431129210891e-01,9.617121260693188844e-01,8.519317730194381211e-01,9.091122079937651312e-01,9.919257048134020316e-01,7.691212060435522746e-01,9.128027421750857240e-01,7.714036412389880804e-01,8.152653498073416660e-01,6.698348041632005145e-01,9.723666905636856317e-01,5.037718764591613274e-01,5.631574502738638799e-01,-1.595101684608141168e-02,6.604475003769075814e-01,5.988217103720195889e-01,2.628592322361299471e-01,3.308502595406108693e-01,5.540655550166694310e-01,6.408092133520739697e-01,7.908694395795237142e-01,6.915935781541555638e-01,7.356102582296109547e-03,2.340820231662368578e-01,7.745858793910023188e-01,3.040238684016491333e-01,7.065332946083784371e-01,7.590772701998064198e-01,6.246495903237493375e-01
9.388500032168569653e-01,4.877603925266542073e-01,0.000000000000000000e+00,6.742339040517038029e-01,4.962822512938410702e-01,6.517022938888858974e-01,7.754854592276537728e-01,9.937740891013797651e-01,3.169643919931978693e-01,8.561563537947480818e-01,6.828577552245761462e-01,7.641512983908368417e-01,6.895475547999030397e-01,8.518015293468395033e-01,1.533177606450545905e-01,7.154340771410268029e-01,9.384905911913844490e-01,9.703229824353530875e-01,6.150640424189482980e-01,9.781039694254143324e-01,6.170350676340756735e-01,4.317228071738015149e-01,7.724205509794304092e-01,8.026005637951296734e-01,7.002757002814155030e-01,6.496478764378939008e-01,7.221754221772180848e-01,6.435124745263983703e-01,5.515320632324074435e-01,4.148125175440803836e-01,3.697175571868249744e-01,4.579712106319448472e-01,8.296302639901516063e-01,7.105554471396243743e-01,7.591914131123083109e-01,6.956410816984215373e-01,3.527971509414581375e-01,9.809528752393417150e-01,8.123693758729664260e-01,8.571950150690414993e-01,2.804625170276264234e-01,7.507647207811686263e-01,5.276502463465564396e-01,8.137913568125748620e-01,6.275180401480967562e-01,5.057359700871372210e-01,9.463280006442162939e-01,9.251576116043598308e-01,4.351164098025151472e-01,6.866752514696434773e-01,6.472234463542860805e-01,8.211863445826638186e-01,6.920099010369914483e-01,9.804892830528528780e-01,8.402380559113997727e-01,9.138329034641607951e-01,9.801936660349583885e-01,9.553615430016720866e-01,9.633516835854811777e-01,5.302514431759993707e-01,2.568940193756976131e-01,4.669213463047279244e-01,8.042787317616004739e-01,8.012845652076896474e-01,6.574145977429439736e-01,8.389016680429666195e-01,6.342823074584841292e-01,7.981355865630154200e-01,8.455178055225197609e-01,1.896026897596612137e-01,9.137625444661024998e-01,8.363970749384581627e-01,7.234622780836161837e-01,5.052961976745700134e-01,4.825411466509774705e-01,9.650200528445466164e-01,9.511517512528022689e-01,7.054079682142941898e-01,5.392508104933331214e-01,7.546171565674181236e-01,9.392448976734785182e-01,5.644657841733203840e-01,8.045388905139815305e-01,6.957387952841049827e-01,7.566903581908480669e-01
4.892632295605981452e-01,7.877230868662842278e-01,6.742339040517038029e-01,0.000000000000000000e+00,7.807656010383695611e-01,5.562621243654776171e-01,2.260133957404591720e-01,9.234056666542398428e-01,3.463769374052679817e-01,8.064357180857052443e-01,7.950994587617569165e-01,6.109723303358222113e-01,8.953328293578876051e-01,5.585108556937464774e-01,9.756150115601709416e-01,5.198278298733098879e-01,9.988801374117730614e-01,6.171821193589357435e-01,9.372173943546315833e-01,8.155800823332597371e-01,8.347676848497536106e-01,8.107537209000632572e-01,6.747669174674830739e-01,7.202080988975336773e-01,7.488432032794515303e-01,7.221120713156361504e-01,9.694479443332311153e-01,8.850793304566320074e-01,3.209183449885854578e-01,5.155419557489819837e-01,8.726858881247845368e-02,7.685676760878339397e-01,6.715052747010828993e-01,9.525833343462055680e-01,5.769242916674168775e-01,1.894813691904148611e-01,-9.485032553358090091e-02,9.595849494275774383e-01,9.167871646943576147e-01,6.936747766968210938e-01,4.952889312423940926e-01,8.324172413248039915e-01,6.158898908314548448e-01,6.466375716182536371e-01,9.384501808906267062e-01,6.598523749846696429e-01,9.304562627967027932e-01,6.177432527648654137e-01,8.596667723186951493e-01,7.847757116793750987e-01,8.243552181322426620e-01,6.433663142839893823e-01,7.033822568403848008e-01,7.779191788375625638e-01,8.241932606096513680e-01,5.875537472794523097e-01,9.274432019565558294e-01,5.440223604068264995e-01,6.073043413265973856e-01,5.764268651334253368e-01,7.632801395980695069e-01,9.051153228469095424e-01,6.665637008327467417e-01,9.513780676477381348e-01,9.332440364168697045e-01,5.212308042961172339e-01,7.935065031429269222e-01,3.713757208275987598e-02,7.091484383614391485e-01,5.493899452498676172e-01,6.705244698868199071e-01,7.214985519076662079e-01,4.319183864500823478e-01,2.203928750409155646e-01,7.012897935370937530e-01,9.207574750586707824e-01,6.291537356388071656e-01,4.692801281148503700e-01,8.190530674987362980e-01,4.847345725238292879e-01,6.076605466773044029e-01,7.515451752385030604e-01,4.385374953765524553e-01,7.270689459196137960e-01,8.424040460110484574e-01
7.784026185076062809e-01,3.354189399253385551e-01,4.962822512938410702e-01,7.807656010383695611e-01,0.000000000000000000e+00,9.559812694805699396e-01,7.962536373413408031e-01,3.768450311209825543e-01,6.311713454931310308e-01,7.007741604641226640e-01,8.423030507328749250e-01,6.093376896419223643e-01,6.590081779529575190e-01,7.782935681227127755e-01,3.729354696351796505e-01,3.810726574054791871e-01,4.069196988729192888e-01,6.424415506095586537e-01,7.269705652837838983e-01,8.080035922371251456e-01,5.093387126556202515e-01,4.364862205787806704e-01,5.149332135432332924e-01,6.584216851019749628e-01,8.485546267753162064e-02,7.825339458217256405e-01,1.448025497276164975e-01,5.423655382779990486e-01,1.872884644144696409e-01,7.675096099439605579e-01,5.791702407613656955e-01,7.289983150771626175e-01,9.288761573813502093e-01,8.559199924705466200e-01,7.015417958572153223e-01,8.962688148646927866e-01,3.375454775911637673e-01,5.897046168005919409e-01,7.717310059556820034e-01,6.029068365069664148e-01,8.965897402539149130e-01,9.273964505754945797e-01,7.208141077264336172e-01,6.842726194218804459e-01,6.249062316634430569e-01,6.674250643528215621e-01,9.734415244309390092e-01,4.890253891174966006e-01,5.310835113645927530e-01,7.479196663467438944e-01,8.131267246176575592e-01,8.544080298027614262e-01,6.750896835974413701e-01,8.572825616812383975e-01,7.673442508346755009e-01,8.764259847479024534e-01,7.825793999490860964e-01,5.880420123730069060e-01,6.692369711024210854e-01,4.549160299307916100e-01,3.341720835203339235e-02,7.591035846983447133e-01,2.786634728725361221e-01,7.818019626285188650e-01,7.428025119051562264e-01,2.460608042281984265e-01,6.466674999169967908e-01,8.016255615021534719e-01,5.439757579614382665e-01,8.481461910727279285e-01,7.321399167663440455e-01,9.651796329289470400e-01,3.336240764116089608e-01,6.857755768120054052e-01,4.754602101816706172e-01,6.099051890169622236e-01,6.083810949167105520e-01,9.717664174403056743e-01,5.299459415580045629e-01,1.596223429188357579e-01,2.592956175890517856e-01,9.688070404453599238e-01,7.504217172404347158e-01,3.299882272628674729e-01,1.333151645281252795e-01
9.171969129225764350e-01,7.545665926344613528e-01,6.517022938888858974e-01,5.562621243654776171e-01,9.559812694805699396e-01,0.000000000000000000e+00,7.374459729649594786e-02,5.895419371679450071e-01,9.221721617791370784e-01,5.936849777772942316e-01,2.053374957988923499e-01,6.075881153686025771e-01,6.372831621274814839e-01,5.528094443457822749e-01,6.356870561979336420e-01,9.470223146996947783e-01,8.676692330230316719e-01,6.031117950784804504e-01,7.631386506794519686e-01,9.474043416746170676e-01,8.804360921352156755e-01,2.925917150122432364e-01,-1.845648505996704825e-01,-9.613473085093120207e-02,5.020124526098377338e-01,9.080914051675239573e-01,6.296756157906480134e-01,4.749977866883929312e-01,7.866139453169604945e-01,4.531690027030083612e-01,5.676854865329442612e-01,6.773275575362981415e-01,6.687023517658335914e-01,9.498082708723789569e-01,6.314292633323904669e-01,2.397077644789559203e-01,3.169148585390010320e-01,7.439087983545976668e-01,7.213713742635216031e-01,3.935158804357352658e-01,3.678410271070874371e-01,7.355377933879034824e-01,9.132273512901738499e-01,6.004782819121332604e-01,9.496613906839597163e-01,7.280425764787645804e-01,6.315881968574444949e-01,9.600838717069068995e-01,6.678168077811756920e-01,5.685693705476585480e-01,7.498680271689069921e-01,4.569555724688781351e-01,5.485718239241076377e-01,5.954085695589017568e-01,5.221059872875279950e-01,4.526995728572862920e-01,7.867100293064428485e-01,9.778793809516368452e-01,9.140474654016855771e-01,1.748089026466264906e-01,4.726945246624244534e-01,6.677853985706801998e-01,9.827245462325071568e-01,2.453482017700509277e-01,8.668428756689420256e-01,8.901547774984550632e-01,8.032064250119613780e-01,3.870984910960398873e-01,3.484414382043873881e-01,3.978603752116626202e-01,9.457709661146445068e-01,5.302212757488869999e-01,2.779140777268112039e-01,4.952341830183546456e-01,6.825880455572977956e-01,7.728643277525905075e-01,7.785004861364757112e-01,5.337863145635877160e-01,4.355011618670494578e-01,5.981441602647428191e-01,8.714959878404043847e-02,9.002089548478446890e-01,7.103350605816725061e-01,8.040402429067816659e-01,8.609441072216463819e-01
9.777608437588198864e-01,-1.928781790911807958e-01,7.754854592276537728e-01,2.260133957404591720e-01,7.962536373413408031e-01,7.374459729649594786e-02,0.000000000000000000e+00,3.643873704597414553e-01,4.000993961590251224e-01,6.240447103545162522e-01,6.043663963909208237e-01,1.577538742698324226e-01,3.811115359024871418e-01,4.292508614497008712e-01,7.727078352272214179e-01,9.546909137939902923e-01,8.176810833906823506e-01,6.258924072592444432e-01,5.508449335968476079e-01,6.076057364849369868e-01,9.945306705599860075e-01,7.037181000022659783e-01,5.521979574215274411e-01,4.296758468746788018e-01,5.264379935121593634e-01,1.820738291883501336e-01,9.266042693955318654e-01,7.400809154874496976e-01,6.432837160386208897e-01,4.836160584105328453e-01,1.432744500671530863e-01,4.918969600657860930e-01,4.417342451761454014e-01,4.257693155993074741e-01,3.339689578968431105e-01,4.399411118321326919e-01,5.397076854141287516e-02,4.045769423748848403e-01,5.898238499958960990e-01,7.116022391099240396e-01,3.856308039105203478e-01,8.455880178018543303e-02,4.586465387700071616e-01,-4.854696228792809709e-02,8.429085586031367372e-01,4.676732777728740409e-01,4.682340700689282542e-01,7.871789245541652713e-01,5.590202453427495222e-01,7.494599992393048415e-01,5.537865528687049288e-01,6.175943631763788355e-01,7.826779154882808343e-02,7.461420192453308564e-01,5.069832462575831755e-01,1.841026256323523638e-02,7.332405946175973854e-01,7.785589354674397056e-01,8.671727778573657952e-01,2.176155301534372644e-01,2.311955421889021756e-01,6.895574400162067796e-01,9.349849408664996364e-01,4.724118516997407591e-01,9.514316107830965707e-01,4.334441738398003285e-01,6.775476955844055293e-01,8.586022187388818727e-01,5.824180852147682330e-01,9.102234593101599103e-01,7.796682902026712547e-01,7.658765774662474879e-01,6.996456082573129232e-01,2.565420268755796984e-01,5.599865903516656473e-01,2.506536864199773174e-01,8.742119786283083505e-01,4.875077443718948689e-01,3.947670358291877069e-01,7.190292837365063194e-01,7.742490011131540895e-01,9.475002235771676773e-01,7.005155877529894992e-01,4.618631408091029011e-01,6.205543842426446410e-01
8.219960769746975648e-01,5.247617023678609049e-01,9.937740891013797651e-01,9.234056666542398428e-01,3.768450311209825543e-01,5.895419371679450071e-01,3.643873704597414553e-01,0.000000000000000000e+00,6.804825641122425051e-01,5.943273382315814590e-01,4.001288362143022304e-01,5.536225517434585353e-01,4.996669918873998806e-01,6.719536803820833626e-01,5.667310520657556916e-01,6.273364607058057318e-01,8.129305502113012283e-01,7.844248299530773849e-01,6.122765496436717303e-01,9.004339836741267478e-01,9.853082851811965082e-01,6.798186672174998391e-01,7.901040905005616288e-01,9.259569688561262168e-01,7.134885109754592891e-01,4.192603788851517743e-01,7.115903261044492778e-01,5.423318363739404457e-01,7.941822717991157132e-01,7.751373693027906464e-01,2.368044716139539596e-01,3.565470794585785530e-01,6.825407149881366209e-01,4.375808649790305926e-01,6.984354936573443362e-02,7.933240598972201019e-01,3.263410402524389853e-01,6.379012161640966738e-01,8.733578212074831759e-01,6.285004902452042685e-01,3.365581613392472082e-01,6.556779196898142592e-01,8.880099605580790145e-01,5.217353421193298146e-01,9.569195354646002905e-01,-1.232436383302071281e-02,4.826525508559380007e-01,7.352143748344430740e-01,6.711635626451289971e-01,4.481758220922936742e-01,6.064782577125237273e-01,6.901774441101456992e-01,7.471016433357173803e-01,9.360465208410481130e-01,6.929275847304875446e-01,6.291330658143211574e-01,6.539079512527057325e-01,2.801920021554674678e-01,7.042338828763499148e-01,5.545364414393010311e-01,-1.252711104682694976e-01,7.805584119286942402e-01,2.680809105957487337e-01,4.412704246870704505e-01,9.314866526882558118e-01,2.421579973325154456e-01,8.992709592439950272e-01,4.218860884394146638e-01,8.826320319017657567e-01,5.515541577299511999e-01,4.317131413087766934e-01,5.426758461170759773e-01,7.835981407420632427e-01,6.029234260346352237e-01,7.562476879292326926e-01,6.513630992048013990e-01,-1.936127376030673530e-01,8.989892037546041159e-01,2.263463926340698040e-01,3.157117433031460529e-01,8.613211817991037744e-01,5.677626101759453148e-01,-1.928013559172552793e-01,7.416480746954148273e-01,5.518957528324124756e-02
8.038776070865195633e-01,4.017930688414017570e-01,3.169643919931978693e-01,3.463769374052679817e-01,6.311713454931310308e-01,9.221721617791370784e-01,4.000993961590251224e-01,6.804825641122425051e-01,0.000000000000000000e+00,6.403801670201906271e-01,6.161801152613017862e-01,4.423587092980055813e-01,7.613575790205847627e-01,3.449680558120393759e-01,5.722133612848646633e-01,3.721833152744769002e-02,5.860695258786527972e-01,7.861821604365714089e-01,3.613006898229375041e-01,9.115730386217124614e-01,7.000496407134247923e-01,5.857967137793409496e-01,7.369757247194441696e-01,9.153104594342114098e-01,6.504854762124405720e-01,8.528002210125178451e-01,4.873024779098303338e-01,4.683414929900969192e-01,2.688804939413312889e-01,2.047553428332647696e-01,7.154671930663175639e-01,3.913126756920185523e-01,7.892947165582262503e-01,9.300315513733625750e-01,7.601963941901065391e-01,7.217432897211309983e-01,3.146106759686869703e-01,4.378637745761019273e-01,8.440091853236817432e-01,4.466163994602854737e-01,2.214973691904678355e-01,2.293023517700479019e-01,9.929357083940197892e-01,6.908983720192992672e-01,8.280521900797681578e-01,8.474011419798029854e-01,4.887975582756233228e-01,7.576476177419221303e-01,4.487727785874959241e-01,-2.791823198924026084e-02,5.497523743165629861e-01,6.300221234877801946e-01,7.768393897208097920e-01,5.044216599658385425e-01,6.906036622414175596e-01,2.517101628902727595e-01,6.277121909151084367e-01,6.484299965371654872e-01,8.918192479358318936e-01,5.491339790165060686e-01,5.706763378903243478e-01,7.695432877344678957e-01,6.132814476404561121e-01,7.842238207005782780e-01,6.485943145722370407e-01,1.062528753884631333e-01,5.660861769993960069e-01,8.752257075102538586e-01,7.459462705743545863e-01,8.203699680415674766e-01,7.492286215331366295e-01,4.371448641482166275e-01,4.355526287928829232e-01,3.088119576078643957e-01,6.257618431707189233e-01,6.103331523037027750e-01,4.285272269940382794e-01,6.771814773696992473e-01,6.985019520776202251e-01,5.633429632440840606e-01,3.037762342132981352e-01,9.578645681326523054e-01,5.205433359644426883e-01,4.706855863393702988e-01,7.029170918494220821e-01
3.240575503309667260e-01,6.783786455551578110e-01,8.561563537947480818e-01,8.064357180857052443e-01,7.007741604641226640e-01,5.936849777772942316e-01,6.240447103545162522e-01,5.943273382315814590e-01,6.403801670201906271e-01,0.000000000000000000e+00,7.796669635798836318e-01,9.706292376817258205e-01,3.737285342315639636e-02,6.710850022601789339e-03,7.292747187804302644e-01,8.822033502798746207e-01,4.644925079227554821e-01,5.558676849336239290e-01,6.550502036170617881e-01,8.459876493952769305e-01,5.956084469643034840e-01,7.345028180109105520e-01,6.712352099344573997e-01,9.908805773396750505e-01,6.379376418699260753e-01,8.503264611575409582e-01,2.768226193526608925e-01,6.535287976596451109e-01,6.795334563889428026e-01,4.635122222379352008e-01,2.396069333608295271e-01,4.560853385446809183e-01,7.354917707290046236e-01,8.651707685599073772e-01,5.764166893336247766e-01,1.542902741950608059e-01,2.764749769957295378e-01,6.761177988019827501e-01,9.476809296941516303e-01,6.146604528754281427e-01,4.841037831866264463e-01,4.543013497391612532e-01,8.012885099801213551e-01,7.436174550590209931e-01,7.242584741024211681e-01,7.642666454582357494e-01,7.846121409300984562e-01,6.055525592566419757e-01,7.035592783700730379e-01,6.120301497601482454e-01,7.190163442767570912e-01,3.287900859434031986e-01,6.714740526935687459e-01,7.609163076441362028e-01,4.847393449197721638e-01,4.941317094389509612e-01,9.672925458032978208e-01,2.052755076809202328e-01,8.606250582123953219e-01,1.462651911077428313e-01,2.578984146992561177e-01,2.868474978832170619e-01,8.675697457793904999e-01,8.563886045534553348e-01,9.413123266750100804e-01,7.060136940606230871e-01,3.385989963435360739e-01,7.175551226051928300e-01,7.579694332556143888e-01,6.110675129123970262e-01,7.004755833522504638e-01,1.305027687875252584e-01,6.731590033444636578e-01,2.211091154635237976e-01,8.967356523860903206e-01,9.624355760936482707e-01,6.084656841972663210e-01,5.248508174301112078e-02,5.341737616323068982e-01,3.401712450187091008e-01,7.513661870115317942e-01,9.100763143698848978e-01,8.451856974922461463e-01,4.021709784719423864e-01,8.794876645587712538e-01
8.418165145961503670e-01,9.636885187040532541e-01,6.828577552245761462e-01,7.950994587617569165e-01,8.423030507328749250e-01,2.053374957988923499e-01,6.043663963909208237e-01,4.001288362143022304e-01,6.161801152613017862e-01,7.796669635798836318e-01,0.000000000000000000e+00,6.294350650952088566e-01,6.013431218803534373e-01,7.564122284156228337e-01,4.074447861551824257e-01,5.741447341270493609e-01,7.534326247263207765e-01,7.717438157493856643e-01,4.215137975806313997e-01,7.734939198460211163e-01,5.879134169844084656e-01,8.628530220555593599e-01,8.810563264618958002e-01,4.723808239456364633e-01,5.587286386757955858e-01,6.812096094161900206e-01,6.240814933628884287e-01,6.144712811586486856e-01,6.650248733539412260e-01,7.369164859817008972e-01,7.509371825316618621e-02,2.973702648946899285e-01,7.842246339266760735e-01,9.269605327842237452e-01,2.150625388668751525e-01,5.826406214189003840e-01,6.810092580660068728e-01,6.877152281669469680e-01,8.861872352802324659e-01,8.575611655955369672e-01,6.141474329315375069e-01,6.062622872376074445e-01,7.900110061732172895e-01,6.381295505722160977e-01,8.070959559998592825e-01,5.593997581383668427e-01,4.823070817239088481e-01,9.744892892962953024e-01,7.537024474257706386e-01,3.714454830630565807e-01,6.427749952072361328e-01,9.356688752910740092e-01,9.957673380264822072e-01,6.422438245849727556e-01,8.920131186689987945e-01,9.528110217393865877e-01,5.638297544974980591e-01,8.125144985002183962e-01,8.942090690244040019e-01,8.812269225625314339e-01,3.419035382215274144e-01,7.757938224829872276e-01,9.782492809721567983e-01,7.148013904429428855e-01,7.673082954920449339e-01,4.449947464342750014e-01,8.951554452450717347e-01,8.408285252086454831e-01,4.197174130077969134e-01,6.579742662625427396e-01,8.903882018333139081e-01,5.935604576429261980e-01,4.472107175087023934e-01,1.963880032287882160e-01,6.905318551004338001e-01,5.544039425526192666e-01,6.811748147530521935e-01,5.701204836265086895e-01,5.561227162981150496e-01,6.145645200991181056e-01,1.015420361084449774e-01,4.322730253291631741e-01,6.462001212437036290e-01,8.445097977899552744e-01,6.806307954029078289e-01
8.831761817446028839e-01,9.965108138718330455e-01,7.641512983908368417e-01,6.109723303358222113e-01,6.093376896419223643e-01,6.075881153686025771e-01,1.577538742698324226e-01,5.536225517434585353e-01,4.423587092980055813e-01,9.706292376817258205e-01,6.294350650952088566e-01,0.000000000000000000e+00,2.781373031241931582e-01,6.476127013863023363e-01,5.972632510571280751e-01,8.924276584103657539e-01,9.229975357967443728e-01,8.279738080248225662e-01,7.633783636696633845e-01,6.575287594326998386e-01,8.543848726345314448e-01,6.140127503460803826e-01,8.712709348998506353e-01,7.800589084343745316e-01,6.213334290450709396e-01,6.540001219578613911e-01,8.791945710498281219e-01,8.965061140891813496e-01,7.269149566273396257e-01,5.206211520407464377e-01,-5.158584982611233438e-02,5.731426174210791924e-01,6.965775539339351674e-01,6.821925462014696295e-01,4.883434896340426157e-01,4.087297976201608729e-01,4.523546312885812215e-01,8.480480068129337967e-01,6.034290155116600607e-01,4.296471494405681435e-01,5.952950736746417393e-01,8.424918174860964726e-01,6.025639791187152872e-01,9.726180094390216579e-01,8.929437122382113401e-01,5.526751347039218221e-01,7.650870521263494206e-01,8.767057824182592496e-01,7.817829286664979005e-01,7.091842205151603906e-01,7.698949086678629206e-01,4.391255036769549647e-01,7.480173431577334942e-01,5.956143472472216205e-01,8.234713479439745853e-01,6.677442043457132437e-01,6.769855155629350696e-01,4.198235294054684652e-01,9.123883074211711630e-01,7.237056212454957560e-01,1.034669504694286646e-01,5.070616744193841008e-01,8.326693574820364097e-01,8.590989144443521575e-01,7.530770167954563554e-01,7.637264714684152134e-01,8.752780273154360247e-01,8.571919823327380783e-01,4.252279098012015091e-01,7.837277905977184655e-01,9.914834562371486193e-01,5.400200732691941008e-01,8.114052552219538361e-01,5.055518435099123353e-01,3.541919546999969942e-02,4.659658032173258357e-01,9.670059576675513746e-01,3.046943912717819392e-01,4.526326642982799742e-01,-5.596920612089187341e-02,7.634526052956865927e-01,9.250512792130174411e-01,4.815691735039006605e-01,5.563946521805074319e-01,4.664380523964687386e-01
6.952931651174891758e-01,9.955985797555733097e-01,6.895475547999030397e-01,8.953328293578876051e-01,6.590081779529575190e-01,6.372831621274814839e-01,3.811115359024871418e-01,4.996669918873998806e-01,7.613575790205847627e-01,3.737285342315639636e-02,6.013431218803534373e-01,2.781373031241931582e-01,0.000000000000000000e+00,8.802790546473674427e-01,7.047788541852278987e-01,8.427570348085119400e-01,4.454087827564953139e-01,7.338765490446141904e-01,9.334415220250222855e-01,8.181718101978069368e-01,8.162491619491297756e-01,6.243339047301492695e-01,8.505995840166573618e-01,5.550844081369172844e-01,5.415004055311968267e-01,6.401044398380756340e-01,6.365914843100071163e-01,8.514476660358665239e-01,3.188470553403309204e-01,5.885050547629164797e-01,4.566564358031723891e-01,6.612183851902556642e-01,9.239647605700581634e-01,6.207751465406142755e-01,5.639808250451960880e-01,8.826602490406889601e-01,5.292065059306974018e-01,1.771143328922154536e-01,9.035799213045662137e-01,6.848642716888030391e-01,3.807800145205838538e-01,8.440667015490500580e-01,9.585547105076356322e-01,6.524768187792451268e-01,4.569221527923257864e-01,8.844305137294642405e-01,9.729010183913396892e-01,9.301965830664979951e-01,5.194574406792451526e-01,8.274975330552104547e-01,6.522027326397054070e-01,9.570814580084574530e-01,5.027891567112766635e-01,8.396786255653448938e-01,9.475779810042816997e-01,3.579431387661777264e-01,3.560082962138307050e-02,7.541184261067789274e-01,6.586343748051188829e-01,6.864168257312612820e-01,3.846536590170467895e-01,6.785293185171453745e-01,7.587340680523835257e-01,9.754290212473339938e-01,9.032916526685433878e-01,4.983110529085659213e-01,8.209121576193674219e-01,9.178191666557619088e-01,6.405561830459883810e-01,4.961750243449367659e-01,9.418137781617426096e-01,8.353388729458016693e-01,9.318378894988562644e-01,5.207261893707578748e-01,3.529541104628429737e-01,7.946198262617463204e-01,8.588680074074476201e-01,9.995414829656474875e-01,3.630785413319430610e-01,3.910393135032524947e-01,8.809160464613191577e-01,6.951133582547460721e-01,7.321032411657591998e-01,5.878913083961032626e-01,9.818117897663498628e-01
7.330852694218152887e-01,8.623119798954502757e-01,8.518015293468395033e-01,5.585108556937464774e-01,7.782935681227127755e-01,5.528094443457822749e-01,4.292508614497008712e-01,6.719536803820833626e-01,3.449680558120393759e-01,6.710850022601789339e-03,7.564122284156228337e-01,6.476127013863023363e-01,8.802790546473674427e-01,0.000000000000000000e+00,5.770910712022586653e-01,1.089071686805500178e-01,8.453722997002136585e-01,6.915625880660360991e-01,2.634687958588733947e-01,4.669920352045841550e-01,8.741385285418838968e-01,7.263486949576766216e-01,7.204455304586828701e-01,4.156672817747705251e-01,4.243513886256620182e-01,4.268569129757283087e-01,8.022435515505218495e-01,8.865107618251335531e-01,6.202435261105259112e-01,6.016958555157045918e-01,3.593915597044764487e-01,4.952519560853020919e-01,6.407985449552462409e-01,7.779399568718676772e-01,6.617692401328604257e-01,6.428313749389594767e-01,5.028061628222940671e-01,2.416088195045207887e-01,9.887992003300024590e-01,7.816611625844541722e-01,2.256323160213034862e-01,5.392233684304023056e-01,8.000322467720523134e-01,8.606468700707362585e-01,8.401653770452142123e-01,3.878002716560445817e-01,3.231366079032330640e-01,6.802896799382136539e-01,8.804185307297471841e-01,6.211930744026179507e-01,8.308819323192591089e-01,7.377378407904866542e-01,5.200741968319229080e-01,7.117669422529847578e-01,6.601212967535531329e-01,1.662551468991246839e-02,4.726334778548779147e-01,7.883622590771315330e-01,8.854626153444601355e-01,3.182071252380240245e-01,6.519732479660335089e-01,4.023128992309937257e-01,3.444501841795266639e-01,6.463578530549637380e-01,8.443320019765502282e-01,6.224941516205285685e-01,9.340037607079050286e-01,7.189953432888471774e-01,6.786636397222898243e-01,7.361452233806546896e-01,7.294790886550458486e-01,8.055536990448489698e-01,9.325454605914674719e-03,5.443932760509003765e-01,3.658943876041909071e-01,7.011213777431622995e-01,9.172082193915678250e-01,8.571375282618844960e-01,5.835189344729192484e-01,7.722351627750632108e-01,8.359042674412110463e-01,7.875786152835626552e-01,4.260878646229405708e-01,5.162394312372531324e-01,6.809400280291033614e-01
9.143950337119091110e-01,7.654159178339536851e-01,1.533177606450545905e-01,9.756150115601709416e-01,3.729354696351796505e-01,6.356870561979336420e-01,7.727078352272214179e-01,5.667310520657556916e-01,5.722133612848646633e-01,7.292747187804302644e-01,4.074447861551824257e-01,5.972632510571280751e-01,7.047788541852278987e-01,5.770910712022586653e-01,0.000000000000000000e+00,7.574855417192329909e-01,9.353023534754246748e-01,5.274792711728205630e-01,7.901391796761683128e-01,7.688508760111023577e-01,9.794029094136842417e-01,4.912489145287907144e-01,8.353936588444355049e-01,7.082603712579771393e-01,3.752964257730261877e-01,4.399997029503316393e-01,5.301285445690728793e-01,3.742880010986051054e-01,3.160820235768517783e-01,3.276821773787343406e-01,-3.332129492001176252e-02,7.690956858872035617e-01,6.750219788071418758e-01,7.932099331857207503e-01,4.650257704185838947e-01,7.745553530167801348e-01,4.491931944852340930e-01,6.980228383004770665e-01,6.884653670987628260e-01,8.354211504637519825e-01,3.559110556819491400e-01,3.728623835903338568e-01,8.017185321349731275e-01,5.400344604060798304e-01,8.545836353597495716e-01,8.584619202437117069e-01,8.519203756062021515e-01,8.374235313430609950e-02,7.109261957805962373e-01,6.585059994040911580e-01,2.873209870424897616e-01,6.240451465980517698e-01,7.911634496880670664e-01,4.745003795124521639e-01,7.225822558581083133e-01,8.789774942927066625e-01,9.833441587270469464e-01,4.988376972306697299e-01,7.704291707059981453e-01,5.972293759247269129e-01,2.789306295702297378e-01,7.808528950589354034e-01,6.910862420016089525e-01,7.875735560058374496e-01,6.828598869261007787e-01,4.161218122723341351e-01,1.834956418915487941e-01,2.322711154077781726e-01,3.681725633546078513e-01,3.989748660819413262e-01,8.647662444366935874e-01,9.139267365484962102e-01,5.336545862977253307e-01,5.340603322910411066e-01,6.672461985906482651e-01,8.792506293834960740e-01,8.889626348983523663e-01,2.054900988445919341e-01,6.974450051034515319e-01,2.324707289336147842e-01,4.525076616998188195e-01,9.678583028715318504e-01,7.850146870071113003e-01,2.806020233446291368e-01,-6.742579431184078653e-02
8.136143486107845213e-01,7.112579321190218851e-01,7.154340771410268029e-01,5.198278298733098879e-01,3.810726574054791871e-01,9.470223146996947783e-01,9.546909137939902923e-01,6.273364607058057318e-01,3.721833152744769002e-02,8.822033502798746207e-01,5.741447341270493609e-01,8.924276584103657539e-01,8.427570348085119400e-01,1.089071686805500178e-01,7.574855417192329909e-01,0.000000000000000000e+00,4.538614569746957650e-01,8.534986298427312823e-01,9.286623311018198379e-01,8.675829282094853490e-01,8.256492726313436892e-01,7.541868536784673838e-01,2.478386182664409909e-01,7.351534481884238748e-01,6.853999389286503652e-01,3.071434244749463582e-01,9.062203445219150222e-01,6.355317172824707095e-01,5.024866493268711487e-01,3.093086158457779011e-01,2.316536841666008706e-01,4.837224255995729028e-01,9.872197843801194805e-01,7.828383943495782482e-01,6.759236705304514370e-01,6.210936395641415420e-01,4.946969158519367027e-01,4.181968235953121837e-01,9.996592479183282753e-01,9.978219185768786303e-01,3.099756957379817268e-01,9.166434980725113313e-01,8.387982937702459507e-01,9.727312116575084211e-01,7.408135073763398859e-01,6.744294683520436484e-01,6.154124727602519052e-01,2.819549703970182231e-01,8.723397765988007979e-01,6.293614607911631742e-01,3.542059763859716215e-01,5.114644602811180274e-01,6.400251393529942101e-01,4.644203552410746116e-01,1.124650412220918050e-01,6.808780753962661025e-01,9.981005139190095576e-01,8.326484656376670346e-01,8.362771538411757355e-01,2.381886154175691939e-01,5.314837233545488537e-01,8.488738200235577125e-01,3.373264574497708557e-01,8.312470158980208579e-01,3.081754568099900893e-01,7.732358843734923326e-01,6.122464961595116550e-01,6.930625075995163753e-01,7.853611691922195437e-01,9.743814747043040292e-01,7.086952766810235005e-01,6.768909279981230043e-01,5.663618440314075464e-01,9.060593071559582823e-01,4.129001033668657783e-01,5.361734959323951610e-01,9.797478600704394580e-01,5.381775188669492005e-01,9.318468392275575107e-02,-9.920107752584525485e-02,6.840860064232345827e-01,9.905162963300410128e-01,9.593820239784141002e-01,4.157938106488895391e-01,8.940968508781879098e-01
6.491757152431868461e-01,9.973380405244350877e-01,9.384905911913844490e-01,9.988801374117730614e-01,4.069196988729192888e-01,8.676692330230316719e-01,8.176810833906823506e-01,8.129305502113012283e-01,5.860695258786527972e-01,4.644925079227554821e-01,7.534326247263207765e-01,9.229975357967443728e-01,4.454087827564953139e-01,8.453722997002136585e-01,9.353023534754246748e-01,4.538614569746957650e-01,0.000000000000000000e+00,3.720939461763828060e-01,8.765512191917899099e-01,3.787766913813939151e-01,7.231049323961684649e-01,6.319581278906211130e-01,4.644944987501256062e-01,8.368464611807889808e-01,7.932252915949274952e-01,5.095047418734882649e-01,9.322078462733952575e-01,8.071543454653020699e-01,5.383813920792266394e-01,2.537620340323040180e-01,3.981699013385378572e-01,5.271503982216969586e-01,3.048756423797547299e-01,5.725974378486792249e-01,5.752277148639715065e-01,2.069818249548386890e-01,2.796944994214383695e-01,4.346066594123154658e-01,6.905793801180887259e-01,7.031022621489905200e-01,4.583827216636633950e-01,9.435272052858547642e-01,9.942383324956745039e-01,9.404721438890119023e-01,6.911741377609394998e-01,-8.084718996253154044e-03,9.301503556064587563e-01,6.599955720227783651e-01,2.157027339386904941e-01,7.497499506937514990e-01,9.297151237984213612e-01,6.598207454368028024e-01,2.098451231646772386e-01,8.484550355888749174e-01,8.154464884079737352e-01,5.335882385121057947e-01,8.651429829082604162e-01,8.819493013070628384e-01,4.401438873533194407e-01,5.774479882478451565e-01,6.442165085721243134e-01,9.308559970698340180e-01,6.174528022240360903e-01,8.304077473107399632e-01,6.589805153960535122e-01,9.060257667973427020e-01,6.541453410389607148e-01,1.393516938133199101e-01,7.754008794155448081e-01,9.791738051807191701e-01,6.152696067850089712e-01,9.749776360379013296e-01,4.913278315389260076e-01,5.086258656175832726e-01,8.083565141668315190e-01,7.146795781766148714e-01,5.022182454065886592e-01,7.184345916976387914e-01,3.737778987390231733e-01,4.521644096500059273e-01,7.550453316601095644e-01,6.771896751748570642e-01,2.758877190962143455e-01,2.205788131655992967e-01,3.101154894601034773e-01
6.132672988736012076e-01,6.005232021081085003e-01,9.703229824353530875e-01,6.171821193589357435e-01,6.424415506095586537e-01,6.031117950784804504e-01,6.258924072592444432e-01,7.844248299530773849e-01,7.861821604365714089e-01,5.558676849336239290e-01,7.717438157493856643e-01,8.279738080248225662e-01,7.338765490446141904e-01,6.915625880660360991e-01,5.274792711728205630e-01,8.534986298427312823e-01,3.720939461763828060e-01,0.000000000000000000e+00,6.531039261394754325e-01,9.140317172372467436e-01,2.541269663789766375e-01,8.175795219363488631e-01,4.980393618328620153e-01,8.470676256290378126e-01,9.609133481706677582e-01,6.708423200557648292e-01,9.032705259060862524e-01,8.647859583873681588e-01,3.171995851444320280e-01,8.254489430692139029e-01,7.662443178747333494e-01,-2.828559100603614263e-02,7.640587834314062077e-01,8.819843886422684687e-01,6.816486827835778195e-01,2.382526584916461743e-01,7.730102173283014411e-01,7.196839742589966615e-01,7.765337770709204168e-01,7.500150859049313778e-01,6.916968363744009363e-01,1.831349862185424893e-01,9.963292597583532917e-01,4.723781548755408011e-01,8.251249647594736114e-01,9.832781880159274790e-01,7.052243337136459012e-01,5.609808032345815487e-01,5.485385425456479336e-01,6.139013881466344191e-01,7.668185252036988642e-01,7.806075797563294394e-01,9.654208651812254960e-01,4.906525662410441413e-01,6.568129162862630377e-01,4.047318704063999628e-01,7.406178151270895738e-01,5.909653950645685772e-01,8.262818824992009814e-01,3.755746872922942625e-01,2.617404390837958783e-02,5.359312472679245154e-01,6.220078877512185134e-01,6.650727508086020645e-01,9.145853082386306010e-01,1.375642635753615006e-01,6.789327459294440814e-01,8.620365228310776784e-01,7.163415085120269366e-01,3.778285065219955108e-01,6.294478661453486446e-01,7.309772099018805314e-01,4.990955000956877052e-01,5.778478140641142291e-01,6.067995455552044337e-01,5.235172282923572507e-01,8.318510964356116144e-01,6.482369391388256297e-01,4.389279526629279449e-01,5.946593253737426643e-01,6.710181392862970551e-01,6.541229739730357595e-01,4.461328530322918318e-01,3.477520508075010452e-01,5.398044547276052985e-01
