0.000000000000000000e+00,8.955061578015502954e-01,6.715000480329065269e-01,9.020919836672324221e-01,7.786219213453335897e-01,8.992759249980037950e-01,6.170749958935811685e-01,9.987670320237815869e-01,6.297500205094223036e-01,9.754372979396450649e-01,9.203947590787061594e-01,4.128170815084599710e-01,8.453950401304239914e-01,7.226410887277310291e-01,6.456183006943924108e-01,8.663217559590976613e-01,8.033892865669999273e-01,8.742129658203658948e-01,9.611545769965177399e-01,8.330469436088190349e-01,5.265133174275761219e-01,7.804176257352860580e-01,9.328369435447428915e-01,9.103103011173387937e-01,9.508186528595725662e-01,8.776525259488553443e-01,7.360967105384352838e-01,9.966702874893953457e-01,9.688566568083213301e-03,7.784796692567332865e-01,4.304148223213806745e-01,3.816768766340047914e-01,4.391484939073453386e-01,7.662938916685280155e-01,5.000145707248869753e-01,1.499321842253984738e-01,2.184269131955985932e-01,8.990503572000687615e-01,4.534706243280744453e-01,9.847873827333939456e-01,6.874686857520178052e-01,9.905276265181441886e-01,6.848277925298923430e-01,6.813812762299578107e-01,8.013201829024071410e-01,9.107223377498708805e-01,7.459665389972496286e-01,9.603163435292276784e-01,7.410619454963986996e-01,8.418018854140268958e-01,8.555046185238823764e-01,9.769790037752964507e-01,8.669589529782175674e-01,9.670590523867115262e-01,9.089428297539112744e-01,7.289726388671339263e-01,8.815806683708636848e-01,9.264415152994180946e-01,6.016576165346341210e-01,5.922785401668346772e-01,6.183773645434066379e-01,5.029632663316007113e-01,7.890604931364778585e-01,9.317717843986148551e-01,8.121995606375761456e-01,9.198843071813697092e-01,8.359702083830754527e-01,9.555359282054445291e-01,8.874017427271619907e-01,8.593520468875612828e-01,6.520730906912495239e-01,7.932049878378943930e-01,3.130178499553304960e-01,1.842422737632345639e-02,8.237045553612730719e-01,9.852884149225340504e-01,7.056588630442407473e-01,9.047972892904874165e-01,-2.555957068755526640e-01,1.110160392858703382e-01,7.908658606380654099e-01,7.796241425971542904e-01,7.112787647049679807e-01,4.028738966623233164e-01,9.909176357149330761e-01
8.955061578015502954e-01,0.000000000000000000e+00,9.714244992613572105e-01,3.224427478756183851e-01,4.291615606229141622e-01,7.217384160088601286e-01,3.180709313174934216e-03,5.139599733516768687e-01,6.538961717640602300e-01,5.004133584078471753e-01,5.078656922009638919e-01,5.660919220281620534e-01,9.829987318358233139e-01,4.346659688050883430e-01,4.023733469310017963e-01,6.373229192971060497e-01,5.620161961192191580e-01,7.433309054812494709e-01,6.582549110261249892e-01,9.960880457012839528e-01,8.427777677679316737e-01,5.301940496269512693e-01,4.660693471736102045e-01,6.084526886485811525e-01,3.121947224674971322e-01,5.406348238623150948e-01,9.253226046724594145e-01,6.671488306527575407e-01,6.245234027019280765e-01,1.628458723283210119e-01,3.340069026317125239e-02,5.747449238663127069e-01,4.778652774661364955e-01,7.124954434154779914e-01,3.259009320164689694e-01,1.399941423577291955e-01,3.394436243317000557e-01,6.693832945524093025e-01,8.633468199070630789e-01,7.989114101346007635e-01,5.453595812457741054e-01,9.318295182145179822e-01,6.584650549246872098e-01,9.349425039548645566e-01,7.160429562209525978e-01,7.725596407805250809e-01,8.920807192608511960e-01,5.328295416406931828e-01,7.313068229890307137e-01,4.314324148758142408e-01,4.130893306826627920e-01,6.753760931800614209e-01,6.091458248284565835e-01,7.366719798664798091e-01,9.123687948413832238e-01,6.495208050182893489e-01,6.291575783653194920e-01,5.194703107677884901e-01,9.437904266093389838e-01,6.941535728978887043e-01,6.987213714312990416e-04,7.076735264435889405e-01,8.813035473861196012e-01,6.256668069896782480e-01,8.580176779426549327e-01,4.054416799891161771e-01,9.188262196554530803e-01,7.279757789268135326e-01,2.173098341611433004e-01,7.394111768541399288e-01,4.677160325692374943e-01,4.326765602579962788e-01,7.518442231680412258e-01,9.397718706598195970e-01,9.031470510000980667e-01,6.524026425274290775e-01,6.464690724996551285e-01,6.068336358791985852e-01,3.964049906850712901e-01,3.138837347611450612e-01,5.796376541049186315e-01,6.121273243511163864e-01,7.995150592596329542e-01,4.917761928664826643e-01,3.753226926065012133e-03
6.715000480329065269e-01,9.714244992613572105e-01,0.000000000000000000e+00,9.138750065177302373e-01,5.239476962852275266e-01,6.179934778123901129e-01,3.180109141941802608e-01,5.537978305974974313e-01,6.247582960751717485e-01,6.475933055788657411e-01,3.324448264068396997e-01,9.249723978248489686e-01,8.222544510638379878e-01,9.080072417449904787e-01,8.551720821936417138e-01,9.973958411939281010e-01,8.991444592466921737e-01,6.488608924340636408e-01,7.355172225238898465e-01,7.236913538501001941e-01,9.867187716555263499e-01,8.682509899406478660e-01,9.260718349473815447e-01,7.348853763699612074e-01,9.217343670388222776e-01,9.307157920626176750e-01,8.349285076053371002e-01,8.534452153124595375e-01,3.825782402237751789e-01,5.020921353179566005e-01,7.267452671475786996e-01,8.874116843714096037e-01,8.186032766884195899e-01,4.510511343757354630e-01,8.313384143393893755e-01,6.183869832323480864e-01,3.502977638674835692e-01,6.373368513881458863e-01,7.065170173367274487e-01,6.267256918556884937e-01,5.863358015730342210e-01,9.412773469254889225e-01,8.076723142728760019e-01,3.520921759485546865e-01,6.449310978211570955e-01,8.311352753851958264e-01,8.892944570826417650e-01,7.197448664976234811e-01,5.743954158826710676e-01,8.430014147135140856e-01,9.303471873264048675e-01,5.061528099867901309e-01,8.000497180247374551e-01,9.802857417167223364e-01,8.661115571888722275e-01,6.857983812261198020e-01,9.677183336245458456e-01,6.293799643544533140e-01,8.842956476665772003e-01,2.890975139428378915e-01,4.490742439368552996e-01,6.090908556578130684e-01,7.398741884499391297e-01,8.279377018573926827e-01,6.714622258998741433e-01,8.057847295752101902e-01,8.235216699803168394e-01,8.652109545766024645e-01,7.623165248143340955e-01,8.678071277761338909e-01,7.675546005554824136e-01,8.736199186028730246e-01,5.439199937841225907e-01,7.347086150233154145e-01,6.129448381923985334e-01,7.053457893843599891e-01,8.116702806941213932e-01,4.132313753281267599e-01,5.100732087572840134e-01,6.142076061166138468e-01,8.385848342911935704e-01,8.379092375805263782e-01,6.729775824056695166e-01,9.090115052601704937e-01,9.860055070876834193e-01
9.020919836672324221e-01,3.224427478756183851e-01,9.138750065177302373e-01,0.000000000000000000e+00,8.572453804292864410e-01,7.996074124520068382e-01,1.618630918847021039e-01,4.764283835051180693e-01,7.997956153358016795e-01,7.261290292481227260e-01,6.090122597101188529e-01,5.938633236698040996e-01,7.100147101697082963e-01,9.784616803666466023e-01,6.883426414252695746e-01,6.344849141090758149e-01,9.873569839279144889e-01,6.265302064874471721e-01,6.299313435289600749e-01,8.389644235655266957e-01,8.587666236084876559e-01,4.654065450957947658e-01,7.012496325190475943e-01,5.759790827761309684e-01,4.357842381890781325e-01,6.689185246191173828e-01,5.155832969353939532e-01,2.141225703836763250e-01,1.593430228344083766e-02,3.554821592773217409e-01,4.636634489435728090e-01,9.008666515768518623e-01,2.083023589596461334e-01,6.204149834286122323e-01,4.084258521404607323e-01,5.885390024228995820e-01,2.518515488123418411e-01,7.166134708187439362e-01,4.496310490752208899e-01,9.265773171438106415e-01,1.133214926610617845e-01,3.945590084995281854e-01,8.227916280329967691e-01,7.014470135782637783e-01,7.669852285041276474e-01,6.155799801505668079e-01,4.749571214109563622e-01,8.013038821852438431e-01,8.860695228490089725e-01,5.710968669356013550e-01,8.416906661006898771e-01,7.610616768132416610e-01,6.351041570987371321e-01,8.243840775192220471e-01,8.076947083581656472e-02,1.589618974370948234e-01,4.591211519856866485e-01,8.132284170447332539e-01,8.570512931702645165e-01,4.529918432641579784e-01,9.519535829507898006e-01,4.968913290030083640e-01,8.564691026334656510e-01,4.619663926153787514e-01,9.976727886669921608e-01,5.813627816937201320e-01,2.586665069845607845e-01,8.773822926709301528e-01,5.944366791881563472e-01,2.339743917436022946e-01,9.508193888012180794e-01,8.038870106504295565e-01,3.313869227774705051e-01,3.196942302449780615e-01,8.886868850425413413e-01,6.777180102957660601e-01,4.797811057601055196e-01,7.768888948598833277e-01,3.291649828421016055e-01,-1.820392572858331726e-01,7.655693721635914439e-01,6.006965671891827396e-01,8.793105005882267955e-01,1.854567322910243565e-01,7.122927597612300765e-01
7.786219213453335897e-01,4.291615606229141622e-01,5.239476962852275266e-01,8.572453804292864410e-01,0.000000000000000000e+00,6.010116236229986475e-01,4.342595602359702878e-01,-9.047443673755781179e-02,8.505257798764725985e-01,5.035764657932132460e-01,9.838361087844798014e-01,9.999028036681496534e-01,6.439097765312732369e-01,5.655307351868392729e-01,7.526117670342151733e-01,-1.108048850066434693e-01,9.045737745428428234e-01,8.767120523230871321e-01,8.298061454415922578e-01,9.147175355057107771e-01,9.649126032180356249e-01,4.211693113928730026e-01,9.636551528755125107e-01,8.428984956469556256e-01,3.508940917905404855e-01,6.684555983372321153e-01,8.450979437223403723e-01,7.813273688667849992e-01,4.773040205952945869e-01,4.385132473609757997e-01,5.405476516056053615e-01,7.563892819390927169e-01,4.256733884049849759e-01,2.741150210864293224e-01,3.142237650809452387e-01,2.360202729078939576e-01,1.467834573829103761e-01,9.935594674119925251e-01,9.205313928320875139e-01,9.273764369768500160e-01,7.235946364619150195e-01,9.303345649867096334e-01,4.384983448033534237e-01,6.734642406059337949e-01,6.271775595841598827e-01,9.850398894882571588e-01,6.897773267101547923e-01,9.177267534700068730e-01,7.877569303671656531e-01,5.646014384802187092e-01,6.561034857644924001e-01,7.843359637258484618e-01,6.300573075861362060e-01,5.461860554966926351e-01,-2.945045363775448122e-01,7.668745062482686947e-01,4.385908882901239370e-01,9.111117628947960068e-01,3.420865322223317628e-01,4.966531623473192658e-01,9.128807854170101210e-01,7.620682277660260073e-01,6.016088900013617513e-01,9.470484432484618242e-01,9.874627652931387001e-01,6.171001091681898032e-01,7.858462655648346118e-01,6.988400930177406378e-01,7.351882670561163957e-01,9.744863016210844053e-01,8.985928060484739133e-01,5.631203114625465966e-01,7.966326760440552990e-01,2.465131940101006336e-01,4.349626262654273101e-01,6.639240206086534091e-01,9.379251688278080756e-01,9.814377364382520508e-01,6.204670280048468767e-01,3.696252877699224282e-01,5.806433629900145110e-01,9.932289635735921385e-01,7.836726402034843719e-01,2.805187866990609957e-01,7.040409362929485049e-01
8.992759249980037950e-01,7.217384160088601286e-01,6.179934778123901129e-01,7.996074124520068382e-01,6.010116236229986475e-01,0.000000000000000000e+00,9.024840777256366575e-01,7.191834020743027578e-01,9.053994651803064508e-01,3.372761539544064102e-01,6.709021405824623363e-01,7.432295388186372920e-01,4.558542437675958681e-01,8.034835607786814382e-01,4.843645457972585167e-01,7.361877880408034258e-01,7.785980323256724844e-01,8.536476215420658598e-01,5.283761344152706485e-01,6.601097984920203388e-01,9.336424908760680985e-01,4.262249157687341139e-01,9.249766821638859549e-01,8.457066561870461019e-01,2.124940189178184669e-01,6.224891965143537487e-01,7.894938975902392464e-01,3.637957819701739259e-01,5.388808128293678390e-01,6.597706932976326044e-01,1.366499254171950894e-01,6.539007664850964296e-01,7.288693161576674795e-01,5.945338104554969139e-01,7.833262012791597506e-01,7.363126890942720548e-01,3.888830408914928372e-01,5.972970390889341674e-01,7.423669227706288787e-01,9.694992075397103060e-01,2.174968272939050151e-01,5.642280026703796469e-01,4.096942241105097082e-01,9.778760923741430799e-01,8.279796439357048898e-01,8.090001545651280823e-01,6.917042623587399408e-01,7.679225419422074372e-01,-1.354337997725794662e-01,9.068844093151473551e-01,9.633289184026517793e-01,9.655134506488285417e-01,8.456155421716321507e-01,6.555644891400858043e-01,8.722896400385455884e-01,7.477699318937132134e-01,4.680762512973978273e-01,6.267990796082452132e-01,9.106445866090351338e-01,6.738413854140568038e-01,8.325912165925378194e-02,2.440024321695977993e-01,6.664962221882343441e-01,6.927568626686434472e-01,7.001937864634254494e-01,7.264381566327576811e-01,8.677018798367739372e-01,8.759867447649265504e-01,6.547082779373490924e-01,6.853460606969008495e-01,5.805945171356885481e-01,6.683335405677068852e-01,2.741361651545700107e-01,7.684462661475522927e-01,6.159505658340528322e-01,7.413721372524761932e-01,2.490550877555639531e-01,7.535241041941702633e-01,2.372945426975096028e-01,3.904919548209312419e-01,5.191826574738113154e-01,8.578672281608673567e-01,5.174852231331694696e-01,4.518936950802997510e-01,9.647941237389933145e-01
6.170749958935811685e-01,3.180709313174934216e-03,3.180109141941802608e-01,1.618630918847021039e-01,4.342595602359702878e-01,9.024840777256366575e-01,0.000000000000000000e+00,5.298112467374729295e-01,7.292155543715602706e-01,3.737704953498923732e-01,4.450641374146256934e-01,4.825674880853504378e-01,5.310843401964002730e-01,6.770009437112518569e-01,4.371144585044167141e-01,6.283664397332893170e-01,7.408875852694924991e-01,7.128684436043308814e-01,7.972030201535538207e-01,7.961515839011772400e-01,6.127778775156781377e-01,7.104218408809085394e-01,8.310791621776213167e-02,7.127248774314258739e-01,4.684293491120784525e-01,7.140918006162741971e-01,6.963477599855883993e-01,4.526405104438250837e-01,2.340197009446477183e-01,4.439318098203010599e-01,6.009861060841112934e-01,3.380810280499456089e-01,7.236328435782537483e-01,3.672698546020252142e-01,7.959666587530254134e-01,4.046748954752475980e-01,2.370227742512056313e-01,5.261233772963070932e-01,4.932587961656279552e-01,3.137775629457696391e-01,4.366937403454822508e-01,6.259865564510338487e-01,4.009279985100870358e-01,6.457277850873230918e-01,3.313300330254765891e-01,7.492543540999879736e-01,5.604582048703865560e-01,5.583576093911979399e-01,7.084136111849687056e-01,4.604381729657143207e-01,7.693964855998645103e-01,5.516322526548589344e-01,4.743670594737643409e-01,5.017164883303339984e-01,9.956045962354500567e-01,7.178311411177681345e-01,6.277714706160866243e-01,4.672290810274268846e-01,8.816359008340372005e-01,6.949081201706456268e-01,6.066934665923496839e-01,7.060326302883959126e-01,2.354463974113197855e-01,9.596909054896058944e-01,7.441594603617681658e-01,6.658528917050882123e-01,7.854965544090150020e-01,8.832642904113640059e-01,4.180519536219386989e-01,9.543039496409364553e-01,6.632523557657461488e-01,4.115166280219637596e-01,5.613617605312121173e-01,3.191354457290329072e-01,8.525732566748389640e-01,7.360369484583322297e-01,6.109405269816989836e-01,8.112906490169154994e-01,2.138945923401822380e-01,4.237408747295676736e-01,5.086814337373628536e-01,9.527841255318127978e-01,6.827329002202496833e-01,5.849112588950187153e-01,4.528446867371551110e-01
9.987670320237815869e-01,5.139599733516768687e-01,5.537978305974974313e-01,4.764283835051180693e-01,-9.047443673755781179e-02,7.191834020743027578e-01,5.298112467374729295e-01,0.000000000000000000e+00,6.890514376068287428e-01,5.419286169126042996e-01,1.958512793185491763e-01,4.335280603913436726e-01,5.889389073436650524e-01,2.266800220880474392e-01,6.799202807693279782e-01,5.028304084860157896e-01,7.001386741472344077e-01,4.314537122910047651e-01,9.657262924400756843e-01,4.361832630908690223e-01,4.716481090299350365e-01,4.479125669074755511e-01,6.801673181610149443e-01,8.030793157841461527e-01,5.989287980748003726e-01,6.087369701795602994e-01,7.571665207970001976e-01,5.758937783930360155e-01,7.591780728893122721e-01,1.586873642326829259e-01,-5.380652385035605834e-01,2.138239761323217913e-01,6.722869571578876657e-01,4.729011214533031526e-01,5.852906584008400470e-01,7.485601449746508429e-01,5.855674372428167906e-01,5.110338088701238402e-01,8.169274390993521706e-01,6.671569654567870433e-01,4.241343960549582848e-01,7.807036118733373664e-01,8.749122598375775883e-01,7.861336554350869532e-01,8.279265997657678788e-01,4.750101731359452351e-01,7.686214324337317105e-01,7.961460719828785670e-01,2.191169773133443480e-02,2.472704209783447432e-02,5.097226611774351435e-01,6.759468160152115601e-01,4.895958462803177702e-01,6.017493977041502573e-01,8.591569089763921863e-01,3.906721941572441903e-01,4.890303559302884850e-01,7.358900783899782194e-01,7.931388792081366379e-01,4.410707105877270107e-01,5.486308088960138996e-01,3.413458350087323900e-01,6.916380780965567521e-01,6.028183309328684070e-01,6.487632072061338961e-01,7.079088207423912538e-01,5.683872430524761210e-01,9.318962601829793302e-01,7.946204816973407858e-01,8.453477246792254762e-01,9.429569468138885302e-01,4.215343188002006469e-01,6.665674257714448991e-01,6.045704089386207958e-01,7.350508863440881058e-01,7.950498915743527961e-01,7.446023054770101179e-01,6.228970226506004293e-01,1.946731392652767678e-01,9.206154317738182713e-02,9.556089188293771519e-01,4.057192769894101825e-01,9.258738084079171093e-01,2.248433884926320792e-01,7.159794065684316200e-01
6.297500205094223036e-01,6.538961717640602300e-01,6.247582960751717485e-01,7.997956153358016795e-01,8.505257798764725985e-01,9.053994651803064508e-01,7.292155543715602706e-01,6.890514376068287428e-01,0.000000000000000000e+00,4.165122582214279556e-01,7.654045524520159960e-01,5.845360837790376518e-01,6.985949249691869589e-01,6.559905715085986300e-01,8.878490147928355114e-01,4.532575138743042409e-01,7.418087445110265188e-01,6.628101398435573000e-01,-1.992968309333174037e-01,-4.877760177823153853e-02,9.108115296195512522e-01,9.412033505694247237e-01,5.226945241713374379e-01,4.084284983059904839e-01,3.514925865342899414e-01,5.023047753641560753e-01,8.380108412500530957e-01,4.406680882284221279e-01,4.943339249550494086e-01,5.331402422297696342e-01,6.964297583075098608e-01,7.328249078040269815e-01,7.749315331274164720e-01,9.195185049162910573e-01,9.183826624568082186e-01,4.199656025177579965e-01,2.782278913954249755e-01,9.741467089210563701e-01,6.864249031006620649e-01,6.709656563703948473e-01,3.135068223422042832e-01,3.345086937052041409e-01,7.976752157355972983e-01,9.028751980619630357e-01,7.609495060826638735e-01,6.146907154529507311e-01,8.496074899292763161e-02,8.380529781188373883e-01,8.437784223244431114e-01,7.703863473051719701e-01,7.588552351386095296e-01,6.786117662219675051e-01,5.213883664146241603e-01,8.568171043912587992e-01,5.572066861634487056e-01,3.872993803270556867e-01,8.467424627129934711e-01,8.846485798847976145e-01,8.899376148246050944e-01,5.619020761552872001e-01,4.125690883397184483e-01,7.234701609963909430e-01,8.906862982145864471e-01,5.056237253662150266e-01,5.324767978991690187e-01,4.656937977957846808e-01,7.108151087106137078e-01,9.284347057870583342e-01,-9.633434079959068974e-02,7.973467629325130535e-01,8.429258531951521194e-01,8.368625935494311552e-01,7.299998960490797217e-02,-1.457232214466780973e-01,7.391919487752485196e-01,4.321107683913988917e-01,2.202018910463003354e-01,-1.359989778944702132e-01,7.525028614598396892e-01,-1.343586528023312243e-01,7.226333855181273913e-01,3.298985901334984261e-01,6.502272592676090479e-01,7.772288009188690339e-01,6.003438394050943927e-01
9.754372979396450649e-01,5.004133584078471753e-01,6.475933055788657411e-01,7.261290292481227260e-01,5.035764657932132460e-01,3.372761539544064102e-01,3.737704953498923732e-01,5.419286169126042996e-01,4.165122582214279556e-01,0.000000000000000000e+00,6.308539338152895359e-01,5.756257201361110187e-01,3.731891666518667994e-01,4.023626132866329752e-01,4.182430039943859645e-01,8.118229678836534902e-01,8.548112628233135446e-01,6.025352025782437781e-01,6.545732058545384868e-01,8.801900640404134446e-01,8.525838590693599617e-01,6.317768518685684676e-01,3.512034270803423008e-01,9.250261434938239491e-01,2.126817358732793484e-01,4.948818517539694817e-01,8.351313036115244337e-01,6.001199418059669499e-01,4.064629534246312903e-01,5.909469904916242466e-01,7.161300562248948953e-01,3.796264174401491887e-01,6.484113266747157933e-01,9.260049452549334870e-01,9.220922375723522579e-01,4.594181883377486675e-01,3.205501637504618584e-01,6.865507237215684455e-01,4.372204800101454070e-01,5.418159108818154657e-01,5.484985769307197945e-01,4.584569066645690083e-01,8.411564840253953346e-01,3.207732668280186550e-01,8.595465071413984637e-01,2.763670765187193901e-01,6.363477848545612270e-01,6.617096218740495805e-01,6.504257519878759997e-01,7.770560913012963811e-01,6.863999079513394275e-01,8.549969232941889707e-01,8.752838264053663941e-01,4.160695464394433274e-01,6.872579509372981343e-01,7.883799992754887409e-01,9.126953986379979789e-01,5.046717765907038356e-01,9.177013242616637312e-01,4.872742544110004181e-01,4.768191230425057880e-01,8.692219604408419897e-01,6.199124168964290638e-01,7.088631486411856031e-01,5.026319826993147499e-01,7.095660409181157036e-01,8.136336214179702431e-01,6.118026339905811017e-01,8.885734002315346380e-01,8.687183832048006593e-01,8.742793451159930340e-01,7.827118015280395413e-01,4.674768109000051464e-01,6.498246706735872902e-01,6.507682499447688951e-01,9.697428490595800810e-01,8.601712275894101145e-01,5.949610802656668529e-01,5.854500707332533915e-01,6.427537767461990459e-01,9.619843610135336842e-01,8.788598912285701115e-01,9.296153367272494972e-01,7.228808024829579404e-01,4.926356496577474209e-01
9.203947590787061594e-01,5.078656922009638919e-01,3.324448264068396997e-01,6.090122597101188529e-01,9.838361087844798014e-01,6.709021405824623363e-01,4.450641374146256934e-01,1.958512793185491763e-01,7.654045524520159960e-01,6.308539338152895359e-01,0.000000000000000000e+00,7.095970300718582591e-01,8.846775973833610474e-01,3.387873085664696027e-01,5.838248417884333019e-01,5.421009155896988618e-01,5.013920843993786569e-01,3.946036790260167293e-01,6.502314609211284901e-01,9.557884239791387682e-01,9.657293877058826803e-01,3.929596736709699001e-01,4.406324674288156773e-01,5.491633602312346873e-01,9.992236842893608140e-01,7.866912389760369884e-01,6.886210402476871106e-01,6.150235989332811792e-01,6.940925011048821869e-01,5.502503704968725318e-01,8.797774943892302524e-01,9.297381194688205674e-01,7.638954670381132850e-01,7.848000112401214423e-01,7.106602557262421405e-01,4.280510151968526800e-01,-1.612082225589228646e-02,6.850075357761695738e-01,4.616128193322394102e-01,9.348406248958297526e-01,2.343597719021875067e-02,6.797250457551282654e-01,9.032098544016109454e-01,7.898460108137028701e-01,6.020541721032836024e-01,7.316445254184347213e-01,3.749102588715235163e-01,7.489997590026361562e-01,7.097713097843600938e-01,8.737819662049437497e-01,8.114045560137592705e-01,9.695231859450146317e-01,9.601633263809513652e-01,6.955374106400106227e-01,6.354434792742797988e-01,5.837262039517416845e-01,9.920642832209319861e-01,6.813781276180854718e-01,9.250027596947805186e-01,7.277091028779612003e-01,3.790922828721640103e-01,9.494790804861583666e-01,2.521148661371395705e-01,9.279713174662516106e-01,7.987348133115612647e-01,7.480023195279367210e-01,3.493689597894573673e-01,6.671559753831025619e-01,6.027675794540315879e-01,7.171173924435035874e-01,8.899531043057884450e-01,6.996876722013095629e-01,5.759448349174333126e-01,1.288888622197097711e-01,6.662431916941370380e-01,6.544221286872087262e-01,8.636248202909796445e-01,5.064167291352653644e-01,4.259383562454715499e-01,3.454855016112512531e-03,5.593985916670193292e-01,9.956480901902804437e-01,5.452333085253580069e-01,5.018088442300364660e-01,7.345526777944406671e-01
4.128170815084599710e-01,5.660919220281620534e-01,9.249723978248489686e-01,5.938633236698040996e-01,9.999028036681496534e-01,7.432295388186372920e-01,4.825674880853504378e-01,4.335280603913436726e-01,5.845360837790376518e-01,5.756257201361110187e-01,7.095970300718582591e-01,0.000000000000000000e+00,2.841952742700894485e-01,2.808620672656841899e-01,6.338887155395093176e-01,4.558337301096066496e-01,6.112441465464687473e-01,5.930212176056844919e-01,8.982786691295556736e-01,9.722962732319614387e-01,2.452760267003195882e-01,7.308405361506611353e-01,6.323183272732020299e-01,8.181480490903343394e-01,6.104038281218631123e-01,6.727968493164794284e-01,6.475670273602927018e-01,6.826237690216000464e-01,7.299580125587956658e-01,4.237956697885281732e-01,6.044305867022178314e-01,7.679523325899050290e-01,9.949396621579859046e-01,9.968290775407600002e-01,8.622830059495710797e-01,3.800216691895601517e-01,2.874827678132703124e-01,5.119336484736002335e-01,8.147919713846193401e-01,9.204478674390682569e-01,5.928011815373670501e-01,4.942071448959433067e-01,9.781237349523987934e-01,4.428765617653953601e-01,7.420920818279101994e-01,9.706108816670419026e-01,8.820164797103613452e-01,6.113915877623748996e-01,4.616128230681728617e-01,3.499114643926731077e-02,5.508236835880713222e-01,9.501532492469959568e-01,9.524474477061136701e-01,7.736603888810804630e-01,6.034810674270657538e-01,8.102040715893185086e-01,5.168332873188918875e-01,5.189579245835455046e-01,4.944906662915767304e-01,5.427627413615552232e-01,4.030898683176793451e-01,4.022218791127575854e-01,6.404598402641731303e-01,8.878696246986983454e-01,8.388797562384360251e-01,5.780431629821486395e-01,6.216761601693833184e-01,5.850145818856391511e-01,2.180852738627374054e-01,6.976101124062966674e-01,8.193887315059960041e-01,4.983973377557924800e-01,6.669559382082406174e-01,4.566078304340805416e-01,7.732037467674571785e-01,6.505112082007680208e-01,2.841736766836981953e-01,7.286554632039629054e-01,7.201031186356705582e-01,2.359087367812618685e-01,5.983970088074158644e-01,6.353673800136077077e-01,5.492900385302036392e-01,3.271466638721585163e-01,6.481197940261271828e-01
8.453950401304239914e-01,9.829987318358233139e-01,8.222544510638379878e-01,7.100147101697082963e-01,6.439097765312732369e-01,4.558542437675958681e-01,5.310843401964002730e-01,5.889389073436650524e-01,6.985949249691869589e-01,3.731891666518667994e-01,8.846775973833610474e-01,2.841952742700894485e-01,0.000000000000000000e+00,4.976337257520357937e-01,8.934271615948223833e-01,8.154856713910112465e-01,5.559145675919989760e-01,3.915294001499421972e-01,9.768025767566159701e-01,8.791109406667630966e-01,5.732382223295492407e-01,8.128207024261903113e-01,9.687663995808752926e-01,7.450912369068487529e-01,3.658236275229173051e-01,7.087116744112570421e-01,5.835988848543566254e-01,9.649015736871807691e-01,1.684441066845005219e-01,3.343870930370547168e-01,5.545387733971025579e-01,4.902326820898523230e-01,3.682269899424956972e-01,1.547571971336133556e-01,8.194672665458078153e-01,1.936357301035025458e-01,4.110061130226053683e-01,9.663637476906474788e-01,9.095903229175820170e-01,7.534822387035737812e-01,5.052227529946092810e-01,6.813828771682701735e-01,4.952286233192002007e-01,7.752580864725842069e-01,8.049404505414707867e-01,8.418790054957056013e-01,5.680451827799413156e-01,5.046385969761996160e-01,7.686501822826616870e-01,7.976082378049688115e-01,2.221808862876256674e-01,6.581289701950070459e-01,4.549477550583334584e-01,9.473905777502167336e-01,9.360789211421252087e-01,8.590137265407945533e-01,4.306557627463257765e-01,8.239972080963585688e-01,9.169462565859020087e-01,4.513329716391341062e-01,2.324974594321603250e-01,7.627914184673821874e-01,8.466503086312548998e-01,6.336373092015663566e-01,8.137778245247675457e-01,8.633872587169360013e-01,7.698125818971541801e-01,6.261519216665512033e-01,6.770841076232954059e-01,8.625404876422163580e-01,6.939964276901344764e-01,8.399804109080686310e-01,7.628799703595429138e-01,6.120498860273595465e-01,6.570649532483278099e-01,8.964078706295980359e-01,6.230072091046754412e-01,6.832760379768711978e-01,6.617485101976789963e-01,2.239021317334486949e-01,4.620366528047339938e-01,6.869929085933640378e-01,6.853742489278448202e-01,4.128587910043300391e-01,7.657483853408459940e-01
7.226410887277310291e-01,4.346659688050883430e-01,9.080072417449904787e-01,9.784616803666466023e-01,5.655307351868392729e-01,8.034835607786814382e-01,6.770009437112518569e-01,2.266800220880474392e-01,6.559905715085986300e-01,4.023626132866329752e-01,3.387873085664696027e-01,2.808620672656841899e-01,4.976337257520357937e-01,0.000000000000000000e+00,5.779593794965024456e-01,5.183001405590699218e-01,7.282894078529087434e-01,7.746623335182536429e-01,9.648142061522573254e-01,6.749419652012542681e-01,7.578625521483138838e-01,7.327717760111144285e-01,8.235779622009876677e-01,6.512586117256525808e-01,7.638198445726249730e-01,9.855514644633932564e-01,9.656838108232305151e-01,5.177200742502382491e-01,6.426057137372350736e-01,6.905831255310329597e-01,5.052028554531347304e-02,2.445276482810213037e-01,6.135746467162797035e-01,6.514303874233720038e-01,5.668869932183043803e-01,5.991269728067941669e-01,2.103770130884621004e-01,5.251707195271699824e-01,4.356956536580823269e-01,4.098166422753637406e-01,8.360666896961257422e-01,4.717999497461387026e-01,8.749539905572814025e-01,7.353508677943217942e-01,9.336167934914538780e-01,7.211957211371675669e-01,6.055241312241759211e-01,4.890007739854535518e-01,7.493214600903156386e-01,8.257906056039365783e-01,6.125935956124017867e-01,7.796061848117112891e-01,8.250365118483278248e-01,8.416754321741240497e-02,9.296552785327140134e-01,9.108531502559600312e-01,3.553946443854579806e-01,4.819487657791996504e-01,5.729048576605775267e-01,6.744397429112517495e-01,7.742228523582149469e-02,2.739364351264804709e-01,6.615196864844574698e-01,9.555101859093607652e-01,5.224229923880840953e-01,8.337817986020402694e-01,3.852739511210109269e-01,9.805387861610677103e-01,8.508745462785718416e-01,5.874729491520920555e-02,6.440610798419824645e-01,8.049860034180873480e-01,3.078756151636321547e-01,5.669665273088058122e-01,7.412317849284184579e-01,8.303327758200510500e-01,5.548659953376204879e-01,6.011626807311005738e-01,4.220037953100932437e-01,2.577742548389225785e-01,6.611893357250395731e-01,9.632244003669018229e-01,9.355708670312913311e-01,4.756116570960869372e-01,7.127910590476920216e-01
6.456183006943924108e-01,4.023733469310017963e-01,8.551720821936417138e-01,6.883426414252695746e-01,7.526117670342151733e-01,4.843645457972585167e-01,4.371144585044167141e-01,6.799202807693279782e-01,8.878490147928355114e-01,4.182430039943859645e-01,5.838248417884333019e-01,6.338887155395093176e-01,8.934271615948223833e-01,5.779593794965024456e-01,0.000000000000000000e+00,4.684016857999958594e-01,6.741667837988060130e-01,8.480879740000593081e-01,5.530525095648584077e-01,7.164815235109079916e-01,5.645254679955307164e-01,7.243244173920512230e-01,8.177781909296034657e-01,9.526514378932937621e-01,9.157283812119635380e-01,5.955347361652461036e-01,7.457050973377343794e-01,7.101384052090599086e-01,3.146543845735202960e-01,5.383663486160703560e-01,5.315222368566328154e-02,1.363426357841606984e-01,7.335998619826762379e-01,6.593890455372406478e-01,4.936021770352123639e-01,5.391220841863851865e-01,3.952163835594003638e-01,9.157114856212769105e-01,2.801047272798070642e-01,8.177150507328294626e-01,2.588170008589938398e-01,7.760009198715980272e-01,9.751242109222917342e-01,2.741484699240303025e-01,8.177225704959053543e-01,9.989266123707674083e-01,7.325154745745634521e-01,7.173060895871078424e-01,3.414706316277943410e-01,4.966427257993385469e-01,9.990870784306503383e-02,2.247726887917027849e-01,6.783192767858529093e-01,9.958695912307651277e-01,8.523343276604724572e-01,9.736092295930476315e-01,7.869424152980228904e-01,8.626610937488040642e-01,2.978327965231840069e-01,3.210018080400818818e-01,3.561323897177067210e-01,6.082615462875944345e-01,7.149712450030782929e-01,4.299805941807974263e-01,7.155464876197658031e-01,5.979907270658554319e-01,7.377367801406675696e-01,9.116180612835802499e-01,4.275157677976545445e-01,7.629478763895577442e-01,8.367376613475062674e-01,-7.379393740449824435e-03,3.866645361780897683e-01,3.780254438272729889e-01,3.764894135663886532e-01,6.376140060572006441e-01,6.435457039113990918e-01,5.399576825179872586e-01,3.542102847466207516e-01,3.290546638858871109e-01,8.855791876679299790e-01,8.607359502126555872e-01,7.573402773405392141e-01,5.179317017272742074e-01,7.922299443743344716e-01
8.663217559590976613e-01,6.373229192971060497e-01,9.973958411939281010e-01,6.344849141090758149e-01,-1.108048850066434693e-01,7.361877880408034258e-01,6.283664397332893170e-01,5.028304084860157896e-01,4.532575138743042409e-01,8.118229678836534902e-01,5.421009155896988618e-01,4.558337301096066496e-01,8.154856713910112465e-01,5.183001405590699218e-01,4.684016857999958594e-01,0.000000000000000000e+00,6.595060042596226912e-01,-2.853853080514513474e-01,6.052838365722659209e-01,9.540673798199139632e-02,7.336317997191297291e-01,9.452212173326096645e-01,4.181710047785225370e-01,8.352200665457316653e-01,8.650542693436367170e-01,5.865874253947926942e-01,8.936694423853168701e-01,7.410720824934962092e-01,6.403474845320651365e-01,2.944000052392213296e-01,2.379108938201097700e-01,2.685101772092090000e-01,4.829780541197021271e-01,4.975324593751955238e-01,2.483127030443583738e-01,3.052547178024849761e-01,7.576818771191975443e-01,5.672099710012651341e-01,7.169888635415835321e-01,8.536003170405686014e-01,3.478991109212645760e-01,9.244128500794845937e-01,8.164666983641483133e-01,7.095106787341197707e-01,8.662998433721468272e-01,4.960434657731657149e-01,6.695673998869503540e-01,4.653010774319518150e-01,4.787052216414852679e-01,7.503674113582330385e-01,8.727660699851477188e-01,6.310049532770198866e-01,3.271407922338531726e-01,9.042984087110924607e-01,6.801488987709334300e-01,4.012358808171488933e-01,7.145541748138677374e-01,6.348290319983911356e-01,8.058025239782882210e-01,4.714914866224761969e-01,5.262842654293641287e-01,8.117043138025854532e-01,4.670333808263266162e-01,9.664043391826517837e-01,9.855657008700772215e-01,3.387044952864871616e-01,3.697500794529071655e-01,9.932982908508425357e-01,8.344447883573101743e-01,4.216149063867623559e-01,9.290830492557881071e-01,8.652825769636289799e-01,6.865783588117885250e-01,7.839706544949435196e-01,8.497487762193400851e-01,-2.546618818189382294e-01,7.999726977391929950e-01,2.152450471765378903e-01,6.413874221060932024e-02,3.635914568228172383e-01,4.460497355358956639e-01,7.779923671948526520e-01,8.535609696296835303e-01,3.262437779761788725e-01,2.922444928228925543e-01
8.033892865669999273e-01,5.620161961192191580e-01,8.991444592466921737e-01,9.873569839279144889e-01,9.045737745428428234e-01,7.785980323256724844e-01,7.408875852694924991e-01,7.001386741472344077e-01,7.418087445110265188e-01,8.548112628233135446e-01,5.013920843993786569e-01,6.112441465464687473e-01,5.559145675919989760e-01,7.282894078529087434e-01,6.741667837988060130e-01,6.595060042596226912e-01,0.000000000000000000e+00,9.324260890309223893e-01,9.517717471199804713e-01,7.358571883855816731e-01,2.730328998786157313e-01,8.237339053676531186e-01,7.794003775279589874e-01,8.590553008319719019e-01,4.442144908361573274e-01,7.169019069923837639e-01,9.694675689146485809e-01,9.876272630145723763e-01,4.922450972911562306e-01,4.606330877917640398e-01,7.782964632282518731e-03,8.618369157300188599e-01,9.554034063608352056e-01,2.833615334508275962e-01,7.114307957569578900e-01,4.100038075200254095e-01,2.709313455143042559e-01,7.681078126873025491e-01,8.455555262261973404e-01,5.746749712284626721e-01,6.648086270691739852e-01,7.378058309402129034e-01,6.338188405109447254e-01,9.208368622055828068e-01,6.850569924733888039e-01,3.461136826565370805e-01,6.723983324866631417e-01,6.718223708778787717e-01,8.013414356155055263e-01,8.051760353223746947e-01,9.323599761130394459e-01,4.631026526058772408e-01,4.165285131310809685e-01,5.733983783503190379e-01,6.162541247789131704e-01,6.342518600225075520e-01,6.449225746886152466e-01,9.133192503795898309e-01,8.227235628719966609e-01,6.701366589752177916e-01,3.310974632047883892e-01,7.190871628057504683e-01,5.095799739879930401e-01,7.441520579948470715e-01,6.731273118576652781e-01,4.119776413586681008e-01,6.918698460739149958e-01,3.341852470545257914e-01,7.226842804456767855e-01,8.463786032840315832e-01,4.817069206973492168e-01,9.097567868990908968e-01,5.841347433536089317e-01,5.435003644683186197e-01,6.401660312957067056e-01,8.889292588680578477e-01,6.572131001006384921e-01,8.678133604651494526e-01,3.671568487942360459e-01,1.241311895393052700e-01,8.140666689862662286e-01,8.663045762179563125e-01,8.815637048676371323e-01,7.273022171439507133e-01,8.160858233466661282e-01
8.742129658203658948e-01,7.433309054812494709e-01,6.488608924340636408e-01,6.265302064874471721e-01,8.767120523230871321e-01,8.536476215420658598e-01,7.128684436043308814e-01,4.314537122910047651e-01,6.628101398435573000e-01,6.025352025782437781e-01,3.946036790260167293e-01,5.930212176056844919e-01,3.915294001499421972e-01,7.746623335182536429e-01,8.480879740000593081e-01,-2.853853080514513474e-01,9.324260890309223893e-01,0.000000000000000000e+00,5.887562695978543204e-01,7.778477355973469898e-01,9.641956452403225297e-01,9.950763096892096815e-01,6.043485973671784972e-01,5.785648655798806272e-01,7.990115302347335913e-01,1.327677989064779407e-01,6.303582837945221895e-01,8.830057136277439378e-01,6.311863008268471242e-01,7.838827106759138630e-01,7.194427434705931157e-01,8.648031294952802650e-01,6.551001142997938675e-01,9.727069266710021145e-01,9.308329778895103601e-01,6.923090539770370144e-01,7.821090591515653667e-01,8.374384269179979690e-01,9.476633868897637036e-01,8.866870095631345094e-01,5.014321143538840592e-02,5.668944960272040978e-01,9.404725396372953794e-01,9.898003124760577087e-01,7.860917118630472711e-01,7.379698503880744997e-01,8.341179782289787070e-01,4.853392132157975380e-01,4.302497447508958905e-01,6.086021998814017397e-01,8.060143106363307774e-01,8.563852122399784328e-01,9.596375341307653573e-01,4.382162664729644108e-01,8.254483191164038169e-01,9.877212276922979761e-01,8.136496189694614189e-01,6.722972318304984984e-01,7.820949509923570409e-01,5.263468121087552243e-01,1.958561472907602852e-01,4.292912770415699408e-01,4.785502494346139946e-01,7.023624129196153199e-01,7.377188581808989953e-01,3.980483908039734731e-01,6.234174292038430210e-01,6.947074872590902617e-01,7.833954049435123412e-01,8.081390326343909081e-01,5.712883095582965698e-01,7.683135125409952249e-01,6.878036568132672723e-01,5.259212400483466165e-01,7.723771925583162723e-01,9.711827292528184552e-01,6.783581824298970941e-01,7.859267823909292794e-01,-1.700010755521993711e-01,5.742615065614176811e-03,5.614983004188823790e-01,8.997870922420753148e-01,8.036226283201657328e-01,-7.654944478855105205e-02,9.277291586279541313e-01
