0.000000000000000000e+00,7.170196863256960151e-01,8.803012246171130206e-01,6.361098064129380170e-01,6.117476526060028341e-01,9.495032458695756850e-01,8.349404311542216739e-01,7.696449427108325025e-01,6.380459807006606532e-01,5.763159050922755933e-01,6.073453069459424647e-01,3.902195447785727911e-01,7.926869774296904092e-01,9.988545780749720215e-01,6.243852980105659700e-01,9.815262877141269771e-01,9.762982231555281665e-01,4.544152613430791909e-01,7.747599723177444053e-01,8.132806571146611319e-01,7.490187519277461403e-01,8.868766780627657109e-01,7.404312442989740006e-01,9.741637760676693514e-01,7.515095808255827237e-01,5.027821411116105699e-01,8.308706028129381194e-01,5.451763104084832445e-01,4.905188802804612558e-01,3.821671575518120756e-01,5.533857962881825188e-01,9.937222984815641258e-01,6.279879467159259487e-01,9.002144088683571299e-01,6.589157813004042907e-01,3.926398185236272820e-01,5.849702049505036694e-01,6.686975363335667666e-01,9.866317189603508453e-01,9.597718466920468483e-01,6.282431212687125122e-01,8.676669702333259515e-01,7.378390847343908598e-01,4.386795789560318237e-01,8.761868832121664230e-01,8.670982124591144480e-01,9.536228367122518979e-01,6.407588131211728877e-01,9.644329991639191135e-01,6.276755089405791077e-01,8.641016634534159913e-01,7.121120340408602090e-01,9.732978885766667698e-01,8.549061812633975688e-01,5.885617271678474927e-01,7.308537870578551976e-01,7.455004269750773460e-01,9.035650636369257915e-01,9.020791611996952231e-01,8.692985597747475701e-01,4.056143590331847126e-01,2.024707655498997338e-01,2.992096073553219271e-01,5.674401472487083931e-01,9.800672500961402633e-01,8.060259496612162122e-01,6.170457087797858176e-01,3.348193467893303410e-01,6.457075997177275095e-01,8.167045327006556832e-01,8.971750450867211901e-01,2.241636291053687724e-01,4.581493927012210698e-01,5.991546916214087748e-01,6.115646734507620419e-01,7.513426483068191830e-01,9.287035739477738083e-01,9.629030322937270903e-01,1.882779123580377301e-01,3.084280414823760141e-01,9.845007559421160570e-01,7.018545303009090519e-01,8.084581197964992860e-01,4.379964439559468348e-01,7.224047340628763081e-01
7.170196863256960151e-01,0.000000000000000000e+00,8.627072360932914741e-01,8.916921479170885068e-01,7.170070810268219796e-01,1.807792051659284915e-02,5.606924826049831667e-01,8.013746808342014916e-01,6.681544256588045627e-01,6.983317041259844427e-01,7.293363452232554112e-01,6.213766533130816727e-01,2.998513718340519163e-01,6.604767931842396855e-01,3.842779375396593311e-01,5.556065134346204193e-01,7.767724750474893636e-01,8.052001629264228244e-01,9.214226154615040576e-01,9.308246995380300426e-01,9.551819383624088333e-01,5.864472555145453514e-01,6.852961912187387483e-01,9.535338033364264554e-01,3.654924895232430915e-01,6.012715886801249798e-01,4.092342318753899311e-01,7.332094399509678784e-01,5.970089835190339755e-01,5.076982313524713852e-01,7.919358111959640123e-01,8.242379242255046812e-01,2.333500905900752487e-01,8.864211020338506053e-01,5.598120123968871598e-01,3.879656288269199838e-01,5.305815283920978231e-01,5.114081582986258478e-01,6.563786813778582641e-01,6.732741826554670128e-01,2.926997410572723668e-01,6.660618982745761807e-01,7.474692943486168639e-01,6.533699615495681678e-01,6.472728420177232822e-01,7.305809181816916853e-01,6.827237317369130309e-01,8.201304947143903679e-01,5.704535962669000648e-01,5.586861957064830353e-01,5.835986295306525573e-01,6.103963566805463703e-01,9.119685992037469546e-01,2.313845615283228740e-01,6.607444536360902454e-01,9.021475597480930197e-01,5.804197205341452559e-01,6.002266827038774677e-01,6.889594802207577029e-01,4.055905740298967332e-01,4.315610767941642500e-02,6.256443259753186048e-01,7.973764959281226528e-01,9.294820642071158767e-01,7.096205500689423129e-01,6.940879200805458726e-01,2.732467408032387413e-01,6.792508569919083472e-01,8.239453912243313027e-01,7.418256653012825774e-01,6.245714174899632543e-01,9.428489018966947910e-01,8.720032422815782169e-01,6.632902610341249172e-01,2.943957478341771572e-01,4.432601247643713771e-01,9.525049872932438433e-01,4.837811760721087428e-01,4.316711404068951929e-01,5.612682822913501735e-01,5.791362689709621536e-01,9.446838204074543555e-01,9.740626537416410269e-01,4.107176505760504748e-01,7.485527324873770816e-01
8.803012246171130206e-01,8.627072360932914741e-01,0.000000000000000000e+00,7.475782462163463871e-01,9.755546922225479811e-01,7.108442500633999073e-01,6.847382764705548519e-01,8.347058874612024448e-01,8.810333467622277759e-02,8.306910122795203577e-01,8.774583398034694337e-01,7.083233121791856490e-01,8.258106015831567781e-01,9.044993424031103624e-01,8.871136830471230139e-01,6.069829481846977792e-01,8.231669920885752445e-01,9.388052763680220236e-01,7.174458054508847660e-01,6.599828565560278415e-01,7.757705735406809078e-01,7.947712638251573924e-01,4.232195626369644192e-01,6.821761305810901677e-01,5.929529854443396086e-01,9.419576627275696445e-01,9.936537589233115364e-01,8.294149928129609384e-01,2.812896089336119343e-01,4.952825499295233636e-01,4.604801657598224796e-01,9.649867460506449390e-01,9.885354486695564491e-01,9.229445349175976476e-01,7.329665204331404782e-01,8.124273709243213792e-01,3.462159026115989996e-02,8.384003962699950741e-01,8.368564432596911074e-01,8.697233317593040525e-01,6.372156155547665790e-01,7.379223525082954094e-01,6.236355752869064961e-01,9.413294331938225623e-01,8.709308955493850757e-01,9.878966557175375973e-01,4.721815310012145162e-01,9.696283056547411183e-01,8.737063393587612969e-01,9.619895195329074555e-01,6.749464892974482710e-01,7.776123070721169261e-01,9.174506951329572946e-01,9.800413049034856217e-01,7.655381733997059790e-01,9.727595730783908934e-01,9.071294229624019545e-01,9.985408079532418490e-01,9.087691118504386267e-01,3.633032915127955009e-01,4.155377885872846289e-01,9.459870323819573601e-01,8.668122799739045314e-01,9.735893855700310517e-01,7.497042235140933819e-01,7.524839369976051850e-01,6.127360190179569344e-01,9.472467645371881462e-01,9.201806311873043098e-01,8.540208429119227063e-01,8.895355795509715113e-01,8.773542602640496124e-01,7.232963467643438449e-01,1.924189238014103187e-01,3.721121184802330673e-01,4.317134952516104018e-01,9.165858941898831214e-01,8.833812715056861276e-01,6.639656339309462085e-01,6.059785919266846843e-01,7.035506703936087458e-01,8.430868664275301683e-01,6.861792548225968957e-01,9.069253491935569400e-01,8.854824045055343928e-01
6.361098064129380170e-01,8.916921479170885068e-01,7.475782462163463871e-01,0.000000000000000000e+00,9.677923832642741919e-01,7.179009612161431075e-01,6.602673320984705496e-01,4.568467914734494761e-01,3.310869129119720089e-01,9.981287808645642468e-01,5.397971541581829680e-01,8.922790682135046669e-01,6.412833939517061932e-01,8.378019865583892223e-01,7.947565069407063199e-01,9.031812503996423658e-01,9.021976565619966859e-01,9.502861126345497622e-01,8.975657072749421150e-01,4.168765987036935350e-01,8.359555593402163698e-01,7.453469324871933033e-01,5.948234010467670085e-01,8.600210687737015469e-01,5.959555233960085463e-01,5.294765872099946868e-01,5.742439749950128958e-01,7.421722210241625817e-01,4.425194476475368677e-01,9.225214552285175840e-01,6.499644735098382142e-01,4.160443823370263416e-01,9.121161292303524570e-01,6.693924306655227863e-01,6.829329070876584140e-01,4.127802239327677536e-01,3.349727839358051518e-01,7.421773341586755945e-01,8.759958319462068932e-01,9.872199975490801860e-01,4.730593325712574293e-01,6.323509028267477738e-01,9.594406484373418920e-01,6.841140077243670348e-01,9.486300516568183516e-01,5.279651325425397390e-01,1.764100153737919729e-01,9.202254918916760174e-01,5.811793465099478473e-01,6.545638474410772067e-01,4.102703676082108952e-01,9.658028071060076325e-01,6.489172928710383870e-01,5.151255374144368959e-01,9.244029016758515960e-01,7.946731054371323211e-01,2.522494815084584396e-01,6.163800809538347858e-01,4.968518176196249359e-01,4.388243241365646918e-01,4.483763864996175852e-01,5.359479731368046451e-01,9.038208537839136358e-01,6.360031264821205399e-01,5.495532537548759588e-01,7.076469873768483909e-01,6.460064627946542348e-01,8.531103113883876654e-01,4.665742161041901426e-01,9.937473022572126391e-01,8.717231184717793013e-01,4.001894525116825863e-01,3.371424326868062149e-01,5.597831022715203941e-01,8.739581153715754169e-01,8.637145314872554103e-01,5.049331096656672901e-01,7.827946781479547811e-01,3.383946799297762875e-01,2.824871303942915191e-01,5.905183014362334060e-01,8.614327564474610899e-01,7.883063343649718835e-01,6.332170517735873361e-01,6.772973084891849016e-01
6.117476526060028341e-01,7.170070810268219796e-01,9.755546922225479811e-01,9.677923832642741919e-01,0.000000000000000000e+00,8.536772345904453108e-01,6.505462947328707335e-01,4.894896802517582080e-01,7.405853924886238726e-01,5.756739699730542004e-01,6.241552674770981524e-01,7.677999385898948148e-01,3.512380955806520405e-02,7.410432434792407763e-01,4.023749481124014871e-01,5.760724932811517318e-01,6.150820985609076752e-01,7.459824187818628882e-01,3.744648276141963050e-01,5.275733007735803337e-01,8.727782380600066503e-01,6.248975310995097399e-01,9.824339066596972092e-01,9.842757018020498183e-01,6.284124193431749328e-01,9.700768218697340961e-01,9.287781346561867490e-01,8.824732084370588980e-01,2.994542651338440997e-01,4.420621666231034919e-01,2.051726006646546474e-01,5.692122646134727404e-01,6.725638891063292490e-01,6.083565913347673826e-01,6.484750301894053326e-01,3.496201770573922341e-01,5.536311278782635181e-01,6.215951263267673887e-01,8.619840342216502638e-01,6.723579063429478975e-01,3.045558161775090422e-01,8.302192324939592361e-01,6.790250976928491333e-01,5.963377197561756660e-01,9.794647678569129434e-01,2.944166658016611482e-01,9.501267518031013548e-01,4.526781484515220999e-01,5.729466057393052258e-01,7.392318448741512782e-01,9.489966728075234226e-01,6.871424319909751333e-01,9.539329389096562473e-01,6.881292986658597011e-01,6.070255962311762454e-01,7.193484832365331094e-01,4.362077284838910551e-01,6.158396116992237435e-01,9.494938722076602389e-01,5.010314562737745447e-01,4.737002237176196062e-01,8.276419842023411411e-01,7.314851211140804832e-01,7.510857006771113342e-01,8.814000707999047890e-01,8.952314675153447698e-01,8.776834562987635424e-01,8.318535073325805662e-01,8.368003708746207803e-01,7.472884216934044810e-01,9.118982071738963580e-01,4.280956080013612608e-01,8.324995641877477315e-01,3.620632508827075768e-01,5.234133390438255873e-01,7.884809896692335229e-01,7.812054634834126876e-01,6.029206752801619107e-01,4.739667822384724949e-01,4.817704248765962149e-01,3.801263121573957848e-01,9.520952340021304749e-01,7.903793384655188881e-01,6.166776329762068132e-01,7.457382553281809434e-01
9.495032458695756850e-01,1.807792051659284915e-02,7.108442500633999073e-01,7.179009612161431075e-01,8.536772345904453108e-01,0.000000000000000000e+00,6.276720305579734926e-01,5.758808367726875321e-01,8.351216089206907611e-01,6.571184361801707396e-01,7.401732342018544353e-01,9.450777653707007619e-01,3.391819203864492316e-01,7.216658513440324940e-01,5.671930249763174059e-01,7.166944901835938797e-01,8.087807448645844000e-01,5.025859969456759613e-01,3.145977212895262332e-01,6.758512262455780295e-01,-1.561685442505180155e-01,9.773433090444311189e-01,7.728685473153066310e-01,8.837775177129177928e-01,3.203937933838912344e-01,9.790981055744814032e-01,9.372393811161984223e-01,9.425667752110369335e-01,7.796504423868237943e-01,2.952722706063570235e-01,7.272602078888472654e-01,2.939212202014426234e-01,9.049813530215110591e-01,9.461789230986819010e-01,2.971340864121991832e-01,7.622435214154159588e-01,5.725138880575333378e-01,4.091112806191455897e-01,5.159490736155450952e-01,7.847521480184105336e-01,2.284656153447457705e-02,6.735641471599951302e-01,-1.204948749984757483e-01,8.070816218123921804e-01,8.709278913284764778e-01,8.350742939042961055e-01,8.429134677998669778e-01,8.221536252662423605e-01,4.072451163106829974e-01,6.255801289210572991e-01,1.999018982363220398e-01,5.117566411002764104e-01,7.287742946851628600e-01,6.105948129710803141e-01,9.690662134211051049e-01,8.010772916559851797e-01,6.568108964157544083e-01,7.442980223032952258e-01,8.550143665648948232e-01,4.670831263441053149e-01,1.280783016109494354e-01,4.915701206627371422e-01,9.377603521313562229e-01,6.082082797236760818e-01,8.041128336021976519e-01,8.567692438542579003e-01,4.608939232641938721e-01,6.274544701962684323e-01,7.248906759724389470e-01,8.127673574583759164e-01,9.126906790036380945e-01,7.591740178089227964e-01,3.770924946291552282e-01,9.862113386720446906e-01,6.675820681962795211e-01,8.827998676870458805e-01,7.117583604364913219e-01,6.601388750605189371e-01,2.891435719633738688e-01,6.789872171735143735e-02,5.747606753782606992e-01,6.702676161442207015e-01,6.057915974635648126e-01,3.334718655332237214e-01,1.236041249999677016e-01
8.349404311542216739e-01,5.606924826049831667e-01,6.847382764705548519e-01,6.602673320984705496e-01,6.505462947328707335e-01,6.276720305579734926e-01,0.000000000000000000e+00,4.605886086419172520e-01,1.847353976277141541e-01,6.373028983582470497e-01,7.544632792487486750e-01,6.354198485643919314e-01,6.529775291370496504e-01,4.197494824007540482e-01,7.856741105531577229e-01,4.770927091105485185e-01,6.205908455403812835e-02,3.795712024216469915e-01,7.870394478599395116e-01,9.443499275237645652e-01,7.010887281567482754e-01,6.782942597058130296e-01,5.520006080454026298e-01,8.241718326826329433e-01,8.476705902860196540e-01,7.838513432621116994e-01,6.762871185339462965e-01,6.420854851358668292e-01,4.911129054434802410e-01,4.678958778466906221e-01,3.723020840375397267e-01,6.730420466369416710e-01,2.885114340673018418e-01,8.236430543479802413e-01,7.355719921065595468e-01,3.687009984932993478e-01,1.825344703873188201e-01,4.110948783947099838e-01,6.843255424352808758e-01,4.136789128602431642e-01,6.977845388584433817e-01,7.812166175111292521e-01,7.533666510210328404e-01,2.665965805328814886e-01,9.322653617918696956e-01,7.357274181786789269e-01,3.238111502506171302e-01,7.925741588473816934e-01,7.627923034817803982e-01,5.090936089782071017e-01,7.957646618268540140e-01,3.480779350605132660e-01,3.532472926634297461e-01,4.225516767553002540e-01,7.344507383586891258e-01,7.559759793914985204e-01,2.151560061119537348e-01,6.591334914946591628e-01,9.549704802066532050e-01,5.067636609026896499e-01,5.030922587204925134e-02,6.245340397805048127e-01,7.055367311296204536e-01,9.722623527620326556e-01,6.695491340234965838e-01,6.916924833724794608e-01,2.692609238269793037e-01,8.062974269353265777e-01,2.757386388810859623e-01,4.054236701502252904e-01,4.329961944429795428e-01,7.528352041369612557e-01,3.472310724194792586e-01,5.018481006961653668e-01,5.421213490018683689e-01,6.396223824436224614e-01,6.022615791919703199e-01,7.599248072795262710e-01,4.610814784261823007e-01,1.999285249893733019e-01,7.392585382369151192e-01,9.082559164601887725e-01,7.191814142210598559e-01,7.649498276640449568e-01,5.669702187266628668e-01
7.696449427108325025e-01,8.013746808342014916e-01,8.347058874612024448e-01,4.568467914734494761e-01,4.894896802517582080e-01,5.758808367726875321e-01,4.605886086419172520e-01,0.000000000000000000e+00,7.552626069519533525e-01,5.566936648085916151e-01,8.273489340422789384e-01,9.372491535562861298e-01,9.543660061534073868e-01,6.564535821606786170e-01,7.314980060341027546e-01,6.306769928207899278e-01,6.197790472258286609e-01,7.890722847294995290e-01,-1.368250094720904197e-01,9.239786562051965912e-01,9.662116348213760642e-01,6.391134616457587736e-01,4.697781909247504828e-01,8.530289002374203955e-01,5.185773971169418406e-01,3.054491682066566294e-01,7.252331691686457749e-01,7.055488774049719636e-01,-2.270294277480705558e-01,6.400380910339564799e-01,3.732904165089768744e-01,8.412670607699815895e-01,7.626659397701331944e-01,-1.454193170565849236e-01,7.817443411131677067e-01,6.858743470791442975e-01,5.422389687216140342e-01,5.829709296901814941e-01,7.386371291248131632e-01,4.301995412819303866e-01,4.797920027664412945e-01,6.728217427837812625e-01,9.984431322716316171e-01,4.552402585085477682e-01,9.015434138489670790e-01,6.557088174750184129e-01,6.380156181227057965e-01,5.729380385156355171e-01,8.169819295544954452e-01,6.379912112859079665e-01,7.739116914901137401e-01,6.594333193876016352e-01,3.598252642861412554e-01,6.496264535151574648e-01,9.179159374888304912e-01,6.428498382879408446e-01,5.029341979061003887e-01,4.634008622350734852e-01,6.337644841685616814e-01,1.826673771615162645e-01,2.170071787432922006e-01,6.042188842233273682e-01,6.624313683620173254e-01,8.558220811455746757e-01,8.162978735341158698e-01,7.142740377213797620e-01,6.520457695922340369e-01,9.479403371498477116e-01,7.901037457733937064e-01,7.523031690776044167e-01,8.109991221977694842e-01,8.571135423916663720e-01,2.749496647497465251e-01,6.255125626101168956e-01,3.050932324934252371e-01,4.557056876921719568e-01,6.510356726739094935e-01,9.689682469419133026e-01,5.805256049868180446e-01,4.525967347961862841e-01,7.187715048163205722e-01,9.890877001526674484e-01,2.331577236123393848e-01,9.108342424640871737e-01,4.447916799337888749e-01
6.380459807006606532e-01,6.681544256588045627e-01,8.810333467622277759e-02,3.310869129119720089e-01,7.405853924886238726e-01,8.351216089206907611e-01,1.847353976277141541e-01,7.552626069519533525e-01,0.000000000000000000e+00,7.346898446345221378e-01,5.438000298203573557e-01,6.060063708343189637e-01,9.944672752863855658e-01,1.713931157257888027e-01,6.857218507336892976e-01,6.045345714043793839e-01,2.345817052500251687e-01,4.132264564823969755e-01,6.225930276361857363e-01,8.923301949587941762e-01,9.037187613090685856e-01,7.375376413165164458e-01,1.453509926435278821e-01,4.853831316711858523e-01,7.197355852524459641e-01,8.701656121591189175e-01,9.876403952828614052e-01,9.978523191774884005e-01,4.388293036903863631e-01,6.411023048305637406e-01,5.593097805545876877e-01,8.724016191335524084e-01,8.046590519445455669e-01,6.977739998252326936e-01,6.195891821279172484e-01,7.887893551015889848e-01,4.447204311178482028e-01,4.937574727450733114e-01,6.763185831405005288e-01,4.363479231914955125e-01,3.167569766222320671e-01,3.168973962423597412e-01,9.241126703107207518e-01,3.193536916711152696e-01,9.349284040178887922e-01,9.830443494089035061e-01,7.483206157453976548e-01,4.836632869615973274e-01,5.604282984181438998e-01,5.395062277267642648e-01,6.560849242741437770e-01,4.639208076639812495e-01,5.643030569263164375e-01,7.084360006136415366e-01,9.741261163238688070e-01,4.065014199420634022e-01,6.910307241744190199e-01,6.995324543943332030e-01,6.760553342112962660e-01,5.323319495677534263e-01,4.917518496801451255e-01,6.180101503548379727e-01,4.197245787600736855e-01,4.672738745127051896e-01,7.237803078672220281e-01,9.120704079407997433e-01,6.116318319170840345e-01,9.927807044980268003e-01,4.767891247362712748e-01,8.238336726803260346e-01,5.410960471261025972e-01,9.443146581180301702e-01,7.558690673014777373e-01,7.685615335803571702e-01,8.987234529959353679e-01,7.103953859576432883e-01,7.438945654967880905e-02,9.730911824347503458e-01,8.992596278680507760e-02,7.412070306574151946e-02,5.652146196850705850e-01,2.691645611917070635e-01,8.288479689011128693e-02,7.088033584498087958e-01,9.764509685502074099e-01
5.763159050922755933e-01,6.983317041259844427e-01,8.306910122795203577e-01,9.981287808645642468e-01,5.756739699730542004e-01,6.571184361801707396e-01,6.373028983582470497e-01,5.566936648085916151e-01,7.346898446345221378e-01,0.000000000000000000e+00,6.408272000352518427e-01,2.012534582650328807e-01,7.484595315211199917e-01,2.087860798481711282e-03,9.465542344878179470e-01,3.991324745404670749e-01,7.300621641628699532e-01,4.432478728894795883e-01,5.344150924403343605e-01,6.086702040198379571e-01,8.343295446652180258e-01,6.399908469219057761e-01,8.736336532517905429e-01,9.686566787492489894e-01,5.966700086122248559e-01,8.772256973510739186e-01,7.435491072548023883e-01,4.514240485983636586e-01,3.264368651088972451e-01,6.729459915661876179e-01,7.243295773457922859e-01,3.962010371248086971e-01,7.113410336790340072e-01,8.586627680297520548e-01,1.397853744248712671e-01,2.555148844736595537e-01,3.777181798964955317e-01,6.783307184857858552e-01,7.166346907752428885e-01,7.679559416756327472e-01,5.148336878416938101e-01,5.203589631623257716e-01,6.861188964552985547e-01,8.079297754074951099e-01,5.999288541945795306e-01,8.009262575953939312e-01,7.386731448639322073e-01,6.859962758282902584e-01,-1.261050523133355750e-01,6.317883092656990662e-01,9.775061072594001255e-01,9.594599911392404090e-01,-1.684757284277042522e-01,9.976898026770675276e-01,4.439101689851424615e-01,7.584282972561704472e-01,1.450201205176672170e-01,1.077488598372293160e-01,3.057842616033834005e-01,3.960489782380375301e-01,4.806773543339597499e-01,9.964041230810396499e-01,9.035401508172280494e-01,9.717283782116523660e-01,6.323373193834490591e-01,5.613178977431997341e-01,9.543449097933437431e-01,8.202569350820110294e-01,6.963889022560467712e-01,7.103636538314551663e-01,4.625789845070049089e-01,-9.772814112951350163e-02,2.767020911656141169e-01,6.993730790112810680e-02,6.029737054247537031e-01,9.868505819755782893e-01,6.825574795017068652e-01,6.110607291294435361e-01,2.313269499922136485e-01,8.053501094377657835e-03,5.377313911869553431e-01,8.384154610019503018e-01,8.263495839402833498e-01,4.183187565147413189e-01,3.813054232964299128e-01
6.073453069459424647e-01,7.293363452232554112e-01,8.774583398034694337e-01,5.397971541581829680e-01,6.241552674770981524e-01,7.401732342018544353e-01,7.544632792487486750e-01,8.273489340422789384e-01,5.438000298203573557e-01,6.408272000352518427e-01,0.000000000000000000e+00,9.852775335584091909e-01,9.515360499074485556e-01,9.435772751510509426e-01,6.337432543741965407e-01,6.000613725026212597e-01,5.764577316704537768e-01,5.764171845935207594e-01,8.189315314729096462e-01,7.253453024270988259e-01,6.843647149739939817e-01,3.161578801722437770e-01,2.884321379301748589e-01,9.492333416370718480e-01,4.844510907895940299e-01,6.310806927637816477e-01,8.578133969873169562e-01,9.913178905590962486e-01,4.473393395929237126e-01,5.015436090756859588e-01,2.819429728195717022e-01,4.961888941853590529e-01,8.829061150777743894e-01,8.273996272364564364e-01,5.105643023914858691e-01,6.220008319177922074e-01,6.746292854341362499e-03,6.376029415394207644e-01,9.909389955473371092e-01,5.989456210684607207e-01,8.422091535367334236e-01,5.525974067554513258e-01,8.511830523541754623e-01,8.281778219067748026e-01,8.544480162451768557e-01,6.639658101807915935e-01,6.835537470270839355e-01,9.868012237874130843e-01,4.509459621605069191e-01,6.560270472481017912e-01,7.093021318765124761e-01,4.784132738719436562e-01,5.637458754855544374e-01,7.368410645653500346e-01,8.781061260147465797e-01,9.115107327712995700e-01,9.561814330928363193e-01,7.635290742391791508e-01,5.996288686224987563e-01,7.352199677958040080e-01,4.203995053218482769e-01,7.356050685470377770e-01,6.805403519116548505e-01,4.711078951598498543e-01,9.046435536885404360e-01,8.983489644798015039e-01,2.995212785343078776e-01,8.367710761248561280e-01,4.085180778986955419e-01,8.689866319433959818e-01,7.693853075434544664e-01,7.562742327793701147e-01,3.677690092207541728e-01,6.743383713684806269e-01,4.277045755280857176e-01,3.760340694242444992e-01,6.167502975408613031e-01,6.833655380574612526e-01,7.106300700378551660e-01,5.245706869149133755e-01,8.549836807833903762e-01,5.165862905461330312e-01,7.692363537008245489e-01,4.659211375068741390e-01,6.684232682455681918e-01
3.902195447785727911e-01,6.213766533130816727e-01,7.083233121791856490e-01,8.922790682135046669e-01,7.677999385898948148e-01,9.450777653707007619e-01,6.354198485643919314e-01,9.372491535562861298e-01,6.060063708343189637e-01,2.012534582650328807e-01,9.852775335584091909e-01,0.000000000000000000e+00,8.125043747674632888e-01,7.940016316866169710e-01,1.344166868202722742e-01,8.865674528649873931e-01,8.894310684014179458e-01,4.060404509484015767e-01,3.008889936142864485e-01,7.798104594272238232e-01,8.511411045533421316e-01,2.865515848053000747e-01,7.149836949303400857e-01,4.040412402225179722e-01,6.298386421597398366e-01,7.499820853179800517e-01,9.747358591389696514e-01,2.338833942943689403e-01,7.586117406446609701e-01,6.005599807438224413e-01,4.303233329389557493e-01,4.430928697293237684e-01,5.608484005821714469e-01,7.271194758446593021e-01,9.651216318505585479e-01,2.756076143948670287e-01,4.590655808758044021e-01,9.840481763572620499e-01,7.333737479242709023e-01,9.597216381766600080e-01,5.257450118354435320e-01,6.335931431225666488e-01,9.352244099431036295e-01,6.541766433354895272e-01,9.455631452103736567e-01,5.440117684673484444e-01,2.482556919782347715e-01,9.991238093159073852e-01,6.346950333118379639e-01,5.533377660739954296e-01,7.608696426223842124e-01,7.487314945537919542e-01,5.952278484428967786e-01,6.144618386204653282e-01,6.534698283519736473e-01,7.063063819922970055e-01,7.447657403994670799e-01,6.591787349232580695e-01,6.880191821196065538e-01,8.926785644751796811e-01,-7.450168791669742330e-02,6.685602399795583795e-01,7.512969081591539533e-01,9.260272502188289234e-01,6.715629342651694422e-01,7.032846126374114881e-01,4.621137414436811142e-01,8.167743193435798021e-01,5.829657997555003357e-01,7.384406405026886500e-01,8.807769323386384075e-01,7.635281618206520848e-01,-1.656416863094332670e-01,4.956063673212892096e-01,5.281924719530071144e-01,6.430660753457978496e-01,7.724171374444203098e-01,7.184984045465581115e-01,2.225560062723512811e-01,2.992632816164024767e-01,6.395436277506104661e-01,8.027883162637758918e-01,6.850610261519992639e-01,1.312282470915052401e-01,8.186657020618736125e-01
7.926869774296904092e-01,2.998513718340519163e-01,8.258106015831567781e-01,6.412833939517061932e-01,3.512380955806520405e-02,3.391819203864492316e-01,6.529775291370496504e-01,9.543660061534073868e-01,9.944672752863855658e-01,7.484595315211199917e-01,9.515360499074485556e-01,8.125043747674632888e-01,0.000000000000000000e+00,3.099375022152596748e-01,5.679763253681782142e-01,7.458290767857925774e-01,9.226666868670626576e-01,9.674220080958562118e-01,8.998171599504973805e-01,7.867807108677478123e-01,8.160970472157031974e-01,8.798995254965367163e-01,5.957283719709258740e-01,7.716433017695895069e-01,8.337729231858975742e-01,7.041299803228631138e-01,8.096223486951666937e-01,7.692490213940215149e-01,3.041461172839396987e-01,2.131887801409163008e-01,2.558349602640768716e-01,2.416457697764537449e-01,4.641018429199302853e-01,7.987713699464740191e-01,9.949158026363752461e-01,4.301385528202943398e-01,2.326699210489145131e-01,5.856234629551212434e-01,9.898332582840791982e-01,7.195871818574446355e-01,5.722104882575278495e-01,8.225849081789304851e-01,9.180175959604121028e-01,8.808686367452811528e-01,7.451420155391353939e-01,9.138718102587400915e-01,8.415245870560368324e-01,4.813874822661862729e-01,6.836397075334771367e-01,6.911380771553172764e-01,9.783327811131288243e-01,8.386187800920503754e-01,8.484662972138179438e-01,9.039956297417249820e-01,6.086186016338033244e-01,3.233507238137555695e-01,5.610730978582532114e-01,4.531748973203537090e-01,9.282822777990430430e-01,3.605224774182578251e-01,5.280390697129095923e-01,9.209796870486879339e-01,7.624847965140991723e-01,6.583980364442024724e-01,8.534547448258874569e-01,5.200606056009869915e-01,7.439549943332697257e-01,8.532548423200148058e-01,9.954475736664896157e-01,6.355429470592193208e-01,5.379561428533438106e-01,8.164840380164687383e-01,3.764531040344205604e-01,4.858418868441034544e-01,6.995412022289743126e-01,6.180303567429861200e-01,7.075359724904037861e-01,5.528980051169917198e-01,2.380568174985636665e-01,5.108017126064863245e-01,8.079522442412101491e-01,9.122683040397882026e-01,8.086221974350762398e-01,7.824403104008350596e-01,7.944170261298142410e-01
9.988545780749720215e-01,6.604767931842396855e-01,9.044993424031103624e-01,8.378019865583892223e-01,7.410432434792407763e-01,7.216658513440324940e-01,4.197494824007540482e-01,6.564535821606786170e-01,1.713931157257888027e-01,2.087860798481711282e-03,9.435772751510509426e-01,7.940016316866169710e-01,3.099375022152596748e-01,0.000000000000000000e+00,5.550508960118683000e-01,9.013129927938795527e-01,4.937390643208232621e-01,6.814787864752411828e-01,8.696964065239903841e-01,4.748984407077233016e-01,6.826561649985926072e-01,9.145067074855985911e-01,2.274913303928586261e-01,8.217201938347360457e-01,8.286448891297802932e-01,3.599984146223695891e-01,4.623052459771695433e-01,7.661141362263983456e-01,5.504088893901392110e-01,6.822312867058518693e-01,4.906052183792282695e-01,7.437340414638389241e-01,6.797178246409923963e-01,2.101101965038940089e-01,2.861478675401160077e-01,5.529146135897229364e-01,3.110857069986021073e-01,6.225946869980467646e-01,7.986155571537181252e-01,6.459598830734484265e-01,2.768888353733800489e-01,9.489967631259534908e-01,7.099755193826990940e-01,7.954761948074999811e-01,8.585293270476292982e-01,3.721673311809138296e-01,6.084020472244752176e-01,2.785138420889558541e-01,8.804647638133523690e-01,6.217269832362124493e-01,7.662278110932567721e-01,6.740100530401631485e-01,7.033813943983826533e-01,8.460206774373461025e-01,4.563379160001466706e-01,9.362832702419235931e-01,6.470821402919479937e-01,7.957602419025180396e-01,6.784059083286204661e-01,6.769437425417716703e-02,4.565309945797312863e-01,6.490311426918536908e-01,7.571288375058439213e-01,9.369829634977671073e-01,6.560287941615544627e-01,5.049340750216262386e-01,8.454688095692568517e-01,9.383621046185206538e-01,4.247984087700493183e-01,8.132593425681771127e-01,7.603044830417823308e-01,9.211984661444878597e-01,2.517322092796679955e-01,4.065272368497143685e-01,9.563078936720615930e-01,6.189919937147416729e-01,9.150014443318812418e-01,8.610289368830502665e-01,5.819579826954152102e-01,3.142707448706739681e-01,6.099503560059027496e-01,9.467088786846424853e-01,4.864598335245814975e-01,4.735149416182750093e-01,1.123697094629340365e-01
6.243852980105659700e-01,3.842779375396593311e-01,8.871136830471230139e-01,7.947565069407063199e-01,4.023749481124014871e-01,5.671930249763174059e-01,7.856741105531577229e-01,7.314980060341027546e-01,6.857218507336892976e-01,9.465542344878179470e-01,6.337432543741965407e-01,1.344166868202722742e-01,5.679763253681782142e-01,5.550508960118683000e-01,0.000000000000000000e+00,9.505357648250726266e-01,9.518363889969854164e-01,3.725175291505550823e-01,9.217285783021287315e-01,8.978084010351434774e-01,6.642797115294490906e-01,6.585002820783956157e-01,5.276743401957507684e-01,8.345434541849297005e-01,5.780881636471481011e-01,5.280621029938121769e-01,6.541905187330060434e-01,7.823523908731565557e-01,5.443493412017901267e-01,5.299785806525578735e-01,2.736074543427220451e-01,7.122199562548513496e-01,3.375543302113179767e-01,2.944646195066831784e-01,5.632134370156771652e-01,-3.232290857889222324e-02,3.894077291674312158e-01,7.973754562860715378e-01,9.644679629194851112e-01,2.252744682213981275e-01,3.650202290463360200e-01,4.500522742089433925e-01,9.650705699527780679e-01,4.803990859206166419e-01,8.974874445247232879e-01,7.260696055783206759e-01,5.589226338665362892e-01,3.193472073345555717e-01,7.882848179379599030e-01,5.254930121682404032e-01,7.204228899446973866e-01,3.109473392185423957e-01,9.126612410367785921e-01,7.192116786423964347e-01,8.154364061319828716e-01,4.391579940897422096e-01,9.085162314926749083e-01,3.660656063214324241e-01,8.450462140018402124e-01,2.708256910520626670e-01,5.367977453528299803e-01,7.144443717895594403e-01,1.408401061385612385e-01,8.370454961295027418e-01,4.353568629104731524e-01,2.070161469319894976e-01,9.380385159576558607e-01,9.024135406770248391e-01,9.753776012940433837e-01,8.235566576237589587e-01,9.843159564180475884e-01,6.620070842534346856e-01,6.836620765601562066e-01,5.712412887938900230e-01,4.829370517319888090e-01,7.587611302611808606e-01,5.018678138493369856e-01,8.622503721901121354e-01,3.113941250436435548e-01,5.557219367491016415e-01,4.556139869664223574e-01,8.901944840140688653e-01,5.142754648021021779e-01,3.360442809929581331e-01,9.210695897934106924e-01
9.815262877141269771e-01,5.556065134346204193e-01,6.069829481846977792e-01,9.031812503996423658e-01,5.760724932811517318e-01,7.166944901835938797e-01,4.770927091105485185e-01,6.306769928207899278e-01,6.045345714043793839e-01,3.991324745404670749e-01,6.000613725026212597e-01,8.865674528649873931e-01,7.458290767857925774e-01,9.013129927938795527e-01,9.505357648250726266e-01,0.000000000000000000e+00,8.473371524302208968e-01,7.212337170189665470e-01,5.776367654558508535e-01,3.586375468570695002e-01,8.848689889852296986e-01,9.098406994250181068e-01,8.244030990567112749e-01,7.371260844538374268e-01,4.605279250630925914e-01,6.578881314180926587e-01,3.810645089429631760e-01,7.993324313378628032e-01,8.455153704207734044e-01,7.671131405608297982e-01,6.975443969351186047e-01,7.956231651097087632e-01,3.603131816401432541e-01,6.186165262194914805e-01,9.398602402213063201e-01,1.027342713151287168e-01,3.302663431161208529e-01,7.680597542503539987e-01,8.482248329420075672e-01,4.416678386050349459e-01,3.382444814747871398e-01,9.965662419325520549e-01,8.533489431724685659e-01,8.723929330634907497e-01,6.634114788339148250e-01,6.709187796585259767e-01,9.709140353237888377e-01,2.300289280067921160e-01,5.957743822534804501e-01,6.333407787556598612e-01,8.037991413957223941e-01,9.438245688230975095e-01,9.898703035104019499e-01,4.816346961023759143e-01,7.012865184540238717e-02,6.785200254730793246e-01,4.925639633841780718e-01,3.892218360913646813e-01,8.356410322774072696e-01,4.340624981267569016e-01,5.985177098083692693e-01,6.268565279634701337e-01,9.451568077347106689e-01,7.988507040807724113e-01,9.209075420765444608e-01,7.741608297225321955e-01,8.139257435439982702e-01,8.978194061581288299e-01,7.135600342257039097e-01,9.969123682390444996e-01,6.559667435554974446e-01,7.926792148242145508e-01,5.650205325614653384e-01,3.693829855870172096e-01,6.092235688857992049e-01,4.876351486191581874e-01,8.387500571362617174e-01,6.296148274479007600e-01,5.678085029054784627e-01,3.513542100516039435e-01,7.929681212732894169e-01,9.967073159862980258e-01,6.757646196051734222e-01,2.047634296144406341e-01,2.168646597543223420e-01
9.762982231555281665e-01,7.767724750474893636e-01,8.231669920885752445e-01,9.021976565619966859e-01,6.150820985609076752e-01,8.087807448645844000e-01,6.205908455403812835e-02,6.197790472258286609e-01,2.345817052500251687e-01,7.300621641628699532e-01,5.764577316704537768e-01,8.894310684014179458e-01,9.226666868670626576e-01,4.937390643208232621e-01,9.518363889969854164e-01,8.473371524302208968e-01,0.000000000000000000e+00,6.914921420528834517e-01,2.177832495694460024e-01,8.126529706449671098e-01,8.021077156076155124e-01,9.574009632310587214e-01,9.132634786467180854e-01,9.285836485048697408e-01,5.514324499991322126e-01,7.302900619996719467e-01,7.353427962802139284e-01,7.630489477149791089e-01,4.806602288369810072e-01,5.639940592926293572e-01,5.478434474150959410e-01,6.366123256300132427e-01,8.133229474940540937e-01,5.247305244514328670e-01,6.120766421732433127e-01,8.076120994890597649e-01,3.719601138531682949e-01,1.853610945523800346e-01,8.015700409217806355e-01,5.592800308848332458e-01,7.803382719710841853e-01,9.612882877442031626e-01,8.975416890748458831e-01,6.750056835926451226e-01,7.068657477128197364e-01,9.435212194408071351e-01,6.253139445975220978e-01,2.071175251166505471e-01,9.615447204752789467e-01,5.444725862195376465e-01,6.907547183373861088e-01,9.892435290673589066e-01,8.888057775281649198e-01,8.598706014901633665e-01,9.150351774578299180e-01,2.933516044017278057e-01,6.866680095480839352e-01,8.431286390430907662e-01,9.235180623564489544e-01,6.492171006589524396e-01,6.889896228254422939e-01,8.627470517302870956e-01,9.900594829158614330e-01,9.896934201902081174e-01,6.170944028699603123e-01,8.870768520711186378e-01,7.650046384063862170e-01,8.689309897153176809e-01,8.760154929909859112e-01,6.243319953091770458e-01,9.556979696775933508e-01,6.869979109845544274e-01,7.873292429826557193e-01,3.999282302731390071e-01,7.781406400840944482e-01,7.310625921244149339e-01,5.233299269891987793e-01,4.774242007029177448e-01,8.746375743856736884e-01,4.804428215141126612e-01,8.385648176965353473e-01,8.777188227160157563e-01,8.080052798597590069e-01,1.833558720377074791e-01,9.441828146128408150e-01
4.544152613430791909e-01,8.052001629264228244e-01,9.388052763680220236e-01,9.502861126345497622e-01,7.459824187818628882e-01,5.025859969456759613e-01,3.795712024216469915e-01,7.890722847294995290e-01,4.132264564823969755e-01,4.432478728894795883e-01,5.764171845935207594e-01,4.060404509484015767e-01,9.674220080958562118e-01,6.814787864752411828e-01,3.725175291505550823e-01,7.212337170189665470e-01,6.914921420528834517e-01,0.000000000000000000e+00,6.072228326410622490e-01,8.635055446174936256e-01,9.852871134228805561e-01,2.409874834913388053e-01,6.343039871996083434e-01,7.548878840375041754e-01,6.211513498307388303e-01,5.571779372862883939e-01,5.374704065349492632e-01,9.228913978615675973e-01,8.473711837474176556e-02,2.388676244923548242e-01,3.491047103875933311e-01,5.649972889767619355e-01,9.950538387557785747e-01,9.534268393810177988e-01,7.719221627028494126e-01,3.164999103641483735e-01,3.674659935092310370e-01,6.309621216316103620e-01,9.683971565546127813e-01,6.793826145123231797e-01,4.076675943025998561e-01,4.902829769831324458e-01,7.798623114744895890e-01,7.111451218997689727e-01,6.916884368862232790e-01,4.040606081966316432e-01,6.834858663666878442e-01,7.604530377897313898e-01,5.330026204474906937e-01,7.818018609330091850e-01,4.804961524485364399e-01,6.466743111741897199e-01,6.414994411257823881e-01,6.679172522815558510e-01,6.168320816551129404e-01,8.930471953510740191e-01,8.832022599581799138e-01,6.833916403912678739e-01,6.046725523585491091e-01,9.699267810101513954e-02,6.838122809621168807e-01,7.902665337979710714e-01,2.264280482860778487e-01,6.402609018227972681e-01,8.965497560114811249e-01,6.653375283989305666e-01,7.675728483726671492e-01,5.794390466072694146e-01,4.408954922578637858e-01,7.297199954351202278e-01,8.359847372711741720e-01,4.539120626241017198e-01,7.737086535337769355e-01,6.416044183858206074e-01,8.677195582005975405e-01,4.366586970172734450e-01,6.059653075492581475e-01,8.172967296420542427e-01,7.333157502131485428e-01,5.933973439983741827e-01,3.944714019748688516e-01,9.723645796519669871e-01,4.771754702458047559e-01,6.752376506758571706e-01,9.623722588342243922e-01
