0.000000000000000000e+00,6.674257125404277069e-01,8.134234147882232202e-01,9.105361117857891928e-01,8.510253371774370024e-01,7.792456183677246573e-01,5.541733137823066091e-01,6.417367256603245806e-01,8.099761360907844487e-01,8.307337397205274421e-01,7.174196766629072908e-01,7.944360323404545676e-01,9.659419078751829701e-01,1.183173080726594856e-01,7.821449970800128382e-01,4.473613907792752253e-01,6.020486197646417459e-01,4.743702525228868927e-01,9.406900269820581695e-01,6.977890674970034235e-01,6.362397294617904153e-01,9.095102967504221647e-01,8.712444682922683148e-01,8.859283736169539791e-01,4.432104173847963291e-01,5.704584518659334691e-01,9.779076443444668643e-01,8.919369594732099449e-01,7.155621546309814951e-01,7.177188376119231217e-01,-5.121233843652986395e-02,6.332765416396779479e-01,3.917741445839890702e-01,8.863988944773643075e-01,5.805969372327660638e-01,6.215983043767702165e-01,7.523528460357121750e-01,8.321278482278680055e-01,7.466519539113352089e-01,5.253765488642300197e-01,2.221749784637219727e-01,8.159468182989652041e-01,6.991366202645925565e-01,4.056057423088900715e-01,5.152086750229190049e-01,7.183221009433682358e-01,8.769180907788252100e-01,5.173751692057576568e-01,8.654644134008485645e-01,9.261211736201706568e-01,4.534949350968555115e-01,4.599731234736655905e-01,9.129783834815419219e-01,6.268310936446722659e-01,7.938800461043208356e-01,8.110038440691070827e-01,8.886580150855848403e-01,8.324486044336470991e-01,9.584871855815680908e-01,5.681032215937692476e-01,3.821878336379618823e-01,9.896392594794078956e-01,7.750415073119885090e-01,8.561130064113735560e-01,8.252064527112529246e-01,8.483251926296848655e-01,8.231258425806470269e-01,8.069139058579214430e-01,8.956417935150124965e-01,7.138100534799777241e-01,7.496790998737786760e-01,6.419723269804603616e-01,7.205836266263191403e-01,7.356823640904261996e-01,4.492392365254554987e-01,7.631367810326050716e-01,8.487200757373375426e-01,8.765368985666078805e-01,9.347606139900372924e-01,1.151150303440274386e-01,9.241487050324391772e-01,9.119609253030116491e-01,8.021436732984931206e-01,1.587802601048174944e-01,8.288478108750623186e-01
6.674257125404277069e-01,0.000000000000000000e+00,7.190589443063558628e-01,8.847106855131483538e-01,8.851675419055412553e-01,4.540425254319083170e-01,2.543112752819052247e-01,2.253113489022684213e-01,6.244745759875161006e-01,4.408103813540595328e-01,6.551716483558281956e-01,6.410694125746211336e-01,9.853283596012580858e-01,2.876961337025388254e-01,4.921104296931758659e-01,-6.859410873224308647e-02,3.943123746481954073e-01,8.302161035577038453e-03,4.451179337974650596e-01,8.757542906739829158e-01,8.167731333021953644e-01,8.513307521664024158e-01,1.296338134394179470e-02,3.992607270667683506e-01,2.487276263801401488e-01,7.113819301924094729e-01,6.174571687833384503e-01,6.192592636848219811e-01,3.605783105059259808e-01,3.463062725016540222e-01,3.091762641678156287e-01,2.847378397768582370e-01,9.009787063012785202e-01,8.671007460606147133e-01,7.536484053967885677e-01,6.271622030047864227e-01,3.188019492540078437e-01,8.622326517063685358e-01,8.432109599695805091e-01,7.780839340743223032e-01,7.352498893257242152e-01,9.343169769959041027e-01,7.793295908628911084e-01,6.267653274267647179e-01,6.050452408580302421e-01,5.605137122075467548e-01,6.506923426046185011e-01,7.713626544945596519e-01,8.169718685434255168e-01,6.236418616619348043e-01,6.036178255819600880e-01,9.246056299186312666e-01,6.806729297240500243e-01,5.112660229791426980e-01,6.438363744823183410e-01,8.799802558955756027e-01,8.122556482518646925e-01,9.155478941435972740e-01,7.815698866291057589e-01,2.856566911510933227e-01,5.646842345443231492e-01,8.984165159141894730e-01,6.621190057897907710e-01,6.031525049163930507e-01,8.540642866436023439e-01,6.109459571646070897e-01,9.532670455332657999e-01,7.226185468729929839e-01,3.650683101266907205e-01,6.143419511242984576e-01,6.045410324882274367e-01,5.983270276447791858e-01,7.376977321045684599e-01,3.476813714705739855e-01,7.429833028351833235e-01,8.783510709687034623e-01,3.209973588219472429e-02,6.003334910335658137e-01,3.253088797068158788e-01,3.369914433151002253e-01,6.105083225075156328e-01,5.420726014630745659e-01,7.838158253553626498e-01,6.639767569041657991e-01,9.513409000692982787e-01
8.134234147882232202e-01,7.190589443063558628e-01,0.000000000000000000e+00,7.053754585488278828e-01,8.724965417846756166e-01,8.724359358885178661e-01,8.688885051209440658e-01,5.418214588346318417e-01,6.037237243936314224e-01,9.085147651017490000e-01,7.674755716683819839e-01,8.315613237541160663e-01,8.533571310862582138e-01,6.035342046117581072e-01,7.650031674100392642e-01,7.388940517472158964e-01,5.879451294833660802e-01,6.215383195062614829e-01,7.964562878995317119e-01,9.638427949619637891e-01,9.356731041649845038e-01,6.682380283956749212e-01,6.193192257300738079e-01,6.339728624042207938e-01,8.518941372367879739e-01,9.948494623926853464e-01,9.821599466283477131e-01,7.680680537787125672e-01,9.818567464593708216e-02,4.788420499760476234e-01,2.337997268179439481e-01,9.792746043331096439e-01,9.509070955280065629e-01,3.390457137197835369e-01,7.657609024199861780e-01,6.696416292800055903e-01,4.504170185452498476e-01,6.018257033182492499e-01,9.702532030162911436e-01,8.290442756197221597e-01,4.535997069470822374e-01,4.563692290985589817e-01,8.690015153684272908e-01,7.606949051064624268e-01,4.455118966067748709e-01,8.111697021165829025e-01,4.515509274074119284e-01,9.591514228267827846e-01,6.733255472734687164e-01,9.967916103549486762e-01,4.194119691819739870e-01,7.351311750219741148e-01,2.190277178638300737e-01,9.743470177859581138e-01,9.332376473325764143e-01,8.417431808641734348e-01,9.487006425235506857e-01,8.263528713541026249e-01,7.872624945961541609e-01,5.304928745632724318e-01,8.481089376300624538e-01,9.605427518624026773e-01,8.782544734200795622e-01,9.221103115546372964e-01,9.597166743557015156e-01,6.089314492250583744e-01,8.002202083577529823e-01,9.960273279224058918e-01,2.051793584168563056e-01,6.256777468166280221e-01,6.626961778668412073e-01,7.008153365815706914e-01,4.463667217111672025e-01,7.985482036117637072e-01,6.325390290760694034e-01,5.768205739721012915e-01,2.911974411096668880e-01,6.112638808604301532e-01,7.955700850957861947e-01,-1.886795056163745876e-01,6.014101590817789722e-01,8.773661840190779548e-01,8.461774060738314063e-01,8.728686788928391449e-01,9.889036987236056175e-01
9.105361117857891928e-01,8.847106855131483538e-01,7.053754585488278828e-01,0.000000000000000000e+00,7.147662142525754714e-01,6.179879240671629637e-01,5.478649924500100798e-01,5.464061608412195126e-01,6.987452434227777731e-01,9.939272017047255936e-01,7.524358224191226574e-01,2.055336803003468271e-01,9.885527040520385444e-01,6.361630957469184278e-01,9.652534450820133838e-01,8.123106290133070839e-01,1.225446714059249403e-01,6.378155831773166806e-01,7.881293674616879352e-01,9.767258984702588132e-01,8.730150343716255312e-01,3.097276981855667244e-01,5.976036305659607750e-01,1.940050572816044427e-01,9.559812439110084714e-01,6.358551559110158236e-01,8.884158284542110762e-01,8.686791263956770148e-01,7.945607876158595761e-01,3.094946595928717015e-01,3.306423838201757448e-01,6.467241710338365035e-01,9.002266570067409823e-01,7.569970410781154957e-01,8.944177247137186093e-01,5.514031389669311611e-01,5.441258817319032381e-01,4.885390810581028420e-01,8.342439659856514256e-01,8.189629173301936627e-01,-1.779538288322878026e-01,7.212544849151009130e-01,9.470533205344486838e-01,7.998281000222634551e-01,9.431418492423113697e-01,6.917452879974150814e-01,4.642781799852552238e-01,6.386650812143397360e-01,5.176845176634681245e-01,8.911374530108802094e-01,6.866391753932987729e-01,8.379295593161169009e-01,6.001038000433237540e-01,6.805201452069955526e-01,7.315577419121490621e-01,8.213873122673821525e-01,8.176234956104854179e-01,8.574749164681190194e-01,6.186601810771853449e-01,7.976940008062691767e-01,6.232927727325420220e-01,7.409295452595250353e-01,7.852313198972850072e-01,5.585590070582846511e-01,4.098640012476681416e-01,4.357386069027386344e-01,5.676514421045772973e-01,5.196073546294994738e-01,-9.342164776912957602e-02,8.783038128693256841e-01,8.399326063429362055e-01,9.132877894819552145e-01,2.306151650437701650e-01,8.348071870318356513e-01,6.459645379808733878e-01,4.636816209618691564e-01,9.975772752059639537e-01,7.204403801934748941e-01,6.378567902417479063e-01,4.896358211942481997e-01,9.358413150540197956e-01,6.499298803830140248e-01,9.426380050932557930e-01,9.838573206968679319e-01,6.752304459232000289e-01
8.510253371774370024e-01,8.851675419055412553e-01,8.724965417846756166e-01,7.147662142525754714e-01,0.000000000000000000e+00,6.874557546894579652e-01,7.919184910107428532e-01,7.878552502298219462e-01,7.423929430621705183e-01,6.149686591564169635e-01,8.612057624897584418e-01,9.441620960230564519e-01,6.109338276476451446e-01,5.241465209630189470e-01,8.439493027882425391e-01,7.302604196946965720e-01,6.278905407508739156e-01,6.342124084573292908e-01,6.986981757569922236e-01,8.476242558210442812e-01,8.816241078657576224e-01,5.272211915451886499e-01,5.932984439979814839e-01,8.621939353692982255e-01,8.970840543359624997e-01,9.447999884821625116e-01,6.813932368093422731e-01,7.015168395392301637e-01,5.643536258587356080e-01,1.117169339314542098e-01,4.202786303006789126e-01,5.051546601382121970e-01,7.709323910522557499e-01,9.975098963381110462e-01,6.395225271852702509e-01,6.865959946834694350e-01,5.094560893703009574e-01,3.356473108784563397e-01,8.281336947383912683e-01,9.723355538156199795e-01,8.560595407835608350e-01,8.818187111749231644e-01,4.707580386974622444e-01,6.146172218934259357e-01,7.242157363196893849e-01,8.694573152167268670e-01,3.996104046915099905e-01,5.621339407035050861e-01,7.993982490062030433e-01,6.031219438289913137e-01,4.010579620007418411e-01,7.334738664766067284e-01,8.455847707736726671e-01,8.424557551231667274e-01,3.559029266018868820e-01,7.527344548606690333e-01,5.955610144665097749e-01,5.369677223453902526e-01,7.798820574628667623e-01,2.646987386245982510e-01,9.526284182112174648e-01,6.673512455645912445e-01,6.415632002887222685e-01,4.503534613383625707e-01,4.793577458349653764e-01,7.929198689806343792e-01,5.570042109141737363e-01,6.272542020340164948e-01,7.740427666991501754e-01,5.459468239824935010e-01,9.953524198156376013e-01,6.210087687349074015e-01,5.828081019648047034e-01,2.583263577419159501e-03,5.112126628245370341e-01,4.130203981638596034e-01,6.548215713233751512e-01,4.803845335944992856e-01,5.411137269773844682e-01,2.710747170443854603e-01,3.920244147851052463e-01,7.362002481699321255e-01,6.651648514372985321e-01,6.125875807319354216e-01,2.740092659744375412e-03
7.792456183677246573e-01,4.540425254319083170e-01,8.724359358885178661e-01,6.179879240671629637e-01,6.874557546894579652e-01,0.000000000000000000e+00,6.586582454794467356e-01,7.347463524489541986e-02,9.020196764609202944e-01,9.928784455930372843e-01,6.174058510802759026e-01,3.537020318322521284e-01,9.469506624943381246e-01,4.543383672087040193e-01,7.765689543551677065e-01,9.833460242373130988e-01,6.803513913116229217e-01,7.203677471464600135e-01,6.468994282014355335e-01,8.438456718732412210e-01,7.318147666466771895e-02,5.068754093891897350e-01,6.345000927109492039e-01,5.177021516703266268e-01,7.586364210817044818e-01,5.867684488702515910e-01,6.416848953497892305e-01,6.081317063686824120e-01,3.896864379278254797e-01,2.871440601230053624e-01,1.579506279636598842e-01,6.543145940686718731e-01,8.178549374170439590e-01,8.999498520703240745e-01,8.943865401263385584e-01,5.857749962155153201e-01,3.935920061706358331e-01,6.113273942941295225e-01,9.796644913311186587e-01,6.817345635680508442e-01,-2.574775609069304694e-02,9.200282121355893850e-01,8.003078356511206248e-01,5.279779830791420103e-01,5.264812767690323358e-01,4.642375930579664134e-01,6.152683301301445917e-01,8.274098025895336717e-01,7.600768814671378104e-01,9.501334452465314273e-01,6.829477481457933985e-01,7.328322198132516396e-01,8.539480131589092249e-01,5.456289295567097186e-01,3.883521591908504211e-01,8.528812658501374599e-01,6.928729271837069659e-01,7.348538240539975730e-01,9.459939732761322162e-01,7.717578876401507415e-01,4.718099341611926012e-01,3.215697800420340702e-01,7.328352253658410032e-01,7.108213104973101215e-01,7.364352995041505423e-01,7.855566204197008684e-01,6.215931790794608780e-01,6.907276654139832273e-01,2.231342678160734838e-01,8.853161904310400399e-01,9.522565903460884496e-01,8.631745321556670847e-01,-5.480619537732125957e-02,4.454754883537169752e-01,5.790770996555243411e-01,7.904665389978143830e-01,5.403970220866600727e-01,5.475714824477430076e-01,5.493314565233609059e-01,2.754683718695698502e-01,6.099465201207825427e-01,8.680511604072160825e-01,6.622793652735071701e-01,-1.233245022448731798e-01,4.537549653447851550e-01
5.541733137823066091e-01,2.543112752819052247e-01,8.688885051209440658e-01,5.478649924500100798e-01,7.919184910107428532e-01,6.586582454794467356e-01,0.000000000000000000e+00,4.308774429181088661e-01,4.221192603544118849e-01,9.496693885018551162e-01,4.557775425260822688e-01,1.755158312559657041e-02,6.848486538891355169e-01,4.529851235219193306e-01,7.690887191592210570e-01,5.496758734592434026e-01,9.290168993850107526e-01,1.986851326323432476e-01,2.181103323248274051e-01,8.108612867020501547e-01,6.805819077793684446e-01,5.112501491675167653e-01,2.616287114325720475e-01,2.698159393397929207e-01,3.285828903151339908e-01,4.368438446612543657e-01,9.873688797498507697e-01,7.316306208495740870e-01,3.787011021493933566e-02,3.753779935789589572e-01,6.474980004474235884e-02,7.221169199724850607e-01,3.968265987538349138e-01,9.207075938889804911e-01,4.265367693519629411e-01,5.986902993847168508e-01,5.273463414309997876e-02,6.255955293170397669e-01,6.481066078108239648e-01,3.085071933825118129e-01,5.873623891385856277e-01,2.970933115446858230e-01,8.435703515408699005e-01,2.235712408729209899e-01,8.026532417265220820e-01,2.049562729979463316e-01,6.497631554231765305e-01,4.559922610210992988e-01,8.734266041561309368e-01,3.749283728416542560e-01,6.815795345542415840e-01,5.439135927076905741e-01,3.364450140314656501e-01,5.251025392936844449e-01,9.212230004433306085e-01,8.074525549813325043e-01,5.216934522091578597e-01,5.295233228322726582e-01,4.021634541243027106e-01,1.492035899347903816e-01,2.159205127980179939e-01,7.326813474661625358e-01,9.874763091033582629e-01,9.143653012554865400e-01,6.083107642341818444e-01,5.826749256799340637e-01,4.685990033348758632e-01,4.257367720851129578e-01,7.290333612775379279e-01,7.650733467881818406e-01,7.208626783346392397e-01,4.258252147766521944e-01,5.329138833063078867e-02,4.653246488250703528e-01,9.228622555034269315e-01,2.246084130506135479e-01,7.393138088078375914e-01,5.218800154585762074e-01,6.253462915985346093e-01,2.031074278460567595e-01,7.633895995198952678e-01,9.676301172742811652e-01,4.961358307770201703e-01,6.665957380522734566e-01,6.860566947459011411e-01
6.417367256603245806e-01,2.253113489022684213e-01,5.418214588346318417e-01,5.464061608412195126e-01,7.878552502298219462e-01,7.347463524489541986e-02,4.308774429181088661e-01,0.000000000000000000e+00,4.759848137677765711e-01,7.972605622245305668e-01,5.823420673466962461e-01,4.094652270445864883e-01,9.353198413665049227e-01,9.956491354716696662e-01,7.623302929860092947e-01,6.913507289160450986e-01,9.715774590713731618e-01,7.474993409611075945e-01,5.074195590199549466e-01,6.320266795559003059e-01,7.591978409681903184e-01,7.097882029371509471e-01,9.108618367936270888e-01,1.699176656230722282e-01,2.953645947831549240e-02,2.772249289621879775e-01,6.070157063357203286e-01,9.637913427109947584e-01,7.723875409363032407e-01,5.928905889013955655e-01,5.908086046868140651e-01,-5.077284702570267205e-03,8.102444347649960799e-01,4.108511298308703541e-01,9.195928079215016648e-01,5.935325552187782350e-01,5.353533990580677804e-01,4.152271295977557064e-01,9.298767240103674725e-01,7.517274480108858681e-01,2.749242635556197745e-01,8.168984433043240401e-01,8.971316893935480374e-01,7.985471436135602730e-01,9.147789613147452314e-01,4.195479454864056157e-01,6.711548514665344189e-01,7.308891604294220912e-01,3.173057336543690932e-01,6.462187289553252834e-01,2.470650259100682367e-01,8.726844620516258644e-01,6.888471973372835011e-01,4.883487201639427622e-01,7.319693421795829824e-01,6.332269693403960176e-01,6.159327283323332569e-01,7.551131340230728961e-01,8.975669445764768994e-01,7.427168674037348817e-01,3.419594511945122650e-01,5.732035725616173583e-01,6.202930206327536000e-01,6.360755523771066677e-01,9.324322993686879890e-01,9.680020497660040135e-01,6.203209752505877139e-01,8.758041342950030339e-01,7.041189967192637011e-01,5.752900851771516333e-01,2.119789844176797611e-01,9.852300002355739439e-01,4.742246394370069895e-01,2.975062216936673609e-01,7.200775572919250189e-01,8.440570462399835661e-01,9.857792869555127568e-01,5.807730082542442718e-01,3.239966503457428759e-01,4.051739878027622588e-01,5.823734973073579901e-01,7.367966997834073384e-01,9.478294868552059604e-01,1.063228380058596073e-01,7.618402089989754211e-01
8.099761360907844487e-01,6.244745759875161006e-01,6.037237243936314224e-01,6.987452434227777731e-01,7.423929430621705183e-01,9.020196764609202944e-01,4.221192603544118849e-01,4.759848137677765711e-01,0.000000000000000000e+00,7.627839326300960288e-01,4.496672898114959516e-01,8.210169064075961698e-01,9.332832141970280881e-01,4.475434009772021327e-01,5.077088604669254268e-01,2.533506747741456899e-01,7.436856691420714593e-01,4.059852158917656717e-01,9.727627160568890208e-01,5.334022970859754187e-01,7.900423586327289804e-01,8.784511567943463772e-01,7.618974259026941587e-01,8.655674574970017021e-01,6.994997433783926022e-01,6.289648523173329009e-01,9.234502244294341411e-01,7.294989705390816370e-01,1.374736083408363008e-01,5.404327627696815517e-01,2.039342300127087726e-01,5.619867392839681397e-01,6.593063820756774884e-01,9.938750168610213098e-01,6.107153127470380527e-01,4.147621416949800466e-01,7.030930365591561149e-01,8.975661283416114244e-01,8.282165035556028343e-01,9.815454362436760727e-01,2.165440116467048370e-01,7.536965016070025225e-01,8.068076853118771874e-01,9.535798555534410470e-01,9.144684271729270897e-01,9.544518805060177025e-01,3.523631608284885086e-01,7.699577307279185101e-01,7.677740452011148076e-01,2.049543791696276096e-01,7.594434535547370801e-01,6.494131741388949886e-01,7.181476016393720796e-01,5.648693619386958575e-01,7.328806972570408584e-01,5.921690776644603638e-01,6.842257688042538977e-01,4.627612906086527866e-01,8.922824720134225895e-01,7.475569311582106469e-01,5.600924584761545200e-01,7.024861480139232839e-01,8.493552423710243326e-01,6.872415858682486833e-01,9.736638688710118616e-01,9.273902443687276342e-01,6.560987363329005007e-01,9.579121853195294856e-01,1.663699017461540419e-01,4.179298202315235855e-01,9.076313203578905142e-01,7.709570997081789390e-01,8.816875459629470724e-01,5.144374348987582612e-01,2.197792293635994487e-01,6.177010678695213919e-01,9.762703765619622498e-01,5.187651736464933272e-01,5.335823541105859658e-01,8.409126854994673772e-02,7.448524196639159101e-01,9.113989684132657310e-01,4.783296433061223207e-01,5.796280257018256998e-01,4.249387028117412313e-01
8.307337397205274421e-01,4.408103813540595328e-01,9.085147651017490000e-01,9.939272017047255936e-01,6.149686591564169635e-01,9.928784455930372843e-01,9.496693885018551162e-01,7.972605622245305668e-01,7.627839326300960288e-01,0.000000000000000000e+00,8.841756885994769277e-01,2.174865106617279997e-01,7.721749926157848165e-01,3.546146886890748640e-01,7.805410883637475816e-01,8.165173796356316460e-01,8.333074723583253629e-01,7.801922093638478106e-01,4.002400854964123789e-01,4.734878953786990641e-01,7.826323389902092309e-01,9.148954190732865310e-01,2.585078745283176382e-01,9.962896917701538069e-01,7.153165453335765811e-01,7.641867945064929613e-01,8.119339710031731050e-01,6.580892203522048511e-01,3.232386121684865388e-01,7.788620404137479580e-01,4.517758010304873117e-02,7.987043792610144521e-01,8.526205381254319260e-01,3.728963900670106968e-01,9.271411056381352322e-01,4.446305608536791354e-01,3.019715230000900030e-01,7.067669743619635625e-01,2.664601251001262883e-01,8.479132970502021305e-01,4.057900395124743320e-01,6.690551009912665270e-01,7.129419309875748567e-01,9.582051341030760616e-01,5.626167548310450073e-01,7.599354379137081006e-01,8.939346279741240409e-01,6.683820619933387164e-01,9.193676723999419931e-01,2.769102806778143688e-01,-1.152857029118696808e-01,6.204315023383550898e-01,7.976863838690257946e-01,9.707045262127504959e-01,9.779137153636717761e-01,4.700087620807664734e-01,6.454307800926287753e-01,7.294081793740556652e-01,9.399537018699288815e-01,6.388009728365997564e-01,5.070076076244509622e-01,5.031884211593941059e-01,8.470241455284257537e-01,4.307140662212776139e-01,8.316727852785519293e-01,4.969708449059447863e-01,9.111378464526244114e-01,7.753563071000422191e-01,7.972375205834236755e-01,3.462530280613890232e-01,8.780885486932933359e-01,2.341951870029612970e-01,4.018289296942001432e-01,2.014960855165501274e-01,7.724173303560295523e-01,7.978958754130635045e-01,9.815566008374174700e-01,7.340866685319635820e-01,5.232369604498802174e-01,4.856843202484705246e-01,7.316372716042190971e-01,7.059993174373871971e-01,6.614143203505161717e-01,7.555605252097036262e-01,8.552675992305098784e-01
7.174196766629072908e-01,6.551716483558281956e-01,7.674755716683819839e-01,7.524358224191226574e-01,8.612057624897584418e-01,6.174058510802759026e-01,4.557775425260822688e-01,5.823420673466962461e-01,4.496672898114959516e-01,8.841756885994769277e-01,0.000000000000000000e+00,5.547918304284628066e-01,8.692201733763050830e-01,7.507977095576856552e-01,7.853707650763778192e-01,4.435295996866667201e-01,9.432957102573262809e-01,8.653126647193704057e-01,6.563198283334231720e-01,8.223556769859468041e-01,9.292964074400217322e-01,6.091924969692030789e-01,6.495806191631156024e-01,7.847399384164128744e-01,6.286050514511343223e-01,9.105742773191725092e-01,9.780946979288762666e-01,8.502485433256516956e-01,3.737765288845634193e-01,7.173537506799024799e-01,3.340225589282138641e-01,4.803905727275395998e-01,9.050859794378288692e-01,2.191789776075944163e-01,5.413627744972142608e-01,4.415831551483129780e-01,3.444388331860387398e-01,5.043956651728185303e-01,4.853433300600482614e-01,6.118706586022808480e-01,5.066758924649243934e-01,9.007058774597427320e-01,6.535459153315611447e-01,4.255791422948348446e-01,9.000409226435882593e-01,6.327631739818121437e-01,4.608212215281630164e-01,9.449798992743559944e-01,4.229067453025696088e-01,4.848969196783625146e-01,4.793054206937168438e-01,9.100519388505636798e-01,9.763339513495083999e-01,8.195748552261787889e-01,8.783177570923376143e-01,4.724997816256050198e-01,8.735471278287328945e-01,9.705074061193785795e-01,9.733751891873766438e-01,4.365238548804471486e-01,2.024114998020903888e-01,8.991179655378405133e-01,8.750858568461175047e-01,4.667452956555942500e-01,9.323729950932195809e-01,8.961676249666232774e-01,6.173552181459321941e-01,8.049426956398283428e-01,5.435390096644230340e-01,6.072064476254345200e-01,6.491344330654981176e-01,6.161456203427869704e-01,2.939536954865673013e-01,4.084031862301555904e-01,6.620716281121192814e-01,7.619693001253220466e-01,2.804983190887698208e-01,7.090661118875979385e-01,4.894268894735309128e-01,2.154234206464666901e-02,4.769047048506448450e-01,9.607985910820727726e-01,9.796619305787411802e-01,6.495971641076574432e-01,2.597420040046714562e-01
7.944360323404545676e-01,6.410694125746211336e-01,8.315613237541160663e-01,2.055336803003468271e-01,9.441620960230564519e-01,3.537020318322521284e-01,1.755158312559657041e-02,4.094652270445864883e-01,8.210169064075961698e-01,2.174865106617279997e-01,5.547918304284628066e-01,0.000000000000000000e+00,5.161895658064822312e-01,8.170411675208031355e-01,5.081854470349227437e-01,3.445567431462156494e-01,4.138698385242713385e-01,6.423953429468811649e-01,6.597877827681415397e-01,7.710615276808264751e-01,9.527646263347882005e-01,7.097175092624192771e-01,9.409473376732082617e-01,7.225200197808798741e-01,5.601989438371665075e-01,9.196913776450607036e-01,6.955360865990879438e-01,7.550246379313672040e-01,4.954682995908219478e-01,2.485663859508912277e-01,5.003019023569726942e-01,7.650067104572211285e-01,9.755565959734278092e-01,8.585154753732571198e-01,7.802650484494616512e-01,3.984575358023517144e-01,4.162344916623902380e-01,8.560373482373369036e-01,6.399612265881542417e-01,8.184275390983932752e-01,4.402473902899193825e-01,6.219667054386358584e-01,8.473118605635744371e-01,8.852479103806664140e-01,7.370285783197239038e-01,8.823494143309233984e-01,6.239294110172255436e-01,4.131061330909074347e-01,7.425330175245640207e-01,7.970847588365668202e-01,6.870195963733858324e-01,5.771687748105220894e-01,6.595465054973896901e-01,7.498723323945175601e-01,8.850798202328679087e-01,7.932280343937254674e-01,7.861028243062633258e-01,6.960255438672015016e-01,9.394845878739171985e-01,7.133518108129369706e-01,3.856330565646886588e-01,9.380940699414863637e-01,7.032778761499661746e-01,8.886735058828796330e-01,9.519481137825501760e-01,4.183924376663346045e-01,8.581770479616597225e-01,6.933650796534227556e-01,7.640242521404136955e-01,8.069653668382069656e-01,9.180065769650940233e-01,4.255379773583537473e-01,2.040492223033452124e-02,2.761664811733334224e-01,7.151740764547995788e-01,8.404811835921212060e-01,6.950645652575776490e-01,6.599477473109522929e-01,7.501453842745398060e-01,2.317247919893542230e-01,8.902365711908435397e-01,7.286964593811646740e-01,7.835575361837373576e-01,6.341754005173321218e-01,6.308031917100106467e-01
9.659419078751829701e-01,9.853283596012580858e-01,8.533571310862582138e-01,9.885527040520385444e-01,6.109338276476451446e-01,9.469506624943381246e-01,6.848486538891355169e-01,9.353198413665049227e-01,9.332832141970280881e-01,7.721749926157848165e-01,8.692201733763050830e-01,5.161895658064822312e-01,0.000000000000000000e+00,7.315711883156267303e-01,7.848667659228579785e-01,7.181619662850926566e-01,8.510095343008056146e-01,5.191550451146504930e-01,9.391513997063991592e-01,9.366280314243030647e-01,7.207155252718964178e-01,3.458650337178391099e-01,8.894130536071384041e-01,6.138608296831707944e-01,6.462597890004597723e-01,9.532141740068558744e-02,7.098915524959067413e-01,9.360883023691762839e-01,4.022504780005544678e-01,6.619832646678017185e-02,4.959506821097238172e-01,7.478117537084710831e-01,8.227334770177070489e-01,4.330037640885018302e-01,7.728730255309773645e-01,2.062253794241432348e-01,4.173342200949708425e-01,4.346407565249580385e-01,8.116242585204219706e-01,6.183460547075596558e-01,5.228045835000918462e-01,9.623838913416619123e-01,8.447765708487088299e-01,5.102611619030631429e-01,9.846815137452891165e-01,6.519537182249186547e-01,7.976847266470148412e-01,9.547113064057556331e-01,7.254529883515981048e-01,8.495182309320721270e-01,9.075375903638732700e-01,9.864118000624063631e-01,7.505177044275834763e-01,4.587770186123488747e-01,4.863628282218032672e-01,4.238059380245596808e-01,7.535825018448529811e-01,8.048902829724454699e-01,6.151589639211683114e-01,5.525727627426566535e-01,4.551871903263279284e-01,4.768770654023210542e-01,6.769812394382949128e-01,8.921761064411845021e-01,8.605702979762476224e-01,5.493896276597257655e-01,9.706860064532724097e-01,6.356083718197333976e-01,7.274181673578277163e-01,4.960991210088902537e-01,6.527570354797791463e-01,7.749579293744184305e-01,4.251560086676496875e-01,5.649434589804175344e-01,9.331884241930402668e-01,2.522097114110498639e-01,9.601205320333416893e-01,5.276207989314524172e-01,7.222655870682673784e-01,4.071196214702321181e-01,5.213635148216368975e-01,9.859675187724631362e-01,9.269376303495140412e-01,9.952148138944493239e-01,7.255035542988582664e-01
1.183173080726594856e-01,2.876961337025388254e-01,6.035342046117581072e-01,6.361630957469184278e-01,5.241465209630189470e-01,4.543383672087040193e-01,4.529851235219193306e-01,9.956491354716696662e-01,4.475434009772021327e-01,3.546146886890748640e-01,7.507977095576856552e-01,8.170411675208031355e-01,7.315711883156267303e-01,0.000000000000000000e+00,4.547682889325709854e-01,9.265119807638499960e-01,5.811942486165992960e-01,1.908711309185870952e-01,6.003645591304027640e-01,7.971402995153760163e-01,4.686144378168948799e-01,6.790507948258744930e-01,9.012871882460841144e-01,7.044373309023626017e-01,4.006394094573839659e-01,8.591180579178131493e-01,7.811515125466923781e-02,6.187538075346264987e-01,7.448489337982018288e-01,5.073650843619261774e-01,2.102905607479891581e-01,3.377680411584168541e-01,9.256020567754512651e-01,4.652321112792925928e-01,3.575043869596054025e-01,3.786650231419813606e-01,-1.210126417170603597e-01,4.952851497042558004e-01,5.612977001559725787e-01,2.483944309967305586e-01,6.273215274385350870e-01,5.929184305740365923e-01,6.881840715085992821e-01,5.365592185218633903e-01,7.220788187861579832e-01,6.271707596182776179e-01,1.188320253009255839e-01,5.937189556648552191e-01,7.277079589215557087e-01,6.341893570369907529e-01,6.693596548956620707e-01,9.724581100054623395e-01,4.971625915023712428e-01,7.154427231308641000e-01,7.699933688484031924e-01,8.462354822034447999e-01,7.554338981965922351e-01,8.524186551992262162e-01,7.383607544998832539e-01,2.358954067462107340e-01,2.964804022439514464e-01,7.908295029756613470e-01,7.640639026900032382e-01,7.313440134383323299e-01,9.513155112218033560e-01,5.387667351928757675e-01,7.116546867662132403e-01,4.833365883548318975e-01,7.897032084981799871e-01,8.013306770874133456e-01,8.396789153871917488e-01,9.160593519632657111e-01,3.876798969337378331e-01,4.610459171098836850e-01,7.020524913902695952e-01,6.373972402003452720e-01,9.113865812074336548e-01,6.856269280029676505e-01,7.737684821181354256e-01,3.952736261865353318e-01,2.280400472549695690e-01,8.556828605961879219e-01,9.909169122658831874e-01,5.476102710610191160e-01,9.448756935438117344e-01
7.821449970800128382e-01,4.921104296931758659e-01,7.650031674100392642e-01,9.652534450820133838e-01,8.439493027882425391e-01,7.765689543551677065e-01,7.690887191592210570e-01,7.623302929860092947e-01,5.077088604669254268e-01,7.805410883637475816e-01,7.853707650763778192e-01,5.081854470349227437e-01,7.848667659228579785e-01,4.547682889325709854e-01,0.000000000000000000e+00,9.667853802138315356e-01,7.712581075006765818e-01,4.546820404870731136e-01,4.576655007547684728e-01,6.921562910959098147e-01,9.552652197785541643e-01,4.268691603124222800e-01,5.943980243488640181e-01,8.423767716441327158e-01,3.643064237087675350e-01,5.678869640022251586e-01,9.214643572149556761e-01,8.892996271080541026e-01,3.353666336256674319e-01,4.714231709804385662e-01,7.212947442774092499e-01,7.863982417734892705e-01,9.988886481364125380e-01,9.069953508087927885e-01,7.274931254288687921e-01,2.965642952116073205e-01,7.414621135585321987e-01,5.197943444900742227e-01,6.876357407707064384e-01,8.003421546088321792e-01,3.767741453380208938e-01,4.541619099075502874e-01,9.512171258852766265e-01,7.510835348683330137e-01,8.281611499223945350e-01,5.690023519242446426e-01,6.674910971883688537e-01,6.909299070628751593e-01,7.685839052062948262e-01,7.690461209284552568e-01,6.374245057016609817e-01,6.667516692298591785e-01,8.742223789100280751e-01,5.361335895932829443e-01,5.629838117943650744e-01,9.696716659554871498e-01,7.173507472430032950e-01,5.320797438993132289e-01,7.678836417761554234e-01,4.353431338612533397e-01,4.190124807826494518e-02,5.178528569581133389e-01,9.523583851780199616e-01,7.000659920361569366e-01,4.365141925524502198e-01,6.759368675541426175e-01,8.324702816692282070e-01,6.901050173707876656e-01,3.019403868464729523e-01,6.319550914557487964e-01,5.530554543990700012e-01,9.114643033555642759e-01,5.602096743898852260e-01,3.936240500673561238e-01,7.224162829981612965e-01,4.054063250864874401e-01,9.462137961507675055e-01,5.377284046039638721e-01,3.940716620525828301e-02,3.160429872632400938e-01,2.184835727822909690e-01,9.354623165715777455e-01,7.944096034217735802e-01,5.762540120056989235e-01,7.417641397711914886e-01
4.473613907792752253e-01,-6.859410873224308647e-02,7.388940517472158964e-01,8.123106290133070839e-01,7.302604196946965720e-01,9.833460242373130988e-01,5.496758734592434026e-01,6.913507289160450986e-01,2.533506747741456899e-01,8.165173796356316460e-01,4.435295996866667201e-01,3.445567431462156494e-01,7.181619662850926566e-01,9.265119807638499960e-01,9.667853802138315356e-01,0.000000000000000000e+00,7.348969625553998242e-01,8.341664560514409077e-01,7.938205998711764799e-01,6.771685642145898187e-01,4.033433208656589386e-01,8.866932298786577293e-01,7.558628108722214023e-01,5.897270302273458498e-01,8.719483254060431676e-01,7.055628391116234299e-01,5.277780291966457371e-01,2.866582570742015612e-01,6.820595108917861804e-01,7.084947366718311601e-01,3.993136233389277256e-01,6.584125882541931318e-01,4.192290227865494434e-01,2.189320056309162488e-01,6.029267141648438910e-01,7.504262721052628038e-01,3.588496144357279927e-01,6.429866211108393736e-01,9.726942300691852061e-01,7.039908907638979807e-01,7.969684539910071308e-01,8.855830928298658034e-01,8.702114623135968063e-01,-1.072684472168795727e-01,8.837750106217809876e-01,5.357702400697592626e-01,6.381668346486587540e-01,9.451910377366470328e-01,7.123208211378002641e-01,4.383365655666954241e-01,9.757442629370726150e-01,1.532478734390212705e-01,8.360016551608892010e-01,2.176143751935327997e-01,9.126168068781331799e-01,6.309277190146010961e-01,4.210750454998041792e-01,6.006888225507580614e-01,7.906123265592912563e-01,2.212668771796529599e-01,3.504564899842551595e-01,6.728058923683926107e-01,6.849057010389564271e-01,8.440665557509767769e-01,8.888247593797183876e-01,2.007382483200100265e-01,8.429562162764093758e-01,9.969055470821568399e-01,2.551525749515822228e-01,6.422204071586855578e-01,7.896428226615335166e-01,7.647228176153397783e-01,2.356427126551286777e-01,6.358280764651175199e-01,4.011880698686678959e-01,-1.209753765942033349e-01,4.151172206374815765e-01,5.056920918345345628e-01,5.742335220469285684e-01,3.896647363560148403e-01,5.342070417210610378e-01,6.431900939412299456e-01,8.958432645422161889e-01,7.888424487944756258e-01,9.523626207910214081e-01
6.020486197646417459e-01,3.943123746481954073e-01,5.879451294833660802e-01,1.225446714059249403e-01,6.278905407508739156e-01,6.803513913116229217e-01,9.290168993850107526e-01,9.715774590713731618e-01,7.436856691420714593e-01,8.333074723583253629e-01,9.432957102573262809e-01,4.138698385242713385e-01,8.510095343008056146e-01,5.811942486165992960e-01,7.712581075006765818e-01,7.348969625553998242e-01,0.000000000000000000e+00,8.648817999775095799e-01,9.034336914929341766e-01,7.911847442144720466e-01,6.095007049253902132e-01,7.269990705446308654e-01,8.414805362320399995e-01,9.154571600449132873e-01,4.264201845122757017e-01,7.620579126176147966e-01,9.350002372634845793e-01,6.878852154600992863e-01,4.275157479059633614e-01,3.245971229785052370e-01,3.083624820247602982e-01,9.994762976478495098e-01,9.765818495421386691e-01,3.882482943354254035e-01,9.201453715516163534e-01,3.644341261513776020e-01,1.583221385663814984e-01,8.498210359512691214e-01,8.289244268428915818e-01,7.636190177149898561e-01,4.123714510825237101e-01,6.573108936143620129e-01,8.675083728889616541e-01,2.674463468211257244e-01,6.644094239738767005e-01,9.748566296820924126e-01,8.018155588100541742e-01,7.412199341829859289e-01,4.086909499211378027e-01,6.676977359486000463e-01,8.782358745402237821e-01,9.694680826178616595e-01,8.649209754653651716e-01,4.727363209515941245e-01,2.103824049364178550e-01,9.897475865573250875e-01,8.821130308291004196e-01,9.445891201365558265e-01,8.197518769618089562e-01,6.252922864498321465e-01,9.836378611205691680e-01,8.168273889103081498e-01,6.888413642002340076e-01,8.628630085458409704e-01,7.735205580920945234e-01,7.513647292841254544e-01,7.167790091168565469e-01,5.753381540804203276e-01,8.849248563689209313e-01,8.675612784184281168e-01,3.912881802048646107e-01,9.516662010013581252e-01,2.074798173263560364e-01,7.871618467340574243e-01,4.693985753217665424e-01,6.065562612167859635e-01,2.920007735758306522e-01,6.161297492082244975e-01,4.713478100526999892e-01,1.178009008546459929e-01,8.691808752316566578e-01,6.178292954369147827e-01,6.899977432753452433e-01,5.017350166018905711e-01,4.414928944523633381e-01
4.743702525228868927e-01,8.302161035577038453e-03,6.215383195062614829e-01,6.378155831773166806e-01,6.342124084573292908e-01,7.203677471464600135e-01,1.986851326323432476e-01,7.474993409611075945e-01,4.059852158917656717e-01,7.801922093638478106e-01,8.653126647193704057e-01,6.423953429468811649e-01,5.191550451146504930e-01,1.908711309185870952e-01,4.546820404870731136e-01,8.341664560514409077e-01,8.648817999775095799e-01,0.000000000000000000e+00,7.418925337108646101e-01,8.607669328872437076e-01,6.394337746785631049e-01,4.844428396499358414e-01,9.966600996012080493e-01,8.597061948503691431e-01,5.478369759504762015e-01,6.481847802791966817e-01,6.001937726682189389e-01,6.284922983908807215e-01,7.933156170974484667e-01,5.688197433174184692e-01,5.813958040239064484e-01,2.062160757592655103e-01,7.118563029877924553e-01,6.848985666063465150e-01,8.096847560955477974e-01,5.852330197972526182e-01,3.046855972936566292e-01,8.337660836775512285e-01,9.626239754100769375e-01,7.822382636411684409e-01,8.289577523593016917e-01,3.182480789076121419e-01,8.652722710979251497e-01,9.848373279114205348e-01,9.736565989455556736e-01,5.107205124528774176e-01,7.185460655479034564e-01,6.140693502885107291e-01,4.456197573562389880e-01,5.661691992606330270e-01,8.245193433202430144e-01,7.912193197752594997e-01,3.683195202689185099e-01,3.117892575129826982e-01,8.411532628459222893e-01,9.303186959116342969e-01,7.780654536179080205e-01,6.041454807427270035e-01,7.636373105407817663e-01,9.746578995106395249e-01,6.674521318097583755e-01,5.006699895498605279e-01,9.273927213138678516e-01,4.678904133031384083e-01,4.039997088150537041e-01,3.728052495966360791e-01,8.354798594092918140e-01,7.383590645028454968e-01,5.888993382353803208e-01,7.369822433583141930e-01,4.577511768881784571e-01,4.993765719583784790e-01,5.600168821448303635e-01,2.523804363812713891e-01,4.449122874113635717e-01,7.554794000946777333e-01,6.475645372370256725e-01,1.087025278263967359e-01,7.768953956376134506e-01,5.484960930512691180e-01,8.822947460322588809e-01,8.958382910789205456e-01,8.900596640581340813e-01,5.337535793502187209e-01,4.469215509455846669e-01
