0.000000000000000000e+00,9.187673975006712679e-01,8.957195301848015490e-01,4.030281437331749705e-01,7.864230442173343327e-01,5.005918364294759115e-01,6.974954845362820732e-01,2.946834404464853119e-01,8.009442268623317984e-01,9.015379602316014873e-01,6.193689139242903874e-01,5.635923305063926803e-01,2.051656728165175692e-01,6.459934349311099444e-01,8.841663386627157672e-01,6.735410826271972518e-01,8.538746309367246656e-01,5.206917606833263434e-01,5.446795087042670680e-01,9.269217294174958433e-01,4.978508393432674595e-01,9.775784494150109305e-01,6.555016742863557511e-01,9.963036085575567302e-01,9.462129499199285476e-01,7.574077184850789290e-01,4.988375192872990804e-01,9.736554082250048481e-01,5.499933472472471330e-01,4.642298851077544253e-01,3.384576451770016179e-03,7.495818956374449282e-01,8.303785754009436193e-01,8.780188448926347089e-01,8.856558845231450317e-01,3.122178350761676824e-01,7.295082421933969663e-02,7.493116269608928182e-01,8.388650056723973014e-01,8.959594623409903313e-01,2.374004414714767086e-01,6.463829179598508112e-01,8.988577003705306989e-01,6.170203472789375088e-01,8.881322055610854083e-01,7.007448035892837046e-01,7.009945209954467904e-01,8.038038478334462722e-01,8.881947312122896454e-01,8.969496749151271153e-01,5.025116739670579813e-01,6.798301679654638052e-01,9.658353995875319509e-01,9.304903649611980798e-01,9.644464767435882990e-01,7.181806879451849701e-01,5.675711052514100796e-01,3.581048425161551529e-01,6.895383842344303682e-01,6.266238396669814026e-02,4.568628352340188270e-01,9.002265983075252720e-01,9.118662754941365689e-01,3.790515580259046224e-01,9.892108615606273192e-01,6.345113310139315344e-01,5.821440943063928009e-01,7.809046295064216991e-01,8.109018373940529711e-01,9.481695219727459545e-01,6.499476166316928705e-01,7.992455575186100392e-01,5.732185727579796053e-01,4.282951026025220154e-01,9.476449993346953704e-01,6.153487388558117610e-01,9.852114985149638127e-01,5.641637558131098462e-01,5.328668319592950731e-01,4.978157392710865770e-01,9.856134576309134587e-01,6.084585317528452553e-01,2.986582604739315139e-01,3.924564546739849336e-01,2.748486722830821294e-01
9.187673975006712679e-01,0.000000000000000000e+00,8.940336527771227670e-01,8.530287263332990699e-01,8.600190254265240863e-01,6.337044022024543866e-01,7.346931374034579854e-01,9.739591993306657702e-01,7.879415765754129719e-01,8.263765187145438729e-01,6.384834613710944629e-01,7.489810029723971141e-01,9.535669932851289499e-01,9.575686088733639245e-01,7.657090802154322695e-01,5.879147681946939041e-01,8.988057067676472611e-01,4.352366294280505810e-01,3.644187609295408414e-01,6.498867228800895290e-01,2.487350411859569899e-01,5.196100191239358956e-01,9.792211614766334060e-01,7.752288087226311131e-01,7.146359200039600346e-01,3.458995878278707803e-01,9.179010665248388268e-01,9.819903749251721603e-01,6.733697286977348151e-01,7.631774568498467248e-01,4.478226836959141033e-01,2.046453696684385759e-01,2.462602593219858638e-01,5.790324291572048754e-01,6.378856763334351809e-01,7.181415136559468060e-01,4.244605525543223012e-01,-1.573511881077608865e-01,9.291060065466476559e-01,1.228683819022423629e-01,7.507915238546956083e-01,1.997976187438714468e-01,8.066716554334546485e-01,2.511842836958481096e-01,7.917583617029082532e-01,9.075964838189943817e-01,6.789806190294416233e-01,6.775439968696530535e-01,4.755681279396058170e-02,3.544493539730041443e-01,3.241859262222934746e-01,9.863827644004589112e-01,6.781740532932044596e-01,6.935320032677415591e-01,8.611355351473319875e-01,3.840728975778780474e-01,6.508799039836350442e-01,6.407916439725894753e-01,8.197324624882421640e-01,5.921356795897068093e-01,5.935266495233419981e-01,8.844478879452996045e-01,9.606067470673739228e-01,8.611836129999966838e-01,9.515981781766409409e-01,2.247463593287950256e-01,9.444629174162375573e-01,4.813667572778136394e-01,3.952988482456580299e-01,2.594297507219391896e-01,8.817067528236783858e-01,8.453373387348092072e-01,6.652263735688417334e-01,4.199775865715542622e-01,7.941826685354594906e-01,8.482047069280499452e-01,3.180933236378334916e-01,4.408672610908841993e-01,5.142022080404677897e-01,5.078468017750563668e-01,4.372090500239139699e-01,9.207938209304395993e-01,4.059430953179660184e-01,1.682704737942100348e-01,6.084781505251908307e-01
8.957195301848015490e-01,8.940336527771227670e-01,0.000000000000000000e+00,8.756169905208546211e-01,7.175868627271684286e-01,8.578881285686844604e-01,9.469381919238477607e-01,8.488805780790974476e-01,8.353464615217701672e-01,6.589506125466172426e-01,9.255421661739742234e-01,9.855973514647642375e-01,9.382745247703231373e-01,9.012820722695594755e-01,7.694119337321096985e-01,4.911033971354382688e-01,9.596735939825860040e-01,9.513145907376008292e-01,8.183777765383544178e-01,7.304161363192513967e-01,6.425151220736593505e-01,8.909341161648220986e-01,7.886306879638464995e-01,7.496917256901832749e-01,4.115428697062469277e-01,7.377267502253628262e-01,9.968739345372238381e-01,9.327796661071792172e-01,2.977821668371600228e-01,4.594804474849498721e-01,4.392060759661147173e-01,7.745144007299669120e-01,9.532620620171596837e-01,9.640919168662201999e-01,8.439906392212190855e-01,6.128827541047773275e-01,5.259816356824964512e-01,9.460549822683277377e-01,7.224986236409185469e-01,9.685214818053382579e-01,2.659216412576309585e-01,9.194055441670901940e-01,6.807393310521467900e-01,5.851547595385289124e-01,9.506522265848992292e-01,9.418981317675371168e-01,9.868398192618720310e-01,3.837364501290292385e-01,9.759774314056451905e-01,8.082300578934895618e-01,8.043396072168770283e-01,9.333866897696219134e-01,6.146266265922160077e-01,7.869708852889811812e-01,8.234426075442916604e-01,8.462152473733866032e-01,9.150521937719494625e-01,9.926079770089221155e-01,5.576775051644436987e-01,4.532729196177526787e-01,2.689782819727394303e-01,8.887457622146327507e-01,4.155769770888758097e-01,4.042850389606945649e-01,9.982452995323036760e-01,4.829288268618452395e-01,8.236746628394940872e-01,9.989585968793216475e-01,3.763268724321311431e-01,8.098207345370872501e-01,9.605797852710384888e-01,9.996379244393872598e-01,6.230221459939836448e-01,2.198599506493648381e-01,9.193357790427073573e-01,6.466649955118908277e-01,9.128343167167606298e-01,6.217570559821097298e-01,3.215403307297270974e-02,3.293836513605573613e-01,6.357495352484212603e-01,7.318466557422759200e-01,6.681074375262407994e-01,8.000314324388010379e-01,8.582055465337317113e-01
4.030281437331749705e-01,8.530287263332990699e-01,8.756169905208546211e-01,0.000000000000000000e+00,7.103818060451451144e-01,9.315996447870963371e-01,7.105893653030801449e-01,7.211373955856650309e-01,7.960086170475884071e-01,7.477721451322552060e-01,6.715607460400171425e-01,6.902625730471528831e-01,9.236873697370995284e-01,5.907347099602542340e-01,7.055843739264368031e-01,9.212658588985127572e-01,9.953397225744023968e-01,7.122368782706507417e-01,8.932453456516015189e-01,8.014056902616174538e-01,8.054149154202815408e-01,3.290240253680865035e-01,6.876789930508079296e-01,7.306383257358193273e-01,7.291816001715585305e-01,9.599961423259825155e-01,9.744925405613633629e-01,4.445439161379647341e-01,2.408075162372675382e-01,9.391173082801201888e-02,6.076318186645637276e-01,5.908423202297747867e-01,7.526445364413910655e-01,6.976748539905220925e-01,6.408955743205814182e-01,9.609041351764970040e-03,2.053862579064065219e-01,7.370272545834067879e-01,9.375233170532734084e-01,7.017941142018041534e-01,4.779239478746263314e-01,8.528720902883288879e-01,5.353694859179412013e-01,6.257440907744423741e-01,9.695541171396614422e-01,8.448316232682377969e-01,9.943240683050802442e-01,9.973433865530492159e-01,7.196483227352210577e-01,9.206166085713165526e-01,8.846263475203530735e-01,7.960532988041292279e-01,5.525464554431276376e-01,9.696742566138903952e-01,9.581128945002574948e-01,9.404794272332486216e-01,9.026332682703988031e-01,4.740087629250829271e-01,9.626194314387590545e-01,3.560343767602782705e-01,2.373503983089819414e-01,7.565913498063111531e-01,9.832298211574290736e-01,6.923759005205328831e-01,9.808102277975259131e-01,6.055469165576592427e-01,5.644144478079723415e-01,8.608282866639216380e-01,8.925647566851158121e-01,5.086519517442099625e-01,9.727122014170683784e-01,8.415897327856853849e-01,7.652475012810986410e-01,2.341832096730925294e-01,7.286263005084859801e-01,8.705485095094804837e-01,4.848332633252943058e-01,6.565549259344760635e-01,4.501518508288091525e-01,2.877904308275188172e-01,9.559968492538843954e-01,6.733605364085860634e-01,7.703434323183868671e-01,6.874919971859014822e-01,6.201069542938824064e-01
7.864230442173343327e-01,8.600190254265240863e-01,7.175868627271684286e-01,7.103818060451451144e-01,0.000000000000000000e+00,7.141260819108901092e-01,6.613396370827476778e-01,6.958633345950735460e-01,8.217576040017291472e-01,4.227538463790145862e-01,6.274744368785881710e-01,6.178901422900687779e-01,8.472005834592731821e-01,6.189435177980103786e-01,1.232547254366050116e-01,4.321729772057716357e-01,4.003357043346922328e-01,9.602439438377331493e-01,7.588738161842987218e-01,9.144147448197977868e-01,5.451095513222590228e-01,4.619390200645797084e-01,9.904447660098594231e-01,8.148698040251840524e-01,4.647957234343970123e-01,7.315150733972272112e-01,7.764871870538396781e-01,2.087721253638187835e-01,7.880619788413905091e-01,1.266542624140602757e-01,-1.097096166242179094e-01,4.132370946624295271e-01,7.250564832879531352e-01,6.923488036723527417e-01,6.503003551925687908e-01,5.409444484838639156e-01,5.141349688819178976e-01,6.792354687264672286e-01,6.452794646405712875e-01,5.661642667457946754e-01,3.659360679897021296e-01,3.116697011766072500e-01,8.428592567209156616e-01,5.462151640166790223e-01,9.229901931504224111e-01,6.429509202162460024e-01,7.238200135249123202e-01,6.200244677920769831e-01,6.219681606275120345e-01,5.759329284089436118e-01,9.111501079522487112e-01,9.713184428685674998e-01,4.718425222660145302e-01,6.838582868953534399e-01,5.907847757157023150e-01,5.006605426536077097e-01,6.265616506000492025e-01,6.088935551077281350e-01,9.520838591099914927e-01,4.284556815887213266e-01,4.318885082463340130e-01,6.624602181215265562e-01,4.472712675795305071e-01,5.832526880229742527e-01,9.203958634216968804e-01,7.051542052092010238e-01,9.215637003640873015e-01,7.709134950054011837e-01,4.014003002019860822e-01,4.482639314804705011e-01,6.981551073307973310e-01,9.017544033966670147e-01,7.144150519922614073e-01,7.364296720842977706e-01,4.870578416549404821e-01,8.969969804783792799e-01,9.215278579865787689e-01,3.856222521334763953e-01,3.617524544208369219e-01,6.900382418787792682e-01,4.376384146748433235e-01,8.561369260259247271e-01,9.277235639550407420e-01,-1.596600467270958279e-01,6.014666288251658832e-01
5.005918364294759115e-01,6.337044022024543866e-01,8.578881285686844604e-01,9.315996447870963371e-01,7.141260819108901092e-01,0.000000000000000000e+00,2.863382200325045313e-01,3.882353986644779265e-01,7.371613262633007757e-01,3.144849013644083202e-01,9.486653606401364014e-01,9.807921100450790464e-01,9.738751109483858581e-01,4.001310105449817911e-01,7.823414361080687218e-01,4.164518187118317338e-01,6.892731349838627786e-01,7.339626936806113999e-01,9.329964279055732446e-01,6.238613051714023694e-01,7.657229487093556441e-01,3.940293741225375790e-01,9.885829998866366708e-01,7.527480004153151993e-01,9.198003138351205088e-01,4.244961148733237821e-01,6.543936131176879556e-01,5.361296548199138146e-01,2.536217248292977899e-01,6.795060469313535245e-01,3.075063744675390898e-01,5.460997109748784162e-01,6.485510109396488421e-01,7.263234503705737755e-01,7.826956376361741130e-01,5.723153668351628198e-01,1.404670420826214794e-01,6.854441369961956632e-01,7.234320426150561145e-01,5.803585301464493362e-01,6.841949145180199476e-01,5.573954070314968146e-01,6.167035556800930518e-01,7.399498590328781322e-01,8.143981279839189735e-01,7.145755964059542498e-01,7.750102929092504978e-01,8.279587882330252668e-01,6.585125295115497046e-01,4.832681619827530195e-01,7.386439015747470194e-01,9.616692135100606276e-01,4.040022329225298470e-01,9.996781392516431719e-01,8.968134092218760234e-01,6.008975111739637276e-01,6.362069372292408209e-01,9.883048927401341111e-01,9.047877298669625423e-01,6.736941771143807323e-01,6.672651078719610274e-01,5.521505159602311252e-01,7.971458760175242908e-01,8.965888254664317047e-01,7.328285720063569819e-01,5.858369784990061779e-01,9.801710348072804058e-01,9.521216837240593645e-01,3.739719355686015323e-01,5.631712438735785309e-01,4.980253649916444036e-01,2.141414251258732249e-01,7.091817210071377220e-01,6.434239617124365429e-01,5.716914655814757662e-01,6.061146234715596437e-01,8.810326812113460360e-01,9.554780994036023989e-01,5.822129119073223835e-01,7.492175771390834349e-01,8.393380751547269147e-01,5.851800696070487140e-01,8.621198230114582861e-01,6.502011814511581278e-01,7.172734698287969168e-01
6.974954845362820732e-01,7.346931374034579854e-01,9.469381919238477607e-01,7.105893653030801449e-01,6.613396370827476778e-01,2.863382200325045313e-01,0.000000000000000000e+00,4.448432816266933432e-01,4.112885266662251738e-01,3.625953463356664797e-01,6.224378424659299247e-01,9.209615943771833901e-01,3.031272874526176331e-01,5.715689422388087193e-01,4.489297528692395289e-01,4.847966292710045311e-01,9.611829987888488303e-01,7.935925761977060677e-01,4.285455431150801409e-01,9.066281576757819760e-01,8.745804051015082514e-01,5.094021833200443883e-01,4.079592249042334196e-01,6.435713172189854170e-01,4.152176856836359287e-01,2.483912085833607508e-01,7.535284953953693687e-01,4.940568895085772350e-01,6.723345029294578445e-01,4.928239734719137011e-01,4.617090707418383677e-01,4.337125152440197140e-01,7.547813358557043939e-01,5.875328699439059665e-01,4.587628546989420686e-01,4.827437223279839040e-01,6.125854104392539634e-01,5.860378984920794343e-01,9.420797250322116012e-01,2.425237806407999630e-01,4.100404185144215785e-01,6.545358116561469375e-01,9.042078635714422274e-01,5.243594621106190123e-01,9.028519289926350000e-01,5.412358368713801049e-01,7.521437087071605188e-01,4.255908108620292118e-01,6.522199812445897971e-01,8.970043469450811324e-01,4.598371189156158501e-01,6.056168587637443812e-01,8.997585513817363267e-01,5.889393576405159703e-01,8.949697277970133369e-01,7.930184897708216774e-01,7.950479045368354925e-01,4.972710170926096795e-01,3.278987897205986046e-01,4.595593518455373117e-01,3.741251684491537777e-01,2.815563209857419591e-01,6.414346257218592751e-01,8.840204082729451462e-01,5.104765458368600850e-01,6.021186153570723398e-01,6.990956062084675571e-01,4.139537317837003183e-01,1.911168876869610012e-01,2.898351715263638995e-01,4.082242148447935426e-01,6.808192587198241830e-01,2.333035277141974062e-01,3.499671561474049231e-01,6.145311889899564006e-01,7.921999190384103606e-01,7.359407600777112535e-01,3.978430331862010672e-01,5.900107892224665251e-01,3.673453975351366196e-01,5.214807399416714340e-01,6.843770671036255582e-01,5.304133564279389645e-01,2.031340910288418344e-01,6.841970064702218579e-02
2.946834404464853119e-01,9.739591993306657702e-01,8.488805780790974476e-01,7.211373955856650309e-01,6.958633345950735460e-01,3.882353986644779265e-01,4.448432816266933432e-01,0.000000000000000000e+00,8.976519993209235437e-01,6.703624335379216870e-01,4.739222245100853104e-01,7.187024049065888764e-01,6.967380857156747487e-01,7.280772955440247829e-01,7.402219139771193390e-01,7.601707669843205117e-01,3.959565931412188378e-01,8.289419063571444868e-01,2.001298505678573147e-01,7.205881552389089562e-01,7.466589682146479445e-01,6.841780786075014609e-01,4.558577068098609852e-01,8.675731564011259778e-01,9.204197549967371161e-01,3.009552743559761323e-01,5.352124588738312871e-01,2.308138227179075685e-01,7.814536942915023543e-01,5.738967263197446433e-01,2.206027917916701109e-01,4.899628147517509080e-01,4.063450830013876636e-01,7.154215020847228823e-01,6.933856482195326354e-01,3.572539130433913801e-01,5.696957028157900726e-01,5.666011400999814152e-01,4.088275677488726334e-01,4.803172039350893652e-01,5.902506588227044437e-01,6.918952556902920881e-01,2.330936671723377873e-01,2.983136399817639672e-01,2.348822230104621878e-01,6.278813052556737606e-01,9.465013811955216294e-01,4.135811839938537959e-01,-1.684697879620613570e-01,7.386969336709038325e-01,7.320361741176348858e-01,4.355858558732864649e-01,6.304662309329551739e-01,7.443033495527223709e-01,7.720011076046415788e-01,6.382935398635509738e-01,7.380553223361812076e-01,5.008841180609333588e-01,8.621234509925916889e-01,4.166738057491592984e-01,5.834874407237244931e-01,7.642720392690393050e-01,9.084377628383798475e-01,8.966634874530626798e-01,7.502936895397397388e-01,6.548961010261249438e-01,4.990344968415950100e-01,5.354067433754655658e-01,4.839973020622995725e-01,8.905483150776500878e-01,2.393508767396790304e-01,3.414197896775170715e-01,7.809251682124839222e-01,5.992380939642354409e-01,6.634815085195889806e-01,2.373657229053031670e-01,6.479500337429811019e-01,5.709445802532456815e-01,1.607180942789284417e-01,9.696128402972552518e-01,4.430081914172830371e-01,5.990458597061055768e-01,9.209670245941784517e-01,4.426660184936355713e-01,8.351914485234231966e-01
8.009442268623317984e-01,7.879415765754129719e-01,8.353464615217701672e-01,7.960086170475884071e-01,8.217576040017291472e-01,7.371613262633007757e-01,4.112885266662251738e-01,8.976519993209235437e-01,0.000000000000000000e+00,4.363089536583955597e-01,6.159268867277006843e-01,6.051524681180424636e-01,8.549230593001673206e-01,8.739988705539972758e-01,6.577955667371040427e-01,6.175345633638604781e-01,6.603733523148007656e-01,8.823561211361791168e-01,1.628209743740542947e-01,5.234696657238872008e-01,5.295284263254560475e-01,7.235039340819964249e-01,8.211943096124355579e-01,8.702228102805062981e-01,7.274068070718828771e-01,4.658875367208475948e-01,8.775053342823646574e-01,5.713457958329309916e-01,6.068298523268965683e-01,4.398037295792234236e-02,4.358092823424553064e-01,5.352447143299890464e-02,7.824404374569416953e-01,9.339846422219176825e-01,9.761801561172611663e-01,2.052297073956012852e-01,6.120427685079166125e-01,6.171297603166031598e-01,9.382690746822290873e-01,9.941624955450344414e-01,2.005143599087563788e-01,8.678312510796077905e-01,6.424743392003787745e-01,7.199899710815212961e-01,8.225178314134253821e-01,2.707962634243602507e-01,6.997415927889176768e-01,9.880170137055859225e-01,9.796541290175642125e-01,7.235876670502178198e-01,2.500843761541771126e-02,5.369760425584195751e-01,6.373648546362454814e-01,6.775362414339530792e-01,8.559461968921571184e-01,7.901654492645477923e-01,4.358044712605494975e-01,7.263626290509784811e-01,7.697068337572881003e-01,4.504423798750692431e-01,7.369341300054756960e-01,1.129055017284844031e-01,6.556627800129264383e-01,9.538413826770349990e-01,8.919568627548475348e-01,6.702478264559006416e-01,8.872021309962485613e-01,9.371468017911426251e-01,2.008135248038612208e-01,2.003325642609083412e-01,9.136394630027400154e-01,9.353087610229005033e-01,4.653428222507903778e-01,6.659742093704829058e-01,5.914842622437199715e-01,8.647873788027578001e-01,7.565283366711319513e-01,5.510288416287465463e-01,1.774952640729279274e-01,2.371041446073141601e-01,5.155757107567669056e-02,7.408680372375643364e-01,3.851504798606538160e-01,5.919851571269965085e-01,4.925393608268180401e-01
9.015379602316014873e-01,8.263765187145438729e-01,6.589506125466172426e-01,7.477721451322552060e-01,4.227538463790145862e-01,3.144849013644083202e-01,3.625953463356664797e-01,6.703624335379216870e-01,4.363089536583955597e-01,0.000000000000000000e+00,1.139069766339211309e-01,5.544503015839722382e-01,5.699340696706459708e-01,6.851949962817854844e-01,5.537166543485112502e-01,7.987810935950048208e-01,9.570867455896810982e-01,8.744051855972484466e-01,7.797096051020457885e-01,8.652901683398841470e-01,5.437972224706302260e-01,6.059735204730953839e-01,8.942246697216168494e-01,8.394579436926117300e-01,4.730868247680272143e-01,9.060684559530945981e-01,8.962051401652894045e-01,8.946297762407696696e-01,7.420801572967808957e-01,7.579299087945234881e-01,3.125456118548027851e-01,6.819047172658231348e-01,6.645345641688835681e-01,6.377485164713811994e-01,9.862755294004146300e-01,6.449812232931005918e-01,6.198867209491146224e-02,5.021833672567111995e-01,8.847010592681495700e-01,8.592256042257876425e-01,3.589827532889512396e-01,6.529635005803831049e-01,6.277350561318441047e-01,6.958383330422668323e-01,6.368484752001988269e-01,7.010761181579443502e-01,8.185153094397097373e-01,8.051061796901356482e-01,7.757103797352005170e-01,4.551114255906216766e-01,9.300892941817895387e-01,5.376852557152584922e-01,3.108874570004505622e-01,-1.147196997886360675e-01,6.250351455462656025e-01,6.052697776506021921e-01,7.373676851029064006e-01,9.494299603542585286e-01,5.396843744754098449e-01,7.569291784061353834e-01,4.323888403548329373e-01,7.800206215726022130e-01,8.011731692292783924e-01,5.835765541148432156e-01,6.541178670826021113e-01,7.380513464867168860e-01,6.801943781406588618e-01,9.589667924952812728e-01,7.701103277284543358e-01,8.858432070164620198e-01,6.945695216854198550e-01,9.735504656758823261e-01,5.253615241406879299e-01,2.667456017681516522e-01,8.376077045061800508e-01,3.613147541424428510e-01,4.593916659852150808e-01,3.106392031814766419e-01,6.808222800963587007e-01,3.027505945065093740e-01,6.915132048330014936e-01,6.945255667229718322e-01,8.069022080439605116e-01,3.881590874235160138e-01,9.017096434386419057e-01
6.193689139242903874e-01,6.384834613710944629e-01,9.255421661739742234e-01,6.715607460400171425e-01,6.274744368785881710e-01,9.486653606401364014e-01,6.224378424659299247e-01,4.739222245100853104e-01,6.159268867277006843e-01,1.139069766339211309e-01,0.000000000000000000e+00,8.026364025690878590e-01,3.193598073042432373e-01,9.084173681984851756e-01,6.057607313646720115e-01,4.278823853783584319e-01,9.921128515000703363e-01,5.600311353062991104e-01,5.422361600754808109e-01,6.130768213578822179e-01,8.495179059303852309e-01,4.049987103002346545e-01,6.044278927977755345e-01,6.613325931810906111e-01,3.061593857131306162e-01,7.044136170854862211e-01,3.606750602202897227e-01,5.782992560380645353e-01,3.254804769060799519e-01,5.998632954582006072e-01,5.095491567318966020e-01,6.001369551019299919e-01,8.160543445267456342e-01,6.484008099245853751e-01,6.927417421729222813e-01,-1.046601220566017038e-01,6.456317961883073497e-02,8.629585239559901533e-01,4.363802872298176427e-01,9.486677210225896717e-01,7.997153481448701084e-01,7.888767629485630151e-01,9.394050725175716599e-01,9.079269772780464987e-01,9.955687695266566273e-01,6.214155252406566854e-01,7.133988413970011599e-01,6.913824339614127457e-01,6.986717648139125769e-01,5.095037580873260641e-01,7.760551094444105846e-01,5.538346291413929201e-01,4.864924197531107497e-01,7.878399499764581204e-01,7.743891517372725186e-01,6.784582417356198603e-01,6.959449426444699327e-01,9.600587898471047987e-01,9.224596810060489149e-01,6.510822122336379358e-01,4.472739222862680553e-01,9.303959593039837772e-01,4.766175873025599308e-01,5.399034210778449472e-01,9.537568015094736174e-01,8.500622694259826195e-01,6.539874183769268656e-01,8.560423984602928416e-01,5.197743646668289141e-01,7.803311623314627132e-01,7.240353180355045826e-01,9.458175175567007376e-01,4.777153469636884475e-01,6.513113528175485945e-01,6.241259157193758123e-01,6.928772085977819017e-01,6.173110577473133187e-01,3.174283246063601682e-01,5.352838149689566061e-01,2.511187030513732377e-01,6.252909538075381857e-01,3.460850722179373840e-01,8.266828761653111091e-01,5.405008663518795498e-01,5.171019991305929597e-01
5.635923305063926803e-01,7.489810029723971141e-01,9.855973514647642375e-01,6.902625730471528831e-01,6.178901422900687779e-01,9.807921100450790464e-01,9.209615943771833901e-01,7.187024049065888764e-01,6.051524681180424636e-01,5.544503015839722382e-01,8.026364025690878590e-01,0.000000000000000000e+00,9.073500830136996820e-01,6.885889038342362101e-01,1.268774356849349250e-01,7.413076482667485534e-01,8.708710835785534732e-01,7.127238811934966112e-01,4.500461913073419695e-01,9.524093091416819812e-01,2.705451959630697512e-01,4.973015566217578454e-01,8.174134359615001788e-01,4.887952202289846948e-01,1.439414464925322101e-01,8.757715005483557302e-01,6.773678297853393815e-01,6.241819506326774514e-01,-1.854723812309758135e-01,5.489187659789304119e-01,7.049341384002840716e-01,7.587882028959025416e-01,8.925669002742634417e-01,7.070552222953950805e-01,9.801933442539330077e-01,2.823615667319109290e-01,5.588334507730799428e-02,6.940022746326018899e-01,7.908557497200695563e-01,7.404445289071353020e-01,6.540556688505329008e-01,9.234446326602606669e-01,6.731964465467933367e-01,5.907670974623918658e-01,9.515288300658643061e-01,6.061149022688208099e-01,7.248029950686785128e-01,6.972313364749854747e-01,7.435680411609174589e-01,5.778447824813435219e-01,7.160800008913751347e-01,6.469646918286547921e-01,9.724787461514363685e-01,4.009548989226900395e-01,9.600781568229579399e-01,6.398506535829940889e-01,7.639897141330939112e-01,4.938037112319638156e-01,9.169450295439109944e-01,4.164644240534922659e-01,2.730692743394327326e-01,2.963351236642931541e-01,7.407172721911455815e-01,9.461827113101791698e-01,5.677272570463418599e-01,6.350344441786139882e-01,9.915135061949923445e-01,9.722464547203170104e-01,6.596254753084477285e-01,9.960789688116247209e-01,8.792173679753557680e-01,8.284996784540835657e-01,4.321630122298608656e-01,5.114306713942209370e-01,5.755548720721150868e-01,8.527128752036777781e-01,6.063551017566389811e-01,7.459423773373166089e-01,4.462970338721451435e-01,3.936100971059983689e-01,7.620746570096126327e-01,9.757532430669649814e-01,4.964966367211025577e-01,6.013043894713019366e-01,4.711410633873607812e-01
2.051656728165175692e-01,9.535669932851289499e-01,9.382745247703231373e-01,9.236873697370995284e-01,8.472005834592731821e-01,9.738751109483858581e-01,3.031272874526176331e-01,6.967380857156747487e-01,8.549230593001673206e-01,5.699340696706459708e-01,3.193598073042432373e-01,9.073500830136996820e-01,0.000000000000000000e+00,5.043500584194618996e-01,5.754142128387561561e-01,7.819590432781546863e-01,8.616985895383088012e-01,5.111836851646146540e-01,2.969134278597901910e-01,7.369451023950078783e-01,9.873141110863639103e-01,7.985328650265104411e-01,3.117255296979783430e-01,9.884561663835201850e-01,4.876483529475794665e-01,7.751896027643886411e-01,2.679630160941258166e-01,5.161599928332378795e-01,4.812272151574273349e-02,3.112339217119537982e-01,5.668695115668564988e-01,7.894792275102717749e-01,9.928098050621420034e-01,8.613325205674566831e-01,4.495753265283987665e-01,3.822510945481426559e-01,2.320785582261477298e-01,4.583384285602459252e-01,8.944047909776733363e-01,8.745500826650947079e-01,3.300629498167436671e-01,7.843400717686694890e-01,7.302315150170390901e-01,3.538441966850650600e-01,9.211340155269597263e-01,9.021722775694130947e-01,9.471117824926129636e-01,7.638713192325569112e-01,6.985162569188522186e-01,2.620997254770608409e-01,8.720375127319828223e-01,9.678502783188034364e-01,7.323479044828649087e-01,6.909674059174367722e-01,5.679484662784171078e-01,6.955225546567193051e-01,7.981269518113534023e-01,8.932721800301498538e-01,8.077902616510572731e-01,6.074521933071380664e-01,6.402335488645526373e-01,5.166379323933498746e-01,2.397175699774896362e-01,9.881802750489341314e-01,6.457182677069764898e-01,8.005219891123400711e-01,7.897140219464109379e-01,6.804405918328679803e-01,2.849948278587953743e-01,4.203340972968233058e-01,5.381157565570208190e-01,5.848633475206908017e-01,4.116444462605858279e-01,3.379804975030358261e-01,4.945989659161700858e-01,3.977915288401519534e-01,7.999011442047174736e-01,9.228457523520836592e-01,3.378354554497528528e-01,3.628735617726738250e-01,3.651748816205007686e-01,7.341938937931219433e-01,4.318725754262482397e-01,6.655156760268532423e-01,8.165955083825597871e-01
6.459934349311099444e-01,9.575686088733639245e-01,9.012820722695594755e-01,5.907347099602542340e-01,6.189435177980103786e-01,4.001310105449817911e-01,5.715689422388087193e-01,7.280772955440247829e-01,8.739988705539972758e-01,6.851949962817854844e-01,9.084173681984851756e-01,6.885889038342362101e-01,5.043500584194618996e-01,0.000000000000000000e+00,8.006265426417070730e-01,-6.581118762762269703e-02,6.065247377264738615e-01,8.429370912241911373e-01,6.787072766939757917e-01,9.248818591268990197e-01,9.329432514901558893e-01,8.860507284854940435e-01,7.765685346054566063e-01,9.637860545144174562e-01,4.635189573646262828e-01,8.891117583787716550e-01,9.948257393209188892e-01,6.720578746408403248e-01,5.181055235171039275e-01,4.811286003571054182e-01,4.359762861916252619e-01,5.622176412750449215e-01,8.177716648435127134e-01,5.191574974353718730e-01,9.177049841592135326e-01,3.451714576926680489e-01,5.135048202146845764e-01,3.611370056992478372e-01,6.539963528366923295e-01,9.115132813518802557e-01,8.116052138947920103e-01,6.514403096175765961e-01,8.892474927262995488e-01,4.456328023837435315e-01,8.313899203760156675e-01,7.397082845142700647e-01,9.823386301002509091e-01,8.092736025507841768e-01,8.684602083146988338e-01,8.437556948201696549e-01,4.247751199533617017e-01,4.136705317455221520e-01,4.198111561534878522e-01,6.254126664945538483e-01,9.144779016074489064e-01,6.158397032491318424e-01,6.613241720045278660e-01,3.362216086451794705e-01,9.197014173397585202e-01,4.907870635964807216e-01,7.185423012423436395e-01,4.276435206823230861e-01,8.163313316875273618e-01,8.288355313667679081e-01,8.789176248879345676e-01,8.409140034420103937e-01,7.081653233236220313e-01,9.483208767353765722e-01,7.289222993400052975e-01,9.549634597731134766e-01,9.481611230817516001e-01,4.589101593337815976e-01,5.294484201622789987e-01,7.453761431422364359e-01,7.039765577042723654e-01,9.974877197257249195e-01,8.897589149681762732e-01,9.251342756334234307e-01,-7.254821669474095791e-02,5.332324675203801156e-01,6.980672799337905854e-01,9.140445676294686184e-01,9.156656366149142912e-01,6.211486539875028523e-01,6.976859350499567958e-01
8.841663386627157672e-01,7.657090802154322695e-01,7.694119337321096985e-01,7.055843739264368031e-01,1.232547254366050116e-01,7.823414361080687218e-01,4.489297528692395289e-01,7.402219139771193390e-01,6.577955667371040427e-01,5.537166543485112502e-01,6.057607313646720115e-01,1.268774356849349250e-01,5.754142128387561561e-01,8.006265426417070730e-01,0.000000000000000000e+00,7.737700191580050291e-01,9.686119230370729971e-01,6.994035440438949314e-01,7.551388531988685315e-01,9.047449739824863224e-01,7.302618850507351933e-01,7.909495419339376276e-01,6.879290265151319916e-01,9.144805418224967175e-01,6.399597924790592085e-01,9.084244524175701940e-01,2.995583721594511362e-01,6.626413380578181078e-01,5.717770832421198435e-03,2.474104304811458599e-01,2.582013518680290609e-01,5.310964943313493114e-01,6.888828108370274039e-01,7.824296898168631165e-01,5.766670429802391862e-01,4.524546861354492022e-01,4.285023111959112563e-01,8.610718391326628307e-01,7.979578912860758599e-01,9.758833720439933357e-01,2.552627421949765218e-01,7.221643980321268419e-01,3.221851937392956611e-01,8.989455443949334601e-01,9.233490993900698163e-01,3.125881261298474323e-01,8.645394836603748079e-01,7.715698338569594306e-01,6.379997191944267732e-01,6.662722065482458156e-01,7.742784222313814357e-01,9.064972177486139149e-01,8.970329613871935726e-01,7.566188359714102196e-01,7.868216854256128157e-01,-6.649739244612912215e-02,7.318465783448715456e-01,4.422853091036997308e-01,2.136715821400251847e-01,4.091427028072424643e-01,5.839215789969007808e-01,6.349635099984209941e-01,6.092264685585980777e-01,7.420525464125307114e-01,8.494303818206747625e-01,6.512225176533696924e-01,9.201029442691255333e-01,8.146071200424941372e-01,5.616880799498833454e-01,7.796061257694065771e-01,3.660149615554862956e-01,8.251415377915841676e-01,5.168262640606550162e-01,4.575684403248800325e-01,6.167193815923113220e-01,4.084338487186849331e-01,5.788063173443773746e-01,6.962966981509853825e-01,6.603796482135332324e-01,9.768090958778559429e-02,7.741002603039504049e-01,6.701804921177867413e-01,7.813394882134945263e-01,1.868201561748143447e-01,6.314361901548520839e-01
6.735410826271972518e-01,5.879147681946939041e-01,4.911033971354382688e-01,9.212658588985127572e-01,4.321729772057716357e-01,4.164518187118317338e-01,4.847966292710045311e-01,7.601707669843205117e-01,6.175345633638604781e-01,7.987810935950048208e-01,4.278823853783584319e-01,7.413076482667485534e-01,7.819590432781546863e-01,-6.581118762762269703e-02,7.737700191580050291e-01,0.000000000000000000e+00,7.506278058658785168e-01,5.093945181978533077e-01,3.373590542400349279e-01,9.116247940645860748e-01,6.976548826448076834e-01,5.787924049473217591e-01,9.780161041788605347e-01,9.265553774920752828e-01,4.100901288245453191e-01,7.400922994309414582e-01,7.002373168207984833e-01,6.194223535328107211e-01,1.309903182368293006e-01,7.456775028862751009e-01,2.800931597394407113e-02,2.022622094197507603e-01,9.761519222714672150e-02,5.313411521257134229e-01,6.632933841374429873e-01,8.079971921543008806e-01,3.045015269304832684e-01,8.810382917738543984e-01,6.410514463666230345e-01,8.317387630101471530e-01,6.651837226859573793e-01,1.259342915525979711e-01,5.867867102447428540e-02,7.698491504624487280e-01,9.094234577632244187e-01,9.565514609723295703e-01,9.916448770296458770e-01,7.267851399919416089e-01,6.073548417170295810e-01,3.462326646611796344e-01,-1.887322598866434387e-01,6.950719502539343120e-01,8.923301518433293111e-01,9.443161177909462634e-01,7.633610869353955053e-01,3.434523661202910638e-01,8.633072941933150890e-01,7.087292221794760927e-01,7.836052668195273574e-01,4.439887740377879699e-01,8.721728896580023260e-01,8.987500113314214056e-01,6.250919757448668568e-01,6.291222656538172364e-01,6.752269462581357296e-01,6.346202798869544637e-01,9.808689528978113970e-01,3.095685716923294306e-01,3.050164284484552235e-01,6.429870774721802018e-01,8.789671149550637441e-01,6.625504568920510540e-01,4.963206200111877631e-01,7.644385928790357054e-01,7.337833138705823766e-01,8.408137934192387863e-01,6.898844812181387232e-01,4.191227570118698509e-01,6.225175495838914941e-01,5.208628250457154607e-01,4.619717633152021774e-01,9.127000988441692497e-01,6.893323385362717381e-01,6.222820977284065913e-01,6.294364251131541188e-01
8.538746309367246656e-01,8.988057067676472611e-01,9.596735939825860040e-01,9.953397225744023968e-01,4.003357043346922328e-01,6.892731349838627786e-01,9.611829987888488303e-01,3.959565931412188378e-01,6.603733523148007656e-01,9.570867455896810982e-01,9.921128515000703363e-01,8.708710835785534732e-01,8.616985895383088012e-01,6.065247377264738615e-01,9.686119230370729971e-01,7.506278058658785168e-01,0.000000000000000000e+00,4.848780034854317522e-01,8.534383418863445980e-01,6.985220719690442559e-01,6.010166095058144808e-01,8.908819773595916258e-01,9.634710232370566896e-01,8.681600471863067936e-01,4.821708852355297559e-01,9.929704061435286055e-01,6.294003804132811686e-01,7.255339798035489451e-01,3.228423455017583321e-01,6.100445835502971148e-01,5.556012424772737157e-01,8.027311092345510435e-01,9.112764089128670975e-01,4.387481449144157719e-01,2.447758775431833345e-01,3.087643420787506976e-01,3.159849677024011427e-01,7.046360713186290425e-01,7.566541866289053786e-01,4.696669261250959182e-01,5.955803652870087506e-01,7.371019256835955602e-01,1.705752444555289626e-01,2.516234997528386530e-01,9.447391660561442750e-01,9.966329247493828092e-01,9.560465457869078421e-01,8.658406013079208430e-01,8.812660661007211127e-01,6.626449297277190453e-01,9.822090982691278338e-01,9.224951699453813880e-01,8.538926722081520149e-01,7.600579525230432010e-01,8.955567114786866512e-01,9.594499989018522301e-01,9.499389113762037873e-01,9.075210320673906539e-01,4.454720194966436675e-01,4.835771582891467690e-01,6.276950149386434363e-01,5.041217927246193220e-01,8.641684463098611158e-01,9.538547865250186497e-01,8.919257773168726144e-01,6.818838587462912049e-01,8.403438183340918854e-01,6.992347912632822515e-01,7.707279475811543712e-01,8.001496291864746979e-01,4.386129190743409678e-01,9.657002252355962879e-01,7.333385652964846679e-01,5.728719940124307186e-01,6.523303576496420897e-01,8.517261571443042190e-01,9.311739640141560859e-01,6.621026435995259751e-01,5.057705602824422719e-01,1.544350981827690705e-01,5.609264554614837861e-01,8.986100371903267270e-01,6.860559614659433869e-01,1.839299741067960958e-01,7.538103453222104733e-01
5.206917606833263434e-01,4.352366294280505810e-01,9.513145907376008292e-01,7.122368782706507417e-01,9.602439438377331493e-01,7.339626936806113999e-01,7.935925761977060677e-01,8.289419063571444868e-01,8.823561211361791168e-01,8.744051855972484466e-01,5.600311353062991104e-01,7.127238811934966112e-01,5.111836851646146540e-01,8.429370912241911373e-01,6.994035440438949314e-01,5.093945181978533077e-01,4.848780034854317522e-01,0.000000000000000000e+00,7.711928126844970199e-01,8.639358756287434105e-01,9.512497033282609760e-01,6.850122954712503098e-01,6.719767189781884476e-01,9.968381791477984866e-01,6.933247990120414705e-01,7.830753718408137720e-01,2.515749376324210584e-01,9.375231364036630266e-01,6.951658830047920956e-01,4.175962696932466467e-01,3.179842996792507370e-01,5.640966575428608687e-01,8.736520028453207409e-01,7.774231117243951550e-01,7.128488159875771002e-01,4.418810507749935668e-01,4.277557105806859550e-01,9.674567176950805703e-01,6.246929435855052004e-01,8.654227323135365024e-01,7.050042532659622774e-01,4.551606823071264185e-01,6.217516600312703590e-01,9.669882440436859961e-01,6.282515403490513961e-01,9.107821390737297351e-01,7.657856697535483370e-01,3.232645155234156187e-01,7.700436828927113009e-01,7.416494643354959448e-01,5.265876757922112184e-01,5.494377021314753584e-01,6.080537094241749152e-01,5.100049217061743967e-01,5.434669004220196165e-01,8.448007332882389031e-01,4.048538080423586538e-01,6.379822618477495322e-01,8.474586824743970404e-01,7.395752469362695258e-01,5.421189860739747957e-01,7.653274896032329355e-01,5.755556844233526981e-01,5.246430785377009798e-01,7.663083612248613452e-01,5.742440863524789219e-01,6.558022446437039576e-01,7.279423710875534415e-01,8.332691234662560342e-01,7.702986102702892302e-01,7.384619355408181818e-01,9.926701710126702993e-01,3.270076411279773110e-01,4.178604502461992776e-01,7.038749342539426523e-01,9.268060195475897878e-01,8.770461200981043426e-01,8.785488874635085654e-01,6.117321310468402107e-01,4.682656815445681020e-01,6.819081822470087761e-01,8.946739070584868170e-01,7.364768554248865007e-01,5.967096639023314886e-01,2.291715570605600827e-01
