0.000000000000000000e+00,5.496594434513569771e-01,8.230719932235249781e-01,9.563880098039898581e-01,8.838160069621238124e-01,9.794961965335352572e-01,9.327676358723042682e-01,6.093335560718156074e-01,6.347257097195551090e-01,6.303837341112645820e-01,7.227807242592119152e-01,8.941114683476684144e-01,7.977670624730182070e-01,8.223355025195513424e-01,7.061010435956639464e-01,6.331791358695662009e-01,8.528170241561709997e-01,5.015309744118265911e-01,8.059067828511544684e-01,7.494841524120562370e-01,3.947197411713302961e-01,9.868692315068954279e-01,6.720132204841333667e-01,3.626255580588718108e-01,4.726618196230893409e-01,7.009623867709739997e-01,8.079202031190431121e-01,8.639969946094447906e-01,6.209780583645331253e-01,4.056402877083007397e-01,2.602469829371174548e-01,9.061634952882613447e-01,9.784017877722277490e-01,6.859043621320601858e-01,9.008030855996000952e-01,2.508658544422635583e-01,4.749559784683222707e-01,3.034023595766883741e-01,3.438011031160042030e-01,9.563174879627094338e-01,6.166560651186135944e-01,9.988101222486528430e-01,7.164147840639579767e-01,9.607080215536504264e-01,8.218606961503190922e-01,8.140712136482717298e-01,4.348521715563566370e-01,7.535847414801488675e-01,6.129140725998611927e-01,8.945610947485018727e-01,7.842930259272947735e-01,1.970909233150590703e-02,9.998346734176457584e-01,4.707764406056238471e-01,8.614898284622511948e-01,9.545200754694872503e-01,7.089553524990256372e-01,6.138359484825424151e-01,8.662390564983104557e-01,8.194294442681769874e-01,2.127361339679512686e-01,6.572805753963552045e-01,4.916326236601231692e-01,9.840948191868799100e-01,7.739490258780593601e-01,7.181905457894635081e-01,5.139620154933890461e-01,8.089804011445785870e-01,4.609063037530634066e-01,6.544273130882791722e-01,9.873567936349936236e-01,2.494721966925824153e-01,4.598128536158189172e-01,4.734959136815012903e-01,7.397474778824452146e-01,7.124044326695431195e-01,6.762990546611192810e-01,9.427281359963070040e-01,6.870126391279888223e-01,5.804852714993016249e-01,6.214770925737157503e-01,8.186607499194019644e-01,6.347798623028075848e-01,7.657883218414200943e-01,8.730525545186115233e-01
5.496594434513569771e-01,0.000000000000000000e+00,9.866404920119096200e-01,9.706822925450948603e-01,9.474505555280536839e-01,9.977825400972086811e-01,6.167794103104902170e-01,9.437582909429192979e-01,7.990306859022520136e-01,6.072921369438041284e-01,6.270442847076098669e-01,3.745100851697030775e-01,8.736865346485623851e-01,7.589326804064042697e-01,7.693975441374056867e-01,4.428286394773917056e-01,6.087631648631950387e-01,5.839126777096903531e-01,7.510172525595033566e-01,8.617607374648088570e-01,9.884830673335256446e-01,7.337458775799805544e-01,8.591211988379772180e-01,7.413585410720420210e-01,2.446135913113825500e-01,9.410994272102594094e-01,9.236036856781270066e-01,6.121407426945175700e-01,5.532829909586527428e-01,1.203576197768340406e-01,5.685607578976163978e-01,7.255852174815295985e-01,7.743299333686903818e-01,4.991985951536497268e-01,3.237460953382163553e-01,6.954478157047780940e-01,1.415072183609804024e-01,2.940340131648295774e-01,9.729898882878357247e-01,7.945999924643787349e-01,8.039538788194777741e-01,6.351667181956461850e-01,5.717562435508934948e-01,8.479734748055173243e-01,7.890704151054536153e-01,6.395181794038568013e-01,7.907100962357600515e-01,4.303399094840754113e-01,4.238693799175369259e-01,7.905363819997184294e-01,1.861071671083366907e-01,8.068815485980668223e-01,8.279590856647088826e-01,8.669473521276686023e-01,9.656315673905507824e-01,8.546448518485818546e-01,7.718327932544860603e-01,3.869717835869166400e-01,8.112786577441275515e-01,2.948566746840471930e-01,7.397839842786099185e-01,4.810402043064733735e-01,9.517795677452218772e-01,8.631966383808791221e-01,6.047423855153531980e-01,7.909761696444559398e-01,8.477957064986985092e-01,9.052085664091211736e-01,6.385397439407070053e-01,9.026864328437228524e-01,7.542234468700615979e-01,5.228182216040130337e-01,5.373911211912707486e-01,4.082199674710302872e-01,7.474839996059571279e-01,8.546397691111855544e-01,8.749978188977381999e-01,3.226246028965005230e-01,7.942426262068100762e-01,1.725300359207797007e-01,9.844756121037168128e-01,2.716083779067123283e-01,6.825252905957713834e-01,4.179875583586825649e-01,6.627794805650875087e-01
8.230719932235249781e-01,9.866404920119096200e-01,0.000000000000000000e+00,9.280896772770897973e-01,8.004137280620814421e-01,8.611713979357945581e-01,6.904528526158424384e-01,8.500218771268754914e-01,7.510791619626515647e-01,9.598127622831545969e-01,5.996958404677945609e-01,9.234871867462597361e-01,4.620594143786733721e-01,3.583085325760634321e-01,-1.828826657770528386e-01,7.559094661119623026e-01,7.400621843242354281e-01,6.577250712545769096e-01,8.110548998852038505e-01,9.308159106986130249e-01,8.372372264363531214e-01,2.792918546080637165e-01,7.152019703739873613e-01,6.208171352076983229e-01,5.240514836610301597e-01,9.998896611393293110e-01,9.031371426380058187e-01,8.225186544497463670e-01,4.265396749355384598e-01,4.780308175235041257e-01,-1.597112264087405253e-01,7.540097915656840399e-01,7.760965538342690095e-01,8.202762392540282610e-01,9.189671253464359868e-01,5.265357862207703521e-01,7.820284079295765078e-01,9.479196651541098584e-01,7.067946551484296513e-01,1.827860646802163536e-01,2.272876305338897285e-01,7.631317780265899076e-02,9.502249426540371191e-01,7.684729282149116436e-01,8.945198115672466921e-01,7.383113598419748236e-01,9.928090024407041359e-01,9.071008066910957179e-01,9.208051055250767725e-01,6.300129717522831019e-01,6.137415838996713724e-01,5.714596117017507471e-01,9.582105868157209105e-01,9.192893690193262302e-01,9.232080165837324159e-01,9.644500496017178737e-01,9.184089350008473041e-01,8.661995039743014546e-01,5.575616602183397497e-01,7.928408191510105674e-01,7.972025125463355621e-01,7.865790379298885915e-01,4.893886406979436887e-01,7.660993072609669774e-01,8.221399874120089990e-01,6.615323124727744419e-01,5.365212311605453976e-01,9.871410539788910699e-01,6.202359815017988165e-01,8.713562503698912831e-01,2.971751992960478539e-01,9.631542070897347596e-01,9.684991306663255362e-01,5.030547055591132466e-01,8.514942258926408991e-01,9.039956912491026175e-01,9.536799594782384704e-01,6.475556173349111821e-01,5.798538322969001291e-01,6.903015384481126383e-04,7.599878318521495757e-01,9.017552815853259185e-01,8.370396033975868733e-01,5.643315130329342733e-01,7.623917688922379199e-01
9.563880098039898581e-01,9.706822925450948603e-01,9.280896772770897973e-01,0.000000000000000000e+00,8.422417236341631641e-01,5.414958322316772987e-01,2.552125939624051987e-01,7.958578575407389000e-01,7.003240867111995005e-01,6.361803193810808832e-01,8.709172627117441889e-01,8.266331363729406689e-01,9.213854410668737005e-01,4.179257320711507462e-01,9.482214031809342858e-01,8.796097526467413497e-01,-3.737583287699164369e-02,5.677381498698258477e-01,6.224787747444983088e-01,8.636027379903153944e-01,9.214163506999899500e-01,9.371862626197907664e-01,4.244037977426503572e-01,7.743754897325264563e-01,6.512571913924521949e-01,8.781167107262290994e-01,2.996430359479727024e-01,9.239774528073203541e-01,3.787866669742159242e-01,5.183427837297436280e-01,2.220711495792382639e-01,5.004062637774813194e-01,8.476758052598464266e-01,3.192596603405277178e-01,8.280147754475786215e-01,5.677633432208423203e-01,3.512928101987289331e-01,4.449722112914104022e-01,8.239038295854671512e-01,8.490946346834862268e-01,8.679181656182347604e-01,8.150188221848458925e-01,4.181445703563103078e-01,2.503500551085300896e-01,9.239410451124656642e-01,8.913883045593049559e-01,4.485329338482283434e-01,6.813746514895376860e-01,4.451501891075592687e-01,5.724699035935048030e-01,7.578085045259179697e-01,9.888355141554134864e-01,4.605492584738225537e-01,7.925459138352348720e-01,8.679110109899403902e-01,5.569284099527117560e-01,7.553179988436032888e-01,9.680327984685355158e-01,9.382770045223366440e-01,8.817201666108962499e-01,9.629024431401598250e-01,4.877091881113009286e-01,8.311244502857663141e-01,3.838517570380487465e-01,7.084945528576896967e-01,7.040798903547179632e-01,4.950039276958521084e-01,7.163424921681682545e-01,4.288297959117347569e-01,5.305497424901619574e-01,8.302579015575947130e-01,9.053614052552114710e-01,1.190674114398600041e-02,6.784257794562362776e-01,5.886477354643049331e-01,6.920296060682938899e-01,4.979646978574102101e-01,6.626404173649684815e-01,4.562525171252560519e-01,5.068585703726347091e-01,6.754308691446229140e-01,8.412295535544856984e-01,6.855861609925294475e-01,4.449774651833559580e-01,4.057284662313750956e-01
8.838160069621238124e-01,9.474505555280536839e-01,8.004137280620814421e-01,8.422417236341631641e-01,0.000000000000000000e+00,8.783043012782474346e-01,2.439909930314171638e-01,5.489317113412655047e-01,9.681230746506851448e-01,5.027076033097851449e-01,7.820205763016905287e-01,7.173613526581165134e-01,7.920676280796810076e-01,4.674728847490911554e-01,4.491156327098915213e-01,4.729310424093157716e-01,5.474288769959659851e-01,7.863256534814831999e-01,6.003963292485819947e-01,4.666643738833877730e-01,8.042233104582584557e-01,4.773793288085156905e-01,8.744988692741627601e-01,9.599533432237494779e-01,3.109447261539928509e-02,8.767116743143492652e-01,6.517404990952304633e-01,7.085034210310262592e-01,8.010231929928880446e-01,2.326336917264561210e-01,4.845019499178352396e-01,6.504157515562025704e-01,7.441685570696289220e-01,7.942418620614801750e-01,4.440673658129212220e-01,2.003222223876096053e-01,-7.188883950579363913e-02,6.448829120305020757e-01,2.593919615835937331e-01,6.309864443561106206e-01,7.270554534686753945e-01,9.668131738521091867e-01,6.005243752575381011e-01,4.719654709914904434e-01,9.602662393537404473e-01,4.127430788195509126e-01,6.297454925764647271e-01,6.237616710991944480e-01,8.784308298982512753e-01,6.935661351897496329e-01,5.839975303596512957e-01,6.449560805642037264e-01,7.061175583025836033e-01,7.776006844882650260e-01,7.223257679644753404e-01,6.641769005086624045e-01,7.111755107667704356e-01,9.515548362553303274e-01,9.246419113366450837e-01,5.899849865455771836e-01,5.569272514509132632e-01,4.478981315251919226e-01,6.477132688308626651e-01,7.780352680239699392e-01,9.824574949848898786e-01,2.909411726141984955e-01,8.524344160823380534e-01,6.455565719879864384e-01,7.032617858601249994e-01,7.909586562262812537e-01,4.701902403139428532e-01,6.308565907678211904e-01,3.765475636426411921e-01,7.044864614193649399e-02,7.283861607719792353e-02,6.665712802152972127e-01,3.137459992591401514e-01,4.846151974095175285e-01,5.061363461489997162e-01,8.403194555368281859e-02,2.626718651746189348e-01,3.812003400763516181e-01,8.025692399988564318e-01,6.849264671809237592e-01,6.640309070853337436e-01
9.794961965335352572e-01,9.977825400972086811e-01,8.611713979357945581e-01,5.414958322316772987e-01,8.783043012782474346e-01,0.000000000000000000e+00,5.548557825676684319e-01,7.424390211938883821e-01,8.371518355777840537e-01,8.541861191688027155e-01,4.921750702368983266e-01,5.462255882329223322e-01,8.452812905814944822e-01,9.017003572648618626e-01,6.826534217919929537e-01,9.793616787896295417e-01,7.510127907383231660e-01,4.501982618120015101e-01,6.535821353252815324e-01,7.192618774936438975e-01,6.407324507407752279e-01,3.369762979449952289e-01,5.941815805092773850e-01,4.332449924758688953e-01,4.075615887903390466e-01,9.116842227467798487e-01,6.235825632473935842e-01,9.330487150418349529e-01,1.557317737102596744e-01,2.295600558292383853e-01,5.844481670794424710e-01,4.069158623010474818e-01,8.640838018875034443e-01,6.239995538123839225e-01,7.156265166077343531e-01,6.121923089651006844e-01,7.702864933132594905e-01,7.759369445763943940e-01,9.927150299898964692e-01,8.155920635789235540e-01,4.362074689179402109e-01,2.422292367189606555e-01,7.402089251738304121e-01,4.394580393880627156e-01,8.311839884516301069e-01,6.782310429777798078e-01,7.902769231555774043e-01,6.620146784898822689e-01,6.908996202778823204e-01,5.758536005126482227e-01,5.677248990771393000e-01,6.781700109600959925e-01,6.846018599156038498e-01,5.662865151942144681e-01,2.854238769388454111e-01,8.455921284081873157e-01,5.052293264310964149e-01,8.809959209559296012e-01,8.513204854401273947e-01,6.196747865116700726e-01,5.785521221821570137e-01,3.923797985939068145e-01,7.659759881345088450e-01,4.593420906436441742e-01,7.681546201460395240e-01,6.337930827949141976e-01,9.564653140160847000e-01,7.460040015315261286e-01,7.104115952143803536e-01,6.713996411234995909e-01,7.910101439221317587e-01,6.472400588856551673e-01,8.743992355432892438e-01,5.999646919341308227e-01,1.798797757393477692e-02,6.504472583159504051e-01,4.024433513714688604e-01,5.953985152955623139e-01,5.673996702098117462e-01,3.335338045253712913e-01,4.617189639510460575e-01,1.933561620998462127e-01,5.731303015928473910e-01,7.953109565723335272e-01,7.119643873648454635e-01
9.327676358723042682e-01,6.167794103104902170e-01,6.904528526158424384e-01,2.552125939624051987e-01,2.439909930314171638e-01,5.548557825676684319e-01,0.000000000000000000e+00,2.438017868784832509e-01,6.921936679430913675e-02,4.314205194132309518e-01,8.251897156962526569e-01,7.666106916751393996e-01,6.180210430722580250e-01,4.897164546417707709e-01,6.292211658301288812e-01,6.030351420736512758e-01,8.733765925424381571e-01,7.200588646900265566e-01,7.960812134304615650e-01,5.850535997058146087e-01,9.217588811213756061e-01,7.394534343982364089e-01,7.233106520463432609e-01,6.872950246783531281e-01,4.999263118986103094e-01,5.895152443298452560e-01,3.381706651625822069e-01,8.679602831320121226e-01,4.418859192015980875e-01,5.610566762662019258e-01,3.135392673495513427e-01,7.577594126060913649e-01,7.150627311526078778e-01,5.496749396268564292e-01,4.858038189226127068e-01,6.652557994837914324e-01,6.859627547050602958e-01,1.511752389416831099e-01,6.738109071793398908e-01,6.435602457393158060e-01,6.590451119601852259e-01,8.299312003366272616e-01,9.833307248758716979e-01,5.593717150082275769e-01,8.973997662871822101e-01,7.228078779115724162e-01,2.834375501058382651e-01,5.971063816015803605e-01,5.705588408263853051e-01,7.711883157597937410e-01,6.855312456679863997e-01,2.676159070386128214e-01,6.908939878286501912e-01,2.157856803256146538e-01,6.096439927139408743e-01,2.184105464272310393e-01,8.650314790657802622e-01,7.957560817452378199e-01,2.564339125099635019e-01,6.423649238939536099e-01,5.825102466931038059e-01,7.434119287465762449e-01,7.817415342060695105e-01,9.346251687897515481e-01,9.424530000506996519e-01,1.486477805438202182e-02,7.031038490372810701e-01,4.341953498539478096e-01,4.237339939167999447e-01,8.637484277743179284e-01,9.848605461695294494e-01,6.827305233700041720e-01,2.770691746540311362e-01,6.577040351862506462e-01,7.430217575923909745e-01,5.786709877873299490e-01,3.062195203761909346e-01,4.285577569075619819e-01,6.633044914338100950e-01,3.904900989841314507e-01,5.671656848716991606e-01,8.605093164927909433e-01,5.242872642869793598e-01,5.358701365474497491e-01,7.429398798240260948e-01
6.093335560718156074e-01,9.437582909429192979e-01,8.500218771268754914e-01,7.958578575407389000e-01,5.489317113412655047e-01,7.424390211938883821e-01,2.438017868784832509e-01,0.000000000000000000e+00,8.385667398849449006e-01,5.597586610578191291e-01,2.048331498083604818e-01,3.951313482762070506e-01,7.974838068215437392e-01,9.871763809382377852e-01,6.614800649390776277e-01,4.473524956052696289e-01,4.436558282234391304e-01,5.206094570610046990e-01,9.806436054084083365e-01,8.459269781803890886e-01,7.685408648451684810e-01,7.084262890052993589e-01,6.134474134406214807e-01,8.205431420548805477e-01,7.754106187304219411e-01,8.016703325508167666e-01,7.321554481782516222e-01,7.739037867402804860e-01,2.539766300164189583e-01,5.252473540210443881e-01,2.650248870944176341e-02,6.413686323798312161e-01,7.959285728608670452e-01,4.188844038663206426e-01,2.342021871494286978e-01,4.157780721410790359e-01,5.793610132524400491e-01,9.979617499148674131e-02,7.238080552411643165e-01,4.658921127837673537e-01,6.792724558823042269e-01,1.482022292647997702e-02,8.898834572466673976e-01,4.532736343166808290e-01,7.738185284788882123e-01,9.761474420157021381e-01,3.967699702177663879e-01,7.863132686255833725e-01,4.904569948124994916e-01,3.860506299346224690e-01,4.199085889824707429e-01,7.540152547409990635e-01,6.385683363186536177e-01,9.195337274086621271e-01,9.372021520165567665e-01,7.013071054605376498e-01,7.602314252781557924e-01,3.760552433490196855e-01,8.571978383722548278e-01,3.265626667057746624e-01,7.262538319540265963e-01,6.777962439050440047e-01,6.259199551257456084e-01,6.691456432938278631e-01,8.479030138507809289e-01,4.980625640442509772e-01,4.885286879361450674e-01,8.071624345226180441e-01,3.615315577845239492e-01,7.846258052463220833e-01,9.976860248280106092e-01,7.480074471286859428e-01,5.591334725998161614e-01,5.815467517570616085e-01,4.724053761958574293e-01,8.351534886957994175e-01,7.136621386648308585e-01,6.143529931155992108e-01,9.408533112011687738e-01,4.304422198852023707e-01,9.656852393900159370e-01,7.169250095455763638e-01,6.820113473686614247e-01,5.148940646309285718e-01,7.553558250915740624e-01
6.347257097195551090e-01,7.990306859022520136e-01,7.510791619626515647e-01,7.003240867111995005e-01,9.681230746506851448e-01,8.371518355777840537e-01,6.921936679430913675e-02,8.385667398849449006e-01,0.000000000000000000e+00,7.558177529764871228e-01,3.870352486494623712e-01,2.256846584961073321e-01,8.533917097918750638e-01,8.550045968095452142e-01,2.179499484849557189e-01,7.412504762888869614e-01,7.967144139703655759e-01,7.424138011155947403e-01,6.973463817224846428e-01,6.059639930872668945e-01,9.341735460658642243e-01,6.679770765158249413e-01,8.581853379797447223e-01,7.542954633043037482e-01,9.829386627500353857e-01,4.842557042328239914e-01,9.714529337531196962e-01,9.104341755704301598e-01,4.244033652495278752e-01,6.650577633946191947e-01,7.948441722617916039e-02,7.771977843227320104e-01,7.241811030861278198e-01,7.624692539657279555e-01,7.132514380272191312e-01,1.157639101254236275e-01,6.388413427470028827e-01,5.178185900004213249e-02,4.789054051519285315e-01,6.113614011199520748e-01,9.892823781255457583e-01,4.794416220827512065e-01,8.076025895611956829e-01,6.741876063095748606e-01,6.337642721912689625e-01,6.804198683722781915e-01,2.855356960126951837e-01,7.699684599594796008e-01,6.651199526763685865e-01,9.491783035736908181e-01,6.379104140337003015e-01,2.162579147689946135e-01,5.293694882255466361e-01,4.648196878417701905e-01,4.453027477956747471e-01,5.439513150215278259e-01,7.849780216344994788e-01,8.619042442261251047e-01,7.215824793656133718e-01,6.183523655774498806e-01,3.313299209142729351e-01,7.413883103518236206e-01,5.683284307963161197e-01,7.913933701014075339e-01,4.710595849868609020e-01,7.405443319558878690e-01,4.857184129180750487e-01,6.482834125158876137e-01,2.848917126342064843e-01,5.833960328008011009e-01,6.328907124968530251e-01,6.374049646560639992e-01,6.314438072877325281e-01,4.346557177172003517e-01,5.100566261626466869e-01,6.827246511836724263e-01,6.470469304498380758e-01,6.517487391839618116e-01,3.474159323173329206e-01,4.504726312058370818e-01,2.442586483620509952e-01,4.099795567919104489e-01,6.168134822128682471e-01,7.141240313044984189e-01,7.611739490405728947e-01
6.303837341112645820e-01,6.072921369438041284e-01,9.598127622831545969e-01,6.361803193810808832e-01,5.027076033097851449e-01,8.541861191688027155e-01,4.314205194132309518e-01,5.597586610578191291e-01,7.558177529764871228e-01,0.000000000000000000e+00,4.279217168165110330e-01,4.548211773961887694e-01,7.406914650207780948e-01,2.154694089059281392e-01,6.889789934091806733e-01,7.216377947350050004e-01,8.560131274993481032e-01,4.961523165328926011e-01,7.908248553305371464e-01,2.116213538506812597e-01,9.987230855549077413e-01,6.268564549428333743e-01,8.120431362438552680e-01,5.750206573517770980e-01,3.797440684968839131e-01,4.611264080323557724e-01,2.995919037200220347e-01,8.136599347307956753e-01,6.372217889451656792e-01,5.487871712075033104e-01,3.225661965718709667e-01,5.009838166500144574e-01,9.277318094999372766e-01,2.564215645528131193e-01,6.898360008914585784e-01,4.127486584516514845e-01,3.878953097532882727e-02,7.531594092538387297e-01,7.529794538775357315e-01,9.630716288175913409e-01,7.092462621886918006e-01,8.328429657466617231e-01,7.094842491523294381e-01,2.867606103430004327e-01,9.192414864043310097e-01,5.044107172988514520e-01,7.577918688462762509e-01,6.046850151751299585e-01,2.749873625140598632e-01,7.773236802266061396e-01,2.037031350455935641e-01,7.119669741437554267e-01,7.164341602070328774e-01,3.226809902862554091e-01,6.731862706722780976e-01,8.202899797791752823e-01,7.553026987396073144e-01,6.611620773909029358e-01,9.494527204223670580e-01,4.273649817602125922e-01,8.087979707520264946e-03,9.474058661145290383e-01,8.735107018020331626e-01,8.638656187167778056e-01,6.820655688427288421e-01,9.176480802072567444e-02,9.279884070221853243e-01,8.030588504340173683e-01,4.334467820751224942e-01,9.980249778868071076e-01,8.409794913346834155e-01,3.793208446302052117e-01,5.915008942036479311e-01,4.052536691327653928e-01,8.452661385307687070e-01,5.665765768079485953e-01,8.636908012378822219e-01,5.463510443919885606e-01,7.224292902765256930e-01,4.180948065782302270e-01,2.040932526303095573e-01,5.606231616592152189e-01,1.085288921500486004e-01,6.180076761522472761e-01,8.394757926215636878e-01
7.227807242592119152e-01,6.270442847076098669e-01,5.996958404677945609e-01,8.709172627117441889e-01,7.820205763016905287e-01,4.921750702368983266e-01,8.251897156962526569e-01,2.048331498083604818e-01,3.870352486494623712e-01,4.279217168165110330e-01,0.000000000000000000e+00,9.446568979930702881e-01,6.334458728993388466e-01,6.269698835790461500e-01,5.543873397424681215e-01,6.778519506685980467e-01,7.671280952714052415e-01,8.538719867276682862e-01,4.055092162289230528e-01,9.518684712473545195e-01,8.690396888584984714e-01,7.774679189549071889e-01,8.166095942628904814e-01,9.258426939234996045e-01,4.712045811606104251e-01,9.091751365649428651e-01,5.364532260618672943e-01,6.245461092149984239e-01,4.706473981879605861e-01,4.436049130360898429e-01,7.000532906224735119e-02,3.594941165983632225e-01,8.080202043325250827e-01,7.375354615780228551e-01,7.897727681212405315e-01,9.514431180959033174e-01,2.987836927942213450e-01,1.221393198802518953e-01,7.572791017013211778e-01,9.348088608804316912e-01,7.912007995723882026e-01,6.805139274716912601e-01,6.376623196416338901e-01,4.962525234596694146e-01,8.634633167106675611e-01,4.520516309778859765e-01,8.030924397193875963e-01,9.914590104562401862e-01,7.638205578864960543e-01,6.023579497496461821e-01,4.384916438453601538e-03,8.651817232518902445e-01,7.372449697741556562e-01,7.991091957282909775e-01,7.662638537823842633e-01,8.262855376133276808e-01,4.650616888659021564e-01,6.582479533779275194e-01,6.936050667600270891e-01,6.372654045149127588e-01,5.596609232156414260e-01,7.788522266410681238e-01,6.834094924445489605e-01,6.541979149992152021e-01,6.408575313417532726e-01,4.501933276023857289e-01,9.923431103531192843e-01,8.221251050167218688e-01,4.706376483083098416e-01,6.588441829391888938e-01,7.822472346958767586e-01,7.793902035968495179e-01,7.277317454358393778e-02,6.497496451199091805e-01,9.172856715185325749e-01,9.909420076252222209e-01,7.764266908342779550e-01,7.143032477698012528e-01,5.990915999605515019e-01,5.627186179236423058e-01,2.899977963420980465e-01,6.750764227174845811e-01,7.834308623484181888e-01,3.644653118690287519e-01,9.688657929158903670e-01
8.941114683476684144e-01,3.745100851697030775e-01,9.234871867462597361e-01,8.266331363729406689e-01,7.173613526581165134e-01,5.462255882329223322e-01,7.666106916751393996e-01,3.951313482762070506e-01,2.256846584961073321e-01,4.548211773961887694e-01,9.446568979930702881e-01,0.000000000000000000e+00,8.575575890477482588e-01,9.524272792113305242e-01,8.641318552532660791e-01,2.896429992519172769e-01,7.124051842166859716e-01,3.568861368430798486e-01,7.132938410626764592e-01,7.163348972519208990e-01,8.117985401026465153e-01,6.900010230813500289e-01,7.927821615134347244e-01,9.387096248629018813e-01,2.356992526169630620e-01,7.286457122010516763e-01,9.094767921673516664e-01,7.821487405892977307e-01,7.725188297520326763e-01,6.540371924345684818e-01,4.273962899624940137e-01,4.965399603259136319e-01,9.429365202684265868e-02,7.303894655709598505e-01,7.478706126045815417e-01,2.752801652097232044e-01,5.403764767987676576e-01,1.290906449409436052e-01,6.693043181697276856e-01,4.035707765079447618e-01,4.312380702833840673e-01,7.750441287887689379e-01,9.156478247618203836e-01,8.266642975023887896e-01,6.764312003194038470e-01,8.998433803391501229e-01,5.352539721266844630e-01,8.100510775933911223e-01,-3.474687505043025371e-02,8.953616391152947607e-01,6.602900861395279986e-01,7.816259028453507174e-01,6.399370669285298074e-01,8.098597135337644026e-01,6.132470320556869803e-01,6.535379087771404638e-01,1.556390330293123403e-01,8.697194214426089420e-01,4.533677372086605262e-01,6.535480636522613684e-01,7.900924101939310606e-01,9.395862211090412197e-01,5.989722893602393849e-01,1.239318962852371531e-01,7.677524410384304332e-01,4.534727745550184430e-01,9.594292636598227286e-01,6.244867510247793518e-01,5.579881100618024892e-01,4.707995737727277419e-01,8.152814669871569775e-01,7.525506280234027789e-01,2.689901543140014173e-01,3.281849947446421334e-01,7.651983276961779046e-01,7.636040053035941799e-01,6.337648115771122859e-01,9.875336505312971580e-01,6.505566470410416580e-01,3.296904618154747890e-01,3.228645277959649729e-01,5.555776519455548623e-01,7.659738351313174487e-01,8.604828946526421607e-01,3.601293205308776502e-01
7.977670624730182070e-01,8.736865346485623851e-01,4.620594143786733721e-01,9.213854410668737005e-01,7.920676280796810076e-01,8.452812905814944822e-01,6.180210430722580250e-01,7.974838068215437392e-01,8.533917097918750638e-01,7.406914650207780948e-01,6.334458728993388466e-01,8.575575890477482588e-01,0.000000000000000000e+00,6.883987020274016100e-01,6.377950332306392411e-01,4.424295381791909509e-01,6.071768742565591959e-01,7.682242506987890796e-01,7.022461230895634676e-01,9.714692565218799869e-01,7.338696127806395575e-01,7.975329458195483667e-01,9.087276352660994538e-01,8.216964532312888148e-01,7.205975339346503139e-01,8.480263959448897104e-01,7.490296302150369900e-01,9.594974860162879260e-01,4.796662992382640933e-01,4.646747578703773751e-01,-1.762013668602006589e-01,8.279699305297744116e-01,5.372649096363140142e-01,8.875465174470994478e-01,6.424220643600258018e-01,7.846707975825315540e-01,2.948881885117236035e-01,1.145066176587176132e-01,7.469668689819598528e-01,6.737733327591562960e-01,4.620757401707958900e-01,7.143794152961739918e-01,8.053683861156638590e-01,6.728219869050391377e-01,8.986192667087185004e-01,5.667725601993542917e-01,8.631685238375966795e-01,6.142633043856488007e-01,6.811812268357166911e-01,9.529157748564396346e-01,6.797435054851110880e-01,8.214134367574076334e-01,9.017159919592512285e-01,4.552454935838908812e-01,2.378220484467001572e-01,2.036326555836817931e-01,7.485093361809291856e-01,8.270028926950340198e-01,9.067336762010164142e-01,2.630959336967381712e-01,4.287632454759873757e-01,8.883494904288027350e-01,6.376742173017511117e-01,9.729037826015838331e-01,7.192854256274192615e-01,8.430817086119786197e-01,6.800297068449860927e-01,9.501249479605617942e-01,8.585303919817117713e-01,8.844983493258212759e-01,7.107867480645052582e-01,4.416118674632291685e-01,9.397250926158015050e-01,5.257973040075953897e-01,9.337948726618533479e-01,8.790894885817142068e-01,7.609155951226728165e-01,5.729545112211344993e-01,1.540458319782859187e-01,2.622052647771110356e-01,5.700661447351549338e-01,3.865900906221887423e-01,7.573163310622521571e-01,2.271747222166053681e-01,5.017328709022156330e-01
8.223355025195513424e-01,7.589326804064042697e-01,3.583085325760634321e-01,4.179257320711507462e-01,4.674728847490911554e-01,9.017003572648618626e-01,4.897164546417707709e-01,9.871763809382377852e-01,8.550045968095452142e-01,2.154694089059281392e-01,6.269698835790461500e-01,9.524272792113305242e-01,6.883987020274016100e-01,0.000000000000000000e+00,6.999336100605610955e-01,6.385092894089053894e-01,4.564919806796094437e-01,5.005974533183437103e-01,8.858891351578910278e-01,6.165256270306277431e-01,5.301398226754445719e-01,9.729327699309393562e-01,7.836564121711241393e-01,6.761787420822934491e-01,5.317255393295412524e-01,9.770069321419225794e-01,4.326784063010588044e-01,8.990971795507847197e-01,7.173866784742072289e-01,5.625316612901190005e-01,7.024372644203041860e-01,6.914091514689078011e-01,3.500373032492820613e-01,2.470671223415216722e-01,9.403267723018187141e-01,3.018645284890395519e-01,3.865451832790928188e-01,5.505122238593743722e-01,6.204599544531246291e-01,6.703939980155788625e-01,5.564862948946147636e-01,8.239128830284943028e-01,7.334670951440248610e-01,4.366665806034000230e-01,6.988252119036442167e-01,6.893866676646674962e-01,6.334381299291972356e-01,1.809812664921757186e-01,4.778846176293438108e-01,4.892939920602023540e-01,8.011229401217211388e-01,4.607323344939800308e-02,5.043703234002635538e-01,9.532969116435519030e-01,9.101020513114459476e-01,7.905204870234059378e-01,9.212577828557962922e-01,3.963767255602556050e-01,9.958938001982232668e-01,7.754253726764870347e-01,2.206970488043254464e-01,8.830774564635636148e-01,7.867542338331088292e-01,8.364329044370215627e-01,6.626744173621040845e-01,4.816325240663349994e-01,7.592633461219014945e-01,8.000574076981208371e-01,2.822587248204165844e-01,7.363254285491209750e-01,8.047076240123105517e-01,5.305482188819087286e-01,6.245231348587519937e-01,7.567525625506406062e-01,4.747118274462837073e-01,4.834808762977626517e-01,9.348621537460575226e-01,4.355318838497915235e-01,7.590654244482191171e-01,8.068572636609261384e-02,7.800297752724164591e-01,5.457331945075030166e-01,7.205251827423033717e-01,7.540301570123545405e-01,6.386448490093687980e-01
7.061010435956639464e-01,7.693975441374056867e-01,-1.828826657770528386e-01,9.482214031809342858e-01,4.491156327098915213e-01,6.826534217919929537e-01,6.292211658301288812e-01,6.614800649390776277e-01,2.179499484849557189e-01,6.889789934091806733e-01,5.543873397424681215e-01,8.641318552532660791e-01,6.377950332306392411e-01,6.999336100605610955e-01,0.000000000000000000e+00,9.061489893810111829e-01,4.429520287222613595e-01,9.488152899706046028e-01,8.681438755825906517e-01,9.840891598808649832e-01,8.723762355929144396e-01,2.085744200281762217e-01,6.951371342590842994e-01,9.612755677038252733e-01,6.773858841313953327e-01,7.183406007069219612e-01,4.100546134908217843e-01,2.224180854033170063e-01,6.547361683821423251e-01,7.210309817339614069e-01,-1.353094140375060428e-01,7.060682813950543979e-01,5.942757570025460900e-01,6.262294366899890941e-01,3.514250538670374846e-01,2.622797335360275151e-01,5.271001334905146551e-01,4.162354040326501914e-01,8.647382717423902632e-01,7.096536762857178493e-01,1.116311796350525215e-01,7.884683809220232042e-01,8.583660127184038480e-01,6.041582841230811463e-01,6.697651578623535773e-01,7.157681032939268162e-01,4.858124167119837744e-01,5.718540042699514769e-01,4.335113102250754968e-01,9.429919088218206014e-01,6.436336526447477002e-01,6.247989609435082858e-01,5.367865390261353786e-01,4.035309129999817834e-01,7.888424079085739615e-01,4.983416424961916169e-01,5.764836868772678091e-01,6.426835572788770490e-01,7.652591671488603309e-01,2.815129754924918792e-01,7.448127798619899043e-01,8.430447989659738406e-01,4.774973991656494832e-01,8.276398812667941085e-01,9.675260174630548882e-01,5.441469132783789409e-01,8.235391506052944788e-01,6.131398503880682860e-01,4.742909906887782245e-01,7.178329120203286173e-02,6.018172298230671791e-01,5.129699763454382833e-01,5.442154703845099029e-01,7.919234385771356521e-01,7.262817132204237858e-01,9.310407902739624708e-01,5.273660318635557953e-01,9.345515442269386464e-01,2.410590875069526517e-01,5.602503599794712574e-01,2.155366017567212911e-01,9.836849785754870901e-01,6.467400183552783899e-01,2.639788039032050504e-01,6.412287920965831223e-01
6.331791358695662009e-01,4.428286394773917056e-01,7.559094661119623026e-01,8.796097526467413497e-01,4.729310424093157716e-01,9.793616787896295417e-01,6.030351420736512758e-01,4.473524956052696289e-01,7.412504762888869614e-01,7.216377947350050004e-01,6.778519506685980467e-01,2.896429992519172769e-01,4.424295381791909509e-01,6.385092894089053894e-01,9.061489893810111829e-01,0.000000000000000000e+00,8.589934287709671823e-01,3.040709496011291257e-01,3.586339883571201259e-01,8.484026399972910415e-01,9.737677131949201703e-01,6.556972766009050435e-01,6.994067930527992916e-01,9.421272575750347933e-01,1.104583855955227761e-01,5.298525173824318868e-01,6.757063296583596390e-01,4.043555094792983806e-01,5.415492681872559055e-01,-1.495976756994094881e-01,4.639401365955386769e-01,6.981659406613408558e-01,7.420367814616030122e-01,-8.876408505922156467e-02,6.942518840084888065e-01,7.871473774479252894e-01,5.008155415414234923e-01,4.009917456835035976e-01,7.135501118337912452e-01,8.897003412218930096e-01,6.994656616608881938e-01,3.411839404497900574e-01,4.373162700240683098e-01,3.610884050347169527e-01,9.527655907607407437e-01,8.138849859791785768e-01,6.674568903961161093e-01,4.736678300221773275e-01,6.578798874686472287e-01,2.867211927830653484e-01,7.921520319983768044e-01,8.680426559861407210e-01,6.208476531538732468e-01,6.646632501029863249e-01,2.832935785552219143e-01,8.669633846809224886e-01,7.378155499870435730e-01,7.592136491937098164e-01,9.416880067703726764e-01,5.238891151679494484e-01,2.470520356617586788e-01,8.275983167711337130e-01,9.953933852292069506e-01,9.497827280237477465e-01,9.600174739857413320e-01,1.292750637060290364e-01,6.247651173271869807e-01,6.881721832236464831e-01,7.978135911705729333e-01,8.650052179762235394e-01,7.060073089058963580e-01,2.819452105617659132e-01,4.369089662117531803e-01,2.684652821746418838e-01,4.112986551173122285e-01,6.484416976406257582e-01,3.702812746353353335e-01,4.912842437970885712e-01,9.405830751832443271e-02,2.886488649117562311e-01,6.759439223242589279e-01,9.463557060028138235e-01,9.896272294305763495e-01,8.310350201472839204e-01,6.206592018837133740e-01
8.528170241561709997e-01,6.087631648631950387e-01,7.400621843242354281e-01,-3.737583287699164369e-02,5.474288769959659851e-01,7.510127907383231660e-01,8.733765925424381571e-01,4.436558282234391304e-01,7.967144139703655759e-01,8.560131274993481032e-01,7.671280952714052415e-01,7.124051842166859716e-01,6.071768742565591959e-01,4.564919806796094437e-01,4.429520287222613595e-01,8.589934287709671823e-01,0.000000000000000000e+00,4.236067603753806421e-01,2.416313721050390717e-01,5.033628851427290885e-01,4.565785675236694319e-01,9.556025870529910593e-01,6.406275550782446482e-01,9.465916424566287457e-01,8.660363972249356390e-01,7.405736022041655708e-01,8.922773196489574010e-01,6.628943447893690388e-01,6.505606330792367276e-01,5.614243736879120927e-01,6.568561026111768841e-01,8.616829604831325318e-01,6.218078684283272484e-01,8.194201869518329406e-01,7.497396035405616832e-01,4.163028428648057888e-01,-1.122275365423990867e-01,9.537635240859789754e-01,6.247671256415497920e-01,8.737355133250133132e-01,4.712412228428044525e-01,9.894501303657848856e-01,8.909286229389972167e-01,4.715920129550127404e-01,9.737409339098923589e-01,7.131996699935756467e-01,5.207277365156491866e-01,8.881284175070985887e-01,4.540356655069167080e-01,9.817376786712446179e-01,9.933082598234762584e-01,8.874754185905171511e-01,7.384932045200669481e-01,8.978202360173400676e-01,9.176624920675441333e-01,6.499415568174083946e-01,6.578195268431987763e-01,6.400686802926174312e-01,7.085914021214013703e-01,7.483209899111966656e-01,2.090245144264146204e-01,9.811605793054812841e-01,5.034579865900371543e-01,5.324733138861876824e-01,8.623643063479513593e-01,7.179453402071692691e-01,8.858566722170647667e-01,9.347754896902417121e-01,5.738763482631314972e-01,8.422075139608544703e-01,6.076148035930845070e-01,8.043815478621187953e-01,4.849133748267708821e-01,5.534089747677823912e-01,8.192751281247869777e-01,8.204914051298439759e-01,9.118975360602473712e-01,7.149477001970355738e-01,8.665875023712484027e-02,2.127488414733554600e-01,9.356255398028806569e-01,8.115703918509964421e-01,8.896285460272452816e-01,2.876826308573974811e-01,6.952504595772107665e-01
5.015309744118265911e-01,5.839126777096903531e-01,6.577250712545769096e-01,5.677381498698258477e-01,7.863256534814831999e-01,4.501982618120015101e-01,7.200588646900265566e-01,5.206094570610046990e-01,7.424138011155947403e-01,4.961523165328926011e-01,8.538719867276682862e-01,3.568861368430798486e-01,7.682242506987890796e-01,5.005974533183437103e-01,9.488152899706046028e-01,3.040709496011291257e-01,4.236067603753806421e-01,0.000000000000000000e+00,8.963619339542849840e-01,6.936318996582199192e-01,8.614200201731850859e-01,6.382157462280526605e-01,8.482430121203173856e-01,6.663278363713588393e-01,7.638813294486137551e-01,6.852979400315540870e-01,8.564881046078099969e-01,5.949209312857453025e-01,9.271009788659068801e-03,4.736242716838741096e-01,2.920896051607551613e-01,4.356045252398352829e-01,6.196672801499881755e-01,7.258174646993880152e-01,8.348938757417478929e-01,5.170808613396365994e-01,5.191377395569310993e-01,8.495256952328515965e-01,8.939163608437920017e-01,9.322250742579814009e-01,3.602177612797494710e-01,7.138251576884002692e-01,8.739293141537470833e-01,7.515657198386805904e-01,8.725384043298880510e-01,7.559058262473629108e-01,7.898380712019839045e-01,9.315915823996490097e-01,7.122423460054049249e-01,3.544381731919540868e-01,6.367463305705797216e-01,7.483655860208976440e-01,9.470756310947060497e-01,7.493874506871017749e-01,6.993755234659195796e-01,9.312850275783243204e-01,8.945966304764985111e-01,3.680931927121562364e-01,4.718637497004053438e-01,1.312629624144063811e-01,3.297562890493506149e-01,9.651989543528933790e-01,8.014204509691024159e-01,7.224659020120538511e-01,9.159623979111272130e-01,6.322935753824668881e-01,7.182805464792543226e-01,9.152626364759107735e-01,7.408764257945881226e-01,7.097285238235419014e-01,6.858894208823865801e-01,5.098073405537333347e-01,5.090969535704928939e-01,3.204097950662644911e-01,7.474110731647206629e-01,6.239450163528225124e-01,7.404822469216063574e-01,9.162728593621007889e-01,5.584866447338971973e-01,5.936487886837282790e-01,7.463848003642897799e-01,8.796161665034281096e-01,9.453446816445749690e-01,6.736416400674233307e-01,9.472684612643652580e-01
