0.000000000000000000e+00,9.387291443866243590e-01,9.725314977398725746e-01,6.867245079114269179e-01,8.662928483196098428e-01,8.223423058099023075e-01,7.372686142632964845e-01,8.450945152340175737e-01,5.237055239524956995e-01,8.993679951801838435e-01,4.773831881402189614e-01,9.916487144562049494e-01,7.181612752156575352e-01,8.245388391712845655e-01,8.957202738990495128e-01,7.544185761987378669e-01,8.239504060241970018e-01,3.015047114728844346e-01,9.942374257048155473e-01,4.385870105718446821e-01,9.305374159102116627e-01,6.603206885801085058e-01,7.482314042455566749e-01,9.064006206887590400e-01,8.297474013582984975e-01,8.375064547224723155e-01,6.732295748615502173e-01,9.614499385475410165e-01,5.440612663271948701e-01,7.522827504154987466e-01,4.498237659656616483e-01,5.428982240531033954e-01,6.714342971566217289e-01,7.970858302616984359e-01,8.537313946678751764e-01,4.060578736365388908e-01,7.978087470341013177e-01,9.485632038624620677e-01,4.500510678558136690e-01,8.105176225466460549e-01,4.022699914772569496e-01,9.610674642406294987e-01,9.115139011202456620e-01,5.021654856457099525e-01,7.216834002283212257e-01,3.223392470742714178e-01,9.968577203628657957e-01,8.225202436479089885e-01,5.884357659163109711e-01,7.110256761483071952e-02,8.954711424253090080e-01,9.465188188852911022e-01,5.888385577202244203e-01,8.898587611775233830e-01,9.167441995783468522e-01,8.107128937676031377e-01,9.509561580710805817e-01,9.853626298635156378e-01,9.043545279767264411e-01,2.100920827462280926e-01,6.451612390680179221e-01,9.639204935393519413e-01,8.887320445398032565e-01,6.452758379605386674e-01,8.398219553971594253e-01,-8.486611469792909590e-02,8.819850386882277515e-01,7.838931502498545090e-01,9.960558130236486507e-01,9.657990262032296602e-01,7.793412985674721405e-01,8.384704903333547454e-01,4.064717473148617977e-01,4.228526090993534048e-01,8.733929499644330630e-01,6.037786688873640895e-01,8.931260398851638138e-01,5.211340674965707631e-01,2.685457632843331055e-01,5.089546588167517260e-01,1.533226576321711221e-02,4.058929813506634843e-01,5.357608148571935125e-01,3.216497741601808125e-01,2.608702117551960076e-02
9.387291443866243590e-01,0.000000000000000000e+00,9.841054938228273041e-01,3.848953501420247086e-02,8.372766205278805440e-01,5.610906245383857627e-01,5.016451238479767705e-01,9.983812965764098379e-01,5.733248466382244724e-01,6.420877095679762281e-01,5.241755115585551295e-01,6.766176365440328411e-01,9.553246432702384716e-01,9.077246363256832318e-01,6.559360668152414142e-01,3.103773271058051231e-01,8.546489266304267973e-01,7.914645734009400080e-01,9.949066374826731618e-01,5.657962410383097218e-01,7.069141694628664485e-01,7.745077098817566563e-01,7.802244522711067054e-01,3.489765816479694083e-01,6.247354929192614481e-01,8.189671673679159714e-01,8.377082955717034540e-01,8.325426729990904606e-01,3.581766659550653653e-01,4.572941118859034648e-01,1.657447104153128015e-01,5.505868896362546838e-01,8.743128962725741360e-01,7.174831007285702167e-02,4.660921031937204084e-01,2.609110141503553915e-01,1.587391543864156151e-01,3.094032628327805790e-01,4.405879566133217851e-01,6.430836384846791987e-01,2.716121134867375830e-01,6.611415724575016029e-01,7.690236611040792702e-01,6.576994755209202292e-01,3.601096173290604940e-01,2.708675807381797362e-01,9.344173446013757101e-01,6.861284973056690495e-01,9.178403815405056232e-01,2.354154756323148245e-01,5.722453200372530357e-01,8.258945793853258444e-01,6.353517658508660571e-01,5.477746993766713368e-01,9.771425050784082744e-01,6.331861837980949925e-01,7.037547089441857917e-01,8.542342747835207639e-01,6.846376045609458005e-01,7.300981531768656607e-01,8.544697245205912228e-01,6.845898073590795940e-01,9.059987122755041034e-01,4.014999584743099148e-01,8.525036818140410144e-01,3.775041366765768958e-01,6.694288817850453377e-01,9.352298377158637654e-01,6.530047947787116502e-01,6.339115742790890629e-01,9.447744487572172778e-01,8.650325192512846595e-01,3.478526337109190125e-01,-1.449213964696358381e-01,6.365458908627532608e-01,7.151588811439394400e-01,6.593943262670273198e-01,2.077712226484093594e-01,1.955153653106733447e-01,1.552788948958026549e-01,4.002180638372943577e-01,4.874883002830519008e-01,2.520853880588215801e-01,4.748888820798721211e-01,7.816412112832054060e-01
9.725314977398725746e-01,9.841054938228273041e-01,0.000000000000000000e+00,9.306659027821998498e-01,9.388406805172061498e-01,4.904646775841491890e-01,7.936060360249574952e-01,8.458598380022226415e-01,7.935144369372960638e-01,9.580729782279063800e-01,9.324208368754119958e-01,8.156805189836290326e-01,9.617019592055588983e-01,8.513159825803428005e-01,8.920490266145685299e-01,8.131345582415160367e-01,6.247025433164014041e-01,6.581634246974552571e-01,6.845356011076276781e-01,7.419627261385015604e-01,8.461869069029439583e-01,9.555613418379443891e-01,7.279220739277060259e-01,7.373563206732999253e-01,8.837614238321701565e-01,9.136614212366237497e-01,6.248456038139945656e-01,7.030297245176186927e-01,3.866875266769834729e-01,6.212247259349432671e-01,6.093886940436628319e-02,6.733804534023646315e-02,1.367952417530426956e-02,9.636942893052854453e-01,8.799470178964865497e-01,4.593303831073142218e-01,3.240601455321839852e-01,9.014704125491145303e-01,6.045985641967542845e-01,6.245494177626047527e-01,3.340959437879055804e-01,7.967789169379944081e-01,9.924107366668890595e-01,9.129041198328426976e-01,4.582612199567475536e-02,4.090769954588625579e-01,6.842989128157129786e-01,6.153071021935319074e-01,8.924037243855692525e-01,8.431646872598870246e-01,9.575358172603737339e-01,5.017069843464855294e-01,9.091556994424105920e-01,3.437390950942636469e-01,9.912298908655895469e-01,8.305683050427299374e-01,8.361216121210484076e-01,5.140360612024122977e-01,6.830512429559157939e-01,6.343575454882436349e-01,2.667202294635682702e-01,6.540038619035614120e-01,9.928466231197556890e-01,9.955543348568717255e-01,7.203067738573720735e-01,6.631274421053678925e-01,8.969753978618240087e-01,9.379810776563315411e-01,8.349556639293322924e-01,9.137592280419638557e-01,9.768620268396042139e-01,6.754150056194421214e-01,5.022723528077256416e-01,3.573039925095448099e-01,5.604093141431827352e-01,8.789971156615427050e-01,8.178012498605238267e-01,8.861809808837208813e-01,4.809110745355813510e-01,5.296398549592080673e-01,6.812943517368770241e-01,6.462581489808673085e-01,7.024719199864615238e-01,6.873018749054736753e-01,6.666158457393163150e-01
6.867245079114269179e-01,3.848953501420247086e-02,9.306659027821998498e-01,0.000000000000000000e+00,7.782029858546766210e-01,5.173621392619278669e-01,7.378391690433403483e-01,7.562705867432855111e-01,5.465694154917042358e-01,6.360729243855898218e-01,6.604933545968607600e-01,5.839147841003601291e-01,9.922126787198741749e-01,4.867408388406855302e-01,7.500051396933047343e-01,6.607081029816747053e-01,7.005448295172927997e-01,3.171145808146401679e-01,8.647575195356005384e-01,2.748306414807321629e-01,4.783407071869974492e-01,9.368451366219324727e-01,6.372969881658094859e-01,5.553501161172759160e-01,4.676789533749270977e-01,7.105418312129907488e-01,8.934795847782835976e-01,8.500292631465524718e-01,9.695350777195147485e-01,1.507949449718831436e-01,2.765609347285709063e-01,5.819519675939693881e-01,6.637904582589546632e-01,8.973418673684766533e-01,9.486581854108508960e-01,5.233675146302909642e-01,5.091732876993888546e-01,4.961234974231307215e-01,8.480450465519777659e-01,4.296238132626202244e-01,5.558847764887822063e-01,7.215497432430790781e-01,9.587079006440513140e-01,9.509145233169832290e-01,8.601366806319498126e-01,7.850365201491853462e-01,5.836290628651155110e-01,2.316766013664155743e-01,7.081443591151235228e-01,6.339885050657556587e-01,7.688358135690782635e-01,3.912660766921066680e-01,9.067369101247860774e-01,9.256988576837292815e-01,6.865618901406395080e-01,8.194907459330863508e-01,5.212727329090912631e-01,9.033246810767394663e-01,5.775629915119696589e-01,4.119778173412297351e-01,6.657006169863433076e-01,8.964864321745807940e-01,8.948464470157321271e-01,8.267717747059929456e-01,8.313181047467412821e-01,9.798154122263298405e-01,9.663849761591207788e-01,6.057052827171736098e-01,3.713993065251988135e-01,7.668152379611055114e-01,9.923554480727848626e-01,7.962062131086617978e-01,3.149453981444630957e-01,5.986465381327452651e-01,6.981253623445458079e-01,7.844693217362904702e-01,4.514733109857620441e-01,4.878975602732713024e-01,5.783423446898404707e-01,2.478204512773816703e-01,9.235933691798241529e-01,9.569888507391123289e-01,8.702241875037134422e-01,5.357747357267537147e-01,9.368369169479511260e-01
8.662928483196098428e-01,8.372766205278805440e-01,9.388406805172061498e-01,7.782029858546766210e-01,0.000000000000000000e+00,7.815798203256930643e-01,7.401816658047947195e-01,7.668849946540061691e-01,4.978249224138649454e-01,6.341083649258091315e-01,9.316350710859979678e-01,6.609001528685221061e-01,9.924694966065666923e-01,8.021106471752073031e-01,3.768818231512106598e-01,6.247646528667806232e-01,9.010707498994647846e-01,4.734720611022300019e-01,7.440756530938298363e-01,6.275352510309233356e-01,9.317703700145283374e-01,3.376212119650315868e-01,6.671717517385212792e-01,6.617986141119694965e-01,5.044710815818820304e-01,7.059075049882848063e-01,3.523707622609620893e-01,8.054673841096459119e-01,7.674443602620976135e-01,2.851739769975884520e-01,2.340980773721111907e-01,8.558950101569118285e-01,8.779841738919884619e-01,2.368206929279278450e-01,9.289065408447991778e-01,6.168020417730446514e-01,2.791545672640168285e-01,4.170837251815263103e-01,9.199572340655084446e-01,3.930406324345951941e-01,5.762143512804451806e-02,9.277998229607147262e-01,6.939976762334155724e-01,3.578057677135335624e-01,8.613476842030103331e-01,5.284665047823671191e-01,9.836578913637605837e-01,6.827154415530884979e-01,4.931983365835844180e-01,6.755215970865986463e-01,3.288468165595038739e-01,4.308037233534472987e-01,4.165141258863778173e-01,9.822434097805529118e-01,9.481413611797263608e-01,9.129913204076872679e-01,5.704595527168938585e-01,8.678344459160516333e-01,9.350501224576379666e-01,3.897038737334500569e-01,2.163038801937303968e-01,9.619169758678938198e-01,7.413924436860132028e-01,6.453000170775500255e-01,7.289882445165654090e-01,5.274473208563130733e-01,8.278662215139906966e-01,8.611212014205147369e-01,4.116433968143560773e-01,6.327184757468192755e-01,9.988258431424517081e-01,7.661888354714515570e-01,4.779717324558910851e-01,5.080027419913453191e-01,5.087949315079577373e-01,6.288523087623880681e-01,8.474454245602718316e-01,4.866369643461218586e-01,6.832919127023949768e-01,4.426143787255347184e-01,9.020826574749704063e-01,8.107955669334460103e-01,7.661383650320423566e-01,6.029668768278438895e-01,7.716273270489837355e-01
8.223423058099023075e-01,5.610906245383857627e-01,4.904646775841491890e-01,5.173621392619278669e-01,7.815798203256930643e-01,0.000000000000000000e+00,6.721059144564549559e-01,7.787884449091004857e-01,1.220315449982989353e-02,9.130316643259007714e-01,7.246891737729252991e-01,6.221303312408624775e-01,9.248497263281824088e-01,7.645495074753096976e-01,6.199080948019293491e-02,4.828623166256847954e-01,5.099829965951475641e-01,6.914285573280964936e-01,9.163061525155784537e-01,8.533717338830903998e-01,9.862177387983901422e-01,7.290721360894071301e-01,8.631008406762445961e-01,9.053280952138675897e-01,9.589928200324469021e-01,7.540567949944529946e-01,9.931050906293150682e-01,5.301514051859441690e-01,5.777394274501654881e-01,3.177197130424016525e-01,5.564100117431366455e-01,8.677547409690316016e-01,7.889037950085179274e-01,5.855554074067544912e-01,6.613841264678266274e-01,2.663326357722451965e-01,6.381851925580338258e-02,5.247860432394879648e-01,6.061268107398947169e-01,9.296690206634630194e-01,1.052811542472841533e-01,8.676926066350330036e-01,8.912220309463336765e-01,6.710162798002177187e-01,9.360371714743782601e-01,6.237270688047977796e-01,4.420235447713965482e-01,7.305010464024968009e-01,8.218408651650187524e-01,6.307132509882535931e-01,7.617907685846323496e-01,5.958973446975898147e-01,7.952077427073542815e-01,9.689543809501123262e-01,7.315874124201944273e-01,5.075399658257520041e-01,6.670831256979976587e-01,5.475260463614509687e-01,6.133662885842768864e-01,5.427922137564009653e-01,4.525641125739087722e-01,6.607587380412973665e-01,6.684181407641831552e-01,7.998937209376193458e-01,8.457585715280957483e-01,4.924606733788018387e-01,3.822415108263220729e-01,6.275578259496643607e-01,5.957341077118544215e-01,1.437626385701993581e-01,8.392422662845290260e-01,8.607145587601170433e-01,8.442958233059454365e-01,8.257217305753262737e-01,3.029448604942807100e-01,7.457319806157183262e-01,6.069646785051077131e-01,-1.235702226272025195e-01,1.067032258764538249e-01,2.722839912411426644e-01,4.703645167236035762e-01,2.435576925344309918e-01,9.995993095089557023e-01,1.067607257586605241e-01,6.255890152199298226e-01
7.372686142632964845e-01,5.016451238479767705e-01,7.936060360249574952e-01,7.378391690433403483e-01,7.401816658047947195e-01,6.721059144564549559e-01,0.000000000000000000e+00,6.188934088219958385e-01,7.480375325393269215e-01,8.646720881233630474e-01,7.528577960577866879e-01,4.503468953018777143e-01,6.938080732140644580e-01,3.505111554834850485e-01,5.566337806584192860e-01,5.626967960123974155e-01,7.473755923766668419e-01,7.249815638994810962e-01,1.816302768860537098e-01,9.298490885915621229e-01,7.976506578019159077e-01,7.328957093081973906e-02,3.598066286357434751e-01,9.223011466720569818e-01,7.956306650331231856e-01,6.286416763731770274e-01,2.900413029927600417e-01,2.391096678745604220e-01,5.238287870897055942e-01,6.194331384369061722e-01,-8.416171863435578659e-02,4.962214559083691356e-01,2.428349095980064098e-01,8.592104555422035439e-01,6.918157513253700985e-01,5.867291373206244831e-01,4.795733799882568871e-01,9.433834812054435748e-01,4.199371917318254210e-01,4.441615417917736397e-01,4.610384276256493385e-01,2.765359191532529848e-01,9.563969494228183876e-01,3.012926865770741980e-01,6.031809240684411488e-01,1.231726214790072604e-01,7.812746289288327040e-01,6.078412369088702638e-01,5.482255657554020445e-01,2.069533753119371655e-01,5.500260074122409470e-01,6.026438035098788948e-01,-4.283792317852855303e-02,6.437128459031297156e-01,3.470866065788690280e-01,2.207193355524776981e-02,7.815249032199610424e-01,9.212191602636864429e-01,7.495600488557494501e-01,9.445259224613079541e-01,5.800299630722907107e-01,7.231087051515265873e-01,7.716546851455051703e-01,9.289297112035502790e-01,8.423702115396498602e-01,7.508242245909957369e-03,6.343012479512556423e-01,5.758889796279335060e-01,7.886936522066341215e-01,1.694543705817996293e-01,2.604448412457034956e-01,5.552566284863603707e-01,4.488088401653054782e-01,2.014210422786090193e-01,5.573406158318485737e-01,9.597900730572874739e-01,7.051685472700154333e-01,6.243970202455684237e-01,4.025683973747039568e-01,5.223129945751751047e-01,6.414777396580129132e-01,8.797657071094577841e-01,9.683325913125951923e-01,5.059459361242490960e-01,9.028933596369883574e-01
8.450945152340175737e-01,9.983812965764098379e-01,8.458598380022226415e-01,7.562705867432855111e-01,7.668849946540061691e-01,7.787884449091004857e-01,6.188934088219958385e-01,0.000000000000000000e+00,2.391590860689884190e-01,7.067991214018470858e-01,5.942187021931697455e-01,5.440592252134726081e-01,9.157188692437401301e-01,2.100244922899691946e-01,7.077217082339024579e-01,5.275995814873370993e-01,7.004283783543950870e-01,2.397895575688173686e-01,4.180457035427454504e-01,8.058222067836875446e-01,8.250374507812723301e-01,3.687105284061039656e-01,7.065974308959535044e-01,7.673264438605125193e-01,6.831381041142793320e-01,7.506558833751924009e-01,8.341018180887980193e-01,3.552419683629907121e-01,5.280914563097178771e-01,1.485572812988714408e-01,2.332607114170357765e-01,4.187377566159825593e-01,6.636484782502982682e-01,5.992391373304262192e-01,2.318442076622855286e-01,4.009648083810175567e-01,3.953409399276791580e-01,5.886678518357773005e-01,7.981812265201509993e-01,5.145409486726184589e-01,4.201476612429578816e-01,7.372274863551343538e-01,9.654048902120875297e-01,7.085333904811733641e-01,5.558237919580610864e-01,6.729157965549712461e-01,8.431000644934787402e-01,7.881185706981641559e-01,3.276499502624015681e-01,4.226325101225966718e-01,2.760012873111210574e-01,5.363115660193429335e-01,5.401820700071807702e-01,3.654659728332729229e-01,7.100456936929643303e-01,5.370259059004678370e-01,2.143269801241203254e-01,7.748052314126355200e-02,8.298898304709162455e-01,2.057252287062139584e-01,4.490651738981954466e-01,6.450468804069068307e-01,7.349477514000427592e-01,9.051386141529176310e-01,7.735208311558769978e-01,7.045952101348644803e-01,6.409559768242018007e-01,6.362976762841323630e-01,2.778064423956869700e-01,7.151930955057287376e-01,4.366202404323499264e-01,2.855440850428644928e-01,-9.034102323623065256e-02,5.936118698387831127e-01,3.682557061324025494e-01,2.779437020546074444e-01,5.600429957944179638e-01,5.182266988076972281e-01,2.326631085032813129e-01,6.461546563198340420e-01,3.575958474535714804e-01,6.966253091472434100e-01,8.208806297185340384e-01,1.047715748682315068e-01,4.542016649558819896e-01
5.237055239524956995e-01,5.733248466382244724e-01,7.935144369372960638e-01,5.465694154917042358e-01,4.978249224138649454e-01,1.220315449982989353e-02,7.480375325393269215e-01,2.391590860689884190e-01,0.000000000000000000e+00,5.189013227730298050e-01,-6.998687899997924067e-02,7.739738832942681945e-01,9.162403236096293702e-01,4.579176757808098297e-01,8.303819919739614530e-01,4.592497811148752995e-01,3.273842894973961748e-01,8.248707897096926311e-01,6.058065628290220106e-01,6.464606786633355640e-01,7.152422304734177283e-01,6.491245851295441849e-01,7.477625511605223707e-01,9.083924328769146239e-01,9.392136772347854379e-01,1.407320957106912573e-01,8.878845219600315364e-01,4.739270576528778478e-02,7.690877831764438843e-01,7.422688387945901300e-02,7.594107506825769072e-01,5.522681636672361893e-01,9.017489579027131441e-01,5.445946368661639392e-01,9.335072914692977841e-01,5.713314632009109939e-01,5.974905311265453767e-01,7.308259801286658419e-01,8.557628847509244352e-01,5.330140164695544858e-01,9.540447795338241610e-01,6.070472688384901394e-01,8.995489354243263458e-01,5.338700997148799754e-01,8.342280486811642914e-01,7.105514531935683831e-01,4.907457863735193437e-01,4.426252804020322507e-01,6.545208483486824047e-01,7.271788250735742309e-01,7.654026007027109335e-01,8.081380138306035743e-01,2.323967385937940888e-01,2.746997142140628068e-01,7.646579499002996716e-01,9.756690713341507060e-01,9.994196439143286925e-01,8.723655673424903778e-01,9.262551375420878808e-01,1.527944115411581372e-01,4.976041138203317615e-01,4.703370259332807501e-01,7.629098821273585518e-01,7.630247845679258845e-01,9.130518316884784769e-01,1.479483810876929817e-01,5.057445532026305646e-01,9.591987155248032915e-01,7.821609769060648976e-01,7.654452444523360821e-01,8.132827638450097485e-01,7.054758744393158088e-01,6.876032788526704742e-01,5.237491537439352696e-01,5.190021257698665957e-01,8.683981797010602577e-01,6.816812967622662978e-01,5.177397100881629965e-01,4.494304260194514899e-02,3.380829664445850757e-01,6.409356845403305636e-01,9.262468671155186239e-01,9.516388971226549254e-01,3.699535468335987121e-01,8.309588677216099839e-01
8.993679951801838435e-01,6.420877095679762281e-01,9.580729782279063800e-01,6.360729243855898218e-01,6.341083649258091315e-01,9.130316643259007714e-01,8.646720881233630474e-01,7.067991214018470858e-01,5.189013227730298050e-01,0.000000000000000000e+00,7.961219467524578430e-01,3.830068655791916687e-01,6.670480866876390413e-01,8.827515156436414046e-01,7.111503163950979589e-01,4.902136645885423194e-01,9.671914908312988501e-01,7.020991084200355337e-01,6.243917848180259300e-01,4.635320124790641705e-01,9.519828964036108898e-01,5.331041016963040668e-01,5.528113675993262532e-01,1.110354108171787701e-01,8.881716185042873857e-01,7.095885577906650976e-01,9.856162307671283429e-01,4.052521627352657085e-01,5.585997761199452682e-01,5.823300694023989532e-01,4.904043674116564944e-01,7.653912336684348672e-01,7.015657260956887908e-01,4.203079627146825703e-01,6.204320454836422805e-01,5.442437112162825663e-01,7.374451499485709105e-01,6.643417297568685598e-01,4.933696330435344279e-01,2.766301991004773697e-01,2.825517540511391368e-01,7.679243782278679653e-01,8.672165787197754216e-01,7.603010357641706296e-01,9.333046891687415414e-01,9.292740743681988658e-01,4.232986485640780616e-01,4.599862772531146948e-01,6.038908191829563954e-01,8.926089618629774458e-01,5.475858556266615107e-01,7.141266456266408547e-01,9.664499463108305877e-01,6.523710184037216919e-01,2.645182341903273837e-01,9.566317174460787776e-01,9.425465080523575123e-01,7.857416021831821196e-01,8.929525899586198134e-01,4.403775469102572671e-01,-1.139033964034524143e-01,6.087475244117451778e-01,5.753695239260683270e-01,7.104712191841073832e-01,3.220425867165280787e-01,7.731069766118979780e-01,4.970632759275918078e-01,5.063197483077517269e-01,8.396917416838126647e-01,3.314050679475583072e-01,6.341834928512606329e-01,7.967033870951155672e-01,4.065037309269577959e-01,4.473629968004212976e-01,9.968881002222869103e-01,7.343020014992382993e-01,8.888230217114959641e-01,6.197294378704136797e-01,-1.177047399749381884e-01,3.103147018680663116e-01,8.600941828109479603e-01,6.314879246764015797e-01,4.943605150231289436e-01,2.672073337701809659e-01,6.516920130593828464e-01
4.773831881402189614e-01,5.241755115585551295e-01,9.324208368754119958e-01,6.604933545968607600e-01,9.316350710859979678e-01,7.246891737729252991e-01,7.528577960577866879e-01,5.942187021931697455e-01,-6.998687899997924067e-02,7.961219467524578430e-01,0.000000000000000000e+00,9.535841391709583004e-01,4.507651594765609282e-01,2.033408556497229014e-01,7.225058582706609389e-01,9.975217324235765570e-01,7.627522747633056488e-01,5.905050737342192324e-01,6.886273704717688071e-01,8.590051500389109806e-01,5.710823278516146129e-01,2.074605069465942364e-01,7.486131989265077946e-01,9.630457011383348753e-01,6.824364048234007329e-01,5.947408807592488023e-01,8.166360821817479909e-01,4.535151096086232347e-01,6.074023693921846156e-01,2.732345739398716056e-01,6.487457066844184439e-01,8.226522925993592361e-01,7.603828546506388175e-01,4.661668947722095169e-01,5.306228398686199110e-01,7.875967126113081473e-01,4.016361437665557643e-01,8.910508808990930119e-01,8.328240101695026931e-01,9.646682329960972746e-01,3.877280489085109805e-01,9.616519036814862309e-01,8.876890260922698506e-01,9.622386697828899660e-01,9.118098458678948193e-01,9.489582263097026127e-01,8.229181437210787431e-01,9.621342218937712909e-01,6.910565765668057470e-01,8.413618602450183559e-01,9.371517308505079580e-01,9.886781474764571032e-01,9.673870443258524299e-01,8.335174554528804736e-01,9.410315649639422464e-01,6.460857855363009161e-01,3.858948916323495792e-01,7.151446908155212334e-01,6.725332065813218740e-01,6.336180411939812407e-01,5.958533350061863132e-01,9.816511355409829331e-01,4.898890489972727580e-01,7.942112095058732057e-01,8.307126534764061043e-01,7.238083295625326041e-01,5.544259966780910043e-01,7.359309777442801792e-01,3.410716834937725928e-01,6.553858703033970112e-01,6.293725181744308506e-01,4.128954105744040981e-01,5.899230852176275963e-01,9.156697388095834667e-01,5.391252024143537991e-01,9.133996352570461497e-01,5.849429138891322211e-01,7.019258610850873659e-01,1.487668205362289997e-01,5.458776981010147189e-01,5.560249642017622840e-01,8.885246831354141062e-01,7.693177301017142256e-01,3.560051294913137432e-01,7.140479347873633920e-01
9.916487144562049494e-01,6.766176365440328411e-01,8.156805189836290326e-01,5.839147841003601291e-01,6.609001528685221061e-01,6.221303312408624775e-01,4.503468953018777143e-01,5.440592252134726081e-01,7.739738832942681945e-01,3.830068655791916687e-01,9.535841391709583004e-01,0.000000000000000000e+00,6.641117995714305167e-01,9.692792014583382354e-01,2.266807173923483243e-01,7.703804977777031215e-01,6.830428594549310395e-01,7.353315688431144581e-01,8.066655588631190810e-01,9.832891360545726878e-01,7.517461161717182705e-01,6.969799574990633850e-01,7.002976194239513008e-01,9.890335414296087535e-01,2.712910695389741389e-01,9.561224555183369667e-01,8.587653590218391475e-01,7.605008412632150439e-01,5.104509505094123600e-02,5.488071804385756813e-01,4.463791218268546857e-01,7.616741800132833529e-01,6.907347708078828141e-01,4.648248052296805044e-01,4.859687346383582129e-01,3.160270214025107660e-01,4.163416727751446111e-01,8.869619497695875321e-01,9.174463561697683289e-01,6.646370004242518892e-01,3.058904767548237813e-01,7.897106687507020606e-01,7.335785460490391596e-01,7.768152689411362832e-01,9.681230885595917268e-01,7.773931756752145983e-01,9.093574680372539243e-01,9.960916653575584423e-01,6.382974037801774081e-01,3.318974678795346689e-01,7.999801198401197411e-01,6.958984717252576502e-01,2.232583346481093467e-01,5.300471339707319984e-01,4.845737668348296112e-02,7.612476065361277744e-01,5.284523746791452981e-01,7.977454512196339165e-01,9.471654018456183710e-01,7.799870074070883730e-01,5.123489391145060745e-01,6.914622438266866677e-02,6.229974144027259353e-01,6.135175809011290671e-01,6.265055141279428641e-01,8.263670074109319419e-01,6.819426908844663515e-01,7.671259800109337945e-01,9.270872754726706688e-01,8.576144261283078496e-01,9.722874509321157710e-01,7.184254191830916625e-01,6.116405356028596918e-01,9.013743319778791951e-01,6.374365034619586812e-01,7.496665734249551294e-01,7.016634343577884403e-01,6.524690910628416773e-01,2.075979021403858704e-01,5.616283453033442674e-01,8.335291656962185991e-01,9.106819273253624614e-01,5.021739094505643930e-01,7.623356815963573396e-01,7.946471947830004989e-01
7.181612752156575352e-01,9.553246432702384716e-01,9.617019592055588983e-01,9.922126787198741749e-01,9.924694966065666923e-01,9.248497263281824088e-01,6.938080732140644580e-01,9.157188692437401301e-01,9.162403236096293702e-01,6.670480866876390413e-01,4.507651594765609282e-01,6.641117995714305167e-01,0.000000000000000000e+00,2.586519081693711142e-01,6.108381866659108317e-01,4.341826037334652333e-01,7.947143597362953393e-01,7.915552355305524035e-01,5.401503140824728266e-01,8.308096500972771414e-01,4.329460880500265452e-01,8.483901410111269747e-01,8.871804237364204759e-01,8.075017573739508014e-01,6.339159872453266065e-01,6.130156850021620807e-01,7.794501923082750583e-01,6.212818667517653326e-01,2.034882656815482638e-01,3.469611228392028845e-01,7.530877012549431759e-01,6.316905200628110117e-01,5.341403365861489005e-01,7.402301759991394281e-01,5.884167450922210829e-01,7.961808915970167710e-01,3.091443126465030500e-01,9.759548660101173834e-01,4.749554628133178524e-01,7.792319870640939117e-01,2.209905998409567307e-01,7.250989547810477998e-01,8.179234237331934887e-01,9.017336414783752030e-01,5.418058230234540362e-01,8.044850186377527912e-01,7.457495760986989630e-01,2.652801963522921080e-01,6.040741761623893424e-01,8.615226255188067339e-02,7.800086228390263887e-01,7.887748853916549674e-01,9.628841270011643250e-01,9.967247376979380125e-01,8.964903076478860644e-01,7.536259269204726996e-01,7.053303513233751820e-01,6.134181597380625739e-01,7.408799076917385040e-01,2.171294054308736399e-01,3.723563931773188340e-01,7.520463865152491323e-01,6.069639002870224065e-01,2.916319097366134594e-01,4.401308303596773719e-01,6.941044384250356636e-01,5.588705383873717736e-01,8.613449435938018706e-01,4.233288804170747266e-01,7.384370032944845841e-01,5.140561306528815821e-01,8.066568097051994846e-01,3.255765120922528566e-01,4.851353095677069516e-01,7.778741576949070868e-01,5.428801074668844207e-01,9.469336014556335446e-01,7.484341995005221460e-01,6.305797652153740662e-01,4.115315664515988847e-01,9.761591054652569710e-01,6.727622480851793707e-01,8.027149572551238732e-01,6.120113051252860092e-01,7.700588716963538971e-01
8.245388391712845655e-01,9.077246363256832318e-01,8.513159825803428005e-01,4.867408388406855302e-01,8.021106471752073031e-01,7.645495074753096976e-01,3.505111554834850485e-01,2.100244922899691946e-01,4.579176757808098297e-01,8.827515156436414046e-01,2.033408556497229014e-01,9.692792014583382354e-01,2.586519081693711142e-01,0.000000000000000000e+00,4.611743779854794445e-01,8.357275958922898429e-01,7.405446096829387814e-01,9.512299577347268498e-01,6.388536179175513530e-01,6.291763429641449301e-01,7.523385127995485533e-01,8.116471289949572787e-01,8.243086388380812535e-01,7.465697611221756569e-01,7.090610015563062474e-01,9.030825800541886217e-01,6.275190919322478633e-01,7.497676313537484649e-01,7.603686510009336486e-01,6.700444058829649885e-01,4.163575588059736238e-02,1.237497893848051450e-01,2.304741126978782084e-01,7.141800159518620905e-01,8.028582003110541487e-01,3.488308318854403955e-01,6.105864819288244760e-01,6.635687930944503821e-01,7.593484154503546968e-01,3.385129071787789101e-01,2.027906900768056409e-01,9.866476987692024414e-01,9.896582153409150262e-01,4.451058074675403042e-01,9.645932755182335949e-01,7.936375843232262861e-01,8.103053537760881442e-01,9.947112363042819316e-01,8.877796447808493641e-01,5.533159207924445155e-01,9.183010577099374183e-01,5.756474198744758741e-01,8.150832125604891010e-01,7.230891026252529441e-01,7.770743343852322127e-01,6.622463158139781925e-01,7.964938292260901331e-01,4.696117757092429512e-01,9.879609145001408965e-01,7.051666940116668725e-01,3.220554821711687499e-01,9.471872070135014532e-01,8.711294876588652203e-01,7.680545672682366209e-01,8.301380484699649731e-01,4.976226381148487476e-01,7.186069041069036434e-01,7.942591711835258472e-01,3.310393849774838637e-01,8.155946138200861339e-01,9.931381454970962253e-01,7.082345444035482718e-01,4.393626915319435167e-01,2.275913495601275538e-01,4.649782470601525608e-01,6.396220435698050100e-01,9.867574446746133487e-01,2.318134155884193914e-01,1.113816986105243406e-01,2.140204833854739835e-02,7.170130250622606116e-01,6.653254839971596279e-01,8.761853964044851173e-01,5.884521603612860030e-01,9.040563788499662579e-01
8.957202738990495128e-01,6.559360668152414142e-01,8.920490266145685299e-01,7.500051396933047343e-01,3.768818231512106598e-01,6.199080948019293491e-02,5.566337806584192860e-01,7.077217082339024579e-01,8.303819919739614530e-01,7.111503163950979589e-01,7.225058582706609389e-01,2.266807173923483243e-01,6.108381866659108317e-01,4.611743779854794445e-01,0.000000000000000000e+00,7.486700236585334123e-01,8.718207528752425217e-01,5.582709970480514983e-01,6.529069682651721385e-01,6.631825424532005187e-01,7.111522829560013026e-01,2.242972736556062829e-01,6.452316524028214317e-01,8.491604337259004431e-01,3.825793398475899609e-01,7.404816592414596998e-01,5.127675030142216928e-01,6.834504199948246983e-01,6.760898007225957240e-01,7.595254147119046007e-01,7.212648211392634900e-01,4.655016761761163746e-01,8.415228369728044999e-01,5.380023871266252922e-01,3.114912858523250505e-01,6.618845479072659188e-01,-1.564611332412345623e-01,6.520831820716204152e-01,8.981645040987181750e-01,7.046052366003808798e-01,8.883719692502841658e-01,7.442271789698098328e-01,8.280398728741846792e-01,2.411505229067104905e-01,7.531261276532981164e-01,7.694353629619974377e-01,6.936512779034554876e-01,9.182118938448118328e-01,7.044317073328358880e-01,4.026070154661627876e-01,7.603926594534841099e-01,7.933343039866174173e-01,8.714519475830112549e-01,4.365221244934116007e-01,6.879813287225702290e-01,6.842413462088351439e-01,6.965485914551761137e-01,6.555373433153945939e-01,2.258464037791896861e-01,6.546079686087451499e-01,4.464624940077323578e-01,8.749637057232918513e-01,6.628407313672491918e-01,8.667003226646111669e-01,8.410768196356350757e-01,3.547974234110679581e-01,4.681467594313216685e-01,8.680702021547954672e-01,6.814431798927607087e-01,3.042904227085574398e-01,8.351722555764065081e-01,6.855188377866834326e-01,3.691254907978538391e-01,7.241617010425360768e-01,8.866191376652272638e-01,2.953091693626039849e-01,8.482197226023517889e-01,4.250313314010254473e-01,7.595490140815545077e-01,-1.306864557889834688e-01,6.896607728256259895e-01,6.372094321293577668e-01,9.318063762058694799e-01,8.567105496223943462e-01,5.761013374557737432e-01
7.544185761987378669e-01,3.103773271058051231e-01,8.131345582415160367e-01,6.607081029816747053e-01,6.247646528667806232e-01,4.828623166256847954e-01,5.626967960123974155e-01,5.275995814873370993e-01,4.592497811148752995e-01,4.902136645885423194e-01,9.975217324235765570e-01,7.703804977777031215e-01,4.341826037334652333e-01,8.357275958922898429e-01,7.486700236585334123e-01,0.000000000000000000e+00,9.670770913469661778e-01,9.097814346788897222e-01,1.922800226504736421e-01,9.854094016571524062e-01,7.850377650301095800e-01,6.860435663864388189e-01,6.793177346594780897e-01,7.944101830770808892e-01,7.435354868720290833e-01,7.753347771112891751e-01,9.578613224207288557e-01,5.189227115063902440e-01,7.900537856525035041e-01,5.972059436842152014e-01,6.392709187323171172e-01,7.478714990110274519e-01,7.698479869830349154e-01,8.243101622300217368e-01,2.550457302714743690e-01,5.713312915356267840e-01,3.339490033995755058e-01,8.936989251292396519e-01,5.221533239542011096e-01,6.369176436934872454e-01,4.741939033316686647e-01,9.109952559446335973e-01,8.958341272137765321e-01,6.549782307394120817e-01,9.453946376849976518e-01,1.421288876040666949e-01,8.340652748049705023e-01,8.052467319022004189e-01,1.575010023652442526e-01,9.575106385401572773e-01,7.981253165874644395e-01,6.006369945150196177e-01,2.442464425862451993e-01,5.484640143761013720e-01,3.768653916632434542e-01,5.888396621950314769e-01,9.605240398748831065e-01,4.149103976696771334e-01,7.279418074606902600e-01,5.930261488712751383e-01,3.827173130586427607e-01,2.141152685757863328e-01,8.776471251939048646e-01,7.764370758475519496e-01,8.593456184613161852e-01,8.401068497859132123e-01,5.984096376630033687e-01,9.867366824038816819e-01,5.910543396966047025e-01,7.456228770131115846e-01,8.751928960504234967e-01,6.924504897620830102e-01,7.899588462615024786e-01,5.713095989844706457e-01,6.878966515892588340e-01,6.320028146798005730e-01,6.937036098041616805e-01,3.296682846455722959e-01,5.526462232804956187e-01,2.967160006413135376e-01,4.363527226280805582e-01,9.934303695027083547e-01,8.841453385106472496e-01,6.413025534055343257e-01,8.539114828034131133e-01
8.239504060241970018e-01,8.546489266304267973e-01,6.247025433164014041e-01,7.005448295172927997e-01,9.010707498994647846e-01,5.099829965951475641e-01,7.473755923766668419e-01,7.004283783543950870e-01,3.273842894973961748e-01,9.671914908312988501e-01,7.627522747633056488e-01,6.830428594549310395e-01,7.947143597362953393e-01,7.405446096829387814e-01,8.718207528752425217e-01,9.670770913469661778e-01,0.000000000000000000e+00,6.365952592444639180e-01,9.051364716240314356e-01,8.875729549856136158e-01,5.638586677933333791e-01,9.446551381092752608e-01,7.755377884379026643e-01,9.976779203259753537e-01,6.884109092079533365e-01,9.714962316054258640e-01,-7.830938142644332245e-02,7.410411802883292154e-01,4.955790718277672258e-01,6.996713408635802933e-01,3.605218317589831134e-01,4.851673145984581326e-01,8.338804553252333607e-01,8.403678925913731224e-01,6.668949456414825505e-01,4.274100610742103123e-01,5.912300525910371141e-01,9.257301346333911551e-01,6.413117851794254420e-01,7.032976126265797490e-01,2.645313934921103005e-01,6.938126954972784199e-01,8.275066920483246102e-01,9.217875271331466003e-01,8.104952363092494672e-01,3.246329228441451331e-01,9.586070067804324246e-01,7.735442676388571970e-01,6.451258456539661346e-01,4.287010925174649656e-01,7.336610335880604516e-01,4.807435203685386793e-01,9.017524313052576179e-01,9.545971977988837454e-01,9.914648689834844042e-01,8.035467360824497529e-01,6.157162522643985225e-01,6.741843291206415234e-01,8.304745238442481359e-01,6.735773808055396383e-01,9.599801539687136120e-01,9.298045879633587418e-01,6.827110220219547720e-01,6.183595589622252753e-01,7.511852081110381718e-01,3.416158536154882963e-01,4.474523456504973518e-01,6.521411960370107064e-01,6.697438158170984090e-01,9.926426942254489294e-01,7.056497096074646480e-01,7.670753617264365332e-01,1.854148059721305716e-03,7.006600457665392856e-01,8.647255138662076623e-01,8.590904429914235640e-01,9.278943215660644395e-01,2.027812057875518215e-01,5.809667360976175088e-01,4.290427926733884068e-01,9.371863915062054184e-01,3.579332637696223118e-01,9.612697280670270406e-01,6.161997420514198076e-01,4.350882925546011859e-01
3.015047114728844346e-01,7.914645734009400080e-01,6.581634246974552571e-01,3.171145808146401679e-01,4.734720611022300019e-01,6.914285573280964936e-01,7.249815638994810962e-01,2.397895575688173686e-01,8.248707897096926311e-01,7.020991084200355337e-01,5.905050737342192324e-01,7.353315688431144581e-01,7.915552355305524035e-01,9.512299577347268498e-01,5.582709970480514983e-01,9.097814346788897222e-01,6.365952592444639180e-01,0.000000000000000000e+00,6.718694617718115047e-01,5.314277982285047219e-01,8.128758671152687409e-02,6.143550926998243567e-01,5.423862929276409561e-01,9.719650583441039604e-01,7.434614684422203856e-01,6.935978045146335980e-01,6.862651101299475087e-01,6.840504782820756580e-01,3.600002015878628336e-01,6.149156699041884444e-01,6.514659706992971255e-01,5.116112336683324990e-01,3.477730971809680494e-01,8.672791255319687309e-01,8.340853849308863532e-01,7.766092730486662266e-01,6.533027907667092737e-01,6.541923359524994819e-01,8.745521416480974697e-01,8.216716519352099679e-01,4.906598374959101894e-01,5.868536436819461466e-01,6.779903432270775188e-01,6.005029180784662302e-01,2.165605671780353181e-01,1.922778870205442414e-01,6.390067383207469476e-01,2.306835050226621331e-01,5.660377791054597152e-01,7.389828309020893826e-01,5.228284763326807028e-01,7.584230985118833868e-01,9.291471950641151389e-01,5.137351512776148210e-01,9.274332498069448594e-01,6.561317852814354534e-01,6.481591542688717178e-01,7.350006258051061669e-01,8.538648217335578217e-01,7.320239377440098671e-01,3.284530403555970812e-01,1.981017583822304307e-01,6.336062063595849780e-01,5.477779647258688156e-01,8.113614781588975866e-01,5.400494586789262863e-01,4.145511563094473328e-01,-1.383921061754997128e-01,5.767420229188056080e-01,6.464243365516610940e-01,6.710082968970589867e-01,6.210176311132581395e-01,5.641114974318539588e-01,5.993297821313959828e-01,7.268182236933702356e-01,7.669392327428704581e-01,8.331948947983665033e-01,3.358154252821844432e-01,2.337949143220539594e-01,5.848443268254843730e-02,3.781536273726944786e-01,7.851000933505996038e-01,9.461947022798025131e-01,6.485910328692333637e-01,5.455671320679629510e-02
