0.000000000000000000e+00,8.122598342383789971e-01,8.918387589829714912e-01,7.094165836125477798e-01,6.595156393171488496e-01,9.310682243479392328e-01,2.313983915379757006e-01,6.975339995918949931e-02,6.446787740963750846e-01,9.289907517886202282e-01,9.838532821344803114e-01,9.426135257338127404e-01,5.307282840696770920e-01,2.750592508016743154e-01,9.164411863989921914e-01,7.822653130167883662e-01,9.563765314955267050e-01,7.352461544146784433e-01,5.916288184926852267e-01,8.638471271106207272e-01,8.248806646117622376e-01,6.106750723795443259e-01,8.679797632788102124e-01,5.687002662840151546e-01,8.877844611420397936e-01,9.796804443255454631e-01,5.940554437006440036e-01,7.612177259112189454e-01,2.120597151270097458e-01,7.032006704986440981e-01,4.480441396225524620e-01,9.105568088156895667e-01,8.304125020438691829e-01,4.957201399344840498e-01,9.647714098594194487e-01,2.912479568469829028e-01,6.156789057841528523e-01,1.990461998873069571e-01,9.156494671602688484e-01,9.567203001274534602e-01,5.317077543142647578e-01,8.678918381128414294e-01,4.524726099998230278e-01,6.978131752474785454e-01,6.506860428405742969e-01,7.934065867873183464e-01,5.179574329409696309e-01,2.073651961185422610e-01,9.566354186187490116e-01,7.397938753847977944e-01,7.980282051923415221e-01,8.187575937933512238e-01,6.309841649944474273e-01,9.914922463376657502e-01,8.306460099929813268e-01,8.956783562739167870e-01,5.129660543463708811e-01,4.668437741219989556e-01,8.762612678835753899e-01,7.357804537677248291e-01,3.562292890294117553e-01,3.447785540322867437e-01,8.066746935484689907e-01,8.395460770183570398e-01,8.620991431927317317e-01,8.439852781114145497e-01,3.704231802682763641e-01,7.410187249309114765e-01,8.905731343591560822e-01,8.952372167701535544e-01,6.653932915471618692e-01,7.201279382140366447e-01,6.110634196737990687e-01,3.612385605105004061e-01,8.298283671905680725e-01,8.953678838473488888e-01,8.519225559449787877e-01,4.425988695184757127e-01,2.276283514846408340e-01,4.994281039099568442e-01,9.299823588038246269e-01,9.526934277862758593e-01,7.237987655253945718e-01,7.587832162453953533e-01,7.895503489169521938e-01
8.122598342383789971e-01,0.000000000000000000e+00,9.378736400071436830e-01,6.673454870703054986e-01,6.511541077220284190e-01,9.394782604482538879e-01,8.431991955083147916e-01,6.380044413303517237e-01,7.842176370981237543e-01,9.655477326843242558e-01,8.154946419008081149e-01,6.615642989965907494e-01,2.947596025410594289e-01,5.797931206100535029e-01,6.183032573307962743e-01,7.299064971086081099e-01,8.614522712993315512e-01,8.379629647212799570e-01,8.511426608106402725e-01,9.358957035450569117e-01,9.158420751088754974e-01,8.165491025717140916e-01,7.176914174465502949e-01,8.998344731683486364e-01,4.438682547454892435e-01,8.857413483153555589e-01,8.392908052315763978e-01,6.364689269031713614e-01,-2.656502863904866563e-02,4.873177488164140425e-01,3.429801678196888748e-01,5.104405823477815574e-01,7.370256874401311942e-01,8.757468730162332182e-01,8.561906840908862781e-01,4.630652882310321017e-01,2.478720304299035226e-01,6.770586095902504375e-01,7.291786591713587118e-01,9.387214490771055297e-01,5.054925522505985258e-01,6.009392564933607739e-01,9.498023428051809436e-01,2.097871863543998849e-01,7.809698050329580976e-01,8.589138500834950785e-01,8.802223301201155259e-01,3.407206626386262704e-01,1.974169728458965434e-01,6.954409571499929887e-01,5.443832819107422560e-01,6.612316338886843337e-01,9.449737486727958213e-01,5.508547024507000067e-01,6.390089601788064844e-01,6.494000077258501591e-01,5.134906646390389323e-02,6.635107460293749870e-01,9.802062894210343824e-01,4.499137987805436611e-01,3.274695832682577024e-01,8.211139364113672068e-01,7.282222187321258922e-01,8.792219274538812801e-01,8.166547522868005116e-01,9.841170643929726403e-01,6.164953613942176780e-01,5.944914604067881303e-01,6.664236812664230403e-01,1.619990691064232824e-01,3.247756676868562842e-01,9.188472408549525072e-01,-3.696957293594113625e-02,3.109657812038555957e-01,6.344068153483124473e-01,3.848866969030176333e-01,5.316256817710068860e-01,9.149228650282774655e-01,4.845883018726535041e-01,2.337799053816026762e-01,7.886793554515653115e-02,7.409064721992956182e-01,6.674150893980518306e-01,4.915150989079348220e-01,6.606885015792631766e-01
8.918387589829714912e-01,9.378736400071436830e-01,0.000000000000000000e+00,9.225911738955513419e-01,6.434291252983521670e-01,8.049386321014573298e-01,8.994669843320296510e-01,5.266885789499547998e-01,8.865805903713245284e-01,8.423611510608279840e-01,8.674414711346484230e-01,9.561215069224014984e-01,8.545591821306640634e-01,9.751777046570808682e-01,7.606096697382916938e-01,9.423078992676948706e-01,9.903177163047720555e-01,5.955613782793278688e-01,3.228637223390060651e-01,9.441583384527576506e-01,9.764278685569689475e-01,1.789173383738285050e-02,4.397977393352088260e-01,9.055387380944939224e-01,9.961980853323348928e-01,3.809908627902168776e-01,7.195676840145525111e-01,6.343775371954527564e-01,5.638179576556544559e-01,3.579042329412721601e-01,5.324763275402302209e-01,6.705262737154840114e-01,9.043319313581845709e-01,6.054074040337225071e-01,8.854174779016374952e-01,6.787791539052540069e-01,5.150363840109295488e-01,8.200562532981965358e-01,9.580003208307533713e-01,8.277060399776766664e-01,1.339614049247031015e-02,9.550391278256283867e-01,9.016682646039184679e-01,9.885980199068437058e-01,6.508336516275511352e-01,9.922177053342207120e-01,9.462310434535530224e-01,4.285441904040674377e-01,4.310781053642099847e-01,9.945131914163827247e-01,9.889617134135147980e-01,8.744119269512451442e-01,8.388340151443534065e-01,8.291888791673264203e-01,9.831542841550134915e-01,8.253758413701350882e-01,8.806167989073400149e-01,7.494420497609572962e-01,1.215899123937621146e-01,5.933622161862399658e-01,5.717961725603374346e-01,4.027019285799719461e-01,4.015105922789711235e-01,5.347182992532324430e-01,8.411129837081285920e-01,4.058918055586986928e-01,6.314455957608153813e-01,5.863636474778169960e-01,5.619848275004333260e-01,7.147460583823972424e-01,6.760068863707162645e-01,9.594965445657892555e-01,2.815402244495974204e-01,3.860087900402712768e-01,6.582333186779449896e-01,9.215559081187295609e-01,8.785751169013085171e-01,9.900911137507659721e-01,-1.223945442134941747e-01,1.483040800767310152e-02,8.509851559949743738e-01,8.204932516797642794e-01,6.449997024928855183e-01,8.709692146032225191e-01,7.491190617282658115e-01
7.094165836125477798e-01,6.673454870703054986e-01,9.225911738955513419e-01,0.000000000000000000e+00,7.251326921422709404e-01,6.634289081855762049e-01,5.040706391736381464e-01,6.580800182190824632e-01,9.113036021981929524e-01,9.672005861072464628e-01,9.866016347046937529e-01,6.937674636640782655e-01,1.722859131945623512e-01,4.536627289113666639e-01,8.994848202225894651e-01,7.122009915803974023e-01,6.377960304260994473e-01,8.577345516596079911e-01,6.934715784067690958e-01,8.957828460015774263e-01,6.253083764920444043e-01,9.701815280730192725e-01,8.259995400122993603e-01,6.452355718578478561e-01,7.246835589742121053e-01,1.181833864503057385e-01,7.364412585044231019e-01,7.059961884202652360e-01,6.370326435590810688e-01,4.466049622398258201e-01,5.899573469186287777e-01,7.067127611787017427e-01,8.678979389153682611e-01,9.204027823399445474e-01,7.805461497011287886e-01,4.032412390862432083e-01,4.876941882264489436e-01,-1.896002533065509199e-01,7.009923632614537548e-01,7.668941696041535749e-01,4.172280653529806815e-01,7.805386806589933446e-01,7.133173148840312727e-01,4.802855578204181519e-01,8.132555150095786001e-01,4.433762041135614340e-01,7.692906615816061944e-01,4.460137628151825129e-01,6.964965249825281202e-01,9.027181220089441904e-01,4.372962601776404501e-01,6.860953156159391719e-01,9.746124455928770747e-01,7.779338961827080290e-01,7.427233543006811489e-01,6.959990458760072496e-01,7.700163232427490456e-01,4.116853722566169993e-01,9.959558314392251699e-01,4.841942530218704688e-01,3.326141279246955795e-01,6.651975769662219484e-01,9.051365059572408223e-01,5.635006993672528885e-01,9.187578104948264102e-01,9.320224252846350810e-01,9.068891483452001800e-01,9.628665422683553299e-01,8.007875578596986843e-01,7.634443490705544733e-01,8.752850139147247965e-01,9.059677982341708402e-01,6.383775980081135559e-01,7.717447783594701960e-01,9.836977649098291865e-01,7.627353897922866111e-01,6.137716723797662643e-01,4.648335160782831599e-01,5.900369304296909645e-01,3.593256519717412667e-01,4.140756241595174303e-01,5.964881032666204952e-01,7.228279770675587468e-01,6.911216197110550130e-01,3.942710893893000557e-01
6.595156393171488496e-01,6.511541077220284190e-01,6.434291252983521670e-01,7.251326921422709404e-01,0.000000000000000000e+00,7.073431361613663482e-01,7.957500463362461307e-01,4.525718937790439433e-01,2.326874853720107827e-01,8.682378692547338961e-01,6.236785326242516581e-01,7.820351377412415594e-01,4.468304550941766817e-01,8.730272743236009436e-01,8.350467190097422554e-01,2.603242648228987211e-01,7.339991008435124975e-01,7.620052523298845859e-01,8.092740248514587176e-01,9.696998094874799135e-01,5.874479955640266038e-01,5.827722095022621618e-01,8.341153100854583613e-01,9.809768927580105879e-01,3.248286976227457434e-01,9.408679469292380304e-01,9.054409238697491702e-01,7.251718283887698124e-01,2.987929664730947232e-01,4.936450893512263072e-01,4.640733607302102715e-01,6.136652009101196681e-01,2.916219009023869324e-01,2.336772345200717749e-01,5.482886897571249696e-01,3.860758092677796238e-01,4.943321841312500742e-01,3.235458248200950848e-01,9.444068263139642205e-01,9.796587873713376027e-01,2.819402206594880944e-01,9.803009684491439391e-01,6.669968457971822140e-01,7.021633804964814152e-01,6.557941666817661552e-01,7.039820889888621647e-01,7.715596001523350456e-01,4.754482718208100644e-01,6.091868362910698442e-01,9.037453799471224514e-01,6.055551230217149916e-01,6.303284483973625729e-01,6.430857715844999767e-01,7.767383788815068746e-01,9.564141276914314149e-01,7.181557937738555220e-01,8.731119043914965516e-01,4.806783128274393913e-01,6.052664064944670574e-01,4.741703667863542693e-01,4.023322754771652132e-01,7.492757330158401619e-01,8.914304309074565502e-01,6.494653171113854428e-01,7.949931814773145700e-01,4.530292685568173550e-01,9.109101529038229339e-01,7.726574211716688012e-01,6.216837610003751458e-01,4.007538795731198089e-01,9.065848457977322417e-01,5.370250871413365101e-02,3.736455288385004403e-01,5.095163280503770542e-01,6.569495023891406271e-01,5.950318819234149403e-01,4.042074784644451024e-01,5.953032966781643953e-01,4.446802329185903235e-01,3.400379231050514733e-02,2.467075977335130288e-01,8.934482407565078610e-01,5.401534306115312045e-01,7.923071710504148157e-01,2.387791200133601577e-01
9.310682243479392328e-01,9.394782604482538879e-01,8.049386321014573298e-01,6.634289081855762049e-01,7.073431361613663482e-01,0.000000000000000000e+00,7.137852759573326544e-01,4.109524809090799868e-01,3.950690664860901924e-01,2.674987845387230001e-01,7.330833340178278812e-01,8.762039803561829654e-01,6.254649574516770727e-01,5.582512852586312135e-01,4.109569807202489433e-01,6.670784294117841906e-01,9.757292002454617252e-01,9.711065212201304142e-01,7.936620414758899233e-01,6.265188677804159889e-01,9.798712994969868140e-01,8.309155639016703176e-01,4.482893684466761619e-01,3.932201670979365016e-01,4.065325556892320225e-01,9.821841024549072818e-01,6.367819915764472150e-01,4.742474403336034983e-01,3.719735767900672063e-01,9.817628854062289134e-01,3.625879481209687838e-01,3.080748261715006153e-01,6.780176066212391106e-01,7.303605237458122845e-01,6.805511566275279645e-01,-3.891015890194998716e-01,4.194394845249019288e-01,7.940179044236056471e-01,9.432932729088211454e-01,6.872434199469605876e-01,1.839709732300889508e-02,5.416507132388038714e-01,5.647614727284804292e-01,7.685536360246773002e-01,8.541620443599210466e-01,6.064677625316032827e-01,4.932504131031996142e-01,2.362343540241282069e-01,5.199645145750142472e-01,7.316766459518327936e-01,9.675584743642483276e-02,6.256790751621559288e-01,2.205707825627210572e-01,5.465825354937430269e-01,7.069366316641122472e-01,6.507732853566662312e-01,6.734793367761746641e-01,6.613288752274115723e-01,9.582799831671310331e-01,1.691155225498430781e-01,7.197397590973790837e-01,7.491240279668293089e-01,5.914514247746124331e-01,9.715846812745152494e-01,9.734598093849154976e-01,7.318407421561121673e-01,9.457746347690949573e-01,9.540017432906793271e-01,2.098051649675145847e-01,4.735381701243894237e-01,9.204650191973805518e-01,6.878475675557106372e-01,6.748242186658808262e-01,4.079779404572995705e-01,5.505070238777848290e-01,6.581873768828376825e-01,5.699288556751249679e-01,1.669355228752001097e-01,6.656065492802948347e-01,1.648648451428262607e-01,5.351562402142762132e-01,6.515862932390453777e-01,4.226947919506981455e-01,5.924593199382029995e-01,9.254138383046036642e-01
2.313983915379757006e-01,8.431991955083147916e-01,8.994669843320296510e-01,5.040706391736381464e-01,7.957500463362461307e-01,7.137852759573326544e-01,0.000000000000000000e+00,4.459988476866871832e-01,5.725810300367625283e-01,6.392229176992674233e-01,2.686157372032266233e-01,2.739295704557062061e-01,8.742377526211874139e-01,7.083990651879585876e-01,2.083206352053183774e-01,7.226779086673051911e-01,9.794543425635734435e-01,7.050271129033991446e-01,7.355556909489769923e-01,8.457174215630622882e-01,6.304413255784943049e-01,4.483744906453752122e-01,9.231423907639715321e-01,8.119306328263791173e-01,6.951942965559350096e-01,1.875321275400447241e-01,-1.145753556866702244e-01,4.746099476068824652e-01,7.900679978635608558e-01,5.013022298064642168e-01,3.361888457667727703e-01,5.185036186196779751e-01,2.909458818012581327e-01,7.395460682804796404e-01,6.469683675564316117e-01,7.250217849496231048e-01,5.551056582098951031e-01,6.319278558363663478e-01,8.722299337530947660e-01,6.357856093560705357e-01,2.453873577408223206e-01,7.539722940940652984e-01,2.934195308640266120e-01,3.444336584420943925e-01,9.596034909449405181e-02,2.218017314337955570e-01,6.305213428878003734e-01,7.667506104576576886e-01,5.473071862717414637e-01,5.332062401093576876e-01,8.288384571857347893e-01,7.933460032343897517e-01,7.465313047218383735e-01,7.760547372169908087e-01,2.618935298617213192e-01,7.980092339756872377e-01,7.224056590847470760e-01,9.247764413219076163e-01,4.097616560826322640e-01,6.044567563101270746e-01,2.761954945866831879e-01,8.958972269957677925e-01,2.703505600647392315e-01,9.914196747567953771e-01,8.122349191000781676e-01,3.262956915520806023e-01,7.932921379281294705e-01,8.254848257703526482e-01,6.773930775313365960e-01,6.143760200520186343e-01,7.218722003300939161e-01,1.611045206474557290e-01,3.223897372658776073e-01,6.693510425947147846e-01,2.362756955045158813e-01,3.307921036047977714e-01,8.588223167110138334e-01,7.227752185441684851e-01,4.126627781787978178e-01,5.258269652999186805e-01,4.406371290664890528e-01,9.971366458861233850e-01,2.699893470025929165e-01,6.796586824641545066e-01,6.154654653314599599e-01
6.975339995918949931e-02,6.380044413303517237e-01,5.266885789499547998e-01,6.580800182190824632e-01,4.525718937790439433e-01,4.109524809090799868e-01,4.459988476866871832e-01,0.000000000000000000e+00,5.112961717741489887e-01,5.145112438808971955e-01,9.008313373079083197e-01,9.781887515690182999e-01,3.379435717292824659e-01,2.171126780028255765e-01,8.726724454925286478e-01,2.180280786313806285e-01,8.724278280945549913e-01,6.026598879032522005e-01,6.844987908404353005e-01,5.417342301970894392e-01,5.930270848549705764e-01,6.341530504341457153e-01,7.339279248885238749e-01,6.775478264581855647e-01,2.568887580555325734e-01,7.300156409275144753e-01,7.075667795204609867e-01,9.037807750576708488e-01,3.968700103188786965e-01,4.049652145181553142e-01,3.011841336478673359e-01,6.034845577897832714e-01,7.064933529934644962e-01,2.306193009762604884e-01,8.290817994132875235e-01,2.619031023891115750e-01,3.550396532663305793e-01,9.683380924865285788e-01,4.857871380719547827e-01,8.392704385306316572e-01,8.621590655355118038e-01,5.133406472749160732e-02,6.545430390787085884e-01,6.714133862480062831e-01,7.289616157199925173e-01,6.975597721121346018e-01,7.191789062451117154e-01,5.487082123518610688e-01,4.778836314197384416e-01,5.358681463372606535e-01,7.246144189280160353e-01,7.753198973094012070e-01,7.788626006724679307e-01,8.845364308240541984e-01,3.144252980343592574e-01,8.974950198656511668e-01,9.388155197829279874e-01,9.207367261294887584e-01,9.357581206765768211e-01,-1.982794281208027087e-01,-2.040853768585861594e-01,7.877229979061475262e-01,4.326339068123759013e-01,8.015019619684154994e-01,7.889908287214666416e-01,2.875954141235670392e-01,3.697291774582232016e-01,7.909987982202619783e-01,6.379128375985672061e-01,9.937683848901349704e-01,5.424326805210041291e-01,7.847868610677253276e-01,7.153566842108615154e-01,4.429841938134754797e-01,8.224471454828409245e-01,3.122835543600879227e-01,5.218716416418883730e-01,7.255426363197341466e-01,5.368368165242992651e-01,3.698530921887968059e-01,4.524569627077585920e-01,8.814138443390787669e-01,6.465992285581705357e-01,4.548662141131040171e-01,6.797378565598113376e-01
6.446787740963750846e-01,7.842176370981237543e-01,8.865805903713245284e-01,9.113036021981929524e-01,2.326874853720107827e-01,3.950690664860901924e-01,5.725810300367625283e-01,5.112961717741489887e-01,0.000000000000000000e+00,5.668954909839808431e-01,7.168624615284260315e-01,8.171150398940486559e-01,8.447181901594231768e-01,2.559172811067361719e-01,9.730824595285068046e-01,5.605900097646423497e-01,7.022657100680735898e-01,7.334778875862155711e-01,6.654265455298558063e-01,7.573042737146671310e-01,9.791296785838826677e-01,5.797223519762115806e-01,4.249718713540198700e-01,6.778007879232342825e-01,6.065388587244977536e-01,8.675558741685490682e-01,8.583957289603281193e-01,6.567692000600262592e-01,3.179835303046112949e-01,4.249814361480102470e-02,2.946637812009415547e-01,6.097805920764283183e-01,9.248243017394004450e-01,5.948258186408230674e-01,6.450589147026534187e-01,3.193008975752436029e-01,6.301743234283213591e-01,6.700338973613796378e-01,6.718295732151460253e-01,8.890934869614536273e-01,6.737278896765368508e-01,3.540314662197413531e-01,7.263002180828036503e-01,6.891791645624754103e-01,9.227792805600740778e-01,9.494383899110249159e-01,5.255554497692689342e-01,9.544858829041223958e-01,6.092867366665130069e-01,4.625680309724626849e-01,9.407461228223852334e-01,5.096522937565959310e-01,3.168747852476458404e-01,6.225392908042152174e-01,5.229292705926265050e-01,5.501845933213075357e-01,1.322157957193829114e-01,4.578673033681849858e-01,4.248089558611387040e-01,2.828551031683485539e-01,7.475512610238099764e-01,1.343128474091523639e-01,6.914851262402857968e-01,4.375294158993626725e-01,8.024758933321236576e-01,5.937917018708613881e-01,7.514493854206391044e-01,9.054192870765668255e-01,5.851877170936103933e-01,6.384804204819510831e-01,9.834137121536203896e-01,8.712113367273953690e-01,6.536610554277770824e-01,5.021214534133758844e-01,7.796314889742234078e-01,5.510003932791600612e-01,8.877006063085790544e-01,7.552043738695798369e-01,5.834591029117679462e-01,2.075201454350513175e-01,4.084086062301527376e-01,2.047420886862683642e-01,5.325987579995226096e-01,3.698816546986817277e-01,7.849091530135269279e-01
9.289907517886202282e-01,9.655477326843242558e-01,8.423611510608279840e-01,9.672005861072464628e-01,8.682378692547338961e-01,2.674987845387230001e-01,6.392229176992674233e-01,5.145112438808971955e-01,5.668954909839808431e-01,0.000000000000000000e+00,4.663786049602446360e-01,7.541340046109250572e-01,7.224137466210973635e-01,4.987080810079864701e-01,-3.482858831981344161e-01,7.689224395258019429e-02,6.106162798202050546e-01,1.384756044042580736e-01,6.142342248154776252e-01,8.494118846126129663e-01,9.408161018505626361e-01,5.031652075650874245e-01,6.399493687763891936e-01,3.742582358992113667e-01,7.341011160060900709e-01,8.926488492905136907e-01,7.037110080250270627e-01,7.935425331380666636e-01,7.467848627050832633e-01,4.013870320736109831e-01,3.208085031765791073e-01,8.179008589087387593e-01,4.215862540259004421e-01,9.373951558190416478e-01,7.510362777620661623e-01,3.815901431903020447e-01,2.215564818271145708e-01,7.275259945232690484e-01,9.853324667693981187e-01,8.015627039550434763e-01,4.398931080889308953e-01,5.203605125655552666e-01,6.139000922593185194e-01,2.935939548840261204e-01,4.788976992497984697e-01,9.328743879076298873e-01,4.305488723676083596e-01,8.955092016923396070e-01,7.122475167093867965e-01,6.120934587645198155e-01,5.580175363502837271e-01,7.538227503186727407e-01,5.987562340964369678e-01,3.664554514833997523e-01,8.761558572632741626e-01,7.681596537141479608e-01,7.958231811396593303e-01,9.004090991016117096e-01,9.703795961058769848e-01,7.352679930123431351e-01,2.860081851943451214e-01,6.388626997646370542e-01,6.508685303518852994e-01,8.545113767854037867e-01,8.045300584307304437e-01,4.600801293678555975e-02,6.218092948452698110e-01,9.658869425384725149e-01,7.737117392166610319e-01,8.533191092315970394e-01,8.707426161111943008e-01,6.233501081527427212e-01,3.121729868654563034e-01,4.928619344591154694e-01,8.672670795876715744e-01,6.589948752106567116e-03,8.830042217312151775e-01,3.962238815927244806e-01,6.697100073305388701e-01,2.737937319010346204e-01,5.141038928572045918e-01,8.866635520953999317e-01,6.687280529801237217e-01,5.808260430496747784e-01,2.604122975430694376e-01
9.838532821344803114e-01,8.154946419008081149e-01,8.674414711346484230e-01,9.866016347046937529e-01,6.236785326242516581e-01,7.330833340178278812e-01,2.686157372032266233e-01,9.008313373079083197e-01,7.168624615284260315e-01,4.663786049602446360e-01,0.000000000000000000e+00,6.114091215563512982e-01,2.527743197556296950e-01,6.420326505870340705e-01,2.662198530545389352e-01,8.371282876871192213e-01,7.584106479013730251e-01,7.097341372241855462e-01,7.119307255445577187e-01,9.798451352612435050e-01,8.478991232014523316e-01,4.712890824132347500e-01,6.114158009905844571e-01,8.019148680057821554e-01,4.791829286933718679e-01,9.777182296951285601e-01,8.900301195763158368e-01,8.642234069711550726e-01,-6.025204296454264585e-02,5.259828699932884710e-01,7.643409559144330734e-01,8.870343794183795927e-01,6.481656230772618876e-01,7.629882795902905857e-01,5.386393958474812171e-01,7.714762417449954057e-01,3.327037049260678780e-01,5.610133291111234488e-01,5.494923635737352097e-01,6.469547156047730230e-01,3.147832390164913008e-01,6.282931126476856143e-01,9.911228384772865496e-01,7.542785562174297853e-01,8.260895078538388336e-01,7.490431529826937496e-01,7.881346718680747321e-01,6.165203362530280451e-01,4.853587676837656240e-01,6.108712769939326215e-01,6.912540994706453112e-01,9.814502182151565446e-01,7.002748596858948682e-01,3.343677271297169629e-01,7.272831152062009252e-01,7.409260411744624797e-01,7.352814131236409256e-01,4.137010165678206008e-01,7.566926829731609461e-01,5.122629403823562161e-02,6.652556165224783324e-01,7.644447456009779707e-01,2.937478936049783274e-01,6.952616435872085443e-01,8.132694769004352731e-01,7.941004996453900899e-01,8.576917453665386937e-01,4.309744810254831360e-01,2.777894548656867912e-01,9.978075350936931320e-01,7.990342858445396157e-01,7.742176845930165419e-01,5.571844227701182595e-01,6.041356826028387861e-01,8.887917642181974651e-03,1.722472451142926242e-01,2.396725253220579888e-01,8.645844051979378886e-01,6.242354031012289362e-01,-1.794553528263468922e-01,4.542254124612529753e-01,8.926668942800439766e-01,8.694119608124249998e-01,7.766772789379146058e-01,7.969527746920999078e-01
9.426135257338127404e-01,6.615642989965907494e-01,9.561215069224014984e-01,6.937674636640782655e-01,7.820351377412415594e-01,8.762039803561829654e-01,2.739295704557062061e-01,9.781887515690182999e-01,8.171150398940486559e-01,7.541340046109250572e-01,6.114091215563512982e-01,0.000000000000000000e+00,9.218925005540266060e-01,6.640671357581073853e-02,5.380635395524688835e-01,5.350097104667118630e-01,8.071533831263528747e-01,6.352956313186779447e-01,6.933451280732296773e-01,8.208316498203718226e-01,5.491700424121628288e-01,3.166266458011419704e-01,7.580882785674446511e-01,5.108115064601710387e-01,6.805729413325507793e-02,4.902790272750497391e-01,8.192281155916867341e-01,8.350616308133075316e-01,7.626894726311045369e-01,9.141814263851302247e-01,7.540038777691933092e-01,7.903331601625270819e-01,6.097095509688001957e-01,6.312794330497399908e-01,5.043910363481084458e-01,6.222999041001958664e-01,3.067912640868489804e-01,5.691207854122102422e-02,5.534141557201518458e-01,6.631458105060606956e-01,4.419925558584691383e-01,4.712585487663573658e-01,8.794834997826520562e-01,7.348480655211293566e-01,8.393296220827133336e-01,9.981625065240027350e-01,7.550417149717982834e-01,6.583195842129291320e-01,2.230372414732242903e-01,5.105689637264922975e-01,9.106874739007925212e-01,4.428648109580486936e-01,7.801431637651317086e-01,8.112820729972384237e-01,8.444528859178639379e-01,9.379455592217476045e-01,6.091249165034219315e-01,9.978741835245970027e-01,6.161757868871460264e-01,3.559681180000954237e-01,3.961485470043969448e-01,6.075092256234343457e-01,5.896150660687475842e-01,9.016289656532640029e-01,8.403223165647080162e-01,8.439582414402132526e-01,8.407047221315366858e-01,9.108180579951054012e-01,4.870583316005772101e-01,5.961277530674990999e-01,7.776961886454284434e-01,7.192322250371477876e-01,5.885623404564199745e-01,7.969637175021414555e-01,2.671832605450977782e-01,-1.348109277644823911e-01,8.540911816552851921e-01,4.752039625628077246e-01,4.416218935368932952e-01,1.802863314744107548e-01,5.009329838811784619e-01,9.179241140706630997e-01,7.365348140158776147e-01,5.019658253206559229e-01,6.111054735972464291e-01
5.307282840696770920e-01,2.947596025410594289e-01,8.545591821306640634e-01,1.722859131945623512e-01,4.468304550941766817e-01,6.254649574516770727e-01,8.742377526211874139e-01,3.379435717292824659e-01,8.447181901594231768e-01,7.224137466210973635e-01,2.527743197556296950e-01,9.218925005540266060e-01,0.000000000000000000e+00,7.429213528199769545e-01,3.934537940823298330e-01,7.348068270047646289e-01,7.697633494735226511e-01,5.910820317476281893e-01,4.881874163181947890e-01,7.508439020567021505e-01,7.971547207329101603e-01,8.033080533051681904e-01,6.074753312593109689e-01,5.896837701966337608e-01,2.135875829210721888e-01,8.822217765785014265e-01,8.665200896878045844e-01,1.039776032808328865e-01,1.035002769559198871e-01,4.452439480961770113e-01,6.432932117211734857e-01,6.766180442759166525e-01,1.161237367671189846e-01,7.725009360320952423e-01,8.914829396097635472e-01,6.012410768134653916e-01,1.945776414036705926e-01,6.396270522395739455e-01,9.712581484761031447e-01,7.293239079525404289e-01,4.068067832768433867e-01,7.585846871431852767e-01,8.690919750812999833e-01,8.270472143695385414e-01,4.901101848687713924e-01,7.119250039112642314e-01,8.106680508840847788e-01,6.923077973730783485e-01,7.266839836624182647e-01,6.616886609552792287e-01,8.031124183310706099e-01,8.089958704419715207e-01,6.405222596067017271e-01,6.728748727720954559e-01,6.127134742954420954e-01,5.049793390354432310e-01,9.453680317722918947e-01,8.912511552533826098e-01,8.785744253321333685e-01,6.634928747124616555e-01,3.531158662822368455e-01,6.272040458655641082e-01,9.567870750322629014e-01,9.550318895019057619e-01,4.438039601436853387e-01,9.717278274243564828e-01,7.737416049201361057e-01,5.572571514722468589e-01,8.170092669532512675e-01,3.343735989919982554e-01,8.951598825261251058e-01,8.870339592669344020e-01,5.064219930439619599e-01,3.462210140098613831e-01,9.315666498766370651e-01,8.030595930140623784e-01,6.476637905909286008e-01,3.463757393096982273e-01,5.086986471621040007e-01,-2.394922314442965439e-02,6.089963025742999303e-01,8.453842319897875157e-01,6.602354677063092536e-01,-1.601522961151132796e-01,3.310854545078310007e-01
2.750592508016743154e-01,5.797931206100535029e-01,9.751777046570808682e-01,4.536627289113666639e-01,8.730272743236009436e-01,5.582512852586312135e-01,7.083990651879585876e-01,2.171126780028255765e-01,2.559172811067361719e-01,4.987080810079864701e-01,6.420326505870340705e-01,6.640671357581073853e-02,7.429213528199769545e-01,0.000000000000000000e+00,6.640784297399908720e-01,7.119064900703853116e-01,5.216217144784719428e-01,6.671045805090025649e-01,4.073708564029629997e-01,8.208595895257954078e-01,4.094781198841205283e-01,-1.097585611283526247e-01,8.337681450235135960e-01,9.838362626450782855e-01,4.416451015471924424e-01,7.405350209531235128e-01,9.436385206376561863e-01,9.865126866900564284e-01,6.779078014317542200e-01,7.231211735288554099e-01,4.643700952143773319e-01,5.184950199067889232e-01,9.893640076714251830e-01,7.540880656745624355e-01,7.886590971557019270e-01,5.538545477400614869e-01,3.067829137012166862e-01,6.159033098712831666e-01,8.231745625968042157e-01,8.096438245805698264e-01,7.116219154675448300e-01,5.225540936725637797e-01,5.188547764384199290e-01,5.942023360285048073e-01,6.925386360753366111e-01,5.140671236993995530e-01,7.459186914582940364e-01,5.353447596635446670e-01,4.000865888119393698e-01,-3.634914446362562668e-01,6.678819822927227756e-01,9.608576734829817889e-01,4.750353297782471951e-01,3.628404857771706515e-01,5.003914974978179719e-01,3.777597998627538756e-01,8.943175538126574287e-01,9.342068063882285056e-01,6.255450571063887466e-01,7.370722521826043039e-01,7.930332625038881700e-01,4.007030096151580345e-01,6.807626269881082992e-01,7.136094478712639022e-01,4.000052172118357952e-01,3.694761366246760437e-01,5.248773707472211836e-01,8.747027050259795766e-01,5.810999378171678442e-01,3.234235216036245864e-01,5.944008250259529280e-01,6.742920360410638025e-01,2.889981818472781017e-01,2.229813746028547206e-01,8.669096642385306639e-01,5.142119137677652052e-01,6.035492178153182286e-01,4.605775585838751685e-01,5.070285474386372337e-01,2.100665339937885512e-01,9.488514883803831346e-01,7.514253846033644990e-01,3.656683325869920509e-01,7.288049745677767088e-01,3.538142296816473298e-01
9.164411863989921914e-01,6.183032573307962743e-01,7.606096697382916938e-01,8.994848202225894651e-01,8.350467190097422554e-01,4.109569807202489433e-01,2.083206352053183774e-01,8.726724454925286478e-01,9.730824595285068046e-01,-3.482858831981344161e-01,2.662198530545389352e-01,5.380635395524688835e-01,3.934537940823298330e-01,6.640784297399908720e-01,0.000000000000000000e+00,4.771696137210767463e-01,5.054220459248547348e-01,5.122230810525688627e-01,4.731605986815217713e-01,5.291828897656929431e-01,3.394447637115520777e-01,8.601825241953124923e-01,7.430970859371401893e-01,8.272913461708732985e-01,4.015934231042443403e-01,6.054294092803751415e-01,5.572027032211888109e-01,2.476018120621314156e-01,7.631444427054699942e-01,3.024898263867369375e-01,8.271847772469709259e-01,7.031281094282033628e-01,6.035813560652650844e-01,6.356299247211223413e-01,6.518098687978091110e-01,5.618503469537236006e-01,4.402550434995968209e-01,4.164414806865083807e-01,9.324681123295441854e-01,5.446080724688899810e-01,5.252611658524541927e-01,7.918512263083843372e-01,9.748524899033970126e-01,5.569646579266034347e-01,9.504687878943881563e-01,7.364025844644053187e-01,7.003492611164854331e-01,7.017000236118996481e-01,7.861486757609281728e-01,8.542720048463782190e-01,7.949571239700726766e-01,5.703733419062104737e-01,4.363751339918018335e-01,6.693514002273536212e-01,8.445600939027189114e-01,7.766148607034494278e-01,5.585842097799442740e-01,9.770616409869230523e-01,8.942036168248580497e-01,2.253827208128738602e-01,5.869008808869530247e-01,6.735980734655891977e-01,4.533537024178521113e-01,6.732403827867338153e-01,9.013299417528680690e-01,7.553793983317311778e-01,6.652650655168497185e-01,8.071616824414784563e-01,7.258830361019188437e-01,9.114499863627889553e-01,6.600919396754850732e-01,2.999084311126668512e-01,7.456568293705229111e-01,6.255146523383882107e-01,2.357335751681855496e-01,7.111123288288683231e-01,7.641590776165941845e-01,9.317635961749342055e-01,5.876971135091311194e-01,3.821947879332894260e-01,4.305890494404734370e-01,7.073485219506159272e-01,8.544703221073672861e-01,1.042727118346105375e-01,8.913097593729176760e-01
7.822653130167883662e-01,7.299064971086081099e-01,9.423078992676948706e-01,7.122009915803974023e-01,2.603242648228987211e-01,6.670784294117841906e-01,7.226779086673051911e-01,2.180280786313806285e-01,5.605900097646423497e-01,7.689224395258019429e-02,8.371282876871192213e-01,5.350097104667118630e-01,7.348068270047646289e-01,7.119064900703853116e-01,4.771696137210767463e-01,0.000000000000000000e+00,7.442734637738119829e-01,2.050021770511857855e-01,8.573692494418202470e-01,6.391274046551485011e-01,7.329228380118335551e-01,4.851023896612013386e-01,6.190366716095114796e-01,9.041938274683933852e-01,3.267650674241139863e-01,4.351372705182586786e-01,8.857620754162652821e-01,9.359547480604086811e-01,3.359695252402501442e-01,-1.662237478156213810e-01,3.509426490920628527e-01,7.772665214529932420e-01,2.553277402333831159e-01,6.268664399720479397e-01,7.113726399874530371e-01,6.893215562049012091e-01,7.421519124356275032e-01,7.008190708618647902e-01,7.881767610053902473e-01,8.780855671161814646e-01,5.892670675189770613e-01,7.958688650731615688e-01,8.336782523085476404e-01,7.750386598511227465e-01,8.043876253005541876e-01,3.990579109643744293e-01,6.485084049642175774e-01,7.843738067472508790e-01,3.427973882008484852e-01,5.008338734898279965e-01,9.874680929557330122e-01,8.822844722095265491e-01,5.097093380071882063e-01,7.578231565489096377e-01,7.154870661170202872e-01,6.385725878044099524e-01,7.853860118388136247e-01,9.752007459138470891e-01,6.272314536760804637e-01,7.550552043517085865e-01,4.959834409247181330e-01,7.544374286154142961e-01,-2.922724950459374416e-01,5.001510508255903042e-01,6.404543920758778430e-01,7.627329089063241696e-01,6.907122409348006586e-01,8.128116936470960452e-01,2.666243644766588816e-01,4.435459873369101413e-01,7.853132039504665540e-01,6.706399395485567183e-01,6.280584003631309864e-01,2.320794626784850323e-01,7.891461478190082701e-01,6.036979195982451474e-01,8.041879181312648894e-01,4.773760366352562401e-01,2.789757002079275017e-01,7.640504020283283015e-01,5.447416538374031392e-01,8.020698694725760802e-01,6.296645446362530985e-01,8.781521831380172394e-01,9.409213454522031839e-01
9.563765314955267050e-01,8.614522712993315512e-01,9.903177163047720555e-01,6.377960304260994473e-01,7.339991008435124975e-01,9.757292002454617252e-01,9.794543425635734435e-01,8.724278280945549913e-01,7.022657100680735898e-01,6.106162798202050546e-01,7.584106479013730251e-01,8.071533831263528747e-01,7.697633494735226511e-01,5.216217144784719428e-01,5.054220459248547348e-01,7.442734637738119829e-01,0.000000000000000000e+00,7.681311005227412503e-01,9.421393889565421453e-01,4.135399393657957501e-01,6.331550955469233966e-01,7.348786541078763390e-01,3.976865613267492883e-01,9.746471456682895829e-01,4.039680412434659695e-01,9.730465606827363167e-01,1.772531052909342986e-01,5.472660308238861404e-01,5.918910947636784048e-01,7.724299114729276106e-01,4.169979750119461870e-01,6.249801256210484324e-01,6.838664109432432969e-01,4.553522169648565598e-01,7.048104450623811079e-01,8.244196842019054783e-01,2.805139325924653759e-01,6.500571630434247572e-01,6.547344262189738195e-01,8.393760772289183825e-01,1.958085649511268345e-01,8.869037297919699636e-01,9.972129761491355104e-01,8.950137105289224237e-01,8.054953950685407316e-01,8.605683109209520953e-01,4.154348155851655955e-01,9.910482379394797148e-01,6.285763848032254186e-01,8.555702519693552111e-01,6.383000438621002637e-01,9.742500066645733980e-01,9.008222840445243573e-01,7.012372505363029251e-01,9.514060518873894701e-01,5.386020871257471976e-01,6.410427920845985783e-01,7.099922715959359198e-01,5.336088825511680067e-01,5.974881396906791542e-01,4.013060608295782039e-01,9.035953578606175096e-01,7.457836655046029550e-01,4.500355706244291154e-01,6.057932238069941855e-01,4.512971846373373119e-01,7.117688455638299105e-01,7.071044557355637972e-01,6.337403477375551653e-01,8.373778965963952770e-01,-9.912225344868436094e-02,9.538762289838221831e-01,8.278659792429317321e-02,4.296003245343437693e-01,9.882726452986798638e-01,6.480615340824414927e-01,6.038097817876427742e-01,8.317954448064054374e-01,7.846136444119440334e-01,2.117133518667308756e-01,8.035114648145298410e-01,5.607666968330640156e-01,6.425414793570217720e-01,7.878618498832035133e-01,9.061450927242535869e-01
7.352461544146784433e-01,8.379629647212799570e-01,5.955613782793278688e-01,8.577345516596079911e-01,7.620052523298845859e-01,9.711065212201304142e-01,7.050271129033991446e-01,6.026598879032522005e-01,7.334778875862155711e-01,1.384756044042580736e-01,7.097341372241855462e-01,6.352956313186779447e-01,5.910820317476281893e-01,6.671045805090025649e-01,5.122230810525688627e-01,2.050021770511857855e-01,7.681311005227412503e-01,0.000000000000000000e+00,8.358956461224875678e-01,9.303349756835219697e-01,8.805881477787051992e-01,2.947670351524669385e-01,7.158091256002339087e-01,4.928956886623134803e-01,2.764604231403510748e-01,9.554759501526495225e-01,6.449523293921516354e-01,6.327944738606579023e-01,5.536497583944357537e-01,2.003920165388642372e-01,-7.470976296503331615e-02,4.444231993702150718e-01,6.280466979434106145e-01,7.507873876352784137e-01,8.868977579248669141e-01,4.374969920339447094e-01,4.962306602441337589e-01,5.724004994075446717e-01,7.012968940226174119e-01,2.868128318735297944e-01,7.508485361455954354e-01,4.993412798001090058e-01,8.119185312729447490e-02,4.269533589505592475e-01,7.805336697944424973e-01,9.180431375532206451e-01,4.302578116678955622e-01,9.669039289649919988e-01,6.315298243541317413e-01,4.066681328834466647e-01,1.785761561179926085e-02,7.072705466588188328e-01,7.485854939756693138e-01,7.591834176504147491e-01,4.352976148020865077e-01,3.729434625234888667e-01,6.789474984256915757e-01,4.670301153900874302e-01,8.718106378320837901e-01,4.556447588561615691e-01,3.859011717939506703e-01,5.309513267871432962e-01,4.204117763708994371e-01,8.858170140440146945e-01,6.250362193483776085e-01,6.959374995661408159e-01,7.095532267591789788e-01,8.495392414946056903e-01,7.247574309000905934e-01,9.363647071629082053e-01,8.839490704940192733e-01,7.061926327886540733e-01,4.235117097663635977e-01,4.718304202299503647e-01,7.875598447563235682e-01,6.285465008249740970e-01,8.624307685668088919e-01,9.884784124372778535e-01,6.537940290646045982e-01,4.656949095788980725e-02,7.101361626267527205e-01,8.433291517098643331e-01,9.701270044539518356e-01,8.993916405024515726e-01,6.243007227523771352e-01
