0.000000000000000000e+00,8.976972231604837260e-01,8.876778750191733902e-01,9.275875376380323667e-01,8.267865904166410429e-01,6.851754851827577264e-01,9.700564432581189056e-01,9.017489717555342565e-01,9.266056156649502551e-01,8.199750758106877369e-01,9.683888255343915397e-01,9.778769376900623422e-01,8.837922627209239268e-01,8.148520543742715505e-01,4.890696690584937500e-01,3.626140139640030569e-01,2.321606782127399460e-01,9.505691380572175442e-01,8.561647248839824309e-01,9.823021740228844445e-01,6.710586313836335304e-01,7.614449937698841708e-01,9.463949208989425044e-01,8.872364757386783651e-01,4.972274657246535945e-01,8.685219024767482088e-01,7.891161551416137065e-01,8.230663942163912727e-01,5.830725552500921616e-01,7.648880644741242740e-01,3.248513917498129233e-01,9.955425548866987384e-01,9.519646970561449484e-01,6.604333760329846870e-01,7.937673897361088304e-01,4.726586301996403283e-01,4.833513647555815473e-01,8.330980826935402428e-01,7.993285077063192468e-01,7.494398234939487757e-01,-2.830973543229534650e-01,5.724517496349299517e-01,6.405571973262894625e-01,9.549422213265206238e-01,8.882141326349916044e-01,8.186471620276125627e-01,6.921793238597536702e-01,9.899567996416696047e-01,8.122904207270583710e-01,8.223577063302416335e-01,6.760040119581340878e-01,9.171178228628668050e-01,9.867425912219103257e-01,6.277707747812306671e-01,8.229724120214396699e-01,9.961998431692118405e-01,8.077312121513922083e-01,7.238987085099333196e-01,5.242665102199208782e-01,7.246198856231986785e-01,7.136061120016543580e-01,5.180625597463406340e-01,8.257878710426469482e-01,7.480650565346276260e-01,8.949099936373113851e-01,9.478029633172198043e-01,8.463582540259171338e-01,9.635989795662041058e-01,8.866383837521056854e-01,6.583658885254664028e-01,4.821210647933217852e-01,7.717364399066530822e-01,5.953295972232637290e-01,4.910765617504292968e-01,6.910925218033965312e-01,9.788342234734489500e-01,7.879211817663156481e-01,6.783800133431292512e-01,7.378206132619375968e-01,2.520280906198235082e-01,5.013327137721793614e-01,9.247882642904248218e-01,8.404514100599915771e-01,9.232993711554349225e-01,6.607411859576469704e-01
8.976972231604837260e-01,0.000000000000000000e+00,9.558011758615077014e-01,6.976070543307767435e-01,6.337641514485161665e-01,8.517642343346280009e-01,7.549415185165673225e-01,4.381940930525562439e-01,3.677121270403512221e-01,4.072624528155638357e-01,6.341770412532785617e-01,4.106224479276969208e-01,4.671081260815345693e-01,8.679054993641519555e-01,4.326854154954601905e-01,5.772804827342064016e-01,8.582350758013510550e-01,4.748560778474343325e-01,8.456522678141141780e-01,6.663518270349042538e-01,9.930089898939743476e-01,5.941043795522396587e-02,8.033666666196481732e-01,6.388291063705983097e-01,5.253335718757904393e-01,3.141080518826758206e-01,3.762870041775615571e-01,8.109664265993208332e-01,4.426330611129343784e-01,4.847910358599262226e-01,1.571589954597305550e-01,5.677231835609446442e-01,7.978414356215328684e-01,8.336722586073574970e-01,4.449451251045100642e-01,4.611201194699904304e-01,-1.120160692249843049e-01,3.053874767953978497e-01,8.656857349720825656e-01,6.995173702200285781e-01,4.725120595399419088e-01,7.735527622716905638e-01,9.619805798160259158e-01,9.081751967310085494e-01,8.849303681903774033e-01,6.179028678408799991e-01,3.838199680350647403e-01,5.281197986471958261e-01,7.427354136099931781e-01,4.692422597775747217e-01,9.433452273776159469e-01,8.937242237672197165e-01,9.241095414599554969e-01,6.826898261694637204e-01,7.097685935638973209e-01,4.594954447750138615e-01,6.688857763809521462e-01,8.749254491826002900e-01,9.870425099658326484e-01,5.528557782642096186e-01,4.681969892880673001e-01,7.989886171306039842e-01,6.289948125937180334e-01,9.568906506759403685e-01,6.669103839395587041e-01,9.043287198081402245e-01,8.408484976454679849e-01,8.390052645575756252e-01,3.127352714449596061e-01,7.828343464506729577e-01,9.049078616560598531e-01,6.213022602782471981e-01,7.264449454987839117e-01,6.348127607680096318e-01,6.508589162325906230e-01,9.429712528339371236e-01,6.045611990822722381e-01,7.107171302802938184e-01,7.883209256726662062e-01,5.357619803109208156e-01,6.960025434993812876e-01,5.278317649676935730e-01,6.767779847598232035e-01,3.208473792862475138e-01,7.281778055577450282e-01
8.876778750191733902e-01,9.558011758615077014e-01,0.000000000000000000e+00,6.572344073960280086e-01,8.667495277582251134e-01,9.630703352961907937e-01,6.532338888349603634e-01,8.403473315720868531e-01,8.571170508873969807e-01,8.036172742775397060e-01,9.570531591441397978e-01,3.466258994367504842e-01,6.717210508703532756e-01,5.058956292773508778e-01,6.951774370225195510e-01,9.331199473584581572e-01,7.922677591508386907e-01,8.514787163966616168e-01,6.394684931060562461e-01,8.601602726171145852e-01,8.171358026947969089e-01,8.608506490485041684e-01,4.770515868831599615e-01,7.225263272919038027e-01,9.720123502481157196e-01,9.129004170146435282e-01,8.498713096318850635e-01,9.637191779667704239e-01,9.698680208992815910e-01,3.688855243415866125e-01,4.998523152523755564e-01,9.786308026294441298e-01,9.155565099376232752e-01,8.291635614802067566e-01,8.867510334688628593e-01,5.438394886772019987e-01,5.200522830829351628e-01,7.888790725888512601e-01,6.711934532313277302e-01,6.618527873095338965e-01,2.442459890108991671e-01,9.730122296779828428e-01,8.878508518311949427e-01,6.434784543142066937e-01,7.475787023520112928e-01,5.910430744902203104e-01,9.289708959255760234e-01,8.824543492526154553e-01,9.356861492638000044e-01,8.604898701221659341e-01,7.006051145031461092e-01,9.588206938976536753e-01,8.765394285351790771e-01,8.351299190992866883e-01,9.907201891017585194e-01,6.865744501025308200e-01,4.608842310603343262e-01,8.632113056666346207e-01,4.568090726641761967e-01,5.160878419081145196e-01,6.102662914574453756e-01,9.041630453064192219e-01,6.709015109687432865e-01,9.373551691929409291e-01,9.201766317920783145e-01,7.892196126259846123e-01,8.897262868485991127e-01,9.922089808247097631e-01,8.021083872547363214e-01,8.005769096149609743e-01,8.042411752506493094e-01,5.044099214447606006e-01,7.106989740959295254e-01,5.214421363317557345e-01,4.631292901107050275e-01,9.985725757068936170e-01,6.361294341909057293e-01,6.800816684220892805e-01,6.905196897709500181e-01,4.810906396037787358e-01,9.581899507489828327e-01,2.407151909678301172e-01,6.865584231153302186e-01,6.601770569405762679e-01,6.192811538680988992e-01
9.275875376380323667e-01,6.976070543307767435e-01,6.572344073960280086e-01,0.000000000000000000e+00,6.864290503863419435e-01,9.518536331038565113e-01,5.301495894046041046e-01,5.518891156984385704e-01,4.103952683323360273e-01,8.111257374539999621e-01,6.270746774264510659e-01,7.691551861339127605e-01,6.245377054527355698e-01,6.216558171678309153e-01,9.344235023141802543e-01,6.773874316538258666e-01,4.442603747968268402e-01,2.207254876999739379e-01,5.868412961536170203e-01,7.275926024672958459e-01,6.109560373474122175e-01,6.376659281310373961e-01,9.241507482535855633e-01,8.616491972880869765e-01,7.561691299240492770e-01,3.640575540216038353e-01,9.537925457213453084e-01,8.134806737399551402e-01,3.292760291525355099e-01,5.522678872273407702e-01,-3.723460006267387268e-02,7.688093222866422272e-01,9.275752666522326662e-01,9.411831357495050732e-01,9.302573629393062760e-01,2.548464414388202925e-01,4.288300781724712074e-01,4.612349164287942727e-01,4.779488437983371307e-01,7.599245006607560082e-01,8.738346472659053177e-01,7.764176760434412516e-01,7.737913969723866359e-01,8.209052622061036031e-01,7.305179341494745238e-01,6.252030043114421565e-01,8.799038066992120877e-01,6.477758334890386660e-01,3.903735276079792205e-02,8.032658005750885621e-01,6.159190240312205633e-01,6.089248598342335006e-01,5.054770666488279662e-01,6.680049973453165979e-01,9.603854734728257680e-01,7.985102922526707836e-01,6.217648765757733953e-01,8.239639752576172205e-01,5.717088181683908088e-01,1.105302876237176657e-01,5.758918890900290855e-01,7.968605595637774375e-01,8.156075154979982589e-01,8.912991829303614777e-01,7.580215096744007397e-01,7.716451487961424327e-01,4.730201397754929538e-01,6.005001953513202650e-01,4.599593295772018697e-01,2.296529145249781023e-01,7.088016935927106132e-01,9.636353029658201175e-01,3.267632046246548017e-01,7.186556409574047510e-01,5.411122959203918947e-01,9.884773026904838389e-01,9.338974179726283742e-01,4.424865958195515203e-01,3.409876649901533163e-01,-1.556232255627079397e-01,7.666464876762411063e-01,7.164389766119291236e-01,8.736306746354450814e-01,6.574364436694972724e-01,9.475611836665788212e-01
8.267865904166410429e-01,6.337641514485161665e-01,8.667495277582251134e-01,6.864290503863419435e-01,0.000000000000000000e+00,6.644234834982973847e-01,6.633696417856491667e-01,4.511433097659890423e-01,4.173933171427908206e-01,5.806991817118769550e-01,9.851687705333684875e-01,7.079847336203163310e-01,9.877881543079971571e-01,5.644188630410933438e-01,8.386115090197385769e-01,7.966212826689402782e-01,8.949459807032272840e-01,3.711894259404197038e-01,9.161341318825626523e-01,9.504779069690835192e-01,9.602269400299818791e-01,3.508644757437703876e-01,8.521772963316337490e-01,3.014961110303290281e-01,7.775815418344665941e-01,8.922528000387692781e-01,9.110927835406330555e-01,7.865761045992312184e-01,5.771378222732582719e-01,2.656045186444706552e-01,1.980696411957899583e-01,9.279438359172460515e-01,4.327095621488430410e-01,8.505293734838763609e-01,5.078665373093741442e-01,4.411874377149324067e-01,3.999913218399024917e-01,7.497248668185030329e-01,7.286512927531705319e-01,6.366238336511215179e-01,4.707849996286824767e-01,7.438046680377770059e-01,4.334757993537887710e-01,6.729942768466894432e-01,8.110289102712081588e-01,7.056926962957507099e-01,9.242240711224514182e-01,6.482014653259383641e-01,9.307416709215368122e-01,5.866781600581949530e-01,9.145390708884283404e-01,9.854004601153042442e-01,6.871971918484431896e-01,5.162070906745418464e-01,8.292296630096611665e-01,7.871967662696032209e-01,5.572558315648974414e-01,8.770708830977477222e-01,6.451204462795674388e-01,7.213459602454108666e-01,5.121444289926814220e-01,7.216966179043755591e-01,8.772137180999352024e-01,8.284908005464081127e-01,7.609848271927569519e-01,5.366739108563196581e-01,5.291827238312478698e-01,9.233561798961008593e-01,5.207314675376448765e-01,6.878408644448246179e-01,7.911087186249896597e-01,7.855277029452626403e-01,7.987285348028470011e-01,3.124660638717715044e-01,7.535605021244704549e-01,3.043436537405790898e-01,7.908184927652449625e-01,7.858195122282305434e-01,7.804789682184172239e-01,2.998730172344875600e-01,1.779559726300873890e-01,6.331971639497465665e-01,8.993663157773834627e-01,3.614367017201957077e-01,7.171614039331227763e-01
6.851754851827577264e-01,8.517642343346280009e-01,9.630703352961907937e-01,9.518536331038565113e-01,6.644234834982973847e-01,0.000000000000000000e+00,8.523270643490445941e-01,9.482037490049098905e-01,9.108098513230634685e-01,7.000445757923412504e-01,3.536107926202013418e-01,4.557596025558293684e-01,7.358917429556888212e-01,4.368814499532612250e-01,6.387608525644884461e-01,2.690335066764465433e-01,6.577403977005349400e-01,6.587962577708414980e-01,7.059871739929894918e-01,6.177057119954664222e-01,9.289101047973742364e-01,7.168707336919958317e-01,6.375516842377151328e-01,7.181571336543106643e-01,7.315382066731095367e-01,8.807703242576663261e-01,7.240419974826934890e-01,8.498581419796942260e-01,8.036092170949605817e-01,3.762531831260487736e-01,5.342543217744820661e-01,3.787042172709666477e-01,5.944852748599233072e-01,6.301504913386802853e-01,5.173706061188771965e-01,5.119893153229115867e-01,1.634357753777466726e-01,6.934009969557352049e-01,8.494850017429750322e-01,8.069058837781969418e-01,7.072561753501868109e-01,7.968052756851524698e-01,3.206667423350768042e-01,6.849915686641647738e-01,8.598882944927999095e-01,2.928802953313710544e-01,4.332435187653675968e-01,8.326101035791872995e-01,2.481199606274129832e-01,7.773022093888005690e-01,8.353972306779832158e-01,8.658323115257500202e-01,3.511858818658890602e-01,9.454381133294242900e-01,9.090864092996158163e-01,9.562052974121224569e-01,7.318292865973102801e-01,4.453833306254771363e-01,6.028981767280946480e-01,5.134100380690796994e-01,7.746221611306723931e-01,6.636360843244815122e-01,2.517701309591731107e-01,9.608383712445195401e-01,9.452750397109345171e-01,2.574109139580804673e-01,9.743014109490510943e-01,6.415355653444365647e-01,6.241291260136037078e-01,6.433184239791480685e-01,6.205137201136431413e-01,7.218909249964501340e-01,2.554609819839113172e-01,1.488569914021304619e-01,4.077989310427702074e-01,5.257971204663711706e-01,9.282986681281242269e-01,4.441038436089098096e-01,6.485320467841506620e-01,2.032914163886591907e-01,6.384523942305349031e-01,7.830741348053299467e-01,6.872204772651477889e-01,5.442312929175924241e-01,9.381035802183603778e-01
9.700564432581189056e-01,7.549415185165673225e-01,6.532338888349603634e-01,5.301495894046041046e-01,6.633696417856491667e-01,8.523270643490445941e-01,0.000000000000000000e+00,2.058534474932808556e-01,7.870600337746792574e-01,5.312723721005619959e-01,7.092617393570698203e-01,4.359008464770649516e-01,6.528581290220084599e-01,2.522446148237668662e-01,4.484259956086844023e-01,6.019807115064760294e-01,7.079179949485856493e-01,2.762892972291524085e-01,5.349936065942766383e-01,6.487062200710447257e-01,9.834182639208379761e-01,6.404123837384410045e-01,4.519195008889226872e-01,8.296048429598474883e-01,4.317673674570747244e-01,4.964702220789501963e-01,5.707344655774932995e-01,5.179676769956639282e-01,4.089432515032406790e-01,4.935524693594635637e-01,5.978289743833449243e-01,3.239575195254719153e-01,4.182827772005440203e-01,4.253451823233020401e-01,4.166382637400721789e-01,4.563592896512587704e-01,9.058459680611022358e-02,7.907328666280787066e-02,8.645605938646592215e-01,6.158728078751104507e-01,4.344074730115385363e-01,5.167595666119277897e-01,8.359232032367576171e-01,6.442762732926583524e-01,8.183627574539200644e-01,2.760708922833202128e-01,9.413018342598523658e-01,5.008798011865289723e-01,3.011908643863141499e-01,5.258536334191754591e-01,4.313099924846237054e-01,6.791531252029938681e-01,6.095850779189302404e-01,9.966474007274123137e-02,6.160005524107154962e-01,6.440843342354826140e-01,2.352338125856161533e-01,4.512155056736990022e-01,7.089355348586496852e-01,4.766389682124307359e-01,6.722431135118588363e-01,4.766178475436821937e-01,2.409248247830880207e-01,5.309188578888521803e-01,2.860278460675960144e-01,2.087007568302652882e-01,8.744800684805988933e-01,9.667459581544639580e-01,3.255912249512659118e-01,7.851642737515722725e-01,5.627636156994242356e-01,4.215980436427867462e-01,6.876930090225061853e-01,2.193788628635528482e-01,-7.716831812364421950e-02,4.244912443232120580e-01,4.059775555165148209e-01,5.898703001290487302e-01,5.217709693440397700e-01,1.857693947662304723e-01,6.750854123682263896e-01,6.054782104076967819e-01,6.871086497831671025e-01,5.168841428584615150e-01,3.837679006435638085e-01
9.017489717555342565e-01,4.381940930525562439e-01,8.403473315720868531e-01,5.518891156984385704e-01,4.511433097659890423e-01,9.482037490049098905e-01,2.058534474932808556e-01,0.000000000000000000e+00,4.555413156325071600e-01,9.808081348091415297e-01,4.174612183699540346e-01,6.338562660974156326e-01,4.551405326204043256e-01,9.738963014799695284e-01,2.980159885513606333e-01,6.805573545442171746e-01,6.061461985442604394e-01,-3.820904750578373310e-01,8.212010276494078331e-01,3.661609959585201413e-01,8.881874257080025759e-01,3.985180461619417525e-01,6.044486361207020986e-01,4.791089403167260730e-01,4.049106412861372406e-01,5.049030085803215551e-01,4.490241429539470475e-01,5.899072338743999167e-01,9.550490205551135370e-01,5.336476028490372281e-01,3.348776202492173004e-01,-1.504736055550906504e-01,5.697256295353054778e-01,8.680606304041341148e-02,8.606780553248966070e-02,5.313404669639404387e-01,4.110682047945600770e-01,6.893633051838301551e-01,8.027165325110625638e-01,4.947239505623433065e-01,7.557781543733985696e-01,4.475800840948803150e-01,7.899350208489478442e-01,7.222214160141319228e-01,5.624688240579825971e-01,5.330810454190272329e-01,3.021896976434692572e-01,3.535558272017406134e-01,8.717128653087889978e-01,8.514081440138121515e-01,2.950960639372069982e-01,2.650561694112323896e-01,5.360921623460829233e-01,3.600219855795246393e-01,7.919362231097908378e-01,9.225719298766048571e-01,6.500615448850043387e-01,8.903293209152649546e-01,9.354086972066657513e-01,4.424063283019146753e-01,4.323040400652912729e-01,7.591986622077873115e-01,5.158096781048089330e-01,8.849451596552061483e-01,7.712699471638155835e-01,4.345928357964397026e-01,5.314811440442492874e-01,9.635158256531191068e-01,9.329810275101181327e-01,7.244784772506510651e-01,6.429074714734120954e-01,8.932035230765387190e-01,7.410362808879502605e-01,3.936820941014295694e-01,9.785456679315751582e-01,7.797114394606966536e-01,2.463337780007540112e-01,4.897892470592123404e-01,5.451873164463055810e-01,5.232903805024269328e-01,7.054011068419118180e-01,6.296110562355832219e-01,4.976692498981405977e-01,5.425651410886986881e-01,7.170478875205037461e-01
9.266056156649502551e-01,3.677121270403512221e-01,8.571170508873969807e-01,4.103952683323360273e-01,4.173933171427908206e-01,9.108098513230634685e-01,7.870600337746792574e-01,4.555413156325071600e-01,0.000000000000000000e+00,5.006868153629221441e-01,6.791079670085449216e-01,4.904739458433556853e-01,7.366939017399671830e-01,9.871886688484418082e-01,2.132943264729089961e-01,7.884772932468036011e-01,7.806115739639780671e-01,6.481178902825852628e-01,5.162338108673228954e-01,8.815420177357752296e-01,9.068269627474647709e-01,5.682628711332946558e-01,3.206542905801356702e-01,7.737791270744144301e-01,-7.444328012864517841e-02,9.483567689523358935e-01,3.850894999000420427e-01,1.020906358515877299e-01,1.001387221173218878e-01,7.140336644147484702e-01,3.224881004362240011e-01,6.410361004765671167e-01,5.668065082440967295e-01,6.882368384203284561e-01,7.957360488026030687e-01,2.852131743505636474e-01,5.858123950563092208e-01,2.260789426709140792e-01,9.330884492829524257e-01,6.602812383291370990e-01,6.626467578447582385e-01,7.191385050447183236e-01,9.893808580874465797e-01,6.179644045068523051e-01,8.649988836503298417e-01,6.170596234620631115e-01,3.155940933207728172e-01,6.698936718918966360e-01,6.359645639514098781e-01,6.135904208614478827e-01,5.503725069247011881e-01,9.506146207665484571e-01,6.658948966126242430e-01,7.231869684731410119e-01,9.258236985100427585e-01,8.340488130862983018e-01,2.980911393871944481e-01,6.710738298626652831e-01,1.091110251781899354e-01,-1.300471848107580541e-01,4.834814363112028834e-01,7.649363524702932349e-01,7.286670921920652688e-01,9.656451953271055766e-01,3.732399456879023081e-01,5.668024657023766899e-01,9.821181263688375518e-01,8.371562658526096046e-01,6.776018218969257489e-01,6.045202539819602983e-01,8.876420413142532828e-01,6.592471850871721717e-01,5.064459344269929553e-02,2.466014237380358964e-01,6.900481166163846547e-01,7.776445922736130445e-01,8.879532934988150217e-01,4.091534637229316540e-01,4.517713792924210603e-01,4.349761548256196875e-01,4.275505435717174563e-01,8.539853964155689203e-01,5.200116825195097991e-01,8.104542286262147455e-01,6.665564704976514321e-01
8.199750758106877369e-01,4.072624528155638357e-01,8.036172742775397060e-01,8.111257374539999621e-01,5.806991817118769550e-01,7.000445757923412504e-01,5.312723721005619959e-01,9.808081348091415297e-01,5.006868153629221441e-01,0.000000000000000000e+00,6.233722199659078589e-01,7.153911414139311198e-01,8.878507505556925139e-01,8.221040176789994325e-01,8.158482687789980758e-01,6.082263132416499962e-01,7.601101134588621466e-01,5.923773995948533599e-01,6.173648397016697764e-01,5.313317156448436052e-01,8.235255613875915870e-01,7.626491068136874718e-01,6.322529071630667019e-01,4.154477339300182703e-01,4.651173720737285522e-01,8.401012962598904954e-01,9.515784053910044671e-01,2.540545779016437633e-01,7.437991443315925544e-01,2.960710658213105972e-01,5.042324812865638384e-01,7.337731089804967466e-01,8.035948130534508183e-01,7.929052533762019905e-01,8.988474324609787569e-01,6.955608401953670139e-01,2.083337043913692788e-01,5.531449474256353582e-01,7.561985198638896399e-01,7.376911391093785575e-01,2.464417823105545247e-01,3.460938010180056867e-01,8.939728650311303815e-01,9.494282141963252819e-01,5.337340282935025826e-01,7.935026304962035093e-01,6.049167115595933675e-01,5.687167677383920816e-01,7.114728567718020535e-01,5.794722379415127023e-01,9.542581797655438347e-01,9.360363204420686367e-01,9.649039728345660816e-01,6.566323785741027264e-01,8.519386289805331858e-01,6.174215455329821189e-01,9.551350990194023005e-01,6.993174582913541659e-01,7.224674989518290458e-01,4.312237795264236562e-01,6.533826645471845218e-01,5.582644675676314838e-01,7.199982116731172832e-01,9.872322908882286141e-01,6.856539130296543938e-01,7.747124840359085329e-01,6.693919111856462267e-01,9.482844017893927724e-01,5.742367631508338288e-02,5.353283845232956750e-01,6.772080593986614661e-01,7.669336094211276489e-01,2.170881088534327430e-01,5.433266823058030548e-01,8.808704853744471208e-01,7.078820399884242498e-01,7.666117630978905861e-01,7.822813070565188820e-01,2.968939788453536788e-01,-1.404092563579577013e-01,5.921195709718156674e-01,9.520099809167559268e-01,2.642040409079568497e-01,7.789792125124649358e-01,7.228082935517072816e-01
9.683888255343915397e-01,6.341770412532785617e-01,9.570531591441397978e-01,6.270746774264510659e-01,9.851687705333684875e-01,3.536107926202013418e-01,7.092617393570698203e-01,4.174612183699540346e-01,6.791079670085449216e-01,6.233722199659078589e-01,0.000000000000000000e+00,6.216458831417251973e-01,7.230560222857318475e-01,7.932777942325275333e-01,9.076038414653837538e-01,4.943079838692054917e-01,8.339072202447125326e-01,9.752610518090071290e-01,8.907388863479939189e-01,2.443718397384872509e-01,2.150457482131564457e-01,9.522686030373861410e-01,9.857702840820556922e-01,5.780756275911370645e-01,5.517059085290307863e-01,2.285037564381111330e-01,5.762762242736041429e-01,7.157612344389939762e-01,4.058959181628665758e-01,1.579356372036162803e-01,1.277843478514561759e-01,7.607800709512309023e-01,9.140661503788625186e-01,9.576578916828124566e-01,9.971907461853728449e-01,2.504469512964822009e-01,8.572462982995832093e-01,6.156058520415585988e-01,6.665299530807291539e-01,8.754454981292547622e-01,9.042669080228405987e-01,9.046043520154253281e-01,5.542300588189810195e-01,7.037673739058321054e-01,7.383032236229897238e-01,8.556833040262401546e-01,9.898880971084935698e-01,2.851998694459628725e-01,4.758583230540781583e-01,4.305653543931344807e-01,2.904664337292407472e-01,8.931432169105689711e-01,8.431055751113596397e-01,5.783485315973443397e-01,7.379740350303132246e-01,9.169675457586913270e-01,4.427105161628114849e-01,2.468157250525363222e-01,8.119297549901371980e-01,4.991366195844683662e-01,3.173883726061562105e-01,6.277666582521147509e-01,7.016825360872284145e-01,6.438445712457518955e-01,5.153029759990063186e-01,5.906195740776074565e-01,6.010550697057326364e-01,8.925726099946217351e-01,8.250507363928007987e-01,9.149520281073502126e-01,6.503089393723411327e-01,2.947696416638813655e-01,7.959075997902039790e-01,2.777431821092152253e-01,3.778418370031457751e-01,8.997194746731361770e-01,8.954289015286401865e-01,5.608349897699900222e-01,6.336696467105554786e-01,1.352004644598644445e-01,3.563994473454697443e-01,9.201029782197958085e-01,6.258623733837364034e-01,2.123345373703944272e-01,7.835001120652396178e-01
9.778769376900623422e-01,4.106224479276969208e-01,3.466258994367504842e-01,7.691551861339127605e-01,7.079847336203163310e-01,4.557596025558293684e-01,4.359008464770649516e-01,6.338562660974156326e-01,4.904739458433556853e-01,7.153911414139311198e-01,6.216458831417251973e-01,0.000000000000000000e+00,6.012782934489138142e-01,7.507123689047940918e-01,5.758178206685018452e-01,8.351000307544927947e-01,6.751731911343898940e-01,7.412738461349352992e-01,2.836497468441603331e-01,9.674721792961772371e-01,6.718567417288147103e-01,6.333395333763351953e-01,7.114284268804309530e-01,9.272474728454264126e-01,6.830444419164137804e-01,6.717801457256125097e-01,9.119865986309755312e-01,2.287171779177011310e-01,7.530064535028294648e-01,4.375569940965504806e-02,9.866460468739766954e-02,3.889042164187657691e-01,7.403810486058590712e-01,8.092466230446050401e-01,7.240641903569313698e-01,4.253811544926377475e-01,3.829684102540968915e-01,6.051707790446213542e-01,6.045651919768607607e-01,5.644667787391774993e-01,4.748027498613082154e-01,6.539231086507282242e-01,9.152525266282115490e-01,6.173044568331399473e-01,9.734028804224483800e-01,8.825978259636370060e-01,8.134283185293982310e-01,9.802911989721887487e-01,4.671885719650082369e-01,1.648039899452484747e-01,7.175828226733670379e-01,7.097265498619003132e-01,3.749908465826996551e-01,6.677389176038361907e-01,8.470773508533918639e-01,6.953865279669686483e-01,7.991472357559185058e-01,9.795654126376260873e-01,7.659847688305498892e-01,5.274401951813318945e-01,2.384067900074404445e-01,6.693597719936947854e-01,8.820732629888975440e-01,4.103385310872405267e-02,9.801433844377140936e-01,7.636219248304201290e-01,9.054649365489657598e-01,4.118106001243084791e-01,2.513339259374662849e-01,2.406022728275181988e-01,8.478067512813142192e-01,4.354842999289681993e-01,4.695145024506986453e-01,6.791989304780950976e-01,3.783526100350060872e-01,9.118382452793115656e-01,7.565721629089799949e-01,4.442664777018952571e-01,4.151052438604131978e-01,4.481737958662735388e-01,5.317577302627131131e-01,7.695961408095358669e-01,6.822712537102402219e-01,6.060634005775569211e-01,2.169913667575438243e-01
8.837922627209239268e-01,4.671081260815345693e-01,6.717210508703532756e-01,6.245377054527355698e-01,9.877881543079971571e-01,7.358917429556888212e-01,6.528581290220084599e-01,4.551405326204043256e-01,7.366939017399671830e-01,8.878507505556925139e-01,7.230560222857318475e-01,6.012782934489138142e-01,0.000000000000000000e+00,8.814799800756664139e-01,7.061377387735916500e-01,9.578122594652189736e-01,9.972223340122507995e-01,8.032513077300093007e-01,8.258491497820886762e-01,8.569010014738203118e-01,7.413902892379320431e-01,5.303658099726392683e-01,6.787545164606734183e-01,4.020554761978339386e-01,9.024839454226173396e-01,7.440893458562453100e-01,6.583463231475005228e-01,8.486861857919041352e-01,3.045542189754018025e-01,2.850588051271708001e-01,1.107926754226016136e-01,9.440879870111402727e-01,8.902115727645910637e-01,8.304503706963530796e-01,6.419763559560328625e-01,8.222282372806588580e-01,7.110559936202639486e-01,7.436547627235990943e-01,8.650108534900483592e-01,4.867125557856161744e-01,5.389041951353215065e-01,2.423642617844022351e-01,8.171331558760245306e-01,7.498176311925959237e-01,4.572664480767063000e-01,8.531588913940311159e-01,8.148969328625250697e-01,4.898811019602792860e-01,8.481862346757850224e-01,3.668508611458656116e-02,7.426425417251919514e-01,9.289546028657833521e-01,8.559576857385378101e-01,8.311712795006215293e-01,6.715073985204799145e-01,9.898703092273152260e-01,4.473161219738360228e-01,9.423543725199483578e-01,7.476886597252283551e-01,7.728582202555634995e-01,4.748592714056759645e-01,6.205163583303298092e-01,5.391532477027524140e-01,6.478618155329538553e-01,7.528737366250125573e-01,7.216288608597803966e-01,9.643090537936178652e-01,6.013471132392461671e-01,6.955983603579806163e-01,8.600884422462080625e-01,8.876664616993829027e-01,8.388545879248306969e-01,5.438353227069612217e-01,1.324913201181173450e-01,3.658174193018184361e-01,8.298183923129135442e-01,9.716468225101313472e-01,9.714237610610686469e-01,1.715614457703944565e-02,4.857878816582911208e-01,2.535204368243439976e-01,5.955515881003565770e-01,7.957959150856008801e-01,6.344384036610686284e-01,7.123397125422642473e-01
8.148520543742715505e-01,8.679054993641519555e-01,5.058956292773508778e-01,6.216558171678309153e-01,5.644188630410933438e-01,4.368814499532612250e-01,2.522446148237668662e-01,9.738963014799695284e-01,9.871886688484418082e-01,8.221040176789994325e-01,7.932777942325275333e-01,7.507123689047940918e-01,8.814799800756664139e-01,0.000000000000000000e+00,6.831431624377584111e-01,6.969278625513030123e-01,7.027395886375297218e-01,5.389683189821392606e-01,8.362891994264747275e-01,9.318769519580030192e-01,5.527994930031580045e-01,8.993066254486123956e-01,1.028795793384988527e-01,7.216000812122111974e-01,6.062196448447403352e-01,9.425959308219070687e-01,6.944749878582968661e-01,9.197382696319005291e-01,7.525209673076702632e-01,5.887523427980513313e-01,4.283157110150375146e-01,6.214975248111067607e-01,9.765316508652939209e-01,7.914487539051320297e-01,7.495716030735968261e-01,7.025701354466158399e-01,3.532000012294630453e-01,8.431683275038367453e-01,9.066147625703008250e-01,6.814326765767168004e-01,5.604909909859623340e-01,8.706352747280043936e-01,6.259847342620502575e-01,6.982654717281310264e-01,7.283608049294540976e-01,5.056442493642494540e-01,9.611797086241535837e-01,9.867890291900264232e-01,2.840401899089541327e-01,4.666229350027502609e-01,7.138931944110415984e-01,5.188838740170724773e-01,7.718085678247086356e-01,5.081395520346732031e-01,9.684596699393956953e-01,4.152933080177114711e-01,7.797149156485383426e-01,5.830736710857853389e-01,7.473263141923135455e-01,6.800118004873118016e-01,4.779916871558141933e-01,5.905526469893378483e-01,1.668318892388861718e-01,5.291464330361064228e-01,6.515364698744577909e-01,4.973625913705471691e-01,5.644462495011862702e-01,8.164571837707278457e-01,9.741960599248654651e-01,8.683394438496437884e-01,2.683084351424509517e-01,6.767020029692758509e-01,-6.181364031506011991e-02,6.230241461343568599e-01,2.873148657322940336e-01,6.452466963706510183e-01,7.229313150558063228e-01,7.520406241163618555e-01,3.995799306141133433e-01,3.772218647201789898e-01,5.864424478906666849e-01,9.437060948147357742e-01,4.210897389484031805e-01,5.309649717281476056e-01,6.889592014607921477e-01
4.890696690584937500e-01,4.326854154954601905e-01,6.951774370225195510e-01,9.344235023141802543e-01,8.386115090197385769e-01,6.387608525644884461e-01,4.484259956086844023e-01,2.980159885513606333e-01,2.132943264729089961e-01,8.158482687789980758e-01,9.076038414653837538e-01,5.758178206685018452e-01,7.061377387735916500e-01,6.831431624377584111e-01,0.000000000000000000e+00,6.701833247591159060e-01,8.211213378565196397e-01,4.305407219300425026e-01,1.244042614179252659e-01,8.186596240914829625e-01,5.822486287723099840e-01,1.557411273426839160e-01,4.342445864427554314e-01,9.890209318731210120e-01,7.363257983933870765e-01,3.688459169904629853e-01,9.719343685613945905e-01,7.748712623736704330e-01,9.067222376966441733e-01,2.205169519299486069e-01,3.613319154476636319e-01,2.130967070472809533e-01,7.516320019471316449e-01,8.185886718658959005e-01,9.858361551634049480e-01,3.946508042456117193e-01,5.723977878450389190e-01,5.933127788957850424e-01,2.406272049783821643e-01,4.036641129298373376e-01,3.398122099761698989e-01,7.719291494413037524e-01,9.236787286999917912e-01,6.141242893243841205e-01,7.096568598761546776e-01,9.687191142295485946e-01,7.560098031288914333e-01,7.620587627972741362e-01,5.928385146241429426e-01,7.761809559841597039e-01,5.806464771459900892e-02,8.033675852022930108e-01,9.494142040619981682e-01,7.282207667316853428e-01,4.027440864191819125e-01,8.186427066649114570e-01,5.188213996560187002e-01,5.674177651466799643e-01,7.121555490137124744e-01,5.565106450402931282e-01,9.179560829004135281e-01,7.725271173236855082e-01,8.971706051487851052e-01,5.342811068450941114e-01,2.262957402062903411e-01,9.639520268348589216e-01,9.659294664165263278e-01,9.624174232719058253e-01,7.614957989376640590e-01,9.800765015785668499e-01,7.621877835326167361e-01,6.640193910192919713e-01,6.283265331430358813e-01,3.017814018019585043e-01,6.040948081324091223e-01,-1.485241834158604335e-01,9.284124357981504705e-01,9.484021160980978804e-01,3.659412660139096385e-01,6.050728278792509851e-01,8.206487434672539161e-01,6.293712177195123214e-01,6.163184417108377167e-01,7.679163997395482832e-01,8.524300218144511554e-01
3.626140139640030569e-01,5.772804827342064016e-01,9.331199473584581572e-01,6.773874316538258666e-01,7.966212826689402782e-01,2.690335066764465433e-01,6.019807115064760294e-01,6.805573545442171746e-01,7.884772932468036011e-01,6.082263132416499962e-01,4.943079838692054917e-01,8.351000307544927947e-01,9.578122594652189736e-01,6.969278625513030123e-01,6.701833247591159060e-01,0.000000000000000000e+00,8.746797631611133994e-01,8.532181206179023647e-01,9.751733877263296657e-01,8.570711848910487207e-01,3.163587311382980438e-01,9.386340408024652637e-01,9.800064411319372448e-01,6.946680122834646420e-01,7.505754043038117551e-01,8.737831499067626462e-01,9.921925892224969790e-01,7.942932626742165159e-01,1.996800083338234055e-01,6.797843383272904605e-01,7.280783037300890825e-01,5.566350834406098569e-01,7.933362428366750319e-01,7.605682605587364975e-01,2.358965441642684180e-01,2.067650913677772095e-01,4.975509910180457851e-01,5.607714148245414032e-01,7.097248641897596633e-01,5.534338948993409169e-01,6.663517352843412178e-01,3.287154522242962118e-01,8.485411283092794132e-01,7.021010144209440806e-01,9.655741055023518982e-01,9.400008662693943862e-01,8.273991883299554040e-01,6.103438727732997116e-01,5.436691514860556573e-01,7.491674724490784421e-01,5.339505666075162749e-01,5.701258976166565517e-01,8.187794012524108878e-01,7.668065473037711799e-01,4.112985423930145545e-01,9.351433007378706641e-01,6.753933789727862846e-01,7.836803451261425968e-01,8.098782883600812443e-01,2.081344885314753701e-01,2.572853472142144216e-01,9.704862983423916400e-01,7.559126722217756056e-01,6.727415170898646268e-01,4.795614131294874127e-01,7.433435493230976521e-01,6.883520645307430463e-01,7.677979414407192227e-01,4.627458569886338524e-01,5.177748124904494320e-01,6.519231135542440381e-01,5.209975299508645685e-01,2.565380322148083092e-01,4.454016079578138054e-01,6.959799250354750111e-01,7.669142695030339851e-01,9.522755122387850379e-01,1.113285053239490043e-02,-3.909766346310101781e-01,-2.665344984058989897e-02,6.656187316438622048e-01,9.885242307755689462e-01,2.805358310502508723e-01,2.241520755074210836e-01,4.014029701620547286e-01
2.321606782127399460e-01,8.582350758013510550e-01,7.922677591508386907e-01,4.442603747968268402e-01,8.949459807032272840e-01,6.577403977005349400e-01,7.079179949485856493e-01,6.061461985442604394e-01,7.806115739639780671e-01,7.601101134588621466e-01,8.339072202447125326e-01,6.751731911343898940e-01,9.972223340122507995e-01,7.027395886375297218e-01,8.211213378565196397e-01,8.746797631611133994e-01,0.000000000000000000e+00,7.908156992788574202e-01,7.622673429014983348e-01,8.823138319998339307e-01,9.391980722144399607e-01,8.568628459957328136e-01,7.712025260617765277e-01,9.752665055024756224e-01,6.878494064459869106e-01,8.374084704350326369e-01,8.955969671879792093e-01,6.066105761874612812e-01,2.761673823877743850e-01,2.440501884359353446e-01,2.920924991232819456e-01,1.570400171008174972e-01,6.999303533936469535e-01,9.730732457792878876e-01,8.649291065051287752e-01,6.285865523042328817e-01,2.521390060922888976e-01,3.071910518618546915e-01,8.531554745977717458e-01,5.358826928180411286e-01,7.530088183735403895e-01,7.224071123537816330e-01,9.088834104853378282e-01,4.078261907797979813e-01,6.370900359997107021e-01,9.865282636682815021e-01,8.100145347921667849e-01,6.435366919543901165e-01,6.952715683894801213e-01,8.404342622411208330e-01,8.035820114447957963e-01,9.812403095425024091e-01,9.905032085055850422e-01,9.298717202325035291e-01,8.248400150145580589e-01,6.671974074404589672e-01,9.846819439207564750e-01,9.351785718418436089e-01,8.181309666403315806e-01,6.976125439030068653e-01,5.710408698479196854e-01,6.399089603955057104e-01,8.760135974188282271e-01,7.513848489091449201e-01,9.929444284388276865e-01,7.604073251690881552e-01,7.867702500794195863e-01,4.764050060098369843e-01,3.448683242491816237e-01,6.474483014449979867e-01,7.995037130565090244e-01,9.441023539393585962e-01,6.929091318255469201e-01,3.586855828840574967e-01,8.913051456902578717e-01,9.343328196131790442e-01,8.481762182846795950e-01,7.232509080179316818e-01,2.722292566401658953e-01,4.517505126146470484e-01,9.050121761662818232e-01,8.120137182576599999e-01,8.279275561707978293e-01,4.329340235688103888e-01,9.350019486231002652e-01
9.505691380572175442e-01,4.748560778474343325e-01,8.514787163966616168e-01,2.207254876999739379e-01,3.711894259404197038e-01,6.587962577708414980e-01,2.762892972291524085e-01,-3.820904750578373310e-01,6.481178902825852628e-01,5.923773995948533599e-01,9.752610518090071290e-01,7.412738461349352992e-01,8.032513077300093007e-01,5.389683189821392606e-01,4.305407219300425026e-01,8.532181206179023647e-01,7.908156992788574202e-01,0.000000000000000000e+00,8.610255707126595048e-01,8.265573378046007225e-01,9.765626977325027047e-01,4.939548446163361528e-01,6.898470502657900738e-01,4.375907970208843811e-01,7.577015301378156042e-01,2.737957141788194271e-01,8.976848512022825854e-01,8.423347263467848567e-01,1.585581515240285233e-01,7.355900474511156695e-01,2.967679478613833854e-01,6.726043824170657714e-01,6.124896902690279976e-01,6.431510413983294594e-01,6.663348977516061478e-01,5.156676516347766803e-01,1.708592962434668516e-01,4.081000450372758714e-01,9.789034968437980710e-01,8.789503778987899363e-01,7.814657629397939731e-01,4.653435379222240487e-01,8.354389198089068325e-01,9.715452055718564184e-01,8.478226067155262280e-01,4.883193407665886165e-01,8.865205009676278003e-01,8.412739973202297827e-01,5.020073729630816217e-01,9.124107248023599626e-01,3.009632676393576567e-01,9.939843309130395044e-01,9.405273149637798369e-01,9.081283710533002429e-01,6.407243355073460878e-01,9.445354428105257050e-01,9.399811652181179200e-01,7.638492457070608088e-01,6.076921746507839561e-01,5.722627152217618640e-01,3.143185054437131476e-01,9.124855032430060353e-01,2.656281647229682408e-01,5.483011600276560538e-01,9.359777871640838631e-01,9.544972781129946737e-01,4.606223365468255504e-01,8.210216721817952257e-01,7.918793403449091439e-01,8.248253883526570629e-01,8.244245532272695964e-01,5.338338688409315358e-01,2.900319714500934620e-01,1.581904322109796146e-01,6.932806487811623564e-01,6.926830951761637767e-01,7.970724504097337348e-01,6.929228516219865242e-01,5.365124387751767365e-01,1.512967102706428424e-01,5.426205728179548382e-01,8.604050549933877079e-01,8.162439584554469496e-01,6.618462809211311804e-01,6.094782231035470454e-01
