0.000000000000000000e+00,9.487568388449030277e-02,6.632428955730990117e-01,7.561802948729210438e-01,8.252055409577735423e-01,4.346647018255545003e-01,9.895042668202569391e-01,9.691200782684312731e-01,8.919638827474563048e-01,7.618410394499015581e-01,5.152680377173498583e-01,9.913826932591052188e-01,7.648908773051752430e-01,6.467694023754848587e-01,9.288550751952860951e-01,4.843334310983607449e-01,7.441488941278256997e-01,8.735107005345574827e-01,8.796506395334949824e-01,7.717861889598953695e-01,6.187356375941565068e-01,8.746107653320545072e-01,9.627991342570226818e-01,1.713481791092847650e-01,8.260229797744511604e-01,8.689867306709854189e-01,6.546672740044792160e-01,9.105718510491225270e-01,6.453638996969043307e-01,2.849298655571461669e-01,6.921948076949232531e-01,7.725734460189461750e-01,6.048553027847205499e-01,7.830468123211747900e-01,6.591988744936727596e-01,5.547718492336251028e-01,3.606226196155498109e-01,9.146481481112090917e-01,3.542905482710012599e-02,9.069046342689518481e-01,7.972643588642206458e-01,6.587334284337656998e-01,9.955699052014759243e-01,9.464421574744515953e-01,9.691451613571906432e-01,6.413239499632505947e-01,8.082742409656660243e-01,1.804767498155278593e-01,5.327822345962682782e-01,8.442967885088982216e-01,9.581494748104468773e-01,9.526917760151218939e-01,8.590813457123431807e-01,8.342841799807783065e-01,4.480528942667243442e-01,8.498092142342569266e-01,8.385055848633200526e-01,8.391355982596692131e-01,4.513487230334646827e-01,4.672137484354975112e-01,4.088834771701764792e-01,8.366623614981555379e-01,1.087903946117640408e-01,8.433259510308775964e-01,8.210355776929487703e-01,8.536512694282486491e-01,7.352384647410985519e-01,8.020033812916020910e-01,8.453800442031311757e-01,8.093889342828101130e-01,6.692242539023823822e-01,6.430204198766724666e-01,4.295280784711598687e-01,6.052320983855064181e-03,8.671304920627458390e-01,8.744200826383877745e-01,9.639255378042511646e-01,7.141841343930717123e-01,3.906615553358419590e-01,3.688448874882728212e-01,8.925833425896552153e-01,8.169628032097798753e-01,6.546416579428250282e-01,7.707317431713539557e-01,8.407427640401810010e-01
9.487568388449030277e-02,0.000000000000000000e+00,7.907775764699137566e-01,9.596815725386612650e-01,7.533176117458413312e-01,6.580356260059124773e-01,5.077170558178297766e-01,5.482768711606032103e-02,5.262659851373872044e-01,2.137033974052958696e-01,6.283262345096737311e-01,7.022076430118671109e-01,6.224234200805592865e-01,7.676311587422330884e-01,9.529899362912570560e-01,7.741057092139492779e-01,5.028748164262988318e-01,6.658795733786674331e-01,7.286313864971406540e-01,8.521707366964071939e-01,6.029276366057962910e-01,5.341490585931567558e-01,9.282918645047208983e-01,6.170364341970594468e-01,7.394219934443209408e-02,5.298014901108746288e-01,9.631350146218383701e-01,6.113598092235364989e-01,5.194231552075189162e-01,7.689503124506703591e-01,7.972476120743219319e-01,6.719026494760176327e-01,9.897836916011152342e-01,3.454056710385634554e-01,7.452187472673636737e-02,7.608457141472906304e-01,4.526440365505816632e-01,7.783421108597100568e-01,6.629990569068171524e-01,5.618232692267651762e-01,3.933768937516439745e-01,7.511797397413267907e-01,7.708072628039513985e-01,6.459927732603999440e-01,8.608025889797226160e-01,3.993377378618984119e-01,9.589705834718933453e-01,7.103907979065329226e-01,8.683873850055862098e-01,9.148846227715945467e-01,8.391422373131240953e-01,7.823093423128767432e-01,7.095755865543564855e-01,9.900661268031905049e-01,7.387120881216606705e-01,6.832991265040576634e-01,7.811226782719318251e-01,9.690551294460099108e-01,9.710043584032623798e-01,6.152858007210574298e-01,1.359681717304763761e-02,9.948853578208840531e-01,6.378640071945742562e-01,7.560431800285764004e-01,8.650711982258733057e-01,7.866117818372140302e-01,4.161636991449537137e-01,9.212510412097030255e-01,4.730394444838237344e-01,7.490680904255129224e-01,8.167438268142190871e-01,6.110413068525798463e-01,5.124726561804044955e-01,4.360944867017533255e-01,5.785853117874728557e-01,7.172515532523732196e-01,8.623468013069619520e-01,6.652222903064155535e-01,-7.017865409538143195e-02,1.637717667818326950e-01,9.421697888627035278e-01,5.487888439236334737e-01,7.077025187100338677e-01,3.121452503424272940e-01,8.896667051432523010e-01
6.632428955730990117e-01,7.907775764699137566e-01,0.000000000000000000e+00,9.173760285682613924e-01,4.252572675597335872e-01,8.677630394696116412e-01,7.687188441080066159e-01,4.570584681609913824e-01,9.448721579459852249e-01,8.515571189219947046e-01,8.874174093274765918e-01,8.040492498764202356e-01,7.466436020100902793e-01,8.565572418656390852e-01,9.704550061372165803e-01,2.941140583125183006e-01,4.881377879271265874e-01,6.660310195223266838e-01,7.142153855689069575e-01,7.269463092672275029e-02,8.635119660585760526e-01,9.391366379308478951e-01,5.731109820225974705e-01,5.488624477903538690e-01,9.227705640408511156e-01,9.778040927600691878e-01,8.880733792589445841e-01,8.488622230114181155e-01,5.583346331774279719e-02,6.210164399587657647e-01,4.423575660541267940e-01,6.878077818837056157e-01,5.522882059287106404e-01,9.100273930660168764e-01,7.926267829271310683e-01,5.586421662025418122e-01,3.300697361540175789e-01,9.904814194152953277e-01,5.144247849482898038e-01,6.595858783844616990e-01,7.421665562447493647e-01,8.364394243536659168e-01,7.193131962149597047e-01,9.666405672854085918e-01,2.322962440376360183e-01,4.228103043834680608e-01,7.499063616466772331e-01,3.734773975195894713e-01,9.014137775673314312e-01,8.937041957089261190e-01,8.034753292572771599e-01,6.888489571777055565e-01,7.455777919579653634e-01,9.872091784532929237e-01,8.289833228584196911e-01,6.937011559837854557e-01,6.927186481987845923e-01,7.399676722220129843e-01,9.045175448217563918e-01,4.809725006410431325e-01,2.636396021662650302e-01,8.203751564115605577e-01,9.745417978068271481e-01,9.217356831204258638e-01,9.081103830248556941e-01,5.403279536235491287e-01,7.421401365785877946e-01,8.873438235626386339e-01,8.691401195663329693e-01,4.081984596702940005e-01,8.167184496569726004e-01,9.911127609023926421e-01,2.591011076623863651e-01,6.389187012652142172e-01,6.817919716344522651e-01,9.101276591740959931e-01,4.971391380710848407e-01,9.630809190932513308e-01,1.638056385572465579e-01,1.124478244698604579e-01,4.216151112901292963e-01,5.794426856662646674e-01,6.054475737554563253e-01,5.170679997898490754e-01,8.799760905428839486e-01
7.561802948729210438e-01,9.596815725386612650e-01,9.173760285682613924e-01,0.000000000000000000e+00,9.592840995479680055e-01,6.678081884174350558e-01,2.077791323530414902e-01,4.977194517711950872e-01,9.429505324170981417e-01,9.110661637723481698e-01,6.594437924766282100e-01,9.650134975731923248e-01,8.051234661923472036e-01,6.405147157295234539e-01,6.313417089222095324e-01,7.589948520049815128e-01,9.732787029075909979e-01,8.361975192182119487e-01,4.815986124614479724e-01,3.982163554424844598e-01,3.131784879446517511e-01,9.228760923412540063e-01,5.220300920259739463e-01,6.743150055889127747e-01,7.021085632530101872e-01,4.384433608894981460e-01,5.012872491718866064e-01,7.890310657749430856e-01,5.013941956254158727e-01,7.086980670663796111e-01,5.202988769343078190e-02,4.167373640820442038e-01,7.568587837275095875e-01,-7.281305886610739408e-02,9.330049606918235927e-01,4.684512370085474053e-01,3.436727353246696870e-01,8.594501626565385910e-02,8.566618922741100484e-01,8.469956026458431708e-01,4.763252541025761455e-01,7.979030910510727104e-01,8.613764518293751671e-01,7.796493919267555306e-01,9.355107517031147069e-01,7.203462952207078107e-01,6.083299904752773601e-01,6.712454262244256231e-01,7.787238338336907040e-01,6.126249124019211845e-01,8.362925027258927280e-01,5.862342385724450544e-01,7.534084564137275564e-01,6.131363019653800484e-01,3.474535239350918792e-01,8.794752939342527220e-01,3.853763513058885981e-02,8.170610480015082500e-01,4.267159201037733496e-01,2.711954004955472453e-01,6.114227494915405181e-01,6.053733047932181588e-01,6.572256800949346500e-01,8.626790120932990025e-01,6.022520196219797173e-01,6.633428633972254795e-01,7.363096826899615532e-01,9.080216023512133194e-01,6.804290019776934040e-01,3.847968409372634069e-01,6.902731591786432919e-01,9.899296768812262393e-01,4.608110755028358430e-01,2.077049286561226393e-01,6.959516566003346449e-01,7.293223558869684764e-01,6.310227011338738201e-01,5.297530334328793833e-01,6.767466960258825548e-01,2.397324807182494022e-01,5.261959706482534083e-01,8.814226560469197169e-01,5.772262138559077771e-01,7.862147766592473275e-01,6.634317518448773487e-01
8.252055409577735423e-01,7.533176117458413312e-01,4.252572675597335872e-01,9.592840995479680055e-01,0.000000000000000000e+00,7.801834168706773820e-01,6.773975191641075089e-01,1.345224686121571922e-01,7.852008916204532563e-01,8.955023648679062420e-01,5.859054895387901807e-01,9.189529931354529779e-01,9.973588182749230091e-01,3.862168791287664549e-01,6.911425481488869815e-01,-1.383267023211310343e-01,9.235671614390199569e-01,9.964863345406764772e-01,8.926910261067123598e-01,9.488872898886416829e-01,9.206821784103618178e-01,4.425248563513572431e-01,3.285920905244423262e-01,5.703099554755155509e-01,3.145323330019283992e-01,9.230403334200963927e-01,8.007773228391495968e-01,7.671605336349494875e-02,4.742603716618669640e-01,2.706519907450495865e-01,2.215535424875564319e-01,6.822521519851664218e-01,8.155961866949803518e-01,6.984018930151930649e-01,7.497320151588210413e-01,4.415810528639483312e-01,3.700465885296265189e-01,5.817793596007081458e-01,7.974075714541177806e-01,6.636515089729340122e-01,4.517389487725735342e-01,6.885231622898433379e-01,8.937383021530674876e-01,6.452809198625117926e-01,8.320028262371919059e-01,8.367612934993020612e-01,6.392099960019491656e-01,8.132989430194493830e-01,6.671111937251503754e-01,8.790537116297495457e-01,7.577198967901472848e-01,7.017434305596492727e-01,6.492876159779102929e-01,7.857815981959017648e-01,8.302154706645324955e-01,8.846272901928511345e-01,7.395659376356900072e-01,4.231508088979116788e-01,6.886802449624033207e-01,5.387313751281379570e-01,2.389152003470526586e-01,6.785011418745605649e-01,7.724599805998606517e-01,8.279720625266598910e-01,6.873777549269804998e-01,7.718531741368244159e-01,2.643656815282937611e-01,6.297401292390318872e-01,7.376526075185241282e-01,7.793652545098708195e-01,6.677189618132365334e-01,7.061283675217314704e-01,3.870489057040540914e-01,2.981221689482126957e-01,7.690181986238754375e-01,6.932192278912523431e-01,2.991858106064346767e-01,5.189121250576650413e-01,6.424584287265500127e-01,3.203061615611777491e-01,7.317250683748275364e-01,1.463658862569941765e-01,5.087851874411493114e-01,6.187153165371827024e-01,7.653909871760977701e-01
4.346647018255545003e-01,6.580356260059124773e-01,8.677630394696116412e-01,6.678081884174350558e-01,7.801834168706773820e-01,0.000000000000000000e+00,5.189200849870948540e-01,9.523526018088813256e-04,7.801724383898944737e-01,4.300547909984339112e-01,8.948143222608678782e-01,6.667083098708320721e-01,6.098761102956163915e-01,4.215898753526559073e-01,4.748289479554097525e-01,3.648374461710500727e-01,8.978294732600358152e-01,3.346448706476977120e-01,9.941991741860676246e-01,8.176305174275675380e-01,8.019061197749266512e-01,2.986006229863295003e-01,5.181111161625181483e-01,9.894873307018852149e-01,7.922702844473765715e-01,9.111916391814489646e-01,7.351552983545220910e-01,9.856154150265935554e-01,2.838608168414639699e-01,6.276078857309509429e-01,6.599706852394818246e-02,5.651400345142403303e-01,8.258274252217786549e-01,6.025339071376668576e-01,6.697114911950345639e-02,6.938819293968144786e-01,5.427503313403327923e-01,4.824572061732940176e-01,5.953690042223152012e-01,7.592445065108415214e-01,2.920027230354552139e-01,7.762864285419267540e-01,9.652844812960496013e-01,8.142655536674224814e-01,6.014793614100003571e-01,6.697857328228626894e-01,2.111955351023330762e-01,6.286886546464399705e-01,3.045662272693855366e-01,4.722772239835367758e-01,6.558046276840632238e-01,4.499782112092192699e-01,3.438693996459108448e-01,6.498326464434656113e-01,6.801425725292379321e-01,8.341799518718469031e-01,7.357058958419037120e-01,6.973659538403678138e-01,9.808601174371478493e-01,6.865293266902041669e-01,5.116828736736429573e-01,5.429508982805997253e-01,7.333544146142673137e-01,8.282841183984882560e-01,8.183012986729962801e-01,8.693265794271543001e-01,7.892606477221897343e-01,6.162565191207399762e-01,9.100553577806480554e-02,3.768649505497939645e-01,8.998177240550083722e-01,4.160450127595564096e-01,2.864391128831621502e-01,8.182652750475921666e-01,4.890377105281151771e-01,6.568132605970419258e-01,6.467553352417951817e-01,7.419606715439307498e-01,3.190015582397592864e-01,4.079229738205927269e-01,9.158153070474486235e-01,8.429215605064630523e-01,8.270334332914133224e-01,6.441954535834537587e-01,4.964138922022346412e-01
9.895042668202569391e-01,5.077170558178297766e-01,7.687188441080066159e-01,2.077791323530414902e-01,6.773975191641075089e-01,5.189200849870948540e-01,0.000000000000000000e+00,1.185904216151004581e-01,4.967830872237086748e-01,5.823101222261034549e-01,5.419582844528955112e-01,7.711268655963977592e-01,6.532977549012167762e-01,6.774205985079996273e-01,7.494612788172764217e-01,4.519816006794400431e-01,9.353892751910612979e-01,3.881973011760291303e-01,7.401281814593175801e-01,8.650836474203815740e-01,7.435726714215867839e-01,7.176939796694159490e-01,6.866807662530765022e-01,9.799875425839489340e-01,6.290995851051134347e-01,4.904978613075592353e-01,5.233268888388435958e-01,9.316979773438455181e-01,6.992847178486270021e-01,3.640420185026396055e-02,4.807424240858994002e-01,2.103942633917748606e-01,7.319745352473374655e-01,4.183451049891058759e-01,4.775427520287250927e-01,7.410108141378475288e-01,1.554684208479474028e-01,2.121000891207611982e-01,9.792455810238129832e-01,7.626326592169142549e-01,1.741117836716150058e-01,9.560964499608359812e-01,9.567076909859943967e-01,4.965629935622398738e-01,7.599430645560729669e-01,5.557945222770349636e-01,4.987698343890405450e-01,5.841844339690129839e-01,7.344860615100624601e-01,4.060017990692499357e-01,4.069258827195129102e-01,4.415067582344566754e-01,6.331675929031496119e-01,9.525740921810886830e-01,9.952685665805225401e-01,4.700035838222040852e-01,5.759262985960614811e-01,7.470314079427853304e-01,6.322411977581933185e-01,5.899661100745041686e-01,6.030594750423413641e-01,6.949043897562553473e-01,7.779282216783567350e-01,9.542948046528150208e-01,2.738814601244688451e-01,6.860862326564184377e-01,5.062669034611810837e-01,6.515637556572750899e-01,7.584127544153470568e-01,2.321124343007422153e-01,4.843503700615106045e-01,6.182207806662094463e-01,3.211780978078765392e-01,1.675714556089504537e-01,7.040375824570771490e-01,4.306691071617550493e-01,5.589722360168897231e-01,5.479600907437163215e-01,6.327828883807578020e-01,5.251733381029918268e-01,2.204397547321638728e-01,9.389828469596043226e-01,5.222671225850255006e-01,4.785999551039334943e-01,4.949217126376086462e-01
9.691200782684312731e-01,5.482768711606032103e-02,4.570584681609913824e-01,4.977194517711950872e-01,1.345224686121571922e-01,9.523526018088813256e-04,1.185904216151004581e-01,0.000000000000000000e+00,9.871861996103590275e-01,4.384147413223251633e-01,5.457085264045045125e-01,7.073548233070090507e-01,9.188508371035503108e-01,8.095807785125586076e-01,4.779696058544902204e-01,2.637358552620250318e-01,7.892443948774158224e-01,7.241332571130754125e-01,7.302008842354428264e-01,7.060895008244417737e-01,9.289656742237277776e-01,7.897691591602336025e-01,5.786732815264804541e-01,8.605052240897232974e-01,9.840457883768631842e-01,7.522499753305578185e-01,7.768644786738314600e-01,7.918089362800607711e-01,6.783464437681678838e-01,5.493951837777432123e-01,5.085911844988089126e-02,7.442281680799907040e-01,7.319545428808829080e-01,6.484096632820729456e-01,6.868317674782777882e-01,6.693704887938809467e-01,9.277980174749795861e-01,5.819212163230582657e-01,6.020665426712210611e-01,3.313477156643855337e-01,5.447044440823227696e-01,7.800388260068116253e-01,7.469116102941610880e-01,6.215107972011382209e-01,9.245163833571143908e-01,4.332931262798579430e-01,4.687699014581518386e-01,6.792432152971314974e-01,6.577637064013943657e-01,8.104799503454981346e-01,6.231842430676879374e-01,7.298232882946074085e-01,8.931172941138735277e-01,4.130486846508085175e-01,4.838561418268492176e-01,9.246210262851121131e-01,8.208159697364916241e-01,7.725143149442796897e-01,9.498409432163537058e-01,6.569757555301719565e-01,-1.560969608591706581e-01,5.567706101212311909e-01,4.745655380668233336e-01,9.094650632765668430e-01,7.542505826295096139e-01,6.433372614997511230e-01,4.503767816702929361e-01,5.667557180417749363e-01,4.134787469574703334e-01,6.734755251300317269e-01,7.478334965317772198e-01,7.744497956319762455e-01,4.548706784859066210e-01,2.909332852494945776e-01,4.013250137399223538e-01,2.261700442398787980e-01,7.871017314496661088e-01,3.675697628109958481e-01,2.226351034743224155e-01,4.664577337059687689e-01,6.597778019354272327e-01,5.697178760023985378e-01,8.206497810665823733e-01,5.753565448349327038e-01,1.608976776777809037e-01
8.919638827474563048e-01,5.262659851373872044e-01,9.448721579459852249e-01,9.429505324170981417e-01,7.852008916204532563e-01,7.801724383898944737e-01,4.967830872237086748e-01,9.871861996103590275e-01,0.000000000000000000e+00,5.633616574850024428e-01,5.183921863803170327e-01,7.301713402475376036e-01,9.289068677679840347e-01,5.428856804909133471e-01,7.648956152289591026e-01,8.674135890212189004e-01,6.603309911320349723e-01,7.797999529467580793e-01,8.861942947326445497e-02,4.073271480120432275e-01,8.518095975732082881e-01,5.672887279620695278e-01,6.568227358096252466e-01,7.928742395635406393e-01,4.380877502618832908e-01,6.385597456479452649e-01,8.698048822280125547e-01,6.370799836410764305e-01,6.577201176088989243e-01,7.208627876713481486e-01,6.656941353759333602e-01,8.212294415969506600e-01,6.827917187907412977e-01,4.557324437476799051e-01,9.669781927168611402e-01,5.236126056384228233e-01,1.423468468469289011e-02,8.458316382686394963e-01,6.046673204165788906e-01,5.850573801006370145e-01,2.621560189940903562e-01,9.729666202064197744e-01,8.889893379785122063e-01,7.995348704001556950e-01,9.860866949326270170e-01,6.951004392027611278e-02,5.155771930117732937e-01,6.995727344044042617e-01,4.511268308348346801e-01,6.775516720540462057e-01,6.376592289822364812e-01,6.092486408446189383e-01,9.307961919184571942e-01,6.729384500874435737e-01,9.939946388112621545e-01,4.958014223663692044e-01,6.740693048834998091e-01,6.289643120915834329e-01,9.231909622483088773e-01,5.924627914482558655e-01,3.678444940276745512e-01,2.925679054206966612e-01,8.038629562499755021e-01,7.984396673568692204e-01,8.404486592454731841e-01,5.672590324241273407e-01,6.679594176794397820e-01,8.116826316881267656e-02,4.559542661239545658e-01,8.612382054560911993e-01,8.660797133346491705e-01,6.992696085894608560e-01,7.789665736491248049e-01,3.905284993709859931e-01,4.995492928384388520e-01,6.727107644743253179e-01,4.798540554087224463e-01,4.440885573724404622e-01,-1.028929160063818959e-01,-3.613360741896426975e-01,7.706024425538017253e-01,6.923936801457788448e-01,6.600491665632925997e-01,6.447387753472706429e-01,6.881280744117097559e-01
7.618410394499015581e-01,2.137033974052958696e-01,8.515571189219947046e-01,9.110661637723481698e-01,8.955023648679062420e-01,4.300547909984339112e-01,5.823101222261034549e-01,4.384147413223251633e-01,5.633616574850024428e-01,0.000000000000000000e+00,8.368311957049969774e-01,6.083765994227987584e-01,8.463680648751863433e-01,9.757321377817865793e-01,7.718608439914870223e-01,5.331435771862739204e-01,7.598907781090274982e-01,1.119758723450353655e-01,5.979319559030589204e-01,7.029086208704521388e-01,9.696719006004871355e-01,6.845999204940836913e-01,7.979373058294996213e-01,6.009629794393469560e-01,5.650369103958134964e-01,4.270349166607844138e-01,6.260115692169858637e-01,8.457797890871893154e-01,4.546040776069475431e-01,6.318694752860550823e-01,6.662291847497499031e-01,6.502589619940943866e-01,9.755894778504726750e-01,8.200612405638868507e-01,7.848341368497642190e-01,5.981575031786336982e-01,2.974444197117441790e-01,7.765156720590112860e-01,6.173662045795821340e-01,5.159254723581619961e-01,5.547478477789555829e-01,4.526110642948477647e-01,7.005993549116471542e-01,7.731415377821794221e-01,9.146279107074799519e-01,2.014637161112245167e-01,7.361124509578664821e-01,8.538051475977501692e-01,6.786388429462955063e-01,4.874588797046396360e-01,4.443429994270505778e-01,5.808551740111580486e-01,4.813753910347673970e-01,9.345405116403331380e-01,3.932020747527175675e-01,9.806544363545495191e-01,7.892958365847289048e-01,4.980347477846876481e-01,7.663104872081893948e-01,6.500840460730478165e-01,5.068293414427145205e-01,-5.445511666733734990e-02,5.267281574439525160e-01,8.843614682317695319e-01,9.916948859811531847e-01,4.589522378275371906e-01,7.483004167189528655e-01,5.028406125432487439e-01,2.802095633910157702e-01,5.230599464073191207e-01,9.866776394480383239e-01,9.374019891905165380e-01,2.635941751543957601e-01,5.749108250144104870e-01,7.416338855754009973e-01,4.949166387538123102e-01,6.487340291756928945e-01,6.587504170167663986e-01,4.958311729218187747e-01,5.162808417183863963e-01,4.267956159583449205e-01,7.684346688814701620e-01,5.978931389610067093e-01,2.030002511294632661e-01,4.492116552721514555e-01
5.152680377173498583e-01,6.283262345096737311e-01,8.874174093274765918e-01,6.594437924766282100e-01,5.859054895387901807e-01,8.948143222608678782e-01,5.419582844528955112e-01,5.457085264045045125e-01,5.183921863803170327e-01,8.368311957049969774e-01,0.000000000000000000e+00,8.565963320674884196e-01,7.608330042464652720e-01,2.403351221933887893e-01,7.268796326829232157e-01,7.194664419838009417e-01,9.190389640963622098e-01,5.775033206568814803e-01,2.181822553022569888e-01,5.627679093897486329e-01,6.761047631962838755e-01,2.015556931439974886e-01,7.601767714350553540e-01,8.564801212994777035e-01,5.140326237321043434e-01,4.287594454167691360e-01,8.830458645604715162e-01,7.837556237361094080e-01,5.997075700645275731e-01,5.941745170873691251e-01,1.613859148953082912e-01,7.389875321310213074e-01,5.990879438655173361e-01,8.608663802968009593e-01,5.722155411805580627e-01,1.745976117935794658e-01,5.568154754231825487e-01,4.301021453487597346e-01,6.892524255948301315e-01,6.918349023807123244e-01,3.355068424810938588e-01,6.634844194775221249e-01,6.431763653907605072e-01,3.853875136748858843e-01,6.648023390873901706e-01,7.188178548367418763e-01,8.434375835117911002e-01,8.145981754277034081e-01,7.516599163783678206e-01,7.626198565682789088e-01,5.674355968739628331e-01,8.353684135483215867e-01,6.039482014529079512e-01,5.764822548845739414e-01,6.099941510790526378e-01,9.852446475760862077e-01,7.847419197741786201e-01,8.117878606617326964e-01,5.931869621741869825e-01,7.516394467468694440e-01,6.198415831683267152e-01,6.904417749849698360e-01,9.301398461085692571e-01,8.905529607991337082e-01,4.035585323156154480e-01,8.850464870521139726e-01,6.237557722449756925e-01,9.928256827408146190e-01,6.306609869163255500e-01,9.669937538537428656e-01,7.504856225784415358e-01,6.144150755906484518e-01,8.980264406277617129e-01,3.446534388143837613e-01,7.962707746008871323e-01,9.199261423807962856e-01,6.574658836830133968e-01,7.983728289431962777e-01,5.850892175349289293e-01,4.723086310957000933e-01,8.726851495637676370e-01,6.329288576989849924e-01,7.937059101052390542e-01,6.050266982826665307e-01,7.374458306861533252e-01
9.913826932591052188e-01,7.022076430118671109e-01,8.040492498764202356e-01,9.650134975731923248e-01,9.189529931354529779e-01,6.667083098708320721e-01,7.711268655963977592e-01,7.073548233070090507e-01,7.301713402475376036e-01,6.083765994227987584e-01,8.565963320674884196e-01,0.000000000000000000e+00,9.762317442533300360e-01,7.219094182098072521e-01,3.000948917938799920e-01,8.668787437903269222e-01,6.458549629716664464e-01,2.309957834985199576e-01,4.935021463372435968e-01,9.755021987867233957e-01,6.309552092406121027e-01,4.816133578201886589e-01,8.895275751879408999e-01,9.225471793360349171e-01,5.302704202404153744e-01,7.534401748697207024e-01,6.309633909188064882e-01,6.102303035795830777e-01,3.776626722936081704e-01,1.985329860163262961e-01,6.623058948468456553e-01,5.640444924842334951e-01,6.003363678775611723e-01,4.870997568059894922e-01,6.138706016697521584e-01,-5.601210606154871652e-02,3.325617825219427393e-01,4.810777629877491246e-01,8.245640430897460682e-01,7.918336798348655226e-01,7.560001077887805732e-01,7.346109760744062855e-01,9.983483205354675150e-01,5.363635872381367076e-01,9.475763335870508453e-01,8.515806763237349086e-01,9.933494735992338676e-01,4.621671052403367730e-01,9.675534667807976774e-01,1.255342041894585148e-01,4.070693344017460857e-01,6.939279063358714250e-01,8.838357113981275548e-01,8.848824906485670549e-01,5.992567141052225210e-01,7.416110760584765371e-01,9.404026902181386038e-01,3.244417707781542815e-01,3.863041497052801532e-01,3.465313467491525357e-01,9.283210842498140769e-01,3.859001529213148540e-01,4.298221198781588814e-01,9.913578365404025483e-01,6.950362293024757721e-01,3.491247442519095912e-01,6.125279402245397131e-01,5.665785260241784638e-01,4.873125649642977564e-01,7.277965754974193846e-01,7.804007714121522499e-01,7.740609193540204380e-01,5.629267340591813662e-01,5.321488170804721252e-01,4.997833146144845529e-01,6.844002418460574111e-01,7.353357169190136711e-01,9.218270168543262200e-01,5.626393403670055804e-01,9.059496501919264699e-02,5.727919694310615872e-01,1.658029884672443943e-01,9.860941738498891773e-01,7.572514916655704864e-01,9.883478797785834047e-01
7.648908773051752430e-01,6.224234200805592865e-01,7.466436020100902793e-01,8.051234661923472036e-01,9.973588182749230091e-01,6.098761102956163915e-01,6.532977549012167762e-01,9.188508371035503108e-01,9.289068677679840347e-01,8.463680648751863433e-01,7.608330042464652720e-01,9.762317442533300360e-01,0.000000000000000000e+00,6.244062296639577569e-01,9.943991362510564702e-01,8.760647769382354788e-01,3.563281736064418115e-01,5.558731995299145412e-01,7.777406225270346862e-01,9.238043085336207216e-01,8.265378736728301590e-01,8.019051954532856463e-01,7.438321241926852956e-01,7.962506471987862433e-01,3.834815652908347694e-01,8.655367596632151939e-01,8.148211608282969198e-01,8.045304014803863479e-01,5.974568010816236896e-01,2.133570030066258838e-01,3.802270037207976516e-01,4.144939071358473281e-01,5.566426682400166248e-01,9.785039040637960595e-01,5.824973714542061032e-01,4.770762171689691411e-01,2.206773533577338076e-01,3.213503993719605267e-01,8.655684681012478787e-01,7.177472848450469067e-01,4.968133868778073503e-01,7.016647562997680998e-01,8.000457030287787541e-01,7.084454782940218243e-01,9.542850546231046449e-01,2.784190493095239360e-01,9.961396467593170989e-01,4.632495677860479777e-01,5.680181241178503537e-01,4.905546629695528016e-01,7.919844704061920204e-01,6.813976521308593437e-01,6.201526866837430152e-01,5.720125895206539246e-01,6.332873772098989162e-01,3.161154564255268529e-01,8.881934242257896184e-01,8.879348992082501946e-01,8.275975413107796719e-01,2.213818146317581004e-01,3.324164039215593558e-01,5.557041726443058272e-01,6.996206376883152833e-01,4.985559980338582498e-01,9.592571905363658225e-01,5.403073861874644335e-01,2.546800428666501359e-01,9.125828074519538591e-01,4.366809292056189618e-01,8.776504513737124480e-01,7.297921326870385750e-01,8.852579998197052102e-01,7.913749069919089330e-01,9.982760575856106655e-01,4.322193066608850942e-01,5.343975605387084604e-01,8.175880236393606726e-01,8.009569241296671249e-01,2.355761611568107095e-01,1.863513732960188352e-01,6.760238312197703880e-01,6.245230578410576605e-01,8.746397874610182255e-01,7.147785873305348980e-01,8.526538401395822309e-01
6.467694023754848587e-01,7.676311587422330884e-01,8.565572418656390852e-01,6.405147157295234539e-01,3.862168791287664549e-01,4.215898753526559073e-01,6.774205985079996273e-01,8.095807785125586076e-01,5.428856804909133471e-01,9.757321377817865793e-01,2.403351221933887893e-01,7.219094182098072521e-01,6.244062296639577569e-01,0.000000000000000000e+00,7.197352462250989902e-01,7.465623947137859373e-01,6.558447747661632077e-01,6.299881137087798288e-01,5.884607895455477022e-01,6.391458718463876032e-01,6.100406153568356249e-01,9.802840707369760986e-01,9.499843887659846775e-01,7.829767237178347772e-01,6.472674277174941260e-01,2.412386882075064631e-01,8.369640142542671413e-01,6.083834658927169681e-01,2.965945319610928665e-01,4.167323819638666937e-01,5.095007201522775420e-01,5.714017844535936863e-01,7.634304683520891643e-01,8.342840723596125496e-01,9.465222691159512758e-01,9.062016751675959492e-02,2.153581698688933899e-01,9.228003992826969704e-01,8.734675597756275112e-01,9.383910556324212004e-01,4.566369975312757901e-01,4.039566173100904156e-01,9.319143322889535952e-01,6.673987300120072241e-01,6.496250276813038127e-01,8.585960070996656590e-01,6.322728636873449215e-01,4.579244818512112070e-01,1.634540084545063054e-01,9.696012713824857521e-01,4.085878921928060015e-01,5.305423570813302403e-01,8.863977236754243538e-01,9.267330058296050499e-01,7.232212502835037027e-01,6.621326303706620564e-01,6.512234338163767067e-01,8.436084368065567274e-01,9.729157013180432800e-01,4.601940650083458095e-03,2.193274614955252055e-01,5.581199648582980677e-01,3.757297015338923463e-01,8.816657921485256955e-01,8.581217687807671801e-01,7.380505889953115073e-01,6.174982741629782002e-01,6.931059186811657780e-01,7.943462025916971925e-01,4.365108512263761176e-01,4.493984147174470145e-01,4.041310391319333783e-01,4.631219557472111559e-01,5.910362438490153192e-01,7.275234879915650765e-01,7.114050424774062131e-01,8.855511387301604476e-01,2.244087313344736156e-01,3.022115570621244363e-01,-1.920807825565524485e-01,6.985914103657923091e-01,4.083839726720004393e-01,7.844425864792199388e-01,5.585679746391460920e-01,6.222841270963385130e-01
9.288550751952860951e-01,9.529899362912570560e-01,9.704550061372165803e-01,6.313417089222095324e-01,6.911425481488869815e-01,4.748289479554097525e-01,7.494612788172764217e-01,4.779696058544902204e-01,7.648956152289591026e-01,7.718608439914870223e-01,7.268796326829232157e-01,3.000948917938799920e-01,9.943991362510564702e-01,7.197352462250989902e-01,0.000000000000000000e+00,6.627041528273904802e-01,4.621059630214132685e-01,5.046098339024673862e-01,8.430882450324481692e-01,3.722015313973489059e-01,4.359157700313784356e-01,6.140833059373380642e-01,7.141923924073377838e-01,6.031058315256297986e-01,4.009639023280724413e-01,4.185738199404424598e-01,4.734070019813626518e-01,5.030911304152730912e-01,2.870301076746058500e-01,6.238572837633673540e-01,3.168106018953171787e-01,6.414405406421028744e-01,6.787792403730906754e-01,9.058915929010193935e-01,6.985468224194614217e-01,6.697279483747428097e-01,7.799196561097163638e-01,5.515047024705477252e-01,8.802455022893851400e-01,4.405192336497453232e-01,4.691866092059207016e-01,3.724199814503693085e-01,2.256740726544647080e-01,5.289985312502394343e-01,3.275400245696667434e-01,7.209101337471148785e-01,7.482110226168020573e-01,5.090013290007432412e-01,7.312561367239927002e-01,5.976971106637571918e-01,8.655241794992940552e-01,9.536128046691005888e-01,5.516128466647259865e-01,1.126188637458361841e-01,4.428518791673491939e-01,8.453995148616169075e-01,6.412187067330901158e-01,6.464722602335806201e-01,2.258121633686106522e-01,4.150230462084003591e-01,2.791169271282346598e-01,6.191989749969122325e-01,7.862430234735366952e-01,8.320820000883966117e-01,8.808432884327727086e-01,5.405973329166757768e-01,6.428054460084902111e-01,9.956353199467803394e-01,5.500271710456704488e-01,9.239705285032212556e-01,9.144344269137805181e-01,6.180090581710997455e-01,4.927735171446487317e-01,5.799300315148124829e-01,4.442564989292535071e-01,6.063743818871630831e-01,8.516574058135496506e-01,6.378727662014471722e-01,3.587695638302894618e-01,4.782937743752559423e-01,6.798434011030274338e-01,2.173107692585271589e-01,8.138109960590190761e-01,7.069474555499105639e-01,7.151249167979759624e-01
4.843334310983607449e-01,7.741057092139492779e-01,2.941140583125183006e-01,7.589948520049815128e-01,-1.383267023211310343e-01,3.648374461710500727e-01,4.519816006794400431e-01,2.637358552620250318e-01,8.674135890212189004e-01,5.331435771862739204e-01,7.194664419838009417e-01,8.668787437903269222e-01,8.760647769382354788e-01,7.465623947137859373e-01,6.627041528273904802e-01,0.000000000000000000e+00,6.585303103631162669e-01,4.679891666622087998e-01,9.518000730687699029e-01,8.070084501059759940e-01,7.863486894707397701e-01,8.256919056937278567e-01,9.125085307139031432e-01,8.021438450655248298e-01,4.594524571062609253e-01,6.560339603582865386e-01,8.133828165906439311e-01,4.901701129639602916e-01,5.643573207135731407e-01,2.227636140731392711e-01,5.519699653996065214e-01,5.838158624938440955e-01,8.656550114257099970e-01,7.188096038955402722e-01,2.531749005642623951e-01,1.928537459686147093e-01,6.908522510516118542e-01,2.875158524944927962e-01,9.584132333646391277e-01,8.793479007690447879e-01,9.655615392868950320e-01,6.317518864260035505e-01,9.093436828797885063e-01,6.338008072793442915e-01,9.030213298015220547e-01,8.393473289843433882e-01,7.053942487080258061e-01,7.705618162732852383e-01,5.748586605077719014e-01,7.704899317107078982e-01,5.057348478344624310e-01,5.604863418244429019e-01,4.770746389513991215e-01,3.143539920381837049e-01,7.314825520486574195e-01,3.634660250965263684e-01,8.980495466739718546e-01,7.061244045000544256e-01,9.658694610039965101e-01,5.196112690067558049e-01,7.205692075308427480e-01,8.432162682569491752e-01,2.950041349782470679e-01,7.833075639739828233e-01,7.752359487123960946e-01,7.371757705504204949e-01,5.486577557439213937e-01,8.478093473738339547e-01,5.912069762780880477e-01,3.646026511385315749e-01,8.297604757661490860e-01,-3.288824453167285555e-01,9.690456042191878394e-01,6.727586315458485844e-01,2.472366685871217884e-01,7.207340874742842463e-01,7.457576728008287192e-01,5.634702682299541632e-01,4.393417785811416509e-01,6.957712776138704758e-01,5.618678150279936556e-01,4.699880607039141345e-01,7.203770479241036195e-01,3.648871306553848060e-01,8.522661916315442676e-01
7.441488941278256997e-01,5.028748164262988318e-01,4.881377879271265874e-01,9.732787029075909979e-01,9.235671614390199569e-01,8.978294732600358152e-01,9.353892751910612979e-01,7.892443948774158224e-01,6.603309911320349723e-01,7.598907781090274982e-01,9.190389640963622098e-01,6.458549629716664464e-01,3.563281736064418115e-01,6.558447747661632077e-01,4.621059630214132685e-01,6.585303103631162669e-01,0.000000000000000000e+00,8.581845023321145183e-01,8.964971437276658683e-01,4.614119914039174764e-01,5.688675562627945048e-01,9.558210609964967741e-01,6.662229959210653751e-01,5.928892601868872569e-01,7.786647742053361965e-01,6.949306480992448742e-01,6.053176025962383466e-01,7.968210492613203577e-01,3.578991795754322691e-01,4.768274604537593442e-01,3.386880724269526466e-01,9.242256426140333936e-01,4.057867450273642262e-01,6.804530200735303680e-01,5.904888734952122853e-01,2.727665014367938179e-01,4.006405040298740561e-01,8.809889945749335149e-01,8.113244532707936107e-01,9.824641512878431460e-01,4.674079048520715096e-01,2.116336418151508747e-01,5.801028378684542908e-01,5.523233043464196301e-01,9.150153505571733126e-01,9.828667188868206450e-01,7.601663856753061443e-01,6.519979593656458627e-01,8.043412357142231128e-01,7.746736306576139652e-01,7.968256124277282026e-01,8.802322210266287916e-01,9.810156929369938661e-01,6.035805754448205773e-01,8.310244097781060990e-01,4.007000745270990483e-01,7.590069040779522380e-01,8.355022128337090681e-01,6.244095355964608407e-01,5.517006546879941187e-01,4.109851190964871614e-01,9.894278098154600798e-01,8.877427488279643342e-01,7.679337439004695343e-01,4.050985171871804846e-01,8.534698226794511511e-01,9.909828749963138783e-01,8.891659108305084436e-01,2.272470236314564906e-01,8.506467970465408923e-01,7.153841456647987984e-01,6.142870106506148620e-01,-1.287232409678532030e-01,3.859502526706626302e-01,8.222057130994503416e-01,3.106903869095947179e-01,4.502945017809404926e-01,9.743449342879449970e-01,9.162731294844878027e-01,1.697281474053477790e-01,7.074148036578782328e-01,3.594709404182317991e-01,8.444215485214796590e-01,8.745697879644596107e-01,7.713610404559405609e-01
8.735107005345574827e-01,6.658795733786674331e-01,6.660310195223266838e-01,8.361975192182119487e-01,9.964863345406764772e-01,3.346448706476977120e-01,3.881973011760291303e-01,7.241332571130754125e-01,7.797999529467580793e-01,1.119758723450353655e-01,5.775033206568814803e-01,2.309957834985199576e-01,5.558731995299145412e-01,6.299881137087798288e-01,5.046098339024673862e-01,4.679891666622087998e-01,8.581845023321145183e-01,0.000000000000000000e+00,4.813650941767180780e-02,8.584391339150296840e-01,9.375060439873091900e-01,6.707305500187414893e-01,2.539729146127348569e-01,8.087641534593696946e-01,2.999036539621272035e-01,3.223656300216783954e-01,9.781261264482794537e-01,7.711318968694302889e-01,1.106594965375547607e-01,2.242459182138184515e-01,5.488857166111891228e-01,5.403216226236002839e-01,6.731962303581217055e-01,5.881590802257514738e-01,4.250819962226270454e-01,8.989563619200603428e-01,1.496597802908870151e-02,7.875099057231883526e-01,7.472365156219836768e-01,4.886398828776264414e-01,2.915598833548351254e-01,7.854920868136270329e-01,6.153005705406869863e-01,9.796494378106105350e-01,6.714975110299171712e-01,9.689476496636719727e-01,6.723117234295773459e-01,5.884383027108563979e-01,8.411783488357625904e-01,5.927733306950191405e-01,9.974538621232857949e-01,5.146360415593682625e-01,6.851870936931463429e-01,7.650658959125218317e-01,7.353344866156733550e-01,7.383323530949985614e-01,4.329076699218510349e-01,6.430043513169774183e-01,9.678362645317533097e-01,5.230719463967763438e-01,4.560167421675421218e-01,7.186304538240058104e-01,6.607553119763664995e-01,6.011719345945313320e-01,7.503777347264770636e-01,7.404657852935964124e-01,4.598928642126937083e-01,5.664772439156608996e-01,7.217976491448128140e-01,7.854736136848279315e-01,7.311629179845127169e-01,2.054367108672620346e-01,5.865910352876635425e-01,2.483755261737008620e-03,2.939566124146816284e-01,6.894012169397940593e-01,2.837059012236669009e-01,3.222762126210791389e-01,3.789831482675286023e-01,5.280886458207934009e-01,9.033437539189497212e-01,6.660792494458313007e-01,9.241265189710037298e-01,6.655841852684966087e-01,7.697060471146472960e-01
