0.000000000000000000e+00,9.018527639212781111e-01,7.538968099013032553e-01,8.351008826746257885e-01,8.187954137776144448e-01,6.212122200021409357e-01,2.405110692162113484e-01,4.244413421181665869e-01,7.174324525012237830e-01,8.404105432039220558e-01,7.145146679030990322e-01,7.153029267365523802e-01,7.364821984269276367e-01,2.877278655247135219e-01,8.032440884723874852e-01,7.582617561509792381e-01,8.348076940495674503e-01,9.299625359773472377e-01,8.007814904405095024e-01,6.817036493090949945e-01,8.948423109051790725e-01,9.932090838298474056e-01,9.399113434823711533e-01,6.111973414104785451e-01,7.243735686909172911e-01,4.263957020099715667e-01,6.936098486017577835e-01,6.376789300293611573e-01,2.064227475031643610e-01,6.397901493914247562e-01,3.950368158458489320e-01,8.203041487493506478e-01,9.495058289088527115e-01,6.008872534559958067e-01,9.972798158283242564e-01,5.709496467288844856e-01,2.214776111117585655e-01,7.531837991403980137e-01,8.773382990112580382e-01,4.795877647080282191e-01,2.845626651981335575e-01,5.863555843714651772e-01,6.059557769001624461e-01,8.470098548495409441e-01,4.943271717503436857e-01,7.832217963656252779e-01,6.801101812184261464e-01,8.226848236983941298e-01,8.146766613718129380e-01,9.461139787860199934e-01,4.743622668725560598e-01,7.263900493860258045e-01,9.425275362310643334e-01,1.218349585342164490e-02,7.442789578058834898e-01,9.289492923737663332e-01,9.978973576713729976e-01,8.745254714000332275e-01,9.337201238146773941e-01,5.332543608893065556e-01,5.084163567456985444e-02,8.062306379478580975e-01,8.011758004709809144e-01,7.149630421481928400e-01,9.943438014491627897e-01,9.087096719029577052e-01,8.598586002316253030e-01,8.097886105631153519e-01,4.209543626063827482e-01,8.054721835734636182e-01,7.465995616170201243e-01,7.563966804036859060e-01,4.767936643103810046e-01,8.205005141145639280e-01,8.221506921241650279e-01,6.187170495717783103e-01,8.484253739546916417e-01,9.290622811215414334e-01,5.970152784354518793e-01,5.486394005045871491e-01,9.504330683985805495e-01,7.614585147875805315e-01,8.157253342847280431e-01,5.907409627749490300e-01,9.854393665770331268e-01
9.018527639212781111e-01,0.000000000000000000e+00,6.207133699158434714e-01,1.922328243047320140e-01,4.922992490844451674e-01,8.129000722003981716e-01,7.499147443125430135e-01,7.493170692328059435e-01,9.480412483703148929e-01,6.871836928816148493e-01,6.353724754345769776e-01,6.430869989921936813e-01,6.934674907727209625e-01,6.340204156336710639e-01,6.463819065241369621e-01,5.325470007156314356e-01,7.783827419408155812e-01,2.171904772084560231e-01,7.989103166132134337e-01,8.691305007986991349e-01,9.510075310456097553e-01,7.143783578279879753e-01,8.633410767670108843e-01,6.336654520263799162e-01,6.538862177084310279e-01,6.420500704644862555e-01,6.003618449792037515e-01,6.527644617384726899e-01,2.084215146457653600e-01,4.409781125396082246e-01,5.544277756108927369e-01,6.820776756770965399e-01,4.380880462688775401e-01,6.467887383133237300e-01,8.837705336769988707e-01,4.474603814823792103e-01,4.176969563460797286e-01,6.279161255485922188e-01,8.922390161233497707e-01,9.159202105737268562e-01,4.182310281408149755e-01,8.246173822557678612e-01,7.284165037990001368e-01,8.606417406490507460e-01,6.256015737033807644e-01,2.937858730744558611e-01,9.831635421464983704e-01,8.431451622524398504e-01,5.112133143423407411e-01,9.013865999240624483e-01,3.028913618536477892e-01,2.042821402712903245e-01,9.755522047505500449e-01,8.356624742026723673e-01,5.156289189568211695e-01,4.311009165924883368e-01,9.131910047447373557e-01,2.449457643113269745e-01,3.895939307544779018e-01,7.666053060369717453e-01,4.360127719355734732e-01,9.105854235375466788e-01,8.833666660735957077e-01,8.975334680973431345e-01,9.518673769663472672e-01,6.652891709374157969e-01,8.127397217097458437e-01,9.233630778361554547e-01,9.133654375112956192e-01,9.293460290716312189e-01,9.102553080358447568e-01,8.970095019715136342e-01,7.751604982417411582e-01,3.112972763009107524e-01,7.430720678500607468e-01,8.233968765946269031e-01,6.302712482963828133e-01,6.693167195304409178e-01,6.608102431852440617e-01,2.318556045009404765e-01,5.858208259370818460e-01,8.063367473690693510e-01,9.514126209504285558e-01,5.286811647092364286e-01,4.840977676154182285e-01
7.538968099013032553e-01,6.207133699158434714e-01,0.000000000000000000e+00,9.508525025931438002e-01,2.098400135601454497e-01,2.008655077398125433e-01,4.596951534153730923e-01,7.826426365577832112e-01,6.623414483112962658e-01,8.814770963260739611e-01,8.557344518037158787e-01,6.586163331054267767e-01,9.160624410480301405e-01,7.870154822724101384e-01,9.650707421631564698e-01,8.666930170035945791e-01,9.787433182425003819e-01,9.618544997408562391e-01,6.176587172969211226e-01,4.882748819324450595e-01,8.670380844330152215e-01,9.464737953541320081e-01,9.254271174528414523e-01,8.969446632115016804e-01,5.819255236100490114e-01,9.833352782624265043e-01,8.926101788667076820e-01,9.505401626853374752e-01,7.869197725120337106e-01,6.899509523453275506e-01,7.642069568313576422e-01,8.899661467898878353e-01,2.245402332054734496e-01,8.229499991399261694e-01,8.636104356156941719e-01,-5.147697621653515854e-02,2.306585455621797121e-02,9.391666459224301544e-01,8.850166404995026825e-01,7.840577420828486188e-01,3.327467833365329586e-01,7.123563532075076754e-01,9.161935844557457242e-01,6.666649240463338177e-01,8.524665396509631954e-01,8.587882014460271884e-01,7.429709134073906318e-01,5.973613693968511384e-01,4.555935942076517198e-01,2.010591049088745474e-01,9.171019718027774159e-01,8.126032683778044996e-01,7.381575590493575367e-01,9.363717771330837270e-01,2.472176917086538195e-01,8.843496147721422451e-01,2.038657649952550499e-01,3.440176572403521593e-01,8.853806350490935895e-01,2.322975084269678428e-02,6.881254078834462273e-01,7.096752763737748104e-01,9.938223733166593465e-01,6.683114760993447145e-01,5.320582291786015716e-01,6.762240725492011384e-01,9.506006609347701364e-01,8.729746291230675581e-01,9.023527593889886234e-01,9.308822074215979958e-01,9.571006082767408163e-01,9.080899219292313251e-01,2.725768972485687058e-01,4.926437062322842064e-01,8.606841996383249871e-01,8.461837694308849134e-01,9.009890052323608067e-01,8.524255484349818612e-01,3.585835151600308413e-01,4.300252081533265658e-01,9.682634032230869048e-01,6.423314743054477916e-01,5.106775078345807684e-01,7.542806821923809801e-01,5.193303430969163914e-01
8.351008826746257885e-01,1.922328243047320140e-01,9.508525025931438002e-01,0.000000000000000000e+00,7.603552753210587323e-01,2.442457517963381730e-01,7.651578035771610109e-01,5.283896289707193938e-01,7.162042178013554583e-01,9.513856430375619011e-01,6.826412064065565666e-01,8.624897170798881962e-01,8.719352391126933277e-01,5.880591627583346970e-01,6.402402009363744595e-01,6.888186135006316713e-01,7.052788110181503756e-01,7.027256008600610837e-01,9.758306326287857768e-01,8.748817190980417990e-01,9.133242979837504771e-01,8.806677256902646356e-01,3.640038993938248257e-01,8.523873968226129971e-01,7.998976281492806706e-01,6.454977616069235147e-01,8.743141176178627072e-01,9.209790832794205739e-01,6.295847637467146818e-01,2.008906978336064131e-01,1.935207768783937521e-01,6.451523157997086644e-01,5.905753748691962013e-01,3.338444831153034587e-01,4.470047993826559707e-01,4.747647356273145824e-01,8.005927753886872278e-01,9.984822765727157101e-01,8.350370534518478660e-01,7.667319402240992954e-01,7.002938908943296958e-01,8.624185968027002769e-01,8.643305924745940949e-01,6.251851636469067941e-01,9.511077503614303597e-01,8.683462851054939424e-01,6.313186490410416241e-01,9.368950579460496586e-01,9.837772438671531505e-01,9.093401508018389423e-01,9.326870263631950042e-01,6.254534819217915098e-01,7.205648697022347671e-01,4.991114918871750739e-01,8.627639006252465492e-01,8.967269520028651186e-01,7.287051116260471195e-01,8.403595809796420291e-01,5.319120772365492078e-01,5.688625407167463566e-01,5.558097914940821616e-01,7.333058976108728366e-01,5.371684965148330049e-01,6.457496930103723276e-01,9.019357436348732215e-02,8.532647612840822404e-01,7.063163318538017155e-01,8.539636848944859304e-01,8.800323937967113874e-01,9.305956206153207511e-01,8.234503648834115008e-01,6.158858988840288928e-01,8.479314105624767839e-01,6.355587717761153055e-01,9.977735446446385215e-01,7.692465745796972509e-01,8.722125040780871474e-01,6.386644953671686276e-01,4.601634808053577941e-01,5.855385874058351980e-01,7.024513952296723707e-01,6.691321773562951547e-01,9.079169583817041644e-01,1.257700879840115138e-01,8.443724909420720071e-01
8.187954137776144448e-01,4.922992490844451674e-01,2.098400135601454497e-01,7.603552753210587323e-01,0.000000000000000000e+00,9.191608457359626838e-01,6.708689805323223565e-01,4.900902010952868926e-01,6.747051546912701259e-01,5.788517230631525790e-01,8.418752651135452680e-01,8.604540848296798883e-01,9.546819145246090432e-01,7.386872442102859759e-01,7.789906601696593436e-01,7.485403287033337572e-01,9.308901585349765861e-01,7.427906463200084630e-01,5.702989387306820479e-01,8.227634569545442256e-01,6.736061806110981154e-01,4.826992347581841036e-01,9.987684407408070619e-01,7.908548486756734608e-01,4.360485788794462580e-01,4.942236158971083926e-01,6.241781184546143502e-01,7.979988327132999659e-01,4.771083713763196177e-01,5.890300456377062233e-01,4.541909142993762472e-01,5.550261381417229689e-01,7.082059122763130210e-01,7.894861855537697037e-01,6.529814812180095851e-01,3.628931129729729976e-01,2.939827002481685825e-01,9.605378378877400536e-01,6.717612434602836524e-01,6.646622440859187853e-01,5.103927499617598729e-01,7.926915588159904047e-01,7.136774292803329534e-01,9.907304380834511814e-01,4.265843101966906858e-01,5.719058983693936504e-01,5.005406914071146574e-01,7.970073090964457929e-01,6.907690619458826120e-01,7.027369401565842777e-01,9.407021850702083077e-01,1.775669723418554502e-01,6.072975669624972594e-01,8.110637702577419006e-01,6.983318189371282569e-01,9.416935536725511424e-01,8.356296706834488441e-01,5.724658411431082783e-01,7.526748245025388639e-01,3.355571698105995204e-01,2.381230261942638149e-01,5.257596766475340910e-01,7.977748001620732499e-01,9.401206126935043317e-01,8.478557856758903721e-01,7.486152659848992474e-01,9.165005771723080397e-01,8.972900977009835577e-01,4.751296048202556799e-01,5.358339828305157537e-01,8.935362873639138837e-01,2.850816649352478915e-01,4.921376738658860273e-01,2.706971502897494442e-01,7.066475569899546283e-01,9.610118260506645971e-01,7.610409538355932257e-01,4.544988102745703973e-01,2.688424999276636251e-01,4.822887923461218751e-01,3.321403874856068139e-01,4.427184678449939681e-01,9.703566073120408753e-01,4.040390888950006198e-01,9.083303840260138484e-01
6.212122200021409357e-01,8.129000722003981716e-01,2.008655077398125433e-01,2.442457517963381730e-01,9.191608457359626838e-01,0.000000000000000000e+00,7.472519602580302012e-01,7.835925490744334310e-01,4.677470615118991537e-01,6.988087463983430059e-01,2.828107789823569029e-01,8.391243681605411453e-01,7.696007340739288161e-01,7.028939686859229097e-01,7.808461275229523491e-01,-8.345660755320821744e-02,9.180754122214522805e-01,8.504866886070441279e-01,6.403483851176422492e-01,8.240398856448285514e-01,6.449838031485526368e-01,8.154834637112736706e-01,9.157169131625179093e-01,6.603898035233967123e-01,2.479422301804047324e-01,8.883935638504196763e-01,9.175088845442747054e-01,6.818432957252184012e-01,4.410902545017047482e-01,4.538486153493561659e-01,4.869061606743558257e-01,6.875931622127131604e-01,8.621963599629810515e-01,9.006050517562945723e-01,7.206484547903891924e-01,5.531341274654493212e-01,5.491375685312362975e-01,9.250768537206685016e-01,9.196603853258897843e-01,9.402212467480673963e-01,5.592184941810425247e-01,7.852112561712277783e-01,5.050492058683015983e-01,9.190867823128254788e-01,8.352019141887305764e-01,5.177053457143582227e-01,4.590763499160356309e-01,6.680212421968761971e-01,9.623262310999047831e-01,7.945557470393163069e-01,7.443191328328493395e-01,8.179547374304242391e-01,7.913321745731290990e-01,3.645697953810764225e-01,8.334165195541772819e-01,7.233321993285694029e-01,7.011953273732263181e-01,7.340384770975680873e-01,7.736587116515410978e-01,2.655346354793633457e-01,3.139814086204123500e-01,8.986651784769610352e-01,6.727876260531209240e-01,9.236171558528729619e-01,7.267470846751381552e-01,8.790667358541247589e-01,8.447799820994502662e-01,5.618690895157290033e-01,5.995777766026089139e-01,7.096534584800487933e-01,7.564338284327863926e-01,6.079186823484981073e-01,1.107765561281011668e-01,3.216850075180137658e-01,4.164724063337538751e-01,6.174673987964689470e-01,8.349442384214212920e-01,6.535911040027067020e-01,9.849639925566475718e-01,2.131769117859676557e-02,3.572720050028219685e-01,7.287939563004371957e-01,7.352242546360288067e-01,6.953812556553803370e-01,7.500434960216928459e-01
2.405110692162113484e-01,7.499147443125430135e-01,4.596951534153730923e-01,7.651578035771610109e-01,6.708689805323223565e-01,7.472519602580302012e-01,0.000000000000000000e+00,3.216444293182537661e-01,6.255694848417471254e-01,4.115078682481704830e-01,5.109752319102088824e-01,1.697046320752910661e-02,6.122480128321248216e-01,2.118938011975271818e-01,7.971592870067731873e-01,-2.703080416764933047e-02,1.988504938241585640e-01,6.358497451976548032e-01,3.243797067063924899e-02,9.165567324745330646e-01,7.467490413285610140e-01,6.724384947213944974e-01,6.753301142017476000e-01,8.119106776478887122e-01,5.979084170357167327e-01,7.355088847785576922e-01,6.629079927989571797e-01,4.766562593171320694e-01,5.153668633530890109e-01,6.149136845367608739e-01,7.143211247970121525e-01,7.439809441068794271e-01,7.174565391094271938e-01,2.583465242635838988e-01,1.817389719305217144e-01,5.687655454725862869e-01,3.372111590994661956e-01,6.432809790957628726e-01,9.639566238183040481e-01,6.635430905699689630e-01,7.530526442889383665e-01,6.351184786475261301e-01,9.057369723256402105e-01,9.993359492456297399e-01,9.852353718695423535e-01,4.249552891184906755e-01,5.940742231811106944e-01,7.394481144398535877e-01,5.234950079571318859e-01,2.435440112318096317e-01,4.756169731175020066e-01,2.496469848743643749e-01,8.784694430369226481e-01,6.974888122056202011e-01,4.130018261469135532e-01,6.552002995686608822e-01,5.725323204604177985e-01,2.198364237326360660e-01,9.248443323989590237e-01,5.622554303538005449e-01,4.792424882739536596e-01,9.545143821483920155e-01,6.318226884748445737e-01,2.981277665163705182e-01,9.030183707225338807e-01,8.481772136456705580e-01,7.096627605340061207e-01,8.949501363949750044e-01,5.813826009311038323e-01,6.382947339916578144e-01,5.031119248147906120e-01,9.068178501030408345e-01,6.180984833101093034e-01,4.652954069160211703e-01,9.491940711717675172e-02,5.169116378244619225e-01,3.525274612826276854e-01,3.627311244298144222e-01,6.861544511141201008e-01,3.741047210946426421e-02,6.701434769978955597e-01,8.578155457211196211e-01,2.454470761906917334e-02,3.956603259394164684e-01,4.851447187582610954e-01
4.244413421181665869e-01,7.493170692328059435e-01,7.826426365577832112e-01,5.283896289707193938e-01,4.900902010952868926e-01,7.835925490744334310e-01,3.216444293182537661e-01,0.000000000000000000e+00,4.243826351296177135e-01,8.049114188925038382e-01,4.003739526796148973e-01,6.626432326554502206e-01,9.715195457486693886e-01,6.150324779231497452e-01,5.898178846897080829e-01,5.359104486716687044e-01,8.856784302664473252e-01,4.425380787258677562e-01,5.012625936785006786e-01,6.569223725266329916e-01,8.321676835885283285e-01,1.424531899347124542e-01,4.180861847268387832e-01,8.393352262441728939e-01,4.017130249665731290e-01,7.990852124042244764e-01,6.795371155223172144e-01,6.343683416426771915e-01,3.894668634495486170e-01,4.091136455142908579e-01,1.298678992699152102e-01,2.311090977964880833e-01,6.677143567530618995e-01,6.119427870466510599e-01,5.028962713855026356e-01,4.951505439474919168e-01,3.476653371531566172e-01,7.557439258908527080e-01,6.234595060168425240e-01,6.731825342190727035e-01,3.453999956438159047e-01,6.825803891349402353e-01,7.907766052719600314e-01,9.634560790411766940e-01,6.353876267510147891e-01,5.523693822466135828e-01,6.752758743464550850e-01,4.160740366421883385e-01,6.627107685700084350e-01,5.962287130624015496e-01,5.570038833742160245e-01,5.205036284739769092e-01,4.085999056322993650e-01,6.911445250640764204e-01,8.434483448685420326e-01,9.320361447192440085e-01,6.779992860020277456e-01,4.569032053151298456e-01,7.963117108397956834e-01,6.236972470582253791e-01,6.433768087755351583e-01,8.027281294278433288e-01,1.111623280957487608e-01,9.264248584830555577e-01,2.949443610474470345e-01,1.860658460325757824e-01,7.940559039721728496e-01,9.363193666767903878e-01,6.056612802931506945e-01,7.005894739326956611e-01,7.220344278466186427e-01,3.306966965705525618e-01,8.896513579083082934e-01,6.147189334772432678e-01,-3.991721805247519517e-02,5.421441871148805491e-01,7.371991980136115563e-01,6.160075509615446920e-01,1.674712563023197584e-02,6.430344063986739300e-01,3.354782873718659131e-01,4.605814738816912390e-01,9.353357529185369890e-01,6.541355526859246039e-01,5.678164203670612586e-01
7.174324525012237830e-01,9.480412483703148929e-01,6.623414483112962658e-01,7.162042178013554583e-01,6.747051546912701259e-01,4.677470615118991537e-01,6.255694848417471254e-01,4.243826351296177135e-01,0.000000000000000000e+00,7.752923285602928427e-01,5.627264311926857276e-01,7.792295806220945753e-01,5.850156011332275918e-01,5.776690810482942862e-01,2.536762007308828240e-02,7.643520214387129474e-01,7.875573752381341830e-01,7.821216519315450366e-01,4.540262970921189467e-01,7.196701534967152591e-01,9.440290971565253875e-01,2.833449806691528128e-01,7.236737492772931102e-01,9.550708804845629007e-01,5.863408448490545766e-01,4.227488732502214797e-01,6.812462035286589446e-01,8.440222900129281669e-01,6.191363415174153673e-01,1.845293532710758910e-01,6.246981952283732209e-01,4.505240997752243404e-01,6.582889901664039645e-01,5.403764260951290366e-01,3.700168101799596876e-01,6.927382646491118123e-01,-1.520292205681873787e-01,4.966293596099625174e-01,6.196105019852954365e-01,8.596036238759399151e-01,7.927806451264874932e-01,9.580582068894438752e-01,7.206075523541652927e-01,7.538376323752664643e-01,9.109848624706520237e-01,2.167134905739531714e-01,4.908035794272987973e-01,8.295429596626674451e-01,9.476194352611236882e-01,4.086163904664532609e-01,2.138355781055415183e-01,1.413155415691413896e-02,5.490150622597079755e-01,8.935256385927170530e-01,8.905538726421016182e-01,8.291526094239578537e-01,8.562657692747835947e-01,9.724866697443292907e-01,6.915367025548077029e-01,7.622379506304023389e-01,5.590180043189618697e-01,7.321653027918603174e-01,9.074498894699847273e-01,6.873245720888050414e-01,8.762811643084243984e-01,6.639271208373725974e-01,3.594376385251612516e-01,2.845282669303896284e-01,5.168319804109954285e-01,6.641014012493643426e-01,7.797818886277290140e-01,6.284610924072098204e-02,7.705429181279046524e-01,5.172056675591719666e-01,6.331183604201957582e-01,4.583873119159695975e-01,8.508096549993011681e-01,8.713988996049069069e-01,6.376267029778086293e-02,1.945037778302615428e-01,4.385575678338313188e-01,8.596829267398715668e-01,8.738576315455732768e-01,6.214525810121240834e-01,2.252209657183418257e-01
8.404105432039220558e-01,6.871836928816148493e-01,8.814770963260739611e-01,9.513856430375619011e-01,5.788517230631525790e-01,6.988087463983430059e-01,4.115078682481704830e-01,8.049114188925038382e-01,7.752923285602928427e-01,0.000000000000000000e+00,9.778599111286713219e-01,8.412031255241251282e-01,1.765947042619523122e-01,7.618113577304365114e-01,7.289003716373589903e-01,5.531394266829994244e-01,8.311928409242195226e-01,5.827667084390570906e-01,7.712880112970386115e-01,9.178967748315142172e-01,9.589261859036116720e-01,4.251864892982020749e-01,4.576027964949312410e-01,6.272650565146337120e-01,3.321569217175359690e-01,6.384573511853708361e-01,8.382077465270962868e-01,7.133733996574038727e-01,4.769665640432819154e-01,6.440087259777351747e-01,2.589617587525457898e-01,5.179500083859950310e-01,7.089452792446707674e-01,5.109983675473502851e-01,5.624391172175760012e-01,2.299721764826907211e-01,2.248351443954269002e-01,2.588004052291231760e-01,9.916758125936291357e-01,7.068964267395480006e-01,6.011272068665842738e-01,7.202927084623452769e-01,7.398835765370492812e-01,6.041116262623126287e-01,9.507479660190010229e-01,8.282618813485361775e-01,9.287057584772058227e-01,7.421149208264262720e-01,5.109853066419304257e-01,6.878983079658576028e-01,7.184575441373346472e-01,6.619733745643252565e-01,8.610958517945352941e-01,9.652595617344471579e-01,7.524048304940024190e-01,9.701895289164833569e-01,5.539988458070173039e-01,4.337421959039168273e-01,7.390959745727277985e-01,4.463893697293374041e-01,5.839599405260807036e-02,3.386110946598142046e-01,3.102099254600386713e-01,9.871170494769961890e-01,8.479459759300018717e-01,8.360539712802459444e-01,8.036477182735233260e-01,7.205907769180905920e-01,4.129990785211931081e-01,5.532083326588538297e-01,8.863386125287499029e-01,7.574296955235799711e-01,6.518470956370694402e-01,3.547207884978820225e-01,3.067111476476576670e-01,6.674116805145066111e-01,4.458833700650455811e-01,2.156961502321395052e-01,6.593495009114851424e-01,3.236558236147490941e-01,8.209558172985638169e-01,8.141775218344897702e-01,9.228252042604067062e-01,7.985037449276781718e-01,4.877533001368693499e-01
7.145146679030990322e-01,6.353724754345769776e-01,8.557344518037158787e-01,6.826412064065565666e-01,8.418752651135452680e-01,2.828107789823569029e-01,5.109752319102088824e-01,4.003739526796148973e-01,5.627264311926857276e-01,9.778599111286713219e-01,0.000000000000000000e+00,8.744724773852577959e-01,4.162713469096624985e-01,7.805224201923343097e-01,9.140352892735932322e-01,7.485339020250515452e-01,9.534562893773270709e-01,6.641961950029975359e-01,4.591346700286928484e-01,8.712778921988159064e-01,9.993400952363269418e-01,9.409725738793502936e-01,5.212992453226040768e-01,9.679049226664924177e-01,6.526075830867010819e-01,8.703343918402929313e-01,9.640505906318557194e-01,8.949441553289450013e-01,6.232846015992525857e-01,3.771998264247212185e-01,-1.551025751203898850e-01,4.762761314240319122e-01,6.703883040206376487e-01,7.045792272936247658e-01,6.534866900833785630e-01,5.106022095625951662e-01,-1.978151723367268799e-01,7.559150991871175229e-01,8.758659614822174033e-01,6.239461622975910338e-01,2.551134182906146797e-01,4.606161038008996789e-01,5.697554263893445103e-01,8.006102818617981676e-01,7.001809157963430341e-02,9.763725555804773082e-01,7.932832333210519948e-01,7.377425432251036863e-01,5.103361049017474116e-01,3.067567723917588030e-01,2.662348996034685222e-01,5.110195250790799948e-01,4.371863098513801282e-01,8.142828868724852898e-01,6.044428741491156831e-01,5.314215600121072747e-01,6.423741104675452229e-01,9.584819953813875637e-01,6.610554985287325769e-01,2.876796591206195464e-01,5.993079239784376844e-01,4.267000167880129480e-01,6.233587991291861252e-01,7.103981667214089857e-01,8.886712757331729495e-01,7.191316993908583033e-01,8.612395852444532096e-02,9.485718094718676996e-01,4.157883201088142799e-01,7.833303211247768516e-01,5.206185402865074474e-01,4.946394466501459752e-01,4.150525296314653279e-01,-3.112008519054437761e-02,6.294314229235014047e-01,6.970589039943410059e-01,8.108371694419665987e-01,6.286206908804944371e-01,2.694693423997487347e-01,5.635714000173341898e-01,6.384954462964083088e-01,9.184536970273352585e-01,8.530910365054797939e-01,4.057320190847688024e-01,9.757046525707685491e-01
7.153029267365523802e-01,6.430869989921936813e-01,6.586163331054267767e-01,8.624897170798881962e-01,8.604540848296798883e-01,8.391243681605411453e-01,1.697046320752910661e-02,6.626432326554502206e-01,7.792295806220945753e-01,8.412031255241251282e-01,8.744724773852577959e-01,0.000000000000000000e+00,6.850463487484445002e-01,9.746998809542559705e-01,5.946048062876303775e-02,9.367405392922516505e-01,4.469541269258049954e-01,4.958387131766413547e-01,8.453527458204207479e-01,4.237108870010470318e-01,4.782534097629025371e-01,8.844117880683546318e-01,9.049508265880217284e-01,9.583926108890212792e-01,7.943578614017003936e-01,4.393269389553511872e-01,6.218680563408792716e-01,8.219487572016340726e-01,4.802435689568326227e-01,6.594185580098356203e-01,4.163001155122899033e-01,2.025861947229123383e-01,8.615386495652432863e-01,9.688888080302408001e-01,2.377685003228686145e-01,2.126484638074479794e-01,3.418718515110757972e-01,6.241690336570965281e-01,7.924612563844846136e-01,4.585245706354363904e-01,5.373105361714766159e-01,8.127510570986890004e-01,8.526055794486175898e-01,5.131240168060008378e-01,9.326017942151548779e-01,5.718670442026698719e-01,1.379750756049942240e-01,4.740298026066168680e-01,7.952250048884761391e-01,6.381275594405810825e-01,6.064520788611162949e-01,7.361489687505097246e-01,9.501947102019959734e-01,5.173320360331691292e-01,5.244752996153541069e-01,6.109025747667247153e-01,4.959143834559138209e-01,3.841618566330798901e-01,7.937042331181967114e-01,5.563756562211034096e-01,5.186342105223729071e-01,7.991842016902648282e-01,4.476029306673977026e-01,8.465423622095369360e-01,9.937484008524850587e-01,9.455746100387449893e-01,9.711116797394820921e-01,7.654110188525049541e-01,6.521133095871387564e-01,8.813231094944710131e-01,5.058562297586441936e-01,8.806796368075382464e-01,6.119059132122168787e-01,3.985362719275070686e-01,7.622264862375733863e-01,7.446336163317955892e-01,9.999739932383941987e-01,7.267872133214864361e-01,1.384366943812698203e-02,4.264549935067900588e-01,5.588085319636244552e-01,8.305725315738794468e-01,8.823394179599242104e-01,4.113962085002679236e-01,9.165724851035437215e-01
7.364821984269276367e-01,6.934674907727209625e-01,9.160624410480301405e-01,8.719352391126933277e-01,9.546819145246090432e-01,7.696007340739288161e-01,6.122480128321248216e-01,9.715195457486693886e-01,5.850156011332275918e-01,1.765947042619523122e-01,4.162713469096624985e-01,6.850463487484445002e-01,0.000000000000000000e+00,5.991096858812423598e-01,5.844461308317437931e-01,5.669910147140378998e-01,3.880983165470732743e-01,9.822110950207968427e-01,9.464732401268882711e-01,9.670505756992402446e-01,6.143050356173703763e-01,9.045407056120342570e-01,9.838881029791523014e-01,6.119423195608599819e-01,5.929625296613414420e-01,2.458141121458068123e-01,9.021831593217828349e-01,6.738790353082723117e-01,6.611553986143339223e-01,5.961463506223760866e-01,4.998637322283280837e-01,3.553573803760847749e-01,9.677823072901587942e-01,9.249974134465442921e-01,4.821474336841741759e-01,4.881306422508907561e-01,8.213948495424905349e-02,6.405464734800125903e-01,9.622553976286969402e-01,8.019467346620612336e-01,7.198389478792192042e-01,7.369240028399982601e-01,9.106658577704693780e-01,4.613159432254412273e-01,6.498671498805418389e-01,2.795632370871249384e-01,9.733397464353109596e-01,8.876079715238700540e-01,8.442371647769295606e-01,9.082249994353199796e-01,7.189290898556545129e-01,6.788373066322523908e-01,8.270335636122227996e-01,7.082015895768541958e-01,5.259588384128991434e-01,4.270099733490625438e-01,3.717094399595692322e-01,7.143700556597156748e-01,9.284186843441827319e-01,7.666357222579391895e-01,5.707562460306948582e-01,7.512423831582019096e-01,8.484183394703003200e-01,7.050404202413577126e-01,5.778519695054670224e-01,5.127638177063615910e-01,5.422831936655704288e-01,5.175467912440239182e-01,4.933265304270099683e-01,5.034723438706084631e-01,9.685295292644295895e-01,9.026026785709341249e-01,1.955372116350493350e-01,7.585754494971690409e-01,4.032274050489676465e-01,6.459876984695650526e-01,7.321452627960902682e-01,4.417977571255632951e-01,5.532754244573154789e-01,5.407865015744982573e-01,7.462976755914824123e-01,8.867917521839820960e-01,6.600662224362358055e-01,5.762254723215702867e-01,9.875349165694462528e-01
2.877278655247135219e-01,6.340204156336710639e-01,7.870154822724101384e-01,5.880591627583346970e-01,7.386872442102859759e-01,7.028939686859229097e-01,2.118938011975271818e-01,6.150324779231497452e-01,5.776690810482942862e-01,7.618113577304365114e-01,7.805224201923343097e-01,9.746998809542559705e-01,5.991096858812423598e-01,0.000000000000000000e+00,5.715218872373457604e-01,5.626434669751293471e-01,4.133012136227285360e-01,6.689714098918487784e-01,8.306009273116707892e-01,7.692605405566987908e-01,9.471667661804215044e-01,6.778484717854454944e-01,6.974919322015733503e-01,7.592612894037200633e-01,4.062462565065561027e-01,6.753328619494660678e-01,5.229968561068221167e-01,6.392779718309736792e-01,2.566151816062687274e-01,2.197164449119553067e-02,2.231541833652240236e-01,4.578272841224167444e-01,6.602363410332581228e-01,7.989364966774419319e-01,5.993193562594543167e-01,5.922433149753405512e-01,2.580403157298019057e-01,7.269786729435181449e-01,9.692354386804459265e-01,6.768341000719597655e-01,5.945304597720078021e-01,8.279763449138659581e-01,6.865581123594803881e-01,5.171539597901189111e-01,9.748688138328280850e-01,7.357421104936100464e-01,8.624200362874023806e-01,6.544986033705852968e-01,9.261077678687437142e-01,7.434577237913261305e-01,7.287016008648459220e-01,9.588887287290681627e-01,6.553160468691309193e-01,9.634801528965847295e-01,7.551967628879225902e-01,6.144282542202683661e-01,6.881130362220811980e-01,8.155236586631516849e-01,5.733372757034379541e-01,6.377473046869152062e-01,2.994147297083494808e-01,6.213860920595378756e-01,9.964746312643995019e-01,7.514460863809792057e-01,7.054690758625673519e-01,4.257351906309298495e-01,7.290554224007543827e-01,8.853868593352505201e-01,6.544255877631741658e-01,8.905141537572500710e-01,7.883294784161345437e-01,8.833297993356798994e-01,6.608487814988730502e-01,2.845909597987640871e-01,4.329535793254887244e-01,3.014779888854343115e-01,2.916312329263989200e-01,5.397748460199471854e-01,7.981309497500564953e-01,4.742042401581211264e-01,6.673817388181000343e-01,9.562246990089489085e-01,4.220620736309094179e-01,6.860362437707849814e-01,8.573045316072548383e-01
8.032440884723874852e-01,6.463819065241369621e-01,9.650707421631564698e-01,6.402402009363744595e-01,7.789906601696593436e-01,7.808461275229523491e-01,7.971592870067731873e-01,5.898178846897080829e-01,2.536762007308828240e-02,7.289003716373589903e-01,9.140352892735932322e-01,5.946048062876303775e-02,5.844461308317437931e-01,5.715218872373457604e-01,0.000000000000000000e+00,8.377908264490699919e-01,5.493912747213950398e-01,7.157088399160076442e-01,9.064019159692490168e-01,5.335392713239285323e-01,9.179302317950204237e-01,6.113888856069317201e-01,7.276629266948531072e-01,6.026942618517211470e-01,8.257149329933668458e-01,4.851048494815544121e-01,6.730730614105865373e-01,7.487045490425459082e-01,7.694170079149538211e-01,7.586946000819064784e-01,1.881558485712833129e-01,7.179315559077701359e-01,8.985114724404429376e-01,6.364722472092348982e-01,7.314186278772205618e-01,9.584767858058906853e-01,1.821395497721571832e-01,2.438552067184988070e-01,9.043108863790898511e-01,8.395792883537900320e-01,3.344032112241863697e-01,7.140675818820672038e-01,8.965712463105103280e-01,9.005697472222876643e-01,7.749118701593864511e-01,2.961887514715756398e-01,4.303358214038526808e-01,6.291633699783156786e-01,9.898323116606126959e-01,4.476757799891400436e-01,5.960990628924969226e-01,7.938741122889174662e-01,7.383705011558708842e-01,7.837517661826828297e-01,5.955826847785907763e-01,9.999679504447013256e-01,5.229049534803027477e-01,6.610216490929293753e-01,8.736311049624807534e-01,3.398749827024498127e-01,3.866576454579115918e-01,4.366771498463754009e-01,5.458820579032291898e-01,9.103975015109795343e-01,9.412751009573181449e-01,6.991412411930849613e-01,7.960986533775484819e-01,7.948712806595282787e-01,2.931260089129766877e-01,4.348723543057426699e-01,9.382839836565229907e-01,5.462620552030645893e-01,3.493079453963556791e-01,-7.707359033697037953e-02,2.800505576488587223e-01,8.227581246981270358e-01,6.111384289792201052e-01,9.252209951291683332e-01,5.738143991649470310e-01,2.061969450243241186e-01,4.038128605123195713e-01,9.742598304970849776e-01,9.141277666662291912e-01,7.813480180718155310e-01,5.319541248594001903e-01
7.582617561509792381e-01,5.325470007156314356e-01,8.666930170035945791e-01,6.888186135006316713e-01,7.485403287033337572e-01,-8.345660755320821744e-02,-2.703080416764933047e-02,5.359104486716687044e-01,7.643520214387129474e-01,5.531394266829994244e-01,7.485339020250515452e-01,9.367405392922516505e-01,5.669910147140378998e-01,5.626434669751293471e-01,8.377908264490699919e-01,0.000000000000000000e+00,5.438502724901577573e-02,2.081944761293433865e-01,9.227946544905880621e-01,9.769097602916382295e-01,2.013265052459267679e-02,9.882345661493210365e-01,2.566466954858021010e-01,7.821856128283560805e-01,5.153514960274190315e-01,3.418553961862975665e-01,8.630372452344758916e-01,-5.355538943720478118e-02,6.553043912659410886e-01,4.255601853286997138e-01,1.806844387923110112e-02,5.889499543817962035e-01,6.783905698892034319e-01,4.252703540261666970e-01,4.844764997849331789e-01,7.414368585541913914e-01,6.765434756171415653e-01,4.571256598913369523e-02,3.158541120738927455e-01,6.405621496470474963e-01,3.162411783263549547e-01,4.114244862957257554e-01,7.521787393262439059e-01,4.294746353822123108e-01,9.399886809944320021e-01,6.323510800027191125e-01,7.217795661426830156e-01,8.712971654578929304e-01,7.707171119561779804e-01,1.607371627269547631e-01,6.790938870083116363e-01,4.742101542371086054e-01,9.093426403389407442e-01,4.902872762042890797e-01,4.289509884064649503e-01,3.919477770413211104e-01,5.034773548359851025e-01,9.040309254648384307e-01,9.650281503802663474e-01,6.720024461778382197e-01,4.931322422305753905e-01,3.671669391815123862e-01,8.704050997405644585e-01,9.416790196775981503e-01,5.911686842827998944e-01,8.895308571403989228e-01,8.240286006114586614e-01,8.142117641476949164e-01,3.352868472841701308e-01,7.638934978503991724e-01,7.710013039105138022e-01,8.781590629237673307e-01,9.167482713723560384e-01,9.411023037071971631e-01,5.007451257315800319e-01,5.891814316653580796e-01,8.448837442132990372e-01,6.421056785175857096e-01,6.836575714790728009e-01,5.024576482123443988e-02,3.011200922312182171e-01,4.658100276904622583e-01,9.811408430168052641e-01,7.449909823688356802e-02,5.877481205564637490e-01
8.348076940495674503e-01,7.783827419408155812e-01,9.787433182425003819e-01,7.052788110181503756e-01,9.308901585349765861e-01,9.180754122214522805e-01,1.988504938241585640e-01,8.856784302664473252e-01,7.875573752381341830e-01,8.311928409242195226e-01,9.534562893773270709e-01,4.469541269258049954e-01,3.880983165470732743e-01,4.133012136227285360e-01,5.493912747213950398e-01,5.438502724901577573e-02,0.000000000000000000e+00,5.067582047609292539e-01,4.281078344274963365e-01,7.213182919227238976e-01,9.437185624264344819e-01,6.226567575924718545e-01,8.806323056936135041e-01,7.246034179636897665e-01,5.688842331893829707e-01,6.811221395247588628e-01,8.893969619090532630e-01,1.674883066376567919e-01,4.420711501659481124e-01,3.171162874947367483e-01,3.287216183604681485e-01,2.656649744542086689e-01,6.156942332422752351e-01,5.654076636867728656e-01,4.098300467069541098e-01,-1.983838862332592545e-01,3.052853711540527426e-01,9.166118624629580880e-02,5.528339957629478940e-01,6.595494447596059739e-01,3.976172718742123635e-01,2.900714812350982941e-01,8.262756888067862571e-01,5.487598670155980907e-01,3.836604603273575664e-01,8.239265685593726296e-01,3.344724694739025783e-01,7.493363478246486409e-01,8.535612321299279603e-01,7.672693550810415486e-01,2.239669394884310216e-01,9.364940402559789323e-01,6.125511502630902605e-01,8.797005656332194112e-01,9.912983335347116398e-01,9.044570593232946765e-01,9.319703233857625779e-01,9.435380665915904519e-01,7.469460198247588334e-01,5.895606812606400959e-01,7.613020365473747164e-01,6.640409918634636588e-01,3.077946818714984989e-01,7.753578374621676872e-01,8.814344821450791345e-01,9.750970705188360954e-01,9.264427781413844265e-01,8.163819026624993258e-01,6.075928692223777627e-01,5.951572525286801252e-01,-1.519285529487059971e-01,8.248640874528021527e-01,1.969848289160049948e-01,7.073829129917269531e-01,4.729295771857995323e-01,1.061277780755898875e-01,8.207532017372783928e-01,8.493369398857455455e-01,3.894058268926234301e-01,1.861534391599661831e-02,8.954772351168981404e-01,8.617949900703325561e-01,2.724173515136436574e-01,6.396841726255717564e-01,6.635197971432912345e-01
9.299625359773472377e-01,2.171904772084560231e-01,9.618544997408562391e-01,7.027256008600610837e-01,7.427906463200084630e-01,8.504866886070441279e-01,6.358497451976548032e-01,4.425380787258677562e-01,7.821216519315450366e-01,5.827667084390570906e-01,6.641961950029975359e-01,4.958387131766413547e-01,9.822110950207968427e-01,6.689714098918487784e-01,7.157088399160076442e-01,2.081944761293433865e-01,5.067582047609292539e-01,0.000000000000000000e+00,4.682958252534832333e-01,9.081676863561161106e-01,9.684956537465779780e-01,6.840779427651606515e-01,8.294217226886393401e-01,2.890605119910931164e-01,7.021250306829497356e-01,4.233911820510819490e-01,4.531117421777614562e-01,5.118323572118216314e-01,1.761100934027002296e-01,6.319286390895794137e-01,4.822103989060633200e-01,9.229404704059055442e-01,7.454183064020702965e-01,9.593701287550419066e-01,3.949252651483103893e-01,3.503695804845470274e-01,5.828488653075634129e-01,7.998832285809492904e-01,8.305839538879633555e-01,7.036013256941940908e-01,5.448605526934109378e-01,2.269587439900306036e-01,7.816245774725054662e-01,9.794856846559348851e-01,1.580735945271623255e-01,9.564947888427883793e-01,6.617450267545024190e-01,3.199283371411157928e-01,5.994295514868899222e-01,7.646869253182472237e-01,8.643356836366252738e-01,6.041181977011823578e-01,6.577066917569003301e-01,7.469720626583606915e-01,4.149332185199495759e-01,8.032621659497446442e-01,7.571140376590888010e-01,7.920244012357130492e-01,6.758820247155735705e-01,6.201015425510970035e-03,6.610763552782010777e-01,2.715628699376097521e-01,4.859527589793346536e-01,9.996071271938711256e-01,5.359460104339349718e-01,5.666046497838544971e-01,9.503303362413559885e-01,7.576864640772624782e-01,3.244012017105409318e-01,7.186849947527342852e-01,8.383745958085577765e-01,5.983154448267453684e-01,8.355817480284670751e-01,1.305115802718755380e-01,2.815549078572398556e-01,9.465001540006363623e-01,6.002371860223868483e-01,7.512050496109313746e-01,2.128831577091671590e-01,5.071039543655627702e-01,6.639118843910273293e-01,5.997096303078564006e-01,5.874049909744069042e-01,6.512474399953128712e-01,8.752612515202600196e-01
