0.000000000000000000e+00,6.693503372489119085e-01,8.389681128745367644e-01,5.385842688726394378e-01,4.990799522782955466e-01,9.037194301303357324e-01,9.450027240975941156e-01,6.743826692170129533e-01,5.795432444422858875e-01,5.781530556097450591e-01,6.991391243237231601e-01,8.501818736877435612e-01,7.334804199481905762e-01,4.485583179253027075e-01,7.484701491779390814e-01,9.685593369392493379e-01,9.888489104761044590e-01,6.277266705792695634e-01,8.269339733828736660e-01,7.618026648232404385e-01,1.297350073912500734e-01,8.185356324624886160e-01,8.755812690467023041e-01,9.369969599371210656e-01,4.801580626970957666e-01,8.617672157060489724e-01,7.865952231183978016e-01,7.868169712404582405e-01,6.297503501076916477e-01,1.952903438915226664e-01,4.463506270690386635e-01,6.212459609990877984e-01,9.715213257126953383e-01,8.934526388491267346e-01,2.116530491749507026e-01,3.068887025479110076e-01,3.387655042842259157e-01,5.631166529018388767e-01,8.861445041382538523e-01,7.278520747334857877e-01,6.047367998389079347e-01,8.088361960214794921e-01,9.958992819281202724e-01,6.853528894790626991e-01,5.065828116025772321e-01,9.593085434082699869e-01,3.420958720935638464e-01,8.434224330857965635e-01,8.782444086324363575e-01,8.799967743503678275e-01,7.660947634390153915e-01,9.065731710947898536e-01,2.013987795359837851e-01,4.542954925133863009e-01,7.112288350531176251e-01,8.186238859606813634e-01,7.705489982578246355e-01,9.229475145716670159e-01,9.717623119471406890e-01,7.992549996629538800e-01,2.394636548359490025e-01,9.757541177391327869e-01,5.854371259447639364e-01,9.715844160644290239e-01,6.908235387137209305e-01,6.380952421316733458e-01,5.611827269562974507e-01,2.983419442521711984e-01,3.154293997012344031e-01,9.512735588840336431e-01,4.981098628428606290e-01,7.496010903408250048e-01,3.354369834609185475e-01,4.416055281192935444e-01,4.808225090094162546e-01,9.384488768853153084e-01,9.970074366768696406e-01,6.561148519593120731e-01,2.042475608112352681e-01,2.016012221116842695e-01,8.009306426848228355e-01,8.029524753615706611e-01,6.061865776197883360e-01,3.109193594268988559e-01,7.240443758082878434e-01
6.693503372489119085e-01,0.000000000000000000e+00,8.296520373163750461e-01,6.668967263491207831e-01,2.512596742582624554e-01,5.142904754709849424e-01,2.495933255631205827e-01,3.528254173266833771e-01,3.416049177783096469e-01,6.850956619707389006e-01,6.969612878581690207e-01,9.280865164087909180e-01,4.663932370499292435e-01,2.549644205032235433e-01,6.317280066014764328e-01,9.228764049735740382e-01,9.625569871490573526e-01,9.344455918923153526e-01,7.103044327982710460e-01,8.714732738733810269e-01,9.095220837313962026e-01,5.380904905533622218e-01,2.900864076953087456e-01,7.435719597167939066e-01,4.364593013543742739e-01,5.876805490341576732e-01,6.224206641313834165e-01,7.713641902918706439e-01,7.128174546694358016e-01,4.960933748749426497e-01,5.889613425875652730e-01,4.561405891195039475e-01,8.826464028311368226e-01,4.229217431414037942e-01,1.641037610193795404e-01,6.348287572190581818e-01,2.841224498048590119e-01,3.366126271528987468e-01,6.340321192906371861e-01,8.780200380562435125e-01,6.121830926605190681e-01,7.966487955247338881e-01,3.253137058250764602e-01,5.733816115415506509e-01,8.651705612706244164e-01,7.247509616057581372e-01,8.158070112290898290e-01,8.571697241922014987e-01,4.487336176708162649e-01,6.940942865545967067e-01,4.197881415809523453e-01,4.284613719189101499e-01,9.387541788013216149e-01,8.055776700046172190e-01,8.990627005125041427e-01,6.111995680244759477e-01,-6.468530634377317456e-02,4.604205152982693838e-01,7.498255231901501672e-01,7.241658154720389540e-01,4.346579348181580649e-01,4.649790728494564984e-01,5.139876799962833642e-01,6.384504388515911399e-01,8.750367330226183071e-01,7.826899634783319737e-01,5.554499857763178783e-01,8.228444680946253031e-01,9.303515402076678598e-01,8.607988543752244093e-01,9.143998511968169929e-01,5.304971663305135809e-01,6.770321432779803361e-01,7.803103097855710324e-01,6.542771495163913764e-01,8.929989823989865627e-01,7.889007660164959468e-01,6.363909223924171243e-01,3.945668495101103956e-01,7.784861544768671981e-01,3.946700705791261754e-01,9.049631609763132412e-01,9.310784167673916700e-01,7.238493342576852729e-01,5.980559936595117865e-01
8.389681128745367644e-01,8.296520373163750461e-01,0.000000000000000000e+00,9.029630965383973473e-01,9.912626494033816016e-01,3.046025157388306814e-01,9.295840559577099871e-01,5.416243875397390717e-01,7.227504038923266982e-01,6.312082372994711754e-01,4.574472344941955537e-01,9.870363662371632874e-01,9.605681978160340861e-01,6.737699286222030848e-01,2.900862825720116334e-01,-1.266842165423774924e-01,9.384979020523627202e-01,8.658275922618351439e-01,9.311596316327157563e-01,7.711708294619565862e-01,9.383173590770149675e-01,1.771611003330960110e-01,7.721499900938491034e-01,6.561889816017769661e-01,8.698144764717518074e-01,7.327741457262866298e-01,6.317265139429206755e-03,5.223903993587709627e-01,4.854583048143350926e-02,9.441528594451317202e-01,5.235111566342496442e-02,8.357482403586724562e-01,7.125239074065888856e-01,9.001081011604115112e-01,8.778579026177241174e-01,4.422434930340109205e-02,5.909435880397164720e-01,4.364314122372034976e-01,8.589155235228845831e-01,8.849205022222370598e-01,4.121563874891732149e-01,9.919883268305174084e-01,2.788943728024599333e-01,6.137844495931890076e-01,8.061487374581246534e-01,6.825960822285318530e-01,5.535330650991612256e-01,8.838353072277580491e-01,8.857926858888101052e-01,8.737959011322207203e-01,8.480249003199826774e-01,9.457352767458500065e-01,7.599899527013006528e-01,7.196365599129558310e-01,6.210400680135561569e-01,6.710610751428439658e-01,9.546754122084091243e-01,8.332925804242298229e-01,7.184131086604288452e-01,5.129819808669017211e-01,3.663722186869564634e-01,6.275251688244699588e-01,9.034306775867323447e-01,9.138501533303556856e-01,5.799394505382928777e-01,8.052490122814275342e-01,9.233689455886450181e-01,7.731213820197596620e-01,5.416945710678637838e-01,5.527103215365373190e-01,7.077522556029974821e-01,9.642194643488474215e-01,6.538404250859264355e-01,3.649313262105908229e-01,9.183454908520319870e-01,8.013756007334134068e-01,8.438410363731876362e-01,9.710796683518393424e-01,7.450108827434689385e-01,9.014900337790657248e-02,8.213567202647007459e-01,6.176408268169124582e-01,6.143120003798401285e-01,8.374025942636712516e-01,3.480466504971772013e-01
5.385842688726394378e-01,6.668967263491207831e-01,9.029630965383973473e-01,0.000000000000000000e+00,6.259735428708926852e-01,4.161592513723970654e-01,6.409796086252987912e-01,7.636620491157959378e-01,6.808620560948646094e-01,9.806457259973823115e-01,4.311951655512247794e-01,8.727319715866899141e-01,6.594164211434496714e-01,7.074910364318974798e-01,5.611064107912748788e-01,8.655004318069152713e-01,8.182907658734543954e-01,2.239269320356339077e-01,9.207710800589540279e-01,2.287029651375121209e-01,8.538250436984723413e-01,8.806982750178184993e-01,4.409524843556737461e-01,6.727684410632606138e-01,3.747367374753461933e-01,-1.503951582100437889e-02,6.179768644221185214e-01,9.062957542920233589e-01,7.015293600085655001e-02,5.288463911882281820e-01,4.336298661203197846e-01,4.665201618009069406e-01,5.543957975150822781e-01,9.910609055828216718e-01,7.701032195887671516e-01,4.920709159378528486e-01,2.657458461247733106e-01,4.879924588692088339e-01,4.654204949311145922e-01,9.676743502500375627e-01,5.102130194370262384e-01,7.781762450705806966e-01,8.417471567898526796e-01,6.790280980561745894e-01,9.686055077703996652e-01,9.335821595200969325e-01,9.831178438207929249e-01,9.416140527247455205e-01,6.595044726466184892e-01,5.893963845800433976e-01,9.857089684555677689e-01,6.009541476399642423e-01,7.929550428260006001e-01,3.970831829919874156e-01,7.537367662242098199e-01,4.372157027031786103e-01,8.453228790161503303e-01,6.377322375335575666e-01,8.764530833169980051e-01,4.365016719098573361e-01,7.435608195751086669e-01,7.030964320168407999e-01,7.995489439986471769e-01,4.029052457992063907e-01,8.624539801217435686e-01,6.042231372095338005e-01,9.713317012209136125e-01,7.425016400954997930e-01,4.506463096495794129e-01,8.658880798758228359e-01,8.108701050814844935e-01,8.903080826950715565e-01,9.613675722370746968e-01,3.923680508523593735e-01,7.267927610373797753e-01,7.329117580310229307e-01,9.032674419391872878e-01,4.884622316264652375e-01,1.283256868298381093e-01,8.543370320380390404e-02,7.870694978064951552e-01,6.572566325165041246e-01,8.821568418005700796e-01,7.708250178568036848e-01,7.960776418965367363e-01
4.990799522782955466e-01,2.512596742582624554e-01,9.912626494033816016e-01,6.259735428708926852e-01,0.000000000000000000e+00,6.711287295201023850e-01,3.196734447627271325e-01,8.256264929721693901e-01,7.939189223483129609e-01,8.345232859405329329e-01,9.573036126850629213e-01,8.432470357081724988e-01,7.969034251452296047e-01,6.386421357343730065e-01,7.968550612599702987e-01,6.369121997245984490e-01,8.143890790004162383e-01,6.814417019633718375e-01,6.788083540866394205e-01,4.349950921105291135e-01,5.272089366944491262e-01,6.278844947730231052e-01,5.622930309470930421e-01,8.791363836903495210e-01,4.068136250572060852e-01,8.274722074098666003e-01,9.333538100218010669e-01,2.381437774846392741e-01,3.261528430417664354e-02,7.075991069734932637e-01,4.829484884457236338e-01,6.424992283148671657e-01,5.110166631434304163e-01,2.228315930445748938e-01,3.128584210644900776e-01,3.520780301271108081e-01,2.911272203833500938e-01,6.963071641266190825e-01,5.261429149395746574e-01,4.824445036986769186e-01,8.689952063295640627e-01,6.067607307242945947e-01,6.692607483571854088e-01,6.758187863462397083e-01,9.981387500632374898e-01,7.244609691347463354e-01,4.611788163253223716e-01,5.237509618717817172e-01,6.101148457071229325e-01,4.262583853963847202e-01,4.084436278477996951e-01,8.427595724562884083e-01,7.520568412025263605e-01,7.602454880813126481e-01,9.526085844245719692e-01,8.211606086479922295e-01,6.443592162341678087e-01,9.936343595255963113e-01,9.803266712924727511e-01,2.425695369074226670e-01,5.248434753133168762e-01,7.826198183261388053e-01,8.637699691883359288e-01,8.995919080848300275e-01,5.885524152060106484e-01,5.287824959382609880e-01,9.514504575080335869e-01,9.041541907243472176e-01,7.665921634245069782e-01,6.800334509858668719e-01,2.448209831720703777e-01,7.396943912195330650e-01,5.467486288521407056e-01,7.747623767745510648e-01,6.170932969700810844e-01,8.530642215766035541e-01,7.269807933047502946e-01,4.115563380054140796e-01,2.723438550058928098e-01,1.807049245186657382e-01,3.995919751662880826e-01,7.338275090318405747e-01,8.060311854773259954e-01,5.739144296844400639e-01,4.037925950309515510e-01
9.037194301303357324e-01,5.142904754709849424e-01,3.046025157388306814e-01,4.161592513723970654e-01,6.711287295201023850e-01,0.000000000000000000e+00,3.039683662598863800e-01,5.857942581657941128e-01,8.434407664431531337e-01,6.943464045886618141e-01,5.274127318473658121e-01,2.702413575159864911e-01,7.616432220813986742e-01,8.614215287854976033e-01,3.692012941843494378e-01,8.771846127528825088e-01,8.577181744154532828e-01,7.559768758442295677e-01,5.355756141225447298e-01,3.327753215363981054e-01,9.552066312969601514e-01,5.944479666373634341e-01,9.748899958370156327e-01,9.809453773588676651e-01,8.800965039876296192e-01,4.859918926760641300e-01,-1.010526895165718836e-01,7.336731154476232586e-01,4.384194049814182370e-01,4.352082723071111214e-01,5.474928367632345694e-01,4.831281040031910612e-01,9.312825675238817213e-01,6.173384415293270422e-01,5.888340873771042983e-01,5.304870699161106096e-01,7.167357640268814389e-01,6.383349068538815008e-01,9.713788378006104063e-01,6.173825122528876497e-01,6.106267025065897913e-01,6.900884854227710141e-01,4.340605244596917323e-01,8.774946262182488077e-01,4.098218584801980313e-01,5.991988256112551481e-01,9.632547373310387240e-01,5.306178569168726877e-01,9.209358682671595631e-01,9.784660426239324416e-01,7.274829341153733475e-01,9.012318472048846951e-01,6.644889987104876106e-01,9.681628316368275922e-01,9.408418342056226180e-01,6.065251278545419344e-01,5.920903917367676961e-01,9.061889075612069577e-01,6.953871826019009106e-01,5.774191756617241822e-01,2.738292276703755412e-01,2.717733310885804832e-01,8.696611204337658663e-01,8.526256669079965711e-01,6.905106057714155421e-01,3.706224946236601481e-01,8.486007035966046663e-01,8.748432896081451693e-01,2.746743434236106896e-01,2.731833300900177175e-01,8.257794242873087720e-01,9.276947411473283056e-01,1.256412578003944513e-01,4.809540206447647792e-01,9.132642216379845135e-02,4.165111799017121030e-01,4.925631094570075419e-01,2.495934765765019381e-01,4.092788689299789451e-02,4.970616440534773028e-01,8.448213376269355646e-01,7.431303957345956057e-01,6.344264861764369323e-01,6.312879675214563280e-01,7.692933016866366769e-01
9.450027240975941156e-01,2.495933255631205827e-01,9.295840559577099871e-01,6.409796086252987912e-01,3.196734447627271325e-01,3.039683662598863800e-01,0.000000000000000000e+00,4.019652057374819010e-01,7.413003059286371599e-01,6.271650973592804990e-01,7.380882587322197264e-01,5.456548162927888912e-01,3.756059352870782519e-01,3.514005554304803214e-01,4.148397607095585804e-01,6.896849650257981246e-01,6.768160384018647724e-01,5.379713110255285313e-01,7.542641446437297059e-01,8.571018975355566560e-01,6.330472171599180742e-01,9.095882835734968586e-01,7.620146827380819277e-01,6.577966843842041333e-01,7.684039637606170370e-01,4.854370687874703383e-01,5.349813759195335416e-01,5.583460668866597754e-01,6.228037378472404129e-01,1.539509730108822860e-01,4.989552593993832885e-01,6.523555885875500504e-01,1.187565073815618488e-01,5.361733798153826003e-01,5.420733376274915472e-01,4.971801639783680060e-01,3.820391043782459528e-01,4.984887932168703406e-01,8.397061421468129394e-01,-2.152339247018716928e-02,7.791803396569894069e-01,7.078440000695366274e-01,7.613515592437398727e-01,7.408806781805558073e-01,9.639554670134736769e-01,5.898903904715160351e-01,8.392932243531563419e-01,6.584691547400916001e-01,6.863875987125664935e-01,4.252026629436355121e-01,7.287571948470379368e-01,6.851189270997370961e-01,5.510625053229675219e-01,5.453423042652884023e-01,8.759884665873668430e-01,5.098188562454694095e-01,9.763378930848783943e-01,4.893833465363002233e-01,8.256886228378447212e-01,7.205071686858126601e-01,2.512645887119903110e-01,2.138716725123893381e-01,5.103734518971205780e-01,8.736806939450487697e-01,8.122431736052105888e-01,5.468228283709134496e-01,-9.169869878541292429e-02,7.484220753734882603e-01,4.051141510375849686e-01,4.539694942263935440e-01,7.177214667281125449e-01,7.800188287431244483e-01,6.012071482710690251e-01,4.885897645168529313e-01,7.103179616644708094e-01,8.549354797046586629e-01,6.763133252782725924e-01,4.334197770372739122e-01,4.904848399373489265e-01,2.150178166231080934e-01,8.844975316191343584e-01,6.917779325440057692e-01,3.712648797973885223e-02,3.245898137621023860e-01,5.091169649102957884e-01
6.743826692170129533e-01,3.528254173266833771e-01,5.416243875397390717e-01,7.636620491157959378e-01,8.256264929721693901e-01,5.857942581657941128e-01,4.019652057374819010e-01,0.000000000000000000e+00,1.086496523877177600e-01,2.660128124120745285e-01,6.617789277003904846e-01,9.249726170690157900e-01,8.160875061008322495e-01,8.668007401205708451e-01,4.463319296499497213e-01,4.696904678485773199e-01,8.719019067717603821e-01,4.560192202601139333e-01,5.886569076151035862e-01,9.515774009181139359e-01,8.187835260236705492e-01,4.739859202378514103e-01,5.293772601908672826e-01,3.770182529498554702e-01,6.753210397829978451e-01,6.423455196137284329e-01,3.172005259341973415e-01,5.850396749171040689e-01,3.993456300268979353e-01,7.235159167044196149e-01,4.296764935674982633e-01,6.980846264176377991e-01,4.599901321646610031e-01,9.293209465123811741e-01,3.482456730409584367e-01,1.173144176465870381e-01,2.214110740000064248e-01,7.135066982517659362e-01,9.723749333459364985e-01,5.991782448875440092e-01,5.944349200899440300e-01,5.510463905558908859e-01,9.521831036328668452e-01,4.544593021625535911e-01,8.228808324743780434e-01,9.046750839385492293e-01,5.801645114764369948e-01,8.754159462747559406e-01,6.648840409559456655e-01,9.164075622146428124e-01,3.869128712487188704e-01,-8.556682791813054190e-02,7.071662573187603718e-01,6.867318369185632099e-01,8.374966069432194793e-01,9.398296481875964004e-01,5.970527278304442742e-01,7.053579437652746087e-01,2.832894989664536123e-01,5.673629132954489673e-01,-1.306045011793494082e-01,4.433249146993568091e-01,8.915432306606844159e-01,8.735558798806741798e-01,9.095913065354750415e-01,7.222610621241857265e-01,5.551437152942185760e-01,7.622733918206914261e-01,7.616608762009838829e-01,2.564070403270096721e-01,6.213948871054912892e-01,4.301682886720006316e-01,2.310808194371462565e-01,4.801243741398655285e-01,-1.421565927210107216e-01,6.598227179139861676e-01,7.820918532897613851e-01,4.534300213078673591e-01,7.994854297861329062e-01,3.943262048670632680e-01,4.644384622491170567e-01,6.308908538936462973e-01,8.421557224969159483e-01,5.253280800986178667e-01,1.691853184512390751e-01
5.795432444422858875e-01,3.416049177783096469e-01,7.227504038923266982e-01,6.808620560948646094e-01,7.939189223483129609e-01,8.434407664431531337e-01,7.413003059286371599e-01,1.086496523877177600e-01,0.000000000000000000e+00,7.419818917762130983e-01,6.103091153403655822e-01,7.150925130111097650e-01,4.267896416502872103e-01,5.448434609688630470e-01,8.580765188581833680e-01,8.362942254724561320e-01,8.457995352283884660e-01,9.105686417202231153e-01,8.115300250975359120e-01,6.935667303256312088e-01,1.503220382242544950e-01,7.203094321949521373e-01,7.731857567563771294e-01,8.806846803108595578e-01,9.936678596892839499e-01,4.645874597022234265e-01,4.160693958493986155e-01,6.714660703842577627e-01,5.258348751287699185e-01,7.432440798603545673e-01,5.997390723642554988e-01,5.215983942188938682e-01,6.752208681651187261e-01,1.245363202540940295e-01,9.820180919861247748e-01,5.208607701707891335e-01,4.812827993318545272e-01,7.225653435801835389e-01,7.314557016954615909e-01,7.711187402000003743e-01,9.964810029423463167e-01,3.491119700968029482e-01,9.884603878015972844e-01,9.276271587999912471e-01,6.667503801208822800e-01,7.578132047283028250e-01,9.810106171252952478e-01,6.127526862056021928e-01,5.018848000979448942e-01,2.238700099851735070e-01,7.475579637709047764e-01,5.994571679657321184e-01,5.054931614270599116e-01,7.670320148324110132e-01,8.602026676489493706e-01,6.256816674862769601e-01,5.266941352551146593e-01,7.964286582674364734e-01,6.562086623392698881e-01,8.159303549318260018e-02,7.270164388569800851e-01,6.683583000188695333e-01,7.873551439669073115e-01,7.007883243313632882e-01,9.622834639174510096e-01,5.285365578721358260e-01,2.574364490652098492e-01,6.721692308838287389e-01,2.511915547306434182e-01,7.948115884629707306e-01,8.960006046540778257e-01,6.910976357136965342e-01,3.320148618388230055e-02,7.440443908869366352e-01,7.593074953473736288e-01,5.387921123836414417e-01,8.197318862860873967e-01,8.118846005439620539e-01,-1.610607957265028645e-01,3.231141302477193444e-01,7.481243600582883069e-01,8.837872568619763447e-01,6.523508703471194714e-01,5.415166408634405348e-01,6.938842948744469163e-01
5.781530556097450591e-01,6.850956619707389006e-01,6.312082372994711754e-01,9.806457259973823115e-01,8.345232859405329329e-01,6.943464045886618141e-01,6.271650973592804990e-01,2.660128124120745285e-01,7.419818917762130983e-01,0.000000000000000000e+00,3.460827670599356809e-01,8.758358780959191181e-01,5.096663162222450083e-01,4.286962877924404558e-01,4.523721300105807974e-01,4.847447190468575640e-01,8.005347014761662328e-01,7.271416071136826975e-01,8.156529651974484540e-01,9.511532687212488346e-01,6.609794591362099236e-01,2.619822637836377033e-01,7.163262095466657042e-01,4.738613697549785009e-01,6.416166198910863150e-01,8.434125968045391719e-01,8.745985182198662278e-01,6.852733003700496317e-01,6.332271494435874892e-01,7.030372357430466623e-01,1.558550420735699549e-01,5.587517448735407344e-01,6.567810562359125415e-01,7.962620590272024845e-01,6.657096010918687190e-01,-9.811962950876226830e-02,6.236755479863566043e-01,3.661226477307322202e-01,9.583336895368527175e-01,4.560875906784235823e-01,6.697869383951895461e-01,7.907517275526549927e-01,8.477855643607439262e-01,7.205147377577056922e-01,8.988353563822693015e-01,7.300993245649923802e-01,4.489959411453392502e-01,6.239077944505310169e-01,9.069881568928318538e-01,7.815443396769179429e-01,6.391505839730899918e-01,5.209561849731599026e-02,9.374274475160553344e-01,3.715047471690987591e-01,9.992731150065943257e-01,6.783193500613686755e-01,8.775022258201355951e-01,7.619631041525695148e-01,9.199426792235054773e-01,6.896759828277869708e-01,4.374296370048488813e-01,8.749919868515485533e-01,6.946061812333897967e-01,7.544502904084299244e-01,3.413687199363225622e-01,2.029743513081158079e-01,9.535317980555519934e-01,6.149255080916623539e-01,4.563869997028354164e-01,5.721710390507908084e-01,8.020635970428562356e-01,2.521456849305805381e-01,4.261925308506784860e-01,5.327051494941946741e-01,7.846278720245165594e-01,3.323560036717270183e-01,7.033873147834408535e-01,5.930304710705547322e-01,3.606407679921105336e-01,5.599285784302641122e-01,9.782483339094325547e-01,6.262573649016760502e-01,6.645398648844107470e-01,5.421272984345655577e-02,9.588511048011167937e-01
6.991391243237231601e-01,6.969612878581690207e-01,4.574472344941955537e-01,4.311951655512247794e-01,9.573036126850629213e-01,5.274127318473658121e-01,7.380882587322197264e-01,6.617789277003904846e-01,6.103091153403655822e-01,3.460827670599356809e-01,0.000000000000000000e+00,5.079007771915401426e-01,3.243665506824194300e-01,8.617148304246624591e-01,9.644991219927435688e-01,5.204708715902088834e-01,9.233560501864948034e-01,9.336844979926126609e-01,7.088305306803439620e-01,8.740018122698501868e-01,9.772051877705909551e-01,2.424304862884901768e-01,6.388117670746737975e-01,9.147510602773503141e-01,1.039656955733854471e-01,5.018582675740376198e-01,4.726126904276268803e-01,5.503665408907263412e-01,5.998134913022843406e-01,2.596614902026785354e-01,4.574517640163952570e-01,3.513406567444499196e-02,4.686468753303303925e-01,8.837733543054342444e-01,8.080314141171665021e-01,6.623230512969500161e-01,7.210653186142716997e-01,7.752934959241468693e-01,6.173193026711398801e-01,2.934449820537974318e-01,5.611158453471325885e-02,5.875443175776166038e-01,7.443088733376630461e-01,6.523231658769110819e-01,7.617571869781478711e-01,8.563425674100236806e-01,9.896118079402956846e-01,8.937156657308277241e-01,7.233159724478301911e-01,6.095526425537785009e-01,7.041031331688953898e-01,9.125551304237800032e-01,7.206665774437815974e-01,8.952323412550572401e-01,7.597458097178377834e-01,1.291632086471240226e-01,6.599072217120012240e-01,6.093464630523238723e-01,6.080303076426942788e-01,5.030264334469713994e-01,7.426271927970413689e-01,7.643085386848453844e-01,7.531997097873021074e-01,4.029747842103792999e-01,8.066016716258386232e-01,3.476243703833917231e-01,9.414506934643270819e-01,8.873769472325028218e-01,7.958246450239547798e-01,7.730886255625977199e-01,6.793104221646928398e-01,5.427868811026566043e-01,6.286892101626352369e-01,4.037220750188601492e-01,2.244982163680583898e-01,7.420526708337684685e-01,6.074300125863649757e-01,9.982423338199731822e-01,2.166739969767644547e-01,2.990672578448869134e-01,6.329493230566758388e-01,7.307536529205000964e-01,8.360875313199760406e-01,6.269278365909464190e-01,6.608641418501056686e-01
8.501818736877435612e-01,9.280865164087909180e-01,9.870363662371632874e-01,8.727319715866899141e-01,8.432470357081724988e-01,2.702413575159864911e-01,5.456548162927888912e-01,9.249726170690157900e-01,7.150925130111097650e-01,8.758358780959191181e-01,5.079007771915401426e-01,0.000000000000000000e+00,8.955568129830158153e-01,4.854460455903031324e-01,7.917688095919937774e-02,7.128729795565911243e-01,3.827418012474850251e-01,6.508665307005465639e-01,5.966606594895926818e-01,8.380477842893598872e-01,9.397909612381952771e-01,6.997859734057018111e-01,4.139388838391018233e-01,6.910994688186059554e-01,6.757105306878691264e-01,2.821428537087987687e-01,9.900538333196448049e-01,6.909777233278271424e-01,6.041929002946538896e-01,6.426172402991434662e-01,4.805275133202939197e-01,6.039127582026715402e-01,5.487399461790313238e-01,2.227412402801303704e-01,7.389649706481044023e-01,2.701116649980057072e-01,9.065972336042508184e-01,9.077000340855072569e-01,8.921043548870376538e-01,6.057378158765136522e-01,2.007085464644932649e-01,6.411211099984043260e-01,9.308999708239353854e-01,7.611398778624052230e-01,9.723530147026944181e-01,9.306625381719901835e-01,2.415909048824045335e-01,7.748856746397397854e-01,7.522961546848135894e-01,2.940646604090547123e-01,8.161011887700596601e-01,5.816966214283459946e-01,7.271068503285935680e-01,5.593037016322148780e-01,9.389888543683334587e-01,9.312973078100017510e-01,9.449395114872640722e-01,7.893544755399595214e-01,9.606256852823515935e-01,6.709718304460838834e-01,7.683870840657919254e-01,9.958908669137347403e-01,3.274904832474518912e-01,8.535574042209936874e-01,5.423145506538960131e-02,8.979145577940759182e-01,6.050217617686317606e-01,7.551667702847443264e-01,9.966397121453983432e-02,5.904260129818644787e-01,8.770068853872016179e-01,6.431051928008342244e-01,5.311805454767504209e-01,3.823430028962191418e-01,9.433372278616745099e-01,5.601216496718348647e-01,1.128724040179373694e-01,4.358074869066407286e-01,5.582226628089019815e-01,7.960900812016153960e-01,8.150665257708661349e-01,8.284714068002373422e-01,6.648219570122475552e-01,7.554668751259092652e-01,7.867680187275324366e-01
7.334804199481905762e-01,4.663932370499292435e-01,9.605681978160340861e-01,6.594164211434496714e-01,7.969034251452296047e-01,7.616432220813986742e-01,3.756059352870782519e-01,8.160875061008322495e-01,4.267896416502872103e-01,5.096663162222450083e-01,3.243665506824194300e-01,8.955568129830158153e-01,0.000000000000000000e+00,4.731977736080096864e-01,7.392328357369425396e-01,9.266171372082984137e-01,9.361377710629116278e-01,6.194806197272655357e-01,3.998719493407653092e-01,5.627578285915895151e-01,7.474577192227034317e-01,9.306308432227436978e-01,2.134710084395763097e-01,6.617117464625031920e-01,6.950531195566821419e-01,6.781497037631725178e-01,4.072780270362978405e-01,4.428460547659843760e-01,4.653308102337690988e-01,6.149214995385192672e-01,5.380107936782246858e-01,6.150249997643901789e-01,4.012612598362115257e-01,7.092846505937593360e-01,3.406744411503308950e-02,4.379348836073620466e-01,5.102270170376121960e-01,6.976841557692596840e-01,6.078674027367129140e-01,6.002286929921903935e-01,6.643859761065227243e-01,6.088945381164768689e-01,8.052631424790229753e-01,9.911757428727268060e-01,8.201474620498943047e-01,6.178181731092569073e-01,4.780364176720565683e-01,6.746203945276292302e-01,6.337480206780805592e-01,9.677290024184557193e-01,7.996824954656636120e-01,4.043004159780777540e-01,8.089092207599827278e-01,1.307723494622315408e-01,6.189888367419439374e-01,2.869742552741487152e-01,4.579808740388734978e-01,6.604010735091716544e-01,8.600079730002582190e-01,4.311319524279374482e-01,6.568561513518575978e-01,9.553079743568326787e-01,6.326102346834286960e-01,8.681759672483315704e-01,6.106792038090397279e-01,7.721857572138900450e-01,9.593526378611874073e-01,5.372459836987106829e-01,4.538962844016519727e-01,4.373447164583320057e-01,7.376317291728152759e-01,8.649813369534855578e-01,2.174680378016009830e-02,5.727229959080942789e-01,8.401167460705909473e-01,9.498886735106357726e-01,7.640728151436191329e-01,3.673083262888823114e-02,1.394222153048369217e-01,2.372870459011541533e-01,4.272634273223757106e-01,6.893069231515246420e-01,6.568144981632652035e-01,2.989687856997118656e-02,8.298099922651834826e-01
4.485583179253027075e-01,2.549644205032235433e-01,6.737699286222030848e-01,7.074910364318974798e-01,6.386421357343730065e-01,8.614215287854976033e-01,3.514005554304803214e-01,8.668007401205708451e-01,5.448434609688630470e-01,4.286962877924404558e-01,8.617148304246624591e-01,4.854460455903031324e-01,4.731977736080096864e-01,0.000000000000000000e+00,5.702746374997857970e-01,5.450550806686550454e-01,8.656826270010138380e-01,7.439900070183990133e-01,6.187114257896085823e-01,6.316304149293285874e-01,9.840581594994672887e-01,8.293073859977828644e-01,7.163053004926649425e-01,8.706274881086546458e-01,7.307374533088072388e-01,6.421847015798123337e-01,9.904927230968790797e-01,4.801447029318884896e-01,3.780893595443627353e-01,1.690602985867449837e-01,6.864434881529742905e-01,4.773310800719509639e-01,5.144286343965699393e-01,7.163820187583076482e-01,5.160719885880468150e-01,4.834393927815458514e-01,5.587784601336940327e-01,8.600798007018545244e-01,7.114467974843683429e-01,6.996007336164540291e-01,7.374165356641698699e-01,7.605219397587701380e-01,5.126706834492167353e-01,7.632494552885840111e-01,8.039794300644144132e-01,6.982519117018970434e-01,6.564716336544534903e-01,2.880520412536576313e-01,8.005225485715309341e-01,8.910055922820802055e-01,4.309559151112846709e-01,6.764801089894111330e-01,8.758987890898468631e-01,5.931417453952001484e-01,8.997074193785934426e-01,4.615278201032463334e-01,8.684301228429984754e-01,8.913218097588656574e-01,2.309631077226718121e-01,-2.879476486767118537e-03,5.330246360527629568e-01,8.956538513015429581e-01,6.546915344692777472e-01,5.131053914860285170e-01,8.693620050183675785e-01,2.354182837561240305e-01,5.753125699887673417e-01,2.656693783175108070e-01,4.482689675357535153e-01,9.817517262881144680e-01,1.208535976801194955e-02,8.670713547183506176e-01,4.870123909919185090e-01,4.900470467274132824e-01,8.116043257761956786e-01,6.624798738551949118e-01,4.277975082593213352e-01,7.663388655002589811e-01,6.175017000628900687e-01,9.150629038085984768e-02,6.846989418090954072e-01,9.998082703514008518e-01,7.658057921328530471e-01,1.430910180345822402e-01,6.647280092694021203e-01
7.484701491779390814e-01,6.317280066014764328e-01,2.900862825720116334e-01,5.611064107912748788e-01,7.968550612599702987e-01,3.692012941843494378e-01,4.148397607095585804e-01,4.463319296499497213e-01,8.580765188581833680e-01,4.523721300105807974e-01,9.644991219927435688e-01,7.917688095919937774e-02,7.392328357369425396e-01,5.702746374997857970e-01,0.000000000000000000e+00,6.563901926330470982e-01,8.591193417174205482e-01,9.271652687024980466e-01,6.959815403400605449e-01,7.960983109393005019e-01,8.699472412047520864e-01,8.134224956416122865e-01,9.709074519991416352e-01,8.662860680376405220e-01,4.034579160708418599e-01,6.839981482554007286e-01,6.547841297986871645e-01,7.109447371622548140e-01,7.062080972327864359e-01,2.775642788993705756e-01,6.494629297287959346e-01,8.738028039009522463e-02,6.362920847324042839e-01,2.944372797819311827e-01,7.107552614080584474e-01,8.979933699160332905e-01,1.051033811262344075e-01,7.806083173570981248e-01,8.113197473375750590e-01,8.917063729947519723e-01,6.879953313249554947e-01,5.354384605333086800e-01,9.960012419182137089e-01,2.212967203540121275e-01,7.906389272998513018e-01,8.682126241405396794e-01,7.381843831371807108e-01,6.308946281442349147e-01,4.560597450101195882e-01,6.303668736850013277e-01,9.773982749430661920e-01,7.535264968366021110e-01,9.546543509649515480e-01,4.260630972660210958e-01,5.933388070153026161e-01,7.131104990531933474e-01,2.304412366110255295e-01,7.172866859800041128e-01,9.454690923995215934e-01,9.077229258614688545e-02,4.901792447165618793e-01,7.092261726170614455e-01,4.207447922744846913e-01,8.926405122674433423e-01,8.904001410927991911e-01,7.093059031724481267e-01,6.177526093855006950e-01,9.910990105566980235e-01,2.053569661054809314e-01,7.606571131110098083e-01,9.235587325311152007e-01,6.989811733018801432e-01,-8.387753869812616947e-02,4.230614115192814495e-01,7.868513764544941003e-01,3.947985838606608011e-01,8.212944552943185483e-01,5.641667407491739450e-01,6.884358439996435264e-01,4.718493199805103844e-01,1.928245765106364473e-01,9.011028313798067346e-01,9.704607156809264001e-01,4.758960225633089292e-01,2.773839614876646986e-01
9.685593369392493379e-01,9.228764049735740382e-01,-1.266842165423774924e-01,8.655004318069152713e-01,6.369121997245984490e-01,8.771846127528825088e-01,6.896849650257981246e-01,4.696904678485773199e-01,8.362942254724561320e-01,4.847447190468575640e-01,5.204708715902088834e-01,7.128729795565911243e-01,9.266171372082984137e-01,5.450550806686550454e-01,6.563901926330470982e-01,0.000000000000000000e+00,2.412256271954194564e-01,4.262534234751493845e-01,6.279262926777948728e-01,7.372277399951325805e-01,6.268177293730928801e-01,5.112900630356573828e-01,3.015289197976650515e-01,9.532031760271827414e-01,6.077926861872616771e-01,4.265491270424808246e-01,9.361685607380337837e-01,7.917056585376864852e-01,3.254719055834750518e-01,4.895370286348355582e-01,2.334183436979432313e-01,8.413727076104065006e-01,6.785657196767465038e-01,1.510356067597188323e-01,6.430283913002325935e-01,4.940053453907149450e-01,2.445886071095595138e-01,-9.985900826111164530e-02,9.301377062892810521e-01,7.694114934841695952e-01,4.649446122687264649e-01,6.359615994619284285e-01,8.846624444321823377e-01,8.250993184860596630e-01,6.106460431985456516e-01,6.735668430680981089e-01,7.462347303594255576e-01,6.723893327485591653e-01,4.347792405829595808e-01,7.684607588812779611e-01,7.677505738718563011e-01,7.401355240758987764e-01,1.127921253325213091e-01,5.897667579802370330e-01,9.851571023365232049e-01,7.363118424450486588e-01,8.336096006611315445e-01,5.847245484220773282e-01,9.287514475918410284e-01,7.384395789175740576e-01,6.691560346323732755e-01,7.021522314467403270e-01,9.635883373200742064e-01,7.570436318042533808e-01,9.917371987345668938e-01,9.447886995475271998e-01,8.333420214686549921e-01,4.527761511328292632e-01,7.762855026451607188e-01,7.749433237050358247e-01,9.993760007386833788e-01,8.327483717275406816e-01,6.335813900280956590e-01,8.494507743153376644e-01,4.256179994171397363e-01,6.493936804650048966e-01,8.867292084583512368e-01,-1.237350137529753258e-01,4.360825205719591757e-01,7.580249719767635785e-02,9.313049633599977672e-02,9.172196964617882475e-01,6.281034361272613831e-01,5.315183447161512253e-01,9.224193632653511221e-01
9.888489104761044590e-01,9.625569871490573526e-01,9.384979020523627202e-01,8.182907658734543954e-01,8.143890790004162383e-01,8.577181744154532828e-01,6.768160384018647724e-01,8.719019067717603821e-01,8.457995352283884660e-01,8.005347014761662328e-01,9.233560501864948034e-01,3.827418012474850251e-01,9.361377710629116278e-01,8.656826270010138380e-01,8.591193417174205482e-01,2.412256271954194564e-01,0.000000000000000000e+00,8.103570134279285408e-01,5.761739885363258429e-01,8.923866518197123288e-01,1.066759515564624228e-01,9.258603620098788678e-01,8.221209271284243281e-01,8.087640256432798713e-01,2.068887701309900518e-01,7.754163591998721738e-01,8.054137378132066871e-01,6.577895366169516089e-01,2.899436977362082613e-01,6.057357463149073418e-01,1.378545690029167048e-01,4.597224684863276956e-01,7.745500293523064350e-01,7.368124585331280452e-01,5.104674193786175040e-01,-7.027363390064669812e-02,4.194764950093322065e-01,5.257647540453803670e-01,6.401109541300936678e-01,7.675821444434540730e-01,7.084426351351602591e-02,8.498914100814214390e-01,9.312037031781957852e-01,8.255659904030665519e-01,9.567532391105432188e-01,8.817674266410959749e-01,9.485997542223290058e-01,8.692813649104397244e-01,8.478120638063280090e-01,4.881857442877386988e-01,4.600029472016183840e-01,9.310023920856752566e-01,9.779579834323817167e-01,7.934211432150659604e-01,5.112051237093174771e-01,6.379977968750999429e-01,9.668167758397208100e-01,9.063567631046662854e-01,7.040723066491758608e-01,6.629404959764954031e-01,4.855090169518418430e-01,5.866593934454042980e-01,9.200479553017221201e-01,7.029691423648354309e-01,5.305646550533229533e-01,9.586398689121563566e-01,6.547045626706001764e-01,8.955329535127042329e-01,9.916950903574979215e-01,7.466248875825872711e-01,8.775516264621665563e-01,8.905846312000876841e-01,9.178069888328845849e-01,3.314544352132050564e-01,9.575812688896747638e-01,4.264075690993025525e-01,6.178204795274899741e-01,5.237468184277861427e-01,1.425024027454516451e-01,8.321672379088976279e-02,8.677119721485820891e-01,8.264367263210984360e-01,5.085581943140647931e-01,5.612519077459159345e-01,9.663721181887837686e-01
6.277266705792695634e-01,9.344455918923153526e-01,8.658275922618351439e-01,2.239269320356339077e-01,6.814417019633718375e-01,7.559768758442295677e-01,5.379713110255285313e-01,4.560192202601139333e-01,9.105686417202231153e-01,7.271416071136826975e-01,9.336844979926126609e-01,6.508665307005465639e-01,6.194806197272655357e-01,7.439900070183990133e-01,9.271652687024980466e-01,4.262534234751493845e-01,8.103570134279285408e-01,0.000000000000000000e+00,7.576881578865548583e-01,5.739618677032194416e-01,8.394063808153557904e-01,4.179102810686299296e-01,7.856610897961516793e-01,8.222591066001790905e-01,7.544619737121135428e-01,9.020599459949035781e-01,9.882743711071685366e-01,7.877285976363251896e-01,5.053155771275980035e-01,6.917454174783731480e-01,4.935754558775171108e-01,5.413355032175297676e-01,5.735561406570472975e-01,7.166835712148119653e-01,1.824460131870349056e-01,4.413445356455309443e-01,3.987669802429441579e-02,3.597855784922454059e-01,8.689780630611469991e-01,9.058025534322262651e-01,2.946112083781899926e-01,4.898672753590112561e-01,9.909542826464590171e-01,7.790803209737131585e-01,7.394473173699953605e-01,7.740220797350916282e-01,9.779879135534466084e-01,4.187985778815813687e-01,8.869359065999492531e-01,9.830018293963037612e-01,7.037418182418123669e-01,5.925795726401897889e-01,4.700019191543389763e-01,6.011201675062416427e-01,9.978764349087347885e-01,8.252059430321162514e-01,4.576465827891908478e-01,8.452728406118890092e-01,9.580459220125904229e-01,5.942954510937278334e-01,3.221025439457064765e-01,7.598184514069025175e-01,6.512297446749533147e-01,9.333228290540567240e-01,8.826560666752185647e-01,7.847007211213008482e-01,5.737963347696913852e-01,9.368847452005401033e-01,5.356022087872231996e-01,8.371135668106342020e-01,4.410201139523639569e-01,9.011905975188229112e-01,2.471952503805899815e-01,3.691323014451843854e-01,5.235177124640391089e-01,6.403692074922828770e-01,4.194552801288717880e-01,6.353365387050534663e-01,5.174663514253126095e-01,5.332399099500487738e-01,7.771688408426059569e-01,5.464918596671832773e-01,9.238457575537134536e-01,4.327238478899838592e-01,4.661431732462589794e-01
