0.000000000000000000e+00,9.024539465131340421e-01,8.534642781400985090e-01,9.708082787784064749e-01,7.126418631353169664e-01,8.229927129064666946e-01,6.816199708525357837e-01,7.269524364764974322e-01,8.118131131616931340e-01,7.601362464557717136e-01,8.617667129142637661e-01,7.227600071415455352e-01,5.025814960990852009e-01,9.902247815655617069e-01,4.523470135225450273e-01,6.181529580128704016e-01,4.150957267284149932e-01,7.148607757831687559e-01,8.946546607606845614e-01,8.934424218008402141e-01,6.942672262933823335e-01,6.117055825048879347e-01,9.901739793888930663e-01,7.050450579122811146e-01,1.872833003734459545e-01,8.137819255832642318e-01,8.770459389669790218e-01,8.267142445354862534e-01,3.125353556286715184e-01,7.302685638631893905e-01,6.472147520242521601e-01,5.656764432473191384e-01,6.276089826176816100e-01,8.181783896137345691e-01,9.490554361879798284e-01,3.341324036934551489e-01,6.977160966138942211e-01,7.969888369547231122e-01,6.686135861583024642e-01,7.419905618265731917e-01,1.449182692359795022e-01,8.460090267381099594e-01,7.841090783167031786e-01,7.703170212797060268e-01,9.740238745777329843e-01,7.321199449953288418e-01,9.869817563899566659e-01,7.791703332465886866e-01,4.766593238708888292e-01,7.842450633365716239e-01,8.421077162908288116e-01,8.615694949123419155e-01,1.503290664812411692e-01,6.291573396069161106e-01,5.041322781195850533e-01,7.103178597845847264e-01,4.750672542245328867e-01,9.842725640117091501e-01,8.070069567089324103e-01,9.010682181060771789e-01,5.460668743755366927e-01,9.967699120757049780e-01,8.298719831963196070e-01,4.740137642729694289e-01,6.278112815663194901e-01,8.370481960302214031e-01,8.539601723239087505e-01,9.570949786709767038e-01,6.545309900109661516e-01,7.148692379710029909e-01,2.264116089939088305e-01,3.109964874460656725e-01,3.813538724633040999e-01,7.954388834568697497e-01,6.495879307794160118e-01,8.733087426607055725e-01,7.217312318659450110e-01,8.162236951049337552e-01,-1.967833139657516883e-01,5.335793604959143677e-01,9.240366992102295729e-01,7.462361821687804042e-01,7.655027244387081486e-01,6.052861107874819568e-01,3.851471607273252440e-01
9.024539465131340421e-01,0.000000000000000000e+00,9.310112155201846207e-01,3.129896385779942780e-01,9.426599540755156159e-01,4.243651583725389642e-01,2.374145656757958023e-01,6.323255257499214022e-01,7.065957852696910235e-01,6.771567623926888491e-01,8.854512114626043040e-01,9.507333119486740536e-01,6.913128825387969689e-01,8.296078581688161036e-01,5.559493807680764288e-01,6.165546230998946164e-01,9.756249084719244014e-01,7.610352453157895880e-01,5.573945628434017197e-01,5.580268119541209604e-01,9.378531826936591376e-01,3.806344797035920990e-01,8.114439194754512474e-01,8.726778741473980583e-01,7.895420601358495993e-01,8.347133817019612989e-01,5.174607216659556919e-01,9.620524150084964754e-01,6.482790077211971758e-01,5.268197668580770765e-01,2.283445521394021627e-01,9.255743767591912974e-01,9.858987167418328257e-01,2.009033991154829391e-01,4.107562881744932226e-01,-3.641739645643076728e-01,6.110796814673422617e-01,7.839570356287914876e-01,3.974947032856765983e-01,7.430565693843478314e-01,9.713939644924920458e-01,8.447488693258895509e-01,6.950384211453209948e-01,7.114149830178488898e-01,9.234953176106796002e-01,4.326829167482456606e-01,6.726205183005602439e-01,7.138796309257507966e-01,7.020029191155616743e-01,8.716464288591772025e-01,7.866856538206982163e-01,8.169527109254609565e-01,6.138763867435135246e-01,6.292197219838120414e-01,2.850508142137915257e-01,7.769412907589936523e-01,4.803322151694602304e-01,8.382803521661403856e-01,9.333930578788791621e-01,6.120023622725000445e-01,5.261622803746510701e-01,6.820954891241197693e-01,5.200405508681182898e-01,8.287411797504733446e-01,8.783670677262316318e-01,6.525993468709520018e-01,5.783879923263448575e-01,9.018731696358657235e-01,6.774525590141375897e-01,7.398854774624390451e-01,6.021351678425062026e-01,3.963929801833320221e-01,5.822569186282537945e-01,1.914250473836585920e-01,9.304682166379897312e-01,6.106981692319409794e-01,9.385862701551072051e-01,7.023583016379382205e-01,4.533079031419757210e-01,6.505530524249141244e-01,4.553217897010906068e-01,9.689451829263130422e-01,7.707664987833352521e-01,-4.266192574415562655e-01,7.925471203988054825e-01
8.534642781400985090e-01,9.310112155201846207e-01,0.000000000000000000e+00,8.714846204868744728e-01,6.499245430415671043e-01,9.335703433842391652e-01,8.435816925473474948e-01,6.229655558663523829e-01,9.288618899026437337e-01,8.598953978837712286e-01,7.278859305446112593e-01,8.524320896224859556e-01,6.306410394168650013e-01,9.712313819115875324e-01,9.984721784959663671e-01,9.147735467817282862e-01,9.718016859538936014e-01,7.721268075234355432e-01,7.523177235595217560e-01,8.198947442420381204e-01,8.542955762895860783e-01,9.609805206814784340e-01,6.516703176864337976e-01,5.378199869302867642e-01,8.757276704315613003e-01,8.144806619771177703e-01,4.426200412059437261e-01,9.775825143109775350e-01,7.713039668937725635e-01,2.698208507439213144e-01,7.255820583933094703e-01,8.244478460926347729e-01,3.360280938828201780e-01,9.142955430945832740e-01,9.114904127225100794e-01,6.974224675720722688e-01,3.766337919854226279e-02,8.748791147382257716e-01,9.380815619321176690e-01,8.471904200931948958e-01,7.645898810537542500e-01,9.794172242324519218e-01,8.825376447902486543e-01,8.235970821901461569e-01,9.352451824150377346e-01,7.921135370725924663e-01,7.781277783280181604e-01,8.893450341217333799e-01,3.350501243541150753e-01,6.645018693846862501e-01,5.648936989460393576e-01,8.312993242529121973e-01,5.206178194618532595e-01,8.544839399424664084e-01,8.378062985724269440e-01,8.301382149314308068e-01,7.675838660508426115e-01,6.368120215040165011e-01,9.843726287850365075e-01,7.625633075370776837e-01,3.751129974399211031e-01,6.038677994801392446e-01,8.842704021158915850e-01,6.899236348371817762e-01,5.682502301708821646e-01,8.456431053274704457e-01,8.381192894774661672e-01,7.815519682947136282e-01,9.018178791326180166e-01,8.934568199256264220e-01,3.414372299457709703e-01,8.930072854078039413e-01,3.915946286075281391e-01,4.893443038459856509e-01,8.606801804962587177e-01,8.575548469549529873e-01,6.357069569368745121e-01,4.504328815030386735e-01,4.839857710793973866e-02,4.804074044225637441e-01,4.052644841846119173e-01,6.433714413605620130e-01,7.661387067558808051e-01,4.290847657588622299e-01,9.410696035676180404e-01
9.708082787784064749e-01,3.129896385779942780e-01,8.714846204868744728e-01,0.000000000000000000e+00,9.460053955431309003e-01,6.211428712722133483e-01,2.876728708637757426e-01,1.489724116373597751e-01,9.427505916797651597e-01,6.402091723380363142e-01,7.279917230489869606e-01,9.849973538837009102e-01,8.731084974730298764e-01,7.495118264044943190e-01,7.704067017741627055e-01,8.885645088157300142e-01,9.163531653665613064e-01,4.625983664064213241e-01,6.884236725996486506e-01,9.999116468207427388e-01,6.523719165145354104e-01,4.645213651983352565e-01,6.751437007924204758e-01,8.881899773473297399e-01,5.587093396478871599e-01,5.317210954051649896e-01,9.750368783989675769e-01,9.754500012291618116e-01,9.359603377713987538e-01,6.682936667510566142e-01,7.660771684819132066e-01,7.462025513084262762e-01,3.352745476870706565e-01,5.018851619052654423e-01,6.027936924087710091e-01,2.108969133843824895e-01,3.909997806914929097e-02,4.379213586915480239e-01,4.868221912204017676e-01,8.650144693508042826e-01,3.139912016795834426e-01,5.245038187451744882e-01,6.047880595034743623e-01,8.011462802943839501e-01,4.805350634768636442e-01,3.583267195242327841e-01,4.843912360583196297e-01,6.018385965530215209e-01,4.127070898052019876e-01,8.149776157790719067e-01,8.312385217891399281e-01,5.666638443361484700e-01,6.198982407164576047e-01,2.368610873740153444e-01,5.368463709158786124e-01,8.990291725446715176e-01,7.842532989196161486e-01,7.563855529742266048e-01,7.013887262261634392e-01,6.625181725135987909e-01,5.317828080558426596e-01,2.157226668954356497e-01,8.565597771928241677e-01,4.030059612794556489e-01,9.489861112855395575e-01,2.739141008514657250e-01,5.298748449587855625e-01,9.255105777094724262e-01,4.856098218303069314e-01,3.297160014771096104e-01,8.434860311817311551e-01,9.671393107175434434e-01,1.699686063339262906e-02,6.429280838125581710e-01,4.708221470768848560e-01,8.842155066967637422e-01,7.936657239677343822e-01,-1.921424645628733163e-01,4.812832520048724305e-01,1.154934671893800280e-01,3.972139946967549462e-01,8.004879043829590257e-01,2.368357367829270199e-01,5.981106833961579161e-01,8.349422017733474366e-01
7.126418631353169664e-01,9.426599540755156159e-01,6.499245430415671043e-01,9.460053955431309003e-01,0.000000000000000000e+00,8.441120475992147654e-02,7.436244990325893145e-01,7.024798804396579222e-01,4.616033636400401208e-01,7.409978710047568917e-01,9.265032581869716566e-01,4.828477749988314693e-01,6.829998031563034866e-01,6.589829138915230811e-01,6.550749166439699955e-01,9.604805121280722835e-01,5.605110416735035184e-01,8.280789597663449353e-01,9.277215694212318509e-01,9.553688883691651146e-01,6.271388661027242906e-01,2.032566700259123837e-01,5.478837172392158061e-01,7.010016580743395620e-01,7.971116176642883966e-01,7.334509545044166634e-01,8.868740648855092390e-01,7.107561248550653410e-01,7.983813031932308624e-01,4.951973515346155263e-01,1.971074934395207479e-01,4.606940051907066902e-01,6.637120375461232902e-01,9.444652972361859966e-01,9.311298847842661708e-01,4.159700394562852455e-01,5.842259213731287870e-01,5.359237417401481185e-01,6.017012843779965259e-01,7.604824647599297549e-01,6.775357486838717858e-01,6.111357943850288521e-01,5.045944940208649809e-01,7.530818635555551754e-01,6.947876380557471698e-01,8.504494506590886127e-01,3.184810180190947859e-01,9.745958602199069620e-01,5.307812037275311257e-01,6.346874860218858494e-01,7.289021813770231173e-01,3.841030098233062517e-01,6.223194335073553018e-01,8.157920083209763140e-01,7.946828725928414272e-01,-3.600331743332030321e-02,8.968055282409149731e-01,6.884704018427630912e-01,8.289920311217584548e-01,7.923664101056384634e-01,6.986990746258557594e-02,5.184764613412560230e-01,7.498501643979667008e-01,5.766579043955067929e-01,9.341174724055769651e-01,3.618596471384943891e-01,7.663417019885594428e-01,5.869092309722820922e-01,5.499323313290115367e-01,6.224124689932704069e-01,8.717618714881949504e-01,8.671439395587345889e-01,-1.088241441712350238e-01,5.852206816686218449e-01,7.625296462673855080e-01,8.935110662066448883e-01,8.777029742867058504e-01,5.485395688456717878e-02,6.931912337359137366e-01,2.711852285058687362e-01,3.325883677977354291e-01,8.251778217985383801e-01,7.163599905819763025e-01,2.399230984563097135e-01,8.214185854548797794e-01
8.229927129064666946e-01,4.243651583725389642e-01,9.335703433842391652e-01,6.211428712722133483e-01,8.441120475992147654e-02,0.000000000000000000e+00,6.417270283770113437e-01,7.929844552233977772e-01,9.586046907838097209e-01,7.062056902486669729e-01,8.228951229530282463e-01,6.875290207316031577e-01,4.190537241169747240e-01,9.691631787620655913e-01,9.596180761443313667e-01,6.624325942526789746e-01,6.406764823631960759e-01,6.713133490651993496e-01,7.651544427030589901e-01,7.712381914717303388e-01,4.998079323789406669e-01,7.665177526064665958e-01,4.770436945366786086e-01,9.023224677271988181e-01,5.168554856024353272e-01,6.025267595188779080e-01,7.066581580255083539e-01,9.398647551751101448e-01,5.357502506936110409e-01,4.582765435143628108e-01,3.820094916530457629e-01,8.742814807756402740e-01,2.296915302873859532e-01,7.653705526359563249e-01,2.154001902320617015e-02,6.653231394650602759e-01,6.177103746366205961e-01,6.865233024151130570e-01,4.681310898348476357e-01,7.066991175281316373e-01,6.560364018151069176e-01,4.764115898379545078e-01,9.911350097998009590e-01,6.868107683584809831e-01,7.226954896232367087e-01,5.449724100920981806e-01,5.293330174812763689e-01,2.496728220562087208e-01,5.836785624036544551e-01,7.615676059426679245e-01,5.555301956239462324e-01,8.515713082493525654e-01,9.557998730360373063e-01,9.629929430085459874e-01,8.292805330992067958e-01,9.926251328284962927e-01,9.395916027236974610e-01,8.299844224483481359e-01,7.032062920316599630e-01,5.160393645983508693e-01,4.549072930177062712e-01,7.619999241698247605e-01,6.078189684256705139e-01,8.050343845891186900e-01,7.379128437162959520e-01,2.653687293141343551e-01,4.466581152456165493e-01,9.829876112619634343e-01,6.858807657781256228e-01,9.919972380852661864e-01,7.948096601145823170e-01,3.546203943465577879e-01,5.724166122694005487e-01,6.958914542082959009e-01,7.179193990351486754e-01,6.479909090454913922e-01,4.479426700151129537e-01,3.579336025864204851e-01,5.057983431178196820e-01,2.106465003779557921e-01,5.395303362268608627e-01,8.546055231879573499e-01,4.331673801956079650e-01,2.370219124893726270e-01,9.639081413728350922e-01
6.816199708525357837e-01,2.374145656757958023e-01,8.435816925473474948e-01,2.876728708637757426e-01,7.436244990325893145e-01,6.417270283770113437e-01,0.000000000000000000e+00,4.218657894302051403e-01,6.133478797665263826e-01,7.059832273352121268e-01,4.916212838140601726e-01,3.327448373577747143e-01,3.944723088261871680e-01,8.382212708774194887e-01,5.349528654180524256e-01,8.677404264627057717e-01,7.007103772736075209e-01,2.925832656476977101e-01,3.732253101898405090e-01,8.973911079078135122e-01,2.294694695093924541e-01,4.904154300119012988e-01,6.989980395811218328e-01,8.334031542851473295e-01,5.632169376342480716e-01,-3.828762354737141882e-01,3.875330858270430445e-01,9.670846149203373709e-01,7.592508909768611591e-01,5.440947085739804567e-01,1.667435895053350214e-01,4.664810916995530410e-01,3.734997951995248644e-01,3.869145966622102861e-01,7.496423937164952145e-01,2.186728458853753332e-01,5.025530687935393370e-01,1.621919433784064779e-01,2.549898738374523077e-01,7.847260964792767135e-01,3.956570297456426522e-01,8.252694116229865040e-01,9.865030684810974781e-01,-1.780933142446715911e-01,9.216383146256591496e-01,5.395027208684481934e-01,3.797127298027999087e-01,7.646370175735852648e-01,3.752566621383334189e-01,7.716999885876721921e-01,9.975571671698870713e-01,7.621052872326763428e-01,3.814275278980771011e-01,9.766317918804738873e-01,6.363765757547494850e-01,8.463060180492549822e-01,3.952410937929461410e-01,6.878154353558112444e-01,9.607924972531685093e-01,5.116134617161870457e-01,3.297280905081108604e-01,6.199530268507085218e-01,6.192743681609720330e-01,8.947480109708243479e-01,4.537042451279647004e-01,6.029473083683467571e-01,3.408102286415488902e-02,5.900379408212623744e-01,4.680361834733182680e-01,8.601365292427965228e-03,6.297204410143173448e-01,7.792241018528701657e-01,4.392228051464539540e-01,5.021835274917190173e-01,9.990412380091868993e-02,4.811866466190248270e-01,7.539632214910630958e-01,6.274484666472205374e-01,7.611365065975765898e-01,7.995478952536845263e-01,9.775897823145215382e-01,5.758391701054742517e-01,6.870064033442562224e-01,3.087459989773539415e-01,8.066786638044963764e-01
7.269524364764974322e-01,6.323255257499214022e-01,6.229655558663523829e-01,1.489724116373597751e-01,7.024798804396579222e-01,7.929844552233977772e-01,4.218657894302051403e-01,0.000000000000000000e+00,7.680990599872427049e-01,8.741674397418190967e-01,6.590429438018547970e-01,8.139010188159970793e-01,9.543521588909835707e-01,7.643976898434314826e-01,5.412692607822918722e-01,4.285098221816031061e-01,6.711683922541119562e-01,3.367752805725515719e-01,4.176029242069608793e-01,8.315353946502408444e-01,9.870344793862554367e-01,9.690435471588754179e-01,6.737581753062957812e-01,8.702424534627553054e-01,3.720875227993132306e-01,7.440842214762088958e-01,7.616509333971552831e-01,2.292132524749907752e-01,1.765895741900572191e-01,4.929817758287645679e-01,5.494690893890892269e-01,7.649225549963062365e-01,2.441099252339740400e-01,7.378443401886254360e-01,7.260571907289126159e-01,3.416731547137942249e-01,8.599393046392306283e-02,7.103795940394376229e-01,5.745746987407469586e-01,8.266000448178709714e-01,9.218643672875721506e-01,4.680761011566450525e-01,2.650418961185881106e-02,4.871963312389999134e-01,4.698250941224771382e-01,7.244219330439950477e-01,7.630762077879617022e-01,5.212096963652844694e-01,7.948016773070654128e-01,2.546094458222356582e-01,7.194747320933118084e-01,2.575143608448946519e-01,6.442866433145659766e-01,5.165970194362163870e-01,7.143499314579269122e-01,8.628463210346808410e-01,7.185395442573300206e-01,2.887886172194170098e-01,6.734347276660787029e-01,3.230672409125601718e-01,3.258492359574488573e-01,4.714370376858242895e-01,6.884150570475592312e-01,8.557267083213623282e-01,7.293837498276889431e-01,4.531624965521948711e-01,7.169631225399818453e-01,7.795665826909036200e-01,7.431200038917830097e-01,5.493136645042017152e-01,8.186092661421262573e-01,6.192291350775678271e-01,6.311939356351857766e-01,2.377704170448692311e-01,7.049656122215420817e-01,4.911625588042516366e-01,6.653900842190839660e-01,7.244771598912609356e-01,6.950719908924725132e-01,5.868223029703433236e-01,2.361639208556518821e-01,6.807141371644320760e-01,7.423490061749760116e-01,2.984222026094828228e-01,4.711193063654045554e-01
8.118131131616931340e-01,7.065957852696910235e-01,9.288618899026437337e-01,9.427505916797651597e-01,4.616033636400401208e-01,9.586046907838097209e-01,6.133478797665263826e-01,7.680990599872427049e-01,0.000000000000000000e+00,3.867539906767115676e-01,3.543201356898267318e-01,4.942614010314849149e-01,7.235771532241810355e-01,3.742857866830718860e-01,7.226343516340221207e-01,6.004432803272198305e-01,9.795802467082611598e-01,-5.028796069327409746e-02,9.307595472981751161e-01,8.452662151126550949e-01,9.386622516537230787e-01,6.481689717621850200e-01,4.924448436573484744e-01,9.883780611445652786e-01,5.534894918477493153e-01,7.891409764397306140e-03,8.637033884723326338e-01,6.521891791654679249e-01,5.981236048209557232e-01,1.011257066147913247e-01,3.422234725543827905e-01,7.902676613365513525e-01,5.638163676138332470e-01,4.018534718523271709e-01,2.321811893936817361e-01,3.698403124833659072e-01,2.876540667677967011e-01,7.944581122846547938e-01,9.346488828838552809e-01,8.039205898221791768e-01,4.118049829077810031e-01,9.193995021847044535e-01,7.166520888642092801e-01,5.459421355527732667e-01,3.315404613464368877e-01,9.166134556178553439e-01,-1.728029999720920307e-01,5.585075592071755413e-01,4.882624113228933305e-01,7.787672186584713163e-01,-2.858912419375897462e-02,8.610061545297805763e-01,9.065944801091601057e-01,4.470344972187217381e-01,8.228635527105540026e-01,8.432998464502248215e-01,6.655620181758034049e-01,5.457870322069239277e-01,7.692959191888897319e-01,7.251948103904526377e-01,6.313494372065745486e-01,3.133127216918086266e-01,7.205403976643571795e-01,9.137343629543165369e-01,9.382868576388950776e-01,5.285223703792333305e-01,9.610886564248408703e-01,7.534956144299322922e-01,7.713976703174906246e-01,9.359924419382641414e-01,6.540514230149054864e-01,7.793717990942303775e-01,4.443172691430871124e-01,4.902832799315181567e-01,7.164081988937102130e-01,8.519445439833243094e-01,8.467872699986773721e-01,4.212390274997381834e-01,4.456624840918940733e-01,2.326477745865072333e-01,5.899429514585341483e-01,8.819134652098984395e-01,9.971834612261472053e-01,8.974704971437131862e-01,6.551749585704756962e-01
7.601362464557717136e-01,6.771567623926888491e-01,8.598953978837712286e-01,6.402091723380363142e-01,7.409978710047568917e-01,7.062056902486669729e-01,7.059832273352121268e-01,8.741674397418190967e-01,3.867539906767115676e-01,0.000000000000000000e+00,9.018138588747093287e-01,9.232021808501004179e-01,9.663085788919072439e-01,6.062234294469959206e-02,3.149466858416758996e-01,6.772655573027770437e-01,7.934467203163517723e-01,9.294788736730199563e-01,2.952681241379099819e-01,5.725074214001319994e-01,7.742990217077815318e-01,7.821619005173957584e-01,8.475787984243395856e-01,5.169027968970419940e-01,4.235782196063859195e-01,8.868630876679829411e-01,8.296579258530057954e-01,6.005759566919739445e-01,9.375351637514890424e-01,5.601562745184550662e-01,7.889696768470330079e-01,5.807094017771536887e-01,8.484150899870762652e-01,7.302199649055006736e-01,2.933788032750767050e-01,3.620759016990756085e-01,2.463614104053259979e-01,6.266138933863903970e-01,6.166416248441366488e-01,7.769676851872719947e-01,4.502015776085253607e-01,8.001463488137491309e-01,3.986546706816362917e-01,9.071280624504138856e-01,6.570217137683445063e-01,9.615025860970355387e-01,8.937499307853651320e-01,7.874216768488680185e-02,3.589806846694179043e-01,5.643416930786149255e-01,8.958166419291008209e-01,7.223232595418842550e-01,7.406693788237723730e-01,4.501479509403304990e-01,7.254674930877195171e-01,8.032585024918498240e-01,7.355381394441559140e-01,4.880026459739480460e-01,8.374628967442463434e-01,7.505387089978654558e-01,-1.087164768567044915e-01,7.334187498897950519e-01,7.427649998173504464e-01,8.309274417896741483e-01,6.542657331802739229e-01,7.966527529136262498e-01,9.225232418144364566e-01,9.916467135543403089e-01,6.104482212145686537e-01,6.442285436013704958e-01,9.734797713087341986e-01,2.831573089528711673e-01,2.222388756754721528e-01,8.595255234233413200e-01,7.162065461227277163e-01,5.748450293460309890e-01,6.732946559633159467e-01,6.087065530550439529e-01,1.128245044559580412e-01,5.724285146504264343e-01,7.058368448978892262e-01,8.939238393339669075e-01,8.055279479288509625e-01,4.379061126684957173e-01,3.961671609371989478e-01
8.617667129142637661e-01,8.854512114626043040e-01,7.278859305446112593e-01,7.279917230489869606e-01,9.265032581869716566e-01,8.228951229530282463e-01,4.916212838140601726e-01,6.590429438018547970e-01,3.543201356898267318e-01,9.018138588747093287e-01,0.000000000000000000e+00,6.020390718129503549e-01,2.420213070616545337e-01,3.730028439095429693e-01,3.900987181992765507e-01,8.357578739495352682e-01,9.342787533384768750e-01,5.170038914540951991e-01,8.843107586896907790e-01,8.129045368438884145e-01,9.039752377389211890e-01,6.750173891653138414e-01,6.010438480933167904e-01,4.190156164112052717e-01,7.930551871576921874e-01,6.429135305996831473e-01,6.634534929807767156e-01,8.026645865466435215e-01,7.037595336424705694e-01,3.236144807412094093e-01,2.543015004723540584e-01,7.846106926558580330e-01,6.201004074026196244e-01,9.303728535974603586e-01,6.509803668588021175e-01,1.474476904498079333e-01,-1.132358998942958467e-01,4.499616815717152885e-01,9.933406294393798408e-01,5.386006257957243193e-01,5.942042627584744885e-01,7.217988843403292387e-01,6.594311532103653839e-01,4.010009322418786049e-01,9.535682737186386149e-01,7.508988324365021283e-01,4.989523834265370827e-01,6.175854236033336830e-01,5.380528560313768693e-01,7.174237677809521818e-01,5.108263825426985205e-01,7.854196232562247193e-01,6.301512788573390145e-01,4.045387414867818165e-01,6.409254612947548058e-01,4.250105791646379694e-01,7.192132531083932356e-01,6.370719713154022745e-01,9.905648754198018713e-01,5.048819477283159607e-01,6.390569342727833169e-01,6.333301160407023289e-01,7.601027569804722495e-01,9.837278974109109342e-01,7.828384575451097227e-01,5.073070532349341910e-01,6.107477971085960577e-01,9.645216255858489740e-01,6.376440924305086799e-01,9.450100953759550393e-01,6.696288699827306345e-01,8.222409325639865596e-01,7.047819453343688867e-01,5.071752506623848911e-01,1.449198221301651879e-01,5.845817929800591894e-01,5.953701869121181822e-01,7.517003519843511450e-01,1.689453820935882256e-01,7.238459268080098541e-01,7.409560065059913603e-01,2.390129132640388399e-01,8.374121272002298388e-01,5.981387438787387767e-01,9.393319576742267252e-01
7.227600071415455352e-01,9.507333119486740536e-01,8.524320896224859556e-01,9.849973538837009102e-01,4.828477749988314693e-01,6.875290207316031577e-01,3.327448373577747143e-01,8.139010188159970793e-01,4.942614010314849149e-01,9.232021808501004179e-01,6.020390718129503549e-01,0.000000000000000000e+00,7.928299554550704009e-01,4.876253164143037888e-01,5.477845266487743059e-01,4.834985961373507446e-01,5.235693299655419519e-01,2.631052212781223587e-01,7.882035280936039445e-01,8.269191816388735683e-01,6.296803553415397658e-01,1.714675074145597389e-01,6.233612773780791150e-01,9.253032197214720034e-01,5.992076668346640878e-01,6.288390533710355168e-01,6.260213571591246584e-01,7.198907678082766548e-01,5.488530758651894992e-01,5.498116432518405094e-01,4.177964004122974861e-01,7.677652739761771095e-01,1.630454690323769606e-01,7.998339916683592232e-01,6.807509531657740531e-01,4.024137811790395314e-01,5.780943530871731628e-01,6.305931898933435642e-01,4.033293855420071461e-01,8.807140459363398399e-01,7.421249151059963189e-01,6.152894120474938777e-01,9.505223731526026842e-01,6.885849135163570889e-01,7.076466445453402088e-01,9.505023679117931001e-01,9.021479220307678792e-01,8.759591735144308666e-01,5.762572276017527972e-01,6.708731822225952879e-01,6.467914525944624682e-01,8.221765767050845941e-01,2.808145385357453394e-01,3.318144146092473212e-01,8.226626395361349431e-01,5.515167597677319566e-01,7.255644647503542988e-01,2.940802763963961119e-01,8.985752037490961630e-01,-7.773876594325591916e-02,3.122087439645941376e-01,8.951100593632178581e-01,7.782523087817978524e-01,8.812649168357681306e-01,8.300420656887705917e-01,6.074439219272893542e-01,6.798349756619767037e-01,9.579722321787110806e-01,2.449960846100087131e-01,5.124658977990178554e-01,6.380628910875053572e-01,8.451216909219941842e-01,2.388247347201152837e-01,4.373768611774567217e-01,5.757744112583195184e-01,5.522823108230716649e-01,6.416868926239329696e-01,9.908612286850404516e-01,6.046645828954629875e-01,2.801570515126492605e-02,3.233904018017269011e-01,7.432737125463321215e-01,7.751267284823448733e-01,3.407043600658899996e-01,9.196869308465058790e-01
5.025814960990852009e-01,6.913128825387969689e-01,6.306410394168650013e-01,8.731084974730298764e-01,6.829998031563034866e-01,4.190537241169747240e-01,3.944723088261871680e-01,9.543521588909835707e-01,7.235771532241810355e-01,9.663085788919072439e-01,2.420213070616545337e-01,7.928299554550704009e-01,0.000000000000000000e+00,6.943749428490053610e-01,9.781381414985017564e-01,7.368661253596218152e-01,7.629046671952424141e-01,7.813448702598861928e-01,7.598222634713105439e-01,9.908832745734660330e-01,8.803086032323389487e-01,9.028823653425566143e-01,5.114183983522379018e-01,8.710227546870865645e-01,6.901820984145874416e-01,8.339332152479657090e-01,8.866810099452575589e-01,2.072623331491215970e-01,6.620150099151895784e-01,3.611758475821217340e-01,6.139917459368802177e-01,5.058915449210631410e-01,7.391207430318327276e-01,7.523254655534381552e-01,6.115752741243202228e-01,6.539468426822391267e-01,4.570809057921811913e-01,7.844962260383722130e-01,8.700669163413070617e-01,7.280116401845490026e-01,9.382091550984975603e-01,8.943296615713148823e-01,6.172539866792534635e-01,6.296583263872514991e-01,7.493427116211621719e-01,9.932961185383564207e-01,7.530778321738305081e-01,6.967203753917475817e-01,7.743307742281537731e-01,7.311821066055973484e-01,8.767825118722227806e-01,6.374017794010031768e-01,7.034744048409915518e-01,4.610546901126160169e-01,8.422495866906027917e-01,5.648420892089882628e-01,7.914410732486687472e-01,7.862042909939173096e-01,4.074464885008003412e-01,3.176026085034366342e-01,3.674684504086614956e-01,7.302798818107930634e-01,8.047222814096195442e-01,8.361400433750652006e-01,8.021446165041703491e-01,8.036556046112398599e-01,6.627957900845783401e-01,9.421336857824574862e-01,7.462584778253826823e-01,9.354126255611472374e-01,8.117270026132004102e-01,9.700607321066770927e-01,1.917947406899454810e-01,7.790334502070277445e-01,4.356017953451723490e-01,5.878466380891878007e-01,8.911512602218587542e-01,8.376716985009974303e-01,7.486838271928787369e-01,1.526293261384183975e-01,3.659203673919971811e-01,8.347000384184727340e-01,9.513034570643664756e-01,1.181044046983453361e-01,6.693440579204604779e-01
9.902247815655617069e-01,8.296078581688161036e-01,9.712313819115875324e-01,7.495118264044943190e-01,6.589829138915230811e-01,9.691631787620655913e-01,8.382212708774194887e-01,7.643976898434314826e-01,3.742857866830718860e-01,6.062234294469959206e-02,3.730028439095429693e-01,4.876253164143037888e-01,6.943749428490053610e-01,0.000000000000000000e+00,7.163104576662592260e-01,8.516424989065568552e-01,8.827580529978571455e-01,3.600863663726626696e-01,4.519614771188610880e-01,2.892176472883084548e-01,7.333472011811293934e-01,8.763063412542685393e-01,9.559864737755501274e-01,9.968736477074954250e-01,6.603028740497809412e-01,5.086364130028996344e-01,3.165122325406224957e-01,7.223673186638808197e-01,7.318332590075063981e-01,5.314706380544619302e-01,7.444398226101490712e-01,9.273763101993564018e-01,4.923413669287465266e-01,6.494553186728669880e-01,6.708836302797061002e-01,4.145070391574817714e-01,3.475117729208811457e-01,4.973751329659144016e-01,8.411633509175696632e-01,6.019699857482515570e-01,5.198055505100092066e-01,6.461682822619003730e-01,9.639588464899222497e-01,7.946570653909635906e-01,8.793730150549449176e-01,9.298414550888505214e-01,7.355630000585264838e-01,8.186638860099689774e-01,7.792116390136247794e-01,-1.043991353160333979e-01,7.068376922007926222e-01,7.731631063259924996e-01,8.757781378561304564e-01,6.752979799001006533e-01,1.025018884315495316e-01,7.205209609642984070e-01,7.274106355030133253e-01,6.930516929692941419e-01,6.352166324875041514e-01,6.891863068786800994e-01,6.566850817765373938e-01,7.595353946970300196e-01,8.605980514050280972e-01,5.856398724546785228e-01,4.456821862803914680e-01,7.087056234089650353e-01,7.834738850075667616e-01,6.136085214584195979e-01,6.613037609802475680e-01,4.280710845828512023e-01,8.366094768285122774e-01,8.986696824747606449e-01,6.046129009929239739e-01,8.911221226760921432e-01,6.583051482365516183e-01,4.541098048802194587e-01,6.452567428882802769e-01,4.920950595859200360e-01,3.578659896338406421e-01,3.005237104327415087e-01,8.192395573363513428e-01,7.444442413527195823e-01,7.205619932759773638e-01,6.547037531965711477e-01,8.604333040058838034e-01
4.523470135225450273e-01,5.559493807680764288e-01,9.984721784959663671e-01,7.704067017741627055e-01,6.550749166439699955e-01,9.596180761443313667e-01,5.349528654180524256e-01,5.412692607822918722e-01,7.226343516340221207e-01,3.149466858416758996e-01,3.900987181992765507e-01,5.477845266487743059e-01,9.781381414985017564e-01,7.163104576662592260e-01,0.000000000000000000e+00,7.808051094418806404e-01,8.474567531687664523e-01,8.446195382153361964e-01,7.049114152342673689e-01,9.131271349170793084e-01,9.321173785250805865e-01,7.019411428025675859e-01,7.315287766348654852e-01,9.538310296342622507e-01,2.633872557505778089e-01,7.121376314240512873e-01,8.803021790290447290e-01,7.309054426003365190e-01,3.054270929523020817e-01,6.453894301175182591e-01,2.512035615805944810e-01,6.543999950347312300e-01,3.203432088575510761e-01,5.973945097017685502e-01,4.674982554180239780e-01,4.556234405205021321e-01,3.601179799045268748e-01,6.715292329418156569e-01,9.498768557669960977e-01,8.429960918727507080e-01,5.869750535305047201e-01,8.421478306237528688e-01,7.362711014626477368e-01,7.601203987318553290e-01,9.230139590892905144e-01,8.436516681507262305e-01,7.752543501926730807e-01,6.957014284527659465e-01,1.808683155884952543e-01,5.038883046569493374e-01,6.741998575203681510e-01,8.536299304883432360e-01,1.397131915095181087e-01,6.182737636522501745e-01,7.397273941369977845e-02,6.789466340168723857e-01,3.966011364209143242e-02,8.176029303972294215e-01,8.588470237913439220e-01,5.968809345431533853e-01,-1.933165006522220841e-01,8.434033416434822961e-01,7.992867935535084012e-01,9.723924483186799916e-01,9.108530812074679961e-01,5.792396461097935045e-01,8.512359268568194803e-01,3.960526843146119358e-01,5.961426154713553860e-01,3.876067874718122086e-01,9.271295228860103599e-01,9.259125151105412899e-01,6.301343741778286933e-01,7.097603164838343082e-01,6.229285441925874744e-01,9.855708343257478798e-01,6.270630360987010654e-01,6.927185572172880335e-01,7.817925444026789794e-01,2.228216477105091908e-01,3.686230291317433849e-01,9.011494810942800582e-01,9.035367924599201350e-01,6.699985347350810860e-01,-2.482988350095005625e-02
6.181529580128704016e-01,6.165546230998946164e-01,9.147735467817282862e-01,8.885645088157300142e-01,9.604805121280722835e-01,6.624325942526789746e-01,8.677404264627057717e-01,4.285098221816031061e-01,6.004432803272198305e-01,6.772655573027770437e-01,8.357578739495352682e-01,4.834985961373507446e-01,7.368661253596218152e-01,8.516424989065568552e-01,7.808051094418806404e-01,0.000000000000000000e+00,7.540995638557378422e-01,4.925372185547813308e-01,6.114027220962056086e-01,8.678149560945935814e-01,9.969604700758275539e-01,4.593249171389700569e-01,7.270288959230926107e-01,7.803104863509384703e-01,7.853634434140774889e-01,9.406490071883394366e-01,9.294151338035707699e-01,4.969662929492920100e-01,5.872928232837378859e-01,5.484935481899628762e-01,4.603723623091922623e-01,2.107933998482221238e-01,4.113425219595128191e-01,7.907650049332680675e-01,6.994983317082870133e-01,4.483747978025337533e-01,2.986026088069856921e-01,7.766090078412613007e-01,7.012069543426222573e-01,7.860129865192524434e-01,4.717037668523095251e-01,2.144677747723791328e-01,7.965569633089304435e-01,9.673189437510449906e-01,9.808698056786997466e-01,5.019315064491663980e-01,9.818793170939077442e-01,9.526015008160612085e-01,4.022301980485079587e-01,6.839094646842321934e-01,4.970412779426561789e-01,8.091942131375154945e-01,9.275170900480038672e-01,9.532968705619999650e-01,9.681802608110042785e-01,9.337752211697502025e-01,8.710480334170352945e-01,7.991322579290146555e-01,9.915903629655906659e-01,4.316117561534980607e-01,3.906138611212884859e-01,4.548132194427134678e-01,9.213500386608298731e-01,8.811578552154233357e-01,7.899996782217146851e-01,3.725267740913447145e-01,3.119086469002370077e-01,9.113019171567909860e-01,6.517797478786864218e-01,2.044468060933448128e-01,6.556400565635114308e-01,7.346543015689874778e-01,4.876842650559392589e-01,5.684847271970353555e-01,9.363895003126061489e-01,5.274594956751983421e-01,7.822214412008056117e-01,6.269716331017055611e-01,2.207647998428135042e-02,5.493724203098894199e-01,6.201531279321175205e-01,7.420720754742802239e-01,4.361013460155340193e-01,6.451962101488062373e-01,7.362712271112594742e-01
4.150957267284149932e-01,9.756249084719244014e-01,9.718016859538936014e-01,9.163531653665613064e-01,5.605110416735035184e-01,6.406764823631960759e-01,7.007103772736075209e-01,6.711683922541119562e-01,9.795802467082611598e-01,7.934467203163517723e-01,9.342787533384768750e-01,5.235693299655419519e-01,7.629046671952424141e-01,8.827580529978571455e-01,8.474567531687664523e-01,7.540995638557378422e-01,0.000000000000000000e+00,4.378800980234191509e-01,9.120533555125398539e-01,6.252125903419327724e-01,4.828016759451420059e-01,9.841430933015928861e-01,9.698289178961296830e-01,4.532147825068161828e-01,1.652778334601947771e-02,5.423112881673399777e-01,7.626624311927590050e-01,4.618092246230905973e-01,6.939946013836640892e-01,3.828502681712124267e-01,4.958822829866327275e-01,8.322499372089731118e-01,7.027492355361287801e-01,5.600613443937625391e-01,6.704461288703413846e-01,6.393880422160664878e-01,7.921888770465947971e-01,5.175205767123526313e-01,6.630649418620981894e-01,8.078226231845663241e-01,4.034376533240361939e-01,8.993039110143742354e-01,9.358382894121046736e-01,9.891266438351424828e-01,8.453446342197321606e-01,9.652124358354382538e-01,3.124248396596959187e-01,7.932361368142648583e-01,7.938513473837232048e-01,8.524004693764977159e-01,9.985161710411227798e-01,2.047782173776598047e-01,6.383841577558058145e-01,8.603333339265885060e-01,8.617821907763971723e-01,9.477469471407882207e-01,8.407431008474877121e-01,7.008652448252931100e-01,9.213246084301639494e-01,9.238986757540705863e-01,5.579876096276719100e-01,4.948536213190748989e-01,9.066127678992372818e-01,4.670210251682388458e-01,5.396186681652686001e-01,9.803765583550076990e-01,8.152782744793105607e-01,5.200055749505994029e-01,7.312047992351482506e-01,7.592503737096686356e-01,8.105295445910376539e-01,5.881065961481311000e-01,6.814922852178376678e-01,4.222075215520620373e-01,8.865137130476766769e-01,8.794846063330979957e-01,9.574406039432337145e-01,8.268709274857624081e-01,2.488750798660427921e-01,4.652645801484276422e-01,9.558189350746191248e-01,7.185740368597586247e-01,9.980273316410919193e-01,3.532747336455988041e-01,6.862279454646461607e-01
7.148607757831687559e-01,7.610352453157895880e-01,7.721268075234355432e-01,4.625983664064213241e-01,8.280789597663449353e-01,6.713133490651993496e-01,2.925832656476977101e-01,3.367752805725515719e-01,-5.028796069327409746e-02,9.294788736730199563e-01,5.170038914540951991e-01,2.631052212781223587e-01,7.813448702598861928e-01,3.600863663726626696e-01,8.446195382153361964e-01,4.925372185547813308e-01,4.378800980234191509e-01,0.000000000000000000e+00,5.761000022478133253e-01,6.717228521651256168e-01,8.886963524937684378e-01,4.962905974825265187e-01,7.730505986885096714e-01,8.423294605063863516e-01,6.460649888050842282e-01,6.666528758088224871e-01,6.625120309961685106e-01,7.576272162892458972e-01,1.896027321506568719e-01,4.648251646385617719e-01,3.910594400850809227e-01,7.695691215817560549e-01,9.483829411592773484e-01,5.816381870725310099e-01,9.299685325009557912e-01,5.770975248184608830e-01,2.712200613491132506e-01,5.824181617390156163e-01,7.678770124987599477e-01,7.619344616669333492e-01,3.750698575897629672e-01,9.049394060378711524e-01,6.261419143360266171e-01,6.477695937740259868e-01,9.145618001569925104e-01,8.014785535404881367e-01,7.166783342099918297e-01,7.687784980627958564e-01,6.695674759270581200e-01,9.577679049395833033e-01,2.987007610985078498e-01,3.248458237684789252e-01,7.869004261206989925e-01,5.882414682940286799e-01,3.082849621609047852e-01,3.877379904842855884e-01,7.670198825401538523e-01,9.563721578815166380e-01,8.921563984381863932e-01,6.480549437353689823e-01,2.903464219600708773e-01,9.683478141989857457e-01,7.101320116730336363e-01,6.307506397902695738e-01,7.541385445022127376e-01,1.349578590964196634e-01,6.680637181487205645e-01,6.079518462277784252e-01,9.923337485897982813e-01,8.479669187234091243e-01,4.880034439792394485e-01,8.175680458783073368e-01,4.958495350951201419e-01,6.858966109887598694e-01,5.096085989851142362e-01,5.230020100553008922e-01,7.381860179687932400e-01,8.552784060786466913e-01,5.787445629163037175e-01,2.912416639639494598e-01,8.543389051422867198e-01,8.541735704951398667e-01,6.593411321547461013e-01,7.654671189685808841e-01,6.735673476173000829e-01
