0.000000000000000000e+00,5.030746413847991816e-01,9.274191263535931373e-01,8.240258363323649249e-01,9.944504323155305414e-01,4.016965511950179035e-01,7.440327238511562635e-01,6.660196032857080839e-01,9.587930303802119081e-01,6.670680645775650675e-01,9.871230016414129782e-01,6.811117548729800353e-01,4.258566346847836304e-01,9.076402059530181976e-01,7.805388903960216451e-01,8.037440312160365474e-01,8.491327422415804183e-01,2.963302539105718836e-01,8.938474967444939301e-01,8.058056297270128621e-01,4.118227029558234054e-01,8.146860304160387090e-01,4.808740952956532255e-01,9.558203480844472688e-01,6.424234209038828247e-01,6.243715777253006083e-01,7.065643089562538837e-01,6.068476240686873080e-01,5.282299973960810080e-01,-4.972825917663831197e-02,3.061345814105372876e-01,6.631067508381490727e-01,6.985477194131516354e-01,4.540186300620592807e-01,4.244562399374280370e-01,6.193767833776570031e-01,5.081762030151273368e-01,9.358316897656002720e-01,8.006754448952543290e-01,1.386489019468961637e-01,3.867332892934284283e-01,9.918046390856228856e-01,2.770237805305172385e-01,5.252338239494572791e-01,8.458611533896180923e-01,9.629395026585604311e-01,6.598249722301920972e-01,-4.779907968724106393e-02,8.813681205873648006e-01,9.291779680106888595e-01,2.093693597967284936e-01,8.914983042991253548e-01,9.309859098970828528e-01,2.179170530188806465e-01,8.264684499292547226e-01,6.158390073455148883e-01,8.760563097051858872e-01,3.142548482482379613e-01,7.667786128159601589e-01,2.375290582407578455e-01,5.476033130750617151e-01,7.555648648775573628e-01,5.707500889787555653e-01,9.461173811798309075e-01,8.097232353038331665e-01,9.994712351314891663e-01,8.953974226889539478e-01,8.235547274933415762e-01,6.462585929730201295e-01,8.205186848537902033e-01,9.558569076580682999e-01,7.429969472203497016e-01,9.972700905113729419e-01,5.564662002158680121e-01,5.974367375263811564e-01,4.558674182068564451e-01,9.492387300151898799e-01,8.843778906604300438e-01,6.918189556040303945e-01,5.900891269288901508e-01,9.868012804191366172e-01,6.858555364810914323e-01,8.824779979096615268e-01,4.652362499291545772e-01,9.898598082654135322e-01
5.030746413847991816e-01,0.000000000000000000e+00,1.310497744270317233e-01,8.649302162953257378e-01,9.106938184391223379e-01,7.905512484621767255e-01,4.821712766247374105e-01,6.224011202778250151e-01,5.173436462436846739e-01,4.119587065863210551e-01,7.543008315370005601e-01,8.435388933729719430e-01,9.989291982053198904e-01,8.465254267492554607e-01,6.530633376356362874e-01,7.557079517364774235e-01,6.781406596757619809e-01,6.843976037639144527e-01,8.811305480043926108e-01,9.644547815855082362e-01,6.372806858320108070e-01,5.239801592700199517e-01,1.164279386181656384e-01,6.889581392108351521e-01,7.729148715583737950e-01,6.491340093398618727e-01,4.768992849703621029e-01,9.951219043441446033e-01,3.347432791610094327e-02,6.079844445842124134e-01,3.485505927281693644e-02,6.363699561518461056e-01,8.663850573876736849e-01,8.260075629537715347e-01,7.569896468205741247e-01,6.392493567649631947e-01,2.206659822962038775e-01,8.605940888158328805e-01,8.675518732581155579e-01,5.494685205811491446e-01,2.301175965776076360e-01,7.627209171159110568e-01,9.643073112431652660e-01,8.081911171963253038e-01,9.956462708135749295e-01,7.943016527089004075e-01,6.560954596481288759e-01,6.498476129583911076e-01,5.550156212017043345e-01,8.400585916255578489e-01,5.360699324053643799e-01,7.851947791057587445e-01,6.936220224021963920e-01,9.400800941179658921e-01,8.565113234592326430e-01,8.085906391276233007e-01,4.102772098229977571e-01,4.163977611200627149e-01,8.880092305446475320e-01,4.465826032407383961e-01,4.474192798698635731e-01,4.114527109919506320e-01,7.840869769106878495e-01,8.546215275146538115e-01,7.963349198049742839e-01,6.375795834071298351e-01,8.358246603091347149e-01,5.041158977232216287e-01,5.325777043882299333e-01,8.620437317574249914e-01,7.536687211414497822e-01,8.530563428035382589e-01,6.780714475254994156e-01,4.729953928256518392e-01,1.520527810961898041e-01,9.938270125290362689e-01,7.651539302441693335e-01,6.241848995425833824e-01,6.208661113156543898e-01,1.580532975997330225e-01,6.468946692130093101e-01,9.533860310741594235e-01,6.778464806440869239e-01,5.474569678675832440e-01,3.504773611719763649e-01
9.274191263535931373e-01,1.310497744270317233e-01,0.000000000000000000e+00,8.746416387212032628e-01,8.070726829649843559e-01,8.775502530580548965e-01,6.158748238054203572e-01,6.856368618069946796e-01,9.323067053526952197e-01,7.521727933389517062e-01,7.985982333496088881e-01,9.961983244640590929e-01,9.775474329737486867e-01,9.944580952337791491e-01,9.439643886354983637e-01,9.213573489343157563e-01,8.947189363719961763e-01,7.559123329081349763e-01,8.417842793733598672e-01,8.547574938290141144e-01,8.132383034956892631e-01,9.933788427014311750e-01,6.374275971850422717e-01,8.339178484051138485e-01,3.221950180431737421e-01,7.145426956808784702e-01,6.397595996837892596e-01,4.012677388269377809e-01,4.381620365685177099e-01,1.215091989673480234e-02,3.670805091089802685e-01,5.161855641588748433e-01,9.707063077758619762e-01,9.680166130750715858e-01,9.060738634708983552e-01,2.791784900594648233e-01,4.946522598876455512e-01,8.961512755050204948e-01,5.179101948018980384e-01,8.397720598363008770e-01,2.631094215786622392e-01,5.508825220994822969e-01,6.961883480869746066e-01,6.893256668683382937e-01,9.230050694920721721e-01,9.921226802094937902e-01,8.224160625817927839e-01,9.101332370440663455e-01,8.139184191151219716e-01,8.025401242578248384e-01,6.868176864742436827e-01,6.900917742658276843e-01,9.160747111240126195e-01,7.868041492789978886e-01,9.025390327702577098e-01,6.922547844179454124e-01,9.053966280909788722e-01,7.669111541546687061e-01,2.644056641714674916e-01,-5.203885865317620096e-02,5.875603683210075534e-01,6.133221503759193061e-01,9.716523353253306849e-01,8.690175679132758901e-01,9.285683429915770892e-01,7.237967745780868878e-01,9.255845634988558723e-01,9.956735465013437647e-01,5.943590922873394078e-01,7.358770906473902640e-01,9.393712660188444641e-01,9.781803230568389962e-01,7.076382408648679290e-01,2.861609712609599621e-01,9.174258159016105418e-01,6.857928101913133290e-01,8.062507625804159472e-01,9.797126863932912322e-01,3.893370405705641746e-01,4.700914751731208874e-01,6.563234242230625570e-01,8.299693630744251482e-01,9.347675061438568411e-01,7.069649195394249741e-01,7.896138558201273305e-01
8.240258363323649249e-01,8.649302162953257378e-01,8.746416387212032628e-01,0.000000000000000000e+00,8.612141228527946391e-01,7.781176733254249189e-01,7.064870837540467852e-01,7.903013220859749222e-01,6.565447023914049440e-01,7.877272398522763286e-01,4.022343866212262364e-01,3.405987032793266200e-01,9.537007605858172088e-01,8.171735921235293576e-01,4.557051476364462061e-01,8.870656652001188691e-01,4.066139767944210170e-01,6.414440965370847847e-01,8.926922596989107506e-01,9.261722155914702270e-01,9.903393979467443042e-01,7.457648559540481781e-01,6.003023586734144157e-01,6.900506718852784660e-01,6.066379334512970178e-01,5.393077495555053114e-01,7.944093451327700617e-01,9.294860380914224951e-01,2.009057001738503989e-01,4.266764218107745865e-01,7.124110946813839718e-01,9.029730454272650864e-01,6.463326110632306998e-01,9.598050857656326151e-01,6.187603454588606056e-01,4.129900319738891157e-01,7.476335396755059426e-01,2.607064211457020830e-01,7.395386126389531523e-01,8.092196034270553451e-01,5.146076688113724318e-01,7.779332772363322102e-01,6.128455064048651257e-01,3.709731079252048258e-01,7.734657543392708945e-01,6.409148985848855951e-01,1.690375933628270877e-01,7.896220247797969272e-01,7.730634077965299333e-01,4.224391757087940791e-01,6.095750861701255685e-01,8.027854239571687867e-01,9.594331750333547904e-01,7.495469457284942294e-01,9.620883072868015029e-01,7.726980185271983270e-01,6.656982773192219316e-01,5.870924550137250897e-01,9.277471627012642275e-01,5.426678804558122682e-01,5.285494108561393789e-01,5.323656157150966628e-01,9.650643711278465986e-01,7.702180130151095039e-01,9.904988621695283157e-01,6.502118227695667940e-01,5.805455688625056343e-01,4.590149266518105953e-01,8.806882827661594026e-01,7.715857208727826544e-01,7.945752569512753993e-01,7.862880725686766104e-01,7.196179638351547503e-01,5.592956839515715872e-01,4.645346965745922319e-01,5.564863387711590503e-01,6.405188279523199579e-01,8.406590476726818473e-01,5.770846018642887820e-01,1.158704784068952387e-01,8.009319510594691272e-01,6.475097913598506505e-01,3.756456153676856480e-01,8.275864062746303429e-02,9.527117433695330151e-01
9.944504323155305414e-01,9.106938184391223379e-01,8.070726829649843559e-01,8.612141228527946391e-01,0.000000000000000000e+00,3.833487198616961633e-01,4.041747707956874214e-01,6.056294352160012523e-02,5.253579620551281915e-01,8.066035562556864713e-01,8.140061257019383101e-01,3.228285531947247544e-01,7.716503530897015350e-01,3.360092603521599997e-01,8.767115066605796203e-01,7.023513143072612763e-01,6.205900155689206832e-01,9.869124261715129798e-01,6.682653656917005858e-01,7.952951833806898296e-01,7.381970909658762681e-01,4.706891852329729842e-01,7.408215838292222521e-01,8.010844009913516972e-01,6.900335277799579670e-01,7.427048900232231521e-01,7.432770020258315791e-01,9.075827526228997799e-01,6.632829978327913212e-01,-1.424341019253425600e-01,2.043840470338730009e-01,6.536114430710863177e-01,8.849535536162767002e-01,8.552198543440704404e-01,6.344237918930172304e-01,6.885143465735952262e-01,2.056917124883504977e-01,8.509191772397132203e-01,6.229393638088562835e-01,9.453273086716653673e-01,2.997768998482734926e-01,8.971874391995281472e-01,8.325886765254323363e-01,6.794626396209110242e-01,7.448065126765155419e-01,9.292689847677144677e-01,7.114828687337106938e-01,6.823322299726266582e-01,6.386625304549669035e-01,6.556974240156832057e-01,9.218996702437387558e-01,9.695711595482963130e-01,9.014824545329235272e-01,3.278384179548340938e-01,5.165307456045229451e-01,7.976340004630083635e-01,7.382109392355529209e-01,5.124789588963649667e-01,8.608844943738342970e-01,5.881279322901025175e-01,4.616671108346764862e-01,7.729853914187855279e-01,6.175463682159727519e-01,9.360581888152651464e-01,7.498770983145006674e-01,7.815594339868984219e-01,6.440898503792290564e-01,4.021159548301184716e-01,4.414299710502835317e-01,7.306340844946397350e-01,8.169859975203571656e-01,6.656615064754674016e-01,5.537643994120142743e-01,6.954726573786863542e-01,5.035574690018684851e-01,9.863114481399690714e-01,7.446066106310672561e-01,7.988033060363313176e-01,2.098303918713396721e-01,3.206150110298957578e-01,7.181215423099180928e-01,9.853125080858529117e-01,9.436478457269288356e-01,5.267871666171303202e-01,9.828919380878630152e-01
4.016965511950179035e-01,7.905512484621767255e-01,8.775502530580548965e-01,7.781176733254249189e-01,3.833487198616961633e-01,0.000000000000000000e+00,7.611052660906949541e-01,6.109181599251146677e-01,9.404801853864029892e-01,6.459143469857893116e-01,4.067509321204546557e-01,6.822196111264817731e-01,9.159780216662460894e-01,4.369657762938589096e-01,4.218380021633973964e-01,9.151872187596732378e-01,7.181491315822168264e-01,5.704136737312430760e-01,9.973753183156236490e-01,4.889860258527946590e-01,4.799747212056275636e-01,3.094407289814679607e-01,6.740884895989553982e-01,7.080356639413170061e-01,4.236508658302293728e-01,4.138752308885824682e-01,8.994628780687741187e-01,6.652261501902092533e-01,4.689657745764030383e-01,4.239740941837988331e-01,9.871030209320564852e-01,6.189081136707836883e-01,3.503868747633426262e-01,6.759146412977981022e-01,7.757804510002539455e-01,6.483166429140039266e-01,3.125260246322689173e-01,2.720988714158940891e-02,7.565530679599410391e-01,6.750843275811000410e-01,5.375748365783649119e-01,7.831846305246884521e-01,8.431361674317519039e-01,7.083478741124861200e-01,9.703305023220493153e-01,9.643473434054754545e-01,6.139545780115803764e-01,9.558043296832059443e-01,5.836286646998380956e-01,9.845469481724768990e-01,8.785894439888431995e-01,8.271978702819063889e-01,8.632356554549023286e-01,5.102358085626482187e-02,8.244931927249062875e-01,8.119272213154856699e-01,6.679020800114064960e-01,6.309982337758721638e-01,6.854060242200282760e-01,4.150118412520774624e-01,3.558709132274322506e-01,6.574762784436878338e-01,6.726487252777904047e-01,9.086655587863771144e-01,9.572697279361435108e-01,5.832058983727683721e-01,8.222017012292283100e-01,6.679052884393830158e-01,7.152237815919136876e-01,7.048135883252154565e-01,8.631958667094004056e-01,7.595598268025142152e-01,5.907401739859714507e-01,1.100745506065046314e-02,7.374849671726193545e-01,6.289172298471440437e-01,6.034969524830195997e-01,7.305971686855814440e-01,3.532404992329425675e-02,-8.590360180310208094e-02,3.383537253478758888e-01,8.507351813616937930e-01,3.702869123689830344e-01,1.045186138762876915e-02,6.256110127803724552e-01
7.440327238511562635e-01,4.821712766247374105e-01,6.158748238054203572e-01,7.064870837540467852e-01,4.041747707956874214e-01,7.611052660906949541e-01,0.000000000000000000e+00,4.328890816096194749e-01,4.943688162824871890e-01,2.911803373978527620e-01,5.927439075226137444e-01,3.477434839224113894e-01,5.637878793167101499e-01,5.259353017258272533e-01,2.571299815653789178e-01,7.996314788460704426e-01,7.376059861843822230e-01,4.245401832859544422e-01,5.757093505879057327e-01,8.537545319247780151e-01,5.849919010424076138e-02,4.573976608094126872e-01,6.371861827456294369e-01,9.907176426844883643e-01,6.891172029841777791e-01,5.876284242769479471e-01,6.799497931395379613e-01,3.990697711624499600e-01,2.539121673416981917e-01,4.531484670471787046e-01,5.151386849019524705e-01,9.547690523768137538e-01,7.362942690386586886e-01,2.537394077076114973e-01,5.500126232031344875e-01,6.136267778739732393e-01,4.243544673214658669e-01,7.769059562079563275e-01,7.847369766721907780e-01,2.274893596814681618e-01,1.887623000001026063e-01,6.690410141623481799e-01,4.886352702487783972e-01,4.690153308142726019e-01,6.278709537692587217e-01,4.114059721542656645e-01,2.534207362388001331e-02,4.640528605867351719e-01,4.217298094972343203e-01,6.686003398948713317e-01,3.090055941231134584e-01,4.964851633845506207e-01,4.169905347311013699e-01,7.197840033286297956e-01,8.059976396846030289e-01,8.009775200199314993e-01,9.064871221978884064e-01,5.735856781939461246e-01,6.668603194814329838e-01,6.799125632489395610e-01,6.365696840686783098e-01,8.377102900242920924e-01,7.880218737295648923e-01,9.658829255805305714e-01,1.032224572280837083e-01,4.088253612480849952e-01,5.036496775219100330e-01,5.277211096396673407e-01,6.180501124503360311e-01,6.567017477223411337e-01,6.367624839376574419e-01,2.711109771710826233e-01,6.804476294666460534e-01,6.980051731067254961e-01,3.924443994566779725e-01,8.916111987466224242e-01,7.231830898270092955e-01,7.063681011175793056e-01,5.886463978070186620e-01,5.384091597690267017e-01,5.415790149896271277e-01,6.381383319220019779e-01,5.683360402603669925e-01,5.745294949029471354e-01,5.353279277299076711e-01
6.660196032857080839e-01,6.224011202778250151e-01,6.856368618069946796e-01,7.903013220859749222e-01,6.056294352160012523e-02,6.109181599251146677e-01,4.328890816096194749e-01,0.000000000000000000e+00,5.416186996487363237e-01,7.155836845865377605e-01,6.033780913058142126e-01,5.814319684540117938e-01,8.227554638319796165e-01,5.297325527580050153e-01,2.558796367594969867e-01,7.673587334921716518e-01,9.468312719861329274e-01,5.330804564635285292e-01,7.134639189622218325e-01,7.021030002541008841e-01,4.282401429926832592e-01,6.068704250313329274e-01,7.171731990575455074e-01,8.086358226053034226e-01,6.824521896416672062e-01,4.208398442026455299e-01,9.077401395803736950e-01,9.668717337443485382e-01,6.520819999388417498e-01,4.628230384616182080e-01,2.550201108550664841e-01,9.430927120017280618e-01,4.586355232365737500e-01,2.820031236594034429e-01,9.928043032810265345e-01,3.690013649723092870e-01,3.090978728711447632e-01,6.814103520511457512e-01,9.035435633331977412e-01,4.660482799136105858e-01,2.532506306289646902e-01,7.123494840796616989e-01,6.229811526030850644e-01,7.104549033144650361e-01,5.428980185716378859e-01,4.630775775422757423e-01,9.499041174498412676e-01,2.819094051395836797e-01,7.955142851142535942e-01,7.442694097298966360e-01,5.165630246205178411e-01,3.274339094793367044e-01,8.703485454560886403e-01,6.881807566653294073e-01,9.670647598900490305e-01,6.589859661225235810e-01,7.783585824308678625e-01,6.333188535895107885e-01,5.349897025427274855e-01,4.788984038780725871e-01,6.776077999205152302e-01,6.623922681269557300e-01,7.180960556968807307e-01,8.925168460075303400e-01,6.095031894113940307e-01,4.390998257863288345e-01,8.433946123758462310e-01,6.376967773596869948e-01,9.337576820281350276e-01,7.092738776497957698e-01,9.723722101037860499e-01,5.953294941931831508e-01,4.518484918326436950e-01,7.437847166661144538e-01,5.437989084714855981e-01,4.388675224986691714e-01,5.692543447064547513e-01,5.226848804325091580e-01,1.213687870893603721e-01,3.588938936915861966e-01,4.891463861412581049e-01,5.952154340009934153e-01,9.884880042523688237e-01,6.581187955211320606e-01,7.780025235090686220e-01
9.587930303802119081e-01,5.173436462436846739e-01,9.323067053526952197e-01,6.565447023914049440e-01,5.253579620551281915e-01,9.404801853864029892e-01,4.943688162824871890e-01,5.416186996487363237e-01,0.000000000000000000e+00,6.439307159469658259e-01,8.496664458542656506e-01,4.701734224116678185e-01,7.814362251497530831e-01,1.915555265861871581e-01,3.571763866769060991e-01,7.867633103588622667e-01,7.002985935147486574e-01,9.348176893796207310e-01,8.543330237854442899e-01,7.497123339415054932e-01,8.071905727440390477e-01,2.281836841114459891e-01,7.154197174780402291e-01,4.333523603446501338e-01,5.514145944236277241e-01,9.471366286521845090e-01,8.499546514964435584e-01,8.893193250630578861e-01,2.537918719746337093e-01,4.724488617264667178e-01,4.291385407335046587e-01,2.961345857606423881e-01,6.450453300362036790e-01,8.721155820799350034e-01,6.423421863643929974e-01,5.221156715734956988e-01,3.926836028618094776e-01,5.754518868333164949e-01,8.747840476101660379e-01,6.352869216903797023e-01,3.474638502227463399e-01,8.376911885393647506e-01,8.833029578327610265e-01,4.588658689231993049e-01,8.886863371584231563e-01,7.549279577622893811e-01,8.156629385973636071e-01,5.360121044928531919e-01,5.891843425716313254e-01,6.097391917529085825e-01,6.692908289050641946e-01,7.967593388933762455e-01,8.224244672229170661e-01,7.677148872431212023e-01,9.742321282953785300e-01,7.154960036787753053e-01,5.697507764824515375e-01,6.808448989870590218e-01,2.156755910169374790e-01,2.337231312348998502e-01,4.268498148100086098e-01,8.847400365233928365e-01,3.481394616747394144e-01,8.561282236585567862e-01,8.227523134450638320e-01,6.249458755103090013e-01,4.121362576388146737e-01,6.978418592492974248e-01,6.235577977380346582e-01,5.705884295777197135e-01,7.760051461662942351e-01,5.531221932605754343e-01,2.808381351658456038e-01,7.562739026495745032e-01,2.315340799885795275e-01,8.019580296936675845e-01,9.731978537467815826e-01,6.805945805592015230e-01,-1.247910327952561349e-01,3.393781575409321460e-01,6.158903039115551370e-02,2.933833830575875434e-01,9.349487998465335625e-01,2.487492639343757972e-01,6.014057085298509797e-01
6.670680645775650675e-01,4.119587065863210551e-01,7.521727933389517062e-01,7.877272398522763286e-01,8.066035562556864713e-01,6.459143469857893116e-01,2.911803373978527620e-01,7.155836845865377605e-01,6.439307159469658259e-01,0.000000000000000000e+00,6.001932882980904882e-01,3.230969077841499004e-01,8.042274690345081467e-01,5.934388871661789855e-01,6.673601995947492371e-01,6.583498507208112027e-01,8.870185321466665940e-01,6.911132957430344836e-01,8.919742907047066849e-01,7.152876302654599394e-01,9.839803009024303826e-01,2.243437048829369784e-01,3.827286005615310183e-01,8.445756089336421413e-01,3.397165007291447214e-01,7.398007668875697940e-01,8.271246635856920326e-01,4.046897057731708158e-01,6.375516019396255674e-01,2.562422323401147284e-01,5.265156943466462458e-01,5.423251741933845516e-01,6.332086492995629978e-01,9.436435898832695734e-01,6.255738261124240696e-01,5.688870993551976563e-01,4.801860110509635349e-01,3.302017573488403857e-01,4.338712251565755018e-01,6.321504086726764671e-01,7.461336331824443002e-01,8.125217952980288150e-01,7.770726449853075923e-01,9.390159757067402246e-01,8.281933465283602969e-01,7.379547903847770707e-01,6.754332722409824852e-01,9.872622749316436463e-01,5.909736703993386797e-01,7.754525656387473154e-01,6.361371079914813764e-01,7.540015022114614496e-01,7.488038696580433529e-01,7.437914018957976214e-01,8.033243079459536640e-01,6.360549877545058628e-01,7.832089946785474321e-01,2.509707110792218643e-01,8.415724108252170543e-01,3.373100659335604989e-01,5.000193485844983687e-01,6.505002782398008332e-01,9.971237738201836898e-01,8.750152432011704118e-01,6.737368404956629586e-01,2.484982356768849487e-01,8.550796603222052816e-01,3.529891286450455024e-01,4.700649918147677964e-01,6.616038155811925225e-01,9.951302927658337572e-01,5.298828721961743593e-01,5.609338807674020266e-01,6.449228260140340563e-01,9.306134855088088464e-01,3.246478699897387132e-01,5.201096279642525300e-01,5.289774747314097691e-01,6.703025949997123423e-01,6.987985513420269523e-02,6.768337679454921041e-01,9.535094833711563744e-01,7.426966318410719303e-01,4.051914459665259538e-01,6.948151825131576587e-01
9.871230016414129782e-01,7.543008315370005601e-01,7.985982333496088881e-01,4.022343866212262364e-01,8.140061257019383101e-01,4.067509321204546557e-01,5.927439075226137444e-01,6.033780913058142126e-01,8.496664458542656506e-01,6.001932882980904882e-01,0.000000000000000000e+00,8.578981084574419658e-01,5.852549738772538923e-01,5.786666535003976986e-01,9.310478366566011799e-01,8.619707221444540268e-01,8.679674600339200019e-01,6.646163104350714113e-01,6.914469981806944388e-01,7.813772502832131428e-01,6.737018046183760323e-01,9.133889057138181444e-01,6.918618217848991891e-01,9.617179908925466147e-01,5.136280768520403717e-01,9.690588154350970873e-01,7.837226228150114826e-01,5.256221359336733512e-01,5.284689953921256622e-01,6.315034213022120424e-01,4.281574337248005846e-01,4.047575155779666312e-01,7.458440132592043526e-01,6.086473201356069618e-01,8.317811076184788988e-01,4.630220287814984514e-01,2.684122235428229586e-01,9.855583522671722552e-01,9.449153101304729185e-01,7.161793091778659859e-01,1.458090517588906954e-01,5.327600587419589750e-01,7.381677300748277215e-01,6.287418691476325261e-01,8.623109492201298520e-01,9.606120546296659235e-01,6.576895660322696902e-01,9.383208990929418070e-01,9.568007830417772919e-01,4.410047811503391424e-01,7.533395157240680984e-01,6.192662206578564144e-01,2.371343760573390094e-02,3.484329738006983757e-01,5.266818487201117005e-01,8.770880617364630316e-01,5.198052560771888597e-01,9.422395208199861871e-01,8.728242839324896751e-01,4.322645940736444814e-01,3.263802784971225890e-02,5.953612853106698966e-01,6.600407036126244575e-01,9.325288270205243091e-01,9.515870572158745544e-01,1.497187565366080997e-01,6.916173789649617820e-01,9.149553489840652754e-01,2.142706339643989932e-01,7.215229469803484674e-01,8.224195082280048030e-01,4.100485077936281142e-01,4.254739267155470128e-01,2.082395068739588129e-01,5.001516981847165325e-03,4.873168579900752362e-01,6.752136296346633593e-01,7.302253284342996587e-01,3.119596407587396092e-01,7.540472870011443174e-01,8.842054635808865859e-01,8.120538694770276233e-01,9.904394474861424325e-01,7.270931321138175418e-01,6.713314838162005582e-01
6.811117548729800353e-01,8.435388933729719430e-01,9.961983244640590929e-01,3.405987032793266200e-01,3.228285531947247544e-01,6.822196111264817731e-01,3.477434839224113894e-01,5.814319684540117938e-01,4.701734224116678185e-01,3.230969077841499004e-01,8.578981084574419658e-01,0.000000000000000000e+00,7.855230397391104180e-01,4.599593479869083512e-01,5.416203809039363826e-01,6.118849160787912522e-01,8.743515806878483509e-01,4.781491237602319422e-01,8.800367105104150989e-01,2.218853052251161251e-01,5.611318559713824872e-01,9.080474811953066494e-01,9.128479804984450663e-01,9.634741824740050697e-01,7.099008595605137417e-01,9.098293400968717748e-01,7.272353896758652070e-01,6.498494863556192325e-01,5.602806415302028498e-01,2.948983526241483188e-01,5.652836728905121788e-01,5.910725630979906109e-01,4.944911446904171060e-01,7.771741690780789025e-01,6.632710591498209851e-01,7.066133131214713536e-01,2.440164496943088845e-01,5.253034079493189568e-01,8.375569117563121946e-01,6.842946110279423122e-01,6.051043349795584003e-01,7.789644853209243269e-01,7.099755966538900953e-01,9.615043616939139559e-01,9.800595425184815968e-01,1.124153902610453976e-01,4.276691352485869624e-01,8.622515182042156390e-01,4.708294406062131232e-01,9.672126743257951631e-01,9.710836778819660342e-01,6.474112223484425055e-01,4.473150625087148891e-01,5.799747844270520813e-01,5.627960234651234739e-01,3.229298476935805740e-01,6.445578659187825021e-01,9.832561786494470324e-01,9.970937792055597493e-01,6.097536889534742599e-01,5.680652305874243219e-02,7.882931457233011141e-01,6.783865881862630731e-01,7.503030379226476310e-01,6.868353598702148406e-03,4.771463022345656668e-01,9.189731059002370639e-01,6.442101664000718930e-01,2.062927544385361189e-01,6.826652822686596345e-01,8.841959446833627112e-01,8.471206735390975906e-01,8.349051562313145602e-01,4.067117184298416621e-01,8.393153865586970852e-01,7.787909473322177645e-01,6.011919797776091867e-01,5.601323533292181800e-01,7.897825617723063241e-01,5.187314678079246733e-01,4.209550234177584782e-01,8.304155184227854924e-01,7.563080531494142944e-01,7.311421449971894360e-01,6.179471915377060531e-01
4.258566346847836304e-01,9.989291982053198904e-01,9.775474329737486867e-01,9.537007605858172088e-01,7.716503530897015350e-01,9.159780216662460894e-01,5.637878793167101499e-01,8.227554638319796165e-01,7.814362251497530831e-01,8.042274690345081467e-01,5.852549738772538923e-01,7.855230397391104180e-01,0.000000000000000000e+00,4.646188454015400815e-01,9.971366079772010504e-01,7.523189551320289548e-01,6.289215631516263949e-01,9.609268753722288725e-01,9.374463798544647730e-01,7.318958064757816739e-01,8.546540001384841378e-01,8.956886207007282996e-01,5.959510170694705122e-01,8.629513897195286720e-01,7.367686710244428783e-01,9.850177568291529351e-01,5.081530839209945638e-01,7.513172391221897284e-01,7.443261679820367682e-01,2.304532850121694676e-01,7.644162374140222038e-01,6.599365604968466803e-01,5.778115989102636796e-01,7.104154471227265288e-01,9.932151489262297517e-01,5.366279763038551698e-01,3.386100878950236148e-01,9.752941325429247410e-01,7.677398644277870776e-01,8.526069650300562852e-01,1.404652239282915341e-02,9.526038132328854546e-01,8.913526728275297240e-01,6.519930480582477594e-01,7.877392557815401375e-01,9.135716342586605032e-01,5.768299796414809721e-01,7.119685734357079632e-01,9.676255374006428323e-01,5.183754454991782445e-01,6.204339417259572276e-01,8.387454943065277835e-01,8.934545451647118997e-01,9.002055738620723391e-01,3.677004507467226402e-01,3.309431154061893143e-01,5.840331841559298631e-01,9.215914943945138216e-01,9.947493261960057565e-01,2.059317975299572792e-02,5.445911342423579438e-01,8.976021012449728609e-01,8.348253144322420605e-01,6.405362833760579466e-01,8.755818779920666595e-01,7.023826591386383988e-01,6.221207126634605844e-01,7.788668066901296427e-01,6.254623730747490562e-01,8.942067202959333994e-01,5.342882026492014047e-01,6.231535157854420914e-01,7.257449586889961335e-01,-1.195268662325890963e-01,5.268462395551509747e-01,2.042808221102433985e-01,5.677799142640157504e-01,9.464179527929409419e-01,7.172834413021728084e-01,4.729914152636603974e-01,9.698471968742756744e-01,9.252316439141239357e-01,4.532356474949691405e-01,5.062402476673545371e-01,8.682875088600343627e-01
9.076402059530181976e-01,8.465254267492554607e-01,9.944580952337791491e-01,8.171735921235293576e-01,3.360092603521599997e-01,4.369657762938589096e-01,5.259353017258272533e-01,5.297325527580050153e-01,1.915555265861871581e-01,5.934388871661789855e-01,5.786666535003976986e-01,4.599593479869083512e-01,4.646188454015400815e-01,0.000000000000000000e+00,5.092450731782875994e-01,7.814798384440035939e-01,4.820768707762615457e-01,6.352557812669222814e-01,4.432397818648568522e-01,9.156895426207087851e-01,6.900085262525578189e-01,7.949828642949959834e-01,8.632848994559807476e-01,6.989858221840528074e-01,5.153412976618301222e-01,9.430032221381221547e-01,7.752396494560305218e-01,7.631567804670631450e-01,4.846296611303814728e-01,8.279980812586205108e-01,-1.761355121753224728e-02,-9.313562027565658319e-02,8.342252646106453895e-01,7.278341214781229862e-01,6.936588369183899205e-01,5.196761175536991351e-01,2.036431753049305904e-01,7.958983607772094349e-01,9.229388776195210919e-01,6.305087055362936788e-01,4.147816625469183949e-01,6.414960636103943514e-01,9.226073648073904732e-01,8.896369120209769443e-01,3.212642211038739259e-01,8.913859545654712058e-01,7.341919156424089321e-01,4.040283614052073147e-01,6.527948507937101352e-01,8.573962339380325481e-01,6.087509571438314282e-01,5.390701013664165320e-01,7.626022539246675169e-01,7.958474870888632147e-01,8.544382869279857351e-01,7.795138913268476744e-01,6.664385841946145472e-01,7.071612033463511304e-01,8.122648294859402540e-01,3.632613626675006424e-01,5.392513947455782608e-01,8.968861986983370782e-01,9.333688197025284961e-01,8.682373646317493865e-01,8.781327338971263163e-01,8.063743804870339149e-01,7.845580132298797249e-01,5.345036689271198682e-01,9.231745328452116706e-01,4.097265682880463222e-01,4.549752556570424433e-01,4.586596584439983082e-01,4.532308231544002752e-01,5.674757938077568120e-01,7.214336629580325733e-01,4.978795727025331352e-01,9.322930996640609314e-01,8.871619986494195809e-01,3.119169740477955588e-01,4.302695595449685939e-01,8.779113400719136262e-01,6.845525929686683275e-01,5.799674420811191666e-01,5.272743248921122339e-01,7.029170766060601760e-01
7.805388903960216451e-01,6.530633376356362874e-01,9.439643886354983637e-01,4.557051476364462061e-01,8.767115066605796203e-01,4.218380021633973964e-01,2.571299815653789178e-01,2.558796367594969867e-01,3.571763866769060991e-01,6.673601995947492371e-01,9.310478366566011799e-01,5.416203809039363826e-01,9.971366079772010504e-01,5.092450731782875994e-01,0.000000000000000000e+00,7.364276085524366078e-01,9.003611240317287434e-01,9.206223832798687834e-01,5.764705531691682872e-01,4.269475291081004653e-01,9.690829211239899710e-01,2.294079741085218171e-01,7.775433794938869658e-01,7.981158904887083461e-01,6.682460984035272222e-01,6.921004690375172075e-01,3.284025701259983832e-01,2.658707483648156678e-01,6.188526949285280132e-01,7.319186591994424340e-01,3.869169499264288881e-01,4.364773425411399010e-01,6.076921737404418211e-01,9.796771470709435548e-01,7.720643764466752490e-01,6.736287691409801326e-01,5.251593056125968273e-01,6.413765483688776969e-01,6.298460451374476854e-01,9.890485628350220715e-01,1.888897797306631210e-01,2.784767602688079657e-01,9.722905699953326986e-01,4.868162887628669222e-01,9.359732997000823618e-01,6.663929065447160571e-01,4.565582165355034361e-01,2.853435821939194206e-01,6.584404489012536388e-01,6.093178482892481762e-01,4.663378301954859695e-01,8.846836469380077173e-01,4.335230255395589039e-01,7.902910121080608530e-01,9.572896147424319047e-01,9.579403188781294709e-01,7.229847024254142385e-01,9.620449144281004727e-01,4.929310475087969601e-01,2.298008467091203488e-01,4.841587326358405274e-01,7.911541361707966624e-01,6.915166951584040822e-01,8.896846631082170331e-01,6.271166279282442968e-01,7.708595243915586925e-01,7.966218134418738828e-01,6.894866787012013942e-01,7.348019568576820149e-01,8.602193006649255791e-01,5.867440239219660070e-01,6.628979954896516702e-01,3.665347363607156517e-01,6.194394876696871499e-01,6.323204803544357766e-01,6.937818172090840507e-01,9.574855085872324700e-01,6.052362671891123869e-01,4.007046557410088861e-01,5.902616731818617346e-01,7.955285929522979416e-01,2.792949786241281096e-01,8.955766021775187768e-01,4.429619252102788840e-01,4.829223202813308080e-01
8.037440312160365474e-01,7.557079517364774235e-01,9.213573489343157563e-01,8.870656652001188691e-01,7.023513143072612763e-01,9.151872187596732378e-01,7.996314788460704426e-01,7.673587334921716518e-01,7.867633103588622667e-01,6.583498507208112027e-01,8.619707221444540268e-01,6.118849160787912522e-01,7.523189551320289548e-01,7.814798384440035939e-01,7.364276085524366078e-01,0.000000000000000000e+00,9.710804193667823547e-01,6.953211627908522097e-01,4.642764445744267388e-01,9.418138427742563934e-01,7.753374704944694384e-01,2.929157583233724105e-01,4.870766054306844284e-01,8.943197831989255775e-01,3.009583754940635125e-01,9.931131613138637348e-01,9.645223185194745641e-01,2.193315328847589285e-02,2.800967144473252568e-01,5.331563995215784502e-01,3.826536071626380764e-01,7.475784695676547242e-01,6.402713197758923558e-01,9.123898101485936607e-01,4.731697621067224580e-01,1.742651016196209157e-01,2.105503659221392154e-01,7.130773272409005603e-01,5.194502789976958024e-01,8.718444874737442118e-01,6.708664468354720301e-01,7.490013499944263575e-01,7.110319466427583723e-01,8.627511655758436371e-01,9.425916879218865230e-01,9.300400377934578966e-01,7.736383690988414275e-01,6.292442312812218663e-01,9.997396925391603961e-01,4.844857882825904793e-01,4.874621770073905846e-01,7.677456957977706331e-01,6.852445614837731069e-01,6.972498015827657269e-01,9.289192980896752161e-01,8.929433794247437772e-01,9.801642115728618210e-01,7.117908625043969373e-01,4.734309405223944417e-02,4.009146784359074456e-02,2.785307718237270969e-01,7.708884915489104817e-01,7.058364139755541888e-01,9.284342509266760857e-01,6.323519071441816575e-01,6.938087790260628607e-01,2.314925247690917121e-01,5.905151103752745989e-01,1.749514852664218745e-01,8.803159706859404743e-01,5.145607069407601708e-01,8.735080355486795067e-01,5.167989264932937310e-01,3.545984078497839143e-01,5.742266715889883244e-01,6.866144288038528165e-01,8.068974952832108638e-01,4.664594794004899292e-01,4.050772195455025759e-01,6.472940145991334937e-01,2.501872992828506614e-01,7.120752124830042051e-01,6.310721462774168122e-01,8.591038089551750190e-01,6.814092955716340994e-01
8.491327422415804183e-01,6.781406596757619809e-01,8.947189363719961763e-01,4.066139767944210170e-01,6.205900155689206832e-01,7.181491315822168264e-01,7.376059861843822230e-01,9.468312719861329274e-01,7.002985935147486574e-01,8.870185321466665940e-01,8.679674600339200019e-01,8.743515806878483509e-01,6.289215631516263949e-01,4.820768707762615457e-01,9.003611240317287434e-01,9.710804193667823547e-01,0.000000000000000000e+00,9.302049776031924289e-01,3.376944045078991152e-01,7.426378269631086493e-01,6.626995215328280731e-01,9.800754580690054230e-01,7.746836505155619834e-01,4.227495899413895586e-01,7.524812786324306391e-01,6.102152175173328752e-01,8.686414037451177794e-01,7.170699824668194111e-01,1.485391151201863602e-01,5.642787457331014389e-01,1.354534993463656078e-01,4.583448144032233884e-01,7.583531195762612809e-01,6.706620405133143503e-01,7.365085624260742092e-01,5.868224288945530498e-01,6.644238368113797311e-01,9.085885123351473691e-01,7.166503525130563101e-01,9.485404873867526732e-01,7.504348066364724401e-01,8.495231000444366520e-01,5.957877961270823253e-01,6.827256636119042321e-01,9.696205946519317331e-01,3.674977791520775972e-01,8.211812169173129394e-01,7.336357354463705072e-01,7.791977732292187930e-01,9.725426685546370020e-01,8.775828652499728655e-01,7.039154702345212788e-01,9.678085784471364139e-01,7.841840505069390677e-01,8.335482903298940816e-01,5.039358428824324276e-01,8.827204164141108089e-01,8.696292781605156064e-01,4.585453485362854242e-01,2.669986388539016264e-01,5.452146511702702369e-01,9.289359567253449024e-01,9.986095517062543170e-01,9.115207478182193457e-01,5.824266559959991874e-01,5.929500913727312472e-01,6.473385596240670559e-01,9.686854228261908561e-01,4.915333610018682298e-01,7.669101678584581139e-01,6.278375745391979734e-01,8.590953465586370630e-01,5.604192146065058999e-01,5.311041629080118787e-01,1.836456566906190802e-01,1.356035824767858888e-01,6.620310331477590182e-01,6.424597200471725555e-01,4.645413047384286398e-01,4.311479793036884778e-01,4.342607302383397760e-01,7.773185189400280137e-01,8.139164827051744711e-01,1.008002308259500213e-01,2.346459355435850103e-01
2.963302539105718836e-01,6.843976037639144527e-01,7.559123329081349763e-01,6.414440965370847847e-01,9.869124261715129798e-01,5.704136737312430760e-01,4.245401832859544422e-01,5.330804564635285292e-01,9.348176893796207310e-01,6.911132957430344836e-01,6.646163104350714113e-01,4.781491237602319422e-01,9.609268753722288725e-01,6.352557812669222814e-01,9.206223832798687834e-01,6.953211627908522097e-01,9.302049776031924289e-01,0.000000000000000000e+00,8.904109178359765897e-01,8.520283188466388768e-01,8.653133439358087209e-01,5.923259828934914761e-01,9.143398028788325416e-01,9.835685934899276450e-01,9.106327828645588429e-01,5.978336721193029391e-01,4.871394118019055641e-01,8.201338226379628615e-01,6.170941859647229855e-01,3.230602663610204206e-01,3.237682348477976535e-01,5.178609237839529866e-01,7.332377297944477901e-01,6.689306248014927903e-01,6.313566757832912435e-01,4.771875305733126460e-01,5.515729573848524719e-02,3.684220024091656720e-01,9.899480495709577221e-01,8.440742503472229430e-01,8.942462626489366961e-01,8.581442323059396138e-01,9.267477266479182685e-01,6.014505627316419911e-01,6.653268455535292780e-01,7.173182449033602692e-01,9.778549171621557790e-01,6.064343340438665964e-01,5.013592450068520279e-01,4.111469855624323433e-01,4.590792632025071929e-01,7.597729060250147937e-01,7.072076937156304144e-01,2.084632307070258539e-01,8.023535240129544555e-01,4.061893617896676356e-01,7.969240714160301664e-01,6.643456901797488712e-01,-7.301313320297819764e-03,2.441985816950093813e-01,5.606458045028001047e-01,-8.249795424888643758e-02,4.839301952056330181e-01,8.190966620593179703e-01,8.769183758494496495e-01,6.638581540590369201e-01,8.190149277322611443e-01,8.295011707802015799e-01,6.599895791850918236e-01,7.034318136916224429e-01,7.799982977684049024e-01,2.086077761415803394e-02,2.626770510850739981e-01,7.597927068677705620e-01,7.955493513954891016e-01,6.328229792183848179e-01,6.262849970529322796e-01,4.466084385651136746e-01,6.441873549682622935e-01,1.339666223804050239e-02,2.216176536305689282e-01,5.194819094228099177e-01,5.551866769500803933e-01,5.540785359211930494e-01,6.930082653367720669e-01
