0.000000000000000000e+00,6.515487238101891343e-01,5.966911779490725598e-01,3.573222951845712037e-01,6.029022182327629098e-01,7.417523610280761792e-01,7.705381542459325273e-01,8.491735957068480278e-01,6.455334668677591425e-01,6.998536020957880632e-01,5.764777700903240820e-01,8.665306378099485451e-01,9.940218273588693476e-01,9.234883915480518457e-01,8.492437240841428370e-01,9.972013577167690990e-01,9.611783640656501593e-01,5.848861664172803065e-01,5.965610510288954504e-01,8.680002622715552452e-01,9.642748662776193802e-01,4.193381769499591738e-01,9.855734549992423155e-01,6.680072663370916208e-01,9.869992727511190944e-01,8.807851499914990390e-01,6.365472416335592465e-01,6.753873463137385347e-01,6.803247001516486703e-02,4.436225075657123651e-01,3.699387571954805831e-01,5.944761426720457376e-01,7.558964523765118182e-01,8.392217049421570874e-01,6.131435352072575062e-01,8.528038149542443991e-01,5.946839565988482068e-01,8.862223319394307852e-01,8.740758102993246847e-01,3.750631084663495485e-01,6.925566947009665908e-01,8.934290148214291127e-01,7.528847883214720982e-01,8.592757071712038286e-01,9.794517786446059748e-01,4.821497953025881134e-01,7.650831968076798884e-01,9.903061364707734793e-01,9.314952044411527465e-01,8.312030531795658872e-01,9.260576884796635211e-01,5.987005392504964885e-01,8.371102734310114091e-01,5.198914544608796984e-01,6.998301089802934083e-01,8.842056938870140881e-01,2.233443039828037491e-01,6.005418527655428385e-01,7.371087584277793425e-01,4.464190105942111852e-01,1.812256533283431725e-01,6.948003480067244109e-01,9.825366687012930811e-01,-1.339446897902679678e-01,9.575857801723142160e-01,8.044590246137409695e-01,8.167305068647204846e-01,8.837010204106616751e-01,8.805112019433397608e-01,6.525669982281265824e-01,8.540161417107046127e-01,6.209013749721015163e-01,5.992665267744206048e-01,6.597995299608533371e-01,9.096704755091123973e-01,9.320534650904094276e-01,9.927641793865460418e-01,7.510810085786618906e-01,3.360092810968895449e-01,6.476071128118660036e-01,7.915298463466002854e-01,8.817418658153863831e-01,7.574292972832280535e-01,-1.919100510536921322e-01,8.274668946792257396e-01
6.515487238101891343e-01,0.000000000000000000e+00,9.204116676629769955e-01,5.050873406685156830e-01,9.450121843613996653e-01,6.720037790597572780e-01,7.219716872140491404e-01,8.509160108136752942e-01,1.793166472851100979e-01,6.409745837839180282e-01,8.482539374044822944e-01,6.302867173379845811e-01,9.587739376819254256e-01,6.382312505745415532e-01,7.159537548169160326e-01,8.563566039694198162e-01,6.394890962894967945e-01,9.485011371311031780e-01,6.491290645732694653e-01,4.580816065688833594e-01,4.870059602461290771e-01,4.499862048334770104e-01,7.230554375635184217e-01,8.905000579914789105e-01,7.503177603136936824e-01,9.981402425916761079e-01,2.307327978332152918e-01,4.470844595679027700e-01,6.349377744692235037e-01,5.100105646514004887e-01,3.085250887100603537e-02,5.228697058775878537e-01,6.847891329482979073e-01,9.070741305951369737e-01,5.802700507372147154e-01,7.248167229828540448e-01,4.624618525243949785e-01,8.215324471865657063e-01,8.176514252886650791e-01,5.593360535661868749e-01,6.549012105765127378e-01,8.451784110523902216e-01,6.538429709063534601e-01,7.388773589460202462e-01,7.796634016423704683e-01,7.436728836203148063e-01,6.372349367813341381e-01,6.038248462250777049e-01,9.348917829681634428e-01,7.715368578659628218e-01,8.071214983147529942e-01,9.632708760259193204e-01,9.091047997291593630e-01,9.738581724827610753e-01,8.310874946805046903e-01,8.573946500421190109e-01,8.736300152276397224e-01,9.602996431224208873e-01,7.475823351851125231e-01,1.474957518646358989e-01,6.659769987175724326e-01,2.974351386649956575e-01,5.185983652431233049e-01,-8.845949727189700296e-02,8.565167835530265172e-01,7.095574731122441525e-01,2.625419167302130430e-01,6.722801458420009091e-01,6.846215615360050633e-01,7.614010884015864900e-01,4.962880790453176316e-01,7.193329966652467489e-01,7.825368805595062094e-01,4.325325300360627345e-01,6.828952673462886924e-01,9.115851466088701338e-01,9.658359147249950816e-01,5.793942638997769956e-01,5.499246773998437421e-01,3.976253774744303859e-01,7.537813291944761573e-01,9.634327413297201215e-01,9.601943420057206247e-01,9.237365974671596369e-01,6.654376741525034333e-01
5.966911779490725598e-01,9.204116676629769955e-01,0.000000000000000000e+00,5.864913643356021167e-01,9.769745006505363705e-01,8.265346225775522804e-01,9.837383895191277317e-01,9.382234472930989222e-01,9.674982393662484581e-01,5.348068894727462386e-01,5.965751227635480713e-01,9.207365574745841608e-01,9.753561766748579664e-01,5.129612691321280282e-01,7.700848224343985748e-01,6.589957321346840979e-01,8.223001007416336217e-01,9.665602888470539167e-01,6.928570855679678786e-01,4.364972150190419287e-01,4.973411113162824471e-01,3.709110612387965800e-01,7.430037799590595293e-01,8.532067787794189728e-01,7.717303798048903429e-01,7.337173796246099222e-01,7.001868114120962661e-01,7.445268761980612382e-01,7.706903702270608836e-01,4.675161748560136554e-01,4.750024110921112208e-01,9.051465774028792932e-01,3.453233981335170899e-01,8.472248442356864473e-01,6.269194965779786299e-01,6.233141748871887655e-01,3.905441074157436354e-01,9.109388232644877181e-01,7.074135766218052623e-01,2.695421360263743349e-01,7.917247308568833297e-01,8.417637676598891394e-01,5.262818503298386519e-01,9.114782535590847390e-01,8.812903646793230905e-01,6.072767287383997736e-01,9.361581840566848278e-01,9.661852747310668565e-01,8.562658873203108367e-01,9.546768250874146933e-01,2.349385188469690910e-01,8.619589659028928930e-01,9.524983909371494972e-01,8.806720038994788613e-01,8.855399646391817203e-01,8.512000550637019991e-01,8.605636419968603068e-01,6.286560638329804496e-01,7.324362137986164534e-01,9.348698433988167356e-01,4.481547987073083439e-01,9.347465585866936433e-01,6.018566236517891577e-01,9.060740738340010703e-01,9.796978879502202808e-01,7.565494345545032973e-01,3.983938640105636475e-01,6.101677140473822369e-01,6.945059860321397549e-01,6.322538384600688843e-01,8.195697873338823047e-01,4.196046963647418471e-01,-3.420096684421990996e-01,4.877608100328525431e-01,6.530498941540026081e-01,3.942571152898929898e-01,9.226319088932213308e-01,9.014134040801125014e-01,5.771509761675479577e-01,5.018033157498335006e-01,4.836491716470537883e-01,6.899846199438052219e-01,8.954825064084116493e-01,3.157742410715583814e-01,7.029073743480299674e-01
3.573222951845712037e-01,5.050873406685156830e-01,5.864913643356021167e-01,0.000000000000000000e+00,5.217593958314272751e-01,9.343597682129285431e-01,4.988454790838937614e-01,2.942020340557455760e-01,5.180162836925658043e-01,4.678400128910222833e-01,5.152258589771040453e-01,7.012793725624247854e-01,9.176436840977673093e-01,5.518429459057491160e-01,7.301014556733317340e-01,8.868488477618176047e-01,6.637271003362130717e-01,4.456631698034013711e-01,6.362161399014791829e-01,9.439846442208529309e-01,8.656477133239562916e-01,9.720126406434195232e-01,6.284071328751200669e-01,7.415438178129784008e-01,5.337562446278394379e-01,6.353291740624777972e-01,2.744764195604135759e-01,7.128182552739864564e-01,2.256991396574190845e-01,5.539897653808704137e-01,2.267585457742000155e-01,4.606594419875268409e-01,7.417797707203550583e-01,7.730538624650163948e-01,7.364976408624948068e-01,4.812542942672429769e-01,6.315464831669699297e-01,7.766841004829877493e-01,9.135346336462321082e-01,9.748011855217164623e-01,1.144660352528565905e-01,4.037656789111429001e-01,6.382680159652399654e-01,8.891164869798462433e-01,8.802388897413009339e-01,4.228394229997103904e-01,7.489341619319349608e-01,9.578288787788348246e-01,1.936157987428362981e-01,6.445480011355613215e-01,9.800419230472305898e-01,9.762922585424039790e-01,6.098052401015775503e-01,7.332794618197897574e-01,8.714380161701306138e-01,8.509857653940938738e-01,9.231671679230307737e-01,9.968151125282168623e-01,8.817215805505749238e-01,9.298925960611779118e-01,7.712332771214437388e-01,7.730985040562059485e-01,5.935746365491568755e-01,6.851177127447007909e-01,8.561716522582365485e-01,9.741092390894293684e-01,8.436699777771612396e-01,6.016911776135357437e-01,3.265339061885367267e-01,6.150635297550999248e-01,6.473156465642423418e-01,9.361915976726269406e-01,5.793662405137022242e-01,7.500211491934773989e-01,4.532921382783942077e-01,6.342513343078520771e-01,8.035544710355185805e-01,7.499805555083031150e-01,4.199010760470106018e-01,5.432989441066680136e-01,5.633126908731559412e-01,7.444296615903347458e-01,8.218609578180634534e-01,1.845583268185419998e-02,7.515127972056374617e-01
6.029022182327629098e-01,9.450121843613996653e-01,9.769745006505363705e-01,5.217593958314272751e-01,0.000000000000000000e+00,8.391538506982159085e-01,5.756224774054953253e-01,6.362391398943022525e-01,5.520344901132724358e-01,3.735015541070297318e-01,4.769595639238041196e-01,6.304706350668424220e-01,5.474139729076437089e-01,3.677532352064648014e-01,7.345209608527855094e-01,5.451521689468565857e-01,6.077474223896798255e-01,8.221580336619882523e-01,5.864474410211633071e-01,2.735478134571374398e-02,7.404415869819369611e-01,4.424988010123256932e-02,9.394859837605769037e-01,4.518463784575780795e-01,6.200437615751110965e-01,8.873873159918739262e-01,5.894874934913516551e-01,7.345040390322785662e-01,2.963535265657158413e-01,5.023109156357948857e-01,4.492391468210045202e-01,5.020149703412231101e-01,1.598212067504490297e-01,9.449575840714253827e-01,6.864923973119761991e-01,3.888875400079448985e-01,2.918629682807187264e-01,6.755389516272342076e-01,4.721779789732321597e-01,8.647914683102355671e-01,9.058544743493144313e-01,5.020600461794682001e-01,9.135202117183953696e-01,9.106953442953716893e-01,7.289183963420016177e-01,8.762727135129056988e-01,8.023408206602591353e-01,7.755639955311628420e-01,7.210062020972307639e-01,5.364548187453337391e-01,7.609657073645537118e-01,7.910364648601050375e-01,5.479496468008002719e-01,4.590377173455462700e-01,6.682950746058005098e-01,9.515042945189231549e-01,8.768355975283845805e-01,8.964458658167142602e-01,9.556885191370441124e-01,4.497230177490448844e-01,7.671569025311300027e-01,7.373611127645657293e-01,5.231449702877002395e-01,5.385963579441809257e-01,9.941925075977804394e-01,6.165690292696890396e-01,6.690216675252255163e-01,5.913846264532931496e-01,6.257097834700914296e-01,4.005813515880112252e-01,9.985147393726958587e-01,9.928399232188642731e-01,2.952069347616970152e-01,1.153031534597790536e-02,3.286234628458406526e-02,7.762842464234732676e-01,7.227907480651849514e-01,7.799072893549262586e-01,4.731039092619995778e-01,6.873776546503096441e-01,4.529259767714286511e-01,4.256325648829546449e-01,8.064527880886899203e-01,3.244474502876976696e-01,7.520483384400257210e-01
7.417523610280761792e-01,6.720037790597572780e-01,8.265346225775522804e-01,9.343597682129285431e-01,8.391538506982159085e-01,0.000000000000000000e+00,6.764969279757109266e-01,9.959720699927816501e-01,9.820862040662635684e-01,7.984646671259625350e-01,8.533457683840250940e-01,5.185910117750620607e-01,4.921555880435272701e-01,5.560729879555738053e-01,9.799693757638721081e-01,7.722801796581200140e-01,9.770443477036737656e-01,9.763984773808782602e-01,9.131073015426985906e-01,8.755839354844452416e-01,8.811551023001298333e-01,3.821130143192235512e-02,6.437521557834284813e-01,6.256223245580555536e-01,5.782259471923294480e-01,5.152636869697320154e-01,9.384597813059274429e-01,6.643213185219459804e-01,5.474692439731083660e-01,2.384984031686444017e-01,1.050896761037351662e-01,8.935370332926049208e-01,6.094985340734699886e-01,4.420110728301618885e-01,9.052513425213554177e-01,3.424749594092875160e-01,3.380013499138921351e-01,8.351274412703360017e-01,8.860199320428424619e-01,7.717307726305915327e-01,7.944280690127956124e-01,5.773247032909722964e-01,9.230939402061151267e-01,2.162085423114553651e-01,7.433559425691641520e-01,4.666645835594492309e-01,2.520931401776363989e-01,5.038253623904053180e-01,5.513228440559019283e-01,4.848236155200740249e-01,9.001542292252697752e-01,3.165193112513989271e-01,6.989400552212493567e-01,9.896878401504141110e-01,5.840435248699928916e-01,9.394724034533582513e-01,7.943020309346865426e-01,4.425533328623074136e-01,8.547740023577723445e-01,6.912267409892971504e-01,4.304468181760706114e-01,6.657295432215057929e-01,5.112699941067834208e-01,9.616440693341177237e-01,4.338893632227558972e-01,5.083685322862310230e-01,9.187759604650593825e-01,6.636555746526895394e-01,4.575992720820836190e-01,6.093262414292021090e-01,7.840924490957276172e-01,8.139609874262111466e-01,4.068671914626164621e-01,7.552526274896793623e-01,-7.752071806917409935e-02,7.471392478095573164e-01,9.694411030234525439e-01,7.485593771127758700e-01,4.775011988533934271e-01,1.234213393122459701e-01,7.919473198519703105e-01,8.139158483439999925e-01,4.887103703031744351e-01,7.235172358127297532e-01,2.335435509222582584e-01
7.705381542459325273e-01,7.219716872140491404e-01,9.837383895191277317e-01,4.988454790838937614e-01,5.756224774054953253e-01,6.764969279757109266e-01,0.000000000000000000e+00,5.887471075415309230e-01,5.073469173223829065e-01,7.190713200589096132e-01,6.433926915233414423e-01,7.754843300458282851e-01,7.413327651494709958e-01,5.025441927605817094e-01,8.416710012867916202e-01,4.528282481665560910e-01,8.897178014463137385e-01,4.585369206666159436e-01,7.981462501957869993e-01,6.864678050093924178e-01,6.399946880025394469e-01,3.591127521786904309e-01,6.399677989958139079e-01,7.834664017831288740e-01,7.913259368288600992e-01,3.069914881221279535e-01,5.223172577365245983e-01,3.366542584888639889e-01,3.342154564895560842e-01,7.147954842823276422e-01,7.463468627069705930e-01,3.457376412068098870e-01,2.701197603871270392e-01,6.815814063310029480e-01,5.665323917661825304e-01,7.016339309991906914e-01,-1.252242552319279834e-01,4.764932452867571278e-01,8.060006172805467273e-01,7.769071562088707417e-01,9.151984096100456156e-01,9.860819648903692558e-01,8.887904706123422871e-01,5.027042444525610110e-01,6.154631189721015971e-01,6.655845992363631503e-01,5.906499381130614346e-01,3.653461302043068404e-01,9.845566784305418429e-01,7.005269549587181954e-01,4.839966196746759430e-01,5.914702464982042329e-01,7.319615694582614074e-01,6.019524899230371817e-01,7.387100263170582881e-01,2.402154553515670199e-01,-1.942647886992720507e-01,9.057322564433906154e-01,3.578271971583957822e-01,3.850677720180611940e-01,5.727374671195446520e-01,4.753301617674244861e-01,9.921455461875670068e-01,7.831267073867527184e-01,7.510848375557226397e-01,9.729305795924836353e-01,6.087650918826614799e-01,9.952298921284399302e-01,7.408191309337013308e-01,7.333341716872189275e-01,5.988396818932137933e-01,6.945566950440938969e-01,7.615343080090070105e-01,4.461152387125645880e-01,2.522690893127087497e-01,4.682358947350960809e-01,6.990779489639029620e-01,5.011014581504700249e-01,3.274551274032281301e-01,5.300413223958337916e-01,6.555326717508577206e-01,7.334372713007608624e-01,6.569874300120681632e-01,6.006078686134811440e-01,6.659145566669955052e-01
8.491735957068480278e-01,8.509160108136752942e-01,9.382234472930989222e-01,2.942020340557455760e-01,6.362391398943022525e-01,9.959720699927816501e-01,5.887471075415309230e-01,0.000000000000000000e+00,6.172046000177665581e-01,5.454528788742971784e-02,6.213918351204489321e-01,7.802403316922359444e-01,4.932302796843406334e-01,5.639383502503095835e-01,9.906088490858656614e-01,7.295507463379639068e-01,6.526569151929961787e-01,8.692438994257629670e-01,4.650237980754652889e-01,6.456487790958002071e-01,8.138480240535592714e-01,5.664661949997429335e-01,6.716399663660215236e-01,9.006507461180111029e-01,8.241108294207378782e-01,2.569102913946881284e-01,4.994828912286558009e-01,7.060045524224334290e-01,9.564098818962943893e-01,6.375555658782815494e-01,1.591362812943135363e-01,3.785701991497798513e-01,5.264956773781499511e-01,8.988305350691108142e-01,5.118763658025368146e-01,3.619659254197220566e-01,3.734269516985293524e-01,4.765416696544620967e-01,4.520876978174046545e-01,7.181779041398327346e-01,5.276158264327092118e-01,7.263496582562479764e-01,9.507886237572443777e-01,9.699556447941329873e-01,6.958235495840030538e-01,7.090119592989355679e-01,3.606430298011560343e-01,6.381507571966791303e-01,6.276293885975818831e-01,7.850032215165935190e-01,5.728610183598766836e-01,-1.809152402576041929e-01,6.227323278670167106e-01,8.787378825101148649e-01,7.985459714314280255e-01,8.033563716622198481e-01,6.176313315962612682e-01,4.501620749612249006e-01,6.099663165711219914e-01,9.886277382821568871e-01,3.070116168317868488e-01,7.189413060007319167e-01,6.730291659376804736e-01,9.096609110043082369e-01,9.234841937583362359e-01,6.577091323827428671e-01,4.263921845211597894e-01,8.564822419081487004e-01,6.419220963587269901e-01,4.517632057907911558e-01,6.836363364132944653e-01,8.535588046037480003e-01,4.373431827113894999e-01,2.948740415626946998e-01,2.715381353351259963e-01,4.246657313902015840e-01,4.215332759826320719e-01,6.808075037912050265e-01,9.740849460449522157e-01,3.219576142477266201e-01,6.428795023254669783e-01,9.885084376223604030e-01,8.843793991959463252e-01,3.605645714867596885e-01,8.512651707361279518e-01
6.455334668677591425e-01,1.793166472851100979e-01,9.674982393662484581e-01,5.180162836925658043e-01,5.520344901132724358e-01,9.820862040662635684e-01,5.073469173223829065e-01,6.172046000177665581e-01,0.000000000000000000e+00,5.175415655689168393e-01,8.546687417748179971e-01,3.430102128147171081e-01,8.285500148259079545e-01,3.810045093306377861e-01,-2.261101046204382903e-01,7.416703905269804720e-01,4.763483065045955867e-01,9.948794594904126765e-01,7.920910059183983165e-01,9.675242752428229176e-01,8.204203797322729974e-01,7.651521894567779869e-01,7.343684833619404939e-01,8.021145980393854513e-01,7.008095831231968553e-01,6.590690005779893390e-01,9.073319256688376910e-01,4.517855422135181320e-01,5.895223882426925410e-01,5.398258426885091943e-01,6.982042413790334745e-01,6.052014736677627793e-01,7.388383352185848851e-01,1.598196105750893103e-01,6.708248740954999567e-01,1.042292553157824209e-01,1.722979606053028079e-01,7.812557109093911656e-01,6.905603151062320588e-01,7.845765793904364571e-01,4.415398847234329183e-01,5.061038628000842365e-01,8.451884527766114763e-01,7.078152738778231701e-01,9.480947462238109580e-01,8.064549519569149671e-01,8.847749071067568805e-01,7.072024213901129119e-01,5.586724473924405965e-01,4.434177593944931828e-01,9.729161460457596000e-01,2.385798155215849703e-01,6.471178183766329584e-01,7.097629376012256630e-01,7.439222204801618776e-01,6.422772695274058252e-01,8.150029516707634203e-01,4.531385428190709552e-01,9.538128939935953676e-01,4.747005900896961172e-01,4.923540624053003301e-01,3.482769570131090120e-01,7.467005276266358571e-01,6.600002584671743611e-01,7.762131765944070283e-01,7.935017548677398835e-01,4.837461070155553711e-01,9.529988935383513216e-01,4.292840056598340448e-01,4.355515232233538314e-01,8.415109364833399663e-01,7.935781451977478307e-01,7.304223662774302905e-01,7.498034279666727642e-01,3.552467022932082139e-03,5.911059342912962089e-01,9.991965715782096247e-01,6.246696941027188865e-01,6.060093284281861115e-01,4.461043107358298454e-01,4.737174756635777473e-01,8.170083672612270531e-01,6.931138078633312105e-01,2.503562016043941463e-01,4.456814900592325768e-01
6.998536020957880632e-01,6.409745837839180282e-01,5.348068894727462386e-01,4.678400128910222833e-01,3.735015541070297318e-01,7.984646671259625350e-01,7.190713200589096132e-01,5.454528788742971784e-02,5.175415655689168393e-01,0.000000000000000000e+00,8.104462219356626251e-01,9.780278878872945558e-01,8.493746810087566823e-01,9.641751906613005296e-01,4.651334298313438143e-01,5.049739401105892700e-01,6.514885059531925204e-01,6.541678084905366841e-01,8.237870258814612434e-01,9.295686946228681746e-01,9.247122158642456791e-01,5.178022250678865346e-01,7.213474909625696707e-01,6.245965087521493375e-01,2.359993803722232331e-01,6.940350941446337130e-01,9.099504907725620706e-01,9.820178580051276418e-01,3.420169576076286244e-01,5.408522723981080693e-01,2.391299323394595888e-01,7.675984237457441628e-01,8.546089990765907141e-01,7.112449776769128595e-01,1.873921424726419094e-01,5.957898199590778709e-01,5.032082869992203777e-01,4.609228906360225975e-01,8.804796693232844751e-01,9.675425643286307276e-01,6.007959632164542318e-01,6.032890434075977026e-01,6.350377475563357965e-01,7.611064952476522816e-01,6.830422248615294345e-01,7.478999258059011446e-01,7.811923553049153757e-01,8.106136764585977206e-01,7.349338839390612277e-01,6.109054588715935319e-01,4.065317893882120504e-01,8.480702055321057697e-01,5.218820123969971636e-01,6.162965867512117946e-01,9.804085230608502455e-01,9.800856820867948072e-01,6.112923780615177050e-01,9.735524774987476260e-01,8.277384532774367809e-01,4.751167195763257300e-01,4.378593050419588573e-01,7.927752480609031593e-01,7.618279878270561856e-01,4.668183075699048334e-01,6.721131219345563013e-01,9.406482498859777275e-01,6.652398659355484023e-01,6.299539341922550939e-01,7.392157006453830004e-01,-1.449101163047828433e-01,9.226043802370308411e-01,4.078060867143164514e-01,6.154334942354099391e-01,7.786515132541349526e-01,5.843711231936679074e-01,8.295122192613429979e-01,2.796408364655217360e-01,8.491989436227254107e-01,5.482180321539730228e-01,2.010937710423090982e-02,8.475411889052799630e-01,5.883978638034452757e-01,6.483991565555784486e-01,6.720401652815909399e-01,6.368817676306324227e-01
5.764777700903240820e-01,8.482539374044822944e-01,5.965751227635480713e-01,5.152258589771040453e-01,4.769595639238041196e-01,8.533457683840250940e-01,6.433926915233414423e-01,6.213918351204489321e-01,8.546687417748179971e-01,8.104462219356626251e-01,0.000000000000000000e+00,9.058862247057228867e-01,7.335771666222341558e-01,9.388374640551778727e-01,4.871186734252174189e-01,4.310315625753017854e-01,9.407776547074528928e-01,7.965678523648396236e-01,8.907859411092664548e-01,8.453718778383967347e-01,9.679277693536595395e-01,9.343839549674253231e-01,9.660586490159949191e-01,7.313695985452273174e-01,7.254893961904832489e-01,6.662767268443836599e-01,8.396944620130056824e-01,8.363494357284422254e-01,7.793511969363804415e-01,2.795916689403382671e-01,1.026958166622136126e-01,5.833704671766248850e-01,6.464463423869298841e-01,9.192689439322290212e-01,9.285237715919366641e-01,6.152156323285762340e-01,2.709212253559334926e-01,2.379276887226624559e-01,6.935205101562718077e-01,6.471314362300105705e-01,2.303868086446787811e-01,7.233412476223806120e-01,4.035225170445487231e-01,5.731140774278034034e-01,7.501702170070995157e-01,6.082766832247031852e-01,7.407604017393288887e-01,7.589277253742985341e-01,7.420904695956316299e-01,7.204456874881655093e-01,9.817437210319985841e-01,7.602445256916481320e-01,9.992381993255728956e-01,7.611253172257725907e-01,6.254782365224654805e-01,3.444385520037317461e-01,6.551662681748038342e-01,9.471862992994533048e-01,8.000992486264153492e-01,2.661160250207725286e-01,4.963413099621918900e-01,4.720195369152130338e-01,8.750047888524531414e-01,8.550129762801826905e-01,8.863747748192825071e-01,9.734016079482646910e-01,8.851155934594411301e-01,9.688623450956215244e-01,1.300234142473098431e-01,7.811341756297603967e-01,3.551003854309424668e-01,5.776563082380183900e-01,4.392468487340249195e-01,2.854488621245544477e-01,6.351016458631743022e-01,9.997495886297265155e-01,5.498532140660729040e-01,2.307031878030337546e-01,4.875899044007201422e-01,5.158102409774766306e-01,6.960534167514004222e-01,6.095951006143486284e-01,6.433231632828921853e-01,1.034219352300940059e-01,9.197511611359346917e-01
8.665306378099485451e-01,6.302867173379845811e-01,9.207365574745841608e-01,7.012793725624247854e-01,6.304706350668424220e-01,5.185910117750620607e-01,7.754843300458282851e-01,7.802403316922359444e-01,3.430102128147171081e-01,9.780278878872945558e-01,9.058862247057228867e-01,0.000000000000000000e+00,8.290883315335267900e-01,3.565205283039753897e-02,7.716652386278100018e-01,5.650113202715822958e-01,9.438999217085716209e-01,9.670119062791399100e-01,9.070037757252129573e-01,6.964467198918879998e-01,1.824061868681109699e-01,9.751770181483472300e-01,4.821122369650639450e-01,8.211323275612969486e-01,3.260846425081996847e-01,9.804396701855958574e-01,8.550076084549412814e-01,7.169187211675782656e-01,4.664693010365797421e-01,3.543970526456223236e-01,3.670199426857021496e-01,7.528099764385007830e-01,7.222633051540219284e-01,5.812929766884769034e-01,7.557742749866045440e-01,6.772739795433471155e-01,2.362381739589691498e-01,7.408391377133108913e-01,7.342203844542919411e-01,4.642629284894745356e-01,2.410267506056719133e-01,6.045730204195431945e-01,7.612435809451619795e-01,9.313501829417262234e-01,7.849524998005958931e-01,2.060721841159154077e-01,6.490223515107506058e-01,7.094624118564416548e-01,6.517612698135675231e-01,6.873925603595473222e-01,7.620096754184322307e-01,6.472286334181250878e-01,6.656485135136298581e-01,4.972092883356893367e-01,9.094974045138423113e-01,3.822730035315896613e-01,7.487951823877770918e-01,4.876490795008510126e-01,4.536791918807757118e-01,2.921498927176096050e-01,4.444399343348890419e-01,6.656946297438699478e-01,8.154959169370099570e-01,8.542187750663619017e-01,8.596403469057429803e-01,5.487961519465986981e-01,4.218412620932507906e-01,7.390300536659200059e-01,5.332991242624328665e-01,7.705944084732030408e-01,8.594510572597203746e-01,7.858615124817291964e-01,7.532329875717138634e-01,7.421792405812747129e-01,7.555216444430717937e-01,5.554682498944709668e-01,8.607653758834006297e-01,2.069142899219368059e-01,4.416687808321277386e-01,2.023660272362645673e-01,4.610281391597966238e-01,8.981008135187285024e-01,4.521523496972553735e-01,7.701134241590983365e-01,5.875480745446353126e-01
9.940218273588693476e-01,9.587739376819254256e-01,9.753561766748579664e-01,9.176436840977673093e-01,5.474139729076437089e-01,4.921555880435272701e-01,7.413327651494709958e-01,4.932302796843406334e-01,8.285500148259079545e-01,8.493746810087566823e-01,7.335771666222341558e-01,8.290883315335267900e-01,0.000000000000000000e+00,8.388020861940999051e-01,5.509510632981371447e-01,4.870727049306694534e-01,5.807623514106325935e-01,8.195536856025988914e-01,4.920202278017399844e-01,8.281982739294215801e-01,8.713774217916044895e-01,9.435583202779049827e-01,7.388111935041787870e-01,6.619009690512946964e-01,3.860764970989015721e-01,2.507476959957702922e-01,4.138661977145889348e-01,8.061677548956019956e-01,6.823499720960291004e-01,5.520594872368447259e-01,4.594902074970615979e-01,6.519859308373081586e-01,8.129830367149866177e-01,7.578064077269071053e-01,9.312461716634765629e-01,6.055523698243467923e-01,5.873936307672664725e-01,8.074950860615923709e-01,6.214696937108521446e-01,6.560813947012444913e-01,7.654137014360766766e-01,6.949668392735747213e-01,3.075737042481732075e-01,5.816059309385434029e-01,7.368368892938772508e-01,4.017167190473919791e-01,-2.873787990405225479e-01,4.898612126504695019e-01,8.859042284269429413e-01,4.999915205136839513e-01,5.362342048280150930e-01,6.077191049758701169e-01,4.584108366957702629e-01,9.430511352882415821e-01,8.815357399396349658e-01,7.802370229220955133e-01,5.511182139783236122e-01,2.905053777495474887e-01,8.756977309380928887e-01,4.976047761032826866e-01,9.187195563063893511e-02,6.822038502322289588e-01,9.416849063499348471e-01,6.388633717363843001e-01,9.252749436115529358e-01,8.946815461788553137e-01,8.467135338504978570e-01,9.379095895772442404e-01,7.048580969568082333e-01,6.220752660548359847e-01,7.667245196683982744e-01,8.999274138462328709e-01,3.729459259760943279e-01,5.644124534179950636e-01,7.507659884773346670e-01,4.552796360125764830e-01,6.875457750307175653e-01,5.089156832050218959e-01,2.520783897493024672e-01,3.812789681160985711e-01,9.872462767492398150e-01,6.925277479800920899e-01,9.133260309589041892e-01,6.853045296485622551e-01,6.977785764564649051e-01
9.234883915480518457e-01,6.382312505745415532e-01,5.129612691321280282e-01,5.518429459057491160e-01,3.677532352064648014e-01,5.560729879555738053e-01,5.025441927605817094e-01,5.639383502503095835e-01,3.810045093306377861e-01,9.641751906613005296e-01,9.388374640551778727e-01,3.565205283039753897e-02,8.388020861940999051e-01,0.000000000000000000e+00,6.381983438881245752e-01,7.141903411452030781e-01,8.304147258078281579e-01,5.129315309448791993e-01,8.956940634561421088e-01,9.945847428723268990e-01,9.379742130282473500e-01,7.607171810700129599e-01,4.587432287473326431e-01,6.087816679620174920e-01,5.919753062691370804e-01,7.004959573891413882e-01,2.200023188393614437e-01,7.272096330934023634e-01,5.304672908008094545e-01,6.607383316230603931e-01,9.964495243855371331e-01,1.820466868241976954e-01,6.909270651232847227e-01,7.870826975117961588e-01,4.364148283847119614e-01,3.652321606550492650e-01,6.813958895815200867e-01,7.334224695492793655e-01,3.817626533691103607e-01,5.090201197532885358e-01,7.876641020384955727e-01,2.636756725856447270e-01,6.205921188827439039e-01,7.866501066484888893e-01,8.061569638876984190e-01,7.365718755454865319e-01,5.345687876387492654e-01,8.497796017312106986e-01,8.888261130189972770e-01,8.850692388585834625e-01,6.077797617692431986e-01,9.920526189396730032e-01,1.775169527424230731e-01,8.090125274010352419e-01,9.480160398230006447e-01,7.661399917339057897e-01,7.498213699864774151e-01,8.030713322890574712e-01,7.556431522290431024e-01,2.222527036105155784e-01,5.824194662530234323e-01,9.625446511436176467e-01,6.396542900732404835e-01,4.067038443217059762e-01,8.978150906407106335e-01,9.834676680917115998e-01,6.522532704534274028e-01,4.343298037931508926e-01,7.261955740418488681e-01,7.826907559297353600e-01,8.980370067487799535e-01,9.837662993240954279e-01,3.204057403259631953e-01,5.286095268728140395e-01,5.682711768826061993e-01,8.353523741264949898e-01,3.255903986288194440e-01,9.329249550137427294e-01,-6.485174911518562513e-02,5.366826798500190510e-01,6.729036373102715851e-01,6.392261195088971837e-01,6.361729756881704390e-01,6.162900918346796431e-01,8.036418943042180629e-01
8.492437240841428370e-01,7.159537548169160326e-01,7.700848224343985748e-01,7.301014556733317340e-01,7.345209608527855094e-01,9.799693757638721081e-01,8.416710012867916202e-01,9.906088490858656614e-01,-2.261101046204382903e-01,4.651334298313438143e-01,4.871186734252174189e-01,7.716652386278100018e-01,5.509510632981371447e-01,6.381983438881245752e-01,0.000000000000000000e+00,5.315028867288094094e-01,8.112145621612011359e-01,9.320471311822731142e-01,5.639478583583970028e-01,8.688617137767636889e-01,7.060181575311487157e-01,9.514381873268602519e-01,8.458298075152540507e-01,3.180611883297509435e-01,6.123820791069326530e-01,4.394071259796286100e-01,3.945878645110963423e-01,9.956716974294521627e-01,4.878711985967357223e-01,4.967109907303939864e-01,4.122611792362992911e-01,9.001207076214611247e-01,9.997177745771967938e-01,6.258205362266672234e-01,3.465661883413019284e-01,5.203049877376118015e-01,3.369935254882290288e-01,3.648492323893905986e-01,8.659036017146448660e-01,8.586580067548009731e-01,3.067627875555368755e-01,9.794792556336530120e-01,7.590936696370872427e-01,7.803239215091268832e-01,4.889107181847189842e-01,1.670335554344813400e-01,5.670155791922544264e-01,6.423818634110388670e-01,8.830966666012473043e-01,6.372477170801374990e-01,8.267287070255904258e-01,7.218952360377293154e-01,9.831075624426104387e-01,6.477007592324721674e-01,5.552147221488883400e-01,6.251520837451739476e-01,2.856647438159926056e-01,9.573148690576487319e-01,6.567556316011176065e-01,6.815558672436898835e-01,4.068242834358491988e-01,6.347325818902034289e-01,7.097283770238144163e-01,8.242696552660064846e-01,5.366375908590806931e-01,7.912701177517420525e-01,-1.474203168737053538e-01,8.564341353333225770e-01,7.494546020406676057e-01,4.506344252461914057e-01,8.414742549399747418e-01,7.860124209496818226e-01,5.254557532166561629e-01,4.900791705168990320e-01,7.230737855636781841e-01,3.345360764143824328e-01,5.133252813981766804e-01,6.033144695710526140e-01,1.064348630683049739e-02,4.273242228974368784e-01,7.199366430988621834e-01,9.245019759629641287e-01,9.630948019230990420e-01,7.176354885824611785e-01,6.808472550832528336e-01
9.972013577167690990e-01,8.563566039694198162e-01,6.589957321346840979e-01,8.868488477618176047e-01,5.451521689468565857e-01,7.722801796581200140e-01,4.528282481665560910e-01,7.295507463379639068e-01,7.416703905269804720e-01,5.049739401105892700e-01,4.310315625753017854e-01,5.650113202715822958e-01,4.870727049306694534e-01,7.141903411452030781e-01,5.315028867288094094e-01,0.000000000000000000e+00,7.904502652185534384e-01,7.737456593283533746e-01,8.109508103444373894e-01,9.868579158891275238e-01,7.563942579558162738e-01,6.002808704486977120e-01,8.274343632409740801e-01,5.432646848882205504e-01,7.102567001970099270e-01,8.561682192999795493e-01,3.298049718164564048e-01,5.478354167289649634e-01,3.373285838455054031e-01,1.275877829192522961e-01,3.567532225615720476e-01,6.589332572933727095e-01,8.648024264204648981e-01,7.135975413329753714e-01,6.025539161884364558e-01,7.600924325090574474e-01,1.894983668932651577e-01,4.923954244948243186e-01,8.758631333171738031e-01,5.066699662580226304e-01,6.892896445132039585e-01,7.878819437049716656e-01,8.637512676506052811e-01,6.476885005313673949e-01,7.385634825227027633e-01,4.819473187594869312e-01,8.558987966684287185e-01,7.005040063060541389e-01,7.595137535410535490e-01,4.271006514430690237e-01,9.015421727285453102e-01,8.872634923870100776e-01,9.494430245640654853e-01,7.500668470077054284e-01,5.663903622228517731e-01,4.538076850127600315e-01,6.055408579534451441e-01,9.594123199358313148e-01,7.117919589034260586e-01,7.289273645404604762e-01,7.175624570812636493e-01,3.275708650069345529e-01,5.921271913816891219e-01,-1.083432503191561480e-01,6.065882122658475817e-01,3.054323382522172170e-01,8.050695342865544779e-01,6.545573272867910575e-01,4.307442755008930590e-01,7.688933990494665194e-01,6.590113376249946420e-01,9.711385597798833924e-01,3.346906554150349544e-01,7.180110958733663118e-01,6.539461918468653101e-01,9.388891185115121329e-01,7.868534582669337585e-01,4.294230079491349050e-01,8.066660317811503722e-01,1.411049646719278738e-01,4.746341406548782449e-01,9.848064700638616831e-01,7.129979005351728683e-01,5.089639479699221702e-01,6.208323479582400495e-01
9.611783640656501593e-01,6.394890962894967945e-01,8.223001007416336217e-01,6.637271003362130717e-01,6.077474223896798255e-01,9.770443477036737656e-01,8.897178014463137385e-01,6.526569151929961787e-01,4.763483065045955867e-01,6.514885059531925204e-01,9.407776547074528928e-01,9.438999217085716209e-01,5.807623514106325935e-01,8.304147258078281579e-01,8.112145621612011359e-01,7.904502652185534384e-01,0.000000000000000000e+00,8.644228315969497700e-01,8.810315461752191712e-01,9.030676577529123117e-01,7.767196301261336533e-01,7.464412604812427077e-01,7.374062218149569636e-01,7.186793219365612551e-01,7.097849061652072855e-02,8.918486319898719650e-01,8.251978680020696233e-01,5.480557780281543057e-01,2.270248440344144192e-01,7.170545734634939938e-01,2.601584618094020529e-01,3.256271431475228906e-01,7.377568446026493421e-01,2.340552243750824435e-01,8.075797485934593789e-01,4.314688771230118514e-01,4.532347116962603395e-01,6.316661847201586744e-01,8.615665874977784799e-01,4.231174779881841097e-01,5.160060969268126518e-01,1.616497709570945476e-02,8.258743026872409354e-01,6.278486095914875831e-01,6.573881492390932779e-01,9.034620012989855731e-01,7.893030992707745774e-01,7.763416948572133824e-01,4.255173874756479901e-01,8.805754235086934445e-01,6.191655222619925070e-01,9.583859577607938274e-01,9.501782330639131358e-01,8.818531573286589875e-01,6.835728660238398202e-01,9.666425352918686098e-01,9.791679784368104711e-01,8.130112128037487729e-01,7.659854523167790585e-01,4.579025352302175111e-01,8.378145746173486508e-01,6.240868568344621892e-01,4.944404673012627871e-01,6.002127832890070680e-01,6.443573339539154787e-01,9.500294721501525430e-01,6.352445899872236623e-01,8.432674553280852248e-01,1.924477410063680505e-01,6.995627468920410097e-01,1.308923924770040714e-01,9.988197924473902756e-01,6.085623189147633116e-01,4.946753117786776843e-01,9.861572765345534286e-01,6.916149664281248111e-01,7.363080542970651399e-01,3.596566660873554144e-01,2.470263093871971904e-01,6.361007606359498912e-01,8.726733043534843359e-01,4.979590124767370729e-01,7.639186938856532549e-01,2.517578095119167858e-01,4.207011637807722138e-01
5.848861664172803065e-01,9.485011371311031780e-01,9.665602888470539167e-01,4.456631698034013711e-01,8.221580336619882523e-01,9.763984773808782602e-01,4.585369206666159436e-01,8.692438994257629670e-01,9.948794594904126765e-01,6.541678084905366841e-01,7.965678523648396236e-01,9.670119062791399100e-01,8.195536856025988914e-01,5.129315309448791993e-01,9.320471311822731142e-01,7.737456593283533746e-01,8.644228315969497700e-01,0.000000000000000000e+00,4.322718512587652162e-01,8.767195783582331092e-01,9.867876832201791792e-01,8.988280349006083636e-01,9.956666999971819365e-01,9.833069208345044387e-01,7.047171491105187480e-01,7.278262692149450874e-01,6.085950827028620003e-01,6.237671252563460333e-01,1.941711772766730737e-01,5.891775798467766556e-01,7.866204946683789112e-01,9.160594382137773328e-01,7.682934582882170460e-01,9.055472033783884545e-01,7.677323614921769401e-01,1.065661842307118329e-01,-1.962517011369435682e-02,7.014487941887942446e-01,9.949841429610702948e-01,7.805856879651779101e-01,2.136608659409875571e-02,9.721660471669739678e-01,9.055165259938487976e-01,6.386957234721112320e-01,8.227269312681999569e-01,7.586112880143953685e-01,8.084487066274813616e-01,6.050081301607102002e-01,1.231296919454030192e-01,6.782632777762670484e-01,3.716085001285107658e-01,6.999351245551836964e-01,6.962411475238400316e-01,6.675008072839633266e-01,6.909701129788442531e-01,2.339718596773109616e-01,6.593164430923014185e-01,8.524065551119416329e-01,9.076498704206215073e-01,5.763514344264418776e-01,3.139520551718883445e-01,4.163790927212320248e-01,5.652782862834141442e-01,8.147359906940974117e-01,9.499579699436311309e-01,5.815743034107335729e-01,6.926273676451170092e-01,8.231899205872674763e-01,5.101609396930801843e-01,7.128503074936052286e-01,4.591120960873827928e-01,6.380524025177283232e-01,2.265922966674668859e-01,2.342867684702889808e-01,5.360161991672447446e-01,7.305118385724680419e-01,8.427740902841303061e-01,6.419309206972557691e-01,7.198927019282541639e-01,2.285217585685203334e-01,5.830925951323442380e-01,8.233256205372624370e-01,6.689642029269008416e-01,5.907682916828547182e-01,6.108849912033984531e-01
