0.000000000000000000e+00,8.104414527897874088e-01,9.780430655422883701e-01,6.701859153412160763e-01,6.008053120283667337e-01,9.958853498855613218e-01,8.247458664875065848e-01,7.817561099299454863e-01,8.536803739438996175e-01,8.298356009394844968e-01,7.347311878725117928e-01,4.988508767706704150e-01,8.179046163242460477e-01,8.446083522713225822e-01,5.708335110930903289e-01,6.770297089428580772e-01,6.859103503794031775e-01,9.229842364677744992e-01,9.791626834414055569e-01,7.562981403453794549e-01,6.386224858857592057e-01,6.477443763937286159e-01,9.954203817320497194e-01,8.167930336264958013e-01,6.372654270426270084e-01,8.226711128326079647e-01,7.628771831104520507e-01,6.925092630567797336e-01,5.662529659121563474e-01,6.837984303706512446e-01,2.042276664733264774e-02,6.526904661143949626e-01,7.381589021407050089e-01,9.166736800691398512e-01,6.505268611734666973e-01,4.304770105841589922e-01,4.406703334144817519e-01,8.947699051390410885e-01,2.789479348656045965e-01,9.825288723957710246e-01,4.291767169530368853e-01,7.575980420895085388e-01,8.223103928941130070e-01,7.048700884608308792e-01,8.156922122813492493e-01,5.500221936833843417e-01,5.568799125745873546e-01,7.730508036078082013e-01,8.552402837370124411e-01,6.660331558117654760e-01,9.547272355456989379e-01,9.194259994241559264e-01,6.633562530563230641e-01,9.080328594201543257e-01,9.713225219544379119e-01,9.660900239545714419e-01,8.201895134063427184e-01,7.512290341425208462e-01,6.166481549467017764e-01,2.004886591679049812e-01,9.136524302197229774e-02,7.234174470115734001e-01,9.345661666892395303e-01,8.784731282190261226e-01,8.518478036293648525e-01,5.193329788483974641e-01,8.010375945544218057e-01,9.686555559593943432e-01,8.823767039339018847e-01,4.555485101810910487e-01,9.225603118780818512e-01,4.057410027883920356e-01,7.924762691203829368e-01,7.001306462146885679e-01,7.040081999484704145e-01,8.469928538671031015e-01,9.871537332358933936e-01,8.069114942646085087e-01,7.759366324513545798e-01,3.479842378421295623e-01,5.260320891303005286e-01,8.996275970586362636e-01,7.096671880340028604e-01,4.809177662269343845e-01,2.429326613014729519e-01
8.104414527897874088e-01,0.000000000000000000e+00,9.414872741418521818e-01,5.710376231041209838e-01,8.009838003297218290e-01,4.129810994396245771e-01,4.286860236669739477e-01,9.946755651308635260e-01,4.528582038214017946e-01,6.632961432918182965e-01,6.366091227357301152e-01,5.245598730025667900e-01,3.149586977041614055e-01,7.899765300797335632e-01,5.738242808221956093e-01,8.215975311221030974e-01,6.640811598206733946e-01,9.009627743983489312e-01,6.855030879605137351e-01,9.329975752300474490e-01,9.057980799114055959e-01,4.968101827416038785e-01,7.878360459404016858e-01,9.983738434381219662e-01,7.229258541549484773e-01,6.554543904904680529e-01,4.461976252010496080e-01,3.827070070068143703e-01,4.890942347472646001e-01,3.556104162845621364e-01,4.794821592610307159e-01,7.703725649098163153e-01,4.723442593293202263e-01,6.997770546169725936e-01,7.459183589805199466e-01,4.990577926645033968e-01,4.015365177181308143e-01,7.072520659383624286e-01,8.013300938026461928e-01,7.854771269480895768e-01,8.832687477819649580e-01,4.445003803656636943e-01,4.482308186856495680e-01,5.596767522894519065e-01,8.991878141214479925e-01,6.471717975355942842e-01,7.024674622543145563e-01,8.629187552218324786e-01,5.652999335504778067e-01,7.817589916619206436e-01,5.336347477042828746e-01,5.762801300374015279e-01,8.689701735485960699e-01,9.660440649221184728e-01,8.567491146683574588e-01,8.767364251372339323e-01,7.770246505159889017e-01,5.770475045491353372e-01,6.192374036103285295e-01,5.306093890376925026e-01,2.553868651437799508e-01,7.706495059996805175e-01,5.526634120242969184e-01,6.067074877790454845e-01,9.879104204158325464e-01,8.752150371303679677e-01,6.309735128014362093e-01,4.062156302210271352e-01,6.580973578501703170e-01,3.407677997755410582e-01,7.957504080256950774e-01,6.346422541952609908e-01,5.364248360474037636e-01,6.967910472633269681e-01,9.487145363426073841e-01,8.264212482694229811e-01,7.456727540961873846e-01,6.794481381137599252e-01,3.691245369008233634e-01,-1.102931806134068438e-01,5.077272323246501129e-01,3.760157519142198757e-01,7.134974257897570560e-01,4.337905684064659040e-01,8.657031090348225044e-01
9.780430655422883701e-01,9.414872741418521818e-01,0.000000000000000000e+00,7.554270738288427767e-01,7.310725707608073387e-01,6.323218252652333948e-01,8.487885528686245351e-01,8.614353582046481161e-01,8.543806904674755565e-01,6.222625701398110110e-01,6.602728279419330937e-01,6.927008910032805833e-01,9.781378466402117500e-01,6.642447305530718715e-01,8.800620373926859585e-01,8.963919543903288156e-01,8.499709906588964747e-01,9.319470459150598352e-01,9.947869861305960182e-01,4.583016753058580250e-01,9.347274322022743887e-01,4.311114948995568574e-01,7.427932566274522141e-01,9.533814541196721226e-01,6.911971773129413910e-01,9.926631373106014067e-01,8.242574769968048498e-01,9.487886427352750784e-01,1.301974253815669780e-01,3.171390519689922805e-01,9.009579545489412866e-02,8.572891456062881055e-01,9.109119262032362441e-01,8.258014315541576389e-01,8.160233354629807812e-01,4.169873145934235303e-01,3.614429601741745435e-01,8.809410681565063017e-01,8.016210885853161106e-01,6.345428337363031579e-01,7.583586349035353891e-01,4.078366690124047254e-03,9.767150049645443310e-01,7.679968893910940064e-01,7.909269805105542117e-01,9.556897756722516624e-01,8.948943553775708937e-01,8.057312554997362319e-01,4.751962188094023820e-01,9.082902240817344319e-01,3.275352053555786180e-01,9.091547574194216441e-01,3.618720967560017376e-01,9.504805924301413800e-01,5.635632809466419868e-01,6.718410888416860294e-01,8.371488339070868312e-01,6.482519490902989290e-01,5.994672384222599071e-01,9.332104948839563541e-01,5.369090315003763880e-01,5.275233283561249209e-01,9.754681895107528700e-01,8.662141983538523826e-01,8.311407146472822305e-01,6.552955771996131773e-01,7.363124773387079713e-01,6.357320158200000515e-01,9.252670302435653804e-01,7.059760611415565323e-01,9.139886114340260992e-01,6.726361905237702166e-01,5.477766270207128363e-01,3.248486850826463046e-01,9.263367054536044698e-01,2.236426118405931418e-01,8.998146281981623806e-01,9.017346714601075508e-01,5.041786155110035139e-01,4.842506400224189100e-01,7.288924959801912351e-01,7.064130160841581851e-01,7.352589707440053690e-01,3.970022817768051882e-01,3.584245925915530151e-01
6.701859153412160763e-01,5.710376231041209838e-01,7.554270738288427767e-01,0.000000000000000000e+00,8.921225713533043056e-01,9.505706204273287607e-01,4.486295371024918710e-01,6.171090662428175833e-01,8.402423630627398055e-01,6.878846988103222149e-01,7.389505032086722824e-01,7.443464902457090915e-01,4.829829232794796007e-02,5.317705716111951197e-01,9.367259043926158268e-01,8.121043844220144914e-01,6.506442913767324088e-01,8.421761307462437562e-01,7.369487550279762988e-01,9.862548635912466999e-01,9.815302717679480482e-01,7.469552345146843741e-01,7.933736128789017350e-01,7.547255457752440888e-01,4.967414698744767598e-01,8.169201969062950264e-01,2.834739391611669213e-01,8.840056041141636234e-01,2.683019008391565596e-01,5.429103540562671970e-01,4.174769989531835201e-01,5.932153676739356785e-01,4.501995962056588030e-01,8.467762519212418404e-01,8.181263214261051964e-01,7.392518375550668486e-01,2.407618037928900001e-01,2.828135376250225930e-01,8.197829107163153717e-01,7.157095369782485728e-01,2.578610669606845596e-01,6.296244698061691514e-01,6.947213672149247232e-01,8.851917446599744110e-01,6.715586980870233980e-01,2.665056166014465600e-01,7.920427001103454989e-01,7.081848872311437004e-01,2.766522088142200353e-01,9.300074373340249112e-01,7.683224636122519824e-01,7.138846868144289592e-01,9.547854110769398162e-01,6.998007603336392490e-01,8.108181100127608287e-01,3.471027830095030700e-03,4.610407869389773206e-01,6.671311340444471272e-01,5.727857876008747295e-01,4.422795971729122089e-01,5.975933656402206973e-01,8.382247777857759763e-01,6.466009602880851137e-01,8.964949555691350547e-01,6.937570391977077033e-01,5.120767612878366348e-01,4.734514771777498243e-01,5.910471136065522657e-01,5.207960420311269489e-01,6.796585326612951672e-01,6.582029405658618160e-01,6.115128309993037581e-01,5.052139176255036057e-01,2.059787115161021420e-01,5.443513605476856254e-01,7.834881155708879330e-01,4.324995563791531605e-01,7.717692330237969633e-01,5.284758343311353190e-01,3.788105163922478313e-01,9.698253800896083909e-01,2.746591433252071335e-01,4.482847617039825150e-01,3.583388017166548867e-01,6.107606204779852943e-01
6.008053120283667337e-01,8.009838003297218290e-01,7.310725707608073387e-01,8.921225713533043056e-01,0.000000000000000000e+00,2.158906346106204688e-01,5.784175838305404271e-01,6.563791320006909791e-01,7.380449630228780311e-01,7.208946329634875472e-01,7.870605278320883524e-01,6.529571087549380648e-01,9.684502253880674649e-01,-1.719892778676866685e-01,5.099795351580717062e-01,8.308287628662874846e-01,6.093645712594967234e-01,7.060796102742028513e-01,4.894580389633279016e-01,6.742782442330484960e-01,8.316464741340797717e-01,5.340495558377191809e-01,4.650797523604472405e-01,6.544908922471681656e-01,5.153295800212492894e-01,8.642949303277147610e-01,8.817461263565534724e-01,4.225981654603240267e-01,2.919531558688867046e-01,6.278699989673244275e-01,7.709256691587795980e-03,2.453011622604931163e-01,9.272237751206531264e-01,6.838392981518190972e-01,5.588122817867682279e-01,3.962949443352573597e-01,3.715060738022643028e-01,3.003271112841093826e-01,9.067030699969996776e-01,5.216692149920290067e-01,9.505898858679967534e-01,6.723451635382809988e-01,7.817800991372432229e-01,8.088944929331832734e-01,4.607765682990503930e-01,6.595662125358408012e-01,7.948927792224608213e-01,3.918013171639683767e-01,6.894691664604170045e-01,2.034625671259449597e-01,9.157486552329292540e-01,9.621773991289959138e-01,5.298885844477918550e-01,5.754237655247924632e-01,7.013549234803215793e-01,6.144181122880114643e-01,5.619911647060402693e-01,9.822356454712062312e-01,8.809230506232700320e-01,5.344013419158319955e-01,3.716462949921549019e-01,8.759687860948024429e-01,8.196058424425110012e-01,6.691165578500681832e-01,8.032700404862321841e-01,3.642656841486791031e-03,9.429084578984097131e-01,9.074651734673052639e-01,4.054641610876240088e-01,5.429660167794594372e-01,8.480773493312546707e-01,7.283259139458946319e-01,6.768686138769597349e-01,7.447844309293766285e-01,9.976942444454107717e-01,6.619928110812429711e-01,7.776567936211551402e-01,6.134105933421873935e-01,-1.508553057815838205e-01,3.415151321640992332e-01,3.203862511571586857e-01,9.723525932148000539e-01,8.816104847844451475e-01,7.649101184013937793e-01,8.271388062028488530e-01
9.958853498855613218e-01,4.129810994396245771e-01,6.323218252652333948e-01,9.505706204273287607e-01,2.158906346106204688e-01,0.000000000000000000e+00,1.606631373263838758e-01,2.933432928695412500e-01,2.867334393677703486e-01,9.725895766878466242e-01,9.341613095614866857e-01,6.898278893067621986e-01,8.799224117195680872e-01,6.264568064724798102e-01,9.942607774867249226e-01,3.145833807368865753e-01,7.413850318112265025e-01,6.258277857140108758e-01,7.075846122721882736e-01,8.323959973686617664e-01,8.477657918076942911e-01,5.319140606485830425e-01,8.816718197623482078e-01,9.302481634816397449e-01,2.696099662716039957e-01,4.841669937802535739e-01,5.743673531960000744e-01,6.540794861125445170e-01,5.911525690521602927e-01,7.395851070463781152e-02,4.263263942663073763e-02,4.217780005245569397e-01,8.554159250540493975e-01,1.207804889703381346e-01,3.581859225007775205e-01,3.348161649548572205e-01,2.588524046008267021e-01,3.877362356469502558e-01,9.918965231373474412e-01,4.856589198464114632e-01,4.756980682764475055e-01,5.269589456582246534e-01,8.555874787506578816e-01,8.984960482416896044e-01,8.582564685856869380e-01,7.530726123549194018e-01,9.592941598943229842e-01,7.667618295183669108e-01,7.460414027956234762e-01,6.012600270976790062e-01,2.470209147472052225e-01,4.678494861464566057e-01,5.894021756867691142e-01,4.453622063587829860e-01,7.366978357741418293e-01,8.272030891410848685e-01,7.715373470583042348e-01,4.392720782600103568e-01,7.231250821287900088e-01,6.466364936099343597e-01,5.372647936791954404e-01,1.236418768579538030e-01,9.382362590121640089e-01,7.266144837176345961e-01,8.641933347748671501e-01,5.582880516117314507e-01,2.562628507137467149e-01,2.140448762049511067e-01,7.640210137352126951e-01,8.799680746247748875e-01,7.486470525844376445e-01,7.007043470554416009e-01,4.741618644061861287e-01,2.095901032841347988e-01,2.264885559833507145e-01,5.592358258154607187e-01,8.413564589680817551e-01,4.619648159001805698e-01,2.254634812605995839e-02,6.114219714978318398e-01,5.041816230183653325e-01,9.386921069158495889e-01,9.587833735092985421e-01,4.400636439799550659e-01,4.637080942846286691e-01
8.247458664875065848e-01,4.286860236669739477e-01,8.487885528686245351e-01,4.486295371024918710e-01,5.784175838305404271e-01,1.606631373263838758e-01,0.000000000000000000e+00,7.751870100654913998e-01,7.552379262480475308e-01,5.063423445176596926e-01,2.872539658371950910e-01,6.103553302014379511e-01,4.963279561110210958e-01,7.015009658254685032e-01,6.301794806850754549e-01,4.282778526385018214e-01,6.567716882837949521e-01,3.787439409614367092e-01,5.741087797488210187e-01,7.635268935511139166e-01,6.198754439196557664e-01,-2.594373359769019949e-02,7.874625651930484693e-01,8.764458939493422474e-01,-7.538513009783380514e-02,6.278862870730290702e-01,3.500196867159368619e-01,5.175415749467406901e-01,4.946539083653197499e-01,5.099523466075546185e-01,-9.199835015690893680e-02,8.141850495060575232e-01,5.552657697341478737e-01,5.595423399039770596e-01,6.460572409651179626e-01,2.301161479893190365e-01,2.795983520576175163e-01,7.558158470393721018e-01,8.715060287497817804e-01,2.681058568150979093e-01,6.997718123176021043e-01,8.785010609850556484e-01,5.489790030333764337e-01,2.958871592546575280e-01,6.389734734862030363e-01,4.483608611515564890e-01,4.410917559089551632e-01,5.973216872243979347e-01,6.819526378608832262e-01,7.517814613408561053e-01,5.070436277557598403e-01,1.116411277586937256e-01,8.464588967165500577e-01,3.657860209255053840e-01,7.248564998248405722e-01,7.572312581088244121e-01,3.541903951493131086e-01,1.511445657229638362e-01,6.570595266037635440e-01,5.446422159197890078e-01,4.310628508068429232e-01,6.537121960830940548e-01,8.209365814511843107e-01,8.535812556732595979e-01,9.957281844236055557e-01,4.078815659869557964e-01,7.096118257014254471e-01,6.993863927187284890e-01,2.551763348447493307e-01,4.581028475642549003e-01,7.042289117897927442e-01,-1.933727065760815211e-02,5.057981050789079891e-01,3.935543090421517176e-01,7.822878859516591010e-01,4.682116520737042986e-01,8.624101629439338002e-01,7.238384058388260822e-01,6.188326422693357642e-01,2.548863451989570317e-01,6.550626795287040061e-01,9.209105787720776037e-01,5.332327232943896433e-01,2.196126467570618523e-01,6.570290171861021822e-01
7.817561099299454863e-01,9.946755651308635260e-01,8.614353582046481161e-01,6.171090662428175833e-01,6.563791320006909791e-01,2.933432928695412500e-01,7.751870100654913998e-01,0.000000000000000000e+00,4.061424155188523288e-01,6.470430745925416227e-01,7.062957264472607966e-01,6.614852004811720976e-01,7.651423449359122664e-01,9.867520527955260246e-01,7.335167694978991237e-01,4.215358886474032674e-01,5.751131991701323720e-01,6.500633982280394907e-01,8.683715522507398088e-01,4.603724420257200300e-01,8.544441400650523155e-01,7.337106096857906046e-01,3.231247959992604724e-01,5.953631832126079493e-01,2.217110322519863508e-01,3.434660545266707277e-01,7.819190346823743365e-01,4.348513486446388132e-01,4.441582053698849286e-01,3.678746172364618650e-01,4.505110794257137785e-01,2.236976948134235532e-01,8.574004135671948745e-01,6.426895887702448462e-01,9.370633703908901602e-01,2.260371989414602101e-01,5.289079721648338728e-01,8.877716761763905229e-01,9.890336981100198432e-01,5.899880201302938332e-01,3.203153417300269590e-01,5.958122494769206856e-01,9.043015097883393416e-01,4.517885430670774971e-01,8.472019248306172923e-01,6.389492897358461931e-01,9.354958576975958007e-01,4.555916056535349035e-01,9.700283469708985695e-01,4.466314643413304974e-01,4.881558091501374541e-01,7.752708485248895887e-01,5.562364463179855223e-01,4.124355673722110427e-01,6.641594315551445638e-01,9.280750451198960249e-01,4.432617417870203802e-01,3.415800105745006032e-01,6.478271632497168975e-01,2.248641665796533573e-01,-2.670822137327766299e-02,6.591494610224448714e-01,2.394376289964572080e-01,9.639009345645508375e-01,9.060522378428896850e-01,5.617902245957759888e-01,7.080685540985293125e-01,9.824618198018153503e-01,9.655367734971656013e-01,3.228664817319041314e-01,4.847608572026325668e-01,6.485310061175535434e-01,3.155609677398950597e-01,3.355091568344913400e-01,6.491035759287815399e-01,4.920894376703576212e-01,3.709398297029783409e-01,8.058683937080604043e-01,1.190723741232059540e-01,2.827853753532200143e-01,6.291755769080696892e-01,1.334461663074784088e-01,9.623121356463563147e-01,2.844548717546487304e-01,6.838343168219487289e-01
8.536803739438996175e-01,4.528582038214017946e-01,8.543806904674755565e-01,8.402423630627398055e-01,7.380449630228780311e-01,2.867334393677703486e-01,7.552379262480475308e-01,4.061424155188523288e-01,0.000000000000000000e+00,2.802767597178114078e-01,5.242105841161402990e-01,9.001146885940892739e-01,9.981124520555177959e-01,2.630447374528394611e-01,2.121003759124136800e-01,8.001505541636328989e-01,8.520341695667802417e-01,7.446947410306676840e-01,3.246533999893531641e-01,9.493145275589131016e-01,7.527402578216797480e-01,9.884056543000114825e-01,3.966795029731025046e-01,7.827799832215136533e-01,-1.216050137090972649e-01,4.137228978615652836e-02,2.270111760060403994e-01,6.070018083366122141e-01,4.123106993892609040e-01,1.405024726136445412e-01,4.908050674333706009e-01,8.089260034483644057e-01,6.150443218065372308e-01,6.364557159133171771e-01,1.246064889986304297e-01,7.933777375425126177e-01,3.410398024216688140e-01,9.922315412655895450e-01,4.009742877043323550e-01,9.553606860883014917e-01,8.926283191154680274e-01,4.658011903776507201e-01,8.446036819417509500e-01,6.580185199798516127e-01,8.333415711368725720e-01,9.045435369493021183e-01,7.981851299665747579e-01,5.925141170965739779e-01,5.977090432941814524e-02,6.032952544768835912e-01,4.980308785350986978e-01,5.639651228284343620e-01,9.237349544432020831e-01,2.586527892221593961e-01,4.278273132511329346e-01,6.009828930377089096e-01,6.598279653263063871e-01,7.986160889029811916e-01,9.973143983620984532e-01,3.177269357373794234e-01,2.973544036420446013e-02,8.171772883244495800e-01,5.836091932222946532e-01,6.316251083775771269e-01,3.513375831267344096e-01,5.163197998835505897e-01,4.315419665243461766e-01,6.311785917500220000e-01,4.195035043440368261e-01,4.915781470334671388e-01,9.863934943981714776e-01,5.982085601406357256e-01,9.103609432585731964e-01,4.683512261476049376e-01,6.409725620931030488e-01,6.759770412004929563e-01,7.710276252333653213e-01,4.681514755837002384e-01,5.467545506228789209e-01,4.295251217366189977e-01,7.976531268246382922e-01,6.079826486109691785e-01,9.516291404765607753e-01,4.602257948381286434e-01,4.643195492035560590e-01
8.298356009394844968e-01,6.632961432918182965e-01,6.222625701398110110e-01,6.878846988103222149e-01,7.208946329634875472e-01,9.725895766878466242e-01,5.063423445176596926e-01,6.470430745925416227e-01,2.802767597178114078e-01,0.000000000000000000e+00,4.195807530362727356e-01,8.331521290421323167e-01,9.369627904487891623e-01,3.245128705372399835e-01,6.204611708219306410e-01,4.076533981863731393e-01,7.414772052470186559e-01,7.459521466559598801e-01,9.683568047785948707e-01,6.050643723078439340e-01,6.775744086388333365e-01,6.012652026140609118e-01,6.592092847692603286e-01,7.404216693176330910e-01,9.056733742207687676e-01,9.556451493368786076e-01,1.185129152683672277e-01,7.382388493910974070e-01,4.179365921939075523e-01,4.737965958223340213e-01,-8.957256346504210986e-02,6.576508110818659603e-01,7.707297289884271763e-01,8.398027225799673534e-01,4.887650843017075641e-01,5.359213015325391405e-01,2.919566202001032118e-01,9.511096161825366435e-01,8.832538830748418723e-01,1.638680444271492787e-01,7.288602594456956574e-01,8.534075562151250960e-01,9.069223120456603171e-01,8.691014446309668351e-01,5.508499353515868835e-01,1.999845558213223795e-01,6.911919304684069898e-01,9.238675423014115484e-01,4.451204701201632030e-01,6.220973543853570709e-01,8.404324127119643384e-01,5.663075019973338176e-01,9.425230909588380168e-01,8.855029703917575157e-01,9.178909914250826807e-01,6.128281906396498835e-01,7.136385499801409793e-01,4.640313367422486679e-01,8.224232849853954086e-01,9.911213758185963840e-01,4.714156907195259372e-01,5.534241286963988982e-01,9.246491666032966572e-01,9.485869916433917748e-01,8.360369089161248102e-01,7.615156199438936069e-01,6.892779519273062316e-01,8.436507494564720044e-01,4.394201011577671956e-01,9.954727146615516276e-01,7.676060423799834220e-01,8.590513111878429475e-01,7.887544478153322158e-01,6.871424900365323829e-01,9.137284427351723970e-01,4.410735194150088301e-01,8.606301966178867557e-01,9.056918936399450670e-01,-1.727308905126296312e-01,1.710206516353177386e-01,5.798808038509536411e-01,4.512339287506149099e-01,8.767727212448755969e-01,5.034475148504727327e-02,5.815647739577033404e-01
7.347311878725117928e-01,6.366091227357301152e-01,6.602728279419330937e-01,7.389505032086722824e-01,7.870605278320883524e-01,9.341613095614866857e-01,2.872539658371950910e-01,7.062957264472607966e-01,5.242105841161402990e-01,4.195807530362727356e-01,0.000000000000000000e+00,9.442289357468279798e-01,6.217942752846175036e-01,7.714690365101659619e-01,4.064151074976932176e-01,5.394897791453747704e-01,6.449908354919499098e-01,7.276550269888848455e-01,6.902225596360218596e-01,8.327742569860800970e-01,8.450507949582397593e-01,9.667510056643801031e-01,7.273218553052526181e-01,5.977773253948117649e-01,3.124664093707014700e-01,7.132664311112476563e-01,3.640150646853123062e-01,9.056851942519221765e-01,5.428723230686385293e-01,2.403783403094201243e-01,7.538481423066097087e-02,9.825194729012888262e-01,9.277448557300945753e-01,9.098909709297590132e-01,6.391054335855544943e-01,6.694837226509218198e-01,-8.608898927306946058e-02,6.355843533288425551e-01,8.327299056814166933e-01,8.754690303223578995e-01,2.945324448547772533e-01,6.144668005582314407e-01,4.099793822582911140e-01,5.100788052934897010e-01,9.617068236092900513e-01,8.938666706943562135e-01,7.770550336201335062e-01,7.634890416199839880e-01,6.686273673761573555e-01,1.681303477599418450e-01,2.157349732414952717e-02,3.218550032397426985e-01,8.886231956223719086e-01,4.144470979928809862e-01,7.194756468446834585e-01,5.728819024987458208e-01,9.563710755787995232e-01,4.782719363416025882e-01,7.383085154728796784e-01,4.753381958203950486e-01,4.888484616884406497e-01,5.627078022425235698e-04,8.393335980830032295e-01,2.570110970751966484e-01,9.156771133012725494e-01,6.339809195103212058e-01,-1.291324900528234565e-01,9.793409736966434131e-01,4.000466691881652270e-01,8.033851771487698912e-01,9.980940744615320881e-01,6.831702677494851939e-01,4.688808992380336105e-01,4.006388549947358380e-01,4.389401462713806712e-01,6.958819372189192221e-01,9.674613750622995667e-01,6.148932195210549123e-01,6.146271359809425405e-01,3.024262513708711464e-01,7.771156441638792378e-01,8.990481068385067775e-01,9.499335654539534657e-01,1.623917813276824773e-01,1.606549396407815911e-01
4.988508767706704150e-01,5.245598730025667900e-01,6.927008910032805833e-01,7.443464902457090915e-01,6.529571087549380648e-01,6.898278893067621986e-01,6.103553302014379511e-01,6.614852004811720976e-01,9.001146885940892739e-01,8.331521290421323167e-01,9.442289357468279798e-01,0.000000000000000000e+00,7.583694983151743063e-01,4.702721599251859508e-01,1.553063864102197378e-01,7.113689588395979424e-01,5.727940302835676789e-01,4.947228849796452277e-01,9.747843992305095240e-01,2.180934514249460165e-01,8.711184502279893938e-01,7.368048566259087773e-01,7.937496124587348767e-01,8.025062282427994909e-01,8.458007427685020063e-02,8.056047565337721705e-01,6.426589588131160768e-01,8.153769080101800348e-01,7.605813430144359177e-01,6.897722405148581926e-01,6.442630174056708237e-01,7.552142597391178214e-01,7.611533223911522983e-01,8.705811353319875545e-01,8.277401736020729706e-01,6.670221884416174807e-02,5.835995364411223907e-01,7.672572888877229325e-01,7.410299498235337623e-01,7.679452551282469619e-01,4.175267747167104027e-01,6.337890372943733031e-01,6.332931339753822275e-01,9.675513163112010595e-01,6.345740469914342707e-01,4.767858567947497184e-01,9.650362740930724659e-01,7.162763206087698897e-01,2.622923265432220985e-01,9.194685789963772393e-01,4.591353684580207206e-01,6.842064706926139772e-01,7.497669950214048695e-01,9.490854888861047778e-01,4.485194729607292485e-01,4.295979182260937224e-01,8.087044625294410594e-01,9.753923440550782420e-01,5.235229965904795169e-01,9.969905202935769317e-01,2.541232947571472889e-01,6.522799024649247324e-01,4.091519221804849060e-01,6.972075977674180303e-01,9.896477623094273035e-01,5.886970994588026640e-01,9.414086516412710770e-01,5.304421049202514560e-01,5.107392499968735899e-01,6.032031457264021013e-01,8.216460638839049313e-01,6.007279915159566830e-01,5.594996672417087424e-01,4.105014789468178216e-01,8.615130392605901966e-01,4.673880638252721487e-01,8.243184624861306098e-01,6.911879783271858146e-01,6.666963843064500628e-01,5.527902451680171136e-01,5.119910665904665592e-01,8.946176184460613579e-01,5.339351988424734241e-01,4.679361832410461886e-01,7.807947299067964364e-01
8.179046163242460477e-01,3.149586977041614055e-01,9.781378466402117500e-01,4.829829232794796007e-02,9.684502253880674649e-01,8.799224117195680872e-01,4.963279561110210958e-01,7.651423449359122664e-01,9.981124520555177959e-01,9.369627904487891623e-01,6.217942752846175036e-01,7.583694983151743063e-01,0.000000000000000000e+00,8.494113837164354308e-01,4.353845323598175554e-01,7.017696198511177430e-01,8.338280855274022851e-01,5.430809623785275431e-01,6.075099641221920477e-01,7.594882931574424845e-01,9.840925003374256796e-01,6.526405154755352545e-01,8.297756248049854566e-01,9.806602191781552680e-01,6.213844651855789936e-01,9.398590274477495177e-01,-4.799543561787292245e-02,3.697662086254502878e-01,5.150995742120740850e-01,-9.573002415078570027e-02,8.089960114745183006e-02,6.502564273825247598e-01,9.927655246657483001e-01,7.180854272316246067e-01,9.748139869161530635e-01,9.163411560524367117e-01,8.418518373076243622e-01,9.023965469245213145e-01,6.657765996615986337e-01,2.968223909447907927e-01,-4.385837784825197261e-02,6.673779467535757570e-01,5.222593748728944218e-01,9.720591002944911629e-01,7.872238867117410388e-01,8.882545069944367544e-01,5.513092228075454626e-01,8.760154650688064537e-01,6.050781942614504860e-01,7.443539067157248779e-01,2.150464060397435373e-01,6.232501945023464218e-01,8.644814550011165055e-01,6.548843127324032176e-01,8.025019691808276123e-01,6.040495899158986326e-01,6.310076952708207898e-01,6.565022356301204454e-01,5.518960395805865282e-01,5.062409171803734509e-01,5.488014552017771441e-01,4.370432781053574245e-01,8.879078592846617601e-01,4.095117675805670099e-01,9.648084034147756949e-01,8.137005297033149676e-01,7.239607506160636863e-01,3.670143465451879417e-01,5.110739106702749668e-01,2.131949798460598955e-01,8.331020252533405390e-01,9.105071157479441846e-01,5.396501659996048028e-01,8.874592893270025762e-01,5.813883710984292241e-01,2.931164880000752815e-01,3.372440026704064953e-01,6.841313070911044791e-01,-3.350676144902022258e-01,3.597793802868604063e-01,6.948111409358589396e-01,8.452601673671129578e-01,6.397430450663308399e-01,8.056339760599328104e-01,6.634632181506460169e-01
8.446083522713225822e-01,7.899765300797335632e-01,6.642447305530718715e-01,5.317705716111951197e-01,-1.719892778676866685e-01,6.264568064724798102e-01,7.015009658254685032e-01,9.867520527955260246e-01,2.630447374528394611e-01,3.245128705372399835e-01,7.714690365101659619e-01,4.702721599251859508e-01,8.494113837164354308e-01,0.000000000000000000e+00,5.064266236786556519e-01,6.644575692983041293e-01,9.297951599724443295e-01,7.215239071596236675e-01,6.661097612988322592e-01,7.136327662632691027e-01,7.965270950285041618e-01,6.550977146421445019e-01,6.515409024971012819e-01,7.349392423679982356e-01,4.395706177863634712e-01,8.406662557130213376e-01,2.477387865146556400e-01,8.663099137575919206e-01,4.458646081566147723e-01,3.356250313928778040e-01,3.874109612825604732e-01,7.231502261191848913e-01,1.103956514608307460e-01,4.442439022052937503e-01,1.997602042304770786e-01,4.758094579579379979e-01,4.236262187561612262e-03,9.388402989511503982e-01,8.366223528787468666e-01,8.543168745227892602e-01,5.041555834284603410e-01,6.071570301192649177e-01,9.570764387138231966e-01,4.878759993596734068e-01,5.956344590841500253e-01,8.324756058687439175e-01,8.778665131329287385e-01,6.120484247384978815e-02,9.599326363710529719e-01,6.872543586785851977e-01,6.676446756317129250e-01,2.240910159114952727e-01,8.027580039780295440e-01,7.173898328734245045e-01,9.863753056488573367e-01,8.651196082300446344e-01,9.554652418432413308e-01,9.963395749171081173e-01,9.741450825425794768e-01,7.154308254882523199e-01,4.456477508192950299e-01,7.673953847877200696e-01,8.403496067469214958e-01,7.181843224801822689e-01,4.647072566092363965e-01,9.664709364888476317e-01,3.341939264736734083e-01,4.522468166386160449e-01,5.907821496918828075e-01,8.308951926038780078e-01,3.543844154180922912e-01,4.201878461819972821e-01,3.782916389935346846e-01,5.266384168764824958e-01,9.569227645244146041e-01,7.626515028099678517e-01,8.997720351625028146e-01,9.226183238476683979e-01,1.139795979460300713e-03,5.245009097482853377e-01,6.667857554800320496e-01,6.699514511338098277e-01,8.517693502077566814e-01,8.788824387482829792e-01,2.517582770678736814e-01
5.708335110930903289e-01,5.738242808221956093e-01,8.800620373926859585e-01,9.367259043926158268e-01,5.099795351580717062e-01,9.942607774867249226e-01,6.301794806850754549e-01,7.335167694978991237e-01,2.121003759124136800e-01,6.204611708219306410e-01,4.064151074976932176e-01,1.553063864102197378e-01,4.353845323598175554e-01,5.064266236786556519e-01,0.000000000000000000e+00,7.208503960360476137e-01,7.160646710069202836e-01,2.744861270966882372e-01,9.023601509692399381e-01,5.830299328979398066e-01,9.764162189112267631e-01,5.954170463806678359e-01,7.265785424203381471e-01,9.213315676058959625e-01,7.050530155506641306e-01,7.112058168425328120e-01,9.941228303449769488e-01,7.125039295179405041e-01,7.299610179739838278e-01,2.136891450510866319e-01,5.187124680593230286e-01,8.639555597442621915e-01,6.906088499760354438e-01,8.556715720210953391e-01,5.012365322127277922e-01,4.858409077152981981e-01,2.229545376874416951e-01,5.121101279595698941e-01,8.055751823441849035e-01,7.475208591248789780e-01,5.238722407711180612e-02,6.368179310494190837e-01,7.414469448737950330e-01,9.710396561939993454e-01,7.508305681634924733e-01,5.421090152436969234e-01,7.172385772962593942e-01,6.406103869605233037e-01,5.933314228395303314e-01,2.747162132023096559e-01,7.783204905021116060e-01,7.186646475465716666e-01,2.433080577885253226e-01,6.478047791602262184e-02,6.115313560325035258e-01,8.185957766083584719e-01,6.638951017795357012e-01,9.093143303532682520e-01,7.242621476954373971e-01,2.534026838968742590e-01,5.414994806788120396e-01,7.036790961783575549e-01,9.159669115482106383e-01,8.632469272351852574e-01,8.386125451228969574e-01,2.064189760923928474e-01,6.370395587236717949e-01,8.455670077307455568e-01,-3.274580769466806096e-02,8.440304821625207454e-01,4.884438694945028026e-01,6.317996414125600646e-01,2.276183018832202420e-01,3.922682830764219752e-01,6.423631399437317036e-02,5.939231829653660588e-01,7.811129477161020684e-01,6.505047584414727080e-01,5.290724642275379530e-02,6.306569615665106321e-01,2.338278543128167325e-02,6.044083463061336037e-01,5.588176110836207133e-01,6.006925975348168523e-01,8.960461675839050955e-01
6.770297089428580772e-01,8.215975311221030974e-01,8.963919543903288156e-01,8.121043844220144914e-01,8.308287628662874846e-01,3.145833807368865753e-01,4.282778526385018214e-01,4.215358886474032674e-01,8.001505541636328989e-01,4.076533981863731393e-01,5.394897791453747704e-01,7.113689588395979424e-01,7.017696198511177430e-01,6.644575692983041293e-01,7.208503960360476137e-01,0.000000000000000000e+00,8.821304669678057264e-01,3.029163864618269475e-01,8.229667812110736946e-01,9.039140521673201256e-01,8.951899114965853332e-01,8.390614166704990495e-01,8.372453789256455448e-01,9.898945513515631234e-01,9.550029760987689409e-01,7.093410749562076845e-01,7.735887857341806617e-01,1.747181368608865526e-01,7.529599426596641498e-01,4.280818533599286546e-01,-4.633952206355762549e-03,1.097046281097916048e-01,5.284924197890076281e-01,5.537889456075285599e-01,5.651524052484466765e-01,3.657051954674604977e-01,6.016556599370768144e-01,4.983768989046643005e-01,6.727862410070271082e-01,4.805993527919270036e-01,3.248331575409995620e-01,9.821558325753318996e-01,7.288858287504915712e-01,8.426640579029519573e-01,5.648375016326379061e-01,6.217502741155144230e-01,5.959763593722740005e-01,4.822612721047575546e-01,4.962497950658634749e-01,6.072198595415412292e-01,7.370090566378515451e-01,9.105941840620140892e-01,9.148986102646990970e-01,3.277048112910651012e-01,6.546767990289916739e-01,7.188905066399959853e-01,9.257857308905005356e-01,5.963408265385956586e-01,5.515979949746431243e-01,4.542478509185123303e-01,1.301739407525715764e-01,5.810279661705073373e-01,6.600835316003930142e-01,7.166895581662107162e-01,6.802982001016115721e-01,5.060643338193994145e-01,2.583582744858503033e-01,8.973072774101279458e-01,5.038556032499047488e-01,2.097346501962156218e-01,5.521943086250968857e-01,4.860175352401717164e-01,2.565953023258991106e-01,6.838827971320782240e-01,8.841755319375974587e-01,8.532862536739201920e-01,9.586388995451310402e-01,6.557850813374094257e-01,1.896026340562715073e-01,2.809856218581577858e-01,8.649387235812676655e-01,9.849401995933643184e-01,7.780098743256270710e-01,2.995899836492897372e-01,5.073869367473017311e-01
6.859103503794031775e-01,6.640811598206733946e-01,8.499709906588964747e-01,6.506442913767324088e-01,6.093645712594967234e-01,7.413850318112265025e-01,6.567716882837949521e-01,5.751131991701323720e-01,8.520341695667802417e-01,7.414772052470186559e-01,6.449908354919499098e-01,5.727940302835676789e-01,8.338280855274022851e-01,9.297951599724443295e-01,7.160646710069202836e-01,8.821304669678057264e-01,0.000000000000000000e+00,8.372474647711423135e-01,6.365849688006320894e-01,5.774684845383875054e-01,8.932555548442348003e-01,9.867408781469328982e-01,5.366076216252855247e-01,8.620917565255519222e-01,3.375518927725386087e-01,4.131300158728326566e-02,7.098730730501611186e-01,4.609940215041835043e-01,5.128177111445466618e-01,4.631061428050708972e-02,4.272843136166202815e-01,8.974736899248830779e-01,8.965606097656515505e-01,9.461883242298131380e-01,6.917102879558536532e-01,4.707217115444740640e-01,3.947981252937612928e-01,9.540461454606999903e-01,9.148060676070394193e-01,7.633912124120455500e-01,7.528416540440900917e-01,5.258298852862571815e-01,4.651377524552352538e-01,9.759833337134957709e-01,9.317144548980824670e-01,8.907190178414657877e-01,9.656941060979579161e-01,5.323450002439898965e-01,8.628895640387319599e-01,6.112672241910915849e-01,5.918967743943592819e-01,9.755565342167741294e-01,8.959232156949176185e-01,9.505565137355546090e-01,8.952467150237048976e-01,7.980298089783701698e-01,4.757361306238225285e-01,9.316057056412658799e-01,2.229996565047142609e-01,6.226206882170486345e-01,4.587354349415062038e-01,8.271972841040612368e-01,7.274437818710246528e-01,7.380355596419920783e-01,7.710500726425191242e-01,8.416164130451359027e-01,5.549424816200071442e-01,9.317583132597737627e-01,6.437550251598297413e-01,4.811410067463985918e-01,8.072514380836249837e-01,7.730709393659975781e-01,5.771469977178161903e-01,3.809617385813407475e-01,8.061510182357493060e-01,9.793282880563533022e-01,7.185882902921174598e-01,7.919791904336797028e-01,5.210533586272613205e-01,8.813385509351366609e-02,-1.481069310442770237e-01,4.725224918169521615e-01,6.535299279986235277e-01,3.765036229529920009e-01,8.956418138723405420e-01
9.229842364677744992e-01,9.009627743983489312e-01,9.319470459150598352e-01,8.421761307462437562e-01,7.060796102742028513e-01,6.258277857140108758e-01,3.787439409614367092e-01,6.500633982280394907e-01,7.446947410306676840e-01,7.459521466559598801e-01,7.276550269888848455e-01,4.947228849796452277e-01,5.430809623785275431e-01,7.215239071596236675e-01,2.744861270966882372e-01,3.029163864618269475e-01,8.372474647711423135e-01,0.000000000000000000e+00,5.946630505261099042e-01,7.112197140255454020e-01,3.671897040641641796e-01,2.833558910863138713e-01,3.966070356946727049e-01,2.068056039674939783e-01,7.931634200626047626e-01,6.938588547581757693e-01,5.710919924746534759e-01,9.777454803839306097e-01,4.145849969453332395e-01,2.747681600846002548e-01,3.833264618480641817e-01,7.539122764087735629e-01,7.433382219673589919e-01,6.920764866007284022e-01,8.674973466438425096e-02,7.535189009790937975e-01,2.173197295099785209e-01,7.139221210357559189e-01,8.977580771722806219e-01,6.938944965374291840e-01,5.078399863669675884e-01,9.742544431659271309e-01,9.148083770018184957e-01,5.931109617593144367e-01,4.328690951823553901e-01,6.219612569233067267e-01,5.953550446922210027e-01,6.768851887600784156e-01,4.956124657658527721e-01,4.160093232835656019e-01,7.552379933085761055e-01,4.400250794662102782e-01,5.862038958316333481e-01,3.210135719316828951e-01,9.153725851087940457e-01,2.578819123408435665e-01,7.242180554374648693e-01,8.269781087532122044e-01,9.267778597834505083e-01,5.579278864653112180e-01,9.558496015351155561e-01,8.284631613829145369e-01,9.683024184691674252e-01,9.868517370203749861e-01,9.605722193307123513e-01,6.702928271485624201e-01,7.591429027046340261e-01,8.112651325680640957e-01,5.716106804138505471e-01,7.900972974731927945e-01,2.038284345231524131e-01,8.939726202066140548e-01,6.829286888428823810e-01,8.671682766537532894e-01,6.170257057535659673e-01,3.768820040974782959e-01,7.636036487503438108e-01,3.942049642205551208e-01,3.462551487929055316e-01,3.124019786466650794e-01,7.393439313519449829e-01,6.884143826979730596e-01,5.822110359356758025e-01,2.290668711011583925e-01,9.534859972047997623e-01
