0.000000000000000000e+00,6.450428612620471291e-01,4.503588371723104555e-01,7.457710560658526999e-01,9.263469724221928825e-01,9.844801098786839511e-01,9.863576149094084311e-01,8.699061525041996701e-01,2.946981335645241229e-01,8.195871406285127891e-01,9.120142885658752974e-01,7.027386054756421530e-01,9.473708919792073191e-01,9.685709862146236748e-01,7.181779290020079420e-01,6.706222136246865473e-01,9.165148056435684643e-01,8.725475357775868135e-01,4.445097199032247426e-01,5.588523039069889231e-01,6.592305112136545020e-01,7.390069277005958392e-01,7.692758252936422458e-01,6.510493395040413134e-01,9.545096229260519038e-01,4.826124547674920939e-01,4.755186393913214404e-01,7.688949299943141913e-01,4.545975172305322665e-01,6.437759659309127969e-01,6.129560011352505056e-01,6.202188561028321168e-01,6.954708555767125100e-01,6.334192124273138047e-01,7.020523521495982688e-01,4.282072493681968739e-01,4.546541397057682343e-01,8.919843142753006715e-01,8.369840293269947828e-01,2.008178920478871921e-01,2.806696495353164927e-02,4.305369143194274217e-01,9.682027598853224504e-01,3.107852247455657468e-01,9.918492968670650223e-01,7.346007021731152387e-01,8.757069686188940771e-01,8.589126115199072764e-01,9.381789791704866488e-01,7.414121297106526232e-01,8.345685869794053913e-01,8.764692276046657238e-01,6.585565998960251077e-01,9.709970937823231285e-01,8.704035699872084697e-01,5.985899013529583090e-01,2.283750628567175478e-01,7.369627283640198812e-01,8.357289368648191941e-01,4.705796947492599941e-02,2.321096431714541053e-01,2.112534047604860687e-01,8.122268640665348816e-01,8.079530606016258609e-01,8.866391212842406055e-01,4.180177693485718216e-01,8.468669134743143090e-01,4.833332174005828263e-01,8.032178429517043972e-01,4.680479447783619795e-01,9.619561193701289259e-01,7.136545528082535172e-01,2.671266028438146201e-01,2.284342820893881798e-01,7.966498769279426462e-01,5.041375202393155730e-01,7.493867272790492029e-01,9.305686311682437317e-01,4.545568753339619683e-02,-1.725681424935251451e-01,4.934675461384020467e-01,6.798532411202813375e-01,6.839241109930705997e-01,7.699859739190644259e-01,9.552358307502846202e-01
6.450428612620471291e-01,0.000000000000000000e+00,9.129313880163504313e-01,8.141171096751589342e-01,9.292805436653104323e-01,6.803584657962429283e-01,6.518863886615127168e-01,9.598082186813011729e-01,4.140136948560195762e-01,4.069442119983892603e-01,2.995446595822792712e-01,6.977778402383627565e-01,2.827411697086018583e-01,7.893207199601729451e-01,5.996359204098150597e-01,9.543755579381701937e-01,9.502260619411251330e-01,8.183307845083103160e-01,8.605444337824583734e-01,8.450122940767397228e-01,8.128068502196257317e-01,8.599479393577564856e-01,6.639590992463436647e-01,8.806291251349303018e-01,3.308173618084935819e-01,6.205333164511217525e-01,7.007811988446763785e-01,8.229591290789604052e-01,3.468161367545287144e-01,4.968052498856607158e-01,1.392799054267728209e-01,6.200617070463679825e-01,8.915755814644500399e-01,7.352462140514530731e-01,8.035796001287129897e-01,5.732174457924019695e-01,4.761765814708538436e-01,9.278622812991795810e-01,8.474900065944528382e-01,9.390839784189417561e-01,6.486828950493386259e-01,9.151310520998334752e-01,4.959704032721023448e-01,8.310383622916391877e-01,9.831738911526832769e-01,8.095294569978023214e-01,9.685576891239333630e-01,8.691000314647296943e-01,6.649045089574018297e-01,7.848373115891418283e-01,4.325016861862930329e-01,6.273894732450520095e-01,4.662578976280812859e-01,3.326720407720807904e-01,8.873838617929463712e-01,9.615051936030067914e-01,7.560389773813827041e-01,9.965923563407939056e-01,9.371113005930583606e-01,2.017296987016716225e-01,3.116197145701338767e-01,8.300706816764363838e-01,6.354887084702071087e-01,4.523862765438930733e-01,4.074479993119539123e-01,9.283931184338650722e-01,6.203468724713550042e-01,6.502412364898414454e-01,2.691485247863773522e-01,4.032186176370928798e-01,8.811552712827952494e-01,6.862626152214000852e-01,7.552935875516980646e-01,2.798603273809810443e-01,5.050420232545956845e-01,7.777106852108534030e-01,5.556286417582503301e-01,6.065045055178339695e-01,5.455325242327864199e-01,5.731147324025960277e-01,-2.851246822448072482e-02,4.268979263572786897e-01,7.647886259568328349e-01,-1.354825313816061250e-01,5.051274753219301417e-01
4.503588371723104555e-01,9.129313880163504313e-01,0.000000000000000000e+00,8.230910610060584442e-01,6.020083435671580441e-01,5.414473148734667562e-01,8.531282781135294258e-01,9.077322646704365505e-01,9.401756370383125283e-01,7.464326964577934209e-01,7.669440503686277832e-01,5.082055550034528801e-01,8.119773540524227728e-01,7.119661658186349218e-01,9.112639197542967695e-01,8.846234120937924716e-01,4.631134709776670300e-01,9.785873064616076311e-01,7.070363686836346195e-01,9.409615923984673280e-01,8.800317620951559894e-01,4.275342450869208388e-01,8.568426401216833188e-01,7.210637070027431372e-01,9.906170508208291814e-01,8.846947226947111664e-01,6.485561612634689332e-01,4.212337663993396264e-01,8.589481080152422399e-01,2.328244843168293110e-01,3.587407138072837842e-01,9.013201991602525220e-01,5.030054222817003096e-01,6.524618809919476847e-01,8.099155401387871933e-01,5.787372757565967252e-01,7.820529969945256843e-01,6.761246101528970431e-01,8.652391932491267923e-01,6.005823010676460960e-01,7.483393190450412513e-01,6.349165101243021692e-01,2.600548578174082803e-01,7.975461434102684155e-01,6.692981815248433275e-01,2.343938263811198019e-01,8.062016513680744234e-01,9.800004161056494745e-01,4.805943951475430964e-01,9.748540127065923322e-01,9.385240166239150472e-01,7.063507258019482427e-01,8.877622054913926197e-01,9.734576171886736295e-01,8.276320866448384495e-01,9.267564716850885675e-01,2.122353521156110367e-01,6.151173081633926065e-01,4.527629973402262920e-01,2.138662692852496827e-01,1.058473272838204582e-01,9.993697059187442999e-01,8.374478772454575504e-01,6.839599227580117624e-01,6.686186807680387645e-01,2.247686989962142667e-01,1.720558331399968388e-01,7.086192043893327908e-01,8.610209483022985832e-01,5.364448717989873661e-01,4.026678773856027238e-01,3.946541958782801007e-01,3.947624737722914001e-01,4.026374378400240372e-01,3.949766473940050648e-01,6.573990716400706091e-01,8.924048289501040898e-01,9.175045447651568598e-01,3.488944206266990644e-01,4.631649761952386646e-01,6.802936606269407438e-01,9.744351265847871479e-01,7.604807060262868124e-01,6.753435262801303907e-01,5.126951859182132809e-01
7.457710560658526999e-01,8.141171096751589342e-01,8.230910610060584442e-01,0.000000000000000000e+00,6.101835739958951788e-01,9.252973940496331817e-01,5.919855391129686950e-01,5.687100363052018936e-01,6.833005280986561569e-01,9.076914442656499604e-01,7.754945945295276255e-01,8.140090778843647179e-01,8.086850770974802760e-01,9.032821697739118472e-01,9.035040828652085576e-01,5.795428393485856366e-01,4.610817596770861448e-01,7.460143739412889996e-01,6.104887559294319699e-01,9.318654995764016347e-01,9.838434139812007873e-01,6.865709010144244173e-01,9.229556054829268774e-01,9.387112060092291932e-01,6.476297786512682508e-01,8.881610201663622250e-01,4.615105633547691433e-01,8.690666030250516760e-01,5.717501624632316259e-01,8.968429382275141526e-01,3.651824555101286229e-01,7.005303508183610139e-01,9.451332579629491137e-01,3.186720376271132138e-01,7.352109579160330810e-01,4.287215702842786524e-01,3.471768170588097613e-01,4.874109174074442441e-01,7.838966287300883629e-01,7.879093819521676423e-01,5.848464761710342463e-01,6.576816954303863483e-01,9.270783016048967928e-01,8.763134630085077648e-01,3.752065042667739880e-01,8.347034207808392559e-01,6.179983524600637379e-01,5.552832353018470890e-01,6.036128121655485179e-01,4.354315627582620585e-01,8.705759700397298628e-01,7.483431188616440632e-01,7.829518680513913864e-01,2.831763150631463333e-01,7.252343367282035880e-01,8.671067885444387890e-01,4.603047829685303904e-01,6.536315879666554363e-01,6.263227544661452706e-01,5.744945282594036140e-01,3.787452658854569276e-01,6.415869330047109242e-01,4.200448168957079953e-01,9.452401549306491679e-01,8.157875646109681300e-01,9.817827070750044793e-01,4.768582148314320368e-01,8.999375885507787665e-01,1.307401017775892960e-01,8.374708079825784468e-01,5.856878024065623745e-01,8.556398953917397909e-01,5.896619655300220364e-01,9.738617492244103779e-01,7.482255573927925063e-01,9.368187671780037196e-01,9.876671916819559360e-01,9.393657304962463872e-01,2.129116660542487716e-01,5.359828458769462234e-01,7.837724166250950031e-01,8.753380478006013155e-01,3.066951350811240040e-01,5.949688951367539946e-01,7.334160828309578273e-01
9.263469724221928825e-01,9.292805436653104323e-01,6.020083435671580441e-01,6.101835739958951788e-01,0.000000000000000000e+00,6.130932146484817657e-01,7.070790855438757738e-01,7.328832330282708529e-01,5.213457460409394173e-01,6.936209217706249541e-01,6.794774828128019584e-01,8.059151801432671292e-01,7.812962680158725970e-01,6.119434961040161047e-01,7.910905281895961316e-01,2.342156590558608364e-01,8.596798950741432188e-01,6.064586234866898851e-01,1.857698777454923067e-01,9.384707306236821367e-01,8.763669130014537512e-01,7.865404516671655744e-01,7.829291794595814036e-01,5.622353755514216678e-01,6.510166427466045347e-01,4.800940887612695218e-01,8.180797356189133396e-01,2.474760171447695500e-01,4.077099272875588376e-01,5.660871199843608981e-01,7.031782415411662601e-01,4.303075388536788948e-01,7.580843727558425060e-01,8.415271818626822720e-01,4.033988053579510291e-01,6.459527740481683100e-01,3.406530504435290041e-02,2.350719177610601229e-01,5.982012727707303190e-01,9.930186674591765517e-01,5.482178163518267588e-01,6.862281341926891320e-01,9.926257607521667969e-01,5.433594404616011175e-01,6.755078295069796290e-01,4.432424702652770221e-01,9.469943266278183502e-01,6.290320450625337401e-01,5.398148489937517613e-01,5.638277779046780847e-01,5.015822952670243584e-01,7.121840479548036118e-01,5.950253307720114737e-01,6.891605490281600410e-01,7.114018920150640968e-01,8.006310780970006258e-01,7.115028732055412863e-01,8.393861916245624055e-01,8.731223392934706062e-01,7.307006841001376651e-01,5.187617111959872407e-01,4.575404192295482453e-01,6.864104451105331739e-01,6.493161675753637008e-01,9.235228385014726538e-01,9.598292164060189258e-01,7.247477315566974720e-01,6.906702540715752292e-01,7.593530986618305390e-01,4.230073528025275476e-01,9.633138575930024761e-01,6.340041662482182039e-01,3.221477006688899802e-01,4.436799874887101813e-01,-2.147967155500296599e-02,8.583609271446135391e-01,7.314450170527606598e-01,4.577318085939501846e-01,7.704092029900089234e-01,1.316896860374612288e-01,5.008702394680903947e-01,4.266462693073268531e-01,6.790245542736446094e-01,7.233302611536795990e-01,7.551832702760218341e-01
9.844801098786839511e-01,6.803584657962429283e-01,5.414473148734667562e-01,9.252973940496331817e-01,6.130932146484817657e-01,0.000000000000000000e+00,7.716044299365348857e-01,9.271971017606563947e-01,7.630698726212162830e-01,4.591879393441982704e-01,9.909407828035905474e-01,8.118436966584805514e-01,5.256309681668436262e-01,7.923016081750040573e-01,9.230650104352584595e-01,8.853927446385316813e-01,7.016308705900051734e-01,8.194746733239797187e-01,7.878107989931349975e-01,8.206307506069491220e-01,3.959694536714531421e-01,6.831845152425198853e-01,8.608963212042709534e-01,7.235681787635905859e-01,4.220628253986327127e-01,9.877425235577284024e-01,7.466026479500823543e-01,9.422164749722260479e-01,4.098235081543820102e-01,5.466235311541954855e-01,2.706381316148542826e-01,7.274278395535317410e-01,7.524410631753717382e-01,8.465916702039096853e-01,4.138613365329356641e-01,5.280536215397545474e-01,9.774467592116869996e-01,4.807141733662064764e-01,7.327021786652697655e-01,8.027565912440313145e-01,7.209806974468503382e-01,8.184298558947057378e-01,8.132723871700343610e-01,7.140340473692990964e-01,7.516106899439641831e-01,2.517320416979048070e-01,1.211098020711539186e-01,6.129112173808992647e-01,6.153805835330781182e-01,9.621369566250307370e-01,6.395117313438158924e-01,8.811938201927436154e-01,5.877363330350071635e-01,7.702694553103499597e-01,6.642198885758243687e-01,4.305572050199393819e-01,5.877339150095605147e-01,2.204387541165358788e-01,8.515803935385795054e-01,4.504103321221608058e-01,4.278405604754543790e-01,6.763393766651671912e-01,7.060733891374706417e-01,9.776450651978841888e-01,8.586728753055522523e-01,9.836142195376346153e-01,6.671460808605176318e-01,9.483393588820132614e-01,4.222157053166404328e-01,7.012636525884584637e-01,7.320911351983638848e-01,5.441082173902593855e-01,4.323780004005580158e-01,5.498128394632133542e-01,4.898352816129193377e-01,8.741417144562919628e-01,4.539975841168014115e-01,1.512567159673176287e-01,3.577953103529066814e-01,7.924636348275707620e-01,6.085767694262103067e-01,2.665455441466008657e-01,9.992827304048160775e-01,4.088584549124723022e-01,3.483213451817596673e-01
9.863576149094084311e-01,6.518863886615127168e-01,8.531282781135294258e-01,5.919855391129686950e-01,7.070790855438757738e-01,7.716044299365348857e-01,0.000000000000000000e+00,4.546182404835302227e-01,6.569925534064304795e-01,4.610720193011975665e-01,4.167369242229857496e-01,1.150128710477937716e-01,5.051123098800445188e-01,6.933507907156899464e-01,7.640716863632912581e-01,7.970792024343946736e-01,6.859504739797687156e-01,7.967743810555560913e-01,6.277461195211604394e-01,7.367660981944628151e-01,7.770270044978982993e-01,4.282048498444182560e-01,5.695069297527662888e-01,8.753868218954043989e-01,2.236242208697558631e-01,4.268993983751045995e-01,5.154100195887919567e-01,7.942397592878229773e-01,5.540039223322099637e-01,6.498096431829749609e-01,7.080487525716853137e-01,4.574382277795783769e-01,5.868531400517122965e-01,7.026031607631679776e-01,7.496555177053830787e-01,2.911925799006178095e-01,4.837146971059823608e-01,7.269572779098422144e-01,7.809106314791524062e-01,6.090858875314539844e-01,4.327120617931749513e-01,2.881606747731541018e-01,8.644890419469897225e-01,7.405448212970215938e-01,8.892801390185669508e-01,3.864604388215062691e-01,6.592509470092103863e-01,6.903739824146601922e-01,7.008592914661235795e-01,4.187022337089371105e-01,7.199635809558395660e-01,7.836329561573187608e-01,7.828162420982633929e-01,4.928940669620811565e-01,5.762245488035931951e-01,6.381308385655320992e-01,7.514174172069258972e-01,4.285034823822801986e-01,8.941430145001747487e-01,4.173435553319720936e-01,7.110150029765149871e-01,5.246658926465183059e-01,4.166692008421910565e-01,7.227350800179752621e-01,8.822964739403650336e-01,6.500869952793868478e-01,4.074150513775404159e-01,8.790238712176041691e-01,1.635191924414682030e-01,6.064609924179749090e-01,5.706338867880460519e-01,2.298207170404540922e-01,4.648384969013211188e-01,4.906340416947226335e-01,4.208538452940782104e-01,7.590739139115476597e-01,5.581191006642955976e-01,9.943292682288077389e-01,6.948871652236593421e-01,-1.452736763142052356e-01,6.835908613260579525e-01,8.685844437928488260e-01,5.393939362772468549e-01,9.729894308224948940e-01,9.508647815217952104e-01
8.699061525041996701e-01,9.598082186813011729e-01,9.077322646704365505e-01,5.687100363052018936e-01,7.328832330282708529e-01,9.271971017606563947e-01,4.546182404835302227e-01,0.000000000000000000e+00,4.113543603804464266e-01,9.646060471455082386e-01,7.984656471131668098e-01,4.081213428835741563e-01,8.491072081618837863e-01,9.960246525214289104e-01,6.963142260225666513e-01,9.185235654024936913e-01,8.831865477388092245e-01,7.293704129696403360e-01,4.064888665660651990e-01,7.864542899433689671e-01,6.743316293449882481e-01,6.649185495914816668e-01,7.448768296522066956e-01,8.379475372716639336e-01,5.192018099858756175e-01,2.701176020363115216e-01,5.283359328086986162e-01,5.037573207615545501e-01,7.764320478946600268e-01,2.607427432498515829e-01,3.729122289993809236e-01,4.197107089545686898e-01,6.912783988268353941e-01,6.826712852977040447e-01,6.954534757922922195e-01,3.978628208277688039e-01,6.037944461162554344e-01,3.549215805522272782e-01,8.374375046904114495e-01,4.421799217395933623e-01,9.228672500579615523e-01,3.157706379595300317e-01,3.156943147773852432e-01,7.052027178673455632e-01,7.747704929593371981e-01,5.548428389490802637e-01,2.113487130712330686e-01,8.989277717344168472e-01,2.677183128630046260e-01,6.373646563389588904e-01,6.980145203366043549e-02,3.804443500771244602e-01,5.009213309606581621e-01,8.744729470099932289e-01,9.913570274324781106e-01,6.667618632789980015e-01,6.360259888330921374e-01,8.111099892202745520e-01,9.400128482872275315e-01,6.472355282163197998e-01,2.338699964534947662e-01,5.426726626628728400e-01,7.889693194595771564e-01,8.405301214238920515e-01,7.225014435241147170e-01,5.933657122512892013e-01,9.456901174057927850e-01,5.687598518445706741e-01,5.620935356509515479e-01,2.130371812215183236e-01,5.192609235869659612e-01,5.055183554821540692e-01,5.746636438390061441e-01,5.717205701228237347e-01,5.457786337529839660e-01,8.272976357798398350e-01,1.730370077345140187e-02,5.530946053859853162e-01,5.366278187879492956e-01,7.790013334564983571e-01,2.351743144276967901e-01,4.938908817211654645e-01,8.600007263389083390e-01,6.445003390126545773e-01,4.031677515178381244e-01
2.946981335645241229e-01,4.140136948560195762e-01,9.401756370383125283e-01,6.833005280986561569e-01,5.213457460409394173e-01,7.630698726212162830e-01,6.569925534064304795e-01,4.113543603804464266e-01,0.000000000000000000e+00,5.667284976192130674e-01,5.729244128405294179e-01,5.558451029037823204e-02,8.276145948798069307e-01,9.991831801336714669e-01,5.361711094991299387e-01,4.120294967572816769e-01,6.963147277912260513e-01,6.997120641940238750e-01,4.545336347735033367e-01,9.200455320141550652e-01,8.963945195830813617e-01,6.436184823830000123e-01,7.781755194183693769e-01,7.557260633888963630e-01,5.963468381578177491e-01,7.255057155777615563e-01,8.876320338556991096e-01,7.130675513239304042e-01,6.621710284798114632e-01,2.487729610209020170e-01,7.632748202371608670e-01,7.384717774595570550e-01,8.617130518892424096e-01,4.840325984294204242e-01,7.818344311844649397e-01,6.425918694081785842e-01,4.237953049086867763e-01,4.889414942742753012e-01,6.372048729539867562e-01,7.133072973715485210e-01,5.483042691760691145e-01,2.168866967603099438e-01,9.021835815351091359e-01,6.901370331995831942e-01,5.776601816852195981e-01,8.349541979013748172e-01,9.603501431243220976e-01,4.437485801609587499e-01,4.896273252214297655e-01,4.807437625397855685e-01,6.333361745138884613e-01,9.182542297231893746e-01,8.572271732208447403e-01,4.458003941927323743e-01,9.624848772181542333e-01,4.541919926943697172e-01,4.527209507367258579e-01,8.207274526995789188e-01,6.591604590039403799e-01,7.701409696213854517e-01,7.492190996810313974e-01,8.554912130281924210e-01,7.713349593448444175e-01,7.294639475263775541e-01,4.625312539555334612e-01,8.351101131276998935e-01,7.886144428749548574e-01,8.999473591647428883e-01,6.155766972676852689e-01,6.528828903733858713e-01,4.389101458527155386e-01,4.977027487585964916e-01,9.617936669109599102e-01,4.862328744317431228e-01,2.034835781532182697e-01,5.523704665844043626e-01,9.842661612637243485e-01,3.055052658384664888e-01,9.088982584963660738e-01,2.510195514821563778e-01,7.735666481652622162e-01,9.911489239763898729e-01,7.445321034836579477e-01,5.429087707038079413e-01,8.488934228289605199e-01
8.195871406285127891e-01,4.069442119983892603e-01,7.464326964577934209e-01,9.076914442656499604e-01,6.936209217706249541e-01,4.591879393441982704e-01,4.610720193011975665e-01,9.646060471455082386e-01,5.667284976192130674e-01,0.000000000000000000e+00,7.664037010867026378e-01,2.667546446201771726e-01,6.437905224061328813e-01,5.865242322473146475e-01,8.179849105552641220e-01,8.422022441376770807e-01,7.124121069676888629e-01,5.997702872979773225e-01,4.421323662563014234e-01,8.828610153875956490e-01,7.938849719080272038e-01,9.633499262075158054e-01,7.679053968016263942e-01,9.301581970027112956e-01,7.970398923481929465e-01,6.105434640848059757e-01,6.938093886924704412e-01,6.710564767063420533e-01,6.912925195219569163e-01,6.734632751101083947e-01,5.830114088205269329e-01,8.029670980566514515e-01,9.378791523019825993e-01,1.056036403804816448e-02,4.630772485170420172e-01,3.485925953841741837e-02,4.808947625702742271e-03,6.478589808485621937e-01,6.869320478731733015e-01,7.525363985843265269e-01,5.597061058324503957e-01,6.026576767657547684e-01,9.138626605641534395e-01,6.214175632516775183e-01,9.804845672648944133e-01,8.476586479664282026e-01,6.599235804046581499e-01,9.643606240169763089e-01,4.696339996766746849e-01,5.344150012747699297e-01,7.794906099528737808e-01,6.422439606443424154e-01,6.289047431501654239e-01,7.963874332860938487e-01,7.034815103319724816e-01,6.596156443158774918e-01,-2.717186918354161929e-01,9.391723732540734337e-01,9.524402353552861022e-01,7.415105118552913765e-01,7.172284940011434129e-01,9.832831998538749119e-01,7.591224663577176290e-01,6.560718008208866747e-01,9.877423572065879842e-01,8.164955797058914833e-01,6.916189899038113209e-01,8.986625144022605260e-01,5.297832673050553165e-01,9.122465212429513581e-01,6.106400342069859821e-01,7.215186125879583523e-01,5.081211727933688804e-01,2.354928698572384682e-01,5.725002289056473348e-01,5.658428597830487128e-01,9.218929822149483089e-01,7.354910458130307083e-01,4.329113645379009667e-01,3.001746915181286446e-01,7.245889216415769551e-01,8.360344600087739053e-01,8.148812124657118794e-01,9.044733733308177870e-01,5.409012384476532542e-01
9.120142885658752974e-01,2.995446595822792712e-01,7.669440503686277832e-01,7.754945945295276255e-01,6.794774828128019584e-01,9.909407828035905474e-01,4.167369242229857496e-01,7.984656471131668098e-01,5.729244128405294179e-01,7.664037010867026378e-01,0.000000000000000000e+00,9.324408592158400788e-01,6.281477904099499465e-01,6.376630227170965171e-01,9.510274568766652337e-01,9.237510442367122820e-01,8.988538586412510023e-01,9.728187192049446708e-01,6.748612847408512749e-01,7.767080415807070537e-01,8.668447233170267774e-01,4.897742457569669305e-01,7.077386407982974026e-01,6.134887497580285842e-01,4.775271903122167982e-01,8.193516708380201852e-01,9.486546377822369092e-01,7.942672096932716919e-01,6.223744234173962386e-01,7.086372063781709585e-01,3.327689686213933795e-01,6.927985618022530767e-01,4.827957932549141740e-01,4.738892822839080310e-01,4.267100007398546557e-01,5.211594464896415202e-01,3.531903438610671797e-01,6.854068541575605300e-01,8.869238334720231931e-01,5.621998661078847492e-01,1.330015661678402294e-01,5.760616987067623818e-01,8.751248294584467180e-01,9.154897457933955374e-02,9.352631805050060088e-01,6.701767685445013667e-01,3.108130409434889940e-01,7.013291704048565389e-01,8.297204135978629713e-01,6.870554817326000041e-01,6.015461382888589448e-01,6.294364734205321055e-01,3.595386597941320206e-01,7.495786658692843440e-01,7.919872324721459744e-01,9.057027479483994448e-01,6.293299052727742149e-01,4.351600963241890607e-01,8.096308038488898573e-01,4.136121938760575212e-01,4.433672263163053739e-01,4.966366574332379824e-01,6.663299762775127810e-01,9.645146576753789169e-01,7.725841809842298735e-01,6.052518217127254019e-01,6.584852426129745862e-01,5.223261527724185616e-01,3.964039782102074527e-01,8.664142367225462493e-01,2.095814868944619602e-01,9.681526252646439623e-01,5.016306524661038324e-01,7.145940409953684125e-02,8.404875584018892676e-01,4.026057258970801023e-01,6.930814222183302453e-01,1.000847614353192194e-01,2.404892156546313275e-01,6.069857282633885909e-01,7.432047689094003484e-01,8.842548755876828981e-01,2.746531057615022586e-01,6.886317034809487092e-01,4.209621426314554826e-01
7.027386054756421530e-01,6.977778402383627565e-01,5.082055550034528801e-01,8.140090778843647179e-01,8.059151801432671292e-01,8.118436966584805514e-01,1.150128710477937716e-01,4.081213428835741563e-01,5.558451029037823204e-02,2.667546446201771726e-01,9.324408592158400788e-01,0.000000000000000000e+00,9.424600138285843531e-01,8.032538670446871532e-01,5.444254231200034155e-01,5.207870396238118982e-01,6.126573720942418699e-01,2.471050605027865499e-01,6.462652644025096427e-01,9.608654738589906819e-01,8.645565369308803039e-01,9.001427599852562800e-01,6.483762141737816620e-01,5.458646022327308112e-01,5.392948657958962499e-01,4.136681336607013204e-01,6.407077300448652535e-01,2.537771187780259452e-01,6.531339393098681834e-01,7.807964453366740276e-01,-6.486406223740051602e-02,3.797673019484145707e-01,9.698517405500645117e-01,5.815968224112256779e-01,4.383299719492184665e-01,4.858099823807247031e-01,2.295696356798862525e-01,4.064943504920439099e-01,6.695587028351954739e-01,9.240684633684723703e-01,7.396936283007621293e-01,6.478463019829354685e-01,9.658338950271013745e-01,9.516406150445775314e-01,9.830530395310439484e-01,9.936653224690057407e-01,7.407140772833004094e-01,9.676104363458277735e-01,4.428829101013490588e-01,4.561011900673074826e-01,6.996023058976228448e-01,9.904080440314050326e-01,7.231089350144354055e-01,7.752211573534781852e-01,9.534191549584221104e-01,6.178849781070505642e-01,4.810793044303903199e-01,9.238340365211339389e-01,9.275028709853279096e-01,7.185626903646870067e-01,6.457588432038614545e-01,7.394809118668201897e-01,9.398811960401046717e-01,9.710349327339347081e-01,7.538228679880459859e-01,8.179000246794614348e-01,6.729384672643576870e-01,8.070903455373024116e-01,6.499535887572206461e-01,6.728544850008407741e-01,3.878862143487842307e-01,6.419523147205596914e-01,6.978406730773352162e-01,4.475061879746891624e-02,7.539685674170155671e-01,7.434641748705961457e-03,6.792972335973753717e-01,3.995891896971300872e-01,3.257047558339689064e-01,3.122097636552174649e-01,7.430669156819449395e-01,8.533677766814904420e-01,3.819414312843323889e-01,1.916530182604654908e-01,8.288958894014680778e-01
9.473708919792073191e-01,2.827411697086018583e-01,8.119773540524227728e-01,8.086850770974802760e-01,7.812962680158725970e-01,5.256309681668436262e-01,5.051123098800445188e-01,8.491072081618837863e-01,8.276145948798069307e-01,6.437905224061328813e-01,6.281477904099499465e-01,9.424600138285843531e-01,0.000000000000000000e+00,9.461292220665128427e-01,1.587994416376221560e-02,8.808984837378380783e-01,8.548063769083943386e-01,5.913214563754811692e-01,2.615539278820042113e-01,5.654514336202727254e-01,9.656831875045671643e-01,9.320258395654501538e-01,7.773042428325824815e-01,8.922977057470345974e-01,6.713993950099677033e-01,9.958261386893603184e-01,6.225809975300989896e-01,9.776924619328720700e-01,4.291454529312744293e-01,5.323500118795320146e-01,7.829707132996313601e-02,4.424258684507952344e-01,9.404021934323959497e-01,8.848498665824900966e-01,6.678285895911409975e-01,2.553736051240397265e-01,2.368016384976804889e-01,7.819063599933515629e-01,9.994576417603217022e-01,9.175703955165002146e-01,4.958729199256272091e-01,6.432592846493925265e-01,6.280501783494469858e-01,9.577405734083557221e-01,7.569050232837097880e-01,6.036295278898767824e-01,8.349489973249024644e-01,7.865055497467428047e-01,8.307005233973291380e-01,8.185312257962987781e-01,7.409993710027026337e-01,6.073915100199385186e-01,6.571186799966837189e-01,6.299005425616448495e-01,8.409047244611022043e-01,7.208626219183598138e-01,9.640205144076967603e-01,9.485471760795830543e-01,9.685499030228241768e-01,3.152625733000695152e-01,3.772326033904926934e-01,8.582268376425119527e-01,8.510245474957753853e-01,7.796459875122236927e-01,8.006277254213827188e-01,9.141128851082535034e-01,7.257243607661096885e-01,5.466220183977624769e-01,3.522763814870522037e-01,9.203718991016984763e-01,6.027973331635181342e-01,2.709267735494701457e-01,6.905173681320562196e-01,5.898537260985097230e-01,5.892615810441556023e-01,8.987675905798619969e-01,6.865083393444795234e-01,6.689162624032283233e-01,3.737283773367894302e-01,3.663208201644553297e-01,9.669418283008830439e-01,6.558398231655369059e-01,6.498829800713723515e-01,2.218642665352153487e-01,7.622133201310696826e-01
9.685709862146236748e-01,7.893207199601729451e-01,7.119661658186349218e-01,9.032821697739118472e-01,6.119434961040161047e-01,7.923016081750040573e-01,6.933507907156899464e-01,9.960246525214289104e-01,9.991831801336714669e-01,5.865242322473146475e-01,6.376630227170965171e-01,8.032538670446871532e-01,9.461292220665128427e-01,0.000000000000000000e+00,9.789099955341298287e-01,3.637333849569421851e-01,7.287660371793884817e-01,6.171283630719233138e-01,5.341133340753474457e-01,9.279733938567052975e-01,7.711083363276214353e-01,6.970551565338473088e-01,9.617065765101132646e-01,8.537287514625474527e-01,9.452289017604066368e-01,8.277767782221987503e-01,4.999159057666567318e-01,4.158705505439978523e-01,6.256014974005525975e-01,5.628239897309155193e-01,2.643025557910168577e-01,6.166552556197235635e-01,6.595074708012864662e-01,5.926589992500398418e-01,7.756194645141132327e-01,3.747732275047264139e-01,5.189436973543792853e-01,6.827284010277467896e-01,9.049751759938126083e-01,7.028360019998636243e-01,6.770227695534281054e-01,7.182735269799234157e-01,6.039188712175412865e-01,8.577911614431528164e-01,6.598427098877217567e-01,8.496290305533781284e-01,3.817771107464393299e-01,5.621399124514759871e-01,5.670932284083112229e-01,9.776468639921629400e-01,3.903583294629000555e-01,1.598454202244560529e-01,6.321010324528034685e-01,5.371723405525316020e-01,8.496136236364483230e-01,3.082315503659364131e-01,8.866413824501460095e-01,6.494044507698895075e-01,9.148845930292489603e-01,3.959427485987834228e-01,2.307540660690156065e-01,7.950498316924780040e-01,7.793675850888701628e-01,2.364900286584220301e-01,9.996983919137061303e-01,4.219503158002291254e-01,7.438124384940756340e-01,7.203363684616503892e-01,2.240832015888648276e-01,6.044486455728628194e-01,7.634200116264444613e-01,7.886600837002617492e-01,4.122825425194649451e-01,4.848731136574345735e-01,7.976916551602729610e-01,7.747065712933709491e-01,9.142812624160110424e-01,8.009430938339682227e-01,7.147125795148341343e-01,9.829116177394484066e-02,7.751051471919009339e-01,8.903490677971912515e-01,4.390605694253000291e-01,4.250941349535035663e-01,9.251391073724936076e-01
7.181779290020079420e-01,5.996359204098150597e-01,9.112639197542967695e-01,9.035040828652085576e-01,7.910905281895961316e-01,9.230650104352584595e-01,7.640716863632912581e-01,6.963142260225666513e-01,5.361711094991299387e-01,8.179849105552641220e-01,9.510274568766652337e-01,5.444254231200034155e-01,1.587994416376221560e-02,9.789099955341298287e-01,0.000000000000000000e+00,7.537715043015855709e-01,7.549036405007987227e-01,9.705769834821474928e-01,7.928099643499491034e-01,9.128668641081364443e-01,8.188480907184676472e-01,5.583632746300681848e-01,1.014663007587536109e-01,3.929934226780789075e-01,6.633646224744488284e-01,9.899616586441934984e-01,5.090161398165488071e-01,6.343012723368953720e-01,1.787345696061377054e-01,5.107612562822076985e-01,6.596331125994009392e-01,6.714641644428207545e-01,9.507088453608729672e-01,7.667840411031004999e-01,7.583927896402893332e-01,2.392102867439765412e-01,4.300051844055938766e-01,1.710445754781880490e-01,7.682950998092454853e-01,6.668639547028113457e-01,6.747653452314354983e-01,5.091355007627070828e-01,8.190277654662582174e-01,6.689257098272204383e-01,7.877184880516752141e-01,9.041490628814722319e-01,8.116323374944434121e-01,5.503479701742709507e-01,4.095805656629778468e-01,2.451255476893515195e-01,2.541909575067896609e-01,5.192698556325847647e-01,8.523085582057965404e-01,6.024463925932731501e-01,2.588596787408384281e-01,7.651512347956932469e-01,7.193375901852538945e-01,8.831374043331687851e-01,8.342202068173880658e-01,6.292496815785961761e-01,5.491225558705814525e-01,9.963812466188183281e-01,2.207729332116472321e-01,9.496779505569591384e-01,6.962774972467935530e-01,6.478346940405766974e-01,8.967442816825916818e-01,9.984591194892088462e-01,2.804082705054270486e-01,6.459822480018080348e-01,9.597347017880304421e-01,4.362258906020630156e-01,2.135926616540358980e-01,2.840883355112314712e-01,5.455796239591338415e-01,9.608028387159012196e-01,6.621094517684935621e-01,7.121446230243893005e-01,2.128114138276031575e-01,2.700861251099260785e-01,4.808342341729405223e-01,6.099130147767963805e-01,6.566645933599800644e-01,2.912938054763524742e-01,8.491169356930771128e-01
6.706222136246865473e-01,9.543755579381701937e-01,8.846234120937924716e-01,5.795428393485856366e-01,2.342156590558608364e-01,8.853927446385316813e-01,7.970792024343946736e-01,9.185235654024936913e-01,4.120294967572816769e-01,8.422022441376770807e-01,9.237510442367122820e-01,5.207870396238118982e-01,8.808984837378380783e-01,3.637333849569421851e-01,7.537715043015855709e-01,0.000000000000000000e+00,7.298637657798567879e-01,-2.887268053933198519e-01,8.859444086491803372e-01,8.541956868244824364e-01,1.678572770105988821e-01,1.330986999536419579e-01,7.524118684716483152e-01,8.267177649255578187e-01,5.200233746693309067e-01,7.966866061939891219e-01,6.785037853050834844e-01,5.703945586800953649e-01,5.989645545268692528e-01,9.067785664422312042e-02,5.052697845943300292e-01,4.170939583080837676e-02,5.988953738961619866e-01,7.093845600225572312e-01,9.977636803100039531e-01,3.830595165191584828e-01,3.975768267629294916e-01,7.565445032763297162e-01,8.131127821234637176e-01,7.361484424231128365e-01,2.930182192682996289e-01,6.899001421141350843e-01,9.072326795587909443e-01,2.423697228548506166e-01,1.934401459831214254e-02,7.305242913331495558e-01,9.478984325482978646e-01,7.345028562805971939e-01,6.760601303419928598e-01,3.288554212031580271e-01,9.016402139411811012e-01,7.105599651584063592e-01,9.714246066742023844e-01,7.238583286588748944e-01,7.809255561417383085e-01,8.165308033915736896e-01,2.289804235456630588e-01,9.883235486599176722e-01,7.552479864666483689e-02,7.024946004365669738e-01,2.679234641543562501e-01,3.733906173178034305e-01,5.464944812728732559e-01,9.311624540857392773e-01,9.853129468937247282e-01,7.867485233828238611e-01,9.170140659125094462e-01,7.713876859898168847e-01,4.778853383539032884e-01,7.412553109777265670e-01,8.741632368387529661e-01,6.376640176612882183e-01,4.001439251032035127e-01,5.296004382184357206e-01,7.866215983222352159e-01,7.978174388718346499e-01,7.980431294551308952e-01,-5.322959909216715135e-02,-1.859039019011071714e-01,4.686904417114494681e-01,9.106955774867691034e-01,6.915107679406363728e-01,9.241643100894607610e-01,5.613919070491700802e-01,6.440591021038476471e-01
9.165148056435684643e-01,9.502260619411251330e-01,4.631134709776670300e-01,4.610817596770861448e-01,8.596798950741432188e-01,7.016308705900051734e-01,6.859504739797687156e-01,8.831865477388092245e-01,6.963147277912260513e-01,7.124121069676888629e-01,8.988538586412510023e-01,6.126573720942418699e-01,8.548063769083943386e-01,7.287660371793884817e-01,7.549036405007987227e-01,7.298637657798567879e-01,0.000000000000000000e+00,2.575905580342358059e-01,5.617196475864384420e-01,7.107092427670345103e-01,9.105309247528370342e-01,9.084999649847176340e-01,9.505241638268384641e-01,8.086398570849493428e-01,7.736445655821837519e-01,2.358753366962722531e-01,6.056108652398281000e-01,6.505270521390481564e-01,5.513930761881451481e-01,8.470394563397889431e-01,3.433486028126507827e-01,8.153297829915718831e-01,9.832643686903987934e-01,7.137624027099063184e-01,8.912619029778329205e-01,4.604638524635621954e-01,4.271196113097336378e-01,7.807920696816941231e-01,6.651824260167128466e-01,9.329726889590621575e-01,2.242223270531009116e-01,2.792990469899333528e-01,9.117199561522211226e-01,9.259853995209864630e-01,6.532107658208664569e-01,2.305206173021638050e-01,8.402193249326898039e-01,9.801274959430859024e-01,5.076947648991727569e-01,6.904017225228732402e-01,-2.252139015973098068e-02,4.779928742697648891e-01,-1.304696603990202763e-01,1.895158816748484243e-01,9.449884699558321888e-01,2.955429538561961667e-01,9.627836704111154553e-01,5.584400208382374053e-01,9.036721866744438225e-01,6.102563618475324025e-01,4.925431520483557479e-01,9.865108999493007458e-01,9.200768701699238994e-01,9.504496982411148043e-01,9.777882088027786134e-01,6.648072024437570171e-01,4.804929295982923732e-01,3.956322334568598276e-01,4.856542263814746518e-01,5.170138013652109121e-01,8.384255959957058746e-01,7.664616724742316922e-01,7.351279915436891299e-01,2.987511959330126921e-01,6.561270682821400690e-01,9.190230853522707299e-01,9.678506893304057446e-01,7.959364357343570173e-01,6.403890794122817365e-01,5.945488208608002978e-01,7.127403040152020530e-01,6.357111482777649814e-01,9.468222587469848905e-01,7.435053526997787987e-01,5.997382631607786063e-01
8.725475357775868135e-01,8.183307845083103160e-01,9.785873064616076311e-01,7.460143739412889996e-01,6.064586234866898851e-01,8.194746733239797187e-01,7.967743810555560913e-01,7.293704129696403360e-01,6.997120641940238750e-01,5.997702872979773225e-01,9.728187192049446708e-01,2.471050605027865499e-01,5.913214563754811692e-01,6.171283630719233138e-01,9.705769834821474928e-01,-2.887268053933198519e-01,2.575905580342358059e-01,0.000000000000000000e+00,7.798667220699978531e-01,8.948649100376365739e-01,2.909440925884059226e-01,6.139067269654762127e-01,6.357733429225003174e-01,2.010258885267926510e-01,6.109751118352333421e-01,3.528919704993969120e-01,9.903589437752569058e-01,5.634029072661197457e-01,2.464385345280578621e-01,5.530120259712512087e-01,1.105457903876130993e-01,5.938496475633603389e-01,2.959726286714488008e-01,7.361284438999157187e-01,5.726782450805422142e-01,7.652761412324668999e-01,5.011608584095361696e-01,8.850031321427719311e-01,1.551001012503643375e-02,6.812269133608661598e-01,4.013252209159530182e-01,-3.093450357879024559e-01,9.139322925728694536e-01,6.143686679192404965e-01,8.957271986754660187e-01,8.796454130917815695e-01,8.008782174286362965e-01,6.303336917145530016e-01,8.223896114746087616e-02,4.057942179852517262e-01,5.827090803355606807e-01,7.296144381074497476e-01,7.433099022585988314e-01,8.270269882383094462e-01,9.706542592082222365e-01,6.325645714175786027e-01,6.748438045718794243e-01,7.302169176619480728e-01,9.700224449665550974e-01,4.462488297769178769e-01,2.688304602591423675e-01,2.867038291313883658e-01,6.765569923935498275e-01,8.707565128319951775e-01,8.197010109748225082e-01,9.013130530399517948e-01,7.991193299862056065e-01,6.648352702493772748e-01,9.861679436410305533e-01,9.722623498170436251e-01,8.569032655027821743e-01,7.778112264114034335e-01,3.178264295827352148e-01,6.201701807810979794e-01,4.838198400274790201e-01,8.938080820287859218e-01,5.947986306161050507e-01,5.333183242293997317e-01,7.129923451291627634e-01,3.863871939304636127e-01,7.650424418395272985e-01,8.065253019894637054e-01,7.883123289393860755e-01,1.138899900077534194e-01,8.652515130303108926e-01
