0.000000000000000000e+00,8.023589072219432516e-01,7.209418362191406526e-01,6.919009154456612354e-01,7.224640336575498534e-01,7.440506575555068114e-01,4.972323667333356512e-01,7.777962473592745507e-01,9.787288410962835528e-01,8.495205642018528458e-01,9.717129199117425786e-01,7.445435246920936168e-01,8.687827576685870357e-01,5.360939020647037534e-01,8.743756167139629110e-01,6.254906766909698046e-01,9.221332512401955173e-01,7.277324151639258387e-01,3.949973879211892136e-01,8.652831323401647401e-01,9.633607153623846564e-01,6.650897994621026710e-01,7.138801422039646738e-01,6.814957034260006319e-01,8.760970371455130135e-01,9.907250219368115562e-01,8.322634137229718565e-01,9.457496271612459982e-01,7.009929223000501697e-01,4.893294646131725045e-01,-1.742701923877467418e-01,8.904189477533601682e-01,7.184039602510366995e-01,6.317545986325417973e-01,6.353542966199964281e-01,5.866563874070012119e-01,5.189850447902529806e-01,7.676167893316241386e-01,6.252759886593104444e-01,7.880754243954704030e-01,6.026603678435031863e-01,6.923619602059702949e-01,8.670558182526408864e-01,9.373313335405710767e-01,8.470784602807945873e-01,8.982612296406280450e-01,7.786304115675195536e-01,9.943462416627559808e-01,8.812142419591892928e-01,3.366382943914065229e-01,5.183118256070819996e-01,7.393398288560183440e-01,7.591325778457880258e-01,1.708899375525691974e-02,2.289051957553866201e-01,8.968021174921934069e-01,9.145308021204755500e-01,8.491880308713695147e-01,9.647798730618728502e-01,5.773686499489648627e-01,7.144412361404874900e-01,8.936870760794985991e-01,8.478207790744749506e-01,9.664967025694677361e-01,9.161016741924736806e-01,4.674909184804061923e-01,7.958357307943746406e-01,4.613619221863684006e-01,4.922652454644259046e-01,9.350592241466144650e-01,3.456983659280327137e-01,8.057160686176673137e-01,4.247207862723003102e-01,2.762349713699577824e-01,9.968581582689516329e-01,9.472761881601922118e-01,9.276208769529064035e-01,7.627756283463386078e-01,3.560676186612831140e-01,2.833807762132013464e-01,6.388625070333924238e-01,9.023265716237258705e-01,9.972765528949889546e-01,7.388215645938277509e-01,8.037107469546257432e-01
8.023589072219432516e-01,0.000000000000000000e+00,8.572302251099671588e-01,8.127449969504817462e-01,5.581745863177921541e-01,7.304503445656179705e-01,5.981132716499213409e-01,6.184767577873153677e-01,6.666234186578408050e-01,8.886303963393984429e-01,6.818623491571971229e-01,8.832470113214950791e-01,9.941361942808093488e-01,7.434860242065133296e-01,7.120280575072061024e-01,5.091908894571884892e-01,3.737034018448951445e-01,8.763966741843163266e-01,8.208017805415316337e-01,6.142206236406874131e-01,2.397044368505563683e-01,5.964572416448343795e-01,6.304384871435464444e-01,4.700606343834131118e-01,8.548477244359362626e-01,3.317845212305809977e-01,6.166694374871947160e-01,4.411712897542388045e-01,6.688543969800617717e-01,3.085835753276000570e-01,3.235941756237631362e-01,4.772700626417395453e-01,6.951741787991508881e-01,2.091554731973337966e-01,1.304597437540395977e-01,2.920643772949493289e-01,2.594805262221187570e-01,7.225234932501387597e-01,5.701701957381699604e-01,6.007904313438121591e-01,2.980796167978594369e-01,6.706843479127455598e-01,5.230140771341650341e-01,2.858970832156265129e-01,8.922903368830303883e-01,8.276217543557988776e-01,8.230037696411568460e-01,9.721024411716775449e-01,4.860968932884524585e-01,2.517632608118784976e-01,6.645026680029013644e-01,6.192898056476668911e-01,5.558610209667856905e-01,7.150422636372437690e-01,8.832012643830807752e-01,8.832019535115860354e-01,6.315768010138396171e-01,8.853922438194583577e-01,6.751701383368700071e-01,6.641590269556827408e-01,2.520706077187673810e-01,7.541702496351523344e-01,9.480492516558398641e-01,4.593743782205516046e-01,5.839841734338638846e-01,7.012856374675344728e-01,6.241711014266954072e-01,8.892337876442250044e-01,7.745849008761327426e-01,7.243969919169020999e-01,8.706709479912834171e-01,7.615556704138995991e-01,3.597235996753832543e-01,7.459282829521867164e-01,7.703591032753923651e-01,9.316653834177139881e-01,7.183366546978453560e-01,7.296195590934143604e-01,5.231854470411093638e-01,1.691668576644736188e-01,3.793425027164853414e-01,7.560000317862342056e-01,4.386251564293842664e-01,2.910571304514760760e-01,5.013942230368287900e-01
7.209418362191406526e-01,8.572302251099671588e-01,0.000000000000000000e+00,9.977400660706878810e-01,9.180222180949986210e-01,7.120043841788159522e-01,6.179651719518228781e-01,9.870070770631760304e-01,9.257639531151078405e-01,6.198333707775443013e-01,6.000477566967109544e-01,8.603642181071002870e-01,9.347957500098960093e-01,5.129662245973353185e-01,8.277962084238841278e-01,3.559123916075478400e-01,9.258087509127703729e-01,9.172629162479045695e-01,6.245730735891555918e-01,9.561745679753637095e-01,8.507423579698977223e-01,6.465680121757624299e-01,9.079733071275702949e-01,8.032011047803179205e-01,7.491196386686664876e-01,8.871310997275143606e-01,8.604610498801454899e-01,8.761179786653494617e-01,4.662147372857319838e-01,2.701541809660173432e-01,7.909256368683031946e-01,6.951572938131201917e-01,6.391155922197724326e-01,8.998390755356460158e-01,9.248193196014349304e-01,3.233570311574466283e-01,7.340817035586942874e-01,6.161330394830243362e-01,9.031136152816241491e-01,9.552450308749331764e-01,2.734064733080004972e-01,8.371966313209335819e-01,8.758775828791157680e-01,8.686863138996312461e-01,8.927689813026439269e-01,6.949224798789129798e-01,7.873934903859539647e-01,4.747124365109296473e-01,9.602716106996316281e-01,6.551981093356872288e-01,6.347933504215551581e-01,5.033532564181983915e-01,7.058139072250810830e-01,9.708866782022002040e-01,7.394917788433303940e-01,9.509580838353504095e-01,5.630816095611821392e-01,5.267450401283804151e-01,9.540335753502895422e-01,3.116665314680762688e-01,-1.410240443656640974e-01,6.818414601618539850e-01,9.054567009145377821e-01,9.105560520874534935e-01,8.537505169174360864e-01,5.896705606738550376e-01,8.855670362763090608e-01,8.988339384755008599e-01,8.073452136054907191e-01,9.517885304776371180e-01,8.133340446505298305e-01,8.614421727852501487e-01,2.819390397452392616e-01,9.842824554713113239e-01,9.889637306963290353e-01,8.176365282753643715e-01,9.389325539631636630e-01,9.669451278507101843e-01,9.471461202871873930e-02,2.697452815894797462e-01,9.897240392012073285e-01,9.875809217948817720e-01,8.554202320604166188e-01,5.610365915926671665e-01,3.203001411190872227e-01
6.919009154456612354e-01,8.127449969504817462e-01,9.977400660706878810e-01,0.000000000000000000e+00,4.401214067276116859e-01,9.151096261278731658e-01,-2.318574375604409710e-02,7.933729423291885352e-01,7.318385371859195132e-01,6.970618678917928079e-01,3.228938593338914753e-01,5.075529456039207243e-01,6.473705971807993675e-01,7.901051813985883188e-01,6.601662174780988934e-01,9.365123406560762476e-01,9.154691608063431074e-01,9.780187368616772847e-01,2.555032858471799617e-01,6.418979118181731280e-01,6.249576200459908693e-01,6.639484293296897821e-01,9.309508758577779153e-01,7.664562230774507601e-01,6.256616165044968092e-01,9.583644083581659423e-01,5.214335394449955974e-01,8.731052865630946069e-01,1.835952268796514908e-01,3.526857816132185075e-01,5.450336982094591276e-01,8.262063775231693885e-01,7.306044642538567224e-01,9.749357643242660965e-01,7.103283540173096489e-01,7.896668187340355471e-01,5.884677359871759439e-02,6.473307782930164400e-01,6.919822888393090121e-01,7.615780777162312054e-01,5.098413209359434761e-01,8.202416041879402320e-01,5.577578976546124778e-01,6.149276344629273083e-01,8.063543185438042382e-01,6.943262553266011938e-01,9.865361850570794067e-01,7.618675611818275240e-01,5.903412994895103072e-01,3.935834677304730356e-01,7.644732800896136826e-01,7.721562137156656735e-01,9.936383291655239702e-01,8.183495177531313614e-01,7.593220971043648237e-01,7.790976364796218245e-01,8.495337059776821853e-01,9.726448580644435626e-01,7.576518549393422841e-01,7.135525579315180611e-01,7.376571087914470803e-01,6.394156531961749934e-01,9.625546123690186251e-01,6.828561763023780484e-01,8.719283446146274263e-01,9.941790411420429185e-01,7.895917924324855619e-01,6.743977872976545385e-01,7.218294795831317057e-01,8.484288844845029320e-01,5.955960421130186422e-01,6.196464139151615091e-01,6.605935414286032703e-01,7.486217383858705388e-01,7.899450613420734291e-01,9.739870183291318151e-01,7.805046337587516758e-01,8.874260974242764721e-01,6.956733861800662444e-01,3.350880203908189747e-01,8.769242115016108174e-01,7.505538002724022606e-01,9.393143516202246968e-01,7.517731229224342560e-01,8.682507017816727402e-01
7.224640336575498534e-01,5.581745863177921541e-01,9.180222180949986210e-01,4.401214067276116859e-01,0.000000000000000000e+00,8.906205005647602757e-01,3.024469570801348595e-01,7.634590106615466443e-01,7.294714522010244950e-01,6.944581024566298666e-01,7.803518180490167655e-01,7.026865931776121732e-01,9.407296893131931181e-01,8.429608855244570542e-02,9.293638061272334605e-01,7.200848448403226465e-01,4.597300922230657672e-01,2.788573647851183557e-01,7.160982698721479744e-01,7.983814615986324359e-01,2.439909829608639946e-02,5.310411866676765236e-01,6.391323372697494953e-01,3.225972071843732358e-01,3.882833572176738746e-01,2.774324788629297656e-01,7.635114204551004535e-01,5.829281634723569860e-01,2.604768793821431450e-01,5.506161904403616969e-01,1.765199589608907327e-01,7.287345996611296339e-01,9.226710960938107053e-01,8.980415098526648432e-01,7.249382631294256640e-01,8.569848632945017419e-01,5.444734288660180166e-01,7.744984316174372552e-01,4.542384963118197283e-01,6.816171955129736171e-01,1.572667220499626706e-01,6.699332736049482540e-01,6.508799587251381524e-01,8.024679226230000406e-01,8.336018274137265704e-01,9.898404724770422103e-01,6.563638408855624329e-01,4.785228337710944468e-01,7.138708764344106061e-01,5.548323485832400426e-01,2.621494295071334357e-01,7.694186615926964512e-01,9.166658164689829302e-01,8.528025894128198336e-01,6.617513012781737203e-01,9.489907466442569772e-01,6.111098506292910182e-01,7.867924418464102843e-01,7.639594092111712254e-01,5.993127174168788596e-01,2.751293890599978420e-01,3.712070629534123256e-01,7.265534303583600639e-01,9.984260759486229819e-01,9.407226453610124661e-01,8.880371341106423344e-01,9.808895381342563891e-01,2.765533306305005823e-01,6.967346214963032747e-01,9.156565684489720303e-01,8.934838824048738637e-01,9.561143128873075270e-01,6.991927836539488794e-01,-1.969379519006786705e-01,7.953080213559090561e-01,2.796424853096017848e-01,8.532722989524741397e-01,7.086887538646687856e-01,3.202303807465087249e-01,2.112187474914207219e-01,5.781139017942312774e-01,5.882477489167110551e-01,5.404862634463730026e-02,6.012870413563096150e-01,6.794213015986989568e-01
7.440506575555068114e-01,7.304503445656179705e-01,7.120043841788159522e-01,9.151096261278731658e-01,8.906205005647602757e-01,0.000000000000000000e+00,4.039212787176824637e-01,8.534298196880196752e-02,2.217951393989497644e-01,6.296550922574429832e-01,8.055125194278819345e-01,9.107051757738849895e-01,8.870823216273977518e-01,9.709676347090139270e-01,6.270270232125496612e-01,4.187085152721575221e-01,9.660286703296530053e-01,3.387258167831642686e-01,4.556924757483765687e-01,8.240839056534486895e-01,9.612334196606960868e-01,9.358255255120775384e-01,4.670479903056709015e-01,7.950441012812194952e-01,7.844397658998172318e-01,7.329810857176509709e-01,4.389024342687288804e-01,8.797291913918107165e-01,8.816982264713475459e-01,-3.621057039261510457e-02,1.313048661436151121e-01,4.347526466838147474e-01,9.833144759287675285e-01,8.490176616372298035e-01,5.738916069218105154e-01,5.998723142420032683e-01,2.075795610722997453e-01,3.764230526729577253e-01,8.885736317810668528e-01,7.824406376491610526e-01,7.513719487549158638e-01,5.368504406275879104e-01,9.313433284451444472e-01,5.618929729273078877e-01,9.125382697298343171e-01,4.270876202134186173e-01,7.617807613899847397e-01,2.295203207070185270e-01,7.467887606494556518e-01,7.348824981488741859e-01,8.014351751044946903e-01,4.628317032542638154e-01,6.632526823843447605e-01,8.215988299642765780e-01,6.456940692461353715e-01,8.711657562714091307e-01,2.081554440810759465e-01,6.945308523907564036e-01,1.562225466852051603e-01,5.144966272101642035e-01,2.801347170706154355e-01,3.670956744306110853e-01,6.854858988531575825e-01,9.440856485070638904e-01,6.678617344464885530e-01,7.791450169352558408e-01,5.408543874137312635e-01,9.983941137539908972e-01,1.635207735689017949e-01,5.658848624248546955e-01,9.267404015609370660e-01,1.265635439305464460e-01,7.697817258790491390e-01,6.142370262260588021e-01,6.064355481378961299e-01,9.581770580062045628e-01,6.919179636685386381e-01,7.416195269528718104e-01,2.757460259903884991e-01,5.062741183942464085e-01,8.403322791580309925e-01,9.680805987755387587e-01,6.808614423088866774e-01,7.269600887745611972e-01,5.313087483868264016e-01
4.972323667333356512e-01,5.981132716499213409e-01,6.179651719518228781e-01,-2.318574375604409710e-02,3.024469570801348595e-01,4.039212787176824637e-01,0.000000000000000000e+00,6.332660864439582094e-01,6.020613519768277522e-01,2.141529996673300351e-01,2.832823805005341145e-01,7.915116220507809608e-01,5.487862845779720722e-01,7.537329097713227899e-01,7.430455811254770282e-01,3.545828085943114605e-01,9.787441721748796342e-01,9.238345648434143076e-01,3.037961735957494525e-01,8.118896267800399524e-01,8.841499275752502385e-01,6.953757710650620982e-01,5.326809126841172137e-01,9.925822238807099351e-01,6.204934283807689299e-01,6.551746810643521712e-01,2.015641612280769379e-01,7.843805717811321854e-01,2.510481379342190955e-01,9.340252228244283472e-01,5.031621274505785335e-01,6.136784110245300239e-01,4.509828400101841273e-01,4.634685703895213837e-01,5.576628072632761057e-01,1.862015686432399453e-01,6.226633849357798844e-01,4.232023183804474176e-01,8.240917263556076788e-01,6.011209835834566695e-01,1.115049763579680810e-02,9.428615128167452397e-01,7.041810217948927253e-01,6.125780618755967133e-01,6.913835181262704133e-01,4.842454861157410306e-01,5.343231830467651822e-01,5.356172264691123619e-01,7.292347156698330002e-01,7.646985659541725155e-01,3.693937324295292202e-01,8.728509353460293108e-01,5.903327489757665969e-01,5.235980106909678966e-01,8.318888439311907801e-01,5.991615999539997572e-01,7.535566523027485974e-01,7.924903578596167453e-01,7.906088215806104103e-01,2.618635927249202133e-02,2.381427573240721407e-01,6.013844996772318430e-01,6.353501157313555525e-02,8.162632939295435541e-01,8.985205652919965313e-01,2.466686740755633378e-01,2.014070711312934137e-01,9.004263499019181660e-01,5.534622410915014390e-01,3.117877355585672583e-01,5.327259253783818149e-01,4.561060173002857709e-01,5.322232301095797258e-01,5.311627341184932405e-01,6.455004515445010860e-01,2.369561510655931458e-01,8.885678992047372216e-01,5.206105072426928659e-01,-1.833468936326281273e-01,1.888813530923879047e-01,4.234524166158376568e-01,5.052441628483801406e-01,4.319342959663021730e-01,4.698840126216902169e-01,9.484340274515961067e-01
7.777962473592745507e-01,6.184767577873153677e-01,9.870070770631760304e-01,7.933729423291885352e-01,7.634590106615466443e-01,8.534298196880196752e-02,6.332660864439582094e-01,0.000000000000000000e+00,6.179186545735282365e-01,8.856748861004793971e-01,3.660252356135728080e-01,4.006612696680889596e-01,9.022211357501169759e-01,8.331978958394671286e-01,6.053041702058776785e-01,6.051808825170298389e-01,8.314769644865513953e-01,6.442117313480720808e-01,9.293105589686362356e-01,9.733030086800614766e-01,6.610262393895904864e-01,7.758737569547539126e-01,5.006351392092853736e-01,8.290218118032381955e-01,6.780049171062138003e-01,5.442235734373902512e-01,5.038595462739265951e-01,7.910769458780138041e-01,5.440594051481066895e-01,2.226404103910275545e-01,2.619716503550334474e-01,5.796764675161948377e-01,9.525426946817052709e-01,2.218059044738227570e-01,6.529910537897128942e-01,7.450822931289318163e-01,9.056752859355944318e-01,6.409952148021059726e-01,9.659785158952636230e-01,8.628895190808620885e-01,7.160245269332971008e-01,6.994029272752479987e-01,7.488894943819239813e-01,3.733984162689019115e-01,8.223799197495226254e-01,9.988071697272055127e-01,2.840847901250725394e-01,5.053190429995318977e-01,5.667219928939005724e-01,2.281357651645348761e-01,7.331440115001586211e-01,3.685209030611092951e-01,3.483333372065733347e-02,6.550429267047943593e-01,6.438378378786817624e-01,6.548568086017634293e-01,6.531905056189398762e-01,8.229653389011019060e-01,6.119218114023720068e-01,3.376960719128543342e-01,4.260623750993439707e-01,6.810917397153379849e-01,5.097995223579544488e-01,7.216110783912419446e-01,8.266638512390014348e-01,2.329236459186377894e-01,7.321309736217559427e-01,9.016532431357793254e-01,8.477031101997614115e-01,4.504997932102802749e-01,8.218094002391623798e-02,5.511792847832397424e-01,3.352856010183233870e-01,5.021663238848995681e-01,3.533718699896029047e-01,6.721563480626505660e-01,9.316913280204499603e-01,6.990282912443219754e-01,5.050454898572280804e-01,9.027227581416481794e-02,6.886038555094788904e-01,7.393558724000203197e-01,8.528228948523816078e-01,4.978789802272413079e-01,3.389927030474624292e-01
9.787288410962835528e-01,6.666234186578408050e-01,9.257639531151078405e-01,7.318385371859195132e-01,7.294714522010244950e-01,2.217951393989497644e-01,6.020613519768277522e-01,6.179186545735282365e-01,0.000000000000000000e+00,5.353645601002745558e-01,6.480481575369938518e-01,4.006889487477593437e-01,7.482712681784304820e-01,9.833985973650912760e-01,4.026272859138421700e-01,3.521397963067233183e-01,9.542970467386285849e-01,5.394506653100068494e-01,2.751029154435069013e-01,6.823056632182138426e-01,8.972899776002790651e-01,4.143212598037461225e-01,4.430887798087105311e-01,8.721951233551998861e-01,7.477104630849231715e-01,7.688253635571895561e-01,9.704083385086534896e-01,4.048091602088437768e-01,6.051126042324133092e-01,8.556887553720490258e-01,6.257920557005677287e-01,9.141596067995203523e-01,3.932471981991895182e-01,5.216740534855648370e-01,6.360949510436058052e-01,4.153313884125544031e-01,3.985027320225719150e-01,7.492134306183757531e-01,6.509013198368355235e-01,9.863095968381206946e-01,7.385388176563598694e-01,6.964093067024416106e-01,6.327538898018573166e-01,2.725378621721676886e-01,3.383609272737718721e-01,4.305623681081385823e-01,5.403746016610124769e-01,9.463285508658365597e-01,9.529234110226959542e-01,5.061624085967046938e-01,4.201153452907795405e-01,6.411879034823242396e-01,9.776066490602253189e-01,3.593097295235476996e-02,9.622768243585371195e-01,9.626032696906451358e-01,7.175071610261134492e-01,4.177486947743326295e-01,8.253962754819942349e-01,3.296684070563885571e-01,4.036242190817575515e-01,5.907467130992798410e-01,6.357942754044600964e-01,6.642753586976105629e-01,8.337292917421452731e-01,3.446480410432527508e-01,9.977922838643888959e-01,7.663489397401750391e-01,7.521621420454132068e-01,6.239519778442351727e-01,3.171246963011793984e-01,9.951540001558268900e-01,7.284033315320237456e-01,4.655041576376617828e-03,3.283624728011726446e-01,7.862182546468804434e-01,4.751040827023652602e-01,2.212608957762776385e-01,-1.212849636333190317e-01,2.640367669893788349e-01,6.020778745532899823e-01,9.283381223707274366e-01,5.559540755621876773e-01,8.990274602040181362e-01,6.988409100748647074e-01
8.495205642018528458e-01,8.886303963393984429e-01,6.198333707775443013e-01,6.970618678917928079e-01,6.944581024566298666e-01,6.296550922574429832e-01,2.141529996673300351e-01,8.856748861004793971e-01,5.353645601002745558e-01,0.000000000000000000e+00,7.040219194061215768e-01,5.501189887188555616e-01,4.693690550979098264e-01,6.463553924106654192e-01,6.696916564959678464e-01,9.089281045593209374e-01,9.880883534014689440e-01,7.062924817100415531e-01,9.887696082073343939e-01,4.278221404407892003e-01,6.990364749763178231e-01,6.524280719267674389e-01,9.377272822802313890e-01,8.941399207373369462e-01,6.393899460094972786e-01,7.143139804696746475e-01,6.951177928436576003e-01,9.326050839191636355e-01,4.959723807930266348e-01,7.472324477483485161e-01,6.611244855362741202e-02,7.588190068795942489e-01,6.712247914449404051e-01,6.739660019293817195e-01,6.565534898875496905e-01,3.782189101348205629e-01,4.485188304968754092e-01,4.688758503432055580e-01,9.090480468081807430e-01,8.995390741671849266e-01,5.212043627348809105e-01,7.734535240689600633e-01,6.889778236029745484e-01,8.383811268101264425e-01,4.607706755201443904e-01,6.557162066094605057e-01,9.229210450287297363e-01,3.109990130058696289e-01,5.950078466773289776e-01,7.676802379060221337e-01,2.969691060258619064e-01,2.310270064487887076e-01,4.854723157720702842e-01,4.174849775790684392e-01,8.827369526601130945e-01,8.676309568348175016e-01,7.976750992323728973e-01,7.145148783021427752e-01,8.901977853433007404e-01,4.112391684053986474e-01,2.502407508622520593e-01,2.083722747404248565e-01,4.269598038485884484e-01,5.141496513325152229e-01,8.255920578286236600e-01,-2.896564086860536902e-02,7.033869428295578263e-01,8.288592259665119588e-01,9.203514183273256988e-01,7.988994815736862876e-01,7.853519719990746939e-01,7.779943127589603602e-01,6.002383524592450614e-01,4.640204187869989005e-01,4.776092697821429089e-01,5.143753812136125925e-01,6.305948823878562148e-01,3.456695808592694652e-01,2.113905038522173041e-01,2.967018522046870332e-01,4.393885012169952975e-01,9.935074269704026184e-01,6.932806667155858582e-01,2.414283370520582672e-02,7.951190470182707415e-01
9.717129199117425786e-01,6.818623491571971229e-01,6.000477566967109544e-01,3.228938593338914753e-01,7.803518180490167655e-01,8.055125194278819345e-01,2.832823805005341145e-01,3.660252356135728080e-01,6.480481575369938518e-01,7.040219194061215768e-01,0.000000000000000000e+00,9.522154186858307057e-01,8.492898308817674602e-01,4.056606720849826875e-01,8.476248337536764765e-01,8.345840471413936701e-01,6.416812371794913261e-01,6.817578713504991450e-01,8.142775213653464794e-01,9.135974602549983281e-01,5.153637265383309574e-01,4.471807535276212109e-01,6.815430719306843077e-01,5.368037674297256867e-01,7.331070893243767372e-01,9.142058978107060474e-01,9.939209362669692016e-01,7.394013995777484194e-01,5.499372201014669503e-01,3.006609913907703491e-01,4.119150198196602775e-01,5.783370519164592327e-01,9.916944467697911270e-01,8.620993174617728183e-01,9.831023397158109578e-01,7.963831278021948901e-01,4.213008746304613417e-01,6.527784772330564866e-01,6.091053629042634254e-01,6.710155322938343714e-01,4.635171817776392311e-01,7.251001800929065544e-01,7.111980652074753051e-01,8.973457582628354690e-01,4.081095576251148049e-01,2.600901311259974924e-01,3.387432084653920206e-01,7.285371165158081030e-01,7.109375274719509363e-01,7.954818247831777489e-01,6.481153981331885250e-01,8.081446395771090252e-01,9.250500605814591104e-01,9.681664359425633526e-01,7.703497240228248666e-01,6.368706537406680912e-01,9.430071641369991431e-01,8.588981052197572907e-01,8.769481476419607180e-01,2.120901487824776999e-01,6.634984435420376858e-01,6.989431989317317351e-01,8.452225020625382390e-01,9.129350403010901838e-01,9.721763268323035945e-01,4.046908837781189039e-01,7.556988900166727863e-01,9.760003375624832778e-01,4.140120188816598934e-01,6.771983743191083427e-01,5.882357950785613854e-01,9.269368313992520925e-01,5.959283092865828024e-01,7.046935807879217695e-01,5.179943523276383521e-01,5.106284484961781667e-01,6.259394869126346794e-01,7.786568099879429550e-01,2.228107405115867801e-01,2.181667563126770126e-01,5.106858906486991811e-01,6.770916257991073106e-01,9.239119831279132278e-01,3.722256754282780022e-01,7.620284788729340120e-01
7.445435246920936168e-01,8.832470113214950791e-01,8.603642181071002870e-01,5.075529456039207243e-01,7.026865931776121732e-01,9.107051757738849895e-01,7.915116220507809608e-01,4.006612696680889596e-01,4.006889487477593437e-01,5.501189887188555616e-01,9.522154186858307057e-01,0.000000000000000000e+00,5.024437807505062192e-01,8.619124226508882991e-01,3.849225001091164389e-01,6.587585926266616987e-01,9.988745438172281776e-01,5.953781551380847858e-01,7.494887870197906032e-01,6.518684392049910459e-01,8.666556386034408588e-01,9.374221253253975927e-01,6.219043003752297016e-01,4.527898804606632632e-01,5.604166725598949128e-01,4.950362806646180225e-01,5.086499824962031902e-01,4.821025829607422653e-01,8.645772347042981476e-01,5.327963399317396931e-01,5.822832360829706122e-01,5.718109828678747952e-01,7.861599865848802882e-01,8.432826296490929519e-01,7.744822717328131434e-01,7.437305273093384184e-01,4.437832480916818478e-01,7.890293683940295955e-01,8.820411132000590682e-01,4.281853456716551709e-01,5.012543489768632732e-01,8.295526559080645956e-01,7.703405434670296259e-01,6.588121386842628047e-01,4.652391712366947263e-01,9.989888401214758185e-01,7.400237771015911736e-01,6.000956464067968010e-01,5.420558756836155734e-01,7.257830576097270558e-01,6.238362569815947278e-02,7.472057038280532915e-01,4.298185346444263200e-01,3.661024481957011467e-01,8.050026278317895523e-01,6.785288547471619580e-01,5.641485826990612074e-01,8.299553534988304282e-01,8.599723320460386233e-01,6.590619891370855798e-01,3.055773411427555319e-01,6.026473679810443462e-01,7.281507329634003822e-01,6.597091636644604185e-01,9.592009293479393239e-01,6.889970225862572795e-01,6.938052238498804147e-01,9.462225786823760254e-01,2.051789223167897469e-01,7.119700074405896917e-01,3.724554976906707671e-01,7.032915371489264489e-01,1.714925855408854782e-01,5.407653844308206725e-01,4.421536223320168824e-01,5.537782986935418927e-01,9.188271909114746894e-01,7.247141068145236398e-01,2.668186949957269127e-01,2.204383616755778708e-01,5.780679854124504136e-01,8.253619275238364139e-01,6.122373890278470787e-01,1.521896293107283249e-01,7.720328882924272218e-01
8.687827576685870357e-01,9.941361942808093488e-01,9.347957500098960093e-01,6.473705971807993675e-01,9.407296893131931181e-01,8.870823216273977518e-01,5.487862845779720722e-01,9.022211357501169759e-01,7.482712681784304820e-01,4.693690550979098264e-01,8.492898308817674602e-01,5.024437807505062192e-01,0.000000000000000000e+00,4.804222353134569024e-01,6.116446876739277672e-01,6.858976427051204361e-01,6.709659116083084296e-01,9.864741398906022862e-01,8.690192023017109246e-01,4.165219369511066194e-01,6.824947419437585872e-01,6.988944990295160586e-01,9.388361902441968443e-01,8.231727764346615794e-01,6.396446846186414348e-01,9.228475651965111215e-01,3.923737105813513981e-01,7.336377128675403148e-01,3.674959806905814252e-01,4.596355822899015342e-01,3.203005967852154412e-01,7.194882690381195767e-01,6.963736056172611377e-01,9.255884441918402761e-01,8.470918533053086730e-01,3.530799946854131788e-01,5.297440655709123591e-01,3.957900529415092072e-01,4.912161813893377582e-01,7.548606508731054987e-01,4.933616291396520359e-01,4.310984876781264741e-01,9.060903484411760855e-01,6.490180703214540880e-01,8.405537462243550806e-01,6.284002942599797858e-01,6.272595329226549055e-01,7.577479184121223010e-01,5.342586945815903654e-01,7.207870364419428633e-01,7.921377720808677747e-01,8.423382216183592508e-01,8.337928884190344281e-01,6.568385219571596378e-01,9.110533685811336158e-01,2.300611277375884667e-01,-1.699556356131778356e-01,6.443517786020036553e-01,8.542762838419366567e-01,4.609406372631928983e-01,6.309573335663314353e-01,7.067767091802258372e-01,4.844536592373315798e-01,7.828259992138185686e-01,4.202160339876992445e-01,6.904377985935563622e-01,7.922870831461745755e-01,9.036608879840268838e-01,9.766932211085065374e-01,9.779153306956930303e-01,5.857170363228749732e-01,9.940046384510777822e-01,5.080509025550603575e-01,5.052292084656277993e-01,1.695943541255241771e-01,8.304968427467628311e-01,9.178945844177343050e-01,8.595541685488710115e-01,2.316786042621113428e-01,5.775137332388839972e-01,4.196563644478812360e-01,8.822453473955788050e-01,7.091678858256499351e-01,6.306691551197427525e-01,6.737909627831231152e-01
5.360939020647037534e-01,7.434860242065133296e-01,5.129662245973353185e-01,7.901051813985883188e-01,8.429608855244570542e-02,9.709676347090139270e-01,7.537329097713227899e-01,8.331978958394671286e-01,9.833985973650912760e-01,6.463553924106654192e-01,4.056606720849826875e-01,8.619124226508882991e-01,4.804222353134569024e-01,0.000000000000000000e+00,3.267411723756315500e-01,4.209811728497953598e-01,8.973760499333339746e-01,6.183928191102791017e-01,6.767049439809175171e-01,5.340647765308688122e-01,6.780031628985268011e-01,7.736195122042236472e-01,5.338759721056377527e-01,4.707056620779073719e-01,2.659800342909099391e-01,5.616508333649115059e-01,8.011830174169589647e-01,5.879270081170888673e-01,5.570917870165869035e-01,7.441846765877020431e-01,7.721322358113137385e-01,2.581589365424998839e-01,6.140726101083381350e-01,7.752264775915680417e-01,2.957597721171435490e-01,2.378608258007338105e-01,4.424192121618714668e-01,4.403802098798774156e-01,8.166307277422030220e-01,2.126308639241106246e-01,4.724187106036202288e-01,6.011073369313675308e-01,9.800621287099131607e-01,9.866693922452967058e-01,9.644525957295222440e-01,8.830470089427429059e-01,6.928985323460200574e-01,9.916265241196053903e-01,7.400440927088780541e-01,5.025723010102517430e-01,8.135196544998654078e-01,9.469305593104128116e-01,5.712885389975770334e-01,9.994208765074088507e-01,8.677001025834876202e-01,8.561901084049488020e-01,6.526805384827856216e-01,5.362560823608271132e-01,7.905141146735069624e-01,2.349205831353276264e-01,6.929540772140211358e-01,6.621176838388077579e-01,8.306926683231361519e-01,5.371305793973470966e-01,6.260680825352097356e-01,6.552020308136835558e-01,4.224752304471694475e-01,7.263865454060143279e-01,5.370476853795130845e-01,4.162766653054215671e-01,6.488776637905653288e-01,7.987516665145071304e-01,5.264404224276149069e-01,2.167286704111999751e-01,5.384198386166396677e-01,9.383414052194782862e-01,1.803888393940096257e-01,8.842141646362263740e-01,6.933567642960273281e-01,5.895657731175694138e-01,5.807601866706277871e-01,7.619442548891707245e-01,9.854306201392093456e-01,6.918626083470249544e-01,6.120026771078038719e-01
8.743756167139629110e-01,7.120280575072061024e-01,8.277962084238841278e-01,6.601662174780988934e-01,9.293638061272334605e-01,6.270270232125496612e-01,7.430455811254770282e-01,6.053041702058776785e-01,4.026272859138421700e-01,6.696916564959678464e-01,8.476248337536764765e-01,3.849225001091164389e-01,6.116446876739277672e-01,3.267411723756315500e-01,0.000000000000000000e+00,5.279229482185437972e-01,7.472843281835415130e-01,5.789607986233805681e-01,6.411263975664714954e-01,5.815320911202157550e-01,4.490430172502881123e-01,4.472278754496326059e-01,6.471005254710411325e-01,9.598489245055524810e-01,7.092695583414342364e-01,5.445131759992941078e-02,6.195600580105856681e-01,7.469466994146107819e-01,4.259675827890723188e-01,4.314648596035985939e-01,5.477505548645743572e-01,4.322480985189936509e-01,7.290995204951280506e-01,5.221030317455299663e-01,7.121331432820783292e-01,5.970094914216133031e-01,5.448598238400792493e-01,7.578328115240478002e-01,8.428103193611466981e-01,6.652694388067582620e-01,7.528576721977245922e-01,6.578105052952025744e-01,8.733080274952618183e-01,7.069786085261670072e-01,8.158126712244142542e-01,1.456688974784048352e-01,9.375439735186065215e-01,6.698635180988622428e-01,6.248356467320419494e-01,5.028675108125032489e-01,4.632134085588998085e-01,6.396302521441222799e-01,6.317034220191289906e-01,6.985911326505878094e-01,9.057859583694350958e-01,4.775379334387651609e-01,4.811197774036142516e-02,4.607708296275830895e-01,6.583681013879383315e-01,6.178980029728220469e-01,5.710198450123679104e-01,8.847090543688878039e-01,6.829903553713732034e-01,5.938616896330130013e-01,8.327934596412636115e-01,7.983458421356661727e-01,8.811853026269195199e-01,6.493446059263021652e-01,4.091464256210619044e-01,5.162341885646594131e-01,8.260872130559631099e-01,6.149031371145190494e-01,4.316837608220588929e-01,2.181364236866399353e-01,5.633813009144574835e-01,9.191578084510322322e-01,9.848558340204029982e-01,4.480276727605202458e-01,2.735243349665009704e-01,5.268375660413628925e-01,1.869905649146505477e-01,9.144435524067310306e-01,9.254401117139877675e-01,4.383975719379268887e-01,6.334637435707178577e-02
6.254906766909698046e-01,5.091908894571884892e-01,3.559123916075478400e-01,9.365123406560762476e-01,7.200848448403226465e-01,4.187085152721575221e-01,3.545828085943114605e-01,6.051808825170298389e-01,3.521397963067233183e-01,9.089281045593209374e-01,8.345840471413936701e-01,6.587585926266616987e-01,6.858976427051204361e-01,4.209811728497953598e-01,5.279229482185437972e-01,0.000000000000000000e+00,3.534545647799171020e-01,8.131509363501429055e-01,8.872224001505044644e-01,8.113303725904202901e-01,9.348048800207505726e-01,7.696408202687248234e-01,1.900837674163087243e-01,9.193597725018727296e-01,3.785008686453882332e-01,6.461018076884643691e-01,6.752483698572034898e-01,9.718236614926935024e-01,6.517943693021245322e-01,2.353023560938593828e-01,4.574230959650418815e-01,3.107148194685352971e-01,7.283141122621304975e-01,1.282131860218261588e-01,3.911194223481607724e-01,3.908246878177232819e-01,3.699629555632500399e-01,2.544168250164919876e-01,8.530730711100084074e-01,8.298464198426398486e-01,4.914305211255936001e-01,2.595815056882664895e-01,6.562216293191555083e-01,9.209329862443579318e-01,8.167830079161904067e-01,6.327838123216621424e-01,8.782979725258285297e-01,7.998792370604744795e-01,1.622268180432251405e-01,6.681924653704364170e-01,3.827425792385310555e-01,7.104724181212899170e-01,7.926980568423491746e-01,7.217398839872655181e-01,6.178320207023557664e-01,2.312026712882730151e-01,4.934181901290579098e-01,3.009068434491463107e-01,9.694569378803585824e-01,5.436172239584019517e-01,-9.832586051067615518e-02,4.857834707740995572e-01,8.935090130853019508e-01,8.251246975854474863e-01,8.534065024320728332e-01,2.825859175408345081e-01,5.841219491027520583e-01,7.160558829369710887e-01,9.725747852055913745e-01,4.206065231477320032e-01,8.849871388853189913e-01,4.441121524337242055e-01,1.392906184996063890e-01,2.061590428538930819e-01,6.240161499400446177e-01,9.826074984813385482e-01,4.357337956699399162e-01,1.806838393489805239e-01,3.817393197167952001e-01,-9.935590397344892799e-02,2.450056720107020303e-01,2.821256293255977043e-01,9.644801232534913060e-01,-1.319262820461308272e-01,8.019966743106110574e-01
9.221332512401955173e-01,3.737034018448951445e-01,9.258087509127703729e-01,9.154691608063431074e-01,4.597300922230657672e-01,9.660286703296530053e-01,9.787441721748796342e-01,8.314769644865513953e-01,9.542970467386285849e-01,9.880883534014689440e-01,6.416812371794913261e-01,9.988745438172281776e-01,6.709659116083084296e-01,8.973760499333339746e-01,7.472843281835415130e-01,3.534545647799171020e-01,0.000000000000000000e+00,9.597657690357238591e-01,7.026603453834238122e-01,4.860115151234095099e-01,8.186669995121490517e-01,4.403680524441181965e-01,9.574661528025351087e-01,7.444722423012466450e-01,8.951831538884675865e-01,7.166549151948005125e-01,8.717592085603509400e-01,8.956928470494140981e-01,4.394524900393234623e-01,5.220315959818878637e-01,5.273085812698439373e-02,5.806234878608729222e-01,9.888617955253942160e-01,9.688145120831633816e-01,8.799969406778370695e-01,3.581117876929106325e-01,6.267830445804426498e-01,8.157169615994604994e-01,8.726522984140964168e-01,8.799528198322759120e-01,4.895216956238407358e-01,7.820930265759998834e-01,9.862254369705611978e-01,6.265531287550134554e-01,9.869032535948362161e-01,6.696559766341387832e-01,6.703363062832639052e-01,8.962370246223401171e-01,9.838195659730205600e-01,6.569843426049895019e-01,9.582901000681286474e-01,5.135173751064466829e-01,7.186013115035595478e-01,5.703295208060302768e-01,6.565752499454373670e-01,7.903429915721934540e-01,5.215493963286366164e-01,5.604450679154325821e-01,6.796338041949822051e-01,4.796751380086661798e-01,2.715851181461383379e-01,4.496664208784826866e-01,4.428599011581412781e-01,9.813076978325274702e-01,9.438076067846372652e-01,8.003048547055038320e-01,6.540704938604046115e-01,9.350671049253553857e-01,4.152034495352351362e-01,7.989522338597668805e-01,6.709594679390333827e-01,7.494678874444921091e-01,6.427742066891000139e-01,5.759431986793127622e-01,8.154250606121905554e-01,6.537749591514090408e-01,9.303943567422104932e-01,9.246610865671711643e-01,7.328815223530420198e-02,-2.615764307676901601e-02,6.412853234004101122e-01,6.932181742522911527e-01,8.535376109124350741e-01,5.683014159248552799e-01,8.070748310039670415e-01
7.277324151639258387e-01,8.763966741843163266e-01,9.172629162479045695e-01,9.780187368616772847e-01,2.788573647851183557e-01,3.387258167831642686e-01,9.238345648434143076e-01,6.442117313480720808e-01,5.394506653100068494e-01,7.062924817100415531e-01,6.817578713504991450e-01,5.953781551380847858e-01,9.864741398906022862e-01,6.183928191102791017e-01,5.789607986233805681e-01,8.131509363501429055e-01,9.597657690357238591e-01,0.000000000000000000e+00,9.574365254335690523e-01,5.989851157553317540e-01,4.345568696606916248e-01,8.837936392097299754e-01,9.809597423496583257e-01,6.348451665674262889e-01,5.746085384908944382e-01,7.606292486095589389e-01,8.604048940630404374e-01,5.496029940897041444e-01,6.664984582803765711e-01,5.235163248570280370e-01,6.148609603496970610e-01,9.504480540330439986e-01,7.044025260178218284e-01,7.448418748493097485e-01,4.363386699223906762e-01,2.825289761297257729e-01,9.174016479077207187e-02,7.285602369816616131e-01,4.271014462917198662e-01,8.330732963581435335e-01,5.408113831476493161e-01,8.016839390659066256e-01,2.666799325167222290e-01,6.484267570674988601e-01,9.551099782822923823e-01,8.931099973667385727e-01,2.946644986672429800e-01,5.331443721125364021e-01,7.651903385926897005e-01,6.672285716318933080e-01,7.579757766124241014e-01,6.216182438464804560e-01,7.286604757329193660e-01,8.504790385971920941e-01,7.935895741335148301e-01,4.031342829477939094e-01,2.297547270266075137e-01,9.700213474107980405e-01,9.001123210448587209e-01,3.775936642965137535e-01,3.716083511435522846e-01,2.931087624688938353e-01,8.767967926670326984e-01,2.434690481951876373e-01,6.557273099383744697e-01,5.952358201716072550e-01,6.806842028407718015e-01,6.198778648984826223e-01,6.940784795479336688e-01,2.936719957266404890e-01,4.837378233935337724e-01,8.981428241059240536e-01,2.879639754453820061e-02,2.470530049887363633e-01,6.571773923644309567e-01,8.554943522421538660e-01,5.449900477400502208e-01,4.160692699194479260e-01,7.144642534285413626e-01,9.849093530026588328e-03,5.786541315744790914e-01,7.459829658247030260e-01,7.003105176070572035e-01,6.422551461466629030e-01,7.277041295309664148e-01
