0.000000000000000000e+00,4.272427101993931942e-01,5.368269728194056123e-01,9.594605233778786824e-01,8.851471833457766891e-01,9.107587758974019509e-01,8.299895600075006818e-01,9.687812655061978084e-01,6.998454835865109969e-01,8.702684941828985332e-01,8.569228603189162907e-01,9.590269267066318104e-01,6.733288158314426619e-01,8.340112556934595744e-01,9.909416556119718944e-01,4.829358270995031122e-01,9.005839978901457599e-01,6.970485434025212035e-01,7.948436332699054807e-01,6.244466293381096822e-01,7.561073572092126271e-01,7.641291636234720519e-01,9.977505492928875341e-01,6.176299965660719815e-01,4.884869268986902213e-01,6.930974750818920116e-01,8.316413653209948631e-01,6.755706081710015631e-01,4.767650928228314156e-01,3.828653559228369918e-01,4.683011759603628588e-01,7.443964135957099604e-01,5.191182554102932167e-01,8.831246056935053712e-01,9.319509554236791171e-01,6.077156572556478009e-01,4.306727391830518226e-01,9.784574398860770295e-01,4.135788382703474708e-01,8.872313998881438124e-01,8.351877004506068625e-01,7.378613318457338810e-01,8.261036403573343012e-01,5.958294212085228914e-01,4.505534853154701813e-01,3.536722245543626464e-01,9.773639729462737513e-01,8.837601324000171621e-01,6.112974916415455651e-01,8.166721554689035933e-01,6.538445619111404872e-01,9.420295713136920268e-01,9.262305149348248889e-01,6.281810028364083198e-01,7.329070971561751913e-01,2.391365848853990173e-01,8.738081082861847149e-01,8.884658051756961772e-01,8.894866942339183513e-01,4.693568416528753895e-01,5.859783712010320222e-01,6.878552423938156801e-01,8.626239274476905639e-01,9.090775349017661267e-01,8.894884910701621461e-01,4.332687668085742350e-01,9.242608841182039514e-01,5.408291817162454995e-01,7.967120410575700973e-01,8.502425515050178184e-01,9.827267030007768023e-01,9.659242568353121339e-01,8.443532516956884226e-01,6.012200481068254998e-01,8.371142009150468466e-01,9.933123326170680834e-01,6.639558022837653839e-01,7.420499923310202028e-01,4.965754267919618714e-01,2.366177805834033254e-01,9.187683655545318961e-01,9.518479202490051083e-01,8.263924652692856698e-01,4.781500106061710165e-01,8.321402681422087610e-01
4.272427101993931942e-01,0.000000000000000000e+00,8.403322394493202285e-01,8.263173533901289058e-01,9.501960620030399651e-01,4.513204409043667931e-01,6.941969083944303787e-01,7.097830271164556892e-01,2.954101063370797586e-01,5.428554003796025595e-01,5.506345327766888342e-01,8.332340364390895537e-01,6.248109995669927086e-01,8.655316344590989752e-01,8.135559184051587289e-01,8.932641953890056996e-01,9.623915502329345451e-01,9.350691159865620605e-01,7.276141831097979740e-01,6.778320732643920987e-01,9.826685167420834421e-01,3.392653600648982692e-01,4.288162472511359846e-01,8.879863452745562213e-01,3.269407905708485718e-01,4.222398839798305326e-01,4.410524871710116424e-01,7.438085035218263696e-01,2.636882094490079487e-01,3.408672776942885396e-01,4.354642759216323933e-01,5.637755302035074578e-01,5.468851388227277122e-01,7.731005510757851251e-01,3.227265280264016711e-01,3.699763938704531130e-01,1.698771385074140938e-01,5.629152904607513941e-01,6.410482761423320630e-01,7.355032148398551461e-01,6.342601676974271574e-02,3.240944908219888232e-01,9.799194643530576565e-01,8.271798847420016587e-01,8.713964818208522756e-01,9.954623651786385086e-01,4.906741164275677525e-01,2.648019071470831265e-01,2.417190087218074601e-01,6.138423011495713899e-01,9.972313988887171465e-01,6.701475571796615682e-01,8.882082873877938933e-01,4.613880978409166111e-01,4.819617434735670725e-01,9.645778495741000880e-01,5.359689362411438340e-01,3.076690271992207348e-01,3.083624803470615960e-01,6.670559851467603441e-01,4.875813565831253471e-01,1.568831458049891325e-01,9.268819588487100525e-01,9.646900032654414092e-01,8.307369642572228763e-01,7.935749153063186290e-01,8.796972980057140568e-01,8.705297029535689068e-01,9.651425961695779820e-01,3.592634963285727956e-01,8.784955791406159342e-01,6.493490353291432315e-01,6.061599222247221475e-01,6.767451507813061484e-01,5.442003614506518705e-01,5.340625899346602701e-01,7.475586301621555130e-01,9.944150437592866876e-01,4.544218485282676134e-01,4.554507504082104252e-01,4.590405898586774058e-01,6.273654305932297543e-04,7.587011267124088576e-01,7.360186115989096889e-01,7.542569061435001609e-01
5.368269728194056123e-01,8.403322394493202285e-01,0.000000000000000000e+00,9.686307588764433985e-02,4.670766204324954679e-02,9.921683908578368127e-01,9.506575978285226602e-01,8.430006962736370513e-01,6.069480723604495642e-01,7.994496575859595389e-01,9.098559511058083027e-01,9.692737292903819135e-01,5.451509176634925513e-01,3.795865072706999799e-01,9.210175682142439646e-01,6.520175722987997524e-01,4.815161698346759334e-01,9.830155508027792477e-01,7.175848452452984194e-01,6.485088178411441140e-01,8.112295080033083972e-01,9.959845588077520517e-01,2.399689182194955916e-01,8.243293258758920272e-01,9.583107681817274459e-01,4.864972628704004598e-01,7.167944480918598815e-01,8.697815198986297291e-01,1.953365288971790903e-01,1.624067073048647003e-01,2.174739775856935481e-02,7.945295925412632077e-01,9.626233012282006118e-01,7.175363925948544663e-01,9.295826989300536303e-01,3.143361773948675775e-01,7.355192539453382361e-01,7.999664031537098152e-01,8.422886447228002949e-01,9.298854713016297957e-01,-2.412664297429462090e-02,6.682473691018836481e-01,9.767956850934007562e-01,8.900111148438845099e-01,6.441289937759089312e-01,9.300291361037352766e-01,9.196461197074740079e-01,9.358239375223146306e-01,5.777601696352721028e-01,9.009575323759348997e-01,7.972460813401684998e-01,9.082414628154429348e-01,9.402427104558950255e-01,8.623348174022258394e-01,8.751843394299468892e-01,9.490022323218995082e-01,7.364296883788647996e-01,7.986940384127974024e-01,9.122107790133184846e-01,6.801269289317585232e-01,6.218240953929188297e-01,9.362000159717600578e-01,9.509082747233553734e-01,6.284442509997105741e-01,4.654076277228534342e-01,9.109836570173679426e-01,9.608973797179577447e-01,9.603908058008985282e-01,5.032310951028236001e-01,7.661782834905750406e-01,6.270115826457648422e-01,6.234250997822222695e-01,5.992838454725410990e-01,2.136163335541158281e-01,6.001576043709107022e-01,9.206390870266393245e-01,8.177243350856204795e-01,5.346165581493149688e-01,7.292136777526641023e-01,1.043486702291483992e-01,9.635736295314615285e-01,9.346131952670614362e-01,8.454364578127744334e-01,7.090890629897484976e-01,7.480894558679362927e-01
9.594605233778786824e-01,8.263173533901289058e-01,9.686307588764433985e-02,0.000000000000000000e+00,6.892886920776052362e-01,9.178158954446706819e-01,5.602309395122478941e-01,4.489066522593717634e-01,7.037370708375447759e-01,7.292272937385229081e-01,7.953965650475987026e-01,6.390579637045239458e-01,9.829824804104123626e-01,4.704088048343175177e-01,9.245198973916046725e-01,9.502312686816527521e-01,7.547164678220257272e-01,3.223204425681321927e-01,5.166183625846758609e-01,8.413912061660300257e-01,9.051526889689854860e-01,6.678203198801152540e-01,9.898286297936732536e-01,4.915690760337164678e-01,9.032413257272493556e-01,4.231087682838333697e-01,3.374893768579254605e-01,6.871782785966062956e-01,2.559658975464956243e-01,6.603774640831548970e-01,2.499631853699628425e-01,5.481076966978388754e-01,8.852781030360946657e-01,6.775605141166536338e-01,7.808635604970950439e-01,5.769713815123401757e-01,5.695380134575708242e-01,4.183538197664414260e-01,6.223371927548853044e-01,4.918963035923152871e-01,4.615783744054184901e-01,7.289588758420408876e-01,9.589953874320313876e-01,6.899232764827533115e-01,9.526838434894274732e-01,9.457360541111738961e-01,8.531615183644688516e-01,4.785012589769194746e-01,6.005039366113731347e-01,6.416585172165285567e-01,4.690783815575416682e-01,7.283478392777783528e-01,6.995465136809230211e-01,7.412613386257230208e-02,8.183017045427709579e-01,8.810156794703418726e-01,4.982291012431233068e-01,8.861756324778904403e-01,4.630709521765556391e-01,4.483268822633628692e-01,4.864399543778383239e-01,6.443454298692774529e-01,7.419400213411015965e-01,8.446817771017973708e-01,4.852263406788563382e-01,7.725250054197535521e-01,8.175977808845820149e-01,8.446567094241611562e-01,8.930679434453762111e-01,6.037570453420992855e-01,8.195063448587575072e-01,9.899214292419220573e-01,3.640992281524171315e-01,1.668491178776772277e-01,3.498176688618435115e-01,9.213119675205138082e-01,3.350109874608608873e-01,9.731567484872419849e-01,7.596294521021885737e-01,2.525671791696858515e-01,9.085897828758099370e-01,8.566257849608602815e-01,6.074191616373234570e-01,4.489136279587686018e-01,8.759812722038002875e-01
8.851471833457766891e-01,9.501960620030399651e-01,4.670766204324954679e-02,6.892886920776052362e-01,0.000000000000000000e+00,8.235909613411900310e-01,7.000736751775555877e-01,6.983061850465439591e-01,6.801518054511258571e-01,9.372964701173280844e-01,6.169660653832925723e-01,9.035910064982558554e-01,4.388492407729135403e-01,6.223100578825749851e-01,6.341829054212694272e-01,1.545230544766318659e-01,1.358000487379981691e-01,7.871510545726069230e-01,8.160293306748018782e-01,7.415173749932969516e-01,4.873799758191584286e-01,2.847561573632134690e-01,8.419227464597468513e-01,9.144225803146117659e-01,5.896202283954350420e-01,5.716288981285263526e-01,8.354332730295108700e-01,6.530007974192535425e-01,6.859691422074999378e-01,1.049688267199258007e-01,6.854697991234272036e-01,9.987084188538817298e-01,7.734739045689953407e-01,9.392727838518364347e-01,2.467350455178380086e-01,4.236031063239523720e-01,2.050279086169242704e-01,7.098727322211962898e-01,9.314353813858147202e-01,8.562359554276133267e-01,7.397793145343111165e-01,8.894492428146522078e-01,6.424077444884728205e-01,9.636199881873404038e-01,6.357647539422348615e-01,8.633756519858082346e-01,2.961973821580511923e-01,6.810462736816806917e-01,4.627220199921509569e-01,7.564635464167752676e-01,4.132090195093535701e-01,8.655659982070602609e-01,2.519078949974916104e-01,4.357289004838679203e-01,9.206036820283525213e-01,8.737565261136072126e-01,9.599399621479561828e-01,6.164302297698326383e-01,2.367656385302977229e-01,6.784410113280020527e-01,1.891766323962925100e-01,6.461564636888342816e-01,4.698440378638040621e-02,4.675609658088711873e-01,2.150869998552798756e-01,4.117550270216369657e-01,8.079532769347189669e-01,2.688566978121043061e-01,2.266427072590074254e-01,4.573796157187174360e-01,5.349606044182725340e-01,7.738120484300030633e-01,2.416374049512181044e-01,5.160772351895430710e-01,2.960500071018762336e-01,1.077672267351377500e-01,9.895255927226374038e-01,1.307391179664890712e-01,3.523182479626239538e-01,7.081566768206353224e-01,6.100340277966738167e-01,9.142177708413117276e-01,6.082211910311055014e-01,1.830677983357196226e-01,9.799974789281198362e-01
9.107587758974019509e-01,4.513204409043667931e-01,9.921683908578368127e-01,9.178158954446706819e-01,8.235909613411900310e-01,0.000000000000000000e+00,7.304568992410702677e-01,7.435925393267035499e-01,9.654330102363358757e-01,6.460602873170049332e-01,4.376652102309574466e-01,4.387365264699246703e-01,9.561151680664836672e-01,9.253727512576013225e-01,5.910078475533395714e-01,4.924366968501219244e-01,8.744410505956232704e-01,5.685403773523828308e-01,5.181012322233300438e-01,9.600595227110355623e-01,5.672533766469378680e-01,2.413467510030792851e-01,6.606744953979538648e-01,9.987925921825845377e-01,6.469653499603255087e-01,4.770809969223397395e-01,7.665199589893910703e-01,8.988153871821041863e-01,4.553330257635367362e-01,6.002509084741984857e-01,2.979625270547683336e-01,7.968433928164059266e-01,4.201236058408798213e-01,9.066737811309709683e-01,2.384282860727094111e-01,1.891875025784854614e-01,4.864412085455312451e-01,6.798640945621334808e-01,7.153703257717310970e-01,6.923623529434786983e-01,7.948405629028405528e-01,6.818393520070541447e-01,7.006595260939609826e-01,9.513945231919991308e-01,8.722914467546361017e-01,9.724158983025601444e-01,8.376883591548273111e-01,2.588581691417278230e-01,4.070615848313480223e-01,1.004774538175264853e-01,1.779622317892414762e-01,8.310856816120080204e-01,7.091669164489315946e-01,9.190438358217165593e-01,6.387627691377976147e-01,7.825515149922837033e-01,5.763031505547626665e-01,8.566816941526190776e-01,8.613651959833020788e-01,2.680402015950015260e-01,4.521168098942257019e-01,8.323369538609316498e-01,5.428724093193169065e-01,1.894731323857531680e-01,9.577720115060035511e-01,9.719733258992178104e-01,9.242730579687499226e-01,5.551840035942391394e-01,5.202014311194010920e-01,8.314253083587641591e-01,5.150514642721522041e-01,3.836982152803358748e-01,4.597995149256997038e-01,5.072245432081183836e-01,4.390708471825882642e-01,5.780595084245939708e-01,9.400470122739775780e-01,-7.954706460546256963e-02,4.436777246345214309e-01,7.141438477284799413e-01,5.746395480513548648e-01,4.146651658980923250e-01,5.697189156699504764e-01,7.858165537103042331e-01,4.969370595249703038e-02
8.299895600075006818e-01,6.941969083944303787e-01,9.506575978285226602e-01,5.602309395122478941e-01,7.000736751775555877e-01,7.304568992410702677e-01,0.000000000000000000e+00,4.776988097094518881e-01,1.079002266691498069e-01,8.841854531280302076e-01,5.902663168249224768e-01,7.568588199418729845e-01,3.693740549819307661e-01,7.721265971610413725e-01,4.019694313042292411e-01,7.885097198373608451e-01,6.625546414520139260e-01,5.160274025303214218e-01,7.057012870108271274e-01,6.601446972090069254e-01,5.585615870751999834e-01,6.279150043021753946e-01,2.418040045477916622e-01,5.624281886394236762e-01,9.640816666642857413e-01,6.596954258883880318e-01,6.723614278195388927e-01,4.292338046621438918e-01,4.528467204005954816e-01,4.956627715740837825e-01,3.201552458125316719e-02,7.135945549055440207e-01,1.944696914788766884e-01,7.995337769013330931e-01,4.908274809631617552e-01,8.384131622135911066e-02,2.276162034963744030e-01,7.021235398895281365e-01,6.576899649746044130e-01,9.520334715531515446e-01,8.161803806453911403e-02,2.362638805775304496e-01,8.376367624091118902e-01,4.462157518045043458e-01,6.885740714834964749e-01,4.694024449076952821e-01,6.156313536215211046e-01,6.647936779549241670e-01,5.261377831701153918e-01,5.010871870861162147e-01,5.173001306752181838e-01,6.171154018856482848e-01,8.559383520447820803e-01,-1.161742405591620481e-01,7.868209103642798130e-01,9.819910361889045980e-01,5.576653329169470874e-01,5.288239423349252455e-01,9.316061108171718175e-01,5.701257970806360431e-01,2.551825655789550229e-01,8.579852806334309356e-01,6.130746576114084467e-01,9.659665271370612150e-01,9.497469350585597825e-01,3.285796139272401106e-01,8.057989860694872997e-01,7.621584846285806014e-01,7.063931322474970020e-01,6.127938231419542969e-01,1.730491926686410567e-02,7.035464730051664839e-01,8.842357277349369715e-01,6.702204328111336373e-01,4.987095955477506837e-01,7.935081472624034848e-01,6.147919127641191528e-01,3.822726117525012679e-01,2.599307982448089138e-01,3.543548709194820900e-01,9.254141451569445342e-01,8.308570987597256874e-01,7.383448726255135153e-01,6.044428331456439540e-01,4.260889942635877059e-01
9.687812655061978084e-01,7.097830271164556892e-01,8.430006962736370513e-01,4.489066522593717634e-01,6.983061850465439591e-01,7.435925393267035499e-01,4.776988097094518881e-01,0.000000000000000000e+00,8.056477845605564125e-01,3.289446500122285011e-01,4.517353656503715897e-01,5.704672228889259289e-01,9.049177303890661994e-01,9.463358838034887643e-01,6.995422781873046336e-01,5.957567884411186787e-01,4.545910264844519322e-01,6.098653488334462303e-01,3.316218625064994985e-01,6.809092374243546075e-01,9.256508260348033090e-01,2.604315960177976952e-01,5.743777205733270330e-01,9.607484208955499039e-01,6.388983388620314008e-01,9.114442124424790848e-01,5.938522063369009452e-01,9.425135882742361471e-01,4.963750906732453672e-01,3.820734885941660108e-01,-8.716060507905536159e-02,7.262420961048989820e-01,6.205631724552385098e-01,4.838427753405566967e-01,6.941524746053144845e-01,2.218986863232952911e-01,1.595239626547211576e-01,7.559791089482753579e-01,8.788834409926323810e-01,6.233630543050533435e-01,3.416303663310380490e-01,5.545071419976070892e-01,6.659570917980730531e-01,6.595897826493887228e-01,9.299466493043535564e-01,9.992997743883449413e-01,2.579300918608150028e-01,9.271340585843866611e-02,5.834973674176981984e-01,7.613487521722981377e-01,2.621386678525992053e-01,5.158807516660228742e-01,5.205883751843918272e-01,6.689299100778584029e-01,2.150560355832739079e-01,6.607322280355079069e-01,4.170357637798576267e-01,6.729954582420576426e-01,7.764213779460747977e-01,6.874143999033717201e-01,4.789426692901047056e-02,8.251710997183696605e-01,8.659625005274249609e-01,8.671802277837853401e-01,5.370354325995883027e-01,7.384715709610377710e-01,4.675128338568689257e-01,6.736098434454612649e-01,7.268095366650278999e-01,4.504986388756304083e-01,5.593536250951013367e-01,6.645430447016054121e-01,1.962436139842897997e-01,7.960658207177453427e-01,2.173497407521886582e-01,7.451144996202647697e-01,3.161080916177702038e-01,6.443083197198067325e-01,3.736843735221596075e-01,5.975906961351159508e-01,9.125357010681088843e-01,7.310977364829451819e-01,9.807832874226469766e-01,2.552558183574229478e-01,-1.640061675359046622e-01
6.998454835865109969e-01,2.954101063370797586e-01,6.069480723604495642e-01,7.037370708375447759e-01,6.801518054511258571e-01,9.654330102363358757e-01,1.079002266691498069e-01,8.056477845605564125e-01,0.000000000000000000e+00,4.970593034185309955e-01,7.806083148477730438e-01,1.049784392711610864e-01,9.591108697933697913e-01,8.644520080613853352e-01,5.642319079024574746e-01,2.116849313270960931e-01,8.549752789512927720e-01,6.910904979029947048e-01,6.181263991495717924e-01,5.607475170457734137e-01,6.744121711843983347e-01,9.506827892812609315e-01,8.615809366582320994e-01,7.645066712461455749e-01,4.804407954420827909e-01,7.874419366578377932e-01,5.062494727292224939e-01,5.385514670407268722e-01,6.646773075765398664e-01,3.779662008839325127e-01,3.226153248127065498e-01,4.863882007237435579e-01,4.032839692011428445e-01,8.440001482937956601e-01,5.750653438777851845e-01,4.765251217742335621e-01,3.270064013420900806e-01,2.035372507333573222e-01,6.117578350387908870e-01,6.432690861994350140e-01,3.952245845421010761e-01,4.792486642620345516e-01,9.577623567818956962e-01,6.014939171484333658e-01,9.409505651864422671e-01,7.025180062735402187e-01,9.890941109283868382e-01,9.284513579500713876e-01,5.434494462577399432e-01,6.180305392005922549e-01,8.308185578121363157e-01,9.563087375321651651e-01,6.331747098165674270e-01,7.492046679066070025e-01,7.021093222635047537e-01,7.975316093551482188e-01,9.665816595475027473e-01,8.944004808626769831e-01,4.407973315738284992e-01,1.681661676309224029e-01,4.476427759591106170e-01,7.503758227331158714e-01,8.173016141669562362e-01,6.822103919871554123e-02,6.077761626959693464e-01,7.829955254407872101e-01,7.915697218411673619e-01,7.209845628204546442e-01,8.174090667579929637e-01,9.256887373249803597e-01,9.289424634625618182e-01,4.678334060597703070e-01,7.976582483648344546e-01,4.937322153873965336e-01,2.153599431953313048e-01,7.461515736851134228e-01,6.346346168464618298e-01,5.567088010723313385e-01,2.539334588866293263e-01,4.225091564496535890e-01,3.332991684069392946e-01,4.076193796631529809e-01,2.457835235475899771e-01,2.904011013798531993e-01,1.057216002168362562e-01
8.702684941828985332e-01,5.428554003796025595e-01,7.994496575859595389e-01,7.292272937385229081e-01,9.372964701173280844e-01,6.460602873170049332e-01,8.841854531280302076e-01,3.289446500122285011e-01,4.970593034185309955e-01,0.000000000000000000e+00,6.637250480348330095e-01,2.859847369274138851e-01,8.446857610814856310e-01,5.591597819684385184e-01,1.254274824902880392e-01,6.515935813936988286e-01,9.162674668310886172e-01,2.358587976824135790e-01,3.765486033993640236e-01,9.227358483983390258e-02,6.210624340553739797e-01,7.061225146568945732e-01,3.865431826035844454e-01,5.399378173986707496e-01,8.104974025520910175e-01,6.878576297799708916e-01,9.876607404240005383e-01,9.983334264860531659e-01,6.861410373939961227e-01,7.922219963476869742e-01,6.705675896728723329e-01,2.762136840455425846e-01,7.150059820385826770e-01,7.574851912546456401e-01,6.841460189266103109e-01,7.069515662252372212e-02,3.850730780042470047e-01,9.660013078397210184e-02,8.714756567166851431e-01,7.150084403778667053e-01,2.613986628123741718e-01,5.510345422509724811e-01,9.583069794507803607e-01,9.646729979742130201e-01,8.923759401784080447e-01,8.740288300704824875e-01,9.557769386683717672e-01,4.302828138665417690e-01,5.971521539412187884e-01,2.754266046726255301e-01,7.929517096842049195e-01,8.857674603792268231e-01,9.161667750416080391e-01,-8.096922962742225671e-02,4.608642934310484551e-01,7.134898323026114264e-01,6.550681893410222889e-01,4.398299552438001206e-03,8.671727985843825648e-01,9.821084926894352307e-02,1.606872834948700479e-01,6.725020205055955991e-01,9.606964440455578735e-01,9.560875667690863500e-01,5.966434365638372261e-01,6.246363519543385312e-01,4.170526407685276604e-01,4.839860607642704204e-01,6.292081170316105032e-01,8.470327658588134856e-01,5.981838857026458012e-01,5.622553187305682210e-01,4.594787443532899474e-01,7.912957797235274926e-01,4.685226191718823707e-01,8.748700483317723986e-01,9.983543602869937583e-01,4.400921782996688458e-01,3.422870530751683238e-01,3.710177868371406507e-01,7.606426612343903937e-01,8.276384717399041246e-01,8.476304093083155689e-01,8.936898274408541232e-01,6.057549845680049172e-01
8.569228603189162907e-01,5.506345327766888342e-01,9.098559511058083027e-01,7.953965650475987026e-01,6.169660653832925723e-01,4.376652102309574466e-01,5.902663168249224768e-01,4.517353656503715897e-01,7.806083148477730438e-01,6.637250480348330095e-01,0.000000000000000000e+00,4.140839726195152393e-01,9.847910599323455028e-01,6.878537522361988232e-01,7.977750795393998562e-01,7.979291701859663188e-01,9.649084657836161094e-01,7.312697018721391329e-01,8.601777745192176194e-01,2.683551109342991459e-01,6.686446638604531811e-01,5.174552912078989042e-01,9.495711673382170037e-01,8.338719595737246193e-01,5.968809144825532043e-01,8.340316335242762280e-01,6.808909846403921051e-01,8.411325660203189392e-01,7.547451422832267554e-01,4.521009551083726152e-01,7.768651020881346403e-01,6.955933966216734099e-01,6.416380387599237567e-01,6.017239969928560583e-01,6.270994381867442957e-01,2.334055224432474152e-01,4.663838989027740273e-02,3.554944026532358414e-01,8.120913161050798967e-01,7.862330022633755577e-01,4.390951753719438688e-01,5.198508709945122153e-01,9.741558163685040128e-01,8.852511229602755272e-01,8.320046199248808394e-01,7.247044039691930006e-01,8.923891751459633870e-01,7.411417351766758088e-01,7.633320230614557556e-01,6.276137273691660967e-01,1.742741572682572349e-01,8.740111699230150855e-01,7.145871269013034377e-01,1.359942159152927321e-01,9.712169987465386622e-01,6.259762118550981080e-01,6.140787705433491395e-01,9.990753461125345680e-01,6.811696991224300834e-01,-5.201602713314870674e-02,4.523748693157412237e-01,5.747297569303997378e-01,9.484720606688411548e-01,8.193084015703833156e-01,4.569497096888689436e-01,3.642627664360184037e-01,8.511032381222264354e-01,8.750339754684495208e-01,6.535789369492401857e-01,9.477734576830798563e-01,8.661082042681298443e-01,9.708728447140623219e-01,3.623839679644101919e-01,5.461213951126520083e-01,9.230744941243997914e-01,4.309347460527852558e-01,8.312891603534813267e-01,4.597134283105179797e-01,3.087949459474506053e-01,4.591175139052958154e-01,6.530663514679829751e-01,7.895079722264146671e-01,8.776711607522593717e-01,4.977062294952416810e-01,8.458708279114265371e-01
9.590269267066318104e-01,8.332340364390895537e-01,9.692737292903819135e-01,6.390579637045239458e-01,9.035910064982558554e-01,4.387365264699246703e-01,7.568588199418729845e-01,5.704672228889259289e-01,1.049784392711610864e-01,2.859847369274138851e-01,4.140839726195152393e-01,0.000000000000000000e+00,7.819745101016774003e-01,9.356521185514712347e-01,5.916166873802616299e-01,6.465587778825555576e-01,4.446824364842051347e-01,5.349711299296073808e-01,6.417875586615279238e-01,9.319364999807735472e-01,9.280341052148186609e-01,7.473807418654294654e-01,6.331698102374225812e-01,8.800951524528808356e-01,2.512803225216278524e-01,6.592847738041598404e-01,8.369165187436146125e-01,4.788994180026648340e-01,4.180294059338929835e-01,5.498220681973464696e-01,6.878217851818800577e-02,8.826351498506869175e-01,2.355552705735474706e-01,2.422373144743799889e-01,6.054426782944767327e-01,-1.532633505078651037e-01,2.353478433059927322e-01,4.423623086359099177e-01,8.681860077001346543e-01,6.948048365781607227e-01,7.553493441862931812e-01,8.790033867052788885e-01,9.785911241461402454e-01,8.830091984829556706e-01,8.868534296099284120e-01,6.042720537783677903e-01,8.807927841623199861e-01,8.901919198160616054e-01,6.223889316201717259e-01,6.691126762190653388e-01,7.359846874692399510e-01,6.683736155320750827e-01,6.669233255576596520e-01,6.965788945953470535e-01,4.786186462473323577e-01,4.089370242901376740e-01,4.375808421270293014e-01,6.128638358361118144e-01,9.158788625838786279e-01,6.068762726612191294e-01,3.402163928493998069e-01,6.464122716130202839e-01,6.160666663510139252e-01,6.102778956011646327e-01,8.691101647063902425e-01,4.299827705753975216e-01,4.914475082644671478e-01,9.896602499494576710e-01,6.193804426670835861e-01,5.568394873392775724e-01,2.655558447756392604e-01,2.197792260306641876e-01,6.882763908586836399e-01,6.070714314839918968e-01,8.047437923595444076e-01,6.801997182279549969e-01,6.798144952281827136e-01,4.255655419603032175e-01,2.039150044496371439e-01,5.915041004188631435e-01,7.105278814524490505e-01,7.069935185953830636e-01,9.161935959780097560e-01,2.172982097887780073e-01,9.173224866009379586e-01
6.733288158314426619e-01,6.248109995669927086e-01,5.451509176634925513e-01,9.829824804104123626e-01,4.388492407729135403e-01,9.561151680664836672e-01,3.693740549819307661e-01,9.049177303890661994e-01,9.591108697933697913e-01,8.446857610814856310e-01,9.847910599323455028e-01,7.819745101016774003e-01,0.000000000000000000e+00,6.414844832710602240e-01,9.587694008027726200e-01,6.533809146675548796e-01,5.752240871154774560e-01,6.543876812825484279e-01,2.617734262603469420e-01,6.221445820447855102e-01,8.690030326879185640e-01,7.703667456063604257e-01,7.275252232370942318e-01,6.947631960392582906e-01,7.581907186755432182e-01,7.644482162837334949e-02,8.038106093784770367e-01,8.218990882177256152e-01,5.987623897514686711e-01,6.058457077387904288e-01,-9.014677842523592666e-02,6.403403684009864039e-01,8.056744028383336920e-01,8.406920119247394130e-01,8.410841764998486791e-01,4.741101019317677800e-01,3.935526156519982277e-01,5.785737078993390403e-01,5.346272781603703672e-01,7.295040226275156803e-01,9.879975640041732676e-01,8.654490715748536234e-01,8.254854961648704359e-01,9.083381924807411023e-01,9.399452840520539088e-01,7.334217116548391591e-01,4.187548048512616528e-01,7.940286360224673157e-01,9.644564829421073959e-01,7.988472644220125929e-01,8.484236433883310946e-01,9.585476029421201583e-01,7.768628410188256339e-01,5.992539943740775588e-01,8.064586802395351528e-01,8.668297333642186464e-01,4.371835448425487325e-01,6.121231318492540430e-01,8.388950756582704837e-01,5.775370086941256087e-01,4.268180580635503318e-01,9.017272323785981980e-01,8.557035459532364996e-01,7.075893340154769673e-01,8.681349776148872266e-01,4.019091133277088446e-01,7.806675541988230549e-01,9.027427870645199359e-01,9.259158039412627161e-01,7.330104593351693953e-01,8.480783734695458431e-01,7.680998008592068160e-01,4.599615840157679214e-01,5.822002461663087214e-01,7.180401882239281219e-01,4.627865760158181851e-01,1.091532259371721242e-01,8.408270401362660795e-01,3.126097510238685095e-01,4.743308873182866536e-01,9.349467261227513148e-01,9.667064345535627545e-01,9.541346132464316732e-01,3.372708301770608319e-01,9.561802437331333726e-01
8.340112556934595744e-01,8.655316344590989752e-01,3.795865072706999799e-01,4.704088048343175177e-01,6.223100578825749851e-01,9.253727512576013225e-01,7.721265971610413725e-01,9.463358838034887643e-01,8.644520080613853352e-01,5.591597819684385184e-01,6.878537522361988232e-01,9.356521185514712347e-01,6.414844832710602240e-01,0.000000000000000000e+00,4.749596811570446775e-01,8.450956173994867981e-01,5.902530795242952877e-01,6.217909123434282037e-01,7.128337816873060451e-01,7.757793202940767019e-01,5.057212822489159931e-01,4.397242778681704212e-01,8.734046090930107642e-01,7.888389492847311946e-01,8.561832245623257620e-01,8.014849172332750848e-01,7.460913039189730478e-01,7.218755780669575683e-01,5.021771187291621530e-01,1.395298091983500910e-01,3.323655208001104477e-01,4.747485799518450511e-01,7.021635934615979568e-01,7.717977179331101389e-01,5.481699615312274343e-01,5.323572256636001088e-01,2.897397006401660757e-01,1.781592343416217028e-01,8.963858216044182647e-01,8.061495804286624711e-01,4.439924500905655935e-01,4.578057570144800636e-01,7.192061179246480584e-01,7.421274814128089314e-01,8.213981308361106848e-01,7.001190772451525435e-01,6.913250154810980375e-01,7.587983028562216292e-01,8.421033512733508974e-01,6.005408174438280344e-01,5.039184704704826601e-01,8.470999471907552092e-01,6.068443874844959840e-01,8.772630196267682257e-01,9.399046804262873867e-01,9.370932674699083975e-01,7.525930078395125511e-01,2.003566786323685289e-01,7.021649560121651090e-01,4.693287395453671351e-01,7.368049254531739978e-01,8.083500666207020791e-01,8.851008572862563151e-01,9.532829824565992594e-01,7.620695729582604994e-01,7.089061079408796040e-01,9.578778091799808880e-01,6.614136404904970012e-01,4.440928425899254850e-01,8.065444215333981148e-01,7.851217229776641382e-01,2.407382596821949217e-01,5.450009604243041261e-01,6.177072892129147341e-01,6.710332112601337107e-01,7.670046574605724476e-01,9.038967826786497017e-01,6.507481688619149995e-01,2.751784774529389410e-01,2.402720493169595850e-01,6.579567107081732980e-01,4.548168092002702889e-01,9.014660612365852366e-01,7.447561964640161403e-01,9.576925257156249094e-01
9.909416556119718944e-01,8.135559184051587289e-01,9.210175682142439646e-01,9.245198973916046725e-01,6.341829054212694272e-01,5.910078475533395714e-01,4.019694313042292411e-01,6.995422781873046336e-01,5.642319079024574746e-01,1.254274824902880392e-01,7.977750795393998562e-01,5.916166873802616299e-01,9.587694008027726200e-01,4.749596811570446775e-01,0.000000000000000000e+00,2.853263043420977141e-01,8.913261755646483264e-01,4.351177073348558855e-01,7.623857678327247145e-01,9.720794239170895690e-01,8.838103757340423083e-01,5.719394825452193132e-01,7.589477238916453317e-01,6.706220512650592491e-01,2.780816779049440912e-01,4.944862817432811863e-01,2.458647174564116411e-01,7.099969370846930250e-01,9.990026994434265672e-01,5.987389644967382463e-01,6.289380251517574516e-01,4.086942088508522808e-01,4.003948172580265030e-01,8.581274823505222749e-01,6.713556834888876335e-01,5.603030995811267845e-01,4.855025805080795953e-01,4.222312028088606173e-01,8.732267565350343430e-01,6.731893950427979278e-02,7.406276158304671009e-01,8.459825991847036430e-01,9.625075085592783575e-01,7.297413432291230961e-01,8.318523868316439751e-01,8.619053672059542315e-01,5.425194202137815225e-01,7.787944520944245497e-01,7.896222311802321148e-01,8.046876723100581108e-01,1.232495840979287022e-01,3.942696370300946551e-01,9.392654229961689971e-01,3.778088669077999118e-01,8.457785603066377833e-01,6.492181235320493293e-01,9.032159320184059981e-01,6.812842034263258961e-01,8.164215823489719970e-01,4.029064162167680929e-01,7.463577232912135262e-01,7.953685113193584844e-01,4.448795102238966570e-01,9.633375885415779161e-01,6.479069143080464777e-01,3.718566898866651482e-01,5.837411268743630810e-01,8.738317881327607450e-01,7.243045845258556659e-01,4.479605330925196527e-01,9.118170764097345282e-01,6.078965682219741318e-01,7.780647508199916018e-01,7.062813973514158183e-01,2.458948837655395292e-01,7.525833035543091354e-01,6.236558920890733493e-01,6.764382455887117951e-01,3.240408048873265612e-01,6.615915108877594708e-01,9.633276417834043537e-01,7.458025708869312487e-01,9.209325026368484490e-01,5.108275861157954845e-01,5.499782045887743331e-01
4.829358270995031122e-01,8.932641953890056996e-01,6.520175722987997524e-01,9.502312686816527521e-01,1.545230544766318659e-01,4.924366968501219244e-01,7.885097198373608451e-01,5.957567884411186787e-01,2.116849313270960931e-01,6.515935813936988286e-01,7.979291701859663188e-01,6.465587778825555576e-01,6.533809146675548796e-01,8.450956173994867981e-01,2.853263043420977141e-01,0.000000000000000000e+00,8.629751967980019423e-01,-3.702667005365453123e-01,5.898678096256273484e-01,6.049625056184942951e-01,9.195337210692595686e-01,5.608992701974424566e-01,8.578242964808403537e-01,9.537484632787012195e-01,4.923218676561302853e-01,7.765419681910709082e-01,6.297461359934686254e-01,6.905364098035784437e-01,4.222371353258362325e-01,5.161104161595840845e-01,6.236563782884466667e-01,5.013244072615008484e-01,7.691842786394181841e-02,4.564191259969218595e-01,5.667801519065437388e-01,7.008348459818241061e-01,1.924686688401991974e-01,3.111809554498453090e-01,7.714652138050621666e-01,8.560496067409709697e-01,3.247651692903461562e-01,3.953620451211407594e-01,4.959506923049195604e-01,7.923376841020699501e-01,9.163031716048830599e-01,9.900137054751534382e-01,6.801618257922950050e-01,9.519367627061223747e-01,4.296322835627036096e-01,6.828556319244530881e-01,2.539056601330419438e-01,1.703736944530002129e-01,7.714245351851282129e-01,7.256278721894147132e-01,8.610243519921492172e-01,5.576838965300182638e-01,5.910804007439998120e-01,8.610865260450264458e-01,5.240641475340167554e-01,2.814542094109604431e-01,5.383876458640878271e-01,7.899957117636684512e-01,8.620352698804188973e-01,7.819022206462703517e-01,5.762720693501934832e-01,6.939150123441667484e-01,2.615979985291202459e-01,8.103578303573690800e-01,2.331331631732085907e-01,8.504774448477983029e-01,4.617288272172850316e-01,9.289923897710594680e-01,6.748892429971488083e-01,6.782204417073928182e-01,4.316996816050143182e-01,4.481444146585963906e-01,5.384258668840360973e-02,4.319540551834599174e-01,6.484103669234528855e-01,3.359367063225343064e-01,8.669134424207108891e-01,8.175269445440582761e-01,8.099481443709019013e-01,2.529195091176437704e-01,6.227141054593241520e-01
9.005839978901457599e-01,9.623915502329345451e-01,4.815161698346759334e-01,7.547164678220257272e-01,1.358000487379981691e-01,8.744410505956232704e-01,6.625546414520139260e-01,4.545910264844519322e-01,8.549752789512927720e-01,9.162674668310886172e-01,9.649084657836161094e-01,4.446824364842051347e-01,5.752240871154774560e-01,5.902530795242952877e-01,8.913261755646483264e-01,8.629751967980019423e-01,0.000000000000000000e+00,3.175351847136316241e-01,5.077918904146654366e-01,5.788433029780406525e-01,9.197222047098996267e-01,5.809205607226242130e-01,6.601867459988379760e-01,6.405143360510376915e-01,5.129740032941216832e-01,8.138665099182170737e-01,8.481656349443021936e-01,6.245901751718602180e-01,5.989925441456462885e-01,5.740787785588591374e-01,4.050875891368061477e-01,7.957525403425271815e-01,9.707307490283398899e-01,8.816628290049469685e-01,8.303390072573604286e-01,4.740350741502886711e-01,3.832504530040754531e-01,4.550893075236511764e-01,7.738566790978194110e-01,9.615391978051774924e-01,6.265572149666457369e-01,8.939424744903284870e-01,4.761391070566484141e-01,9.056286262561932254e-01,9.163799099013224536e-01,6.751732062712398896e-01,9.031492710456884287e-01,8.723029596443525602e-01,4.855621494203001820e-01,8.297061971574727357e-01,8.974343391068329012e-01,8.745148414470791387e-01,7.650050783796539244e-01,7.628778472611416062e-01,6.986927854705459184e-01,7.556308889698946096e-01,9.428424919532979454e-01,3.697462681341178170e-01,8.321223732026132858e-01,7.209879815002686598e-01,1.892162391666998289e-01,8.336689327679703831e-01,5.154913247404329102e-01,8.256854364648009703e-01,8.735004374381321046e-01,8.975313553055597193e-01,3.575592774988401445e-01,9.171251906544081178e-01,4.145587669119086827e-01,6.966194150877452751e-01,6.116348853590130030e-01,9.794400764020347872e-01,3.925850325871512725e-01,6.282047440234878044e-01,6.926762507020283177e-01,9.413029727663589918e-01,5.075031599643318181e-01,6.617294003089255749e-01,5.626781340707567303e-01,6.657552103422782475e-01,8.320580788865735711e-01,6.761716250519994587e-01,7.291880307424092322e-01,6.449606143838597649e-01,9.553771344433213963e-01
6.970485434025212035e-01,9.350691159865620605e-01,9.830155508027792477e-01,3.223204425681321927e-01,7.871510545726069230e-01,5.685403773523828308e-01,5.160274025303214218e-01,6.098653488334462303e-01,6.910904979029947048e-01,2.358587976824135790e-01,7.312697018721391329e-01,5.349711299296073808e-01,6.543876812825484279e-01,6.217909123434282037e-01,4.351177073348558855e-01,-3.702667005365453123e-01,3.175351847136316241e-01,0.000000000000000000e+00,8.556715644588035463e-01,9.281004684206605182e-01,6.997837505188351237e-01,8.290591575245730427e-01,4.447325773301236129e-01,8.267374769143799318e-01,8.959544151282664570e-01,6.794672598812815378e-01,3.882746424155564258e-01,3.692599873851599712e-01,4.710106429926436689e-01,7.471472761510576932e-01,4.168731244404483283e-01,8.724832119261883845e-01,7.265641560128288656e-01,9.308407709290702492e-01,7.549712955678812287e-01,7.197379699346492243e-01,5.473170979444580420e-01,6.671847560514901909e-01,9.711504225398919221e-01,8.200024164128210113e-01,6.102818146690764944e-01,4.352392232984414466e-01,6.900650968289927523e-01,9.084901644490050998e-01,8.263502906627850919e-01,9.492534854252647758e-01,5.571671467316777759e-01,6.414993336741815488e-01,7.231345337940524587e-01,6.689956125748245386e-01,7.572949801335964182e-01,6.110814650749120114e-01,9.577096153206318130e-01,4.095382051015846736e-01,9.137212333232378469e-01,8.564289612996410783e-01,7.002644983169098447e-01,1.403891159399737742e-01,7.664030168955462408e-01,5.726506433775765403e-01,3.558581529771315255e-01,2.280262349424155288e-01,2.884204433028594861e-01,8.254763394734554449e-01,8.175922800221803177e-01,7.392428506997323900e-01,9.185954692119151499e-01,8.393671712961900955e-01,7.691902108322631326e-01,9.739194039643208622e-01,7.325571215979119755e-01,6.213064139349149251e-01,5.528599824836046839e-01,6.033415594617972388e-01,6.928529601527945170e-01,4.268289441005937435e-01,6.483603751917745850e-01,8.903876394631063951e-01,4.248915624818849213e-01,5.129692299626844587e-01,9.517314647507028047e-01,4.354220211704600274e-01,7.947221319344349721e-01,7.792430969667376583e-01,5.204956821683049961e-01
