0.000000000000000000e+00,8.635649311509728809e-01,6.551395893148219685e-01,3.875118262846152795e-01,9.806294991383774917e-01,9.472859013107813864e-01,9.201194091535717101e-01,4.591226716496902283e-01,6.531118106081735819e-01,6.155203146258394487e-01,9.878321336781511475e-01,8.912062337879110840e-01,7.311372498565731348e-01,6.656596485231687232e-01,3.126121109605344284e-01,8.173125923882066379e-01,6.486783288918662738e-01,7.427220738542960055e-01,8.848926042704626793e-01,6.283370073018693658e-01,6.429540316409940726e-01,9.495167612818748992e-01,7.552117665424327164e-01,7.806791014854875810e-01,6.430629883225557064e-01,7.655949320810474523e-01,9.233987953387032821e-01,7.609032081545321624e-01,2.237479956553614369e-01,5.388802908558132376e-01,5.490770774338384896e-01,7.392594441943225458e-01,9.611086061915848910e-01,7.095750721584311027e-02,8.216803880670708882e-01,7.324962831473778024e-01,7.841836949157025005e-01,7.236189454866667203e-01,6.537017749472634476e-01,7.713427336824936198e-01,5.204072094983315244e-01,8.202066965915628671e-01,7.536136430883526582e-01,9.469787345818588831e-01,7.980693275159040923e-01,2.761861331917430107e-01,6.277322877704650805e-01,8.790699163697041074e-01,9.337549542186245333e-01,8.199829383787151649e-01,8.523857828309255869e-01,6.343207075903879444e-01,9.161752584990990878e-01,8.322045921848275629e-01,7.964599730948348499e-01,8.357172743584655450e-01,9.684311931113682714e-01,6.252540494484317701e-01,6.015774487037356399e-01,7.576341912854385185e-01,3.964548814055516290e-01,4.319607087783757793e-01,9.366285442014189444e-01,7.403463505783732801e-01,8.183137548767052127e-01,3.005619473999624480e-01,6.104755912432351384e-01,9.076754282638879179e-01,6.353141937631586744e-01,8.955279296182205861e-01,8.312936502681953499e-01,8.664468372740902202e-01,6.258206693749301941e-01,6.305711710184244145e-01,7.898930698230933745e-01,8.476503701913032929e-01,9.899678398858600126e-01,9.290222811312003337e-01,7.738497715851071490e-01,1.633972915796297887e-01,9.428434380004176996e-01,7.380152647771189844e-01,8.216930281637802036e-01,4.423320560728675743e-01,9.681401755164296130e-01
8.635649311509728809e-01,0.000000000000000000e+00,6.920939714742300186e-01,1.616755781114739832e-01,9.665216921496171398e-01,7.911192401364760540e-01,4.079079984753628541e-01,5.511083220699826146e-01,4.460986462347536485e-01,7.006579723678454386e-01,5.906688800457200461e-01,4.490248176113378342e-01,9.075348296986686103e-01,9.279660078883673613e-01,8.253271964902004765e-01,8.191184623935625631e-01,9.768989869162079120e-01,9.512660822765104385e-01,7.033965529813911433e-01,8.509323133622985758e-01,6.733305782761885849e-01,6.558820505400799750e-01,7.709421309393271748e-01,7.482323342409575861e-01,2.119197332901361433e-02,7.330773540308220815e-01,9.362498920566266758e-01,6.473955242572921875e-01,4.059880802063141059e-01,5.182742921123081326e-01,5.788072371283805584e-01,6.346073887757214260e-01,3.652499930680932483e-01,4.500571457122850005e-01,9.056240814041061071e-01,2.179233626536054846e-01,4.132619109383889322e-01,5.610768534175184508e-01,7.735084245418668569e-01,3.366147490127804343e-01,2.224716089575022038e-01,6.142405722995742945e-01,6.493559212480540799e-01,9.151712842009098736e-01,7.838080150133385215e-01,6.561151505848979992e-01,7.533063768845462693e-01,8.343952612241665179e-01,7.082787624115595149e-01,6.133930987950180214e-01,1.897098357999239537e-01,6.871077379450720723e-01,6.007871669166598982e-01,3.587429045099080893e-01,6.347713925727388462e-01,6.048690760777524211e-01,1.821103423092264584e-01,6.406494920477703303e-01,9.588081624458196783e-01,6.292516945278263663e-01,5.064126306230561925e-01,5.387209890693734904e-01,9.892873807956663601e-01,7.888785139427352266e-01,5.601139240988665113e-01,6.967651433903698788e-01,6.937009213501716953e-01,6.291265048588119413e-01,5.482121093525307298e-01,7.464665195724672353e-01,8.413011222907097464e-01,9.090106618001266847e-01,2.295650228458331055e-01,6.638552925700795804e-01,8.451665699453017044e-01,7.894160196841966126e-01,4.953795256730570973e-01,7.359242405436623446e-01,3.586199795525699674e-01,2.136190359216040002e-01,3.356256070625580623e-01,8.362170660422301172e-01,8.696839258868156453e-01,6.920365241866395234e-01,5.673233984120608087e-01
6.551395893148219685e-01,6.920939714742300186e-01,0.000000000000000000e+00,6.778607564077850922e-01,7.772205737752156951e-01,8.509473124078494877e-01,8.678246507454412395e-01,7.118859882831000130e-01,7.357726335327963163e-01,6.748759633647333223e-01,8.900244336235705322e-01,8.117287114453083374e-01,7.732348662568749864e-01,6.606952889397861295e-01,8.779854164266324146e-01,8.644785228007179079e-01,5.773121544628314616e-01,6.273394375002360190e-01,9.814228212206737023e-01,6.528213033876207882e-01,8.530311333159100728e-01,9.835077914046941316e-01,3.079677502738973338e-01,8.254009544882613403e-01,6.154375539570245968e-01,9.500697595827778397e-01,7.492021836633088183e-01,8.305610960390202857e-01,6.945700578168793049e-01,3.171649190638209936e-01,4.419220520053832035e-01,9.690883809523502812e-01,6.009724251010004625e-01,9.977077003253409515e-01,6.966892033148978092e-01,3.296462088514094946e-01,3.846724468471400815e-01,8.075906461558153282e-01,8.909311141918014876e-01,4.790303558158121588e-01,6.534657135473884715e-01,8.748362599625649771e-01,3.502646792698596023e-01,9.645070793697705369e-01,7.403866906921166002e-01,6.809622015415194296e-01,8.861992139528170886e-01,6.995641923151233454e-01,8.129393251793711750e-01,9.162589452936759082e-01,9.404095160348517890e-01,9.734006111820979745e-01,9.361317982829011619e-01,9.362532893621761110e-01,7.353274166580996418e-01,8.000909291539305412e-01,8.447819088905892393e-01,7.876972580078144270e-01,9.523773997691203919e-01,2.026985616981163696e-01,6.785898236760358193e-01,4.424888912614404202e-01,8.515130609170652454e-01,6.103397091094920901e-01,4.208050837796005195e-01,8.247680512420162424e-01,9.320818460254649551e-01,8.285692727204333474e-01,8.865898031280859959e-01,6.641565543504222013e-01,9.665033942979599502e-01,7.704367704077095258e-01,4.571583667490415337e-01,3.787429379586104705e-01,6.281684156403992692e-01,-1.093985785230641161e-01,9.316750695602685761e-01,8.279854426806734224e-01,2.055685144608422055e-01,6.940667972220974091e-01,6.647890838540502223e-01,8.663366847325660869e-01,9.791479660872119961e-01,7.839374419753681877e-01,6.097582216128938359e-01
3.875118262846152795e-01,1.616755781114739832e-01,6.778607564077850922e-01,0.000000000000000000e+00,8.844821325482385976e-01,3.778033009527348440e-01,3.703596440508900578e-01,8.536627701275338875e-01,6.629500609076858231e-01,3.860592860107706081e-01,7.992637622135607689e-01,7.868179502625152200e-01,8.361225130580188791e-01,6.911327870256343819e-02,8.033664331445041773e-01,6.862255061624575880e-01,7.648958589966543542e-01,8.409442151202365379e-01,5.173007568725566108e-01,6.188828148223706194e-01,2.533112760458798296e-01,9.660539404230487071e-01,2.210285783592447484e-01,7.143876416834303855e-01,6.957129719949701752e-01,7.669510543127210089e-02,4.285944937783686126e-01,7.427639966164949481e-01,5.390355237105082242e-01,5.388525716742775806e-01,3.995499728595474087e-01,8.318318920933359673e-01,7.106483008870316809e-01,8.838999150247340841e-01,8.578490155254065996e-01,7.814862212736521929e-01,5.248904659456214983e-01,3.421445256197104268e-01,7.121182343016394523e-01,7.274534384635268358e-01,5.369294081749000913e-01,5.776746238855339222e-01,9.526015006332465562e-01,6.706968000348566550e-01,6.010748093540785320e-01,4.514634525245384555e-01,8.393259003589788048e-01,3.319166844938490485e-02,3.555288443577784840e-01,8.462369451135830500e-01,9.335947899324275046e-01,8.084580456759706824e-01,7.929916172470856672e-01,6.599690911719818809e-01,9.531190842083574477e-01,7.139200344168147305e-01,5.506947656096808918e-01,9.057539237035098223e-01,7.456963753583931709e-01,2.635252451145504438e-01,6.146899961940184287e-01,8.412349821107980574e-01,8.807355024405278954e-01,8.548274440177914268e-01,9.304555151256899137e-01,9.397197871912127409e-01,2.387059743279149326e-01,7.284462780952665195e-01,-2.599300073116610488e-01,6.526398788046472443e-01,4.291337961818512126e-01,9.836234765601157282e-01,6.601632577298682802e-01,7.719947400471856014e-01,2.644634613268174173e-01,6.677679517656686103e-01,6.903948767129697295e-01,3.342236245440419751e-01,5.041658629646769141e-01,2.072156525538760841e-01,6.437452641890835103e-01,9.816098550611713769e-01,8.061638856399614417e-01,7.282169997088036029e-01,7.258141432180039709e-01
9.806294991383774917e-01,9.665216921496171398e-01,7.772205737752156951e-01,8.844821325482385976e-01,0.000000000000000000e+00,6.891304633819094194e-01,4.807614319600697073e-01,6.063617997608676813e-01,9.547447665264675518e-03,9.604825247164893165e-01,7.913511260016763416e-01,4.752335247853735067e-01,2.052766031989427253e-01,2.509181426325265418e-01,7.793180794628093988e-01,9.082102237447742255e-01,7.288987594775184764e-01,6.021102684176540265e-01,7.343324137935061113e-01,6.095330229337110328e-01,7.850902808703211777e-01,6.548595158493719648e-01,7.783516670343100241e-01,8.865776853608732244e-01,4.312999674613349210e-01,5.889660017409821258e-01,9.614833895510118689e-01,5.973800578079262458e-01,5.462791596865232968e-01,6.938109434066520587e-01,5.675244650711075596e-03,7.501063812113963891e-01,6.480973778294784049e-01,3.084082014830626384e-01,2.854086511901243184e-01,4.955183873724200994e-01,5.078321641405973974e-01,8.465129074032291534e-01,8.990202456335254499e-01,8.032960884409396929e-01,5.863603122125443656e-01,5.793911425423809991e-01,8.313204783541634502e-01,6.845132492736957230e-01,8.964500186845055785e-01,9.340322609316177305e-01,6.630740744780114770e-01,6.004582109079089625e-01,7.830093426026435433e-01,6.705544712931117424e-01,8.516727886941790615e-01,8.351825837028120647e-01,8.881815774150506604e-01,5.451802614616509945e-01,8.345805381444447724e-01,3.148169464884093549e-01,7.540460157254612605e-01,8.023321983505510291e-01,5.485966517127096598e-01,2.938688303145455261e-01,3.176937915006902147e-01,5.615296442330812710e-01,9.295477716664258816e-01,5.193796337920996153e-01,9.387010357637516345e-01,7.389485497553189841e-01,6.867222159669589265e-01,8.190870536353315190e-01,5.915013955790963118e-01,7.420713863790678877e-01,7.055265516577277074e-01,4.192439557289263652e-01,5.942266253216458294e-01,5.997230134144919678e-01,4.437556624871818456e-01,7.469428799161759169e-01,8.163098605369579763e-01,5.776363894861201720e-01,5.595371792307524128e-01,4.153224110977741246e-01,4.036214402418832892e-01,8.365972163585779775e-01,8.488616517155986863e-01,2.242366318522532598e-01,9.044650110791061515e-01
9.472859013107813864e-01,7.911192401364760540e-01,8.509473124078494877e-01,3.778033009527348440e-01,6.891304633819094194e-01,0.000000000000000000e+00,7.162960215188387547e-01,4.088295052636218285e-01,6.627410280210280780e-01,5.520335794190861511e-01,7.092359961966009374e-01,7.081697193486069519e-01,6.251070526789812565e-01,9.190759968489520260e-01,3.443237564655349248e-01,9.006047138274472230e-01,8.123164601981859301e-01,6.696871228400658183e-01,8.661714885459115276e-01,6.628442676075264606e-01,8.189505617033214779e-01,8.024216969966532220e-01,5.517364365082224609e-01,5.127763633649854436e-01,5.433388032470071183e-01,7.758558615011947879e-01,9.119380725038530588e-01,6.210085297402401228e-01,6.644620499700852889e-01,5.192060753562749431e-01,-1.556024130356556678e-01,7.423890668552096672e-01,8.764832922182466124e-01,8.098660221052533803e-01,9.663743863132564504e-01,4.944141432285102389e-01,5.332135792745326119e-01,6.443092876216905962e-01,8.912470512759902430e-01,8.892572411816561662e-01,7.437453507414413245e-01,8.996475716744659623e-01,6.588080854759748028e-01,8.246322316472731728e-01,6.520789281289864903e-01,9.253964256699187541e-01,5.601587642417765744e-01,9.781135741406588036e-01,6.751984771769004023e-01,5.347370178685824094e-01,7.120324670464259764e-01,4.927709331660926062e-01,5.690881951326012267e-01,4.901369436007477765e-01,8.968632510717217121e-02,3.561936587981713309e-01,6.221492208962009496e-01,8.995036554934369155e-01,3.003997361596572047e-01,7.791285319204812598e-01,5.660023249463598249e-01,7.565247850102645444e-01,9.579607025564884637e-01,4.606886168739381393e-01,8.467144570826862227e-01,6.816966115343724431e-01,6.133695862786900932e-01,9.784772130490901887e-01,9.559098674580734922e-01,6.964152266406717917e-01,4.753957315655920057e-01,9.836082896285738286e-01,4.415696364044484623e-01,2.941769971540532658e-01,1.030825341990049965e-01,6.580525669086988438e-01,9.871291835740250153e-01,8.059105850063621457e-01,3.904786323864144898e-02,5.200983619771509803e-01,8.124230270277776889e-01,8.724197994426285963e-01,9.460000521459401845e-01,6.972676537331438940e-02,5.769718345227029532e-01
9.201194091535717101e-01,4.079079984753628541e-01,8.678246507454412395e-01,3.703596440508900578e-01,4.807614319600697073e-01,7.162960215188387547e-01,0.000000000000000000e+00,4.792788153868147161e-01,6.039572130680689321e-01,9.707390194108292958e-01,7.370125804052719554e-01,2.963138294024819097e-01,3.018471155448639864e-01,5.582861177402357322e-01,7.454099732713435067e-01,4.580565873624389828e-01,8.109284855206844167e-01,4.779996542308047047e-01,5.673468067016091965e-01,9.484160441254143592e-01,4.742866712409464780e-01,8.007671103957624270e-01,6.342759986484454160e-01,4.574091322275826710e-01,2.360844781030664308e-01,6.162868053776502375e-01,7.009240352463315116e-01,2.248184788954255553e-01,7.551199537909872861e-01,8.098087269866183560e-03,5.090810836746934021e-01,6.461523339461470172e-01,6.713487765260564011e-01,7.723967884745046586e-01,4.991028726303228247e-01,3.985545651462404915e-01,3.355460691131274542e-01,6.695079967179533575e-01,2.965879725104652587e-01,7.862850646358267026e-01,9.030072228947533253e-01,1.568966284762335350e-01,1.202974384594481250e-01,3.892155057904619908e-01,8.765057055366420879e-01,6.721082534285462984e-01,7.420514034439924522e-01,7.280209056532053191e-01,6.322777038399729488e-01,4.333108495069982746e-01,5.076515560676034822e-01,2.895933019403941766e-01,9.108972028320987402e-01,2.543971635178559065e-01,7.554644666434569000e-01,4.727970965249446156e-01,9.351992676844191887e-01,6.592521809047705572e-01,2.931264318390843227e-01,7.147771557502000661e-01,5.908419075263227072e-01,6.679479255226057344e-01,3.338982284245284315e-01,7.933056614855282795e-01,8.386237122020876456e-01,6.711458162753418666e-01,3.766551840066020285e-01,9.052130072954980289e-01,5.963136963223346632e-01,2.471924522277099689e-01,5.028664385686175686e-01,4.079039314283855466e-01,3.164291138124318281e-01,6.786438832514024577e-01,6.740118843612414867e-01,9.761895975987235907e-01,9.223384239023244557e-01,5.683967412443143852e-01,2.026857424758328474e-01,-3.040126999689918286e-04,5.686901039393974511e-01,7.762641428022802881e-01,7.440208552949416632e-01,5.426032482955330805e-01,2.599459436286760683e-01
4.591226716496902283e-01,5.511083220699826146e-01,7.118859882831000130e-01,8.536627701275338875e-01,6.063617997608676813e-01,4.088295052636218285e-01,4.792788153868147161e-01,0.000000000000000000e+00,6.793583908510700820e-01,4.035817184112723277e-01,7.301258620479774697e-01,7.047302074093256818e-01,7.139611918020656312e-01,4.362927246872538856e-01,4.884797392585284448e-01,7.679891503421240051e-01,8.691595335154285173e-01,5.458550713620032857e-01,4.062558448489043683e-01,7.077241087412483589e-01,9.264085689996585105e-01,7.494637317362825568e-01,7.332980025790419853e-01,6.447993568694363464e-01,5.536502228767785638e-01,4.581235556684803978e-01,2.084387223204115513e-01,5.720958229920848348e-01,8.836345409432521114e-01,7.801965594441052643e-01,7.086561396483050945e-01,9.746618663609920574e-01,5.719686683354627821e-01,8.176220697445402141e-01,5.168562871766274602e-01,7.013533032288837843e-01,-1.385870764347488238e-01,6.504473324228786379e-02,6.979780280338155896e-01,6.732638184219447153e-01,8.169580347625113870e-01,7.642593552294330017e-01,9.962389578796156941e-01,2.796871305896283522e-01,6.166192123132593350e-01,5.412380490247861164e-01,2.667386569403761842e-01,8.839498967814936048e-01,4.501775309554685300e-01,4.757188898274784528e-01,2.712221635022169508e-01,6.632692503765772463e-01,6.071701178925124065e-01,8.892558726740036334e-01,3.631258243236601402e-01,9.298816770838271850e-01,6.989063467048609590e-01,4.493645249347627546e-01,3.898144700335058888e-01,1.594660421962862396e-01,5.454256265437489315e-01,6.029280364079726562e-01,7.527206902314768078e-01,7.971644022449009270e-01,9.687297415138694801e-01,7.096418595634886861e-01,8.407565059558705922e-01,5.721641737001122996e-01,-1.800690230045891016e-01,3.517911551904678857e-01,6.257351914321136466e-01,2.052249970996949113e-01,4.688047236014726837e-01,3.176100118961200369e-01,9.429970699504782727e-01,6.033408955098887860e-01,4.213669603211447900e-01,9.980006385069637442e-01,7.574235034427129198e-01,4.936037183125532302e-01,6.595869642402844013e-01,9.414653262701375702e-01,7.837070801909951090e-01,5.868355931752111676e-01,3.206382368648829639e-01
6.531118106081735819e-01,4.460986462347536485e-01,7.357726335327963163e-01,6.629500609076858231e-01,9.547447665264675518e-03,6.627410280210280780e-01,6.039572130680689321e-01,6.793583908510700820e-01,0.000000000000000000e+00,2.217025024545016820e-01,9.161720124660339692e-01,7.981375559595887959e-01,9.065527377078523852e-01,9.601043690484880599e-01,3.181008066438014703e-01,5.656721274337821459e-01,2.870939038305804769e-01,7.670100499808609751e-01,6.081173155521868434e-01,8.471747691471716024e-01,7.140750136240925361e-01,3.691946091499703764e-01,2.533603061434510639e-01,6.840375499764433931e-01,6.297319147847275644e-01,9.617055834295856753e-01,6.870651963538947360e-01,4.351847984316072337e-01,2.486632021466216869e-01,6.340978504111596248e-01,6.136559103933409975e-01,5.897524512367100513e-01,7.685981753182394849e-01,6.980419134576837381e-01,5.139374234433276012e-01,-1.988309971935010023e-01,4.409782476840001797e-01,3.017736792870274187e-01,7.077594502788182584e-01,8.246891558808356892e-01,5.585965423383107975e-01,7.794404155361933650e-01,5.329869070724152502e-01,7.139553105002599542e-01,8.600384599749999470e-01,6.780763440463590808e-01,6.941565726287538540e-01,7.472783466167634003e-01,4.777805196703739377e-01,7.158107103682267436e-01,6.124984574256318037e-01,8.869028622369914405e-01,6.466211519861732038e-01,8.591190419138979850e-01,8.778825154462999159e-02,8.826587558316525417e-01,9.526613261262329990e-01,7.724985797977523827e-01,8.188554749111389697e-01,4.330022764867021423e-01,3.729818325192922890e-01,6.318242303365995127e-01,5.090830035002971155e-01,8.531890913556309242e-01,6.391737747607431075e-01,7.052846916713176872e-01,9.322632183728570832e-01,8.623282784817719593e-01,7.489089433738120860e-01,1.708333348522509398e-01,8.963127354087614407e-01,3.426544251844080846e-01,6.536865393614346154e-01,5.437184288506857754e-01,5.888901441431491079e-01,4.815748638258419700e-01,8.979080779678249025e-01,4.344877235997921527e-01,1.732815404078118515e-01,4.933492510075609960e-01,1.846370465687284246e-01,5.562317339394253768e-01,4.670575373381589124e-01,6.054150412657018920e-01,2.057975314671187661e-01
6.155203146258394487e-01,7.006579723678454386e-01,6.748759633647333223e-01,3.860592860107706081e-01,9.604825247164893165e-01,5.520335794190861511e-01,9.707390194108292958e-01,4.035817184112723277e-01,2.217025024545016820e-01,0.000000000000000000e+00,6.692344695126049015e-01,6.608251270167800895e-01,6.646314214871699155e-01,8.311421766407297573e-01,7.850163259807824145e-01,6.560939005856072370e-01,7.407605101814260795e-01,3.837322699845496787e-01,6.890328712105978637e-01,9.094355775179400192e-01,6.956148843897833611e-01,7.102303346099398951e-01,6.207972936030907718e-01,5.557344390845890825e-01,6.715506104870463400e-01,9.692169118453598520e-01,9.435500161286496379e-01,7.766626737808175474e-01,6.334714666477919698e-01,5.366838821532626813e-01,4.787329006763797468e-01,7.278055391789722828e-01,8.493406857736339743e-01,8.726400336035449179e-01,7.194691612314062512e-01,4.594489892262379471e-01,5.179508976591755687e-01,7.410671443033551853e-01,8.950063725025080297e-01,9.046980849225313426e-01,5.784535324236977916e-01,9.284566722104177217e-01,7.940501540087763210e-01,9.834980972432826318e-01,2.865392266003461419e-01,7.502365503342404152e-01,7.395442864517036696e-01,6.873067151300148447e-01,5.665222422665567859e-01,4.505521735472578504e-01,7.191115093818646331e-01,5.026356631353073867e-01,7.148241935788667289e-01,8.018326379395074310e-01,5.258822442810880959e-01,7.704936670586948200e-01,4.214233032915546406e-01,6.518702051786262608e-01,9.198068093318338967e-01,6.662107432563526555e-01,6.303597086467432886e-01,1.032287479487960652e-01,7.567803711998103422e-01,5.468050225167778722e-01,7.509913322218020326e-01,6.228352417381894934e-01,5.643136940580573135e-01,7.619413920527746686e-01,5.673528559535264693e-01,4.153244458400949801e-01,8.680039736234840264e-01,4.657852136052770819e-01,5.654422519510937661e-02,7.460021026817763301e-02,7.453359530066471228e-01,9.269993163458581931e-01,9.593402498946432821e-01,9.038397881577404647e-01,2.738050102583036161e-01,5.541705729696844163e-02,7.689079937937903786e-01,5.829521914019093476e-01,6.376962876011751380e-01,7.798635883067508434e-01,3.545439467699930125e-01
9.878321336781511475e-01,5.906688800457200461e-01,8.900244336235705322e-01,7.992637622135607689e-01,7.913511260016763416e-01,7.092359961966009374e-01,7.370125804052719554e-01,7.301258620479774697e-01,9.161720124660339692e-01,6.692344695126049015e-01,0.000000000000000000e+00,4.324223345219771475e-01,7.085436097314520287e-01,7.411158121567347212e-01,8.986247498719660554e-01,2.162984890985026609e-01,7.291090659233792071e-01,4.053149834588998801e-01,9.630620884751155408e-01,3.984210796341620675e-01,2.264115454588131182e-01,7.317056046210224096e-01,6.394186146190096176e-01,9.105599440975185033e-01,7.434717658993507117e-01,9.269293434775512930e-01,4.739258900759743542e-01,8.828489803271214464e-01,5.137051008221622528e-01,7.791824418395102425e-01,6.223806130396564162e-01,2.625748038577441767e-01,9.784049151060929539e-01,7.149342644852036965e-01,3.980589893831401604e-01,9.511181890869984112e-01,1.514554440290303422e-02,6.632488001891294616e-01,6.028871849552859263e-01,9.909611120284977925e-01,4.390193142339265941e-01,3.407533470013270893e-01,8.908640784932743140e-01,8.896715087395358212e-01,7.931938133764582233e-01,9.710729669559851063e-01,9.504695625720355201e-01,8.250300897115423471e-01,7.784509145599238789e-01,6.897328848422926706e-01,8.135955198126197940e-01,7.156523032531116879e-01,5.721352101385922539e-01,8.497886605269129312e-01,9.823243300447812576e-01,8.761705666664588721e-01,6.761697313858812119e-01,6.267334233867130067e-01,8.466774544667864388e-01,4.584419997151559234e-01,3.526790966963597174e-01,8.363584127686756187e-01,4.540155925477457610e-01,5.685883133249753918e-01,9.795940485586083213e-01,9.322260112189465486e-01,4.679693318684573500e-01,9.465013463605775890e-01,7.530790728594523031e-01,3.385249000240322381e-01,5.386613805321674997e-01,9.993776085656340680e-01,3.780864869510228710e-01,5.775682649121032242e-01,9.981622558635830922e-01,2.282888139117649762e-01,3.476744459145875155e-01,5.140525741400786552e-01,5.564753629980131455e-01,5.502693746385522999e-02,5.317995769979684262e-01,9.138735140346860852e-01,4.568153105665402336e-01,5.892821009287225742e-01,6.547890923850882006e-01
8.912062337879110840e-01,4.490248176113378342e-01,8.117287114453083374e-01,7.868179502625152200e-01,4.752335247853735067e-01,7.081697193486069519e-01,2.963138294024819097e-01,7.047302074093256818e-01,7.981375559595887959e-01,6.608251270167800895e-01,4.324223345219771475e-01,0.000000000000000000e+00,4.806762882385646751e-01,8.319350401408883711e-01,4.403100622118736457e-02,7.995780004778141326e-02,3.763180030430861578e-01,6.190256372705297272e-01,8.157403713382858079e-01,6.120269304332265348e-01,3.169143031926913712e-01,6.284577760561685933e-01,9.538795804226769537e-01,9.129955072066289201e-01,7.350123552057199472e-01,7.992082465203104169e-01,9.864917720529826628e-01,5.471239209008299520e-01,3.818342991085021954e-01,6.065453286783454301e-01,5.210137157937303476e-01,7.546559591976782500e-01,2.783078318559760733e-01,6.025850440216510284e-01,6.671827015383328119e-01,5.761029990794627187e-01,7.266244401208206138e-01,9.915140428478982360e-01,9.988593785807919900e-01,6.808180058701439608e-01,2.032533627706832324e-01,8.090723548430280854e-01,4.717565969668839898e-01,9.594598581650135571e-01,8.884982979916621337e-01,6.129255383961923487e-01,6.782362682781593044e-01,6.740933214560025366e-01,7.541465313452591079e-01,7.250114429593236265e-01,5.253560851324506897e-01,5.553269483077725166e-01,5.270518620418946920e-01,3.538494991126613920e-01,8.281783895137249107e-01,7.289112620100658413e-01,7.929842639022531836e-01,9.320206962838810671e-01,8.603538942807968937e-01,4.630704154122932126e-01,5.984578628741463735e-01,7.929578017568822412e-01,7.958912322312398091e-01,9.854884717589043053e-01,9.901898431444463577e-01,8.768327869223253579e-01,9.392338377867862631e-01,5.967728112276915464e-01,3.055869894624406169e-01,5.392361923276139946e-01,6.381224656304065324e-01,3.182665669164754796e-01,-1.413426863792007770e-01,4.866674074426488028e-01,2.336300189738750310e-01,3.708571639001784215e-01,9.420154933144538889e-01,9.889200438723104725e-01,4.460974905753517517e-01,5.511263863439700428e-01,7.277861798970934881e-01,6.969525052202096838e-01,9.388422543313681423e-01,5.068380901365927560e-01,4.904995860994935675e-01
7.311372498565731348e-01,9.075348296986686103e-01,7.732348662568749864e-01,8.361225130580188791e-01,2.052766031989427253e-01,6.251070526789812565e-01,3.018471155448639864e-01,7.139611918020656312e-01,9.065527377078523852e-01,6.646314214871699155e-01,7.085436097314520287e-01,4.806762882385646751e-01,0.000000000000000000e+00,8.452372117263369233e-01,9.124516727101719127e-01,8.370096023635666960e-01,5.874629832053798184e-01,7.376289465082022101e-01,6.561493822800885667e-01,5.290815998495789207e-01,6.223640507655029408e-01,7.013407744231905383e-01,7.503197534131236246e-01,7.977862844915568630e-01,5.159404784398127219e-01,8.573706446605773301e-01,6.530381631146610077e-01,7.730343907961433336e-01,1.936927771012882937e-01,2.625413242391750890e-01,-5.495976227725019037e-02,6.342359604960109420e-01,2.988274637609161788e-01,6.807012613384265665e-01,6.621195122644297770e-01,7.249408558076569919e-01,3.625326780501556545e-01,5.741475589448594707e-01,2.990169770404483285e-01,8.045332369685307405e-01,4.636074542099098417e-01,6.234273344868916933e-01,8.651624286223764670e-01,5.035401404513766277e-01,9.082270726926147120e-01,5.664016988354260151e-01,6.997728082672787231e-01,6.947285950778779862e-01,7.071546173796164902e-01,8.747441113938970725e-01,8.474278464373126152e-01,6.326411328774100840e-01,8.814810134975554767e-01,7.971993366762080147e-01,9.186910685975037127e-01,8.285880501538004372e-01,9.237115296552251831e-01,9.189966265346803942e-01,5.402636242110803177e-01,9.056803669926493106e-01,5.078106801014765914e-02,7.489056162919880411e-01,9.881160552789178819e-01,6.911535838888962502e-01,8.811669348570816407e-01,9.902001461169862573e-01,9.281117014477044957e-01,4.012658622640609130e-01,6.007820458477300951e-01,4.224031810501729378e-01,6.254206480091396569e-01,9.279755763869450558e-01,7.597653197153143578e-01,6.074183935411092694e-01,9.377461099968732450e-01,8.917005283382292147e-01,9.866052056293093953e-02,9.513953085977822077e-01,5.861613704898028798e-01,4.689076588381608790e-01,7.696300103211460852e-01,8.310497589070939828e-01,2.885267559228511525e-01,2.832887063750442747e-01,9.385175408942374453e-01
6.656596485231687232e-01,9.279660078883673613e-01,6.606952889397861295e-01,6.911327870256343819e-02,2.509181426325265418e-01,9.190759968489520260e-01,5.582861177402357322e-01,4.362927246872538856e-01,9.601043690484880599e-01,8.311421766407297573e-01,7.411158121567347212e-01,8.319350401408883711e-01,8.452372117263369233e-01,0.000000000000000000e+00,7.674908429659085263e-01,6.416974315523463757e-01,6.478903823367665460e-01,5.464574898237912759e-01,4.646657308853273660e-01,6.720816643094419396e-01,3.239846783816656139e-01,9.706490524938293785e-01,6.291332410925887242e-01,5.118427680867010388e-01,5.085789451738688127e-01,3.313546890571225090e-01,6.163256254904925235e-01,4.942237048500632834e-01,4.848024644049796494e-01,2.439674965625261982e-01,7.560229774730273800e-01,7.430818025466099375e-01,4.273377819184400739e-01,6.261755223524648750e-01,2.143714480030846914e-01,1.314994072387212498e-01,1.841666909367843108e-01,7.646544061548357085e-01,6.304185857242443625e-01,7.430857692131305203e-01,8.980253468764956004e-01,8.648690995869592335e-01,7.020343918989515597e-01,4.068084441728427869e-01,8.641236508736518385e-01,7.977617043479646730e-01,8.917356071202153789e-01,4.480219665399741147e-01,7.252481728762836255e-01,9.301316494179591166e-01,7.149865852786746467e-01,5.195641376559798630e-01,6.859113945577079985e-01,6.329207631140856272e-01,9.470690861302963892e-01,9.431813743187125176e-01,9.994433387097110266e-01,6.154675886548335306e-01,9.618828177548726099e-01,6.667587752635593112e-01,4.089694546132265351e-01,1.484367231739093518e-01,7.448091711343012289e-01,6.942905943799625446e-01,8.037774675706512717e-01,2.484009115062716377e-01,1.319386774698157183e-01,8.667716132312448529e-01,5.322009887706472542e-01,2.261185977404974179e-01,7.235177855472260111e-01,7.641939991513542196e-01,1.590832140165036324e-01,3.121739198455860675e-01,7.917599143185365396e-01,8.712218050375002409e-01,3.322705861919187376e-01,7.702334793218676978e-01,3.897264755741168818e-01,2.918287765539431255e-01,4.370191775905235554e-01,5.282239207265468917e-01,5.031358835012254005e-01,7.600877311595041208e-01,8.799000833327187410e-01
3.126121109605344284e-01,8.253271964902004765e-01,8.779854164266324146e-01,8.033664331445041773e-01,7.793180794628093988e-01,3.443237564655349248e-01,7.454099732713435067e-01,4.884797392585284448e-01,3.181008066438014703e-01,7.850163259807824145e-01,8.986247498719660554e-01,4.403100622118736457e-02,9.124516727101719127e-01,7.674908429659085263e-01,0.000000000000000000e+00,3.249053841902331263e-01,7.941261661945734351e-01,4.101511544295908251e-01,8.191459455154073144e-01,8.333533400644651534e-01,7.322655024089796960e-01,5.074428987467647367e-01,4.787443689389985213e-01,9.082104588703840964e-01,7.683551282850787922e-01,9.912036309526570665e-01,6.457264002566182048e-01,2.868759597659403804e-01,1.461301855763001700e-01,1.546650649169385716e-01,3.606473952109530146e-01,1.108340603081080789e-01,8.462965070882484397e-01,5.226730282722401588e-01,9.398175900019155593e-01,3.113400702295210376e-01,5.571716095819814196e-01,5.890738756692142086e-01,7.798689925844650705e-01,9.679151015114300094e-01,9.164329535678606975e-01,5.942159879485666707e-01,9.086560702745376528e-01,3.976776747309058724e-01,9.918614437630443037e-01,8.823039217379453625e-01,6.286786993222697184e-01,1.599259312524328458e-01,3.757935541822364778e-01,8.096449687773360493e-01,8.360806925885562180e-01,8.770089412770111226e-01,8.714161775465576465e-01,4.458119427668855717e-01,4.027406918208842890e-01,8.518829701293320067e-01,5.415262140878173147e-01,8.102935757108925552e-01,8.503588236676313805e-01,5.382270939504805174e-01,4.290229325496269230e-01,2.322748126376281697e-01,7.183169796135318030e-01,5.829875166997893210e-01,9.752344280079385808e-01,5.709094745843666940e-01,2.392125563553733347e-01,5.187396887616760877e-01,2.942452031112362532e-01,8.154572112470771517e-01,9.850151196835652545e-01,4.271779126916229186e-01,4.677320053641391695e-01,4.422498757663435032e-01,3.533401403264129215e-01,7.849410565082880487e-01,8.819998578383195786e-01,7.266033169407351000e-01,7.451961294866893404e-01,2.732004734541667590e-01,4.854767152901698357e-01,9.407179699856805799e-01,8.432304048191079371e-01,4.157536747673762356e-01,1.950165728755479666e-01
8.173125923882066379e-01,8.191184623935625631e-01,8.644785228007179079e-01,6.862255061624575880e-01,9.082102237447742255e-01,9.006047138274472230e-01,4.580565873624389828e-01,7.679891503421240051e-01,5.656721274337821459e-01,6.560939005856072370e-01,2.162984890985026609e-01,7.995780004778141326e-02,8.370096023635666960e-01,6.416974315523463757e-01,3.249053841902331263e-01,0.000000000000000000e+00,8.838849681591278706e-01,4.731265043156883121e-01,5.376025591423625460e-01,9.936658784675929112e-01,9.155319581234867554e-01,5.969334391912531901e-01,5.192495150078397792e-01,5.001243069263193730e-01,5.587743754099243620e-01,9.743807521991738607e-01,5.903264061601839474e-01,6.848213678685258765e-01,5.854485951632394380e-01,6.161545041713133442e-01,6.628867683486127094e-01,9.527337515451038685e-01,8.928094532777485215e-01,3.846404927146632735e-01,6.255179057799424847e-01,2.849850873788101202e-01,3.991959929869256518e-01,8.693339407485908277e-01,6.138939327330288354e-01,8.313442611428212281e-01,8.445575087738792508e-01,9.420812340593079925e-01,8.225586421308035412e-01,7.764415899854224534e-01,9.623034993650970703e-01,9.505960718770977147e-01,9.508028332833374785e-01,5.485975196270842513e-01,2.599062011140013118e-01,4.526488509698690654e-01,5.999218089592144310e-01,4.454225579134946100e-01,7.158391611018996015e-01,5.369164673671932286e-01,4.123195132068968594e-01,6.699840905583878126e-01,4.035326757070665238e-01,8.813002495778456957e-01,2.382727662608468688e-01,3.437772975945303511e-01,4.058183550142648865e-01,7.639269625937519237e-01,7.208032087705771307e-01,7.142341658633643009e-01,6.089899481541982684e-01,2.074880824334341400e-01,7.978798406113800645e-01,8.587675946607976618e-01,7.689823755268938577e-01,6.763479585109539727e-01,6.158533794390009808e-01,9.017894310558860482e-01,7.460658993721474008e-01,3.627440949301368178e-01,6.088457663909054851e-01,6.577848621696954501e-01,7.661386869864265092e-01,6.150557578225316346e-01,2.483926611982732457e-01,3.166360788590636965e-01,7.479510827070631196e-01,9.180790729895411673e-01,5.355609554183160537e-01,7.579835425216744360e-01,4.813506239008559229e-01
6.486783288918662738e-01,9.768989869162079120e-01,5.773121544628314616e-01,7.648958589966543542e-01,7.288987594775184764e-01,8.123164601981859301e-01,8.109284855206844167e-01,8.691595335154285173e-01,2.870939038305804769e-01,7.407605101814260795e-01,7.291090659233792071e-01,3.763180030430861578e-01,5.874629832053798184e-01,6.478903823367665460e-01,7.941261661945734351e-01,8.838849681591278706e-01,0.000000000000000000e+00,2.958686385020438125e-01,9.343513524829194505e-01,3.620345640539061050e-01,6.877056809601294063e-01,8.306819705276524690e-01,9.274016246230070148e-01,9.205794251822163599e-01,9.913784429448478930e-01,9.739666452898892990e-01,8.257945125186109125e-01,9.181192942629069487e-01,-6.670473574210888934e-02,2.730902458525185650e-01,3.955440324244786643e-01,7.804119483831389870e-01,7.421269340245849611e-01,6.874597995818166885e-01,9.681230165425873668e-01,5.758514501749812942e-01,7.822020089084971151e-01,9.140489890706190446e-01,8.697560125249336194e-01,9.405759034919453088e-01,2.123323485241019326e-01,7.367446113164441979e-01,8.930674725887497445e-01,7.205820163163705327e-01,5.994122549492858498e-01,7.572121707644670074e-01,6.240466871017856798e-01,9.438307532676338818e-01,8.722119080119306034e-01,9.827493104392288625e-01,7.962257308533051692e-01,9.186022412692459449e-01,8.537034019457320211e-01,6.619429844226630832e-01,9.729659848830531921e-01,6.340786956588980727e-01,9.977015668865638620e-01,6.012301581811144713e-01,9.163660368918794541e-01,3.290973203202639530e-01,7.739324606408086726e-01,8.863781133030601556e-01,4.840815942093647517e-01,3.916319100948804088e-01,9.747518444658820336e-01,5.898775760151768743e-01,7.548292400736309471e-01,5.243564472907614737e-01,7.406613692289097939e-01,7.954178072633293350e-01,6.826089156032540961e-01,7.872573922456485018e-01,3.224533888157002925e-01,5.460863687393017196e-01,7.214296468867587020e-01,9.485056635284293547e-01,4.376918947418133032e-01,9.176301812505227584e-01,8.480591537019503967e-01,4.032897916316414699e-01,7.930394362898669502e-01,7.616017560329134684e-01,9.415854133291035044e-01,2.015386051358428465e-01,8.988449467015855454e-01
7.427220738542960055e-01,9.512660822765104385e-01,6.273394375002360190e-01,8.409442151202365379e-01,6.021102684176540265e-01,6.696871228400658183e-01,4.779996542308047047e-01,5.458550713620032857e-01,7.670100499808609751e-01,3.837322699845496787e-01,4.053149834588998801e-01,6.190256372705297272e-01,7.376289465082022101e-01,5.464574898237912759e-01,4.101511544295908251e-01,4.731265043156883121e-01,2.958686385020438125e-01,0.000000000000000000e+00,6.832434522547538025e-01,8.133971197478476745e-01,9.717031756325900105e-01,2.541330005581243223e-01,7.249643764838641369e-01,4.334035717897662954e-01,7.022806370330157977e-01,7.151938442630111359e-01,9.545973748628564515e-01,9.820243867740214849e-01,4.957083854363336650e-01,3.452935600103280711e-01,4.878017432096998229e-01,3.420102112844931597e-01,6.321680738140016409e-01,7.200982264554983692e-01,9.366964063361227222e-01,1.283202239056203398e-01,5.439956017942466637e-01,8.171182341831442209e-01,2.262785177601513431e-01,9.874748999859597198e-01,4.606773296482426505e-01,4.702550641959860056e-01,8.170237522351144754e-01,9.679507229145156710e-01,7.316358680210074406e-01,7.175461742948867627e-01,9.416489834732655329e-01,7.561555131549591025e-01,4.210773498696342987e-01,9.646930761920046171e-01,2.378026106123671546e-01,7.908704938902998416e-01,7.419158175544614542e-01,6.005574752480603573e-01,7.777948245610053490e-01,5.657613408417115908e-01,4.732844925456164420e-01,7.748954334566956481e-01,9.235883757861429455e-01,2.432165494355405522e-01,2.776674777688207807e-01,3.541629666297979595e-01,8.787212593100284241e-01,8.508193114142523772e-01,9.058852836854056623e-01,6.565166579807832914e-01,7.298952209427878035e-01,7.700290731828559609e-01,6.614214222568005619e-01,2.864403663233655584e-01,9.498575488016423041e-01,5.895430156497882823e-01,5.194497291643411785e-01,1.130416751630713978e-01,6.779022483302801216e-01,9.058161104552739928e-01,7.512368542095186896e-01,7.252331526444181220e-01,1.587429644851561794e-01,2.693250555473745145e-01,6.696829111368761689e-01,7.603691732568718109e-01,6.085610022966240207e-01,1.052233598623167898e-01,6.672895025675360525e-01
