0.000000000000000000e+00,8.358434943734198708e-01,6.136095659780912426e-01,8.847578108462912372e-01,8.945514201918681740e-01,8.433241724964440911e-01,6.520938049117792623e-01,6.817598699530613704e-01,7.697454925497341227e-01,8.800728216821281924e-01,9.648520644548590486e-01,6.879843038639531505e-01,8.549286418880457372e-01,7.085372224842233502e-01,2.985388042469265812e-01,8.322305712961919344e-01,9.176821334974986089e-01,3.406524025548310908e-01,7.253312932395402646e-01,7.406836303427301038e-01,9.313512327699322579e-01,8.633235819320704829e-01,9.788875695737747629e-01,8.151384160956466340e-01,4.305601718356888430e-01,9.010122526680806043e-01,9.123489307087170319e-01,4.553177006978797459e-01,3.022735489641136253e-01,4.212716918523107812e-01,7.311707180252959848e-01,9.560906402339528487e-01,8.729344418816828988e-01,8.715245134848188524e-01,8.853525443127970851e-01,3.164536037801303214e-01,2.744805791099680370e-01,6.518262283464268947e-01,7.370731542959740867e-01,9.909824059877757607e-01,6.536065780723177010e-01,8.113547312057934890e-01,8.162836265983482997e-01,9.207466932909991186e-01,6.806538426673994779e-01,2.498530555174632017e-01,5.183521837895402884e-01,6.253599887090146581e-01,8.747358368700262066e-01,8.385357894911080745e-01,9.790283250969902262e-01,8.294877813416129397e-01,5.921590475251552466e-01,6.821360668064471167e-01,9.953117225718773886e-01,9.627722062014195670e-01,7.424807356812601622e-01,8.282806212568689652e-01,9.062081950313189971e-01,3.094191469621161428e-01,5.953345366012674500e-01,7.607251502394740683e-01,5.920416716088194864e-01,6.186327193794453061e-01,9.936729637100518708e-01,4.333748973434754514e-01,5.442732935432073038e-01,8.289433935359504790e-01,8.205430744911305085e-01,6.040418984758976206e-01,9.568100023946802812e-01,5.954678437111666778e-01,7.085186045454281434e-01,3.597913050248121580e-01,9.652537528687908652e-02,5.385683017496638580e-01,6.296890768895433421e-01,9.494360465978610719e-01,-2.150249281383712074e-02,5.095012150324809141e-01,6.649995134043604761e-01,9.844589645048945625e-01,5.880770543954754181e-01,7.625768072399321529e-01,8.006005863872137640e-01
8.358434943734198708e-01,0.000000000000000000e+00,5.509662093510083736e-01,6.820817845046348582e-01,9.737746572906523790e-01,6.974729134904192884e-01,5.250182347600964583e-01,4.645987888720983228e-01,5.548869808773677637e-01,7.456021721716994399e-01,9.552791722877544967e-01,7.824989959885531032e-01,6.182659504103963366e-01,8.794421671930221507e-01,6.800729802724096995e-01,6.369192621405210808e-01,5.985722233302083195e-01,9.008375524205818330e-01,9.064729272673087701e-01,9.931544635736996307e-01,9.861087381982188704e-01,3.348791346955274917e-01,4.862678289056739933e-01,2.642145579137388789e-01,6.038108758847595681e-01,5.149340509033706326e-01,6.358276191862425319e-01,2.270421852685852449e-01,4.458550467112151194e-01,2.940106927338258513e-01,4.680613091081775590e-01,4.352220244309803476e-01,7.052255879551433404e-01,9.963381055430091671e-01,7.936898413692528020e-01,6.326445115005449038e-01,3.105815244783099449e-01,1.642671356401030902e-01,3.508341827792333945e-01,7.114853870662679602e-01,4.832020402341709042e-01,7.898531741441274789e-01,9.659650457391072420e-01,6.136793527630325373e-01,5.429503643560731341e-01,9.421189656543746960e-01,6.967043404731259049e-01,8.409687842140253222e-01,7.234334756799672972e-01,1.444064103977122648e-01,6.653864741871040600e-01,8.269681029557530705e-01,7.817102761665331023e-01,9.288540796006310440e-01,6.244074513106138147e-01,9.043318134064169955e-01,3.664673721994234357e-01,9.518443644789399416e-01,8.789233144655100860e-01,2.681669791355832944e-01,4.689222224153479779e-01,6.515191682589103195e-01,2.588420072265437133e-01,6.508892077616510452e-01,8.574119077512771803e-01,7.660893350234013743e-01,6.156127999213879542e-01,2.060098098360739205e-01,4.523686332563046641e-01,9.274536361199547940e-01,6.085442196408967774e-01,7.319323297945984352e-01,3.664302690047634981e-01,5.138283864525872158e-01,5.478330382679312827e-01,4.357366316899387582e-01,6.761940820184177969e-01,6.549890545213289395e-01,2.725578050479498526e-01,7.419811170406676037e-02,3.279931197181161773e-01,9.967543019249778258e-01,8.569439109963569168e-01,8.115172851950387400e-01,4.085437490494078228e-01
6.136095659780912426e-01,5.509662093510083736e-01,0.000000000000000000e+00,7.242037706856774282e-01,9.714631702294082016e-01,9.143157701633439771e-01,7.975241046849247395e-01,9.143409351818320152e-01,7.670363894056786425e-01,8.769988156070493979e-01,9.390010469810978755e-01,6.289581387904139564e-01,8.242812994150635619e-01,8.374139298433886935e-01,7.392721303431993851e-01,9.099439863902103465e-01,6.412900277274615757e-01,9.613487702686250858e-01,9.427067002896009074e-01,6.984502588388732391e-01,8.532891126727001341e-01,8.092321065657734902e-01,9.109527722014911788e-01,9.700816903377721401e-01,9.306604677272009019e-01,4.280804361167095395e-01,8.399692243228452648e-01,9.960989639541557583e-01,7.028408672672579183e-01,1.972944362838385257e-01,7.987277266920693730e-01,5.465798093218061648e-01,7.903493521801241428e-01,9.481363151955852775e-01,9.698703130971519926e-01,3.281213967666278819e-01,6.293043916520232317e-01,8.003417379516999386e-01,8.446997802680927814e-01,8.915540468065799029e-01,3.139792951114847019e-01,5.595472765158829853e-01,9.688088899132233367e-01,8.473949268244329591e-01,9.460307503096718751e-01,4.180910033203154574e-01,8.639237006120176199e-01,7.205343124167220559e-01,6.359691424934202919e-01,9.859991306602219341e-01,7.471015182460454263e-01,6.270044231469380502e-01,8.073820767616326499e-01,9.677247550599334946e-01,6.817078352466918734e-01,9.409531904511020395e-01,8.803181167944023056e-01,5.923194905991950865e-01,9.829486747931617252e-01,4.817647674171032790e-01,7.572456925718070719e-01,8.762090744155646149e-01,8.495383946618517701e-01,8.292367976704722032e-01,5.030944032274697886e-01,8.915787791812224139e-01,4.042592221588923729e-01,8.616189528485792559e-01,9.331938768701535381e-01,7.793470683559273748e-01,8.603010827685625417e-01,9.421275113742774154e-01,3.456459652744116040e-01,6.693718188464703456e-01,7.306220839215206153e-01,8.777474247198894242e-01,7.060517584137306901e-01,5.939759221455105376e-01,7.013343158000254762e-01,5.641404962155462943e-01,9.881138679075653908e-01,9.405483705870025801e-01,7.389085714335041910e-01,9.288944591850326615e-01,9.435267319907398864e-01
8.847578108462912372e-01,6.820817845046348582e-01,7.242037706856774282e-01,0.000000000000000000e+00,7.070925800080426482e-01,9.421391225923241297e-01,6.928378451353094380e-01,8.365929238708771365e-01,8.209414372048501329e-01,8.273446452689464659e-01,7.646985539222220796e-01,9.339069815829716958e-01,8.347730301930507135e-01,8.055176707178982598e-01,8.300953109902116100e-01,7.964384652484692850e-01,8.687009520524807682e-01,9.588658019769890073e-01,9.916965752426800673e-01,9.002606092809906091e-01,6.003712869595739798e-01,7.383671068342397836e-01,9.510234848183046763e-01,9.903105861893276574e-01,4.417464425855472943e-01,9.245839560689911307e-01,6.863619971610402937e-01,4.415767258907394854e-01,1.055426803443696021e-01,2.624022435612963222e-01,4.424853491818160900e-01,8.825072681187994261e-01,5.280796918385887162e-01,7.500788223819975231e-01,7.064241969019258161e-01,4.276008278806832097e-01,2.285325649227393785e-01,3.050875849951630858e-01,6.503496215196640229e-01,4.785062741150601373e-01,2.394902102353276274e-01,5.353166402008120439e-01,9.750712949146398412e-01,8.079288342899078046e-01,8.475590761617560753e-01,7.138846700060458295e-01,3.877387606526744857e-01,6.205003689944510459e-01,6.444288560433646396e-01,5.789056717932228313e-01,3.428876775687428324e-01,8.163147730545116110e-01,8.659098716606286050e-01,7.228943416151956125e-01,4.952487712801796893e-01,4.409166596126650739e-01,8.204778055460075770e-01,6.635360622035134659e-01,9.157144424722601928e-01,9.667202210489929393e-02,5.088051711279861777e-01,9.733368622888578514e-01,5.781228764467736259e-01,9.462988817160122856e-01,8.636264703266433029e-01,3.548679137885228929e-01,6.765758575089586557e-01,9.754106335913569348e-01,6.736502288576804442e-01,7.954523527584389520e-01,9.427096555631269137e-01,7.220955392209366108e-01,5.678033338764753024e-01,5.910569875948501473e-01,6.266016682984303365e-01,6.298095984806350023e-01,9.246870717590442990e-01,4.320249534041607498e-01,5.286726918961118793e-01,5.097294631223504568e-01,7.379102754318872526e-01,4.096692587032865762e-01,8.299332453222445505e-01,3.728732436780169968e-01,7.243919911365698239e-01
8.945514201918681740e-01,9.737746572906523790e-01,9.714631702294082016e-01,7.070925800080426482e-01,0.000000000000000000e+00,7.281320428330945171e-01,9.383350585277145939e-01,7.126074961954655951e-01,5.797460134503494844e-01,5.557604111540471736e-01,6.927834650764417290e-01,9.503049293297856082e-01,7.636000199826418200e-01,9.109555886672274783e-01,1.964142506997118010e-01,5.798624067761116718e-01,7.501156802096944354e-01,4.223244958909910807e-01,8.698755068484429476e-01,7.183827083815362835e-01,9.429394495524652253e-01,5.362489493979291089e-01,8.351487564644686223e-01,7.177246549462771297e-01,6.135090220430057528e-02,6.020865110700296396e-01,8.640145116588660024e-01,9.315267147105250611e-01,1.686278692872216212e-01,3.675642510676960795e-01,2.598641098953923256e-01,5.445088413282705986e-01,7.496306386963963453e-01,9.605898259376421944e-01,6.770374329683940262e-01,5.990357727227864082e-01,4.708389402336742302e-01,6.783046118974659366e-01,8.015674554437638433e-01,7.351188598935274321e-01,5.548097218928955687e-01,8.461059835411358643e-01,6.699827698855986835e-01,9.153633064146659004e-01,9.062833094573374826e-01,6.581283840185174761e-01,7.995299090198328962e-01,3.638934804980007987e-01,7.215256510389547184e-01,9.034855599271307547e-01,7.123026767892675082e-01,6.719572762038188429e-01,6.416690054472995453e-01,8.347237096947698332e-01,6.575511946015104581e-01,2.188336795578957328e-01,8.680771380002724191e-01,4.087159273895062395e-01,6.746453310208301302e-01,2.116522421714878144e-01,5.724319171025160635e-01,7.182181462037010578e-01,7.974632284460532183e-01,9.391073430083083373e-01,4.421688236745576206e-01,7.756130592786387723e-01,7.615533476110432076e-01,9.012919024798627943e-01,2.735683098570996230e-01,6.501018522473462902e-01,9.857362460302337981e-01,7.860347258451998442e-01,4.568617504498415083e-01,4.834270270911573686e-01,4.028921666574520333e-01,6.817507288494739637e-01,5.510489504272086947e-01,6.051737417082938553e-01,2.536056192943029197e-01,3.484281155692350168e-02,6.523363625257097009e-01,2.545309333173221278e-01,5.768639191639894914e-01,2.397131336199567198e-01,7.575224119412302670e-01
8.433241724964440911e-01,6.974729134904192884e-01,9.143157701633439771e-01,9.421391225923241297e-01,7.281320428330945171e-01,0.000000000000000000e+00,5.298594710999646740e-01,7.497574501657722212e-01,7.660786763356497442e-01,7.053113891702720295e-01,9.491018882103060550e-01,8.625900751269788280e-01,7.780733525745437973e-01,2.515129452611530869e-01,6.421413065234746753e-01,3.450770005671232044e-01,6.114250069486220074e-01,4.387137538395201042e-01,6.260884802027784080e-01,6.773059904230304129e-01,8.091626322321721076e-01,4.549386387948018418e-01,4.001005257466536125e-01,7.077264579196842487e-01,6.786682487257473806e-01,9.849021413961009941e-01,9.215681850458716795e-01,5.229410306565019928e-01,2.053620404878555850e-01,3.477420544999056951e-01,2.609096102178911636e-01,4.596548885198895040e-01,7.861008131194309190e-01,9.155518984920751890e-01,5.577711637421646218e-01,4.383569309600482966e-01,2.914178794943791395e-01,3.417025419976078560e-01,8.414703131256727753e-01,9.453110685018137893e-01,4.004733148740282078e-01,8.901906734093971707e-01,8.017451855435249186e-01,6.747296606625259319e-01,9.062078416372245648e-01,4.435687452595873381e-01,7.934426908068409334e-01,9.847836189774468174e-01,1.054786693582119156e-01,7.036636057504322972e-01,4.291138597335617533e-01,7.682021231081334056e-01,7.602074987324691779e-01,6.932867636629026498e-01,8.835569937835154875e-01,6.616127802358831023e-01,8.700828808141539694e-01,9.136913117398149931e-01,9.292180095538953299e-01,3.244247409744542288e-01,2.006605417924160750e-01,7.834390371765949102e-01,7.291888566624327161e-01,8.938916298706156560e-01,8.939543003655049391e-01,8.540125928587241066e-01,6.125955296750577039e-01,8.097160554972971935e-01,2.028660808320623399e-01,5.946076778888815806e-01,7.651599505767904263e-01,7.562943090003556579e-01,2.256896680230876251e-01,5.170247604921153206e-01,5.164291167751630107e-01,9.888761049526375579e-01,6.688230738716782753e-01,5.439664274271442945e-01,3.638649053009618273e-01,7.866960833811176279e-01,6.864886231763368540e-01,6.043710165886658769e-01,2.067809304229483724e-01,6.820245595090719537e-02,1.372005815761142278e-01
6.520938049117792623e-01,5.250182347600964583e-01,7.975241046849247395e-01,6.928378451353094380e-01,9.383350585277145939e-01,5.298594710999646740e-01,0.000000000000000000e+00,4.404245216153813702e-01,7.268790134624145693e-01,5.942930451654281354e-01,6.150175529973151978e-01,3.875363357034656842e-01,9.571500078860454286e-01,6.970469213205855441e-01,5.942901675982054099e-01,6.929389679454008855e-01,6.559885396203020136e-01,1.604554195600154942e-01,6.572206519155596727e-01,5.400695699445725584e-01,6.963187359739835269e-01,6.019103042200490972e-01,5.146546409457175564e-01,8.294848651288602159e-01,5.124868453394069157e-01,2.470913494352950657e-01,6.542126423015269809e-01,6.280743679925886447e-01,5.917925441066622660e-01,4.170638411517749722e-01,7.204478225719581630e-01,6.537012827803800885e-01,7.443929750709097348e-01,7.588246857470156703e-01,5.562202171726162714e-01,6.969134800479220848e-01,2.870153064009455801e-01,6.860585849798432889e-01,8.862961473216349750e-01,5.523324562348400635e-01,5.894528941562067192e-01,6.248921985467948970e-01,8.772462059579080318e-01,2.323096235477153937e-01,9.591393996455940263e-01,6.690405332660409599e-01,5.718336848895383406e-01,5.170955684615098358e-01,6.066301736316764837e-01,5.831580623741485780e-01,7.535700409472454453e-01,7.778155743688814905e-01,2.144803840690047980e-01,2.705399695291345608e-01,7.177378536038754309e-01,4.255170365544844735e-01,7.869588330006909160e-01,9.673637153309313508e-01,8.411430372222449270e-01,5.689323905292835715e-01,5.472964656606789102e-01,6.821379059521529564e-01,7.261793107939688019e-01,7.222962732057065516e-01,9.656802648768948449e-01,9.201897146982067621e-01,6.305633290771678334e-01,4.550043422229007040e-01,4.046676823308935078e-01,8.720175974869044389e-01,1.086302915106877598e-01,-2.163873535441929175e-02,2.781972697491660873e-01,2.770343385081659449e-01,2.350167042843663567e-01,1.654909765752658468e-01,4.206553041441954965e-01,7.206290701686189903e-01,3.276750229774750278e-01,6.502902495540734407e-01,4.315621161037829223e-01,9.408552221152524098e-01,3.521658363855827423e-01,7.024832770438615981e-01,4.646818150825179350e-01
6.817598699530613704e-01,4.645987888720983228e-01,9.143409351818320152e-01,8.365929238708771365e-01,7.126074961954655951e-01,7.497574501657722212e-01,4.404245216153813702e-01,0.000000000000000000e+00,2.148653632389311841e-01,5.106411726025690268e-01,7.887141573056468680e-01,9.443784683679858905e-01,8.317980940994482708e-01,6.256367112419332077e-01,5.310110886377439332e-01,4.835977851826377960e-01,6.940490675479653593e-01,8.640738482463959924e-01,8.114090087448606603e-01,7.904371631977664681e-01,9.024389413495749190e-01,6.378637292623642319e-01,9.119514549693458205e-01,9.402017529643007521e-01,7.686875972696225467e-01,7.041198773702166402e-01,7.137068863021015508e-01,5.384479604599575753e-01,4.037679444899662240e-01,7.098293757022755557e-01,6.585534498397328518e-01,6.195188422989651444e-01,-1.119279041291263155e-01,6.986105229607653122e-01,5.059396380591710818e-01,5.131804997629196841e-01,2.109662235320063917e-01,9.627953111733960068e-01,8.642399223140426745e-01,3.830376864046632912e-01,6.986417305107924802e-01,6.022700818122539435e-01,8.178636092750575237e-01,7.313236361800139473e-01,8.310046982862283604e-01,2.759099653115753004e-01,8.819161737826206604e-01,6.075029278754485729e-01,5.354990838268345321e-01,4.194505487695816548e-01,4.958992443401807337e-01,7.500091193461252415e-01,5.804542500550338158e-01,5.166712619540974050e-01,9.426974213481331688e-01,8.954308260773954364e-01,6.343458964771626629e-01,5.100184230019160214e-01,6.596419754897921983e-01,7.389428923673267979e-01,-4.002276934156101529e-02,7.893335120415971851e-01,5.565432174178885916e-01,4.173761607162122522e-01,8.506692331541919616e-01,9.480610055973202055e-01,7.639792264096830765e-01,7.594705739402280997e-01,6.669262724749794868e-01,7.491044235178683230e-01,6.991321749269007180e-01,8.058947204950228649e-01,7.276292713181840011e-01,2.688589159865357181e-01,7.432158024968554821e-01,7.148686478029113722e-01,6.759590567296192010e-01,5.123912433444107739e-01,6.893524827310412162e-01,-1.104271792200726965e-01,9.051200551175869746e-01,6.669718312567830543e-01,8.074696914751167132e-01,2.638424289315156601e-01,6.155000121999194551e-01
7.697454925497341227e-01,5.548869808773677637e-01,7.670363894056786425e-01,8.209414372048501329e-01,5.797460134503494844e-01,7.660786763356497442e-01,7.268790134624145693e-01,2.148653632389311841e-01,0.000000000000000000e+00,4.871977861393362308e-01,7.422735104753710456e-01,2.515570938987062855e-01,6.081935228739937527e-01,8.993955841717304889e-01,2.615057139541162590e-01,5.585476465972796234e-01,8.656553947375424940e-01,6.437124215950915662e-01,3.236764736558438993e-01,8.589180460482429003e-02,8.672430951189510351e-01,9.917996835109555986e-01,6.131948164750782304e-01,6.597164437864277975e-01,2.906484042866692152e-01,2.973661531129482838e-01,4.386184324860587513e-01,9.799101382824562112e-01,7.913432588195955519e-01,5.886217955791532841e-01,4.562471083038562303e-01,6.031442584465376289e-01,8.465680635835215462e-01,7.513072370262408040e-01,1.136851456650371239e-01,6.445965013566619106e-01,6.720116915771152666e-01,7.334102293885567114e-01,6.715475014405312137e-01,8.656271078991101264e-01,9.809449686491614750e-01,4.047942955198200465e-01,9.128582291259581538e-01,6.939912654772366629e-01,7.339376613098973490e-01,4.060501410654072107e-01,6.428692070372887812e-01,7.470925628482555370e-01,6.613053399331684234e-01,6.721555077448623239e-01,2.297209425567993957e-01,4.715424546792463256e-01,8.636278349345205552e-01,4.609202448270223740e-01,3.576274191276702652e-01,7.763054899425135824e-01,7.597474669262883618e-01,5.109211851288154582e-01,6.353856865962843603e-01,3.727352281413294222e-01,4.777890427527949069e-02,5.646413521843461902e-01,9.332887803224771961e-01,8.729575588366504935e-01,9.233106742571972614e-01,7.956326672925924104e-01,3.047205706837530226e-01,8.100977228790523510e-01,5.161076067869873052e-01,4.951194769085063285e-01,2.834095887406483660e-01,9.269438775347916826e-01,5.725568289531514088e-01,4.986985978369027905e-01,4.120960305076363239e-01,9.414353789121006066e-01,2.823489100629367199e-01,7.835868400535226375e-01,5.999538483190123284e-01,1.432970423650657688e-01,7.104781836934189743e-01,1.697937264916129507e-01,8.210934790774355729e-01,7.183104307744125894e-01,6.870035006256348664e-01
8.800728216821281924e-01,7.456021721716994399e-01,8.769988156070493979e-01,8.273446452689464659e-01,5.557604111540471736e-01,7.053113891702720295e-01,5.942930451654281354e-01,5.106411726025690268e-01,4.871977861393362308e-01,0.000000000000000000e+00,6.275268532534185040e-01,5.518888610921675042e-01,8.475329674870680785e-01,9.694956543735360199e-01,5.481075046799195327e-01,5.791736696780778321e-02,4.585489638236272536e-01,3.083831996268905362e-01,6.986443236939348100e-01,7.699016488687072668e-01,9.387605845509507940e-01,9.955500456128085762e-01,8.672043618850613367e-01,7.348161708555156491e-01,7.414929718466156672e-01,6.972946025442714468e-01,7.384178404600616474e-01,6.932334258028142182e-01,5.105650379612739487e-01,-6.224451377565387578e-02,4.769572024277546340e-01,3.896327453000226759e-01,9.190768054576332613e-01,9.756757328366862936e-01,5.803891876408128203e-01,7.721542766297124771e-01,-1.279266690715903376e-01,8.014552960396131853e-01,6.556161253160970315e-01,7.755416096228173739e-01,-1.952990853252054293e-01,7.603375506571898867e-01,9.101978168309368122e-01,9.269313914860345394e-01,2.079183611143559651e-01,3.923677181535852321e-01,8.178159050110546113e-01,1.037258411438229944e-01,7.143267950719800474e-01,8.525592344944330492e-01,7.105442775354428031e-01,8.965683092341190097e-01,4.515886159002189260e-01,3.853153310398923503e-01,9.088071526118417509e-01,7.890334316871330245e-01,9.859269340665902659e-01,8.228667557122305576e-01,9.901701965680489437e-01,2.633845187655552977e-01,2.299274974303460450e-01,5.670773209493894518e-01,6.601457861782118464e-01,9.066195930705769346e-01,6.672926421126591512e-01,6.377714490484508447e-01,9.121496284635839391e-01,9.082315139239253154e-01,9.485638027866694078e-01,5.219227335609565310e-01,9.733530963392955648e-01,7.279659063187218226e-01,6.735402197634167143e-01,5.874877511956430043e-01,5.745174973565261300e-01,8.145990350262488633e-01,3.956297689118078997e-01,9.818150339041469277e-01,3.986456543157342880e-01,4.573004332874515687e-01,2.755614722662725335e-01,6.884595664853491170e-01,6.914500051360651378e-01,9.541128126954698807e-01,6.763095860819247074e-01
9.648520644548590486e-01,9.552791722877544967e-01,9.390010469810978755e-01,7.646985539222220796e-01,6.927834650764417290e-01,9.491018882103060550e-01,6.150175529973151978e-01,7.887141573056468680e-01,7.422735104753710456e-01,6.275268532534185040e-01,0.000000000000000000e+00,9.323773844906354524e-01,8.076861572989417759e-01,9.628254273517791173e-01,3.219520645064344877e-01,9.138502547309330648e-01,5.415491059135754126e-01,6.815479404713178369e-01,7.340902829006437091e-01,7.772308506811921314e-01,7.921551771065228342e-01,6.969172737128176420e-01,6.440677652071442605e-01,8.245965089859769170e-01,6.056486603418844705e-01,2.641217637422916820e-01,4.301303004100147653e-01,6.617134924952892128e-01,6.978372089604024664e-01,6.739949505744274871e-01,6.870134554470876953e-01,3.110141427751969556e-01,7.257664489888736581e-01,7.530847220055760793e-01,7.635950393103999589e-01,4.758070079255911633e-01,2.554828527914566050e-01,8.302337882565680172e-01,9.426102497841972738e-01,8.185709258744988670e-01,5.115255946596107828e-01,4.745008612956786442e-01,8.240547203626079620e-01,6.580720025165773812e-01,8.268602965813095507e-01,5.458906896737963921e-01,9.029518824084635797e-01,9.047656888629475036e-01,3.772052914166162396e-01,8.079765052358990340e-01,2.710345424582649709e-01,6.008912128172040346e-01,6.805712309386098280e-01,4.672793335174790785e-01,8.679112383177365331e-01,9.402977966534865617e-01,7.423112139033194445e-01,6.471219570565815982e-01,3.553432718105439259e-01,4.687465949399320930e-01,7.525090306630752846e-01,6.158495488174580146e-01,8.765021478945315136e-01,7.909656282030934626e-01,2.489135384801119399e-01,5.921443155288332871e-01,4.239935576539220485e-01,4.547778479715668398e-01,5.331746838659479071e-01,3.547767654448559238e-01,4.724358830074503190e-01,9.700302955907360580e-01,6.869531936534994943e-01,1.918234787487590465e-01,7.090996936842207665e-01,8.594018203706715875e-01,7.395681257991872926e-01,9.614087139760709722e-01,2.387523303145996645e-01,4.119672654931855194e-01,1.299221939877280574e-01,8.163262670083381023e-01,7.788633441845322913e-01,3.339476791453938054e-01,7.732095103796757796e-01
6.879843038639531505e-01,7.824989959885531032e-01,6.289581387904139564e-01,9.339069815829716958e-01,9.503049293297856082e-01,8.625900751269788280e-01,3.875363357034656842e-01,9.443784683679858905e-01,2.515570938987062855e-01,5.518888610921675042e-01,9.323773844906354524e-01,0.000000000000000000e+00,4.594273031461801882e-01,8.171783405374634102e-01,6.205383866599853970e-01,-3.021942435335740473e-01,6.632909570006038091e-01,7.894010056398724773e-01,7.330906462651962663e-01,4.608408360558879924e-01,3.397117693196642918e-01,3.473873640312215016e-01,9.178102574685204074e-01,7.888063974823522617e-01,6.943579867553427709e-01,4.170859902718824230e-01,7.724953950504938049e-01,1.348671325612630922e-01,3.151250639944555010e-01,2.817756026124481061e-01,8.041200702903997244e-02,6.165428782140018882e-01,8.541110244458095524e-01,6.812817927948370267e-01,5.277306573207141138e-01,8.541140054834417406e-01,1.735530292147201004e-01,8.658268042477463844e-01,6.829741445221114704e-01,8.701653527354533679e-01,2.437836921487873398e-01,9.332522616803076154e-01,9.492288954045517979e-01,9.404822284794035481e-01,5.535018267148650306e-01,6.074317489900838973e-01,7.548736444934540657e-01,8.452485198994104110e-01,5.459507530210113702e-01,9.339056516276975639e-01,7.270044768410106606e-01,6.341608890266334786e-01,7.883113201986190477e-01,5.866709326795243040e-01,6.494425023484045045e-01,6.234841271192698153e-01,9.430180575464425230e-01,9.973004340473334839e-01,9.879679026117906826e-01,6.212913943127480465e-01,7.318924123387927638e-01,6.154322947791294185e-01,6.801682036802974007e-01,6.799746430815225562e-01,4.570614692115828603e-01,6.413464135685491563e-01,8.541500729762763200e-01,9.451970734769792326e-01,4.036933720922150637e-01,7.343401340342661232e-01,9.765810102131757819e-01,6.226935370461766928e-01,5.496075955420941517e-01,7.049643451890330592e-01,9.730905257454300905e-01,7.260688330521994915e-01,8.176084033192401179e-01,8.634564979820429365e-01,5.440264130951157906e-01,2.720144167406782776e-01,8.639451744151285251e-01,4.121652698374919099e-01,8.627445943820999386e-01,4.877089734988770964e-01,9.545175468331971169e-01
8.549286418880457372e-01,6.182659504103963366e-01,8.242812994150635619e-01,8.347730301930507135e-01,7.636000199826418200e-01,7.780733525745437973e-01,9.571500078860454286e-01,8.317980940994482708e-01,6.081935228739937527e-01,8.475329674870680785e-01,8.076861572989417759e-01,4.594273031461801882e-01,0.000000000000000000e+00,5.298174160482884698e-01,4.651305692517331836e-01,4.434760950007544111e-01,8.144183753626951239e-01,6.297195467559142390e-01,4.056169820065314569e-01,9.457967893091804301e-01,9.438013606841643144e-01,8.489363960139457710e-01,2.961251788427348708e-01,6.912280989775377860e-01,7.460180477068674154e-01,7.833656924987448811e-01,8.100594011427851848e-01,9.684653372526162984e-01,4.240971341790588656e-01,7.703487144214570259e-01,3.795271416065198467e-01,5.191798340308380055e-01,7.950293925587076371e-01,9.969985850237755853e-01,9.315188167975976263e-01,4.080639806433610794e-01,3.889591226341124752e-01,8.765638695970650041e-01,7.841955581544024501e-01,2.518574579606754904e-01,1.519365831185391646e-01,8.401026934463488027e-01,9.843465948269823629e-02,8.355570014643388665e-01,8.902696788542673323e-01,7.463135014650409405e-01,9.133062399844740220e-01,6.711103540852205729e-01,8.730090926400690954e-01,6.239697712177664224e-01,7.057018242235739702e-01,3.951028193361940666e-01,6.941600829193221855e-01,9.505678685744887169e-01,-1.826519641752362699e-01,8.887153656669462276e-02,5.477564471026168391e-01,4.017053881528799830e-01,4.480417127186220871e-01,7.017051446172736240e-01,7.902335811722832615e-01,7.334764023105998509e-01,6.213166978550898056e-01,4.379300337188368752e-01,9.900875275933874731e-01,6.824989469325294378e-01,7.464012066885705732e-01,7.379897079964352624e-01,4.437585859127369803e-01,5.655665419802655691e-01,4.068101721397698323e-01,4.861903741103847931e-01,4.632680488810893005e-01,4.444145937852171380e-01,4.228372267957283825e-01,7.658192228147837621e-01,8.358294284239613514e-01,6.242128648196715313e-01,5.453489031872007509e-01,3.788378513568411154e-01,4.486394086849718188e-01,9.182796275086925197e-01,6.982177227781746209e-01,4.199297745486400002e-01,7.710456118646825674e-01
7.085372224842233502e-01,8.794421671930221507e-01,8.374139298433886935e-01,8.055176707178982598e-01,9.109555886672274783e-01,2.515129452611530869e-01,6.970469213205855441e-01,6.256367112419332077e-01,8.993955841717304889e-01,9.694956543735360199e-01,9.628254273517791173e-01,8.171783405374634102e-01,5.298174160482884698e-01,0.000000000000000000e+00,6.674625866434711341e-01,6.775230006476038458e-01,7.568628921311612023e-01,9.139622619547682625e-01,6.542497757185056217e-01,2.848661981072678762e-01,8.169200933394021868e-01,5.515771096786175054e-01,9.678528266447687933e-01,3.027387576031762562e-01,4.053161022898913446e-01,2.642975250761253614e-01,5.614245946757389083e-01,8.512821589870713801e-01,4.546945628725223426e-02,5.600390746217930316e-01,2.793102691594676057e-01,6.284475402373013164e-01,4.242118668243282653e-01,8.724082093445916231e-01,9.820390970399568431e-01,4.387019305978020478e-01,5.442725119741096407e-01,9.093146542682186695e-01,8.326926400784444571e-01,3.730173888067395693e-01,9.490054533765533706e-02,7.949919434453256439e-01,6.230430277691912933e-01,5.256433997479705855e-01,6.479873094889493368e-01,7.402354635831845941e-01,7.048276536114597146e-01,6.526104545405290169e-01,-6.902895702966405089e-02,-1.332424980867101261e-01,7.212741134100028040e-01,3.891689247672885932e-01,5.342841019151147730e-01,8.438855450544765491e-01,8.214366791631114717e-01,2.160230788282225811e-01,4.330013479245415908e-01,6.962366406146867082e-01,9.514180997319641175e-01,9.882558244801882275e-01,5.336162538218605089e-01,3.395882373936043395e-03,9.394284660095013617e-01,2.615627825098651438e-01,4.935551565973025911e-01,7.277516466298704634e-01,4.507499042163714553e-01,8.938368439661021903e-01,5.485544150590401236e-01,9.884597823216789703e-01,7.486612109258944381e-01,4.081491333247281861e-01,7.875973187930456199e-01,9.816744047552428132e-01,9.016637651440007062e-01,6.456898171333109726e-01,7.089157054475044850e-01,4.654971862562411467e-01,1.592063681457760449e-01,6.100148492835187897e-01,6.763525920661537238e-01,8.274878208693137172e-01,4.465210984816116446e-01,2.142851724689049386e-01,2.701048968285937879e-01
2.985388042469265812e-01,6.800729802724096995e-01,7.392721303431993851e-01,8.300953109902116100e-01,1.964142506997118010e-01,6.421413065234746753e-01,5.942901675982054099e-01,5.310110886377439332e-01,2.615057139541162590e-01,5.481075046799195327e-01,3.219520645064344877e-01,6.205383866599853970e-01,4.651305692517331836e-01,6.674625866434711341e-01,0.000000000000000000e+00,8.045723996755429486e-01,9.478961705665295279e-01,2.492511169840374297e-01,8.228916644642662037e-01,6.705979805696277163e-01,6.612616829861648338e-01,8.097046205408405806e-01,4.816357069736517671e-01,7.267343749962699162e-01,7.240302381992396175e-01,7.598649924038649583e-01,6.029240485550986239e-01,7.698803832275078474e-01,1.268487540424701465e-01,3.913617805698073604e-01,2.396729365996370931e-01,3.540820062544236535e-01,6.441319886170771003e-01,4.625825159428604283e-01,8.826796080830082714e-01,3.448971364618817481e-01,3.945165670368383504e-01,6.022784827487308590e-01,8.075051213229650360e-01,2.406294595422880378e-01,5.064812135602972942e-01,2.304209079714229780e-01,8.897205346665900683e-01,4.624228658901141653e-01,2.069152008753452621e-01,7.418454291655633970e-01,7.582015893764479930e-01,7.579038740829862064e-01,3.526250759245090349e-01,3.667332186821419676e-02,4.951914723319081890e-01,1.037191906864398661e-01,7.122115017252841351e-01,6.980149558356786299e-01,7.661140757938965651e-01,8.272725341856461689e-01,4.579634127275085675e-01,5.628460376776935892e-01,1.302697585479682396e-01,2.919482576785916161e-01,5.932315846552016492e-01,2.313094610038716747e-01,8.376134380578902361e-01,7.426316887222764729e-01,8.699546657316068465e-01,4.353013965781421524e-01,5.110506793355601429e-01,5.392538651210739831e-01,4.294163770050543061e-01,3.308130528081184574e-01,9.741614826358420132e-01,-1.391002919798605686e-01,5.041512890197998864e-01,6.575400309079135752e-01,7.021874399782754850e-01,3.230556264042478420e-01,9.779753482385572516e-01,7.274849763523331125e-01,5.336405952239908768e-01,5.497254468248265191e-02,9.237243334546636486e-01,7.328485369376098735e-01,6.215431324429681048e-01,4.523003935594228642e-01,3.784938074567124611e-01
8.322305712961919344e-01,6.369192621405210808e-01,9.099439863902103465e-01,7.964384652484692850e-01,5.798624067761116718e-01,3.450770005671232044e-01,6.929389679454008855e-01,4.835977851826377960e-01,5.585476465972796234e-01,5.791736696780778321e-02,9.138502547309330648e-01,-3.021942435335740473e-01,4.434760950007544111e-01,6.775230006476038458e-01,8.045723996755429486e-01,0.000000000000000000e+00,7.937357262734482388e-01,6.352293476702226549e-01,8.791859346713127854e-01,5.327331765273053410e-01,2.197181454072334172e-01,7.231521349827977341e-01,9.846009026860825797e-01,9.366631308717623394e-01,7.958877795478134232e-01,4.242106176451976296e-01,9.907363513061518967e-01,9.934514444393881538e-01,4.628662832753462908e-01,6.196791699481132287e-01,5.877043289447214658e-01,4.378059591797412997e-01,9.269939915520145624e-01,8.785530460442443346e-01,7.397522734080783646e-01,4.341742394332189225e-01,2.104993491748457235e-01,6.236585366160708466e-01,8.308327654114250338e-01,6.109465515263839963e-01,6.534626899353130902e-01,1.618627198147354340e-01,6.896874604745252269e-01,8.097343610498813904e-01,5.712381679459661576e-01,4.533588193183010207e-01,9.966299498004400625e-01,2.293234058674923914e-01,7.858256764398638961e-01,3.876511029167292177e-01,7.062697135441408092e-01,4.908274261078809375e-01,9.947465487600080092e-01,8.113537793578073920e-01,8.473335784993183406e-01,8.664926749654675575e-01,6.557097285061945779e-01,8.571698721852885061e-01,8.480391667432737313e-01,6.147350651602017102e-01,7.979766493811495387e-01,7.331789492768363559e-01,8.764996851345189244e-01,6.055408301406235427e-01,8.872233895426799855e-01,8.156182160029438188e-01,4.653896955987316120e-01,9.158374069138714990e-01,5.825666646196334675e-01,6.883574992289304140e-01,6.664890106353278387e-01,8.359547393081672162e-01,4.215151427297829656e-01,3.299438382812261983e-01,4.990995791711127505e-01,7.817432726540697319e-01,8.019928833612817165e-01,9.007092393456302970e-01,4.613991079398953588e-01,2.900188723970048565e-01,8.833735605452631701e-01,2.829900714868547884e-01,7.808239650937434106e-01,6.679432876248443396e-01,8.497752552720818642e-01
9.176821334974986089e-01,5.985722233302083195e-01,6.412900277274615757e-01,8.687009520524807682e-01,7.501156802096944354e-01,6.114250069486220074e-01,6.559885396203020136e-01,6.940490675479653593e-01,8.656553947375424940e-01,4.585489638236272536e-01,5.415491059135754126e-01,6.632909570006038091e-01,8.144183753626951239e-01,7.568628921311612023e-01,9.478961705665295279e-01,7.937357262734482388e-01,0.000000000000000000e+00,3.091052621713641368e-01,6.024198076641791300e-01,9.327619171414645027e-01,9.231771126256453908e-01,8.675183935056689499e-01,9.394688008238232246e-01,9.640322456954032448e-01,5.814873998147827017e-01,8.528646556231449516e-01,9.926674429847397452e-01,6.065910495828042981e-01,6.001494743637095786e-01,7.433900224936776935e-01,2.949306576199333119e-01,5.749932358084520745e-01,8.120941309494412730e-01,7.308580096174062124e-01,8.767076863002631892e-01,1.957481737053235749e-01,4.910031328879980173e-01,6.003116826235914694e-01,9.865291674224246909e-01,8.188723124754552218e-01,7.502837839016380794e-01,9.184760875089802434e-01,8.854897321037781266e-01,8.472057183832050198e-01,-1.668182555055627292e-01,9.978338107370354759e-01,8.721249710400508226e-01,8.120753690699854532e-01,7.701124233482711245e-01,4.944155945245697348e-01,9.601823174370330838e-01,9.502865076197088978e-01,8.391173147864317006e-01,7.134383490413381823e-01,9.345802876651776447e-01,2.344444985183692098e-01,7.841970854625650578e-01,7.740400416470296641e-01,8.535207157451677462e-01,6.640723175852540905e-01,5.510456582687633942e-01,8.875686531181223859e-01,9.039790696049329055e-01,8.308799052723233602e-01,6.350461427270783776e-01,2.477494707207928415e-01,7.759717077637043881e-01,7.601419044853175988e-01,2.862733006311264372e-01,8.368949065288430189e-01,6.812090089280967709e-01,8.364640649917796100e-01,4.623191048838983241e-01,1.970961381024491643e-01,7.219763922616537766e-01,8.503638080122586373e-01,1.519612805851016379e-01,5.179783365432278908e-01,2.686329205926458741e-01,2.045418494350287886e-01,8.986876421647571611e-01,9.465248719047172354e-01,6.009463537296654279e-01,3.620489469767289997e-02,8.240145529516891276e-01
3.406524025548310908e-01,9.008375524205818330e-01,9.613487702686250858e-01,9.588658019769890073e-01,4.223244958909910807e-01,4.387137538395201042e-01,1.604554195600154942e-01,8.640738482463959924e-01,6.437124215950915662e-01,3.083831996268905362e-01,6.815479404713178369e-01,7.894010056398724773e-01,6.297195467559142390e-01,9.139622619547682625e-01,2.492511169840374297e-01,6.352293476702226549e-01,3.091052621713641368e-01,0.000000000000000000e+00,5.992220110963869528e-01,9.440577089671364774e-01,8.465574355508979076e-01,4.908504567848328004e-01,6.239070206782886263e-01,6.246807267996717927e-01,8.455603924805464855e-01,8.272805039576035524e-01,6.974668869997193710e-01,5.269772209764224113e-01,4.269525284101967078e-01,7.757685924669522892e-01,5.726310393936188126e-01,7.259812684460770216e-01,5.897775046252931030e-01,7.347979944461816570e-01,2.065923432434625673e-01,5.593064245355300335e-01,2.912031283581941743e-01,6.993918344750400529e-01,8.795967893610588950e-01,9.945636087714851969e-01,4.739026014972195777e-01,9.560715659371163966e-01,9.871433502260416049e-01,7.480422002304670803e-01,9.775353381260128982e-01,7.368316641598300354e-01,6.292351606858627155e-01,7.974230093409531150e-01,7.022446839244086414e-01,7.759458890881201221e-01,7.870788219772546501e-01,5.247049136998417351e-01,8.836046286501054725e-01,6.949114859107972109e-01,7.842810487688414156e-01,5.481124568286298571e-01,6.913777587078793196e-01,4.782242442777151492e-01,8.563414134055475913e-01,2.987031699682357044e-01,5.252793281781890089e-01,7.150383994448603620e-01,9.844068494135481684e-01,6.841978211922865594e-01,9.044290618824695205e-01,7.615603941897800544e-01,7.863207934807081578e-01,6.410571487851675077e-01,-1.776104773816845894e-01,1.318076588172086283e-01,6.010136052172039278e-01,6.460819603301063418e-01,2.466822012785875873e-01,2.951236597425909713e-01,3.667545252205111073e-01,2.572941669005717191e-01,2.194641666160365712e-01,4.016405021208160342e-01,6.152306929962464421e-01,6.430754813813345239e-01,8.326199584174901469e-01,8.534426178310541289e-01,4.885671632499441475e-01,7.691551909279523702e-01,7.050623631999063390e-01
