0.000000000000000000e+00,3.246124424502215278e-01,9.934170227390480834e-01,9.766436670021652056e-01,9.594063665117535944e-01,6.121179247277211966e-01,7.204374727799461864e-01,2.893442280540012845e-01,9.585352286532605737e-01,8.419937914924024991e-01,9.800513880816709156e-01,9.030199353646992666e-01,5.651986873621063223e-01,5.812076148789943053e-01,4.223940328676979439e-01,6.733286165511954691e-01,7.755213982389433935e-01,6.895600839412655558e-01,8.920868473189901282e-01,6.015044360650285693e-01,4.109135685732744347e-01,9.004667262381206294e-01,8.978246015087648635e-01,7.019309648774074706e-01,6.626478900284271667e-01,4.246626158649037253e-01,8.928736641486966219e-01,6.008777068878055211e-02,6.590365841216004883e-01,7.528522426067747464e-01,-1.936072096364341855e-01,8.469104691294266907e-01,2.911903751392504458e-01,9.559276128659512928e-01,9.404340596177889200e-01,7.154475542035062530e-01,6.876848226329055347e-01,7.824613110356378742e-01,9.533550894841658074e-01,6.395688794861027482e-01,4.427225259857408418e-02,9.823234935791856914e-01,9.350687090908497145e-01,4.482014099931316276e-01,3.051613546100970797e-01,8.451656430495378958e-01,7.970637399786282273e-01,7.052480435974717299e-01,9.862362568565640197e-01,5.015968460489447223e-01,5.341797283606712909e-01,9.953678403466976743e-01,4.972434097211314574e-01,9.954182554020216678e-01,2.078683019028791934e-01,9.176483292081032417e-01,9.789653125102935061e-01,9.111257586979752965e-01,8.116029024010615878e-01,7.715212517418438276e-01,7.536302613312481080e-01,2.673416549291656175e-01,8.401506225799106886e-01,8.225662087064186112e-01,8.384512172719351675e-01,9.273199452490737960e-01,6.246916707690196580e-01,6.464736647711465389e-01,9.460994693379924936e-01,4.155203266855813649e-01,8.991454727711758466e-01,8.769842535473816314e-01,7.771590171165064787e-01,8.417340495679708212e-01,6.570510393146653527e-01,5.033638976052107195e-01,9.037612624739423950e-01,8.472592570850057125e-01,6.043065865314696250e-01,5.521632722042810748e-01,7.602322465705274590e-01,5.290240448232064185e-01,7.663343609080960350e-01,4.168359797254844734e-01,8.745058563486510783e-01
3.246124424502215278e-01,0.000000000000000000e+00,8.176222997474739129e-01,6.565885788906037357e-01,8.861486191819047953e-01,6.651555301583569335e-01,9.189616434588899763e-01,4.267487867645887722e-01,4.543888221466227395e-01,7.868833591581568809e-01,8.460676136298207473e-01,9.926322959793699718e-01,6.845711380125472090e-01,6.825978728106929516e-01,7.622568084167459235e-01,3.257880052374766411e-01,9.785911183792435075e-01,4.727828409589870939e-01,7.990442563659689856e-01,8.283928424800242052e-01,8.192861739255761222e-01,9.078582284257018520e-01,5.218901089685101802e-01,8.913801428739146493e-01,5.489692152152640947e-01,8.000194966115626860e-01,7.209324624321835628e-01,4.005326212548644405e-01,5.458426915256605616e-01,5.292682133078686624e-01,4.603497942332852588e-01,7.801030131220760833e-01,4.901126033761987744e-01,9.394569726938870602e-01,4.574612976504473516e-01,3.156647350022294685e-01,4.468108404518191246e-01,7.637993984369331191e-01,3.539368383551215747e-01,6.883683949702842364e-01,3.894796170734072804e-01,9.238574612178453993e-01,7.700914641239987590e-01,6.964167222941108903e-01,8.283047738923349224e-01,7.678323365138307599e-01,8.953561324918755115e-01,9.015574406470288071e-01,6.290355239690768041e-01,9.728552431929951005e-01,7.574013370379293342e-01,9.484322767744988170e-01,7.667135842371680665e-01,9.096124128790765706e-01,8.052124642836029356e-01,7.954590736542390683e-01,4.705278301020209275e-01,3.475221921915904177e-01,7.127531538267121158e-01,5.777421481026239203e-01,6.678195977148334572e-01,6.014554420881595975e-01,8.720756203456190292e-01,9.578302871664199358e-01,9.842771190114568691e-01,6.275539063338859691e-01,8.517935989446617784e-01,9.709001879374803412e-01,9.238673691951843070e-02,7.098557425581487612e-01,7.308980638245951011e-01,7.166938151676307545e-01,4.791153365203247305e-01,2.122077210791785407e-01,2.273351874265756301e-01,7.867709092571103513e-01,7.240890520827393262e-01,6.504334261824855634e-01,8.526783931051215015e-01,-1.388292707021391015e-01,8.911778755078085812e-01,9.525470713911743381e-01,7.700460950723677644e-01,1.731413101402741739e-01,7.987011395523125890e-01
9.934170227390480834e-01,8.176222997474739129e-01,0.000000000000000000e+00,4.620360754965616712e-01,5.762365280528467526e-01,9.092687629807328920e-01,7.411434915823352787e-01,8.938582602148327227e-01,2.991224407525900353e-01,8.610477404812596491e-01,9.925600722273187904e-01,8.120785501503524628e-01,8.830539597720831191e-01,8.300816136747179996e-01,8.466858480125352138e-01,7.495406845591564560e-01,8.980402903608463161e-01,8.523001407380623728e-01,7.471752759072770589e-01,9.195534185327253196e-01,2.939413543367510595e-01,1.022441436292428618e-01,6.384219144603553442e-01,7.316132109207442724e-01,5.403356781847139523e-01,9.295981148122749449e-01,9.828037378175591421e-01,8.427169026255452167e-01,7.017477022950955323e-01,7.090766994324176897e-01,4.193264141063424155e-02,8.651292291060628248e-01,9.181642062625146039e-01,6.206711461192289114e-01,9.919999723395250824e-01,7.558531842360978192e-01,5.324152546081130088e-01,9.514005585180638214e-01,8.595713274302037021e-01,8.840723565198606027e-01,5.298249178887074473e-01,9.804008967126121021e-01,8.984675024060598814e-01,6.208169869190941492e-01,9.514200453120070788e-01,9.892688124316411091e-01,6.137621988849651933e-01,8.587404492333369221e-01,4.078175668017165467e-01,9.141185599936355599e-01,2.052944953493054669e-01,8.795703675053233583e-01,3.764775780382170756e-02,9.487300591203152722e-01,2.114459654390817289e-01,9.189836770278163591e-01,6.580836695609135756e-01,6.002050227027556639e-01,6.577549378653190226e-01,7.111732449939081047e-01,7.105812642762258102e-01,5.995120671784445188e-01,7.193980123699048601e-01,3.405709972202446423e-01,7.159715614446168219e-01,7.997543670184087405e-01,6.814982846411206108e-01,6.184984060827097840e-01,4.518364754039084219e-01,7.368078701448478318e-01,9.649071685659094122e-01,6.846806898988264667e-01,5.493367958560586573e-01,3.820333550903300956e-01,2.680325552633822106e-01,5.511565685398681635e-01,9.606794653102685988e-01,8.514626934413956905e-01,2.211624820067100150e-01,5.333329188944753163e-01,7.308190553608030493e-01,9.680895382606576893e-01,8.847684588578363929e-01,9.817986392656340433e-01,8.033560497705570791e-01
9.766436670021652056e-01,6.565885788906037357e-01,4.620360754965616712e-01,0.000000000000000000e+00,6.840708203344320060e-01,8.071131345525101031e-01,6.409631871447505347e-01,5.883791993161496814e-01,6.776897713886502750e-01,8.256217304322590600e-01,4.230229120325380565e-01,5.978787957018502075e-01,4.905132447897302961e-01,6.355863501224240375e-01,9.005941606938900890e-01,8.969487403976065254e-01,7.517316232495176997e-01,8.181390286039958992e-01,9.459211404473713003e-01,4.066337924555997185e-01,7.978573353141866775e-01,6.889650587664132297e-01,7.664998181898483587e-01,8.537904137868487231e-01,4.428667440493486152e-01,9.473591987218255017e-01,4.924965232361855350e-01,6.645353876731128207e-01,1.993698449262207850e-01,9.719027721971913447e-01,4.315220412279963669e-01,3.273241128227438734e-01,6.372054015442638608e-01,1.022685613630296697e-01,8.325226339990206004e-01,2.791666949054906199e-01,9.531204301122114808e-02,4.139398230396215128e-01,8.996719038322458228e-01,8.502352812095881340e-01,2.946399365051614039e-01,4.952748095842552378e-01,8.254607711124287706e-01,9.928297746784968680e-01,2.037665732163820020e-01,6.406327677970701240e-01,8.170293664036514247e-01,9.402474700866222390e-01,7.043290567802900082e-01,2.221555314875577058e-01,7.276480864396257520e-01,8.477877395056561127e-01,7.557679396140931649e-01,7.366554733554507850e-01,7.542213088964220269e-01,5.403980976107948253e-01,9.512374566616286220e-01,9.003908610601699669e-01,7.718344668182514079e-01,7.082118835270425627e-01,6.010428529835387668e-01,6.986744197011761637e-01,7.241656013423850569e-01,9.755984897986511584e-01,6.724986096713113648e-01,8.726400504423388327e-01,5.123077556247197517e-01,7.133133959564886828e-01,8.176940705430076894e-01,6.275141166278878080e-01,5.270249312337844660e-01,9.149022583980487289e-01,2.341465837394025584e-01,5.297021052045688405e-01,3.100043505714175085e-01,7.349944232141383260e-01,8.478641899059656817e-01,5.998447130206479017e-01,3.034480402888135586e-01,2.160659949226689525e-01,7.003848429810145548e-01,9.889400740612915852e-01,3.576996435545216624e-01,9.787741171150783348e-01,8.649166528212001159e-01
9.594063665117535944e-01,8.861486191819047953e-01,5.762365280528467526e-01,6.840708203344320060e-01,0.000000000000000000e+00,5.162064536981657570e-01,7.815917851527460769e-01,4.695743674243645360e-01,7.026975128955275096e-01,8.824563576910930962e-01,7.861641043656575345e-01,6.948403218970462536e-01,6.864933429360450257e-01,4.724650225556099592e-01,7.717500420060646737e-01,7.026145920622011154e-01,9.242379853808317947e-01,9.732299710586236330e-01,8.041401313906898496e-01,9.181367303805886282e-01,7.620067249858393232e-01,4.279706441335552336e-01,6.067600987769701248e-01,9.615809769222999348e-01,6.926771851906760036e-01,4.390875925952163472e-01,9.644946066295493337e-01,8.689132999778224065e-01,4.099865840530340089e-01,6.187617811157398728e-01,2.694895905402236447e-01,4.686700864932652477e-01,8.179875511744354455e-01,7.223402653589529043e-01,3.263171282040835952e-01,5.421963025044038709e-01,3.010790218194261958e-01,8.651219660164932712e-01,6.156801150021080637e-01,3.311821410995002823e-01,6.155574835310869686e-01,2.064636322864506213e-01,9.710512413258837183e-01,6.145938675242285099e-01,8.885920937947735521e-01,8.077302090385373168e-01,7.573060711495898101e-01,7.295012755831074003e-01,6.303872759301748507e-01,7.120003282929457944e-01,8.085001276654881774e-01,9.096137816827082334e-01,9.405324621050850098e-01,7.988795298449424820e-01,9.468145760682284973e-01,2.957668280129531202e-01,6.911001637334136527e-01,7.170754034247229791e-01,9.572774362767861867e-01,7.622741136198561973e-01,2.643377987853635092e-01,9.560147100566984690e-01,8.111599306099399609e-01,6.651537474787827531e-01,8.622823575057713130e-01,7.111899923821807246e-01,1.368161442584101828e-01,9.787963961611861885e-01,4.177999953326898552e-01,3.763734925306738699e-01,9.451867731181096133e-01,7.163644835337290573e-01,5.667663592815235241e-01,9.893688693915315274e-03,7.582655830224940274e-01,8.019505842012110142e-01,6.912120424017320630e-01,2.059275313163491106e-01,4.939132860321762131e-01,7.397832361108457044e-02,7.855976776225424008e-01,8.224650017876711239e-01,7.114385332192306732e-01,9.512232331791416196e-03,6.495606316188380358e-01
6.121179247277211966e-01,6.651555301583569335e-01,9.092687629807328920e-01,8.071131345525101031e-01,5.162064536981657570e-01,0.000000000000000000e+00,9.612280765520888615e-01,3.155895300647118540e-01,5.641151480481851888e-01,6.931085740774377557e-01,7.741424130499386935e-01,7.907839775352477618e-01,7.089270891133518937e-01,9.833263905683448103e-01,7.498424290376056733e-01,7.172380818436194794e-01,8.549590737737948754e-01,3.495161326016998915e-01,8.007484501265175192e-01,9.605773710075932170e-01,8.418823981815852786e-01,-1.374230454251522682e-01,8.484678448927445160e-01,5.736206924267640561e-01,9.303945479419560849e-01,5.046622049815024935e-01,7.277483230072017140e-01,9.081993108164435613e-01,3.761008316700455989e-01,3.272962109350885385e-01,4.313959863030931707e-01,5.159261343751136986e-01,1.477686505254862115e-01,6.248058395566348233e-01,5.048735144227571858e-01,6.924928176245389588e-01,4.204205709567055416e-01,7.513214883645582542e-01,8.549007464797777622e-01,5.537254081927749372e-01,5.799426078642579974e-01,6.432143442169796499e-01,7.613463960826575283e-01,9.005985952557956642e-01,9.843714649020518515e-01,3.746064104105738535e-01,7.263035868358612701e-01,8.190826607389457559e-01,7.653315617421790895e-01,4.725425624295427895e-01,7.113494267600903864e-01,8.338034156728627577e-01,7.102990923553264002e-01,9.597801521878428499e-01,9.028944877673011904e-01,2.693998103916631637e-01,4.705423654910613762e-01,7.112607358450500072e-01,9.055578175187650736e-01,4.758307838677306445e-01,5.052623879232593929e-01,6.426027342885874960e-01,6.073424687116845133e-01,9.743365436020767767e-01,9.555384383950996652e-01,8.261767446612376942e-01,9.924763729501753229e-01,8.858810578637540400e-01,8.173934937817625146e-01,7.087490357695543919e-01,6.749621685791997727e-01,8.592955154742031310e-01,5.308493537971350484e-01,1.717545873102783172e-01,4.161802175961684669e-01,8.831429772553912594e-01,8.151427963427646528e-01,7.818471483997266880e-01,6.215853645071811595e-02,2.335118918664872700e-01,7.452374615105782363e-01,8.322896147519652787e-01,9.302988774851710385e-01,6.213556454735617018e-01,6.621235567702163927e-01
7.204374727799461864e-01,9.189616434588899763e-01,7.411434915823352787e-01,6.409631871447505347e-01,7.815917851527460769e-01,9.612280765520888615e-01,0.000000000000000000e+00,1.061513720321394100e-01,8.151889173482184114e-01,1.239172759403253145e-02,1.154854700723776662e-01,2.403836647829750151e-01,4.267928213358150313e-01,6.959914210199995566e-01,5.408325115754443191e-01,5.153471012713269905e-01,8.349206222689788959e-01,9.616681628210884680e-01,2.408789620882256788e-02,8.535291878754343031e-01,6.212933671295626237e-01,7.254621829659040344e-01,4.532281275790484565e-01,9.105861118345959238e-01,6.287309436053136746e-01,5.646440273456864167e-01,4.419883383830239265e-01,4.202419767343976154e-01,7.064802226764724802e-01,4.510087781520425998e-01,3.721323291094374430e-01,5.267200115925589898e-01,5.760323163126945811e-01,7.558230610472769229e-01,4.314160233702745151e-01,2.714425253216425915e-01,7.165980388020836145e-01,5.918358158944699854e-01,7.447181191816514279e-01,7.162694916637850628e-01,5.037581232761222383e-01,6.922205010261232028e-01,6.968015502464927069e-01,6.532797134389829452e-01,9.562475474541063392e-01,7.044215839917554733e-01,6.327635200536777527e-01,8.453854209635465189e-01,7.558740782156018190e-01,6.034391471033936361e-01,3.195279186575115116e-01,4.277442047377463807e-01,5.653887663222243454e-01,5.995313961643666811e-01,8.430281637215955026e-01,8.459819263055650129e-01,4.322591267875667276e-01,6.439594791217918557e-01,6.429501784559186195e-01,4.252601644678934423e-01,4.435559270144586730e-01,6.499524956942397402e-01,9.535327755164446639e-01,4.784830258781029855e-01,9.087182040713405184e-01,7.114318978809655025e-01,9.823697825588250110e-01,8.262026368503845308e-01,6.902897904989843125e-01,7.050523679783225750e-02,7.567074807829017313e-01,9.275210052590096010e-01,7.838783417303381018e-01,6.611146676004260314e-01,7.590383310505350867e-01,2.322681780615101776e-01,5.478260813678715868e-01,3.313962805536209144e-01,4.498243269347751983e-01,5.922078645057211599e-01,7.918497365715820857e-01,9.164859397678011277e-01,2.315187846185512432e-01,5.170927609700194383e-01,4.159225639061902569e-01
2.893442280540012845e-01,4.267487867645887722e-01,8.938582602148327227e-01,5.883791993161496814e-01,4.695743674243645360e-01,3.155895300647118540e-01,1.061513720321394100e-01,0.000000000000000000e+00,7.777156018733493159e-01,4.497423628634356074e-01,6.153881377754606419e-01,7.028292900106670738e-01,8.169755525464914570e-01,7.412163472942643327e-01,5.964870245716367148e-01,9.972357574361595534e-01,4.059621995088105173e-01,3.205261552200439623e-01,3.242201163513480089e-01,4.930948973515643652e-01,9.276424342758652353e-01,7.400658521001617363e-01,7.321431148919278487e-01,9.007847983162643457e-01,6.333133055560986602e-01,7.355869707819854275e-01,8.020757420106410240e-01,4.343867771179214521e-01,6.475441672338781984e-01,4.672530017741653441e-01,4.951844627780325747e-01,8.453111058214288764e-01,8.289983892569363633e-02,7.558621470755912952e-01,5.727310367762376009e-01,6.135956731255803182e-02,5.647475383862845533e-01,8.842232912743157591e-01,8.405256164485449544e-01,2.856291439340630789e-01,2.010822974584470235e-01,9.825942637057021312e-01,8.367004682051994990e-01,8.577742379632053993e-01,9.487505348409646100e-01,5.928735088936739617e-01,7.864544666323576294e-01,6.558397916193733357e-01,9.895593862928165896e-01,4.943222631337369499e-01,7.070405129462837834e-01,2.142159639356753242e-01,7.055641045601680483e-01,7.844509311344279867e-01,8.171777065824097352e-01,6.219916603249164844e-01,5.758280731104181704e-01,7.150571497016376954e-01,9.779652181242683984e-01,5.952754960505013404e-01,4.237303734837786218e-01,7.807054071475670876e-01,5.229630966031612038e-01,9.944761021069261631e-01,7.507271538242386022e-01,7.142524927112593458e-01,4.824635313164641892e-01,8.383456153085298013e-01,2.474440112476548187e-02,6.822221490347446515e-01,6.204073678657991975e-01,7.978833174207409229e-01,5.157522167521034762e-01,4.417414903865148346e-01,7.238106406966952067e-01,3.883260105188398592e-01,7.061508990948424103e-01,7.345019875540831356e-01,2.489449165467580161e-01,5.263943391522394460e-02,4.204616714494298080e-01,-1.885844922634203891e-01,3.997368713467531753e-01,6.180932641790971571e-01,5.560915175352830753e-01
9.585352286532605737e-01,4.543888221466227395e-01,2.991224407525900353e-01,6.776897713886502750e-01,7.026975128955275096e-01,5.641151480481851888e-01,8.151889173482184114e-01,7.777156018733493159e-01,0.000000000000000000e+00,7.579202870520297397e-01,5.265092603007213157e-01,6.251369801933889248e-01,7.238997240195659266e-01,3.574181538335513553e-01,6.974068001712645515e-01,8.358152551305465527e-01,6.684383535418911837e-01,9.119243544451427486e-01,5.773604724307286329e-01,5.565360996448015518e-01,9.596756348280064408e-01,6.064061555952594551e-01,4.709443659811877736e-01,8.445630932349041942e-01,7.806925051011558425e-01,8.063391020076124960e-01,8.598929004721261871e-01,6.779198357767400873e-01,8.932776622253844057e-01,5.279916921047314027e-01,4.089073201750539344e-01,7.149781268493556885e-01,5.217557511276362803e-01,7.560968063430890673e-01,5.162844201351870499e-01,8.978604028432571882e-01,3.385388633957633342e-01,8.514319139546401294e-01,9.137195370445843068e-01,6.005410390494430040e-01,3.553435460226773701e-01,3.524135000834478504e-01,4.212694942954560151e-01,6.745505106904495785e-01,9.249246392981423925e-01,6.113395936116403639e-01,7.040007811160106099e-01,9.615465415614123934e-01,4.185248249147632271e-01,9.449702042961042325e-01,5.180131705458698166e-01,8.326744943353002748e-01,9.744056273716610317e-01,5.463661405185380460e-01,6.171558218122072947e-01,8.947250175536682892e-01,9.886057627957840488e-01,7.406321282004878492e-01,9.499414359894168269e-01,5.702676081532492836e-01,6.759740795609661124e-01,8.791640093893746677e-01,7.787724920453507060e-01,7.056617447626484241e-01,6.712283174589006585e-01,5.222234701087534736e-01,9.317009421523501089e-01,8.866670685967907861e-01,6.374436479402434408e-01,7.026878108655838506e-01,8.973917077127103736e-01,7.642040437821547849e-01,-2.403479877390924668e-01,7.968198183729550133e-01,5.110981788203667886e-01,6.191622119816746483e-01,7.080005479389855916e-01,7.879827572250164280e-01,2.845020795588898421e-01,4.571919340192298065e-01,6.832507480206196915e-01,4.110388704228177259e-01,7.407328406337697624e-01,6.051887126206144663e-01,9.142849462083140200e-01
8.419937914924024991e-01,7.868833591581568809e-01,8.610477404812596491e-01,8.256217304322590600e-01,8.824563576910930962e-01,6.931085740774377557e-01,1.239172759403253145e-02,4.497423628634356074e-01,7.579202870520297397e-01,0.000000000000000000e+00,8.779512011479849720e-01,7.640253074182805637e-01,6.767475369977414834e-01,8.921262694817952976e-01,6.308459174738971775e-01,5.209201868267463453e-01,8.485348920272512974e-01,3.454245643914631292e-01,6.576458975940370211e-01,1.906919882156108553e-02,8.969607909657096867e-01,8.950970656054634267e-01,3.465992604941651734e-01,5.955829966860027858e-01,4.752125832372965930e-01,8.025464933871976347e-01,7.584926380144649816e-01,2.077357488507921568e-01,1.831522102612486227e-02,7.599107550390912236e-01,2.577732551457058152e-01,4.154098982162198750e-01,8.579294056149352476e-01,8.087723901095801304e-01,1.415082045387097143e-01,5.159245269410693835e-01,3.005069715652475826e-01,7.885575658642561825e-01,7.366416036721945559e-01,8.528160551638593878e-01,4.141584607793728501e-01,9.477653742593702413e-01,7.505533552597981606e-01,7.224652461044931417e-01,3.069402309011292074e-01,6.597446796853194684e-01,8.740397991440129744e-01,2.187429590432360127e-01,6.809663477082507077e-01,5.197077836216376090e-01,7.844485688425358871e-01,7.181857500188232324e-01,7.440595777288957491e-01,7.902045097925827211e-01,7.044515072871618822e-01,5.604745666849615393e-01,6.004398463214078996e-01,6.823276729341000157e-01,9.628423027587813543e-01,6.509074981677951399e-01,6.517306821216514168e-01,6.112746759660871998e-01,7.064551265045936335e-01,6.552569677603775622e-01,9.156576838460201984e-01,8.630142158560063503e-01,4.866301648647816114e-01,6.416734327391233617e-01,6.321282284069074803e-03,3.611439890910944639e-01,6.540917841327795745e-01,6.458627326640049571e-01,7.762904503542770174e-01,2.795995069550858969e-01,5.407596642610108806e-02,6.521736025232152123e-01,5.745656546892397021e-01,8.067390670736923619e-01,3.184655836253269534e-01,4.594522653010043589e-01,5.301025139253557894e-01,4.897085128253156339e-01,2.791790379395563959e-01,7.995918480607696610e-01,7.475994678020897455e-01
9.800513880816709156e-01,8.460676136298207473e-01,9.925600722273187904e-01,4.230229120325380565e-01,7.861641043656575345e-01,7.741424130499386935e-01,1.154854700723776662e-01,6.153881377754606419e-01,5.265092603007213157e-01,8.779512011479849720e-01,0.000000000000000000e+00,6.056771002526917247e-01,6.645345675896698889e-01,6.451399562768456164e-01,5.069531043691529737e-01,7.794023274518836475e-01,5.797936539025857483e-01,8.736202496920677518e-01,8.692871640690118529e-01,7.514682187862505858e-01,9.719248739838585172e-01,4.836340642496035347e-01,5.141284605576750266e-01,7.143583721011745880e-01,6.178573573922538920e-01,5.796355724401032194e-01,9.755110745637319836e-01,6.699236080667814175e-01,8.147894242483891825e-01,1.120001226755031748e-01,2.446197205297551691e-01,6.003940300241309425e-01,8.742176926802646131e-01,7.377678225376613774e-01,7.802386532546903286e-01,4.330874638060021042e-01,9.556560047740065844e-01,7.867935234909448905e-01,4.752012843591644775e-01,5.402012872849204506e-01,6.409540442751667788e-01,5.055312146147246111e-01,9.472213296670584093e-01,6.570050941695126934e-01,9.720939683658923469e-01,8.148101094406209333e-01,3.263223270479452265e-01,6.418295096568180647e-01,8.836565578197764781e-01,7.346349430950149806e-01,9.460332809348390715e-01,9.837502875496667576e-01,8.382759647955402293e-01,6.510313636903776180e-01,6.948132635560994030e-01,9.447612415373256578e-01,5.491220594941724764e-01,8.931294404915115503e-01,5.420492114255019978e-01,7.259288409953812415e-01,4.833945580784568818e-01,4.965030068076105030e-01,9.346688842784538487e-01,5.362748846243359235e-01,9.871299502663638537e-01,6.377461941977932147e-01,9.107166469668862563e-01,8.734961127045033358e-01,9.953563411966157570e-01,3.561663181623601071e-01,6.430094061438452746e-01,6.599498695886810706e-01,5.553524728242927866e-01,6.490827733765189844e-01,6.981431060477784056e-01,7.527722416829040197e-01,2.244790290335583749e-01,7.102644061240102058e-01,9.523065597692448314e-02,2.086717170379146780e-01,7.289165051816325347e-01,8.370347698013138604e-01,8.138849565822952048e-01,3.298431708399980622e-02,9.126467609830529737e-01
9.030199353646992666e-01,9.926322959793699718e-01,8.120785501503524628e-01,5.978787957018502075e-01,6.948403218970462536e-01,7.907839775352477618e-01,2.403836647829750151e-01,7.028292900106670738e-01,6.251369801933889248e-01,7.640253074182805637e-01,6.056771002526917247e-01,0.000000000000000000e+00,6.093199111537971335e-01,6.751223865681231784e-01,4.721934739336499653e-01,9.771755323949624650e-01,6.707918980315512592e-01,4.439999566632741312e-01,7.589927436990399068e-01,6.552358707851335673e-01,8.695935803932931529e-01,4.176502346385413400e-01,8.991932802572193406e-01,9.504789834398510440e-01,4.446428637039432918e-01,7.701673485137215946e-01,2.460491878462858495e-01,7.739096694820127853e-01,7.011926601839804096e-01,7.990158164910643457e-01,5.269841571871650143e-02,5.433169892110389920e-01,7.389417829377211699e-01,4.777024858915417393e-01,5.183495742123412908e-01,5.925672446922369829e-01,5.312377572861735064e-01,9.267356169416014477e-01,6.915524760630125112e-01,7.567667779573461484e-01,7.324840642917340716e-01,9.581836464566420020e-01,8.968931082285233058e-01,5.613798954893374216e-01,7.955013483248165596e-01,2.019479723322230649e-02,3.976379820956446043e-01,9.481197667090215386e-01,7.968787726232205992e-01,9.535086576041835738e-01,4.583897227343758929e-01,9.463410889193633047e-01,6.853409105813184077e-01,4.396599776118149672e-01,8.338372742679572847e-01,4.126980557862857668e-01,2.899356234558739809e-01,6.839483981981100413e-01,8.981972293076041503e-01,2.526464995192518881e-01,1.181174963678704448e-01,1.478555615876482043e-01,4.078546876358522116e-02,7.596186905546422619e-01,8.522715012655346367e-01,5.826387317049110948e-01,9.256531916164438822e-01,9.872855416832626574e-01,4.053352549522493131e-01,9.316052751257564157e-01,8.713878354517867741e-01,7.086528710782195040e-01,8.271150835449619931e-01,6.949311265017511507e-01,5.730794907199328048e-01,5.386258799285802423e-01,2.006960366390210804e-01,7.426441469017290853e-01,3.972529785830404281e-01,6.359056821431056106e-01,5.825479294933592067e-01,9.747255183500724840e-01,6.023265695903807782e-01,6.926928787043826752e-01,6.422229303523606658e-01
5.651986873621063223e-01,6.845711380125472090e-01,8.830539597720831191e-01,4.905132447897302961e-01,6.864933429360450257e-01,7.089270891133518937e-01,4.267928213358150313e-01,8.169755525464914570e-01,7.238997240195659266e-01,6.767475369977414834e-01,6.645345675896698889e-01,6.093199111537971335e-01,0.000000000000000000e+00,6.441361779582190916e-01,6.832733240352448778e-01,6.953933542723855776e-01,5.201473905830265032e-01,8.098543510173643600e-01,8.575493616214721060e-01,7.265714342421648597e-01,6.193753529213485987e-01,6.367293987175483005e-01,7.228887197390359010e-01,9.478881474944388374e-01,6.295970121919779450e-01,6.168151131030941148e-01,8.608908026857107210e-01,9.826086534692575203e-01,5.938214717128806885e-01,5.218103170389658541e-01,4.477900513814962458e-01,5.769725799099527652e-01,5.131639173363508055e-01,5.094933288973846341e-01,6.762505240034524245e-01,7.119279448177324721e-01,3.088184541699668939e-01,7.285279721613899806e-01,9.322084661632632496e-01,9.835752401790897048e-01,6.844556311027529816e-01,8.926846316106816781e-01,9.115837870193191916e-01,5.561788344990339361e-01,5.393173166552959197e-01,9.749375941114123423e-01,5.886565668285314024e-01,9.152754076052251886e-01,7.325190402167633952e-01,8.116053304765834253e-02,8.400186300662728645e-01,8.817830391981892335e-01,6.764323370034911465e-01,9.444734890759287627e-01,9.195785805332562513e-01,8.434060809090175859e-01,4.083845676324803220e-01,9.598734272827366132e-01,4.492571899484336106e-01,2.747840949195656246e-01,-3.351098500347763354e-01,9.212998092556041740e-01,7.126327780354454466e-01,7.906434596786178215e-01,6.030647346679800513e-01,7.652575853351828439e-01,8.826156866425197700e-01,9.699112202315935960e-01,3.982232113720218618e-03,4.319256832853030081e-01,6.802018954122284189e-01,3.120837306968504699e-01,4.033615357858305606e-01,5.878504671497013501e-01,5.529074377996496814e-01,6.361943007832111530e-01,7.185606247959356319e-01,7.048062086463888765e-01,4.866980907575651494e-01,8.850378213200325028e-01,2.099794644193069271e-01,8.480927067538154285e-01,9.232269235532697405e-01,5.748473233518691661e-01,9.116378124085653400e-01
5.812076148789943053e-01,6.825978728106929516e-01,8.300816136747179996e-01,6.355863501224240375e-01,4.724650225556099592e-01,9.833263905683448103e-01,6.959914210199995566e-01,7.412163472942643327e-01,3.574181538335513553e-01,8.921262694817952976e-01,6.451399562768456164e-01,6.751223865681231784e-01,6.441361779582190916e-01,0.000000000000000000e+00,9.630731948518120866e-01,1.711497342542054323e-01,9.140829434513447760e-01,6.117746902174523438e-01,7.639148474844716930e-01,6.183028098636771386e-01,9.206603286873913383e-01,9.732559260826073588e-01,7.531008845035527255e-01,7.091161871797555527e-01,5.290679669319776623e-01,8.044088557199962075e-01,5.179436960878578411e-01,6.256631018802082389e-01,6.214882580828006153e-01,2.947239863602714172e-01,6.695792386372553251e-01,2.637467294427912612e-01,5.335102464095795582e-01,7.504600643331825749e-01,7.418235490575041391e-01,2.352091212878591742e-01,3.910292726641635408e-01,7.476214447758683379e-01,9.600501660800113690e-01,9.094969509450845369e-01,3.567235670730127817e-01,8.724567351074450361e-01,8.202002187951276113e-01,2.653049323150505900e-01,9.067428652610172168e-01,8.533605258397074511e-01,8.096863991220382140e-01,4.052122173846152697e-01,4.179124085914818765e-01,6.051841821944697886e-01,4.544166298458322539e-01,7.732299583186268421e-01,5.968660638690448383e-01,8.571359948936279061e-01,6.529972682793844241e-01,5.874088235002679070e-01,4.680990577628660332e-01,4.453906579699588031e-01,7.495754959446714327e-01,1.857190010014671822e-01,1.405722521033324346e-01,9.412925622462309239e-01,9.292748011735671998e-01,9.585595932255868146e-01,9.984032751972345965e-01,4.617306594276665010e-01,9.608783661734762171e-01,8.892700824952691763e-01,7.205000197519207950e-01,3.679146241477490031e-01,9.606536274073544934e-01,6.656090765253094288e-01,4.618859392898733152e-01,5.343024972519039295e-01,8.243530184565132091e-01,8.200997323810435002e-01,8.810338694707531282e-01,1.218136422080329101e-01,6.735220612443453270e-01,6.592966729382351287e-01,2.671894335555984323e-01,2.597613435581210828e-01,8.961490087148636929e-01,3.548129603815906030e-01,7.812642345997256044e-01
4.223940328676979439e-01,7.622568084167459235e-01,8.466858480125352138e-01,9.005941606938900890e-01,7.717500420060646737e-01,7.498424290376056733e-01,5.408325115754443191e-01,5.964870245716367148e-01,6.974068001712645515e-01,6.308459174738971775e-01,5.069531043691529737e-01,4.721934739336499653e-01,6.832733240352448778e-01,9.630731948518120866e-01,0.000000000000000000e+00,6.408500526374500961e-01,5.804411853611693983e-01,3.049602749929853918e-01,8.827163123828071223e-01,8.240771954670204069e-01,9.920374035794247147e-01,6.924436282424878408e-01,6.715094513771998619e-01,8.296370261890592124e-01,7.616024664029298341e-01,6.436981138356663301e-01,8.890870569525070044e-01,6.146798759266326462e-01,4.038564292466003680e-01,2.451129536195744418e-01,6.341380891405639098e-01,5.912406075357867774e-01,6.757005058424924160e-01,8.477140880550811941e-01,9.303288699673420981e-01,3.699943109801484553e-01,3.124788859260734242e-01,5.344274759884715120e-01,9.383447347360347468e-01,4.194210513806050367e-01,6.760202607297657318e-01,8.544750276188888272e-01,7.797394160240865846e-01,3.126749215253349368e-01,9.374624300993148474e-01,5.988458127951286070e-01,9.825344814584358044e-01,4.297936780598202167e-01,6.754858858420742518e-01,5.865986000198851746e-01,6.220958470561951392e-01,5.361978155121454037e-01,7.062952647480627011e-01,8.212056228968465099e-01,6.134124257163160454e-01,6.306442516366291828e-01,5.944597470276198337e-01,7.095338821700303278e-01,7.347252443747838146e-01,3.670051162681275403e-01,3.511728373584952489e-01,5.533952501191415907e-01,7.796309903377434125e-01,6.477896118540800163e-01,5.991285928614142886e-01,6.319515786691423109e-01,4.415244992625228515e-01,8.616085763656696761e-01,7.770822990541406128e-01,4.455915489970565524e-01,4.450363975736123523e-01,5.074683675554957363e-01,6.166505434459669255e-01,4.993659737998266124e-01,9.008832042100914927e-01,5.624737218965818464e-01,9.204989792632590762e-01,9.962800279114607527e-01,5.006465598364218117e-01,-1.871258369353296647e-01,7.084765788347332505e-01,7.204255244253860990e-01,4.882498090930915136e-01,7.259980635289245976e-01,7.648528240189110816e-01
6.733286165511954691e-01,3.257880052374766411e-01,7.495406845591564560e-01,8.969487403976065254e-01,7.026145920622011154e-01,7.172380818436194794e-01,5.153471012713269905e-01,9.972357574361595534e-01,8.358152551305465527e-01,5.209201868267463453e-01,7.794023274518836475e-01,9.771755323949624650e-01,6.953933542723855776e-01,1.711497342542054323e-01,6.408500526374500961e-01,0.000000000000000000e+00,6.786879838256527631e-01,9.441640875728321003e-01,4.644893306447679393e-01,8.811311585219566700e-01,5.894049426145425707e-01,5.158610819358849797e-01,6.503151429325442212e-01,8.654876372468951473e-01,6.664960768850508588e-01,6.367370200048380058e-01,4.450164659331320438e-01,4.157602387185166948e-01,4.055253139529493289e-01,4.694090027318282843e-01,1.563394503800616120e-01,2.828737199386300305e-01,9.472867033199919851e-01,8.202972365117588982e-01,8.830295047925986740e-01,6.069619871261603405e-01,2.974899515059268862e-01,3.520439329152122987e-01,8.007586929233736495e-01,6.167198307289605275e-01,4.351462128199448109e-01,1.881923072257582208e-01,9.234611458901756942e-01,6.561187304943149057e-01,8.682335059483295980e-01,6.370294526035007454e-01,5.763548754468007518e-01,2.246368276781666729e-01,8.546594515454848384e-01,6.746729310782275668e-01,9.566340341329351293e-01,8.591279995866247798e-01,8.686789904077663049e-01,6.989077695285432767e-01,8.102098114196860656e-01,7.470939468003361394e-01,6.343949036459731738e-01,4.504292468832824525e-01,2.473054975535459166e-01,4.088858679131997520e-01,5.244537282374651666e-01,6.487829213118075922e-01,9.492649606903436066e-01,9.815867246913029254e-01,4.594351060766234673e-01,7.549094805836895627e-01,6.524506764492027377e-01,5.144944208177785194e-01,6.252323067340520568e-01,2.275808577819827261e-01,9.931032889180302359e-01,7.162170812090167260e-01,2.632071724979326288e-01,6.049445967163511462e-01,8.524737118090681687e-01,9.485547800681976005e-01,2.002716134076675814e-01,8.749572384366103295e-01,1.885902848495253359e-01,6.297031432382195204e-01,6.923931131571136044e-01,8.935212660570157617e-01,8.626481123615891144e-01,5.351637072003015971e-01,8.498055447465052703e-01
7.755213982389433935e-01,9.785911183792435075e-01,8.980402903608463161e-01,7.517316232495176997e-01,9.242379853808317947e-01,8.549590737737948754e-01,8.349206222689788959e-01,4.059621995088105173e-01,6.684383535418911837e-01,8.485348920272512974e-01,5.797936539025857483e-01,6.707918980315512592e-01,5.201473905830265032e-01,9.140829434513447760e-01,5.804411853611693983e-01,6.786879838256527631e-01,0.000000000000000000e+00,8.706539612960532137e-01,6.344537501489602160e-01,8.828581422089983866e-01,7.317725996455257675e-01,9.136427080338164197e-01,6.676245710807193756e-01,4.644725593105628048e-01,7.223192382899051855e-01,4.681718517801002899e-01,4.780795856021734513e-01,8.522535664711687886e-01,7.220795929889729514e-01,4.616095365403938278e-01,5.572845777936152878e-01,5.758579256946009250e-01,7.647869488642646818e-01,7.651071441616023039e-01,9.584980356727831330e-01,5.610709888142242363e-01,5.831404392758403610e-01,7.330907015012805283e-01,7.737355474852586346e-01,9.651920666655984249e-01,4.366347648518317248e-01,8.840072192379576643e-01,9.107200275194448080e-01,8.993805428268879520e-01,6.971371275038704685e-01,7.592828607933183038e-01,6.121294952277770429e-01,8.204790181973794505e-01,7.456518534991204428e-01,9.518774517975543414e-01,7.864357260551582129e-01,8.661835668295487789e-01,6.660179115991928800e-01,6.982185678792292016e-01,4.545917983510936455e-01,5.028911292200634042e-01,6.508936706165996400e-01,9.509408170758339995e-01,3.444978597175598622e-01,7.315392652539004503e-01,5.125137218920400306e-01,9.601714256815281345e-01,7.568267457134107978e-01,9.488199680454124652e-01,9.335353682049529755e-01,6.988547180065717290e-01,8.629064552255581999e-01,4.817839297967521639e-01,5.337200704837503640e-01,8.201306059232379431e-01,6.619893655834994117e-01,9.013017201462495409e-01,6.626033869128995502e-01,6.087026199959608697e-01,5.942008320534217791e-01,9.584791021756114970e-01,9.491353097823422846e-01,6.624386495809733155e-01,1.864916158322709183e-01,3.961252867753560780e-01,8.989211719715221038e-01,8.589586523146863772e-01,4.968341748669782842e-01,7.446501905534552712e-01,6.975366129926890979e-01
6.895600839412655558e-01,4.727828409589870939e-01,8.523001407380623728e-01,8.181390286039958992e-01,9.732299710586236330e-01,3.495161326016998915e-01,9.616681628210884680e-01,3.205261552200439623e-01,9.119243544451427486e-01,3.454245643914631292e-01,8.736202496920677518e-01,4.439999566632741312e-01,8.098543510173643600e-01,6.117746902174523438e-01,3.049602749929853918e-01,9.441640875728321003e-01,8.706539612960532137e-01,0.000000000000000000e+00,9.793513056882000578e-01,8.864095804762477382e-01,9.349635531979454406e-01,3.383147655135817500e-01,7.183386822088142498e-01,8.719614919617567628e-01,5.861660879696715121e-01,5.970424009461181569e-01,7.064609474554406354e-01,5.987999125496037411e-01,6.393148285353410509e-01,3.466523243540985955e-01,2.079215706478239334e-02,5.116255847185399164e-01,9.970634966059396254e-01,6.506680322822900875e-01,2.382772365905109491e-01,7.981288991474712047e-01,6.941791666189779386e-01,9.187394471217451564e-01,4.525445683069475034e-01,6.103880357677849977e-01,6.340017029277910110e-01,4.594891834694207478e-01,8.813094829654051221e-01,1.665011265146122410e-01,7.255697016046802617e-01,6.479512674919061244e-01,9.077103010932048299e-01,5.330104621635893825e-01,6.231297073201318426e-01,5.476717412402842822e-01,4.627553804331512310e-01,7.369429250094112760e-01,9.957604355788951533e-01,7.854962961711561276e-01,4.764230633206274490e-01,7.139485701730229339e-01,5.652841099837190297e-01,8.644335143100216889e-01,7.490427633248822881e-01,7.042119468049122810e-01,6.043694201835838609e-01,4.126026976561320003e-01,6.081398934334140138e-01,4.909442319295223012e-01,4.395742796287476772e-01,4.385008644762997121e-01,6.857672929995651812e-01,8.747532642478434983e-01,3.991771023061009283e-01,7.526200484097121945e-01,9.801816267945687722e-01,5.709623485216361871e-01,3.707612829733175630e-01,4.534528359840066525e-01,9.301562161724628019e-01,7.040548583854449038e-01,9.973902887267095396e-01,6.388464207370413150e-02,2.736783781297506546e-01,5.062850921564082673e-01,7.803603707307420478e-01,4.284057391034153950e-01,4.662955140415999677e-01,-2.557737567661616529e-01,4.233147954333421059e-01
