0.000000000000000000e+00,7.156271014524472340e-01,6.647223676095056488e-01,7.011936275154458942e-01,6.746250784537655143e-01,8.368733338499225738e-01,8.979743205070569445e-01,9.880630560417253960e-01,9.152534827961790187e-01,8.519325264212217474e-01,8.092488660853592863e-01,2.217972765226615683e-01,5.886743644170779888e-01,9.972455771444097561e-01,7.879736562567107860e-01,6.950879356527238651e-01,9.699263928095348541e-01,9.984609907929964390e-01,8.771831795696491962e-01,7.713596718250820272e-01,8.121150109706750664e-01,8.519519053202062597e-01,7.866151271275704238e-01,8.029918620966868259e-01,8.051772685567186727e-01,6.934724369871910765e-01,3.857945240780083496e-01,7.561717895874061623e-01,6.447901038816264974e-01,6.282462587058814663e-01,7.973488202557998950e-01,6.051418490024725871e-01,4.431170105516061275e-01,7.281212363352942418e-01,7.724713447588333892e-01,5.456373377381938949e-01,2.726475566204111800e-01,9.768155099865567514e-01,9.960933797905190401e-01,3.069668994890508706e-01,3.948974022222776492e-01,6.646614428416032228e-01,9.606989189177866928e-01,9.127206469259111499e-01,7.617612873760406522e-01,6.384630054242597108e-01,8.753516984138812740e-01,9.292286050661031638e-01,4.484537726511476086e-01,9.737414726830482259e-01,9.036387853093991174e-01,9.687722093431219150e-01,8.712590308779306625e-01,9.508140970431221417e-01,5.485452500825325206e-01,6.040864986058490649e-01,6.752984022219730154e-01,8.854763013384538972e-01,4.569917133752071092e-01,4.446334368883551602e-01,5.072128528616274279e-01,6.404221417637779856e-01,9.864376397528643592e-01,8.272602825823426320e-01,8.563461749096616948e-01,7.957786491892571146e-01,6.858362139247582423e-01,6.273966136147152151e-01,9.620722364712704922e-01,5.901382306324098881e-01,9.510289131854040567e-01,5.395888651561739913e-01,3.346527972399040984e-01,7.417912270819082554e-01,9.465972099751689406e-01,8.522771681056857673e-01,6.697482227141278166e-01,8.665514401572842473e-01,2.435633528836879391e-01,4.064818988796367050e-01,8.164628873939988596e-01,3.100302161600135276e-01,9.132110177323551348e-01,5.681860222829219209e-01,8.521196460911508730e-01
7.156271014524472340e-01,0.000000000000000000e+00,3.952843320373707892e-01,3.572537917097928784e-01,7.294589551363688251e-01,5.298126825627584857e-01,4.259869178643956866e-01,7.685952390769279496e-01,6.399760510275628311e-01,8.573084584621317727e-01,6.497455348140235287e-01,5.392499613014176685e-01,9.816159254109327881e-01,6.411083082058270932e-01,5.642912583957208073e-01,4.887492419463571602e-01,3.003363610088910507e-01,5.658270619403036467e-02,6.913832612190504712e-01,6.563529704613226823e-01,9.575612250858029917e-01,8.290796025701167027e-01,7.472244708440762828e-01,6.684269096469434013e-01,5.206377543884961323e-01,6.058039465921415401e-01,9.282354999359210268e-01,8.983884572747954378e-01,3.721978367129666898e-01,5.389851694612988187e-01,3.969104415486781057e-01,5.661645985964919303e-01,7.972486772273206235e-01,8.719737530963402872e-01,5.734707228505033783e-01,6.348550784405666558e-01,2.549443013510900302e-01,3.285131445218111290e-01,8.553694631969555040e-01,1.530516868837888678e-01,9.944487789094773600e-01,8.802931735714418782e-01,1.135912557399572642e-01,9.035126433886908615e-01,8.442459066343783736e-01,-1.639005317120513505e-01,9.571699056728620869e-01,7.220839307465750645e-01,1.064244054771142367e-01,9.828515836568243458e-01,6.496059327801140260e-01,2.392493160152496523e-01,9.167304446367339210e-01,9.720793242079270868e-01,5.799068677453576015e-01,6.958110259570016165e-01,8.147399309539982148e-01,7.016970151679363665e-01,8.439934570400871028e-01,8.013992133083791547e-01,5.112720657326081941e-01,3.549483468252260243e-01,8.952035236597492007e-01,7.339416523791729707e-01,9.416211989320448783e-01,7.873104532291868018e-01,8.577921444680356444e-01,6.732572694444086681e-01,1.469172754361414146e-01,6.143852758633200351e-01,9.849703335932159520e-01,4.297651133420759550e-01,7.602328828784198356e-01,1.930440543006558263e-01,4.505335581909091780e-01,7.002733098660218758e-01,9.746331101630754112e-01,7.544430558805798048e-01,4.179392205562895146e-01,4.214263449745692669e-01,7.622928594364442034e-01,8.056186614484224240e-01,9.296130680978382799e-01,4.995966016042072133e-01,5.349814751932917556e-01
6.647223676095056488e-01,3.952843320373707892e-01,0.000000000000000000e+00,9.327384004584016175e-01,8.581820373505970601e-01,9.091230907121412574e-01,4.982878400475229674e-01,8.337796797367328372e-01,9.227598803371825920e-01,7.944310790204665018e-01,7.280166431283063844e-01,7.273706337275737122e-01,7.160156328501908751e-01,8.869442786535337575e-01,9.767449443879241411e-01,5.020802565111466276e-01,2.397492669462589765e-01,9.507044533175926793e-01,6.270972555723711706e-01,7.090788534253659181e-01,6.116138052164497019e-01,6.496483502143340916e-01,9.281928461296640176e-01,5.046329087621004295e-01,7.939191403590031282e-01,9.743154015651396271e-01,8.474751083904952242e-01,6.746444154627821987e-01,5.681700159152509588e-01,5.514178246032452879e-01,6.321230767417250762e-01,8.434296580824877099e-01,8.334533426442655157e-01,9.819865448918547735e-01,9.428511336232523465e-01,6.798112027781784139e-01,6.366954764192767069e-02,9.415936484030558162e-01,5.136915027151643942e-01,9.920698665491258783e-01,1.098770451411463650e-01,7.776956935124220704e-01,5.020027046903889900e-01,6.155023424828675038e-01,4.712351977132324676e-01,6.402652305786007414e-01,1.806744450178797701e-01,7.443560192489728777e-01,9.375976209511427406e-01,8.965602287573557483e-01,7.127071703252358947e-01,4.181607984854284754e-01,7.973111798061799371e-01,6.180891586663385118e-01,8.868056343205706904e-01,9.716695111561228781e-01,7.376473513841522722e-01,3.620909151826406935e-01,8.448355785928158834e-01,5.384696135875954859e-01,3.685541111633677813e-01,4.051449528476001594e-01,9.253904194910491654e-01,9.560408769514829874e-01,5.331159143628773078e-01,4.467513136889799674e-01,6.318541935461737813e-01,6.610790516512871084e-01,9.160214860428130823e-01,8.514772060648599927e-01,9.377481657922062119e-01,8.431626176242414950e-01,2.378502780267116312e-01,4.326507993674143515e-01,9.746507855022082945e-01,6.032149782927650472e-01,5.309392706618198954e-01,9.680439415292584338e-01,4.784991267464829279e-01,2.752225664516400050e-01,1.649884308363804841e-01,8.416441042773905590e-01,8.162828749444529519e-01,8.934494783710769106e-01,8.006694645144687428e-01
7.011936275154458942e-01,3.572537917097928784e-01,9.327384004584016175e-01,0.000000000000000000e+00,8.901550708504142317e-01,6.405652439734041970e-01,6.606945750917402327e-01,5.303744812776000073e-01,6.773843321654088312e-01,9.986330505964980953e-01,2.948406761729538972e-01,8.099114040556520955e-01,5.495579498568072818e-01,9.611266956434908471e-01,9.437421139775111767e-01,7.986184890043688256e-01,8.068449511236747140e-01,6.589989726268457026e-01,6.721658357133869499e-01,8.403502484798299754e-01,5.185531103084397575e-01,7.592271540057005108e-01,7.078531376470187375e-01,9.411415027178929860e-01,7.549546683431407335e-01,6.232225070675546652e-01,9.471988722704798302e-01,4.733682448807963183e-01,7.000787530537531111e-01,5.420602029227383767e-01,3.267572713612487689e-02,3.986438883815559553e-01,1.341818322328977575e-01,9.310472590896865519e-01,7.500347237924597232e-01,3.611056118397877324e-01,8.662888115658564647e-01,6.900407985199920047e-01,9.073922610900782004e-01,6.258522349752295710e-01,4.291881046239740538e-01,9.734876876910020238e-01,6.468643942186138585e-01,7.909042322577826134e-01,6.392121686690084292e-01,8.286580063857094114e-01,7.613118083696885918e-01,4.541931352398990152e-01,3.228847691444610701e-01,8.546252770065525528e-01,7.984223593574288902e-01,9.473372842936506055e-01,8.961857097438900022e-01,7.790818953147558013e-01,4.689641179139014682e-01,4.937351775634152284e-01,6.614917656133192381e-01,9.295639509131700118e-01,7.866345532655949491e-01,6.195078922006983513e-01,7.315428345922501130e-01,9.440031015376623147e-01,9.695684610374842860e-01,8.501732801029530107e-01,7.237531371203690389e-01,9.221208073289859364e-01,8.955576572991499340e-01,9.722491554166732275e-01,5.635289282899514918e-01,9.978163679671114838e-01,9.990987536080835341e-01,5.565313431933005539e-01,9.776446278304764537e-01,6.788289845390557131e-01,8.451176015499917149e-01,9.179139247863888906e-01,4.725186723058770188e-01,1.087492479616760689e-02,5.995537962997036230e-01,-3.226497735874123141e-02,9.460405659826309765e-01,5.032890286420663717e-01,9.022224070262384599e-01,4.881224008228245426e-01,5.095746933782150379e-01
6.746250784537655143e-01,7.294589551363688251e-01,8.581820373505970601e-01,8.901550708504142317e-01,0.000000000000000000e+00,5.892311499960363186e-01,6.923500299970437588e-01,8.210036356644944133e-01,4.495481041329404959e-01,2.792992752704804849e-01,9.834083465728946649e-01,5.602949629039343238e-01,4.927297228087680336e-01,6.030666850353273434e-01,6.638910777762099258e-01,9.217588549996028058e-02,7.805000139128521752e-01,6.813970349691358397e-01,4.464001718872028235e-01,9.160948934770791752e-01,6.651370188900985747e-01,6.469380512168959596e-01,7.026616761679770340e-01,6.020073184999752414e-01,3.322510211366591637e-01,8.338756615358895452e-01,7.933890900681180858e-01,7.744843255123544656e-01,1.061107004495054906e-01,6.329212997094425530e-01,3.691958868241977942e-01,8.163483214116692421e-01,9.696893001727534545e-01,1.333330965017698044e-01,9.152796257048911865e-01,3.697553084706693971e-01,3.134788056324718797e-01,6.090183780380694634e-01,7.921961581596748125e-01,8.785532511684939205e-01,7.027812717281823884e-01,8.799260761583447277e-01,6.359177148324585138e-01,5.193862527197791179e-01,9.149123037095719946e-01,5.203619153831039457e-01,8.752339710873537904e-01,6.306237864840833485e-01,6.300273191722729482e-01,5.616095472674045297e-01,6.659179293663527455e-01,2.757742452997436478e-01,6.540629182960767674e-01,4.406730289085250551e-01,7.322998473204362924e-01,4.935617626345937259e-01,4.327901438181328553e-01,5.287986517677691900e-01,8.295208457768046273e-01,7.649177135810829586e-01,3.653027258712007175e-01,5.146429696209793292e-01,8.171199066286211066e-01,9.340039153782968562e-01,9.351231504236122705e-01,6.959075084793595600e-01,8.592316906426438194e-01,7.496210854722188399e-01,1.346607760439534618e-01,8.637415757677966432e-01,8.564890082884578648e-01,8.551604231818011881e-01,6.330643957600150529e-01,4.951595414451085420e-01,6.224673437466068382e-01,9.238287286224972084e-01,8.834764424226866364e-01,5.727250315227683242e-01,4.395970333117613094e-01,4.808486808534432333e-01,3.126864877273091703e-01,8.480121753403713214e-01,7.895065423826843620e-01,6.151792853055261245e-01,6.520299856299920371e-01
8.368733338499225738e-01,5.298126825627584857e-01,9.091230907121412574e-01,6.405652439734041970e-01,5.892311499960363186e-01,0.000000000000000000e+00,6.047721551139237928e-01,4.747524562503100537e-02,4.272197160838921426e-01,7.970202529832576266e-01,7.284061787139964883e-01,6.505340115301264658e-01,6.428228039252944503e-01,8.560524787759391518e-01,8.543908763504796111e-01,9.017726525114828640e-01,9.339320638518833206e-01,7.934577325059173347e-01,8.930795477726384268e-01,9.039237281894313414e-01,9.580033906420876155e-01,6.223590770348448320e-01,7.229456881461759910e-01,7.395087888350868610e-01,6.690603637108409885e-01,9.648989850831810600e-01,9.974946369004449309e-01,9.941973055860662267e-01,-4.329079241880481876e-02,3.416618238343167580e-01,4.552974989644877901e-01,7.219440017611057359e-01,6.617597592538769780e-01,8.546076253719597782e-01,6.544330369909967526e-01,2.810305328604353337e-01,-1.475806864190663537e-01,4.756583262141697022e-01,5.702618103900135571e-01,7.982341937967174506e-01,6.435892229003526976e-01,6.430003860546606997e-01,6.671408280690732662e-01,5.859321858856336718e-01,8.761703872526400705e-01,7.101707706905319162e-01,8.187000952520669950e-01,9.719894032076553669e-01,5.213883177521253520e-01,8.479073556257741284e-01,9.222934813183460978e-01,7.978238037209260947e-01,5.045997831004372935e-01,6.073433425744347858e-01,8.146464524339027680e-01,8.899861465749749900e-01,3.361402283624743137e-01,2.249733208564669296e-01,8.803506460473498052e-01,5.506409896770797507e-01,6.150967039730844688e-01,2.799424431544377811e-01,8.926369898818590221e-01,9.304058854108200327e-01,7.605553079563693863e-01,6.838722876459036870e-01,9.704762726471554135e-01,8.214075661250229698e-01,7.835855506747247956e-01,5.595829087606536412e-01,7.892787492873045707e-01,7.173685602034991504e-01,4.445626722751300219e-01,6.613032057343052328e-01,9.495585670618464924e-01,9.518670185044411092e-01,6.413390290176590458e-01,6.468764192391124324e-01,2.132246503614557143e-01,3.576489680207763922e-01,4.778748207590713948e-01,8.481608039555885714e-01,9.635060460891317069e-01,3.981684879306235381e-01,6.357322576769547373e-01
8.979743205070569445e-01,4.259869178643956866e-01,4.982878400475229674e-01,6.606945750917402327e-01,6.923500299970437588e-01,6.047721551139237928e-01,0.000000000000000000e+00,7.824315822226384221e-01,6.178256822727283826e-01,5.888593774499890632e-01,4.293957869642821001e-01,7.166316562851119398e-01,5.480426341244584165e-01,2.459957712709713307e-01,7.932798270038077249e-01,6.041709068583834830e-01,8.355000115430192276e-01,4.739554212308145775e-01,4.228602639923582096e-01,9.511634792073953015e-01,3.763184421113662248e-01,4.154326577531990417e-01,5.656313238163510615e-01,8.525141687711750293e-01,7.200413327287434884e-01,7.567552609610144199e-01,7.284623015921700695e-01,4.767082066909407723e-01,-5.573776394969887082e-02,2.663149385257085333e-01,2.068205822317920051e-01,5.771251818040703530e-01,9.845629706920706881e-02,4.199654283324993909e-01,5.497095703742692629e-01,3.705444440641701975e-01,5.215281230397962320e-01,2.104823854134762473e-01,8.491023484116049236e-01,9.629830065168683284e-02,6.328260531329898964e-01,6.521494745397445891e-01,7.923936169584235856e-01,5.490777896790330903e-01,9.691790894095662079e-01,3.606684900170021857e-01,3.223069819621143250e-01,6.199706472120602996e-01,6.236736485418210574e-01,2.566530168461359507e-01,5.093468227902963053e-01,7.096889540440918243e-01,6.718944741047021552e-01,9.446614106443895764e-02,6.122360967136212251e-01,4.423683595358066656e-01,3.327343954452409158e-01,8.699979992462362199e-01,8.560605192031611743e-01,7.546721286294542086e-01,3.675043122837406973e-01,6.032091442402589543e-01,7.727830899027968714e-01,8.600149560850937069e-01,9.424786667064726231e-01,8.087168470352348315e-01,7.364537001317679188e-01,5.995854254509049852e-01,2.957096498111845828e-01,4.384595784265877816e-01,7.604892974133410366e-01,6.943487205254748051e-01,4.644462502245988444e-01,2.828411987848701292e-01,8.588827244420704776e-01,9.684737143175859986e-01,2.385854184202410300e-01,-1.011292869931759708e-02,4.282455780927581501e-01,7.197113555835537024e-01,2.074777050424217728e-01,3.915105435909639331e-01,6.563741930593436358e-01,5.288278428954513721e-01,4.138776889507916890e-01
9.880630560417253960e-01,7.685952390769279496e-01,8.337796797367328372e-01,5.303744812776000073e-01,8.210036356644944133e-01,4.747524562503100537e-02,7.824315822226384221e-01,0.000000000000000000e+00,7.896812840775112585e-01,5.710956752008046200e-01,2.074786847361052011e-01,9.827463708044290591e-01,9.206265371160156086e-01,6.897526812097354298e-01,5.097047993994915371e-01,5.901001672424782685e-01,3.763271309126474673e-01,4.807619963110701944e-01,7.081871146380339654e-01,9.197833819216265638e-01,6.682653117015990851e-01,4.875439303174126104e-01,4.997609144992495311e-01,7.831050528821740242e-01,6.506875165632429736e-01,5.760687640758248573e-01,6.486786325749016591e-01,3.066945637485568588e-01,3.099015446164176679e-01,4.962576749511139473e-01,4.222464699612376582e-01,4.066855247418134645e-01,6.398008338171913278e-01,6.840000423305618860e-01,1.755458114511506684e-01,5.825052469153648715e-01,5.363185557646386048e-01,6.565001946301858293e-01,3.048805910603058500e-01,4.318970330026744020e-01,5.840757668830736105e-01,8.805968427128080256e-01,8.828408920191481712e-01,4.786745582987737557e-01,3.331293547987388415e-01,4.094068730553070967e-01,2.056217324088974174e-01,4.587170200162954403e-01,5.989376899987230995e-01,7.380159910032717541e-01,3.613787267301361572e-01,7.904107847410467569e-01,4.079547549421640995e-01,2.242522144254260885e-01,8.005077996920314520e-01,7.810390652587883009e-01,7.864796045345903153e-01,5.337408347489421834e-01,-5.162033202627980266e-02,7.156907413320504618e-01,-1.083305123146121873e-01,5.827937006049705992e-01,4.057170529065080022e-01,9.094020030092643259e-01,9.753102650343364877e-01,6.801351232734806906e-01,2.826353995106954953e-01,9.320270189549089146e-01,9.033853198656670580e-01,4.538755847500773877e-01,4.199928652930070561e-01,9.556881354596231670e-01,6.025076159727282832e-01,7.457477572841961777e-01,7.541273393238951961e-01,7.417859259756074408e-01,5.424089305615369394e-01,7.917887654882500570e-01,5.251338603690957063e-01,5.159714379793650663e-01,3.161935530427554819e-01,5.487764484132682252e-01,8.768519492260473669e-01,5.721718591012459054e-01,9.663364396100442288e-01
9.152534827961790187e-01,6.399760510275628311e-01,9.227598803371825920e-01,6.773843321654088312e-01,4.495481041329404959e-01,4.272197160838921426e-01,6.178256822727283826e-01,7.896812840775112585e-01,0.000000000000000000e+00,7.520817671968164086e-01,4.088843967218554476e-01,3.022465711007141231e-01,6.680466606552943887e-01,8.314488680197956727e-01,5.226131280015906544e-01,7.378240538370557378e-01,7.222967512478660757e-01,6.476484086993508082e-01,8.196967636151142322e-01,8.084624944234592991e-01,2.561318292545485820e-01,5.518470466588600853e-01,4.301587846709742924e-01,9.191869285239551157e-01,3.368720353578230631e-01,6.041851717035956471e-01,6.483183174782610747e-01,6.413195453205017271e-01,6.889230898047340457e-01,5.905528725534476830e-01,7.332093560789134656e-01,3.536465974370104903e-01,5.414387515370302495e-01,7.942013744532774311e-01,7.120377138674055528e-01,5.009185828577086275e-01,1.437485114904158146e-01,9.263913266654300038e-01,9.019570097310839474e-01,6.713362060673894183e-01,4.793224430788384782e-01,7.949943621308807051e-01,8.077209891437714395e-01,7.157912892630728940e-01,6.631345224624870527e-01,8.099535447688931411e-01,4.566801385442447736e-01,6.105074229127934737e-01,4.556146021155124126e-01,7.313778352347509726e-01,9.131898603596483310e-01,7.694117553828632161e-01,8.417204486645989414e-01,4.655179401640139464e-02,5.057955168577299432e-02,8.052200310632374736e-01,2.800250450181392958e-01,3.434530263009660800e-01,7.228391578591752964e-01,7.271795349636918093e-01,1.241994780960322259e-01,4.863493044771905471e-01,7.422750301587144328e-01,9.937452076097308407e-01,9.560224841034312693e-01,4.791698051617031551e-01,4.228181811595351780e-01,8.314402873214655765e-01,6.490968588120918925e-01,4.047610627425030638e-01,8.812233664692961099e-01,7.939526562195232673e-01,2.970742182443021906e-01,9.648419223758377683e-01,7.644675972706321820e-01,4.261265482032909890e-01,8.634400323241021580e-01,9.185596937887090530e-01,3.915344710353086954e-01,6.725976840369458642e-01,8.955052618556056387e-01,8.207155208144588654e-01,9.945053579354351525e-01,7.422223634490623390e-01,7.124073893125946189e-01
8.519325264212217474e-01,8.573084584621317727e-01,7.944310790204665018e-01,9.986330505964980953e-01,2.792992752704804849e-01,7.970202529832576266e-01,5.888593774499890632e-01,5.710956752008046200e-01,7.520817671968164086e-01,0.000000000000000000e+00,8.287171866091540551e-01,7.613410056534846149e-01,4.074816047416381370e-01,4.004991966288584115e-01,8.354087406296482055e-01,7.655502833990095457e-01,3.975235290609504535e-01,8.981245361077109246e-01,3.270533287092401015e-02,9.894868599648405372e-01,8.131443890969745070e-01,1.146489652535477161e-01,6.580305116281094380e-01,2.891517671994774386e-01,5.510532351454743294e-01,5.314273587565445656e-01,9.585819151420136297e-01,6.749897605775729836e-01,5.974236696559457327e-01,5.031769228132503269e-01,4.460215040030582889e-01,7.043620261134162508e-01,9.973266682601754640e-01,3.762131001157150711e-01,6.550282464581470565e-01,5.699635857906826253e-01,2.748046204350002020e-01,4.638530959461811265e-01,6.070241802420985877e-01,9.369471693275184254e-01,3.292332960818825649e-01,4.203300449347881496e-01,2.629465625744059620e-01,9.558237323213494285e-01,7.732535279881052048e-01,9.979949965840335668e-01,7.204290990140020945e-01,8.751570355369314713e-01,7.600272624257402576e-01,2.000962962423648572e-01,5.023598212879121228e-01,8.465542530022713841e-01,8.951870297823933953e-01,3.349228212188821163e-01,5.695757521374107402e-01,7.440200891750947676e-01,3.864661428623729078e-01,2.739575795388995982e-01,6.663106755038454843e-01,3.708684737247900931e-01,5.704147034661347648e-01,6.527345731298970222e-01,6.280574016875464238e-01,4.478481387950303816e-01,8.896490936552313711e-01,8.844813242702426193e-01,8.296483365876660132e-01,8.353038249247600744e-01,7.844114270245332587e-01,8.298414215286024076e-01,8.896340816225291048e-01,4.595791530692966420e-01,7.731630922883973023e-01,5.825808247871283596e-01,6.917961430745722673e-01,7.861211785434653043e-01,8.333097936779128023e-01,7.966943577411219612e-01,5.012684451336768543e-01,5.135882619756972911e-01,2.773387400435601835e-01,6.742916239479408436e-01,7.712534795850860547e-01,5.047035333989630113e-01,9.606358109122460354e-01
8.092488660853592863e-01,6.497455348140235287e-01,7.280166431283063844e-01,2.948406761729538972e-01,9.834083465728946649e-01,7.284061787139964883e-01,4.293957869642821001e-01,2.074786847361052011e-01,4.088843967218554476e-01,8.287171866091540551e-01,0.000000000000000000e+00,6.398458074523336592e-01,8.380748591075901643e-01,5.744835187892234352e-01,4.461388594152808085e-01,8.905204514251013892e-01,8.390993080819750816e-01,6.218898660050924398e-01,9.668896177610698528e-01,5.995225213321688784e-01,5.840992755610696641e-01,5.197066559185499202e-01,9.341338716101211803e-01,8.857268959346099590e-01,5.308789646519255223e-01,6.444026485289359174e-01,6.357669832972021595e-01,4.032892691919673922e-01,4.355797662438873896e-01,2.912367165082630494e-01,1.867116923006921780e-01,7.790651185725329109e-01,7.603150674689026500e-01,2.823403404062806987e-01,7.594073747785884398e-01,2.761088126006471244e-01,2.155273120406324128e-01,2.427853770604223027e-01,8.288408476818489579e-01,8.457549657688000488e-01,6.789865758312183530e-01,4.726382961644779446e-01,8.980460868928049623e-01,9.540289176756642231e-01,7.767236673875157482e-01,7.076444599346710662e-01,9.889388375698684452e-01,6.789544540675387374e-01,4.217732196983654536e-01,6.145019332849583904e-01,4.421336050033382037e-01,9.358140986605317790e-01,7.089798613200789523e-01,8.817863471743905279e-01,6.805996550340039919e-01,9.920950455595184403e-01,7.226498618248724526e-01,5.540715936326993107e-01,4.162492522737411271e-02,5.398228616629430210e-01,5.069127913095761162e-01,5.287374258326267285e-01,6.156928919317673499e-01,6.102523591871337194e-01,8.895984637441368692e-01,8.177682699039140468e-01,6.039321793849674602e-01,3.734703821729848938e-01,5.579915856876936919e-01,6.697902540292156592e-01,2.764157622634567102e-01,7.712269647150303831e-01,6.036584472157348058e-01,6.351328329044998444e-01,2.377465511796798270e-01,3.532316967821681475e-01,6.789911275232847487e-02,7.151776562055255360e-01,8.200947709028052479e-01,5.303040439460371402e-01,6.617309781618456732e-01,3.280513907234732240e-01,7.629084642698591434e-01,3.257801833288642701e-01,8.753004700544619876e-01
2.217972765226615683e-01,5.392499613014176685e-01,7.273706337275737122e-01,8.099114040556520955e-01,5.602949629039343238e-01,6.505340115301264658e-01,7.166316562851119398e-01,9.827463708044290591e-01,3.022465711007141231e-01,7.613410056534846149e-01,6.398458074523336592e-01,0.000000000000000000e+00,9.479056516909627472e-01,7.526754946404109470e-01,7.450595155685413307e-01,8.138154091676926827e-01,9.698352863605125274e-01,5.993977175373936817e-01,7.159213881750700059e-01,7.134209963756661388e-01,4.909319140905436529e-01,9.466357906807472133e-01,6.931155934456150192e-01,9.237763754160794871e-01,7.609546711931794993e-01,2.744875574801134421e-01,6.331398861441392967e-01,6.762479746574582284e-01,9.686006798890030023e-01,3.524791884911701034e-01,4.009579299413951192e-01,8.579130233666403260e-01,7.092534718204519528e-01,4.845045967146717758e-01,9.381574118933196926e-01,1.407466131266713327e-01,7.044360308368926571e-01,9.159097586154958393e-01,7.886491569205114072e-01,4.228255980566595906e-01,3.285991886946157958e-01,3.870166088279708427e-01,9.905860901733789525e-01,7.965625689990072367e-01,6.085717993319232910e-01,8.517014539302516507e-01,8.174300549499846635e-01,9.089902576368036335e-02,6.616757384978639855e-01,5.307503302648022281e-01,7.649554077886283610e-01,7.448854113536436117e-01,9.885719133787822521e-01,6.082558510138066366e-01,5.167334577200973778e-01,9.531612011020710318e-01,9.088496520898398101e-01,6.365797565453981122e-01,7.086070843043473788e-01,2.811828742332400100e-01,6.047883096871827791e-01,4.492694872609637735e-01,8.401068451704934992e-01,8.205615260532754807e-01,9.213428867745370177e-01,6.120884050035342305e-01,8.545969329565901162e-01,8.059413378858121257e-01,8.761078732927274348e-01,8.539374817583137434e-01,8.410920357597506669e-01,6.103977067406948231e-01,6.087384006331555408e-01,6.900766571143591710e-01,9.185041876873736300e-01,5.690897883362782128e-01,6.003461998859844773e-01,5.127598068757411864e-01,2.206385783166169567e-01,5.668252452153456078e-01,7.321783363828803237e-01,8.530745941741859628e-01,6.865946260530032541e-01,4.683428668735317157e-01,7.575680459573630454e-01
5.886743644170779888e-01,9.816159254109327881e-01,7.160156328501908751e-01,5.495579498568072818e-01,4.927297228087680336e-01,6.428228039252944503e-01,5.480426341244584165e-01,9.206265371160156086e-01,6.680466606552943887e-01,4.074816047416381370e-01,8.380748591075901643e-01,9.479056516909627472e-01,0.000000000000000000e+00,4.114972062683124876e-01,8.012309517924429692e-01,8.892156724386495181e-01,9.879566194975032412e-01,7.104624565746709974e-01,7.540519378324876953e-01,5.997820823805799506e-01,9.671196993972478451e-01,7.284985167035700204e-01,6.042349865711925672e-01,6.333561070893554135e-01,4.589349969275144381e-01,8.143945858476081545e-01,9.527255063083411857e-01,7.596873449498107167e-01,2.348133639506522763e-01,5.069710276084218314e-01,3.518396689231005348e-01,5.251625743413684821e-01,9.426895267268563527e-01,8.832357173965446062e-01,5.591213146754978602e-01,6.085829159669412514e-01,5.717872295031236618e-01,9.638123593486932483e-01,6.103203664029241970e-01,8.343944364935759195e-01,4.373787792396425234e-01,6.361266921042991740e-01,6.712787971332879744e-01,4.347808560618994234e-01,6.372419736571224291e-01,8.161394600096729679e-01,6.934658434014289163e-01,8.456111234384122710e-01,8.380638669196375234e-01,9.759893620741705300e-01,8.733999395138959398e-01,8.988412935339996634e-01,7.127076638708503831e-01,8.942520438558673179e-01,9.114304559995636268e-01,5.425468402018465142e-01,8.011910507056508868e-01,7.350852936135212623e-01,3.338344075529465771e-01,1.354471503513675068e-01,5.416923375936379959e-01,7.388184899500735980e-01,2.084562503176457526e-01,6.827465451860300627e-01,5.088737200710017339e-01,6.889292343883909320e-01,8.817152292425958215e-01,4.168394773816435084e-01,9.066086575904984679e-01,6.637840379678706659e-01,9.323296939613080481e-01,6.511145744303865612e-01,6.964584427583512261e-01,7.166220991502901816e-01,6.928837597493068268e-01,7.060869552284934070e-01,8.681942672366989022e-01,6.135032612082104153e-01,7.315646490949232472e-01,1.844029606649218445e-01,9.051183793818736723e-01,6.773275515080083853e-01,7.951093066118268826e-01,4.130596072526732110e-01,8.782031034972562766e-01
9.972455771444097561e-01,6.411083082058270932e-01,8.869442786535337575e-01,9.611266956434908471e-01,6.030666850353273434e-01,8.560524787759391518e-01,2.459957712709713307e-01,6.897526812097354298e-01,8.314488680197956727e-01,4.004991966288584115e-01,5.744835187892234352e-01,7.526754946404109470e-01,4.114972062683124876e-01,0.000000000000000000e+00,7.116435875387093768e-01,9.902295479281923996e-01,6.689372826061183996e-01,7.717480214342457012e-01,4.071490076589646123e-01,7.507371314590909339e-01,9.951522581206084794e-01,5.719878194132237414e-01,8.660654647352794555e-01,6.358823942819484820e-01,4.930893338279679905e-01,3.738245814967834368e-01,6.652167829688170331e-01,4.686171620038075414e-01,4.911086257345710915e-01,5.885239913395626798e-01,5.656778969404537005e-02,9.829108628261973291e-01,6.846111650672768167e-01,6.321580598597076328e-01,6.179748336461243774e-01,4.351862853038244161e-01,4.933251764937030548e-01,9.585865802674595759e-01,5.683113306831826250e-01,9.980719630944476783e-01,5.374270367874663945e-01,4.502349158938840912e-01,9.061140434087514572e-01,9.576190255357758252e-01,6.668709663526788400e-01,9.752981356054741813e-01,8.673153338922156008e-01,6.498378700262714691e-01,9.728748545801224612e-01,7.883745523783149967e-01,9.822186356145891084e-01,4.784164081808075508e-01,3.635744970756173977e-01,4.734942334773054040e-01,4.179917012555959266e-01,7.437253277867219570e-01,3.392922589709398418e-01,7.124095687414802036e-01,5.758221043821558638e-01,7.076412609394153730e-01,2.515049638900582751e-01,6.674090327034327697e-01,5.024821177808873607e-01,3.116005262704923395e-01,7.461268255763237045e-01,6.157685789151127187e-01,7.044988557415969854e-01,9.229388196569932035e-01,1.066142293756450476e-01,9.521201443687516974e-01,6.206271066363092115e-02,9.833667211616942128e-01,5.978854087192128075e-01,1.118518899864558852e-01,4.955910147515784070e-01,6.280030394568059116e-01,3.061693293545084127e-01,5.197129121905493809e-01,-1.901036928405850090e-01,5.039182362773044765e-01,7.074548978107590980e-01,5.816469299638685753e-01,7.661144456571195027e-01,4.228357682912740612e-01,6.952038314962046828e-01
7.879736562567107860e-01,5.642912583957208073e-01,9.767449443879241411e-01,9.437421139775111767e-01,6.638910777762099258e-01,8.543908763504796111e-01,7.932798270038077249e-01,5.097047993994915371e-01,5.226131280015906544e-01,8.354087406296482055e-01,4.461388594152808085e-01,7.450595155685413307e-01,8.012309517924429692e-01,7.116435875387093768e-01,0.000000000000000000e+00,8.796234355169914032e-01,9.055342592501741672e-01,4.517297619374622264e-01,7.914354555311038375e-01,8.887154667108897454e-01,8.623377010586301683e-01,4.163068851934851322e-01,7.011436076883617030e-01,8.012676803067325659e-01,5.077854046934261456e-01,2.169100159369033443e-01,8.263789147989659689e-01,5.649754774648614308e-01,2.746462834686597132e-01,3.201826897661949611e-01,7.393299104994195403e-01,6.561335638342803422e-01,8.659545849158216679e-01,6.763819890820883529e-01,1.304685502132165442e-01,5.832291486994778396e-01,5.369664885235243545e-01,-2.971240230264984850e-02,9.353347496721052812e-01,6.655086198462749625e-01,4.536702011133084689e-01,5.278742542133481042e-01,9.872767119266285807e-01,4.166625174351662464e-01,8.736522616072505132e-01,9.955273355155958015e-01,6.441657494269076301e-01,6.337973886063310580e-01,6.768802037536462146e-01,8.479671785749023361e-01,3.384377120733803590e-01,6.440573516917338370e-01,6.286716148752118372e-01,7.821361129498745068e-01,6.456120219146412875e-01,7.384020403776901942e-01,7.215962190620893724e-01,7.777519394544130105e-01,9.606606290680006488e-01,5.155933257376580370e-01,4.274225945806927052e-01,6.269365487558953287e-01,4.384471688270503709e-01,8.631047958115872776e-01,7.997796035077324728e-01,5.062798996238881966e-01,6.795842175696600318e-01,8.957854836813292643e-01,5.020423730782985761e-01,4.897069712635166994e-01,7.157305909066422611e-01,7.399836851379227864e-01,1.900161049770801580e-01,1.261632430601368482e-01,8.722095126414584898e-02,7.667056078131051500e-01,8.641195523754293673e-01,9.633627031291811527e-01,5.958092045217923127e-01,7.109275875003066014e-01,3.804030171690805373e-01,7.060386025844959113e-01,6.886083795817361519e-01,9.052633250456287861e-02,5.354072585991521693e-01
6.950879356527238651e-01,4.887492419463571602e-01,5.020802565111466276e-01,7.986184890043688256e-01,9.217588549996028058e-02,9.017726525114828640e-01,6.041709068583834830e-01,5.901001672424782685e-01,7.378240538370557378e-01,7.655502833990095457e-01,8.905204514251013892e-01,8.138154091676926827e-01,8.892156724386495181e-01,9.902295479281923996e-01,8.796234355169914032e-01,0.000000000000000000e+00,2.013998467449246432e-01,9.113772409473815950e-01,7.168845890070011384e-01,7.244206298545283751e-01,8.015520378998659545e-01,3.925060762707183182e-01,7.780217048269497671e-01,9.620664299164543021e-01,7.365869809157661319e-01,7.886518238588995366e-01,8.125966044063379634e-01,9.706302162167768088e-01,2.622259520092337648e-01,2.436314621306652495e-02,4.084660244047367827e-01,5.176631860516072159e-01,8.709728741061986135e-01,4.784035651574305992e-01,9.033403126638236413e-01,3.476161270060550978e-01,2.668119602828469827e-01,8.787026637942791929e-01,8.053467799191049714e-01,8.303943225282278684e-01,7.884808328635181107e-01,7.703193874404624664e-01,6.594657425147502083e-01,2.794446790866674801e-01,9.102276261008619418e-01,4.340322652055030872e-01,6.671007923155019004e-01,6.982244437641532686e-01,6.840922294079715416e-01,2.032641841729377896e-01,8.396194673454534518e-01,8.437216915438092713e-01,6.068968000680637909e-01,7.881180307219268766e-01,6.170070594076212389e-01,2.011229883569782273e-01,6.074075022591617357e-01,2.494531777755847612e-01,4.186089785115792994e-01,9.337784398376505202e-01,5.659118307154226146e-01,7.128246334366724613e-01,8.395709299188034436e-01,7.548345391606068322e-01,3.745711730519466487e-01,7.119702164840781000e-01,9.492391550219191343e-01,8.647354029942362352e-01,7.154585967067680352e-01,9.654477308973082872e-01,5.231255946034514270e-01,7.342613435812848088e-01,4.823778045875100062e-01,6.961833356445442655e-01,5.478949378040373075e-01,5.571825949689017676e-01,7.685355082612210786e-01,9.114331196288385506e-01,6.634012123838106678e-01,2.712564337614505883e-01,5.538364520631854360e-01,9.628335543250587936e-01,2.763330748995816433e-01,4.377587725490227899e-01,1.814662314535919752e-01
9.699263928095348541e-01,3.003363610088910507e-01,2.397492669462589765e-01,8.068449511236747140e-01,7.805000139128521752e-01,9.339320638518833206e-01,8.355000115430192276e-01,3.763271309126474673e-01,7.222967512478660757e-01,3.975235290609504535e-01,8.390993080819750816e-01,9.698352863605125274e-01,9.879566194975032412e-01,6.689372826061183996e-01,9.055342592501741672e-01,2.013998467449246432e-01,0.000000000000000000e+00,8.685091118508013741e-01,4.541829251394688960e-01,6.837591276633537829e-01,8.947172848814136659e-01,4.004419796979328261e-01,6.066947469736273524e-01,9.799785320946533540e-01,4.411981308530257828e-01,4.726748719872136961e-01,8.972222476488760368e-01,4.966328405602996598e-01,7.238345375949776228e-01,3.582967653052206436e-01,5.138691174519415261e-01,8.718367610989091743e-01,8.804579912411550913e-01,5.402192282261645273e-01,9.023195613724173114e-01,2.316913632664772960e-01,6.073574599617054259e-01,6.400766143413507692e-01,8.166878250616833590e-01,7.780765751231663030e-01,7.928878492810427225e-01,7.390978647985492200e-01,5.018043629325809052e-01,5.870189025162719787e-01,8.614586569796378601e-01,-2.338865705407679463e-01,7.493729947707055139e-01,9.623581382097954329e-01,6.317512923586556806e-01,9.584121419810661680e-01,7.844571655335268456e-01,4.537663470593892301e-01,5.496687109215055989e-01,8.555473173662671016e-01,7.076885440110493031e-01,6.279197792153384805e-01,5.224756476797016713e-01,7.023110716658540476e-01,4.568738502780337885e-01,5.885370781169200205e-01,7.426221667680251715e-01,4.052066686145877061e-01,4.289755402268924933e-01,8.888724433064358887e-01,9.900413530952770769e-01,1.629695693407496315e-01,9.149263155318526630e-01,6.855936066202227286e-01,4.230589822411066070e-01,9.135686210323870071e-01,6.827058048241834154e-01,6.269422981316690180e-01,6.634224931219490085e-01,7.625452074503938915e-01,8.611567780394644434e-01,6.946309529983063502e-01,5.025339829443240536e-01,8.505708243979798189e-01,1.205476294886946922e-02,2.486357562702439239e-01,7.977374887856942820e-01,8.534015064510799276e-01,6.026172647959944229e-01,5.321535332587910005e-01,6.730623196305767220e-01
9.984609907929964390e-01,5.658270619403036467e-02,9.507044533175926793e-01,6.589989726268457026e-01,6.813970349691358397e-01,7.934577325059173347e-01,4.739554212308145775e-01,4.807619963110701944e-01,6.476484086993508082e-01,8.981245361077109246e-01,6.218898660050924398e-01,5.993977175373936817e-01,7.104624565746709974e-01,7.717480214342457012e-01,4.517297619374622264e-01,9.113772409473815950e-01,8.685091118508013741e-01,0.000000000000000000e+00,7.594085172730535849e-01,8.696318384214567487e-01,8.451117203259506105e-01,6.585144372553715097e-01,6.810998045101301912e-01,7.911532713711755260e-01,4.215743219462201874e-01,5.871411763019893787e-02,6.255859437709970772e-01,6.874732382127061170e-01,3.402075184529451679e-01,4.295153509448425555e-01,7.575054008686128437e-01,7.657521703338774355e-01,6.108538506198033513e-01,4.153811723015702340e-01,2.131737000102867929e-01,5.685055745615130718e-01,4.778320889413438799e-01,5.987824374203297717e-01,8.713808060835794844e-01,9.792416182305148098e-01,7.601019003884490477e-01,-1.393862401600090006e-01,7.333428549867074819e-01,5.521166315937647839e-01,7.193061310379652573e-01,7.197381415978283403e-01,5.210939518291337613e-01,5.102620297384566905e-01,5.609714871515084633e-01,8.849820205142904239e-01,4.975635933271842504e-01,8.710068396894894427e-01,6.447179259869459944e-01,8.455792262121193392e-01,4.671654837661761150e-01,8.904595395738645891e-01,7.339507210040693286e-01,6.382064655236922013e-01,8.205927311587739581e-01,5.902023142270559353e-01,3.345157589282187760e-01,5.791817722646261934e-01,6.875641278545725488e-01,6.043504183738742652e-01,6.106448298275952702e-01,7.422977032571859146e-01,3.907467326434042043e-01,9.252687560369833308e-01,8.540671993693794706e-01,-4.856077627816099418e-02,6.411239754319439932e-01,9.125786292060175109e-01,7.576686138883108601e-01,7.627122633510335925e-01,5.078131801754693503e-03,7.406250754683936233e-01,6.603423270108279564e-01,7.737672613003137023e-01,5.278005171202033718e-01,5.361385491395839198e-01,6.592141674175866495e-01,6.198871193646733335e-01,7.268889076309030806e-01,7.364890783390364293e-01,6.690039991408235354e-01
