0.000000000000000000e+00,9.137735524183996372e-01,9.302045491429902224e-01,8.453791894875751778e-01,7.502145926421595057e-01,7.981568862335552961e-01,7.225287888593671104e-01,6.528736279992283231e-01,8.739071460960906590e-01,7.355083840889014013e-01,6.354283353857779204e-01,5.471475647418417854e-01,8.382054826181369878e-01,8.969264689302243188e-01,9.152793251883274417e-01,8.302523280870613975e-01,8.006710610291400965e-01,6.040890055976816386e-01,6.358150677094172032e-01,9.728644030739903581e-01,8.708402246123757573e-01,8.411305045601547015e-01,3.440648005816602240e-01,8.933687517273900536e-01,6.727980799576795956e-01,7.563881621702078784e-01,9.212867272992771861e-01,9.114787116378010312e-01,2.544537062778331679e-02,6.359851911957192794e-01,4.190916738488043580e-01,8.168206889732212428e-01,6.553059704458568113e-01,4.521832952519598825e-01,9.941087738850569178e-01,2.300972956154036797e-01,3.440703523130461683e-02,9.978198069388493074e-01,4.532763784330993140e-01,9.277377698196600520e-01,6.840879714712276571e-02,9.136581940187060713e-01,9.628621658075051659e-01,9.683951469631892905e-01,6.780827664314570402e-01,2.596512216945567331e-01,9.930770711795754435e-01,8.788640429403552501e-01,8.335966821834961404e-01,9.890483533634638613e-01,8.341381569116020911e-01,5.165154360202383055e-01,9.745400743560763690e-01,9.253741781005240252e-01,6.094311368633665849e-01,5.948154687074558300e-01,9.151514900721775536e-01,7.908668683460297055e-01,6.328094995020787650e-01,9.245835016966988951e-01,7.373721888000169811e-01,9.566057924134547807e-01,9.753705574978071002e-01,5.832340271846325752e-01,9.739810456291220220e-02,7.812670480846125587e-01,7.055446951486036289e-01,9.541121630055229286e-01,7.570725432722958947e-01,5.343038066292985500e-01,9.628546595254930951e-01,9.180029347804781192e-01,9.067897811790027740e-01,6.357861226723338088e-01,9.890711672581763425e-01,6.665813393893894601e-01,9.319756243380888927e-01,5.000857039591455333e-01,4.998547771737913425e-01,7.387570152388670541e-01,8.302424966871984058e-01,5.863351302420061195e-01,9.472695350950699478e-01,3.240619332684604309e-02,8.964670898568750657e-01
9.137735524183996372e-01,0.000000000000000000e+00,9.927388652732649366e-01,9.887022586172848904e-01,8.738579207969350282e-01,9.413583791799051692e-01,6.341167122635912312e-01,7.197589239499255775e-01,7.577813435349654014e-01,9.110876908575996636e-01,9.888191330332811724e-01,8.856603836919060280e-01,6.211263174715295765e-01,6.335399087426617504e-01,8.124930777031872386e-01,2.454040641288384450e-01,9.517339610978922115e-01,6.490425843958401719e-01,8.617657826070220795e-01,3.423735239959839749e-01,3.031812261049974255e-01,6.539139009986905116e-01,7.999629184623378020e-01,9.582328038491711997e-01,5.726455391114151361e-01,7.178779280396223594e-01,8.140772765186885529e-01,3.041317597545191709e-01,1.586886505994358210e-01,6.043163753814742023e-01,5.482705094594739759e-01,4.218524564495523821e-01,9.159992891642052548e-01,9.520883714921868357e-01,6.561060576947087553e-01,3.000884100573121271e-01,3.481904049590293093e-01,9.936107246376753022e-01,9.562304931820825304e-01,9.841003191351153090e-01,4.638397825599618329e-01,6.162005785677322489e-01,8.007110729866945276e-01,7.224609249069126049e-01,7.647483531920563626e-01,9.304862617097001687e-01,6.938454494621868474e-01,6.652401334534023825e-01,3.633453699196442233e-01,4.117866366040262571e-01,6.210570991398518537e-01,4.335091342587191754e-01,9.975935664616797371e-01,4.756833366942016528e-01,3.529325199051526196e-01,5.549137099367902337e-01,7.299012643352449370e-01,8.184460979152493598e-01,8.966673160723228619e-01,5.076643589298851511e-01,5.235298552938334460e-01,8.622349975650884790e-01,6.531500723644239059e-01,4.352810315940056074e-01,9.915401686703446682e-01,2.142507619214789050e-01,9.424712009128597412e-01,6.621262922644741700e-01,6.320145038540073701e-01,8.347277214353823194e-01,6.397188121369854485e-01,6.848593418877954031e-01,3.481251850004813964e-01,5.535610726310052909e-01,9.213271718508475594e-01,8.141932276104510979e-01,4.335008873881147085e-01,6.982091734386631776e-01,7.648862770919580001e-01,5.303447786109031226e-01,6.899023882742216784e-01,8.725956801748171454e-01,4.636752323980626866e-01,5.166375551352602180e-01,9.666679534487935266e-01
9.302045491429902224e-01,9.927388652732649366e-01,0.000000000000000000e+00,9.250270853545509153e-01,6.485308191969449965e-01,-1.749850535416717645e-01,9.843880005451001169e-01,7.527493986815440019e-01,9.232533252685984904e-01,3.973715254456838819e-01,2.267869459882060901e-01,6.840232680063934589e-01,8.360721489842344312e-01,3.272952384372211920e-01,9.220245598699067235e-01,6.466136511175851753e-01,8.296878768969702111e-01,9.574824356634212830e-01,6.940596396576163007e-01,8.748348517792030599e-01,8.479517248720506162e-01,8.315209210416928398e-01,8.387184516451617888e-01,1.791148780220510606e-01,5.919768952434641962e-01,5.655153326475044206e-01,7.996706738473041698e-01,8.309090043459600450e-01,5.199217852270338058e-01,9.923862916815673341e-01,2.405521465361703248e-01,9.833112293939629822e-01,9.743524586913169250e-01,8.070527710400399179e-01,5.998184569511181286e-01,1.422357558303537217e-01,5.673887174735765537e-01,9.603142731096141471e-01,7.703987282196187447e-01,8.643859972939031966e-01,4.472025753657366542e-01,8.890045065815761482e-01,8.573344186768967479e-01,9.573983755487440739e-01,6.091970682593610409e-01,4.118295860886521664e-01,9.690112222069536818e-01,8.462139709041275326e-01,8.403969880493313838e-01,7.366540667041533430e-01,9.530408205532794330e-01,8.906384138910180548e-01,9.717997137827558696e-01,4.372953264554234609e-01,4.368733462754409991e-01,8.188922585691775780e-01,6.513007039599364445e-01,9.749399101111910770e-01,9.031304526267437405e-01,6.518534131890367789e-01,4.738710528857976723e-01,9.471184720809369129e-01,4.080532422016649452e-01,9.561616629556423108e-01,6.837084639531130215e-01,6.335414224516092707e-01,9.203428857847586464e-01,9.504496327647640186e-01,9.876066007458522700e-01,8.685683223324640601e-01,9.939978480898764568e-01,8.300148361294867883e-01,4.101949385359134337e-01,7.408546899653136730e-01,6.842600946933331540e-01,5.630474472057340751e-01,6.900198010302076579e-01,9.448686018912326734e-01,7.257978817355035250e-01,4.337669611879154119e-01,8.510977159565089600e-01,5.271002004129756724e-01,6.820697254387809716e-01,9.813193809059086448e-01,6.336181694007887444e-01
8.453791894875751778e-01,9.887022586172848904e-01,9.250270853545509153e-01,0.000000000000000000e+00,8.052484988421796386e-01,7.487871793316593916e-01,6.265678463106718610e-01,5.944096956551769839e-01,6.048208535654462370e-01,9.126120522592392481e-01,9.862500225659974751e-01,8.111537291795605231e-01,8.167319734499306483e-01,5.334512861305589215e-01,4.883212696809481890e-01,5.405049464727649244e-01,8.266177573018561597e-01,6.699900089035314421e-01,9.538292928429822348e-01,7.250290298861319371e-01,6.582388867390407405e-01,7.244337518369459161e-01,5.144344708525260268e-01,9.391035638050297951e-01,7.179640842347192464e-01,7.109979800606547329e-01,9.115271314774352485e-01,4.884293479967999341e-01,5.705064164993274289e-01,7.275363056024551911e-01,9.988073172789034559e-02,5.894554897339079336e-01,9.955699160795119518e-01,8.896515037392687120e-01,7.152754958001117380e-01,6.188573713675273869e-01,2.536017498703528328e-01,1.021926381168857118e-01,6.351480154598154737e-01,4.565212290551722840e-01,4.979964916924521368e-01,8.528568342382065737e-01,6.750283470843750910e-01,7.341465910681148621e-01,6.698330841679369652e-01,4.194106833196374340e-01,8.322720075832864550e-01,8.511420894317487384e-01,9.722718805293667499e-01,4.398067516342994976e-01,8.120837449970921273e-01,5.320054037163320926e-01,5.293818363488118628e-01,8.171076108667543192e-01,7.691524959431347286e-01,6.716700118673210040e-01,4.091360580654089252e-01,8.807568439095299073e-01,6.797821062516531399e-01,5.669458321910811893e-01,8.639229743813617857e-01,9.584939279277724378e-01,2.359554860107177521e-01,7.749648483809080668e-01,2.459744309377857596e-01,9.110992738341049391e-01,5.078289192767666549e-01,8.454965494974501228e-01,3.950809944709369748e-01,8.225080095826131643e-01,8.424906418324374924e-01,3.086036382216321150e-01,4.832216678325899073e-01,7.796529614869113223e-01,7.312378642305429333e-01,5.001144890073795368e-01,6.886999092279690871e-01,2.600293345684023816e-01,3.727238585032799367e-01,3.240655954760673918e-01,8.115920514158700971e-01,6.231885684519962165e-01,4.154210682704371216e-01,7.039977006363171697e-01,7.131997654778136075e-01
7.502145926421595057e-01,8.738579207969350282e-01,6.485308191969449965e-01,8.052484988421796386e-01,0.000000000000000000e+00,9.714106400610531544e-01,7.901285611708053214e-01,7.664356659602763466e-01,9.914453864348068413e-01,6.648853411902616584e-01,6.404473378275742368e-01,8.342295009746133472e-01,6.429958215314803827e-01,-1.767591867828444407e-01,8.177429099479096575e-01,8.679412536089733399e-01,6.806671715973537928e-01,8.024944591462747079e-01,6.305883495815174378e-01,9.605653694379829854e-01,2.537295597465911989e-02,6.839981319803803972e-01,6.965586331142552545e-01,8.168161069153825338e-01,2.838331573047255252e-01,4.037446356821075555e-01,5.418997068516844262e-01,6.153153011783021320e-01,3.240637610062406804e-01,4.988900045148859097e-01,4.776383845401608319e-01,7.666899835485938564e-01,4.298866270259851241e-01,4.873349419792900594e-01,2.504745580813760308e-01,4.951006335258789637e-01,6.306282648528208634e-01,2.479442562410701101e-01,8.428134089743291035e-01,7.474957673192589303e-01,3.981706884115214229e-01,2.110498287368512138e-01,6.501642775339876446e-01,8.915182210299537058e-01,7.151337607964538545e-01,7.573164468615926070e-01,9.402426263084450175e-01,8.904091450559782350e-01,4.817845533993697638e-01,7.172288606635042196e-01,7.122087050516484608e-01,9.149527601983922231e-01,4.962392357088737382e-01,4.018628531135665094e-01,9.635652630543364294e-01,8.705912619389662988e-01,5.794406561494789276e-01,6.017406321273384151e-01,9.096023082199309329e-01,5.015669967866621670e-01,2.334082062626077481e-01,2.362778643620536689e-01,9.678612853542134520e-01,7.447984962648900309e-01,9.264243591121454902e-01,1.996352585702604043e-01,4.073677651443231573e-01,8.467272173993400930e-01,7.292592153248588227e-01,7.184583678970740683e-01,4.526758471352109736e-01,7.576621767467903723e-01,6.412641831612918564e-01,9.332907646238749466e-01,2.960380826708971513e-01,7.609130292895169845e-01,4.988449738211629403e-01,6.794109412255799896e-01,6.610191626496941808e-01,-9.547163765905845867e-02,9.512927614969841628e-01,9.627710430879343750e-01,2.584036247040902290e-01,5.914653377294484260e-01,8.624964741881094854e-01
7.981568862335552961e-01,9.413583791799051692e-01,-1.749850535416717645e-01,7.487871793316593916e-01,9.714106400610531544e-01,0.000000000000000000e+00,4.021493905746877928e-01,3.653091325522289656e-01,6.568214943109960124e-01,6.396740338882784815e-01,6.334020554959425287e-01,5.957221294588561644e-01,8.772915938432329641e-01,6.366817274659954951e-01,8.877701977551785140e-01,-2.719481393520184476e-03,2.929093548846829487e-01,7.894193917133196514e-01,8.714335702787888716e-01,6.856633937939943246e-01,7.057118361415506413e-01,4.450812691698576296e-01,6.794874049534073146e-01,7.117955822775254848e-01,4.249969187705929796e-01,6.707816681692728711e-01,9.062462308055804217e-01,7.917058749267467110e-01,4.551859440344276364e-01,4.974439069798328172e-01,2.976031798762373559e-01,6.779835965542124754e-01,4.789587523784291090e-01,9.244254050215400254e-01,2.706980445187473494e-01,3.929272084963867928e-01,4.858536230023102753e-01,6.942118717691014851e-01,8.583756633111214729e-01,4.237934863266261676e-01,4.579742166588849361e-01,6.723499503442674774e-01,8.658410967159728688e-01,8.954444147946137855e-01,7.983228999387569358e-01,9.325277964641348616e-01,8.786757014863192383e-01,2.639646763775645444e-01,6.324819392644571714e-01,6.411243014657026507e-01,7.434875378579063332e-01,3.726540744309934095e-01,5.634094847520765281e-01,6.176214035376145217e-01,8.885663798979155370e-01,5.317768062841856658e-01,6.559542664525873645e-01,6.355993286768056860e-01,8.865201780980338508e-01,5.548990323581570738e-01,4.204626917958785848e-01,2.885512177171730697e-01,3.285806279260292673e-01,8.819603630847925313e-01,8.324789824121049397e-01,9.758382990045229022e-01,4.444162516122097673e-01,9.332446316516989082e-01,4.375707937390734825e-01,7.071825771592602505e-01,7.329165517378383177e-01,9.683237193800798837e-01,5.837399221389610871e-01,5.155918224297846297e-01,6.331654403688458110e-01,9.260063797957092113e-01,6.141728443100858970e-01,7.410638055485345710e-01,4.656593329294687611e-01,7.609110663348636061e-01,7.954584915824227664e-01,6.823894812455358894e-01,6.333705247860448306e-01,5.545419669766736837e-01,6.315639279995939326e-01
7.225287888593671104e-01,6.341167122635912312e-01,9.843880005451001169e-01,6.265678463106718610e-01,7.901285611708053214e-01,4.021493905746877928e-01,0.000000000000000000e+00,5.494771429356921644e-01,7.328975510581766661e-01,5.299596319853571158e-01,3.596585829584106886e-01,7.466999202941424496e-01,8.832540988160818562e-01,7.930811974429281541e-01,5.036943622907753548e-01,4.057769028081079088e-01,3.767177718223925775e-01,7.980340697896659563e-01,6.234095494040392538e-01,6.681946846913442428e-01,8.283916821547255838e-01,5.832684786898824081e-01,4.246884917339823762e-01,8.738532840212157593e-01,2.863397547690991751e-01,4.106218037158322343e-01,3.876734659079693612e-01,6.962319213746717139e-01,5.623581692156582879e-01,3.929378883315041149e-01,5.891795414197797953e-01,7.800675632451828934e-01,2.638467045677819409e-02,6.074017177280708335e-01,6.898853227699215385e-01,5.920631925439059362e-01,6.851235739652594692e-02,5.419409888422991317e-01,4.090998759215722091e-01,6.700565214882761023e-01,6.733426703222236132e-01,2.544456014587409554e-01,8.769140910016510748e-01,2.574815462999633930e-01,8.858610411981254762e-01,7.948569762432106112e-01,3.546396899052810525e-01,6.947756828037682242e-01,8.858860862441887418e-01,5.212296409344920889e-01,5.536197642195168633e-01,6.138592610181821396e-02,7.834816501947372558e-01,5.828567169008421756e-01,6.032011476499902214e-01,4.650839917165219273e-01,2.781123479376403362e-01,5.767718451461572027e-01,1.807159599913753245e-01,6.325697374916718907e-01,7.015561220440328372e-01,7.732724332887686014e-01,3.385449833929064511e-01,6.273290612639691455e-01,6.976855410777190736e-01,5.394969897302467343e-01,7.660588839687331175e-01,7.043433867692102668e-01,6.627099935573974587e-01,4.127242386938796415e-01,4.596689497084249232e-01,2.690494168289374599e-01,7.609624246311126328e-01,7.684187015230246054e-01,8.864533310159838919e-01,5.425787483170904091e-01,3.511719746016582766e-01,6.936249975195027950e-01,7.975077067789819729e-01,3.369156979391025319e-01,2.450471385831221038e-01,7.655104254897225902e-01,4.283780151796606206e-01,5.977019763346220760e-01,5.677593563683941413e-01
6.528736279992283231e-01,7.197589239499255775e-01,7.527493986815440019e-01,5.944096956551769839e-01,7.664356659602763466e-01,3.653091325522289656e-01,5.494771429356921644e-01,0.000000000000000000e+00,5.689917929352390491e-01,7.389631113625585446e-01,6.747515371753008973e-01,6.917782829843027725e-01,9.866393589266824193e-01,6.495330240636673080e-01,4.546864141184484565e-01,7.522689184816835350e-01,7.441164344030447575e-01,6.014972775360055701e-01,1.346913317797581444e-01,8.059184085337272041e-01,9.855039747869878131e-01,7.482558515485723261e-01,6.930720664048504176e-01,6.130556468511506596e-01,3.349349672274775508e-02,6.730272973574020767e-01,4.749353374262126337e-01,4.994830622408715781e-01,4.650400347465779571e-01,2.873306424916950985e-01,5.000630594544970275e-01,2.849150100059402169e-01,3.932478505863368223e-01,4.558543012487540347e-01,6.578073748059181103e-01,7.143656059510219425e-01,2.425226020668783955e-01,6.655144326564161883e-01,7.999398461446119990e-01,5.658625417828092585e-01,5.482140551860328337e-01,1.294033004198458410e-03,6.956501329357288599e-01,6.502554348584242971e-01,8.747658992921402143e-01,2.720196065697837451e-01,6.164404139272088301e-01,8.621191905294133262e-01,7.127574008701271779e-01,9.538669523718468213e-01,2.355429358427122977e-01,3.031153940744170106e-01,5.836468948203881180e-01,7.521222780928150664e-01,6.678198427476336185e-01,9.585185506569824376e-01,9.713748649326772178e-01,6.774342114759450695e-01,6.865527121451102666e-01,5.472638096715661815e-01,4.273449458204419127e-01,6.053123452302585639e-01,6.932809000431066071e-01,8.422313930282685490e-01,2.295930556982857529e-01,6.999476334860029736e-01,4.256728341870352761e-01,4.331327963174675388e-01,1.918150190055075699e-01,9.814160790391305289e-01,7.044697389274836574e-01,4.917813768596265289e-01,5.693646222408670354e-01,7.386667949248613141e-01,-1.722078416142332202e-01,5.295471725232714366e-01,5.280225246391404559e-01,3.069167347535880497e-01,2.370929848598928580e-01,5.569909184608664576e-01,5.195165976379945150e-01,8.481696124371893575e-01,3.576516394075609506e-01,2.053736300368379231e-01,7.900672381364216568e-01
8.739071460960906590e-01,7.577813435349654014e-01,9.232533252685984904e-01,6.048208535654462370e-01,9.914453864348068413e-01,6.568214943109960124e-01,7.328975510581766661e-01,5.689917929352390491e-01,0.000000000000000000e+00,5.922834823805711579e-01,6.209271552396005145e-01,1.981795948769523585e-01,6.574636819478827388e-01,6.633197767795465660e-01,5.436473275647533132e-01,8.636015259223770446e-01,6.664805931508107628e-01,7.010771543758611557e-01,9.866751158891116091e-01,6.427875571332455351e-01,5.818146309243792391e-01,9.006241502633854923e-01,4.594732003395056719e-01,6.545764055797917980e-01,7.137502373408719514e-01,1.787235835708202436e-01,7.592005307393451252e-01,7.503148751213897238e-01,7.621312779423107253e-01,3.984617974104166516e-01,4.561677479797551227e-01,5.228414697328060967e-01,8.342151493440012056e-01,8.447365672294636640e-01,5.799246684211775138e-01,-2.782132569761797125e-02,2.573013120614142668e-01,5.942524642023159220e-01,9.643356026958225247e-01,8.712739188663276568e-01,6.601438102366657956e-01,7.216028667789295969e-01,8.828592004530054771e-01,7.820958887192754894e-01,9.409215593802346955e-01,7.261308489004898448e-01,1.773182830696354850e-01,9.992179217927671386e-01,6.427533898706898619e-01,6.242804791428661071e-01,7.797610108348986824e-01,6.470560203981594594e-01,9.624434017588932022e-01,4.852484639835654701e-01,6.557690684508726831e-01,6.364543523651933210e-01,8.870238261040207517e-01,6.131671268971958799e-01,8.028370718116101257e-01,6.684007812573408147e-01,2.872802862940898594e-01,2.216964317964125741e-01,4.369295915035707467e-01,7.260209768140614139e-01,5.021691607044063144e-01,7.341104273800397317e-01,4.747106471041626086e-01,8.794452685717877305e-01,6.055725370648485928e-01,8.079980792894083663e-01,5.938080794852313993e-01,7.702462072465813270e-01,3.578634813303401829e-01,4.297080346575013476e-01,4.196258612500736174e-01,7.428720232061575279e-01,6.590846017067546470e-01,6.926677285787250504e-01,2.475418720037633746e-01,6.528015534564972633e-01,2.157234134798556024e-01,7.490171578657844886e-01,7.784433987574531644e-01,7.107148446894925309e-01,4.367101676953240585e-01
7.355083840889014013e-01,9.110876908575996636e-01,3.973715254456838819e-01,9.126120522592392481e-01,6.648853411902616584e-01,6.396740338882784815e-01,5.299596319853571158e-01,7.389631113625585446e-01,5.922834823805711579e-01,0.000000000000000000e+00,7.593777458570526440e-01,5.755145147132181283e-01,7.053916318334518820e-01,9.172608842963519971e-01,7.133544899707537912e-01,4.658126950070768935e-01,9.641549700123821509e-01,7.444563196709704789e-01,5.787811607311671436e-01,7.041202546989604460e-01,7.295261566898332273e-01,4.678086102123316659e-01,7.643230731439851766e-01,8.807072787376716283e-01,5.105548291973576180e-01,9.768393409342949196e-01,7.064507629850063086e-01,7.728025545047276790e-01,4.020392189979203335e-01,5.706185602771460808e-01,2.616332303156876926e-01,6.630432215285005926e-01,7.951535319961159365e-01,9.478973656042610774e-01,5.416598262167476863e-01,6.246812680579938437e-01,-5.342909870202369738e-02,4.643302551551884982e-01,8.179829257685647947e-01,7.454355584194567452e-01,7.190107382978372375e-01,9.905930627588415138e-01,2.602774218564046227e-01,6.280415030847531499e-01,6.866712303292790143e-01,7.321593026126571591e-01,3.249557437088479439e-01,5.078017515808679327e-01,6.123034385931285239e-01,6.235353379135116780e-01,6.204998190409206638e-01,6.592511204771633881e-01,8.733574784904292176e-01,5.030219558766464427e-01,8.561399578936417232e-01,6.294423559320588835e-01,8.762937272011394052e-01,9.723515497861400236e-01,8.856825100626453118e-01,5.095864674316112897e-01,6.881026207451159671e-01,6.279406752672220815e-01,8.390344513688307027e-01,9.559938546096811152e-01,9.225239817466455161e-01,9.971556770610048304e-01,7.322010197410300236e-01,9.350828337697392190e-01,6.839408108384546769e-02,6.614539179598286633e-01,8.477015574435353695e-01,5.338129787015730709e-01,4.890636542098114048e-01,5.095033220672551266e-01,8.401794735391695523e-01,8.197371616177551168e-01,9.404258925151411930e-01,8.273361617848697946e-01,4.866455052595075048e-01,2.533037126203319198e-03,5.750648112359247888e-01,6.685244496049136398e-01,2.192235984995037634e-01,2.573497766835122769e-01,7.378773915723289001e-01
6.354283353857779204e-01,9.888191330332811724e-01,2.267869459882060901e-01,9.862500225659974751e-01,6.404473378275742368e-01,6.334020554959425287e-01,3.596585829584106886e-01,6.747515371753008973e-01,6.209271552396005145e-01,7.593777458570526440e-01,0.000000000000000000e+00,8.768529116528273049e-01,8.800461109020256689e-01,6.084210140705331726e-01,9.667157621737643147e-01,6.857014711857967182e-01,7.726028222336072115e-01,6.627534353663976363e-01,6.741402327263367189e-01,9.670783712933690435e-01,6.005493574232462217e-01,7.882797366730851518e-01,6.708489127595553825e-01,9.457657796061263999e-01,6.694576933998321877e-01,9.405811239478405472e-01,9.092799868660751406e-01,6.952499496534095824e-01,7.702941754502730110e-01,7.654138688312781547e-01,7.658909927692147956e-01,6.927225269537399255e-01,6.279674851611533049e-01,9.270360936574197908e-01,8.280691682293505052e-01,6.204607592357880286e-01,4.583173848611960532e-01,7.482788505367777843e-01,9.421526808178292134e-01,8.400455708034018087e-01,2.647128842904314938e-01,8.319219590424586919e-01,8.187809692218593893e-01,9.332739954684234895e-01,7.783665225348171957e-01,8.399381525176541352e-01,7.547667740477929099e-01,7.049243354396727002e-01,5.004724460711281742e-01,8.053388321079678613e-01,7.729116948996818115e-01,8.850494757204798724e-01,4.476417518134840345e-01,6.601983779994893276e-01,6.574101887936169009e-01,8.624898740077918680e-01,6.177834817366483211e-01,6.917025510715312242e-01,4.729457071523753275e-01,4.607307761710959237e-01,5.637104455844103024e-01,9.185512311866373958e-01,6.577908031201842309e-01,6.956968152993222576e-01,6.838417981321806005e-01,2.863906778914324658e-01,9.241787559504204275e-01,6.607596815006080426e-01,3.206315774175214628e-01,2.260578274351905670e-02,2.301867701641509001e-01,7.848450777868842820e-01,3.093949384512149625e-01,4.719246166124716479e-01,6.634133376102182567e-01,3.028768811768260960e-01,5.683243693273842823e-01,9.238458093076399313e-01,7.218920294199336896e-01,5.893331382864126500e-01,5.182841720831706800e-01,1.763705558290511524e-02,9.072790597691259284e-01,7.486944389897467467e-01,7.782334500704686242e-01
5.471475647418417854e-01,8.856603836919060280e-01,6.840232680063934589e-01,8.111537291795605231e-01,8.342295009746133472e-01,5.957221294588561644e-01,7.466999202941424496e-01,6.917782829843027725e-01,1.981795948769523585e-01,5.755145147132181283e-01,8.768529116528273049e-01,0.000000000000000000e+00,6.387804109373542705e-01,6.820975821774694081e-01,6.709747528407290496e-01,7.349607493599636943e-01,8.015671580688695785e-01,2.434516447283105733e-01,3.163252103054638997e-01,8.263797398710346354e-01,8.109605305200253689e-01,6.268796616873466565e-01,7.762424358697121995e-01,7.822034166398259547e-01,2.153214812285197122e-01,6.405717892310521799e-01,6.302153260987198857e-01,9.147363910745852644e-01,7.221334252247545438e-01,7.669873765061867577e-01,7.273929070598005309e-01,5.558121670420870242e-01,6.033987556204589708e-01,6.349542154586605980e-01,6.467908174971839230e-01,9.499402933151085415e-01,3.749300379478689438e-01,7.937697010794253494e-01,5.117837183161911829e-01,9.570913970688673666e-01,4.042960929358019317e-01,8.968390172678537553e-01,8.230700185784389777e-01,9.501174407416465018e-01,7.558424211568759432e-01,6.062263526171246530e-01,8.835686975157465151e-01,7.940532882322546282e-01,5.833509416013062943e-01,6.168188173361717208e-01,5.802929611227057860e-01,6.446678383424029324e-01,7.783301063381369289e-01,5.400125865417557680e-01,7.059186634518550552e-01,6.127658696843938380e-01,7.847289154210586037e-01,7.021473105193515307e-01,9.167216968878101335e-01,6.545492371207428661e-01,-5.919911959083515307e-02,9.529091073568031200e-01,7.176191661374594633e-01,7.759339962617594066e-01,9.828558459594664010e-01,5.006895510478264200e-01,-4.573391940386500876e-02,4.281180981996079438e-01,4.075418144234373985e-01,6.000760072417414825e-01,7.449469880403303268e-01,4.571475384149258914e-01,4.348796587960914173e-01,5.028721992078168945e-01,6.031585993702391901e-01,5.880262465152360507e-01,9.430113743222543476e-01,7.950071375717203681e-01,5.668774751706228132e-01,2.377794296544398500e-01,5.232690233959784720e-01,2.412601690414086231e-01,6.102485180187579017e-01,4.490591474914120695e-01,5.159387609094988614e-01
8.382054826181369878e-01,6.211263174715295765e-01,8.360721489842344312e-01,8.167319734499306483e-01,6.429958215314803827e-01,8.772915938432329641e-01,8.832540988160818562e-01,9.866393589266824193e-01,6.574636819478827388e-01,7.053916318334518820e-01,8.800461109020256689e-01,6.387804109373542705e-01,0.000000000000000000e+00,6.333674750871142178e-01,6.500275414884376657e-01,6.569534485521406619e-01,6.564881243692222146e-01,6.259532149620395947e-01,6.311302193325208920e-01,8.193481700889452268e-01,5.074328989644623089e-01,6.854603746170734313e-01,6.228921281748374117e-01,4.485567927462790205e-01,2.893206034686600092e-01,5.282421760710743763e-01,9.819852644526951835e-01,6.119144678121278824e-01,3.193388163697116755e-01,4.675453204685878217e-01,3.011077408745259643e-01,3.306952979159252237e-01,8.140425852291384157e-01,5.460795139909209173e-01,7.247642545503273359e-01,2.189623414281232153e-02,5.712575469841612019e-01,4.413738226764416517e-01,6.512817273385825834e-01,9.970374384078356522e-01,2.615204367485302051e-01,-1.262349627272824626e-01,9.948743620094336881e-01,8.608710360077385104e-01,9.023155887259184382e-01,7.697741176309025324e-01,8.135359112791706870e-01,9.145809384069371051e-01,9.119830069534708983e-01,3.012867398847684508e-01,9.724964743917584586e-01,2.915697055071608257e-01,8.098924596893908312e-01,7.012583601449861037e-01,6.016349324654464148e-01,8.230333093136646960e-01,7.125572981632097846e-01,7.010147169880268647e-01,7.221331706505829118e-01,5.726686367733323513e-01,6.363683078111590508e-01,7.251463885903632889e-01,7.938578102051316865e-01,9.116250181407827835e-01,8.848502341800132953e-01,8.826155855042852050e-01,6.866053132399129177e-01,5.445152995257683815e-01,2.154205216151156566e-01,7.877134815144309909e-01,5.066800282621393148e-01,9.122877621064808817e-01,7.142199291351936097e-01,4.902335977343134643e-01,6.652752517273058386e-01,3.178169751925751241e-01,9.520613640217867601e-01,9.324962884203529256e-01,3.547358598182523415e-01,2.199650916141183132e-01,7.440080053409729999e-01,2.190520211287563246e-01,4.646437259491978944e-01,-9.014363319616555681e-02,7.948623368203954209e-01
8.969264689302243188e-01,6.335399087426617504e-01,3.272952384372211920e-01,5.334512861305589215e-01,-1.767591867828444407e-01,6.366817274659954951e-01,7.930811974429281541e-01,6.495330240636673080e-01,6.633197767795465660e-01,9.172608842963519971e-01,6.084210140705331726e-01,6.820975821774694081e-01,6.333674750871142178e-01,0.000000000000000000e+00,7.302181654234484176e-01,6.888836198866007399e-01,2.374898381571008965e-01,2.165147065049425612e-01,6.329542914351793392e-01,5.724624183527400323e-01,7.449157057704156593e-01,2.564306316655168283e-01,8.262192659486677915e-01,9.137672333716967410e-01,6.489636569200140093e-01,6.203153209588641026e-01,4.078355133740940719e-01,7.872227780927741891e-01,6.959110893020145072e-01,3.562059963427238185e-01,7.453051419662464205e-01,7.600080014719285959e-01,6.135258694579690530e-01,3.762230100215926965e-01,9.009229534179991061e-01,4.189060740999028809e-01,5.568215051947629224e-01,2.525881351098177019e-01,9.901144400658645761e-01,5.481158285331100277e-01,4.352380315350960482e-01,8.422555107456488610e-01,2.995420216260220592e-01,6.031881489121695417e-01,9.617989253949387196e-01,8.247658418651213630e-01,8.999671353636009563e-01,6.078944420266870763e-01,5.363213495350719340e-01,7.283969549078139760e-01,6.039084077082299551e-01,9.253740955709793825e-01,8.300367587115698997e-01,6.005605805321453383e-01,7.072475157197687379e-01,9.437110279395556356e-01,1.836279570254269744e-01,6.617584344031508525e-01,8.073899486336238995e-01,2.987360513977291854e-01,5.451515923540858344e-01,7.711804056400214380e-01,5.716575991887135055e-01,6.199660117605970688e-01,9.447101472676640022e-01,4.330929890595373033e-01,8.705632605648920830e-01,5.308085019656095804e-01,4.891514947743515473e-01,6.215540553097508303e-01,6.954925144385906144e-01,4.174936706502931361e-01,7.817457701821554084e-01,6.833868694909125407e-01,6.285642797856731967e-01,9.672773925040767384e-01,4.092825266140414087e-01,5.751383872396280683e-01,7.733583374607355676e-01,8.977959463971234566e-01,9.063467724647114032e-01,5.108031914117628913e-01,4.358172339735997269e-01,4.426774915473881689e-01,5.799741499633515041e-01
9.152793251883274417e-01,8.124930777031872386e-01,9.220245598699067235e-01,4.883212696809481890e-01,8.177429099479096575e-01,8.877701977551785140e-01,5.036943622907753548e-01,4.546864141184484565e-01,5.436473275647533132e-01,7.133544899707537912e-01,9.667157621737643147e-01,6.709747528407290496e-01,6.500275414884376657e-01,7.302181654234484176e-01,0.000000000000000000e+00,7.032605766241427636e-01,7.324565623864220942e-01,6.472289754017639396e-01,6.971808405143148368e-01,9.948273374936864588e-01,8.998735039546993386e-01,4.072919745661746083e-01,4.564004410421336755e-01,9.268667240753183378e-01,9.557867517643343636e-01,3.153336607687890480e-01,8.970660984363028057e-01,6.801949869051148179e-01,5.042030764353397920e-01,3.280673766397881330e-01,7.443309664002024650e-01,7.917717039196632278e-01,8.298113033244113312e-01,5.382735860499501257e-01,7.049292140424653352e-01,4.480671747969691698e-01,1.683228504278526660e-01,6.511766016587176020e-01,9.108931781307149089e-01,9.094829319304785775e-01,3.156029520657093745e-01,6.783945920789972162e-01,6.338878598273539611e-01,7.693049787675927398e-01,8.040839897034524064e-01,7.053905162808561391e-01,4.977050001567159820e-01,1.174844639712094019e-01,6.129596126391027022e-01,9.229487272895302574e-01,8.940773928335596921e-01,6.685810520771275911e-01,-3.091770742241851111e-01,4.755115332703724884e-01,8.641612431353291601e-01,7.334142586657468321e-01,7.415411127005981928e-01,6.548005902482665341e-01,5.059458104012594104e-01,4.596681136609929719e-01,5.147736137155278779e-01,3.332640871260431625e-01,9.586563781951069618e-01,6.735270534558055466e-01,5.743097162909130970e-01,3.234746330583673779e-01,6.455094248955451919e-01,4.372790249116565442e-01,6.508334900247967347e-01,6.966195856553082377e-01,9.769097998637668034e-01,7.418976182102222650e-01,6.650938903931892243e-01,4.164642098336375220e-01,6.267941561845653542e-01,4.732822839134905313e-01,7.869438161083404104e-01,6.889972879202762579e-01,6.943755187573492638e-01,3.433169574657122247e-01,5.941020090936103282e-01,9.458479255562154409e-01,8.108436887104960578e-01,7.587613669586840137e-01,7.078757556970083353e-01
8.302523280870613975e-01,2.454040641288384450e-01,6.466136511175851753e-01,5.405049464727649244e-01,8.679412536089733399e-01,-2.719481393520184476e-03,4.057769028081079088e-01,7.522689184816835350e-01,8.636015259223770446e-01,4.658126950070768935e-01,6.857014711857967182e-01,7.349607493599636943e-01,6.569534485521406619e-01,6.888836198866007399e-01,7.032605766241427636e-01,0.000000000000000000e+00,6.282251479676776995e-01,9.470144161170932495e-01,9.978579017196843592e-01,6.274971146230602370e-01,4.222933974366470666e-01,2.710578127115500502e-01,7.204184538078248767e-01,8.270919746597302780e-01,6.197902158050515586e-01,4.304532752029149867e-01,7.644580442866655279e-01,9.376667676698033915e-01,3.214123475168266242e-01,4.648766943790162420e-01,-3.452587575024372302e-01,8.579194427662980571e-01,9.235230208174931565e-01,8.182494763365913970e-01,7.976216654325518629e-01,3.293259583007746572e-01,3.127066368468395252e-01,3.655435381714027265e-01,9.784410486488018810e-01,6.697700116732711040e-01,5.410453474846054212e-01,6.299361623916215347e-01,8.031952884633923873e-01,8.864878593473516366e-01,9.753394613478914010e-01,8.389405864080009545e-01,8.804289925250645688e-01,8.286247778313479140e-01,6.670527552445636443e-01,8.134496313422666658e-01,2.673877762250527756e-01,2.455837453527839054e-01,7.162537241205196858e-01,6.445754963949050786e-01,8.183373526063567605e-01,6.790567304534727011e-01,8.806808700679277235e-01,9.037383118805811799e-01,6.236040323399876240e-01,3.879909810991423180e-01,4.582180070170936009e-02,7.309073508553742826e-01,4.127977347417643439e-01,5.829954688096291582e-01,3.466630987803354103e-01,7.288724906887180666e-01,7.877143266135459010e-01,7.788526531363342276e-01,2.861998901904694859e-01,5.806526607175696020e-01,8.832666121737208220e-01,8.779954187519912745e-01,5.984025611405869860e-01,4.485325519038920183e-01,5.539777441236541922e-01,8.096239013188777367e-01,8.617009517916927042e-01,7.687134361092811119e-01,7.185122137663356723e-01,2.276368548739094444e-01,9.887559374095400422e-01,1.224590870280869020e-01,8.841303147983556876e-01,-1.862634218175089063e-01,6.537402926779628531e-01
8.006710610291400965e-01,9.517339610978922115e-01,8.296878768969702111e-01,8.266177573018561597e-01,6.806671715973537928e-01,2.929093548846829487e-01,3.767177718223925775e-01,7.441164344030447575e-01,6.664805931508107628e-01,9.641549700123821509e-01,7.726028222336072115e-01,8.015671580688695785e-01,6.564881243692222146e-01,2.374898381571008965e-01,7.324565623864220942e-01,6.282251479676776995e-01,0.000000000000000000e+00,7.859253818191991314e-01,9.698201065749257888e-01,7.054588645349958442e-01,9.415416658161870345e-01,9.222515257228129926e-01,9.103052753416714937e-01,7.200500760294568092e-01,9.202275889856345037e-01,6.979598443641502614e-01,9.094733697637007452e-01,3.060586101088015321e-01,6.752897909277451038e-01,4.527093111886358878e-01,4.617404749318730905e-01,7.503893874443656742e-01,8.067550580893669832e-01,3.485377649744018091e-01,6.388316655713293102e-01,6.006437466837061256e-01,3.926576612208906303e-01,8.011348069007256933e-01,9.379372388204889610e-01,9.247413610254026084e-01,9.202721396312866231e-01,4.424317548305798931e-01,5.584079825263490449e-01,4.255155830770038228e-01,8.916042377219810522e-01,5.039073513562174478e-01,6.931861213748321537e-01,6.616590146883385426e-01,7.417680315946544312e-01,4.912107258918809172e-01,9.053228603988460188e-01,8.382191476822447029e-01,2.188404764474735642e-01,8.992533271391374150e-01,7.972797111679437165e-01,2.473981594687804375e-01,9.301534423298088994e-01,8.532660080626780497e-01,9.427980354643179517e-01,2.446660925270192216e-02,3.791864370733905587e-01,4.735429267206757165e-01,9.439798198017843589e-01,8.203113469623065646e-01,7.334074765358451486e-01,7.716321949423442517e-01,6.286794990916989567e-01,8.062015332342078455e-01,4.113905523986156609e-01,7.490308297619469036e-01,8.466784744094223436e-01,3.657838297798005067e-01,6.362575546146410632e-01,3.359432320078372669e-01,5.643462081925422202e-01,6.300620731356716409e-01,8.238965061973344550e-01,9.785162550595136732e-01,6.457143079969243082e-01,4.773604972556022563e-01,5.800878049067926812e-01,7.487858613281797027e-01,7.880252527213587044e-01,4.371062517869040431e-01,9.363488075945186617e-01
6.040890055976816386e-01,6.490425843958401719e-01,9.574824356634212830e-01,6.699900089035314421e-01,8.024944591462747079e-01,7.894193917133196514e-01,7.980340697896659563e-01,6.014972775360055701e-01,7.010771543758611557e-01,7.444563196709704789e-01,6.627534353663976363e-01,2.434516447283105733e-01,6.259532149620395947e-01,2.165147065049425612e-01,6.472289754017639396e-01,9.470144161170932495e-01,7.859253818191991314e-01,0.000000000000000000e+00,6.864464368154515883e-01,6.765830101742714708e-01,3.835878392349955091e-01,4.677217588867531584e-01,5.568978455701351082e-01,4.637420615271679036e-01,8.047821876125792473e-01,5.417539170930788517e-01,6.599258143974376933e-01,5.687145625233455126e-01,6.713627877290959667e-01,2.636627251648571701e-01,3.509201548127389159e-01,8.094127560521429121e-01,9.465187997299306932e-01,7.325797090786423382e-01,3.882844413958717045e-01,5.251110521899934325e-01,5.380557894639312888e-01,8.060561656841488398e-01,3.530347432707053867e-01,4.018226612245303642e-01,4.314889925790674763e-01,7.715284994547950970e-02,5.253038202861471939e-01,3.743240720636468177e-01,7.914714398442926901e-01,7.397758190255158128e-01,9.772008732316259660e-01,4.828117697239466266e-01,5.438661838644009983e-01,7.836293620766603407e-01,6.408482551701293051e-02,6.854558016859342573e-02,7.262929679610155009e-01,1.780222809619560476e-01,6.491623663793384402e-01,5.404969452959516030e-01,9.300843679387215124e-01,9.854950008673956097e-01,9.822613457762321421e-01,5.519058319131999735e-01,3.487091891290730605e-01,3.711292449711569019e-01,4.626974403683530856e-01,9.565639533856805654e-01,9.121943715743754399e-01,5.156922853603776447e-02,6.844975195222902098e-01,6.863474440468412263e-01,8.147227722703264119e-01,7.282898490689524440e-01,5.212409904000007144e-01,7.304037649421774026e-01,9.405966681896208437e-01,3.808541126221742790e-02,4.038152453618318316e-01,6.606658893059473847e-01,8.971031560072050270e-01,8.240207540255378715e-01,1.074974025168702330e-01,4.850698050486146329e-01,2.746984208405752192e-01,4.561736173939751615e-01,7.995524151773523158e-01,5.222160043823631526e-01,6.774431275819785547e-01
