0.000000000000000000e+00,9.099832219761204710e-01,4.035595389209938877e-01,8.162868665313167682e-01,6.184897882624420529e-01,7.328168789404102546e-01,8.916320187384121354e-01,4.759068636530779939e-01,8.656582773564600597e-01,8.075355640355893483e-01,6.150627478407179050e-01,8.666292386488257948e-01,9.594988729403428618e-01,8.926236732722397926e-01,7.610660817748990947e-01,6.552016161713067888e-01,9.732867378878654607e-01,9.618674040882736476e-01,6.933503668422101862e-01,8.259646640817124297e-01,8.095095675257786283e-01,4.651174232721245749e-01,5.859017841657283565e-01,8.993539437699217265e-01,8.642278106487011335e-01,6.727411430338265941e-01,8.323312927346859791e-01,9.886863899891782381e-01,4.952688608452375241e-01,3.478605915557600459e-01,2.997658064587972460e-01,7.520352477785083867e-01,8.955033593956718274e-01,6.097226473449158801e-01,6.023688596690173203e-01,6.451748705117258398e-01,4.837937707400206677e-01,6.406136502942640920e-01,7.265786218226664150e-01,-3.659193287642767412e-01,-3.606127137114821801e-01,9.601385114102791718e-01,8.737958697508988459e-01,6.741478716540764138e-01,9.799229695261197914e-01,4.911327654804442666e-01,5.926096623346173153e-01,9.940001069069899220e-01,8.919360571487153777e-01,8.863167246375877051e-01,1.338369573026150505e-01,6.234852272033597487e-01,9.060582052876925419e-01,8.648414709408018819e-01,7.686373300665514385e-01,6.986176924306524150e-01,5.759479777906743037e-01,8.495245702487123074e-01,6.570393569064442163e-01,6.987224060797080361e-01,6.188655587302028804e-01,7.733822581672946672e-01,7.865827800755645915e-01,9.991686907359608183e-01,7.659955522392153382e-01,2.395390537759274907e-01,8.802985772891953609e-01,7.416908362129508436e-01,8.966075546725748024e-01,9.133621789998728202e-01,2.831058998083490486e-01,8.013435815136560336e-01,1.375672183338253196e-01,3.608722157065775704e-01,9.422268802254996078e-01,6.767659120648801263e-01,9.326943712149691201e-01,7.862935042877731151e-01,3.204744416503833015e-01,6.680935070361532224e-01,8.456390041506411936e-01,7.974907734537326487e-01,7.333283960293248693e-01,4.116088335812962962e-01,9.807336407454656513e-01
9.099832219761204710e-01,0.000000000000000000e+00,8.758261984587483173e-01,8.545577058896894895e-01,5.593338127115996677e-02,4.100049810601886224e-01,7.505638850509744886e-01,9.060157500616179416e-01,4.138800994327426208e-01,7.062283699012565918e-01,4.358854369888053859e-01,8.113532372344178789e-01,7.003840399237920566e-01,7.570657917317421548e-01,3.336575468222544583e-01,8.984092140226095369e-01,7.412175145335673232e-01,5.480235995639699542e-01,6.520153204639449473e-01,6.337775083971406431e-01,9.949322638947271091e-01,6.066955940170664086e-01,4.478186221866392591e-01,3.268069794584540499e-01,6.468529215534829513e-01,6.339680250660865157e-01,8.425225395237130321e-01,7.304434885994530724e-01,7.172079426503089605e-01,4.351695871731555698e-01,-1.334593997348124672e-01,5.876744712689616623e-01,7.714870616899000000e-01,4.603617269030561565e-01,7.646287566844043315e-01,6.031941864143244292e-01,7.300152893197363602e-01,3.145622270005563603e-01,7.198610561233285132e-01,7.117875732474764350e-01,5.461456044787668107e-01,9.604078657065632241e-01,7.484009460593277208e-01,4.305418234100481523e-01,7.351209031576980690e-01,9.634964136263743928e-01,9.777378205245789156e-01,5.695381620934582001e-01,7.577018116901628186e-01,6.169427403069992488e-01,6.001738553282137678e-01,8.191556901464615015e-01,4.977713195708745597e-01,9.044583393131218063e-01,4.907084773690851831e-01,7.069439970706616894e-01,7.564743125276626179e-01,7.612686828996080290e-01,9.711229659562781169e-01,7.420319357012622463e-01,5.671057396958513186e-01,7.327015718943806766e-01,9.577823709621771098e-01,5.104800792063080017e-01,4.133210104381815353e-01,6.986064328542396229e-01,6.158329852786359471e-01,9.886439492342139479e-01,6.350556584548504580e-01,5.393433478982675444e-01,6.934875848055621628e-01,5.409954110261832039e-01,5.793196184264133297e-01,3.361700315023714580e-01,5.350127301899864074e-01,9.337667705148852137e-01,2.880334078154611066e-01,5.706518098536975669e-01,3.316454580189578949e-01,3.295266758211919944e-01,6.167539787591295175e-01,9.932748033948322064e-01,8.643425094232416450e-01,3.793224408362060318e-01,9.396401036509872684e-01
4.035595389209938877e-01,8.758261984587483173e-01,0.000000000000000000e+00,4.924467842870083323e-01,8.556830620118891506e-01,9.428828526638893814e-01,7.789184390413831371e-01,8.120350582494446634e-01,5.708770063188489674e-01,8.460710616678909224e-01,9.217825586754055944e-01,6.743519816872839412e-01,7.548813972108903148e-01,9.735814129745451462e-01,8.147988641919036157e-01,7.947741800673877588e-01,5.505103898649128524e-01,9.387132220123030057e-01,8.360805681470120376e-01,6.119981527506224150e-01,5.017024545793925538e-01,9.346483876579629868e-01,9.506223234359479912e-01,9.319288355491763820e-01,8.410597279257181480e-01,8.322575193776170499e-01,6.498477144468391975e-01,9.738567229845433992e-01,3.080020049801745485e-01,4.329662109372802714e-01,4.409779970844056041e-01,9.342192866857366162e-01,9.740544010076656045e-01,4.627843585760510470e-01,6.404235896035397335e-01,6.780739329147024153e-01,5.708946104472679695e-01,9.332914879199724068e-01,8.962962137110724870e-01,6.599896409087150362e-01,2.606116730757250810e-01,5.747121929197429591e-01,9.464778768797978969e-01,9.588413448735629840e-01,3.658177125113656336e-01,3.746751414398934443e-01,8.328053410362171727e-01,4.200449611329166721e-01,9.870627188403149344e-01,9.742070601954789799e-01,3.936889615716367974e-01,8.297557248179545653e-01,6.245162310250849114e-01,7.793716089272642034e-01,4.875220028914675208e-01,6.428578312353733226e-01,7.592269976092250738e-01,7.554415215669380013e-01,9.497429799555936469e-01,2.632272448788677832e-01,5.396478332040516301e-01,3.220932237301075141e-01,6.108138528101166864e-01,9.260777125470806004e-01,8.540479906768492224e-01,9.988468744796696885e-01,9.227442471867068896e-01,9.027040596222783986e-01,6.766731971388447731e-01,8.510200136945116345e-01,9.209860096730231316e-01,5.126756020212106524e-01,2.940511377853038955e-01,7.032744351988950982e-01,8.643272783851823071e-01,8.376805515843432914e-01,5.048923547654502464e-01,7.414167802807872798e-01,6.529389921003538877e-01,7.631245757407482122e-01,9.514292071811427665e-01,3.255205798191889155e-01,8.889534798303362351e-01,6.084008671435374715e-01,9.568855339137625204e-01
8.162868665313167682e-01,8.545577058896894895e-01,4.924467842870083323e-01,0.000000000000000000e+00,2.290102944145333275e-01,9.684424551165574657e-01,5.948878464234380603e-01,4.693831850690773910e-01,9.455297137915739114e-01,7.627295723438853869e-01,-1.218838986228129168e-01,9.517297817217994504e-01,9.416874934558269183e-01,7.255208080034682983e-01,8.716895294013263795e-01,6.754738722457260813e-01,7.497568778787988553e-01,4.613629072278595533e-01,7.290217620021958167e-01,3.363623988233237494e-01,6.088252922425012592e-01,7.063981309580731338e-01,6.260202016975964234e-01,9.301918194067334555e-01,4.536068056701089146e-01,8.910957811418048768e-01,8.795521634818167511e-01,6.819678631721373119e-01,6.460434442489998430e-01,-1.546490790576180718e-01,6.152238440801266472e-01,2.927981996702629930e-01,8.986889482256087414e-01,6.803381991922419214e-01,7.767977154332172951e-01,6.877664608343025954e-01,4.099068899143902267e-01,8.887892203205952635e-01,6.707234248283477918e-01,8.868032486115614565e-01,7.101118742767241754e-01,8.428705140116524719e-01,8.829134548734239862e-01,9.040252367447004778e-01,9.363826185208492525e-01,6.119023977087599819e-01,8.501551862751268729e-01,8.947184227340082563e-01,7.075358463741721060e-01,5.471140641443521524e-01,7.295658686288872818e-01,4.376685513170373021e-01,3.414042773472253378e-01,8.665235594800010377e-01,8.572371988725152603e-01,8.702063979427500096e-01,8.423661905042756359e-01,7.983968576659454808e-01,5.787421722720790251e-01,4.741107185530071821e-02,2.218464771544575997e-01,8.156494233097972835e-01,9.824362860254742813e-01,9.149665538417002253e-01,9.894728763745253008e-01,6.432542720597960173e-01,7.362472384561463690e-01,6.905147400983335793e-01,5.251947368696925356e-01,9.320715674918430560e-01,9.583859467740869498e-01,9.727387058277302545e-01,4.130655940657498304e-01,8.304700586416778885e-01,6.203418950865937642e-01,7.758535256960104043e-01,6.741809886315257572e-01,8.653067550454332513e-02,2.365796963228382899e-01,-1.293285764858459197e-01,5.793215576053258875e-01,8.524946719481873991e-01,9.941913225959155831e-01,6.984100415447880295e-01,9.598554413417005327e-01
6.184897882624420529e-01,5.593338127115996677e-02,8.556830620118891506e-01,2.290102944145333275e-01,0.000000000000000000e+00,9.519847332680531071e-01,6.021993326227983445e-01,6.283731774174599050e-01,6.248481840730003567e-01,9.934518036293227272e-01,6.858991921806117942e-01,2.068783701311475709e-01,4.482028487355112500e-01,8.516500396781165882e-01,6.014114004066782870e-01,2.853551675495226703e-01,9.381079949492964198e-01,6.772174072477190609e-01,6.948797988375106094e-01,9.415949756153054739e-01,7.077845436210576935e-01,5.715136092757222563e-01,9.306979325551821836e-01,9.459715950398494000e-01,5.463496006600337962e-01,9.988301862401243181e-01,5.844639613486304341e-01,2.609017909866969132e-01,1.645538150036126857e-01,2.083431975550798232e-01,3.545228279808970706e-01,5.704024702068611896e-01,7.152111581265490070e-01,8.955399652330736648e-01,4.853623001195666031e-01,4.657474128891885279e-01,3.385812999513034827e-01,6.037758435868152418e-01,9.466853871102490769e-01,7.463724152848145721e-01,2.700195959424860903e-01,6.116096211212203038e-01,9.049121422159468464e-01,3.036942005518804000e-01,8.402261401515996875e-01,9.338968547131066833e-01,7.608138748971257082e-01,5.531733676679759792e-01,6.091486344582018875e-01,9.597401589297043234e-01,1.156417218155700727e-01,9.268469779881984838e-01,8.061672777040758131e-01,6.605778208725021639e-01,5.603240535105586950e-01,7.345968308997034013e-01,8.323540993005913435e-01,3.789568534269486810e-01,6.948971155192605886e-01,7.071321841830866539e-01,8.487984411009830144e-02,6.314295988583029651e-01,9.976475519072801612e-01,9.372913783267509125e-01,8.690173093969153495e-01,4.721668316265243970e-01,7.709498184561156542e-01,9.774683623482616213e-01,6.770447162903134863e-01,8.974591569331381580e-01,4.946650579127804814e-01,9.626027103599394952e-01,2.645017424867699418e-01,5.203569453018197510e-01,7.015908380785629284e-01,6.876236267790656331e-01,6.730611825963532802e-01,5.143143701911951915e-01,1.930922766722445449e-01,5.949525245028934872e-01,7.045311388098796090e-01,9.255799941659201835e-01,9.202078911986010246e-01,2.347098757564881899e-01,3.447222938625861821e-01
7.328168789404102546e-01,4.100049810601886224e-01,9.428828526638893814e-01,9.684424551165574657e-01,9.519847332680531071e-01,0.000000000000000000e+00,4.813160606064275093e-01,7.292125500052759612e-01,8.134190378013400613e-01,5.529948272234666007e-01,9.250322860606557951e-01,8.380691201735744889e-01,5.244018016219416101e-01,8.910782978408171573e-01,6.481955635081119160e-01,7.702545217144136647e-01,1.891686051428729531e-01,8.578288212436311344e-01,7.140424497393392800e-01,5.317715560701488098e-01,9.747549000106725536e-01,5.682464352352658565e-01,9.322226786257854503e-01,8.006939206023919731e-01,6.935368739073655142e-01,3.424786000786055329e-01,5.184410220625697008e-01,6.583606408500889406e-01,8.278306144257472354e-01,6.301066575406298886e-01,3.710009480433865692e-01,8.214064709555561894e-01,6.763486418652431276e-01,7.354608835462255190e-01,7.327598557444857663e-01,4.226520159893256690e-01,1.608501360086722065e-01,3.099110145141223960e-01,9.012117236240314577e-01,6.714014352431745269e-01,7.028966350799504825e-01,9.219392808330229006e-01,9.680792855254416462e-01,8.091642337040044763e-01,2.732492833094537499e-01,1.458053729043618518e-01,5.948436438429178796e-01,5.730466669204395957e-01,7.471712525907141522e-01,3.696319466615127225e-01,6.425675015770418996e-01,7.235953605173485181e-01,9.691973396459688805e-01,5.524655267432185823e-01,3.274349752639295064e-01,6.746912582471285003e-01,5.309056357241230817e-01,8.078816970880201564e-01,8.777437408208863534e-01,5.074339266271632454e-01,5.288249997714351558e-01,4.737494231222665331e-01,8.279821682195013244e-01,4.951347051481689854e-01,9.509683268427854275e-01,7.812073470644560480e-01,5.983345409889818667e-01,6.208299038950415571e-01,7.761361963012859411e-01,6.457556207117916003e-01,6.362371047448760475e-01,5.343762715768993754e-01,7.393608441824879307e-01,6.131200744540148406e-01,7.519356139610967604e-01,5.056661987852596463e-01,6.948011768538653321e-01,7.116274065744514488e-01,3.389472165842662976e-01,3.537060002879951481e-01,1.759395227279285934e-01,8.914813388076864298e-01,8.423121694844237783e-01,6.644166582335921944e-01,2.403814607404060610e-01
8.916320187384121354e-01,7.505638850509744886e-01,7.789184390413831371e-01,5.948878464234380603e-01,6.021993326227983445e-01,4.813160606064275093e-01,0.000000000000000000e+00,8.636225692968484413e-01,6.002801967856450371e-01,6.741096513440993920e-01,8.374488886429876100e-01,4.927686931621377275e-01,6.732401536418546328e-01,7.322559060322720859e-01,9.514467444703605947e-01,5.376287980961738100e-01,4.445343209544552199e-01,3.029827244402048536e-01,3.435972864928177328e-01,9.567568550486770240e-01,-9.441665646014152369e-02,4.593668654272070051e-01,7.965935438768102506e-01,7.907132333906821131e-01,6.118039817655203105e-01,4.468274864049204265e-01,5.929128752255566903e-01,1.396423097193796869e-01,4.766750468888305003e-01,6.391600107845278600e-02,3.854117823645453744e-01,7.189527345877195774e-01,6.089508853537796140e-01,2.491350171090798982e-01,3.422956816966998828e-01,1.844879558699199229e-01,2.834364414198242699e-01,4.753400952462121243e-01,5.085981956565786000e-01,6.617249880353217595e-01,4.851693169641256298e-01,4.393021103713831699e-01,8.621517954747244250e-01,6.468094085114769465e-01,9.892167093946498957e-01,6.033213505541206167e-01,4.714104597224243465e-01,2.728223308600316588e-01,4.540327583605360817e-01,3.089305797649241070e-01,8.497415063540596503e-01,7.588991087391535606e-01,7.230495485241937859e-01,4.522778783770863842e-01,9.157435094904404771e-01,6.992966114647687359e-01,6.825553194116683597e-01,8.906901027735713017e-01,6.165844650246516956e-01,4.396074321560929921e-01,2.930867448872842562e-01,2.577706503141483085e-01,5.194263346926019098e-01,7.743666283817187690e-01,6.124006135838634401e-01,8.533959609007050195e-01,6.903293629953470845e-01,6.345956721919627785e-01,2.624098736496104367e-01,1.326621383753322503e-01,7.049636360438864546e-01,4.827135466068992464e-01,5.559682731537038958e-01,2.670802557604289307e-01,7.722297428935799291e-01,4.032777623899241326e-01,6.310752978570713934e-01,4.638243075364950618e-01,7.222754140269123102e-01,2.163849259153892979e-01,9.039215484703087000e-01,6.454672171127298075e-01,3.507902237775966103e-01,2.923159768244816548e-02,8.834906298634670474e-01
4.759068636530779939e-01,9.060157500616179416e-01,8.120350582494446634e-01,4.693831850690773910e-01,6.283731774174599050e-01,7.292125500052759612e-01,8.636225692968484413e-01,0.000000000000000000e+00,6.363729422528672242e-01,6.551674855817734011e-01,3.364534835117081180e-01,2.643142388133785659e-01,6.092298235307306298e-01,5.677794641915270279e-01,2.196545202256149354e-01,7.939152018600763583e-01,3.927191193511843093e-01,7.210591068550693539e-01,4.463846413755702680e-01,9.121997329977764579e-01,8.170863353000547002e-01,3.672982231935332242e-01,5.149359579671857201e-01,7.611787278075082819e-01,5.325742561710039569e-01,1.114313994165905264e-01,4.996492221559939995e-01,9.404270796606724048e-01,3.760018753190045304e-01,7.929101419434469999e-01,5.934984848675168845e-01,3.718164141253673671e-01,9.785642040937004849e-01,7.925578409548309500e-01,6.161516295158742107e-01,7.993909240981152964e-01,5.154548792589564998e-01,7.837153211172145362e-01,8.414740990106502894e-01,1.868176787866767108e-01,3.068326457034145083e-01,4.744829971613993558e-01,7.599764962326808204e-01,6.725677897647374115e-01,9.246823331332898466e-01,7.642260996810700258e-01,5.206290295462722151e-01,6.763333152909680734e-01,8.935613329218022871e-01,6.487679584747416683e-01,4.033071348797286348e-01,9.191180779401286749e-01,3.885232148051338541e-01,3.114374205560087594e-01,8.551290536100661921e-01,5.021547073635084235e-01,2.198532478943067692e-01,6.152983300059760019e-01,9.353286219699428194e-01,5.749275095447142769e-01,2.728537045204506573e-01,4.252451166600571542e-01,3.158976166410238928e-01,8.464954025410774685e-01,6.796702527327223020e-01,7.367206424804065845e-01,9.480325021885900316e-01,5.144551851946388421e-01,4.682290713087481904e-01,5.332417306083817587e-01,6.824006617982897316e-01,9.809038479199383431e-01,7.822820343237677498e-01,9.674929415661243093e-01,8.772395207793776128e-01,5.018690345545249176e-01,3.133648454737754108e-01,6.144061152502962031e-01,2.469304824931055353e-01,5.509260145951346832e-01,7.315764337858572386e-01,6.248542242440930927e-01,8.323101488863146047e-01,4.651555446360278179e-01,7.169679394236339043e-01
8.656582773564600597e-01,4.138800994327426208e-01,5.708770063188489674e-01,9.455297137915739114e-01,6.248481840730003567e-01,8.134190378013400613e-01,6.002801967856450371e-01,6.363729422528672242e-01,0.000000000000000000e+00,5.253493330402196904e-01,7.271495163979533327e-01,7.313943166678433805e-01,6.860043372444847298e-01,5.064488334057810626e-01,6.694252191943479424e-01,4.229655100483060148e-01,9.449409810808309107e-01,6.866275975118439900e-01,4.317610475773317469e-01,6.953746849572932653e-01,9.444029747381790241e-01,4.935175910820243650e-01,4.603073018047983966e-01,8.777600229428932366e-01,5.785068582999624009e-01,7.777003241232255393e-01,9.339377004967980289e-01,6.280421971219259936e-01,5.196208493208991364e-01,1.530919164583480485e-01,2.373448271096970930e-01,5.785271163860634669e-01,8.190093548546375501e-01,3.646239112765516377e-01,8.182569609827956836e-02,6.937964938354351796e-01,2.745444969342337171e-01,4.238461071933704583e-01,8.245623785168773034e-01,3.184699266309154453e-01,7.944863448732255584e-01,9.930595896266930511e-01,2.913441959179927654e-01,6.220584737026826350e-01,9.772731269010257460e-01,5.827567501938901717e-01,9.059445591437655931e-01,4.079588964733544820e-01,4.829187517046967248e-01,6.810910139507532213e-01,9.688728080782560426e-01,7.009035136382994746e-02,9.301354660495861904e-01,5.565995464978588103e-01,9.507816044272511258e-01,7.306445017730834879e-01,6.194497934596725486e-01,7.607204050426760178e-01,7.703664474302865939e-01,6.515646904560724595e-01,3.078509526552702380e-01,3.031650854303183373e-01,4.618611632019681279e-01,9.454980172229956459e-01,9.542562956979033784e-01,7.779179186671271173e-01,8.531228835372504093e-01,6.414454763617574162e-01,5.444375536102212809e-01,7.575903636929601781e-01,9.994596765792049808e-01,8.768424734707053192e-02,3.574084125110307264e-01,3.405875091161595369e-01,4.929342855135545043e-01,6.886086660667142256e-01,7.921651694406051103e-01,6.703522650692437246e-01,4.374997975674220219e-01,4.031556192322338639e-02,2.161353511217675161e-01,9.699911770067536354e-01,7.615682770861474937e-01,3.401737124523767086e-01,6.782060390871611499e-01
8.075355640355893483e-01,7.062283699012565918e-01,8.460710616678909224e-01,7.627295723438853869e-01,9.934518036293227272e-01,5.529948272234666007e-01,6.741096513440993920e-01,6.551674855817734011e-01,5.253493330402196904e-01,0.000000000000000000e+00,5.962014644467844571e-01,5.684179538883165073e-01,8.539422232974438476e-01,9.245786443527979070e-01,7.422336690419778504e-01,7.045929324580947339e-01,4.837389508010268568e-01,7.154516698437535238e-01,6.278768358402102567e-01,9.340444728887373760e-01,5.506786152440634741e-01,8.905801652727965978e-01,9.889313711081140212e-01,9.781155216721731938e-01,7.479863671886280985e-01,7.327850453859988678e-01,9.941581812744849644e-01,6.651924777364488506e-01,4.205588441317347770e-01,-1.269830924511594350e-01,2.783679390531710457e-02,7.200131035735194418e-01,5.748065244271622909e-01,8.769976317890995077e-01,6.984361540123636969e-01,3.054244431410504945e-01,1.975464662075399058e-02,9.059186855067958843e-01,4.425404473633333668e-01,6.611264905178831919e-01,2.070967015806718381e-01,4.303893763851897036e-01,8.817916664460980769e-01,8.355483329982615892e-01,5.803200777343016092e-01,6.189348454243905895e-01,6.818829689805789851e-01,8.894271737802682543e-01,5.662133129819628685e-01,5.695093782902168611e-01,7.925319787538129823e-01,4.118184619481501940e-01,6.951419018348402590e-01,-1.575778564785145497e-01,8.110093895282973753e-01,8.743827588499480941e-01,5.327357469974295379e-01,7.093220268136104512e-01,9.130799375944389507e-01,6.958688847359326690e-01,7.825906693407239656e-01,9.123605260381117965e-01,9.821554045351150730e-01,8.849714159807727798e-01,6.650350575484238469e-01,6.276676359233220870e-01,6.365256428269764344e-01,6.623734054930312531e-01,2.863300912209103544e-01,8.598457695820425073e-01,6.236889118482155103e-01,6.294862081402126108e-01,9.518236975930900456e-01,2.158739879282942642e-01,9.916014096301087877e-01,7.245856973428144165e-01,9.063983156349387782e-01,5.145406167364428018e-01,4.275082399516485498e-01,2.316059005824293582e-01,2.667532197117754578e-01,9.062464208954740252e-01,7.938480346048456537e-01,8.594239986523662944e-01,9.516583137312275564e-01
6.150627478407179050e-01,4.358854369888053859e-01,9.217825586754055944e-01,-1.218838986228129168e-01,6.858991921806117942e-01,9.250322860606557951e-01,8.374488886429876100e-01,3.364534835117081180e-01,7.271495163979533327e-01,5.962014644467844571e-01,0.000000000000000000e+00,8.573644198890376655e-01,9.092811405989147389e-01,3.498786479122735216e-01,8.981639362600545295e-01,8.165054174460341097e-01,8.494092534260681004e-01,8.147042979643902560e-01,8.884799688313869126e-01,8.126198580837676877e-01,7.923323424218876587e-01,7.248991825017629953e-01,2.865531556102751676e-01,7.083653852210385349e-01,9.918497076511973987e-01,9.997713674782984228e-01,4.646839619951204647e-01,7.267609774918856180e-01,3.518733260789568273e-01,4.193599398669556333e-01,-5.740577174366856550e-02,4.424860336185518772e-01,2.947828885750084504e-01,6.570391494090607187e-01,9.620793567699563731e-01,4.982927422325634237e-01,6.867200512193147866e-01,5.249165403347458847e-01,9.062717059463610836e-01,6.848957024778152824e-01,7.215152191236062773e-01,7.747975740505155251e-01,9.597568763418984350e-01,5.588827590611497032e-01,6.003622038621468926e-01,4.303224569459416227e-01,7.523047020578187416e-01,3.426841830857980664e-01,6.355349027827126296e-01,7.006155285606967542e-01,4.846627030022975235e-01,9.851910799788571316e-01,4.450378218209772307e-01,9.697377621959690774e-01,9.368440757159333110e-01,8.795441512248591831e-01,4.268952463107014150e-01,7.381982910133437770e-01,9.607812709618861469e-01,3.235296779104512299e-01,6.431727941953697680e-01,5.344602676235872263e-01,6.891929031690161578e-01,8.723883768222415735e-01,8.303463901865322239e-01,6.938513289621809355e-01,8.332834404420602636e-01,8.041456905841993796e-01,7.677162756358199003e-01,6.877190842622776801e-01,6.754637226512447690e-01,7.147262948040278285e-01,5.881249021795142973e-01,5.537017839459308366e-01,5.257185756093543105e-01,4.422489467781825501e-01,7.426483141367992147e-01,8.997235462995611943e-01,6.457272810421907927e-01,3.535435171515607378e-01,6.240264007176364869e-01,4.199097034134823825e-01,7.932582381034094521e-01,3.137281939824495547e-01,9.174230954132439608e-01
8.666292386488257948e-01,8.113532372344178789e-01,6.743519816872839412e-01,9.517297817217994504e-01,2.068783701311475709e-01,8.380691201735744889e-01,4.927686931621377275e-01,2.643142388133785659e-01,7.313943166678433805e-01,5.684179538883165073e-01,8.573644198890376655e-01,0.000000000000000000e+00,8.120215059132924740e-01,4.019758780877054627e-01,5.175124973436989739e-01,4.004551879783828094e-01,6.709161553262792399e-01,8.465268629988517146e-01,7.595360520436448271e-01,8.747026085896769665e-01,7.621537905017078396e-01,6.820738722922713437e-01,8.651692267821141646e-01,9.093882399836050734e-01,6.699421970832806217e-01,8.331741652750134230e-01,8.291884899261415809e-01,7.314163179553492267e-01,5.726386125037492558e-01,3.708992745391750390e-01,7.812955946641992888e-01,8.892561912151975001e-01,7.570864205900296184e-01,5.304589011328624260e-01,7.756249436216419157e-01,6.765670202461290250e-01,4.333701305190323372e-01,9.573443886949106751e-01,8.391164173333778287e-01,5.235599860165799369e-01,4.199078064755830675e-01,6.754401940567824614e-01,6.636312069435241767e-01,6.768578682959337511e-01,5.843977796455965823e-01,5.486109446442899440e-01,7.961222758202546324e-01,8.730279676681721446e-01,7.427270555330175439e-01,7.730030227820730016e-01,5.059907387168977033e-01,9.980757438831210360e-01,8.444618614018194469e-01,9.859186036658244001e-01,3.984731664383660554e-01,7.196445014870884727e-01,3.675463004052796911e-01,1.917296161416049416e-01,7.424105036609340846e-01,1.096742424400946325e-01,6.915960455076122226e-01,6.506883503966779392e-01,4.807452487793739127e-01,9.782658275528229863e-01,6.183960712834021267e-01,9.835946518713895026e-01,6.677967981363965855e-01,8.064715598105420824e-01,6.179434700287262938e-01,8.930349040207722355e-01,8.356316917257717858e-01,5.147699091815488570e-01,6.496052056403047725e-01,5.123866679119974954e-01,6.825304228498622061e-01,4.031058781228658572e-01,9.715322655428463294e-01,5.597238305810205983e-01,4.552072749810315844e-01,5.076780410234894569e-01,2.164504226072367921e-01,8.827005400564129634e-01,8.719602713732277355e-01,2.410263056449814256e-01,2.935684704556404401e-01
9.594988729403428618e-01,7.003840399237920566e-01,7.548813972108903148e-01,9.416874934558269183e-01,4.482028487355112500e-01,5.244018016219416101e-01,6.732401536418546328e-01,6.092298235307306298e-01,6.860043372444847298e-01,8.539422232974438476e-01,9.092811405989147389e-01,8.120215059132924740e-01,0.000000000000000000e+00,5.391889349726221026e-01,7.234181814482167905e-01,7.492345237192641338e-01,3.403561203090399445e-01,7.365909693640251277e-01,7.885869326169334670e-01,7.754543333714549735e-01,7.132804935311646277e-01,7.143420266339258751e-01,8.187208962897160047e-01,6.323955153532725415e-01,6.353081403513801684e-01,7.477465867227868213e-01,9.417494030174705655e-01,8.627348909820913292e-01,2.554735580050468968e-01,2.943607590842982069e-01,3.786103056605411021e-01,5.679496009034069592e-01,8.876444683435119609e-01,4.412612153629937306e-01,4.508576303547979225e-01,5.592637215756540714e-01,5.076777515403968488e-01,9.403023064560294131e-01,9.018120925327196558e-01,8.846459392014144330e-01,1.570317810384818935e-01,5.844875970429254108e-01,9.707514994704105060e-01,8.232325635763163563e-01,8.745017823793364009e-01,3.988221294915312853e-01,7.518541620853456120e-01,5.023662870195881869e-01,6.509815967940009163e-01,6.226082483344430596e-01,4.850603493186026460e-01,9.923476013072118906e-01,7.570621002847792713e-01,5.472426555098410805e-01,7.181359739390806851e-01,1.962343900891647674e-01,8.771089265095965981e-01,2.048589976945370539e-01,8.353258603057321929e-01,5.169999153576094741e-01,3.555083476197469228e-01,7.804321291677358552e-01,4.641778851160563435e-01,8.887748001209092585e-01,6.894780306352534804e-01,9.335657482454269296e-01,9.083771918817037383e-01,8.913173645984716620e-01,4.604604511483826879e-01,9.531411596090132443e-01,7.675114888721419337e-01,8.873714781250576777e-01,5.978700650746734402e-01,4.946891022330951460e-01,8.643046179992838196e-01,9.372948815545469881e-01,6.113207585686917245e-01,7.350107691569790491e-01,5.378351617596144330e-01,7.345033744850709700e-01,3.932760987035958111e-01,9.241204079079042844e-01,7.809836611655810445e-01,7.523010845699810156e-01,8.990918162096556143e-01
8.926236732722397926e-01,7.570657917317421548e-01,9.735814129745451462e-01,7.255208080034682983e-01,8.516500396781165882e-01,8.910782978408171573e-01,7.322559060322720859e-01,5.677794641915270279e-01,5.064488334057810626e-01,9.245786443527979070e-01,3.498786479122735216e-01,4.019758780877054627e-01,5.391889349726221026e-01,0.000000000000000000e+00,5.073419416763420564e-01,9.242381303228711653e-01,7.367789625808095488e-01,7.069576217986818234e-01,8.898341635575441888e-01,8.370113049696096263e-01,4.863838545045530148e-01,8.519114328655419399e-01,1.503203700397048315e-01,6.533145692476852728e-01,9.204242716104917843e-01,7.654288757120575326e-01,7.924357936260040258e-01,9.094918886757620280e-01,4.484926248979406727e-01,3.710668153931644814e-02,2.712580680424343804e-02,5.554194421623446232e-01,1.441715995637338488e-01,4.733453728946461769e-01,9.648242984284384205e-01,4.504882123994194409e-01,2.670243264253658322e-01,9.287044769414845025e-01,9.512340792464439865e-01,6.026356696391115264e-01,4.078430719977800267e-01,4.186904991594601610e-01,6.559050173149051366e-01,8.455980181467748213e-01,9.668402509542788348e-01,3.673003297288319757e-01,7.175225251865730014e-01,7.334277982039096866e-01,6.374971566083615926e-01,5.760981540602462259e-01,8.733387369186904614e-01,9.098748697578983302e-01,6.228967138063018494e-01,9.164044705583608286e-01,8.816064369393747935e-01,7.112900608153417403e-01,9.997875665375772769e-01,-6.840879715148318052e-02,1.069596312489413774e-02,6.050932738079322082e-01,3.499005094726725940e-01,9.826937968939619683e-01,8.472317227122069250e-01,8.802907709250941126e-01,9.947702014997266140e-01,6.465663257143453579e-01,1.543168277114873310e-01,9.881485094778315048e-01,4.017007078922688601e-01,6.441627942156273878e-01,8.026442983041365276e-01,8.225122894093394033e-01,2.301463983666808821e-01,7.314641958907184272e-01,9.087940840928488972e-01,6.712820183592924650e-01,7.685995357858215193e-01,8.013236554148406299e-01,5.133002541777890171e-01,3.909107895268617572e-01,4.407290905102967948e-01,2.328337673002072172e-01,7.503311405156142255e-01,4.298466245435879352e-02,7.496129670157269942e-01
7.610660817748990947e-01,3.336575468222544583e-01,8.147988641919036157e-01,8.716895294013263795e-01,6.014114004066782870e-01,6.481955635081119160e-01,9.514467444703605947e-01,2.196545202256149354e-01,6.694252191943479424e-01,7.422336690419778504e-01,8.981639362600545295e-01,5.175124973436989739e-01,7.234181814482167905e-01,5.073419416763420564e-01,0.000000000000000000e+00,6.430959211841136280e-01,8.147594135254905279e-01,6.612494576347609510e-01,6.904170853111196715e-01,6.425011078036191314e-02,8.971948444191614191e-01,4.188109292992951427e-01,6.128181209587310052e-01,7.450072806320670038e-01,5.119176792335872195e-01,5.795748656765085105e-01,8.381585883395853420e-01,9.973021874600583869e-01,7.378887406702473450e-01,7.620717637524775379e-01,2.349727756075048468e-01,6.337718633886152420e-01,9.850384455761741487e-01,9.890096642288725981e-01,6.079174832197661305e-01,7.179378869746039227e-01,1.545934888779511018e-01,4.599123248574412126e-01,7.542688869882631097e-01,9.125380765167102615e-01,6.177012454521157991e-01,6.741217632894540568e-01,7.180394385257653500e-01,7.816587431412054254e-01,4.080492300876246703e-01,6.153532166131543413e-01,5.399766926172608894e-01,7.821068230361529761e-01,4.749877206207722136e-01,9.737310958546894213e-01,4.658169234167739425e-01,6.162242032014890736e-01,9.413287148758167078e-01,7.283504606607397180e-01,6.370439225134714167e-01,4.307785191872395836e-01,4.962901540451374882e-01,8.082002352022301661e-01,8.915081398400489521e-01,5.701507639385404724e-01,5.815148321936715048e-01,5.479523877007208554e-01,7.802052293746434275e-01,7.438577051058321565e-01,5.713422085923888227e-01,7.055206114639512860e-01,6.307344522738194126e-01,8.958087480438718941e-01,4.139728564446973347e-01,1.758809396183259322e-01,7.177216062664442120e-01,7.532214855750428706e-01,6.580274082901900190e-01,4.774783358470484074e-01,7.562548341165652444e-01,7.393131971383608558e-01,8.760829529722494735e-01,7.642832855483282506e-01,2.665608224296807383e-02,-5.855048892025685459e-02,4.011007083132871465e-01,9.272981040101444528e-01,7.913120848764376714e-01,5.981357691174762348e-01,6.956249214117623536e-01
6.552016161713067888e-01,8.984092140226095369e-01,7.947741800673877588e-01,6.754738722457260813e-01,2.853551675495226703e-01,7.702545217144136647e-01,5.376287980961738100e-01,7.939152018600763583e-01,4.229655100483060148e-01,7.045929324580947339e-01,8.165054174460341097e-01,4.004551879783828094e-01,7.492345237192641338e-01,9.242381303228711653e-01,6.430959211841136280e-01,0.000000000000000000e+00,6.953448595919591302e-01,1.407274628074217382e-01,7.389719377957174595e-01,6.690536960008020007e-01,6.061780431392148616e-01,3.118670471324250792e-01,6.847052942220950289e-01,7.206785462972813416e-01,8.482876038731831381e-01,6.822645909248429286e-01,8.847876019259266478e-01,8.275895184507673363e-01,3.799997488979204308e-01,9.544101117190666450e-01,3.206400958196673479e-01,5.170800972347292523e-01,7.370369240812792988e-01,9.316774183572510415e-01,6.985609268471263400e-01,5.386147396554834543e-01,-5.570137770958469292e-02,8.184760141027815905e-01,8.888795145570658196e-01,4.107927541606042343e-01,7.590035932114653772e-01,7.937701635653739984e-01,8.968748330560486481e-01,9.697738410338982984e-01,9.082177362012823219e-01,7.797538473077493260e-01,7.669586299075099589e-01,6.183956266373711319e-01,2.237680848480757545e-01,5.140674708137590310e-01,7.748760085499007966e-01,5.008209460027929216e-01,6.352408104912039555e-01,1.848649161133593052e-02,7.432691762135923419e-01,6.279290893593779677e-01,7.882639973898921681e-01,8.486745429631743498e-01,8.461753954999073901e-01,6.509030490728340279e-01,4.980146108656636206e-01,9.013750064047326704e-01,3.451792961056359132e-01,7.327443055904004909e-01,6.425336553219215263e-01,8.818114429590452330e-01,6.647066820572082868e-01,8.930291843397850649e-01,8.852047803534360826e-01,6.181135754667940185e-01,8.720276046321757679e-01,4.539774539343331416e-01,2.634587261395757857e-02,7.900064824596001456e-01,5.294726846146585730e-01,6.642073560799276466e-01,6.478759312614531529e-01,6.030875271344748878e-01,4.902327490066181737e-01,1.027921114470389946e-01,6.876879584576690574e-01,8.594448476557894345e-01,7.241224891139399489e-01,3.561518056886265882e-01,-1.715768838378904371e-01
9.732867378878654607e-01,7.412175145335673232e-01,5.505103898649128524e-01,7.497568778787988553e-01,9.381079949492964198e-01,1.891686051428729531e-01,4.445343209544552199e-01,3.927191193511843093e-01,9.449409810808309107e-01,4.837389508010268568e-01,8.494092534260681004e-01,6.709161553262792399e-01,3.403561203090399445e-01,7.367789625808095488e-01,8.147594135254905279e-01,6.953448595919591302e-01,0.000000000000000000e+00,7.440259369561451619e-01,6.768858713122581916e-01,8.270297793620845495e-01,6.380904951668696645e-01,5.562925348148918259e-01,8.554745361743394394e-01,9.905083960138905130e-01,7.883366979298932486e-01,9.464394569728235007e-01,9.848227683936159327e-01,7.214139836287283281e-01,3.755181472738134962e-01,7.710722349916585561e-01,5.417170690853448933e-01,4.641956927327922644e-01,9.953019950824343320e-01,6.180364118761403347e-01,8.325957865023092541e-01,3.995373077472059165e-01,2.985850979951298334e-01,1.697760477876784080e-01,8.190689096638029687e-01,6.597161488791797312e-01,4.502265378509068827e-01,6.016046597262407758e-01,9.470610964853279912e-01,6.984166624482074370e-01,9.316706974177997314e-01,5.926798542070506048e-01,6.888560150598495024e-01,8.866844941866186547e-01,8.572060497383134914e-01,9.191837958301621869e-01,9.356856250367994177e-01,8.665475660959348625e-01,7.581470896106143886e-01,9.152121845943481659e-01,7.604266038016416207e-01,7.544025047794549188e-01,7.421421119163462699e-01,8.163481574224393800e-01,7.864313754493692521e-01,4.661675280862375148e-01,6.198744619166284275e-01,9.226114826594791207e-01,9.626078106347666363e-01,6.277307653081951599e-01,8.504325382919823983e-01,9.430342185200492056e-01,8.415980012317372250e-01,3.322342270792212893e-01,8.930167867602466503e-01,8.392592875388671381e-01,6.748580479286409028e-01,7.459643214582203363e-01,4.658484575278452056e-01,7.149750695121217525e-01,6.455973060160304922e-01,8.445247301502403214e-01,9.398457277826801626e-01,8.499476949441724383e-01,7.595762383401448714e-01,4.173149577878788596e-01,9.211347841725853192e-01,8.363394492640811029e-01,8.908408927116681086e-01,7.162686484981575230e-01,5.544761408565966887e-01
9.618674040882736476e-01,5.480235995639699542e-01,9.387132220123030057e-01,4.613629072278595533e-01,6.772174072477190609e-01,8.578288212436311344e-01,3.029827244402048536e-01,7.210591068550693539e-01,6.866275975118439900e-01,7.154516698437535238e-01,8.147042979643902560e-01,8.465268629988517146e-01,7.365909693640251277e-01,7.069576217986818234e-01,6.612494576347609510e-01,1.407274628074217382e-01,7.440259369561451619e-01,0.000000000000000000e+00,4.565472555402264598e-01,8.814025539714119839e-01,9.697334605780392192e-01,2.987128505326955286e-01,9.183910566625893557e-01,5.313637252101754971e-01,6.692512249969025939e-01,8.558366197555364874e-01,9.630055947997159249e-01,9.436350183319965890e-01,6.181372074652767834e-01,3.956689907390530947e-01,6.547428776783809079e-01,2.272157052925929954e-01,7.901881325773287834e-01,4.761352444479999280e-01,6.879744224831635391e-01,4.707133565377229489e-01,5.518687294247813790e-01,1.971288980416538716e-01,6.732354005345481118e-01,-8.369765859122157980e-02,5.242710778061014931e-01,5.431719580083405052e-01,7.128278514326036319e-01,7.967944931229591354e-01,9.255420913905028080e-01,8.484788270363115004e-01,2.190159775018864219e-01,2.640038880338925198e-01,2.731281621583980801e-03,3.145685332505684384e-01,1.340281446214960093e-01,6.851256766811044674e-01,6.763632254342600847e-01,8.741763339910944008e-01,8.026074738727703162e-01,8.532870613406511318e-01,6.453516157023495570e-01,4.367972815603153314e-01,6.894839361080721263e-01,9.968546067525569931e-01,5.453406181790531049e-01,6.348574206452632929e-01,8.620303232989601216e-02,8.557289911238186164e-01,9.686452035214727641e-01,6.703820737694041743e-01,5.477002216953479330e-01,9.678969570067605943e-01,7.040781474293966724e-01,5.117412248218595749e-01,9.300722034244207626e-01,4.311499059897729857e-01,6.015989661948691891e-01,7.618425810301068246e-01,5.360430558825033387e-01,7.984520139863107158e-01,4.030782190403925935e-01,6.220537498230654938e-01,6.361431756321328512e-01,5.025174471324069803e-01,8.846010417338980858e-01,7.946276067891275829e-01,5.864020920191682640e-01,6.647546487024226236e-01,6.114744205286073431e-01
