0.000000000000000000e+00,9.808383172735317679e-01,2.562119823218824699e-01,6.292823636684335975e-01,6.517366057589185635e-01,8.026198686787198167e-01,9.328216293826532279e-01,8.678139520202942103e-01,7.845850065886278424e-01,7.370065042667249822e-01,3.346995794883594888e-01,3.586651710119240222e-01,7.632630701900553483e-01,9.704884270232609911e-01,8.062049946643121690e-01,8.757354987563636950e-01,3.695471156539362756e-01,9.830481996866632377e-01,5.555391380851937289e-01,5.363533704994077889e-01,9.200422171672479887e-01,7.597670534135853027e-01,5.616659091181501751e-01,9.547851725513144538e-01,6.353678471656227789e-01,9.314646638880061946e-01,8.592584940027276907e-01,2.970853800317805327e-01,5.087166410076574552e-01,-9.241143685014908959e-02,4.646625592789250248e-01,8.895793416780056750e-01,7.508634803883909026e-01,9.109894662189081949e-01,9.535810430524548076e-02,3.169136423830755667e-01,7.437862798712231438e-01,9.343860957187547500e-01,7.495024782808216157e-01,3.763960831466364176e-01,1.847468041214906376e-01,9.660801952657387393e-01,6.164479949102604772e-01,6.766554049765043377e-01,8.825843518996401293e-01,9.100841155008027039e-01,4.582446727053362534e-01,2.719221423715883490e-01,8.321805337763037436e-01,5.435086432802935796e-01,5.127442983784447073e-01,5.840276930500563068e-01,9.782157188750295607e-01,8.010472416551175368e-01,6.872781209230597321e-01,5.333087518883234956e-01,5.889928553929245636e-01,8.515577100308894254e-01,8.956630894814880950e-01,2.377853985470790299e-02,7.919881609672195788e-01,5.505684634901525376e-01,8.857436276264576414e-01,9.152380523677471347e-01,8.060939644862012976e-01,3.470581193088806415e-01,7.406883325235482651e-01,2.926419007805260986e-01,8.677354360000310018e-01,9.093666281871208845e-01,7.803577269351189560e-01,8.663741462569385376e-01,8.488688374309278917e-01,7.414783351015313828e-01,9.705365787440439762e-01,9.591356299444205868e-01,8.123534398781299126e-01,5.863939411411737135e-01,6.794894522287749927e-01,7.584626373307977731e-01,9.366958134938919711e-01,8.230093462629090029e-01,9.602933359340630748e-01,3.983448768004552720e-01,8.967022846141174952e-01
9.808383172735317679e-01,0.000000000000000000e+00,9.866704838629305474e-01,8.898736076796492922e-01,7.686199797863259020e-01,5.979150723576149851e-01,7.678484205474804813e-01,2.517343933672405720e-01,7.262556078808158899e-01,9.103248523770471889e-01,6.924522326762267976e-01,8.656380175779478936e-01,6.743161587007270308e-01,6.046492660965859800e-01,6.066051791909484736e-01,6.735155737138834864e-01,9.418356029962572373e-01,8.462859156233837332e-01,8.921032461522903079e-01,7.795513137691199024e-01,6.668503628332559385e-01,2.232935934302282543e-01,7.314543196131808589e-01,7.990139055539595692e-01,5.006601316828661608e-01,7.309312341245519651e-01,9.368783652345129553e-01,9.485404654663195378e-01,4.950017177125707879e-01,-1.378910560882921632e-01,6.901361314588593254e-01,5.541497607086612875e-01,4.846171084526034734e-01,4.271680158772139801e-01,7.937577036177924095e-01,6.415246462988563048e-01,9.411733798208084256e-02,6.801072197073093628e-01,9.184194352477543788e-01,9.716158349590452437e-01,4.289750637136500316e-02,4.457170389254071496e-01,9.414500380602972562e-01,7.445278198540296044e-01,9.508679558635350082e-01,6.364231694418004404e-01,4.631433318234244312e-01,6.691308258875171555e-01,4.472831266874463529e-01,3.326683801135822960e-01,5.834707340035344414e-01,9.151476183045330615e-01,7.026851390227895067e-01,8.079423637138193337e-01,6.782672389683532810e-01,8.219618386966456303e-01,6.742177947014910133e-01,7.090859584330139187e-01,9.641279416981367589e-01,5.086900038302032412e-01,4.127549318581295035e-01,2.905308584898836071e-03,3.075143998332702799e-01,7.911855731432968497e-01,9.663402645300793736e-01,3.840806497568715061e-01,3.662764321726820205e-01,7.189752074170845386e-01,2.265528393574285926e-01,7.589354417744148540e-01,7.318146850910186574e-01,6.737375122569539965e-01,9.242280134451236195e-01,3.451837548453378091e-01,8.590133349603097657e-02,7.988199117607863720e-01,9.886882168406645466e-01,7.315039476254139306e-01,9.986128424263950032e-02,4.325451306558271147e-01,7.978143980405463243e-01,5.421890713697888886e-01,7.029629477419889749e-01,7.718293412481990190e-01,6.644104575681598623e-01
2.562119823218824699e-01,9.866704838629305474e-01,0.000000000000000000e+00,1.261673989060856371e-01,6.303368171816047250e-01,9.328157862578974058e-01,8.151163469075579648e-01,8.953439688315394385e-01,7.946161979258510311e-01,7.001952055160297617e-01,9.244182908117745123e-01,8.141854311557616963e-01,5.479145852644152770e-01,6.481473395464301124e-01,-1.929262845083866140e-01,6.438218189860454022e-01,7.237397729017286396e-01,8.578010827875907074e-01,5.592280511136624721e-01,8.278074000247561681e-01,7.433658300614832681e-01,8.981134491370812434e-02,8.545746630934745180e-01,7.156243457156413745e-01,5.778635770604920729e-01,8.363260681442665767e-01,4.371173435435859456e-01,4.992035894316544375e-01,7.690904619944392007e-01,6.902431277115904373e-02,1.073570855341744040e-01,8.156110964373539662e-01,8.325465997674873497e-01,8.974765171346555936e-01,6.385760702055515159e-01,2.743516540063749565e-01,3.097821289863731536e-02,8.877417032454850698e-01,3.112924981096114041e-01,8.686176359326707175e-01,6.261993607792009087e-01,7.227871278553901213e-01,8.525844982380752501e-01,9.710331633552620190e-01,8.819829169853297124e-01,9.667972311683954434e-01,9.291445686952518601e-01,8.120695055460712686e-01,8.952100859521427978e-01,6.507818524830351059e-01,8.491273959946248340e-01,6.549892833457239272e-01,7.891639723191503641e-01,5.472834887514702595e-01,3.408273239561701029e-01,6.637721332762567261e-01,4.429969125078555559e-01,9.284006845750052417e-01,7.865197825280887400e-01,1.532375683098045061e-01,5.687452762235103432e-01,8.775749173307906270e-01,9.448955538656282904e-01,5.524629010646209260e-01,7.368753722122761696e-01,8.119912933428208301e-01,6.504347218242009232e-01,5.786750690326296631e-01,8.107861313126916158e-01,7.647086791918629167e-01,6.713194102537780594e-01,8.077568824226460942e-01,3.173024303593529605e-01,5.359936110396553710e-01,1.614034925002292287e-01,6.486182506099659184e-01,8.505903507669769770e-01,6.358923825096145510e-01,6.048127580510117562e-01,7.698529529261859405e-01,9.992939536115215127e-01,6.751593766978726263e-01,2.325554760730821346e-01,8.699066451443233650e-01,5.942163649946314852e-01
6.292823636684335975e-01,8.898736076796492922e-01,1.261673989060856371e-01,0.000000000000000000e+00,6.076726157435216047e-01,7.749621160024551259e-01,4.993646508258690608e-01,8.542484667264020892e-01,8.274519997274414340e-01,7.997312623665127074e-01,6.680416569899090273e-01,2.693030695923696038e-01,9.711278671186455158e-01,8.733971023647510989e-01,9.109604599002603109e-01,7.252755039671666681e-01,9.014160055513736891e-01,8.344377046153740318e-01,6.868070490925645144e-01,6.092322218196307704e-01,2.754783111209802016e-01,5.965828586007076995e-01,6.075386119930913376e-01,9.449953538205950743e-01,2.553494734978979941e-01,8.889707959903589973e-01,3.840827579711175721e-01,6.803185449803828000e-01,6.705884762256835163e-01,4.871486037644257028e-01,4.335634202175203677e-01,7.705909385769290632e-01,7.645563241170840740e-01,2.204850131757802034e-01,9.226561527871018908e-01,5.413082130247797163e-01,4.396204865779974047e-01,7.248270472569438017e-01,8.315615414468584543e-01,9.234631497209899731e-01,6.723512839691552223e-01,9.634234613529479851e-01,9.086217082317256111e-01,8.251223323000659304e-01,8.587242628805715761e-01,4.503068996648984523e-01,3.508238354762777123e-01,6.142066002170253336e-01,5.180129762004717087e-01,4.116184888514159423e-01,5.445744700599610688e-01,8.137922292044365014e-01,9.684233944068827427e-01,7.996491432206440653e-01,7.981996373769748576e-01,9.996373765774813069e-01,7.437268670506166357e-01,6.161618955637055972e-01,8.295380821707144525e-01,2.324640649283023219e-01,2.649247132725159326e-01,5.017775506163386634e-01,6.623848538613611447e-01,5.761016780280739935e-01,8.605630859150750211e-01,8.098017380677970944e-01,3.403586649239147555e-01,7.412041813509280264e-01,6.803040463796060644e-01,9.109332444506141879e-01,6.526957478043342586e-01,1.377027573249240133e-01,3.229767026918201056e-01,6.900181747830920198e-01,9.540487687147042317e-01,7.166693309410400170e-01,8.883141664373387369e-01,7.295731276108268215e-01,4.566511771498654726e-01,1.442481990614710718e-01,6.139126817425473170e-01,7.259790885688380824e-01,8.919434524400069453e-01,4.391793562488913172e-01,8.674520325499506246e-01
6.517366057589185635e-01,7.686199797863259020e-01,6.303368171816047250e-01,6.076726157435216047e-01,0.000000000000000000e+00,3.243822801631703889e-01,6.985206429868351385e-01,7.768036689531447880e-01,7.408561850107885371e-01,8.825744126919188304e-01,9.788154689806669584e-01,4.073285035077127136e-01,6.659950916672301435e-01,6.637960103834543713e-01,5.162276266043338557e-01,8.210769457069487798e-01,7.771685787561267711e-01,9.984196361243991014e-01,6.634673391202474679e-01,8.197195950538779252e-01,8.384641011342184314e-01,6.984854343746108585e-01,8.566895140645958140e-01,8.485370054105123572e-01,4.736006830107170051e-01,5.230976804554131609e-01,6.484064985481000631e-01,4.445979080002761541e-01,7.018629291547077154e-01,7.205263349238640869e-01,5.119778097462606148e-01,6.296598827860064862e-01,9.304228592891645722e-01,6.844486212087540489e-01,3.872814054941545736e-01,8.968698630952030015e-01,3.648478328683886218e-01,3.658534061687641614e-01,8.132495506659769280e-01,6.657942416645228345e-01,5.457245852909549111e-01,7.388681772380382151e-01,7.564108174312775823e-01,9.599271377320104381e-01,9.767453385966358148e-01,6.167867674927671739e-01,6.613734978359202543e-01,8.800501911635377761e-01,6.757113188897727607e-01,2.031897621867896908e-01,6.216207926239067927e-01,4.269270472077083545e-01,7.323038522747138401e-01,6.650446336880146969e-01,9.088989832705678396e-01,8.855852772166216136e-01,6.692935467620779733e-01,5.952292695487922947e-01,9.786347941488978686e-01,7.305378426582505025e-01,7.078094857114194394e-01,9.234909863589113588e-01,7.947260583190469685e-01,7.875161528041355607e-01,9.961285357313112154e-01,5.817284312586644690e-01,9.354544902907832027e-01,9.582506250744886600e-01,3.274056736275492430e-01,8.521738337612966285e-01,3.550040203945721284e-01,9.666838422602376246e-01,4.262033025077096027e-01,5.544741052684473148e-01,2.611672707310175312e-01,4.786746026286424760e-01,7.243259207346929296e-01,7.257408938476849203e-01,3.348924559932963119e-01,2.374945469865281378e-01,9.033758095881269101e-01,7.865830328917311487e-01,2.749690807799782255e-01,3.186530773344480316e-01,6.786722463295722374e-01
8.026198686787198167e-01,5.979150723576149851e-01,9.328157862578974058e-01,7.749621160024551259e-01,3.243822801631703889e-01,0.000000000000000000e+00,4.590775478555402800e-01,7.096944711154429264e-01,2.627330285605520288e-01,9.130780901364858870e-01,4.349388971566381934e-01,5.478335445732996911e-01,5.894712089042364322e-01,4.094364214630105692e-01,4.424057877049413223e-01,7.466651737870798611e-01,8.829629889239398732e-01,7.274973438915719459e-01,6.499467048946613312e-01,8.953825156888768344e-01,9.965363693761086772e-01,3.729965022485711712e-01,6.778202922352341009e-01,9.732889896259675488e-01,3.209777126544277603e-01,9.506562104129014923e-01,9.970819494459727261e-01,6.627090577779666258e-01,3.879514588029274735e-01,4.994726735831101494e-01,5.123974025226597506e-01,7.226224419788619402e-01,7.729191455663352306e-01,6.216827631016017541e-01,4.366906208106074300e-02,4.133162785744390888e-01,3.381428399096432225e-01,1.621181302590850581e-01,5.065052766494932968e-01,4.070267144156734518e-01,7.736338107194202784e-01,9.407622559144813712e-01,8.561880889728694655e-01,7.938726152890949184e-01,4.055562474323764488e-01,7.666274680330715796e-01,8.675014081623964035e-01,7.030392653229557975e-01,3.962356711064530246e-01,8.432817245908393877e-01,7.302073657976251297e-01,5.260081191619088159e-01,2.934776110261977378e-01,8.374886086750584768e-01,9.781962563611144024e-01,6.566706522579888183e-01,4.160814492137704379e-01,2.021752958806935785e-01,6.748213885519522837e-01,2.436745027414742859e-01,6.237465958760801676e-01,8.426163392888760262e-01,7.328957797709783062e-01,9.059301588032429020e-01,8.793862154233793582e-01,6.163299179188914678e-01,7.351328570113480065e-01,9.238354305536184974e-01,7.435108234655654069e-01,5.887789070007469761e-01,5.064222024861848581e-01,3.142562778910419352e-01,4.000204990988324161e-01,2.694372472617149739e-01,6.500752130250534444e-01,9.822325329163372754e-01,6.327405785093394019e-01,6.979718009601340034e-01,2.157258088889004929e-02,3.851986102514062815e-02,8.818447802710956962e-01,9.100784410734187313e-01,9.384708561413404038e-01,5.660563200957816621e-01,7.285622098288370152e-01
9.328216293826532279e-01,7.678484205474804813e-01,8.151163469075579648e-01,4.993646508258690608e-01,6.985206429868351385e-01,4.590775478555402800e-01,0.000000000000000000e+00,6.376404034847337199e-01,6.554533489761296128e-01,8.794295810645321732e-01,7.350552730269624968e-01,9.205430881967296974e-01,7.005186329041684923e-01,6.215173157930288239e-01,4.150926759706892177e-01,7.519676833062823862e-01,7.613036095379849266e-01,4.190882753685414852e-01,7.169821889232350642e-01,8.762781483866503018e-01,8.994802086000163177e-01,6.930371143136953016e-01,4.453235942521991536e-02,8.939111544649854801e-01,5.137892535766559465e-01,3.641834057732552532e-01,7.573760831512069691e-01,5.962137816358750175e-01,2.703944600902281059e-01,3.936743814418005583e-01,5.358589612590705098e-01,7.626457278089295855e-01,4.618506252023937275e-01,7.807735412970792099e-01,2.624904017320084937e-01,3.533165216861318125e-01,1.213444763622493899e-01,6.188710600376196025e-01,7.575129655576761101e-01,2.722024920469278131e-01,4.069971812793969912e-01,6.639696924668057054e-01,8.886138087974635447e-01,4.499873864369265952e-01,6.867928023896682221e-01,4.678626702253970149e-01,6.059738932114516752e-01,5.338735097210223213e-01,6.471222643668452790e-01,2.050100346688535913e-01,6.657532097315914665e-01,6.787459819627078561e-01,6.748760019442572311e-01,5.891472469799690082e-01,7.016685101970574490e-01,7.244889921741872740e-01,3.928817715749470807e-01,7.402071871454012353e-01,9.957837273324460226e-01,5.923372331967786675e-01,3.298912463821244145e-01,7.107760595576916307e-01,8.722621481859818005e-01,6.409056859101724957e-01,8.681656388866788587e-01,6.515132978723067181e-01,3.088916593135965227e-01,9.775921333062540519e-01,7.372759223658125194e-01,2.715592950216144663e-01,5.892957156199825075e-01,7.652419953420427357e-01,7.986755195853800782e-01,5.550043221544830319e-01,6.325574743830895130e-01,8.025201862359775395e-01,9.122980991383455862e-01,7.114705342039855107e-02,-2.557726876552979811e-01,7.746950155414296102e-01,6.083626419304373201e-01,6.164418667740984015e-01,6.075132085610244204e-01,7.799878272529374712e-01,3.521925161447487795e-01
8.678139520202942103e-01,2.517343933672405720e-01,8.953439688315394385e-01,8.542484667264020892e-01,7.768036689531447880e-01,7.096944711154429264e-01,6.376404034847337199e-01,0.000000000000000000e+00,6.062570380700849082e-01,7.505055068577719535e-01,3.430315007340690725e-01,6.595569694966549879e-01,8.318607740925614280e-01,9.056689556829423671e-01,6.321839006791541982e-01,4.481178354580579448e-01,2.829057943785958651e-01,6.350723534264465231e-01,6.654934063031368030e-01,8.720817889968119907e-01,9.787204164692377972e-01,5.837429756450475127e-01,3.791040469641082655e-01,5.513939273590509060e-01,2.104371042495264688e-01,9.049652702473456323e-01,2.231158342968858066e-01,5.584314759834064779e-01,7.217292422515803052e-01,3.678857171828608941e-01,8.312305265528803500e-02,5.510641624306403807e-01,4.527643661743226411e-01,6.085289154697666181e-01,8.802243436124164155e-01,2.542077051279723054e-01,3.345737602003963085e-01,2.507795614275363794e-01,6.135866527291837791e-01,4.643670298130789797e-01,4.444055682725819856e-01,6.612218264697875547e-01,4.047512026082633607e-01,6.210986317985233152e-01,6.898948209672149945e-01,6.620374092858327675e-01,6.153257345758281760e-01,3.829901709606853832e-01,8.673143613941263208e-01,6.659713781934166743e-01,1.058422712281809064e-01,4.611886113725396918e-01,6.418519634541750563e-01,6.567621478839256177e-01,7.624029098157049100e-01,5.247669321692687294e-01,5.793054871466795097e-01,6.394783206995710012e-01,9.907664627448085071e-01,4.272951789661292299e-01,3.773058306238157300e-01,6.343465062477231520e-01,5.064051442256265467e-01,2.805862173532739368e-01,6.074895468208351135e-01,6.226458095511929747e-01,6.679191993309540054e-01,9.628513287765405604e-01,4.788204347815127049e-01,9.835517232527986042e-01,7.698251882180912053e-01,6.021286025338735692e-01,7.883873705505948237e-01,-1.972974654384101190e-01,5.364981103052406386e-01,5.799635296104869164e-01,7.675374757219360911e-01,4.850171105095416602e-01,5.159359036399207010e-01,4.978953781387849831e-01,2.128969002169237568e-01,9.607431266503824174e-01,9.193190107414422885e-01,7.727019938617316619e-01,5.992898922542717610e-01
7.845850065886278424e-01,7.262556078808158899e-01,7.946161979258510311e-01,8.274519997274414340e-01,7.408561850107885371e-01,2.627330285605520288e-01,6.554533489761296128e-01,6.062570380700849082e-01,0.000000000000000000e+00,6.924364263087225968e-01,8.454827362136196900e-01,7.040210118103696901e-01,9.828670308830183000e-01,5.551709484444474763e-01,6.995942421974501446e-01,3.337457311964245887e-01,7.504445084430135804e-01,1.986565789911609592e-01,5.301237861645682337e-01,8.764195166459134434e-01,6.693036169908040955e-01,4.792188089463066958e-01,7.749407630906348654e-01,6.656794580587530596e-01,2.498531273467791136e-01,4.522148525439351752e-01,2.208386927689756363e-01,9.832220849334577517e-01,7.519010121598922458e-01,5.940496423451603336e-01,3.870325856937769649e-01,2.950896777207972499e-01,4.505608718189147988e-01,9.516764660481443761e-01,7.972962054220129602e-01,8.552661247287907109e-01,6.840440011310929824e-01,2.605065323230592034e-01,7.514370774609004933e-01,3.481575891992185201e-01,4.936896667592398091e-01,7.768549374122065698e-01,5.483984040878777666e-01,9.117844930722265318e-01,9.521412297240146039e-01,4.281709423512038426e-01,-3.159866573467928763e-02,6.407583331204770305e-01,6.960814738108531685e-01,1.430662972832862090e-01,6.380445438701417560e-01,7.156418766187562230e-01,6.093702115473839109e-01,4.114443786208544784e-01,9.292638505658002979e-01,9.035856224277104554e-01,8.038409662928275301e-01,8.610876720543299001e-01,6.767503254227047460e-01,5.718300851800833806e-01,4.441955428817917495e-01,5.544613679142121887e-01,6.029651321543995079e-01,6.368178144460117096e-01,9.040596637991100692e-01,4.217614443591397588e-01,3.785452967052138629e-01,9.369873490795991300e-01,6.424189575427858845e-01,8.134842505793317136e-01,4.732829466378987715e-01,6.506215710235636607e-01,2.567652118612860912e-01,7.919792049008134160e-02,6.372467360038500672e-01,5.245083055366698277e-01,8.566398809010640214e-01,6.485841191868728650e-01,4.399026304194915138e-01,4.037888486446355452e-01,7.218499635614463728e-01,9.497660751711910487e-01,8.045767773781730137e-01,3.299477414387077534e-01,6.518175437287185847e-01
7.370065042667249822e-01,9.103248523770471889e-01,7.001952055160297617e-01,7.997312623665127074e-01,8.825744126919188304e-01,9.130780901364858870e-01,8.794295810645321732e-01,7.505055068577719535e-01,6.924364263087225968e-01,0.000000000000000000e+00,6.814523627808364292e-01,-7.118589805044958641e-02,8.277086130758197768e-01,7.443831864967722645e-01,8.754795698098061241e-01,8.582836838786266354e-01,9.651155947797529500e-01,9.406231621951731681e-01,7.809335127012666522e-01,8.594178132495311484e-01,6.727872323456773884e-01,5.261293663678034971e-01,7.920913049943264506e-01,8.956860766573701005e-01,4.068531256370642168e-01,7.555904533581350169e-01,9.650549075790202380e-01,4.210959873887004101e-01,4.247881950810952212e-01,5.219738932943893683e-01,2.885191276519137871e-01,2.113189719783175047e-01,6.755864827167638031e-01,6.548361179010422362e-01,6.930600782201087329e-01,2.001806448546559758e-01,2.404770419134032444e-01,4.183071417591722185e-01,7.729067466901459182e-01,6.495339670294149048e-01,4.885532399349644117e-01,6.845680462811152278e-01,8.817278667602220787e-01,8.861129879308715651e-01,9.119342246937292007e-01,9.812438220804475808e-01,6.572511095515360946e-01,2.177804155589972146e-01,2.330632728669188303e-01,7.382902901141359386e-01,8.284443529459106781e-01,4.346313455564850270e-01,7.623090203608090532e-01,7.298046687797088428e-01,9.470810694188857015e-01,8.613425604705343686e-01,6.492534587799032586e-01,8.727931393247266856e-01,9.595033468477757177e-01,4.750119425491842740e-01,5.293790954741450783e-01,2.136724253112216310e-01,6.331821069180869621e-01,9.886234406600654667e-01,9.529198210243903233e-01,7.787765851997021649e-01,7.813034108625404039e-01,8.889118569896249378e-01,9.818471046994334817e-01,6.466636171198878458e-01,9.258718009275549443e-01,7.290218221643441909e-01,9.540855705720580060e-01,4.880815131265165419e-01,8.208872094142284359e-01,4.261888326833322416e-01,8.007667472623534177e-01,6.560971948297819045e-01,3.534193186146301624e-01,2.237100774426086236e-01,7.759596940046334934e-01,5.285133026562757186e-01,3.721018430589076997e-01,2.447037616780529390e-01,5.325512578970297284e-01
3.346995794883594888e-01,6.924522326762267976e-01,9.244182908117745123e-01,6.680416569899090273e-01,9.788154689806669584e-01,4.349388971566381934e-01,7.350552730269624968e-01,3.430315007340690725e-01,8.454827362136196900e-01,6.814523627808364292e-01,0.000000000000000000e+00,-8.621139378571342216e-02,4.368338530862347358e-01,6.833341533218592057e-01,5.589066779338600632e-01,6.816692114318941842e-01,7.980043530439056010e-01,5.875938137646119497e-01,6.385049813933523222e-01,7.230316439769527426e-01,9.894505603595835641e-01,6.604221901403424244e-01,7.489501077037501453e-01,9.704645033256721343e-01,5.959082917848197436e-01,7.643518228221530819e-01,6.166433238738543432e-01,5.684299817218014805e-01,5.820979064779419065e-01,2.017706815340870596e-01,2.323572135508377157e-01,1.768300564721843049e-01,-1.731754320644905976e-01,4.090419045419191879e-01,9.254287839995105625e-01,5.901618020717961377e-01,3.207445450113033392e-01,9.314348611165094161e-01,9.273416707057697828e-01,5.867796588688839465e-01,4.370510433265219485e-01,8.873059450734942510e-01,6.561431794588125088e-01,3.846103231528718025e-01,9.732771874034711335e-01,2.753938817074748080e-01,9.040401698977481582e-01,9.708607684949365213e-01,6.675853760053520602e-01,4.544423554047732350e-01,9.755785909919051369e-01,7.726116296875614742e-01,6.164229061726089753e-01,5.902252429641059450e-01,4.196329313849186948e-01,9.704941568297679177e-01,7.670402692164847158e-01,6.611705323820495916e-01,8.251892068192131502e-01,9.300324805165504083e-01,3.400266996700967992e-01,4.928390865442722202e-01,5.467203110375158381e-01,9.823007607395416452e-01,6.302560076973553471e-01,7.952954496142905505e-01,7.650274161212613500e-01,9.481169401077520487e-01,4.117192641747098869e-01,7.279521317717017048e-01,4.767244013081070597e-01,4.624964251430255802e-01,6.736130036397292020e-01,8.616014997666077146e-01,1.261780535237348455e-01,4.539761667434912273e-01,9.080668755584729857e-01,3.018655238232157978e-01,9.236590979095471443e-01,5.181453332023090441e-01,9.484928048862711902e-01,9.358067956975678614e-01,9.047948902331325316e-01,3.523475533568670715e-01,7.122393429586370006e-01
3.586651710119240222e-01,8.656380175779478936e-01,8.141854311557616963e-01,2.693030695923696038e-01,4.073285035077127136e-01,5.478335445732996911e-01,9.205430881967296974e-01,6.595569694966549879e-01,7.040210118103696901e-01,-7.118589805044958641e-02,-8.621139378571342216e-02,0.000000000000000000e+00,6.459275760803976363e-01,5.511210609077565881e-01,7.905987593372751920e-01,8.844659914971136905e-01,9.483808870811399894e-01,7.453665671019166217e-01,2.137044986855057283e-01,7.904201937452846050e-01,6.291434743708294031e-01,4.214543055772596580e-01,4.397842174577285546e-01,9.177063265041470741e-01,5.981970513776768694e-01,8.092169449998427577e-01,3.446833775223029916e-01,9.329008458999834552e-01,7.860449121018611152e-01,6.107788083793659339e-01,1.351979246282082048e-01,7.010915562260391365e-01,6.726499765105227180e-01,8.674376556029247398e-01,4.515662051950126710e-01,2.113173401848416622e-01,4.800878370245529880e-01,9.920126343745412356e-01,7.181596000450540807e-01,8.641059293070187941e-01,7.450928978654312029e-01,5.554579915889362729e-01,9.991945756459716943e-01,7.971201137990878705e-01,6.125431154656443278e-01,6.608170131718275053e-01,6.795733537099204469e-01,5.556059910437541882e-01,8.141088817023323099e-01,4.062330396325292137e-01,5.975861854454236344e-01,6.997710457870262024e-01,9.455183547450861647e-01,4.140236515146529239e-01,8.482275814037091299e-01,9.036075605212277040e-01,7.623665411908553402e-01,7.896701294084199629e-01,9.843700186871909841e-01,6.678734343906304050e-01,3.988046437682299938e-01,4.419233172857181535e-01,6.468674381862176137e-01,7.408503255481851957e-01,5.886639361129476500e-01,5.057122528735429334e-01,4.857558136436241902e-01,7.062783714495611820e-01,9.752545309116139594e-01,9.486731189066021086e-01,7.968014383552770585e-01,8.087574747862016356e-01,2.063631267011412085e-01,3.020754866740365530e-01,5.461473682839707022e-01,7.670072065277995232e-01,9.554162276943556353e-01,4.964478245547670476e-01,5.885882262443994373e-01,3.301739631503424199e-01,6.672826763489833057e-01,5.973495494480991486e-01,7.162318735212980236e-01,3.121343536760470480e-02,8.444930504685328465e-01
7.632630701900553483e-01,6.743161587007270308e-01,5.479145852644152770e-01,9.711278671186455158e-01,6.659950916672301435e-01,5.894712089042364322e-01,7.005186329041684923e-01,8.318607740925614280e-01,9.828670308830183000e-01,8.277086130758197768e-01,4.368338530862347358e-01,6.459275760803976363e-01,0.000000000000000000e+00,4.982698459452513107e-01,7.502594100680932687e-01,6.978113349236635399e-01,8.930235815262085319e-01,8.353578562249526218e-01,8.393650234140868083e-01,6.760982946578542041e-01,9.179410672163692553e-01,9.343801086539454959e-01,8.354959127825969389e-01,2.450756127481005797e-01,3.880740676998737371e-01,9.700178538130662664e-01,7.493861825002008370e-01,6.631021081381545113e-01,5.890717860525932492e-01,6.363505705883205632e-01,3.249003324248446178e-01,6.816890105005206646e-01,4.679375905122060697e-01,6.733571729367848757e-01,9.973303004985549780e-01,4.476626049265793328e-01,3.580164665224806475e-01,7.679325098418143813e-01,9.806688281458016965e-01,9.519798789948110684e-01,5.126936896817173572e-01,7.459377592121052558e-01,9.071204384838305046e-01,8.852008440766895303e-01,7.741321136994057106e-01,5.460151261500082454e-01,8.451221060366728155e-01,7.997978341137836900e-01,5.362955235270110421e-01,9.981185444881670588e-01,4.281654485297676782e-01,6.051436811249596426e-01,9.048374650276003184e-02,7.775179965321645792e-01,5.309297131494032929e-01,9.978882556327516307e-01,4.763377250275947494e-01,7.644742500018812947e-01,9.385502251579924682e-01,7.934784696702738005e-01,2.533671748396710832e-01,8.518766709127854053e-01,5.615708372356039702e-01,6.003088009610891840e-01,9.606839974524195025e-01,9.244206207368880213e-01,7.798001989833196479e-01,8.445607179288328048e-01,4.694921842183844563e-01,3.308168951245500367e-01,7.745775823458300735e-01,7.127677561027846442e-01,8.607285857326376632e-01,3.036626963504386323e-01,9.805563990092063253e-01,9.550663068477837081e-01,9.384326514713259293e-01,3.578971267417184743e-01,5.151278079793228937e-01,3.943344817991115692e-01,3.124081560414779801e-01,8.594255041776636128e-01,6.036405748491178169e-01,7.674323725431745347e-01,6.867841014207302086e-01
9.704884270232609911e-01,6.046492660965859800e-01,6.481473395464301124e-01,8.733971023647510989e-01,6.637960103834543713e-01,4.094364214630105692e-01,6.215173157930288239e-01,9.056689556829423671e-01,5.551709484444474763e-01,7.443831864967722645e-01,6.833341533218592057e-01,5.511210609077565881e-01,4.982698459452513107e-01,0.000000000000000000e+00,7.012068671474852577e-01,4.037616277954055866e-01,7.618251554239879875e-01,4.567504837989809219e-01,5.700578108068916627e-01,6.646783585690705376e-01,8.613357232732018476e-01,3.261596930007941153e-01,4.132020891916141081e-01,8.172433272284287398e-01,5.453457443056067833e-01,8.677044371586132288e-01,8.233317864222359228e-01,9.757598034858410152e-01,6.790916703378944153e-01,5.084968189253209481e-01,5.057732856506571562e-01,4.727599478660947097e-01,8.531739893020082732e-01,8.131485270194732662e-01,6.362578621575146198e-02,4.959299908298743231e-01,3.361297444850602084e-02,6.967656835058624321e-01,9.540283377021060440e-01,8.479093104603138142e-01,3.666897135541072883e-01,9.301485955542216910e-01,9.630055767722985882e-01,6.426720883137609919e-01,9.010300937837623092e-01,5.127238199793718865e-01,7.212434871468851316e-01,8.037130962383518540e-01,9.003958166207031155e-01,2.721770318827879120e-01,4.089213001634847688e-01,8.400756964409379357e-01,6.913522743491543610e-01,9.778248688572706016e-01,1.378699105421298809e-01,9.373905239191635541e-01,9.937198488366042470e-01,8.695879748901669259e-01,2.900934629416376809e-01,3.181002980883635978e-01,-6.588984296850128319e-02,4.938435115436825562e-01,4.894138715701225051e-01,8.720185962996739315e-01,9.717648924292451307e-01,8.496872370477777103e-01,4.400659815191321211e-01,6.578091681788948986e-01,6.163962598651541169e-01,4.063468465929808149e-01,7.783818349801285841e-01,7.513770121847269667e-01,2.728364938000805706e-01,9.335046322745956804e-01,6.967972897978520486e-01,9.640547312937225444e-01,4.862277526328164234e-01,9.825205082573758020e-01,-1.918026028016615592e-01,2.404965066333115686e-01,7.065826529434543479e-01,8.852837606012743388e-01,9.473413567646044031e-01,1.495283720456790921e-01,9.590590311204028051e-01
8.062049946643121690e-01,6.066051791909484736e-01,-1.929262845083866140e-01,9.109604599002603109e-01,5.162276266043338557e-01,4.424057877049413223e-01,4.150926759706892177e-01,6.321839006791541982e-01,6.995942421974501446e-01,8.754795698098061241e-01,5.589066779338600632e-01,7.905987593372751920e-01,7.502594100680932687e-01,7.012068671474852577e-01,0.000000000000000000e+00,4.781594709905475638e-01,3.669197855375868622e-01,7.414088032095283998e-01,5.210707868166916112e-01,9.917068811525406868e-01,9.655332879063847074e-01,6.787247788404603410e-01,8.266394592517297690e-01,8.299907075540833290e-01,6.583019213262338853e-01,7.447037594553874706e-01,8.999904442911154101e-01,6.910522117695715449e-01,4.351245789289635013e-01,3.113205689714571567e-01,5.294182936521695249e-01,5.228122755908684027e-01,7.386173573302797779e-01,6.611144095822421018e-01,6.150095830370746475e-01,5.966830640137572583e-01,1.438004480793562967e-01,6.415649341614603207e-01,6.105449307567650807e-01,9.483555874083686721e-01,3.805081803961066211e-02,5.634428150631851651e-01,7.976338109517330244e-01,3.556401499706085545e-01,8.929087878274030166e-01,3.378496426938933928e-01,6.149442736797642306e-01,6.639957378468697158e-01,7.638762408903296830e-01,6.443384375360335925e-01,6.391022123145142508e-01,7.782846941815797503e-01,6.027891139088603634e-01,6.499112935551080161e-01,5.196220922399962250e-01,8.959373390298671636e-01,2.047719501656798669e-01,7.168070439524224513e-01,6.888981370680121730e-01,6.290763113252626493e-01,6.030072765165801485e-01,7.138145203853104581e-01,5.733896864734074894e-01,8.290603823092245195e-01,9.376800512631989770e-01,7.120329126926461250e-01,5.108138320399590038e-01,6.886347755600159548e-01,3.009430260660231338e-01,4.263412322277044253e-01,8.847296990553517038e-01,6.863781449670169899e-01,2.736631542320618060e-02,4.565904794798379407e-01,5.735802682188033685e-01,9.910177792722434376e-01,7.783061553672568356e-02,6.975789649729339237e-01,7.570107115838498046e-01,3.912910494878535372e-01,7.956525179438711515e-01,9.895990875349944815e-01,5.301244404276647115e-01,3.745798581766180968e-01,6.579851054809930933e-01
8.757354987563636950e-01,6.735155737138834864e-01,6.438218189860454022e-01,7.252755039671666681e-01,8.210769457069487798e-01,7.466651737870798611e-01,7.519676833062823862e-01,4.481178354580579448e-01,3.337457311964245887e-01,8.582836838786266354e-01,6.816692114318941842e-01,8.844659914971136905e-01,6.978113349236635399e-01,4.037616277954055866e-01,4.781594709905475638e-01,0.000000000000000000e+00,2.273004967294895429e-01,7.606500765552062227e-01,5.222294896850847579e-01,8.709214874582680288e-01,7.156315459276810231e-02,3.587128549506121145e-01,8.731017617143597143e-01,6.623398158513184031e-01,6.506462774914902880e-01,5.853777501917512005e-01,7.857243967313307653e-01,9.922135753309029305e-01,2.170351517251043749e-01,4.064072521074304500e-01,7.796310267991490850e-01,4.440273210415525140e-01,7.022280219131179502e-01,6.887942031690074129e-01,7.970321484411622137e-01,3.999212583769659046e-01,5.147128885954439514e-01,1.354411634633141126e-01,8.363020250706467706e-01,6.583902847801416103e-01,4.758488381956523794e-01,2.875287869150353615e-01,5.188516882270785002e-01,6.755201053260849742e-01,9.993800634399550020e-01,6.550247077086461811e-01,5.931368937835885813e-01,9.050637239784112831e-01,6.089109948860736976e-01,5.211175668240352055e-01,7.027859023171439956e-01,7.422660462126217107e-01,7.964076562454753816e-01,8.717051937453568211e-01,7.375962167203109487e-01,5.181442895553557415e-01,7.190262254809182130e-01,1.605622504915435178e-01,7.689321232314607624e-01,6.196431116996612420e-01,2.709590354481680174e-01,4.222401088143100112e-01,4.532074863228109929e-01,9.089709068433067252e-01,9.239338050718162165e-01,1.592528187772115911e-01,8.973965811778258361e-01,4.877707875906951984e-01,6.244665865352233558e-01,5.866855642538199023e-01,4.461269120705714797e-01,3.861146133474886444e-01,2.369051033537318829e-01,2.010591697533037348e-01,4.206890333889301559e-02,9.085648882744773447e-02,8.228047112165938204e-01,7.999803682343090694e-01,2.792106775963144050e-01,2.243610712052307166e-01,6.629742668166319630e-01,5.158345358980281903e-01,9.798604851191629050e-01,5.880088744793181554e-01,7.226568028287758683e-01
3.695471156539362756e-01,9.418356029962572373e-01,7.237397729017286396e-01,9.014160055513736891e-01,7.771685787561267711e-01,8.829629889239398732e-01,7.613036095379849266e-01,2.829057943785958651e-01,7.504445084430135804e-01,9.651155947797529500e-01,7.980043530439056010e-01,9.483808870811399894e-01,8.930235815262085319e-01,7.618251554239879875e-01,3.669197855375868622e-01,2.273004967294895429e-01,0.000000000000000000e+00,4.846161247019613594e-01,6.041621252595085201e-01,4.284257819418135216e-01,8.634026530936532717e-01,5.469247769892326971e-01,6.800764783330150998e-01,9.414084911597953020e-01,7.932013147347027893e-01,7.612730907845984829e-01,8.245101098297211717e-01,6.158213511655638017e-01,9.654381838090122514e-01,1.398644264526361647e-01,6.853932506066442443e-01,9.215306026086937941e-01,5.636491823950964264e-01,9.095076150897409839e-01,7.050866968573094029e-01,2.280690441953254488e-01,4.275141288735996858e-01,2.524869500358009056e-01,7.218190100866773706e-01,7.216073150005531955e-01,8.924805838700428096e-01,5.314887752448343994e-01,8.997828928082874933e-01,6.911726606049379829e-01,9.498915638321172583e-01,9.639906958666853987e-01,9.062909038662744221e-01,7.123795980634818337e-01,9.597252887809892830e-01,6.967333676916965812e-01,6.116927552970354842e-01,7.004198550003222223e-01,6.879118236341145165e-01,8.849610580662649051e-01,8.856097386655691350e-01,6.310383403586767859e-01,6.255660349935431297e-01,5.110813796450132118e-01,7.021005910055417853e-01,2.691743668920792421e-01,4.897713885045051341e-01,8.736155007343449075e-01,6.712341976981741620e-01,4.655819565012805916e-01,4.020598256556384142e-01,8.063592599211595324e-01,6.010078526517030895e-01,7.617546679892456263e-01,6.217356532913972389e-01,9.684852384087292432e-01,6.489468493920242942e-01,7.360038607080487960e-01,5.008117773468737655e-01,3.864978907753944259e-01,8.446680724153735609e-01,9.008950729394983314e-01,6.282802170028134459e-01,7.583927890036168407e-01,4.920298751037606166e-01,2.434790476299097395e-01,9.636440458844662826e-01,7.213189544443937562e-01,7.112290951999524768e-01,4.902510304557166632e-01,9.899841766477416316e-01
9.830481996866632377e-01,8.462859156233837332e-01,8.578010827875907074e-01,8.344377046153740318e-01,9.984196361243991014e-01,7.274973438915719459e-01,4.190882753685414852e-01,6.350723534264465231e-01,1.986565789911609592e-01,9.406231621951731681e-01,5.875938137646119497e-01,7.453665671019166217e-01,8.353578562249526218e-01,4.567504837989809219e-01,7.414088032095283998e-01,7.606500765552062227e-01,4.846161247019613594e-01,0.000000000000000000e+00,5.225871359960407858e-01,8.652264472933244299e-01,9.228157287539444642e-01,3.107722675102216336e-01,6.571670877541089251e-01,6.324343165588038884e-01,6.946049949717162386e-01,6.795270165208854296e-01,9.884333894663674958e-01,4.054279883227834835e-01,7.904910325827982920e-01,3.489492912828439097e-01,4.128061429838059682e-01,8.705987137738185888e-01,5.631372279328663577e-01,8.678700066598590279e-01,4.592305235759272519e-01,8.808500996169953134e-02,3.756313060730502862e-01,9.813471434609041255e-01,7.192172730145629522e-01,2.439365059719435236e-01,5.964705927198997726e-01,5.369872560234278946e-01,5.555182449541853362e-01,3.495140541664755740e-01,9.369913501685298574e-01,8.302223233155767712e-01,8.093431894147287142e-01,2.830902867786073140e-01,2.952910497169635162e-01,4.740245659564775171e-01,7.167965108740860236e-01,7.201607286183646650e-01,4.691360018537193977e-01,6.563781656339680026e-01,9.131862148140535984e-01,5.993766771174381391e-01,1.300089921810695104e-01,3.004365617065946070e-01,9.535972808027614045e-01,3.900891160161196747e-01,5.449643731539315361e-01,8.327740376559878976e-01,6.318573349890029833e-01,8.727741097667749415e-01,8.372529596402252805e-01,7.666600889664443308e-01,9.106280002914184379e-01,4.024562628125724073e-01,6.514550103455233332e-01,7.492956768101619591e-01,8.950066177381688082e-01,8.475641211803084385e-01,3.101923661060413395e-01,7.840128825445490390e-01,6.798104281616523803e-01,8.214799862071175962e-01,9.609980208263779744e-01,8.216330028912410821e-01,6.279540276320894066e-01,5.673992415900657171e-01,7.895339704879837939e-01,8.317877062980706393e-01,7.733677611679343755e-01,6.777884132905069858e-01,8.895560500607415655e-01
