0.000000000000000000e+00,9.455529763624002104e-01,6.675204104393248628e-01,2.655120824884406039e-01,9.752973040971540941e-01,9.362624257694487362e-01,9.904319385890367755e-01,9.947058832416093566e-01,7.987278860011547410e-01,6.956909085546509885e-01,2.993257502037925399e-01,9.627328727191103441e-01,7.858842746356299314e-01,9.747141861320599565e-01,9.439677777149830806e-01,4.424994101927326451e-01,9.917151851570731314e-01,6.486138406999687467e-01,8.677540983882692238e-01,8.158179397433188429e-01,3.186504318761164689e-01,7.025008894843612905e-01,6.234414717634033654e-01,7.501702395703028214e-01,3.894425017557450186e-01,8.413612358374678024e-01,5.710846965865097324e-01,8.919466048787103585e-01,1.748490261438423454e-01,8.931553814911979972e-01,1.848266048705715647e-01,4.066422531708330235e-01,9.857223786311452018e-01,7.734598850577760754e-01,5.459499837868408978e-01,2.218227211029893120e-01,2.262787125511586117e-01,6.444230153430328123e-01,7.497243911916220416e-01,4.199022592867223125e-01,9.564085702662216137e-01,8.107032082380254412e-01,5.206927721291008115e-01,8.195982619035012684e-01,8.507180371453795242e-01,6.703191224783151547e-01,6.716902559654844840e-01,3.275542523641667980e-01,9.844558647851670008e-01,4.757591710741135849e-01,8.075949071078217800e-01,9.174297411310859962e-01,6.721036354382756706e-01,9.297532728313833150e-01,6.810311637767105797e-01,3.750703569248123870e-01,5.222971452750235777e-01,9.917217794247472629e-01,8.770836786084454939e-01,5.317041974687430894e-02,4.463846803169517763e-01,4.133559423871683292e-01,7.017207019801779966e-01,8.761090761058935028e-01,8.215891257821651417e-01,5.345373287639929583e-01,6.788619676388660817e-01,9.803351096916647078e-01,9.312373132685491939e-01,9.884940563961663873e-01,8.361027454301042106e-01,8.413846660454687987e-01,6.778974612227958163e-01,4.415651020158032902e-01,8.013530250199147886e-01,-6.870586369456199716e-02,9.201840446142539598e-01,4.420199242001497941e-01,5.658664414155814004e-01,2.245535524761659851e-01,9.421599713784220009e-01,9.712381880217937358e-01,7.068690091191065505e-01,3.466385691646439726e-01,9.689075117214183130e-01
9.455529763624002104e-01,0.000000000000000000e+00,5.835642950424945186e-01,7.604276399861371605e-01,8.918060894581081310e-01,8.289679482415001077e-01,7.398997020661188806e-01,2.589441997342989965e-01,9.307609060601040873e-01,6.328069155930508005e-01,8.775765379033406699e-01,5.686316159224261702e-01,9.195234386479932409e-01,6.077671332638387991e-01,6.530813379581054123e-01,8.847240826780189416e-01,8.552659809117171275e-01,7.216511854771199275e-01,8.289157415912974392e-01,9.782242468273710800e-01,8.459515504317270951e-01,6.936156066639100892e-01,8.343281920378525784e-01,4.562552613951059710e-01,6.635379907089564711e-01,9.770059483594535354e-01,9.996750906275519988e-01,8.331610577116557170e-01,2.012868668598084276e-01,-1.170800517583728967e-01,6.097177231020790567e-01,5.648649676648931361e-01,8.875099668255319596e-01,9.313074149380015099e-01,4.425751862131699355e-01,-7.487434042484855667e-02,5.567180874545099023e-01,8.659486555920824502e-01,7.895901044948242520e-01,4.344219695038549212e-01,4.050028571290299473e-01,8.852045585555780027e-01,9.175158584538726236e-01,4.784117193537567592e-01,7.657678955449394032e-01,8.922698651722388297e-01,9.994082517730497051e-01,9.109777237611988987e-01,6.238047737980546570e-01,5.303305233093769111e-01,9.768540096852712518e-01,8.711817819976773736e-01,7.045480813369364714e-01,3.974958825683166386e-01,9.900134131909856805e-01,4.784313718774031443e-01,2.620140634504996568e-01,4.193148935122699150e-01,6.729313763524694680e-01,2.960169334420451603e-01,4.447435316641560332e-01,8.591103060054711138e-01,7.663118208867480963e-01,5.744654596453193651e-01,9.867766710813486997e-01,7.467129158025648250e-01,4.395676457389572356e-01,3.236550157265881689e-01,7.696319704548235663e-01,8.156925063463282832e-01,7.901677978046163231e-01,6.504904340156253406e-01,5.390947519274161825e-01,4.595189565836448331e-01,6.181302600095417432e-01,7.434389176568866331e-01,7.282577232899866138e-01,6.381791378556262995e-01,4.888019882867316590e-01,2.918279513674449932e-01,2.390731046912393520e-02,9.713249541501131068e-01,7.805167305940007294e-01,2.588955047131601406e-01,5.917275033338518231e-01
6.675204104393248628e-01,5.835642950424945186e-01,0.000000000000000000e+00,8.562394598596589912e-01,6.027122225413806822e-01,6.633338451071283393e-01,9.040802526885368673e-01,7.970627270598947822e-01,8.867252376086051102e-01,9.382940155440985253e-01,7.545822428938019355e-01,8.521770280208231796e-01,8.222232117739521895e-01,3.237714732131490858e-01,2.320140653871208269e-01,6.814062995950073143e-01,8.370062134041810209e-01,6.498840070541893610e-01,9.323611061104392084e-01,9.131166929398075727e-01,7.299071709369420180e-01,8.912781464347800942e-01,8.632068140825124303e-01,9.052623550160115995e-01,9.843941263678318565e-01,3.837051442373982102e-01,6.463293461371382165e-01,5.308754120678225163e-01,6.406540198412180587e-01,9.863846919514805689e-02,6.657061070800003311e-01,6.591085455175336172e-01,6.602626312115030816e-01,8.105688483830646440e-01,7.983241823869022813e-01,6.626519352444339983e-01,3.855558285451979317e-01,7.403975638493930367e-01,9.665996823930098625e-01,8.360866703604651340e-01,5.460089072753843142e-01,8.080990764477035126e-01,6.016964566395966996e-01,9.454300443421694844e-01,9.093052580414116015e-01,9.415932470180045089e-01,9.579584019476202750e-01,4.104593269513208131e-01,9.894982194847969925e-01,9.563603350593472552e-01,6.172453207627206506e-01,8.398933867441157330e-01,5.190710913254855674e-01,7.791269217871494845e-01,6.763408922749296615e-01,6.653344597709924813e-01,9.704203175305079476e-01,9.377429849605588563e-01,9.671711626401339190e-01,5.300111974029270145e-01,6.439950440974873645e-03,6.728644850618979989e-01,9.957232540334017834e-01,9.896841220470664613e-01,9.720013032772015782e-01,4.307483674422557529e-01,6.916207626331987157e-01,7.696948686251087191e-01,9.575085158708304123e-01,6.019460992610768946e-01,8.601518425360858977e-01,4.500119920519026206e-01,7.563158091887260959e-01,7.211893234333851543e-01,8.219601603139653490e-01,9.388216964193383252e-01,6.421488262051385787e-01,4.602510471033787187e-01,4.277458400952507955e-01,4.570009281703503179e-01,9.969826265759207384e-01,5.329361780114032915e-02,5.559068678949649067e-01,7.857312221586103540e-01,9.806935817554672807e-01
2.655120824884406039e-01,7.604276399861371605e-01,8.562394598596589912e-01,0.000000000000000000e+00,1.725605204884732014e-01,9.609093660607517240e-01,8.360200360603233793e-01,7.773536616438176949e-01,8.332871581163112662e-01,7.771213533553131825e-01,8.305251728114890764e-01,5.990466871095603274e-01,8.068089498519155356e-01,-1.702470188772913506e-01,7.568843338475936822e-01,9.867549586919029947e-01,8.494559676934670955e-01,8.110024364196418700e-01,9.330604178703327811e-01,7.401294882341649117e-01,4.082738859284338329e-01,8.944060551614937404e-01,9.211775254464334983e-01,8.871526546232541000e-01,6.211778480851427586e-01,9.230446070162130479e-01,6.361574078028738866e-01,8.901765781385456711e-01,2.285151791456668802e-01,3.607138468562889333e-01,3.345453554194908197e-01,6.804250772800344294e-01,3.550798043324434605e-01,4.664700103027192846e-01,5.557682574442234236e-01,8.625854589147574636e-02,3.889298099461370728e-01,1.758019120665504642e-01,7.554707587959288428e-01,6.971660176942806597e-01,4.771731955497459099e-01,6.278353040283063402e-01,4.505204365167714831e-01,9.939851781756416926e-01,8.361824295551567587e-01,9.477150515956342947e-01,6.927085405178186051e-01,2.981739684835945092e-01,-1.574533187842257764e-01,8.055732425834144506e-01,7.649653489538854600e-01,9.207789487245988669e-01,8.423407860633265187e-01,9.605675271171805196e-01,6.789389553300821945e-01,4.529975683371221806e-01,4.180102670375773211e-01,4.309587194223316042e-01,9.381375739045272333e-01,4.656217676827516527e-01,7.985151947517512561e-01,7.003185680656510703e-01,4.268964543243668475e-01,7.569388419887799202e-01,8.584758384355450911e-01,1.705431396697213442e-01,4.163441412282789522e-01,8.884442230603533108e-01,4.748608652025397281e-01,5.714432818842499762e-01,8.500700350813020778e-01,8.016307187258905342e-01,5.238802249216207851e-01,7.780430514322705937e-01,7.206970299121541190e-01,8.764152686233201983e-01,6.172184942975010857e-01,5.115958471054788959e-01,5.768414621312452084e-01,3.505120498078917457e-01,7.582445234663669487e-01,5.628442284596886225e-01,7.601511671854868091e-01,2.493999003770052125e-01,7.923291129123288812e-01
9.752973040971540941e-01,8.918060894581081310e-01,6.027122225413806822e-01,1.725605204884732014e-01,0.000000000000000000e+00,6.278158694554594188e-01,3.427980548599926514e-01,5.655361049031093490e-01,7.753933721386843114e-01,6.916375508420005147e-01,8.607793434642017072e-01,9.870364858035705069e-01,8.611285712416194560e-01,8.575462433425855568e-01,8.337363690000501038e-01,7.727099097229613855e-01,5.903831810097815991e-01,9.411819650663381109e-01,1.206211207427647092e-01,4.763875048339493712e-01,8.576226389050329857e-01,6.913387010638453178e-01,5.833389763780545412e-01,7.560377487549219122e-01,8.035668358363223795e-01,4.393583130397662462e-01,8.724033318535384662e-01,6.286028409605177725e-01,6.162252226025650703e-01,4.656099662750340373e-01,5.243580318255424144e-01,5.399176598073955891e-01,6.617359108908957843e-01,7.205363286641406351e-01,7.611580995373347092e-01,6.563073192747718165e-01,5.494665213738455511e-01,6.431352558167726663e-01,6.850748273576624525e-01,6.523316262028041601e-01,5.086744402020763056e-01,8.876639690005783123e-01,7.123206494599393368e-01,9.188661327836766812e-01,9.780786418160315465e-01,3.526853673681416002e-01,6.611495562868205944e-01,6.550197231826225819e-01,4.444328023789656523e-01,7.184175006931134977e-01,6.469177736333638906e-01,3.612001729758610447e-01,7.152876094212311520e-01,7.096189402074639663e-01,4.719783404047381836e-01,8.134477115811342696e-01,8.547588160504727695e-01,4.328429664785859443e-01,9.592809153897305929e-01,5.152005915143177406e-01,4.270476417985973328e-01,7.396074088597224261e-01,5.728756425594661028e-01,6.875905698874131833e-01,8.706859060746794388e-01,8.981458909602676455e-01,8.672706364051619987e-01,5.393150723636007671e-01,5.708372504735496067e-01,4.271959467041290259e-01,9.030865023418283011e-01,5.220939468436087694e-01,6.642169403124260629e-01,6.483129950618573556e-01,-6.904118496328251475e-02,4.226952426364756765e-01,7.592725803544753127e-01,7.706461456964728285e-01,5.435115272999406777e-01,4.582512395938240224e-01,2.115044394677945139e-01,8.767036709028632746e-01,8.066410728482710235e-01,7.628488805605504464e-01,6.861418593559915902e-01
9.362624257694487362e-01,8.289679482415001077e-01,6.633338451071283393e-01,9.609093660607517240e-01,6.278158694554594188e-01,0.000000000000000000e+00,7.798949358239126717e-01,8.741963736722685452e-01,9.706151737943324864e-01,2.530410439569560355e-01,8.348110146091647366e-01,7.936134305420678992e-01,7.795666066463959876e-01,7.998310268671928736e-01,7.037730896023401961e-01,4.904857239053294626e-01,8.737743653729228566e-01,6.662372593716673341e-01,8.088331433878850341e-01,9.007470187445517640e-01,7.505612330941384691e-01,7.189421298588998255e-01,3.118560512031607890e-01,7.038403663409358302e-01,4.979294998832591856e-01,6.514333084315653277e-01,5.690487489080919836e-01,6.315268732580013866e-01,9.437220337827496586e-01,4.557440165670592624e-01,6.058475559182612269e-01,9.367987611909435186e-01,8.247862781749110139e-01,8.110081881899813272e-01,6.764667652767847317e-01,5.067786793516042554e-01,3.849126308423661547e-01,6.465151486734694863e-01,9.665513109044631124e-01,7.354627700472307628e-02,5.366331204027904311e-01,6.626674276515207573e-01,6.757424791668252828e-01,5.352830525182691312e-01,7.377557539662751296e-01,9.247917015171414068e-01,8.875322606157483030e-01,8.255635711738033011e-01,4.066386934497145389e-01,6.278450487885882669e-01,7.016319404241126989e-01,7.430675553448091719e-01,6.174671884782839681e-01,7.741502767839649746e-01,9.143580868913699922e-01,5.244850328546792895e-01,4.677501424475191683e-01,8.402404769830645881e-01,9.365536355800787582e-01,3.580417247624195776e-01,6.393773910533416815e-01,7.164005012550894724e-01,7.495004862528102940e-01,5.200562547872185082e-01,8.427531285212181977e-01,8.586479840547278641e-01,7.598178021997855636e-01,8.956870815296381627e-01,7.870768652215124339e-01,7.721811789407801996e-01,6.067760736604955740e-01,7.538565583542544690e-01,9.131129539334658096e-01,6.630591941454089255e-01,7.459850804338361563e-01,3.722062890712937167e-01,9.560652682222515741e-01,4.209148616984942359e-01,3.006647701201969891e-02,7.204483572103475009e-01,3.140711474157709127e-01,9.808759432518590060e-01,8.347039280967358810e-01,8.875866632949440671e-01,7.464070948025836039e-01
9.904319385890367755e-01,7.398997020661188806e-01,9.040802526885368673e-01,8.360200360603233793e-01,3.427980548599926514e-01,7.798949358239126717e-01,0.000000000000000000e+00,7.004261493542083272e-01,6.315435523093138048e-01,6.192123929291425410e-01,9.347767356984646447e-01,7.251130272768594454e-01,7.672592697872990808e-01,6.910150027774984993e-01,4.968259787365250091e-01,4.738556173218769207e-01,9.384534710691749826e-01,5.660158274918896115e-01,4.527538472228615496e-01,7.084942903611284315e-01,9.836365197890877266e-01,7.990580624275313015e-01,6.669636118405698477e-01,2.725519177425952955e-01,5.067147364740601789e-01,4.349567677052900150e-01,1.786896534156688365e-01,5.180080978392723745e-01,3.540200616224125629e-01,5.828326926225688709e-01,3.554100685616629063e-01,6.021642512264665514e-01,7.237540955463405146e-01,5.092877210236707031e-01,7.260113378331646272e-01,3.557671321581852286e-01,7.691423942759210985e-02,3.970889944033486607e-01,9.745057783342352398e-01,7.505506703821246406e-01,4.878239320459140105e-01,2.470133011961283265e-01,6.651593601337630890e-01,7.080909988531661758e-01,2.160334897333986148e-01,1.781872455686392964e-01,2.828231611543159940e-01,6.780704555165095737e-01,4.766417159362991152e-01,4.655913004860475768e-01,6.928890567255606703e-01,3.482247691927589095e-01,5.334537003353760909e-01,6.060432231196235531e-01,9.927771152350700623e-01,4.955241465994069533e-02,7.491561891238613935e-01,3.732948331831514310e-01,6.578128526437239110e-01,5.181989681889922483e-01,3.150454028284222496e-01,6.019180081814262673e-01,7.388570430808167888e-01,7.930045081251424488e-01,9.831521078520906176e-01,5.267008581608934037e-01,4.955586217953364958e-01,7.157043116748812439e-01,6.949144866984231506e-01,7.724234048319424950e-01,6.692381811583033580e-01,4.947560191313503664e-01,6.425783787583090600e-02,2.178724486482886691e-01,7.828698403838102449e-01,7.087133148529806137e-01,7.649539095999962068e-01,5.766394942922145050e-01,4.680267532404417952e-01,5.611528459308283701e-01,5.431888310100210226e-01,6.901415285938777844e-01,3.735549217369686925e-01,2.495555801174232646e-01,2.119976974194988373e-01
9.947058832416093566e-01,2.589441997342989965e-01,7.970627270598947822e-01,7.773536616438176949e-01,5.655361049031093490e-01,8.741963736722685452e-01,7.004261493542083272e-01,0.000000000000000000e+00,7.151538406333605158e-01,2.995034575922693176e-01,5.820639726286744864e-01,4.041369570142128165e-02,6.970219905725349996e-01,9.362505264844975805e-01,1.059242394781596541e-01,2.286070804751947905e-01,5.896290169999480746e-01,8.969649661270426844e-01,8.442089196285171848e-01,9.434853037417600952e-01,8.686817359088148116e-01,6.756015471995003852e-01,4.185458449176293616e-01,8.446656796863615257e-01,1.963177271826809234e-01,7.745736239625453656e-01,7.263265138621319839e-01,3.531066396901840210e-01,5.096164174646710121e-01,5.194254667751874166e-01,4.659686845668841171e-01,2.774772364084508447e-01,4.083367486942038882e-01,7.604587847869113126e-01,8.350668697831208354e-01,3.295525741027932609e-01,6.447487043923837147e-02,5.207269682224782148e-01,5.619800862048035528e-01,2.321632010193264151e-01,3.113571278282613597e-01,-1.894789555310710805e-01,8.554679817706274392e-01,4.785533959633206935e-01,6.745479314044583452e-01,5.292081771159594661e-01,5.232312386931934345e-01,6.606573726967253091e-01,7.037263963585728144e-01,9.006204003863224061e-01,7.507962568203770948e-01,8.904136514273296443e-01,5.018258583239477710e-01,2.807938997538789172e-01,9.186347232662782636e-01,5.823831337363907235e-01,3.420350224900423619e-01,5.804440721493664412e-01,9.537070354752115176e-01,6.278282842916812490e-01,7.903194282896969236e-02,4.920001476869955148e-01,4.710245008648132892e-01,7.431314088824206854e-01,5.642428726241892623e-01,6.199092252058643338e-01,7.193367711313750634e-01,7.046948822914894661e-01,6.563900706207848046e-02,6.171338732138655914e-01,3.029218682651895270e-02,6.018350361136733939e-01,7.056825530417588643e-01,2.880826067676982571e-01,7.029267919620413307e-01,7.337276660538376571e-01,2.005735185101581441e-01,4.127633652181360580e-01,5.473751159809447930e-01,4.776812762668540824e-01,7.054376619915029289e-01,5.145150093017100135e-01,7.239269270558057467e-01,4.984992169380447757e-01,6.098196324069913299e-01
7.987278860011547410e-01,9.307609060601040873e-01,8.867252376086051102e-01,8.332871581163112662e-01,7.753933721386843114e-01,9.706151737943324864e-01,6.315435523093138048e-01,7.151538406333605158e-01,0.000000000000000000e+00,9.020736097027350908e-01,9.205625375291442980e-01,7.495147385871838708e-01,3.782532520088052186e-01,8.488654644648920833e-01,7.354345153400589918e-01,7.177559615712794105e-01,7.326373404743886653e-01,8.144279766776794105e-01,8.841562967580208765e-01,7.737550799797930923e-01,6.525887945662759426e-01,6.730770417053808519e-01,6.423240510173409135e-01,8.807551809921306818e-01,3.487044950110199659e-01,7.861832771077567061e-01,9.117990037735774767e-01,5.427185669103726795e-01,4.803767804942396524e-01,6.599125494836530770e-01,2.088525916366138768e-01,6.942038286772395095e-01,4.564572042804921348e-01,4.820746266863688567e-01,5.936476561433423615e-01,1.675830401826518823e-01,2.265441713549510294e-01,4.226527670689084193e-01,3.237321411583373720e-01,9.729294723808737944e-01,5.527506361810704538e-01,6.828889260659865013e-01,6.879139340101221300e-01,9.001203262504270386e-01,7.053261108047157446e-01,7.067984367456178196e-01,6.990938894634450840e-01,8.531162411753983044e-01,4.208924306448496022e-01,7.530054929164633482e-01,5.242317629194297446e-01,9.225977684926254252e-01,2.862983203046735037e-01,5.438800445573088727e-01,9.114269233154325134e-01,6.250550569129407208e-01,4.950559856724700558e-01,8.405425833366237942e-01,7.699264139759220971e-01,2.124823717999728967e-01,6.228491518645136171e-01,5.286842297791605194e-01,9.519706148843436466e-01,9.029177926808991117e-01,2.998892672889736377e-01,8.313525754299789794e-01,8.113543641082311408e-01,9.353721066131970296e-01,8.858104683876668606e-01,6.214866103722185287e-01,9.729017233939186715e-01,2.364576711577946050e-02,2.911109549682772135e-01,3.813039798869924946e-01,5.748987517907375722e-01,6.958980542121159241e-01,9.481282592225293016e-01,2.051104936205248586e-01,5.032849061661051060e-01,3.345044026282866234e-01,7.790620270184565044e-01,8.631800032824987756e-01,7.406183398378516358e-01,6.868991072583496837e-01,6.895455086718090820e-01
6.956909085546509885e-01,6.328069155930508005e-01,9.382940155440985253e-01,7.771213533553131825e-01,6.916375508420005147e-01,2.530410439569560355e-01,6.192123929291425410e-01,2.995034575922693176e-01,9.020736097027350908e-01,0.000000000000000000e+00,9.068079054138444839e-01,7.224896613382246757e-01,2.717634960413312095e-01,9.150340200734417007e-01,3.709067948412304583e-01,4.054540590098991149e-01,7.200886695829260553e-01,8.928410260446155711e-01,7.300391577090711293e-01,4.097101803666887143e-01,7.235398860014257139e-01,7.591558380073263335e-01,7.367223259169872751e-01,9.240234322845298776e-01,-1.895180656111516149e-01,8.969143986209991981e-01,7.911683991402116423e-01,8.960634801642080038e-01,7.496934010453870645e-01,6.315763068975790429e-01,8.955093019023802059e-02,3.588350273174706340e-01,8.423767975935707586e-01,9.814135986431893333e-01,5.443433091053605510e-01,4.981274269053097004e-01,1.535141435883662642e-01,4.429228891747041819e-01,9.951343512294023030e-01,8.042393723617083934e-01,2.428342633219708890e-01,4.328510397902284867e-01,9.375102464219193799e-01,2.405561537371229408e-01,8.447932480636751729e-01,6.936371990671448273e-01,9.597297380185205729e-01,4.800536901729713368e-01,7.088211923667027126e-01,2.830027268105985705e-01,7.133430990334501676e-01,3.356406640991058121e-01,6.103747688051187614e-01,5.180229406033863837e-01,8.052766541573392889e-01,7.519213049252742032e-01,4.205496288063703125e-01,9.977220355513504169e-01,4.937256473822778102e-01,4.422303636450803377e-01,7.687736074424409427e-01,5.324378434003203264e-02,9.786778505897489877e-01,6.958700970922098161e-01,8.311278716942093192e-01,2.392275794102506348e-01,5.409202611357321056e-01,2.770341233210276144e-01,6.824559998133100658e-01,4.768762512015795041e-01,7.280995823019378310e-01,6.273763495051704053e-01,4.667473007165537369e-01,4.503938760323995816e-02,6.584319624389527448e-01,2.431241129611810825e-01,3.862946543994628112e-01,6.749793299179605022e-01,-2.689578199097998334e-01,1.748171217549270295e-01,5.285743766326426174e-01,6.143263322467806820e-01,7.058141638516989280e-01,6.028080097532141357e-01,4.817755139954346122e-01
2.993257502037925399e-01,8.775765379033406699e-01,7.545822428938019355e-01,8.305251728114890764e-01,8.607793434642017072e-01,8.348110146091647366e-01,9.347767356984646447e-01,5.820639726286744864e-01,9.205625375291442980e-01,9.068079054138444839e-01,0.000000000000000000e+00,8.341877934402828210e-01,9.959819651644179483e-01,5.027210145552407639e-01,6.808494831573269623e-01,7.392797165868389975e-01,5.494353257964654791e-01,9.829739187512890330e-01,9.770436454611506338e-01,7.477899238340690591e-01,8.025003694590808756e-01,7.019154151547352116e-01,7.940362062925829800e-01,8.873305567418885431e-01,6.480226429382769382e-01,7.365902886216945111e-01,7.675042771768691985e-01,2.184236606809575876e-01,2.132432172970836759e-01,4.777723889558008752e-01,4.588751100706321417e-01,3.912172114957865876e-01,4.141982472867661857e-01,4.164790563012503166e-01,7.014894350130685963e-01,3.825421177198833345e-01,5.793965232791841169e-01,3.850421260574217186e-01,7.913804680433212946e-01,6.565277901652905035e-01,4.651575320941345737e-01,8.516215077985594961e-02,7.216792469147041977e-01,9.607495213229680364e-02,6.550294463508705700e-01,4.021584805241272265e-01,2.943392876143279269e-01,7.453514973041024394e-01,6.852100453035004923e-01,5.777813059225475056e-01,5.730756836483739125e-01,9.003378629606226813e-01,9.670993854460361305e-01,8.953580001647877262e-01,4.814116571817249057e-01,8.306745509692070595e-01,5.946997286198589805e-01,8.779822493497013713e-01,9.724339836024341599e-01,5.584099631495281768e-01,-1.774202298047167226e-01,6.198998474650839752e-01,6.590352450806251650e-01,9.993200529657297881e-01,9.486820914862360565e-01,6.103785968084262104e-01,9.572198619161285116e-01,8.160234429136350442e-01,2.926570044939536541e-01,8.879480374231567552e-01,5.582836350710375095e-01,6.869437837348740805e-01,2.435833151701792543e-01,3.765795591646803331e-01,7.604807717800730060e-01,7.977644586747727473e-01,7.066763852600563833e-01,6.218035772551366858e-02,4.837451215686381367e-01,1.628890309529018032e-01,9.489883145208876103e-01,7.788529814140453533e-01,5.313811748766546217e-02,1.193090474497031650e-01,4.941032489420172924e-01
9.627328727191103441e-01,5.686316159224261702e-01,8.521770280208231796e-01,5.990466871095603274e-01,9.870364858035705069e-01,7.936134305420678992e-01,7.251130272768594454e-01,4.041369570142128165e-02,7.495147385871838708e-01,7.224896613382246757e-01,8.341877934402828210e-01,0.000000000000000000e+00,8.610132166431799794e-01,8.636802897288967662e-01,9.968296141578623093e-01,7.187827531607007270e-01,7.570341479551354613e-01,8.213269950034024491e-01,7.409155131107256764e-01,6.568901314279462778e-01,5.086452457920919157e-01,2.405023722973195777e-01,6.376276656621101546e-01,6.370926177364709675e-01,6.636293228060419214e-01,9.852779457107169181e-01,9.506037287299966554e-01,6.572047167371366516e-01,4.270914650244810873e-01,2.950914157896448176e-01,4.212678827584191987e-01,7.894756072180566520e-01,9.500898804302800871e-01,7.359089706002182041e-01,1.964243844321197363e-01,4.410456814672504278e-01,3.990918596972228283e-01,7.061396053743477230e-01,9.800242687925040386e-01,9.204707450810900582e-01,5.337594158236015351e-01,5.196306489454318722e-01,7.579858654243344374e-01,6.333769859513086464e-01,8.426983802548637659e-01,6.879500414610713044e-01,3.612040795354904965e-01,6.918387846474398639e-01,4.214124967259845200e-01,5.817737625661028034e-01,4.081314781170529149e-01,6.423439100441490357e-01,9.147503380299077946e-01,9.938002651038250201e-01,5.525369344048993714e-01,6.610311422387897817e-01,9.045510017921947199e-01,7.484313941193371233e-01,8.667797862321032776e-01,5.622712157682641099e-01,6.587421153262191797e-01,4.379215244269977769e-01,7.453819254107605374e-01,9.504415294490877741e-01,9.589682347188361877e-01,9.188213981432787891e-01,5.054507837068378251e-01,8.499184606038044931e-01,5.542552015477202332e-01,4.606701328454034239e-01,6.612176000219293082e-01,4.517696819886197201e-01,9.206343326335492128e-01,3.846404398338647557e-01,6.689276803237380609e-01,3.105989124127622181e-01,8.412972925874198094e-01,4.853787404934433170e-01,5.376703544346355113e-01,5.258046437912909932e-01,8.316155538097302902e-01,9.333221605874936211e-01,8.261039915198030714e-01,4.264845408156046208e-02,4.613481292050826132e-01
7.858842746356299314e-01,9.195234386479932409e-01,8.222232117739521895e-01,8.068089498519155356e-01,8.611285712416194560e-01,7.795666066463959876e-01,7.672592697872990808e-01,6.970219905725349996e-01,3.782532520088052186e-01,2.717634960413312095e-01,9.959819651644179483e-01,8.610132166431799794e-01,0.000000000000000000e+00,7.143493923668180479e-01,8.283827711012722306e-01,5.763767469527453224e-01,6.202550309544295759e-01,2.065865677184811067e-01,8.730472467656282820e-01,7.252242273391695804e-01,7.293600268724300673e-01,4.338692654837364437e-01,8.174676674035966650e-01,7.646340301680987217e-01,6.539774880332153151e-01,9.609458228123486379e-01,4.156886955333251032e-01,7.308196527103543172e-01,9.571531435900111351e-01,1.357995356314749824e-01,5.003294971304220184e-02,7.001573271774486074e-01,9.468694926813375767e-01,5.999797786418041845e-01,6.956498893157991859e-01,6.195621108171281977e-01,8.782721803162907986e-03,8.013390451451867236e-01,8.658172364817625644e-01,7.318014234913857718e-01,3.873888648220124020e-01,9.786630370611729690e-01,9.440494319711415505e-01,7.060617587529571804e-02,6.217667220121907423e-01,9.910064857705559449e-01,8.440473247313057259e-01,8.702302504293267793e-01,8.446519891981071337e-01,7.625078708196331156e-01,6.157408937232996538e-01,8.372466568877405813e-01,8.274432956325108446e-01,6.837504960561396894e-01,9.412348555871883349e-01,9.436671091608643813e-01,8.717045414814582616e-01,9.464945047725575877e-01,7.002050007460817183e-01,4.184301838575132937e-02,6.077381076862158338e-01,6.719844939402974671e-01,8.773766392039835660e-01,9.506871429496638326e-01,9.567446240496000343e-01,2.767032203972269455e-01,7.766079826661169694e-01,9.611157556084310993e-01,6.685580018060339746e-01,6.939425238427946452e-01,4.418090282863641471e-01,6.332250320057704052e-01,6.494594605209101923e-01,5.109714348627905078e-01,5.984817104399688947e-01,9.702056591321779333e-01,4.085435763850440161e-01,9.857067859506796204e-01,7.071686494083538888e-01,5.791916689662618412e-01,6.254406540976564788e-01,8.185432753326608024e-01,9.398925667460600319e-01,2.217594573354474408e-01,8.562673006403223042e-01
9.747141861320599565e-01,6.077671332638387991e-01,3.237714732131490858e-01,-1.702470188772913506e-01,8.575462433425855568e-01,7.998310268671928736e-01,6.910150027774984993e-01,9.362505264844975805e-01,8.488654644648920833e-01,9.150340200734417007e-01,5.027210145552407639e-01,8.636802897288967662e-01,7.143493923668180479e-01,0.000000000000000000e+00,9.974562057383649094e-01,8.364844943903939622e-01,9.276693140680658534e-01,7.719490630435352774e-01,7.545403440540560114e-01,4.680005300261725898e-01,9.319298759390595155e-01,7.235270137233986709e-01,6.138788670972105121e-01,7.380931990686689925e-01,2.406734169731875872e-01,7.652581647654317365e-01,5.936654164244334897e-01,9.456576874194078108e-01,3.401403877436566803e-01,5.989750209772966016e-01,3.055943344068665635e-01,8.390016316405094488e-01,9.429718224630635470e-01,7.174732694508271225e-01,7.904437862935895787e-01,4.575570177193845067e-01,3.442618878727794485e-01,5.649475832058653557e-01,3.792868401590261396e-01,9.694211568673924972e-01,4.477952759076416211e-01,6.522453248791038050e-01,9.924532326997972387e-01,6.554769823896353653e-01,8.790789676213022208e-01,7.802276566361805443e-01,6.293463847975460101e-01,5.764002063625396355e-01,8.216035510309402934e-01,9.576790571726512269e-01,3.138384343764705209e-01,9.245204663649267962e-01,8.753976375528683684e-01,3.128115033655712862e-01,7.317576655824411525e-01,9.271689656841144433e-01,9.595693266343797712e-01,7.223304472988312241e-01,4.849296532068489984e-01,5.448657141746058308e-01,4.364522767118895752e-01,9.201372795048263775e-01,6.316813911165586326e-01,6.290302352766249383e-01,8.869901983589767447e-01,1.459386404930034242e-01,5.319483478770361540e-01,3.030769932812587553e-01,2.316396528645474351e-01,5.570009880842394789e-01,9.415299479817310635e-01,8.138052921100977777e-01,5.978332028806117027e-01,2.608531150647878660e-01,7.777784969757531863e-01,6.591263473044699506e-01,9.250952076735428076e-01,6.095358722458900091e-01,6.730663180020121095e-01,2.366187632230091764e-01,5.943510880807845176e-01,9.428270038587702739e-01,5.709469028549604142e-01,6.058090394615143204e-01,6.368487528084655347e-01
9.439677777149830806e-01,6.530813379581054123e-01,2.320140653871208269e-01,7.568843338475936822e-01,8.337363690000501038e-01,7.037730896023401961e-01,4.968259787365250091e-01,1.059242394781596541e-01,7.354345153400589918e-01,3.709067948412304583e-01,6.808494831573269623e-01,9.968296141578623093e-01,8.283827711012722306e-01,9.974562057383649094e-01,0.000000000000000000e+00,6.948255445367107486e-01,4.871801730821518350e-01,6.525333849563991206e-01,9.945086284831494705e-01,9.460506297975247447e-01,7.484609133824445815e-01,2.756786005838827713e-01,5.810812898719311947e-01,8.288590855002534452e-01,8.026390917779098189e-01,3.896932206567765844e-01,9.583626566788838730e-01,7.183739028094756618e-01,5.654924314117920625e-01,5.107430300553744695e-01,4.844589695085349534e-01,3.853258837582212992e-01,4.542115481921463194e-01,9.810012032801826987e-01,6.298559511610012374e-01,1.677385552976138339e-01,5.853142540075484401e-01,6.666011628124779431e-01,7.449558394899220559e-01,7.921751988705987291e-01,7.536797873932160607e-01,8.325237739745576793e-01,4.172150849381198734e-01,5.025457071647528862e-01,8.374732806459231904e-01,8.067431683924189967e-01,7.015045507321617801e-01,7.343601856205026479e-01,7.197556309914865391e-01,7.941425576281543330e-01,9.071600807640138875e-01,7.250357923802409621e-01,7.330897894731980280e-01,5.055924633261132950e-02,2.904954362358108111e-01,9.253393701233485480e-01,7.157436948471406213e-01,7.293256936900862630e-01,8.519590248491563100e-01,7.269426559427063506e-01,4.642024677738409433e-01,6.242746591906577214e-01,7.755066213228843930e-01,9.266744641420654460e-01,3.988641839637862008e-01,5.205279777627489501e-01,8.496658251160017494e-01,8.896648482423673565e-01,3.577696335685508489e-01,7.950771396751001863e-01,7.650173504798587487e-01,7.132289316632773879e-01,6.665607601164537099e-01,3.766820241495864030e-01,4.481546384943156935e-01,7.080527022144789129e-01,5.945627544078935234e-01,6.764203682582125010e-01,4.154473123958463687e-01,-4.564555651661672542e-02,6.522174873044039867e-01,4.080066187027660274e-02,7.941022722143391555e-01,6.557773110452176368e-01,7.267828903388116046e-01
4.424994101927326451e-01,8.847240826780189416e-01,6.814062995950073143e-01,9.867549586919029947e-01,7.727099097229613855e-01,4.904857239053294626e-01,4.738556173218769207e-01,2.286070804751947905e-01,7.177559615712794105e-01,4.054540590098991149e-01,7.392797165868389975e-01,7.187827531607007270e-01,5.763767469527453224e-01,8.364844943903939622e-01,6.948255445367107486e-01,0.000000000000000000e+00,8.680179922448595375e-01,4.469013496539559482e-01,6.963696273932815650e-01,9.818394390129245863e-01,9.663910763477262522e-01,7.516322098892634918e-01,8.938379281608214155e-01,7.388574010382328305e-01,8.199623844027875696e-01,3.452321640507784450e-01,6.279879649843330691e-01,7.209365919494519215e-01,5.057851085633801036e-01,5.666855477727826829e-01,7.186014915476462983e-01,8.155566928239119662e-01,7.674173008178857280e-01,3.933618881640912335e-01,7.687446597570284368e-01,1.748757901456253760e-01,-1.084565587049703683e-01,9.704429648435087818e-01,9.877731686441313386e-01,5.567770819190918097e-01,4.543832659739824309e-01,1.892297337047764150e-01,9.088885473498060641e-01,5.494704273805515182e-01,9.910552908547687334e-01,6.923321432413458432e-01,7.600366903649644623e-01,6.129455216706040099e-01,4.905307330658755793e-01,5.095077427109692136e-01,9.956492764534334849e-01,9.110451205048083478e-01,7.949555576108544575e-01,1.464472150598221667e-01,6.042349551279643238e-01,6.202468356519250658e-01,6.883801742095372322e-01,9.119030957721474540e-01,9.780235698590029614e-01,6.695406595032877828e-01,4.539860006108158985e-01,5.474780503906435669e-01,7.529535550929740140e-01,5.349103627112943293e-01,6.676581473121281363e-01,7.458642407150981590e-01,9.618444791888756118e-01,9.092544550472395626e-01,3.137389785681173882e-01,6.445883690637702612e-01,5.664214246329151159e-01,5.810586458745731209e-01,9.439443180764949259e-01,6.407973886413584896e-01,5.828764841391440577e-01,6.452524850362588715e-01,6.028347242517827498e-01,8.631500264389200261e-01,5.943522806876731096e-02,3.219524495141097842e-01,4.193896432044241784e-01,7.549037463546725002e-01,4.161874713391173763e-01,7.326468959254128777e-01,3.203689500791874201e-01
9.917151851570731314e-01,8.552659809117171275e-01,8.370062134041810209e-01,8.494559676934670955e-01,5.903831810097815991e-01,8.737743653729228566e-01,9.384534710691749826e-01,5.896290169999480746e-01,7.326373404743886653e-01,7.200886695829260553e-01,5.494353257964654791e-01,7.570341479551354613e-01,6.202550309544295759e-01,9.276693140680658534e-01,4.871801730821518350e-01,8.680179922448595375e-01,0.000000000000000000e+00,5.378905465287445731e-01,7.542918725754691467e-01,6.553449346241031481e-01,9.465369950135735788e-01,6.334322280297800534e-01,3.885299338856832430e-01,5.058516363089390344e-01,6.643037619275209416e-01,8.667620781044663714e-01,6.473475555483152455e-01,3.727428841134646786e-01,3.486781128396143070e-01,6.287342100597197447e-01,5.887221872781390752e-01,9.964452986055856165e-01,9.120764483068581896e-01,6.176540989637625545e-01,8.029490056789937436e-01,2.911349420981262925e-01,6.038005423317214237e-01,7.378914508234103442e-01,3.189151500409779239e-01,8.801797010008912681e-01,4.364312215251010540e-01,8.673491663459622636e-01,4.770183399223861254e-01,9.095560056462286269e-01,3.417426677135413371e-01,7.519545174779750374e-01,6.487776625137297026e-01,9.162899942782395390e-01,6.645649892565048678e-01,2.349469093944994702e-01,8.395403719406808740e-01,6.757364592969692385e-01,9.994459332575518218e-01,9.806640962922854587e-01,2.268725433820751314e-01,6.017456711733715213e-01,9.202474692941062795e-01,6.914010253322753208e-01,9.006134337711957372e-01,7.903455908558258969e-01,6.761792501811485501e-01,2.552227753204316385e-01,7.295522763898247831e-01,5.894087613125537084e-01,7.259073716942265886e-01,5.229371786723909787e-01,5.160525116645821031e-01,7.374706649164761707e-01,7.365155977226055528e-01,8.205329076049526771e-01,8.907270050245769122e-01,6.261857106976371767e-01,5.268184342841222279e-01,3.952901429531934241e-01,9.924529189313263666e-01,8.728014344872588870e-01,4.184427146962201860e-01,8.102057936518215486e-01,4.533796128256711300e-01,2.385200645516145357e-01,8.425488048674492081e-01,6.503053018900591953e-01,4.353329156055642524e-01,3.833483158838280058e-01,6.224786995158995140e-01
6.486138406999687467e-01,7.216511854771199275e-01,6.498840070541893610e-01,8.110024364196418700e-01,9.411819650663381109e-01,6.662372593716673341e-01,5.660158274918896115e-01,8.969649661270426844e-01,8.144279766776794105e-01,8.928410260446155711e-01,9.829739187512890330e-01,8.213269950034024491e-01,2.065865677184811067e-01,7.719490630435352774e-01,6.525333849563991206e-01,4.469013496539559482e-01,5.378905465287445731e-01,0.000000000000000000e+00,8.646931222920946070e-01,7.384336567164434539e-01,7.136508230915126205e-01,4.293013385099752610e-01,6.146940966409830676e-01,7.241271056897773395e-01,3.726855525559970017e-01,7.983836023032429008e-01,7.060792811598683993e-01,6.658185553695201708e-01,6.839415206801466862e-01,7.756326255238429335e-01,2.153269365064645613e-01,8.953161715702080414e-01,7.735107063096831048e-01,3.090359376139014125e-01,5.324985698895057240e-01,8.199793800142336497e-01,8.686247839010152391e-03,2.964560209188248363e-01,5.102032215094109979e-01,9.148883119982603729e-01,7.407035406091440066e-01,9.909428960426344135e-01,9.208673343254543120e-01,8.926406800898718519e-01,6.418334593642803787e-01,7.731787732348360809e-01,7.288346087563786213e-01,6.285713064349980339e-01,4.035180725386520173e-01,6.900277844985662767e-01,7.925796636736239797e-01,2.534843033015563574e-01,5.087754527000839522e-01,8.970518265927310830e-01,6.841918413526940634e-01,7.363859330131314884e-01,6.007329981961403442e-01,4.082982117316195647e-01,9.887340100133208409e-01,2.643197186082283379e-01,7.941535227057314739e-01,7.207408100380935378e-01,5.090784901882007274e-01,9.996640327847007290e-01,6.584050751865854201e-01,5.396076934131330827e-01,7.408196762506764621e-01,9.072587171194647082e-01,8.507032043926574527e-01,7.931207480808528665e-01,9.892793499751446618e-01,9.578911041205010468e-01,6.251169760074490878e-01,1.603260300714929865e-01,6.904577350693317239e-01,4.329250437650778993e-01,8.954100860602534073e-01,5.618720534799572786e-01,7.530658506729027701e-01,1.353765135302526790e-01,3.640341799773096354e-01,4.196678762785632788e-01,8.934476504181290135e-01,4.729215963873046880e-01,9.343486244044643119e-01
