0.000000000000000000e+00,9.238200776516453105e-01,8.534916509900127846e-01,8.377973752611033165e-01,4.786458774095290747e-01,6.908006302944166288e-01,8.470724058968792658e-01,9.884743690583659426e-01,5.843252883119334218e-01,7.087583974468615322e-01,9.098768764138247533e-01,6.050781260357571689e-01,4.070131466534758213e-01,8.013371728238856129e-01,6.050230957928628417e-01,9.119176635582965096e-01,5.197276821159879656e-01,6.783761175035331048e-01,6.561210467427378568e-01,9.095975890999918878e-01,6.305483128388726932e-01,8.095639485565819804e-01,7.252640786241512094e-01,9.690150616757728930e-01,5.893013518952010532e-01,8.455351485026865177e-01,6.888514583459868224e-01,9.464674320071455593e-01,5.077494010300134253e-01,2.930913633630782833e-01,2.145086504061044230e-01,8.960874743846262147e-01,7.209204201910168752e-01,5.091731048790546638e-02,5.630607908461678912e-01,3.239826375394243563e-01,7.821098007841339461e-01,3.270492345066122741e-01,9.818281853501716894e-01,8.583409212251806863e-01,8.526089019595186613e-01,9.198216131783798488e-01,9.913868560081289250e-01,5.353387908376243676e-01,8.736245917902759617e-01,8.232357691403059397e-01,8.287570383621842840e-01,6.114495701456537091e-01,9.754795214112995660e-01,6.604996606718351870e-01,7.466365975213158368e-01,8.019471247225081756e-01,5.069932517361869229e-01,8.384956964466063756e-01,4.492925188503525957e-01,9.656501990088992571e-01,8.874823405548892818e-01,8.873472118822577359e-01,8.136563133284946403e-01,6.631076943464891960e-01,5.517596030693778797e-01,7.517092115297079324e-01,4.398554406725720956e-01,6.525790673722799973e-01,4.308382309450066727e-01,9.052894639853317216e-01,6.567224988968313193e-01,7.811726427553380425e-01,9.530721430661290849e-01,7.064856706151748655e-01,8.757882967758356951e-01,8.294551326373387212e-01,9.317186793839825620e-01,4.425794048987983231e-01,6.821973973445579764e-01,8.969218677690968811e-01,9.037603919196215418e-01,6.435049711310104614e-01,-5.711347734542818189e-02,4.552722577325099551e-01,5.717297841768004263e-01,6.108139814368668263e-01,6.518541701272260180e-01,5.036249571603248487e-01,8.078469665391632137e-01
9.238200776516453105e-01,0.000000000000000000e+00,9.778999695422497807e-01,7.236250308533175302e-01,9.813446907264168351e-01,7.284363033122980280e-01,6.658369158416850286e-01,4.481457159126052692e-01,9.283120811394511840e-01,4.493926841544825246e-01,7.634892501899877004e-01,5.391514123895934096e-01,6.774361611355098622e-01,7.457584005448731901e-01,3.164721451303428856e-01,5.050923475450611044e-02,9.336893750211433529e-01,5.286476580635859346e-01,9.036403503507078883e-01,7.056334913218814675e-01,9.977970319605850014e-01,8.308372930727576655e-01,7.906575225349077307e-01,7.901185242407149367e-01,8.062964672908060626e-01,6.656842063967480794e-01,9.570903241095284342e-01,8.144639465914698118e-01,6.339390832137921372e-02,5.075397116057740465e-01,9.410068193952554616e-02,9.320270799685095309e-01,9.276641710548585440e-01,4.948644348466780807e-01,5.052322492995050540e-01,7.239716319532749633e-01,4.053480676066383293e-01,4.442179042113887366e-01,8.332986360596363884e-01,1.376531848738665187e-01,5.188249268223824595e-01,6.646630978734888728e-01,9.463061140760244960e-01,9.841030797211113290e-01,6.193790478409875178e-01,6.304445584912814482e-01,6.783372806716347903e-01,8.733577995064366606e-01,5.833506500350840174e-01,5.262021593891194060e-01,6.217805590259845028e-01,8.692115609327821790e-01,6.304333863062783205e-01,5.185545964225137805e-01,6.482260693041624888e-01,6.104613584132458914e-01,7.391019199473658485e-01,4.632586340012128656e-01,9.632571715771363063e-01,6.770700484551279708e-01,6.145858139059543479e-01,7.178504894459921681e-01,7.445541958223275136e-01,9.753216309530797767e-01,7.168022105775057051e-01,9.542787948622145633e-01,6.991519084845340126e-01,9.158797481528655471e-01,6.446591964439647438e-01,7.525236080880753908e-01,8.726389014845252756e-01,3.856472603720865200e-01,4.086094033559619088e-01,3.033151711554209484e-01,5.465535183144487608e-01,7.658056204650416365e-01,7.317772094207227740e-01,3.867130932902247409e-01,3.128496805143006210e-01,4.372719057375110685e-01,6.666641394475869564e-01,4.304520648992785636e-01,8.618385180102186016e-01,7.513069796998493866e-01,8.386895881483834581e-01
8.534916509900127846e-01,9.778999695422497807e-01,0.000000000000000000e+00,6.769617189738749152e-01,8.912645638382075131e-01,6.959159419726173024e-01,2.963275801914426744e-01,9.612085988105814049e-01,8.870505435182109988e-01,8.988234832911767835e-01,9.592840829282670567e-01,5.172102405400588188e-01,8.679851438717518519e-01,1.132819516575530872e-01,6.541271743780998627e-01,6.534451638604399371e-01,7.278264600417203578e-01,2.959309818845106133e-01,8.061516299671330765e-01,9.939112641853038443e-01,7.926785531169602272e-01,8.059605388260417946e-01,8.896856861935036331e-01,9.592622784855685536e-01,8.211096109810238630e-01,6.177627657679986006e-01,7.087560647433436278e-01,6.712720621103310803e-01,3.126010931002163318e-01,5.019929620350629396e-01,3.125279728376713084e-01,5.849260398070657563e-02,8.993721426557539367e-01,8.004277061676655647e-01,9.544211254507994902e-01,3.371113131159094722e-01,5.932420588727184141e-01,9.327111568686017318e-01,8.936887322096507269e-01,9.972436768782924066e-01,9.731505132905015065e-01,9.943081024133093582e-01,3.765433159132928198e-01,6.899111253420302514e-01,6.069989794455413756e-01,9.442600069117482731e-01,7.668465570526128428e-01,9.744120406561670444e-01,4.166291898936035909e-01,8.761254508246645312e-01,9.886942799519904401e-01,9.087192001236280570e-01,3.722260964013321960e-01,7.906530200325680990e-01,7.731165152155730080e-01,6.339933079522378501e-01,9.008132246327695825e-01,9.431293564955141040e-01,5.382735305672604609e-01,4.921578574517887494e-01,9.412863355688286249e-02,3.001539899135542422e-01,9.033072678082597617e-01,8.531944215802104159e-01,6.570048993530269721e-01,6.634302879424328614e-01,9.944361051619129421e-01,8.240880414851503577e-01,8.529485276476866940e-01,6.894149497624091349e-01,8.475661039389457141e-01,9.789072739542440393e-01,3.666480892544533576e-01,2.483064475305598873e-01,8.319225971254180507e-01,4.240413804965446620e-01,5.718866972674075955e-01,7.960744979165569335e-01,2.938958048068919249e-01,3.784247900471009451e-01,9.127867834378160516e-01,8.378762974500080229e-01,9.850419556933334153e-01,9.773355461165134095e-01,6.684769133245307415e-01
8.377973752611033165e-01,7.236250308533175302e-01,6.769617189738749152e-01,0.000000000000000000e+00,4.131853270726960070e-01,7.480416433830711087e-01,5.475279138201941675e-01,4.896814173442620710e-01,7.337387849559490194e-01,8.546179475395003777e-01,7.573337190935283125e-01,2.238876839929972995e-01,9.849215694891721995e-01,8.353129434605163217e-01,8.272243243625503339e-01,7.776131014883070902e-01,7.986566024683323661e-01,5.639397386080302610e-01,7.675926950462634846e-01,8.120884396905928559e-01,7.262686111229611496e-01,9.594765503542378449e-01,7.906853416479450170e-01,4.565906742443555100e-01,4.924842791218863591e-01,6.873653619717773333e-01,9.442467080757924736e-01,9.078766792051978785e-01,3.903948705910567640e-01,4.367599335014633599e-01,7.794257056652108551e-01,9.826767448258145743e-01,6.307492064129948117e-01,6.041264707594090622e-01,6.000500765324011665e-01,6.752454544810500003e-01,5.013036861601682936e-01,9.139548033059357035e-01,9.767614057461048160e-01,9.033981338926743154e-01,2.867847485982668587e-01,6.984032685199682566e-01,5.085240522860456913e-01,3.662129435798485710e-01,8.146681563564696082e-01,6.634729697134438275e-01,6.678369006151405607e-01,9.905488060043783349e-01,9.581514990240567187e-01,5.113118426919674997e-01,9.444516396337145903e-01,6.850657399647438472e-01,6.828388029936539594e-01,2.407216216846914947e-01,7.637550735095764987e-01,3.956021472234316771e-01,7.080159272534973791e-01,8.397160660546185706e-01,1.240595535013920697e-01,9.520447117112116331e-01,5.045961125370048705e-01,5.301874627653226923e-01,6.516704784158935393e-01,9.088888825971601637e-01,8.576944411562330561e-01,2.564150726210708831e-01,8.715513628418354308e-01,2.475129765329591239e-02,-1.717226043835955451e-01,7.594180417103242320e-01,7.655158362502439973e-01,8.666616247440597220e-01,5.086150882225619618e-01,7.299092873520545144e-01,3.046292162573804863e-01,4.200646182222719238e-01,6.586228927912731734e-01,5.284835321570557909e-01,5.159326274369508969e-01,-1.545390078197314554e-01,8.522586131749390059e-01,-1.090525451556677711e-01,5.114346700269121193e-01,5.475323292038259959e-01,8.532266862822509568e-01
4.786458774095290747e-01,9.813446907264168351e-01,8.912645638382075131e-01,4.131853270726960070e-01,0.000000000000000000e+00,7.116772869499959908e-01,4.014514951633115225e-01,-1.582310536894009356e-01,7.586717349531357790e-01,8.649720071779659625e-01,6.770950066779970467e-01,8.578716299604609574e-01,6.417954193909833904e-01,6.070097652235075802e-01,6.278077029634597794e-01,6.100966850035598465e-01,8.091377169780673562e-01,2.572225513504766692e-01,5.049645741703375768e-01,9.963600302748994997e-01,4.539281422116248632e-01,6.044610187306242999e-01,6.852302408280976920e-01,9.142022704795635946e-01,5.251992771913740476e-01,7.068163367512515505e-01,7.954902408392851010e-01,7.302826030780685818e-01,4.119256606306215263e-01,4.077353006255085566e-01,8.776246454626360216e-02,4.372273494103998681e-01,7.608911807834435326e-01,6.505058959128904306e-01,5.864096303779809949e-01,6.410636712501719403e-01,2.251710926951062675e-01,9.310000864585398217e-01,8.009114784104377494e-01,8.123242957668612707e-01,4.250965697720006653e-01,8.083520339467825666e-01,8.107284983279950952e-01,9.045439871854185077e-01,5.719989295709624333e-01,6.532818485006988141e-01,2.342710541197101370e-01,6.187825072169258478e-01,5.113339402694134783e-01,8.485017715331243382e-01,6.420313228926400884e-01,7.498519086402558598e-01,7.507608223992450203e-01,8.923772856223789463e-01,8.929906134609953972e-01,6.087980117376708966e-01,7.002766607457650005e-01,8.023769652335047686e-01,6.050435001493313925e-01,2.770853980395019955e-01,4.484715456927503285e-01,-1.482789900969816999e-01,9.328948064364346315e-01,9.681112096066206707e-01,1.550294174105730782e-01,8.116478380197728049e-01,9.100991769665881526e-01,8.414862148744753911e-01,8.147185732471058373e-01,6.341194474104774326e-01,8.737131197514463876e-01,6.097058086860114301e-01,2.355436408239811874e-01,4.940492877340637579e-01,7.434387963751514228e-01,7.372166440249909858e-01,9.711057399390579103e-01,2.379147487950095674e-01,7.917272392922666269e-01,6.314859889831473394e-01,7.786832182466648655e-01,8.881749155380006533e-01,2.793158767574512868e-01,5.673474136298768400e-01,7.557734927427428584e-01
6.908006302944166288e-01,7.284363033122980280e-01,6.959159419726173024e-01,7.480416433830711087e-01,7.116772869499959908e-01,0.000000000000000000e+00,2.247748841686766086e-01,5.034297710153013972e-01,1.694379073173042094e-01,5.630867701617541243e-01,5.905332758680834626e-01,9.895320573787371732e-01,9.331390725147312715e-01,9.576701131417122426e-01,8.148264915662868368e-01,6.695916773490293572e-01,6.752595762959470171e-01,3.024793891785499955e-01,5.082413418560242091e-01,8.078597080676002129e-01,8.421397762198703507e-01,7.631343631004893213e-01,9.898856626779426460e-01,9.310293144995208658e-01,5.944919608086924878e-01,5.294584179925191370e-01,6.967595790248826138e-01,8.985509371233622034e-01,4.637227214929989794e-01,7.158423618387136367e-01,6.481300340479547728e-01,5.410613683144894770e-01,8.629567486907548934e-01,6.455842420064175080e-01,4.194481486014319249e-01,2.235848036372779235e-01,4.725432487090157063e-01,6.448170721034789388e-01,8.038363003625880188e-01,6.439252206314294291e-01,5.157591740773737055e-01,6.221347881456054107e-01,8.794636748666093684e-01,8.794185313639377721e-01,8.522139283777577790e-01,5.318808880386183269e-01,7.091996805758830069e-01,6.413529294177682250e-01,7.573530261846121991e-01,8.101121721542003939e-01,6.614201334944643795e-01,6.628157797546601060e-01,6.080880140024896852e-01,6.045670900673199011e-01,8.033648678684779387e-01,4.707597020693715106e-01,5.603109679427193957e-01,8.404046441971690928e-01,8.137445286102328312e-01,7.117295825259842834e-01,3.737565502537872064e-02,8.996153974104135198e-01,5.363829388109760954e-01,4.815003514064442602e-01,8.566066120288886587e-01,7.069961123966791439e-01,8.842900805672568865e-01,6.029132027852210918e-01,6.510478356177079595e-01,8.540953785944838117e-01,6.462075512838111324e-01,2.862847234384973127e-01,7.386590008520521611e-01,6.935701473007320761e-01,4.249076026562545461e-01,8.649730818753500472e-01,9.250577497720982034e-01,6.944813159229293875e-01,5.140020107320018017e-01,4.115556283676920224e-02,5.189407461337400829e-01,8.115188771034158588e-01,6.063136530591448636e-01,4.552603237679364034e-01,2.100356784054416004e-01
8.470724058968792658e-01,6.658369158416850286e-01,2.963275801914426744e-01,5.475279138201941675e-01,4.014514951633115225e-01,2.247748841686766086e-01,0.000000000000000000e+00,4.600892761715600909e-01,8.816897581877571888e-01,2.816860434733273189e-01,1.884218423071143955e-01,7.818358177625053251e-01,7.809918402731177434e-01,6.524568571185880295e-01,6.466523087130228165e-01,3.369458383678106683e-01,6.417712784432237916e-01,4.360646055874446425e-01,7.962255191224697493e-01,7.736513294241073035e-01,8.618705619899156289e-01,3.516890385730605528e-01,6.240311147619276300e-01,8.376298863257098937e-01,7.608968121559812614e-01,9.728077869241449349e-01,5.031404529073844056e-01,5.387714598324548909e-01,7.602630138779155056e-01,3.619381045745167502e-01,5.183941731217904803e-01,7.384278240988422226e-01,9.869053170723864898e-01,3.720016773636869445e-01,5.397854142470512873e-01,7.353787407848964008e-01,7.169766730576497826e-01,5.541346060316896249e-01,3.027809905269108759e-01,4.646239778425422240e-01,2.741267367066933525e-01,7.811795427201611020e-01,4.780933312710423100e-01,2.095408499785021972e-01,6.113049613553710460e-01,5.468906322493617411e-01,8.869887405408065639e-01,4.350806847131288846e-01,5.637211276979394725e-01,5.007147192059210328e-01,1.740246617736795065e-01,7.857660290775887457e-01,7.670863331908257532e-01,2.439567161411423379e-01,7.626735509547242220e-01,6.117516322739636747e-01,7.843225849648715053e-01,4.883690624051045259e-01,5.135943540571554777e-01,5.443338712267067336e-01,5.600843672925144290e-01,7.927187811405209672e-01,5.561655354487542446e-01,7.693560143097273318e-01,8.237665442716994857e-01,2.764480057296596072e-01,2.537211522710562939e-01,9.308918334932058114e-01,6.124054397267828520e-01,4.845311749143638158e-01,7.094330073582748586e-01,6.447826497174997673e-01,5.924598862531594845e-01,5.488551673304148393e-01,7.719669586279747087e-01,3.782112839290456274e-01,6.687777283706244358e-01,-1.738365109336880154e-01,-1.373639271200444711e-01,1.554927970289687322e-01,2.716475039033754424e-01,6.403469874781613225e-01,5.584031581946737877e-01,7.011567099362004951e-01,4.196015456942108202e-01
9.884743690583659426e-01,4.481457159126052692e-01,9.612085988105814049e-01,4.896814173442620710e-01,-1.582310536894009356e-01,5.034297710153013972e-01,4.600892761715600909e-01,0.000000000000000000e+00,6.686746811464041595e-01,6.721918065147169941e-01,2.609913782139184901e-01,6.322135241874821121e-01,6.228980450799724844e-01,7.658168795572097842e-01,5.496214029724024730e-01,5.003301110106310734e-01,6.506597691073339185e-01,5.739238549027286806e-01,5.792362835360891360e-01,3.499901954829833794e-01,6.875120932136490337e-01,9.513842224473931797e-01,3.900329476888069608e-02,2.408406889931000994e-01,4.304172177596535809e-01,7.498027599440457713e-01,7.836246499096275464e-01,6.784197466062936721e-01,5.026357928194520319e-01,4.770443867338047261e-01,5.597421381467462265e-01,5.403161871374908554e-01,4.137585394315774767e-01,7.612972965950802751e-01,6.907663306415243731e-01,9.160374455721659315e-02,6.492645615938557047e-01,5.161868263736331119e-01,9.341618260685924380e-01,9.296222738440025612e-02,5.854147725293973314e-01,7.380100843580723602e-01,5.637340914918083090e-01,9.993629962012471335e-01,9.422793150510127003e-01,3.621581807940532638e-01,6.258827402103253057e-01,5.826606502866505943e-01,5.024848372057789669e-01,7.700908404946495978e-01,5.341698345721548336e-01,7.720749506999420309e-01,6.358150133863486042e-01,6.803971859676246625e-01,9.897769299855714298e-01,8.949376189497073586e-01,4.814556357235081907e-01,7.154235316647592491e-01,6.026239010035807642e-01,3.922431297124913119e-01,2.997146876446558084e-01,9.632324053929280927e-01,4.782563556069341359e-01,6.396937530078989909e-01,8.452203862412417390e-01,9.847680383008761140e-01,5.681330271615142591e-01,9.730189183864734748e-01,6.557378900591757098e-01,5.562435760706874177e-01,4.526064808427042729e-01,4.044771624914100805e-01,7.138505536536701168e-01,4.409477781353218773e-01,9.062072346223575270e-01,4.798301539761922196e-01,7.185788256350140735e-01,9.151696254426283650e-01,3.062054578785002312e-01,4.892354641877313948e-01,7.972550958099517970e-01,8.240987132861723463e-01,5.657754093152758124e-01,5.736036466793851263e-01,8.860706578036638970e-01
5.843252883119334218e-01,9.283120811394511840e-01,8.870505435182109988e-01,7.337387849559490194e-01,7.586717349531357790e-01,1.694379073173042094e-01,8.816897581877571888e-01,6.686746811464041595e-01,0.000000000000000000e+00,4.967678194841293471e-01,6.646144958243129786e-01,5.005535712576136831e-01,9.989009914502192666e-01,6.860317779049142084e-01,3.063870817078307995e-01,2.046582399540282649e-01,2.776071638722126811e-01,4.358392380999408511e-01,4.182128672026529936e-01,6.192874526249451117e-01,7.888954172875048965e-01,5.891782163410499429e-01,9.759233991134906860e-01,9.820707108032147303e-01,6.232520898214854999e-01,2.806625450843229230e-01,7.006903469383134464e-01,5.248954612377750850e-01,5.934328996138159562e-01,7.795181694041780629e-01,5.187699301258781315e-01,7.080845994365444485e-01,8.368025517781871869e-01,7.134851696729750392e-01,-1.555095390290416879e-01,3.309982619097377454e-01,3.251334715593374725e-01,8.588526865619544592e-01,9.395200960866478823e-01,7.055833509870731435e-01,4.453779640608370172e-01,5.934122432067135966e-01,4.268703025601464640e-01,6.280584292591405715e-01,9.610751503707422039e-01,5.075621837757662291e-01,6.151556356013822002e-01,1.684402431862048188e-01,8.864622049831309969e-01,8.359499327159631843e-01,7.580874906965213711e-01,7.076377441887345965e-01,8.383549509919355769e-01,7.680338829041060134e-01,6.813633259410464271e-01,4.848141010037551601e-01,5.941791566722238738e-01,8.795383325954890807e-01,6.208820150236725732e-01,5.433831296423270452e-01,7.672064444048720677e-01,9.377201847376044341e-01,2.694769370003858855e-01,4.745632482636646388e-01,6.713924433904102651e-01,3.131885165784098479e-01,9.332932026976465956e-01,8.362809565002656820e-01,-8.583845687664150292e-02,7.466082728858618456e-01,9.091845648732648222e-01,5.147312948808807631e-01,4.073313192706192742e-01,9.881388281586012123e-02,2.085009129054357924e-01,4.072504789639635470e-01,9.968111009291196201e-01,1.052485436275776322e-02,4.717071700803171508e-01,4.287708433678676379e-01,6.892745799044166510e-01,8.138135619431898782e-01,6.526550601361771342e-01,5.701319301432459241e-01,4.669300816971796997e-01
7.087583974468615322e-01,4.493926841544825246e-01,8.988234832911767835e-01,8.546179475395003777e-01,8.649720071779659625e-01,5.630867701617541243e-01,2.816860434733273189e-01,6.721918065147169941e-01,4.967678194841293471e-01,0.000000000000000000e+00,7.764081080847996530e-01,6.580240711179212720e-01,8.425392244478620007e-01,6.551920300041970124e-01,6.256367131743343357e-01,-1.203881599372300104e-02,7.900999936846182514e-01,6.056167341552395333e-01,6.336991805378398013e-01,4.360632162685539326e-01,4.306010413950669413e-01,5.182478047473500216e-02,8.893078333880212183e-01,6.629352373622692252e-01,5.444261483171366489e-01,9.146797223449268932e-01,8.592948851512640651e-01,5.262273142964757344e-01,5.572496044379359192e-01,5.743440208345482884e-02,5.364908404475381420e-01,7.150949679924092361e-01,9.522857915847207089e-01,4.782827518626150409e-01,8.448713704121386669e-01,7.733530943014024217e-01,5.375635366397801818e-01,7.998794297577049850e-01,7.688479157222372073e-01,6.604265937486383242e-01,7.698511905417478873e-01,4.898098421857539631e-01,8.708388355549961934e-01,5.860478890905066462e-01,5.061397247610478489e-01,7.836090017965468002e-01,6.603295679955381026e-01,9.982381695710795810e-01,2.325323017088036515e-01,5.071984435805308999e-01,6.179513298630670004e-01,7.841404025809769474e-01,7.713633913109516627e-01,6.115763923888773990e-01,7.384413845736743642e-01,6.235897916468702284e-01,9.260074879760631372e-01,7.737924341521167371e-01,7.958143239478525643e-01,4.642280658573245677e-01,1.019613273552399946e-01,8.944249762537768156e-01,6.195102422234004536e-01,6.863922689414589939e-01,8.749006062385298321e-01,9.608672264932649476e-01,4.922790246366073319e-01,9.010709491170156848e-01,8.503535386586301703e-01,7.332655925161782884e-01,6.629226985255680660e-01,8.921742446304710139e-01,4.060451784154595067e-01,5.212282637972136534e-01,7.171021003219791856e-01,8.775529647091234731e-01,6.315591000419880086e-01,4.925120573278410352e-01,6.563034826010132328e-01,2.908259233744285854e-01,4.869467708820349877e-02,1.707042302521714072e-01,3.171045596657293131e-01,2.247410701451349746e-01,4.741696090944984565e-01
9.098768764138247533e-01,7.634892501899877004e-01,9.592840829282670567e-01,7.573337190935283125e-01,6.770950066779970467e-01,5.905332758680834626e-01,1.884218423071143955e-01,2.609913782139184901e-01,6.646144958243129786e-01,7.764081080847996530e-01,0.000000000000000000e+00,6.060223758310775422e-01,6.507853164206161001e-01,2.088742422624128570e-01,9.915103266436254836e-01,9.272960445917035610e-01,8.892280044987330712e-01,9.812064624469976071e-01,7.525864415792609119e-01,6.959701229830278502e-01,5.461021859318541116e-01,7.945994535772855638e-01,4.613266975553865223e-01,9.060463352039266338e-01,8.245357750085736681e-01,3.850845730677245893e-01,6.817584030886446600e-01,6.649806561581648179e-01,5.035850738709197749e-01,5.680561902726782852e-01,3.716708492632896377e-01,6.841866434657676299e-01,2.722492465141956863e-01,8.083510384307477370e-01,7.008134724400015836e-01,3.206239484797221984e-01,2.135992239235080803e-02,5.898193230403543375e-01,8.079029458025140942e-01,6.414933272401497355e-01,1.414357879169380605e-01,7.990650460012920231e-01,6.806043213480749143e-01,5.718974003996488698e-01,8.360824277992541242e-01,9.331030064225851461e-01,6.601803477587582236e-01,7.592414733920359593e-01,9.917258155096984051e-01,9.724583764156025101e-01,2.255846084149035480e-01,7.600269968902325646e-01,8.506880592580232658e-01,6.269187250317007631e-01,7.742562784793387554e-01,8.424295566077667496e-01,8.815045756970949498e-01,7.135579112703406279e-01,6.815482132384618197e-01,6.440619506893232593e-01,2.364845740535213847e-01,7.598763558542340757e-01,7.100263746603078241e-01,6.514351593754965641e-01,8.481261587524362433e-01,7.328371692323273345e-01,6.752007230116690017e-01,9.114025928123801190e-01,3.783102581772512241e-01,5.703819422033667985e-01,9.889334243192253737e-01,6.285189474849639524e-01,2.835743378454151364e-01,9.975113428915023395e-01,5.966254335545835286e-01,-1.481305692104038785e-01,6.577702205407939262e-01,7.000676076792550218e-01,5.390356011839665396e-01,4.490675599061437762e-01,7.171791370805274957e-01,9.157385612978481415e-01,6.356327513649090433e-01,8.723893792575220241e-01,5.374603652244325236e-01
6.050781260357571689e-01,5.391514123895934096e-01,5.172102405400588188e-01,2.238876839929972995e-01,8.578716299604609574e-01,9.895320573787371732e-01,7.818358177625053251e-01,6.322135241874821121e-01,5.005535712576136831e-01,6.580240711179212720e-01,6.060223758310775422e-01,0.000000000000000000e+00,4.916722806932790624e-01,6.128070803764121832e-01,7.179147874303060117e-01,8.078611480714363857e-01,6.590484340103828220e-01,2.962809195074845303e-01,3.873282694701092321e-01,7.236450287232119027e-01,8.664375146648388704e-01,6.254327884410997296e-01,6.097909102939182979e-01,6.536665136761854455e-01,3.864984062684397870e-01,4.434807534372349203e-01,7.691814703788776297e-01,8.249205248530095957e-01,2.531717546600816271e-01,4.547954144242176699e-01,1.056852707693424487e-01,6.597500443214082688e-01,9.683084011019289505e-01,7.433076178742975548e-01,7.799200951176310515e-01,2.138906963753280654e-01,5.473309289706866920e-01,2.166515410956976473e-01,8.203169594884358595e-01,5.784327303065126546e-01,3.462686689744725044e-01,7.096510378638244410e-01,9.487154140744546993e-01,7.905706390717474052e-01,9.194675649359445035e-01,6.796001406354358343e-01,9.308081252535612693e-01,8.277982761279976121e-01,6.980734113835534993e-01,7.882222251944785985e-01,8.571774666844256263e-02,8.369693735958756431e-01,7.673136374906557311e-01,7.642023288615880094e-01,7.223475490066924021e-01,8.547978807937324230e-01,5.540868335341875284e-01,7.330325510530139033e-01,9.753162581441133794e-01,5.615383331462865391e-01,3.609358034923569880e-01,4.626108711686153785e-01,8.755174829876134490e-01,3.803287489864108917e-01,6.286809971874458558e-01,7.519154676936632420e-01,6.902668723334258738e-01,9.850340177534007147e-01,8.034903774732937709e-02,8.366808501756568539e-01,6.171924981725651627e-01,5.861442375088281587e-01,7.832125208250843018e-01,1.971741132981907896e-02,2.412812476231172842e-01,8.287307075845902204e-01,4.917053453932043183e-01,-9.906604162103242739e-02,1.512859175293295166e-01,2.118964869045493749e-01,2.119688754311443712e-01,4.452279013276654873e-01,7.109370006134964060e-01,5.066729957294019426e-01,5.777937095479916962e-01
4.070131466534758213e-01,6.774361611355098622e-01,8.679851438717518519e-01,9.849215694891721995e-01,6.417954193909833904e-01,9.331390725147312715e-01,7.809918402731177434e-01,6.228980450799724844e-01,9.989009914502192666e-01,8.425392244478620007e-01,6.507853164206161001e-01,4.916722806932790624e-01,0.000000000000000000e+00,4.334041623033406676e-01,7.886869520737108674e-01,2.231443318410126497e-01,8.194369161118627565e-01,8.456100158716461923e-01,7.701650395646105762e-01,9.791770214041122244e-01,4.450769059439998454e-01,9.418588283316600140e-01,8.283120751846934082e-01,5.067258405450826286e-01,2.982422984078276773e-01,7.990785294167519481e-01,2.838373732574523967e-01,8.188240981434075083e-01,7.819218242247849560e-01,4.385472423474096049e-01,7.179104307484135417e-01,6.052919034100671114e-01,8.362832751431298339e-01,8.402158216890124320e-01,9.025194095833060093e-01,2.668023694609444330e-01,4.342907755435036488e-01,8.087904269744317087e-01,6.975522803590131771e-01,8.262209418061451371e-01,1.557772259256149372e-01,6.974495057404175302e-01,9.479529775007952130e-01,9.022811808341606454e-01,9.478816326481263044e-01,9.617301954884729387e-01,7.326659575903042843e-01,8.755320287823769032e-01,8.010588062303087842e-01,9.238903399248407089e-01,9.455897858961810343e-01,8.693160616255966033e-01,6.386886154277577887e-01,3.782442513499432168e-01,7.978005060398026815e-01,1.330875889404675716e-01,6.930371446546184089e-01,4.418495936047927564e-01,3.995600002697946573e-01,3.859734335073243816e-01,7.157952878631805849e-01,2.745018416571938236e-01,6.707160022105616015e-01,8.572941949877648238e-01,5.794624903895921886e-01,6.527850879010638208e-01,9.133485373489661496e-01,9.017578597463014045e-01,5.248720085286874282e-01,7.196434662773868451e-01,9.968053213450684957e-01,7.270769584189266110e-01,7.127457970417174771e-01,5.728129384567757221e-01,7.767382704880430033e-01,5.953833061504345547e-01,8.487742063159505745e-01,9.915791949124387328e-01,5.859430494311570481e-01,1.951218092701495765e-01,4.429754639318754239e-01,8.866256082143909589e-01,8.048918078777410612e-01,7.530412810145468150e-01,4.757837023595245518e-01
8.013371728238856129e-01,7.457584005448731901e-01,1.132819516575530872e-01,8.353129434605163217e-01,6.070097652235075802e-01,9.576701131417122426e-01,6.524568571185880295e-01,7.658168795572097842e-01,6.860317779049142084e-01,6.551920300041970124e-01,2.088742422624128570e-01,6.128070803764121832e-01,4.334041623033406676e-01,0.000000000000000000e+00,1.410782462795358572e-01,9.415738979278631682e-01,5.976235547757600131e-01,6.404109754619932149e-01,6.469411670264678671e-01,6.727345987845481101e-01,9.676802714804586536e-01,3.154900099341496622e-01,6.141725852800345997e-01,8.522341020462711469e-01,5.694244956103363675e-01,8.884186946561478671e-01,9.979452583892183259e-01,9.704377742797214434e-01,5.543761662155363146e-01,6.819924858183566974e-01,3.493086653374849471e-01,6.441497189581977256e-01,7.726433071882762293e-01,6.971794908757176223e-01,9.143105917901275248e-01,9.620897628854497841e-01,4.731519662074377131e-01,8.213305839230691241e-01,6.179387070288810957e-01,2.433307431937849208e-01,2.560951424360833895e-01,5.014672342603793131e-01,5.549128045093294492e-01,9.084534824757307669e-01,7.447854071343187332e-01,6.589503601010917588e-01,6.275061699841560925e-01,6.866275819729376062e-01,7.527632363009019167e-01,4.576030919236869776e-01,8.172749210021191812e-01,6.424464953774809972e-01,9.779669430713643363e-01,9.441352366751095682e-01,9.055449030525091203e-01,9.608166344469826203e-01,6.161045222015619771e-01,8.045631727873943095e-01,8.737569104428830613e-01,4.401456722620475381e-01,4.341062838801593160e-01,5.187502580513496664e-01,6.531215546265398686e-01,8.084311139136401980e-01,9.924368205038336388e-01,8.636004297211351544e-01,1.344254994373920431e-01,6.419978368734861052e-01,6.258755568962710569e-01,6.930809543844193010e-01,6.281926041825304230e-01,8.920304253082921297e-01,7.042734093711688903e-01,4.280358330026419189e-01,4.239304321900950190e-01,9.334922983331664925e-01,4.323408898388793054e-01,8.460962255109478747e-01,4.616250328315310014e-01,7.714758715541852885e-01,6.548926942355283165e-01,9.569212691890097711e-01,9.845857844100137646e-01,9.453805165715182257e-01,7.385856902083620668e-01
6.050230957928628417e-01,3.164721451303428856e-01,6.541271743780998627e-01,8.272243243625503339e-01,6.278077029634597794e-01,8.148264915662868368e-01,6.466523087130228165e-01,5.496214029724024730e-01,3.063870817078307995e-01,6.256367131743343357e-01,9.915103266436254836e-01,7.179147874303060117e-01,7.886869520737108674e-01,1.410782462795358572e-01,0.000000000000000000e+00,7.733710130602510224e-01,6.581816525249427619e-01,7.932273899092592284e-01,4.607515274187741761e-01,9.401192715465440664e-01,8.472784393955807847e-01,4.219865978238966364e-01,6.782061458456295489e-01,9.869851674330926139e-01,6.083451105561340500e-01,2.234695324543437001e-01,7.003726535522667440e-01,7.427201279036570458e-01,3.362186379196825392e-01,2.763140020972285060e-01,5.540149421921563011e-01,4.268676401882444682e-01,2.847727582644297151e-01,6.541682686466745444e-01,6.835456413255882602e-01,6.575437869888612896e-01,1.626030017605778477e-01,3.405407617658157693e-01,8.191010290762709145e-01,8.767642578314331914e-01,7.655209907483224718e-01,8.591328486483419402e-01,5.961001959798631900e-01,9.759183420128579867e-01,8.113886823262917991e-01,9.407053144912979059e-01,2.915774364816519082e-01,9.750200060990085182e-01,4.094684445380757376e-01,7.988468366942824694e-01,4.667953849607530681e-01,4.969004085060524933e-01,1.960587981986027240e-01,9.506944052772590137e-01,1.942295340793779024e-01,8.791936861928530966e-01,6.793842925421498258e-01,9.818427354304954946e-01,9.271175035179084478e-01,1.139061494822033588e-02,5.426518463682525883e-01,3.852286289980959011e-01,6.832581844715998054e-01,8.076360320012412330e-01,8.914178854763366022e-01,7.306741716853041302e-01,6.031261279523114638e-01,7.091688997756229185e-01,8.268370682824278672e-01,8.796676827855928194e-01,8.057959161540269033e-01,7.900622868242757058e-01,-1.353807524760396452e-01,5.754515112830208556e-01,8.256935770872693148e-01,6.605926619464274063e-01,9.777139060574268070e-01,4.213447552954513453e-01,2.858142246520333218e-01,6.843500393115172775e-01,7.874435443609520968e-01,6.781526499851637801e-01,8.935839237982865502e-01,5.601576962465936171e-01,7.867180194858129916e-01
9.119176635582965096e-01,5.050923475450611044e-02,6.534451638604399371e-01,7.776131014883070902e-01,6.100966850035598465e-01,6.695916773490293572e-01,3.369458383678106683e-01,5.003301110106310734e-01,2.046582399540282649e-01,-1.203881599372300104e-02,9.272960445917035610e-01,8.078611480714363857e-01,2.231443318410126497e-01,9.415738979278631682e-01,7.733710130602510224e-01,0.000000000000000000e+00,8.322186052955850011e-01,7.599143201335508691e-01,5.230966263000373928e-01,6.372957963625429656e-01,9.418269890873520733e-01,4.387423889031404900e-01,7.108310795656425096e-01,1.500261008280866504e-01,7.458974320196536389e-01,9.119188483055522543e-01,5.937161381940135874e-01,1.025040868344942596e-01,3.717574001924314198e-01,3.753043163504637958e-01,6.989188832487021052e-01,7.187989396915641649e-01,6.819743997364339227e-01,7.592064445264878891e-01,9.849350835518533298e-01,5.331412602800904565e-01,1.788224565971096025e-01,5.539531497544223360e-01,7.761210908514034612e-01,6.785396442693072405e-01,4.761687286400427821e-01,6.446075160695599049e-01,7.171080109564648142e-01,7.617649498402093711e-01,6.446251413830235144e-01,9.360993449568333347e-01,5.156821959979844827e-01,7.866540936662165251e-01,7.509191898356019079e-01,4.151213198808256788e-01,6.594148729481628113e-01,6.560892733777987651e-01,9.770049493561386855e-01,6.739646075378831203e-01,4.435973644948026373e-01,4.874269763805724187e-01,8.251304278032580708e-01,5.126738351355774048e-01,9.305419895424313914e-01,6.650039458900591782e-01,3.965057531056651596e-01,6.818515223071356379e-01,6.236785607347542504e-01,9.247584890984850148e-01,8.303445634230245398e-01,5.413717269790936371e-01,6.131328736918191524e-02,8.185236432893171488e-01,7.454051818074975966e-01,6.314830060836864600e-01,6.990931425858333270e-01,2.089291302759555546e-01,5.231834202077898510e-01,5.071513565414017544e-01,8.047835363120097174e-01,5.860138014274400842e-01,3.212253268945580165e-01,7.651156215390767512e-01,6.127623638011375773e-01,1.712384439491941857e-01,6.033607055389766938e-01,8.169274429430060103e-01,8.842291106782658172e-01,2.825451513347706500e-01,5.064308069607473817e-01
5.197276821159879656e-01,9.336893750211433529e-01,7.278264600417203578e-01,7.986566024683323661e-01,8.091377169780673562e-01,6.752595762959470171e-01,6.417712784432237916e-01,6.506597691073339185e-01,2.776071638722126811e-01,7.900999936846182514e-01,8.892280044987330712e-01,6.590484340103828220e-01,8.194369161118627565e-01,5.976235547757600131e-01,6.581816525249427619e-01,8.322186052955850011e-01,0.000000000000000000e+00,6.027972173667320854e-01,4.077956374262502459e-01,5.325265391501172729e-01,7.876762969225685751e-01,7.383819048686639519e-01,8.335526966401340943e-01,8.589548567933575907e-01,4.660597798042052098e-01,6.175090111672794091e-01,6.938949117883768114e-01,7.005710885975560132e-01,7.556983069077407578e-01,2.996516034507313297e-01,6.498711863271808831e-01,9.792319359290724279e-01,7.217420158794290996e-01,6.611924925255876495e-01,9.713520680226637172e-01,4.606102467668714007e-01,1.329384008534031103e-01,7.193909614790187090e-01,9.285596182395885467e-01,9.753481317326510025e-01,7.772940057850855622e-01,5.245313590950854143e-01,5.908024208055944193e-01,3.861552472273214187e-01,3.596079929119390117e-01,8.076376065431980500e-01,1.877761493914424651e-01,8.638569423365765054e-01,7.795028256082709994e-01,6.396635623325774844e-01,9.014608006041768817e-01,5.534068718627150885e-01,8.056893867194973025e-01,8.815515494997389068e-01,6.318022076042736357e-01,6.513605642119943973e-01,2.788835353957046514e-01,6.799950059989759987e-01,8.282469418518653148e-01,5.508550881995450954e-01,4.873537109323456962e-01,6.021862738634986556e-01,7.991704486299678889e-01,9.992307796159142219e-01,6.169956975776024199e-01,8.531068758326261214e-01,8.511431289165396485e-01,2.734475085427472973e-01,6.904715162564188935e-01,8.892368272846838950e-01,5.610271304714543605e-01,8.822294312056913057e-01,6.933874073518093706e-01,4.538730738045076429e-01,7.660871835520539630e-01,5.737681251916756375e-01,6.869493496775652686e-01,8.547234499579332567e-01,3.516489014679766711e-01,5.767144027434922826e-02,9.431934777037523920e-01,5.742826418364269658e-01,8.759189498635766569e-01,3.573122472699695740e-01,7.257483258897192702e-01
6.783761175035331048e-01,5.286476580635859346e-01,2.959309818845106133e-01,5.639397386080302610e-01,2.572225513504766692e-01,3.024793891785499955e-01,4.360646055874446425e-01,5.739238549027286806e-01,4.358392380999408511e-01,6.056167341552395333e-01,9.812064624469976071e-01,2.962809195074845303e-01,8.456100158716461923e-01,6.404109754619932149e-01,7.932273899092592284e-01,7.599143201335508691e-01,6.027972173667320854e-01,0.000000000000000000e+00,7.182831873218349372e-01,6.128692928406880291e-01,7.428687944654264186e-01,7.887144721433732020e-01,7.275392897528744074e-01,7.184539349085188320e-01,8.374710305702661728e-01,7.324525310648433152e-01,9.777841057380404211e-01,7.549087018558435780e-01,6.611222880567908522e-01,4.129809721355116592e-01,2.571683898688859049e-01,6.759567036149128905e-01,7.284681325903771265e-01,8.407310578523147226e-01,2.804393140921886962e-01,6.071162371285375725e-01,4.104135213814858463e-01,8.557739243218366321e-01,6.118104871653551324e-01,7.003237188422577475e-01,3.408366454027562109e-01,6.024125397776352031e-01,4.477327092606113168e-01,7.573696501678647275e-01,3.096531191022999230e-01,6.094266596993341834e-01,5.656011068695777633e-01,7.265922215737996570e-01,7.347401807825925113e-01,7.647986951881990958e-01,7.281450922768619716e-01,4.555051080852737244e-01,6.179331191387524846e-01,8.712247099172838460e-01,6.108831357375652527e-01,8.112157611095511811e-01,8.496172499300161940e-01,4.301361727303802951e-01,2.107660347206073148e-01,4.958039112925299863e-01,2.375823983366660841e-01,7.834894949056550040e-01,6.315910788886458516e-01,8.487693232529973653e-01,8.980349678848106310e-01,7.729819299024518475e-01,9.713418768104986611e-01,4.255284762180662761e-01,7.154953672706469980e-01,4.137681196164494368e-01,4.370712593158261883e-01,6.594458063567703032e-01,5.855686218388149733e-01,3.626981887910864510e-01,5.620480391254296659e-01,4.896875081739592850e-01,6.731632996396139657e-01,3.698564502469114945e-01,3.814732584456455022e-01,6.475660547336131723e-01,3.432331811271389643e-01,6.201976349281953516e-01,9.231745435931416610e-01,7.457326628910909694e-01,7.625228265209089695e-01
