0.000000000000000000e+00,6.449674554384007275e-01,9.097873338995612347e-01,8.629080432984106430e-01,3.625507894484036875e-01,8.871687928634746090e-01,7.779214203310587106e-01,5.758940543326133144e-01,7.290641896842275926e-01,9.893273998026481664e-01,7.331450851054187590e-01,6.003525130082839611e-01,6.737016516398469657e-01,2.146459894791881706e-01,7.155212355108478972e-01,2.500871991317646925e-01,7.317377133948622658e-01,9.237176580551441640e-01,7.322301979520837723e-01,4.273756159184625147e-01,8.262063210828615167e-01,7.425223473237473337e-01,9.858101832886171367e-01,7.673471019524509273e-01,9.977840931422972126e-01,4.966874426680649157e-01,3.216997758756581227e-01,8.416937248407513339e-01,4.920922301557100198e-01,3.949380504098497502e-01,5.156383212727865262e-01,9.021724933837182991e-01,8.323111831340902489e-01,4.537310770862915121e-01,8.117810582601071578e-01,4.826928927478065789e-01,2.629624427345876869e-01,9.268463165848145335e-01,7.414762774268539580e-01,8.055973091179435830e-01,1.229572746796468580e-01,8.471807886872235738e-01,6.973093566250594399e-01,6.739520901410750442e-01,8.742467437656354923e-01,7.282046007269321608e-01,8.636364990513567541e-01,1.675096152299939897e-02,6.586815849822428293e-01,6.332292165100306125e-01,7.490354971249448823e-01,9.259048036484329725e-01,7.701569106485840477e-01,6.403497756455440726e-01,9.661101695175434712e-01,8.438005205397688391e-01,9.591540019755979696e-01,8.929915181601238983e-01,2.477227771226389597e-01,6.170245945076898719e-01,4.096964743860142533e-01,5.222902322039330025e-01,7.581175733478584533e-01,6.020496665207097919e-01,2.741673182227203354e-01,9.351389167740709052e-01,9.462346100253562486e-01,8.670037842206738121e-01,9.586519721924618986e-01,8.572611072030884571e-01,3.105674926766809341e-01,8.113180896033427292e-01,2.505850823090091106e-01,7.497777768684892319e-01,8.821436098409527471e-01,7.624101727508473259e-01,8.510577561980623429e-01,8.118891732942601358e-01,9.624389168434588360e-02,5.842938778846774595e-01,8.560403403709753167e-01,4.925573583484958995e-01,6.804782239325058990e-01,7.546044057131103822e-01,6.472924612280984702e-01
6.449674554384007275e-01,0.000000000000000000e+00,9.037956732596275078e-01,8.497002027016082870e-01,5.663400698517697673e-01,9.995033569242673943e-01,3.667732247449689842e-01,7.100456279255363823e-01,2.295133128046417947e-01,8.578355928360827942e-01,5.899347497663385287e-01,9.318239119080284905e-01,7.430337231056685088e-01,9.530325177357268362e-01,7.035863061793568018e-01,3.435172555924762006e-01,8.773401803626504902e-01,7.520434101426582973e-01,3.197171983949330110e-01,5.004967207940054230e-01,8.942483963277696457e-01,7.145616456800658600e-01,4.707959956419454084e-01,6.454065286081557273e-01,8.947539534542882089e-01,9.161239972220603933e-01,9.421748626143084948e-01,2.015254389902829124e-01,5.558521061463334023e-01,6.501544076702014952e-02,7.761549042099162854e-01,8.201105958820456010e-01,8.006707774670177580e-01,4.779620449516783776e-01,7.679529548690691154e-01,3.198307563324909175e-01,7.917030013517221132e-01,5.563675482246366322e-01,8.925152821624955379e-01,2.959722442130653386e-01,1.129160909929719792e-01,7.647545459746578622e-01,8.601699816857746317e-01,8.123037871624139150e-01,7.476709827715518619e-01,5.406748498248012957e-01,2.188076647693695531e-01,7.674442133407209932e-01,5.358397139715873614e-01,9.433527624518782684e-01,9.588517358309854854e-01,6.093098798643158398e-01,4.441242344547346454e-01,5.689811114716440965e-01,9.060051344348315494e-01,9.877989341830639702e-01,8.321717691855313737e-01,7.959865442293172499e-01,9.680418908240764342e-01,3.878436278627364064e-01,5.656946893468786097e-01,7.626031873936454097e-01,6.160690430001788398e-01,4.103507186951664276e-01,8.580550241535759293e-01,6.057977694057775642e-01,4.070566692580463997e-01,4.257670476252753966e-01,6.799945302971376337e-01,9.773240437847576789e-01,8.828539526314321817e-01,4.876002978237927721e-01,7.434618892053832528e-01,7.160841994236165631e-01,6.254364707476740559e-01,9.649169314037825407e-01,8.127446486441881612e-01,5.393150063875485900e-01,5.695149353902010381e-01,2.256803202202202763e-01,7.311772727171818032e-01,9.993153014166440418e-01,7.853046736829832897e-01,1.046063903282588581e-01,7.874564484050303736e-01
9.097873338995612347e-01,9.037956732596275078e-01,0.000000000000000000e+00,7.336838998011163682e-01,9.263079468099733038e-01,6.511411810778894305e-01,9.189105668123077608e-01,9.195704176796192231e-01,9.862607743093545487e-01,3.482875014086582177e-01,7.590443132884738819e-01,8.667698155640758406e-01,6.663757972246490136e-01,8.497214568712319060e-01,8.090316344473069687e-01,7.879978886962155649e-01,8.118442149849347533e-01,4.384668109497485422e-01,8.263284320752971590e-01,8.772831232575015736e-01,8.519663319082215747e-01,6.305723926784732036e-01,9.348636446699397640e-01,8.067559558854281443e-01,6.607920934034141602e-01,8.606028659152883398e-01,7.525710495337546435e-01,8.960068327861612225e-01,5.218160858279701220e-01,-3.198120964024920854e-01,6.120767565204238148e-01,7.363013316894811977e-01,3.043290440127339180e-01,8.604696929642960956e-01,6.191247265801402833e-01,6.646632443636601995e-01,3.353291770609488909e-01,9.868585337577748806e-01,8.561171921020271913e-01,9.480632676338904830e-01,4.803814630803173724e-01,7.870655218875388659e-01,9.638145843967025339e-01,6.877550301321112558e-01,8.690484547362078427e-01,6.519860175150158366e-01,8.415184238072299650e-01,7.663461868527776666e-01,9.055036357950160264e-01,8.407215657832183275e-01,8.123891407900754036e-01,8.087508476913904953e-01,6.463714586439917031e-01,5.223947060479448012e-01,6.556294284896332369e-01,7.141188221873140396e-01,4.444197827575643855e-01,9.888792910260141289e-01,4.286991752098886499e-01,6.709471153166087776e-01,4.589687888439228369e-01,8.358907482686102064e-01,2.871572357765198591e-01,8.666011595017856228e-01,5.434571647450308074e-01,9.722270526234702004e-01,7.918047270425685458e-01,9.757228200663665696e-01,3.142716029020703461e-01,6.985564363591451054e-01,9.563384517260844486e-01,7.644417564845988888e-01,5.519079589445021750e-01,4.508313346083104300e-01,9.785042628022546651e-01,5.787556958286198538e-01,8.143263130588743737e-01,3.530144791545318794e-01,3.255915660160830782e-01,2.588413250693102907e-01,6.904960317940537218e-01,8.412047897964518572e-01,8.187598132755805613e-01,7.582913606744811075e-01,8.615157353574512955e-01
8.629080432984106430e-01,8.497002027016082870e-01,7.336838998011163682e-01,0.000000000000000000e+00,5.122479779510737963e-01,3.322081365678692944e-01,7.286516913390870265e-01,9.447432485825250081e-01,9.228383095887326970e-01,8.604458787384620111e-01,6.835323670538355767e-01,6.019394480927893198e-01,9.673548895656818303e-01,8.644123179478750973e-01,9.721682438845491436e-01,6.155930060897167877e-01,5.902543532039961072e-01,8.090478064317566664e-01,7.140507494211190131e-01,3.314712511092424707e-01,8.356980883848607045e-01,6.111954957797064436e-01,6.517467389407241019e-01,5.420507457402388291e-02,5.899099303389889748e-01,8.991714577083942395e-01,8.529496877172990654e-01,4.520505217129726083e-01,6.088897786854282623e-01,4.213048245878459608e-01,7.684990329785901242e-01,7.919852531365324522e-01,8.848037979294597344e-01,6.826519227664646916e-01,9.976298686131543914e-01,2.050548182080922932e-01,5.994238413144628019e-01,6.301627868479762196e-01,8.726691585269223950e-01,9.342572059769571613e-01,6.130378088210335363e-01,6.154749957384900161e-02,-1.958244881021586892e-03,7.274026950755478893e-01,8.961344133971171910e-01,6.711797559803727165e-01,6.432052671135950472e-01,6.438210516052622623e-01,4.156731269164365972e-01,9.241763152349854460e-01,4.304702845708776038e-01,7.071573105332333853e-01,4.703249382271220691e-01,4.914813910887136927e-01,6.115324669019651660e-01,4.215944734940322292e-01,9.970549728217869001e-01,7.222496556880706464e-01,6.645962966928109505e-01,4.510880330150537354e-01,4.867380048949266347e-01,6.032938433332318828e-01,6.627978717581644030e-01,4.101131131866309065e-01,8.198186813863341804e-01,7.868560109400114522e-01,6.102791274280291445e-01,2.302590772083495940e-01,9.822155113196684439e-01,-6.254085269938966518e-02,5.849947104348423021e-01,9.506209917299360823e-01,5.858515204929308773e-01,-1.338385561715318972e-01,5.168819585675145101e-01,6.072961670521481725e-01,7.530487470097143587e-01,6.852489180172498529e-01,4.002307167844776467e-04,3.068138861340247159e-01,4.315067863351282895e-01,9.266653548986336641e-01,8.489140280727254240e-01,7.292886729140926061e-01,7.123360472038117175e-01
3.625507894484036875e-01,5.663400698517697673e-01,9.263079468099733038e-01,5.122479779510737963e-01,0.000000000000000000e+00,6.568043262659604142e-01,4.267014846290098640e-01,6.287435851047521451e-01,5.668506900113465807e-01,6.137559893123971655e-01,2.071503331049238672e-01,7.665412341782166239e-01,4.059900481847728559e-01,6.232554868300601569e-01,6.264187357990412819e-01,5.358204217677243753e-01,7.330018508603750593e-01,9.968527308782241247e-01,4.704272777091180191e-01,9.192779948968390347e-01,8.411932176790620774e-01,5.983812969901263212e-01,9.071236851016279967e-01,7.493569488180450433e-01,5.267267565834244936e-01,7.918480142435690983e-01,8.724709515183537434e-01,8.460068945020181586e-01,2.911936388506851103e-01,4.420374496927904073e-01,5.946523714654161630e-01,8.261160977475398015e-01,7.532550190235678400e-01,2.116088218471496585e-01,7.212787278906858113e-01,6.582323230061887243e-01,2.836258477361451869e-01,4.813999756664369412e-01,2.383550057202079575e-01,8.889663164356041980e-01,3.044941103848225472e-01,8.851185064852550299e-01,3.655903283654097780e-01,6.150510921694992694e-01,5.117941932771208347e-01,9.462181269104399384e-01,9.649920141240594385e-01,9.055485658720744402e-01,7.824840930651523196e-01,8.576045394757129126e-01,7.608178486605537971e-01,6.565260735009210702e-01,9.738774324037609009e-01,7.671621289760359730e-01,8.281491149886982539e-01,8.773671545082482037e-01,5.109679105428589496e-01,7.770750005512709890e-01,7.748040629755807984e-01,2.284054701509538599e-01,2.768269269146884648e-01,7.881928751922021581e-01,6.524497605411662127e-01,7.644335500679568796e-01,8.012668006891546790e-01,4.057528151077944845e-01,8.129303476082266888e-01,5.522097110272226050e-01,7.930502396639871332e-01,7.928195837273446234e-01,7.159023480514956628e-01,9.721136951268822823e-01,3.445648742541692622e-01,5.125262983763343438e-01,7.438621023695686230e-01,7.232478645601836398e-01,7.342196690327194020e-01,7.755411890199738201e-01,7.186333637166074650e-01,2.505818641651689355e-02,6.373682917421864547e-01,9.941864853821471559e-01,8.869685093621914040e-01,7.798703427163875546e-01,4.535913931037437452e-01
8.871687928634746090e-01,9.995033569242673943e-01,6.511411810778894305e-01,3.322081365678692944e-01,6.568043262659604142e-01,0.000000000000000000e+00,-2.858737622532744882e-02,6.977882510042164865e-01,4.140916846057741685e-01,7.634099513565232309e-01,7.023632953834402226e-01,8.005287399200494702e-01,9.850382624177018709e-01,2.730058912498342649e-01,4.958601880250395610e-01,2.531306372475333744e-01,8.007164442401940585e-01,7.195913045547049913e-01,7.813043279646691985e-01,4.438587288665272745e-01,8.438160113486244951e-01,3.207705752459575899e-01,9.341901789770538089e-01,6.193306380325345195e-01,5.896126372896579593e-01,6.895986404555645155e-01,6.099384998511381273e-01,9.283993469621523165e-01,4.484103306038603187e-01,6.572908479807431092e-01,2.390125964150471294e-01,6.119957030033431611e-01,7.283205200474548446e-01,7.861311695848411940e-01,2.037264291943520489e-01,6.666376830619870075e-01,-1.235651928371698655e-01,7.357000272465434865e-01,6.510854811012466437e-01,2.021378493043971269e-01,5.117557673209268687e-01,9.363215538838791652e-01,8.147502458756649135e-01,4.281174158422618170e-01,6.092253587817427762e-01,6.843831379009178706e-01,9.531292704310159181e-01,9.634188810958913551e-01,5.660157206670425323e-01,7.350807357244762974e-01,6.160401054698139145e-01,6.256865379777237779e-01,7.926748391561715401e-01,5.471198154818475157e-01,6.518737915535188776e-01,4.867393296357941379e-01,7.291779280051962076e-01,9.895112179620375592e-01,9.926445575899360829e-01,4.305698987181805770e-01,3.001018183739496692e-01,3.921822218040469377e-01,4.350339949918970994e-01,7.436924899054364602e-01,8.008525698859957354e-01,8.714874817793774042e-01,7.086653288817688079e-01,7.706036768571491447e-01,1.663603626056722393e-02,3.842204231695677819e-01,8.807156275364538267e-01,7.315658133993626633e-01,2.806308298803805168e-01,2.252293680716696556e-01,5.489086049614264606e-01,8.805868522812848598e-01,4.808359030757032304e-01,3.018603955679378670e-01,-6.340292880535169928e-03,3.537139538105353864e-01,4.755832572088695143e-01,7.183875999774884669e-01,7.154834079519850620e-01,6.703497156527397083e-01,6.834219465778036406e-01
7.779214203310587106e-01,3.667732247449689842e-01,9.189105668123077608e-01,7.286516913390870265e-01,4.267014846290098640e-01,-2.858737622532744882e-02,0.000000000000000000e+00,6.005277244092225297e-01,5.155989808971244148e-01,7.687876558345906330e-01,2.566645175317630034e-01,5.913694835418159546e-01,6.438131657463228574e-01,7.630170341501507636e-01,7.504082759945646108e-01,6.344113298620236430e-01,7.671865701540840909e-01,1.886455000828337614e-01,7.219201577869027719e-01,6.388889087683761181e-01,8.033836428483527303e-01,5.143434118983998549e-02,8.149681591578835649e-01,9.398275544620974253e-01,5.058056261267667164e-01,6.435862454500280994e-02,7.792162031867552185e-01,7.840353696593611588e-01,4.985357101669626312e-01,7.486339677768614198e-01,6.223116965716899429e-01,7.927645659591562310e-01,6.755684788711531219e-01,5.008298907634022301e-01,3.315526289016561545e-01,5.077004534881132125e-01,4.550319063355665744e-02,7.038379122879027117e-01,8.516710879910045495e-01,8.116622781912331552e-01,5.444202478543551660e-01,8.985720086795360162e-01,8.537589289582105945e-01,2.637804004701203575e-01,8.502168280613637830e-01,4.805428780232697816e-01,7.697718347162874064e-01,5.537093390234203438e-01,1.721255533013453798e-01,4.515663020665490190e-01,2.632799959932090039e-01,4.848886668655098542e-01,8.326665577727261347e-01,7.611136108781034748e-01,9.249458996779362785e-01,3.156677832504221626e-01,7.425741277737116786e-01,6.860024062098064590e-01,6.609963333590027634e-01,5.758334145587817865e-01,3.216814776179747759e-01,4.130338692333572204e-01,6.980496276978609416e-01,4.020660191912127646e-01,9.583288091231324524e-01,7.584784739075229876e-01,3.841307089853996173e-03,6.847079015695709536e-01,6.943621742654564333e-01,5.071574672922533056e-01,6.979349765451693388e-01,6.239026467310890833e-01,1.643401948642579380e-01,1.515845250421692450e-02,2.053128580005653403e-01,4.163622429520101864e-01,4.218720020581283592e-01,4.399455893816420216e-01,2.777324759864360781e-01,3.066166594446475754e-02,8.872821501312649906e-01,8.506557940740469004e-01,5.900889149287400492e-01,4.665716308646236099e-01,7.287815258236548521e-01
5.758940543326133144e-01,7.100456279255363823e-01,9.195704176796192231e-01,9.447432485825250081e-01,6.287435851047521451e-01,6.977882510042164865e-01,6.005277244092225297e-01,0.000000000000000000e+00,5.019248234463821179e-01,7.243529664717190952e-01,8.819067887848762721e-01,4.429346759864093985e-01,6.199253291113334674e-01,9.499347857130189254e-01,9.173919571036512899e-01,6.836634167851588506e-01,7.155143476079304232e-01,6.521238120582688591e-01,5.888268507212183200e-01,6.864153318218655375e-01,6.237463219529423286e-01,6.406352742269058043e-01,4.798903614748057378e-01,9.553566804538106139e-01,5.373289671744418960e-01,9.412834569561031595e-01,6.663489176004598891e-01,8.702484554602241129e-01,6.796564903990266471e-01,5.151161809500183208e-01,6.366218982532766413e-01,7.896068543091941949e-01,6.244491346193318249e-01,9.780765125549552019e-01,6.780262025284422567e-01,2.242846726318745987e-01,3.056236700357501390e-01,5.148176855151919140e-01,6.657997074042291130e-01,3.781118986945095628e-01,3.316974457097265350e-01,3.241504844398939156e-01,8.491964577923551971e-01,6.595282554362759120e-01,9.765760537962634436e-01,7.788577858688726652e-01,5.588821221859308075e-01,5.085768027447643558e-01,6.059733993538338748e-01,4.721211589923411389e-01,5.481601044648291010e-01,5.838590198877122717e-01,4.328393674751865872e-01,3.777619924500689175e-01,6.576531172937564174e-01,6.487829710114367820e-01,5.795275135723092497e-01,6.793037935349378609e-01,8.773005706293878214e-01,5.900092820946198913e-01,2.912379741595234883e-02,6.689093304847196775e-01,9.529039346347948358e-01,6.586899783965103339e-01,8.340962107819130944e-01,4.847015818271708243e-01,4.020238462704887050e-01,6.504710248504200765e-01,7.364447277409157389e-01,2.230020512396566068e-01,4.730815412342623261e-01,5.851977703870372416e-01,4.487430018455822456e-01,6.513095305199094742e-01,4.857822124449693857e-01,5.834805678204803003e-01,4.725463532571674286e-01,7.593584798180359474e-01,6.186113870787816049e-01,4.670759453579269582e-01,4.244539116648123889e-01,9.091707075396346927e-01,7.502144504955555737e-01,3.502637184597918729e-01,7.997763882328743357e-01
7.290641896842275926e-01,2.295133128046417947e-01,9.862607743093545487e-01,9.228383095887326970e-01,5.668506900113465807e-01,4.140916846057741685e-01,5.155989808971244148e-01,5.019248234463821179e-01,0.000000000000000000e+00,3.252297723663471335e-02,9.696580018632516840e-01,7.568959775787850175e-01,9.304399671128189553e-01,4.145989449529935977e-01,7.221885166257575595e-01,5.803437378669668023e-01,6.891049259613121203e-01,7.758593116463274875e-01,9.864813203790759877e-01,8.611904692060813327e-01,6.477683714860635877e-01,9.819996486989992501e-01,7.598062456994580938e-01,7.700735866752865810e-01,6.630784573051720088e-01,9.514556052731173441e-01,8.834882069439208285e-01,7.577220293724832301e-01,3.655014922608990080e-01,6.927648340753399525e-01,-4.594224395711110631e-03,6.555567510674236154e-01,7.106356478411485211e-01,5.094106337022679121e-01,1.079283736961345053e-01,3.647464330299660107e-01,5.464326051152049724e-01,8.344416990127991873e-01,4.076048580450830072e-01,9.233219505717495945e-01,2.609166433549124919e-01,5.054142047821253980e-01,8.713940332183258697e-01,3.816920595514686765e-01,6.879566058936308348e-01,7.561680599464869479e-01,9.319614534294743402e-01,1.827508599259953237e-01,5.664099616813039750e-01,5.938332717188923304e-01,7.388263359444047218e-01,9.892785240821692083e-01,7.401119276496230803e-01,9.680298189790963459e-01,7.408212869133643519e-01,8.402141562411544751e-01,6.198502943465517001e-01,8.645087927497852043e-01,8.222885705733398165e-01,8.703517965556304414e-01,7.267435240192076096e-01,6.875347327929477448e-01,6.575892881969580550e-01,9.383058529102994427e-01,6.670735477406342095e-01,7.212708997679100065e-02,2.287419085674551322e-01,9.253167748802632042e-01,6.833639871572717572e-01,6.598213583956011874e-01,6.335368926656343991e-01,4.384056529611252140e-01,2.174445014565091205e-01,6.661490471676623226e-01,2.693449824258424830e-01,8.149879419780265977e-01,9.291383628242217974e-01,9.912243267473920261e-01,5.920432382433896690e-01,5.023799971267788322e-01,8.222799636265482048e-01,8.565812427405534724e-01,6.574623773703900387e-01,4.764386161825230337e-01,2.316967904570994274e-01
9.893273998026481664e-01,8.578355928360827942e-01,3.482875014086582177e-01,8.604458787384620111e-01,6.137559893123971655e-01,7.634099513565232309e-01,7.687876558345906330e-01,7.243529664717190952e-01,3.252297723663471335e-02,0.000000000000000000e+00,9.301389813057664435e-01,7.731251855294278830e-01,9.102756063142677379e-01,3.747360600761536764e-01,7.915310509347868173e-01,8.991999923577806975e-01,4.664079411856961732e-01,4.473480485139545992e-01,4.432774545104977704e-01,5.210416821302956691e-01,6.728506566986928172e-01,4.753391292593640016e-01,9.528260601040108302e-01,8.541174724255706785e-01,9.009103911475118132e-01,7.851997920718293278e-01,8.728270477924825466e-01,6.612780116857722712e-01,3.431209460223036967e-01,4.799221207851563920e-01,6.249466735688322672e-01,6.177352405070399843e-01,6.318061834712109803e-01,7.705339382890232791e-01,8.079206050554589291e-01,5.471095239065247862e-01,2.246961268817932456e-01,2.253947389412093993e-01,9.876988522517844427e-01,8.059889098555773623e-01,5.546005855901612325e-01,8.435542869903311577e-03,8.264609266797969811e-01,7.923361966941342427e-01,5.005208423714841981e-01,9.619685498430236015e-01,9.037807133991374586e-01,6.306692093182848513e-01,6.142419610426927967e-01,7.838572260170676431e-01,4.995600906892386783e-01,3.167182996024049957e-01,7.677693963284185630e-01,7.136081577578069490e-01,8.521263641058741678e-01,1.585709479311838144e-01,6.473514621744606012e-01,3.847567880183792033e-01,7.623280793352423812e-01,2.980715096123466856e-01,7.464138993892677210e-01,6.910961374228257181e-01,5.407453669044446354e-01,7.563881232974128954e-01,8.339243079843370321e-01,9.648837469996246474e-01,6.609194178596570213e-01,9.352398031596165229e-01,7.190329897090468325e-01,8.437612044905646869e-01,4.056477660379244066e-01,5.486668991445806665e-01,5.614776748209858726e-01,6.428783779129824127e-01,5.175776362008828180e-01,9.275060236101220212e-01,7.406987813885897998e-01,5.628603102066341846e-01,2.408916161298914338e-01,2.778620094333373869e-01,4.532514537398666388e-01,9.444965020942546197e-01,2.337948295761924783e-02,4.507015299297974509e-01,5.065739764571706161e-01
7.331450851054187590e-01,5.899347497663385287e-01,7.590443132884738819e-01,6.835323670538355767e-01,2.071503331049238672e-01,7.023632953834402226e-01,2.566645175317630034e-01,8.819067887848762721e-01,9.696580018632516840e-01,9.301389813057664435e-01,0.000000000000000000e+00,6.007513670008439721e-01,9.309267757212110750e-01,8.864866229125802910e-01,3.152625012952347539e-01,4.389916989748999798e-01,5.761323143323930918e-01,7.097985556046805256e-01,3.108296477138727809e-02,3.986057049257411000e-01,7.529575810164821359e-01,6.642483881038625526e-01,7.401701141569688724e-01,7.839786150013364763e-01,6.314716324727635000e-01,4.077179685848409951e-01,6.604632950628116506e-01,6.610663523672632991e-01,6.462686240940287430e-01,6.724894652673970574e-01,4.175929758843149875e-01,8.446937704339980701e-01,9.982889280259334974e-01,6.099872185304976435e-01,7.323999955578055499e-01,2.399762729736781564e-01,8.292911928374464559e-01,7.438491956361781288e-01,8.861920734689389123e-01,9.677250615912325049e-01,7.026646360463372210e-01,8.851454263377918075e-01,6.341644866826035010e-01,9.392308811286534942e-01,9.726890119852512617e-01,8.977174678522946705e-01,7.619114139775923222e-01,5.237528894418697067e-01,3.180112156723443051e-01,6.467523189074941836e-01,2.132899874911041160e-01,8.073834582048167174e-01,7.148095103071095968e-01,7.605323511861896701e-01,4.329101010085980028e-01,9.374717548242136322e-01,5.332199679247493496e-01,6.359176278217819611e-01,3.068584566689373516e-01,3.986883900606434938e-01,5.771664506598936928e-01,-1.913220583276659392e-01,8.098446818335642838e-01,3.892672060276274326e-01,8.311048251023976929e-01,5.709727807810451861e-01,9.930282375024681585e-01,8.460575952300135594e-01,6.826168358098729794e-01,6.434397405228349243e-01,9.214718316109421492e-01,8.088883332269417581e-01,4.387131605789585942e-01,7.592879536647285654e-01,5.327170249769117572e-01,7.798231608565570072e-01,6.874116150881419696e-01,6.698515409040174395e-01,9.850447832473163690e-01,4.280924267882841305e-01,2.564464437208519021e-01,7.026808985265976526e-01,9.443233388183438493e-01,1.192841799814563786e-01,9.016517267454206008e-01
6.003525130082839611e-01,9.318239119080284905e-01,8.667698155640758406e-01,6.019394480927893198e-01,7.665412341782166239e-01,8.005287399200494702e-01,5.913694835418159546e-01,4.429346759864093985e-01,7.568959775787850175e-01,7.731251855294278830e-01,6.007513670008439721e-01,0.000000000000000000e+00,6.532655287406986533e-01,6.739498917821156176e-01,5.300850936271032099e-01,8.606784626496601920e-01,4.105783339855389458e-01,6.993313290108593705e-01,7.777471992456926886e-01,9.643872122173908767e-01,9.149447275328201901e-01,7.401564938274038941e-01,9.824640571188997251e-01,6.476162753446823572e-01,4.943787015972780363e-01,9.888775545255373833e-01,6.927921170941322426e-01,4.554883840415934748e-01,6.698629047972777251e-01,4.885309461639316675e-01,3.847479904510853199e-01,5.472858044040407322e-02,7.665762167085108381e-01,9.100225643450827739e-01,5.563412287913586107e-01,-5.446117435734112999e-02,5.599641585752469508e-01,7.803526291353746203e-01,8.780737918832625111e-01,8.784493192465010480e-01,6.930516277820976123e-01,8.262915612903733997e-01,9.098198553178709069e-01,-1.151049595556759841e-01,8.464111703690273547e-01,4.252597192371432855e-01,7.151123826985377185e-01,6.229847875654471734e-01,1.164431460600699464e-01,6.498514521762353002e-01,6.220256815024804986e-01,2.002868537614817535e-01,5.677797353167191030e-01,7.406157888145773471e-01,9.067947248091878798e-01,6.291281910102878294e-01,5.371714675819696527e-01,5.786215810841844887e-01,7.132890684208146315e-01,2.136959900879434326e-01,5.469946839317380016e-01,-3.976495500572502229e-01,8.908134549585186024e-01,6.906582830470271439e-01,1.048721298498802024e-01,5.544128373492017703e-01,6.322038503571321133e-01,5.317463868885216050e-01,9.144287004741424862e-01,7.399592761565529919e-01,6.052158052997325122e-01,7.131992597700030911e-01,5.870557604129869045e-01,6.027565966234087469e-01,4.680103380126248158e-01,4.308356646862344097e-01,5.625141138563078957e-01,4.617386351368986674e-01,5.183024219297321239e-02,5.046700453295831917e-02,8.589128092947581061e-01,5.944301987201698889e-01,7.840190873756515133e-01,5.461591310368050234e-01,4.906562800990692530e-01
6.737016516398469657e-01,7.430337231056685088e-01,6.663757972246490136e-01,9.673548895656818303e-01,4.059900481847728559e-01,9.850382624177018709e-01,6.438131657463228574e-01,6.199253291113334674e-01,9.304399671128189553e-01,9.102756063142677379e-01,9.309267757212110750e-01,6.532655287406986533e-01,0.000000000000000000e+00,7.637441075849376038e-01,5.597594693458389781e-01,6.315179697652717472e-01,6.646692490481757032e-01,7.098990783366979640e-01,4.518662821549563335e-01,9.637864341959566650e-01,9.440937122975727736e-01,6.590143500958292044e-01,9.443934185138249671e-01,3.713616005065754067e-01,6.738059738505072227e-01,8.487132708239010226e-01,9.144947141052726103e-01,8.239017778341264364e-01,5.033131029799722267e-01,3.435088204596931094e-01,5.502391406180581201e-01,3.222790689057583036e-01,6.118825627350786833e-01,8.089643747579307043e-01,6.690388507763895820e-01,2.999792519207926667e-01,-5.841763211861694671e-03,6.337973171090838242e-01,7.657289434570589970e-01,6.075896163159550944e-01,7.543578513299827870e-01,7.659407541655929297e-01,9.541539965711545168e-01,4.737314445582720412e-01,7.024710781614311728e-01,4.602214873512808224e-01,9.436165951354423820e-01,5.841582730320773464e-01,3.681402201063573854e-01,3.849752580930586587e-01,9.380093111273014594e-01,7.903758390954620516e-01,7.655001655701587637e-01,9.298751082724553418e-01,6.586290149616429446e-01,3.209764574444983198e-01,9.566372164368363018e-01,7.224774939014730890e-01,7.503782482523021491e-01,7.140886037805268538e-01,5.992322073582957431e-01,5.327731113891878145e-01,4.705393616608717355e-01,9.239662661396850218e-01,5.225633818462185332e-01,8.058945617526247496e-01,9.511408159315806188e-01,9.248827157532939491e-01,2.570741103563304319e-01,7.592383652829618468e-01,2.151990440770077950e-01,6.951797745768054648e-01,2.797890697971788798e-01,5.612576877915644857e-01,8.432021968809122470e-01,3.605323677074993016e-01,8.336899427466323287e-01,8.329438422414078280e-01,7.438827867197779220e-01,3.488243685349217138e-01,9.821648264913824811e-01,7.015963942284411115e-01,5.183033838220424405e-01,4.979630991819424812e-01,8.556652369901018851e-01
2.146459894791881706e-01,9.530325177357268362e-01,8.497214568712319060e-01,8.644123179478750973e-01,6.232554868300601569e-01,2.730058912498342649e-01,7.630170341501507636e-01,9.499347857130189254e-01,4.145989449529935977e-01,3.747360600761536764e-01,8.864866229125802910e-01,6.739498917821156176e-01,7.637441075849376038e-01,0.000000000000000000e+00,9.652595527767903194e-01,8.824299754138479335e-01,6.330280360008445628e-01,2.985502319786617620e-01,8.866390815502617206e-01,8.845095070121533620e-01,6.147239810693944095e-01,5.247164582750626360e-01,7.611892789393281955e-01,6.995882987256664132e-01,9.169022942974597301e-01,6.425676171943244253e-01,6.903018860020135872e-01,4.957852513051504428e-01,5.794014342597990641e-01,3.622624072046306543e-01,3.983553418861947026e-01,7.442430136870746837e-01,4.869556941912641657e-01,8.536071736201482629e-01,9.442284984442748108e-01,5.094775255012949922e-01,5.441090058224691273e-01,8.254817733032938643e-01,8.464521339081140239e-01,3.347255727518229085e-01,3.001143311500865107e-01,9.077750744033531438e-01,8.810360180958350940e-01,6.894681391607627718e-01,6.805435994380799603e-01,7.313158023552447373e-01,5.645361384411914374e-01,7.119573302789408142e-01,9.822971382657783579e-01,8.972522748812519211e-01,7.233331859487484028e-01,6.033031426533815855e-01,9.869954726696890113e-01,2.632988098702300217e-01,6.641304502124311115e-01,2.509328010741883053e-01,6.678131970251217631e-01,7.688318112396252957e-01,5.273214060252192636e-01,5.597057897293538087e-01,4.699893694575940639e-01,5.296636823698214203e-01,9.454527980518401264e-01,9.594357465526719420e-01,8.133677861884411886e-01,7.024300035967842026e-01,9.078740511232354926e-01,8.638379733423737772e-01,8.418955459332891911e-01,8.905924989342425269e-01,8.420986472612037588e-01,7.159474089717176026e-01,1.658807718319499358e-01,7.530924844868835955e-01,6.504770635010481694e-01,6.121316523632152062e-01,6.027659992011219492e-01,5.536013853694424225e-02,6.509031163405463172e-01,2.210004121782614683e-01,3.692712459336539021e-01,7.498996067808377797e-01,9.364331291608953833e-01,2.779506979898049845e-01,4.342546665914530646e-01
7.155212355108478972e-01,7.035863061793568018e-01,8.090316344473069687e-01,9.721682438845491436e-01,6.264187357990412819e-01,4.958601880250395610e-01,7.504082759945646108e-01,9.173919571036512899e-01,7.221885166257575595e-01,7.915310509347868173e-01,3.152625012952347539e-01,5.300850936271032099e-01,5.597594693458389781e-01,9.652595527767903194e-01,0.000000000000000000e+00,1.791189365482620532e-01,7.500386903569493668e-01,5.382896141043772564e-01,8.969362281159865002e-01,6.205203456720249644e-01,5.301606282277362414e-01,6.901842868512397811e-01,6.405812094071562379e-01,3.247496018365610970e-01,7.235325533792232866e-01,8.254970347215313531e-01,5.518799018248600197e-01,8.107410540725989989e-01,5.235807908405463174e-01,1.028192871930424107e-01,1.935074571484090011e-01,7.695253750456838571e-01,8.233908520936988884e-01,6.755404854713148444e-01,7.818143268692610004e-01,2.937038824426328465e-01,6.369327259301303945e-01,2.285957952688504047e-01,4.800866060128888835e-01,6.662808180945490877e-01,7.111749324598480859e-01,8.163490343800888782e-01,6.583746527671530124e-01,1.590631516523047795e-01,9.329431077585339516e-01,2.159937136932798540e-01,9.652732245203798911e-01,1.424136406420274947e-01,7.765834030185982950e-01,7.862144169442948360e-01,8.708235183770958177e-01,6.876592690171556832e-01,7.032104287072800108e-01,7.457946890167123088e-01,8.846457066720951889e-01,8.568521573461009844e-01,2.616408856435940566e-01,8.186260719121337681e-01,6.246061084803696817e-01,7.844162640653831176e-01,2.568629888596021468e-02,7.681924229489344169e-01,4.960378059869375855e-01,8.659083717445935635e-01,8.775900602817159335e-01,3.104965546963638356e-01,6.777000763722736965e-01,7.531273737251461542e-01,7.477077473502932170e-01,4.597744151876979046e-01,6.880081747507817980e-01,6.093057184265882054e-01,2.332183023064745009e-01,5.458736786076144876e-01,9.183812673746865052e-01,7.515535434937977710e-01,2.618467244415192408e-01,4.762740180059315542e-01,2.335627135195330883e-01,2.514674389139250898e-01,9.738238146642712589e-01,8.374674644113984101e-01,6.699946881420300038e-01,6.860831382889301944e-01,7.611460222142847343e-01
2.500871991317646925e-01,3.435172555924762006e-01,7.879978886962155649e-01,6.155930060897167877e-01,5.358204217677243753e-01,2.531306372475333744e-01,6.344113298620236430e-01,6.836634167851588506e-01,5.803437378669668023e-01,8.991999923577806975e-01,4.389916989748999798e-01,8.606784626496601920e-01,6.315179697652717472e-01,8.824299754138479335e-01,1.791189365482620532e-01,0.000000000000000000e+00,6.106781116733936976e-01,6.604408120012852379e-01,4.633462029940481619e-01,2.668880932870654199e-01,9.351150377832482263e-01,7.873582610910557777e-01,8.011182841743479388e-01,8.551339174347636352e-01,5.346214617033554495e-01,2.430455692140963131e-01,7.872188609186219210e-01,6.018883332528763841e-01,9.686010571188921059e-01,3.646537114337593533e-01,5.902437960062549838e-01,4.538116128519305015e-01,7.838624632557282812e-01,9.087804646081969473e-01,6.159249139580201815e-01,6.294205742948720539e-02,3.564493583223510287e-01,7.644210577448219412e-01,8.571142843495649366e-01,4.385091231624069219e-01,7.130330063693046672e-01,9.575445837875615762e-01,8.796329954162599440e-01,6.465031971102298547e-01,6.744711511104392043e-01,6.561908826243392223e-01,6.804143167969902706e-01,7.744586845757629456e-01,6.905365389657851516e-01,5.007296120705373443e-01,1.668630928387723200e-01,9.123794104959588314e-01,8.493476024697821369e-01,4.474457803663486333e-01,9.209537102576003109e-01,7.661918415418106365e-01,7.392650218583064481e-01,9.548745962537159571e-01,6.449836312608662192e-01,7.794605659219939753e-01,6.384562228311293497e-01,9.086763712092650325e-01,5.195811124529857716e-01,6.713609318943983828e-01,9.386087722781999432e-01,4.744261172709659524e-01,6.377625712542547287e-01,7.619868111512724251e-01,7.410167702807344270e-01,7.386069968770533345e-01,4.685875434522940308e-01,8.089483821836820354e-01,3.017325338470611129e-01,6.900077592102786539e-02,6.526454585477414749e-01,8.810711410887971384e-01,9.782531407725102435e-01,6.516763597880543823e-01,5.525330503029399765e-01,5.502752846746413740e-01,5.297951517045450531e-01,8.462613277256608724e-01,9.582102442713338331e-01,7.963316610204128621e-01,8.451606294130242780e-01
7.317377133948622658e-01,8.773401803626504902e-01,8.118442149849347533e-01,5.902543532039961072e-01,7.330018508603750593e-01,8.007164442401940585e-01,7.671865701540840909e-01,7.155143476079304232e-01,6.891049259613121203e-01,4.664079411856961732e-01,5.761323143323930918e-01,4.105783339855389458e-01,6.646692490481757032e-01,6.330280360008445628e-01,7.500386903569493668e-01,6.106781116733936976e-01,0.000000000000000000e+00,9.566917945435765569e-01,3.873735970086952807e-01,9.133453132541460295e-01,5.688596799598171216e-01,9.243299611493697165e-01,6.592862740110050357e-01,9.339922691847462044e-01,6.418062894571638921e-01,8.879702757884745390e-01,8.318293273664766341e-01,6.093380786468834964e-01,6.257184286171300069e-01,9.373430367981097633e-02,4.108619742618662141e-01,5.724845431094803816e-01,7.528840269683603204e-01,9.152890499907505584e-01,7.645745115185808016e-01,4.541307155198849865e-01,2.520971560493534547e-01,4.104094014069372687e-01,9.927287231589934091e-01,2.918385131736625504e-01,4.666231415362769308e-01,8.155646704328518570e-01,4.919677329052280501e-01,6.429081759621986247e-01,8.711359766984638764e-01,6.912047743537114153e-01,8.279082899202021562e-01,8.695880856597300035e-01,6.072340332381700456e-01,8.441914437164457219e-01,5.017630593827834273e-01,4.703086300224987304e-01,2.448600305829844725e-01,8.140411880135985934e-01,4.528039613817929077e-01,5.165665796467131532e-01,4.239318083279027261e-01,8.134818245009463045e-01,8.581564168469989484e-01,6.469530045801279439e-01,4.034881062665454099e-01,8.822682655261891993e-01,7.588088110472380743e-01,7.397432759510651490e-01,5.231809382851821955e-01,7.779665306556504678e-01,4.258330031782016634e-01,8.417722887463668924e-01,6.160398471048631475e-01,7.843745522931844238e-01,9.135735555199071545e-01,4.357193057938414382e-01,7.514502083746470440e-01,5.343821425418152637e-01,6.963200401803514294e-01,5.958298581394685378e-01,5.881814939290854749e-01,6.857682712076761389e-01,7.738193469683034564e-01,7.611345068956845705e-02,4.377122545073337534e-01,4.887048716639483814e-01,4.952235364036203791e-01,1.445716536349627990e-01,7.576867571089062059e-01
9.237176580551441640e-01,7.520434101426582973e-01,4.384668109497485422e-01,8.090478064317566664e-01,9.968527308782241247e-01,7.195913045547049913e-01,1.886455000828337614e-01,6.521238120582688591e-01,7.758593116463274875e-01,4.473480485139545992e-01,7.097985556046805256e-01,6.993313290108593705e-01,7.098990783366979640e-01,2.985502319786617620e-01,5.382896141043772564e-01,6.604408120012852379e-01,9.566917945435765569e-01,0.000000000000000000e+00,7.927701431379312602e-01,8.285205608980574787e-01,6.899895906768876985e-01,9.786939242253718252e-01,9.569733581896102681e-01,8.036850351413751259e-01,3.688682547086268304e-01,6.066986798458323671e-01,8.291336105946954804e-01,1.641489306801282785e-02,3.151710687837150360e-01,6.098710054828870852e-01,5.484351812130551229e-01,8.916611586513399912e-01,5.861189876569009582e-01,7.431250138754355028e-01,7.913153861732534766e-01,3.528944712020550822e-01,2.445557791580871831e-01,7.904038365793090160e-01,9.993187642164146345e-01,6.888163486120885137e-01,8.897795692448303706e-01,7.869969908115510560e-01,4.948833191656902830e-01,6.634069912778408629e-01,9.157568663512093421e-01,2.182469938090084716e-01,8.468576660682108903e-02,8.242057844561356816e-01,5.379620023806677143e-01,7.668311431270032896e-01,4.380693783250283468e-01,8.915873414915742590e-01,6.693123496068171807e-01,5.046594306183955769e-01,9.111242260162583095e-01,9.280743381478997467e-01,2.501159062613952377e-01,6.895555968517834700e-01,7.215141716163058216e-01,7.514248717027794955e-01,4.711510862263960098e-01,2.708135084577530383e-01,6.199720366844774233e-01,4.445245425410259688e-01,9.188436087073225123e-01,6.560337865222287679e-01,9.294714171777129774e-01,8.539473462977658080e-01,6.312372532108772027e-01,3.313581123272651974e-01,9.613932853345091845e-01,7.060497962291391039e-01,7.467830458013302586e-01,6.496833502468110089e-01,9.069547682473274586e-01,6.701942907699629526e-01,3.413675481028405345e-01,7.722351743965655269e-01,1.895771131775800811e-01,5.896049828505165458e-01,2.809603157784712479e-01,9.387742747793096365e-01,9.039894471449253510e-01,4.054097403883451523e-01,9.155352547973540922e-01
