0.000000000000000000e+00,9.814798634743452377e-01,8.552220371157043255e-01,9.382353707843821278e-01,9.405033377145403106e-01,7.278736668205314508e-01,7.183134484371540562e-01,4.062230625794966410e-01,8.444522003494661089e-01,3.577565068064775256e-01,9.607596351492944109e-01,7.646188098100498154e-01,5.120952030064591654e-01,8.352195379783260432e-01,7.782147545690842882e-01,9.283280528437167778e-01,8.187247299913369414e-01,5.840167235393058931e-01,5.189619521690291837e-01,8.142049180276010878e-01,8.689408234538058551e-01,5.692784956969684229e-01,8.097511095759155619e-01,9.748401836372818652e-01,6.775086923054720600e-01,9.411286754172405455e-01,6.832100618760089672e-01,4.123008471512889517e-01,2.705749789176141729e-01,4.274059626346168872e-01,5.485478437802575602e-01,8.632157373529515398e-01,9.351457271598700993e-01,7.575885847695219555e-01,9.471194974601375716e-01,1.112058571822444053e-01,3.281443192338122650e-01,5.008007760571984157e-01,9.273145136666367527e-01,9.132794436875256716e-01,2.055587720998634793e-01,5.965999866373439264e-01,8.837047266798804257e-01,8.471584596994624627e-01,8.547200017885929757e-01,5.840998902886347377e-01,4.474135179933827478e-01,6.499773295478907809e-01,7.554133944671073131e-01,9.389360326352033104e-01,5.470382125071354684e-01,9.926963212208361753e-01,8.424566029957863966e-01,9.617904915525458120e-01,8.660154113931008979e-01,5.002234296334223673e-01,9.147871593663821077e-01,6.778861065942598518e-01,7.733761765974975777e-01,7.359805067825775371e-01,2.756685785020369650e-01,8.688623382391056360e-01,6.182144949493677544e-01,8.338516634417266760e-01,9.122927102067147631e-01,9.139586306988621844e-01,8.443020294863783359e-01,7.381385304109542300e-01,8.034928130032047422e-01,5.972058964486661736e-01,9.561572124278261420e-01,6.085402761117568726e-01,5.931905413579915409e-01,4.646885535102547871e-01,6.026078037593672887e-01,9.853204561345580981e-01,9.579141833858925148e-01,9.209643532527190812e-01,6.225128951039409220e-01,4.657218224492660763e-01,7.516798390014144404e-01,8.033236612544532029e-01,4.695765705324123629e-01,9.041245854124967396e-01,7.717612134983322658e-01
9.814798634743452377e-01,0.000000000000000000e+00,9.797150633858997537e-01,8.899262981026022645e-01,9.128958777093079124e-01,6.329820479798704547e-01,4.173750576079468533e-01,8.301162355918635383e-01,8.187412007454919483e-01,8.174516183160075444e-01,2.610470041174123290e-01,4.828200348438892453e-01,7.803452600337361655e-01,6.136000959817162759e-01,6.963163979220565736e-01,9.802762144613531570e-01,9.241279169298494134e-01,8.002055596360010403e-01,3.064334048353348772e-01,9.561453437757463369e-01,6.123540406002174752e-01,6.866494395161859554e-01,8.484537022312501620e-01,2.212296805810624600e-01,7.590928692261456057e-01,3.450786999583620451e-01,5.144411722211339466e-01,8.783057700845573468e-01,2.765965606417732925e-01,7.061245019182661453e-01,3.006887608818339386e-01,2.825378994695106338e-01,4.649552980550206716e-01,8.302686437254344076e-01,5.627871493268190584e-01,4.659191138143718436e-01,4.737367958921810396e-01,6.230038706938989534e-01,6.481645900832578855e-01,9.043967311292059330e-01,4.263816645656792192e-01,6.823446646377129277e-01,8.570417413426184572e-01,9.511024356929136392e-01,8.469751152723891119e-01,8.657075118386119428e-01,8.895207732325889349e-01,2.375952657457257866e-01,7.808466206742833426e-01,2.100125416895022024e-01,6.903113708057707631e-01,5.253319549073673933e-01,7.770097465254059976e-01,7.170843226489054256e-01,9.059021348207613178e-01,6.079676761045995637e-01,5.097443578286339205e-01,5.720735644135522824e-01,8.914840029298737312e-01,7.427955683678802989e-01,7.909623807346966018e-01,9.990404679327364867e-01,5.773462993401208276e-01,8.768934001512191934e-01,6.365298651007473829e-01,8.551965310017093369e-01,7.614495625605361973e-01,5.087384329945801031e-01,5.773138048213237727e-01,5.158677237897459911e-01,9.426522365718619234e-01,2.553888905314152247e-01,5.942308210874496233e-01,6.969920863420751012e-01,5.201041579546143989e-01,9.174036392474177459e-01,5.812280777284875022e-01,6.904057923066316826e-01,2.493182374014406566e-01,4.872384323494634295e-02,5.731968837772020153e-01,8.855199479013515784e-01,5.425011741704448553e-01,6.096402900994817298e-01,3.320826860851089357e-01
8.552220371157043255e-01,9.797150633858997537e-01,0.000000000000000000e+00,7.540629146536644845e-01,8.377507754476556379e-01,5.780701620953878628e-01,9.172760034271534302e-01,6.433744065332852591e-01,8.149224376863691832e-01,5.262283833435645874e-01,8.219568052578850592e-01,3.705495671930626456e-01,8.557062245927911093e-01,9.698610805277720903e-01,7.882641879264200568e-01,8.565704448616136002e-01,6.683181858608251424e-01,9.780415025225916992e-01,6.353402760469937238e-01,8.160367138421019684e-01,5.389765055317892184e-01,8.098621506144946247e-01,8.506084598617922321e-01,9.675749696351489959e-01,9.471151085448668017e-01,9.808236806576663414e-01,5.405989980204863876e-01,7.835800046069949509e-01,7.808739602995020679e-01,4.357791653233387130e-01,1.706675925958379136e-01,8.640211881477565248e-01,8.511046575499845446e-01,8.543912723084787775e-01,9.414471964634107959e-01,2.278644952622099762e-01,6.553069788478852464e-01,5.402448440796614459e-01,9.763722689759075646e-01,5.083485772613852705e-01,3.175660585203375907e-01,8.413708381787956547e-01,5.698229333118265405e-01,9.326399560431917202e-01,7.492178133310229970e-01,9.289605356250584256e-01,8.877633865243875766e-01,8.813999366626974474e-01,8.077837129453084852e-01,8.016063906968350361e-01,9.819076760907939905e-01,6.785999573251700889e-01,7.385733452166122204e-01,9.011424963192203874e-01,7.728659037109677499e-01,9.860019459186564195e-01,6.564388796251523495e-01,3.177580184846224287e-01,9.373226657028945752e-01,8.723758578296776367e-01,5.461001554157187687e-01,5.617617790435118774e-01,9.757537608804339735e-01,8.111894528743702759e-01,8.928244356386574321e-01,4.295474773253533662e-01,7.948512349755578743e-01,8.123189493190053900e-01,6.391920734262849235e-01,9.291355707843134137e-01,2.859962004219923637e-01,6.464259133121036394e-01,6.711256331313582013e-01,5.737416714960658082e-01,8.998366735714085074e-01,9.689255088293183826e-01,4.040095633916215845e-01,9.748516927647268293e-01,5.034849402629567594e-01,7.927928378956844435e-01,9.439943075169261455e-01,3.875865140951558763e-01,7.024123999006965935e-01,9.415108072234797953e-01,6.488065894611321216e-01
9.382353707843821278e-01,8.899262981026022645e-01,7.540629146536644845e-01,0.000000000000000000e+00,6.573941357836062815e-01,2.062261312908510447e-01,6.090276911667867887e-01,4.712086749743854552e-01,5.185195685662262743e-01,6.793052853598112728e-01,6.661666645468395931e-01,9.180365353537139894e-01,9.390630242675110928e-01,8.215561837508369436e-01,6.901304159436764118e-01,4.544014037945988127e-01,6.388084459406037086e-01,8.488956112035938029e-01,8.051183497738150230e-01,7.487224339173825793e-01,8.989798549777564540e-01,8.754022136163139844e-01,6.373390612230210861e-01,4.507824997941957124e-01,4.658219736211135498e-01,5.519182078076839693e-01,6.613672541034809615e-01,8.918546381408472001e-01,6.567090044573109520e-01,2.368349252771577151e-01,-9.585283947064808519e-02,4.357049969176158832e-01,9.586695487677379113e-01,8.233757740555416316e-01,9.398154041421505900e-01,2.262349857677374287e-01,2.153936286874545691e-01,8.390256525394619302e-01,9.731245764107916418e-01,9.410819880058369780e-01,4.148030046513044300e-01,8.444179586003851545e-01,7.527042952615287108e-01,3.247629703360715436e-01,5.973326042611343256e-01,9.371336402458770864e-01,7.439596472031211327e-01,6.452917306556759103e-01,4.647321478924377192e-01,9.464599550106409520e-01,7.989970313313869976e-01,8.472994542660494677e-01,8.092542574586656379e-01,8.271268694566729085e-01,8.503870233422818892e-01,7.685860018485879408e-01,4.782784641618261223e-01,7.535570792953054653e-01,9.550171001535783244e-01,2.725089461409398173e-02,4.909289874436695289e-01,8.784108154097126642e-01,1.427687889474239247e-01,5.182863569899410772e-01,7.902341954482605679e-01,1.693270866021401033e-01,7.058719196049338951e-01,4.548731885981301959e-01,3.393978904009588016e-01,7.465111499138944451e-01,9.052725257539957493e-01,8.308028517679347802e-01,3.049066817636905680e-01,7.224571148321320413e-01,8.606853268196056339e-01,6.919090074357343578e-01,6.359041607701234611e-01,7.313487608671771500e-01,7.635836198409113873e-01,4.471040113886976530e-01,9.193690579871318658e-01,8.786134907072116196e-01,8.262706884938204599e-01,7.588278604350863210e-01,8.934325057959114913e-01
9.405033377145403106e-01,9.128958777093079124e-01,8.377507754476556379e-01,6.573941357836062815e-01,0.000000000000000000e+00,8.296173742854549005e-01,2.806992265725646862e-01,2.649580445534130968e-01,5.696573647192394452e-01,8.488170479821205427e-01,9.832771186397528673e-01,7.595414367845134684e-01,9.538035911230943187e-01,1.456795143831379757e-01,5.929840746367950333e-01,6.779446668876483173e-01,8.076053630601588429e-01,7.672786287558133189e-01,9.686907572019045620e-01,8.510450526923016845e-01,5.004324133831090649e-01,8.681004821972073682e-01,5.270056006760870902e-03,6.921608189337712380e-01,7.196496166260458738e-01,7.933030308785780083e-01,4.259826302385724128e-01,8.495267412363828319e-01,5.257833859414673405e-01,2.815991180555768025e-01,1.930045101948159592e-01,4.316550251603711863e-01,8.809210332032361146e-01,5.702073623543049141e-01,2.633203441130913536e-01,6.102659669254764108e-01,2.878646176901926701e-01,8.424759429431699642e-01,8.120091882349619317e-01,4.507641376758702578e-01,3.824604775361142295e-01,8.917201369363584318e-01,5.276657289822120900e-01,9.472940955825209786e-01,9.705624215737501670e-01,3.178305748913545781e-01,8.579435494398386375e-01,9.047687928457616158e-01,5.057916002104823061e-01,9.782813837842188054e-01,7.904921533747859552e-01,7.932248215965617133e-01,6.295398621462149347e-01,6.792880987290979000e-01,7.840954860192538289e-01,9.786339956916620952e-01,7.380551317136009315e-01,8.083504438065312048e-01,3.180742343856615695e-01,2.710664980512409450e-01,7.734225350586416692e-01,3.544799575653652390e-02,7.985010597476318583e-01,6.195106093198405883e-01,7.054511012811398585e-01,6.654434109729062685e-01,5.676023378709653677e-01,9.113543794662201103e-01,6.887558077551919622e-01,5.111618045720113246e-01,5.851065551675966869e-01,4.747691008545318336e-01,3.826815717789316951e-01,1.241710752226833359e-01,7.083560821439525146e-01,3.010686216913206481e-01,7.552066831071511110e-01,2.583935494224026685e-01,4.978131333817708004e-01,2.932022562730854029e-02,7.067354847485368685e-01,7.356110456351842020e-01,4.238892621600662824e-01,5.624549682176526177e-01,4.464112175422479400e-01
7.278736668205314508e-01,6.329820479798704547e-01,5.780701620953878628e-01,2.062261312908510447e-01,8.296173742854549005e-01,0.000000000000000000e+00,4.954573573487902061e-01,3.905280636839537634e-01,4.549187280958990054e-01,4.317025877244089482e-01,6.630769073520828005e-01,8.050632514640444493e-01,6.672680019423605779e-01,5.170069630802532901e-01,6.933789697030499077e-01,7.977512708373217798e-01,3.518106885562733988e-01,9.890702632278809414e-01,6.328413096560241424e-01,7.147712145774929304e-01,8.049308537702125621e-01,5.758268473646293018e-01,9.307662204161630815e-01,5.925124160123890205e-01,2.408751270226169860e-01,7.797677258346353835e-01,7.041104260976481788e-01,5.440624796155490994e-01,4.421547315998469729e-01,6.033149042306333865e-01,2.748282209753210026e-01,5.939162580513397405e-01,7.178097489822258259e-01,8.766037792153896779e-01,4.912933959010336027e-01,2.073893964612462115e-01,6.068353867664349338e-02,5.108595755164022645e-01,4.765379039418566331e-01,3.375707537888918974e-01,2.071193454592284433e-01,9.443948443322187636e-01,8.337066855470316451e-01,5.258876313728536589e-01,9.998679338370022318e-01,6.058009372767730882e-01,9.526951460046415576e-01,6.630844273223336360e-01,7.448672224056837043e-01,2.251975998444988303e-02,7.959470947382446537e-01,2.581835348847639211e-01,9.456362609578697898e-01,9.198805572222863436e-01,9.883243952156750556e-01,9.339680656712415763e-01,7.827052439951125429e-01,8.261203378654035090e-01,9.786202988352953325e-01,4.940688974255669219e-01,4.462838695886289231e-01,6.894552055162568305e-01,7.656828242491786618e-01,7.858246593618692932e-01,6.884813724853964256e-01,5.717818432384060845e-01,7.208139339098238452e-01,6.704125785339297705e-01,5.648448529932149631e-01,2.303833756109810449e-01,9.650903874245134739e-01,6.005308070834961542e-01,8.317257340454788928e-01,6.880683735265454848e-01,7.619720042637558866e-01,6.072455294519826241e-01,7.120801375563028390e-01,7.034213219216305379e-01,7.349740324435138916e-01,5.594030376047414155e-01,6.905257168061204043e-01,9.888554997574858785e-01,4.417662163877916770e-01,2.102572592588621281e-01,2.226427687360672258e-01
7.183134484371540562e-01,4.173750576079468533e-01,9.172760034271534302e-01,6.090276911667867887e-01,2.806992265725646862e-01,4.954573573487902061e-01,0.000000000000000000e+00,1.611807228353109855e-01,4.963243562788918206e-01,5.936240666110563780e-01,6.317787583757817904e-01,6.765418087603677355e-01,6.918469157504192335e-01,5.788389056453815407e-01,7.496224713567538611e-01,6.769075479217949720e-01,6.868946785410331435e-01,4.373149547463869857e-01,3.573502961133914191e-01,9.212041586860717501e-01,9.030002586225542860e-01,7.448830686517035060e-01,5.210007120455296681e-01,4.583590740693969656e-01,6.824497866798490131e-01,7.288543620160232717e-01,9.699024707848171722e-01,7.322708137218271185e-01,1.998338498335699986e-01,3.041245447353518871e-01,7.082123114229153804e-02,5.541293708018212305e-01,7.626244211563305564e-01,6.019965692346320729e-01,8.435750324740787232e-01,6.767891511894182921e-01,2.946507873670943800e-01,3.283110546748541081e-01,7.270315200668677758e-01,6.059278967532852889e-01,2.363175408261071475e-01,6.952966563098261776e-01,4.983923881798372202e-01,6.841237258890963124e-01,8.925648613205211523e-01,7.157186268060165002e-01,9.756602123451918462e-01,3.795246001959475812e-01,5.344392331127856277e-01,7.505239983639694357e-02,3.528096499233653038e-02,6.907253805618172038e-01,4.576538586368460448e-01,6.629037862010710436e-01,4.488105196103780448e-01,5.028572878039945238e-01,6.062558415291683378e-01,3.558566306943122814e-01,6.515924098777335915e-01,9.843852598084004146e-01,5.153998014318418308e-01,7.038580056866041712e-01,7.009572249734846716e-01,2.170756422218010073e-01,9.912943247615511044e-01,2.743399357626846169e-01,4.648149327527261732e-01,7.800983606568063777e-01,4.030101012099203683e-01,3.553166832602020486e-01,7.287482994309839590e-01,5.479214267916097114e-01,9.456035624615346524e-01,6.906611697521348736e-01,5.205747816274440831e-01,7.336234355648745264e-01,2.474748215323644973e-01,1.153255106621145915e-01,6.681941088599127054e-01,2.305731766307049513e-01,5.931838312887124376e-01,9.110822258806574592e-01,4.326046233850293077e-01,6.620708670485589975e-01,6.212505289160084043e-01
4.062230625794966410e-01,8.301162355918635383e-01,6.433744065332852591e-01,4.712086749743854552e-01,2.649580445534130968e-01,3.905280636839537634e-01,1.611807228353109855e-01,0.000000000000000000e+00,6.005370450131987115e-01,3.599018254305519360e-01,1.327790267870894714e-01,5.480223675176768561e-01,6.182752582744646119e-01,4.255523993352332973e-02,6.823048236007198675e-01,6.122784205013293013e-01,9.461451223017285361e-01,4.009406239908842595e-01,8.316511715474319555e-01,4.419475963485900993e-01,5.835592811689225279e-01,3.747466854525913771e-01,4.456247503097813811e-01,9.591444967292127588e-01,5.483388820499384142e-01,7.200167769394115735e-01,5.500515524954577851e-01,5.446976045017399848e-01,4.160744367060563720e-01,3.266094484989831015e-01,6.553394048586154153e-01,7.811262196030199778e-01,9.795542202003000576e-02,4.675796388811809257e-01,4.525161928281379864e-01,8.284003408578690664e-01,3.894547022160302907e-01,8.771546567317765053e-01,8.943716476163900975e-01,5.693253520393435352e-01,7.713376181276381249e-01,3.665078099143183055e-01,7.165752869838415418e-01,2.777009728639158181e-01,9.721055041434185640e-01,4.293211852013594787e-01,4.834247254180989994e-01,3.720614874742375067e-01,5.054549160900052573e-01,6.611030841152063520e-01,8.003721252866095037e-01,9.290045359905669820e-01,8.934971906124308250e-01,8.912084956361850940e-01,9.135818628802822028e-01,7.028466436286462393e-01,8.426468295047461199e-01,3.926199655373018294e-01,6.513371659851155959e-01,8.375508138850217277e-01,4.650208515665794629e-01,4.476234441086074933e-01,4.338750818691236577e-01,8.820045765836654894e-01,4.373234559503142993e-01,4.229594466653315288e-01,3.501286065447491991e-01,7.021098894847610516e-01,7.861253438170702212e-01,7.575077152943392456e-01,4.976519110273515123e-01,4.688566808583938261e-01,3.462874940194870521e-01,4.322282568354021137e-01,7.034604141155842427e-01,2.943927609347967711e-01,3.454010068894988184e-01,5.604433144390112975e-01,6.814643202216467133e-01,6.435191505559988423e-01,4.617557492844509559e-01,8.166671836021283104e-01,7.808555642112708917e-01,3.735132102258755665e-02,4.316599423017963844e-01
8.444522003494661089e-01,8.187412007454919483e-01,8.149224376863691832e-01,5.185195685662262743e-01,5.696573647192394452e-01,4.549187280958990054e-01,4.963243562788918206e-01,6.005370450131987115e-01,0.000000000000000000e+00,3.451241660108598230e-01,6.935780886809980172e-01,6.151181489698569482e-01,6.280601683426327853e-01,7.454784552315286694e-01,2.370224673375836699e-01,5.673429184663669744e-01,8.897369899884537414e-01,9.632210150587606767e-01,4.227923833665498399e-01,8.259446767833755754e-01,2.957852287003843728e-01,5.626539701489201573e-01,6.605784583819456213e-01,8.832085386988913767e-01,-2.871971484011970333e-02,3.782956874160154359e-01,8.359755226445060305e-01,9.864073329141578306e-01,7.969964332343022484e-01,9.083835977968007791e-01,4.182331622445847885e-01,5.836435000948745344e-01,6.849828596266078762e-01,8.868813041716142598e-01,3.188340021641742350e-01,6.576011140404767197e-01,4.788388991557897545e-01,5.319106405949496352e-01,6.464894327921293371e-01,8.552429469175787391e-01,7.596667048448414450e-01,7.710371628976673275e-01,9.603220166916803802e-01,4.028881760531120571e-01,9.914984759370917278e-01,9.158538063274818120e-01,5.140096010264746385e-01,5.817391626053834974e-01,4.680387874315461993e-01,-1.358255914048289714e-02,6.479790283418314090e-01,8.174498163938495043e-01,6.798075259547047278e-01,9.436983350422477601e-01,9.100902669210692020e-01,4.227259481279040942e-01,7.249589239026772436e-01,8.187832926396019229e-01,8.256317120055534087e-01,-4.499020700080835766e-02,2.151175465443215251e-01,6.282760843412320551e-01,7.441464968162483373e-01,8.937225547288237815e-01,6.132132811566644026e-01,4.348552548595035483e-01,3.845007011597149083e-01,5.521183124756492422e-01,8.584761190080247850e-02,6.348648322215482143e-01,6.517721038681816292e-01,4.117219091754747429e-01,6.284824707540231925e-01,7.987505528882460348e-01,8.712775189305865808e-01,5.355264011523878098e-01,7.838001896438201443e-01,7.003123625165195154e-01,3.334581524821307319e-01,5.124385715099876171e-01,2.439191409970282165e-01,9.659151515380394182e-01,9.875488638741414249e-01,6.396822686701939542e-01,7.603245888200971248e-01
3.577565068064775256e-01,8.174516183160075444e-01,5.262283833435645874e-01,6.793052853598112728e-01,8.488170479821205427e-01,4.317025877244089482e-01,5.936240666110563780e-01,3.599018254305519360e-01,3.451241660108598230e-01,0.000000000000000000e+00,7.790344999596410247e-01,9.184479543881983732e-01,7.507601688626046599e-01,8.448322996944478414e-01,2.548907332806667481e-01,7.019265393396939556e-01,6.220857642967688728e-01,4.286414284114088424e-01,8.362138690647772377e-01,1.622232695616063203e-01,9.900329795600588678e-01,7.550122833555117374e-01,4.361403616553860552e-01,8.969477375491362592e-01,1.951944994253215493e-01,6.084547857654333258e-01,7.893768459263742487e-01,9.689330952847635681e-01,4.907065798726878980e-01,3.902600140767192860e-01,2.206058644956877257e-01,4.477967306044092766e-01,9.967149440503652036e-01,4.960692247959981316e-01,9.265576083989908174e-01,5.351193320880717197e-01,-1.573981588275906174e-01,6.024526228793082305e-01,9.427273263610498333e-01,7.870276885904775588e-01,6.775286548060666103e-01,9.908389265153798586e-01,7.605663031402229990e-01,5.003802230887655078e-01,8.507232334933338969e-01,5.622342130531696736e-01,7.814841319447565215e-01,4.580223655054806997e-01,3.404423755153372366e-01,7.088689738548266117e-01,7.447488087326116224e-01,2.342786563054342630e-01,8.574706874655778632e-01,6.200467294204750068e-01,8.593986011185146268e-01,5.155106175242726296e-01,5.357295463401925417e-01,6.698494336133586913e-01,5.156893383314433699e-01,5.960840749038580633e-01,6.051825175238462196e-01,6.659779192118204794e-01,4.796326131326933417e-01,2.278799299870039874e-01,8.084913239525122197e-01,5.301355397481097853e-01,8.068375237858478322e-01,8.963353755654768218e-01,3.589985038541388951e-01,7.215629896346051897e-01,9.960086098502831664e-01,9.196544163020500262e-01,6.977734944173226150e-01,2.624484750678386380e-01,4.147555268302137721e-01,3.259109832141149354e-01,4.186434151158066053e-01,5.518720998713675385e-01,8.278186628684248635e-03,7.072160563199582084e-01,9.240863466901318990e-01,9.387469956306223606e-01,8.811057661342400760e-01,7.099531698994528961e-01,9.249092919278993907e-01
9.607596351492944109e-01,2.610470041174123290e-01,8.219568052578850592e-01,6.661666645468395931e-01,9.832771186397528673e-01,6.630769073520828005e-01,6.317787583757817904e-01,1.327790267870894714e-01,6.935780886809980172e-01,7.790344999596410247e-01,0.000000000000000000e+00,8.963616193132103449e-01,6.148851289917572904e-01,7.324707005011392713e-01,2.947123456081546244e-01,5.595895927638900869e-01,2.701227759304125065e-01,6.216805190978956785e-01,8.763020817707705135e-01,3.896772726018140620e-01,8.066700930245883638e-01,4.832566871527571584e-01,6.870976737503137199e-01,9.050817714457420893e-01,9.680258775845376196e-01,8.294178484118720496e-01,4.878955436981646243e-01,9.243481213069383307e-01,2.521483706778198108e-01,5.257439847543641243e-01,2.018280887519264266e-01,7.870854465521589516e-01,7.878887334399483633e-01,2.302917577504531577e-01,4.107625999066484845e-01,7.973561096548733573e-01,2.384932372167423292e-02,6.530992420895559425e-01,6.437851901616040706e-01,8.499389728661042032e-01,6.955385954739415899e-01,9.284691898825031542e-01,9.529635369192134275e-01,4.745575691448115641e-01,9.203066662494859829e-01,9.137429003262425020e-01,6.819580173526142985e-01,6.182895353445089226e-01,4.602149708830505781e-01,1.744651481243272850e-01,4.206056481533160807e-01,8.229828372561698302e-01,7.066676265159683723e-01,9.169089211317416055e-01,8.507589818769559775e-01,9.907727059936208835e-01,6.351019230662346970e-01,8.342949099863732343e-01,7.825093897545336574e-01,3.853628611010195826e-01,9.875961976176758084e-01,9.659011372676419294e-01,4.721496564818781771e-01,9.968767000871281425e-01,6.326291124918693720e-01,2.349567139427157503e-01,7.435126299677193851e-01,9.694620338532133896e-01,7.367644814112807028e-01,7.046854802322948252e-01,6.374040950159302055e-01,6.155354552464652462e-01,2.540852290866435492e-01,7.341608566925814650e-01,7.701538691335566567e-01,9.084413230468132427e-01,9.063992221383141423e-01,7.434358618895515747e-01,7.554852960877981305e-01,1.878751779877783912e-01,8.930307696570070064e-01,9.519343984369954548e-01,9.867407970866921563e-01,3.187900067533824267e-01,8.756989965560186828e-01
7.646188098100498154e-01,4.828200348438892453e-01,3.705495671930626456e-01,9.180365353537139894e-01,7.595414367845134684e-01,8.050632514640444493e-01,6.765418087603677355e-01,5.480223675176768561e-01,6.151181489698569482e-01,9.184479543881983732e-01,8.963616193132103449e-01,0.000000000000000000e+00,4.588368462547934845e-01,7.019652694178282193e-01,9.753710937824002780e-01,6.469304795460628643e-01,8.098746700876497950e-01,4.925912346345564519e-01,7.234671487053238037e-01,6.875762157197198299e-01,9.028290479073707298e-01,6.037104643020146932e-01,7.691365418730814474e-01,5.994742202714424817e-01,5.941232011170429761e-01,7.577318707376166085e-01,9.786569395315860564e-01,4.235070558750608782e-01,3.596121303653160295e-01,4.764028819605012899e-01,4.328308384708404732e-01,2.009323133475028611e-01,7.116899331669068740e-01,6.508998705754761582e-01,9.919544780112921067e-01,3.939353977624201475e-01,2.158501091928533566e-01,7.151862762966852971e-01,7.269347981326745867e-01,8.743231557507309404e-01,3.040419796617734871e-01,7.937290287515688103e-01,9.194282386044496658e-01,8.501256986129523963e-01,6.182335754699158636e-01,6.274207825628748125e-01,2.557409148989683856e-01,8.910610894861997755e-01,6.749980711228217301e-01,6.121158263983721426e-01,5.521343104301263960e-01,6.754826667365328996e-01,7.904239499966800864e-01,2.028654711475907368e-01,8.189143619889565073e-01,8.664854949890592462e-01,8.402382735102366107e-01,7.751724672179662878e-01,8.137755241722528510e-01,-1.157472972051695331e-01,3.616835087610225097e-01,9.406711743021984873e-01,4.105491096256861927e-01,6.871309483772103377e-01,8.665723922223296238e-01,4.176150345044993446e-03,7.029548186721439329e-01,7.690133584254874588e-01,7.440140983333745073e-01,7.271010855289756769e-01,8.733142647645478762e-01,5.476496443050481444e-01,-1.137715130742769643e-02,3.795280663531931387e-01,5.316604541068694623e-01,2.983616605222870199e-01,8.855406756187443884e-01,5.618594686707839569e-01,1.600117492617478959e-02,6.739065282828794468e-01,6.104728416030020810e-01,9.857342105221954531e-01,7.603973723839807519e-01,7.313216864001669260e-01,9.856485904975982315e-01
5.120952030064591654e-01,7.803452600337361655e-01,8.557062245927911093e-01,9.390630242675110928e-01,9.538035911230943187e-01,6.672680019423605779e-01,6.918469157504192335e-01,6.182752582744646119e-01,6.280601683426327853e-01,7.507601688626046599e-01,6.148851289917572904e-01,4.588368462547934845e-01,0.000000000000000000e+00,6.161722102056452766e-01,5.771673560583758800e-01,6.056719853707124290e-01,9.396529294938086307e-01,6.695169355778753939e-01,6.737558664065517178e-01,8.449616250332475653e-01,7.653932470892265139e-01,7.358649779309804906e-01,8.862492848865226591e-01,8.316455771290891530e-01,7.478412114271070221e-01,4.543552740336627704e-01,5.140426549477224993e-01,6.792528766806068541e-01,6.012965280284353620e-01,4.486334542653338531e-01,2.084481670205041159e-01,6.551759697810640715e-01,7.486860286117342778e-01,6.334221082100696121e-01,6.957108525776478647e-01,7.403182086026660613e-01,5.327788816711709341e-01,7.789681301427682225e-01,8.109914935999467112e-01,7.791211279043439575e-01,4.480275415172282893e-01,6.135770309874664097e-01,9.081125025411529439e-01,7.870221822677117007e-01,9.695349711590180997e-01,9.143307001192186867e-01,6.011293392610763675e-01,8.271075710920223756e-01,8.020730059857570371e-01,7.369018351764694552e-01,6.491684429132817957e-01,5.393140459532266284e-01,9.945042456599070269e-01,8.380223272953990499e-01,9.181059993481736070e-01,5.028784727576633973e-01,4.080585272204030334e-01,9.462050710578565615e-01,8.100129051884870091e-01,3.000353346797718923e-01,5.948482235480094804e-01,5.191374379985043142e-01,8.999658128678523772e-01,7.479879528481500062e-01,2.986925242442343698e-01,7.183968390442391216e-01,6.229077482224040230e-01,9.722028151156842934e-01,5.766719408036494743e-01,9.501354846929884745e-01,7.626323965036920782e-01,9.320464726881216855e-01,3.868658070417960865e-02,5.672726500048006493e-01,5.046938569553229836e-01,8.927935130125969065e-01,5.633841616412277320e-01,9.382749129416145806e-01,2.287605666405308491e-01,4.479560159565129651e-01,7.877053860150705633e-01,9.285239589358431633e-01,9.537645368166726145e-01,-1.354654108785416367e-01,6.888713847561110937e-01
8.352195379783260432e-01,6.136000959817162759e-01,9.698610805277720903e-01,8.215561837508369436e-01,1.456795143831379757e-01,5.170069630802532901e-01,5.788389056453815407e-01,4.255523993352332973e-02,7.454784552315286694e-01,8.448322996944478414e-01,7.324707005011392713e-01,7.019652694178282193e-01,6.161722102056452766e-01,0.000000000000000000e+00,8.670765910908808660e-01,4.501614450402319778e-01,6.669797402674246811e-01,8.330215823458582136e-01,7.714505856357821711e-01,8.760295821479642253e-01,7.709889726930827525e-01,9.533289006413078193e-01,2.123256281911372612e-01,5.126496796043398252e-01,7.710529780638298858e-01,7.139861053795919510e-01,7.976481208467380846e-01,6.638866069192487229e-01,2.338718809648235586e-01,2.774633456710791091e-01,2.957741036687955294e-01,7.735859966192486503e-01,6.697467916402202182e-01,9.367134464749800049e-01,7.596749822470629798e-01,2.568635903181100688e-01,4.294353985278227537e-01,5.397532166822492927e-01,4.633111129580638754e-01,7.087214744769173569e-01,5.990999078112646536e-01,7.036280997248052227e-01,8.300202160521950034e-01,5.864428525161839989e-01,9.359023821691061507e-01,5.277070560530207066e-01,6.680709739961028237e-01,5.111451012978348585e-01,9.191818086974181679e-01,6.059624329537810494e-01,5.497115864346311387e-01,7.345832290000504639e-01,4.513882999805822194e-01,8.414110994913821528e-01,7.527368110781040844e-01,8.407883092423755755e-01,2.574019432262621976e-01,8.961904689333907159e-01,8.031321975994187845e-01,5.129850938807495320e-01,5.852665988812253417e-01,2.967715391787043022e-01,2.098913930458106980e-01,6.709707970820456557e-01,9.899538547840995850e-01,8.122130922147060561e-01,9.830680802217239833e-01,6.646611163814549750e-01,6.691906014845252493e-01,5.008150232743155961e-01,9.744567166417181792e-01,2.960560671720250392e-01,4.605903671509030128e-01,5.238378592880885698e-01,7.818857075007618063e-01,6.747798418790371677e-01,2.598774124007956488e-01,8.814477413251367022e-01,9.913629184235613900e-01,5.079570476201703544e-01,4.938881173038677797e-01,5.777280549970974510e-01,8.925476728073113986e-01,7.795277222717091892e-01,9.664440107184039119e-01
7.782147545690842882e-01,6.963163979220565736e-01,7.882641879264200568e-01,6.901304159436764118e-01,5.929840746367950333e-01,6.933789697030499077e-01,7.496224713567538611e-01,6.823048236007198675e-01,2.370224673375836699e-01,2.548907332806667481e-01,2.947123456081546244e-01,9.753710937824002780e-01,5.771673560583758800e-01,8.670765910908808660e-01,0.000000000000000000e+00,4.107596232973392270e-01,8.655354616011778912e-01,6.778146065872433512e-01,8.796522153127104282e-01,6.026377698168112751e-01,4.381680313091777523e-01,7.116839041960624224e-01,7.899706178930243627e-01,4.852771810380337447e-01,7.054071930051797334e-01,3.805558177817552901e-01,8.038572973385282872e-01,6.162834088661576226e-01,5.116067417466035883e-01,3.432844084840146470e-01,2.372440712917225081e-01,7.386626674545548887e-01,7.363053264779484408e-01,7.529696644248573545e-01,7.103398260894744527e-03,3.567192563870441036e-01,3.322218285128910598e-01,7.753096091984114091e-01,9.300657833221435133e-01,6.762265627448127425e-01,5.999115890537797258e-01,2.492724727991943723e-01,9.848208001052103366e-01,9.678356375957558599e-01,6.319101216116465025e-01,5.152240780562615807e-01,6.794594876496220515e-01,9.883159126267148098e-01,5.429829561843982910e-01,6.108882877399931521e-01,1.993615325020199891e-01,6.349658072220376592e-01,9.906498578074136585e-01,7.956689367163662929e-01,9.108552470640817189e-01,4.284728219332135657e-01,5.275890883199487735e-01,3.956657880427842944e-01,9.885469267223396805e-01,4.367921237441239612e-01,5.146654111857905667e-01,7.186195931865777542e-01,5.531906720341680517e-01,9.157173135657553642e-01,4.472719655824617946e-01,5.671622086099449289e-01,5.189018830947847993e-01,7.253573533600907730e-01,9.005220681961760842e-01,2.350755467031611090e-01,6.834574345124270200e-01,6.007277954556631272e-01,2.689278340696208414e-01,2.016950267269278230e-01,8.747413756135241636e-01,7.955674173286102491e-01,7.975947846430686550e-01,7.283193640398526458e-01,4.491494026064636325e-01,4.452357719910492451e-01,7.451822442636009125e-01,6.035829553830424077e-01,7.431326180402786363e-01,7.643807125721646667e-01,6.371170801236778480e-01
9.283280528437167778e-01,9.802762144613531570e-01,8.565704448616136002e-01,4.544014037945988127e-01,6.779446668876483173e-01,7.977512708373217798e-01,6.769075479217949720e-01,6.122784205013293013e-01,5.673429184663669744e-01,7.019265393396939556e-01,5.595895927638900869e-01,6.469304795460628643e-01,6.056719853707124290e-01,4.501614450402319778e-01,4.107596232973392270e-01,0.000000000000000000e+00,5.246526328210560086e-01,7.915045709634219717e-01,8.718014673227645339e-01,9.535241239130167745e-01,6.379496858814328597e-01,7.224417925414554631e-01,6.587505680031039423e-01,7.785627991778979462e-01,4.805329686096336816e-01,5.037336664743601311e-01,7.835029712678370784e-01,8.992540004260548558e-01,4.730656820364942949e-01,7.610497462304544047e-01,7.643871567913416154e-01,5.949781412348370546e-01,6.124639450056512668e-01,7.897585955305983507e-01,4.738983596772567974e-01,9.897306698289103366e-01,1.609995325093054389e-02,6.814939090371091579e-01,6.744399866625290230e-01,6.762242239351732298e-01,7.415729590224759971e-01,9.199960126360768875e-01,8.627617952613231278e-01,5.734262685453359598e-01,9.436666530704147515e-01,9.243902079599324306e-01,7.342320180885770764e-01,9.028808044374511121e-01,-1.068991374235550573e-01,5.208462156010770228e-01,5.892174000349119645e-01,9.817864232769833999e-01,8.835310721658701238e-01,9.856591420225395694e-01,5.396057965920677546e-01,8.664333539784633276e-01,6.279141005488358962e-01,8.084971627890464863e-01,7.549267578236075193e-01,2.585437439359085099e-01,8.011172851061931777e-02,9.185557870513882950e-02,9.500840195422812773e-01,8.343428319350117972e-01,8.656420947341697536e-01,6.737342774353459740e-01,7.277906264911652157e-01,9.020719571250279678e-01,6.108530487443376567e-01,5.514534518747649106e-01,7.471102907216038425e-01,7.120668219158149403e-01,6.728789244718645923e-01,4.933088318614672341e-01,7.427313892933922190e-01,9.822155720220091535e-01,7.118977564339258324e-01,9.163525971788666347e-01,5.156928936209269621e-01,5.254700266008701659e-01,7.479075246593142046e-01,5.184787768805834141e-01,7.469933451457508866e-01,6.412646446806667955e-01,7.433205398788240714e-01
8.187247299913369414e-01,9.241279169298494134e-01,6.683181858608251424e-01,6.388084459406037086e-01,8.076053630601588429e-01,3.518106885562733988e-01,6.868946785410331435e-01,9.461451223017285361e-01,8.897369899884537414e-01,6.220857642967688728e-01,2.701227759304125065e-01,8.098746700876497950e-01,9.396529294938086307e-01,6.669797402674246811e-01,8.655354616011778912e-01,5.246526328210560086e-01,0.000000000000000000e+00,7.890511654536319641e-01,8.627218711895930925e-01,9.290121497764481928e-01,8.333548813232604102e-01,7.418259253294029465e-01,9.051541884399424420e-01,9.096427130068396316e-01,5.146920312232998729e-01,9.413695794078885681e-01,9.289981297500807811e-01,6.136667602042077396e-01,1.093097176969453077e-01,5.417134793813860316e-01,2.355317743925774421e-01,6.906805578234284093e-01,6.139061918695228881e-01,6.087368536970917399e-01,5.824922244552009909e-01,2.467402549963236547e-01,3.648704168472274856e-01,8.751563944633240499e-01,5.498511572467140729e-01,5.203411868203705604e-01,4.878957299721225493e-01,8.539614085688576051e-01,9.182520606353055115e-01,9.524854256456586343e-01,8.614353504936271833e-01,8.108836820451633676e-01,6.912241982644116156e-01,2.958470262530111805e-01,5.253350531382304789e-01,5.867997646822619151e-01,6.754499692298856495e-01,7.976373239416475469e-01,7.671943842672651614e-01,7.516729265870163434e-01,6.055288281151165464e-01,9.292030189966992149e-01,4.674884095139083540e-01,8.763357107231989351e-01,7.964997662365378428e-01,7.830655930357276473e-01,4.061566566726297900e-01,8.044805389063065526e-01,7.276828377725947927e-01,8.570425097317250218e-01,3.042508231631304780e-02,6.598302406992564428e-01,5.972970762574160153e-01,9.405110195692272246e-01,6.504948466061115653e-01,7.473039205389211403e-01,5.280227569730175929e-01,8.836142738790488949e-01,7.408747672776233584e-01,3.739351276396140067e-01,6.262661955868915609e-01,8.267452198802194285e-01,2.325080082968660755e-01,7.531019877896862891e-01,1.593090459674044446e-01,2.239168566762018142e-01,7.603406856000824998e-01,9.880846162276675226e-01,8.308688131819158551e-01,7.156973060852080959e-01,9.463743614131284732e-01
5.840167235393058931e-01,8.002055596360010403e-01,9.780415025225916992e-01,8.488956112035938029e-01,7.672786287558133189e-01,9.890702632278809414e-01,4.373149547463869857e-01,4.009406239908842595e-01,9.632210150587606767e-01,4.286414284114088424e-01,6.216805190978956785e-01,4.925912346345564519e-01,6.695169355778753939e-01,8.330215823458582136e-01,6.778146065872433512e-01,7.915045709634219717e-01,7.890511654536319641e-01,0.000000000000000000e+00,8.267939260648409228e-01,6.404791484236268539e-01,9.222002590075686346e-01,4.536788791475079852e-01,4.793422544276736974e-01,6.547937514023407513e-01,5.732674557393470094e-01,5.401165943148470427e-01,6.465676481528886965e-01,2.035696871295826771e-01,4.164678034342402246e-01,4.972158447856011576e-01,2.810569367156215415e-01,6.856219409656169050e-01,6.305606955398953550e-01,6.336984673763259579e-01,3.061081985731282651e-01,6.168315604590037804e-01,5.517855790026761076e-01,6.635988554519838267e-01,2.086534436161779082e-01,4.749467182892926909e-01,4.410298160707590287e-01,7.344363278917106497e-01,9.914552475458506819e-01,8.373136182011995388e-01,9.658123988652252967e-01,8.523808729744448698e-01,5.734706335401833499e-01,5.283848786045841628e-01,3.236312802583273251e-01,7.999106536048721239e-01,2.240187283181347688e-01,7.265818153573530003e-01,6.215285102330052602e-01,6.645667979451033158e-01,6.884879649946434865e-01,3.696859625885785539e-01,9.853591902130826030e-01,9.698201216942478053e-01,4.308690585735067691e-01,6.356505461642725230e-01,4.558713214632252320e-01,2.648802451561168558e-01,8.221613546397654737e-01,9.403711626669719603e-01,9.021276272261882223e-01,6.674312460836610006e-01,9.874300106080200479e-01,6.533698648120386254e-01,3.429243316924109886e-01,6.984076586078549198e-01,9.297698024756175794e-01,9.903153299119040742e-01,2.481238780174555569e-01,3.557233969989871403e-01,5.140096471135048306e-01,5.426731610143791240e-01,9.540703363700915318e-01,3.841007968412126217e-01,2.556803735272925593e-01,3.628726615885228268e-01,6.884925786509351608e-01,7.524694396997670953e-01,8.144741121246078519e-01,8.706228378679981006e-01,7.073490888650456609e-01
