0.000000000000000000e+00,3.447266913121433962e-01,9.839488816105522728e-01,6.269772824807395839e-01,8.630279082067422447e-01,7.508799314444003503e-01,7.662848735250583632e-01,6.652826823345231455e-01,9.494188258562530347e-01,6.880540447439795759e-01,5.431781115809932725e-01,7.332241655212584641e-01,9.144868690013047141e-01,4.625391226595592098e-01,7.663020525633259528e-01,8.094378221160890563e-01,8.082021310070254261e-01,8.803721341847681181e-01,7.114902672866080247e-01,2.530531040784034236e-01,8.791770974615382706e-01,1.182422170373050724e-01,6.250894724529805213e-01,5.277780689082649523e-01,6.015047937735247263e-01,7.612757386559085848e-01,6.461613128769980730e-01,7.622030648744311243e-01,2.091292141524319151e-02,4.760082147140929365e-01,4.812551416950598959e-01,2.359052715117008481e-01,7.322031558592655420e-01,8.015630739019122819e-01,9.845525738955646089e-01,6.632506006984452140e-01,-8.901064005674269586e-02,8.586456850823622755e-01,3.517820964362339264e-01,9.927358376640023074e-01,3.164344324418936760e-01,8.571586103130951484e-01,6.287948854243721186e-01,7.544608787610300737e-01,7.794564870654635547e-01,8.745817895076554160e-01,5.281389293474726410e-01,9.116406525841608266e-01,9.067080963797761184e-01,4.578943225310646015e-01,8.490002152627560417e-01,5.958333766434963374e-01,3.936311716278476647e-01,8.237372179765632962e-01,9.018614636438707644e-01,9.502007852104279451e-01,9.164692839755698150e-01,8.874360268714359679e-01,9.448703550888177816e-01,7.651071182666069337e-01,6.205339059895015330e-01,8.018589000984270854e-01,5.692282244901784027e-01,6.167814975589520632e-01,4.885699459960351487e-01,6.914837432585831944e-01,6.452792524828974141e-01,9.698245969771885910e-01,7.161493793490508741e-01,7.401258649082657071e-01,9.194857229222812567e-01,4.555573598765623455e-02,4.892077511567602399e-01,4.509668023143225679e-01,5.173281707628617498e-01,8.685054323058009063e-01,8.559760112694118073e-01,3.813421326945036216e-01,9.694128190201216633e-01,4.902846603252015711e-01,9.001890923839359626e-01,9.156542563283721625e-01,9.654818107132659977e-01,5.851080230565620655e-01,1.499295237280045545e-01
3.447266913121433962e-01,0.000000000000000000e+00,7.381124818977164992e-01,4.859988652124906938e-01,9.150057283531084495e-01,8.224496250268030773e-01,3.635279480339503877e-01,7.027221708436955927e-01,5.862818855658946671e-01,7.293414926036213553e-01,2.367910622752286698e-01,7.320876632320534316e-01,8.381381951045090428e-01,1.251289605696616902e-01,4.036868892313811297e-01,1.135533505990694164e-01,6.783190925985664865e-01,7.848723784022647587e-01,8.851975514480207030e-01,8.739388539153184476e-01,9.084006618937212618e-01,8.118883417642727141e-01,5.374592782315407158e-01,7.920267521493662422e-01,8.387901529945107626e-01,7.395568504355530814e-01,2.754259001253311356e-01,6.298229040414263791e-01,5.025409518526793295e-01,3.331606102341728159e-01,7.630860189156174478e-02,4.210408704268892022e-01,5.035076104460487478e-01,7.385597964063244092e-01,4.841840897017463119e-01,6.069791808700509828e-01,4.378386251244263949e-01,5.693459991354082872e-01,9.784293834583778215e-01,8.363161764664391873e-01,6.550539642546230334e-01,9.783988869947242428e-02,8.773574371422957485e-01,9.898643267863751483e-01,7.029181410070460823e-01,9.575381354722891647e-01,7.762743295949328104e-01,8.334652008275061918e-01,8.115142921064043557e-01,7.688408795055712286e-01,3.853585552897087485e-01,5.520593589513668187e-01,8.180258006927310088e-01,9.591069941431683565e-01,5.337831483689623457e-01,9.754291360578719594e-01,6.750049498170114237e-01,8.094091150431571569e-01,7.882999215272401550e-01,5.153598336802313051e-01,7.276405554269091969e-01,6.166563455823484974e-01,9.631971304813216062e-01,6.425544179846318649e-01,7.023249358782654994e-01,1.426948852488640340e-01,9.867695969952141599e-01,6.518639774405184939e-01,5.318762237015143279e-01,9.999993342452494494e-01,6.838174690636128483e-01,4.308417084871023484e-01,9.126841930655110735e-01,7.381708978833763368e-02,5.025183683802681989e-01,8.099818211761519171e-01,9.897427712961681667e-01,6.115530432627444002e-01,4.941217282145999867e-01,1.323267010640112873e-01,3.102368776133236916e-01,7.796908208526855955e-01,9.379460860338366679e-01,3.128306911154919989e-01,7.248354628934613464e-01
9.839488816105522728e-01,7.381124818977164992e-01,0.000000000000000000e+00,9.966452462935959655e-01,7.612318629433779682e-01,9.422922779006360772e-01,6.500676849306377125e-01,6.642296633091917535e-01,7.364707240673159516e-01,6.519330943174503901e-01,9.652891413366232465e-01,7.519364544171518450e-01,9.749000079547556208e-01,4.177536236051178076e-01,6.043936564094577468e-01,8.351779948165822809e-01,8.880715161117995748e-01,8.735735385396544705e-01,6.327461254493904619e-01,9.041542738284701342e-01,8.405885090909606117e-01,6.219179586524308245e-01,8.861863619464803721e-01,4.227237288585094510e-01,9.969319804509555460e-01,6.499223558433978587e-01,8.350187585564983195e-01,9.764044112226245575e-01,9.006390812535847168e-01,6.584704891622459311e-01,8.463956787105056390e-02,6.891468828956460735e-01,7.178222697794763851e-01,9.420024998266659511e-01,9.794183475411080142e-01,6.590219554890850429e-01,3.246826431740919006e-01,9.307952803739052428e-01,9.866127737907319784e-01,6.110531336446737294e-01,5.118300768848480509e-01,6.854185611573390124e-01,9.687492278170857229e-01,8.954749856001014141e-01,9.108044571322101435e-01,9.029270517911085481e-01,8.731237076634413841e-01,8.619793880438992861e-01,8.765282389177244671e-01,9.845061184715998559e-01,6.224019670111049507e-01,8.868876806201649865e-01,9.897224273144711315e-01,6.512935667546801977e-01,9.364322162414984163e-01,2.603914806467763077e-01,9.276071695221055347e-01,7.942178742344210285e-01,7.092554356603690824e-01,4.591325481898551053e-01,6.763066811577173043e-01,6.838266158095397396e-01,7.223012862300839387e-01,9.610343011083626319e-01,7.232511334880253884e-01,8.304086584384899883e-01,7.449576026716285826e-01,9.450980797740682338e-01,2.858456509541709156e-01,9.773827694906109809e-01,4.913376183701023692e-01,6.965148558364357978e-01,9.172813644541136791e-01,4.229982077646060601e-01,7.599465405446856892e-01,8.180485733039347673e-01,8.647793353253090398e-01,9.939662768889512279e-01,1.195040017036617108e-01,9.234939247863059586e-02,2.469932894150733138e-01,2.942868669330996334e-01,8.988767553487426731e-01,8.429209592737882950e-01,9.368405349627588752e-01
6.269772824807395839e-01,4.859988652124906938e-01,9.966452462935959655e-01,0.000000000000000000e+00,6.315825085364190628e-01,9.693389007742062580e-01,5.252062519586931932e-01,3.073254262517094992e-01,6.607944783781688480e-01,7.057199275145228379e-01,7.408183444918696736e-01,8.896398122055471092e-01,7.819961142818213640e-01,8.419996951527973783e-01,7.394651759054700069e-01,5.724016129136209052e-01,7.941047244452643650e-01,4.253119273487970253e-01,2.760999174662089883e-01,9.171581456181023828e-01,4.992286997039685481e-01,9.435047099885698341e-01,7.688191790868341702e-01,9.730086379932085805e-01,4.340955973969086168e-01,7.006538484093121077e-01,9.202256390230961758e-01,8.941684070802229378e-01,4.934236171393392434e-01,6.996099051125496127e-01,3.236268949679493301e-01,4.352805658340797024e-01,6.431756498922631682e-01,5.531907833220908177e-01,2.985815503746500760e-02,1.212562275749779622e-01,4.058641621028070690e-01,8.900886587902628877e-01,7.843564396706281805e-01,7.086116014058571055e-01,4.967658036750578487e-01,4.569540395151767687e-01,7.552042138953419803e-01,3.507406941014231672e-01,9.780599690540591196e-01,6.493492023060274398e-01,7.468559826626098852e-01,7.595921682835491406e-01,7.097596635160565715e-01,8.927534437146897872e-01,8.800693380738057181e-01,9.993529816211781380e-01,5.575479368080820120e-01,6.169023722170552393e-01,7.144598597169671272e-01,4.299273646527889126e-01,8.138835458049316074e-01,9.549327156897321478e-01,6.370953697953641859e-01,6.160631985809466027e-01,7.816551380513859781e-01,7.473644850429750353e-01,4.684534365182328464e-01,7.664763243966199457e-01,6.074590978013191256e-01,8.751529972489022757e-01,9.996488638490836909e-01,8.469926279823551951e-01,6.339276314852867467e-01,6.670455781686732699e-01,3.215701137440076796e-01,5.598152032576361181e-01,4.302641310108852313e-01,6.429813996309581281e-01,6.736421319105733163e-01,6.369973398477368765e-01,7.553598722853971381e-01,5.357972685077605490e-01,3.977083607455814684e-01,5.201206993314824167e-01,4.825356535875036657e-01,4.756382977866625561e-01,1.230331277043443874e-02,8.799727964382340062e-01,8.220742353612541242e-01
8.630279082067422447e-01,9.150057283531084495e-01,7.612318629433779682e-01,6.315825085364190628e-01,0.000000000000000000e+00,4.310172291568881153e-01,6.691238815941825679e-01,6.373854816844175541e-01,7.538690856970668985e-01,8.786421378893972678e-01,9.115089456541594082e-01,9.186394711432455118e-01,5.473837320473204926e-01,6.709611147569306544e-01,7.571194321972621877e-01,1.847366309721381605e-01,7.393209126760169614e-01,6.169380473094380202e-01,9.621421322753210825e-01,7.277844572653060506e-01,7.577152442225303375e-01,6.532202072145246730e-01,2.258515128728610377e-01,6.621152072083310580e-01,2.855823029495960785e-01,7.982514442840971114e-01,7.784545225596815055e-01,9.269503359356490169e-02,6.208967392746433944e-01,6.122051960761267786e-01,2.797310732271441891e-01,9.664710642706060284e-01,7.043363910748973167e-01,4.182186679664370299e-01,9.088521565222403009e-02,3.006063701630398155e-01,4.203957166523425992e-01,8.992487520385972558e-03,7.039484955465101779e-01,8.467992490586780940e-01,5.385117189237953461e-01,9.217534545075868335e-01,6.470403051984643383e-01,8.082614281120273914e-01,7.398843607168724690e-01,7.541709492070285403e-01,8.429621120177102078e-01,9.106350252792227984e-01,9.147047199886965130e-01,8.748511371814999826e-01,7.812717251085035119e-01,5.412976799657325255e-01,4.230808833366527244e-01,8.608044068723588182e-01,1.313196972259876860e-01,8.822501578677498513e-01,9.583021600332386480e-01,8.708063408323077903e-01,9.753307077970803096e-01,2.775481413724343316e-01,5.827271557927051759e-01,7.706735886848992134e-01,9.414906252452709401e-01,7.366497049585277734e-01,8.098666472902337210e-01,7.121561952037459564e-01,9.682596832886871674e-01,7.889089463015759307e-01,6.456251887757831209e-01,8.370400441283827320e-01,7.729777415068630475e-01,7.168178436147307764e-01,3.108002429726128835e-01,5.514139196911970187e-01,6.256325368716731949e-01,8.490875680278198168e-01,7.641528175879620521e-01,7.201908859501373605e-01,1.071587186757435167e-01,4.250552493993529635e-01,6.210152820657223183e-01,4.222543346152325405e-01,5.972981576017956096e-01,4.844700512689504301e-01,5.572060319128327999e-01
7.508799314444003503e-01,8.224496250268030773e-01,9.422922779006360772e-01,9.693389007742062580e-01,4.310172291568881153e-01,0.000000000000000000e+00,7.342955919948946919e-01,8.848567806833714799e-01,7.271227138369118492e-01,8.701493439010620223e-01,7.517541144463055769e-01,7.830024487788077581e-01,5.426328884769830996e-01,4.272107474959866980e-01,4.987869418953688738e-01,8.862267031537702788e-01,6.014803941929419695e-01,8.368214066321427724e-01,9.410404922581709908e-01,4.416720212542774582e-01,7.637588705146062251e-01,8.391694829861523486e-01,9.794099152732657076e-01,9.866306919536207420e-01,3.749327555770194387e-01,7.659238266787475879e-01,9.188254199928382882e-01,5.638817223989101013e-01,2.185837764273789452e-01,4.836198196278151951e-01,4.750357775040061625e-01,5.316952844391342747e-02,8.111668846172432890e-01,5.954063131290132649e-01,6.548344287714448209e-01,2.546939801859502417e-01,3.924112690871713882e-01,8.559577211649467277e-01,6.782576542040431589e-01,2.418629022875833923e-01,4.280105866045395002e-01,7.205702118123267219e-01,8.901077939855185361e-01,3.010159496532834322e-01,4.228650078305547511e-01,2.673982567362428453e-01,6.936076639395072352e-01,7.108070527265538674e-01,3.028568078418609755e-01,8.263484203779467574e-01,7.632895677837474580e-01,7.476260080003943598e-01,6.857045660392199204e-01,9.548654143600892041e-01,2.516717161891358634e-01,6.948698285920071882e-01,9.968868963242288883e-01,4.202296370460160135e-01,7.781881112319336546e-01,2.522792129747908341e-01,4.621801564679692970e-02,7.218469745419204830e-01,6.759975514485172532e-01,7.158446004914770233e-01,9.059952959477305390e-01,9.185493647580910137e-01,8.730232240905869689e-01,8.346339196455758724e-01,5.949703037423936802e-01,6.221801998625398067e-01,8.436795928421808588e-01,8.830289540899304290e-01,1.470817556373076318e-01,4.154512643324608789e-01,7.389269281916264198e-01,8.615223425707494442e-01,4.103551751765227573e-01,-1.251969777977727238e-01,7.012032281797586641e-01,7.194728497493805275e-01,4.046151906078017113e-01,9.108108099386023060e-01,8.205578159555911855e-01,8.606067668520018810e-01,7.579856961551161287e-01
7.662848735250583632e-01,3.635279480339503877e-01,6.500676849306377125e-01,5.252062519586931932e-01,6.691238815941825679e-01,7.342955919948946919e-01,0.000000000000000000e+00,6.093852919478488506e-01,5.369614294053030035e-01,2.200774073482214821e-01,7.467095603764108969e-01,5.005055350048602802e-01,7.388046829219490075e-01,4.264308956539880624e-01,9.438093601245772790e-01,6.862980291528442134e-01,7.075092460254491789e-01,7.123983114956788931e-01,7.859301855813168869e-01,6.981637258785635680e-01,7.829674999123503731e-01,5.177086887080460942e-01,7.938572251939697288e-01,6.772146305297862545e-01,4.379690215779729612e-01,4.508407441584671438e-01,7.415449948645719269e-01,6.832354040993628974e-01,2.292559630780485191e-01,6.166346930423968198e-01,1.820826608773663813e-01,6.597271665397653750e-01,2.900953791940495963e-01,2.248876342723415411e-01,6.108169480839079624e-01,1.329281185025802114e-01,5.394485988381817476e-01,7.988261864978425386e-01,4.464757967422257057e-01,8.737064793570483712e-01,6.569748236208428072e-02,7.629821213702364657e-01,8.836385545078642156e-01,6.313449475620193097e-01,8.770816646789760807e-01,7.211519476987650057e-01,7.369336120428475745e-01,1.106870665507784235e-01,2.833187964057835018e-01,6.721282004649871133e-01,9.502638305363859672e-01,6.486494719244777496e-01,5.428821945347068745e-01,3.338601629445386854e-01,5.715768382378607626e-01,3.587924230761195821e-01,1.254902706305500819e-02,8.371118382899230825e-01,4.381095386700648020e-01,7.775848248306596044e-01,5.512828346026620308e-01,6.601814019772540842e-02,4.137470481139280398e-01,9.786281263014825482e-01,8.600835673979352336e-01,6.176028306485361608e-01,5.807586787612030177e-01,9.772454144313540425e-01,7.184471490278588890e-01,4.963711737270321001e-01,5.382840545406747390e-01,5.174744985695080013e-01,4.506954527987253045e-01,7.545656291585628450e-01,3.677946563655755119e-01,2.894442994809025005e-01,6.172247683606979507e-01,5.364083732376700997e-01,3.622626304334262137e-01,5.704473819571237447e-01,1.405174768250512241e-01,7.260470211534926221e-01,4.950139831967722004e-01,7.703384852472427990e-01,9.417866429990067179e-01
6.652826823345231455e-01,7.027221708436955927e-01,6.642296633091917535e-01,3.073254262517094992e-01,6.373854816844175541e-01,8.848567806833714799e-01,6.093852919478488506e-01,0.000000000000000000e+00,6.835901232588499354e-01,4.844356752029735924e-01,9.737683621623203223e-01,6.509287652799571333e-01,7.835769454443755055e-01,3.787340213554090118e-01,9.832640132819273626e-01,7.958723571456369772e-01,4.764564758098195352e-01,6.518453511375298381e-01,5.711202591188256905e-01,6.896490579197392945e-01,7.004712759223652441e-01,3.355899820705451342e-01,6.982300757225391452e-01,7.402821350130794897e-01,5.487094173279623011e-01,4.685956664390893422e-01,4.219018722625701989e-01,7.012998088685844511e-01,4.539337922900789080e-01,6.598102476472970102e-01,4.798945533010041675e-01,6.608569138052401426e-01,5.574842236540656915e-01,5.409313495937573268e-01,5.679247422825470792e-01,6.036912011564504743e-01,6.290058547938264244e-01,6.712375610646794666e-01,4.482998752225719752e-01,4.250742994175622513e-01,4.143740145400506836e-01,7.889013695340008070e-01,9.800053464591607089e-01,7.147341946786244238e-01,8.546778866338744507e-01,4.043631549618887377e-01,6.697790096554088191e-01,2.627985013996914088e-01,5.385371760670544239e-01,4.014946939146183391e-01,4.390526402000870521e-01,5.038451877498921760e-01,5.441166206792782400e-01,5.456751018136090092e-01,8.667146253108475307e-01,9.853975951039681824e-01,3.310097300045223290e-01,2.302140305602953796e-01,9.641757462581526106e-01,5.737118584830016577e-01,5.714919339768373963e-01,3.713334011884808494e-01,4.851108453118543329e-01,7.717191438389213731e-01,7.251305347720168326e-01,6.168315414113636486e-01,6.399061024594945302e-01,7.299089734807184815e-01,9.254688789103101554e-01,3.063940809205231153e-01,2.952480622958665868e-01,3.233456868957189645e-01,4.209692655896581370e-01,3.564911894585142127e-01,8.512183665241218611e-01,6.104133128854425383e-01,4.338430620758058076e-01,7.045824901653742200e-01,4.864195418076958655e-01,1.295215216818478010e-01,9.558918494988413173e-01,8.016385123392549827e-01,7.024602651710437629e-01,3.911180423119484661e-01,3.039569243215243799e-01
9.494188258562530347e-01,5.862818855658946671e-01,7.364707240673159516e-01,6.607944783781688480e-01,7.538690856970668985e-01,7.271227138369118492e-01,5.369614294053030035e-01,6.835901232588499354e-01,0.000000000000000000e+00,9.493736579048693836e-01,7.833894934114298270e-01,7.714848002152538964e-01,9.249876869580935246e-01,8.053881371895601493e-01,8.392342574541049594e-01,6.282789207396759501e-01,5.673488467492006082e-01,6.211778900719010510e-01,6.470606208549736227e-01,7.773961838071191677e-01,5.233013272982433017e-01,4.068528998891815518e-01,9.479974983824507317e-01,9.625859147155997331e-01,4.341214200833536929e-01,7.979414478024424717e-01,7.885551941568833545e-01,7.208414666404765470e-01,5.495657207093223029e-01,7.735760379736392744e-01,9.476447165422983154e-01,4.805916041635659997e-01,5.266257576346545788e-01,6.094932915226030090e-01,6.090380409313792542e-01,7.200795501256049835e-01,8.491075471041518996e-02,2.654000388175274394e-01,6.604615521287102720e-01,4.846049575983734647e-01,7.238410429798962653e-01,4.419395905858226059e-01,8.209430727751064749e-01,7.877811228281659250e-01,9.694174520543286100e-01,4.591123209319844523e-01,7.753401472520905502e-01,2.333242965423198978e-01,5.913400894865800117e-01,5.049211179871867516e-01,7.734804933614037870e-01,5.033327946065933173e-02,8.149110774467585028e-01,8.766959713186409653e-01,5.489304276898621104e-01,5.182484395228105223e-01,6.489267893085011174e-01,4.156213827950154815e-01,3.997380302085976611e-01,5.471853616544523069e-01,3.993322816973793321e-01,4.033050008219419835e-01,6.592352799400429397e-01,7.201518550113548134e-01,8.427166003690123031e-01,6.450015654202114757e-01,7.755618915108597466e-01,9.685897351393030208e-01,5.628997414388119402e-01,5.361047886159684417e-01,7.500221508352086230e-01,8.798379182932869469e-01,4.102748198117671663e-01,9.807262560215618263e-01,6.606158692252160625e-02,6.736725238354217549e-01,9.887963600026956623e-01,7.781429911869909288e-01,9.259140694717654663e-01,7.824114562795649874e-01,6.584270667768498120e-01,6.388065716294298868e-01,6.682314613881676912e-01,3.319379215436313313e-01,1.151346490530660988e-01
6.880540447439795759e-01,7.293414926036213553e-01,6.519330943174503901e-01,7.057199275145228379e-01,8.786421378893972678e-01,8.701493439010620223e-01,2.200774073482214821e-01,4.844356752029735924e-01,9.493736579048693836e-01,0.000000000000000000e+00,8.698322036737154983e-01,2.443700608566575228e-01,7.898119276747816997e-01,6.430407476169041070e-01,4.748233351541146230e-01,6.088450041122941414e-01,8.961336084296871451e-01,8.697682515508945444e-01,4.203826031593511092e-01,6.674485554944884491e-01,8.212814798394451055e-01,6.051636964205282521e-01,9.681930499208110108e-01,9.176352064838163569e-01,7.206886080421422147e-02,9.607735521932286860e-01,7.437836055448179273e-01,9.013964564356088394e-01,3.308828187858799952e-01,4.487422918350895684e-01,5.491641445870515392e-01,2.647966732181392668e-01,9.667984311817315879e-01,2.632413203504975208e-01,5.344646062871039049e-01,4.169460556774551296e-01,2.804921184203144208e-02,7.800002658834015445e-01,6.426413135047694958e-01,7.546187729371537367e-01,2.899665469701925291e-01,9.728897849773192608e-01,4.476890617483711421e-01,6.163747359133781023e-01,9.157772177110167222e-01,9.295774988129829053e-01,5.184021335017242604e-01,7.921495012011969816e-01,8.815721042058622947e-01,1.962069825792944755e-01,9.015500203803334944e-01,5.577391337260397819e-01,2.246400726413110838e-01,4.325102354010684214e-01,9.906605757262151313e-01,5.357316054089737989e-01,7.236536383316186649e-01,9.122339632614592242e-01,2.401299174009354220e-01,2.709064749282867890e-01,4.774409194954973845e-01,7.395708570547360194e-01,4.779490172250348001e-01,8.033885651307374198e-01,8.855626878450437722e-01,1.946321329264917299e-01,7.749435775036688234e-01,4.765620333475300563e-01,3.320092809677643864e-01,5.601879777789573467e-01,8.715900974229130460e-01,6.776231567884516416e-01,3.331977521302864620e-02,2.581484645019035407e-01,4.572865543256757204e-01,8.402967205237420467e-01,6.693084069113584000e-01,7.245353624136338100e-01,5.850316015962094829e-01,4.210522862505960973e-01,6.302422873569917261e-01,5.799241165798147968e-01,8.154780038663081987e-01,2.225397352066038337e-01,9.408331452170685116e-01
5.431781115809932725e-01,2.367910622752286698e-01,9.652891413366232465e-01,7.408183444918696736e-01,9.115089456541594082e-01,7.517541144463055769e-01,7.467095603764108969e-01,9.737683621623203223e-01,7.833894934114298270e-01,8.698322036737154983e-01,0.000000000000000000e+00,6.703764171537484051e-01,9.697325116500710163e-01,4.998500398582580995e-01,4.937787490011264491e-01,9.908710378595068091e-01,9.475188283730553440e-01,4.629647963132244026e-02,7.307229788621558697e-01,7.007129748893263788e-01,8.756293261100617231e-01,5.639405305416563818e-01,4.346987455611339146e-01,8.221200103478076837e-01,4.160864100772188601e-01,6.647111636898204168e-01,7.879368448862060781e-01,8.515295362047174965e-01,7.006250960642719239e-01,4.578640760219017669e-01,3.508742347906829151e-01,1.667557327195551276e-01,5.412413396097319751e-01,5.826324805648972482e-01,4.064347212510204810e-01,5.810760058396300387e-01,1.462108589259870639e-01,5.597391810794450917e-01,9.862270290771344428e-01,7.564139240714375934e-01,5.431888852232242826e-01,4.614159358221447405e-01,4.917838817180542055e-01,5.430428613726073772e-01,4.752009784921980007e-01,5.571659483695865500e-01,8.559423852377929798e-01,6.466025967441877409e-01,7.343031876492766008e-01,6.087566218801594431e-01,6.216420095329103779e-01,9.247632563492016455e-01,5.549704647831075199e-01,9.865604730861206040e-01,6.638141695227171013e-01,4.392284796591466867e-01,4.772931775696903633e-01,8.618019515780446227e-01,7.180936856265742740e-01,2.000564069779136311e-01,5.844966025685619515e-01,4.386633024460982466e-01,9.662701742117913994e-01,3.052179099219841096e-01,5.726089880539929622e-01,9.788695521908989949e-01,9.499444586614425035e-01,7.649767555209446845e-01,4.165883785983729992e-01,9.966709339633860187e-01,7.264909111322692681e-01,9.143655315383045767e-01,7.854754234747288733e-01,6.601640632927896490e-01,1.646109801095731462e-01,7.630403917339803055e-01,2.599444981497908702e-01,5.192124384138139259e-01,1.931479901804649194e-02,2.297135759526911236e-01,4.932981172694967942e-01,8.265299886335182311e-01,7.611556819178110223e-01,2.769212397143006044e-01,6.144740122028317098e-01
7.332241655212584641e-01,7.320876632320534316e-01,7.519364544171518450e-01,8.896398122055471092e-01,9.186394711432455118e-01,7.830024487788077581e-01,5.005055350048602802e-01,6.509287652799571333e-01,7.714848002152538964e-01,2.443700608566575228e-01,6.703764171537484051e-01,0.000000000000000000e+00,5.130939854606698658e-01,4.825828798080818993e-01,4.667254800054855268e-01,6.656530411290052518e-01,6.690809641401590513e-01,6.644595595754910766e-01,3.970154633654842113e-01,6.007567306154095732e-01,5.694237760444662566e-01,7.704537980022034827e-01,6.997101571596608949e-01,8.787112799816430009e-01,7.369851316072003611e-01,2.791814955472272652e-01,9.974471491196967854e-01,5.184829118093170486e-01,6.150791211466604125e-01,9.775574560893440790e-02,3.581280391534779617e-01,7.652563164941194040e-01,7.225728108055342602e-01,6.449209681257905835e-01,6.696077064877311580e-01,7.458881044905791846e-01,2.715989704670974114e-01,4.300341316763289790e-01,4.788878677154291830e-01,9.065606315883527611e-01,7.843665984927203905e-01,7.891127095728420748e-01,3.749896878108766041e-01,5.271697412987552678e-01,8.723001774883456516e-01,7.154979833886634388e-01,8.672683777442017350e-01,8.865608365964990911e-01,9.795467908267525559e-01,3.938896163031894160e-01,8.354998427742726941e-01,6.402939939681179249e-01,9.583446180923926860e-01,8.070831150278676702e-01,8.493050337031546881e-01,9.680274251880791603e-01,8.220577617116371361e-01,9.823222609145156881e-01,9.775491778796798759e-01,7.203430988934289569e-01,5.860614911820807293e-01,7.728716785597175010e-01,7.022979534730430240e-01,6.206776675188452330e-01,9.396597339704300111e-01,5.454623898987644992e-01,5.104165552922915738e-01,4.492365417007926354e-01,4.135949255114468870e-01,7.587798612747284066e-01,8.004562674184210191e-01,6.469645994724952942e-01,-1.506252958310700385e-01,6.559693153751937622e-01,5.391366181047482220e-01,2.769467652432009430e-01,8.691486414545988026e-01,8.773863831335714236e-01,2.400130200459855978e-01,1.175852837130414302e-01,4.098054701855881610e-01,8.461358930360005637e-01,7.483312760328540980e-01,5.394736992783972784e-01,7.644712260260633219e-01
9.144868690013047141e-01,8.381381951045090428e-01,9.749000079547556208e-01,7.819961142818213640e-01,5.473837320473204926e-01,5.426328884769830996e-01,7.388046829219490075e-01,7.835769454443755055e-01,9.249876869580935246e-01,7.898119276747816997e-01,9.697325116500710163e-01,5.130939854606698658e-01,0.000000000000000000e+00,9.934320447262179332e-01,7.794000825103779562e-01,9.467489301008171765e-01,8.603227262296573308e-01,8.862136597500858137e-01,9.353659177382460665e-01,9.764632869637590584e-01,5.649266740915581675e-01,7.584871267642854242e-01,4.678032355778140028e-01,4.892228991974688634e-01,3.446299748938761592e-02,6.690105729021611491e-01,6.954000980961735356e-01,2.780245706838337383e-01,7.534433781255513995e-01,5.939723128202514246e-01,2.954580735509783063e-01,3.693753100454736371e-01,9.954148367251020035e-01,7.702719268688619225e-01,2.783826322225926297e-01,8.103625656189428206e-01,6.545561289371773506e-02,6.968965225138621378e-01,2.847841804475725880e-01,9.129057649653830042e-01,4.195169575809377660e-01,6.920861409106244810e-01,6.825022200015683493e-01,6.124914879608521767e-01,7.292880777448554896e-01,9.622314499720847625e-01,7.833368133405400613e-01,4.732361390758276776e-01,8.852372992504472515e-01,5.909582226246257175e-01,8.828532454861498513e-01,3.134975287519159437e-01,7.599341019620042825e-01,9.005827040776325232e-01,4.361094045225941684e-01,6.798419372197482824e-01,7.919272880266703396e-01,8.932462511724502674e-01,7.944942611451262238e-01,6.247803762308693498e-01,8.966393924936227888e-01,6.431245258577281687e-01,7.220861276164258769e-01,7.499977514238558296e-01,9.371714454462614086e-01,6.137534985212185212e-01,6.051660075503554337e-01,6.800178445209890121e-01,6.623120055913009896e-01,9.521071979852467893e-01,9.822559617938193544e-01,6.652122182164580400e-01,2.172320486269130602e-01,7.693117832135827339e-01,6.440280170882282940e-02,8.318700466436665941e-01,6.106952335044569802e-01,9.798588758487113415e-01,5.849995306686915919e-01,5.032812978289681327e-01,5.116086207423233834e-01,6.805214643503741945e-01,6.745361548692379028e-01,4.796616946161039174e-01,8.719873672471266379e-02
4.625391226595592098e-01,1.251289605696616902e-01,4.177536236051178076e-01,8.419996951527973783e-01,6.709611147569306544e-01,4.272107474959866980e-01,4.264308956539880624e-01,3.787340213554090118e-01,8.053881371895601493e-01,6.430407476169041070e-01,4.998500398582580995e-01,4.825828798080818993e-01,9.934320447262179332e-01,0.000000000000000000e+00,5.174770761619008619e-01,8.838474456087458409e-01,6.213058829474688016e-01,6.214732048298290401e-01,5.125083071273714985e-01,3.250018905649657563e-01,9.033016150723064408e-01,6.641822915627371149e-01,7.094313805831831132e-01,9.468764484016606309e-01,9.844579372302266762e-01,6.235828114638279907e-01,4.265054731215257022e-01,9.194838904152355941e-01,5.661513827060391524e-01,5.493458385004530431e-01,4.899213160851424442e-01,6.172944535820473755e-01,6.647757690906755945e-01,6.995028501239042296e-01,5.673576202910336486e-01,-1.822288889198269979e-01,5.709563462665465661e-01,7.966668859458692076e-01,6.067479030527026529e-01,3.596113049421597041e-01,3.787860390286206247e-01,9.923494387371726289e-01,9.476440963611836299e-01,7.201352500142947921e-01,7.406643978478409940e-01,9.257943006255010543e-01,9.651339550399988809e-01,8.093670595523303479e-01,7.553375261479775560e-01,6.703059944494245137e-01,4.381539026787000246e-01,3.021087650385680390e-01,8.224432628585350846e-01,5.943099055550239429e-01,8.872543839385979014e-01,8.097467618140913315e-01,2.487977022513599701e-01,6.984631370399887462e-01,9.443671725371273196e-01,4.632387383520535917e-01,4.695053438804335233e-01,2.325994500918124042e-01,9.342024697379931464e-01,4.370360304756971126e-01,8.576946410258489140e-01,7.853920455680787338e-01,5.681835585472471140e-01,5.230202640219728805e-01,4.550572938047596216e-01,6.616232806432349456e-01,8.336985419819274989e-01,5.406050951401345506e-01,8.799077572461905250e-01,7.239393677633259028e-01,1.198880257806449745e-01,8.555411490144226860e-01,4.149418681808062503e-01,5.422173338207761928e-01,4.785088496298099958e-01,3.438862531078353824e-01,3.013591603683147824e-01,9.101911061836802652e-01,9.838224754450921594e-01,7.051227182550530159e-01,7.447856741951773829e-01
7.663020525633259528e-01,4.036868892313811297e-01,6.043936564094577468e-01,7.394651759054700069e-01,7.571194321972621877e-01,4.987869418953688738e-01,9.438093601245772790e-01,9.832640132819273626e-01,8.392342574541049594e-01,4.748233351541146230e-01,4.937787490011264491e-01,4.667254800054855268e-01,7.794000825103779562e-01,5.174770761619008619e-01,0.000000000000000000e+00,5.792258665337026713e-01,6.025039561020938406e-01,7.469630545595520310e-01,8.462917703262655689e-01,7.487381374378033749e-01,8.029264624850673826e-01,9.572847370029997638e-01,5.043416324411191809e-01,6.560354214882885282e-01,6.073167290756338321e-01,6.982719291200331080e-01,6.390295612107770307e-01,4.741846365587692458e-01,5.389648850491323140e-01,8.046465031368804643e-01,6.967883653314742576e-01,2.093256236656446667e-01,3.256337822182354680e-01,4.331407075852780064e-01,6.401761629042553858e-01,3.651690077198459505e-01,3.011115211135302339e-01,7.798192789791237312e-01,9.471936642727539768e-01,6.972494722138887768e-01,7.068789751010186029e-01,7.671072418602233878e-01,6.608883535047136437e-01,5.097995523132269335e-01,4.102141599607822542e-01,8.825573885714675937e-01,6.861142165664230186e-01,8.252064110717000078e-01,3.822376970391019868e-01,6.995111269304988832e-01,9.485416028631361574e-01,7.706374019681527798e-01,8.789930830542845852e-01,4.100893447174205342e-01,9.031947031881332189e-01,8.233344947126796098e-01,6.155448722863855471e-01,6.847980882711741657e-01,9.296225167528495703e-01,3.654466446821021952e-01,2.376648980320448801e-01,4.160567015905755062e-01,7.669343009156708302e-01,8.678726690003871758e-01,9.429519138284480073e-01,8.565996307522254494e-01,7.790087677006337641e-01,5.215523969167439322e-01,3.779027814695264942e-01,5.110182945457387715e-01,8.377877421561981119e-01,6.322591287871319743e-01,3.657420061317707694e-01,4.889742506800490163e-01,7.574700564473326736e-01,7.594610255972708002e-01,8.683317706535019775e-01,6.499755346081098617e-01,9.707608399382769981e-01,3.820179033522084766e-01,8.465317894980806113e-01,8.690187318638709080e-01,6.953536143226990429e-01,6.932574591078169979e-01,7.712558428177005432e-01
8.094378221160890563e-01,1.135533505990694164e-01,8.351779948165822809e-01,5.724016129136209052e-01,1.847366309721381605e-01,8.862267031537702788e-01,6.862980291528442134e-01,7.958723571456369772e-01,6.282789207396759501e-01,6.088450041122941414e-01,9.908710378595068091e-01,6.656530411290052518e-01,9.467489301008171765e-01,8.838474456087458409e-01,5.792258665337026713e-01,0.000000000000000000e+00,9.187713315862521268e-01,7.885553966874523368e-01,6.499453352416211249e-01,8.499003888737794998e-01,6.240862704801580785e-01,1.940280851171235499e-01,9.835709806654922005e-01,8.457746539987861523e-01,-8.505390318852901199e-02,8.095488042169745047e-01,9.464728986700757796e-01,5.354613827694217898e-01,4.114534632986684981e-01,2.736766487980553664e-01,4.359715238548863558e-01,3.948645249951018288e-01,5.610828386321941030e-01,9.176416793823606310e-01,8.817991816221730783e-01,7.508607871985423232e-01,6.559578427125194455e-01,5.803854625947766355e-01,4.920549445912764663e-01,4.284144220548590232e-01,5.690026661118637863e-01,4.087481289772256776e-01,7.455784631038088195e-01,9.588452304020281813e-01,7.868905852597429806e-01,4.705463383937281141e-01,7.492548308912511112e-01,7.374229820103541666e-01,4.938845083416342208e-01,7.124444718818795375e-01,8.315132225114802988e-01,6.696063185368770210e-01,7.079603085387885519e-01,6.266309178983600070e-01,3.461562968110513117e-01,5.734522027715476256e-01,7.212893256992980451e-01,6.031199784439926770e-01,5.606288272298760589e-01,6.577888820931104830e-01,1.359959941388551863e-01,5.142792547414977156e-01,9.496580063054982368e-01,7.257624247161257314e-01,9.198906381518994202e-01,5.049202805273657058e-01,7.625143574592658791e-01,9.529659278195851124e-01,3.859275991020814089e-01,8.654408295626478953e-01,7.456136340883811053e-01,7.889337526523799715e-01,2.249576063938855119e-01,2.881264683591166498e-01,8.009391503515730371e-01,6.234567634065987241e-01,5.927809263180608967e-01,5.887711404052387021e-01,-1.648734468640206119e-02,5.254465364084274226e-01,4.849247616629120960e-01,9.483507848418237796e-01,6.700363860604172661e-01,1.708062041314338531e-01,7.165074829307355175e-01
8.082021310070254261e-01,6.783190925985664865e-01,8.880715161117995748e-01,7.941047244452643650e-01,7.393209126760169614e-01,6.014803941929419695e-01,7.075092460254491789e-01,4.764564758098195352e-01,5.673488467492006082e-01,8.961336084296871451e-01,9.475188283730553440e-01,6.690809641401590513e-01,8.603227262296573308e-01,6.213058829474688016e-01,6.025039561020938406e-01,9.187713315862521268e-01,0.000000000000000000e+00,9.980984662532139673e-01,9.021086054706423107e-01,9.347698548523446505e-01,4.028723411138402932e-01,9.800880202539025143e-01,7.754675119182626863e-01,9.329556055467660425e-01,7.063266270301344907e-01,9.254150025872834862e-01,7.436020729267642793e-01,7.610195742605467828e-01,8.247490327764955831e-01,1.716975090336256560e-01,3.822906806551135128e-01,9.386696494020210224e-01,7.329887504705348000e-01,7.599441459765313711e-01,7.881012825485886886e-01,3.630058338606828583e-01,7.493808752099486714e-01,8.441732665646900502e-01,6.521160121922896513e-01,3.113805343457990427e-01,2.675740398965515410e-01,7.804915129866331069e-01,5.445313274929697300e-01,8.303322994792662337e-01,6.813257910273976536e-01,7.308732525231229626e-01,9.940404036163652535e-01,6.535037916014256876e-01,6.623312119433559797e-01,6.605418578659988382e-01,7.818190748570617021e-01,9.496087870986695822e-01,5.317165008952227101e-01,5.278864716970682602e-01,8.971706473549398986e-01,8.691881711297004820e-01,8.336234822621888529e-01,3.161443219602753096e-01,6.579934075441243868e-01,7.693167846454633807e-01,2.696108834154919975e-01,7.359431866410850454e-01,8.508621677770644709e-01,8.822051200027896112e-01,6.054479233786568271e-01,9.976655487398173872e-01,9.035455219541791427e-01,9.115617357030465495e-01,3.113005787531124002e-01,9.135856040473421258e-01,7.601199283696421505e-01,6.135130760123332916e-01,6.310732593811452240e-01,9.796973980073012678e-01,8.334619302038775990e-01,8.892054046087579655e-01,7.338240400545508191e-01,3.983721036006932503e-01,4.258285788653753401e-01,5.666356273594692627e-01,8.205990191896976871e-01,2.235723561671256743e-01,4.883562170844745753e-01,7.917172865037478413e-01,8.654241394544487376e-01
8.803721341847681181e-01,7.848723784022647587e-01,8.735735385396544705e-01,4.253119273487970253e-01,6.169380473094380202e-01,8.368214066321427724e-01,7.123983114956788931e-01,6.518453511375298381e-01,6.211778900719010510e-01,8.697682515508945444e-01,4.629647963132244026e-02,6.644595595754910766e-01,8.862136597500858137e-01,6.214732048298290401e-01,7.469630545595520310e-01,7.885553966874523368e-01,9.980984662532139673e-01,0.000000000000000000e+00,6.910911701320692213e-01,3.633096247034106607e-01,8.336904064878578602e-01,4.166240671057764855e-01,4.598164666570149217e-01,7.134314589585226685e-01,7.930701598071623337e-01,9.349483825274190751e-02,7.052997960012001855e-01,8.962318785155021228e-01,1.383691104596958821e-01,5.182691304153514977e-01,2.083219304428172297e-02,9.709983009028283485e-01,3.315347178127718841e-01,9.422558537317518024e-01,9.625033110292342542e-01,4.663294423211440942e-01,8.341656122578199051e-02,8.023869097111586690e-01,9.219583658410244187e-01,9.945423403012785268e-01,7.379949898666585684e-01,7.188952214747528213e-01,4.127056381784049988e-01,6.566193267088785701e-01,7.478941787137356467e-01,9.064223083731191011e-01,9.447569373013831040e-02,8.937855683123215877e-01,9.219519677486427423e-01,9.948449699205077490e-01,7.411935257530075649e-01,2.219711533531293912e-01,5.706997944216547491e-01,8.792398604297317899e-01,6.617061483512974851e-01,7.665686879203829074e-01,8.652087885653489963e-01,6.620513590642170820e-01,9.130612488545110095e-01,4.899386501996400023e-01,7.968658742547507501e-01,7.371809327283674884e-01,6.646732530577987852e-01,6.372518538436047209e-01,8.506670352404400726e-01,6.934355935112072045e-01,4.492886248000772520e-01,2.325173671021548150e-01,7.585920837534132488e-01,6.741865565746434363e-01,4.736229400628945152e-01,5.580315837970484250e-01,3.170832713519007307e-01,3.064573604892162906e-01,5.367922471696464637e-01,8.109582333828732059e-01,7.477210324195211477e-01,9.788415145148145202e-03,1.569266620668088308e-01,4.689931943572209772e-01,5.446874881562827619e-01,1.564036638462205087e-01,7.492264933428072204e-01,5.741157596391480156e-02,3.788920612712436964e-01
