0.000000000000000000e+00,9.054930423124230021e-01,6.826718600842197615e-01,9.395886385075560288e-01,8.284453237191702346e-01,6.050906714574832979e-01,4.235219929304996356e-01,8.604205431250430136e-01,4.835451910089922367e-01,6.685881429207273241e-01,3.487065450002090339e-01,5.411266914765280323e-01,8.532571804373668689e-01,2.408870754855752805e-01,6.977342583376965335e-01,9.827959344487094961e-01,6.573037320723413846e-01,6.696850389406000525e-01,4.439858856543748011e-01,5.743435377163910172e-01,6.216496375818785225e-01,8.401349443645432791e-01,4.388233147003543499e-01,1.545369002531882530e-01,6.737993119258423036e-01,1.661542468485226742e-01,6.165714344833367333e-01,6.184190575979572335e-01,9.317151287620240030e-01,3.021278418238014796e-01,1.231977712671483705e-01,8.709380974337966874e-01,8.556557626699992092e-01,9.691073738127506942e-01,6.189203440992921967e-01,1.959266562144471591e-01,7.592400393829437100e-01,8.225481691165246190e-01,8.353680187992859052e-01,8.369023059388187580e-01,5.778902093568408782e-01,7.409495161691355136e-01,7.449269451283819787e-01,7.306963458700732605e-01,9.130218797810037978e-01,2.728415212388489719e-01,7.231940112765335993e-01,7.645881836413476185e-01,7.109457474137989008e-01,8.816576686259692819e-01,6.262748428328841488e-01,6.211467822015593887e-01,7.436339768637778569e-01,4.202916562542542422e-01,6.395729521413335839e-01,8.775715501683317710e-01,9.896711034405130114e-01,7.557306282580514845e-01,6.186391238698210060e-01,7.640255004181967236e-01,4.689033020633702753e-01,9.796910549632741327e-01,9.894253276924399598e-01,7.234053455881905847e-01,8.134430932116401003e-01,1.560695448671789165e-01,6.997980502123241076e-01,7.500866293980895660e-01,8.578913700458055958e-02,7.700995972289143010e-01,3.845960404328266913e-01,9.656874038449919651e-01,6.304352380544858692e-01,1.140906466393584173e-01,8.491555088556081987e-01,6.827714642835126524e-01,3.425787666905676376e-01,7.376373680011260037e-01,7.311068542122358682e-01,5.933291214988778428e-01,8.791660511353047713e-01,9.254002484153445174e-01,8.451892583736313469e-01,4.944142353956088587e-01,8.715611036075002760e-01
9.054930423124230021e-01,0.000000000000000000e+00,2.495378559618296188e-01,6.166667723043673943e-01,8.698930460570972745e-01,8.394028320281630151e-01,5.627012828016517698e-01,9.043904464763974360e-01,2.182179009363320946e-02,6.619688240078802632e-01,9.550873447313916742e-01,4.819161965006260595e-01,8.705046755730451169e-01,6.803364555065004593e-01,3.118299616729780510e-01,7.334246809043729609e-01,9.014563774672532670e-01,7.238815763336519105e-01,7.076233789017427611e-01,9.550981853947048128e-01,6.930789274506994335e-01,4.423409983056620365e-01,9.804643753134798523e-01,5.026986982776207036e-01,9.369011990048277116e-01,6.966772893490293939e-01,8.282370567089080149e-01,5.213700213994310051e-01,6.111591954268247306e-01,2.141698326592682000e-01,7.647330931265402532e-01,-1.038840812062999386e-01,6.190241992436017471e-01,4.081358755138720928e-01,3.910249376956864698e-01,1.538923342610394318e-01,-1.728812318817252447e-01,9.162561862530888002e-01,7.407080962101515453e-01,8.062592410884217298e-01,2.293155125736972000e-01,6.631255005853639029e-01,6.511464201721853806e-01,8.153370632574397092e-01,8.142026342303676500e-01,6.927000108263302591e-01,7.143785020807168484e-01,8.955809312412869039e-01,7.231226728011916904e-01,7.447036884934608025e-01,9.077818500212263275e-02,8.616328085949401805e-01,4.099527790256167203e-01,8.507522125998278062e-01,6.463211438337360670e-01,7.247202748665989569e-01,1.527733215565311164e-01,-4.016640544803429247e-02,9.312479219725213753e-01,3.220305637618599004e-01,4.082263719283908410e-01,2.636648161442409211e-01,4.629726571608381303e-01,9.893679591647019933e-01,8.846563078539667613e-01,5.085624857673445298e-01,7.467270421607282715e-01,9.810399785071709511e-01,7.563951706446029322e-01,9.586397796325091258e-01,6.624828142885608173e-01,9.547534289481700576e-01,6.992620063274289643e-01,4.668975673558383166e-01,2.957182948673218181e-01,4.531245582552451689e-01,1.187498165361085684e-01,5.794203311675629742e-01,7.114187935103556404e-01,1.538077288189623193e-01,7.132450256231933627e-01,8.777628329708093702e-01,7.617309411334746150e-01,6.830223024072215043e-01,9.981563223497462722e-01
6.826718600842197615e-01,2.495378559618296188e-01,0.000000000000000000e+00,7.965185590749012112e-01,8.787011557844008891e-01,7.894339965087389110e-01,8.901209754871028945e-01,9.460868871257139823e-01,9.214813336818921119e-01,4.642412503550650271e-01,4.846967737042012780e-01,8.157423955791930359e-01,6.723209352268388894e-01,9.416721236173671850e-01,7.226780714475096179e-01,6.248381685893948934e-01,8.950625605362541037e-01,7.788559306583850983e-01,7.326666431556444481e-01,9.303687109518481435e-01,9.144524431749977422e-01,8.916455343952852663e-01,6.794746661472769178e-01,2.556000666693585832e-01,8.574208469042974290e-01,8.972647398487046955e-01,8.516913127698871877e-01,8.185313795794425529e-01,4.509150690800791117e-01,1.419134591961132286e-01,5.707624386742067291e-01,6.826731729440173035e-01,8.923048568206157771e-01,6.105871967385780863e-01,8.126958387379442650e-01,1.681952135597010178e-01,5.184974221282875328e-01,9.541574361965240447e-01,8.970759943624612154e-01,6.534088440426624178e-01,5.997155001970342347e-01,5.963522998729304803e-01,8.289408412818110028e-01,7.656773102696440292e-01,8.927059870561648847e-01,8.971095778122400999e-01,9.011929362073028971e-01,8.951721893875655978e-01,8.659724217040788430e-01,8.227425489401469783e-01,6.674967680353056654e-01,8.179213240579465971e-01,4.092264365001323512e-01,8.807079260287700162e-01,7.815250593079989816e-01,7.605548696669479636e-01,2.081397973134973267e-01,4.094924509168572091e-01,7.352660882004945497e-01,7.555084228383426304e-01,4.163500949532596973e-01,-1.020744381991989386e-01,6.005622644906667418e-01,8.397838291987181902e-01,8.838649572362403672e-01,8.141554051235945222e-01,8.441857076167681440e-01,6.025346714870856157e-01,4.039656486603643293e-01,8.277119704698369107e-01,6.955598807343226220e-01,-6.538572980753523667e-02,4.110724235241003943e-01,1.188786160709414189e-02,4.839835189714145058e-01,9.148694896746487615e-01,9.943949024081655264e-01,9.224232134497096780e-01,7.788592564760543624e-01,4.053500754738648126e-03,6.280906800139353097e-01,7.516023552970948485e-01,8.810274498180011848e-01,9.961808510059411148e-01,8.478829682222066566e-01
9.395886385075560288e-01,6.166667723043673943e-01,7.965185590749012112e-01,0.000000000000000000e+00,7.063925234976995426e-01,9.534496072852134407e-01,6.185170063091233184e-01,5.523734699952912441e-01,9.639964374935074964e-01,7.016749138141381570e-01,9.644542590113515113e-01,5.589893217000050374e-01,6.030932196182618998e-01,8.915241568860637900e-01,5.119901256932639644e-01,9.147779900672768638e-02,8.591764113904971634e-01,8.937965985766022081e-01,7.959021868793529908e-01,6.717192439833579165e-01,8.128326727229535642e-01,6.151008442112695374e-01,7.057924938678690197e-01,3.216959590693451165e-01,7.583551257112518540e-01,7.212381357466336462e-01,7.991039864693980643e-01,7.248922597505790266e-01,2.830193738725518271e-01,7.867295954141881875e-01,4.180374956010456944e-01,8.251701932301276354e-01,8.110849863651947711e-01,9.586976453654594277e-01,6.601823502082994066e-01,7.380160935888279150e-01,-1.342690826763840994e-01,5.276537131062120078e-01,8.000495826128354304e-01,4.257292662329919541e-01,3.460891079824616190e-01,7.095579950105959099e-01,3.442876565449175530e-01,8.295039223568066999e-01,8.143367331702064948e-01,7.943631305587691704e-01,7.833172674920823031e-01,8.965990167263001576e-01,6.473919065707082199e-01,6.103718847472858755e-01,8.887754558070573019e-01,7.826460225474174415e-01,7.187455157750802792e-01,8.519528527797068929e-01,6.550028025640450835e-01,7.011137976965584606e-01,8.196455291994224623e-01,9.363598954483413062e-01,9.100971448181843781e-01,4.126206739109238297e-01,6.934855327535436320e-01,8.667922226784183781e-01,4.382269716013160177e-01,6.596643293989250534e-01,5.759970300528399756e-01,6.428009607568729855e-01,7.999542642299255490e-01,9.166346105192763050e-01,6.486186505808734237e-01,8.752201119662796902e-01,4.220885838414278890e-01,8.493564564085633872e-01,2.536254744297146424e-02,4.702241579486670098e-01,3.795804545513220551e-01,6.030421939341682469e-01,8.341687707539849894e-01,5.871259686578316206e-01,3.624086351794198468e-01,2.111240760386214887e-01,4.391516312751855278e-01,6.413211656622213042e-01,8.922393906626944204e-01,7.611210938440986506e-01,8.361731744192513194e-01
8.284453237191702346e-01,8.698930460570972745e-01,8.787011557844008891e-01,7.063925234976995426e-01,0.000000000000000000e+00,8.651520828293655097e-01,3.177224090253896044e-02,6.411221392642418859e-01,1.574532081877746403e-01,9.174660400318571662e-01,7.642309348004479030e-01,9.773624271126866159e-01,8.032642755344483465e-01,4.214154059269459296e-01,3.210525133437978629e-01,4.769629058423079937e-01,7.744528482336767716e-01,8.479770616132973338e-01,4.238467410580561978e-01,6.533960051384354317e-01,6.879454601020095206e-01,9.269622195795066411e-01,5.267493065389775575e-01,4.138270127626743067e-01,8.945173558106657152e-01,8.934696466025274786e-01,8.200627260337471913e-01,8.118969020478891130e-01,6.706238548446880054e-01,5.173687059741349792e-01,6.205813210225604726e-01,7.227045196563808283e-01,8.610132995107668830e-01,9.069822236724001119e-01,6.877795900449228395e-01,3.458504736789621559e-01,4.890364908189300808e-01,7.376546654797750957e-01,8.597114834719534748e-01,7.165142401807772510e-01,9.561884614553645134e-01,8.499842055008983710e-01,6.310365460146118988e-01,7.568974565513227892e-01,9.847899793715213512e-01,7.357045735961483812e-01,6.913708426029584464e-01,8.461488229451141763e-01,6.360086232039370291e-01,6.635507974629382133e-01,4.785387455167356974e-01,8.945553265143494359e-01,8.232356365865243220e-01,7.219129590605702917e-01,7.459826091472789855e-01,8.780813954305658475e-01,4.472553206352661848e-01,5.715066584792458659e-01,7.806391084492974031e-01,7.889386670547895442e-01,3.636272929450907743e-01,6.569410501049539608e-01,9.037652297943322699e-01,9.349615638262865902e-01,9.297345142184605393e-01,7.097160505373942829e-01,8.983694747560803107e-01,1.913414064905413770e-01,5.550426934981249616e-01,7.132953051019905732e-01,9.844961524545143838e-01,2.332865478782232826e-01,3.139594290824490597e-01,6.837064603614351199e-01,5.006796517995203422e-01,6.878936415141460037e-01,6.191919591010274226e-01,7.823238820186081410e-01,2.567365633667738067e-01,4.256993635296217326e-01,5.284519584612297205e-01,8.059876119273884365e-01,6.727320783078319932e-01,7.374713207433305495e-01,5.832695826137127559e-01
6.050906714574832979e-01,8.394028320281630151e-01,7.894339965087389110e-01,9.534496072852134407e-01,8.651520828293655097e-01,0.000000000000000000e+00,7.445963430671732608e-01,5.136311991981452607e-01,7.253890725756690916e-01,9.321600672782344166e-01,5.725007629528846564e-01,6.039671674416429159e-01,1.231482236899151678e-01,2.968766903185632855e-01,9.825935988969517476e-01,1.359678926338397931e-01,9.542414622891910447e-01,6.325295325606559160e-01,7.599784607615305276e-01,7.468449124556274521e-01,5.896925722533838954e-01,7.344260547214562784e-01,4.289996803442427953e-01,6.359179972327276831e-01,6.958118823157481980e-01,8.252942313683173658e-01,9.911553374780046610e-01,6.672644358458665881e-01,5.523418898520602305e-01,6.977269940467011322e-01,5.617641144857460356e-01,4.674023949587270965e-01,6.080716215455286289e-01,5.182389425480576906e-01,4.050722433567875980e-01,7.638601947435239570e-01,2.872377344447989422e-01,7.809713439966085025e-01,4.482999582167992991e-01,5.963372490759089040e-01,2.020390141836513886e-01,8.432630866002417402e-01,6.116707251910074028e-01,9.972848418567565876e-01,9.778233871694613777e-01,6.015863107726137082e-01,6.070180970171209500e-01,6.977510637470741850e-01,6.518588812196046689e-01,7.753498061064516556e-01,7.512579021581602401e-01,9.979182562215950236e-01,7.399428696385516036e-01,9.066693308308311217e-01,7.882639929060306638e-01,8.371658623847729741e-01,7.958221194210021165e-01,4.100040006996145125e-01,9.226613465995087138e-01,7.333701080119332527e-01,6.581991350334585045e-01,8.495444645220705526e-01,6.508589555051280673e-01,6.827116808488935540e-01,9.696141689873739589e-01,7.183298548165127917e-01,9.504897441449124962e-01,8.625470889767055116e-01,6.120349062201203560e-01,5.724465149829756072e-01,8.429314556285469884e-01,7.132172846240285580e-01,2.853754478947387874e-01,4.459690218437011716e-02,2.050809639675149065e-01,4.793196105809850449e-01,9.939087378935063111e-01,2.342395194257585467e-01,5.902382881947794147e-01,7.791405419596830750e-01,5.276912674039432316e-01,8.495506863150728005e-01,6.306227694774367842e-01,9.203299944524931941e-01,-2.756182621096695540e-01
4.235219929304996356e-01,5.627012828016517698e-01,8.901209754871028945e-01,6.185170063091233184e-01,3.177224090253896044e-02,7.445963430671732608e-01,0.000000000000000000e+00,4.660919790232812554e-01,7.690605574546883760e-01,3.541120845312255572e-01,7.324335915230034688e-01,7.641173614122205304e-01,6.937573815494386675e-01,1.967799800842487123e-01,9.862915574860793289e-01,7.747037898614423934e-01,9.420355875489070385e-01,7.405849123386570865e-01,5.806473321533047738e-01,7.443890585949507477e-01,6.355446525326932106e-01,7.342642830746779481e-01,6.103984993309713447e-01,6.740483566003568905e-01,5.876551349888383680e-01,7.558234991726013874e-01,2.109770581897478237e-01,7.399493900777577293e-01,3.336051334699298154e-01,4.668068750008058654e-01,9.183696451707227260e-01,4.483060518697613017e-01,6.072287865344581093e-01,9.020753670077096276e-01,4.995803212791599113e-01,5.414904897072465584e-01,6.413724144094573587e-01,1.386004462817398523e-02,9.948153887138060369e-01,6.398101897075705313e-01,4.577417028460035175e-01,8.853970569192343154e-01,7.648751934395223717e-01,7.097273562606279951e-01,9.854242369814490976e-01,3.316536750772819397e-01,6.406950992049679217e-01,6.555419204773242914e-01,7.662937573147439174e-01,7.085766052216018185e-01,3.535664733609084065e-01,7.507356723322209380e-01,6.806128560045899833e-01,7.473314477364770836e-01,6.567238710463989548e-01,2.515034541947303581e-01,6.850504726903366981e-01,3.847163367661913802e-01,7.797813221402323247e-01,5.306105665665877824e-01,5.255084439055522916e-01,6.805779085932874839e-01,5.309639032534428926e-01,8.498283249470717227e-01,9.087954692778821286e-01,7.622858142315748209e-01,3.409877347136983650e-01,9.220773491704543634e-01,8.957650394259454307e-01,6.861213834213628626e-01,7.945043318928408649e-01,6.629858916034301330e-01,2.053923471525017086e-01,3.077346014667127760e-01,5.927313300098286941e-01,4.713234679950458750e-01,4.929597577364460692e-01,7.741630816142287541e-01,4.972826920842497445e-01,4.540793656955080526e-01,4.026682689945880744e-01,4.232225043040291901e-01,6.974122572667104114e-01,4.770811777288040401e-01,7.673556240436429920e-01
8.604205431250430136e-01,9.043904464763974360e-01,9.460868871257139823e-01,5.523734699952912441e-01,6.411221392642418859e-01,5.136311991981452607e-01,4.660919790232812554e-01,0.000000000000000000e+00,7.979797167778295286e-01,6.633102136738047161e-01,5.427715255799829830e-01,6.904904691999514954e-01,6.055614627417328366e-01,7.966590782541197457e-01,5.131404881714231037e-01,5.643261259500280680e-01,6.318806968150446624e-01,9.930660869285898862e-01,4.628476518314876831e-01,8.660268989632440295e-01,6.663349250737067297e-01,8.000364562675029712e-01,7.285104627101739450e-01,9.969391343733629007e-01,2.022871638968645469e-01,2.555674040999539320e-01,7.632539573785769305e-01,4.513297646498115046e-01,7.729280464530285943e-01,7.249392755792950505e-01,3.932041701487102303e-01,2.207827159012674401e-01,4.560787598416533029e-01,7.454071957109005275e-01,9.982759327632620971e-01,7.411861041153908758e-01,2.830541161747763268e-01,6.127343190349880953e-01,6.165670826155593698e-01,3.362204595932762746e-02,4.387470303737590616e-01,7.732830096299944111e-01,8.252765191822534208e-01,6.340510325296880856e-01,9.585420106876519908e-01,7.219198042780697877e-01,6.066710171060228918e-01,-1.061493868023913600e-01,6.889568466283455539e-01,1.613757765251878917e-01,5.568835863007541853e-01,6.678593331542551637e-01,-1.605890382684965756e-01,8.786549190892116723e-01,9.548666675512598179e-01,7.581556568512999306e-01,9.424721002477134402e-01,2.696417958961287997e-01,6.843301273074446911e-01,7.582721596400981978e-01,6.457494683587118312e-01,3.186466306156346961e-01,4.874255308405769371e-01,9.881924653153899563e-01,7.779897676540766804e-01,6.424867473134839857e-01,7.992977150788773688e-01,8.886638821101069396e-01,1.617431274492258375e-01,5.111681483050753982e-01,5.199231047976047293e-01,2.268418863483239456e-01,8.905375786544807992e-01,4.384990971394343018e-01,5.048200060274958823e-01,2.772098624891465302e-01,4.441926439594971465e-01,3.147482086542773283e-01,1.207133211889524216e-01,4.931969314137698568e-01,2.068182494237205682e-01,8.270852924743057333e-01,9.848263101616887560e-01,9.653205688315887878e-01,5.567917111834249644e-01
4.835451910089922367e-01,2.182179009363320946e-02,9.214813336818921119e-01,9.639964374935074964e-01,1.574532081877746403e-01,7.253890725756690916e-01,7.690605574546883760e-01,7.979797167778295286e-01,0.000000000000000000e+00,7.325391868735022793e-01,7.905165556411378747e-01,7.354604019469037635e-01,6.219920806273713243e-01,8.332838245756999385e-01,6.045602630476583084e-01,6.596139981617187287e-01,2.806246477271215345e-01,1.895946170670651798e-01,8.306833555511177192e-01,6.886594764904718780e-01,9.432184006252199993e-01,-1.361374137719822408e-01,5.053986164234113287e-01,4.391348300034785823e-01,3.440735229732894140e-01,7.582186476616503690e-01,9.422377991106570816e-01,6.358519780642712949e-02,4.813417686488574709e-01,7.442599067261608248e-01,5.120234459840427022e-01,4.662855571028228230e-01,5.933716359711979083e-01,7.353826303637696071e-01,7.743903509372099814e-01,5.832046314420132882e-01,3.615390871589201915e-01,4.020507201463829894e-01,5.147128845898791827e-01,8.399488733760680503e-01,6.670125375576058113e-01,8.759879486255062186e-01,9.712395085728433575e-01,9.724198362143572361e-01,8.448985591854892840e-01,5.061779604681279077e-01,9.556463360639185778e-01,5.106115564882581781e-01,5.649012438371163736e-01,9.877055401654069033e-01,2.790498092577187172e-01,2.229085132695894367e-01,7.525301687918726223e-01,4.454205335742620897e-01,7.960004687156398973e-01,9.429497533652536623e-01,8.914370328481018291e-01,6.929613148311972726e-01,2.411425164526655451e-01,6.372667190045991914e-01,5.570096985906900500e-01,4.477986612143166623e-01,4.894728758211054354e-01,4.178279919804337439e-01,6.930343736316479930e-01,7.979391848997319237e-01,9.888379519638410553e-01,8.420664240685141744e-01,7.248055373135936508e-01,6.465500038507264735e-01,7.503399515544143528e-01,8.728934127694796263e-01,2.214586818951981007e-01,1.753262827064709997e-02,7.691822047826857300e-02,7.177677989337650777e-01,9.553060870464804566e-01,8.804124670841093625e-01,3.588353662143506373e-01,2.089953069973684296e-01,9.996119664280859185e-01,5.479479759871399569e-01,8.269162901788806863e-01,1.296681037767096201e-01,8.421717460501231267e-01
6.685881429207273241e-01,6.619688240078802632e-01,4.642412503550650271e-01,7.016749138141381570e-01,9.174660400318571662e-01,9.321600672782344166e-01,3.541120845312255572e-01,6.633102136738047161e-01,7.325391868735022793e-01,0.000000000000000000e+00,4.304239730169283074e-01,3.279813370418729335e-01,4.361844416392484103e-01,4.648698925108332713e-01,4.790962759488430200e-01,9.958170452581962540e-01,7.855849193782104001e-01,6.351964178372559999e-01,6.098904672657907700e-01,8.317610967984376824e-01,8.722749564157796787e-01,9.284905288836595716e-01,9.178708061859099931e-01,7.379582638593379373e-01,7.332105892771433320e-01,8.962210854296998042e-01,6.562580715569217293e-01,4.353931270170089962e-01,6.792304480790771759e-01,6.766709871571860990e-01,2.260180687980307968e-01,3.562416496514766440e-01,7.254753659740569294e-01,6.379395261113095517e-01,2.151739961317675753e-01,7.115862836177314632e-01,4.456892856785242829e-01,4.691927644614847237e-01,9.421425015128237490e-01,8.170752296112309132e-01,5.445150286709161680e-01,6.462813504197224557e-01,7.953531209147306491e-01,7.128682429930013331e-01,8.612597514492221773e-01,7.916993377743619664e-01,8.694175507993043839e-01,8.693081345618294264e-01,5.521824128852943492e-01,9.403944571951985409e-01,9.202221832420991454e-01,7.396094465659848183e-01,6.722691475402523542e-01,7.486186012478172058e-01,9.285139991990227770e-01,5.902819005649064810e-01,5.170090852205856402e-01,7.129614959369552363e-01,6.741281932389918685e-01,5.570995936881499855e-01,5.853287944720190206e-01,-9.383866134065843578e-02,8.776953564117658813e-01,9.116405382163045301e-01,9.392332881309909398e-01,5.879368480120150675e-01,6.758705440393139030e-01,9.677571000680955660e-01,7.205115271625268658e-01,-1.856424956540451976e-01,5.270201213806081642e-01,5.248950602366174722e-01,2.190983808339619920e-01,6.517389806345095238e-01,4.872518239079375313e-01,3.169395635046647897e-01,6.482918624197757662e-01,2.071130801165891044e-01,7.408209088029508171e-01,6.914407381472957859e-01,5.151949380914259136e-01,6.125432834630898382e-01,8.331089868901339068e-01,7.009605421476671205e-01,6.923752223597169353e-01
3.487065450002090339e-01,9.550873447313916742e-01,4.846967737042012780e-01,9.644542590113515113e-01,7.642309348004479030e-01,5.725007629528846564e-01,7.324335915230034688e-01,5.427715255799829830e-01,7.905165556411378747e-01,4.304239730169283074e-01,0.000000000000000000e+00,9.341324569549984691e-01,5.216085825043286217e-01,6.095605551955636248e-01,6.663755263193198441e-01,8.256652954500089958e-01,9.400429925695469313e-01,7.008490345840401314e-01,4.083710941319880217e-01,8.428358013721881647e-01,4.300831172471062946e-01,8.808474667922644441e-01,8.608025373471902553e-01,7.107679830365629670e-01,2.175575284188224767e-01,4.574813249105027513e-01,5.417037761958942710e-01,9.392833497837178580e-01,2.411202162227790158e-01,4.820129595352797836e-01,3.896422766060383402e-01,4.226730168180643510e-01,8.357891548253708613e-01,8.052866763171685482e-01,1.136539181715016389e-01,7.025568503452097602e-01,3.413806119632316616e-01,9.383075103213193158e-01,7.693555227189180501e-01,4.435701403145143051e-01,4.573395278686013810e-01,6.979255964635096010e-01,8.789708651634084990e-01,9.510148889856062659e-01,6.173922769185080650e-01,4.190523505612072652e-01,2.896021775688599753e-01,7.030407150259685434e-01,7.075308931463811790e-01,9.678012550375603151e-01,7.894592146652095188e-01,6.490127763253656923e-01,6.666006274622134908e-01,8.813866815896486129e-01,8.069061664013035817e-02,7.879601748314598586e-01,4.389910929668028317e-01,5.020083532553752947e-01,8.694832649474555364e-01,3.984916072334447334e-01,2.711884052943399626e-01,5.360233240603125004e-01,6.718142904926149850e-01,5.177208932041350575e-01,9.376149538062854560e-01,3.634643867080779023e-01,8.910937436796270150e-01,1.167628399619834029e-01,6.689749715890120907e-01,3.824886051797811437e-02,7.043314468843272502e-01,4.184731644152994701e-01,7.921754069493112116e-01,3.627646273269236055e-01,2.096100579601185843e-02,5.633665290272993342e-01,6.914433894718715612e-01,7.777094180235901710e-01,2.868844464960640384e-01,3.012325144348462214e-01,8.933125863997913862e-01,6.561514563169307257e-01,8.892659161587886940e-01,7.625547161904724369e-01,4.012077003317875978e-01
5.411266914765280323e-01,4.819161965006260595e-01,8.157423955791930359e-01,5.589893217000050374e-01,9.773624271126866159e-01,6.039671674416429159e-01,7.641173614122205304e-01,6.904904691999514954e-01,7.354604019469037635e-01,3.279813370418729335e-01,9.341324569549984691e-01,0.000000000000000000e+00,6.833775194107802875e-01,3.817177706631443845e-01,7.693457947874846603e-01,7.524464464285278709e-01,5.730918769878083907e-01,4.466929552246530766e-01,6.624978536533004947e-01,9.375704128940398618e-01,8.824730998313864427e-01,6.570088293954046144e-01,8.665124346189223559e-01,3.043894087239178425e-01,6.088243200474611205e-01,7.631529240268057901e-01,5.190213202254011504e-01,7.023958570410094859e-01,6.487576407721370453e-01,5.161425325957309518e-01,5.462174288636723052e-01,4.459780991305966613e-01,6.088952927811804861e-01,5.815444208528213199e-01,6.934571637502277008e-01,9.087753311734365624e-01,5.516147049963131543e-01,4.843936940417452597e-01,8.009558854616183332e-01,7.835883325240743380e-01,7.232319952570761545e-01,7.892169593440312436e-01,9.292710251451992143e-01,6.060635935610063640e-01,9.226377136243242294e-01,9.987024851313874851e-01,6.543836274709800005e-01,2.094210334694147080e-01,4.549515418686484458e-01,3.372741322309161793e-01,7.502971278731684901e-01,4.786099449367029468e-01,9.604114249072662757e-01,7.800542106022669842e-01,7.970759020087725411e-01,8.295699186189222640e-01,3.381130557298724915e-01,8.429315716193741537e-01,9.587010060545039236e-01,2.979874970663482503e-01,5.904214127985620841e-01,7.446733828416430834e-01,6.540522035012329427e-01,3.476559029081189856e-01,5.956395410192983908e-01,-2.843233973906925671e-01,3.361734237600423336e-01,6.710681956212640742e-01,5.456299014427439253e-01,4.224968896459687651e-01,6.290384016334998885e-01,7.668270338373631700e-01,5.191624980045741466e-01,2.662808706870869457e-01,7.397737031671659524e-01,4.055791316407983960e-01,9.636717455381158537e-01,6.771742497347619238e-01,6.490105292327152942e-01,2.356724675381926537e-01,1.376935201991590085e-01,9.307938427891159217e-01,7.435719816263258730e-01,6.615065512506501655e-01,7.809497551770923085e-01
8.532571804373668689e-01,8.705046755730451169e-01,6.723209352268388894e-01,6.030932196182618998e-01,8.032642755344483465e-01,1.231482236899151678e-01,6.937573815494386675e-01,6.055614627417328366e-01,6.219920806273713243e-01,4.361844416392484103e-01,5.216085825043286217e-01,6.833775194107802875e-01,0.000000000000000000e+00,8.753940854063853028e-01,9.612694489932205322e-01,5.223298725569054390e-01,3.420367450625223515e-01,6.094810097070637589e-01,7.931910485244610953e-01,2.868176068008756463e-01,6.404828714525045985e-01,6.261365987790287191e-01,8.636517080577311711e-01,9.391116020252090468e-01,7.548288186967886393e-01,6.947876017660059578e-01,6.624973759348433688e-01,7.650794856428422275e-01,5.609731383264502380e-01,6.624235770547247659e-01,1.374806744244236045e-01,6.008118614975828109e-01,9.200380719441390021e-01,9.403528074238942658e-01,7.274967439499542277e-01,7.527447089943335445e-01,5.591961684705532010e-01,7.332348264213769395e-01,7.661999060562898478e-01,4.972301587261654943e-01,5.187102075719061123e-01,8.030660170287644561e-01,7.815413925245773274e-01,5.542074476684835105e-01,5.666508184289269501e-01,6.355734154522988399e-01,8.337835694078480353e-01,9.681327159321979625e-01,7.310778423121856440e-01,3.351254608063113927e-01,7.262093198984644893e-01,9.203429505468446736e-01,6.130323311063792247e-01,9.687376894570930430e-01,8.016937087217670399e-01,9.556473127178474192e-01,6.314693544996482499e-01,6.270384162416734464e-01,9.886096148176661824e-01,1.213107196315691277e-01,6.986734047340570353e-01,9.894128329634490626e-01,9.113761930220831697e-01,9.703301591937188997e-01,7.301733271770357581e-01,9.309169556793647216e-01,6.889401779101916867e-01,7.753857569613160639e-01,6.546855903792697662e-01,2.274668774770070290e-01,5.549678767826905501e-01,8.861705241784277876e-01,5.202294770490660802e-01,5.110899478569511656e-01,3.142624398985843781e-01,9.297298446969599617e-01,9.635478136572837027e-01,9.123797694349737863e-01,-2.755563226665280752e-02,4.409367206606032985e-01,4.800675602808595621e-01,4.973690021636155700e-01,9.534471932896820823e-01,5.732604881609554281e-01,3.825996901921114093e-03
2.408870754855752805e-01,6.803364555065004593e-01,9.416721236173671850e-01,8.915241568860637900e-01,4.214154059269459296e-01,2.968766903185632855e-01,1.967799800842487123e-01,7.966590782541197457e-01,8.332838245756999385e-01,4.648698925108332713e-01,6.095605551955636248e-01,3.817177706631443845e-01,8.753940854063853028e-01,0.000000000000000000e+00,9.953426146952721876e-01,5.628296057243639128e-01,6.276441249439325132e-01,7.365558714078705993e-01,7.751935156196018140e-01,8.115659440760992771e-01,4.302425600387953519e-01,9.879988706682940602e-01,7.712513867318253613e-01,6.229987571362354259e-01,3.720136733174743138e-01,7.767891469765020318e-01,7.359886994254887238e-01,4.994773532841955133e-01,5.954856599007603002e-01,4.873954263649663554e-01,2.817242446648940066e-02,4.807720426036808936e-01,6.761310955127879385e-01,5.238686896788313785e-01,8.058831276660299858e-01,4.346261207351929667e-01,6.236999850292607173e-01,3.458977774189361254e-01,9.985729449508918831e-01,9.138470858667315788e-01,7.863900351878699846e-01,8.428910185452630488e-01,8.773684033688917694e-01,8.342325996501716023e-01,7.885708384853675756e-01,9.835769299064320847e-01,6.743986169268848530e-01,6.570708538864562520e-01,9.205800699327184589e-01,7.760081718100115822e-01,5.823487814185547284e-01,7.179259668165964836e-01,9.322917618007936502e-01,9.443512530611730682e-01,5.134551748226175993e-01,9.193888347607298561e-01,6.016229183995855934e-01,9.847423916764108665e-01,7.311367901442853423e-01,2.450954341675475878e-01,4.386141959262725432e-01,7.606994251218953673e-01,4.212167797243299705e-01,8.943434571003652245e-01,6.698901300814188442e-01,8.133375175565134008e-01,8.454100904368059277e-01,9.729730870942169263e-01,6.330080490035081553e-01,8.223499663490018152e-01,8.803930737131471229e-01,6.876812379110632811e-01,2.676803309543179243e-01,4.666443656202621248e-01,9.199169966541439480e-01,9.317340731214687199e-01,6.796711674571423445e-02,8.485646131402155845e-01,4.992207270989075241e-01,3.350520625438703215e-01,6.003190544896227498e-01,4.096145708071023961e-01,7.458365490623009020e-01,4.134752021673316902e-01,2.869171524661118799e-01
6.977342583376965335e-01,3.118299616729780510e-01,7.226780714475096179e-01,5.119901256932639644e-01,3.210525133437978629e-01,9.825935988969517476e-01,9.862915574860793289e-01,5.131404881714231037e-01,6.045602630476583084e-01,4.790962759488430200e-01,6.663755263193198441e-01,7.693457947874846603e-01,9.612694489932205322e-01,9.953426146952721876e-01,0.000000000000000000e+00,2.244117180516921606e-01,2.461231305978872352e-01,7.498999225452311901e-01,4.385289962358449034e-01,9.730203339284211328e-01,9.517298426945727252e-01,6.504377866466065639e-01,6.859702142204952002e-01,9.487368660241619622e-01,6.880846924180905599e-01,7.190256455887417131e-01,7.486914996882325646e-01,2.412100766963022891e-01,5.062479142080177352e-01,1.995938868616578266e-01,4.400648106218184030e-01,4.187243371781418921e-01,9.868511810842539589e-01,9.877028177752238403e-01,6.143335289919196196e-01,8.774428630383315775e-02,7.848404123862730009e-01,6.502838157183876699e-01,7.248158098289322337e-01,6.119607592707019261e-01,4.113790567154952393e-01,4.681680962917569300e-01,6.757044281378028483e-01,9.727826172105127345e-01,2.257310061267147616e-01,8.146958557674398582e-01,6.121980720282229615e-01,4.289499603423521101e-01,9.889596697548080906e-01,5.355252450980262369e-01,8.235637470952601458e-01,7.200229623832684611e-01,6.257640859710253967e-01,7.104638751298117949e-01,7.309581600817733893e-01,9.372675498541318539e-01,9.293032909695236876e-01,5.521066331559716378e-01,6.041575969438006677e-01,7.845869203418587290e-01,4.377774901381175088e-01,5.535566945107104342e-01,7.868393450370128051e-01,6.997210043488322206e-01,8.500530047839188752e-01,6.256112579857430189e-01,9.798859297436828264e-01,8.867274016223680722e-01,8.532341545118899973e-01,5.385760570577099449e-01,4.085444472374726299e-01,5.675800765679873683e-01,3.617864538734029134e-01,4.469330872917732234e-01,5.854140231922052573e-01,6.610920214409115037e-01,9.272897339705269415e-01,9.316682337524953006e-01,5.354725534589460656e-01,9.560371162229630787e-04,2.381526555170909165e-01,5.066145318670485231e-01,7.825488208140921609e-01,5.860720145625646360e-01,7.161758672415087235e-01
9.827959344487094961e-01,7.334246809043729609e-01,6.248381685893948934e-01,9.147779900672768638e-02,4.769629058423079937e-01,1.359678926338397931e-01,7.747037898614423934e-01,5.643261259500280680e-01,6.596139981617187287e-01,9.958170452581962540e-01,8.256652954500089958e-01,7.524464464285278709e-01,5.223298725569054390e-01,5.628296057243639128e-01,2.244117180516921606e-01,0.000000000000000000e+00,6.756155338872589233e-01,8.947338945045227865e-01,7.406411270342059261e-01,7.653701805634275379e-01,9.664274039199599597e-01,7.303297590540158701e-01,7.134692271025765420e-01,9.695186676549489846e-01,6.488584184380019604e-01,7.321873606445735705e-01,7.314996330093372912e-01,6.925382154072862173e-01,4.756301487644983284e-01,1.964808337928245774e-01,8.536033351965525151e-01,5.179919065025240243e-01,5.898834290706929384e-02,8.059772540457683654e-01,5.617916486509374474e-01,4.572271500911082032e-01,5.397363422277574596e-01,9.546371191042498650e-01,7.420543441239439986e-01,7.928659457984300607e-01,1.302606454350261067e-01,7.187151817112293894e-01,4.118952087626265857e-01,5.966891356006074343e-01,9.096291232818657368e-01,8.847031398335978292e-01,6.822405575450781745e-01,4.739530851363562558e-01,5.373443287815001801e-01,7.074857589111269718e-01,9.006211557319429017e-01,7.424966028547561603e-01,8.657264182796550189e-01,6.483946277893328780e-01,9.095309664802067040e-01,7.193729123264076541e-01,7.892558013169439501e-01,7.120842970530066873e-01,9.359490968550827628e-01,5.893239270943758656e-01,4.292998895562899486e-01,6.165923696770367890e-01,9.215273495969741324e-01,2.674892905056753256e-01,6.671574094630787766e-01,9.300849134296040877e-01,6.789612073958201099e-01,4.365919746320101602e-01,5.509219816937598324e-01,8.382992331151905008e-01,4.865980527835592762e-01,8.498977318167025841e-01,8.023825308855255800e-01,4.082476265434090146e-01,6.474643120541073715e-01,4.389843609690874948e-01,8.096370053053509874e-01,2.058727783055051275e-01,5.411586495743656577e-01,2.743006704420996589e-01,6.813118119159703445e-01,9.057841259953609558e-01,8.901556384204212247e-01,3.917367629914833005e-01,2.789739100326639742e-01
6.573037320723413846e-01,9.014563774672532670e-01,8.950625605362541037e-01,8.591764113904971634e-01,7.744528482336767716e-01,9.542414622891910447e-01,9.420355875489070385e-01,6.318806968150446624e-01,2.806246477271215345e-01,7.855849193782104001e-01,9.400429925695469313e-01,5.730918769878083907e-01,3.420367450625223515e-01,6.276441249439325132e-01,2.461231305978872352e-01,6.756155338872589233e-01,0.000000000000000000e+00,6.070293431008602081e-01,6.760440386369425125e-01,4.366479563823823518e-01,9.662772670657897578e-01,6.481151836397673893e-01,6.538115422636496810e-01,5.967448539446345013e-01,5.415049322872060866e-01,8.866657236661907859e-01,6.525464169297801043e-01,4.641593166128039627e-01,2.661866717663111115e-01,6.648810314350530604e-01,3.246885078693093618e-01,6.396311278249684484e-01,9.269087176055362809e-02,5.482951114493035405e-01,9.563162653420776982e-01,3.970581915414763685e-01,1.828465026537178240e-01,6.300531351628783083e-01,3.839686581345737038e-01,4.245373782269194485e-01,5.447570886642185695e-01,8.820331112084923708e-01,8.275023933726479708e-01,8.761191532942136373e-01,8.269937718722065734e-01,6.632767231397184160e-01,8.591674929119813564e-01,6.383738290166338647e-01,9.744106364125896258e-01,4.562452318040220445e-01,6.161918002382656967e-01,7.048139725208253381e-01,9.936442470990085596e-01,7.622831252749617814e-01,9.890849584249107318e-01,9.074893664287346784e-01,7.872911990664652748e-01,4.602658088644904222e-01,9.290715163385918629e-01,4.265935341699809147e-01,4.260647166242821360e-01,9.323895815976261936e-01,9.420722003457160376e-01,9.239940865102389544e-01,6.383356523492806911e-01,9.267397981362291981e-01,7.226530001799996716e-01,9.569572752693523698e-01,2.081614579334171988e-01,8.580967465320652465e-01,9.978692327457174827e-01,6.017562657719219832e-01,7.449525120410598333e-01,7.375155575476866066e-01,3.010926394089045166e-01,8.453306567982101782e-01,8.898079711974919981e-01,8.742981682405132071e-01,4.979479556330086987e-01,2.738090718004449475e-01,8.672879092890571906e-01,9.693795845052342042e-01,5.911168361786969250e-01,4.145995042583934254e-01,4.335791474338596685e-01
6.696850389406000525e-01,7.238815763336519105e-01,7.788559306583850983e-01,8.937965985766022081e-01,8.479770616132973338e-01,6.325295325606559160e-01,7.405849123386570865e-01,9.930660869285898862e-01,1.895946170670651798e-01,6.351964178372559999e-01,7.008490345840401314e-01,4.466929552246530766e-01,6.094810097070637589e-01,7.365558714078705993e-01,7.498999225452311901e-01,8.947338945045227865e-01,6.070293431008602081e-01,0.000000000000000000e+00,4.602927538924615480e-01,8.941924334917431549e-01,6.550288244118351866e-01,3.452609695741295365e-02,9.071112298439200083e-01,8.023710952427431931e-01,7.721092479402847930e-01,4.772845407049745026e-01,9.822341285284813539e-01,9.728611820037724733e-01,6.438687487856248337e-01,1.607495040011637510e-01,3.023739892507892324e-01,7.677155267529651717e-01,7.119207985164907049e-01,8.622060703589329300e-01,7.407983635290544822e-01,6.146904873037620787e-01,2.055525526861387564e-01,9.219096485236965011e-01,5.318314189581306861e-01,4.714657192625549276e-01,6.179962030433383546e-01,6.921563268313297712e-01,7.904024273072079998e-01,3.256041619883979221e-01,9.889554706210563761e-01,6.666760151243980026e-01,5.185062940489332250e-01,6.940412152885969688e-01,9.611921162995855639e-01,7.642038296492269511e-01,9.511140764439038886e-01,9.592174038661140933e-01,1.950494874964305292e-01,6.871711575973179498e-01,9.010825105319393291e-01,9.405138234419808674e-01,4.486615294225824724e-01,9.230758995613208562e-01,9.407377405722618935e-01,5.527948970061398182e-01,5.040331764431718042e-01,9.579951186123245588e-01,6.031622234661365711e-01,6.630025306490339165e-01,9.590357141824312759e-01,8.205063675297048498e-01,9.590846111546054154e-01,7.021027387131663078e-01,6.275911354419562160e-01,7.342719067456664472e-01,8.875153976217876606e-01,6.606383030481464136e-01,4.661509226125591931e-01,3.663709532845577099e-01,7.661799296672610060e-01,8.297252499254985647e-01,1.881444264517079523e-01,8.380290592367743985e-01,4.911978278499630202e-01,7.320538435635894903e-01,5.426138558114902422e-01,6.102946232780488423e-01,5.585869674062797774e-01,4.123849630102263686e-01,8.180468163506483537e-01
