0.000000000000000000e+00,7.690701458363764509e-01,9.165304635875830552e-01,2.131720342593080575e-01,9.195072540296548302e-01,9.850084237852051450e-01,4.428087227570842166e-01,2.838216054873278216e-01,7.088232457508941708e-01,6.201081611009505723e-01,7.758166568752041803e-01,3.917629134459933438e-01,7.562121405659237849e-01,4.723840733108937706e-01,7.118917998649232359e-01,8.282960455312958770e-01,8.322887847835208630e-01,6.996642922773862461e-01,7.208170864733121075e-01,6.336696346229829802e-01,8.742477938125026160e-01,8.869358156602193954e-01,5.020776075096338165e-01,6.416195827927076989e-01,8.156900333054695196e-01,8.159633674700075279e-01,8.868099276633648609e-01,7.137629631183965984e-01,3.243960593028651362e-01,4.421214511936069624e-01,3.720364308384812579e-01,8.275680511124564598e-01,9.151519203080197284e-01,8.409257713258395661e-01,8.694541338355898930e-01,6.351753392038310686e-01,6.346154058493687078e-01,9.934997991306548926e-01,5.685375780998819240e-01,6.482529218788106729e-01,2.188790502165339491e-01,4.766042757067814883e-01,7.009178210104840545e-01,8.456224882635643425e-01,9.758142488201470011e-01,8.042590955069067737e-01,9.159200587543557814e-01,9.866095620857302517e-01,8.735806399173360326e-01,9.533835897304129281e-01,8.875308720086994008e-01,4.514830618666573758e-01,8.542887798097744678e-01,6.757465813055516524e-01,6.713576541046637480e-01,9.785543738133302138e-01,8.592517313633583065e-01,6.078010170217417185e-01,4.818683705955544294e-01,5.497744635115161538e-01,5.818486393822491776e-01,3.297873836282104176e-01,3.280120264462303981e-01,9.962976493826312119e-01,9.294646332934761723e-01,3.290474407689830127e-01,9.848068410587145216e-01,4.589736577153835650e-01,7.420654102093185989e-01,6.806231989559402562e-01,9.282102317413977177e-01,7.869943499265426023e-01,5.516719773222975576e-01,4.257336116208602084e-01,6.551954802489937668e-01,7.870917230505686257e-01,2.209102386408234864e-02,8.883743716493640585e-01,5.047496946293550391e-02,3.933917533084340112e-01,4.573729219170605265e-01,3.559107998937837136e-01,9.362417145650051564e-01,8.282956800367650141e-01,6.973564558422226112e-01
7.690701458363764509e-01,0.000000000000000000e+00,9.027775347188347066e-01,9.575481029220938023e-01,4.903943541465860534e-01,4.458465396394873936e-01,3.225214693091616458e-01,7.678272227204930855e-01,7.791979639286837900e-01,5.690158785253160989e-01,7.691972499750292513e-01,6.821712753568873744e-01,7.596840365312844678e-01,9.921211987131309806e-01,-1.908916807186892828e-01,6.129795455483562083e-01,9.435684307542706595e-01,5.804450845664512748e-01,9.008706155049885922e-01,9.965945059491549962e-01,9.669953972287078647e-01,3.773553051103489264e-01,7.992438084354002159e-01,2.056315929456958569e-01,7.650058986475568590e-01,7.115246856379117135e-01,9.628574679696020322e-01,5.718581255483565773e-01,3.823261853151715961e-02,1.693248617718065008e-01,8.685463435235159235e-02,7.564094882658275454e-01,8.303043323603607195e-01,4.562322816881933529e-01,6.682518167393913799e-01,7.866531387696098498e-01,5.543970525644399683e-02,7.281998572871476449e-01,8.814617950327778839e-01,9.223890327261357047e-01,3.734959480232283857e-01,6.335582307983793626e-01,8.579389702161062115e-01,6.206282563470262303e-01,6.352206580542595349e-01,9.192180728024498260e-01,9.622222845518293433e-01,8.197459940397936462e-01,7.441568050036054816e-01,6.747282643349926667e-01,9.724983270027620641e-01,2.777302048057437300e-01,8.712693884122889587e-01,2.963883184462617892e-01,8.559337885666677970e-01,9.634706234744563336e-01,4.185265691048632997e-01,3.640228120445203608e-01,6.411047061443938544e-01,2.750124844528285539e-01,2.574146023207898870e-01,9.254831633974409943e-02,9.406572995760128508e-01,4.062380253329551660e-01,7.806203876659272289e-01,2.093744809925900119e-01,4.084713767578712629e-01,8.216953164150434530e-01,8.687921717081702466e-01,7.935450401098668172e-01,8.004398881594196880e-01,1.389599614696692409e-01,8.510381526653127970e-01,7.882910361595611981e-01,9.561118315142991264e-01,7.980326795933518902e-01,6.208153692876876573e-01,4.225948031294973206e-01,4.599134524553262771e-01,4.078266847202833834e-01,7.522309737702680410e-01,8.676765653802753775e-01,9.544900214796099291e-01,8.914250935192372105e-02,6.745712273888065935e-01
9.165304635875830552e-01,9.027775347188347066e-01,0.000000000000000000e+00,9.470073650273320709e-01,7.045901600822582767e-01,5.605963037691684692e-01,9.917287029646266738e-01,6.631161138647354569e-01,6.718571865573884638e-01,9.491554755009721234e-01,7.218063871708664259e-01,8.448178776668295864e-01,3.776796380054785462e-01,6.858011430163956090e-01,9.440152193489839139e-01,8.577121897712106646e-01,9.534702465073306987e-01,8.971025505192544713e-01,7.873733441773775876e-01,6.547146658642223338e-01,9.064907056402513597e-01,8.803412592952105653e-01,9.014602796720249112e-01,8.359467481436179126e-01,8.091717961894103750e-01,9.584809976987670455e-01,8.677106351420000863e-01,8.412366080037601002e-01,4.462420818681966384e-01,7.187461690560446037e-01,7.132372497753836083e-01,8.621851769899526730e-01,4.530609982254819035e-01,9.522358338731440330e-01,9.172363229622256808e-01,5.560456482097594355e-01,2.641290284344199879e-01,3.831390772931342892e-01,9.775958537217299682e-01,8.338247443323708596e-01,5.889823190403200570e-01,7.485959412222020770e-01,4.795645588735682474e-01,5.010827753922855177e-01,9.632540076937684548e-01,9.685412275494365009e-01,7.848114099737775184e-01,4.834258043764451118e-01,8.198275213492801639e-01,8.211419790572157540e-01,4.814289618506076840e-01,6.064768283279691613e-02,8.570999027978174478e-01,6.696687016149317495e-01,7.413595482480076493e-01,6.365463350759384964e-01,5.764582628894456828e-01,7.494356154796771863e-01,7.386477963087938470e-01,6.675904015114809686e-01,5.287205099485330351e-01,8.461900418554436643e-01,8.699549533338044593e-01,7.782541215005314150e-01,8.702815996599861936e-01,4.443652272391108715e-01,6.124155825807485742e-01,9.833420719483798589e-01,9.421941662910995330e-01,1.386551683478172425e-01,9.347312044763180783e-01,5.299928826083971645e-01,4.710047343267270703e-01,8.107118961894517473e-02,7.539064335865024447e-01,9.822903081939350356e-01,8.675406134864979135e-01,9.366182720520769278e-01,5.806382851256217670e-01,1.258419168905709207e-01,8.072019040675910695e-01,4.301076275846277830e-01,6.084570641599013063e-01,7.508824477870009728e-01,2.215213534379006644e-01
2.131720342593080575e-01,9.575481029220938023e-01,9.470073650273320709e-01,0.000000000000000000e+00,8.628824643446723064e-01,8.806352924623933598e-01,7.584979442644700365e-01,6.310953879929858124e-01,1.306925962862671708e-01,6.936190772732760967e-01,7.515249790144812314e-01,5.545204211915567560e-01,6.908631113998460194e-01,2.618588871677608454e-01,8.440435986170520266e-01,5.849015509704179605e-01,7.011098735434390106e-01,7.304982989946394722e-01,9.316052526965985514e-01,6.708284385833945818e-01,8.878060502104818674e-01,8.319660445536983806e-01,5.461936148378910838e-01,9.003314365338415115e-01,6.815321942519007026e-01,7.511477800512299519e-01,8.865627829560093209e-01,8.659071852799823388e-01,8.546062062773127632e-01,2.796189649024183876e-01,3.892306289108157236e-01,9.063331982624265315e-01,8.060493395204196831e-01,8.006601365374234058e-01,6.142385343908882689e-01,3.544410052319352245e-01,1.752638323874408655e-01,6.900925947806654248e-01,8.026786297304685514e-01,7.872078186247872811e-01,5.871879710733333146e-01,6.132538035297293577e-01,7.713318086199705270e-01,1.948618547738635298e-01,7.237630933957667212e-01,5.027223598183730990e-01,6.976256655935972883e-01,7.515031796869995340e-01,7.477443349548498208e-01,8.519208991319379143e-01,5.068104326475132426e-01,7.040869712581250273e-01,3.349963116358627424e-01,6.082445235892797175e-01,9.698025557962667298e-01,6.373417968342232065e-01,8.738440481438835006e-01,6.132391931568009769e-01,1.418712491025332090e-01,5.709964371276194939e-01,7.408255167838624367e-01,8.167394140915373857e-01,6.049683797680102115e-01,8.527224288175407896e-01,9.483911035340000240e-01,9.083871265507822423e-01,7.707253714714197290e-01,8.657853032416044092e-01,5.794600941716827602e-01,9.100127043488305256e-01,9.757315373346198140e-01,8.810579633869239924e-01,7.302243994784890502e-01,2.515763477341693699e-01,9.762613910172602827e-01,8.635964840015757371e-01,6.990834592787580348e-01,6.711046744187750823e-01,5.885022988322958781e-01,4.919915649407006208e-01,8.816973686468462246e-01,6.370913884423197171e-01,6.211860210993525033e-01,2.098944267201396652e-01,9.628867987019065211e-01
9.195072540296548302e-01,4.903943541465860534e-01,7.045901600822582767e-01,8.628824643446723064e-01,0.000000000000000000e+00,9.544365933846294947e-01,5.229851924413768671e-01,4.695369123022145597e-01,2.156799959775131670e-01,5.103787389571639022e-01,9.746013974792792078e-01,8.682887179797349475e-01,9.874954247454165168e-01,4.034869613977548619e-01,3.463624035151652292e-01,6.818776857130500746e-01,9.288349034609324484e-01,2.290068874342109373e-01,4.927788779682763520e-01,7.851472127813090562e-01,9.930280287340751411e-01,9.025297940191595591e-01,8.423424936566047405e-01,4.586232050724460274e-01,7.709740209067643679e-01,3.482132250179672539e-01,6.768529429065881509e-01,9.631614215693428127e-01,5.728864024897680762e-01,2.622112111102032905e-01,2.458903214477513310e-01,7.102206101479622280e-01,4.928471364721808134e-01,7.021672487925547657e-01,2.166200703442979214e-01,5.003472218625294454e-01,3.327750877739082958e-01,7.465770945806010639e-01,9.247893198657679559e-01,6.715397282866140127e-01,4.733702235184538143e-01,9.383800885050687102e-01,7.479158996904609058e-01,9.565545070175043296e-01,8.356829308336015671e-01,7.080284646107074531e-01,7.484315597781557861e-01,5.940189683299392787e-01,7.147045810782981512e-01,6.644230746154022871e-01,6.088031905179367431e-01,6.478881268272006499e-01,3.385376469505278485e-01,8.974327703007209944e-01,4.700908272732150506e-01,6.276729496181869816e-01,9.897417847675995528e-01,7.251413486393740726e-01,8.294799027824477644e-01,9.813742876765034762e-01,7.676671787272729697e-01,9.000827480569316696e-01,9.507059147576114588e-01,7.236919003674280315e-01,8.409628828408919343e-01,6.319207879509332049e-01,8.526137583834378919e-01,2.878084781892229493e-01,4.801619998401776557e-01,4.815654071815556603e-01,9.751130371434207911e-01,6.818153271998759202e-01,9.611903322034589525e-01,3.109874887044233316e-01,6.813368715253184105e-01,7.993893495157707862e-01,9.475915150452847158e-01,8.888449325847479210e-02,4.293605096182645520e-01,5.077291711146314501e-01,5.872625297921284515e-01,7.189837249414494647e-01,2.070895425607195417e-01,6.432721244931409732e-01,9.984771937285743526e-01
9.850084237852051450e-01,4.458465396394873936e-01,5.605963037691684692e-01,8.806352924623933598e-01,9.544365933846294947e-01,0.000000000000000000e+00,7.396323791085451793e-01,8.821958835002245980e-01,9.016430553283858451e-01,9.868788932097347644e-01,8.284457569923447950e-01,4.365742796868904985e-01,6.066758500853199898e-01,9.470690373616262869e-01,7.596563553951177772e-01,6.845239257487709672e-01,7.544438154075423508e-01,5.217751798104808270e-01,9.488117605965563639e-01,4.207203276213482557e-01,9.202089804720240407e-01,7.442129880772336836e-01,7.089172195193246262e-01,6.733053106653263953e-01,5.878933278469370416e-01,7.324684318513504655e-01,7.483121478989881448e-01,4.382508863679983602e-01,7.732487379648624870e-01,4.677167796765999697e-01,1.873758022358777975e-01,6.506320195354386993e-01,9.066004920516496091e-01,9.750145994186876219e-01,4.009068892038459841e-01,3.004759435900917763e-01,3.386150494840095559e-01,4.535814383927772586e-01,8.703334712580608201e-01,7.433167778197775633e-01,-6.997859569543465885e-02,3.474455718393258397e-01,6.185846577030328364e-01,8.177612992469965869e-01,7.053146319217712401e-01,5.324921389022404528e-01,8.108463622331407716e-01,9.121989184695443731e-01,7.305507240790177770e-01,5.764351216100412900e-01,4.618763310300421088e-01,8.665082990405358343e-01,6.609143312867038489e-01,8.196063270070386153e-01,7.368275623620715864e-01,7.319231820153141443e-01,2.518892748594691033e-01,4.426838232393404682e-01,4.754909779743212161e-01,6.516616942276705349e-02,6.223902857904336505e-01,8.344223058546049732e-01,9.949667775428834293e-01,8.237594552047670104e-01,8.430116393134817754e-01,7.187174402689957553e-01,8.521485981914765917e-01,9.301439308325449851e-01,6.823657604145088040e-01,5.851884431790264074e-01,7.944031767655399534e-01,5.838338750670690747e-01,4.470215566789710882e-01,3.217704378225669237e-01,8.956343648116367184e-01,4.508439831855974300e-01,5.976090853444913087e-01,4.067973343071833447e-01,4.689183511805754545e-01,3.243964361807660235e-01,4.408993044097153091e-01,9.506472830548036157e-01,9.012422038433249849e-01,6.446574804820888183e-01,9.222861227903823567e-01
4.428087227570842166e-01,3.225214693091616458e-01,9.917287029646266738e-01,7.584979442644700365e-01,5.229851924413768671e-01,7.396323791085451793e-01,0.000000000000000000e+00,4.830506388420433561e-01,2.811708479500626412e-01,1.944367126011912472e-01,7.052539270741244870e-01,5.517151401515584253e-01,5.157660180457094290e-01,4.656661616883109867e-01,2.176885143427389688e-02,2.257443735286309150e-01,8.730183800164108554e-01,3.458493328222485008e-01,1.804076366338589754e-01,8.625075786868816596e-01,9.874785984582175047e-01,7.508513904367640768e-01,7.064120495706607272e-01,6.085779054029349933e-01,7.467022249462529349e-01,5.756078632101383485e-01,8.992721993911151346e-01,6.611912125310557276e-01,2.562736525022645817e-01,1.669903660752984978e-02,4.535568673434213771e-01,6.387596362490891577e-01,5.754921356825368761e-01,7.145062808372032448e-01,2.097421160013157038e-01,5.560528191213163218e-01,7.662366648987173345e-01,5.545916995146622508e-01,4.840921051096018779e-01,4.204010339628095894e-01,4.137450120218105765e-01,2.655907103830079663e-01,8.178412165987499760e-01,5.330355925557319630e-01,8.896952812444128833e-01,5.569160875688707879e-01,6.687420868934114138e-01,3.014586972021169320e-01,6.617255660505154680e-01,4.419925672417684415e-01,7.084598133941779619e-01,6.608607694459480708e-01,6.560653327646740474e-01,7.147750503238156083e-01,8.244867025903979130e-01,4.345078481617646871e-01,4.009032354026986766e-01,4.141443585956108842e-01,8.359164881400806824e-01,5.013429975535301786e-01,5.309805041552376759e-01,5.536466037746040625e-01,-1.331055059347323044e-01,8.038725605740748570e-01,6.521937589008657277e-01,6.619980620607422983e-01,8.478073087353173998e-01,9.756741291414553485e-01,4.711529685816243651e-01,5.806116302333078627e-01,2.197926775790829956e-01,3.217253918383031763e-01,7.667365309137785800e-01,4.561863564681429839e-01,8.155199016102268605e-02,4.665152736879418227e-01,7.772430952257074477e-01,5.218361980205011852e-01,6.550770791946769478e-01,7.091507998050607942e-01,5.670027405695017286e-01,9.045764417018459236e-01,9.442715221903117406e-01,5.845093424252365555e-01,7.366788277844427135e-01
2.838216054873278216e-01,7.678272227204930855e-01,6.631161138647354569e-01,6.310953879929858124e-01,4.695369123022145597e-01,8.821958835002245980e-01,4.830506388420433561e-01,0.000000000000000000e+00,1.162835688735113226e-01,5.563274004133370587e-01,4.332740134022117218e-01,4.337151361581245701e-01,8.710161239124856181e-01,7.986241940976254172e-01,2.542405846910975042e-01,7.014102598037913472e-01,6.259913515170902887e-01,6.298476352899229358e-01,5.306744983726188192e-01,6.296540139891547705e-01,8.106923476489912295e-01,4.683801797007281498e-01,4.241735274364968888e-01,3.225954197759235975e-01,9.130864509096398018e-01,9.774366335036706044e-01,6.860057554501040045e-01,7.887208405893838536e-01,3.316848967589894337e-01,4.927794067810963297e-01,6.043339919687579220e-01,5.349706713201789476e-01,7.804379745490142017e-01,6.424601356147807696e-01,6.086364880730178450e-01,5.058815988084814919e-01,4.245464494336613770e-01,7.171305825167993975e-01,8.658669095093467494e-01,7.141819528568983388e-01,-7.821811741854756139e-03,2.036902988920323565e-01,5.694564317400949705e-01,7.496760049246583568e-01,8.728286159581409853e-01,9.467762706019855479e-01,6.594263938137497894e-01,4.995641411452740321e-01,7.846079342281100377e-01,8.096653485011219287e-01,2.258330059598319395e-01,7.933961276619991843e-01,4.153802471783050176e-01,7.078063202269579968e-01,8.955650183299216360e-01,4.921489981027842853e-01,2.700971254648435460e-01,3.520022629554573901e-01,8.376908833116504249e-01,1.868022407893420445e-01,5.206264817070531681e-01,4.394337238907394250e-01,-8.373596250260641194e-02,9.475978100697018958e-01,2.963173443454857892e-01,7.909035031966888951e-01,4.480793638880434804e-01,2.261976435588732293e-01,5.982736103658156113e-01,7.225297377204401572e-01,7.129303354447150687e-01,8.685545727483506839e-01,6.041332864271684588e-01,8.383529082400126287e-01,4.618125324225071382e-01,1.536399473673115759e-02,6.810310541115816019e-01,8.942643069106647191e-01,8.812846607693879120e-02,5.739284995080431440e-01,7.699989387334355007e-02,9.692945071693708226e-01,7.714266436264576310e-01,4.724394081649507249e-01,6.904767289370769001e-01
7.088232457508941708e-01,7.791979639286837900e-01,6.718571865573884638e-01,1.306925962862671708e-01,2.156799959775131670e-01,9.016430553283858451e-01,2.811708479500626412e-01,1.162835688735113226e-01,0.000000000000000000e+00,5.602339365115890368e-01,2.905770353993727961e-01,7.690970418225505645e-01,8.620077562843785346e-01,7.992466383460485879e-01,6.010976840510123126e-02,5.188375493435559704e-01,8.681286532676750767e-01,7.942361699898020655e-01,5.496057212411897819e-01,8.319765114953607821e-01,9.280317486759661616e-01,4.327473237335567324e-01,5.728211100081682661e-01,8.607494336833043658e-01,4.428446576158264758e-01,7.562078111031693695e-01,6.584584831112266778e-01,6.640028702477122069e-01,6.718308748364684169e-01,3.980294972276210985e-01,2.105641714389577812e-01,7.163769060092413099e-01,5.048808985461344934e-01,6.980913415872473937e-01,9.815927128842417693e-01,4.885204939574414595e-01,4.430147308365978143e-01,6.988350586912678297e-01,8.885978316418030598e-01,8.566078035676352176e-01,9.609418896617799577e-02,6.997459024361025737e-01,3.785945092112268373e-01,5.387144179004764721e-01,8.161685269918296237e-01,8.173380968226546806e-01,7.221911603949507930e-01,8.188299790258444233e-01,6.593881655262145980e-01,6.557096656532234169e-01,6.226613759708702345e-01,7.549980754158656104e-01,9.353162141637234583e-01,8.635814420708651795e-01,9.318705597425623599e-02,3.966705913517072912e-01,6.389197862610486167e-01,6.087403110386282457e-01,9.466192295350434049e-01,4.077727447852808051e-01,3.450297367248130742e-01,9.056571614923165647e-01,4.345334225910361114e-01,8.815968617100827798e-01,9.046073260711117170e-01,6.079042535969190197e-01,6.905623872852220124e-01,6.511928349728409726e-01,-2.858293169756465080e-01,7.112218948818611608e-01,6.647565419133900644e-01,4.093849956276381929e-01,9.392762961686068612e-02,4.074110446383618633e-01,4.294819782434631805e-01,4.999823841402588065e-01,5.754401471721792838e-01,6.665957918648020009e-01,4.065554510436255042e-01,2.111247566310398838e-01,5.530750147587079057e-01,6.732157573837320719e-01,7.618043566456409454e-01,4.350035649283478523e-01,2.741331863152245973e-01
6.201081611009505723e-01,5.690158785253160989e-01,9.491554755009721234e-01,6.936190772732760967e-01,5.103787389571639022e-01,9.868788932097347644e-01,1.944367126011912472e-01,5.563274004133370587e-01,5.602339365115890368e-01,0.000000000000000000e+00,5.515325290760324933e-02,5.555476575033787556e-01,7.819950120687947370e-01,8.666492066096410651e-01,9.115137263596598260e-02,2.413364092503024749e-01,3.925292899532190072e-01,7.626076048350689529e-01,9.306740742137592504e-01,8.799968152820951683e-01,4.104338979240953478e-01,3.542411387977069670e-01,5.018398786000981548e-01,7.636151255942965621e-01,8.243750391742366013e-01,4.773470085137058172e-01,6.752606098528352030e-01,7.550376401253466874e-01,4.821414248243352518e-01,4.378515152552283074e-01,3.146288646783236831e-01,6.892568467979135471e-01,9.165995809404219319e-01,9.564662228419051893e-01,2.305042729803584156e-01,5.218965255735271702e-01,1.372141701769245131e-02,5.266280737001338697e-01,7.186495542429270911e-01,8.789788822960789005e-01,6.939819800389438464e-01,4.583831861504758520e-01,7.551483023701270891e-01,9.152762625879106162e-01,5.518490508549693807e-01,7.601390088280203239e-01,7.385154696530038532e-01,6.656449612044165187e-01,7.710030277322056369e-01,6.594497488225691262e-01,3.746355979213665810e-01,9.733366188564875898e-01,2.702989572282893382e-01,9.586134294024226676e-01,7.496345128287299486e-01,4.475208654559137966e-01,6.997526768381813200e-01,7.334443959920952105e-01,7.190432373012570766e-01,1.720516625959667189e-03,7.752159238458036228e-01,6.949965870383468802e-01,7.854719709264730287e-01,9.182886065595179392e-01,3.533604255760910418e-01,2.102740292267299971e-01,8.579976633818751086e-01,9.192170661143630461e-01,7.412494634188603326e-01,9.779199614090242632e-01,9.334388670138638044e-01,8.153284747451541303e-01,3.295484921758384811e-01,3.292375603452724064e-01,7.349014811768344035e-01,9.304192401900596154e-01,2.615148804051347087e-01,5.276527067246912228e-01,4.052501382419938514e-01,3.935029051411529505e-02,4.273777363704285293e-01,2.699917950301253949e-02,9.958685778096270091e-01,5.906613859839162650e-01,5.280055581133369369e-01
7.758166568752041803e-01,7.691972499750292513e-01,7.218063871708664259e-01,7.515249790144812314e-01,9.746013974792792078e-01,8.284457569923447950e-01,7.052539270741244870e-01,4.332740134022117218e-01,2.905770353993727961e-01,5.515325290760324933e-02,0.000000000000000000e+00,7.626492129385062935e-01,9.830705962884417337e-01,8.601889350884660557e-01,9.543989708158252538e-01,6.965938551253270106e-01,7.711316218894045393e-01,9.959023086322000839e-01,8.918400963294685901e-01,9.468356121239394074e-01,9.641501758559536395e-01,6.714692269084803211e-01,2.083352563881961383e-01,7.572559124765529948e-01,7.907770529572163420e-01,5.962667215431843859e-01,6.260301144411347662e-01,3.998251564945032310e-01,7.443439133552276488e-01,5.690100132356350482e-01,7.068738168711615755e-01,4.009462474829481593e-01,3.911794969286639390e-01,2.068389359686852724e-01,7.273550130517700829e-01,2.776013238127318927e-01,6.100338511604210812e-01,7.230897768259886282e-01,6.256687558201725619e-01,6.856549220602626837e-01,4.668208188784850887e-01,5.924355394898335181e-01,5.923820215335178219e-01,9.765238164769901585e-01,6.351221469066575809e-01,6.059172482421745221e-01,8.081540116079405367e-01,9.824698966348504037e-01,6.337843348232964358e-01,7.335606767060816047e-01,8.096626568600795437e-01,7.187286128532904828e-01,3.737187256074692709e-01,7.707547478359979554e-01,7.022309238172073087e-01,8.475868483687643007e-01,5.876172560164946157e-01,8.243494657747151289e-01,6.668211904313230409e-01,2.481715483468623640e-01,3.271254824632853220e-01,6.118817584286233568e-01,6.653283448835446423e-01,8.568507483774301381e-01,5.553719091789125484e-01,2.869722087804825739e-01,4.713561472939837294e-01,7.680377370455774289e-01,8.153585861769401255e-01,6.271208410313272585e-01,1.825201761636541797e-01,6.780751756091387694e-01,2.630939863138901935e-01,3.107248523935643991e-01,4.826723959511441397e-01,9.909500895326244230e-01,8.754245139107550422e-01,5.127507052224723472e-01,7.878993090646766451e-01,-8.623789183715413476e-02,2.213850198256819557e-01,1.959092553966150507e-01,3.755042455749350028e-01,6.210749118550478176e-01,4.194147316058448594e-01
3.917629134459933438e-01,6.821712753568873744e-01,8.448178776668295864e-01,5.545204211915567560e-01,8.682887179797349475e-01,4.365742796868904985e-01,5.517151401515584253e-01,4.337151361581245701e-01,7.690970418225505645e-01,5.555476575033787556e-01,7.626492129385062935e-01,0.000000000000000000e+00,7.628959849204571819e-01,7.588881375687048791e-01,4.087299381451285907e-01,7.128078588530346593e-01,6.087097305292999971e-01,4.500178803268815031e-01,9.087562713321135632e-01,8.058268627457860767e-01,7.607110337123402788e-01,4.369089803462188892e-01,9.909512734962777625e-01,6.830408356768893352e-01,7.337710372377502788e-01,6.087381656188066703e-01,9.375602572000778512e-01,8.963696371765679238e-01,5.553172012953209169e-01,6.041423356684095802e-01,2.529140572611532356e-01,5.703007741268077968e-01,5.610766035729318757e-01,9.664489561062260536e-01,5.069990871099671059e-01,7.992924902289064715e-01,-1.776549044232303420e-01,8.768787370710494633e-01,8.083918057414340996e-01,-1.849526240214731110e-01,3.339758783943398424e-01,6.869168693879436072e-01,6.698237939252560391e-01,4.732483314763410442e-01,6.197223113480396783e-01,8.157856065470712181e-01,9.486807603166126368e-01,7.513483311027611133e-01,5.232389961167016601e-01,4.302876072313287503e-01,4.459312411559354650e-01,8.520411438219338551e-01,8.243836360352568837e-01,6.593324897174714927e-01,8.151667978543770676e-01,5.467272968632771457e-01,4.409428754159249175e-01,9.190460766788154379e-01,7.288662207079469324e-01,2.554594627973874599e-01,5.713135296409910246e-01,5.531244130822516869e-01,6.983808241054613175e-01,8.175568927259705410e-01,7.560708433933963635e-01,7.664145829815306454e-01,6.910010923989643450e-01,6.768262063525399830e-01,4.546282078405727844e-01,7.904505880963557107e-01,9.139683858567395625e-01,7.306148700075771885e-01,1.014247268478527808e-01,6.882354665359805557e-01,6.548421015122261046e-01,6.083126123166264776e-01,7.719517585345871957e-01,2.670535504743590804e-01,-1.105972971528315224e-01,4.142263080669743580e-01,4.611178247815159725e-01,6.450255739361441254e-01,8.813648289528409618e-01,5.373825378837622235e-01,2.716769976373931694e-01
7.562121405659237849e-01,7.596840365312844678e-01,3.776796380054785462e-01,6.908631113998460194e-01,9.874954247454165168e-01,6.066758500853199898e-01,5.157660180457094290e-01,8.710161239124856181e-01,8.620077562843785346e-01,7.819950120687947370e-01,9.830705962884417337e-01,7.628959849204571819e-01,0.000000000000000000e+00,9.097017128439085498e-01,9.449222567345336721e-01,7.941404283731970937e-01,8.144638670789695611e-01,7.790869959837742886e-01,8.506600016598712122e-01,6.322044840770915108e-01,8.503174292354145347e-01,5.661427085665833303e-01,4.604932227199366457e-01,9.298033836327255219e-01,7.528636742067814636e-01,1.539180113787219639e-01,8.431339975510447893e-01,6.337946066026781677e-01,4.170912587524489012e-01,6.781076318560973482e-01,-5.239441308963863064e-02,9.948761255246829638e-01,8.991458438572083045e-01,9.616082845936059220e-01,8.722620118740652684e-01,2.090875417661988700e-01,5.893078524711592436e-01,5.895278365200219417e-01,9.931305794618002780e-01,2.976906907920126577e-01,6.051990519860386275e-01,9.522580053097171593e-01,9.116957027096150856e-01,6.153083772124758877e-01,9.722774354648778816e-01,7.457458346327890952e-01,7.668740676438775550e-01,4.496856463014941574e-01,8.724242862088297246e-01,6.416285507341562555e-01,9.691318119902366801e-01,8.495399334761444265e-01,9.916060316423159771e-01,7.372081552295906004e-01,8.830971225558887916e-01,4.787853896961073996e-01,8.665359398926999468e-01,7.223058327813814961e-01,7.487201287062742461e-01,6.276954534222543014e-01,4.090604802241911142e-01,8.912856479170944146e-01,7.070544852964046889e-01,8.437324333720175318e-01,4.940930482990013584e-01,9.436445883298606452e-01,9.937273085680780049e-01,8.662971048126029139e-01,5.322514137636940035e-01,5.997354054226086140e-01,8.973783755140096741e-01,8.182819040321669402e-01,3.315086833492497664e-01,5.008407226286984981e-01,9.974468389896258280e-01,4.934791510183355601e-01,8.285136951501138602e-01,6.626020843056019682e-01,7.578163331192550034e-01,1.928511996807670270e-01,8.294074943983894554e-01,8.457905123920097523e-01,7.192772949076374767e-01,5.674915231710992991e-01,9.571830765332077773e-01
4.723840733108937706e-01,9.921211987131309806e-01,6.858011430163956090e-01,2.618588871677608454e-01,4.034869613977548619e-01,9.470690373616262869e-01,4.656661616883109867e-01,7.986241940976254172e-01,7.992466383460485879e-01,8.666492066096410651e-01,8.601889350884660557e-01,7.588881375687048791e-01,9.097017128439085498e-01,0.000000000000000000e+00,9.552895301673415274e-01,2.749336299550971807e-01,9.923975789843839657e-01,6.146262920129135221e-01,5.007287983269385068e-01,2.858077225885939932e-01,7.269008682948504552e-01,5.239273779121872421e-01,7.431931442607594418e-01,7.939110011012284751e-01,9.909014766037197441e-01,5.057716089293260442e-01,9.488714482442588416e-01,1.344955138736087519e-01,3.468933593093904699e-01,5.540588646581529053e-01,5.422288394243011123e-01,2.348619797418275978e-01,2.762087517160115580e-01,3.462710679359327637e-01,7.715722290542436079e-01,7.897823835764410383e-01,5.906193104039443309e-01,9.463863620382646502e-01,9.786609510457549010e-01,6.039614328753750705e-01,2.354992182625629260e-01,6.501505660897505257e-01,8.113150792290741986e-01,5.892067682556789698e-01,8.422268820102144504e-01,8.473704146460193654e-01,5.140888222981703226e-01,6.663961484819918013e-01,6.643413303017373650e-01,6.608086698448449869e-01,6.340080717584970493e-01,7.091008068340174386e-01,5.599483015651652851e-01,3.080962115723362982e-01,8.885293987075578714e-01,6.414550893340986715e-01,8.171877970844299011e-01,6.056449007794008077e-01,8.511949120265593915e-01,4.005089761126018333e-01,4.345576253267430800e-01,7.894321571390457981e-01,8.086156183977325496e-01,8.628637179714417904e-01,8.343438603277114618e-01,1.516073448685449354e-01,3.049427071588761140e-01,6.022045871379358983e-01,3.876740860013235812e-01,6.917846538078291641e-01,3.578879663469961558e-01,7.489601135326227066e-01,5.403655857421177933e-01,7.904474603423614631e-01,7.959457683787884985e-01,4.695599397410362696e-01,4.518526620052166209e-01,9.181301954177700786e-01,4.099817782120607386e-03,-1.102155045860912091e-01,5.474237444080901627e-01,6.041071212538073887e-01,6.580686284312309287e-01,6.853147737046366705e-01,7.684032813596697320e-01
7.118917998649232359e-01,-1.908916807186892828e-01,9.440152193489839139e-01,8.440435986170520266e-01,3.463624035151652292e-01,7.596563553951177772e-01,2.176885143427389688e-02,2.542405846910975042e-01,6.010976840510123126e-02,9.115137263596598260e-02,9.543989708158252538e-01,4.087299381451285907e-01,9.449222567345336721e-01,9.552895301673415274e-01,0.000000000000000000e+00,7.544339437052103303e-01,6.330243834501614320e-01,6.802444960888630598e-01,7.836805622078821809e-01,7.542553411923325068e-01,3.010994048605592499e-01,7.326570186060179513e-01,6.167511996923743522e-01,4.944181419257423493e-01,6.644073346411293324e-01,6.234290493620805451e-01,3.398091511100617135e-01,8.264698035512642038e-01,6.112854245998216030e-01,6.594910855657432069e-01,6.616645349388563524e-01,6.987223649351139709e-01,4.444364607513687226e-01,8.810579631316864946e-01,6.182756218230006651e-01,5.236139022588706116e-01,7.573542091351334049e-01,9.213884090774268065e-01,8.833674370940204357e-01,8.842155984883770525e-01,7.279374956381643447e-01,7.524077540689760868e-01,7.923728806581287198e-01,4.424019030005471587e-01,4.944285648142704992e-01,9.702137156641055249e-01,5.056355395185944124e-01,2.852788080771955781e-01,6.673699389856320163e-01,7.869967716617194409e-01,8.935852554974982320e-01,8.507332162887364380e-01,8.110311552557443182e-01,4.473040882942385665e-01,8.699540901149582783e-01,4.664692659437602584e-01,3.882117201042191157e-01,9.992469659969751561e-01,9.884897500174451013e-01,7.757098752620721349e-01,4.058638096998130051e-01,7.164795199771986089e-01,5.832934694034156431e-01,8.759421188521869794e-01,6.035039911024845383e-01,5.122036549666459937e-01,5.473309999985446206e-01,6.826949819967093047e-01,3.357562283435646111e-01,4.179463416204740600e-01,9.826503077957069454e-01,6.985614263563005855e-01,5.897241641077922703e-01,9.465887766427460992e-01,5.160678976052337497e-01,7.177165692395046648e-01,8.944795273518498790e-01,1.274427148693640377e-01,-3.062117480634874433e-01,-1.667710021432857181e-01,1.630632558143364497e-01,9.188768242462341806e-01,7.241620514094171401e-01,6.424261968186029126e-01,7.052063676477435816e-01
8.282960455312958770e-01,6.129795455483562083e-01,8.577121897712106646e-01,5.849015509704179605e-01,6.818776857130500746e-01,6.845239257487709672e-01,2.257443735286309150e-01,7.014102598037913472e-01,5.188375493435559704e-01,2.413364092503024749e-01,6.965938551253270106e-01,7.128078588530346593e-01,7.941404283731970937e-01,2.749336299550971807e-01,7.544339437052103303e-01,0.000000000000000000e+00,7.615488199516091683e-01,5.018603220074879800e-01,8.828666807632371549e-01,5.813202955675413897e-01,6.961531629910312491e-01,5.641642682749273829e-01,6.119782820475631047e-01,6.639959945020694754e-01,6.076323725961325639e-01,1.485596418606426883e-01,9.898062270891631043e-01,5.970336983659491059e-01,9.521285599761853957e-01,4.802640153886957308e-01,3.768113529659610217e-01,5.699406522096163163e-01,5.067858244654739330e-01,4.957821445955618023e-01,6.567845702694207199e-01,2.666804846132795337e-01,3.117588561691194693e-01,5.563033121463214492e-01,8.015008865681199079e-01,7.011644753752025450e-01,5.106154045690267651e-01,5.764305918235346216e-01,8.775048992379508306e-01,2.035859113810513654e-01,9.763462880760777063e-01,8.353527658443523629e-01,8.085776866321181533e-01,2.342395539803168725e-01,4.964633383582039983e-01,5.894084085920014981e-01,6.066900568172394204e-01,8.671958817827410959e-01,4.495087157201340666e-01,9.035626354887217326e-01,7.446516475075350971e-01,8.542425693197818193e-01,3.102770759546093493e-01,8.574428814902713691e-01,9.963746009544840465e-01,7.231373044400596362e-01,5.952369095530387622e-01,8.504174579652609145e-01,2.919012324749331033e-01,4.930936933726583482e-01,8.811897973299608333e-01,4.291489726326367382e-01,8.573851883661839368e-01,9.274668922228744838e-01,9.247110545357708489e-01,7.375092306184438673e-01,7.119359036185384237e-01,7.790330956733465539e-01,8.995210503690918014e-01,3.821446909850448326e-01,7.821464395615217446e-01,7.863080453013218118e-01,9.291496458972575700e-01,5.942654919106220568e-01,2.718189190433362417e-03,5.631517638092305988e-01,8.381515656057618724e-01,6.878199005327424453e-01,9.813598709109716545e-01,1.085547309599185495e-01,2.791116760339922842e-01
8.322887847835208630e-01,9.435684307542706595e-01,9.534702465073306987e-01,7.011098735434390106e-01,9.288349034609324484e-01,7.544438154075423508e-01,8.730183800164108554e-01,6.259913515170902887e-01,8.681286532676750767e-01,3.925292899532190072e-01,7.711316218894045393e-01,6.087097305292999971e-01,8.144638670789695611e-01,9.923975789843839657e-01,6.330243834501614320e-01,7.615488199516091683e-01,0.000000000000000000e+00,8.827147086602773474e-01,8.157116383170369689e-01,9.297683930530191709e-01,7.207972869046234132e-01,4.718711915959097336e-01,3.152207029470310284e-01,6.453552160778371904e-01,4.524014683785380631e-01,9.649207571413006557e-01,9.136241605329420423e-01,7.247653222383355631e-01,7.246775583449893698e-01,5.121862488408190917e-01,7.471399810510510608e-01,9.964688369975491788e-01,5.264792997307707889e-01,7.320314525611602008e-01,9.937639160399991400e-01,5.506142187901966745e-01,2.995329594120080263e-01,7.842807485460296935e-01,9.623829314042222638e-01,8.502120933505200595e-01,2.032994316787483102e-01,6.148251547422477481e-01,8.895287377327169009e-01,9.997892179939016355e-01,7.899682203015898629e-01,3.696599956250186114e-01,8.986150105728039073e-01,7.179143304724471264e-01,7.429758053285799857e-01,8.712816595700790812e-01,3.583247798443014998e-01,8.014258891012472352e-01,7.095041885659062464e-01,6.534703620924735556e-01,9.295269845990370428e-01,6.732269209833672274e-01,7.716717635238519168e-01,4.595869453947624139e-01,5.861407330727098630e-01,4.778286288857486741e-01,4.105939221089649482e-01,7.336415452769857737e-01,8.955935737241228489e-01,9.995582817475887616e-01,9.206218612109440258e-01,9.785160487746171754e-01,8.116099584172590253e-01,5.602140418659393717e-01,6.627411325267341669e-01,8.472579686021501910e-01,9.774265695307682300e-01,6.394512269922434378e-01,7.838216011465585220e-01,7.573534326347114431e-01,9.806456105691012670e-01,5.519778943087226830e-01,9.596358774905098254e-01,4.911775326742987557e-01,4.320043240502684512e-01,2.936354723762035768e-01,3.801839445586925326e-01,9.217053080211371485e-01,8.735193755893911893e-01,7.323830780447673217e-01,7.328510017847735813e-01
6.996642922773862461e-01,5.804450845664512748e-01,8.971025505192544713e-01,7.304982989946394722e-01,2.290068874342109373e-01,5.217751798104808270e-01,3.458493328222485008e-01,6.298476352899229358e-01,7.942361699898020655e-01,7.626076048350689529e-01,9.959023086322000839e-01,4.500178803268815031e-01,7.790869959837742886e-01,6.146262920129135221e-01,6.802444960888630598e-01,5.018603220074879800e-01,8.827147086602773474e-01,0.000000000000000000e+00,2.914394632362516391e-01,6.456503983447676731e-01,5.743182920217453358e-01,7.214890979875390187e-01,2.601801393319863598e-01,6.684438469873770217e-01,2.461247060269053377e-01,7.612835441185661356e-01,8.440128694490338646e-01,2.863880944844973131e-01,2.646135131897838222e-01,5.201053685132676074e-01,5.794972282981877276e-01,4.421782329303090564e-01,8.102912423262342845e-01,7.426611496624786479e-01,3.004286283761101739e-01,2.468786643746120613e-01,2.848574052674104351e-01,9.245584498209632462e-01,8.952604500800173115e-01,4.062654055617305748e-01,1.529009169259656908e-01,7.296852093785070048e-01,5.663729245344875096e-01,7.781342271774737140e-01,8.311177576094078701e-01,6.304351913508738914e-01,7.877204009432610121e-01,3.775677550328632170e-01,6.819954934095452392e-01,6.713593946609871521e-01,6.627565665234198544e-01,5.161375417936018284e-01,8.849022748371765390e-01,5.531586690111686133e-01,8.896666704894254929e-01,5.698555189014126166e-01,3.051665001038779135e-01,6.966035356544486579e-01,9.571257993106356832e-01,8.410100487692515614e-01,2.670378680918996106e-01,7.303137867176837661e-01,1.424646969205103086e-01,8.480010326049627345e-01,8.879550328434330231e-01,9.403543557940238218e-01,3.556765827480542486e-01,8.719370709518975415e-01,8.372199824755663933e-01,5.728213119680883314e-02,7.825904238667324986e-01,6.647565125497454375e-01,-8.565841396189548262e-02,4.369497040082037098e-01,4.882261822839962795e-01,5.370447595874936475e-01,9.456767810275181763e-01,7.903503762865398130e-01,5.108810981452871491e-01,3.349723151154965217e-01,7.972505020893538852e-01,7.230021592089237448e-01,8.868646772304303871e-01,6.970415124588436040e-01,6.204985285687574237e-01
