0.000000000000000000e+00,3.727935330245831791e-01,4.682589300567042701e-01,8.375941160219503301e-01,6.889465749085181834e-01,7.018195236572953855e-01,8.814382915473024660e-01,6.826035613062834129e-01,8.329525978369535233e-01,8.138547489479330821e-01,5.748806254203042698e-01,9.884301902520309380e-01,4.752929294675927174e-01,6.281500887472336592e-01,7.238627354391918844e-01,2.878769545471621671e-01,9.866460017643671199e-01,-3.915214029242286564e-02,3.601352489796786349e-01,7.616140045209256471e-01,9.013751098464631850e-01,7.893878813614010337e-01,9.558390590677104948e-01,8.717059077546471801e-01,6.927296785470701268e-01,8.124124507290262365e-01,9.985238820048563113e-01,8.971844201895458060e-01,3.594984369986626849e-01,5.569496144369340263e-01,7.855062007299958848e-01,2.468076989322943726e-01,3.892345637073173492e-01,6.246067746322995218e-01,3.510746673208538504e-01,3.666426368412980530e-01,7.428912978546158286e-01,9.385549658070262424e-01,8.822242644637624531e-01,8.975447063962604943e-01,8.424382049481480284e-01,8.009935956208367180e-01,7.772451804529126873e-01,7.027356745809485439e-01,6.388775037970617632e-01,5.280195555847051470e-01,8.914872952819099527e-01,4.839726620108480981e-01,4.192335746720535772e-01,6.015866546282279126e-01,8.971470302060139401e-01,7.665645185019259733e-01,1.684724959137998690e-01,7.150825987140840834e-01,5.146554384844075347e-01,8.555543502412275014e-01,9.607264535166852859e-01,6.494208686307995082e-01,5.296779546010962347e-01,7.168327288092959382e-01,3.692830606244855152e-01,8.015547610644938592e-01,8.322670206541421534e-01,9.972251059277592589e-01,6.138211072139796443e-01,9.269561880197764170e-01,9.985277567680054256e-01,6.412526932610871366e-01,4.310033771395508362e-01,6.105056513459652390e-01,9.991457587153631525e-01,4.663217497581285120e-01,5.652390032041332280e-01,5.369799781331117128e-01,9.649374383481988948e-01,9.838325301071472184e-01,8.612725200906770073e-01,6.654470812068052910e-01,2.674575763866119393e-01,3.495173038874823668e-01,7.048960219384569070e-01,9.527755386029694851e-01,6.513123758401967445e-01,8.696232691140939330e-01,7.530848878311076078e-01
3.727935330245831791e-01,0.000000000000000000e+00,5.782588399996875239e-01,7.315609429002690733e-01,8.753870911931105336e-01,8.209441092390967754e-01,7.795497938957997031e-01,4.094890074573653282e-01,6.281651882822025801e-01,8.072697691298730271e-01,6.950580248208091394e-01,7.295968470355901347e-01,6.435508003065154581e-01,7.457323243835008997e-01,7.878718701629381371e-01,9.755062074466486211e-01,7.507555710618258882e-01,5.005033400387496334e-01,9.261255645152234317e-01,6.591634011826880135e-01,8.658986411849300957e-01,7.549758348845924116e-01,4.876022510879559624e-01,9.725665876920863706e-01,2.408520136213864460e-01,8.542114366617420407e-01,6.617794907394579651e-01,6.086612949227004910e-01,6.514908379837679453e-01,3.203046129630556238e-01,3.231794834635611235e-01,5.255544071191929900e-01,9.194973192799303918e-01,7.396388526672568187e-01,7.990713676593982351e-01,7.206360824149836697e-01,2.457852546091525980e-01,8.197362012089801642e-01,9.182811122588248054e-01,5.488345027092585982e-01,7.094181499664803381e-01,5.209492042684464863e-01,7.170286469146481823e-01,4.328845257217395215e-01,8.743267970293733260e-01,6.012682619091704872e-01,5.529569052518842343e-01,2.324960017797474132e-01,9.659972074118666763e-01,4.337377033835758677e-01,7.093430427967786223e-01,8.461663016089477907e-01,9.313353903224721453e-01,5.808494570138678093e-01,7.232651609332980680e-01,5.575887546849888077e-01,5.312687756527192384e-01,8.991611073401741816e-01,8.833514148639458607e-01,2.367378385634137938e-01,5.150527134570143106e-01,6.242318554550543297e-01,2.705948597799919808e-01,9.685481518001107792e-01,6.138965539200468280e-01,5.989552346175119890e-01,7.567366966449086130e-01,8.891882635090587739e-01,7.118522316492961188e-01,3.460796572443884944e-01,9.572466592448558576e-01,8.257860006570459932e-01,5.633676526548704322e-01,3.470897946231130682e-01,1.664836766770844412e-01,9.848557878001704680e-01,5.130597871920319353e-01,7.211551735160633969e-01,4.622474409443504961e-01,2.928872000279690857e-01,6.053751815450558738e-01,7.410394021247032059e-01,9.607771416886924376e-01,7.402392114419931168e-02,8.783667768070075876e-01
4.682589300567042701e-01,5.782588399996875239e-01,0.000000000000000000e+00,9.461164181640409065e-01,8.991711888624848159e-01,9.480982252015310863e-01,9.608510403371377517e-01,6.897292026898046435e-01,7.624536178871086367e-01,5.146052025090054327e-01,3.717144747069165422e-01,8.666619950152067986e-01,8.471025220612030671e-01,9.989234623334799501e-01,7.877055038543394616e-01,6.525288794635304424e-01,6.591724978199985374e-01,7.163746034089129022e-01,6.857109338632704221e-01,7.382384315680505793e-01,7.940289289412599816e-01,5.204345218098888060e-01,5.575956647194912907e-01,9.851651842634500111e-01,8.059960605172058479e-01,7.478995263509549130e-01,8.704709407938876486e-01,9.996198003583642855e-01,8.872942041336919772e-01,7.288901733868536903e-01,4.948403801109295119e-01,6.502942435691085876e-01,7.159708489524425623e-01,5.518807588744671921e-01,7.270863460141281376e-01,4.804026546066174630e-01,1.625762046974007502e-01,8.134923994046462381e-01,8.447973902364169785e-01,9.364569971961290706e-01,2.194567814054337873e-02,8.541745930275757015e-01,8.058697231783913395e-01,7.650682097276771954e-01,7.237168930723172355e-01,8.010695331219696014e-01,6.845068704089196654e-01,1.562412745950132742e-01,6.412628654364243008e-01,8.914589778930499531e-01,9.919942744036638338e-01,4.559669145097721699e-01,6.420727269587646058e-01,9.616462151432834116e-01,9.374365996301712300e-01,4.467817571868430426e-01,9.737855875014223006e-01,8.504785462234202287e-01,8.119061199441824916e-01,2.321553867185348063e-01,4.495975412525693993e-01,8.228972836336020391e-01,5.762474127945904634e-01,6.669277774626107824e-01,4.511501914561569793e-01,3.038500647778024089e-01,4.603799440350696548e-01,5.740208799517894089e-01,4.728234655037618084e-01,8.144161617540360276e-02,9.102319404656042945e-01,6.970585627352333669e-01,3.830868259929500752e-01,1.830659817383790133e-01,8.008758723500688514e-01,8.633798387710323041e-01,9.097664817412126625e-01,6.353793904393847392e-01,2.504620743831395546e-01,2.031745968914538125e-01,6.692545439782722205e-01,2.451095832425899679e-01,9.923096299527407460e-01,5.768276467354997994e-01,6.708474026735121720e-01
8.375941160219503301e-01,7.315609429002690733e-01,9.461164181640409065e-01,0.000000000000000000e+00,7.589167125467999320e-01,2.016351434735866033e-01,7.459920791594915057e-01,8.439327432955067154e-01,3.536215076799170687e-01,5.561456053885094342e-01,8.277390481599118388e-01,8.946818778450502663e-01,9.476125192683297893e-01,8.437718908498685888e-01,8.968804195990014438e-01,3.716285947268560541e-01,8.650158309693273262e-01,9.514769671887436386e-01,4.856210354239040572e-01,7.295592507803891902e-01,9.335356254694857636e-01,8.180447427397282700e-01,7.322282769990755558e-01,6.251985308524196094e-01,4.930281199838495998e-01,6.172486039106591660e-01,7.245182269502727923e-01,4.003259807792350911e-01,2.668671189227032614e-01,6.186839594383352070e-01,7.757536752858696927e-01,7.400860489033405099e-01,6.411106421587076110e-01,7.166666370541779907e-01,7.627595805376449212e-01,3.917801303177312344e-01,1.273665458124244587e-01,-7.084818572652565316e-02,8.147390040417525903e-01,8.963427111397667124e-01,1.786025144867059711e-01,4.236295575527900259e-01,9.695581453256065796e-01,8.891432183664302880e-01,9.347147196777683131e-01,4.331134350735809102e-01,6.451325721340083197e-01,6.573163896113161098e-01,7.738798969999572952e-01,7.422943617967572294e-01,9.584766276809750796e-01,8.211106876448061032e-01,6.245648260372727023e-01,6.394005682667517343e-01,6.927549374321234632e-01,8.715598113365191635e-01,6.874706940722928872e-01,6.740531533384096496e-01,7.838020768689074602e-01,4.443528599069939689e-01,9.846749098145024526e-02,9.370285328487679699e-01,6.399241036492115953e-01,3.608666268931429721e-01,6.514675832251505261e-01,8.370246101290640395e-01,6.034864561645459924e-01,2.519782971735470278e-01,5.384427696856004530e-01,6.786937002362707361e-01,5.794630456642803074e-01,6.674255220684695289e-02,5.288966352642281432e-01,5.965553040310798139e-01,7.854327694473970389e-01,7.586936514981794666e-01,8.928522456535096241e-01,1.317538433096669959e-01,7.859351610183038517e-01,7.001884111763112539e-01,5.765055546919405360e-01,7.067086628674518201e-01,6.174098607606534062e-01,7.421169290244823413e-01,9.630904437347282965e-01
6.889465749085181834e-01,8.753870911931105336e-01,8.991711888624848159e-01,7.589167125467999320e-01,0.000000000000000000e+00,9.092873381551503931e-01,2.556300817250743984e-01,4.765114490150120785e-01,6.996776852134002356e-01,9.443000430200224615e-01,8.205961107365092877e-01,7.427279811270331988e-01,8.395545453947282910e-01,5.614272049946507082e-01,6.212417516223555092e-01,7.933158293929774008e-01,6.266388074764775995e-01,4.065450439350196121e-01,6.396661607924247761e-01,6.459917705860348525e-01,8.990630096017780959e-01,8.991650854639346990e-01,4.986788328251448021e-01,8.907019070122816906e-01,2.794541131937095524e-01,7.914575900730311808e-01,8.446347738364872182e-01,6.145059747531280703e-01,5.222532875773394645e-01,4.981197816676685153e-01,3.280109133215768358e-01,6.068994692290613502e-01,7.125063726425806543e-01,8.598056936466599298e-01,3.461607922209636312e-01,9.182724570238186557e-01,3.450500578145486164e-01,6.000108507206419750e-01,3.360339019058791177e-01,7.302626853059400736e-01,5.571066562573753211e-01,7.932196420541870463e-01,9.230039303864998601e-01,5.290260253716726480e-01,8.690306782289242138e-01,7.374906235192646431e-01,9.024993319231374711e-01,6.568421774057227047e-01,5.354633423680719151e-01,7.775676836843846695e-01,9.489894829890900274e-01,6.450884847260892618e-01,4.744475924223603425e-01,7.200570903619654128e-01,4.460502488868711146e-01,7.350814926626024759e-01,5.536567087641010021e-01,9.552834863058203840e-01,9.759941262614013624e-01,4.946017682591308251e-01,6.164995614454189810e-02,6.811487627992504068e-01,7.000644167872267509e-01,9.708398785832896838e-01,6.657489768065132374e-01,2.511078766620390423e-01,9.261681685776966821e-01,7.898992168727497765e-01,8.160948966252073999e-01,4.731124065336826390e-01,3.814055184567136658e-01,4.998041885841189025e-01,5.176006632206989755e-01,7.132278681494045314e-01,6.953885075960096751e-01,4.162157969807922520e-01,6.043858923698520735e-01,7.009224951879918786e-01,3.145229779540663628e-01,3.408911145539084142e-02,9.949592664498496664e-01,7.827883924198612009e-01,9.524245285055708832e-02,2.102207553258786943e-01,7.647917214489388105e-01
7.018195236572953855e-01,8.209441092390967754e-01,9.480982252015310863e-01,2.016351434735866033e-01,9.092873381551503931e-01,0.000000000000000000e+00,7.552005355353452742e-01,9.480470552410215079e-01,5.391877798835876812e-01,3.561945733570902606e-01,9.109083554461779864e-01,7.211406691316217810e-01,9.709773686737229736e-01,2.648598386944089333e-01,7.422004182963259922e-01,3.128458175635037697e-01,6.067727867331013103e-01,8.123143162787367366e-01,5.708837815441316632e-01,8.325355243305225805e-01,9.048185946477580455e-01,6.237415244287427551e-01,7.588634515527572511e-01,8.837508474894902877e-01,4.683900337751988330e-01,2.837926327605799770e-01,2.844319675585648133e-01,8.200341599149761906e-01,5.466137129154996499e-01,5.704602099423579098e-01,6.304696671976686151e-01,5.936274473008009700e-01,8.127864828156768917e-01,8.656999160117899716e-01,7.328638053918914430e-01,8.092518438060335439e-01,5.106181589462167013e-03,6.747716700261932044e-01,7.278643563881638245e-01,5.376685110977602600e-01,5.631684668373577729e-01,4.472599015495099528e-01,9.224750802166984398e-01,2.101887034055418546e-01,4.380055226534190771e-01,8.496446825278058945e-01,8.383275022608634997e-01,7.208358115338798777e-01,7.721996184738895153e-01,6.383848824475955031e-01,4.073651044353688855e-01,3.986313723121814867e-01,6.781040198373377015e-01,6.292951277395356646e-01,6.722386221851806010e-01,8.154078197073385548e-01,5.216160398140778920e-01,6.598096362244055824e-01,9.843703987057977889e-01,2.973673356970563120e-02,5.757013796945078532e-01,9.794221623379076869e-01,6.926991033784150043e-01,5.826350580698942405e-01,9.360827966424692947e-01,7.893187018448946102e-01,3.872572833225677025e-01,7.403644296397809965e-01,7.392615843610376158e-01,7.165559744450858970e-01,6.219259918505521956e-01,9.153541247093640587e-01,3.119503074939609100e-01,4.108403436072280424e-01,4.260069062531480766e-01,8.432353191370945966e-01,7.408582108462333782e-01,9.641490510496777411e-01,4.093644867225739725e-01,3.772485783986059271e-01,2.430163096202503925e-01,8.558946276809424880e-01,4.931924254848492062e-01,5.259801895807281191e-01,5.206992846513803785e-01
8.814382915473024660e-01,7.795497938957997031e-01,9.608510403371377517e-01,7.459920791594915057e-01,2.556300817250743984e-01,7.552005355353452742e-01,0.000000000000000000e+00,5.113289869021416800e-01,6.162283388479381507e-01,6.530530936511732554e-01,2.002582000827951847e-01,8.531478095586933486e-02,4.309741390859776478e-01,5.195775806618768700e-01,3.339360882547715015e-01,-1.276723875358200810e-01,9.685566961661897789e-01,4.821839434589094142e-01,7.633612883875912081e-01,3.666501935838474280e-01,7.164323680278127382e-01,3.425007875029311560e-02,6.336772550514589986e-01,6.521258553547730763e-01,5.207508333940655820e-01,4.871213980288845447e-01,7.965817073277086102e-01,-7.834133685781520529e-02,6.018740803186047872e-01,5.049376368484611577e-01,1.860994265599392183e-01,4.718208136910658768e-01,4.756118514191968183e-01,6.252082786038064555e-01,7.401610257480263355e-01,5.540664457500663609e-01,-5.955054111092428215e-02,4.919672720449301262e-01,8.479196660098110572e-01,4.337370607058433913e-01,3.606178445313584779e-01,6.961897173240934045e-01,8.272465275337154145e-01,6.854414642885076070e-01,6.205913787941529369e-01,2.282237009547278539e-01,3.700500359616396562e-01,5.498721042280482196e-01,6.255613367435851613e-01,4.248396062938363249e-01,6.344125691473022632e-01,5.668543219658682686e-01,4.389206993134839863e-01,7.557215256743544662e-01,6.534215999097602312e-01,7.740542801061690570e-01,6.934192758055671701e-01,2.180658759584061801e-01,9.151147806663504358e-01,4.862176972487156634e-01,6.769278391627518987e-01,4.444605163496931355e-01,2.397615962631569064e-01,6.166157943793237894e-01,7.629428980973693708e-01,3.176203260986448229e-01,5.605438093246684073e-01,3.091686424278629608e-01,2.916009843921530953e-01,7.360091534840054184e-01,6.460588027978939607e-01,4.344520570352642941e-01,4.357228356633540134e-01,7.155498622719733692e-01,6.802222416508064695e-01,4.326384830418362748e-01,7.097560093448097573e-01,4.442430868938306854e-01,7.648984522972209765e-01,3.975055038617556491e-01,2.481474936001474285e-01,7.571215754624625038e-01,6.598843033412601367e-01,5.921669750749193328e-01,3.569272326343351232e-01
6.826035613062834129e-01,4.094890074573653282e-01,6.897292026898046435e-01,8.439327432955067154e-01,4.765114490150120785e-01,9.480470552410215079e-01,5.113289869021416800e-01,0.000000000000000000e+00,4.329220477336305217e-01,7.814580743165269183e-01,4.877143475572879305e-01,8.110067071410016482e-01,8.374824843653378981e-01,6.779167624820944260e-01,6.161419000356664899e-01,4.011011973314188572e-01,7.175533353292418148e-01,4.544896552275025647e-01,6.758247550548952542e-01,7.444704996571153144e-01,5.569090311432967066e-01,9.305339837403108216e-01,2.952984758204842963e-01,6.374241891932840298e-01,5.898060227507698761e-01,5.626781677529058001e-01,3.784069834221233108e-01,5.269551675203891783e-01,6.661716393873730047e-01,3.911141000870092532e-01,9.577413911874119723e-01,5.044514426857288347e-01,5.160485065274491578e-01,4.931786457171838389e-01,6.448982352924448325e-01,4.723898217495918206e-01,3.242744238799549761e-01,8.748134620439221854e-01,6.774875411460549168e-01,6.860738933339994849e-01,7.085984662645182786e-01,5.702801251054678833e-01,6.111228593587328950e-01,4.342613378173323380e-01,9.991871613181040335e-01,5.724355117512537339e-01,7.422178589909141921e-01,2.414723175712866765e-01,7.353871782116464528e-01,5.941491049144566050e-01,1.574875554439101044e-01,7.943142626976990028e-01,7.927369930825352018e-01,4.142562119630049944e-01,6.686886995132355072e-01,3.560587078906672365e-01,6.330702889039908632e-01,9.697548996693847734e-01,8.294790391174404753e-01,2.733673904663296295e-01,4.836808632437250566e-01,6.509483974031482489e-01,6.655031318411970265e-01,7.917697830952602489e-01,3.623474816340051530e-01,7.137088787375348575e-01,6.465632053055724304e-01,7.696835615446291357e-01,5.463318683896239980e-01,4.991441043134149380e-01,5.404724586915188311e-01,7.659184312704031550e-01,2.706399567889890001e-01,7.359958547676023199e-01,4.314182502716795153e-01,2.375694435154806217e-01,6.754927679605733370e-01,5.102650170126422635e-01,4.205786268998956134e-01,7.435538067066820300e-01,4.360255626170347898e-01,9.940614332377941675e-01,9.707915558738891004e-01,7.292201633177644027e-01,7.444531938629380674e-01
8.329525978369535233e-01,6.281651882822025801e-01,7.624536178871086367e-01,3.536215076799170687e-01,6.996776852134002356e-01,5.391877798835876812e-01,6.162283388479381507e-01,4.329220477336305217e-01,0.000000000000000000e+00,3.156072407183511119e-01,7.605752000225117770e-01,2.393031126678352716e-01,7.846601400322452680e-01,7.365886791287051816e-01,6.907362765459170717e-01,7.596726336845940342e-01,9.030851478316358483e-01,1.744075697707068717e-01,6.860185089518315849e-01,6.704421769640640516e-01,8.163524810834327239e-01,3.181183117879384237e-01,6.823695444880512051e-01,5.079977061868617971e-01,6.407789816111822967e-01,8.040394397846544194e-01,3.066055981929330931e-01,5.570831536128801886e-01,2.590560746244210399e-01,7.356817943622567801e-01,3.874213634708644216e-01,6.327689317054182583e-01,6.393213068656660170e-01,8.085533724232234487e-01,8.121841142874599573e-01,5.752375789660951755e-01,5.897104086125181110e-01,5.817429325593383993e-01,6.497233149535021068e-01,7.483686709293622119e-01,5.876105045613309041e-01,5.038314117087518973e-01,8.817517194844849415e-01,6.712298851351148343e-01,9.264968771072331633e-01,4.641061029343231947e-01,6.488898768831068420e-01,8.763493602305564290e-01,6.816664123806629449e-01,4.076789955861626069e-01,7.445273976638533409e-01,9.963654594065496362e-01,5.736443904702192009e-01,9.516016242559215410e-01,6.577327477806714784e-01,9.599707723837805906e-01,6.047097293651680916e-01,6.805232348539453913e-01,9.227123902784025722e-01,6.902084389992352298e-01,4.719693516940312583e-01,3.709827334170665014e-01,5.003433558102698964e-01,8.287781303583524606e-01,8.003696615192281705e-01,9.392171351226161757e-01,7.902441353154198156e-01,9.843467579467579665e-01,4.288614476186806690e-01,6.522823921895954946e-01,8.904984792969731222e-01,2.196994569139306130e-01,5.985814329848340165e-01,3.639195652961695338e-01,7.131210745911511495e-01,5.374984036653798203e-01,6.141812063182123804e-01,4.738217653724976497e-01,4.951690497308296468e-01,2.424808230729394720e-01,4.431035855948133317e-01,3.301547469889157260e-01,5.101310910536865917e-01,4.724754247004300800e-01,4.924402750840597420e-01
8.138547489479330821e-01,8.072697691298730271e-01,5.146052025090054327e-01,5.561456053885094342e-01,9.443000430200224615e-01,3.561945733570902606e-01,6.530530936511732554e-01,7.814580743165269183e-01,3.156072407183511119e-01,0.000000000000000000e+00,4.468235096115740212e-01,7.647708162024272616e-01,4.147652669455341168e-01,3.918341929146387237e-01,6.393581735603853788e-01,6.127096697249704293e-01,9.535390469167974725e-01,5.024404576942758105e-01,5.662569011903536564e-01,1.062378746889036246e-01,7.028260651885942512e-01,6.005696832882988501e-01,8.577845386093850832e-01,5.739009054835835233e-01,8.039077990152829756e-01,8.995615321901859751e-01,7.901408560508722534e-01,7.913804597431832732e-01,3.003558897112824644e-01,4.841159461359638150e-01,2.651247048226605396e-01,2.455880504891732041e-01,9.718668052690981884e-01,2.189353715272713274e-01,6.430956441552062586e-01,2.596676541449283726e-01,1.666800928192147535e-01,9.950317560868922051e-01,9.676564518534567227e-01,8.526012029613634358e-01,5.600562948274760977e-01,6.821457919769807754e-01,8.566010765955045514e-01,4.169555778634041476e-01,9.970354994644593516e-01,4.418129410746138297e-01,8.938193336982803716e-01,7.430738567469097333e-01,4.134775170259147870e-01,9.304691358151528924e-01,9.872004309710822323e-01,6.720627271803112368e-01,7.453245261650114362e-01,8.337492462487688938e-01,8.191754658700229896e-01,9.002314407016597242e-01,5.895262473266601466e-01,5.735015823016392789e-01,6.336342665569902888e-01,6.204280619362881888e-01,7.546070228774190980e-01,6.378247519041625457e-01,5.392751211833138880e-01,8.539764070810209606e-01,8.503291400215632345e-01,5.453212489049256151e-01,7.151037028658844275e-01,8.997567453155962403e-01,6.433719482245168209e-01,8.576636392202605652e-01,7.471527774720061466e-01,7.084532879180996945e-01,5.830633363316458651e-01,5.508210991968425230e-01,4.129444946095336411e-01,5.999892355472477012e-01,6.606391295858725643e-01,2.619481333145574076e-01,4.567594957944005052e-01,5.634651118866239594e-01,5.169340724640546503e-01,8.815142509740324650e-01,4.566804745507380692e-01,4.975259645914589246e-01,6.600312148679403634e-01
5.748806254203042698e-01,6.950580248208091394e-01,3.717144747069165422e-01,8.277390481599118388e-01,8.205961107365092877e-01,9.109083554461779864e-01,2.002582000827951847e-01,4.877143475572879305e-01,7.605752000225117770e-01,4.468235096115740212e-01,0.000000000000000000e+00,6.174483019812004869e-01,9.596718829678396734e-01,9.568339077113148239e-01,4.446970180697459307e-01,5.020601734555104612e-01,9.774928251207439800e-01,8.938732549269473582e-01,3.489169083602836757e-02,4.713253653154549361e-01,7.448442193656705790e-01,7.019236658931093942e-01,8.022775409883924347e-01,9.834672803509122430e-01,6.321866597790005704e-01,6.108073663984453505e-01,8.663081998743549228e-01,3.779767144762498088e-01,5.791628803400842296e-01,7.674724544502405932e-01,7.037472601879668499e-01,4.782994961828143654e-01,2.056346849441579860e-01,8.766226880779977026e-01,4.953587258383244096e-01,3.653638495884240500e-01,3.119569293136981725e-01,5.636413157897759429e-01,8.998155173136691554e-01,7.179305284341593874e-01,1.750738751539102078e-01,7.540974526237944620e-01,9.269083968513671667e-01,7.132714063709043595e-01,9.232248848834203603e-01,8.739529953429439058e-01,5.234127580058020035e-01,5.230411995877360942e-01,5.013816015189074271e-01,4.387943846435228834e-01,6.839655859576544428e-01,4.323277882865070865e-01,4.327011019817434412e-01,5.173482146128361991e-01,7.506809081026181163e-01,4.349121343897496828e-01,2.966769725739535346e-01,8.788292623537874437e-01,8.036520116993901564e-01,9.491447723467053565e-01,6.389814782661753512e-01,7.614269250812714107e-01,7.522757006558375981e-01,4.885640746767058729e-01,9.126210998370708483e-01,4.474223918032073644e-01,7.608314274162113477e-01,7.750375193541906294e-01,5.503959823180175626e-01,7.563493902308831007e-01,9.341932916435544687e-01,7.331207240535015934e-01,4.249264359348090686e-02,5.251783287868558858e-01,3.933008203465589991e-01,3.274410864369849961e-01,6.781163952629615244e-01,5.984943832567680699e-01,7.546560454855664180e-01,5.939603529097224888e-01,8.502449389114115075e-01,4.210903772479834273e-01,6.254697351107086911e-01,5.177627030105421690e-01,6.466550428996060695e-01
9.884301902520309380e-01,7.295968470355901347e-01,8.666619950152067986e-01,8.946818778450502663e-01,7.427279811270331988e-01,7.211406691316217810e-01,8.531478095586933486e-02,8.110067071410016482e-01,2.393031126678352716e-01,7.647708162024272616e-01,6.174483019812004869e-01,0.000000000000000000e+00,7.611061487381260982e-01,8.357852691188253358e-01,7.880022580394483445e-01,4.953411454160197569e-01,8.048527026825725850e-01,7.280711334390255196e-01,9.633252104074974120e-01,6.908004066208990324e-01,8.453071317215525848e-01,8.395552912084923713e-01,8.649275009609499465e-01,4.667345957864877937e-01,8.607899268294562090e-01,4.464390955130153049e-01,5.325226831496824298e-01,7.212769205064067934e-01,4.558153532431643007e-01,2.658276073089915759e-01,3.246976625481443057e-01,7.947879074327108828e-01,7.374856797624560478e-01,6.274912680258177833e-01,6.547269744036751105e-01,5.201820583318086388e-01,2.794321002801182230e-01,4.213742384616168124e-01,6.734462599001788119e-01,8.531857845361862092e-01,7.283073936047751440e-01,4.229264476879661672e-01,6.661958126977338690e-01,3.236225610011786991e-01,2.229492410479589348e-01,7.794070460210029694e-01,6.867491728653174476e-01,8.446854053110922633e-01,2.774733615438954581e-01,4.522603578712834360e-01,4.939980988848727828e-01,9.706981629430397884e-01,6.361338382567452987e-01,9.142592637049001825e-01,9.061435230133360053e-01,8.051814536212006379e-01,6.805107305663811168e-01,9.532512991173749395e-01,7.990359794008141670e-01,4.312627313033591259e-01,6.181549759848219416e-01,9.635691370366908926e-01,7.137564131804744472e-01,7.415718150035763845e-01,9.447876124016427735e-01,6.777730530927839059e-01,6.711952707988850797e-01,8.181688594864954256e-01,7.058019034659009927e-01,4.826837569372087744e-01,7.580338202293368521e-01,7.068928843049222532e-01,6.115410904938044512e-01,6.304773522330778812e-01,4.339257583018625852e-01,7.764277673183430650e-01,5.963995130701991165e-01,5.698772274462036158e-01,5.265232856545454254e-01,3.135993065006134062e-01,7.667002716151138930e-01,4.880674687935464551e-01,8.175572759627600661e-01,6.370005097287947393e-01,2.347983089444349580e-01
4.752929294675927174e-01,6.435508003065154581e-01,8.471025220612030671e-01,9.476125192683297893e-01,8.395545453947282910e-01,9.709773686737229736e-01,4.309741390859776478e-01,8.374824843653378981e-01,7.846601400322452680e-01,4.147652669455341168e-01,9.596718829678396734e-01,7.611061487381260982e-01,0.000000000000000000e+00,6.603271053760408904e-01,6.738520753455070622e-01,7.604582209488591760e-01,4.372030934287722825e-01,5.894110295747252426e-01,5.053573852985382420e-01,7.439647215575808659e-01,9.610362911250796003e-01,9.302396674821047373e-01,7.684097943799157449e-01,8.143420442253151981e-01,4.764073732990112831e-01,8.528849147630643834e-01,8.303303148568679237e-01,8.667523999802877466e-01,7.779977524600162342e-01,4.179391892588375512e-01,6.412801032980306459e-01,9.609554765915093721e-01,9.140883570574735995e-01,6.842298257686090235e-01,9.631529679583370473e-01,8.369496147225603533e-01,2.552573472032138024e-01,8.928293309841220937e-01,8.649673901601997450e-01,2.000954769997903837e-01,6.910156009473542582e-01,2.252101669140443296e-01,6.098198530451375277e-01,5.214498640124048956e-01,9.603014534362026566e-01,7.510201283540642869e-01,8.208875441700149711e-01,2.479703189918236739e-01,9.341450030258855453e-01,2.476240815473050860e-01,7.417063061094065768e-01,8.287642367298090340e-01,8.356257265937212519e-01,6.635811990802131799e-01,3.821699337666537022e-01,8.580315207749011908e-01,7.326308972188838586e-01,5.612282951210640913e-01,9.234532674090973892e-01,5.862974650029336710e-01,2.346329741097808452e-01,8.556629003746929474e-01,6.126368623680692460e-01,6.363567193708408176e-01,2.315647183598382453e-01,9.365558755414956638e-01,9.992218046459118153e-01,6.311555476273371657e-01,1.701174276204766578e-01,3.887829847583916809e-01,7.819650309092890383e-01,5.008531793568742341e-01,7.530291956047934221e-01,2.039001773471998402e-01,7.762929449324784681e-01,7.765805131384670990e-01,5.762704581326860698e-01,9.506381449967638009e-01,3.387501987381391633e-01,6.121492438938587188e-01,6.295941860500100518e-01,8.647823973321652202e-01,7.064863822221121303e-01,9.590019073880596823e-01,9.964530172793216733e-01
6.281500887472336592e-01,7.457323243835008997e-01,9.989234623334799501e-01,8.437718908498685888e-01,5.614272049946507082e-01,2.648598386944089333e-01,5.195775806618768700e-01,6.779167624820944260e-01,7.365886791287051816e-01,3.918341929146387237e-01,9.568339077113148239e-01,8.357852691188253358e-01,6.603271053760408904e-01,0.000000000000000000e+00,4.567658158414514280e-01,5.632217936025603056e-01,6.385867488679227710e-01,5.991967267703974809e-01,9.815974590848078885e-01,6.286772348942063493e-01,9.330263029497420924e-01,6.980840825606670075e-01,4.095923924220448709e-01,5.477555948681894771e-01,8.251211289177068364e-01,8.043469932737442596e-01,2.228108208277038427e-01,9.503083463406876152e-01,2.158807451432365188e-02,5.119150204212384869e-01,4.115063059274796098e-01,7.310596271126773571e-01,6.436385685297515424e-01,1.333643011389441246e-01,2.119599742419817356e-01,3.918312743529553943e-01,7.020624243526237818e-01,8.461945079465061914e-01,5.750250667312283293e-01,7.942262954772720818e-01,4.746409618529302543e-01,7.643488655960838096e-02,8.462821960912777497e-01,8.499656026807419495e-01,9.854530572860572546e-01,8.910376365128742648e-01,1.829382505526742225e-02,6.798015952778170279e-01,9.159781049991116975e-01,8.068773997170989309e-01,8.467062630384061261e-01,5.221943552563999003e-01,6.811869175897202755e-01,6.843135267288636969e-01,8.909716956870961102e-01,7.161062851209651914e-01,9.318468038608757054e-01,8.907452301147582574e-01,9.099665307889750476e-01,5.202043043376134435e-01,4.635385356447529470e-01,7.400544055275656286e-01,8.267313636748488959e-01,9.715865486270801599e-01,3.396150943736468975e-01,9.747878416491482234e-01,9.660726680279485556e-01,8.919107501557881346e-01,6.137957756414700317e-01,8.608764342615025100e-01,5.895919997483877184e-01,4.291204232989150880e-01,3.223288229676964933e-01,6.377016983240062498e-01,6.381670235776728539e-01,6.474306335716382144e-01,9.009443526922538137e-01,9.320417281847235280e-01,7.254530360648616671e-01,2.703018700204299352e-01,8.502386074459009624e-01,8.357563790622410949e-01,7.127860071029125111e-01,4.485327631308586027e-01,9.904784111798288215e-01
7.238627354391918844e-01,7.878718701629381371e-01,7.877055038543394616e-01,8.968804195990014438e-01,6.212417516223555092e-01,7.422004182963259922e-01,3.339360882547715015e-01,6.161419000356664899e-01,6.907362765459170717e-01,6.393581735603853788e-01,4.446970180697459307e-01,7.880022580394483445e-01,6.738520753455070622e-01,4.567658158414514280e-01,0.000000000000000000e+00,6.977341932392903123e-01,5.470015305278540518e-01,8.001935296012362420e-01,5.391951150374654222e-01,5.330139351873673936e-01,6.935840211426549384e-01,7.325905909065945076e-01,6.830308951070211965e-01,7.957751364642179359e-01,7.430001339437748431e-01,6.371172998215670624e-01,6.298454529204086105e-01,7.469399799637035375e-01,3.444020487665904184e-01,6.198904629358822360e-01,1.847950324992293225e-01,4.607840341904611003e-01,5.659202315219886703e-01,7.230981757820335032e-01,2.438230714730341142e-01,1.565222834151545617e-01,1.405216393893618798e-01,7.395646941475825242e-01,7.228787453806653218e-01,7.829327324818283751e-01,4.848407353242600859e-01,7.710478956527871963e-01,3.471722047235422659e-01,5.688396835620822545e-01,5.384639470240119019e-01,4.287353832422353128e-01,5.124083698586726632e-01,6.432317082912369921e-01,6.154109067249683429e-01,9.397940431084357282e-01,9.616445027355083885e-01,6.537636570355568333e-01,8.856590924842615564e-01,1.755958718372405830e-02,8.408386268051272205e-01,5.993006213089192569e-01,2.956282121141985408e-01,2.279040373155066246e-01,9.639202807003368623e-01,6.606430886595467955e-01,2.368351261899625804e-01,6.971629593034247563e-01,6.317231731196074618e-01,6.534608784538115112e-01,9.374866399997361377e-01,6.080154482983507469e-01,8.824576012830492866e-01,7.702948123643968970e-01,9.492290380254216897e-01,6.871503682411144176e-01,9.289523523028397900e-01,9.252481123034392851e-01,3.334119273585738896e-01,4.349088110783223549e-01,6.408205740909234116e-01,8.167779906111503063e-01,5.170846544071886486e-01,6.428225997099543676e-01,4.513150733870940345e-01,1.671700594869708623e-01,4.492145524461055861e-01,6.702633930771709769e-01,6.241751659626444404e-01,5.699481585170546039e-01,5.159962096528875053e-01
2.878769545471621671e-01,9.755062074466486211e-01,6.525288794635304424e-01,3.716285947268560541e-01,7.933158293929774008e-01,3.128458175635037697e-01,-1.276723875358200810e-01,4.011011973314188572e-01,7.596726336845940342e-01,6.127096697249704293e-01,5.020601734555104612e-01,4.953411454160197569e-01,7.604582209488591760e-01,5.632217936025603056e-01,6.977341932392903123e-01,0.000000000000000000e+00,9.193497131260722766e-01,6.269412051284521947e-01,6.538905317525360861e-01,8.192222317063784232e-01,9.328870862936750052e-01,7.085277963216909392e-01,6.701464827216017106e-01,9.588809184348644488e-01,5.977533413635087722e-01,6.125867567941981617e-01,5.908832921058526644e-01,6.152972789077665317e-01,2.765394801284743465e-01,9.720619789415489986e-01,4.248487263439482131e-01,6.478915324487225513e-01,6.263461234269500633e-01,4.094197378693411604e-01,8.295789712366969937e-01,2.489076895393664279e-01,2.349005595798511481e-01,5.860276304809372006e-01,5.522831170523367916e-01,9.388542693228079106e-01,6.999998237887151697e-01,9.018673309565387042e-01,8.483446189593893960e-01,8.238616499799820136e-01,2.846653777628979087e-01,8.199231869081292645e-01,8.350140226265817534e-01,-3.162051139574416636e-01,4.677163719569691902e-01,4.868157912187368597e-01,8.207983861465680819e-01,7.459511734342803013e-01,4.615245470281335582e-01,6.464572978967639827e-01,4.344131860187493976e-01,8.671968767732830541e-01,7.928656846999860841e-01,6.844481531031665344e-01,6.669114489036443993e-01,4.877171631292398502e-01,5.463181305946448463e-01,4.830743366450981346e-01,5.624622712129399016e-01,8.318704023006224801e-01,9.960225672517015738e-01,4.418990517665410400e-01,5.429825945537828380e-01,8.374540463688868730e-01,6.365779534138232831e-01,9.136865824151445548e-01,6.486712111134532721e-01,8.986294404194028473e-01,2.910091414093580187e-01,7.125081587674961803e-01,9.812725682441465480e-01,9.370285264965871885e-01,7.202453463751512519e-01,9.224804677581819323e-01,1.553550998510624392e-01,1.769371932322089391e-01,5.398071607082615131e-01,7.770999786253349750e-01,9.061114563373278141e-01,6.418731856994788210e-01,7.669870263266252985e-01
9.866460017643671199e-01,7.507555710618258882e-01,6.591724978199985374e-01,8.650158309693273262e-01,6.266388074764775995e-01,6.067727867331013103e-01,9.685566961661897789e-01,7.175533353292418148e-01,9.030851478316358483e-01,9.535390469167974725e-01,9.774928251207439800e-01,8.048527026825725850e-01,4.372030934287722825e-01,6.385867488679227710e-01,5.470015305278540518e-01,9.193497131260722766e-01,0.000000000000000000e+00,6.971866216933162441e-01,3.812153613545400388e-01,9.096061176787935132e-01,6.149092069133558214e-01,9.674744800671583045e-01,7.974699989902349628e-01,4.146041142897960996e-01,4.091308907933598471e-01,9.687513537079177617e-01,7.511731064820388604e-02,7.847957509546915622e-01,6.934928100501996928e-01,4.843085443904627807e-01,5.460749990817928001e-01,9.762737255443221240e-01,9.385625752433450764e-01,9.006657323368989498e-01,8.997024576818273278e-01,3.499060963431526172e-01,2.805390702036184569e-01,9.691085715926697208e-01,7.559208631656488819e-01,8.590804019642578337e-02,7.488137068515080541e-01,7.488599972985594544e-01,9.855809210251182950e-01,6.021632067790431142e-01,9.764750775674492234e-01,8.787200015400179476e-01,8.736593892055584121e-01,6.935452288208164839e-01,9.363036547087777439e-01,8.425006667667888083e-01,9.394279000219704079e-01,4.589801676626979465e-01,8.243915024740315900e-01,9.464561286135360074e-01,8.244093350335985892e-01,7.390013730097493294e-01,7.518441165553990668e-01,8.737488172060302594e-01,8.126417994568563286e-01,4.900731663250711412e-01,3.113235360373668437e-01,9.267107980926813093e-01,9.088666860398567637e-01,8.961698230804479026e-01,6.350486078433740245e-01,7.131995333970209128e-01,8.228270680724932840e-01,6.570742010277307310e-01,6.520298002618758471e-01,9.782006118137142048e-01,8.134223317774328388e-01,9.053858918650528054e-01,4.470114865848595631e-01,7.415096308056694507e-01,9.473817076098927092e-01,6.189415054333020638e-01,3.174185245581458981e-01,9.936348793210596497e-01,3.088476046917960627e-01,4.208114512085379122e-01,8.789957266195479457e-01,8.955000095312750652e-01,5.000739351245970798e-01,4.146081882871410773e-01,4.858041581286386967e-01
-3.915214029242286564e-02,5.005033400387496334e-01,7.163746034089129022e-01,9.514769671887436386e-01,4.065450439350196121e-01,8.123143162787367366e-01,4.821839434589094142e-01,4.544896552275025647e-01,1.744075697707068717e-01,5.024404576942758105e-01,8.938732549269473582e-01,7.280711334390255196e-01,5.894110295747252426e-01,5.991967267703974809e-01,8.001935296012362420e-01,6.269412051284521947e-01,6.971866216933162441e-01,0.000000000000000000e+00,3.532239788891884391e-01,9.933089908640082566e-01,9.191259359482660818e-01,3.046357938285700895e-01,7.212134827494283140e-01,6.323685865177639531e-01,8.318548370307694562e-01,5.999135721629079709e-01,4.948527588388751952e-01,6.768493555010022256e-01,4.252687243464240985e-01,2.854678358978806063e-01,3.100333827096201644e-01,4.571490640222456436e-01,8.646321265938282652e-01,5.338341405232243098e-01,6.770162893041180574e-01,7.251517203823594215e-01,3.958030153686297181e-01,4.898638496895125205e-01,6.884507313286886143e-01,9.406466206609469527e-01,6.103789397489034485e-01,5.490225611621217805e-01,9.080455055656219132e-01,9.211162631266457401e-01,9.207499403439108887e-01,9.149009105061720604e-01,7.803206876122835700e-01,7.213346482391097547e-01,3.301970041694577973e-01,8.155580015808643335e-01,4.700480263149163784e-01,7.155025125286144094e-01,9.187753806644244348e-01,1.876977513668527664e-02,5.278245140585697825e-01,7.168879840471127363e-01,6.788313966546524192e-01,5.686249904511930797e-01,2.953752879126168018e-01,5.469544811252108341e-01,7.405705553750818737e-01,5.789095747804334779e-01,8.687443698984780305e-01,8.702024611698873091e-01,9.551490299241520709e-01,6.568467331679953558e-01,7.313336390448351709e-01,5.960667503908497755e-01,6.299741132450993319e-01,6.715636802351836465e-01,7.254866492290403812e-01,4.666741284450480753e-01,5.358376176183439199e-01,4.551669348892324884e-01,5.785277728805628961e-01,2.616736104225365900e-02,4.311348609858717817e-01,6.039472760878789037e-01,6.168112051486581704e-01,2.323302949459908062e-01,4.621620408351331255e-01,8.207079042736775687e-01,4.476495313480563509e-01,2.550548088843965777e-01,7.078856292444382081e-01
