0.000000000000000000e+00,8.394495782822272156e-01,8.155133753723152745e-01,7.821835463076498574e-01,9.709304846397415201e-01,9.954953587299674167e-01,5.814178357194965674e-01,4.577714123059808959e-01,7.404447288644460112e-01,6.022275111021148097e-01,6.279805014374412186e-01,8.098935063093721798e-01,9.814507454221478300e-01,5.239346341552226782e-01,7.114100525211105586e-01,8.286541155233200229e-01,6.934020708467635297e-01,5.270856777455306119e-01,9.744225492598096450e-01,5.701804055714557729e-01,8.390183609892551964e-01,9.150198839695137254e-01,9.791363266830575007e-01,4.416981831671341063e-01,9.978717943539417989e-01,9.462344412933235693e-01,9.310576433416738462e-01,8.595332355776609257e-01,4.883493844871976686e-01,7.477295565999249050e-01,7.886133818895924019e-02,9.661242250287127575e-01,6.885128345641110537e-01,8.808156268550373369e-01,9.014904167542774349e-01,5.262497391591309803e-01,5.199222402114856978e-01,6.319561471103275485e-01,4.988658024781023048e-01,7.678423318340779069e-01,8.938475728298254930e-02,5.550666165434815502e-01,9.097383440233095531e-01,7.560531851751457477e-01,8.095903269323416751e-01,7.024723485398318701e-01,7.213637296771767682e-01,7.437145074413161749e-01,8.353198480052811403e-01,8.958409648462341002e-01,2.532674377251217246e-01,5.353085636402360459e-01,9.946056921596072575e-01,7.950051313723782709e-02,6.765693308907478887e-01,8.907974720970077698e-01,2.909793566513912966e-01,9.347497417906844852e-01,8.640292862517526817e-01,5.189829194934710843e-01,5.468840907851891808e-01,7.608281871504392058e-01,8.175183980067167733e-01,6.971830788882396046e-01,7.598972331873996566e-01,9.987602117160598869e-01,6.545022470425944094e-01,9.345872954842132652e-01,7.726329553656167137e-01,6.851934768428331601e-01,9.612780832469421943e-01,3.295500881100669188e-01,5.580188886781572988e-01,7.904128974698110266e-01,9.571217706678893933e-01,8.526956530124844003e-01,9.073581885691229809e-01,6.375191382682884322e-01,2.200646382511504129e-01,4.916329621225600244e-01,8.983674524591449551e-01,8.250690683331988184e-01,7.771615135350132819e-01,8.359535262289763402e-01,6.190753959182461186e-01
8.394495782822272156e-01,0.000000000000000000e+00,4.435794126962060990e-01,2.430590854193343531e-01,5.357701918822801446e-01,7.429627240198868332e-01,9.693791721500764069e-01,7.367194582883594967e-01,4.813597013648480694e-01,8.674102497259084110e-01,8.518064571738367396e-01,9.105859637885304059e-01,7.835828435583980234e-01,9.630478830816779912e-01,7.734686511077725202e-01,5.628875504498964677e-01,7.565337043193312017e-01,6.939536155194090394e-01,9.921210434513436649e-01,4.870740095511875145e-01,9.573935544493570315e-01,5.687248168281084926e-01,4.162228322962977511e-01,4.135399001824288101e-01,7.696058174301652066e-01,6.955406802232615426e-01,9.916615376198693044e-01,6.554214229559789384e-01,2.329880141853142295e-01,-1.919986193838415234e-01,-7.748877859064307039e-02,4.546665395977813606e-01,6.202496869293304682e-01,2.983569632716034370e-01,5.232395819797212022e-01,4.151836155428863528e-01,4.134113873487679225e-01,7.246707175891375918e-01,7.117138420432431722e-01,8.106412666489156704e-01,4.210940839462392615e-01,5.522297468643616591e-01,9.133908196025962711e-01,7.009132958030351856e-01,9.836992287243273569e-01,6.422255712302372688e-01,7.614028674428273691e-01,9.990118029489807316e-01,7.668077878792636248e-01,6.019251174268902549e-01,8.517838767371610498e-01,4.254019332682922871e-01,7.380185773350149692e-01,8.383265419289336329e-01,3.483978488796494188e-01,5.798384939626767265e-01,7.347059576683228066e-01,3.183024247223003034e-01,7.049656511367927703e-01,5.133862763601791945e-01,4.721882185423891265e-01,8.578599669776414416e-01,8.227379397312724330e-02,9.988209167759423135e-01,4.149855889453014646e-01,7.768884602479887436e-01,8.351531455813748783e-01,9.445004895980951831e-01,3.180516474661180815e-01,7.553032155610801546e-01,9.422895752055027163e-01,7.946976392318185756e-01,5.252675295334752192e-01,5.034240769495205159e-01,4.014887015589618247e-01,9.616882913034583424e-01,6.166321047207781181e-01,1.873571230138583177e-01,5.170858215733180607e-01,5.412343839138065160e-01,5.282644393312232456e-01,9.331749480167282895e-01,5.283981245160824791e-01,7.070852611700755297e-01,7.750319919453370066e-01
8.155133753723152745e-01,4.435794126962060990e-01,0.000000000000000000e+00,4.476087142273832420e-01,7.572135621614505263e-01,9.130726694964830248e-01,8.789581474585902443e-01,3.335553934790244091e-01,9.956945531397314308e-01,9.673664718075256630e-01,2.304751808801245028e-01,6.623718697639777719e-01,8.081848730761113098e-01,9.106194074627742552e-01,9.990291622959712736e-01,5.826690717964377875e-01,5.578470441149668835e-01,3.743928219317574912e-01,8.446253280527823426e-01,6.405913370284378461e-01,9.948650979771724856e-01,9.488267807662015274e-01,8.280567699109467883e-01,9.672968309178864299e-01,7.198292746165718681e-01,5.366578921125391144e-01,9.593633076794217951e-01,8.771742137639340076e-01,5.637633453030048702e-01,6.898487203618358654e-01,2.703528670969596592e-01,7.977775189474615170e-01,8.467926402618541903e-01,9.611826485476036019e-01,9.864970005453265189e-01,1.546782617635742707e-01,2.687582624719111468e-01,8.069558386858514121e-01,8.744724638368053249e-01,4.970847247116498835e-01,5.239953083389934374e-01,8.228137370263312045e-01,5.704278482068803058e-01,2.009150698466277141e-01,5.861854594728648227e-01,5.284460508751913643e-01,8.780148915898782214e-01,8.282497922511873334e-01,8.517722405873741076e-01,9.571440447049973654e-01,5.898600696358320405e-01,8.272203243270043194e-01,8.055420343864497790e-01,7.807244599853433442e-01,9.520601262371255480e-01,9.620340794604907986e-01,6.981403652599964538e-01,9.195323180267848118e-01,9.148508048290637795e-01,4.927332663957794123e-01,-3.100358748709189372e-02,8.747500238748497914e-01,7.487133774582690471e-01,9.811466244646608326e-01,6.914669765445944360e-01,6.429904554693313123e-01,4.435664344655663172e-01,6.148344863750125899e-01,8.503001669981756772e-01,4.490111536248244106e-01,9.575858269821018176e-01,9.960134566004421597e-01,5.503260160953357127e-01,6.445447790934997201e-01,8.289604733984748952e-01,8.875267187625390797e-01,7.263016278681746485e-01,9.766345089291658121e-01,3.629919520714260939e-01,3.331484782392855060e-01,9.985397344951740806e-01,9.475836428068133976e-01,7.751319006428717406e-01,4.751188669162843548e-01,9.399677727729067733e-01
7.821835463076498574e-01,2.430590854193343531e-01,4.476087142273832420e-01,0.000000000000000000e+00,5.422054304504437816e-01,7.944809056563735261e-01,-1.389958763432688482e-01,5.640990885420099632e-01,9.473481752154576663e-01,2.977520666621810697e-01,9.893194538699099372e-01,7.279007942627344629e-01,9.802106365530616205e-01,7.172987666201290358e-01,3.630961927010681878e-01,7.653910942864246003e-01,9.882253739462015796e-01,9.019019924870287364e-01,9.685296183578797624e-01,3.655920096121207385e-01,5.010125923822819072e-01,6.360937894449014696e-01,6.785307718898230256e-01,6.855694895816033529e-01,3.391897552408025263e-01,1.324664644799467272e-01,8.155115768981470170e-01,7.521846071701659975e-01,7.394892499322616164e-01,4.571096853504030832e-01,4.801592709607122589e-01,5.940084714033337931e-01,2.085358846981041347e-01,6.764665269006007176e-01,8.378227209990082303e-01,9.170265344830911269e-01,5.646635181175702067e-01,7.867509131708521064e-01,7.949683438192660656e-01,8.577766021068042868e-01,5.970612156372147039e-01,8.455677469201219321e-01,7.814108100129999457e-01,6.778130707060456839e-01,7.588085853939636749e-01,9.955305853235473235e-01,8.973389275242067420e-01,9.284267517192578145e-01,7.805394464112236363e-01,4.533447227400904667e-01,8.700820619575115877e-01,2.422989030727529802e-01,4.466673958647402465e-01,8.124780995838383202e-01,8.820285262854555830e-01,5.470951998409364636e-01,5.817339875564808693e-01,9.355761008279475099e-01,6.518007113852445356e-01,4.598754387072421790e-01,4.875989084236077575e-01,7.552283509259065664e-01,9.918782422670702204e-01,1.369597170736529604e-02,6.846479025448762856e-01,9.635807873133476198e-01,7.095692174318521950e-01,5.469694814479033607e-01,8.788578622570927257e-01,6.070990511436742398e-01,9.111016320650517919e-01,3.337759435189634472e-01,9.396597826111382501e-01,7.698150463898807416e-01,5.353976634230425136e-01,8.427329525521616294e-01,8.164353026047765916e-01,6.121897793553440215e-01,9.561468837022721878e-01,3.042438856448286266e-01,8.563444209989259370e-01,9.351271490793262586e-01,5.159127380469529234e-01,2.263276809757930330e-02,7.574124646444331255e-01
9.709304846397415201e-01,5.357701918822801446e-01,7.572135621614505263e-01,5.422054304504437816e-01,0.000000000000000000e+00,9.575901716034073141e-01,4.931811108505568808e-01,1.561645148656639892e-01,7.826582915144915109e-01,6.381617995814936606e-01,8.735185710236696988e-01,5.236815735556019646e-01,4.748287808811899047e-01,7.308913044776780277e-01,8.470824548437340118e-01,-3.389563135067047983e-01,6.561125914860796993e-01,6.036686388995232688e-01,4.616528956069216871e-01,8.685694379765761530e-01,8.077245978463872822e-01,5.327081329819951527e-01,4.642056493813302431e-01,9.518968119596219468e-01,3.224729483931684793e-01,5.008562758712615803e-01,8.970577151915929415e-01,5.969624097522631123e-01,2.964221039829847970e-01,5.078254376857369579e-01,1.695321875198611827e-01,6.893885189080355413e-01,6.214552322168244158e-01,2.585303707700489229e-01,8.050705756369356259e-01,1.508277436330460464e-01,4.566570986827846457e-01,7.802848269851268004e-01,8.356908112331932204e-01,6.899530284931753021e-01,3.056004049615664853e-01,2.464148922802450181e-01,3.808642139629755397e-01,6.469500427265993947e-01,7.210897313969869549e-01,3.959520563388853054e-01,8.077643989066970454e-01,4.238992085736552062e-01,5.550705226562175909e-01,6.040387998290761562e-01,8.267783216321770157e-01,9.597876594627375857e-01,8.459607392564559847e-01,1.608519285748984951e-01,9.625492431665183535e-01,9.116439283578912089e-01,6.780152790776503569e-01,7.772261978935228743e-01,9.218506651479378977e-01,2.957582568382817745e-01,2.846068896697533379e-01,5.277238114966797955e-01,2.037589901350035093e-01,5.289674354324384042e-01,5.038601424742841228e-01,9.099388316567078583e-01,6.262465512976247428e-01,8.897569177950082064e-01,9.063610915934232626e-01,7.844578350527965371e-01,9.931600232554504970e-01,6.480677439849426014e-01,7.701776137867771821e-01,5.441446169331609628e-01,3.256616344327025181e-01,8.075662132819859673e-01,9.386590145721941392e-01,7.281206283688141934e-01,2.043404338414135935e-01,6.399105442621774165e-01,3.855571365973406994e-01,4.303048533016420873e-01,4.637075124108266388e-01,7.428512485849628755e-01,5.143806118983308417e-01
9.954953587299674167e-01,7.429627240198868332e-01,9.130726694964830248e-01,7.944809056563735261e-01,9.575901716034073141e-01,0.000000000000000000e+00,4.742069751671561528e-01,7.187864697969787997e-01,9.555900800846376386e-01,7.833274426427809800e-01,7.910442710410006129e-01,3.542113267913762353e-01,2.571651120130773460e-01,7.113370720608014341e-01,5.414513256246815676e-01,6.819921321733534159e-01,9.937973415381908815e-01,9.802486175233263710e-01,6.760806312779140681e-01,7.098978204779787804e-01,7.820646254446379508e-01,2.525095768304497224e-01,4.614606445293057968e-01,9.887946855912679300e-01,5.291204025977909176e-01,5.276569077515474993e-01,2.746672006872298843e-01,7.772947670751024773e-01,1.831681533118383609e-01,-2.706426152029314802e-02,5.421323505548784061e-01,6.514609466961025497e-01,8.264387574082845411e-01,9.240816174224706359e-01,6.482470707992741277e-01,4.556580273159945293e-01,3.272568736409486312e-01,7.402142519182699498e-01,6.197446267494980399e-01,7.843683231351288310e-01,2.532821722900003847e-01,7.912958802510865475e-01,2.460992800007511805e-01,9.103521937956701171e-01,9.645154934212423203e-01,3.107189225678151367e-01,7.405177838570015103e-01,5.307892931218680665e-01,4.124870473264884985e-01,8.236661578216314394e-01,8.997997007203486497e-01,5.254972443403772564e-01,4.659919451795735412e-01,9.302015741594580334e-01,5.283598048005613279e-01,8.821421985419543033e-01,4.491832535990730180e-01,9.741396458451949680e-01,8.764737160120178450e-01,2.900084366402385649e-01,5.770037963313748852e-01,5.540097872623177544e-01,5.511444841096184710e-01,7.302073894416162281e-01,8.567626363407131462e-01,3.616585285089989332e-01,7.414496307890440230e-01,4.854422540839941624e-01,5.312199594268049996e-01,8.790338213479527152e-01,7.784513962372986429e-01,7.170123626866612421e-01,7.254964599801773106e-01,8.584639875923885666e-02,8.996375629590281919e-01,8.373942515891025229e-01,6.790966519641277177e-01,4.698059514653420976e-01,4.908543113064856023e-02,2.752120398682097457e-01,5.638537084732108129e-01,6.620199261199889440e-01,8.445540210848814233e-01,4.833645483002599885e-01,6.619584659203204824e-01
5.814178357194965674e-01,9.693791721500764069e-01,8.789581474585902443e-01,-1.389958763432688482e-01,4.931811108505568808e-01,4.742069751671561528e-01,0.000000000000000000e+00,9.432970478192143071e-01,8.611400939850766267e-01,4.228425197199242591e-01,8.089642427726194407e-02,7.309677887914547423e-01,7.560452126562148267e-01,4.838489094584356720e-01,6.110264356488180892e-01,9.873724791309524962e-01,7.978687845293633840e-01,3.722689737316071668e-01,9.003269815598751169e-01,2.513495102470442721e-01,9.290840952406089759e-01,3.494934200028425586e-01,6.733078255432556336e-01,8.661346451112417189e-01,5.694273002242311588e-01,9.604545658492700255e-01,1.576065879763488553e-01,3.396470060975985694e-01,3.349809854662221253e-01,4.649788557204640460e-01,7.926170617717129829e-01,4.165053737501897002e-01,4.331122798423762132e-01,5.045486146069133593e-01,3.786169460404518738e-01,7.270845122477845868e-01,3.256869883984098157e-01,2.448119188061964879e-01,9.945327810362571963e-01,4.339636611700933289e-01,3.693662056918508574e-01,6.638212025091325685e-01,9.941762491467842633e-01,7.529131294625088788e-01,4.856580576432524277e-01,7.910553334399221814e-01,5.671180778704254521e-01,7.062399781290454870e-01,4.700444013212313754e-01,4.453991571861860010e-01,1.578498122930606373e-01,7.398385468219794703e-01,7.259430835473610344e-01,6.483228727614536169e-01,7.871237197471649960e-01,6.906986817807024837e-01,7.304762280027939092e-02,2.598965495087660615e-01,6.686494504229304470e-01,4.211876928278929788e-01,6.530970472081796263e-01,5.109648916184610368e-01,4.297656282814100170e-01,-1.486276035938023654e-01,8.619678485497159759e-01,5.495778977501266649e-01,1.848432564378641590e-02,8.170817934101098912e-01,4.476310490932322028e-01,5.373553203485811336e-01,7.568271419514948084e-01,6.004448818507989172e-01,5.449194402740096255e-01,5.417442366475770932e-01,7.496957905629559882e-01,2.396970336648684974e-01,6.950217270306515704e-01,6.064337103476760138e-01,2.163051834167353457e-02,5.126728433209022384e-01,-2.834148344047701662e-02,4.027183887944351670e-01,5.291066866672271551e-01,4.441665502397161291e-01,8.596986413142562733e-02
4.577714123059808959e-01,7.367194582883594967e-01,3.335553934790244091e-01,5.640990885420099632e-01,1.561645148656639892e-01,7.187864697969787997e-01,9.432970478192143071e-01,0.000000000000000000e+00,7.885868769421806590e-01,7.395518567840052293e-02,4.297521178951507759e-01,5.218232444627255440e-01,6.703269987071696079e-01,5.080727755922235245e-01,4.079497662186683526e-01,7.955580247691333984e-01,6.151014151101402705e-01,5.950707779949504506e-01,3.873237400958434717e-01,9.243292427878107009e-01,9.123278588235848030e-01,8.084622544172966885e-01,9.447416033329537610e-01,6.172410346357257716e-01,2.004934671459592255e-01,7.846166793745588119e-01,4.885697152705190116e-01,4.415694766405878213e-01,-1.188412631251038465e-01,4.556773835364251179e-01,2.930609250394674015e-01,5.800013387697924294e-01,6.507298429989630817e-01,7.400655241110797311e-01,3.602557252863403114e-01,-3.458127589329462737e-02,7.295012078331686300e-02,4.034472419312931657e-01,8.087151865484706326e-01,5.988767992919403760e-01,7.987655181138468841e-01,4.256671641559665042e-01,7.707990028454043685e-01,7.710526636158040459e-01,9.623920281810762756e-01,7.010495000848339098e-01,4.048338829909302605e-01,7.830333701554480497e-01,8.971995053370876994e-01,6.679965200930637614e-01,4.778298004023505130e-01,5.021888673950695159e-01,7.722057774415398423e-01,6.031957499762365948e-01,7.554682066631044357e-01,8.410976091688097123e-01,7.683766109035958802e-01,5.906944259552966425e-01,9.379486178706567534e-01,4.446535987699734016e-01,5.484617153664335110e-01,6.123042789835481114e-01,6.762514008563245138e-01,9.265295768892334305e-01,9.811045437184036100e-01,8.421229255599451680e-01,6.955348234172649136e-01,9.852644682264894982e-01,1.468424388789753565e-01,5.767619920498443520e-01,-1.975706129691105206e-01,-1.562895082728944229e-01,4.321655416694365481e-01,2.274874930994270350e-01,7.892345414497731193e-01,7.624878860080656073e-01,5.858682780823089020e-01,8.908251256938325424e-01,6.076674465669964498e-01,6.027589854945059056e-02,6.160473414442677736e-02,9.128228897205268311e-01,5.243320529163645327e-01,9.938717011169271309e-01,7.702809382625316337e-01
7.404447288644460112e-01,4.813597013648480694e-01,9.956945531397314308e-01,9.473481752154576663e-01,7.826582915144915109e-01,9.555900800846376386e-01,8.611400939850766267e-01,7.885868769421806590e-01,0.000000000000000000e+00,8.308226528907740605e-01,9.270777248594898046e-01,6.545130725598822252e-01,4.323118474695860636e-01,7.419777041268502682e-01,7.094979895021308325e-01,7.461476772061428342e-01,5.536982856321506219e-01,7.449263527462360868e-01,7.485401762472708720e-01,9.970181079844406824e-01,9.922256932850503919e-01,7.369821792509499980e-01,6.103410413583155725e-01,6.433942448802102421e-01,6.564590868256914291e-01,7.568919073801276820e-01,9.585812697504578761e-01,7.630889637052519214e-01,4.276922494715477141e-01,3.711288018414006795e-01,3.628527820960311123e-01,7.089847186343155583e-01,7.707424452043852847e-01,9.261887729810035497e-01,4.130309798820350764e-01,7.873433698882454923e-01,3.963859766586854683e-01,7.761311683414482410e-01,5.485975081414684595e-01,5.729953141307729814e-01,2.320881842124855876e-01,3.913851799560609246e-01,8.441963645458653298e-01,9.448207808957114207e-01,7.354124102982350086e-01,9.562235355826480543e-01,4.482203507160530953e-01,7.460634916151096530e-01,3.435596997429436472e-01,8.982106938617862024e-01,6.276130422104893025e-01,6.578874929290022822e-01,6.998265235840085419e-01,7.878390984983152379e-01,6.284233452241885232e-01,8.172878876082835253e-01,8.659575230778046029e-01,4.075613469021948099e-01,5.580893503698155511e-01,7.584580831375956622e-01,3.944362472260699581e-01,5.299588203799386887e-01,9.949822955819261905e-01,9.765602695961737023e-01,8.390418659309162308e-01,5.350458586448698928e-02,8.126205960726226030e-01,7.848545490248995948e-01,7.289171756402377245e-01,6.150882505708030745e-01,3.217582653779443858e-01,7.585509249504843732e-01,7.814323714459732173e-01,5.866615614510677368e-01,3.432956092412780408e-02,3.880953839654364135e-01,6.149126375756448493e-01,6.723493952787550354e-01,4.526629410588073332e-01,5.897283026865767219e-01,9.637813057727213639e-01,8.473847796930693566e-01,9.274355052113781861e-01,5.178688108499246434e-01,6.259852670678912601e-01
6.022275111021148097e-01,8.674102497259084110e-01,9.673664718075256630e-01,2.977520666621810697e-01,6.381617995814936606e-01,7.833274426427809800e-01,4.228425197199242591e-01,7.395518567840052293e-02,8.308226528907740605e-01,0.000000000000000000e+00,9.355900055741201982e-01,4.945167396634324031e-01,7.364155587455415430e-01,8.697986316487033021e-01,3.469199753064218239e-01,8.381297931076995278e-01,6.974533486098861701e-01,4.665799237137563948e-01,7.000600088567279222e-01,9.465010596839352752e-01,6.680305078609607428e-01,7.110846885629624747e-01,7.372409759124627371e-01,9.430432086430970973e-01,6.271575650111156364e-01,9.887707359550881314e-01,9.255567982489205647e-01,8.498449368656828540e-01,7.498165090582822323e-01,5.171845706918832830e-01,4.953198446513775721e-01,7.939803738806925359e-01,3.886148718246649203e-01,7.816079953549339709e-01,7.371222108036141751e-01,2.894574897716609696e-01,3.928088243476982599e-01,5.199642095905891992e-01,9.189606389000666287e-01,9.942232528885248666e-01,8.982210729201921540e-01,7.875173523339114023e-01,9.636265126299685679e-01,9.494067410197949419e-01,8.593908010304130984e-01,8.688421227201287289e-01,5.587863387549104610e-01,8.116274028714131061e-01,8.498135281287886311e-01,9.811402767970339722e-01,4.578223728317946106e-01,9.493105297594539582e-01,6.459730144973492294e-01,9.930177885675777194e-01,6.621864962312169478e-01,7.805930844992090556e-01,4.868842100884870905e-01,1.959792864511917254e-01,6.800641480697279251e-01,7.407723363019920182e-01,4.545650758462827512e-01,5.989613033415273069e-01,8.947126150557016544e-01,4.210440015133138925e-01,9.190192760493729462e-01,9.021779037285654335e-01,6.866332188854866736e-01,9.447067359056460223e-01,6.650035047140460120e-01,8.256303502668870253e-01,7.279452547969357257e-01,6.394973696028821708e-01,2.035418712077386449e-01,9.162381958870553789e-02,9.658485596864939682e-01,9.220657538938459297e-01,7.078210853631169419e-01,2.401526039079004693e-01,6.561284747407679641e-01,3.899647624104431998e-01,7.944851364857732356e-01,8.844314385693533564e-01,7.176080006433045444e-01,5.676857089786820909e-01,9.586873087399112592e-01
6.279805014374412186e-01,8.518064571738367396e-01,2.304751808801245028e-01,9.893194538699099372e-01,8.735185710236696988e-01,7.910442710410006129e-01,8.089642427726194407e-02,4.297521178951507759e-01,9.270777248594898046e-01,9.355900055741201982e-01,0.000000000000000000e+00,7.520372655244177418e-01,7.883993182118540499e-01,6.987371064903905582e-01,8.699900218052384337e-01,4.214109858936005981e-01,8.174234866841856295e-01,4.965502220566992420e-01,7.975098449076217788e-01,7.809772385578431786e-01,8.645310038466365032e-01,8.688877515576336474e-01,7.333774438651936567e-01,9.199853674750171351e-01,7.513947186537808243e-01,5.675187337937882548e-01,7.751611896587691231e-01,9.909069508035159846e-01,3.758644314899150518e-01,5.329118400317348625e-01,-1.427750362004172602e-01,1.809248720602345539e-01,6.191220504162742166e-01,9.789145084479697889e-01,5.524281156284465144e-01,7.115233482054605929e-01,1.437081459196789257e-01,7.626309631030437908e-01,6.791026281425494027e-01,7.425230856460123263e-01,3.395168027904173907e-02,9.134550274729998920e-01,6.509243492083871541e-01,9.044871316076040779e-01,9.415662404583722278e-01,6.106132544703569698e-01,7.482291788901707097e-01,8.915910544528391490e-01,7.037765709407162174e-01,7.527726471068788561e-01,8.482623191495406445e-01,8.445262741404383489e-01,7.223447502505848661e-01,7.678720280858496450e-01,8.461443898079176185e-01,5.484038749290593984e-01,6.074651198718956646e-01,6.135440373484585264e-01,9.438036058978312992e-01,2.051799016906865059e-01,4.881122625272610871e-01,7.244492156904100977e-01,7.876365446767294998e-01,6.953935981856843584e-01,8.735755614916551615e-01,8.852833417531554838e-01,7.551434332564186391e-01,8.287125953435210413e-01,6.625317645759878360e-01,9.650192228018762419e-01,8.209848500729329812e-01,2.811233870587534489e-01,5.117920096703511001e-01,6.054228932623155757e-01,4.996018345841771735e-01,7.668472035894344785e-01,9.020891718152758143e-01,1.275865975802072394e-01,4.790525490949134602e-01,3.184488585098217972e-01,2.465482528872388890e-01,8.186849762804466746e-01,7.902661636115925203e-01,6.586486474164476856e-01,6.181810035278559878e-01
8.098935063093721798e-01,9.105859637885304059e-01,6.623718697639777719e-01,7.279007942627344629e-01,5.236815735556019646e-01,3.542113267913762353e-01,7.309677887914547423e-01,5.218232444627255440e-01,6.545130725598822252e-01,4.945167396634324031e-01,7.520372655244177418e-01,0.000000000000000000e+00,9.652973228158596708e-01,5.239364155653947197e-01,3.477608171801805925e-01,7.636438802743718002e-01,9.189404619952427078e-01,2.727644402215023689e-01,7.487144499055009561e-01,6.354224901689103921e-01,6.645377879371509033e-01,5.069990506670224439e-01,8.213563806624277763e-01,9.066917257439657263e-01,5.606648319419951232e-01,4.404117179376955682e-01,6.137779163613531486e-01,6.904968464881336976e-01,4.478767774533122248e-01,6.448944138552699101e-01,5.354301295307498654e-01,3.733500621083401527e-01,7.544903360319185071e-01,4.048985890768064255e-01,4.141319439823774040e-01,3.710846227142602372e-01,3.187620275223040922e-01,8.860823819707909221e-01,8.446613379108369735e-01,3.181505400886990853e-01,2.102929757770030939e-01,8.488843083231483178e-01,6.540033413159949127e-01,9.159031573670474158e-01,5.535507241337523920e-01,7.921229371875320169e-01,6.387371812542935734e-01,6.162416919581723551e-01,6.916659347513964828e-01,7.604400201209071675e-01,3.068667373285995370e-01,3.642214099423423668e-01,6.285863025992159958e-01,9.801024983485551179e-01,6.918371593584563550e-01,4.899572365161983800e-01,9.002270862537583573e-01,7.185889969119257925e-01,9.833443370840299069e-01,-1.964704226397982478e-01,2.073331147331349267e-01,3.971288845810273527e-01,6.156758496341464548e-01,9.195581848045133455e-01,6.498368457690735234e-01,7.025011469519467644e-01,8.990321784964258045e-01,6.468889762426772716e-01,5.081289247682011512e-01,5.636205383331713836e-01,6.582160308361655332e-01,2.451717648907551783e-01,4.719626378765126029e-01,8.327068267344300834e-02,5.742704639060690619e-01,8.176143907331518967e-01,4.887412123888466020e-01,7.863136626924309702e-01,5.776139737991146106e-01,5.918723717741541934e-01,3.356913042006297587e-01,6.263194443686402879e-01,6.974222381129119297e-01,7.880523119336957372e-01,9.327789826558194886e-01
9.814507454221478300e-01,7.835828435583980234e-01,8.081848730761113098e-01,9.802106365530616205e-01,4.748287808811899047e-01,2.571651120130773460e-01,7.560452126562148267e-01,6.703269987071696079e-01,4.323118474695860636e-01,7.364155587455415430e-01,7.883993182118540499e-01,9.652973228158596708e-01,0.000000000000000000e+00,8.336029048751301129e-01,7.491649247945981749e-01,5.806362345942477354e-01,9.275528108201306354e-01,6.477061048347747541e-01,7.349577685790474879e-01,9.378016110880654788e-01,5.670381770965694512e-01,7.302389119725358757e-01,3.954213429068765828e-01,9.556427194629808497e-01,8.464556103838370982e-01,2.157267085051343680e-01,7.654351564851078482e-01,8.427528449882879524e-01,9.088446364288133017e-01,4.929755441065856170e-01,2.686982247982267480e-01,7.163120755238067128e-01,7.632519664056889308e-01,6.489577886395068163e-01,5.689146178597059844e-01,4.354233023505464928e-01,3.752444772062298872e-01,7.162235034312569582e-01,9.594838627929759278e-01,5.640152036434713523e-01,7.796542016691599963e-01,3.355764096261587559e-01,5.432251568723581725e-01,8.445834427086520435e-01,5.329461856210565562e-01,6.403372894688701411e-01,7.747960206693312868e-01,9.778787697215873820e-01,9.363277363886706173e-01,6.726118626048300797e-01,5.235321049324116460e-01,8.206767472686042897e-01,6.729458926118567774e-01,6.985186552770689117e-01,9.277175689269792080e-01,8.270866215446006642e-01,7.094889674417719228e-01,6.663558784838843341e-01,8.719073156925747359e-01,4.667775827019878809e-01,4.776586435026271005e-01,8.215965310214330408e-01,7.194350220755872938e-01,8.905092123110033286e-01,9.627678722883271645e-01,4.418934020682025454e-01,7.334473810405927052e-01,7.671614261266216372e-01,4.802480244674470766e-01,6.493484791470829354e-01,5.632349119897186451e-01,9.207731428179345423e-01,4.247320634184144073e-01,2.863736822959471184e-01,6.809482124614189835e-02,8.919705774429482759e-01,8.171011475425580262e-01,4.555777770714210528e-01,5.060452655125092791e-01,4.316266665395988023e-01,4.100427655670089155e-01,4.181614161026060983e-01,7.922710609439657103e-01,3.530593580730235770e-01,7.704355046460614753e-01
5.239346341552226782e-01,9.630478830816779912e-01,9.106194074627742552e-01,7.172987666201290358e-01,7.308913044776780277e-01,7.113370720608014341e-01,4.838489094584356720e-01,5.080727755922235245e-01,7.419777041268502682e-01,8.697986316487033021e-01,6.987371064903905582e-01,5.239364155653947197e-01,8.336029048751301129e-01,0.000000000000000000e+00,8.104253166327918256e-01,6.908721594966322765e-01,8.857414944292946180e-02,8.259334748475489762e-01,5.149768408997821290e-01,8.605082551757455844e-01,8.111841792711382837e-01,8.513373411604244767e-01,7.320388191931459509e-01,9.479088392226328041e-01,5.714864240048067590e-01,7.555749812090866158e-01,6.890339625181400862e-01,5.651022054946114315e-01,2.149730549049482520e-01,3.032392339236541501e-01,-3.791866755310823733e-01,7.134497530869601256e-01,9.610449588035835378e-01,7.372041958117869775e-01,5.868960436991415008e-01,3.449301683760153114e-02,3.291504251390801050e-01,4.981568027347313965e-01,8.654151443630022644e-01,4.673433534233643605e-01,7.066314705623717440e-01,5.869920283651943738e-01,9.678439962620697390e-01,9.958069277577533684e-01,7.007518284375018336e-01,2.973003143003660198e-01,8.868794833341097084e-01,3.744702590898660310e-01,9.864926734496721750e-01,3.818493777659566213e-01,9.924929841927516705e-01,4.994660962323614894e-01,7.656835339070017232e-01,4.043932534367964959e-01,7.279233091182709670e-01,9.445618830223122542e-01,3.624780098704628584e-01,4.465336220508271947e-01,5.196222994412768026e-01,4.081116608925254297e-01,6.412687128578026252e-01,8.180076379430937239e-01,4.878995079944651314e-01,7.316646758474159018e-01,6.072325325436013221e-01,6.489185433135056247e-01,2.050464150800407337e-01,7.715904312515856622e-01,3.222370283806825220e-01,6.246072817200110094e-01,2.683668667675075947e-01,1.887759008130805022e-02,7.034060415899651142e-01,2.875706611392178091e-01,4.113086560238199407e-01,5.872272757982980318e-01,3.752461421446859346e-01,2.458119172773131911e-01,4.153448754785827313e-01,4.135701617134260877e-01,7.848012959061843041e-01,7.522230570593460008e-01,8.767843134582736786e-01,4.214141154505194331e-01,5.944823999617940835e-01
7.114100525211105586e-01,7.734686511077725202e-01,9.990291622959712736e-01,3.630961927010681878e-01,8.470824548437340118e-01,5.414513256246815676e-01,6.110264356488180892e-01,4.079497662186683526e-01,7.094979895021308325e-01,3.469199753064218239e-01,8.699900218052384337e-01,3.477608171801805925e-01,7.491649247945981749e-01,8.104253166327918256e-01,0.000000000000000000e+00,7.939422823952622110e-01,7.805434458792851471e-01,7.092184464727295801e-01,6.078753031987180755e-01,8.742055692138183121e-01,9.870291016732601896e-01,7.104834670651373196e-01,6.007335337257960761e-01,8.508487213951646533e-01,7.553077366075175991e-01,7.288256321274517724e-01,7.619128604973190999e-01,8.965676121662690123e-01,5.876942860913896283e-01,4.003230315659447869e-01,5.904383160191843949e-01,9.802336547417818124e-01,6.424633521316622797e-01,9.632621758432795556e-01,9.494610393153620764e-01,7.965175792704242141e-01,5.173895010415331397e-01,6.564617094454556767e-01,4.742729091664658059e-01,2.860693149496692511e-01,7.815055164890732931e-01,9.072778426222231074e-01,5.212216350414613508e-01,7.844375613559001481e-01,9.993787168482861638e-01,5.106217271641692035e-01,7.201685687636183442e-01,9.310589956485609830e-01,4.245259335108871324e-01,3.300477381388833287e-01,6.372487217507178947e-01,2.384699233771377103e-02,9.486122164096268961e-01,8.778713285139938538e-01,9.038250391118802796e-01,7.245111980985143862e-01,4.022560017726583559e-01,3.660511922672495810e-01,7.552112857798483070e-01,3.876086519829143873e-01,7.082195491733139781e-01,6.813987026108794254e-01,6.847117790205659027e-01,5.874204707708888806e-01,9.857631788337752887e-01,9.243232907941976162e-01,4.040083652022682381e-01,8.329362572918733720e-01,-2.964615240963929255e-01,6.520545190695268278e-01,5.740354736272530456e-01,5.211622174826835430e-01,9.157444144150135301e-01,6.092771015159265113e-01,9.686324193361043333e-01,3.719641078545236068e-01,7.693156111946551912e-01,8.372582942706191522e-01,4.143385676267322126e-01,2.638750860149424726e-01,2.345621660744182657e-01,9.695367972390593891e-01,8.270493649656381896e-01,8.496027481891719191e-01,4.217657903558770238e-01
8.286541155233200229e-01,5.628875504498964677e-01,5.826690717964377875e-01,7.653910942864246003e-01,-3.389563135067047983e-01,6.819921321733534159e-01,9.873724791309524962e-01,7.955580247691333984e-01,7.461476772061428342e-01,8.381297931076995278e-01,4.214109858936005981e-01,7.636438802743718002e-01,5.806362345942477354e-01,6.908721594966322765e-01,7.939422823952622110e-01,0.000000000000000000e+00,9.754266825696044085e-01,7.924775446619873875e-01,1.781578817738074527e-01,9.607691278650609679e-01,6.455473630323800283e-01,9.645321817298532219e-01,5.168328412032626717e-01,3.782524859284709384e-01,6.636719917634722465e-01,7.851895973322101652e-01,9.387842334732505734e-01,6.886511265769121870e-01,3.905180026599913701e-01,6.798787194400459644e-01,6.002341881198907103e-01,4.338408152938343365e-01,7.730834596470693709e-01,1.992214716589462975e-01,9.440203106913066522e-01,6.169491863864873249e-02,4.495611233882760849e-01,2.262624882413442340e-01,9.696335855462898667e-01,8.775270847357113935e-01,4.764352622076983845e-01,1.082400304529071433e-01,9.850585519414618574e-01,9.037250675300728675e-01,8.051859876319119591e-01,4.071967896135404996e-01,1.352434654719890661e-01,7.253339312124059690e-01,7.759658014090454747e-01,7.589528749587921563e-01,7.753571511881462985e-01,7.858344211094929754e-01,9.419493407513210848e-01,8.819690370457441420e-01,9.280583784650434653e-01,7.128880400953198082e-01,5.721832293266971847e-01,4.603284842597146209e-01,8.844222357759571329e-01,4.674143221327435316e-01,6.709370323326322438e-01,7.077416956318797192e-01,5.199539315593153521e-01,3.462313378542254405e-01,9.629899176908913727e-01,5.711658943112878362e-01,2.448129458287848503e-01,2.970903199693846752e-01,-3.647586942297634249e-02,5.508128315118541174e-01,8.599272740655019565e-01,3.874281587128748927e-01,5.165802016075619063e-01,7.901231278013589598e-01,4.707981864372873249e-01,4.326696622792234326e-01,5.203031776144980691e-01,5.836959959364810269e-01,5.126761845075359370e-01,4.850364595419860980e-01,5.013890761421310183e-01,8.777770885182524241e-01,8.480401113929224577e-01,5.038145699010422307e-01,7.899851652802938329e-01
6.934020708467635297e-01,7.565337043193312017e-01,5.578470441149668835e-01,9.882253739462015796e-01,6.561125914860796993e-01,9.937973415381908815e-01,7.978687845293633840e-01,6.151014151101402705e-01,5.536982856321506219e-01,6.974533486098861701e-01,8.174234866841856295e-01,9.189404619952427078e-01,9.275528108201306354e-01,8.857414944292946180e-02,7.805434458792851471e-01,9.754266825696044085e-01,0.000000000000000000e+00,8.634029271017300555e-01,9.162932542198619634e-01,7.997217885720020458e-01,9.462304945684987256e-01,8.399581678400918072e-01,6.113027404221441641e-01,8.486356733016476861e-01,7.972570691169917900e-01,8.121042351733037679e-01,9.874364109545441526e-01,8.826650847885505469e-01,7.472119747735981310e-01,5.498750183558984705e-01,7.357484348304010879e-01,3.279799908331072489e-01,6.257886663732942223e-01,4.397570178900563898e-01,7.102456847256094497e-01,4.384655011415905523e-01,-4.033574003052509127e-02,6.718084583685707267e-01,7.166529084758305190e-01,9.927861296195163998e-01,4.980886302850684455e-01,9.089002275504154404e-01,7.784248258577457502e-01,9.776093615867584852e-01,7.843792494596748544e-01,7.588894900572840108e-01,6.002341913686479874e-02,7.626859156058636291e-01,8.024146696966373282e-01,9.177563579707397334e-01,8.689026655128903043e-01,8.173287957086101674e-01,3.199487271659433585e-01,6.073982415437763072e-01,7.935258693612670111e-01,6.607981871786148265e-01,9.963879801045820717e-01,8.712192041040603963e-01,5.693763287429082220e-01,4.523238721353469716e-01,4.223907197213638831e-01,9.436844214150188481e-01,4.842223736647393029e-01,7.536006122251630579e-01,5.288163409967676643e-01,8.975445009485517600e-01,3.936372510262381996e-01,8.431383599331909728e-01,5.335219239350572629e-01,7.448630801719495764e-01,8.125232021668166160e-01,7.280299640526808336e-01,5.646645443748529170e-01,5.572565701776428515e-01,7.026321707100219305e-01,4.271770067456066022e-01,4.973421250138155836e-01,7.416177778236904272e-01,2.285779685820076845e-01,2.288010027461239715e-01,8.051548468261681135e-01,2.484931233223086067e-01,6.260666416544624635e-01,4.854847104556280213e-01,6.973600148078501482e-01
5.270856777455306119e-01,6.939536155194090394e-01,3.743928219317574912e-01,9.019019924870287364e-01,6.036686388995232688e-01,9.802486175233263710e-01,3.722689737316071668e-01,5.950707779949504506e-01,7.449263527462360868e-01,4.665799237137563948e-01,4.965502220566992420e-01,2.727644402215023689e-01,6.477061048347747541e-01,8.259334748475489762e-01,7.092184464727295801e-01,7.924775446619873875e-01,8.634029271017300555e-01,0.000000000000000000e+00,3.150399107250133057e-01,9.627532633778060900e-01,4.944145071033027028e-01,3.129651277779812446e-01,7.704136568824828668e-01,8.820479882832125140e-01,5.114890823863454949e-01,9.163858289106535659e-01,8.160463240470026136e-01,4.993364391794830222e-03,4.376203096689654792e-01,3.987481174693722208e-01,7.079753689366621305e-01,9.268918470008664645e-01,8.539287147406954270e-01,6.135151154081990299e-01,7.132568905754897992e-01,2.136813131633635843e-01,3.206290307199539669e-01,4.300302136022477462e-01,6.169361571396535515e-01,4.794308388712732460e-01,7.919826754957032255e-01,1.056911216381786200e-01,5.163352808438079755e-01,9.284665583069734440e-02,7.131468071217256233e-01,4.841354551971734921e-01,6.889175269396413670e-01,7.583327982031419223e-01,4.639123401563750582e-01,9.577500234227964704e-01,5.978694697953998993e-01,4.072079590758743151e-01,4.990750314189306147e-01,8.077215145244380778e-01,6.859977140018712616e-01,4.854631996788763004e-01,6.383164785651509465e-01,2.643808922894149704e-01,5.734513458648389239e-01,7.015354575074764787e-01,7.368747876967940424e-01,6.964575239030778020e-01,4.885572600056733994e-01,8.333702242168304908e-01,5.102768733434136506e-01,4.675524693211275395e-01,6.326818679339554219e-01,8.296628069782179260e-01,7.501813088723995326e-01,6.595245417990122094e-01,6.114931007712632871e-01,7.282308748719972247e-01,-5.886158151091691604e-02,5.397994978159145196e-01,7.084318428407251345e-01,6.205929021606801932e-01,9.947609655134528328e-01,6.136793851441424419e-01,8.932656236552554141e-01,5.420674334030313180e-01,4.641076307256644107e-01,9.689945821636981593e-01,8.031602879136326978e-01,7.597928668173152822e-01,6.066021474891765131e-01
