0.000000000000000000e+00,8.652907097345813314e-01,4.808203323275648255e-01,6.066610749418808179e-01,6.635246814510177282e-01,8.063687936709588167e-01,9.611493678840660193e-01,9.342935389430784276e-01,8.011854268618410213e-01,7.543789100198592390e-01,9.255379743012972504e-01,7.114388639988667995e-01,9.456481409431536367e-01,6.737559591985926577e-01,9.918780449150957912e-01,9.525059985075607916e-01,9.754765814660890655e-01,8.859789146460401721e-01,8.174966297792245484e-01,8.432327656618577860e-01,8.537293354636841247e-01,8.307652993365064464e-01,7.841385300819250226e-01,8.318241590650037320e-01,9.923201257181364365e-01,8.469594837082773386e-01,8.486502404184458337e-01,6.214828927210501730e-01,2.101847425738618824e-01,4.041949156736867055e-01,3.914101147837406591e-01,6.070599076060274601e-01,8.726664357402829086e-01,9.688862025383292442e-01,9.069374115514597934e-01,3.247361196591137533e-01,4.015270723444187007e-01,9.464972089681021883e-01,8.423146482217673814e-01,8.666857671163329391e-01,6.423248635435274689e-01,8.161625319222813868e-01,9.566474595182006269e-01,8.257540603571720261e-01,8.937499071581580523e-01,6.377113697101610690e-01,8.321724967303382181e-01,8.131264811771223844e-01,9.516293836912894655e-01,9.402128008683419136e-01,9.454133770588527552e-01,6.190971294219226317e-01,9.577621241734501911e-01,6.857749482506705352e-01,7.658574093607983801e-01,9.090239055219132558e-01,8.544638772975577945e-01,7.191808800005123903e-01,4.728600234614133702e-01,7.809930697866441784e-01,2.603483998886915174e-01,9.081064143081585271e-01,5.530616828400394258e-01,9.950534281072719311e-01,7.491735228060107943e-01,6.608896569154193434e-01,6.077777029210537085e-01,6.935735714564393861e-01,9.834846657778556489e-01,4.642243261566537105e-01,9.297883552435779464e-01,6.466600195899174786e-01,1.899785540229809444e-01,7.848638451299893015e-01,9.691012736652283577e-01,9.002572639867637561e-01,8.137476636696789889e-01,9.418380110751201073e-01,4.409343758753850318e-01,-1.143651362260850735e-01,8.648487038029875063e-01,8.515189501137877537e-01,7.462491258750260092e-01,2.786167865931022392e-01,9.009414148364059960e-01
8.652907097345813314e-01,0.000000000000000000e+00,9.594636591981341445e-01,7.197367661473216272e-01,4.341041456646360652e-01,4.319754966793514228e-01,2.668184454345377127e-02,7.413912250857344066e-01,9.619856386939364956e-01,8.095323057840986269e-01,6.661651884389048206e-01,8.319788857880880961e-01,6.797324352035429840e-01,8.773654659246410414e-01,7.407121042990247872e-01,8.515210110739217519e-01,4.578204607351929467e-01,8.201783930984676285e-01,4.152181953412822368e-01,8.930682572633275029e-01,8.128740895559241064e-01,8.847360395949026568e-01,6.242624284611408836e-01,7.475935393704381537e-01,6.842977847109403822e-01,9.640903050768994120e-01,8.697713278763291589e-01,6.054862946069858864e-01,7.643987267102677619e-01,5.825050404919128733e-01,4.688172754811923415e-01,6.486759988516903608e-01,9.532574272053584430e-01,6.817100104676935279e-01,3.870244373363835866e-01,4.041087342154960349e-01,-5.850732669037594924e-02,3.517949390051253733e-01,7.563757790958935967e-01,3.772207117240253815e-01,9.581688161794532643e-01,3.263262848469357380e-02,7.035995044949588939e-01,7.329653543874351529e-01,7.042119595260784015e-01,4.115768633423418921e-01,7.303479924563800463e-01,7.311298788011727501e-01,3.692649914712354819e-01,7.276420396578923144e-01,6.514557576899798752e-01,7.473982402445418227e-01,2.070645571942655513e-02,8.630848322162111286e-01,6.328052578165456188e-01,6.760425929721777250e-01,8.004851197505331584e-01,6.583782212025754976e-01,7.848307580860049981e-01,3.147339139061854363e-01,3.044004628550215363e-01,7.605862578448779887e-01,7.505868079555031436e-01,9.410371475680884279e-01,9.759071784587434184e-01,9.373054813351895387e-01,6.521464189405872247e-01,9.823055838813833374e-01,4.127944961209200070e-01,6.901059496110751867e-01,8.691632963944054824e-01,7.577975146941278162e-01,8.063915526703996361e-02,6.875944127298606601e-01,2.363433227824217886e-01,6.707103992178037322e-01,8.971503766901820498e-01,5.277803869317577723e-01,2.513581841578649279e-01,5.866320601188141914e-01,4.872836256249957754e-01,9.843354954451976058e-01,3.937202631125407137e-01,6.654458786182431140e-01,6.758648717121608085e-01
4.808203323275648255e-01,9.594636591981341445e-01,0.000000000000000000e+00,9.634804494288089494e-01,9.557792116403472926e-01,4.276455473029683318e-01,8.794151293048826368e-01,9.310061328714676065e-01,7.228391899984408786e-01,9.238779586946458400e-01,8.330056135611102475e-01,8.650931700439428162e-01,4.194472073670024170e-01,8.684540953854895662e-01,2.737453708952746201e-01,9.439044761205603873e-01,4.482775718181179481e-01,9.555700296194324928e-01,5.254906045315074214e-01,8.131425592727409279e-01,8.618322677064051973e-01,8.787955729683470940e-01,5.329977831195633620e-01,9.506488547114090304e-01,8.473484486412766747e-01,8.815624072294130364e-01,9.951865319234476370e-01,6.352893361540465911e-01,3.986238073722215836e-01,1.623389333420235670e-01,6.425655195361446026e-01,9.274241419124009678e-01,8.255987103028202823e-01,8.359429157810817079e-01,8.433113459553609470e-01,5.358838356213978527e-01,5.322656826541136699e-01,8.269765630288543612e-01,2.366562114205188194e-01,5.067089107547039228e-01,9.524046536690198295e-01,4.494441961881735503e-01,9.881854414320556668e-01,9.596896977958659924e-01,9.203923705315673054e-01,9.777470208284200215e-01,7.000278949277185525e-01,9.802714795761782174e-01,7.678809044287331353e-01,8.498656763458434238e-01,6.248156042012321665e-01,8.690270213019520851e-01,9.473895094483154589e-01,7.907879055825690617e-01,2.773026285565547422e-01,8.193227753166963945e-01,8.389975309642134782e-01,9.513213720853261890e-01,9.002508088744454184e-01,7.957429054845532868e-01,2.579965580130578195e-01,9.252749128929146361e-01,3.143255795215542658e-01,5.869873191694918724e-01,7.817231215081875684e-01,9.815348556054115381e-01,5.112770009294104190e-01,9.342488668341888403e-01,8.045321073402716960e-01,8.691684109435287020e-01,8.501853564257065843e-01,8.491603179571052262e-01,4.184772678323784856e-01,6.254147084115658783e-01,9.158223889839823828e-01,5.061456337162774100e-01,4.094982797155375942e-01,9.750369509422343040e-01,5.998279516046786108e-01,6.529495586898884651e-01,8.189742146162078962e-01,7.439469146275238254e-01,7.204551421116505150e-01,6.906877202145049743e-01,9.496951653816784189e-01
6.066610749418808179e-01,7.197367661473216272e-01,9.634804494288089494e-01,0.000000000000000000e+00,5.071225981892040213e-01,9.486587623640797551e-01,6.653198537238542709e-01,7.466042694131751478e-01,7.475545496438879001e-01,4.027795485978430956e-01,6.891365804748711410e-01,8.020449402682611195e-01,8.525900428023008848e-01,9.772426036204531208e-01,4.787665581135320259e-01,8.320562566321644260e-01,6.844729346672701054e-01,6.804584225417307231e-01,9.950517357847994404e-01,6.386254932746601165e-01,8.176473911130673899e-01,4.578036062791354111e-01,4.046730358928818938e-01,7.148109655829116837e-01,2.097614081026561994e-01,8.785070487547876894e-01,6.367000258879176311e-01,7.766154420287765259e-01,7.668565209726069254e-01,5.114011925052809326e-01,1.992029092302746718e-01,9.800437819349658852e-01,6.766173465117583108e-01,7.252262625283883990e-01,5.102868707436891693e-01,2.396471000272643315e-01,5.793961905725034667e-01,9.199759846418280596e-01,7.311216292266019545e-01,9.813949534815720188e-01,6.871244902410029998e-02,8.257246523225206802e-01,7.989288658845637714e-02,6.633087252112267462e-01,8.154270682197350961e-01,6.913119948470873855e-01,5.356027317076696992e-01,8.661995972581820746e-01,4.505754116522249220e-01,6.556657006035494506e-01,7.596417244392594803e-01,7.248079148345047962e-01,5.719483770980031689e-01,6.817041215696024725e-01,6.493984952318443415e-01,4.984680758682750179e-01,6.917225995297289209e-01,8.556897943048420441e-01,8.577491674884113459e-01,4.380661442134087258e-01,3.807579746175131508e-01,2.500148278591527440e-01,8.260755060304979525e-01,7.291019497348361078e-01,9.420812830423259676e-01,8.716477883985390696e-01,7.367737134015686085e-01,8.655638421238741609e-01,5.339515906355278840e-01,1.501162647503674896e-01,6.541976431684204396e-01,6.086108334515941687e-01,2.545817246344386428e-02,6.410043376784962943e-01,7.619700775760126499e-01,7.521940487747702520e-01,9.531098025479642910e-01,5.644920371099058226e-02,6.236404274778810652e-01,3.639375101994244410e-01,6.637873199217753095e-01,6.931129001337579254e-01,4.805136168335017999e-01,5.175880545385490583e-01,6.119716554534735398e-01
6.635246814510177282e-01,4.341041456646360652e-01,9.557792116403472926e-01,5.071225981892040213e-01,0.000000000000000000e+00,5.433094074274175123e-01,5.682370350503425094e-01,4.603385957352607583e-01,7.697553221363652165e-01,8.713979199082111382e-01,8.354029136478441364e-01,9.765193533411058446e-01,5.352394746312878482e-01,4.156598206325829992e-01,9.284403569821506608e-01,8.044455524141008729e-02,6.306160463321319742e-01,8.691234350042149615e-01,9.885692799230341166e-01,4.667863124434015187e-01,9.855433356632293806e-01,6.588883735436833478e-01,8.951724168183802233e-01,9.812790600855104683e-01,4.696715432909045473e-01,7.767381521371357067e-01,6.662218932446765107e-01,7.558767942988233735e-01,3.408985342465516988e-01,6.997599365424337359e-01,3.126224312488874446e-01,4.894825354494830583e-01,8.952171793885540518e-01,9.510593116642720446e-01,4.973742506212812109e-01,4.825797136627694717e-01,6.464639386967900858e-01,4.547486258560272110e-01,9.049744624714016750e-01,5.456638562107511969e-01,3.707604303163553050e-01,4.257572176327379943e-01,9.202008557791396814e-01,8.148893714428573354e-01,7.610512858732237929e-01,8.916948179672026242e-01,7.812127613121714331e-01,8.047679451426803521e-01,6.956057144473860587e-01,4.636476961731962332e-01,6.157281801134664168e-01,9.205208228098337164e-01,7.244570049451204419e-01,9.756508041584012192e-01,6.728706012640347511e-01,9.807967067139624628e-01,6.931716814267390170e-01,1.182152944706322262e-01,9.265895204219981585e-01,4.424747124753745237e-02,8.289741622004855870e-01,6.133879006487361618e-01,8.223178938047132069e-01,4.338681005818816883e-01,9.162322923581356360e-01,9.358310170935092431e-01,7.773672424155827487e-01,6.498495594423983057e-01,9.442182519521123696e-02,5.479469859261077991e-01,4.332114582622282883e-01,7.134224748838934316e-01,5.855597037846337338e-01,3.643895577740022818e-01,7.615934918428297618e-01,9.382074945304645919e-01,4.965942833637103648e-01,1.098480818766091605e-01,4.797596927827789126e-01,4.961693972872796010e-01,1.454968164593811453e-01,6.221899930430910830e-01,6.779649876963129707e-01,4.383115415430688389e-01,7.907393250303555998e-01
8.063687936709588167e-01,4.319754966793514228e-01,4.276455473029683318e-01,9.486587623640797551e-01,5.433094074274175123e-01,0.000000000000000000e+00,1.194254187809354051e-01,7.246418667483844889e-01,9.713617589799399266e-01,9.357342536942100386e-01,8.378473907220402861e-01,4.622404762155719049e-01,3.727930334735742868e-01,9.039720125549826069e-01,3.709612311617793787e-03,7.232860057053682734e-01,8.919061207965951477e-01,7.388040601694592091e-01,7.917516649095626136e-01,7.397246115027433788e-01,6.128482237467575144e-01,7.393568985070200217e-01,7.988833610372223504e-01,4.420868958999298326e-01,7.384779515665077509e-01,4.781588115488118462e-01,7.609291927761506757e-01,7.429825852634494021e-01,6.583498075948014394e-01,6.967972197444752824e-01,5.208209280589921608e-01,6.635237529065035611e-01,7.850633262855040151e-01,4.991815899323395755e-01,1.386826907510238516e-01,7.043202841766553757e-01,2.016144991857709567e-01,8.548380588576980355e-01,3.410721446488017561e-01,6.928903326030930732e-01,2.418915859994185957e-01,7.035074474034967995e-01,9.389322443633653092e-01,9.264819454886229488e-01,2.390395880720688482e-01,1.703702787968013888e-01,8.672364724003760461e-01,7.465765663850802980e-01,8.109099171583711296e-01,5.663386800893410733e-01,9.611661750072029164e-01,6.717873825322238091e-01,9.692607091297430477e-01,4.827145034572886129e-01,3.396579833463589937e-01,9.568984555160886529e-01,2.537714881261017852e-01,6.219553780589529568e-01,8.050071875730459015e-01,2.293202421769004462e-01,3.510948603925297951e-01,6.764953802253720339e-01,6.520946886811664900e-01,9.420915591580591997e-01,-1.242049177729674242e-01,9.664234558775453010e-01,9.361086085920389266e-01,9.334988317210716202e-01,2.245377989651334283e-01,6.216863179755914848e-01,-3.473324184041425289e-01,7.918005801652200359e-01,1.169724583905548815e-01,4.352571266747766732e-01,5.000533975949167376e-01,9.531834574163942086e-01,7.881980023156155424e-01,5.592232942755781533e-01,4.919062485235780047e-01,1.738119527972777911e-01,7.033649784280908701e-01,5.327923816664084100e-01,9.335526235271935924e-01,2.342617313986412042e-01,8.687556050763396431e-01
9.611493678840660193e-01,2.668184454345377127e-02,8.794151293048826368e-01,6.653198537238542709e-01,5.682370350503425094e-01,1.194254187809354051e-01,0.000000000000000000e+00,8.791263837770831868e-01,5.630274464750179009e-01,5.409401280701514603e-01,8.558504349321895965e-01,8.019150238377095730e-02,8.010519989989745016e-01,8.113177161342285393e-01,4.124895404658501796e-01,4.660938975836905751e-01,8.728209469942408427e-01,5.725300613795383242e-01,8.934591946686843977e-01,6.917154326015961807e-01,7.456535219315348906e-01,6.808936216776972916e-02,5.006645452341412783e-01,8.340535003084234011e-01,7.172886368168230886e-01,5.250531032472546267e-01,4.243398693897996177e-01,-1.075715641710282416e-01,3.718789443515452264e-01,7.354633536919047421e-01,5.260469018553466380e-01,7.899755477541365867e-01,6.522835972975209451e-01,2.932174591265750974e-01,6.442471882313148823e-01,7.590829869565662857e-01,7.304131947118890356e-01,9.047120981229561654e-01,8.645981613795441501e-01,6.408180402913616902e-01,5.593917581225782421e-01,9.075014034416345465e-01,7.665876393205707240e-01,3.533751164680885015e-01,6.718480138428928328e-01,6.739072142086144357e-01,7.019453452411037464e-01,6.508226502757599174e-01,7.786482528260977309e-01,4.633803292648189798e-01,7.241847535604117869e-01,7.831718802713671934e-01,5.584033235545080576e-01,2.626609604745274718e-01,9.854760699940438018e-01,6.068936866108785022e-01,7.742498875490855248e-01,4.050217192440704328e-01,8.471537412374336995e-01,3.958191948937104798e-01,5.855658787198190218e-01,7.027361839613901484e-01,7.330048396219375206e-01,7.252542185365187244e-01,8.660007909760607525e-01,6.622465777418556909e-01,7.318832089236601002e-01,7.212685045692205366e-01,9.451619070395077538e-01,2.107292607234552972e-01,2.894261158319129668e-01,6.231968128409880459e-01,5.965324665621474232e-01,5.289261532731379667e-01,6.217977754908586840e-01,5.165647417953049825e-01,8.123468617655582591e-02,6.439041983606501596e-01,2.823502935121407487e-01,1.524468502382694823e-01,6.805648810826609996e-01,6.101912853515052415e-01,6.979957369744909101e-01,3.592016491586001448e-01,5.158078416124762811e-01
9.342935389430784276e-01,7.413912250857344066e-01,9.310061328714676065e-01,7.466042694131751478e-01,4.603385957352607583e-01,7.246418667483844889e-01,8.791263837770831868e-01,0.000000000000000000e+00,5.908104181754192386e-01,5.878606578270753058e-01,7.363392150599208374e-01,3.999139837293498312e-01,8.073504699867780632e-01,7.912400048832330945e-01,5.331522087115156960e-01,9.770330233561077549e-01,9.321079842316579711e-01,6.345193839620952847e-01,7.120554293649310473e-01,4.349030584784822628e-01,4.410331795894362750e-01,7.517489696658197218e-01,8.009813113897064074e-01,6.389001686611576192e-01,2.905692571668153645e-01,5.809024657831424188e-01,4.253391362712266033e-01,4.133936074414387707e-01,4.126209948530743521e-01,5.386249283089921125e-01,7.445116796985493668e-01,6.950441434012710751e-01,6.494327362029028716e-01,5.799401774330439352e-01,6.849837280092111458e-01,4.575725722257781292e-01,4.747432925970691553e-01,7.030252056295860363e-01,8.687468667055937566e-01,2.681049398245088367e-01,3.695546424757744086e-01,7.649669568236224793e-01,9.396543805351622591e-01,7.763436953412898855e-01,8.259615933494910411e-01,9.293168065888322005e-01,3.344083539605606226e-01,4.269192302805188688e-01,6.323151764499855831e-01,7.100663941114098154e-01,6.091428573994779327e-01,5.676725624395799752e-01,2.095432297317270098e-01,7.839549758233446131e-01,8.850990961012920044e-01,7.453748518468882311e-01,2.676789968862732239e-01,7.709353355653276729e-01,5.104358809384462736e-01,7.893582177004525580e-01,5.515632745116372249e-01,5.123316172131047175e-01,3.301908522422344339e-01,9.171150647755195173e-01,9.623545132692301607e-01,7.190477268461894500e-01,7.073538211303675993e-01,9.343599185457593936e-01,7.202506158808945624e-01,5.918695230483292935e-01,4.578358596248802148e-01,5.359009451043902361e-01,7.792734242919628906e-01,4.631124211530083246e-01,9.747240034262956154e-01,6.509120881477572507e-01,5.179856391173530694e-01,4.742428988934939138e-01,3.470166393337272281e-01,4.142012501690252591e-01,2.670015950991509457e-01,7.140700940804408647e-01,9.221156651080656408e-01,6.295589730453852173e-01,5.728265648603002580e-01
8.011854268618410213e-01,9.619856386939364956e-01,7.228391899984408786e-01,7.475545496438879001e-01,7.697553221363652165e-01,9.713617589799399266e-01,5.630274464750179009e-01,5.908104181754192386e-01,0.000000000000000000e+00,5.498904410131952858e-01,4.843529769708254107e-01,6.776600139303142756e-01,7.253482255831984471e-01,4.675844921958597911e-01,6.957575225626072557e-01,2.351804377196036744e-01,8.992009084576468858e-01,7.902351760678216763e-01,8.548158644816207241e-01,9.590619500414074849e-01,8.381580074145609238e-01,7.840452926527130550e-01,8.982126081192528533e-01,7.754837128860323503e-01,6.447053661873909380e-01,5.817155572867869218e-01,8.320107563238957615e-01,6.463130336072171467e-01,5.719145381412420459e-01,4.560587534747460592e-01,4.663585847080134461e-01,8.743340909871550881e-01,6.262835068908341185e-01,6.589082239953822917e-01,5.056795661046039614e-01,8.549789881132683345e-01,3.856880449772576158e-01,2.284881257784337483e-01,7.373019035114125597e-01,5.707970125214176793e-01,4.254951455573418029e-01,8.444174554898018492e-01,6.788525501225417536e-01,1.753221683898067429e-01,5.565416509767879827e-01,6.096188890549035788e-01,9.570744058545769262e-01,9.120734150022350439e-01,7.471123196177533732e-01,4.592562820574028204e-01,8.460785908122657739e-01,7.653779030516749682e-01,5.256083160758050488e-01,4.526351721787416071e-01,5.105651921267280180e-01,9.667789890587160651e-01,4.682746650154614443e-01,5.282805215079829919e-01,8.335378446335925950e-01,5.938463053288334237e-01,3.619205543937573655e-01,5.927493676239159459e-01,6.952622158701396993e-01,8.769167467553429240e-01,9.263528305706095756e-01,5.908956037539585537e-01,7.121814073646818288e-01,6.073726136920442054e-01,6.651465841688163350e-01,9.844403070433518366e-01,9.754920012763663717e-01,2.815408290705754268e-01,6.786249998945643735e-01,4.022660032042180700e-01,6.912275456261842699e-01,6.414934062933171921e-01,7.108757972490661325e-01,6.614711602465634943e-01,4.414442678588715308e-01,3.184615449404343268e-01,6.143449517831953699e-01,2.902167838836218761e-01,5.341474222115367709e-01,5.417846835472928113e-01,4.155339121212661135e-01
7.543789100198592390e-01,8.095323057840986269e-01,9.238779586946458400e-01,4.027795485978430956e-01,8.713979199082111382e-01,9.357342536942100386e-01,5.409401280701514603e-01,5.878606578270753058e-01,5.498904410131952858e-01,0.000000000000000000e+00,9.618726826499657268e-01,7.201401872133736948e-01,8.953571008150782440e-01,8.726171453032136593e-01,6.593688835148290295e-01,8.507508122116465010e-01,4.304543208336260030e-01,9.696745155973962582e-01,2.992290662014383540e-01,8.985832998203564514e-01,9.182664545225405206e-01,6.285413578629505116e-01,9.620909993243910163e-01,8.925872742965965667e-01,9.595693991873508466e-01,5.589653427557860210e-01,3.144246423463777917e-01,6.995553939675095423e-01,3.427516584529376464e-01,9.693812914289404725e-01,4.634390316922981645e-01,7.834197382184570069e-01,4.830855946177016746e-01,5.872276326246832490e-01,9.616310475576828054e-01,7.127123943964001063e-01,4.035372458582541788e-01,8.307207176627837697e-01,8.215914840898381755e-01,5.041232731880358475e-01,4.995892225363530725e-01,8.483980531975370276e-01,8.583965180421427865e-01,7.640612059845786064e-01,8.888700217268165060e-01,4.217152494334264201e-01,5.352395922043943211e-01,6.696778866771975203e-01,4.975390988986391760e-01,6.727708030536975192e-01,8.196275348351914625e-01,6.666688458216050162e-01,4.622139592661791974e-01,6.605976574107340626e-01,6.021415360398073569e-01,9.298324667219635131e-01,6.705494169917967096e-01,5.488858966200400591e-01,6.093240281110553491e-01,4.583857179214387845e-01,6.700795399603758362e-01,9.940698335653470608e-01,8.651603006379489369e-02,9.259162504610491951e-01,5.620314020945069711e-01,7.465477301027717560e-01,4.631180434548504143e-01,7.469521420633347120e-01,6.412927297351850298e-01,7.365680692451044287e-01,6.137325700087218339e-01,7.648846362832650847e-01,-3.191587605327008137e-01,7.316256529167477485e-01,6.916393681997695664e-01,2.278363179952193895e-01,9.530256277792911179e-01,9.908907605066897828e-01,2.767120359300463406e-01,2.586728900828274558e-01,7.189182749025064822e-01,6.534034814026056237e-01,8.929822770193692749e-01,5.726334471712923868e-01,5.574248747474395138e-01
9.255379743012972504e-01,6.661651884389048206e-01,8.330056135611102475e-01,6.891365804748711410e-01,8.354029136478441364e-01,8.378473907220402861e-01,8.558504349321895965e-01,7.363392150599208374e-01,4.843529769708254107e-01,9.618726826499657268e-01,0.000000000000000000e+00,8.605566930950926396e-01,7.200540465936090540e-01,7.700075064177145379e-01,3.966321845123984557e-01,3.951121020249950266e-01,7.954676118468867463e-01,8.967736552466762934e-01,9.325483185929067664e-01,8.772110579350490545e-01,6.850247816299064318e-01,7.993350817000912656e-01,9.818158672440028267e-01,9.204874084949989932e-01,7.062459578813283789e-01,4.106744486872249134e-01,8.334812650437682935e-01,5.678822971639543304e-01,4.908463178100046509e-01,7.666034404551069770e-01,6.840183851355966516e-01,9.985651673979771825e-01,9.698107970839890957e-01,6.642474266611312350e-01,7.952792623671766092e-01,5.222024621455158000e-01,2.810672781755759742e-01,3.586469801923106715e-01,9.726572958080423881e-01,8.892696110375224450e-01,6.547525443231488884e-01,6.342821714524919940e-01,2.209475208511136879e-01,1.444443722081713566e-01,7.698642498670258405e-01,7.968762389897822151e-01,6.192856916985889359e-01,7.165422281602786825e-01,7.228770320102926306e-01,7.635088128352316428e-01,8.444292793127311514e-01,9.877806036919103416e-01,8.359044894141420823e-01,9.749487219025196882e-01,6.573946681613176413e-01,8.413229827296767604e-01,9.543214177603918102e-01,6.725751458764501756e-01,2.702319555235238591e-01,2.820293081298260174e-01,7.066622334744646627e-01,9.552523905720271546e-01,-1.747274705575288523e-01,6.097367051572674113e-01,9.958593465774574494e-01,6.050492134877648587e-01,8.206380994559142605e-01,8.048146236144764210e-01,4.290934352998477808e-01,7.271881037669551961e-01,5.649361734570970128e-01,4.991434220369416197e-01,6.194753933249453892e-01,3.649701859377781910e-01,4.013804548723606258e-01,9.689038568121725037e-01,9.095026334157271242e-01,5.352642673007003138e-01,3.491525316177810367e-01,5.552377026673509519e-01,5.846475697060125043e-01,3.530222995885573534e-01,8.808527435745379108e-01,7.270650092211078386e-01,8.761476956631831792e-01
7.114388639988667995e-01,8.319788857880880961e-01,8.650931700439428162e-01,8.020449402682611195e-01,9.765193533411058446e-01,4.622404762155719049e-01,8.019150238377095730e-02,3.999139837293498312e-01,6.776600139303142756e-01,7.201401872133736948e-01,8.605566930950926396e-01,0.000000000000000000e+00,9.492237376535985760e-01,9.692350048754977410e-01,6.314748710811369792e-01,8.139044499580166958e-01,6.421790996741352231e-01,8.695280698590944768e-01,8.036877864764043755e-01,8.723882647001690582e-01,7.989247403989705454e-01,6.944745098826908825e-01,8.793112877359543500e-01,8.373686682634029488e-01,7.889539602103481375e-01,6.149596900076877981e-01,8.610493734556389223e-01,7.241384581735113013e-01,5.067522848937313640e-01,7.288907418372344571e-01,2.221151069426091917e-01,7.448479550934062887e-01,7.404764170595939943e-01,8.089208005245642763e-01,5.177539978855587588e-01,5.176078816308320452e-01,5.522552172274863835e-01,6.170974930822840099e-01,3.729923203603034976e-01,6.203250956707357933e-01,7.168044195270649732e-01,6.827265943771627654e-01,8.133185936810791716e-01,7.864355484712575173e-01,4.976217979672337699e-01,6.138870605016879534e-01,8.749269058576898406e-01,1.435499770798888963e-01,6.403751481998700701e-01,8.478243747672667974e-01,5.104279666189315279e-01,5.621037695005343116e-01,8.834926130452324111e-01,9.130484604532770332e-01,8.106671384014736415e-01,7.826307966029159013e-01,9.042414651743833076e-01,6.489787921671599236e-01,8.588711133506607975e-01,2.054658723572456158e-01,4.965709665541430673e-01,2.363374520782553501e-01,8.059992121114549768e-01,6.957009771542268517e-01,-8.502264132286975473e-02,9.216241733636948430e-01,9.137833135207360513e-01,6.368432629728355554e-01,4.421831989921785611e-01,3.736884942388561948e-01,6.817287002694157882e-01,6.376552936093067281e-01,9.258520356677593099e-01,6.179679438971144023e-01,1.252864685840798242e-01,2.800441317077079217e-01,9.418524136414431203e-01,6.833694393173257442e-01,2.400393639341164287e-01,3.379915946748278666e-01,2.843337089029186471e-01,9.741238681017977408e-01,5.815825228484549081e-01,7.214344538910268945e-01,4.085592341235820824e-01
9.456481409431536367e-01,6.797324352035429840e-01,4.194472073670024170e-01,8.525900428023008848e-01,5.352394746312878482e-01,3.727930334735742868e-01,8.010519989989745016e-01,8.073504699867780632e-01,7.253482255831984471e-01,8.953571008150782440e-01,7.200540465936090540e-01,9.492237376535985760e-01,0.000000000000000000e+00,6.671462042765569089e-01,8.962212239761802035e-01,9.995937017099068012e-01,8.242228061704753861e-01,6.635956560916526081e-01,8.726619296497311051e-01,8.207453425124718871e-01,8.941577169789323154e-01,4.446000603259234185e-01,7.866407345743675616e-01,9.400298495387138242e-01,7.728247933654116553e-01,6.149344983530378173e-01,6.505526143401618722e-01,6.508525760708766539e-01,1.551312524280800687e-01,5.382112185002912996e-01,1.517951603196401322e-01,6.084249498629199504e-01,7.675425838857176108e-01,6.447648800691720972e-01,9.930900298920060099e-01,3.321701806228648524e-01,9.604829108649351466e-02,7.599242296329878910e-01,4.505991640646780927e-01,6.182758069189508987e-01,5.119329615160882474e-01,8.082625075017678684e-01,7.173290177662120515e-01,5.917910071928711435e-01,7.833729339374551071e-01,9.559179427313283517e-01,8.838885052215816884e-01,6.462356891837062189e-01,6.441462604697421046e-01,8.570973033450135503e-01,8.046375294033817349e-01,6.493508969020946875e-01,6.356351382988978393e-01,5.608623716762728417e-01,8.224986589827971706e-01,6.472270012773175818e-01,6.942869523737834614e-01,7.158856587684706563e-01,4.754385632253397831e-01,6.375924982048901679e-01,8.512304323590254018e-01,4.216466935827178908e-01,8.321241311699105747e-01,9.512764343340753825e-01,4.340067293054108433e-01,4.233666099580226105e-01,4.378949255247127081e-01,8.628779673601910671e-01,6.472704767757229138e-01,6.011556353987995704e-01,6.390546450596630290e-01,7.364553373256694790e-01,5.262746702985279246e-01,4.940091124754233398e-01,2.450323181244044579e-01,8.496672483515426144e-01,8.179684009940607625e-01,8.599169372412898138e-01,6.180851084805082385e-01,2.754614788953386184e-01,6.034567187977785130e-01,8.994906059717355795e-01,7.249980318383422162e-01,7.261943827851952138e-01,5.302637738928634992e-01
6.737559591985926577e-01,8.773654659246410414e-01,8.684540953854895662e-01,9.772426036204531208e-01,4.156598206325829992e-01,9.039720125549826069e-01,8.113177161342285393e-01,7.912400048832330945e-01,4.675844921958597911e-01,8.726171453032136593e-01,7.700075064177145379e-01,9.692350048754977410e-01,6.671462042765569089e-01,0.000000000000000000e+00,7.805563543746697475e-01,7.245249493532316398e-01,9.459039210567063982e-01,5.268931634726213842e-01,6.609100699939183254e-01,8.587338186125047512e-01,9.572674921980305340e-01,9.139193078484096899e-01,8.728401949417341488e-01,5.880861370760913642e-01,3.349013647103582514e-01,9.069581090660767675e-01,9.673566453454093272e-01,6.971333254426750337e-01,3.456726677848792062e-01,6.083520932902116707e-01,3.340309786175630347e-01,2.311110635774093480e-01,9.623821651029603741e-01,8.411838101663574596e-01,-1.349005713270332030e-01,4.627291302308844667e-01,4.545043536014425900e-02,9.632547736983219089e-01,8.367753131849440251e-01,5.363271536943122753e-01,5.818006506087299856e-01,2.556559760327030140e-01,1.830682750994881425e-01,6.336702344504679951e-01,5.284113721494567706e-01,7.804332833672582570e-01,1.950289490678983606e-01,7.798953729508451005e-01,7.625286665027215527e-01,8.461514026034662184e-01,6.950198168709276203e-01,6.316485907797753097e-01,4.456344669304958539e-01,9.576726469548831888e-01,9.845675117029302204e-01,8.288012970186120487e-01,4.625284023827954116e-01,8.916052270333847396e-01,8.380754078084232672e-01,7.451033582582973214e-01,7.029585174973025652e-02,1.671563128941797594e-01,9.401329270712612818e-01,9.232725274252362446e-01,9.064496969395818837e-01,8.469655818982910755e-01,7.240317337914341511e-01,4.587544456613223409e-01,5.784823103852678727e-01,5.863393874591800170e-01,4.289730553165134741e-01,8.504784836201669806e-01,4.369541446392945505e-01,7.788065367557324148e-01,8.043774714807576665e-01,6.412699983643542767e-01,9.862199756835470232e-01,4.959914439344125237e-01,7.472459569015215131e-01,2.535109575395647630e-01,7.147765354712733998e-01,9.370516309147225442e-01,9.363562752930358890e-01,3.355979171698846297e-01,8.547603715565179616e-01
9.918780449150957912e-01,7.407121042990247872e-01,2.737453708952746201e-01,4.787665581135320259e-01,9.284403569821506608e-01,3.709612311617793787e-03,4.124895404658501796e-01,5.331522087115156960e-01,6.957575225626072557e-01,6.593688835148290295e-01,3.966321845123984557e-01,6.314748710811369792e-01,8.962212239761802035e-01,7.805563543746697475e-01,0.000000000000000000e+00,6.519198593770031414e-01,9.499701608629435023e-01,3.576339543496016571e-01,9.439529691926177302e-01,6.318953663518570574e-01,9.377403163702640043e-01,7.060797676462349237e-01,9.643910115631146862e-01,8.529465036361589814e-01,5.351336652759847157e-01,6.700437123593122601e-01,6.718225737290650645e-01,6.665743530579024689e-01,3.849764053982336343e-01,2.463323458657106779e-01,3.587702369216043685e-01,9.433938062406863612e-01,9.267129022977050878e-01,8.794836556026810470e-01,4.208265480657664148e-01,-5.012680622955123511e-02,4.561493645443002176e-01,7.885551174669835905e-01,9.585675664382400374e-01,4.907625982269854248e-01,4.162881215004781144e-01,4.827309022262734617e-01,6.747046141442555323e-01,7.731549220229156916e-01,7.906019208886776450e-01,9.807983946303691081e-01,7.627414848277510595e-01,5.350059210017289457e-01,9.368979348282250319e-01,7.598141672927497536e-01,9.658962079059954520e-02,7.003235893062880191e-01,8.442719060615756499e-01,9.356642629681090062e-01,6.376056308453417198e-01,6.272802753077528770e-01,6.585287034993612121e-01,8.432198327728755993e-01,8.759023917456419950e-01,7.155604587384446491e-01,2.846551632918586372e-01,7.230081612031444838e-01,6.124157924922781771e-01,9.831656864032000120e-01,8.875007532071061966e-01,4.982358641578374381e-01,6.726875232930794590e-01,7.914527301297640260e-01,4.229772341141158076e-01,4.699377060206624823e-01,8.236087075144642444e-01,4.584532551261937816e-01,5.561146905476033186e-01,3.940128924362319429e-01,7.894243618462376544e-01,5.135930038763063532e-01,6.450620860966174153e-01,3.577753178324116212e-01,3.385438823727019431e-01,-8.077402761963031752e-03,2.193363169133727975e-01,6.736183816028751270e-01,8.815327020467902397e-01,3.913827143549573062e-01,3.064679646249961475e-01
9.525059985075607916e-01,8.515210110739217519e-01,9.439044761205603873e-01,8.320562566321644260e-01,8.044455524141008729e-02,7.232860057053682734e-01,4.660938975836905751e-01,9.770330233561077549e-01,2.351804377196036744e-01,8.507508122116465010e-01,3.951121020249950266e-01,8.139044499580166958e-01,9.995937017099068012e-01,7.245249493532316398e-01,6.519198593770031414e-01,0.000000000000000000e+00,9.425292632201563992e-01,5.823791994687110840e-01,8.837082580914539243e-01,8.134637675694698089e-01,7.647730801697809611e-01,7.536341690987877762e-01,6.577556506991355523e-01,7.675120019205566857e-01,7.203292076683245337e-01,7.691238974509762016e-01,7.650138529678651711e-01,6.882087746846049514e-01,7.567915901311487170e-01,5.695351439011262507e-01,7.408820381177978476e-01,9.152409795992570984e-01,9.369046787971611057e-01,7.081870930047282631e-01,7.199033784338906283e-01,3.732049229049898553e-01,7.902029152815315260e-02,7.754224565537599645e-01,8.601876417410380116e-01,8.340326428634434741e-01,7.000982811701123021e-01,7.561323195558816712e-01,8.055770357472568088e-01,7.534163902327181139e-01,3.509701288523359164e-01,7.849513778285668320e-01,4.371753003183759256e-01,9.595824880479547625e-01,4.265093284729150058e-01,9.752027881723315250e-01,5.210376668274845358e-01,8.902807331503507227e-01,9.914479884710952762e-01,3.413985115897258948e-01,7.796998957936585040e-01,6.811279474434154269e-01,7.925974599214600236e-01,9.344047592612618747e-01,6.605445940672268756e-01,4.887791307124536577e-01,7.622186610210187618e-01,4.610258663024279224e-01,7.622898831744989723e-01,9.182149070879391806e-01,9.995740901686152036e-01,5.781167804025356682e-01,6.318576887684397292e-01,6.537028006075868980e-01,4.006280520269682177e-01,8.035438701105412918e-01,6.502199753857546005e-01,3.536250793226752842e-01,2.361488080433301884e-01,8.794759291497722398e-01,6.875732982026503404e-01,4.925486223760494053e-01,6.152187491480267667e-01,3.880887012299494288e-01,5.302759355472049796e-01,1.681439939255642210e-02,9.633865203369977870e-01,9.350871774791797986e-01,8.452021941738203648e-01,5.713402699360677905e-01,9.578293842388174717e-01
9.754765814660890655e-01,4.578204607351929467e-01,4.482775718181179481e-01,6.844729346672701054e-01,6.306160463321319742e-01,8.919061207965951477e-01,8.728209469942408427e-01,9.321079842316579711e-01,8.992009084576468858e-01,4.304543208336260030e-01,7.954676118468867463e-01,6.421790996741352231e-01,8.242228061704753861e-01,9.459039210567063982e-01,9.499701608629435023e-01,9.425292632201563992e-01,0.000000000000000000e+00,6.901016715195353868e-01,7.390962804811402886e-01,9.794771305166045661e-01,9.578909214348126921e-01,7.660480192612679762e-01,7.763569353156347663e-01,9.152381352312163321e-01,6.812920059479043999e-01,4.352468735376104902e-01,9.406250074048081444e-01,6.517532227854028193e-01,5.443243632515196717e-01,7.092121332291581037e-01,3.955961400837394448e-01,8.449541889359978297e-01,8.390242040037250160e-01,9.999557097669026229e-01,8.613281674078883121e-01,5.348248408787015240e-02,6.405784848639923812e-01,8.080727744162026216e-01,7.569038048502195748e-01,8.919750002558863855e-01,7.569113762563393077e-01,8.060419092979754785e-01,9.815006051889582084e-01,4.038208133473630834e-01,9.530793784997075857e-01,8.532666135009999708e-01,8.039978860824247286e-01,6.300274992049261780e-01,9.833610101536098824e-01,9.078466244608451863e-01,7.863651569075569281e-01,6.920996637674166063e-01,4.465772677767595455e-01,9.167335554526854224e-01,8.980256354964756271e-01,6.852623886991126012e-01,4.126524097797351076e-01,8.419687205250923068e-01,7.510731395859554516e-01,7.504764407044015595e-01,4.570932988409867059e-01,7.851164252327296200e-01,3.381676851145932194e-01,8.246913560376678554e-01,6.102703290367325062e-01,6.564767667378638150e-01,7.671333440630395684e-01,9.336276150888745962e-01,4.119767528092230235e-01,9.177223024083269731e-01,8.132469124046117770e-01,7.502745078159240855e-01,1.823929989504972093e-01,5.693978978197717922e-01,6.081194993184688702e-01,8.001170957488319413e-01,4.358086390629571927e-01,6.699008585653198899e-01,6.343087639847539982e-01,6.648739695253351734e-01,8.754991342644173891e-01,9.349871596347847369e-01,9.545997783152158078e-01,5.503122852057045628e-02,8.683578699318978966e-01
8.859789146460401721e-01,8.201783930984676285e-01,9.555700296194324928e-01,6.804584225417307231e-01,8.691234350042149615e-01,7.388040601694592091e-01,5.725300613795383242e-01,6.345193839620952847e-01,7.902351760678216763e-01,9.696745155973962582e-01,8.967736552466762934e-01,8.695280698590944768e-01,6.635956560916526081e-01,5.268931634726213842e-01,3.576339543496016571e-01,5.823791994687110840e-01,6.901016715195353868e-01,0.000000000000000000e+00,7.073352068478797605e-01,7.575400401143120854e-01,4.950622999521915868e-01,7.563154686496524892e-01,7.912942922803032353e-01,6.980193486319442586e-01,7.500143840989171862e-01,9.832689520712272202e-01,7.728583045416186348e-01,6.294409410451969888e-01,7.886005278058323409e-01,2.299361182058962672e-01,4.014885940311392898e-01,5.338137949183773268e-01,6.548842415623050417e-02,9.910674831415423602e-01,5.577818828047381716e-01,6.234794260119699283e-01,6.682349425193622183e-01,6.799312615341885913e-01,7.220998739309801850e-01,7.607703864513377656e-01,5.260202960596009891e-01,9.652745339913407774e-01,8.047670464163031445e-01,8.075975971515069185e-01,4.878229639164791687e-01,7.541884827642877376e-01,5.716784804959431643e-01,5.257541643748085969e-01,8.432458881202985479e-01,9.372275626301629359e-01,7.871892927667163420e-01,6.561687319166533694e-01,6.702027349264546574e-01,6.251729343734147015e-01,7.499028025228802186e-01,7.671028841367361073e-01,5.728902464025122931e-01,8.701992192913692303e-01,8.433493548442785315e-01,7.470943754434504758e-01,4.627433298382516158e-01,5.326185022776436240e-01,6.365128372624255793e-01,9.843793848328722396e-01,9.473524670315748297e-01,6.628010999428596284e-01,4.244730041511050600e-01,7.554481963466150862e-01,1.755949706703656757e-02,7.431293670299745635e-01,7.804385881434539041e-01,6.161563870501419737e-01,5.393780855055853030e-01,7.056928933445485441e-01,6.273565622428257660e-01,2.789824029056102161e-01,8.229156269405156765e-01,7.907394882175166062e-01,3.122839008134400407e-01,3.037206261435990706e-01,7.842994867819633731e-01,9.719375345185004011e-01,6.706645005141071980e-01,9.751855445563638314e-02,7.987556490443914470e-01
