0.000000000000000000e+00,2.863247166302925750e-01,5.136486231964116911e-01,8.572832038355865381e-01,7.655315489024386855e-01,9.866990817406138259e-01,9.057658980462200971e-01,7.281039557407947838e-01,6.809499963325473804e-01,2.148892068098847141e-01,8.647845912633566057e-01,6.788040267389118254e-01,8.662933112454977991e-01,6.557902142053432248e-01,9.555990548869917056e-01,9.741957502947488079e-01,9.801409575820420050e-01,8.161826651434058721e-01,5.197089562540252450e-01,2.925914369660352343e-01,5.017319281974365053e-01,9.563655161319237763e-01,6.936918486709378051e-01,8.081375020435900280e-01,2.683934312328946636e-01,8.114304423796256938e-01,9.796364268078988635e-01,8.809468088585143963e-01,6.021845339118750973e-01,7.922733314321306342e-01,5.064676659414217852e-01,4.842324312282532683e-01,8.331508064127366442e-01,6.967921590419740019e-01,8.444789301320524411e-01,3.139622442808893688e-01,1.801028779859364937e-01,6.211286718971051890e-01,4.474532541490124915e-01,8.998595381486148570e-01,9.365922756621031242e-01,9.888599647659834790e-01,3.134619502688536508e-01,7.114149900566686391e-01,7.340341705756977531e-01,4.636237982106800048e-01,7.417325483331489444e-01,9.106392094805733084e-01,9.404410675137012676e-01,9.395642683861920030e-01,8.701365716850633092e-01,7.334740357136436684e-01,5.754207981950603124e-01,9.964421314466627155e-01,9.594070636135736407e-01,9.711814805891487712e-01,5.410664755978711327e-01,6.648705338411139421e-01,8.107268304447697860e-01,6.102386489432537475e-01,6.559342049641476713e-01,9.047615921381119142e-01,7.016453434184338755e-01,9.814959772398503812e-01,9.259828466354066423e-01,7.258159587371164623e-01,8.253148593879306993e-01,3.567491625096603780e-01,3.072837511059426374e-01,7.591096869849639495e-01,8.222227612157798626e-01,8.106814705667624299e-01,4.336775606521134918e-01,4.360898737483505094e-01,6.984222506571722278e-01,9.342482376914487130e-01,7.918271452712211111e-01,9.883175207010145291e-01,6.547279667486549659e-01,7.249317476464270382e-02,7.106242600160252998e-01,9.335449227790735272e-01,8.980971481786907962e-01,5.508957669253733425e-01,9.005817203130338511e-01
2.863247166302925750e-01,0.000000000000000000e+00,8.619236539388899221e-01,6.559256664458833486e-01,7.572594067907856275e-01,7.885021606398436855e-01,7.192439731513984302e-01,5.653915684533106223e-01,2.238126970057533194e-01,8.363593912797153695e-01,9.057100097936945371e-01,5.471573622359657829e-01,5.958884884385273750e-01,8.550300626059816889e-01,4.326011914352889676e-01,-8.856815685501451263e-03,7.904242191885059166e-01,6.387646765389209946e-01,5.097515436907907871e-01,7.832190492825397143e-01,9.850557191179126759e-01,6.211960848568210958e-01,5.211628404113289870e-01,5.982501927463019786e-01,4.582948680578665668e-01,5.224195458380830326e-01,6.690390413565250327e-01,7.344271759072793504e-01,7.144310920802470211e-01,4.048369750251867294e-01,4.579932945059438931e-01,1.961340653773844256e-01,3.081353484630406925e-01,4.039738284340672614e-01,4.042369341951644879e-01,3.133366236537664107e-01,4.230501006997605673e-01,6.169678334455969138e-01,6.105889347917229371e-01,5.419859895082386192e-01,5.391872162500376264e-01,3.098223742441179041e-01,5.251929992190855767e-01,5.623753050016944144e-01,8.629170603218589974e-01,6.581508966252442860e-01,6.797113286849204572e-01,6.207990255679562974e-01,6.128094385472051542e-01,7.559687376410267889e-01,6.337401334209521453e-01,9.581920125466387717e-01,7.578863220313546423e-01,3.555511917065071192e-01,8.085160243984307327e-01,9.324156580893341317e-01,5.334826832977948019e-01,5.451682760541762818e-01,6.162235618125944114e-01,6.897125454977431902e-01,2.267092723397057530e-01,4.144021506210241457e-01,9.291187387791728369e-01,6.158456874334996556e-01,4.494405303191834622e-01,8.077990332258625505e-01,5.676792519146929561e-02,8.125097451404046378e-01,4.026594093246065320e-01,3.640658896694926594e-01,9.352283073396879809e-01,9.759133983770005294e-01,5.855258441448657480e-01,5.066805552732228657e-01,4.725018288210210970e-01,4.514049903151161613e-01,6.398351976686150744e-01,5.888747762018230469e-01,7.609760472285802546e-01,5.512784153496808059e-01,5.226998535064402152e-01,4.332337316699921836e-01,6.272107909903850143e-01,2.118689445773500324e-01,3.100901058449218040e-01
5.136486231964116911e-01,8.619236539388899221e-01,0.000000000000000000e+00,7.280892932225012659e-01,9.808031580937606186e-01,9.372902459352566717e-01,9.836144063900533752e-01,6.460798885630129051e-01,9.003097785036110468e-01,8.414789785345622164e-01,9.217767538124722604e-01,8.165097895074752143e-01,4.364510023333629252e-01,9.133460383311591269e-01,8.957657172860222783e-01,4.364219267815329650e-01,4.630670834827699811e-01,6.482452034764080162e-01,7.289905823414195574e-01,7.953342403777317049e-01,6.816719373842878849e-01,9.829510310019249353e-01,9.023925417648123171e-01,9.332528550506665743e-01,8.762515108673101238e-01,7.377427978712920442e-01,8.549471380298877543e-01,8.843161215487191917e-01,4.027766802481922565e-02,5.984092475971922731e-01,5.395032635012759759e-01,9.390032967102887040e-01,5.685469717025903869e-02,8.105331996968002661e-01,9.357807732527871902e-01,2.010650588174699993e-01,5.164691197199104966e-01,2.350456015164636980e-01,6.139330833952465483e-01,7.026495738675498925e-01,7.314240534332037136e-01,9.100351775237250918e-01,8.399693891392892020e-01,5.673699649498337161e-01,9.869208794773675075e-01,9.083914187587204259e-01,5.279121083922684310e-01,4.817618733587212265e-01,9.033821171331453126e-01,3.604956973629538375e-01,8.356420340729424634e-01,7.205659583453490891e-01,4.441224511207403913e-01,8.177555918165632098e-01,9.605610685718308783e-01,7.379719251672489655e-01,8.917391360050268556e-01,8.257447997933936579e-01,6.988525642417682260e-01,2.309002807031491078e-01,5.867535045184183451e-01,8.197186621279326513e-01,8.648211124805861294e-01,8.149291570971761711e-01,8.439656161200008722e-01,9.808026043827153817e-01,9.145715501356299626e-01,8.093151476130728827e-01,8.403756161276717540e-01,4.546806387127517723e-01,5.042844928703691387e-01,3.367446122763234628e-01,5.081061117080595269e-01,1.713722520087035128e-01,9.252659660496070915e-01,7.766407025461928848e-01,9.733397247347058689e-01,8.514854955881053789e-01,5.561139503208200052e-01,4.774717747308158677e-01,6.227733743672360101e-01,7.883045347871905362e-01,2.571727462908545703e-01,9.675676545566347375e-01,7.924058350814294771e-01
8.572832038355865381e-01,6.559256664458833486e-01,7.280892932225012659e-01,0.000000000000000000e+00,9.281844427496197536e-01,7.488964057488393111e-01,2.813628730652319998e-01,5.985024017078168779e-01,7.292498220380301266e-01,6.742390751810476424e-01,9.793732891888717873e-01,9.265203292951684766e-01,6.397366681425433743e-01,7.540230736036650505e-01,5.032903275734795789e-01,9.901510650470011221e-01,6.725748672846576515e-01,9.282451540705483062e-01,8.000268291447401037e-01,8.043379638411651822e-01,6.938185500024793839e-01,8.850817511097580637e-01,4.001879052327593778e-01,8.251510678076739991e-01,4.831710351230588674e-01,5.341121163185670317e-01,6.813918365516721254e-01,9.674210332440473792e-01,4.235249943254231209e-01,3.094345156317835355e-01,2.858419893193009931e-01,7.430992468409748364e-01,9.781522475872368450e-01,5.955197137108970695e-01,8.167641971068408946e-01,1.314177918288528257e-02,4.611893620626898449e-01,7.299663236043744119e-01,9.752099834207480500e-01,9.634714648563877937e-01,6.525256747723913175e-01,6.705365405467804685e-01,6.215847146151742830e-01,6.906207829381928454e-01,8.938425314952782585e-01,6.481186590441226913e-01,6.323621212626790999e-01,4.721459680587772323e-01,9.256702231269934300e-01,2.476158602092341510e-01,9.903699529516567512e-01,7.825711915204979219e-01,9.902489391163351584e-01,7.712996407968454315e-01,8.333915958511849409e-01,9.616082513971719870e-01,6.868511995543258308e-01,6.669700861947596149e-01,9.384250234136748414e-01,4.018868058497215845e-01,6.728443484160591126e-01,5.337311676267024740e-01,6.185651956002512497e-01,8.730962823991236244e-01,7.128935137926811771e-01,6.621629202719134799e-01,4.370662615941904305e-01,6.454356864802092142e-01,5.353702002332882959e-01,2.228926561502216352e-01,9.908732447442420987e-01,9.274131314475735355e-01,1.634661986638862308e-01,5.142815723814070372e-01,3.221203358793741089e-01,7.331817168265173379e-01,8.641013648608206754e-01,8.289635634407374054e-01,2.465364293951366748e-01,4.465936971520850091e-02,4.798554572487204184e-01,8.250713536570161155e-01,4.338546393109100618e-01,9.000642210793688425e-02,8.694228230132748925e-01
7.655315489024386855e-01,7.572594067907856275e-01,9.808031580937606186e-01,9.281844427496197536e-01,0.000000000000000000e+00,6.765076379982393195e-01,6.472150854513040175e-01,7.549589424657174863e-01,8.543132888297467753e-01,6.478509222334880580e-01,7.664525232417370715e-01,5.630206157824995117e-01,5.309320735533957780e-01,5.276001474816851555e-01,4.945940361202909030e-01,2.739345393617849123e-01,8.097075833499374209e-01,4.816756194538971969e-01,7.669604500835427441e-01,6.315479934108780835e-01,9.058663513061746553e-01,4.733647498521018626e-01,7.117273060613937830e-01,5.085603618622319688e-01,7.883683562876375728e-01,5.514620044262106280e-01,8.023290960275574202e-01,9.113724627134155432e-01,7.523161318775548612e-01,6.556670130296790022e-01,6.486859914120852721e-01,6.706337932355956877e-01,7.076663155872353617e-01,6.893614315148263172e-01,8.792628371896078765e-02,4.332640567504437712e-01,2.866811579407853028e-01,7.331886161756943077e-01,9.197801975144517250e-01,9.451080741623836268e-01,3.523816660467257167e-01,8.358111183578703640e-01,7.676991302246585214e-01,8.526116438522988172e-01,2.766470540305319137e-01,7.977355136689082693e-01,8.168714811216782890e-01,3.485005236800329809e-01,7.859858341952897787e-01,7.705336580137386315e-01,7.534794876175023859e-01,9.274735721946408828e-01,8.043546689229307267e-01,7.391961253942929133e-01,9.426722416230883805e-01,8.375813157340309401e-01,6.418656961871653799e-01,9.481808494217112138e-01,7.038609479722455209e-01,-3.514051826241620935e-02,3.235390614530336273e-01,7.843292521851594756e-01,8.272237173476606475e-01,6.482756345671273346e-01,8.216680281800434749e-01,6.147951727519614940e-01,4.342463970919522298e-01,8.653790348028596036e-01,4.488697307635602374e-01,6.641767334446011528e-01,9.734129863384931580e-01,6.971843198164978661e-01,7.224747001347002762e-01,8.324148868906969811e-01,5.412631820123451343e-01,2.620881096032699475e-01,4.755111790135119199e-01,8.034180173288469895e-01,7.742009981233051175e-01,3.987362648613559379e-01,6.327349538213608016e-01,6.270486171847629020e-01,9.133438722484005234e-01,5.831447741837504362e-01,6.685376137096388227e-01
9.866990817406138259e-01,7.885021606398436855e-01,9.372902459352566717e-01,7.488964057488393111e-01,6.765076379982393195e-01,0.000000000000000000e+00,4.022001877319820728e-01,6.122737759540259894e-01,2.183870206904790501e-01,3.048504459519148502e-01,7.555254882077468981e-01,7.877030014493539012e-01,6.063695965824920098e-01,8.952334665695245164e-01,7.383014689079491211e-01,5.310932268417756230e-01,8.082900558600794039e-01,6.160204331116834187e-01,1.642562000965359578e-02,6.558750271326375669e-01,9.266580952177417840e-01,2.375757109497234620e-01,8.816501114419675877e-01,4.961392651825592415e-01,5.617624626192762038e-01,9.189866275561764386e-01,7.593373078989810177e-01,6.021661202595474105e-01,8.165918499919163631e-01,5.835665458425811636e-01,7.235335217145110187e-01,3.034686897339800016e-01,1.121809855246087007e-01,4.108151905714581553e-01,7.694068712057344772e-01,7.237528362320255759e-01,4.713096257950987189e-01,5.662175867851254596e-01,8.749544951048531249e-01,9.367605350821670562e-01,5.265028184089134422e-01,4.181174826102913578e-01,5.557663789248313835e-01,7.753818600378535875e-01,9.453600398990581466e-01,7.593199586023409164e-01,8.759834054966697536e-01,8.380098908061552887e-01,4.730399068330076728e-01,7.465711233818731474e-01,6.842008557744403419e-01,4.137119544409270100e-01,9.817901975426863714e-01,8.599932084562192935e-01,9.926621224102061269e-01,6.934768179769622565e-01,7.317637732655768446e-01,7.506790648564118928e-01,9.914354561537710442e-01,4.601048970943792393e-01,5.465109680969441053e-01,5.710805885620291455e-01,9.663574028961026130e-01,7.159227503482008537e-01,9.002638469110612052e-01,9.568112310754001149e-01,9.212742394349500152e-01,4.781410556066228446e-01,4.117400254650854796e-01,9.829442315093825933e-01,8.120986489202924874e-01,7.913226080859105949e-01,1.111734893006539708e-02,4.879511476629062594e-01,8.914288022300060899e-01,7.486290574374772078e-01,5.303189911498364939e-01,7.643857242656638684e-01,4.655306291987795220e-01,2.149507301825425709e-01,3.982554520474869131e-01,9.293582622376392877e-01,3.732706484041324324e-01,6.939924565097909115e-01,4.332539565129088777e-01
9.057658980462200971e-01,7.192439731513984302e-01,9.836144063900533752e-01,2.813628730652319998e-01,6.472150854513040175e-01,4.022001877319820728e-01,0.000000000000000000e+00,6.770115773969526130e-01,6.347133056635210213e-01,7.542696050526723206e-02,1.260048989799239794e-01,4.448971129390143497e-01,5.935492268028282892e-01,7.048710523376797710e-01,8.754817649424814219e-01,3.481359219104982472e-01,6.720485028144944639e-01,7.273538586464552980e-01,5.133688020218549752e-01,8.945571068855892038e-01,9.197578971221498367e-01,2.048746059810677977e-01,4.055912421455772354e-01,7.933763541171144906e-01,2.773905848198777724e-01,5.705459030279892430e-01,6.147284101561424352e-01,5.289210465639516690e-01,4.401689602684495384e-01,3.803888477222852615e-01,3.952078557035855200e-01,5.779804222809126202e-01,5.663780387850439468e-02,7.153761019995562576e-01,2.898502371172005931e-01,5.805177596761564862e-01,2.286640262385213340e-01,6.138974546703125368e-01,6.312153851031238050e-01,6.167544138411996668e-01,5.203599673950149995e-01,1.159725332445079860e-01,7.635903571483732000e-01,7.031797387479261641e-01,7.221885776223493369e-01,6.826018386515724234e-01,5.892074621486772523e-01,7.230312413275914452e-01,9.156910110176443851e-01,3.587168116634639192e-01,2.649750632362439795e-01,4.325236830059535631e-01,4.213739822871160334e-01,7.368967074178036647e-01,7.997021632184464490e-01,6.428712407868408807e-01,5.537797365391958770e-01,6.883006804341067486e-01,9.880414395620864543e-01,4.045491357037780955e-01,4.310741830753807569e-01,4.112026304187789139e-01,5.688397412586125856e-01,7.312827951035332230e-01,8.359026208097275479e-01,5.232130025579744270e-01,6.702085833413298221e-01,8.803994934053847032e-01,4.861529502476314990e-01,1.335255462792964698e-01,2.935377253305573864e-01,2.707832768588464001e-01,3.955199313463853561e-01,3.688522586918008273e-01,4.159545857806157820e-01,2.517954531719599487e-01,6.820708096224943340e-01,4.492893801903614093e-01,3.335584001520910946e-01,3.450338381415872235e-01,7.445482795626291450e-01,8.977007155626752777e-01,2.918347578639980400e-01,3.003233217063109306e-01,9.784438025765835878e-01
7.281039557407947838e-01,5.653915684533106223e-01,6.460798885630129051e-01,5.985024017078168779e-01,7.549589424657174863e-01,6.122737759540259894e-01,6.770115773969526130e-01,0.000000000000000000e+00,7.826941217062652889e-01,5.201665703910647309e-01,7.028928629860730082e-01,2.733728862238417601e-01,6.377839868940649026e-01,8.029936465440059568e-01,5.285162115783998971e-01,5.102046641272469651e-01,8.452577157137438624e-01,9.075831884138965133e-01,2.031184352935057058e-01,4.530490888579503106e-01,9.373579257628309458e-01,5.247683958425630735e-01,7.238921755098288724e-01,8.236930669557532836e-01,4.985655195522793459e-01,7.721077869411508976e-01,7.988477045296309420e-01,5.696062036143968443e-01,6.236905051161512059e-01,1.199559580265495695e-01,5.795221254873220151e-02,6.391542158270787644e-01,4.184047237482975135e-01,7.879386323857693331e-01,2.856729082002590347e-01,5.821449283860875568e-01,9.847709740442039950e-01,6.449276334041407210e-01,9.864097532456832518e-01,2.850159586986055760e-01,6.935924219338668317e-01,1.307269363403592288e-01,8.636408990774677719e-01,6.340296318740041848e-01,9.097559577822917909e-01,3.029222634887218102e-01,6.642379745417820169e-01,5.423749361269087910e-01,6.387309256278645986e-01,6.989121450750680475e-01,8.799415290892969033e-01,6.950927928971288861e-01,9.035623050988208504e-01,6.236848042785820834e-01,6.026511013917543735e-01,8.910840433379679792e-01,7.747986616118226477e-01,4.385576435400672657e-01,9.706468389780933403e-01,4.934988322584380471e-01,1.058432260854161866e-01,4.850132434616062915e-01,6.008962780100942647e-01,9.628464420949548463e-01,8.280366121084166142e-01,7.786434590843760439e-01,4.664932898345549028e-01,4.840207045437538991e-01,4.030872868839496803e-02,7.719743740629589901e-01,7.605703369219778409e-01,5.492468754374190132e-01,4.650430772396090817e-01,6.971993376762480876e-01,6.833178714171290746e-01,1.134002587205083512e-01,5.736057392037756664e-01,5.153769116577723297e-01,2.843151893827368104e-01,3.463456406862482906e-01,4.685922362310158129e-01,9.947454693362681732e-01,8.400581313104165115e-01,4.942172257024706750e-01,5.075578346709527233e-01
6.809499963325473804e-01,2.238126970057533194e-01,9.003097785036110468e-01,7.292498220380301266e-01,8.543132888297467753e-01,2.183870206904790501e-01,6.347133056635210213e-01,7.826941217062652889e-01,0.000000000000000000e+00,4.973003923893203893e-01,5.118570247119056393e-01,5.795462643321545038e-01,6.064158037317267658e-01,7.446702426869933333e-01,6.342510536091535700e-01,6.849679175032103995e-01,9.985269875449664934e-01,7.695124903371842739e-01,6.009876981291084608e-01,8.500615193636091860e-01,9.375881805607980679e-01,2.462340533671943943e-01,8.888721196196029961e-01,8.957133836803047311e-01,6.381537198308068204e-01,7.655719107657921185e-01,7.123944150373123785e-01,8.256408834753843629e-02,4.966871861253010501e-01,4.369442498573738454e-01,5.319040788233843076e-01,4.212853779196603088e-01,7.761198435334025758e-01,5.042727276678060644e-01,-1.036196522108313589e-01,1.880228917635815011e-01,4.887994720868616971e-01,1.421463708746851795e-01,2.041483654404525616e-01,9.921815836284013645e-01,2.400282591227213824e-01,6.598414727552532888e-01,6.280601926492207498e-01,4.292367698170453938e-01,8.560303446980112030e-01,6.706456513536673825e-01,4.137465822806678517e-01,8.905443723059784933e-01,4.867794965969129972e-01,5.537851838457219511e-01,7.988196457433819342e-01,8.522597174237795947e-01,9.536893349319321977e-01,5.517087487084713082e-01,6.927962949151166283e-01,9.213616212312984999e-01,9.068364245751251440e-01,5.832224349613275294e-01,8.413216188641708948e-01,4.553801152266777064e-01,2.574260780706718599e-01,8.891699616944749307e-01,8.788099377972131698e-01,5.586512029203654084e-01,9.629432788188180270e-01,5.994991097192872154e-01,2.490195696968525718e-01,8.938001816778837760e-01,7.483863189325904441e-01,8.449447264909851762e-01,9.837082624933264352e-01,6.325118958949332848e-01,7.388302436792498762e-01,5.294830314760179402e-01,3.256727880484127091e-01,7.674960297630988304e-01,6.413451294976802997e-01,8.747330790328606831e-01,2.668429475638830484e-01,5.982663530711829214e-01,7.080851487753280216e-01,5.189425178194593258e-01,8.923494386761350317e-01,5.281637366137259537e-01,8.855674542506936087e-01
2.148892068098847141e-01,8.363593912797153695e-01,8.414789785345622164e-01,6.742390751810476424e-01,6.478509222334880580e-01,3.048504459519148502e-01,7.542696050526723206e-02,5.201665703910647309e-01,4.973003923893203893e-01,0.000000000000000000e+00,6.614360821493870946e-01,3.641469185817381993e-01,7.321399725903596778e-01,6.645792176338435331e-01,6.821152641137367967e-01,8.166807677343450589e-01,7.226531333291207337e-01,7.444083561056241694e-01,6.546006063161037281e-01,8.461693717522563718e-01,8.972007273974227370e-01,6.130112319999693193e-01,4.243091858544718042e-01,9.837218229735270603e-01,5.505667049975236926e-01,9.770485581449409596e-01,9.587100564849347917e-01,3.353926118259942246e-01,9.043806809423154958e-01,6.272191512003891800e-01,1.288408365304425096e-01,6.935079071949208362e-01,8.186722628249519795e-01,8.737545938410941071e-01,-3.552359094899724123e-01,7.422175989638216675e-01,3.765326671882121001e-01,5.896732055569375852e-01,7.680753205717636423e-01,6.128633105297430772e-01,4.647326083486275072e-01,7.179569746209577552e-01,6.311944511580577233e-01,1.494463727233455441e-01,1.317222454556064154e-02,5.408814503416250474e-01,8.355807229063791919e-01,9.124560592945850646e-01,6.659874809271418838e-01,4.563590211021787968e-01,5.985764756746191351e-01,7.344852782275201886e-01,6.916988306976933343e-01,6.129790350366379759e-01,9.639553449387753270e-01,8.010217168635704876e-01,6.974767472833556248e-01,8.166808476710750719e-01,9.085258992607321282e-01,7.784546128558056388e-01,1.939522676472388296e-01,2.850507268854087783e-01,8.744704263907878694e-01,9.126001250217523619e-01,9.856671830803108714e-01,7.082001439818327304e-01,7.679892687695960563e-01,6.860763460175681727e-01,6.290914262278527458e-01,6.123732043129332947e-01,4.145355441616302983e-01,4.347507248109506173e-01,1.075712745603397275e-01,4.144443512881588743e-01,4.282093676585054798e-01,5.314462847757464026e-01,9.577195441776498175e-01,8.142522117693679062e-01,5.984904453191137730e-01,2.500954398153297786e-01,4.642811517012140343e-01,5.196407749744940130e-01,6.321590795846543376e-01,7.541369689042274338e-01,8.420128649039423374e-01
8.647845912633566057e-01,9.057100097936945371e-01,9.217767538124722604e-01,9.793732891888717873e-01,7.664525232417370715e-01,7.555254882077468981e-01,1.260048989799239794e-01,7.028928629860730082e-01,5.118570247119056393e-01,6.614360821493870946e-01,0.000000000000000000e+00,7.598462077026043593e-01,2.172740512902780752e-01,6.548269478120243292e-01,7.052638749463009393e-01,8.011709831297270101e-01,7.354705974748682040e-01,7.666060999598279802e-01,6.490143002790184079e-01,8.976201219541828369e-01,5.741550760021135735e-01,2.008548634544919387e-01,2.616984124062498029e-01,9.884708737113797605e-01,7.884409349512209175e-01,7.922996099328871722e-01,8.752633761381841682e-01,9.421370562623458955e-01,3.981722398250409078e-01,5.074130352702659746e-02,5.795258751955684184e-01,2.613990419354804140e-01,6.484236796992981500e-01,5.965184516813456517e-01,6.480114060738663140e-01,7.827207121232513387e-01,3.236343471608895683e-01,8.461885226019280060e-01,9.716284903711309706e-01,9.452566535743847087e-01,2.107855508563583058e-02,6.516817974211293052e-01,8.004830504782787237e-01,6.379935552934653531e-01,4.893846066505671555e-01,7.038354788305029031e-01,5.872523597658469985e-01,9.396430991554716172e-01,2.344019077239893611e-01,7.809423649957383251e-01,4.487220190397545050e-01,4.638803840588187621e-01,8.159188126752853210e-01,6.861874092783426526e-01,6.333832902324921799e-01,6.011054979742115334e-01,6.998260206792102922e-01,8.613567440178615531e-01,9.098917373703721001e-01,2.128490072674102396e-01,9.821550761997654977e-01,7.978868204153644061e-01,7.930171339514164863e-01,8.298864586236749386e-01,7.319231882673863376e-01,4.640108009533199240e-01,7.337634638200483117e-01,8.555973884954100050e-01,5.661485940892525548e-01,6.707271990664749328e-01,6.828308075872662197e-01,5.917283722436201820e-01,5.675162588222022464e-01,3.509226291454885516e-01,7.664777555300928968e-01,7.973054204817882074e-01,7.563533641763862114e-01,6.120210846878900712e-01,4.734101931884150405e-01,4.874774184986959691e-01,9.102395204126496608e-01,9.785339142872320206e-01,4.047866851713384229e-01,1.765223957552466694e-01,6.741234023092428362e-01
6.788040267389118254e-01,5.471573622359657829e-01,8.165097895074752143e-01,9.265203292951684766e-01,5.630206157824995117e-01,7.877030014493539012e-01,4.448971129390143497e-01,2.733728862238417601e-01,5.795462643321545038e-01,3.641469185817381993e-01,7.598462077026043593e-01,0.000000000000000000e+00,8.410532098948454438e-01,7.868510115835802843e-01,5.300933838445968105e-01,4.264335058707368065e-01,6.220994395131362875e-01,8.384700860931828537e-01,4.783707270012055313e-01,8.021723623406760151e-01,6.157322027071866488e-01,5.827163307887119892e-01,-6.048796000323874988e-04,6.638388690090666344e-01,5.205368492344144560e-01,7.342830973843500475e-01,9.931079520286387741e-01,6.801602819971370728e-01,7.776281027845409755e-01,4.594415218782940680e-01,2.054478082950015466e-02,6.191405417751500995e-01,7.554264502800840386e-01,4.815927045975589293e-01,6.760633381549808751e-01,4.023289179164022400e-01,6.238629204008747653e-01,5.317117265065025578e-01,4.898925206545885480e-01,6.963254012114458158e-01,6.625119099006185897e-01,8.272264488931616588e-01,9.329210891309720477e-01,3.021606590815627547e-01,9.239802373701242466e-01,6.850944562315115505e-01,4.218020054639414207e-01,8.846478539116242601e-01,3.991533624590679619e-01,6.989457586781285814e-01,7.263227935670331092e-01,8.221172809243774138e-01,6.544077573344166954e-01,6.324038404662835067e-01,3.998026487264736417e-01,8.330267007956984049e-01,7.843234780494379166e-01,8.387775746073691252e-01,8.601230818138598799e-01,3.078409915554097820e-01,7.227906254750704473e-01,5.486632979429957313e-01,8.536796662741207298e-01,5.717102938879050633e-01,7.473793947517203273e-01,4.030167805034174378e-01,2.290164738255878185e-01,9.369881901320242790e-01,4.392817667933333614e-01,6.275795854973620358e-01,7.807229001993549744e-01,-7.261807354981511531e-02,4.158932544276831011e-01,2.608592899767379070e-01,8.815956381275739107e-01,3.959169831279421015e-01,7.575766352120784086e-01,7.766937664679188780e-01,4.895905137375520244e-01,7.667021987147720763e-02,4.428650984895574072e-01,9.354650831470859851e-01,6.832168060370568119e-01,3.443123431636326004e-02,4.317176532259680011e-01
8.662933112454977991e-01,5.958884884385273750e-01,4.364510023333629252e-01,6.397366681425433743e-01,5.309320735533957780e-01,6.063695965824920098e-01,5.935492268028282892e-01,6.377839868940649026e-01,6.064158037317267658e-01,7.321399725903596778e-01,2.172740512902780752e-01,8.410532098948454438e-01,0.000000000000000000e+00,9.161129608058307117e-01,7.323373062336868689e-01,6.067966613610185078e-01,4.121268071931332710e-01,7.956215733250432409e-01,9.810371466787179973e-01,8.690457747091107077e-01,6.805066418006726625e-01,7.530701099953117650e-01,7.485611897819899330e-01,2.736160951717213075e-01,1.924347100541780042e-01,9.741867734372189336e-01,8.719155756501867360e-01,4.532271822723543675e-01,7.928754058010656358e-01,7.084030416920303885e-01,7.934602369487381290e-02,5.223075425575303132e-01,8.779583029350758183e-01,6.622944965923047711e-01,8.628481922591800801e-01,3.716541251601215290e-01,6.490068155230503955e-01,5.197743512209276329e-01,7.899899615378347395e-01,7.874603884914249674e-01,5.465716195155697621e-01,7.227599579253773943e-01,5.265123417212551615e-01,5.621164836266008269e-01,8.966518420063869232e-01,4.623458613620232693e-01,4.693690560477040696e-01,9.523804484928883873e-01,2.177190108991457484e-01,5.157159056954350174e-01,7.304756223470598719e-01,4.129033019240914704e-01,7.517667629706012988e-01,9.045020998751209795e-01,8.908210789864030588e-01,8.866838859609282864e-01,9.199887593955955456e-01,8.209893981916358552e-01,9.896371031314670219e-01,4.888625227360495207e-01,9.196862825944313036e-02,8.130222404254437985e-01,1.440794975213876838e-01,7.359885884533546863e-01,7.520503878305360157e-01,7.164546511818015162e-01,4.363019986388570470e-01,9.401235082662577902e-01,6.638009806969098481e-01,8.252580866283597549e-01,8.446545259587606713e-01,9.991949152822787728e-01,7.814630822282896405e-01,3.741524892015380965e-01,6.642585886850047583e-01,6.478001046283429210e-01,6.672386928694790109e-01,4.019614755021683195e-01,6.909045827356089520e-01,3.612092021185969171e-01,6.874181270005078614e-01,4.171743646746577383e-01,6.772851644104278535e-01,-1.351259733039637811e-01,7.261882835050059715e-01
6.557902142053432248e-01,8.550300626059816889e-01,9.133460383311591269e-01,7.540230736036650505e-01,5.276001474816851555e-01,8.952334665695245164e-01,7.048710523376797710e-01,8.029936465440059568e-01,7.446702426869933333e-01,6.645792176338435331e-01,6.548269478120243292e-01,7.868510115835802843e-01,9.161129608058307117e-01,0.000000000000000000e+00,6.642513384432773282e-01,8.000934213173026555e-01,6.730126291139846284e-01,6.772319229931575979e-01,6.779660153422729651e-01,6.319993361578952751e-01,7.315422855562694338e-01,9.399692805075684499e-01,7.421802244785867808e-01,9.407131329237279349e-01,7.526187069566581123e-01,7.226823938613711196e-01,7.955561216504229982e-01,7.407838025370883095e-01,5.031035536253021245e-01,4.625949053072462430e-02,3.624624343025083517e-01,3.775238521358853516e-01,4.979869480112377733e-01,7.384955577301570706e-01,6.828556469265161244e-01,7.707374470928514132e-01,5.622649378671233933e-01,9.283962543448182059e-01,1.236610687636103684e-01,8.114324204889505898e-01,2.364176084762351082e-01,8.891416983692780329e-01,8.391924004642230539e-01,8.580930838189354537e-01,8.899832344108737914e-01,8.448975349076471852e-01,8.163138370249626297e-01,8.412839595510087642e-01,9.278946797175369188e-01,6.770456528898449733e-01,1.984557834421635802e-01,7.113408318401482910e-01,9.709238934517259167e-01,4.238533613046576165e-01,5.836772842904700553e-01,9.985569358586482425e-01,7.368872147096041658e-01,8.431385683112004870e-01,8.190254414396209715e-01,8.715551395976173232e-01,2.349947274547706799e-01,9.058082772191018428e-01,8.284979264176624003e-01,7.759890624746926813e-01,3.842201775537186226e-01,3.922015774856054682e-01,3.300162445257286414e-01,6.462099153035822940e-01,8.276202635995983936e-01,2.749256050848715716e-01,9.244002139955341812e-01,8.219566845617306550e-01,7.118059303999313414e-01,4.988062027478660232e-01,1.715305822028749816e-01,5.666857477778233232e-01,6.048490727230937392e-01,4.548307656022406165e-01,1.692482987208860368e-01,4.421508296595212384e-01,6.315311881857605947e-01,8.993131860538345901e-01,9.093231960380668832e-01,5.954150578067348709e-01,6.453328565446082576e-01
9.555990548869917056e-01,4.326011914352889676e-01,8.957657172860222783e-01,5.032903275734795789e-01,4.945940361202909030e-01,7.383014689079491211e-01,8.754817649424814219e-01,5.285162115783998971e-01,6.342510536091535700e-01,6.821152641137367967e-01,7.052638749463009393e-01,5.300933838445968105e-01,7.323373062336868689e-01,6.642513384432773282e-01,0.000000000000000000e+00,4.792646624650339082e-01,9.202771074357650738e-01,4.912126553847615540e-01,7.012125206251708098e-01,5.251460024835223894e-01,4.369108558095924910e-01,8.428863127989036919e-01,9.635540757535210332e-01,6.833261767691758415e-01,2.981458272096605411e-01,7.330805837796522395e-01,5.198389281754592917e-01,6.363945383504544528e-01,4.092059338033731120e-01,4.825396316840317446e-01,5.758260134652342099e-01,1.124296814956886187e-01,5.825980733616167306e-01,9.224386772751040908e-01,5.621626402089210384e-01,-1.124972707027562246e-01,2.578038592828485465e-01,4.894810064876087274e-01,8.102397412048094605e-01,3.150633496053164562e-01,5.573313005424143096e-01,6.082955029784355983e-01,6.939875780232058755e-01,5.299735072618849685e-01,8.274346516356170245e-01,6.269373454496847131e-01,6.772083577187200110e-01,6.234077131325971299e-01,9.045386264374937202e-01,4.955871275265032461e-01,4.606240251521140361e-01,1.048679139441320851e-01,5.203158317695935065e-01,9.154358998084553001e-01,4.331339426324957720e-01,9.062438239588154199e-01,7.747999080526677407e-01,6.513428799201885777e-01,9.137490094446922839e-01,3.982253896800204696e-01,1.256160721484420040e-01,6.500796830663173598e-01,8.969705298937495908e-01,6.649298309812665675e-01,8.573404375964441826e-01,9.260817352440339212e-01,5.827718665691514754e-01,4.736455621841514363e-01,9.176322250683597304e-01,9.309322353718663123e-01,3.307149261079210256e-01,4.256983595110159779e-01,2.983902574789724094e-01,3.702616926416841259e-01,6.026623063002227720e-01,2.059455755537831501e-01,6.000016729120167813e-01,8.048667932075862508e-01,4.277814538255176879e-01,5.006729438109951413e-01,9.116128180279777782e-01,8.535098934398321902e-01,2.754376087430903119e-01,2.751963441240540265e-01,4.230648018242634256e-01
9.741957502947488079e-01,-8.856815685501451263e-03,4.364219267815329650e-01,9.901510650470011221e-01,2.739345393617849123e-01,5.310932268417756230e-01,3.481359219104982472e-01,5.102046641272469651e-01,6.849679175032103995e-01,8.166807677343450589e-01,8.011709831297270101e-01,4.264335058707368065e-01,6.067966613610185078e-01,8.000934213173026555e-01,4.792646624650339082e-01,0.000000000000000000e+00,1.062311051268638451e-04,5.244170760380337942e-02,-3.850723160359900143e-01,7.630679977314647200e-01,3.280702509798969491e-01,7.428072777867178456e-01,8.470963139242833062e-01,4.438376469884253162e-01,7.499939359927960680e-01,5.495133037613156857e-01,4.841832069033159547e-01,8.136254434370001620e-01,6.062778052037304244e-01,5.648829671280201081e-01,3.624531651897974216e-01,2.144868547034078088e-01,8.537291594345661760e-01,7.809598161871593724e-01,8.308745697210541126e-01,-3.239945258473237444e-01,7.486026922069356493e-01,5.012087497106887390e-01,8.564237885922382221e-01,7.955657586127821146e-01,6.319766016848189505e-01,7.612920748363671830e-01,8.799555657010299514e-01,5.463289209501505095e-01,4.875201846024249108e-01,7.388213064447372025e-01,6.566396675952337336e-01,8.725011468963250749e-01,6.046301270519188753e-01,4.680878768591228423e-01,6.193843808705666865e-01,7.181471794128584385e-01,4.198208804087860679e-01,9.696361430235833634e-01,7.162147438791904852e-01,4.643089892000320518e-01,5.203045408731761245e-01,9.622539995570050797e-01,4.415729684804423072e-01,1.790808995402981274e-01,6.940452713842149013e-01,7.865915587047093149e-01,-1.603916324129465165e-01,4.503518082658512500e-01,7.472583146295981305e-01,5.211786977202248483e-01,2.023039409481958706e-01,9.370756792529429946e-01,5.236399846964934213e-01,8.448669053105888338e-01,8.022855392637410210e-01,6.436460975973176124e-01,5.152704575936558617e-01,5.465763415536656344e-01,5.522289243314757456e-01,6.996568199732672300e-01,3.385068053846014280e-01,4.953344299687721386e-01,6.394002157898973637e-01,6.545908685025577656e-01,7.355399841927686699e-01,6.017595365562864451e-01,6.204092163932666271e-01,5.093207115526150464e-01,6.107552927581917368e-01
9.801409575820420050e-01,7.904242191885059166e-01,4.630670834827699811e-01,6.725748672846576515e-01,8.097075833499374209e-01,8.082900558600794039e-01,6.720485028144944639e-01,8.452577157137438624e-01,9.985269875449664934e-01,7.226531333291207337e-01,7.354705974748682040e-01,6.220994395131362875e-01,4.121268071931332710e-01,6.730126291139846284e-01,9.202771074357650738e-01,1.062311051268638451e-04,0.000000000000000000e+00,8.836415350747794939e-01,7.406357276326231975e-01,4.230461205205878761e-01,8.830902350181620841e-01,7.926704757894973419e-01,4.599825279735853534e-01,8.667878843274299250e-01,6.788416096703285829e-01,6.989184927660784252e-01,9.254571466864359719e-01,8.573173653251948689e-01,7.728485907086291018e-01,2.971460905370217342e-01,7.277300801812580655e-01,8.232181217210067237e-01,8.005342178406940068e-01,7.708753316844125791e-01,6.405191347451704154e-01,8.054342403165107855e-01,4.499643110584048422e-01,7.495832027986529811e-01,8.403883624744660219e-01,9.448582948267517101e-02,3.845924718941579057e-01,8.668980129455056138e-01,7.064222406858564618e-01,9.075772032748672391e-01,8.865038031449017364e-01,8.669106090918932139e-01,6.986471746048316112e-01,9.725405717379105308e-01,5.977181577332324469e-01,8.443129732468924731e-01,8.568489049628618126e-01,8.582606238326339065e-01,6.007846848507667481e-01,7.130897386310491859e-01,7.168521282766615599e-01,7.164340876917918433e-01,6.308179084200814524e-01,8.525660051420164143e-01,7.776446106993857299e-01,5.400110377136302375e-01,7.108253026958963883e-01,9.115754929444519483e-01,8.879746459420813087e-01,4.997367212935722725e-01,8.360365609451499980e-01,4.273999066395619550e-01,8.306410323435523546e-01,5.405527742194620178e-01,7.672575038103960354e-01,6.805759109448263899e-01,3.498593336381762842e-01,7.604531127622551345e-01,5.388837024055048719e-01,5.302611815413554863e-01,5.418070231361701294e-01,6.093769064332459351e-01,9.242311830669882600e-01,6.291289831818249745e-01,1.254559493518188906e-01,4.929791223750128459e-01,8.695695683789895769e-01,7.617406114761504643e-01,6.853683861586405968e-01,7.200563550258288759e-01,7.542901464027375047e-01
8.161826651434058721e-01,6.387646765389209946e-01,6.482452034764080162e-01,9.282451540705483062e-01,4.816756194538971969e-01,6.160204331116834187e-01,7.273538586464552980e-01,9.075831884138965133e-01,7.695124903371842739e-01,7.444083561056241694e-01,7.666060999598279802e-01,8.384700860931828537e-01,7.956215733250432409e-01,6.772319229931575979e-01,4.912126553847615540e-01,5.244170760380337942e-02,8.836415350747794939e-01,0.000000000000000000e+00,5.650632619169891901e-01,9.899978785876537568e-01,7.977997710423232469e-01,4.005506817330894420e-01,5.972542389282985420e-01,5.994760799391429806e-01,6.385197030808016372e-01,7.466773762936043113e-01,9.614098164650712874e-01,6.899125726666370806e-01,3.745873832106710877e-01,4.553783048832666380e-01,6.233472175823031591e-01,7.394921451845770655e-01,6.994358705951010391e-01,1.456275726927679093e-01,7.925048094993258907e-01,7.911976774640010479e-01,3.745957825353442017e-01,2.431476802431477569e-01,7.032685938818185045e-01,8.918783603931655923e-01,3.081345697760577429e-01,8.809264677840826785e-01,9.753990094245741371e-01,4.181219839505759817e-01,8.882493250614894587e-01,8.257635773948347468e-01,7.274635969543100655e-01,5.252065557840451815e-01,7.271873211025519090e-01,7.038629390821424803e-01,4.385198051479426984e-01,4.444619507856582552e-01,8.609764015010494820e-01,7.276539140495674740e-01,7.192112728925653675e-01,1.829374391090267116e-01,7.433840333683296997e-01,6.428598631149300413e-01,9.629389821311599151e-01,1.326227477925322196e-01,4.078227123729142867e-01,9.267879849200697517e-01,8.651986695758359103e-01,6.164530117205445636e-01,8.460258483078425540e-01,6.000860654867687938e-01,7.123946583496446605e-01,9.910184964242391148e-01,6.223486712434466162e-01,8.150638316487606172e-01,8.451437074950697292e-01,4.455872036563744976e-01,4.273407212658716925e-01,7.777873478686350706e-02,5.955527109494107574e-01,8.752458997608928426e-01,5.964421138228661601e-01,7.082702380613113968e-01,2.875622807532035585e-01,2.728112650219366997e-01,7.295910038275994491e-01,8.955565739733463149e-01,7.132656115246726047e-01,6.720589108316767923e-01,6.125544502961554061e-01
