0.000000000000000000e+00,3.332056401217844271e-02,8.776112359375679572e-01,4.495278830726801567e-01,9.958015827176600610e-01,8.791367115552369826e-01,9.386512480405561076e-01,6.244542475254758473e-01,9.798293594167980514e-01,8.932853451455555760e-01,6.345460182299746954e-01,2.171953278403277454e-01,9.669509314409198142e-01,8.318173983989387565e-01,7.352797953953731369e-01,9.681429733250785929e-01,6.870080711099926241e-01,9.543141577804876707e-01,9.419840167007824672e-01,9.978144636771009157e-01,5.500922352553289096e-01,2.606827625870180021e-01,6.444233002501289498e-01,7.114343919308244724e-01,5.189077069769442163e-01,9.071134201760583382e-01,3.878913089033512174e-01,9.455683732522328633e-01,6.364477085188939842e-01,6.974495179337975026e-01,5.794207762394799621e-01,8.111264821671752001e-01,6.666297300516951241e-01,6.232525038765479586e-01,8.550587189812082212e-01,7.025384894121973200e-01,5.392413990816973257e-01,6.299079037899327771e-01,8.912109501487001095e-01,8.629211217475810658e-01,5.298958373735542793e-01,8.642301073663726241e-01,4.140802560488650585e-01,6.402076448467585168e-01,9.907059352868309299e-01,8.883974462518916537e-01,8.394605782837032404e-01,8.572574910217385380e-01,7.030281766538817312e-01,8.292811974683170773e-01,8.635104902738094390e-01,8.839884641382618202e-01,8.059920324589211482e-01,6.624692039271729005e-01,7.782022533239282280e-01,9.583750621068435338e-01,8.708647742369690636e-01,9.060266498745731534e-01,9.683012616520172422e-01,3.705744102692107855e-01,4.979804954609687306e-01,9.733930809943419638e-01,8.394947402289010263e-01,9.491697763786812736e-01,9.334345331080686758e-01,8.773270535859836183e-01,9.152136589759835017e-01,5.461891321031981938e-01,7.110055856833104038e-01,2.291791587054206880e-01,7.296081394070071946e-01,8.273741347458715145e-01,4.242380291712181672e-01,3.792949226794138373e-01,7.240306862483633088e-01,7.964844980507438388e-01,4.323956170436698554e-01,9.946692552185703029e-01,5.931471663293769181e-01,-1.806773186073920290e-01,7.318765072910038416e-01,9.251894337546663349e-01,8.517907316716193389e-01,4.220930650369686954e-01,9.339587756728022772e-01
3.332056401217844271e-02,0.000000000000000000e+00,8.556194428785177664e-01,9.175409310698356968e-01,5.704546868237977408e-01,4.975664374603633311e-01,7.712876667514130258e-01,9.950830438509827847e-02,4.055971600147086353e-01,7.356576462911121883e-01,4.856022653382079390e-01,8.395173654074005176e-01,7.986044428290676178e-01,8.925346974662974331e-01,7.823702234477345474e-01,6.977578273954477828e-01,9.277781058204982445e-01,7.810315661130442511e-01,4.691652444013748591e-01,9.394954033472212584e-01,9.144576446172817397e-01,7.687951666713778165e-01,7.228385395904071142e-01,8.560140548479440170e-01,1.854434714783097793e-01,7.238699144955010878e-01,7.938709359152766876e-01,9.782331317448156316e-01,6.614865048635777400e-01,4.726336630305152942e-02,2.569545108187707427e-01,4.166505251985670455e-01,7.801713070128107885e-01,4.158895493692306156e-01,9.403089231374074375e-01,4.388873397658240583e-01,5.182360595850739049e-01,4.138070434521150531e-01,6.169226412663254555e-01,8.268955346558859443e-01,2.995719822063752646e-01,9.276911461918475599e-01,9.615476777260739683e-01,6.544407220847299200e-01,4.358631985525387997e-01,7.155377863019115603e-01,9.994452750700089094e-01,9.848550365580799326e-01,8.311983389604183925e-01,4.524724835400839584e-01,6.505635413171595438e-01,8.034709428701132250e-01,5.992644956692975144e-01,7.018079344466887637e-01,9.947108726313313998e-01,6.926245782469320211e-01,9.208063164255845257e-01,9.621124585993521272e-01,6.874226865468968661e-01,4.001473992801304336e-01,6.219231390450861152e-01,6.147223150684104631e-01,7.452318269502399284e-01,3.541667752520484824e-01,6.812192105858052571e-01,9.433442309642758872e-01,6.078441540524247566e-01,8.222572041759896866e-01,6.128789014216731168e-01,6.524124800837374227e-01,9.298702525671169727e-01,8.125937444137014687e-01,1.217033531305747041e-01,3.643995877658844917e-01,1.461307409174032734e-01,6.174378921038400359e-01,8.723370816620052981e-01,7.000722668165519635e-02,3.250540117645887572e-01,2.905912667448855569e-01,6.973113387708959054e-01,7.938668064147500480e-01,6.226342247803332564e-01,5.284412149913670920e-01,6.802405099773163322e-01
8.776112359375679572e-01,8.556194428785177664e-01,0.000000000000000000e+00,7.281925644412601262e-01,8.260793479316301813e-01,9.684511541586036110e-01,4.104803561482414653e-01,6.734952662938571422e-01,7.493430733434564006e-01,4.650764432611069754e-01,3.815835695239372383e-01,9.538470552583094841e-01,6.033204502537442560e-01,9.272790376419663971e-01,5.591561899682391257e-01,5.631640677390770122e-01,9.674523494710627336e-01,6.018000199891071489e-01,9.028772047747234408e-01,9.669597083173490093e-01,4.858933289795479005e-01,6.357583684876351171e-01,9.112020182328978146e-01,7.947246175381055266e-01,7.289929527789884567e-01,8.436145988485000968e-01,9.435726639448683839e-01,4.667663335277047465e-01,4.239654441753443193e-01,2.820843274779695764e-01,4.459515783626591956e-01,8.604592104820053544e-01,4.296209894053284462e-01,6.707522344847675067e-01,7.843791137426405768e-01,7.155667386592629020e-01,3.562965791068773980e-01,9.242153445214487117e-01,8.262299499769054645e-01,9.084061672419705413e-01,2.969449929545990297e-01,4.651911150999135658e-01,6.194998724504774401e-01,6.049624682293042177e-01,5.773549430918168968e-01,8.685793411062739944e-01,5.523135778325738432e-01,9.265603596117216734e-01,9.230847031614591858e-01,5.520166159172847919e-01,9.422567161182743289e-01,8.681273930037811670e-01,7.545020947672465006e-01,9.314735812686669725e-01,8.236297978791676799e-01,8.299388401008679361e-01,7.052940091066173256e-01,6.461132430494256340e-01,5.904365423345427910e-01,2.313808767942968359e-01,7.432383945432571304e-01,9.972770649418282174e-01,7.814562830477869149e-01,7.288024919545442737e-01,8.526597493621786983e-01,9.781977008199264079e-01,8.296286030028255931e-01,6.223942619450378855e-01,5.425501946652787622e-01,6.300884858054668358e-01,2.907116310534554326e-01,8.170126923035405664e-01,2.451834200966589994e-01,4.998668743425410677e-01,8.256987729379176022e-01,4.013398740736896508e-01,6.684037358850614119e-01,5.202206352608832463e-01,7.265498105640356696e-01,6.614668716004434845e-01,6.746363659426292125e-01,4.608038341525055870e-01,6.039357903917954573e-01,7.755560545686850382e-01,7.674679188214903469e-01
4.495278830726801567e-01,9.175409310698356968e-01,7.281925644412601262e-01,0.000000000000000000e+00,9.260149000430066835e-01,9.402659778758758469e-01,8.998134333237102211e-01,9.425271012765024103e-01,8.547301084627791923e-01,9.723701445853694114e-01,8.233032386953429427e-01,6.870871134387941392e-01,6.240394464356843196e-01,9.951796884286048250e-01,8.119597934280061713e-01,7.270079710196780676e-01,6.896063117794364317e-01,6.209621045514650550e-01,3.048866649122408123e-01,8.936577116182889968e-01,6.199122988867071804e-01,9.047355841645616792e-01,1.927489025076916176e-02,7.867472148683791744e-01,8.499234930486797568e-01,9.814127952797869758e-01,4.007789898330956224e-01,8.016040072789307747e-01,6.216880707569939490e-01,5.994447860590463861e-01,2.289896805574146432e-01,5.921996629045889193e-01,7.308423100752425849e-01,8.216192524711080081e-01,4.120108230188103127e-01,6.242423137662262977e-01,6.205879926172092054e-01,9.231523681903656131e-01,8.354852269254675612e-01,9.748626281099292967e-01,9.455184852363595072e-01,9.624637289842166155e-01,8.776272138726837202e-01,7.490389146755668248e-01,6.412879050489287414e-01,7.724182813728568409e-01,8.994822997399418707e-01,6.236985429403533177e-01,9.036324730434879271e-01,3.346084794625069914e-01,7.997628291726639471e-01,8.913256993110393323e-01,8.316030473216649010e-01,5.333514736287582325e-01,9.820746521614623914e-01,9.121755225502301556e-01,5.815111803045114325e-01,7.932901229008498811e-01,7.094355894583107558e-01,2.679668221117494364e-01,7.434873487071984588e-01,9.041870414315776872e-01,6.907904014218341215e-01,9.484160493949653770e-01,5.812784867419973356e-01,8.509911190017045435e-01,8.029655185633266523e-01,9.245280922152702141e-01,7.632957188729594389e-01,8.156842353497422149e-01,8.242761343419960918e-01,6.663700528052587391e-01,5.434262294637053348e-01,7.722519375031779987e-01,9.897047512089627297e-01,1.741070017765078415e-02,6.108343068949073640e-01,4.117044635098685568e-01,1.431399520301565864e-01,4.614665762998470533e-01,4.353816670274081591e-01,8.379705501912302346e-01,6.243304798864853788e-01,7.745980352938908187e-01,2.540416150673728835e-01
9.958015827176600610e-01,5.704546868237977408e-01,8.260793479316301813e-01,9.260149000430066835e-01,0.000000000000000000e+00,6.085495220362099333e-01,6.513361385798631664e-01,8.685393143160849982e-01,8.970442220815160184e-01,3.514328360588772071e-01,9.196783829337518146e-01,9.954067353554024722e-01,5.885728945695887226e-01,3.910096285094407653e-01,9.852610206433835005e-01,6.704898036648894166e-01,5.254782254222972737e-01,5.595541046934713325e-01,6.854238094255257208e-01,6.999672444786597669e-01,8.713565647052008423e-01,6.043346475174511401e-01,8.584599057660190491e-01,9.200633206442789813e-01,6.605637053801417524e-01,9.021392164407974201e-01,2.970626095231059249e-01,9.471748198738753066e-01,3.712912950783460175e-01,7.966122308438337019e-01,7.038047854272209969e-02,7.840007453298520890e-01,8.888338374946105347e-01,7.402633148165711496e-01,6.216087915731873803e-01,9.459742413989569165e-02,7.882931035281892651e-02,6.590740641578792802e-01,8.027362381266998081e-01,6.449065439091340446e-01,3.390082030590760853e-01,3.972179154297625914e-01,7.599702386277660260e-01,7.211950595748986004e-01,8.801077861765380650e-01,5.521808590320662624e-01,6.467452715145232123e-01,3.329517157831272112e-01,4.033779815260772339e-01,6.510228584426094312e-01,6.081806383191454835e-01,7.968511649502719729e-01,5.811146429193949636e-01,5.520108480953910268e-01,9.223137170952911967e-01,8.357517381307253412e-01,5.627658812314022541e-01,9.616160679266820832e-01,8.514929083298871104e-01,4.177302192665766079e-01,5.128936859559540817e-01,6.184870234454474813e-01,5.648017761125821989e-01,9.693809116496920897e-01,9.485380112145738174e-01,9.398589759304328828e-01,9.023023056036605372e-01,9.585841963855575854e-01,7.203523235445734585e-01,8.435046543950867060e-01,5.825760216478083064e-01,7.018038846909272488e-01,1.322501596376306487e-01,6.309902244275487071e-01,5.692092672835187273e-01,7.568683576967040194e-01,9.015203124670311263e-01,6.276578468542999278e-01,4.425618441627239275e-01,2.560306394634767058e-01,9.240932398848118456e-01,7.465629030524777443e-01,6.863517464238959587e-01,4.961816095254863446e-01,4.102923462598414561e-01
8.791367115552369826e-01,4.975664374603633311e-01,9.684511541586036110e-01,9.402659778758758469e-01,6.085495220362099333e-01,0.000000000000000000e+00,4.656189239444615824e-01,2.337754737822063944e-01,7.136491548960114395e-01,8.821082247417343369e-01,6.018164528708047634e-01,4.510127793846169797e-01,8.491307831243161131e-01,8.671976591667011069e-01,5.951814527072035732e-01,8.836019455130379452e-01,4.603999607173218656e-01,7.021832385590983661e-01,4.215494192470444768e-01,5.985529391844692793e-01,8.498234093156747937e-01,7.473188148927865093e-01,7.749211702755137710e-01,8.750629403020733221e-01,7.479290024405571558e-01,7.523915578703663787e-01,3.703846550990588238e-01,7.925386376669236732e-01,7.466177108060756407e-02,4.531272815306815471e-01,5.995229660830808660e-01,4.674987788409822875e-01,2.901030149162431293e-01,6.993531770701869599e-01,7.937211948558979824e-01,7.968715571374456186e-01,2.875407807243682279e-01,4.979662977629691900e-01,7.941572259821374491e-01,9.129821045916042266e-01,3.643867067356788558e-01,6.180443140306636218e-01,8.581315784344121234e-01,9.459328623960159277e-01,6.278192663822895758e-01,9.229191584684415250e-01,8.798531698214144825e-01,8.420825789392613059e-01,4.712905392863481757e-01,6.164283318477777884e-01,9.299876575588721384e-01,6.662066630083756102e-01,5.543421407790519728e-01,7.566226777521359859e-01,4.441939448505414778e-01,9.484002018843643578e-01,9.470725779089325114e-01,7.727687044380697756e-01,3.728434253546431543e-01,7.256591743250760951e-01,5.382902755165139830e-01,9.553341795952252635e-01,8.214747940494386835e-01,9.288852875975818213e-01,9.492019407652760865e-01,6.457855532221462580e-01,6.597578514768929203e-01,7.653528480852105353e-01,4.281088982311943014e-01,7.372526788594937486e-01,8.535139953513025679e-01,3.826379306868236130e-01,3.472029219606307393e-01,8.361083151409975933e-01,8.958796470055852001e-01,8.196557632170452523e-01,6.228713028059775780e-01,8.351798212300974855e-01,6.042673868021433137e-01,3.757240723916784875e-01,7.164913584962200321e-01,7.369329414125572741e-01,9.432736653856388376e-01,7.384730929866487603e-01,7.282111507381984206e-01
9.386512480405561076e-01,7.712876667514130258e-01,4.104803561482414653e-01,8.998134333237102211e-01,6.513361385798631664e-01,4.656189239444615824e-01,0.000000000000000000e+00,4.810853204855514709e-01,8.710420410984369699e-01,5.902252388778027603e-01,4.411810693566960428e-01,7.489538171504747099e-01,5.145754437649383561e-01,7.534263066303257261e-01,7.001709949413826850e-01,6.111841001566036269e-01,9.596192569215389323e-01,2.779361696818112293e-01,5.145140052707962708e-01,9.425408514736083321e-01,9.149559060122837151e-01,6.332659749407272276e-01,1.592639821675195799e-01,8.272998894988153884e-01,-9.038036568243076885e-02,8.962102712769579593e-01,5.642790684132170664e-01,4.443780473823668031e-01,3.908881940113491105e-01,2.377241451305218134e-01,5.924844649861126245e-01,7.835023846673967451e-01,5.608918193762083559e-01,6.086716240868038641e-01,5.646753427992386998e-01,2.488187203245408874e-01,2.379093660512084374e-01,6.540376110804195786e-01,6.313681676910198881e-01,2.511045699349255811e-01,3.462050535616935099e-01,4.498787670351329648e-01,7.398358763767757251e-01,6.076481646573451689e-01,7.730406743949597148e-01,4.690720086529712174e-01,7.973314811570413330e-01,4.029681945013708355e-01,4.023392552730966076e-01,4.762165266727397261e-01,4.589820476520082848e-01,3.063338503011566738e-01,7.184668948576174996e-01,6.213452537671537712e-01,7.667781205189156957e-01,5.813194497915036285e-01,6.357339429211370518e-01,6.983919945886075675e-01,9.806081734896561208e-01,6.080492166513395969e-01,5.463605992646225484e-01,2.751953661522278938e-01,4.866784684991106169e-01,7.174143147280124255e-01,8.277314554123684776e-01,7.749529763129398008e-01,6.516017670070428647e-01,8.045146290778912856e-01,7.781166833956586482e-01,3.931228702524908747e-01,9.781953189940997273e-01,5.382836681072837859e-01,4.992947187519654606e-01,8.422576793529317207e-01,4.983147951951257815e-01,5.758029801894463118e-01,6.507714023654074253e-01,9.075207517279776370e-01,4.647027352832723279e-01,1.603832724783281760e-01,7.898923959708130660e-01,8.690554083988406564e-01,5.634732898524985600e-01,3.836291261572974398e-01,-3.579795664037771497e-02
6.244542475254758473e-01,9.950830438509827847e-02,6.734952662938571422e-01,9.425271012765024103e-01,8.685393143160849982e-01,2.337754737822063944e-01,4.810853204855514709e-01,0.000000000000000000e+00,6.202020329788514585e-01,3.327675449417432096e-01,7.189402897260320779e-01,7.037680422027196014e-01,9.321308184108973993e-01,9.640113745590577210e-01,4.649814921463426565e-01,7.422076004078264067e-01,9.556538678742033666e-01,5.257172046762228490e-01,5.741112236767500487e-01,5.001614401829178602e-01,6.616418178101520775e-01,3.710775943492187756e-01,9.808311651461060210e-01,7.870025172496395438e-01,9.418181609506077745e-01,4.938729556312115854e-01,4.369302853046325152e-01,7.596782822100075494e-01,3.776133935871842651e-01,5.518501514234357419e-01,3.596647365260388085e-01,4.109883363664984524e-01,8.405760794056111873e-01,-2.006458360254687046e-02,5.828867437820499653e-01,5.154263770867828498e-01,2.720420154713948935e-01,8.049076474513111590e-01,7.026810812884162205e-01,1.874728496912998199e-01,8.099235359917654753e-01,7.551404369996117527e-01,9.814612125490221883e-01,6.899464190195176982e-01,9.650156379550054453e-01,8.817016580578023177e-01,6.322109914931725028e-01,6.792401397669005636e-01,7.914153059323738582e-01,6.474400585905208949e-01,4.210865074167109978e-01,7.178749033565342552e-01,3.284369698449067787e-01,4.835217818156969383e-01,6.207275512707540743e-01,7.951043685161358621e-01,-1.904962023398601156e-01,2.236024430640313199e-01,6.231462364242412733e-01,5.707589312031571271e-01,7.971445227400073552e-01,9.075681095671469523e-01,8.675306125984124650e-01,4.901700990177155770e-01,8.285217994818009357e-01,5.046564686285270884e-01,4.413750451105434291e-01,9.381779388438440392e-01,5.340588546261546554e-01,7.721802231063228383e-01,5.576565973676194110e-01,7.842478986993517420e-01,6.409985905848241128e-01,6.319042996977812798e-01,2.454127134656147180e-01,5.866624848068715536e-01,7.940663616187046969e-01,2.264406944235888841e-01,-1.184032620922783052e-01,8.778201087054147977e-02,8.073885873138478830e-01,7.266772113720181281e-01,8.517279671548531050e-01,7.881660466584937685e-01,1.629984899025753789e-02
9.798293594167980514e-01,4.055971600147086353e-01,7.493430733434564006e-01,8.547301084627791923e-01,8.970442220815160184e-01,7.136491548960114395e-01,8.710420410984369699e-01,6.202020329788514585e-01,0.000000000000000000e+00,5.072884638929359147e-01,4.904254345165830475e-01,6.985701911513773066e-01,9.848826392177015832e-01,3.139643170661098326e-01,5.976592085886867078e-01,3.515850316876386605e-01,8.512435393632764580e-01,7.117841933936195353e-01,2.948690898981977115e-01,9.391952850577940382e-01,8.916593460748468702e-01,7.980545932131359876e-01,-1.135549805121850164e-01,6.952245183818497321e-01,4.268249207945936652e-01,6.999151839083622706e-01,7.711710484287079836e-01,5.267132721063760847e-01,6.952866117836482562e-01,7.652305295686528952e-01,-1.889160566668009467e-01,4.805077071938522737e-01,9.412199647135160996e-01,2.651563301724719768e-01,7.313414514586760173e-01,4.189007988288794282e-01,5.661829969548591857e-01,2.039167109471350381e-01,8.112142987082505696e-01,9.601129998344917205e-01,8.851337281638721466e-02,8.168925104426644213e-01,6.329404394515624199e-01,9.569143565248592331e-01,8.163096258525920357e-01,7.972377462674782311e-01,7.091159680038966462e-01,2.310545490260553225e-01,3.049245674232076153e-01,6.325071132347074299e-01,9.148635425476538963e-01,6.881222636538709692e-01,9.233533881651021513e-01,7.543090728777275267e-01,6.173619158402545715e-01,5.243441435129189143e-01,9.856788738119015569e-01,8.802169004334642333e-01,7.418858419777156765e-01,3.528391699080973831e-01,9.751271621571337977e-01,6.626574013340156277e-01,5.249994252859061517e-01,8.320774134200364935e-01,6.152334382693590564e-01,4.813530247308375754e-01,4.888449868440442048e-01,8.510277057076252039e-01,6.225842262242869962e-01,8.031034519028337204e-01,5.712063369517996758e-01,3.866219167533964385e-02,7.630814644238705924e-01,1.018897977646466002e-01,9.991198730506338777e-01,7.749718306796780087e-01,8.140307351765804222e-01,2.680607195063331449e-01,2.375804026078738584e-01,2.880332016415083629e-01,4.663328138896601915e-01,7.323844001916888224e-01,7.220870171916131675e-01,5.334443576857270664e-01,4.710208134522040901e-01
8.932853451455555760e-01,7.356576462911121883e-01,4.650764432611069754e-01,9.723701445853694114e-01,3.514328360588772071e-01,8.821082247417343369e-01,5.902252388778027603e-01,3.327675449417432096e-01,5.072884638929359147e-01,0.000000000000000000e+00,5.713956155329367181e-01,5.051620376475441931e-01,8.050205499889322436e-01,5.943112461821798975e-01,6.873890213635852620e-01,9.499002849642457225e-01,4.929287123286021921e-01,8.016683232566041983e-01,7.426240154981084141e-01,9.512197146922390933e-01,4.155164133785894665e-01,9.355084087247537150e-01,5.223803002500744253e-01,9.958006037563501556e-01,1.807089290093065737e-01,5.358091704185392601e-01,7.432557818479242906e-01,2.741967785266012370e-01,4.080324876533387712e-01,1.518034104887375779e-01,5.572910737274243687e-01,5.469601450695208422e-01,7.994302819747952649e-01,6.654049503052098524e-01,3.115605711019538426e-01,7.957590927742225206e-01,4.863808969987692965e-01,9.887401282889431986e-01,8.359774996091405841e-01,5.614162444238507410e-01,5.714870822309829901e-01,6.592905546529354011e-01,9.631404396922216282e-01,6.933121481673812925e-01,4.248076692225433160e-01,9.079388338317736507e-01,9.365174229322407173e-01,5.679771036082169600e-01,6.831780580440348638e-01,6.429456416485856973e-01,6.201634277585508226e-01,5.751108377211102685e-01,6.039044642335880120e-01,4.439617293030850842e-01,2.862560211200181892e-01,8.312398241874165983e-01,8.490472800895592087e-01,8.949209605955188440e-01,9.929196713808299268e-01,3.908226715800995621e-02,4.475232739997286324e-01,6.278389735757926582e-01,7.332457228166205931e-01,6.089082618031561589e-01,7.167546942298500534e-01,7.897562019567851976e-01,8.006531255975651851e-01,3.440822916609748150e-01,7.323097744526680941e-01,7.002245845791645884e-01,7.573835701486756333e-01,3.265246403914019990e-01,6.250210115911331021e-01,2.283207331227866121e-01,6.734499032374089422e-01,6.481996695034302203e-01,7.850428405228800921e-01,6.156143536132374638e-01,6.476523179805372399e-01,5.256454592491671685e-01,9.308469187253787247e-01,9.510298040288103216e-01,8.453243965855548048e-01,9.417175552750367551e-01,2.193326965838737208e-01
6.345460182299746954e-01,4.856022653382079390e-01,3.815835695239372383e-01,8.233032386953429427e-01,9.196783829337518146e-01,6.018164528708047634e-01,4.411810693566960428e-01,7.189402897260320779e-01,4.904254345165830475e-01,5.713956155329367181e-01,0.000000000000000000e+00,8.800424172086867003e-01,3.954091067352351052e-01,2.656476291046243610e-01,5.280980930176583099e-01,8.248137460102475949e-01,7.306681973004907071e-01,7.478549139393101397e-01,9.897385329609040827e-01,6.321508533243250794e-01,7.772693619636500406e-01,7.399966073903222474e-01,3.921836231985503796e-01,8.772945584321677481e-01,2.805565830130936078e-01,8.303364814152160989e-01,8.211352033187505617e-01,7.321364900421105659e-01,4.786109650036003416e-01,4.470539982103796106e-01,6.711738262082059814e-01,5.479256606924410855e-01,6.783797079091125060e-01,6.376386310788615397e-01,9.040315927140953889e-01,2.385196971738319793e-01,7.004470793512713733e-01,9.289522096319828837e-01,9.208484364837681291e-01,9.753828067267209523e-01,8.121786763419281546e-03,6.714786110803030450e-01,9.528030566753846742e-01,7.483396209584645131e-01,8.453694596715088938e-01,9.269669656289042381e-01,8.187663029403354775e-01,9.345447309494975263e-01,6.768204652112724817e-01,4.982308267485168196e-01,7.238173130764227192e-01,7.176482164221059667e-01,7.058262076293069232e-01,7.353135766662575179e-01,9.250848423832449541e-01,8.973839133161509718e-01,7.387020959836921863e-01,2.947755783957037856e-01,6.763934943102235531e-01,4.431455875198269667e-01,4.837390623106106458e-01,3.184662993084685922e-01,1.769515216991328632e-01,8.294285215435529546e-01,6.622165101514786434e-01,5.161596971310519200e-01,3.714359236379096707e-01,9.114234038262840620e-01,4.557018478768936620e-01,4.054817619315999599e-01,8.214230612272368504e-01,9.103532006670543852e-01,4.650203599597039217e-01,5.744681567909661890e-01,1.152769537203737898e-01,3.910788369907649553e-01,7.293866378918226756e-01,5.405252867919021487e-01,7.967648162245959398e-01,7.826598844941752287e-01,4.217699120276280911e-01,7.425719040847752472e-01,7.032797818695452063e-01,8.675875489863454915e-01,4.309161945549686012e-01
2.171953278403277454e-01,8.395173654074005176e-01,9.538470552583094841e-01,6.870871134387941392e-01,9.954067353554024722e-01,4.510127793846169797e-01,7.489538171504747099e-01,7.037680422027196014e-01,6.985701911513773066e-01,5.051620376475441931e-01,8.800424172086867003e-01,0.000000000000000000e+00,8.886342210721220880e-01,7.229363018771648441e-01,5.870520803109764429e-01,6.744200482838909050e-01,7.693596467457313182e-01,4.937720034520193257e-01,4.999974780641861516e-01,7.168262126942558377e-01,9.402672354465952953e-01,3.958438899362627383e-01,6.085068456128165382e-01,7.328194786479771405e-01,5.286779650548332210e-01,7.574772759229629893e-01,7.427644786847930058e-01,6.036449386389605154e-01,4.440352074382008379e-02,7.720306612673123459e-01,6.695576627758474952e-01,8.862526835564500383e-01,6.224596192604494593e-01,6.867468312738272962e-01,9.043182757659098403e-01,-3.384346156499351554e-02,3.188671319387362257e-01,6.388783801832559339e-01,9.152035812237857559e-01,9.061669360657875760e-01,5.324261359340816124e-01,4.875268832833795640e-01,5.479340507622668666e-01,8.605670476127356139e-01,9.103919564031892619e-01,-1.714861508064420559e-01,6.343584840749786347e-01,8.607465893418331238e-01,5.359318109169420863e-01,4.599953334333018451e-01,9.902863961955364891e-01,8.158611176476515681e-01,7.119237519225729560e-01,9.976335541752658909e-01,6.298046255009817074e-01,6.723834666390147152e-01,8.762495352628816292e-01,6.761655826763304233e-01,8.091945114916031523e-01,7.623250427551347963e-01,3.726206990397542551e-01,7.857423461941847043e-01,9.594189145510170214e-01,7.667588073852539265e-01,8.604285701079590620e-02,6.894811708345680579e-01,8.819246732165801905e-01,6.279396904992795569e-01,6.002975070032422478e-01,4.807938354266332870e-01,8.283494116348416592e-01,6.459882334069115828e-01,2.170741003608295250e-01,2.316074522788285905e-01,5.813651419011967025e-01,9.698904951734579338e-01,9.689183214909792285e-01,9.184286413482299904e-01,2.946593773632155688e-01,1.428175858521729957e-01,4.975604800134092454e-01,8.470820360407532723e-01,6.015456388904305562e-01,5.992517191419611811e-01,2.328146713664021594e-01
9.669509314409198142e-01,7.986044428290676178e-01,6.033204502537442560e-01,6.240394464356843196e-01,5.885728945695887226e-01,8.491307831243161131e-01,5.145754437649383561e-01,9.321308184108973993e-01,9.848826392177015832e-01,8.050205499889322436e-01,3.954091067352351052e-01,8.886342210721220880e-01,0.000000000000000000e+00,5.045493991992782146e-01,6.799197410209111281e-01,3.977548849248249696e-01,8.052128050949419746e-01,4.094791662227537099e-01,9.185972760053646713e-01,3.027801855171303180e-01,9.523115688404997226e-01,9.368633953696268168e-01,8.309428788738033589e-01,4.000657213238514309e-01,4.079364312142617632e-01,7.100750360011464091e-01,9.955290233984350756e-01,5.228895163026811010e-01,6.972086812024124169e-01,5.658048896589924770e-02,3.816861279859600220e-01,5.163397641426271667e-01,8.194556838823913170e-01,8.213352139953239428e-01,3.012338714365731529e-01,4.301522160941813056e-01,5.981739842996023349e-01,9.493633766038299671e-01,7.859052345599515377e-01,3.875999053128232896e-01,3.612474731165467023e-01,6.351410235390023695e-01,9.384889722439193616e-01,6.138920252682817935e-01,9.071852338503862967e-01,9.829655368097507395e-01,8.664069177018656198e-01,9.509330242424330892e-01,7.231809432637188451e-01,7.368662205761857820e-01,4.009136517037085179e-01,6.709400506761740157e-01,8.079216220389816572e-01,8.546674791906641033e-01,6.841944170595040120e-01,7.610680222665878736e-01,9.991890474322246973e-01,4.191483731015087089e-01,8.291029345094989011e-01,3.747760150261179035e-01,3.174363424200059014e-01,4.691493175922776260e-01,5.488692822312640773e-01,6.949426881939295697e-01,8.755442368785060214e-01,6.619444356147270447e-01,7.305715603594162832e-01,9.329066228659659288e-01,1.898962723583759171e-01,2.171897925259811679e-01,6.445969657020191868e-01,7.074406967386659417e-01,7.939210118051744924e-01,6.867012275368648000e-01,9.207398035806418912e-01,8.295314043757441302e-01,2.632741727075820215e-01,6.633775034240910751e-01,5.854572980815483385e-01,7.470222034625543239e-01,5.336167756048032507e-01,6.639906097946629560e-01,6.880593493435681607e-01,4.714733964683957002e-01,8.911638318107208967e-01
8.318173983989387565e-01,8.925346974662974331e-01,9.272790376419663971e-01,9.951796884286048250e-01,3.910096285094407653e-01,8.671976591667011069e-01,7.534263066303257261e-01,9.640113745590577210e-01,3.139643170661098326e-01,5.943112461821798975e-01,2.656476291046243610e-01,7.229363018771648441e-01,5.045493991992782146e-01,0.000000000000000000e+00,6.587977299331917447e-01,8.609090401265618864e-01,8.006218367560479221e-01,9.793801789944379665e-01,5.696239842875624459e-01,9.855200386970321969e-01,8.546436574087248328e-01,7.804536012423348712e-01,6.936601223815190842e-01,8.606204436468876118e-01,7.316916402645323725e-01,-1.708684564755305613e-01,9.444043304567246722e-01,8.417412497228486945e-01,2.048336002007198620e-01,6.627010939709032655e-01,4.667734147652733562e-02,-1.004299070273006467e-01,6.957600971409768631e-01,8.428429546394777816e-01,7.150481321499991827e-01,4.143345431786135125e-01,4.798954216876216705e-01,6.774804543542628510e-01,6.177822821865500691e-01,7.902745855828092747e-01,1.420044472921656031e-01,4.197514459574302470e-01,9.086558438195864174e-01,5.702653684674913181e-01,9.806488729207484267e-01,4.912721402999330467e-01,6.496686615550086863e-01,6.167419520280953416e-01,3.450828976036641182e-01,6.933787145979256605e-01,6.718806725344925734e-01,8.721846280084628589e-01,8.753414375283588011e-01,6.475320975215288488e-01,6.663424159838815530e-01,8.412929771046302463e-01,2.118286196765816753e-01,8.199825406770937519e-01,9.646987846205479222e-01,3.617167503290500408e-01,2.463433610547271502e-01,8.740502860290760845e-01,9.708704736150388648e-01,6.449203230919877683e-01,9.248215666687946701e-01,2.714236780834139995e-01,8.274486664572626715e-01,8.439295751168742754e-01,4.162131925705948587e-01,7.900900114954485520e-01,7.604047844281152102e-01,6.792779442224986530e-01,9.839764463524252047e-01,7.055489565494366122e-01,5.729535230570891313e-01,4.710740270520463180e-01,9.034789900674285168e-02,2.348765809804932159e-01,7.469911062375169664e-01,4.790478486712655970e-01,4.915959390159653219e-01,9.812674125390398183e-01,4.514914622528338195e-01,8.049018233446265658e-01,8.317687547807609549e-01
7.352797953953731369e-01,7.823702234477345474e-01,5.591561899682391257e-01,8.119597934280061713e-01,9.852610206433835005e-01,5.951814527072035732e-01,7.001709949413826850e-01,4.649814921463426565e-01,5.976592085886867078e-01,6.873890213635852620e-01,5.280980930176583099e-01,5.870520803109764429e-01,6.799197410209111281e-01,6.587977299331917447e-01,0.000000000000000000e+00,4.842804693793265614e-01,3.239809885239077203e-01,6.845983566788257368e-01,4.770614142992626316e-01,5.511039347181707626e-01,8.561002993384950743e-01,7.211257198465260698e-01,7.995670638226719529e-01,8.267941049822695732e-01,7.176634132844853520e-01,6.261071501600954381e-01,6.906066296517079373e-01,3.908111435784563659e-01,4.436519396767168999e-01,5.717768562922209696e-01,4.900812380871790719e-01,4.322936365883986443e-01,6.015215130501150309e-01,5.491143338267048257e-01,7.293663091888430428e-01,9.277192727982870313e-01,4.139784946773105156e-01,9.919569026808985335e-01,6.719719454124889468e-01,8.062252405806897837e-01,3.293006149995360010e-01,5.074043386355746588e-01,9.932655473531930568e-01,1.461264825101836473e-01,6.766322821194242776e-01,3.362699778527785122e-01,8.871737789208302694e-01,7.003863590236548697e-01,7.491230412296747687e-01,4.245151706740396547e-01,7.087372202187717241e-01,2.209627107160231363e-01,8.387664146152308264e-01,4.387980909124918893e-01,7.026852907373704049e-01,6.246108514383352794e-01,7.515756110068185780e-01,8.176074286417377435e-01,9.278510287622693253e-01,4.506437082220750567e-01,1.470729856057073348e-01,7.241403444271112821e-01,5.811249000664756026e-02,8.143745848661426701e-01,9.428823513800667078e-01,7.083624631067827471e-01,7.202802580645698560e-01,9.764950615449659310e-02,7.884313841535615097e-01,8.510224615950109373e-01,6.950841921612959107e-01,2.267752934601878767e-01,5.054132258094591323e-01,8.600186129924373146e-01,7.711977802014887695e-01,7.286272428177572591e-01,6.968511923509137507e-01,5.158461402414641350e-01,4.864621990634106496e-01,2.861618846437503083e-01,2.436469634766590120e-01,1.585924262404324880e-01,4.964175974811423364e-01,5.435588049566337787e-01,4.640650714355355477e-01
9.681429733250785929e-01,6.977578273954477828e-01,5.631640677390770122e-01,7.270079710196780676e-01,6.704898036648894166e-01,8.836019455130379452e-01,6.111841001566036269e-01,7.422076004078264067e-01,3.515850316876386605e-01,9.499002849642457225e-01,8.248137460102475949e-01,6.744200482838909050e-01,3.977548849248249696e-01,8.609090401265618864e-01,4.842804693793265614e-01,0.000000000000000000e+00,4.211324238552923704e-01,8.257650982726765232e-01,3.276640477436111309e-01,7.069839482884688886e-01,5.788001642464057905e-01,7.855820635904096072e-01,7.651525567959223117e-01,8.999613586412200661e-01,1.663753045557378185e-01,9.506963230030778256e-01,7.110564637000692523e-01,9.503877458091285479e-01,3.213817786922686381e-01,4.821397772202262177e-01,2.196879033497793066e-01,2.499571760219098659e-01,7.851236574068600760e-01,6.488709541425716765e-01,1.521205269056850884e-01,4.323429881126477636e-01,7.279139972251655877e-01,8.639406865681288350e-01,3.559724600323219690e-01,7.382572658426764800e-01,4.145631307188055170e-01,2.358293460668509645e-01,8.524317357193880174e-01,8.619843052745328471e-01,8.370480361165313354e-01,3.284798674737473556e-01,4.190323349727876900e-01,7.073621573118065164e-01,7.242337272156492700e-01,7.764536426567507643e-01,5.144022371440281072e-01,9.089959993430228868e-01,8.964005101839496170e-01,7.966452180923048187e-01,9.943130845646996896e-01,9.277029133136796002e-01,8.240768666478968107e-01,9.772864409152248744e-01,9.733514463430150698e-01,6.401562808945339134e-01,2.174678197195344664e-01,7.238219048210128292e-01,6.345250197965143224e-01,8.934397898256007942e-01,6.411835357503699040e-01,6.631872351820241596e-01,9.521949437603918209e-01,5.690427249694709477e-01,6.405804787861223426e-01,7.904843906880715254e-01,4.569049534565866044e-01,9.392985015719913511e-01,5.006930931162749676e-01,3.868751306058608730e-01,7.264927867582908760e-01,4.208211067055797061e-01,8.060145179337253607e-01,9.126455068378483970e-01,5.937737071552442458e-01,3.039516532342027566e-01,9.184360559929002354e-01,8.466611221063302661e-01,6.826697114933855115e-01,2.154529607738717989e-01,1.189588302676013037e-01
6.870080711099926241e-01,9.277781058204982445e-01,9.674523494710627336e-01,6.896063117794364317e-01,5.254782254222972737e-01,4.603999607173218656e-01,9.596192569215389323e-01,9.556538678742033666e-01,8.512435393632764580e-01,4.929287123286021921e-01,7.306681973004907071e-01,7.693596467457313182e-01,8.052128050949419746e-01,8.006218367560479221e-01,3.239809885239077203e-01,4.211324238552923704e-01,0.000000000000000000e+00,8.678378389202960896e-01,9.882107381037851246e-01,7.566447997314128537e-01,9.131765659226823706e-01,9.927699601986589295e-01,6.553420641247444944e-01,8.860720765258514042e-01,3.699465440896130275e-01,9.437635525075065424e-01,9.237349348977962338e-01,8.324665545271606737e-01,3.767537798934881832e-01,7.500294604707672397e-01,3.095130069112949078e-01,7.064762074800651215e-01,8.868596685717266004e-01,4.272357188878190271e-01,9.406857548110704181e-01,7.369062635560434948e-01,1.720706332320895982e-01,5.708167062845233009e-01,8.200494288842236079e-01,5.049046601142971324e-01,6.591407182274883203e-01,5.551688565108825468e-01,8.663362876653040168e-01,8.855440385172609341e-01,8.422314773803085686e-01,4.926852359911514934e-01,8.125349510863298930e-01,8.026031859091122822e-01,8.576062626880003315e-01,6.566322261258156212e-01,8.089138605353116684e-01,9.430400036144545028e-01,9.862268478719113940e-01,4.914885678718591833e-01,6.807064979416216355e-01,5.452151084031198192e-01,6.918294616416350573e-01,8.165754341363539170e-01,7.900690081310705049e-01,1.231181409121487325e-01,7.700674121728375843e-01,8.352595979321928432e-01,8.402588235238941383e-01,5.204568159982307929e-01,3.529440995935785308e-01,9.964022390076239244e-01,6.296668907637534840e-01,9.817202177385925266e-01,6.137973785643050517e-01,9.016028697525033664e-01,8.685563826178894775e-01,2.860719276412863055e-01,3.868711922822163363e-01,5.058077544443245754e-01,9.118006906513462795e-01,8.832867752585441545e-01,4.991477611292246541e-01,9.381884360276419033e-01,5.582064578282958101e-01,2.866334175724272182e-01,4.224005186362443376e-01,7.233361933571309521e-01,5.033438227443168822e-01,6.714897209026851055e-01,5.768256652760922476e-01
9.543141577804876707e-01,7.810315661130442511e-01,6.018000199891071489e-01,6.209621045514650550e-01,5.595541046934713325e-01,7.021832385590983661e-01,2.779361696818112293e-01,5.257172046762228490e-01,7.117841933936195353e-01,8.016683232566041983e-01,7.478549139393101397e-01,4.937720034520193257e-01,4.094791662227537099e-01,9.793801789944379665e-01,6.845983566788257368e-01,8.257650982726765232e-01,8.678378389202960896e-01,0.000000000000000000e+00,-1.188477004160685274e-01,7.448168456923593972e-01,6.474049993442138051e-01,3.653399866067853496e-01,5.896469564482098580e-01,8.944489744245665008e-01,8.954367141337979952e-01,3.777789450533092785e-01,5.625605560280557693e-01,8.323801679742334203e-01,3.049953910411155045e-01,7.072097734024022087e-01,1.162095107127114058e-01,4.625400591424025931e-01,6.595833154456367531e-01,8.628778911957862841e-01,6.834581761557293467e-01,7.902508354684260050e-01,3.193929942414580059e-01,1.462730897443964007e-01,8.002664482341311780e-01,7.292248903201680177e-01,6.267839128404203430e-01,6.174253768891326821e-01,6.430010094467409898e-01,9.250306751768619939e-01,9.591496527099216962e-01,6.114520680748419812e-01,5.752779431485118833e-01,9.620256688105182086e-01,7.951115086611745264e-01,6.713002821516257379e-01,2.100294318737560562e-01,6.008768086342105574e-01,5.286140071732938761e-01,9.189928390835566674e-01,8.715757419873453316e-01,8.633841040488059448e-01,3.763559608130186418e-01,9.181731186849481086e-01,9.707066213377566477e-01,7.871383304871770736e-01,7.700184389108131189e-01,7.716000187892726458e-01,4.673395644317200337e-01,9.365985271486270136e-01,9.616473784344787834e-01,5.761229331858581659e-01,9.258821095248498390e-01,8.516223866991361469e-01,4.693118584710104235e-01,7.048897318872122675e-01,7.310236886691490188e-01,4.154516399509563529e-01,1.711822224332060303e-03,3.198392161326387151e-01,5.716322220164831158e-01,8.987294092071036467e-01,2.958985979965606528e-01,8.055056821662255340e-01,7.678210571556502995e-01,3.207955328959036789e-01,9.923921194448688254e-01,7.004939689420247584e-01,8.791244257500573367e-01,5.993204512813603557e-01,6.647874558730261230e-01
