0.000000000000000000e+00,7.992242900767398961e-01,9.581188395372974842e-01,3.138011612875823420e-01,9.108715431468193957e-01,8.512815470112728988e-01,9.523433148475131116e-01,6.451591890045440536e-01,9.021602060919415855e-01,6.642214325197939306e-01,7.652059699900601863e-01,4.295219982452195828e-01,8.188647724812475603e-01,8.303817805665887342e-01,9.656577734442455263e-01,7.343742195285505314e-01,8.192830361484355617e-01,6.860910852933700399e-01,8.113359250535464584e-01,9.885845500394054852e-01,6.992446235174533120e-01,2.921657386757752217e-01,8.488342357787306280e-01,8.827542150982987668e-01,4.762828249676648862e-01,8.358662508271805791e-01,8.948715302829385321e-01,8.135529087575182894e-01,3.017986899842004522e-01,3.421357429641180281e-01,7.632631674841013902e-01,2.781726904793165311e-01,8.444596701501947411e-01,3.938386056644188615e-01,7.439568756409363770e-01,2.944965094588898324e-01,6.108281008885028118e-01,4.823999065108518502e-01,8.115106965832391550e-01,8.445037677356052042e-01,6.374343757744505012e-01,6.925205016730379137e-01,4.896583405849008752e-01,6.741831490340743915e-01,6.574260217884682067e-01,7.204607758459800060e-01,6.033096599669103277e-01,7.901092146919904691e-01,6.132274051243931101e-01,8.603941440108021643e-01,5.230329401561621960e-01,7.843667558653685257e-01,8.975269252813344867e-01,5.028964183602315785e-01,9.752298849833247463e-01,4.700081755619310298e-01,7.897488687721451184e-01,8.486353682955904976e-01,7.884593905817232073e-01,1.626143828697221017e-01,5.322858590925005906e-01,8.535067434798483399e-01,7.797473637982129668e-01,8.159124897640336327e-01,7.320120497634273748e-01,5.345488722932142389e-01,9.840073360334771202e-01,9.754892451191983227e-01,7.269531807159134162e-01,6.918134844145428231e-01,7.921286376870851909e-01,6.505872195071664699e-01,5.441211126441388712e-01,3.263438683051614331e-01,9.969495598849946738e-01,9.894865043094386303e-01,6.831411170345581541e-01,5.529375341686815215e-01,7.170386868969753913e-02,4.782062459839708790e-01,8.903030079973960342e-01,7.744338316823220492e-01,6.184204256590181137e-01,4.108753260550888076e-01,7.822585316791409449e-01
7.992242900767398961e-01,0.000000000000000000e+00,7.511318389001191420e-01,6.943779941500478614e-01,7.422232609637362533e-01,8.820004067774208645e-01,2.200239568614510977e-01,2.426864284614511369e-01,9.374561592001415811e-01,9.719666106147608620e-01,5.651427227224459227e-01,5.997081476481451734e-01,8.473816153671274165e-01,8.689565613983321057e-01,6.350122239601990737e-01,6.970932412496035901e-01,6.435752214748959865e-01,6.445739186486186822e-01,7.211119013660157728e-01,5.436261361515903889e-01,7.115912286764118910e-01,8.855938002295800082e-01,2.729362788630521619e-01,5.549997343235862912e-01,1.511591934431338324e-01,9.560569506710037135e-01,6.519264991536494191e-01,7.965642317655110549e-01,1.172312936969146790e-01,7.933733512801739440e-01,6.278792653006279867e-01,5.054317290820767861e-01,9.222395259677661494e-01,9.458571301646134799e-01,2.308754227713290530e-01,7.160949074003052361e-01,2.545532614475116973e-02,8.443417902022011257e-01,2.781773573883014050e-01,9.327033104081577930e-01,8.136543371876996389e-01,7.030070810074519061e-01,7.222713377470764140e-01,8.473515991154371152e-01,4.513259370901694933e-01,4.475676465414769045e-01,4.390883540970339505e-01,4.451411723825432487e-01,7.421967296403043646e-01,9.243919251403892590e-01,5.811060030448188529e-01,7.536450403833077072e-01,7.641888288430445098e-01,5.844551451206444481e-01,9.926152962733836294e-01,6.112912254494041742e-01,8.452040889827278081e-01,-1.371980945352430925e-01,6.269722498426439916e-01,4.896251984013417768e-01,-1.101589680722960124e-01,9.846466753225604496e-01,5.178186320090977235e-01,5.702034513839292496e-01,7.322002031833454438e-01,8.436768541853714165e-01,9.176382684914501375e-01,9.478039254895169741e-01,3.403245219710878677e-01,3.360480811799472223e-01,8.751343803343516470e-01,7.949208955429859502e-01,7.613507236237355702e-01,6.017096953157476946e-01,7.778449819348026706e-01,9.896797740497284002e-01,8.712501160936174660e-01,4.089784812832448213e-01,2.868273731792352343e-01,2.321283653933478297e-01,2.424919227214332174e-01,4.154448235083699759e-01,6.173336612251634214e-01,9.494655299357838141e-01,9.765559669224395112e-01
9.581188395372974842e-01,7.511318389001191420e-01,0.000000000000000000e+00,2.954047973988729314e-01,8.499086041899390764e-01,6.862037905308973063e-01,7.886177065820398902e-01,8.718677227780807781e-01,7.934736520467872145e-01,4.494392274767477491e-01,6.133882108727499727e-01,6.924143579971089313e-01,9.689614523204485019e-01,8.629980999121122931e-01,6.567141460591121582e-01,9.764412546492038381e-01,4.872959493112490881e-01,9.626232701573853578e-01,7.565908920712105523e-01,8.173336019265196040e-01,8.998936093160935235e-01,6.343052762305105841e-01,5.582880676748062099e-01,7.030110945547863102e-03,9.500888049786715417e-01,8.105069517152669878e-01,4.468739459147461068e-01,8.530080599186153911e-01,5.964013484911996343e-01,8.459843087396134997e-02,4.850637756914392140e-01,6.473878323551522929e-01,9.404487790064751662e-01,8.315659044366459085e-01,7.704028462264116417e-01,2.654113956348861381e-01,7.166968611772510378e-02,4.365397341749662763e-01,9.889482021640528808e-01,8.295715152689500105e-01,4.209321397971074186e-01,6.046361096849355299e-01,3.136162094843934489e-01,8.221135218841270076e-01,8.787764837916000049e-01,9.718870555393421817e-01,9.267437094251037566e-01,4.306546714846862800e-01,6.044524350763280651e-01,6.801003803528873348e-01,8.660063455450932590e-01,8.970082774411306525e-01,7.853390872783642118e-01,4.053237164664180714e-01,5.369890714897812556e-01,2.917256795204028474e-01,8.952482390613381025e-01,9.500707813227425858e-01,6.369648647298500332e-01,8.948719098690289808e-01,5.683556622141190395e-01,7.603892940567814618e-01,9.434292146225540243e-01,4.472506305111417779e-01,8.129601924881116881e-01,8.910838987111815435e-01,8.918489569509131520e-01,6.525898314037004155e-01,7.219747919286476634e-01,3.260379183208972353e-01,5.133983366113112901e-01,9.445093277196225934e-01,6.994560129286053751e-01,3.907071491087863446e-01,8.995693047281048127e-01,7.288641496250752860e-01,6.084299601442544336e-01,9.749868669528624077e-01,3.954168542612917503e-01,7.391085317977850178e-01,8.148967637143095244e-01,8.986922711280090903e-01,5.314687016129541197e-01,7.788606308986191218e-01,9.825332276265454912e-01
3.138011612875823420e-01,6.943779941500478614e-01,2.954047973988729314e-01,0.000000000000000000e+00,9.213656311134654775e-01,4.108830952059780994e-01,3.609140773710861616e-01,4.323921978654776677e-01,7.110329930479465377e-01,6.015856013207846464e-01,9.576617471003473492e-01,9.088537002906365014e-01,2.398135516883079937e-02,5.860397878552878748e-01,6.455648894448972053e-01,9.573790009422269431e-01,6.854670141009371331e-01,8.359266939479296221e-01,5.015685672760865632e-01,9.750622202581986642e-01,9.905544596553810255e-01,6.645984635466464230e-01,8.578751735845464577e-01,4.219447710651589301e-01,5.336034891348394593e-01,7.493689017703387689e-01,5.887422588691896275e-01,9.478498343704779838e-01,4.961356875093693164e-01,-6.270771170889108403e-02,2.334764102150972964e-01,2.484123730144471298e-01,7.296611445161101939e-01,8.573481797425012152e-01,6.964991143845749022e-01,6.273753218769915208e-01,6.980221009499463225e-01,2.525426452037846103e-01,7.487556950365734654e-01,9.577341659096954007e-01,7.201262441359039812e-01,7.073812189252910443e-01,8.763299979693005559e-01,8.636027039752798284e-01,8.453620861975297274e-01,7.576813568470158744e-01,8.233919051961116065e-01,5.293609937378895847e-01,9.245374331747778784e-01,9.821412493642037722e-01,6.330631819479428657e-01,8.818760352622144749e-01,8.274991736864540925e-01,4.783989397127749732e-01,9.103128179748412041e-01,8.770990359323278529e-01,4.163606388389685109e-01,9.281581669352770847e-01,7.789008002778801121e-01,7.588004580791469778e-01,7.570020015235472410e-01,9.580272319453637664e-01,9.606723843887179370e-01,6.005278512566387672e-01,7.105581117615602516e-01,9.835274146270311935e-01,7.364177714800933527e-01,8.007170261018891066e-01,4.701888961607910700e-01,8.555844797224918530e-01,9.282055116079805934e-01,2.752736476820288325e-01,7.475987040342407797e-01,3.671615801882852637e-01,7.138144001619001200e-01,8.714655351841127384e-01,9.764988666515109772e-01,4.076153189042512892e-01,7.750126030435703361e-01,4.999228838529246044e-01,6.523000343306144533e-01,6.877251831172838115e-01,4.693524705070061809e-01,7.718939750504849595e-02,7.980551737492971309e-01
9.108715431468193957e-01,7.422232609637362533e-01,8.499086041899390764e-01,9.213656311134654775e-01,0.000000000000000000e+00,4.491299248640067687e-01,7.385652089350932537e-01,1.341644303815651973e-01,6.624676062100163243e-01,5.597925459949437688e-01,9.528347569072779244e-01,4.952605509109503368e-01,8.459514553403499892e-01,7.069990415679571205e-01,6.062356865812347229e-01,7.602764603707572455e-01,8.226040300458713483e-01,7.221006467917914229e-01,7.577339380250914802e-01,9.766030979326660866e-01,8.360840610037574283e-01,6.291763133169373523e-01,8.016352832107549453e-01,9.375245663850420019e-01,7.786259981173332401e-01,9.447260264858546863e-01,6.773713538335668360e-01,7.739205713658208197e-01,6.374516812428394630e-01,5.597618111530142659e-01,7.116605116356611305e-01,8.592414562927872534e-01,7.914757384040178589e-01,-2.567566822834255191e-02,6.965926812995169026e-01,7.923582490048017846e-01,3.254315740446988015e-01,6.917009801870751540e-01,8.370658918115896352e-01,6.181583196734974361e-01,6.800932610375113319e-01,8.893303001752254078e-01,9.558413588115753923e-01,9.263804310754780724e-01,8.695109327569796598e-01,4.875811940472563055e-01,7.094698287010530180e-01,9.247107965947571895e-01,4.296970802198893935e-01,6.844040645503276510e-01,5.029505489156473885e-01,8.569800105648891497e-01,9.684055100685046158e-01,7.281250224210740196e-01,3.316811031804806076e-01,6.182768277180116234e-01,8.658756671224787649e-01,4.266384641384637355e-01,9.394417161813714001e-01,5.735931899603023965e-01,8.141157930487685768e-02,9.383073533464612037e-01,8.566818240929225947e-01,4.886776730179195338e-01,8.142303554685899059e-01,9.646242192265321869e-01,4.629544686688043531e-01,3.285179358634865432e-01,7.253432028464052994e-01,6.388021931880734083e-01,8.311615098278988256e-01,7.296533740904309617e-01,4.753806938980652541e-01,7.407252392455661028e-01,3.695876021531581124e-01,8.767155006331683875e-01,7.572615972509183502e-01,4.721408860839594324e-01,7.217335226097710832e-01,5.986778449676091185e-01,4.461344675405133908e-01,7.889856621321559293e-01,9.228376660853674363e-01,5.168444156883532647e-01,9.384121905593910684e-01
8.512815470112728988e-01,8.820004067774208645e-01,6.862037905308973063e-01,4.108830952059780994e-01,4.491299248640067687e-01,0.000000000000000000e+00,6.749680739735381962e-01,6.408097706894179124e-01,6.435796760820261531e-01,9.993625458632846570e-01,6.910343480684866257e-01,3.955639653377734932e-01,8.891684274454931813e-01,7.815714869859198277e-01,6.739939370605465552e-01,6.831966637282250732e-01,7.626532100104429501e-01,6.775647660156576269e-01,5.778247248025418781e-01,4.101529565181031289e-01,5.715279159436916778e-01,6.231678635614247286e-01,6.684373061704914631e-01,9.014600027936794380e-01,4.154141507998881377e-01,6.732056158446444449e-01,9.279693128126963453e-01,5.219461813652663817e-01,7.292998381884705505e-01,7.046805785809436840e-01,-1.133615725301992949e-01,8.418404622730364384e-01,6.318713148858826623e-01,6.886768015000293008e-01,6.963648562462421143e-01,3.195242809407692341e-01,4.462384380436020259e-01,4.610716622513257867e-01,9.520581371277735405e-01,8.093584573465290033e-01,3.296061434010437718e-01,4.302021091835036559e-01,4.461771897840116075e-01,8.405071350943065234e-01,9.138238633073194617e-01,9.591063399770005660e-01,9.238319958072158666e-01,6.040947940110782399e-01,7.515210467121089533e-01,4.475083487378205827e-01,5.594585058544647715e-01,6.731955922700132433e-01,9.056058905974960771e-01,6.398342464266891794e-01,9.719285485251223378e-01,5.868269758311288609e-01,2.431021855272132437e-01,8.387573354354644906e-01,7.127308592148328126e-01,6.235497823433941988e-01,5.177198335691693964e-01,7.819815993590051306e-01,7.463720355397154282e-01,9.707354589928666178e-01,6.408289841699046363e-01,6.171042813456303344e-01,5.651923186395736431e-01,9.559300532307875020e-01,8.066539353122484934e-01,2.147791558831915748e-01,8.070724508257708374e-01,7.633903177225580539e-01,7.144087598648011239e-01,8.285657284517871091e-01,6.789231992876623156e-01,4.833637448852987073e-01,5.686702088004659261e-01,4.114402426664086065e-01,7.038762595257800347e-01,5.618251284490507480e-01,7.001218208586069691e-01,6.034628409479502187e-01,8.288186479562766884e-01,5.055765205774822579e-01,5.388045664395475498e-01
9.523433148475131116e-01,2.200239568614510977e-01,7.886177065820398902e-01,3.609140773710861616e-01,7.385652089350932537e-01,6.749680739735381962e-01,0.000000000000000000e+00,5.203161102984001918e-01,5.124181654785676665e-01,6.695753217913134048e-01,6.583906984408758323e-01,9.724106841255710787e-01,2.351545233800936552e-01,4.685044573966044568e-01,8.605769828139275823e-01,-2.371003377354621855e-02,7.370231375927691619e-01,4.559326887821311680e-01,7.816736700499321566e-01,9.378251885795529930e-01,9.292276507019072707e-01,5.138585778666228121e-01,4.774613799342866116e-01,7.479447364171079027e-01,2.471354120462100068e-01,4.098661965380015482e-01,6.581293146174749253e-01,9.676475789403460315e-02,6.154470681968148282e-01,7.439219725341111866e-01,2.922319872546992603e-02,4.500194213919352371e-01,7.469784685611287056e-01,6.420515828224535593e-01,5.741572626228382825e-01,3.806606628006773962e-01,2.795644302886988730e-01,7.849635911253474152e-01,8.460428085368467688e-01,3.022996453833043384e-01,6.805451047896209360e-01,8.387514294713227514e-01,9.094879903346556604e-01,2.674859397429356633e-01,7.902047569921241132e-01,6.117422061060155958e-01,9.499597107841345478e-01,7.199628576093946020e-01,9.639454359201334865e-01,3.900298730480708520e-01,4.973260924283226525e-01,2.848234434136155957e-01,7.371434866850717915e-01,6.061481677221178810e-01,8.538425948113534947e-01,4.486191300375247382e-01,4.748076763051991556e-01,9.082881632297457042e-01,2.111556140505840007e-01,2.782573732167364366e-01,2.656393662940321199e-01,1.939760875399252488e-02,6.830885611356010134e-01,7.529419190493393810e-01,8.790785618531943291e-01,7.898440669082087418e-01,7.794722887033989078e-01,9.704206705949909306e-01,6.983359309683877525e-01,6.600502757086716965e-01,5.181385251006778159e-01,5.012189002207191324e-01,5.283145073437496286e-01,4.499721131357297677e-01,7.870193428157423732e-01,4.069585051618000993e-01,5.305396621352237441e-01,6.036292584427479513e-01,9.543049924798305828e-01,1.968520675752939986e-01,7.476605065946040352e-01,5.425947732760288966e-01,5.545593390968825975e-01,8.759708048137005987e-01,7.475086853581078827e-01
6.451591890045440536e-01,2.426864284614511369e-01,8.718677227780807781e-01,4.323921978654776677e-01,1.341644303815651973e-01,6.408097706894179124e-01,5.203161102984001918e-01,0.000000000000000000e+00,6.018165624141598169e-01,4.004160055331957291e-01,9.455677156928932181e-01,4.666693648334994116e-01,3.876535966202517836e-01,8.781376615068506863e-01,8.669910720959603800e-01,6.820348886381013553e-01,6.434891071041196620e-01,4.344690138069113861e-01,5.355490650131879971e-01,5.113715283862170224e-01,9.621205578462158625e-01,5.956757968198609365e-01,5.315097838585705059e-01,7.394024975760722374e-01,2.706730283482886579e-01,5.929517058606863511e-01,9.313648666645031327e-01,4.536345563226051314e-01,-1.956497451886360095e-01,4.544337716200123056e-01,4.960725389957191256e-01,7.873234667815401933e-01,5.676616651508070710e-01,5.474385896687516961e-01,6.200230536226321032e-01,9.663576163688980536e-02,4.106101296480724194e-01,9.867943571448786200e-01,8.349608807452071346e-01,6.672242832606317675e-01,6.644472919796315935e-01,2.093547989178731195e-01,9.075685007673119920e-01,5.693009998039646469e-01,4.794042454950834808e-01,9.654355250501511776e-01,6.833404353382168672e-01,3.051112215778741810e-01,7.489456284329033542e-01,2.844426139496967210e-01,8.452335528191193825e-01,6.752612344431765390e-01,7.210422631928434800e-01,4.216710369970910754e-01,8.979386749489419728e-01,3.466843183072798595e-01,2.869212907020811110e-01,5.863508457336596980e-01,4.155364543272527800e-01,7.298042878291838287e-01,3.997245097758613808e-01,6.633430366103105769e-01,7.524158503383339136e-01,4.768724493790650887e-01,8.031390985460700183e-01,7.629443664887904930e-01,9.933416020745375885e-01,9.451693329101307217e-01,6.385461363160450654e-01,7.922477300149348700e-01,5.514351358513349677e-01,3.241356810899201912e-01,7.325449526408902567e-01,5.269303337687694100e-01,7.932241888364899296e-01,5.418687027814276247e-01,5.059444582665995060e-01,8.402265718244976700e-01,2.711832205457318512e-01,1.858009574285635198e-03,3.044070437810291740e-01,9.944867310685756578e-01,8.233599778812488168e-01,5.448279541666547487e-01,5.012877695771000841e-01
9.021602060919415855e-01,9.374561592001415811e-01,7.934736520467872145e-01,7.110329930479465377e-01,6.624676062100163243e-01,6.435796760820261531e-01,5.124181654785676665e-01,6.018165624141598169e-01,0.000000000000000000e+00,6.393366796817137043e-01,2.266099140817709467e-01,5.132852194659471845e-01,7.559217819909811453e-01,7.384783217580953574e-01,6.968188645150049654e-01,7.355340838745938470e-01,5.371727592986850208e-01,6.014370368794278443e-01,7.049003219815447308e-01,8.098680766072841042e-01,8.332299151054816111e-01,4.027689049658129128e-01,5.788797992915476476e-01,8.493360261764958397e-01,6.278963724720838524e-01,5.577394443038672378e-01,7.288597012726005797e-01,5.585326425574783649e-01,3.656298795392566303e-01,4.591653332461427817e-01,4.081894315879080470e-01,8.424804562773733352e-01,4.260165514427275979e-01,6.685842027849652203e-01,6.296446756094545849e-01,4.401715503884515157e-01,5.209972944778145099e-01,9.173197650062564490e-01,9.015966487620101777e-01,9.252751716822161798e-01,7.060342609174711237e-01,8.412884122931008068e-01,7.761068665805447298e-01,4.862544584239603639e-03,9.767091913475058895e-01,8.017779850747218662e-01,8.923728493594086375e-01,1.613268835678329793e-01,1.035351414427559541e-01,7.032565022515078201e-01,5.144821776965448068e-01,5.218460753989289103e-01,6.615562826874640256e-01,6.848982651165140823e-01,7.673051018482605068e-01,6.647532815844765519e-01,4.566071332222456647e-01,7.177243352819098199e-01,8.688567147843595517e-01,7.514505683739820530e-01,5.157922749829081388e-01,7.333387221025066127e-01,6.486211717404450905e-01,7.798082625147685354e-01,9.168190724701493766e-01,6.159501507594169478e-01,1.953533596897255864e-01,9.287706470532239855e-01,3.086085014754207934e-01,-9.093251270290625410e-02,7.270757031545900251e-01,7.614711764384292092e-01,4.227572071685025690e-01,3.313459267318442647e-01,-2.875432835374630569e-02,3.313733171040661452e-01,8.222807050670031259e-01,6.551526622833343527e-01,5.560084209653640142e-02,4.277324845371145434e-01,2.592285851678958752e-01,6.946233792909873861e-01,7.597242760709580489e-01,5.904309707781415506e-01,2.560315304996337860e-01
6.642214325197939306e-01,9.719666106147608620e-01,4.494392274767477491e-01,6.015856013207846464e-01,5.597925459949437688e-01,9.993625458632846570e-01,6.695753217913134048e-01,4.004160055331957291e-01,6.393366796817137043e-01,0.000000000000000000e+00,6.598880825814776863e-01,6.029637685151494342e-01,8.225301812756533604e-01,7.800973766948720023e-01,6.875848439243068544e-01,6.167650892629412684e-01,5.696489636118176048e-01,8.546942579938997531e-01,5.510344194092209325e-01,3.249750856774520358e-01,8.805688086718475027e-01,9.954251830826805758e-01,7.120582486515730780e-01,6.676437368240314418e-01,7.699002796952465477e-01,3.172733631548012578e-01,9.507144274573909870e-01,9.217966843750706740e-01,7.993798335088045937e-01,4.619574332285396601e-01,4.398080787656646340e-01,8.372349075066291002e-01,9.101037631663125849e-01,8.170902988272734646e-01,7.486420288231327991e-01,3.796284877108300343e-02,5.847405887772144650e-01,6.800174313722910924e-01,4.679464042827513048e-01,3.557821292709169025e-01,4.077772782312116817e-01,5.802781702370681804e-01,7.407000638188095953e-01,8.165362577073849160e-01,6.909423320551619785e-01,6.547795221815549960e-01,9.757031242745458632e-01,5.685845414914478813e-01,7.314292930419546979e-01,3.786178574334435609e-01,4.577896589212018807e-02,8.369305562231907913e-01,9.019627643847624165e-01,7.742510524675413341e-01,9.366252166235365939e-01,9.185204280340091287e-01,8.755732399667216503e-01,6.676388807875321962e-01,5.075438120782701512e-01,2.783495649038597031e-01,7.332292286533341752e-01,8.828293597062376596e-01,4.912302281487129774e-01,5.698167572403987080e-01,9.399923338285821606e-01,7.208988556675608450e-01,4.836924992003791557e-01,6.118310576714818261e-01,5.751499539876619299e-02,8.617787362959791198e-01,8.679431137253782458e-01,7.952821958896756360e-01,6.559022222343022790e-01,2.541128734432254385e-02,9.977881174021423494e-01,4.744601091477170796e-01,4.216721268474799000e-02,8.952285099966402759e-01,1.529227474395530584e-01,2.717250378820353363e-01,4.223046499512267404e-01,4.414518373415702857e-01,9.848059297887737928e-01,5.815304308079576323e-01,6.420819262891372947e-01
7.652059699900601863e-01,5.651427227224459227e-01,6.133882108727499727e-01,9.576617471003473492e-01,9.528347569072779244e-01,6.910343480684866257e-01,6.583906984408758323e-01,9.455677156928932181e-01,2.266099140817709467e-01,6.598880825814776863e-01,0.000000000000000000e+00,9.227063311159729997e-01,5.728965272565784694e-01,7.470003451625059077e-01,5.598545452411823886e-01,5.559419264326217469e-01,9.554332179260242031e-01,7.172236186614306952e-01,8.579540600136049688e-01,8.873882315358256889e-01,8.887305316397098309e-01,2.470843771979250592e-01,7.114229420322982778e-01,8.201976030819047025e-01,4.601924359726181635e-01,7.348603783065829065e-01,9.251022343208323839e-01,8.251159311860887247e-01,4.220032609634294385e-01,6.554087083055318841e-01,1.120656588003570708e-01,4.633005937152495646e-01,8.535422659958368241e-01,6.285003501303508822e-01,5.883263869095660681e-01,4.612705218039813704e-01,2.822072928413001947e-01,9.767380695929458456e-01,8.271354365844451051e-01,7.862680684800508191e-01,1.058382862861505791e-01,8.052311329517682914e-01,6.953347350190355325e-01,7.689368101754661122e-01,4.181895841090840227e-01,6.571383313143378535e-01,8.628433917901969785e-01,6.114948594773170765e-01,6.383235464351070254e-01,5.180754865162582462e-02,4.367541024560512297e-01,5.680320878243840799e-01,8.925960348506668529e-01,9.390414236617833366e-01,9.704706374320064555e-01,8.912957410552461157e-01,3.398558470747616855e-01,7.825175803312776068e-01,8.792775680632083368e-01,2.158558641530188282e-01,2.652247623084650341e-01,4.516805881614160967e-01,7.085028992943880333e-01,9.503246895929168270e-01,9.094796442068519005e-01,6.638920827130616598e-01,9.710750771858980279e-01,8.395941236360571214e-01,7.966968877138768113e-01,4.673459357749106813e-01,8.710413894141838531e-01,8.090070890174537732e-01,4.347129852134496986e-01,4.438574738407455866e-01,2.259957545202470608e-01,8.441341252819973828e-01,7.425970968229581581e-01,7.717316645717098300e-01,4.211752687376082438e-01,4.838693630723231998e-01,3.161390399268886875e-01,9.832089708004289053e-01,6.078982150949302499e-01,6.342219641611444858e-02,8.358470300376663609e-01
4.295219982452195828e-01,5.997081476481451734e-01,6.924143579971089313e-01,9.088537002906365014e-01,4.952605509109503368e-01,3.955639653377734932e-01,9.724106841255710787e-01,4.666693648334994116e-01,5.132852194659471845e-01,6.029637685151494342e-01,9.227063311159729997e-01,0.000000000000000000e+00,9.886270078732821709e-01,7.231083142483736292e-01,7.863976541358078665e-01,7.638983241864668594e-01,2.351052216591802690e-01,6.971319647619911297e-01,5.426874684497304813e-01,9.390538074435973437e-01,7.755607435444079600e-01,6.341449275349069215e-01,7.704536786273754601e-01,8.202219676407462856e-01,5.954008566028331506e-01,3.707584248305991204e-01,7.923424477651732634e-01,4.734051957927723486e-01,7.489838605239814706e-01,5.224033900845606038e-01,7.098001879422008997e-01,5.101741523682495894e-01,7.400491919707035127e-01,4.939698304511771498e-01,5.213439913957338412e-01,2.062866857533350584e-01,7.941408336555777492e-01,7.436604286075915171e-01,7.736695587063633361e-01,7.751827730742619771e-01,4.153218451325241256e-01,6.976284613793222178e-01,8.923687761370654448e-01,9.629626346672456316e-01,4.326609832641347131e-01,8.847593928512513806e-01,7.317311978928416893e-01,8.558803823406886391e-01,8.089352102513425180e-01,6.722410487586270023e-01,9.407627322734883890e-01,3.320370798864856199e-01,8.921358676368481566e-01,5.642803508856268913e-01,7.491393394792104088e-01,5.210493347825612132e-01,6.152594290525278398e-01,8.272843060473898946e-01,3.326871951150128792e-01,4.350111246970410073e-01,3.499415326485249000e-01,4.333876223487374557e-01,6.310486087559664670e-01,5.289075049070671719e-01,9.840515583020700285e-01,5.475498494667971894e-01,8.140474652434416258e-01,6.247239172710484789e-01,9.124907692784526292e-01,9.691931477947799412e-01,4.413984195539574773e-01,5.918456623522778681e-01,5.383591101753631980e-01,6.920965876595025490e-01,2.296961353678719508e-01,7.023758759939103813e-01,4.346819221625878860e-01,6.995727907222254460e-01,1.707779961058852880e-02,5.660401092171101212e-01,6.769288979226326664e-01,4.353282928992374123e-01,8.413757422222429838e-01,6.755300605978749040e-01,9.947060585537157440e-01
8.188647724812475603e-01,8.473816153671274165e-01,9.689614523204485019e-01,2.398135516883079937e-02,8.459514553403499892e-01,8.891684274454931813e-01,2.351545233800936552e-01,3.876535966202517836e-01,7.559217819909811453e-01,8.225301812756533604e-01,5.728965272565784694e-01,9.886270078732821709e-01,0.000000000000000000e+00,6.273432635061130247e-01,6.871411139049237171e-01,1.335383025768729359e-01,7.068392324293242268e-01,9.347886593432399582e-01,4.897214857935077714e-01,9.767012475779661695e-01,6.971022508304922649e-01,6.623107555583080952e-01,7.520581231182847937e-01,6.267702578367159161e-01,5.482832165394850854e-01,8.549422043559667950e-01,6.410656240142935669e-01,5.119440340873553374e-01,4.173238504538666072e-01,1.853737569288259890e-01,4.214717558117182516e-01,7.413750134924442792e-01,6.567025053101634979e-01,8.510904798841204544e-01,6.884827729767423188e-01,7.386353347073360519e-03,5.621035580490323369e-01,8.346305595594619708e-01,7.313493591729008925e-01,2.142194170908605366e-01,5.877685128586432883e-01,7.479568472243987021e-01,7.691257197272097779e-01,6.647702933832486671e-01,7.242685254744269940e-01,8.349301914305999883e-01,6.620073226282168211e-01,3.698412280435466881e-01,9.949823466502347724e-01,1.307361241698054566e-01,5.901302888528674462e-01,8.982343599285079749e-01,6.166347096774063008e-01,6.483586491140408414e-01,8.111529699860650089e-01,3.520632455232591829e-01,9.137525806389571459e-01,8.203755867648223621e-01,6.350726981437083696e-01,7.057559615877936343e-01,3.671896596971219173e-01,4.268988491754794334e-01,2.060771425753646080e-01,7.156305604859978242e-01,3.428950513695786517e-01,8.136048483791097352e-01,7.131097927263750913e-01,5.756117216611030818e-01,4.714214214385542001e-01,6.171757692229566938e-01,9.479383787747517331e-01,4.233157492938310895e-01,5.702638366281083115e-01,5.767139622391006526e-01,-1.803262893759750296e-01,8.659107141253172824e-01,6.225979903750449296e-01,8.980049628524702232e-01,6.717823863936562834e-01,6.383859330779365626e-01,6.277195480098568536e-01,9.989775594293435201e-01,6.167754054405222286e-01,4.287300791704068414e-01,6.841586741424545703e-01
8.303817805665887342e-01,8.689565613983321057e-01,8.629980999121122931e-01,5.860397878552878748e-01,7.069990415679571205e-01,7.815714869859198277e-01,4.685044573966044568e-01,8.781376615068506863e-01,7.384783217580953574e-01,7.800973766948720023e-01,7.470003451625059077e-01,7.231083142483736292e-01,6.273432635061130247e-01,0.000000000000000000e+00,7.390092496085756135e-01,3.912635083451307949e-01,6.169512436561763735e-01,8.638941835163262972e-01,9.868063462761919036e-01,8.644688265324611542e-01,4.426955929699503134e-01,7.334580198035464127e-01,8.853845548324711379e-01,8.579377076174038441e-01,4.129735288014506067e-01,9.137085026299398560e-01,6.566148934708583296e-01,9.040258025074926485e-01,2.636594255310460433e-01,2.236254053471229686e-01,5.769676443117633946e-01,5.497630020282305852e-01,3.894953317935277992e-01,6.988290945874570115e-01,5.354755700159008480e-01,5.548395256291198674e-01,3.657930438762621028e-01,5.729172120302996607e-01,7.369233881671792830e-01,3.199652843604977037e-01,6.828331379889980290e-01,8.271753991011654428e-01,8.942527523916534715e-01,9.178460878445476867e-01,6.534626038951178995e-01,8.719402489737808626e-01,6.578399786295352492e-02,8.215409486141697082e-01,7.397455585860317484e-01,7.661640530349418388e-01,9.288493810792058936e-01,7.083560614578326975e-01,4.982058500803734913e-01,9.077126315380673605e-01,9.684896306314232373e-01,8.558606075919730216e-01,6.671827409291921640e-01,7.916180273948215662e-01,7.927865744641324763e-01,4.498792545393638376e-01,4.076202757006026633e-01,9.438963529333758151e-01,7.173021014532365847e-01,7.261074146543693431e-01,7.414003451148640789e-01,8.056959089787318895e-01,7.544372881994196867e-01,8.442375955423095935e-01,4.686763331809676303e-01,6.435709050685637367e-01,8.283044385331790327e-01,7.063506254409233076e-01,5.011787751358044440e-01,6.636792357796357233e-01,4.617729233059486571e-01,6.737775743874980794e-01,4.096097054686599903e-01,6.754288480594964339e-01,1.759906893978779863e-01,8.437287213898103655e-02,6.183007710307953930e-01,7.932097713768178071e-01,5.123674475419809360e-01,7.535628932233551236e-01,9.145708251083671803e-01
9.656577734442455263e-01,6.350122239601990737e-01,6.567141460591121582e-01,6.455648894448972053e-01,6.062356865812347229e-01,6.739939370605465552e-01,8.605769828139275823e-01,8.669910720959603800e-01,6.968188645150049654e-01,6.875848439243068544e-01,5.598545452411823886e-01,7.863976541358078665e-01,6.871411139049237171e-01,7.390092496085756135e-01,0.000000000000000000e+00,4.840330503479521873e-01,9.902055648681655775e-01,4.881166735671332857e-01,6.366525206557762662e-01,9.416806645815118948e-01,9.731253954521779104e-01,8.093377853136199951e-01,4.286792837761475017e-01,9.716895226109469874e-01,8.374573044616056006e-01,4.447652385156788957e-01,6.494870054158290440e-01,5.615848930991627075e-01,4.306922291016496707e-01,5.020322183113483661e-01,5.254867417423197962e-01,2.077696720221583193e-01,9.861002094742262747e-01,3.148749296135044951e-01,4.047082655382323035e-01,5.543099068204327962e-01,1.848968785544883031e-01,5.102151944783966941e-01,2.428083429122837866e-01,6.985295197940381007e-01,7.301791573282438996e-01,8.870879858387731298e-01,7.686222031520995035e-01,6.351693278126635533e-01,6.136633589239384179e-01,1.698089962306599809e-01,3.307965413507816255e-01,6.983259522013767207e-01,7.214757620441603070e-01,8.096786996889349108e-01,4.765262114025040074e-01,6.653835429937983159e-01,9.302892901174570905e-01,8.333952128789340330e-01,9.238209027912041016e-01,6.636888856658109681e-01,2.750637631607560918e-01,1.596079446942400004e-01,7.049311875303411190e-01,2.001134717769555704e-01,2.893891498680620789e-01,4.115310541953801637e-01,5.908564770213963202e-01,9.925219445548169039e-01,9.112509930723320384e-01,7.617528935558003367e-01,6.673827809943921885e-01,7.499275281695769735e-01,6.890008257972698447e-01,9.770635195863994760e-01,8.351504484229501646e-01,4.669320770741497428e-01,6.592637884458628639e-01,3.367928057228559702e-01,8.910315090458890142e-01,3.632269677931432850e-01,7.796145190733899666e-01,8.081617559696238073e-01,2.738594329615388068e-01,1.420928380100743016e-01,6.461279866400607697e-01,7.289444465323230427e-01,5.378611562047975747e-01,4.989400243081202890e-01,7.733781937076524837e-01
7.343742195285505314e-01,6.970932412496035901e-01,9.764412546492038381e-01,9.573790009422269431e-01,7.602764603707572455e-01,6.831966637282250732e-01,-2.371003377354621855e-02,6.820348886381013553e-01,7.355340838745938470e-01,6.167650892629412684e-01,5.559419264326217469e-01,7.638983241864668594e-01,1.335383025768729359e-01,3.912635083451307949e-01,4.840330503479521873e-01,0.000000000000000000e+00,8.135088918179802508e-01,6.444563162687966251e-01,4.118653393137524654e-01,9.645082801850786147e-01,2.778573857762502985e-01,8.274712163773715323e-01,4.544433674520089728e-01,8.357717076750112994e-01,4.315480910171511919e-01,8.406657075480775676e-01,7.741118210770734365e-01,2.134147111956496701e-01,2.192411656053692981e-01,-1.217678568282187790e-02,4.633280566976238357e-01,9.241207928672243721e-01,9.129979285370881659e-01,9.356614993030427652e-01,2.712935339760527698e-01,1.748468381292810347e-01,2.147501240968641700e-01,7.024448323792911175e-01,7.022052157288347640e-01,8.793403689762449016e-01,-1.349226009069683374e-01,9.242344251815683975e-01,6.459234849204051887e-01,6.771079352995389433e-01,8.978129533769225734e-01,7.320072439881246673e-01,8.945105400629784764e-01,5.160993333511679770e-01,7.830537341513772454e-01,6.944396363815517059e-01,4.904969671645120766e-01,4.123585932256249587e-01,8.811312682723524414e-01,1.733907558101808327e-02,4.812544623416863399e-01,9.829409205124504112e-01,3.990293621009926017e-01,4.834083720073272250e-01,2.684438499830690827e-01,-1.245374570188099300e-01,2.962599262781385190e-01,9.118687776378738841e-01,6.533167441565863598e-01,9.004148455225351455e-01,8.909606966366662162e-01,8.685690618958304965e-01,7.721394360652801270e-01,9.086400068795736917e-01,5.259008845745807292e-01,7.017795714037003418e-02,7.069967833214239050e-01,7.025765007076417712e-01,4.174974145579449236e-01,3.004577802400593134e-01,9.599876945609013834e-01,7.173257070987960615e-01,7.797019107814489036e-01,5.155181531364213532e-01,2.038976156700746389e-01,4.985501086427085449e-01,7.363197820175467756e-01,8.037785128424315140e-01,8.544709243092141193e-01,3.891767265677748000e-01,9.238509841076828488e-01
8.192830361484355617e-01,6.435752214748959865e-01,4.872959493112490881e-01,6.854670141009371331e-01,8.226040300458713483e-01,7.626532100104429501e-01,7.370231375927691619e-01,6.434891071041196620e-01,5.371727592986850208e-01,5.696489636118176048e-01,9.554332179260242031e-01,2.351052216591802690e-01,7.068392324293242268e-01,6.169512436561763735e-01,9.902055648681655775e-01,8.135088918179802508e-01,0.000000000000000000e+00,7.306787829355573249e-01,7.000864336563491497e-01,8.843890340391037386e-01,9.561731190890538912e-01,7.731407829092638018e-01,7.181489890840059287e-01,7.940226982436439096e-01,7.093487904479165440e-01,9.911382810207854943e-01,8.440158279449335721e-01,8.164384089236760289e-01,6.705655644314619801e-01,4.380665874032662610e-01,3.336793175815728763e-01,7.758786825606616144e-01,9.723944920281319959e-01,6.696258119212636917e-01,8.606707556160966277e-01,7.791812971372329422e-01,3.695200027419973665e-01,9.749997329438634397e-01,1.074067726475715356e-01,7.170204309126383402e-01,3.322501267112538681e-01,9.683675822747868089e-01,9.271186646250315633e-01,9.287502516996187785e-01,4.663928222454218342e-01,7.144655790981256915e-01,4.625347423007195036e-01,3.559632200288007087e-01,4.049684782170629993e-01,8.000130938088828580e-01,7.910208546408905583e-01,9.897968711946875109e-01,6.235580291961139165e-01,9.167623478987463326e-01,7.547182395845077885e-01,8.884243305645387334e-01,7.643045287048948477e-01,9.371508584536758502e-01,8.255835421420195663e-01,5.309165954188564962e-01,2.755643961734310365e-01,6.362362693814744841e-01,7.103160739831126946e-01,8.558146717668527748e-01,8.943993584933978003e-01,2.898319175555268967e-01,4.632203733810198454e-01,8.167601442250150834e-01,6.692392804644089477e-01,9.971884758839147933e-01,7.234648963622634099e-01,7.108392118121776848e-01,4.930680362561625785e-01,5.438524770700785549e-01,9.899907830719733015e-01,6.045220516512933573e-01,7.968681010898219785e-01,1.890986418310747763e-01,2.601083252986444161e-01,2.254815995918652560e-01,8.506041198366025569e-01,9.979159547339145897e-01,8.445703301930125306e-01,7.504196722606470971e-01,6.821152866431848816e-01
6.860910852933700399e-01,6.445739186486186822e-01,9.626232701573853578e-01,8.359266939479296221e-01,7.221006467917914229e-01,6.775647660156576269e-01,4.559326887821311680e-01,4.344690138069113861e-01,6.014370368794278443e-01,8.546942579938997531e-01,7.172236186614306952e-01,6.971319647619911297e-01,9.347886593432399582e-01,8.638941835163262972e-01,4.881166735671332857e-01,6.444563162687966251e-01,7.306787829355573249e-01,0.000000000000000000e+00,9.106299523037035826e-01,9.528457285968081614e-01,7.131851817464744947e-01,5.672507567309246213e-01,4.600021115727018772e-01,5.077533544121985987e-01,9.293995579837889265e-01,6.836419018081195675e-01,6.459871476742039542e-01,5.500533618947043291e-01,5.694452425419079811e-01,5.350013210105161177e-01,6.777311559529098917e-01,4.182958189888113520e-01,7.599823316518972138e-01,8.618877732752133758e-01,4.102952252562805935e-01,5.882562388214895854e-01,4.646401134635227415e-01,6.522323025133061059e-01,9.496066658469710653e-01,5.291920056016716778e-01,2.929617817117769474e-01,3.220941171311311052e-02,8.767249949736191095e-01,6.712009316704183881e-01,9.810130711596916075e-01,4.137464330779239141e-01,9.513703339703482031e-01,6.633405981367831439e-01,9.215251280337808382e-01,8.634566351027161968e-01,5.849039224028463879e-01,7.256062081788208218e-01,9.736706995950735744e-01,6.663056088111493080e-01,8.192658665695006226e-01,6.126400133535055970e-01,5.144290616815778705e-01,8.174277836536334441e-01,2.409985073263419264e-01,9.875334497069717665e-01,5.413399784773383905e-01,4.844524234906671389e-01,8.102980232162464436e-01,7.462698996099674797e-01,7.489794157961475740e-01,9.831554358610551381e-01,5.277383345464383702e-01,9.426742185079699521e-01,1.518434022269400385e-01,6.177714694003617613e-01,6.984236429684893555e-01,8.195512490341075873e-01,2.717220680690598522e-01,7.143833259036472816e-01,8.390378761809085262e-01,6.561571100387058042e-01,6.701140432552307180e-01,4.922130925788098521e-01,2.110651859846385259e-01,5.565549769737725833e-02,7.223923727868742928e-01,9.125046978950607235e-01,8.290026915170543020e-01,3.698299946546060868e-01,6.552235234735734881e-01
