0.000000000000000000e+00,9.227589931065174333e-01,7.401645417445195108e-01,3.810720480201649218e-01,8.254813364403992271e-01,8.685411903830606573e-01,3.098981003873121365e-01,7.121783090403305261e-01,9.613304906505772962e-01,6.684991066389814884e-01,9.239957174768453907e-01,9.429219955910670414e-01,4.348070017409156329e-01,7.357626079554757670e-01,9.399402391248374844e-01,4.640540173853512362e-01,8.266740422532443677e-01,7.381834119467721722e-01,8.339222965358585871e-01,4.620056405658158338e-01,9.003601747232448105e-01,8.240736235116556951e-01,7.431304634959683408e-01,6.187546513641234425e-01,9.976625985944950203e-01,7.083983689275785700e-01,9.670016873325840701e-01,4.078945101873661105e-01,6.639201999480500715e-01,7.793329206555388300e-01,6.769717282715896900e-01,8.266503511817286931e-01,9.169680096822725446e-01,6.184020074792730970e-01,3.072300051572974811e-01,4.173269676292185038e-01,5.308644245315951027e-01,6.115586564055790486e-01,8.582365711728237034e-01,5.964357124844836822e-01,4.389059720908833340e-01,7.243935197846512741e-01,6.762528963455740616e-01,5.412551715913146433e-01,3.141988334480446121e-01,1.394372124255582046e-01,8.343868675176087102e-01,9.054343823000050584e-01,8.657902032096581602e-01,3.945816432684028929e-01,8.018048611592961672e-01,9.153576653469844837e-01,9.157072746372195704e-01,9.762917571181910503e-01,9.976638742044480201e-01,7.579339298721431417e-01,8.996467099509809495e-01,7.807584376876983701e-01,9.039725123663795436e-01,7.061862224520010223e-01,5.647560292967497286e-01,9.985007891560018223e-01,8.720805403640830011e-01,8.308063142960269154e-01,5.406198171842374611e-01,9.151998120903821476e-01,9.026302555528729066e-01,8.003542982550354568e-01,2.787652324673589033e-01,9.974363212435612969e-01,8.637629235200884326e-01,9.652728072888175914e-01,5.276075901706330784e-01,3.478676596189003156e-01,9.327803585380427531e-01,5.236728405336396053e-01,8.341040643643301555e-01,6.707812470745084799e-01,3.251215791049730935e-02,2.126540538975190131e-01,9.170686453736313082e-01,2.980545463994935806e-01,8.735669721838972279e-01,4.403446315632549291e-01,7.746931308513753667e-01
9.227589931065174333e-01,0.000000000000000000e+00,7.278777399837407236e-01,8.079027485784050500e-01,4.168251686672788670e-01,9.511762692111077611e-01,5.006726996163590737e-01,4.229314958852803952e-01,7.159138349800215906e-01,8.640707110875417429e-01,8.628943893306559865e-01,7.927558844222764023e-01,4.269537604201557590e-01,6.669524981783668816e-01,7.521733044539885560e-01,9.525598928474717786e-01,5.037209661094318447e-01,5.771683396219517981e-01,7.512558741618635683e-01,6.424704369613865040e-01,8.868212791213081481e-01,2.036214697154331843e-01,6.904485826104239665e-01,9.277296347343373384e-01,4.700035610515258533e-01,4.752184726568980389e-01,9.165896992873305837e-01,8.733531215429591876e-01,2.807265553636197897e-01,6.927122555467106757e-01,6.176770810595978434e-01,6.015154065006385053e-01,6.613660058044252832e-01,7.479719947224972021e-01,4.726479900035128745e-01,2.594690513109384478e-01,3.956578343873863313e-01,6.253128039514753711e-01,7.089408593019311811e-01,5.611642605054397714e-01,5.758139821691491411e-01,9.609295447229805331e-01,9.477625684603154799e-01,6.888139344372781192e-01,8.524662548251427108e-01,6.915086231053303445e-01,7.721327783148611568e-01,8.429027135993900632e-01,7.054951357240211163e-01,2.060653811230241661e-01,9.222749515151983379e-01,6.617582592552515575e-01,6.755172997944910440e-01,7.556906892098604889e-01,6.380408809573329121e-01,7.683002430227309221e-01,7.964805704648091345e-01,9.166915062948811643e-01,5.065903576544287246e-01,1.277300276642718939e-02,3.435773397601787904e-01,8.993270516262455994e-01,5.856518494613580650e-01,9.682911122452294572e-01,8.678395118434001354e-01,8.082746962531996981e-01,-1.155658994281762025e-01,8.591303702814121479e-01,9.422753442830225090e-01,8.899252419757786026e-01,9.170050473848309069e-01,9.088195575686738303e-01,4.898015236602947242e-01,7.818959968442638075e-01,3.049214850616245864e-01,7.337756162913525726e-01,4.245921029907794297e-01,2.086112721976371986e-01,4.388670608654889338e-01,8.172113736677233398e-02,6.938858444663300595e-01,7.429827243498154932e-01,9.860831862503706136e-01,-2.690096658453828837e-01,4.367509113543150412e-01
7.401645417445195108e-01,7.278777399837407236e-01,0.000000000000000000e+00,7.679212317166099755e-01,6.345041629968780628e-01,6.743959480862254940e-01,6.659090105846943164e-01,9.758699474609372482e-01,9.062974740582256938e-01,9.460443191278230524e-01,7.448337751474941593e-01,8.862061140401747972e-01,9.102694398561272937e-01,6.892768246718214975e-01,7.997490696623905659e-01,4.456222751457121212e-01,3.133954901320755160e-01,6.054772273536560556e-01,9.455447753768542185e-01,3.552584602170512085e-01,8.467618270546302117e-01,6.052193026162501210e-01,6.010076762551215257e-01,5.739586170782419172e-01,9.271642992318571697e-01,6.693751850326866704e-01,8.634130734771676696e-01,8.320642336855897936e-01,2.642368621381230853e-01,5.340380822673298500e-01,5.348829783847025565e-01,9.026384447767675789e-01,9.587489682500458521e-01,9.465395582518016937e-01,9.531509045110652112e-01,1.810772151104761141e-01,1.248605259789357380e-01,7.290073102877610012e-01,9.252042334385917055e-01,6.229259127227618764e-01,4.644352372721239353e-01,7.257814139675096143e-01,6.804443163214920487e-01,6.555768999053135371e-01,9.732435546965345630e-01,3.893680540656349054e-01,4.845834248925406373e-01,6.044260094919252646e-01,4.053003318043272851e-01,9.229643888346314995e-01,7.045075032987373476e-01,9.418182943247616068e-02,9.582466896247667787e-01,8.788441267730577877e-01,8.251019601450662044e-01,9.225848479869829255e-01,4.564096942527394174e-01,8.356170340598182422e-01,9.063752882127786847e-01,7.274310225840849853e-01,1.504141560183408499e-01,9.553260087303405701e-01,7.573964332231293284e-01,8.932626844209693440e-01,4.657627590157975561e-01,6.368020300323259386e-01,7.988113366999283205e-01,9.390169852945675633e-01,9.921202912208731961e-01,6.641234536364913899e-01,6.841377550601814850e-01,5.294024259503031793e-01,6.032920595975694855e-01,4.279300777596750649e-01,9.814540333322927523e-01,6.716145620604778710e-01,7.711792411451401374e-01,4.420255667292852242e-01,2.615490821723374659e-01,2.580846605333753097e-01,8.722348852489081317e-01,3.360662044042068697e-01,8.165560182364661745e-01,6.308886946918400573e-01,5.435468911531630143e-01
3.810720480201649218e-01,8.079027485784050500e-01,7.679212317166099755e-01,0.000000000000000000e+00,9.119450404000869481e-01,3.445710663437830390e-01,5.028762445384761248e-01,7.844584977546336102e-01,-9.560121357868323066e-02,6.893205966576132493e-01,5.252314341075690063e-01,7.940165130046087372e-01,6.615942353601048653e-01,4.878098266496154189e-01,9.956523103109267137e-01,8.035519060213492937e-01,9.351453328949469457e-01,7.864766979524222545e-01,6.320526931670544801e-01,8.488004928323507059e-01,5.590274278439693045e-01,6.941681113510329570e-01,7.018026813285409560e-01,8.064143432645520804e-01,4.544584832741723757e-01,3.338018102842288393e-01,5.009710904106206009e-01,6.684806711091308973e-01,2.967338536175914698e-01,1.918884505081963621e-01,5.981434253810778007e-02,2.960460432529829489e-01,9.080773485722773986e-01,6.576819702572590520e-01,8.528284629795034322e-01,4.990140769643826579e-01,5.550727909828536699e-01,6.669822917904226767e-01,8.292954060900686875e-01,9.583976971391333644e-01,2.579445123967575304e-01,5.933454101720878615e-01,6.324820854297327211e-01,5.526662341968476833e-01,6.453477745310021163e-01,8.779529710361808625e-01,6.029289751820270382e-01,5.874137922597276740e-01,8.740811006221240742e-01,9.644059251946992539e-01,5.665016011304231380e-01,6.344093145687702551e-01,7.839394152430996243e-01,8.242332016134721329e-01,7.892856891693854626e-01,7.571084068539699619e-01,4.035391264967383984e-01,9.295592608859162276e-01,7.044223282069701497e-01,2.415929551406903464e-03,6.809043943824446554e-01,9.087408522498695573e-01,6.038179932938799732e-01,6.724011734038790600e-01,5.104578104440871122e-01,6.777330618893565584e-01,8.571154966542963161e-01,9.309819009563489178e-01,9.842041216188578134e-02,5.815376788794393015e-01,8.077760266535325417e-01,7.127672671937113069e-01,5.587238740557343153e-01,7.684309782378040410e-01,4.969130600130899911e-01,8.502832297613739376e-01,6.414137286143641870e-01,6.508309338402851196e-01,4.489514404505722256e-01,3.306261440963305098e-01,7.902152754634404752e-02,8.817133270129143829e-01,2.133844730785357802e-01,4.450709147292336021e-01,7.952591856246123969e-01
8.254813364403992271e-01,4.168251686672788670e-01,6.345041629968780628e-01,9.119450404000869481e-01,0.000000000000000000e+00,9.824444725670734568e-01,4.993150729583935299e-02,6.739034488415227564e-01,9.338400938348233593e-01,9.273401762840085549e-01,6.482392041643917358e-01,7.442856980954112300e-01,8.851656892763517526e-01,9.808093034506096819e-01,6.467805888234728906e-01,9.073003052459123197e-01,9.633575969160255159e-01,9.836109362554374957e-01,5.350263677421935871e-01,4.081282437263643037e-01,7.157081378673952887e-01,7.721834573759314146e-01,4.194695286291260095e-01,2.915508941676334120e-01,9.684223285713464691e-01,4.102316577272790976e-01,7.309696774973786226e-01,5.149012553129609371e-01,6.306708926223283385e-01,6.611288666106448497e-01,6.896832581028617959e-01,4.621857143461827744e-01,6.531987229851371479e-01,8.511376689595817613e-01,6.273642714591071146e-01,4.313532503925903150e-01,2.883643640739762537e-01,5.309106906035491180e-01,7.291876712703037056e-01,3.918869341469711776e-01,1.969107133610626947e-01,5.023006398293121677e-01,9.451732161283478151e-01,5.205700517638659486e-01,7.670153378527642951e-02,6.244098382322148533e-01,3.765475656050678577e-01,4.320717850923888048e-01,5.452103215596378893e-01,6.068710581018730288e-01,6.873495808404387342e-01,9.159512404728654689e-01,2.815482447412314682e-01,7.394451578517524659e-01,6.736762099521551583e-01,8.889262221394081953e-01,8.674722168193576000e-01,5.938983620637957594e-01,7.626634832699434874e-01,4.055241389988842315e-01,7.337497591942979680e-01,9.992097416613141547e-01,9.942033711932631856e-01,5.276405762780126407e-01,7.682795158155412141e-01,7.115830172054462555e-01,6.642860131856780370e-01,8.597841095398873756e-01,7.083168199519086078e-03,5.312623327651093685e-01,6.296165820605118535e-01,8.942093797445468395e-01,6.658123776792596038e-01,5.245110678829822959e-01,8.271582226703168006e-01,8.951160072379794608e-01,4.578655679300116521e-01,7.881773332846705449e-01,6.885976964151560020e-01,5.201947318052237978e-01,3.658414794242816903e-01,9.829799327366882666e-01,9.264893385035536388e-01,5.283592174270527186e-01,7.440840590740604998e-01
8.685411903830606573e-01,9.511762692111077611e-01,6.743959480862254940e-01,3.445710663437830390e-01,9.824444725670734568e-01,0.000000000000000000e+00,7.333035399191037973e-01,3.452113465974138706e-01,8.542572411696494061e-01,4.381213030716111234e-01,9.730713160330448641e-01,7.888977578800682178e-01,8.552295896340830206e-01,4.577832267722145021e-01,6.423763990388556833e-01,8.755977980149504125e-01,8.587667855248829474e-01,7.878776166326483255e-01,8.054002918806431044e-01,6.758982193340759004e-01,7.716472711136869167e-01,9.846197647997638747e-01,7.844028977122341484e-01,9.313128238524338576e-01,4.481739359518488452e-01,1.058038756168824118e-01,6.043405789025055874e-01,7.807666718191472732e-01,5.118427392913681429e-01,4.615327191638379789e-01,-8.703888893840132368e-02,6.092171532847656668e-01,9.352371270233489353e-01,8.284977929072255831e-01,5.371978044811042130e-01,7.552608558808951988e-01,-2.241147605023940947e-02,7.704371674517878077e-01,9.655584842977762428e-01,8.198002499169053658e-01,4.643504801790894199e-01,8.704862929220849033e-01,8.019750174086509587e-01,7.423030742545757565e-01,8.190821492058190101e-01,8.618075735335417598e-01,6.907232067699414779e-01,7.897757451389735284e-01,7.101902091741536527e-01,4.378401930858656921e-01,7.790674074891500434e-01,7.753120753288047506e-01,9.818860511917997247e-01,6.371862875628735434e-01,6.698163820763447518e-01,6.800702573053374334e-01,9.417753396041017577e-01,6.469079367250862855e-01,9.739080623095327516e-01,6.625421114628764485e-01,4.180696316423885284e-01,7.720358995923268797e-01,6.471677379229205940e-01,8.671720844655821381e-01,9.421977476172103128e-01,4.276352218909657554e-01,7.300599161216608790e-01,7.534358616216144666e-01,4.773814325821379434e-01,5.927226324941671232e-01,6.847318654876353161e-01,7.685293390010242698e-01,1.466774882892796228e-02,5.158709180982832265e-01,2.917722558223069806e-01,8.950240408136741488e-01,4.982705318338271905e-01,6.999897238940717692e-01,3.884308889951371135e-01,1.247778123855157323e-01,6.905674262869490043e-01,6.903970211027260495e-01,5.527304815527684934e-01,4.296157735256694865e-01,7.153258103537317725e-01
3.098981003873121365e-01,5.006726996163590737e-01,6.659090105846943164e-01,5.028762445384761248e-01,4.993150729583935299e-02,7.333035399191037973e-01,0.000000000000000000e+00,3.138773091395017367e-01,6.295291678475296859e-02,7.371443219649066458e-01,5.805290801129727729e-01,5.832039989749737696e-01,3.119349890694201877e-01,2.129462971996983478e-01,7.883442870105007438e-01,5.057937521151065763e-01,9.326095176291272493e-01,7.859243326839954191e-01,2.705605355561655490e-01,6.902714499443778351e-01,5.506098846653004752e-01,6.828824905732748807e-01,7.099808526878113035e-01,7.600023656112252501e-01,4.301130343503022369e-01,7.299896025096923591e-01,2.586963093026536931e-01,4.692614256977245546e-01,2.977777953388121013e-01,7.641244890423047886e-01,4.362070197475889644e-01,5.634713968976607923e-01,3.760339356155734114e-01,9.375982872336393603e-01,5.316322501828322222e-01,5.370406599151452687e-01,3.068149993553737076e-01,5.378929986532448027e-01,5.522386812375167375e-01,1.226340445103571430e-01,2.835870766752508487e-01,7.593249687460729147e-01,6.058956468379105287e-01,7.815813085878448030e-01,8.978251546947634276e-01,7.916243068986090758e-01,6.870380279370843501e-01,6.998635104482043845e-01,2.324741316207966091e-01,-2.057978252536951658e-03,4.516899903782722880e-01,4.335957210201955014e-01,5.465006996877684875e-01,5.227076466850246739e-01,6.917529135614607361e-01,2.456523052618089786e-01,5.616216023987662398e-01,7.664674251084965251e-01,8.109123853788868796e-01,6.497097816475961851e-01,5.079003790628703330e-01,6.312441566376245650e-01,-2.681147322204557870e-02,8.884761957046882763e-01,5.365525506374489995e-01,4.524294428341417706e-01,7.841955330555165915e-01,6.361171063571307016e-01,-1.037972961828056984e-01,4.519239672934149965e-01,3.526933356192106794e-01,2.556634444292988917e-01,4.624243955114047955e-01,7.181496400567889404e-01,5.239208836797429880e-01,2.456830227656608689e-01,6.607087807001654767e-01,4.761324867503501368e-01,7.849820490757885016e-01,7.058564349801119686e-01,2.348302455203573336e-01,6.213659245729327152e-01,5.601440630873125714e-01,4.480636557456151858e-01,4.858244910173494802e-01
7.121783090403305261e-01,4.229314958852803952e-01,9.758699474609372482e-01,7.844584977546336102e-01,6.739034488415227564e-01,3.452113465974138706e-01,3.138773091395017367e-01,0.000000000000000000e+00,4.363323460084719829e-01,9.857171092813780122e-01,1.438647461536541605e-01,2.062073151169892260e-02,4.821509693766069526e-01,3.617502551759466112e-01,6.416390414516279783e-01,6.607416904975826899e-01,6.525537820262390376e-01,7.544024964541240497e-01,5.446838492617053218e-01,9.684400335799385751e-01,7.404963618950639592e-01,2.513384648851128556e-01,5.221274913535360884e-01,6.588969417628839365e-01,4.658433884542176884e-01,4.395098526604462874e-01,7.296849908697258247e-01,7.962189094476621598e-01,4.500933234021286533e-01,5.165057289452327227e-01,9.576974812255466540e-01,4.208226526052792349e-01,7.889856485722641644e-01,9.211678929644195879e-01,5.714812789886667410e-01,7.112312173160452167e-01,7.838642693274310291e-01,2.309970458017933104e-01,8.161538373749057662e-01,9.074340492629598964e-01,1.460412107301457263e-01,8.316235244843648289e-01,8.411749554550936869e-01,7.876424909239483352e-01,7.608094675713580335e-01,4.936543849596156663e-01,6.114301986739114625e-01,6.151025884385720177e-01,4.927959189412254304e-01,6.934979699826490096e-01,7.016090198985061033e-01,7.264767744794942139e-01,6.001541090537686474e-01,9.294631784110557460e-01,6.315437281183238216e-01,1.637342093958545353e-01,7.484429154113609872e-01,7.185694007513844239e-01,6.728745763494256016e-01,4.440309976606905407e-01,2.452836371329074894e-01,7.657530567854946568e-01,8.664483476228699299e-01,6.349070641047918073e-01,6.622892540407626649e-01,5.318575608003961452e-01,5.673768742333862303e-01,8.486557032052504113e-01,5.736597091223804012e-01,2.053789772508107792e-01,7.585049348252181911e-01,8.755875601075137071e-01,2.031576238847774274e-01,5.436473411251409038e-01,-1.582052072166590939e-01,3.381422051958067332e-01,6.402877449576607205e-01,6.972231642247653238e-02,2.020414882198893480e-01,2.526070019416109536e-01,6.755770059928516424e-01,6.635308048756427546e-01,9.769378453137278484e-01,5.720886018688657870e-01,3.347184607845918869e-01
9.613304906505772962e-01,7.159138349800215906e-01,9.062974740582256938e-01,-9.560121357868323066e-02,9.338400938348233593e-01,8.542572411696494061e-01,6.295291678475296859e-02,4.363323460084719829e-01,0.000000000000000000e+00,5.353662854414000805e-01,8.301830641993683813e-01,6.188974195618336394e-01,8.755502117102887949e-01,6.286094154910438769e-01,7.911802531867118127e-01,8.596322409556785837e-01,7.233265844543731449e-01,6.451651378232501344e-01,7.116542132767709194e-01,8.594597880340842933e-01,6.495829956301708563e-01,7.412778471596640495e-01,7.821709423269578298e-01,7.716586827741912513e-01,3.143136407343089522e-01,1.609761696290065713e-01,6.376245319652683596e-01,5.161211593933560104e-01,6.871209068393722141e-01,1.282145372779168804e-02,5.850105486005099387e-01,6.977114946837268405e-01,1.105694834940985222e-01,4.483284089868840305e-01,4.346948486085673302e-01,4.551186427592002204e-01,2.118656811317794209e-01,4.690444999110904289e-01,8.722871368585050078e-01,9.605477009092452390e-01,4.161946861403958420e-01,7.045227302492386157e-01,9.839445438792344678e-01,7.774536726606734449e-01,8.130786625669937928e-01,7.097004699618600920e-01,7.171592563295814404e-01,7.612687806747933106e-01,4.243267375546264653e-01,6.967233823035816620e-01,6.745586227807213175e-01,6.962820607168642706e-01,4.379680557401133822e-01,2.884602174586020640e-01,5.050263072461982361e-01,7.954110488271020074e-01,2.057913626870505053e-01,6.364283563070963767e-01,4.059836733571614009e-01,5.835741959664824119e-01,6.951012607365255613e-01,7.197302354319875528e-01,4.976035159130524632e-01,8.491585775390942947e-01,8.181065725764847807e-01,3.597492024887062323e-01,6.888403753579155353e-01,7.331062880260933445e-01,2.842237307206357810e-01,6.460837624783043465e-01,7.184958096682071416e-01,6.917432883138097122e-01,7.116333108554245834e-01,3.357254724979965022e-01,7.416390119508834422e-01,4.334456362715962685e-01,4.478385073606194755e-01,4.941589313900879299e-01,7.916889556713908593e-01,1.952233040920792195e-01,4.395427473535516438e-01,5.630339518742140115e-01,8.364624206151215491e-01,7.565047964944752179e-01,2.435068967784154714e-01
6.684991066389814884e-01,8.640707110875417429e-01,9.460443191278230524e-01,6.893205966576132493e-01,9.273401762840085549e-01,4.381213030716111234e-01,7.371443219649066458e-01,9.857171092813780122e-01,5.353662854414000805e-01,0.000000000000000000e+00,6.154841803521329258e-01,8.142756851226459203e-01,6.482091823538015385e-01,7.890002069772381610e-01,4.949008152770426050e-01,4.938201501119206527e-01,8.230721770919685598e-01,8.978253023215968520e-01,4.230763291962909012e-01,4.558696083039843194e-01,7.907614180944468885e-01,6.086855104190501686e-01,9.587758796025407371e-01,9.636323153999748481e-01,4.444610164456915813e-01,2.758063726385353576e-01,6.831074261705648576e-01,6.479488602049019441e-01,6.057815410547532364e-01,4.922538634450976391e-01,2.329642985622457640e-01,-1.467730404904171726e-01,6.390621949197047291e-01,8.711821240962683843e-01,4.084496018238789050e-01,4.891366846924460332e-01,2.414493456761045986e-01,7.195454120290434297e-01,9.279852545654601048e-01,9.793368508771291836e-01,3.361410612518350161e-01,2.438755545289676696e-01,7.166490641264140482e-01,2.393402225213102918e-01,8.683557111431904341e-01,7.384603119275322536e-01,3.486584651041172989e-01,7.712245830704058669e-01,9.215400481914122199e-01,7.971816519175618510e-01,5.855874255528344952e-01,4.036081340691137775e-01,9.984746105336288480e-01,4.471965589000316266e-01,7.064155417331779985e-01,8.819712973514062249e-01,8.362103191056107221e-01,6.017123859626031246e-01,8.625403307788284124e-01,2.164981706753972279e-01,5.533545742936031298e-01,4.887660202421287292e-01,9.585020750648025611e-01,8.694422846808959049e-01,9.628495477321112883e-01,9.904464534388954799e-01,6.929665656242551819e-01,6.103864839658837971e-01,7.932492402042718993e-01,8.875135070312112351e-02,7.635324083834875708e-01,7.633737059593445062e-01,4.571007244861645669e-01,5.841284049722071936e-01,-1.930955740263381182e-01,6.935141751820982359e-01,3.442831219441723212e-01,2.389203538218094836e-01,3.202670377189348883e-01,3.059171745206532705e-02,5.160824391712942605e-01,4.595469506253983538e-01,9.568908197205225896e-01,9.631334480014297483e-01,6.317493992861396013e-01
9.239957174768453907e-01,8.628943893306559865e-01,7.448337751474941593e-01,5.252314341075690063e-01,6.482392041643917358e-01,9.730713160330448641e-01,5.805290801129727729e-01,1.438647461536541605e-01,8.301830641993683813e-01,6.154841803521329258e-01,0.000000000000000000e+00,9.103666201326092722e-01,6.823211156968550517e-01,7.958141720346616488e-01,6.252942687788967113e-01,4.536397361298168951e-01,6.388932326251748339e-01,9.065298112386557250e-01,4.541426725265997888e-01,7.993577011126502541e-01,9.795182319221368283e-01,6.554418991575319264e-01,8.990138412499815157e-01,8.569399342279917509e-01,2.055417701942898745e-01,6.409799740942947466e-01,6.817088067087743175e-01,6.690389444744526681e-01,2.356313051423712668e-01,4.714031838051957468e-01,4.110997143756944805e-01,6.577124515532016824e-01,9.515035451539177735e-01,2.496179539832023286e-01,6.434654492046716356e-01,3.817116616366770798e-01,9.047733931856392908e-02,5.865107314740636291e-01,7.754199385983893134e-01,3.495308936635534991e-01,-7.945248342483768322e-02,4.272059309143433348e-01,-1.153591954944688386e-01,8.328531272172859934e-01,9.778315252190957763e-01,8.096998626313949288e-01,6.895270347090092233e-01,6.743191718255204803e-01,8.431355514778164917e-01,8.655283640392762434e-01,3.247671137121455609e-01,8.880298899776046806e-01,5.501113369706503997e-01,6.144662075295089787e-01,9.280370827513146903e-01,7.427643857081159817e-01,6.809466816825944235e-01,4.499477366267302658e-01,6.091391454347696577e-01,4.667303131857393206e-01,2.229471286454083601e-01,7.396932986666903131e-01,7.281846946404076926e-01,2.009794027393174698e-01,4.573267695123225951e-01,6.591310331271191814e-01,9.945350928615717123e-01,9.461205981756716232e-01,4.527529488826561588e-01,9.180529645717658838e-01,6.522451714068744355e-01,9.125055077213265475e-01,2.649441721496929025e-01,5.250832077619749239e-01,7.991985494421199876e-01,6.184621248999132570e-01,4.951903775181344391e-01,6.556956893722057922e-01,-3.601299290865093705e-01,2.094707090262530325e-01,4.611426440948853678e-01,6.130208198150687293e-01,9.538626188490231250e-01,6.742523681392100787e-01,6.885674653396387512e-01
9.429219955910670414e-01,7.927558844222764023e-01,8.862061140401747972e-01,7.940165130046087372e-01,7.442856980954112300e-01,7.888977578800682178e-01,5.832039989749737696e-01,2.062073151169892260e-02,6.188974195618336394e-01,8.142756851226459203e-01,9.103666201326092722e-01,0.000000000000000000e+00,8.029386210399239721e-01,4.834462102941394779e-01,5.598093178832135308e-01,4.482123674918230272e-01,3.750440074423116998e-01,5.163688357859672617e-01,5.946148948679324392e-02,8.261599047956114106e-01,5.290493886769649379e-01,5.771356829894872531e-01,4.223918080606000047e-01,7.937645140747577877e-01,8.649523252849133925e-01,9.707091951536857000e-01,1.636688770147813055e-01,7.382180191228162602e-01,5.687668789339129782e-01,7.072769865633746766e-01,3.787197819030079793e-01,7.050117583168045154e-01,6.757071351402028636e-01,6.592553177287900912e-01,5.545922572977334264e-01,4.053354321406230643e-01,2.086754032554633820e-01,5.577950406656048132e-01,8.924948805024606191e-01,5.328911505326446030e-02,4.406869470762203589e-01,6.608376769434022302e-01,8.039087093808408024e-01,9.939830911876279540e-01,7.993458239167964274e-01,8.401709260795915402e-01,7.419062991569338461e-01,7.856585228423140776e-01,7.176343026647963308e-01,4.557852502889167545e-01,5.411355714163541553e-01,7.206750934209732451e-01,2.186541697163799092e-01,7.650013972617931701e-01,5.412179390752236419e-01,6.527287694683218122e-01,4.754114778521442153e-01,6.192380020830805520e-01,8.333625669610357223e-01,6.850838767813792474e-02,7.650577666469038363e-01,5.728703019030944033e-01,2.830091775255300091e-01,8.420005026733372588e-01,2.741596287364956863e-01,6.035118106917313208e-01,5.326943181772068048e-01,8.445093581859257625e-01,6.960008786316727036e-01,9.394784932068814820e-01,4.044108399906153894e-01,5.335433906782103275e-01,9.774171391577121115e-01,3.033074223610598974e-01,7.205168622726433325e-01,6.093991793455532102e-01,8.607075236736276835e-01,8.075233122191747270e-01,7.459684723828658992e-01,3.138771173859185581e-01,6.991199844973295351e-03,6.265585873046216614e-01,6.178742186885043397e-01,3.050023031749550806e-01,9.295045510453742166e-01
4.348070017409156329e-01,4.269537604201557590e-01,9.102694398561272937e-01,6.615942353601048653e-01,8.851656892763517526e-01,8.552295896340830206e-01,3.119349890694201877e-01,4.821509693766069526e-01,8.755502117102887949e-01,6.482091823538015385e-01,6.823211156968550517e-01,8.029386210399239721e-01,0.000000000000000000e+00,7.450783555088988930e-01,8.205152978932158669e-01,6.038346597176388331e-01,6.930121365210966111e-01,7.278342729347175855e-01,7.307529979670455145e-01,6.997224708290813444e-01,4.325678898134587280e-01,9.520900760388053552e-01,7.449901512234901046e-01,9.707079121699359048e-01,6.474111152833504912e-01,3.590749034900854175e-01,6.435431937858344664e-01,5.248184368888328954e-01,6.541769918552647889e-01,6.603807312019629450e-01,3.044029056225740493e-01,4.111303665279765762e-01,4.505681039549142564e-01,3.913007505579706446e-01,8.894378327305362264e-01,4.120200402950431329e-01,4.746751352125346823e-01,9.290829290691718922e-01,7.908491874801696353e-01,9.933010861586242246e-01,7.451402977800209992e-01,9.054175318744118739e-01,9.816300179934677184e-01,8.026966996678057686e-01,8.594573402125664785e-01,7.344659081339764972e-01,6.165163807658849970e-01,6.319153487862905205e-01,7.580109056063008000e-01,7.832388421961133940e-01,6.607332498982331215e-01,6.955315992374663248e-01,6.765953224091680873e-01,6.630041074706068127e-02,8.065459534605413650e-01,6.145722373496632640e-01,9.033387582584389008e-01,6.538688539869212946e-01,9.409598942243498909e-01,5.715887213486517404e-02,7.844656374870094817e-01,6.187410659295236037e-01,8.283293226173470414e-01,7.995638673873572966e-01,4.233817455092869220e-01,7.998082539577930916e-01,5.563554375869945723e-01,8.600482239155142761e-01,7.311598702336218336e-01,4.239971011528986811e-01,6.289226760323887166e-01,6.460283767312545722e-01,7.803261282128358678e-01,5.972610824525770301e-01,8.151733819451316698e-01,6.003183960784526096e-01,9.053749764057897886e-01,7.108153508303804990e-01,7.576794739645587029e-02,5.907875912208646607e-01,6.215837105806810703e-01,9.880662821503009008e-01,7.853630988696068682e-01,5.264371181672377054e-01,7.824511579923478788e-01
7.357626079554757670e-01,6.669524981783668816e-01,6.892768246718214975e-01,4.878098266496154189e-01,9.808093034506096819e-01,4.577832267722145021e-01,2.129462971996983478e-01,3.617502551759466112e-01,6.286094154910438769e-01,7.890002069772381610e-01,7.958141720346616488e-01,4.834462102941394779e-01,7.450783555088988930e-01,0.000000000000000000e+00,9.602589360212655523e-01,8.885981294404129427e-01,4.455575243750589109e-01,4.081751013850665744e-01,7.568899576965547604e-01,7.041710858530829675e-01,2.729656470830094661e-01,5.382777663296942627e-01,8.988187440191874877e-01,8.208674023795301533e-01,2.011259331887110258e-01,9.862641192518991629e-01,9.433409454193444343e-01,4.399453945938583410e-01,4.864722952545464940e-01,6.780551199985507260e-01,7.543913985872812145e-01,5.541089322312535703e-01,9.099393660662502548e-01,6.043226921493753956e-01,8.520922685300625909e-01,6.656177763550699122e-01,4.099941973353370406e-01,5.629122058080715529e-01,9.646667866360442156e-01,9.424663409235262135e-01,5.958522442652629536e-01,8.262589912953429705e-01,8.116084211326390907e-01,7.728698468418258027e-01,5.348162356314478671e-01,9.535884694980061305e-01,9.561881349753963422e-01,8.794641505636424661e-01,9.258275157936780575e-01,2.789535542841319327e-01,8.661784800286653763e-01,7.001266736192622853e-01,2.234538785864648713e-01,2.479544350292537391e-01,9.034757925555149116e-01,9.227011879814188688e-01,5.519720578557063551e-01,4.685861597381216215e-02,7.755410055110091294e-01,2.489882981069038714e-01,6.523573836118319313e-01,6.728797123138835490e-01,7.484668245952257326e-01,6.112676623188286751e-01,6.263113525771413226e-01,5.676949045677045502e-01,8.710988542339193064e-01,8.068274568866731222e-01,7.159625523210731979e-01,6.670234899620811619e-01,6.253322211004802567e-01,6.142117473603538880e-01,5.133673611524834923e-01,7.195776119601553500e-01,5.280850625459794223e-01,4.757299079278204390e-01,6.692408223923487220e-01,9.417258444449257970e-01,2.530946578288052473e-01,1.205006106837654828e-01,7.462012596917546592e-01,9.832169185171693027e-01,6.896032259901929695e-01,3.121461018098116158e-01,9.692376260260868737e-01
9.399402391248374844e-01,7.521733044539885560e-01,7.997490696623905659e-01,9.956523103109267137e-01,6.467805888234728906e-01,6.423763990388556833e-01,7.883442870105007438e-01,6.416390414516279783e-01,7.911802531867118127e-01,4.949008152770426050e-01,6.252942687788967113e-01,5.598093178832135308e-01,8.205152978932158669e-01,9.602589360212655523e-01,0.000000000000000000e+00,9.463276803330021858e-01,9.842961391114823932e-01,7.731266861262117152e-01,5.993477430513056703e-01,7.466794298501592264e-01,5.253566339961900367e-01,7.714151917982218221e-01,5.249502515557800120e-01,8.864452119257389962e-01,7.121433510360087871e-01,6.500169585166258868e-01,9.298818430084369036e-01,9.738030373705680587e-01,9.995509660103649718e-01,5.795645621541503090e-01,4.036719738296280502e-01,3.763018855267311613e-01,7.753143218959657190e-01,3.495064311607850582e-01,5.028305801280100740e-01,3.845476597627447424e-01,2.513415996126203700e-01,8.343779325492279852e-01,8.146243550026445179e-01,5.914933800174544398e-01,2.071256865484769061e-01,8.836820183352163127e-01,7.399316957973911535e-01,7.329706175871431029e-01,9.882370991675690775e-01,8.643541830137506654e-01,7.652569591362976542e-01,2.200761218301664213e-01,8.169404781963530288e-03,2.103460878328870243e-01,9.009715094647380296e-01,2.166961320251237222e-01,6.715046832947990652e-04,6.781364469515249738e-01,7.835413394867349890e-01,3.721566777909307566e-01,8.481287446276922770e-01,6.452382819865289942e-01,3.790507600405761957e-01,7.648055274187113284e-01,9.032986638054094630e-01,2.552436876633332741e-01,6.980235096282091378e-01,8.092188089887357716e-01,8.214764888467966930e-01,9.760760439560911550e-01,7.684663305545282874e-01,9.782996864841333462e-01,7.191167723232784192e-01,2.756940391391449752e-01,9.295614555715934202e-01,6.580783376366663440e-01,4.868943387364324527e-01,5.956219610785857821e-01,7.824279189808244217e-01,6.133687720812366351e-01,7.235641537761231534e-01,9.210580455218106977e-01,2.789870364081419307e-01,3.855726507860919305e-01,9.927925733219875593e-01,7.015453785032040868e-01,7.972914185661680309e-01,7.610334737247346215e-01,5.896120900614425925e-02
4.640540173853512362e-01,9.525598928474717786e-01,4.456222751457121212e-01,8.035519060213492937e-01,9.073003052459123197e-01,8.755977980149504125e-01,5.057937521151065763e-01,6.607416904975826899e-01,8.596322409556785837e-01,4.938201501119206527e-01,4.536397361298168951e-01,4.482123674918230272e-01,6.038346597176388331e-01,8.885981294404129427e-01,9.463276803330021858e-01,0.000000000000000000e+00,4.629462900603231734e-01,9.010777985581953642e-01,1.552977516424679238e-01,9.751143759136247091e-01,2.772905749894942831e-02,8.999944230473225781e-01,7.245896047359090542e-01,9.227944858990879684e-01,6.336754479454239641e-01,8.601887389581445165e-01,9.513005713760167570e-01,8.861041025491271927e-01,7.974056299454056473e-01,4.083232943979853702e-01,4.776711690932330945e-01,4.066547460666037894e-01,6.282158069974731474e-01,8.217171064391730617e-01,5.028247754843937489e-01,2.386658504067799558e-01,9.740327022994027528e-02,6.920098617666837759e-01,7.037877524489001280e-01,9.902557626446644168e-01,2.472591169083692697e-01,9.539954002605985917e-01,9.716698768416500709e-01,6.707316076102347591e-01,7.419300909590182957e-01,6.250795561152084900e-01,7.234038964004994021e-01,7.838122985888396066e-01,5.208205607075775401e-01,4.553243279256734555e-01,6.541372655933930247e-01,5.643137569309131241e-01,9.967764680872208682e-01,9.561000180550341954e-01,9.376243201234529812e-01,7.002051648599607603e-01,4.443338316947363364e-01,8.326426757310949611e-01,8.511090116337749478e-01,9.482575160466165665e-01,4.883017530001890760e-01,7.155825455563942228e-01,4.072092797427055988e-01,9.724196397991238250e-01,1.086190918522274979e-01,3.586873070639174377e-01,7.611479756712201672e-01,8.955489758151732316e-01,9.353219577569609200e-01,4.636997132346427075e-01,4.235667519703814610e-01,5.572508883686255743e-01,5.940231854097257624e-01,8.762389055711571340e-01,7.630223950000600830e-01,1.351841519282482029e-01,8.606000848453693175e-01,6.617040726823751884e-01,2.608808334447798583e-01,4.367176939521199945e-03,7.174258809124625103e-01,8.022923781889813588e-01,8.525978842122410306e-01,4.680935444141254842e-01,-2.648845320589532371e-02
8.266740422532443677e-01,5.037209661094318447e-01,3.133954901320755160e-01,9.351453328949469457e-01,9.633575969160255159e-01,8.587667855248829474e-01,9.326095176291272493e-01,6.525537820262390376e-01,7.233265844543731449e-01,8.230721770919685598e-01,6.388932326251748339e-01,3.750440074423116998e-01,6.930121365210966111e-01,4.455575243750589109e-01,9.842961391114823932e-01,4.629462900603231734e-01,0.000000000000000000e+00,6.776560776573100631e-01,9.894378153760173822e-01,4.496908695625352892e-01,6.566386480051934482e-01,5.445641991845308061e-01,7.137046071595392061e-01,5.033226147941486373e-01,7.545496060217372625e-01,7.889442790656380211e-01,4.861751118380908676e-01,6.297697441616826319e-01,6.252639266114620176e-01,2.418229414857369641e-01,7.695171569408081336e-01,6.051218663483959315e-01,1.890632877283564828e-01,8.639945060781106800e-01,9.744932097048506492e-01,4.541743307398483087e-01,2.358342201620761691e-01,7.942598801503912842e-01,8.181683705807040186e-01,5.527943712558789358e-01,7.146213371634347888e-01,6.990755498082854569e-01,2.170234948694116650e-01,7.662581476043540674e-01,8.822431494702112076e-01,9.483942826866369469e-01,7.623542499522351079e-01,6.834374575988162448e-01,8.260103692658588015e-01,6.051517061929935215e-01,6.064697974761782406e-01,4.798773187844311838e-01,7.139037030078574375e-01,6.709328669333041173e-01,8.514261307888306707e-01,8.105829724321866880e-01,4.415167933261079369e-01,7.503437479939669696e-01,2.623762041342088125e-01,6.092607656851953823e-01,4.532063821256710479e-01,5.849094615361619676e-01,6.251505801458446809e-01,8.747502145133670970e-01,9.281088705584255028e-01,8.838059643677721455e-01,9.672774783851625369e-01,8.760523114840932379e-01,4.648373651385183658e-01,5.944085792818121217e-01,7.729637929323858181e-01,7.105581195744155032e-01,7.307357678762033126e-01,4.443622002142454952e-01,6.634245378521693715e-01,9.219094441979200916e-01,6.415169258935745633e-01,6.785128719588577884e-01,9.687145740515989978e-01,5.343037791348170806e-01,6.469651339426563119e-01,8.263283856985655929e-01,8.481532846997857922e-01,5.242567885257112259e-01,1.842677994173897160e-01
7.381834119467721722e-01,5.771683396219517981e-01,6.054772273536560556e-01,7.864766979524222545e-01,9.836109362554374957e-01,7.878776166326483255e-01,7.859243326839954191e-01,7.544024964541240497e-01,6.451651378232501344e-01,8.978253023215968520e-01,9.065298112386557250e-01,5.163688357859672617e-01,7.278342729347175855e-01,4.081751013850665744e-01,7.731266861262117152e-01,9.010777985581953642e-01,6.776560776573100631e-01,0.000000000000000000e+00,1.727508112954843356e-01,9.548338085034870915e-01,5.703351032606289728e-01,6.850052750879097596e-01,4.539700548707477634e-01,8.348138125201028936e-01,8.036679890289996075e-01,7.163318456030387527e-01,7.041250397721530163e-01,9.293654925838221725e-01,3.561072091704842180e-01,6.905304323163372615e-01,7.542462461910679483e-01,5.127472095186174084e-01,4.085148364584981762e-01,4.745041813985878543e-01,3.147395028619063284e-01,4.064795438503605585e-01,-1.605179357479978308e-01,9.808047585554273695e-01,8.619137004384683776e-01,9.603448326012443692e-01,5.420033923958810229e-01,5.039374227317632293e-01,7.924836030007804677e-01,8.503271128448128824e-01,3.784459041274103042e-01,7.533652960142986910e-01,7.045619101027452702e-01,4.058742571880165073e-01,4.823907593014865602e-01,6.445330090972660741e-01,6.373881669498879798e-01,6.090505032658728446e-01,9.138951379450462875e-01,9.278656144017728424e-01,9.864608983370116713e-01,9.427657722106876914e-01,8.546163907831543227e-01,9.672408947701821580e-01,6.034012122821070800e-01,7.560555568415723293e-01,3.411783464327058368e-01,6.226833922863361792e-01,7.217400311125424794e-01,8.653775453463611322e-01,8.387264720039367960e-01,6.924499139268228687e-01,4.972177287294175518e-01,7.952258220806379674e-01,2.769680283254626896e-01,7.840055952669896522e-01,7.725567815925928894e-01,-1.669568130057628996e-01,3.387376624632701949e-01,9.801995973024176800e-01,8.378245780754304262e-01,4.249492358729321517e-01,4.964275666590505232e-01,9.424765604601207380e-01,8.282206791851062233e-01,2.736267021642856956e-01,2.796431249480825221e-01,1.034394943170574149e-01,8.294726752227308264e-01,7.442637953189316924e-02,9.385234130336224112e-01
