0.000000000000000000e+00,4.949439628735544106e-01,9.583363614782089979e-01,9.518089478337132814e-01,7.233926217694887084e-01,8.637413557383419871e-01,9.940087545413713865e-01,8.732853460039157190e-01,6.768821942345043530e-01,4.833518634608673370e-01,9.184213011846402708e-01,9.441124380277154948e-01,2.121920363410647326e-01,8.407072749761828057e-01,9.135886319647669174e-01,7.641672157455294823e-01,8.334924811825706881e-01,9.572934222528168835e-01,9.242573649307134209e-01,4.339230973547036352e-01,8.139440395389996308e-01,4.985579011409310146e-01,9.423967550673678639e-01,5.962962029675389353e-01,8.900140422258011608e-01,5.654533286796676883e-01,7.995681046618343668e-01,7.296201961461441510e-01,6.338927426865719195e-01,7.796887207267420017e-01,3.716417307767980183e-01,6.015621396140792276e-01,6.216520151605133826e-01,8.647643777198956716e-01,8.930154621352570654e-01,4.974224849914987145e-01,3.380750524071028940e-01,7.275641927114283591e-01,8.231781482551472351e-01,3.095101243882378284e-01,4.046513430673120970e-01,8.033495608680459865e-01,6.387498450503128478e-01,8.683944369780025596e-01,9.630510096373634532e-01,9.975079678945932837e-01,4.031571055589247554e-01,9.830678326811826961e-01,5.744079716274448355e-01,8.049705861819864694e-01,8.481429120064458704e-01,8.830281727642098621e-01,7.724183210681758727e-01,7.825265283970231911e-01,8.616552441031465337e-01,8.957492039769003878e-01,5.002443175086873639e-01,8.522177630636291745e-01,4.663945286189321582e-01,8.576453346314208970e-01,4.282434113202983617e-01,9.685430068227531830e-01,8.756725598970145352e-01,8.358909347908322074e-01,7.270825041311246295e-01,7.692820284630704775e-01,7.683378845308336258e-01,7.700200858847918717e-01,6.842768497817722784e-01,6.969149124714363319e-01,5.765371400249797995e-01,9.021612682143150819e-01,6.102347903096758674e-01,3.277780098317537721e-02,6.537201904711144040e-01,8.671297568480913487e-01,5.484943880754351575e-01,8.516726949632476007e-01,2.610434915084993701e-01,3.413952372258359791e-01,7.499933018549167496e-01,9.015562694303752567e-01,8.424574385754479700e-01,6.832396523051647019e-01,6.074745147707062420e-01
4.949439628735544106e-01,0.000000000000000000e+00,7.168062171243375635e-01,5.249419764580733894e-01,1.924137063712088105e-02,7.393495045679167044e-01,5.411958093928379565e-01,7.525815478068624831e-01,7.601156810195753843e-01,6.740192616202972387e-01,8.016150068250680327e-01,5.087336698663188495e-01,9.508164118738180459e-01,8.739507939462367592e-01,5.828861403772805927e-01,9.569005663390905969e-01,4.627131770897276453e-01,6.592159180579632016e-01,7.216281906040803440e-01,8.256257959333817009e-01,9.869605110631971545e-01,6.198571716742740101e-02,5.657151219642809759e-01,9.071953946928205115e-01,4.849878688693100015e-01,8.254002182225480544e-01,7.988379487905843401e-01,4.580516589269006400e-01,4.185114874461742240e-01,5.051336919677140713e-01,2.461323460934713159e-01,1.733436916115005562e-03,6.429171608498769341e-01,9.223650795070181818e-01,4.942761603569257867e-01,5.376395553951027750e-01,3.496977214803297374e-01,2.486096198466031248e-01,6.525225973846735528e-01,6.925107235432530484e-01,8.131126209055693499e-01,7.823227542457723560e-01,4.169212058463349080e-01,9.222939749625109762e-01,8.734993719920884914e-01,5.057353773175384815e-01,9.941077188548194110e-01,7.942806858566173744e-01,8.602831019028934767e-01,4.784095574360385239e-01,9.913443215436378297e-01,8.472411510088344588e-01,8.311687919928413271e-01,8.629541496861827810e-01,8.462535688869337047e-01,2.375345666511173848e-01,6.717823814377605895e-01,5.481720512749024277e-01,3.041653240610266429e-01,7.764377942673209576e-01,5.108299493076535747e-01,4.255000171584110147e-01,5.072808678116599301e-01,6.641904497150271647e-01,9.127416120822201551e-01,5.465603155376643763e-01,5.542315339495744730e-01,6.767367307499998486e-01,5.749439256728607894e-01,8.395685672749795270e-01,9.968572588639939003e-01,7.331560428257672957e-01,6.779759607936773902e-01,5.996570594610132199e-01,7.244316569614557277e-01,6.422975440657003876e-01,8.601642194802798791e-01,4.635625114937288460e-01,7.742911453434021540e-01,5.077838803463052830e-01,5.743881092699127944e-01,8.673640658435377571e-01,8.913135840516275277e-01,5.369313285873994479e-01,4.078289576461193722e-01
9.583363614782089979e-01,7.168062171243375635e-01,0.000000000000000000e+00,9.230733260000980600e-01,9.139422652136899305e-01,6.854439809993202459e-01,9.434606652504738955e-01,6.055420013470075302e-01,8.272886717729592831e-01,7.667841399254775592e-01,9.840134237190272248e-01,9.270750945877611615e-01,2.490314670290636745e-01,8.767834467898389939e-01,8.217626318864299506e-01,5.424745932460866005e-01,7.421784604263441665e-01,9.396968556440893350e-01,7.384211590743005038e-01,5.530523479676685561e-01,7.164976534571984024e-01,9.054947018242148760e-01,7.349521737612900729e-01,8.024048256511852051e-01,8.764969694187659810e-01,9.412368255840506404e-01,8.349880245139117418e-01,7.849849257809594638e-01,7.362690467553709706e-01,3.661540337148617708e-01,4.336945161768040458e-01,9.248971026320015332e-01,9.423447477381096116e-01,6.801499841501005283e-01,7.649328486232938040e-01,8.073667071912026261e-01,1.184578222417104060e-01,6.811886320836522124e-01,9.158966980840516081e-01,8.711202336544650038e-01,5.034233464956220372e-01,9.474264306065076635e-01,8.634673974027400334e-01,7.889481027122731138e-01,7.425330317175781181e-01,9.184929907888568223e-01,9.627353480364670979e-01,9.777737109743476207e-01,9.859933143544379330e-01,7.253065743607901572e-01,3.950124987761706175e-01,6.390855498352323583e-01,7.556502973826637604e-01,3.124517474712907306e-01,9.153675819556541526e-01,6.069088621615330581e-01,8.137547035750201108e-01,9.793111598996002698e-01,7.737922425316526853e-01,3.916308509822260531e-01,3.652500433219611486e-01,4.399645845696977808e-01,6.934420551129666377e-01,2.872524961302273527e-01,3.952239031841415229e-01,3.718183469464987900e-01,8.472798854279105507e-01,7.473567189778952402e-01,8.366316965737090605e-01,6.890182830324868002e-01,9.300074255675114809e-01,6.635200753516631300e-01,3.318786685973916795e-01,9.438522459743510229e-01,7.225529789064201180e-01,9.312278187202378543e-01,8.878300627263532308e-01,9.049465358089764377e-01,3.925053163122349531e-01,6.957476415677206205e-01,9.435632655204040375e-01,8.872573314298877190e-01,8.133236615169606720e-01,8.037300972395586829e-01,8.573987209064796167e-01
9.518089478337132814e-01,5.249419764580733894e-01,9.230733260000980600e-01,0.000000000000000000e+00,7.485905835174464507e-01,6.850362256161733887e-01,6.931888534773544830e-01,7.524508108375969062e-01,8.698827079807015528e-01,9.097038103799445219e-01,9.777319041771327379e-01,4.728000556400596688e-01,8.575166971266123817e-01,9.726637473243364695e-01,7.572867887814380694e-01,9.353657219650025612e-01,9.866465359665772539e-01,9.592360184073245311e-01,5.215134786550277290e-01,7.713392369419117545e-01,9.695843908433222635e-01,8.495695313991424857e-01,5.434475973423382733e-01,6.735887820026427164e-01,9.979457257439825479e-01,9.043444277027733458e-01,7.709155753452251458e-01,2.230816222050703845e-01,7.765944456688231856e-01,4.482590090880627653e-01,6.128649869300867303e-01,9.829929144593286816e-01,7.844073096169408288e-01,5.604574134233828442e-01,7.869070010983885144e-01,3.242569625080810591e-01,2.847506341766942173e-01,5.714944577476984700e-01,1.397650626151074604e-01,7.767534130100173240e-01,4.547847311676101456e-01,7.693125352537322215e-01,9.190299150787849536e-01,6.979354928471281916e-01,9.882603037684862812e-01,7.048633027381947525e-01,7.796817351913982730e-01,5.498860522053098387e-01,7.254982904746685168e-01,6.576928142862691340e-01,8.014719434792891839e-01,9.879140008148092900e-01,4.718065702680566686e-01,9.060321956553751832e-01,8.897766634677342079e-01,7.344676468112778522e-01,8.313127586195985241e-01,8.639645255716775774e-01,6.697824318364743457e-01,3.495838901993146841e-01,4.225457890363667479e-01,8.375734042280564839e-01,7.227192864393954252e-01,5.098632358671668641e-01,8.374593925104280023e-01,7.712568874547286457e-01,6.140039435097938147e-01,9.551172218236794187e-01,7.168314160464369644e-01,7.132166451990550327e-01,7.558559360842795893e-01,9.426629314192714881e-01,7.266597924753059878e-01,2.320208806751895003e-01,7.458564208567566300e-01,9.581838938836887420e-01,2.490720803564467623e-01,5.901929401336850622e-01,3.019202520456183425e-01,1.794086291451411908e-01,5.517297821402958879e-01,4.931988359720457238e-01,6.159832390581682082e-01,6.967041658326884601e-01,6.254896439371122607e-01
7.233926217694887084e-01,1.924137063712088105e-02,9.139422652136899305e-01,7.485905835174464507e-01,0.000000000000000000e+00,7.757361379931171363e-01,6.848930497882735891e-01,6.101018579159490640e-01,4.030704825655843093e-01,6.648170152745715988e-01,8.368712510814731997e-01,7.066938721916891097e-01,5.817429043128380384e-01,7.013434567745604475e-01,8.750695908452866822e-01,7.428771367223789834e-01,9.319875220946216565e-01,3.746077064911911281e-01,8.342412102508591776e-01,2.414140720852791522e-01,6.588697700115028200e-01,7.228869122325922714e-01,7.575608812354823751e-01,9.106179996914676167e-01,8.011697980923190299e-01,6.087869971637485111e-01,6.105616485031610807e-01,7.738881094154699269e-01,5.933169276872558573e-01,4.137864257373381482e-01,2.812959574205748936e-01,9.638802134670831911e-01,6.561766563698625543e-01,7.508503588830676145e-01,6.178901059702169851e-01,3.330316711413872088e-01,4.416668046136970616e-01,6.083194559035829396e-01,4.108114289576266231e-01,1.483082279211134502e-01,7.281683903070561570e-01,7.718886960672831643e-01,6.372702439850529421e-01,8.362526655609553439e-01,8.936324702833551292e-01,8.297608228394681706e-01,8.050073427119021074e-01,8.812972612281722018e-01,5.072440085050509140e-01,6.250949262087954761e-01,5.189806114523606295e-01,9.286780096028324216e-01,4.161186860057336512e-01,4.527850522554174861e-01,7.653355058298854097e-01,9.663025040837580626e-01,4.245325559486493039e-01,7.856356350054303217e-01,7.528062709931740981e-01,2.127728031736689507e-01,2.643354097269168812e-01,3.794554283944810980e-01,6.963021375512615796e-01,8.830145958874560108e-01,6.997759206147009525e-01,8.134030990308999121e-01,9.356398316119242109e-01,9.799832711910074767e-01,5.366944428048576743e-01,7.449637942362017373e-01,2.071585700129700836e-01,6.344258766832857610e-01,6.511210597203836992e-01,2.124841671171234236e-01,4.810346505454229926e-01,1.557859010821623369e-01,5.634260134879912618e-01,6.101853451356636926e-01,4.452894010612937770e-01,4.243732523584199390e-01,6.324735131687466705e-01,9.692950695364517255e-01,4.622112339619526278e-01,6.339505718725549910e-01,4.640671273775015537e-01
8.637413557383419871e-01,7.393495045679167044e-01,6.854439809993202459e-01,6.850362256161733887e-01,7.757361379931171363e-01,0.000000000000000000e+00,7.699902698148548552e-01,9.912474660031957985e-01,1.336700827774904565e-01,7.182187011205016791e-01,6.624967939118616700e-01,7.570906060534732251e-02,5.283197631769563918e-01,7.498710373977840460e-01,6.552594387725377834e-01,5.834684693214324813e-01,7.852705539158991721e-01,6.592929363652699770e-01,8.806197371677061403e-01,7.858884621504125256e-01,4.961732130890305625e-01,8.034570260876637837e-01,5.044466802145299855e-01,8.124007740968665070e-01,8.152688306803168583e-01,8.609713494948542101e-01,6.718267364247805240e-01,6.120725438359859716e-01,2.661967428031516980e-01,6.837106880101880835e-01,5.246551063481033061e-01,2.160288424568602705e-01,8.938944807531485903e-01,9.404191913346230391e-01,5.049114175921471936e-01,8.034317451957078138e-01,3.192816808850422738e-01,3.281261532948419601e-01,9.350480438025046137e-01,7.121495430608476562e-01,2.091623587610184076e-01,9.773504053215391618e-01,9.596800061281367533e-01,9.123364207018808125e-01,8.613260242627953645e-01,4.467237857662734180e-01,9.368713226689591167e-01,6.975683390462523725e-01,8.906027504019907726e-01,7.379991329377768583e-01,9.051385994845085881e-01,5.865129464255063318e-01,6.822839217680813917e-01,7.505017637094300031e-01,6.182702365730775584e-01,6.884038682755644345e-01,8.343028102213350117e-01,9.331037781492531602e-01,6.613028091335945158e-01,2.132091527707430378e-01,5.534899653615288351e-01,2.000247687618146586e-02,9.868013362551392165e-01,9.838027510338455128e-01,7.078370614863335186e-01,5.830864408247369290e-01,5.223192541208989681e-01,4.544445228539171211e-01,7.968338976594917522e-01,6.147696148741690347e-01,7.210296989061841799e-01,4.192532691875794915e-01,1.943852307776510746e-01,7.916566245126865908e-01,7.076194898264814848e-01,4.493511489686785043e-01,9.829339859949738356e-01,4.680716899169981571e-01,4.580945138523782600e-01,4.095418334653324610e-01,6.537172540309011959e-01,9.717862198707110100e-01,6.118330710636843417e-01,3.778305579183939278e-01,5.728767201477767967e-01
9.940087545413713865e-01,5.411958093928379565e-01,9.434606652504738955e-01,6.931888534773544830e-01,6.848930497882735891e-01,7.699902698148548552e-01,0.000000000000000000e+00,7.969719408553989082e-01,4.239629429333848787e-01,6.592452182862995613e-01,7.312347439386110981e-01,6.506621850917643224e-01,7.892037720543513268e-01,6.201792078977705902e-01,5.647343417418437816e-01,8.439205116876856705e-01,1.963199306284396650e-01,7.900049189714867248e-01,6.928368230808229500e-01,8.690638547488482857e-01,9.863107839493145956e-01,1.193919060664956899e-01,6.029836475458708600e-01,6.985057066524985592e-01,5.450301435933788685e-01,7.704508105360464709e-01,7.018404875265353837e-01,6.880359011036266681e-01,6.742791374795350512e-01,7.457265274327515847e-01,4.696411318268463586e-01,5.380081817724310378e-01,4.308936014357336308e-01,7.584016985632262564e-01,7.950187090214415608e-01,4.208370173921479607e-01,5.612810988749745711e-01,5.425162947990858076e-02,7.056171712247482075e-01,9.129084676241363550e-01,7.397504508427363845e-01,5.701997555309213928e-01,7.215385551372972550e-01,7.201881035735459013e-01,7.721071566339994252e-01,6.767613904262603786e-01,2.155536555749835714e-01,5.583472565272979971e-01,5.265626165825654237e-02,4.941653349596366596e-01,2.007711427858288600e-01,5.072092459760677574e-01,7.533711732431435104e-01,5.331412749301948084e-01,9.992532290009065177e-01,8.666977063462296682e-01,7.104050241002818344e-01,5.562081054714296258e-01,8.258786382859847341e-01,7.218486230944263227e-01,3.623356336332229644e-01,7.816491805595979780e-01,6.795145738228677290e-01,5.657177698373261343e-01,9.304711795069879887e-01,4.909652760263329418e-01,5.187753843682494509e-02,8.067593248064316436e-01,7.822350421185677583e-01,2.347976158232314980e-01,4.389401301564144209e-02,1.338660449330397462e-01,5.686965370175500745e-01,3.396673249453944221e-01,7.132924744874745704e-01,7.699783989269447515e-01,7.626684836692867453e-01,8.251077880048381941e-01,3.425943545501062421e-02,4.016814948482280712e-01,5.542517763446602741e-01,9.186827298927101593e-01,6.737059242369951573e-01,4.857887419989927458e-01,4.896921592995270855e-01
8.732853460039157190e-01,7.525815478068624831e-01,6.055420013470075302e-01,7.524508108375969062e-01,6.101018579159490640e-01,9.912474660031957985e-01,7.969719408553989082e-01,0.000000000000000000e+00,8.464975310737277159e-01,7.617084180696783724e-01,6.658083424077732015e-01,7.705530304823851040e-01,6.937585507509691496e-01,1.491248302971004136e-01,8.113731610472061373e-01,4.586645039989875050e-01,7.851979830144688588e-01,8.805727180790093866e-01,6.310054490137873007e-01,8.002919929807996713e-01,8.690061718281338887e-01,8.201852960842372919e-01,3.492517492019374115e-01,9.511480618178952406e-01,7.193309157748184468e-01,8.104778410316070270e-01,3.727336492404377255e-01,7.189752718416236865e-01,1.298147512571832807e-01,6.049740247075198196e-01,1.310845820562937802e-01,1.307983391642403015e-01,7.460457011406975703e-01,6.496276142661694397e-01,5.463345639733693249e-01,3.992289552781023709e-01,3.779531231262070468e-01,4.943867546209563812e-01,5.839654388626766002e-01,8.196282680951785249e-01,7.086145944174880862e-01,9.177189337166796745e-01,9.124227567252680693e-01,9.094822411495108172e-01,7.344504381825114336e-01,9.475990471712376628e-01,4.228863665886346546e-01,3.795625543147304048e-01,6.081610314500901504e-01,8.252954647438535130e-01,6.497317916407230332e-01,8.845157730535578855e-01,7.434992855911186638e-01,7.687441987368096585e-01,8.978812431811786787e-01,7.588912292869786080e-01,7.693228011071718830e-01,5.750415538899706913e-01,6.003171647102425457e-01,4.722715901659306770e-01,4.088751519927682487e-01,8.421170764221299621e-01,3.189592477397554804e-01,9.884956362544974340e-01,7.836613617311986024e-01,5.834583713078546063e-01,4.299965810976879022e-01,9.714844723615622124e-01,4.828069023154221151e-01,4.769996180492453441e-01,8.696895753104774140e-01,1.487771842102918740e-01,2.460565063367848304e-01,5.014100537428997084e-01,6.229175567841973571e-01,2.812363356506805134e-01,5.615336606501788452e-01,5.922945087128008712e-01,5.924176591879712905e-01,6.592217641024274988e-01,6.301076138217249767e-01,8.220353157876515438e-01,8.337065888091186316e-01,8.675632589845289067e-01,4.311864809797760767e-01
6.768821942345043530e-01,7.601156810195753843e-01,8.272886717729592831e-01,8.698827079807015528e-01,4.030704825655843093e-01,1.336700827774904565e-01,4.239629429333848787e-01,8.464975310737277159e-01,0.000000000000000000e+00,6.515934321306511290e-01,6.188932569496459202e-01,5.637096426438101826e-01,8.849771105745496413e-01,3.010127505159219258e-02,7.693055183120880436e-01,5.936975152541152934e-01,9.078780316590314703e-01,4.097103917201986301e-01,6.685821391175799100e-01,6.035231262540567965e-01,5.916901610833633640e-01,7.217936421834260097e-01,5.918457378849066863e-01,1.039036152112907258e-01,6.221200217706842617e-01,6.974730006584990427e-01,7.286718700300742757e-01,6.573698890831227715e-01,6.362716339667652266e-01,5.009566226812571799e-01,1.217985943039653907e-01,8.562394853923694926e-01,1.991477109302825510e-01,5.548126510864082039e-01,6.173999012770390316e-01,2.046828002845843542e-01,5.653840089110153677e-01,6.483900401470505948e-01,6.824857441417098158e-01,5.797968708053110598e-01,2.907545754172423114e-01,5.345198541891418298e-01,8.025905310069637588e-01,9.661490391573936964e-01,6.927546893211418144e-01,7.486938242541035793e-01,7.118817105923758159e-01,3.888562746605641607e-01,2.589653526499815506e-01,2.614768632733938114e-01,6.423330936704479965e-01,8.925420852141474626e-01,9.035766788306872632e-01,7.292266083301066626e-01,6.671165840933854785e-01,6.618962196884972116e-01,6.341085761940798982e-01,7.482656010505474020e-01,8.109324724256019579e-01,2.977027713481916193e-01,4.606522614730489407e-01,3.430601922738408804e-01,7.432169672883252032e-01,9.110779522943351916e-01,9.674638780239932512e-01,7.406270814856978912e-01,3.661602466869452455e-01,6.455029190506794690e-01,7.194667070196537617e-01,9.888022216053777846e-01,7.050524014704994125e-01,6.281151055735675337e-01,3.997381805691286871e-01,6.081451226608398652e-01,6.285188457674855123e-01,7.259502239431092629e-01,7.933153014468441455e-01,5.852795356813274008e-01,2.310715082096222728e-01,1.746002417676298935e-01,7.607912808301761087e-01,8.837479253389348699e-01,6.704505007987441312e-01,7.618199755577897969e-01,2.261134498596832076e-01
4.833518634608673370e-01,6.740192616202972387e-01,7.667841399254775592e-01,9.097038103799445219e-01,6.648170152745715988e-01,7.182187011205016791e-01,6.592452182862995613e-01,7.617084180696783724e-01,6.515934321306511290e-01,0.000000000000000000e+00,6.741467921557582343e-01,8.526179148809640562e-01,9.162156743537469561e-01,9.209112258230999215e-01,7.648943753029128212e-01,6.286584459149435755e-01,7.788022449782814327e-01,8.199180341696993279e-01,8.721449700006109751e-01,8.863126947204985617e-01,5.259932019683386528e-01,6.250836825515593276e-01,7.133176580878305417e-01,8.237295010445343513e-01,1.824569483950365667e-01,6.549085127009690588e-01,8.477234513274558569e-01,3.548454179077602522e-01,4.204234515033370423e-01,4.500847183936398932e-01,1.848016228479151257e-01,2.539975493190705369e-01,4.399936044787716716e-01,8.747981394983166403e-01,3.556400832588338945e-01,4.530098711894849917e-01,3.188636477675088066e-01,9.401838825395881782e-01,3.146154778171101341e-01,9.105645957583813344e-01,8.485456263930585274e-01,5.436984983412658234e-01,9.196102769641718577e-01,8.433360974924253295e-01,5.842632366717123160e-01,6.592578779543709633e-01,7.153864994476077932e-01,8.127601302543030481e-01,4.705064535551566340e-01,6.353612112499174014e-01,5.953574088149277133e-01,8.056505054363750640e-01,6.658784303393188164e-01,6.234424797842582633e-01,5.104623659943663405e-01,8.746890020856344927e-01,5.642837542783410987e-01,8.977124575213312196e-01,9.402032340748485151e-01,7.932359046415952131e-01,4.312806345893536175e-01,9.899717137232968422e-01,6.513781493597482486e-01,9.883678269530651317e-01,6.239357625871052582e-01,6.708486162743213521e-01,4.047501735712812909e-01,6.462187456264439911e-01,5.859338749313932615e-01,6.495220590461685539e-01,9.938937897226565177e-01,9.985843221244866674e-01,4.502581084968648173e-01,7.395810901679376048e-01,2.623525296862255773e-01,8.908190716701211986e-01,9.591844197608360156e-01,7.442088202179040213e-01,4.747968262161986752e-01,4.576345309638888414e-01,7.881733083776727433e-01,3.676211621667893614e-01,5.293844078936743580e-01,6.741090358753876188e-01,4.494354770512005159e-01
9.184213011846402708e-01,8.016150068250680327e-01,9.840134237190272248e-01,9.777319041771327379e-01,8.368712510814731997e-01,6.624967939118616700e-01,7.312347439386110981e-01,6.658083424077732015e-01,6.188932569496459202e-01,6.741467921557582343e-01,0.000000000000000000e+00,6.581771180204134541e-01,9.026959400268542710e-01,4.772506462772875269e-01,7.180016090331741152e-01,9.287422832851180976e-01,7.769799224399139836e-01,4.584207960316545316e-01,4.911324799575831346e-01,3.874563959998374996e-01,8.260839436515062806e-01,5.053274168405831324e-01,5.110648718242382094e-01,6.188849540287861828e-01,6.558007895680273425e-01,6.196223943035086279e-01,5.551386185815606611e-01,4.033592874206567425e-01,7.006536982399985680e-01,6.075857473321368829e-01,5.398408524188844648e-01,9.549579294308808697e-01,7.609280445697097495e-01,7.719524777874033905e-01,7.148157925186821027e-01,4.758579333795118771e-01,2.245933969102094641e-01,5.276808636905656602e-01,7.569484138458898448e-01,2.486744129852849483e-01,1.027603921231923512e-01,4.541031107596274485e-01,5.014700965807736832e-01,9.729158063401459611e-01,9.793067660787307949e-01,6.496769055339568499e-01,7.294051080775827423e-01,9.918544181104984592e-01,2.446557147434696433e-01,9.830143698998643487e-01,2.740215453550369773e-01,6.078790577869886969e-01,6.922597693727512436e-01,4.562417334784161227e-01,9.610415841794364145e-01,5.606726869367701926e-01,5.804786417291283307e-01,2.147233287239374566e-01,6.664108966423805125e-01,4.980746825980836290e-01,5.976011947108378353e-01,5.881415577424129459e-01,6.319177121923259532e-01,5.274736698527435763e-01,8.372617098226482479e-01,9.408634402149439468e-01,5.818528550927581922e-01,8.723752452404553992e-01,4.155617486440396080e-01,5.784816744668357380e-01,4.145595852383245905e-01,4.586141553101534263e-01,6.268574790691591181e-01,6.467713553941617510e-01,4.353203474809643758e-01,6.695192891113438405e-01,9.966779387532587187e-01,2.932246166413360888e-01,6.270702503528272631e-01,3.856266720445690188e-01,5.215922494147139377e-01,8.689582556489942045e-01,6.198775141239836195e-01,7.561918437248900116e-01,6.823192453041422301e-01
9.441124380277154948e-01,5.087336698663188495e-01,9.270750945877611615e-01,4.728000556400596688e-01,7.066938721916891097e-01,7.570906060534732251e-02,6.506621850917643224e-01,7.705530304823851040e-01,5.637096426438101826e-01,8.526179148809640562e-01,6.581771180204134541e-01,0.000000000000000000e+00,8.202656464609817677e-01,6.057275883414499074e-01,6.022266912020237672e-01,5.551463493131977289e-01,6.117073177716666477e-01,9.396787213894854940e-01,7.117618936139902264e-01,8.392958037026281293e-01,9.981966379052726879e-01,7.755904529285263527e-01,7.563547490744342294e-01,8.127801316817531152e-01,6.209992594290314472e-01,5.021378529852025263e-01,9.775616898922585563e-01,7.570977736741694164e-01,2.578044177096809886e-01,1.010066238191346111e-01,3.708292679361964161e-01,5.652391189855121567e-01,6.929055954130073358e-01,8.632954777267763669e-02,9.974260622651647257e-01,3.206326839068117662e-01,4.965633158287653948e-01,8.748536724478069848e-01,7.147057528527679393e-01,7.126965896639710918e-01,6.629250798666879163e-01,7.719957350567913101e-01,8.816519153967814493e-01,2.869936858477925012e-01,7.578253376160249966e-01,6.363205092505903604e-01,7.980349262157552248e-01,4.098474901928190750e-01,9.056089468745758264e-01,6.517766003235531125e-01,9.195677957497977451e-01,6.098991396056725467e-01,8.212393794937093983e-01,4.469258668040513860e-01,5.532148528385245623e-01,7.996260258561963541e-01,7.580311624216311550e-01,6.768541671465760912e-01,6.356310878075174253e-01,4.981195224394768806e-01,3.404694536440185382e-01,7.486291482159485033e-01,8.085559936769984857e-01,8.014534591686506282e-01,9.471959523580113505e-01,6.500080339447438238e-01,8.644850329587250304e-01,6.774458417313631298e-01,1.376042729221411964e-01,8.630812314075331226e-01,6.764852636731304436e-01,9.256160170006133558e-01,7.101776368012301388e-01,5.659587079987838942e-01,8.418613933610126221e-01,-3.823920840359920637e-01,4.976021971817609080e-01,5.044212251993696050e-01,2.272958553703459117e-01,1.072485799405087370e-02,4.992012957771252979e-01,7.080450023755943123e-01,7.432552911637737569e-01,8.853384087830359350e-01,7.395292131409525460e-01
2.121920363410647326e-01,9.508164118738180459e-01,2.490314670290636745e-01,8.575166971266123817e-01,5.817429043128380384e-01,5.283197631769563918e-01,7.892037720543513268e-01,6.937585507509691496e-01,8.849771105745496413e-01,9.162156743537469561e-01,9.026959400268542710e-01,8.202656464609817677e-01,0.000000000000000000e+00,5.855499315349252942e-01,9.824568690190190745e-01,9.465944989127966780e-01,7.719680865360054600e-01,3.466952090473055526e-01,9.596573079648039739e-01,6.980100167478360262e-01,9.140987238872471110e-01,2.811994588094569592e-01,8.481078551302241308e-01,2.516752402017621848e-01,1.535611825786418194e-01,8.677158993560816214e-01,7.858071336457833622e-01,6.070683421408364921e-01,3.447108417104194911e-01,7.412513263728282009e-01,-1.279733280453030364e-01,3.619811039024750099e-01,9.257118296326805051e-01,8.814949485046281730e-01,5.966291131202579034e-01,6.987163939904801335e-01,2.199362524342222125e-01,7.417906811726289185e-01,8.547094111998468913e-01,7.730229646007166222e-01,4.829861351826209570e-01,9.973950277450176483e-01,7.186132017095984148e-01,8.318818312894904476e-01,6.388162048943047955e-01,8.320642158270858957e-01,8.408322771669323181e-01,8.177050126568573551e-01,7.828064921862201153e-01,4.507809705588407545e-01,9.445460385473942733e-01,8.521827774289160162e-01,7.053922039079367767e-01,5.315834492867416161e-01,7.899718263695320042e-01,8.457704454527227300e-01,4.607996363799160555e-01,4.226893076403760996e-01,7.462749982887909583e-01,5.951202126388205338e-01,4.089082043005815015e-01,6.934698039763705912e-01,6.000493415721929180e-01,8.990367967523652526e-01,3.466792731764298252e-01,9.750552710369796428e-01,6.452729897470788067e-01,9.233494403020582331e-01,2.793288135894420599e-01,9.847924355942081487e-01,7.447076101515890389e-01,7.827690170049802498e-01,7.078814782494583513e-01,4.648763767061286217e-02,7.359528481335313455e-01,8.944860739065576549e-01,9.539242274101996655e-01,6.540868259526775308e-01,2.593311078199673769e-01,6.894369968577908070e-01,4.844479984790577287e-01,3.136387493624865908e-01,3.137306865245667042e-01,7.585110517281349329e-01,8.547917503198627642e-01
8.407072749761828057e-01,8.739507939462367592e-01,8.767834467898389939e-01,9.726637473243364695e-01,7.013434567745604475e-01,7.498710373977840460e-01,6.201792078977705902e-01,1.491248302971004136e-01,3.010127505159219258e-02,9.209112258230999215e-01,4.772506462772875269e-01,6.057275883414499074e-01,5.855499315349252942e-01,0.000000000000000000e+00,5.885369244294660351e-01,8.920631429540719637e-01,9.885974833111296212e-01,6.528946451239171500e-01,2.392185118509159159e-01,9.256792251920187287e-01,7.639526989884871666e-01,6.090917488402631808e-01,4.999723144596798230e-01,8.887476266616979315e-01,3.631689731729359494e-01,8.880564925300226120e-01,9.479291087944476946e-01,7.164362412157083693e-01,2.421221910996673721e-01,6.743987944847316118e-01,7.113470844388635195e-01,6.261004158034014777e-01,3.627110609814967468e-01,8.805157886806350698e-01,6.233776717434297288e-01,4.304064350173618658e-01,5.517924410431196414e-01,7.404824907565358272e-01,8.078190150032380501e-01,7.442452114694237952e-01,7.926838767348538539e-01,2.256465489519345335e-01,7.688424577931382009e-01,9.947670485299519028e-01,9.483532819022464366e-01,7.334588749475772218e-01,5.682738657516870351e-01,8.823183754565712134e-01,4.236813841917401735e-01,4.080615744647723142e-01,5.912581280135629225e-01,6.185767143834893789e-01,4.349665957237044411e-01,7.220787388662031070e-01,9.740364662822815767e-01,9.414380562186358548e-01,9.976017781957801089e-01,4.262049673360990831e-01,9.962653707935826830e-01,7.229820231107735307e-01,9.287867339915167886e-01,8.093109691503563852e-01,6.202125927422437179e-01,6.726892426725370466e-01,6.757260544191669993e-01,8.484703701273732523e-01,4.883881376793972051e-01,8.419383955947459253e-01,8.186659721532779654e-01,9.402205391944191692e-01,6.877549589807037123e-01,6.896055207282083543e-01,9.322245957737725908e-01,3.586499253752704064e-01,4.735321164108711178e-01,9.069734299621130535e-01,8.087181825117966127e-01,4.517877689694299037e-01,1.262081022701637412e-01,6.624407541094672336e-01,5.900073207902815087e-01,8.854488554564909908e-01,4.188044716239125442e-01,5.201301909162225900e-01,7.142029025981369017e-01
9.135886319647669174e-01,5.828861403772805927e-01,8.217626318864299506e-01,7.572867887814380694e-01,8.750695908452866822e-01,6.552594387725377834e-01,5.647343417418437816e-01,8.113731610472061373e-01,7.693055183120880436e-01,7.648943753029128212e-01,7.180016090331741152e-01,6.022266912020237672e-01,9.824568690190190745e-01,5.885369244294660351e-01,0.000000000000000000e+00,6.823462281071686064e-01,6.956824677665843781e-01,6.837476161030822119e-01,7.724015830575496899e-01,5.099350658315873197e-01,8.148372409636949198e-01,4.692995736279885199e-01,6.322841781482064771e-01,6.546788079347870548e-01,5.551064474122829884e-01,5.861639874194708444e-01,8.164690893059762811e-01,-1.340702031216408630e-01,5.671177228698229822e-01,2.302662149880501108e-01,3.090057675734906306e-01,7.115721563491197443e-01,9.031445520627005008e-01,3.877769926047347493e-01,6.108070861900682935e-01,9.248666565596481703e-01,3.097550429104011238e-01,6.777115337417526364e-01,8.171715316059122713e-01,6.166017136549974964e-01,4.250623439154027627e-01,7.167918478992761910e-01,8.741907686405194777e-01,7.440601637026250659e-01,6.023544095539311582e-01,7.214572773842111708e-01,4.818488614226331679e-01,7.629357969732623035e-01,4.164955327672025254e-01,4.528842553359761491e-01,8.619802602680238790e-01,6.835833501053591998e-01,7.967487041974057327e-01,5.311302856110876602e-01,7.311407346070258884e-01,4.661829387710634265e-01,4.896987369873055385e-01,9.655196126110900945e-01,9.753819643534492601e-01,6.382700704887988019e-01,1.185378481518490068e-01,5.833949114932562852e-01,6.513937183007180165e-01,8.405893135327764387e-01,8.231572005577205697e-01,4.820252273771951645e-01,8.724144156768233183e-01,7.638292708291999356e-01,7.135051687476783311e-01,4.978045515417162670e-01,9.435197338280592039e-01,7.116014675690054414e-01,2.951737023684617989e-01,4.899920049831079094e-01,6.204743814651647593e-01,4.006239440057255963e-01,6.985319710114680225e-01,7.460242005625897788e-01,3.210204705806479764e-01,1.734402475663938681e-01,7.272719298845173874e-01,7.712154980796656067e-01,9.990931628621378957e-01,2.442822752093239402e-01,7.694036971609038433e-01
7.641672157455294823e-01,9.569005663390905969e-01,5.424745932460866005e-01,9.353657219650025612e-01,7.428771367223789834e-01,5.834684693214324813e-01,8.439205116876856705e-01,4.586645039989875050e-01,5.936975152541152934e-01,6.286584459149435755e-01,9.287422832851180976e-01,5.551463493131977289e-01,9.465944989127966780e-01,8.920631429540719637e-01,6.823462281071686064e-01,0.000000000000000000e+00,3.285086830075658604e-01,8.362802533251426640e-01,7.868128037211770121e-01,8.646980428888946246e-01,8.213171885059160626e-01,6.974210549475178267e-01,9.854572306979276775e-01,8.054626602005968694e-01,6.235152754162880395e-01,9.294306986593430242e-01,9.038327292393645296e-01,9.652455298713630283e-01,5.195838679188278242e-01,2.987751076361289670e-01,4.442427528719650742e-01,6.196615832289157355e-01,9.186853799169368839e-01,8.058187749065222061e-01,3.229880135813638642e-01,5.162068609575433120e-01,2.387082645158266347e-01,2.512328732688127175e-01,6.480631297292679394e-01,9.874412049135474767e-01,2.767427699779273498e-01,7.458056450437899887e-01,7.401211493096810923e-01,7.973618146132923634e-01,8.789125985724131063e-01,9.954538991483203869e-01,8.167807971851747117e-01,7.064626283879035240e-01,5.727267375199628363e-01,8.470991668836000965e-01,3.943002010592303042e-02,7.445913116068834103e-01,2.645206632195431506e-01,6.236146516564033959e-01,6.989018922246625909e-01,6.552531024249710345e-01,9.723500743051237682e-01,7.558231530196174441e-01,9.014676346975307730e-01,7.594908640871477212e-01,3.634149402432816922e-01,3.554639092647351450e-01,8.738172467293598977e-01,6.326746261439462060e-01,9.041666566073001121e-01,6.192507104694401354e-01,2.514485019170895619e-01,9.806983907807209633e-01,2.329921600964383888e-01,8.620905481795688718e-01,8.567379256278440103e-01,1.312988114893745561e-01,6.736470412929623786e-01,8.902962192167221955e-01,4.424892127530563601e-01,8.420650619087730604e-01,7.855360637918860078e-01,3.156190223543871298e-02,7.268290724724674190e-01,3.516689479339575319e-01,2.217329741603286941e-01,6.237816369721456145e-01,4.698891494127828139e-01,3.135922450352681690e-01,4.271422810071493492e-01
8.334924811825706881e-01,4.627131770897276453e-01,7.421784604263441665e-01,9.866465359665772539e-01,9.319875220946216565e-01,7.852705539158991721e-01,1.963199306284396650e-01,7.851979830144688588e-01,9.078780316590314703e-01,7.788022449782814327e-01,7.769799224399139836e-01,6.117073177716666477e-01,7.719680865360054600e-01,9.885974833111296212e-01,6.956824677665843781e-01,3.285086830075658604e-01,0.000000000000000000e+00,8.677018056554770542e-01,5.223438654520757840e-01,9.271356291784477177e-01,7.511378666480434951e-01,8.283985193721858931e-01,9.953697837865853604e-01,9.385049401326380769e-01,5.488283000078432172e-01,9.937018629349263499e-01,9.125242227533432171e-01,9.960581115319836476e-01,6.924428042556290963e-01,5.712711428527987856e-01,3.308847315640486841e-01,9.931379120626806500e-01,9.892713218624807903e-01,5.352945368352273192e-01,7.433880742921947782e-01,9.669933450508766404e-02,5.849453533643076408e-01,4.512197615784110938e-01,7.376011247396823123e-01,4.742156964350427439e-01,6.249152571850338789e-02,8.821546003001898839e-01,9.010099498075636593e-01,8.122036529271428051e-01,6.056028821143315533e-01,7.063366028257308527e-01,8.744559683420947138e-01,6.782831024048864288e-01,9.440864957579593320e-01,8.610486748569300408e-01,6.142661490735153995e-01,8.714053130269926450e-01,5.598691153078900751e-01,7.303717814080903370e-01,6.470250057268709387e-01,6.324627661629534936e-01,8.861627907974131135e-01,8.408982571404137740e-01,7.846103388101515197e-01,7.036827176610190859e-01,4.883235930783995093e-01,6.342221065031099503e-01,9.220002341390102218e-01,8.140238445610497031e-01,8.965365762938519723e-01,9.298031583283044021e-01,7.189520631623264046e-01,6.954293284706291045e-01,5.260479714469512569e-01,8.371055521855305104e-01,8.067516552283579001e-01,4.205930612632033383e-01,6.777528035664671657e-01,4.115920392216182444e-01,8.065659095511537036e-01,9.633579058941632578e-01,7.059225247374105727e-01,8.975353061563613455e-01,7.208820473092931724e-01,-1.123121057383685562e-01,5.546472410951008847e-01,6.312692143528043642e-01,8.577812559700179751e-01,5.618730714614733612e-01,4.912505426150212129e-01
9.572934222528168835e-01,6.592159180579632016e-01,9.396968556440893350e-01,9.592360184073245311e-01,3.746077064911911281e-01,6.592929363652699770e-01,7.900049189714867248e-01,8.805727180790093866e-01,4.097103917201986301e-01,8.199180341696993279e-01,4.584207960316545316e-01,9.396787213894854940e-01,3.466952090473055526e-01,6.528946451239171500e-01,6.837476161030822119e-01,8.362802533251426640e-01,8.677018056554770542e-01,0.000000000000000000e+00,4.417489959813346578e-01,8.135534579316218151e-01,9.912323757525645096e-01,8.646252731548689230e-01,6.315497725243781613e-01,7.762005453665465904e-01,3.546047651171307380e-01,8.787466694136660816e-01,9.450562044960819641e-01,7.245848751696373213e-01,4.200804740419272210e-01,4.691856834177764446e-01,2.351464353533662677e-01,7.955284264236144320e-01,9.811770972093999399e-01,7.206189804932727760e-01,5.591488171644950489e-01,3.616236555907100803e-01,4.621134471953278755e-01,6.454543599638400408e-01,4.021020152642189593e-01,5.346044893011423493e-01,6.468561496240170516e-01,3.312966713805513552e-01,8.834190094361717982e-01,6.223196714130999618e-01,8.087095687638420349e-01,1.674981480183168614e-01,9.326919909168503997e-01,4.087013107903736953e-01,3.931219171784279265e-01,8.912218904529735086e-01,3.898142685053010981e-01,6.602435023624625421e-01,6.104317751888244103e-01,9.988810482105420219e-01,8.229030833547599233e-01,7.409368850599935552e-01,2.834250791197809871e-01,6.236520441506050449e-01,8.513517246705832875e-01,8.945519163080395408e-01,5.241750772164429639e-01,2.197774213885071715e-01,7.348616930690180515e-01,9.037907708960768449e-01,8.572931586761746159e-01,9.860229393019579458e-01,9.975172909209564232e-01,9.634634242986576114e-01,4.328170658880400867e-01,8.353636915180436828e-01,8.399965162409669395e-01,6.535329330572923201e-01,8.401205295362457193e-01,4.154315270148560835e-01,3.019193102023510211e-01,7.889094724376624068e-01,7.459622976380390069e-01,4.868041934899974832e-01,3.082435634809184699e-01,2.776635978445345376e-01,8.601822904056614094e-01,9.738931274945978878e-01,2.923471529039080585e-01,8.519378630321348123e-01,7.733982974338740046e-01
