0.000000000000000000e+00,9.561831959403975512e-02,9.019075471566907476e-01,4.832963408626836932e-01,5.144923952234934372e-01,6.519445001686066110e-01,9.905485441712671424e-01,6.925920337539902549e-01,7.166196699156687222e-01,8.090586157621668661e-01,9.111218277142121291e-01,9.897725203312337516e-01,9.291571350510078320e-01,8.617755297112483781e-01,5.890446459080955766e-01,8.615013162952327441e-01,5.441368771258213721e-01,8.443148948703280698e-01,3.955117484938279748e-01,7.947387105827679044e-01,8.896228043104842387e-01,4.666015238117782182e-01,6.143269781514444361e-01,8.200216104507588311e-01,2.765175407920579254e-01,8.529627141116976619e-01,9.260655097420746884e-01,6.220093109676094745e-01,5.590373094896187167e-01,7.593897576244952319e-01,3.102910613509398119e-01,8.912027882447127736e-01,9.379437976857629700e-01,7.943134888119817161e-01,8.148248265534336898e-01,3.830750619464506901e-01,4.311808316106636729e-01,4.244511637727584885e-01,8.318384524972886052e-01,8.986203892022387452e-01,4.098565713186730353e-01,9.223082462434496476e-01,6.470036408432155994e-01,7.547703883469364383e-01,6.346405062362334704e-01,8.383181007607199975e-01,3.952969664527204996e-01,4.246177481347065408e-01,6.826700486670149726e-01,8.820934593568969806e-01,8.807500578316237450e-01,8.113287682912211363e-01,7.150218493876199233e-01,8.350004497753020782e-01,9.757534018013391819e-01,7.804289434121125524e-01,6.404495761203851112e-01,5.216341712573121514e-01,3.133885463236277258e-01,6.670951817350956325e-01,6.747830892587010077e-01,6.327999639189170189e-01,9.689413037918813698e-01,7.675164967562899676e-01,9.078341934639787558e-01,8.012170207709279346e-03,7.126558521213923747e-01,6.197123017690204794e-01,7.783722318280417163e-01,9.722956585928639317e-01,7.341085786398986457e-01,7.603891919975606095e-01,2.707225242203835647e-01,7.316154696439745031e-01,4.816689914676867135e-01,8.879496882741764185e-01,9.463284095519731709e-01,6.079283771341672526e-01,7.676908444215591043e-02,8.105976347082960443e-02,9.261711004609923803e-01,9.383814997983243034e-01,9.915536633426884627e-01,4.498529164115188661e-01,7.420666143814375060e-01
9.561831959403975512e-02,0.000000000000000000e+00,3.767471808728113380e-01,4.782938903925004204e-01,5.853794761023871640e-01,8.814525349749849914e-01,2.435713405642595808e-01,9.347965396372458491e-01,3.286273203956187050e-01,7.067997354514120589e-01,8.793418462582311967e-01,3.617274287252435494e-01,6.759788754299871361e-01,8.833243474401368811e-01,3.476257160888950315e-01,6.143806743417513649e-01,8.174148232351271526e-01,4.496541222164438523e-01,6.973885844896757780e-01,8.087050917216458412e-01,6.895019900067712593e-01,4.272843313849551405e-01,9.250316148921938764e-01,9.375282640585329563e-01,8.044303437481247210e-01,3.327908164771097854e-01,9.835894094866769466e-01,6.684481756945598319e-01,4.570438712127736780e-01,4.326797016145851882e-01,4.814542464099087482e-01,7.002504500203652338e-01,9.208772198706254297e-01,6.579735318903581209e-01,8.143736703429385049e-01,4.945354862994000844e-01,1.188331942259563956e-01,6.962143776265224959e-01,8.329063319047211866e-01,7.456357751395201738e-01,-3.681516233238541491e-01,4.206410469658012907e-01,7.658063860814554591e-01,9.788963012351934445e-01,5.295477496272534834e-01,6.963691605302104737e-01,5.790890495613606470e-01,9.228458761004020294e-01,8.739488019702765786e-01,6.641265076704943038e-01,7.242532926603695298e-01,5.375210610517782150e-01,8.205482445961965743e-01,6.159203288038510582e-01,7.414798780569415992e-01,2.285241346263683082e-01,6.894657646929194250e-01,7.945636782960406874e-01,3.469879987346987660e-01,6.247100902812895429e-01,6.429252847528478254e-01,7.473233413712211393e-01,6.135848615274793749e-01,7.518193165795828969e-01,5.765653173217455407e-01,4.702016675442840521e-01,8.198480920635493607e-01,5.331966830863601459e-01,5.518814248806815925e-01,4.288150708348177909e-01,7.218723964294293527e-01,4.229640505254195770e-01,6.574173825547942052e-01,5.366007484021094731e-01,9.253971297060111789e-01,4.987764698298635113e-01,9.188819764013663738e-01,7.080510034273215236e-01,5.682394215892876410e-01,3.914448047702128175e-01,6.060938214465254603e-01,5.199849209995319743e-01,6.216770395068222932e-01,2.372014593557833506e-01,4.740965032582008520e-01
9.019075471566907476e-01,3.767471808728113380e-01,0.000000000000000000e+00,3.191034098474760938e-01,9.928040689256414364e-01,9.536837303085008433e-01,8.230068079040511186e-01,9.900339137493012753e-01,9.354783227630507625e-01,6.635793634733705426e-01,8.160544673969423179e-01,8.848274224879211225e-01,9.832343531295646422e-01,7.246089474159922439e-01,8.455819074903339061e-01,9.451618619630983709e-01,6.336637782813328013e-01,7.451303550875003623e-01,9.387125225010665153e-01,4.047944163328659473e-01,7.746563147021241491e-01,8.413166156017177766e-01,8.644539112945841541e-01,8.591377875110022266e-01,6.404318709609007065e-01,6.971081701519824536e-01,8.880253972358460590e-01,8.226271711104841122e-01,6.097793267340188006e-01,5.118767442712564009e-01,3.659456575189476979e-01,9.381210974325886465e-01,7.638352535440036117e-01,9.273403392697973091e-01,9.645921945056369351e-01,3.347034272952117417e-01,3.891365103777616463e-01,8.699459432327993902e-01,5.137318081754349564e-01,8.437152984788903742e-01,4.333884304083732847e-02,9.095955226887920686e-01,7.378049947978319034e-01,8.356770770707612206e-01,8.697686744596113684e-01,7.643910403459218683e-01,2.287642225175621769e-01,7.469676650266195983e-01,8.324615878878026676e-01,8.711871855383280794e-01,9.286402071978141493e-01,9.899003065812578273e-01,9.452137816837042905e-01,8.468429381354019014e-01,6.839664810388907945e-01,5.942475595796314902e-01,6.966113677492437040e-01,7.187747911495863118e-01,6.353063291653811007e-01,4.878290711175548577e-01,7.471472795571793002e-01,7.557323607695735079e-01,9.547626310624284240e-01,4.109704730771211456e-01,7.542656775198977037e-01,2.829432142931396221e-01,3.904041990239457416e-01,9.382843850546560560e-01,8.306834689140522032e-01,5.299478717099925795e-01,8.439415142047138607e-01,9.456655940065105126e-01,5.952925724626794146e-01,7.447716119265572476e-02,8.134653420207739183e-01,6.270449351789866288e-01,8.479521833391815422e-01,3.955305751352479748e-01,3.224171291394844485e-01,4.199948980600018977e-01,9.306182158529392456e-01,7.273334612991533277e-01,6.444759569867417603e-01,9.142045917136366606e-01,8.690665270266183517e-01
4.832963408626836932e-01,4.782938903925004204e-01,3.191034098474760938e-01,0.000000000000000000e+00,9.469797122174214987e-01,6.123393958699467898e-01,5.663173873445357387e-01,7.358001298548987323e-01,6.367394086960794786e-01,9.496918011799121428e-01,4.522949265275858499e-01,6.450104950573518625e-01,7.124127311012445896e-01,7.079686248266868764e-01,8.195222132210883137e-01,7.487880484036397721e-01,6.236234499058265213e-01,3.798723600477251772e-01,7.196429442826388634e-01,4.442860445653061818e-01,3.949079245298541263e-01,7.722444298181260214e-01,8.415710155903205480e-01,9.981706451666583213e-01,3.068138260874025414e-01,8.230985417471708976e-01,5.208203184820180409e-01,8.266728453161025225e-01,7.031373251915555844e-01,6.523701333078768538e-01,3.992836881141731409e-01,1.343242553388362959e-01,9.541560222480495179e-01,9.823970661825446316e-01,2.845660395306791601e-01,6.111661662257686922e-01,6.127455812364999282e-02,6.544310974377693935e-01,9.828744461615321892e-01,6.593368106837635967e-01,2.586760382934762958e-01,2.375928692289309974e-01,8.400887746053998795e-01,8.241548596048910991e-01,6.037422827280523180e-02,3.171099081716056145e-01,9.224166544032393888e-01,7.793402938123494827e-01,7.296070599996068440e-01,4.266870082311171597e-01,7.096546099370533156e-01,9.660765725058323428e-01,6.818493158006656563e-01,6.608418415942608481e-01,7.052681826236418816e-01,8.639580798755300828e-01,9.006681406763034081e-01,7.834570319407697658e-01,8.149411122026792853e-01,4.215375475192542076e-01,4.288751557792194746e-01,4.356546750038906568e-01,5.431034168230600701e-01,5.405513913107563573e-01,8.591192150894393365e-01,7.062142009752663263e-01,8.179723614569434087e-01,9.054687320533402195e-01,6.204225596320124270e-01,7.276953392711532631e-01,6.927919261710091536e-01,8.268500680323702667e-01,7.976583489727737675e-01,4.082476352047333390e-01,9.936460022309738793e-01,3.073844098311763751e-01,8.832201134507358109e-01,3.276534922573773878e-01,7.889275755666640411e-01,1.665326716838493315e-01,5.818432034988685331e-01,5.018383030240805009e-01,6.004008991356664104e-01,3.420696736606489985e-01,9.334025444378875047e-01
5.144923952234934372e-01,5.853794761023871640e-01,9.928040689256414364e-01,9.469797122174214987e-01,0.000000000000000000e+00,7.622909672732192110e-01,4.487024557184738360e-01,6.773846906638278931e-01,1.530447400811082437e-01,7.343025617832642515e-01,8.285557425174148172e-01,7.531087499784320238e-01,9.558622791152838749e-01,9.314856773753898977e-02,6.874278664413077111e-01,3.339544473758128684e-01,7.304365480130958765e-01,5.798079652938501471e-01,9.010363122205382602e-01,9.299894017014035397e-01,2.844836440081069395e-01,9.205234243982050035e-01,6.477929057697469073e-01,7.550522894015433417e-01,8.946476318369538383e-01,9.592314739864650219e-01,8.407027342893380606e-01,7.797731038224544609e-01,2.660748569999931701e-01,4.685719979130178459e-01,3.791111912288218644e-01,8.961886523914714964e-01,2.130951054906145004e-01,8.148150999997323396e-01,7.119426876730301501e-01,8.740131133363353566e-01,3.702922257402705419e-01,6.528925031792798261e-01,7.193075745874516480e-01,9.959168578558184048e-01,4.777120882158654713e-01,7.185337551032252579e-01,9.399210196746350388e-01,9.239987367300659393e-01,9.960099668218864721e-01,9.393501709746026052e-01,8.984991189973332570e-01,8.109814295294345277e-01,7.621172167314198553e-01,6.674787516446157865e-01,8.671242379444206172e-01,7.447815938198116825e-01,6.383693031915758098e-01,9.279822303824323271e-01,7.731084492227909832e-01,7.536641407802628922e-01,6.135407107529347037e-01,2.331946099720559329e-01,3.764965938876666529e-01,3.349850871822301901e-01,2.066786332836163809e-01,7.207551568939608577e-01,8.321008642109640752e-01,7.314556696139511427e-01,5.832158663293876000e-01,6.271002832258351090e-01,7.276979496415338922e-01,9.234821850875745142e-01,2.471260854174049393e-01,6.093296565105569274e-01,6.456047902479662426e-01,3.490617047968179731e-01,4.725359310338386742e-01,3.627289898373980415e-01,6.634377087141558604e-01,6.298884902069229463e-01,9.732072982666372107e-01,6.519002249279464145e-01,4.336063858694643725e-01,7.843716279086226928e-01,5.189945046047598209e-01,3.267288401187259939e-01,9.486430181726297484e-01,6.776865039281971814e-01,4.418707494477178144e-01
6.519445001686066110e-01,8.814525349749849914e-01,9.536837303085008433e-01,6.123393958699467898e-01,7.622909672732192110e-01,0.000000000000000000e+00,5.115084326615624288e-01,2.852660662365144040e-01,6.179757672149066572e-01,8.862551521279455891e-01,7.550424378532717418e-01,4.719686974609756946e-01,4.483098756984038591e-01,8.025087357873101901e-01,7.024772694845473620e-01,6.441218877617689298e-01,7.366394651177778918e-01,9.751632901883322546e-01,6.146469921845695294e-01,5.678591070940627317e-01,3.819155890178275170e-01,6.020224083732986786e-01,9.772350429889582468e-01,9.755874613958844810e-01,5.171435805291398902e-01,6.122174799243740306e-01,5.848471043966575467e-01,6.361999101724018502e-01,6.545464315205494765e-01,4.293905538949946976e-01,1.235665113624159900e-01,9.725732821641179804e-01,4.336040251681980151e-01,7.598332259376459064e-01,9.263412607939999210e-01,5.761195706620900747e-01,5.806966658690966288e-01,8.005185618490883170e-01,7.974711449863586266e-01,3.744994271046967471e-01,6.045991133030861331e-01,4.790840642782397407e-01,8.106110733781540789e-01,8.872869919492972768e-01,2.823303119650895088e-01,9.883268990650393437e-01,8.282098000808579830e-01,5.584756407805345768e-01,9.754134784528059043e-01,7.109776367153185506e-01,6.436200782844427870e-01,7.369057574107567010e-01,2.756204631403522676e-01,6.660269767076685277e-01,9.847854475413777564e-01,6.217581440585080443e-01,7.124435238086108679e-01,2.634334413502845834e-02,9.724798296420475996e-01,5.812228596291594274e-01,3.616783131575841415e-01,5.773064656152480101e-01,6.386025999173683410e-01,8.529662105810500439e-01,9.560804611534045039e-01,7.351129234840796389e-01,6.070511827795851412e-01,7.015524542565328980e-01,7.340504898457000937e-01,6.196374021255072195e-01,6.738437492467936885e-01,7.478753939056587141e-01,-5.160493453557477017e-02,8.739076018960397763e-01,1.392185854206734741e-01,6.522780568142210189e-01,8.820633603714003179e-01,5.427930524967402581e-01,3.273603655257750766e-01,5.733202718173062706e-01,2.289794060891378880e-01,7.888597000396520009e-01,3.344267729529900035e-01,6.962850048049320506e-01,5.512254996740839630e-01
9.905485441712671424e-01,2.435713405642595808e-01,8.230068079040511186e-01,5.663173873445357387e-01,4.487024557184738360e-01,5.115084326615624288e-01,0.000000000000000000e+00,4.678065743598369686e-01,6.892781717322720159e-01,4.905088909212449999e-01,3.367942201002152025e-01,8.779357896745982881e-01,4.649054833690411948e-01,5.907967275304510935e-01,4.299291624985299154e-01,6.250379396433466406e-01,4.171796422301444207e-01,7.090347046044506163e-01,2.068999997800976820e-01,4.536153122632443080e-01,6.883010422274324913e-01,9.247918779725946559e-01,9.082267168727590212e-01,8.315291708965451001e-01,5.162281366928973547e-01,9.474086142374703590e-01,6.328020167989821809e-01,7.001864746830309683e-01,4.503743724267903481e-01,6.531059637621455805e-01,3.117406222620811018e-01,5.355666749690215500e-01,6.548060228453794762e-01,7.148158330868126242e-02,5.013774377230340029e-01,3.240650432840565531e-01,3.287954362754049731e-01,2.105316338269109522e-01,1.653454182615419210e-01,5.829228248474161989e-01,6.954412753091994137e-01,5.894669825579570421e-01,9.222749372715174365e-01,4.747850598068134031e-01,8.009171187165288197e-01,5.102588221230678345e-01,6.003422680533022637e-01,4.054506125771452640e-01,8.414912826770248877e-01,7.589284923019720130e-01,5.501249135257082479e-01,2.688644532236449392e-01,9.101585655647511652e-01,6.292179710419849581e-01,8.092887656783098738e-01,9.903473827625879355e-01,7.034476593036456116e-01,1.401026530582908658e-01,9.858887096816103535e-01,3.981964763676678065e-01,2.069613364454422899e-01,4.881527717996635984e-01,4.946136536796050948e-02,9.783433510584271797e-01,5.091069814641475677e-01,7.047376509723323190e-01,5.986668994173141023e-01,8.200489253432108328e-01,7.804901729263231669e-01,5.301053142760925319e-01,6.074056652840470472e-01,1.416526162616033868e-01,4.173301280366883970e-01,-9.816297960187571336e-02,9.193564652949757221e-01,6.324502087808386852e-01,7.956799280550601594e-01,2.647992921429551672e-01,3.704880323692978372e-01,3.023237944559218904e-01,5.163456584246673975e-01,9.470767321996339527e-01,7.623137876566857818e-01,2.145410984801524035e-01,2.601514624600860803e-01
6.925920337539902549e-01,9.347965396372458491e-01,9.900339137493012753e-01,7.358001298548987323e-01,6.773846906638278931e-01,2.852660662365144040e-01,4.678065743598369686e-01,0.000000000000000000e+00,7.512587141496722687e-01,2.901104751738616816e-01,4.521239133949738198e-01,8.902670345371842542e-01,7.018690920878120076e-01,7.976750503639773449e-01,8.543016241898209184e-01,4.711448308462436452e-01,6.193013067461337062e-01,4.711766670739073182e-01,4.806932566636006321e-01,8.016814427147118671e-01,7.939706840083053940e-01,6.982000322194831243e-01,7.900203351049047695e-01,8.558207833781859009e-01,6.729315256243212362e-01,9.549842814053743911e-01,5.068172005028407368e-01,7.135394243142237913e-01,6.408741657999187380e-01,4.841542955253455016e-01,3.523212630654689592e-01,8.921112350933581014e-01,4.146177251734871616e-01,5.307159269054684270e-01,6.178737449710233198e-01,6.546083961403851292e-01,3.646510157913523953e-01,6.617656591710430842e-04,4.372520332617664263e-01,6.371568509801729396e-01,3.015640020191332482e-01,7.800949959078220530e-01,9.702959095500991449e-01,3.423459640258184056e-01,9.264864467504786427e-01,8.475147004732418443e-01,4.668348271928285942e-01,7.320639733564507923e-01,4.382057359770256677e-01,3.195488411345126512e-01,8.857936952698973743e-01,3.606979754732336785e-01,6.015604357610244701e-01,7.409704684379685435e-01,6.823660568518974401e-01,9.103199154608528909e-01,7.630104287904336813e-01,6.346635183480817677e-01,7.501916759185650596e-01,5.888849267295932499e-01,7.107667170017385461e-01,8.696502408660616856e-01,7.184010071815117859e-01,8.413368384095053498e-01,9.066014222673262068e-01,7.785240464544277428e-01,4.942045921170443168e-01,9.963768520781492999e-01,8.208660864135705060e-01,6.504179060332077045e-01,7.678064611271511186e-01,6.227100364745722372e-01,5.329800557047170706e-01,7.425236630672675808e-01,4.173109889438297859e-01,9.415638731561839503e-01,6.888050314685527642e-01,7.323757927157048542e-01,3.297546369673162170e-01,3.141458237973838163e-01,3.758591198689943402e-01,5.626756430801566067e-01,3.845181757730045113e-01,7.212665823524437858e-01,5.190420564052659058e-01
7.166196699156687222e-01,3.286273203956187050e-01,9.354783227630507625e-01,6.367394086960794786e-01,1.530447400811082437e-01,6.179757672149066572e-01,6.892781717322720159e-01,7.512587141496722687e-01,0.000000000000000000e+00,2.303686651084786707e-01,3.229042785244104485e-01,8.808679807692167962e-01,5.257571319826974676e-01,2.563915679667387870e-01,7.794828992545040913e-01,5.517818679646597779e-01,6.542323578019241248e-01,7.202104447236874485e-01,4.590026919226488644e-01,8.366536769523320594e-01,9.419668353438512831e-01,8.358861415543533679e-01,7.000449889915327795e-01,9.125948284387334075e-01,7.289890884963043938e-01,4.423825328617995711e-01,1.755413259622734812e-01,9.909590810247763670e-01,9.230426927550141603e-01,7.111108864622169845e-01,2.515243141349591260e-01,6.517194304886457790e-01,4.841963681878004300e-01,5.105610138916040208e-01,9.997879209686215685e-01,3.181038436645484691e-01,4.056754212897045742e-01,6.342663939469932455e-01,9.221724240193812649e-01,6.604801232037051939e-01,4.663167667467311150e-01,6.109076964004084287e-01,8.882794988389773883e-01,7.763009082577069231e-01,6.982432949496876207e-01,9.255340066238695318e-01,9.663731035869906894e-01,4.547334888833660105e-01,7.398987225311111082e-01,9.961845825470505567e-01,8.737984962273609435e-01,7.738001373295664287e-01,7.282180751682940656e-01,9.808998312458583335e-01,8.531456380718769328e-01,9.180563814145512591e-01,1.808581510154838035e-01,-1.692332486631598076e-02,9.919505784899116385e-01,4.396241132260031992e-01,2.899030533844745849e-01,4.436389299139455455e-01,4.420563840753237161e-01,9.045651169925890134e-01,6.377051291816568934e-01,7.548077326262269127e-01,8.995636950403677057e-01,4.696963229693436048e-01,6.264371326368393111e-01,3.286594075680637772e-01,5.937217530554346201e-01,9.139288506699472237e-01,5.794998335846857085e-01,4.786084302984280892e-01,2.940616429587804559e-01,7.824344967031986453e-01,3.862092123554092815e-01,6.951915586942644110e-01,3.771795827098592957e-01,4.384534669855113531e-01,9.793251206542676890e-01,5.385349112860036147e-01,7.337520561436987609e-01,6.711810796204482621e-01,7.995622764406917771e-01
8.090586157621668661e-01,7.067997354514120589e-01,6.635793634733705426e-01,9.496918011799121428e-01,7.343025617832642515e-01,8.862551521279455891e-01,4.905088909212449999e-01,2.901104751738616816e-01,2.303686651084786707e-01,0.000000000000000000e+00,6.346927428455957365e-01,6.361848005736192579e-01,4.057213650603777588e-01,9.846801759050511915e-01,8.383498783485872075e-01,6.353720966116227498e-01,7.254020212587218852e-01,7.979262570098752949e-01,5.845831493217860109e-01,8.124587987244656917e-01,4.459784966877982093e-01,9.176923566901673546e-01,9.510910180541936043e-01,9.567744148708907659e-01,8.521104877513899778e-01,8.854439404717869833e-01,8.015598066286917511e-01,7.837131510520052302e-01,5.307863697146903981e-01,7.101004435953028882e-01,4.504088578360814776e-01,-1.355875018265164100e-01,9.775539563434905155e-01,9.618091041974419220e-01,8.919142285169912032e-01,-1.865832924106637647e-01,3.138202416440233899e-01,7.092787092727306231e-01,6.516147041556947794e-01,6.025188031923850440e-01,3.064218862635737506e-01,4.582740680093306818e-01,8.046487398952256731e-01,9.203097689916142077e-01,8.478111887756412113e-01,6.315919419940639878e-01,6.236620469181518578e-01,6.237982974824404225e-01,4.007665105079146750e-01,7.894499614070873417e-01,6.854018656020278710e-01,7.291690071935033046e-01,6.357189117489867591e-01,9.466368160927547404e-01,4.476688337797534167e-01,8.399257380274213203e-01,6.901381742250055629e-01,9.550633929234970676e-01,8.618750873581914052e-01,3.270532963563114182e-01,7.794385937312615642e-01,4.959790184935475299e-01,9.626400890610022909e-01,9.098942150620400460e-01,8.303041046969287242e-01,2.114414899970454287e-01,5.927258200720844084e-01,5.029902598563987803e-01,7.836896456321130744e-01,8.009226685291390702e-01,9.451314568742295030e-01,7.626260151424727463e-01,5.932440499346604001e-01,5.433456589457967834e-01,2.433154902870159342e-01,9.539193193010969685e-01,4.836498943337106393e-01,5.467213959155649006e-01,7.714984470740456901e-01,7.849606887239986008e-01,7.191966555788109616e-01,9.143412932764222179e-01,9.659754284134178803e-01,-2.635179090923118195e-01,8.951445382650611293e-01
9.111218277142121291e-01,8.793418462582311967e-01,8.160544673969423179e-01,4.522949265275858499e-01,8.285557425174148172e-01,7.550424378532717418e-01,3.367942201002152025e-01,4.521239133949738198e-01,3.229042785244104485e-01,6.346927428455957365e-01,0.000000000000000000e+00,4.079542008576715895e-01,5.577299967122736346e-01,8.968966355613474661e-01,4.265378649983720405e-01,6.798589507990273617e-01,8.998759443042988471e-01,5.931552450717727520e-01,4.758326186456141582e-01,9.610763907198583977e-01,9.221851345276153022e-01,4.172631184642320301e-01,5.384980095188898197e-01,5.911545218419198555e-01,6.603295965385690414e-01,9.368008869065551636e-01,7.278469089333077235e-01,5.132729465402466884e-01,3.551706741687186142e-01,5.184313327251988124e-01,6.681321011252626674e-01,6.362340697447258497e-01,6.848880793804701383e-01,9.810899737933574949e-01,6.334300131394628997e-01,4.033262994214699138e-01,5.218393608064308964e-01,4.929136651684622450e-01,8.016542536317461387e-01,4.097692034110124726e-01,5.902600496318111123e-01,8.758595486912561512e-01,9.799651370741170320e-01,3.449267239739542967e-01,8.869055386240227712e-01,9.488285439403562060e-01,8.946160582059089483e-01,3.583108560112800989e-01,6.869904404977436041e-01,4.487726706499005069e-01,5.946546940230625911e-01,6.287102003006300732e-01,7.005049989550786727e-01,8.352253821167667791e-01,7.503322649257284649e-01,7.249100337783951353e-01,7.000500603059206517e-01,9.641351805046469714e-01,6.100328386929252389e-01,5.920526564818409110e-01,5.020720771340704269e-01,5.950370428193928474e-01,8.667314627870053023e-01,3.786513305669481078e-01,9.947048404397813570e-01,9.723408465494038921e-01,9.009233101679785527e-01,5.339116854526670952e-01,7.044355222369979019e-01,4.417493892705021685e-01,6.919677531472423482e-02,2.500842814183345530e-01,4.747127432808899705e-01,3.659333001984083067e-01,6.469800894138256764e-01,6.840069935596831963e-01,6.137287784844537297e-01,5.874074443069806639e-01,5.066369448787603202e-01,7.451587044823896333e-01,4.954491393640042540e-01,5.936517238828911136e-01,4.071666056501216380e-01,4.344929658120652016e-01,4.676208534990444754e-01
9.897725203312337516e-01,3.617274287252435494e-01,8.848274224879211225e-01,6.450104950573518625e-01,7.531087499784320238e-01,4.719686974609756946e-01,8.779357896745982881e-01,8.902670345371842542e-01,8.808679807692167962e-01,6.361848005736192579e-01,4.079542008576715895e-01,0.000000000000000000e+00,6.816640995014352500e-01,7.204570197373544316e-01,7.493810777552588620e-01,8.767050660932091954e-01,5.127211490303034136e-01,6.394192832493601486e-01,9.348324892161922195e-01,7.184980208425466586e-01,6.887383376379087041e-01,4.584036503462304291e-01,8.277207252525311532e-01,9.344731463138810090e-01,7.110801517743050582e-01,8.298586017474359755e-01,8.022571395650051063e-01,9.857216718129604427e-01,2.127028853873184355e-01,3.412037654625188488e-01,5.682616048446590407e-01,2.364606389038661494e-01,1.768994797989659751e-01,7.882291130266296797e-01,7.743722616730301933e-01,6.614397507462969061e-01,1.171623153691397357e-01,6.839261662576762157e-01,8.202293254132461131e-01,9.442410663860041353e-01,2.658997295850122969e-02,8.605074493687210335e-01,8.289713628112307386e-01,4.268561621869826350e-01,7.866760516337835130e-01,8.558539771994044809e-01,6.380835099641455344e-01,9.857346425765317610e-01,1.081503384941124718e-01,4.918743272808827616e-01,7.236237541593322220e-01,4.760760652565487194e-01,2.162052853372826433e-01,8.111275974057808869e-01,4.170473603868526946e-01,2.777693672916521361e-01,7.753782932867743227e-01,7.893138278509623795e-01,8.552281897440069391e-01,4.210928289127848223e-01,7.685172602380008211e-01,3.484691231601704797e-01,6.844476203871912023e-01,5.944929941355681091e-01,4.395881041858040739e-01,6.181678608011668130e-01,6.891712854474798533e-01,5.122689839824117186e-01,9.072901035164613326e-01,9.082514136386189429e-01,2.038166169946274697e-01,2.167637416788355254e-01,2.879848164654261744e-01,6.417295437717199791e-01,5.835970893751036837e-01,7.103351317154456002e-01,8.908687823784142701e-01,6.961840692254467333e-01,1.204076810954633481e-01,5.063752429308386871e-01,1.479919744487779854e-01,6.865152781761079126e-01,4.513822487567486497e-01,3.241813662885049269e-02,8.368615382864840191e-01
9.291571350510078320e-01,6.759788754299871361e-01,9.832343531295646422e-01,7.124127311012445896e-01,9.558622791152838749e-01,4.483098756984038591e-01,4.649054833690411948e-01,7.018690920878120076e-01,5.257571319826974676e-01,4.057213650603777588e-01,5.577299967122736346e-01,6.816640995014352500e-01,0.000000000000000000e+00,6.848428748462326299e-01,7.270444890136558147e-01,4.632211250232188063e-03,7.002461447363714786e-01,9.065576760965402547e-01,2.923766076135473901e-01,5.533196045069062041e-01,9.239158139452703367e-01,4.742495787325885503e-01,8.584401085184198976e-01,8.398844339433347850e-01,7.594870048201199930e-01,6.278513275654497017e-01,8.143516145575951937e-01,9.227871157471805308e-01,6.796822882374021768e-01,4.453934814436590339e-01,1.593916598245947169e-01,7.374555697178245550e-01,6.377737395149901678e-01,8.654284749710403624e-01,9.053426319962051272e-01,7.583104521051251545e-01,2.325137737113463499e-01,9.608605429696809308e-01,6.687472824099600643e-01,5.039102761161544652e-01,-1.062697428494794316e-01,6.768002602628032660e-01,6.163553063540385679e-01,7.140675986436541001e-01,9.730001994284598332e-01,7.688091345611961502e-01,8.615383416018655982e-01,8.471788857786157756e-01,6.550669166492877338e-01,9.324663083385494877e-01,6.971737483833139182e-01,9.943942007713086895e-01,8.191781464661977985e-01,6.373116171765813576e-01,9.958401231599860459e-01,9.233366654003321017e-01,5.329889648969639016e-01,8.555469084614359954e-01,7.501490879471356399e-01,5.990745802293420130e-01,3.450490997644825031e-01,9.390571257518656179e-01,8.832220650545669072e-01,9.957926157425924796e-01,6.468861192275792149e-01,2.665963436327631886e-01,8.355750445510439217e-01,8.649820163775761017e-01,7.406658266574095428e-01,7.122691615689634714e-01,7.677314144881988156e-01,6.587321888520918378e-01,4.923599825518788498e-01,4.367996219372451971e-01,4.714796534223570368e-01,9.452599954068326982e-01,9.331544693835868154e-01,9.993345049432302840e-01,3.229097154289231053e-01,2.081086301312767284e-01,7.961065840446419628e-01,8.255867148293291047e-01,6.597945998244288957e-01,3.428410081168633550e-01,7.724282057211140362e-01
8.617755297112483781e-01,8.833243474401368811e-01,7.246089474159922439e-01,7.079686248266868764e-01,9.314856773753898977e-02,8.025087357873101901e-01,5.907967275304510935e-01,7.976750503639773449e-01,2.563915679667387870e-01,9.846801759050511915e-01,8.968966355613474661e-01,7.204570197373544316e-01,6.848428748462326299e-01,0.000000000000000000e+00,5.672564217671267617e-01,9.793554369313848262e-01,4.730774492512737073e-01,7.763569075052912938e-01,9.716875055845117792e-01,9.956665420695416380e-01,6.474044013365950478e-01,9.455908065595788337e-01,9.074701521559539463e-01,6.766144872309860503e-01,3.404142085036633292e-01,4.143721204138571812e-01,9.814287064856177523e-01,4.739254875287861601e-01,6.631068129766701791e-01,1.648120589620103438e-01,9.009825518115797960e-02,3.801685392382964102e-01,8.121300656338514834e-01,9.748473464688102164e-01,8.026395363436393815e-01,1.798812076149876593e-01,2.829999337367572476e-01,8.857105036113313012e-01,6.426489158125721080e-01,6.336456976094327898e-01,4.748445756215551317e-01,6.669707077562944120e-01,7.520912485113881996e-01,3.225461813785663878e-01,7.570874942984792133e-01,6.907231622142638860e-01,8.142178206523220663e-01,9.766751605528554148e-01,3.011633725711556631e-01,5.977648872416974068e-01,7.408141285784316521e-01,5.537165182722532109e-01,7.526787501020705262e-01,6.289925698004499299e-01,8.179923202859886722e-01,8.526322288019869688e-01,7.577557474919931479e-01,3.934689329716886119e-01,3.708872407311536445e-01,6.820049144495029525e-01,6.388126422642227409e-01,7.918324230401982966e-01,5.925720105764715750e-01,9.046582844944471846e-01,8.029719048861949648e-01,9.791962018321761496e-01,4.888114042863057063e-01,6.626756716825372706e-01,5.123572170737518139e-01,5.082980203381153306e-01,4.715994044278186137e-01,7.176190829662403292e-01,5.181556391278703266e-01,2.244990312689492673e-01,8.040213189209749478e-01,6.745539649010585670e-01,8.354444493670865057e-01,7.165484407015791923e-01,-1.310628768923189635e-01,6.750956843826241283e-01,8.507889147711638067e-01,5.184076575066102199e-01,7.174029179710862403e-01,7.555406008008723751e-01,8.372218381728974146e-01
5.890446459080955766e-01,3.476257160888950315e-01,8.455819074903339061e-01,8.195222132210883137e-01,6.874278664413077111e-01,7.024772694845473620e-01,4.299291624985299154e-01,8.543016241898209184e-01,7.794828992545040913e-01,8.383498783485872075e-01,4.265378649983720405e-01,7.493810777552588620e-01,7.270444890136558147e-01,5.672564217671267617e-01,0.000000000000000000e+00,6.119771024432918427e-01,8.548286988706035316e-01,6.860694505487541228e-01,9.960741963358226148e-01,6.239009834575094393e-01,7.909848386062408032e-01,9.309450814130245666e-01,5.733756163562560015e-01,8.236039909709359508e-01,2.511793537350738847e-01,8.578475553198874337e-01,8.060541063628626768e-01,7.894273214611762235e-01,6.582178912204921239e-01,5.297356989179103914e-01,5.534882224488162361e-01,5.423981589153336058e-01,6.121493140513484255e-01,7.995345967191618275e-01,7.766234897121571112e-01,3.183701224637551230e-01,4.258571525167038629e-01,7.560347251514796252e-01,6.709246551252086022e-01,5.853212392097824068e-01,6.240794428972136210e-01,5.983508420345017287e-01,9.596966504610634496e-01,6.287597483879533433e-01,5.518336616797840932e-01,7.724310692958580304e-01,4.146161101994855214e-01,7.544824217272450007e-01,7.185078557582025294e-01,4.994361678628556622e-01,6.014090159206629815e-01,8.344718352800509775e-01,4.252060509800179022e-01,7.322670584480652778e-01,4.468077683128027777e-01,8.444900630130627306e-01,5.458943023883878753e-01,5.255845148569372460e-01,4.854902611523365663e-01,3.320651450873189914e-01,8.895620681842331123e-01,-5.739085036766874981e-02,4.464785918636619000e-01,6.499803810027200424e-01,8.272562689451092854e-01,4.236719905576328826e-01,4.963720024249080875e-01,7.386930938370090960e-01,7.066802835963922336e-01,5.442402408836620742e-01,8.997723895000336869e-01,2.396859049915745499e-01,7.929573080268474961e-01,4.628967463693811069e-01,3.096999036285202900e-01,8.796223213739268187e-01,9.532024209599195830e-01,6.175667464494758452e-01,3.951974662210096523e-01,3.481670347130312315e-01,6.922457117548571626e-01,6.688737568388922750e-01,4.812104470397488010e-01,3.677228886253516293e-01,4.314177892872623765e-01
8.615013162952327441e-01,6.143806743417513649e-01,9.451618619630983709e-01,7.487880484036397721e-01,3.339544473758128684e-01,6.441218877617689298e-01,6.250379396433466406e-01,4.711448308462436452e-01,5.517818679646597779e-01,6.353720966116227498e-01,6.798589507990273617e-01,8.767050660932091954e-01,4.632211250232188063e-03,9.793554369313848262e-01,6.119771024432918427e-01,0.000000000000000000e+00,7.598868011639565712e-01,3.806139015788202462e-01,7.191697116341795315e-01,9.767265678179439803e-01,7.331480351146018037e-01,4.994936377719645937e-01,6.831397049707664815e-01,9.841337659223950984e-01,5.362469180217755982e-01,7.276958921701084382e-01,4.493189144465517537e-01,-3.523059164210377014e-01,7.061603926221896588e-01,5.716988220124891162e-01,4.374416219857474308e-01,5.520047174398392542e-01,6.277400764528634491e-01,8.683841191331772569e-01,2.873633866649246693e-01,5.435688808607975764e-01,4.605698449602519950e-01,7.381968771153751829e-01,6.211180892231792372e-01,6.786025223241232140e-01,5.334262654526986669e-01,6.483701286363805494e-01,6.976502978174653480e-01,7.802405174141709976e-01,7.189694437931046789e-01,8.651519044801135871e-01,7.222625841271033131e-01,7.225227510649379070e-01,3.153463693521968425e-01,4.614966250873051012e-01,-3.684526296497302456e-01,4.909812657454196705e-01,6.913975634688394045e-01,6.847899801330674663e-01,5.066509255483635510e-01,6.354535753692693856e-01,6.633744191292068049e-01,5.294663559551988641e-01,6.477649211739873181e-01,5.436061256892126270e-01,5.669243144100365450e-01,3.447848557694129235e-01,9.615111720545960194e-01,7.669926195900319543e-01,9.062164519697225584e-01,4.717043957415983230e-02,6.987712266040210229e-01,9.325236589443240964e-01,3.522619440458784057e-01,9.858366432061926865e-01,9.674965745470947009e-01,9.059292803349439094e-01,5.369336624346795483e-01,1.922173557296980159e-03,7.071678325072489057e-01,5.544507589534641845e-02,6.530683974905167055e-01,6.840982943304987351e-01,6.229148766220310440e-01,2.032016229764108811e-02,2.609379288322460910e-01,8.979612694498364522e-01,5.391596669374925099e-01,3.686062350243634045e-01,7.859239540383956557e-01
5.441368771258213721e-01,8.174148232351271526e-01,6.336637782813328013e-01,6.236234499058265213e-01,7.304365480130958765e-01,7.366394651177778918e-01,4.171796422301444207e-01,6.193013067461337062e-01,6.542323578019241248e-01,7.254020212587218852e-01,8.998759443042988471e-01,5.127211490303034136e-01,7.002461447363714786e-01,4.730774492512737073e-01,8.548286988706035316e-01,7.598868011639565712e-01,0.000000000000000000e+00,6.239972716154142951e-01,5.933690783934320034e-01,9.079631908308123389e-01,8.869187765380067701e-01,7.367534586451838230e-01,5.475201625785707238e-01,4.269710000342508138e-01,4.445042076676886111e-01,6.704683847533521313e-01,9.138506288226728724e-01,8.897355469562580055e-01,5.104336859648012092e-01,4.099698760124378394e-01,5.873153307139755697e-01,8.342075455440655096e-01,8.286489548604729638e-01,8.323251459793045148e-01,9.152511789771735629e-01,3.195275170545071597e-01,3.737019605460275562e-01,7.959096862581511722e-01,6.574473155931110924e-01,9.534517771707953226e-01,6.974465283036669350e-01,5.323662123234794707e-01,9.801171822692642532e-01,6.045887072284509278e-01,8.217586359153337128e-01,9.719768529012342562e-01,8.761617142886891640e-01,8.063677232298501751e-01,8.921999908383779765e-01,4.429153446615675116e-01,7.900884803314807137e-01,3.453145060520066423e-01,7.133210693986045126e-01,9.447969419401319735e-01,9.987107110243266250e-01,1.545679126552468863e-01,9.961725484932417718e-01,9.363561551467514121e-01,7.368821069251855205e-01,2.180288010508280583e-01,2.332482440254226019e-01,8.798536913163602646e-01,8.294163608011650979e-01,7.562296527857048645e-01,7.380340783392711490e-01,8.310064534545448245e-01,9.669479737328767754e-01,8.429446708253055531e-01,6.199811280173144201e-01,6.493951689583791209e-01,8.491142189732734380e-01,6.518754987003165802e-01,8.475977155630612936e-01,6.324008806747170031e-01,9.231553909876119013e-01,6.198951291913470385e-01,6.274791662030148043e-01,6.622731847347596013e-01,4.646886695413885437e-01,4.759758501282067011e-01,6.085491201630517377e-01,6.553809730209476658e-01,4.033168562042531713e-01,3.328647990617754626e-01,9.278946221611058531e-01
8.443148948703280698e-01,4.496541222164438523e-01,7.451303550875003623e-01,3.798723600477251772e-01,5.798079652938501471e-01,9.751632901883322546e-01,7.090347046044506163e-01,4.711766670739073182e-01,7.202104447236874485e-01,7.979262570098752949e-01,5.931552450717727520e-01,6.394192832493601486e-01,9.065576760965402547e-01,7.763569075052912938e-01,6.860694505487541228e-01,3.806139015788202462e-01,6.239972716154142951e-01,0.000000000000000000e+00,5.230830442288659787e-01,9.290397827294722966e-01,4.671429273820238426e-01,3.050309083049994596e-01,7.014376073811608991e-01,6.091113372107569424e-01,6.691848667705175835e-01,2.746500300535629213e-01,7.158377969418521225e-01,5.752985227321585349e-01,7.135515431510096596e-01,3.520410341921294262e-02,7.558129276876146552e-01,2.966229193681561571e-01,4.831618765927468973e-01,5.648825423099269605e-01,6.944125535100411639e-01,4.933845018617303291e-01,-1.255418844683614532e-01,6.394210285911171576e-01,-2.501817428135100219e-02,8.510002493241726196e-01,1.267187428653900605e-01,9.122098216043316166e-01,9.089646132830092595e-01,8.095192224413924054e-01,6.169607797612436384e-01,8.911308329253564420e-01,5.518253076995134343e-01,4.931319778548370891e-01,8.109127152536959038e-01,8.631621514331194733e-01,6.639674569336244669e-01,7.306075781665656299e-01,7.164668690832780573e-01,7.402587616757952960e-01,7.678056240841739655e-01,7.287905518973060159e-01,4.013633399983309591e-01,5.376556652121035063e-01,5.285976298152639252e-01,4.100562111056856862e-01,5.011946554377582075e-01,7.842019583928695470e-01,4.616122075408131131e-01,8.624519494973419409e-01,4.265044070717068925e-01,7.395957926959977335e-01,7.640541340695877759e-01,6.093784013175767011e-01,8.245542173461036795e-01,2.060664864665745777e-01,9.319670830516805227e-01,7.099839431704619841e-01,5.643282031797441228e-02,7.273236009806121061e-01,3.490999376673253884e-01,9.230422053332563159e-01,4.724275299244409809e-02,7.238869498344664422e-01,4.869297336075448235e-01,4.930823863916691807e-02,5.143675778507539320e-01,6.723404800584460439e-01,7.495328859486789508e-01,6.536905471190221917e-01,2.242319913525749608e-01
